Pos-Processados/process_op41/operantar41_011.ros
* Sea-Bird SBE 9 Data File:
* FileName = C:\Users\Dell\Desktop\OperantarXLI\config\00_BRUTOS\OPE41011.hdr
* Software Version Seasave V 7.26.7.110
* Temperature SN = 6497
* Conductivity SN = 4954
* Number of Bytes Per Scan = 31
* Number of Voltage Words = 2
* Number of Scans Averaged by the Deck Unit = 1
* NMEA Latitude = 43 40.98 S
* NMEA Longitude = 051 55.50 W
* NMEA UTC (Time) = Oct 23 2022 13:12:50
* NMEA baud rate = 4800
** H41
** Navio Polar Almirante Maximiano
** LH-021/2022
** Operantar XLI
** Número da Estação 011
** Latitude 43 40.933' S
** Longitude 51 55.205' W
** Data/Hora (Z) 23/10/2022 1313Z
** Profundidade local 5694 m
** 09-1439
** Nome do Operador 1T FILIPE LOPES
# nquan = 24
# nvalues = 1368                                  
# units = specified
# name 0 = scan: Scan Count
# name 1 = timeJ: Julian Days
# name 2 = latitude: Latitude [deg]
# name 3 = longitude: Longitude [deg]
# name 4 = dz/dtM: Descent Rate [m/s]
# name 5 = avgsvCM: Average Sound Velocity [Chen-Millero, m/s]
# name 6 = prDM: Pressure, Digiquartz [db]
# name 7 = depSM: Depth [salt water, m]
# name 8 = t090C: Temperature [ITS-90, deg C]
# name 9 = t190C: Temperature, 2 [ITS-90, deg C]
# name 10 = T2-T190C: Temperature Difference, 2 - 1 [ITS-90, deg C]
# name 11 = potemp090C: Potential Temperature [ITS-90, deg C]
# name 12 = potemp190C: Potential Temperature, 2 [ITS-90, deg C]
# name 13 = potemp90Cdiff: Potential Temperature, Diff, 2 - 1 [ITS-90, deg C]
# name 14 = c0S/m: Conductivity [S/m]
# name 15 = c1S/m: Conductivity, 2 [S/m]
# name 16 = C2-C1S/m: Conductivity Difference, 2 - 1 [S/m]
# name 17 = sal00: Salinity, Practical [PSU]
# name 18 = sal11: Salinity, Practical, 2 [PSU]
# name 19 = sbeox0ML/L: Oxygen, SBE 43 [ml/l]
# name 20 = sigma-é00: Density [sigma-theta, kg/m^3]
# name 21 = sigma-é11: Density, 2 [sigma-theta, kg/m^3]
# name 22 = nbf: Bottles Fired
# name 23 = flag:  0.000e+00
# interval = seconds: 0.0416667
# start_time = Oct 23 2022 13:12:50 [NMEA time, header]
# bad_flag = -9.990e-29
*END*
[from data line 1208]
      11493 296.556121  -43.68382  -51.92574     -0.024    1505.81      2.679      2.658    14.3339    14.3337    -0.0002    14.3335    14.3333    -0.0002   4.287326   4.287250  -0.000076    35.5639    35.5633     5.4799    26.5520    26.5516         24  0.000e+00
      11494 296.556121  -43.68382  -51.92574     -0.019    1505.81      2.679      2.658    14.3340    14.3339    -0.0001    14.3336    14.3335    -0.0001   4.287293   4.287257  -0.000036    35.5635    35.5633     5.4770    26.5517    26.5515         24  0.000e+00
      11495 296.556122  -43.68382  -51.92574     -0.018    1505.81      2.679      2.658    14.3339    14.3339    -0.0000    14.3335    14.3335    -0.0000   4.287339   4.287257  -0.000082    35.5640    35.5633     5.4814    26.5521    26.5515         24  0.000e+00
      11496 296.556122  -43.68382  -51.92574     -0.014    1505.81      2.736      2.714    14.3338    14.3342     0.0004    14.3334    14.3338     0.0004   4.287313   4.287277  -0.000036    35.5638    35.5631     5.4825    26.5520    26.5513         24  0.000e+00
      11497 296.556123  -43.68382  -51.92574     -0.009    1505.81      2.679      2.658    14.3337    14.3339     0.0002    14.3333    14.3335     0.0002   4.287286   4.287291   0.000004    35.5637    35.5636     5.4832    26.5519    26.5518         24  0.000e+00
      11498 296.556123  -43.68382  -51.92574     -0.008    1505.81      2.687      2.666    14.3340    14.3340     0.0000    14.3336    14.3336     0.0000   4.287313   4.287277  -0.000036    35.5637    35.5633     5.4835    26.5518    26.5515         24  0.000e+00
      11499 296.556124  -43.68382  -51.92574     -0.006    1505.81      2.679      2.658    14.3339    14.3342     0.0003    14.3335    14.3338     0.0003   4.287346   4.287311  -0.000035    35.5641    35.5635     5.4842    26.5521    26.5516         24  0.000e+00
      11500 296.556124  -43.68382  -51.92574     -0.004    1505.81      2.679      2.658    14.3340    14.3342     0.0002    14.3336    14.3338     0.0002   4.287366   4.287324  -0.000042    35.5642    35.5635     5.4849    26.5522    26.5517         24  0.000e+00
      11501 296.556125  -43.68382  -51.92574     -0.003    1505.81      2.679      2.658    14.3341    14.3344     0.0003    14.3337    14.3340     0.0003   4.287333   4.287270  -0.000062    35.5638    35.5629     5.4891    26.5519    26.5511         24  0.000e+00
      11502 296.556125  -43.68382  -51.92574     -0.004    1505.81      2.679      2.658    14.3345    14.3344    -0.0001    14.3341    14.3340    -0.0001   4.287346   4.287338  -0.000008    35.5635    35.5635     5.4857    26.5516    26.5516         24  0.000e+00
      11503 296.556126  -43.68382  -51.92574      0.001    1505.81      2.735      2.714    14.3341    14.3342     0.0001    14.3337    14.3338     0.0001   4.287359   4.287331  -0.000028    35.5640    35.5636     5.4907    26.5520    26.5517         24  0.000e+00
      11504 296.556126  -43.68382  -51.92574     -0.001    1505.81      2.615      2.594    14.3341    14.3346     0.0004    14.3337    14.3342     0.0004   4.287313   4.287344   0.000032    35.5636    35.5635     5.4915    26.5517    26.5515         24  0.000e+00
      11505 296.556127  -43.68382  -51.92574      0.001    1505.81      2.735      2.714    14.3339    14.3346     0.0007    14.3335    14.3342     0.0007   4.287286   4.287358   0.000072    35.5635    35.5635     5.4882    26.5517    26.5516         24  0.000e+00
      11506 296.556127  -43.68382  -51.92574      0.000    1505.81      2.679      2.658    14.3334    14.3349     0.0015    14.3330    14.3345     0.0015   4.287260   4.287365   0.000105    35.5637    35.5633     5.4883    26.5520    26.5513         24  0.000e+00
      11507 296.556128  -43.68382  -51.92574     -0.005    1505.81      2.615      2.594    14.3330    14.3347     0.0017    14.3326    14.3343     0.0017   4.287193   4.287304   0.000111    35.5635    35.5630     5.4892    26.5519    26.5511         24  0.000e+00
      11508 296.556128  -43.68382  -51.92574      0.000    1505.81      2.735      2.714    14.3323    14.3342     0.0019    14.3319    14.3338     0.0019   4.287180   4.287291   0.000110    35.5639    35.5632     5.4902    26.5524    26.5514         24  0.000e+00
      11509 296.556128  -43.68382  -51.92574     -0.001    1505.81      2.615      2.594    14.3321    14.3342     0.0021    14.3317    14.3338     0.0021   4.287147   4.287290   0.000144    35.5639    35.5633     5.4902    26.5524    26.5515         24  0.000e+00
      11510 296.556129  -43.68382  -51.92574     -0.002    1505.81      2.679      2.658    14.3317    14.3341     0.0024    14.3313    14.3337     0.0024   4.287114   4.287223   0.000109    35.5639    35.5628     5.4944    26.5525    26.5511         24  0.000e+00
      11511 296.556129  -43.68382  -51.92574     -0.003    1505.81      2.679      2.658    14.3318    14.3339     0.0021    14.3314    14.3335     0.0021   4.287107   4.287129   0.000022    35.5638    35.5621     5.4948    26.5524    26.5506         24  0.000e+00
      11512 296.556130  -43.68382  -51.92574     -0.004    1505.81      2.679      2.658    14.3317    14.3336     0.0019    14.3313    14.3332     0.0019   4.287167   4.287109  -0.000058    35.5644    35.5622     5.4951    26.5529    26.5507         24  0.000e+00
      11513 296.556130  -43.68382  -51.92574     -0.005    1505.81      2.679      2.658    14.3318    14.3333     0.0015    14.3314    14.3329     0.0015   4.287127   4.287129   0.000002    35.5640    35.5626     5.4951    26.5525    26.5511         24  0.000e+00
      11514 296.556131  -43.68382  -51.92574     -0.006    1505.81      2.615      2.594    14.3320    14.3329     0.0009    14.3316    14.3325     0.0009   4.287127   4.287082  -0.000045    35.5638    35.5626     5.4952    26.5523    26.5512         24  0.000e+00
      11515 296.556131  -43.68382  -51.92574     -0.011    1505.81      2.679      2.658    14.3320    14.3326     0.0007    14.3316    14.3323     0.0007   4.287140   4.287055  -0.000085    35.5639    35.5625     5.4955    26.5524    26.5512         24  0.000e+00
      11516 296.556132  -43.68382  -51.92574     -0.008    1505.81      2.679      2.658    14.3319    14.3325     0.0006    14.3315    14.3321     0.0006   4.287120   4.287095  -0.000025    35.5638    35.5630     5.4917    26.5524    26.5516         24  0.000e+00
      11517 296.556132  -43.68382  -51.92574     -0.012    1505.81      2.615      2.594    14.3320    14.3325     0.0005    14.3316    14.3321     0.0005   4.287160   4.287075  -0.000085    35.5641    35.5628     5.4914    26.5526    26.5515         24  0.000e+00
      11518 296.556133  -43.68382  -51.92574     -0.020    1505.81      2.615      2.594    14.3319    14.3323     0.0005    14.3315    14.3319     0.0005   4.287147   4.287041  -0.000105    35.5641    35.5627     5.4915    26.5526    26.5514         24  0.000e+00
      11519 296.556133  -43.68382  -51.92574     -0.020    1505.81      2.679      2.657    14.3320    14.3320    -0.0000    14.3316    14.3316    -0.0000   4.287167   4.287055  -0.000112    35.5641    35.5631     5.4916    26.5526    26.5518         24  0.000e+00
      11520 296.556134  -43.68382  -51.92574     -0.021    1505.81      2.679      2.657    14.3321    14.3323     0.0002    14.3317    14.3319     0.0002   4.287154   4.287068  -0.000085    35.5639    35.5629     5.4910    26.5524    26.5516         24  0.000e+00
      11521 296.556134  -43.68382  -51.92574     -0.022    1505.81      2.615      2.594    14.3322    14.3322    -0.0000    14.3318    14.3318    -0.0000   4.287167   4.287089  -0.000078    35.5640    35.5633     5.4903    26.5524    26.5519         24  0.000e+00
      11522 296.556135  -43.68382  -51.92574     -0.026    1505.81      2.615      2.594    14.3323    14.3325     0.0002    14.3319    14.3321     0.0002   4.287147   4.287102  -0.000045    35.5637    35.5631     5.4899    26.5522    26.5517         24  0.000e+00
      11523 296.556135  -43.68382  -51.92574     -0.029    1505.81      2.615      2.594    14.3323    14.3325     0.0002    14.3320    14.3321     0.0002   4.287140   4.287129  -0.000011    35.5636    35.5633     5.4895    26.5521    26.5519         24  0.000e+00
      11524 296.556136  -43.68382  -51.92574     -0.033    1505.81      2.614      2.594    14.3321    14.3325     0.0004    14.3317    14.3321     0.0004   4.287140   4.287082  -0.000058    35.5638    35.5629     5.4891    26.5523    26.5515         24  0.000e+00
      11525 296.556136  -43.68382  -51.92574     -0.036    1505.81      2.614      2.594    14.3323    14.3325     0.0002    14.3320    14.3321     0.0002   4.287140   4.287095  -0.000045    35.5636    35.5630     5.4886    26.5521    26.5516         24  0.000e+00
      11526 296.556137  -43.68382  -51.92574     -0.040    1505.81      2.614      2.594    14.3321    14.3321     0.0000    14.3317    14.3318     0.0000   4.287140   4.287075  -0.000065    35.5638    35.5632     5.4882    26.5523    26.5518         24  0.000e+00
      11527 296.556137  -43.68382  -51.92574     -0.043    1505.81      2.614      2.594    14.3322    14.3320    -0.0002    14.3318    14.3316    -0.0002   4.287167   4.287109  -0.000058    35.5640    35.5636     5.4797    26.5524    26.5522         24  0.000e+00
      11528 296.556138  -43.68382  -51.92574     -0.049    1505.81      2.558      2.538    14.3320    14.3321     0.0002    14.3316    14.3318     0.0002   4.287127   4.287082  -0.000045    35.5638    35.5633     5.4825    26.5524    26.5519         24  0.000e+00
      11529 296.556138  -43.68382  -51.92574     -0.052    1505.81      2.614      2.593    14.3320    14.3318    -0.0002    14.3316    14.3314    -0.0002   4.287107   4.286988  -0.000119    35.5636    35.5627     5.4777    26.5522    26.5515         24  0.000e+00
      11530 296.556139  -43.68382  -51.92574     -0.054    1505.81      2.566      2.546    14.3320    14.3320    -0.0000    14.3316    14.3316    -0.0000   4.287127   4.287015  -0.000112    35.5638    35.5628     5.4764    26.5524    26.5516         24  0.000e+00
      11531 296.556139  -43.68382  -51.92574     -0.056    1505.81      2.614      2.593    14.3322    14.3317    -0.0005    14.3318    14.3313    -0.0005   4.287114   4.287035  -0.000079    35.5635    35.5632     5.4828    26.5520    26.5520         24  0.000e+00
      11532 296.556140  -43.68382  -51.92574     -0.061    1505.81      2.558      2.538    14.3319    14.3318    -0.0000    14.3315    14.3315    -0.0000   4.287107   4.287055  -0.000052    35.5638    35.5633     5.4783    26.5523    26.5520         24  0.000e+00
      11533 296.556140  -43.68382  -51.92574     -0.063    1505.81      2.558      2.538    14.3320    14.3318    -0.0001    14.3316    14.3315    -0.0001   4.287134   4.287055  -0.000079    35.5639    35.5633     5.4733    26.5524    26.5520         24  0.000e+00
      11534 296.556141  -43.68382  -51.92574     -0.067    1505.81      2.558      2.538    14.3317    14.3318     0.0001    14.3313    14.3315     0.0001   4.287081   4.287095   0.000015    35.5637    35.5637     5.4728    26.5523    26.5523         24  0.000e+00
      11535 296.556141  -43.68382  -51.92574     -0.072    1505.81      2.558      2.538    14.3320    14.3318    -0.0001    14.3316    14.3315    -0.0001   4.287094   4.287075  -0.000019    35.5635    35.5635     5.4796    26.5521    26.5521         24  0.000e+00
      11536 296.556141  -43.68382  -51.92574     -0.072    1505.81      2.558      2.538    14.3315    14.3318     0.0003    14.3311    14.3315     0.0003   4.287107   4.287008  -0.000099    35.5641    35.5629     5.4750    26.5527    26.5517         24  0.000e+00
      11537 296.556142  -43.68382  -51.92574     -0.076    1505.81      2.558      2.538    14.3316    14.3317     0.0000    14.3313    14.3313     0.0000   4.287047   4.287048 8.4656e-07    35.5634    35.5634     5.4701    26.5521    26.5521         24  0.000e+00
      11538 296.556142  -43.68382  -51.92574     -0.079    1505.81      2.558      2.538    14.3314    14.3320     0.0006    14.3310    14.3316     0.0006   4.287054   4.287089   0.000035    35.5637    35.5635     5.4736    26.5524    26.5521         24  0.000e+00
      11539 296.556143  -43.68382  -51.92574     -0.082    1505.81      2.494      2.474    14.3315    14.3318     0.0004    14.3311    14.3315     0.0004   4.287067   4.287102   0.000035    35.5638    35.5638     5.4729    26.5524    26.5523         24  0.000e+00
      11540 296.556143  -43.68384  -51.92574     -0.085    1505.81      2.494      2.474    14.3312    14.3320     0.0008    14.3308    14.3316     0.0008   4.287100   4.287021  -0.000079    35.5644    35.5629     5.4688    26.5529    26.5516         24  0.000e+00
      11541 296.556144  -43.68384  -51.92574     -0.087    1505.81      2.558      2.537    14.3315    14.3318     0.0004    14.3311    14.3315     0.0004   4.287047   4.287048 8.4206e-07    35.5636    35.5632     5.4679    26.5523    26.5519         24  0.000e+00
      11542 296.556144  -43.68384  -51.92574     -0.088    1505.81      2.558      2.537    14.3315    14.3323     0.0008    14.3311    14.3320     0.0008   4.287054   4.287068   0.000014    35.5636    35.5630     5.4754    26.5523    26.5516         24  0.000e+00
      11543 296.556145  -43.68384  -51.92574     -0.093    1505.81      2.494      2.474    14.3315    14.3322     0.0007    14.3311    14.3318     0.0007   4.287067   4.287041  -0.000026    35.5638    35.5629     5.4672    26.5524    26.5516         24  0.000e+00
      11544 296.556145  -43.68384  -51.92574     -0.098    1505.81      2.494      2.474    14.3315    14.3321     0.0006    14.3311    14.3318     0.0006   4.287047   4.287075   0.000028    35.5636    35.5632     5.4667    26.5523    26.5519         24  0.000e+00
      11545 296.556146  -43.68384  -51.92574     -0.098    1505.81      2.494      2.474    14.3314    14.3323     0.0010    14.3310    14.3320     0.0010   4.287061   4.287048  -0.000012    35.5638    35.5628     5.4742    26.5525    26.5515         24  0.000e+00
      11546 296.556146  -43.68384  -51.92574     -0.098    1505.81      2.558      2.537    14.3315    14.3320     0.0006    14.3311    14.3316     0.0006   4.287067   4.287055  -0.000012    35.5638    35.5631     5.4705    26.5524    26.5518         24  0.000e+00
      11547 296.556147  -43.68384  -51.92574     -0.104    1505.81      2.437      2.418    14.3314    14.3320     0.0006    14.3310    14.3316     0.0006   4.287067   4.287068   0.000001    35.5639    35.5634     5.4743    26.5525    26.5520         24  0.000e+00
      11548 296.556147  -43.68384  -51.92574     -0.106    1505.81      2.493      2.474    14.3315    14.3318     0.0004    14.3311    14.3315     0.0004   4.287067   4.287068   0.000001    35.5638    35.5635     5.4746    26.5524    26.5521         24  0.000e+00
      11549 296.556148  -43.68384  -51.92574     -0.108    1505.81      2.493      2.473    14.3314    14.3320     0.0006    14.3310    14.3316     0.0006   4.287067   4.287041  -0.000026    35.5639    35.5631     5.4708    26.5525    26.5518         24  0.000e+00
      11550 296.556148  -43.68384  -51.92574     -0.110    1505.81      2.493      2.473    14.3313    14.3320     0.0007    14.3309    14.3316     0.0007   4.287094   4.287048  -0.000046    35.5642    35.5631     5.4751    26.5528    26.5518         24  0.000e+00
      11551 296.556149  -43.68384  -51.92574     -0.111    1505.81      2.493      2.473    14.3314    14.3318     0.0005    14.3310    14.3315     0.0005   4.287074   4.287095   0.000021    35.5639    35.5637     5.4714    26.5526    26.5523         24  0.000e+00
