Pos-Processados/process_op41/operantar41_003.cnv
* Sea-Bird SBE 9 Data File:
* FileName = C:\Users\Dell\Desktop\Operantar XLI\Raw\OP41003.hdr
* Software Version Seasave V 7.26.7.110
* Temperature SN = 6497
* Conductivity SN = 4954
* Number of Bytes Per Scan = 31
* Number of Voltage Words = 2
* Number of Scans Averaged by the Deck Unit = 1
* NMEA Latitude = 37 44.65 S
* NMEA Longitude = 048 37.45 W
* NMEA UTC (Time) = Oct 18 2022 02:57:07
* NMEA baud rate = 4800
** H41
** Navio Polar Almirante Maximiano
** LH-021/2022
** Operantar XLI
** Número da Estação 003
** Latitude 37ª44.632S
** Longitude 048ª37.496W
** Data/Hora (Z) 18/10/2022 0257Z
** Profundidade local 5500
** 09-1439
** Nome do Operador 1T FILIPE LOPES
# nquan = 30
# nvalues = 2029                        
# units = specified
# name 0 = scan: Scan Count
# name 1 = timeJ: Julian Days
# name 2 = latitude: Latitude [deg]
# name 3 = longitude: Longitude [deg]
# name 4 = dz/dtM: Descent Rate [m/s]
# name 5 = avgsvCM: Average Sound Velocity [Chen-Millero, m/s]
# name 6 = prDM: Pressure, Digiquartz [db]
# name 7 = depSM: Depth [salt water, m]
# name 8 = t090C: Temperature [ITS-90, deg C]
# name 9 = t190C: Temperature, 2 [ITS-90, deg C]
# name 10 = T2-T190C: Temperature Difference, 2 - 1 [ITS-90, deg C]
# name 11 = potemp090C: Potential Temperature [ITS-90, deg C]
# name 12 = potemp190C: Potential Temperature, 2 [ITS-90, deg C]
# name 13 = potemp90Cdiff: Potential Temperature, Diff, 2 - 1 [ITS-90, deg C]
# name 14 = c0S/m: Conductivity [S/m]
# name 15 = c1S/m: Conductivity, 2 [S/m]
# name 16 = C2-C1S/m: Conductivity Difference, 2 - 1 [S/m]
# name 17 = sal00: Salinity, Practical [PSU]
# name 18 = sal11: Salinity, Practical, 2 [PSU]
# name 19 = sbeox0ML/L: Oxygen, SBE 43 [ml/l]
# name 20 = sigma-é00: Density [sigma-theta, kg/m^3]
# name 21 = sigma-é11: Density, 2 [sigma-theta, kg/m^3]
# name 22 = sal00: Salinity, Practical [PSU]
# name 23 = sigma-é00: Density [sigma-theta, kg/m^3]
# name 24 = svCM: Sound Velocity [Chen-Millero, m/s]
# name 25 = svCM1: Sound Velocity, 2 [Chen-Millero, m/s]
# name 26 = gsw_ptA0: potential temperature [ITS-90, deg C]
# name 27 = gsw_densityA0: density, TEOS-10 [density, kg/m^3]
# name 28 = gsw_saA0: Absolute Salinity [g/kg]
# name 29 = flag:
# span 0 =       4712,      64521       
# span 1 = 291.125269, 291.154113       
# span 2 =  -37.74781,  -37.74434       
# span 3 =  -48.62373,  -48.61774       
# span 4 =     -2.057,      1.650       
# span 5 =       0.00,    1529.66       
# span 6 =      4.000,   1018.000       
# span 7 =      3.981,   1007.909       
# span 8 =     3.4357,    14.5218       
# span 9 =     3.4358,    14.5221       
# span 10 =    -0.1263,     0.1010      
# span 11 =     3.3635,    14.5004      
# span 12 =     3.3636,    14.5007      
# span 13 =    -0.1260,     0.1007      
# span 14 =   3.184004,   4.317189      
# span 15 =   3.184013,   4.317172      
# span 16 =  -0.013556,   0.009986      
# span 17 =    34.1464,    35.6075      
# span 18 =    34.1470,    35.6068      
# span 19 =     4.7707,     6.2812      
# span 20 =    26.3194,    27.2407      
# span 21 =    26.3188,    27.2408      
# span 22 =    34.1461,    35.6081      
# span 23 =    26.3194,    27.2407      
# span 24 =    1478.88,    1508.31      
# span 25 =    1478.88,    1508.31      
# span 26 =     3.3633,    14.5004      
# span 27 =  1026.3421,  1031.9455      
# span 28 =    34.3084,    35.7762      
# span 29 = 0.0000e+00, 0.0000e+00      
# interval = decibars: 1                
# start_time = Oct 18 2022 02:57:07 [NMEA time, header]
# bad_flag = -9.990e-29
*END*
       4712 291.125269  -37.74434  -48.62373      0.275       0.00      4.000      3.983    14.2323    14.2339     0.0015    14.2317    14.2333     0.0015   4.242030   4.242078   0.000047    35.2361    35.2351     5.8264    26.3205    26.3194    35.2358    26.3203    1504.57    1504.57    14.2318  1026.3421    35.4021 0.0000e+00
       5230 291.125519  -37.74434  -48.62363      0.527       0.00      5.000      4.994    14.2360    14.2360    -0.0000    14.2353    14.2353    -0.0000   4.242421   4.242354  -0.000063    35.2356    35.2350     5.8350    26.3194    26.3189    35.2357    26.3194    1504.60    1504.60    14.2352  1026.3457    35.4020 0.0000e+00
       5329 291.125567  -37.74434  -48.62364      0.383       0.00      6.000      5.956    14.2360    14.2363     0.0003    14.2351    14.2354     0.0003   4.242479   4.242434  -0.000045    35.2358    35.2351     5.8223    26.3196    26.3190    35.2358    26.3196    1504.61    1504.61    14.2351  1026.3502    35.4021 0.0000e+00
       5377 291.125590  -37.74434  -48.62364      0.525       0.00      7.000      6.948    14.2350    14.2353     0.0003    14.2340    14.2343     0.0003   4.242386   4.242357  -0.000032    35.2355    35.2350     5.8200    26.3196    26.3191    35.2354    26.3195    1504.63    1504.62    14.2340  1026.3546    35.4017 0.0000e+00
       5405 291.125604  -37.74434  -48.62364      0.838 8.5011e-24      8.000      7.940    14.2352    14.2354     0.0002    14.2340    14.2343     0.0002   4.242473   4.242424  -0.000049    35.2356    35.2349     5.8271    26.3196    26.3190    35.2356    26.3196    1504.64    1504.64    14.2341  1026.3591    35.4019 0.0000e+00
       5436 291.125619  -37.74434  -48.62362      0.816       0.12      9.000      8.933    14.2352    14.2355     0.0003    14.2338    14.2342     0.0003   4.242503   4.242479  -0.000024    35.2356    35.2350     5.8141    26.3196    26.3191    35.2355    26.3196    1504.66    1504.66    14.2338  1026.3635    35.4018 0.0000e+00
       5477 291.125639  -37.74434  -48.62362      0.576       0.00     10.000      9.925    14.2348    14.2349     0.0001    14.2334    14.2334     0.0001   4.242534   4.242461  -0.000071    35.2357    35.2349     5.7848    26.3198    26.3192    35.2357    26.3199    1504.68    1504.68    14.2334  1026.3682    35.4020 0.0000e+00
       5513 291.125656  -37.74434  -48.62362      0.644 1.4811e-40     11.000     10.918    14.2354    14.2360     0.0007    14.2337    14.2344     0.0007   4.242621   4.242594  -0.000026    35.2357    35.2348     5.8061    26.3197    26.3190    35.2356    26.3197    1504.70    1504.70    14.2338  1026.3724    35.4019 0.0000e+00
       5547 291.125672  -37.74435  -48.62362      0.713 1.5221e-14     12.000     11.910    14.2341    14.2342     0.0002    14.2323    14.2325     0.0002   4.242540   4.242470  -0.000076    35.2357    35.2349     5.8002    26.3201    26.3194    35.2357    26.3200    1504.71    1504.71    14.2323  1026.3772    35.4019 0.0000e+00
       5594 291.125695  -37.74435  -48.62361      0.533       0.04     13.000     12.900    14.2336    14.2337     0.0001    14.2317    14.2318     0.0001   4.242527   4.242473  -0.000051    35.2356    35.2350     5.8193    26.3201    26.3196    35.2356    26.3201    1504.72    1504.72    14.2317  1026.3817    35.4019 0.0000e+00
       5656 291.125725  -37.74434  -48.62360      0.339      -0.00     14.000     13.898    14.2347    14.2350     0.0003    14.2326    14.2330     0.0003   4.242698   4.242643  -0.000053    35.2357    35.2349     5.8153    26.3200    26.3193    35.2357    26.3200    1504.74    1504.74    14.2326  1026.3860    35.4020 0.0000e+00
       5686 291.125739 -9.990e-29  -48.62360      0.695 3.5130e-16     15.000     14.888    14.2340    14.2344     0.0004    14.2318    14.2322     0.0004   4.242689   4.242642  -0.000054    35.2359    35.2350     5.8124    26.3203    26.3196    35.2358    26.3203    1504.76    1504.76    14.2318  1026.3909    35.4024 0.0000e+00
       5711 291.125751 -9.990e-29  -48.62360      0.907       0.24     16.000     15.880    14.2335    14.2339     0.0004    14.2312    14.2316     0.0004   4.242705   4.242645  -0.000058    35.2359    35.2350     5.8122    26.3205    26.3197    35.2360    26.3205    1504.77    1504.77    14.2312  1026.3955    35.4025 0.0000e+00
       5741 291.125766 -9.990e-29  -48.62360      0.861       0.01     17.000     16.872    14.2350    14.2349    -0.0001    14.2325    14.2324    -0.0001   4.242887   4.242783  -0.000099    35.2358    35.2350     5.8136    26.3201    26.3195    35.2359    26.3202    1504.79    1504.79    14.2325  1026.3996    35.4024 0.0000e+00
       5781 291.125785  -37.74436  -48.62359      0.603 4.9551e-39     18.000     17.865    14.2353    14.2355     0.0002    14.2327    14.2329     0.0002   4.242958   4.242904  -0.000050    35.2358    35.2351     5.8154    26.3200    26.3195    35.2359    26.3201    1504.81    1504.81    14.2327  1026.4038    35.4022 0.0000e+00
       5821 291.125804  -37.74436  -48.62358      0.601 3.4851e-12     19.000     18.857    14.2388    14.2388    -0.0000    14.2360    14.2360    -0.0000   4.243365   4.243304  -0.000072    35.2359    35.2352     5.7994    26.3194    26.3189    35.2360    26.3196    1504.84    1504.84    14.2360  1026.4076    35.4023 0.0000e+00
       5855 291.125821  -37.74436  -48.62358      0.685     157.61     20.000     19.850    14.2383    14.2388     0.0005    14.2354    14.2359     0.0005   4.243336   4.243310  -0.000023    35.2357    35.2350     5.8067    26.3194    26.3188    35.2358    26.3195    1504.85    1504.85    14.2354  1026.4120    35.4021 0.0000e+00
       5893 291.125839  -37.74436  -48.62358      0.645    1529.66     21.000     20.842    14.2373    14.2384     0.0011    14.2343    14.2353     0.0011   4.243300   4.243317   0.000015    35.2360    35.2351     5.8109    26.3199    26.3190    35.2360    26.3198    1504.87    1504.87    14.2343  1026.4167    35.4022 0.0000e+00
       5929 291.125857  -37.74436  -48.62358      0.657    1504.84     22.000     21.835    14.2387    14.2385    -0.0003    14.2355    14.2353    -0.0003   4.243492   4.243384  -0.000104    35.2359    35.2351     5.8258    26.3195    26.3190    35.2360    26.3196    1504.89    1504.89    14.2355  1026.4209    35.4023 0.0000e+00
       5967 291.125875  -37.74436  -48.62358      0.632    1504.85     23.000     22.827    14.2343    14.2366     0.0024    14.2309    14.2333     0.0024   4.243613   4.243538  -0.000083    35.2409    35.2380     5.8218    26.3244    26.3216    35.2408    26.3243    1504.90    1504.90    14.2309  1026.4300    35.4071 0.0000e+00
       6004 291.125893  -37.74436  -48.62358      0.636    1504.85     24.000     23.819    14.2312    14.2333     0.0021    14.2277    14.2298     0.0021   4.243619   4.243552  -0.000070    35.2434    35.2408     5.8061    26.3270    26.3246    35.2433    26.3269    1504.90    1504.91    14.2277  1026.4370    35.4096 0.0000e+00
       6039 291.125909  -37.74437  -48.62356      0.699    1504.85     25.000     24.812    14.2287    14.2327     0.0040    14.2251    14.2291     0.0040   4.243596   4.243609  -0.000002    35.2451    35.2414     5.7943    26.3289    26.3252    35.2449    26.3287    1504.92    1504.92    14.2251  1026.4433    35.4112 0.0000e+00
       6075 291.125927  -37.74438  -48.62356      0.671    1504.85     26.000     25.804    14.2251    14.2278     0.0027    14.2213    14.2240     0.0027   4.243535   4.243538   0.000005    35.2474    35.2451     5.8054    26.3315    26.3291    35.2472    26.3313    1504.92    1504.93    14.2214  1026.4503    35.4135 0.0000e+00
       6107 291.125942  -37.74438  -48.62356      0.716    1504.85     27.000     26.797    14.2222    14.2233     0.0012    14.2182    14.2194     0.0012   4.243610   4.243545  -0.000058    35.2504    35.2487     5.8073    26.3344    26.3329    35.2502    26.3343    1504.94    1504.93    14.2182  1026.4576    35.4165 0.0000e+00
       6132 291.125954  -37.74438  -48.62356      0.858    1504.85     28.000     27.789    14.2194    14.2201     0.0008    14.2153    14.2161     0.0008   4.243732   4.243687  -0.000045    35.2537    35.2526     5.8011    26.3376    26.3366    35.2535    26.3374    1504.95    1504.95    14.2153  1026.4652    35.4198 0.0000e+00
       6154 291.125965  -37.74438  -48.62356      1.023    1504.85     29.000     28.782    14.2174    14.2188     0.0015    14.2132    14.2146     0.0015   4.243858   4.243762  -0.000092    35.2563    35.2541     5.8013    26.3400    26.3380    35.2561    26.3399    1504.96    1504.96    14.2131  1026.4721    35.4225 0.0000e+00
       6178 291.125976  -37.74438  -48.62354      1.062    1504.85     30.000     29.774    14.2184    14.2201     0.0016    14.2141    14.2157     0.0016   4.243923   4.243834  -0.000084    35.2555    35.2532     5.8045    26.3392    26.3371    35.2553    26.3391    1504.98    1504.98    14.2141  1026.4757    35.4216 0.0000e+00
       6209 291.125992  -37.74438  -48.62355      0.832    1504.85     31.000     30.766    14.2172    14.2198     0.0026    14.2127    14.2153     0.0026   4.244251   4.244017  -0.000234    35.2591    35.2545     5.7815    26.3423    26.3382    35.2590    26.3423    1505.00    1505.00    14.2127  1026.4833    35.4254 0.0000e+00
       6246 291.126010  -37.74438  -48.62356      0.644    1504.85     32.000     31.759    14.2027    14.2102     0.0075    14.1980    14.2056     0.0075   4.244487   4.244345  -0.000166    35.2747    35.2663     5.7617    26.3575    26.3494    35.2741    26.3570    1504.98    1505.00    14.1980  1026.5025    35.4405 0.0000e+00
       6276 291.126024  -37.74438  -48.62356      0.744    1504.85     33.000     32.751    14.1903    14.1936     0.0033    14.1855    14.1888     0.0033   4.244294   4.244315   0.000011    35.2840    35.2811     5.7721    26.3674    26.3644    35.2832    26.3667    1504.97    1504.98    14.1855  1026.5166    35.4498 0.0000e+00
       6300 291.126035 -9.990e-29  -48.62356      0.922    1504.85     34.000     33.743    14.1772    14.1806     0.0034    14.1723    14.1757     0.0034   4.243992   4.244086   0.000073    35.2933    35.2909     5.7754    26.3774    26.3748    35.2920    26.3764    1504.95    1504.96    14.1723  1026.5307    35.4587 0.0000e+00
       6324 291.126047 -9.990e-29  -48.62356      1.013    1504.85     35.000     34.736    14.1523    14.1588     0.0065    14.1473    14.1537     0.0065   4.242957   4.243197   0.000238    35.3068    35.3031     5.7616    26.3931    26.3889    35.3047    26.3915    1504.91    1504.92    14.1473  1026.5503    35.4715 0.0000e+00
       6351 291.126060 -9.990e-29  -48.62354      0.944    1504.85     36.000     35.728    14.1321    14.1562     0.0242    14.1268    14.1510     0.0241   4.242111   4.242907   0.000734    35.3173    35.3020     5.7298    26.4056    26.3886    35.3150    26.4038    1504.87    1504.93    14.1268  1026.5670    35.4818 0.0000e+00
       6382 291.126075  -37.74440  -48.62354      0.792    1504.85     37.000     36.721    14.1116    14.1233     0.0117    14.1063    14.1180     0.0117   4.241525   4.241695   0.000172    35.3303    35.3211     5.6838    26.4199    26.4104    35.3279    26.4181    1504.83    1504.86    14.1063  1026.5856    35.4946 0.0000e+00
       6409 291.126088  -37.74440 -9.990e-29      0.823    1504.85     38.000     37.713    14.1006    14.1000    -0.0005    14.0951    14.0946    -0.0005   4.240895   4.240545  -0.000293    35.3336    35.3313     5.6659    26.4249    26.4233    35.3318    26.4235    1504.82    1504.81    14.0951  1026.5954    35.4985 0.0000e+00
       6432 291.126099  -37.74440 -9.990e-29      0.975    1504.85     39.000     38.706    14.1090    14.1060    -0.0030    14.1033    14.1004    -0.0030   4.242192   4.241729  -0.000477    35.3362    35.3345     5.6278    26.4252    26.4245    35.3357    26.4248    1504.87    1504.86    14.1033  1026.6011    35.5025 0.0000e+00
       6452 291.126109  -37.74440 -9.990e-29      1.110    1504.85     40.000     39.698    14.1121    14.1128     0.0006    14.1063    14.1070     0.0006   4.242506   4.242494  -0.000052    35.3369    35.3358     5.5983    26.4250    26.4241    35.3353    26.4238    1504.89    1504.90    14.1064  1026.6046    35.5021 0.0000e+00
       6476 291.126120  -37.74440  -48.62352      1.104    1504.85     41.000     40.690    14.1042    14.1109     0.0067    14.0983    14.1049     0.0067   4.241753   4.242209   0.000479    35.3365    35.3348     5.5824    26.4265    26.4238    35.3351    26.4254    1504.88    1504.90    14.0983  1026.6106    35.5019 0.0000e+00
       6504 291.126134  -37.74440  -48.62352      0.922    1504.85     42.000     41.682    14.0974    14.1084     0.0111    14.0913    14.1024     0.0111   4.241069   4.241889   0.000760    35.3368    35.3337     5.5730    26.4281    26.4234    35.3346    26.4265    1504.88    1504.91    14.0913  1026.6161    35.5014 0.0000e+00
       6540 291.126151  -37.74440  -48.62352      0.680    1504.85     43.000     42.675    14.0846    14.0909     0.0063    14.0784    14.0847     0.0063   4.239669   4.240162   0.000529    35.3346    35.3338     5.5663    26.4292    26.4272    35.3329    26.4279    1504.85    1504.87    14.0784  1026.6219    35.4996 0.0000e+00
       6572 291.126167  -37.74440  -48.62353      0.703    1504.85     44.000     43.667    14.0768    14.0794     0.0025    14.0705    14.0730     0.0025   4.238951   4.238968   0.000058    35.3344    35.3326     5.5639    26.4308    26.4288    35.3329    26.4296    1504.84    1504.85    14.0705  1026.6280    35.4997 0.0000e+00
       6597 291.126179  -37.74440  -48.62354      0.886    1504.85     45.000     44.660    14.0717    14.0742     0.0025    14.0652    14.0677     0.0025   4.238508   4.238500  -0.000052    35.3349    35.3320     5.5604    26.4322    26.4295    35.3331    26.4308    1504.84    1504.85    14.0652  1026.6337    35.4998 0.0000e+00
       6623 291.126191  -37.74440  -48.62353      0.959    1504.85     46.000     45.652    14.0639    14.0713     0.0074    14.0572    14.0646     0.0074   4.237770   4.238251   0.000484    35.3343    35.3320     5.5640    26.4335    26.4302    35.3329    26.4324    1504.83    1504.86    14.0573  1026.6397    35.4997 0.0000e+00
       6655 291.126207  -37.74440  -48.62352      0.804    1504.85     47.000     46.644    14.0621    14.0663     0.0042    14.0553    14.0595     0.0041   4.237605   4.237877   0.000289    35.3338    35.3327     5.5836    26.4335    26.4317    35.3326    26.4326    1504.84    1504.86    14.0553  1026.6443    35.4993 0.0000e+00
       6688 291.126223  -37.74441  -48.62352      0.698    1504.85     48.000     47.636    14.0624    14.0631     0.0006    14.0555    14.0561     0.0006   4.237810   4.237708  -0.000065    35.3344    35.3332     5.5636    26.4339    26.4328    35.3339    26.4335    1504.86    1504.86    14.0555  1026.6496    35.5006 0.0000e+00
       6712 291.126234  -37.74442  -48.62352      0.858    1504.85     49.000     48.629    14.0692    14.0682    -0.0010    14.0621    14.0612    -0.0010   4.239089   4.238900  -0.000191    35.3377    35.3368     5.5436    26.4351    26.4346    35.3391    26.4361    1504.91    1504.91    14.0621  1026.6566    35.5058 0.0000e+00
       6730 291.126243  -37.74442  -48.62352      1.105    1504.85     50.000     49.621    14.0832    14.0830    -0.0002    14.0760    14.0758    -0.0002   4.240769   4.240824   0.000068    35.3415    35.3423     5.5346    26.4351    26.4357    35.3415    26.4350    1504.97    1504.97    14.0760  1026.6600    35.5083 0.0000e+00
       6747 291.126251  -37.74442  -48.62350      1.317    1504.85     51.000     50.613    14.0889    14.0874    -0.0015    14.0815    14.0799    -0.0015   4.241881   4.241708  -0.000133    35.3446    35.3447     5.5317    26.4363    26.4367    35.3462    26.4375    1505.01    1505.01    14.0815  1026.6669    35.5130 0.0000e+00
