Pos-Processados/process_op41/operantar41_006.cnv
* Sea-Bird SBE 9 Data File:
* FileName = C:\Users\Dell\Desktop\OperantarXLI\config\00_BRUTOS\OP41006.hdr
* Software Version Seasave V 7.26.7.110
* Temperature SN = 6497
* Conductivity SN = 4954
* Number of Bytes Per Scan = 31
* Number of Voltage Words = 2
* Number of Scans Averaged by the Deck Unit = 1
* NMEA Latitude = 42 12.54 S
* NMEA Longitude = 053 27.22 W
* NMEA UTC (Time) = Oct 22 2022 00:21:34
* NMEA baud rate = 4800
** H41
** Navio Polar Almirante Maximiano
** LH-021/2022
** Operantar XLI
** Número da Estação 006
** Latitude 42 12.640'S
** Longitude 053 27.212W
** Data/Hora (Z) 22/10/2022 00:19
** Profundidade local 5571 m
** 09-1439
** Nome do Operador CT Garla
# nquan = 30
# nvalues = 2034                        
# units = specified
# name 0 = scan: Scan Count
# name 1 = timeJ: Julian Days
# name 2 = latitude: Latitude [deg]
# name 3 = longitude: Longitude [deg]
# name 4 = dz/dtM: Descent Rate [m/s]
# name 5 = avgsvCM: Average Sound Velocity [Chen-Millero, m/s]
# name 6 = prDM: Pressure, Digiquartz [db]
# name 7 = depSM: Depth [salt water, m]
# name 8 = t090C: Temperature [ITS-90, deg C]
# name 9 = t190C: Temperature, 2 [ITS-90, deg C]
# name 10 = T2-T190C: Temperature Difference, 2 - 1 [ITS-90, deg C]
# name 11 = potemp090C: Potential Temperature [ITS-90, deg C]
# name 12 = potemp190C: Potential Temperature, 2 [ITS-90, deg C]
# name 13 = potemp90Cdiff: Potential Temperature, Diff, 2 - 1 [ITS-90, deg C]
# name 14 = c0S/m: Conductivity [S/m]
# name 15 = c1S/m: Conductivity, 2 [S/m]
# name 16 = C2-C1S/m: Conductivity Difference, 2 - 1 [S/m]
# name 17 = sal00: Salinity, Practical [PSU]
# name 18 = sal11: Salinity, Practical, 2 [PSU]
# name 19 = sbeox0ML/L: Oxygen, SBE 43 [ml/l]
# name 20 = sigma-é00: Density [sigma-theta, kg/m^3]
# name 21 = sigma-é11: Density, 2 [sigma-theta, kg/m^3]
# name 22 = sal00: Salinity, Practical [PSU]
# name 23 = sigma-é00: Density [sigma-theta, kg/m^3]
# name 24 = svCM: Sound Velocity [Chen-Millero, m/s]
# name 25 = svCM1: Sound Velocity, 2 [Chen-Millero, m/s]
# name 26 = gsw_ptA0: potential temperature [ITS-90, deg C]
# name 27 = gsw_densityA0: density, TEOS-10 [density, kg/m^3]
# name 28 = gsw_saA0: Absolute Salinity [g/kg]
# name 29 = flag:
# span 0 =       9360,      70680       
# span 1 = 295.019490, 295.049062       
# span 2 =  -42.20603,  -42.18751       
# span 3 =  -53.45734,  -53.45446       
# span 4 =     -2.159,      1.606       
# span 5 =      -0.01,    1498.23       
# span 6 =      2.000,   1021.000       
# span 7 =      2.014,   1010.465       
# span 8 =     3.0839,    12.3926       
# span 9 =     3.0834,    12.3932       
# span 10 =    -0.2245,     0.2769      
# span 11 =     3.0140,    12.3919      
# span 12 =     3.0135,    12.3926      
# span 13 =    -0.2244,     0.2768      
# span 14 =   3.158297,   4.044301      
# span 15 =   3.158374,   4.044363      
# span 16 =  -0.022496,   0.034770      
# span 17 =    34.1142,    35.0691      
# span 18 =    34.1148,    35.0684      
# span 19 =     4.3442,     6.4900      
# span 20 =    26.3784,    27.3779      
# span 21 =    26.3791,    27.3782      
# span 22 =    34.1141,    35.0789      
# span 23 =    26.3785,    27.3779      
# span 24 =    1473.85,    1499.07      
# span 25 =    1473.85,    1499.07      
# span 26 =     3.0139,    12.3919      
# span 27 =  1026.3977,  1032.1067      
# span 28 =    34.2757,    35.2446      
# span 29 = 0.0000e+00, 0.0000e+00      
# interval = decibars: 1                
# start_time = Oct 22 2022 00:21:34 [NMEA time, header]
# bad_flag = -9.990e-29
*END*
[from data line 774]
      30366 295.029620  -42.19964  -53.45570      1.031    1479.41    776.000    768.461     3.4364     3.4366     0.0002     3.3828     3.3830     0.0002   3.174945   3.175008   0.000061    34.2212    34.2217     5.0858    27.2277    27.2282    34.2206    27.2273    1475.99    1475.99     3.3826  1030.8238    34.3845 0.0000e+00
      30385 295.029630  -42.19964  -53.45570      1.167    1479.41    777.000    769.450     3.4331     3.4336     0.0004     3.3795     3.3799     0.0004   3.174725   3.174803   0.000078    34.2215    34.2219     5.0799    27.2283    27.2287    34.2208    27.2278    1475.99    1475.99     3.3793  1030.8290    34.3847 0.0000e+00
      30406 295.029640  -42.19964  -53.45570      1.206    1479.41    778.000    770.438     3.4307     3.4311     0.0004     3.3770     3.3774     0.0004   3.174557   3.174625   0.000070    34.2215    34.2220     5.0747    27.2286    27.2289    34.2208    27.2280    1476.00    1476.00     3.3769  1030.8338    34.3847 0.0000e+00
      30429 295.029651  -42.19964  -53.45571      1.111    1479.41    779.000    771.427     3.4280     3.4283     0.0003     3.3742     3.3745     0.0003   3.174417   3.174478   0.000061    34.2220    34.2224     5.0757    27.2292    27.2295    34.2215    27.2288    1476.00    1476.01     3.3741  1030.8393    34.3853 0.0000e+00
      30454 295.029663  -42.19964  -53.45572      0.989    1479.41    780.000    772.415     3.4267     3.4271     0.0004     3.3728     3.3732     0.0004   3.174368   3.174431   0.000066    34.2223    34.2227     5.0724    27.2296    27.2299    34.2218    27.2292    1476.02    1476.02     3.3727  1030.8443    34.3857 0.0000e+00
      30476 295.029674  -42.19963  -53.45572      1.007    1479.41    781.000    773.403     3.4255     3.4256     0.0001     3.3716     3.3717     0.0001   3.174335   3.174394   0.000060    34.2225    34.2231     5.0764    27.2299    27.2304    34.2221    27.2296    1476.03    1476.03     3.3715  1030.8493    34.3860 0.0000e+00
      30495 295.029683  -42.19962  -53.45572      1.132    1479.41    782.000    774.392     3.4253     3.4255     0.0002     3.3713     3.3715     0.0002   3.174376   3.174427   0.000053    34.2226    34.2231     5.0713    27.2300    27.2303    34.2223    27.2297    1476.04    1476.04     3.3712  1030.8540    34.3862 0.0000e+00
      30514 295.029692  -42.19962  -53.45572      1.263    1479.41    783.000    775.381     3.4245     3.4249     0.0004     3.3704     3.3708     0.0004   3.174371   3.174425   0.000051    34.2231    34.2233     5.0628    27.2305    27.2306    34.2226    27.2301    1476.06    1476.06     3.3703  1030.8590    34.3865 0.0000e+00
      30534 295.029701  -42.19962  -53.45572      1.272    1479.41    784.000    776.369     3.4215     3.4221     0.0007     3.3673     3.3680     0.0007   3.174239   3.174313   0.000071    34.2241    34.2243     5.0649    27.2316    27.2317    34.2236    27.2312    1476.06    1476.07     3.3672  1030.8647    34.3875 0.0000e+00
      30563 295.029715  -42.19960  -53.45572      0.973    1479.41    785.000    777.357     3.4189     3.4197     0.0009     3.3647     3.3655     0.0009   3.174120   3.174185   0.000068    34.2248    34.2247     5.0585    27.2324    27.2323    34.2244    27.2320    1476.07    1476.07     3.3646  1030.8703    34.3883 0.0000e+00
      30595 295.029731  -42.19959  -53.45572      0.729    1479.41    786.000    778.346     3.4181     3.4184     0.0003     3.3639     3.3642     0.0003   3.174124   3.174130   0.000006    34.2251    34.2248     5.0485    27.2327    27.2324    34.2247    27.2323    1476.08    1476.08     3.3638  1030.8752    34.3886 0.0000e+00
      30620 295.029743  -42.19958  -53.45572      0.862    1479.41    787.000    779.334     3.4163     3.4168     0.0005     3.3620     3.3625     0.0005   3.174064   3.174108   0.000042    34.2258    34.2257     5.0426    27.2334    27.2334    34.2253    27.2330    1476.09    1476.09     3.3619  1030.8805    34.3893 0.0000e+00
      30644 295.029755  -42.19958  -53.45572      0.983    1479.41    788.000    780.322     3.4154     3.4160     0.0005     3.3610     3.3615     0.0005   3.174121   3.174161   0.000039    34.2267    34.2267     5.0444    27.2343    27.2342    34.2264    27.2340    1476.10    1476.11     3.3609  1030.8861    34.3904 0.0000e+00
      30678 295.029771  -42.19956  -53.45572      0.804    1479.34    789.000    781.309     3.4145     3.4154     0.0009     3.3600     3.3609     0.0009   3.174162   3.174229   0.000064    34.2277    34.2275     5.0443    27.2351    27.2349    34.2274    27.2349    1476.12    1476.12     3.3599  1030.8915    34.3913 0.0000e+00
      30717 295.029790  -42.19955  -53.45572      0.568    1479.15    790.000    782.303     3.4132     3.4137     0.0005     3.3587     3.3592     0.0005   3.174128   3.174158   0.000032    34.2281    34.2280     5.0292    27.2356    27.2354    34.2278    27.2353    1476.13    1476.13     3.3586  1030.8966    34.3918 0.0000e+00
      30742 295.029802  -42.19954  -53.45572      0.816    1479.16    791.000    783.287     3.4100     3.4104     0.0004     3.3555     3.3558     0.0004   3.173981   3.174019   0.000033    34.2295    34.2294     5.0304    27.2370    27.2369    34.2288    27.2365    1476.14    1476.14     3.3553  1030.9024    34.3928 0.0000e+00
      30760 295.029810  -42.19954  -53.45572      1.096    1479.16    792.000    784.276     3.4063     3.4067     0.0003     3.3517     3.3520     0.0003   3.173755   3.173823   0.000071    34.2301    34.2306     5.0330    27.2378    27.2382    34.2295    27.2374    1476.14    1476.14     3.3516  1030.9080    34.3935 0.0000e+00
      30776 295.029818  -42.19954  -53.45572      1.313    1479.16    793.000    785.264     3.4047     3.4048     0.0001     3.3499     3.3501     0.0001   3.173701   3.173762   0.000061    34.2306    34.2311     5.0346    27.2384    27.2388    34.2301    27.2380    1476.15    1476.15     3.3498  1030.9133    34.3941 0.0000e+00
      30793 295.029826  -42.19954  -53.45572      1.433    1479.16    794.000    786.252     3.4006     3.4016     0.0010     3.3458     3.3468     0.0010   3.173332   3.173463   0.000126    34.2309    34.2313     5.0354    27.2390    27.2393    34.2294    27.2378    1476.14    1476.15     3.3457  1030.9178    34.3934 0.0000e+00
      30809 295.029834  -42.19953  -53.45572      1.476    1479.16    795.000    787.241     3.3958     3.3958    -0.0000     3.3410     3.3409    -0.0000   3.173086   3.173119   0.000042    34.2315    34.2320     5.0260    27.2400    27.2404    34.2310    27.2396    1476.14    1476.14     3.3409  1030.9242    34.3950 0.0000e+00
      30825 295.029842  -42.19952  -53.45572      1.484    1479.16    796.000    788.229     3.3863     3.3885     0.0023     3.3314     3.3337     0.0023   3.171934   3.172159   0.000204    34.2306    34.2306     5.0165    27.2402    27.2400    34.2266    27.2370    1476.11    1476.12     3.3313  1030.9264    34.3906 0.0000e+00
      30849 295.029853  -42.19952  -53.45572      1.265    1479.16    797.000    789.218     3.3640     3.3650     0.0010     3.3093     3.3102     0.0010   3.170173   3.170246   0.000074    34.2303    34.2302     5.0122    27.2420    27.2418    34.2283    27.2404    1476.04    1476.04     3.3091  1030.9349    34.3923 0.0000e+00
      30894 295.029875  -42.19951  -53.45572      0.501    1479.16    798.000    790.206     3.3635     3.3719     0.0084     3.3087     3.3170     0.0084   3.170280   3.171073   0.000776    34.2307    34.2312     5.0007    27.2424    27.2420    34.2296    27.2415    1476.05    1476.09     3.3086  1030.9406    34.3936 0.0000e+00
      30929 295.029892  -42.19949  -53.45572      0.623    1479.16    799.000    791.194     3.3573     3.3578     0.0006     3.3024     3.3030     0.0006   3.169770   3.169777   0.000014    34.2308    34.2304     5.0042    27.2431    27.2427    34.2295    27.2420    1476.04    1476.05     3.3023  1030.9458    34.3935 0.0000e+00
      30954 295.029904  -42.19948  -53.45572      0.873    1479.16    800.000    792.183     3.3517     3.3528     0.0012     3.2968     3.2979     0.0012   3.169318   3.169375   0.000062    34.2309    34.2304     5.0102    27.2437    27.2432    34.2294    27.2425    1476.04    1476.04     3.2967  1030.9510    34.3934 0.0000e+00
      30977 295.029915  -42.19948  -53.45572      1.008    1479.16    801.000    793.171     3.3420     3.3436     0.0016     3.2871     3.2887     0.0016   3.168503   3.168585   0.000086    34.2313    34.2306     5.0087    27.2449    27.2442    34.2293    27.2433    1476.01    1476.02     3.2870  1030.9567    34.3933 0.0000e+00
      31001 295.029927  -42.19947  -53.45572      1.029    1479.16    802.000    794.159     3.3395     3.3395     0.0000     3.2845     3.2845     0.0000   3.168499   3.168486  -0.000008    34.2322    34.2321     5.0140    27.2459    27.2458    34.2313    27.2452    1476.02    1476.02     3.2844  1030.9632    34.3954 0.0000e+00
      31028 295.029940  -42.19946  -53.45572      0.941    1479.16    803.000    795.147     3.3451     3.3442    -0.0009     3.2900     3.2892    -0.0008   3.169220   3.169164  -0.000050    34.2336    34.2339     5.0115    27.2465    27.2468    34.2336    27.2464    1476.06    1476.06     3.2899  1030.9689    34.3976 0.0000e+00
      31054 295.029952  -42.19945  -53.45572      0.903    1479.16    804.000    796.136     3.3483     3.3487     0.0003     3.2932     3.2935     0.0003   3.169626   3.169675   0.000048    34.2351    34.2354     5.0088    27.2474    27.2475    34.2345    27.2469    1476.09    1476.10     3.2930  1030.9739    34.3986 0.0000e+00
      31076 295.029963  -42.19944  -53.45572      0.993    1479.16    805.000    797.124     3.3465     3.3469     0.0004     3.2912     3.2917     0.0004   3.169531   3.169586   0.000057    34.2356    34.2359     4.9973    27.2480    27.2481    34.2348    27.2473    1476.10    1476.11     3.2911  1030.9789    34.3989 0.0000e+00
      31096 295.029973  -42.19944  -53.45572      1.112    1479.16    806.000    798.112     3.3428     3.3430     0.0002     3.2875     3.2877     0.0002   3.169297   3.169338   0.000044    34.2361    34.2364     4.9948    27.2487    27.2490    34.2354    27.2481    1476.11    1476.11     3.2874  1030.9844    34.3995 0.0000e+00
      31117 295.029982  -42.19944  -53.45572      1.185    1479.16    807.000    799.101     3.3408     3.3411     0.0003     3.2854     3.2857     0.0003   3.169148   3.169212   0.000063    34.2359    34.2364     4.9894    27.2487    27.2491    34.2352    27.2482    1476.11    1476.12     3.2853  1030.9891    34.3993 0.0000e+00
      31139 295.029993  -42.19944  -53.45572      1.140    1479.16    808.000    800.089     3.3399     3.3401     0.0002     3.2844     3.2846     0.0002   3.169161   3.169206   0.000049    34.2363    34.2367     4.9817    27.2491    27.2494    34.2358    27.2487    1476.13    1476.13     3.2843  1030.9942    34.3999 0.0000e+00
      31169 295.030008  -42.19943  -53.45574      0.889    1479.16    809.000    801.077     3.3410     3.3409    -0.0001     3.2855     3.2854    -0.0001   3.169485   3.169484   0.000003    34.2382    34.2383     4.9749    27.2505    27.2507    34.2380    27.2504    1476.15    1476.15     3.2854  1031.0005    34.4021 0.0000e+00
      31206 295.030026  -42.19942  -53.45574      0.643    1479.16    810.000    802.066     3.3418     3.3423     0.0004     3.2862     3.2867     0.0004   3.169692   3.169726   0.000035    34.2392    34.2392     4.9672    27.2513    27.2512    34.2391    27.2512    1476.17    1476.17     3.2861  1031.0058    34.4032 0.0000e+00
      31236 295.030040  -42.19940  -53.45574      0.746    1479.16    811.000    803.054     3.3420     3.3422     0.0002     3.2863     3.2865     0.0002   3.169878   3.169916   0.000037    34.2408    34.2410     4.9535    27.2526    27.2527    34.2406    27.2524    1476.19    1476.19     3.2862  1031.0116    34.4047 0.0000e+00
      31260 295.030051  -42.19940  -53.45572      0.928    1479.16    812.000    804.042     3.3427     3.3429     0.0002     3.2870     3.2872     0.0002   3.170005   3.170060   0.000058    34.2409    34.2414     4.9486    27.2526    27.2529    34.2408    27.2525    1476.21    1476.21     3.2868  1031.0163    34.4050 0.0000e+00
      31282 295.030062  -42.19938  -53.45572      1.051    1479.16    813.000    805.031     3.3444     3.3443    -0.0000     3.2885     3.2885    -0.0000   3.170251   3.170261   0.000011    34.2414    34.2416     4.9466    27.2528    27.2530    34.2415    27.2529    1476.24    1476.24     3.2884  1031.0213    34.4056 0.0000e+00
      31306 295.030074  -42.19938  -53.45572      1.044    1479.16    814.000    806.019     3.3458     3.3459     0.0001     3.2899     3.2900     0.0001   3.170500   3.170545   0.000044    34.2424    34.2428     4.9445    27.2535    27.2538    34.2425    27.2536    1476.26    1476.26     3.2897  1031.0265    34.4066 0.0000e+00
      31332 295.030087  -42.19938  -53.45572      0.938    1479.16    815.000    807.007     3.3457     3.3459     0.0001     3.2897     3.2899     0.0001   3.170666   3.170703   0.000038    34.2440    34.2443     4.9410    27.2548    27.2550    34.2440    27.2548    1476.28    1476.28     3.2896  1031.0323    34.4082 0.0000e+00
      31357 295.030098  -42.19936  -53.45572      0.937    1479.16    816.000    807.995     3.3461     3.3462     0.0000     3.2901     3.2901     0.0000   3.170851   3.170881   0.000033    34.2452    34.2456     4.9373    27.2557    27.2560    34.2453    27.2558    1476.30    1476.30     3.2899  1031.0378    34.4094 0.0000e+00
      31379 295.030109  -42.19936 -9.990e-29      1.032    1479.16    817.000    808.984     3.3461     3.3461     0.0000     3.2900     3.2899     0.0000   3.170966   3.170999   0.000031    34.2462    34.2466     4.9336    27.2565    27.2568    34.2462    27.2565    1476.32    1476.32     3.2898  1031.0429    34.4100 0.0000e+00
      31400 295.030119  -42.19936 -9.990e-29      1.113    1479.16    818.000    809.972     3.3453     3.3454     0.0001     3.2891     3.2892     0.0001   3.171025   3.171070   0.000044    34.2473    34.2477     4.9278    27.2575    27.2578    34.2473    27.2575    1476.33    1476.33     3.2889  1031.0484    34.4111 0.0000e+00
      31426 295.030132  -42.19934 -9.990e-29      1.019    1479.16    819.000    810.960     3.3450     3.3453     0.0002     3.2887     3.2889     0.0002   3.171077   3.171118   0.000042    34.2477    34.2479     4.9168    27.2578    27.2580    34.2476    27.2578    1476.35    1476.35     3.2886  1031.0534    34.4115 0.0000e+00
      31461 295.030148  -42.19933  -53.45572      0.715    1479.16    820.000    811.948     3.3450     3.3454     0.0003     3.2886     3.2890     0.0003   3.171139   3.171179   0.000042    34.2478    34.2480     4.9036    27.2579    27.2580    34.2479    27.2580    1476.36    1476.36     3.2885  1031.0583    34.4119 0.0000e+00
      31488 295.030161  -42.19932  -53.45572      0.785    1479.16    821.000    812.937     3.3455     3.3457     0.0002     3.2891     3.2892     0.0002   3.171317   3.171374   0.000057    34.2488    34.2493     4.8991    27.2587    27.2591    34.2490    27.2588    1476.38    1476.38     3.2889  1031.0639    34.4132 0.0000e+00
      31507 295.030171  -42.19932  -53.45572      1.029    1479.16    822.000    813.925     3.3457     3.3460     0.0002     3.2892     3.2894     0.0002   3.171466   3.171542   0.000053    34.2503    34.2506     4.8939    27.2598    27.2601    34.2500    27.2596    1476.40    1476.40     3.2890  1031.0693    34.4142 0.0000e+00
