Pos-Processados/process_op41/operantar41_005mephy.ros
* Sea-Bird SBE 9 Data File:
* FileName = C:\Users\Dell\Desktop\Operantar XLI\Raw\OP41005MEPHY.hdr
* Software Version Seasave V 7.26.7.110
* Temperature SN = 6497
* Conductivity SN = 4954
* Number of Bytes Per Scan = 31
* Number of Voltage Words = 2
* Number of Scans Averaged by the Deck Unit = 1
* NMEA Latitude = 38 39.42 S
* NMEA Longitude = 048 59.20 W
* NMEA UTC (Time) = Oct 18 2022 15:56:17
* NMEA baud rate = 4800
** H41
** Navio Polar Almirante Maximiano
** LH-021/2022
** Operantar XLI
** Número da Estação
** Latitude
** Longitude
** Data/Hora (Z)
** Profundidade local
** 09-1439
** Nome do Operador
# nquan = 24
# nvalues = 946                                   
# units = specified
# name 0 = scan: Scan Count
# name 1 = timeJ: Julian Days
# name 2 = latitude: Latitude [deg]
# name 3 = longitude: Longitude [deg]
# name 4 = dz/dtM: Descent Rate [m/s]
# name 5 = avgsvCM: Average Sound Velocity [Chen-Millero, m/s]
# name 6 = prDM: Pressure, Digiquartz [db]
# name 7 = depSM: Depth [salt water, m]
# name 8 = t090C: Temperature [ITS-90, deg C]
# name 9 = t190C: Temperature, 2 [ITS-90, deg C]
# name 10 = T2-T190C: Temperature Difference, 2 - 1 [ITS-90, deg C]
# name 11 = potemp090C: Potential Temperature [ITS-90, deg C]
# name 12 = potemp190C: Potential Temperature, 2 [ITS-90, deg C]
# name 13 = potemp90Cdiff: Potential Temperature, Diff, 2 - 1 [ITS-90, deg C]
# name 14 = c0S/m: Conductivity [S/m]
# name 15 = c1S/m: Conductivity, 2 [S/m]
# name 16 = C2-C1S/m: Conductivity Difference, 2 - 1 [S/m]
# name 17 = sal00: Salinity, Practical [PSU]
# name 18 = sal11: Salinity, Practical, 2 [PSU]
# name 19 = sbeox0ML/L: Oxygen, SBE 43 [ml/l]
# name 20 = sigma-é00: Density [sigma-theta, kg/m^3]
# name 21 = sigma-é11: Density, 2 [sigma-theta, kg/m^3]
# name 22 = nbf: Bottles Fired
# name 23 = flag:  0.000e+00
# interval = seconds: 0.0416667
# start_time = Oct 18 2022 15:56:17 [NMEA time, header]
# bad_flag = -9.990e-29
*END*
[from data line 665]
       3152 291.665605  -38.65694  -48.98738     -0.013    1505.56     35.386     35.116    14.2418    14.2323    -0.0095    14.2366    14.2272    -0.0094   4.252129   4.251554  -0.000575    35.3079    35.3112     5.5955    26.3750    26.3795         14  0.000e+00
       3153 291.665606  -38.65694  -48.98738     -0.014    1505.56     35.330     35.060    14.2413    14.2323    -0.0090    14.2361    14.2272    -0.0090   4.252063   4.251608  -0.000456    35.3078    35.3118     5.5958    26.3749    26.3799         14  0.000e+00
       3154 291.665606  -38.65694  -48.98738     -0.010    1505.56     35.386     35.116    14.2411    14.2330    -0.0081    14.2359    14.2278    -0.0081   4.252050   4.251628  -0.000422    35.3078    35.3113     5.6002    26.3750    26.3794         14  0.000e+00
       3155 291.665607  -38.65694  -48.98738     -0.009    1505.56     35.346     35.076    14.2401    14.2338    -0.0063    14.2350    14.2287    -0.0063   4.252010   4.251628  -0.000383    35.3083    35.3106     5.5972    26.3756    26.3787         14  0.000e+00
       3156 291.665607  -38.65694  -48.98738     -0.011    1505.56     35.330     35.060    14.2395    14.2342    -0.0053    14.2343    14.2290    -0.0053   4.252004   4.251675  -0.000329    35.3089    35.3107     5.6016    26.3762    26.3787         14  0.000e+00
       3157 291.665608  -38.65694  -48.98738     -0.003    1505.56     35.442     35.172    14.2391    14.2345    -0.0046    14.2339    14.2294    -0.0045   4.251984   4.251668  -0.000316    35.3090    35.3102     5.6024    26.3764    26.3783         14  0.000e+00
       3158 291.665608  -38.65694  -48.98738     -0.002    1505.56     35.330     35.060    14.2393    14.2355    -0.0037    14.2341    14.2304    -0.0037   4.252030   4.251715  -0.000315    35.3093    35.3098     5.6029    26.3766    26.3777         15  0.000e+00
       3159 291.665609  -38.65694  -48.98738      0.002    1505.56     35.402     35.132    14.2392    14.2367    -0.0025    14.2341    14.2316    -0.0025   4.252070   4.251816  -0.000254    35.3097    35.3096     5.6040    26.3769    26.3773         15  0.000e+00
       3160 291.665609  -38.65694  -48.98738      0.003    1505.56     35.386     35.116    14.2393    14.2379    -0.0014    14.2341    14.2327    -0.0014   4.252057   4.251896  -0.000161    35.3095    35.3093     5.6090    26.3767    26.3768         15  0.000e+00
       3161 291.665610  -38.65694  -48.98738      0.004    1505.56     35.386     35.116    14.2395    14.2386    -0.0009    14.2343    14.2334    -0.0009   4.252017   4.251997  -0.000020    35.3090    35.3096     5.6104    26.3763    26.3769         15  0.000e+00
       3162 291.665610  -38.65694  -48.98738      0.012    1505.56     35.442     35.172    14.2390    14.2396     0.0007    14.2338    14.2345     0.0007   4.252011   4.252050   0.000040    35.3094    35.3091     5.6119    26.3767    26.3763         15  0.000e+00
       3163 291.665611  -38.65694  -48.98738      0.015    1505.56     35.402     35.132    14.2386    14.2399     0.0013    14.2335    14.2348     0.0013   4.251984   4.252064   0.000080    35.3094    35.3090     5.6093    26.3768    26.3762         15  0.000e+00
       3164 291.665611  -38.65692  -48.98738      0.019    1505.56     35.386     35.116    14.2384    14.2399     0.0015    14.2333    14.2348     0.0015   4.251991   4.252037   0.000046    35.3097    35.3087     5.6100    26.3770    26.3760         15  0.000e+00
       3165 291.665611  -38.65692  -48.98738      0.023    1505.56     35.442     35.172    14.2384    14.2399     0.0015    14.2333    14.2348     0.0015   4.252004   4.252084   0.000080    35.3098    35.3091     5.6107    26.3771    26.3763         15  0.000e+00
       3166 291.665612  -38.65692  -48.98738      0.028    1505.56     35.402     35.132    14.2384    14.2398     0.0013    14.2333    14.2346     0.0013   4.252011   4.252044   0.000033    35.3099    35.3089     5.6114    26.3772    26.3762         15  0.000e+00
       3167 291.665612  -38.65692  -48.98738      0.033    1505.56     35.442     35.172    14.2381    14.2401     0.0020    14.2329    14.2350     0.0020   4.252011   4.252030   0.000020    35.3101    35.3085     5.6161    26.3775    26.3757         15  0.000e+00
       3168 291.665613  -38.65692  -48.98738      0.037    1505.56     35.442     35.172    14.2381    14.2403     0.0022    14.2329    14.2351     0.0022   4.251951   4.252050   0.000099    35.3096    35.3085     5.6132    26.3770    26.3758         15  0.000e+00
       3169 291.665613  -38.65692  -48.98738      0.043    1505.56     35.442     35.172    14.2376    14.2399     0.0024    14.2324    14.2348     0.0024   4.251938   4.252003   0.000066    35.3099    35.3084     5.6139    26.3774    26.3757         15  0.000e+00
       3170 291.665614  -38.65692  -48.98738      0.045    1505.56     35.402     35.132    14.2376    14.2398     0.0022    14.2324    14.2346     0.0022   4.251938   4.251963   0.000025    35.3100    35.3082     5.6185    26.3774    26.3756         15  0.000e+00
       3171 291.665614  -38.65692  -48.98738      0.055    1505.56     35.507     35.236    14.2373    14.2393     0.0020    14.2321    14.2341     0.0020   4.251964   4.251923  -0.000041    35.3105    35.3082     5.6193    26.3779    26.3757         15  0.000e+00
       3172 291.665615  -38.65692  -48.98738      0.058    1505.56     35.442     35.172    14.2367    14.2391     0.0023    14.2316    14.2339     0.0023   4.251905   4.251916   0.000011    35.3104    35.3084     5.6203    26.3780    26.3759         15  0.000e+00
       3173 291.665615  -38.65692  -48.98738      0.064    1505.56     35.507     35.236    14.2371    14.2394     0.0024    14.2319    14.2343     0.0024   4.251951   4.251970   0.000019    35.3105    35.3085     5.6209    26.3780    26.3759         15  0.000e+00
       3174 291.665616  -38.65692  -48.98738      0.068    1505.56     35.459     35.188    14.2375    14.2398     0.0023    14.2323    14.2346     0.0023   4.251944   4.251930  -0.000015    35.3101    35.3079     5.6214    26.3776    26.3753         15  0.000e+00
       3175 291.665616  -38.65692  -48.98738      0.081    1505.56     35.563     35.292    14.2386    14.2396     0.0010    14.2334    14.2344     0.0010   4.252017   4.251943  -0.000074    35.3097    35.3081     5.6219    26.3770    26.3755         15  0.000e+00
       3176 291.665617  -38.65692  -48.98738      0.082    1505.56     35.442     35.172    14.2396    14.2393    -0.0003    14.2344    14.2341    -0.0003   4.252103   4.251896  -0.000207    35.3096    35.3080     5.6218    26.3767    26.3756         15  0.000e+00
       3177 291.665617  -38.65692  -48.98738      0.083    1505.56     35.507     35.236    14.2395    14.2388    -0.0007    14.2343    14.2336    -0.0007   4.252063   4.251883  -0.000181    35.3094    35.3083     5.6220    26.3766    26.3759         15  0.000e+00
       3178 291.665618  -38.65692  -48.98738      0.092    1505.56     35.523     35.252    14.2396    14.2388    -0.0008    14.2344    14.2336    -0.0008   4.252050   4.251883  -0.000168    35.3091    35.3083     5.6221    26.3763    26.3759         15  0.000e+00
       3179 291.665618  -38.65692  -48.98738      0.096    1505.56     35.507     35.236    14.2393    14.2386    -0.0007    14.2341    14.2334    -0.0007   4.251991   4.251849  -0.000142    35.3089    35.3082     5.6221    26.3762    26.3758         15  0.000e+00
       3180 291.665619  -38.65692  -48.98738      0.103    1505.56     35.563     35.292    14.2388    14.2386    -0.0002    14.2336    14.2334    -0.0002   4.251944   4.251869  -0.000075    35.3089    35.3083     5.6222    26.3763    26.3760         15  0.000e+00
       3181 291.665619  -38.65692  -48.98738      0.106    1505.56     35.507     35.236    14.2381    14.2386     0.0005    14.2329    14.2334     0.0005   4.251925   4.251903  -0.000022    35.3094    35.3087     5.6222    26.3769    26.3762         15  0.000e+00
       3182 291.665620  -38.65692  -48.98738      0.110    1505.56     35.523     35.252    14.2376    14.2383     0.0007    14.2324    14.2331     0.0007   4.251905   4.251883  -0.000022    35.3096    35.3088     5.6221    26.3772    26.3764         15  0.000e+00
       3183 291.665620  -38.65692  -48.98738      0.116    1505.56     35.563     35.292    14.2376    14.2379     0.0003    14.2324    14.2327     0.0003   4.251905   4.251876  -0.000029    35.3096    35.3090     5.6264    26.3771    26.3766         15  0.000e+00
       3184 291.665621  -38.65692  -48.98738      0.120    1505.56     35.563     35.292    14.2379    14.2378    -0.0002    14.2327    14.2326    -0.0002   4.251905   4.251849  -0.000056    35.3093    35.3089     5.6225    26.3768    26.3766         15  0.000e+00
       3185 291.665621  -38.65692  -48.98738      0.122    1505.56     35.507     35.236    14.2376    14.2374    -0.0002    14.2324    14.2322    -0.0002   4.251905   4.251816  -0.000089    35.3096    35.3090     5.6258    26.3772    26.3767         15  0.000e+00
       3186 291.665622  -38.65692  -48.98738      0.127    1505.56     35.579     35.308    14.2373    14.2369    -0.0004    14.2321    14.2317    -0.0004   4.251845   4.251809  -0.000036    35.3093    35.3093     5.6220    26.3770    26.3771         15  0.000e+00
       3187 291.665622  -38.65692  -48.98738      0.130    1505.56     35.563     35.292    14.2367    14.2371     0.0003    14.2316    14.2319     0.0003   4.251832   4.251775  -0.000057    35.3097    35.3088     5.6216    26.3774    26.3767         15  0.000e+00
       3188 291.665623  -38.65694  -48.98738      0.133    1505.56     35.563     35.292    14.2366    14.2367     0.0002    14.2314    14.2315     0.0002   4.251832   4.251822  -0.000010    35.3099    35.3096     5.6212    26.3776    26.3773         15  0.000e+00
       3189 291.665623  -38.65694  -48.98738      0.137    1505.56     35.579     35.308    14.2364    14.2364    -0.0000    14.2312    14.2312    -0.0000   4.251799   4.251782  -0.000017    35.3097    35.3095     5.6248    26.3775    26.3773         15  0.000e+00
       3190 291.665624  -38.65694  -48.98738      0.138    1505.56     35.620     35.348    14.2364    14.2367     0.0003    14.2312    14.2315     0.0003   4.251859   4.251796  -0.000063    35.3102    35.3093     5.6247    26.3779    26.3771         15  0.000e+00
       3191 291.665624  -38.65694  -48.98738      0.138    1505.56     35.507     35.236    14.2358    14.2369     0.0011    14.2306    14.2317     0.0011   4.251759   4.251809   0.000050    35.3099    35.3093     5.6245    26.3778    26.3771         15  0.000e+00
       3192 291.665625  -38.65694  -48.98738      0.138    1505.56     35.620     35.348    14.2349    14.2369     0.0020    14.2297    14.2317     0.0020   4.251720   4.251809   0.000089    35.3103    35.3093     5.6244    26.3783    26.3771         15  0.000e+00
       3193 291.665625  -38.65694  -48.98738      0.143    1505.56     35.579     35.308    14.2339    14.2371     0.0032    14.2287    14.2319     0.0032   4.251660   4.251863   0.000203    35.3107    35.3096     5.6245    26.3788    26.3773         15  0.000e+00
       3194 291.665625  -38.65694  -48.98738      0.145    1505.56     35.620     35.348    14.2330    14.2367     0.0037    14.2278    14.2315     0.0037   4.251587   4.251796   0.000208    35.3108    35.3093     5.6282    26.3790    26.3771         15  0.000e+00
       3195 291.665626  -38.65694  -48.98738      0.144    1505.56     35.563     35.292    14.2321    14.2362     0.0042    14.2269    14.2310     0.0042   4.251515   4.251708   0.000194    35.3110    35.3090     5.6245    26.3794    26.3770         15  0.000e+00
       3196 291.665626  -38.65694  -48.98738      0.145    1505.56     35.620     35.348    14.2317    14.2355     0.0038    14.2265    14.2303     0.0038   4.251501   4.251722   0.000220    35.3112    35.3097     5.6245    26.3796    26.3777         15  0.000e+00
       3197 291.665627  -38.65694  -48.98738      0.144    1505.56     35.579     35.308    14.2312    14.2349     0.0036    14.2260    14.2297     0.0036   4.251521   4.251675   0.000154    35.3119    35.3099     5.6283    26.3803    26.3780         15  0.000e+00
       3198 291.665627  -38.65694  -48.98738      0.143    1505.56     35.620     35.348    14.2312    14.2344     0.0031    14.2260    14.2292     0.0031   4.251462   4.251661   0.000200    35.3113    35.3103     5.6245    26.3798    26.3784         15  0.000e+00
       3199 291.665628  -38.65694  -48.98738      0.139    1505.56     35.563     35.292    14.2307    14.2342     0.0035    14.2255    14.2290     0.0035   4.251455   4.251635   0.000179    35.3117    35.3102     5.6242    26.3803    26.3783         16  0.000e+00
       3200 291.665628  -38.65694  -48.98738      0.139    1505.56     35.620     35.348    14.2312    14.2332     0.0020    14.2260    14.2280     0.0020   4.251462   4.251568   0.000106    35.3113    35.3105     5.6239    26.3798    26.3788         16  0.000e+00
       3201 291.665629  -38.65694  -48.98738      0.137    1505.56     35.579     35.308    14.2310    14.2328     0.0018    14.2258    14.2276     0.0018   4.251462   4.251574   0.000113    35.3115    35.3109     5.6235    26.3800    26.3792         16  0.000e+00
       3202 291.665629  -38.65694  -48.98738      0.131    1505.56     35.563     35.292    14.2310    14.2327     0.0017    14.2258    14.2275     0.0017   4.251435   4.251527   0.000092    35.3112    35.3106     5.6271    26.3798    26.3790         16  0.000e+00
       3203 291.665630  -38.65694  -48.98738      0.132    1505.56     35.620     35.348    14.2312    14.2323     0.0011    14.2260    14.2271     0.0011   4.251449   4.251514   0.000065    35.3112    35.3108     5.6274    26.3797    26.3792         16  0.000e+00
       3204 291.665630  -38.65694  -48.98738      0.125    1505.56     35.563     35.292    14.2312    14.2323     0.0011    14.2260    14.2271     0.0011   4.251462   4.251487   0.000025    35.3113    35.3105     5.6272    26.3798    26.3790         16  0.000e+00
       3205 291.665631  -38.65694  -48.98738      0.123    1505.56     35.644     35.372    14.2314    14.2321     0.0007    14.2262    14.2269     0.0007   4.251462   4.251447  -0.000015    35.3111    35.3103     5.6274    26.3796    26.3789         16  0.000e+00
       3206 291.665631  -38.65694  -48.98738      0.121    1505.56     35.563     35.292    14.2312    14.2315     0.0002    14.2260    14.2263     0.0002   4.251442   4.251413  -0.000029    35.3111    35.3106     5.6274    26.3797    26.3793         16  0.000e+00
       3207 291.665632  -38.65694  -48.98738      0.112    1505.56     35.563     35.292    14.2314    14.2310    -0.0004    14.2262    14.2258    -0.0004   4.251455   4.251373  -0.000082    35.3111    35.3107     5.6275    26.3797    26.3794         16  0.000e+00
       3208 291.665632  -38.65694  -48.98738      0.107    1505.56     35.563     35.292    14.2314    14.2312    -0.0002    14.2262    14.2260    -0.0002   4.251462   4.251366  -0.000095    35.3112    35.3105     5.6275    26.3797    26.3792         16  0.000e+00
       3209 291.665633  -38.65694  -48.98738      0.106    1505.56     35.644     35.372    14.2314    14.2318     0.0005    14.2262    14.2266     0.0005   4.251488   4.251420  -0.000068    35.3114    35.3103     5.6279    26.3799    26.3790         16  0.000e+00
       3210 291.665633  -38.65694  -48.98738      0.096    1505.56     35.507     35.236    14.2322    14.2328     0.0006    14.2270    14.2276     0.0006   4.251554   4.251440  -0.000114    35.3113    35.3097     5.6280    26.3796    26.3782         16  0.000e+00
