Pos-Processados/process_op41/operantar41_006.ros
* Sea-Bird SBE 9 Data File:
* FileName = C:\Users\Dell\Desktop\OperantarXLI\config\00_BRUTOS\OP41006.hdr
* Software Version Seasave V 7.26.7.110
* Temperature SN = 6497
* Conductivity SN = 4954
* Number of Bytes Per Scan = 31
* Number of Voltage Words = 2
* Number of Scans Averaged by the Deck Unit = 1
* NMEA Latitude = 42 12.54 S
* NMEA Longitude = 053 27.22 W
* NMEA UTC (Time) = Oct 22 2022 00:21:34
* NMEA baud rate = 4800
** H41
** Navio Polar Almirante Maximiano
** LH-021/2022
** Operantar XLI
** Número da Estação 006
** Latitude 42 12.640'S
** Longitude 053 27.212W
** Data/Hora (Z) 22/10/2022 00:19
** Profundidade local 5571 m
** 09-1439
** Nome do Operador CT Garla
# nquan = 24
# nvalues = 1183                                  
# units = specified
# name 0 = scan: Scan Count
# name 1 = timeJ: Julian Days
# name 2 = latitude: Latitude [deg]
# name 3 = longitude: Longitude [deg]
# name 4 = dz/dtM: Descent Rate [m/s]
# name 5 = avgsvCM: Average Sound Velocity [Chen-Millero, m/s]
# name 6 = prDM: Pressure, Digiquartz [db]
# name 7 = depSM: Depth [salt water, m]
# name 8 = t090C: Temperature [ITS-90, deg C]
# name 9 = t190C: Temperature, 2 [ITS-90, deg C]
# name 10 = T2-T190C: Temperature Difference, 2 - 1 [ITS-90, deg C]
# name 11 = potemp090C: Potential Temperature [ITS-90, deg C]
# name 12 = potemp190C: Potential Temperature, 2 [ITS-90, deg C]
# name 13 = potemp90Cdiff: Potential Temperature, Diff, 2 - 1 [ITS-90, deg C]
# name 14 = c0S/m: Conductivity [S/m]
# name 15 = c1S/m: Conductivity, 2 [S/m]
# name 16 = C2-C1S/m: Conductivity Difference, 2 - 1 [S/m]
# name 17 = sal00: Salinity, Practical [PSU]
# name 18 = sal11: Salinity, Practical, 2 [PSU]
# name 19 = sbeox0ML/L: Oxygen, SBE 43 [ml/l]
# name 20 = sigma-é00: Density [sigma-theta, kg/m^3]
# name 21 = sigma-é11: Density, 2 [sigma-theta, kg/m^3]
# name 22 = nbf: Bottles Fired
# name 23 = flag:  0.000e+00
# interval = seconds: 0.0416667
# start_time = Oct 22 2022 00:21:34 [NMEA time, header]
# bad_flag = -9.990e-29
*END*
[from data line 785]
      70335 295.048896  -42.18762  -53.45704      0.212    1478.74      8.610      8.542    12.3469    12.3469    -0.0000    12.3458    12.3458    -0.0000   4.015846   4.015796  -0.000050    34.8272    34.8267     6.0566    26.3882    26.3879         18  0.000e+00
      70336 295.048896  -42.18762  -53.45704      0.217    1478.74      8.610      8.542    12.3473    12.3469    -0.0004    12.3462    12.3458    -0.0004   4.015820   4.015789  -0.000031    34.8265    34.8266     6.0565    26.3876    26.3878         18  0.000e+00
      70337 295.048897  -42.18762  -53.45704      0.225    1478.74      8.610      8.542    12.3470    12.3471     0.0001    12.3459    12.3459     0.0001   4.015833   4.015789  -0.000044    34.8270    34.8265     6.0608    26.3880    26.3876         18  0.000e+00
      70338 295.048897  -42.18762  -53.45704      0.236    1478.74      8.731      8.662    12.3471    12.3471     0.0000    12.3459    12.3460     0.0000   4.015872   4.015809  -0.000063    34.8272    34.8266     6.0566    26.3882    26.3877         18  0.000e+00
      70339 295.048898  -42.18762  -53.45704      0.241    1478.74      8.666      8.598    12.3471    12.3469    -0.0003    12.3460    12.3458    -0.0003   4.015827   4.015881   0.000054    34.8267    34.8275     6.0604    26.3879    26.3885         18  0.000e+00
      70340 295.048898  -42.18762  -53.45704      0.249    1478.74      8.731      8.662    12.3471    12.3471    -0.0000    12.3460    12.3460    -0.0000   4.015814   4.015861   0.000048    34.8266    34.8271     6.0608    26.3877    26.3881         18  0.000e+00
      70341 295.048899  -42.18762  -53.45704      0.256    1478.74      8.674      8.606    12.3471    12.3471    -0.0000    12.3460    12.3459    -0.0000   4.015833   4.015828  -0.000005    34.8268    34.8268     6.0611    26.3879    26.3879         18  0.000e+00
      70342 295.048899  -42.18762  -53.45704      0.265    1478.74      8.731      8.662    12.3473    12.3473    -0.0001    12.3462    12.3461    -0.0001   4.015846   4.015822  -0.000024    34.8267    34.8266     6.0614    26.3878    26.3877         18  0.000e+00
      70343 295.048899  -42.18762  -53.45704      0.270    1478.74      8.731      8.662    12.3473    12.3471    -0.0003    12.3462    12.3459    -0.0003   4.015846   4.015842  -0.000004    34.8267    34.8269     6.0617    26.3878    26.3880         18  0.000e+00
      70344 295.048900  -42.18762  -53.45704      0.276    1478.74      8.787      8.718    12.3472    12.3473     0.0000    12.3461    12.3461     0.0000   4.015872   4.015855  -0.000017    34.8270    34.8268     6.0620    26.3881    26.3879         18  0.000e+00
      70345 295.048900  -42.18762  -53.45704      0.282    1478.74      8.731      8.662    12.3473    12.3472    -0.0001    12.3462    12.3461    -0.0001   4.015827   4.015835   0.000008    34.8265    34.8267     6.0665    26.3877    26.3878         18  0.000e+00
      70346 295.048901  -42.18762  -53.45704      0.289    1478.74      8.787      8.718    12.3471    12.3471    -0.0000    12.3460    12.3460    -0.0000   4.015833   4.015848   0.000015    34.8267    34.8269     6.0630    26.3879    26.3880         18  0.000e+00
      70347 295.048901  -42.18762  -53.45704      0.291    1478.74      8.787      8.718    12.3472    12.3472    -0.0000    12.3461    12.3461    -0.0000   4.015872   4.015802  -0.000070    34.8270    34.8264     6.0589    26.3881    26.3876         18  0.000e+00
      70348 295.048902  -42.18762  -53.45704      0.300    1478.74      8.852      8.782    12.3471    12.3469    -0.0002    12.3460    12.3458    -0.0002   4.015807   4.015789  -0.000018    34.8265    34.8265     6.0630    26.3876    26.3877         18  0.000e+00
      70349 295.048902  -42.18762  -53.45704      0.303    1478.74      8.787      8.718    12.3473    12.3469    -0.0004    12.3462    12.3457    -0.0004   4.015878   4.015888   0.000009    34.8270    34.8275     6.0632    26.3880    26.3885         18  0.000e+00
      70350 295.048903  -42.18762  -53.45704      0.304    1478.74      8.787      8.718    12.3474    12.3471    -0.0003    12.3463    12.3460    -0.0003   4.015859   4.015927   0.000068    34.8267    34.8277     6.0633    26.3878    26.3886         18  0.000e+00
      70351 295.048903  -42.18762  -53.45704      0.309    1478.74      8.844      8.774    12.3473    12.3474     0.0001    12.3462    12.3462     0.0001   4.015872   4.015901   0.000029    34.8269    34.8271     6.0635    26.3880    26.3881         18  0.000e+00
      70352 295.048904  -42.18762  -53.45704      0.315    1478.74      8.908      8.838    12.3473    12.3473    -0.0001    12.3462    12.3461    -0.0001   4.015853   4.015861   0.000009    34.8267    34.8269     6.0638    26.3878    26.3879         18  0.000e+00
      70353 295.048904  -42.18762  -53.45704      0.315    1478.74      8.844      8.774    12.3476    12.3471    -0.0005    12.3464    12.3459    -0.0005   4.015846   4.015802  -0.000044    34.8264    34.8265     6.0638    26.3875    26.3877         18  0.000e+00
      70354 295.048905  -42.18762  -53.45704      0.318    1478.74      8.844      8.774    12.3473    12.3471    -0.0002    12.3462    12.3460    -0.0002   4.015846   4.015835  -0.000011    34.8267    34.8268     6.0640    26.3878    26.3879         18  0.000e+00
      70355 295.048905  -42.18762  -53.45704      0.320    1478.74      8.908      8.838    12.3471    12.3471    -0.0001    12.3460    12.3459    -0.0001   4.015872   4.015881   0.000009    34.8271    34.8272     6.0641    26.3881    26.3882         18  0.000e+00
      70356 295.048906  -42.18762  -53.45704      0.317    1478.74      8.852      8.782    12.3471    12.3473     0.0002    12.3459    12.3461     0.0002   4.015827   4.015920   0.000094    34.8267    34.8275     6.0642    26.3878    26.3884         18  0.000e+00
      70357 295.048906  -42.18762  -53.45704      0.316    1478.74      8.844      8.774    12.3470    12.3471     0.0001    12.3458    12.3459     0.0001   4.015865   4.015901   0.000035    34.8272    34.8274     6.0642    26.3882    26.3884         18  0.000e+00
      70358 295.048907  -42.18762  -53.45704      0.317    1478.74      8.908      8.838    12.3471    12.3471    -0.0000    12.3460    12.3460    -0.0000   4.015853   4.015861   0.000009    34.8269    34.8270     6.0643    26.3880    26.3881         18  0.000e+00
      70359 295.048907  -42.18762  -53.45704      0.317    1478.74      8.908      8.838    12.3472    12.3472    -0.0000    12.3461    12.3460    -0.0000   4.015846   4.015829  -0.000018    34.8267    34.8266     6.0643    26.3878    26.3877         18  0.000e+00
      70360 295.048908  -42.18762  -53.45704      0.315    1478.74      8.908      8.838    12.3471    12.3473     0.0001    12.3460    12.3461     0.0001   4.015846   4.015842  -0.000004    34.8268    34.8267     6.0644    26.3879    26.3878         18  0.000e+00
      70361 295.048908  -42.18762  -53.45704      0.312    1478.74      8.908      8.838    12.3471    12.3472     0.0001    12.3460    12.3460     0.0001   4.015872   4.015914   0.000042    34.8271    34.8274     6.0644    26.3881    26.3884         18  0.000e+00
      70362 295.048909  -42.18762  -53.45704      0.311    1478.74      8.908      8.838    12.3472    12.3473     0.0000    12.3461    12.3461     0.0000   4.015807   4.015874   0.000067    34.8264    34.8270     6.0644    26.3875    26.3880         18  0.000e+00
      70363 295.048909  -42.18762  -53.45704      0.305    1478.74      8.908      8.838    12.3473    12.3471    -0.0003    12.3462    12.3459    -0.0003   4.015827   4.015907   0.000080    34.8265    34.8275     6.0639    26.3876    26.3884         18  0.000e+00
      70364 295.048910  -42.18762  -53.45704      0.301    1478.74      8.908      8.838    12.3473    12.3469    -0.0004    12.3462    12.3458    -0.0004   4.015846   4.015848   0.000002    34.8266    34.8270     6.0638    26.3877    26.3881         18  0.000e+00
      70365 295.048910  -42.18762  -53.45704      0.296    1478.74      8.908      8.838    12.3474    12.3471    -0.0004    12.3463    12.3459    -0.0004   4.015820   4.015842   0.000021    34.8263    34.8268     6.0637    26.3875    26.3879         18  0.000e+00
      70366 295.048911  -42.18762  -53.45704      0.289    1478.74      8.908      8.838    12.3475    12.3471    -0.0004    12.3463    12.3460    -0.0004   4.015866   4.015802  -0.000063    34.8267    34.8264     6.0636    26.3878    26.3876         18  0.000e+00
      70367 295.048911  -42.18762  -53.45704      0.282    1478.74      8.908      8.838    12.3473    12.3469    -0.0004    12.3462    12.3457    -0.0004   4.015807   4.015842   0.000034    34.8263    34.8270     6.0678    26.3875    26.3881         18  0.000e+00
      70368 295.048912  -42.18762  -53.45704      0.273    1478.74      8.908      8.838    12.3471    12.3469    -0.0002    12.3459    12.3458    -0.0002   4.015859   4.015855  -0.000004    34.8270    34.8271     6.0638    26.3881    26.3882         19  0.000e+00
      70369 295.048912  -42.18762  -53.45704      0.266    1478.74      8.908      8.838    12.3473    12.3471    -0.0003    12.3462    12.3459    -0.0003   4.015853   4.015855   0.000002    34.8267    34.8270     6.0640    26.3878    26.3880         19  0.000e+00
      70370 295.048913  -42.18762  -53.45704      0.259    1478.74      8.908      8.838    12.3471    12.3469    -0.0002    12.3460    12.3458    -0.0002   4.015794   4.015829   0.000034    34.8263    34.8268     6.0639    26.3875    26.3880         19  0.000e+00
      70371 295.048913  -42.18762  -53.45704      0.250    1478.74      8.908      8.838    12.3468    12.3469     0.0001    12.3456    12.3457     0.0001   4.015801   4.015842   0.000041    34.8267    34.8270     6.0637    26.3879    26.3881         19  0.000e+00
      70372 295.048913  -42.18762  -53.45704      0.236    1478.74      8.844      8.774    12.3470    12.3469    -0.0001    12.3458    12.3458    -0.0001   4.015788   4.015855   0.000067    34.8264    34.8271     6.0631    26.3876    26.3882         19  0.000e+00
      70373 295.048914  -42.18762  -53.45704      0.228    1478.74      8.908      8.838    12.3470    12.3469    -0.0001    12.3458    12.3457    -0.0001   4.015782   4.015855   0.000073    34.8263    34.8271     6.0629    26.3876    26.3882         19  0.000e+00
      70374 295.048914  -42.18762  -53.45704      0.212    1478.74      8.844      8.774    12.3469    12.3469     0.0000    12.3457    12.3458     0.0000   4.015781   4.015750  -0.000032    34.8264    34.8261     6.0626    26.3877    26.3874         19  0.000e+00
      70375 295.048915  -42.18762  -53.45704      0.207    1478.74      8.909      8.838    12.3470    12.3469    -0.0001    12.3458    12.3457    -0.0001   4.015801   4.015770  -0.000031    34.8265    34.8263     6.0624    26.3877    26.3876         19  0.000e+00
      70376 295.048915  -42.18762  -53.45704      0.192    1478.74      8.844      8.774    12.3468    12.3469     0.0001    12.3456    12.3458     0.0001   4.015756   4.015789   0.000034    34.8263    34.8265     6.0578    26.3876    26.3877         19  0.000e+00
      70377 295.048916  -42.18762  -53.45704      0.177    1478.74      8.844      8.774    12.3469    12.3469    -0.0000    12.3457    12.3457    -0.0000   4.015769   4.015835   0.000067    34.8263    34.8270     6.0609    26.3876    26.3881         19  0.000e+00
      70378 295.048916  -42.18762  -53.45704      0.168    1478.74      8.909      8.838    12.3467    12.3469     0.0003    12.3455    12.3458     0.0003   4.015801   4.015888   0.000087    34.8268    34.8274     6.0607    26.3880    26.3884         19  0.000e+00
      70379 295.048917  -42.18762  -53.45704      0.155    1478.74      8.844      8.775    12.3470    12.3469    -0.0001    12.3458    12.3457    -0.0001   4.015814   4.015861   0.000048    34.8267    34.8272     6.0603    26.3878    26.3883         19  0.000e+00
      70380 295.048917  -42.18762  -53.45704      0.141    1478.74      8.844      8.775    12.3466    12.3469     0.0004    12.3454    12.3458     0.0004   4.015814   4.015829   0.000015    34.8271    34.8269     6.0600    26.3882    26.3880         19  0.000e+00
      70381 295.048918  -42.18762  -53.45704      0.130    1478.74      8.844      8.775    12.3470    12.3469    -0.0001    12.3458    12.3457    -0.0001   4.015788   4.015796   0.000008    34.8264    34.8266     6.0515    26.3876    26.3878         19  0.000e+00
      70382 295.048918  -42.18762  -53.45704      0.115    1478.74      8.788      8.719    12.3468    12.3469     0.0001    12.3456    12.3458     0.0001   4.015781   4.015789   0.000008    34.8266    34.8265     6.0508    26.3878    26.3877         19  0.000e+00
      70383 295.048919  -42.18762  -53.45704      0.103    1478.74      8.844      8.775    12.3468    12.3469     0.0001    12.3456    12.3457     0.0001   4.015801   4.015809   0.000008    34.8268    34.8267     6.0502    26.3880    26.3879         19  0.000e+00
      70384 295.048919  -42.18762  -53.45704      0.087    1478.74      8.788      8.719    12.3470    12.3469    -0.0001    12.3458    12.3458    -0.0001   4.015788   4.015848   0.000060    34.8264    34.8271     6.0490    26.3877    26.3882         19  0.000e+00
      70385 295.048920  -42.18762  -53.45704      0.071    1478.74      8.796      8.727    12.3470    12.3469    -0.0001    12.3458    12.3457    -0.0001   4.015801   4.015829   0.000028    34.8266    34.8269     6.0480    26.3877    26.3881         19  0.000e+00
      70386 295.048920  -42.18762  -53.45704      0.055    1478.74      8.788      8.719    12.3468    12.3468    -0.0000    12.3456    12.3456    -0.0000   4.015814   4.015796  -0.000018    34.8269    34.8267     6.0474    26.3881    26.3879         19  0.000e+00
      70387 295.048921  -42.18762  -53.45704      0.045    1478.74      8.788      8.719    12.3468    12.3468    -0.0001    12.3456    12.3456    -0.0001   4.015788   4.015789   0.000001    34.8266    34.8267     6.0464    26.3878    26.3879         19  0.000e+00
      70388 295.048921  -42.18762  -53.45704      0.031    1478.74      8.788      8.719    12.3468    12.3471     0.0003    12.3456    12.3460     0.0003   4.015749   4.015789   0.000040    34.8262    34.8263     6.0501    26.3875    26.3875         19  0.000e+00
      70389 295.048922  -42.18762  -53.45704      0.017    1478.74      8.732      8.663    12.3468    12.3471     0.0003    12.3456    12.3459     0.0003   4.015743   4.015842   0.000099    34.8263    34.8269     6.0457    26.3876    26.3880         19  0.000e+00
      70390 295.048922  -42.18762  -53.45704      0.004    1478.74      8.788      8.719    12.3467    12.3469     0.0003    12.3455    12.3458     0.0003   4.015794   4.015829   0.000034    34.8268    34.8269     6.0452    26.3880    26.3880         19  0.000e+00
      70391 295.048923  -42.18762  -53.45704     -0.010    1478.74      8.732      8.663    12.3465    12.3469     0.0004    12.3454    12.3457     0.0004   4.015756   4.015822   0.000066    34.8266    34.8269     6.0447    26.3879    26.3880         19  0.000e+00
      70392 295.048923  -42.18762  -53.45704     -0.027    1478.74      8.675      8.607    12.3466    12.3469     0.0004    12.3454    12.3458     0.0004   4.015743   4.015822   0.000079    34.8265    34.8269     6.0442    26.3877    26.3880         19  0.000e+00
      70393 295.048924  -42.18762  -53.45704     -0.038    1478.74      8.732      8.663    12.3463    12.3469     0.0006    12.3452    12.3457     0.0006   4.015717   4.015822   0.000105    34.8264    34.8269     6.0439    26.3878    26.3880         19  0.000e+00
      70394 295.048924  -42.18762  -53.45704     -0.055    1478.74      8.667      8.599    12.3467    12.3468     0.0001    12.3455    12.3456     0.0001   4.015710   4.015763   0.000053    34.8261    34.8265     6.0438    26.3874    26.3877         19  0.000e+00
