Pos-Processados/process_op41/operantar41_020.ros
* Sea-Bird SBE 9 Data File:
* FileName = C:\Users\Dell\Desktop\OperantarXLI\config\00_BRUTOS\OPE41020.hdr
* Software Version Seasave V 7.26.7.110
* Temperature SN = 6497
* Conductivity SN = 4954
* Number of Bytes Per Scan = 34
* Number of Voltage Words = 3
* Number of Scans Averaged by the Deck Unit = 1
* NMEA Latitude = 62 42.00 S
* NMEA Longitude = 058 53.83 W
* NMEA UTC (Time) = Nov 11 2022 06:25:21
* NMEA baud rate = 4800
** H41
** Navio Polar Almirante Maximiano
** LH-021/2022
** Operantar XLI
** Número da Estação 020
** Latitude 62´41.887S
** Longitude 058 53.875W
** Data/Hora (Z) 11/11/2022  0620
** Profundidade local 1497
** 09-1439
** Nome do Operador 1T FILIPE LOPES
# nquan = 24
# nvalues = 1134                                  
# units = specified
# name 0 = scan: Scan Count
# name 1 = timeJ: Julian Days
# name 2 = latitude: Latitude [deg]
# name 3 = longitude: Longitude [deg]
# name 4 = dz/dtM: Descent Rate [m/s]
# name 5 = avgsvCM: Average Sound Velocity [Chen-Millero, m/s]
# name 6 = prDM: Pressure, Digiquartz [db]
# name 7 = depSM: Depth [salt water, m]
# name 8 = t090C: Temperature [ITS-90, deg C]
# name 9 = t190C: Temperature, 2 [ITS-90, deg C]
# name 10 = T2-T190C: Temperature Difference, 2 - 1 [ITS-90, deg C]
# name 11 = potemp090C: Potential Temperature [ITS-90, deg C]
# name 12 = potemp190C: Potential Temperature, 2 [ITS-90, deg C]
# name 13 = potemp90Cdiff: Potential Temperature, Diff, 2 - 1 [ITS-90, deg C]
# name 14 = c0S/m: Conductivity [S/m]
# name 15 = c1S/m: Conductivity, 2 [S/m]
# name 16 = C2-C1S/m: Conductivity Difference, 2 - 1 [S/m]
# name 17 = sal00: Salinity, Practical [PSU]
# name 18 = sal11: Salinity, Practical, 2 [PSU]
# name 19 = sbeox0ML/L: Oxygen, SBE 43 [ml/l]
# name 20 = sigma-é00: Density [sigma-theta, kg/m^3]
# name 21 = sigma-é11: Density, 2 [sigma-theta, kg/m^3]
# name 22 = nbf: Bottles Fired
# name 23 = flag:  0.000e+00
# interval = seconds: 0.0416667
# start_time = Nov 11 2022 06:25:21 [NMEA time, header]
# bad_flag = -9.990e-29
*END*
[from data line 1087]
      80470 315.306411  -62.71062  -58.88356      0.207    1456.51     36.261     35.909    -0.9453    -0.9454    -0.0001    -0.9463    -0.9463    -0.0001   2.776835   2.776781  -0.000054    34.3512    34.3506     7.6708    27.6255    27.6250         12  0.000e+00
      80471 315.306411  -62.71062  -58.88356      0.213    1456.51     36.253     35.901    -0.9450    -0.9451    -0.0001    -0.9460    -0.9460    -0.0001   2.776835   2.776810  -0.000025    34.3509    34.3506     7.6701    27.6252    27.6250         12  0.000e+00
      80472 315.306412  -62.71062  -58.88356      0.219    1456.51     36.253     35.901    -0.9450    -0.9454    -0.0004    -0.9460    -0.9463    -0.0004   2.776801   2.776832   0.000031    34.3504    34.3513     7.6695    27.6249    27.6256         12  0.000e+00
      80473 315.306412  -62.71062  -58.88356      0.228    1456.51     36.326     35.972    -0.9451    -0.9459    -0.0008    -0.9461    -0.9468    -0.0008   2.776785   2.776781  -0.000003    34.3503    34.3511     7.6689    27.6248    27.6255         12  0.000e+00
      80474 315.306413  -62.71062  -58.88356      0.235    1456.51     36.310     35.956    -0.9453    -0.9466    -0.0013    -0.9463    -0.9476    -0.0013   2.776790   2.776702  -0.000088    34.3506    34.3509     7.6681    27.6250    27.6253         12  0.000e+00
      80475 315.306413  -62.71062  -58.88356      0.241    1456.51     36.326     35.972    -0.9451    -0.9474    -0.0022    -0.9461    -0.9483    -0.0022   2.776846   2.776622  -0.000224    34.3511    34.3507     7.6684    27.6254    27.6251         12  0.000e+00
      80476 315.306413  -62.71062  -58.88356      0.246    1456.51     36.310     35.956    -0.9451    -0.9479    -0.0028    -0.9461    -0.9489    -0.0028   2.776779   2.776622  -0.000157    34.3502    34.3513     7.6676    27.6247    27.6256         12  0.000e+00
      80477 315.306414  -62.71062  -58.88356      0.253    1456.51     36.374     36.020    -0.9451    -0.9480    -0.0029    -0.9461    -0.9490    -0.0029   2.776801   2.776668  -0.000134    34.3505    34.3520     7.6668    27.6249    27.6262         12  0.000e+00
      80478 315.306414  -62.71062  -58.88356      0.259    1456.51     36.326     35.972    -0.9451    -0.9475    -0.0024    -0.9461    -0.9485    -0.0024   2.776768   2.776742  -0.000026    34.3501    34.3525     7.6659    27.6246    27.6266         12  0.000e+00
      80479 315.306415  -62.71062  -58.88356      0.267    1456.51     36.430     36.076    -0.9458    -0.9466    -0.0009    -0.9467    -0.9476    -0.0009   2.776723   2.776747   0.000024    34.3501    34.3514     7.6663    27.6247    27.6257         12  0.000e+00
      80480 315.306415  -62.71062  -58.88356      0.275    1456.51     36.382     36.028    -0.9465    -0.9466    -0.0001    -0.9475    -0.9476    -0.0001   2.776706   2.776696  -0.000010    34.3508    34.3508     7.6731    27.6252    27.6252         12  0.000e+00
      80481 315.306416  -62.71062  -58.88356      0.280    1456.51     36.430     36.076    -0.9467    -0.9471    -0.0004    -0.9476    -0.9481    -0.0004   2.776673   2.776702   0.000029    34.3505    34.3514     7.6733    27.6250    27.6257         12  0.000e+00
      80482 315.306416  -62.71062  -58.88356      0.284    1456.51     36.430     36.076    -0.9465    -0.9475    -0.0010    -0.9475    -0.9485    -0.0010   2.776729   2.776690  -0.000038    34.3511    34.3517     7.6733    27.6255    27.6260         12  0.000e+00
      80483 315.306417  -62.71062  -58.88356      0.290    1456.51     36.438     36.084    -0.9465    -0.9480    -0.0015    -0.9475    -0.9490    -0.0015   2.776740   2.776622  -0.000118    34.3513    34.3513     7.6678    27.6256    27.6257         12  0.000e+00
      80484 315.306417  -62.71062  -58.88356      0.299    1456.51     36.487     36.132    -0.9465    -0.9483    -0.0018    -0.9475    -0.9493    -0.0018   2.776734   2.776565  -0.000169    34.3511    34.3509     7.6743    27.6255    27.6254         12  0.000e+00
      80485 315.306418  -62.71062  -58.88356      0.302    1456.51     36.438     36.084    -0.9467    -0.9491    -0.0024    -0.9476    -0.9501    -0.0024   2.776712   2.776537  -0.000175    34.3510    34.3514     7.6687    27.6254    27.6258         12  0.000e+00
      80486 315.306418  -62.71062  -58.88356      0.303    1456.51     36.487     36.132    -0.9468    -0.9497    -0.0029    -0.9478    -0.9507    -0.0029   2.776650   2.776565  -0.000085    34.3503    34.3525     7.6753    27.6248    27.6267         12  0.000e+00
      80487 315.306419  -62.71062  -58.88356      0.308    1456.51     36.487     36.132    -0.9473    -0.9499    -0.0026    -0.9483    -0.9509    -0.0026   2.776650   2.776577  -0.000074    34.3509    34.3528     7.6687    27.6253    27.6270         12  0.000e+00
      80488 315.306419  -62.71062  -58.88356      0.315    1456.51     36.503     36.148    -0.9477    -0.9502    -0.0024    -0.9487    -0.9512    -0.0024   2.776577   2.776520  -0.000058    34.3504    34.3524     7.6686    27.6249    27.6266         12  0.000e+00
      80489 315.306420  -62.71062  -58.88356      0.319    1456.51     36.608     36.252    -0.9482    -0.9500    -0.0018    -0.9492    -0.9510    -0.0018   2.776572   2.776480  -0.000092    34.3508    34.3516     7.6687    27.6252    27.6260         12  0.000e+00
      80490 315.306420  -62.71062  -58.88356      0.323    1456.51     36.503     36.148    -0.9492    -0.9502    -0.0010    -0.9501    -0.9512    -0.0010   2.776493   2.776531   0.000038    34.3508    34.3525     7.6686    27.6254    27.6268         12  0.000e+00
      80491 315.306421  -62.71062  -58.88356      0.331    1456.51     36.608     36.252    -0.9493    -0.9503    -0.0011    -0.9502    -0.9513    -0.0011   2.776533   2.776537   0.000004    34.3514    34.3527     7.6674    27.6258    27.6269         12  0.000e+00
      80492 315.306421  -62.71064  -58.88356      0.335    1456.51     36.608     36.252    -0.9492    -0.9503    -0.0012    -0.9501    -0.9513    -0.0012   2.776527   2.776486  -0.000041    34.3512    34.3520     7.6661    27.6257    27.6264         12  0.000e+00
      80493 315.306422  -62.71064  -58.88356      0.333    1456.51     36.559     36.204    -0.9492    -0.9505    -0.0013    -0.9501    -0.9514    -0.0013   2.776527   2.776435  -0.000092    34.3513    34.3515     7.6658    27.6257    27.6259         12  0.000e+00
      80494 315.306422  -62.71064  -58.88356      0.341    1456.51     36.672     36.315    -0.9494    -0.9510    -0.0015    -0.9504    -0.9520    -0.0015   2.776544   2.776457  -0.000086    34.3518    34.3523     7.6657    27.6261    27.6266         12  0.000e+00
      80495 315.306423  -62.71064  -58.88356      0.343    1456.51     36.624     36.268    -0.9493    -0.9506    -0.0014    -0.9502    -0.9516    -0.0014   2.776533   2.776508  -0.000024    34.3514    34.3527     7.6653    27.6258    27.6269         12  0.000e+00
      80496 315.306423  -62.71064  -58.88356      0.344    1456.51     36.608     36.252    -0.9497    -0.9503    -0.0006    -0.9507    -0.9513    -0.0006   2.776505   2.776508   0.000004    34.3516    34.3523     7.6651    27.6260    27.6266         12  0.000e+00
      80497 315.306424  -62.71064  -58.88356      0.350    1456.51     36.672     36.315    -0.9498    -0.9506    -0.0008    -0.9508    -0.9516    -0.0008   2.776482   2.776480  -0.000002    34.3513    34.3522     7.6650    27.6258    27.6265         12  0.000e+00
      80498 315.306424  -62.71064  -58.88356      0.351    1456.51     36.680     36.323    -0.9502    -0.9506    -0.0004    -0.9512    -0.9516    -0.0004   2.776493   2.776435  -0.000059    34.3519    34.3516     7.6648    27.6263    27.6260         12  0.000e+00
      80499 315.306425  -62.71064  -58.88356      0.358    1456.51     36.729     36.371    -0.9503    -0.9508    -0.0005    -0.9513    -0.9518    -0.0005   2.776499   2.776440  -0.000059    34.3521    34.3519     7.6646    27.6264    27.6262         12  0.000e+00
      80500 315.306425  -62.71064  -58.88356      0.358    1456.51     36.729     36.371    -0.9502    -0.9510    -0.0008    -0.9512    -0.9520    -0.0008   2.776499   2.776463  -0.000036    34.3520    34.3524     7.6643    27.6263    27.6267         12  0.000e+00
      80501 315.306426  -62.71064  -58.88356      0.361    1456.51     36.737     36.379    -0.9503    -0.9514    -0.0011    -0.9513    -0.9524    -0.0011   2.776477   2.776457  -0.000019    34.3518    34.3528     7.6641    27.6262    27.6270         12  0.000e+00
      80502 315.306426  -62.71064  -58.88356      0.362    1456.51     36.729     36.371    -0.9503    -0.9514    -0.0011    -0.9513    -0.9524    -0.0011   2.776454   2.776406  -0.000048    34.3515    34.3521     7.6638    27.6259    27.6265         12  0.000e+00
      80503 315.306427  -62.71064  -58.88356      0.365    1456.51     36.801     36.443    -0.9505    -0.9516    -0.0011    -0.9515    -0.9526    -0.0011   2.776443   2.776395  -0.000048    34.3515    34.3521     7.6648    27.6260    27.6265         12  0.000e+00
      80504 315.306427  -62.71064  -58.88356      0.366    1456.51     36.729     36.371    -0.9507    -0.9516    -0.0009    -0.9517    -0.9525    -0.0009   2.776443   2.776452   0.000009    34.3518    34.3529     7.6580    27.6262    27.6271         12  0.000e+00
      80505 315.306427  -62.71064  -58.88356      0.364    1456.51     36.785     36.427    -0.9508    -0.9511    -0.0003    -0.9518    -0.9521    -0.0003   2.776465   2.776457  -0.000008    34.3522    34.3524     7.6633    27.6265    27.6267         12  0.000e+00
      80506 315.306428  -62.71064  -58.88356      0.369    1456.51     36.801     36.443    -0.9513    -0.9514    -0.0001    -0.9523    -0.9524    -0.0001   2.776376   2.776406   0.000030    34.3515    34.3521     7.6633    27.6260    27.6264         12  0.000e+00
      80507 315.306428  -62.71064  -58.88356      0.368    1456.51     36.785     36.427    -0.9508    -0.9516    -0.0008    -0.9518    -0.9526    -0.0008   2.776415   2.776355  -0.000060    34.3515    34.3516     7.6630    27.6259    27.6260         12  0.000e+00
      80508 315.306429  -62.71064  -58.88356      0.370    1456.51     36.857     36.499    -0.9511    -0.9517    -0.0007    -0.9520    -0.9527    -0.0007   2.776443   2.776401  -0.000043    34.3521    34.3523     7.6629    27.6264    27.6266         12  0.000e+00
      80509 315.306429  -62.71064  -58.88356      0.369    1456.51     36.849     36.491    -0.9508    -0.9514    -0.0006    -0.9518    -0.9524    -0.0006   2.776443   2.776418  -0.000025    34.3518    34.3522     7.6627    27.6262    27.6265         12  0.000e+00
      80510 315.306430  -62.71064  -58.88356      0.370    1456.51     36.849     36.491    -0.9510    -0.9514    -0.0004    -0.9520    -0.9524    -0.0004   2.776426   2.776457   0.000031    34.3518    34.3527     7.6626    27.6262    27.6270         12  0.000e+00
      80511 315.306430  -62.71064  -58.88356      0.372    1456.51     36.857     36.499    -0.9510    -0.9517    -0.0007    -0.9520    -0.9527    -0.0007   2.776437   2.776435  -0.000003    34.3520    34.3528     7.6624    27.6263    27.6270         12  0.000e+00
      80512 315.306431  -62.71064  -58.88356      0.366    1456.51     36.849     36.491    -0.9510    -0.9516    -0.0006    -0.9520    -0.9525    -0.0006   2.776443   2.776401  -0.000043    34.3520    34.3521     7.6622    27.6264    27.6265         12  0.000e+00
      80513 315.306431  -62.71064  -58.88356      0.369    1456.51     36.922     36.563    -0.9508    -0.9519    -0.0011    -0.9518    -0.9529    -0.0011   2.776409   2.776412   0.000002    34.3513    34.3526     7.6621    27.6258    27.6269         12  0.000e+00
      80514 315.306432  -62.71064  -58.88356      0.363    1456.51     36.849     36.491    -0.9507    -0.9519    -0.0012    -0.9517    -0.9529    -0.0012   2.776449   2.776418  -0.000031    34.3518    34.3527     7.6618    27.6262    27.6270         12  0.000e+00
      80515 315.306432  -62.71064  -58.88356      0.362    1456.51     36.906     36.547    -0.9507    -0.9520    -0.0013    -0.9517    -0.9530    -0.0013   2.776437   2.776401  -0.000037    34.3516    34.3526     7.6617    27.6260    27.6269         12  0.000e+00
      80516 315.306433  -62.71064  -58.88356      0.359    1456.51     36.922     36.563    -0.9508    -0.9519    -0.0011    -0.9518    -0.9529    -0.0011   2.776460   2.776395  -0.000065    34.3520    34.3524     7.6615    27.6264    27.6267         12  0.000e+00
