Pos-Processados/process_op41/operantar41_012.ros
* Sea-Bird SBE 9 Data File:
* FileName = C:\Users\Dell\Desktop\OperantarXLI\config\00_BRUTOS\OPE41012.hdr
* Software Version Seasave V 7.26.7.110
* Temperature SN = 6497
* Conductivity SN = 4954
* Number of Bytes Per Scan = 31
* Number of Voltage Words = 2
* Number of Scans Averaged by the Deck Unit = 1
* NMEA Latitude = 44 01.70 S
* NMEA Longitude = 051 51.61 W
* NMEA UTC (Time) = Oct 23 2022 17:02:32
* NMEA baud rate = 4800
** H41
** Navio Polar Almirante Maximiano
** LH-021/2022
** Operantar XLI
** Número da Estação 012
** Latitude 44 1.216' S
** Longitude 51 51.952' W
** Data/Hora (Z) 23/10/2022 1702Z
** Profundidade local 5745 m
** 09-1439
** Nome do Operador 1T FILIPE LOPES
# nquan = 24
# nvalues = 1038                                  
# units = specified
# name 0 = scan: Scan Count
# name 1 = timeJ: Julian Days
# name 2 = latitude: Latitude [deg]
# name 3 = longitude: Longitude [deg]
# name 4 = dz/dtM: Descent Rate [m/s]
# name 5 = avgsvCM: Average Sound Velocity [Chen-Millero, m/s]
# name 6 = prDM: Pressure, Digiquartz [db]
# name 7 = depSM: Depth [salt water, m]
# name 8 = t090C: Temperature [ITS-90, deg C]
# name 9 = t190C: Temperature, 2 [ITS-90, deg C]
# name 10 = T2-T190C: Temperature Difference, 2 - 1 [ITS-90, deg C]
# name 11 = potemp090C: Potential Temperature [ITS-90, deg C]
# name 12 = potemp190C: Potential Temperature, 2 [ITS-90, deg C]
# name 13 = potemp90Cdiff: Potential Temperature, Diff, 2 - 1 [ITS-90, deg C]
# name 14 = c0S/m: Conductivity [S/m]
# name 15 = c1S/m: Conductivity, 2 [S/m]
# name 16 = C2-C1S/m: Conductivity Difference, 2 - 1 [S/m]
# name 17 = sal00: Salinity, Practical [PSU]
# name 18 = sal11: Salinity, Practical, 2 [PSU]
# name 19 = sbeox0ML/L: Oxygen, SBE 43 [ml/l]
# name 20 = sigma-é00: Density [sigma-theta, kg/m^3]
# name 21 = sigma-é11: Density, 2 [sigma-theta, kg/m^3]
# name 22 = nbf: Bottles Fired
# name 23 = flag:  0.000e+00
# interval = seconds: 0.0416667
# start_time = Oct 23 2022 17:02:32 [NMEA time, header]
# bad_flag = -9.990e-29
*END*
[from data line 61]
       6663 296.713305  -44.02868  -51.85746      0.096    1506.04     21.332     21.159    14.4190    14.4166    -0.0024    14.4159    14.4135    -0.0024   4.296029   4.295895  -0.000134    35.5584    35.5594     5.5357    26.5300    26.5313          3  0.000e+00
       6664 296.713306  -44.02868  -51.85746      0.107    1506.04     21.388     21.215    14.4175    14.4168    -0.0007    14.4143    14.4136    -0.0007   4.295943   4.295895  -0.000048    35.5590    35.5592     5.5401    26.5308    26.5311          3  0.000e+00
       6665 296.713306  -44.02868  -51.85746      0.118    1506.04     21.380     21.207    14.4176    14.4168    -0.0008    14.4144    14.4136    -0.0008   4.295936   4.295895  -0.000041    35.5588    35.5592     5.5367    26.5307    26.5311          3  0.000e+00
       6666 296.713307  -44.02868  -51.85746      0.125    1506.04     21.388     21.215    14.4165    14.4170     0.0005    14.4133    14.4138     0.0005   4.295857   4.295861   0.000005    35.5591    35.5587     5.5364    26.5311    26.5307          3  0.000e+00
       6667 296.713307  -44.02868  -51.85746      0.138    1506.04     21.444     21.271    14.4158    14.4168     0.0010    14.4126    14.4136     0.0010   4.295770   4.295855   0.000084    35.5589    35.5588     5.5404    26.5311    26.5308          3  0.000e+00
       6668 296.713308  -44.02868  -51.85744      0.147    1506.04     21.388     21.215    14.4156    14.4168     0.0011    14.4125    14.4136     0.0011   4.295724   4.295794   0.000070    35.5586    35.5582     5.5406    26.5310    26.5304          3  0.000e+00
       6669 296.713308  -44.02868  -51.85744      0.159    1506.04     21.444     21.271    14.4150    14.4159     0.0009    14.4119    14.4128     0.0009   4.295717   4.295700  -0.000017    35.5591    35.5581     5.5409    26.5315    26.5305          3  0.000e+00
       6670 296.713309  -44.02868  -51.85744      0.169    1506.04     21.509     21.335    14.4153    14.4141    -0.0012    14.4122    14.4109    -0.0012   4.295770   4.295478  -0.000293    35.5593    35.5578     5.5411    26.5316    26.5306          3  0.000e+00
       6671 296.713309  -44.02868  -51.85744      0.183    1506.04     21.509     21.335    14.4168    14.4132    -0.0036    14.4137    14.4100    -0.0036   4.295950   4.295471  -0.000479    35.5596    35.5585     5.5411    26.5314    26.5314          3  0.000e+00
       6672 296.713310  -44.02868  -51.85744      0.192    1506.04     21.501     21.327    14.4177    14.4125    -0.0051    14.4145    14.4094    -0.0051   4.296010   4.295404  -0.000606    35.5594    35.5585     5.5452    26.5311    26.5315          3  0.000e+00
       6673 296.713310  -44.02868  -51.85744      0.203    1506.04     21.509     21.335    14.4178    14.4120    -0.0058    14.4146    14.4088    -0.0058   4.295950   4.295707  -0.000243    35.5587    35.5618     5.5457    26.5306    26.5342          3  0.000e+00
       6674 296.713311  -44.02868  -51.85744      0.214    1506.04     21.565     21.391    14.4173    14.4159    -0.0014    14.4142    14.4128    -0.0014   4.295963   4.296064   0.000101    35.5592    35.5614     5.5383    26.5311    26.5331          3  0.000e+00
       6675 296.713311  -44.02868  -51.85744      0.227    1506.04     21.565     21.391    14.4175    14.4185     0.0010    14.4143    14.4153     0.0010   4.295976   4.296178   0.000202    35.5592    35.5602     5.5380    26.5310    26.5315          3  0.000e+00
       6676 296.713312  -44.02868  -51.85744      0.236    1506.04     21.565     21.391    14.4183    14.4193     0.0010    14.4151    14.4162     0.0010   4.296083   4.296171   0.000089    35.5594    35.5593     5.5417    26.5310    26.5307          3  0.000e+00
       6677 296.713312  -44.02868  -51.85744      0.246    1506.04     21.621     21.447    14.4187    14.4195     0.0008    14.4156    14.4163     0.0008   4.296089   4.296151   0.000062    35.5591    35.5589     5.5418    26.5306    26.5304          3  0.000e+00
       6678 296.713313  -44.02868  -51.85744      0.256    1506.04     21.565     21.391    14.4185    14.4197     0.0012    14.4153    14.4165     0.0012   4.296056   4.296124   0.000068    35.5590    35.5585     5.5379    26.5306    26.5300          3  0.000e+00
       6679 296.713313  -44.02868  -51.85744      0.271    1506.04     21.678     21.503    14.4178    14.4193     0.0015    14.4147    14.4161     0.0015   4.295963   4.296057   0.000094    35.5587    35.5582     5.5418    26.5305    26.5298          3  0.000e+00
       6680 296.713314  -44.02868  -51.85744      0.285    1506.04     21.686     21.511    14.4163    14.4192     0.0028    14.4131    14.4160     0.0028   4.295877   4.296064   0.000187    35.5593    35.5584     5.5420    26.5314    26.5301          3  0.000e+00
       6681 296.713314  -44.02868  -51.85744      0.291    1506.04     21.621     21.447    14.4155    14.4192     0.0037    14.4123    14.4160     0.0037   4.295804   4.296016   0.000213    35.5595    35.5580     5.5381    26.5316    26.5297          3  0.000e+00
       6682 296.713315  -44.02868  -51.85744      0.302    1506.04     21.742     21.567    14.4154    14.4185     0.0031    14.4122    14.4153     0.0031   4.295790   4.295942   0.000152    35.5594    35.5579     5.5419    26.5316    26.5298          3  0.000e+00
       6683 296.713315  -44.02868  -51.85744      0.309    1506.04     21.630     21.455    14.4158    14.4177     0.0019    14.4126    14.4145     0.0019   4.295930   4.295868  -0.000062    35.5603    35.5580     5.5378    26.5322    26.5301          3  0.000e+00
       6684 296.713315  -44.02868  -51.85744      0.318    1506.04     21.799     21.622    14.4166    14.4171     0.0005    14.4134    14.4139     0.0005   4.295976   4.295828  -0.000148    35.5599    35.5581     5.5375    26.5317    26.5302          3  0.000e+00
       6685 296.713316  -44.02868  -51.85744      0.332    1506.04     21.742     21.567    14.4173    14.4164    -0.0009    14.4141    14.4132    -0.0009   4.295996   4.295707  -0.000290    35.5595    35.5576     5.5411    26.5312    26.5300          3  0.000e+00
       6686 296.713316  -44.02868  -51.85744      0.337    1506.04     21.742     21.567    14.4169    14.4146    -0.0023    14.4137    14.4114    -0.0023   4.295950   4.295424  -0.000526    35.5594    35.5567     5.5372    26.5313    26.5297          3  0.000e+00
       6687 296.713317  -44.02868  -51.85744      0.348    1506.04     21.807     21.630    14.4160    14.4134    -0.0026    14.4128    14.4102    -0.0026   4.295830   4.295559  -0.000272    35.5591    35.5590     5.5370    26.5313    26.5317          3  0.000e+00
       6688 296.713317  -44.02868  -51.85744      0.347    1506.04     21.686     21.511    14.4150    14.4153     0.0003    14.4118    14.4121     0.0003   4.295704   4.295882   0.000178    35.5589    35.5603     5.5368    26.5313    26.5324          3  0.000e+00
       6689 296.713318  -44.02868  -51.85744      0.359    1506.04     21.863     21.686    14.4136    14.4173     0.0037    14.4104    14.4141     0.0037   4.295598   4.296077   0.000479    35.5591    35.5602     5.5367    26.5318    26.5318          3  0.000e+00
       6690 296.713318  -44.02868  -51.85744      0.365    1506.04     21.807     21.630    14.4132    14.4183     0.0052    14.4100    14.4151     0.0052   4.295571   4.296118   0.000546    35.5593    35.5596     5.5364    26.5320    26.5312          4  0.000e+00
       6691 296.713319  -44.02868  -51.85744      0.370    1506.04     21.863     21.686    14.4131    14.4190     0.0059    14.4099    14.4158     0.0059   4.295538   4.296057   0.000519    35.5590    35.5584     5.5365    26.5318    26.5301          4  0.000e+00
       6692 296.713319  -44.02868  -51.85742      0.376    1506.04     21.863     21.686    14.4128    14.4180     0.0052    14.4096    14.4148     0.0052   4.295611   4.295841   0.000230    35.5600    35.5574     5.5326    26.5326    26.5295          4  0.000e+00
       6693 296.713320  -44.02868  -51.85742      0.381    1506.04     21.863     21.686    14.4136    14.4161     0.0025    14.4104    14.4129     0.0025   4.295724   4.295612  -0.000112    35.5603    35.5570     5.5358    26.5327    26.5296          4  0.000e+00
       6694 296.713320  -44.02868  -51.85742      0.387    1506.04     21.863     21.686    14.4143    14.4146     0.0002    14.4111    14.4114     0.0002   4.295757   4.295451  -0.000307    35.5600    35.5569     5.5359    26.5323    26.5299          4  0.000e+00
       6695 296.713321  -44.02868  -51.85742      0.392    1506.04     21.927     21.750    14.4145    14.4132    -0.0013    14.4112    14.4100    -0.0013   4.295638   4.295498  -0.000140    35.5587    35.5586     5.5357    26.5313    26.5314          4  0.000e+00
       6696 296.713321  -44.02868  -51.85742      0.394    1506.04     21.919     21.742    14.4134    14.4132    -0.0002    14.4102    14.4100    -0.0002   4.295578   4.295498  -0.000080    35.5591    35.5586     5.5355    26.5318    26.5314          4  0.000e+00
       6697 296.713322  -44.02868  -51.85742      0.391    1506.04     21.863     21.686    14.4133    14.4124    -0.0010    14.4101    14.4091    -0.0010   4.295571   4.295458  -0.000114    35.5592    35.5590     5.5352    26.5319    26.5320          4  0.000e+00
       6698 296.713322  -44.02868  -51.85742      0.394    1506.04     21.976     21.798    14.4138    14.4120    -0.0018    14.4106    14.4088    -0.0018   4.295651   4.295478  -0.000173    35.5594    35.5594     5.5350    26.5319    26.5324          4  0.000e+00
       6699 296.713323  -44.02868  -51.85742      0.398    1506.04     21.927     21.750    14.4140    14.4120    -0.0019    14.4107    14.4088    -0.0019   4.295678   4.295491  -0.000186    35.5595    35.5596     5.5347    26.5320    26.5325          4  0.000e+00
       6700 296.713323  -44.02868  -51.85742      0.393    1506.04     21.919     21.742    14.4145    14.4124    -0.0021    14.4113    14.4091    -0.0021   4.295678   4.295491  -0.000186    35.5591    35.5593     5.5344    26.5315    26.5322          4  0.000e+00
       6701 296.713324  -44.02868  -51.85742      0.394    1506.04     21.984     21.806    14.4143    14.4129    -0.0015    14.4111    14.4096    -0.0015   4.295678   4.295572  -0.000106    35.5592    35.5596     5.5342    26.5317    26.5323          4  0.000e+00
       6702 296.713324  -44.02868  -51.85742      0.397    1506.04     21.984     21.806    14.4131    14.4136     0.0005    14.4099    14.4103     0.0005   4.295565   4.295707   0.000142    35.5592    35.5601     5.5300    26.5320    26.5326          4  0.000e+00
       6703 296.713325  -44.02868  -51.85742      0.394    1506.04     21.976     21.798    14.4120    14.4148     0.0028    14.4087    14.4115     0.0028   4.295452   4.295747   0.000295    35.5593    35.5594     5.5299    26.5323    26.5318          4  0.000e+00
       6704 296.713325  -44.02868  -51.85742      0.390    1506.04     21.927     21.750    14.4112    14.4149     0.0037    14.4080    14.4117     0.0037   4.295392   4.295707   0.000315    35.5594    35.5589     5.5254    26.5325    26.5313          4  0.000e+00
       6705 296.713326  -44.02868  -51.85742      0.390    1506.04     22.040     21.862    14.4110    14.4151     0.0041    14.4077    14.4118     0.0041   4.295412   4.295734   0.000322    35.5598    35.5590     5.5286    26.5329    26.5314          4  0.000e+00
       6706 296.713326  -44.02868  -51.85742      0.382    1506.04     21.984     21.806    14.4111    14.4146     0.0035    14.4079    14.4113     0.0035   4.295445   4.295633   0.000187    35.5600    35.5585     5.5241    26.5330    26.5311          4  0.000e+00
       6707 296.713327  -44.02868  -51.85742      0.383    1506.04     22.040     21.862    14.4120    14.4137     0.0018    14.4087    14.4105     0.0018   4.295512   4.295538   0.000027    35.5598    35.5584     5.5235    26.5327    26.5312          4  0.000e+00
       6708 296.713327  -44.02868  -51.85742      0.374    1506.04     21.984     21.806    14.4123    14.4134     0.0011    14.4090    14.4102     0.0011   4.295558   4.295525  -0.000033    35.5600    35.5586     5.5230    26.5327    26.5314          4  0.000e+00
       6709 296.713328  -44.02868  -51.85742      0.371    1506.04     22.040     21.862    14.4113    14.4134     0.0021    14.4081    14.4102     0.0021   4.295459   4.295545   0.000087    35.5599    35.5588     5.5224    26.5329    26.5316          4  0.000e+00
       6710 296.713328  -44.02868  -51.85742      0.363    1506.04     21.976     21.798    14.4101    14.4134     0.0033    14.4068    14.4102     0.0033   4.295366   4.295586   0.000220    35.5602    35.5592     5.5218    26.5334    26.5319          4  0.000e+00
       6711 296.713329  -44.02868  -51.85742      0.356    1506.04     22.040     21.862    14.4111    14.4134     0.0022    14.4079    14.4101     0.0022   4.295485   4.295518   0.000033    35.5603    35.5586     5.5210    26.5333    26.5314          4  0.000e+00
       6712 296.713329  -44.02868  -51.85742      0.349    1506.04     22.040     21.862    14.4123    14.4129     0.0006    14.4090    14.4097     0.0006   4.295585   4.295512  -0.000073    35.5602    35.5589     5.5202    26.5329    26.5318          4  0.000e+00
       6713 296.713329  -44.02868  -51.85742      0.343    1506.04     22.040     21.862    14.4134    14.4132    -0.0001    14.4101    14.4100    -0.0001   4.295631   4.295464  -0.000167    35.5596    35.5582     5.5198    26.5322    26.5312          4  0.000e+00
       6714 296.713330  -44.02868  -51.85742      0.331    1506.04     21.976     21.798    14.4134    14.4130    -0.0004    14.4102    14.4098    -0.0004   4.295644   4.295559  -0.000086    35.5597    35.5593     5.5192    26.5322    26.5320          4  0.000e+00
       6715 296.713330  -44.02868  -51.85742      0.325    1506.04     22.105     21.926    14.4136    14.4141     0.0004    14.4104    14.4108     0.0004   4.295645   4.295842   0.000197    35.5595    35.5609     5.5187    26.5320    26.5330          4  0.000e+00
       6716 296.713331  -44.02868  -51.85742      0.314    1506.04     21.984     21.806    14.4131    14.4178     0.0047    14.4099    14.4146     0.0047   4.295558   4.296178   0.000620    35.5592    35.5606     5.5145    26.5319    26.5320          4  0.000e+00
       6717 296.713331  -44.02868  -51.85742      0.302    1506.04     22.040     21.862    14.4115    14.4195     0.0080    14.4082    14.4163     0.0080   4.295392   4.296124   0.000732    35.5591    35.5585     5.5143    26.5322    26.5300          5  0.000e+00
       6718 296.713332  -44.02868  -51.85742      0.292    1506.04     22.040     21.862    14.4099    14.4183     0.0084    14.4067    14.4151     0.0084   4.295293   4.295996   0.000704    35.5596    35.5584     5.5180    26.5330    26.5302          5  0.000e+00
       6719 296.713332  -44.02868  -51.85742      0.284    1506.04     22.040     21.862    14.4096    14.4190     0.0094    14.4064    14.4158     0.0094   4.295299   4.296077   0.000778    35.5600    35.5585     5.5141    26.5333    26.5302          5  0.000e+00
       6720 296.713333  -44.02868  -51.85742      0.275    1506.04     22.040     21.862    14.4106    14.4187     0.0081    14.4073    14.4154     0.0081   4.295392   4.295976   0.000584    35.5599    35.5579     5.5136    26.5331    26.5298          5  0.000e+00
       6721 296.713333  -44.02868  -51.85742      0.264    1506.04     22.040     21.862    14.4105    14.4166     0.0062    14.4072    14.4134     0.0062   4.295392   4.295761   0.000369    35.5601    35.5578     5.5138    26.5332    26.5301          5  0.000e+00
