Pos-Processados/process_op41/operantar41_013lr.ros
* Sea-Bird SBE 9 Data File:
* FileName = C:\Users\Dell\Desktop\OperantarXLI\config\00_BRUTOS\OPE41013LR.hdr
* Software Version Seasave V 7.26.7.110
* Temperature SN = 6497
* Conductivity SN = 4954
* Number of Bytes Per Scan = 31
* Number of Voltage Words = 2
* Number of Scans Averaged by the Deck Unit = 1
* NMEA Latitude = 44 24.07 S
* NMEA Longitude = 051 46.92 W
* NMEA UTC (Time) = Oct 23 2022 21:56:09
* NMEA baud rate = 4800
** H41
** Navio Polar Almirante Maximiano
** LH-021/2022
** Operantar XLI
** Número da Estação 013LR
** Latitude 44 24.027' S
** Longitude 051 47.160' W
** Data/Hora (Z) 23/10/2022 2152Z
** Profundidade local 5823 m
** 09-1439
** Nome do Operador CT Garla
# nquan = 24
# nvalues = 1747                                  
# units = specified
# name 0 = scan: Scan Count
# name 1 = timeJ: Julian Days
# name 2 = latitude: Latitude [deg]
# name 3 = longitude: Longitude [deg]
# name 4 = dz/dtM: Descent Rate [m/s]
# name 5 = avgsvCM: Average Sound Velocity [Chen-Millero, m/s]
# name 6 = prDM: Pressure, Digiquartz [db]
# name 7 = depSM: Depth [salt water, m]
# name 8 = t090C: Temperature [ITS-90, deg C]
# name 9 = t190C: Temperature, 2 [ITS-90, deg C]
# name 10 = T2-T190C: Temperature Difference, 2 - 1 [ITS-90, deg C]
# name 11 = potemp090C: Potential Temperature [ITS-90, deg C]
# name 12 = potemp190C: Potential Temperature, 2 [ITS-90, deg C]
# name 13 = potemp90Cdiff: Potential Temperature, Diff, 2 - 1 [ITS-90, deg C]
# name 14 = c0S/m: Conductivity [S/m]
# name 15 = c1S/m: Conductivity, 2 [S/m]
# name 16 = C2-C1S/m: Conductivity Difference, 2 - 1 [S/m]
# name 17 = sal00: Salinity, Practical [PSU]
# name 18 = sal11: Salinity, Practical, 2 [PSU]
# name 19 = sbeox0ML/L: Oxygen, SBE 43 [ml/l]
# name 20 = sigma-é00: Density [sigma-theta, kg/m^3]
# name 21 = sigma-é11: Density, 2 [sigma-theta, kg/m^3]
# name 22 = nbf: Bottles Fired
# name 23 = flag:  0.000e+00
# interval = seconds: 0.0416667
# start_time = Oct 23 2022 21:56:09 [NMEA time, header]
# bad_flag = -9.990e-29
*END*
[from data line 1087]
     101286 296.962838  -44.41652  -51.72646      0.141    1485.00    510.145    505.408     4.7457     4.7462     0.0005     4.7063     4.7068     0.0005   3.273402   3.273486   0.000084    34.1608    34.1612     6.0291    27.0430    27.0433         17  0.000e+00
     101287 296.962839  -44.41652  -51.72646      0.143    1485.00    510.145    505.408     4.7458     4.7461     0.0003     4.7064     4.7068     0.0003   3.273461   3.273516   0.000055    34.1613    34.1616     6.0291    27.0434    27.0436         17  0.000e+00
     101288 296.962839  -44.41652  -51.72646      0.145    1485.00    510.145    505.408     4.7456     4.7460     0.0005     4.7062     4.7066     0.0005   3.273413   3.273516   0.000103    34.1610    34.1617     6.0301    27.0432    27.0437         17  0.000e+00
     101289 296.962840  -44.41652  -51.72646      0.147    1485.00    510.153    505.416     4.7458     4.7460     0.0002     4.7064     4.7066     0.0002   3.273437   3.273462   0.000024    34.1610    34.1611     6.0302    27.0432    27.0433         17  0.000e+00
     101290 296.962840  -44.41652  -51.72646      0.152    1485.00    510.210    505.472     4.7457     4.7459     0.0002     4.7063     4.7065     0.0002   3.273408   3.273468   0.000060    34.1607    34.1613     6.0370    27.0430    27.0434         17  0.000e+00
     101291 296.962840  -44.41652  -51.72646      0.156    1485.00    510.210    505.472     4.7453     4.7460     0.0007     4.7059     4.7066     0.0007   3.273396   3.273431   0.000036    34.1610    34.1607     6.0380    27.0433    27.0429         17  0.000e+00
     101292 296.962841  -44.41652  -51.72646      0.159    1485.00    510.210    505.472     4.7456     4.7460     0.0004     4.7062     4.7066     0.0004   3.273396   3.273438   0.000042    34.1608    34.1608     6.0332    27.0431    27.0430         17  0.000e+00
     101293 296.962841  -44.41652  -51.72646      0.158    1485.00    510.153    505.416     4.7455     4.7460     0.0005     4.7061     4.7066     0.0005   3.273413   3.273450   0.000036    34.1611    34.1609     6.0275    27.0433    27.0431         17  0.000e+00
     101294 296.962842  -44.41652  -51.72646      0.155    1485.00    510.145    505.408     4.7455     4.7457     0.0002     4.7061     4.7063     0.0002   3.273402   3.273401 -3.445e-07    34.1609    34.1608     6.0325    27.0432    27.0430         17  0.000e+00
     101295 296.962842  -44.41652  -51.72646      0.153    1485.00    510.210    505.473     4.7454     4.7456     0.0002     4.7060     4.7062     0.0002   3.273413   3.273431   0.000018    34.1612    34.1612     6.0327    27.0434    27.0434         17  0.000e+00
     101296 296.962843  -44.41652  -51.72646      0.157    1485.00    510.210    505.473     4.7452     4.7455     0.0003     4.7058     4.7061     0.0003   3.273384   3.273401   0.000018    34.1610    34.1609     6.0329    27.0433    27.0431         17  0.000e+00
     101297 296.962843  -44.41652  -51.72646      0.157    1485.00    510.210    505.473     4.7452     4.7454     0.0002     4.7058     4.7060     0.0002   3.273390   3.273407   0.000018    34.1610    34.1611     6.0330    27.0433    27.0433         17  0.000e+00
     101298 296.962844  -44.41652  -51.72646      0.156    1485.00    510.210    505.473     4.7455     4.7455     0.0000     4.7061     4.7061     0.0000   3.273437   3.273395  -0.000042    34.1613    34.1608     6.0331    27.0435    27.0431         17  0.000e+00
     101299 296.962844  -44.41652  -51.72646      0.154    1485.00    510.210    505.473     4.7454     4.7452    -0.0001     4.7060     4.7059    -0.0001   3.273366   3.273389   0.000023    34.1606    34.1610     6.0325    27.0429    27.0433         17  0.000e+00
     101300 296.962845  -44.41652  -51.72644      0.151    1485.00    510.210    505.473     4.7455     4.7452    -0.0003     4.7061     4.7058    -0.0003   3.273378   3.273365  -0.000013    34.1606    34.1608     6.0325    27.0429    27.0431         17  0.000e+00
     101301 296.962845  -44.41652  -51.72644      0.152    1485.00    510.210    505.473     4.7454     4.7452    -0.0001     4.7060     4.7059    -0.0001   3.273396   3.273401   0.000006    34.1609    34.1612     6.0326    27.0432    27.0434         17  0.000e+00
     101302 296.962846  -44.41652  -51.72644      0.156    1485.00    510.275    505.537     4.7453     4.7456     0.0002     4.7059     4.7062     0.0002   3.273378   3.273395   0.000017    34.1608    34.1607     6.0328    27.0431    27.0430         17  0.000e+00
     101303 296.962846  -44.41652  -51.72644      0.148    1485.00    510.210    505.473     4.7452     4.7452     0.0000     4.7058     4.7058     0.0000   3.273366   3.273389   0.000023    34.1608    34.1611     6.0329    27.0431    27.0433         17  0.000e+00
     101304 296.962847  -44.41652  -51.72644      0.146    1485.00    510.210    505.473     4.7454     4.7452    -0.0001     4.7060     4.7059    -0.0001   3.273384   3.273365  -0.000019    34.1608    34.1607     6.0329    27.0431    27.0431         17  0.000e+00
     101305 296.962847  -44.41652  -51.72644      0.144    1485.00    510.210    505.473     4.7450     4.7449    -0.0001     4.7056     4.7055    -0.0001   3.273372   3.273359  -0.000013    34.1611    34.1610     6.0331    27.0433    27.0433         17  0.000e+00
     101306 296.962848  -44.41652  -51.72644      0.145    1485.00    510.275    505.537     4.7449     4.7451     0.0002     4.7055     4.7057     0.0002   3.273348   3.273359   0.000011    34.1609    34.1608     6.0333    27.0432    27.0431         17  0.000e+00
     101307 296.962848  -44.41652  -51.72644      0.141    1485.00    510.210    505.473     4.7450     4.7452     0.0002     4.7056     4.7058     0.0002   3.273360   3.273377   0.000017    34.1609    34.1609     6.0333    27.0432    27.0432         17  0.000e+00
     101308 296.962849  -44.41652  -51.72644      0.140    1485.00    510.267    505.529     4.7452     4.7454     0.0002     4.7058     4.7060     0.0002   3.273342   3.273431   0.000090    34.1605    34.1613     6.0334    27.0428    27.0435         17  0.000e+00
     101309 296.962849  -44.41652  -51.72644      0.135    1485.00    510.210    505.473     4.7450     4.7455     0.0005     4.7056     4.7061     0.0005   3.273360   3.273401   0.000041    34.1609    34.1609     6.0335    27.0432    27.0431         17  0.000e+00
     101310 296.962850  -44.41652  -51.72644      0.130    1485.00    510.210    505.473     4.7452     4.7452     0.0000     4.7058     4.7059     0.0000   3.273366   3.273407   0.000041    34.1608    34.1612     6.0278    27.0431    27.0434         17  0.000e+00
     101311 296.962850  -44.41652  -51.72644      0.130    1485.00    510.267    505.529     4.7450     4.7452     0.0002     4.7056     4.7058     0.0002   3.273384   3.273371  -0.000013    34.1612    34.1608     6.0330    27.0434    27.0431         17  0.000e+00
     101312 296.962851  -44.41652  -51.72644      0.127    1485.00    510.267    505.529     4.7450     4.7449    -0.0001     4.7056     4.7055    -0.0001   3.273324   3.273359   0.000035    34.1605    34.1610     6.0331    27.0429    27.0433         17  0.000e+00
     101313 296.962851  -44.41652  -51.72644      0.123    1485.00    510.211    505.473     4.7448     4.7450     0.0002     4.7054     4.7057     0.0002   3.273354   3.273377   0.000023    34.1611    34.1611     6.0332    27.0434    27.0434         17  0.000e+00
     101314 296.962852  -44.41652  -51.72644      0.118    1485.00    510.276    505.537     4.7448     4.7448    -0.0001     4.7055     4.7054    -0.0001   3.273318   3.273341   0.000023    34.1606    34.1609     6.0334    27.0430    27.0432         17  0.000e+00
     101315 296.962852  -44.41652  -51.72644      0.117    1485.00    510.267    505.529     4.7446     4.7449     0.0003     4.7052     4.7055     0.0003   3.273306   3.273419   0.000113    34.1607    34.1617     6.0278    27.0431    27.0438         17  0.000e+00
     101316 296.962853  -44.41652  -51.72644      0.114    1485.00    510.267    505.529     4.7445     4.7449     0.0004     4.7051     4.7055     0.0004   3.273330   3.273377   0.000047    34.1610    34.1612     6.0329    27.0434    27.0435         17  0.000e+00
     101317 296.962853  -44.41652  -51.72644      0.108    1485.00    510.211    505.473     4.7443     4.7448     0.0005     4.7049     4.7054     0.0005   3.273336   3.273359   0.000023    34.1614    34.1611     6.0273    27.0437    27.0434         17  0.000e+00
     101318 296.962853  -44.41652  -51.72644      0.101    1485.00    510.211    505.473     4.7444     4.7445     0.0002     4.7050     4.7051     0.0002   3.273342   3.273335  -0.000007    34.1614    34.1611     6.0325    27.0437    27.0435         17  0.000e+00
     101319 296.962854  -44.41652  -51.72644      0.094    1485.00    510.211    505.473     4.7444     4.7448     0.0004     4.7050     4.7054     0.0004   3.273288   3.273347   0.000058    34.1608    34.1610     6.0327    27.0432    27.0433         17  0.000e+00
     101320 296.962854  -44.41652  -51.72644      0.093    1485.00    510.268    505.529     4.7441     4.7445     0.0004     4.7048     4.7051     0.0004   3.273259   3.273335   0.000076    34.1606    34.1611     6.0322    27.0431    27.0434         17  0.000e+00
     101321 296.962855  -44.41652  -51.72644      0.086    1485.00    510.211    505.473     4.7439     4.7443     0.0004     4.7045     4.7049     0.0004   3.273247   3.273280   0.000034    34.1608    34.1607     6.0257    27.0432    27.0431         17  0.000e+00
     101322 296.962855  -44.41652  -51.72644      0.084    1485.00    510.268    505.529     4.7441     4.7440    -0.0001     4.7048     4.7047    -0.0001   3.273270   3.273286   0.000016    34.1607    34.1610     6.0251    27.0432    27.0434         17  0.000e+00
     101323 296.962856  -44.41652  -51.72644      0.083    1485.00    510.276    505.537     4.7440     4.7441     0.0001     4.7046     4.7047     0.0001   3.273253   3.273274   0.000022    34.1606    34.1608     6.0237    27.0431    27.0433         17  0.000e+00
     101324 296.962856  -44.41652  -51.72642      0.077    1485.00    510.211    505.473     4.7445     4.7440    -0.0004     4.7051     4.7047    -0.0004   3.273294   3.273244  -0.000050    34.1607    34.1606     6.0229    27.0431    27.0431         17  0.000e+00
     101325 296.962857  -44.41652  -51.72642      0.075    1485.00    510.268    505.530     4.7440     4.7439    -0.0001     4.7046     4.7046    -0.0001   3.273282   3.273280  -0.000002    34.1610    34.1611     6.0225    27.0434    27.0435         17  0.000e+00
     101326 296.962857  -44.41652  -51.72642      0.065    1485.00    510.146    505.409     4.7443     4.7441    -0.0002     4.7049     4.7047    -0.0002   3.273276   3.273298   0.000022    34.1607    34.1612     6.0267    27.0431    27.0435         17  0.000e+00
     101327 296.962858  -44.41652  -51.72642      0.062    1485.00    510.276    505.538     4.7439     4.7440     0.0002     4.7045     4.7047     0.0002   3.273253   3.273274   0.000022    34.1608    34.1609     6.0271    27.0433    27.0433         18  0.000e+00
     101328 296.962858  -44.41652  -51.72642      0.055    1485.00    510.211    505.473     4.7440     4.7438    -0.0003     4.7047     4.7044    -0.0003   3.273270   3.273177  -0.000093    34.1609    34.1601     6.0273    27.0433    27.0427         18  0.000e+00
     101329 296.962859  -44.41652  -51.72642      0.052    1485.00    510.211    505.473     4.7440     4.7436    -0.0004     4.7046     4.7042    -0.0004   3.273229   3.273214  -0.000015    34.1605    34.1607     6.0275    27.0430    27.0432         18  0.000e+00
     101330 296.962859  -44.41652  -51.72642      0.048    1485.00    510.211    505.473     4.7436     4.7433    -0.0003     4.7042     4.7039    -0.0003   3.273241   3.273165  -0.000075    34.1610    34.1604     6.0278    27.0434    27.0430         18  0.000e+00
     101331 296.962860  -44.41652  -51.72642      0.044    1485.00    510.276    505.538     4.7438     4.7433    -0.0006     4.7044     4.7039    -0.0006   3.273229   3.273214  -0.000015    34.1606    34.1610     6.0281    27.0431    27.0435         18  0.000e+00
     101332 296.962860  -44.41652  -51.72642      0.040    1485.00    510.211    505.473     4.7437     4.7436    -0.0001     4.7043     4.7042    -0.0001   3.273217   3.273238   0.000021    34.1606    34.1609     6.0225    27.0431    27.0434         18  0.000e+00
     101333 296.962861  -44.41652  -51.72642      0.035    1485.00    510.211    505.473     4.7440     4.7436    -0.0004     4.7046     4.7042    -0.0004   3.273241   3.273256   0.000015    34.1606    34.1612     6.0277    27.0431    27.0436         18  0.000e+00
     101334 296.962861  -44.41652  -51.72642      0.031    1485.00    510.211    505.473     4.7437     4.7438     0.0001     4.7043     4.7044     0.0001   3.273223   3.273268   0.000045    34.1607    34.1611     6.0280    27.0432    27.0435         18  0.000e+00
     101335 296.962862  -44.41652  -51.72642      0.022    1485.00    510.146    505.409     4.7439     4.7436    -0.0002     4.7045     4.7042    -0.0002   3.273241   3.273250   0.000009    34.1607    34.1611     6.0282    27.0432    27.0435         18  0.000e+00
     101336 296.962862  -44.41652  -51.72642      0.017    1485.00    510.211    505.474     4.7438     4.7437    -0.0001     4.7044     4.7043    -0.0001   3.273223   3.273238   0.000015    34.1606    34.1608     6.0285    27.0431    27.0433         18  0.000e+00
     101337 296.962863  -44.41652  -51.72642      0.012    1485.00    510.211    505.474     4.7437     4.7438     0.0001     4.7043     4.7044     0.0001   3.273264   3.273329   0.000064    34.1611    34.1618     6.0288    27.0436    27.0441         18  0.000e+00
     101338 296.962863  -44.41652  -51.72642      0.003    1485.00    510.146    505.409     4.7438     4.7442     0.0004     4.7044     4.7048     0.0004   3.273253   3.273310   0.000058    34.1609    34.1612     6.0290    27.0434    27.0435         18  0.000e+00
     101339 296.962864  -44.41652  -51.72642      0.005    1485.00    510.268    505.530     4.7437     4.7441     0.0004     4.7043     4.7047     0.0004   3.273247   3.273274   0.000028    34.1609    34.1608     6.0302    27.0434    27.0433         18  0.000e+00
     101340 296.962864  -44.41652  -51.72642      0.000    1485.00    510.154    505.417     4.7438     4.7442     0.0004     4.7044     4.7048     0.0004   3.273288   3.273268  -0.000020    34.1613    34.1607     6.0255    27.0437    27.0432         18  0.000e+00
     101341 296.962865  -44.41652  -51.72642     -0.001    1485.00    510.211    505.474     4.7437     4.7443     0.0006     4.7043     4.7049     0.0006   3.273264   3.273286   0.000022    34.1611    34.1608     6.0251    27.0436    27.0432         18  0.000e+00
     101342 296.962865  -44.41652  -51.72642     -0.006    1485.00    510.211    505.474     4.7437     4.7440     0.0003     4.7043     4.7047     0.0003   3.273229   3.273274   0.000046    34.1607    34.1609     6.0181    27.0432    27.0433         18  0.000e+00
     101343 296.962866  -44.41652  -51.72642     -0.011    1485.00    510.211    505.474     4.7437     4.7439     0.0003     4.7043     4.7046     0.0003   3.273217   3.273244   0.000027    34.1606    34.1607     6.0227    27.0432    27.0432         18  0.000e+00
     101344 296.962866  -44.41652  -51.72642     -0.013    1485.00    510.211    505.474     4.7436     4.7439     0.0003     4.7042     4.7045     0.0003   3.273199   3.273238   0.000039    34.1605    34.1607     6.0224    27.0430    27.0431         18  0.000e+00
     101345 296.962867  -44.41652  -51.72642     -0.014    1485.00    510.211    505.474     4.7437     4.7438     0.0001     4.7043     4.7044     0.0001   3.273187   3.273256   0.000069    34.1603    34.1610     6.0221    27.0429    27.0434         18  0.000e+00
