Pos-Processados/process_op41/operantar41_006.cnv
* Sea-Bird SBE 9 Data File:
* FileName = C:\Users\Dell\Desktop\OperantarXLI\config\00_BRUTOS\OP41006.hdr
* Software Version Seasave V 7.26.7.110
* Temperature SN = 6497
* Conductivity SN = 4954
* Number of Bytes Per Scan = 31
* Number of Voltage Words = 2
* Number of Scans Averaged by the Deck Unit = 1
* NMEA Latitude = 42 12.54 S
* NMEA Longitude = 053 27.22 W
* NMEA UTC (Time) = Oct 22 2022 00:21:34
* NMEA baud rate = 4800
** H41
** Navio Polar Almirante Maximiano
** LH-021/2022
** Operantar XLI
** Número da Estação 006
** Latitude 42 12.640'S
** Longitude 053 27.212W
** Data/Hora (Z) 22/10/2022 00:19
** Profundidade local 5571 m
** 09-1439
** Nome do Operador CT Garla
# nquan = 30
# nvalues = 2034                        
# units = specified
# name 0 = scan: Scan Count
# name 1 = timeJ: Julian Days
# name 2 = latitude: Latitude [deg]
# name 3 = longitude: Longitude [deg]
# name 4 = dz/dtM: Descent Rate [m/s]
# name 5 = avgsvCM: Average Sound Velocity [Chen-Millero, m/s]
# name 6 = prDM: Pressure, Digiquartz [db]
# name 7 = depSM: Depth [salt water, m]
# name 8 = t090C: Temperature [ITS-90, deg C]
# name 9 = t190C: Temperature, 2 [ITS-90, deg C]
# name 10 = T2-T190C: Temperature Difference, 2 - 1 [ITS-90, deg C]
# name 11 = potemp090C: Potential Temperature [ITS-90, deg C]
# name 12 = potemp190C: Potential Temperature, 2 [ITS-90, deg C]
# name 13 = potemp90Cdiff: Potential Temperature, Diff, 2 - 1 [ITS-90, deg C]
# name 14 = c0S/m: Conductivity [S/m]
# name 15 = c1S/m: Conductivity, 2 [S/m]
# name 16 = C2-C1S/m: Conductivity Difference, 2 - 1 [S/m]
# name 17 = sal00: Salinity, Practical [PSU]
# name 18 = sal11: Salinity, Practical, 2 [PSU]
# name 19 = sbeox0ML/L: Oxygen, SBE 43 [ml/l]
# name 20 = sigma-é00: Density [sigma-theta, kg/m^3]
# name 21 = sigma-é11: Density, 2 [sigma-theta, kg/m^3]
# name 22 = sal00: Salinity, Practical [PSU]
# name 23 = sigma-é00: Density [sigma-theta, kg/m^3]
# name 24 = svCM: Sound Velocity [Chen-Millero, m/s]
# name 25 = svCM1: Sound Velocity, 2 [Chen-Millero, m/s]
# name 26 = gsw_ptA0: potential temperature [ITS-90, deg C]
# name 27 = gsw_densityA0: density, TEOS-10 [density, kg/m^3]
# name 28 = gsw_saA0: Absolute Salinity [g/kg]
# name 29 = flag:
# span 0 =       9360,      70680       
# span 1 = 295.019490, 295.049062       
# span 2 =  -42.20603,  -42.18751       
# span 3 =  -53.45734,  -53.45446       
# span 4 =     -2.159,      1.606       
# span 5 =      -0.01,    1498.23       
# span 6 =      2.000,   1021.000       
# span 7 =      2.014,   1010.465       
# span 8 =     3.0839,    12.3926       
# span 9 =     3.0834,    12.3932       
# span 10 =    -0.2245,     0.2769      
# span 11 =     3.0140,    12.3919      
# span 12 =     3.0135,    12.3926      
# span 13 =    -0.2244,     0.2768      
# span 14 =   3.158297,   4.044301      
# span 15 =   3.158374,   4.044363      
# span 16 =  -0.022496,   0.034770      
# span 17 =    34.1142,    35.0691      
# span 18 =    34.1148,    35.0684      
# span 19 =     4.3442,     6.4900      
# span 20 =    26.3784,    27.3779      
# span 21 =    26.3791,    27.3782      
# span 22 =    34.1141,    35.0789      
# span 23 =    26.3785,    27.3779      
# span 24 =    1473.85,    1499.07      
# span 25 =    1473.85,    1499.07      
# span 26 =     3.0139,    12.3919      
# span 27 =  1026.3977,  1032.1067      
# span 28 =    34.2757,    35.2446      
# span 29 = 0.0000e+00, 0.0000e+00      
# interval = decibars: 1                
# start_time = Oct 22 2022 00:21:34 [NMEA time, header]
# bad_flag = -9.990e-29
*END*
[from data line 629]
      26842 295.027921  -42.20070  -53.45558      1.212    1480.10    631.000    625.087     3.8908     3.8910     0.0002     3.8457     3.8459     0.0002   3.205011   3.205062   0.000059    34.1812    34.1817     5.4723    27.1505    27.1509    34.1798    27.1494    1475.46    1475.46     3.8456  1030.0710    34.3428 0.0000e+00
      26859 295.027929  -42.20068  -53.45558      1.372    1480.10    632.000    626.076     3.8893     3.8894     0.0001     3.8441     3.8442     0.0001   3.204956   3.204990   0.000040    34.1814    34.1818     5.4711    27.1509    27.1512    34.1801    27.1498    1475.47    1475.47     3.8440  1030.0761    34.3432 0.0000e+00
      26876 295.027937  -42.20068  -53.45558      1.435    1480.10    633.000    627.065     3.8884     3.8885     0.0001     3.8432     3.8433     0.0001   3.204914   3.204949   0.000040    34.1813    34.1816     5.4656    27.1509    27.1511    34.1801    27.1499    1475.48    1475.48     3.8430  1030.0808    34.3431 0.0000e+00
      26897 295.027947  -42.20067  -53.45558      1.321    1480.10    634.000    628.054     3.8866     3.8870     0.0003     3.8413     3.8417     0.0003   3.204801   3.204843   0.000047    34.1813    34.1815     5.4630    27.1510    27.1512    34.1801    27.1501    1475.49    1475.49     3.8412  1030.0856    34.3431 0.0000e+00
      26930 295.027964  -42.20066  -53.45558      0.819    1480.10    635.000    629.044     3.8841     3.8856     0.0016     3.8387     3.8403     0.0016   3.204655   3.204780   0.000125    34.1815    34.1813     5.4645    27.1514    27.1512    34.1805    27.1507    1475.50    1475.51     3.8386  1030.0908    34.3436 0.0000e+00
      26965 295.027980  -42.20065  -53.45558      0.648    1480.10    636.000    630.033     3.8823     3.8828     0.0005     3.8369     3.8374     0.0005   3.204544   3.204563   0.000023    34.1814    34.1811     5.4637    27.1516    27.1513    34.1805    27.1509    1475.51    1475.51     3.8368  1030.0956    34.3435 0.0000e+00
      26990 295.027992  -42.20064  -53.45558      0.852    1480.10    637.000    631.021     3.8781     3.8789     0.0008     3.8327     3.8334     0.0008   3.204193   3.204213   0.000023    34.1816    34.1811     5.4661    27.1522    27.1517    34.1801    27.1510    1475.50    1475.51     3.8325  1030.1004    34.3432 0.0000e+00
      27010 295.028002  -42.20064  -53.45558      1.050    1480.10    638.000    632.011     3.8696     3.8703     0.0006     3.8241     3.8247     0.0006   3.203524   3.203531   0.000007    34.1819    34.1813     5.4676    27.1532    27.1527    34.1805    27.1522    1475.49    1475.49     3.8240  1030.1063    34.3436 0.0000e+00
      27028 295.028011  -42.20064  -53.45558      1.217    1480.10    639.000    633.000     3.8672     3.8675     0.0002     3.8216     3.8219     0.0002   3.203352   3.203411   0.000049    34.1816    34.1819     5.4687    27.1533    27.1535    34.1805    27.1524    1475.49    1475.50     3.8215  1030.1112    34.3435 0.0000e+00
      27045 295.028019  -42.20063  -53.45558      1.342    1480.10    640.000    633.989     3.8651     3.8654     0.0003     3.8194     3.8197     0.0003   3.203243   3.203263   0.000034    34.1819    34.1819     5.4655    27.1537    27.1537    34.1809    27.1529    1475.50    1475.50     3.8193  1030.1164    34.3440 0.0000e+00
      27062 295.028027  -42.20062  -53.45558      1.418    1480.10    641.000    634.978     3.8644     3.8644     0.0000     3.8186     3.8187     0.0000   3.203268   3.203299   0.000025    34.1824    34.1826     5.4703    27.1542    27.1544    34.1814    27.1534    1475.52    1475.52     3.8185  1030.1215    34.3445 0.0000e+00
      27080 295.028036  -42.20062  -53.45558      1.405    1480.10    642.000    635.967     3.8608     3.8614     0.0006     3.8150     3.8156     0.0006   3.203001   3.203074   0.000080    34.1827    34.1830     5.4773    27.1548    27.1550    34.1815    27.1538    1475.52    1475.52     3.8149  1030.1265    34.3445 0.0000e+00
      27104 295.028047  -42.20062  -53.45558      1.184    1480.10    643.000    636.954     3.8588     3.8592     0.0004     3.8129     3.8133     0.0004   3.202996   3.203032   0.000036    34.1838    34.1838     5.4794    27.1559    27.1558    34.1830    27.1552    1475.53    1475.53     3.8128  1030.1326    34.3461 0.0000e+00
      27141 295.028065  -42.20061  -53.45558      0.698    1480.10    644.000    637.947     3.8529     3.8573     0.0045     3.8070     3.8114     0.0044   3.202612   3.202893   0.000276    34.1854    34.1840     5.4628    27.1577    27.1562    34.1840    27.1567    1475.52    1475.54     3.8069  1030.1387    34.3471 0.0000e+00
      27178 295.028083  -42.20060  -53.45560      0.628    1480.10    645.000    638.934     3.8409     3.8420     0.0010     3.7950     3.7961     0.0010   3.201571   3.201592   0.000025    34.1852    34.1843     5.4416    27.1587    27.1580    34.1836    27.1575    1475.49    1475.49     3.7949  1030.1444    34.3467 0.0000e+00
      27204 295.028096  -42.20058  -53.45560      0.816    1480.10    646.000    639.923     3.8373     3.8375     0.0003     3.7913     3.7915     0.0003   3.201372   3.201337  -0.000034    34.1854    34.1847     5.4354    27.1593    27.1587    34.1846    27.1587    1475.49    1475.49     3.7912  1030.1502    34.3477 0.0000e+00
      27226 295.028106  -42.20058  -53.45560      1.000    1480.10    647.000    640.913     3.8426     3.8426    -0.0000     3.7965     3.7965    -0.0000   3.202135   3.202178   0.000035    34.1863    34.1867     5.4403    27.1595    27.1598    34.1875    27.1605    1475.53    1475.53     3.7964  1030.1565    34.3506 0.0000e+00
      27247 295.028116  -42.20058  -53.45560      1.113    1480.10    648.000    641.902     3.8643     3.8638    -0.0005     3.8180     3.8175    -0.0005   3.204294   3.204325   0.000042    34.1889    34.1899     5.4447    27.1594    27.1603    34.1901    27.1604    1475.64    1475.64     3.8179  1030.1606    34.3532 0.0000e+00
      27269 295.028127  -42.20056  -53.45560      1.123    1480.10    649.000    642.891     3.8695     3.8689    -0.0006     3.8231     3.8225    -0.0006   3.204857   3.204818  -0.000030    34.1902    34.1905     5.4438    27.1599    27.1602    34.1908    27.1604    1475.68    1475.68     3.8230  1030.1651    34.3539 0.0000e+00
      27291 295.028138  -42.20056  -53.45560      1.092    1480.10    650.000    643.879     3.8754     3.8751    -0.0003     3.8289     3.8286    -0.0003   3.205565   3.205576   0.000014    34.1913    34.1918     5.4383    27.1603    27.1607    34.1926    27.1613    1475.72    1475.72     3.8288  1030.1705    34.3557 0.0000e+00
      27312 295.028148  -42.20056  -53.45560      1.110    1480.10    651.000    644.869     3.8776     3.8783     0.0007     3.8310     3.8318     0.0007   3.205738   3.205842   0.000075    34.1924    34.1925     5.4203    27.1609    27.1609    34.1917    27.1604    1475.75    1475.75     3.8309  1030.1741    34.3549 0.0000e+00
      27332 295.028157  -42.20055  -53.45560      1.170    1480.10    652.000    645.858     3.8584     3.8618     0.0034     3.8119     3.8152     0.0033   3.203965   3.204224   0.000278    34.1920    34.1918     5.4010    27.1625    27.1620    34.1902    27.1611    1475.68    1475.70     3.8118  1030.1798    34.3533 0.0000e+00
      27351 295.028167  -42.20054  -53.45560      1.211    1480.10    653.000    646.846     3.8518     3.8522     0.0004     3.8052     3.8056     0.0004   3.203557   3.203607   0.000055    34.1922    34.1924     5.3879    27.1633    27.1634    34.1917    27.1630    1475.67    1475.68     3.8051  1030.1864    34.3549 0.0000e+00
      27371 295.028176  -42.20054  -53.45560      1.216    1480.10    654.000    647.836     3.8510     3.8513     0.0003     3.8043     3.8046     0.0003   3.203546   3.203588   0.000041    34.1923    34.1925     5.3758    27.1635    27.1637    34.1919    27.1632    1475.69    1475.69     3.8042  1030.1912    34.3551 0.0000e+00
      27392 295.028186  -42.20054  -53.45562      1.187    1480.10    655.000    648.825     3.8507     3.8508     0.0001     3.8040     3.8041     0.0001   3.203583   3.203624   0.000049    34.1923    34.1927     5.3672    27.1635    27.1639    34.1921    27.1634    1475.70    1475.70     3.8039  1030.1960    34.3553 0.0000e+00
      27416 295.028198  -42.20052  -53.45560      1.100    1480.10    656.000    649.813     3.8554     3.8541    -0.0013     3.8085     3.8073    -0.0013   3.204212   3.204087  -0.000108    34.1936    34.1937     5.3708    27.1641    27.1643    34.1942    27.1647    1475.74    1475.74     3.8084  1030.2018    34.3574 0.0000e+00
      27449 295.028214  -42.20052  -53.45560      0.815    1480.10    657.000    650.803     3.8643     3.8625    -0.0018     3.8174     3.8155    -0.0018   3.205233   3.205064  -0.000170    34.1958    34.1957     5.3788    27.1650    27.1651    34.1965    27.1655    1475.80    1475.79     3.8173  1030.2071    34.3597 0.0000e+00
      27484 295.028231  -42.20050  -53.45560      0.630    1480.10    658.000    651.792     3.8723     3.8723     0.0000     3.8252     3.8252     0.0000   3.206103   3.206180   0.000068    34.1973    34.1981     5.3738    27.1654    27.1660    34.1980    27.1659    1475.85    1475.85     3.8251  1030.2119    34.3612 0.0000e+00
      27509 295.028242  -42.20050  -53.45560      0.845    1480.10    659.000    652.781     3.8779     3.8777    -0.0002     3.8307     3.8306    -0.0002   3.206833   3.206868   0.000045    34.1989    34.1996     5.3641    27.1662    27.1667    34.2003    27.1672    1475.89    1475.89     3.8306  1030.2177    34.3636 0.0000e+00
      27527 295.028251  -42.20049  -53.45560      1.087    1480.10    660.000    653.770     3.8848     3.8845    -0.0003     3.8375     3.8371    -0.0003   3.207713   3.207734   0.000019    34.2019    34.2025     5.3500    27.1678    27.1683    34.2030    27.1687    1475.94    1475.94     3.8374  1030.2237    34.3663 0.0000e+00
      27546 295.028260  -42.20048  -53.45561      1.265    1480.10    661.000    654.759     3.8854     3.8853    -0.0001     3.8381     3.8380    -0.0001   3.207848   3.207874   0.000023    34.2028    34.2032     5.3416    27.1685    27.1688    34.2034    27.1690    1475.96    1475.96     3.8379  1030.2285    34.3667 0.0000e+00
      27565 295.028270  -42.20048  -53.45562      1.294    1480.10    662.000    655.748     3.8850     3.8851     0.0001     3.8375     3.8376     0.0001   3.207858   3.207910   0.000051    34.2030    34.2036     5.3380    27.1687    27.1691    34.2035    27.1691    1475.98    1475.98     3.8374  1030.2332    34.3668 0.0000e+00
      27590 295.028282  -42.20048  -53.45562      1.105    1480.10    663.000    656.737     3.8846     3.8846     0.0001     3.8370     3.8371     0.0001   3.207882   3.207912   0.000031    34.2033    34.2035     5.3172    27.1690    27.1692    34.2037    27.1693    1475.99    1475.99     3.8369  1030.2380    34.3670 0.0000e+00
      27620 295.028296  -42.20047  -53.45562      0.840    1480.10    664.000    657.726     3.8839     3.8846     0.0006     3.8363     3.8370     0.0006   3.207897   3.207953   0.000045    34.2038    34.2037     5.2947    27.1694    27.1693    34.2040    27.1696    1476.01    1476.01     3.8362  1030.2430    34.3673 0.0000e+00
      27652 295.028311  -42.20046  -53.45562      0.754    1480.10    665.000    658.714     3.8814     3.8820     0.0006     3.8337     3.8344     0.0006   3.207755   3.207827   0.000082    34.2042    34.2045     5.2956    27.1700    27.1702    34.2045    27.1702    1476.01    1476.01     3.8336  1030.2482    34.3678 0.0000e+00
      27679 295.028324  -42.20044  -53.45562      0.827    1480.10    666.000    659.704     3.8808     3.8820     0.0011     3.8331     3.8342     0.0011   3.207731   3.207845   0.000101    34.2047    34.2047     5.2909    27.1704    27.1704    34.2043    27.1702    1476.03    1476.03     3.8330  1030.2527    34.3675 0.0000e+00
      27699 295.028334  -42.20044  -53.45562      1.001    1480.10    667.000    660.693     3.8667     3.8680     0.0014     3.8189     3.8203     0.0014   3.206283   3.206375   0.000077    34.2040    34.2035     5.2946    27.1714    27.1709    34.2013    27.1692    1475.98    1475.99     3.8188  1030.2567    34.3646 0.0000e+00
      27717 295.028343  -42.20043  -53.45562      1.197    1480.10    668.000    661.682     3.8390     3.8416     0.0026     3.7913     3.7939     0.0025   3.203694   3.203885   0.000199    34.2023    34.2020     5.2953    27.1728    27.1723    34.1989    27.1700    1475.88    1475.89     3.7912  1030.2626    34.3621 0.0000e+00
      27734 295.028351  -42.20042  -53.45562      1.350    1480.10    669.000    662.671     3.8268     3.8276     0.0007     3.7791     3.7799     0.0007   3.202696   3.202783   0.000091    34.2011    34.2015     5.2907    27.1731    27.1732    34.1992    27.1715    1475.84    1475.85     3.7790  1030.2689    34.3625 0.0000e+00
      27753 295.028360  -42.20042  -53.45562      1.381    1480.10    670.000    663.660     3.8241     3.8249     0.0008     3.7763     3.7771     0.0008   3.202452   3.202547   0.000093    34.2002    34.2005     5.2845    27.1726    27.1728    34.1987    27.1714    1475.85    1475.85     3.7762  1030.2734    34.3619 0.0000e+00
      27780 295.028373  -42.20042  -53.45562      1.073    1480.10    671.000    664.649     3.8231     3.8237     0.0005     3.7753     3.7759     0.0005   3.202497   3.202558   0.000073    34.2002    34.2005     5.2921    27.1727    27.1729    34.1997    27.1723    1475.86    1475.86     3.7752  1030.2789    34.3629 0.0000e+00
      27816 295.028391  -42.20041  -53.45562      0.657    1479.81    672.000    665.637     3.8465     3.8423    -0.0042     3.7984     3.7943    -0.0042   3.204925   3.204697  -0.000232    34.2026    34.2042     5.3036    27.1723    27.1740    34.2037    27.1731    1475.98    1475.97     3.7983  1030.2839    34.3670 0.0000e+00
      27842 295.028403  -42.20040  -53.45564      0.801    1479.71    673.000    666.626     3.8492     3.8503     0.0011     3.8011     3.8022     0.0011   3.205337   3.205464   0.000133    34.2054    34.2059     5.3154    27.1743    27.1745    34.2052    27.1741    1476.01    1476.02     3.8010  1030.2894    34.3685 0.0000e+00
      27863 295.028413  -42.20040  -53.45564      1.023    1479.71    674.000    667.615     3.8474     3.8474     0.0001     3.7992     3.7993     0.0001   3.205351   3.205387   0.000032    34.2069    34.2072     5.3136    27.1756    27.1758    34.2067    27.1755    1476.02    1476.02     3.7991  1030.2954    34.3700 0.0000e+00
      27882 295.028423  -42.20039  -53.45563      1.181    1479.71    675.000    668.604     3.8467     3.8470     0.0003     3.7985     3.7987     0.0003   3.205333   3.205375   0.000043    34.2069    34.2071     5.3007    27.1757    27.1758    34.2067    27.1755    1476.03    1476.04     3.7983  1030.3001    34.3700 0.0000e+00
      27903 295.028433  -42.20038  -53.45562      1.202    1479.71    676.000    669.593     3.8465     3.8466     0.0002     3.7981     3.7983     0.0002   3.205372   3.205402   0.000035    34.2069    34.2072     5.2812    27.1758    27.1760    34.2069    27.1758    1476.05    1476.05     3.7980  1030.3049    34.3702 0.0000e+00
      27928 295.028445  -42.20037  -53.45562      1.047    1479.71    677.000    670.582     3.8478     3.8478     0.0001     3.7993     3.7994     0.0001   3.205596   3.205619   0.000020    34.2077    34.2079     5.2650    27.1763    27.1764    34.2077    27.1762    1476.07    1476.07     3.7992  1030.3099    34.3710 0.0000e+00
