Pos-Processados/process_op41/operantar41_007.ros
* Sea-Bird SBE 9 Data File:
* FileName = C:\Users\Dell\Desktop\OperantarXLI\config\00_BRUTOS\OP41007.hdr
* Software Version Seasave V 7.26.7.110
* Temperature SN = 6497
* Conductivity SN = 4954
* Number of Bytes Per Scan = 31
* Number of Voltage Words = 2
* Number of Scans Averaged by the Deck Unit = 1
* NMEA Latitude = 42 10.83 S
* NMEA Longitude = 052 56.87 W
* NMEA UTC (Time) = Oct 22 2022 04:55:15
* NMEA baud rate = 4800
** H41
** Navio Polar Almirante Maximiano
** LH-021/2022
** Operantar XLI
** Número da Estação 007
** Latitude 42 10.857'S
** Longitude 052 56.879W
** Data/Hora (Z) 22/10/2022 0455Z
** Profundidade local 5627 m
** 09-1439
** Nome do Operador 1T FILIPE LOPES
# nquan = 24
# nvalues = 1404                                  
# units = specified
# name 0 = scan: Scan Count
# name 1 = timeJ: Julian Days
# name 2 = latitude: Latitude [deg]
# name 3 = longitude: Longitude [deg]
# name 4 = dz/dtM: Descent Rate [m/s]
# name 5 = avgsvCM: Average Sound Velocity [Chen-Millero, m/s]
# name 6 = prDM: Pressure, Digiquartz [db]
# name 7 = depSM: Depth [salt water, m]
# name 8 = t090C: Temperature [ITS-90, deg C]
# name 9 = t190C: Temperature, 2 [ITS-90, deg C]
# name 10 = T2-T190C: Temperature Difference, 2 - 1 [ITS-90, deg C]
# name 11 = potemp090C: Potential Temperature [ITS-90, deg C]
# name 12 = potemp190C: Potential Temperature, 2 [ITS-90, deg C]
# name 13 = potemp90Cdiff: Potential Temperature, Diff, 2 - 1 [ITS-90, deg C]
# name 14 = c0S/m: Conductivity [S/m]
# name 15 = c1S/m: Conductivity, 2 [S/m]
# name 16 = C2-C1S/m: Conductivity Difference, 2 - 1 [S/m]
# name 17 = sal00: Salinity, Practical [PSU]
# name 18 = sal11: Salinity, Practical, 2 [PSU]
# name 19 = sbeox0ML/L: Oxygen, SBE 43 [ml/l]
# name 20 = sigma-é00: Density [sigma-theta, kg/m^3]
# name 21 = sigma-é11: Density, 2 [sigma-theta, kg/m^3]
# name 22 = nbf: Bottles Fired
# name 23 = flag:  0.000e+00
# interval = seconds: 0.0416667
# start_time = Oct 22 2022 04:55:15 [NMEA time, header]
# bad_flag = -9.990e-29
*END*
[from data line 967]
      57123 295.232582  -42.16908  -52.93898      0.013    1475.52     45.499     45.136    10.9344    10.9332    -0.0012    10.9288    10.9276    -0.0012   3.867692   3.867641  -0.000051    34.6783    34.6789     6.0575    26.5378    26.5385         18  0.000e+00
      57124 295.232582  -42.16908  -52.93898      0.013    1475.52     45.434     45.072    10.9353    10.9337    -0.0017    10.9298    10.9281    -0.0017   3.867724   3.867660  -0.000064    34.6777    34.6787     6.0573    26.5372    26.5382         18  0.000e+00
      57125 295.232583  -42.16908  -52.93898      0.014    1475.52     45.459     45.096    10.9357    10.9344    -0.0013    10.9302    10.9288    -0.0013   3.867775   3.867724  -0.000050    34.6779    34.6786     6.0573    26.5373    26.5381         18  0.000e+00
      57126 295.232583  -42.16908  -52.93898      0.022    1475.52     45.499     45.136    10.9362    10.9347    -0.0015    10.9307    10.9291    -0.0015   3.867800   3.867763  -0.000037    34.6776    34.6787     6.0572    26.5370    26.5381         18  0.000e+00
      57127 295.232584  -42.16908  -52.93898      0.022    1475.52     45.434     45.072    10.9360    10.9347    -0.0013    10.9305    10.9292    -0.0013   3.867775   3.867776   0.000001    34.6776    34.6788     6.0570    26.5370    26.5382         18  0.000e+00
      57128 295.232584  -42.16908  -52.93898      0.022    1475.52     45.434     45.072    10.9363    10.9354    -0.0010    10.9308    10.9298    -0.0010   3.867794   3.867873   0.000079    34.6775    34.6792     6.0569    26.5368    26.5383         18  0.000e+00
      57129 295.232585  -42.16908  -52.93898      0.030    1475.52     45.499     45.136    10.9363    10.9358    -0.0005    10.9308    10.9303    -0.0005   3.867889   3.867873  -0.000016    34.6784    34.6787     6.0568    26.5375    26.5379         18  0.000e+00
      57130 295.232585  -42.16908  -52.93898      0.032    1475.52     45.499     45.136    10.9367    10.9363    -0.0004    10.9311    10.9308    -0.0004   3.867908   3.867957   0.000049    34.6782    34.6791     6.0566    26.5374    26.5381         18  0.000e+00
      57131 295.232586  -42.16908  -52.93898      0.031    1475.52     45.434     45.072    10.9372    10.9363    -0.0008    10.9316    10.9308    -0.0008   3.867908   3.867950   0.000042    34.6778    34.6790     6.0563    26.5369    26.5381         18  0.000e+00
      57132 295.232586  -42.16908  -52.93898      0.035    1475.52     45.499     45.136    10.9372    10.9367    -0.0005    10.9316    10.9311    -0.0005   3.867953   3.867976   0.000023    34.6782    34.6789     6.0562    26.5373    26.5379         18  0.000e+00
      57133 295.232587  -42.16908  -52.93898      0.036    1475.52     45.459     45.096    10.9373    10.9367    -0.0007    10.9318    10.9311    -0.0007   3.867953   3.867970   0.000017    34.6781    34.6789     6.0559    26.5372    26.5379         18  0.000e+00
      57134 295.232587  -42.16908  -52.93898      0.036    1475.52     45.499     45.136    10.9372    10.9368    -0.0003    10.9316    10.9313    -0.0003   3.867966   3.868009   0.000043    34.6784    34.6791     6.0557    26.5374    26.5380         18  0.000e+00
      57135 295.232588  -42.16908  -52.93898      0.036    1475.52     45.434     45.072    10.9373    10.9368    -0.0005    10.9318    10.9313    -0.0005   3.867946   3.868060   0.000114    34.6781    34.6796     6.0559    26.5371    26.5384         18  0.000e+00
      57136 295.232588  -42.16908  -52.93898      0.039    1475.52     45.499     45.136    10.9368    10.9372     0.0004    10.9313    10.9317     0.0004   3.867883   3.868209   0.000326    34.6779    34.6808     6.0607    26.5370    26.5393         18  0.000e+00
      57137 295.232589  -42.16908  -52.93898      0.035    1475.52     45.434     45.072    10.9367    10.9387     0.0020    10.9312    10.9331     0.0020   3.867883   3.868299   0.000416    34.6780    34.6803     6.0613    26.5372    26.5386         18  0.000e+00
      57138 295.232589  -42.16908  -52.93898      0.034    1475.52     45.435     45.072    10.9367    10.9403     0.0037    10.9312    10.9348     0.0036   3.867870   3.868344   0.000474    34.6779    34.6792     6.0614    26.5371    26.5374         18  0.000e+00
      57139 295.232590  -42.16908  -52.93898      0.034    1475.52     45.499     45.136    10.9365    10.9410     0.0045    10.9309    10.9355     0.0045   3.867870   3.868344   0.000474    34.6781    34.6785     6.0621    26.5373    26.5368         18  0.000e+00
      57140 295.232590  -42.16906  -52.93898      0.034    1475.52     45.459     45.096    10.9360    10.9412     0.0052    10.9305    10.9357     0.0052   3.867794   3.868454   0.000660    34.6778    34.6795     6.0623    26.5371    26.5375         18  0.000e+00
      57141 295.232591  -42.16906  -52.93898      0.037    1475.52     45.499     45.136    10.9355    10.9423     0.0068    10.9300    10.9368     0.0068   3.867730   3.868506   0.000776    34.6776    34.6789     6.0624    26.5371    26.5368         18  0.000e+00
      57142 295.232591  -42.16906  -52.93898      0.032    1475.52     45.435     45.073    10.9340    10.9425     0.0085    10.9285    10.9369     0.0085   3.867628   3.868473   0.000845    34.6780    34.6784     6.0626    26.5377    26.5365         18  0.000e+00
      57143 295.232592  -42.16906  -52.93898      0.030    1475.52     45.435     45.073    10.9339    10.9425     0.0087    10.9283    10.9370     0.0086   3.867545   3.868473   0.000928    34.6773    34.6784     6.0627    26.5371    26.5364         18  0.000e+00
      57144 295.232592  -42.16906  -52.93898      0.032    1475.52     45.499     45.136    10.9335    10.9420     0.0085    10.9280    10.9365     0.0085   3.867552   3.868415   0.000863    34.6777    34.6783     6.0627    26.5375    26.5364         18  0.000e+00
      57145 295.232593  -42.16906  -52.93898      0.028    1475.52     45.435     45.073    10.9347    10.9413     0.0066    10.9292    10.9358     0.0066   3.867666   3.868305   0.000639    34.6777    34.6778     6.0624    26.5373    26.5362         18  0.000e+00
      57146 295.232593  -42.16906  -52.93898      0.023    1475.52     45.435     45.073    10.9360    10.9407     0.0047    10.9305    10.9351     0.0047   3.867787   3.868260   0.000473    34.6777    34.6780     6.0582    26.5371    26.5365         18  0.000e+00
      57147 295.232594  -42.16906  -52.93898      0.022    1475.52     45.459     45.097    10.9370    10.9409     0.0039    10.9314    10.9353     0.0039   3.867883   3.868241   0.000358    34.6777    34.6776     6.0624    26.5369    26.5362         18  0.000e+00
      57148 295.232594  -42.16906  -52.93898      0.020    1475.52     45.435     45.073    10.9377    10.9405     0.0029    10.9321    10.9350     0.0029   3.867876   3.868176   0.000300    34.6770    34.6773     6.0626    26.5362    26.5360         18  0.000e+00
      57149 295.232595  -42.16906  -52.93898      0.015    1475.52     45.435     45.073    10.9378    10.9393     0.0015    10.9323    10.9338     0.0015   3.867921   3.868118   0.000197    34.6773    34.6779     6.0629    26.5365    26.5366         18  0.000e+00
      57150 295.232595  -42.16906  -52.93898      0.013    1475.52     45.435     45.073    10.9378    10.9390     0.0012    10.9323    10.9335     0.0012   3.867946   3.868067   0.000120    34.6776    34.6777     6.0632    26.5367    26.5365         18  0.000e+00
      57151 295.232595  -42.16906  -52.93898      0.010    1475.52     45.435     45.073    10.9382    10.9387     0.0005    10.9326    10.9331     0.0005   3.867966   3.868144   0.000179    34.6774    34.6788     6.0634    26.5365    26.5374         18  0.000e+00
      57152 295.232596  -42.16906  -52.93898      0.006    1475.52     45.435     45.073    10.9395    10.9388    -0.0006    10.9340    10.9333    -0.0006   3.868048   3.868138   0.000089    34.6770    34.6785     6.0679    26.5359    26.5372         18  0.000e+00
      57153 295.232596  -42.16906  -52.93898      0.007    1475.52     45.435     45.073    10.9403    10.9385    -0.0018    10.9347    10.9330    -0.0018   3.868112   3.868138   0.000026    34.6769    34.6788     6.0641    26.5357    26.5375         18  0.000e+00
      57154 295.232597  -42.16906  -52.93898      0.002    1475.52     45.435     45.073    10.9393    10.9385    -0.0008    10.9338    10.9330    -0.0008   3.868086   3.868028  -0.000059    34.6776    34.6777     6.0639    26.5364    26.5366         18  0.000e+00
      57155 295.232597  -42.16906  -52.93898     -0.003    1475.52     45.394     45.033    10.9390    10.9382    -0.0008    10.9335    10.9327    -0.0008   3.868048   3.868028  -0.000020    34.6775    34.6781     6.0637    26.5364    26.5370         18  0.000e+00
      57156 295.232598  -42.16906  -52.93898     -0.005    1475.52     45.435     45.073    10.9385    10.9378    -0.0007    10.9330    10.9323    -0.0007   3.867985   3.868021   0.000037    34.6773    34.6783     6.0678    26.5363    26.5372         18  0.000e+00
      57157 295.232598  -42.16906  -52.93898     -0.007    1475.52     45.435     45.073    10.9380    10.9378    -0.0001    10.9324    10.9323    -0.0001   3.867985   3.867957  -0.000028    34.6778    34.6777     6.0679    26.5368    26.5367         18  0.000e+00
      57158 295.232599  -42.16906  -52.93898     -0.013    1475.52     45.378     45.017    10.9375    10.9372    -0.0003    10.9319    10.9317    -0.0003   3.867927   3.867918  -0.000009    34.6777    34.6779     6.0680    26.5368    26.5370         18  0.000e+00
      57159 295.232599  -42.16906  -52.93898     -0.013    1475.52     45.499     45.137    10.9372    10.9363    -0.0008    10.9316    10.9308    -0.0008   3.867876   3.867828  -0.000049    34.6775    34.6778     6.0641    26.5367    26.5371         18  0.000e+00
      57160 295.232600  -42.16906  -52.93898     -0.015    1475.52     45.378     45.017    10.9370    10.9355    -0.0015    10.9315    10.9300    -0.0015   3.867819   3.867776  -0.000043    34.6771    34.6781     6.0640    26.5365    26.5375         18  0.000e+00
      57161 295.232600  -42.16906  -52.93898     -0.017    1475.52     45.435     45.073    10.9362    10.9352    -0.0010    10.9307    10.9297    -0.0010   3.867838   3.867750  -0.000088    34.6780    34.6781     6.0640    26.5373    26.5375         18  0.000e+00
      57162 295.232601  -42.16906  -52.93898     -0.021    1475.52     45.394     45.033    10.9358    10.9352    -0.0007    10.9303    10.9297    -0.0007   3.867787   3.867711  -0.000076    34.6779    34.6777     6.0640    26.5372    26.5373         18  0.000e+00
      57163 295.232601  -42.16906  -52.93898     -0.023    1475.52     45.435     45.073    10.9355    10.9348    -0.0007    10.9300    10.9293    -0.0007   3.867743   3.867679  -0.000064    34.6777    34.6777     6.0639    26.5372    26.5373         18  0.000e+00
      57164 295.232602  -42.16906  -52.93896     -0.028    1475.52     45.378     45.017    10.9350    10.9345    -0.0005    10.9295    10.9290    -0.0005   3.867756   3.867744  -0.000012    34.6784    34.6787     6.0682    26.5378    26.5381         18  0.000e+00
      57165 295.232602  -42.16906  -52.93896     -0.030    1475.52     45.435     45.073    10.9349    10.9342    -0.0007    10.9293    10.9287    -0.0007   3.867705   3.867699  -0.000006    34.6780    34.6785     6.0686    26.5375    26.5381         18  0.000e+00
      57166 295.232603  -42.16906  -52.93896     -0.031    1475.52     45.378     45.017    10.9349    10.9337    -0.0012    10.9293    10.9282    -0.0012   3.867724   3.867666  -0.000057    34.6782    34.6787     6.0644    26.5377    26.5383         18  0.000e+00
      57167 295.232603  -42.16906  -52.93896     -0.034    1475.52     45.378     45.017    10.9347    10.9338    -0.0009    10.9292    10.9283    -0.0009   3.867711   3.867647  -0.000064    34.6782    34.6784     6.0686    26.5377    26.5380         18  0.000e+00
      57168 295.232604  -42.16906  -52.93896     -0.036    1475.52     45.435     45.073    10.9345    10.9338    -0.0007    10.9290    10.9283    -0.0007   3.867724   3.867608  -0.000116    34.6785    34.6780     6.0688    26.5380    26.5377         18  0.000e+00
      57169 295.232604  -42.16906  -52.93896     -0.039    1475.52     45.394     45.033    10.9349    10.9338    -0.0010    10.9293    10.9283    -0.0010   3.867749   3.867608  -0.000141    34.6784    34.6780     6.0645    26.5378    26.5377         18  0.000e+00
      57170 295.232605  -42.16906  -52.93896     -0.036    1475.52     45.435     45.073    10.9350    10.9338    -0.0012    10.9295    10.9283    -0.0012   3.867762   3.867699  -0.000063    34.6784    34.6789     6.0686    26.5378    26.5384         18  0.000e+00
      57171 295.232605  -42.16906  -52.93896     -0.041    1475.52     45.378     45.017    10.9358    10.9340    -0.0019    10.9303    10.9285    -0.0019   3.867794   3.867692  -0.000102    34.6779    34.6787     6.0685    26.5373    26.5382         18  0.000e+00
      57172 295.232606  -42.16906  -52.93896     -0.034    1475.52     45.499     45.137    10.9363    10.9340    -0.0023    10.9308    10.9285    -0.0023   3.867826   3.867666  -0.000159    34.6777    34.6783     6.0642    26.5371    26.5379         18  0.000e+00
      57173 295.232606  -42.16906  -52.93896     -0.042    1475.52     45.314     44.953    10.9367    10.9342    -0.0025    10.9312    10.9287    -0.0025   3.867838   3.867647  -0.000191    34.6776    34.6781     6.0636    26.5369    26.5377         18  0.000e+00
      57174 295.232607  -42.16906  -52.93896     -0.041    1475.52     45.435     45.073    10.9367    10.9342    -0.0025    10.9312    10.9287    -0.0025   3.867819   3.867660  -0.000159    34.6774    34.6782     6.0633    26.5367    26.5378         18  0.000e+00
      57175 295.232607  -42.16906  -52.93896     -0.037    1475.52     45.435     45.073    10.9365    10.9348    -0.0016    10.9310    10.9293    -0.0016   3.867857   3.867705  -0.000152    34.6780    34.6780     6.0629    26.5372    26.5375         18  0.000e+00
      57176 295.232608  -42.16906  -52.93896     -0.038    1475.52     45.435     45.073    10.9365    10.9350    -0.0015    10.9310    10.9295    -0.0015   3.867819   3.867699  -0.000121    34.6776    34.6778     6.0624    26.5369    26.5373         18  0.000e+00
      57177 295.232608  -42.16906  -52.93896     -0.040    1475.52     45.395     45.033    10.9362    10.9354    -0.0008    10.9307    10.9299    -0.0008   3.867826   3.867737  -0.000088    34.6779    34.6778     6.0619    26.5372    26.5373         18  0.000e+00
      57178 295.232609  -42.16906  -52.93896     -0.037    1475.52     45.435     45.073    10.9363    10.9354    -0.0010    10.9308    10.9298    -0.0010   3.867845   3.867634  -0.000211    34.6780    34.6768     6.0614    26.5372    26.5365         18  0.000e+00
      57179 295.232609  -42.16906  -52.93896     -0.033    1475.52     45.435     45.073    10.9367    10.9352    -0.0015    10.9312    10.9297    -0.0015   3.867940   3.867673  -0.000267    34.6786    34.6773     6.0608    26.5376    26.5369         18  0.000e+00
      57180 295.232609  -42.16906  -52.93896     -0.033    1475.52     45.435     45.073    10.9375    10.9348    -0.0026    10.9319    10.9293    -0.0026   3.867997   3.867679  -0.000318    34.6784    34.6777     6.0602    26.5374    26.5373         18  0.000e+00
      57181 295.232610  -42.16906  -52.93896     -0.029    1475.52     45.435     45.073    10.9385    10.9343    -0.0042    10.9330    10.9288    -0.0042   3.868067   3.867692  -0.000375    34.6781    34.6783     6.0595    26.5370    26.5379         18  0.000e+00
