Pos-Processados/process_op41/operantar41_020.cnv
* Sea-Bird SBE 9 Data File:
* FileName = C:\Users\Dell\Desktop\OperantarXLI\config\00_BRUTOS\OPE41020.hdr
* Software Version Seasave V 7.26.7.110
* Temperature SN = 6497
* Conductivity SN = 4954
* Number of Bytes Per Scan = 34
* Number of Voltage Words = 3
* Number of Scans Averaged by the Deck Unit = 1
* NMEA Latitude = 62 42.00 S
* NMEA Longitude = 058 53.83 W
* NMEA UTC (Time) = Nov 11 2022 06:25:21
* NMEA baud rate = 4800
** H41
** Navio Polar Almirante Maximiano
** LH-021/2022
** Operantar XLI
** Número da Estação 020
** Latitude 62´41.887S
** Longitude 058 53.875W
** Data/Hora (Z) 11/11/2022  0620
** Profundidade local 1497
** 09-1439
** Nome do Operador 1T FILIPE LOPES
# nquan = 30
# nvalues = 3001                        
# units = specified
# name 0 = scan: Scan Count
# name 1 = timeJ: Julian Days
# name 2 = latitude: Latitude [deg]
# name 3 = longitude: Longitude [deg]
# name 4 = dz/dtM: Descent Rate [m/s]
# name 5 = avgsvCM: Average Sound Velocity [Chen-Millero, m/s]
# name 6 = prDM: Pressure, Digiquartz [db]
# name 7 = depSM: Depth [salt water, m]
# name 8 = t090C: Temperature [ITS-90, deg C]
# name 9 = t190C: Temperature, 2 [ITS-90, deg C]
# name 10 = T2-T190C: Temperature Difference, 2 - 1 [ITS-90, deg C]
# name 11 = potemp090C: Potential Temperature [ITS-90, deg C]
# name 12 = potemp190C: Potential Temperature, 2 [ITS-90, deg C]
# name 13 = potemp90Cdiff: Potential Temperature, Diff, 2 - 1 [ITS-90, deg C]
# name 14 = c0S/m: Conductivity [S/m]
# name 15 = c1S/m: Conductivity, 2 [S/m]
# name 16 = C2-C1S/m: Conductivity Difference, 2 - 1 [S/m]
# name 17 = sal00: Salinity, Practical [PSU]
# name 18 = sal11: Salinity, Practical, 2 [PSU]
# name 19 = sbeox0ML/L: Oxygen, SBE 43 [ml/l]
# name 20 = sigma-é00: Density [sigma-theta, kg/m^3]
# name 21 = sigma-é11: Density, 2 [sigma-theta, kg/m^3]
# name 22 = sal00: Salinity, Practical [PSU]
# name 23 = sigma-é00: Density [sigma-theta, kg/m^3]
# name 24 = svCM: Sound Velocity [Chen-Millero, m/s]
# name 25 = svCM1: Sound Velocity, 2 [Chen-Millero, m/s]
# name 26 = gsw_ptA0: potential temperature [ITS-90, deg C]
# name 27 = gsw_densityA0: density, TEOS-10 [density, kg/m^3]
# name 28 = gsw_saA0: Absolute Salinity [g/kg]
# name 29 = flag:
# span 0 =       2274,      82912       
# span 1 = 315.268700, 315.307588       
# span 2 =  -62.71099,  -62.70052       
# span 3 =  -58.89692,  -58.88298       
# span 4 =     -1.522,      1.337       
# span 5 =       0.00,    1456.51       
# span 6 =      2.000,   1502.000       
# span 7 =      1.973,   1482.185       
# span 8 =    -1.3126,    -0.6244       
# span 9 =    -1.3129,    -0.6245       
# span 10 =    -0.0353,     0.0071      
# span 11 =    -1.3690,    -0.6522      
# span 12 =    -1.3694,    -0.6524      
# span 13 =    -0.0352,     0.0071      
# span 14 =   2.765459,   2.852063      
# span 15 =   2.765537,   2.852099      
# span 16 =  -0.003228,   0.000597      
# span 17 =    34.3455,    34.5569      
# span 18 =    34.3457,    34.5568      
# span 19 =     5.7352,     7.6954      
# span 20 =    27.6209,    27.8076      
# span 21 =    27.6211,    27.8076      
# span 22 =    34.3455,    34.5568      
# span 23 =    27.6209,    27.8076      
# span 24 =    1443.89,    1467.15      
# span 25 =    1443.89,    1467.15      
# span 26 =    -1.3679,    -0.6518      
# span 27 =  1027.6349,  1034.9154      
# span 28 =    34.5074,    34.7288      
# span 29 = 0.0000e+00, 0.0000e+00      
# interval = decibars: 1                
# start_time = Nov 11 2022 06:25:21 [NMEA time, header]
# bad_flag = -9.990e-29
*END*
[from data line 2031]
      55834 315.294530  -62.70746  -58.88806     -0.998    1456.51    971.000    959.399    -0.8056    -0.8057    -0.0001    -0.8416    -0.8417    -0.0001   2.845351   2.845351 1.3384e-07    34.5534    34.5535     5.9104    27.7852    27.7853    34.5537    27.7854    1460.71    1460.71    -0.8410  1032.3949    34.7236 0.0000e+00
      55855 315.294540  -62.70746  -58.88806     -1.099    1456.51    970.000    958.413    -0.8048    -0.8045     0.0003    -0.8408    -0.8405     0.0003   2.845387   2.845436   0.000049    34.5534    34.5537     5.9016    27.7851    27.7853    34.5539    27.7855    1460.70    1460.70    -0.8402  1032.3903    34.7238 0.0000e+00
      55878 315.294551  -62.70746  -58.88806     -1.111    1456.51    969.000    957.427    -0.8039    -0.8027     0.0012    -0.8398    -0.8386     0.0012   2.845420   2.845530   0.000108    34.5535    34.5536     5.8828    27.7852    27.7852    34.5538    27.7854    1460.68    1460.69    -0.8392  1032.3855    34.7238 0.0000e+00
      55903 315.294563  -62.70746  -58.88804     -1.001    1456.51    968.000    956.442    -0.8036    -0.8028     0.0008    -0.8395    -0.8386     0.0008   2.845395   2.845467   0.000079    34.5534    34.5535     5.8952    27.7851    27.7852    34.5537    27.7854    1460.67    1460.67    -0.8389  1032.3807    34.7237 0.0000e+00
      55930 315.294576  -62.70746  -58.88804     -0.917    1456.51    967.000    955.456    -0.8021    -0.8019     0.0002    -0.8380    -0.8378     0.0002   2.845487   2.845516   0.000032    34.5535    34.5537     5.9034    27.7851    27.7852    34.5539    27.7854    1460.66    1460.66    -0.8374  1032.3761    34.7239 0.0000e+00
      55954 315.294587  -62.70748  -58.88804     -0.948    1456.51    966.000    954.470    -0.8001    -0.7991     0.0011    -0.8360    -0.8349     0.0011   2.845634   2.845750   0.000105    34.5537    34.5538     5.9015    27.7851    27.7853    34.5542    27.7856    1460.65    1460.66    -0.8353  1032.3715    34.7242 0.0000e+00
      55975 315.294598  -62.70748  -58.88804     -1.057    1456.51    965.000    953.484    -0.7967    -0.7952     0.0014    -0.8325    -0.8310     0.0014   2.845875   2.845996   0.000124    34.5536    34.5537     5.9002    27.7850    27.7849    34.5541    27.7854    1460.65    1460.66    -0.8319  1032.3665    34.7240 0.0000e+00
      55996 315.294608  -62.70748  -58.88804     -1.132    1456.51    964.000    952.499    -0.7960    -0.7951     0.0009    -0.8318    -0.8309     0.0009   2.845865   2.845964   0.000097    34.5534    34.5538     5.8992    27.7848    27.7850    34.5538    27.7851    1460.64    1460.64    -0.8312  1032.3615    34.7238 0.0000e+00
      56019 315.294619  -62.70748  -58.88804     -1.106    1456.51    963.000    951.513    -0.7960    -0.7936     0.0024    -0.8318    -0.8294     0.0024   2.845825   2.846049   0.000203    34.5536    34.5536     5.8963    27.7849    27.7848    34.5539    27.7852    1460.62    1460.63    -0.8311  1032.3569    34.7239 0.0000e+00
      56045 315.294632  -62.70748  -58.88804     -0.967    1456.51    962.000    950.527    -0.7929    -0.7916     0.0013    -0.8286    -0.8273     0.0013   2.846077   2.846170   0.000110    34.5537    34.5537     5.8845    27.7848    27.7848    34.5543    27.7854    1460.62    1460.63    -0.8280  1032.3523    34.7243 0.0000e+00
      56070 315.294644  -62.70748  -58.88802     -0.924    1456.51    961.000    949.541    -0.7910    -0.7912    -0.0001    -0.8267    -0.8268    -0.0001   2.846168   2.846146  -0.000008    34.5537    34.5537     5.8963    27.7848    27.7848    34.5540    27.7850    1460.61    1460.61    -0.8261  1032.3472    34.7240 0.0000e+00
      56092 315.294654  -62.70748  -58.88802     -1.025    1456.51    960.000    948.555    -0.7932    -0.7935    -0.0003    -0.8288    -0.8291    -0.0003   2.845920   2.845908  -0.000018    34.5537    34.5538     5.9035    27.7849    27.7850    34.5537    27.7849    1460.59    1460.58    -0.8282  1032.3424    34.7236 0.0000e+00
      56112 315.294664  -62.70748  -58.88800     -1.136    1456.51    959.000    947.569    -0.7938    -0.7936     0.0003    -0.8294    -0.8291     0.0003   2.845859   2.845883   0.000028    34.5538    34.5539     5.8962    27.7850    27.7851    34.5542    27.7853    1460.57    1460.57    -0.8288  1032.3382    34.7241 0.0000e+00
      56132 315.294673  -62.70749  -58.88800     -1.196    1456.51    958.000    946.584    -0.7932    -0.7933    -0.0000    -0.8287    -0.8288    -0.0000   2.845858   2.845861   0.000004    34.5539    34.5540     5.8958    27.7850    27.7851    34.5540    27.7851    1460.55    1460.55    -0.8281  1032.3333    34.7240 0.0000e+00
      56154 315.294684  -62.70750  -58.88800     -1.157    1456.51    957.000    945.598    -0.7927    -0.7929    -0.0001    -0.8282    -0.8284    -0.0001   2.845853   2.845861   0.000010    34.5538    34.5541     5.8938    27.7849    27.7852    34.5540    27.7851    1460.54    1460.54    -0.8276  1032.3286    34.7240 0.0000e+00
      56181 315.294697  -62.70750  -58.88800     -0.977    1456.51    956.000    944.612    -0.7913    -0.7904     0.0009    -0.8267    -0.8258     0.0009   2.845944   2.846034   0.000087    34.5539    34.5540     5.8909    27.7849    27.7850    34.5542    27.7852    1460.53    1460.53    -0.8261  1032.3239    34.7241 0.0000e+00
      56210 315.294711  -62.70750  -58.88800     -0.826    1456.51    955.000    943.626    -0.7884    -0.7880     0.0003    -0.8238    -0.8235     0.0003   2.846164   2.846195   0.000034    34.5539    34.5540     5.8810    27.7848    27.7849    34.5544    27.7853    1460.53    1460.53    -0.8232  1032.3192    34.7244 0.0000e+00
      56234 315.294723  -62.70750  -58.88800     -0.908    1456.51    954.000    942.640    -0.7862    -0.7858     0.0004    -0.8216    -0.8212     0.0004   2.846288   2.846308   0.000024    34.5539    34.5538     5.8851    27.7848    27.7847    34.5542    27.7850    1460.52    1460.52    -0.8210  1032.3142    34.7242 0.0000e+00
      56254 315.294732  -62.70750  -58.88799     -1.075    1456.51    953.000    941.654    -0.7858    -0.7857     0.0001    -0.8212    -0.8211     0.0001   2.846273   2.846279   0.000007    34.5539    34.5539     5.8934    27.7847    27.7847    34.5542    27.7849    1460.50    1460.50    -0.8206  1032.3094    34.7241 0.0000e+00
      56272 315.294741  -62.70750  -58.88798     -1.218    1456.51    952.000    940.669    -0.7853    -0.7851     0.0002    -0.8206    -0.8204     0.0002   2.846272   2.846295   0.000020    34.5538    34.5539     5.8879    27.7846    27.7847    34.5541    27.7849    1460.49    1460.49    -0.8200  1032.3046    34.7240 0.0000e+00
      56291 315.294750  -62.70750  -58.88798     -1.277    1456.51    951.000    939.683    -0.7844    -0.7837     0.0007    -0.8196    -0.8190     0.0007   2.846298   2.846370   0.000071    34.5537    34.5539     5.8876    27.7845    27.7847    34.5541    27.7848    1460.48    1460.48    -0.8191  1032.2998    34.7240 0.0000e+00
      56314 315.294761  -62.70752  -58.88798     -1.191    1456.51    950.000    938.697    -0.7847    -0.7834     0.0013    -0.8199    -0.8186     0.0013   2.846229   2.846356   0.000128    34.5538    34.5540     5.8861    27.7846    27.7847    34.5541    27.7848    1460.46    1460.47    -0.8193  1032.2952    34.7240 0.0000e+00
      56342 315.294775  -62.70752  -58.88798     -0.943    1456.51    949.000    937.711    -0.7841    -0.7834     0.0007    -0.8193    -0.8186     0.0007   2.846242   2.846300   0.000061    34.5540    34.5540     5.8839    27.7847    27.7846    34.5542    27.7849    1460.45    1460.45    -0.8187  1032.2905    34.7241 0.0000e+00
      56372 315.294789  -62.70752  -58.88797     -0.781    1456.51    948.000    936.725    -0.7833    -0.7833     0.0000    -0.8184    -0.8184     0.0000   2.846258   2.846276   0.000018    34.5538    34.5540     5.8793    27.7845    27.7847    34.5541    27.7847    1460.43    1460.43    -0.8178  1032.2857    34.7240 0.0000e+00
      56398 315.294802  -62.70752  -58.88796     -0.878    1456.51    947.000    935.739    -0.7828    -0.7827     0.0001    -0.8179    -0.8178     0.0001   2.846258   2.846280   0.000021    34.5538    34.5540     5.8789    27.7845    27.7847    34.5540    27.7847    1460.42    1460.42    -0.8173  1032.2810    34.7240 0.0000e+00
      56419 315.294812  -62.70752  -58.88796     -1.017    1456.51    946.000    934.753    -0.7820    -0.7816     0.0004    -0.8171    -0.8166     0.0004   2.846283   2.846326   0.000044    34.5538    34.5539     5.8823    27.7844    27.7846    34.5541    27.7847    1460.41    1460.41    -0.8165  1032.2762    34.7240 0.0000e+00
      56440 315.294822  -62.70753  -58.88796     -1.121    1456.51    945.000    933.768    -0.7815    -0.7813     0.0002    -0.8165    -0.8163     0.0002   2.846265   2.846295   0.000034    34.5537    34.5539     5.8837    27.7844    27.7845    34.5539    27.7845    1460.39    1460.39    -0.8159  1032.2713    34.7238 0.0000e+00
      56460 315.294832  -62.70754  -58.88796     -1.169    1456.51    944.000    932.782    -0.7814    -0.7814    -0.0000    -0.8164    -0.8164    -0.0000   2.846239   2.846239  -0.000002    34.5538    34.5539     5.8834    27.7845    27.7845    34.5539    27.7845    1460.38    1460.38    -0.8158  1032.2667    34.7239 0.0000e+00
      56481 315.294842  -62.70754  -58.88796     -1.172    1456.51    943.000    931.796    -0.7815    -0.7812     0.0003    -0.8165    -0.8162     0.0003   2.846177   2.846217   0.000038    34.5538    34.5540     5.8814    27.7845    27.7846    34.5539    27.7845    1460.36    1460.36    -0.8158  1032.2619    34.7238 0.0000e+00
      56506 315.294854  -62.70754  -58.88794     -1.062    1456.51    942.000    930.810    -0.7814    -0.7810     0.0004    -0.8163    -0.8159     0.0004   2.846147   2.846182   0.000038    34.5538    34.5539     5.8809    27.7844    27.7845    34.5539    27.7845    1460.34    1460.35    -0.8157  1032.2573    34.7239 0.0000e+00
      56535 315.294868  -62.70754  -58.88794     -0.868    1456.51    941.000    929.824    -0.7811    -0.7811    -0.0000    -0.8160    -0.8160    -0.0000   2.846126   2.846134   0.000007    34.5538    34.5539     5.8730    27.7844    27.7845    34.5539    27.7845    1460.33    1460.33    -0.8153  1032.2525    34.7238 0.0000e+00
      56560 315.294880  -62.70754  -58.88794     -0.889    1456.51    940.000    928.838    -0.7805    -0.7803     0.0002    -0.8153    -0.8151     0.0002   2.846134   2.846163   0.000030    34.5538    34.5539     5.8728    27.7844    27.7845    34.5539    27.7845    1460.31    1460.32    -0.8147  1032.2478    34.7239 0.0000e+00
      56581 315.294890  -62.70754  -58.88794     -1.034    1456.51    939.000    927.852    -0.7802    -0.7801     0.0000    -0.8149    -0.8149     0.0000   2.846111   2.846120   0.000010    34.5537    34.5538     5.8779    27.7843    27.7844    34.5538    27.7843    1460.30    1460.30    -0.8143  1032.2430    34.7237 0.0000e+00
      56602 315.294900  -62.70756  -58.88792     -1.145    1456.51    938.000    926.866    -0.7803    -0.7804    -0.0001    -0.8151    -0.8151    -0.0001   2.846058   2.846063   0.000006    34.5538    34.5540     5.8776    27.7844    27.7845    34.5538    27.7844    1460.28    1460.28    -0.8144  1032.2384    34.7238 0.0000e+00
      56624 315.294911  -62.70756  -58.88792     -1.124    1456.51    937.000    925.880    -0.7806    -0.7804     0.0002    -0.8153    -0.8151     0.0002   2.846003   2.846014   0.000012    34.5539    34.5539     5.8870    27.7844    27.7844    34.5539    27.7845    1460.26    1460.26    -0.8147  1032.2338    34.7239 0.0000e+00
      56651 315.294924  -62.70756  -58.88792     -0.962    1456.51    936.000    924.894    -0.7803    -0.7803    -0.0000    -0.8149    -0.8149    -0.0000   2.845983   2.845982  -0.000002    34.5539    34.5539     5.8835    27.7844    27.7844    34.5539    27.7845    1460.25    1460.25    -0.8143  1032.2290    34.7238 0.0000e+00
      56677 315.294936  -62.70756  -58.88792     -0.894    1456.51    935.000    923.909    -0.7799    -0.7796     0.0002    -0.8145    -0.8142     0.0002   2.845970   2.845992   0.000022    34.5538    34.5539     5.8764    27.7844    27.7844    34.5539    27.7844    1460.23    1460.23    -0.8139  1032.2243    34.7238 0.0000e+00
      56701 315.294948  -62.70756  -58.88792     -0.971    1456.51    934.000    922.922    -0.7792    -0.7788     0.0003    -0.8137    -0.8134     0.0003   2.845979   2.846015   0.000034    34.5537    34.5538     5.8729    27.7842    27.7843    34.5538    27.7843    1460.22    1460.22    -0.8131  1032.2195    34.7237 0.0000e+00
      56724 315.294959  -62.70756  -58.88790     -1.025    1456.51    933.000    921.937    -0.7787    -0.7782     0.0006    -0.8132    -0.8126     0.0006   2.845979   2.846021   0.000043    34.5538    34.5537     5.8799    27.7843    27.7842    34.5539    27.7844    1460.21    1460.21    -0.8126  1032.2148    34.7238 0.0000e+00
      56749 315.294971  -62.70757  -58.88790     -0.980    1456.51    932.000    920.951    -0.7782    -0.7779     0.0003    -0.8127    -0.8123     0.0003   2.845966   2.846006   0.000039    34.5536    34.5538     5.8818    27.7842    27.7843    34.5537    27.7842    1460.19    1460.19    -0.8121  1032.2099    34.7236 0.0000e+00
      56773 315.294983  -62.70758  -58.88790     -0.975    1456.51    931.000    919.965    -0.7778    -0.7778     0.0001    -0.8122    -0.8122     0.0001   2.845961   2.845980   0.000022    34.5537    34.5539     5.8899    27.7842    27.7844    34.5538    27.7842    1460.18    1460.18    -0.8116  1032.2053    34.7237 0.0000e+00
      56794 315.294993  -62.70758  -58.88790     -1.068    1456.51    930.000    918.979    -0.7776    -0.7777    -0.0001    -0.8120    -0.8121    -0.0001   2.845940   2.845929  -0.000009    34.5538    34.5538     5.8880    27.7843    27.7842    34.5538    27.7843    1460.16    1460.16    -0.8114  1032.2006    34.7238 0.0000e+00
      56815 315.295003  -62.70758  -58.88790     -1.139    1456.51    929.000    917.993    -0.7777    -0.7774     0.0002    -0.8120    -0.8117     0.0002   2.845892   2.845930   0.000030    34.5538    34.5539     5.8813    27.7842    27.7843    34.5538    27.7843    1460.15    1460.15    -0.8114  1032.1959    34.7237 0.0000e+00
      56839 315.295015  -62.70758  -58.88788     -1.079    1456.51    928.000    917.007    -0.7774    -0.7769     0.0005    -0.8117    -0.8112     0.0005   2.845873   2.845924   0.000052    34.5538    34.5539     5.8766    27.7843    27.7843    34.5539    27.7843    1460.13    1460.13    -0.8111  1032.1912    34.7238 0.0000e+00
      56869 315.295029  -62.70758  -58.88788     -0.855    1456.51    927.000    916.021    -0.7773    -0.7771     0.0002    -0.8115    -0.8113     0.0002   2.845846   2.845860   0.000014    34.5538    34.5538     5.8736    27.7843    27.7843    34.5539    27.7843    1460.11    1460.11    -0.8109  1032.1866    34.7239 0.0000e+00
      56895 315.295042  -62.70759  -58.88788     -0.843    1456.51    926.000    915.035    -0.7769    -0.7769    -0.0001    -0.8111    -0.8111    -0.0001   2.845824   2.845834   0.000014    34.5537    34.5539     5.8784    27.7841    27.7843    34.5538    27.7842    1460.10    1460.10    -0.8105  1032.1817    34.7237 0.0000e+00
      56916 315.295052  -62.70760  -58.88788     -1.019    1456.51    925.000    914.049    -0.7769    -0.7768     0.0001    -0.8110    -0.8110     0.0001   2.845775   2.845801   0.000023    34.5537    34.5539     5.8771    27.7841    27.7843    34.5537    27.7842    1460.08    1460.08    -0.8105  1032.1770    34.7236 0.0000e+00
