Pos-Processados/process_op41/operantar41_018.cnv
* Sea-Bird SBE 9 Data File:
* FileName = C:\Users\Dell\Desktop\OperantarXLI\config\00_BRUTOS\OPE41018.hdr
* Software Version Seasave V 7.26.7.110
* Temperature SN = 6497
* Conductivity SN = 4954
* Number of Bytes Per Scan = 34
* Number of Voltage Words = 3
* Number of Scans Averaged by the Deck Unit = 1
* NMEA Latitude = 62 11.15 S
* NMEA Longitude = 058 03.26 W
* NMEA UTC (Time) = Nov 09 2022 19:30:02
* NMEA baud rate = 4800
** H41
** Navio Polar Almirante Maximiano
** LH-021/2022
** Operantar XLI
** Número da Estação 018
** Latitude 62.11.171'S
** Longitude 058 03.25'W
** Data/Hora (Z) 09/11/2022 1930Z
** Profundidade local 421 m
** 09-1439
** Nome do Operador 1T Filipe Lopes
# nquan = 30
# nvalues = 352                         
# units = specified
# name 0 = scan: Scan Count
# name 1 = timeJ: Julian Days
# name 2 = latitude: Latitude [deg]
# name 3 = longitude: Longitude [deg]
# name 4 = dz/dtM: Descent Rate [m/s]
# name 5 = avgsvCM: Average Sound Velocity [Chen-Millero, m/s]
# name 6 = prDM: Pressure, Digiquartz [db]
# name 7 = depSM: Depth [salt water, m]
# name 8 = t090C: Temperature [ITS-90, deg C]
# name 9 = t190C: Temperature, 2 [ITS-90, deg C]
# name 10 = T2-T190C: Temperature Difference, 2 - 1 [ITS-90, deg C]
# name 11 = potemp090C: Potential Temperature [ITS-90, deg C]
# name 12 = potemp190C: Potential Temperature, 2 [ITS-90, deg C]
# name 13 = potemp90Cdiff: Potential Temperature, Diff, 2 - 1 [ITS-90, deg C]
# name 14 = c0S/m: Conductivity [S/m]
# name 15 = c1S/m: Conductivity, 2 [S/m]
# name 16 = C2-C1S/m: Conductivity Difference, 2 - 1 [S/m]
# name 17 = sal00: Salinity, Practical [PSU]
# name 18 = sal11: Salinity, Practical, 2 [PSU]
# name 19 = sbeox0ML/L: Oxygen, SBE 43 [ml/l]
# name 20 = sigma-é00: Density [sigma-theta, kg/m^3]
# name 21 = sigma-é11: Density, 2 [sigma-theta, kg/m^3]
# name 22 = sal00: Salinity, Practical [PSU]
# name 23 = sigma-é00: Density [sigma-theta, kg/m^3]
# name 24 = svCM: Sound Velocity [Chen-Millero, m/s]
# name 25 = svCM1: Sound Velocity, 2 [Chen-Millero, m/s]
# name 26 = gsw_ptA0: potential temperature [ITS-90, deg C]
# name 27 = gsw_densityA0: density, TEOS-10 [density, kg/m^3]
# name 28 = gsw_saA0: Absolute Salinity [g/kg]
# name 29 = flag:
# span 0 =        434,       8956       
# span 1 = 313.812732, 313.816842       
# span 2 =  -62.18585,  -62.18506       
# span 3 =  -58.05448,  -58.05442       
# span 4 =      0.061,      1.419       
# span 5 =       0.00,    1451.90       
# span 6 =      1.000,    352.000       
# span 7 =      0.997,    348.325       
# span 8 =    -0.3607,    -0.0353       
# span 9 =    -0.3618,    -0.0348       
# span 10 =    -0.0043,     4.2496      
# span 11 =    -0.3696,    -0.0454      
# span 12 =    -0.3706,    -0.0449      
# span 13 =    -0.0043,     4.2350      
# span 14 =   0.319454,   2.868532      
# span 15 =   2.825007,   2.868519      
# span 16 =  -0.246810,   0.001443      
# span 17 =    14.3734,    34.4386      
# span 18 =    33.5393,    34.4389      
# span 19 =     5.1663,    90.2556      
# span 20 =     4.1725,    27.6657      
# span 21 =    26.0524,    27.6659      
# span 22 =    33.1970,    34.4381      
# span 23 =    26.6636,    27.6654      
# span 24 =    1447.20,    1452.98      
# span 25 =    1447.20,    1452.99      
# span 26 =    -0.3694,    -0.0453      
# span 27 =  1024.9807,  1029.3360      
# span 28 =    29.1640,    34.6065      
# span 29 = 0.0000e+00, 0.0000e+00      
# interval = decibars: 1                
# start_time = Nov 09 2022 19:30:02 [NMEA time, header]
# bad_flag = -9.990e-29
*END*
[from data line 339]
       8694 313.816715  -62.18508  -58.05446      1.364    1449.97    340.000    336.460    -0.2227    -0.2231    -0.0004    -0.2349    -0.2353    -0.0004   2.857936   2.857926  -0.000010    34.4378    34.4381     6.0154    27.6643    27.6645    34.4371    27.6637    1452.89    1452.89    -0.2347  1029.2867    34.6055 0.0000e+00
       8713 313.816725  -62.18506  -58.05446      1.320    1449.97    341.000    337.449    -0.2240    -0.2236     0.0004    -0.2363    -0.2359     0.0004   2.857863   2.857912   0.000053    34.4378    34.4381     6.0158    27.6644    27.6646    34.4370    27.6637    1452.91    1452.91    -0.2361  1029.2915    34.6054 0.0000e+00
       8735 313.816735  -62.18506  -58.05446      1.170    1449.97    342.000    338.438    -0.2290    -0.2290    -0.0000    -0.2413    -0.2413    -0.0000   2.857485   2.857503   0.000019    34.4381    34.4383     6.0256    27.6648    27.6650    34.4370    27.6639    1452.90    1452.90    -0.2411  1029.2965    34.6053 0.0000e+00
       8761 313.816748  -62.18506  -58.05446      0.994    1449.97    343.000    339.426    -0.2307    -0.2307    -0.0000    -0.2430    -0.2430    -0.0000   2.857418   2.857440   0.000021    34.4383    34.4385     6.0316    27.6650    27.6653    34.4374    27.6644    1452.90    1452.91    -0.2428  1029.3017    34.6058 0.0000e+00
       8787 313.816760  -62.18506  -58.05446      0.921    1449.97    344.000    340.415    -0.2332    -0.2328     0.0004    -0.2455    -0.2451     0.0004   2.857242   2.857297   0.000052    34.4382    34.4385     6.0397    27.6651    27.6653    34.4372    27.6644    1452.91    1452.91    -0.2454  1029.3065    34.6056 0.0000e+00
       8812 313.816772  -62.18506  -58.05446      0.941    1449.97    345.000    341.404    -0.2370    -0.2371    -0.0001    -0.2494    -0.2495    -0.0001   2.856995   2.856997   0.000005    34.4385    34.4387     6.0391    27.6656    27.6658    34.4376    27.6649    1452.91    1452.91    -0.2492  1029.3118    34.6060 0.0000e+00
       8837 313.816784  -62.18506  -58.05446      0.964    1449.97    346.000    342.393    -0.2384    -0.2384     0.0000    -0.2508    -0.2508     0.0000   2.856940   2.856961   0.000023    34.4386    34.4388     6.0419    27.6657    27.6659    34.4379    27.6652    1452.92    1452.92    -0.2506  1029.3168    34.6063 0.0000e+00
       8861 313.816796  -62.18506  -58.05448      0.978    1449.97    347.000    343.381    -0.2384    -0.2388    -0.0004    -0.2509    -0.2513    -0.0004   2.856979   2.856977 -3.674e-07    34.4384    34.4389     6.0476    27.6655    27.6659    34.4378    27.6651    1452.94    1452.93    -0.2507  1029.3215    34.6062 0.0000e+00
       8884 313.816807  -62.18506  -58.05448      1.027    1449.97    348.000    344.370    -0.2380    -0.2384    -0.0003    -0.2506    -0.2509    -0.0003   2.857067   2.857050  -0.000016    34.4385    34.4386     6.0461    27.6656    27.6657    34.4380    27.6652    1452.95    1452.95    -0.2503  1029.3263    34.6064 0.0000e+00
       8905 313.816817  -62.18506  -58.05448      1.085    1449.97    349.000    345.359    -0.2383    -0.2384    -0.0001    -0.2508    -0.2509    -0.0001   2.857095   2.857102   0.000005    34.4385    34.4387     6.0481    27.6656    27.6658    34.4380    27.6652    1452.97    1452.97    -0.2506  1029.3311    34.6064 0.0000e+00
       8926 313.816827  -62.18506  -58.05448      1.126    1449.97    350.000    346.348    -0.2387    -0.2387 2.7012e-07    -0.2513    -0.2513 2.7012e-07   2.857108   2.857121   0.000015    34.4385    34.4387     6.0458    27.6657    27.6658    34.4381    27.6654    1452.98    1452.99    -0.2511  1029.3360    34.6065 0.0000e+00
       8946 313.816837  -62.18506  -58.05448      1.164    1449.97    351.000    347.336    -0.2396    -0.2397     0.1136    -0.2522    -0.2523     0.1131   2.761501   2.856763  -0.001133    33.6678    34.4253     5.1663    26.8380    27.6459    33.1970    26.6636    1451.32    1452.99    -0.2478  1024.9807    29.1640 0.0000e+00
       8956 313.816842  -62.18506  -58.05448      1.249    1449.97    352.000    348.325 -9.990e-29    -0.2403     4.2496 -9.990e-29    -0.2529     4.2350   0.319454 -9.990e-29  -0.246810    14.3734    33.5393    90.2556     4.1725    26.0524 -9.990e-29 -9.990e-29 -9.990e-29 -9.990e-29 -9.990e-29 -9.990e-29 -9.990e-29 0.0000e+00
