Pos-Processados/process_op41/operantar41_005.ros
* Sea-Bird SBE 9 Data File:
* FileName = C:\Users\Dell\Desktop\Operantar XLI\Raw\OP41005.hdr
* Software Version Seasave V 7.26.7.110
* Temperature SN = 6497
* Conductivity SN = 4954
* Number of Bytes Per Scan = 31
* Number of Voltage Words = 2
* Number of Scans Averaged by the Deck Unit = 1
* NMEA Latitude = 38 39.38 S
* NMEA Longitude = 048 59.66 W
* NMEA UTC (Time) = Oct 18 2022 16:26:34
* NMEA baud rate = 4800
** H41
** Navio Polar Almirante Maximiano
** LH-021/2022
** Operantar XLI
** Número da Estação 005
** Latitude 38 39,4'S
** Longitude 048 59,6'W
** Data/Hora (Z) 18/10/2022 16:26Z
** Profundidade local 5340m
** 09-1439
** Nome do Operador CT Garla
# nquan = 24
# nvalues = 1750                                  
# units = specified
# name 0 = scan: Scan Count
# name 1 = timeJ: Julian Days
# name 2 = latitude: Latitude [deg]
# name 3 = longitude: Longitude [deg]
# name 4 = dz/dtM: Descent Rate [m/s]
# name 5 = avgsvCM: Average Sound Velocity [Chen-Millero, m/s]
# name 6 = prDM: Pressure, Digiquartz [db]
# name 7 = depSM: Depth [salt water, m]
# name 8 = t090C: Temperature [ITS-90, deg C]
# name 9 = t190C: Temperature, 2 [ITS-90, deg C]
# name 10 = T2-T190C: Temperature Difference, 2 - 1 [ITS-90, deg C]
# name 11 = potemp090C: Potential Temperature [ITS-90, deg C]
# name 12 = potemp190C: Potential Temperature, 2 [ITS-90, deg C]
# name 13 = potemp90Cdiff: Potential Temperature, Diff, 2 - 1 [ITS-90, deg C]
# name 14 = c0S/m: Conductivity [S/m]
# name 15 = c1S/m: Conductivity, 2 [S/m]
# name 16 = C2-C1S/m: Conductivity Difference, 2 - 1 [S/m]
# name 17 = sal00: Salinity, Practical [PSU]
# name 18 = sal11: Salinity, Practical, 2 [PSU]
# name 19 = sbeox0ML/L: Oxygen, SBE 43 [ml/l]
# name 20 = sigma-é00: Density [sigma-theta, kg/m^3]
# name 21 = sigma-é11: Density, 2 [sigma-theta, kg/m^3]
# name 22 = nbf: Bottles Fired
# name 23 = flag:  0.000e+00
# interval = seconds: 0.0416667
# start_time = Oct 18 2022 16:26:34 [NMEA time, header]
# bad_flag = -9.990e-29
*END*
[from data line 1087]
     276793 291.818600  -38.65204  -49.03252      0.374    1502.27    194.498    192.940    10.6533    10.6554     0.0021    10.6298    10.6319     0.0021   3.865135   3.865336   0.000201    34.8528    34.8528     5.1401    26.7273    26.7269         15  0.000e+00
     276794 291.818600  -38.65204  -49.03252      0.362    1502.27    194.498    192.940    10.6538    10.6555     0.0017    10.6303    10.6321     0.0017   3.865154   3.865491   0.000337    34.8525    34.8542     5.1399    26.7270    26.7280         15  0.000e+00
     276795 291.818601  -38.65204  -49.03252      0.353    1502.27    194.449    192.892    10.6541    10.6569     0.0028    10.6307    10.6335     0.0028   3.865230   3.865717   0.000487    34.8530    34.8552     5.1437    26.7273    26.7285         15  0.000e+00
     276796 291.818601  -38.65204  -49.03252      0.341    1502.27    194.498    192.940    10.6543    10.6580     0.0037    10.6308    10.6345     0.0037   3.865230   3.865782   0.000551    34.8528    34.8548     5.1391    26.7271    26.7280         15  0.000e+00
     276797 291.818601  -38.65204  -49.03252      0.332    1502.27    194.498    192.940    10.6546    10.6580     0.0034    10.6312    10.6345     0.0034   3.865364   3.865672   0.000308    34.8538    34.8537     5.1384    26.7278    26.7271         15  0.000e+00
     276798 291.818602  -38.65204  -49.03252      0.321    1502.27    194.498    192.940    10.6557    10.6580     0.0022    10.6323    10.6345     0.0022   3.865396   3.865620   0.000225    34.8531    34.8532     5.1382    26.7270    26.7268         15  0.000e+00
     276799 291.818602  -38.65204  -49.03252      0.312    1502.27    194.498    192.940    10.6541    10.6583     0.0042    10.6307    10.6349     0.0042   3.865237   3.865407   0.000171    34.8530    34.8507     5.1379    26.7273    26.7247         15  0.000e+00
     276800 291.818603  -38.65204  -49.03252      0.298    1502.27    194.498    192.940    10.6526    10.6550     0.0024    10.6292    10.6316     0.0024   3.865033   3.864930  -0.000103    34.8524    34.8490     5.1375    26.7271    26.7240         15  0.000e+00
     276801 291.818603  -38.65204  -49.03252      0.290    1502.27    194.506    192.948    10.6460    10.6511     0.0051    10.6226    10.6277     0.0051   3.864371   3.864491   0.000119    34.8520    34.8484     5.1424    26.7279    26.7242         15  0.000e+00
     276802 291.818604  -38.65204  -49.03252      0.280    1502.27    194.562    193.004    10.6399    10.6482     0.0083    10.6165    10.6248     0.0083   3.863837   3.864032   0.000195    34.8524    34.8465     5.1431    26.7294    26.7232         15  0.000e+00
     276803 291.818604  -38.65204  -49.03252      0.268    1502.27    194.498    192.940    10.6373    10.6421     0.0048    10.6139    10.6187     0.0048   3.863551   3.862993  -0.000557    34.8521    34.8419     5.1434    26.7296    26.7208         15  0.000e+00
     276804 291.818605  -38.65204  -49.03252      0.256    1502.27    194.498    192.940    10.6373    10.6313    -0.0060    10.6139    10.6079    -0.0060   3.863519   3.861845  -0.001674    34.8518    34.8407     5.1393    26.7293    26.7217         15  0.000e+00
     276805 291.818605  -38.65204  -49.03252      0.246    1502.27    194.498    192.940    10.6373    10.6240    -0.0133    10.6139    10.6006    -0.0133   3.863423   3.861335  -0.002088    34.8508    34.8425     5.1439    26.7286    26.7244         15  0.000e+00
     276806 291.818606  -38.65204  -49.03252      0.234    1502.27    194.498    192.940    10.6340    10.6197    -0.0143    10.6106    10.5963    -0.0143   3.862959   3.861045  -0.001914    34.8493    34.8436     5.1439    26.7279    26.7261         15  0.000e+00
     276807 291.818606  -38.65204  -49.03252      0.226    1502.27    194.506    192.948    10.6277    10.6159    -0.0118    10.6043    10.5925    -0.0118   3.862336   3.860813  -0.001523    34.8490    34.8449     5.1406    26.7288    26.7278         15  0.000e+00
     276808 291.818607  -38.65204  -49.03252      0.212    1502.27    194.498    192.940    10.6251    10.6154    -0.0097    10.6017    10.5920    -0.0097   3.861967   3.861090  -0.000877    34.8478    34.8482     5.1451    26.7283    26.7304         15  0.000e+00
     276809 291.818607  -38.65204  -49.03252      0.201    1502.27    194.498    192.940    10.6207    10.6179    -0.0028    10.5973    10.5945    -0.0028   3.861572   3.861335  -0.000237    34.8480    34.8483     5.1457    26.7294    26.7301         15  0.000e+00
     276810 291.818608  -38.65204  -49.03252      0.189    1502.27    194.498    192.940    10.6165    10.6179     0.0014    10.5932    10.5945     0.0014   3.861133   3.861400   0.000266    34.8476    34.8489     5.1422    26.7297    26.7305         15  0.000e+00
     276811 291.818608  -38.65204  -49.03252      0.183    1502.27    194.562    193.004    10.6146    10.6197     0.0051    10.5912    10.5963     0.0051   3.860873   3.861755   0.000882    34.8468    34.8508     5.1471    26.7294    26.7317         15  0.000e+00
     276812 291.818609  -38.65204  -49.03250      0.169    1502.27    194.498    192.940    10.6119    10.6209     0.0089    10.5886    10.5975     0.0089   3.860523   3.861400   0.000877    34.8458    34.8461     5.1480    26.7291    26.7278         15  0.000e+00
     276813 291.818609  -38.65204  -49.03250      0.161    1502.27    194.506    192.948    10.6088    10.6144     0.0056    10.5854    10.5910     0.0056   3.860160   3.860361   0.000201    34.8451    34.8418     5.1491    26.7292    26.7256         15  0.000e+00
     276814 291.818610  -38.65204  -49.03250      0.142    1502.27    194.441    192.884    10.6058    10.6078     0.0020    10.5824    10.5844     0.0020   3.859874   3.859742  -0.000133    34.8452    34.8420     5.1495    26.7298    26.7269         15  0.000e+00
     276815 291.818610  -38.65204  -49.03250      0.130    1502.27    194.441    192.884    10.6032    10.6043     0.0010    10.5799    10.5809     0.0010   3.859633   3.859458  -0.000175    34.8452    34.8424     5.1454    26.7302    26.7279         15  0.000e+00
     276816 291.818611  -38.65204  -49.03250      0.119    1502.27    194.498    192.940    10.6014    10.6033     0.0019    10.5780    10.5799     0.0019   3.859423   3.859535   0.000113    34.8448    34.8441     5.1459    26.7302    26.7293         15  0.000e+00
     276817 291.818611  -38.65204  -49.03250      0.112    1502.27    194.498    192.940    10.6006    10.6039     0.0033    10.5772    10.5805     0.0033   3.859346   3.859780   0.000434    34.8448    34.8460     5.1462    26.7303    26.7307         15  0.000e+00
     276818 291.818612  -38.65204  -49.03250      0.098    1502.27    194.449    192.892    10.6000    10.6051     0.0052    10.5766    10.5817     0.0052   3.859283   3.860045   0.000762    34.8448    34.8475     5.1506    26.7304    26.7317         15  0.000e+00
     276819 291.818612  -38.65204  -49.03250      0.089    1502.27    194.498    192.940    10.5995    10.6057     0.0063    10.5761    10.5824     0.0063   3.859245   3.860071   0.000826    34.8448    34.8472     5.1515    26.7306    26.7313         15  0.000e+00
     276820 291.818613  -38.65204  -49.03250      0.074    1502.27    194.385    192.828    10.5995    10.6061     0.0067    10.5761    10.5828     0.0067   3.859257   3.860019   0.000762    34.8450    34.8463     5.1522    26.7307    26.7306         15  0.000e+00
     276821 291.818613  -38.65204  -49.03250      0.065    1502.27    194.441    192.884    10.5998    10.6051     0.0053    10.5764    10.5817     0.0053   3.859321   3.859935   0.000614    34.8453    34.8465     5.1524    26.7309    26.7309         15  0.000e+00
     276822 291.818614  -38.65204  -49.03250      0.056    1502.27    194.441    192.884    10.6008    10.6055     0.0047    10.5774    10.5821     0.0047   3.859410   3.860032   0.000622    34.8453    34.8471     5.1481    26.7307    26.7313         15  0.000e+00
     276823 291.818614  -38.65204  -49.03250      0.043    1502.27    194.441    192.884    10.6011    10.6064     0.0053    10.5777    10.5830     0.0053   3.859410   3.860116   0.000706    34.8450    34.8470     5.1484    26.7304    26.7311         15  0.000e+00
     276824 291.818614  -38.65204  -49.03250      0.033    1502.27    194.449    192.892    10.6014    10.6079     0.0065    10.5780    10.5846     0.0065   3.859499   3.860367   0.000868    34.8456    34.8481     5.1487    26.7308    26.7316         15  0.000e+00
     276825 291.818615  -38.65204  -49.03250      0.023    1502.27    194.385    192.828    10.6027    10.6113     0.0085    10.5794    10.5879     0.0085   3.859690   3.860580   0.000891    34.8462    34.8471     5.1530    26.7311    26.7303         15  0.000e+00
     276826 291.818615  -38.65204  -49.03250      0.017    1502.27    194.441    192.884    10.6036    10.6116     0.0080    10.5802    10.5882     0.0080   3.859766   3.860503   0.000737    34.8462    34.8460     5.1487    26.7309    26.7293         15  0.000e+00
     276827 291.818616  -38.65204  -49.03250     -0.000    1502.27    194.320    192.764    10.6046    10.6111     0.0065    10.5812    10.5877     0.0065   3.859925   3.860406   0.000481    34.8469    34.8455     5.1480    26.7313    26.7290         15  0.000e+00
     276828 291.818616  -38.65204  -49.03250     -0.007    1502.27    194.441    192.884    10.6069    10.6104     0.0035    10.5835    10.5871     0.0035   3.860230   3.860387   0.000156    34.8477    34.8459     5.1522    26.7315    26.7295         15  0.000e+00
     276829 291.818617  -38.65204  -49.03250     -0.017    1502.27    194.385    192.828    10.6102    10.6099    -0.0002    10.5868    10.5865    -0.0002   3.860466   3.860354  -0.000111    34.8470    34.8461     5.1522    26.7304    26.7297         15  0.000e+00
     276830 291.818617  -38.65204  -49.03250     -0.027    1502.27    194.328    192.772    10.6108    10.6124     0.0016    10.5874    10.5890     0.0016   3.860491   3.860787   0.000296    34.8466    34.8481     5.1480    26.7300    26.7308         15  0.000e+00
     276831 291.818618  -38.65204  -49.03250     -0.036    1502.27    194.385    192.828    10.6102    10.6162     0.0061    10.5868    10.5929     0.0061   3.860485   3.861206   0.000721    34.8472    34.8486     5.1526    26.7305    26.7306         15  0.000e+00
     276832 291.818618  -38.65204  -49.03250     -0.042    1502.27    194.320    192.764    10.6097    10.6191     0.0094    10.5863    10.5957     0.0094   3.860536   3.861580   0.001045    34.8482    34.8497     5.1530    26.7314    26.7309         15  0.000e+00
     276833 291.818619  -38.65204  -49.03250     -0.052    1502.27    194.385    192.828    10.6124    10.6225     0.0101    10.5891    10.5991     0.0101   3.860860   3.861909   0.001049    34.8488    34.8497     5.1486    26.7314    26.7303         15  0.000e+00
     276834 291.818619  -38.65204  -49.03250     -0.061    1502.27    194.320    192.764    10.6161    10.6261     0.0101    10.5927    10.6027     0.0100   3.861343   3.862284   0.000940    34.8502    34.8501     5.1526    26.7319    26.7300         15  0.000e+00
     276835 291.818620  -38.65204  -49.03250     -0.071    1502.27    194.320    192.764    10.6195    10.6278     0.0083    10.5961    10.6044     0.0083   3.861649   3.862335   0.000687    34.8500    34.8490     5.1481    26.7311    26.7288         15  0.000e+00
     276836 291.818620  -38.65204  -49.03250     -0.079    1502.27    194.328    192.772    10.6218    10.6273     0.0054    10.5985    10.6039     0.0054   3.861827   3.862219   0.000392    34.8496    34.8483     5.1474    26.7303    26.7284         15  0.000e+00
     276837 291.818621  -38.65204  -49.03250     -0.088    1502.27    194.264    192.708    10.6241    10.6272     0.0030    10.6007    10.6038     0.0030   3.861998   3.862206   0.000208    34.8491    34.8483     5.1466    26.7296    26.7284         15  0.000e+00
     276838 291.818621  -38.65204  -49.03250     -0.096    1502.27    194.320    192.764    10.6272    10.6273     0.0000    10.6039    10.6039     0.0000   3.862342   3.862264  -0.000078    34.8496    34.8488     5.1462    26.7294    26.7288         15  0.000e+00
     276839 291.818622  -38.65204  -49.03250     -0.107    1502.27    194.264    192.708    10.6297    10.6272    -0.0026    10.6063    10.6038    -0.0026   3.862647   3.862264  -0.000383    34.8503    34.8489     5.1459    26.7295    26.7289         15  0.000e+00
     276840 291.818622  -38.65204  -49.03250     -0.111    1502.27    194.320    192.764    10.6307    10.6280    -0.0027    10.6073    10.6046    -0.0027   3.862660   3.862355  -0.000305    34.8495    34.8490     5.1459    26.7287    26.7288         15  0.000e+00
     276841 291.818623  -38.65204  -49.03250     -0.117    1502.27    194.272    192.716    10.6314    10.6291    -0.0023    10.6080    10.6057    -0.0023   3.862825   3.862509  -0.000316    34.8506    34.8496     5.1408    26.7294    26.7290         15  0.000e+00
     276842 291.818623  -38.65204  -49.03250     -0.127    1502.27    194.199    192.644    10.6328    10.6308    -0.0020    10.6094    10.6074    -0.0020   3.862984   3.862839  -0.000146    34.8508    34.8513     5.1442    26.7293    26.7301         15  0.000e+00
     276843 291.818624  -38.65204  -49.03250     -0.133    1502.27    194.264    192.708    10.6352    10.6338    -0.0014    10.6118    10.6104    -0.0014   3.863175   3.863206   0.000031    34.8505    34.8521     5.1435    26.7287    26.7302         15  0.000e+00
     276844 291.818624  -38.65204  -49.03250     -0.141    1502.27    194.264    192.708    10.6389    10.6369    -0.0020    10.6155    10.6135    -0.0020   3.863551   3.863658   0.000108    34.8506    34.8536     5.1432    26.7281    26.7308         15  0.000e+00
     276845 291.818625  -38.65204  -49.03250     -0.149    1502.27    194.199    192.644    10.6441    10.6418    -0.0023    10.6207    10.6184    -0.0023   3.864199   3.864310   0.000110    34.8523    34.8556     5.1421    26.7285    26.7315         15  0.000e+00
     281486 291.820863  -38.65180  -49.03308     -0.405    1502.27     45.960     45.609    13.6996    13.6995    -0.0001    13.6931    13.6930    -0.0001   4.194984   4.195014   0.000030    35.2676    35.2680     5.6282    26.4583    26.4586         16  0.000e+00
     281487 291.820863  -38.65180  -49.03308     -0.383    1502.27     45.960     45.609    13.6993    13.6999     0.0006    13.6928    13.6934     0.0006   4.194951   4.195008   0.000056    35.2676    35.2676     5.6279    26.4584    26.4582         16  0.000e+00
     281488 291.820864  -38.65180  -49.03308     -0.362    1502.27     45.960     45.609    13.6993    13.7003     0.0010    13.6928    13.6937     0.0010   4.194965   4.194988   0.000023    35.2677    35.2670     5.6276    26.4585    26.4577         16  0.000e+00
     281489 291.820864  -38.65180  -49.03308     -0.336    1502.27     46.025     45.673    13.6991    13.7004     0.0013    13.6926    13.6939     0.0013   4.194978   4.195068   0.000090    35.2680    35.2676     5.6273    26.4587    26.4582         16  0.000e+00
     281490 291.820865  -38.65180  -49.03308     -0.316    1502.27     45.984     45.633    13.6992    13.7006     0.0014    13.6926    13.6940     0.0014   4.194971   4.195021   0.000050    35.2679    35.2670     5.6273    26.4586    26.4577         16  0.000e+00
     281491 291.820865  -38.65180  -49.03308     -0.301    1502.27     45.847     45.497    13.6991    13.7004     0.0013    13.6926    13.6939     0.0013   4.194951   4.195068   0.000116    35.2678    35.2677     5.6312    26.4586    26.4582         16  0.000e+00
     281492 291.820866  -38.65178  -49.03310     -0.276    1502.27     46.025     45.673    13.6991    13.7006     0.0015    13.6926    13.6940     0.0015   4.194991   4.195041   0.000050    35.2681    35.2672     5.6316    26.4588    26.4578         16  0.000e+00
