Pos-Processados/process_op41/operantar41_015.ros
* Sea-Bird SBE 9 Data File:
* FileName = C:\Users\Dell\Desktop\OperantarXLI\config\OP41015.hdr
* Software Version Seasave V 7.26.7.110
* Temperature SN = 6497
* Conductivity SN = 4954
* Number of Bytes Per Scan = 31
* Number of Voltage Words = 2
* Number of Scans Averaged by the Deck Unit = 1
* NMEA Latitude = 62 08.82 S
* NMEA Longitude = 058 24.51 W
* NMEA UTC (Time) = Nov 09 2022 12:07:14
* NMEA baud rate = 4800
** H41
** Navio Polar Almirante Maximiano
** LH-021/2022
** Operantar XLI
** Número da Estação 0015
** Latitude 62 8,825 S
** Longitude 58 24,511 W
** Data/Hora (Z) 09/11/22 1207Z
** Profundidade local 450
** 09-1439
** Nome do Operador CT GARLA
# nquan = 24
# nvalues = 1006                                  
# units = specified
# name 0 = scan: Scan Count
# name 1 = timeJ: Julian Days
# name 2 = latitude: Latitude [deg]
# name 3 = longitude: Longitude [deg]
# name 4 = dz/dtM: Descent Rate [m/s]
# name 5 = avgsvCM: Average Sound Velocity [Chen-Millero, m/s]
# name 6 = prDM: Pressure, Digiquartz [db]
# name 7 = depSM: Depth [salt water, m]
# name 8 = t090C: Temperature [ITS-90, deg C]
# name 9 = t190C: Temperature, 2 [ITS-90, deg C]
# name 10 = T2-T190C: Temperature Difference, 2 - 1 [ITS-90, deg C]
# name 11 = potemp090C: Potential Temperature [ITS-90, deg C]
# name 12 = potemp190C: Potential Temperature, 2 [ITS-90, deg C]
# name 13 = potemp90Cdiff: Potential Temperature, Diff, 2 - 1 [ITS-90, deg C]
# name 14 = c0S/m: Conductivity [S/m]
# name 15 = c1S/m: Conductivity, 2 [S/m]
# name 16 = C2-C1S/m: Conductivity Difference, 2 - 1 [S/m]
# name 17 = sal00: Salinity, Practical [PSU]
# name 18 = sal11: Salinity, Practical, 2 [PSU]
# name 19 = sbeox0ML/L: Oxygen, SBE 43 [ml/l]
# name 20 = sigma-é00: Density [sigma-theta, kg/m^3]
# name 21 = sigma-é11: Density, 2 [sigma-theta, kg/m^3]
# name 22 = nbf: Bottles Fired
# name 23 = flag:  0.000e+00
# interval = seconds: 0.0416667
# start_time = Nov 09 2022 12:07:14 [NMEA time, header]
# bad_flag = -9.990e-29
*END*
[from data line 906]
      29408 313.519205  -62.14728  -58.40822     -0.030    1450.84      0.758      0.751    -0.1068    -0.1073    -0.0005    -0.1068    -0.1073    -0.0005   2.833927   2.834017   0.000090    34.1931    34.1948     7.4689    27.4603    27.4617         12  0.000e+00
      29409 313.519205  -62.14728  -58.40822     -0.045    1450.84      0.758      0.751    -0.1067    -0.1071    -0.0004    -0.1068    -0.1072    -0.0004   2.833955   2.834046   0.000091    34.1934    34.1951     7.4687    27.4605    27.4619         12  0.000e+00
      29410 313.519206  -62.14728  -58.40822     -0.068    1450.84      0.638      0.632    -0.1067    -0.1070    -0.0002    -0.1068    -0.1070    -0.0002   2.833950   2.834023   0.000074    34.1934    34.1947     7.4685    27.4605    27.4615         12  0.000e+00
      29411 313.519206  -62.14728  -58.40822     -0.076    1450.84      0.815      0.807    -0.1063    -0.1071    -0.0008    -0.1064    -0.1072    -0.0008   2.833944   2.833994   0.000051    34.1928    34.1944     7.4676    27.4600    27.4613         12  0.000e+00
      29412 313.519207  -62.14728  -58.40822     -0.087    1450.84      0.694      0.687    -0.1067    -0.1073    -0.0005    -0.1068    -0.1073    -0.0005   2.833961   2.833972   0.000011    34.1935    34.1943     7.4737    27.4606    27.4612         12  0.000e+00
      29413 313.519207  -62.14728  -58.40822     -0.105    1450.84      0.638      0.632    -0.1062    -0.1074    -0.0013    -0.1062    -0.1074    -0.0013   2.833933   2.833943   0.000010    34.1925    34.1941     7.4745    27.4598    27.4611         12  0.000e+00
      29414 313.519208  -62.14728  -58.40822     -0.115    1450.84      0.758      0.751    -0.1063    -0.1078    -0.0015    -0.1063    -0.1078    -0.0015   2.833938   2.833897  -0.000041    34.1927    34.1938     7.4756    27.4599    27.4609         12  0.000e+00
      29415 313.519208  -62.14728  -58.40822     -0.125    1450.84      0.694      0.687    -0.1064    -0.1084    -0.0019    -0.1065    -0.1084    -0.0019   2.834000   2.833920  -0.000080    34.1937    34.1949     7.4765    27.4608    27.4617         12  0.000e+00
      29416 313.519209  -62.14728  -58.40822     -0.131    1450.84      0.694      0.687    -0.1060    -0.1087    -0.0026    -0.1061    -0.1087    -0.0026   2.833961   2.833954  -0.000006    34.1928    34.1956     7.4774    27.4599    27.4624         12  0.000e+00
      29417 313.519209  -62.14728  -58.40822     -0.141    1450.84      0.686      0.679    -0.1060    -0.1083    -0.0023    -0.1060    -0.1083    -0.0023   2.833961   2.833920  -0.000041    34.1927    34.1947     7.4720    27.4599    27.4616         12  0.000e+00
      29418 313.519210  -62.14728  -58.40822     -0.149    1450.84      0.694      0.687    -0.1065    -0.1084    -0.0019    -0.1065    -0.1084    -0.0019   2.833910   2.833926   0.000016    34.1926    34.1949     7.4784    27.4598    27.4618         12  0.000e+00
      29419 313.519210  -62.14728  -58.40822     -0.154    1450.84      0.694      0.687    -0.1075    -0.1080    -0.0005    -0.1075    -0.1081    -0.0005   2.833887   2.833897   0.000010    34.1934    34.1942     7.4796    27.4605    27.4612         12  0.000e+00
      29420 313.519211  -62.14728  -58.40822     -0.161    1450.84      0.694      0.687    -0.1077    -0.1080    -0.0003    -0.1078    -0.1081    -0.0003   2.833854   2.833903   0.000049    34.1932    34.1942     7.4796    27.4604    27.4612         12  0.000e+00
      29421 313.519211  -62.14728  -58.40822     -0.161    1450.84      0.694      0.687    -0.1073    -0.1080    -0.0007    -0.1073    -0.1081    -0.0007   2.833916   2.833949   0.000033    34.1936    34.1949     7.4742    27.4607    27.4617         12  0.000e+00
      29422 313.519212  -62.14728  -58.40822     -0.164    1450.84      0.694      0.687    -0.1072    -0.1076    -0.0004    -0.1072    -0.1076    -0.0004   2.833927   2.833966   0.000039    34.1936    34.1946     7.4804    27.4607    27.4615         12  0.000e+00
      29423 313.519212  -62.14728  -58.40822     -0.166    1450.84      0.694      0.687    -0.1070    -0.1074    -0.0005    -0.1070    -0.1074    -0.0005   2.833921   2.834000   0.000079    34.1933    34.1948     7.4804    27.4604    27.4617         12  0.000e+00
      29424 313.519212  -62.14728  -58.40822     -0.168    1450.84      0.694      0.687    -0.1067    -0.1076    -0.0009    -0.1068    -0.1076    -0.0009   2.833938   2.833977   0.000039    34.1932    34.1947     7.4750    27.4604    27.4616         12  0.000e+00
      29425 313.519213  -62.14728  -58.40822     -0.169    1450.84      0.694      0.687    -0.1066    -0.1074    -0.0008    -0.1066    -0.1074    -0.0008   2.833927   2.833983   0.000056    34.1930    34.1946     7.4750    27.4601    27.4615         12  0.000e+00
      29426 313.519213  -62.14728  -58.40822     -0.170    1450.84      0.694      0.687    -0.1069    -0.1074    -0.0005    -0.1069    -0.1074    -0.0005   2.833978   2.833949  -0.000029    34.1940    34.1942     7.4803    27.4610    27.4611         12  0.000e+00
      29427 313.519214  -62.14728  -58.40822     -0.163    1450.84      0.742      0.735    -0.1063    -0.1074    -0.0012    -0.1063    -0.1074    -0.0012   2.834000   2.833920  -0.000080    34.1935    34.1937     7.4801    27.4606    27.4608         12  0.000e+00
      29428 313.519214  -62.14728  -58.40822     -0.166    1450.84      0.694      0.688    -0.1062    -0.1078    -0.0016    -0.1062    -0.1078    -0.0016   2.834017   2.833949  -0.000069    34.1936    34.1945     7.4747    27.4607    27.4615         12  0.000e+00
      29429 313.519215  -62.14728  -58.40822     -0.165    1450.84      0.694      0.688    -0.1063    -0.1074    -0.0012    -0.1063    -0.1074    -0.0012   2.834006   2.833966  -0.000040    34.1936    34.1944     7.4737    27.4606    27.4613         12  0.000e+00
      29430 313.519215  -62.14728  -58.40822     -0.156    1450.84      0.759      0.751    -0.1060    -0.1078    -0.0017    -0.1061    -0.1078    -0.0017   2.834000   2.833966  -0.000035    34.1932    34.1947     7.4738    27.4603    27.4616         12  0.000e+00
      29431 313.519216  -62.14728  -58.40822     -0.149    1450.84      0.759      0.751    -0.1061    -0.1076    -0.0015    -0.1061    -0.1076    -0.0015   2.834017   2.833943  -0.000074    34.1935    34.1942     7.4791    27.4606    27.4612         12  0.000e+00
      29432 313.519216  -62.14728  -58.40822     -0.147    1450.84      0.694      0.688    -0.1060    -0.1079    -0.0018    -0.1061    -0.1079    -0.0018   2.834006   2.833954  -0.000052    34.1934    34.1947     7.4800    27.4604    27.4616         12  0.000e+00
      29433 313.519217  -62.14728  -58.40822     -0.136    1450.84      0.759      0.751    -0.1060    -0.1078    -0.0018    -0.1060    -0.1078    -0.0018   2.834017   2.833920  -0.000097    34.1934    34.1941     7.4800    27.4605    27.4611         12  0.000e+00
      29434 313.519217  -62.14728  -58.40822     -0.132    1450.84      0.694      0.688    -0.1058    -0.1080    -0.0022    -0.1058    -0.1080    -0.0022   2.834040   2.833909  -0.000131    34.1935    34.1943     7.4808    27.4606    27.4612         12  0.000e+00
      29435 313.519218  -62.14728  -58.40822     -0.121    1450.84      0.815      0.807    -0.1059    -0.1079    -0.0020    -0.1059    -0.1079    -0.0020   2.834012   2.833966  -0.000046    34.1932    34.1948     7.4819    27.4603    27.4617         12  0.000e+00
      29436 313.519218  -62.14728  -58.40822     -0.116    1450.84      0.694      0.688    -0.1058    -0.1080    -0.0022    -0.1058    -0.1081    -0.0022   2.834017   2.833949  -0.000069    34.1932    34.1949     7.4817    27.4603    27.4617         12  0.000e+00
      29437 313.519219  -62.14728  -58.40822     -0.107    1450.84      0.759      0.751    -0.1060    -0.1080    -0.0020    -0.1061    -0.1081    -0.0020   2.834000   2.833954  -0.000046    34.1932    34.1949     7.4827    27.4603    27.4618         12  0.000e+00
      29438 313.519219  -62.14728  -58.40822     -0.094    1450.84      0.807      0.799    -0.1060    -0.1078    -0.0018    -0.1060    -0.1078    -0.0018   2.833978   2.833983   0.000005    34.1929    34.1949     7.4837    27.4600    27.4618         12  0.000e+00
      29439 313.519220  -62.14728  -58.40822     -0.084    1450.84      0.759      0.751    -0.1061    -0.1079    -0.0018    -0.1061    -0.1079    -0.0018   2.833989   2.833949  -0.000040    34.1932    34.1946     7.4845    27.4603    27.4615         12  0.000e+00
      29440 313.519220  -62.14728  -58.40822     -0.074    1450.84      0.759      0.751    -0.1060    -0.1080    -0.0020    -0.1061    -0.1081    -0.0020   2.834000   2.833954  -0.000046    34.1932    34.1949     7.4854    27.4603    27.4618         12  0.000e+00
      29441 313.519221  -62.14728  -58.40822     -0.066    1450.84      0.759      0.751    -0.1066    -0.1079    -0.0013    -0.1066    -0.1079    -0.0013   2.834000   2.833903  -0.000098    34.1938    34.1940     7.4864    27.4608    27.4610         12  0.000e+00
      29442 313.519221  -62.14728  -58.40822     -0.052    1450.84      0.815      0.807    -0.1063    -0.1079    -0.0016    -0.1064    -0.1079    -0.0015   2.833978   2.833920  -0.000058    34.1932    34.1942     7.4873    27.4603    27.4612         12  0.000e+00
      29443 313.519222  -62.14728  -58.40822     -0.044    1450.84      0.759      0.751    -0.1067    -0.1079    -0.0011    -0.1068    -0.1079    -0.0011   2.833972   2.833954  -0.000018    34.1937    34.1947     7.4882    27.4607    27.4616         12  0.000e+00
      29444 313.519222  -62.14728  -58.40822     -0.030    1450.84      0.815      0.807    -0.1068    -0.1080    -0.0013    -0.1068    -0.1081    -0.0013   2.833950   2.833983   0.000033    34.1934    34.1952     7.4882    27.4605    27.4620         12  0.000e+00
      29445 313.519223  -62.14728  -58.40822     -0.018    1450.84      0.815      0.807    -0.1066    -0.1080    -0.0015    -0.1066    -0.1081    -0.0015   2.833944   2.833972   0.000028    34.1931    34.1951     7.4817    27.4602    27.4619         12  0.000e+00
      29446 313.519223  -62.14728  -58.40822     -0.006    1450.84      0.815      0.807    -0.1069    -0.1080    -0.0011    -0.1069    -0.1081    -0.0011   2.833944   2.833943 -9.935e-07    34.1934    34.1947     7.4869    27.4605    27.4616         12  0.000e+00
      29447 313.519224  -62.14728  -58.40822      0.002    1450.84      0.815      0.807    -0.1070    -0.1079    -0.0009    -0.1070    -0.1079    -0.0009   2.833944   2.833937  -0.000007    34.1935    34.1944     7.4867    27.4606    27.4614         12  0.000e+00
      29448 313.519224  -62.14728  -58.40822      0.014    1450.84      0.815      0.807    -0.1070    -0.1080    -0.0010    -0.1071    -0.1081    -0.0010   2.833944   2.833937  -0.000007    34.1936    34.1946     7.4865    27.4606    27.4615         12  0.000e+00
      29449 313.519225  -62.14728  -58.40822      0.026    1450.84      0.863      0.855    -0.1073    -0.1079    -0.0006    -0.1073    -0.1079    -0.0006   2.833944   2.833954   0.000010    34.1938    34.1946     7.4863    27.4608    27.4615         12  0.000e+00
      29450 313.519225  -62.14728  -58.40822      0.034    1450.84      0.815      0.807    -0.1073    -0.1079    -0.0006    -0.1074    -0.1079    -0.0006   2.833944   2.833966   0.000022    34.1939    34.1948     7.4859    27.4609    27.4617         12  0.000e+00
      29451 313.519226  -62.14728  -58.40822      0.046    1450.84      0.815      0.807    -0.1073    -0.1079    -0.0006    -0.1074    -0.1079    -0.0006   2.833944   2.833966   0.000022    34.1939    34.1948     7.4856    27.4609    27.4617         12  0.000e+00
      29452 313.519226  -62.14728  -58.40822      0.058    1450.84      0.879      0.871    -0.1074    -0.1078    -0.0004    -0.1074    -0.1079    -0.0004   2.833944   2.833943 -9.999e-07    34.1939    34.1944     7.4800    27.4609    27.4614         12  0.000e+00
      29453 313.519226  -62.14728  -58.40822      0.059    1450.84      0.815      0.807    -0.1072    -0.1079    -0.0007    -0.1072    -0.1079    -0.0007   2.833927   2.833972   0.000045    34.1935    34.1949     7.4858    27.4606    27.4618         12  0.000e+00
      29454 313.519227  -62.14728  -58.40822      0.067    1450.84      0.880      0.871    -0.1071    -0.1078    -0.0007    -0.1071    -0.1078    -0.0007   2.833921   2.833926   0.000004    34.1933    34.1941     7.4855    27.4604    27.4611         12  0.000e+00
      29455 313.519227  -62.14728  -58.40822      0.082    1450.84      0.880      0.871    -0.1070    -0.1078    -0.0007    -0.1071    -0.1078    -0.0007   2.833916   2.833909  -0.000007    34.1932    34.1939     7.4851    27.4603    27.4609         12  0.000e+00
      29456 313.519228  -62.14728  -58.40822      0.082    1450.84      0.815      0.807    -0.1073    -0.1079    -0.0006    -0.1074    -0.1079    -0.0006   2.833899   2.833966   0.000067    34.1933    34.1948     7.4846    27.4604    27.4617         12  0.000e+00
      29457 313.519228  -62.14728  -58.40822      0.090    1450.84      0.880      0.871    -0.1071    -0.1076    -0.0005    -0.1071    -0.1076    -0.0005   2.833910   2.834006   0.000096    34.1932    34.1950     7.4842    27.4603    27.4618         12  0.000e+00
      29458 313.519229  -62.14728  -58.40822      0.097    1450.84      0.880      0.871    -0.1073    -0.1074    -0.0001    -0.1074    -0.1075    -0.0001   2.833921   2.833995   0.000073    34.1936    34.1947     7.4774    27.4607    27.4615         12  0.000e+00
      29459 313.519229  -62.14728  -58.40822      0.093    1450.84      0.815      0.807    -0.1071    -0.1074    -0.0003    -0.1071    -0.1075    -0.0003   2.833921   2.833972   0.000050    34.1933    34.1944     7.4758    27.4605    27.4613         12  0.000e+00
      29460 313.519230  -62.14728  -58.40822      0.102    1450.84      0.863      0.855    -0.1070    -0.1074    -0.0004    -0.1071    -0.1075    -0.0004   2.833916   2.833966   0.000050    34.1932    34.1943     7.4806    27.4603    27.4612         12  0.000e+00
      29461 313.519230  -62.14728  -58.40822      0.105    1450.84      0.880      0.871    -0.1074    -0.1073     0.0001    -0.1074    -0.1073     0.0001   2.833933   2.833943   0.000010    34.1938    34.1938     7.4811    27.4608    27.4608         12  0.000e+00
      29462 313.519231  -62.14728  -58.40822      0.103    1450.84      0.880      0.871    -0.1072    -0.1073    -0.0000    -0.1072    -0.1073    -0.0000   2.833904   2.833954   0.000050    34.1932    34.1939     7.4815    27.4604    27.4609         12  0.000e+00
      29463 313.519231  -62.14728  -58.40822      0.109    1450.84      0.880      0.871    -0.1072    -0.1076    -0.0004    -0.1072    -0.1076    -0.0004   2.833910   2.833983   0.000073    34.1933    34.1947     7.4820    27.4604    27.4616         12  0.000e+00
      29464 313.519232  -62.14728  -58.40822      0.110    1450.84      0.880      0.871    -0.1073    -0.1078    -0.0005    -0.1073    -0.1078    -0.0005   2.833955   2.833989   0.000034    34.1940    34.1950     7.4824    27.4610    27.4618         12  0.000e+00
      29465 313.519232  -62.14728  -58.40822      0.111    1450.84      0.880      0.871    -0.1075    -0.1076    -0.0001    -0.1075    -0.1076    -0.0001   2.833910   2.833989   0.000079    34.1936    34.1948     7.4829    27.4607    27.4616         12  0.000e+00
      29466 313.519233  -62.14728  -58.40822      0.111    1450.84      0.880      0.871    -0.1077    -0.1076     0.0001    -0.1078    -0.1076     0.0001   2.833871   2.833972   0.000101    34.1933    34.1945     7.4824    27.4605    27.4615         12  0.000e+00
      29467 313.519233  -62.14728  -58.40822      0.111    1450.84      0.880      0.871    -0.1080    -0.1076     0.0004    -0.1080    -0.1076     0.0004   2.833865   2.833943   0.000078    34.1935    34.1942     7.4766    27.4607    27.4611         12  0.000e+00
