Pos-Processados/process_op41/operantar41_008.ros
* Sea-Bird SBE 9 Data File:
* FileName = C:\Users\Dell\Desktop\OperantarXLI\config\00_BRUTOS\OP41008.hdr
* Software Version Seasave V 7.26.7.110
* Temperature SN = 6497
* Conductivity SN = 4954
* Number of Bytes Per Scan = 31
* Number of Voltage Words = 2
* Number of Scans Averaged by the Deck Unit = 1
* NMEA Latitude = 42 30.30 S
* NMEA Longitude = 052 37.08 W
* NMEA UTC (Time) = Oct 22 2022 23:44:28
* NMEA baud rate = 4800
** H41
** Navio Polar Almirante Maximiano
** LH-021/2022
** Operantar XLI
** Número da Estação 008
** Latitude 42 30.175S
** Longitude 52 36.384
** Data/Hora (Z) 22/10/2022 2343Z
** Profundidade local 5665
** 09-1439
** Nome do Operador 1T FILIPE LOPES
# nquan = 24
# nvalues = 1375                                  
# units = specified
# name 0 = scan: Scan Count
# name 1 = timeJ: Julian Days
# name 2 = latitude: Latitude [deg]
# name 3 = longitude: Longitude [deg]
# name 4 = dz/dtM: Descent Rate [m/s]
# name 5 = avgsvCM: Average Sound Velocity [Chen-Millero, m/s]
# name 6 = prDM: Pressure, Digiquartz [db]
# name 7 = depSM: Depth [salt water, m]
# name 8 = t090C: Temperature [ITS-90, deg C]
# name 9 = t190C: Temperature, 2 [ITS-90, deg C]
# name 10 = T2-T190C: Temperature Difference, 2 - 1 [ITS-90, deg C]
# name 11 = potemp090C: Potential Temperature [ITS-90, deg C]
# name 12 = potemp190C: Potential Temperature, 2 [ITS-90, deg C]
# name 13 = potemp90Cdiff: Potential Temperature, Diff, 2 - 1 [ITS-90, deg C]
# name 14 = c0S/m: Conductivity [S/m]
# name 15 = c1S/m: Conductivity, 2 [S/m]
# name 16 = C2-C1S/m: Conductivity Difference, 2 - 1 [S/m]
# name 17 = sal00: Salinity, Practical [PSU]
# name 18 = sal11: Salinity, Practical, 2 [PSU]
# name 19 = sbeox0ML/L: Oxygen, SBE 43 [ml/l]
# name 20 = sigma-é00: Density [sigma-theta, kg/m^3]
# name 21 = sigma-é11: Density, 2 [sigma-theta, kg/m^3]
# name 22 = nbf: Bottles Fired
# name 23 = flag:  0.000e+00
# interval = seconds: 0.0416667
# start_time = Oct 22 2022 23:44:28 [NMEA time, header]
# bad_flag = -9.990e-29
*END*
[from data line 906]
      63347 296.019762  -42.50830  -52.65414      0.156    1479.23     49.175     48.781    12.2503    11.9843    -0.2660    12.2438    11.9779    -0.2659   4.021596   4.020366  -0.001230    34.9553    35.1933     5.7457    26.5075    26.7436         17  0.000e+00
      63348 296.019762  -42.50830  -52.65414      0.163    1479.23     49.119     48.725    12.2508    11.9848    -0.2660    12.2444    11.9784    -0.2659   4.021693   4.020399  -0.001295    34.9558    35.1932     5.7458    26.5077    26.7433         17  0.000e+00
      63349 296.019763  -42.50830  -52.65414      0.173    1479.23     49.175     48.781    12.2518    11.9853    -0.2665    12.2453    11.9789    -0.2664   4.021732   4.020366  -0.001366    34.9552    35.1923     5.7460    26.5071    26.7426         17  0.000e+00
      63350 296.019763  -42.50830  -52.65414      0.185    1479.23     49.232     48.837    12.2518    11.9858    -0.2660    12.2453    11.9794    -0.2659   4.021732   4.020399  -0.001333    34.9552    35.1922     5.7462    26.5071    26.7424         17  0.000e+00
      63351 296.019764  -42.50830  -52.65414      0.195    1479.23     49.175     48.781    12.2521    11.9863    -0.2658    12.2457    11.9799    -0.2657   4.021752   4.020399  -0.001353    34.9551    35.1917     5.7506    26.5070    26.7419         17  0.000e+00
      63352 296.019764  -42.50830  -52.65414      0.206    1479.23     49.232     48.837    12.2527    11.9870    -0.2657    12.2462    11.9806    -0.2656   4.021894   4.020366  -0.001528    34.9560    35.1908     5.7510    26.5075    26.7411         17  0.000e+00
      63353 296.019765  -42.50830  -52.65414      0.215    1479.23     49.296     48.901    12.2531    11.9875    -0.2657    12.2467    11.9811    -0.2656   4.021952   4.020399  -0.001553    34.9561    35.1906     5.7515    26.5075    26.7408         17  0.000e+00
      63354 296.019765  -42.50830  -52.65414      0.227    1479.23     49.232     48.837    12.2531    11.9880    -0.2651    12.2467    11.9816    -0.2651   4.021965   4.020425  -0.001540    34.9562    35.1904     5.7520    26.5076    26.7406         17  0.000e+00
      63355 296.019766  -42.50830  -52.65414      0.238    1479.23     49.352     48.957    12.2535    11.9887    -0.2648    12.2470    11.9823    -0.2648   4.021971   4.020432  -0.001540    34.9559    35.1898     5.7478    26.5073    26.7400         17  0.000e+00
      63356 296.019766  -42.50830  -52.65416      0.247    1479.23     49.296     48.901    12.2538    11.9893    -0.2645    12.2473    11.9829    -0.2644   4.022023   4.020451  -0.001572    34.9561    35.1893     5.7477    26.5074    26.7395         17  0.000e+00
      66544 296.021304  -42.50848  -52.65592     -0.223    1479.23      4.890      4.852    13.9110    13.6101    -0.3009    13.9103    13.6095    -0.3009   4.160885   4.157788  -0.003097    34.7720    35.0173     5.8860    26.0297    26.2820         18  0.000e+00
      66545 296.021304  -42.50848  -52.65592     -0.221    1479.23      4.947      4.908    13.9112    13.6106    -0.3006    13.9105    13.6100    -0.3005   4.160918   4.157821  -0.003096    34.7721    35.0171     5.8860    26.0297    26.2817         18  0.000e+00
      66546 296.021304  -42.50848  -52.65592     -0.225    1479.23      4.899      4.860    13.9105    13.6113    -0.2992    13.9098    13.6106    -0.2992   4.160872   4.157861  -0.003011    34.7723    35.0169     5.8860    26.0301    26.2815         18  0.000e+00
      66547 296.021305  -42.50848  -52.65592     -0.224    1479.23      4.890      4.852    13.9105    13.6117    -0.2988    13.9098    13.6110    -0.2988   4.160852   4.157835  -0.003018    34.7722    35.0163     5.8860    26.0299    26.2809         18  0.000e+00
      66548 296.021305  -42.50848  -52.65594     -0.226    1479.23      4.890      4.852    13.9107    13.6120    -0.2987    13.9100    13.6113    -0.2986   4.160879   4.157888  -0.002991    34.7722    35.0165     5.8856    26.0299    26.2810         18  0.000e+00
      66549 296.021306  -42.50848  -52.65594     -0.227    1479.23      4.891      4.852    13.9102    13.6125    -0.2976    13.9095    13.6118    -0.2976   4.160806   4.157881  -0.002925    34.7720    35.0160     5.8857    26.0299    26.2805         18  0.000e+00
      66550 296.021306  -42.50848  -52.65594     -0.220    1479.23      4.947      4.908    13.9097    13.6128    -0.2968    13.9090    13.6122    -0.2968   4.160761   4.157815  -0.002946    34.7720    35.0150     5.8858    26.0300    26.2797         18  0.000e+00
      66551 296.021307  -42.50848  -52.65594     -0.219    1479.23      4.891      4.852    13.9095    13.6135    -0.2960    13.9088    13.6128    -0.2960   4.160800   4.157874  -0.002925    34.7726    35.0150     5.8859    26.0305    26.2795         18  0.000e+00
      66552 296.021307  -42.50848  -52.65594     -0.221    1479.23      4.834      4.796    13.9098    13.6139    -0.2959    13.9091    13.6132    -0.2959   4.160787   4.157934  -0.002852    34.7722    35.0152     5.8859    26.0301    26.2796         18  0.000e+00
      66553 296.021308  -42.50848  -52.65594     -0.217    1479.23      4.891      4.852    13.9098    13.6144    -0.2954    13.9091    13.6137    -0.2954   4.160806   4.157828  -0.002978    34.7723    35.0137     5.8821    26.0302    26.2784         18  0.000e+00
      66554 296.021308  -42.50848  -52.65594     -0.213    1479.23      4.891      4.852    13.9100    13.6147    -0.2953    13.9093    13.6140    -0.2953   4.160767   4.157908  -0.002859    34.7718    35.0142     5.8819    26.0297    26.2787         18  0.000e+00
      66555 296.021309  -42.50848  -52.65594     -0.215    1479.23      4.834      4.796    13.9095    13.6154    -0.2941    13.9088    13.6147    -0.2941   4.160741   4.157914  -0.002827    34.7720    35.0137     5.8818    26.0300    26.2781         18  0.000e+00
      66556 296.021309  -42.50848  -52.65594     -0.212    1479.23      4.891      4.852    13.9097    13.6157    -0.2940    13.9090    13.6150    -0.2939   4.160747   4.157848  -0.002900    34.7719    35.0127     5.8814    26.0299    26.2773         18  0.000e+00
      66557 296.021310  -42.50848  -52.65594     -0.212    1479.23      4.834      4.796    13.9092    13.6161    -0.2931    13.9085    13.6154    -0.2931   4.160721   4.157914  -0.002807    34.7722    35.0131     5.8810    26.0302    26.2775         18  0.000e+00
      66558 296.021310  -42.50848  -52.65594     -0.204    1479.23      4.891      4.852    13.9093    13.6166    -0.2927    13.9086    13.6159    -0.2927   4.160734   4.157948  -0.002787    34.7721    35.0128     5.8806    26.0301    26.2772         18  0.000e+00
      66559 296.021311  -42.50848  -52.65594     -0.202    1479.23      4.834      4.796    13.9092    13.6167    -0.2924    13.9085    13.6161    -0.2924   4.160695   4.157881  -0.002814    34.7719    35.0121     5.8802    26.0300    26.2766         18  0.000e+00
      66560 296.021311  -42.50848  -52.65594     -0.202    1479.23      4.834      4.796    13.9090    13.6174    -0.2916    13.9083    13.6168    -0.2915   4.160669   4.157948  -0.002721    34.7718    35.0121     5.8803    26.0300    26.2765         18  0.000e+00
      66561 296.021312  -42.50848  -52.65594     -0.195    1479.23      4.891      4.852    13.9088    13.6181    -0.2907    13.9081    13.6174    -0.2907   4.160675   4.158001  -0.002675    34.7720    35.0120     5.8804    26.0302    26.2762         18  0.000e+00
      66562 296.021312  -42.50848  -52.65594     -0.190    1479.23      4.834      4.796    13.9088    13.6184    -0.2904    13.9082    13.6178    -0.2904   4.160649   4.157954  -0.002695    34.7718    35.0113     5.8805    26.0300    26.2756         18  0.000e+00
      66563 296.021313  -42.50848  -52.65594     -0.188    1479.23      4.834      4.796    13.9087    13.6189    -0.2897    13.9080    13.6183    -0.2897   4.160662   4.157994  -0.002668    34.7721    35.0112     5.8848    26.0302    26.2754         18  0.000e+00
      66564 296.021313  -42.50848  -52.65594     -0.185    1479.23      4.834      4.796    13.9087    13.6193    -0.2893    13.9080    13.6186    -0.2893   4.160702   4.158041  -0.002661    34.7724    35.0113     5.8813    26.0305    26.2754         18  0.000e+00
      66565 296.021314  -42.50848  -52.65594     -0.177    1479.23      4.891      4.852    13.9088    13.6200    -0.2889    13.9081    13.6193    -0.2889   4.160715   4.157974  -0.002741    34.7724    35.0100     5.8812    26.0304    26.2744         18  0.000e+00
      66566 296.021314  -42.50848  -52.65594     -0.173    1479.23      4.835      4.796    13.9088    13.6203    -0.2885    13.9082    13.6196    -0.2885   4.160675   4.157987  -0.002688    34.7720    35.0098     5.8814    26.0302    26.2741         18  0.000e+00
      66567 296.021315  -42.50848  -52.65594     -0.167    1479.23      4.835      4.796    13.9087    13.6210    -0.2877    13.9080    13.6203    -0.2877   4.160675   4.158041  -0.002635    34.7722    35.0098     5.8814    26.0303    26.2739         18  0.000e+00
      66568 296.021315  -42.50848  -52.65594     -0.160    1479.23      4.835      4.796    13.9088    13.6215    -0.2873    13.9082    13.6208    -0.2873   4.160669   4.158021  -0.002648    34.7720    35.0091     5.8814    26.0301    26.2733         18  0.000e+00
      66569 296.021316  -42.50848  -52.65594     -0.153    1479.23      4.891      4.852    13.9092    13.6217    -0.2875    13.9085    13.6210    -0.2875   4.160754   4.158007  -0.002747    34.7724    35.0088     5.8814    26.0304    26.2730         18  0.000e+00
      66570 296.021316  -42.50848  -52.65594     -0.149    1479.23      4.835      4.796    13.9093    13.6225    -0.2868    13.9086    13.6218    -0.2868   4.160787   4.158067  -0.002720    34.7726    35.0086     5.8814    26.0305    26.2727         18  0.000e+00
      66571 296.021317  -42.50848  -52.65594     -0.143    1479.23      4.835      4.796    13.9102    13.6230    -0.2871    13.9095    13.6223    -0.2871   4.160806   4.158060  -0.002746    34.7721    35.0081     5.8814    26.0299    26.2722         18  0.000e+00
      66572 296.021317  -42.50848  -52.65594     -0.137    1479.23      4.835      4.796    13.9102    13.6233    -0.2868    13.9095    13.6227    -0.2868   4.160813   4.157961  -0.002852    34.7721    35.0068     5.8815    26.0300    26.2712         18  0.000e+00
      66573 296.021318  -42.50848  -52.65594     -0.131    1479.23      4.835      4.796    13.9104    13.6240    -0.2863    13.9097    13.6234    -0.2863   4.160819   4.158100  -0.002719    34.7720    35.0075     5.8856    26.0298    26.2715         18  0.000e+00
      66574 296.021318  -42.50848  -52.65594     -0.123    1479.23      4.899      4.860    13.9105    13.6247    -0.2858    13.9098    13.6240    -0.2858   4.160865   4.158134  -0.002732    34.7723    35.0072     5.8821    26.0300    26.2711         18  0.000e+00
      66575 296.021318  -42.50848  -52.65594     -0.112    1479.23      4.891      4.852    13.9108    13.6249    -0.2860    13.9101    13.6242    -0.2860   4.160833   4.158087  -0.002746    34.7717    35.0066     5.8823    26.0295    26.2707         18  0.000e+00
      66576 296.021319  -42.50848  -52.65594     -0.108    1479.23      4.835      4.797    13.9107    13.6255    -0.2851    13.9100    13.6249    -0.2851   4.160872   4.158167  -0.002705    34.7722    35.0067     5.8824    26.0299    26.2706         18  0.000e+00
      66577 296.021319  -42.50848  -52.65594     -0.103    1479.23      4.835      4.797    13.9107    13.6262    -0.2844    13.9100    13.6256    -0.2844   4.160859   4.158200  -0.002659    34.7721    35.0064     5.8786    26.0298    26.2703         18  0.000e+00
      66578 296.021320  -42.50848  -52.65594     -0.094    1479.23      4.891      4.853    13.9108    13.6267    -0.2841    13.9101    13.6260    -0.2841   4.160852   4.158160  -0.002692    34.7719    35.0056     5.8826    26.0296    26.2695         18  0.000e+00
      66579 296.021320  -42.50848  -52.65594     -0.088    1479.23      4.891      4.853    13.9107    13.6271    -0.2836    13.9100    13.6264    -0.2836   4.160879   4.158134  -0.002745    34.7722    35.0050     5.8789    26.0299    26.2690         18  0.000e+00
      66580 296.021321  -42.50848  -52.65594     -0.078    1479.23      4.891      4.853    13.9107    13.6276    -0.2831    13.9100    13.6269    -0.2831   4.160918   4.158207  -0.002711    34.7726    35.0052     5.8789    26.0302    26.2691         18  0.000e+00
      66581 296.021321  -42.50848  -52.65594     -0.068    1479.23      4.891      4.853    13.9108    13.6283    -0.2826    13.9101    13.6276    -0.2826   4.160898   4.158173  -0.002725    34.7723    35.0043     5.8785    26.0300    26.2682         18  0.000e+00
      66582 296.021322  -42.50848  -52.65594     -0.060    1479.23      4.891      4.853    13.9108    13.6286    -0.2822    13.9101    13.6279    -0.2822   4.160885   4.158153  -0.002732    34.7722    35.0038     5.8786    26.0299    26.2677         18  0.000e+00
      66583 296.021322  -42.50848  -52.65594     -0.056    1479.23      4.835      4.797    13.9108    13.6291    -0.2817    13.9101    13.6284    -0.2817   4.160918   4.158233  -0.002685    34.7725    35.0041     5.8783    26.0301    26.2679         18  0.000e+00
      66584 296.021323  -42.50848  -52.65594     -0.049    1479.23      4.891      4.853    13.9108    13.6296    -0.2812    13.9101    13.6289    -0.2812   4.160931   4.158266  -0.002664    34.7726    35.0039     5.8781    26.0302    26.2676         18  0.000e+00
      66585 296.021323  -42.50848  -52.65594     -0.037    1479.23      4.948      4.909    13.9112    13.6301    -0.2811    13.9105    13.6294    -0.2811   4.160924   4.158260  -0.002665    34.7722    35.0034     5.8779    26.0298    26.2671         18  0.000e+00
      66586 296.021324  -42.50848  -52.65594     -0.033    1479.23      4.891      4.853    13.9110    13.6308    -0.2802    13.9103    13.6301    -0.2802   4.160951   4.158260  -0.002691    34.7726    35.0028     5.8781    26.0302    26.2665         18  0.000e+00
      66587 296.021324  -42.50848  -52.65594     -0.028    1479.23      4.899      4.861    13.9112    13.6311    -0.2801    13.9105    13.6304    -0.2801   4.160957   4.158266  -0.002691    34.7725    35.0025     5.8780    26.0300    26.2662         18  0.000e+00
      66588 296.021325  -42.50848  -52.65594     -0.019    1479.23      4.891      4.853    13.9113    13.6315    -0.2799    13.9106    13.6308    -0.2799   4.160990   4.158233  -0.002757    34.7727    35.0019     5.8779    26.0302    26.2657         18  0.000e+00
      66589 296.021325  -42.50848  -52.65594     -0.011    1479.23      4.948      4.909    13.9115    13.6321    -0.2794    13.9108    13.6314    -0.2794   4.160970   4.158340  -0.002631    34.7723    35.0023     5.8782    26.0298    26.2658         18  0.000e+00
      66590 296.021326  -42.50848  -52.65594     -0.003    1479.23      4.948      4.909    13.9113    13.6325    -0.2789    13.9106    13.6318    -0.2789   4.160957   4.158320  -0.002638    34.7724    35.0018     5.8782    26.0299    26.2654         18  0.000e+00
      66591 296.021326  -42.50848  -52.65594      0.005    1479.23      4.948      4.909    13.9112    13.6328    -0.2784    13.9105    13.6321    -0.2784   4.160879   4.158266  -0.002612    34.7717    35.0010     5.8783    26.0295    26.2647         18  0.000e+00
      66592 296.021327  -42.50848  -52.65594      0.014    1479.23      4.948      4.909    13.9112    13.6333    -0.2779    13.9105    13.6326    -0.2779   4.160938   4.158346  -0.002591    34.7723    35.0012     5.8783    26.0299    26.2648         18  0.000e+00
      66593 296.021327  -42.50848  -52.65594      0.018    1479.23      4.948      4.909    13.9110    13.6338    -0.2772    13.9103    13.6331    -0.2772   4.160957   4.158426  -0.002531    34.7727    35.0015     5.8784    26.0302    26.2649         18  0.000e+00
