Pos-Processados/process_op41/operantar41_007.ros
* Sea-Bird SBE 9 Data File:
* FileName = C:\Users\Dell\Desktop\OperantarXLI\config\00_BRUTOS\OP41007.hdr
* Software Version Seasave V 7.26.7.110
* Temperature SN = 6497
* Conductivity SN = 4954
* Number of Bytes Per Scan = 31
* Number of Voltage Words = 2
* Number of Scans Averaged by the Deck Unit = 1
* NMEA Latitude = 42 10.83 S
* NMEA Longitude = 052 56.87 W
* NMEA UTC (Time) = Oct 22 2022 04:55:15
* NMEA baud rate = 4800
** H41
** Navio Polar Almirante Maximiano
** LH-021/2022
** Operantar XLI
** Número da Estação 007
** Latitude 42 10.857'S
** Longitude 052 56.879W
** Data/Hora (Z) 22/10/2022 0455Z
** Profundidade local 5627 m
** 09-1439
** Nome do Operador 1T FILIPE LOPES
# nquan = 24
# nvalues = 1404                                  
# units = specified
# name 0 = scan: Scan Count
# name 1 = timeJ: Julian Days
# name 2 = latitude: Latitude [deg]
# name 3 = longitude: Longitude [deg]
# name 4 = dz/dtM: Descent Rate [m/s]
# name 5 = avgsvCM: Average Sound Velocity [Chen-Millero, m/s]
# name 6 = prDM: Pressure, Digiquartz [db]
# name 7 = depSM: Depth [salt water, m]
# name 8 = t090C: Temperature [ITS-90, deg C]
# name 9 = t190C: Temperature, 2 [ITS-90, deg C]
# name 10 = T2-T190C: Temperature Difference, 2 - 1 [ITS-90, deg C]
# name 11 = potemp090C: Potential Temperature [ITS-90, deg C]
# name 12 = potemp190C: Potential Temperature, 2 [ITS-90, deg C]
# name 13 = potemp90Cdiff: Potential Temperature, Diff, 2 - 1 [ITS-90, deg C]
# name 14 = c0S/m: Conductivity [S/m]
# name 15 = c1S/m: Conductivity, 2 [S/m]
# name 16 = C2-C1S/m: Conductivity Difference, 2 - 1 [S/m]
# name 17 = sal00: Salinity, Practical [PSU]
# name 18 = sal11: Salinity, Practical, 2 [PSU]
# name 19 = sbeox0ML/L: Oxygen, SBE 43 [ml/l]
# name 20 = sigma-é00: Density [sigma-theta, kg/m^3]
# name 21 = sigma-é11: Density, 2 [sigma-theta, kg/m^3]
# name 22 = nbf: Bottles Fired
# name 23 = flag:  0.000e+00
# interval = seconds: 0.0416667
# start_time = Oct 22 2022 04:55:15 [NMEA time, header]
# bad_flag = -9.990e-29
*END*
[from data line 1208]
      60198 295.234065  -42.16844  -52.93848     -0.375    1475.52      1.958      1.943    11.8239    11.8256     0.0018    11.8236    11.8254     0.0018   3.941955   3.942091   0.000136    34.5974    34.5971     6.1572    26.3098    26.3092         23  0.000e+00
      60199 295.234065  -42.16844  -52.93848     -0.362    1475.52      2.014      1.998    11.8237    11.8255     0.0018    11.8234    11.8252     0.0018   3.941866   3.942020   0.000154    34.5966    34.5965     6.1536    26.3093    26.3088         23  0.000e+00
      60200 295.234066  -42.16844  -52.93848     -0.352    1475.52      1.958      1.943    11.8239    11.8251     0.0013    11.8236    11.8249     0.0013   3.941898   3.942020   0.000122    34.5968    34.5968     6.1537    26.3094    26.3091         23  0.000e+00
      60201 295.234066  -42.16844  -52.93848     -0.340    1475.52      1.958      1.943    11.8237    11.8251     0.0015    11.8234    11.8249     0.0015   3.941936   3.942072   0.000136    34.5974    34.5973     6.1539    26.3098    26.3095         24  0.000e+00
      60202 295.234067  -42.16844  -52.93848     -0.326    1475.52      1.958      1.943    11.8239    11.8250     0.0011    11.8236    11.8247     0.0011   3.941968   3.942072   0.000104    34.5975    34.5975     6.1541    26.3099    26.3097         24  0.000e+00
      60203 295.234067  -42.16844  -52.93848     -0.311    1475.52      2.014      1.999    11.8235    11.8250     0.0015    11.8233    11.8247     0.0015   3.941981   3.942065   0.000084    34.5979    34.5973     6.1587    26.3103    26.3096         24  0.000e+00
      60204 295.234068  -42.16844  -52.93848     -0.294    1475.52      2.014      1.999    11.8237    11.8251     0.0015    11.8234    11.8249     0.0015   3.941904   3.942085   0.000181    34.5970    34.5974     6.1594    26.3096    26.3096         24  0.000e+00
      60205 295.234068  -42.16844  -52.93848     -0.280    1475.52      2.014      1.999    11.8237    11.8251     0.0015    11.8234    11.8249     0.0015   3.941904   3.942072   0.000168    34.5970    34.5973     6.1600    26.3096    26.3095         24  0.000e+00
      60206 295.234069  -42.16844  -52.93848     -0.261    1475.52      2.014      1.999    11.8237    11.8253     0.0016    11.8234    11.8250     0.0016   3.941910   3.942118   0.000207    34.5971    34.5976     6.1607    26.3096    26.3097         24  0.000e+00
      60207 295.234069  -42.16844  -52.93848     -0.245    1475.52      2.014      1.999    11.8239    11.8255     0.0017    11.8236    11.8253     0.0017   3.941910   3.942150   0.000240    34.5969    34.5977     6.1613    26.3095    26.3098         24  0.000e+00
      60208 295.234070  -42.16844  -52.93848     -0.224    1475.52      2.079      2.062    11.8237    11.8255     0.0018    11.8234    11.8252     0.0018   3.941917   3.942118   0.000201    34.5971    34.5974     6.1620    26.3097    26.3095         24  0.000e+00
      60209 295.234070  -42.16844  -52.93848     -0.209    1475.52      2.014      1.999    11.8239    11.8256     0.0018    11.8236    11.8254     0.0018   3.941962   3.942105   0.000143    34.5974    34.5972     6.1626    26.3098    26.3093         24  0.000e+00
      60210 295.234071  -42.16844  -52.93848     -0.189    1475.52      2.079      2.063    11.8240    11.8255     0.0015    11.8237    11.8253     0.0015   3.941981   3.942196   0.000215    34.5974    34.5981     6.1629    26.3098    26.3101         24  0.000e+00
      60211 295.234071  -42.16844  -52.93848     -0.172    1475.52      2.015      1.999    11.8239    11.8259     0.0021    11.8236    11.8257     0.0021   3.941955   3.942183   0.000227    34.5973    34.5976     6.1588    26.3098    26.3096         24  0.000e+00
      60212 295.234072  -42.16842  -52.93848     -0.150    1475.52      2.135      2.118    11.8239    11.8258     0.0019    11.8236    11.8255     0.0019   3.941968   3.942189   0.000221    34.5974    34.5978     6.1629    26.3099    26.3098         24  0.000e+00
      60213 295.234072  -42.16842  -52.93848     -0.135    1475.52      2.015      1.999    11.8241    11.8258     0.0017    11.8239    11.8256     0.0017   3.941975   3.942163   0.000188    34.5973    34.5975     6.1630    26.3097    26.3096         24  0.000e+00
      60214 295.234073  -42.16842  -52.93848     -0.116    1475.52      2.135      2.119    11.8240    11.8261     0.0021    11.8237    11.8259     0.0021   3.941955   3.942137   0.000182    34.5972    34.5969     6.1633    26.3096    26.3091         24  0.000e+00
      60215 295.234073  -42.16842  -52.93848     -0.093    1475.52      2.135      2.119    11.8241    11.8259     0.0018    11.8239    11.8257     0.0018   3.941968   3.942157   0.000188    34.5971    34.5973     6.1591    26.3096    26.3094         24  0.000e+00
      60216 295.234074  -42.16842  -52.93848     -0.076    1475.52      2.079      2.063    11.8240    11.8258     0.0018    11.8237    11.8256     0.0018   3.941955   3.942111   0.000156    34.5972    34.5970     6.1631    26.3096    26.3091         24  0.000e+00
      60217 295.234074  -42.16842  -52.93848     -0.052    1475.52      2.192      2.174    11.8240    11.8259     0.0019    11.8237    11.8257     0.0019   3.942000   3.942150   0.000150    34.5976    34.5972     6.1633    26.3099    26.3093         24  0.000e+00
      60218 295.234075  -42.16842  -52.93848     -0.037    1475.52      2.079      2.063    11.8240    11.8258     0.0018    11.8237    11.8255     0.0018   3.942020   3.942222   0.000202    34.5978    34.5981     6.1634    26.3101    26.3100         24  0.000e+00
      60219 295.234075  -42.16842  -52.93848     -0.016    1475.52      2.192      2.174    11.8239    11.8261     0.0023    11.8236    11.8258     0.0023   3.941962   3.942202   0.000240    34.5973    34.5976     6.1636    26.3098    26.3095         24  0.000e+00
      60220 295.234076  -42.16842  -52.93848     -0.002    1475.52      2.135      2.119    11.8239    11.8268     0.0030    11.8236    11.8266     0.0030   3.941943   3.942196   0.000253    34.5972    34.5969     6.1636    26.3097    26.3089         24  0.000e+00
      60221 295.234076  -42.16842  -52.93848      0.017    1475.52      2.135      2.119    11.8240    11.8271     0.0031    11.8237    11.8268     0.0031   3.941923   3.942300   0.000376    34.5968    34.5976     6.1680    26.3094    26.3094         24  0.000e+00
      60222 295.234076  -42.16842  -52.93848      0.028    1475.52      2.135      2.119    11.8241    11.8278     0.0037    11.8239    11.8276     0.0037   3.941885   3.942339   0.000454    34.5963    34.5973     6.1641    26.3090    26.3090         24  0.000e+00
      60223 295.234077  -42.16842  -52.93848      0.046    1475.52      2.192      2.175    11.8239    11.8283     0.0045    11.8236    11.8281     0.0045   3.941955   3.942391   0.000435    34.5973    34.5973     6.1685    26.3097    26.3090         24  0.000e+00
      60224 295.234077  -42.16842  -52.93848      0.057    1475.52      2.135      2.119    11.8240    11.8291     0.0051    11.8237    11.8289     0.0051   3.941981   3.942508   0.000527    34.5974    34.5978     6.1641    26.3098    26.3091         24  0.000e+00
      60225 295.234078  -42.16842  -52.93848      0.072    1475.52      2.192      2.175    11.8239    11.8290     0.0051    11.8236    11.8287     0.0051   3.941981   3.942417   0.000436    34.5975    34.5970     6.1641    26.3099    26.3086         24  0.000e+00
      60226 295.234078  -42.16842  -52.93848      0.083    1475.52      2.135      2.119    11.8237    11.8283     0.0047    11.8234    11.8281     0.0047   3.941955   3.942319   0.000364    34.5975    34.5967     6.1640    26.3099    26.3084         24  0.000e+00
      60227 295.234079  -42.16842  -52.93848      0.090    1475.52      2.136      2.119    11.8239    11.8276     0.0038    11.8236    11.8274     0.0038   3.941923   3.942300   0.000376    34.5970    34.5971     6.1639    26.3095    26.3089         24  0.000e+00
      60228 295.234079  -42.16842  -52.93848      0.101    1475.52      2.192      2.175    11.8239    11.8268     0.0029    11.8236    11.8265     0.0029   3.941936   3.942254   0.000318    34.5971    34.5975     6.1634    26.3096    26.3093         24  0.000e+00
      60229 295.234080  -42.16842  -52.93848      0.108    1475.52      2.136      2.119    11.8239    11.8265     0.0027    11.8236    11.8262     0.0027   3.941943   3.942163   0.000221    34.5972    34.5968     6.1633    26.3097    26.3089         24  0.000e+00
      60230 295.234080  -42.16842  -52.93848      0.112    1475.52      2.136      2.119    11.8239    11.8261     0.0023    11.8236    11.8259     0.0023   3.941968   3.942150   0.000182    34.5974    34.5971     6.1631    26.3099    26.3092         24  0.000e+00
      60231 295.234081  -42.16842  -52.93848      0.122    1475.52      2.192      2.175    11.8239    11.8255     0.0016    11.8236    11.8252     0.0016   3.941981   3.942085   0.000104    34.5975    34.5970     6.1630    26.3099    26.3092         24  0.000e+00
      60232 295.234081  -42.16842  -52.93848      0.124    1475.52      2.136      2.119    11.8239    11.8251     0.0013    11.8236    11.8249     0.0013   3.941930   3.942013   0.000084    34.5970    34.5967     6.1627    26.3096    26.3090         24  0.000e+00
      60233 295.234082  -42.16842  -52.93848      0.127    1475.52      2.136      2.119    11.8237    11.8247     0.0010    11.8234    11.8244     0.0010   3.941936   3.942040   0.000103    34.5973    34.5973     6.1630    26.3098    26.3096         24  0.000e+00
      60234 295.234082  -42.16842  -52.93848      0.125    1475.52      2.136      2.119    11.8237    11.8245     0.0008    11.8234    11.8242     0.0008   3.941923   3.942013   0.000090    34.5972    34.5973     6.1632    26.3097    26.3096         24  0.000e+00
      60235 295.234083  -42.16842  -52.93848      0.130    1475.52      2.192      2.175    11.8233    11.8243     0.0010    11.8230    11.8240     0.0010   3.941878   3.941942   0.000063    34.5970    34.5967     6.1674    26.3096    26.3092         24  0.000e+00
      60236 295.234083  -42.16842  -52.93848      0.128    1475.52      2.136      2.119    11.8235    11.8243     0.0008    11.8232    11.8241     0.0008   3.941853   3.942027   0.000174    34.5966    34.5975     6.1675    26.3093    26.3099         24  0.000e+00
      60237 295.234084  -42.16842  -52.93848      0.125    1475.52      2.079      2.063    11.8233    11.8246     0.0013    11.8231    11.8244     0.0013   3.941898   3.942039   0.000142    34.5972    34.5974     6.1633    26.3098    26.3097         24  0.000e+00
      60238 295.234084  -42.16842  -52.93848      0.122    1475.52      2.136      2.119    11.8233    11.8251     0.0018    11.8230    11.8249     0.0018   3.941885   3.942053   0.000168    34.5971    34.5970     6.1631    26.3097    26.3093         24  0.000e+00
      60239 295.234085  -42.16842  -52.93848      0.116    1475.52      2.079      2.063    11.8232    11.8250     0.0018    11.8229    11.8247     0.0018   3.941878   3.942131   0.000252    34.5972    34.5980     6.1627    26.3098    26.3101         24  0.000e+00
      60240 295.234085  -42.16842  -52.93848      0.109    1475.52      2.079      2.063    11.8235    11.8261     0.0026    11.8232    11.8259     0.0026   3.941878   3.942189   0.000311    34.5969    34.5975     6.1624    26.3095    26.3095         24  0.000e+00
      60241 295.234086  -42.16842  -52.93848      0.108    1475.52      2.136      2.119    11.8239    11.8258     0.0019    11.8236    11.8255     0.0019   3.941930   3.942202   0.000272    34.5970    34.5979     6.1620    26.3096    26.3099         24  0.000e+00
      60242 295.234086  -42.16842  -52.93848      0.097    1475.52      2.079      2.063    11.8241    11.8260     0.0018    11.8239    11.8257     0.0018   3.941943   3.942196   0.000253    34.5969    34.5977     6.1663    26.3094    26.3097         24  0.000e+00
      60243 295.234087  -42.16842  -52.93848      0.085    1475.52      2.015      1.999    11.8247    11.8258     0.0011    11.8244    11.8255     0.0011   3.941968   3.942150   0.000182    34.5967    34.5974     6.1666    26.3091    26.3095         24  0.000e+00
      60244 295.234087  -42.16842  -52.93848      0.084    1475.52      2.079      2.063    11.8250    11.8259     0.0009    11.8248    11.8257     0.0009   3.942058   3.942137   0.000079    34.5972    34.5971     6.1666    26.3095    26.3092         24  0.000e+00
      60245 295.234088  -42.16842  -52.93848      0.064    1475.52      2.015      1.999    11.8253    11.8257     0.0003    11.8251    11.8254     0.0003   3.942058   3.942124   0.000066    34.5970    34.5973     6.1665    26.3092    26.3094         24  0.000e+00
      60246 295.234088  -42.16842  -52.93848      0.052    1475.52      1.959      1.943    11.8260    11.8261     0.0001    11.8257    11.8259     0.0001   3.942154   3.942183   0.000028    34.5973    34.5975     6.1668    26.3094    26.3095         24  0.000e+00
      60247 295.234089  -42.16842  -52.93848      0.040    1475.52      2.015      1.999    11.8270    11.8268    -0.0002    11.8267    11.8265    -0.0002   3.942238   3.942280   0.000043    34.5972    34.5978     6.1670    26.3091    26.3096         24  0.000e+00
      60248 295.234089  -42.16842  -52.93848      0.028    1475.52      1.959      1.943    11.8283    11.8274    -0.0009    11.8281    11.8272    -0.0009   3.942334   3.942300  -0.000034    34.5969    34.5974     6.1710    26.3086    26.3092         24  0.000e+00
      60249 295.234090  -42.16842  -52.93848      0.012    1475.52      1.959      1.943    11.8280    11.8279    -0.0001    11.8277    11.8276    -0.0001   3.942379   3.942300  -0.000079    34.5977    34.5970     6.1670    26.3093    26.3088         24  0.000e+00
      60250 295.234090  -42.16842  -52.93848     -0.011    1475.52      1.838      1.824    11.8278    11.8282     0.0004    11.8276    11.8279     0.0004   3.942289   3.942384   0.000095    34.5970    34.5976     6.1668    26.3088    26.3092         24  0.000e+00
      60251 295.234090  -42.16842  -52.93848     -0.029    1475.52      1.902      1.888    11.8275    11.8290     0.0015    11.8273    11.8287     0.0015   3.942282   3.942449   0.000167    34.5972    34.5975     6.1667    26.3090    26.3089         24  0.000e+00
      60252 295.234091  -42.16842  -52.93848     -0.051    1475.52      1.782      1.768    11.8265    11.8298     0.0034    11.8262    11.8296     0.0034   3.942237   3.942527   0.000290    34.5978    34.5975     6.1669    26.3096    26.3087         24  0.000e+00
      60253 295.234091  -42.16842  -52.93848     -0.066    1475.52      1.903      1.888    11.8257    11.8313     0.0057    11.8254    11.8311     0.0057   3.942122   3.942690   0.000568    34.5973    34.5976     6.1716    26.3095    26.3086         24  0.000e+00
      60254 295.234092  -42.16842  -52.93848     -0.091    1475.52      1.717      1.704    11.8250    11.8326     0.0076    11.8248    11.8324     0.0076   3.942090   3.942748   0.000659    34.5977    34.5971     6.1678    26.3098    26.3079         24  0.000e+00
      60255 295.234092  -42.16842  -52.93848     -0.108    1475.52      1.838      1.824    11.8250    11.8329     0.0079    11.8248    11.8327     0.0079   3.942090   3.942729   0.000639    34.5976    34.5966     6.1723    26.3098    26.3075         24  0.000e+00
      60256 295.234093  -42.16842  -52.93848     -0.132    1475.52      1.717      1.704    11.8252    11.8328     0.0076    11.8249    11.8326     0.0076   3.942077   3.942735   0.000658    34.5974    34.5968     6.1727    26.3096    26.3076         24  0.000e+00
