Pos-Processados/process_op41/operantar41_009.cnv
* Sea-Bird SBE 9 Data File:
* FileName = C:\Users\Dell\Desktop\OperantarXLI\config\00_BRUTOS\OPE41009.hdr
* Software Version Seasave V 7.26.7.110
* Temperature SN = 6497
* Conductivity SN = 4954
* Number of Bytes Per Scan = 31
* Number of Voltage Words = 2
* Number of Scans Averaged by the Deck Unit = 1
* NMEA Latitude = 42 49.84 S
* NMEA Longitude = 052 15.44 W
* NMEA UTC (Time) = Oct 23 2022 04:30:44
* NMEA baud rate = 4800
** H41
** Navio Polar Almirante Maximiano
** LH-021/2022
** Operantar XLI
** Número da Estação 009
** Latitude 42 49.421' S
** Longitude 52 14.906' W
** Data/Hora (Z) 23/10/2022 0403Z
** Profundidade local 5745 m
** 09-1439
** Nome do Operador CT Garla
# nquan = 30
# nvalues = 2047                        
# units = specified
# name 0 = scan: Scan Count
# name 1 = timeJ: Julian Days
# name 2 = latitude: Latitude [deg]
# name 3 = longitude: Longitude [deg]
# name 4 = dz/dtM: Descent Rate [m/s]
# name 5 = avgsvCM: Average Sound Velocity [Chen-Millero, m/s]
# name 6 = prDM: Pressure, Digiquartz [db]
# name 7 = depSM: Depth [salt water, m]
# name 8 = t090C: Temperature [ITS-90, deg C]
# name 9 = t190C: Temperature, 2 [ITS-90, deg C]
# name 10 = T2-T190C: Temperature Difference, 2 - 1 [ITS-90, deg C]
# name 11 = potemp090C: Potential Temperature [ITS-90, deg C]
# name 12 = potemp190C: Potential Temperature, 2 [ITS-90, deg C]
# name 13 = potemp90Cdiff: Potential Temperature, Diff, 2 - 1 [ITS-90, deg C]
# name 14 = c0S/m: Conductivity [S/m]
# name 15 = c1S/m: Conductivity, 2 [S/m]
# name 16 = C2-C1S/m: Conductivity Difference, 2 - 1 [S/m]
# name 17 = sal00: Salinity, Practical [PSU]
# name 18 = sal11: Salinity, Practical, 2 [PSU]
# name 19 = sbeox0ML/L: Oxygen, SBE 43 [ml/l]
# name 20 = sigma-é00: Density [sigma-theta, kg/m^3]
# name 21 = sigma-é11: Density, 2 [sigma-theta, kg/m^3]
# name 22 = sal00: Salinity, Practical [PSU]
# name 23 = sigma-é00: Density [sigma-theta, kg/m^3]
# name 24 = svCM: Sound Velocity [Chen-Millero, m/s]
# name 25 = svCM1: Sound Velocity, 2 [Chen-Millero, m/s]
# name 26 = gsw_ptA0: potential temperature [ITS-90, deg C]
# name 27 = gsw_densityA0: density, TEOS-10 [density, kg/m^3]
# name 28 = gsw_saA0: Absolute Salinity [g/kg]
# name 29 = flag:
# span 0 =        612,      61199       
# span 1 = 296.188304, 296.217522       
# span 2 =  -42.84097,  -42.83078       
# span 3 =  -52.27886,  -52.25768       
# span 4 =     -1.745,      1.512       
# span 5 =       0.00,    1564.87       
# span 6 =      3.000,   1029.000       
# span 7 =      2.983,   1018.320       
# span 8 =     3.5795,    14.6320       
# span 9 =     3.5794,    14.6321       
# span 10 =    -0.0683,     0.1746      
# span 11 =     3.5059,    14.6298      
# span 12 =     3.5060,    14.6299      
# span 13 =    -0.0681,     0.1741      
# span 14 =   3.195866,   4.311765      
# span 15 =   3.195667,   4.311702      
# span 16 =  -0.007079,   0.018727      
# span 17 =    34.1626,    35.6141      
# span 18 =    34.1631,    35.6133      
# span 19 =     4.9326,     6.0449      
# span 20 =    26.4469,    27.1996      
# span 21 =    26.4464,    27.1989      
# span 22 =    34.1609,    35.6142      
# span 23 =    26.4471,    27.1997      
# span 24 =    1480.60,    1510.81      
# span 25 =    1480.60,    1510.81      
# span 26 =     3.5058,    14.6298      
# span 27 =  1026.4798,  1031.9514      
# span 28 =    34.3236,    35.7828      
# span 29 = 0.0000e+00, 0.0000e+00      
# interval = decibars: 1                
# start_time = Oct 23 2022 04:30:44 [NMEA time, header]
# bad_flag = -9.990e-29
*END*
[from data line 919]
      25756 296.200430  -42.83504  -52.26774      1.018    1494.53    928.000    918.597     4.0270     4.0271     0.0001     3.9576     3.9577     0.0001   3.230188   3.230190   0.000005    34.1854    34.1854     5.4344    27.1425    27.1425    34.1844    27.1417    1480.94    1480.94     3.9574  1031.4214    34.3486 0.0000e+00
      25781 296.200442  -42.83504  -52.26776      0.970    1494.53    929.000    919.585     4.0281     4.0285     0.0004     3.9586     3.9590     0.0004   3.230367   3.230381   0.000020    34.1857    34.1856     5.4305    27.1426    27.1425    34.1849    27.1420    1480.96    1480.96     3.9584  1031.4262    34.3490 0.0000e+00
      25807 296.200454  -42.83504  -52.26778      0.950    1494.53    930.000    920.572     4.0450     4.0389    -0.0060     3.9753     3.9693    -0.0060   3.232497   3.231881  -0.000561    34.1885    34.1881     5.4328    27.1431    27.1435    34.1919    27.1459    1481.06    1481.03     3.9751  1031.4342    34.3561 0.0000e+00
      25832 296.200466  -42.83504  -52.26778      0.943    1494.53    931.000    921.560     4.0741     4.0724    -0.0017     4.0041     4.0024    -0.0017   3.235275   3.235304  -0.000010    34.1934    34.1950     5.4370    27.1441    27.1456    34.1941    27.1446    1481.20    1481.20     4.0039  1031.4368    34.3583 0.0000e+00
      25860 296.200480  -42.83506  -52.26780      0.904    1494.53    932.000    922.548     4.0737     4.0739     0.0003     4.0036     4.0039     0.0003   3.235238   3.235476   0.000230    34.1931    34.1956     5.4368    27.1439    27.1458    34.1935    27.1443    1481.21    1481.22     4.0034  1031.4410    34.3578 0.0000e+00
      25889 296.200494  -42.83507  -52.26781      0.836    1494.53    933.000    923.535     4.0747     4.0749     0.0002     4.0045     4.0047     0.0002   3.235333   3.235620   0.000284    34.1927    34.1958     5.4122    27.1435    27.1459    34.1931    27.1438    1481.23    1481.24     4.0043  1031.4451    34.3573 0.0000e+00
      25920 296.200509  -42.83508  -52.26782      0.777    1494.53    934.000    924.523     4.0722     4.0730     0.0009     4.0019     4.0028     0.0009   3.235357   3.235552   0.000210    34.1950    34.1966     5.3703    27.1456    27.1468    34.1955    27.1460    1481.24    1481.25     4.0018  1031.4519    34.3597 0.0000e+00
      25950 296.200523  -42.83508  -52.26784      0.787    1494.53    935.000    925.510     4.0721     4.0725     0.0004     4.0017     4.0022     0.0004   3.235477   3.235562   0.000085    34.1963    34.1968     5.3518    27.1466    27.1470    34.1965    27.1468    1481.26    1481.26     4.0016  1031.4573    34.3607 0.0000e+00
      25978 296.200537  -42.83508  -52.26784      0.838    1494.53    936.000    926.498     4.0724     4.0727     0.0003     4.0020     4.0023     0.0003   3.235624   3.235649   0.000027    34.1970    34.1970     5.3513    27.1471    27.1471    34.1974    27.1475    1481.28    1481.28     4.0018  1031.4625    34.3616 0.0000e+00
      26005 296.200550  -42.83508  -52.26786      0.881    1494.53    937.000    927.486     4.0718     4.0728     0.0010     4.0013     4.0023     0.0010   3.235586   3.235665   0.000072    34.1972    34.1970     5.3590    27.1474    27.1471    34.1971    27.1473    1481.29    1481.30     4.0011  1031.4669    34.3614 0.0000e+00
      26031 296.200562  -42.83508  -52.26787      0.908    1494.53    938.000    928.474     4.0693     4.0701     0.0008     3.9987     3.9995     0.0008   3.235434   3.235502   0.000073    34.1973    34.1974     5.3572    27.1478    27.1477    34.1973    27.1478    1481.30    1481.30     3.9986  1031.4720    34.3616 0.0000e+00
      26057 296.200575  -42.83508  -52.26788      0.926    1494.53    939.000    929.461     4.0669     4.0681     0.0012     3.9963     3.9975     0.0012   3.235277   3.235364   0.000084    34.1977    34.1974     5.3570    27.1483    27.1480    34.1975    27.1482    1481.31    1481.31     3.9961  1031.4770    34.3618 0.0000e+00
      26083 296.200587  -42.83509  -52.26788      0.925    1494.53    940.000    930.449     4.0651     4.0660     0.0008     3.9944     3.9953     0.0008   3.235192   3.235237   0.000047    34.1979    34.1976     5.3510    27.1487    27.1483    34.1978    27.1486    1481.32    1481.32     3.9943  1031.4820    34.3621 0.0000e+00
      26109 296.200600  -42.83510  -52.26789      0.926    1494.53    941.000    931.436     4.0640     4.0647     0.0007     3.9933     3.9939     0.0007   3.235118   3.235164   0.000044    34.1978    34.1976     5.3423    27.1487    27.1485    34.1976    27.1485    1481.33    1481.33     3.9931  1031.4866    34.3619 0.0000e+00
      26133 296.200611  -42.83510  -52.26791      0.970    1494.53    942.000    932.424     4.0631     4.0635     0.0004     3.9923     3.9927     0.0004   3.235072   3.235090   0.000017    34.1976    34.1974     5.3472    27.1487    27.1484    34.1975    27.1486    1481.34    1481.34     3.9921  1031.4912    34.3618 0.0000e+00
      26155 296.200622  -42.83510  -52.26792      1.037    1494.53    943.000    933.412     4.0583     4.0598     0.0015     3.9874     3.9889     0.0014   3.234583   3.234703   0.000112    34.1974    34.1972     5.3555    27.1490    27.1487    34.1962    27.1480    1481.33    1481.34     3.9872  1031.4952    34.3603 0.0000e+00
      26177 296.200633 -9.990e-29  -52.26792      1.077    1494.53    944.000    934.399     4.0491     4.0500     0.0009     3.9782     3.9791     0.0009   3.233825   3.233888   0.000060    34.1970    34.1968     5.3477    27.1497    27.1494    34.1963    27.1491    1481.31    1481.32     3.9780  1031.4991    34.3579 0.0000e+00
      26201 296.200644 -9.990e-29  -52.26793      1.058    1494.53    945.000    935.387     4.0452     4.0466     0.0014     3.9742     3.9756     0.0014   3.233518   3.233651   0.000121    34.1971    34.1971     5.3471    27.1501    27.1500    34.1962    27.1494    1481.31    1481.32     3.9740  1031.5041    34.3578 0.0000e+00
      26228 296.200657 -9.990e-29  -52.26794      0.947    1494.53    946.000    936.374     4.0328     4.0391     0.0063     3.9619     3.9681     0.0062   3.232434   3.232929   0.000461    34.1977    34.1966     5.3514    27.1518    27.1503    34.1958    27.1503    1481.28    1481.30     3.9617  1031.5098    34.3574 0.0000e+00
      26258 296.200672 -9.990e-29  -52.26795      0.808    1494.53    947.000    937.362     4.0129     4.0188     0.0059     3.9420     3.9478     0.0058   3.230869   3.231053   0.000224    34.1993    34.1959     5.3584    27.1552    27.1519    34.1974    27.1537    1481.21    1481.23     3.9418  1031.5182    34.3590 0.0000e+00
      26288 296.200686 -9.990e-29  -52.26796      0.799    1494.53    948.000    938.350     4.0079     4.0088     0.0009     3.9370     3.9379     0.0009   3.230457   3.230234  -0.000211    34.1985    34.1951     5.3576    27.1551    27.1522    34.1972    27.1540    1481.21    1481.21     3.9368  1031.5233    34.3588 0.0000e+00
      26317 296.200700 -9.990e-29  -52.26798      0.833    1494.53    949.000    939.337     4.0080     4.0086     0.0007     3.9370     3.9376     0.0007   3.230517   3.230303  -0.000237    34.1986    34.1951     5.3611    27.1551    27.1523    34.1974    27.1541    1481.22    1481.22     3.9368  1031.5279    34.3590 0.0000e+00
      26349 296.200715  -42.83513  -52.26799      0.775    1494.53    950.000    940.325     4.0004     4.0076     0.0072     3.9294     3.9365     0.0071   3.229790   3.230222   0.000413    34.1975    34.1950     5.3683    27.1550    27.1523    34.1961    27.1539    1481.21    1481.23     3.9292  1031.5325    34.3578 0.0000e+00
      26381 296.200731  -42.83514  -52.26800      0.716    1494.53    951.000    941.312     3.9961     3.9988     0.0027     3.9250     3.9276     0.0027   3.229595   3.229628   0.000045    34.1989    34.1967     5.3654    27.1565    27.1545    34.1978    27.1557    1481.21    1481.22     3.9248  1031.5411    34.3621 0.0000e+00
      26409 296.200745  -42.83514  -52.26800      0.814    1494.53    952.000    942.300     3.9910     3.9926     0.0016     3.9199     3.9215     0.0016   3.229172   3.229224   0.000054    34.1989    34.1979     5.3629    27.1571    27.1561    34.1975    27.1560    1481.20    1481.21     3.9197  1031.5460    34.3618 0.0000e+00
      26431 296.200755  -42.83514  -52.26802      0.977    1494.53    953.000    943.287     3.9888     3.9893     0.0005     3.9176     3.9181     0.0005   3.228974   3.228995   0.000025    34.1982    34.1979     5.3621    27.1567    27.1565    34.1970    27.1558    1481.21    1481.21     3.9174  1031.5505    34.3613 0.0000e+00
      26451 296.200765  -42.83514  -52.26802      1.131    1494.53    954.000    944.274     3.9815     3.9830     0.0016     3.9103     3.9118     0.0015   3.228312   3.228442   0.000125    34.1983    34.1981     5.3557    27.1575    27.1573    34.1963    27.1560    1481.20    1481.20     3.9101  1031.5554    34.3606 0.0000e+00
      26469 296.200774  -42.83515  -52.26803      1.236    1494.53    955.000    945.262     3.9752     3.9761     0.0009     3.9040     3.9048     0.0009   3.227829   3.227925   0.000096    34.1981    34.1984     5.3483    27.1581    27.1582    34.1966    27.1569    1481.19    1481.19     3.9038  1031.5610    34.3609 0.0000e+00
      26488 296.200783  -42.83516  -52.26804      1.275    1494.53    956.000    946.250     3.9715     3.9720     0.0005     3.9002     3.9007     0.0005   3.227579   3.227627   0.000064    34.1981    34.1984     5.3367    27.1585    27.1586    34.1970    27.1575    1481.19    1481.19     3.9000  1031.5664    34.3613 0.0000e+00
      26510 296.200793  -42.83516  -52.26805      1.208    1494.53    957.000    947.237     3.9704     3.9712     0.0008     3.8990     3.8998     0.0008   3.227517   3.227616   0.000083    34.1980    34.1982     5.3284    27.1585    27.1586    34.1969    27.1576    1481.20    1481.20     3.8988  1031.5710    34.3612 0.0000e+00
      26539 296.200807  -42.83517  -52.26806      0.941    1494.53    958.000    948.225     3.9671     3.9758     0.0087     3.8956     3.9043     0.0086   3.227375   3.228035   0.000637    34.1990    34.1975     5.3270    27.1596    27.1575    34.1981    27.1589    1481.20    1481.24     3.8955  1031.5770    34.3625 0.0000e+00
      26581 296.200828  -42.83518  -52.26808      0.580    1494.53    959.000    949.213     3.9586     3.9667     0.0082     3.8871     3.8952     0.0081   3.226665   3.227341   0.000657    34.1997    34.1990     5.3299    27.1611    27.1597    34.1981    27.1598    1481.19    1481.22     3.8869  1031.5826    34.3624 0.0000e+00
      26623 296.200848  -42.83518  -52.26810      0.565    1494.53    960.000    950.200     3.9534     3.9604     0.0070     3.8818     3.8889     0.0070   3.226344   3.226797   0.000469    34.2000    34.1983     5.3340    27.1618    27.1597    34.1992    27.1612    1481.18    1481.21     3.8817  1031.5887    34.3636 0.0000e+00
      26655 296.200863  -42.83518  -52.26811      0.692    1494.53    961.000    951.187     3.9491     3.9504     0.0013     3.8775     3.8789     0.0013   3.226110   3.226093   0.000005    34.2014    34.2001     5.3317    27.1634    27.1622    34.2004    27.1625    1481.18    1481.18     3.8773  1031.5947    34.3647 0.0000e+00
      26680 296.200875  -42.83518  -52.26812      0.873    1494.53    962.000    952.175     3.9480     3.9485     0.0006     3.8764     3.8769     0.0006   3.226035   3.226033  -0.000001    34.2009    34.2003     5.3158    27.1631    27.1625    34.2001    27.1625    1481.19    1481.19     3.8762  1031.5992    34.3645 0.0000e+00
      26702 296.200886  -42.83518  -52.26812      1.026    1494.53    963.000    953.163     3.9427     3.9446     0.0019     3.8710     3.8729     0.0019   3.225409   3.225597   0.000168    34.2002    34.2003     5.3135    27.1631    27.1629    34.1977    27.1611    1481.18    1481.19     3.8708  1031.6025    34.3621 0.0000e+00
      26723 296.200896  -42.83518  -52.26812      1.127    1494.53    964.000    954.150     3.9249     3.9268     0.0019     3.8532     3.8552     0.0019   3.223921   3.224043   0.000148    34.1999    34.1996     5.3144    27.1646    27.1642    34.1981    27.1632    1481.13    1481.13     3.8531  1031.6097    34.3625 0.0000e+00
      26744 296.200906  -42.83520  -52.26814      1.155    1494.53    965.000    955.138     3.9227     3.9237     0.0010     3.8510     3.8521     0.0010   3.223754   3.223852   0.000107    34.1992    34.1994     5.3096    27.1643    27.1643    34.1978    27.1632    1481.13    1481.14     3.8509  1031.6143    34.3622 0.0000e+00
      26767 296.200917  -42.83520  -52.26814      1.107    1494.53    966.000    956.125     3.9211     3.9221     0.0010     3.8493     3.8504     0.0010   3.223650   3.223752   0.000105    34.1990    34.1991     5.3033    27.1642    27.1643    34.1978    27.1633    1481.14    1481.15     3.8492  1031.6190    34.3622 0.0000e+00
      26796 296.200931  -42.83521  -52.26816      0.914    1494.53    967.000    957.112     3.9238     3.9264     0.0027     3.8519     3.8546     0.0027   3.224071   3.224251   0.000172    34.2000    34.1992     5.3068    27.1648    27.1640    34.1995    27.1644    1481.17    1481.18     3.8517  1031.6246    34.3639 0.0000e+00
      26859 296.200961  -42.83523  -52.26817      0.315    1494.53    968.000    958.100     3.9307     3.9311     0.0004     3.8586     3.8591     0.0004   3.224826   3.224767  -0.000042    34.2010    34.2001     5.3122    27.1650    27.1642    34.2008    27.1648    1481.22    1481.22     3.8585  1031.6294    34.3652 0.0000e+00
      26904 296.200983  -42.83524  -52.26819      0.541    1494.53    969.000    959.088     3.9350     3.9351     0.0002     3.8629     3.8630     0.0002   3.225348   3.225393   0.000045    34.2018    34.2022     5.3053    27.1652    27.1655    34.2019    27.1653    1481.26    1481.26     3.8627  1031.6343    34.3664 0.0000e+00
      26925 296.200993  -42.83524  -52.26820      0.889    1494.53    970.000    960.075     3.9396     3.9394    -0.0001     3.8673     3.8672    -0.0001   3.225927   3.225940   0.000021    34.2029    34.2033     5.3045    27.1656    27.1659    34.2035    27.1661    1481.29    1481.29     3.8672  1031.6395    34.3679 0.0000e+00
      26943 296.201002  -42.83524  -52.26821      1.153    1494.53    971.000    961.063     3.9422     3.9423     0.0001     3.8699     3.8700     0.0001   3.226224   3.226266   0.000029    34.2040    34.2042     5.2973    27.1662    27.1663    34.2038    27.1660    1481.32    1481.32     3.8697  1031.6440    34.3682 0.0000e+00
      26960 296.201010  -42.83524  -52.26822      1.322    1494.53    972.000    962.050     3.9339     3.9355     0.0017     3.8615     3.8632     0.0017   3.225453   3.225593   0.000142    34.2041    34.2041     5.2924    27.1672    27.1670    34.2028    27.1661    1481.30    1481.31     3.8614  1031.6489    34.3673 0.0000e+00
      26978 296.201019  -42.83524  -52.26822      1.365    1494.53    973.000    963.038     3.9273     3.9281     0.0008     3.8549     3.8557     0.0008   3.224963   3.225028   0.000071    34.2039    34.2039     5.2874    27.1677    27.1676    34.2033    27.1672    1481.29    1481.30     3.8547  1031.6546    34.3678 0.0000e+00
      26999 296.201029  -42.83524  -52.26823      1.258    1494.53    974.000    964.025     3.9241     3.9251     0.0009     3.8517     3.8526     0.0009   3.224738   3.224805   0.000072    34.2040    34.2038     5.2738    27.1680    27.1678    34.2035    27.1676    1481.29    1481.30     3.8515  1031.6597    34.3679 0.0000e+00
