Pos-Processados/process_op41/operantar41_014lr.ros
* Sea-Bird SBE 9 Data File:
* FileName = C:\Users\Dell\Desktop\OperantarXLI\config\00_BRUTOS\OPE41014LR.hdr
* Software Version Seasave V 7.26.7.110
* Temperature SN = 6497
* Conductivity SN = 4954
* Number of Bytes Per Scan = 31
* Number of Voltage Words = 2
* Number of Scans Averaged by the Deck Unit = 1
* NMEA Latitude = 45 53.01 S
* NMEA Longitude = 058 29.32 W
* NMEA UTC (Time) = Oct 25 2022 11:27:01
* NMEA baud rate = 4800
** H41
** Navio Polar Almirante Maximiano
** LH-021/2022
** Operantar XLI
** Número da Estação 014
** Latitude 45 53.086 S
** Longitude 058 29.226 W
** Data/Hora (Z) 25/10/2022 1127Z
** Profundidade local 2647 m
** 09-1439
** Nome do Operador CT GARLA
# nquan = 24
# nvalues = 1813                                  
# units = specified
# name 0 = scan: Scan Count
# name 1 = timeJ: Julian Days
# name 2 = latitude: Latitude [deg]
# name 3 = longitude: Longitude [deg]
# name 4 = dz/dtM: Descent Rate [m/s]
# name 5 = avgsvCM: Average Sound Velocity [Chen-Millero, m/s]
# name 6 = prDM: Pressure, Digiquartz [db]
# name 7 = depSM: Depth [salt water, m]
# name 8 = t090C: Temperature [ITS-90, deg C]
# name 9 = t190C: Temperature, 2 [ITS-90, deg C]
# name 10 = T2-T190C: Temperature Difference, 2 - 1 [ITS-90, deg C]
# name 11 = potemp090C: Potential Temperature [ITS-90, deg C]
# name 12 = potemp190C: Potential Temperature, 2 [ITS-90, deg C]
# name 13 = potemp90Cdiff: Potential Temperature, Diff, 2 - 1 [ITS-90, deg C]
# name 14 = c0S/m: Conductivity [S/m]
# name 15 = c1S/m: Conductivity, 2 [S/m]
# name 16 = C2-C1S/m: Conductivity Difference, 2 - 1 [S/m]
# name 17 = sal00: Salinity, Practical [PSU]
# name 18 = sal11: Salinity, Practical, 2 [PSU]
# name 19 = sbeox0ML/L: Oxygen, SBE 43 [ml/l]
# name 20 = sigma-é00: Density [sigma-theta, kg/m^3]
# name 21 = sigma-é11: Density, 2 [sigma-theta, kg/m^3]
# name 22 = nbf: Bottles Fired
# name 23 = flag:  0.000e+00
# interval = seconds: 0.0416667
# start_time = Oct 25 2022 11:27:01 [NMEA time, header]
# bad_flag = -9.990e-29
*END*
[from data line 1570]
     114173 298.532155  -45.87308  -58.48976     -0.493    1479.42     20.741     20.569     7.0328     7.0302    -0.0026     7.0309     7.0283    -0.0026   3.450890   3.450818  -0.000072    34.1031    34.1049     6.8985    26.7080    26.7098         23  0.000e+00
     114174 298.532155  -45.87308  -58.48976     -0.494    1479.42     20.684     20.514     7.0341     7.0307    -0.0034     7.0322     7.0288    -0.0034   3.450829   3.450843   0.000014    34.1012    34.1047     6.8977    26.7063    26.7095         23  0.000e+00
     114175 298.532156  -45.87308  -58.48976     -0.493    1479.42     20.741     20.570     7.0362     7.0314    -0.0047     7.0343     7.0295    -0.0047   3.450854   3.450997   0.000144    34.0993    34.1056     6.8969    26.7046    26.7101         23  0.000e+00
     114176 298.532156  -45.87308  -58.48976     -0.492    1479.42     20.684     20.514     7.0356     7.0318    -0.0039     7.0337     7.0299    -0.0039   3.450914   3.451065   0.000151    34.1006    34.1060     6.8963    26.7056    26.7104         23  0.000e+00
     114177 298.532157  -45.87308  -58.48976     -0.486    1479.42     20.741     20.570     7.0352     7.0326    -0.0026     7.0333     7.0307    -0.0026   3.450963   3.451034   0.000071    34.1015    34.1049     6.8958    26.7064    26.7094         23  0.000e+00
     114178 298.532157  -45.87308  -58.48976     -0.481    1479.42     20.684     20.514     7.0358     7.0329    -0.0030     7.0339     7.0310    -0.0030   3.450987   3.451226   0.000238    34.1012    34.1067     6.8951    26.7060    26.7108         23  0.000e+00
     114179 298.532158  -45.87308  -58.48976     -0.474    1479.42     20.684     20.514     7.0366     7.0354    -0.0013     7.0347     7.0335    -0.0013   3.451024   3.451386   0.000362    34.1008    34.1060     6.8945    26.7056    26.7099         23  0.000e+00
     114180 298.532158  -45.87308  -58.48976     -0.472    1479.42     20.684     20.514     7.0358     7.0373     0.0014     7.0339     7.0354     0.0014   3.451121   3.451510   0.000388    34.1026    34.1055     6.8941    26.7072    26.7092         23  0.000e+00
     114181 298.532159  -45.87308  -58.48976     -0.461    1479.42     20.684     20.514     7.0366     7.0398     0.0031     7.0347     7.0379     0.0031   3.451243   3.451596   0.000353    34.1032    34.1039     6.8941    26.7075    26.7077         23  0.000e+00
     114182 298.532159  -45.87308  -58.48976     -0.454    1479.42     20.684     20.514     7.0379     7.0425     0.0046     7.0360     7.0407     0.0046   3.451371   3.451726   0.000355    34.1033    34.1026     6.8983    26.7074    26.7063         23  0.000e+00
     114183 298.532160  -45.87308  -58.48976     -0.445    1479.42     20.684     20.514     7.0395     7.0438     0.0043     7.0376     7.0419     0.0043   3.451468   3.451874   0.000406    34.1028    34.1030     6.8933    26.7068    26.7064         23  0.000e+00
     114184 298.532160  -45.87308  -58.48976     -0.438    1479.42     20.620     20.450     7.0410     7.0441     0.0031     7.0391     7.0422     0.0031   3.451626   3.451800   0.000173    34.1031    34.1019     6.8932    26.7068    26.7055         23  0.000e+00
     114185 298.532160  -45.87308  -58.48976     -0.428    1479.42     20.684     20.514     7.0416     7.0443     0.0027     7.0397     7.0424     0.0027   3.451657   3.451627  -0.000030    34.1028    34.0998     6.8928    26.7065    26.7038         23  0.000e+00
     114186 298.532161  -45.87308  -58.48976     -0.417    1479.42     20.684     20.514     7.0410     7.0433     0.0023     7.0391     7.0414     0.0023   3.451596   3.451602   0.000006    34.1027    34.1005     6.8926    26.7065    26.7045         23  0.000e+00
     114187 298.532161  -45.87308  -58.48976     -0.404    1479.42     20.684     20.514     7.0403     7.0425     0.0022     7.0384     7.0406     0.0022   3.451511   3.451701   0.000190    34.1024    34.1024     6.8925    26.7064    26.7061         23  0.000e+00
     114188 298.532162  -45.87308  -58.48976     -0.389    1479.42     20.684     20.514     7.0395     7.0435     0.0040     7.0376     7.0416     0.0040   3.451383   3.451800   0.000417    34.1019    34.1025     6.8924    26.7061    26.7061         23  0.000e+00
     114189 298.532162  -45.87308  -58.48976     -0.379    1479.42     20.628     20.458     7.0392     7.0455     0.0062     7.0374     7.0436     0.0062   3.451359   3.451973   0.000614    34.1019    34.1024     6.8921    26.7061    26.7057         23  0.000e+00
     114190 298.532163  -45.87308  -58.48976     -0.363    1479.42     20.684     20.514     7.0389     7.0469     0.0080     7.0370     7.0450     0.0080   3.451340   3.452127   0.000787    34.1020    34.1027     6.8920    26.7063    26.7057         23  0.000e+00
     114191 298.532163  -45.87308  -58.48976     -0.347    1479.42     20.741     20.570     7.0387     7.0479     0.0091     7.0368     7.0460     0.0091   3.451340   3.452207   0.000867    34.1021    34.1026     6.8919    26.7064    26.7055         23  0.000e+00
     114192 298.532164  -45.87308  -58.48976     -0.332    1479.42     20.684     20.514     7.0392     7.0484     0.0092     7.0373     7.0465     0.0092   3.451359   3.452108   0.000750    34.1019    34.1011     6.8916    26.7062    26.7042         23  0.000e+00
     114193 298.532164  -45.87308  -58.48976     -0.316    1479.42     20.684     20.514     7.0394     7.0476     0.0082     7.0375     7.0457     0.0082   3.451419   3.452078   0.000658    34.1024    34.1015     6.8914    26.7065    26.7047         23  0.000e+00
     114194 298.532165  -45.87308  -58.48976     -0.302    1479.42     20.741     20.570     7.0395     7.0476     0.0081     7.0376     7.0457     0.0081   3.451432   3.452071   0.000640    34.1024    34.1014     6.8913    26.7065    26.7046         23  0.000e+00
     114195 298.532165  -45.87308  -58.48976     -0.286    1479.42     20.684     20.514     7.0420     7.0485     0.0066     7.0401     7.0466     0.0066   3.451632   3.452300   0.000667    34.1022    34.1030     6.8907    26.7060    26.7057         23  0.000e+00
     114196 298.532166  -45.87308  -58.48976     -0.262    1479.42     20.805     20.634     7.0455     7.0504     0.0050     7.0436     7.0485     0.0050   3.451870   3.452541   0.000671    34.1012    34.1037     6.8908    26.7048    26.7060         23  0.000e+00
     114197 298.532166  -45.87308  -58.48976     -0.244    1479.42     20.741     20.570     7.0457     7.0515     0.0059     7.0438     7.0496     0.0059   3.451809   3.452609   0.000800    34.1004    34.1034     6.8907    26.7041    26.7056         23  0.000e+00
     114198 298.532167  -45.87308  -58.48976     -0.229    1479.42     20.741     20.570     7.0432     7.0526     0.0093     7.0413     7.0507     0.0093   3.451626   3.452689   0.001062    34.1008    34.1032     6.8911    26.7048    26.7054         23  0.000e+00
     114199 298.532167  -45.87308  -58.48976     -0.205    1479.42     20.805     20.634     7.0420     7.0527     0.0108     7.0401     7.0508     0.0108   3.451566   3.452670   0.001105    34.1014    34.1029     6.8920    26.7054    26.7050         23  0.000e+00
     114200 298.532168  -45.87308  -58.48976     -0.188    1479.42     20.805     20.634     7.0426     7.0527     0.0101     7.0407     7.0508     0.0101   3.451645   3.452676   0.001032    34.1016    34.1029     6.8926    26.7054    26.7051         23  0.000e+00
     114201 298.532168  -45.87308  -58.48976     -0.166    1479.42     20.805     20.634     7.0435     7.0524     0.0088     7.0416     7.0505     0.0088   3.451797   3.452596   0.000799    34.1024    34.1024     6.8974    26.7059    26.7047         23  0.000e+00
     114202 298.532169  -45.87308  -58.48976     -0.144    1479.42     20.862     20.690     7.0455     7.0523     0.0067     7.0436     7.0503     0.0067   3.452022   3.452510   0.000488    34.1028    34.1015     6.8929    26.7060    26.7041         23  0.000e+00
     114203 298.532169  -45.87308  -58.48976     -0.121    1479.42     20.862     20.690     7.0480     7.0516     0.0036     7.0461     7.0497     0.0036   3.452174   3.452522   0.000348    34.1020    34.1023     6.8926    26.7050    26.7048         23  0.000e+00
     114204 298.532170  -45.87308  -58.48976     -0.097    1479.42     20.862     20.690     7.0501     7.0509     0.0009     7.0482     7.0490     0.0009   3.452320   3.452510   0.000190    34.1016    34.1028     6.8925    26.7044    26.7053         23  0.000e+00
     114205 298.532170  -45.87308  -58.48976     -0.073    1479.42     20.918     20.745     7.0503     7.0507     0.0004     7.0484     7.0488     0.0004   3.452332   3.452411   0.000079    34.1015    34.1020     6.8927    26.7043    26.7046         23  0.000e+00
     114206 298.532171  -45.87308  -58.48976     -0.052    1479.42     20.926     20.753     7.0494     7.0501     0.0007     7.0475     7.0482     0.0007   3.452302   3.452343   0.000041    34.1020    34.1018     6.8930    26.7048    26.7045         23  0.000e+00
     114207 298.532171  -45.87308  -58.48976     -0.032    1479.42     20.862     20.690     7.0506     7.0500    -0.0006     7.0487     7.0481    -0.0006   3.452387   3.452368  -0.000019    34.1018    34.1022     6.8930    26.7045    26.7049         23  0.000e+00
     114208 298.532172  -45.87308  -58.48976     -0.003    1479.42     21.039     20.865     7.0528     7.0504    -0.0023     7.0509     7.0485    -0.0023   3.452606   3.452516  -0.000090    34.1020    34.1033     6.8931    26.7043    26.7057         23  0.000e+00
     114209 298.532172  -45.87308  -58.48976      0.021    1479.42     20.982     20.809     7.0551     7.0510    -0.0040     7.0532     7.0491    -0.0040   3.452831   3.452584  -0.000247    34.1022    34.1035     6.8929    26.7042    26.7058         23  0.000e+00
     114210 298.532173  -45.87308  -58.48976      0.046    1479.42     21.039     20.865     7.0559     7.0512    -0.0046     7.0539     7.0493    -0.0046   3.452837   3.452609  -0.000229    34.1014    34.1035     6.8981    26.7035    26.7058         23  0.000e+00
     114211 298.532173  -45.87308  -58.48976      0.066    1479.42     21.039     20.865     7.0563     7.0532    -0.0031     7.0544     7.0513    -0.0031   3.452868   3.452714  -0.000154    34.1013    34.1027     6.8989    26.7033    26.7049         23  0.000e+00
     114212 298.532174  -45.87310  -58.48976      0.090    1479.42     21.039     20.865     7.0567     7.0540    -0.0027     7.0548     7.0521    -0.0027   3.452929   3.452825  -0.000104    34.1016    34.1031     6.8997    26.7035    26.7051         23  0.000e+00
     114213 298.532174  -45.87310  -58.48976      0.116    1479.42     21.095     20.921     7.0575     7.0543    -0.0032     7.0555     7.0523    -0.0032   3.452965   3.452849  -0.000116    34.1012    34.1031     6.9006    26.7031    26.7050         23  0.000e+00
     114214 298.532174  -45.87310  -58.48976      0.139    1479.42     21.160     20.985     7.0580     7.0544    -0.0036     7.0560     7.0524    -0.0036   3.453002   3.452825  -0.000177    34.1011    34.1027     6.9014    26.7030    26.7047         23  0.000e+00
     114215 298.532175  -45.87310  -58.48976      0.165    1479.42     21.160     20.985     7.0583     7.0553    -0.0029     7.0563     7.0534    -0.0029   3.453008   3.452893  -0.000115    34.1009    34.1025     6.9029    26.7027    26.7044         23  0.000e+00
     114216 298.532175  -45.87310  -58.48976      0.193    1479.42     21.216     21.041     7.0585     7.0563    -0.0022     7.0565     7.0544    -0.0022   3.453099   3.453029  -0.000071    34.1016    34.1030     6.9038    26.7033    26.7047         23  0.000e+00
     114217 298.532176  -45.87310  -58.48976      0.217    1479.42     21.224     21.049     7.0596     7.0576    -0.0020     7.0576     7.0556    -0.0020   3.453154   3.453177   0.000023    34.1012    34.1034     6.9095    26.7028    26.7048         23  0.000e+00
     114218 298.532176  -45.87310  -58.48976      0.240    1479.42     21.224     21.049     7.0601     7.0587    -0.0014     7.0582     7.0568    -0.0014   3.453276   3.453288   0.000012    34.1020    34.1035     6.9102    26.7033    26.7047         23  0.000e+00
     114219 298.532177  -45.87310  -58.48976      0.269    1479.42     21.337     21.161     7.0605     7.0597    -0.0008     7.0586     7.0577    -0.0008   3.453269   3.453356   0.000086    34.1014    34.1032     6.9068    26.7029    26.7044         23  0.000e+00
     114220 298.532177  -45.87310  -58.48976      0.289    1479.42     21.280     21.105     7.0604     7.0608     0.0005     7.0584     7.0589     0.0005   3.453257   3.453387   0.000129    34.1015    34.1024     6.9070    26.7029    26.7036         23  0.000e+00
     114221 298.532178  -45.87310  -58.48976      0.319    1479.42     21.401     21.225     7.0606     7.0620     0.0014     7.0586     7.0600     0.0014   3.453276   3.453516   0.000241    34.1014    34.1027     6.9073    26.7028    26.7036         23  0.000e+00
     114222 298.532178  -45.87310  -58.48976      0.340    1479.42     21.337     21.161     7.0617     7.0628     0.0012     7.0597     7.0609     0.0012   3.453403   3.453627   0.000224    34.1018    34.1031     6.9072    26.7030    26.7038         23  0.000e+00
     114530 298.532327  -45.87306  -58.48978     -0.214    1479.42     20.985     20.812     7.0725     7.0667    -0.0058     7.0706     7.0648    -0.0058   3.454353   3.454010  -0.000342    34.1016    34.1036     6.9001    26.7013    26.7037         24  0.000e+00
     114531 298.532327  -45.87306  -58.48978     -0.209    1479.42     20.928     20.756     7.0723     7.0670    -0.0053     7.0704     7.0651    -0.0053   3.454340   3.453998  -0.000343    34.1017    34.1032     6.8995    26.7015    26.7033         24  0.000e+00
     114532 298.532328  -45.87306  -58.48978     -0.206    1479.42     20.928     20.756     7.0725     7.0670    -0.0055     7.0706     7.0651    -0.0055   3.454340   3.453918  -0.000423    34.1015    34.1023     6.9038    26.7012    26.7026         24  0.000e+00
     114533 298.532328  -45.87306  -58.48978     -0.204    1479.42     20.920     20.748     7.0724     7.0672    -0.0053     7.0705     7.0652    -0.0053   3.454389   3.453918  -0.000472    34.1021    34.1022     6.9043    26.7018    26.7025         24  0.000e+00
     114534 298.532329  -45.87306  -58.48978     -0.196    1479.42     20.985     20.812     7.0724     7.0677    -0.0047     7.0705     7.0658    -0.0047   3.454377   3.453948  -0.000429    34.1020    34.1019     6.9042    26.7017    26.7022         24  0.000e+00
     114535 298.532329  -45.87306  -58.48978     -0.190    1479.42     20.928     20.756     7.0726     7.0677    -0.0049     7.0707     7.0658    -0.0049   3.454371   3.454035  -0.000336    34.1018    34.1029     6.9046    26.7014    26.7031         24  0.000e+00
     114536 298.532330  -45.87306  -58.48978     -0.188    1479.42     20.920     20.748     7.0725     7.0678    -0.0047     7.0706     7.0659    -0.0047   3.454395   3.454004  -0.000391    34.1021    34.1025     6.9044    26.7017    26.7026         24  0.000e+00
     114537 298.532330  -45.87306  -58.48978     -0.181    1479.42     20.985     20.812     7.0731     7.0680    -0.0051     7.0711     7.0661    -0.0051   3.454401   3.453961  -0.000441    34.1016    34.1018     6.9041    26.7013    26.7021         24  0.000e+00
     114538 298.532331  -45.87306  -58.48978     -0.173    1479.42     20.928     20.756     7.0735     7.0680    -0.0056     7.0716     7.0661    -0.0055   3.454426   3.453936  -0.000490    34.1014    34.1016     6.9037    26.7011    26.7019         24  0.000e+00
     114539 298.532331  -45.87306  -58.48978     -0.171    1479.42     20.864     20.692     7.0735     7.0679    -0.0057     7.0716     7.0660    -0.0057   3.454413   3.453930  -0.000484    34.1013    34.1016     6.8984    26.7010    26.7020         24  0.000e+00
