Pos-Processados/process_op41/operantar41_008.ros
* Sea-Bird SBE 9 Data File:
* FileName = C:\Users\Dell\Desktop\OperantarXLI\config\00_BRUTOS\OP41008.hdr
* Software Version Seasave V 7.26.7.110
* Temperature SN = 6497
* Conductivity SN = 4954
* Number of Bytes Per Scan = 31
* Number of Voltage Words = 2
* Number of Scans Averaged by the Deck Unit = 1
* NMEA Latitude = 42 30.30 S
* NMEA Longitude = 052 37.08 W
* NMEA UTC (Time) = Oct 22 2022 23:44:28
* NMEA baud rate = 4800
** H41
** Navio Polar Almirante Maximiano
** LH-021/2022
** Operantar XLI
** Número da Estação 008
** Latitude 42 30.175S
** Longitude 52 36.384
** Data/Hora (Z) 22/10/2022 2343Z
** Profundidade local 5665
** 09-1439
** Nome do Operador 1T FILIPE LOPES
# nquan = 24
# nvalues = 1375                                  
# units = specified
# name 0 = scan: Scan Count
# name 1 = timeJ: Julian Days
# name 2 = latitude: Latitude [deg]
# name 3 = longitude: Longitude [deg]
# name 4 = dz/dtM: Descent Rate [m/s]
# name 5 = avgsvCM: Average Sound Velocity [Chen-Millero, m/s]
# name 6 = prDM: Pressure, Digiquartz [db]
# name 7 = depSM: Depth [salt water, m]
# name 8 = t090C: Temperature [ITS-90, deg C]
# name 9 = t190C: Temperature, 2 [ITS-90, deg C]
# name 10 = T2-T190C: Temperature Difference, 2 - 1 [ITS-90, deg C]
# name 11 = potemp090C: Potential Temperature [ITS-90, deg C]
# name 12 = potemp190C: Potential Temperature, 2 [ITS-90, deg C]
# name 13 = potemp90Cdiff: Potential Temperature, Diff, 2 - 1 [ITS-90, deg C]
# name 14 = c0S/m: Conductivity [S/m]
# name 15 = c1S/m: Conductivity, 2 [S/m]
# name 16 = C2-C1S/m: Conductivity Difference, 2 - 1 [S/m]
# name 17 = sal00: Salinity, Practical [PSU]
# name 18 = sal11: Salinity, Practical, 2 [PSU]
# name 19 = sbeox0ML/L: Oxygen, SBE 43 [ml/l]
# name 20 = sigma-é00: Density [sigma-theta, kg/m^3]
# name 21 = sigma-é11: Density, 2 [sigma-theta, kg/m^3]
# name 22 = nbf: Bottles Fired
# name 23 = flag:  0.000e+00
# interval = seconds: 0.0416667
# start_time = Oct 22 2022 23:44:28 [NMEA time, header]
# bad_flag = -9.990e-29
*END*
[from data line 967]
      66595 296.021328  -42.50848  -52.65594      0.032    1479.23      4.948      4.909    13.9108    13.6347    -0.2762    13.9101    13.6340    -0.2761   4.160898   4.158313  -0.002585    34.7723    34.9997     5.8830    26.0299    26.2633         19  0.000e+00
      66596 296.021329  -42.50848  -52.65596      0.040    1479.23      5.012      4.973    13.9108    13.6352    -0.2756    13.9101    13.6345    -0.2756   4.160911   4.158413  -0.002499    34.7724    35.0001     5.8836    26.0300    26.2635         19  0.000e+00
      66597 296.021329  -42.50848  -52.65596      0.048    1479.23      5.012      4.973    13.9110    13.6357    -0.2753    13.9103    13.6350    -0.2753   4.160951   4.158446  -0.002505    34.7726    35.0000     5.8800    26.0301    26.2633         19  0.000e+00
      66598 296.021330  -42.50848  -52.65596      0.056    1479.23      5.012      4.973    13.9110    13.6362    -0.2748    13.9103    13.6355    -0.2748   4.160957   4.158466  -0.002491    34.7726    34.9997     5.8802    26.0302    26.2630         19  0.000e+00
      66599 296.021330  -42.50848  -52.65596      0.063    1479.23      4.948      4.909    13.9112    13.6365    -0.2747    13.9105    13.6358    -0.2746   4.160957   4.158479  -0.002478    34.7725    34.9996     5.8803    26.0300    26.2628         19  0.000e+00
      66600 296.021331  -42.50848  -52.65596      0.070    1479.23      5.012      4.973    13.9115    13.6369    -0.2747    13.9108    13.6362    -0.2747   4.160938   4.158566  -0.002372    34.7720    35.0000     5.8806    26.0296    26.2631         19  0.000e+00
      66601 296.021331  -42.50848  -52.65596      0.078    1479.23      5.077      5.037    13.9115    13.6376    -0.2740    13.9108    13.6368    -0.2740   4.160951   4.158506  -0.002445    34.7721    34.9988     5.8849    26.0296    26.2620         19  0.000e+00
      66602 296.021332  -42.50848  -52.65596      0.084    1479.23      5.012      4.973    13.9117    13.6379    -0.2738    13.9110    13.6372    -0.2737   4.160957   4.158559  -0.002398    34.7720    34.9990     5.8811    26.0296    26.2621         19  0.000e+00
      66603 296.021332  -42.50848  -52.65596      0.094    1479.23      5.069      5.029    13.9113    13.6384    -0.2729    13.9106    13.6377    -0.2729   4.160938   4.158592  -0.002345    34.7721    34.9988     5.8811    26.0297    26.2619         19  0.000e+00
      66604 296.021332  -42.50848  -52.65596      0.099    1479.23      5.069      5.029    13.9113    13.6387    -0.2726    13.9106    13.6380    -0.2726   4.160951   4.158506  -0.002445    34.7722    34.9977     5.8810    26.0298    26.2610         19  0.000e+00
      66605 296.021333  -42.50848  -52.65596      0.108    1479.23      5.069      5.029    13.9110    13.6391    -0.2719    13.9103    13.6384    -0.2719   4.160957   4.158506  -0.002452    34.7726    34.9974     5.8810    26.0302    26.2607         19  0.000e+00
      66606 296.021333  -42.50848  -52.65596      0.116    1479.23      5.133      5.093    13.9115    13.6398    -0.2718    13.9108    13.6390    -0.2718   4.160990   4.158572  -0.002418    34.7724    34.9974     5.8850    26.0299    26.2605         19  0.000e+00
      66607 296.021334  -42.50848  -52.65596      0.124    1479.23      5.069      5.029    13.9115    13.6403    -0.2713    13.9108    13.6395    -0.2713   4.160964   4.158592  -0.002372    34.7722    34.9972     5.8813    26.0297    26.2602         19  0.000e+00
      66608 296.021334  -42.50848  -52.65596      0.131    1479.23      5.133      5.093    13.9115    13.6404    -0.2711    13.9108    13.6397    -0.2711   4.160957   4.158552  -0.002405    34.7721    34.9966     5.8813    26.0297    26.2597         19  0.000e+00
      66609 296.021335  -42.50848  -52.65596      0.137    1479.23      5.133      5.093    13.9115    13.6409    -0.2706    13.9108    13.6402    -0.2706   4.160983   4.158605  -0.002378    34.7724    34.9966     5.8813    26.0299    26.2596         19  0.000e+00
      66610 296.021335  -42.50848  -52.65596      0.147    1479.23      5.133      5.093    13.9113    13.6413    -0.2700    13.9106    13.6406    -0.2700   4.160997   4.158599  -0.002398    34.7726    34.9962     5.8813    26.0301    26.2593         19  0.000e+00
      66611 296.021336  -42.50848  -52.65596      0.152    1479.23      5.133      5.093    13.9115    13.6418    -0.2697    13.9108    13.6411    -0.2697   4.160970   4.158612  -0.002358    34.7722    34.9959     5.8813    26.0298    26.2589         19  0.000e+00
      66612 296.021336  -42.50848  -52.65596      0.156    1479.23      5.133      5.093    13.9117    13.6421    -0.2695    13.9109    13.6414    -0.2695   4.160957   4.158679  -0.002279    34.7720    34.9962     5.8818    26.0295    26.2591         19  0.000e+00
      66613 296.021337  -42.50848  -52.65596      0.164    1479.23      5.198      5.157    13.9115    13.6425    -0.2691    13.9108    13.6417    -0.2691   4.161016   4.158725  -0.002291    34.7726    34.9963     5.8819    26.0301    26.2591         19  0.000e+00
      66614 296.021337  -42.50848  -52.65596      0.174    1479.23      5.190      5.149    13.9115    13.6431    -0.2684    13.9108    13.6424    -0.2684   4.160977   4.158679  -0.002298    34.7723    34.9953     5.8820    26.0298    26.2581         19  0.000e+00
      66615 296.021338  -42.50848  -52.65596      0.179    1479.23      5.190      5.149    13.9115    13.6433    -0.2682    13.9108    13.6426    -0.2682   4.160931   4.158659  -0.002272    34.7718    34.9949     5.8821    26.0295    26.2578         19  0.000e+00
      66616 296.021338  -42.50848  -52.65596      0.180    1479.23      5.133      5.093    13.9113    13.6438    -0.2675    13.9106    13.6431    -0.2675   4.160951   4.158765  -0.002186    34.7722    34.9955     5.8822    26.0298    26.2582         19  0.000e+00
      66617 296.021339  -42.50848  -52.65596      0.188    1479.23      5.246      5.205    13.9115    13.6443    -0.2672    13.9108    13.6436    -0.2672   4.160938   4.158752  -0.002186    34.7719    34.9949     5.8824    26.0295    26.2576         19  0.000e+00
      66618 296.021339  -42.50848  -52.65596      0.194    1479.23      5.190      5.149    13.9112    13.6447    -0.2665    13.9105    13.6439    -0.2665   4.160925   4.158679  -0.002246    34.7721    34.9939     5.8825    26.0297    26.2568         19  0.000e+00
      66619 296.021340  -42.50848  -52.65596      0.199    1479.23      5.246      5.205    13.9110    13.6450    -0.2660    13.9103    13.6443    -0.2660   4.160951   4.158738  -0.002212    34.7725    34.9941     5.8827    26.0301    26.2568         19  0.000e+00
      66620 296.021340  -42.50848  -52.65598      0.204    1479.23      5.246      5.205    13.9112    13.6455    -0.2657    13.9105    13.6448    -0.2657   4.160931   4.158772  -0.002159    34.7721    34.9940     5.8829    26.0298    26.2566         19  0.000e+00
      66621 296.021341  -42.50848  -52.65598      0.207    1479.23      5.246      5.205    13.9110    13.6457    -0.2653    13.9103    13.6449    -0.2653   4.160925   4.158685  -0.002239    34.7722    34.9930     5.8831    26.0299    26.2559         19  0.000e+00
      66622 296.021341  -42.50848  -52.65598      0.213    1479.23      5.311      5.269    13.9113    13.6464    -0.2650    13.9106    13.6456    -0.2650   4.160951   4.158765  -0.002186    34.7721    34.9931     5.8837    26.0297    26.2558         19  0.000e+00
      66623 296.021342  -42.50848  -52.65598      0.219    1479.23      5.246      5.205    13.9110    13.6465    -0.2645    13.9103    13.6458    -0.2645   4.160957   4.158885  -0.002073    34.7725    34.9941     5.8799    26.0301    26.2565         19  0.000e+00
      66624 296.021342  -42.50848  -52.65598      0.226    1479.23      5.311      5.269    13.9110    13.6469    -0.2642    13.9103    13.6461    -0.2641   4.160957   4.158805  -0.002152    34.7725    34.9930     5.8798    26.0301    26.2556         19  0.000e+00
      66625 296.021343  -42.50848  -52.65598      0.229    1479.23      5.311      5.269    13.9110    13.6475    -0.2635    13.9103    13.6468    -0.2635   4.160964   4.158738  -0.002226    34.7726    34.9918     5.8798    26.0301    26.2545         19  0.000e+00
      66626 296.021343  -42.50848  -52.65598      0.232    1479.23      5.319      5.277    13.9107    13.6479    -0.2628    13.9099    13.6472    -0.2628   4.160957   4.158811  -0.002146    34.7728    34.9921     5.8794    26.0304    26.2547         19  0.000e+00
      66627 296.021344  -42.50848  -52.65598      0.236    1479.23      5.311      5.269    13.9108    13.6482    -0.2626    13.9101    13.6475    -0.2626   4.160957   4.158865  -0.002093    34.7727    34.9923     5.8794    26.0303    26.2548         19  0.000e+00
      66628 296.021344  -42.50848  -52.65598      0.239    1479.23      5.311      5.269    13.9107    13.6487    -0.2619    13.9099    13.6480    -0.2619   4.160905   4.158765  -0.002140    34.7723    34.9909     5.8831    26.0300    26.2536         19  0.000e+00
      66629 296.021345  -42.50848  -52.65598      0.245    1479.23      5.367      5.325    13.9105    13.6491    -0.2614    13.9097    13.6483    -0.2614   4.160911   4.158838  -0.002073    34.7725    34.9913     5.8831    26.0302    26.2538         19  0.000e+00
      66630 296.021345  -42.50848  -52.65598      0.253    1479.23      5.423      5.381    13.9107    13.6494    -0.2613    13.9099    13.6487    -0.2613   4.160898   4.158878  -0.002020    34.7722    34.9913     5.8832    26.0299    26.2538         19  0.000e+00
      66631 296.021345  -42.50848  -52.65598      0.256    1479.23      5.367      5.325    13.9105    13.6499    -0.2606    13.9097    13.6492    -0.2606   4.160885   4.158818  -0.002067    34.7723    34.9903     5.8832    26.0300    26.2529         19  0.000e+00
      66632 296.021346  -42.50848  -52.65598      0.254    1479.23      5.367      5.325    13.9107    13.6501    -0.2606    13.9099    13.6494    -0.2606   4.160885   4.158831  -0.002054    34.7721    34.9903     5.8791    26.0299    26.2528         19  0.000e+00
      66633 296.021346  -42.50848  -52.65598      0.258    1479.23      5.424      5.381    13.9097    13.6504    -0.2593    13.9089    13.6497    -0.2593   4.160833   4.158845  -0.001988    34.7725    34.9901     5.8829    26.0304    26.2526         19  0.000e+00
      66634 296.021347  -42.50848  -52.65598      0.261    1479.23      5.367      5.325    13.9090    13.6511    -0.2579    13.9082    13.6504    -0.2579   4.160813   4.158865  -0.001949    34.7730    34.9897     5.8789    26.0309    26.2521         19  0.000e+00
      66635 296.021347  -42.50848  -52.65598      0.266    1479.23      5.488      5.445    13.9088    13.6513    -0.2576    13.9081    13.6505    -0.2576   4.160794   4.158845  -0.001949    34.7729    34.9893     5.8828    26.0308    26.2518         19  0.000e+00
      66636 296.021348  -42.50848  -52.65598      0.267    1479.23      5.424      5.381    13.9088    13.6518    -0.2571    13.9081    13.6510    -0.2571   4.160787   4.158865  -0.001922    34.7728    34.9890     5.8828    26.0308    26.2515         19  0.000e+00
      66637 296.021348  -42.50848  -52.65598      0.270    1479.23      5.488      5.445    13.9092    13.6521    -0.2571    13.9084    13.6513    -0.2571   4.160780   4.158905  -0.001876    34.7724    34.9891     5.8828    26.0304    26.2515         19  0.000e+00
      66638 296.021349  -42.50848  -52.65598      0.271    1479.23      5.432      5.389    13.9093    13.6526    -0.2567    13.9085    13.6519    -0.2567   4.160859   4.158825  -0.002034    34.7731    34.9879     5.8828    26.0309    26.2505         19  0.000e+00
      66639 296.021349  -42.50848  -52.65598      0.274    1479.23      5.488      5.445    13.9097    13.6529    -0.2567    13.9089    13.6522    -0.2567   4.160859   4.158885  -0.001974    34.7727    34.9881     5.8828    26.0305    26.2506         19  0.000e+00
      66640 296.021350  -42.50848  -52.65598      0.276    1479.23      5.488      5.445    13.9100    13.6531    -0.2569    13.9092    13.6524    -0.2569   4.160912   4.158918  -0.001994    34.7729    34.9883     5.8828    26.0306    26.2507         19  0.000e+00
      66641 296.021350  -42.50848  -52.65598      0.281    1479.23      5.544      5.501    13.9102    13.6535    -0.2567    13.9094    13.6527    -0.2567   4.160872   4.158885  -0.001988    34.7724    34.9876     5.8828    26.0302    26.2501         20  0.000e+00
      66642 296.021351  -42.50848  -52.65598      0.280    1479.23      5.488      5.445    13.9102    13.6541    -0.2560    13.9094    13.6534    -0.2560   4.160853   4.158871  -0.001981    34.7722    34.9869     5.8869    26.0301    26.2494         20  0.000e+00
      66643 296.021351  -42.50848  -52.65598      0.281    1479.23      5.544      5.501    13.9102    13.6545    -0.2557    13.9094    13.6537    -0.2556   4.160853   4.158931  -0.001921    34.7722    34.9871     5.8836    26.0300    26.2495         20  0.000e+00
      66644 296.021352  -42.50846  -52.65598      0.281    1479.23      5.544      5.501    13.9097    13.6548    -0.2549    13.9089    13.6540    -0.2549   4.160800   4.158951  -0.001849    34.7721    34.9870     5.8841    26.0301    26.2493         20  0.000e+00
      66645 296.021352  -42.50846  -52.65598      0.283    1479.23      5.545      5.501    13.9081    13.6553    -0.2528    13.9073    13.6545    -0.2528   4.160748   4.158865  -0.001883    34.7731    34.9857     5.8847    26.0311    26.2482         20  0.000e+00
      66646 296.021353  -42.50846  -52.65598      0.288    1479.23      5.609      5.565    13.9078    13.6557    -0.2522    13.9070    13.6549    -0.2521   4.160695   4.158865  -0.001831    34.7728    34.9854     5.8848    26.0310    26.2479         20  0.000e+00
      66647 296.021353  -42.50846  -52.65598      0.288    1479.23      5.545      5.501    13.9077    13.6560    -0.2516    13.9069    13.6552    -0.2516   4.160682   4.158958  -0.001724    34.7729    34.9860     5.8889    26.0311    26.2483         20  0.000e+00
      66648 296.021354  -42.50846  -52.65598      0.289    1479.23      5.665      5.621    13.9077    13.6565    -0.2512    13.9069    13.6557    -0.2512   4.160702   4.158845  -0.001857    34.7730    34.9844     5.8894    26.0312    26.2470         20  0.000e+00
      66649 296.021354  -42.50846  -52.65598      0.286    1479.23      5.553      5.509    13.9080    13.6570    -0.2510    13.9072    13.6562    -0.2510   4.160708   4.158831  -0.001877    34.7728    34.9839     5.8856    26.0310    26.2464         20  0.000e+00
      66650 296.021355  -42.50846  -52.65598      0.293    1479.23      5.665      5.621    13.9081    13.6572    -0.2509    13.9073    13.6564    -0.2509   4.160676   4.158865  -0.001811    34.7723    34.9839     5.8901    26.0306    26.2465         20  0.000e+00
      66651 296.021355  -42.50846  -52.65598      0.294    1479.23      5.665      5.621    13.9081    13.6575    -0.2506    13.9073    13.6567    -0.2506   4.160702   4.158878  -0.001824    34.7726    34.9838     5.8905    26.0308    26.2463         20  0.000e+00
      66652 296.021356  -42.50846  -52.65598      0.296    1479.23      5.665      5.621    13.9080    13.6580    -0.2500    13.9072    13.6572    -0.2500   4.160689   4.158765  -0.001924    34.7726    34.9823     5.8909    26.0308    26.2450         20  0.000e+00
      66653 296.021356  -42.50846  -52.65598      0.298    1479.23      5.665      5.621    13.9080    13.6584    -0.2496    13.9072    13.6576    -0.2496   4.160669   4.158811  -0.001858    34.7724    34.9824     5.8913    26.0307    26.2450         20  0.000e+00
