Pos-Processados/process_op41/operantar41_022.cnv
* Sea-Bird SBE 9 Data File:
* FileName = C:\Users\Dell\Desktop\OperantarXLI\config\00_BRUTOS\OPE41022.hdr
* Software Version Seasave V 7.26.7.110
* Temperature SN = 6497
* Conductivity SN = 4954
* Number of Bytes Per Scan = 34
* Number of Voltage Words = 3
* Number of Scans Averaged by the Deck Unit = 1
* NMEA Latitude = 59 45.37 S
* NMEA Longitude = 062 03.38 W
* NMEA UTC (Time) = Nov 14 2022 23:10:24
* NMEA baud rate = 4800
** H41
** Navio Polar Almirante Maximiano
** LH-021/2022
** Operantar XLI
** Número da Estação 022
** Latitude 59 45.358'S
** Longitude 062 03.362'W
** Data/Hora (Z) 14/11/2022 23:11
** Profundidade local 4103 m
** 09-1439
** Nome do Operador CT Garla
# nquan = 30
# nvalues = 4519                        
# units = specified
# name 0 = scan: Scan Count
# name 1 = timeJ: Julian Days
# name 2 = latitude: Latitude [deg]
# name 3 = longitude: Longitude [deg]
# name 4 = dz/dtM: Descent Rate [m/s]
# name 5 = avgsvCM: Average Sound Velocity [Chen-Millero, m/s]
# name 6 = prDM: Pressure, Digiquartz [db]
# name 7 = depSM: Depth [salt water, m]
# name 8 = t090C: Temperature [ITS-90, deg C]
# name 9 = t190C: Temperature, 2 [ITS-90, deg C]
# name 10 = T2-T190C: Temperature Difference, 2 - 1 [ITS-90, deg C]
# name 11 = potemp090C: Potential Temperature [ITS-90, deg C]
# name 12 = potemp190C: Potential Temperature, 2 [ITS-90, deg C]
# name 13 = potemp90Cdiff: Potential Temperature, Diff, 2 - 1 [ITS-90, deg C]
# name 14 = c0S/m: Conductivity [S/m]
# name 15 = c1S/m: Conductivity, 2 [S/m]
# name 16 = C2-C1S/m: Conductivity Difference, 2 - 1 [S/m]
# name 17 = sal00: Salinity, Practical [PSU]
# name 18 = sal11: Salinity, Practical, 2 [PSU]
# name 19 = sbeox0ML/L: Oxygen, SBE 43 [ml/l]
# name 20 = sigma-é00: Density [sigma-theta, kg/m^3]
# name 21 = sigma-é11: Density, 2 [sigma-theta, kg/m^3]
# name 22 = sal00: Salinity, Practical [PSU]
# name 23 = sigma-é00: Density [sigma-theta, kg/m^3]
# name 24 = svCM: Sound Velocity [Chen-Millero, m/s]
# name 25 = svCM1: Sound Velocity, 2 [Chen-Millero, m/s]
# name 26 = gsw_ptA0: potential temperature [ITS-90, deg C]
# name 27 = gsw_densityA0: density, TEOS-10 [density, kg/m^3]
# name 28 = gsw_saA0: Absolute Salinity [g/kg]
# name 29 = flag:
# span 0 =       2526,     133319       
# span 1 = 318.966773, 319.029849       
# span 2 =  -59.76978,  -59.75652       
# span 3 =  -62.06556,  -62.05671       
# span 4 =     -1.888,      1.574       
# span 5 =      -0.01,    1474.45       
# span 6 =      0.000,   2260.000       
# span 7 =      0.000,   2226.719       
# span 8 =    -0.6128,     2.2187       
# span 9 =    -0.6126,     2.2184       
# span 10 =    -0.0207,     0.1637      
# span 11 =    -0.6163,     2.1985      
# span 12 =    -0.6161,     2.1982      
# span 13 =    -0.0207,     0.1635      
# span 14 =   2.765907,   3.095961      
# span 15 =   2.765957,   3.095949      
# span 16 =  -0.001706,   0.016465      
# span 17 =    33.7142,    34.7244      
# span 18 =    33.7145,    34.7241      
# span 19 =     3.7800,     8.0254      
# span 20 =    27.0360,    27.8242      
# span 21 =    27.0363,    27.8240      
# span 22 =    33.7144,    34.7243      
# span 23 =    27.0366,    27.8240      
# span 24 =    1446.46,    1490.84      
# span 25 =    1446.46,    1490.84      
# span 26 =    -0.6162,     2.1985      
# span 27 =  1027.0393,  1038.2720      
# span 28 =    33.8739,    34.8971      
# span 29 = 0.0000e+00, 0.0000e+00      
# interval = decibars: 1                
# start_time = Nov 14 2022 23:10:24 [NMEA time, header]
# bad_flag = -9.990e-29
*END*
[from data line 2176]
      55615 318.992376  -59.76176  -62.05982      1.169    1473.66   2178.000   2146.346     1.0487     1.0488     0.0000     0.9125     0.9126     0.0000   3.066078   3.066040  -0.000037    34.7151    34.7146     4.3618    27.8222    27.8218    34.7151    27.8222    1489.64    1489.64     0.9126  1037.8978    34.8870 0.0000e+00
      55633 318.992384  -59.76176  -62.05982      1.300    1473.66   2179.000   2147.326     1.0489     1.0489     0.0000     0.9126     0.9126     0.0000   3.066124   3.066084  -0.000043    34.7150    34.7145     4.3561    27.8221    27.8217    34.7151    27.8221    1489.66    1489.66     0.9127  1037.9023    34.8869 0.0000e+00
      55651 318.992393  -59.76176  -62.05982      1.355    1473.66   2180.000   2148.307     1.0485     1.0486     0.0001     0.9122     0.9123     0.0001   3.066129   3.066090  -0.000040    34.7150    34.7144     4.3535    27.8222    27.8217    34.7150    27.8222    1489.67    1489.67     0.9122  1037.9069    34.8869 0.0000e+00
      55670 318.992402  -59.76176  -62.05983      1.312    1473.66   2181.000   2149.287     1.0485     1.0486     0.0001     0.9121     0.9122     0.0001   3.066158   3.066119  -0.000039    34.7149    34.7142     4.3562    27.8220    27.8215    34.7149    27.8221    1489.69    1489.69     0.9122  1037.9113    34.8868 0.0000e+00
      55701 318.992417  -59.76176  -62.05984      0.958    1473.66   2182.000   2150.260     1.0485     1.0485     0.0001     0.9120     0.9121     0.0001   3.066188   3.066158  -0.000029    34.7148    34.7143     4.3577    27.8220    27.8216    34.7148    27.8220    1489.70    1489.70     0.9121  1037.9157    34.8867 0.0000e+00
      55771 318.992451  -59.76176  -62.05984      0.195    1473.66   2183.000   2151.259     1.0481     1.0481    -0.0000     0.9116     0.9116    -0.0000   3.066201   3.066167  -0.000033    34.7148    34.7144     4.3596    27.8220    27.8217    34.7148    27.8220    1489.72    1489.72     0.9117  1037.9203    34.8867 0.0000e+00
      55797 318.992463  -59.76177  -62.05984      0.732    1473.66   2184.000   2152.229     1.0480     1.0481     0.0001     0.9114     0.9115     0.0001   3.066236   3.066210  -0.000026    34.7149    34.7145     4.3563    27.8221    27.8217    34.7149    27.8221    1489.74    1489.74     0.9114  1037.9249    34.8868 0.0000e+00
      55818 318.992474  -59.76178  -62.05984      0.997    1473.66   2185.000   2153.209     1.0482     1.0482    -0.0000     0.9115     0.9115    -0.0000   3.066296   3.066265  -0.000031    34.7149    34.7145     4.3570    27.8221    27.8218    34.7149    27.8221    1489.75    1489.75     0.9116  1037.9294    34.8868 0.0000e+00
      55838 318.992483  -59.76178  -62.05985      1.137    1473.66   2186.000   2154.189     1.0482     1.0482     0.0000     0.9114     0.9114     0.0000   3.066340   3.066304  -0.000035    34.7150    34.7145     4.3594    27.8222    27.8218    34.7150    27.8222    1489.77    1489.77     0.9114  1037.9340    34.8869 0.0000e+00
      55858 318.992493  -59.76178  -62.05986      1.214    1473.66   2187.000   2155.170     1.0482     1.0483     0.0001     0.9113     0.9114     0.0001   3.066379   3.066350  -0.000032    34.7150    34.7145     4.3556    27.8222    27.8218    34.7150    27.8222    1489.79    1489.79     0.9114  1037.9385    34.8869 0.0000e+00
      55877 318.992502  -59.76178  -62.05986      1.225    1473.66   2188.000   2156.150     1.0481     1.0482     0.0000     0.9112     0.9113     0.0000   3.066408   3.066377  -0.000031    34.7149    34.7145     4.3532    27.8221    27.8218    34.7149    27.8221    1489.80    1489.80     0.9113  1037.9430    34.8868 0.0000e+00
      55899 318.992512  -59.76178  -62.05986      1.184    1473.66   2189.000   2157.131     1.0474     1.0475     0.0001     0.9104     0.9105     0.0001   3.066376   3.066351  -0.000027    34.7149    34.7144     4.3462    27.8222    27.8218    34.7149    27.8221    1489.82    1489.82     0.9104  1037.9475    34.8867 0.0000e+00
      55923 318.992524  -59.76178  -62.05986      1.076    1473.66   2190.000   2158.111     1.0468     1.0467    -0.0001     0.9097     0.9096    -0.0001   3.066357   3.066327  -0.000028    34.7148    34.7145     4.3559    27.8222    27.8219    34.7148    27.8221    1489.83    1489.83     0.9098  1037.9521    34.8867 0.0000e+00
      55953 318.992539  -59.76178  -62.05986      0.867    1473.66   2191.000   2159.091     1.0466     1.0464    -0.0002     0.9094     0.9092    -0.0002   3.066366   3.066331  -0.000034    34.7146    34.7144     4.3629    27.8220    27.8218    34.7146    27.8220    1489.85    1489.85     0.9095  1037.9565    34.8865 0.0000e+00
      55992 318.992557  -59.76178  -62.05986      0.622    1473.66   2192.000   2160.072     1.0470     1.0469    -0.0001     0.9098     0.9096    -0.0001   3.066446   3.066412  -0.000036    34.7146    34.7143     4.3569    27.8220    27.8218    34.7147    27.8220    1489.87    1489.87     0.9098  1037.9610    34.8865 0.0000e+00
      56025 318.992573  -59.76180  -62.05986      0.671    1473.66   2193.000   2161.052     1.0466     1.0467     0.0002     0.9092     0.9094     0.0002   3.066459   3.066445  -0.000017    34.7148    34.7144     4.3626    27.8222    27.8218    34.7148    27.8221    1489.88    1489.88     0.9093  1037.9656    34.8866 0.0000e+00
      56048 318.992584  -59.76180  -62.05988      0.896    1473.66   2194.000   2162.033     1.0465     1.0464    -0.0000     0.9091     0.9090    -0.0000   3.066494   3.066461  -0.000029    34.7148    34.7145     4.3573    27.8222    27.8219    34.7148    27.8222    1489.90    1489.90     0.9091  1037.9702    34.8867 0.0000e+00
      56068 318.992594  -59.76180  -62.05988      1.099    1473.66   2195.000   2163.013     1.0464     1.0464    -0.0000     0.9089     0.9089    -0.0000   3.066531   3.066501  -0.000031    34.7148    34.7145     4.3635    27.8222    27.8220    34.7148    27.8222    1489.92    1489.91     0.9090  1037.9748    34.8867 0.0000e+00
      56088 318.992604  -59.76180  -62.05988      1.206    1473.66   2196.000   2163.993     1.0463     1.0463     0.0000     0.9087     0.9087     0.0000   3.066558   3.066530  -0.000030    34.7149    34.7145     4.3591    27.8223    27.8220    34.7148    27.8222    1489.93    1489.93     0.9088  1037.9793    34.8867 0.0000e+00
      56108 318.992613  -59.76180  -62.05988      1.212    1473.66   2197.000   2164.974     1.0451     1.0452     0.0001     0.9075     0.9076     0.0001   3.066490   3.066465  -0.000025    34.7149    34.7144     4.3582    27.8223    27.8219    34.7147    27.8222    1489.94    1489.94     0.9075  1037.9839    34.8866 0.0000e+00
      56136 318.992627  -59.76180  -62.05988      1.009    1473.66   2198.000   2165.952     1.0445     1.0445     0.0000     0.9068     0.9069     0.0000   3.066472   3.066443  -0.000028    34.7147    34.7143     4.3594    27.8223    27.8220    34.7146    27.8222    1489.96    1489.96     0.9069  1037.9884    34.8865 0.0000e+00
      56191 318.992653  -59.76181  -62.05988      0.340    1473.66   2199.000   2166.938     1.0444     1.0443    -0.0001     0.9066     0.9066    -0.0001   3.066501   3.066466  -0.000036    34.7147    34.7143     4.3560    27.8222    27.8220    34.7146    27.8222    1489.97    1489.97     0.9067  1037.9929    34.8865 0.0000e+00
      56222 318.992668  -59.76182  -62.05988      0.653    1473.66   2200.000   2167.915     1.0447     1.0447    -0.0001     0.9069     0.9068    -0.0001   3.066581   3.066549  -0.000032    34.7147    34.7144     4.3617    27.8223    27.8220    34.7148    27.8223    1489.99    1489.99     0.9069  1037.9975    34.8867 0.0000e+00
      56241 318.992678  -59.76182  -62.05988      1.017    1473.66   2201.000   2168.895     1.0448     1.0450     0.0001     0.9069     0.9071     0.0002   3.066634   3.066609  -0.000025    34.7148    34.7143     4.3625    27.8223    27.8219    34.7148    27.8223    1490.01    1490.01     0.9070  1038.0021    34.8867 0.0000e+00
      56259 318.992686  -59.76180  -62.05990      1.235    1473.66   2202.000   2169.876     1.0449     1.0451     0.0002     0.9069     0.9071     0.0002   3.066684   3.066661  -0.000025    34.7149    34.7143     4.3514    27.8224    27.8219    34.7148    27.8224    1490.03    1490.03     0.9070  1038.0066    34.8867 0.0000e+00
      56279 318.992696  -59.76180  -62.05990      1.292    1473.66   2203.000   2170.856     1.0447     1.0448     0.0002     0.9066     0.9067     0.0002   3.066684   3.066655  -0.000027    34.7147    34.7141     4.3503    27.8222    27.8218    34.7147    27.8222    1490.04    1490.04     0.9066  1038.0110    34.8866 0.0000e+00
      56299 318.992706  -59.76180  -62.05991      1.207    1473.66   2204.000   2171.836     1.0444     1.0447     0.0003     0.9062     0.9065     0.0003   3.066700   3.066671  -0.000029    34.7147    34.7140     4.3617    27.8223    27.8217    34.7147    27.8223    1490.06    1490.06     0.9063  1038.0156    34.8866 0.0000e+00
      56320 318.992716  -59.76181  -62.05991      1.171    1473.66   2205.000   2172.816     1.0443     1.0444     0.0001     0.9061     0.9062     0.0001   3.066729   3.066701  -0.000030    34.7146    34.7142     4.3569    27.8222    27.8219    34.7146    27.8222    1490.07    1490.07     0.9061  1038.0200    34.8865 0.0000e+00
      56352 318.992731  -59.76182  -62.05990      0.881    1473.66   2206.000   2173.797     1.0444     1.0443    -0.0001     0.9061     0.9060    -0.0001   3.066774   3.066746  -0.000026    34.7146    34.7144     4.3583    27.8222    27.8220    34.7146    27.8222    1490.09    1490.09     0.9061  1038.0249    34.8870 0.0000e+00
      56388 318.992749  -59.76182 -9.990e-29      0.654    1473.66   2207.000   2174.777     1.0443     1.0443    -0.0001     0.9059     0.9059    -0.0001   3.066806   3.066775  -0.000033    34.7146    34.7143     4.3595    27.8222    27.8220    34.7146    27.8222    1490.11    1490.11     0.9060  1038.0298    34.8875 0.0000e+00
      56423 318.992765  -59.76183 -9.990e-29      0.694    1473.66   2208.000   2175.758     1.0432     1.0432    -0.0000     0.9048     0.9047    -0.0000   3.066753   3.066720  -0.000034    34.7146    34.7142     4.3629    27.8223    27.8220    34.7146    27.8223    1490.12    1490.12     0.9049  1038.0345    34.8875 0.0000e+00
      56461 318.992783  -59.76184  -62.05992      0.626    1473.94   2209.000   2176.738     1.0415     1.0411    -0.0004     0.9030     0.9025    -0.0004   3.066624   3.066559  -0.000062    34.7146    34.7143     4.3565    27.8224    27.8222    34.7144    27.8222    1490.13    1490.13     0.9030  1038.0385    34.8865 0.0000e+00
      56488 318.992797  -59.76183  -62.05992      0.772    1474.04   2210.000   2177.718     1.0400     1.0400     0.0000     0.9015     0.9015     0.0000   3.066564   3.066536  -0.000030    34.7147    34.7143     4.3521    27.8226    27.8223    34.7147    27.8226    1490.14    1490.14     0.9015  1038.0432    34.8866 0.0000e+00
      56509 318.992807  -59.76182  -62.05992      1.010    1474.04   2211.000   2178.698     1.0402     1.0402     0.0001     0.9015     0.9016     0.0001   3.066606   3.066586  -0.000023    34.7147    34.7144     4.3613    27.8226    27.8223    34.7146    27.8225    1490.16    1490.16     0.9016  1038.0476    34.8865 0.0000e+00
      56529 318.992816  -59.76182  -62.05992      1.150    1474.04   2212.000   2179.679     1.0394     1.0395     0.0000     0.9007     0.9008     0.0000   3.066578   3.066562  -0.000016    34.7146    34.7144     4.3607    27.8226    27.8224    34.7145    27.8225    1490.17    1490.17     0.9007  1038.0522    34.8865 0.0000e+00
      56549 318.992826  -59.76182  -62.05990      1.207    1474.04   2213.000   2180.659     1.0393     1.0394     0.0001     0.9005     0.9006     0.0001   3.066615   3.066598  -0.000015    34.7147    34.7144     4.3602    27.8226    27.8224    34.7146    27.8226    1490.19    1490.19     0.9006  1038.0545    34.8836 0.0000e+00
      56569 318.992836 -9.990e-29  -62.05990      1.199    1474.04   2214.000   2181.639     1.0393     1.0393     0.0000     0.9005     0.9005     0.0000   3.066650   3.066633  -0.000021    34.7146    34.7144     4.3550    27.8226    27.8224    34.7145    27.8225    1490.20    1490.20     0.9005  1038.0548    34.8783 0.0000e+00
      56593 318.992847 -9.990e-29  -62.05991      1.102    1474.04   2215.000   2182.619     1.0390     1.0388    -0.0001     0.9000     0.8999    -0.0001   3.066644   3.066608  -0.000037    34.7145    34.7141     4.3613    27.8225    27.8222    34.7144    27.8224    1490.22    1490.22     0.9001  1038.0593    34.8781 0.0000e+00
      56634 318.992867  -59.76184  -62.05993      0.671    1474.04   2216.000   2183.597     1.0383     1.0383     0.0000     0.8993     0.8993     0.0000   3.066624   3.066600  -0.000022    34.7144    34.7141     4.3608    27.8225    27.8223    34.7143    27.8224    1490.23    1490.23     0.8994  1038.0652    34.8798 0.0000e+00
      56696 318.992897  -59.76185  -62.05993      0.331    1474.04   2217.000   2184.582     1.0368     1.0371     0.0004     0.8977     0.8980     0.0003   3.066520   3.066529   0.000006    34.7144    34.7141     4.3631    27.8226    27.8223    34.7142    27.8224    1490.24    1490.24     0.8978  1038.0754    34.8867 0.0000e+00
      56726 318.992911  -59.76186  -62.05992      0.662    1474.04   2218.000   2185.561     1.0351     1.0354     0.0002     0.8960     0.8962     0.0002   3.066449   3.066433  -0.000017    34.7147    34.7142     4.3637    27.8229    27.8226    34.7146    27.8229    1490.25    1490.25     0.8960  1038.0799    34.8865 0.0000e+00
      56746 318.992921  -59.76186  -62.05992      1.002    1474.04   2219.000   2186.541     1.0342     1.0345     0.0002     0.8950     0.8953     0.0002   3.066386   3.066367  -0.000019    34.7146    34.7141     4.3628    27.8229    27.8225    34.7142    27.8226    1490.27    1490.27     0.8951  1038.0844    34.8864 0.0000e+00
      56764 318.992930  -59.76186 -9.990e-29      1.215    1474.04   2220.000   2187.521     1.0328     1.0329     0.0001     0.8935     0.8936     0.0001   3.066308   3.066290  -0.000017    34.7145    34.7141     4.3616    27.8230    27.8227    34.7144    27.8229    1490.28    1490.28     0.8936  1038.0899    34.8873 0.0000e+00
      56783 318.992939  -59.76186 -9.990e-29      1.286    1474.04   2221.000   2188.501     1.0313     1.0314     0.0001     0.8920     0.8921     0.0001   3.066182   3.066155  -0.000028    34.7144    34.7139     4.3610    27.8229    27.8226    34.7139    27.8225    1490.29    1490.29     0.8921  1038.0941    34.8868 0.0000e+00
      56803 318.992949  -59.76186 -9.990e-29      1.244    1474.04   2222.000   2189.474     1.0289     1.0293     0.0004     0.8895     0.8899     0.0004   3.066019   3.066009  -0.000014    34.7144    34.7137     4.3625    27.8231    27.8225    34.7140    27.8228    1490.29    1490.29     0.8896  1038.0991    34.8869 0.0000e+00
      56826 318.992960  -59.76186 -9.990e-29      1.119    1474.04   2223.000   2190.488     1.0274     1.0276     0.0001     0.8880     0.8882     0.0001   3.065932   3.065900  -0.000027    34.7142    34.7137     4.3583    27.8231    27.8227    34.7139    27.8228    1490.30    1490.30     0.8881  1038.1037    34.8868 0.0000e+00
      56841 318.992967  -59.76186 -9.990e-29      1.183    1474.04   2224.000   2191.435     1.0272     1.0270    -0.0002     0.8877     0.8876    -0.0002   3.065944   3.065915  -0.000026    34.7140    34.7139     4.3579    27.8230    27.8228    34.7138    27.8228    1490.32    1490.32     0.8878  1038.1082    34.8867 0.0000e+00
