Pos-Processados/process_op41/operantar41_013LR.cnv
* Sea-Bird SBE 9 Data File:
* FileName = C:\Users\Dell\Desktop\OperantarXLI\config\00_BRUTOS\OPE41013LR.hdr
* Software Version Seasave V 7.26.7.110
* Temperature SN = 6497
* Conductivity SN = 4954
* Number of Bytes Per Scan = 31
* Number of Voltage Words = 2
* Number of Scans Averaged by the Deck Unit = 1
* NMEA Latitude = 44 24.07 S
* NMEA Longitude = 051 46.92 W
* NMEA UTC (Time) = Oct 23 2022 21:56:09
* NMEA baud rate = 4800
** H41
** Navio Polar Almirante Maximiano
** LH-021/2022
** Operantar XLI
** Número da Estação 013LR
** Latitude 44 24.027' S
** Longitude 051 47.160' W
** Data/Hora (Z) 23/10/2022 2152Z
** Profundidade local 5823 m
** 09-1439
** Nome do Operador CT Garla
# nquan = 30
# nvalues = 4091                        
# units = specified
# name 0 = scan: Scan Count
# name 1 = timeJ: Julian Days
# name 2 = latitude: Latitude [deg]
# name 3 = longitude: Longitude [deg]
# name 4 = dz/dtM: Descent Rate [m/s]
# name 5 = avgsvCM: Average Sound Velocity [Chen-Millero, m/s]
# name 6 = prDM: Pressure, Digiquartz [db]
# name 7 = depSM: Depth [salt water, m]
# name 8 = t090C: Temperature [ITS-90, deg C]
# name 9 = t190C: Temperature, 2 [ITS-90, deg C]
# name 10 = T2-T190C: Temperature Difference, 2 - 1 [ITS-90, deg C]
# name 11 = potemp090C: Potential Temperature [ITS-90, deg C]
# name 12 = potemp190C: Potential Temperature, 2 [ITS-90, deg C]
# name 13 = potemp90Cdiff: Potential Temperature, Diff, 2 - 1 [ITS-90, deg C]
# name 14 = c0S/m: Conductivity [S/m]
# name 15 = c1S/m: Conductivity, 2 [S/m]
# name 16 = C2-C1S/m: Conductivity Difference, 2 - 1 [S/m]
# name 17 = sal00: Salinity, Practical [PSU]
# name 18 = sal11: Salinity, Practical, 2 [PSU]
# name 19 = sbeox0ML/L: Oxygen, SBE 43 [ml/l]
# name 20 = sigma-é00: Density [sigma-theta, kg/m^3]
# name 21 = sigma-é11: Density, 2 [sigma-theta, kg/m^3]
# name 22 = sal00: Salinity, Practical [PSU]
# name 23 = sigma-é00: Density [sigma-theta, kg/m^3]
# name 24 = svCM: Sound Velocity [Chen-Millero, m/s]
# name 25 = svCM1: Sound Velocity, 2 [Chen-Millero, m/s]
# name 26 = gsw_ptA0: potential temperature [ITS-90, deg C]
# name 27 = gsw_densityA0: density, TEOS-10 [density, kg/m^3]
# name 28 = gsw_saA0: Absolute Salinity [g/kg]
# name 29 = flag:
# span 0 =        502,     123172       
# span 1 = 296.914235, 296.973393       
# span 2 =  -44.41926,  -44.40136       
# span 3 =  -51.78181,  -51.71055       
# span 4 =     -1.753,      1.454       
# span 5 =       0.00,    1504.64       
# span 6 =      6.000,   2051.000       
# span 7 =      5.954,   2024.521       
# span 8 =     2.7196,    14.4231       
# span 9 =     2.7203,    14.4230       
# span 10 =    -0.0927,     0.1018      
# span 11 =     2.6136,    14.4079      
# span 12 =     2.6143,    14.4079      
# span 13 =    -0.0926,     0.1015      
# span 14 =   3.159740,   4.291672      
# span 15 =   3.159754,   4.291634      
# span 16 =  -0.052748,   0.009689      
# span 17 =    34.1278,    35.4773      
# span 18 =    34.0855,    35.4770      
# span 19 =     3.8349,     6.3012      
# span 20 =    25.7496,    27.7268      
# span 21 =    25.4955,    27.7277      
# span 22 =    34.1246,    35.4802      
# span 23 =    25.7602,    27.7292      
# span 24 =    1476.09,    1507.12      
# span 25 =    1476.09,    1507.12      
# span 26 =     2.6134,    14.4079      
# span 27 =  1025.7911,  1037.1200      
# span 28 =    34.2869,    35.6479      
# span 29 = 0.0000e+00, 0.0000e+00      
# interval = decibars: 1                
# start_time = Oct 23 2022 21:56:09 [NMEA time, header]
# bad_flag = -9.990e-29
*END*
[from data line 629]
      20567 296.923911  -44.40390  -51.76915      1.378    1486.97    635.000    628.916     4.2831     4.2851     0.0020     4.2358     4.2377     0.0020   3.238194   3.238455   0.000259    34.1656    34.1665     5.6603    27.0978    27.0984    34.1625    27.0954    1477.14    1477.15     4.2356  1030.0290    34.3254 0.0000e+00
      20584 296.923919  -44.40391  -51.76913      1.426    1486.97    636.000    629.905     4.2820     4.2828     0.0007     4.2346     4.2354     0.0007   3.238139   3.238224   0.000082    34.1648    34.1650     5.6710    27.0973    27.0974    34.1625    27.0955    1477.15    1477.15     4.2345  1030.0337    34.3253 0.0000e+00
      20602 296.923928  -44.40392  -51.76912      1.415    1486.97    637.000    630.894     4.2888     4.2868    -0.0020     4.2413     4.2393    -0.0020   3.239059   3.238899  -0.000117    34.1652    34.1659     5.6950    27.0969    27.0977    34.1657    27.0974    1477.20    1477.19     4.2411  1030.0400    34.3286 0.0000e+00
      20645 296.923949  -44.40393  -51.76908      0.751    1486.97    638.000    631.880     4.3176     4.3103    -0.0073     4.2699     4.2626    -0.0073   3.241925   3.241139  -0.000727    34.1689    34.1680     5.7421    27.0969    27.0969    34.1690    27.0970    1477.34    1477.31     4.2698  1030.0437    34.3319 0.0000e+00
      20719 296.923984  -44.40394  -51.76902      0.300    1486.97    639.000    632.880     4.3299     4.3244    -0.0056     4.2821     4.2765    -0.0055   3.243268   3.242807  -0.000520    34.1709    34.1705     5.7202    27.0972    27.0974    34.1716    27.0977    1477.41    1477.39     4.2819  1030.0488    34.3345 0.0000e+00
      20748 296.923998  -44.40394  -51.76900      0.698    1486.97    640.000    633.860     4.3421     4.3415    -0.0007     4.2941     4.2934    -0.0007   3.244472   3.244560   0.000081    34.1714    34.1730     5.7174    27.0963    27.0977    34.1726    27.0972    1477.48    1477.48     4.2940  1030.0527    34.3355 0.0000e+00
      20771 296.924009  -44.40394  -51.76898      0.948    1486.38    641.000    634.849     4.3618     4.3595    -0.0023     4.3136     4.3113    -0.0023   3.246584   3.246640   0.000023    34.1739    34.1766     5.7195    27.0962    27.0985    34.1764    27.0982    1477.58    1477.58     4.3135  1030.0580    34.3394 0.0000e+00
      20794 296.924020  -44.40394  -51.76898      1.058    1486.25    642.000    635.838     4.3506     4.3547     0.0041     4.3023     4.3064     0.0041   3.245413   3.245843   0.000416    34.1753    34.1760     5.7165    27.0985    27.0986    34.1738    27.0973    1477.55    1477.57     4.3022  1030.0619    34.3368 0.0000e+00
      20822 296.924034  -44.40394  -51.76895      0.934    1486.25    643.000    636.827     4.3390     4.3404     0.0014     4.2907     4.2921     0.0014   3.244541   3.244655   0.000113    34.1753    34.1752     5.6962    27.0997    27.0995    34.1751    27.0996    1477.52    1477.53     4.2906  1030.0689    34.3381 0.0000e+00
      20854 296.924050  -44.40395  -51.76893      0.743    1486.25    644.000    637.816     4.3284     4.3329     0.0045     4.2801     4.2846     0.0045   3.243477   3.243855   0.000329    34.1750    34.1742     5.6614    27.1006    27.0995    34.1731    27.0991    1477.49    1477.51     4.2800  1030.0732    34.3360 0.0000e+00
      20885 296.924064  -44.40396  -51.76890      0.771    1486.25    645.000    638.805     4.2981     4.3056     0.0074     4.2499     4.2573     0.0074   3.240645   3.241248   0.000569    34.1735    34.1725     5.6566    27.1026    27.1011    34.1706    27.1003    1477.38    1477.41     4.2498  1030.0795    34.3335 0.0000e+00
      20919 296.924081  -44.40396  -51.76889      0.741    1486.25    646.000    639.794     4.2707     4.2840     0.0133     4.2226     4.2358     0.0132   3.237967   3.239239   0.001213    34.1698    34.1704     5.6653    27.1026    27.1016    34.1670    27.1003    1477.28    1477.33     4.2224  1030.0846    34.3299 0.0000e+00
      20958 296.924100  -44.40398  -51.76886      0.602    1486.25    647.000    640.782     4.2601     4.2692     0.0092     4.2119     4.2210     0.0091   3.237030   3.237834   0.000855    34.1680    34.1686     5.6868    27.1023    27.1018    34.1665    27.1011    1477.25    1477.29     4.2117  1030.0901    34.3294 0.0000e+00
      20990 296.924115  -44.40398  -51.76883      0.696    1486.25    648.000    641.772     4.2750     4.2743    -0.0008     4.2267     4.2259    -0.0008   3.238679   3.238564  -0.000090    34.1695    34.1693     5.7105    27.1019    27.1018    34.1699    27.1022    1477.33    1477.33     4.2266  1030.0955    34.3328 0.0000e+00
      21014 296.924127  -44.40398  -51.76881      0.890    1486.25    649.000    642.760     4.2792     4.2793     0.0001     4.2308     4.2309     0.0001   3.239179   3.239067  -0.000111    34.1715    34.1701     5.7312    27.1031    27.1019    34.1709    27.1026    1477.37    1477.36     4.2306  1030.1004    34.3339 0.0000e+00
      21035 296.924137  -44.40398  -51.76880      1.062    1486.25    650.000    643.749     4.2910     4.2880    -0.0030     4.2424     4.2394    -0.0030   3.240650   3.240365  -0.000249    34.1730    34.1731     5.7279    27.1030    27.1035    34.1755    27.1050    1477.44    1477.42     4.2423  1030.1072    34.3385 0.0000e+00
      21057 296.924147  -44.40398  -51.76878      1.133    1486.25    651.000    644.738     4.3068     4.3061    -0.0007     4.2581     4.2574    -0.0007   3.242170   3.242178  -0.000007    34.1760    34.1767     5.7170    27.1038    27.1044    34.1764    27.1041    1477.52    1477.52     4.2580  1030.1106    34.3394 0.0000e+00
      21103 296.924170  -44.40399  -51.76875      0.605    1486.25    652.000    645.727     4.3049     4.3006    -0.0043     4.2561     4.2518    -0.0043   3.242028   3.241548  -0.000458    34.1762    34.1752     5.6824    27.1041    27.1038    34.1762    27.1042    1477.53    1477.51     4.2560  1030.1153    34.3393 0.0000e+00
      21159 296.924197  -44.40400  -51.76871      0.425    1486.25    653.000    646.716     4.3052     4.3047    -0.0005     4.2563     4.2558    -0.0005   3.242196   3.242151  -0.000041    34.1770    34.1770     5.6290    27.1047    27.1048    34.1774    27.1050    1477.55    1477.55     4.2562  1030.1208    34.3404 0.0000e+00
      21187 296.924210  -44.40400  -51.76869      0.761    1486.25    654.000    647.704     4.3157     4.3147    -0.0010     4.2667     4.2657    -0.0010   3.243284   3.243300   0.000005    34.1774    34.1786     5.6235    27.1040    27.1050    34.1787    27.1050    1477.61    1477.61     4.2666  1030.1251    34.3418 0.0000e+00
      21211 296.924222  -44.40400  -51.76867      0.937    1486.25    655.000    648.693     4.3165     4.3182     0.0017     4.2674     4.2691     0.0017   3.243239   3.243543   0.000263    34.1776    34.1789     5.6318    27.1040    27.1049    34.1769    27.1035    1477.63    1477.64     4.2673  1030.1282    34.3399 0.0000e+00
      21238 296.924235  -44.40400  -51.76866      0.952    1486.25    656.000    649.682     4.2940     4.2999     0.0058     4.2450     4.2508     0.0058   3.241354   3.241771   0.000438    34.1786    34.1778     5.6364    27.1072    27.1059    34.1775    27.1063    1477.55    1477.57     4.2448  1030.1360    34.3405 0.0000e+00
      21268 296.924249  -44.40402  -51.76864      0.823    1486.25    657.000    650.671     4.2891     4.2906     0.0015     4.2400     4.2415     0.0015   3.241037   3.241016  -0.000010    34.1789    34.1772     5.6212    27.1079    27.1064    34.1783    27.1075    1477.55    1477.55     4.2399  1030.1419    34.3414 0.0000e+00
      21297 296.924263  -44.40402  -51.76862      0.801    1486.25    658.000    651.660     4.2928     4.2914    -0.0014     4.2436     4.2422    -0.0014   3.241430   3.241218  -0.000211    34.1785    34.1775     5.6184    27.1073    27.1066    34.1786    27.1074    1477.58    1477.57     4.2434  1030.1462    34.3417 0.0000e+00
      21324 296.924276  -44.40402  -51.76860      0.865    1486.25    659.000    652.648     4.2888     4.2904     0.0016     4.2395     4.2411     0.0016   3.240974   3.241062   0.000071    34.1784    34.1775     5.6349    27.1076    27.1067    34.1769    27.1065    1477.58    1477.58     4.2394  1030.1500    34.3400 0.0000e+00
      21351 296.924289  -44.40402  -51.76857      0.908    1486.25    660.000    653.637     4.2807     4.2816     0.0009     4.2314     4.2323     0.0009   3.240417   3.240399  -0.000006    34.1785    34.1775     5.6404    27.1086    27.1077    34.1782    27.1083    1477.56    1477.56     4.2313  1030.1565    34.3413 0.0000e+00
      21380 296.924303  -44.40402  -51.76855      0.855    1486.25    661.000    654.626     4.2903     4.2869    -0.0033     4.2408     4.2375    -0.0033   3.241439   3.241074  -0.000351    34.1791    34.1784     5.6298    27.1081    27.1079    34.1798    27.1086    1477.62    1477.61     4.2407  1030.1613    34.3429 0.0000e+00
      21415 296.924320  -44.40402  -51.76852      0.709    1486.25    662.000    655.615     4.2933     4.2939     0.0006     4.2438     4.2444     0.0006   3.241758   3.241786   0.000017    34.1802    34.1797     5.6212    27.1086    27.1082    34.1799    27.1084    1477.65    1477.65     4.2436  1030.1656    34.3430 0.0000e+00
      21449 296.924336  -44.40404  -51.76850      0.693    1486.25    663.000    656.604     4.2971     4.2952    -0.0020     4.2475     4.2455    -0.0020   3.242306   3.242133  -0.000157    34.1810    34.1812     5.6076    27.1088    27.1092    34.1819    27.1095    1477.68    1477.68     4.2474  1030.1712    34.3449 0.0000e+00
      21479 296.924351  -44.40404  -51.76849      0.781    1486.25    664.000    657.592     4.3104     4.3064    -0.0039     4.2606     4.2567    -0.0039   3.243704   3.243407  -0.000269    34.1824    34.1834     5.5880    27.1086    27.1097    34.1841    27.1099    1477.76    1477.74     4.2604  1030.1759    34.3472 0.0000e+00
      21510 296.924366  -44.40404  -51.76846      0.784    1486.25    665.000    658.581     4.3273     4.3158    -0.0115     4.2773     4.2659    -0.0114   3.245450   3.244374  -0.000962    34.1843    34.1849     5.5800    27.1083    27.1100    34.1866    27.1101    1477.85    1477.80     4.2772  1030.1804    34.3497 0.0000e+00
      21551 296.924385  -44.40405  -51.76843      0.604    1486.25    666.000    659.570     4.3476     4.3343    -0.0133     4.2974     4.2842    -0.0132   3.247734   3.246383  -0.001409    34.1902    34.1874     5.5723    27.1108    27.1100    34.1918    27.1122    1477.96    1477.90     4.2973  1030.1867    34.3550 0.0000e+00
      21588 296.924403  -44.40406  -51.76841      0.620    1486.25    667.000    660.559     4.3495     4.3486    -0.0009     4.2992     4.2984    -0.0008   3.247997   3.248016  -0.000035    34.1915    34.1920     5.5363    27.1117    27.1122    34.1925    27.1125    1477.98    1477.98     4.2991  1030.1916    34.3556 0.0000e+00
      21614 296.924416  -44.40407  -51.76839      0.813    1486.25    668.000    661.547     4.3498     4.3507     0.0010     4.2994     4.3004     0.0010   3.247962   3.248228   0.000271    34.1900    34.1921     5.5093    27.1105    27.1121    34.1913    27.1115    1478.00    1478.00     4.2993  1030.1951    34.3544 0.0000e+00
      21636 296.924427  -44.40408  -51.76838      1.000    1486.25    669.000    662.536     4.3536     4.3535    -0.0001     4.3032     4.3030    -0.0001   3.248594   3.248662   0.000072    34.1924    34.1933     5.4931    27.1120    27.1128    34.1942    27.1134    1478.03    1478.03     4.3031  1030.2016    34.3573 0.0000e+00
      21657 296.924437  -44.40408  -51.76838      1.119    1486.25    670.000    663.525     4.3659     4.3640    -0.0019     4.3153     4.3134    -0.0019   3.250008   3.249888  -0.000107    34.1949    34.1956     5.4849    27.1127    27.1135    34.1976    27.1148    1478.11    1478.10     4.3151  1030.2073    34.3607 0.0000e+00
      21679 296.924447  -44.40408  -51.76836      1.124    1486.25    671.000    664.514     4.3765     4.3748    -0.0017     4.3258     4.3241    -0.0017   3.251095   3.251014  -0.000107    34.1970    34.1975     5.4766    27.1132    27.1138    34.1988    27.1146    1478.17    1478.16     4.3257  1030.2115    34.3620 0.0000e+00
      21708 296.924461  -44.40408  -51.76833      0.938    1486.25    672.000    665.502     4.3761     4.3732    -0.0029     4.3253     4.3225    -0.0028   3.251033   3.250758  -0.000218    34.1968    34.1971     5.4772    27.1131    27.1137    34.1980    27.1141    1478.18    1478.17     4.3251  1030.2156    34.3612 0.0000e+00
      21749 296.924481  -44.40408  -51.76830      0.601    1486.25    673.000    666.491     4.3797     4.3740    -0.0056     4.3288     4.3232    -0.0056   3.251550   3.251033  -0.000535    34.1985    34.1980     5.4611    27.1141    27.1144    34.1998    27.1152    1478.22    1478.19     4.3286  1030.2212    34.3630 0.0000e+00
      21790 296.924501  -44.40408  -51.76827      0.573    1486.25    674.000    667.480     4.3810     4.3807    -0.0004     4.3301     4.3297    -0.0004   3.251812   3.251791  -0.000055    34.2004    34.2002     5.4585    27.1155    27.1154    34.2010    27.1159    1478.24    1478.24     4.3299  1030.2265    34.3642 0.0000e+00
      21824 296.924517  -44.40410  -51.76824      0.673    1486.25    675.000    668.468     4.3778     4.3778     0.0000     4.3267     4.3268     0.0000   3.251616   3.251627   0.000007    34.2007    34.2008     5.4422    27.1161    27.1162    34.2015    27.1167    1478.24    1478.24     4.3266  1030.2319    34.3647 0.0000e+00
      21852 296.924530  -44.40410  -51.76824      0.819    1486.25    676.000    669.457     4.3782     4.3786     0.0005     4.3270     4.3275     0.0005   3.251716   3.251790   0.000060    34.2014    34.2016     5.4359    27.1166    27.1167    34.2018    27.1169    1478.26    1478.26     4.3269  1030.2367    34.3650 0.0000e+00
      21874 296.924541  -44.40410  -51.76822      0.971    1486.25    677.000    670.446     4.3759     4.3764     0.0005     4.3247     4.3252     0.0005   3.251585   3.251651   0.000058    34.2019    34.2020     5.4358    27.1172    27.1173    34.2021    27.1174    1478.27    1478.27     4.3245  1030.2418    34.3653 0.0000e+00
      21896 296.924552  -44.40410  -51.76820      1.079    1486.25    678.000    671.435     4.3711     4.3729     0.0018     4.3198     4.3217     0.0018   3.251080   3.251295   0.000167    34.2017    34.2018     5.4360    27.1177    27.1175    34.2006    27.1168    1478.26    1478.27     4.3197  1030.2473    34.3657 0.0000e+00
      21923 296.924565 -9.990e-29  -51.76818      1.003    1486.25    679.000    672.423     4.3409     4.3527     0.0117     4.2898     4.3015     0.0117   3.248386   3.249493   0.000956    34.2021    34.2012     5.4300    27.1211    27.1192    34.1997    27.1192    1478.15    1478.20     4.2896  1030.2551    34.3652 0.0000e+00
      21967 296.924586  -44.40412  -51.76815      0.540    1486.25    680.000    673.412     4.3089     4.3281     0.0192     4.2578     4.2769     0.0191   3.245271   3.246888   0.001691    34.1983    34.1983     5.4231    27.1216    27.1195    34.1958    27.1196    1478.03    1478.11     4.2577  1030.2606    34.3612 0.0000e+00
      22005 296.924605  -44.40412  -51.76813      0.599    1486.25    681.000    674.401     4.2987     4.2991     0.0005     4.2475     4.2480     0.0005   3.244411   3.244334  -0.000050    34.1974    34.1963     5.4397    27.1219    27.1210    34.1958    27.1206    1478.01    1478.01     4.2474  1030.2646    34.3590 0.0000e+00
