Pos-Processados/process_op41/operantar41_010.ros
* Sea-Bird SBE 9 Data File:
* FileName = C:\Users\Dell\Desktop\OperantarXLI\config\00_BRUTOS\OPE41010.hdr
* Software Version Seasave V 7.26.7.110
* Temperature SN = 6497
* Conductivity SN = 4954
* Number of Bytes Per Scan = 31
* Number of Voltage Words = 2
* Number of Scans Averaged by the Deck Unit = 1
* NMEA Latitude = 43 21.18 S
* NMEA Longitude = 052 01.61 W
* NMEA UTC (Time) = Oct 23 2022 09:44:46
* NMEA baud rate = 4800
** H41
** Navio Polar Almirante Maximiano
** LH-021/2022
** Operantar XLI
** Número da Estação 010
** Latitude 43 21.101' S
** Longitude 52 01.366' W
** Data/Hora (Z) 23/10/2022 0903Z
** Profundidade local 5718 m
** 09-1439
** Nome do Operador CT Garla
# nquan = 24
# nvalues = 1533                                  
# units = specified
# name 0 = scan: Scan Count
# name 1 = timeJ: Julian Days
# name 2 = latitude: Latitude [deg]
# name 3 = longitude: Longitude [deg]
# name 4 = dz/dtM: Descent Rate [m/s]
# name 5 = avgsvCM: Average Sound Velocity [Chen-Millero, m/s]
# name 6 = prDM: Pressure, Digiquartz [db]
# name 7 = depSM: Depth [salt water, m]
# name 8 = t090C: Temperature [ITS-90, deg C]
# name 9 = t190C: Temperature, 2 [ITS-90, deg C]
# name 10 = T2-T190C: Temperature Difference, 2 - 1 [ITS-90, deg C]
# name 11 = potemp090C: Potential Temperature [ITS-90, deg C]
# name 12 = potemp190C: Potential Temperature, 2 [ITS-90, deg C]
# name 13 = potemp90Cdiff: Potential Temperature, Diff, 2 - 1 [ITS-90, deg C]
# name 14 = c0S/m: Conductivity [S/m]
# name 15 = c1S/m: Conductivity, 2 [S/m]
# name 16 = C2-C1S/m: Conductivity Difference, 2 - 1 [S/m]
# name 17 = sal00: Salinity, Practical [PSU]
# name 18 = sal11: Salinity, Practical, 2 [PSU]
# name 19 = sbeox0ML/L: Oxygen, SBE 43 [ml/l]
# name 20 = sigma-é00: Density [sigma-theta, kg/m^3]
# name 21 = sigma-é11: Density, 2 [sigma-theta, kg/m^3]
# name 22 = nbf: Bottles Fired
# name 23 = flag:  0.000e+00
# interval = seconds: 0.0416667
# start_time = Oct 23 2022 09:44:46 [NMEA time, header]
# bad_flag = -9.990e-29
*END*
[from data line 1027]
       8644 296.410256  -43.35330  -52.02776      0.037    1506.09      4.674      4.636    14.4330    14.4327    -0.0002    14.4323    14.4321    -0.0002   4.298693   4.298603  -0.000090    35.5772    35.5766     5.4980    26.5410    26.5406         18  0.000e+00
       8645 296.410257  -43.35330  -52.02776      0.037    1506.09      4.609      4.572    14.4330    14.4329    -0.0000    14.4323    14.4322    -0.0000   4.298666   4.298643  -0.000023    35.5770    35.5768     5.4972    26.5409    26.5407         18  0.000e+00
       8646 296.410257  -43.35330  -52.02776      0.036    1506.09      4.609      4.572    14.4330    14.4327    -0.0002    14.4323    14.4321    -0.0002   4.298679   4.298630  -0.000049    35.5771    35.5769     5.4967    26.5410    26.5408         18  0.000e+00
       8647 296.410258  -43.35330  -52.02776      0.039    1506.09      4.609      4.572    14.4326    14.4327     0.0001    14.4320    14.4321     0.0001   4.298693   4.298589  -0.000103    35.5775    35.5765     5.4960    26.5414    26.5405         18  0.000e+00
       8648 296.410258  -43.35330  -52.02776      0.038    1506.09      4.609      4.572    14.4328    14.4328     0.0000    14.4321    14.4322     0.0000   4.298666   4.298610  -0.000056    35.5771    35.5766     5.4952    26.5410    26.5406         18  0.000e+00
       8649 296.410258  -43.35330  -52.02776      0.038    1506.09      4.609      4.572    14.4328    14.4329     0.0001    14.4321    14.4322     0.0001   4.298659   4.298589  -0.000070    35.5771    35.5763     5.4905    26.5410    26.5404         18  0.000e+00
       8650 296.410259  -43.35330  -52.02776      0.037    1506.09      4.609      4.572    14.4328    14.4329     0.0001    14.4321    14.4322     0.0001   4.298679   4.298610  -0.000070    35.5772    35.5765     5.4890    26.5411    26.5405         18  0.000e+00
       8651 296.410259  -43.35330  -52.02776      0.039    1506.09      4.609      4.572    14.4324    14.4327     0.0003    14.4318    14.4321     0.0003   4.298633   4.298589  -0.000043    35.5772    35.5765     5.4879    26.5411    26.5405         18  0.000e+00
       8652 296.410260  -43.35330  -52.02776      0.038    1506.09      4.674      4.636    14.4326    14.4329     0.0003    14.4319    14.4322     0.0003   4.298646   4.298616  -0.000030    35.5771    35.5765     5.4869    26.5410    26.5405         18  0.000e+00
       8653 296.410260  -43.35330  -52.02776      0.037    1506.09      4.609      4.572    14.4325    14.4329     0.0004    14.4318    14.4322     0.0004   4.298626   4.298623  -0.000003    35.5771    35.5766     5.4858    26.5410    26.5406         18  0.000e+00
       8654 296.410261  -43.35330  -52.02776      0.036    1506.09      4.617      4.580    14.4326    14.4331     0.0005    14.4320    14.4324     0.0005   4.298646   4.298623  -0.000023    35.5771    35.5765     5.4847    26.5410    26.5404         18  0.000e+00
       8655 296.410261  -43.35330  -52.02776      0.034    1506.09      4.609      4.572    14.4325    14.4327     0.0002    14.4318    14.4321     0.0002   4.298626   4.298562  -0.000064    35.5771    35.5762     5.4840    26.5410    26.5403         18  0.000e+00
       8656 296.410262  -43.35330  -52.02776      0.032    1506.09      4.553      4.517    14.4324    14.4332     0.0007    14.4318    14.4325     0.0007   4.298646   4.298569  -0.000077    35.5773    35.5759     5.4833    26.5412    26.5400         18  0.000e+00
       8657 296.410262  -43.35330  -52.02776      0.034    1506.09      4.674      4.636    14.4321    14.4326     0.0004    14.4314    14.4319     0.0004   4.298600   4.298610   0.000010    35.5771    35.5768     5.4828    26.5412    26.5408         18  0.000e+00
       8658 296.410263  -43.35330  -52.02776      0.032    1506.09      4.609      4.572    14.4315    14.4327     0.0013    14.4308    14.4321     0.0013   4.298526   4.298623   0.000097    35.5771    35.5768     5.4862    26.5413    26.5408         18  0.000e+00
       8659 296.410263  -43.35330  -52.02776      0.030    1506.09      4.609      4.572    14.4311    14.4331     0.0020    14.4305    14.4324     0.0020   4.298533   4.298589   0.000056    35.5774    35.5762     5.4824    26.5416    26.5402         18  0.000e+00
       8660 296.410264  -43.35330  -52.02776      0.028    1506.09      4.609      4.572    14.4313    14.4326     0.0013    14.4306    14.4319     0.0013   4.298546   4.298583   0.000036    35.5774    35.5766     5.4818    26.5416    26.5406         18  0.000e+00
       8661 296.410264  -43.35330  -52.02776      0.025    1506.09      4.609      4.572    14.4311    14.4324     0.0013    14.4304    14.4317     0.0013   4.298520   4.298468  -0.000052    35.5774    35.5757     5.4813    26.5416    26.5399         18  0.000e+00
       8662 296.410265  -43.35330  -52.02776      0.023    1506.09      4.609      4.572    14.4309    14.4322     0.0013    14.4303    14.4316     0.0013   4.298533   4.298495  -0.000038    35.5776    35.5761     5.4852    26.5418    26.5403         18  0.000e+00
       8663 296.410265  -43.35330  -52.02776      0.024    1506.09      4.674      4.636    14.4313    14.4317     0.0005    14.4306    14.4311     0.0005   4.298520   4.298482  -0.000038    35.5772    35.5764     5.4855    26.5414    26.5407         18  0.000e+00
       8664 296.410266  -43.35330  -52.02776      0.021    1506.09      4.553      4.516    14.4309    14.4319     0.0009    14.4303    14.4312     0.0009   4.298513   4.298441  -0.000072    35.5775    35.5759     5.4857    26.5417    26.5403         18  0.000e+00
       8665 296.410266  -43.35330  -52.02776      0.022    1506.09      4.674      4.636    14.4309    14.4317     0.0007    14.4303    14.4310     0.0007   4.298513   4.298461  -0.000052    35.5774    35.5763     5.4821    26.5416    26.5406         18  0.000e+00
       8666 296.410267  -43.35330  -52.02776      0.015    1506.09      4.553      4.516    14.4311    14.4317     0.0007    14.4304    14.4311     0.0007   4.298513   4.298495  -0.000018    35.5773    35.5766     5.4820    26.5415    26.5408         18  0.000e+00
       8667 296.410267  -43.35330  -52.02776      0.016    1506.09      4.609      4.572    14.4309    14.4316     0.0006    14.4303    14.4309     0.0006   4.298513   4.298448  -0.000065    35.5774    35.5763     5.4821    26.5416    26.5406         18  0.000e+00
       8668 296.410268  -43.35330  -52.02776      0.012    1506.09      4.609      4.572    14.4311    14.4316     0.0004    14.4305    14.4309     0.0004   4.298513   4.298461  -0.000052    35.5773    35.5764     5.4818    26.5415    26.5407         18  0.000e+00
       8669 296.410268  -43.35330  -52.02776      0.009    1506.09      4.609      4.572    14.4308    14.4314     0.0006    14.4301    14.4307     0.0006   4.298480   4.298414  -0.000066    35.5773    35.5761     5.4819    26.5415    26.5405         18  0.000e+00
       8670 296.410269  -43.35330  -52.02776      0.013    1506.09      4.674      4.636    14.4309    14.4316     0.0006    14.4303    14.4309     0.0006   4.298487   4.298455  -0.000032    35.5772    35.5763     5.4861    26.5414    26.5406         18  0.000e+00
       8671 296.410269  -43.35330  -52.02776      0.010    1506.09      4.561      4.524    14.4308    14.4314     0.0006    14.4301    14.4307     0.0006   4.298507   4.298475  -0.000032    35.5776    35.5767     5.4866    26.5418    26.5410         18  0.000e+00
       8672 296.410270  -43.35330  -52.02776      0.011    1506.09      4.674      4.636    14.4308    14.4316     0.0008    14.4301    14.4309     0.0008   4.298513   4.298421  -0.000092    35.5775    35.5760     5.4872    26.5418    26.5404         18  0.000e+00
       8673 296.410270  -43.35330  -52.02776      0.007    1506.09      4.553      4.516    14.4308    14.4315     0.0007    14.4301    14.4308     0.0007   4.298480   4.298482   0.000002    35.5773    35.5767     5.4877    26.5415    26.5409         19  0.000e+00
       8674 296.410271  -43.35330  -52.02776      0.011    1506.09      4.674      4.636    14.4309    14.4317     0.0008    14.4303    14.4311     0.0008   4.298526   4.298448  -0.000078    35.5775    35.5761     5.4884    26.5417    26.5404         19  0.000e+00
       8675 296.410271  -43.35330  -52.02776      0.003    1506.09      4.553      4.516    14.4309    14.4317     0.0008    14.4303    14.4311     0.0008   4.298546   4.298488  -0.000058    35.5778    35.5765     5.4929    26.5419    26.5407         19  0.000e+00
       8676 296.410272  -43.35330  -52.02776      0.003    1506.09      4.609      4.572    14.4309    14.4317     0.0008    14.4303    14.4311     0.0008   4.298520   4.298509  -0.000011    35.5775    35.5767     5.4900    26.5417    26.5409         19  0.000e+00
       8677 296.410272  -43.35330  -52.02776      0.006    1506.09      4.674      4.636    14.4309    14.4319     0.0009    14.4303    14.4312     0.0009   4.298513   4.298482  -0.000032    35.5774    35.5763     5.4907    26.5416    26.5405         19  0.000e+00
       8678 296.410272  -43.35330  -52.02776      0.003    1506.09      4.553      4.516    14.4311    14.4316     0.0004    14.4305    14.4309     0.0004   4.298513   4.298495  -0.000018    35.5773    35.5767     5.4913    26.5415    26.5410         19  0.000e+00
       8679 296.410273  -43.35330  -52.02776     -0.001    1506.09      4.609      4.572    14.4313    14.4319     0.0006    14.4306    14.4312     0.0006   4.298533   4.298509  -0.000024    35.5773    35.5765     5.4921    26.5415    26.5407         19  0.000e+00
       8680 296.410273  -43.35330  -52.02776     -0.002    1506.09      4.609      4.572    14.4308    14.4319     0.0011    14.4301    14.4312     0.0011   4.298520   4.298509  -0.000011    35.5776    35.5765     5.4929    26.5418    26.5407         19  0.000e+00
       8681 296.410274  -43.35330  -52.02776     -0.002    1506.09      4.609      4.572    14.4313    14.4322     0.0009    14.4306    14.4315     0.0009   4.298533   4.298509  -0.000025    35.5773    35.5763     5.4933    26.5415    26.5405         19  0.000e+00
       8682 296.410274  -43.35330  -52.02776     -0.003    1506.09      4.609      4.572    14.4311    14.4324     0.0013    14.4304    14.4317     0.0013   4.298546   4.298562   0.000016    35.5776    35.5765     5.4898    26.5417    26.5406         19  0.000e+00
       8683 296.410275  -43.35330  -52.02776     -0.003    1506.09      4.609      4.572    14.4313    14.4322     0.0010    14.4306    14.4316     0.0010   4.298546   4.298583   0.000036    35.5774    35.5769     5.4899    26.5416    26.5409         19  0.000e+00
       8684 296.410275  -43.35330  -52.02778     -0.004    1506.09      4.609      4.572    14.4313    14.4322     0.0010    14.4306    14.4316     0.0010   4.298546   4.298522  -0.000024    35.5774    35.5763     5.4901    26.5416    26.5405         19  0.000e+00
       8685 296.410276  -43.35330  -52.02778     -0.004    1506.09      4.609      4.572    14.4315    14.4322     0.0008    14.4308    14.4316     0.0008   4.298546   4.298509  -0.000038    35.5773    35.5762     5.4903    26.5414    26.5404         19  0.000e+00
       8686 296.410276  -43.35330  -52.02778     -0.004    1506.09      4.609      4.572    14.4315    14.4322     0.0008    14.4308    14.4316     0.0008   4.298573   4.298482  -0.000091    35.5775    35.5759     5.4902    26.5416    26.5402         19  0.000e+00
       8687 296.410277  -43.35330  -52.02778     -0.005    1506.09      4.609      4.572    14.4315    14.4319     0.0004    14.4308    14.4312     0.0004   4.298526   4.298495  -0.000031    35.5771    35.5764     5.4904    26.5413    26.5406         19  0.000e+00
       8688 296.410277  -43.35330  -52.02778     -0.005    1506.09      4.617      4.580    14.4315    14.4321     0.0006    14.4308    14.4314     0.0006   4.298533   4.298448  -0.000085    35.5771    35.5758     5.4907    26.5413    26.5401         19  0.000e+00
       8689 296.410278  -43.35330  -52.02778     -0.009    1506.09      4.553      4.516    14.4315    14.4318     0.0003    14.4308    14.4311     0.0003   4.298546   4.298488  -0.000058    35.5773    35.5764     5.4910    26.5414    26.5407         19  0.000e+00
       8690 296.410278  -43.35330  -52.02778     -0.009    1506.09      4.609      4.572    14.4315    14.4317     0.0003    14.4308    14.4311     0.0003   4.298546   4.298509  -0.000038    35.5773    35.5767     5.4913    26.5414    26.5409         19  0.000e+00
       8691 296.410279  -43.35330  -52.02778     -0.009    1506.09      4.609      4.572    14.4317    14.4317     0.0001    14.4310    14.4311     0.0001   4.298573   4.298509  -0.000064    35.5773    35.5767     5.4917    26.5414    26.5409         19  0.000e+00
       8692 296.410279  -43.35330  -52.02778     -0.010    1506.09      4.609      4.572    14.4318    14.4319     0.0001    14.4311    14.4312     0.0001   4.298553   4.298536  -0.000017    35.5770    35.5768     5.4917    26.5411    26.5409         19  0.000e+00
       8693 296.410280  -43.35330  -52.02778     -0.006    1506.09      4.609      4.572    14.4320    14.4319    -0.0001    14.4313    14.4312    -0.0001   4.298546   4.298488  -0.000058    35.5768    35.5763     5.4917    26.5409    26.5406         19  0.000e+00
       8694 296.410280  -43.35330  -52.02778     -0.006    1506.09      4.609      4.572    14.4320    14.4316    -0.0004    14.4313    14.4309    -0.0004   4.298573   4.298475  -0.000098    35.5770    35.5765     5.4918    26.5411    26.5408         19  0.000e+00
       8695 296.410281  -43.35330  -52.02778     -0.010    1506.09      4.553      4.516    14.4321    14.4319    -0.0002    14.4314    14.4312    -0.0002   4.298553   4.298495  -0.000058    35.5767    35.5764     5.4958    26.5409    26.5407         19  0.000e+00
       8696 296.410281  -43.35330  -52.02778     -0.006    1506.09      4.674      4.636    14.4320    14.4319    -0.0001    14.4313    14.4312    -0.0001   4.298573   4.298536  -0.000037    35.5770    35.5768     5.4963    26.5411    26.5409         19  0.000e+00
       8697 296.410282  -43.35330  -52.02778     -0.006    1506.09      4.609      4.572    14.4320    14.4317    -0.0003    14.4313    14.4310    -0.0003   4.298606   4.298515  -0.000091    35.5773    35.5768     5.4927    26.5414    26.5410         19  0.000e+00
       8698 296.410282  -43.35330  -52.02778     -0.010    1506.09      4.553      4.516    14.4320    14.4319    -0.0001    14.4313    14.4312    -0.0001   4.298619   4.298536  -0.000084    35.5775    35.5768     5.4963    26.5415    26.5410         19  0.000e+00
       8699 296.410283  -43.35330  -52.02778     -0.010    1506.09      4.609      4.572    14.4321    14.4317    -0.0004    14.4314    14.4311    -0.0004   4.298619   4.298515  -0.000104    35.5773    35.5767     5.4924    26.5413    26.5409         19  0.000e+00
       8700 296.410283  -43.35330  -52.02778     -0.006    1506.09      4.674      4.636    14.4320    14.4319    -0.0001    14.4313    14.4312    -0.0001   4.298593   4.298482  -0.000111    35.5772    35.5763     5.4922    26.5412    26.5405         19  0.000e+00
       8701 296.410284  -43.35330  -52.02778     -0.003    1506.09      4.609      4.572    14.4321    14.4316    -0.0006    14.4314    14.4309    -0.0006   4.298586   4.298502  -0.000084    35.5770    35.5768     5.4919    26.5411    26.5410         19  0.000e+00
       8702 296.410284  -43.35330  -52.02778     -0.003    1506.09      4.609      4.572    14.4321    14.4319    -0.0002    14.4314    14.4312    -0.0002   4.298606   4.298509  -0.000098    35.5772    35.5765     5.4916    26.5412    26.5407         19  0.000e+00
