Pos-Processados/process_op41/operantar41_013.ros
* Sea-Bird SBE 9 Data File:
* FileName = C:\Users\Dell\Desktop\OperantarXLI\config\00_BRUTOS\OPE41013.hdr
* Software Version Seasave V 7.26.7.110
* Temperature SN = 6497
* Conductivity SN = 4954
* Number of Bytes Per Scan = 31
* Number of Voltage Words = 2
* Number of Scans Averaged by the Deck Unit = 1
* NMEA Latitude = 44 23.34 S
* NMEA Longitude = 051 50.60 W
* NMEA UTC (Time) = Oct 23 2022 20:53:51
* NMEA baud rate = 4800
** H41
** Navio Polar Almirante Maximiano
** LH-021/2022
** Operantar XLI
** Número da Estação 013
** Latitude 44 23.224' S
** Longitude 051 51.256' W
** Data/Hora (Z) 23/10/2022 2044Z
** Profundidade local 5823 m
** 09-1439
** Nome do Operador CT Garla
# nquan = 24
# nvalues = 1248                                  
# units = specified
# name 0 = scan: Scan Count
# name 1 = timeJ: Julian Days
# name 2 = latitude: Latitude [deg]
# name 3 = longitude: Longitude [deg]
# name 4 = dz/dtM: Descent Rate [m/s]
# name 5 = avgsvCM: Average Sound Velocity [Chen-Millero, m/s]
# name 6 = prDM: Pressure, Digiquartz [db]
# name 7 = depSM: Depth [salt water, m]
# name 8 = t090C: Temperature [ITS-90, deg C]
# name 9 = t190C: Temperature, 2 [ITS-90, deg C]
# name 10 = T2-T190C: Temperature Difference, 2 - 1 [ITS-90, deg C]
# name 11 = potemp090C: Potential Temperature [ITS-90, deg C]
# name 12 = potemp190C: Potential Temperature, 2 [ITS-90, deg C]
# name 13 = potemp90Cdiff: Potential Temperature, Diff, 2 - 1 [ITS-90, deg C]
# name 14 = c0S/m: Conductivity [S/m]
# name 15 = c1S/m: Conductivity, 2 [S/m]
# name 16 = C2-C1S/m: Conductivity Difference, 2 - 1 [S/m]
# name 17 = sal00: Salinity, Practical [PSU]
# name 18 = sal11: Salinity, Practical, 2 [PSU]
# name 19 = sbeox0ML/L: Oxygen, SBE 43 [ml/l]
# name 20 = sigma-é00: Density [sigma-theta, kg/m^3]
# name 21 = sigma-é11: Density, 2 [sigma-theta, kg/m^3]
# name 22 = nbf: Bottles Fired
# name 23 = flag:  0.000e+00
# interval = seconds: 0.0416667
# start_time = Oct 23 2022 20:53:51 [NMEA time, header]
# bad_flag = -9.990e-29
*END*
[from data line 302]
       6389 296.873810  -44.38996  -51.83868      0.309    1504.08     21.277     21.105    14.0023    14.0026     0.0003    13.9992    13.9995     0.0003   4.221254   4.221224  -0.000030    35.2457    35.2452     5.7442    26.3772    26.3768          8  0.000e+00
       6390 296.873810  -44.38996  -51.83868      0.312    1504.08     21.285     21.113    14.0023    14.0028     0.0005    13.9992    13.9997     0.0005   4.221241   4.221231  -0.000010    35.2456    35.2451     5.7442    26.3771    26.3766          8  0.000e+00
       6391 296.873811  -44.38996  -51.83868      0.315    1504.08     21.285     21.113    14.0024    14.0026     0.0002    13.9993    13.9995     0.0002   4.221254   4.221258   0.000004    35.2457    35.2455     5.7482    26.3772    26.3770          9  0.000e+00
       6392 296.873811  -44.38996  -51.83868      0.315    1504.08     21.334     21.161    14.0025    14.0026     0.0001    13.9994    13.9995     0.0001   4.221241   4.221271   0.000030    35.2454    35.2456     5.7485    26.3769    26.3771          9  0.000e+00
       6393 296.873812  -44.38996  -51.83868      0.318    1504.08     21.342     21.169    14.0025    14.0030     0.0005    13.9994    13.9999     0.0005   4.221234   4.221251   0.000017    35.2453    35.2451     5.7447    26.3769    26.3766          9  0.000e+00
       6394 296.873812  -44.38996  -51.83868      0.315    1504.08     21.277     21.105    14.0022    14.0028     0.0006    13.9992    13.9997     0.0006   4.221234   4.221231  -0.000003    35.2456    35.2451     5.7486    26.3772    26.3766          9  0.000e+00
       6395 296.873813  -44.38996  -51.83868      0.318    1504.08     21.398     21.225    14.0022    14.0028     0.0006    13.9991    13.9997     0.0006   4.221234   4.221258   0.000024    35.2456    35.2453     5.7489    26.3772    26.3768          9  0.000e+00
       6396 296.873813  -44.38996  -51.83868      0.313    1504.08     21.277     21.105    14.0025    14.0030     0.0005    13.9994    13.9999     0.0005   4.221201   4.221211   0.000010    35.2451    35.2447     5.7490    26.3767    26.3763          9  0.000e+00
       6397 296.873814  -44.38996  -51.83868      0.317    1504.08     21.398     21.225    14.0023    14.0028     0.0005    13.9992    13.9997     0.0005   4.221221   4.221198  -0.000023    35.2454    35.2447     5.7492    26.3770    26.3764          9  0.000e+00
       6398 296.873814  -44.38996  -51.83868      0.309    1504.08     21.277     21.105    14.0024    14.0028     0.0004    13.9993    13.9997     0.0004   4.221234   4.221204  -0.000030    35.2455    35.2448     5.7496    26.3770    26.3765          9  0.000e+00
       6399 296.873815  -44.38996  -51.83868      0.310    1504.08     21.398     21.225    14.0025    14.0030     0.0005    13.9994    13.9999     0.0005   4.221194   4.221224   0.000030    35.2449    35.2448     5.7461    26.3766    26.3764          9  0.000e+00
       6400 296.873815  -44.38996  -51.83868      0.304    1504.08     21.285     21.113    14.0022    14.0029     0.0007    13.9991    13.9998     0.0007   4.221247   4.221258   0.000010    35.2458    35.2452     5.7462    26.3773    26.3767          9  0.000e+00
       6401 296.873816  -44.38996  -51.83868      0.298    1504.08     21.334     21.161    14.0024    14.0031     0.0007    13.9993    14.0000     0.0007   4.221267   4.221211  -0.000056    35.2458    35.2446     5.7463    26.3773    26.3762          9  0.000e+00
       6402 296.873816  -44.38996  -51.83868      0.296    1504.08     21.398     21.225    14.0023    14.0033     0.0010    13.9992    14.0002     0.0010   4.221241   4.221258   0.000017    35.2455    35.2448     5.7465    26.3771    26.3763          9  0.000e+00
       6403 296.873817  -44.38996  -51.83868      0.288    1504.08     21.334     21.161    14.0025    14.0033     0.0008    13.9994    14.0002     0.0008   4.221287   4.221351   0.000065    35.2458    35.2457     5.7461    26.3773    26.3770          9  0.000e+00
       6404 296.873817  -44.38996  -51.83866      0.279    1504.08     21.342     21.169    14.0030    14.0035     0.0004    13.9999    14.0004     0.0004   4.221274   4.221351   0.000078    35.2452    35.2456     5.7462    26.3767    26.3769          9  0.000e+00
       6405 296.873818  -44.38996  -51.83866      0.272    1504.08     21.334     21.161    14.0030    14.0036     0.0006    13.9999    14.0005     0.0006   4.221320   4.221284  -0.000035    35.2457    35.2448     5.7500    26.3770    26.3763          9  0.000e+00
       6406 296.873818  -44.38996  -51.83866      0.265    1504.08     21.342     21.169    14.0030    14.0036     0.0006    13.9999    14.0005     0.0006   4.221280   4.221278  -0.000002    35.2453    35.2447     5.7500    26.3768    26.3762          9  0.000e+00
       6407 296.873818  -44.38996  -51.83866      0.256    1504.08     21.334     21.161    14.0029    14.0035     0.0006    13.9998    14.0004     0.0006   4.221307   4.221218  -0.000089    35.2457    35.2443     5.7504    26.3771    26.3759          9  0.000e+00
       6408 296.873819  -44.38996  -51.83866      0.249    1504.08     21.398     21.225    14.0028    14.0030     0.0001    13.9998    13.9999     0.0001   4.221280   4.221218  -0.000063    35.2454    35.2447     5.7465    26.3769    26.3763          9  0.000e+00
       6409 296.873819  -44.38996  -51.83866      0.235    1504.08     21.285     21.113    14.0025    14.0024    -0.0001    13.9994    13.9993    -0.0001   4.221208   4.221124  -0.000084    35.2451    35.2444     5.7465    26.3767    26.3762          9  0.000e+00
       6410 296.873820  -44.38996  -51.83866      0.226    1504.08     21.334     21.161    14.0024    14.0021    -0.0003    13.9993    13.9990    -0.0003   4.221221   4.221057  -0.000164    35.2453    35.2441     5.7465    26.3769    26.3760          9  0.000e+00
       6411 296.873820  -44.38996  -51.83866      0.216    1504.08     21.342     21.169    14.0022    14.0016    -0.0006    13.9991    13.9985    -0.0006   4.221234   4.221030  -0.000204    35.2456    35.2443     5.7462    26.3772    26.3763          9  0.000e+00
       6412 296.873821  -44.38996  -51.83866      0.205    1504.08     21.334     21.161    14.0023    14.0011    -0.0012    13.9992    13.9980    -0.0012   4.221175   4.220990  -0.000184    35.2450    35.2444     5.7462    26.3766    26.3764          9  0.000e+00
       6413 296.873821  -44.38996  -51.83866      0.197    1504.08     21.342     21.169    14.0019    14.0012    -0.0007    13.9988    13.9982    -0.0007   4.221155   4.220977  -0.000178    35.2452    35.2441     5.7462    26.3769    26.3762          9  0.000e+00
       6414 296.873822  -44.38996  -51.83866      0.184    1504.08     21.334     21.161    14.0022    14.0011    -0.0011    13.9991    13.9980    -0.0011   4.221129   4.221004  -0.000125    35.2447    35.2445     5.7458    26.3764    26.3765          9  0.000e+00
       6415 296.873822  -44.38996  -51.83866      0.170    1504.08     21.285     21.113    14.0018    14.0011    -0.0008    13.9988    13.9980    -0.0008   4.221115   4.220997  -0.000118    35.2449    35.2444     5.7455    26.3767    26.3765          9  0.000e+00
       6416 296.873823  -44.38996  -51.83866      0.157    1504.08     21.285     21.113    14.0019    14.0011    -0.0008    13.9988    13.9980    -0.0008   4.221089   4.220977  -0.000112    35.2446    35.2443     5.7451    26.3764    26.3764          9  0.000e+00
       6417 296.873823  -44.38996  -51.83866      0.145    1504.08     21.334     21.161    14.0015    14.0009    -0.0006    13.9984    13.9978    -0.0006   4.221082   4.220917  -0.000166    35.2449    35.2438     5.7447    26.3768    26.3761          9  0.000e+00
       6418 296.873824  -44.38996  -51.83866      0.137    1504.08     21.342     21.169    14.0013    14.0012    -0.0001    13.9983    13.9982    -0.0001   4.221082   4.220930  -0.000152    35.2450    35.2437     5.7443    26.3769    26.3759          9  0.000e+00
       6419 296.873824  -44.38996  -51.83866      0.120    1504.08     21.213     21.041    14.0012    14.0009    -0.0003    13.9981    13.9979    -0.0003   4.221082   4.220943  -0.000139    35.2452    35.2441     5.7438    26.3771    26.3763          9  0.000e+00
       6420 296.873825  -44.38996  -51.83866      0.106    1504.08     21.285     21.113    14.0013    14.0009    -0.0004    13.9983    13.9978    -0.0004   4.221082   4.221004  -0.000079    35.2450    35.2447     5.7434    26.3769    26.3767          9  0.000e+00
       6421 296.873825  -44.38996  -51.83866      0.096    1504.08     21.277     21.105    14.0015    14.0011    -0.0004    13.9984    13.9980    -0.0004   4.221082   4.220990  -0.000092    35.2449    35.2444     5.7429    26.3768    26.3765          9  0.000e+00
       6422 296.873826  -44.38996  -51.83866      0.082    1504.08     21.285     21.113    14.0013    14.0011    -0.0002    13.9983    13.9980    -0.0002   4.221109   4.220977  -0.000132    35.2453    35.2443     5.7424    26.3771    26.3764          9  0.000e+00
       6423 296.873826  -44.38996  -51.83866      0.066    1504.08     21.213     21.041    14.0015    14.0007    -0.0008    13.9985    13.9977    -0.0008   4.221082   4.220917  -0.000166    35.2449    35.2441     5.7422    26.3768    26.3763          9  0.000e+00
       6424 296.873827  -44.38996  -51.83866      0.055    1504.08     21.285     21.113    14.0015    14.0004    -0.0011    13.9984    13.9973    -0.0011   4.221109   4.220863  -0.000246    35.2451    35.2438     5.7417    26.3770    26.3762          9  0.000e+00
       6425 296.873827  -44.38996  -51.83866      0.036    1504.08     21.165     20.993    14.0013    14.0004    -0.0009    13.9983    13.9974    -0.0009   4.221036   4.220830  -0.000207    35.2446    35.2436     5.7412    26.3766    26.3760          9  0.000e+00
       6426 296.873828  -44.38996  -51.83866      0.024    1504.08     21.213     21.041    14.0012    13.9995    -0.0016    13.9981    13.9965    -0.0016   4.221063   4.220803  -0.000260    35.2450    35.2441     5.7410    26.3769    26.3766          9  0.000e+00
       6427 296.873828  -44.38996  -51.83866      0.011    1504.08     21.221     21.049    14.0011    13.9992    -0.0019    13.9981    13.9962    -0.0019   4.221023   4.220716  -0.000307    35.2447    35.2436     5.7405    26.3767    26.3762          9  0.000e+00
       6428 296.873829  -44.38996  -51.83864     -0.001    1504.08     21.157     20.985    14.0010    13.9992    -0.0018    13.9979    13.9962    -0.0018   4.221036   4.220736  -0.000300    35.2449    35.2438     5.7403    26.3769    26.3764          9  0.000e+00
       6429 296.873829  -44.38996  -51.83864     -0.017    1504.08     21.165     20.993    14.0010    13.9992    -0.0018    13.9980    13.9962    -0.0018   4.220990   4.220796  -0.000194    35.2445    35.2443     5.7401    26.3765    26.3768          9  0.000e+00
       6430 296.873830  -44.38996  -51.83864     -0.032    1504.08     21.157     20.985    14.0008    13.9994    -0.0015    13.9978    13.9963    -0.0015   4.220997   4.220796  -0.000200    35.2448    35.2442     5.7400    26.3768    26.3767          9  0.000e+00
       6431 296.873830  -44.38996  -51.83864     -0.045    1504.08     21.165     20.993    14.0007    13.9997    -0.0009    13.9976    13.9967    -0.0009   4.221003   4.220796  -0.000207    35.2449    35.2439     5.7398    26.3770    26.3763          9  0.000e+00
       6432 296.873831  -44.38996  -51.83864     -0.060    1504.08     21.100     20.929    14.0007    13.9997    -0.0010    13.9977    13.9967    -0.0010   4.221003   4.220736  -0.000267    35.2449    35.2433     5.7396    26.3770    26.3759          9  0.000e+00
       6433 296.873831  -44.38996  -51.83864     -0.068    1504.08     21.157     20.985    14.0007    13.9995    -0.0011    13.9976    13.9965    -0.0011   4.221036   4.220743  -0.000293    35.2452    35.2435     5.7394    26.3772    26.3761         10  0.000e+00
       6434 296.873832  -44.38996  -51.83864     -0.083    1504.08     21.100     20.929    14.0008    13.9997    -0.0011    13.9978    13.9967    -0.0011   4.220990   4.220769  -0.000221    35.2447    35.2436     5.7396    26.3768    26.3762         10  0.000e+00
       6435 296.873832  -44.38996  -51.83864     -0.098    1504.08     21.036     20.865    14.0004    14.0000    -0.0003    13.9974    13.9970    -0.0003   4.220917   4.220843  -0.000074    35.2445    35.2441     5.7398    26.3767    26.3764         10  0.000e+00
       6436 296.873832  -44.38996  -51.83864     -0.108    1504.08     21.100     20.929    14.0005    14.0004    -0.0001    13.9974    13.9974    -0.0001   4.220924   4.220836  -0.000088    35.2444    35.2436     5.7397    26.3766    26.3760         10  0.000e+00
       6437 296.873833  -44.38996  -51.83864     -0.122    1504.08     21.036     20.865    14.0003    14.0002    -0.0001    13.9973    13.9972    -0.0001   4.220964   4.220769  -0.000194    35.2450    35.2432     5.7436    26.3771    26.3757         10  0.000e+00
       6438 296.873833  -44.38996  -51.83864     -0.134    1504.08     21.044     20.873    14.0004    13.9997    -0.0007    13.9974    13.9967    -0.0007   4.220944   4.220743  -0.000201    35.2447    35.2434     5.7438    26.3768    26.3760         10  0.000e+00
       6439 296.873834  -44.38996  -51.83864     -0.153    1504.08     20.923     20.753    14.0007    13.9994    -0.0013    13.9977    13.9963    -0.0013   4.220964   4.220723  -0.000241    35.2447    35.2436     5.7438    26.3768    26.3762         10  0.000e+00
       6440 296.873834  -44.38996  -51.83864     -0.164    1504.08     21.036     20.865    14.0005    13.9990    -0.0014    13.9974    13.9960    -0.0014   4.220997   4.220723  -0.000274    35.2451    35.2439     5.7444    26.3771    26.3765         10  0.000e+00
       6441 296.873835  -44.38996  -51.83864     -0.175    1504.08     20.988     20.817    14.0007    13.9989    -0.0018    13.9976    13.9958    -0.0018   4.221003   4.220696  -0.000307    35.2450    35.2438     5.7490    26.3770    26.3765         10  0.000e+00
       6442 296.873835  -44.38996  -51.83864     -0.185    1504.08     20.980     20.809    14.0007    13.9992    -0.0015    13.9977    13.9962    -0.0015   4.221010   4.220709  -0.000301    35.2450    35.2436     5.7454    26.3770    26.3762         10  0.000e+00
       6443 296.873836  -44.38996  -51.83864     -0.204    1504.08     20.867     20.698    14.0010    13.9992    -0.0018    13.9980    13.9962    -0.0018   4.220950   4.220736  -0.000214    35.2443    35.2439     5.7458    26.3764    26.3765         10  0.000e+00
       6444 296.873836  -44.38996  -51.83864     -0.208    1504.08     20.980     20.809    14.0008    13.9994    -0.0015    13.9978    13.9963    -0.0015   4.220964   4.220749  -0.000214    35.2445    35.2438     5.7464    26.3766    26.3764         10  0.000e+00
       6445 296.873837  -44.38996  -51.83864     -0.226    1504.08     20.867     20.698    14.0007    13.9994    -0.0014    13.9977    13.9964    -0.0014   4.220977   4.220756  -0.000221    35.2448    35.2440     5.7469    26.3768    26.3765         10  0.000e+00
       6446 296.873837  -44.38996  -51.83864     -0.238    1504.08     20.802     20.634    14.0010    13.9992    -0.0018    13.9980    13.9962    -0.0018   4.220944   4.220756  -0.000188    35.2442    35.2441     5.7473    26.3763    26.3766         10  0.000e+00
       6447 296.873838  -44.38996  -51.83864     -0.253    1504.08     20.867     20.698    14.0008    13.9994    -0.0015    13.9978    13.9964    -0.0015   4.220964   4.220743  -0.000221    35.2446    35.2438     5.7479    26.3766    26.3764         10  0.000e+00
       6448 296.873838  -44.38996  -51.83864     -0.263    1504.08     20.802     20.634    14.0009    13.9994    -0.0015    13.9979    13.9964    -0.0015   4.220996   4.220722  -0.000274    35.2449    35.2437     5.7479    26.3769    26.3763         10  0.000e+00
