Pos-Processados/process_op41/operantar41_001.cnv
* Sea-Bird SBE 9 Data File:
* FileName = C:\Users\Dell\Desktop\Operantar XLI\Raw\OP41001.hdr
* Software Version Seasave V 7.26.7.110
* Temperature SN = 6497
* Conductivity SN = 4954
* Number of Bytes Per Scan = 31
* Number of Voltage Words = 2
* Number of Scans Averaged by the Deck Unit = 1
* NMEA Latitude = 36 40.13 S
* NMEA Longitude = 048 37.58 W
* NMEA UTC (Time) = Oct 17 2022 11:05:04
* NMEA baud rate = 4800
** H41
** Navio Polar Almirante Maximiano
** LH-021/2022
** Operantar XLI
** Número da Estação 001 LR
** Latitude 36 40.147S
** Longitude 048 37.579W
** Data/Hora (Z) 1105Z
** Profundidade local 4900m
** 09-1439
** Nome do Operador CT Garla
# nquan = 30
# nvalues = 9682                        
# units = specified
# name 0 = scan: Scan Count
# name 1 = timeJ: Julian Days
# name 2 = latitude: Latitude [deg]
# name 3 = longitude: Longitude [deg]
# name 4 = dz/dtM: Descent Rate [m/s]
# name 5 = avgsvCM: Average Sound Velocity [Chen-Millero, m/s]
# name 6 = prDM: Pressure, Digiquartz [db]
# name 7 = depSM: Depth [salt water, m]
# name 8 = t090C: Temperature [ITS-90, deg C]
# name 9 = t190C: Temperature, 2 [ITS-90, deg C]
# name 10 = T2-T190C: Temperature Difference, 2 - 1 [ITS-90, deg C]
# name 11 = potemp090C: Potential Temperature [ITS-90, deg C]
# name 12 = potemp190C: Potential Temperature, 2 [ITS-90, deg C]
# name 13 = potemp90Cdiff: Potential Temperature, Diff, 2 - 1 [ITS-90, deg C]
# name 14 = c0S/m: Conductivity [S/m]
# name 15 = c1S/m: Conductivity, 2 [S/m]
# name 16 = C2-C1S/m: Conductivity Difference, 2 - 1 [S/m]
# name 17 = sal00: Salinity, Practical [PSU]
# name 18 = sal11: Salinity, Practical, 2 [PSU]
# name 19 = sbeox0ML/L: Oxygen, SBE 43 [ml/l]
# name 20 = sigma-é00: Density [sigma-theta, kg/m^3]
# name 21 = sigma-é11: Density, 2 [sigma-theta, kg/m^3]
# name 22 = sal00: Salinity, Practical [PSU]
# name 23 = sigma-é00: Density [sigma-theta, kg/m^3]
# name 24 = svCM: Sound Velocity [Chen-Millero, m/s]
# name 25 = svCM1: Sound Velocity, 2 [Chen-Millero, m/s]
# name 26 = gsw_ptA0: potential temperature [ITS-90, deg C]
# name 27 = gsw_densityA0: density, TEOS-10 [density, kg/m^3]
# name 28 = gsw_saA0: Absolute Salinity [g/kg]
# name 29 = flag:
# span 0 =       5947,     312573       
# span 1 = 290.464719, 290.612590       
# span 2 =  -36.66900,  -36.66876       
# span 3 =  -48.62668,  -48.62640       
# span 4 =     -1.927,      1.632       
# span 5 =       0.00,    1517.75       
# span 6 =      3.000,   4844.000       
# span 7 =      2.963,   4754.360       
# span 8 =     0.2582,    17.5527       
# span 9 =     0.2581,    17.5530       
# span 10 =    -0.1022,     0.0747      
# span 11 =    -0.1083,    17.5520      
# span 12 =    -0.1083,    17.5523      
# span 13 =    -0.1018,     0.0744      
# span 14 =   3.083500,   4.678779      
# span 15 =   3.083491,   4.678660      
# span 16 =  -0.010669,   0.008178      
# span 17 =    34.1885,    36.1095      
# span 18 =    34.1883,    36.1083      
# span 19 =     4.0255,     5.8161      
# span 20 =    26.2325,    27.8431      
# span 21 =    26.2316,    27.8434      
# span 22 =    34.1849,    36.1094      
# span 23 =    26.2325,    27.8430      
# span 24 =    1484.37,    1531.97      
# span 25 =    1484.37,    1531.97      
# span 26 =    -0.1085,    17.5520      
# span 27 =  1026.2501,  1049.7178      
# span 28 =    34.3481,    36.2799      
# span 29 = 0.0000e+00, 0.0000e+00      
# interval = decibars: 1                
# start_time = Oct 17 2022 11:05:04 [NMEA time, header]
# bad_flag = -9.990e-29
*END*
[from data line 3916]
     143793 290.531196  -36.66888  -48.62648      1.270    1502.31   3920.000   3855.498     0.9353     0.9353    -0.0000     0.6406     0.6406    -0.0000   3.120310   3.120319   0.000009    34.7044    34.7046     4.6243    27.8309    27.8310    34.7040    27.8305    1518.91    1518.91     0.6403  1045.6363    34.8764 0.0000e+00
     143817 290.531208  -36.66888  -48.62648      1.121    1502.31   3921.000   3856.473     0.9331     0.9331    -0.0000     0.6384     0.6384    -0.0000   3.120137   3.120139  -0.000002    34.7044    34.7044     4.6121    27.8310    27.8310    34.7037    27.8305    1518.91    1518.91     0.6381  1045.6390    34.8738 0.0000e+00
     143848 290.531223 -9.990e-29  -48.62648      0.829    1502.31   3922.000   3857.448     0.9302     0.9303     0.0001     0.6355     0.6356     0.0001   3.119910   3.119937   0.000029    34.7042    34.7044     4.6108    27.8310    27.8312    34.7036    27.8305    1518.92    1518.92     0.6352  1045.6423    34.8719 0.0000e+00
     143876 290.531236 -9.990e-29  -48.62648      0.780    1502.31   3923.000   3858.422     0.9275     0.9276     0.0001     0.6328     0.6329     0.0001   3.119700   3.119711   0.000010    34.7040    34.7040     4.6087    27.8310    27.8310    34.7034    27.8305    1518.92    1518.92     0.6325  1045.6470    34.8717 0.0000e+00
     143897 290.531246 -9.990e-29  -48.62648      0.983    1502.31   3924.000   3859.397     0.9248     0.9249     0.0001     0.6301     0.6302     0.0001   3.119429   3.119436   0.000002    34.7038    34.7037     4.6235    27.8310    27.8309    34.7025    27.8300    1518.93    1518.93     0.6298  1045.6512    34.8708 0.0000e+00
     143913 290.531254 -9.990e-29  -48.62648      1.228    1502.31   3925.000   3860.372     0.9177     0.9179     0.0002     0.6230     0.6232     0.0002   3.118876   3.118885   0.000015    34.7038    34.7038     4.6151    27.8315    27.8315    34.7028    27.8307    1518.91    1518.92     0.6227  1045.6570    34.8712 0.0000e+00
     143929 290.531262 -9.990e-29  -48.62648      1.421    1502.31   3926.000   3861.347     0.9145     0.9146     0.0001     0.6198     0.6199     0.0001   3.118625   3.118628  -0.000002    34.7037    34.7036     4.6174    27.8316    27.8316    34.7027    27.8307    1518.92    1518.92     0.6195  1045.6617    34.8710 0.0000e+00
     143944 290.531269 -9.990e-29  -48.62648      1.537    1502.31   3927.000   3862.322     0.9122     0.9123     0.0001     0.6175     0.6176     0.0001   3.118466   3.118476   0.000011    34.7036    34.7036     4.6237    27.8316    27.8317    34.7027    27.8309    1518.92    1518.93     0.6172  1045.6665    34.8710 0.0000e+00
     143960 290.531277 -9.990e-29  -48.62648      1.549    1502.31   3928.000   3863.296     0.9113     0.9112    -0.0000     0.6164     0.6164    -0.0000   3.118421   3.118418  -0.000002    34.7035    34.7035     4.6164    27.8316    27.8316    34.7028    27.8310    1518.94    1518.94     0.6161  1045.6710    34.8711 0.0000e+00
     143982 290.531287 -9.990e-29  -48.62648      1.337    1502.31   3929.000   3864.271     0.9102     0.9101    -0.0001     0.6153     0.6152    -0.0001   3.118353   3.118352  -0.000002    34.7033    34.7034     4.6020    27.8316    27.8316    34.7026    27.8309    1518.95    1518.95     0.6150  1045.6754    34.8709 0.0000e+00
     144007 290.531299  -36.66888  -48.62648      1.043    1502.31   3930.000   3865.246     0.9092     0.9092     0.0000     0.6143     0.6142     0.0000   3.118297   3.118319   0.000021    34.7031    34.7034     4.6201    27.8314    27.8316    34.7025    27.8309    1518.96    1518.96     0.6140  1045.6804    34.8715 0.0000e+00
     144031 290.531311  -36.66888  -48.62648      0.955    1502.31   3931.000   3866.220     0.9090     0.9090     0.0000     0.6139     0.6140     0.0000   3.118323   3.118336   0.000015    34.7032    34.7033     4.6153    27.8315    27.8316    34.7026    27.8311    1518.98    1518.98     0.6136  1045.6875    34.8750 0.0000e+00
     144053 290.531321  -36.66886  -48.62648      1.033    1502.31   3932.000   3867.195     0.9084     0.9084    -0.0000     0.6132     0.6132    -0.0000   3.118289   3.118301   0.000012    34.7030    34.7032     4.6173    27.8315    27.8316    34.7025    27.8310    1518.99    1518.99     0.6129  1045.6918    34.8748 0.0000e+00
     144074 290.531331  -36.66886  -48.62648      1.121    1502.31   3933.000   3868.170     0.9070     0.9069    -0.0000     0.6117     0.6117    -0.0000   3.118196   3.118188  -0.000007    34.7029    34.7029     4.6269    27.8315    27.8314    34.7024    27.8310    1519.00    1519.00     0.6114  1045.6964    34.8748 0.0000e+00
     144095 290.531342  -36.66886  -48.62648      1.139    1502.31   3934.000   3869.145     0.9055     0.9055    -0.0000     0.6103     0.6102    -0.0000   3.118101   3.118116   0.000013    34.7029    34.7031     4.6333    27.8315    27.8317    34.7023    27.8310    1519.02    1519.02     0.6099  1045.7009    34.8747 0.0000e+00
     144118 290.531353  -36.66886  -48.62648      1.084    1502.31   3935.000   3870.119     0.9030     0.9031     0.0001     0.6077     0.6078     0.0001   3.117895   3.117922   0.000025    34.7026    34.7028     4.6224    27.8315    27.8316    34.7020    27.8309    1519.02    1519.02     0.6074  1045.7054    34.8744 0.0000e+00
     144140 290.531363  -36.66886  -48.62648      1.062    1502.31   3936.000   3871.094     0.9009     0.9010     0.0001     0.6055     0.6056     0.0001   3.117735   3.117755   0.000024    34.7024    34.7026     4.6259    27.8314    27.8316    34.7018    27.8310    1519.03    1519.03     0.6052  1045.7100    34.8742 0.0000e+00
     144160 290.531373  -36.66886  -48.62648      1.127    1502.31   3937.000   3872.069     0.8995     0.8995    -0.0000     0.6041     0.6040    -0.0000   3.117647   3.117653   0.000009    34.7025    34.7026     4.6148    27.8315    27.8316    34.7019    27.8311    1519.04    1519.04     0.6037  1045.7146    34.8742 0.0000e+00
     144177 290.531381  -36.66886  -48.62648      1.251    1502.31   3938.000   3873.044     0.8974     0.8975     0.0001     0.6020     0.6020     0.0001   3.117472   3.117485   0.000010    34.7022    34.7023     4.6206    27.8315    27.8315    34.7014    27.8308    1519.05    1519.05     0.6016  1045.7190    34.8738 0.0000e+00
     144193 290.531389  -36.66886  -48.62648      1.386    1502.31   3939.000   3874.018     0.8947     0.8948     0.0001     0.5992     0.5993     0.0001   3.117261   3.117275   0.000012    34.7021    34.7022     4.6182    27.8315    27.8316    34.7013    27.8309    1519.05    1519.05     0.5989  1045.7237    34.8737 0.0000e+00
     144209 290.531397  -36.66886  -48.62648      1.489    1502.31   3940.000   3874.993     0.8929     0.8929     0.0000     0.5974     0.5974    -0.0000   3.117137   3.117152   0.000016    34.7019    34.7021     4.6307    27.8315    27.8317    34.7012    27.8310    1519.06    1519.06     0.5970  1045.7283    34.8736 0.0000e+00
     144225 290.531404  -36.66886  -48.62648      1.514    1502.31   3941.000   3875.968     0.8915     0.8915     0.0001     0.5959     0.5960     0.0001   3.117034   3.117047   0.000012    34.7016    34.7017     4.6235    27.8314    27.8315    34.7010    27.8309    1519.07    1519.07     0.5956  1045.7327    34.8734 0.0000e+00
     144244 290.531414  -36.66886  -48.62648      1.403    1502.31   3942.000   3876.942     0.8907     0.8906    -0.0001     0.5950     0.5949    -0.0001   3.116995   3.117006   0.000014    34.7015    34.7017     4.6260    27.8313    27.8315    34.7010    27.8309    1519.09    1519.09     0.5947  1045.7372    34.8734 0.0000e+00
     144269 290.531426  -36.66886  -48.62650      1.109    1502.31   3943.000   3877.917     0.8892     0.8891    -0.0001     0.5935     0.5934    -0.0001   3.116906   3.116913   0.000007    34.7016    34.7017     4.6252    27.8315    27.8316    34.7010    27.8310    1519.10    1519.10     0.5931  1045.7418    34.8734 0.0000e+00
     144298 290.531440  -36.66886  -48.62650      0.860    1502.31   3944.000   3878.892     0.8869     0.8869     0.0001     0.5911     0.5911     0.0001   3.116703   3.116733   0.000030    34.7013    34.7016     4.6257    27.8314    27.8316    34.7006    27.8308    1519.10    1519.10     0.5908  1045.7463    34.8730 0.0000e+00
     144323 290.531452  -36.66886  -48.62650      0.896    1502.31   3945.000   3879.866     0.8816     0.8816     0.0001     0.5859     0.5859     0.0001   3.116276   3.116286   0.000011    34.7013    34.7013     4.6239    27.8317    27.8317    34.7005    27.8311    1519.10    1519.10     0.5855  1045.7514    34.8729 0.0000e+00
     144344 290.531462  -36.66886  -48.62650      1.046    1502.31   3946.000   3880.841     0.8804     0.8804    -0.0000     0.5846     0.5845    -0.0000   3.116207   3.116205  -0.000004    34.7011    34.7011     4.6234    27.8316    27.8316    34.7005    27.8311    1519.11    1519.11     0.5843  1045.7560    34.8729 0.0000e+00
     144362 290.531470  -36.66886  -48.62648      1.194    1502.35   3947.000   3881.816     0.8789     0.8789     0.0000     0.5830     0.5830     0.0000   3.116110   3.116129   0.000017    34.7010    34.7012     4.6201    27.8317    27.8318    34.7004    27.8312    1519.12    1519.12     0.5827  1045.7605    34.8728 0.0000e+00
     144381 290.531480  -36.66886  -48.62648      1.273    1502.59   3948.000   3882.790     0.8777     0.8778     0.0001     0.5818     0.5819     0.0001   3.116046   3.116072   0.000029    34.7011    34.7013     4.6302    27.8318    27.8320    34.7004    27.8313    1519.13    1519.13     0.5814  1045.7651    34.8728 0.0000e+00
     144401 290.531489  -36.66886  -48.62648      1.257    1502.59   3949.000   3883.765     0.8762     0.8762 8.8376e-07     0.5802     0.5802 8.8376e-07   3.115934   3.115949   0.000014    34.7009    34.7011     4.6248    27.8317    27.8318    34.7002    27.8312    1519.14    1519.14     0.5799  1045.7696    34.8726 0.0000e+00
     144422 290.531499  -36.66886  -48.62649      1.188    1502.59   3950.000   3884.739     0.8732     0.8733     0.0001     0.5771     0.5773     0.0001   3.115677   3.115696   0.000020    34.7006    34.7007     4.6196    27.8317    27.8318    34.6998    27.8311    1519.14    1519.15     0.5769  1045.7741    34.8723 0.0000e+00
     144442 290.531509  -36.66886  -48.62650      1.147    1502.59   3951.000   3885.714     0.8721     0.8720    -0.0001     0.5760     0.5759    -0.0001   3.115646   3.115639  -0.000006    34.7007    34.7007     4.6356    27.8318    27.8319    34.7002    27.8314    1519.16    1519.16     0.5757  1045.7789    34.8726 0.0000e+00
     144461 290.531518  -36.66886  -48.62650      1.195    1502.59   3952.000   3886.689     0.8719     0.8718    -0.0001     0.5757     0.5756    -0.0001   3.115661   3.115657  -0.000005    34.7006    34.7007     4.6115    27.8318    27.8318    34.7002    27.8314    1519.17    1519.17     0.5754  1045.7833    34.8726 0.0000e+00
     144478 290.531526  -36.66886  -48.62650      1.294    1502.59   3953.000   3887.664     0.8718     0.8718    -0.0000     0.5755     0.5755    -0.0000   3.115666   3.115673   0.000010    34.7004    34.7006     4.6159    27.8316    27.8317    34.6999    27.8312    1519.19    1519.19     0.5752  1045.7875    34.8723 0.0000e+00
     144495 290.531534  -36.66886  -48.62650      1.397    1502.59   3954.000   3888.638     0.8709     0.8708    -0.0001     0.5745     0.5745    -0.0001   3.115615   3.115621   0.000003    34.7002    34.7003     4.6261    27.8316    27.8316    34.6998    27.8312    1519.20    1519.20     0.5742  1045.7919    34.8722 0.0000e+00
     144512 290.531543  -36.66886  -48.62650      1.446    1502.59   3955.000   3889.613     0.8701     0.8700    -0.0001     0.5736     0.5736    -0.0001   3.115582   3.115574  -0.000004    34.7003    34.7003     4.6318    27.8316    27.8317    34.6998    27.8313    1519.22    1519.22     0.5733  1045.7964    34.8723 0.0000e+00
     144532 290.531552  -36.66886  -48.62650      1.359    1502.59   3956.000   3890.588     0.8692     0.8691    -0.0001     0.5726     0.5726    -0.0001   3.115540   3.115527  -0.000016    34.7002    34.7001     4.6369    27.8317    27.8316    34.6998    27.8314    1519.23    1519.23     0.5723  1045.8009    34.8723 0.0000e+00
     144559 290.531565  -36.66886  -48.62650      1.027    1502.59   3957.000   3891.563     0.8675     0.8676     0.0001     0.5709     0.5710     0.0001   3.115412   3.115434   0.000019    34.7001    34.7002     4.6269    27.8317    27.8318    34.6996    27.8313    1519.24    1519.24     0.5706  1045.8054    34.8720 0.0000e+00
     144592 290.531581  -36.66886  -48.62650      0.729    1502.59   3958.000   3892.537     0.8662     0.8662    -0.0000     0.5695     0.5695    -0.0000   3.115325   3.115343   0.000021    34.6999    34.7001     4.6353    27.8316    27.8317    34.6995    27.8313    1519.25    1519.25     0.5692  1045.8099    34.8719 0.0000e+00
     144617 290.531593  -36.66886  -48.62650      0.834    1502.59   3959.000   3893.512     0.8656     0.8656    -0.0000     0.5689     0.5688    -0.0000   3.115310   3.115326   0.000016    34.6998    34.7001     4.6240    27.8315    27.8318    34.6995    27.8313    1519.27    1519.27     0.5686  1045.8143    34.8719 0.0000e+00
     144636 290.531602  -36.66886  -48.62650      1.067    1502.59   3960.000   3894.486     0.8646     0.8646    -0.0001     0.5678     0.5678    -0.0001   3.115243   3.115266   0.000017    34.6997    34.7000     4.6263    27.8316    27.8318    34.6993    27.8312    1519.28    1519.28     0.5675  1045.8187    34.8717 0.0000e+00
     144652 290.531610  -36.66886  -48.62650      1.292    1502.59   3961.000   3895.461     0.8627     0.8627     0.0000     0.5658     0.5658     0.0000   3.115077   3.115089   0.000018    34.6995    34.6997     4.6305    27.8315    27.8316    34.6989    27.8310    1519.29    1519.29     0.5655  1045.8230    34.8713 0.0000e+00
     144667 290.531617  -36.66886  -48.62650      1.467    1502.59   3962.000   3896.435     0.8601     0.8601     0.0000     0.5632     0.5632     0.0000   3.114896   3.114903   0.000010    34.6996    34.6996     4.6296    27.8317    27.8317    34.6989    27.8312    1519.29    1519.29     0.5629  1045.8279    34.8714 0.0000e+00
     144682 290.531625  -36.66886  -48.62650      1.566    1502.59   3963.000   3897.410     0.8570     0.8571     0.0001     0.5601     0.5602     0.0001   3.114627   3.114646   0.000013    34.6993    34.6994     4.6268    27.8317    27.8317    34.6985    27.8310    1519.30    1519.30     0.5598  1045.8324    34.8709 0.0000e+00
     144698 290.531632  -36.66886  -48.62650      1.579    1502.59   3964.000   3898.384     0.8557     0.8556    -0.0001     0.5587     0.5586    -0.0001   3.114568   3.114585   0.000021    34.6992    34.6995     4.6319    27.8317    27.8319    34.6987    27.8313    1519.31    1519.31     0.5584  1045.8371    34.8711 0.0000e+00
     144720 290.531643  -36.66886  -48.62650      1.329    1502.59   3965.000   3899.359     0.8533     0.8533    -0.0000     0.5563     0.5562    -0.0000   3.114374   3.114369  -0.000006    34.6992    34.6991     4.6184    27.8318    27.8318    34.6984    27.8312    1519.31    1519.31     0.5560  1045.8417    34.8709 0.0000e+00
     144749 290.531657  -36.66886  -48.62650      0.919    1502.59   3966.000   3900.334     0.8515     0.8517     0.0001     0.5545     0.5546     0.0001   3.114281   3.114299   0.000017    34.6991    34.6992     4.6236    27.8319    27.8319    34.6987    27.8315    1519.32    1519.33     0.5542  1045.8466    34.8711 0.0000e+00
