Pos-Processados/process_op41/operantar41_003.cnv
* Sea-Bird SBE 9 Data File:
* FileName = C:\Users\Dell\Desktop\Operantar XLI\Raw\OP41003.hdr
* Software Version Seasave V 7.26.7.110
* Temperature SN = 6497
* Conductivity SN = 4954
* Number of Bytes Per Scan = 31
* Number of Voltage Words = 2
* Number of Scans Averaged by the Deck Unit = 1
* NMEA Latitude = 37 44.65 S
* NMEA Longitude = 048 37.45 W
* NMEA UTC (Time) = Oct 18 2022 02:57:07
* NMEA baud rate = 4800
** H41
** Navio Polar Almirante Maximiano
** LH-021/2022
** Operantar XLI
** Número da Estação 003
** Latitude 37ª44.632S
** Longitude 048ª37.496W
** Data/Hora (Z) 18/10/2022 0257Z
** Profundidade local 5500
** 09-1439
** Nome do Operador 1T FILIPE LOPES
# nquan = 30
# nvalues = 2029                        
# units = specified
# name 0 = scan: Scan Count
# name 1 = timeJ: Julian Days
# name 2 = latitude: Latitude [deg]
# name 3 = longitude: Longitude [deg]
# name 4 = dz/dtM: Descent Rate [m/s]
# name 5 = avgsvCM: Average Sound Velocity [Chen-Millero, m/s]
# name 6 = prDM: Pressure, Digiquartz [db]
# name 7 = depSM: Depth [salt water, m]
# name 8 = t090C: Temperature [ITS-90, deg C]
# name 9 = t190C: Temperature, 2 [ITS-90, deg C]
# name 10 = T2-T190C: Temperature Difference, 2 - 1 [ITS-90, deg C]
# name 11 = potemp090C: Potential Temperature [ITS-90, deg C]
# name 12 = potemp190C: Potential Temperature, 2 [ITS-90, deg C]
# name 13 = potemp90Cdiff: Potential Temperature, Diff, 2 - 1 [ITS-90, deg C]
# name 14 = c0S/m: Conductivity [S/m]
# name 15 = c1S/m: Conductivity, 2 [S/m]
# name 16 = C2-C1S/m: Conductivity Difference, 2 - 1 [S/m]
# name 17 = sal00: Salinity, Practical [PSU]
# name 18 = sal11: Salinity, Practical, 2 [PSU]
# name 19 = sbeox0ML/L: Oxygen, SBE 43 [ml/l]
# name 20 = sigma-é00: Density [sigma-theta, kg/m^3]
# name 21 = sigma-é11: Density, 2 [sigma-theta, kg/m^3]
# name 22 = sal00: Salinity, Practical [PSU]
# name 23 = sigma-é00: Density [sigma-theta, kg/m^3]
# name 24 = svCM: Sound Velocity [Chen-Millero, m/s]
# name 25 = svCM1: Sound Velocity, 2 [Chen-Millero, m/s]
# name 26 = gsw_ptA0: potential temperature [ITS-90, deg C]
# name 27 = gsw_densityA0: density, TEOS-10 [density, kg/m^3]
# name 28 = gsw_saA0: Absolute Salinity [g/kg]
# name 29 = flag:
# span 0 =       4712,      64521       
# span 1 = 291.125269, 291.154113       
# span 2 =  -37.74781,  -37.74434       
# span 3 =  -48.62373,  -48.61774       
# span 4 =     -2.057,      1.650       
# span 5 =       0.00,    1529.66       
# span 6 =      4.000,   1018.000       
# span 7 =      3.981,   1007.909       
# span 8 =     3.4357,    14.5218       
# span 9 =     3.4358,    14.5221       
# span 10 =    -0.1263,     0.1010      
# span 11 =     3.3635,    14.5004      
# span 12 =     3.3636,    14.5007      
# span 13 =    -0.1260,     0.1007      
# span 14 =   3.184004,   4.317189      
# span 15 =   3.184013,   4.317172      
# span 16 =  -0.013556,   0.009986      
# span 17 =    34.1464,    35.6075      
# span 18 =    34.1470,    35.6068      
# span 19 =     4.7707,     6.2812      
# span 20 =    26.3194,    27.2407      
# span 21 =    26.3188,    27.2408      
# span 22 =    34.1461,    35.6081      
# span 23 =    26.3194,    27.2407      
# span 24 =    1478.88,    1508.31      
# span 25 =    1478.88,    1508.31      
# span 26 =     3.3633,    14.5004      
# span 27 =  1026.3421,  1031.9455      
# span 28 =    34.3084,    35.7762      
# span 29 = 0.0000e+00, 0.0000e+00      
# interval = decibars: 1                
# start_time = Oct 18 2022 02:57:07 [NMEA time, header]
# bad_flag = -9.990e-29
*END*
[from data line 436]
      15918 291.130674  -37.74506  -48.62262      1.203    1503.29    440.000    436.254     6.6611     6.6534    -0.0077     6.6208     6.6131    -0.0077   3.455362   3.454604  -0.001035    34.3325    34.3288     5.4573    26.9444    26.9426    34.3165    26.9318    1483.71    1483.68     6.6207  1028.9422    34.4789 0.0000e+00
      15944 291.130686  -37.74506  -48.62260      1.013    1501.34    441.000    437.244     6.6873     6.6904     0.0031     6.6467     6.6499     0.0031   3.459353   3.459584   0.000152    34.3397    34.3382     5.5089    26.9466    26.9450    34.3340    26.9421    1483.85    1483.86     6.6467  1028.9567    34.4964 0.0000e+00
      15975 291.130701  -37.74506  -48.62260      0.797    1500.89    442.000    438.234     6.6412     6.6492     0.0081     6.6007     6.6087     0.0080   3.452665   3.452169  -0.000332    34.3266    34.3148     5.5604    26.9424    26.9321    34.3056    26.9259    1483.65    1483.67     6.6006  1028.9457    34.4680 0.0000e+00
      16005 291.130716  -37.74506  -48.62260      0.769    1500.89    443.000    439.225     6.5240     6.5249     0.0009     6.4838     6.4848     0.0009   3.441153   3.440673  -0.000623    34.3122    34.3044     5.5665    26.9466    26.9403    34.2948    26.9329    1483.20    1483.19     6.4838  1028.9585    34.4571 0.0000e+00
      16029 291.130727  -37.74506  -48.62261      0.908    1500.89    444.000    440.215     6.4630     6.4631     0.0001     6.4229     6.4230     0.0001   3.434715   3.433883  -0.000708    34.3022    34.2942     5.5466    26.9467    26.9404    34.2840    26.9323    1482.96    1482.95     6.4229  1028.9631    34.4462 0.0000e+00
      16048 291.130736  -37.74506  -48.62262      1.107    1500.89    445.000    441.206     6.4013     6.3850    -0.0164     6.3614     6.3452    -0.0163   3.428463   3.425745  -0.002305    34.2909    34.2817     5.5602    26.9458    26.9407    34.2757    26.9339    1482.72    1482.64     6.3613  1028.9699    34.4379 0.0000e+00
      16065 291.130745  -37.74506  -48.62262      1.278    1500.89    446.000    442.196     6.3882     6.3576    -0.0306     6.3482     6.3177    -0.0304   3.427215   3.423963  -0.003513    34.2893    34.2808     5.5904    26.9463    26.9436    34.2746    26.9347    1482.69    1482.56     6.3481  1028.9754    34.4368 0.0000e+00
      16084 291.130754  -37.74506  -48.62262      1.323    1500.89    447.000    443.186     6.3761     6.3659    -0.0103     6.3361     6.3259    -0.0102   3.426265   3.425244  -0.001222    34.2860    34.2827     5.6274    26.9453    26.9440    34.2756    26.9371    1482.66    1482.61     6.3360  1028.9825    34.4378 0.0000e+00
      16112 291.130767  -37.74506  -48.62260      1.034    1500.89    448.000    444.177     6.3997     6.4269     0.0272     6.3595     6.3866     0.0271   3.428805   3.431291   0.002448    34.2865    34.2865     5.6655    26.9426    26.9391    34.2798    26.9373    1482.77    1482.88     6.3594  1028.9870    34.4420 0.0000e+00
      16142 291.130782  -37.74508  -48.62260      0.761    1500.89    449.000    445.167     6.4242     6.4266     0.0024     6.3838     6.3862     0.0024   3.431802   3.432089   0.000320    34.2923    34.2935     5.6898    26.9440    26.9447    34.2880    26.9406    1482.89    1482.90     6.3838  1028.9946    34.4502 0.0000e+00
      16164 291.130792  -37.74508  -48.62260      0.931    1500.89    450.000    446.158     6.4391     6.4391     0.0000     6.3986     6.3986     0.0000   3.433607   3.433561  -0.000033    34.2967    34.2963     5.6942    26.9455    26.9452    34.2927    26.9424    1482.97    1482.97     6.3985  1029.0007    34.4549 0.0000e+00
      16180 291.130800  -37.74508  -48.62260      1.184    1500.89    451.000    447.148     6.4468     6.4471     0.0004     6.4061     6.4065     0.0003   3.434563   3.434572  -0.000008    34.2984    34.2980     5.6852    26.9460    26.9456    34.2951    26.9433    1483.03    1483.03     6.4060  1029.0061    34.4574 0.0000e+00
      16196 291.130808  -37.74508  -48.62260      1.409    1500.89    452.000    448.138     6.4524     6.4533     0.0008     6.4116     6.4125     0.0008   3.435145   3.435191   0.000051    34.2992    34.2989     5.6623    26.9458    26.9455    34.2954    26.9429    1483.06    1483.07     6.4116  1029.0101    34.4577 0.0000e+00
      16211 291.130815  -37.74508  -48.62260      1.540    1500.89    453.000    449.129     6.4523     6.4529     0.0006     6.4115     6.4121     0.0006   3.435273   3.435264  -0.000004    34.2999    34.2992     5.6378    26.9463    26.9457    34.2964    26.9437    1483.08    1483.08     6.4114  1029.0155    34.4587 0.0000e+00
      16226 291.130822  -37.74508  -48.62260      1.595    1500.89    454.000    450.119     6.4537     6.4542     0.0005     6.4128     6.4133     0.0005   3.435801   3.435814   0.000015    34.3028    34.3025     5.6164    26.9485    26.9482    34.3004    26.9466    1483.11    1483.11     6.4127  1029.0230    34.4627 0.0000e+00
      16240 291.130829  -37.74508  -48.62259      1.617    1500.89    455.000    451.109     6.4545     6.4550     0.0005     6.4134     6.4140     0.0005   3.436001   3.435986  -0.000021    34.3046    34.3038     5.5970    26.9499    26.9492    34.3014    26.9473    1483.13    1483.13     6.4133  1029.0282    34.4637 0.0000e+00
      16263 291.130840  -37.74508  -48.62258      1.389    1500.89    456.000    452.100     6.4519     6.4547     0.0028     6.4108     6.4135     0.0028   3.435813   3.435876   0.000058    34.3041    34.3020     5.5750    26.9498    26.9478    34.3014    26.9477    1483.14    1483.14     6.4107  1029.0332    34.4637 0.0000e+00
      16302 291.130859  -37.74508  -48.62258      0.569    1500.89    457.000    453.090     6.4484     6.4503     0.0019     6.4072     6.4091     0.0019   3.435369   3.435406   0.000057    34.3030    34.3018     5.5450    26.9494    26.9482    34.2995    26.9466    1483.14    1483.14     6.4071  1029.0367    34.4618 0.0000e+00
      16329 291.130872  -37.74508  -48.62258      0.781    1500.89    458.000    454.080     6.4167     6.4130    -0.0037     6.3755     6.3718    -0.0037   3.432488   3.431886  -0.000553    34.3031    34.3006     5.5366    26.9536    26.9521    34.2988    26.9502    1483.03    1483.01     6.3754  1029.0452    34.4611 0.0000e+00
      16350 291.130882  -37.74508  -48.62258      0.997    1500.89    459.000    455.071     6.4042     6.3956    -0.0086     6.3630     6.3544    -0.0085   3.431221   3.430193  -0.001034    34.3018    34.2989     5.5435    26.9543    26.9531    34.2967    26.9502    1482.99    1482.95     6.3629  1029.0499    34.4590 0.0000e+00
      16368 291.130891  -37.74508  -48.62258      1.198    1500.89    460.000    456.061     6.3806     6.3746    -0.0060     6.3394     6.3334    -0.0059   3.428884   3.428189  -0.000680    34.2994    34.2978     5.5462    26.9554    26.9549    34.2939    26.9511    1482.91    1482.89     6.3392  1029.0561    34.4569 0.0000e+00
      16386 291.130899 -9.990e-29  -48.62258      1.312    1500.89    461.000    457.052     6.3583     6.3530    -0.0053     6.3170     6.3118    -0.0052   3.426895   3.426222  -0.000656    34.2979    34.2959     5.5484    26.9572    26.9563    34.2936    26.9538    1482.84    1482.82     6.3169  1029.0650    34.4584 0.0000e+00
      16409 291.130911 -9.990e-29  -48.62258      1.191    1500.89    462.000    458.042     6.3656     6.3585    -0.0072     6.3242     6.3171    -0.0071   3.427725   3.427061  -0.000645    34.2968    34.2968     5.5484    26.9553    26.9563    34.2950    26.9540    1482.89    1482.86     6.3241  1029.0696    34.4598 0.0000e+00
      16439 291.130925 -9.990e-29  -48.62258      0.868    1500.89    463.000    459.032     6.3652     6.3578    -0.0075     6.3238     6.3163    -0.0074   3.427468   3.426721  -0.000747    34.2962    34.2954     5.5561    26.9550    26.9553    34.2921    26.9517    1482.90    1482.87     6.3236  1029.0719    34.4568 0.0000e+00
      16464 291.130937  -37.74510  -48.62258      0.851    1500.89    464.000    460.022     6.3371     6.3373     0.0002     6.2957     6.2958     0.0002   3.424538   3.424396  -0.000169    34.2937    34.2916     5.5689    26.9566    26.9549    34.2872    26.9515    1482.80    1482.80     6.2955  1029.0764    34.4517 0.0000e+00
      16482 291.130946  -37.74510 -9.990e-29      1.070    1500.89    465.000    461.013     6.2926     6.2903    -0.0023     6.2512     6.2489    -0.0023   3.420366   3.419899  -0.000455    34.2917    34.2889     5.5798    26.9608    26.9589    34.2849    26.9554    1482.63    1482.62     6.2511  1029.0837    34.4472 0.0000e+00
      16498 291.130953  -37.74510 -9.990e-29      1.303    1500.89    466.000    462.003     6.2791     6.2768    -0.0023     6.2376     6.2354    -0.0023   3.419231   3.418834  -0.000397    34.2903    34.2881     5.5781    26.9614    26.9600    34.2853    26.9575    1482.60    1482.59     6.2375  1029.0905    34.4476 0.0000e+00
      16513 291.130961  -37.74510 -9.990e-29      1.476    1500.89    467.000    462.994     6.2633     6.2624    -0.0009     6.2218     6.2209    -0.0009   3.417560   3.417273  -0.000292    34.2888    34.2864     5.5737    26.9623    26.9606    34.2820    26.9569    1482.55    1482.54     6.2217  1029.0946    34.4443 0.0000e+00
      16528 291.130968  -37.74510 -9.990e-29      1.572    1500.89    468.000    463.984     6.2398     6.2401     0.0003     6.1983     6.1986     0.0003   3.415173   3.414991  -0.000200    34.2866    34.2841     5.5715    26.9636    26.9616    34.2785    26.9572    1482.47    1482.46     6.1982  1029.0998    34.4408 0.0000e+00
      16543 291.130975  -37.74510 -9.990e-29      1.608    1500.89    469.000    464.974     6.2118     6.2119     0.0001     6.1704     6.1705     0.0001   3.412632   3.412408  -0.000240    34.2851    34.2823     5.5722    26.9660    26.9638    34.2776    26.9601    1482.37    1482.37     6.1702  1029.1075    34.4400 0.0000e+00
      16560 291.130983  -37.74510 -9.990e-29      1.586    1500.89    470.000    465.964     6.1815     6.1823     0.0008     6.1400     6.1408     0.0008   3.409758   3.409498  -0.000268    34.2836    34.2798     5.5718    26.9687    26.9656    34.2755    26.9623    1482.27    1482.26     6.1399  1029.1147    34.4379 0.0000e+00
      16583 291.130994  -37.74511  -48.62256      1.281    1500.89    471.000    466.955     6.1716     6.1703    -0.0013     6.1301     6.1288    -0.0013   3.409123   3.408794  -0.000282    34.2827    34.2808     5.5718    26.9693    26.9680    34.2779    26.9655    1482.25    1482.24     6.1300  1029.1242    34.4425 0.0000e+00
      16608 291.131007 -9.990e-29  -48.62256      0.958    1500.89    472.000    467.945     6.1690     6.1554    -0.0137     6.1274     6.1138    -0.0136   3.408953   3.407343  -0.001486    34.2828    34.2799     5.5624    26.9697    26.9692    34.2781    26.9660    1482.25    1482.19     6.1273  1029.1294    34.4429 0.0000e+00
      16630 291.131017 -9.990e-29  -48.62256      1.015    1500.89    473.000    468.935     6.1526     6.1318    -0.0208     6.1110     6.0903    -0.0207   3.407369   3.405105  -0.002234    34.2830    34.2789     5.5561    26.9719    26.9714    34.2764    26.9667    1482.20    1482.11     6.1109  1029.1349    34.4411 0.0000e+00
      16649 291.131026 -9.990e-29  -48.62256      1.159    1500.89    474.000    469.925     6.1310     6.1200    -0.0109     6.0893     6.0784    -0.0109   3.405501   3.404108  -0.001458    34.2826    34.2773     5.5546    26.9744    26.9716    34.2768    26.9698    1482.13    1482.08     6.0892  1029.1428    34.4415 0.0000e+00
      16667 291.131035  -37.74512  -48.62256      1.284    1500.89    475.000    470.916     6.1197     6.1102    -0.0095     6.0780     6.0686    -0.0094   3.404216   3.403071  -0.001130    34.2790    34.2759     5.5583    26.9730    26.9717    34.2732    26.9684    1482.10    1482.06     6.0779  1029.1457    34.4374 0.0000e+00
      16687 291.131044  -37.74512  -48.62256      1.285    1500.89    476.000    471.906     6.1137     6.1011    -0.0127     6.0720     6.0593    -0.0126   3.403850   3.402607  -0.001164    34.2772    34.2769     5.5572    26.9723    26.9737    34.2746    26.9703    1482.09    1482.04     6.0719  1029.1507    34.4369 0.0000e+00
      16714 291.131058  -37.74512  -48.62256      1.007    1500.89    477.000    472.896     6.1123     6.1274     0.0152     6.0704     6.0855     0.0151   3.403040   3.404914   0.001503    34.2744    34.2759     5.5456    26.9703    26.9696    34.2665    26.9641    1482.10    1482.16     6.0703  1029.1491    34.4287 0.0000e+00
      16745 291.131073  -37.74512  -48.62256      0.765    1500.89    478.000    473.886     6.0332     6.0409     0.0077     5.9916     5.9993     0.0077   3.395246   3.395291   0.000319    34.2666    34.2624     5.5655    26.9742    26.9699    34.2582    26.9676    1481.79    1481.81     5.9915  1029.1580    34.4204 0.0000e+00
      16770 291.131084  -37.74512  -48.62256      0.882    1500.89    479.000    474.877     6.0054     5.9982    -0.0072     5.9637     5.9566    -0.0072   3.392668   3.391641  -0.000969    34.2632    34.2596     5.5748    26.9750    26.9731    34.2569    26.9700    1481.69    1481.66     5.9637  1029.1653    34.4190 0.0000e+00
      16790 291.131094  -37.74512  -48.62256      1.057    1500.89    480.000    475.867     5.9649     5.9590    -0.0060     5.9234     5.9174    -0.0059   3.387701   3.386532  -0.001147    34.2575    34.2506     5.5888    26.9755    26.9708    34.2413    26.9628    1481.53    1481.49     5.9233  1029.1632    34.4034 0.0000e+00
      16809 291.131104  -37.74512  -48.62254      1.191    1500.89    481.000    476.857     5.8828     5.8738    -0.0090     5.8415     5.8325    -0.0089   3.380031   3.378739  -0.001305    34.2493    34.2437     5.6182    26.9794    26.9760    34.2373    26.9699    1481.21    1481.17     5.8414  1029.1758    34.3994 0.0000e+00
      16828 291.131113  -37.74512  -48.62254      1.264    1500.89    482.000    477.847     5.8287     5.8224    -0.0064     5.7875     5.7812    -0.0063   3.374773   3.373442  -0.001315    34.2460    34.2376     5.6359    26.9834    26.9775    34.2321    26.9724    1481.01    1480.97     5.7874  1029.1836    34.3942 0.0000e+00
      16846 291.131121  -37.74512  -48.62254      1.292    1500.89    483.000    478.838     5.7878     5.7801    -0.0078     5.7467     5.7389    -0.0078   3.370754   3.369568  -0.001203    34.2392    34.2336     5.6512    26.9831    26.9796    34.2275    26.9739    1480.85    1480.81     5.7466  1029.1901    34.3896 0.0000e+00
      16865 291.131130  -37.74512  -48.62254      1.293    1500.89    484.000    479.828     5.7619     5.7580    -0.0040     5.7208     5.7169    -0.0039   3.368081   3.367350  -0.000745    34.2343    34.2298     5.6836    26.9824    26.9794    34.2231    26.9735    1480.76    1480.74     5.7207  1029.1946    34.3850 0.0000e+00
      16883 291.131139  -37.74512  -48.62254      1.303    1500.89    485.000    480.818     5.7399     5.7363    -0.0037     5.6988     5.6951    -0.0036   3.365951   3.365235  -0.000717    34.2313    34.2269     5.7231    26.9828    26.9797    34.2207    26.9744    1480.68    1480.66     5.6987  1029.2003    34.3827 0.0000e+00
      16900 291.131147  -37.74514  -48.62254      1.345    1500.89    486.000    481.808     5.7192     5.7166    -0.0026     5.6780     5.6754    -0.0026   3.363896   3.363436  -0.000510    34.2286    34.2254     5.7538    26.9831    26.9810    34.2180    26.9748    1480.61    1480.60     5.6779  1029.2055    34.3800 0.0000e+00
