Pos-Processados/process_op41/operantar41_013.ros
* Sea-Bird SBE 9 Data File:
* FileName = C:\Users\Dell\Desktop\OperantarXLI\config\00_BRUTOS\OPE41013.hdr
* Software Version Seasave V 7.26.7.110
* Temperature SN = 6497
* Conductivity SN = 4954
* Number of Bytes Per Scan = 31
* Number of Voltage Words = 2
* Number of Scans Averaged by the Deck Unit = 1
* NMEA Latitude = 44 23.34 S
* NMEA Longitude = 051 50.60 W
* NMEA UTC (Time) = Oct 23 2022 20:53:51
* NMEA baud rate = 4800
** H41
** Navio Polar Almirante Maximiano
** LH-021/2022
** Operantar XLI
** Número da Estação 013
** Latitude 44 23.224' S
** Longitude 051 51.256' W
** Data/Hora (Z) 23/10/2022 2044Z
** Profundidade local 5823 m
** 09-1439
** Nome do Operador CT Garla
# nquan = 24
# nvalues = 1248                                  
# units = specified
# name 0 = scan: Scan Count
# name 1 = timeJ: Julian Days
# name 2 = latitude: Latitude [deg]
# name 3 = longitude: Longitude [deg]
# name 4 = dz/dtM: Descent Rate [m/s]
# name 5 = avgsvCM: Average Sound Velocity [Chen-Millero, m/s]
# name 6 = prDM: Pressure, Digiquartz [db]
# name 7 = depSM: Depth [salt water, m]
# name 8 = t090C: Temperature [ITS-90, deg C]
# name 9 = t190C: Temperature, 2 [ITS-90, deg C]
# name 10 = T2-T190C: Temperature Difference, 2 - 1 [ITS-90, deg C]
# name 11 = potemp090C: Potential Temperature [ITS-90, deg C]
# name 12 = potemp190C: Potential Temperature, 2 [ITS-90, deg C]
# name 13 = potemp90Cdiff: Potential Temperature, Diff, 2 - 1 [ITS-90, deg C]
# name 14 = c0S/m: Conductivity [S/m]
# name 15 = c1S/m: Conductivity, 2 [S/m]
# name 16 = C2-C1S/m: Conductivity Difference, 2 - 1 [S/m]
# name 17 = sal00: Salinity, Practical [PSU]
# name 18 = sal11: Salinity, Practical, 2 [PSU]
# name 19 = sbeox0ML/L: Oxygen, SBE 43 [ml/l]
# name 20 = sigma-é00: Density [sigma-theta, kg/m^3]
# name 21 = sigma-é11: Density, 2 [sigma-theta, kg/m^3]
# name 22 = nbf: Bottles Fired
# name 23 = flag:  0.000e+00
# interval = seconds: 0.0416667
# start_time = Oct 23 2022 20:53:51 [NMEA time, header]
# bad_flag = -9.990e-29
*END*
[from data line 1087]
       9008 296.875073  -44.39030  -51.83682     -0.243    1504.08      6.151      6.101    14.0017    14.0019     0.0003    14.0008    14.0010     0.0003   4.220496   4.220416  -0.000080    35.2456    35.2446     5.7629    26.3768    26.3760         24  0.000e+00
       9009 296.875073  -44.39030  -51.83682     -0.224    1504.08      6.151      6.101    14.0017    14.0019     0.0003    14.0008    14.0010     0.0003   4.220470   4.220409  -0.000061    35.2454    35.2446     5.7594    26.3766    26.3760         24  0.000e+00
       9010 296.875074  -44.39030  -51.83682     -0.199    1504.08      6.215      6.165    14.0019    14.0019     0.0000    14.0010    14.0010     0.0000   4.220483   4.220476  -0.000007    35.2452    35.2452     5.7596    26.3765    26.3764         24  0.000e+00
       9011 296.875074  -44.39030  -51.83682     -0.178    1504.08      6.151      6.101    14.0018    14.0019     0.0001    14.0010    14.0010     0.0001   4.220496   4.220509   0.000013    35.2454    35.2455     5.7596    26.3767    26.3767         24  0.000e+00
       9012 296.875075  -44.39030  -51.83682     -0.155    1504.08      6.215      6.165    14.0017    14.0021     0.0004    14.0008    14.0012     0.0004   4.220489   4.220496   0.000006    35.2455    35.2452     5.7638    26.3768    26.3764         24  0.000e+00
       9013 296.875075  -44.39030  -51.83682     -0.135    1504.08      6.215      6.165    14.0018    14.0017    -0.0001    14.0009    14.0008    -0.0001   4.220489   4.220469  -0.000020    35.2453    35.2453     5.7643    26.3766    26.3765         24  0.000e+00
       9014 296.875076  -44.39030  -51.83682     -0.118    1504.08      6.215      6.165    14.0017    14.0019     0.0002    14.0008    14.0010     0.0002   4.220522   4.220462  -0.000060    35.2458    35.2450     5.7687    26.3770    26.3763         24  0.000e+00
       9015 296.875076  -44.39030  -51.83682     -0.093    1504.08      6.272      6.221    14.0020    14.0019    -0.0001    14.0011    14.0010    -0.0001   4.220476   4.220523   0.000046    35.2451    35.2456     5.7650    26.3763    26.3767         24  0.000e+00
       9016 296.875077  -44.39030  -51.83682     -0.071    1504.08      6.272      6.221    14.0018    14.0021     0.0002    14.0009    14.0012     0.0002   4.220542   4.220509  -0.000033    35.2458    35.2453     5.7650    26.3770    26.3765         24  0.000e+00
       9017 296.875077  -44.39030  -51.83682     -0.053    1504.08      6.272      6.221    14.0022    14.0019    -0.0003    14.0013    14.0010    -0.0003   4.220489   4.220469  -0.000020    35.2450    35.2451     5.7648    26.3762    26.3764         24  0.000e+00
       9018 296.875078  -44.39030  -51.83682     -0.034    1504.08      6.272      6.221    14.0020    14.0021     0.0001    14.0011    14.0012     0.0001   4.220516   4.220462  -0.000053    35.2454    35.2448     5.7647    26.3766    26.3761         24  0.000e+00
       9019 296.875078  -44.39030  -51.83682     -0.008    1504.08      6.328      6.277    14.0020    14.0021     0.0001    14.0011    14.0012     0.0001   4.220536   4.220429  -0.000107    35.2456    35.2445     5.7645    26.3768    26.3759         24  0.000e+00
       9020 296.875079  -44.39030  -51.83680      0.011    1504.08      6.328      6.277    14.0020    14.0021     0.0001    14.0011    14.0012     0.0001   4.220503   4.220569   0.000067    35.2452    35.2458     5.7643    26.3765    26.3769         24  0.000e+00
       9021 296.875079  -44.39030  -51.83680      0.030    1504.08      6.336      6.285    14.0022    14.0026     0.0004    14.0013    14.0017     0.0004   4.220542   4.220523  -0.000020    35.2455    35.2449     5.7644    26.3766    26.3761         24  0.000e+00
       9022 296.875080  -44.39030  -51.83680      0.052    1504.08      6.392      6.341    14.0020    14.0024     0.0004    14.0011    14.0015     0.0004   4.220542   4.220523  -0.000020    35.2456    35.2451     5.7645    26.3768    26.3763         24  0.000e+00
       9023 296.875080  -44.39030  -51.83680      0.075    1504.08      6.449      6.397    14.0019    14.0024     0.0005    14.0010    14.0015     0.0005   4.220555   4.220503  -0.000053    35.2458    35.2448     5.7646    26.3770    26.3761         24  0.000e+00
       9024 296.875081  -44.39030  -51.83680      0.094    1504.08      6.392      6.341    14.0023    14.0024     0.0001    14.0014    14.0015     0.0001   4.220542   4.220496  -0.000046    35.2453    35.2448     5.7645    26.3765    26.3761         24  0.000e+00
       9025 296.875081  -44.39030  -51.83680      0.115    1504.08      6.513      6.460    14.0022    14.0024     0.0002    14.0012    14.0015     0.0002   4.220555   4.220563   0.000007    35.2455    35.2454     5.7642    26.3767    26.3765         24  0.000e+00
       9026 296.875082  -44.39030  -51.83680      0.133    1504.08      6.449      6.397    14.0024    14.0024     0.0001    14.0014    14.0015     0.0001   4.220542   4.220549   0.000007    35.2453    35.2453     5.7641    26.3764    26.3764         24  0.000e+00
       9027 296.875082  -44.39030  -51.83680      0.153    1504.08      6.513      6.460    14.0022    14.0024     0.0002    14.0012    14.0015     0.0002   4.220555   4.220536  -0.000019    35.2455    35.2451     5.7640    26.3767    26.3763         24  0.000e+00
       9028 296.875082  -44.39030  -51.83680      0.177    1504.08      6.577      6.524    14.0022    14.0023     0.0001    14.0012    14.0013     0.0001   4.220569   4.220556  -0.000012    35.2456    35.2454     5.7639    26.3767    26.3766         24  0.000e+00
       9029 296.875083  -44.39030  -51.83680      0.199    1504.08      6.626      6.572    14.0022    14.0024     0.0002    14.0013    14.0015     0.0002   4.220595   4.220570  -0.000025    35.2458    35.2454     5.7638    26.3769    26.3765         24  0.000e+00
       9030 296.875083  -44.39030  -51.83680      0.220    1504.08      6.569      6.516    14.0025    14.0024    -0.0001    14.0016    14.0015    -0.0001   4.220602   4.220636   0.000035    35.2456    35.2460     5.7635    26.3767    26.3770         24  0.000e+00
       9031 296.875084  -44.39030  -51.83680      0.243    1504.08      6.690      6.636    14.0022    14.0026     0.0004    14.0012    14.0016     0.0004   4.220575   4.220623   0.000048    35.2456    35.2457     5.7634    26.3768    26.3767         24  0.000e+00
       9032 296.875084  -44.39030  -51.83680      0.266    1504.08      6.690      6.636    14.0022    14.0026     0.0004    14.0013    14.0016     0.0004   4.220569   4.220523  -0.000046    35.2455    35.2448     5.7632    26.3767    26.3760         24  0.000e+00
       9033 296.875085  -44.39030  -51.83680      0.286    1504.08      6.746      6.692    14.0022    14.0028     0.0006    14.0012    14.0018     0.0006   4.220595   4.220550  -0.000046    35.2458    35.2448     5.7670    26.3769    26.3760         24  0.000e+00
       9034 296.875085  -44.39030  -51.83680      0.309    1504.08      6.746      6.692    14.0022    14.0030     0.0008    14.0012    14.0020     0.0008   4.220549   4.220637   0.000088    35.2454    35.2455     5.7634    26.3766    26.3765         24  0.000e+00
       9035 296.875086  -44.39030  -51.83680      0.330    1504.08      6.811      6.756    14.0022    14.0029     0.0007    14.0012    14.0019     0.0007   4.220589   4.220643   0.000055    35.2457    35.2455     5.7631    26.3768    26.3765         24  0.000e+00
       9036 296.875086  -44.39030  -51.83680      0.353    1504.08      6.811      6.756    14.0025    14.0030     0.0004    14.0016    14.0020     0.0004   4.220608   4.220616   0.000008    35.2456    35.2453     5.7626    26.3766    26.3763         24  0.000e+00
       9037 296.875087  -44.39030  -51.83680      0.374    1504.08      6.867      6.812    14.0025    14.0030     0.0005    14.0015    14.0020     0.0005   4.220608   4.220550  -0.000059    35.2456    35.2446     5.7623    26.3766    26.3758         24  0.000e+00
       9038 296.875087  -44.39030  -51.83680      0.397    1504.08      6.923      6.868    14.0028    14.0029     0.0001    14.0018    14.0019     0.0001   4.220661   4.220590  -0.000071    35.2457    35.2450     5.7619    26.3767    26.3761         24  0.000e+00
       9039 296.875088  -44.39030  -51.83680      0.418    1504.08      6.923      6.868    14.0029    14.0030     0.0001    14.0019    14.0020     0.0001   4.220641   4.220650   0.000009    35.2455    35.2455     5.7618    26.3765    26.3765         24  0.000e+00
       9040 296.875088  -44.39030  -51.83680      0.447    1504.08      7.044      6.987    14.0028    14.0026    -0.0002    14.0018    14.0016    -0.0002   4.220635   4.220590  -0.000045    35.2454    35.2452     5.7618    26.3765    26.3764         24  0.000e+00
       9041 296.875089  -44.39030  -51.83680      0.468    1504.08      6.988      6.931    14.0028    14.0026    -0.0002    14.0018    14.0016    -0.0002   4.220641   4.220543  -0.000098    35.2455    35.2448     5.7616    26.3765    26.3761         24  0.000e+00
       9042 296.875089  -44.39030  -51.83680      0.486    1504.08      7.052      6.995    14.0024    14.0024     0.0001    14.0013    14.0014     0.0001   4.220641   4.220556  -0.000085    35.2459    35.2451     5.7616    26.3770    26.3763         24  0.000e+00
       9043 296.875090  -44.39030  -51.83680      0.504    1504.08      7.044      6.987    14.0026    14.0024    -0.0002    14.0016    14.0014    -0.0002   4.220615   4.220597  -0.000019    35.2454    35.2455     5.7614    26.3765    26.3766         24  0.000e+00
       9044 296.875090  -44.39032  -51.83678      0.528    1504.08      7.101      7.043    14.0026    14.0024    -0.0002    14.0016    14.0014    -0.0002   4.220628   4.220617  -0.000012    35.2455    35.2456     5.7609    26.3766    26.3767         24  0.000e+00
       9045 296.875091  -44.39032  -51.83678      0.538    1504.08      7.044      6.987    14.0025    14.0023    -0.0003    14.0015    14.0013    -0.0003   4.220641   4.220610  -0.000032    35.2458    35.2457     5.7603    26.3768    26.3768         24  0.000e+00
       9046 296.875091  -44.39032  -51.83678      0.557    1504.08      7.165      7.107    14.0026    14.0024    -0.0002    14.0016    14.0014    -0.0002   4.220615   4.220577  -0.000039    35.2454    35.2452     5.7602    26.3765    26.3764         24  0.000e+00
       9047 296.875092  -44.39032  -51.83678      0.569    1504.08      7.101      7.043    14.0022    14.0022     0.0001    14.0012    14.0012     0.0001   4.220628   4.220570  -0.000058    35.2460    35.2454     5.7599    26.3770    26.3766         24  0.000e+00
       9048 296.875092  -44.39032  -51.83678      0.580    1504.08      7.109      7.051    14.0025    14.0023    -0.0003    14.0015    14.0013    -0.0003   4.220635   4.220550  -0.000085    35.2457    35.2451     5.7596    26.3767    26.3764         24  0.000e+00
       9049 296.875093  -44.39032  -51.83678      0.591    1504.08      7.165      7.107    14.0022    14.0023     0.0001    14.0011    14.0012     0.0001   4.220615   4.220563  -0.000052    35.2458    35.2452     5.7594    26.3769    26.3764         24  0.000e+00
       9050 296.875093  -44.39032  -51.83678      0.603    1504.08      7.165      7.107    14.0023    14.0022    -0.0001    14.0013    14.0012    -0.0001   4.220608   4.220543  -0.000065    35.2456    35.2451     5.7632    26.3767    26.3763         24  0.000e+00
       9051 296.875094  -44.39032  -51.83678      0.613    1504.08      7.221      7.163    14.0024    14.0019    -0.0005    14.0013    14.0009    -0.0005   4.220609   4.220536  -0.000072    35.2456    35.2453     5.7592    26.3767    26.3766         24  0.000e+00
       9052 296.875094  -44.39032  -51.83678      0.616    1504.08      7.165      7.107    14.0023    14.0021    -0.0002    14.0013    14.0011    -0.0002   4.220608   4.220536  -0.000072    35.2456    35.2452     5.7633    26.3767    26.3764         24  0.000e+00
       9053 296.875095  -44.39032  -51.83678      0.620    1504.08      7.221      7.163    14.0025    14.0022    -0.0003    14.0015    14.0012    -0.0003   4.220628   4.220577  -0.000052    35.2456    35.2454     5.7596    26.3767    26.3766         24  0.000e+00
       9054 296.875095  -44.39032  -51.83678      0.622    1504.08      7.165      7.107    14.0025    14.0019    -0.0006    14.0015    14.0009    -0.0006   4.220641   4.220570  -0.000072    35.2457    35.2456     5.7593    26.3768    26.3768         24  0.000e+00
       9055 296.875095  -44.39032  -51.83678      0.625    1504.08      7.229      7.171    14.0025    14.0021    -0.0004    14.0015    14.0011    -0.0004   4.220641   4.220570  -0.000072    35.2457    35.2454     5.7590    26.3768    26.3766         24  0.000e+00
       9056 296.875096  -44.39032  -51.83678      0.621    1504.08      7.165      7.107    14.0025    14.0019    -0.0006    14.0015    14.0009    -0.0006   4.220615   4.220510  -0.000105    35.2455    35.2451     5.7585    26.3766    26.3764         24  0.000e+00
       9057 296.875096  -44.39032  -51.83678      0.618    1504.08      7.221      7.163    14.0020    14.0021     0.0001    14.0010    14.0011     0.0001   4.220602   4.220577  -0.000025    35.2458    35.2455     5.7586    26.3769    26.3767         24  0.000e+00
       9058 296.875097  -44.39032  -51.83678      0.610    1504.08      7.165      7.107    14.0022    14.0021    -0.0001    14.0011    14.0011    -0.0001   4.220576   4.220590   0.000014    35.2454    35.2457     5.7582    26.3766    26.3768         24  0.000e+00
       9059 296.875097  -44.39032  -51.83678      0.606    1504.08      7.221      7.163    14.0022    14.0017    -0.0004    14.0011    14.0007    -0.0004   4.220569   4.220603   0.000034    35.2454    35.2461     5.7578    26.3766    26.3772         24  0.000e+00
       9060 296.875098  -44.39032  -51.83678      0.595    1504.08      7.221      7.163    14.0020    14.0019    -0.0001    14.0010    14.0009    -0.0001   4.220622   4.220496  -0.000125    35.2460    35.2449     5.7614    26.3771    26.3763         24  0.000e+00
       9061 296.875098  -44.39032  -51.83678      0.583    1504.08      7.165      7.107    14.0022    14.0019    -0.0003    14.0011    14.0009    -0.0003   4.220641   4.220483  -0.000159    35.2461    35.2448     5.7617    26.3771    26.3762         24  0.000e+00
       9062 296.875099  -44.39032  -51.83678      0.568    1504.08      7.165      7.107    14.0025    14.0017    -0.0008    14.0015    14.0007    -0.0008   4.220641   4.220536  -0.000105    35.2458    35.2455     5.7619    26.3768    26.3768         24  0.000e+00
       9063 296.875099  -44.39032  -51.83678      0.551    1504.08      7.165      7.107    14.0025    14.0021    -0.0004    14.0015    14.0011    -0.0004   4.220641   4.220563  -0.000078    35.2458    35.2454     5.7585    26.3768    26.3766         24  0.000e+00
       9064 296.875100  -44.39032  -51.83678      0.535    1504.08      7.165      7.107    14.0029    14.0021    -0.0008    14.0018    14.0011    -0.0008   4.220694   4.220597  -0.000098    35.2459    35.2457     5.7584    26.3768    26.3769         24  0.000e+00
       9065 296.875100  -44.39032  -51.83678      0.517    1504.08      7.165      7.107    14.0026    14.0026    -0.0000    14.0016    14.0016    -0.0000   4.220688   4.220550  -0.000138    35.2461    35.2448     5.7583    26.3770    26.3761         24  0.000e+00
       9066 296.875101  -44.39032  -51.83678      0.493    1504.08      7.101      7.043    14.0028    14.0031     0.0003    14.0018    14.0021     0.0003   4.220701   4.220617  -0.000084    35.2460    35.2450     5.7581    26.3769    26.3761         24  0.000e+00
       9067 296.875101  -44.39032  -51.83678      0.467    1504.08      7.101      7.043    14.0030    14.0033     0.0003    14.0020    14.0023     0.0003   4.220707   4.220710   0.000003    35.2459    35.2457     5.7580    26.3768    26.3766         24  0.000e+00
