Pos-Processados/process_op41/operantar41_022.ros
* Sea-Bird SBE 9 Data File:
* FileName = C:\Users\Dell\Desktop\OperantarXLI\config\00_BRUTOS\OPE41022.hdr
* Software Version Seasave V 7.26.7.110
* Temperature SN = 6497
* Conductivity SN = 4954
* Number of Bytes Per Scan = 34
* Number of Voltage Words = 3
* Number of Scans Averaged by the Deck Unit = 1
* NMEA Latitude = 59 45.37 S
* NMEA Longitude = 062 03.38 W
* NMEA UTC (Time) = Nov 14 2022 23:10:24
* NMEA baud rate = 4800
** H41
** Navio Polar Almirante Maximiano
** LH-021/2022
** Operantar XLI
** Número da Estação 022
** Latitude 59 45.358'S
** Longitude 062 03.362'W
** Data/Hora (Z) 14/11/2022 23:11
** Profundidade local 4103 m
** 09-1439
** Nome do Operador CT Garla
# nquan = 24
# nvalues = 1141                                  
# units = specified
# name 0 = scan: Scan Count
# name 1 = timeJ: Julian Days
# name 2 = latitude: Latitude [deg]
# name 3 = longitude: Longitude [deg]
# name 4 = dz/dtM: Descent Rate [m/s]
# name 5 = avgsvCM: Average Sound Velocity [Chen-Millero, m/s]
# name 6 = prDM: Pressure, Digiquartz [db]
# name 7 = depSM: Depth [salt water, m]
# name 8 = t090C: Temperature [ITS-90, deg C]
# name 9 = t190C: Temperature, 2 [ITS-90, deg C]
# name 10 = T2-T190C: Temperature Difference, 2 - 1 [ITS-90, deg C]
# name 11 = potemp090C: Potential Temperature [ITS-90, deg C]
# name 12 = potemp190C: Potential Temperature, 2 [ITS-90, deg C]
# name 13 = potemp90Cdiff: Potential Temperature, Diff, 2 - 1 [ITS-90, deg C]
# name 14 = c0S/m: Conductivity [S/m]
# name 15 = c1S/m: Conductivity, 2 [S/m]
# name 16 = C2-C1S/m: Conductivity Difference, 2 - 1 [S/m]
# name 17 = sal00: Salinity, Practical [PSU]
# name 18 = sal11: Salinity, Practical, 2 [PSU]
# name 19 = sbeox0ML/L: Oxygen, SBE 43 [ml/l]
# name 20 = sigma-é00: Density [sigma-theta, kg/m^3]
# name 21 = sigma-é11: Density, 2 [sigma-theta, kg/m^3]
# name 22 = nbf: Bottles Fired
# name 23 = flag:  0.000e+00
# interval = seconds: 0.0416667
# start_time = Nov 14 2022 23:10:24 [NMEA time, header]
# bad_flag = -9.990e-29
*END*
[from data line 665]
     129091 319.027810  -59.76930  -62.06544      0.287    1474.40     92.902     92.007    -0.4740    -0.4775    -0.0035    -0.4768    -0.4803    -0.0035   2.775350   2.775018  -0.000332    33.7645    33.7639     7.8253    27.1311    27.1308          8  0.000e+00
     129092 319.027810  -59.76930  -62.06544      0.290    1474.40     92.959     92.063    -0.4740    -0.4780    -0.0040    -0.4768    -0.4808    -0.0040   2.775322   2.775030  -0.000293    33.7640    33.7646     7.8249    27.1308    27.1314          8  0.000e+00
     129093 319.027811  -59.76930  -62.06544      0.285    1474.40     92.902     92.007    -0.4760    -0.4783    -0.0023    -0.4788    -0.4811    -0.0023   2.775143   2.775018  -0.000125    33.7639    33.7648     7.8260    27.1308    27.1316          8  0.000e+00
     129094 319.027811  -59.76930  -62.06544      0.289    1474.40     93.023     92.127    -0.4767    -0.4792    -0.0025    -0.4795    -0.4820    -0.0025   2.775171   2.774990  -0.000181    33.7651    33.7654     7.8270    27.1317    27.1321          8  0.000e+00
     129095 319.027812  -59.76930  -62.06544      0.291    1474.40     93.023     92.127    -0.4760    -0.4793    -0.0034    -0.4788    -0.4822    -0.0034   2.775177   2.774961  -0.000215    33.7643    33.7652     7.8278    27.1311    27.1319          8  0.000e+00
     129096 319.027812  -59.76930  -62.06544      0.292    1474.40     93.015     92.119    -0.4767    -0.4795    -0.0028    -0.4795    -0.4823    -0.0028   2.775109   2.774939  -0.000171    33.7642    33.7651     7.8214    27.1311    27.1318          8  0.000e+00
     129097 319.027812  -59.76930  -62.06544      0.298    1474.40     93.023     92.127    -0.4784    -0.4798    -0.0014    -0.4812    -0.4826    -0.0014   2.774953   2.774933  -0.000020    33.7640    33.7653     7.8274    27.1309    27.1320          8  0.000e+00
     129098 319.027813  -59.76930  -62.06544      0.303    1474.40     93.088     92.191    -0.4797    -0.4800    -0.0003    -0.4825    -0.4828    -0.0003   2.774947   2.774870  -0.000077    33.7653    33.7646     7.8278    27.1321    27.1315          8  0.000e+00
     129099 319.027813  -59.76930  -62.06544      0.303    1474.40     93.023     92.127    -0.4781    -0.4798    -0.0017    -0.4809    -0.4826    -0.0017   2.775098   2.774893  -0.000205    33.7656    33.7648     7.8276    27.1322    27.1316          8  0.000e+00
     129100 319.027814  -59.76930  -62.06544      0.309    1474.40     93.080     92.183    -0.4755    -0.4801    -0.0046    -0.4783    -0.4830    -0.0046   2.775244   2.774882  -0.000362    33.7646    33.7649     7.8264    27.1313    27.1318          8  0.000e+00
     129101 319.027814  -59.76930  -62.06544      0.313    1474.40     93.144     92.247    -0.4760    -0.4803    -0.0043    -0.4788    -0.4831    -0.0043   2.775076   2.774859  -0.000217    33.7629    33.7647     7.8270    27.1299    27.1316          8  0.000e+00
     129102 319.027815  -59.76930  -62.06544      0.315    1474.40     93.088     92.191    -0.4786    -0.4803    -0.0018    -0.4814    -0.4831    -0.0018   2.774913   2.774853  -0.000060    33.7636    33.7648     7.8281    27.1306    27.1316          8  0.000e+00
     129103 319.027815  -59.76930  -62.06544      0.320    1474.40     93.144     92.247    -0.4803    -0.4804    -0.0002    -0.4831    -0.4832    -0.0002   2.774824   2.774831   0.000007    33.7643    33.7645     7.8291    27.1312    27.1315          8  0.000e+00
     129104 319.027816  -59.76930  -62.06544      0.323    1474.40     93.144     92.247    -0.4809    -0.4808     0.0001    -0.4837    -0.4836     0.0001   2.774863   2.774785  -0.000078    33.7655    33.7643     7.8298    27.1322    27.1313          8  0.000e+00
     129105 319.027816  -59.76930  -62.06544      0.324    1474.40     93.136     92.239    -0.4804    -0.4808    -0.0003    -0.4833    -0.4836    -0.0003   2.774885   2.774831  -0.000055    33.7653    33.7649     7.8304    27.1321    27.1318          8  0.000e+00
     129106 319.027817  -59.76930  -62.06544      0.327    1474.40     93.201     92.303    -0.4800    -0.4811    -0.0011    -0.4828    -0.4839    -0.0011   2.774902   2.774808  -0.000094    33.7650    33.7649     7.8247    27.1318    27.1318          8  0.000e+00
     129107 319.027817  -59.76930  -62.06544      0.332    1474.40     93.201     92.303    -0.4799    -0.4814    -0.0015    -0.4827    -0.4842    -0.0015   2.774891   2.774797  -0.000094    33.7647    33.7651     7.8311    27.1316    27.1320          8  0.000e+00
     129108 319.027818  -59.76930  -62.06544      0.336    1474.40     93.201     92.303    -0.4806    -0.4817    -0.0011    -0.4834    -0.4845    -0.0011   2.774863   2.774757  -0.000106    33.7652    33.7649     7.8258    27.1320    27.1318          8  0.000e+00
     129109 319.027818  -59.76930  -62.06544      0.338    1474.40     93.201     92.303    -0.4809    -0.4815    -0.0006    -0.4837    -0.4843    -0.0006   2.774913   2.774706  -0.000208    33.7662    33.7640     7.8260    27.1328    27.1311          8  0.000e+00
     129110 319.027819  -59.76930  -62.06544      0.338    1474.40     93.201     92.303    -0.4801    -0.4819    -0.0018    -0.4829    -0.4847    -0.0018   2.775053   2.774728  -0.000325    33.7671    33.7648     7.8260    27.1335    27.1317          8  0.000e+00
     129111 319.027819  -59.76930  -62.06544      0.343    1474.40     93.265     92.367    -0.4783    -0.4819    -0.0036    -0.4811    -0.4847    -0.0036   2.775132   2.774728  -0.000403    33.7661    33.7647     7.8261    27.1326    27.1316          8  0.000e+00
     129112 319.027820  -59.76930  -62.06544      0.344    1474.40     93.265     92.367    -0.4752    -0.4820    -0.0068    -0.4780    -0.4848    -0.0068   2.775418   2.774740  -0.000678    33.7665    33.7650     7.8247    27.1328    27.1319          9  0.000e+00
     129113 319.027820  -59.76930  -62.06544      0.350    1474.40     93.322     92.423    -0.4704    -0.4819    -0.0114    -0.4733    -0.4847    -0.0114   2.775647   2.774746  -0.000902    33.7642    33.7649     7.8244    27.1308    27.1318          9  0.000e+00
     129114 319.027821  -59.76930  -62.06544      0.350    1474.40     93.257     92.359    -0.4670    -0.4819    -0.0148    -0.4698    -0.4847    -0.0148   2.775815   2.774728  -0.001087    33.7627    33.7647     7.8232    27.1294    27.1316          9  0.000e+00
     129115 319.027821  -59.76930  -62.06544      0.352    1474.40     93.322     92.423    -0.4648    -0.4820    -0.0172    -0.4676    -0.4848    -0.0172   2.775753   2.774740  -0.001014    33.7594    33.7649     7.8237    27.1266    27.1318          9  0.000e+00
     129116 319.027822  -59.76930  -62.06546      0.353    1474.40     93.322     92.423    -0.4652    -0.4817    -0.0165    -0.4680    -0.4845    -0.0165   2.775585   2.774746  -0.000840    33.7576    33.7647     7.8238    27.1252    27.1316          9  0.000e+00
     129117 319.027822  -59.76930  -62.06546      0.356    1474.40     93.322     92.423    -0.4677    -0.4815    -0.0138    -0.4705    -0.4843    -0.0138   2.775479   2.774768  -0.000711    33.7590    33.7648     7.8243    27.1264    27.1317          9  0.000e+00
     129118 319.027823  -59.76930  -62.06546      0.356    1474.40     93.378     92.478    -0.4701    -0.4817    -0.0116    -0.4730    -0.4846    -0.0116   2.775361   2.774774  -0.000588    33.7601    33.7651     7.8249    27.1274    27.1320          9  0.000e+00
     129119 319.027823  -59.76930  -62.06546      0.355    1474.40     93.322     92.423    -0.4714    -0.4817    -0.0103    -0.4742    -0.4845    -0.0103   2.775384   2.774751  -0.000633    33.7618    33.7648     7.8252    27.1288    27.1317          9  0.000e+00
     129120 319.027824  -59.76930  -62.06546      0.360    1474.40     93.443     92.542    -0.4718    -0.4819    -0.0101    -0.4746    -0.4847    -0.0101   2.775406   2.774746  -0.000661    33.7625    33.7648     7.8256    27.1294    27.1317          9  0.000e+00
     129121 319.027824  -59.76930  -62.06546      0.363    1474.40     93.386     92.487    -0.4700    -0.4819    -0.0119    -0.4728    -0.4847    -0.0119   2.775642   2.774706  -0.000936    33.7636    33.7643     7.8254    27.1303    27.1313          9  0.000e+00
     129122 319.027825  -59.76930  -62.06546      0.361    1474.40     93.386     92.487    -0.4672    -0.4819    -0.0146    -0.4701    -0.4847    -0.0146   2.775720   2.774694  -0.001026    33.7616    33.7641     7.8252    27.1286    27.1312          9  0.000e+00
     129123 319.027825  -59.76930  -62.06546      0.363    1474.40     93.435     92.534    -0.4667    -0.4819    -0.0151    -0.4696    -0.4847    -0.0151   2.775798   2.774734  -0.001064    33.7621    33.7647     7.8256    27.1289    27.1316          9  0.000e+00
     129124 319.027826  -59.76930  -62.06546      0.364    1474.40     93.443     92.542    -0.4660    -0.4820    -0.0160    -0.4688    -0.4848    -0.0159   2.775787   2.774706  -0.001081    33.7611    33.7644     7.8260    27.1281    27.1314          9  0.000e+00
     129125 319.027826  -59.76930  -62.06546      0.364    1474.40     93.443     92.542    -0.4660    -0.4820    -0.0161    -0.4688    -0.4848    -0.0161   2.775810   2.774711  -0.001098    33.7614    33.7645     7.8267    27.1283    27.1315          9  0.000e+00
     129126 319.027826  -59.76930  -62.06546      0.362    1474.40     93.443     92.542    -0.4661    -0.4820    -0.0159    -0.4689    -0.4848    -0.0159   2.775843   2.774740  -0.001103    33.7620    33.7649     7.8274    27.1288    27.1318          9  0.000e+00
     129127 319.027827  -59.76930  -62.06546      0.361    1474.40     93.499     92.598    -0.4654    -0.4812    -0.0158    -0.4683    -0.4841    -0.0158   2.775910   2.774780  -0.001131    33.7621    33.7645     7.8281    27.1288    27.1315          9  0.000e+00
     129128 319.027827  -59.76930  -62.06546      0.362    1474.40     93.499     92.598    -0.4648    -0.4811    -0.0162    -0.4677    -0.4839    -0.0162   2.775950   2.774757  -0.001193    33.7620    33.7640     7.8289    27.1287    27.1311          9  0.000e+00
     129129 319.027828  -59.76930  -62.06546      0.362    1474.40     93.499     92.598    -0.4645    -0.4812    -0.0167    -0.4673    -0.4841    -0.0167   2.775955   2.774768  -0.001187    33.7617    33.7644     7.8287    27.1284    27.1314          9  0.000e+00
     129130 319.027828  -59.76930  -62.06546      0.359    1474.40     93.499     92.598    -0.4648    -0.4814    -0.0166    -0.4677    -0.4842    -0.0166   2.775854   2.774774  -0.001080    33.7607    33.7646     7.8288    27.1277    27.1316          9  0.000e+00
     129131 319.027829  -59.76930  -62.06546      0.356    1474.40     93.499     92.598    -0.4665    -0.4812    -0.0147    -0.4693    -0.4841    -0.0147   2.775770   2.774808  -0.000962    33.7614    33.7649     7.8292    27.1283    27.1318          9  0.000e+00
     129132 319.027829  -59.76930  -62.06546      0.360    1474.40     93.612     92.710    -0.4683    -0.4811    -0.0128    -0.4711    -0.4839    -0.0128   2.775608   2.774905  -0.000703    33.7611    33.7659     7.8244    27.1282    27.1326          9  0.000e+00
     129133 319.027830  -59.76930  -62.06546      0.356    1474.40     93.499     92.598    -0.4727    -0.4799    -0.0071    -0.4756    -0.4827    -0.0071   2.775227   2.774990  -0.000237    33.7611    33.7658     7.8310    27.1283    27.1325          9  0.000e+00
     129134 319.027830  -59.76930  -62.06546      0.354    1474.40     93.564     92.662    -0.4769    -0.4795    -0.0027    -0.4797    -0.4823    -0.0027   2.774981   2.774990   0.000009    33.7623    33.7654     7.8257    27.1295    27.1321          9  0.000e+00
     129135 319.027831  -59.76930  -62.06546      0.350    1474.40     93.564     92.662    -0.4794    -0.4797    -0.0003    -0.4822    -0.4825    -0.0003   2.774852   2.774927   0.000076    33.7634    33.7648     7.8320    27.1305    27.1316          9  0.000e+00
     129136 319.027831  -59.76930  -62.06546      0.352    1474.40     93.620     92.718    -0.4807    -0.4798     0.0009    -0.4836    -0.4826     0.0009   2.774813   2.774842   0.000029    33.7644    33.7637     7.8327    27.1313    27.1308          9  0.000e+00
     129137 319.027832  -59.76930  -62.06546      0.347    1474.40     93.556     92.654    -0.4814    -0.4808     0.0007    -0.4843    -0.4836     0.0007   2.774762   2.774746  -0.000017    33.7645    33.7635     7.8267    27.1315    27.1307          9  0.000e+00
     129138 319.027832  -59.76930  -62.06546      0.346    1474.40     93.620     92.718    -0.4819    -0.4811     0.0008    -0.4847    -0.4839     0.0008   2.774768   2.774700  -0.000068    33.7650    33.7632     7.8328    27.1319    27.1304          9  0.000e+00
     129139 319.027833  -59.76930  -62.06546      0.350    1474.40     93.685     92.782    -0.4822    -0.4819     0.0004    -0.4850    -0.4847     0.0004   2.774740   2.774729  -0.000011    33.7650    33.7644     7.8269    27.1319    27.1314          9  0.000e+00
     129140 319.027833  -59.76932  -62.06546      0.341    1474.40     93.564     92.662    -0.4823    -0.4801     0.0021    -0.4851    -0.4830     0.0021   2.774746   2.774882   0.000136    33.7652    33.7647     7.8264    27.1321    27.1316          9  0.000e+00
     129141 319.027834  -59.76932  -62.06546      0.341    1474.40     93.677     92.774    -0.4825    -0.4783     0.0042    -0.4853    -0.4811     0.0042   2.774690   2.775013   0.000323    33.7646    33.7643     7.8262    27.1316    27.1311          9  0.000e+00
     129142 319.027834  -59.76932  -62.06546      0.335    1474.40     93.685     92.782    -0.4822    -0.4775     0.0047    -0.4850    -0.4803     0.0047   2.774712   2.775132   0.000420    33.7646    33.7650     7.8259    27.1316    27.1317          9  0.000e+00
     129143 319.027835  -59.76932  -62.06546      0.332    1474.40     93.620     92.718    -0.4825    -0.4744     0.0081    -0.4853    -0.4772     0.0080   2.774645   2.775342   0.000698    33.7640    33.7644     7.8258    27.1311    27.1311          9  0.000e+00
     129144 319.027835  -59.76932  -62.06546      0.331    1474.40     93.685     92.782    -0.4826    -0.4735     0.0091    -0.4855    -0.4763     0.0091   2.774678   2.775342   0.000664    33.7646    33.7633     7.8257    27.1316    27.1302          9  0.000e+00
     129145 319.027836  -59.76932  -62.06546      0.328    1474.40     93.685     92.782    -0.4827    -0.4733     0.0094    -0.4855    -0.4762     0.0094   2.774639   2.775246   0.000607    33.7642    33.7619     7.8182    27.1313    27.1290          9  0.000e+00
     129146 319.027836  -59.76932  -62.06546      0.323    1474.40     93.677     92.774    -0.4827    -0.4764     0.0064    -0.4856    -0.4792     0.0064   2.774656   2.775018   0.000362    33.7644    33.7622     7.8237    27.1315    27.1294          9  0.000e+00
     129147 319.027837  -59.76932  -62.06546      0.321    1474.40     93.685     92.782    -0.4827    -0.4783     0.0044    -0.4855    -0.4811     0.0044   2.774634   2.774939   0.000305    33.7641    33.7633     7.8239    27.1312    27.1303          9  0.000e+00
     129148 319.027837  -59.76932  -62.06546      0.314    1474.40     93.685     92.782    -0.4831    -0.4784     0.0047    -0.4859    -0.4813     0.0047   2.774656   2.774933   0.000277    33.7648    33.7634     7.8242    27.1318    27.1304          9  0.000e+00
     129149 319.027838  -59.76932  -62.06546      0.309    1474.40     93.685     92.782    -0.4827    -0.4787     0.0040    -0.4856    -0.4816     0.0040   2.774634   2.774967   0.000334    33.7641    33.7641     7.8180    27.1312    27.1311          9  0.000e+00
