Pos-Processados/process_op41/operantar41_014lr.ros
* Sea-Bird SBE 9 Data File:
* FileName = C:\Users\Dell\Desktop\OperantarXLI\config\00_BRUTOS\OPE41014LR.hdr
* Software Version Seasave V 7.26.7.110
* Temperature SN = 6497
* Conductivity SN = 4954
* Number of Bytes Per Scan = 31
* Number of Voltage Words = 2
* Number of Scans Averaged by the Deck Unit = 1
* NMEA Latitude = 45 53.01 S
* NMEA Longitude = 058 29.32 W
* NMEA UTC (Time) = Oct 25 2022 11:27:01
* NMEA baud rate = 4800
** H41
** Navio Polar Almirante Maximiano
** LH-021/2022
** Operantar XLI
** Número da Estação 014
** Latitude 45 53.086 S
** Longitude 058 29.226 W
** Data/Hora (Z) 25/10/2022 1127Z
** Profundidade local 2647 m
** 09-1439
** Nome do Operador CT GARLA
# nquan = 24
# nvalues = 1813                                  
# units = specified
# name 0 = scan: Scan Count
# name 1 = timeJ: Julian Days
# name 2 = latitude: Latitude [deg]
# name 3 = longitude: Longitude [deg]
# name 4 = dz/dtM: Descent Rate [m/s]
# name 5 = avgsvCM: Average Sound Velocity [Chen-Millero, m/s]
# name 6 = prDM: Pressure, Digiquartz [db]
# name 7 = depSM: Depth [salt water, m]
# name 8 = t090C: Temperature [ITS-90, deg C]
# name 9 = t190C: Temperature, 2 [ITS-90, deg C]
# name 10 = T2-T190C: Temperature Difference, 2 - 1 [ITS-90, deg C]
# name 11 = potemp090C: Potential Temperature [ITS-90, deg C]
# name 12 = potemp190C: Potential Temperature, 2 [ITS-90, deg C]
# name 13 = potemp90Cdiff: Potential Temperature, Diff, 2 - 1 [ITS-90, deg C]
# name 14 = c0S/m: Conductivity [S/m]
# name 15 = c1S/m: Conductivity, 2 [S/m]
# name 16 = C2-C1S/m: Conductivity Difference, 2 - 1 [S/m]
# name 17 = sal00: Salinity, Practical [PSU]
# name 18 = sal11: Salinity, Practical, 2 [PSU]
# name 19 = sbeox0ML/L: Oxygen, SBE 43 [ml/l]
# name 20 = sigma-é00: Density [sigma-theta, kg/m^3]
# name 21 = sigma-é11: Density, 2 [sigma-theta, kg/m^3]
# name 22 = nbf: Bottles Fired
# name 23 = flag:  0.000e+00
# interval = seconds: 0.0416667
# start_time = Oct 25 2022 11:27:01 [NMEA time, header]
# bad_flag = -9.990e-29
*END*
[from data line 484]
      88878 298.519956  -45.87552  -58.48954     -0.120    1479.42    852.970    844.241     3.0996     3.1063     0.0067     3.0423     3.0490     0.0067   3.155896   3.156338   0.000442    34.3052    34.3035     4.5684    27.3266    27.3246          9  0.000e+00
      88879 298.519957  -45.87552  -58.48954     -0.102    1479.42    853.027    844.298     3.1000     3.1063     0.0063     3.0427     3.0489     0.0062   3.155931   3.156350   0.000419    34.3052    34.3037     4.5686    27.3265    27.3247          9  0.000e+00
      88880 298.519957  -45.87552  -58.48954     -0.090    1479.42    852.970    844.242     3.1003     3.1062     0.0059     3.0429     3.0488     0.0059   3.155973   3.156404   0.000431    34.3055    34.3045     4.5688    27.3268    27.3254          9  0.000e+00
      88881 298.519958  -45.87552  -58.48954     -0.073    1479.42    852.970    844.242     3.1004     3.1056     0.0052     3.0431     3.0483     0.0052   3.155949   3.156350   0.000401    34.3050    34.3044     4.5690    27.3264    27.3254          9  0.000e+00
      88882 298.519958  -45.87552  -58.48954     -0.060    1479.42    853.027    844.298     3.1002     3.1054     0.0052     3.0429     3.0480     0.0051   3.155973   3.156260   0.000288    34.3055    34.3035     4.5692    27.3268    27.3247          9  0.000e+00
      88883 298.519959  -45.87552  -58.48954     -0.044    1479.42    853.027    844.298     3.0999     3.1050     0.0051     3.0426     3.0477     0.0050   3.155961   3.156308   0.000347    34.3057    34.3045     4.5695    27.3269    27.3255          9  0.000e+00
      88884 298.519959  -45.87552  -58.48954     -0.023    1479.42    853.092    844.363     3.1002     3.1050     0.0048     3.0429     3.0476     0.0048   3.155908   3.156225   0.000317    34.3047    34.3035     4.5697    27.3261    27.3247          9  0.000e+00
      88885 298.519959  -45.87552  -58.48954     -0.010    1479.42    853.027    844.298     3.1001     3.1043     0.0042     3.0428     3.0470     0.0042   3.155949   3.156117   0.000168    34.3054    34.3030     4.5699    27.3267    27.3244          9  0.000e+00
      88886 298.519960  -45.87552  -58.48954      0.004    1479.42    853.027    844.298     3.1002     3.1031     0.0029     3.0429     3.0457     0.0029   3.155978   3.156052   0.000073    34.3056    34.3035     4.5701    27.3268    27.3249          9  0.000e+00
      88887 298.519960  -45.87552  -58.48954      0.018    1479.42    853.092    844.363     3.1001     3.1021     0.0020     3.0428     3.0448     0.0020   3.155961   3.156082   0.000121    34.3055    34.3048     4.5703    27.3268    27.3260          9  0.000e+00
      88888 298.519961  -45.87552  -58.48954      0.038    1479.42    853.149    844.419     3.1002     3.1020     0.0018     3.0429     3.0447     0.0018   3.155937   3.156099   0.000162    34.3050    34.3051     4.5706    27.3264    27.3263          9  0.000e+00
      88889 298.519961  -45.87552  -58.48954      0.052    1479.42    853.092    844.363     3.0999     3.1017     0.0017     3.0426     3.0443     0.0017   3.155973   3.156076   0.000103    34.3058    34.3052     4.5708    27.3270    27.3264          9  0.000e+00
      88890 298.519962  -45.87552  -58.48954      0.065    1479.42    853.092    844.363     3.1001     3.1018     0.0017     3.0428     3.0444     0.0017   3.155961   3.156111   0.000151    34.3055    34.3055     4.5710    27.3268    27.3266          9  0.000e+00
      88891 298.519962  -45.87552  -58.48954      0.078    1479.42    853.149    844.419     3.1002     3.1020     0.0018     3.0429     3.0447     0.0018   3.155961   3.156129   0.000168    34.3053    34.3055     4.5712    27.3266    27.3266          9  0.000e+00
      88892 298.519963  -45.87552  -58.48954      0.091    1479.42    853.092    844.363     3.1004     3.1015     0.0010     3.0431     3.0441     0.0010   3.155955   3.156099   0.000145    34.3050    34.3057     4.5714    27.3264    27.3268          9  0.000e+00
      88893 298.519963  -45.87552  -58.48954      0.107    1479.42    853.215    844.484     3.1005     3.1013     0.0009     3.0431     3.0440     0.0009   3.155973   3.156094   0.000121    34.3051    34.3057     4.5717    27.3265    27.3268          9  0.000e+00
      88894 298.519964  -45.87552  -58.48954      0.119    1479.42    853.150    844.419     3.1008     3.1011     0.0004     3.0434     3.0438     0.0004   3.155967   3.156052   0.000085    34.3048    34.3054     4.5718    27.3262    27.3266          9  0.000e+00
      88895 298.519964  -45.87552  -58.48954      0.134    1479.42    853.215    844.484     3.1005     3.1007     0.0002     3.0431     3.0434     0.0002   3.155979   3.155950  -0.000028    34.3052    34.3046     4.5721    27.3265    27.3260          9  0.000e+00
      88896 298.519965  -45.87552  -58.48954      0.148    1479.42    853.215    844.484     3.0999     3.0996    -0.0003     3.0426     3.0422    -0.0003   3.155937   3.155968   0.000031    34.3053    34.3060     4.5724    27.3266    27.3273          9  0.000e+00
      88897 298.519965  -45.87552  -58.48954      0.162    1479.42    853.215    844.484     3.0990     3.0981    -0.0009     3.0417     3.0408    -0.0009   3.155908   3.155825  -0.000083    34.3059    34.3058     4.5727    27.3272    27.3272          9  0.000e+00
      88898 298.519966  -45.87552  -58.48954      0.171    1479.42    853.215    844.484     3.0986     3.0966    -0.0020     3.0413     3.0393    -0.0020   3.155896   3.155777  -0.000119    34.3062    34.3069     4.5719    27.3275    27.3282          9  0.000e+00
      88899 298.519966  -45.87552  -58.48954      0.183    1479.42    853.272    844.540     3.0979     3.0959    -0.0020     3.0406     3.0386    -0.0020   3.155826   3.155736  -0.000090    34.3060    34.3071     4.5722    27.3274    27.3284          9  0.000e+00
      88900 298.519967  -45.87552  -58.48954      0.194    1479.42    853.272    844.540     3.0973     3.0951    -0.0022     3.0400     3.0378    -0.0022   3.155785   3.155700  -0.000085    34.3062    34.3075     4.5788    27.3276    27.3288          9  0.000e+00
      88901 298.519967  -45.87552  -58.48954      0.208    1479.42    853.272    844.540     3.0964     3.0946    -0.0017     3.0390     3.0373    -0.0017   3.155726   3.155694  -0.000032    34.3065    34.3079     4.5801    27.3279    27.3292          9  0.000e+00
      88902 298.519968  -45.87552  -58.48954      0.214    1479.42    853.272    844.540     3.0954     3.0945    -0.0009     3.0381     3.0372    -0.0009   3.155738   3.155730  -0.000008    34.3076    34.3085     4.5813    27.3289    27.3296          9  0.000e+00
      88903 298.519968  -45.87552  -58.48954      0.226    1479.42    853.337    844.605     3.0945     3.0942    -0.0003     3.0372     3.0369    -0.0003   3.155661   3.155682   0.000021    34.3076    34.3082     4.5825    27.3290    27.3295          9  0.000e+00
      88904 298.519969  -45.87552  -58.48954      0.237    1479.42    853.338    844.605     3.0940     3.0939    -0.0002     3.0367     3.0366    -0.0002   3.155620   3.155664   0.000044    34.3076    34.3083     4.5772    27.3290    27.3296          9  0.000e+00
      88905 298.519969  -45.87552  -58.48954      0.251    1479.42    853.395    844.661     3.0940     3.0931    -0.0009     3.0367     3.0358    -0.0009   3.155691   3.155640  -0.000050    34.3085    34.3088     4.5772    27.3297    27.3301          9  0.000e+00
      88906 298.519970  -45.87552  -58.48954      0.256    1479.42    853.338    844.605     3.0945     3.0919    -0.0025     3.0372     3.0346    -0.0025   3.155696   3.155593  -0.000104    34.3081    34.3095     4.5760    27.3293    27.3307          9  0.000e+00
      88907 298.519970  -45.87552  -58.48954      0.267    1479.42    853.395    844.661     3.0940     3.0920    -0.0020     3.0367     3.0347    -0.0020   3.155655   3.155509  -0.000146    34.3081    34.3084     4.5761    27.3294    27.3298          9  0.000e+00
      88908 298.519971  -45.87552  -58.48954      0.273    1479.42    853.395    844.661     3.0934     3.0913    -0.0021     3.0361     3.0340    -0.0021   3.155614   3.155509  -0.000105    34.3082    34.3091     4.5761    27.3296    27.3305          9  0.000e+00
      88909 298.519971  -45.87552  -58.48954      0.282    1479.42    853.395    844.661     3.0931     3.0910    -0.0021     3.0358     3.0337    -0.0021   3.155608   3.155497  -0.000111    34.3084    34.3093     4.5761    27.3298    27.3307          9  0.000e+00
      88910 298.519972  -45.87552  -58.48954      0.289    1479.42    853.395    844.661     3.0922     3.0905    -0.0017     3.0349     3.0333    -0.0017   3.155532   3.155491  -0.000041    34.3084    34.3097     4.5762    27.3298    27.3310          9  0.000e+00
      88911 298.519972  -45.87552  -58.48954      0.296    1479.42    853.460    844.726     3.0921     3.0908    -0.0013     3.0348     3.0335    -0.0013   3.155473   3.155581   0.000108    34.3078    34.3105     4.5762    27.3293    27.3316          9  0.000e+00
      88912 298.519973  -45.87552  -58.48954      0.300    1479.42    853.395    844.661     3.0916     3.0913    -0.0003     3.0343     3.0341    -0.0003   3.155526   3.155599   0.000073    34.3090    34.3101     4.5761    27.3303    27.3313          9  0.000e+00
      88913 298.519973  -45.87552  -58.48954      0.307    1479.42    853.517    844.782     3.0910     3.0916     0.0006     3.0337     3.0343     0.0006   3.155503   3.155581   0.000078    34.3093    34.3096     4.5762    27.3306    27.3308          9  0.000e+00
      88914 298.519973  -45.87552  -58.48954      0.313    1479.42    853.460    844.726     3.0912     3.0923     0.0011     3.0339     3.0350     0.0011   3.155503   3.155640   0.000138    34.3091    34.3097     4.5762    27.3305    27.3308          9  0.000e+00
      88915 298.519974  -45.87552  -58.48954      0.317    1479.42    853.460    844.726     3.0915     3.0935     0.0021     3.0342     3.0362     0.0021   3.155538   3.155706   0.000168    34.3093    34.3091     4.5750    27.3306    27.3302          9  0.000e+00
      88916 298.519974  -45.87552  -58.48954      0.320    1479.42    853.517    844.782     3.0918     3.0951     0.0033     3.0345     3.0378     0.0033   3.155550   3.155789   0.000240    34.3090    34.3084     4.5739    27.3303    27.3296          9  0.000e+00
      88917 298.519975  -45.87552  -58.48954      0.324    1479.42    853.517    844.783     3.0932     3.0966     0.0033     3.0359     3.0392     0.0033   3.155620   3.155897   0.000277    34.3083    34.3082     4.5736    27.3297    27.3292          9  0.000e+00
      88918 298.519975  -45.87552  -58.48954      0.327    1479.42    853.517    844.783     3.0945     3.0977     0.0032     3.0371     3.0403     0.0032   3.155720   3.155945   0.000225    34.3083    34.3076     4.5722    27.3295    27.3287          9  0.000e+00
      88919 298.519976  -45.87552  -58.48954      0.329    1479.42    853.517    844.783     3.0965     3.0994     0.0029     3.0392     3.0421     0.0029   3.155814   3.156040   0.000226    34.3072    34.3069     4.5718    27.3285    27.3280          9  0.000e+00
      88920 298.519976  -45.87552  -58.48954      0.329    1479.42    853.517    844.783     3.0982     3.1008     0.0026     3.0409     3.0434     0.0026   3.155867   3.156112   0.000245    34.3061    34.3063     4.5715    27.3274    27.3274          9  0.000e+00
      88921 298.519977  -45.87552  -58.48954      0.328    1479.42    853.517    844.783     3.0979     3.1023     0.0044     3.0406     3.0449     0.0044   3.155843   3.156195   0.000352    34.3061    34.3057     4.5778    27.3275    27.3268          9  0.000e+00
      88922 298.519977  -45.87552  -58.48954      0.336    1479.42    853.640    844.904     3.0978     3.1035     0.0057     3.0405     3.0461     0.0057   3.155855   3.156255   0.000400    34.3063    34.3051     4.5786    27.3276    27.3262          9  0.000e+00
      88923 298.519978  -45.87552  -58.48954      0.331    1479.42    853.517    844.783     3.0982     3.1040     0.0058     3.0409     3.0467     0.0058   3.155908   3.156273   0.000365    34.3066    34.3049     4.5793    27.3278    27.3259          9  0.000e+00
      88924 298.519978  -45.87552  -58.48954      0.329    1479.42    853.518    844.783     3.1002     3.1031     0.0029     3.0428     3.0457     0.0029   3.155996   3.156183   0.000187    34.3056    34.3048     4.5733    27.3268    27.3259          9  0.000e+00
      88925 298.519979  -45.87552  -58.48954      0.329    1479.42    853.575    844.839     3.1014     3.1021     0.0007     3.0440     3.0447     0.0007   3.156079   3.156088   0.000009    34.3053    34.3046     4.5729    27.3265    27.3259          9  0.000e+00
      88926 298.519979  -45.87552  -58.48954      0.324    1479.42    853.575    844.839     3.1021     3.1018    -0.0003     3.0447     3.0445    -0.0003   3.156096   3.156070  -0.000026    34.3047    34.3047     4.5661    27.3260    27.3260          9  0.000e+00
      88927 298.519980  -45.87552  -58.48954      0.321    1479.42    853.575    844.839     3.1023     3.1013    -0.0010     3.0449     3.0439    -0.0010   3.156084   3.156046  -0.000038    34.3044    34.3050     4.5648    27.3257    27.3263          9  0.000e+00
      88928 298.519980  -45.87552  -58.48954      0.320    1479.42    853.575    844.839     3.1023     3.1005    -0.0018     3.0449     3.0432    -0.0018   3.156114   3.156058  -0.000056    34.3047    34.3059     4.5700    27.3260    27.3271         10  0.000e+00
      88929 298.519981  -45.87552  -58.48954      0.314    1479.42    853.575    844.839     3.1022     3.1003    -0.0019     3.0448     3.0430    -0.0019   3.156102   3.156028  -0.000074    34.3047    34.3058     4.5698    27.3259    27.3270         10  0.000e+00
      88930 298.519981  -45.87552  -58.48954      0.310    1479.42    853.640    844.904     3.1016     3.1005    -0.0011     3.0443     3.0432    -0.0011   3.156043   3.156016  -0.000027    34.3045    34.3054     4.5697    27.3259    27.3266         10  0.000e+00
      88931 298.519982  -45.87552  -58.48954      0.301    1479.42    853.518    844.783     3.1013     3.1001    -0.0012     3.0439     3.0427    -0.0012   3.156031   3.156016  -0.000015    34.3049    34.3059     4.5695    27.3262    27.3271         10  0.000e+00
      88932 298.519982  -45.87552  -58.48954      0.298    1479.42    853.640    844.904     3.1009     3.0996    -0.0013     3.0435     3.0422    -0.0013   3.156020   3.155992  -0.000027    34.3051    34.3061     4.5694    27.3264    27.3273         10  0.000e+00
      88933 298.519983  -45.87552  -58.48954      0.294    1479.42    853.575    844.839     3.1003     3.0992    -0.0011     3.0429     3.0419    -0.0011   3.155955   3.155986   0.000031    34.3049    34.3064     4.5692    27.3263    27.3276         10  0.000e+00
      88934 298.519983  -45.87552  -58.48954      0.285    1479.42    853.575    844.839     3.0996     3.0991    -0.0006     3.0423     3.0417    -0.0006   3.155949   3.156004   0.000055    34.3055    34.3068     4.5691    27.3269    27.3279         10  0.000e+00
      88935 298.519984  -45.87552  -58.48954      0.274    1479.42    853.575    844.839     3.0987     3.0988     0.0000     3.0414     3.0414     0.0000   3.155932   3.155921  -0.000011    34.3063    34.3061     4.5689    27.3275    27.3274         10  0.000e+00
      88936 298.519984  -45.87552  -58.48954      0.266    1479.42    853.575    844.839     3.0984     3.0983    -0.0000     3.0410     3.0410    -0.0000   3.155890   3.155962   0.000072    34.3062    34.3071     4.5688    27.3275    27.3282         10  0.000e+00
