Pos-Processados/process_op41/operantar41_009.ros
* Sea-Bird SBE 9 Data File:
* FileName = C:\Users\Dell\Desktop\OperantarXLI\config\00_BRUTOS\OPE41009.hdr
* Software Version Seasave V 7.26.7.110
* Temperature SN = 6497
* Conductivity SN = 4954
* Number of Bytes Per Scan = 31
* Number of Voltage Words = 2
* Number of Scans Averaged by the Deck Unit = 1
* NMEA Latitude = 42 49.84 S
* NMEA Longitude = 052 15.44 W
* NMEA UTC (Time) = Oct 23 2022 04:30:44
* NMEA baud rate = 4800
** H41
** Navio Polar Almirante Maximiano
** LH-021/2022
** Operantar XLI
** Número da Estação 009
** Latitude 42 49.421' S
** Longitude 52 14.906' W
** Data/Hora (Z) 23/10/2022 0403Z
** Profundidade local 5745 m
** 09-1439
** Nome do Operador CT Garla
# nquan = 24
# nvalues = 1528                                  
# units = specified
# name 0 = scan: Scan Count
# name 1 = timeJ: Julian Days
# name 2 = latitude: Latitude [deg]
# name 3 = longitude: Longitude [deg]
# name 4 = dz/dtM: Descent Rate [m/s]
# name 5 = avgsvCM: Average Sound Velocity [Chen-Millero, m/s]
# name 6 = prDM: Pressure, Digiquartz [db]
# name 7 = depSM: Depth [salt water, m]
# name 8 = t090C: Temperature [ITS-90, deg C]
# name 9 = t190C: Temperature, 2 [ITS-90, deg C]
# name 10 = T2-T190C: Temperature Difference, 2 - 1 [ITS-90, deg C]
# name 11 = potemp090C: Potential Temperature [ITS-90, deg C]
# name 12 = potemp190C: Potential Temperature, 2 [ITS-90, deg C]
# name 13 = potemp90Cdiff: Potential Temperature, Diff, 2 - 1 [ITS-90, deg C]
# name 14 = c0S/m: Conductivity [S/m]
# name 15 = c1S/m: Conductivity, 2 [S/m]
# name 16 = C2-C1S/m: Conductivity Difference, 2 - 1 [S/m]
# name 17 = sal00: Salinity, Practical [PSU]
# name 18 = sal11: Salinity, Practical, 2 [PSU]
# name 19 = sbeox0ML/L: Oxygen, SBE 43 [ml/l]
# name 20 = sigma-é00: Density [sigma-theta, kg/m^3]
# name 21 = sigma-é11: Density, 2 [sigma-theta, kg/m^3]
# name 22 = nbf: Bottles Fired
# name 23 = flag:  0.000e+00
# interval = seconds: 0.0416667
# start_time = Oct 23 2022 04:30:44 [NMEA time, header]
# bad_flag = -9.990e-29
*END*
[from data line 1087]
      61301 296.217571  -42.84098  -52.27890     -0.016    1493.18      3.560      3.531    14.5379    14.5382     0.0003    14.5373    14.5377     0.0003   4.301162   4.301108  -0.000055    35.5041    35.5033     5.6479    26.4619    26.4612         18  0.000e+00
      61302 296.217572  -42.84098  -52.27890     -0.016    1493.18      3.503      3.476    14.5376    14.5382     0.0006    14.5371    14.5377     0.0006   4.301189   4.301148  -0.000041    35.5046    35.5037     5.6471    26.4623    26.4615         18  0.000e+00
      61303 296.217572  -42.84098  -52.27890     -0.016    1493.18      3.616      3.587    14.5378    14.5380     0.0002    14.5373    14.5375     0.0002   4.301142   4.301141 -8.764e-07    35.5040    35.5038     5.6505    26.4618    26.4616         18  0.000e+00
      61304 296.217573  -42.84098  -52.27890     -0.020    1493.18      3.503      3.476    14.5378    14.5382     0.0004    14.5373    14.5377     0.0004   4.301182   4.301135  -0.000047    35.5044    35.5036     5.6460    26.4621    26.4614         18  0.000e+00
      61305 296.217573  -42.84098  -52.27890     -0.020    1493.18      3.560      3.531    14.5380    14.5383     0.0004    14.5374    14.5378     0.0004   4.301142   4.301135  -0.000008    35.5039    35.5035     5.6454    26.4617    26.4613         19  0.000e+00
      61306 296.217574  -42.84098  -52.27890     -0.027    1493.18      3.503      3.476    14.5379    14.5382     0.0003    14.5373    14.5377     0.0003   4.301189   4.301135  -0.000054    35.5044    35.5036     5.6487    26.4621    26.4614         19  0.000e+00
      61307 296.217574  -42.84098  -52.27890     -0.027    1493.18      3.560      3.531    14.5378    14.5380     0.0002    14.5373    14.5375     0.0002   4.301169   4.301074  -0.000095    35.5043    35.5032     5.6445    26.4620    26.4611         19  0.000e+00
      61308 296.217575  -42.84098  -52.27890     -0.030    1493.18      3.511      3.484    14.5383    14.5382    -0.0001    14.5378    14.5377    -0.0001   4.301189   4.301060  -0.000128    35.5040    35.5029     5.6478    26.4617    26.4609         19  0.000e+00
      61309 296.217575  -42.84098  -52.27890     -0.036    1493.18      3.439      3.412    14.5383    14.5382    -0.0001    14.5378    14.5377    -0.0001   4.301142   4.301141 -8.717e-07    35.5036    35.5037     5.6435    26.4614    26.4615         19  0.000e+00
      61310 296.217576  -42.84098  -52.27890     -0.042    1493.18      3.503      3.476    14.5378    14.5384     0.0006    14.5373    14.5379     0.0006   4.301209   4.301195  -0.000013    35.5046    35.5040     5.6470    26.4623    26.4617         19  0.000e+00
      61311 296.217576  -42.84098  -52.27890     -0.044    1493.18      3.503      3.476    14.5380    14.5384     0.0004    14.5374    14.5379     0.0004   4.301122   4.301175   0.000053    35.5037    35.5038     5.6468    26.4616    26.4615         19  0.000e+00
      61312 296.217577  -42.84098  -52.27890     -0.050    1493.18      3.439      3.412    14.5379    14.5384     0.0005    14.5374    14.5379     0.0005   4.301142   4.301168   0.000026    35.5040    35.5038     5.6469    26.4618    26.4615         19  0.000e+00
      61313 296.217577  -42.84098  -52.27890     -0.055    1493.18      3.439      3.412    14.5376    14.5385     0.0009    14.5371    14.5380     0.0009   4.301162   4.301195   0.000033    35.5044    35.5039     5.6472    26.4622    26.4616         19  0.000e+00
      61314 296.217578  -42.84098  -52.27890     -0.063    1493.18      3.439      3.412    14.5380    14.5384     0.0004    14.5375    14.5379     0.0004   4.301162   4.301148  -0.000014    35.5041    35.5036     5.6513    26.4619    26.4614         19  0.000e+00
      61315 296.217578  -42.84098  -52.27890     -0.071    1493.18      3.383      3.356    14.5378    14.5385     0.0007    14.5373    14.5380     0.0007   4.301189   4.301155  -0.000034    35.5045    35.5035     5.6479    26.4622    26.4613         19  0.000e+00
      61316 296.217579  -42.84098  -52.27890     -0.075    1493.18      3.439      3.412    14.5380    14.5384     0.0004    14.5375    14.5379     0.0004   4.301169   4.301168 -5.019e-07    35.5042    35.5038     5.6482    26.4619    26.4615         19  0.000e+00
      61317 296.217579  -42.84098  -52.27890     -0.082    1493.18      3.383      3.356    14.5379    14.5385     0.0007    14.5374    14.5380     0.0007   4.301248   4.301168  -0.000080    35.5050    35.5037     5.6484    26.4626    26.4614         19  0.000e+00
      61318 296.217580  -42.84098  -52.27890     -0.092    1493.18      3.383      3.356    14.5383    14.5384     0.0001    14.5378    14.5379     0.0001   4.301222   4.301141  -0.000081    35.5043    35.5035     5.6487    26.4620    26.4613         19  0.000e+00
      61319 296.217580  -42.84098  -52.27890     -0.101    1493.18      3.318      3.292    14.5383    14.5382    -0.0001    14.5378    14.5377    -0.0001   4.301255   4.301135  -0.000121    35.5047    35.5037     5.6490    26.4622    26.4615         19  0.000e+00
      61320 296.217581  -42.84098  -52.27890     -0.114    1493.18      3.318      3.292    14.5381    14.5384     0.0002    14.5377    14.5379     0.0002   4.301215   4.301128  -0.000087    35.5045    35.5034     5.6495    26.4621    26.4613         19  0.000e+00
      61321 296.217581  -42.84098  -52.27890     -0.122    1493.18      3.318      3.292    14.5383    14.5385     0.0002    14.5378    14.5380     0.0002   4.301202   4.301155  -0.000047    35.5042    35.5036     5.6538    26.4618    26.4613         19  0.000e+00
      61322 296.217582  -42.84098  -52.27890     -0.130    1493.18      3.318      3.292    14.5383    14.5384     0.0001    14.5378    14.5379     0.0001   4.301169   4.301222   0.000053    35.5039    35.5043     5.6546    26.4616    26.4619         19  0.000e+00
      61323 296.217582  -42.84098  -52.27890     -0.140    1493.18      3.318      3.292    14.5385    14.5384    -0.0001    14.5380    14.5379    -0.0001   4.301162   4.301161 -5.884e-07    35.5036    35.5038     5.6514    26.4614    26.4615         19  0.000e+00
      61324 296.217582  -42.84098  -52.27890     -0.150    1493.18      3.262      3.236    14.5383    14.5387     0.0004    14.5379    14.5382     0.0004   4.301215   4.301135  -0.000081    35.5043    35.5032     5.6518    26.4619    26.4610         19  0.000e+00
      61325 296.217583  -42.84098  -52.27890     -0.158    1493.18      3.262      3.236    14.5385    14.5382    -0.0003    14.5380    14.5377    -0.0003   4.301209   4.301155  -0.000054    35.5041    35.5039     5.6523    26.4618    26.4616         19  0.000e+00
      61326 296.217583  -42.84098  -52.27890     -0.166    1493.18      3.262      3.236    14.5383    14.5384     0.0001    14.5379    14.5379     0.0001   4.301202   4.301168  -0.000034    35.5042    35.5038     5.6525    26.4619    26.4616         19  0.000e+00
      61327 296.217584  -42.84098  -52.27890     -0.180    1493.18      3.206      3.180    14.5381    14.5384     0.0002    14.5377    14.5379     0.0002   4.301235   4.301195  -0.000040    35.5047    35.5041     5.6530    26.4623    26.4618         19  0.000e+00
      61328 296.217584  -42.84098  -52.27890     -0.190    1493.18      3.206      3.180    14.5381    14.5383     0.0002    14.5377    14.5379     0.0002   4.301235   4.301175  -0.000060    35.5047    35.5040     5.6536    26.4623    26.4617         19  0.000e+00
      61329 296.217585  -42.84098  -52.27890     -0.201    1493.18      3.206      3.180    14.5381    14.5382     0.0002    14.5376    14.5377     0.0002   4.301235   4.301141  -0.000094    35.5048    35.5038     5.6542    26.4624    26.4615         19  0.000e+00
      61330 296.217585  -42.84098  -52.27890     -0.209    1493.18      3.206      3.180    14.5380    14.5384     0.0004    14.5375    14.5379     0.0004   4.301209   4.301134  -0.000074    35.5046    35.5036     5.6588    26.4623    26.4613         19  0.000e+00
      61331 296.217586  -42.84098  -52.27890     -0.219    1493.18      3.141      3.116    14.5380    14.5384     0.0004    14.5375    14.5379     0.0004   4.301222   4.301155  -0.000067    35.5048    35.5038     5.6558    26.4624    26.4615         19  0.000e+00
      61332 296.217586  -42.84098  -52.27890     -0.228    1493.18      3.206      3.180    14.5381    14.5385     0.0004    14.5377    14.5381     0.0004   4.301235   4.301134  -0.000101    35.5047    35.5034     5.6561    26.4623    26.4612         19  0.000e+00
      61333 296.217587  -42.84098  -52.27890     -0.239    1493.18      3.093      3.068    14.5378    14.5382     0.0004    14.5374    14.5378     0.0004   4.301175   4.301128  -0.000048    35.5045    35.5037     5.6564    26.4622    26.4615         19  0.000e+00
      61334 296.217587  -42.84098  -52.27890     -0.250    1493.18      3.141      3.116    14.5381    14.5382     0.0002    14.5376    14.5377     0.0002   4.301162   4.301155  -0.000007    35.5042    35.5039     5.6567    26.4619    26.4617         19  0.000e+00
      61335 296.217588  -42.84098  -52.27890     -0.259    1493.18      3.085      3.060    14.5380    14.5382     0.0003    14.5375    14.5378     0.0003   4.301135   4.301114  -0.000021    35.5040    35.5036     5.6571    26.4618    26.4614         19  0.000e+00
      61336 296.217588  -42.84098  -52.27890     -0.270    1493.18      3.085      3.060    14.5380    14.5382     0.0003    14.5375    14.5378     0.0003   4.301129   4.301067  -0.000062    35.5040    35.5032     5.6574    26.4617    26.4611         19  0.000e+00
      61337 296.217589  -42.84098  -52.27890     -0.277    1493.18      3.085      3.060    14.5380    14.5379    -0.0001    14.5375    14.5374    -0.0001   4.301149   4.301060  -0.000088    35.5041    35.5034     5.6578    26.4619    26.4613         19  0.000e+00
      61338 296.217589  -42.84098  -52.27890     -0.290    1493.18      3.021      2.997    14.5381    14.5377    -0.0004    14.5377    14.5373    -0.0004   4.301195   4.301027  -0.000169    35.5044    35.5033     5.6578    26.4620    26.4612         19  0.000e+00
      61339 296.217590  -42.84098  -52.27890     -0.294    1493.18      3.085      3.060    14.5383    14.5375    -0.0008    14.5379    14.5371    -0.0008   4.301228   4.301020  -0.000209    35.5045    35.5033     5.6542    26.4621    26.4613         19  0.000e+00
      61340 296.217590  -42.84100  -52.27892     -0.304    1493.18      3.021      2.997    14.5385    14.5374    -0.0012    14.5381    14.5369    -0.0012   4.301235   4.301027  -0.000208    35.5044    35.5036     5.6539    26.4620    26.4616         19  0.000e+00
      61341 296.217591  -42.84100  -52.27892     -0.310    1493.18      3.021      2.997    14.5381    14.5374    -0.0008    14.5377    14.5369    -0.0008   4.301208   4.300993  -0.000216    35.5045    35.5033     5.6537    26.4621    26.4613         19  0.000e+00
      61342 296.217591  -42.84100  -52.27892     -0.320    1493.18      2.964      2.941    14.5378    14.5374    -0.0005    14.5374    14.5369    -0.0005   4.301202   4.301040  -0.000162    35.5048    35.5037     5.6574    26.4624    26.4617         19  0.000e+00
      61343 296.217592  -42.84100  -52.27892     -0.323    1493.18      3.021      2.997    14.5378    14.5374    -0.0005    14.5374    14.5369    -0.0005   4.301169   4.301000  -0.000169    35.5045    35.5033     5.6576    26.4622    26.4614         19  0.000e+00
      61344 296.217592  -42.84100  -52.27892     -0.330    1493.18      2.964      2.941    14.5374    14.5372    -0.0003    14.5370    14.5367    -0.0003   4.301135   4.300952  -0.000183    35.5045    35.5031     5.6577    26.4623    26.4612         19  0.000e+00
      61345 296.217593  -42.84100  -52.27892     -0.333    1493.18      2.964      2.941    14.5377    14.5370    -0.0006    14.5372    14.5366    -0.0006   4.301129   4.300973  -0.000156    35.5043    35.5034     5.6577    26.4620    26.4615         19  0.000e+00
      61346 296.217593  -42.84100  -52.27892     -0.338    1493.18      2.964      2.941    14.5373    14.5370    -0.0003    14.5369    14.5366    -0.0003   4.301096   4.301040  -0.000055    35.5043    35.5040     5.6579    26.4621    26.4620         19  0.000e+00
      61347 296.217594  -42.84100  -52.27892     -0.341    1493.18      2.964      2.941    14.5371    14.5370    -0.0001    14.5367    14.5366    -0.0001   4.301056   4.301000  -0.000056    35.5041    35.5037     5.6540    26.4620    26.4617         19  0.000e+00
      61348 296.217594  -42.84100  -52.27892     -0.343    1493.18      2.908      2.885    14.5371    14.5374     0.0002    14.5367    14.5369     0.0002   4.301076   4.301013  -0.000062    35.5043    35.5035     5.6574    26.4622    26.4615         19  0.000e+00
      61349 296.217595  -42.84100  -52.27892     -0.343    1493.18      2.964      2.941    14.5370    14.5374     0.0004    14.5365    14.5369     0.0004   4.301122   4.301027  -0.000096    35.5048    35.5036     5.6572    26.4626    26.4616         20  0.000e+00
      61350 296.217595  -42.84100  -52.27892     -0.345    1493.18      2.908      2.885    14.5371    14.5372     0.0001    14.5367    14.5367     0.0001   4.301129   4.301047  -0.000082    35.5048    35.5040     5.6568    26.4626    26.4619         20  0.000e+00
      61351 296.217595  -42.84100  -52.27892     -0.349    1493.18      2.908      2.885    14.5372    14.5370    -0.0002    14.5368    14.5366    -0.0002   4.301149   4.301033  -0.000115    35.5049    35.5040     5.6565    26.4626    26.4620         20  0.000e+00
      61352 296.217596  -42.84100  -52.27892     -0.341    1493.18      2.964      2.941    14.5370    14.5375     0.0006    14.5365    14.5371     0.0006   4.301102   4.301080  -0.000022    35.5047    35.5039     5.6567    26.4625    26.4618         20  0.000e+00
      61353 296.217596  -42.84100  -52.27892     -0.345    1493.18      2.844      2.821    14.5368    14.5375     0.0007    14.5364    14.5371     0.0007   4.301089   4.301040  -0.000049    35.5048    35.5036     5.6563    26.4626    26.4616         20  0.000e+00
      61354 296.217597  -42.84100  -52.27892     -0.341    1493.18      2.908      2.885    14.5370    14.5375     0.0006    14.5365    14.5371     0.0006   4.301089   4.301047  -0.000042    35.5046    35.5037     5.6600    26.4624    26.4616         20  0.000e+00
      61355 296.217597  -42.84100  -52.27892     -0.338    1493.18      2.908      2.885    14.5373    14.5375     0.0002    14.5369    14.5371     0.0002   4.301089   4.301000  -0.000089    35.5043    35.5032     5.6563    26.4621    26.4613         20  0.000e+00
      61356 296.217598  -42.84100  -52.27892     -0.335    1493.18      2.844      2.821    14.5374    14.5377     0.0002    14.5370    14.5372     0.0002   4.301115   4.300952  -0.000163    35.5044    35.5027     5.6559    26.4622    26.4608         20  0.000e+00
      61357 296.217598  -42.84100  -52.27892     -0.329    1493.18      2.908      2.885    14.5375    14.5377     0.0002    14.5371    14.5373     0.0002   4.301069   4.301006  -0.000063    35.5039    35.5031     5.6560    26.4617    26.4611         20  0.000e+00
      61358 296.217599  -42.84100  -52.27892     -0.325    1493.18      2.908      2.885    14.5374    14.5375     0.0001    14.5370    14.5371     0.0001   4.301109   4.301047  -0.000062    35.5043    35.5037     5.6556    26.4621    26.4616         20  0.000e+00
      61359 296.217599  -42.84100  -52.27892     -0.321    1493.18      2.844      2.821    14.5374    14.5377     0.0002    14.5370    14.5372     0.0002   4.301149   4.301060  -0.000088    35.5047    35.5037     5.6595    26.4624    26.4616         20  0.000e+00
      61360 296.217600  -42.84100  -52.27892     -0.310    1493.18      2.908      2.885    14.5374    14.5377     0.0003    14.5370    14.5373     0.0003   4.301195   4.301060  -0.000135    35.5051    35.5036     5.6599    26.4627    26.4615         20  0.000e+00
