Pos-Processados/process_op41/operantar41_021.cnv
* Sea-Bird SBE 9 Data File:
* FileName = C:\Users\Dell\Desktop\OperantarXLI\config\00_BRUTOS\OPE41021.hdr
* Software Version Seasave V 7.26.7.110
* Temperature SN = 6497
* Conductivity SN = 4954
* Number of Bytes Per Scan = 34
* Number of Voltage Words = 3
* Number of Scans Averaged by the Deck Unit = 1
* NMEA Latitude = 62 21.63 S
* NMEA Longitude = 057 56.66 W
* NMEA UTC (Time) = Nov 11 2022 10:57:30
* NMEA baud rate = 4800
** H41
** Navio Polar Almirante Maximiano
** LH-021/2022
** Operantar XLI
** Número da Estação 021
** Latitude 62 21.943S
** Longitude 057 58.115W
** Data/Hora (Z) 11/11/2022  1100Z
** Profundidade local 1900
** 09-1439
** Nome do Operador 1T FILIPE LOPES
# nquan = 30
# nvalues = 3619                        
# units = specified
# name 0 = scan: Scan Count
# name 1 = timeJ: Julian Days
# name 2 = latitude: Latitude [deg]
# name 3 = longitude: Longitude [deg]
# name 4 = dz/dtM: Descent Rate [m/s]
# name 5 = avgsvCM: Average Sound Velocity [Chen-Millero, m/s]
# name 6 = prDM: Pressure, Digiquartz [db]
# name 7 = depSM: Depth [salt water, m]
# name 8 = t090C: Temperature [ITS-90, deg C]
# name 9 = t190C: Temperature, 2 [ITS-90, deg C]
# name 10 = T2-T190C: Temperature Difference, 2 - 1 [ITS-90, deg C]
# name 11 = potemp090C: Potential Temperature [ITS-90, deg C]
# name 12 = potemp190C: Potential Temperature, 2 [ITS-90, deg C]
# name 13 = potemp90Cdiff: Potential Temperature, Diff, 2 - 1 [ITS-90, deg C]
# name 14 = c0S/m: Conductivity [S/m]
# name 15 = c1S/m: Conductivity, 2 [S/m]
# name 16 = C2-C1S/m: Conductivity Difference, 2 - 1 [S/m]
# name 17 = sal00: Salinity, Practical [PSU]
# name 18 = sal11: Salinity, Practical, 2 [PSU]
# name 19 = sbeox0ML/L: Oxygen, SBE 43 [ml/l]
# name 20 = sigma-é00: Density [sigma-theta, kg/m^3]
# name 21 = sigma-é11: Density, 2 [sigma-theta, kg/m^3]
# name 22 = sal00: Salinity, Practical [PSU]
# name 23 = sigma-é00: Density [sigma-theta, kg/m^3]
# name 24 = svCM: Sound Velocity [Chen-Millero, m/s]
# name 25 = svCM1: Sound Velocity, 2 [Chen-Millero, m/s]
# name 26 = gsw_ptA0: potential temperature [ITS-90, deg C]
# name 27 = gsw_densityA0: density, TEOS-10 [density, kg/m^3]
# name 28 = gsw_saA0: Absolute Salinity [g/kg]
# name 29 = flag:
# span 0 =       2348,     128328       
# span 1 = 315.457729, 315.518483       
# span 2 =  -62.36048,  -62.35185       
# span 3 =  -57.94303,  -57.87520       
# span 4 =     -1.893,      1.257       
# span 5 =       0.00,    1459.49       
# span 6 =      0.000,   1810.000       
# span 7 =      0.189,   1784.848       
# span 8 =    -1.4300,     0.5523       
# span 9 =    -1.4304,     0.5520       
# span 10 =    -0.0176,     0.0138      
# span 11 =    -1.5017,     0.5430      
# span 12 =    -1.5021,     0.5427      
# span 13 =    -0.0176,     0.0138      
# span 14 =   2.773664,   2.927336      
# span 15 =   2.773751,   2.927304      
# span 16 =  -0.001412,   0.001165      
# span 17 =    34.3253,    34.5614      
# span 18 =    34.3256,    34.5612      
# span 19 =     5.1159,     7.6022      
# span 20 =    27.5860,    27.8156      
# span 21 =    27.5889,    27.8155      
# span 22 =    34.3235,    34.5613      
# span 23 =    27.5844,    27.8156      
# span 24 =    1445.27,    1471.77      
# span 25 =    1445.27,    1471.77      
# span 26 =    -1.5003,     0.5431      
# span 27 =  1027.5977,  1036.3588      
# span 28 =    34.4893,    34.7326      
# span 29 = 0.0000e+00, 0.0000e+00      
# interval = decibars: 1                
# start_time = Nov 11 2022 10:57:30 [NMEA time, header]
# bad_flag = -9.990e-29
*END*
[from data line 1982]
      73385 315.491987  -62.35684  -57.90277     -1.516    1459.49   1636.000   1613.949    -1.3436    -1.3433     0.0003    -1.4070    -1.4067     0.0003   2.828587   2.828610   0.000018    34.5573    34.5572     6.3879    27.8093    27.8091    34.5573    27.8093    1469.25    1469.25    -1.4058  1035.5426    34.7284 0.0000e+00
      73409 315.491998  -62.35684  -57.90276     -1.206    1459.49   1635.000   1612.966    -1.3438    -1.3428     0.0010    -1.4071    -1.4061     0.0010   2.828536   2.828619   0.000076    34.5573    34.5572     6.3899    27.8093    27.8091    34.5575    27.8094    1469.23    1469.23    -1.4059  1035.5381    34.7285 0.0000e+00
      73436 315.492011  -62.35684  -57.90275     -0.902    1459.49   1634.000   1611.983    -1.3418    -1.3399     0.0019    -1.4051    -1.4032     0.0019   2.828672   2.828840   0.000165    34.5571    34.5572     6.3897    27.8091    27.8091    34.5576    27.8094    1469.22    1469.23    -1.4039  1035.5334    34.7286 0.0000e+00
      73457 315.492022  -62.35684  -57.90274     -0.977    1459.49   1633.000   1611.001    -1.3378    -1.3368     0.0010    -1.4011    -1.4001     0.0010   2.828964   2.829057   0.000100    34.5570    34.5572     6.3875    27.8088    27.8089    34.5576    27.8093    1469.23    1469.23    -1.3999  1035.5284    34.7286 0.0000e+00
      73475 315.492030  -62.35684  -57.90274     -1.179    1459.49   1632.000   1610.018    -1.3362    -1.3355     0.0007    -1.3994    -1.3988     0.0006   2.829032   2.829097   0.000055    34.5570    34.5571     6.3850    27.8088    27.8088    34.5572    27.8089    1469.22    1469.22    -1.3982  1035.5233    34.7282 0.0000e+00
      73494 315.492039  -62.35684  -57.90272     -1.296    1459.49   1631.000   1609.035    -1.3372    -1.3352     0.0020    -1.4004    -1.3984     0.0020   2.828932   2.829089   0.000161    34.5572    34.5572     6.3847    27.8090    27.8089    34.5575    27.8093    1469.19    1469.20    -1.3992  1035.5190    34.7286 0.0000e+00
      73518 315.492051  -62.35684  -57.90272     -1.154    1459.49   1630.000   1608.052    -1.3363    -1.3348     0.0015    -1.3995    -1.3980     0.0015   2.828936   2.829074   0.000134    34.5570    34.5571     6.3571    27.8088    27.8088    34.5572    27.8089    1469.18    1469.19    -1.3983  1035.5140    34.7282 0.0000e+00
      73553 315.492068  -62.35684  -57.90270     -0.698    1459.49   1629.000   1607.070    -1.3352    -1.3349     0.0003    -1.3983    -1.3980     0.0002   2.829014   2.829020   0.000017    34.5571    34.5571     6.3671    27.8089    27.8088    34.5575    27.8091    1469.17    1469.17    -1.3971  1035.5096    34.7285 0.0000e+00
      73578 315.492080  -62.35684  -57.90269     -0.790    1459.49   1628.000   1606.087    -1.3343    -1.3344    -0.0002    -1.3973    -1.3975    -0.0002   2.829031   2.829020  -0.000009    34.5570    34.5571     6.3659    27.8087    27.8088    34.5573    27.8089    1469.16    1469.16    -1.3962  1035.5046    34.7283 0.0000e+00
      73596 315.492089  -62.35684  -57.90268     -1.083    1459.49   1627.000   1605.104    -1.3342    -1.3343    -0.0002    -1.3972    -1.3973    -0.0002   2.828999   2.828979  -0.000020    34.5572    34.5570     6.3692    27.8088    27.8087    34.5573    27.8090    1469.14    1469.14    -1.3960  1035.5001    34.7284 0.0000e+00
      73613 315.492097  -62.35684  -57.90266     -1.327    1459.49   1626.000   1604.121    -1.3341    -1.3342    -0.0001    -1.3970    -1.3971    -0.0001   2.828954   2.828958   0.000005    34.5570    34.5572     6.3669    27.8087    27.8088    34.5571    27.8088    1469.13    1469.13    -1.3959  1035.4953    34.7282 0.0000e+00
      73629 315.492105  -62.35684  -57.90265     -1.455    1459.49   1625.000   1603.139    -1.3340    -1.3341    -0.0001    -1.3969    -1.3970    -0.0001   2.828920   2.828914  -0.000002    34.5570    34.5571     6.3649    27.8087    27.8087    34.5571    27.8088    1469.11    1469.11    -1.3957  1035.4906    34.7282 0.0000e+00
      73648 315.492114  -62.35684  -57.90263     -1.418    1459.49   1624.000   1602.156    -1.3342    -1.3341     0.0002    -1.3971    -1.3969     0.0002   2.828877   2.828878   0.000003    34.5572    34.5571     6.3615    27.8089    27.8088    34.5573    27.8090    1469.09    1469.09    -1.3959  1035.4861    34.7284 0.0000e+00
      73670 315.492124  -62.35683  -57.90262     -1.205    1459.49   1623.000   1601.173    -1.3343    -1.3341     0.0002    -1.3971    -1.3969     0.0002   2.828822   2.828830   0.000009    34.5572    34.5571     6.3705    27.8089    27.8088    34.5573    27.8089    1469.07    1469.08    -1.3959  1035.4815    34.7283 0.0000e+00
      73696 315.492137  -62.35682  -57.90261     -0.988    1459.49   1622.000   1600.190    -1.3343    -1.3340     0.0003    -1.3970    -1.3968     0.0003   2.828786   2.828791   0.000006    34.5572    34.5570     6.3668    27.8088    27.8087    34.5573    27.8090    1469.06    1469.06    -1.3959  1035.4769    34.7283 0.0000e+00
      73720 315.492149  -62.35682  -57.90259     -0.952    1459.49   1621.000   1599.207    -1.3340    -1.3340    -0.0001    -1.3967    -1.3968    -0.0001   2.828749   2.828741  -0.000008    34.5569    34.5569     6.3686    27.8086    27.8086    34.5570    27.8087    1469.04    1469.04    -1.3955  1035.4720    34.7280 0.0000e+00
      73744 315.492160  -62.35682  -57.90258     -0.999    1459.49   1620.000   1598.225    -1.3336    -1.3334     0.0001    -1.3962    -1.3961     0.0001   2.828745   2.828750   0.000004    34.5569    34.5568     6.3696    27.8086    27.8085    34.5571    27.8087    1469.03    1469.03    -1.3950  1035.4673    34.7281 0.0000e+00
      73771 315.492173  -62.35682  -57.90257     -0.956    1459.49   1619.000   1597.242    -1.3330    -1.3326     0.0004    -1.3956    -1.3952     0.0004   2.828747   2.828788   0.000032    34.5569    34.5569     6.3681    27.8086    27.8086    34.5570    27.8086    1469.01    1469.01    -1.3944  1035.4625    34.7280 0.0000e+00
      73801 315.492187  -62.35682  -57.90256     -0.828    1459.49   1618.000   1596.259    -1.3318    -1.3311     0.0007    -1.3944    -1.3937     0.0007   2.828816   2.828867   0.000060    34.5569    34.5569     6.3745    27.8085    27.8085    34.5571    27.8087    1469.00    1469.01    -1.3932  1035.4579    34.7281 0.0000e+00
      73829 315.492201  -62.35682  -57.90254     -0.809    1459.49   1617.000   1595.276    -1.3308    -1.3310    -0.0001    -1.3934    -1.3935    -0.0001   2.828839   2.828833  -0.000006    34.5568    34.5569     6.3635    27.8084    27.8085    34.5569    27.8085    1468.99    1468.99    -1.3922  1035.4530    34.7279 0.0000e+00
      73855 315.492213  -62.35682  -57.90254     -0.900    1459.49   1616.000   1594.293    -1.3297    -1.3295     0.0002    -1.3922    -1.3920     0.0002   2.828900   2.828914   0.000015    34.5568    34.5568     6.3663    27.8084    27.8084    34.5571    27.8086    1468.98    1468.98    -1.3911  1035.4485    34.7281 0.0000e+00
      73878 315.492225  -62.35682  -57.90252     -0.982    1459.49   1615.000   1593.311    -1.3288    -1.3285     0.0002    -1.3912    -1.3910     0.0002   2.828941   2.828950   0.000009    34.5568    34.5568     6.3709    27.8084    27.8083    34.5571    27.8086    1468.97    1468.97    -1.3901  1035.4437    34.7281 0.0000e+00
      73900 315.492235  -62.35682  -57.90250     -1.047    1459.49   1614.000   1592.328    -1.3278    -1.3275     0.0003    -1.3902    -1.3899     0.0003   2.828975   2.828998   0.000019    34.5568    34.5567     6.3715    27.8083    27.8083    34.5570    27.8085    1468.95    1468.96    -1.3890  1035.4389    34.7280 0.0000e+00
      73921 315.492245  -62.35682  -57.90248     -1.122    1459.49   1613.000   1591.345    -1.3269    -1.3265     0.0004    -1.3893    -1.3888     0.0004   2.829009   2.829045   0.000036    34.5567    34.5567     6.3661    27.8082    27.8082    34.5569    27.8084    1468.94    1468.94    -1.3881  1035.4342    34.7279 0.0000e+00
      73939 315.492254  -62.35681  -57.90247     -1.217    1459.49   1612.000   1590.362    -1.3261    -1.3257     0.0005    -1.3884    -1.3880     0.0005   2.829037   2.829067   0.000034    34.5568    34.5568     6.3651    27.8083    27.8082    34.5570    27.8084    1468.93    1468.93    -1.3872  1035.4295    34.7280 0.0000e+00
      73958 315.492263  -62.35680  -57.90246     -1.289    1459.49   1611.000   1589.379    -1.3260    -1.3253     0.0007    -1.3883    -1.3876     0.0007   2.828985   2.829041   0.000046    34.5568    34.5566     6.3686    27.8083    27.8080    34.5568    27.8083    1468.91    1468.92    -1.3871  1035.4247    34.7278 0.0000e+00
      73978 315.492273  -62.35680  -57.90246     -1.269    1459.49   1610.000   1588.397    -1.3258    -1.3252     0.0006    -1.3880    -1.3874     0.0006   2.828969   2.829019   0.000051    34.5567    34.5567     6.3655    27.8082    27.8082    34.5569    27.8083    1468.90    1468.90    -1.3868  1035.4201    34.7279 0.0000e+00
      74007 315.492287  -62.35680  -57.90243     -0.979    1459.49   1609.000   1587.414    -1.3258    -1.3253     0.0006    -1.3880    -1.3875     0.0005   2.828927   2.828970   0.000045    34.5568    34.5568     6.3665    27.8083    27.8082    34.5569    27.8083    1468.88    1468.88    -1.3868  1035.4155    34.7279 0.0000e+00
      74043 315.492304  -62.35680  -57.90242     -0.632    1459.49   1608.000   1586.431    -1.3251    -1.3253    -0.0001    -1.3873    -1.3874    -0.0001   2.828930   2.828925  -0.000002    34.5566    34.5567     6.3671    27.8081    27.8082    34.5567    27.8082    1468.87    1468.87    -1.3861  1035.4106    34.7277 0.0000e+00
      74069 315.492317  -62.35680  -57.90242     -0.802    1459.49   1607.000   1585.448    -1.3243    -1.3243    -0.0000    -1.3863    -1.3864    -0.0000   2.828967   2.828980   0.000011    34.5566    34.5568     6.3633    27.8080    27.8082    34.5568    27.8082    1468.85    1468.85    -1.3852  1035.4060    34.7278 0.0000e+00
      74091 315.492327  -62.35680  -57.90240     -1.013    1459.49   1606.000   1584.465    -1.3229    -1.3220     0.0009    -1.3850    -1.3841     0.0009   2.829036   2.829127   0.000083    34.5565    34.5566     6.3726    27.8079    27.8079    34.5568    27.8081    1468.84    1468.85    -1.3838  1035.4012    34.7278 0.0000e+00
      74112 315.492338  -62.35680  -57.90239     -1.113    1459.49   1605.000   1583.482    -1.3213    -1.3192     0.0021    -1.3834    -1.3813     0.0021   2.829120   2.829309   0.000174    34.5565    34.5565     6.3668    27.8079    27.8077    34.5567    27.8080    1468.83    1468.84    -1.3822  1035.3964    34.7277 0.0000e+00
      74137 315.492350  -62.35680  -57.90237     -1.064    1459.49   1604.000   1582.500    -1.3193    -1.3176     0.0017    -1.3813    -1.3796     0.0017   2.829266   2.829394   0.000135    34.5565    34.5564     6.3687    27.8078    27.8076    34.5569    27.8081    1468.83    1468.84    -1.3801  1035.3917    34.7279 0.0000e+00
      74165 315.492363  -62.35680  -57.90236     -0.876    1459.49   1603.000   1581.517    -1.3175    -1.3171     0.0004    -1.3795    -1.3791     0.0004   2.829368   2.829390   0.000028    34.5565    34.5565     6.3647    27.8077    27.8077    34.5568    27.8080    1468.82    1468.82    -1.3783  1035.3869    34.7278 0.0000e+00
      74189 315.492375  -62.35680  -57.90234     -0.905    1459.49   1602.000   1580.534    -1.3162    -1.3160     0.0002    -1.3781    -1.3779     0.0002   2.829431   2.829451   0.000016    34.5564    34.5563     6.3607    27.8076    27.8075    34.5567    27.8079    1468.81    1468.81    -1.3769  1035.3821    34.7277 0.0000e+00
      74210 315.492385  -62.35678  -57.90232     -1.083    1459.49   1601.000   1579.551    -1.3145    -1.3139     0.0005    -1.3764    -1.3758     0.0005   2.829533   2.829584   0.000046    34.5564    34.5564     6.3614    27.8075    27.8075    34.5568    27.8078    1468.80    1468.80    -1.3752  1035.3773    34.7277 0.0000e+00
      74230 315.492395  -62.35678  -57.90232     -1.173    1459.49   1600.000   1578.568    -1.3141    -1.3122     0.0019    -1.3759    -1.3741     0.0018   2.829505   2.829672   0.000146    34.5563    34.5562     6.3664    27.8074    27.8073    34.5565    27.8075    1468.78    1468.79    -1.3748  1035.3724    34.7274 0.0000e+00
      74259 315.492408  -62.35678  -57.90230     -0.971    1459.49   1599.000   1577.585    -1.3131    -1.3106     0.0025    -1.3749    -1.3724     0.0025   2.829559   2.829764   0.000207    34.5563    34.5562     6.3609    27.8074    27.8072    34.5567    27.8077    1468.77    1468.78    -1.3737  1035.3678    34.7277 0.0000e+00
      74296 315.492426  -62.35678  -57.90228     -0.621    1459.49   1598.000   1576.602    -1.3079    -1.3071     0.0008    -1.3697    -1.3690     0.0008   2.829967   2.830022   0.000066    34.5561    34.5561     6.3599    27.8071    27.8070    34.5568    27.8076    1468.78    1468.78    -1.3686  1035.3629    34.7278 0.0000e+00
      74320 315.492438  -62.35678  -57.90227     -0.822    1459.49   1597.000   1575.619    -1.3054    -1.3054     0.0000    -1.3672    -1.3672     0.0000   2.830100   2.830106   0.000006    34.5560    34.5560     6.3553    27.8068    27.8069    34.5564    27.8072    1468.78    1468.77    -1.3660  1035.3577    34.7274 0.0000e+00
      74339 315.492447  -62.35678  -57.90226     -1.084    1459.49   1596.000   1574.636    -1.3047    -1.3041     0.0005    -1.3664    -1.3659     0.0005   2.830146   2.830196   0.000044    34.5561    34.5561     6.3580    27.8070    27.8069    34.5567    27.8074    1468.76    1468.76    -1.3653  1035.3532    34.7277 0.0000e+00
      74356 315.492455  -62.35678  -57.90224     -1.278    1459.49   1595.000   1573.654    -1.3011    -1.3002     0.0008    -1.3628    -1.3620     0.0008   2.830400   2.830480   0.000078    34.5559    34.5560     6.3519    27.8067    27.8067    34.5566    27.8073    1468.76    1468.77    -1.3617  1035.3482    34.7276 0.0000e+00
      74375 315.492464  -62.35678  -57.90223     -1.352    1459.49   1594.000   1572.670    -1.3000    -1.2983     0.0016    -1.3617    -1.3601     0.0016   2.830435   2.830572   0.000141    34.5559    34.5559     6.3535    27.8066    27.8066    34.5565    27.8071    1468.75    1468.76    -1.3605  1035.3434    34.7274 0.0000e+00
      74397 315.492475  -62.35678  -57.90222     -1.218    1459.49   1593.000   1571.688    -1.3004    -1.2961     0.0043    -1.3620    -1.3578     0.0042   2.830338   2.830739   0.000360    34.5559    34.5559     6.3483    27.8066    27.8065    34.5562    27.8069    1468.73    1468.75    -1.3609  1035.3385    34.7271 0.0000e+00
      74426 315.492489  -62.35678  -57.90221     -0.894    1459.49   1592.000   1570.705    -1.2958    -1.2932     0.0026    -1.3574    -1.3549     0.0025   2.830742   2.830907   0.000200    34.5560    34.5558     6.3340    27.8066    27.8063    34.5570    27.8074    1468.74    1468.75    -1.3563  1035.3341    34.7280 0.0000e+00
      74451 315.492501  -62.35678  -57.90220     -0.871    1459.49   1591.000   1569.722    -1.2916    -1.2914     0.0002    -1.3532    -1.3530     0.0002   2.831001   2.831019   0.000024    34.5557    34.5557     6.3387    27.8061    27.8062    34.5563    27.8066    1468.74    1468.74    -1.3521  1035.3286    34.7272 0.0000e+00
      74469 315.492510  -62.35677  -57.90219     -1.103    1459.49   1590.000   1568.739    -1.2906    -1.2906     0.0000    -1.3522    -1.3522     0.0000   2.831033   2.831039   0.000007    34.5556    34.5557     6.3327    27.8061    27.8061    34.5562    27.8065    1468.73    1468.73    -1.3511  1035.3237    34.7271 0.0000e+00
      74486 315.492518  -62.35676  -57.90218     -1.314    1459.49   1589.000   1567.756    -1.2906    -1.2905     0.0002    -1.3522    -1.3521     0.0002   2.830991   2.831008   0.000018    34.5558    34.5558     6.3293    27.8062    27.8062    34.5562    27.8065    1468.71    1468.71    -1.3510  1035.3191    34.7271 0.0000e+00
