Pos-Processados/process_op41/operantar41_001.cnv
* Sea-Bird SBE 9 Data File:
* FileName = C:\Users\Dell\Desktop\Operantar XLI\Raw\OP41001.hdr
* Software Version Seasave V 7.26.7.110
* Temperature SN = 6497
* Conductivity SN = 4954
* Number of Bytes Per Scan = 31
* Number of Voltage Words = 2
* Number of Scans Averaged by the Deck Unit = 1
* NMEA Latitude = 36 40.13 S
* NMEA Longitude = 048 37.58 W
* NMEA UTC (Time) = Oct 17 2022 11:05:04
* NMEA baud rate = 4800
** H41
** Navio Polar Almirante Maximiano
** LH-021/2022
** Operantar XLI
** Número da Estação 001 LR
** Latitude 36 40.147S
** Longitude 048 37.579W
** Data/Hora (Z) 1105Z
** Profundidade local 4900m
** 09-1439
** Nome do Operador CT Garla
# nquan = 30
# nvalues = 9682                        
# units = specified
# name 0 = scan: Scan Count
# name 1 = timeJ: Julian Days
# name 2 = latitude: Latitude [deg]
# name 3 = longitude: Longitude [deg]
# name 4 = dz/dtM: Descent Rate [m/s]
# name 5 = avgsvCM: Average Sound Velocity [Chen-Millero, m/s]
# name 6 = prDM: Pressure, Digiquartz [db]
# name 7 = depSM: Depth [salt water, m]
# name 8 = t090C: Temperature [ITS-90, deg C]
# name 9 = t190C: Temperature, 2 [ITS-90, deg C]
# name 10 = T2-T190C: Temperature Difference, 2 - 1 [ITS-90, deg C]
# name 11 = potemp090C: Potential Temperature [ITS-90, deg C]
# name 12 = potemp190C: Potential Temperature, 2 [ITS-90, deg C]
# name 13 = potemp90Cdiff: Potential Temperature, Diff, 2 - 1 [ITS-90, deg C]
# name 14 = c0S/m: Conductivity [S/m]
# name 15 = c1S/m: Conductivity, 2 [S/m]
# name 16 = C2-C1S/m: Conductivity Difference, 2 - 1 [S/m]
# name 17 = sal00: Salinity, Practical [PSU]
# name 18 = sal11: Salinity, Practical, 2 [PSU]
# name 19 = sbeox0ML/L: Oxygen, SBE 43 [ml/l]
# name 20 = sigma-é00: Density [sigma-theta, kg/m^3]
# name 21 = sigma-é11: Density, 2 [sigma-theta, kg/m^3]
# name 22 = sal00: Salinity, Practical [PSU]
# name 23 = sigma-é00: Density [sigma-theta, kg/m^3]
# name 24 = svCM: Sound Velocity [Chen-Millero, m/s]
# name 25 = svCM1: Sound Velocity, 2 [Chen-Millero, m/s]
# name 26 = gsw_ptA0: potential temperature [ITS-90, deg C]
# name 27 = gsw_densityA0: density, TEOS-10 [density, kg/m^3]
# name 28 = gsw_saA0: Absolute Salinity [g/kg]
# name 29 = flag:
# span 0 =       5947,     312573       
# span 1 = 290.464719, 290.612590       
# span 2 =  -36.66900,  -36.66876       
# span 3 =  -48.62668,  -48.62640       
# span 4 =     -1.927,      1.632       
# span 5 =       0.00,    1517.75       
# span 6 =      3.000,   4844.000       
# span 7 =      2.963,   4754.360       
# span 8 =     0.2582,    17.5527       
# span 9 =     0.2581,    17.5530       
# span 10 =    -0.1022,     0.0747      
# span 11 =    -0.1083,    17.5520      
# span 12 =    -0.1083,    17.5523      
# span 13 =    -0.1018,     0.0744      
# span 14 =   3.083500,   4.678779      
# span 15 =   3.083491,   4.678660      
# span 16 =  -0.010669,   0.008178      
# span 17 =    34.1885,    36.1095      
# span 18 =    34.1883,    36.1083      
# span 19 =     4.0255,     5.8161      
# span 20 =    26.2325,    27.8431      
# span 21 =    26.2316,    27.8434      
# span 22 =    34.1849,    36.1094      
# span 23 =    26.2325,    27.8430      
# span 24 =    1484.37,    1531.97      
# span 25 =    1484.37,    1531.97      
# span 26 =    -0.1085,    17.5520      
# span 27 =  1026.2501,  1049.7178      
# span 28 =    34.3481,    36.2799      
# span 29 = 0.0000e+00, 0.0000e+00      
# interval = decibars: 1                
# start_time = Oct 17 2022 11:05:04 [NMEA time, header]
# bad_flag = -9.990e-29
*END*
[from data line 9523]
     300243 290.606645  -36.66886  -48.62642     -1.604    1506.64    161.000    159.752    17.4836    17.4840     0.0003    17.4564    17.4567     0.0003   4.672096   4.671930  -0.000144    36.0976    36.0961     5.1506    26.2468    26.2456    36.0980    26.2471    1518.20    1518.20    17.4564  1026.9510    36.2684 0.0000e+00
     300259 290.606652  -36.66886  -48.62642     -1.643    1506.64    160.000    158.760    17.4822    17.4812    -0.0010    17.4552    17.4541    -0.0010   4.671829   4.671552  -0.000296    36.0974    36.0958     5.1563    26.2469    26.2460    36.0974    26.2469    1518.18    1518.17    17.4551  1026.9465    36.2678 0.0000e+00
     300281 290.606663  -36.66886  -48.62642     -1.387    1506.64    159.000    157.768    17.4829    17.4827    -0.0002    17.4560    17.4558    -0.0002   4.671951   4.671791  -0.000149    36.0976    36.0965     5.1467    26.2468    26.2461    36.0981    26.2473    1518.16    1518.16    17.4560  1026.9426    36.2686 0.0000e+00
     300325 290.606684  -36.66886  -48.62642     -0.562    1506.64    158.000    156.776    17.4876    17.4873    -0.0004    17.4608    17.4605    -0.0004   4.672537   4.672342  -0.000200    36.0991    36.0977     5.1393    26.2468    26.2458    36.0995    26.2471    1518.16    1518.16    17.4609  1026.9380    36.2699 0.0000e+00
     300365 290.606703  -36.66886  -48.62642     -0.564    1506.64    157.000    155.785    17.4869    17.4867    -0.0002    17.4603    17.4602    -0.0002   4.672412   4.672226  -0.000192    36.0991    36.0977     5.1571    26.2470    26.2459    36.0994    26.2472    1518.14    1518.14    17.4603  1026.9337    36.2698 0.0000e+00
     300386 290.606713  -36.66886  -48.62642     -0.907    1506.64    156.000    154.792    17.4866    17.4869     0.0003    17.4602    17.4605     0.0003   4.672305   4.672211  -0.000104    36.0990    36.0978     5.1668    26.2469    26.2459    36.0991    26.2470    1518.13    1518.13    17.4602  1026.9292    36.2695 0.0000e+00
     300404 290.606722  -36.66886  -48.62642     -1.165    1506.64    155.000    153.801    17.4858    17.4866     0.0008    17.4595    17.4603     0.0008   4.672181   4.672119  -0.000068    36.0991    36.0977     5.1467    26.2472    26.2459    36.0992    26.2472    1518.11    1518.11    17.4595  1026.9251    36.2696 0.0000e+00
     300421 290.606730  -36.66886  -48.62642     -1.323    1506.64    154.000    152.809    17.4857    17.4865     0.0008    17.4596    17.4604     0.0008   4.672104   4.672044  -0.000066    36.0989    36.0976     5.1367    26.2470    26.2458    36.0990    26.2471    1518.09    1518.09    17.4596  1026.9206    36.2694 0.0000e+00
     300438 290.606738  -36.66886  -48.62642     -1.407    1506.64    153.000    151.817    17.4857    17.4861     0.0005    17.4598    17.4602     0.0005   4.672067   4.671978  -0.000076    36.0989    36.0978     5.1424    26.2470    26.2460    36.0990    26.2471    1518.07    1518.07    17.4598  1026.9163    36.2695 0.0000e+00
     300455 290.606747  -36.66886  -48.62642     -1.420    1506.64    152.000    150.825    17.4853    17.4856     0.0003    17.4596    17.4598     0.0003   4.671965   4.671835  -0.000136    36.0989    36.0975     5.1423    26.2470    26.2459    36.0989    26.2470    1518.06    1518.05    17.4595  1026.9119    36.2693 0.0000e+00
     300476 290.606757  -36.66886  -48.62642     -1.312    1506.64    151.000    149.833    17.4847    17.4854     0.0007    17.4591    17.4599     0.0007   4.671843   4.671794  -0.000050    36.0987    36.0976     5.1433    26.2470    26.2460    36.0987    26.2470    1518.04    1518.04    17.4591  1026.9075    36.2692 0.0000e+00
     300501 290.606769  -36.66886  -48.62642     -1.062    1506.64    150.000    148.841    17.4893    17.4870    -0.0023    17.4639    17.4616    -0.0023   4.672513   4.672046  -0.000439    36.1001    36.0984     5.1471    26.2469    26.2461    36.1008    26.2474    1518.04    1518.03    17.4639  1026.9036    36.2713 0.0000e+00
     300534 290.606785  -36.66886 -9.990e-29     -0.775    1506.64    149.000    147.849    17.4923    17.4917    -0.0006    17.4671    17.4664    -0.0006   4.672829   4.672638  -0.000218    36.1012    36.0998     5.1420    26.2469    26.2460    36.1013    26.2470    1518.03    1518.03    17.4671  1026.8989    36.2717 0.0000e+00
     300563 290.606799  -36.66886 -9.990e-29     -0.756    1506.64    148.000    146.857    17.4925    17.4930     0.0005    17.4675    17.4680     0.0005   4.672829   4.672762  -0.000065    36.1014    36.1003     5.1510    26.2470    26.2461    36.1015    26.2471    1518.01    1518.01    17.4675  1026.8946    36.2719 0.0000e+00
     300587 290.606810  -36.66886 -9.990e-29     -0.924    1506.64    147.000    145.865    17.4919    17.4923     0.0004    17.4670    17.4674     0.0004   4.672677   4.672556  -0.000114    36.1011    36.0998     5.1574    26.2469    26.2458    36.1011    26.2469    1517.99    1517.99    17.4670  1026.8900    36.2716 0.0000e+00
     300610 290.606821  -36.66886  -48.62644     -1.041    1506.64    146.000    144.873    17.4904    17.4906     0.0001    17.4657    17.4659     0.0001   4.672453   4.672323  -0.000143    36.1009    36.0995     5.1518    26.2470    26.2460    36.1009    26.2470    1517.97    1517.97    17.4657  1026.8858    36.2713 0.0000e+00
     300633 290.606833  -36.66886  -48.62644     -1.054    1506.64    145.000    143.882    17.4897    17.4901     0.0004    17.4652    17.4655     0.0004   4.672337   4.672213  -0.000121    36.1009    36.0995     5.1561    26.2472    26.2460    36.1009    26.2472    1517.95    1517.95    17.4652  1026.8817    36.2713 0.0000e+00
     300659 290.606845  -36.66886  -48.62642     -0.976    1506.64    144.000    142.890    17.4893    17.4895     0.0003    17.4649    17.4652     0.0003   4.672236   4.672136  -0.000100    36.1008    36.0997     5.1639    26.2472    26.2462    36.1008    26.2472    1517.94    1517.94    17.4649  1026.8773    36.2712 0.0000e+00
     300685 290.606858  -36.66886  -48.62642     -0.904    1506.64    143.000    141.898    17.4888    17.4891     0.0003    17.4646    17.4649     0.0003   4.672127   4.672018  -0.000116    36.1007    36.0994     5.1609    26.2471    26.2461    36.1006    26.2471    1517.92    1517.92    17.4646  1026.8729    36.2711 0.0000e+00
     300708 290.606869  -36.66886  -48.62642     -0.964    1506.64    142.000    140.906    17.4888    17.4894     0.0007    17.4647    17.4654     0.0007   4.672097   4.672024  -0.000074    36.1008    36.0996     5.1584    26.2472    26.2461    36.1008    26.2472    1517.90    1517.90    17.4647  1026.8687    36.2712 0.0000e+00
     300727 290.606878  -36.66886  -48.62642     -1.119    1506.64    141.000    139.914    17.4888    17.4899     0.0010    17.4649    17.4660     0.0010   4.672069   4.672069   0.000004    36.1008    36.1000     5.1658    26.2472    26.2462    36.1009    26.2473    1517.88    1517.89    17.4650  1026.8644    36.2714 0.0000e+00
     300745 290.606887  -36.66886  -48.62642     -1.271    1506.64    140.000    138.922    17.4901    17.4903     0.0002    17.4664    17.4666     0.0002   4.672202   4.672041  -0.000163    36.1013    36.0997     5.1624    26.2471    26.2459    36.1013    26.2472    1517.87    1517.87    17.4664  1026.8599    36.2717 0.0000e+00
     300764 290.606896  -36.66886  -48.62642     -1.325    1506.64    139.000    137.930    17.4899    17.4904     0.0005    17.4664    17.4668     0.0005   4.672090   4.672027  -0.000066    36.1010    36.1000     5.1580    26.2470    26.2461    36.1009    26.2469    1517.85    1517.86    17.4664  1026.8553    36.2713 0.0000e+00
     300786 290.606906  -36.66886  -48.62642     -1.196    1506.64    138.000    136.938    17.4893    17.4897     0.0004    17.4660    17.4664     0.0004   4.672010   4.671886  -0.000120    36.1011    36.0997     5.1617    26.2471    26.2460    36.1011    26.2472    1517.84    1517.84    17.4660  1026.8513    36.2715 0.0000e+00
     300816 290.606921  -36.66886  -48.62642     -0.881    1506.64    137.000    135.946    17.4892    17.4894     0.0001    17.4660    17.4662     0.0001   4.671939   4.671804  -0.000129    36.1010    36.0997     5.1541    26.2470    26.2460    36.1010    26.2470    1517.82    1517.82    17.4660  1026.8468    36.2714 0.0000e+00
     300847 290.606936  -36.66886  -48.62642     -0.744    1506.64    136.000    134.954    17.4893    17.4892    -0.0000    17.4662    17.4662    -0.0000   4.671921   4.671750  -0.000179    36.1013    36.0998     5.1480    26.2472    26.2461    36.1012    26.2471    1517.80    1517.80    17.4662  1026.8425    36.2716 0.0000e+00
     300870 290.606947  -36.66886  -48.62642     -0.917    1506.64    135.000    133.962    17.4895    17.4896     0.0001    17.4666    17.4667     0.0001   4.671894   4.671765  -0.000133    36.1011    36.0999     5.1466    26.2470    26.2460    36.1012    26.2470    1517.79    1517.79    17.4666  1026.8381    36.2716 0.0000e+00
     300888 290.606956  -36.66886  -48.62642     -1.138    1506.64    134.000    132.970    17.4894    17.4901     0.0007    17.4667    17.4674     0.0007   4.671860   4.671805  -0.000053    36.1013    36.1003     5.1387    26.2471    26.2461    36.1013    26.2471    1517.77    1517.77    17.4667  1026.8338    36.2717 0.0000e+00
     300906 290.606964  -36.66886  -48.62642     -1.284    1506.64    133.000    131.978    17.4894    17.4899     0.0005    17.4669    17.4674     0.0005   4.671811   4.671709  -0.000100    36.1013    36.1000     5.1501    26.2471    26.2459    36.1013    26.2471    1517.75    1517.75    17.4669  1026.8294    36.2717 0.0000e+00
     300927 290.606974  -36.66886  -48.62644     -1.271    1506.64    132.000    130.986    17.4892    17.4893     0.0002    17.4668    17.4670     0.0002   4.671706   4.671590  -0.000119    36.1011    36.0999     5.1738    26.2469    26.2459    36.1010    26.2468    1517.74    1517.74    17.4668  1026.8249    36.2714 0.0000e+00
     300954 290.606987  -36.66886  -48.62644     -1.016    1506.64    131.000    129.994    17.4887    17.4891     0.0003    17.4665    17.4669     0.0003   4.671636   4.671528  -0.000105    36.1012    36.1000     5.1711    26.2471    26.2461    36.1012    26.2470    1517.72    1517.72    17.4665  1026.8207    36.2716 0.0000e+00
     300987 290.607003  -36.66886  -48.62644     -0.730    1506.64    130.000    129.002    17.4911    17.4892    -0.0019    17.4691    17.4672    -0.0019   4.671948   4.671507  -0.000403    36.1017    36.1000     5.1482    26.2469    26.2460    36.1021    26.2472    1517.71    1517.70    17.4691  1026.8165    36.2726 0.0000e+00
     301014 290.607016  -36.66886  -48.62644     -0.805    1506.64    129.000    128.010    17.4950    17.4909    -0.0041    17.4732    17.4691    -0.0041   4.672383   4.671752  -0.000652    36.1027    36.1007     5.1491    26.2466    26.2460    36.1028    26.2467    1517.71    1517.69    17.4731  1026.8117    36.2732 0.0000e+00
     301033 290.607026  -36.66886  -48.62642     -1.041    1506.64    128.000    127.018    17.4962    17.4954    -0.0008    17.4745    17.4737    -0.0008   4.672493   4.672289  -0.000240    36.1028    36.1015     5.1401    26.2463    26.2456    36.1031    26.2466    1517.69    1517.69    17.4745  1026.8072    36.2735 0.0000e+00
     301051 290.607034  -36.66886  -48.62642     -1.245    1506.64    127.000    126.026    17.4970    17.4973     0.0002    17.4755    17.4758     0.0002   4.672578   4.672512  -0.000085    36.1033    36.1023     5.1488    26.2465    26.2457    36.1035    26.2466    1517.68    1517.68    17.4755  1026.8029    36.2739 0.0000e+00
     301069 290.607043  -36.66886  -48.62642     -1.350    1506.64    126.000    125.033    17.4976    17.4999     0.0023    17.4762    17.4786     0.0023   4.672617   4.672771   0.000175    36.1034    36.1029     5.1578    26.2464    26.2454    36.1037    26.2466    1517.66    1517.67    17.4762  1026.7986    36.2741 0.0000e+00
     301090 290.607053  -36.66886  -48.62644     -1.262    1506.64    125.000    124.042    17.5009    17.4993    -0.0016    17.4797    17.4781    -0.0016   4.672999   4.672601  -0.000388    36.1041    36.1021     5.1604    26.2461    26.2450    36.1045    26.2464    1517.66    1517.65    17.4797  1026.7940    36.2749 0.0000e+00
     301116 290.607066  -36.66886  -48.62644     -1.001    1506.64    124.000    123.050    17.5022    17.5010    -0.0012    17.4812    17.4800    -0.0012   4.673126   4.672850  -0.000277    36.1045    36.1032     5.1553    26.2461    26.2453    36.1048    26.2462    1517.65    1517.64    17.4812  1026.7895    36.2752 0.0000e+00
     301143 290.607078  -36.66886  -48.62644     -0.887    1506.64    123.000    122.057    17.5025    17.5019    -0.0005    17.4816    17.4811    -0.0005   4.673105   4.672901  -0.000206    36.1047    36.1033     5.1545    26.2460    26.2452    36.1048    26.2461    1517.63    1517.63    17.4816  1026.7850    36.2752 0.0000e+00
     301166 290.607089  -36.66886  -48.62644     -0.978    1506.64    122.000    121.066    17.5023    17.5020    -0.0003    17.4816    17.4813    -0.0003   4.673061   4.672869  -0.000196    36.1047    36.1033     5.1607    26.2461    26.2451    36.1049    26.2462    1517.61    1517.61    17.4816  1026.7808    36.2753 0.0000e+00
     301188 290.607100  -36.66886  -48.62644     -1.072    1506.64    121.000    120.074    17.5029    17.5029     0.0000    17.4825    17.4825     0.0000   4.673108   4.672910  -0.000191    36.1049    36.1033     5.1751    26.2460    26.2448    36.1052    26.2462    1517.60    1517.60    17.4824  1026.7765    36.2756 0.0000e+00
     301211 290.607111  -36.66886  -48.62644     -1.059    1506.64    120.000    119.081    17.5032    17.5032    -0.0000    17.4829    17.4828    -0.0000   4.673075   4.672922  -0.000161    36.1049    36.1036     5.1809    26.2459    26.2449    36.1050    26.2460    1517.58    1517.58    17.4829  1026.7719    36.2754 0.0000e+00
     301236 290.607123  -36.66886  -48.62644     -0.978    1506.64    119.000    118.089    17.5030    17.5031     0.0001    17.4828    17.4829     0.0001   4.673016   4.672902  -0.000119    36.1050    36.1039     5.1820    26.2460    26.2452    36.1051    26.2461    1517.57    1517.57    17.4828  1026.7676    36.2755 0.0000e+00
     301258 290.607134  -36.66886  -48.62644     -1.015    1506.64    118.000    117.098    17.5028    17.5030     0.0002    17.4828    17.4829     0.0002   4.672948   4.672840  -0.000111    36.1050    36.1039     5.1793    26.2460    26.2452    36.1050    26.2461    1517.55    1517.55    17.4828  1026.7633    36.2755 0.0000e+00
     301277 290.607143  -36.66886  -48.62644     -1.152    1506.64    117.000    116.105    17.5026    17.5030     0.0004    17.4828    17.4831     0.0004   4.672877   4.672774  -0.000101    36.1050    36.1038     5.1731    26.2460    26.2450    36.1050    26.2460    1517.53    1517.53    17.4828  1026.7589    36.2754 0.0000e+00
     301295 290.607152  -36.66886  -48.62644     -1.278    1506.64    116.000    115.113    17.5026    17.5029     0.0003    17.4830    17.4833     0.0003   4.672849   4.672681  -0.000174    36.1051    36.1034     5.1825    26.2461    26.2447    36.1051    26.2461    1517.52    1517.51    17.4830  1026.7546    36.2755 0.0000e+00
     301314 290.607161  -36.66886  -48.62644     -1.324    1506.64    115.000    114.121    17.5026    17.5027     0.0002    17.4831    17.4833     0.0002   4.672780   4.672662  -0.000119    36.1049    36.1037     5.1845    26.2459    26.2449    36.1049    26.2459    1517.50    1517.50    17.4832  1026.7500    36.2753 0.0000e+00
