Pos-Processados/process_op41/operantar41_001.ros
* Sea-Bird SBE 9 Data File:
* FileName = C:\Users\Dell\Desktop\Operantar XLI\Raw\OP41001.hdr
* Software Version Seasave V 7.26.7.110
* Temperature SN = 6497
* Conductivity SN = 4954
* Number of Bytes Per Scan = 31
* Number of Voltage Words = 2
* Number of Scans Averaged by the Deck Unit = 1
* NMEA Latitude = 36 40.13 S
* NMEA Longitude = 048 37.58 W
* NMEA UTC (Time) = Oct 17 2022 11:05:04
* NMEA baud rate = 4800
** H41
** Navio Polar Almirante Maximiano
** LH-021/2022
** Operantar XLI
** Número da Estação 001 LR
** Latitude 36 40.147S
** Longitude 048 37.579W
** Data/Hora (Z) 1105Z
** Profundidade local 4900m
** 09-1439
** Nome do Operador CT Garla
# nquan = 24
# nvalues = 1940                                  
# units = specified
# name 0 = scan: Scan Count
# name 1 = timeJ: Julian Days
# name 2 = latitude: Latitude [deg]
# name 3 = longitude: Longitude [deg]
# name 4 = dz/dtM: Descent Rate [m/s]
# name 5 = avgsvCM: Average Sound Velocity [Chen-Millero, m/s]
# name 6 = prDM: Pressure, Digiquartz [db]
# name 7 = depSM: Depth [salt water, m]
# name 8 = t090C: Temperature [ITS-90, deg C]
# name 9 = t190C: Temperature, 2 [ITS-90, deg C]
# name 10 = T2-T190C: Temperature Difference, 2 - 1 [ITS-90, deg C]
# name 11 = potemp090C: Potential Temperature [ITS-90, deg C]
# name 12 = potemp190C: Potential Temperature, 2 [ITS-90, deg C]
# name 13 = potemp90Cdiff: Potential Temperature, Diff, 2 - 1 [ITS-90, deg C]
# name 14 = c0S/m: Conductivity [S/m]
# name 15 = c1S/m: Conductivity, 2 [S/m]
# name 16 = C2-C1S/m: Conductivity Difference, 2 - 1 [S/m]
# name 17 = sal00: Salinity, Practical [PSU]
# name 18 = sal11: Salinity, Practical, 2 [PSU]
# name 19 = sbeox0ML/L: Oxygen, SBE 43 [ml/l]
# name 20 = sigma-é00: Density [sigma-theta, kg/m^3]
# name 21 = sigma-é11: Density, 2 [sigma-theta, kg/m^3]
# name 22 = nbf: Bottles Fired
# name 23 = flag:  0.000e+00
# interval = seconds: 0.0416667
# start_time = Oct 17 2022 11:05:04 [NMEA time, header]
# bad_flag = -9.990e-29
*END*
[from data line 363]
     189524 290.553250  -36.66886  -48.62654      0.411    1506.64   4842.623   4753.053     0.2657     0.2658     0.0001    -0.1084    -0.1083     0.0001   3.090905   3.090918   0.000012    34.6669    34.6670     4.8648    27.8431    27.8431          4  0.000e+00
     189525 290.553250  -36.66886  -48.62654      0.405    1506.64   4842.676   4753.104     0.2657     0.2659     0.0002    -0.1084    -0.1081     0.0002   3.090876   3.090929   0.000053    34.6666    34.6670     4.8600    27.8427    27.8431          4  0.000e+00
     189526 290.553251  -36.66886  -48.62654      0.398    1506.64   4842.676   4753.104     0.2657     0.2657    -0.0000    -0.1084    -0.1084    -0.0000   3.090899   3.090941   0.000042    34.6669    34.6674     4.8600    27.8430    27.8435          4  0.000e+00
     189527 290.553251  -36.66886  -48.62654      0.385    1506.64   4842.606   4753.037     0.2657     0.2658     0.0001    -0.1084    -0.1083     0.0001   3.090893   3.090941   0.000048    34.6668    34.6673     4.8599    27.8429    27.8434          4  0.000e+00
     189528 290.553252  -36.66886  -48.62654      0.382    1506.64   4842.745   4753.172     0.2656     0.2658     0.0002    -0.1085    -0.1083     0.0002   3.090893   3.090941   0.000048    34.6669    34.6673     4.8601    27.8430    27.8433          4  0.000e+00
     189529 290.553252  -36.66886  -48.62654      0.373    1506.64   4842.676   4753.104     0.2655     0.2657     0.0001    -0.1085    -0.1084     0.0001   3.090882   3.090894   0.000012    34.6668    34.6668     4.8600    27.8430    27.8430          4  0.000e+00
     189530 290.553253  -36.66886  -48.62654      0.367    1506.64   4842.693   4753.121     0.2657     0.2658     0.0001    -0.1084    -0.1083     0.0001   3.090864   3.090900   0.000036    34.6664    34.6668     4.8600    27.8426    27.8429          4  0.000e+00
     189531 290.553253  -36.66886  -48.62654      0.356    1506.64   4842.676   4753.104     0.2657     0.2655    -0.0002    -0.1084    -0.1086    -0.0002   3.090917   3.090929   0.000013    34.6671    34.6675     4.8600    27.8432    27.8435          4  0.000e+00
     189532 290.553254  -36.66886  -48.62654      0.350    1506.64   4842.745   4753.172     0.2657     0.2658     0.0001    -0.1084    -0.1083     0.0001   3.090835   3.090941   0.000106    34.6660    34.6673     4.8601    27.8423    27.8433          4  0.000e+00
     189533 290.553254  -36.66886  -48.62654      0.342    1506.64   4842.676   4753.104     0.2657     0.2657    -0.0000    -0.1084    -0.1084    -0.0000   3.090882   3.090918   0.000036    34.6666    34.6671     4.8600    27.8428    27.8432          4  0.000e+00
     189534 290.553255  -36.66886  -48.62654      0.332    1506.64   4842.745   4753.172     0.2657     0.2658     0.0001    -0.1084    -0.1083     0.0001   3.090876   3.090953   0.000077    34.6665    34.6674     4.8601    27.8427    27.8434          4  0.000e+00
     189535 290.553255  -36.66886  -48.62654      0.325    1506.64   4842.746   4753.172     0.2657     0.2655    -0.0002    -0.1084    -0.1086    -0.0002   3.090876   3.090924   0.000048    34.6665    34.6674     4.8601    27.8427    27.8434          4  0.000e+00
     189536 290.553256  -36.66886  -48.62654      0.316    1506.64   4842.676   4753.105     0.2657     0.2657    -0.0000    -0.1084    -0.1084    -0.0000   3.090888   3.090929   0.000042    34.6667    34.6673     4.8650    27.8429    27.8433          4  0.000e+00
     189537 290.553256  -36.66886  -48.62654      0.307    1506.64   4842.763   4753.189     0.2659     0.2658    -0.0001    -0.1082    -0.1083    -0.0001   3.090923   3.090918  -0.000005    34.6669    34.6670     4.8703    27.8430    27.8431          4  0.000e+00
     189538 290.553257  -36.66886  -48.62654      0.301    1506.64   4842.746   4753.172     0.2657     0.2658     0.0001    -0.1084    -0.1083     0.0001   3.090923   3.090929   0.000007    34.6671    34.6671     4.8758    27.8432    27.8432          4  0.000e+00
     189539 290.553257  -36.66886  -48.62654      0.291    1506.64   4842.746   4753.172     0.2657     0.2657    -0.0000    -0.1084    -0.1084    -0.0000   3.090911   3.090941   0.000030    34.6670    34.6674     4.8764    27.8431    27.8434          4  0.000e+00
     189540 290.553258  -36.66886  -48.62654      0.285    1506.64   4842.746   4753.172     0.2659     0.2657    -0.0002    -0.1082    -0.1084    -0.0002   3.090893   3.090894 4.3944e-07    34.6666    34.6668     4.8770    27.8427    27.8429          4  0.000e+00
     189541 290.553258  -36.66886  -48.62654      0.280    1506.64   4842.807   4753.231     0.2657     0.2659     0.0002    -0.1084    -0.1081     0.0002   3.090882   3.090924   0.000042    34.6666    34.6668     4.8776    27.8428    27.8430          4  0.000e+00
     189542 290.553259  -36.66886  -48.62654      0.270    1506.64   4842.746   4753.172     0.2657     0.2657    -0.0000    -0.1084    -0.1084    -0.0000   3.090888   3.090941   0.000054    34.6667    34.6674     4.8782    27.8428    27.8434          4  0.000e+00
     189543 290.553259  -36.66886  -48.62654      0.256    1506.64   4842.694   4753.122     0.2657     0.2658     0.0001    -0.1084    -0.1083     0.0001   3.090905   3.090918   0.000012    34.6669    34.6670     4.8788    27.8430    27.8431          4  0.000e+00
     189544 290.553260  -36.66886  -48.62654      0.252    1506.64   4842.807   4753.231     0.2659     0.2658    -0.0001    -0.1082    -0.1083    -0.0001   3.090917   3.090888  -0.000029    34.6668    34.6666     4.8794    27.8430    27.8428          4  0.000e+00
     189545 290.553260  -36.66886  -48.62654      0.244    1506.64   4842.746   4753.172     0.2660     0.2658    -0.0003    -0.1080    -0.1083    -0.0003   3.090899   3.090924   0.000024    34.6665    34.6671     4.8800    27.8426    27.8431          4  0.000e+00
     189546 290.553261  -36.66886  -48.62654      0.237    1506.64   4842.807   4753.231     0.2655     0.2659     0.0004    -0.1085    -0.1081     0.0004   3.090923   3.090941   0.000019    34.6673    34.6671     4.8807    27.8433    27.8432          4  0.000e+00
     189547 290.553261  -36.66886  -48.62654      0.229    1506.64   4842.807   4753.231     0.2655     0.2655    -0.0000    -0.1085    -0.1086    -0.0000   3.090899   3.090983   0.000083    34.6670    34.6681     4.8813    27.8431    27.8440          4  0.000e+00
     189548 290.553261  -36.66886  -48.62654      0.220    1506.64   4842.746   4753.172     0.2657     0.2657    -0.0000    -0.1084    -0.1084    -0.0000   3.090905   3.090977   0.000072    34.6669    34.6678     4.8869    27.8430    27.8438          4  0.000e+00
     189549 290.553262  -36.66886  -48.62654      0.214    1506.64   4842.807   4753.232     0.2655     0.2655    -0.0000    -0.1085    -0.1086    -0.0000   3.090917   3.090989   0.000072    34.6672    34.6681     4.8877    27.8433    27.8440          4  0.000e+00
     189550 290.553262  -36.66886  -48.62654      0.204    1506.64   4842.763   4753.189     0.2657     0.2658     0.0001    -0.1084    -0.1083     0.0001   3.090911   3.090977   0.000066    34.6670    34.6677     4.8885    27.8431    27.8437          4  0.000e+00
     189551 290.553263  -36.66886  -48.62654      0.203    1506.64   4842.876   4753.299     0.2659     0.2657    -0.0002    -0.1082    -0.1084    -0.0002   3.090917   3.090947   0.000030    34.6668    34.6674     4.8894    27.8429    27.8434          4  0.000e+00
     189552 290.553263  -36.66886  -48.62654      0.195    1506.64   4842.746   4753.173     0.2656     0.2658     0.0002    -0.1085    -0.1083     0.0002   3.090928   3.090894  -0.000035    34.6673    34.6667     4.8901    27.8434    27.8428          4  0.000e+00
     189553 290.553264  -36.66886  -48.62654      0.189    1506.64   4842.807   4753.232     0.2657     0.2658     0.0001    -0.1084    -0.1083     0.0001   3.090923   3.090924 8.6903e-07    34.6671    34.6670     4.8909    27.8432    27.8431          4  0.000e+00
     189554 290.553264  -36.66886  -48.62654      0.182    1506.64   4842.807   4753.232     0.2660     0.2658    -0.0003    -0.1080    -0.1083    -0.0003   3.090911   3.090941   0.000030    34.6666    34.6673     4.8917    27.8427    27.8433          4  0.000e+00
     189555 290.553265  -36.66886  -48.62654      0.174    1506.64   4842.807   4753.232     0.2659     0.2659     0.0001    -0.1082    -0.1081     0.0001   3.090917   3.090941   0.000024    34.6668    34.6671     4.8925    27.8430    27.8432          4  0.000e+00
     189556 290.553265  -36.66886  -48.62654      0.169    1506.64   4842.807   4753.232     0.2656     0.2659     0.0004    -0.1085    -0.1081     0.0003   3.090929   3.090959   0.000031    34.6673    34.6673     4.8934    27.8433    27.8433          4  0.000e+00
     189557 290.553266  -36.66886  -48.62654      0.160    1506.64   4842.764   4753.190     0.2657     0.2659     0.0002    -0.1084    -0.1081     0.0002   3.090923   3.090947   0.000025    34.6671    34.6672     4.8942    27.8432    27.8432          4  0.000e+00
     189558 290.553266  -36.66886  -48.62654      0.158    1506.64   4842.877   4753.299     0.2655     0.2658     0.0002    -0.1086    -0.1083     0.0002   3.090929   3.090983   0.000054    34.6673    34.6677     4.9103    27.8434    27.8437          4  0.000e+00
     189559 290.553267  -36.66886  -48.62654      0.151    1506.64   4842.807   4753.232     0.2656     0.2658     0.0002    -0.1085    -0.1083     0.0002   3.090899   3.090977   0.000077    34.6669    34.6677     4.9055    27.8431    27.8437          4  0.000e+00
     189560 290.553267  -36.66886  -48.62654      0.151    1506.64   4842.877   4753.299     0.2660     0.2658    -0.0002    -0.1081    -0.1083    -0.0002   3.090905   3.090947   0.000042    34.6665    34.6673     4.8910    27.8427    27.8433          4  0.000e+00
     189561 290.553268  -36.66886  -48.62654      0.138    1506.64   4842.746   4753.173     0.2656     0.2658     0.0002    -0.1085    -0.1083     0.0002   3.090876   3.090941   0.000065    34.6667    34.6673     4.8974    27.8428    27.8433          4  0.000e+00
     189562 290.553268  -36.66886  -48.62654      0.137    1506.64   4842.877   4753.299     0.2655     0.2658     0.0002    -0.1086    -0.1083     0.0002   3.090882   3.090959   0.000077    34.6667    34.6674     4.8983    27.8429    27.8435          4  0.000e+00
     189563 290.553269  -36.66886  -48.62654      0.128    1506.64   4842.764   4753.190     0.2657     0.2658     0.0001    -0.1084    -0.1083     0.0001   3.090905   3.090971   0.000066    34.6669    34.6676     4.8940    27.8430    27.8436          4  0.000e+00
     189564 290.553269  -36.66886  -48.62654      0.129    1506.64   4842.877   4753.299     0.2654     0.2658     0.0004    -0.1087    -0.1083     0.0003   3.090853   3.090947   0.000095    34.6665    34.6673     4.8947    27.8427    27.8433          4  0.000e+00
     189565 290.553270  -36.66886  -48.62654      0.121    1506.64   4842.807   4753.232     0.2656     0.2657     0.0001    -0.1085    -0.1084     0.0001   3.090870   3.090959   0.000089    34.6666    34.6676     4.8902    27.8428    27.8436          5  0.000e+00
     189566 290.553270  -36.66886  -48.62654      0.114    1506.64   4842.807   4753.232     0.2659     0.2659     0.0001    -0.1082    -0.1081     0.0001   3.090911   3.090924   0.000013    34.6668    34.6668     4.8906    27.8429    27.8430          5  0.000e+00
     189567 290.553271  -36.66886  -48.62654      0.113    1506.64   4842.877   4753.300     0.2657     0.2657    -0.0000    -0.1084    -0.1084    -0.0000   3.090929   3.090929 9.5665e-07    34.6671    34.6672     4.8910    27.8432    27.8433          5  0.000e+00
     189568 290.553271  -36.66886  -48.62654      0.108    1506.64   4842.808   4753.232     0.2657     0.2658     0.0001    -0.1084    -0.1083     0.0001   3.090882   3.090941   0.000059    34.6666    34.6673     4.8914    27.8428    27.8433          5  0.000e+00
     189569 290.553272  -36.66886  -48.62654      0.110    1506.64   4842.947   4753.367     0.2659     0.2658    -0.0001    -0.1082    -0.1083    -0.0001   3.090917   3.090959   0.000042    34.6668    34.6674     4.8919    27.8429    27.8434          5  0.000e+00
     189570 290.553272  -36.66886  -48.62654      0.097    1506.64   4842.695   4753.123     0.2659     0.2655    -0.0004    -0.1082    -0.1086    -0.0004   3.090899   3.090971   0.000072    34.6667    34.6680     4.8871    27.8428    27.8439          5  0.000e+00
     189571 290.553273  -36.66886  -48.62654      0.098    1506.64   4842.947   4753.367     0.2657     0.2658     0.0001    -0.1084    -0.1083     0.0001   3.090923   3.090971   0.000048    34.6670    34.6676     4.8824    27.8431    27.8436          5  0.000e+00
     189572 290.553273  -36.66886  -48.62654      0.095    1506.64   4842.808   4753.232     0.2659     0.2658    -0.0001    -0.1082    -0.1083    -0.0001   3.090882   3.090971   0.000089    34.6664    34.6676     4.8823    27.8426    27.8436          5  0.000e+00
     189573 290.553274  -36.66886  -48.62654      0.092    1506.64   4842.877   4753.300     0.2659     0.2659     0.0001    -0.1082    -0.1082     0.0001   3.090899   3.090971   0.000072    34.6666    34.6674     4.8823    27.8428    27.8434          5  0.000e+00
     189574 290.553274  -36.66886  -48.62654      0.087    1506.64   4842.808   4753.232     0.2659     0.2657    -0.0002    -0.1082    -0.1084    -0.0002   3.090917   3.090947   0.000030    34.6668    34.6674     4.8823    27.8430    27.8435          5  0.000e+00
     189575 290.553274  -36.66886  -48.62654      0.087    1506.64   4842.877   4753.300     0.2654     0.2658     0.0004    -0.1087    -0.1083     0.0003   3.090870   3.090941   0.000071    34.6667    34.6672     4.8824    27.8429    27.8433          5  0.000e+00
     189576 290.553275  -36.66886  -48.62654      0.079    1506.64   4842.834   4753.258     0.2656     0.2657     0.0001    -0.1085    -0.1084     0.0001   3.090882   3.090941   0.000059    34.6667    34.6674     4.8824    27.8429    27.8434          5  0.000e+00
     189577 290.553275  -36.66886  -48.62654      0.077    1506.64   4842.808   4753.232     0.2659     0.2659     0.0001    -0.1082    -0.1081     0.0001   3.090923   3.090941   0.000019    34.6669    34.6671     4.8823    27.8430    27.8432          5  0.000e+00
     189578 290.553276  -36.66886  -48.62654      0.076    1506.64   4842.877   4753.300     0.2659     0.2658    -0.0001    -0.1082    -0.1083    -0.0001   3.090923   3.090959   0.000036    34.6669    34.6674     4.8671    27.8430    27.8435          5  0.000e+00
     189579 290.553276  -36.66886  -48.62654      0.070    1506.64   4842.808   4753.233     0.2657     0.2659     0.0002    -0.1084    -0.1081     0.0002   3.090923   3.090971   0.000048    34.6671    34.6674     4.8777    27.8432    27.8435          5  0.000e+00
     189580 290.553277  -36.66886  -48.62654      0.068    1506.64   4842.877   4753.300     0.2657     0.2658     0.0001    -0.1084    -0.1083     0.0001   3.090911   3.090947   0.000036    34.6669    34.6673     4.8779    27.8430    27.8433          5  0.000e+00
     189581 290.553277  -36.66886  -48.62654      0.065    1506.64   4842.808   4753.233     0.2656     0.2658     0.0002    -0.1085    -0.1083     0.0002   3.090894   3.090983   0.000089    34.6669    34.6678     4.8781    27.8430    27.8437          5  0.000e+00
     189582 290.553278  -36.66886  -48.62654      0.066    1506.64   4842.947   4753.368     0.2655     0.2657     0.0001    -0.1086    -0.1084     0.0001   3.090946   3.090953   0.000007    34.6675    34.6675     4.8784    27.8435    27.8435          5  0.000e+00
