Pos-Processados/process_op41/operantar41_022.ros
* Sea-Bird SBE 9 Data File:
* FileName = C:\Users\Dell\Desktop\OperantarXLI\config\00_BRUTOS\OPE41022.hdr
* Software Version Seasave V 7.26.7.110
* Temperature SN = 6497
* Conductivity SN = 4954
* Number of Bytes Per Scan = 34
* Number of Voltage Words = 3
* Number of Scans Averaged by the Deck Unit = 1
* NMEA Latitude = 59 45.37 S
* NMEA Longitude = 062 03.38 W
* NMEA UTC (Time) = Nov 14 2022 23:10:24
* NMEA baud rate = 4800
** H41
** Navio Polar Almirante Maximiano
** LH-021/2022
** Operantar XLI
** Número da Estação 022
** Latitude 59 45.358'S
** Longitude 062 03.362'W
** Data/Hora (Z) 14/11/2022 23:11
** Profundidade local 4103 m
** 09-1439
** Nome do Operador CT Garla
# nquan = 24
# nvalues = 1141                                  
# units = specified
# name 0 = scan: Scan Count
# name 1 = timeJ: Julian Days
# name 2 = latitude: Latitude [deg]
# name 3 = longitude: Longitude [deg]
# name 4 = dz/dtM: Descent Rate [m/s]
# name 5 = avgsvCM: Average Sound Velocity [Chen-Millero, m/s]
# name 6 = prDM: Pressure, Digiquartz [db]
# name 7 = depSM: Depth [salt water, m]
# name 8 = t090C: Temperature [ITS-90, deg C]
# name 9 = t190C: Temperature, 2 [ITS-90, deg C]
# name 10 = T2-T190C: Temperature Difference, 2 - 1 [ITS-90, deg C]
# name 11 = potemp090C: Potential Temperature [ITS-90, deg C]
# name 12 = potemp190C: Potential Temperature, 2 [ITS-90, deg C]
# name 13 = potemp90Cdiff: Potential Temperature, Diff, 2 - 1 [ITS-90, deg C]
# name 14 = c0S/m: Conductivity [S/m]
# name 15 = c1S/m: Conductivity, 2 [S/m]
# name 16 = C2-C1S/m: Conductivity Difference, 2 - 1 [S/m]
# name 17 = sal00: Salinity, Practical [PSU]
# name 18 = sal11: Salinity, Practical, 2 [PSU]
# name 19 = sbeox0ML/L: Oxygen, SBE 43 [ml/l]
# name 20 = sigma-é00: Density [sigma-theta, kg/m^3]
# name 21 = sigma-é11: Density, 2 [sigma-theta, kg/m^3]
# name 22 = nbf: Bottles Fired
# name 23 = flag:  0.000e+00
# interval = seconds: 0.0416667
# start_time = Nov 14 2022 23:10:24 [NMEA time, header]
# bad_flag = -9.990e-29
*END*
[from data line 302]
      96185 319.011941  -59.76610  -62.06220      0.136    1474.40   1018.374   1006.324     1.9166     1.9156    -0.0011     1.8557     1.8546    -0.0011   3.093012   3.092883  -0.000129    34.7119    34.7114     4.0154    27.7522    27.7519          4  0.000e+00
      96186 319.011941  -59.76610  -62.06220      0.150    1474.40   1018.489   1006.437     1.9165     1.9154    -0.0011     1.8555     1.8544    -0.0010   3.093000   3.092895  -0.000105    34.7118    34.7117     4.0152    27.7522    27.7521          4  0.000e+00
      96187 319.011942  -59.76610  -62.06220      0.155    1474.40   1018.432   1006.381     1.9166     1.9154    -0.0012     1.8556     1.8544    -0.0012   3.093012   3.092942  -0.000070    34.7118    34.7123     4.0149    27.7521    27.7526          4  0.000e+00
      96188 319.011942  -59.76610  -62.06220      0.168    1474.40   1018.497   1006.445     1.9168     1.9157    -0.0011     1.8558     1.8548    -0.0011   3.093000   3.092942  -0.000058    34.7115    34.7119     4.0216    27.7518    27.7523          4  0.000e+00
      96189 319.011943  -59.76610  -62.06220      0.176    1474.40   1018.489   1006.437     1.9168     1.9159    -0.0009     1.8558     1.8549    -0.0009   3.092994   3.092954  -0.000040    34.7114    34.7119     4.0156    27.7518    27.7522          4  0.000e+00
      96190 319.011943  -59.76610  -62.06220      0.183    1474.40   1018.489   1006.437     1.9165     1.9163    -0.0002     1.8555     1.8553    -0.0002   3.093035   3.092978  -0.000057    34.7122    34.7117     4.0141    27.7525    27.7521          4  0.000e+00
      96191 319.011943  -59.76610  -62.06220      0.197    1474.40   1018.563   1006.510     1.9166     1.9162    -0.0005     1.8556     1.8552    -0.0005   3.093006   3.093007   0.000001    34.7117    34.7122     4.0138    27.7520    27.7525          4  0.000e+00
      96192 319.011944  -59.76610  -62.06220      0.203    1474.40   1018.489   1006.437     1.9168     1.9163    -0.0005     1.8558     1.8554    -0.0005   3.092994   3.092972  -0.000022    34.7114    34.7116     4.0134    27.7518    27.7520          4  0.000e+00
      96193 319.011944  -59.76610  -62.06220      0.210    1474.40   1018.554   1006.502     1.9165     1.9165     0.0000     1.8555     1.8555     0.0000   3.093012   3.092978  -0.000034    34.7119    34.7115     4.0131    27.7522    27.7519          4  0.000e+00
      96194 319.011945  -59.76610  -62.06220      0.221    1474.40   1018.620   1006.566     1.9166     1.9167     0.0000     1.8556     1.8557     0.0000   3.093000   3.092990  -0.000011    34.7116    34.7114     4.0128    27.7519    27.7518          4  0.000e+00
      96195 319.011945  -59.76610  -62.06220      0.227    1474.40   1018.554   1006.502     1.9166     1.9168     0.0002     1.8556     1.8558     0.0002   3.092994   3.093007   0.000013    34.7115    34.7115     4.0124    27.7519    27.7519          4  0.000e+00
      96196 319.011946  -59.76610  -62.06220      0.235    1474.40   1018.612   1006.558     1.9166     1.9167     0.0000     1.8556     1.8557     0.0000   3.093012   3.092996  -0.000016    34.7117    34.7115     4.0121    27.7521    27.7519          4  0.000e+00
      96197 319.011946  -59.76610  -62.06220      0.246    1474.40   1018.612   1006.558     1.9168     1.9168     0.0000     1.8558     1.8558     0.0000   3.093023   3.093007  -0.000016    34.7117    34.7115     4.0117    27.7520    27.7518          4  0.000e+00
      96198 319.011947  -59.76610  -62.06220      0.252    1474.40   1018.620   1006.566     1.9167     1.9165    -0.0001     1.8557     1.8556    -0.0001   3.093023   3.093013  -0.000010    34.7118    34.7118     4.0126    27.7521    27.7521          4  0.000e+00
      96199 319.011947  -59.76610  -62.06220      0.261    1474.40   1018.677   1006.623     1.9168     1.9168     0.0000     1.8558     1.8558     0.0000   3.093041   3.093019  -0.000022    34.7119    34.7116     4.0123    27.7522    27.7519          4  0.000e+00
      96200 319.011948  -59.76610  -62.06220      0.272    1474.40   1018.677   1006.623     1.9168     1.9168     0.0000     1.8558     1.8558     0.0000   3.093029   3.093037   0.000008    34.7117    34.7118     4.0202    27.7521    27.7521          4  0.000e+00
      96201 319.011948  -59.76610  -62.06220      0.278    1474.40   1018.685   1006.631     1.9168     1.9168     0.0000     1.8558     1.8558     0.0000   3.093023   3.093001  -0.000022    34.7116    34.7113     4.0211    27.7520    27.7517          4  0.000e+00
      96202 319.011949  -59.76610  -62.06220      0.286    1474.40   1018.734   1006.679     1.9166     1.9170     0.0004     1.8556     1.8560     0.0004   3.093023   3.092990  -0.000034    34.7118    34.7110     4.0219    27.7521    27.7514          4  0.000e+00
      96203 319.011949  -59.76610  -62.06220      0.292    1474.40   1018.734   1006.679     1.9163     1.9172     0.0009     1.8553     1.8562     0.0009   3.093000   3.093007   0.000007    34.7119    34.7110     4.0228    27.7522    27.7515          4  0.000e+00
      96204 319.011950  -59.76610  -62.06220      0.301    1474.40   1018.743   1006.687     1.9165     1.9168     0.0004     1.8555     1.8558     0.0004   3.092971   3.093019   0.000048    34.7113    34.7115     4.0166    27.7518    27.7519          4  0.000e+00
      96205 319.011950  -59.76610  -62.06220      0.309    1474.40   1018.734   1006.679     1.9162     1.9169     0.0006     1.8552     1.8559     0.0006   3.093006   3.093037   0.000031    34.7120    34.7117     4.0162    27.7523    27.7520          4  0.000e+00
      96206 319.011951  -59.76610  -62.06220      0.319    1474.40   1018.857   1006.800     1.9165     1.9168     0.0004     1.8555     1.8558     0.0004   3.093024   3.093002  -0.000022    34.7119    34.7113     4.0158    27.7522    27.7517          4  0.000e+00
      96207 319.011951  -59.76610  -62.06220      0.323    1474.40   1018.743   1006.687     1.9165     1.9170     0.0005     1.8555     1.8560     0.0005   3.093023   3.093007  -0.000016    34.7120    34.7112     4.0153    27.7523    27.7516          4  0.000e+00
      96208 319.011952  -59.76610  -62.06220      0.331    1474.40   1018.800   1006.744     1.9166     1.9168     0.0002     1.8556     1.8558     0.0002   3.093023   3.092996  -0.000028    34.7118    34.7112     4.0148    27.7521    27.7516          4  0.000e+00
      96209 319.011952  -59.76610  -62.06220      0.339    1474.40   1018.857   1006.800     1.9168     1.9168     0.0000     1.8558     1.8558     0.0000   3.093024   3.093007  -0.000016    34.7116    34.7113     4.0144    27.7519    27.7517          4  0.000e+00
      96210 319.011953  -59.76610  -62.06220      0.343    1474.40   1018.865   1006.808     1.9166     1.9167     0.0000     1.8556     1.8557     0.0000   3.093000   3.093013   0.000013    34.7114    34.7116     4.0152    27.7518    27.7519          4  0.000e+00
      96211 319.011953  -59.76610  -62.06220      0.348    1474.40   1018.857   1006.800     1.9166     1.9170     0.0004     1.8556     1.8560     0.0004   3.093035   3.093061   0.000026    34.7119    34.7118     4.0160    27.7522    27.7521          4  0.000e+00
      96212 319.011954  -59.76610  -62.06220      0.355    1474.40   1018.857   1006.800     1.9169     1.9167    -0.0002     1.8559     1.8557    -0.0002   3.093029   3.093055   0.000025    34.7115    34.7120     4.0157    27.7519    27.7523          4  0.000e+00
      96213 319.011954  -59.76610  -62.06220      0.362    1474.40   1018.931   1006.873     1.9170     1.9168    -0.0001     1.8560     1.8558    -0.0001   3.093041   3.093049   0.000008    34.7116    34.7118     4.0154    27.7519    27.7521          4  0.000e+00
      96214 319.011955  -59.76610  -62.06220      0.369    1474.40   1018.923   1006.865     1.9169     1.9168    -0.0001     1.8559     1.8558    -0.0001   3.093070   3.093049  -0.000021    34.7120    34.7118     4.0150    27.7522    27.7521          4  0.000e+00
      96215 319.011955  -59.76610  -62.06220      0.368    1474.40   1018.923   1006.865     1.9165     1.9168     0.0004     1.8554     1.8558     0.0004   3.093035   3.093025  -0.000010    34.7120    34.7115     4.0147    27.7523    27.7519          4  0.000e+00
      96216 319.011956  -59.76610  -62.06220      0.373    1474.40   1018.931   1006.873     1.9168     1.9168     0.0000     1.8558     1.8558     0.0000   3.093041   3.093037  -0.000004    34.7117    34.7117     4.0156    27.7521    27.7520          4  0.000e+00
      96217 319.011956  -59.76610  -62.06220      0.375    1474.40   1018.980   1006.921     1.9168     1.9170     0.0002     1.8558     1.8560     0.0002   3.093053   3.093025  -0.000027    34.7119    34.7113     4.0153    27.7522    27.7517          4  0.000e+00
      96218 319.011957  -59.76610  -62.06220      0.379    1474.40   1018.980   1006.921     1.9166     1.9172     0.0005     1.8556     1.8561     0.0005   3.093070   3.093037  -0.000033    34.7123    34.7113     4.0162    27.7525    27.7517          4  0.000e+00
      96219 319.011957  -59.76610  -62.06220      0.385    1474.40   1018.988   1006.929     1.9169     1.9170     0.0001     1.8559     1.8560     0.0001   3.093035   3.093025  -0.000010    34.7115    34.7112     4.0160    27.7519    27.7516          4  0.000e+00
      96220 319.011957  -59.76610  -62.06220      0.389    1474.40   1019.046   1006.986     1.9167     1.9170     0.0003     1.8557     1.8560     0.0003   3.093041   3.093079   0.000037    34.7118    34.7119     4.0158    27.7521    27.7522          5  0.000e+00
      96221 319.011958  -59.76610  -62.06220      0.388    1474.40   1018.980   1006.921     1.9171     1.9172     0.0001     1.8561     1.8561     0.0001   3.093029   3.093084   0.000055    34.7113    34.7119     4.0155    27.7517    27.7521          5  0.000e+00
      96222 319.011958  -59.76610  -62.06220      0.389    1474.40   1019.054   1006.994     1.9166     1.9172     0.0005     1.8556     1.8561     0.0005   3.093024   3.093079   0.000055    34.7116    34.7117     4.0153    27.7520    27.7520          5  0.000e+00
      96223 319.011959  -59.76610  -62.06220      0.391    1474.40   1019.046   1006.986     1.9166     1.9170     0.0004     1.8556     1.8560     0.0004   3.093024   3.093031   0.000008    34.7116    34.7113     4.0151    27.7520    27.7517          5  0.000e+00
      96224 319.011959  -59.76610  -62.06220      0.396    1474.40   1019.103   1007.042     1.9165     1.9170     0.0005     1.8554     1.8560     0.0005   3.093024   3.093037   0.000014    34.7118    34.7114     4.0149    27.7521    27.7518          5  0.000e+00
      96225 319.011960  -59.76610  -62.06220      0.395    1474.40   1019.054   1006.994     1.9163     1.9165     0.0002     1.8553     1.8555     0.0002   3.093000   3.093025   0.000025    34.7117    34.7118     4.0146    27.7521    27.7521          5  0.000e+00
      96226 319.011960  -59.76610  -62.06220      0.395    1474.40   1019.103   1007.042     1.9163     1.9162    -0.0001     1.8553     1.8551    -0.0001   3.092994   3.092996   0.000001    34.7116    34.7118     4.0144    27.7520    27.7521          5  0.000e+00
      96227 319.011961  -59.76610  -62.06220      0.394    1474.40   1019.103   1007.042     1.9162     1.9159    -0.0002     1.8552     1.8549    -0.0002   3.093012   3.092990  -0.000022    34.7120    34.7119     4.0141    27.7523    27.7523          5  0.000e+00
      96228 319.011961  -59.76610  -62.06220      0.398    1474.40   1019.177   1007.115     1.9161     1.9162     0.0001     1.8550     1.8551     0.0001   3.093000   3.092966  -0.000034    34.7119    34.7114     4.0140    27.7522    27.7518          5  0.000e+00
      96229 319.011962  -59.76610  -62.06220      0.396    1474.40   1019.103   1007.042     1.9160     1.9160 1.9748e-07     1.8550     1.8550     0.0000   3.093012   3.092942  -0.000070    34.7121    34.7113     4.0137    27.7524    27.7518          5  0.000e+00
      96230 319.011962  -59.76610  -62.06220      0.396    1474.40   1019.168   1007.107     1.9163     1.9159    -0.0004     1.8553     1.8549    -0.0004   3.093024   3.092954  -0.000069    34.7119    34.7115     4.0134    27.7523    27.7519          5  0.000e+00
      96231 319.011963  -59.76610  -62.06220      0.394    1474.40   1019.168   1007.107     1.9165     1.9162    -0.0003     1.8554     1.8551    -0.0003   3.093024   3.092960  -0.000063    34.7118    34.7113     4.0132    27.7521    27.7517          5  0.000e+00
      96232 319.011963  -59.76610  -62.06220      0.398    1474.40   1019.234   1007.172     1.9162     1.9162    -0.0000     1.8551     1.8551    -0.0000   3.093041   3.092996  -0.000045    34.7123    34.7117     4.0199    27.7525    27.7521          5  0.000e+00
      96233 319.011964  -59.76610  -62.06220      0.396    1474.40   1019.168   1007.107     1.9163     1.9159    -0.0004     1.8553     1.8549    -0.0004   3.093006   3.092972  -0.000034    34.7117    34.7117     4.0138    27.7521    27.7521          5  0.000e+00
      96234 319.011964  -59.76610  -62.06220      0.392    1474.40   1019.226   1007.164     1.9157     1.9158     0.0001     1.8546     1.8548     0.0001   3.092994   3.092960  -0.000034    34.7122    34.7117     4.0136    27.7525    27.7521          5  0.000e+00
      96235 319.011965  -59.76610  -62.06220      0.390    1474.40   1019.177   1007.115     1.9152     1.9156     0.0004     1.8542     1.8545     0.0004   3.092948   3.092942  -0.000005    34.7122    34.7117     4.0203    27.7525    27.7521          5  0.000e+00
      96236 319.011965  -59.76610  -62.06220      0.386    1474.40   1019.226   1007.164     1.9151     1.9156     0.0005     1.8541     1.8545     0.0005   3.092954   3.092954 6.4215e-07    34.7123    34.7118     4.0142    27.7527    27.7522          5  0.000e+00
      96237 319.011966  -59.76610  -62.06220      0.384    1474.40   1019.226   1007.164     1.9150     1.9156     0.0005     1.8540     1.8545     0.0005   3.092942   3.092942 4.6861e-07    34.7123    34.7117     4.0151    27.7526    27.7521          5  0.000e+00
      96238 319.011966  -59.76610  -62.06220      0.380    1474.40   1019.234   1007.172     1.9149     1.9157     0.0008     1.8539     1.8547     0.0008   3.092889   3.092937   0.000047    34.7117    34.7114     4.0217    27.7522    27.7519          5  0.000e+00
      96239 319.011967  -59.76610  -62.06220      0.378    1474.40   1019.291   1007.228     1.9148     1.9156     0.0008     1.8537     1.8545     0.0008   3.092942   3.092937  -0.000005    34.7125    34.7116     4.0226    27.7528    27.7520          5  0.000e+00
      96240 319.011967  -59.76610  -62.06220      0.374    1474.40   1019.226   1007.164     1.9150     1.9152     0.0002     1.8540     1.8542     0.0002   3.092942   3.092913  -0.000029    34.7123    34.7117     4.0164    27.7526    27.7521          5  0.000e+00
      96241 319.011968  -59.76610  -62.06220      0.368    1474.40   1019.300   1007.236     1.9152     1.9151    -0.0001     1.8542     1.8541    -0.0001   3.092954   3.092925  -0.000029    34.7122    34.7119     4.0161    27.7525    27.7523          5  0.000e+00
      96242 319.011968  -59.76610  -62.06220      0.364    1474.40   1019.291   1007.228     1.9150     1.9151     0.0000     1.8540     1.8540     0.0000   3.092924   3.092913  -0.000012    34.7120    34.7118     4.0157    27.7524    27.7523          5  0.000e+00
      96243 319.011969  -59.76610  -62.06220      0.363    1474.40   1019.291   1007.228     1.9152     1.9151    -0.0001     1.8542     1.8540    -0.0001   3.092930   3.092907  -0.000023    34.7119    34.7117     4.0153    27.7523    27.7522          5  0.000e+00
      96244 319.011969  -59.76610  -62.06220      0.352    1474.40   1019.234   1007.172     1.9153     1.9149    -0.0004     1.8542     1.8539    -0.0004   3.092936   3.092901  -0.000035    34.7119    34.7119     4.0149    27.7523    27.7523          5  0.000e+00
