Pos-Processados/process_op41/operantar41_021.ros
* Sea-Bird SBE 9 Data File:
* FileName = C:\Users\Dell\Desktop\OperantarXLI\config\00_BRUTOS\OPE41021.hdr
* Software Version Seasave V 7.26.7.110
* Temperature SN = 6497
* Conductivity SN = 4954
* Number of Bytes Per Scan = 34
* Number of Voltage Words = 3
* Number of Scans Averaged by the Deck Unit = 1
* NMEA Latitude = 62 21.63 S
* NMEA Longitude = 057 56.66 W
* NMEA UTC (Time) = Nov 11 2022 10:57:30
* NMEA baud rate = 4800
** H41
** Navio Polar Almirante Maximiano
** LH-021/2022
** Operantar XLI
** Número da Estação 021
** Latitude 62 21.943S
** Longitude 057 58.115W
** Data/Hora (Z) 11/11/2022  1100Z
** Profundidade local 1900
** 09-1439
** Nome do Operador 1T FILIPE LOPES
# nquan = 24
# nvalues = 1142                                  
# units = specified
# name 0 = scan: Scan Count
# name 1 = timeJ: Julian Days
# name 2 = latitude: Latitude [deg]
# name 3 = longitude: Longitude [deg]
# name 4 = dz/dtM: Descent Rate [m/s]
# name 5 = avgsvCM: Average Sound Velocity [Chen-Millero, m/s]
# name 6 = prDM: Pressure, Digiquartz [db]
# name 7 = depSM: Depth [salt water, m]
# name 8 = t090C: Temperature [ITS-90, deg C]
# name 9 = t190C: Temperature, 2 [ITS-90, deg C]
# name 10 = T2-T190C: Temperature Difference, 2 - 1 [ITS-90, deg C]
# name 11 = potemp090C: Potential Temperature [ITS-90, deg C]
# name 12 = potemp190C: Potential Temperature, 2 [ITS-90, deg C]
# name 13 = potemp90Cdiff: Potential Temperature, Diff, 2 - 1 [ITS-90, deg C]
# name 14 = c0S/m: Conductivity [S/m]
# name 15 = c1S/m: Conductivity, 2 [S/m]
# name 16 = C2-C1S/m: Conductivity Difference, 2 - 1 [S/m]
# name 17 = sal00: Salinity, Practical [PSU]
# name 18 = sal11: Salinity, Practical, 2 [PSU]
# name 19 = sbeox0ML/L: Oxygen, SBE 43 [ml/l]
# name 20 = sigma-é00: Density [sigma-theta, kg/m^3]
# name 21 = sigma-é11: Density, 2 [sigma-theta, kg/m^3]
# name 22 = nbf: Bottles Fired
# name 23 = flag:  0.000e+00
# interval = seconds: 0.0416667
# start_time = Nov 11 2022 10:57:30 [NMEA time, header]
# bad_flag = -9.990e-29
*END*
[from data line 423]
      96847 315.503302  -62.35466  -57.89048     -0.034    1459.49    814.899    805.485    -0.6478    -0.6479    -0.0001    -0.6779    -0.6780    -0.0001   2.851553   2.851509  -0.000045    34.5496    34.5491     5.8106    27.7752    27.7748          6  0.000e+00
      96848 315.503302  -62.35466  -57.89048     -0.047    1459.49    814.989    805.574    -0.6479    -0.6479     0.0000    -0.6780    -0.6780     0.0000   2.851542   2.851491  -0.000050    34.5495    34.5488     5.8116    27.7751    27.7745          6  0.000e+00
      96849 315.503302  -62.35466  -57.89048     -0.058    1459.49    814.989    805.574    -0.6476    -0.6479    -0.0002    -0.6778    -0.6780    -0.0002   2.851497   2.851509   0.000012    34.5486    34.5490     5.8125    27.7743    27.7747          6  0.000e+00
      96850 315.503303  -62.35466  -57.89048     -0.072    1459.49    814.989    805.574    -0.6478    -0.6479    -0.0001    -0.6779    -0.6780    -0.0001   2.851542   2.851520  -0.000022    34.5494    34.5492     5.8134    27.7750    27.7749          6  0.000e+00
      96851 315.503303  -62.35466  -57.89048     -0.086    1459.49    814.957    805.542    -0.6480    -0.6476     0.0004    -0.6781    -0.6777     0.0004   2.851542   2.851497  -0.000045    34.5496    34.5486     5.8129    27.7752    27.7743          6  0.000e+00
      96852 315.503304  -62.35466  -57.89048     -0.099    1459.49    814.924    805.509    -0.6476    -0.6476    -0.0000    -0.6778    -0.6778    -0.0000   2.851536   2.851509  -0.000028    34.5492    34.5488     5.8122    27.7748    27.7745          6  0.000e+00
      96853 315.503304  -62.35466  -57.89048     -0.113    1459.49    814.924    805.509    -0.6476    -0.6479    -0.0002    -0.6778    -0.6780    -0.0002   2.851553   2.851474  -0.000079    34.5494    34.5486     5.8116    27.7750    27.7744          6  0.000e+00
      96854 315.503305  -62.35466  -57.89048     -0.125    1459.49    814.924    805.509    -0.6476    -0.6480    -0.0004    -0.6778    -0.6782    -0.0004   2.851542   2.851503  -0.000039    34.5492    34.5492     5.8109    27.7749    27.7748          6  0.000e+00
      96855 315.503305  -62.35466  -57.89048     -0.134    1459.49    814.899    805.485    -0.6476    -0.6476    -0.0000    -0.6778    -0.6778    -0.0000   2.851536   2.851537   0.000001    34.5492    34.5492     5.8102    27.7748    27.7748          6  0.000e+00
      96856 315.503306  -62.35466  -57.89048     -0.145    1459.49    814.924    805.509    -0.6475    -0.6479    -0.0004    -0.6776    -0.6780    -0.0003   2.851497   2.851480  -0.000017    34.5485    34.5487     5.8094    27.7743    27.7744          6  0.000e+00
      96857 315.503306  -62.35466  -57.89048     -0.148    1459.49    814.924    805.509    -0.6478    -0.6481    -0.0003    -0.6779    -0.6782    -0.0003   2.851502   2.851503 6.5726e-07    34.5489    34.5492     5.8086    27.7746    27.7749          6  0.000e+00
      96858 315.503307  -62.35466  -57.89048     -0.163    1459.49    814.867    805.453    -0.6476    -0.6480    -0.0004    -0.6778    -0.6782    -0.0004   2.851547   2.851497  -0.000050    34.5493    34.5491     5.8164    27.7750    27.7748          6  0.000e+00
      96859 315.503307  -62.35466  -57.89048     -0.169    1459.49    814.900    805.485    -0.6475    -0.6477    -0.0002    -0.6776    -0.6778    -0.0002   2.851542   2.851509  -0.000033    34.5491    34.5489     5.8109    27.7748    27.7746          6  0.000e+00
      96860 315.503308  -62.35466  -57.89046     -0.178    1459.49    814.867    805.453    -0.6475    -0.6479    -0.0004    -0.6776    -0.6780    -0.0004   2.851536   2.851497  -0.000039    34.5491    34.5490     5.8099    27.7747    27.7747          6  0.000e+00
      96861 315.503308  -62.35466  -57.89046     -0.185    1459.49    814.867    805.453    -0.6473    -0.6479    -0.0005    -0.6775    -0.6780    -0.0005   2.851553   2.851509  -0.000045    34.5491    34.5491     5.8102    27.7747    27.7748          6  0.000e+00
      96862 315.503309  -62.35466  -57.89046     -0.193    1459.49    814.867    805.453    -0.6473    -0.6479    -0.0005    -0.6775    -0.6780    -0.0005   2.851564   2.851474  -0.000090    34.5492    34.5486     5.8106    27.7749    27.7744          6  0.000e+00
      96863 315.503309  -62.35466  -57.89046     -0.199    1459.49    814.867    805.453    -0.6475    -0.6476    -0.0001    -0.6776    -0.6778    -0.0001   2.851542   2.851503  -0.000039    34.5491    34.5487     5.8097    27.7748    27.7745          6  0.000e+00
      96864 315.503310  -62.35466  -57.89046     -0.202    1459.49    814.842    805.429    -0.6475    -0.6477    -0.0002    -0.6776    -0.6778    -0.0002   2.851519   2.851497  -0.000022    34.5488    34.5487     5.8100    27.7745    27.7745          6  0.000e+00
      96865 315.503310  -62.35466  -57.89046     -0.206    1459.49    814.867    805.453    -0.6475    -0.6477    -0.0002    -0.6776    -0.6779    -0.0002   2.851547   2.851468  -0.000079    34.5492    34.5484     5.8103    27.7748    27.7742          6  0.000e+00
      96866 315.503311  -62.35466  -57.89046     -0.211    1459.49    814.802    805.389    -0.6475    -0.6476    -0.0001    -0.6776    -0.6777    -0.0001   2.851542   2.851520  -0.000022    34.5492    34.5490     5.8092    27.7748    27.7746          6  0.000e+00
      96867 315.503311  -62.35466  -57.89046     -0.210    1459.49    814.867    805.453    -0.6475    -0.6477    -0.0002    -0.6776    -0.6778    -0.0002   2.851536   2.851480  -0.000056    34.5491    34.5485     5.8081    27.7747    27.7743          6  0.000e+00
      96868 315.503312  -62.35466  -57.89046     -0.213    1459.49    814.777    805.365    -0.6476    -0.6479    -0.0003    -0.6778    -0.6780    -0.0003   2.851536   2.851480  -0.000056    34.5492    34.5488     5.8083    27.7749    27.7745          6  0.000e+00
      96869 315.503312  -62.35466  -57.89046     -0.217    1459.49    814.802    805.389    -0.6478    -0.6477     0.0001    -0.6779    -0.6778     0.0001   2.851513   2.851509  -0.000005    34.5491    34.5489     5.8072    27.7748    27.7746          6  0.000e+00
      96870 315.503313  -62.35466  -57.89046     -0.215    1459.49    814.867    805.453    -0.6478    -0.6477     0.0001    -0.6779    -0.6779     0.0001   2.851508   2.851520   0.000012    34.5490    34.5491     5.8060    27.7747    27.7748          6  0.000e+00
      96871 315.503313  -62.35466  -57.89046     -0.214    1459.49    814.867    805.453    -0.6478    -0.6477     0.0001    -0.6779    -0.6778     0.0001   2.851525   2.851520  -0.000005    34.5492    34.5490     5.8047    27.7749    27.7747          6  0.000e+00
      96872 315.503314  -62.35466  -57.89046     -0.213    1459.49    814.842    805.429    -0.6480    -0.6479     0.0001    -0.6781    -0.6780     0.0001   2.851513   2.851520   0.000007    34.5493    34.5492     5.8048    27.7749    27.7749          6  0.000e+00
      96873 315.503314  -62.35466  -57.89046     -0.210    1459.49    814.802    805.389    -0.6478    -0.6476     0.0002    -0.6779    -0.6778     0.0002   2.851508   2.851497  -0.000011    34.5490    34.5487     5.8048    27.7747    27.7744          6  0.000e+00
      96874 315.503315  -62.35466  -57.89046     -0.205    1459.49    814.867    805.453    -0.6478    -0.6479    -0.0001    -0.6779    -0.6780    -0.0001   2.851525   2.851491  -0.000033    34.5492    34.5489     5.8049    27.7749    27.7746          6  0.000e+00
      96875 315.503315  -62.35466  -57.89046     -0.200    1459.49    814.867    805.453    -0.6475    -0.6479    -0.0004    -0.6776    -0.6780    -0.0004   2.851536   2.851509  -0.000028    34.5491    34.5491     5.7976    27.7747    27.7748          6  0.000e+00
      96876 315.503315  -62.35466  -57.89046     -0.195    1459.49    814.867    805.453    -0.6476    -0.6485    -0.0009    -0.6778    -0.6786    -0.0009   2.851553   2.851457  -0.000096    34.5494    34.5491     5.7949    27.7750    27.7748          6  0.000e+00
      96877 315.503316  -62.35466  -57.89046     -0.186    1459.49    814.843    805.429    -0.6475    -0.6487    -0.0011    -0.6776    -0.6788    -0.0011   2.851502   2.851417  -0.000085    34.5486    34.5488     5.7923    27.7744    27.7745          6  0.000e+00
      96878 315.503316  -62.35466  -57.89046     -0.179    1459.49    814.867    805.453    -0.6476    -0.6487    -0.0010    -0.6778    -0.6788    -0.0010   2.851502   2.851411  -0.000091    34.5487    34.5487     5.7911    27.7745    27.7745          6  0.000e+00
      96879 315.503317  -62.35466  -57.89046     -0.173    1459.49    814.867    805.453    -0.6476    -0.6489    -0.0013    -0.6778    -0.6791    -0.0013   2.851508   2.851411  -0.000097    34.5488    34.5490     5.7899    27.7745    27.7747          6  0.000e+00
      96880 315.503317  -62.35466  -57.89046     -0.164    1459.49    814.867    805.453    -0.6478    -0.6488    -0.0010    -0.6779    -0.6789    -0.0010   2.851508   2.851388  -0.000120    34.5490    34.5486     5.7962    27.7747    27.7744          6  0.000e+00
      96881 315.503318  -62.35466  -57.89046     -0.157    1459.49    814.900    805.486    -0.6478    -0.6489    -0.0011    -0.6779    -0.6791    -0.0011   2.851525   2.851399  -0.000125    34.5492    34.5488     5.7964    27.7749    27.7746          6  0.000e+00
      96882 315.503318  -62.35466  -57.89046     -0.144    1459.49    814.924    805.510    -0.6475    -0.6491    -0.0016    -0.6776    -0.6792    -0.0016   2.851519   2.851348  -0.000171    34.5488    34.5483     5.7966    27.7745    27.7742          6  0.000e+00
      96883 315.503319  -62.35466  -57.89046     -0.131    1459.49    814.924    805.510    -0.6476    -0.6490    -0.0014    -0.6778    -0.6791    -0.0014   2.851508   2.851388  -0.000120    34.5488    34.5487     5.7969    27.7745    27.7745          6  0.000e+00
      96884 315.503319  -62.35466  -57.89044     -0.124    1459.49    814.867    805.453    -0.6476    -0.6493    -0.0017    -0.6778    -0.6794    -0.0016   2.851525   2.851388  -0.000137    34.5490    34.5491     5.7971    27.7747    27.7748          6  0.000e+00
      96885 315.503320  -62.35466  -57.89044     -0.111    1459.49    814.957    805.542    -0.6479    -0.6493    -0.0014    -0.6780    -0.6794    -0.0014   2.851536   2.851342  -0.000194    34.5494    34.5484     5.7974    27.7750    27.7743          6  0.000e+00
      96886 315.503320  -62.35466  -57.89044     -0.096    1459.49    814.924    805.510    -0.6476    -0.6491    -0.0015    -0.6778    -0.6792    -0.0015   2.851536   2.851365  -0.000171    34.5492    34.5485     5.7902    27.7748    27.7744          6  0.000e+00
      96887 315.503321  -62.35466  -57.89044     -0.089    1459.49    814.924    805.510    -0.6475    -0.6493    -0.0018    -0.6776    -0.6794    -0.0018   2.851514   2.851399  -0.000114    34.5487    34.5492     5.7891    27.7744    27.7749          6  0.000e+00
      96888 315.503321  -62.35466  -57.89044     -0.076    1459.49    814.924    805.510    -0.6478    -0.6488    -0.0010    -0.6779    -0.6790    -0.0010   2.851547   2.851411  -0.000136    34.5495    34.5488     5.7881    27.7751    27.7746          6  0.000e+00
      96889 315.503322  -62.35466  -57.89044     -0.059    1459.49    814.990    805.574    -0.6476    -0.6488    -0.0011    -0.6778    -0.6789    -0.0011   2.851525   2.851428  -0.000097    34.5490    34.5490     5.7872    27.7747    27.7747          6  0.000e+00
      96890 315.503322  -62.35466  -57.89044     -0.044    1459.49    815.022    805.606    -0.6476    -0.6487    -0.0010    -0.6778    -0.6788    -0.0010   2.851547   2.851417  -0.000131    34.5492    34.5487     5.7863    27.7749    27.7745          6  0.000e+00
      96891 315.503323  -62.35466  -57.89044     -0.033    1459.49    814.990    805.574    -0.6475    -0.6491    -0.0016    -0.6776    -0.6792    -0.0016   2.851519   2.851348  -0.000171    34.5488    34.5483     5.7855    27.7745    27.7742          6  0.000e+00
      96892 315.503323  -62.35466  -57.89044     -0.019    1459.49    814.990    805.574    -0.6478    -0.6489    -0.0011    -0.6779    -0.6791    -0.0011   2.851491   2.851411  -0.000080    34.5487    34.5489     5.7921    27.7745    27.7747          6  0.000e+00
      96893 315.503324  -62.35466  -57.89044     -0.003    1459.49    815.047    805.631    -0.6480    -0.6490    -0.0010    -0.6781    -0.6791    -0.0010   2.851502   2.851394  -0.000108    34.5490    34.5487     5.7854    27.7747    27.7745          6  0.000e+00
      96894 315.503324  -62.35466  -57.89044      0.013    1459.49    815.022    805.606    -0.6480    -0.6493    -0.0013    -0.6781    -0.6794    -0.0013   2.851491   2.851382  -0.000109    34.5489    34.5489     5.7920    27.7746    27.7747          6  0.000e+00
      96895 315.503325  -62.35466  -57.89044      0.033    1459.49    815.112    805.695    -0.6486    -0.6489    -0.0004    -0.6787    -0.6791    -0.0004   2.851463   2.851423  -0.000040    34.5491    34.5490     5.7928    27.7748    27.7747          6  0.000e+00
      96896 315.503325  -62.35466  -57.89044      0.041    1459.49    815.047    805.631    -0.6481    -0.6490    -0.0009    -0.6782    -0.6791    -0.0009   2.851474   2.851440  -0.000034    34.5488    34.5493     5.7933    27.7745    27.7750          6  0.000e+00
      96897 315.503326  -62.35466  -57.89044      0.058    1459.49    815.112    805.695    -0.6487    -0.6488    -0.0000    -0.6789    -0.6789    -0.0000   2.851485   2.851417  -0.000069    34.5496    34.5487     5.7940    27.7752    27.7745          6  0.000e+00
      96898 315.503326  -62.35466  -57.89044      0.072    1459.49    815.079    805.663    -0.6484    -0.6485    -0.0001    -0.6785    -0.6787    -0.0001   2.851463   2.851468   0.000006    34.5489    34.5492     5.7946    27.7747    27.7749          6  0.000e+00
      96899 315.503327  -62.35466  -57.89044      0.088    1459.49    815.112    805.695    -0.6487    -0.6487     0.0001    -0.6789    -0.6788     0.0001   2.851497   2.851451  -0.000045    34.5498    34.5491     5.7879    27.7754    27.7748          6  0.000e+00
      96900 315.503327  -62.35466  -57.89044      0.105    1459.49    815.169    805.751    -0.6487    -0.6487     0.0001    -0.6789    -0.6788     0.0001   2.851446   2.851440  -0.000006    34.5491    34.5489     5.7873    27.7748    27.7746          6  0.000e+00
      96901 315.503328  -62.35466  -57.89044      0.120    1459.49    815.169    805.751    -0.6484    -0.6485    -0.0001    -0.6785    -0.6787    -0.0001   2.851446   2.851440  -0.000006    34.5487    34.5488     5.7940    27.7744    27.7745          6  0.000e+00
      96902 315.503328  -62.35466  -57.89044      0.136    1459.49    815.202    805.784    -0.6492    -0.6488     0.0004    -0.6793    -0.6789     0.0004   2.851457   2.851417  -0.000040    34.5497    34.5487     5.7875    27.7753    27.7745          6  0.000e+00
      96903 315.503329  -62.35466  -57.89044      0.149    1459.49    815.169    805.752    -0.6487    -0.6490    -0.0003    -0.6789    -0.6791    -0.0002   2.851457   2.851388  -0.000069    34.5492    34.5486     5.7868    27.7749    27.7744          6  0.000e+00
      96904 315.503329  -62.35466  -57.89044      0.165    1459.49    815.235    805.816    -0.6486    -0.6491    -0.0005    -0.6787    -0.6792    -0.0005   2.851457   2.851365  -0.000092    34.5490    34.5484     5.7863    27.7747    27.7742          6  0.000e+00
      96905 315.503329  -62.35466  -57.89044      0.180    1459.49    815.235    805.816    -0.6486    -0.6493    -0.0007    -0.6787    -0.6794    -0.0007   2.851474   2.851336  -0.000138    34.5492    34.5482     5.7859    27.7749    27.7741          6  0.000e+00
      96906 315.503330  -62.35466  -57.89044      0.195    1459.49    815.235    805.816    -0.6486    -0.6493    -0.0007    -0.6787    -0.6794    -0.0007   2.851485   2.851388  -0.000097    34.5494    34.5489     5.7855    27.7750    27.7746          6  0.000e+00
