Pos-Processados/process_op41/operantar41_015.cnv
* Sea-Bird SBE 9 Data File:
* FileName = C:\Users\Dell\Desktop\OperantarXLI\config\OP41015.hdr
* Software Version Seasave V 7.26.7.110
* Temperature SN = 6497
* Conductivity SN = 4954
* Number of Bytes Per Scan = 31
* Number of Voltage Words = 2
* Number of Scans Averaged by the Deck Unit = 1
* NMEA Latitude = 62 08.82 S
* NMEA Longitude = 058 24.51 W
* NMEA UTC (Time) = Nov 09 2022 12:07:14
* NMEA baud rate = 4800
** H41
** Navio Polar Almirante Maximiano
** LH-021/2022
** Operantar XLI
** Número da Estação 0015
** Latitude 62 8,825 S
** Longitude 58 24,511 W
** Data/Hora (Z) 09/11/22 1207Z
** Profundidade local 450
** 09-1439
** Nome do Operador CT GARLA
# nquan = 30
# nvalues = 824                         
# units = specified
# name 0 = scan: Scan Count
# name 1 = timeJ: Julian Days
# name 2 = latitude: Latitude [deg]
# name 3 = longitude: Longitude [deg]
# name 4 = dz/dtM: Descent Rate [m/s]
# name 5 = avgsvCM: Average Sound Velocity [Chen-Millero, m/s]
# name 6 = prDM: Pressure, Digiquartz [db]
# name 7 = depSM: Depth [salt water, m]
# name 8 = t090C: Temperature [ITS-90, deg C]
# name 9 = t190C: Temperature, 2 [ITS-90, deg C]
# name 10 = T2-T190C: Temperature Difference, 2 - 1 [ITS-90, deg C]
# name 11 = potemp090C: Potential Temperature [ITS-90, deg C]
# name 12 = potemp190C: Potential Temperature, 2 [ITS-90, deg C]
# name 13 = potemp90Cdiff: Potential Temperature, Diff, 2 - 1 [ITS-90, deg C]
# name 14 = c0S/m: Conductivity [S/m]
# name 15 = c1S/m: Conductivity, 2 [S/m]
# name 16 = C2-C1S/m: Conductivity Difference, 2 - 1 [S/m]
# name 17 = sal00: Salinity, Practical [PSU]
# name 18 = sal11: Salinity, Practical, 2 [PSU]
# name 19 = sbeox0ML/L: Oxygen, SBE 43 [ml/l]
# name 20 = sigma-é00: Density [sigma-theta, kg/m^3]
# name 21 = sigma-é11: Density, 2 [sigma-theta, kg/m^3]
# name 22 = sal00: Salinity, Practical [PSU]
# name 23 = sigma-é00: Density [sigma-theta, kg/m^3]
# name 24 = svCM: Sound Velocity [Chen-Millero, m/s]
# name 25 = svCM1: Sound Velocity, 2 [Chen-Millero, m/s]
# name 26 = gsw_ptA0: potential temperature [ITS-90, deg C]
# name 27 = gsw_densityA0: density, TEOS-10 [density, kg/m^3]
# name 28 = gsw_saA0: Absolute Salinity [g/kg]
# name 29 = flag:
# span 0 =       2702,      27959       
# span 1 = 313.506326, 313.518506       
# span 2 =  -62.14736,  -62.14710       
# span 3 =  -58.40860,  -58.40822       
# span 4 =     -1.305,      1.213       
# span 5 =       0.00,    1450.84       
# span 6 =      0.000,    412.000       
# span 7 =     -0.017,    407.632       
# span 8 =    -0.2550,    -0.0538       
# span 9 =    -0.2551,    -0.0573       
# span 10 =    -0.0094,     0.0196      
# span 11 =    -0.2654,    -0.0539      
# span 12 =    -0.2654,    -0.0573      
# span 13 =    -0.0094,     0.0196      
# span 14 =   2.799464,   2.856376      
# span 15 =   2.737882,   2.856426      
# span 16 =  -0.060320,   0.003990      
# span 17 =    33.7190,    34.3646      
# span 18 =    32.8992,    34.3653      
# span 19 =     6.4937,     8.4323      
# span 20 =    27.0764,    27.6049      
# span 21 =    26.4137,    27.6055      
# span 22 =    33.7133,    34.3647      
# span 23 =    27.0719,    27.6050      
# span 24 =    1447.03,    1454.01      
# span 25 =    1446.00,    1454.01      
# span 26 =    -0.2652,    -0.0539      
# span 27 =  1027.0812,  1029.5673      
# span 28 =    33.8760,    34.5324      
# span 29 = 0.0000e+00, 0.0000e+00      
# interval = decibars: 1                
# start_time = Nov 09 2022 12:07:14 [NMEA time, header]
# bad_flag = -9.990e-29
*END*
[from data line 436]
      18212 313.513806  -62.14724  -58.40838     -0.898    1450.84    388.000    383.917    -0.2154    -0.2158    -0.0004    -0.2295    -0.2299    -0.0004   2.854361   2.854411   0.000053    34.3525    34.3537     6.5608    27.5951    27.5960    34.3526    27.5952    1453.60    1453.60    -0.2293  1029.4458    34.5206 0.0000e+00
      18235 313.513816  -62.14724  -58.40838     -1.000    1450.84    387.000    382.928    -0.2156    -0.2159    -0.0003    -0.2296    -0.2300    -0.0003   2.854449   2.854498   0.000050    34.3545    34.3556     6.5584    27.5968    27.5976    34.3545    27.5967    1453.58    1453.58    -0.2294  1029.4426    34.5225 0.0000e+00
      18256 313.513827  -62.14724  -58.40838     -1.101    1450.84    386.000    381.940    -0.2156    -0.2159    -0.0003    -0.2296    -0.2299    -0.0003   2.854393   2.854428   0.000035    34.3544    34.3553     6.5667    27.5967    27.5973    34.3545    27.5967    1453.57    1453.57    -0.2294  1029.4379    34.5225 0.0000e+00
      18277 313.513837  -62.14724  -58.40838     -1.143    1450.84    385.000    380.951    -0.2157    -0.2159    -0.0002    -0.2297    -0.2299    -0.0002   2.854327   2.854383   0.000054    34.3544    34.3553     6.5748    27.5966    27.5974    34.3543    27.5965    1453.55    1453.55    -0.2295  1029.4330    34.5223 0.0000e+00
      18300 313.513848  -62.14724  -58.40838     -1.083    1450.84    384.000    379.963    -0.2159    -0.2160    -0.0001    -0.2298    -0.2299    -0.0001   2.854235   2.854268   0.000035    34.3538    34.3545     6.5655    27.5962    27.5967    34.3538    27.5962    1453.53    1453.53    -0.2296  1029.4289    34.5231 0.0000e+00
      18327 313.513861  -62.14724 -9.990e-29     -0.939    1450.84    383.000    378.974    -0.2159    -0.2161    -0.0001    -0.2298    -0.2300    -0.0001   2.854130   2.854175   0.000045    34.3531    34.3539     6.5585    27.5956    27.5962    34.3531    27.5956    1453.51    1453.51    -0.2296  1029.4246    34.5236 0.0000e+00
      18355 313.513874  -62.14724 -9.990e-29     -0.870    1450.84    382.000    377.985    -0.2159    -0.2162    -0.0002    -0.2297    -0.2300    -0.0002   2.854030   2.854087   0.000058    34.3524    34.3535     6.5565    27.5951    27.5959    34.3523    27.5950    1453.50    1453.50    -0.2296  1029.4192    34.5228 0.0000e+00
      18379 313.513886  -62.14724 -9.990e-29     -0.936    1450.84    381.000    376.997    -0.2160    -0.2163    -0.0003    -0.2298    -0.2301    -0.0003   2.853875   2.853918   0.000046    34.3511    34.3520     6.5620    27.5940    27.5948    34.3509    27.5938    1453.48    1453.48    -0.2296  1029.4134    34.5214 0.0000e+00
      18401 313.513897  -62.14724  -58.40836     -1.033    1450.84    380.000    376.008    -0.2163    -0.2167    -0.0003    -0.2301    -0.2304    -0.0003   2.853711   2.853759   0.000042    34.3499    34.3509     6.5554    27.5930    27.5938    34.3497    27.5928    1453.46    1453.46    -0.2299  1029.4066    34.5188 0.0000e+00
      18425 313.513908  -62.14724  -58.40836     -1.050    1450.84    379.000    375.020    -0.2168    -0.2171    -0.0003    -0.2305    -0.2308    -0.0003   2.853568   2.853583   0.000016    34.3492    34.3497     6.5587    27.5925    27.5929    34.3490    27.5923    1453.44    1453.44    -0.2303  1029.4004    34.5169 0.0000e+00
      18451 313.513921  -62.14724  -58.40836     -0.953    1450.84    378.000    374.031    -0.2174    -0.2176    -0.0002    -0.2311    -0.2312    -0.0002   2.853348   2.853376   0.000028    34.3474    34.3480     6.5690    27.5911    27.5916    34.3473    27.5910    1453.42    1453.42    -0.2309  1029.3943    34.5153 0.0000e+00
      18480 313.513934  -62.14724  -58.40836     -0.861    1450.84    377.000    373.043    -0.2175    -0.2177    -0.0002    -0.2312    -0.2313    -0.0002   2.853258   2.853307   0.000048    34.3470    34.3478     6.5850    27.5907    27.5914    34.3469    27.5906    1453.40    1453.40    -0.2310  1029.3892    34.5148 0.0000e+00
      18505 313.513947  -62.14724  -58.40836     -0.897    1450.84    376.000    372.054    -0.2176    -0.2178    -0.0003    -0.2311    -0.2314    -0.0003   2.853198   2.853256   0.000057    34.3467    34.3478     6.5819    27.5905    27.5914    34.3467    27.5905    1453.38    1453.38    -0.2310  1029.3843    34.5146 0.0000e+00
      18527 313.513957  -62.14724  -58.40836     -1.015    1450.84    375.000    371.065    -0.2175    -0.2178    -0.0003    -0.2311    -0.2314    -0.0003   2.853159   2.853226   0.000068    34.3468    34.3480     6.5881    27.5905    27.5916    34.3467    27.5905    1453.37    1453.37    -0.2309  1029.3796    34.5147 0.0000e+00
      18547 313.513967  -62.14724  -58.40836     -1.124    1450.84    374.000    370.077    -0.2178    -0.2181    -0.0003    -0.2313    -0.2316    -0.0003   2.853074   2.853120   0.000048    34.3466    34.3476     6.5998    27.5905    27.5913    34.3465    27.5903    1453.35    1453.35    -0.2311  1029.3747    34.5144 0.0000e+00
      18569 313.513977  -62.14724  -58.40836     -1.157    1450.84    373.000    369.088    -0.2178    -0.2181    -0.0003    -0.2313    -0.2316    -0.0003   2.853019   2.853070   0.000051    34.3465    34.3475     6.6109    27.5903    27.5912    34.3464    27.5902    1453.33    1453.33    -0.2311  1029.3699    34.5143 0.0000e+00
      18595 313.513990  -62.14724  -58.40836     -1.020    1450.84    372.000    368.099    -0.2180    -0.2180    -0.0001    -0.2314    -0.2315    -0.0001   2.852959   2.852987   0.000030    34.3464    34.3469     6.5982    27.5903    27.5906    34.3464    27.5902    1453.32    1453.32    -0.2312  1029.3651    34.5143 0.0000e+00
      18624 313.514004  -62.14724  -58.40836     -0.824    1450.84    371.000    367.111    -0.2178    -0.2180    -0.0002    -0.2312    -0.2314    -0.0002   2.852808   2.852863   0.000052    34.3450    34.3458     6.5974    27.5891    27.5898    34.3447    27.5889    1453.30    1453.30    -0.2310  1029.3591    34.5126 0.0000e+00
      18651 313.514017  -62.14724  -58.40836     -0.869    1450.84    370.000    366.122    -0.2178    -0.2180    -0.0003    -0.2311    -0.2314    -0.0003   2.852493   2.852551   0.000058    34.3415    34.3426     6.6056    27.5863    27.5872    34.3411    27.5860    1453.28    1453.28    -0.2309  1029.3514    34.5090 0.0000e+00
      18675 313.514029  -62.14724  -58.40836     -0.949    1450.84    369.000    365.133    -0.2177    -0.2179    -0.0002    -0.2310    -0.2312    -0.0002   2.852007   2.852051   0.000050    34.3355    34.3364     6.6124    27.5814    27.5822    34.3352    27.5811    1453.25    1453.25    -0.2308  1029.3419    34.5030 0.0000e+00
      18699 313.514040  -62.14724  -58.40836     -0.996    1450.84    368.000    364.145    -0.2177    -0.2179    -0.0002    -0.2310    -0.2311    -0.0002   2.851874   2.851928   0.000046    34.3341    34.3349     6.6097    27.5803    27.5809    34.3340    27.5802    1453.24    1453.24    -0.2308  1029.3362    34.5019 0.0000e+00
      18725 313.514053  -62.14724  -58.40834     -0.967    1450.84    367.000    363.156    -0.2179    -0.2180    -0.0002    -0.2311    -0.2313    -0.0002   2.851779   2.851778 7.0936e-07    34.3337    34.3339     6.6191    27.5800    27.5801    34.3336    27.5799    1453.22    1453.22    -0.2309  1029.3311    34.5014 0.0000e+00
      18752 313.514066  -62.14724  -58.40834     -0.897    1450.84    366.000    362.168    -0.2180    -0.2181    -0.0001    -0.2312    -0.2313    -0.0001   2.851623   2.851676   0.000050    34.3324    34.3332     6.6475    27.5789    27.5795    34.3322    27.5788    1453.20    1453.20    -0.2310  1029.3253    34.5000 0.0000e+00
      18777 313.514078  -62.14724  -58.40834     -0.917    1450.84    365.000    361.179    -0.2183    -0.2185    -0.0001    -0.2315    -0.2316    -0.0001   2.851370   2.851472   0.000091    34.3305    34.3318     6.6620    27.5774    27.5785    34.3298    27.5768    1453.18    1453.18    -0.2313  1029.3187    34.4976 0.0000e+00
      18801 313.514089  -62.14724  -58.40834     -0.980    1450.84    364.000    360.190    -0.2201    -0.2202    -0.0001    -0.2332    -0.2333    -0.0001   2.850720   2.850805   0.000097    34.3242    34.3255     6.6729    27.5723    27.5735    34.3238    27.5720    1453.15    1453.15    -0.2330  1029.3092    34.4916 0.0000e+00
      18823 313.514100  -62.14724  -58.40834     -1.044    1450.84    363.000    359.202    -0.2208    -0.2208    -0.0001    -0.2338    -0.2339    -0.0001   2.850540   2.850626   0.000080    34.3230    34.3242     6.6772    27.5715    27.5724    34.3227    27.5712    1453.12    1453.12    -0.2337  1029.3036    34.4905 0.0000e+00
      18848 313.514112  -62.14724  -58.40834     -1.026    1450.84    362.000    358.213    -0.2211    -0.2212    -0.0001    -0.2341    -0.2342    -0.0001   2.850437   2.850498   0.000080    34.3224    34.3237     6.6920    27.5710    27.5720    34.3223    27.5709    1453.11    1453.11    -0.2339  1029.2986    34.4901 0.0000e+00
      18875 313.514125  -62.14724  -58.40834     -0.922    1450.84    361.000    357.224    -0.2223    -0.2226    -0.0003    -0.2353    -0.2356    -0.0003   2.850049   2.850033  -0.000022    34.3197    34.3198     6.7100    27.5689    27.5690    34.3191    27.5684    1453.08    1453.08    -0.2351  1029.2913    34.4868 0.0000e+00
      18904 313.514139  -62.14724  -58.40834     -0.835    1450.84    360.000    356.235    -0.2233    -0.2235    -0.0001    -0.2363    -0.2364    -0.0001   2.849690   2.849707   0.000017    34.3163    34.3167     6.7240    27.5662    27.5665    34.3161    27.5660    1453.05    1453.05    -0.2361  1029.2842    34.4838 0.0000e+00
      18931 313.514152  -62.14724  -58.40834     -0.860    1450.84    359.000    355.247    -0.2238    -0.2240    -0.0003    -0.2366    -0.2369    -0.0003   2.849757   2.849792   0.000033    34.3181    34.3188     6.7342    27.5676    27.5682    34.3181    27.5676    1453.04    1453.04    -0.2365  1029.2811    34.4858 0.0000e+00
      18957 313.514165  -62.14724  -58.40834     -0.921    1450.84    358.000    354.258    -0.2245    -0.2246    -0.0002    -0.2373    -0.2375    -0.0002   2.849806   2.849834   0.000028    34.3203    34.3209     6.7663    27.5694    27.5699    34.3201    27.5693    1453.02    1453.02    -0.2371  1029.2780    34.4878 0.0000e+00
      18982 313.514177  -62.14724  -58.40834     -0.946    1450.84    357.000    353.269    -0.2250    -0.2253    -0.0002    -0.2378    -0.2381    -0.0002   2.849759   2.849808   0.000052    34.3209    34.3219     6.7714    27.5699    27.5707    34.3207    27.5698    1453.00    1453.00    -0.2376  1029.2738    34.4884 0.0000e+00
      19006 313.514188  -62.14724  -58.40834     -0.962    1450.84    356.000    352.281    -0.2251    -0.2255    -0.0004    -0.2379    -0.2383    -0.0004   2.849642   2.849696   0.000050    34.3201    34.3212     6.7621    27.5694    27.5702    34.3199    27.5691    1452.99    1452.99    -0.2377  1029.2684    34.4876 0.0000e+00
      19028 313.514199  -62.14724  -58.40834     -1.026    1450.84    355.000    351.292    -0.2269    -0.2272    -0.0004    -0.2396    -0.2399    -0.0004   2.849330   2.849339   0.000011    34.3189    34.3195     6.7527    27.5684    27.5689    34.3183    27.5679    1452.96    1452.96    -0.2394  1029.2625    34.4860 0.0000e+00
      19049 313.514209  -62.14724  -58.40834     -1.111    1450.84    354.000    350.303    -0.2284    -0.2287    -0.0003    -0.2411    -0.2414    -0.0003   2.849023   2.849066   0.000044    34.3170    34.3179     6.7527    27.5670    27.5677    34.3165    27.5666    1452.93    1452.93    -0.2409  1029.2564    34.4843 0.0000e+00
      19070 313.514219  -62.14724  -58.40834     -1.151    1450.84    353.000    349.315    -0.2290    -0.2293    -0.0003    -0.2417    -0.2419    -0.0003   2.848885   2.848921   0.000031    34.3163    34.3170     6.7568    27.5665    27.5670    34.3159    27.5661    1452.91    1452.91    -0.2414  1029.2512    34.4836 0.0000e+00
      19093 313.514230  -62.14724  -58.40834     -1.116    1450.84    352.000    348.326    -0.2296    -0.2302    -0.0006    -0.2422    -0.2428    -0.0006   2.848717   2.848652  -0.000051    34.3153    34.3153     6.7481    27.5656    27.5657    34.3150    27.5654    1452.89    1452.89    -0.2420  1029.2458    34.4827 0.0000e+00
      19120 313.514243  -62.14724  -58.40834     -0.961    1450.84    351.000    347.337    -0.2296    -0.2308    -0.0012    -0.2422    -0.2434    -0.0012   2.848673   2.848515  -0.000160    34.3153    34.3146     6.7534    27.5657    27.5651    34.3150    27.5654    1452.88    1452.87    -0.2420  1029.2410    34.4827 0.0000e+00
      19151 313.514259  -62.14724  -58.40834     -0.786    1450.84    350.000    346.348    -0.2311    -0.2316    -0.0004    -0.2436    -0.2441    -0.0004   2.848335   2.848313  -0.000025    34.3132    34.3133     6.7636    27.5640    27.5641    34.3128    27.5637    1452.85    1452.85    -0.2434  1029.2346    34.4805 0.0000e+00
      19182 313.514273  -62.14724  -58.40834     -0.768    1450.84    349.000    345.360    -0.2322    -0.2324    -0.0002    -0.2447    -0.2449    -0.0002   2.848042   2.848098   0.000051    34.3111    34.3120     6.7783    27.5624    27.5631    34.3107    27.5621    1452.83    1452.83    -0.2445  1029.2283    34.4784 0.0000e+00
      19208 313.514286  -62.14724  -58.40832     -0.869    1450.84    348.000    344.371    -0.2323    -0.2325    -0.0001    -0.2448    -0.2450    -0.0001   2.847970   2.848044   0.000075    34.3107    34.3119     6.7776    27.5621    27.5630    34.3105    27.5619    1452.81    1452.81    -0.2446  1029.2234    34.4782 0.0000e+00
      19230 313.514296  -62.14724  -58.40832     -1.000    1450.84    347.000    343.382    -0.2327    -0.2329    -0.0002    -0.2451    -0.2453    -0.0002   2.847805   2.847866   0.000058    34.3097    34.3107     6.7804    27.5613    27.5621    34.3093    27.5609    1452.79    1452.79    -0.2449  1029.2177    34.4770 0.0000e+00
      19251 313.514307  -62.14726  -58.40832     -1.102    1450.84    346.000    342.394    -0.2338    -0.2339    -0.0002    -0.2461    -0.2463    -0.0002   2.847463   2.847520   0.000060    34.3070    34.3080     6.7897    27.5591    27.5599    34.3066    27.5588    1452.76    1452.76    -0.2459  1029.2108    34.4742 0.0000e+00
      19273 313.514317  -62.14726  -58.40832     -1.110    1450.84    345.000    341.405    -0.2337    -0.2341    -0.0004    -0.2460    -0.2464    -0.0004   2.847449   2.847440   0.000007    34.3072    34.3077     6.8065    27.5593    27.5597    34.3069    27.5590    1452.75    1452.75    -0.2458  1029.2063    34.4746 0.0000e+00
      19298 313.514329  -62.14726  -58.40832     -1.029    1450.84    344.000    340.416    -0.2351    -0.2363    -0.0013    -0.2473    -0.2486    -0.0013   2.847057   2.846834  -0.000232    34.3046    34.3029     6.7976    27.5572    27.5559    34.3038    27.5566    1452.72    1452.71    -0.2472  1029.1992    34.4714 0.0000e+00
      19323 313.514341  -62.14726  -58.40832     -0.963    1450.84    343.000    339.427    -0.2365    -0.2374    -0.0009    -0.2488    -0.2496    -0.0009   2.846672   2.846547  -0.000131    34.3015    34.3008     6.7996    27.5548    27.5542    34.3009    27.5544    1452.70    1452.69    -0.2485  1029.1922    34.4686 0.0000e+00
      19351 313.514355  -62.14726  -58.40832     -0.890    1450.84    342.000    338.439    -0.2374    -0.2377    -0.0003    -0.2496    -0.2499    -0.0003   2.846299   2.846296  -0.000003    34.2979    34.2981     6.8181    27.5519    27.5521    34.2976    27.5517    1452.67    1452.67    -0.2494  1029.1848    34.4652 0.0000e+00
