Pos-Processados/process_op41/operantar41_015.cnv
* Sea-Bird SBE 9 Data File:
* FileName = C:\Users\Dell\Desktop\OperantarXLI\config\OP41015.hdr
* Software Version Seasave V 7.26.7.110
* Temperature SN = 6497
* Conductivity SN = 4954
* Number of Bytes Per Scan = 31
* Number of Voltage Words = 2
* Number of Scans Averaged by the Deck Unit = 1
* NMEA Latitude = 62 08.82 S
* NMEA Longitude = 058 24.51 W
* NMEA UTC (Time) = Nov 09 2022 12:07:14
* NMEA baud rate = 4800
** H41
** Navio Polar Almirante Maximiano
** LH-021/2022
** Operantar XLI
** Número da Estação 0015
** Latitude 62 8,825 S
** Longitude 58 24,511 W
** Data/Hora (Z) 09/11/22 1207Z
** Profundidade local 450
** 09-1439
** Nome do Operador CT GARLA
# nquan = 30
# nvalues = 824                         
# units = specified
# name 0 = scan: Scan Count
# name 1 = timeJ: Julian Days
# name 2 = latitude: Latitude [deg]
# name 3 = longitude: Longitude [deg]
# name 4 = dz/dtM: Descent Rate [m/s]
# name 5 = avgsvCM: Average Sound Velocity [Chen-Millero, m/s]
# name 6 = prDM: Pressure, Digiquartz [db]
# name 7 = depSM: Depth [salt water, m]
# name 8 = t090C: Temperature [ITS-90, deg C]
# name 9 = t190C: Temperature, 2 [ITS-90, deg C]
# name 10 = T2-T190C: Temperature Difference, 2 - 1 [ITS-90, deg C]
# name 11 = potemp090C: Potential Temperature [ITS-90, deg C]
# name 12 = potemp190C: Potential Temperature, 2 [ITS-90, deg C]
# name 13 = potemp90Cdiff: Potential Temperature, Diff, 2 - 1 [ITS-90, deg C]
# name 14 = c0S/m: Conductivity [S/m]
# name 15 = c1S/m: Conductivity, 2 [S/m]
# name 16 = C2-C1S/m: Conductivity Difference, 2 - 1 [S/m]
# name 17 = sal00: Salinity, Practical [PSU]
# name 18 = sal11: Salinity, Practical, 2 [PSU]
# name 19 = sbeox0ML/L: Oxygen, SBE 43 [ml/l]
# name 20 = sigma-é00: Density [sigma-theta, kg/m^3]
# name 21 = sigma-é11: Density, 2 [sigma-theta, kg/m^3]
# name 22 = sal00: Salinity, Practical [PSU]
# name 23 = sigma-é00: Density [sigma-theta, kg/m^3]
# name 24 = svCM: Sound Velocity [Chen-Millero, m/s]
# name 25 = svCM1: Sound Velocity, 2 [Chen-Millero, m/s]
# name 26 = gsw_ptA0: potential temperature [ITS-90, deg C]
# name 27 = gsw_densityA0: density, TEOS-10 [density, kg/m^3]
# name 28 = gsw_saA0: Absolute Salinity [g/kg]
# name 29 = flag:
# span 0 =       2702,      27959       
# span 1 = 313.506326, 313.518506       
# span 2 =  -62.14736,  -62.14710       
# span 3 =  -58.40860,  -58.40822       
# span 4 =     -1.305,      1.213       
# span 5 =       0.00,    1450.84       
# span 6 =      0.000,    412.000       
# span 7 =     -0.017,    407.632       
# span 8 =    -0.2550,    -0.0538       
# span 9 =    -0.2551,    -0.0573       
# span 10 =    -0.0094,     0.0196      
# span 11 =    -0.2654,    -0.0539      
# span 12 =    -0.2654,    -0.0573      
# span 13 =    -0.0094,     0.0196      
# span 14 =   2.799464,   2.856376      
# span 15 =   2.737882,   2.856426      
# span 16 =  -0.060320,   0.003990      
# span 17 =    33.7190,    34.3646      
# span 18 =    32.8992,    34.3653      
# span 19 =     6.4937,     8.4323      
# span 20 =    27.0764,    27.6049      
# span 21 =    26.4137,    27.6055      
# span 22 =    33.7133,    34.3647      
# span 23 =    27.0719,    27.6050      
# span 24 =    1447.03,    1454.01      
# span 25 =    1446.00,    1454.01      
# span 26 =    -0.2652,    -0.0539      
# span 27 =  1027.0812,  1029.5673      
# span 28 =    33.8760,    34.5324      
# span 29 = 0.0000e+00, 0.0000e+00      
# interval = decibars: 1                
# start_time = Nov 09 2022 12:07:14 [NMEA time, header]
# bad_flag = -9.990e-29
*END*
[from data line 291]
      12345 313.510976  -62.14712  -58.40856      1.121    1449.61    291.000    288.006    -0.2548    -0.2549    -0.0000    -0.2650    -0.2650    -0.0000   2.838818   2.838884   0.000072    34.2484    34.2494     7.1917    27.5127    27.5135    34.2481    27.5125    1451.69    1451.69    -0.2648  1028.9040    34.4154 0.0000e+00
      12365 313.510986  -62.14712  -58.40856      1.189    1449.61    292.000    288.995    -0.2550    -0.2550 -1.157e-07    -0.2652    -0.2652 -1.157e-07   2.838914   2.838949   0.000033    34.2492    34.2497     7.1873    27.5134    27.5137    34.2489    27.5131    1451.71    1451.71    -0.2650  1028.9094    34.4163 0.0000e+00
      12387 313.510996  -62.14712  -58.40856      1.146    1449.61    293.000    289.983    -0.2550    -0.2551    -0.0001    -0.2652    -0.2653    -0.0001   2.839023   2.839090   0.000064    34.2500    34.2510     7.1894    27.5140    27.5148    34.2498    27.5138    1451.72    1451.73    -0.2651  1028.9149    34.4172 0.0000e+00
      12415 313.511010  -62.14712  -58.40856      0.943    1449.61    294.000    290.972    -0.2549    -0.2550    -0.0001    -0.2652    -0.2653    -0.0001   2.839164   2.839215   0.000054    34.2512    34.2520     7.1719    27.5150    27.5156    34.2510    27.5148    1451.74    1451.74    -0.2650  1028.9206    34.4184 0.0000e+00
      12448 313.511026  -62.14712  -58.40856      0.746    1449.61    295.000    291.961    -0.2549    -0.2549    -0.0000    -0.2652    -0.2652    -0.0000   2.839227   2.839280   0.000053    34.2514    34.2521     7.1569    27.5151    27.5157    34.2512    27.5150    1451.76    1451.76    -0.2650  1028.9255    34.4186 0.0000e+00
      12475 313.511039  -62.14712  -58.40856      0.807    1449.61    296.000    292.950    -0.2548    -0.2549    -0.0001    -0.2652    -0.2652    -0.0001   2.839282   2.839347   0.000064    34.2514    34.2523     7.1456    27.5151    27.5159    34.2513    27.5150    1451.78    1451.78    -0.2650  1028.9303    34.4186 0.0000e+00
      12499 313.511050  -62.14712  -58.40856      0.956    1449.61    297.000    293.939    -0.2547    -0.2548    -0.0001    -0.2651    -0.2652    -0.0001   2.839381   2.839447   0.000067    34.2519    34.2528     7.1522    27.5155    27.5163    34.2519    27.5155    1451.79    1451.79    -0.2649  1028.9355    34.4193 0.0000e+00
      12520 313.511061  -62.14712  -58.40856      1.066    1449.61    298.000    294.928    -0.2546    -0.2546    -0.0001    -0.2650    -0.2651    -0.0001   2.839569   2.839604   0.000038    34.2537    34.2543     7.1368    27.5170    27.5175    34.2536    27.5169    1451.81    1451.81    -0.2648  1028.9416    34.4210 0.0000e+00
      12542 313.511071  -62.14712  -58.40856      1.105    1449.61    299.000    295.917    -0.2547    -0.2549    -0.0001    -0.2652    -0.2653    -0.0001   2.839589   2.839621   0.000028    34.2536    34.2541     7.1471    27.5169    27.5173    34.2535    27.5168    1451.83    1451.83    -0.2650  1028.9463    34.4209 0.0000e+00
      12566 313.511083  -62.14712  -58.40856      1.067    1449.61    300.000    296.906    -0.2548    -0.2549    -0.0001    -0.2653    -0.2654    -0.0001   2.839640   2.839704   0.000063    34.2536    34.2546     7.1432    27.5169    27.5177    34.2536    27.5169    1451.84    1451.85    -0.2651  1028.9512    34.4210 0.0000e+00
      12591 313.511095  -62.14712  -58.40856      0.967    1449.61    301.000    297.895    -0.2548    -0.2548    -0.0000    -0.2653    -0.2653    -0.0000   2.839714   2.839759   0.000049    34.2541    34.2548     7.1355    27.5173    27.5178    34.2540    27.5172    1451.86    1451.86    -0.2652  1028.9562    34.4214 0.0000e+00
      12616 313.511107  -62.14712  -58.40856      0.950    1449.61    302.000    298.884    -0.2548    -0.2549    -0.0000    -0.2654    -0.2654    -0.0000   2.839764   2.839824   0.000060    34.2540    34.2548     7.1275    27.5172    27.5179    34.2541    27.5173    1451.88    1451.88    -0.2652  1028.9610    34.4215 0.0000e+00
      12639 313.511118  -62.14712  -58.40856      1.004    1449.96    303.000    299.873    -0.2538    -0.2537     0.0000    -0.2644    -0.2644     0.0000   2.840044   2.840108   0.000063    34.2558    34.2567     7.1309    27.5187    27.5194    34.2561    27.5188    1451.90    1451.90    -0.2642  1028.9673    34.4234 0.0000e+00
      12663 313.511129  -62.14712  -58.40856      1.033    1450.01    304.000    300.862    -0.2534    -0.2535    -0.0000    -0.2641    -0.2641    -0.0001   2.840149   2.840206   0.000059    34.2564    34.2573     7.1287    27.5191    27.5198    34.2565    27.5192    1451.92    1451.92    -0.2639  1028.9724    34.4239 0.0000e+00
      12688 313.511142  -62.14712  -58.40856      0.980    1450.01    305.000    301.851    -0.2532    -0.2532     0.0000    -0.2639    -0.2639     0.0000   2.840252   2.840317   0.000064    34.2569    34.2577     7.1240    27.5195    27.5201    34.2570    27.5196    1451.94    1451.94    -0.2637  1028.9775    34.4244 0.0000e+00
      12715 313.511155  -62.14712  -58.40856      0.902    1450.01    306.000    302.840    -0.2528    -0.2531    -0.0003    -0.2635    -0.2638    -0.0003   2.840405   2.840412   0.000012    34.2578    34.2582     7.1194    27.5202    27.5206    34.2580    27.5203    1451.96    1451.96    -0.2634  1028.9830    34.4253 0.0000e+00
      12742 313.511167  -62.14712  -58.40856      0.888    1450.01    307.000    303.829    -0.2516    -0.2517    -0.0001    -0.2624    -0.2625    -0.0001   2.840730   2.840755   0.000023    34.2600    34.2604     7.1128    27.5219    27.5222    34.2603    27.5222    1451.98    1451.98    -0.2622  1028.9896    34.4278 0.0000e+00
      12767 313.511179  -62.14712  -58.40856      0.942    1450.01    308.000    304.818    -0.2508    -0.2504     0.0005    -0.2617    -0.2612     0.0005   2.840894   2.841076   0.000154    34.2610    34.2625     7.1158    27.5227    27.5239    34.2611    27.5228    1452.00    1452.01    -0.2615  1028.9949    34.4285 0.0000e+00
      12790 313.511191  -62.14712  -58.40856      0.994    1450.01    309.000    305.806    -0.2489    -0.2482     0.0006    -0.2597    -0.2591     0.0006   2.841330   2.841464   0.000154    34.2634    34.2648     7.1031    27.5246    27.5256    34.2641    27.5251    1452.03    1452.04    -0.2596  1029.0020    34.4315 0.0000e+00
      12815 313.511203  -62.14712  -58.40856      0.985    1450.01    310.000    306.796    -0.2463    -0.2464    -0.0001    -0.2572    -0.2573    -0.0001   2.841801   2.841842   0.000039    34.2663    34.2669     7.1021    27.5267    27.5273    34.2669    27.5272    1452.07    1452.07    -0.2570  1029.0088    34.4343 0.0000e+00
      12841 313.511215  -62.14712  -58.40856      0.951    1450.01    311.000    307.784    -0.2450    -0.2456    -0.0006    -0.2559    -0.2565    -0.0006   2.842006   2.841969  -0.000032    34.2673    34.2676     7.0844    27.5275    27.5278    34.2675    27.5277    1452.09    1452.09    -0.2558  1029.0140    34.4350 0.0000e+00
      12864 313.511226  -62.14712  -58.40856      0.986    1450.01    312.000    308.773    -0.2457    -0.2456     0.0001    -0.2567    -0.2566     0.0001   2.841956   2.842058   0.000098    34.2668    34.2680     7.0763    27.5271    27.5281    34.2671    27.5274    1452.10    1452.10    -0.2565  1029.0184    34.4345 0.0000e+00
      12886 313.511237  -62.14712  -58.40856      1.065    1450.01    313.000    309.762    -0.2455    -0.2453     0.0002    -0.2565    -0.2563     0.0002   2.842059   2.842152   0.000088    34.2674    34.2683     7.0610    27.5276    27.5284    34.2676    27.5278    1452.12    1452.12    -0.2563  1029.0236    34.4350 0.0000e+00
      12909 313.511248  -62.14712  -58.40856      1.077    1450.01    314.000    310.751    -0.2450    -0.2450     0.0000    -0.2560    -0.2560     0.0000   2.842238   2.842303   0.000068    34.2685    34.2694     7.0595    27.5285    27.5292    34.2688    27.5287    1452.14    1452.14    -0.2559  1029.0309    34.4383 0.0000e+00
      12940 313.511263  -62.14712 -9.990e-29      0.853    1450.01    315.000    311.740    -0.2446    -0.2447    -0.0001    -0.2557    -0.2558    -0.0001   2.842370   2.842407   0.000038    34.2694    34.2699     7.0476    27.5292    27.5296    34.2696    27.5293    1452.16    1452.16    -0.2555  1029.0366    34.4395 0.0000e+00
      12975 313.511280  -62.14712 -9.990e-29      0.669    1450.01    316.000    312.729    -0.2444    -0.2447    -0.0002    -0.2556    -0.2558    -0.0002   2.842530   2.842531  -0.000003    34.2704    34.2706     7.0504    27.5300    27.5302    34.2709    27.5304    1452.18    1452.18    -0.2554  1029.0424    34.4408 0.0000e+00
      13002 313.511293  -62.14712  -58.40854      0.805    1450.01    317.000    313.718    -0.2428    -0.2425     0.0002    -0.2540    -0.2537     0.0002   2.842938   2.843064   0.000122    34.2731    34.2745     7.0391    27.5322    27.5333    34.2738    27.5327    1452.21    1452.21    -0.2538  1029.0483    34.4424 0.0000e+00
      13026 313.511304  -62.14712  -58.40855      0.970    1450.01    318.000    314.706    -0.2383    -0.2383    -0.0000    -0.2496    -0.2496    -0.0000   2.843875   2.843936   0.000071    34.2797    34.2807     7.0379    27.5372    27.5380    34.2807    27.5380    1452.25    1452.25    -0.2494  1029.0574    34.4482 0.0000e+00
      13050 313.511316  -62.14712  -58.40856      1.021    1450.01    319.000    315.696    -0.2373    -0.2376    -0.0003    -0.2486    -0.2489    -0.0003   2.844097   2.844124   0.000033    34.2816    34.2824     7.0323    27.5387    27.5393    34.2820    27.5390    1452.27    1452.27    -0.2484  1029.0632    34.4495 0.0000e+00
      13076 313.511329  -62.14712  -58.40856      0.944    1450.01    320.000    316.684    -0.2372    -0.2372    -0.0000    -0.2485    -0.2485    -0.0000   2.844206   2.844273   0.000064    34.2822    34.2831     7.0210    27.5392    27.5399    34.2826    27.5395    1452.29    1452.29    -0.2483  1029.0684    34.4501 0.0000e+00
      13103 313.511342  -62.14712  -58.40856      0.877    1450.01    321.000    317.673    -0.2367    -0.2367     0.0000    -0.2481    -0.2481     0.0000   2.844336   2.844433   0.000093    34.2830    34.2842     6.9956    27.5398    27.5408    34.2833    27.5400    1452.31    1452.31    -0.2479  1029.0737    34.4508 0.0000e+00
      13129 313.511354  -62.14712  -58.40855      0.910    1450.01    322.000    318.662    -0.2369    -0.2367     0.0002    -0.2483    -0.2481     0.0002   2.844495   2.844542   0.000048    34.2847    34.2851     6.9769    27.5412    27.5415    34.2849    27.5414    1452.33    1452.33    -0.2481  1029.0797    34.4525 0.0000e+00
      13153 313.511366  -62.14712  -58.40854      0.969    1450.01    323.000    319.651    -0.2384    -0.2382     0.0002    -0.2499    -0.2497     0.0002   2.844569   2.844618   0.000050    34.2869    34.2873     6.9680    27.5430    27.5434    34.2871    27.5432    1452.34    1452.34    -0.2497  1029.0863    34.4546 0.0000e+00
      13180 313.511379  -62.14712  -58.40856      0.952    1450.01    324.000    320.640    -0.2385    -0.2385    -0.0001    -0.2500    -0.2500    -0.0001   2.844566   2.844627   0.000061    34.2864    34.2873     6.9537    27.5427    27.5434    34.2865    27.5427    1452.36    1452.36    -0.2498  1029.0906    34.4540 0.0000e+00
      13221 313.511399  -62.14712  -58.40856      0.627    1450.01    325.000    321.629    -0.2385    -0.2386    -0.0002    -0.2500    -0.2501    -0.0002   2.844634   2.844682   0.000050    34.2866    34.2874     6.9438    27.5428    27.5435    34.2868    27.5430    1452.37    1452.37    -0.2498  1029.0973    34.4565 0.0000e+00
      13273 313.511423  -62.14712 -9.990e-29      0.449    1450.01    326.000    322.618    -0.2366    -0.2367    -0.0001    -0.2481    -0.2482    -0.0001   2.844839   2.844905   0.000066    34.2866    34.2876     6.9355    27.5428    27.5436    34.2868    27.5429    1452.40    1452.40    -0.2480  1029.1022    34.4568 0.0000e+00
      13308 313.511440  -62.14712  -58.40854      0.658    1450.01    327.000    323.607    -0.2368    -0.2368     0.0000    -0.2484    -0.2484     0.0000   2.844856   2.844918   0.000060    34.2866    34.2873     6.9368    27.5427    27.5434    34.2867    27.5428    1452.41    1452.41    -0.2482  1029.1055    34.4550 0.0000e+00
      13345 313.511458  -62.14712  -58.40854      0.663    1450.01    328.000    324.595    -0.2367    -0.2369    -0.0002    -0.2483    -0.2485    -0.0002   2.844910   2.844957   0.000049    34.2866    34.2875     6.9373    27.5427    27.5434    34.2867    27.5428    1452.43    1452.43    -0.2482  1029.1096    34.4542 0.0000e+00
      13393 313.511481  -62.14712  -58.40854      0.498    1450.01    329.000    325.582    -0.2384    -0.2386    -0.0002    -0.2501    -0.2503    -0.0002   2.844861   2.844939   0.000075    34.2874    34.2886     6.9405    27.5435    27.5444    34.2873    27.5434    1452.44    1452.44    -0.2499  1029.1150    34.4549 0.0000e+00
      13438 313.511503  -62.14712  -58.40854      0.525    1450.01    330.000    326.576    -0.2388    -0.2389    -0.0001    -0.2505    -0.2506    -0.0001   2.845003   2.845054   0.000050    34.2890    34.2898     6.9385    27.5448    27.5454    34.2890    27.5448    1452.46    1452.46    -0.2503  1029.1211    34.4566 0.0000e+00
      13478 313.511522  -62.14712  -58.40854      0.605    1450.01    331.000    327.556    -0.2385    -0.2385    -0.0000    -0.2502    -0.2502    -0.0000   2.845152   2.845218   0.000061    34.2900    34.2908     6.9337    27.5456    27.5462    34.2901    27.5456    1452.48    1452.48    -0.2500  1029.1267    34.4577 0.0000e+00
      13540 313.511552  -62.14712  -58.40854      0.355    1450.01    332.000    328.554    -0.2385    -0.2384     0.0001    -0.2503    -0.2502     0.0001   2.845334   2.845418   0.000085    34.2919    34.2929     6.9249    27.5471    27.5479    34.2919    27.5472    1452.49    1452.50    -0.2501  1029.1329    34.4595 0.0000e+00
      13589 313.511576  -62.14712  -58.40854      0.506    1450.01    333.000    329.540    -0.2381    -0.2380     0.0002    -0.2500    -0.2498     0.0002   2.845516   2.845664   0.000145    34.2933    34.2950     6.9136    27.5482    27.5496    34.2934    27.5483    1452.51    1452.52    -0.2498  1029.1388    34.4609 0.0000e+00
      13649 313.511605  -62.14712  -58.40854      0.436    1450.01    334.000    330.526    -0.2380    -0.2381    -0.0001    -0.2499    -0.2500    -0.0001   2.845616   2.845648   0.000038    34.2939    34.2945     6.9035    27.5487    27.5492    34.2939    27.5487    1452.53    1452.53    -0.2497  1029.1440    34.4615 0.0000e+00
      14151 313.511847  -62.14712  -58.40852      0.274    1450.11    335.000    331.527    -0.2382    -0.2382     0.0001    -0.2502    -0.2501     0.0001   2.845543   2.845623   0.000082    34.2926    34.2937     6.9085    27.5477    27.5485    34.2926    27.5477    1452.54    1452.55    -0.2499  1029.1477    34.4602 0.0000e+00
      14469 313.512000  -62.14712  -58.40852      0.502    1450.23    336.000    332.506    -0.2383    -0.2383    -0.0000    -0.2502    -0.2502    -0.0000   2.845563   2.845610   0.000048    34.2922    34.2929     6.9164    27.5474    27.5479    34.2923    27.5474    1452.56    1452.56    -0.2500  1029.1522    34.4599 0.0000e+00
      14514 313.512022  -62.14712  -58.40852      0.542    1450.23    337.000    333.495    -0.2385    -0.2384     0.0001    -0.2505    -0.2503     0.0001   2.845547   2.845631   0.000086    34.2917    34.2928     6.9072    27.5470    27.5478    34.2917    27.5470    1452.57    1452.58    -0.2503  1029.1565    34.4593 0.0000e+00
