Pos-Processados/process_op41/operantar41_005mephy.ros
* Sea-Bird SBE 9 Data File:
* FileName = C:\Users\Dell\Desktop\Operantar XLI\Raw\OP41005MEPHY.hdr
* Software Version Seasave V 7.26.7.110
* Temperature SN = 6497
* Conductivity SN = 4954
* Number of Bytes Per Scan = 31
* Number of Voltage Words = 2
* Number of Scans Averaged by the Deck Unit = 1
* NMEA Latitude = 38 39.42 S
* NMEA Longitude = 048 59.20 W
* NMEA UTC (Time) = Oct 18 2022 15:56:17
* NMEA baud rate = 4800
** H41
** Navio Polar Almirante Maximiano
** LH-021/2022
** Operantar XLI
** Número da Estação
** Latitude
** Longitude
** Data/Hora (Z)
** Profundidade local
** 09-1439
** Nome do Operador
# nquan = 24
# nvalues = 946                                   
# units = specified
# name 0 = scan: Scan Count
# name 1 = timeJ: Julian Days
# name 2 = latitude: Latitude [deg]
# name 3 = longitude: Longitude [deg]
# name 4 = dz/dtM: Descent Rate [m/s]
# name 5 = avgsvCM: Average Sound Velocity [Chen-Millero, m/s]
# name 6 = prDM: Pressure, Digiquartz [db]
# name 7 = depSM: Depth [salt water, m]
# name 8 = t090C: Temperature [ITS-90, deg C]
# name 9 = t190C: Temperature, 2 [ITS-90, deg C]
# name 10 = T2-T190C: Temperature Difference, 2 - 1 [ITS-90, deg C]
# name 11 = potemp090C: Potential Temperature [ITS-90, deg C]
# name 12 = potemp190C: Potential Temperature, 2 [ITS-90, deg C]
# name 13 = potemp90Cdiff: Potential Temperature, Diff, 2 - 1 [ITS-90, deg C]
# name 14 = c0S/m: Conductivity [S/m]
# name 15 = c1S/m: Conductivity, 2 [S/m]
# name 16 = C2-C1S/m: Conductivity Difference, 2 - 1 [S/m]
# name 17 = sal00: Salinity, Practical [PSU]
# name 18 = sal11: Salinity, Practical, 2 [PSU]
# name 19 = sbeox0ML/L: Oxygen, SBE 43 [ml/l]
# name 20 = sigma-é00: Density [sigma-theta, kg/m^3]
# name 21 = sigma-é11: Density, 2 [sigma-theta, kg/m^3]
# name 22 = nbf: Bottles Fired
# name 23 = flag:  0.000e+00
# interval = seconds: 0.0416667
# start_time = Oct 18 2022 15:56:17 [NMEA time, header]
# bad_flag = -9.990e-29
*END*
[from data line 906]
       3393 291.665721  -38.65692  -48.98744      0.138    1505.56     35.265     34.996    14.2352    14.2383     0.0030    14.2301    14.2331     0.0030   4.251944   4.251956   0.000012    35.3122    35.3096     5.5963    26.3797    26.3770         17  0.000e+00
       3394 291.665722  -38.65692  -48.98744      0.133    1505.56     35.265     34.996    14.2354    14.2379     0.0025    14.2302    14.2328     0.0025   4.251964   4.251977   0.000012    35.3123    35.3101     5.6010    26.3797    26.3775         17  0.000e+00
       3395 291.665722  -38.65692  -48.98744      0.135    1505.56     35.281     35.012    14.2358    14.2379     0.0021    14.2306    14.2328     0.0021   4.251944   4.251930  -0.000015    35.3117    35.3096     5.6020    26.3792    26.3771         17  0.000e+00
       3396 291.665723  -38.65692  -48.98744      0.122    1505.56     35.144     34.876    14.2359    14.2381     0.0022    14.2308    14.2330     0.0022   4.251964   4.251943  -0.000021    35.3119    35.3097     5.6028    26.3792    26.3771         17  0.000e+00
       3397 291.665723  -38.65692  -48.98744      0.126    1505.56     35.329     35.060    14.2362    14.2379     0.0017    14.2311    14.2328     0.0017   4.251997   4.251923  -0.000074    35.3118    35.3096     5.6038    26.3791    26.3770         17  0.000e+00
       3398 291.665724  -38.65692  -48.98744      0.118    1505.56     35.208     34.940    14.2371    14.2378     0.0007    14.2319    14.2326     0.0007   4.252010   4.251889  -0.000121    35.3112    35.3094     5.6046    26.3785    26.3770         17  0.000e+00
       3399 291.665724  -38.65692  -48.98744      0.118    1505.56     35.281     35.012    14.2373    14.2379     0.0006    14.2321    14.2328     0.0006   4.252024   4.251936  -0.000087    35.3111    35.3097     5.6054    26.3784    26.3772         17  0.000e+00
       3400 291.665725  -38.65692  -48.98744      0.113    1505.56     35.265     34.996    14.2371    14.2381     0.0010    14.2319    14.2329     0.0010   4.252070   4.251923  -0.000147    35.3117    35.3094     5.6063    26.3789    26.3769         17  0.000e+00
       3401 291.665725  -38.65692  -48.98744      0.114    1505.56     35.265     34.996    14.2376    14.2383     0.0007    14.2324    14.2331     0.0007   4.252110   4.251916  -0.000194    35.3116    35.3092     5.6067    26.3787    26.3767         17  0.000e+00
       3402 291.665726  -38.65692  -48.98744      0.107    1505.56     35.265     34.996    14.2382    14.2383     0.0000    14.2331    14.2331     0.0000   4.252123   4.251943  -0.000180    35.3111    35.3094     5.6110    26.3782    26.3769         17  0.000e+00
       3403 291.665726  -38.65692  -48.98744      0.108    1505.56     35.281     35.012    14.2386    14.2383    -0.0004    14.2335    14.2331    -0.0004   4.252123   4.251923  -0.000200    35.3108    35.3093     5.6117    26.3778    26.3767         17  0.000e+00
       3404 291.665727  -38.65692  -48.98744      0.104    1505.56     35.265     34.996    14.2393    14.2386    -0.0007    14.2341    14.2334    -0.0007   4.252123   4.251997  -0.000126    35.3102    35.3097     5.6123    26.3772    26.3770         17  0.000e+00
       3405 291.665727  -38.65692  -48.98744      0.100    1505.56     35.265     34.996    14.2393    14.2384    -0.0009    14.2341    14.2333    -0.0009   4.252123   4.252030  -0.000093    35.3102    35.3101     5.6128    26.3772    26.3774         17  0.000e+00
       3406 291.665728  -38.65692  -48.98744      0.098    1505.56     35.265     34.996    14.2393    14.2389    -0.0003    14.2341    14.2338    -0.0003   4.252123   4.252050  -0.000073    35.3102    35.3098     5.6133    26.3772    26.3770         17  0.000e+00
       3407 291.665728  -38.65692  -48.98744      0.094    1505.56     35.281     35.012    14.2394    14.2389    -0.0005    14.2343    14.2338    -0.0005   4.252143   4.252091  -0.000052    35.3102    35.3102     5.6138    26.3772    26.3773         17  0.000e+00
       3408 291.665729  -38.65692  -48.98744      0.095    1505.56     35.265     34.996    14.2399    14.2391    -0.0009    14.2348    14.2339    -0.0009   4.252116   4.252104  -0.000012    35.3095    35.3102     5.6182    26.3766    26.3773         17  0.000e+00
       3409 291.665729  -38.65692  -48.98744      0.092    1505.56     35.329     35.060    14.2405    14.2389    -0.0015    14.2353    14.2338    -0.0015   4.252143   4.252070  -0.000072    35.3093    35.3100     5.6188    26.3763    26.3771         17  0.000e+00
       3410 291.665730  -38.65692  -48.98744      0.093    1505.56     35.345     35.076    14.2399    14.2391    -0.0009    14.2348    14.2339    -0.0009   4.252156   4.252117  -0.000039    35.3099    35.3103     5.6195    26.3768    26.3774         17  0.000e+00
       3411 291.665730  -38.65692  -48.98744      0.086    1505.56     35.208     34.940    14.2393    14.2396     0.0003    14.2341    14.2345     0.0003   4.252156   4.252077  -0.000079    35.3105    35.3095     5.6159    26.3775    26.3766         17  0.000e+00
       3412 291.665731  -38.65692  -48.98744      0.088    1505.56     35.329     35.060    14.2393    14.2396     0.0003    14.2341    14.2345     0.0003   4.252156   4.252117  -0.000039    35.3105    35.3098     5.6162    26.3775    26.3769         17  0.000e+00
       3413 291.665731  -38.65692  -48.98744      0.087    1505.56     35.329     35.060    14.2390    14.2401     0.0012    14.2338    14.2350     0.0012   4.252156   4.252138  -0.000018    35.3108    35.3095     5.6159    26.3778    26.3765         17  0.000e+00
       3414 291.665732  -38.65692  -48.98744      0.082    1505.56     35.281     35.012    14.2394    14.2399     0.0005    14.2343    14.2348     0.0005   4.252129   4.252158   0.000028    35.3101    35.3099     5.6198    26.3771    26.3769         17  0.000e+00
       3415 291.665732  -38.65692  -48.98744      0.084    1505.56     35.329     35.060    14.2395    14.2394    -0.0000    14.2343    14.2343    -0.0000   4.252090   4.252144   0.000054    35.3097    35.3102     5.6201    26.3768    26.3772         17  0.000e+00
       3416 291.665733  -38.65692  -48.98744      0.085    1505.56     35.329     35.060    14.2395    14.2388    -0.0007    14.2343    14.2336    -0.0007   4.252083   4.252111   0.000027    35.3096    35.3105     5.6203    26.3768    26.3776         17  0.000e+00
       3417 291.665733  -38.65692  -48.98744      0.081    1505.56     35.265     34.996    14.2391    14.2386    -0.0005    14.2340    14.2334    -0.0005   4.252070   4.252104   0.000034    35.3099    35.3106     5.6204    26.3770    26.3777         17  0.000e+00
       3418 291.665734  -38.65692  -48.98744      0.083    1505.56     35.345     35.076    14.2390    14.2389    -0.0000    14.2338    14.2338    -0.0000   4.252024   4.252124   0.000100    35.3095    35.3105     5.6206    26.3768    26.3775         17  0.000e+00
       3419 291.665734  -38.65692  -48.98744      0.082    1505.56     35.329     35.060    14.2384    14.2389     0.0005    14.2333    14.2338     0.0005   4.252037   4.252158   0.000121    35.3101    35.3108     5.6206    26.3774    26.3778         17  0.000e+00
       3420 291.665734  -38.65692  -48.98744      0.081    1505.56     35.329     35.060    14.2379    14.2388     0.0008    14.2328    14.2336     0.0008   4.252017   4.252091   0.000073    35.3104    35.3103     5.6205    26.3777    26.3775         17  0.000e+00
       3421 291.665735  -38.65692  -48.98744      0.079    1505.56     35.329     35.060    14.2379    14.2386     0.0007    14.2328    14.2334     0.0007   4.252010   4.252091   0.000080    35.3104    35.3105     5.6203    26.3777    26.3776         17  0.000e+00
       3422 291.665735  -38.65692  -48.98744      0.079    1505.56     35.345     35.076    14.2376    14.2389     0.0014    14.2324    14.2338     0.0014   4.252010   4.252070   0.000060    35.3107    35.3100     5.6241    26.3780    26.3771         17  0.000e+00
       3423 291.665736  -38.65692  -48.98744      0.081    1505.56     35.329     35.060    14.2378    14.2388     0.0010    14.2326    14.2336     0.0010   4.251984   4.252064   0.000080    35.3102    35.3101     5.6205    26.3776    26.3773         17  0.000e+00
       3424 291.665736  -38.65692  -48.98744      0.081    1505.56     35.386     35.116    14.2379    14.2389     0.0010    14.2328    14.2338     0.0010   4.251997   4.252091   0.000093    35.3102    35.3101     5.6245    26.3776    26.3773         17  0.000e+00
       3425 291.665737  -38.65692  -48.98744      0.079    1505.56     35.281     35.012    14.2376    14.2393     0.0017    14.2324    14.2341     0.0017   4.252037   4.252104   0.000067    35.3109    35.3100     5.6203    26.3782    26.3771         17  0.000e+00
       3426 291.665737  -38.65692  -48.98744      0.080    1505.56     35.386     35.116    14.2379    14.2394     0.0015    14.2328    14.2343     0.0015   4.252011   4.252104   0.000093    35.3103    35.3098     5.6198    26.3776    26.3769         17  0.000e+00
       3427 291.665738  -38.65692  -48.98744      0.080    1505.56     35.329     35.060    14.2382    14.2401     0.0019    14.2331    14.2350     0.0019   4.252037   4.252104   0.000067    35.3103    35.3092     5.6231    26.3776    26.3763         17  0.000e+00
       3428 291.665738  -38.65692  -48.98744      0.079    1505.56     35.386     35.116    14.2382    14.2404     0.0022    14.2331    14.2353     0.0022   4.252017   4.252104   0.000087    35.3101    35.3089     5.6228    26.3774    26.3760         17  0.000e+00
       3429 291.665739  -38.65692  -48.98744      0.078    1505.56     35.345     35.076    14.2381    14.2403     0.0022    14.2330    14.2352     0.0022   4.252037   4.252104   0.000067    35.3104    35.3090     5.6224    26.3777    26.3761         17  0.000e+00
       3430 291.665739  -38.65692  -48.98744      0.081    1505.56     35.386     35.116    14.2379    14.2406     0.0027    14.2328    14.2355     0.0027   4.251991   4.252124   0.000133    35.3102    35.3089     5.6263    26.3775    26.3760         17  0.000e+00
       3431 291.665740  -38.65692  -48.98744      0.079    1505.56     35.386     35.116    14.2376    14.2408     0.0032    14.2324    14.2357     0.0032   4.251997   4.252111   0.000113    35.3105    35.3086     5.6264    26.3779    26.3757         17  0.000e+00
       3432 291.665740  -38.65692  -48.98744      0.077    1505.56     35.329     35.060    14.2376    14.2406     0.0030    14.2324    14.2355     0.0030   4.252010   4.252104   0.000093    35.3107    35.3087     5.6264    26.3780    26.3758         17  0.000e+00
