Pos-Processados/process_op41/operantar41_017.cnv
* Sea-Bird SBE 9 Data File:
* FileName = C:\Users\Dell\Desktop\OperantarXLI\config\00_BRUTOS\OPE41017.hdr
* Software Version Seasave V 7.26.7.110
* Temperature SN = 6497
* Conductivity SN = 4954
* Number of Bytes Per Scan = 34
* Number of Voltage Words = 3
* Number of Scans Averaged by the Deck Unit = 1
* NMEA Latitude = 62 13.33 S
* NMEA Longitude = 058 12.09 W
* NMEA UTC (Time) = Nov 09 2022 17:12:58
* NMEA baud rate = 4800
** H41
** Navio Polar Almirante Maximiano
** LH-021/2022
** Operantar XLI
** Número da Estação 017
** Latitude 62 13.278'S
** Longitude 058 12.242'W
** Data/Hora (Z) 09/11/2022 1710Z
** Profundidade local 350 m
** 09-1439
** Nome do Operador CT Garla
# nquan = 30
# nvalues = 900                         
# units = specified
# name 0 = scan: Scan Count
# name 1 = timeJ: Julian Days
# name 2 = latitude: Latitude [deg]
# name 3 = longitude: Longitude [deg]
# name 4 = dz/dtM: Descent Rate [m/s]
# name 5 = avgsvCM: Average Sound Velocity [Chen-Millero, m/s]
# name 6 = prDM: Pressure, Digiquartz [db]
# name 7 = depSM: Depth [salt water, m]
# name 8 = t090C: Temperature [ITS-90, deg C]
# name 9 = t190C: Temperature, 2 [ITS-90, deg C]
# name 10 = T2-T190C: Temperature Difference, 2 - 1 [ITS-90, deg C]
# name 11 = potemp090C: Potential Temperature [ITS-90, deg C]
# name 12 = potemp190C: Potential Temperature, 2 [ITS-90, deg C]
# name 13 = potemp90Cdiff: Potential Temperature, Diff, 2 - 1 [ITS-90, deg C]
# name 14 = c0S/m: Conductivity [S/m]
# name 15 = c1S/m: Conductivity, 2 [S/m]
# name 16 = C2-C1S/m: Conductivity Difference, 2 - 1 [S/m]
# name 17 = sal00: Salinity, Practical [PSU]
# name 18 = sal11: Salinity, Practical, 2 [PSU]
# name 19 = sbeox0ML/L: Oxygen, SBE 43 [ml/l]
# name 20 = sigma-é00: Density [sigma-theta, kg/m^3]
# name 21 = sigma-é11: Density, 2 [sigma-theta, kg/m^3]
# name 22 = sal00: Salinity, Practical [PSU]
# name 23 = sigma-é00: Density [sigma-theta, kg/m^3]
# name 24 = svCM: Sound Velocity [Chen-Millero, m/s]
# name 25 = svCM1: Sound Velocity, 2 [Chen-Millero, m/s]
# name 26 = gsw_ptA0: potential temperature [ITS-90, deg C]
# name 27 = gsw_densityA0: density, TEOS-10 [density, kg/m^3]
# name 28 = gsw_saA0: Absolute Salinity [g/kg]
# name 29 = flag:
# span 0 =       2288,      31908       
# span 1 = 313.718441, 313.732725       
# span 2 =  -62.22294,  -62.22247       
# span 3 =  -58.20056,  -58.18324       
# span 4 =     -1.518,      1.248       
# span 5 =      -0.01,    1451.72       
# span 6 =      0.000,    450.000       
# span 7 =     -0.053,    445.188       
# span 8 =    -0.2768,     0.1004       
# span 9 =    -0.2758,     0.1020       
# span 10 =    -0.0143,     0.0662      
# span 11 =    -0.2932,     0.0848      
# span 12 =    -0.2923,     0.0863      
# span 13 =    -0.0143,     0.0660      
# span 14 =   2.829134,   2.890011      
# span 15 =   2.829162,   2.890197      
# span 16 =  -0.001434,   0.005521      
# span 17 =    34.1836,    34.4626      
# span 18 =    34.1841,    34.4632      
# span 19 =     5.6855,     7.4952      
# span 20 =    27.4545,    27.6867      
# span 21 =    27.4552,    27.6869      
# span 22 =    34.1832,    34.4670      
# span 23 =    27.4536,    27.6865      
# span 24 =    1447.39,    1455.39      
# span 25 =    1447.39,    1455.40      
# span 26 =    -0.2930,     0.0849      
# span 27 =  1027.4580,  1029.8304      
# span 28 =    34.3457,    34.6356      
# span 29 = 0.0000e+00, 0.0000e+00      
# interval = decibars: 1                
# start_time = Nov 09 2022 17:12:58 [NMEA time, header]
# bad_flag = -9.990e-29
*END*
[from data line 484]
      17801 313.725922  -62.22276  -58.19180     -1.376    1451.72    415.000    410.604    -0.1148    -0.1159    -0.0011    -0.1304    -0.1316    -0.0011   2.872016   2.871942  -0.000049    34.4578    34.4583     5.8854    27.6752    27.6757    34.4579    27.6753    1454.65    1454.64    -0.1302  1029.6521    34.6265 0.0000e+00
      17820 313.725931  -62.22276  -58.19180     -1.357    1451.72    414.000    409.615    -0.1344    -0.1369    -0.0025    -0.1499    -0.1524    -0.0025   2.870404   2.870298  -0.000153    34.4588    34.4596     5.8949    27.6770    27.6778    34.4591    27.6772    1454.54    1454.53    -0.1497  1029.6495    34.6277 0.0000e+00
      17842 313.725942  -62.22276  -58.19178     -1.204    1451.72    413.000    408.627    -0.1360    -0.1389    -0.0028    -0.1515    -0.1543    -0.0028   2.870261   2.869991  -0.000218    34.4588    34.4591     5.8798    27.6771    27.6775    34.4596    27.6777    1454.52    1454.51    -0.1513  1029.6453    34.6282 0.0000e+00
      17872 313.725956  -62.22276  -58.19177     -0.907    1451.72    412.000    407.639    -0.1321    -0.1200     0.0121    -0.1475    -0.1355     0.0121   2.870707   2.871818   0.001020    34.4594    34.4593     5.8733    27.6774    27.6767    34.4617    27.6793    1454.52    1454.58    -0.1473  1029.6421    34.6304 0.0000e+00
      17904 313.725972  -62.22276  -58.19175     -0.721    1451.72    411.000    406.650    -0.1043    -0.1013     0.0029    -0.1197    -0.1168     0.0029   2.872948   2.873172   0.000291    34.4585    34.4591     5.8639    27.6753    27.6756    34.4607    27.6771    1454.63    1454.65    -0.1196  1029.6348    34.6293 0.0000e+00
      17930 313.725984  -62.22276  -58.19172     -0.838    1451.72    410.000    405.661    -0.0967    -0.0986    -0.0020    -0.1121    -0.1141    -0.0020   2.873675   2.873541  -0.000152    34.4593    34.4595     5.8699    27.6756    27.6758    34.4624    27.6780    1454.65    1454.65    -0.1120  1029.6309    34.6310 0.0000e+00
      17949 313.725993  -62.22276  -58.19171     -1.063    1451.72    409.000    404.673    -0.0876    -0.0869     0.0006    -0.1030    -0.1024     0.0006   2.874128   2.874157   0.000066    34.4585    34.4587     5.8678    27.6745    27.6746    34.4588    27.6746    1454.68    1454.68    -0.1028  1029.6227    34.6274 0.0000e+00
      17965 313.726001  -62.22276  -58.19170     -1.291    1451.72    408.000    403.684    -0.1044    -0.1024     0.0020    -0.1198    -0.1178     0.0020   2.872731   2.872984   0.000229    34.4594    34.4602     5.8544    27.6760    27.6765    34.4598    27.6764    1454.58    1454.59    -0.1196  1029.6199    34.6285 0.0000e+00
      17980 313.726008  -62.22276  -58.19168     -1.461    1451.72    407.000    402.696    -0.1028    -0.1016     0.0012    -0.1181    -0.1169     0.0012   2.872878   2.873027   0.000118    34.4594    34.4597     5.8414    27.6759    27.6761    34.4605    27.6768    1454.57    1454.58    -0.1179  1029.6155    34.6291 0.0000e+00
      17996 313.726016  -62.22276  -58.19167     -1.518    1451.72    406.000    401.708    -0.0985    -0.0739     0.0247    -0.1138    -0.0892     0.0246   2.873573   2.875919   0.002036    34.4613    34.4606     5.8427    27.6773    27.6754    34.4655    27.6806    1454.59    1454.70    -0.1136  1029.6146    34.6341 0.0000e+00
      18016 313.726026  -62.22276  -58.19166     -1.413    1451.72    405.000    400.719    -0.0665    -0.0328     0.0337    -0.0819    -0.0483     0.0336   2.875712   2.878734   0.002991    34.4574    34.4591     5.8423    27.6724    27.6721    34.4585    27.6733    1454.71    1454.87    -0.0817  1029.6022    34.6271 0.0000e+00
      18041 313.726038  -62.22276  -58.19165     -1.089    1451.72    404.000    399.731    -0.0788    -0.0125     0.0662    -0.0940    -0.0281     0.0660   2.875269   2.881036   0.005521    34.4618    34.4605     5.8481    27.6766    27.6722    34.4670    27.6808    1454.65    1454.95    -0.0939  1029.6050    34.6356 0.0000e+00
      18070 313.726052  -62.22276  -58.19164     -0.862    1451.72    403.000    398.742     0.0047     0.0294     0.0248    -0.0108     0.0138     0.0247   2.882149   2.884221   0.002229    34.4573    34.4590     5.8265    27.6687    27.6688    34.4649    27.6748    1455.01    1455.12    -0.0107  1029.5933    34.6335 0.0000e+00
      18094 313.726063  -62.22276  -58.19163     -0.903    1451.72    402.000    397.754     0.0372     0.0523     0.0151     0.0217     0.0367     0.0150   2.884829   2.886090   0.001324    34.4579    34.4584     5.8107    27.6675    27.6671    34.4644    27.6727    1455.14    1455.21     0.0218  1029.5860    34.6330 0.0000e+00
      18116 313.726074  -62.22276  -58.19162     -1.033    1451.72    401.000    396.765     0.0585     0.0663     0.0079     0.0428     0.0507     0.0079   2.886313   2.886971   0.000654    34.4558    34.4556     5.7818    27.6646    27.6641    34.4608    27.6687    1455.22    1455.26     0.0431  1029.5770    34.6294 0.0000e+00
      18136 313.726084  -62.22275  -58.19161     -1.143    1451.72    400.000    395.777     0.0600     0.0685     0.0085     0.0444     0.0529     0.0085   2.886179   2.886924   0.000764    34.4541    34.4545     5.7705    27.6632    27.6631    34.4579    27.6663    1455.21    1455.25     0.0446  1029.5699    34.6265 0.0000e+00
      18155 313.726093  -62.22274  -58.19160     -1.210    1451.72    399.000    394.789     0.0613     0.0670     0.0057     0.0458     0.0515     0.0057   2.886199   2.886715   0.000551    34.4537    34.4546     5.7499    27.6628    27.6632    34.4573    27.6657    1455.19    1455.22     0.0459  1029.5646    34.6258 0.0000e+00
      18175 313.726102  -62.22274  -58.19158     -1.236    1451.72    398.000    393.800     0.0615     0.0647     0.0032     0.0460     0.0492     0.0031   2.886181   2.886395   0.000269    34.4542    34.4542     5.7268    27.6632    27.6631    34.4574    27.6658    1455.18    1455.19     0.0462  1029.5599    34.6260 0.0000e+00
      18194 313.726112  -62.22274  -58.19156     -1.232    1451.72    397.000    392.811     0.0602     0.0618     0.0016     0.0448     0.0464     0.0016   2.885931   2.886030   0.000135    34.4535    34.4534     5.7219    27.6627    27.6625    34.4561    27.6649    1455.16    1455.16     0.0449  1029.5543    34.6247 0.0000e+00
      18214 313.726121  -62.22275  -58.19155     -1.218    1451.72    396.000    391.823     0.0599     0.0610     0.0012     0.0445     0.0456     0.0012   2.885845   2.885915   0.000092    34.4535    34.4534     5.7305    27.6627    27.6626    34.4560    27.6647    1455.14    1455.14     0.0447  1029.5495    34.6246 0.0000e+00
      18234 313.726131  -62.22276  -58.19153     -1.198    1451.72    395.000    390.834     0.0594     0.0594    -0.0000     0.0440     0.0440    -0.0000   2.885604   2.885458  -0.000096    34.4525    34.4512     5.7318    27.6619    27.6609    34.4539    27.6631    1455.12    1455.11     0.0442  1029.5431    34.6225 0.0000e+00
      18254 313.726141  -62.22276  -58.19152     -1.197    1451.72    394.000    389.846     0.0535     0.0533    -0.0002     0.0382     0.0380    -0.0002   2.884957   2.884882  -0.000050    34.4511    34.4507     5.7291    27.6611    27.6608    34.4526    27.6623    1455.07    1455.07     0.0384  1029.5377    34.6211 0.0000e+00
      18273 313.726150  -62.22276  -58.19150     -1.225    1451.72    393.000    388.857     0.0501     0.0496    -0.0006     0.0349     0.0343    -0.0006   2.884548   2.884432  -0.000090    34.4505    34.4499     5.7406    27.6608    27.6604    34.4515    27.6616    1455.04    1455.03     0.0350  1029.5323    34.6201 0.0000e+00
      18294 313.726160  -62.22274  -58.19150     -1.219    1451.72    392.000    387.869     0.0504     0.0520     0.0016     0.0352     0.0368     0.0016   2.884569   2.884701   0.000124    34.4505    34.4503     5.7504    27.6608    27.6606    34.4521    27.6621    1455.02    1455.03     0.0354  1029.5281    34.6207 0.0000e+00
      18319 313.726172  -62.22274  -58.19148     -1.073    1451.72    391.000    386.880     0.0526     0.0553     0.0026     0.0375     0.0401     0.0026   2.884699   2.884920   0.000201    34.4508    34.4505     5.7647    27.6609    27.6606    34.4519    27.6618    1455.02    1455.03     0.0376  1029.5230    34.6204 0.0000e+00
      18346 313.726185  -62.22274  -58.19146     -0.894    1451.72    390.000    385.892     0.0538     0.0610     0.0071     0.0387     0.0458     0.0071   2.884763   2.885352   0.000610    34.4504    34.4505     5.7868    27.6606    27.6602    34.4521    27.6618    1455.01    1455.04     0.0388  1029.5183    34.6206 0.0000e+00
      18372 313.726197  -62.22274  -58.19144     -0.896    1451.72    389.000    384.903     0.0595     0.0588    -0.0007     0.0444     0.0436    -0.0007   2.885087   2.885013  -0.000033    34.4499    34.4503     5.7971    27.6598    27.6602    34.4505    27.6603    1455.01    1455.01     0.0446  1029.5120    34.6190 0.0000e+00
      18393 313.726207  -62.22274  -58.19144     -1.027    1451.72    388.000    383.915     0.0558     0.0578     0.0021     0.0408     0.0428     0.0021   2.884808   2.885054   0.000225    34.4503    34.4509     5.7897    27.6603    27.6607    34.4515    27.6613    1454.98    1454.99     0.0409  1029.5083    34.6201 0.0000e+00
      18412 313.726217  -62.22274  -58.19142     -1.169    1451.72    387.000    382.926     0.0611     0.0628     0.0017     0.0461     0.0478     0.0017   2.885133   2.885226   0.000192    34.4500    34.4506     5.7831    27.6598    27.6602    34.4505    27.6602    1454.99    1455.00     0.0463  1029.5024    34.6190 0.0000e+00
      18430 313.726225  -62.22274  -58.19142     -1.268    1451.72    386.000    381.938     0.0515     0.0439    -0.0076     0.0366     0.0290    -0.0076   2.884212   2.883548  -0.000653    34.4503    34.4502     5.7898    27.6606    27.6609    34.4497    27.6601    1454.93    1454.89     0.0367  1029.4977    34.6182 0.0000e+00
      18449 313.726235  -62.22274  -58.19141     -1.292    1451.72    385.000    380.949     0.0449     0.0412    -0.0037     0.0300     0.0263    -0.0037   2.883653   2.883325  -0.000322    34.4500    34.4499     5.7871    27.6606    27.6608    34.4503    27.6609    1454.88    1454.86     0.0302  1029.4939    34.6189 0.0000e+00
      18469 313.726244  -62.22274  -58.19140     -1.242    1451.72    384.000    379.960     0.0487     0.0447    -0.0041     0.0338     0.0298    -0.0040   2.883894   2.883545  -0.000358    34.4499    34.4498     5.7760    27.6604    27.6605    34.4498    27.6603    1454.88    1454.86     0.0340  1029.4885    34.6183 0.0000e+00
      18491 313.726255  -62.22274  -58.19138     -1.153    1451.72    383.000    378.972     0.0453     0.0434    -0.0019     0.0305     0.0286    -0.0019   2.883544   2.883372  -0.000153    34.4495    34.4497     5.7845    27.6602    27.6605    34.4496    27.6603    1454.85    1454.84     0.0307  1029.4838    34.6181 0.0000e+00
      18515 313.726266  -62.22274  -58.19136     -1.056    1451.72    382.000    377.983     0.0447     0.0428    -0.0019     0.0300     0.0280    -0.0019   2.883452   2.883289  -0.000171    34.4497    34.4496     5.7995    27.6604    27.6604    34.4497    27.6604    1454.83    1454.82     0.0301  1029.4792    34.6182 0.0000e+00
      18539 313.726278  -62.22274  -58.19134     -0.998    1451.72    381.000    376.995     0.0451     0.0440    -0.0011     0.0304     0.0293    -0.0011   2.883446   2.883370  -0.000069    34.4495    34.4498     5.7992    27.6602    27.6605    34.4497    27.6604    1454.82    1454.81     0.0306  1029.4745    34.6182 0.0000e+00
      18562 313.726289  -62.22274  -58.19132     -1.023    1451.72    380.000    376.006     0.0452     0.0456     0.0004     0.0305     0.0309     0.0004   2.883393   2.883509   0.000085    34.4495    34.4501     5.8039    27.6602    27.6607    34.4495    27.6602    1454.80    1454.80     0.0307  1029.4696    34.6180 0.0000e+00
      18582 313.726299  -62.22274  -58.19130     -1.100    1451.72    379.000    375.017     0.0470     0.0494     0.0024     0.0324     0.0348     0.0024   2.883554   2.883829   0.000277    34.4496    34.4506     5.8185    27.6603    27.6609    34.4502    27.6607    1454.79    1454.81     0.0325  1029.4653    34.6187 0.0000e+00
      18602 313.726308  -62.22274  -58.19130     -1.182    1451.72    378.000    374.029     0.0518     0.0547     0.0029     0.0372     0.0400     0.0028   2.883945   2.884230   0.000284    34.4501    34.4506     5.8097    27.6604    27.6606    34.4506    27.6608    1454.80    1454.81     0.0374  1029.4605    34.6191 0.0000e+00
      18622 313.726318  -62.22274  -58.19129     -1.211    1451.72    377.000    373.040     0.0526     0.0562     0.0036     0.0380     0.0416     0.0035   2.883935   2.884309   0.000371    34.4497    34.4506     5.8003    27.6600    27.6605    34.4502    27.6604    1454.79    1454.80     0.0382  1029.4554    34.6187 0.0000e+00
      18643 313.726328  -62.22273  -58.19127     -1.174    1451.72    376.000    372.052     0.0538     0.0567     0.0030     0.0393     0.0422     0.0030   2.884000   2.884324   0.000319    34.4501    34.4510     5.8142    27.6603    27.6608    34.4503    27.6605    1454.78    1454.79     0.0394  1029.4507    34.6188 0.0000e+00
      18666 313.726339  -62.22272  -58.19126     -1.103    1451.72    375.000    371.063     0.0554     0.0583     0.0029     0.0409     0.0438     0.0029   2.884160   2.884496   0.000315    34.4506    34.4516     5.8050    27.6606    27.6612    34.4512    27.6611    1454.77    1454.78     0.0411  1029.4466    34.6197 0.0000e+00
      18691 313.726351  -62.22272  -58.19125     -0.993    1451.72    374.000    370.075     0.0593     0.0626     0.0033     0.0448     0.0481     0.0033   2.884486   2.884832   0.000361    34.4509    34.4520     5.7901    27.6606    27.6613    34.4517    27.6613    1454.77    1454.79     0.0450  1029.4420    34.6202 0.0000e+00
      18719 313.726365  -62.22272  -58.19123     -0.891    1451.72    373.000    369.086     0.0628     0.0634     0.0005     0.0484     0.0489     0.0005   2.884758   2.884840   0.000098    34.4513    34.4521     5.7936    27.6608    27.6613    34.4519    27.6613    1454.77    1454.77     0.0485  1029.4373    34.6204 0.0000e+00
      18746 313.726378  -62.22272  -58.19122     -0.874    1451.72    372.000    368.097     0.0645     0.0647     0.0003     0.0500     0.0504     0.0003   2.884864   2.884912   0.000062    34.4518    34.4522     5.7841    27.6610    27.6614    34.4521    27.6613    1454.76    1454.76     0.0503  1029.4326    34.6206 0.0000e+00
      18770 313.726389  -62.22272  -58.19120     -0.944    1451.72    371.000    367.109     0.0642     0.0646     0.0004     0.0498     0.0502     0.0004   2.884796   2.884881   0.000077    34.4518    34.4524     5.7765    27.6611    27.6615    34.4521    27.6613    1454.74    1454.75     0.0500  1029.4279    34.6206 0.0000e+00
      18792 313.726400  -62.22272  -58.19119     -1.033    1451.72    370.000    366.120     0.0642     0.0625    -0.0017     0.0499     0.0482    -0.0017   2.884739   2.884525  -0.000137    34.4518    34.4519     5.7842    27.6610    27.6612    34.4519    27.6612    1454.73    1454.72     0.0501  1029.4230    34.6204 0.0000e+00
      18813 313.726410  -62.22273  -58.19118     -1.104    1451.72    369.000    365.131     0.0604     0.0557    -0.0046     0.0462     0.0415    -0.0046   2.884310   2.883918  -0.000426    34.4516    34.4512     5.7816    27.6611    27.6610    34.4511    27.6607    1454.69    1454.67     0.0463  1029.4178    34.6196 0.0000e+00
