Pos-Processados/process_op41/operantar41_009.ros
* Sea-Bird SBE 9 Data File:
* FileName = C:\Users\Dell\Desktop\OperantarXLI\config\00_BRUTOS\OPE41009.hdr
* Software Version Seasave V 7.26.7.110
* Temperature SN = 6497
* Conductivity SN = 4954
* Number of Bytes Per Scan = 31
* Number of Voltage Words = 2
* Number of Scans Averaged by the Deck Unit = 1
* NMEA Latitude = 42 49.84 S
* NMEA Longitude = 052 15.44 W
* NMEA UTC (Time) = Oct 23 2022 04:30:44
* NMEA baud rate = 4800
** H41
** Navio Polar Almirante Maximiano
** LH-021/2022
** Operantar XLI
** Número da Estação 009
** Latitude 42 49.421' S
** Longitude 52 14.906' W
** Data/Hora (Z) 23/10/2022 0403Z
** Profundidade local 5745 m
** 09-1439
** Nome do Operador CT Garla
# nquan = 24
# nvalues = 1528                                  
# units = specified
# name 0 = scan: Scan Count
# name 1 = timeJ: Julian Days
# name 2 = latitude: Latitude [deg]
# name 3 = longitude: Longitude [deg]
# name 4 = dz/dtM: Descent Rate [m/s]
# name 5 = avgsvCM: Average Sound Velocity [Chen-Millero, m/s]
# name 6 = prDM: Pressure, Digiquartz [db]
# name 7 = depSM: Depth [salt water, m]
# name 8 = t090C: Temperature [ITS-90, deg C]
# name 9 = t190C: Temperature, 2 [ITS-90, deg C]
# name 10 = T2-T190C: Temperature Difference, 2 - 1 [ITS-90, deg C]
# name 11 = potemp090C: Potential Temperature [ITS-90, deg C]
# name 12 = potemp190C: Potential Temperature, 2 [ITS-90, deg C]
# name 13 = potemp90Cdiff: Potential Temperature, Diff, 2 - 1 [ITS-90, deg C]
# name 14 = c0S/m: Conductivity [S/m]
# name 15 = c1S/m: Conductivity, 2 [S/m]
# name 16 = C2-C1S/m: Conductivity Difference, 2 - 1 [S/m]
# name 17 = sal00: Salinity, Practical [PSU]
# name 18 = sal11: Salinity, Practical, 2 [PSU]
# name 19 = sbeox0ML/L: Oxygen, SBE 43 [ml/l]
# name 20 = sigma-é00: Density [sigma-theta, kg/m^3]
# name 21 = sigma-é11: Density, 2 [sigma-theta, kg/m^3]
# name 22 = nbf: Bottles Fired
# name 23 = flag:  0.000e+00
# interval = seconds: 0.0416667
# start_time = Oct 23 2022 04:30:44 [NMEA time, header]
# bad_flag = -9.990e-29
*END*
[from data line 1027]
      58154 296.216054  -42.84040  -52.27772     -0.280    1493.18     45.459     45.094    14.4296    14.4295    -0.0001    14.4229    14.4228    -0.0001   4.295402   4.295386  -0.000015    35.5328    35.5327     5.5154    26.5087    26.5087         17  0.000e+00
      58155 296.216054  -42.84040  -52.27772     -0.268    1493.18     45.596     45.230    14.4296    14.4299     0.0003    14.4229    14.4232     0.0003   4.295395   4.295386  -0.000009    35.5326    35.5322     5.5157    26.5086    26.5083         17  0.000e+00
      58156 296.216055  -42.84040  -52.27772     -0.257    1493.18     45.515     45.150    14.4295    14.4297     0.0003    14.4227    14.4230     0.0003   4.295422   4.295386  -0.000035    35.5331    35.5325     5.5200    26.5090    26.5085         17  0.000e+00
      58157 296.216055  -42.84040  -52.27772     -0.245    1493.18     45.515     45.150    14.4294    14.4292    -0.0002    14.4227    14.4225    -0.0002   4.295435   4.295359  -0.000075    35.5332    35.5327     5.5162    26.5091    26.5088         17  0.000e+00
      58158 296.216056  -42.84040  -52.27772     -0.236    1493.18     45.515     45.150    14.4293    14.4282    -0.0011    14.4226    14.4215    -0.0011   4.295402   4.295353  -0.000049    35.5330    35.5336     5.5161    26.5090    26.5097         17  0.000e+00
      58159 296.216056  -42.84040  -52.27772     -0.225    1493.18     45.515     45.150    14.4289    14.4278    -0.0011    14.4222    14.4211    -0.0011   4.295422   4.295353  -0.000069    35.5335    35.5339     5.5160    26.5095    26.5100         17  0.000e+00
      58160 296.216057  -42.84040  -52.27772     -0.214    1493.18     45.572     45.206    14.4288    14.4277    -0.0011    14.4220    14.4209    -0.0011   4.295435   4.295373  -0.000062    35.5338    35.5342     5.5159    26.5097    26.5103         17  0.000e+00
      58161 296.216057  -42.84040  -52.27772     -0.201    1493.18     45.515     45.150    14.4289    14.4275    -0.0015    14.4222    14.4208    -0.0014   4.295435   4.295326  -0.000109    35.5336    35.5340     5.5161    26.5096    26.5101         17  0.000e+00
      58162 296.216058  -42.84040  -52.27772     -0.191    1493.18     45.515     45.150    14.4288    14.4271    -0.0016    14.4220    14.4204    -0.0016   4.295435   4.295366  -0.000069    35.5338    35.5347     5.5199    26.5097    26.5107         17  0.000e+00
      58163 296.216058  -42.84040  -52.27772     -0.176    1493.18     45.572     45.206    14.4291    14.4274    -0.0018    14.4224    14.4206    -0.0018   4.295455   4.295386  -0.000068    35.5336    35.5346     5.5204    26.5095    26.5107         17  0.000e+00
      58164 296.216059  -42.84040  -52.27772     -0.165    1493.18     45.572     45.206    14.4289    14.4275    -0.0015    14.4222    14.4208    -0.0014   4.295441   4.295359  -0.000082    35.5337    35.5343     5.5166    26.5096    26.5103         17  0.000e+00
      58165 296.216059  -42.84040  -52.27772     -0.153    1493.18     45.596     45.230    14.4291    14.4283    -0.0008    14.4224    14.4216    -0.0008   4.295435   4.295373  -0.000062    35.5334    35.5336     5.5164    26.5094    26.5096         17  0.000e+00
      58166 296.216060  -42.84040  -52.27772     -0.144    1493.18     45.516     45.150    14.4288    14.4287    -0.0001    14.4220    14.4220    -0.0001   4.295402   4.295359  -0.000042    35.5335    35.5332     5.5161    26.5095    26.5093         17  0.000e+00
      58167 296.216060  -42.84040  -52.27772     -0.126    1493.18     45.636     45.270    14.4288    14.4290     0.0003    14.4220    14.4223     0.0003   4.295395   4.295353  -0.000042    35.5334    35.5328     5.5160    26.5094    26.5088         17  0.000e+00
      58168 296.216060  -42.84040  -52.27772     -0.115    1493.18     45.572     45.206    14.4284    14.4293     0.0009    14.4217    14.4226     0.0009   4.295422   4.295319  -0.000103    35.5340    35.5322     5.5157    26.5099    26.5083         17  0.000e+00
      58169 296.216061  -42.84040  -52.27772     -0.104    1493.18     45.572     45.206    14.4281    14.4292     0.0011    14.4214    14.4224     0.0011   4.295375   4.295285  -0.000090    35.5338    35.5320     5.5195    26.5099    26.5083         17  0.000e+00
      61257 296.217550  -42.84096  -52.27888     -0.012    1493.18      3.559      3.531    14.5380    14.5384     0.0004    14.5374    14.5379     0.0004   4.301169   4.301175   0.000006    35.5041    35.5038     5.6605    26.4619    26.4615         18  0.000e+00
      61258 296.217551  -42.84096  -52.27888     -0.010    1493.18      3.616      3.587    14.5381    14.5384     0.0002    14.5376    14.5379     0.0002   4.301215   4.301195  -0.000020    35.5044    35.5039     5.6609    26.4620    26.4616         18  0.000e+00
      61259 296.217551  -42.84096  -52.27888     -0.008    1493.18      3.616      3.587    14.5378    14.5383     0.0005    14.5373    14.5378     0.0005   4.301235   4.301209  -0.000027    35.5048    35.5041     5.6614    26.4625    26.4618         18  0.000e+00
      61260 296.217552  -42.84096  -52.27888     -0.002    1493.18      3.616      3.587    14.5380    14.5384     0.0004    14.5374    14.5379     0.0004   4.301209   4.301148  -0.000061    35.5045    35.5035     5.6618    26.4621    26.4613         18  0.000e+00
      61261 296.217552  -42.84096  -52.27888     -0.003    1493.18      3.559      3.531    14.5377    14.5384     0.0007    14.5372    14.5379     0.0007   4.301169   4.301128  -0.000041    35.5044    35.5033     5.6618    26.4621    26.4612         18  0.000e+00
      61262 296.217553  -42.84096  -52.27888     -0.000    1493.18      3.616      3.587    14.5380    14.5384     0.0004    14.5374    14.5379     0.0004   4.301189   4.301189 -2.187e-07    35.5043    35.5039     5.6622    26.4620    26.4616         18  0.000e+00
      61263 296.217553  -42.84096  -52.27888      0.002    1493.18      3.616      3.587    14.5380    14.5385     0.0006    14.5374    14.5380     0.0006   4.301202   4.301175  -0.000027    35.5044    35.5036     5.6666    26.4621    26.4614         18  0.000e+00
      61264 296.217554  -42.84096  -52.27888      0.004    1493.18      3.616      3.587    14.5380    14.5384     0.0004    14.5374    14.5379     0.0004   4.301229   4.301168  -0.000060    35.5047    35.5037     5.6673    26.4623    26.4615         18  0.000e+00
      61265 296.217554  -42.84096  -52.27888      0.004    1493.18      3.567      3.539    14.5380    14.5384     0.0004    14.5374    14.5379     0.0004   4.301209   4.301114  -0.000094    35.5045    35.5032     5.6680    26.4622    26.4611         18  0.000e+00
      61266 296.217554  -42.84096  -52.27888      0.007    1493.18      3.616      3.587    14.5380    14.5384     0.0004    14.5374    14.5379     0.0004   4.301202   4.301094  -0.000108    35.5044    35.5030     5.6687    26.4621    26.4609         18  0.000e+00
      61267 296.217555  -42.84096  -52.27888      0.009    1493.18      3.616      3.587    14.5379    14.5382     0.0003    14.5373    14.5377     0.0003   4.301222   4.301148  -0.000074    35.5047    35.5037     5.6691    26.4623    26.4615         18  0.000e+00
      61268 296.217555  -42.84096  -52.27888      0.012    1493.18      3.616      3.587    14.5378    14.5384     0.0006    14.5373    14.5379     0.0006   4.301209   4.301141  -0.000067    35.5046    35.5035     5.6694    26.4623    26.4613         18  0.000e+00
      61269 296.217556  -42.84096  -52.27888      0.007    1493.18      3.559      3.531    14.5378    14.5384     0.0006    14.5373    14.5379     0.0006   4.301202   4.301135  -0.000067    35.5046    35.5034     5.6696    26.4622    26.4612         18  0.000e+00
      61270 296.217556  -42.84096  -52.27888      0.010    1493.18      3.616      3.587    14.5378    14.5384     0.0006    14.5373    14.5379     0.0006   4.301142   4.301135  -0.000008    35.5040    35.5034     5.6699    26.4618    26.4612         18  0.000e+00
      61271 296.217557  -42.84096  -52.27888      0.010    1493.18      3.559      3.531    14.5380    14.5382     0.0003    14.5374    14.5377     0.0003   4.301182   4.301135  -0.000047    35.5042    35.5036     5.6701    26.4620    26.4614         18  0.000e+00
      61272 296.217557  -42.84096  -52.27888      0.009    1493.18      3.616      3.587    14.5380    14.5382     0.0003    14.5374    14.5377     0.0003   4.301222   4.301101  -0.000121    35.5046    35.5032     5.6703    26.4622    26.4611         18  0.000e+00
      61273 296.217558  -42.84096  -52.27888      0.012    1493.18      3.616      3.587    14.5381    14.5382     0.0002    14.5375    14.5377     0.0002   4.301175   4.301121  -0.000054    35.5041    35.5034     5.6704    26.4618    26.4613         18  0.000e+00
      61274 296.217558  -42.84096  -52.27888      0.007    1493.18      3.559      3.531    14.5380    14.5380     0.0001    14.5374    14.5375     0.0001   4.301169   4.301155  -0.000014    35.5041    35.5039     5.6709    26.4619    26.4617         18  0.000e+00
      61275 296.217559  -42.84096  -52.27888      0.010    1493.18      3.616      3.587    14.5376    14.5379     0.0002    14.5371    14.5373     0.0002   4.301195   4.301168  -0.000027    35.5046    35.5042     5.6711    26.4624    26.4620         18  0.000e+00
      61276 296.217559  -42.84096  -52.27888      0.009    1493.18      3.616      3.587    14.5378    14.5380     0.0002    14.5373    14.5375     0.0002   4.301169   4.301141  -0.000027    35.5042    35.5038     5.6715    26.4620    26.4616         18  0.000e+00
      61277 296.217560  -42.84096  -52.27888      0.011    1493.18      3.616      3.587    14.5378    14.5382     0.0004    14.5373    14.5377     0.0004   4.301215   4.301135  -0.000081    35.5047    35.5036     5.6676    26.4623    26.4614         18  0.000e+00
      61278 296.217560  -42.84096  -52.27888      0.011    1493.18      3.559      3.531    14.5379    14.5382     0.0003    14.5373    14.5377     0.0003   4.301209   4.301128  -0.000081    35.5046    35.5035     5.6712    26.4622    26.4613         18  0.000e+00
      61279 296.217561  -42.84096  -52.27888      0.010    1493.18      3.616      3.587    14.5378    14.5382     0.0004    14.5373    14.5377     0.0004   4.301202   4.301108  -0.000094    35.5045    35.5033     5.6713    26.4622    26.4612         18  0.000e+00
      61280 296.217561  -42.84096  -52.27888      0.005    1493.18      3.560      3.531    14.5378    14.5382     0.0004    14.5373    14.5377     0.0004   4.301202   4.301101  -0.000101    35.5046    35.5033     5.6713    26.4622    26.4612         18  0.000e+00
      61281 296.217562  -42.84096  -52.27888      0.004    1493.18      3.616      3.587    14.5380    14.5382     0.0003    14.5374    14.5377     0.0003   4.301169   4.301121  -0.000048    35.5041    35.5034     5.6713    26.4619    26.4613         18  0.000e+00
      61282 296.217562  -42.84096  -52.27888      0.007    1493.18      3.616      3.587    14.5378    14.5380     0.0002    14.5373    14.5375     0.0002   4.301162   4.301135  -0.000028    35.5042    35.5037     5.6712    26.4619    26.4615         18  0.000e+00
      61283 296.217563  -42.84096  -52.27888      0.006    1493.18      3.560      3.531    14.5378    14.5382     0.0004    14.5373    14.5377     0.0004   4.301162   4.301155  -0.000007    35.5042    35.5038     5.6671    26.4620    26.4615         18  0.000e+00
      61284 296.217563  -42.84096  -52.27888      0.005    1493.18      3.616      3.587    14.5377    14.5382     0.0005    14.5371    14.5377     0.0005   4.301195   4.301108  -0.000088    35.5046    35.5033     5.6671    26.4623    26.4612         18  0.000e+00
      61285 296.217564  -42.84096  -52.27888      0.000    1493.18      3.560      3.531    14.5380    14.5380     0.0001    14.5374    14.5375     0.0001   4.301169   4.301094  -0.000075    35.5041    35.5034     5.6666    26.4619    26.4613         18  0.000e+00
      61286 296.217564  -42.84096  -52.27888      0.002    1493.18      3.616      3.587    14.5378    14.5383     0.0005    14.5373    14.5378     0.0005   4.301189   4.301202   0.000013    35.5044    35.5041     5.6662    26.4621    26.4617         18  0.000e+00
      61287 296.217565  -42.84096  -52.27888     -0.002    1493.18      3.568      3.539    14.5378    14.5384     0.0006    14.5373    14.5379     0.0006   4.301169   4.301182   0.000013    35.5043    35.5038     5.6657    26.4620    26.4616         18  0.000e+00
      61288 296.217565  -42.84096  -52.27888      0.001    1493.18      3.616      3.587    14.5378    14.5384     0.0006    14.5373    14.5379     0.0006   4.301162   4.301141  -0.000021    35.5042    35.5035     5.6652    26.4619    26.4613         18  0.000e+00
      61289 296.217566  -42.84096  -52.27888     -0.004    1493.18      3.560      3.531    14.5377    14.5382     0.0005    14.5372    14.5377     0.0005   4.301189   4.301135  -0.000054    35.5046    35.5036     5.6607    26.4623    26.4614         18  0.000e+00
      61290 296.217566  -42.84096  -52.27888     -0.002    1493.18      3.616      3.587    14.5376    14.5383     0.0007    14.5371    14.5378     0.0007   4.301202   4.301128  -0.000074    35.5047    35.5034     5.6639    26.4624    26.4612         18  0.000e+00
      61291 296.217567  -42.84096  -52.27888     -0.006    1493.18      3.560      3.531    14.5380    14.5380     0.0001    14.5374    14.5375     0.0001   4.301202   4.301155  -0.000047    35.5044    35.5039     5.6593    26.4621    26.4617         18  0.000e+00
      61292 296.217567  -42.84098  -52.27890     -0.004    1493.18      3.616      3.587    14.5378    14.5382     0.0004    14.5373    14.5377     0.0004   4.301142   4.301195   0.000053    35.5040    35.5041     5.6586    26.4618    26.4618         18  0.000e+00
      61293 296.217568  -42.84098  -52.27890     -0.008    1493.18      3.560      3.531    14.5378    14.5382     0.0004    14.5373    14.5377     0.0004   4.301149   4.301148 -7.845e-07    35.5041    35.5037     5.6577    26.4619    26.4615         18  0.000e+00
      61294 296.217568  -42.84098  -52.27890     -0.006    1493.18      3.616      3.587    14.5378    14.5383     0.0005    14.5373    14.5378     0.0005   4.301162   4.301155  -0.000007    35.5042    35.5036     5.6568    26.4619    26.4614         18  0.000e+00
      61295 296.217568  -42.84098  -52.27890     -0.010    1493.18      3.560      3.531    14.5377    14.5382     0.0005    14.5372    14.5377     0.0005   4.301222   4.301141  -0.000081    35.5049    35.5036     5.6563    26.4625    26.4614         18  0.000e+00
      61296 296.217569  -42.84098  -52.27890     -0.008    1493.18      3.616      3.587    14.5378    14.5384     0.0006    14.5373    14.5379     0.0006   4.301182   4.301101  -0.000081    35.5044    35.5031     5.6559    26.4621    26.4610         18  0.000e+00
      61297 296.217569  -42.84098  -52.27890     -0.009    1493.18      3.560      3.531    14.5378    14.5380     0.0002    14.5373    14.5375     0.0002   4.301189   4.301175  -0.000014    35.5044    35.5041     5.6553    26.4621    26.4619         18  0.000e+00
      61298 296.217570  -42.84098  -52.27890     -0.013    1493.18      3.560      3.531    14.5378    14.5383     0.0005    14.5373    14.5378     0.0005   4.301202   4.301209   0.000007    35.5046    35.5041     5.6545    26.4622    26.4618         18  0.000e+00
      61299 296.217570  -42.84098  -52.27890     -0.011    1493.18      3.616      3.587    14.5378    14.5382     0.0004    14.5373    14.5377     0.0004   4.301222   4.301148  -0.000074    35.5047    35.5037     5.6501    26.4624    26.4615         18  0.000e+00
