Pos-Processados/process_op41/operantar41_001MEPHY.ros
* Sea-Bird SBE 9 Data File:
* FileName = C:\Users\Dell\Desktop\Operantar XLI\Raw\OP41001MEPHY.hdr
* Software Version Seasave V 7.26.7.110
* Temperature SN = 6497
* Conductivity SN = 4954
* Number of Bytes Per Scan = 31
* Number of Voltage Words = 2
* Number of Scans Averaged by the Deck Unit = 1
* NMEA Latitude = 36 40.13 S
* NMEA Longitude = 048 37.58 W
* NMEA UTC (Time) = Oct 17 2022 15:39:23
* NMEA baud rate = 4800
** H41
** Navio Polar Almirante Maximiano
** LH-021/2022
** Operantar XLI
** Número da Estação 001 MEPHY
** Latitude 36 40.147S
** Longitude 048 37.579W
** Data/Hora (Z) 1539Z
** Profundidade local 4900m
** 09-1439
** Nome do Operador CT Garla
# nquan = 24
# nvalues = 1600                                  
# units = specified
# name 0 = scan: Scan Count
# name 1 = timeJ: Julian Days
# name 2 = latitude: Latitude [deg]
# name 3 = longitude: Longitude [deg]
# name 4 = dz/dtM: Descent Rate [m/s]
# name 5 = avgsvCM: Average Sound Velocity [Chen-Millero, m/s]
# name 6 = prDM: Pressure, Digiquartz [db]
# name 7 = depSM: Depth [salt water, m]
# name 8 = t090C: Temperature [ITS-90, deg C]
# name 9 = t190C: Temperature, 2 [ITS-90, deg C]
# name 10 = T2-T190C: Temperature Difference, 2 - 1 [ITS-90, deg C]
# name 11 = potemp090C: Potential Temperature [ITS-90, deg C]
# name 12 = potemp190C: Potential Temperature, 2 [ITS-90, deg C]
# name 13 = potemp90Cdiff: Potential Temperature, Diff, 2 - 1 [ITS-90, deg C]
# name 14 = c0S/m: Conductivity [S/m]
# name 15 = c1S/m: Conductivity, 2 [S/m]
# name 16 = C2-C1S/m: Conductivity Difference, 2 - 1 [S/m]
# name 17 = sal00: Salinity, Practical [PSU]
# name 18 = sal11: Salinity, Practical, 2 [PSU]
# name 19 = sbeox0ML/L: Oxygen, SBE 43 [ml/l]
# name 20 = sigma-é00: Density [sigma-theta, kg/m^3]
# name 21 = sigma-é11: Density, 2 [sigma-theta, kg/m^3]
# name 22 = nbf: Bottles Fired
# name 23 = flag:  0.000e+00
# interval = seconds: 0.0416667
# start_time = Oct 17 2022 15:39:23 [NMEA time, header]
# bad_flag = -9.990e-29
*END*
[from data line 1450]
      12152 290.658209  -36.66898  -48.62654     -0.515    1516.20      4.412      4.379    17.5803    17.5803    -0.0000    17.5795    17.5795    -0.0000   4.676379   4.676331  -0.000048    36.1101    36.1097     5.1300    26.2263    26.2260         24  0.000e+00
      12153 290.658210  -36.66898  -48.62654     -0.514    1516.20      4.476      4.443    17.5802    17.5803     0.0002    17.5794    17.5796     0.0002   4.676393   4.676276  -0.000117    36.1103    36.1091     5.1300    26.2265    26.2256         24  0.000e+00
      12154 290.658210  -36.66898  -48.62654     -0.506    1516.20      4.476      4.443    17.5802    17.5806     0.0004    17.5794    17.5798     0.0004   4.676407   4.676213  -0.000194    36.1104    36.1084     5.1301    26.2266    26.2249         24  0.000e+00
      12155 290.658211  -36.66898  -48.62654     -0.507    1516.20      4.412      4.379    17.5800    17.5798    -0.0001    17.5792    17.5791    -0.0001   4.676434   4.676143  -0.000291    36.1109    36.1085     5.1302    26.2270    26.2252         24  0.000e+00
      12156 290.658211  -36.66898  -48.62654     -0.508    1516.20      4.364      4.331    17.5800    17.5790    -0.0009    17.5792    17.5783    -0.0009   4.676414   4.676108  -0.000305    36.1107    36.1089     5.1304    26.2268    26.2257         24  0.000e+00
      12157 290.658212  -36.66898  -48.62654     -0.504    1516.20      4.412      4.379    17.5803    17.5788    -0.0015    17.5795    17.5780    -0.0015   4.676407   4.676143  -0.000264    36.1104    36.1094     5.1306    26.2265    26.2261         24  0.000e+00
      12158 290.658212  -36.66898  -48.62654     -0.498    1516.20      4.412      4.379    17.5803    17.5787    -0.0016    17.5795    17.5780    -0.0016   4.676407   4.676164  -0.000243    36.1104    36.1097     5.1310    26.2265    26.2264         24  0.000e+00
      12159 290.658213  -36.66898  -48.62654     -0.493    1516.20      4.412      4.379    17.5802    17.5790    -0.0012    17.5794    17.5782    -0.0012   4.676407   4.676136  -0.000271    36.1105    36.1092     5.1350    26.2266    26.2259         24  0.000e+00
      12160 290.658213  -36.66898  -48.62654     -0.486    1516.20      4.355      4.323    17.5802    17.5790    -0.0012    17.5794    17.5782    -0.0012   4.676379   4.676129  -0.000250    36.1103    36.1091     5.1317    26.2265    26.2259         24  0.000e+00
      12161 290.658214  -36.66898  -48.62654     -0.480    1516.20      4.412      4.379    17.5802    17.5787    -0.0015    17.5794    17.5780    -0.0015   4.676393   4.676129  -0.000264    36.1104    36.1094     5.1319    26.2265    26.2261         24  0.000e+00
      12162 290.658214  -36.66898  -48.62654     -0.468    1516.20      4.355      4.323    17.5803    17.5783    -0.0020    17.5795    17.5775    -0.0020   4.676345   4.676066  -0.000278    36.1098    36.1092     5.1321    26.2261    26.2261         24  0.000e+00
      12163 290.658215  -36.66898  -48.62654     -0.468    1516.20      4.355      4.323    17.5802    17.5782    -0.0020    17.5794    17.5774    -0.0020   4.676359   4.676045  -0.000313    36.1101    36.1091     5.1324    26.2263    26.2261         24  0.000e+00
      12164 290.658215  -36.66898  -48.62654     -0.455    1516.20      4.412      4.379    17.5798    17.5781    -0.0017    17.5790    17.5773    -0.0017   4.676338   4.676045  -0.000292    36.1102    36.1092     5.1364    26.2265    26.2261         24  0.000e+00
      12165 290.658216  -36.66898  -48.62654     -0.448    1516.20      4.355      4.323    17.5789    17.5777    -0.0013    17.5782    17.5769    -0.0013   4.676269   4.676018  -0.000252    36.1104    36.1093     5.1371    26.2268    26.2264         24  0.000e+00
      12166 290.658216  -36.66898  -48.62654     -0.431    1516.20      4.412      4.379    17.5786    17.5779    -0.0007    17.5778    17.5772    -0.0007   4.676194   4.676066  -0.000127    36.1100    36.1095     5.1379    26.2267    26.2264         24  0.000e+00
      12167 290.658217  -36.66898  -48.62654     -0.423    1516.20      4.355      4.323    17.5784    17.5777    -0.0007    17.5777    17.5769    -0.0007   4.676228   4.675997  -0.000231    36.1105    36.1092     5.1382    26.2271    26.2262         24  0.000e+00
      12168 290.658217  -36.66898  -48.62654     -0.414    1516.20      4.355      4.323    17.5788    17.5777    -0.0010    17.5780    17.5770    -0.0010   4.676276   4.675934  -0.000342    36.1106    36.1085     5.1386    26.2271    26.2257         24  0.000e+00
      12169 290.658218  -36.66898  -48.62654     -0.399    1516.20      4.412      4.379    17.5793    17.5776    -0.0017    17.5785    17.5768    -0.0017   4.676317   4.675955  -0.000362    36.1105    36.1089     5.1391    26.2269    26.2260         24  0.000e+00
      12170 290.658218  -36.66898  -48.62654     -0.385    1516.20      4.355      4.323    17.5798    17.5773    -0.0025    17.5791    17.5766    -0.0025   4.676359   4.675878  -0.000480    36.1104    36.1084     5.1394    26.2266    26.2258         24  0.000e+00
      12171 290.658219  -36.66898  -48.62654     -0.373    1516.20      4.355      4.323    17.5796    17.5769    -0.0027    17.5789    17.5761    -0.0027   4.676372   4.675920  -0.000452    36.1107    36.1092     5.1400    26.2269    26.2264         24  0.000e+00
      12172 290.658219  -36.66898  -48.62654     -0.353    1516.20      4.420      4.387    17.5796    17.5771    -0.0025    17.5789    17.5764    -0.0025   4.676372   4.675906  -0.000466    36.1106    36.1088     5.1405    26.2269    26.2261         24  0.000e+00
      12173 290.658220  -36.66898  -48.62654     -0.338    1516.20      4.412      4.379    17.5796    17.5774    -0.0022    17.5789    17.5767    -0.0022   4.676310   4.675948  -0.000363    36.1101    36.1089     5.1411    26.2265    26.2261         24  0.000e+00
      12174 290.658220  -36.66898  -48.62654     -0.322    1516.20      4.412      4.379    17.5789    17.5775    -0.0015    17.5782    17.5767    -0.0015   4.676262   4.676025  -0.000238    36.1103    36.1095     5.1417    26.2268    26.2266         24  0.000e+00
      12175 290.658220  -36.66898  -48.62654     -0.300    1516.20      4.412      4.379    17.5789    17.5774    -0.0015    17.5782    17.5767    -0.0015   4.676194   4.676018  -0.000176    36.1097    36.1095     5.1460    26.2263    26.2266         24  0.000e+00
      12176 290.658221  -36.66898  -48.62654     -0.288    1516.20      4.411      4.379    17.5782    17.5774    -0.0008    17.5775    17.5767    -0.0008   4.676139   4.676011  -0.000128    36.1099    36.1095     5.1433    26.2266    26.2265         24  0.000e+00
      12177 290.658221  -36.66898  -48.62654     -0.271    1516.20      4.411      4.379    17.5777    17.5773    -0.0004    17.5770    17.5766    -0.0004   4.676097   4.675920  -0.000177    36.1099    36.1088     5.1436    26.2268    26.2260         24  0.000e+00
      12178 290.658222  -36.66898  -48.62654     -0.253    1516.20      4.411      4.379    17.5770    17.5771     0.0000    17.5763    17.5763     0.0000   4.676090   4.675913  -0.000177    36.1105    36.1090     5.1440    26.2274    26.2262         24  0.000e+00
      12179 290.658222  -36.66898  -48.62654     -0.230    1516.20      4.476      4.443    17.5769    17.5773     0.0004    17.5761    17.5766     0.0004   4.676063   4.675955  -0.000108    36.1104    36.1091     5.1445    26.2273    26.2262         24  0.000e+00
      12180 290.658223  -36.66898  -48.62654     -0.212    1516.20      4.476      4.443    17.5769    17.5767    -0.0002    17.5761    17.5760    -0.0002   4.676022   4.675906  -0.000116    36.1100    36.1092     5.1448    26.2271    26.2265         24  0.000e+00
      12181 290.658223  -36.66898  -48.62654     -0.190    1516.20      4.476      4.443    17.5765    17.5771     0.0006    17.5758    17.5764     0.0006   4.676015   4.675976  -0.000039    36.1103    36.1094     5.1452    26.2274    26.2265         24  0.000e+00
      12182 290.658224  -36.66898  -48.62654     -0.171    1516.20      4.476      4.443    17.5770    17.5771     0.0000    17.5763    17.5763     0.0000   4.676077   4.676011  -0.000066    36.1104    36.1098     5.1456    26.2273    26.2268         24  0.000e+00
      12183 290.658224  -36.66898  -48.62654     -0.148    1516.20      4.532      4.499    17.5779    17.5777    -0.0003    17.5771    17.5769    -0.0003   4.676152   4.676066  -0.000086    36.1102    36.1097     5.1459    26.2270    26.2266         24  0.000e+00
      12184 290.658225  -36.66898  -48.62654     -0.128    1516.20      4.532      4.499    17.5781    17.5779    -0.0001    17.5773    17.5772    -0.0001   4.676200   4.676053  -0.000148    36.1105    36.1093     5.1500    26.2272    26.2263         24  0.000e+00
      12185 290.658225  -36.66898  -48.62654     -0.110    1516.20      4.476      4.443    17.5789    17.5779    -0.0010    17.5782    17.5772    -0.0010   4.676235   4.676046  -0.000189    36.1100    36.1093     5.1466    26.2266    26.2263         24  0.000e+00
      12186 290.658226  -36.66898  -48.62654     -0.084    1516.20      4.596      4.563    17.5789    17.5778    -0.0011    17.5782    17.5771    -0.0011   4.676338   4.676025  -0.000313    36.1109    36.1092     5.1468    26.2272    26.2262         24  0.000e+00
      12187 290.658226  -36.66898  -48.62654     -0.066    1516.20      4.532      4.499    17.5798    17.5777    -0.0020    17.5790    17.5770    -0.0020   4.676393   4.675948  -0.000445    36.1106    36.1086     5.1468    26.2268    26.2258         24  0.000e+00
      12188 290.658227  -36.66898  -48.62652     -0.043    1516.20      4.604      4.571    17.5798    17.5780    -0.0018    17.5790    17.5772    -0.0018   4.676345   4.675955  -0.000390    36.1102    36.1084     5.1470    26.2265    26.2256         24  0.000e+00
      12189 290.658227  -36.66898  -48.62652     -0.024    1516.20      4.596      4.563    17.5802    17.5777    -0.0024    17.5794    17.5770    -0.0024   4.676386   4.676025  -0.000362    36.1102    36.1092     5.1471    26.2264    26.2263         24  0.000e+00
      12190 290.658228  -36.66898  -48.62652     -0.004    1516.20      4.596      4.563    17.5803    17.5784    -0.0019    17.5795    17.5776    -0.0019   4.676379   4.676073  -0.000306    36.1100    36.1091     5.1472    26.2263    26.2260         24  0.000e+00
      12191 290.658228  -36.66898  -48.62652      0.019    1516.20      4.653      4.618    17.5805    17.5784    -0.0020    17.5797    17.5777    -0.0020   4.676427   4.676143  -0.000284    36.1103    36.1096     5.1510    26.2264    26.2264         24  0.000e+00
      12192 290.658229  -36.66898  -48.62652      0.039    1516.20      4.653      4.618    17.5806    17.5785    -0.0021    17.5799    17.5777    -0.0021   4.676414   4.676164  -0.000250    36.1100    36.1097     5.1477    26.2261    26.2265         24  0.000e+00
      12193 290.658229  -36.66898  -48.62652      0.061    1516.20      4.653      4.618    17.5806    17.5791    -0.0015    17.5799    17.5783    -0.0015   4.676469   4.676192  -0.000277    36.1105    36.1094     5.1478    26.2265    26.2261         24  0.000e+00
      12194 290.658230  -36.66898  -48.62652      0.084    1516.20      4.773      4.738    17.5806    17.5797    -0.0010    17.5798    17.5788    -0.0010   4.676428   4.676290  -0.000138    36.1101    36.1098     5.1478    26.2262    26.2262         24  0.000e+00
      12195 290.658230  -36.66898  -48.62652      0.099    1516.20      4.653      4.618    17.5806    17.5801    -0.0006    17.5799    17.5793    -0.0006   4.676469   4.676325  -0.000144    36.1105    36.1097     5.1475    26.2265    26.2261         24  0.000e+00
      12196 290.658231  -36.66898  -48.62652      0.120    1516.20      4.773      4.738    17.5810    17.5805    -0.0005    17.5802    17.5797    -0.0005   4.676489   4.676380  -0.000109    36.1103    36.1098     5.1476    26.2263    26.2260         24  0.000e+00
      12197 290.658231  -36.66898  -48.62652      0.141    1516.20      4.773      4.738    17.5808    17.5807    -0.0001    17.5800    17.5799    -0.0001   4.676428   4.676373  -0.000054    36.1099    36.1095     5.1477    26.2260    26.2258         24  0.000e+00
      12198 290.658232  -36.66898  -48.62652      0.158    1516.20      4.709      4.674    17.5810    17.5816     0.0006    17.5802    17.5808     0.0006   4.676469   4.676450  -0.000019    36.1101    36.1095     5.1478    26.2262    26.2255         24  0.000e+00
      12199 290.658232  -36.66898  -48.62652      0.178    1516.20      4.830      4.794    17.5810    17.5820     0.0009    17.5802    17.5811     0.0009   4.676544   4.676485  -0.000059    36.1107    36.1094     5.1516    26.2266    26.2254         24  0.000e+00
      12200 290.658233  -36.66898  -48.62652      0.197    1516.20      4.830      4.794    17.5820    17.5821     0.0001    17.5812    17.5813     0.0001   4.676538   4.676492  -0.000046    36.1098    36.1093     5.1519    26.2256    26.2253         24  0.000e+00
      12201 290.658233  -36.66898  -48.62652      0.208    1516.20      4.773      4.738    17.5815    17.5826     0.0011    17.5807    17.5818     0.0011   4.676586   4.676513  -0.000073    36.1107    36.1090     5.1519    26.2265    26.2249         24  0.000e+00
      12202 290.658234  -36.66898  -48.62652      0.229    1516.20      4.894      4.858    17.5815    17.5821     0.0006    17.5807    17.5813     0.0006   4.676483   4.676311  -0.000172    36.1097    36.1077     5.1484    26.2258    26.2241         24  0.000e+00
      12203 290.658234  -36.66898  -48.62652      0.245    1516.20      4.838      4.802    17.5808    17.5805    -0.0003    17.5800    17.5797    -0.0003   4.676476   4.676157  -0.000318    36.1103    36.1078     5.1518    26.2263    26.2245         24  0.000e+00
      12204 290.658234  -36.66898  -48.62652      0.260    1516.20      4.894      4.858    17.5805    17.5796    -0.0009    17.5796    17.5787    -0.0009   4.676428   4.676067  -0.000361    36.1102    36.1079     5.1519    26.2263    26.2248         24  0.000e+00
      12205 290.658235  -36.66898  -48.62652      0.271    1516.20      4.894      4.858    17.5802    17.5790    -0.0012    17.5793    17.5781    -0.0012   4.676379   4.676018  -0.000362    36.1100    36.1080     5.1556    26.2263    26.2250         24  0.000e+00
      12206 290.658235  -36.66898  -48.62652      0.287    1516.20      4.950      4.914    17.5800    17.5792    -0.0008    17.5791    17.5784    -0.0008   4.676373   4.676067  -0.000306    36.1101    36.1081     5.1559    26.2264    26.2251         24  0.000e+00
      12207 290.658236  -36.66898  -48.62652      0.299    1516.20      4.894      4.858    17.5798    17.5791    -0.0007    17.5790    17.5783    -0.0007   4.676373   4.676088  -0.000285    36.1103    36.1084     5.1560    26.2266    26.2253         24  0.000e+00
      12208 290.658236  -36.66898  -48.62652      0.312    1516.20      4.950      4.914    17.5800    17.5792    -0.0008    17.5791    17.5784    -0.0008   4.676373   4.676115  -0.000257    36.1101    36.1086     5.1565    26.2264    26.2254         24  0.000e+00
      12209 290.658237  -36.66898  -48.62652      0.324    1516.20      5.007      4.970    17.5798    17.5788    -0.0010    17.5789    17.5779    -0.0010   4.676338   4.676129  -0.000209    36.1100    36.1091     5.1567    26.2263    26.2259         24  0.000e+00
      12210 290.658237  -36.66898  -48.62652      0.335    1516.20      4.950      4.914    17.5796    17.5787    -0.0009    17.5788    17.5779    -0.0009   4.676359   4.676095  -0.000264    36.1103    36.1088     5.1567    26.2267    26.2258         24  0.000e+00
