Pos-Processados/process_op41/operantar41_014lr.ros
* Sea-Bird SBE 9 Data File:
* FileName = C:\Users\Dell\Desktop\OperantarXLI\config\00_BRUTOS\OPE41014LR.hdr
* Software Version Seasave V 7.26.7.110
* Temperature SN = 6497
* Conductivity SN = 4954
* Number of Bytes Per Scan = 31
* Number of Voltage Words = 2
* Number of Scans Averaged by the Deck Unit = 1
* NMEA Latitude = 45 53.01 S
* NMEA Longitude = 058 29.32 W
* NMEA UTC (Time) = Oct 25 2022 11:27:01
* NMEA baud rate = 4800
** H41
** Navio Polar Almirante Maximiano
** LH-021/2022
** Operantar XLI
** Número da Estação 014
** Latitude 45 53.086 S
** Longitude 058 29.226 W
** Data/Hora (Z) 25/10/2022 1127Z
** Profundidade local 2647 m
** 09-1439
** Nome do Operador CT GARLA
# nquan = 24
# nvalues = 1813                                  
# units = specified
# name 0 = scan: Scan Count
# name 1 = timeJ: Julian Days
# name 2 = latitude: Latitude [deg]
# name 3 = longitude: Longitude [deg]
# name 4 = dz/dtM: Descent Rate [m/s]
# name 5 = avgsvCM: Average Sound Velocity [Chen-Millero, m/s]
# name 6 = prDM: Pressure, Digiquartz [db]
# name 7 = depSM: Depth [salt water, m]
# name 8 = t090C: Temperature [ITS-90, deg C]
# name 9 = t190C: Temperature, 2 [ITS-90, deg C]
# name 10 = T2-T190C: Temperature Difference, 2 - 1 [ITS-90, deg C]
# name 11 = potemp090C: Potential Temperature [ITS-90, deg C]
# name 12 = potemp190C: Potential Temperature, 2 [ITS-90, deg C]
# name 13 = potemp90Cdiff: Potential Temperature, Diff, 2 - 1 [ITS-90, deg C]
# name 14 = c0S/m: Conductivity [S/m]
# name 15 = c1S/m: Conductivity, 2 [S/m]
# name 16 = C2-C1S/m: Conductivity Difference, 2 - 1 [S/m]
# name 17 = sal00: Salinity, Practical [PSU]
# name 18 = sal11: Salinity, Practical, 2 [PSU]
# name 19 = sbeox0ML/L: Oxygen, SBE 43 [ml/l]
# name 20 = sigma-é00: Density [sigma-theta, kg/m^3]
# name 21 = sigma-é11: Density, 2 [sigma-theta, kg/m^3]
# name 22 = nbf: Bottles Fired
# name 23 = flag:  0.000e+00
# interval = seconds: 0.0416667
# start_time = Oct 25 2022 11:27:01 [NMEA time, header]
# bad_flag = -9.990e-29
*END*
[from data line 785]
      89179 298.520101  -45.87550  -58.48956     -0.018    1479.42    853.033    844.304     3.1034     3.1033    -0.0000     3.0460     3.0460    -0.0000   3.156196   3.156219   0.000023    34.3049    34.3052     4.5899    27.3260    27.3262         12  0.000e+00
      89180 298.520102  -45.87550  -58.48954     -0.002    1479.42    853.033    844.304     3.1031     3.1034     0.0002     3.0458     3.0460     0.0002   3.156131   3.156213   0.000082    34.3043    34.3051     4.5841    27.3256    27.3261         12  0.000e+00
      89181 298.520102  -45.87550  -58.48954      0.018    1479.42    853.098    844.369     3.1034     3.1035     0.0001     3.0460     3.0462     0.0001   3.156143   3.156219   0.000076    34.3042    34.3050     4.5836    27.3254    27.3261         12  0.000e+00
      89182 298.520103  -45.87550  -58.48954      0.030    1479.42    853.033    844.304     3.1035     3.1031    -0.0004     3.0461     3.0457    -0.0004   3.156155   3.156219   0.000064    34.3043    34.3055     4.5831    27.3255    27.3265         12  0.000e+00
      89183 298.520103  -45.87550  -58.48954      0.046    1479.42    853.098    844.369     3.1035     3.1033    -0.0002     3.0462     3.0460    -0.0002   3.156120   3.156195   0.000075    34.3037    34.3049     4.5827    27.3251    27.3260         12  0.000e+00
      89184 298.520104  -45.87550  -58.48954      0.061    1479.42    853.098    844.369     3.1035     3.1034    -0.0001     3.0462     3.0460    -0.0001   3.156161   3.156189   0.000028    34.3042    34.3047     4.5822    27.3255    27.3259         12  0.000e+00
      89185 298.520104  -45.87550  -58.48954      0.073    1479.42    853.098    844.369     3.1035     3.1034    -0.0001     3.0461     3.0460    -0.0001   3.156161   3.156207   0.000046    34.3043    34.3050     4.5817    27.3255    27.3260         12  0.000e+00
      89186 298.520105  -45.87550  -58.48954      0.088    1479.42    853.155    844.425     3.1035     3.1037     0.0001     3.0462     3.0463     0.0001   3.156161   3.156213   0.000052    34.3042    34.3047     4.5813    27.3254    27.3258         12  0.000e+00
      89187 298.520105  -45.87550  -58.48954      0.103    1479.42    853.156    844.425     3.1035     3.1034    -0.0001     3.0461     3.0460    -0.0001   3.156219   3.156237   0.000017    34.3050    34.3053     4.5872    27.3261    27.3263         12  0.000e+00
      89188 298.520106  -45.87550  -58.48954      0.114    1479.42    853.098    844.369     3.1035     3.1035    -0.0000     3.0462     3.0462    -0.0000   3.156196   3.156243   0.000047    34.3047    34.3053     4.5877    27.3258    27.3263         12  0.000e+00
      89189 298.520106  -45.87550  -58.48954      0.128    1479.42    853.156    844.425     3.1035     3.1035     0.0001     3.0461     3.0462     0.0001   3.156167   3.156201   0.000034    34.3043    34.3047     4.5882    27.3255    27.3258         12  0.000e+00
      89190 298.520107  -45.87550  -58.48954      0.145    1479.42    853.221    844.490     3.1035     3.1035     0.0000     3.0462     3.0462     0.0000   3.156178   3.156225   0.000046    34.3044    34.3049     4.5887    27.3256    27.3260         12  0.000e+00
      89191 298.520107  -45.87550  -58.48954      0.158    1479.42    853.221    844.490     3.1035     3.1037     0.0001     3.0462     3.0463     0.0001   3.156202   3.156243   0.000041    34.3047    34.3050     4.5880    27.3258    27.3261         12  0.000e+00
      89192 298.520108  -45.87550  -58.48954      0.170    1479.42    853.221    844.490     3.1033     3.1035     0.0002     3.0460     3.0462     0.0002   3.156167   3.156225   0.000058    34.3045    34.3049     4.5883    27.3257    27.3260         12  0.000e+00
      89193 298.520108  -45.87550  -58.48954      0.178    1479.42    853.156    844.425     3.1035     3.1040     0.0004     3.0462     3.0466     0.0004   3.156161   3.156237   0.000076    34.3042    34.3047     4.5875    27.3254    27.3258         12  0.000e+00
      89194 298.520109  -45.87550  -58.48954      0.192    1479.42    853.286    844.554     3.1035     3.1037     0.0002     3.0461     3.0463     0.0002   3.156155   3.156261   0.000106    34.3041    34.3052     4.5877    27.3254    27.3262         12  0.000e+00
      89195 298.520109  -45.87550  -58.48954      0.202    1479.42    853.221    844.490     3.1034     3.1037     0.0003     3.0460     3.0463     0.0003   3.156155   3.156338   0.000183    34.3043    34.3062     4.5878    27.3255    27.3270         12  0.000e+00
      89196 298.520109  -45.87550  -58.48954      0.211    1479.42    853.278    844.546     3.1035     3.1039     0.0004     3.0461     3.0465     0.0004   3.156184   3.156308   0.000124    34.3045    34.3056     4.5879    27.3257    27.3265         12  0.000e+00
      89197 298.520110  -45.87550  -58.48954      0.218    1479.42    853.278    844.546     3.1037     3.1037     0.0000     3.0463     3.0464     0.0000   3.156208   3.156237   0.000029    34.3045    34.3049     4.5879    27.3257    27.3260         12  0.000e+00
      89198 298.520110  -45.87550  -58.48954      0.229    1479.42    853.278    844.546     3.1034     3.1040     0.0006     3.0460     3.0466     0.0006   3.156125   3.156219   0.000093    34.3039    34.3044     4.5880    27.3252    27.3255         12  0.000e+00
      89199 298.520111  -45.87550  -58.48954      0.234    1479.42    853.278    844.546     3.1035     3.1040     0.0006     3.0461     3.0467     0.0006   3.156167   3.156255   0.000088    34.3043    34.3048     4.5879    27.3255    27.3258         12  0.000e+00
      89200 298.520111  -45.87550  -58.48954      0.243    1479.42    853.344    844.611     3.1035     3.1043     0.0008     3.0462     3.0469     0.0008   3.156208   3.156290   0.000083    34.3047    34.3049     4.5879    27.3258    27.3259         12  0.000e+00
      89201 298.520112  -45.87550  -58.48954      0.254    1479.42    853.344    844.611     3.1038     3.1042     0.0004     3.0464     3.0468     0.0004   3.156214   3.156278   0.000065    34.3045    34.3048     4.5813    27.3256    27.3259         12  0.000e+00
      89202 298.520112  -45.87550  -58.48954      0.256    1479.42    853.344    844.611     3.1042     3.1043     0.0001     3.0468     3.0469     0.0001   3.156196   3.156273   0.000077    34.3038    34.3047     4.5801    27.3251    27.3257         12  0.000e+00
      89203 298.520113  -45.87550  -58.48954      0.265    1479.42    853.344    844.611     3.1041     3.1044     0.0002     3.0468     3.0470     0.0002   3.156184   3.156273   0.000088    34.3038    34.3046     4.5864    27.3250    27.3257         12  0.000e+00
      89204 298.520113  -45.87550  -58.48956      0.272    1479.42    853.401    844.667     3.1043     3.1044     0.0000     3.0469     3.0470     0.0000   3.156249   3.156249 -2.484e-07    34.3043    34.3043     4.5863    27.3255    27.3254         12  0.000e+00
      89205 298.520114  -45.87550  -58.48956      0.278    1479.42    853.401    844.667     3.1045     3.1041    -0.0003     3.0471     3.0468    -0.0003   3.156237   3.156243   0.000006    34.3040    34.3044     4.5861    27.3252    27.3256         12  0.000e+00
      89206 298.520114  -45.87550  -58.48956      0.283    1479.42    853.344    844.611     3.1043     3.1040    -0.0002     3.0469     3.0467    -0.0002   3.156237   3.156261   0.000023    34.3043    34.3048     4.5859    27.3254    27.3259         12  0.000e+00
      89207 298.520115  -45.87550  -58.48956      0.290    1479.42    853.466    844.732     3.1042     3.1040    -0.0002     3.0468     3.0466    -0.0002   3.156220   3.156249   0.000029    34.3041    34.3046     4.5932    27.3253    27.3257         12  0.000e+00
      89208 298.520115  -45.87550  -58.48956      0.292    1479.42    853.401    844.667     3.1041     3.1039    -0.0003     3.0468     3.0465    -0.0003   3.156243   3.156225  -0.000018    34.3044    34.3045     4.5885    27.3256    27.3256         12  0.000e+00
      89209 298.520116  -45.87550  -58.48956      0.293    1479.42    853.401    844.667     3.1042     3.1037    -0.0005     3.0468     3.0463    -0.0005   3.156220   3.156219 -6.776e-07    34.3041    34.3046     4.5882    27.3253    27.3257         12  0.000e+00
      89210 298.520116  -45.87550  -58.48956      0.300    1479.42    853.466    844.732     3.1040     3.1038    -0.0002     3.0466     3.0464    -0.0002   3.156214   3.156255   0.000041    34.3042    34.3049     4.5880    27.3254    27.3260         12  0.000e+00
      89211 298.520117  -45.87550  -58.48956      0.302    1479.42    853.466    844.732     3.1040     3.1037    -0.0003     3.0467     3.0463    -0.0003   3.156196   3.156249   0.000053    34.3040    34.3049     4.5876    27.3252    27.3260         12  0.000e+00
      89212 298.520117  -45.87550  -58.48956      0.306    1479.42    853.466    844.732     3.1043     3.1038    -0.0005     3.0469     3.0464    -0.0005   3.156231   3.156279   0.000047    34.3041    34.3052     4.5871    27.3253    27.3262         12  0.000e+00
      89213 298.520118  -45.87550  -58.48956      0.305    1479.42    853.466    844.732     3.1041     3.1039    -0.0003     3.0468     3.0465    -0.0003   3.156243   3.156237  -0.000006    34.3044    34.3046     4.5867    27.3255    27.3257         12  0.000e+00
      89214 298.520118  -45.87550  -58.48956      0.309    1479.42    853.523    844.788     3.1043     3.1041    -0.0002     3.0469     3.0468    -0.0002   3.156225   3.156219  -0.000007    34.3040    34.3041     4.5862    27.3252    27.3253         12  0.000e+00
      89215 298.520119  -45.87550  -58.48956      0.309    1479.42    853.466    844.732     3.1043     3.1039    -0.0004     3.0469     3.0465    -0.0004   3.156214   3.156195  -0.000019    34.3039    34.3041     4.5856    27.3251    27.3253         12  0.000e+00
      89216 298.520119  -45.87550  -58.48956      0.310    1479.42    853.523    844.788     3.1045     3.1040    -0.0004     3.0471     3.0467    -0.0004   3.156231   3.156273   0.000041    34.3039    34.3048     4.5850    27.3251    27.3259         12  0.000e+00
      89217 298.520120  -45.87550  -58.48956      0.310    1479.42    853.523    844.788     3.1043     3.1041    -0.0002     3.0469     3.0468    -0.0002   3.156220   3.156237   0.000017    34.3039    34.3043     4.5844    27.3251    27.3255         12  0.000e+00
      89218 298.520120  -45.87550  -58.48956      0.309    1479.42    853.523    844.788     3.1043     3.1039    -0.0004     3.0469     3.0465    -0.0004   3.156267   3.156296   0.000030    34.3045    34.3053     4.5837    27.3256    27.3263         12  0.000e+00
      89219 298.520121  -45.87550  -58.48956      0.306    1479.42    853.466    844.732     3.1043     3.1041    -0.0002     3.0469     3.0468    -0.0002   3.156249   3.156219  -0.000030    34.3043    34.3041     4.5840    27.3254    27.3253         12  0.000e+00
      89220 298.520121  -45.87550  -58.48956      0.306    1479.42    853.581    844.845     3.1046     3.1040    -0.0006     3.0472     3.0466    -0.0006   3.156243   3.156225  -0.000018    34.3039    34.3042     4.5844    27.3251    27.3254         12  0.000e+00
      89221 298.520122  -45.87550  -58.48956      0.304    1479.42    853.523    844.788     3.1043     3.1040    -0.0003     3.0469     3.0466    -0.0003   3.156225   3.156225 -5.923e-07    34.3040    34.3043     4.5847    27.3252    27.3255         12  0.000e+00
      89222 298.520122  -45.87550  -58.48956      0.301    1479.42    853.523    844.789     3.1044     3.1037    -0.0007     3.0470     3.0463    -0.0007   3.156237   3.156237 -4.145e-07    34.3040    34.3048     4.5851    27.3252    27.3259         12  0.000e+00
      89223 298.520122  -45.87550  -58.48956      0.296    1479.42    853.523    844.789     3.1046     3.1039    -0.0008     3.0473     3.0465    -0.0008   3.156261   3.156261 -6.620e-08    34.3041    34.3049     4.5854    27.3252    27.3259         12  0.000e+00
      89224 298.520123  -45.87550  -58.48956      0.294    1479.42    853.581    844.845     3.1045     3.1040    -0.0005     3.0471     3.0466    -0.0005   3.156214   3.156249   0.000035    34.3036    34.3046     4.5858    27.3249    27.3257         12  0.000e+00
      89225 298.520123  -45.87550  -58.48956      0.293    1479.42    853.581    844.845     3.1046     3.1037    -0.0009     3.0472     3.0463    -0.0009   3.156272   3.156177  -0.000095    34.3042    34.3040     4.5861    27.3254    27.3253         12  0.000e+00
     111143 298.530693  -45.87336  -58.48974     -0.246    1479.42     51.433     51.005     4.9963     5.0451     0.0488     4.9924     5.0411     0.0488   3.270037   3.273914   0.003877    34.1016    34.0964     6.8073    26.9638    26.9542         13  0.000e+00
     111144 298.530694  -45.87336  -58.48974     -0.229    1479.42     51.497     51.069     4.9955     5.0445     0.0490     4.9916     5.0406     0.0490   3.269918   3.273871   0.003954    34.1010    34.0965     6.8075    26.9634    26.9543         13  0.000e+00
     111145 298.530694  -45.87336  -58.48974     -0.219    1479.42     51.433     51.005     4.9950     5.0431     0.0481     4.9911     5.0392     0.0481   3.269924   3.273841   0.003917    34.1016    34.0976     6.8073    26.9640    26.9553         13  0.000e+00
     111146 298.530695  -45.87336  -58.48974     -0.204    1479.42     51.497     51.069     4.9949     5.0426     0.0477     4.9910     5.0386     0.0477   3.269941   3.273853   0.003912    34.1019    34.0983     6.8078    26.9642    26.9559         13  0.000e+00
     111147 298.530695  -45.87336  -58.48974     -0.195    1479.42     51.433     51.005     4.9952     5.0430     0.0478     4.9913     5.0391     0.0478   3.269947   3.273817   0.003869    34.1017    34.0974     6.8081    26.9640    26.9552         13  0.000e+00
     111148 298.530696  -45.87336  -58.48974     -0.178    1479.42     51.497     51.069     4.9963     5.0434     0.0472     4.9924     5.0395     0.0472   3.270049   3.273823   0.003774    34.1017    34.0970     6.8083    26.9639    26.9548         13  0.000e+00
     111149 298.530696  -45.87336  -58.48974     -0.165    1479.42     51.522     51.093     4.9967     5.0437     0.0469     4.9929     5.0397     0.0469   3.270108   3.273811   0.003703    34.1019    34.0966     6.8085    26.9640    26.9545         13  0.000e+00
     111150 298.530697  -45.87336  -58.48974     -0.153    1479.42     51.433     51.005     4.9977     5.0440     0.0462     4.9938     5.0401     0.0462   3.270156   3.273762   0.003606    34.1015    34.0958     6.8085    26.9636    26.9538         13  0.000e+00
     111151 298.530697  -45.87336  -58.48974     -0.140    1479.42     51.497     51.069     4.9979     5.0433     0.0454     4.9940     5.0394     0.0454   3.270156   3.273678   0.003522    34.1013    34.0955     6.8140    26.9634    26.9536         13  0.000e+00
     111152 298.530698  -45.87336  -58.48974     -0.126    1479.42     51.497     51.069     4.9985     5.0399     0.0414     4.9946     5.0360     0.0414   3.270186   3.273496   0.003311    34.1010    34.0968     6.8094    26.9631    26.9551         13  0.000e+00
     111153 298.530698  -45.87336  -58.48974     -0.116    1479.42     51.497     51.069     4.9985     5.0355     0.0369     4.9946     5.0316     0.0369   3.270227   3.273242   0.003015    34.1014    34.0985     6.8147    26.9635    26.9569         13  0.000e+00
     111154 298.530699  -45.87336  -58.48974     -0.105    1479.42     51.497     51.069     4.9989     5.0329     0.0340     4.9950     5.0289     0.0340   3.270275   3.273133   0.002858    34.1017    34.0999     6.8152    26.9636    26.9583         13  0.000e+00
     111155 298.530699  -45.87336  -58.48974     -0.093    1479.42     51.497     51.069     4.9996     5.0325     0.0329     4.9957     5.0286     0.0329   3.270317   3.273230   0.002913    34.1014    34.1013     6.8156    26.9633    26.9595         13  0.000e+00
