Pos-Processados/process_op41/operantar41_013lr.ros
* Sea-Bird SBE 9 Data File:
* FileName = C:\Users\Dell\Desktop\OperantarXLI\config\00_BRUTOS\OPE41013LR.hdr
* Software Version Seasave V 7.26.7.110
* Temperature SN = 6497
* Conductivity SN = 4954
* Number of Bytes Per Scan = 31
* Number of Voltage Words = 2
* Number of Scans Averaged by the Deck Unit = 1
* NMEA Latitude = 44 24.07 S
* NMEA Longitude = 051 46.92 W
* NMEA UTC (Time) = Oct 23 2022 21:56:09
* NMEA baud rate = 4800
** H41
** Navio Polar Almirante Maximiano
** LH-021/2022
** Operantar XLI
** Número da Estação 013LR
** Latitude 44 24.027' S
** Longitude 051 47.160' W
** Data/Hora (Z) 23/10/2022 2152Z
** Profundidade local 5823 m
** 09-1439
** Nome do Operador CT Garla
# nquan = 24
# nvalues = 1747                                  
# units = specified
# name 0 = scan: Scan Count
# name 1 = timeJ: Julian Days
# name 2 = latitude: Latitude [deg]
# name 3 = longitude: Longitude [deg]
# name 4 = dz/dtM: Descent Rate [m/s]
# name 5 = avgsvCM: Average Sound Velocity [Chen-Millero, m/s]
# name 6 = prDM: Pressure, Digiquartz [db]
# name 7 = depSM: Depth [salt water, m]
# name 8 = t090C: Temperature [ITS-90, deg C]
# name 9 = t190C: Temperature, 2 [ITS-90, deg C]
# name 10 = T2-T190C: Temperature Difference, 2 - 1 [ITS-90, deg C]
# name 11 = potemp090C: Potential Temperature [ITS-90, deg C]
# name 12 = potemp190C: Potential Temperature, 2 [ITS-90, deg C]
# name 13 = potemp90Cdiff: Potential Temperature, Diff, 2 - 1 [ITS-90, deg C]
# name 14 = c0S/m: Conductivity [S/m]
# name 15 = c1S/m: Conductivity, 2 [S/m]
# name 16 = C2-C1S/m: Conductivity Difference, 2 - 1 [S/m]
# name 17 = sal00: Salinity, Practical [PSU]
# name 18 = sal11: Salinity, Practical, 2 [PSU]
# name 19 = sbeox0ML/L: Oxygen, SBE 43 [ml/l]
# name 20 = sigma-é00: Density [sigma-theta, kg/m^3]
# name 21 = sigma-é11: Density, 2 [sigma-theta, kg/m^3]
# name 22 = nbf: Bottles Fired
# name 23 = flag:  0.000e+00
# interval = seconds: 0.0416667
# start_time = Oct 23 2022 21:56:09 [NMEA time, header]
# bad_flag = -9.990e-29
*END*
[from data line 484]
      86254 296.955589  -44.41446  -51.73698      0.006    1485.00   1008.183    997.631     3.2648     3.2614    -0.0034     3.1945     3.1912    -0.0034   3.176312   3.176112  -0.000200    34.2971    34.2982     4.6273    27.3061    27.3073          8  0.000e+00
      86255 296.955589  -44.41446  -51.73698      0.008    1485.00   1008.248    997.696     3.2649     3.2610    -0.0040     3.1947     3.1907    -0.0039   3.176330   3.176022  -0.000308    34.2971    34.2976     4.6288    27.3061    27.3068          8  0.000e+00
      86256 296.955590  -44.41446  -51.73698      0.011    1485.00   1008.264    997.712     3.2643     3.2606    -0.0036     3.1940     3.1904    -0.0036   3.176306   3.176046  -0.000260    34.2975    34.2982     4.6292    27.3064    27.3073          8  0.000e+00
      86257 296.955590  -44.41446  -51.73698      0.014    1485.00   1008.248    997.696     3.2638     3.2606    -0.0032     3.1936     3.1904    -0.0032   3.176288   3.176040  -0.000249    34.2978    34.2981     4.6241    27.3067    27.3073          8  0.000e+00
      86258 296.955591  -44.41446  -51.73698      0.016    1485.00   1008.248    997.696     3.2637     3.2608    -0.0029     3.1934     3.1906    -0.0028   3.176294   3.176052  -0.000242    34.2980    34.2981     4.6245    27.3069    27.3072          8  0.000e+00
      86259 296.955591  -44.41446  -51.73698      0.014    1485.00   1008.183    997.631     3.2637     3.2605    -0.0032     3.1934     3.1903    -0.0032   3.176253   3.176064  -0.000189    34.2976    34.2986     4.6249    27.3065    27.3077          8  0.000e+00
      86260 296.955592  -44.41446  -51.73698      0.015    1485.00   1008.248    997.696     3.2627     3.2602    -0.0026     3.1925     3.1899    -0.0025   3.176200   3.176016  -0.000184    34.2979    34.2984     4.6256    27.3069    27.3075          8  0.000e+00
      86261 296.955592  -44.41446  -51.73698      0.022    1485.00   1008.265    997.712     3.2625     3.2605    -0.0021     3.1923     3.1903    -0.0021   3.176141   3.176004  -0.000137    34.2973    34.2979     4.6262    27.3065    27.3071          8  0.000e+00
      86262 296.955593  -44.41446  -51.73698      0.021    1485.00   1008.248    997.696     3.2621     3.2605    -0.0016     3.1919     3.1903    -0.0016   3.176106   3.176028  -0.000078    34.2974    34.2982     4.6268    27.3065    27.3073          8  0.000e+00
      86263 296.955593  -44.41446  -51.73698      0.029    1485.00   1008.306    997.752     3.2618     3.2605    -0.0013     3.1915     3.1903    -0.0013   3.176053   3.176052 -8.561e-07    34.2971    34.2984     4.6275    27.3063    27.3075          8  0.000e+00
      86264 296.955594  -44.41446  -51.73698      0.030    1485.00   1008.248    997.696     3.2616     3.2603    -0.0013     3.1914     3.1900    -0.0013   3.176059   3.175998  -0.000061    34.2974    34.2980     4.6270    27.3066    27.3072          8  0.000e+00
      86265 296.955594  -44.41446  -51.73698      0.031    1485.00   1008.306    997.753     3.2614     3.2599    -0.0015     3.1912     3.1897    -0.0015   3.176082   3.175950  -0.000132    34.2978    34.2978     4.6332    27.3069    27.3071          8  0.000e+00
      86266 296.955595  -44.41446  -51.73698      0.035    1485.00   1008.248    997.696     3.2614     3.2594    -0.0020     3.1912     3.1892    -0.0020   3.176094   3.175872  -0.000221    34.2980    34.2974     4.6337    27.3071    27.3068          8  0.000e+00
      86267 296.955595  -44.41446  -51.73698      0.041    1485.00   1008.265    997.712     3.2613     3.2594    -0.0019     3.1911     3.1892    -0.0019   3.176053   3.175926  -0.000126    34.2976    34.2981     4.6343    27.3068    27.3073          8  0.000e+00
      86268 296.955596  -44.41446  -51.73698      0.042    1485.00   1008.306    997.753     3.2608     3.2592    -0.0016     3.1906     3.1890    -0.0016   3.176017   3.175920  -0.000097    34.2976    34.2981     4.6349    27.3069    27.3074          8  0.000e+00
      86269 296.955596  -44.41446  -51.73698      0.049    1485.00   1008.306    997.753     3.2605     3.2592    -0.0012     3.1903     3.1890    -0.0012   3.175964   3.175890  -0.000074    34.2974    34.2978     4.6354    27.3067    27.3071          8  0.000e+00
      86270 296.955597  -44.41446  -51.73698      0.053    1485.00   1008.306    997.753     3.2601     3.2592    -0.0008     3.1898     3.1890    -0.0008   3.175952   3.175908  -0.000044    34.2977    34.2980     4.6358    27.3070    27.3073          8  0.000e+00
      86271 296.955597  -44.41446  -51.73698      0.052    1485.00   1008.306    997.753     3.2602     3.2589    -0.0013     3.1900     3.1887    -0.0013   3.175952   3.175914  -0.000038    34.2975    34.2984     4.6362    27.3068    27.3076          8  0.000e+00
      86272 296.955598  -44.41446  -51.73698      0.059    1485.00   1008.322    997.769     3.2599     3.2589    -0.0010     3.1897     3.1887    -0.0010   3.175964   3.175866  -0.000098    34.2980    34.2978     4.6365    27.3072    27.3072          8  0.000e+00
      86273 296.955598  -44.41446  -51.73698      0.066    1485.00   1008.371    997.817     3.2597     3.2590    -0.0007     3.1895     3.1888    -0.0007   3.175976   3.175902  -0.000074    34.2983    34.2982     4.6368    27.3075    27.3075          8  0.000e+00
      86274 296.955598  -44.41446  -51.73698      0.068    1485.00   1008.306    997.753     3.2601     3.2596    -0.0005     3.1898     3.1894    -0.0005   3.175958   3.175938  -0.000020    34.2978    34.2980     4.6370    27.3070    27.3073          9  0.000e+00
      86275 296.955599  -44.41446  -51.73698      0.078    1485.00   1008.371    997.817     3.2599     3.2594    -0.0005     3.1897     3.1892    -0.0005   3.175929   3.175944   0.000015    34.2975    34.2982     4.6372    27.3069    27.3075          9  0.000e+00
      86276 296.955599  -44.41446  -51.73696      0.079    1485.00   1008.372    997.817     3.2594     3.2594     0.0000     3.1892     3.1892     0.0000   3.175876   3.175986   0.000110    34.2974    34.2987     4.6385    27.3068    27.3079          9  0.000e+00
      86277 296.955600  -44.41446  -51.73696      0.085    1485.00   1008.388    997.834     3.2594     3.2592    -0.0001     3.1892     3.1890    -0.0001   3.175882   3.175956   0.000074    34.2975    34.2985     4.6398    27.3069    27.3077          9  0.000e+00
      86278 296.955600  -44.41446  -51.73696      0.094    1485.00   1008.372    997.818     3.2593     3.2592    -0.0000     3.1891     3.1890    -0.0000   3.175870   3.175926   0.000056    34.2975    34.2982     4.6344    27.3069    27.3074          9  0.000e+00
      86279 296.955601  -44.41446  -51.73696      0.101    1485.00   1008.429    997.874     3.2597     3.2588    -0.0010     3.1895     3.1885    -0.0009   3.175929   3.175890  -0.000039    34.2977    34.2982     4.6401    27.3070    27.3075          9  0.000e+00
      86280 296.955601  -44.41446  -51.73696      0.107    1485.00   1008.429    997.874     3.2597     3.2586    -0.0011     3.1895     3.1884    -0.0011   3.175941   3.175819  -0.000122    34.2978    34.2975     4.6348    27.3071    27.3070          9  0.000e+00
      86281 296.955602  -44.41446  -51.73696      0.110    1485.00   1008.372    997.818     3.2596     3.2583    -0.0013     3.1893     3.1881    -0.0013   3.175947   3.175866  -0.000080    34.2981    34.2985     4.6350    27.3073    27.3078          9  0.000e+00
      86282 296.955602  -44.41446  -51.73696      0.116    1485.00   1008.445    997.890     3.2597     3.2580    -0.0017     3.1895     3.1878    -0.0017   3.175929   3.175884  -0.000045    34.2977    34.2989     4.6418    27.3070    27.3082          9  0.000e+00
      86283 296.955603  -44.41446  -51.73696      0.121    1485.00   1008.429    997.874     3.2597     3.2581    -0.0016     3.1895     3.1879    -0.0016   3.175899   3.175819  -0.000081    34.2973    34.2980     4.6355    27.3067    27.3074          9  0.000e+00
      86284 296.955603  -44.41446  -51.73696      0.130    1485.00   1008.494    997.939     3.2596     3.2581    -0.0014     3.1893     3.1879    -0.0014   3.175911   3.175890  -0.000021    34.2976    34.2989     4.6424    27.3070    27.3081          9  0.000e+00
      86285 296.955604  -44.41446  -51.73696      0.134    1485.00   1008.429    997.874     3.2593     3.2580    -0.0013     3.1891     3.1877    -0.0013   3.175900   3.175831  -0.000069    34.2978    34.2983     4.6349    27.3071    27.3077          9  0.000e+00
      86286 296.955604  -44.41446  -51.73696      0.140    1485.00   1008.495    997.939     3.2593     3.2575    -0.0018     3.1890     3.1873    -0.0018   3.175894   3.175729  -0.000165    34.2977    34.2976     4.6406    27.3070    27.3071          9  0.000e+00
      86287 296.955605  -44.41446  -51.73696      0.154    1485.00   1008.552    997.995     3.2593     3.2573    -0.0020     3.1890     3.1871    -0.0019   3.175882   3.175783  -0.000099    34.2975    34.2984     4.6408    27.3069    27.3078          9  0.000e+00
      86288 296.955605  -44.41446  -51.73696      0.152    1485.00   1008.445    997.890     3.2589     3.2573    -0.0016     3.1887     3.1871    -0.0016   3.175864   3.175801  -0.000063    34.2977    34.2987     4.6409    27.3071    27.3080          9  0.000e+00
      86289 296.955606  -44.41446  -51.73696      0.161    1485.00   1008.552    997.996     3.2591     3.2572    -0.0020     3.1889     3.1869    -0.0019   3.175882   3.175777  -0.000105    34.2977    34.2985     4.6410    27.3071    27.3079          9  0.000e+00
      86290 296.955606  -44.41446  -51.73696      0.169    1485.00   1008.495    997.939     3.2588     3.2575    -0.0013     3.1886     3.1873    -0.0013   3.175852   3.175795  -0.000058    34.2977    34.2984     4.6410    27.3071    27.3078          9  0.000e+00
      86291 296.955607  -44.41446  -51.73696      0.175    1485.00   1008.552    997.996     3.2586     3.2567    -0.0019     3.1884     3.1865    -0.0019   3.175841   3.175735  -0.000106    34.2977    34.2984     4.6410    27.3071    27.3079          9  0.000e+00
      86292 296.955607  -44.41446  -51.73696      0.180    1485.00   1008.552    997.996     3.2582     3.2564    -0.0018     3.1879     3.1861    -0.0018   3.175841   3.175711  -0.000130    34.2982    34.2985     4.6409    27.3075    27.3080          9  0.000e+00
      86293 296.955608  -44.41446  -51.73696      0.186    1485.00   1008.568    998.012     3.2578     3.2560    -0.0018     3.1876     3.1858    -0.0018   3.175770   3.175663  -0.000107    34.2977    34.2983     4.6409    27.3072    27.3078          9  0.000e+00
      86294 296.955608  -44.41446  -51.73696      0.194    1485.00   1008.617    998.060     3.2571     3.2551    -0.0019     3.1868     3.1849    -0.0019   3.175735   3.175603  -0.000131    34.2980    34.2985     4.6408    27.3075    27.3081          9  0.000e+00
      86295 296.955609  -44.41446  -51.73696      0.205    1485.00   1008.618    998.060     3.2561     3.2550    -0.0012     3.1859     3.1848    -0.0011   3.175682   3.175532  -0.000150    34.2984    34.2978     4.6396    27.3079    27.3075          9  0.000e+00
      86296 296.955609  -44.41446  -51.73696      0.210    1485.00   1008.618    998.060     3.2558     3.2545    -0.0013     3.1856     3.1843    -0.0013   3.175640   3.175550  -0.000091    34.2983    34.2985     4.6393    27.3078    27.3082          9  0.000e+00
      86297 296.955610  -44.41446  -51.73696      0.215    1485.00   1008.618    998.060     3.2558     3.2540    -0.0018     3.1856     3.1838    -0.0018   3.175634   3.175478  -0.000157    34.2982    34.2982     4.6390    27.3078    27.3079          9  0.000e+00
      86298 296.955610  -44.41446  -51.73696      0.219    1485.00   1008.634    998.077     3.2553     3.2537    -0.0017     3.1851     3.1835    -0.0017   3.175587   3.175430  -0.000157    34.2981    34.2979     4.6387    27.3077    27.3078          9  0.000e+00
      86299 296.955611  -44.41446  -51.73696      0.229    1485.00   1008.675    998.117     3.2547     3.2532    -0.0015     3.1845     3.1830    -0.0015   3.175505   3.175394  -0.000111    34.2978    34.2980     4.6318    27.3075    27.3079          9  0.000e+00
      86300 296.955611  -44.41446  -51.73694      0.238    1485.00   1008.740    998.182     3.2544     3.2532    -0.0012     3.1842     3.1830    -0.0011   3.175505   3.175346  -0.000158    34.2980    34.2973     4.6314    27.3078    27.3073          9  0.000e+00
      86301 296.955611  -44.41446  -51.73694      0.238    1485.00   1008.618    998.060     3.2544     3.2529    -0.0015     3.1842     3.1827    -0.0015   3.175528   3.175406  -0.000122    34.2984    34.2985     4.6365    27.3080    27.3083          9  0.000e+00
      86302 296.955612  -44.41446  -51.73694      0.248    1485.00   1008.740    998.182     3.2544     3.2529    -0.0015     3.1842     3.1827    -0.0015   3.175540   3.175394  -0.000146    34.2984    34.2983     4.6372    27.3081    27.3081          9  0.000e+00
      86303 296.955612  -44.41446  -51.73694      0.250    1485.00   1008.691    998.133     3.2542     3.2525    -0.0017     3.1840     3.1824    -0.0017   3.175499   3.175364  -0.000135    34.2982    34.2983     4.6313    27.3079    27.3082          9  0.000e+00
      86304 296.955613  -44.41446  -51.73694      0.258    1485.00   1008.740    998.182     3.2542     3.2524    -0.0018     3.1840     3.1822    -0.0018   3.175469   3.175364  -0.000105    34.2978    34.2984     4.6310    27.3076    27.3083          9  0.000e+00
      86305 296.955613  -44.41446  -51.73694      0.265    1485.00   1008.741    998.182     3.2539     3.2522    -0.0017     3.1837     3.1820    -0.0017   3.175464   3.175340  -0.000123    34.2981    34.2983     4.6373    27.3078    27.3082          9  0.000e+00
      86306 296.955614  -44.41446  -51.73694      0.274    1485.00   1008.798    998.238     3.2536     3.2521    -0.0015     3.1834     3.1819    -0.0015   3.175440   3.175311  -0.000129    34.2981    34.2981     4.6370    27.3079    27.3080          9  0.000e+00
      86307 296.955614  -44.41446  -51.73694      0.278    1485.00   1008.741    998.182     3.2535     3.2520    -0.0015     3.1832     3.1818    -0.0015   3.175434   3.175305  -0.000130    34.2982    34.2982     4.6366    27.3080    27.3081          9  0.000e+00
      86308 296.955615  -44.41446  -51.73694      0.281    1485.00   1008.814    998.255     3.2533     3.2515    -0.0018     3.1831     3.1813    -0.0018   3.175399   3.175305  -0.000094    34.2979    34.2986     4.6296    27.3078    27.3085          9  0.000e+00
      86309 296.955615  -44.41446  -51.73694      0.282    1485.00   1008.741    998.182     3.2531     3.2513    -0.0018     3.1829     3.1811    -0.0018   3.175399   3.175233  -0.000166    34.2981    34.2980     4.6347    27.3079    27.3080          9  0.000e+00
      86310 296.955616  -44.41446  -51.73694      0.290    1485.00   1008.863    998.303     3.2531     3.2512    -0.0020     3.1829     3.1810    -0.0020   3.175334   3.175239  -0.000095    34.2972    34.2982     4.6343    27.3073    27.3082          9  0.000e+00
      86311 296.955616  -44.41446  -51.73694      0.292    1485.00   1008.798    998.238     3.2526     3.2507    -0.0020     3.1824     3.1805    -0.0019   3.175334   3.175245  -0.000089    34.2978    34.2988     4.6338    27.3078    27.3087          9  0.000e+00
      86312 296.955617  -44.41446  -51.73694      0.300    1485.00   1008.863    998.303     3.2525     3.2508    -0.0017     3.1823     3.1806    -0.0017   3.175299   3.175173  -0.000126    34.2975    34.2977     4.6332    27.3075    27.3079          9  0.000e+00
