Pos-Processados/process_op41/operantar41_019.ros
* Sea-Bird SBE 9 Data File:
* FileName = C:\Users\Dell\Desktop\OperantarXLI\config\00_BRUTOS\OPE41019.hdr
* Software Version Seasave V 7.26.7.110
* Temperature SN = 6497
* Conductivity SN = 4954
* Number of Bytes Per Scan = 34
* Number of Voltage Words = 3
* Number of Scans Averaged by the Deck Unit = 1
* NMEA Latitude = 62 55.48 S
* NMEA Longitude = 060 08.48 W
* NMEA UTC (Time) = Nov 11 2022 01:08:15
* NMEA baud rate = 4800
** H41
** Navio Polar Almirante Maximiano
** LH-021/2022
** Operantar XLI
** Número da Estação 019
** Latitude 62 55.478'S
** Longitude 060 08.483' W
** Data/Hora (Z) 11/11/2022 0110Z
** Profundidade local 1020 m
** 09-1439
** Nome do Operador CT Garla
# nquan = 24
# nvalues = 1198                                  
# units = specified
# name 0 = scan: Scan Count
# name 1 = timeJ: Julian Days
# name 2 = latitude: Latitude [deg]
# name 3 = longitude: Longitude [deg]
# name 4 = dz/dtM: Descent Rate [m/s]
# name 5 = avgsvCM: Average Sound Velocity [Chen-Millero, m/s]
# name 6 = prDM: Pressure, Digiquartz [db]
# name 7 = depSM: Depth [salt water, m]
# name 8 = t090C: Temperature [ITS-90, deg C]
# name 9 = t190C: Temperature, 2 [ITS-90, deg C]
# name 10 = T2-T190C: Temperature Difference, 2 - 1 [ITS-90, deg C]
# name 11 = potemp090C: Potential Temperature [ITS-90, deg C]
# name 12 = potemp190C: Potential Temperature, 2 [ITS-90, deg C]
# name 13 = potemp90Cdiff: Potential Temperature, Diff, 2 - 1 [ITS-90, deg C]
# name 14 = c0S/m: Conductivity [S/m]
# name 15 = c1S/m: Conductivity, 2 [S/m]
# name 16 = C2-C1S/m: Conductivity Difference, 2 - 1 [S/m]
# name 17 = sal00: Salinity, Practical [PSU]
# name 18 = sal11: Salinity, Practical, 2 [PSU]
# name 19 = sbeox0ML/L: Oxygen, SBE 43 [ml/l]
# name 20 = sigma-é00: Density [sigma-theta, kg/m^3]
# name 21 = sigma-é11: Density, 2 [sigma-theta, kg/m^3]
# name 22 = nbf: Bottles Fired
# name 23 = flag:  0.000e+00
# interval = seconds: 0.0416667
# start_time = Nov 11 2022 01:08:15 [NMEA time, header]
# bad_flag = -9.990e-29
*END*
[from data line 967]
      53205 315.073054  -62.92710  -60.13920     -0.117    1451.82     31.164     30.860    -0.9366    -0.9377    -0.0012    -0.9374    -0.9386    -0.0012   2.775545   2.775523  -0.000022    34.3269    34.3279     7.4697    27.6054    27.6063         11  0.000e+00
      53206 315.073054  -62.92710  -60.13920     -0.122    1451.82     31.155     30.852    -0.9366    -0.9375    -0.0009    -0.9374    -0.9383    -0.0009   2.775534   2.775484  -0.000050    34.3267    34.3271     7.4702    27.6053    27.6057         11  0.000e+00
      53207 315.073055  -62.92710  -60.13920     -0.121    1451.82     31.228     30.924    -0.9366    -0.9371    -0.0005    -0.9374    -0.9379    -0.0005   2.775584   2.775489  -0.000095    34.3274    34.3267     7.4718    27.6058    27.6053         11  0.000e+00
      53208 315.073055  -62.92710  -60.13920     -0.128    1451.82     31.099     30.797    -0.9364    -0.9375    -0.0011    -0.9372    -0.9383    -0.0011   2.775545   2.775501  -0.000045    34.3267    34.3274     7.4732    27.6053    27.6059         11  0.000e+00
      53209 315.073056  -62.92710  -60.13920     -0.130    1451.82     31.164     30.860    -0.9367    -0.9374    -0.0008    -0.9375    -0.9383    -0.0008   2.775545   2.775518  -0.000028    34.3270    34.3275     7.4737    27.6056    27.6060         11  0.000e+00
      53210 315.073056  -62.92710  -60.13920     -0.132    1451.82     31.156     30.853    -0.9367    -0.9372    -0.0005    -0.9375    -0.9380    -0.0005   2.775551   2.775506  -0.000045    34.3271    34.3271     7.4741    27.6056    27.6056         11  0.000e+00
      53211 315.073057  -62.92710  -60.13920     -0.133    1451.82     31.164     30.861    -0.9364    -0.9374    -0.0010    -0.9372    -0.9382    -0.0010   2.775551   2.775535  -0.000016    34.3268    34.3277     7.4679    27.6053    27.6061         11  0.000e+00
      53212 315.073057  -62.92710  -60.13920     -0.141    1451.82     31.099     30.797    -0.9367    -0.9371    -0.0004    -0.9375    -0.9379    -0.0004   2.775551   2.775552 9.4611e-07    34.3271    34.3276     7.4748    27.6056    27.6061         11  0.000e+00
      53213 315.073057  -62.92710  -60.13920     -0.144    1451.82     31.107     30.805    -0.9366    -0.9370    -0.0005    -0.9374    -0.9379    -0.0005   2.775551   2.775529  -0.000022    34.3270    34.3272     7.4763    27.6055    27.6057         11  0.000e+00
      53214 315.073058  -62.92710  -60.13920     -0.147    1451.82     31.099     30.797    -0.9366    -0.9370    -0.0004    -0.9374    -0.9378    -0.0004   2.775534   2.775563   0.000029    34.3268    34.3276     7.4766    27.6053    27.6061         11  0.000e+00
      53215 315.073058  -62.92710  -60.13920     -0.145    1451.82     31.164     30.861    -0.9367    -0.9370    -0.0003    -0.9376    -0.9379    -0.0003   2.775528   2.775597   0.000069    34.3269    34.3281     7.4705    27.6054    27.6065         11  0.000e+00
      53216 315.073059  -62.92710  -60.13920     -0.154    1451.82     31.043     30.741    -0.9367    -0.9370    -0.0003    -0.9375    -0.9378    -0.0003   2.775545   2.775563   0.000018    34.3271    34.3277     7.4696    27.6056    27.6061         11  0.000e+00
      53217 315.073059  -62.92710  -60.13920     -0.151    1451.82     31.107     30.805    -0.9367    -0.9368    -0.0001    -0.9375    -0.9376    -0.0001   2.775551   2.775552 9.4301e-07    34.3271    34.3272     7.4700    27.6056    27.6057         11  0.000e+00
      53218 315.073060  -62.92710  -60.13920     -0.154    1451.82     31.099     30.797    -0.9364    -0.9366    -0.0002    -0.9372    -0.9374    -0.0002   2.775573   2.775569  -0.000004    34.3271    34.3273     7.4758    27.6056    27.6058         11  0.000e+00
      53219 315.073060  -62.92710  -60.13920     -0.153    1451.82     31.107     30.805    -0.9366    -0.9368    -0.0002    -0.9374    -0.9376    -0.0002   2.775562   2.775597   0.000035    34.3271    34.3279     7.4696    27.6057    27.6063         11  0.000e+00
      53220 315.073061  -62.92710  -60.13920     -0.159    1451.82     31.043     30.741    -0.9367    -0.9368    -0.0001    -0.9375    -0.9376    -0.0001   2.775573   2.775586   0.000013    34.3275    34.3277     7.4753    27.6059    27.6061         11  0.000e+00
      53221 315.073061  -62.92710  -60.13920     -0.159    1451.82     31.051     30.749    -0.9364    -0.9368    -0.0004    -0.9372    -0.9376    -0.0004   2.775562   2.775580   0.000018    34.3270    34.3277     7.4755    27.6055    27.6061         11  0.000e+00
      53222 315.073062  -62.92710  -60.13920     -0.157    1451.82     31.099     30.797    -0.9366    -0.9366    -0.0000    -0.9374    -0.9374    -0.0000   2.775573   2.775557  -0.000016    34.3273    34.3271     7.4693    27.6058    27.6056         11  0.000e+00
      53223 315.073062  -62.92710  -60.13920     -0.159    1451.82     31.051     30.749    -0.9364    -0.9364     0.0001    -0.9373    -0.9372     0.0001   2.775540   2.775552   0.000012    34.3267    34.3268     7.4750    27.6053    27.6054         11  0.000e+00
      53224 315.073063  -62.92710  -60.13920     -0.162    1451.82     31.043     30.741    -0.9367    -0.9361     0.0006    -0.9375    -0.9370     0.0006   2.775545   2.775609   0.000063    34.3271    34.3273     7.4752    27.6056    27.6058         11  0.000e+00
      53225 315.073063  -62.92710  -60.13920     -0.162    1451.82     31.051     30.749    -0.9369    -0.9357     0.0012    -0.9377    -0.9365     0.0012   2.775512   2.775648   0.000137    34.3268    34.3273     7.4754    27.6054    27.6058         11  0.000e+00
      53226 315.073064  -62.92710  -60.13920     -0.160    1451.82     31.043     30.741    -0.9367    -0.9355     0.0011    -0.9375    -0.9364     0.0011   2.775534   2.775654   0.000120    34.3269    34.3273     7.4754    27.6055    27.6057         11  0.000e+00
      53227 315.073064  -62.92710  -60.13920     -0.160    1451.82     31.051     30.749    -0.9366    -0.9355     0.0011    -0.9374    -0.9363     0.0011   2.775551   2.775614   0.000063    34.3270    34.3267     7.4765    27.6056    27.6052         11  0.000e+00
      53228 315.073065  -62.92710  -60.13920     -0.163    1451.82     30.979     30.677    -0.9362    -0.9357     0.0005    -0.9370    -0.9365     0.0005   2.775551   2.775603   0.000052    34.3267    34.3268     7.4764    27.6053    27.6054         11  0.000e+00
      53229 315.073065  -62.92710  -60.13920     -0.161    1451.82     31.051     30.749    -0.9361    -0.9358     0.0003    -0.9369    -0.9367     0.0003   2.775590   2.775660   0.000070    34.3270    34.3277     7.4764    27.6055    27.6061         11  0.000e+00
      53230 315.073066  -62.92710  -60.13920     -0.159    1451.82     31.043     30.741    -0.9362    -0.9357     0.0005    -0.9370    -0.9365     0.0005   2.775584   2.775665   0.000081    34.3271    34.3276     7.4764    27.6056    27.6060         11  0.000e+00
      53231 315.073066  -62.92710  -60.13920     -0.159    1451.82     30.987     30.685    -0.9359    -0.9357     0.0001    -0.9367    -0.9365     0.0001   2.775579   2.775614   0.000035    34.3266    34.3270     7.4762    27.6052    27.6055         11  0.000e+00
      53232 315.073067  -62.92710  -60.13920     -0.159    1451.82     31.043     30.741    -0.9359    -0.9352     0.0007    -0.9367    -0.9360     0.0007   2.775556   2.775637   0.000081    34.3264    34.3267     7.4773    27.6050    27.6052         11  0.000e+00
      53233 315.073067  -62.92710  -60.13920     -0.161    1451.82     30.931     30.630    -0.9359    -0.9354     0.0005    -0.9367    -0.9363     0.0005   2.775590   2.775637   0.000047    34.3269    34.3270     7.4781    27.6054    27.6055         11  0.000e+00
      53234 315.073068  -62.92710  -60.13920     -0.155    1451.82     31.043     30.741    -0.9361    -0.9352     0.0009    -0.9369    -0.9360     0.0009   2.775590   2.775648   0.000058    34.3270    34.3268     7.4781    27.6055    27.6053         11  0.000e+00
      53235 315.073068  -62.92710  -60.13920     -0.153    1451.82     31.051     30.749    -0.9362    -0.9354     0.0008    -0.9370    -0.9363     0.0008   2.775601   2.775671   0.000070    34.3273    34.3274     7.4791    27.6058    27.6058         11  0.000e+00
      53236 315.073069  -62.92710  -60.13920     -0.157    1451.82     30.923     30.622    -0.9359    -0.9354     0.0005    -0.9367    -0.9362     0.0005   2.775568   2.775682   0.000115    34.3266    34.3275     7.4787    27.6052    27.6059         11  0.000e+00
      53237 315.073069  -62.92710  -60.13920     -0.157    1451.82     30.987     30.686    -0.9359    -0.9357     0.0002    -0.9367    -0.9365     0.0002   2.775590   2.775620   0.000030    34.3269    34.3270     7.4796    27.6054    27.6055         11  0.000e+00
      53238 315.073070  -62.92710  -60.13920     -0.156    1451.82     30.979     30.678    -0.9359    -0.9360    -0.0001    -0.9367    -0.9368    -0.0001   2.775590   2.775586  -0.000004    34.3269    34.3269     7.4794    27.6054    27.6054         11  0.000e+00
      53239 315.073070  -62.92710  -60.13920     -0.151    1451.82     30.979     30.678    -0.9361    -0.9355     0.0007    -0.9370    -0.9363     0.0007   2.775601   2.775597  -0.000004    34.3273    34.3265     7.4792    27.6058    27.6051         11  0.000e+00
      53240 315.073071  -62.92710  -60.13920     -0.155    1451.82     30.931     30.630    -0.9359    -0.9357     0.0002    -0.9367    -0.9365     0.0002   2.775590   2.775643   0.000053    34.3269    34.3274     7.4788    27.6054    27.6058         11  0.000e+00
      53241 315.073071  -62.92710  -60.13920     -0.152    1451.82     30.979     30.678    -0.9359    -0.9357     0.0002    -0.9367    -0.9365     0.0002   2.775601   2.775654   0.000053    34.3270    34.3275     7.4785    27.6055    27.6059         11  0.000e+00
      53242 315.073071  -62.92710  -60.13920     -0.151    1451.82     30.987     30.686    -0.9359    -0.9357     0.0002    -0.9367    -0.9365     0.0002   2.775607   2.775637   0.000030    34.3271    34.3273     7.4781    27.6056    27.6057         11  0.000e+00
      53243 315.073072  -62.92710  -60.13920     -0.150    1451.82     30.923     30.622    -0.9359    -0.9355     0.0004    -0.9367    -0.9363     0.0004   2.775624   2.775609  -0.000015    34.3274    34.3267     7.4776    27.6058    27.6052         12  0.000e+00
      53244 315.073072  -62.92710  -60.13920     -0.147    1451.82     30.931     30.630    -0.9358    -0.9354     0.0004    -0.9366    -0.9362     0.0004   2.775573   2.775620   0.000047    34.3265    34.3267     7.4771    27.6051    27.6052         12  0.000e+00
      53245 315.073073  -62.92710  -60.13920     -0.145    1451.82     30.979     30.678    -0.9359    -0.9353     0.0006    -0.9367    -0.9361     0.0006   2.775573   2.775665   0.000092    34.3266    34.3271     7.4766    27.6052    27.6056         12  0.000e+00
      53246 315.073073  -62.92710  -60.13920     -0.144    1451.82     30.931     30.630    -0.9362    -0.9350     0.0012    -0.9370    -0.9359     0.0012   2.775579   2.775699   0.000121    34.3271    34.3274     7.4761    27.6056    27.6058         12  0.000e+00
      53247 315.073074  -62.92710  -60.13920     -0.141    1451.82     30.979     30.678    -0.9357    -0.9353     0.0004    -0.9365    -0.9361     0.0004   2.775618   2.775711   0.000093    34.3270    34.3278     7.4754    27.6055    27.6061         12  0.000e+00
      53248 315.073074  -62.92710  -60.13920     -0.139    1451.82     30.931     30.630    -0.9359    -0.9352     0.0007    -0.9367    -0.9360     0.0007   2.775568   2.775665   0.000098    34.3266    34.3271     7.4748    27.6052    27.6056         12  0.000e+00
      53249 315.073075  -62.92710  -60.13920     -0.137    1451.82     30.923     30.622    -0.9361    -0.9348     0.0013    -0.9369    -0.9356     0.0013   2.775590   2.775654   0.000064    34.3271    34.3265     7.4752    27.6056    27.6051         12  0.000e+00
      53250 315.073075  -62.92710  -60.13920     -0.133    1451.82     30.931     30.630    -0.9359    -0.9350     0.0009    -0.9367    -0.9359     0.0009   2.775624   2.775671   0.000048    34.3273    34.3270     7.4744    27.6058    27.6055         12  0.000e+00
      53251 315.073076  -62.92710  -60.13920     -0.134    1451.82     30.923     30.622    -0.9358    -0.9349     0.0009    -0.9366    -0.9357     0.0009   2.775596   2.775717   0.000121    34.3268    34.3275     7.4736    27.6054    27.6059         12  0.000e+00
      53252 315.073076  -62.92710  -60.13920     -0.130    1451.82     30.931     30.630    -0.9359    -0.9351     0.0008    -0.9367    -0.9359     0.0008   2.775601   2.775734   0.000132    34.3270    34.3279     7.4729    27.6055    27.6062         12  0.000e+00
      53253 315.073077  -62.92710  -60.13920     -0.129    1451.82     30.923     30.622    -0.9359    -0.9349     0.0010    -0.9367    -0.9357     0.0010   2.775590   2.775671   0.000081    34.3269    34.3269     7.4731    27.6054    27.6054         12  0.000e+00
      53254 315.073077  -62.92710  -60.13920     -0.131    1451.82     30.867     30.566    -0.9359    -0.9351     0.0008    -0.9367    -0.9359     0.0008   2.775601   2.775637   0.000036    34.3271    34.3266     7.4733    27.6056    27.6052         12  0.000e+00
      53255 315.073078  -62.92710  -60.13920     -0.129    1451.82     30.923     30.622    -0.9359    -0.9347     0.0011    -0.9367    -0.9356     0.0011   2.775590   2.775688   0.000098    34.3268    34.3269     7.4737    27.6054    27.6054         12  0.000e+00
      53256 315.073078  -62.92710  -60.13920     -0.122    1451.82     30.931     30.630    -0.9361    -0.9346     0.0015    -0.9369    -0.9354     0.0015   2.775635   2.775711   0.000076    34.3277    34.3270     7.4739    27.6061    27.6055         12  0.000e+00
      53257 315.073079  -62.92710  -60.13920     -0.122    1451.82     30.923     30.622    -0.9358    -0.9349     0.0009    -0.9366    -0.9357     0.0009   2.775601   2.775711   0.000110    34.3269    34.3274     7.4742    27.6054    27.6058         12  0.000e+00
      53258 315.073079  -62.92710  -60.13920     -0.121    1451.82     30.867     30.566    -0.9356    -0.9349     0.0007    -0.9364    -0.9357     0.0007   2.775601   2.775665   0.000064    34.3267    34.3268     7.4743    27.6053    27.6053         12  0.000e+00
      53259 315.073080  -62.92710  -60.13920     -0.117    1451.82     30.923     30.622    -0.9358    -0.9349     0.0009    -0.9366    -0.9357     0.0009   2.775590   2.775637   0.000047    34.3268    34.3264     7.4747    27.6053    27.6050         12  0.000e+00
      53260 315.073080  -62.92710  -60.13920     -0.115    1451.82     30.867     30.567    -0.9359    -0.9350     0.0009    -0.9367    -0.9359     0.0009   2.775601   2.775648   0.000047    34.3271    34.3267     7.4738    27.6056    27.6053         12  0.000e+00
      53261 315.073081  -62.92710  -60.13920     -0.113    1451.82     30.923     30.622    -0.9356    -0.9349     0.0007    -0.9364    -0.9357     0.0007   2.775607   2.775694   0.000087    34.3268    34.3272     7.4740    27.6053    27.6056         12  0.000e+00
      53262 315.073081  -62.92710  -60.13920     -0.113    1451.82     30.867     30.567    -0.9354    -0.9352     0.0002    -0.9362    -0.9360     0.0002   2.775624   2.775711   0.000087    34.3268    34.3278     7.4742    27.6053    27.6061         12  0.000e+00
      53263 315.073082  -62.92710  -60.13920     -0.110    1451.82     30.923     30.622    -0.9355    -0.9352     0.0003    -0.9363    -0.9360     0.0003   2.775629   2.775688   0.000059    34.3270    34.3274     7.4744    27.6055    27.6058         12  0.000e+00
