Pos-Processados/process_op41/operantar41_013.ros
* Sea-Bird SBE 9 Data File:
* FileName = C:\Users\Dell\Desktop\OperantarXLI\config\00_BRUTOS\OPE41013.hdr
* Software Version Seasave V 7.26.7.110
* Temperature SN = 6497
* Conductivity SN = 4954
* Number of Bytes Per Scan = 31
* Number of Voltage Words = 2
* Number of Scans Averaged by the Deck Unit = 1
* NMEA Latitude = 44 23.34 S
* NMEA Longitude = 051 50.60 W
* NMEA UTC (Time) = Oct 23 2022 20:53:51
* NMEA baud rate = 4800
** H41
** Navio Polar Almirante Maximiano
** LH-021/2022
** Operantar XLI
** Número da Estação 013
** Latitude 44 23.224' S
** Longitude 051 51.256' W
** Data/Hora (Z) 23/10/2022 2044Z
** Profundidade local 5823 m
** 09-1439
** Nome do Operador CT Garla
# nquan = 24
# nvalues = 1248                                  
# units = specified
# name 0 = scan: Scan Count
# name 1 = timeJ: Julian Days
# name 2 = latitude: Latitude [deg]
# name 3 = longitude: Longitude [deg]
# name 4 = dz/dtM: Descent Rate [m/s]
# name 5 = avgsvCM: Average Sound Velocity [Chen-Millero, m/s]
# name 6 = prDM: Pressure, Digiquartz [db]
# name 7 = depSM: Depth [salt water, m]
# name 8 = t090C: Temperature [ITS-90, deg C]
# name 9 = t190C: Temperature, 2 [ITS-90, deg C]
# name 10 = T2-T190C: Temperature Difference, 2 - 1 [ITS-90, deg C]
# name 11 = potemp090C: Potential Temperature [ITS-90, deg C]
# name 12 = potemp190C: Potential Temperature, 2 [ITS-90, deg C]
# name 13 = potemp90Cdiff: Potential Temperature, Diff, 2 - 1 [ITS-90, deg C]
# name 14 = c0S/m: Conductivity [S/m]
# name 15 = c1S/m: Conductivity, 2 [S/m]
# name 16 = C2-C1S/m: Conductivity Difference, 2 - 1 [S/m]
# name 17 = sal00: Salinity, Practical [PSU]
# name 18 = sal11: Salinity, Practical, 2 [PSU]
# name 19 = sbeox0ML/L: Oxygen, SBE 43 [ml/l]
# name 20 = sigma-é00: Density [sigma-theta, kg/m^3]
# name 21 = sigma-é11: Density, 2 [sigma-theta, kg/m^3]
# name 22 = nbf: Bottles Fired
# name 23 = flag:  0.000e+00
# interval = seconds: 0.0416667
# start_time = Oct 23 2022 20:53:51 [NMEA time, header]
# bad_flag = -9.990e-29
*END*
[from data line 242]
       6329 296.873781  -44.38996  -51.83874     -0.098    1504.08     20.682     20.514    14.0012    14.0004    -0.0008    13.9982    13.9974    -0.0008   4.221062   4.220910  -0.000153    35.2452    35.2445     5.7455    26.3771    26.3767          7  0.000e+00
       6330 296.873781  -44.38996  -51.83874     -0.096    1504.08     20.690     20.522    14.0015    14.0011    -0.0004    13.9985    13.9981    -0.0004   4.221082   4.220963  -0.000119    35.2451    35.2444     5.7458    26.3769    26.3764          7  0.000e+00
       6331 296.873782  -44.38996  -51.83874     -0.091    1504.08     20.682     20.514    14.0020    14.0011    -0.0009    13.9990    13.9981    -0.0009   4.221108   4.221030  -0.000078    35.2449    35.2450     5.7461    26.3767    26.3769          7  0.000e+00
       6332 296.873782  -44.38996  -51.83872     -0.095    1504.08     20.690     20.522    14.0022    14.0017    -0.0005    13.9992    13.9987    -0.0005   4.221141   4.221144   0.000002    35.2450    35.2455     5.7424    26.3767    26.3772          7  0.000e+00
       6333 296.873783  -44.38996  -51.83872     -0.096    1504.08     20.625     20.458    14.0022    14.0021    -0.0001    13.9992    13.9991    -0.0001   4.221095   4.221137   0.000042    35.2446    35.2451     5.7420    26.3764    26.3768          7  0.000e+00
       6334 296.873783  -44.38996  -51.83872     -0.089    1504.08     20.738     20.570    14.0020    14.0024     0.0004    13.9990    13.9994     0.0004   4.221109   4.221097  -0.000012    35.2449    35.2444     5.7417    26.3766    26.3762          7  0.000e+00
       6335 296.873784  -44.38996  -51.83872     -0.085    1504.08     20.690     20.522    14.0025    14.0024    -0.0001    13.9996    13.9994    -0.0001   4.221141   4.221030  -0.000111    35.2447    35.2438     5.7452    26.3764    26.3757          7  0.000e+00
       6336 296.873784  -44.38996  -51.83872     -0.084    1504.08     20.682     20.514    14.0023    14.0024     0.0001    13.9993    13.9994     0.0001   4.221122   4.221077  -0.000045    35.2447    35.2442     5.7411    26.3765    26.3760          7  0.000e+00
       6337 296.873785  -44.38996  -51.83872     -0.079    1504.08     20.690     20.522    14.0022    14.0023     0.0001    13.9992    13.9993     0.0001   4.221115   4.221063  -0.000052    35.2448    35.2442     5.7447    26.3765    26.3761          7  0.000e+00
       6338 296.873785  -44.38996  -51.83872     -0.075    1504.08     20.738     20.570    14.0022    14.0021    -0.0001    13.9992    13.9991    -0.0001   4.221122   4.221050  -0.000072    35.2448    35.2442     5.7446    26.3765    26.3761          7  0.000e+00
       6339 296.873786  -44.38996  -51.83872     -0.070    1504.08     20.690     20.522    14.0023    14.0021    -0.0002    13.9993    13.9991    -0.0002   4.221122   4.221077  -0.000045    35.2447    35.2445     5.7444    26.3765    26.3763          7  0.000e+00
       6340 296.873786  -44.38996  -51.83872     -0.067    1504.08     20.690     20.522    14.0023    14.0024     0.0001    13.9993    13.9994     0.0001   4.221089   4.221110   0.000022    35.2444    35.2445     5.7442    26.3762    26.3763          7  0.000e+00
       6341 296.873787  -44.38996  -51.83872     -0.062    1504.08     20.738     20.570    14.0024    14.0028     0.0004    13.9994    13.9998     0.0004   4.221135   4.221164   0.000029    35.2448    35.2447     5.7440    26.3765    26.3763          7  0.000e+00
       6342 296.873787  -44.38996  -51.83872     -0.056    1504.08     20.746     20.578    14.0023    14.0026     0.0003    13.9993    13.9996     0.0003   4.221181   4.221157  -0.000024    35.2453    35.2448     5.7437    26.3769    26.3764          7  0.000e+00
       6343 296.873788  -44.38996  -51.83872     -0.054    1504.08     20.682     20.514    14.0022    14.0028     0.0006    13.9992    13.9998     0.0006   4.221135   4.221104  -0.000031    35.2450    35.2441     5.7434    26.3767    26.3759          7  0.000e+00
       6344 296.873788  -44.38996  -51.83872     -0.048    1504.08     20.746     20.578    14.0024    14.0028     0.0004    13.9994    13.9998     0.0004   4.221082   4.221090   0.000008    35.2443    35.2440     5.7432    26.3761    26.3758          7  0.000e+00
       6345 296.873789  -44.38996  -51.83872     -0.042    1504.08     20.738     20.570    14.0017    14.0028     0.0011    13.9987    13.9998     0.0011   4.221023   4.221124   0.000101    35.2444    35.2443     5.7429    26.3763    26.3760          7  0.000e+00
       6346 296.873789  -44.38996  -51.83872     -0.035    1504.08     20.746     20.578    14.0013    14.0026     0.0013    13.9983    13.9996     0.0013   4.221010   4.221150   0.000141    35.2446    35.2447     5.7426    26.3765    26.3764          8  0.000e+00
       6347 296.873790  -44.38996  -51.83872     -0.029    1504.08     20.746     20.578    14.0011    14.0028     0.0016    13.9981    13.9998     0.0016   4.221010   4.221130   0.000121    35.2447    35.2444     5.7422    26.3767    26.3761          8  0.000e+00
       6348 296.873790  -44.38996  -51.83872     -0.019    1504.08     20.802     20.634    14.0015    14.0026     0.0011    13.9985    13.9996     0.0011   4.221010   4.221064   0.000054    35.2444    35.2439     5.7418    26.3763    26.3757          8  0.000e+00
       6349 296.873791  -44.38996  -51.83872     -0.015    1504.08     20.746     20.578    14.0015    14.0023     0.0008    13.9985    13.9993     0.0008   4.221036   4.221057   0.000021    35.2447    35.2441     5.7453    26.3766    26.3760          8  0.000e+00
       6350 296.873791  -44.38996  -51.83872     -0.005    1504.08     20.802     20.634    14.0015    14.0022     0.0008    13.9985    13.9992     0.0008   4.221049   4.221023  -0.000026    35.2448    35.2438     5.7452    26.3767    26.3758          8  0.000e+00
       6351 296.873791  -44.38996  -51.83872      0.002    1504.08     20.802     20.634    14.0010    14.0021     0.0010    13.9980    13.9991     0.0010   4.220990   4.221070   0.000080    35.2446    35.2444     5.7451    26.3766    26.3763          8  0.000e+00
       6352 296.873792  -44.38996  -51.83872      0.012    1504.08     20.802     20.634    14.0008    14.0019     0.0011    13.9978    13.9989     0.0011   4.220970   4.221030   0.000060    35.2447    35.2442     5.7448    26.3767    26.3761          8  0.000e+00
       6353 296.873792  -44.38996  -51.83872      0.022    1504.08     20.802     20.634    14.0008    14.0022     0.0014    13.9978    13.9992     0.0014   4.221029   4.221037   0.000007    35.2452    35.2440     5.7449    26.3771    26.3759          8  0.000e+00
       6354 296.873793  -44.38996  -51.83872      0.028    1504.08     20.802     20.634    14.0012    14.0023     0.0011    13.9982    13.9993     0.0011   4.221049   4.221110   0.000061    35.2450    35.2446     5.7409    26.3769    26.3764          8  0.000e+00
       6355 296.873793  -44.38996  -51.83872      0.034    1504.08     20.802     20.634    14.0013    14.0023     0.0009    13.9983    13.9993     0.0009   4.221049   4.221097   0.000048    35.2449    35.2445     5.7446    26.3768    26.3763          8  0.000e+00
       6356 296.873794  -44.38996  -51.83870      0.044    1504.08     20.867     20.698    14.0011    14.0024     0.0013    13.9981    13.9994     0.0013   4.221016   4.221110   0.000094    35.2448    35.2445     5.7407    26.3767    26.3762          8  0.000e+00
       6357 296.873794  -44.38996  -51.83870      0.053    1504.08     20.859     20.690    14.0017    14.0024     0.0007    13.9987    13.9994     0.0007   4.221089   4.221097   0.000008    35.2449    35.2443     5.7402    26.3767    26.3761          8  0.000e+00
       6358 296.873795  -44.38996  -51.83870      0.063    1504.08     20.867     20.698    14.0022    14.0026     0.0004    13.9992    13.9996     0.0004   4.221201   4.221150  -0.000050    35.2455    35.2447     5.7438    26.3771    26.3764          8  0.000e+00
       6359 296.873795  -44.38996  -51.83870      0.071    1504.08     20.859     20.690    14.0028    14.0026    -0.0002    13.9998    13.9996    -0.0002   4.221201   4.221157  -0.000044    35.2449    35.2447     5.7397    26.3765    26.3764          8  0.000e+00
       6360 296.873796  -44.38996  -51.83870      0.076    1504.08     20.867     20.698    14.0029    14.0030     0.0001    13.9999    14.0000     0.0001   4.221293   4.221211  -0.000082    35.2457    35.2449     5.7433    26.3771    26.3765          8  0.000e+00
       6361 296.873796  -44.38996  -51.83870      0.091    1504.08     20.923     20.753    14.0028    14.0030     0.0001    13.9998    13.9999     0.0001   4.221280   4.221171  -0.000109    35.2456    35.2445     5.7436    26.3771    26.3761          8  0.000e+00
       6362 296.873797  -44.38996  -51.83870      0.099    1504.08     20.915     20.745    14.0030    14.0028    -0.0002    14.0000    13.9998    -0.0002   4.221267   4.221211  -0.000056    35.2453    35.2450     5.7394    26.3768    26.3766          8  0.000e+00
       6363 296.873797  -44.38996  -51.83870      0.106    1504.08     20.923     20.753    14.0030    14.0030    -0.0001    14.0000    13.9999    -0.0001   4.221267   4.221211  -0.000056    35.2453    35.2449     5.7434    26.3768    26.3764          8  0.000e+00
       6364 296.873798  -44.38996  -51.83870      0.119    1504.08     20.980     20.809    14.0026    14.0033     0.0006    13.9996    14.0003     0.0006   4.221181   4.221171  -0.000011    35.2449    35.2442     5.7437    26.3765    26.3758          8  0.000e+00
       6365 296.873798  -44.38996  -51.83870      0.126    1504.08     20.923     20.753    14.0026    14.0029     0.0003    13.9996    13.9999     0.0003   4.221155   4.221157   0.000002    35.2446    35.2444     5.7399    26.3763    26.3761          8  0.000e+00
       6366 296.873799  -44.38996  -51.83870      0.134    1504.08     20.980     20.809    14.0025    14.0030     0.0004    13.9995    13.9999     0.0004   4.221155   4.221184   0.000029    35.2447    35.2446     5.7402    26.3764    26.3762          8  0.000e+00
       6367 296.873799  -44.38996  -51.83870      0.143    1504.08     20.988     20.817    14.0022    14.0031     0.0009    13.9992    14.0001     0.0009   4.221181   4.221204   0.000023    35.2453    35.2447     5.7404    26.3769    26.3762          8  0.000e+00
       6368 296.873800  -44.38996  -51.83870      0.154    1504.08     20.988     20.817    14.0025    14.0033     0.0008    13.9995    14.0003     0.0008   4.221240   4.221224  -0.000016    35.2455    35.2447     5.7403    26.3771    26.3762          8  0.000e+00
       6369 296.873800  -44.38996  -51.83870      0.164    1504.08     21.036     20.865    14.0026    14.0035     0.0008    13.9996    14.0004     0.0008   4.221240   4.221258   0.000017    35.2454    35.2448     5.7402    26.3769    26.3763          8  0.000e+00
       6370 296.873801  -44.38996  -51.83870      0.174    1504.08     21.044     20.873    14.0029    14.0035     0.0006    13.9998    14.0004     0.0006   4.221234   4.221237   0.000004    35.2451    35.2446     5.7401    26.3766    26.3761          8  0.000e+00
       6371 296.873801  -44.38996  -51.83870      0.182    1504.08     21.036     20.865    14.0028    14.0036     0.0008    13.9998    14.0006     0.0008   4.221234   4.221291   0.000057    35.2452    35.2450     5.7400    26.3767    26.3764          8  0.000e+00
       6372 296.873802  -44.38996  -51.83870      0.194    1504.08     21.100     20.929    14.0026    14.0035     0.0008    13.9996    14.0004     0.0008   4.221201   4.221278   0.000077    35.2450    35.2450     5.7400    26.3766    26.3764          8  0.000e+00
       6373 296.873802  -44.38996  -51.83870      0.200    1504.08     21.036     20.865    14.0029    14.0033     0.0004    13.9998    14.0002     0.0004   4.221221   4.221237   0.000017    35.2450    35.2448     5.7398    26.3765    26.3763          8  0.000e+00
       6374 296.873803  -44.38996  -51.83870      0.210    1504.08     21.100     20.929    14.0028    14.0034     0.0006    13.9998    14.0004     0.0006   4.221287   4.221204  -0.000083    35.2456    35.2443     5.7437    26.3770    26.3759          8  0.000e+00
       6375 296.873803  -44.38996  -51.83870      0.222    1504.08     21.100     20.929    14.0028    14.0033     0.0004    13.9998    14.0002     0.0004   4.221247   4.221217  -0.000030    35.2453    35.2446     5.7400    26.3768    26.3761          8  0.000e+00
       6376 296.873804  -44.38996  -51.83870      0.225    1504.08     21.100     20.929    14.0027    14.0033     0.0006    13.9997    14.0002     0.0006   4.221273   4.221191  -0.000083    35.2456    35.2443     5.7398    26.3771    26.3759          8  0.000e+00
       6377 296.873804  -44.38996  -51.83870      0.236    1504.08     21.165     20.993    14.0028    14.0034     0.0006    13.9998    14.0004     0.0006   4.221247   4.221244  -0.000003    35.2452    35.2447     5.7438    26.3767    26.3762          8  0.000e+00
       6378 296.873804  -44.38996  -51.83870      0.244    1504.08     21.157     20.985    14.0025    14.0033     0.0008    13.9995    14.0002     0.0008   4.221201   4.221238   0.000037    35.2451    35.2447     5.7400    26.3767    26.3763          8  0.000e+00
       6379 296.873805  -44.38996  -51.83870      0.255    1504.08     21.221     21.049    14.0027    14.0035     0.0008    13.9996    14.0004     0.0008   4.221161   4.221231   0.000069    35.2445    35.2445     5.7440    26.3762    26.3760          8  0.000e+00
       6380 296.873805  -44.38996  -51.83868      0.261    1504.08     21.157     20.985    14.0025    14.0036     0.0011    13.9995    14.0005     0.0011   4.221181   4.221291   0.000110    35.2449    35.2449     5.7441    26.3766    26.3764          8  0.000e+00
       6381 296.873806  -44.38996  -51.83868      0.267    1504.08     21.165     20.993    14.0026    14.0033     0.0006    13.9996    14.0002     0.0006   4.221274   4.221251  -0.000023    35.2456    35.2449     5.7439    26.3771    26.3764          8  0.000e+00
       6382 296.873806  -44.38996  -51.83868      0.270    1504.08     21.213     21.041    14.0029    14.0030     0.0001    13.9998    13.9999     0.0001   4.221307   4.221231  -0.000076    35.2457    35.2449     5.7437    26.3771    26.3765          8  0.000e+00
       6383 296.873807  -44.38996  -51.83868      0.279    1504.08     21.221     21.049    14.0030    14.0031     0.0001    14.0000    14.0000     0.0001   4.221326   4.221151  -0.000176    35.2458    35.2441     5.7435    26.3771    26.3758          8  0.000e+00
       6384 296.873807  -44.38996  -51.83868      0.288    1504.08     21.285     21.113    14.0028    14.0028    -0.0001    13.9998    13.9997    -0.0001   4.221300   4.221144  -0.000156    35.2457    35.2443     5.7437    26.3771    26.3760          8  0.000e+00
       6385 296.873808  -44.38996  -51.83868      0.291    1504.08     21.213     21.041    14.0029    14.0028    -0.0001    13.9998    13.9997    -0.0001   4.221247   4.221224  -0.000023    35.2452    35.2450     5.7474    26.3767    26.3766          8  0.000e+00
       6386 296.873808  -44.38996  -51.83868      0.297    1504.08     21.285     21.113    14.0025    14.0030     0.0005    13.9994    13.9999     0.0005   4.221254   4.221231  -0.000023    35.2455    35.2449     5.7479    26.3771    26.3765          8  0.000e+00
       6387 296.873809  -44.38996  -51.83868      0.304    1504.08     21.277     21.105    14.0022    14.0028     0.0006    13.9991    13.9997     0.0006   4.221208   4.221171  -0.000037    35.2454    35.2445     5.7442    26.3770    26.3762          8  0.000e+00
