Pos-Processados/process_op41/operantar41_002.ros
* Sea-Bird SBE 9 Data File:
* FileName = C:\Users\Dell\Desktop\Operantar XLI\Raw\OP41002.hdr
* Software Version Seasave V 7.26.7.110
* Temperature SN = 6497
* Conductivity SN = 4954
* Number of Bytes Per Scan = 31
* Number of Voltage Words = 2
* Number of Scans Averaged by the Deck Unit = 1
* NMEA Latitude = 37 16.72 S
* NMEA Longitude = 048 37.48 W
* NMEA UTC (Time) = Oct 17 2022 21:01:25
* NMEA baud rate = 4800
** H41
** Navio Polar Almirante Maximiano
** LH-021/2022
** Operantar XLI
** Número da Estação 002
** Latitude 37ª16.719
** Longitude 048ª37.474
** Data/Hora (Z) 17/10/2022 2100Z
** Profundidade local
** 09-1439
** Nome do Operador 1T FILIPE LOPES
# nquan = 24
# nvalues = 1960                                  
# units = specified
# name 0 = scan: Scan Count
# name 1 = timeJ: Julian Days
# name 2 = latitude: Latitude [deg]
# name 3 = longitude: Longitude [deg]
# name 4 = dz/dtM: Descent Rate [m/s]
# name 5 = avgsvCM: Average Sound Velocity [Chen-Millero, m/s]
# name 6 = prDM: Pressure, Digiquartz [db]
# name 7 = depSM: Depth [salt water, m]
# name 8 = t090C: Temperature [ITS-90, deg C]
# name 9 = t190C: Temperature, 2 [ITS-90, deg C]
# name 10 = T2-T190C: Temperature Difference, 2 - 1 [ITS-90, deg C]
# name 11 = potemp090C: Potential Temperature [ITS-90, deg C]
# name 12 = potemp190C: Potential Temperature, 2 [ITS-90, deg C]
# name 13 = potemp90Cdiff: Potential Temperature, Diff, 2 - 1 [ITS-90, deg C]
# name 14 = c0S/m: Conductivity [S/m]
# name 15 = c1S/m: Conductivity, 2 [S/m]
# name 16 = C2-C1S/m: Conductivity Difference, 2 - 1 [S/m]
# name 17 = sal00: Salinity, Practical [PSU]
# name 18 = sal11: Salinity, Practical, 2 [PSU]
# name 19 = sbeox0ML/L: Oxygen, SBE 43 [ml/l]
# name 20 = sigma-é00: Density [sigma-theta, kg/m^3]
# name 21 = sigma-é11: Density, 2 [sigma-theta, kg/m^3]
# name 22 = nbf: Bottles Fired
# name 23 = flag:  0.000e+00
# interval = seconds: 0.0416667
# start_time = Oct 17 2022 21:01:25 [NMEA time, header]
# bad_flag = -9.990e-29
*END*
[from data line 1812]
      63224 290.906473  -37.28326  -48.62796      0.139    1502.01      2.510      2.491    17.7605    17.7793     0.0188    17.7601    17.7789     0.0188   4.697008   4.698221   0.001213    36.1289    36.1226     5.1692    26.1964    26.1869         23  0.000e+00
      63225 290.906474  -37.28326  -48.62796      0.148    1502.01      2.510      2.491    17.7610    17.7785     0.0174    17.7606    17.7780     0.0174   4.696980   4.698172   0.001192    36.1282    36.1230     5.1692    26.1957    26.1874         23  0.000e+00
      63226 290.906474  -37.28326  -48.62796      0.156    1502.01      2.510      2.491    17.7612    17.7776     0.0164    17.7608    17.7772     0.0164   4.696973   4.698053   0.001080    36.1279    36.1227     5.1694    26.1955    26.1874         23  0.000e+00
      63227 290.906475  -37.28326  -48.62796      0.171    1502.01      2.631      2.611    17.7610    17.7766     0.0156    17.7606    17.7762     0.0156   4.696966   4.698060   0.001094    36.1280    36.1236     5.1694    26.1956    26.1884         23  0.000e+00
      63228 290.906475  -37.28326  -48.62796      0.177    1502.01      2.510      2.491    17.7612    17.7757     0.0145    17.7608    17.7753     0.0145   4.697001   4.698032   0.001032    36.1282    36.1242     5.1693    26.1957    26.1890         23  0.000e+00
      63229 290.906476  -37.28326  -48.62796      0.183    1502.01      2.566      2.547    17.7619    17.7752     0.0133    17.7614    17.7747     0.0133   4.697097   4.698046   0.000949    36.1284    36.1248     5.1692    26.1957    26.1896         23  0.000e+00
      63230 290.906476  -37.28326  -48.62796      0.188    1502.01      2.510      2.491    17.7648    17.7748     0.0100    17.7644    17.7744     0.0100   4.697511   4.698102   0.000592    36.1294    36.1256     5.1689    26.1957    26.1903         23  0.000e+00
      63231 290.906477  -37.28326  -48.62796      0.193    1502.01      2.566      2.547    17.7701    17.7748     0.0047    17.7697    17.7744     0.0047   4.697972   4.698186   0.000214    36.1286    36.1263     5.1725    26.1938    26.1909         23  0.000e+00
      63232 290.906477  -37.28326  -48.62796      0.200    1502.01      2.566      2.547    17.7740    17.7752     0.0012    17.7735    17.7747     0.0012   4.698227   4.698298   0.000071    36.1274    36.1269     5.1692    26.1919    26.1913         23  0.000e+00
      63233 290.906478  -37.28326  -48.62796      0.203    1502.01      2.566      2.547    17.7746    17.7759     0.0013    17.7742    17.7755     0.0013   4.698213   4.698361   0.000147    36.1267    36.1268     5.1697    26.1913    26.1910         23  0.000e+00
      63234 290.906478  -37.28326  -48.62796      0.209    1502.01      2.566      2.547    17.7739    17.7769     0.0030    17.7735    17.7765     0.0030   4.698227   4.698459   0.000231    36.1274    36.1268     5.1700    26.1920    26.1907         23  0.000e+00
      63235 290.906479  -37.28326  -48.62796      0.207    1502.01      2.518      2.499    17.7736    17.7769     0.0033    17.7731    17.7765     0.0033   4.698144   4.698368   0.000223    36.1271    36.1260     5.1739    26.1918    26.1901         23  0.000e+00
      63236 290.906479  -37.28326  -48.62796      0.211    1502.01      2.631      2.611    17.7741    17.7764     0.0023    17.7737    17.7759     0.0023   4.698207   4.698123  -0.000083    36.1270    36.1243     5.1746    26.1916    26.1890         23  0.000e+00
      63237 290.906480  -37.28326  -48.62796      0.211    1502.01      2.566      2.547    17.7749    17.7745    -0.0005    17.7745    17.7741    -0.0005   4.698324   4.697865  -0.000459    36.1274    36.1238     5.1751    26.1917    26.1890         23  0.000e+00
      63238 290.906480  -37.28326  -48.62796      0.210    1502.01      2.566      2.547    17.7737    17.7723    -0.0014    17.7733    17.7719    -0.0014   4.698234   4.697571  -0.000663    36.1277    36.1232     5.1759    26.1922    26.1891         23  0.000e+00
      63239 290.906481  -37.28326  -48.62796      0.211    1502.01      2.566      2.547    17.7726    17.7703    -0.0023    17.7721    17.7699    -0.0023   4.698165   4.697459  -0.000706    36.1281    36.1240     5.1767    26.1928    26.1902         23  0.000e+00
      63240 290.906481  -37.28326  -48.62796      0.205    1502.01      2.510      2.492    17.7720    17.7688    -0.0033    17.7716    17.7683    -0.0033   4.698186   4.697341  -0.000845    36.1288    36.1244     5.1735    26.1935    26.1909         23  0.000e+00
      63241 290.906481  -37.28326  -48.62796      0.205    1502.01      2.566      2.547    17.7724    17.7675    -0.0048    17.7719    17.7671    -0.0048   4.698103   4.697271  -0.000832    36.1278    36.1249     5.1738    26.1926    26.1916         23  0.000e+00
      63242 290.906482  -37.28326  -48.62796      0.201    1502.01      2.567      2.547    17.7718    17.7663    -0.0055    17.7714    17.7659    -0.0055   4.698110   4.697187  -0.000923    36.1283    36.1252     5.1777    26.1931    26.1921         23  0.000e+00
      63243 290.906482  -37.28326  -48.62796      0.195    1502.01      2.567      2.547    17.7733    17.7655    -0.0078    17.7729    17.7650    -0.0078   4.698241   4.697236  -0.001005    36.1281    36.1264     5.1782    26.1926    26.1933         23  0.000e+00
      63244 290.906483  -37.28326  -48.62796      0.189    1502.01      2.510      2.492    17.7758    17.7667    -0.0091    17.7754    17.7662    -0.0091   4.698393   4.697662  -0.000730    36.1272    36.1290     5.1821    26.1913    26.1950         23  0.000e+00
      63245 290.906483  -37.28326  -48.62796      0.183    1502.01      2.567      2.547    17.7778    17.7702    -0.0076    17.7774    17.7698    -0.0076   4.698558   4.698172  -0.000386    36.1268    36.1303     5.1829    26.1905    26.1950         23  0.000e+00
      63246 290.906484  -37.28326  -48.62796      0.175    1502.01      2.510      2.492    17.7768    17.7738    -0.0031    17.7764    17.7733    -0.0031   4.698475   4.698466  -0.000010    36.1270    36.1297     5.1801    26.1909    26.1937         23  0.000e+00
      63247 290.906484  -37.28326  -48.62796      0.167    1502.01      2.567      2.548    17.7752    17.7766     0.0014    17.7747    17.7761     0.0014   4.698255   4.698647   0.000393    36.1266    36.1287     5.1807    26.1910    26.1923         23  0.000e+00
      63248 290.906485  -37.28326  -48.62796      0.158    1502.01      2.510      2.492    17.7746    17.7790     0.0044    17.7742    17.7786     0.0044   4.698262   4.698962   0.000700    36.1272    36.1293     5.1847    26.1916    26.1922         23  0.000e+00
      63249 290.906485  -37.28326  -48.62796      0.149    1502.01      2.518      2.500    17.7754    17.7816     0.0061    17.7750    17.7811     0.0061   4.698303   4.699101   0.000798    36.1268    36.1282     5.1853    26.1911    26.1907         23  0.000e+00
      63250 290.906486  -37.28326  -48.62796      0.139    1502.01      2.510      2.492    17.7762    17.7833     0.0072    17.7758    17.7829     0.0072   4.698344   4.699185   0.000841    36.1265    36.1274     5.1858    26.1907    26.1896         23  0.000e+00
      63251 290.906486  -37.28326  -48.62796      0.129    1502.01      2.510      2.492    17.7766    17.7846     0.0079    17.7762    17.7841     0.0079   4.698420   4.699143   0.000723    36.1267    36.1259     5.1901    26.1907    26.1882         23  0.000e+00
      63252 290.906487  -37.28326  -48.62796      0.117    1502.01      2.510      2.492    17.7774    17.7849     0.0075    17.7769    17.7845     0.0075   4.698344   4.699122   0.000778    36.1254    36.1254     5.1873    26.1896    26.1877         23  0.000e+00
      63253 290.906487  -37.28326  -48.62796      0.110    1502.01      2.510      2.492    17.7768    17.7849     0.0081    17.7764    17.7845     0.0081   4.698289   4.699129   0.000840    36.1254    36.1255     5.1879    26.1897    26.1878         23  0.000e+00
      63254 290.906488  -37.28326  -48.62796      0.094    1502.01      2.454      2.436    17.7783    17.7847     0.0064    17.7779    17.7843     0.0064   4.698517   4.699087   0.000571    36.1261    36.1253     5.1920    26.1899    26.1877         23  0.000e+00
      63255 290.906488  -37.28326  -48.62796      0.086    1502.01      2.510      2.492    17.7803    17.7846     0.0043    17.7798    17.7841     0.0043   4.698709   4.699115   0.000406    36.1260    36.1257     5.1924    26.1893    26.1880         23  0.000e+00
      63256 290.906489  -37.28326  -48.62796      0.069    1502.01      2.454      2.436    17.7811    17.7846     0.0035    17.7807    17.7841     0.0035   4.698778   4.699087   0.000309    36.1259    36.1255     5.1929    26.1890    26.1878         23  0.000e+00
      63257 290.906489  -37.28326  -48.62796      0.060    1502.01      2.454      2.436    17.7808    17.7847     0.0039    17.7804    17.7843     0.0039   4.698792   4.698997   0.000204    36.1263    36.1245     5.1898    26.1894    26.1871         23  0.000e+00
      63258 290.906490  -37.28326  -48.62796      0.047    1502.01      2.454      2.436    17.7802    17.7842     0.0040    17.7798    17.7838     0.0040   4.698758   4.698941   0.000183    36.1265    36.1245     5.1938    26.1897    26.1872         23  0.000e+00
      63259 290.906490  -37.28326  -48.62796      0.033    1502.01      2.454      2.436    17.7794    17.7833     0.0039    17.7790    17.7829     0.0039   4.698661   4.698738   0.000077    36.1264    36.1235     5.1910    26.1898    26.1866         23  0.000e+00
      63260 290.906491  -37.28326  -48.62796      0.026    1502.01      2.510      2.492    17.7782    17.7823     0.0041    17.7778    17.7818     0.0041   4.698572   4.698417  -0.000155    36.1266    36.1217     5.1917    26.1903    26.1855         23  0.000e+00
      63261 290.906491  -37.28326  -48.62796      0.012    1502.01      2.390      2.372    17.7772    17.7802     0.0030    17.7768    17.7798     0.0030   4.698434   4.698081  -0.000353    36.1264    36.1207     5.1919    26.1904    26.1852         23  0.000e+00
      63262 290.906492  -37.28326  -48.62796      0.001    1502.01      2.454      2.436    17.7750    17.7773     0.0023    17.7746    17.7768     0.0023   4.698248   4.697746  -0.000502    36.1267    36.1204     5.1924    26.1911    26.1857         23  0.000e+00
      63263 290.906492  -37.28326  -48.62796     -0.013    1502.01      2.454      2.436    17.7725    17.7743     0.0018    17.7721    17.7739     0.0018   4.698014   4.697536  -0.000477    36.1269    36.1212     5.1929    26.1919    26.1871         23  0.000e+00
      63264 290.906493  -37.28326  -48.62796     -0.023    1502.01      2.398      2.380    17.7698    17.7719     0.0022    17.7694    17.7715     0.0022   4.697814   4.697334  -0.000480    36.1276    36.1216     5.1970    26.1931    26.1879         23  0.000e+00
      63265 290.906493  -37.28326  -48.62796     -0.038    1502.01      2.390      2.372    17.7686    17.7696     0.0010    17.7682    17.7692     0.0010   4.697676   4.697299  -0.000377    36.1275    36.1233     5.1939    26.1933    26.1899         23  0.000e+00
      63266 290.906494  -37.28326  -48.62796     -0.041    1502.01      2.454      2.436    17.7672    17.7679     0.0007    17.7668    17.7675     0.0007   4.697455   4.697285  -0.000171    36.1268    36.1247     5.1943    26.1931    26.1914         23  0.000e+00
      63267 290.906494  -37.28326  -48.62796     -0.056    1502.01      2.390      2.372    17.7648    17.7672     0.0024    17.7644    17.7668     0.0024   4.697194   4.697299   0.000105    36.1267    36.1255     5.1946    26.1936    26.1921         23  0.000e+00
      63268 290.906495  -37.28326  -48.62796     -0.066    1502.01      2.333      2.316    17.7626    17.7665     0.0039    17.7622    17.7661     0.0039   4.697008   4.697264   0.000256    36.1271    36.1258     5.1947    26.1945    26.1925         23  0.000e+00
      63269 290.906495  -37.28326  -48.62796     -0.072    1502.01      2.454      2.436    17.7607    17.7663     0.0057    17.7603    17.7659     0.0057   4.696725   4.697201   0.000476    36.1263    36.1254     5.1948    26.1944    26.1923         23  0.000e+00
      63270 290.906495  -37.28326  -48.62796     -0.079    1502.01      2.390      2.372    17.7583    17.7656     0.0074    17.7579    17.7652     0.0074   4.696532   4.697166   0.000634    36.1268    36.1257     5.1948    26.1953    26.1927         23  0.000e+00
      63271 290.906496  -37.28326  -48.62796     -0.085    1502.01      2.390      2.372    17.7566    17.7651     0.0085    17.7562    17.7647     0.0085   4.696374   4.697117   0.000743    36.1269    36.1258     5.1984    26.1959    26.1929         23  0.000e+00
      63272 290.906496  -37.28326  -48.62796     -0.091    1502.01      2.390      2.372    17.7551    17.7644     0.0093    17.7547    17.7640     0.0093   4.696277   4.697103   0.000826    36.1274    36.1263     5.1949    26.1965    26.1934         23  0.000e+00
      63273 290.906497  -37.28326  -48.62796     -0.101    1502.01      2.333      2.316    17.7547    17.7643     0.0096    17.7543    17.7639     0.0096   4.696284   4.697061   0.000777    36.1279    36.1261     5.1947    26.1970    26.1933         23  0.000e+00
      63274 290.906497  -37.28326  -48.62796     -0.106    1502.01      2.390      2.372    17.7547    17.7640     0.0094    17.7542    17.7636     0.0094   4.696257   4.697117   0.000860    36.1276    36.1267     5.1944    26.1969    26.1938         23  0.000e+00
      63275 290.906498  -37.28326  -48.62796     -0.111    1502.01      2.390      2.372    17.7547    17.7640     0.0093    17.7543    17.7636     0.0093   4.696257   4.697131   0.000874    36.1276    36.1268     5.1941    26.1968    26.1939         23  0.000e+00
      63276 290.906498  -37.28326  -48.62796     -0.108    1502.01      2.390      2.372    17.7545    17.7639     0.0093    17.7541    17.7635     0.0093   4.696222   4.697082   0.000860    36.1275    36.1266     5.1938    26.1968    26.1938         23  0.000e+00
      63277 290.906499  -37.28326  -48.62796     -0.116    1502.01      2.334      2.316    17.7538    17.7634     0.0096    17.7534    17.7630     0.0096   4.696215   4.697019   0.000804    36.1281    36.1265     5.1935    26.1974    26.1939         23  0.000e+00
      63278 290.906499  -37.28326  -48.62796     -0.116    1502.01      2.390      2.372    17.7542    17.7632     0.0090    17.7538    17.7628     0.0090   4.696277   4.696963   0.000686    36.1282    36.1262     5.1931    26.1974    26.1936         23  0.000e+00
      63279 290.906500  -37.28326  -48.62796     -0.116    1502.01      2.454      2.436    17.7547    17.7628     0.0081    17.7543    17.7624     0.0081   4.696408   4.696928   0.000520    36.1289    36.1261     5.1890    26.1978    26.1937         23  0.000e+00
      63280 290.906500  -37.28326  -48.62796     -0.118    1502.01      2.342      2.324    17.7571    17.7627     0.0056    17.7567    17.7623     0.0056   4.696574   4.696879   0.000306    36.1282    36.1259     5.1919    26.1967    26.1936         23  0.000e+00
      63281 290.906501  -37.28326  -48.62796     -0.117    1502.01      2.390      2.372    17.7583    17.7625     0.0042    17.7579    17.7621     0.0042   4.696670   4.696893   0.000223    36.1280    36.1262     5.1878    26.1962    26.1938         23  0.000e+00
      63282 290.906501  -37.28326  -48.62796     -0.116    1502.01      2.390      2.372    17.7590    17.7621     0.0032    17.7586    17.7617     0.0032   4.696753   4.696803   0.000050    36.1281    36.1257     5.1907    26.1961    26.1935         23  0.000e+00
