Pos-Processados/process_op41/operantar41_018.cnv
* Sea-Bird SBE 9 Data File:
* FileName = C:\Users\Dell\Desktop\OperantarXLI\config\00_BRUTOS\OPE41018.hdr
* Software Version Seasave V 7.26.7.110
* Temperature SN = 6497
* Conductivity SN = 4954
* Number of Bytes Per Scan = 34
* Number of Voltage Words = 3
* Number of Scans Averaged by the Deck Unit = 1
* NMEA Latitude = 62 11.15 S
* NMEA Longitude = 058 03.26 W
* NMEA UTC (Time) = Nov 09 2022 19:30:02
* NMEA baud rate = 4800
** H41
** Navio Polar Almirante Maximiano
** LH-021/2022
** Operantar XLI
** Número da Estação 018
** Latitude 62.11.171'S
** Longitude 058 03.25'W
** Data/Hora (Z) 09/11/2022 1930Z
** Profundidade local 421 m
** 09-1439
** Nome do Operador 1T Filipe Lopes
# nquan = 30
# nvalues = 352                         
# units = specified
# name 0 = scan: Scan Count
# name 1 = timeJ: Julian Days
# name 2 = latitude: Latitude [deg]
# name 3 = longitude: Longitude [deg]
# name 4 = dz/dtM: Descent Rate [m/s]
# name 5 = avgsvCM: Average Sound Velocity [Chen-Millero, m/s]
# name 6 = prDM: Pressure, Digiquartz [db]
# name 7 = depSM: Depth [salt water, m]
# name 8 = t090C: Temperature [ITS-90, deg C]
# name 9 = t190C: Temperature, 2 [ITS-90, deg C]
# name 10 = T2-T190C: Temperature Difference, 2 - 1 [ITS-90, deg C]
# name 11 = potemp090C: Potential Temperature [ITS-90, deg C]
# name 12 = potemp190C: Potential Temperature, 2 [ITS-90, deg C]
# name 13 = potemp90Cdiff: Potential Temperature, Diff, 2 - 1 [ITS-90, deg C]
# name 14 = c0S/m: Conductivity [S/m]
# name 15 = c1S/m: Conductivity, 2 [S/m]
# name 16 = C2-C1S/m: Conductivity Difference, 2 - 1 [S/m]
# name 17 = sal00: Salinity, Practical [PSU]
# name 18 = sal11: Salinity, Practical, 2 [PSU]
# name 19 = sbeox0ML/L: Oxygen, SBE 43 [ml/l]
# name 20 = sigma-é00: Density [sigma-theta, kg/m^3]
# name 21 = sigma-é11: Density, 2 [sigma-theta, kg/m^3]
# name 22 = sal00: Salinity, Practical [PSU]
# name 23 = sigma-é00: Density [sigma-theta, kg/m^3]
# name 24 = svCM: Sound Velocity [Chen-Millero, m/s]
# name 25 = svCM1: Sound Velocity, 2 [Chen-Millero, m/s]
# name 26 = gsw_ptA0: potential temperature [ITS-90, deg C]
# name 27 = gsw_densityA0: density, TEOS-10 [density, kg/m^3]
# name 28 = gsw_saA0: Absolute Salinity [g/kg]
# name 29 = flag:
# span 0 =        434,       8956       
# span 1 = 313.812732, 313.816842       
# span 2 =  -62.18585,  -62.18506       
# span 3 =  -58.05448,  -58.05442       
# span 4 =      0.061,      1.419       
# span 5 =       0.00,    1451.90       
# span 6 =      1.000,    352.000       
# span 7 =      0.997,    348.325       
# span 8 =    -0.3607,    -0.0353       
# span 9 =    -0.3618,    -0.0348       
# span 10 =    -0.0043,     4.2496      
# span 11 =    -0.3696,    -0.0454      
# span 12 =    -0.3706,    -0.0449      
# span 13 =    -0.0043,     4.2350      
# span 14 =   0.319454,   2.868532      
# span 15 =   2.825007,   2.868519      
# span 16 =  -0.246810,   0.001443      
# span 17 =    14.3734,    34.4386      
# span 18 =    33.5393,    34.4389      
# span 19 =     5.1663,    90.2556      
# span 20 =     4.1725,    27.6657      
# span 21 =    26.0524,    27.6659      
# span 22 =    33.1970,    34.4381      
# span 23 =    26.6636,    27.6654      
# span 24 =    1447.20,    1452.98      
# span 25 =    1447.20,    1452.99      
# span 26 =    -0.3694,    -0.0453      
# span 27 =  1024.9807,  1029.3360      
# span 28 =    29.1640,    34.6065      
# span 29 = 0.0000e+00, 0.0000e+00      
# interval = decibars: 1                
# start_time = Nov 09 2022 19:30:02 [NMEA time, header]
# bad_flag = -9.990e-29
*END*
[from data line 194]
       5372 313.815113  -62.18522  -58.05446      1.120    1448.35    195.000    193.037    -0.1580    -0.1601    -0.0021    -0.1649    -0.1669    -0.0021   2.847983   2.847814  -0.000163    34.3234    34.3236     6.5877    27.5684    27.5687    34.3194    27.5652    1450.67    1450.66    -0.1647  1028.4995    34.4867 0.0000e+00
       5396 313.815125  -62.18522  -58.05446      1.014    1448.35    196.000    194.027    -0.2061    -0.2098    -0.0037    -0.2129    -0.2166    -0.0037   2.843825   2.843538  -0.000298    34.3252    34.3254     6.5861    27.5723    27.5726    34.3175    27.5660    1450.46    1450.44    -0.2128  1028.5054    34.4847 0.0000e+00
       5421 313.815137  -62.18522  -58.05446      0.976    1448.35    197.000    195.016    -0.2659    -0.2663    -0.0004    -0.2726    -0.2730    -0.0004   2.839130   2.839110  -0.000010    34.3279    34.3283     6.5908    27.5773    27.5776    34.3216    27.5722    1450.20    1450.20    -0.2725  1028.5167    34.4889 0.0000e+00
       5444 313.815148  -62.18521  -58.05446      1.011    1448.35    198.000    196.006    -0.2863    -0.2862     0.0001    -0.2930    -0.2929     0.0001   2.837624   2.837633   0.000018    34.3288    34.3290     6.5849    27.5790    27.5792    34.3238    27.5749    1450.13    1450.13    -0.2929  1028.5244    34.4911 0.0000e+00
       5466 313.815159  -62.18520  -58.05446      1.048    1448.35    199.000    196.995    -0.2910    -0.2913    -0.0003    -0.2977    -0.2980    -0.0003   2.837330   2.837345   0.000007    34.3286    34.3290     6.6007    27.5791    27.5795    34.3245    27.5758    1450.13    1450.13    -0.2976  1028.5300    34.4918 0.0000e+00
       5489 313.815170  -62.18520  -58.05446      1.061    1448.35    200.000    197.985    -0.2924    -0.2924    -0.0000    -0.2992    -0.2992    -0.0000   2.837296   2.837331   0.000036    34.3288    34.3293     6.6342    27.5793    27.5797    34.3251    27.5763    1450.14    1450.14    -0.2991  1028.5353    34.4924 0.0000e+00
       5513 313.815181  -62.18520  -58.05446      1.024    1448.57    201.000    198.974    -0.2954    -0.2958    -0.0004    -0.3022    -0.3026    -0.0004   2.837119   2.837126   0.000009    34.3288    34.3294     6.6675    27.5795    27.5799    34.3255    27.5768    1450.14    1450.14    -0.3021  1028.5406    34.4928 0.0000e+00
       5538 313.815193  -62.18520  -58.05446      0.976    1448.85    202.000    199.963    -0.2969    -0.2972    -0.0003    -0.3037    -0.3041    -0.0003   2.837112   2.837115   0.000004    34.3291    34.3295     6.6781    27.5797    27.5801    34.3265    27.5776    1450.15    1450.15    -0.3036  1028.5462    34.4938 0.0000e+00
       5562 313.815205  -62.18520  -58.05446      0.987    1448.85    203.000    200.953    -0.2958    -0.2962    -0.0004    -0.3027    -0.3031    -0.0004   2.837356   2.837333  -0.000021    34.3301    34.3303     6.6808    27.5805    27.5807    34.3279    27.5788    1450.17    1450.17    -0.3026  1028.5521    34.4953 0.0000e+00
       5584 313.815215  -62.18520  -58.05446      1.048    1448.85    204.000    201.943    -0.2954    -0.2958    -0.0004    -0.3023    -0.3027    -0.0004   2.837543   2.837533  -0.000011    34.3314    34.3316     6.6690    27.5815    27.5818    34.3294    27.5799    1450.19    1450.19    -0.3022  1028.5580    34.4967 0.0000e+00
       5603 313.815225  -62.18520  -58.05446      1.140    1448.85    205.000    202.932    -0.2991    -0.2991    -0.0000    -0.3061    -0.3061    -0.0000   2.837543   2.837570   0.000034    34.3344    34.3349     6.6685    27.5841    27.5845    34.3329    27.5830    1450.20    1450.20    -0.3059  1028.5658    34.5003 0.0000e+00
       5622 313.815234  -62.18520  -58.05446      1.234    1448.85    206.000    203.921    -0.2888    -0.2895    -0.0007    -0.2959    -0.2965    -0.0007   2.838775   2.838810   0.000011    34.3358    34.3367     6.6696    27.5848    27.5856    34.3372    27.5859    1450.27    1450.27    -0.2957  1028.5734    34.5046 0.0000e+00
       5641 313.815243  -62.18520  -58.05446      1.275    1448.85    207.000    204.911    -0.2530    -0.2531    -0.0001    -0.2601    -0.2602    -0.0001   2.842304   2.842325   0.000045    34.3389    34.3396     6.6538    27.5856    27.5862    34.3433    27.5891    1450.46    1450.46    -0.2600  1028.5812    34.5108 0.0000e+00
       5661 313.815253  -62.18520  -58.05446      1.243    1448.85    208.000    205.900    -0.2246    -0.2258    -0.0012    -0.2318    -0.2329    -0.0012   2.844648   2.844584  -0.000051    34.3407    34.3413     6.6395    27.5857    27.5862    34.3420    27.5867    1450.60    1450.60    -0.2317  1028.5833    34.5094 0.0000e+00
       5684 313.815264  -62.18520  -58.05446      1.123    1448.85    209.000    206.889    -0.2254    -0.2261    -0.0007    -0.2326    -0.2333    -0.0007   2.845015   2.845023  -0.000010    34.3424    34.3431     6.6347    27.5871    27.5877    34.3472    27.5909    1450.62    1450.62    -0.2325  1028.5922    34.5146 0.0000e+00
       5710 313.815276  -62.18519  -58.05446      0.966    1448.85    210.000    207.879    -0.1528    -0.1528     0.0001    -0.1602    -0.1601     0.0001   2.851603   2.851662   0.000062    34.3464    34.3471     6.5935    27.5867    27.5873    34.3526    27.5917    1450.98    1450.98    -0.1601  1028.5973    34.5201 0.0000e+00
       5735 313.815288  -62.18518  -58.05446      0.943    1448.85    211.000    208.868    -0.1424    -0.1443    -0.0019    -0.1498    -0.1517    -0.0019   2.852416   2.852294  -0.000132    34.3484    34.3488     6.5565    27.5878    27.5883    34.3510    27.5900    1451.04    1451.04    -0.1497  1028.6002    34.5185 0.0000e+00
       5758 313.815300  -62.18518  -58.05446      1.007    1448.85    212.000    209.858    -0.1520    -0.1472     0.0047    -0.1594    -0.1547     0.0047   2.851658   2.852072   0.000416    34.3496    34.3498     6.5244    27.5893    27.5892    34.3512    27.5906    1451.02    1451.04    -0.1593  1028.6056    34.5187 0.0000e+00
       5780 313.815310  -62.18518  -58.05446      1.057    1448.85    213.000    210.847    -0.1553    -0.1550     0.0003    -0.1628    -0.1625     0.0003   2.851497   2.851577   0.000060    34.3501    34.3506     6.4745    27.5899    27.5902    34.3522    27.5915    1451.02    1451.02    -0.1627  1028.6114    34.5197 0.0000e+00
       5803 313.815321  -62.18518  -58.05446      1.074    1448.85    214.000    211.836    -0.1505    -0.1496     0.0009    -0.1580    -0.1572     0.0009   2.852039   2.852123   0.000102    34.3509    34.3512     6.4206    27.5902    27.5905    34.3534    27.5923    1451.06    1451.06    -0.1579  1028.6169    34.5209 0.0000e+00
       5826 313.815332  -62.18518  -58.05446      1.059    1448.85    215.000    212.826    -0.1457    -0.1462    -0.0005    -0.1533    -0.1538    -0.0005   2.852476   2.852458  -0.000019    34.3514    34.3517     6.3935    27.5904    27.5907    34.3532    27.5919    1451.10    1451.10    -0.1532  1028.6212    34.5207 0.0000e+00
       5848 313.815343  -62.18518  -58.05446      1.062    1448.85    216.000    213.815    -0.1457    -0.1449     0.0008    -0.1533    -0.1526     0.0007   2.852528   2.852651   0.000096    34.3517    34.3522     6.3921    27.5907    27.5910    34.3533    27.5920    1451.11    1451.12    -0.1532  1028.6260    34.5208 0.0000e+00
       5870 313.815354  -62.18518  -58.05446      1.075    1448.85    217.000    214.804    -0.1440    -0.1414     0.0027    -0.1517    -0.1490     0.0027   2.852778   2.853011   0.000259    34.3522    34.3526     6.3940    27.5910    27.5912    34.3541    27.5926    1451.14    1451.15    -0.1516  1028.6313    34.5217 0.0000e+00
       5894 313.815365  -62.18518  -58.05446      1.055    1448.85    218.000    215.794    -0.1402    -0.1402    -0.0000    -0.1479    -0.1479    -0.0000   2.853117   2.853129   0.000009    34.3524    34.3526     6.3979    27.5910    27.5911    34.3537    27.5921    1451.17    1451.17    -0.1478  1028.6356    34.5213 0.0000e+00
       5918 313.815377  -62.18518  -58.05446      0.999    1448.85    219.000    216.783    -0.1412    -0.1414    -0.0002    -0.1489    -0.1492    -0.0002   2.853071   2.853055  -0.000007    34.3526    34.3527     6.3944    27.5912    27.5913    34.3536    27.5920    1451.18    1451.18    -0.1488  1028.6403    34.5212 0.0000e+00
       5941 313.815388  -62.18518  -58.05446      1.010    1448.85    220.000    217.772    -0.1482    -0.1474     0.0008    -0.1559    -0.1551     0.0008   2.852430   2.852539   0.000098    34.3522    34.3526     6.3916    27.5912    27.5915    34.3523    27.5913    1451.17    1451.17    -0.1559  1028.6444    34.5199 0.0000e+00
       5961 313.815397  -62.18518  -58.05446      1.106    1448.85    221.000    218.762    -0.1497    -0.1490     0.0008    -0.1576    -0.1568     0.0008   2.852361   2.852461   0.000091    34.3522    34.3525     6.3912    27.5913    27.5915    34.3526    27.5916    1451.18    1451.18    -0.1574  1028.6494    34.5201 0.0000e+00
       5979 313.815406  -62.18516  -58.05446      1.226    1448.85    222.000    219.751    -0.1529    -0.1499     0.0030    -0.1607    -0.1577     0.0030   2.852163   2.852488   0.000296    34.3526    34.3532     6.3949    27.5918    27.5921    34.3528    27.5920    1451.18    1451.19    -0.1606  1028.6546    34.5204 0.0000e+00
       5997 313.815415  -62.18516  -58.05446      1.308    1448.85    223.000    220.741    -0.1480    -0.1478     0.0002    -0.1559    -0.1557     0.0002   2.852778   2.852782   0.000042    34.3533    34.3536     6.3932    27.5921    27.5924    34.3550    27.5935    1451.22    1451.22    -0.1558  1028.6608    34.5226 0.0000e+00
       6016 313.815424  -62.18516  -58.05446      1.315    1448.85    224.000    221.730    -0.1430    -0.1434    -0.0005    -0.1509    -0.1514    -0.0005   2.853244   2.853233  -0.000003    34.3538    34.3543     6.3906    27.5923    27.5927    34.3549    27.5931    1451.26    1451.26    -0.1508  1028.6652    34.5225 0.0000e+00
       6036 313.815433  -62.18516  -58.05446      1.267    1448.85    225.000    222.719    -0.1438    -0.1443    -0.0005    -0.1518    -0.1522    -0.0005   2.853221   2.853206  -0.000017    34.3544    34.3547     6.3948    27.5928    27.5930    34.3549    27.5932    1451.27    1451.27    -0.1516  1028.6700    34.5225 0.0000e+00
       6057 313.815444  -62.18516  -58.05446      1.192    1448.85    226.000    223.709    -0.1448    -0.1448    -0.0000    -0.1528    -0.1528    -0.0000   2.853195   2.853214   0.000014    34.3547    34.3549     6.3944    27.5930    27.5932    34.3550    27.5934    1451.28    1451.28    -0.1527  1028.6749    34.5226 0.0000e+00
       6079 313.815454  -62.18516  -58.05446      1.109    1448.85    227.000    224.698    -0.1453    -0.1438     0.0015    -0.1533    -0.1518     0.0015   2.853261   2.853467   0.000180    34.3548    34.3555     6.3882    27.5932    27.5937    34.3559    27.5941    1451.30    1451.31    -0.1532  1028.6804    34.5236 0.0000e+00
       6104 313.815466  -62.18516  -58.05446      1.021    1448.85    228.000    225.687    -0.1361    -0.1356     0.0004    -0.1442    -0.1437     0.0004   2.854171   2.854212   0.000071    34.3560    34.3565     6.3839    27.5937    27.5940    34.3570    27.5945    1451.36    1451.36    -0.1441  1028.6855    34.5247 0.0000e+00
       6130 313.815479  -62.18516  -58.05446      0.935    1448.85    229.000    226.676    -0.1350    -0.1353    -0.0003    -0.1432    -0.1434    -0.0003   2.854316   2.854308  -0.000010    34.3566    34.3567     6.3872    27.5941    27.5943    34.3572    27.5946    1451.38    1451.38    -0.1430  1028.6903    34.5248 0.0000e+00
       6159 313.815493  -62.18516  -58.05446      0.848    1448.85    230.000    227.666    -0.1360    -0.1349     0.0011    -0.1442    -0.1431     0.0011   2.854272   2.854377   0.000110    34.3565    34.3567     6.3832    27.5941    27.5943    34.3571    27.5946    1451.39    1451.40    -0.1440  1028.6951    34.5247 0.0000e+00
       6184 313.815505  -62.18516  -58.05446      0.910    1448.85    231.000    228.655    -0.1403    -0.1386     0.0017    -0.1485    -0.1468     0.0017   2.853793   2.853897   0.000135    34.3566    34.3565     6.3732    27.5944    27.5943    34.3550    27.5931    1451.39    1451.39    -0.1484  1028.6984    34.5226 0.0000e+00
       6207 313.815516  -62.18516  -58.05446      1.002    1448.85    232.000    229.644    -0.1630    -0.1638    -0.0007    -0.1712    -0.1720    -0.0007   2.851821   2.851913   0.000029    34.3556    34.3568     6.3669    27.5947    27.5957    34.3537    27.5932    1451.29    1451.29    -0.1711  1028.7034    34.5213 0.0000e+00
       6230 313.815527  -62.18516  -58.05446      1.046    1448.85    233.000    230.634    -0.1739    -0.1729     0.0010    -0.1821    -0.1811     0.0010   2.850950   2.850977   0.000092    34.3553    34.3554     6.3592    27.5950    27.5950    34.3538    27.5938    1451.26    1451.26    -0.1820  1028.7088    34.5214 0.0000e+00
       6253 313.815538  -62.18516  -58.05446      1.040    1448.85    234.000    231.623    -0.1858    -0.1888    -0.0030    -0.1940    -0.1970    -0.0030   2.849969   2.849674  -0.000245    34.3548    34.3550     6.3562    27.5953    27.5955    34.3534    27.5941    1451.22    1451.21    -0.1939  1028.7140    34.5210 0.0000e+00
       6275 313.815549  -62.18516  -58.05446      1.057    1448.85    235.000    232.612    -0.1958    -0.1944     0.0014    -0.2041    -0.2026     0.0014   2.848926   2.849255   0.000195    34.3538    34.3548     6.3704    27.5949    27.5956    34.3503    27.5920    1451.19    1451.20    -0.2039  1028.7168    34.5179 0.0000e+00
       6294 313.815558  -62.18516  -58.05446      1.138    1448.85    236.000    233.601    -0.2074    -0.2031     0.0042    -0.2156    -0.2114     0.0042   2.848169   2.848478   0.000350    34.3540    34.3540     6.3884    27.5957    27.5954    34.3525    27.5944    1451.15    1451.17    -0.2155  1028.7240    34.5202 0.0000e+00
       6314 313.815568  -62.18516  -58.05446      1.221    1448.85    237.000    234.591    -0.2086    -0.2080     0.0006    -0.2169    -0.2163     0.0006   2.848292   2.848431   0.000115    34.3549    34.3557     6.4080    27.5964    27.5970    34.3550    27.5965    1451.17    1451.17    -0.2168  1028.7308    34.5226 0.0000e+00
       6333 313.815577  -62.18516  -58.05446      1.247    1448.85    238.000    235.580    -0.1870    -0.1865     0.0006    -0.1954    -0.1949     0.0006   2.850503   2.850580   0.000097    34.3583    34.3591     6.4187    27.5981    27.5987    34.3595    27.5991    1451.29    1451.29    -0.1953  1028.7380    34.5272 0.0000e+00
       6354 313.815587  -62.18516  -58.05446      1.203    1448.85    239.000    236.569    -0.1820    -0.1818     0.0002    -0.1904    -0.1902     0.0002   2.850914   2.850960   0.000049    34.3588    34.3593     6.4353    27.5983    27.5986    34.3587    27.5982    1451.33    1451.33    -0.1903  1028.7418    34.5264 0.0000e+00
       6379 313.815599  -62.18516  -58.05446      1.053    1448.85    240.000    237.558    -0.1818    -0.1820    -0.0002    -0.1902    -0.1904    -0.0002   2.850984   2.850991   0.000017    34.3591    34.3596     6.4470    27.5985    27.5989    34.3588    27.5982    1451.35    1451.35    -0.1901  1028.7466    34.5265 0.0000e+00
       6408 313.815613  -62.18516  -58.05446      0.867    1448.85    241.000    238.548    -0.1802    -0.1808    -0.0006    -0.1887    -0.1893    -0.0006   2.851283   2.851265  -0.000017    34.3596    34.3600     6.4286    27.5988    27.5992    34.3604    27.5994    1451.37    1451.37    -0.1886  1028.7525    34.5281 0.0000e+00
