Pos-Processados/process_op41/operantar41_008.cnv
* Sea-Bird SBE 9 Data File:
* FileName = C:\Users\Dell\Desktop\OperantarXLI\config\00_BRUTOS\OP41008.hdr
* Software Version Seasave V 7.26.7.110
* Temperature SN = 6497
* Conductivity SN = 4954
* Number of Bytes Per Scan = 31
* Number of Voltage Words = 2
* Number of Scans Averaged by the Deck Unit = 1
* NMEA Latitude = 42 30.30 S
* NMEA Longitude = 052 37.08 W
* NMEA UTC (Time) = Oct 22 2022 23:44:28
* NMEA baud rate = 4800
** H41
** Navio Polar Almirante Maximiano
** LH-021/2022
** Operantar XLI
** Número da Estação 008
** Latitude 42 30.175S
** Longitude 52 36.384
** Data/Hora (Z) 22/10/2022 2343Z
** Profundidade local 5665
** 09-1439
** Nome do Operador 1T FILIPE LOPES
# nquan = 30
# nvalues = 2041                        
# units = specified
# name 0 = scan: Scan Count
# name 1 = timeJ: Julian Days
# name 2 = latitude: Latitude [deg]
# name 3 = longitude: Longitude [deg]
# name 4 = dz/dtM: Descent Rate [m/s]
# name 5 = avgsvCM: Average Sound Velocity [Chen-Millero, m/s]
# name 6 = prDM: Pressure, Digiquartz [db]
# name 7 = depSM: Depth [salt water, m]
# name 8 = t090C: Temperature [ITS-90, deg C]
# name 9 = t190C: Temperature, 2 [ITS-90, deg C]
# name 10 = T2-T190C: Temperature Difference, 2 - 1 [ITS-90, deg C]
# name 11 = potemp090C: Potential Temperature [ITS-90, deg C]
# name 12 = potemp190C: Potential Temperature, 2 [ITS-90, deg C]
# name 13 = potemp90Cdiff: Potential Temperature, Diff, 2 - 1 [ITS-90, deg C]
# name 14 = c0S/m: Conductivity [S/m]
# name 15 = c1S/m: Conductivity, 2 [S/m]
# name 16 = C2-C1S/m: Conductivity Difference, 2 - 1 [S/m]
# name 17 = sal00: Salinity, Practical [PSU]
# name 18 = sal11: Salinity, Practical, 2 [PSU]
# name 19 = sbeox0ML/L: Oxygen, SBE 43 [ml/l]
# name 20 = sigma-é00: Density [sigma-theta, kg/m^3]
# name 21 = sigma-é11: Density, 2 [sigma-theta, kg/m^3]
# name 22 = sal00: Salinity, Practical [PSU]
# name 23 = sigma-é00: Density [sigma-theta, kg/m^3]
# name 24 = svCM: Sound Velocity [Chen-Millero, m/s]
# name 25 = svCM1: Sound Velocity, 2 [Chen-Millero, m/s]
# name 26 = gsw_ptA0: potential temperature [ITS-90, deg C]
# name 27 = gsw_densityA0: density, TEOS-10 [density, kg/m^3]
# name 28 = gsw_saA0: Absolute Salinity [g/kg]
# name 29 = flag:
# span 0 =        685,      68183       
# span 1 = 295.989543, 296.022094       
# span 2 =  -42.50855,  -42.50512       
# span 3 =  -52.65680,  -52.61845       
# span 4 =     -1.861,      1.598       
# span 5 =       0.00,    1505.49       
# span 6 =      2.000,   1023.000       
# span 7 =      1.984,   1012.426       
# span 8 =     3.0793,    14.0842       
# span 9 =     3.0797,    14.0836       
# span 10 =    -1.1762,     0.0808      
# span 11 =     3.0093,    14.0836      
# span 12 =     3.0098,    14.0828      
# span 13 =    -1.1758,     0.0803      
# span 14 =   3.164762,   4.176686      
# span 15 =   3.164821,   4.176675      
# span 16 =  -0.019916,   0.007203      
# span 17 =    34.1350,    35.0501      
# span 18 =    34.1354,    36.0334      
# span 19 =     4.3688,     6.1822      
# span 20 =    25.9859,    27.3631      
# span 21 =    25.9861,    27.5744      
# span 22 =    34.1358,    35.0462      
# span 23 =    25.9858,    27.3629      
# span 24 =    1474.42,    1503.61      
# span 25 =    1474.43,    1503.61      
# span 26 =     3.0092,    14.0836      
# span 27 =  1026.0083,  1032.1001      
# span 28 =    34.2974,    35.2117      
# span 29 = 0.0000e+00, 0.0000e+00      
# interval = decibars: 1                
# start_time = Oct 22 2022 23:44:28 [NMEA time, header]
# bad_flag = -9.990e-29
*END*
[from data line 1596]
      50092 296.013369  -42.50770  -52.64703     -0.945    1479.23    446.000    442.007     4.4196     4.4246     0.0050     4.3866     4.3915     0.0049   3.239897   3.240370   0.000445    34.1382    34.1383     5.9532    27.0600    27.0595    34.1386    27.0604    1474.56    1474.58     4.3865  1029.1236    34.3007 0.0000e+00
      50130 296.013388  -42.50770  -52.64705     -0.639    1479.23    445.000    441.013     4.4224     4.4274     0.0050     4.3894     4.3944     0.0050   3.240113   3.240530   0.000426    34.1380    34.1378     5.9487    27.0595    27.0589    34.1388    27.0602    1474.56    1474.58     4.3893  1029.1188    34.3009 0.0000e+00
      50167 296.013405  -42.50770  -52.64708     -0.635    1479.23    444.000    440.025     4.4303     4.4306     0.0003     4.3973     4.3976     0.0003   3.240722   3.240799   0.000085    34.1373    34.1379     5.9504    27.0582    27.0586    34.1384    27.0590    1474.58    1474.58     4.3972  1029.1129    34.3004 0.0000e+00
      50195 296.013419  -42.50770  -52.64710     -0.792    1479.23    443.000    439.035     4.4393     4.4394     0.0002     4.4064     4.4065     0.0002   3.241461   3.241577   0.000098    34.1369    34.1379     5.9404    27.0569    27.0576    34.1382    27.0579    1474.60    1474.60     4.4063  1029.1071    34.3003 0.0000e+00
      50221 296.013432  -42.50772  -52.64711     -0.905    1479.23    442.000    438.045     4.4453     4.4488     0.0035     4.4124     4.4159     0.0035   3.241943   3.242334   0.000401    34.1369    34.1380     5.9469    27.0563    27.0567    34.1382    27.0572    1474.60    1474.62     4.4124  1029.1018    34.3003 0.0000e+00
      50250 296.013446  -42.50771  -52.64713     -0.867    1479.23    441.000    437.056     4.4491     4.4549     0.0058     4.4163     4.4221     0.0058   3.242175   3.242860   0.000633    34.1368    34.1382     5.9498    27.0557    27.0562    34.1375    27.0563    1474.60    1474.63     4.4162  1029.0962    34.2996 0.0000e+00
      50287 296.013464  -42.50770  -52.64714     -0.674    1479.23    440.000    436.064     4.4522     4.4589     0.0067     4.4195     4.4261     0.0067   3.242461   3.243124   0.000683    34.1371    34.1381     5.9594    27.0556    27.0557    34.1382    27.0565    1474.60    1474.63     4.4194  1029.0917    34.3002 0.0000e+00
      50325 296.013482  -42.50770  -52.64715     -0.620    1479.23    439.000    435.075     4.4589     4.4612     0.0023     4.4262     4.4285     0.0023   3.243048   3.243331   0.000291    34.1375    34.1385     5.9708    27.0552    27.0558    34.1386    27.0561    1474.61    1474.62     4.4261  1029.0867    34.3007 0.0000e+00
      50353 296.013496  -42.50770  -52.64718     -0.768    1479.23    438.000    434.085     4.4649     4.4643    -0.0006     4.4323     4.4317    -0.0006   3.243558   3.243552   0.000013    34.1378    34.1386     5.9708    27.0548    27.0555    34.1390    27.0557    1474.62    1474.62     4.4322  1029.0816    34.3010 0.0000e+00
      50378 296.013507  -42.50770  -52.64718     -0.925    1479.23    437.000    433.095     4.4671     4.4672     0.0001     4.4346     4.4347     0.0001   3.243673   3.243741   0.000071    34.1376    34.1384     5.9720    27.0544    27.0550    34.1385    27.0551    1474.61    1474.61     4.4345  1029.0763    34.3005 0.0000e+00
      50401 296.013518  -42.50770  -52.64720     -1.013    1479.23    436.000    432.104     4.4677     4.4682     0.0005     4.4352     4.4357     0.0005   3.243667   3.243766   0.000095    34.1377    34.1383     5.9656    27.0544    27.0548    34.1384    27.0549    1474.60    1474.60     4.4352  1029.0716    34.3004 0.0000e+00
      50424 296.013530  -42.50770  -52.64721     -1.031    1479.23    435.000    431.115     4.4680     4.4715     0.0036     4.4356     4.4391     0.0036   3.243641   3.243984   0.000339    34.1376    34.1379     5.9647    27.0543    27.0541    34.1383    27.0548    1474.58    1474.60     4.4355  1029.0669    34.3003 0.0000e+00
      50449 296.013542  -42.50771  -52.64723     -1.005    1479.23    434.000    430.124     4.4709     4.4743     0.0034     4.4386     4.4420     0.0034   3.243860   3.244245   0.000362    34.1375    34.1382     5.9712    27.0539    27.0541    34.1383    27.0545    1474.58    1474.59     4.4385  1029.0619    34.3003 0.0000e+00
      50474 296.013554  -42.50772  -52.64724     -0.970    1479.23    433.000    429.134     4.4719     4.4760     0.0041     4.4396     4.4437     0.0041   3.243850   3.244272   0.000428    34.1373    34.1381     5.9716    27.0536    27.0538    34.1377    27.0539    1474.56    1474.58     4.4396  1029.0567    34.2997 0.0000e+00
      50503 296.013568  -42.50772  -52.64726     -0.877    1479.23    432.000    428.145     4.4718     4.4812     0.0095     4.4396     4.4490     0.0094   3.243844   3.244706   0.000819    34.1377    34.1376     5.9654    27.0540    27.0528    34.1383    27.0544    1474.55    1474.59     4.4395  1029.0526    34.3003 0.0000e+00
      50540 296.013586  -42.50772  -52.64729     -0.673    1479.23    431.000    427.154     4.4840     4.4977     0.0136     4.4519     4.4655     0.0136   3.244915   3.246217   0.001277    34.1369    34.1378     5.9634    27.0520    27.0512    34.1387    27.0534    1474.58    1474.64     4.4518  1029.0468    34.3007 0.0000e+00
      50581 296.013605  -42.50772  -52.64731     -0.581    1479.23    430.000    426.164     4.5013     4.5066     0.0053     4.4692     4.4745     0.0053   3.246360   3.246991   0.000625    34.1370    34.1388     5.9627    27.0501    27.0510    34.1383    27.0512    1474.64    1474.66     4.4692  1029.0398    34.3003 0.0000e+00
      50614 296.013621  -42.50772  -52.64732     -0.697    1479.23    429.000    425.174     4.5094     4.5146     0.0052     4.4773     4.4825     0.0052   3.247194   3.247677   0.000538    34.1383    34.1393     5.9564    27.0503    27.0505    34.1402    27.0519    1474.66    1474.68     4.4773  1029.0358    34.3023 0.0000e+00
      50644 296.013636  -42.50772  -52.64732     -0.791    1479.23    428.000    424.184     4.5159     4.5172     0.0013     4.4839     4.4852     0.0013   3.247688   3.247860   0.000179    34.1386    34.1393     5.9612    27.0499    27.0503    34.1398    27.0508    1474.67    1474.67     4.4838  1029.0301    34.3018 0.0000e+00
      50677 296.013652  -42.50772  -52.64735     -0.733    1479.23    427.000    423.194     4.5170     4.5196     0.0026     4.4851     4.4877     0.0026   3.247685   3.247963   0.000289    34.1382    34.1388     5.9637    27.0494    27.0496    34.1392    27.0501    1474.65    1474.67     4.4850  1029.0248    34.3012 0.0000e+00
      50710 296.013667  -42.50772  -52.64737     -0.711    1479.23    426.000    422.204     4.5194     4.5209     0.0015     4.4876     4.4890     0.0015   3.247840   3.247944   0.000132    34.1379    34.1379     5.9668    27.0489    27.0487    34.1390    27.0498    1474.65    1474.65     4.4875  1029.0198    34.3010 0.0000e+00
      50735 296.013679  -42.50772  -52.64738     -0.868    1479.23    425.000    421.214     4.5252     4.5259     0.0007     4.4934     4.4941     0.0007   3.248266   3.248391   0.000126    34.1370    34.1377     5.9691    27.0475    27.0480    34.1385    27.0487    1474.65    1474.66     4.4933  1029.0141    34.3005 0.0000e+00
      50756 296.013690  -42.50772  -52.64739     -1.049    1479.23    424.000    420.224     4.5318     4.5315    -0.0002     4.5000     4.4998    -0.0002   3.248735   3.248759   0.000043    34.1365    34.1373     5.9670    27.0464    27.0471    34.1377    27.0474    1474.66    1474.66     4.5000  1029.0081    34.2997 0.0000e+00
      50777 296.013700  -42.50772  -52.64741     -1.134    1479.23    423.000    419.234     4.5342     4.5333    -0.0008     4.5025     4.5017    -0.0008   3.248897   3.248879  -0.000018    34.1367    34.1373     5.9622    27.0463    27.0469    34.1377    27.0471    1474.66    1474.66     4.5024  1029.0032    34.2997 0.0000e+00
      50803 296.013712  -42.50773  -52.64743     -1.024    1479.23    422.000    418.244     4.5320     4.5340     0.0019     4.5004     4.5024     0.0019   3.248646   3.248862   0.000197    34.1370    34.1373     5.9595    27.0468    27.0468    34.1375    27.0472    1474.63    1474.64     4.5003  1028.9987    34.2995 0.0000e+00
      50838 296.013729  -42.50774  -52.64744     -0.721    1479.23    421.000    417.254     4.5313     4.5356     0.0043     4.4998     4.5041     0.0043   3.248573   3.248974   0.000405    34.1370    34.1373     5.9668    27.0469    27.0466    34.1378    27.0475    1474.61    1474.63     4.4997  1028.9945    34.2998 0.0000e+00
      50875 296.013747  -42.50774  -52.64747     -0.643    1479.23    420.000    416.263     4.5395     4.5393    -0.0002     4.5080     4.5079    -0.0002   3.249273   3.249307   0.000062    34.1369    34.1377     5.9730    27.0459    27.0466    34.1381    27.0469    1474.63    1474.63     4.5080  1028.9891    34.3001 0.0000e+00
      50905 296.013762  -42.50774  -52.64748     -0.758    1479.23    419.000    415.274     4.5486     4.5514     0.0028     4.5172     4.5199     0.0028   3.250045   3.250425   0.000330    34.1373    34.1382     5.9617    27.0452    27.0456    34.1383    27.0460    1474.65    1474.67     4.5171  1028.9835    34.3003 0.0000e+00
      50943 296.013780  -42.50774  -52.64750     -0.673    1479.23    418.000    414.284     4.5535     4.5616     0.0080     4.5222     4.5302     0.0080   3.250473   3.251212   0.000734    34.1374    34.1377     5.9635    27.0448    27.0441    34.1387    27.0458    1474.66    1474.69     4.5221  1028.9786    34.3007 0.0000e+00
      50982 296.013799  -42.50774  -52.64752     -0.582    1479.23    417.000    413.293     4.5651     4.5703     0.0052     4.5337     4.5390     0.0052   3.251514   3.252082   0.000573    34.1380    34.1393     5.9724    27.0439    27.0444    34.1395    27.0451    1474.69    1474.71     4.5337  1028.9731    34.3012 0.0000e+00
      51008 296.013811 -9.990e-29  -52.64754     -0.798    1479.23    416.000    412.303     4.5809     4.5790    -0.0019     4.5496     4.5477    -0.0019   3.253078   3.252912  -0.000116    34.1393    34.1399     5.9665    27.0433    27.0439    34.1420    27.0454    1474.74    1474.73     4.5495  1028.9682    34.3033 0.0000e+00
      51028 296.013821 -9.990e-29  -52.64754     -1.047    1479.23    415.000    411.313     4.5889     4.5862    -0.0027     4.5576     4.5550    -0.0027   3.253706   3.253511  -0.000182    34.1396    34.1403     5.9752    27.0426    27.0434    34.1416    27.0442    1474.76    1474.75     4.5576  1028.9623    34.3029 0.0000e+00
      51049 296.013831 -9.990e-29  -52.64755     -1.176    1479.23    414.000    410.323     4.5920     4.5908    -0.0012     4.5608     4.5596    -0.0012   3.253905   3.253861  -0.000048    34.1398    34.1405     5.9747    27.0425    27.0432    34.1412    27.0435    1474.75    1474.75     4.5608  1028.9571    34.3025 0.0000e+00
      51080 296.013846  -42.50773  -52.64757     -0.912    1479.23    413.000    409.333     4.5900     4.5941     0.0041     4.5589     4.5630     0.0041   3.253662   3.254070   0.000364    34.1400    34.1400     5.9691    27.0428    27.0423    34.1409    27.0435    1474.73    1474.75     4.5588  1028.9527    34.3025 0.0000e+00
      51127 296.013868  -42.50774  -52.64760     -0.458    1479.23    412.000    408.342     4.6013     4.6066     0.0053     4.5703     4.5756     0.0053   3.254715   3.255239   0.000557    34.1400    34.1410     5.9723    27.0416    27.0418    34.1421    27.0432    1474.76    1474.78     4.5702  1028.9480    34.3041 0.0000e+00
      51156 296.013882  -42.50774  -52.64762     -0.702    1479.23    411.000    407.353     4.6284     4.6288     0.0004     4.5974     4.5978     0.0004   3.257383   3.257458   0.000134    34.1411    34.1422     5.9723    27.0394    27.0403    34.1458    27.0432    1474.86    1474.86     4.5973  1028.9430    34.3078 0.0000e+00
      51175 296.013892  -42.50776  -52.64764     -1.007    1479.23    410.000    406.363     4.6503     4.6465    -0.0037     4.6192     4.6155    -0.0037   3.259199   3.258951  -0.000253    34.1421    34.1430     5.9745    27.0378    27.0389    34.1450    27.0401    1474.93    1474.92     4.6192  1028.9352    34.3070 0.0000e+00
      51195 296.013901  -42.50776  -52.64764     -1.207    1479.23    409.000    405.372     4.6537     4.6535    -0.0002     4.6227     4.6226    -0.0002   3.259461   3.259443   0.000028    34.1426    34.1431     5.9709    27.0378    27.0383    34.1450    27.0398    1474.93    1474.93     4.6226  1028.9302    34.3070 0.0000e+00
      51227 296.013917  -42.50775  -52.64766     -0.923    1479.23    408.000    404.385     4.6513     4.6563     0.0050     4.6204     4.6254     0.0050   3.259154   3.259632   0.000429    34.1430    34.1428     5.9612    27.0384    27.0377    34.1444    27.0395    1474.90    1474.92     4.6204  1028.9254    34.3064 0.0000e+00
      51292 296.013948  -42.50774  -52.64768     -0.207    1479.23    407.000    403.389     4.6666     4.6724     0.0058     4.6358     4.6415     0.0057   3.260621   3.261229   0.000617    34.1434    34.1447     5.9603    27.0371    27.0374    34.1462    27.0393    1474.95    1474.98     4.6357  1028.9204    34.3082 0.0000e+00
      51319 296.013961  -42.50774  -52.64770     -0.679    1479.23    406.000    402.402     4.6900     4.6972     0.0073     4.6591     4.6664     0.0073   3.262836   3.263523   0.000744    34.1449    34.1461     5.9579    27.0357    27.0358    34.1486    27.0386    1475.03    1475.07     4.6590  1028.9148    34.3106 0.0000e+00
      51337 296.013970  -42.50774  -52.64772     -1.040    1479.23    405.000    401.412     4.7069     4.7060    -0.0009     4.6761     4.6752    -0.0009   3.264390   3.264333   0.000013    34.1457    34.1468     5.9577    27.0344    27.0354    34.1497    27.0376    1475.09    1475.09     4.6760  1028.9090    34.3117 0.0000e+00
      51356 296.013979  -42.50774  -52.64772     -1.271    1479.23    404.000    400.421     4.7213     4.7139    -0.0074     4.6905     4.6832    -0.0074   3.265690   3.265065  -0.000604    34.1469    34.1475     5.9701    27.0338    27.0351    34.1505    27.0366    1475.13    1475.10     4.6904  1028.9033    34.3125 0.0000e+00
      51378 296.013990  -42.50774  -52.64773     -1.203    1479.23    403.000    399.431     4.7261     4.7253    -0.0008     4.6954     4.6946    -0.0008   3.265990   3.265990  -0.000007    34.1474    34.1482     5.9749    27.0336    27.0343    34.1496    27.0354    1475.13    1475.13     4.6953  1028.8974    34.3116 0.0000e+00
      51412 296.014006  -42.50775  -52.64776     -0.814    1479.23    402.000    398.441     4.7192     4.7281     0.0090     4.6885     4.6975     0.0089   3.265305   3.266149   0.000803    34.1474    34.1476     5.9678    27.0344    27.0335    34.1493    27.0359    1475.09    1475.13     4.6885  1028.8934    34.3113 0.0000e+00
      51449 296.014024  -42.50776  -52.64778     -0.632    1479.23    401.000    397.451     4.7325     4.7345     0.0019     4.7019     4.7039     0.0019   3.266525   3.266776   0.000287    34.1479    34.1493     5.9668    27.0333    27.0342    34.1503    27.0352    1475.13    1475.14     4.7019  1028.8879    34.3123 0.0000e+00
      51480 296.014039  -42.50776  -52.64779     -0.736    1479.23    400.000    396.461     4.7377     4.7385     0.0008     4.7071     4.7080     0.0008   3.266960   3.267090   0.000129    34.1489    34.1495     5.9658    27.0335    27.0339    34.1505    27.0348    1475.13    1475.14     4.7071  1028.8829    34.3125 0.0000e+00
