Pos-Processados/process_op41/operantar41_010.ros
* Sea-Bird SBE 9 Data File:
* FileName = C:\Users\Dell\Desktop\OperantarXLI\config\00_BRUTOS\OPE41010.hdr
* Software Version Seasave V 7.26.7.110
* Temperature SN = 6497
* Conductivity SN = 4954
* Number of Bytes Per Scan = 31
* Number of Voltage Words = 2
* Number of Scans Averaged by the Deck Unit = 1
* NMEA Latitude = 43 21.18 S
* NMEA Longitude = 052 01.61 W
* NMEA UTC (Time) = Oct 23 2022 09:44:46
* NMEA baud rate = 4800
** H41
** Navio Polar Almirante Maximiano
** LH-021/2022
** Operantar XLI
** Número da Estação 010
** Latitude 43 21.101' S
** Longitude 52 01.366' W
** Data/Hora (Z) 23/10/2022 0903Z
** Profundidade local 5718 m
** 09-1439
** Nome do Operador CT Garla
# nquan = 24
# nvalues = 1533                                  
# units = specified
# name 0 = scan: Scan Count
# name 1 = timeJ: Julian Days
# name 2 = latitude: Latitude [deg]
# name 3 = longitude: Longitude [deg]
# name 4 = dz/dtM: Descent Rate [m/s]
# name 5 = avgsvCM: Average Sound Velocity [Chen-Millero, m/s]
# name 6 = prDM: Pressure, Digiquartz [db]
# name 7 = depSM: Depth [salt water, m]
# name 8 = t090C: Temperature [ITS-90, deg C]
# name 9 = t190C: Temperature, 2 [ITS-90, deg C]
# name 10 = T2-T190C: Temperature Difference, 2 - 1 [ITS-90, deg C]
# name 11 = potemp090C: Potential Temperature [ITS-90, deg C]
# name 12 = potemp190C: Potential Temperature, 2 [ITS-90, deg C]
# name 13 = potemp90Cdiff: Potential Temperature, Diff, 2 - 1 [ITS-90, deg C]
# name 14 = c0S/m: Conductivity [S/m]
# name 15 = c1S/m: Conductivity, 2 [S/m]
# name 16 = C2-C1S/m: Conductivity Difference, 2 - 1 [S/m]
# name 17 = sal00: Salinity, Practical [PSU]
# name 18 = sal11: Salinity, Practical, 2 [PSU]
# name 19 = sbeox0ML/L: Oxygen, SBE 43 [ml/l]
# name 20 = sigma-é00: Density [sigma-theta, kg/m^3]
# name 21 = sigma-é11: Density, 2 [sigma-theta, kg/m^3]
# name 22 = nbf: Bottles Fired
# name 23 = flag:  0.000e+00
# interval = seconds: 0.0416667
# start_time = Oct 23 2022 09:44:46 [NMEA time, header]
# bad_flag = -9.990e-29
*END*
[from data line 1510]
       9127 296.410489  -43.35332  -52.02782      0.030    1506.09      4.850      4.812    14.4321    14.4324     0.0003    14.4314    14.4317     0.0003   4.298620   4.298583  -0.000037    35.5772    35.5766     5.5104    26.5412    26.5407         24  0.000e+00
       9128 296.410489  -43.35332  -52.02782      0.030    1506.09      4.907      4.868    14.4318    14.4327     0.0010    14.4311    14.4320     0.0010   4.298593   4.298610   0.000017    35.5773    35.5766     5.5064    26.5413    26.5406         24  0.000e+00
       9129 296.410490  -43.35332  -52.02782      0.026    1506.09      4.850      4.812    14.4318    14.4324     0.0006    14.4311    14.4317     0.0006   4.298527   4.298509  -0.000018    35.5767    35.5759     5.5100    26.5409    26.5402         24  0.000e+00
       9130 296.410490  -43.35332  -52.02782      0.022    1506.09      4.850      4.812    14.4317    14.4324     0.0008    14.4309    14.4317     0.0008   4.298566   4.298495  -0.000071    35.5772    35.5758     5.5060    26.5413    26.5401         24  0.000e+00
       9131 296.410491  -43.35332  -52.02782      0.025    1506.09      4.907      4.868    14.4315    14.4326     0.0011    14.4307    14.4318     0.0011   4.298553   4.298536  -0.000017    35.5772    35.5760     5.5056    26.5414    26.5402         24  0.000e+00
       9132 296.410491  -43.35332  -52.02782      0.021    1506.09      4.850      4.812    14.4317    14.4326     0.0009    14.4309    14.4318     0.0009   4.298560   4.298549  -0.000011    35.5771    35.5762     5.5052    26.5413    26.5403         24  0.000e+00
       9133 296.410492  -43.35332  -52.02782      0.021    1506.09      4.850      4.812    14.4318    14.4322     0.0005    14.4311    14.4315     0.0005   4.298580   4.298569  -0.000010    35.5772    35.5767     5.5048    26.5413    26.5408         24  0.000e+00
       9134 296.410492  -43.35332  -52.02782      0.023    1506.09      4.907      4.868    14.4323    14.4323     0.0000    14.4316    14.4316     0.0000   4.298586   4.298502  -0.000084    35.5767    35.5759     5.5005    26.5408    26.5402         24  0.000e+00
       9135 296.410493  -43.35332  -52.02782      0.019    1506.09      4.850      4.812    14.4320    14.4324     0.0004    14.4313    14.4317     0.0004   4.298606   4.298502  -0.000104    35.5772    35.5759     5.4998    26.5413    26.5401         24  0.000e+00
       9136 296.410493  -43.35332  -52.02782      0.014    1506.09      4.850      4.812    14.4321    14.4326     0.0004    14.4314    14.4318     0.0004   4.298620   4.298536  -0.000084    35.5772    35.5761     5.5031    26.5412    26.5402         24  0.000e+00
       9137 296.410494  -43.35332  -52.02782      0.013    1506.09      4.850      4.812    14.4320    14.4327     0.0008    14.4313    14.4320     0.0008   4.298646   4.298569  -0.000077    35.5776    35.5762     5.4985    26.5416    26.5403         24  0.000e+00
       9138 296.410494  -43.35332  -52.02782      0.016    1506.09      4.915      4.876    14.4321    14.4326     0.0004    14.4314    14.4318     0.0004   4.298626   4.298583  -0.000043    35.5773    35.5765     5.4980    26.5413    26.5406         24  0.000e+00
       9139 296.410495  -43.35332  -52.02782      0.011    1506.09      4.850      4.812    14.4323    14.4327     0.0004    14.4316    14.4320     0.0004   4.298620   4.298610  -0.000010    35.5771    35.5766     5.4973    26.5411    26.5406         24  0.000e+00
       9140 296.410495  -43.35332  -52.02782      0.010    1506.09      4.850      4.812    14.4321    14.4327     0.0006    14.4314    14.4320     0.0006   4.298620   4.298563  -0.000057    35.5772    35.5761     5.4968    26.5412    26.5403         24  0.000e+00
       9141 296.410496  -43.35332  -52.02782      0.009    1506.09      4.850      4.812    14.4321    14.4324     0.0003    14.4314    14.4317     0.0003   4.298620   4.298569  -0.000050    35.5772    35.5765     5.4963    26.5412    26.5406         24  0.000e+00
       9142 296.410496  -43.35332  -52.02782      0.011    1506.09      4.907      4.868    14.4320    14.4320    -0.0000    14.4313    14.4312    -0.0000   4.298560   4.298522  -0.000038    35.5768    35.5764     5.4959    26.5409    26.5407         24  0.000e+00
       9143 296.410497  -43.35332  -52.02782      0.010    1506.09      4.850      4.812    14.4321    14.4321    -0.0001    14.4314    14.4313    -0.0001   4.298573   4.298482  -0.000091    35.5768    35.5760     5.4954    26.5409    26.5403         24  0.000e+00
       9144 296.410497  -43.35332  -52.02782      0.009    1506.09      4.850      4.812    14.4318    14.4319     0.0001    14.4311    14.4312     0.0001   4.298586   4.298536  -0.000051    35.5772    35.5767     5.4950    26.5413    26.5409         24  0.000e+00
       9145 296.410498  -43.35332  -52.02782      0.010    1506.09      4.907      4.868    14.4318    14.4321     0.0003    14.4311    14.4313     0.0003   4.298553   4.298549  -0.000004    35.5769    35.5766     5.4906    26.5411    26.5408         24  0.000e+00
       9146 296.410498  -43.35332  -52.02782      0.005    1506.09      4.850      4.812    14.4317    14.4317     0.0001    14.4309    14.4310     0.0001   4.298546   4.298549   0.000003    35.5770    35.5769     5.4942    26.5412    26.5411         24  0.000e+00
       9147 296.410499  -43.35332  -52.02782      0.007    1506.09      4.850      4.812    14.4315    14.4321     0.0006    14.4307    14.4313     0.0006   4.298573   4.298549  -0.000024    35.5774    35.5766     5.4903    26.5415    26.5408         24  0.000e+00
       9148 296.410499  -43.35332  -52.02782      0.005    1506.09      4.907      4.868    14.4313    14.4321     0.0008    14.4306    14.4313     0.0008   4.298586   4.298515  -0.000071    35.5777    35.5763     5.4898    26.5418    26.5405         24  0.000e+00
       9149 296.410500  -43.35332  -52.02782      0.006    1506.09      4.850      4.812    14.4313    14.4321     0.0008    14.4306    14.4313     0.0008   4.298586   4.298536  -0.000051    35.5777    35.5765     5.4892    26.5418    26.5407         24  0.000e+00
