Pos-Processados/process_op41/operantar41_008.cnv
* Sea-Bird SBE 9 Data File:
* FileName = C:\Users\Dell\Desktop\OperantarXLI\config\00_BRUTOS\OP41008.hdr
* Software Version Seasave V 7.26.7.110
* Temperature SN = 6497
* Conductivity SN = 4954
* Number of Bytes Per Scan = 31
* Number of Voltage Words = 2
* Number of Scans Averaged by the Deck Unit = 1
* NMEA Latitude = 42 30.30 S
* NMEA Longitude = 052 37.08 W
* NMEA UTC (Time) = Oct 22 2022 23:44:28
* NMEA baud rate = 4800
** H41
** Navio Polar Almirante Maximiano
** LH-021/2022
** Operantar XLI
** Número da Estação 008
** Latitude 42 30.175S
** Longitude 52 36.384
** Data/Hora (Z) 22/10/2022 2343Z
** Profundidade local 5665
** 09-1439
** Nome do Operador 1T FILIPE LOPES
# nquan = 30
# nvalues = 2041                        
# units = specified
# name 0 = scan: Scan Count
# name 1 = timeJ: Julian Days
# name 2 = latitude: Latitude [deg]
# name 3 = longitude: Longitude [deg]
# name 4 = dz/dtM: Descent Rate [m/s]
# name 5 = avgsvCM: Average Sound Velocity [Chen-Millero, m/s]
# name 6 = prDM: Pressure, Digiquartz [db]
# name 7 = depSM: Depth [salt water, m]
# name 8 = t090C: Temperature [ITS-90, deg C]
# name 9 = t190C: Temperature, 2 [ITS-90, deg C]
# name 10 = T2-T190C: Temperature Difference, 2 - 1 [ITS-90, deg C]
# name 11 = potemp090C: Potential Temperature [ITS-90, deg C]
# name 12 = potemp190C: Potential Temperature, 2 [ITS-90, deg C]
# name 13 = potemp90Cdiff: Potential Temperature, Diff, 2 - 1 [ITS-90, deg C]
# name 14 = c0S/m: Conductivity [S/m]
# name 15 = c1S/m: Conductivity, 2 [S/m]
# name 16 = C2-C1S/m: Conductivity Difference, 2 - 1 [S/m]
# name 17 = sal00: Salinity, Practical [PSU]
# name 18 = sal11: Salinity, Practical, 2 [PSU]
# name 19 = sbeox0ML/L: Oxygen, SBE 43 [ml/l]
# name 20 = sigma-é00: Density [sigma-theta, kg/m^3]
# name 21 = sigma-é11: Density, 2 [sigma-theta, kg/m^3]
# name 22 = sal00: Salinity, Practical [PSU]
# name 23 = sigma-é00: Density [sigma-theta, kg/m^3]
# name 24 = svCM: Sound Velocity [Chen-Millero, m/s]
# name 25 = svCM1: Sound Velocity, 2 [Chen-Millero, m/s]
# name 26 = gsw_ptA0: potential temperature [ITS-90, deg C]
# name 27 = gsw_densityA0: density, TEOS-10 [density, kg/m^3]
# name 28 = gsw_saA0: Absolute Salinity [g/kg]
# name 29 = flag:
# span 0 =        685,      68183       
# span 1 = 295.989543, 296.022094       
# span 2 =  -42.50855,  -42.50512       
# span 3 =  -52.65680,  -52.61845       
# span 4 =     -1.861,      1.598       
# span 5 =       0.00,    1505.49       
# span 6 =      2.000,   1023.000       
# span 7 =      1.984,   1012.426       
# span 8 =     3.0793,    14.0842       
# span 9 =     3.0797,    14.0836       
# span 10 =    -1.1762,     0.0808      
# span 11 =     3.0093,    14.0836      
# span 12 =     3.0098,    14.0828      
# span 13 =    -1.1758,     0.0803      
# span 14 =   3.164762,   4.176686      
# span 15 =   3.164821,   4.176675      
# span 16 =  -0.019916,   0.007203      
# span 17 =    34.1350,    35.0501      
# span 18 =    34.1354,    36.0334      
# span 19 =     4.3688,     6.1822      
# span 20 =    25.9859,    27.3631      
# span 21 =    25.9861,    27.5744      
# span 22 =    34.1358,    35.0462      
# span 23 =    25.9858,    27.3629      
# span 24 =    1474.42,    1503.61      
# span 25 =    1474.43,    1503.61      
# span 26 =     3.0092,    14.0836      
# span 27 =  1026.0083,  1032.1001      
# span 28 =    34.2974,    35.2117      
# span 29 = 0.0000e+00, 0.0000e+00      
# interval = decibars: 1                
# start_time = Oct 22 2022 23:44:28 [NMEA time, header]
# bad_flag = -9.990e-29
*END*
[from data line 387]
      10195 295.994129  -42.50606  -52.62355      1.328    1484.08    391.000    387.549     4.8120     4.8118    -0.0002     4.7820     4.7818    -0.0002   3.272773   3.272761  -0.000012    34.1476    34.1476     6.0771    27.0241    27.0242    34.1463    27.0231    1475.29    1475.29     4.7819  1028.8291    34.3083 0.0000e+00
      10210 295.994136  -42.50606  -52.62356      1.470    1484.08    392.000    388.539     4.8063     4.8062    -0.0001     4.7762     4.7761    -0.0001   3.272314   3.272253  -0.000051    34.1474    34.1469     6.0763    27.0246    27.0243    34.1463    27.0238    1475.28    1475.28     4.7761  1028.8344    34.3083 0.0000e+00
      10226 295.994144  -42.50606  -52.62356      1.529    1484.08    393.000    389.529     4.8008     4.8034     0.0026     4.7707     4.7733     0.0026   3.271827   3.272159   0.000236    34.1471    34.1472     6.0772    27.0250    27.0248    34.1458    27.0239    1475.27    1475.28     4.7706  1028.8393    34.3077 0.0000e+00
      10276 295.994168  -42.50606  -52.62358      0.585    1484.08    394.000    390.518     4.7993     4.8075     0.0082     4.7691     4.7772     0.0082   3.271776   3.272480   0.000703    34.1469    34.1467     6.0703    27.0251    27.0239    34.1463    27.0245    1475.28    1475.32     4.7690  1028.8445    34.3082 0.0000e+00
      10323 295.994191  -42.50606  -52.62362      0.500    1484.08    395.000    391.509     4.7922     4.7945     0.0022     4.7620     4.7641     0.0022   3.271187   3.271290   0.000136    34.1474    34.1467     6.0726    27.0262    27.0254    34.1462    27.0252    1475.27    1475.28     4.7618  1028.8498    34.3081 0.0000e+00
      10342 295.994200  -42.50606  -52.62363      0.923    1484.08    396.000    392.500     4.7908     4.7907    -0.0002     4.7605     4.7603    -0.0002   3.271234   3.271244   0.000012    34.1479    34.1483     6.0828    27.0268    27.0271    34.1476    27.0266    1475.28    1475.28     4.7604  1028.8558    34.3096 0.0000e+00
      10359 295.994208  -42.50606  -52.62364      1.226    1484.08    397.000    393.490     4.7945     4.7944    -0.0001     4.7640     4.7639    -0.0001   3.271740   3.271766   0.000026    34.1487    34.1491     6.0840    27.0270    27.0274    34.1493    27.0275    1475.32    1475.32     4.7639  1028.8612    34.3113 0.0000e+00
      10374 295.994215  -42.50606  -52.62364      1.415    1484.08    398.000    394.481     4.8001     4.8002     0.0001     4.7695     4.7696     0.0001   3.272355   3.272358   0.000020    34.1495    34.1496     6.0819    27.0271    27.0271    34.1501    27.0275    1475.36    1475.36     4.7694  1028.8658    34.3121 0.0000e+00
      10390 295.994223  -42.50606  -52.62365      1.518    1484.08    399.000    395.471     4.8076     4.8077     0.0001     4.7769     4.7770     0.0001   3.273186   3.273242   0.000050    34.1506    34.1512     6.0812    27.0271    27.0275    34.1516    27.0279    1475.41    1475.41     4.7768  1028.8707    34.3136 0.0000e+00
      10405 295.994230  -42.50606  -52.62366      1.559    1484.08    400.000    396.461     4.8141     4.8138    -0.0003     4.7834     4.7831    -0.0003   3.273885   3.273822  -0.000043    34.1522    34.1521     6.0759    27.0277    27.0276    34.1524    27.0278    1475.45    1475.45     4.7833  1028.8751    34.3144 0.0000e+00
      10443 295.994249  -42.50608  -52.62368      0.850    1484.08    401.000    397.450     4.8053     4.8065     0.0012     4.7745     4.7757     0.0012   3.273075   3.273099   0.000032    34.1517    34.1508     6.0273    27.0282    27.0274    34.1516    27.0281    1475.43    1475.43     4.7744  1028.8802    34.3136 0.0000e+00
      10493 295.994273  -42.50608  -52.62372      0.440    1484.08    402.000    398.441     4.8071     4.8067    -0.0004     4.7761     4.7758    -0.0003   3.273394   3.273345  -0.000068    34.1527    34.1523     5.9788    27.0288    27.0286    34.1529    27.0290    1475.45    1475.45     4.7761  1028.8856    34.3150 0.0000e+00
      10515 295.994283  -42.50608  -52.62372      0.824    1484.08    403.000    399.431     4.8085     4.8096     0.0012     4.7775     4.7786     0.0011   3.273562   3.273678   0.000109    34.1535    34.1537     5.9861    27.0294    27.0293    34.1529    27.0289    1475.48    1475.48     4.7774  1028.8901    34.3149 0.0000e+00
      10533 295.994292  -42.50608  -52.62373      1.125    1484.08    404.000    400.421     4.8005     4.8013     0.0008     4.7694     4.7702     0.0008   3.272944   3.272940   0.000015    34.1541    34.1535     5.9887    27.0307    27.0301    34.1534    27.0302    1475.46    1475.46     4.7694  1028.8960    34.3155 0.0000e+00
      10549 295.994300  -42.50608  -52.62374      1.346    1484.08    405.000    401.412     4.7971     4.7972     0.0001     4.7660     4.7661     0.0001   3.272690   3.272679  -0.000013    34.1540    34.1537     5.9804    27.0311    27.0308    34.1535    27.0306    1475.46    1475.46     4.7659  1028.9011    34.3155 0.0000e+00
      10565 295.994307  -42.50608  -52.62378      1.476    1484.08    406.000    402.402     4.7938     4.7940     0.0002     4.7627     4.7628     0.0002   3.272421   3.272419   0.000004    34.1539    34.1538     5.9690    27.0313    27.0312    34.1532    27.0307    1475.47    1475.47     4.7626  1028.9058    34.3152 0.0000e+00
      10583 295.994316  -42.50608  -52.62378      1.453    1484.08    407.000    403.392     4.7899     4.7917     0.0017     4.7587     4.7604     0.0017   3.272116   3.272330   0.000150    34.1538    34.1538     5.9676    27.0317    27.0315    34.1531    27.0311    1475.47    1475.47     4.7586  1028.9109    34.3152 0.0000e+00
      10619 295.994334  -42.50609  -52.62380      0.837    1484.08    408.000    404.382     4.7917     4.7964     0.0046     4.7604     4.7650     0.0046   3.272303   3.272751   0.000423    34.1535    34.1537     5.9689    27.0313    27.0309    34.1529    27.0308    1475.49    1475.51     4.7603  1028.9151    34.3150 0.0000e+00
      10665 295.994356  -42.50610  -52.62382      0.496    1484.08    409.000    405.372     4.7769     4.7798     0.0029     4.7456     4.7485     0.0029   3.270995   3.271150   0.000209    34.1533    34.1527     5.9584    27.0327    27.0320    34.1524    27.0320    1475.44    1475.46     4.7455  1028.9211    34.3145 0.0000e+00
      10697 295.994371  -42.50610  -52.62383      0.698    1484.08    410.000    406.362     4.7744     4.7754     0.0009     4.7430     4.7439     0.0009   3.270826   3.270843   0.000010    34.1534    34.1526     5.9608    27.0331    27.0323    34.1526    27.0325    1475.45    1475.45     4.7429  1028.9262    34.3146 0.0000e+00
      10724 295.994384  -42.50611  -52.62385      0.844    1484.08    411.000    407.353     4.7661     4.7713     0.0052     4.7347     4.7398     0.0052   3.270075   3.270491   0.000383    34.1533    34.1525     5.9668    27.0340    27.0327    34.1518    27.0328    1475.43    1475.46     4.7345  1028.9312    34.3139 0.0000e+00
      10752 295.994398  -42.50612  -52.62387      0.883    1484.08    412.000    408.343     4.7585     4.7647     0.0063     4.7269     4.7332     0.0062   3.269425   3.269897   0.000470    34.1529    34.1520     5.9668    27.0345    27.0331    34.1516    27.0335    1475.42    1475.44     4.7269  1028.9366    34.3137 0.0000e+00
      10778 295.994410  -42.50612  -52.62390      0.872    1484.08    413.000    409.333     4.7517     4.7541     0.0025     4.7201     4.7225     0.0025   3.268773   3.268893   0.000147    34.1520    34.1512     5.9679    27.0345    27.0336    34.1505    27.0334    1475.41    1475.41     4.7200  1028.9411    34.3126 0.0000e+00
      10800 295.994421  -42.50612  -52.62390      0.996    1484.08    414.000    410.323     4.7473     4.7477     0.0004     4.7157     4.7160     0.0004   3.268364   3.268391   0.000035    34.1511    34.1511     5.9647    27.0343    27.0343    34.1497    27.0332    1475.40    1475.40     4.7156  1028.9456    34.3118 0.0000e+00
      10817 295.994429  -42.50612  -52.62391      1.193    1484.08    415.000    411.313     4.7404     4.7407     0.0002     4.7087     4.7090     0.0002   3.267761   3.267736  -0.000004    34.1512    34.1509     5.9632    27.0351    27.0349    34.1493    27.0337    1475.39    1475.39     4.7086  1028.9507    34.3113 0.0000e+00
      10833 295.994437  -42.50612  -52.62392      1.382    1484.08    416.000    412.303     4.7342     4.7340    -0.0001     4.7024     4.7023    -0.0001   3.267193   3.267153  -0.000048    34.1509    34.1504     5.9624    27.0356    27.0353    34.1486    27.0338    1475.38    1475.38     4.7023  1028.9556    34.3107 0.0000e+00
      10848 295.994444  -42.50612  -52.62394      1.504    1484.08    417.000    413.293     4.7217     4.7223     0.0005     4.6899     4.6904     0.0005   3.266001   3.265974  -0.000025    34.1500    34.1492     5.9645    27.0363    27.0356    34.1470    27.0339    1475.34    1475.34     4.6898  1028.9604    34.3091 0.0000e+00
      10863 295.994451  -42.50612  -52.62395      1.554    1484.08    418.000    414.284     4.7095     4.7104     0.0009     4.6776     4.6786     0.0009   3.264889   3.264905   0.000028    34.1489    34.1483     5.9705    27.0368    27.0362    34.1462    27.0346    1475.31    1475.31     4.6775  1028.9658    34.3082 0.0000e+00
      10900 295.994469  -42.50613  -52.62396      0.918    1484.08    419.000    415.272     4.7093     4.7150     0.0057     4.6774     4.6831     0.0057   3.265054   3.265542   0.000472    34.1489    34.1486     5.9580    27.0368    27.0359    34.1478    27.0359    1475.33    1475.35     4.6773  1028.9717    34.3098 0.0000e+00
      10968 295.994502  -42.50614  -52.62399      0.248    1484.08    420.000    416.264     4.7178     4.7184     0.0006     4.6857     4.6863     0.0006   3.265845   3.265787  -0.000040    34.1490    34.1480     5.9584    27.0360    27.0351    34.1477    27.0350    1475.38    1475.38     4.6857  1028.9753    34.3098 0.0000e+00
      10990 295.994512  -42.50614  -52.62401      0.764    1484.08    421.000    417.254     4.7050     4.7054     0.0003     4.6729     4.6733     0.0003   3.264771   3.264763  -0.000008    34.1490    34.1486     5.9670    27.0374    27.0370    34.1478    27.0365    1475.34    1475.34     4.6729  1028.9815    34.3099 0.0000e+00
      11009 295.994521  -42.50614  -52.62403      1.082    1484.08    422.000    418.244     4.6980     4.6993     0.0013     4.6658     4.6671     0.0013   3.264054   3.264168   0.000107    34.1487    34.1487     5.9628    27.0380    27.0378    34.1462    27.0360    1475.33    1475.33     4.6658  1028.9857    34.3083 0.0000e+00
      11026 295.994530  -42.50614  -52.62404      1.287    1484.08    423.000    419.234     4.6856     4.6864     0.0008     4.6534     4.6542     0.0008   3.263051   3.263102   0.000068    34.1487    34.1487     5.9667    27.0393    27.0392    34.1468    27.0378    1475.29    1475.29     4.6533  1028.9923    34.3089 0.0000e+00
      11044 295.994539  -42.50614  -52.62406      1.356    1484.08    424.000    420.224     4.6814     4.6818     0.0005     4.6491     4.6496     0.0005   3.262706   3.262741   0.000038    34.1484    34.1484     5.9661    27.0396    27.0395    34.1466    27.0381    1475.29    1475.29     4.6491  1028.9972    34.3087 0.0000e+00
      11066 295.994549  -42.50614  -52.62406      1.235    1484.08    425.000    421.214     4.6771     4.6779     0.0008     4.6448     4.6456     0.0008   3.262381   3.262445   0.000070    34.1482    34.1482     5.9619    27.0399    27.0398    34.1468    27.0387    1475.29    1475.30     4.6447  1029.0024    34.3088 0.0000e+00
      11091 295.994561  -42.50614  -52.62408      1.026    1484.08    426.000    422.204     4.6737     4.6755     0.0018     4.6413     4.6432     0.0018   3.262115   3.262277   0.000156    34.1480    34.1479     5.9533    27.0401    27.0398    34.1466    27.0390    1475.29    1475.30     4.6412  1029.0073    34.3086 0.0000e+00
      11120 295.994575  -42.50614  -52.62410      0.884    1484.08    427.000    423.194     4.6717     4.6771     0.0054     4.6393     4.6446     0.0054   3.262067   3.262551   0.000439    34.1485    34.1481     5.9470    27.0407    27.0398    34.1476    27.0400    1475.30    1475.32     4.6392  1029.0130    34.3097 0.0000e+00
      11162 295.994595  -42.50616  -52.62412      0.598    1484.08    428.000    424.184     4.6707     4.6791     0.0084     4.6381     4.6465     0.0084   3.261968   3.262665   0.000706    34.1481    34.1476     5.9491    27.0405    27.0392    34.1470    27.0396    1475.32    1475.35     4.6381  1029.0172    34.3090 0.0000e+00
      11204 295.994616  -42.50616  -52.62415      0.529    1484.08    429.000    425.175     4.6615     4.6638     0.0023     4.6289     4.6312     0.0023   3.261191   3.261258   0.000097    34.1483    34.1470     5.9572    27.0417    27.0404    34.1469    27.0406    1475.29    1475.30     4.6288  1029.0228    34.3089 0.0000e+00
      11228 295.994627  -42.50616  -52.62416      0.820    1484.08    430.000    426.164     4.6552     4.6558     0.0007     4.6226     4.6232     0.0006   3.260631   3.260618  -0.000037    34.1481    34.1471     5.9601    27.0422    27.0413    34.1463    27.0408    1475.28    1475.28     4.6225  1029.0278    34.3084 0.0000e+00
      11246 295.994636  -42.50616  -52.62416      1.105    1484.08    431.000    427.155     4.6463     4.6472     0.0010     4.6136     4.6145     0.0010   3.259798   3.259838   0.000058    34.1471    34.1469     5.9637    27.0425    27.0421    34.1453    27.0410    1475.26    1475.26     4.6135  1029.0326    34.3073 0.0000e+00
      11262 295.994644  -42.50616  -52.62418      1.328    1484.08    432.000    428.145     4.6406     4.6413     0.0007     4.6078     4.6085     0.0007   3.259319   3.259374   0.000055    34.1470    34.1470     5.9637    27.0430    27.0429    34.1450    27.0414    1475.25    1475.26     4.6078  1029.0377    34.3071 0.0000e+00
      11278 295.994651  -42.50616  -52.62419      1.454    1484.08    433.000    429.135     4.6321     4.6333     0.0012     4.5993     4.6005     0.0012   3.258518   3.258629   0.000103    34.1467    34.1467     5.9697    27.0437    27.0435    34.1440    27.0415    1475.23    1475.24     4.5992  1029.0425    34.3060 0.0000e+00
      11294 295.994659  -42.50616  -52.62420      1.505    1484.08    434.000    430.125     4.6166     4.6192     0.0026     4.5838     4.5864     0.0026   3.257115   3.257322   0.000194    34.1464    34.1460     5.9698    27.0451    27.0445    34.1430    27.0424    1475.19    1475.19     4.5837  1029.0482    34.3050 0.0000e+00
      11311 295.994667  -42.50616  -52.62422      1.494    1483.77    435.000    431.115     4.5976     4.6089     0.0113     4.5647     4.5760     0.0113   3.255398   3.256664   0.001080    34.1457    34.1466     5.9726    27.0467    27.0461    34.1421    27.0438    1475.12    1475.17     4.5647  1029.0544    34.3041 0.0000e+00
      11356 295.994689  -42.50616  -52.62424      0.634    1482.83    436.000    432.105     4.5949     4.6223     0.0274     4.5620     4.5893     0.0273   3.255462   3.257634   0.002200    34.1468    34.1442     5.9543    27.0478    27.0428    34.1451    27.0465    1475.13    1475.24     4.5619  1029.0617    34.3071 0.0000e+00
      11401 295.994711  -42.50617  -52.62426      0.524    1482.87    437.000    433.095     4.5833     4.5838     0.0006     4.5503     4.5509     0.0006   3.254234   3.254173  -0.000015    34.1443    34.1435     5.9468    27.0471    27.0465    34.1422    27.0455    1475.10    1475.10     4.5503  1029.0654    34.3042 0.0000e+00
      11425 295.994722  -42.50618  -52.62428      0.826    1482.87    438.000    434.085     4.5773     4.5782     0.0008     4.5443     4.5452     0.0008   3.253702   3.253727   0.000039    34.1436    34.1433     5.9619    27.0473    27.0469    34.1416    27.0456    1475.09    1475.09     4.5442  1029.0702    34.3036 0.0000e+00
