Pos-Processados/process_op41/operantar41_012.ros
* Sea-Bird SBE 9 Data File:
* FileName = C:\Users\Dell\Desktop\OperantarXLI\config\00_BRUTOS\OPE41012.hdr
* Software Version Seasave V 7.26.7.110
* Temperature SN = 6497
* Conductivity SN = 4954
* Number of Bytes Per Scan = 31
* Number of Voltage Words = 2
* Number of Scans Averaged by the Deck Unit = 1
* NMEA Latitude = 44 01.70 S
* NMEA Longitude = 051 51.61 W
* NMEA UTC (Time) = Oct 23 2022 17:02:32
* NMEA baud rate = 4800
** H41
** Navio Polar Almirante Maximiano
** LH-021/2022
** Operantar XLI
** Número da Estação 012
** Latitude 44 1.216' S
** Longitude 51 51.952' W
** Data/Hora (Z) 23/10/2022 1702Z
** Profundidade local 5745 m
** 09-1439
** Nome do Operador 1T FILIPE LOPES
# nquan = 24
# nvalues = 1038                                  
# units = specified
# name 0 = scan: Scan Count
# name 1 = timeJ: Julian Days
# name 2 = latitude: Latitude [deg]
# name 3 = longitude: Longitude [deg]
# name 4 = dz/dtM: Descent Rate [m/s]
# name 5 = avgsvCM: Average Sound Velocity [Chen-Millero, m/s]
# name 6 = prDM: Pressure, Digiquartz [db]
# name 7 = depSM: Depth [salt water, m]
# name 8 = t090C: Temperature [ITS-90, deg C]
# name 9 = t190C: Temperature, 2 [ITS-90, deg C]
# name 10 = T2-T190C: Temperature Difference, 2 - 1 [ITS-90, deg C]
# name 11 = potemp090C: Potential Temperature [ITS-90, deg C]
# name 12 = potemp190C: Potential Temperature, 2 [ITS-90, deg C]
# name 13 = potemp90Cdiff: Potential Temperature, Diff, 2 - 1 [ITS-90, deg C]
# name 14 = c0S/m: Conductivity [S/m]
# name 15 = c1S/m: Conductivity, 2 [S/m]
# name 16 = C2-C1S/m: Conductivity Difference, 2 - 1 [S/m]
# name 17 = sal00: Salinity, Practical [PSU]
# name 18 = sal11: Salinity, Practical, 2 [PSU]
# name 19 = sbeox0ML/L: Oxygen, SBE 43 [ml/l]
# name 20 = sigma-é00: Density [sigma-theta, kg/m^3]
# name 21 = sigma-é11: Density, 2 [sigma-theta, kg/m^3]
# name 22 = nbf: Bottles Fired
# name 23 = flag:  0.000e+00
# interval = seconds: 0.0416667
# start_time = Oct 23 2022 17:02:32 [NMEA time, header]
# bad_flag = -9.990e-29
*END*
[from data line 363]
       6965 296.713451  -44.02868  -51.85732     -0.031    1506.04     21.927     21.750    14.4163    14.4171     0.0008    14.4131    14.4139     0.0008   4.295890   4.295956   0.000066    35.5593    35.5592     5.5371    26.5314    26.5311         13  0.000e+00
       6966 296.713451  -44.02868  -51.85732     -0.036    1506.04     22.040     21.862    14.4163    14.4173     0.0010    14.4131    14.4140     0.0010   4.295923   4.295943   0.000019    35.5596    35.5589     5.5373    26.5316    26.5308         13  0.000e+00
       6967 296.713452  -44.02868  -51.85732     -0.037    1506.04     22.040     21.862    14.4160    14.4168     0.0008    14.4128    14.4135     0.0008   4.295910   4.295848  -0.000062    35.5597    35.5585     5.5374    26.5317    26.5306         13  0.000e+00
       6968 296.713452  -44.02868  -51.85732     -0.045    1506.04     21.984     21.806    14.4162    14.4164     0.0003    14.4129    14.4132     0.0003   4.295870   4.295842  -0.000029    35.5593    35.5588     5.5375    26.5313    26.5309         13  0.000e+00
       6969 296.713453  -44.02868  -51.85732     -0.047    1506.04     21.976     21.798    14.4162    14.4168     0.0006    14.4129    14.4136     0.0006   4.295890   4.295855  -0.000035    35.5595    35.5586     5.5375    26.5315    26.5307         13  0.000e+00
       6970 296.713453  -44.02868  -51.85732     -0.054    1506.04     21.984     21.806    14.4163    14.4171     0.0008    14.4131    14.4139     0.0008   4.295903   4.295909   0.000005    35.5594    35.5588     5.5373    26.5315    26.5307         13  0.000e+00
       6971 296.713454  -44.02868  -51.85732     -0.061    1506.04     21.927     21.750    14.4164    14.4182     0.0018    14.4132    14.4149     0.0018   4.295903   4.295983   0.000079    35.5594    35.5585     5.5373    26.5314    26.5303         13  0.000e+00
       6972 296.713454  -44.02868  -51.85732     -0.061    1506.04     22.040     21.862    14.4165    14.4182     0.0017    14.4132    14.4149     0.0017   4.295923   4.296030   0.000107    35.5594    35.5589     5.5374    26.5314    26.5306         13  0.000e+00
       6973 296.713455  -44.02868  -51.85732     -0.068    1506.04     21.984     21.806    14.4163    14.4177     0.0014    14.4131    14.4144     0.0014   4.295910   4.295929   0.000019    35.5595    35.5584     5.5371    26.5315    26.5304         13  0.000e+00
       6974 296.713455  -44.02868  -51.85732     -0.068    1506.04     21.976     21.798    14.4160    14.4175     0.0015    14.4127    14.4142     0.0015   4.295903   4.295895  -0.000008    35.5598    35.5583     5.5412    26.5318    26.5303         13  0.000e+00
       6975 296.713456  -44.02868  -51.85732     -0.073    1506.04     21.927     21.750    14.4162    14.4170     0.0008    14.4130    14.4137     0.0008   4.295870   4.295862  -0.000009    35.5592    35.5585     5.5372    26.5313    26.5306         13  0.000e+00
       6976 296.713456  -44.02868  -51.85732     -0.083    1506.04     21.919     21.742    14.4160    14.4171     0.0011    14.4127    14.4139     0.0011   4.295837   4.295828  -0.000009    35.5592    35.5580     5.5409    26.5313    26.5302         13  0.000e+00
       6977 296.713457  -44.02868  -51.85732     -0.084    1506.04     21.984     21.806    14.4165    14.4163    -0.0002    14.4133    14.4131    -0.0002   4.295910   4.295821  -0.000089    35.5593    35.5587     5.5368    26.5313    26.5309         13  0.000e+00
       6978 296.713457  -44.02868  -51.85732     -0.085    1506.04     21.927     21.750    14.4166    14.4164    -0.0002    14.4134    14.4132    -0.0002   4.295910   4.295821  -0.000089    35.5592    35.5586     5.5364    26.5312    26.5308         13  0.000e+00
       6979 296.713458  -44.02868  -51.85732     -0.090    1506.04     21.919     21.742    14.4166    14.4163    -0.0003    14.4134    14.4131    -0.0003   4.295923   4.295821  -0.000102    35.5594    35.5587     5.5364    26.5313    26.5309         14  0.000e+00
       6980 296.713458  -44.02868  -51.85730     -0.101    1506.04     21.863     21.686    14.4169    14.4161    -0.0008    14.4137    14.4129    -0.0008   4.295937   4.295788  -0.000149    35.5592    35.5586     5.5359    26.5312    26.5308         14  0.000e+00
       6981 296.713459  -44.02868  -51.85730     -0.102    1506.04     21.976     21.798    14.4166    14.4166    -0.0000    14.4134    14.4134    -0.0000   4.295910   4.295943   0.000032    35.5592    35.5595     5.5360    26.5312    26.5315         14  0.000e+00
       6982 296.713459  -44.02868  -51.85730     -0.105    1506.04     21.863     21.686    14.4166    14.4180     0.0013    14.4134    14.4148     0.0013   4.295870   4.296057   0.000187    35.5589    35.5594     5.5359    26.5309    26.5310         14  0.000e+00
       6983 296.713460  -44.02868  -51.85730     -0.108    1506.04     21.919     21.742    14.4163    14.4185     0.0022    14.4131    14.4152     0.0022   4.295890   4.296017   0.000126    35.5594    35.5585     5.5359    26.5314    26.5303         14  0.000e+00
       6984 296.713460  -44.02868  -51.85730     -0.109    1506.04     21.927     21.750    14.4165    14.4178     0.0013    14.4133    14.4146     0.0013   4.295870   4.296003   0.000133    35.5589    35.5590     5.5358    26.5310    26.5308         14  0.000e+00
       6985 296.713461  -44.02868  -51.85730     -0.111    1506.04     21.863     21.686    14.4165    14.4173     0.0008    14.4133    14.4141     0.0008   4.295864   4.295922   0.000059    35.5590    35.5588     5.5358    26.5310    26.5307         14  0.000e+00
       6986 296.713461  -44.02868  -51.85730     -0.116    1506.04     21.919     21.742    14.4165    14.4173     0.0008    14.4133    14.4141     0.0008   4.295890   4.295976   0.000086    35.5592    35.5592     5.5321    26.5312    26.5311         14  0.000e+00
       6987 296.713462  -44.02868  -51.85730     -0.123    1506.04     21.807     21.630    14.4165    14.4171     0.0006    14.4133    14.4139     0.0006   4.295903   4.295922   0.000019    35.5593    35.5590     5.5317    26.5313    26.5309         14  0.000e+00
       6988 296.713462  -44.02868  -51.85730     -0.123    1506.04     21.919     21.742    14.4165    14.4170     0.0004    14.4133    14.4137     0.0004   4.295844   4.295895   0.000052    35.5587    35.5588     5.5314    26.5308    26.5308         14  0.000e+00
       6989 296.713463  -44.02868  -51.85730     -0.126    1506.04     21.807     21.630    14.4165    14.4170     0.0005    14.4133    14.4138     0.0005   4.295883   4.295949   0.000066    35.5592    35.5593     5.5350    26.5312    26.5312         14  0.000e+00
       6990 296.713463  -44.02868  -51.85730     -0.135    1506.04     21.863     21.686    14.4168    14.4170     0.0002    14.4136    14.4138     0.0002   4.295923   4.295976   0.000053    35.5592    35.5596     5.5310    26.5312    26.5314         14  0.000e+00
       6991 296.713464  -44.02868  -51.85730     -0.134    1506.04     21.863     21.686    14.4170    14.4171     0.0001    14.4138    14.4139     0.0001   4.295937   4.295882  -0.000055    35.5592    35.5586     5.5307    26.5311    26.5306         14  0.000e+00
       6992 296.713464  -44.02868  -51.85730     -0.134    1506.04     21.863     21.686    14.4169    14.4170     0.0001    14.4137    14.4138     0.0001   4.295990   4.295909  -0.000081    35.5597    35.5589     5.5304    26.5315    26.5309         14  0.000e+00
       6993 296.713465  -44.02868  -51.85730     -0.139    1506.04     21.799     21.622    14.4170    14.4170    -0.0000    14.4138    14.4138    -0.0000   4.295950   4.295848  -0.000102    35.5593    35.5584     5.5300    26.5312    26.5305         14  0.000e+00
       6994 296.713465  -44.02868  -51.85730     -0.135    1506.04     21.863     21.686    14.4171    14.4171    -0.0000    14.4139    14.4139    -0.0000   4.295937   4.295902  -0.000035    35.5590    35.5587     5.5258    26.5309    26.5307         14  0.000e+00
       6995 296.713465  -44.02868  -51.85730     -0.138    1506.04     21.863     21.686    14.4170    14.4171     0.0001    14.4138    14.4139     0.0001   4.295963   4.295868  -0.000095    35.5594    35.5584     5.5252    26.5313    26.5305         14  0.000e+00
       6996 296.713466  -44.02868  -51.85730     -0.136    1506.04     21.807     21.630    14.4167    14.4173     0.0006    14.4135    14.4141     0.0006   4.295943   4.295882  -0.000061    35.5595    35.5584     5.5246    26.5314    26.5304         14  0.000e+00
       6997 296.713466  -44.02868  -51.85730     -0.141    1506.04     21.799     21.622    14.4173    14.4171    -0.0002    14.4141    14.4139    -0.0002   4.295990   4.295949  -0.000041    35.5594    35.5592     5.5240    26.5312    26.5311         14  0.000e+00
       6998 296.713467  -44.02868  -51.85730     -0.145    1506.04     21.807     21.630    14.4171    14.4177     0.0005    14.4139    14.4144     0.0005   4.295983   4.295936  -0.000047    35.5595    35.5586     5.5236    26.5313    26.5305         14  0.000e+00
       6999 296.713467  -44.02868  -51.85730     -0.142    1506.04     21.807     21.630    14.4173    14.4175     0.0001    14.4141    14.4143     0.0001   4.295976   4.295902  -0.000074    35.5593    35.5584     5.5231    26.5311    26.5304         14  0.000e+00
       7000 296.713468  -44.02868  -51.85730     -0.145    1506.04     21.799     21.622    14.4171    14.4177     0.0006    14.4138    14.4144     0.0006   4.295943   4.295949   0.000006    35.5592    35.5587     5.5226    26.5311    26.5306         14  0.000e+00
       7001 296.713468  -44.02868  -51.85730     -0.144    1506.04     21.807     21.630    14.4173    14.4178     0.0005    14.4141    14.4146     0.0005   4.295963   4.295969   0.000006    35.5591    35.5588     5.5222    26.5310    26.5306         14  0.000e+00
       7002 296.713469  -44.02868  -51.85730     -0.142    1506.04     21.799     21.622    14.4177    14.4177    -0.0000    14.4145    14.4144    -0.0000   4.295976   4.295936  -0.000041    35.5590    35.5586     5.5218    26.5308    26.5305         14  0.000e+00
       7003 296.713469  -44.02868  -51.85730     -0.143    1506.04     21.807     21.630    14.4175    14.4177     0.0002    14.4143    14.4144     0.0002   4.295976   4.295983   0.000006    35.5591    35.5590     5.5214    26.5309    26.5308         14  0.000e+00
       7004 296.713470  -44.02868  -51.85730     -0.143    1506.04     21.799     21.622    14.4174    14.4180     0.0006    14.4142    14.4148     0.0006   4.295976   4.296003   0.000027    35.5592    35.5589     5.5211    26.5310    26.5307         14  0.000e+00
       7005 296.713470  -44.02868  -51.85730     -0.147    1506.04     21.742     21.566    14.4175    14.4185     0.0010    14.4143    14.4153     0.0010   4.295976   4.296030   0.000054    35.5591    35.5587     5.5208    26.5310    26.5304         14  0.000e+00
       7006 296.713471  -44.02868  -51.85730     -0.142    1506.04     21.807     21.630    14.4173    14.4185     0.0011    14.4141    14.4153     0.0011   4.295917   4.296010   0.000093    35.5587    35.5585     5.5206    26.5306    26.5303         14  0.000e+00
       7007 296.713471  -44.02868  -51.85730     -0.144    1506.04     21.742     21.566    14.4170    14.4185     0.0015    14.4138    14.4153     0.0015   4.295923   4.296030   0.000107    35.5591    35.5587     5.5163    26.5310    26.5304         14  0.000e+00
       7008 296.713472  -44.02868  -51.85730     -0.141    1506.04     21.742     21.566    14.4172    14.4183     0.0011    14.4140    14.4151     0.0011   4.295963   4.296010   0.000047    35.5592    35.5587     5.5157    26.5311    26.5304         14  0.000e+00
       7009 296.713472  -44.02868  -51.85730     -0.142    1506.04     21.799     21.622    14.4173    14.4183     0.0010    14.4141    14.4151     0.0010   4.295943   4.296003   0.000060    35.5589    35.5586     5.5153    26.5308    26.5303         15  0.000e+00
       7010 296.713473  -44.02868  -51.85730     -0.142    1506.04     21.742     21.566    14.4173    14.4185     0.0011    14.4141    14.4153     0.0011   4.295963   4.295976   0.000013    35.5592    35.5582     5.5147    26.5310    26.5300         15  0.000e+00
       7011 296.713473  -44.02868  -51.85730     -0.141    1506.04     21.807     21.630    14.4175    14.4178     0.0003    14.4143    14.4146     0.0003   4.295996   4.295969  -0.000027    35.5593    35.5588     5.5144    26.5311    26.5306         15  0.000e+00
       7012 296.713474  -44.02868  -51.85730     -0.143    1506.04     21.678     21.503    14.4177    14.4180     0.0003    14.4145    14.4148     0.0003   4.295983   4.295936  -0.000047    35.5591    35.5583     5.5139    26.5309    26.5302         15  0.000e+00
       7013 296.713474  -44.02868  -51.85730     -0.134    1506.04     21.807     21.630    14.4172    14.4178     0.0006    14.4140    14.4146     0.0006   4.295917   4.295929   0.000012    35.5588    35.5584     5.5137    26.5307    26.5303         15  0.000e+00
       7014 296.713475  -44.02868  -51.85730     -0.142    1506.04     21.678     21.503    14.4170    14.4173     0.0003    14.4138    14.4141     0.0003   4.295903   4.295902  -0.000001    35.5589    35.5587     5.5133    26.5309    26.5306         15  0.000e+00
       7015 296.713475  -44.02868  -51.85730     -0.134    1506.04     21.807     21.630    14.4171    14.4171    -0.0000    14.4139    14.4139    -0.0000   4.295923   4.295875  -0.000048    35.5589    35.5585     5.5132    26.5309    26.5306         15  0.000e+00
       7016 296.713476  -44.02868  -51.85730     -0.130    1506.04     21.742     21.566    14.4171    14.4170    -0.0002    14.4139    14.4138    -0.0002   4.295963   4.295855  -0.000108    35.5593    35.5585     5.5129    26.5312    26.5306         15  0.000e+00
       7017 296.713476  -44.02868  -51.85730     -0.129    1506.04     21.742     21.566    14.4174    14.4173    -0.0001    14.4142    14.4141    -0.0001   4.295996   4.295909  -0.000088    35.5594    35.5587     5.5167    26.5312    26.5306         15  0.000e+00
       7018 296.713477  -44.02868  -51.85730     -0.127    1506.04     21.742     21.566    14.4178    14.4175    -0.0004    14.4146    14.4143    -0.0004   4.296010   4.295956  -0.000054    35.5591    35.5590     5.5129    26.5309    26.5308         15  0.000e+00
       7019 296.713477  -44.02868  -51.85730     -0.125    1506.04     21.742     21.566    14.4178    14.4175    -0.0004    14.4146    14.4143    -0.0004   4.295983   4.296023   0.000040    35.5589    35.5596     5.5168    26.5307    26.5313         15  0.000e+00
       7020 296.713478  -44.02868  -51.85730     -0.125    1506.04     21.742     21.566    14.4175    14.4178     0.0003    14.4143    14.4146     0.0003   4.295976   4.295983   0.000006    35.5591    35.5589     5.5131    26.5310    26.5307         15  0.000e+00
       7021 296.713478  -44.02868  -51.85730     -0.122    1506.04     21.678     21.503    14.4176    14.4182     0.0006    14.4144    14.4150     0.0006   4.295976   4.295990   0.000013    35.5591    35.5587     5.5131    26.5309    26.5304         15  0.000e+00
       7022 296.713478  -44.02868  -51.85730     -0.114    1506.04     21.807     21.630    14.4177    14.4182     0.0005    14.4144    14.4149     0.0005   4.295996   4.296030   0.000034    35.5591    35.5590     5.5172    26.5309    26.5307         15  0.000e+00
       7023 296.713479  -44.02868  -51.85730     -0.109    1506.04     21.742     21.566    14.4177    14.4182     0.0005    14.4145    14.4150     0.0005   4.296010   4.296043   0.000034    35.5593    35.5591     5.5179    26.5310    26.5308         15  0.000e+00
