Pos-Processados/process_op41/operantar41_009.cnv
* Sea-Bird SBE 9 Data File:
* FileName = C:\Users\Dell\Desktop\OperantarXLI\config\00_BRUTOS\OPE41009.hdr
* Software Version Seasave V 7.26.7.110
* Temperature SN = 6497
* Conductivity SN = 4954
* Number of Bytes Per Scan = 31
* Number of Voltage Words = 2
* Number of Scans Averaged by the Deck Unit = 1
* NMEA Latitude = 42 49.84 S
* NMEA Longitude = 052 15.44 W
* NMEA UTC (Time) = Oct 23 2022 04:30:44
* NMEA baud rate = 4800
** H41
** Navio Polar Almirante Maximiano
** LH-021/2022
** Operantar XLI
** Número da Estação 009
** Latitude 42 49.421' S
** Longitude 52 14.906' W
** Data/Hora (Z) 23/10/2022 0403Z
** Profundidade local 5745 m
** 09-1439
** Nome do Operador CT Garla
# nquan = 30
# nvalues = 2047                        
# units = specified
# name 0 = scan: Scan Count
# name 1 = timeJ: Julian Days
# name 2 = latitude: Latitude [deg]
# name 3 = longitude: Longitude [deg]
# name 4 = dz/dtM: Descent Rate [m/s]
# name 5 = avgsvCM: Average Sound Velocity [Chen-Millero, m/s]
# name 6 = prDM: Pressure, Digiquartz [db]
# name 7 = depSM: Depth [salt water, m]
# name 8 = t090C: Temperature [ITS-90, deg C]
# name 9 = t190C: Temperature, 2 [ITS-90, deg C]
# name 10 = T2-T190C: Temperature Difference, 2 - 1 [ITS-90, deg C]
# name 11 = potemp090C: Potential Temperature [ITS-90, deg C]
# name 12 = potemp190C: Potential Temperature, 2 [ITS-90, deg C]
# name 13 = potemp90Cdiff: Potential Temperature, Diff, 2 - 1 [ITS-90, deg C]
# name 14 = c0S/m: Conductivity [S/m]
# name 15 = c1S/m: Conductivity, 2 [S/m]
# name 16 = C2-C1S/m: Conductivity Difference, 2 - 1 [S/m]
# name 17 = sal00: Salinity, Practical [PSU]
# name 18 = sal11: Salinity, Practical, 2 [PSU]
# name 19 = sbeox0ML/L: Oxygen, SBE 43 [ml/l]
# name 20 = sigma-é00: Density [sigma-theta, kg/m^3]
# name 21 = sigma-é11: Density, 2 [sigma-theta, kg/m^3]
# name 22 = sal00: Salinity, Practical [PSU]
# name 23 = sigma-é00: Density [sigma-theta, kg/m^3]
# name 24 = svCM: Sound Velocity [Chen-Millero, m/s]
# name 25 = svCM1: Sound Velocity, 2 [Chen-Millero, m/s]
# name 26 = gsw_ptA0: potential temperature [ITS-90, deg C]
# name 27 = gsw_densityA0: density, TEOS-10 [density, kg/m^3]
# name 28 = gsw_saA0: Absolute Salinity [g/kg]
# name 29 = flag:
# span 0 =        612,      61199       
# span 1 = 296.188304, 296.217522       
# span 2 =  -42.84097,  -42.83078       
# span 3 =  -52.27886,  -52.25768       
# span 4 =     -1.745,      1.512       
# span 5 =       0.00,    1564.87       
# span 6 =      3.000,   1029.000       
# span 7 =      2.983,   1018.320       
# span 8 =     3.5795,    14.6320       
# span 9 =     3.5794,    14.6321       
# span 10 =    -0.0683,     0.1746      
# span 11 =     3.5059,    14.6298      
# span 12 =     3.5060,    14.6299      
# span 13 =    -0.0681,     0.1741      
# span 14 =   3.195866,   4.311765      
# span 15 =   3.195667,   4.311702      
# span 16 =  -0.007079,   0.018727      
# span 17 =    34.1626,    35.6141      
# span 18 =    34.1631,    35.6133      
# span 19 =     4.9326,     6.0449      
# span 20 =    26.4469,    27.1996      
# span 21 =    26.4464,    27.1989      
# span 22 =    34.1609,    35.6142      
# span 23 =    26.4471,    27.1997      
# span 24 =    1480.60,    1510.81      
# span 25 =    1480.60,    1510.81      
# span 26 =     3.5058,    14.6298      
# span 27 =  1026.4798,  1031.9514      
# span 28 =    34.3236,    35.7828      
# span 29 = 0.0000e+00, 0.0000e+00      
# interval = decibars: 1                
# start_time = Oct 23 2022 04:30:44 [NMEA time, header]
# bad_flag = -9.990e-29
*END*
[from data line 1644]
      45549 296.209975  -42.83816  -52.27337     -0.878    1493.18    405.000    401.399    11.8559    11.8776     0.0217    11.8029    11.8246     0.0216   4.011712   4.015158   0.002493    35.0698    35.0737     5.1291    26.6809    26.6798    35.0746    26.6846    1503.11    1503.20    11.8029  1028.4895    35.2410 0.0000e+00
      45575 296.209987  -42.83816  -52.27338     -0.890    1493.18    404.000    400.409    12.0022    12.0481     0.0460    11.9490    11.9948     0.0459   4.032330   4.036588   0.005308    35.0974    35.1060     5.1015    26.6744    26.6724    35.1385    26.7063    1503.67    1503.83    11.9489  1028.5054    35.3051 0.0000e+00
      45598 296.209999  -42.83817  -52.27339     -0.968    1493.18    403.000    399.419    12.3617    12.2934    -0.0683    12.3076    12.2394    -0.0681   4.072755   4.065207  -0.007079    35.1565    35.1519     5.0624    26.6512    26.6610    35.1940    26.6804    1504.94    1504.70    12.3076  1028.4721    35.3610 0.0000e+00
      45620 296.210009  -42.83818  -52.27340     -1.058    1493.18    402.000    398.429    12.4956    12.4788    -0.0167    12.4412    12.4245    -0.0167   4.088331   4.086002  -0.001940    35.1955    35.1924     5.0852    26.6554    26.6563    35.2196    26.6741    1505.41    1505.35    12.4412  1028.4603    35.3866 0.0000e+00
      45643 296.210020  -42.83818  -52.27341     -1.089    1493.18    401.000    397.439    12.5610    12.5328    -0.0282    12.5066    12.4785    -0.0281   4.095368   4.093509  -0.003094    35.2105    35.2070     5.1040    26.6542    26.6571    35.2266    26.6667    1505.62    1505.54    12.5066  1028.4479    35.3936 0.0000e+00
      45669 296.210033  -42.83818  -52.27342     -0.979    1493.18    400.000    396.448    12.4422    12.5677     0.1256    12.3882    12.5134     0.1252   4.079464   4.096042   0.015118    35.1879    35.2163     5.1221    26.6599    26.6574    35.1847    26.6575    1505.15    1505.63    12.3882  1028.4350    35.3512 0.0000e+00
      45704 296.210050 -9.990e-29  -52.27342     -0.722    1493.18    399.000    395.458    12.4432    12.5292     0.0861    12.3893    12.4751     0.0858   4.083811   4.092836   0.010183    35.1958    35.2136     5.0954    26.6658    26.6628    35.2262    26.6893    1505.19    1505.49    12.3893  1028.4621    35.3926 0.0000e+00
      45738 296.210066 -9.990e-29  -52.27344     -0.692    1493.18    398.000    394.468    12.6755    12.6469    -0.0286    12.6211    12.5926    -0.0286   4.110128   4.108581  -0.002712    35.2416    35.2423     5.0759    26.6558    26.6620    35.2627    26.6722    1506.00    1505.92    12.6211  1028.4387    35.4294 0.0000e+00
      45764 296.210079  -42.83822  -52.27345     -0.838    1493.18    397.000    393.478    12.9950    12.9864    -0.0085    12.9398    12.9313    -0.0085   4.150045   4.149309   0.000393    35.3007    35.3124     5.0819    26.6380    26.6488    35.3470    26.6739    1507.15    1507.12    12.9398  1028.4336    35.5143 0.0000e+00
      45788 296.210090  -42.83822  -52.27346     -0.960    1493.18    396.000    392.488    13.1703    13.1709     0.0005    13.1148    13.1153     0.0005   4.169779   4.169785   0.000714    35.3372    35.3435     5.0928    26.6310    26.6358    35.3721    26.6580    1507.75    1507.75    13.1148  1028.4122    35.5398 0.0000e+00
      45813 296.210102  -42.83822  -52.27347     -0.984    1493.18    395.000    391.498    13.1746    13.2217     0.0471    13.1193    13.1662     0.0469   4.169602   4.175479   0.005542    35.3468    35.3557     5.1288    26.6375    26.6349    35.3668    26.6530    1507.74    1507.91    13.1192  1028.4028    35.5345 0.0000e+00
      45839 296.210115  -42.83822  -52.27348     -0.943    1493.18    394.000    390.508    13.1962    13.2926     0.0965    13.1408    13.2371     0.0962   4.171584   4.184226   0.011609    35.3505    35.3710     5.1332    26.6361    26.6324    35.3660    26.6481    1507.79    1508.15    13.1408  1028.3932    35.5338 0.0000e+00
      45864 296.210127  -42.83822  -52.27348     -0.947    1493.18    393.000    389.517    13.3034    13.3216     0.0182    13.2480    13.2661     0.0181   4.185664   4.187770   0.002557    35.3712    35.3785     5.1228    26.6302    26.6322    35.4003    26.6528    1508.17    1508.24    13.2479  1028.3927    35.5682 0.0000e+00
      45888 296.210138  -42.83822  -52.27349     -0.990    1493.18    392.000    388.527    13.4524    13.4418    -0.0106    13.3966    13.3861    -0.0106   4.203891   4.201308  -0.001080    35.4023    35.4020     5.1087    26.6239    26.6258    35.4348    26.6490    1508.69    1508.63    13.3966  1028.3833    35.6028 0.0000e+00
      45916 296.210152  -42.83824  -52.27350     -0.924    1493.18    391.000    387.537    13.4982    13.5082     0.0100    13.4425    13.4524     0.0100   4.206548   4.207899   0.000508    35.4109    35.4065     5.1340    26.6211    26.6156    35.4178    26.6264    1508.80    1508.84    13.4425  1028.3560    35.5857 0.0000e+00
      45960 296.210173  -42.83824  -52.27352     -0.553    1493.18    390.000    386.547    13.4131    13.4648     0.0517    13.3578    13.4093     0.0515   4.198703   4.204976   0.006306    35.4023    35.4140     5.1781    26.6319    26.6303    35.4230    26.6479    1508.51    1508.69    13.3577  1028.3737    35.5910 0.0000e+00
      45996 296.210191  -42.83824  -52.27352     -0.606    1493.18    389.000    385.557    13.5764    13.5810     0.0046    13.5207    13.5253     0.0046   4.217068   4.217772   0.000885    35.4286    35.4326     5.1555    26.6186    26.6208    35.4453    26.6316    1509.06    1509.08    13.5207  1028.3518    35.6134 0.0000e+00
      46018 296.210201  -42.83824  -52.27354     -0.898    1493.18    388.000    384.566    13.6155    13.6182     0.0027    13.5598    13.5626     0.0028   4.221589   4.221833   0.000552    35.4369    35.4395     5.1693    26.6170    26.6185    35.4521    26.6288    1509.18    1509.18    13.5598  1028.3442    35.6202 0.0000e+00
      46036 296.210210  -42.83826  -52.27354     -1.147    1493.18    387.000    383.576    13.6369    13.6275    -0.0095    13.5814    13.5719    -0.0095   4.224023   4.222965  -0.000880    35.4423    35.4428     5.1815    26.6167    26.6191    35.4555    26.6269    1509.23    1509.20    13.5814  1028.3379    35.6237 0.0000e+00
      46055 296.210219  -42.83826  -52.27354     -1.300    1493.18    386.000    382.586    13.6480    13.6426    -0.0053    13.5926    13.5872    -0.0053   4.225202   4.224755  -0.000429    35.4456    35.4465     5.1916    26.6170    26.6187    35.4568    26.6256    1509.25    1509.24    13.5925  1028.3321    35.6250 0.0000e+00
      46075 296.210228  -42.83826  -52.27355     -1.286    1493.18    385.000    381.595    13.6478    13.6460    -0.0018    13.5925    13.5907    -0.0018   4.225124   4.224932  -0.000114    35.4472    35.4478     5.1954    26.6182    26.6191    35.4567    26.6255    1509.24    1509.23    13.5925  1028.3276    35.6248 0.0000e+00
      46100 296.210241  -42.83827  -52.27356     -1.078    1493.18    384.000    380.605    13.6404    13.6451     0.0047    13.5853    13.5900     0.0047   4.224161   4.224833   0.000497    35.4479    35.4482     5.2014    26.6202    26.6195    35.4549    26.6256    1509.19    1509.21    13.5853  1028.3233    35.6230 0.0000e+00
      46135 296.210257  -42.83828  -52.27358     -0.741    1493.18    383.000    379.615    13.6378    13.6595     0.0217    13.5828    13.6044     0.0216   4.223954   4.226464   0.002553    35.4483    35.4522     5.1857    26.6210    26.6196    35.4557    26.6268    1509.17    1509.24    13.5829  1028.3202    35.6239 0.0000e+00
      46173 296.210276  -42.83828  -52.27359     -0.628    1493.18    382.000    378.625    13.6616    13.6634     0.0018    13.6068    13.6086     0.0018   4.226737   4.227051   0.000331    35.4532    35.4546     5.1842    26.6199    26.6206    35.4603    26.6253    1509.24    1509.24    13.6068  1028.3141    35.6284 0.0000e+00
      46208 296.210293  -42.83828  -52.27360     -0.664    1493.18    381.000    377.634    13.7017    13.6931    -0.0086    13.6469    13.6383    -0.0086   4.231628   4.230516  -0.000927    35.4623    35.4616     5.2058    26.6186    26.6198    35.4695    26.6242    1509.36    1509.33    13.6469  1028.3083    35.6377 0.0000e+00
      46243 296.210310  -42.83828  -52.27361     -0.678    1493.18    380.000    376.644    13.7079    13.7039    -0.0040    13.6532    13.6492    -0.0040   4.232170   4.231664  -0.000538    35.4646    35.4633     5.1944    26.6191    26.6188    35.4693    26.6227    1509.37    1509.35    13.6532  1028.3024    35.6375 0.0000e+00
      46271 296.210323  -42.83829  -52.27362     -0.793    1493.18    379.000    375.654    13.7150    13.7173     0.0023    13.6604    13.6627     0.0023   4.233156   4.233329   0.000316    35.4666    35.4675     5.1951    26.6191    26.6193    35.4725    26.6236    1509.38    1509.38    13.6604  1028.2988    35.6406 0.0000e+00
      46291 296.210333  -42.83830  -52.27363     -1.007    1493.18    378.000    374.664    13.7364    13.7292    -0.0072    13.6819    13.6747    -0.0071   4.235568   4.234993  -0.000675    35.4702    35.4705     5.2016    26.6175    26.6191    35.4757    26.6217    1509.43    1509.41    13.6819  1028.2923    35.6439 0.0000e+00
      46308 296.210341  -42.83830  -52.27364     -1.222    1493.18    377.000    373.673    13.7436    13.7399    -0.0037    13.6892    13.6855    -0.0037   4.236397   4.235993  -0.000354    35.4723    35.4724     5.1963    26.6175    26.6183    35.4772    26.6213    1509.44    1509.43    13.6892  1028.2875    35.6455 0.0000e+00
      46325 296.210349  -42.83830  -52.27364     -1.371    1493.18    376.000    372.683    13.7487    13.7471    -0.0017    13.6945    13.6928    -0.0017   4.236999   4.236829  -0.000146    35.4742    35.4743     5.1874    26.6179    26.6183    35.4785    26.6212    1509.44    1509.44    13.6945  1028.2830    35.6467 0.0000e+00
      46344 296.210358  -42.83832  -52.27366     -1.364    1493.18    375.000    371.693    13.7609    13.7549    -0.0059    13.7067    13.7008    -0.0059   4.238555   4.237851  -0.000659    35.4771    35.4764     5.1891    26.6176    26.6183    35.4823    26.6216    1509.47    1509.45    13.7067  1028.2789    35.6506 0.0000e+00
      46372 296.210372  -42.83832  -52.27366     -1.036    1493.18    374.000    370.703    13.7534    13.7558     0.0024    13.6995    13.7018     0.0023   4.237358   4.237627   0.000215    35.4767    35.4766     5.1960    26.6188    26.6182    35.4784    26.6201    1509.43    1509.43    13.6995  1028.2730    35.6466 0.0000e+00
      46419 296.210394  -42.83832  -52.27367     -0.503    1493.18    373.000    369.712    13.7538    13.7679     0.0142    13.6999    13.7141     0.0141   4.237666   4.239328   0.001645    35.4775    35.4799     5.2054    26.6193    26.6182    35.4814    26.6223    1509.41    1509.46    13.7000  1028.2708    35.6496 0.0000e+00
      46461 296.210415  -42.83832  -52.27368     -0.562    1493.18    372.000    368.722    13.7868    13.7828    -0.0040    13.7330    13.7290    -0.0040   4.241857   4.241345  -0.000393    35.4844    35.4844     5.1931    26.6178    26.6186    35.4906    26.6225    1509.52    1509.50    13.7330  1028.2664    35.6588 0.0000e+00
      46491 296.210429  -42.83834  -52.27370     -0.749    1493.18    371.000    367.732    13.8469    13.8375    -0.0094    13.7931    13.7837    -0.0094   4.248885   4.247960  -0.000949    35.4965    35.4964     5.1802    26.6145    26.6163    35.5013    26.6182    1509.71    1509.68    13.7931  1028.2573    35.6696 0.0000e+00
      46518 296.210442  -42.83834  -52.27372     -0.862    1493.18    370.000    366.742    13.8582    13.8611     0.0029    13.8046    13.8074     0.0028   4.250357   4.250929   0.000423    35.5006    35.5019     5.1970    26.6153    26.6157    35.5049    26.6186    1509.73    1509.74    13.8046  1028.2532    35.6733 0.0000e+00
      46544 296.210455  -42.83834  -52.27372     -0.903    1493.18    369.000    365.751    13.8748    13.8925     0.0176    13.8213    13.8389     0.0176   4.252262   4.254732   0.002229    35.5043    35.5089     5.1983    26.6146    26.6145    35.5078    26.6174    1509.77    1509.84    13.8213  1028.2475    35.6762 0.0000e+00
      46566 296.210465  -42.83834  -52.27372     -0.984    1493.18    368.000    364.761    13.9102    13.9134     0.0033    13.8567    13.8599     0.0032   4.257161   4.257306   0.000646    35.5115    35.5146     5.1857    26.6128    26.6145    35.5214    26.6204    1509.89    1509.90    13.8567  1028.2459    35.6898 0.0000e+00
      46586 296.210475  -42.83834  -52.27374     -1.115    1493.18    367.000    363.770    13.9522    13.9407    -0.0115    13.8988    13.8872    -0.0115   4.262110   4.260809  -0.001264    35.5210    35.5198     5.1886    26.6112    26.6128    35.5293    26.6177    1510.02    1509.98    13.8987  1028.2384    35.6977 0.0000e+00
      46604 296.210484  -42.83835  -52.27374     -1.249    1493.18    366.000    362.780    13.9817    13.9668    -0.0149    13.9283    13.9134    -0.0148   4.265415   4.263707  -0.001722    35.5271    35.5247     5.2009    26.6097    26.6110    35.5334    26.6146    1510.10    1510.05    13.9283  1028.2307    35.7018 0.0000e+00
      46622 296.210492  -42.83836  -52.27375     -1.322    1493.18    365.000    361.790    13.9886    13.9832    -0.0054    13.9353    13.9299    -0.0054   4.266201   4.265626  -0.000582    35.5298    35.5293     5.2109    26.6103    26.6112    35.5347    26.6142    1510.11    1510.09    13.9353  1028.2259    35.7032 0.0000e+00
      46644 296.210503  -42.83836  -52.27376     -1.234    1493.18    364.000    360.800    13.9927    13.9853    -0.0074    13.9396    13.9322    -0.0074   4.266716   4.265715  -0.000920    35.5316    35.5299     5.2277    26.6109    26.6111    35.5361    26.6144    1510.11    1510.08    13.9396  1028.2216    35.7046 0.0000e+00
      46687 296.210524  -42.83836  -52.27377     -0.653    1493.18    363.000    359.811    13.9736    13.9876     0.0140    13.9206    13.9346     0.0140   4.264317   4.266133   0.001714    35.5289    35.5319     5.2502    26.6127    26.6122    35.5318    26.6150    1510.02    1510.07    13.9206  1028.2177    35.6998 0.0000e+00
      46745 296.210552 -9.990e-29  -52.27379     -0.372    1493.18    362.000    358.816    14.0004    14.0040     0.0036    13.9476    13.9511     0.0035   4.267502   4.268083   0.000501    35.5351    35.5365     5.2432    26.6119    26.6122    35.5372    26.6135    1510.10    1510.11    13.9476  1028.2115    35.7051 0.0000e+00
      46770 296.210564  -42.83838  -52.27380     -0.747    1493.18    361.000    357.829    14.0225    14.0338     0.0113    13.9697    13.9810     0.0113   4.270779   4.272161   0.001449    35.5421    35.5452     5.2430    26.6126    26.6126    35.5478    26.6170    1510.17    1510.21    13.9697  1028.2108    35.7161 0.0000e+00
      46787 296.210572  -42.83838  -52.27380     -1.072    1493.18    360.000    356.838    14.0484    14.0461    -0.0023    13.9957    13.9934    -0.0023   4.273734   4.273418  -0.000227    35.5474    35.5474     5.2364    26.6112    26.6117    35.5518    26.6147    1510.24    1510.23    13.9957  1028.2040    35.7204 0.0000e+00
      46804 296.210580  -42.83838  -52.27380     -1.328    1493.18    359.000    355.848    14.0728    14.0589    -0.0140    14.0202    14.0063    -0.0139   4.277634   4.275502  -0.001630    35.5546    35.5523     5.2365    26.6116    26.6128    35.5661    26.6205    1510.32    1510.26    14.0202  1028.2052    35.7347 0.0000e+00
