Pos-Processados/process_op41/operantar41_021.cnv
* Sea-Bird SBE 9 Data File:
* FileName = C:\Users\Dell\Desktop\OperantarXLI\config\00_BRUTOS\OPE41021.hdr
* Software Version Seasave V 7.26.7.110
* Temperature SN = 6497
* Conductivity SN = 4954
* Number of Bytes Per Scan = 34
* Number of Voltage Words = 3
* Number of Scans Averaged by the Deck Unit = 1
* NMEA Latitude = 62 21.63 S
* NMEA Longitude = 057 56.66 W
* NMEA UTC (Time) = Nov 11 2022 10:57:30
* NMEA baud rate = 4800
** H41
** Navio Polar Almirante Maximiano
** LH-021/2022
** Operantar XLI
** Número da Estação 021
** Latitude 62 21.943S
** Longitude 057 58.115W
** Data/Hora (Z) 11/11/2022  1100Z
** Profundidade local 1900
** 09-1439
** Nome do Operador 1T FILIPE LOPES
# nquan = 30
# nvalues = 3619                        
# units = specified
# name 0 = scan: Scan Count
# name 1 = timeJ: Julian Days
# name 2 = latitude: Latitude [deg]
# name 3 = longitude: Longitude [deg]
# name 4 = dz/dtM: Descent Rate [m/s]
# name 5 = avgsvCM: Average Sound Velocity [Chen-Millero, m/s]
# name 6 = prDM: Pressure, Digiquartz [db]
# name 7 = depSM: Depth [salt water, m]
# name 8 = t090C: Temperature [ITS-90, deg C]
# name 9 = t190C: Temperature, 2 [ITS-90, deg C]
# name 10 = T2-T190C: Temperature Difference, 2 - 1 [ITS-90, deg C]
# name 11 = potemp090C: Potential Temperature [ITS-90, deg C]
# name 12 = potemp190C: Potential Temperature, 2 [ITS-90, deg C]
# name 13 = potemp90Cdiff: Potential Temperature, Diff, 2 - 1 [ITS-90, deg C]
# name 14 = c0S/m: Conductivity [S/m]
# name 15 = c1S/m: Conductivity, 2 [S/m]
# name 16 = C2-C1S/m: Conductivity Difference, 2 - 1 [S/m]
# name 17 = sal00: Salinity, Practical [PSU]
# name 18 = sal11: Salinity, Practical, 2 [PSU]
# name 19 = sbeox0ML/L: Oxygen, SBE 43 [ml/l]
# name 20 = sigma-é00: Density [sigma-theta, kg/m^3]
# name 21 = sigma-é11: Density, 2 [sigma-theta, kg/m^3]
# name 22 = sal00: Salinity, Practical [PSU]
# name 23 = sigma-é00: Density [sigma-theta, kg/m^3]
# name 24 = svCM: Sound Velocity [Chen-Millero, m/s]
# name 25 = svCM1: Sound Velocity, 2 [Chen-Millero, m/s]
# name 26 = gsw_ptA0: potential temperature [ITS-90, deg C]
# name 27 = gsw_densityA0: density, TEOS-10 [density, kg/m^3]
# name 28 = gsw_saA0: Absolute Salinity [g/kg]
# name 29 = flag:
# span 0 =       2348,     128328       
# span 1 = 315.457729, 315.518483       
# span 2 =  -62.36048,  -62.35185       
# span 3 =  -57.94303,  -57.87520       
# span 4 =     -1.893,      1.257       
# span 5 =       0.00,    1459.49       
# span 6 =      0.000,   1810.000       
# span 7 =      0.189,   1784.848       
# span 8 =    -1.4300,     0.5523       
# span 9 =    -1.4304,     0.5520       
# span 10 =    -0.0176,     0.0138      
# span 11 =    -1.5017,     0.5430      
# span 12 =    -1.5021,     0.5427      
# span 13 =    -0.0176,     0.0138      
# span 14 =   2.773664,   2.927336      
# span 15 =   2.773751,   2.927304      
# span 16 =  -0.001412,   0.001165      
# span 17 =    34.3253,    34.5614      
# span 18 =    34.3256,    34.5612      
# span 19 =     5.1159,     7.6022      
# span 20 =    27.5860,    27.8156      
# span 21 =    27.5889,    27.8155      
# span 22 =    34.3235,    34.5613      
# span 23 =    27.5844,    27.8156      
# span 24 =    1445.27,    1471.77      
# span 25 =    1445.27,    1471.77      
# span 26 =    -1.5003,     0.5431      
# span 27 =  1027.5977,  1036.3588      
# span 28 =    34.4893,    34.7326      
# span 29 = 0.0000e+00, 0.0000e+00      
# interval = decibars: 1                
# start_time = Nov 11 2022 10:57:30 [NMEA time, header]
# bad_flag = -9.990e-29
*END*
[from data line 339]
      12681 315.462712  -62.36018  -57.93676      0.895    1449.70    341.000    337.444    -0.1126    -0.1128    -0.0002    -0.1253    -0.1255    -0.0002   2.874588   2.874570  -0.000018    34.5346    34.5345     5.5883    27.7370    27.7370    34.5338    27.7364    1453.55    1453.55    -0.1251  1029.3627    34.7027 0.0000e+00
      12705 315.462724  -62.36018  -57.93676      0.980    1449.70    342.000    338.433    -0.1133    -0.1136    -0.0003    -0.1260    -0.1263    -0.0003   2.874583   2.874566  -0.000016    34.5347    34.5347     5.5833    27.7371    27.7372    34.5339    27.7365    1453.56    1453.56    -0.1258  1029.3675    34.7028 0.0000e+00
      12730 315.462736  -62.36018  -57.93674      0.989    1449.70    343.000    339.421    -0.1141    -0.1140     0.0000    -0.1268    -0.1268     0.0000   2.874573   2.874590   0.000014    34.5346    34.5348     5.5788    27.7371    27.7372    34.5340    27.7366    1453.58    1453.58    -0.1266  1029.3724    34.7029 0.0000e+00
      12761 315.462751  -62.36018  -57.93672      0.827    1449.70    344.000    340.410    -0.1139    -0.1140    -0.0002    -0.1266    -0.1268    -0.0002   2.874638   2.874624  -0.000013    34.5345    34.5345     5.5818    27.7370    27.7370    34.5340    27.7366    1453.59    1453.59    -0.1265  1029.3771    34.7029 0.0000e+00
      12790 315.462765  -62.36018  -57.93671      0.776    1449.70    345.000    341.399    -0.1145    -0.1143     0.0002    -0.1273    -0.1271     0.0002   2.874638   2.874648   0.000010    34.5347    34.5346     5.5897    27.7372    27.7371    34.5341    27.7367    1453.61    1453.61    -0.1271  1029.3820    34.7030 0.0000e+00
      12813 315.462776  -62.36018  -57.93669      0.943    1449.70    346.000    342.388    -0.1156    -0.1156     0.0001    -0.1285    -0.1285     0.0001   2.874577   2.874589   0.000004    34.5347    34.5347     5.5953    27.7373    27.7373    34.5340    27.7367    1453.62    1453.62    -0.1283  1029.3867    34.7029 0.0000e+00
      12835 315.462786  -62.36018  -57.93667      1.079    1449.70    347.000    343.377    -0.1192    -0.1190     0.0002    -0.1320    -0.1319     0.0002   2.874331   2.874340   0.000015    34.5347    34.5348     5.5908    27.7375    27.7375    34.5341    27.7370    1453.62    1453.62    -0.1319  1029.3917    34.7030 0.0000e+00
      12860 315.462798  -62.36018  -57.93666      1.046    1449.70    348.000    344.366    -0.1203    -0.1206    -0.0002    -0.1333    -0.1335    -0.0002   2.874273   2.874248  -0.000025    34.5345    34.5345     5.5833    27.7374    27.7374    34.5341    27.7370    1453.63    1453.63    -0.1331  1029.3965    34.7030 0.0000e+00
      12891 315.462813  -62.36018  -57.93665      0.820    1449.70    349.000    345.354    -0.1204    -0.1205    -0.0001    -0.1333    -0.1335    -0.0001   2.874305   2.874293  -0.000015    34.5344    34.5344     5.5819    27.7373    27.7372    34.5340    27.7369    1453.64    1453.64    -0.1332  1029.4012    34.7028 0.0000e+00
      12921 315.462828  -62.36018  -57.93662      0.765    1449.70    350.000    346.343    -0.1280    -0.1263     0.0017    -0.1409    -0.1393     0.0017   2.873645   2.873790   0.000136    34.5346    34.5344     5.5860    27.7378    27.7376    34.5332    27.7367    1453.63    1453.63    -0.1408  1029.4057    34.7021 0.0000e+00
      12946 315.462840  -62.36016  -57.93660      0.887    1449.70    351.000    347.332    -0.1481    -0.1466     0.0015    -0.1610    -0.1595     0.0015   2.871763   2.871894   0.000131    34.5340    34.5340     5.5935    27.7383    27.7382    34.5303    27.7353    1453.54    1453.55    -0.1609  1029.4094    34.6991 0.0000e+00
      12970 315.462852  -62.36016  -57.93660      0.986    1449.70    352.000    348.320    -0.1737    -0.1738    -0.0001    -0.1866    -0.1867    -0.0001   2.869635   2.869624  -0.000006    34.5336    34.5336     5.5895    27.7393    27.7394    34.5303    27.7366    1453.44    1453.44    -0.1864  1029.4157    34.6992 0.0000e+00
      12995 315.462864  -62.36018  -57.93658      0.990    1449.70    353.000    349.309    -0.1836    -0.1832     0.0005    -0.1965    -0.1961     0.0005   2.868853   2.868911   0.000048    34.5330    34.5332     5.5819    27.7394    27.7394    34.5304    27.7372    1453.41    1453.42    -0.1963  1029.4211    34.6993 0.0000e+00
      13023 315.462877  -62.36017  -57.93657      0.899    1449.70    354.000    350.298    -0.2007    -0.1984     0.0023    -0.2136    -0.2114     0.0023   2.867354   2.867543   0.000187    34.5325    34.5324     5.5965    27.7397    27.7395    34.5292    27.7371    1453.35    1453.36    -0.2134  1029.4260    34.6981 0.0000e+00
      13051 315.462891  -62.36016  -57.93655      0.837    1449.70    355.000    351.287    -0.2082    -0.2084    -0.0002    -0.2211    -0.2213    -0.0002   2.866788   2.866753  -0.000021    34.5318    34.5317     5.6181    27.7395    27.7395    34.5295    27.7377    1453.33    1453.33    -0.2209  1029.4314    34.6984 0.0000e+00
      13077 315.462903  -62.36016  -57.93653      0.894    1449.70    356.000    352.275    -0.2103    -0.2111    -0.0008    -0.2233    -0.2241    -0.0008   2.866638   2.866578  -0.000056    34.5313    34.5315     5.6305    27.7393    27.7395    34.5293    27.7376    1453.34    1453.33    -0.2231  1029.4361    34.6982 0.0000e+00
      13100 315.462914  -62.36016  -57.93652      0.986    1449.70    357.000    353.264    -0.2165    -0.2148     0.0017    -0.2295    -0.2278     0.0017   2.866003   2.866222   0.000182    34.5306    34.5311     5.6411    27.7390    27.7393    34.5273    27.7363    1453.32    1453.33    -0.2293  1029.4396    34.6961 0.0000e+00
      13123 315.462925  -62.36016  -57.93651      1.039    1449.70    358.000    354.253    -0.2546    -0.2518     0.0028    -0.2675    -0.2647     0.0028   2.862307   2.862639   0.000254    34.5294    34.5297     5.6562    27.7399    27.7400    34.5204    27.7327    1453.15    1453.17    -0.2673  1029.4411    34.6893 0.0000e+00
      13147 315.462937  -62.36016  -57.93649      1.021    1449.70    359.000    355.241    -0.3249    -0.3233     0.0015    -0.3376    -0.3361     0.0015   2.856089   2.856209   0.000115    34.5279    34.5277     5.6639    27.7421    27.7419    34.5163    27.7328    1452.84    1452.84    -0.3374  1029.4467    34.6852 0.0000e+00
      13173 315.462949  -62.36016  -57.93648      0.960    1449.70    360.000    356.230    -0.3881    -0.3858     0.0023    -0.4007    -0.3984     0.0023   2.850895   2.851041   0.000225    34.5249    34.5254     5.6635    27.7427    27.7429    34.5179    27.7370    1452.56    1452.57    -0.4005  1029.4565    34.6868 0.0000e+00
      13201 315.462963  -62.36016  -57.93647      0.887    1449.70    361.000    357.219    -0.3936    -0.3935     0.0001    -0.4062    -0.4061     0.0001   2.850487   2.850489   0.000018    34.5234    34.5236     5.6789    27.7417    27.7419    34.5181    27.7374    1452.55    1452.55    -0.4060  1029.4616    34.6869 0.0000e+00
      13230 315.462977  -62.36016  -57.93644      0.825    1449.70    362.000    358.207    -0.3936    -0.3938    -0.0003    -0.4062    -0.4065    -0.0003   2.850520   2.850509  -0.000014    34.5226    34.5227     5.7377    27.7410    27.7411    34.5179    27.7372    1452.57    1452.57    -0.4060  1029.4662    34.6867 0.0000e+00
      13255 315.462989  -62.36016  -57.93642      0.889    1449.70    363.000    359.196    -0.3969    -0.3960     0.0009    -0.4096    -0.4086     0.0010   2.850277   2.850380   0.000096    34.5220    34.5222     5.7834    27.7407    27.7408    34.5179    27.7374    1452.57    1452.58    -0.4094  1029.4712    34.6867 0.0000e+00
      13278 315.463000  -62.36016  -57.93642      1.012    1449.70    364.000    360.185    -0.4199    -0.4207    -0.0008    -0.4325    -0.4334    -0.0008   2.847951   2.847902  -0.000050    34.5203    34.5206     5.8136    27.7405    27.7407    34.5121    27.7338    1452.47    1452.47    -0.4323  1029.4726    34.6809 0.0000e+00
      13302 315.463012  -62.36016  -57.93640      1.033    1449.70    365.000    361.173    -0.4459    -0.4441     0.0018    -0.4585    -0.4567     0.0018   2.845834   2.846108   0.000197    34.5196    34.5202     5.8194    27.7411    27.7415    34.5127    27.7355    1452.37    1452.38    -0.4583  1029.4793    34.6815 0.0000e+00
      13333 315.463027  -62.36016  -57.93639      0.830    1449.70    366.000    362.162    -0.4930    -0.4939    -0.0009    -0.5055    -0.5064    -0.0009   2.841751   2.841602  -0.000074    34.5181    34.5182     5.8279    27.7420    27.7421    34.5107    27.7361    1452.16    1452.16    -0.5053  1029.4852    34.6795 0.0000e+00
      13362 315.463040  -62.36016  -57.93637      0.783    1449.70    367.000    363.150    -0.5122    -0.5109     0.0013    -0.5246    -0.5233     0.0013   2.840164   2.840315   0.000129    34.5167    34.5169     5.8361    27.7418    27.7419    34.5106    27.7368    1452.09    1452.10    -0.5244  1029.4909    34.6794 0.0000e+00
      13383 315.463051  -62.36016  -57.93635      0.970    1449.70    368.000    364.139    -0.5200    -0.5187     0.0013    -0.5325    -0.5312     0.0013   2.839572   2.839725   0.000135    34.5161    34.5164     5.8513    27.7416    27.7418    34.5109    27.7374    1452.07    1452.08    -0.5322  1029.4964    34.6797 0.0000e+00
      13403 315.463060  -62.36016  -57.93634      1.136    1449.70    369.000    365.128    -0.5333    -0.5343    -0.0010    -0.5458    -0.5468    -0.0010   2.838220   2.838106  -0.000089    34.5149    34.5148     5.8709    27.7413    27.7413    34.5072    27.7350    1452.02    1452.01    -0.5455  1029.4989    34.6760 0.0000e+00
      13424 315.463070  -62.36016  -57.93634      1.198    1449.70    370.000    366.116    -0.5668    -0.5661     0.0008    -0.5792    -0.5785     0.0008   2.835370   2.835429   0.000054    34.5138    34.5137     5.8894    27.7419    27.7417    34.5064    27.7358    1451.88    1451.88    -0.5790  1029.5049    34.6752 0.0000e+00
      13451 315.463083  -62.36016  -57.93632      1.019    1449.70    371.000    367.105    -0.5940    -0.5932     0.0009    -0.6064    -0.6055     0.0009   2.832968   2.833028   0.000065    34.5119    34.5118     5.9031    27.7415    27.7414    34.5043    27.7354    1451.77    1451.77    -0.6061  1029.5095    34.6731 0.0000e+00
      13486 315.463101  -62.36016  -57.93630      0.688    1449.70    372.000    368.093    -0.6129    -0.6156    -0.0026    -0.6252    -0.6279    -0.0026   2.831464   2.831252  -0.000192    34.5101    34.5105     5.9203    27.7409    27.7414    34.5050    27.7367    1451.69    1451.68    -0.6250  1029.5158    34.6738 0.0000e+00
      13516 315.463115  -62.36016  -57.93628      0.750    1449.70    373.000    369.082    -0.6246    -0.6246     0.0000    -0.6370    -0.6369     0.0000   2.830433   2.830452   0.000014    34.5094    34.5095     5.9575    27.7408    27.7409    34.5038    27.7363    1451.65    1451.65    -0.6367  1029.5203    34.6726 0.0000e+00
      13540 315.463127  -62.36016  -57.93626      0.916    1449.70    374.000    370.071    -0.6489    -0.6466     0.0023    -0.6612    -0.6589     0.0023   2.828170   2.828367   0.000200    34.5081    34.5081     5.9825    27.7408    27.7408    34.5002    27.7345    1451.55    1451.56    -0.6609  1029.5235    34.6690 0.0000e+00
      13562 315.463137  -62.36016  -57.93624      1.035    1449.70    375.000    371.060    -0.6644    -0.6662    -0.0018    -0.6767    -0.6785    -0.0018   2.827243   2.827096  -0.000148    34.5088    34.5088     5.9906    27.7421    27.7422    34.5048    27.7389    1451.50    1451.49    -0.6764  1029.5329    34.6736 0.0000e+00
      13583 315.463147  -62.36016  -57.93624      1.114    1449.71    376.000    372.048    -0.6074    -0.6098    -0.0024    -0.6199    -0.6223    -0.0024   2.832863   2.832766  -0.000155    34.5113    34.5120     5.9814    27.7416    27.7423    34.5150    27.7447    1451.80    1451.79    -0.6196  1029.5426    34.6839 0.0000e+00
      13610 315.463160  -62.36016  -57.93623      1.026    1450.16    377.000    373.037    -0.5787    -0.5807    -0.0020    -0.5913    -0.5933    -0.0019   2.835252   2.835028  -0.000197    34.5125    34.5121     5.9957    27.7413    27.7411    34.5140    27.7426    1451.95    1451.94    -0.5911  1029.5450    34.6829 0.0000e+00
      13645 315.463177  -62.36016  -57.93619      0.691    1450.18    378.000    374.025    -0.5586    -0.5578     0.0008    -0.5713    -0.5705     0.0008   2.836925   2.836997   0.000076    34.5131    34.5133     6.0173    27.7410    27.7410    34.5131    27.7409    1452.06    1452.06    -0.5711  1029.5478    34.6820 0.0000e+00
      13676 315.463192  -62.36016  -57.93618      0.723    1450.18    379.000    375.014    -0.5563    -0.5577    -0.0013    -0.5691    -0.5704    -0.0013   2.837244   2.837124  -0.000117    34.5138    34.5138     5.9956    27.7414    27.7414    34.5142    27.7417    1452.08    1452.08    -0.5688  1029.5533    34.6830 0.0000e+00
      13697 315.463202  -62.36016  -57.93617      0.954    1450.18    380.000    376.003    -0.5516    -0.5521    -0.0005    -0.5644    -0.5649    -0.0005   2.837761   2.837715  -0.000052    34.5145    34.5144     5.9600    27.7418    27.7417    34.5151    27.7423    1452.12    1452.12    -0.5642  1029.5586    34.6840 0.0000e+00
      13718 315.463212  -62.36016  -57.93616      1.132    1450.18    381.000    376.991    -0.5532    -0.5529     0.0003    -0.5661    -0.5657     0.0003   2.837624   2.837636   0.000020    34.5148    34.5147     5.9335    27.7421    27.7420    34.5145    27.7418    1452.13    1452.13    -0.5658  1029.5629    34.6834 0.0000e+00
      13741 315.463223  -62.36015  -57.93615      1.124    1450.18    382.000    377.980    -0.5550    -0.5559    -0.0008    -0.5679    -0.5688    -0.0008   2.837538   2.837466  -0.000072    34.5149    34.5148     5.9211    27.7422    27.7422    34.5148    27.7422    1452.14    1452.14    -0.5676  1029.5680    34.6837 0.0000e+00
      13777 315.463241  -62.36014  -57.93614      0.730    1450.18    383.000    378.968    -0.5562    -0.5572    -0.0010    -0.5691    -0.5701    -0.0010   2.837471   2.837371  -0.000096    34.5148    34.5146     5.9114    27.7422    27.7421    34.5146    27.7421    1452.15    1452.15    -0.5689  1029.5727    34.6835 0.0000e+00
      13810 315.463256  -62.36014  -57.93612      0.673    1450.18    384.000    379.957    -0.5598    -0.5604    -0.0007    -0.5727    -0.5734    -0.0007   2.837174   2.837127  -0.000061    34.5147    34.5147     5.9079    27.7423    27.7423    34.5141    27.7418    1452.15    1452.15    -0.5725  1029.5772    34.6830 0.0000e+00
      13833 315.463268  -62.36014  -57.93610      0.902    1450.18    385.000    380.945    -0.5746    -0.5720     0.0027    -0.5875    -0.5849     0.0026   2.835883   2.836101   0.000213    34.5147    34.5145     5.9155    27.7429    27.7427    34.5130    27.7416    1452.10    1452.11    -0.5873  1029.5819    34.6819 0.0000e+00
      13857 315.463279  -62.36014  -57.93608      1.033    1450.18    386.000    381.934    -0.5822    -0.5817     0.0005    -0.5951    -0.5946     0.0005   2.835238   2.835294   0.000040    34.5142    34.5142     5.9136    27.7429    27.7429    34.5123    27.7414    1452.08    1452.08    -0.5949  1029.5865    34.6812 0.0000e+00
      13889 315.463295  -62.36014  -57.93607      0.838    1450.18    387.000    382.922    -0.5932    -0.5943    -0.0011    -0.6061    -0.6072    -0.0011   2.834382   2.834262  -0.000092    34.5138    34.5138     5.9127    27.7430    27.7431    34.5127    27.7422    1452.04    1452.04    -0.6059  1029.5922    34.6816 0.0000e+00
