Pos-Processados/process_op41/operantar41_001.ros
* Sea-Bird SBE 9 Data File:
* FileName = C:\Users\Dell\Desktop\Operantar XLI\Raw\OP41001.hdr
* Software Version Seasave V 7.26.7.110
* Temperature SN = 6497
* Conductivity SN = 4954
* Number of Bytes Per Scan = 31
* Number of Voltage Words = 2
* Number of Scans Averaged by the Deck Unit = 1
* NMEA Latitude = 36 40.13 S
* NMEA Longitude = 048 37.58 W
* NMEA UTC (Time) = Oct 17 2022 11:05:04
* NMEA baud rate = 4800
** H41
** Navio Polar Almirante Maximiano
** LH-021/2022
** Operantar XLI
** Número da Estação 001 LR
** Latitude 36 40.147S
** Longitude 048 37.579W
** Data/Hora (Z) 1105Z
** Profundidade local 4900m
** 09-1439
** Nome do Operador CT Garla
# nquan = 24
# nvalues = 1940                                  
# units = specified
# name 0 = scan: Scan Count
# name 1 = timeJ: Julian Days
# name 2 = latitude: Latitude [deg]
# name 3 = longitude: Longitude [deg]
# name 4 = dz/dtM: Descent Rate [m/s]
# name 5 = avgsvCM: Average Sound Velocity [Chen-Millero, m/s]
# name 6 = prDM: Pressure, Digiquartz [db]
# name 7 = depSM: Depth [salt water, m]
# name 8 = t090C: Temperature [ITS-90, deg C]
# name 9 = t190C: Temperature, 2 [ITS-90, deg C]
# name 10 = T2-T190C: Temperature Difference, 2 - 1 [ITS-90, deg C]
# name 11 = potemp090C: Potential Temperature [ITS-90, deg C]
# name 12 = potemp190C: Potential Temperature, 2 [ITS-90, deg C]
# name 13 = potemp90Cdiff: Potential Temperature, Diff, 2 - 1 [ITS-90, deg C]
# name 14 = c0S/m: Conductivity [S/m]
# name 15 = c1S/m: Conductivity, 2 [S/m]
# name 16 = C2-C1S/m: Conductivity Difference, 2 - 1 [S/m]
# name 17 = sal00: Salinity, Practical [PSU]
# name 18 = sal11: Salinity, Practical, 2 [PSU]
# name 19 = sbeox0ML/L: Oxygen, SBE 43 [ml/l]
# name 20 = sigma-é00: Density [sigma-theta, kg/m^3]
# name 21 = sigma-é11: Density, 2 [sigma-theta, kg/m^3]
# name 22 = nbf: Bottles Fired
# name 23 = flag:  0.000e+00
# interval = seconds: 0.0416667
# start_time = Oct 17 2022 11:05:04 [NMEA time, header]
# bad_flag = -9.990e-29
*END*
[from data line 242]
     189403 290.553192  -36.66886  -48.62652     -0.667    1506.64   4841.915   4752.365     0.2659     0.2657    -0.0002    -0.1081    -0.1083    -0.0002   3.090887   3.090858  -0.000029    34.6668    34.6667     4.8674    27.8430    27.8429          2  0.000e+00
     189404 290.553192  -36.66886  -48.62652     -0.671    1506.64   4841.915   4752.366     0.2659     0.2659     0.0001    -0.1081    -0.1080     0.0001   3.090852   3.090876   0.000024    34.6664    34.6666     4.8782    27.8426    27.8428          2  0.000e+00
     189405 290.553193  -36.66886  -48.62652     -0.675    1506.64   4841.863   4752.315     0.2660     0.2658    -0.0002    -0.1080    -0.1082    -0.0002   3.090887   3.090864  -0.000023    34.6667    34.6667     4.8786    27.8429    27.8428          2  0.000e+00
     189406 290.553193  -36.66886  -48.62652     -0.677    1506.64   4841.845   4752.298     0.2656     0.2658     0.0002    -0.1084    -0.1082     0.0002   3.090852   3.090858   0.000006    34.6667    34.6666     4.8790    27.8429    27.8428          2  0.000e+00
     189407 290.553193  -36.66886  -48.62652     -0.678    1506.64   4841.846   4752.298     0.2657     0.2659     0.0002    -0.1083    -0.1080     0.0002   3.090887   3.090876  -0.000011    34.6670    34.6666     4.8641    27.8431    27.8428          2  0.000e+00
     189408 290.553194  -36.66886  -48.62652     -0.678    1506.64   4841.846   4752.298     0.2657     0.2657    -0.0000    -0.1083    -0.1083    -0.0000   3.090852   3.090840  -0.000012    34.6666    34.6665     4.8752    27.8428    27.8427          2  0.000e+00
     189409 290.553194  -36.66886  -48.62652     -0.682    1506.64   4841.707   4752.163     0.2657     0.2658     0.0001    -0.1082    -0.1082     0.0001   3.090847   3.090805  -0.000042    34.6666    34.6660     4.8757    27.8428    27.8423          2  0.000e+00
     189410 290.553195  -36.66886  -48.62652     -0.683    1506.64   4841.776   4752.231     0.2660     0.2658    -0.0002    -0.1080    -0.1082    -0.0002   3.090882   3.090817  -0.000065    34.6667    34.6661     4.8763    27.8428    27.8424          2  0.000e+00
     189411 290.553195  -36.66886  -48.62652     -0.685    1506.64   4841.707   4752.163     0.2657     0.2657    -0.0000    -0.1083    -0.1083    -0.0000   3.090882   3.090829  -0.000053    34.6670    34.6664     4.8769    27.8431    27.8426          2  0.000e+00
     189412 290.553196  -36.66886  -48.62652     -0.682    1506.64   4841.733   4752.189     0.2657     0.2658     0.0001    -0.1083    -0.1082     0.0001   3.090864   3.090864 4.0830e-09    34.6668    34.6667     4.8775    27.8429    27.8429          2  0.000e+00
     189413 290.553196  -36.66886  -48.62652     -0.680    1506.64   4841.707   4752.164     0.2657     0.2658     0.0001    -0.1083    -0.1082     0.0001   3.090864   3.090882   0.000018    34.6668    34.6670     4.8781    27.8429    27.8431          2  0.000e+00
     189414 290.553197  -36.66886  -48.62652     -0.681    1506.64   4841.637   4752.096     0.2660     0.2657    -0.0003    -0.1080    -0.1083    -0.0003   3.090876   3.090817  -0.000059    34.6667    34.6663     4.8786    27.8428    27.8425          2  0.000e+00
     189415 290.553197  -36.66886  -48.62652     -0.678    1506.64   4841.707   4752.164     0.2657     0.2657    -0.0000    -0.1083    -0.1083    -0.0000   3.090864   3.090799  -0.000065    34.6668    34.6660     4.8793    27.8429    27.8423          3  0.000e+00
     189416 290.553198  -36.66886  -48.62652     -0.676    1506.64   4841.568   4752.029     0.2657     0.2658     0.0001    -0.1082    -0.1082     0.0001   3.090876   3.090840  -0.000035    34.6670    34.6665     4.8798    27.8431    27.8427          3  0.000e+00
     189417 290.553198  -36.66886  -48.62652     -0.671    1506.64   4841.637   4752.096     0.2657     0.2658     0.0001    -0.1082    -0.1082     0.0001   3.090847   3.090858   0.000012    34.6666    34.6667     4.8805    27.8428    27.8428          3  0.000e+00
     189418 290.553199  -36.66886  -48.62652     -0.671    1506.64   4841.568   4752.029     0.2657     0.2657    -0.0000    -0.1082    -0.1083    -0.0000   3.090887   3.090858  -0.000029    34.6672    34.6668     4.8811    27.8432    27.8430          3  0.000e+00
     189419 290.553199  -36.66886  -48.62652     -0.666    1506.64   4841.568   4752.029     0.2657     0.2658     0.0001    -0.1082    -0.1082     0.0001   3.090876   3.090811  -0.000065    34.6670    34.6661     4.8817    27.8431    27.8424          3  0.000e+00
     189420 290.553200  -36.66886  -48.62652     -0.662    1506.64   4841.525   4751.987     0.2656     0.2658     0.0002    -0.1083    -0.1082     0.0002   3.090876   3.090799  -0.000077    34.6671    34.6660     4.8823    27.8432    27.8423          3  0.000e+00
     189421 290.553200  -36.66886  -48.62652     -0.656    1506.64   4841.568   4752.029     0.2657     0.2659     0.0002    -0.1082    -0.1080     0.0002   3.090846   3.090799  -0.000048    34.6666    34.6658     4.8829    27.8428    27.8421          3  0.000e+00
     189422 290.553201  -36.66886  -48.62652     -0.647    1506.64   4841.499   4751.961     0.2657     0.2657    -0.0000    -0.1082    -0.1083    -0.0000   3.090887   3.090799  -0.000088    34.6672    34.6661     4.8784    27.8432    27.8424          3  0.000e+00
     189423 290.553201  -36.66886  -48.62652     -0.643    1506.64   4841.499   4751.962     0.2655     0.2657     0.0001    -0.1084    -0.1083     0.0001   3.090852   3.090817  -0.000036    34.6669    34.6663     4.8788    27.8430    27.8426          3  0.000e+00
     189424 290.553202  -36.66886  -48.62652     -0.636    1506.64   4841.499   4751.962     0.2656     0.2658     0.0002    -0.1083    -0.1082     0.0002   3.090846   3.090828  -0.000018    34.6668    34.6664     4.8792    27.8429    27.8426          3  0.000e+00
     189425 290.553202  -36.66886  -48.62652     -0.629    1506.64   4841.438   4751.903     0.2657     0.2658     0.0001    -0.1082    -0.1081     0.0001   3.090858   3.090805  -0.000053    34.6668    34.6661     4.8796    27.8430    27.8424          3  0.000e+00
     189426 290.553203  -36.66886  -48.62652     -0.619    1506.64   4841.499   4751.962     0.2657     0.2657    -0.0000    -0.1082    -0.1083    -0.0000   3.090876   3.090858  -0.000018    34.6670    34.6669     4.8800    27.8431    27.8430          3  0.000e+00
     189427 290.553203  -36.66886  -48.62652     -0.606    1506.64   4841.499   4751.962     0.2657     0.2655    -0.0002    -0.1082    -0.1084    -0.0002   3.090887   3.090840  -0.000047    34.6672    34.6668     4.8804    27.8432    27.8430          3  0.000e+00
     189428 290.553204  -36.66886  -48.62652     -0.602    1506.64   4841.386   4751.852     0.2656     0.2657     0.0001    -0.1083    -0.1083     0.0001   3.090841   3.090805  -0.000036    34.6668    34.6662     4.8808    27.8429    27.8425          3  0.000e+00
     189429 290.553204  -36.66886  -48.62652     -0.592    1506.64   4841.438   4751.903     0.2655     0.2658     0.0002    -0.1084    -0.1082     0.0002   3.090829   3.090840   0.000011    34.6667    34.6665     4.8812    27.8428    27.8427          3  0.000e+00
     189430 290.553205  -36.66886  -48.62652     -0.579    1506.64   4841.438   4751.903     0.2657     0.2657    -0.0000    -0.1082    -0.1083    -0.0000   3.090852   3.090858   0.000006    34.6668    34.6669     4.8816    27.8429    27.8430          3  0.000e+00
     189431 290.553205  -36.66886  -48.62652     -0.568    1506.64   4841.438   4751.903     0.2657     0.2659     0.0002    -0.1082    -0.1080     0.0002   3.090876   3.090811  -0.000065    34.6671    34.6660     4.8820    27.8431    27.8423          3  0.000e+00
     189432 290.553206  -36.66886  -48.62652     -0.557    1506.64   4841.369   4751.835     0.2659     0.2657    -0.0002    -0.1080    -0.1082    -0.0002   3.090846   3.090775  -0.000071    34.6665    34.6659     4.8823    27.8427    27.8422          3  0.000e+00
     189433 290.553206  -36.66886  -48.62652     -0.547    1506.64   4841.369   4751.835     0.2657     0.2655    -0.0002    -0.1082    -0.1084    -0.0002   3.090870   3.090834  -0.000035    34.6670    34.6668     4.8828    27.8431    27.8429          3  0.000e+00
     189434 290.553207  -36.66886  -48.62652     -0.536    1506.64   4841.369   4751.835     0.2659     0.2658    -0.0001    -0.1080    -0.1081    -0.0001   3.090846   3.090769  -0.000077    34.6665    34.6657     4.8832    27.8427    27.8420          3  0.000e+00
     189435 290.553207  -36.66886  -48.62652     -0.522    1506.64   4841.438   4751.903     0.2657     0.2657    -0.0000    -0.1082    -0.1083    -0.0000   3.090846   3.090805  -0.000042    34.6667    34.6662     4.8836    27.8428    27.8425          3  0.000e+00
     189436 290.553207  -36.66886  -48.62652     -0.509    1506.64   4841.386   4751.852     0.2657     0.2655    -0.0002    -0.1082    -0.1084    -0.0002   3.090817   3.090805  -0.000013    34.6663    34.6664     4.8840    27.8426    27.8426          3  0.000e+00
     189437 290.553208  -36.66886  -48.62652     -0.498    1506.64   4841.369   4751.836     0.2656     0.2658     0.0002    -0.1083    -0.1081     0.0002   3.090858   3.090840  -0.000018    34.6670    34.6666     4.8894    27.8431    27.8427          3  0.000e+00
     189438 290.553208  -36.66886  -48.62652     -0.481    1506.64   4841.369   4751.836     0.2654     0.2657     0.0002    -0.1085    -0.1082     0.0002   3.090846   3.090787  -0.000059    34.6670    34.6660     4.8901    27.8431    27.8423          3  0.000e+00
     189439 290.553209  -36.66886  -48.62652     -0.466    1506.64   4841.369   4751.836     0.2657     0.2657    -0.0000    -0.1082    -0.1082    -0.0000   3.090823   3.090769  -0.000054    34.6664    34.6658     4.8856    27.8426    27.8421          3  0.000e+00
     189440 290.553209  -36.66886  -48.62652     -0.451    1506.64   4841.369   4751.836     0.2657     0.2658     0.0001    -0.1082    -0.1081     0.0001   3.090852   3.090811  -0.000042    34.6668    34.6662     4.8860    27.8429    27.8424          3  0.000e+00
     189441 290.553210  -36.66886  -48.62652     -0.435    1506.64   4841.369   4751.836     0.2657     0.2658     0.0001    -0.1082    -0.1081     0.0001   3.090852   3.090828  -0.000024    34.6668    34.6664     4.8864    27.8429    27.8426          3  0.000e+00
     189442 290.553210  -36.66886  -48.62652     -0.421    1506.64   4841.369   4751.836     0.2657     0.2655    -0.0002    -0.1082    -0.1084    -0.0002   3.090858   3.090805  -0.000053    34.6669    34.6664     4.9021    27.8430    27.8426          3  0.000e+00
     189443 290.553211  -36.66886  -48.62652     -0.402    1506.64   4841.439   4751.903     0.2657     0.2658     0.0001    -0.1082    -0.1081     0.0001   3.090811   3.090817   0.000005    34.6663    34.6662     4.8919    27.8425    27.8425          3  0.000e+00
     189444 290.553211  -36.66886  -48.62652     -0.383    1506.64   4841.387   4751.853     0.2659     0.2657    -0.0002    -0.1080    -0.1083    -0.0002   3.090823   3.090805  -0.000018    34.6662    34.6662     4.8921    27.8425    27.8425          3  0.000e+00
     189445 290.553212  -36.66886  -48.62652     -0.368    1506.64   4841.369   4751.836     0.2659     0.2657    -0.0002    -0.1080    -0.1082    -0.0002   3.090852   3.090775  -0.000077    34.6666    34.6659     4.8922    27.8428    27.8422          3  0.000e+00
     189446 290.553212  -36.66886  -48.62652     -0.351    1506.64   4841.369   4751.836     0.2659     0.2657    -0.0002    -0.1080    -0.1083    -0.0002   3.090899   3.090811  -0.000088    34.6672    34.6663     4.8924    27.8432    27.8425          3  0.000e+00
     189447 290.553213  -36.66886  -48.62652     -0.335    1506.64   4841.370   4751.836     0.2657     0.2661     0.0004    -0.1082    -0.1078     0.0004   3.090852   3.090805  -0.000048    34.6668    34.6658     4.8927    27.8429    27.8421          3  0.000e+00
     189448 290.553213  -36.66886  -48.62652     -0.322    1506.64   4841.370   4751.836     0.2659     0.2658    -0.0001    -0.1080    -0.1081    -0.0001   3.090846   3.090799  -0.000048    34.6665    34.6660     4.9081    27.8427    27.8423          3  0.000e+00
     189449 290.553214  -36.66886  -48.62652     -0.300    1506.64   4841.439   4751.904     0.2659     0.2659     0.0001    -0.1081    -0.1080     0.0001   3.090858   3.090751  -0.000107    34.6666    34.6652     4.8977    27.8428    27.8417          3  0.000e+00
     189450 290.553214  -36.66886  -48.62652     -0.285    1506.64   4841.370   4751.836     0.2657     0.2659     0.0002    -0.1082    -0.1080     0.0002   3.090899   3.090805  -0.000094    34.6674    34.6659     4.9130    27.8434    27.8422          3  0.000e+00
     189451 290.553215  -36.66886  -48.62652     -0.260    1506.64   4841.500   4751.963     0.2655     0.2657     0.0001    -0.1084    -0.1083     0.0001   3.090876   3.090805  -0.000071    34.6672    34.6662     4.9024    27.8433    27.8424          3  0.000e+00
     189452 290.553215  -36.66886  -48.62652     -0.245    1506.64   4841.387   4751.853     0.2657     0.2658     0.0001    -0.1082    -0.1081     0.0001   3.090876   3.090799  -0.000077    34.6671    34.6660     4.8971    27.8432    27.8423          3  0.000e+00
     189453 290.553216  -36.66886  -48.62652     -0.225    1506.64   4841.439   4751.904     0.2659     0.2657    -0.0002    -0.1080    -0.1083    -0.0002   3.090823   3.090799  -0.000024    34.6662    34.6661     4.8967    27.8425    27.8424          3  0.000e+00
     189454 290.553216  -36.66886  -48.62652     -0.204    1506.64   4841.500   4751.963     0.2657     0.2659     0.0002    -0.1082    -0.1080     0.0002   3.090858   3.090799  -0.000059    34.6668    34.6658     4.8964    27.8429    27.8421          3  0.000e+00
     189455 290.553217  -36.66886  -48.62652     -0.187    1506.64   4841.439   4751.904     0.2660     0.2657    -0.0004    -0.1079    -0.1083    -0.0004   3.090823   3.090817  -0.000007    34.6660    34.6664     4.8959    27.8423    27.8426          3  0.000e+00
     189456 290.553217  -36.66886  -48.62652     -0.169    1506.64   4841.439   4751.904     0.2657     0.2657    -0.0000    -0.1082    -0.1083    -0.0000   3.090858   3.090805  -0.000053    34.6668    34.6662     4.8905    27.8430    27.8425          3  0.000e+00
     189457 290.553218  -36.66886  -48.62652     -0.146    1506.64   4841.500   4751.963     0.2659     0.2657    -0.0002    -0.1081    -0.1083    -0.0002   3.090864   3.090799  -0.000065    34.6667    34.6661     4.8899    27.8428    27.8424          3  0.000e+00
     189458 290.553218  -36.66886  -48.62652     -0.131    1506.64   4841.500   4751.963     0.2659     0.2658    -0.0001    -0.1081    -0.1082    -0.0001   3.090829   3.090799  -0.000030    34.6663    34.6660     4.8893    27.8425    27.8423          3  0.000e+00
     189459 290.553219  -36.66886  -48.62652     -0.110    1506.64   4841.526   4751.988     0.2660     0.2659    -0.0001    -0.1079    -0.1080    -0.0001   3.090852   3.090799  -0.000053    34.6664    34.6658     4.8887    27.8426    27.8421          3  0.000e+00
     189460 290.553219  -36.66886  -48.62652     -0.090    1506.64   4841.570   4752.031     0.2659     0.2659     0.0001    -0.1081    -0.1080     0.0001   3.090876   3.090775  -0.000100    34.6668    34.6655     4.8882    27.8429    27.8419          3  0.000e+00
     189461 290.553220  -36.66886  -48.62652     -0.071    1506.64   4841.500   4751.963     0.2660     0.2657    -0.0003    -0.1079    -0.1083    -0.0003   3.090864   3.090769  -0.000095    34.6666    34.6657     4.8875    27.8427    27.8421          3  0.000e+00
