Pos-Processados/process_op41/operantar41_016.ros
* Sea-Bird SBE 9 Data File:
* FileName = C:\Users\Dell\Desktop\OperantarXLI\config\00_BRUTOS\OPE41016.hdr
* Software Version Seasave V 7.26.7.110
* Temperature SN = 6497
* Conductivity SN = 4954
* Number of Bytes Per Scan = 31
* Number of Voltage Words = 2
* Number of Scans Averaged by the Deck Unit = 1
* NMEA Latitude = 62 09.82 S
* NMEA Longitude = 058 22.39 W
* NMEA UTC (Time) = Nov 09 2022 14:38:16
* NMEA baud rate = 4800
** H41
** Navio Polar Almirante Maximiano
** LH-021/2022
** Operantar XLI
** Número da Estação 0016
** Latitude 62 9,860 S
** Longitude 58 22,350 W
** Data/Hora (Z) 09/11/22 1440Z
** Profundidade local 415 m
** 09-1439
** Nome do Operador CT GARLA
# nquan = 24
# nvalues = 758                                   
# units = specified
# name 0 = scan: Scan Count
# name 1 = timeJ: Julian Days
# name 2 = latitude: Latitude [deg]
# name 3 = longitude: Longitude [deg]
# name 4 = dz/dtM: Descent Rate [m/s]
# name 5 = avgsvCM: Average Sound Velocity [Chen-Millero, m/s]
# name 6 = prDM: Pressure, Digiquartz [db]
# name 7 = depSM: Depth [salt water, m]
# name 8 = t090C: Temperature [ITS-90, deg C]
# name 9 = t190C: Temperature, 2 [ITS-90, deg C]
# name 10 = T2-T190C: Temperature Difference, 2 - 1 [ITS-90, deg C]
# name 11 = potemp090C: Potential Temperature [ITS-90, deg C]
# name 12 = potemp190C: Potential Temperature, 2 [ITS-90, deg C]
# name 13 = potemp90Cdiff: Potential Temperature, Diff, 2 - 1 [ITS-90, deg C]
# name 14 = c0S/m: Conductivity [S/m]
# name 15 = c1S/m: Conductivity, 2 [S/m]
# name 16 = C2-C1S/m: Conductivity Difference, 2 - 1 [S/m]
# name 17 = sal00: Salinity, Practical [PSU]
# name 18 = sal11: Salinity, Practical, 2 [PSU]
# name 19 = sbeox0ML/L: Oxygen, SBE 43 [ml/l]
# name 20 = sigma-é00: Density [sigma-theta, kg/m^3]
# name 21 = sigma-é11: Density, 2 [sigma-theta, kg/m^3]
# name 22 = nbf: Bottles Fired
# name 23 = flag:  0.000e+00
# interval = seconds: 0.0416667
# start_time = Nov 09 2022 14:38:16 [NMEA time, header]
# bad_flag = -9.990e-29
*END*
[from data line 665]
      25003 313.621965  -62.16382  -58.37320      0.010    1450.59      2.151      2.130    -0.1006    -0.0987     0.0019    -0.1007    -0.0988     0.0019   2.833628   2.833857   0.000229    34.1814    34.1823     7.4690    27.4505    27.4511         12  0.000e+00
      25004 313.621965  -62.16382  -58.37320      0.015    1450.59      2.151      2.130    -0.1002    -0.0987     0.0015    -0.1003    -0.0988     0.0015   2.833628   2.833903   0.000275    34.1809    34.1829     7.4690    27.4501    27.4516         12  0.000e+00
      25005 313.621966  -62.16382  -58.37320      0.014    1450.59      2.151      2.130    -0.1004    -0.0985     0.0018    -0.1004    -0.0986     0.0018   2.833645   2.833909   0.000264    34.1813    34.1828     7.4692    27.4504    27.4515         12  0.000e+00
      25006 313.621966  -62.16382  -58.37320      0.019    1450.59      2.215      2.194    -0.1002    -0.0979     0.0023    -0.1003    -0.0980     0.0023   2.833611   2.833909   0.000298    34.1807    34.1820     7.4694    27.4499    27.4509         12  0.000e+00
      25007 313.621967  -62.16382  -58.37320      0.020    1450.59      2.151      2.130    -0.1005    -0.0981     0.0024    -0.1006    -0.0982     0.0024   2.833617   2.833846   0.000229    34.1811    34.1814     7.4705    27.4503    27.4504         12  0.000e+00
      25008 313.621967  -62.16382  -58.37320      0.022    1450.59      2.151      2.130    -0.1002    -0.0984     0.0017    -0.1002    -0.0985     0.0017   2.833662   2.833829   0.000167    34.1813    34.1816     7.4706    27.4504    27.4505         12  0.000e+00
      25009 313.621968  -62.16382  -58.37320      0.022    1450.59      2.143      2.122    -0.0998    -0.0983     0.0015    -0.0998    -0.0983     0.0015   2.833718   2.833829   0.000110    34.1816    34.1814     7.4706    27.4506    27.4504         12  0.000e+00
      25010 313.621968  -62.16382  -58.37320      0.020    1450.59      2.151      2.130    -0.0994    -0.0985     0.0009    -0.0995    -0.0986     0.0009   2.833707   2.833846   0.000139    34.1811    34.1819     7.4718    27.4502    27.4508         12  0.000e+00
      25011 313.621969  -62.16382  -58.37320      0.021    1450.59      2.151      2.130    -0.0987    -0.0984     0.0002    -0.0987    -0.0985     0.0002   2.833724   2.833915   0.000190    34.1804    34.1827     7.4655    27.4496    27.4515         12  0.000e+00
      25012 313.621969  -62.16382  -58.37320      0.023    1450.59      2.151      2.130    -0.0987    -0.0984     0.0002    -0.0987    -0.0985     0.0002   2.833752   2.833915   0.000162    34.1808    34.1827     7.4648    27.4499    27.4515         12  0.000e+00
      25013 313.621970  -62.16382  -58.37320      0.028    1450.59      2.215      2.194    -0.0985    -0.0981     0.0004    -0.0986    -0.0982     0.0004   2.833820   2.833892   0.000072    34.1815    34.1820     7.4641    27.4505    27.4508         12  0.000e+00
      25014 313.621970  -62.16382  -58.37320      0.022    1450.59      2.095      2.075    -0.0982    -0.0981     0.0002    -0.0983    -0.0982     0.0002   2.833843   2.833840  -0.000003    34.1816    34.1814     7.4643    27.4505    27.4504         12  0.000e+00
      25015 313.621970  -62.16382  -58.37320      0.023    1450.59      2.151      2.130    -0.0976    -0.0979    -0.0003    -0.0977    -0.0980    -0.0003   2.833876   2.833811  -0.000065    34.1813    34.1808     7.4636    27.4503    27.4499         12  0.000e+00
      25016 313.621971  -62.16382  -58.37320      0.021    1450.59      2.151      2.130    -0.0974    -0.0987    -0.0013    -0.0975    -0.0988    -0.0013   2.833871   2.833806  -0.000065    34.1810    34.1816     7.4631    27.4500    27.4506         12  0.000e+00
      25017 313.621971  -62.16382  -58.37320      0.022    1450.59      2.151      2.130    -0.0971    -0.0987    -0.0016    -0.0972    -0.0988    -0.0016   2.833922   2.833806  -0.000116    34.1814    34.1816     7.4625    27.4503    27.4506         12  0.000e+00
      25018 313.621972  -62.16382  -58.37320      0.023    1450.59      2.151      2.130    -0.0971    -0.0991    -0.0019    -0.0972    -0.0991    -0.0019   2.833905   2.833806  -0.000099    34.1811    34.1820     7.4620    27.4501    27.4509         12  0.000e+00
      25019 313.621972  -62.16382  -58.37320      0.020    1450.59      2.151      2.130    -0.0968    -0.0991    -0.0022    -0.0969    -0.0991    -0.0022   2.833910   2.833806  -0.000105    34.1809    34.1820     7.4616    27.4499    27.4509         12  0.000e+00
      25020 313.621973  -62.16382  -58.37320      0.014    1450.59      2.095      2.075    -0.0970    -0.0993    -0.0024    -0.0970    -0.0994    -0.0024   2.833916   2.833743  -0.000173    34.1811    34.1815     7.4612    27.4501    27.4505         12  0.000e+00
      25021 313.621973  -62.16382  -58.37320      0.018    1450.59      2.199      2.178    -0.0968    -0.0998    -0.0029    -0.0969    -0.0999    -0.0029   2.833922   2.833743  -0.000179    34.1810    34.1819     7.4609    27.4500    27.4509         12  0.000e+00
      25022 313.621974  -62.16382  -58.37320      0.015    1450.59      2.095      2.075    -0.0970    -0.0997    -0.0027    -0.0970    -0.0997    -0.0027   2.833939   2.833766  -0.000173    34.1814    34.1822     7.4668    27.4503    27.4511         12  0.000e+00
      25023 313.621974  -62.16382  -58.37320      0.012    1450.59      2.151      2.130    -0.0965    -0.0997    -0.0032    -0.0966    -0.0997    -0.0032   2.833944   2.833794  -0.000150    34.1809    34.1825     7.4675    27.4499    27.4513         12  0.000e+00
      25024 313.621975  -62.16382  -58.37320      0.010    1450.59      2.095      2.075    -0.0962    -0.0998    -0.0036    -0.0963    -0.0999    -0.0036   2.834001   2.833823  -0.000178    34.1814    34.1831     7.4680    27.4503    27.4518         12  0.000e+00
      25025 313.621975  -62.16382  -58.37320      0.007    1450.59      2.151      2.130    -0.0964    -0.1000    -0.0036    -0.0964    -0.1001    -0.0036   2.833984   2.833811  -0.000172    34.1813    34.1831     7.4688    27.4502    27.4519         12  0.000e+00
      25026 313.621976  -62.16382  -58.37320      0.008    1450.59      2.151      2.130    -0.0960    -0.0998    -0.0038    -0.0961    -0.0999    -0.0038   2.833989   2.833823  -0.000166    34.1810    34.1830     7.4695    27.4500    27.4518         12  0.000e+00
      25027 313.621976  -62.16382  -58.37320      0.002    1450.59      2.095      2.075    -0.0961    -0.0998    -0.0037    -0.0961    -0.0999    -0.0037   2.834018   2.833766  -0.000252    34.1815    34.1823     7.4701    27.4503    27.4512         12  0.000e+00
      25028 313.621977  -62.16382  -58.37320      0.002    1450.59      2.151      2.130    -0.0962    -0.0995    -0.0033    -0.0963    -0.0996    -0.0033   2.834046   2.833766  -0.000280    34.1820    34.1819     7.4708    27.4507    27.4509         12  0.000e+00
      25029 313.621977  -62.16382  -58.37320     -0.004    1450.59      2.095      2.075    -0.0957    -0.0993    -0.0036    -0.0958    -0.0994    -0.0036   2.834012   2.833811  -0.000200    34.1810    34.1824     7.4652    27.4499    27.4512         12  0.000e+00
      25030 313.621978  -62.16382  -58.37320     -0.003    1450.59      2.151      2.130    -0.0959    -0.0995    -0.0036    -0.0960    -0.0996    -0.0036   2.834001   2.833829  -0.000172    34.1810    34.1828     7.4713    27.4500    27.4516         12  0.000e+00
      25031 313.621978  -62.16382  -58.37320     -0.006    1450.59      2.151      2.130    -0.0967    -0.0995    -0.0028    -0.0967    -0.0996    -0.0028   2.833978   2.833829  -0.000149    34.1816    34.1828     7.4784    27.4504    27.4516         12  0.000e+00
      25032 313.621979  -62.16382  -58.37320     -0.008    1450.59      2.095      2.075    -0.0970    -0.0993    -0.0024    -0.0970    -0.0994    -0.0024   2.833933   2.833869  -0.000064    34.1814    34.1832     7.4739    27.4503    27.4519         12  0.000e+00
      25033 313.621979  -62.16382  -58.37320     -0.008    1450.59      2.143      2.122    -0.0974    -0.0989    -0.0015    -0.0975    -0.0990    -0.0015   2.833876   2.833863  -0.000013    34.1811    34.1825     7.4747    27.4501    27.4513         12  0.000e+00
      25034 313.621980  -62.16382  -58.37320     -0.008    1450.59      2.151      2.130    -0.0976    -0.0992    -0.0016    -0.0977    -0.0992    -0.0016   2.833865   2.833817  -0.000048    34.1811    34.1823     7.4807    27.4501    27.4511         12  0.000e+00
      25035 313.621980  -62.16382  -58.37320     -0.011    1450.59      2.151      2.130    -0.0972    -0.0992    -0.0019    -0.0973    -0.0992    -0.0019   2.833826   2.833783  -0.000043    34.1802    34.1818     7.4760    27.4494    27.4507         12  0.000e+00
      25036 313.621981  -62.16382  -58.37320     -0.014    1450.59      2.095      2.075    -0.0979    -0.0995    -0.0016    -0.0980    -0.0996    -0.0016   2.833769   2.833811   0.000042    34.1802    34.1826     7.4767    27.4494    27.4514         12  0.000e+00
      25037 313.621981  -62.16382  -58.37320     -0.013    1450.59      2.151      2.130    -0.0993    -0.1000    -0.0007    -0.0994    -0.1000    -0.0007   2.833735   2.833766   0.000030    34.1813    34.1825     7.4777    27.4504    27.4513         12  0.000e+00
      25038 313.621982  -62.16382  -58.37320     -0.019    1450.59      2.095      2.075    -0.0998    -0.1007    -0.0010    -0.0998    -0.1008    -0.0010   2.833713   2.833789   0.000076    34.1816    34.1837     7.4783    27.4506    27.4523         12  0.000e+00
      25039 313.621982  -62.16382  -58.37320     -0.018    1450.59      2.151      2.130    -0.0997    -0.1009    -0.0012    -0.0998    -0.1010    -0.0012   2.833724   2.833783   0.000059    34.1816    34.1838     7.4790    27.4506    27.4524         12  0.000e+00
      25040 313.621983  -62.16382  -58.37320     -0.021    1450.59      2.095      2.075    -0.1001    -0.1009    -0.0009    -0.1001    -0.1010    -0.0009   2.833752   2.833691  -0.000061    34.1824    34.1826     7.4796    27.4513    27.4515         12  0.000e+00
      25041 313.621983  -62.16382  -58.37320     -0.020    1450.59      2.151      2.130    -0.1002    -0.1010    -0.0008    -0.1003    -0.1011    -0.0008   2.833696   2.833708   0.000012    34.1818    34.1829     7.4803    27.4508    27.4517         12  0.000e+00
      25042 313.621984  -62.16382  -58.37320     -0.019    1450.59      2.151      2.130    -0.0997    -0.1006    -0.0009    -0.0998    -0.1007    -0.0009   2.833679   2.833743   0.000064    34.1810    34.1828     7.4798    27.4501    27.4517         12  0.000e+00
      25043 313.621984  -62.16382  -58.37320     -0.025    1450.59      2.095      2.075    -0.0999    -0.1004    -0.0005    -0.1000    -0.1005    -0.0005   2.833679   2.833748   0.000069    34.1813    34.1828     7.4804    27.4504    27.4516         12  0.000e+00
      25044 313.621984  -62.16382  -58.37320     -0.024    1450.59      2.095      2.075    -0.1001    -0.1006    -0.0005    -0.1001    -0.1006    -0.0005   2.833679   2.833766   0.000087    34.1815    34.1832     7.4799    27.4505    27.4519         12  0.000e+00
      25045 313.621985  -62.16382  -58.37320     -0.023    1450.59      2.151      2.130    -0.1005    -0.1007    -0.0002    -0.1006    -0.1008    -0.0002   2.833679   2.833737   0.000058    34.1819    34.1830     7.4796    27.4509    27.4518         12  0.000e+00
      25046 313.621985  -62.16382  -58.37320     -0.023    1450.59      2.079      2.059    -0.1011    -0.1006     0.0005    -0.1012    -0.1006     0.0005   2.833634   2.833726   0.000092    34.1820    34.1827     7.4791    27.4510    27.4515         12  0.000e+00
      25047 313.621986  -62.16382  -58.37320     -0.021    1450.59      2.151      2.130    -0.1016    -0.1006     0.0011    -0.1017    -0.1007     0.0011   2.833623   2.833680   0.000057    34.1824    34.1820     7.4787    27.4514    27.4510         12  0.000e+00
      25048 313.621986  -62.16382  -58.37320     -0.023    1450.59      2.151      2.130    -0.1016    -0.1010     0.0006    -0.1017    -0.1011     0.0006   2.833645   2.833708   0.000063    34.1827    34.1829     7.4791    27.4516    27.4517         12  0.000e+00
      25049 313.621987  -62.16382  -58.37320     -0.025    1450.59      2.095      2.075    -0.1017    -0.1012     0.0005    -0.1018    -0.1013     0.0005   2.833634   2.833726   0.000092    34.1827    34.1833     7.4795    27.4516    27.4521         12  0.000e+00
      25050 313.621987  -62.16382  -58.37320     -0.027    1450.59      2.095      2.075    -0.1018    -0.1009     0.0008    -0.1018    -0.1010     0.0008   2.833628   2.833726   0.000097    34.1827    34.1830     7.4862    27.4516    27.4518         12  0.000e+00
      25051 313.621988  -62.16382  -58.37320     -0.022    1450.59      2.151      2.130    -0.1016    -0.1010     0.0006    -0.1017    -0.1011     0.0006   2.833583   2.833743   0.000160    34.1818    34.1834     7.4876    27.4509    27.4521         12  0.000e+00
      25052 313.621988  -62.16382  -58.37320     -0.023    1450.59      2.095      2.075    -0.1019    -0.1009     0.0010    -0.1020    -0.1010     0.0010   2.833589   2.833731   0.000143    34.1824    34.1831     7.4826    27.4513    27.4519         12  0.000e+00
      25053 313.621989  -62.16382  -58.37320     -0.025    1450.59      2.095      2.075    -0.1019    -0.1013     0.0006    -0.1019    -0.1013     0.0006   2.833600   2.833726   0.000126    34.1824    34.1834     7.4829    27.4514    27.4521         12  0.000e+00
      25054 313.621989  -62.16382  -58.37320     -0.023    1450.59      2.151      2.130    -0.1019    -0.1009     0.0010    -0.1020    -0.1010     0.0010   2.833577   2.833726   0.000148    34.1822    34.1830     7.4771    27.4512    27.4518         12  0.000e+00
      25055 313.621990  -62.16382  -58.37320     -0.020    1450.59      2.095      2.075    -0.1019    -0.1009     0.0010    -0.1020    -0.1010     0.0010   2.833555   2.833743   0.000188    34.1819    34.1833     7.4827    27.4510    27.4520         12  0.000e+00
      25056 313.621990  -62.16382  -58.37320     -0.021    1450.59      2.095      2.075    -0.1021    -0.1010     0.0010    -0.1021    -0.1011     0.0010   2.833566   2.833748   0.000182    34.1822    34.1835     7.4768    27.4512    27.4522         12  0.000e+00
      25057 313.621991  -62.16382  -58.37320     -0.019    1450.59      2.151      2.130    -0.1019    -0.1007     0.0012    -0.1020    -0.1008     0.0012   2.833532   2.833789   0.000256    34.1816    34.1836     7.4825    27.4507    27.4523         12  0.000e+00
      25058 313.621991  -62.16382  -58.37320     -0.021    1450.59      2.079      2.059    -0.1013    -0.1007     0.0005    -0.1014    -0.1008     0.0005   2.833577   2.833760   0.000183    34.1815    34.1833     7.4827    27.4506    27.4520         12  0.000e+00
      25059 313.621992  -62.16382  -58.37320     -0.019    1450.59      2.151      2.130    -0.1012    -0.1009     0.0003    -0.1012    -0.1010     0.0003   2.833600   2.833748   0.000149    34.1816    34.1833     7.4832    27.4507    27.4520         12  0.000e+00
      25060 313.621992  -62.16382  -58.37320     -0.019    1450.59      2.095      2.075    -0.1016    -0.1009     0.0007    -0.1017    -0.1010     0.0007   2.833577   2.833731   0.000154    34.1818    34.1831     7.4826    27.4509    27.4519         12  0.000e+00
      25061 313.621993  -62.16382  -58.37320     -0.017    1450.59      2.151      2.130    -0.1015    -0.1009     0.0005    -0.1015    -0.1010     0.0005   2.833549   2.833680   0.000131    34.1813    34.1824     7.4820    27.4504    27.4513         12  0.000e+00
