Pos-Processados/process_op41/operantar41_022.cnv
* Sea-Bird SBE 9 Data File:
* FileName = C:\Users\Dell\Desktop\OperantarXLI\config\00_BRUTOS\OPE41022.hdr
* Software Version Seasave V 7.26.7.110
* Temperature SN = 6497
* Conductivity SN = 4954
* Number of Bytes Per Scan = 34
* Number of Voltage Words = 3
* Number of Scans Averaged by the Deck Unit = 1
* NMEA Latitude = 59 45.37 S
* NMEA Longitude = 062 03.38 W
* NMEA UTC (Time) = Nov 14 2022 23:10:24
* NMEA baud rate = 4800
** H41
** Navio Polar Almirante Maximiano
** LH-021/2022
** Operantar XLI
** Número da Estação 022
** Latitude 59 45.358'S
** Longitude 062 03.362'W
** Data/Hora (Z) 14/11/2022 23:11
** Profundidade local 4103 m
** 09-1439
** Nome do Operador CT Garla
# nquan = 30
# nvalues = 4519                        
# units = specified
# name 0 = scan: Scan Count
# name 1 = timeJ: Julian Days
# name 2 = latitude: Latitude [deg]
# name 3 = longitude: Longitude [deg]
# name 4 = dz/dtM: Descent Rate [m/s]
# name 5 = avgsvCM: Average Sound Velocity [Chen-Millero, m/s]
# name 6 = prDM: Pressure, Digiquartz [db]
# name 7 = depSM: Depth [salt water, m]
# name 8 = t090C: Temperature [ITS-90, deg C]
# name 9 = t190C: Temperature, 2 [ITS-90, deg C]
# name 10 = T2-T190C: Temperature Difference, 2 - 1 [ITS-90, deg C]
# name 11 = potemp090C: Potential Temperature [ITS-90, deg C]
# name 12 = potemp190C: Potential Temperature, 2 [ITS-90, deg C]
# name 13 = potemp90Cdiff: Potential Temperature, Diff, 2 - 1 [ITS-90, deg C]
# name 14 = c0S/m: Conductivity [S/m]
# name 15 = c1S/m: Conductivity, 2 [S/m]
# name 16 = C2-C1S/m: Conductivity Difference, 2 - 1 [S/m]
# name 17 = sal00: Salinity, Practical [PSU]
# name 18 = sal11: Salinity, Practical, 2 [PSU]
# name 19 = sbeox0ML/L: Oxygen, SBE 43 [ml/l]
# name 20 = sigma-é00: Density [sigma-theta, kg/m^3]
# name 21 = sigma-é11: Density, 2 [sigma-theta, kg/m^3]
# name 22 = sal00: Salinity, Practical [PSU]
# name 23 = sigma-é00: Density [sigma-theta, kg/m^3]
# name 24 = svCM: Sound Velocity [Chen-Millero, m/s]
# name 25 = svCM1: Sound Velocity, 2 [Chen-Millero, m/s]
# name 26 = gsw_ptA0: potential temperature [ITS-90, deg C]
# name 27 = gsw_densityA0: density, TEOS-10 [density, kg/m^3]
# name 28 = gsw_saA0: Absolute Salinity [g/kg]
# name 29 = flag:
# span 0 =       2526,     133319       
# span 1 = 318.966773, 319.029849       
# span 2 =  -59.76978,  -59.75652       
# span 3 =  -62.06556,  -62.05671       
# span 4 =     -1.888,      1.574       
# span 5 =      -0.01,    1474.45       
# span 6 =      0.000,   2260.000       
# span 7 =      0.000,   2226.719       
# span 8 =    -0.6128,     2.2187       
# span 9 =    -0.6126,     2.2184       
# span 10 =    -0.0207,     0.1637      
# span 11 =    -0.6163,     2.1985      
# span 12 =    -0.6161,     2.1982      
# span 13 =    -0.0207,     0.1635      
# span 14 =   2.765907,   3.095961      
# span 15 =   2.765957,   3.095949      
# span 16 =  -0.001706,   0.016465      
# span 17 =    33.7142,    34.7244      
# span 18 =    33.7145,    34.7241      
# span 19 =     3.7800,     8.0254      
# span 20 =    27.0360,    27.8242      
# span 21 =    27.0363,    27.8240      
# span 22 =    33.7144,    34.7243      
# span 23 =    27.0366,    27.8240      
# span 24 =    1446.46,    1490.84      
# span 25 =    1446.46,    1490.84      
# span 26 =    -0.6162,     2.1985      
# span 27 =  1027.0393,  1038.2720      
# span 28 =    33.8739,    34.8971      
# span 29 = 0.0000e+00, 0.0000e+00      
# interval = decibars: 1                
# start_time = Nov 14 2022 23:10:24 [NMEA time, header]
# bad_flag = -9.990e-29
*END*
[from data line 3094]
      85099 319.006594  -59.76487  -62.06132     -1.207    1474.40   1424.000   1405.795     1.5609     1.5606    -0.0003     1.4749     1.4745    -0.0003   3.080285   3.080240  -0.000045    34.7235    34.7234     4.1728    27.7902    27.7900    34.7237    27.7903    1479.27    1479.27     1.4749  1034.4124    34.8943 0.0000e+00
      85140 319.006614  -59.76488  -62.06133     -0.724    1474.40   1423.000   1404.816     1.5610     1.5607    -0.0004     1.4751     1.4747    -0.0003   3.080251   3.080209  -0.000043    34.7236    34.7234     4.1653    27.7902    27.7901    34.7237    27.7903    1479.26    1479.26     1.4751  1034.4077    34.8943 0.0000e+00
      85217 319.006651  -59.76488  -62.06134     -0.202    1474.40   1422.000   1403.812     1.5615     1.5615    -0.0000     1.4756     1.4756    -0.0000   3.080237   3.080225  -0.000012    34.7235    34.7233     4.1636    27.7900    27.7899    34.7236    27.7901    1479.24    1479.24     1.4756  1034.4030    34.8942 0.0000e+00
      85234 319.006659  -59.76488  -62.06134     -0.766    1474.40   1421.000   1402.843     1.5618     1.5613    -0.0005     1.4759     1.4755    -0.0005   3.080221   3.080174  -0.000045    34.7235    34.7235     4.1622    27.7901    27.7900    34.7236    27.7901    1479.23    1479.23     1.4760  1034.3984    34.8942 0.0000e+00
      85249 319.006667  -59.76488  -62.06134     -1.185    1474.40   1420.000   1401.860     1.5620     1.5616    -0.0004     1.4762     1.4759    -0.0004   3.080212   3.080171  -0.000040    34.7236    34.7235     4.1564    27.7901    27.7901    34.7238    27.7902    1479.21    1479.21     1.4763  1034.3939    34.8944 0.0000e+00
      85262 319.006673  -59.76488  -62.06134     -1.514    1474.40   1419.000   1400.876     1.5645     1.5639    -0.0006     1.4788     1.4782    -0.0006   3.080402   3.080351  -0.000048    34.7233    34.7234     4.1601    27.7897    27.7898    34.7239    27.7902    1479.21    1479.20     1.4788  1034.3892    34.8945 0.0000e+00
      85276 319.006680  -59.76488  -62.06134     -1.728    1474.40   1418.000   1399.891     1.5667     1.5661    -0.0006     1.4811     1.4805    -0.0006   3.080534   3.080494  -0.000048    34.7234    34.7234     4.1633    27.7896    27.7897    34.7237    27.7898    1479.20    1479.20     1.4811  1034.3842    34.8943 0.0000e+00
      85290 319.006686  -59.76489  -62.06134     -1.789    1474.40   1417.000   1398.908     1.5675     1.5672    -0.0003     1.4820     1.4816    -0.0003   3.080539   3.080519  -0.000014    34.7232    34.7233     4.1645    27.7893    27.7895    34.7234    27.7895    1479.19    1479.18     1.4820  1034.3793    34.8940 0.0000e+00
      85308 319.006695  -59.76490  -62.06134     -1.618    1474.40   1416.000   1397.924     1.5670     1.5666    -0.0004     1.4815     1.4812    -0.0004   3.080454   3.080421  -0.000037    34.7234    34.7233     4.1672    27.7896    27.7895    34.7234    27.7895    1479.17    1479.17     1.4816  1034.3748    34.8940 0.0000e+00
      85342 319.006712  -59.76490  -62.06134     -0.870    1474.40   1415.000   1396.942     1.5662     1.5653    -0.0009     1.4808     1.4799    -0.0009   3.080369   3.080281  -0.000085    34.7236    34.7235     4.1614    27.7898    27.7897    34.7238    27.7899    1479.15    1479.14     1.4808  1034.3711    34.8951 0.0000e+00
      85383 319.006731  -59.76491 -9.990e-29     -0.567    1474.40   1414.000   1395.956     1.5673     1.5672    -0.0002     1.4820     1.4818    -0.0002   3.080409   3.080384  -0.000025    34.7234    34.7233     4.1606    27.7895    27.7895    34.7236    27.7897    1479.14    1479.13     1.4820  1034.3675    34.8965 0.0000e+00
      85418 319.006748  -59.76492 -9.990e-29     -0.686    1474.40   1413.000   1394.972     1.5672     1.5670    -0.0002     1.4819     1.4817    -0.0002   3.080360   3.080335  -0.000026    34.7236    34.7234     4.1605    27.7897    27.7896    34.7236    27.7897    1479.12    1479.12     1.4819  1034.3630    34.8965 0.0000e+00
      85459 319.006768  -59.76492  -62.06136     -0.574    1474.40   1412.000   1393.988     1.5672     1.5671    -0.0001     1.4820     1.4819    -0.0001   3.080333   3.080307  -0.000029    34.7237    34.7235     4.1605    27.7898    27.7896    34.7238    27.7898    1479.10    1479.10     1.4820  1034.3573    34.8951 0.0000e+00
      85488 319.006782  -59.76492  -62.06136     -0.717    1474.40   1411.000   1393.004     1.5672     1.5670    -0.0003     1.4821     1.4818    -0.0003   3.080267   3.080249  -0.000018    34.7234    34.7235     4.1549    27.7895    27.7896    34.7235    27.7896    1479.08    1479.08     1.4821  1034.3519    34.8940 0.0000e+00
      85509 319.006792  -59.76492  -62.06135     -0.987    1474.40   1410.000   1392.020     1.5676     1.5673    -0.0004     1.4826     1.4822    -0.0004   3.080260   3.080243  -0.000014    34.7233    34.7236     4.1608    27.7894    27.7897    34.7234    27.7895    1479.07    1479.07     1.4826  1034.3472    34.8940 0.0000e+00
      85526 319.006800  -59.76492  -62.06134     -1.209    1474.40   1409.000   1391.036     1.5677     1.5674    -0.0003     1.4827     1.4824    -0.0003   3.080216   3.080195  -0.000023    34.7234    34.7234     4.1613    27.7894    27.7895    34.7234    27.7894    1479.05    1479.05     1.4827  1034.3426    34.8939 0.0000e+00
      85542 319.006808  -59.76492  -62.06134     -1.377    1474.40   1408.000   1390.052     1.5675     1.5672    -0.0003     1.4825     1.4823    -0.0003   3.080161   3.080132  -0.000025    34.7235    34.7234     4.1676    27.7896    27.7895    34.7235    27.7896    1479.04    1479.03     1.4826  1034.3381    34.8941 0.0000e+00
      85558 319.006816  -59.76492  -62.06134     -1.475    1474.40   1407.000   1389.068     1.5674     1.5671    -0.0003     1.4826     1.4822    -0.0003   3.080119   3.080083  -0.000037    34.7235    34.7234     4.1659    27.7896    27.7895    34.7235    27.7896    1479.02    1479.02     1.4826  1034.3336    34.8941 0.0000e+00
      85576 319.006824  -59.76493  -62.06134     -1.467    1474.40   1406.000   1388.085     1.5673     1.5671    -0.0002     1.4825     1.4823    -0.0002   3.080074   3.080051  -0.000024    34.7236    34.7235     4.1650    27.7897    27.7896    34.7236    27.7896    1479.00    1479.00     1.4825  1034.3291    34.8942 0.0000e+00
      85597 319.006834  -59.76494  -62.06135     -1.301    1474.40   1405.000   1387.101     1.5677     1.5673    -0.0004     1.4830     1.4826    -0.0004   3.080062   3.080021  -0.000038    34.7236    34.7235     4.1625    27.7896    27.7896    34.7236    27.7896    1478.99    1478.99     1.4830  1034.3244    34.8942 0.0000e+00
      85648 319.006859  -59.76494  -62.06135     -0.566    1474.40   1404.000   1386.120     1.5690     1.5683    -0.0008     1.4844     1.4836    -0.0008   3.080141   3.080061  -0.000080    34.7236    34.7234     4.1618    27.7895    27.7894    34.7237    27.7896    1478.98    1478.97     1.4844  1034.3197    34.8942 0.0000e+00
      85715 319.006891  -59.76494  -62.06136     -0.343    1474.40   1403.000   1385.131     1.5703     1.5705     0.0002     1.4857     1.4860     0.0002   3.080207   3.080210   0.000001    34.7236    34.7233     4.1611    27.7894    27.7892    34.7236    27.7894    1478.97    1478.97     1.4857  1034.3150    34.8942 0.0000e+00
      85735 319.006901  -59.76494  -62.06136     -0.814    1474.40   1402.000   1384.148     1.5702     1.5699    -0.0003     1.4857     1.4854    -0.0003   3.080147   3.080130  -0.000012    34.7234    34.7236     4.1616    27.7892    27.7895    34.7234    27.7893    1478.95    1478.95     1.4858  1034.3103    34.8940 0.0000e+00
      85752 319.006909  -59.76494  -62.06136     -1.143    1474.40   1401.000   1383.165     1.5702     1.5699    -0.0003     1.4857     1.4854    -0.0003   3.080112   3.080096  -0.000017    34.7236    34.7237     4.1655    27.7894    27.7895    34.7236    27.7894    1478.93    1478.93     1.4857  1034.3058    34.8942 0.0000e+00
      85770 319.006918  -59.76494  -62.06137     -1.332    1474.40   1400.000   1382.180     1.5706     1.5703    -0.0004     1.4863     1.4859    -0.0004   3.080119   3.080079  -0.000040    34.7236    34.7235     4.1593    27.7894    27.7893    34.7237    27.7895    1478.92    1478.91     1.4862  1034.3013    34.8943 0.0000e+00
      85787 319.006926  -59.76494  -62.06138     -1.386    1474.40   1399.000   1381.197     1.5710     1.5708    -0.0003     1.4867     1.4865    -0.0003   3.080101   3.080075  -0.000027    34.7235    34.7235     4.1561    27.7893    27.7893    34.7236    27.7893    1478.90    1478.90     1.4867  1034.2965    34.8941 0.0000e+00
      85807 319.006936  -59.76494  -62.06138     -1.309    1474.40   1398.000   1380.212     1.5716     1.5712    -0.0004     1.4873     1.4869    -0.0004   3.080104   3.080080  -0.000026    34.7234    34.7236     4.1595    27.7892    27.7893    34.7236    27.7893    1478.89    1478.89     1.4873  1034.2919    34.8941 0.0000e+00
      85829 319.006946  -59.76496  -62.06136     -1.162    1474.40   1397.000   1379.229     1.5725     1.5719    -0.0005     1.4883     1.4878    -0.0005   3.080152   3.080111  -0.000039    34.7235    34.7236     4.1669    27.7891    27.7893    34.7237    27.7893    1478.88    1478.87     1.4883  1034.2873    34.8942 0.0000e+00
      85852 319.006958  -59.76496  -62.06136     -1.065    1474.40   1396.000   1378.244     1.5730     1.5726    -0.0004     1.4889     1.4885    -0.0004   3.080143   3.080115  -0.000030    34.7235    34.7235     4.1566    27.7891    27.7892    34.7236    27.7892    1478.86    1478.86     1.4889  1034.2825    34.8941 0.0000e+00
      85877 319.006970  -59.76496  -62.06136     -1.002    1474.40   1395.000   1377.260     1.5734     1.5730    -0.0004     1.4893     1.4889    -0.0004   3.080139   3.080107  -0.000030    34.7235    34.7236     4.1556    27.7891    27.7891    34.7236    27.7892    1478.84    1478.84     1.4893  1034.2780    34.8942 0.0000e+00
      85906 319.006984  -59.76498  -62.06136     -0.874    1474.40   1394.000   1376.289     1.5739     1.5736    -0.0003     1.4899     1.4896    -0.0003   3.080139   3.080117  -0.000025    34.7235    34.7235     4.1626    27.7890    27.7891    34.7236    27.7891    1478.83    1478.83     1.4899  1034.2733    34.8942 0.0000e+00
      85944 319.007002  -59.76498  -62.06138     -0.670    1474.40   1393.000   1375.283     1.5743     1.5740    -0.0003     1.4903     1.4900    -0.0003   3.080138   3.080105  -0.000037    34.7236    34.7235     4.1546    27.7891    27.7890    34.7237    27.7892    1478.82    1478.81     1.4904  1034.2688    34.8942 0.0000e+00
      85981 319.007020  -59.76498  -62.06138     -0.624    1474.40   1392.000   1374.309     1.5746     1.5745    -0.0001     1.4908     1.4906    -0.0001   3.080132   3.080116  -0.000017    34.7236    34.7236     4.1606    27.7891    27.7890    34.7237    27.7892    1478.80    1478.80     1.4908  1034.2642    34.8943 0.0000e+00
      86011 319.007034  -59.76498  -62.06138     -0.756    1474.40   1391.000   1373.324     1.5758     1.5756    -0.0002     1.4921     1.4918    -0.0002   3.080190   3.080161  -0.000028    34.7235    34.7234     4.1580    27.7889    27.7888    34.7237    27.7890    1478.79    1478.79     1.4920  1034.2594    34.8942 0.0000e+00
      86034 319.007045  -59.76498  -62.06138     -0.927    1474.40   1390.000   1372.340     1.5765     1.5762    -0.0004     1.4928     1.4924    -0.0004   3.080186   3.080175  -0.000013    34.7233    34.7236     4.1585    27.7887    27.7889    34.7234    27.7887    1478.78    1478.77     1.4928  1034.2546    34.8940 0.0000e+00
      86055 319.007055  -59.76498  -62.06138     -1.080    1474.40   1389.000   1371.356     1.5769     1.5763    -0.0005     1.4932     1.4927    -0.0005   3.080187   3.080143  -0.000041    34.7234    34.7235     4.1599    27.7887    27.7888    34.7236    27.7888    1478.76    1478.76     1.4932  1034.2500    34.8941 0.0000e+00
      86075 319.007065  -59.76498  -62.06138     -1.156    1474.40   1388.000   1370.372     1.5776     1.5773    -0.0004     1.4940     1.4937    -0.0004   3.080209   3.080183  -0.000029    34.7234    34.7235     4.1587    27.7887    27.7887    34.7235    27.7888    1478.75    1478.75     1.4940  1034.2454    34.8941 0.0000e+00
      86096 319.007075  -59.76498  -62.06140     -1.171    1474.40   1387.000   1369.388     1.5781     1.5779    -0.0002     1.4946     1.4944    -0.0002   3.080217   3.080190  -0.000025    34.7235    34.7235     4.1538    27.7887    27.7887    34.7236    27.7888    1478.73    1478.73     1.4946  1034.2408    34.8942 0.0000e+00
      86117 319.007085  -59.76500  -62.06140     -1.154    1474.40   1386.000   1368.404     1.5784     1.5781    -0.0002     1.4949     1.4947    -0.0002   3.080197   3.080176  -0.000022    34.7235    34.7235     4.1537    27.7887    27.7887    34.7236    27.7888    1478.72    1478.72     1.4949  1034.2362    34.8942 0.0000e+00
      86138 319.007095  -59.76500  -62.06138     -1.150    1474.40   1385.000   1367.420     1.5789     1.5784    -0.0005     1.4955     1.4950    -0.0005   3.080195   3.080156  -0.000037    34.7235    34.7236     4.1581    27.7886    27.7887    34.7236    27.7887    1478.70    1478.70     1.4955  1034.2315    34.8941 0.0000e+00
      86159 319.007105  -59.76500  -62.06138     -1.157    1474.40   1384.000   1366.436     1.5790     1.5787    -0.0003     1.4956     1.4953    -0.0003   3.080166   3.080147  -0.000022    34.7236    34.7236     4.1600    27.7887    27.7887    34.7237    27.7888    1478.69    1478.69     1.4956  1034.2270    34.8942 0.0000e+00
      86185 319.007118  -59.76500  -62.06139     -1.020    1474.40   1383.000   1365.458     1.5792     1.5789    -0.0004     1.4960     1.4956    -0.0004   3.080154   3.080100  -0.000051    34.7237    34.7235     4.1598    27.7887    27.7886    34.7238    27.7888    1478.67    1478.67     1.4960  1034.2224    34.8943 0.0000e+00
      86232 319.007141  -59.76500  -62.06140     -0.508    1474.40   1382.000   1364.463     1.5799     1.5790    -0.0009     1.4967     1.4958    -0.0009   3.080164   3.080088  -0.000078    34.7236    34.7236     4.1613    27.7886    27.7887    34.7237    27.7887    1478.66    1478.65     1.4967  1034.2177    34.8942 0.0000e+00
      86270 319.007159  -59.76502  -62.06140     -0.586    1474.40   1381.000   1363.484     1.5800     1.5798    -0.0002     1.4969     1.4966    -0.0002   3.080122   3.080099  -0.000022    34.7235    34.7235     4.1594    27.7885    27.7886    34.7235    27.7885    1478.64    1478.64     1.4969  1034.2130    34.8941 0.0000e+00
      86291 319.007169  -59.76502  -62.06140     -0.913    1474.40   1380.000   1362.500     1.5802     1.5798    -0.0004     1.4971     1.4968    -0.0004   3.080102   3.080083  -0.000019    34.7235    34.7237     4.1563    27.7885    27.7887    34.7236    27.7886    1478.62    1478.62     1.4972  1034.2084    34.8941 0.0000e+00
      86308 319.007177  -59.76502  -62.06140     -1.182    1474.40   1379.000   1361.515     1.5815     1.5811    -0.0003     1.4985     1.4981    -0.0003   3.080172   3.080144  -0.000029    34.7235    34.7235     4.1576    27.7884    27.7884    34.7237    27.7885    1478.61    1478.61     1.4985  1034.2038    34.8942 0.0000e+00
      86326 319.007186  -59.76502  -62.06140     -1.340    1474.40   1378.000   1360.531     1.5821     1.5817    -0.0003     1.4991     1.4988    -0.0003   3.080174   3.080150  -0.000026    34.7235    34.7235     4.1596    27.7883    27.7884    34.7236    27.7884    1478.60    1478.60     1.4991  1034.1990    34.8941 0.0000e+00
