Pos-Processados/process_op41/operantar41_016.cnv
* Sea-Bird SBE 9 Data File:
* FileName = C:\Users\Dell\Desktop\OperantarXLI\config\00_BRUTOS\OPE41016.hdr
* Software Version Seasave V 7.26.7.110
* Temperature SN = 6497
* Conductivity SN = 4954
* Number of Bytes Per Scan = 31
* Number of Voltage Words = 2
* Number of Scans Averaged by the Deck Unit = 1
* NMEA Latitude = 62 09.82 S
* NMEA Longitude = 058 22.39 W
* NMEA UTC (Time) = Nov 09 2022 14:38:16
* NMEA baud rate = 4800
** H41
** Navio Polar Almirante Maximiano
** LH-021/2022
** Operantar XLI
** Número da Estação 0016
** Latitude 62 9,860 S
** Longitude 58 22,350 W
** Data/Hora (Z) 09/11/22 1440Z
** Profundidade local 415 m
** 09-1439
** Nome do Operador CT GARLA
# nquan = 30
# nvalues = 775                         
# units = specified
# name 0 = scan: Scan Count
# name 1 = timeJ: Julian Days
# name 2 = latitude: Latitude [deg]
# name 3 = longitude: Longitude [deg]
# name 4 = dz/dtM: Descent Rate [m/s]
# name 5 = avgsvCM: Average Sound Velocity [Chen-Millero, m/s]
# name 6 = prDM: Pressure, Digiquartz [db]
# name 7 = depSM: Depth [salt water, m]
# name 8 = t090C: Temperature [ITS-90, deg C]
# name 9 = t190C: Temperature, 2 [ITS-90, deg C]
# name 10 = T2-T190C: Temperature Difference, 2 - 1 [ITS-90, deg C]
# name 11 = potemp090C: Potential Temperature [ITS-90, deg C]
# name 12 = potemp190C: Potential Temperature, 2 [ITS-90, deg C]
# name 13 = potemp90Cdiff: Potential Temperature, Diff, 2 - 1 [ITS-90, deg C]
# name 14 = c0S/m: Conductivity [S/m]
# name 15 = c1S/m: Conductivity, 2 [S/m]
# name 16 = C2-C1S/m: Conductivity Difference, 2 - 1 [S/m]
# name 17 = sal00: Salinity, Practical [PSU]
# name 18 = sal11: Salinity, Practical, 2 [PSU]
# name 19 = sbeox0ML/L: Oxygen, SBE 43 [ml/l]
# name 20 = sigma-é00: Density [sigma-theta, kg/m^3]
# name 21 = sigma-é11: Density, 2 [sigma-theta, kg/m^3]
# name 22 = sal00: Salinity, Practical [PSU]
# name 23 = sigma-é00: Density [sigma-theta, kg/m^3]
# name 24 = svCM: Sound Velocity [Chen-Millero, m/s]
# name 25 = svCM1: Sound Velocity, 2 [Chen-Millero, m/s]
# name 26 = gsw_ptA0: potential temperature [ITS-90, deg C]
# name 27 = gsw_densityA0: density, TEOS-10 [density, kg/m^3]
# name 28 = gsw_saA0: Absolute Salinity [g/kg]
# name 29 = flag:
# span 0 =       2633,      24327       
# span 1 = 313.611177, 313.621639       
# span 2 =  -62.16384,  -62.16372       
# span 3 =  -58.37318,  -58.37284       
# span 4 =     -1.390,      1.366       
# span 5 =      -0.01,    1450.59       
# span 6 =      2.000,    389.000       
# span 7 =      1.982,    384.910       
# span 8 =    -0.2594,    -0.0694       
# span 9 =    -0.2594,    -0.0685       
# span 10 =    -0.0076,     0.0031      
# span 11 =    -0.2688,    -0.0696      
# span 12 =    -0.2688,    -0.0686      
# span 13 =    -0.0076,     0.0031      
# span 14 =   2.833390,   2.855643      
# span 15 =   2.833468,   2.855667      
# span 16 =  -0.000573,   0.000302      
# span 17 =    34.1810,    34.3778      
# span 18 =    34.1819,    34.3786      
# span 19 =     6.4241,     7.4868      
# span 20 =    27.4502,    27.6159      
# span 21 =    27.4507,    27.6165      
# span 22 =    34.1808,    34.3778      
# span 23 =    27.4494,    27.6159      
# span 24 =    1447.60,    1453.61      
# span 25 =    1447.61,    1453.61      
# span 26 =    -0.2686,    -0.0695      
# span 27 =  1027.4649,  1029.4702      
# span 28 =    34.3457,    34.5459      
# span 29 = 0.0000e+00, 0.0000e+00      
# interval = decibars: 1                
# start_time = Nov 09 2022 14:38:16 [NMEA time, header]
# bad_flag = -9.990e-29
*END*
[from data line 97]
       5194 313.612412  -62.16376  -58.37296      1.003    1448.33     99.000     98.026    -0.1143    -0.1142     0.0000    -0.1177    -0.1176     0.0000   2.837250   2.837301   0.000055    34.1857    34.1864     7.4610    27.4548    27.4554    34.1858    27.4549    1449.13    1449.13    -0.1176  1027.9319    34.3516 0.0000e+00
       5219 313.612424  -62.16376  -58.37296      1.004    1448.33    100.000     99.016    -0.1143    -0.1144    -0.0001    -0.1177    -0.1178    -0.0001   2.837293   2.837316   0.000026    34.1857    34.1862     7.4554    27.4548    27.4552    34.1858    27.4549    1449.15    1449.15    -0.1177  1027.9374    34.3525 0.0000e+00
       5245 313.612437  -62.16376 -9.990e-29      0.940    1448.33    101.000    100.006    -0.1143    -0.1144    -0.0001    -0.1178    -0.1179    -0.0001   2.837328   2.837369   0.000038    34.1856    34.1862     7.4633    27.4548    27.4552    34.1857    27.4548    1449.16    1449.16    -0.1177  1027.9422    34.3525 0.0000e+00
       5274 313.612450  -62.16376 -9.990e-29      0.848    1448.33    102.000    100.996    -0.1133    -0.1136    -0.0003    -0.1168    -0.1171    -0.0003   2.837435   2.837459   0.000027    34.1852    34.1859     7.4620    27.4544    27.4549    34.1853    27.4545    1449.18    1449.18    -0.1167  1027.9466    34.3522 0.0000e+00
       5301 313.612463  -62.16376 -9.990e-29      0.852    1448.33    103.000    101.986    -0.1130    -0.1130     0.0000    -0.1165    -0.1165     0.0000   2.837518   2.837556   0.000039    34.1853    34.1858     7.4600    27.4544    27.4548    34.1855    27.4546    1449.20    1449.20    -0.1165  1027.9515    34.3524 0.0000e+00
       5324 313.612474  -62.16376 -9.990e-29      0.971    1448.33    104.000    102.976    -0.1115    -0.1112     0.0002    -0.1150    -0.1148     0.0002   2.837715   2.837779   0.000063    34.1856    34.1862     7.4579    27.4546    27.4550    34.1858    27.4547    1449.22    1449.23    -0.1150  1027.9564    34.3527 0.0000e+00
       5345 313.612484  -62.16376 -9.990e-29      1.100    1448.33    105.000    103.966    -0.1134    -0.1136    -0.0002    -0.1170    -0.1172    -0.0002   2.837600   2.837638   0.000036    34.1859    34.1866     7.4564    27.4549    27.4555    34.1858    27.4549    1449.23    1449.23    -0.1169  1027.9614    34.3528 0.0000e+00
       5368 313.612496  -62.16376 -9.990e-29      1.095    1448.33    106.000    104.956    -0.1137    -0.1136     0.0001    -0.1173    -0.1172     0.0001   2.837639   2.837700   0.000062    34.1860    34.1867     7.4532    27.4550    27.4556    34.1860    27.4551    1449.25    1449.25    -0.1173  1027.9664    34.3530 0.0000e+00
       5400 313.612511  -62.16376  -58.37292      0.829    1448.33    107.000    105.946    -0.1134    -0.1136    -0.0001    -0.1171    -0.1172    -0.0001   2.837705   2.837734   0.000030    34.1860    34.1865     7.4574    27.4550    27.4555    34.1860    27.4550    1449.26    1449.26    -0.1170  1027.9709    34.3528 0.0000e+00
       5431 313.612526  -62.16376  -58.37292      0.732    1448.33    108.000    106.936    -0.1134    -0.1139    -0.0005    -0.1171    -0.1176    -0.0005   2.837753   2.837757   0.000007    34.1860    34.1867     7.4578    27.4550    27.4556    34.1860    27.4551    1449.28    1449.28    -0.1171  1027.9750    34.3519 0.0000e+00
       5454 313.612537  -62.16376  -58.37292      0.919    1448.33    109.000    107.926    -0.1137    -0.1136     0.0001    -0.1174    -0.1173     0.0001   2.837793   2.837862   0.000062    34.1861    34.1869     7.4595    27.4551    27.4558    34.1863    27.4552    1449.29    1449.30    -0.1174  1027.9800    34.3522 0.0000e+00
       5474 313.612547  -62.16376  -58.37292      1.104    1448.33    110.000    108.916    -0.1137    -0.1134     0.0003    -0.1175    -0.1172     0.0003   2.837834   2.837892   0.000061    34.1862    34.1867     7.4572    27.4552    27.4556    34.1862    27.4552    1449.31    1449.31    -0.1174  1027.9847    34.3521 0.0000e+00
       5493 313.612556  -62.16375  -58.37292      1.216    1448.33    111.000    109.906    -0.1134    -0.1135    -0.0000    -0.1173    -0.1173    -0.0000   2.837906   2.837939   0.000037    34.1863    34.1868     7.4581    27.4552    27.4557    34.1863    27.4553    1449.33    1449.33    -0.1172  1027.9895    34.3522 0.0000e+00
       5515 313.612567  -62.16374  -58.37292      1.191    1448.33    112.000    110.895    -0.1132    -0.1131     0.0001    -0.1171    -0.1169     0.0001   2.837984   2.838035   0.000048    34.1863    34.1868     7.4574    27.4553    27.4557    34.1864    27.4554    1449.35    1449.35    -0.1170  1027.9918    34.3491 0.0000e+00
       5541 313.612579 -9.990e-29  -58.37292      0.992    1448.33    113.000    111.885    -0.1129    -0.1130    -0.0001    -0.1167    -0.1169    -0.0001   2.838044   2.838072   0.000032    34.1862    34.1867     7.4503    27.4552    27.4556    34.1862    27.4552    1449.36    1449.36    -0.1167  1027.9952    34.3475 0.0000e+00
       5571 313.612593 -9.990e-29  -58.37292      0.838    1448.33    114.000    112.875    -0.1142    -0.1140     0.0002    -0.1182    -0.1179     0.0002   2.837982   2.838039   0.000050    34.1865    34.1869     7.4501    27.4555    27.4558    34.1864    27.4554    1449.37    1449.38    -0.1181  1028.0001    34.3476 0.0000e+00
       5598 313.612607 -9.990e-29  -58.37290      0.846    1448.33    115.000    113.865    -0.1148    -0.1147     0.0001    -0.1188    -0.1187     0.0001   2.838000   2.838046   0.000050    34.1867    34.1872     7.4540    27.4557    27.4561    34.1867    27.4557    1449.39    1449.39    -0.1187  1028.0052    34.3479 0.0000e+00
       5622 313.612618  -62.16376  -58.37290      0.939    1448.33    116.000    114.855    -0.1146    -0.1146    -0.0001    -0.1185    -0.1186    -0.0001   2.838083   2.838134   0.000049    34.1868    34.1875     7.4552    27.4557    27.4563    34.1868    27.4558    1449.41    1449.41    -0.1185  1028.0139    34.3528 0.0000e+00
       5643 313.612628  -62.16374  -58.37290      1.055    1448.33    117.000    115.844    -0.1142    -0.1143    -0.0001    -0.1182    -0.1184    -0.0001   2.838148   2.838167   0.000022    34.1867    34.1871     7.4560    27.4557    27.4560    34.1867    27.4557    1449.42    1449.42    -0.1182  1028.0186    34.3527 0.0000e+00
       5665 313.612639  -62.16374  -58.37290      1.122    1448.33    118.000    116.834    -0.1145    -0.1146    -0.0001    -0.1185    -0.1187    -0.0001   2.838199   2.838232   0.000036    34.1870    34.1876     7.4519    27.4559    27.4564    34.1871    27.4560    1449.44    1449.44    -0.1185  1028.0236    34.3531 0.0000e+00
       5691 313.612651  -62.16374  -58.37290      1.027    1448.33    119.000    117.824    -0.1143    -0.1145    -0.0002    -0.1184    -0.1186    -0.0002   2.838251   2.838287   0.000033    34.1869    34.1876     7.4567    27.4559    27.4564    34.1870    27.4559    1449.46    1449.46    -0.1183  1028.0283    34.3530 0.0000e+00
       5722 313.612666  -62.16374  -58.37290      0.797    1448.33    120.000    118.814    -0.1145    -0.1148    -0.0002    -0.1187    -0.1189    -0.0002   2.838276   2.838289   0.000014    34.1870    34.1874     7.4500    27.4559    27.4563    34.1870    27.4559    1449.47    1449.47    -0.1186  1028.0331    34.3530 0.0000e+00
       5749 313.612679  -62.16374  -58.37290      0.810    1448.33    121.000    119.804    -0.1147    -0.1147    -0.0000    -0.1188    -0.1189    -0.0000   2.838317   2.838377   0.000062    34.1871    34.1879     7.4528    27.4560    27.4566    34.1871    27.4560    1449.49    1449.49    -0.1188  1028.0380    34.3532 0.0000e+00
       5771 313.612690  -62.16374  -58.37290      0.994    1448.33    122.000    120.793    -0.1141    -0.1142    -0.0001    -0.1183    -0.1184    -0.0001   2.838393   2.838418   0.000022    34.1868    34.1872     7.4591    27.4558    27.4561    34.1869    27.4558    1449.51    1449.51    -0.1182  1028.0425    34.3529 0.0000e+00
       5790 313.612699  -62.16374  -58.37290      1.159    1448.33    123.000    121.783    -0.1144    -0.1144    -0.0000    -0.1186    -0.1186    -0.0000   2.838414   2.838484   0.000062    34.1868    34.1877     7.4605    27.4558    27.4565    34.1868    27.4557    1449.52    1449.52    -0.1186  1028.0472    34.3529 0.0000e+00
       5809 313.612708  -62.16374  -58.37290      1.239    1448.33    124.000    122.773    -0.1162    -0.1162     0.0001    -0.1205    -0.1204     0.0001   2.838336   2.838376   0.000052    34.1874    34.1881     7.4608    27.4564    27.4569    34.1873    27.4562    1449.53    1449.53    -0.1204  1028.0525    34.3534 0.0000e+00
       5834 313.612720  -62.16374  -58.37290      1.119    1448.33    125.000    123.763    -0.1175    -0.1174     0.0001    -0.1218    -0.1217     0.0001   2.838312   2.838378   0.000060    34.1878    34.1885     7.4529    27.4567    27.4573    34.1877    27.4567    1449.54    1449.54    -0.1217  1028.0577    34.3539 0.0000e+00
       5864 313.612735  -62.16374  -58.37288      0.827    1448.33    126.000    124.753    -0.1185    -0.1181     0.0004    -0.1228    -0.1225     0.0004   2.838288   2.838346   0.000061    34.1880    34.1885     7.4492    27.4570    27.4573    34.1879    27.4568    1449.55    1449.55    -0.1228  1028.0627    34.3540 0.0000e+00
       5893 313.612749  -62.16374  -58.37288      0.790    1448.33    127.000    125.743    -0.1190    -0.1192    -0.0002    -0.1234    -0.1236    -0.0002   2.838307   2.838353   0.000045    34.1882    34.1890     7.4464    27.4571    27.4578    34.1881    27.4571    1449.57    1449.57    -0.1233  1028.0676    34.3543 0.0000e+00
       5916 313.612760  -62.16374  -58.37288      0.945    1448.33    128.000    126.732    -0.1193    -0.1193    -0.0000    -0.1237    -0.1237    -0.0000   2.838336   2.838364   0.000028    34.1884    34.1888     7.4492    27.4573    27.4576    34.1883    27.4572    1449.58    1449.58    -0.1236  1028.0726    34.3544 0.0000e+00
       5936 313.612770  -62.16374  -58.37288      1.100    1448.33    129.000    127.723    -0.1196    -0.1196    -0.0001    -0.1240    -0.1241    -0.0001   2.838382   2.838430   0.000045    34.1886    34.1893     7.4480    27.4575    27.4581    34.1886    27.4574    1449.60    1449.60    -0.1240  1028.0776    34.3547 0.0000e+00
       5957 313.612780  -62.16374  -58.37288      1.173    1448.33    130.000    128.712    -0.1197    -0.1197    -0.0000    -0.1242    -0.1242    -0.0000   2.838401   2.838436   0.000037    34.1884    34.1889     7.4480    27.4573    27.4577    34.1884    27.4573    1449.61    1449.61    -0.1241  1028.0822    34.3545 0.0000e+00
       5982 313.612792  -62.16374  -58.37288      1.064    1448.33    131.000    129.702    -0.1197    -0.1198    -0.0001    -0.1242    -0.1243    -0.0001   2.838439   2.838480   0.000040    34.1883    34.1889     7.4498    27.4573    27.4577    34.1883    27.4572    1449.63    1449.63    -0.1241  1028.0869    34.3544 0.0000e+00
       6014 313.612807  -62.16374  -58.37288      0.798    1448.33    132.000    130.692    -0.1196    -0.1196    -0.0001    -0.1241    -0.1242    -0.0001   2.838488   2.838520   0.000034    34.1882    34.1887     7.4497    27.4572    27.4576    34.1882    27.4571    1449.65    1449.64    -0.1241  1028.0916    34.3544 0.0000e+00
       6043 313.612821  -62.16374  -58.37288      0.778    1448.33    133.000    131.682    -0.1199    -0.1198     0.0001    -0.1245    -0.1244     0.0001   2.838473   2.838546   0.000065    34.1878    34.1885     7.4499    27.4569    27.4574    34.1878    27.4568    1449.66    1449.66    -0.1244  1028.0960    34.3539 0.0000e+00
       6066 313.612832  -62.16374  -58.37288      0.944    1448.54    134.000    132.671    -0.1201    -0.1200     0.0001    -0.1247    -0.1246     0.0001   2.838504   2.838578   0.000086    34.1877    34.1887     7.4411    27.4568    27.4576    34.1877    27.4568    1449.67    1449.68    -0.1246  1028.1008    34.3539 0.0000e+00
       6086 313.612842  -62.16374  -58.37288      1.106    1448.77    135.000    133.661    -0.1196    -0.1198    -0.0002    -0.1243    -0.1245    -0.0002   2.838630   2.838620  -0.000007    34.1882    34.1883     7.4412    27.4572    27.4573    34.1883    27.4572    1449.69    1449.69    -0.1242  1028.1060    34.3545 0.0000e+00
       6105 313.612851  -62.16374  -58.37288      1.201    1448.77    136.000    134.651    -0.1197    -0.1199    -0.0001    -0.1244    -0.1246    -0.0001   2.838676   2.838693   0.000015    34.1883    34.1887     7.4425    27.4573    27.4576    34.1884    27.4573    1449.71    1449.71    -0.1243  1028.1111    34.3550 0.0000e+00
       6127 313.612862  -62.16374 -9.990e-29      1.175    1448.77    137.000    135.641    -0.1195    -0.1196    -0.0001    -0.1242    -0.1243    -0.0001   2.838740   2.838786   0.000045    34.1884    34.1891     7.4431    27.4573    27.4578    34.1884    27.4573    1449.73    1449.73    -0.1242  1028.1169    34.3563 0.0000e+00
       6153 313.612874  -62.16374 -9.990e-29      1.004    1448.77    138.000    136.630    -0.1189    -0.1190    -0.0001    -0.1237    -0.1238    -0.0001   2.838824   2.838883   0.000058    34.1882    34.1890     7.4407    27.4571    27.4578    34.1882    27.4572    1449.75    1449.75    -0.1236  1028.1215    34.3561 0.0000e+00
       6180 313.612887  -62.16374 -9.990e-29      0.888    1448.77    139.000    137.620    -0.1194    -0.1192     0.0001    -0.1242    -0.1240     0.0001   2.838813   2.838875   0.000062    34.1880    34.1887     7.4408    27.4570    27.4575    34.1880    27.4570    1449.76    1449.76    -0.1241  1028.1261    34.3559 0.0000e+00
       6207 313.612900  -62.16374  -58.37286      0.891    1448.77    140.000    138.610    -0.1190    -0.1191    -0.0000    -0.1239    -0.1239    -0.0000   2.838906   2.838941   0.000036    34.1881    34.1886     7.4421    27.4571    27.4575    34.1882    27.4572    1449.78    1449.78    -0.1238  1028.1306    34.3555 0.0000e+00
       6233 313.612913  -62.16374  -58.37287      0.911    1448.77    141.000    139.599    -0.1186    -0.1187    -0.0002    -0.1235    -0.1236    -0.0002   2.839021   2.839039   0.000022    34.1886    34.1890     7.4412    27.4574    27.4578    34.1887    27.4575    1449.80    1449.80    -0.1234  1028.1348    34.3549 0.0000e+00
       6259 313.612925  -62.16374  -58.37288      0.928    1448.77    142.000    140.589    -0.1188    -0.1189    -0.0001    -0.1237    -0.1238    -0.0001   2.839045   2.839077   0.000028    34.1887    34.1892     7.4480    27.4575    27.4579    34.1886    27.4575    1449.81    1449.81    -0.1236  1028.1396    34.3549 0.0000e+00
       6283 313.612937  -62.16374  -58.37288      0.968    1448.77    143.000    141.578    -0.1180    -0.1182    -0.0002    -0.1229    -0.1232    -0.0002   2.839181   2.839190   0.000011    34.1887    34.1892     7.4426    27.4575    27.4579    34.1889    27.4577    1449.83    1449.83    -0.1229  1028.1445    34.3552 0.0000e+00
       6306 313.612948  -62.16374  -58.37288      1.017    1448.77    144.000    142.568    -0.1178    -0.1178    -0.0001    -0.1228    -0.1228    -0.0001   2.839234   2.839255   0.000019    34.1887    34.1891     7.4478    27.4575    27.4578    34.1888    27.4576    1449.85    1449.85    -0.1227  1028.1492    34.3551 0.0000e+00
       6330 313.612959  -62.16374  -58.37288      1.025    1448.77    145.000    143.558    -0.1180    -0.1180    -0.0000    -0.1230    -0.1230    -0.0000   2.839259   2.839282   0.000022    34.1887    34.1890     7.4490    27.4575    27.4578    34.1887    27.4575    1449.87    1449.86    -0.1229  1028.1539    34.3550 0.0000e+00
       6354 313.612971  -62.16374  -58.37288      0.997    1448.77    146.000    144.548    -0.1191    -0.1190     0.0000    -0.1241    -0.1241     0.0000   2.839226   2.839268   0.000042    34.1890    34.1895     7.4444    27.4578    27.4582    34.1889    27.4577    1449.88    1449.88    -0.1241  1028.1589    34.3552 0.0000e+00
