Pos-Processados/process_op41/operantar41_021.cnv
* Sea-Bird SBE 9 Data File:
* FileName = C:\Users\Dell\Desktop\OperantarXLI\config\00_BRUTOS\OPE41021.hdr
* Software Version Seasave V 7.26.7.110
* Temperature SN = 6497
* Conductivity SN = 4954
* Number of Bytes Per Scan = 34
* Number of Voltage Words = 3
* Number of Scans Averaged by the Deck Unit = 1
* NMEA Latitude = 62 21.63 S
* NMEA Longitude = 057 56.66 W
* NMEA UTC (Time) = Nov 11 2022 10:57:30
* NMEA baud rate = 4800
** H41
** Navio Polar Almirante Maximiano
** LH-021/2022
** Operantar XLI
** Número da Estação 021
** Latitude 62 21.943S
** Longitude 057 58.115W
** Data/Hora (Z) 11/11/2022  1100Z
** Profundidade local 1900
** 09-1439
** Nome do Operador 1T FILIPE LOPES
# nquan = 30
# nvalues = 3619                        
# units = specified
# name 0 = scan: Scan Count
# name 1 = timeJ: Julian Days
# name 2 = latitude: Latitude [deg]
# name 3 = longitude: Longitude [deg]
# name 4 = dz/dtM: Descent Rate [m/s]
# name 5 = avgsvCM: Average Sound Velocity [Chen-Millero, m/s]
# name 6 = prDM: Pressure, Digiquartz [db]
# name 7 = depSM: Depth [salt water, m]
# name 8 = t090C: Temperature [ITS-90, deg C]
# name 9 = t190C: Temperature, 2 [ITS-90, deg C]
# name 10 = T2-T190C: Temperature Difference, 2 - 1 [ITS-90, deg C]
# name 11 = potemp090C: Potential Temperature [ITS-90, deg C]
# name 12 = potemp190C: Potential Temperature, 2 [ITS-90, deg C]
# name 13 = potemp90Cdiff: Potential Temperature, Diff, 2 - 1 [ITS-90, deg C]
# name 14 = c0S/m: Conductivity [S/m]
# name 15 = c1S/m: Conductivity, 2 [S/m]
# name 16 = C2-C1S/m: Conductivity Difference, 2 - 1 [S/m]
# name 17 = sal00: Salinity, Practical [PSU]
# name 18 = sal11: Salinity, Practical, 2 [PSU]
# name 19 = sbeox0ML/L: Oxygen, SBE 43 [ml/l]
# name 20 = sigma-é00: Density [sigma-theta, kg/m^3]
# name 21 = sigma-é11: Density, 2 [sigma-theta, kg/m^3]
# name 22 = sal00: Salinity, Practical [PSU]
# name 23 = sigma-é00: Density [sigma-theta, kg/m^3]
# name 24 = svCM: Sound Velocity [Chen-Millero, m/s]
# name 25 = svCM1: Sound Velocity, 2 [Chen-Millero, m/s]
# name 26 = gsw_ptA0: potential temperature [ITS-90, deg C]
# name 27 = gsw_densityA0: density, TEOS-10 [density, kg/m^3]
# name 28 = gsw_saA0: Absolute Salinity [g/kg]
# name 29 = flag:
# span 0 =       2348,     128328       
# span 1 = 315.457729, 315.518483       
# span 2 =  -62.36048,  -62.35185       
# span 3 =  -57.94303,  -57.87520       
# span 4 =     -1.893,      1.257       
# span 5 =       0.00,    1459.49       
# span 6 =      0.000,   1810.000       
# span 7 =      0.189,   1784.848       
# span 8 =    -1.4300,     0.5523       
# span 9 =    -1.4304,     0.5520       
# span 10 =    -0.0176,     0.0138      
# span 11 =    -1.5017,     0.5430      
# span 12 =    -1.5021,     0.5427      
# span 13 =    -0.0176,     0.0138      
# span 14 =   2.773664,   2.927336      
# span 15 =   2.773751,   2.927304      
# span 16 =  -0.001412,   0.001165      
# span 17 =    34.3253,    34.5614      
# span 18 =    34.3256,    34.5612      
# span 19 =     5.1159,     7.6022      
# span 20 =    27.5860,    27.8156      
# span 21 =    27.5889,    27.8155      
# span 22 =    34.3235,    34.5613      
# span 23 =    27.5844,    27.8156      
# span 24 =    1445.27,    1471.77      
# span 25 =    1445.27,    1471.77      
# span 26 =    -1.5003,     0.5431      
# span 27 =  1027.5977,  1036.3588      
# span 28 =    34.4893,    34.7326      
# span 29 = 0.0000e+00, 0.0000e+00      
# interval = decibars: 1                
# start_time = Nov 11 2022 10:57:30 [NMEA time, header]
# bad_flag = -9.990e-29
*END*
[from data line 291]
      11415 315.462102  -62.36021  -57.93750      0.702    1448.77    293.000    289.978     0.1865     0.1887     0.0022     0.1750     0.1772     0.0022   2.898542   2.898670   0.000212    34.5450    34.5454     5.3300    27.7296    27.7297    34.5426    27.7276    1454.15    1454.16     0.1751  1029.1237    34.7115 0.0000e+00
      11442 315.462115  -62.36020  -57.93749      0.797    1448.77    294.000    290.967     0.1843     0.1841    -0.0003     0.1728     0.1726    -0.0003   2.898408   2.898388  -0.000032    34.5451    34.5449     5.3334    27.7297    27.7296    34.5427    27.7278    1454.16    1454.16     0.1729  1029.1287    34.7116 0.0000e+00
      11465 315.462126  -62.36020  -57.93747      0.990    1448.77    295.000    291.956     0.1650     0.1715     0.0065     0.1535     0.1600     0.0065   2.896550   2.897236   0.000570    34.5438    34.5440     5.3476    27.7298    27.7296    34.5393    27.7261    1454.08    1454.11     0.1536  1029.1319    34.7082 0.0000e+00
      11488 315.462137  -62.36020  -57.93746      1.073    1448.77    296.000    292.946     0.1597     0.1672     0.0074     0.1482     0.1556     0.0074   2.896356   2.896933   0.000656    34.5435    34.5438     5.3631    27.7298    27.7296    34.5421    27.7287    1454.08    1454.11     0.1483  1029.1392    34.7110 0.0000e+00
      11517 315.462151  -62.36020  -57.93745      0.910    1448.77    297.000    293.934     0.1579     0.1464    -0.0115     0.1463     0.1348    -0.0115   2.895946   2.894874  -0.000980    34.5428    34.5428     5.3690    27.7293    27.7300    34.5382    27.7256    1454.08    1454.03     0.1464  1029.1409    34.7070 0.0000e+00
      11550 315.462167  -62.36020  -57.93742      0.722    1448.77    298.000    294.924     0.1017     0.0966    -0.0052     0.0903     0.0851    -0.0051   2.891167   2.890779  -0.000432    34.5427    34.5428     5.3876    27.7323    27.7326    34.5376    27.7282    1453.84    1453.81     0.0904  1029.1488    34.7065 0.0000e+00
      11577 315.462180  -62.36020  -57.93740      0.820    1448.77    299.000    295.913     0.0917     0.0920     0.0003     0.0802     0.0805     0.0003   2.890508   2.890549   0.000020    34.5428    34.5427     5.3895    27.7329    27.7328    34.5396    27.7303    1453.81    1453.81     0.0803  1029.1557    34.7085 0.0000e+00
      11603 315.462193  -62.36020  -57.93740      0.907    1448.77    300.000    296.902     0.0995     0.0991    -0.0004     0.0880     0.0875    -0.0004   2.891368   2.891324  -0.000029    34.5430    34.5431     5.4018    27.7327    27.7327    34.5416    27.7315    1453.87    1453.86     0.0881  1029.1616    34.7105 0.0000e+00
      11631 315.462206  -62.36020  -57.93737      0.891    1448.77    301.000    297.890     0.1053     0.1052    -0.0002     0.0937     0.0935    -0.0002   2.891893   2.891900   0.000003    34.5432    34.5434     5.4227    27.7325    27.7327    34.5414    27.7311    1453.91    1453.91     0.0938  1029.1658    34.7103 0.0000e+00
      11656 315.462218  -62.36020  -57.93735      0.904    1448.77    302.000    298.880     0.1058     0.1059     0.0000     0.0941     0.0942     0.0000   2.892016   2.892010  -0.000008    34.5434    34.5433     5.4362    27.7326    27.7325    34.5419    27.7314    1453.93    1453.93     0.0943  1029.1709    34.7108 0.0000e+00
      11680 315.462229  -62.36020  -57.93734      0.984    1448.77    303.000    299.869     0.1073     0.1070    -0.0003     0.0957     0.0954    -0.0003   2.892244   2.892216  -0.000029    34.5435    34.5435     5.4421    27.7327    27.7327    34.5426    27.7319    1453.95    1453.95     0.0957  1029.1761    34.7115 0.0000e+00
      11705 315.462241  -62.36020  -57.93733      0.998    1448.77    304.000    300.857     0.1098     0.1102     0.0004     0.0981     0.0985     0.0004   2.892479   2.892529   0.000045    34.5435    34.5436     5.4334    27.7325    27.7325    34.5423    27.7315    1453.98    1453.98     0.0982  1029.1804    34.7112 0.0000e+00
      11735 315.462256  -62.36020  -57.93732      0.834    1448.77    305.000    301.846     0.1067     0.1069     0.0002     0.0949     0.0951     0.0002   2.892249   2.892261   0.000015    34.5433    34.5433     5.4218    27.7325    27.7325    34.5422    27.7316    1453.98    1453.98     0.0950  1029.1853    34.7111 0.0000e+00
      11767 315.462272  -62.36020  -57.93730      0.736    1448.77    306.000    302.835     0.1069     0.1069    -0.0001     0.0951     0.0950    -0.0001   2.892339   2.892335  -0.000005    34.5433    34.5433     5.4151    27.7325    27.7325    34.5425    27.7319    1454.00    1454.00     0.0952  1029.1902    34.7114 0.0000e+00
      11794 315.462284  -62.36020  -57.93728      0.844    1448.77    307.000    303.824     0.1053     0.1056     0.0004     0.0934     0.0938     0.0004   2.892217   2.892247   0.000028    34.5433    34.5432     5.4199    27.7326    27.7325    34.5422    27.7317    1454.01    1454.01     0.0936  1029.1948    34.7110 0.0000e+00
      11818 315.462296  -62.36020  -57.93726      0.972    1448.77    308.000    304.813     0.1017     0.1018     0.0001     0.0898     0.0899     0.0001   2.891977   2.891980   0.000005    34.5433    34.5432     5.4192    27.7327    27.7327    34.5424    27.7320    1454.01    1454.01     0.0899  1029.1999    34.7113 0.0000e+00
      11842 315.462308  -62.36020  -57.93724      0.990    1448.77    309.000    305.802     0.0986     0.0991     0.0005     0.0867     0.0872     0.0005   2.891722   2.891770   0.000040    34.5431    34.5431     5.4198    27.7328    27.7328    34.5419    27.7318    1454.01    1454.01     0.0868  1029.2045    34.7108 0.0000e+00
      11870 315.462321  -62.36020  -57.93723      0.906    1448.77    310.000    306.790     0.0942     0.0942    -0.0000     0.0823     0.0822    -0.0000   2.891385   2.891389   0.000006    34.5429    34.5430     5.4161    27.7328    27.7329    34.5418    27.7320    1454.01    1454.01     0.0824  1029.2094    34.7107 0.0000e+00
      11899 315.462335  -62.36020  -57.93721      0.839    1448.77    311.000    307.779     0.0753     0.0798     0.0045     0.0633     0.0678     0.0045   2.889492   2.889914   0.000390    34.5422    34.5423     5.4296    27.7334    27.7332    34.5375    27.7295    1453.93    1453.95     0.0635  1029.2119    34.7064 0.0000e+00
      11927 315.462349  -62.36020  -57.93720      0.837    1448.77    312.000    308.768     0.0379     0.0390     0.0011     0.0260     0.0271     0.0011   2.886588   2.886653   0.000094    34.5426    34.5426     5.4370    27.7356    27.7356    34.5406    27.7340    1453.78    1453.78     0.0262  1029.2214    34.7095 0.0000e+00
      11950 315.462360  -62.36020  -57.93719      0.937    1448.77    313.000    309.757     0.0412     0.0412     0.0001     0.0292     0.0293     0.0001   2.886812   2.886879   0.000035    34.5417    34.5421     5.4316    27.7347    27.7350    34.5393    27.7328    1453.81    1453.81     0.0294  1029.2249    34.7082 0.0000e+00
      11970 315.462369  -62.36020  -57.93718      1.093    1448.77    314.000    310.746     0.0335     0.0350     0.0015     0.0215     0.0230     0.0015   2.886149   2.886295   0.000129    34.5416    34.5416     5.4396    27.7350    27.7349    34.5386    27.7326    1453.79    1453.79     0.0217  1029.2296    34.7075 0.0000e+00
      11990 315.462379  -62.36020  -57.93717      1.206    1448.77    315.000    311.735     0.0220     0.0253     0.0034     0.0100     0.0134     0.0034   2.885191   2.885437   0.000277    34.5413    34.5411     5.4547    27.7354    27.7351    34.5383    27.7330    1453.75    1453.77     0.0102  1029.2348    34.7071 0.0000e+00
      12015 315.462391  -62.36020  -57.93716      1.098    1448.77    316.000    312.724     0.0188     0.0194     0.0006     0.0068     0.0074     0.0006   2.885024   2.885076   0.000062    34.5407    34.5408     5.4690    27.7351    27.7352    34.5390    27.7338    1453.75    1453.76     0.0069  1029.2403    34.7079 0.0000e+00
      12056 315.462411  -62.36020  -57.93714      0.586    1448.77    317.000    313.712     0.0164     0.0151    -0.0013     0.0044     0.0031    -0.0013   2.884793   2.884713  -0.000096    34.5401    34.5402     5.4833    27.7347    27.7349    34.5380    27.7331    1453.76    1453.75     0.0045  1029.2444    34.7069 0.0000e+00
      12086 315.462425  -62.36020  -57.93711      0.703    1448.77    318.000    314.702     0.0067     0.0085     0.0018    -0.0053    -0.0035     0.0018   2.883969   2.884097   0.000123    34.5402    34.5398     5.4890    27.7353    27.7349    34.5374    27.7331    1453.73    1453.74    -0.0052  1029.2493    34.7063 0.0000e+00
      12108 315.462436  -62.36020  -57.93710      0.961    1448.77    319.000    315.691    -0.0008     0.0023     0.0032    -0.0129    -0.0097     0.0032   2.883436   2.883700   0.000273    34.5396    34.5397     5.4953    27.7353    27.7352    34.5383    27.7342    1453.71    1453.73    -0.0127  1029.2552    34.7072 0.0000e+00
      12129 315.462446  -62.36020  -57.93708      1.102    1448.77    320.000    316.679    -0.0005    -0.0003     0.0002    -0.0126    -0.0124     0.0002   2.883449   2.883465   0.000024    34.5393    34.5394     5.4954    27.7350    27.7351    34.5375    27.7335    1453.73    1453.73    -0.0125  1029.2593    34.7064 0.0000e+00
      12152 315.462457  -62.36018  -57.93706      1.095    1449.16    321.000    317.668    -0.0032    -0.0026     0.0007    -0.0154    -0.0147     0.0007   2.883286   2.883335   0.000056    34.5392    34.5392     5.4956    27.7351    27.7350    34.5378    27.7339    1453.73    1453.74    -0.0152  1029.2644    34.7067 0.0000e+00
      12180 315.462471  -62.36018  -57.93705      0.923    1449.70    322.000    318.657    -0.0057    -0.0059    -0.0002    -0.0179    -0.0181    -0.0002   2.883050   2.883051   0.000002    34.5386    34.5388     5.4977    27.7347    27.7349    34.5369    27.7333    1453.74    1453.74    -0.0177  1029.2685    34.7057 0.0000e+00
      12207 315.462484  -62.36018  -57.93704      0.845    1449.70    323.000    319.646    -0.0136    -0.0151    -0.0015    -0.0258    -0.0273    -0.0015   2.882441   2.882307  -0.000120    34.5385    34.5386     5.5030    27.7350    27.7352    34.5371    27.7339    1453.72    1453.71    -0.0257  1029.2740    34.7060 0.0000e+00
      12230 315.462495  -62.36018  -57.93703      0.971    1449.70    324.000    320.634    -0.0136    -0.0135     0.0001    -0.0258    -0.0257     0.0001   2.882509   2.882541   0.000027    34.5385    34.5387     5.5049    27.7350    27.7352    34.5374    27.7341    1453.73    1453.73    -0.0257  1029.2789    34.7063 0.0000e+00
      12251 315.462505  -62.36018  -57.93702      1.089    1449.70    325.000    321.624    -0.0123    -0.0135    -0.0012    -0.0245    -0.0258    -0.0012   2.882646   2.882551  -0.000088    34.5383    34.5385     5.5131    27.7349    27.7351    34.5371    27.7338    1453.75    1453.75    -0.0244  1029.2833    34.7060 0.0000e+00
      12276 315.462517  -62.36018  -57.93700      1.042    1449.70    326.000    322.612    -0.0165    -0.0170    -0.0005    -0.0288    -0.0293    -0.0005   2.882346   2.882304  -0.000041    34.5384    34.5384     5.5169    27.7351    27.7352    34.5373    27.7342    1453.75    1453.75    -0.0287  1029.2885    34.7062 0.0000e+00
      12308 315.462532  -62.36018  -57.93699      0.813    1449.70    327.000    323.601    -0.0187    -0.0199    -0.0012    -0.0310    -0.0322    -0.0012   2.882194   2.882095  -0.000101    34.5381    34.5381     5.5173    27.7350    27.7351    34.5372    27.7342    1453.76    1453.75    -0.0309  1029.2933    34.7061 0.0000e+00
      12341 315.462548  -62.36018  -57.93696      0.710    1449.70    328.000    324.590    -0.0225    -0.0232    -0.0007    -0.0349    -0.0355    -0.0007   2.881824   2.881738  -0.000047    34.5378    34.5380     5.5118    27.7350    27.7351    34.5359    27.7334    1453.76    1453.75    -0.0347  1029.2972    34.7048 0.0000e+00
      12366 315.462560  -62.36018  -57.93694      0.852    1449.70    329.000    325.579    -0.0430    -0.0434    -0.0004    -0.0554    -0.0558    -0.0004   2.880070   2.880098  -0.000031    34.5377    34.5378     5.5189    27.7359    27.7360    34.5352    27.7339    1453.68    1453.67    -0.0552  1029.3027    34.7041 0.0000e+00
      12387 315.462570  -62.36018  -57.93694      1.045    1449.70    330.000    326.568    -0.0602    -0.0586     0.0016    -0.0725    -0.0710     0.0016   2.878487   2.878568   0.000092    34.5369    34.5363     5.5212    27.7362    27.7357    34.5330    27.7330    1453.61    1453.62    -0.0724  1029.3067    34.7019 0.0000e+00
      12407 315.462580  -62.36018  -57.93693      1.155    1449.70    331.000    327.557    -0.0743    -0.0739     0.0004    -0.0866    -0.0863     0.0004   2.877331   2.877352   0.000024    34.5362    34.5361     5.5199    27.7363    27.7363    34.5329    27.7337    1453.56    1453.56    -0.0865  1029.3122    34.7018 0.0000e+00
      12435 315.462594  -62.36018  -57.93692      1.006    1449.70    332.000    328.545    -0.0890    -0.0876     0.0013    -0.1013    -0.1000     0.0013   2.876106   2.876211   0.000113    34.5356    34.5356     5.5248    27.7366    27.7365    34.5326    27.7342    1453.51    1453.52    -0.1012  1029.3176    34.7015 0.0000e+00
      12472 315.462611  -62.36018  -57.93689      0.644    1449.70    333.000    329.534    -0.0991    -0.1009    -0.0018    -0.1115    -0.1132    -0.0017   2.875216   2.875096  -0.000142    34.5346    34.5347     5.5494    27.7363    27.7364    34.5316    27.7339    1453.48    1453.47    -0.1113  1029.3222    34.7005 0.0000e+00
      12501 315.462625  -62.36018  -57.93687      0.753    1449.70    334.000    330.523    -0.1123    -0.1119     0.0004    -0.1247    -0.1243     0.0004   2.874211   2.874190  -0.000004    34.5347    34.5342     5.5628    27.7371    27.7367    34.5326    27.7354    1453.43    1453.43    -0.1245  1029.3285    34.7015 0.0000e+00
      12524 315.462637  -62.36018  -57.93686      0.947    1449.70    335.000    331.512    -0.1076    -0.1081    -0.0005    -0.1200    -0.1205    -0.0005   2.874701   2.874654  -0.000045    34.5348    34.5348     5.5758    27.7369    27.7369    34.5332    27.7356    1453.47    1453.47    -0.1198  1029.3334    34.7021 0.0000e+00
      12547 315.462647  -62.36018  -57.93685      1.048    1449.70    336.000    332.501    -0.1112    -0.1112     0.0000    -0.1237    -0.1236     0.0000   2.874409   2.874426   0.000018    34.5348    34.5349     5.5875    27.7370    27.7372    34.5328    27.7355    1453.47    1453.47    -0.1235  1029.3381    34.7017 0.0000e+00
      12571 315.462659  -62.36018  -57.93684      1.030    1449.70    337.000    333.489    -0.1120    -0.1127    -0.0008    -0.1245    -0.1252    -0.0008   2.874420   2.874369  -0.000051    34.5347    34.5348     5.5917    27.7370    27.7372    34.5332    27.7359    1453.49    1453.48    -0.1243  1029.3432    34.7021 0.0000e+00
      12599 315.462673  -62.36018  -57.93683      0.905    1449.70    338.000    334.478    -0.1141    -0.1138     0.0003    -0.1266    -0.1263     0.0003   2.874286   2.874296   0.000013    34.5345    34.5344     5.5913    27.7370    27.7369    34.5332    27.7359    1453.49    1453.49    -0.1264  1029.3481    34.7021 0.0000e+00
      12628 315.462686  -62.36018  -57.93680      0.842    1449.70    339.000    335.466    -0.1128    -0.1130    -0.0002    -0.1254    -0.1256    -0.0002   2.874458   2.874452  -0.000009    34.5343    34.5344     5.5885    27.7368    27.7369    34.5335    27.7361    1453.52    1453.51    -0.1252  1029.3529    34.7023 0.0000e+00
