Pos-Processados/process_op41/operantar41_019.ros
* Sea-Bird SBE 9 Data File:
* FileName = C:\Users\Dell\Desktop\OperantarXLI\config\00_BRUTOS\OPE41019.hdr
* Software Version Seasave V 7.26.7.110
* Temperature SN = 6497
* Conductivity SN = 4954
* Number of Bytes Per Scan = 34
* Number of Voltage Words = 3
* Number of Scans Averaged by the Deck Unit = 1
* NMEA Latitude = 62 55.48 S
* NMEA Longitude = 060 08.48 W
* NMEA UTC (Time) = Nov 11 2022 01:08:15
* NMEA baud rate = 4800
** H41
** Navio Polar Almirante Maximiano
** LH-021/2022
** Operantar XLI
** Número da Estação 019
** Latitude 62 55.478'S
** Longitude 060 08.483' W
** Data/Hora (Z) 11/11/2022 0110Z
** Profundidade local 1020 m
** 09-1439
** Nome do Operador CT Garla
# nquan = 24
# nvalues = 1198                                  
# units = specified
# name 0 = scan: Scan Count
# name 1 = timeJ: Julian Days
# name 2 = latitude: Latitude [deg]
# name 3 = longitude: Longitude [deg]
# name 4 = dz/dtM: Descent Rate [m/s]
# name 5 = avgsvCM: Average Sound Velocity [Chen-Millero, m/s]
# name 6 = prDM: Pressure, Digiquartz [db]
# name 7 = depSM: Depth [salt water, m]
# name 8 = t090C: Temperature [ITS-90, deg C]
# name 9 = t190C: Temperature, 2 [ITS-90, deg C]
# name 10 = T2-T190C: Temperature Difference, 2 - 1 [ITS-90, deg C]
# name 11 = potemp090C: Potential Temperature [ITS-90, deg C]
# name 12 = potemp190C: Potential Temperature, 2 [ITS-90, deg C]
# name 13 = potemp90Cdiff: Potential Temperature, Diff, 2 - 1 [ITS-90, deg C]
# name 14 = c0S/m: Conductivity [S/m]
# name 15 = c1S/m: Conductivity, 2 [S/m]
# name 16 = C2-C1S/m: Conductivity Difference, 2 - 1 [S/m]
# name 17 = sal00: Salinity, Practical [PSU]
# name 18 = sal11: Salinity, Practical, 2 [PSU]
# name 19 = sbeox0ML/L: Oxygen, SBE 43 [ml/l]
# name 20 = sigma-é00: Density [sigma-theta, kg/m^3]
# name 21 = sigma-é11: Density, 2 [sigma-theta, kg/m^3]
# name 22 = nbf: Bottles Fired
# name 23 = flag:  0.000e+00
# interval = seconds: 0.0416667
# start_time = Nov 11 2022 01:08:15 [NMEA time, header]
# bad_flag = -9.990e-29
*END*
[from data line 302]
      27816 315.060810  -62.92618  -60.13866     -0.075    1451.82    933.478    922.392    -0.6266    -0.6273    -0.0007    -0.6623    -0.6630    -0.0007   2.858734   2.858659  -0.000075    34.5525    34.5523     5.7333    27.7768    27.7767          3  0.000e+00
      27817 315.060810  -62.92618  -60.13866     -0.071    1451.82    933.535    922.449    -0.6265    -0.6274    -0.0009    -0.6622    -0.6631    -0.0009   2.858723   2.858659  -0.000064    34.5521    34.5523     5.7339    27.7765    27.7767          3  0.000e+00
      27818 315.060811  -62.92618  -60.13866     -0.079    1451.82    933.421    922.336    -0.6266    -0.6271    -0.0005    -0.6623    -0.6628    -0.0005   2.858717   2.858699  -0.000018    34.5523    34.5526     5.7344    27.7766    27.7770          3  0.000e+00
      27819 315.060811  -62.92618  -60.13866     -0.077    1451.82    933.478    922.393    -0.6266    -0.6269    -0.0003    -0.6623    -0.6626    -0.0003   2.858740   2.858676  -0.000064    34.5525    34.5520     5.7337    27.7769    27.7765          3  0.000e+00
      27820 315.060812  -62.92618  -60.13866     -0.075    1451.82    933.470    922.384    -0.6266    -0.6273    -0.0007    -0.6623    -0.6630    -0.0007   2.858723   2.858682  -0.000041    34.5523    34.5526     5.7330    27.7767    27.7769          3  0.000e+00
      27821 315.060812  -62.92618  -60.13866     -0.079    1451.82    933.478    922.393    -0.6266    -0.6269    -0.0003    -0.6623    -0.6625    -0.0003   2.858734   2.858688  -0.000047    34.5525    34.5521     5.7337    27.7768    27.7766          3  0.000e+00
      27822 315.060813  -62.92618  -60.13866     -0.080    1451.82    933.421    922.336    -0.6266    -0.6272    -0.0006    -0.6623    -0.6629    -0.0006   2.858723   2.858688  -0.000035    34.5523    34.5525     5.7344    27.7767    27.7769          3  0.000e+00
      27823 315.060813  -62.92618  -60.13866     -0.080    1451.82    933.470    922.385    -0.6265    -0.6271    -0.0007    -0.6622    -0.6628    -0.0007   2.858695   2.858688  -0.000007    34.5518    34.5525     5.7338    27.7763    27.7768          3  0.000e+00
      27824 315.060814  -62.92618  -60.13866     -0.080    1451.82    933.478    922.393    -0.6266    -0.6271    -0.0005    -0.6623    -0.6628    -0.0005   2.858689   2.858688  -0.000001    34.5518    34.5524     5.7346    27.7763    27.7768          3  0.000e+00
      27825 315.060814  -62.92618  -60.13866     -0.080    1451.82    933.412    922.328    -0.6265    -0.6271    -0.0007    -0.6622    -0.6628    -0.0007   2.858706   2.858722   0.000016    34.5520    34.5529     5.7354    27.7764    27.7772          3  0.000e+00
      27826 315.060815  -62.92618  -60.13866     -0.079    1451.82    933.478    922.393    -0.6266    -0.6272    -0.0006    -0.6623    -0.6629    -0.0006   2.858717   2.858682  -0.000035    34.5522    34.5524     5.7364    27.7766    27.7768          3  0.000e+00
      27827 315.060815  -62.92618  -60.13866     -0.077    1451.82    933.421    922.336    -0.6266    -0.6271    -0.0005    -0.6623    -0.6628    -0.0005   2.858695   2.858682  -0.000013    34.5520    34.5524     5.7374    27.7764    27.7768          3  0.000e+00
      27828 315.060815  -62.92618  -60.13866     -0.083    1451.82    933.470    922.385    -0.6266    -0.6272    -0.0006    -0.6623    -0.6629    -0.0006   2.858706   2.858671  -0.000036    34.5521    34.5523     5.7370    27.7765    27.7767          3  0.000e+00
      27829 315.060816  -62.92618  -60.13866     -0.084    1451.82    933.421    922.336    -0.6266    -0.6270    -0.0004    -0.6623    -0.6627    -0.0004   2.858734   2.858699  -0.000035    34.5525    34.5525     5.7365    27.7768    27.7769          3  0.000e+00
      27830 315.060816  -62.92618  -60.13866     -0.082    1451.82    933.413    922.328    -0.6268    -0.6272    -0.0004    -0.6625    -0.6629    -0.0004   2.858700   2.858676  -0.000024    34.5522    34.5524     5.7362    27.7766    27.7768          3  0.000e+00
      27831 315.060817  -62.92618  -60.13866     -0.085    1451.82    933.421    922.336    -0.6266    -0.6271    -0.0005    -0.6623    -0.6628    -0.0005   2.858689   2.858699   0.000010    34.5519    34.5526     5.7372    27.7763    27.7770          3  0.000e+00
      27832 315.060817  -62.92618  -60.13866     -0.085    1451.82    933.421    922.336    -0.6266    -0.6271    -0.0005    -0.6623    -0.6628    -0.0005   2.858723   2.858694  -0.000030    34.5523    34.5526     5.7368    27.7767    27.7769          3  0.000e+00
      27833 315.060818  -62.92618  -60.13866     -0.082    1451.82    933.470    922.385    -0.6269    -0.6269    -0.0000    -0.6626    -0.6626    -0.0000   2.858683   2.858688   0.000004    34.5521    34.5522     5.7366    27.7765    27.7766          3  0.000e+00
      27834 315.060818  -62.92618  -60.13866     -0.082    1451.82    933.421    922.336    -0.6265    -0.6270    -0.0006    -0.6622    -0.6627    -0.0005   2.858700   2.858722   0.000022    34.5519    34.5528     5.7361    27.7764    27.7771          3  0.000e+00
      41333 315.067328  -62.92676  -60.13864     -0.096    1451.82    410.845    406.475    -0.6432    -0.6408     0.0024    -0.6568    -0.6545     0.0023   2.830866   2.831115   0.000249    34.5077    34.5084     6.0459    27.7403    27.7408          4  0.000e+00
      41334 315.067329  -62.92676  -60.13864     -0.091    1451.82    410.780    406.411    -0.6429    -0.6410     0.0019    -0.6565    -0.6546     0.0019   2.830883   2.831092   0.000209    34.5076    34.5082     6.0463    27.7403    27.7407          4  0.000e+00
      41335 315.067329  -62.92676  -60.13864     -0.082    1451.82    410.804    406.435    -0.6429    -0.6410     0.0019    -0.6565    -0.6547     0.0019   2.830911   2.831098   0.000187    34.5080    34.5084     6.0469    27.7406    27.7408          4  0.000e+00
      41336 315.067330  -62.92676  -60.13864     -0.077    1451.82    410.845    406.475    -0.6429    -0.6414     0.0015    -0.6565    -0.6550     0.0015   2.830917   2.831086   0.000169    34.5081    34.5086     6.0474    27.7406    27.7410          4  0.000e+00
      41337 315.067330  -62.92676  -60.13864     -0.071    1451.82    410.845    406.475    -0.6430    -0.6407     0.0024    -0.6567    -0.6543     0.0023   2.830900   2.831126   0.000226    34.5080    34.5083     6.0480    27.7405    27.7408          4  0.000e+00
      41338 315.067331  -62.92676  -60.13864     -0.066    1451.82    410.780    406.411    -0.6432    -0.6410     0.0022    -0.6568    -0.6547     0.0022   2.830871   2.831120   0.000249    34.5078    34.5087     6.0417    27.7404    27.7410          4  0.000e+00
      41339 315.067331  -62.92676  -60.13864     -0.067    1451.82    410.780    406.411    -0.6437    -0.6405     0.0032    -0.6573    -0.6541     0.0032   2.830843   2.831143   0.000300    34.5080    34.5084     6.0412    27.7406    27.7408          4  0.000e+00
      41340 315.067332  -62.92676  -60.13864     -0.060    1451.82    410.845    406.475    -0.6440    -0.6406     0.0034    -0.6576    -0.6542     0.0034   2.830815   2.831161   0.000345    34.5079    34.5087     6.0476    27.7405    27.7410          4  0.000e+00
      41341 315.067332  -62.92676  -60.13864     -0.056    1451.82    410.861    406.491    -0.6443    -0.6403     0.0039    -0.6579    -0.6540     0.0039   2.830826   2.831149   0.000323    34.5084    34.5083     6.0483    27.7409    27.7407          4  0.000e+00
      41342 315.067333  -62.92676  -60.13864     -0.053    1451.82    410.780    406.411    -0.6438    -0.6390     0.0048    -0.6574    -0.6527     0.0048   2.830877   2.831338   0.000461    34.5086    34.5094     6.0488    27.7411    27.7415          4  0.000e+00
      41343 315.067333  -62.92676  -60.13864     -0.046    1451.82    410.902    406.531    -0.6434    -0.6351     0.0083    -0.6570    -0.6487     0.0083   2.830951   2.831561   0.000611    34.5090    34.5078     6.0470    27.7414    27.7401          4  0.000e+00
      41344 315.067334  -62.92676  -60.13864     -0.046    1451.82    410.780    406.411    -0.6427    -0.6337     0.0090    -0.6564    -0.6474     0.0090   2.831029   2.831636   0.000606    34.5094    34.5073     6.0460    27.7417    27.7396          4  0.000e+00
      41345 315.067334  -62.92676  -60.13864     -0.046    1451.82    410.780    406.411    -0.6418    -0.6340     0.0078    -0.6555    -0.6477     0.0078   2.831075   2.831630   0.000556    34.5090    34.5076     6.0464    27.7413    27.7398          4  0.000e+00
      41346 315.067335  -62.92676  -60.13864     -0.040    1451.82    410.845    406.475    -0.6414    -0.6354     0.0059    -0.6550    -0.6491     0.0059   2.831120   2.831458   0.000339    34.5091    34.5069     6.0468    27.7414    27.7393          4  0.000e+00
      41347 315.067335  -62.92676  -60.13864     -0.035    1451.82    410.861    406.491    -0.6407    -0.6373     0.0034    -0.6544    -0.6510     0.0034   2.831069   2.831183   0.000114    34.5076    34.5053     6.0473    27.7402    27.7381          4  0.000e+00
      41348 315.067336  -62.92676  -60.13864     -0.031    1451.82    410.845    406.475    -0.6404    -0.6405    -0.0001    -0.6541    -0.6541    -0.0001   2.831131   2.830920  -0.000211    34.5081    34.5054     6.0477    27.7406    27.7383          4  0.000e+00
      41349 315.067336  -62.92676  -60.13864     -0.030    1451.82    410.845    406.475    -0.6401    -0.6431    -0.0029    -0.6538    -0.6567    -0.0029   2.831159   2.830668  -0.000491    34.5082    34.5049     6.0481    27.7406    27.7381          4  0.000e+00
      41350 315.067337  -62.92676  -60.13864     -0.025    1451.82    410.845    406.475    -0.6401    -0.6441    -0.0040    -0.6538    -0.6578    -0.0040   2.831176   2.830508  -0.000668    34.5084    34.5040     6.0486    27.7408    27.7374          4  0.000e+00
      41351 315.067337  -62.92676  -60.13864     -0.020    1451.82    410.845    406.475    -0.6401    -0.6447    -0.0045    -0.6538    -0.6583    -0.0045   2.831103   2.830370  -0.000733    34.5074    34.5027     6.0491    27.7400    27.7364          4  0.000e+00
      41352 315.067337  -62.92676  -60.13864     -0.016    1451.82    410.845    406.475    -0.6406    -0.6468    -0.0062    -0.6542    -0.6604    -0.0062   2.831103   2.830325  -0.000778    34.5079    34.5045     6.0497    27.7404    27.7379          4  0.000e+00
      41353 315.067338  -62.92676  -60.13864     -0.012    1451.82    410.862    406.492    -0.6411    -0.6484    -0.0073    -0.6547    -0.6620    -0.0073   2.831086   2.830296  -0.000790    34.5082    34.5059     6.0434    27.7407    27.7391          4  0.000e+00
      41354 315.067338  -62.92676  -60.13864     -0.007    1451.82    410.902    406.532    -0.6407    -0.6491    -0.0084    -0.6544    -0.6627    -0.0084   2.831058   2.830307  -0.000750    34.5074    34.5069     6.0427    27.7400    27.7399          4  0.000e+00
      41355 315.067339  -62.92676  -60.13864     -0.003    1451.82    410.845    406.476    -0.6407    -0.6496    -0.0089    -0.6544    -0.6632    -0.0088   2.831131   2.830233  -0.000898    34.5085    34.5064     6.0489    27.7408    27.7396          4  0.000e+00
      41356 315.067339  -62.92676  -60.13864      0.002    1451.82    410.845    406.476    -0.6402    -0.6499    -0.0097    -0.6539    -0.6635    -0.0096   2.831159   2.830233  -0.000926    34.5083    34.5068     6.0494    27.7407    27.7399          4  0.000e+00
      41357 315.067340  -62.92676  -60.13864      0.000    1451.82    410.845    406.476    -0.6399    -0.6505    -0.0105    -0.6536    -0.6641    -0.0105   2.831193   2.830296  -0.000897    34.5084    34.5083     6.0499    27.7408    27.7412          4  0.000e+00
      41358 315.067340  -62.92676  -60.13864      0.008    1451.82    410.902    406.532    -0.6395    -0.6502    -0.0107    -0.6532    -0.6638    -0.0106   2.831210   2.830491  -0.000719    34.5082    34.5106     6.0505    27.7405    27.7430          4  0.000e+00
      41359 315.067341  -62.92676  -60.13864      0.014    1451.82    410.902    406.532    -0.6391    -0.6479    -0.0089    -0.6527    -0.6615    -0.0088   2.831255   2.830731  -0.000524    34.5082    34.5112     6.0441    27.7406    27.7434          4  0.000e+00
      41360 315.067341  -62.92676  -60.13864      0.017    1451.82    410.805    406.436    -0.6391    -0.6451    -0.0060    -0.6527    -0.6587    -0.0060   2.831244   2.831023  -0.000221    34.5081    34.5120     6.0435    27.7405    27.7439          4  0.000e+00
      41361 315.067342  -62.92676  -60.13864      0.022    1451.82    410.902    406.532    -0.6388    -0.6424    -0.0036    -0.6524    -0.6560    -0.0036   2.831255   2.831206  -0.000049    34.5079    34.5113     6.0499    27.7403    27.7432          4  0.000e+00
      41362 315.067342  -62.92676  -60.13864      0.026    1451.82    410.902    406.532    -0.6389    -0.6414    -0.0025    -0.6525    -0.6550    -0.0025   2.831266   2.831264  -0.000003    34.5082    34.5109     6.0482    27.7405    27.7429          4  0.000e+00
      41363 315.067343  -62.92676  -60.13864      0.031    1451.82    410.902    406.532    -0.6389    -0.6399    -0.0010    -0.6525    -0.6535    -0.0010   2.831244   2.831309   0.000066    34.5079    34.5099     6.0476    27.7403    27.7420          4  0.000e+00
      41364 315.067343  -62.92676  -60.13864      0.036    1451.82    410.902    406.532    -0.6389    -0.6388     0.0000    -0.6525    -0.6525     0.0000   2.831238   2.831395   0.000157    34.5078    34.5099     6.0481    27.7402    27.7419          4  0.000e+00
      41365 315.067344  -62.92676  -60.13864      0.041    1451.82    410.902    406.532    -0.6399    -0.6373     0.0026    -0.6536    -0.6510     0.0026   2.831120   2.831510   0.000390    34.5074    34.5097     6.0420    27.7400    27.7417          4  0.000e+00
      41366 315.067344  -62.92676  -60.13864      0.043    1451.82    410.927    406.556    -0.6406    -0.6357     0.0049    -0.6542    -0.6494     0.0049   2.831080   2.831544   0.000464    34.5076    34.5083     6.0416    27.7401    27.7405          4  0.000e+00
      41367 315.067345  -62.92676  -60.13864      0.047    1451.82    410.902    406.532    -0.6409    -0.6354     0.0055    -0.6545    -0.6491     0.0055   2.831080   2.831481   0.000401    34.5079    34.5071     6.0479    27.7404    27.7395          4  0.000e+00
      41368 315.067345  -62.92676  -60.13864      0.050    1451.82    410.902    406.532    -0.6417    -0.6362     0.0055    -0.6553    -0.6498     0.0055   2.831035   2.831401   0.000366    34.5082    34.5069     6.0475    27.7407    27.7394          4  0.000e+00
      41369 315.067346  -62.92676  -60.13864      0.054    1451.82    410.902    406.532    -0.6422    -0.6368     0.0055    -0.6559    -0.6504     0.0054   2.831001   2.831350   0.000348    34.5084    34.5069     6.0469    27.7409    27.7394          4  0.000e+00
      41370 315.067346  -62.92676  -60.13864      0.054    1451.82    410.902    406.532    -0.6422    -0.6374     0.0048    -0.6559    -0.6511     0.0048   2.830934   2.831327   0.000393    34.5075    34.5073     6.0475    27.7401    27.7398          4  0.000e+00
      41371 315.067347  -62.92676  -60.13864      0.062    1451.82    410.967    406.596    -0.6441    -0.6373     0.0068    -0.6578    -0.6510     0.0068   2.830798   2.831344   0.000546    34.5078    34.5074     6.0416    27.7405    27.7398          4  0.000e+00
      41372 315.067347  -62.92676  -60.13864      0.062    1451.82    410.927    406.556    -0.6455    -0.6373     0.0082    -0.6591    -0.6510     0.0082   2.830736   2.831355   0.000619    34.5085    34.5076     6.0412    27.7411    27.7400          4  0.000e+00
      41373 315.067348  -62.92676  -60.13864      0.065    1451.82    410.902    406.532    -0.6449    -0.6374     0.0075    -0.6585    -0.6511     0.0075   2.830832   2.831321   0.000489    34.5092    34.5072     6.0473    27.7416    27.7397          4  0.000e+00
