Pos-Processados/process_op41/operantar41_001MEPHY.ros
* Sea-Bird SBE 9 Data File:
* FileName = C:\Users\Dell\Desktop\Operantar XLI\Raw\OP41001MEPHY.hdr
* Software Version Seasave V 7.26.7.110
* Temperature SN = 6497
* Conductivity SN = 4954
* Number of Bytes Per Scan = 31
* Number of Voltage Words = 2
* Number of Scans Averaged by the Deck Unit = 1
* NMEA Latitude = 36 40.13 S
* NMEA Longitude = 048 37.58 W
* NMEA UTC (Time) = Oct 17 2022 15:39:23
* NMEA baud rate = 4800
** H41
** Navio Polar Almirante Maximiano
** LH-021/2022
** Operantar XLI
** Número da Estação 001 MEPHY
** Latitude 36 40.147S
** Longitude 048 37.579W
** Data/Hora (Z) 1539Z
** Profundidade local 4900m
** 09-1439
** Nome do Operador CT Garla
# nquan = 24
# nvalues = 1600                                  
# units = specified
# name 0 = scan: Scan Count
# name 1 = timeJ: Julian Days
# name 2 = latitude: Latitude [deg]
# name 3 = longitude: Longitude [deg]
# name 4 = dz/dtM: Descent Rate [m/s]
# name 5 = avgsvCM: Average Sound Velocity [Chen-Millero, m/s]
# name 6 = prDM: Pressure, Digiquartz [db]
# name 7 = depSM: Depth [salt water, m]
# name 8 = t090C: Temperature [ITS-90, deg C]
# name 9 = t190C: Temperature, 2 [ITS-90, deg C]
# name 10 = T2-T190C: Temperature Difference, 2 - 1 [ITS-90, deg C]
# name 11 = potemp090C: Potential Temperature [ITS-90, deg C]
# name 12 = potemp190C: Potential Temperature, 2 [ITS-90, deg C]
# name 13 = potemp90Cdiff: Potential Temperature, Diff, 2 - 1 [ITS-90, deg C]
# name 14 = c0S/m: Conductivity [S/m]
# name 15 = c1S/m: Conductivity, 2 [S/m]
# name 16 = C2-C1S/m: Conductivity Difference, 2 - 1 [S/m]
# name 17 = sal00: Salinity, Practical [PSU]
# name 18 = sal11: Salinity, Practical, 2 [PSU]
# name 19 = sbeox0ML/L: Oxygen, SBE 43 [ml/l]
# name 20 = sigma-é00: Density [sigma-theta, kg/m^3]
# name 21 = sigma-é11: Density, 2 [sigma-theta, kg/m^3]
# name 22 = nbf: Bottles Fired
# name 23 = flag:  0.000e+00
# interval = seconds: 0.0416667
# start_time = Oct 17 2022 15:39:23 [NMEA time, header]
# bad_flag = -9.990e-29
*END*
[from data line 1329]
      12031 290.658151  -36.66898  -48.62654      0.027    1516.20      4.832      4.797    17.5750    17.5761     0.0011    17.5741    17.5753     0.0011   4.675912   4.675836  -0.000075    36.1106    36.1090     5.1472    26.2280    26.2265         22  0.000e+00
      12032 290.658152  -36.66898  -48.62654      0.048    1516.20      4.897      4.861    17.5751    17.5753     0.0002    17.5743    17.5745     0.0002   4.675932   4.675746  -0.000187    36.1106    36.1089     5.1478    26.2280    26.2266         22  0.000e+00
      12033 290.658152  -36.66898  -48.62654      0.069    1516.20      4.897      4.861    17.5757    17.5749    -0.0008    17.5749    17.5741    -0.0008   4.675932   4.675697  -0.000235    36.1102    36.1088     5.1480    26.2275    26.2267         22  0.000e+00
      12034 290.658152  -36.66898  -48.62654      0.093    1516.20      4.953      4.917    17.5745    17.5745    -0.0000    17.5736    17.5736    -0.0000   4.675664   4.675655  -0.000009    36.1089    36.1088     5.1521    26.2268    26.2268         22  0.000e+00
      12035 290.658153  -36.66898  -48.62654      0.113    1516.20      4.953      4.917    17.5724    17.5741     0.0017    17.5716    17.5733     0.0017   4.675520   4.675439  -0.000081    36.1095    36.1073     5.1528    26.2278    26.2257         22  0.000e+00
      12036 290.658153  -36.66898  -48.62654      0.135    1516.20      5.009      4.973    17.5714    17.5726     0.0012    17.5705    17.5718     0.0012   4.675472   4.675286  -0.000186    36.1099    36.1072     5.1537    26.2284    26.2260         22  0.000e+00
      12037 290.658154  -36.66898  -48.62654      0.156    1516.20      5.009      4.973    17.5717    17.5715    -0.0002    17.5709    17.5706    -0.0002   4.675486   4.675314  -0.000172    36.1098    36.1085     5.1540    26.2282    26.2273         22  0.000e+00
      12038 290.658154  -36.66898  -48.62654      0.181    1516.20      5.074      5.036    17.5716    17.5718     0.0002    17.5707    17.5709     0.0002   4.675499   4.675390  -0.000109    36.1100    36.1089     5.1542    26.2284    26.2275         22  0.000e+00
      12039 290.658155  -36.66898  -48.62654      0.205    1516.20      5.074      5.036    17.5719    17.5725     0.0006    17.5710    17.5716     0.0006   4.675589   4.675474  -0.000115    36.1105    36.1089     5.1545    26.2287    26.2273         22  0.000e+00
      12040 290.658155  -36.66898  -48.62654      0.217    1516.20      5.009      4.972    17.5727    17.5723    -0.0004    17.5719    17.5714    -0.0004   4.675706   4.675404  -0.000301    36.1108    36.1086     5.1546    26.2287    26.2271         23  0.000e+00
      12041 290.658156  -36.66898  -48.62654      0.242    1516.20      5.130      5.092    17.5731    17.5720    -0.0011    17.5722    17.5711    -0.0011   4.675706   4.675460  -0.000246    36.1104    36.1093     5.1550    26.2283    26.2277         23  0.000e+00
      12042 290.658156  -36.66898  -48.62654      0.263    1516.20      5.138      5.100    17.5731    17.5722    -0.0009    17.5722    17.5713    -0.0009   4.675699   4.675495  -0.000204    36.1103    36.1094     5.1552    26.2283    26.2278         23  0.000e+00
      12043 290.658157  -36.66898  -48.62654      0.286    1516.20      5.251      5.212    17.5731    17.5723    -0.0008    17.5722    17.5714    -0.0008   4.675664   4.675460  -0.000204    36.1100    36.1089     5.1592    26.2280    26.2274         23  0.000e+00
      12044 290.658157  -36.66898  -48.62654      0.308    1516.20      5.194      5.156    17.5729    17.5727    -0.0002    17.5720    17.5718    -0.0002   4.675602   4.675558  -0.000045    36.1096    36.1095     5.1596    26.2278    26.2277         23  0.000e+00
      12045 290.658158  -36.66898  -48.62654      0.324    1516.20      5.194      5.156    17.5733    17.5726    -0.0006    17.5724    17.5718    -0.0006   4.675671   4.675544  -0.000127    36.1099    36.1094     5.1596    26.2279    26.2277         23  0.000e+00
      12046 290.658158  -36.66898  -48.62654      0.343    1516.20      5.251      5.212    17.5734    17.5732    -0.0002    17.5726    17.5723    -0.0002   4.675726   4.675614  -0.000113    36.1102    36.1095     5.1597    26.2281    26.2276         23  0.000e+00
      12047 290.658159  -36.66898  -48.62654      0.364    1516.20      5.307      5.268    17.5734    17.5735     0.0001    17.5725    17.5726     0.0001   4.675706   4.675586  -0.000120    36.1100    36.1089     5.1597    26.2280    26.2271         23  0.000e+00
      12048 290.658159  -36.66898  -48.62654      0.379    1516.20      5.251      5.212    17.5745    17.5732    -0.0013    17.5736    17.5723    -0.0013   4.675871   4.675537  -0.000334    36.1106    36.1088     5.1634    26.2281    26.2271         23  0.000e+00
      12049 290.658160  -36.66898  -48.62654      0.400    1516.20      5.371      5.332    17.5751    17.5723    -0.0028    17.5742    17.5714    -0.0028   4.675871   4.675558  -0.000313    36.1099    36.1097     5.1639    26.2275    26.2280         23  0.000e+00
      12050 290.658160  -36.66898  -48.62654      0.412    1516.20      5.307      5.268    17.5736    17.5732    -0.0005    17.5727    17.5723    -0.0005   4.675644   4.675628  -0.000016    36.1093    36.1096     5.1644    26.2274    26.2277         23  0.000e+00
      12051 290.658161  -36.66898  -48.62654      0.429    1516.20      5.371      5.332    17.5717    17.5738     0.0021    17.5708    17.5729     0.0021   4.675493   4.675676   0.000184    36.1097    36.1095     5.1652    26.2281    26.2274         23  0.000e+00
      12052 290.658161  -36.66898  -48.62654      0.440    1516.20      5.371      5.332    17.5716    17.5737     0.0021    17.5707    17.5728     0.0021   4.675520   4.675628   0.000107    36.1101    36.1091     5.1695    26.2284    26.2272         23  0.000e+00
      12053 290.658162  -36.66898  -48.62654      0.453    1516.20      5.371      5.332    17.5729    17.5738     0.0009    17.5720    17.5729     0.0009   4.675692   4.675579  -0.000113    36.1104    36.1086     5.1698    26.2283    26.2268         23  0.000e+00
      12054 290.658162  -36.66898  -48.62654      0.464    1516.20      5.428      5.388    17.5757    17.5732    -0.0025    17.5748    17.5723    -0.0025   4.676036   4.675628  -0.000408    36.1108    36.1095     5.1700    26.2280    26.2276         23  0.000e+00
      12055 290.658163  -36.66898  -48.62654      0.477    1516.20      5.436      5.396    17.5791    17.5740    -0.0051    17.5782    17.5731    -0.0051   4.676428   4.675795  -0.000633    36.1112    36.1102     5.1699    26.2275    26.2280         23  0.000e+00
      12056 290.658163  -36.66898  -48.62654      0.483    1516.20      5.428      5.388    17.5820    17.5769    -0.0051    17.5811    17.5760    -0.0051   4.676703   4.676234  -0.000469    36.1110    36.1115     5.1736    26.2266    26.2282         23  0.000e+00
      12057 290.658164  -36.66898  -48.62654      0.491    1516.20      5.428      5.388    17.5839    17.5807    -0.0032    17.5830    17.5798    -0.0032   4.676882   4.676660  -0.000222    36.1108    36.1117     5.1739    26.2260    26.2275         23  0.000e+00
      12058 290.658164  -36.66898  -48.62654      0.501    1516.20      5.484      5.443    17.5853    17.5829    -0.0023    17.5844    17.5820    -0.0023   4.676950   4.676757  -0.000193    36.1102    36.1106     5.1745    26.2252    26.2261         23  0.000e+00
      12059 290.658165  -36.66898  -48.62654      0.508    1516.20      5.484      5.443    17.5861    17.5840    -0.0021    17.5852    17.5831    -0.0021   4.677047   4.676820  -0.000227    36.1103    36.1102     5.1750    26.2250    26.2255         23  0.000e+00
      12060 290.658165  -36.66898  -48.62654      0.509    1516.20      5.484      5.443    17.5868    17.5849    -0.0020    17.5859    17.5839    -0.0020   4.677143   4.676757  -0.000386    36.1105    36.1089     5.1792    26.2251    26.2243         23  0.000e+00
      12061 290.658166  -36.66898  -48.62654      0.516    1516.20      5.548      5.507    17.5877    17.5833    -0.0044    17.5868    17.5824    -0.0044   4.677191   4.676541  -0.000650    36.1101    36.1084     5.1796    26.2245    26.2243         23  0.000e+00
      12062 290.658166  -36.66898  -48.62654      0.516    1516.20      5.484      5.443    17.5874    17.5835    -0.0039    17.5864    17.5825    -0.0039   4.677171   4.676632  -0.000539    36.1103    36.1090     5.1799    26.2247    26.2248         23  0.000e+00
      12063 290.658166  -36.66898  -48.62654      0.519    1516.20      5.548      5.507    17.5868    17.5842    -0.0026    17.5859    17.5833    -0.0026   4.677040   4.676646  -0.000394    36.1096    36.1085     5.1803    26.2244    26.2242         23  0.000e+00
      12064 290.658167  -36.66898  -48.62654      0.519    1516.20      5.548      5.507    17.5844    17.5835    -0.0010    17.5835    17.5825    -0.0010   4.676669   4.676548  -0.000120    36.1085    36.1083     5.1808    26.2241    26.2242         23  0.000e+00
      12065 290.658167  -36.66898  -48.62654      0.516    1516.20      5.548      5.507    17.5791    17.5819     0.0028    17.5782    17.5810     0.0028   4.676180   4.676283   0.000103    36.1090    36.1074     5.1814    26.2258    26.2239         23  0.000e+00
      12066 290.658168  -36.66898  -48.62654      0.515    1516.20      5.548      5.507    17.5757    17.5796     0.0039    17.5747    17.5786     0.0039   4.675905   4.676025   0.000120    36.1097    36.1072     5.1820    26.2271    26.2243         23  0.000e+00
      12067 290.658168  -36.66898  -48.62654      0.515    1516.20      5.613      5.571    17.5747    17.5776     0.0029    17.5737    17.5766     0.0029   4.675823   4.675934   0.000112    36.1098    36.1082     5.1823    26.2275    26.2256         23  0.000e+00
      12068 290.658169  -36.66898  -48.62654      0.509    1516.20      5.548      5.507    17.5745    17.5770     0.0025    17.5735    17.5760     0.0025   4.675850   4.675955   0.000105    36.1103    36.1090     5.1824    26.2279    26.2263         23  0.000e+00
      12069 290.658169  -36.66898  -48.62654      0.501    1516.20      5.548      5.507    17.5747    17.5760     0.0014    17.5737    17.5751     0.0014   4.675885   4.675844  -0.000041    36.1104    36.1088     5.1827    26.2280    26.2264         23  0.000e+00
      12070 290.658170  -36.66898  -48.62654      0.494    1516.20      5.604      5.563    17.5745    17.5758     0.0013    17.5735    17.5748     0.0013   4.675898   4.675837  -0.000062    36.1107    36.1090     5.1827    26.2282    26.2266         23  0.000e+00
      12071 290.658170  -36.66898  -48.62654      0.481    1516.20      5.548      5.507    17.5755    17.5752    -0.0004    17.5746    17.5742    -0.0004   4.676043   4.675788  -0.000255    36.1110    36.1091     5.1825    26.2282    26.2269         23  0.000e+00
      12072 290.658171  -36.66898  -48.62654      0.473    1516.20      5.604      5.563    17.5760    17.5750    -0.0010    17.5750    17.5740    -0.0010   4.676063   4.675767  -0.000296    36.1107    36.1091     5.1822    26.2279    26.2269         23  0.000e+00
      12073 290.658171  -36.66898  -48.62654      0.462    1516.20      5.604      5.563    17.5757    17.5749    -0.0008    17.5747    17.5739    -0.0008   4.676022   4.675739  -0.000283    36.1107    36.1089     5.1820    26.2279    26.2268         23  0.000e+00
      12074 290.658172  -36.66898  -48.62654      0.450    1516.20      5.604      5.563    17.5759    17.5748    -0.0011    17.5749    17.5739    -0.0011   4.676015   4.675753  -0.000262    36.1104    36.1091     5.1816    26.2277    26.2269         23  0.000e+00
      12075 290.658172  -36.66898  -48.62654      0.439    1516.20      5.604      5.563    17.5760    17.5749    -0.0011    17.5750    17.5739    -0.0011   4.676015   4.675746  -0.000269    36.1103    36.1090     5.1815    26.2276    26.2268         23  0.000e+00
      12076 290.658173  -36.66898  -48.62654      0.423    1516.20      5.548      5.507    17.5759    17.5746    -0.0012    17.5749    17.5737    -0.0012   4.676043   4.675760  -0.000283    36.1107    36.1093     5.1849    26.2279    26.2272         23  0.000e+00
      12077 290.658173  -36.66898  -48.62654      0.412    1516.20      5.604      5.563    17.5762    17.5747    -0.0015    17.5752    17.5738    -0.0015   4.676029   4.675739  -0.000290    36.1103    36.1091     5.1812    26.2275    26.2269         23  0.000e+00
      12078 290.658174  -36.66898  -48.62654      0.393    1516.20      5.612      5.571    17.5759    17.5746    -0.0012    17.5749    17.5737    -0.0012   4.675981   4.675753  -0.000228    36.1101    36.1093     5.1809    26.2275    26.2271         23  0.000e+00
      12079 290.658174  -36.66898  -48.62654      0.378    1516.20      5.548      5.507    17.5759    17.5750    -0.0009    17.5749    17.5740    -0.0009   4.676036   4.675858  -0.000178    36.1106    36.1099     5.1804    26.2278    26.2275         23  0.000e+00
      12080 290.658175  -36.66898  -48.62654      0.361    1516.20      5.604      5.563    17.5757    17.5765     0.0008    17.5747    17.5755     0.0008   4.676077   4.676039  -0.000038    36.1111    36.1101     5.1799    26.2283    26.2273         23  0.000e+00
      12081 290.658175  -36.66898  -48.62654      0.346    1516.20      5.604      5.563    17.5774    17.5772    -0.0002    17.5764    17.5763    -0.0002   4.676180   4.676172  -0.000009    36.1105    36.1106     5.1792    26.2274    26.2275         23  0.000e+00
      12082 290.658176  -36.66898  -48.62654      0.330    1516.20      5.604      5.563    17.5781    17.5782     0.0001    17.5771    17.5772     0.0001   4.676270   4.676172  -0.000098    36.1107    36.1097     5.1785    26.2274    26.2266         23  0.000e+00
      12083 290.658176  -36.66898  -48.62654      0.315    1516.20      5.604      5.563    17.5779    17.5784     0.0005    17.5770    17.5775     0.0005   4.676228   4.676165  -0.000064    36.1105    36.1094     5.1781    26.2272    26.2263         23  0.000e+00
      12084 290.658177  -36.66898  -48.62654      0.298    1516.20      5.604      5.563    17.5770    17.5784     0.0013    17.5761    17.5774     0.0013   4.676091   4.676192   0.000102    36.1101    36.1097     5.1814    26.2271    26.2266         23  0.000e+00
      12085 290.658177  -36.66898  -48.62654      0.280    1516.20      5.548      5.507    17.5764    17.5786     0.0023    17.5754    17.5777     0.0023   4.676118   4.676206   0.000088    36.1109    36.1097     5.1811    26.2279    26.2264         23  0.000e+00
      12086 290.658178  -36.66898  -48.62654      0.265    1516.20      5.604      5.563    17.5776    17.5787     0.0011    17.5766    17.5778     0.0011   4.676222   4.676206  -0.000015    36.1107    36.1096     5.1770    26.2275    26.2263         23  0.000e+00
      12087 290.658178  -36.66898  -48.62654      0.248    1516.20      5.548      5.507    17.5776    17.5790     0.0014    17.5766    17.5780     0.0014   4.676222   4.676206  -0.000015    36.1107    36.1094     5.1762    26.2275    26.2261         23  0.000e+00
      12088 290.658179  -36.66898  -48.62654      0.230    1516.20      5.548      5.507    17.5769    17.5786     0.0017    17.5759    17.5777     0.0017   4.676180   4.676116  -0.000065    36.1110    36.1089     5.1756    26.2279    26.2258         23  0.000e+00
      12089 290.658179  -36.66898  -48.62654      0.214    1516.20      5.669      5.627    17.5774    17.5778     0.0005    17.5764    17.5769     0.0005   4.676229   4.675962  -0.000266    36.1109    36.1082     5.1748    26.2277    26.2255         23  0.000e+00
