Pos-Processados/process_op41/operantar41_021.ros
* Sea-Bird SBE 9 Data File:
* FileName = C:\Users\Dell\Desktop\OperantarXLI\config\00_BRUTOS\OPE41021.hdr
* Software Version Seasave V 7.26.7.110
* Temperature SN = 6497
* Conductivity SN = 4954
* Number of Bytes Per Scan = 34
* Number of Voltage Words = 3
* Number of Scans Averaged by the Deck Unit = 1
* NMEA Latitude = 62 21.63 S
* NMEA Longitude = 057 56.66 W
* NMEA UTC (Time) = Nov 11 2022 10:57:30
* NMEA baud rate = 4800
** H41
** Navio Polar Almirante Maximiano
** LH-021/2022
** Operantar XLI
** Número da Estação 021
** Latitude 62 21.943S
** Longitude 057 58.115W
** Data/Hora (Z) 11/11/2022  1100Z
** Profundidade local 1900
** 09-1439
** Nome do Operador 1T FILIPE LOPES
# nquan = 24
# nvalues = 1142                                  
# units = specified
# name 0 = scan: Scan Count
# name 1 = timeJ: Julian Days
# name 2 = latitude: Latitude [deg]
# name 3 = longitude: Longitude [deg]
# name 4 = dz/dtM: Descent Rate [m/s]
# name 5 = avgsvCM: Average Sound Velocity [Chen-Millero, m/s]
# name 6 = prDM: Pressure, Digiquartz [db]
# name 7 = depSM: Depth [salt water, m]
# name 8 = t090C: Temperature [ITS-90, deg C]
# name 9 = t190C: Temperature, 2 [ITS-90, deg C]
# name 10 = T2-T190C: Temperature Difference, 2 - 1 [ITS-90, deg C]
# name 11 = potemp090C: Potential Temperature [ITS-90, deg C]
# name 12 = potemp190C: Potential Temperature, 2 [ITS-90, deg C]
# name 13 = potemp90Cdiff: Potential Temperature, Diff, 2 - 1 [ITS-90, deg C]
# name 14 = c0S/m: Conductivity [S/m]
# name 15 = c1S/m: Conductivity, 2 [S/m]
# name 16 = C2-C1S/m: Conductivity Difference, 2 - 1 [S/m]
# name 17 = sal00: Salinity, Practical [PSU]
# name 18 = sal11: Salinity, Practical, 2 [PSU]
# name 19 = sbeox0ML/L: Oxygen, SBE 43 [ml/l]
# name 20 = sigma-é00: Density [sigma-theta, kg/m^3]
# name 21 = sigma-é11: Density, 2 [sigma-theta, kg/m^3]
# name 22 = nbf: Bottles Fired
# name 23 = flag:  0.000e+00
# interval = seconds: 0.0416667
# start_time = Nov 11 2022 10:57:30 [NMEA time, header]
# bad_flag = -9.990e-29
*END*
[from data line 725]
     118585 315.513785  -62.35268  -57.87978      0.274    1459.49    218.349    216.137    -0.5343    -0.5350    -0.0007    -0.5413    -0.5420    -0.0007   2.827941   2.827724  -0.000218    34.4621    34.4600     6.2438    27.6983    27.6966          9  0.000e+00
     118586 315.513785  -62.35268  -57.87978      0.288    1459.49    218.390    216.177    -0.5340    -0.5386    -0.0046    -0.5410    -0.5456    -0.0046   2.827936   2.827329  -0.000607    34.4616    34.4587     6.2499    27.6979    27.6958          9  0.000e+00
     118587 315.513786  -62.35268  -57.87978      0.293    1459.49    218.293    216.081    -0.5345    -0.5431    -0.0087    -0.5415    -0.5502    -0.0087   2.827936   2.826894  -0.001042    34.4622    34.4581     6.2505    27.6984    27.6955          9  0.000e+00
     118588 315.513786  -62.35268  -57.87978      0.307    1459.49    218.414    216.201    -0.5344    -0.5480    -0.0137    -0.5414    -0.5551    -0.0136   2.827975   2.826510  -0.001465    34.4626    34.4584     6.2513    27.6988    27.6960          9  0.000e+00
     118589 315.513787  -62.35268  -57.87978      0.320    1459.49    218.414    216.201    -0.5343    -0.5530    -0.0187    -0.5413    -0.5600    -0.0187   2.827930   2.826121  -0.001809    34.4619    34.4588     6.2454    27.6982    27.6965          9  0.000e+00
     118590 315.513787  -62.35268  -57.87978      0.332    1459.49    218.446    216.233    -0.5347    -0.5578    -0.0230    -0.5418    -0.5648    -0.0230   2.827812   2.825772  -0.002040    34.4608    34.4595     6.2519    27.6973    27.6973          9  0.000e+00
     118591 315.513788  -62.35268  -57.87978      0.349    1459.49    218.535    216.321    -0.5361    -0.5609    -0.0248    -0.5431    -0.5679    -0.0247   2.827733   2.825595  -0.002138    34.4612    34.4606     6.2531    27.6977    27.6983          9  0.000e+00
     118592 315.513788  -62.35268  -57.87978      0.360    1459.49    218.471    216.257    -0.5369    -0.5630    -0.0262    -0.5439    -0.5700    -0.0261   2.827643   2.825417  -0.002225    34.4609    34.4607     6.2541    27.6975    27.6985          9  0.000e+00
     118593 315.513789  -62.35268  -57.87978      0.371    1459.49    218.511    216.297    -0.5383    -0.5648    -0.0265    -0.5454    -0.5718    -0.0264   2.827496   2.825337  -0.002159    34.4606    34.4616     6.2542    27.6973    27.6993          9  0.000e+00
     118594 315.513789  -62.35268  -57.87978      0.382    1459.49    218.535    216.321    -0.5406    -0.5661    -0.0255    -0.5476    -0.5731    -0.0255   2.827315   2.825223  -0.002093    34.4607    34.4615     6.2545    27.6975    27.6993          9  0.000e+00
     118595 315.513790  -62.35268  -57.87978      0.393    1459.49    218.535    216.321    -0.5429    -0.5669    -0.0240    -0.5499    -0.5739    -0.0240   2.827045   2.825206  -0.001839    34.4597    34.4622     6.2548    27.6968    27.6999          9  0.000e+00
     118596 315.513790  -62.35268  -57.87978      0.404    1459.49    218.592    216.377    -0.5477    -0.5675    -0.0198    -0.5547    -0.5745    -0.0198   2.826656   2.825194  -0.001462    34.4598    34.4627     6.2556    27.6971    27.7003          9  0.000e+00
     118597 315.513791  -62.35268  -57.87978      0.411    1459.49    218.568    216.353    -0.5520    -0.5678    -0.0159    -0.5590    -0.5748    -0.0158   2.826436   2.825160  -0.001276    34.4618    34.4626     6.2562    27.6989    27.7002          9  0.000e+00
     118598 315.513791  -62.35268  -57.87978      0.418    1459.49    218.648    216.433    -0.5547    -0.5678    -0.0131    -0.5618    -0.5748    -0.0131   2.826255   2.825183  -0.001073    34.4625    34.4629     6.2565    27.6995    27.7004          9  0.000e+00
     118599 315.513791  -62.35268  -57.87978      0.430    1459.49    218.648    216.433    -0.5575    -0.5681    -0.0106    -0.5645    -0.5751    -0.0106   2.826007   2.825177  -0.000830    34.4623    34.4631     6.2580    27.6995    27.7007          9  0.000e+00
     118600 315.513792  -62.35268  -57.87978      0.437    1459.49    218.648    216.433    -0.5597    -0.5682    -0.0085    -0.5667    -0.5752    -0.0084   2.825861   2.825097  -0.000764    34.4628    34.4621     6.2583    27.7000    27.6998          9  0.000e+00
     118601 315.513792  -62.35268  -57.87978      0.447    1459.49    218.745    216.528    -0.5602    -0.5682    -0.0080    -0.5672    -0.5752    -0.0080   2.825816   2.825143  -0.000673    34.4626    34.4627     6.2517    27.6999    27.7003          9  0.000e+00
     118602 315.513793  -62.35268  -57.87978      0.457    1459.49    218.713    216.497    -0.5602    -0.5686    -0.0084    -0.5672    -0.5756    -0.0084   2.825866   2.825080  -0.000787    34.4633    34.4624     6.2571    27.7005    27.7001          9  0.000e+00
     118603 315.513793  -62.35268  -57.87978      0.461    1459.49    218.713    216.497    -0.5602    -0.5691    -0.0089    -0.5672    -0.5761    -0.0089   2.825788   2.825080  -0.000708    34.4623    34.4629     6.2571    27.6996    27.7005          9  0.000e+00
     118604 315.513794  -62.35268  -57.87978      0.469    1459.49    218.745    216.528    -0.5613    -0.5694    -0.0081    -0.5683    -0.5764    -0.0081   2.825714   2.825028  -0.000686    34.4626    34.4625     6.2506    27.6999    27.7002          9  0.000e+00
     118605 315.513794  -62.35268  -57.87978      0.478    1459.49    218.834    216.616    -0.5614    -0.5697    -0.0083    -0.5684    -0.5767    -0.0083   2.825720   2.824994  -0.000726    34.4626    34.4624     6.2495    27.7000    27.7001          9  0.000e+00
     118606 315.513795  -62.35268  -57.87978      0.482    1459.49    218.770    216.552    -0.5611    -0.5696    -0.0086    -0.5681    -0.5766    -0.0086   2.825788   2.825022  -0.000765    34.4633    34.4627     6.2561    27.7005    27.7004          9  0.000e+00
     118607 315.513795  -62.35268  -57.87978      0.491    1459.49    218.891    216.672    -0.5612    -0.5699    -0.0086    -0.5682    -0.5769    -0.0086   2.825771   2.825023  -0.000748    34.4632    34.4629     6.2508    27.7004    27.7006          9  0.000e+00
     118608 315.513796  -62.35268  -57.87978      0.494    1459.49    218.810    216.592    -0.5611    -0.5697    -0.0086    -0.5681    -0.5767    -0.0086   2.825793   2.825011  -0.000782    34.4633    34.4626     6.2497    27.7005    27.7003          9  0.000e+00
     118609 315.513796  -62.35268  -57.87978      0.501    1459.49    218.891    216.672    -0.5605    -0.5700    -0.0095    -0.5675    -0.5770    -0.0095   2.825844   2.824988  -0.000856    34.4633    34.4626     6.2487    27.7004    27.7003          9  0.000e+00
     118610 315.513797  -62.35268  -57.87978      0.506    1459.49    218.891    216.672    -0.5606    -0.5699    -0.0092    -0.5677    -0.5769    -0.0092   2.825799   2.824971  -0.000828    34.4629    34.4622     6.2545    27.7001    27.7000          9  0.000e+00
     118611 315.513797  -62.35268  -57.87978      0.508    1459.49    218.931    216.712    -0.5614    -0.5704    -0.0091    -0.5684    -0.5774    -0.0091   2.825720   2.824920  -0.000800    34.4626    34.4621     6.2483    27.6999    27.7000          9  0.000e+00
     118612 315.513798  -62.35268  -57.87978      0.512    1459.49    218.947    216.728    -0.5615    -0.5712    -0.0097    -0.5685    -0.5782    -0.0096   2.825742   2.824788  -0.000955    34.4631    34.4612     6.2475    27.7003    27.6992          9  0.000e+00
     118613 315.513798  -62.35268  -57.87978      0.513    1459.49    218.947    216.728    -0.5617    -0.5730    -0.0112    -0.5687    -0.5799    -0.0112   2.825816   2.824662  -0.001154    34.4643    34.4615     6.2468    27.7013    27.6996          9  0.000e+00
     118614 315.513799  -62.35268  -57.87978      0.516    1459.49    218.947    216.728    -0.5606    -0.5747    -0.0141    -0.5676    -0.5816    -0.0141   2.825816   2.824513  -0.001302    34.4630    34.4614     6.2459    27.7002    27.6996          9  0.000e+00
     118615 315.513799  -62.35268  -57.87978      0.515    1459.49    218.988    216.768    -0.5606    -0.5759    -0.0153    -0.5676    -0.5828    -0.0152   2.825810   2.824382  -0.001428    34.4629    34.4610     6.2452    27.7001    27.6993          9  0.000e+00
     118616 315.513800  -62.35268  -57.87978      0.519    1459.49    219.012    216.792    -0.5612    -0.5779    -0.0167    -0.5682    -0.5849    -0.0166   2.825726   2.824244  -0.001481    34.4625    34.4615     6.2447    27.6998    27.6998          9  0.000e+00
     118617 315.513800  -62.35268  -57.87978      0.518    1459.49    219.012    216.792    -0.5628    -0.5795    -0.0166    -0.5698    -0.5864    -0.0166   2.825618   2.824073  -0.001546    34.4628    34.4609     6.2444    27.7002    27.6994          9  0.000e+00
     118618 315.513801  -62.35268  -57.87978      0.520    1459.49    219.044    216.824    -0.5637    -0.5812    -0.0174    -0.5707    -0.5881    -0.0174   2.825534   2.823981  -0.001553    34.4627    34.4616     6.2441    27.7001    27.7000          9  0.000e+00
     118619 315.513801  -62.35268  -57.87978      0.518    1459.49    219.069    216.848    -0.5651    -0.5826    -0.0175    -0.5721    -0.5896    -0.0175   2.825455   2.823833  -0.001623    34.4632    34.4612     6.2439    27.7006    27.6998          9  0.000e+00
     118620 315.513802  -62.35268  -57.87978      0.519    1459.49    219.133    216.912    -0.5658    -0.5842    -0.0184    -0.5728    -0.5912    -0.0184   2.825275   2.823724  -0.001551    34.4616    34.4616     6.2503    27.6993    27.7001          9  0.000e+00
     118621 315.513802  -62.35268  -57.87978      0.516    1459.49    219.012    216.792    -0.5681    -0.5856    -0.0175    -0.5751    -0.5926    -0.0174   2.825043   2.823564  -0.001480    34.4611    34.4611     6.2524    27.6991    27.6998          9  0.000e+00
     118622 315.513803  -62.35268  -57.87978      0.516    1459.49    219.109    216.888    -0.5701    -0.5876    -0.0175    -0.5771    -0.5946    -0.0174   2.824903   2.823421  -0.001482    34.4615    34.4613     6.2536    27.6994    27.7001          9  0.000e+00
     118623 315.513803  -62.35268  -57.87978      0.515    1459.49    219.133    216.912    -0.5711    -0.5897    -0.0186    -0.5781    -0.5966    -0.0185   2.824880   2.823220  -0.001660    34.4622    34.4610     6.2489    27.7001    27.6999          9  0.000e+00
     118624 315.513804  -62.35268  -57.87978      0.513    1459.49    219.190    216.968    -0.5720    -0.5913    -0.0193    -0.5790    -0.5983    -0.0193   2.824818   2.823049  -0.001769    34.4623    34.4605     6.2500    27.7002    27.6996          9  0.000e+00
     118625 315.513804  -62.35268  -57.87978      0.506    1459.49    219.109    216.888    -0.5728    -0.5929    -0.0201    -0.5798    -0.5999    -0.0201   2.824739   2.823014  -0.001725    34.4623    34.4619     6.2498    27.7002    27.7008          9  0.000e+00
     118626 315.513804  -62.35268  -57.87978      0.507    1459.49    219.190    216.968    -0.5732    -0.5943    -0.0211    -0.5802    -0.6012    -0.0210   2.824638   2.822894  -0.001743    34.4613    34.4618     6.2499    27.6994    27.7007          9  0.000e+00
     118627 315.513805  -62.35268  -57.87978      0.507    1459.49    219.190    216.968    -0.5752    -0.5955    -0.0203    -0.5822    -0.6025    -0.0203   2.824514   2.822831  -0.001682    34.4619    34.4624     6.2578    27.7000    27.7013          9  0.000e+00
     118628 315.513805  -62.35268  -57.87976      0.503    1459.49    219.190    216.968    -0.5765    -0.5970    -0.0205    -0.5835    -0.6039    -0.0205   2.824497   2.822626  -0.001871    34.4631    34.4612     6.2524    27.7010    27.7004          9  0.000e+00
     118629 315.513806  -62.35268  -57.87976      0.492    1459.49    219.166    216.944    -0.5774    -0.5979    -0.0205    -0.5844    -0.6048    -0.0204   2.824423   2.822597  -0.001827    34.4632    34.4619     6.2525    27.7012    27.7010          9  0.000e+00
     118630 315.513806  -62.35268  -57.87976      0.496    1459.49    219.311    217.088    -0.5774    -0.5982    -0.0208    -0.5844    -0.6051    -0.0207   2.824401   2.822494  -0.001907    34.4628    34.4607     6.2527    27.7008    27.7001          9  0.000e+00
     118631 315.513807  -62.35268  -57.87976      0.488    1459.49    219.190    216.968    -0.5774    -0.5988    -0.0214    -0.5844    -0.6057    -0.0213   2.824390   2.822511  -0.001878    34.4627    34.4617     6.2515    27.7008    27.7009          9  0.000e+00
     118632 315.513807  -62.35268  -57.87976      0.478    1459.49    219.166    216.944    -0.5778    -0.5991    -0.0213    -0.5847    -0.6060    -0.0213   2.824339   2.822431  -0.001908    34.4625    34.4610     6.2516    27.7006    27.7003          9  0.000e+00
     118633 315.513808  -62.35268  -57.87976      0.474    1459.49    219.311    217.088    -0.5788    -0.5993    -0.0205    -0.5858    -0.6063    -0.0205   2.824181   2.822437  -0.001744    34.4614    34.4612     6.2520    27.6998    27.7005          9  0.000e+00
     118634 315.513808  -62.35268  -57.87976      0.468    1459.49    219.254    217.032    -0.5798    -0.5991    -0.0192    -0.5868    -0.6060    -0.0192   2.824136   2.822471  -0.001665    34.4620    34.4615     6.2512    27.7003    27.7007          9  0.000e+00
     118635 315.513809  -62.35268  -57.87976      0.462    1459.49    219.254    217.032    -0.5797    -0.5983    -0.0186    -0.5867    -0.6053    -0.0186   2.824215   2.822483  -0.001732    34.4630    34.4608     6.2512    27.7011    27.7001          9  0.000e+00
     118636 315.513809  -62.35268  -57.87976      0.443    1459.49    219.166    216.944    -0.5802    -0.5975    -0.0174    -0.5872    -0.6045    -0.0173   2.824125   2.822500  -0.001625    34.4623    34.4602     6.2515    27.7006    27.6996          9  0.000e+00
     118637 315.513810  -62.35268  -57.87976      0.441    1459.49    219.368    217.144    -0.5825    -0.5972    -0.0148    -0.5895    -0.6042    -0.0147   2.823961   2.822568  -0.001393    34.4626    34.4607     6.2523    27.7009    27.7000          9  0.000e+00
     118638 315.513810  -62.35268  -57.87976      0.430    1459.49    219.254    217.032    -0.5833    -0.5968    -0.0135    -0.5902    -0.6037    -0.0135   2.823905   2.822585  -0.001319    34.4628    34.4604     6.2515    27.7011    27.6998          9  0.000e+00
     118639 315.513811  -62.35268  -57.87976      0.421    1459.49    219.287    217.064    -0.5830    -0.5970    -0.0140    -0.5899    -0.6039    -0.0140   2.823837   2.822586  -0.001252    34.4616    34.4606     6.2451    27.7001    27.6999          9  0.000e+00
     118640 315.513811  -62.35268  -57.87976      0.417    1459.49    219.311    217.088    -0.5849    -0.5974    -0.0125    -0.5919    -0.6043    -0.0124   2.823696   2.822505  -0.001191    34.4619    34.4600     6.2448    27.7004    27.6994          9  0.000e+00
     118641 315.513812  -62.35268  -57.87976      0.404    1459.49    219.254    217.032    -0.5868    -0.5979    -0.0111    -0.5938    -0.6048    -0.0111   2.823572   2.822420  -0.001153    34.4624    34.4594     6.2445    27.7009    27.6990          9  0.000e+00
     118642 315.513812  -62.35268  -57.87976      0.394    1459.49    219.311    217.088    -0.5881    -0.5977    -0.0096    -0.5951    -0.6047    -0.0095   2.823488   2.822420  -0.001068    34.4627    34.4592     6.2442    27.7012    27.6988          9  0.000e+00
     118643 315.513813  -62.35268  -57.87976      0.383    1459.49    219.287    217.064    -0.5884    -0.5968    -0.0083    -0.5954    -0.6037    -0.0083   2.823471   2.822505  -0.000965    34.4629    34.4593     6.2438    27.7014    27.6989          9  0.000e+00
