Pos-Processados/process_op41/operantar41_015.cnv
* Sea-Bird SBE 9 Data File:
* FileName = C:\Users\Dell\Desktop\OperantarXLI\config\OP41015.hdr
* Software Version Seasave V 7.26.7.110
* Temperature SN = 6497
* Conductivity SN = 4954
* Number of Bytes Per Scan = 31
* Number of Voltage Words = 2
* Number of Scans Averaged by the Deck Unit = 1
* NMEA Latitude = 62 08.82 S
* NMEA Longitude = 058 24.51 W
* NMEA UTC (Time) = Nov 09 2022 12:07:14
* NMEA baud rate = 4800
** H41
** Navio Polar Almirante Maximiano
** LH-021/2022
** Operantar XLI
** Número da Estação 0015
** Latitude 62 8,825 S
** Longitude 58 24,511 W
** Data/Hora (Z) 09/11/22 1207Z
** Profundidade local 450
** 09-1439
** Nome do Operador CT GARLA
# nquan = 30
# nvalues = 824                         
# units = specified
# name 0 = scan: Scan Count
# name 1 = timeJ: Julian Days
# name 2 = latitude: Latitude [deg]
# name 3 = longitude: Longitude [deg]
# name 4 = dz/dtM: Descent Rate [m/s]
# name 5 = avgsvCM: Average Sound Velocity [Chen-Millero, m/s]
# name 6 = prDM: Pressure, Digiquartz [db]
# name 7 = depSM: Depth [salt water, m]
# name 8 = t090C: Temperature [ITS-90, deg C]
# name 9 = t190C: Temperature, 2 [ITS-90, deg C]
# name 10 = T2-T190C: Temperature Difference, 2 - 1 [ITS-90, deg C]
# name 11 = potemp090C: Potential Temperature [ITS-90, deg C]
# name 12 = potemp190C: Potential Temperature, 2 [ITS-90, deg C]
# name 13 = potemp90Cdiff: Potential Temperature, Diff, 2 - 1 [ITS-90, deg C]
# name 14 = c0S/m: Conductivity [S/m]
# name 15 = c1S/m: Conductivity, 2 [S/m]
# name 16 = C2-C1S/m: Conductivity Difference, 2 - 1 [S/m]
# name 17 = sal00: Salinity, Practical [PSU]
# name 18 = sal11: Salinity, Practical, 2 [PSU]
# name 19 = sbeox0ML/L: Oxygen, SBE 43 [ml/l]
# name 20 = sigma-é00: Density [sigma-theta, kg/m^3]
# name 21 = sigma-é11: Density, 2 [sigma-theta, kg/m^3]
# name 22 = sal00: Salinity, Practical [PSU]
# name 23 = sigma-é00: Density [sigma-theta, kg/m^3]
# name 24 = svCM: Sound Velocity [Chen-Millero, m/s]
# name 25 = svCM1: Sound Velocity, 2 [Chen-Millero, m/s]
# name 26 = gsw_ptA0: potential temperature [ITS-90, deg C]
# name 27 = gsw_densityA0: density, TEOS-10 [density, kg/m^3]
# name 28 = gsw_saA0: Absolute Salinity [g/kg]
# name 29 = flag:
# span 0 =       2702,      27959       
# span 1 = 313.506326, 313.518506       
# span 2 =  -62.14736,  -62.14710       
# span 3 =  -58.40860,  -58.40822       
# span 4 =     -1.305,      1.213       
# span 5 =       0.00,    1450.84       
# span 6 =      0.000,    412.000       
# span 7 =     -0.017,    407.632       
# span 8 =    -0.2550,    -0.0538       
# span 9 =    -0.2551,    -0.0573       
# span 10 =    -0.0094,     0.0196      
# span 11 =    -0.2654,    -0.0539      
# span 12 =    -0.2654,    -0.0573      
# span 13 =    -0.0094,     0.0196      
# span 14 =   2.799464,   2.856376      
# span 15 =   2.737882,   2.856426      
# span 16 =  -0.060320,   0.003990      
# span 17 =    33.7190,    34.3646      
# span 18 =    32.8992,    34.3653      
# span 19 =     6.4937,     8.4323      
# span 20 =    27.0764,    27.6049      
# span 21 =    26.4137,    27.6055      
# span 22 =    33.7133,    34.3647      
# span 23 =    27.0719,    27.6050      
# span 24 =    1447.03,    1454.01      
# span 25 =    1446.00,    1454.01      
# span 26 =    -0.2652,    -0.0539      
# span 27 =  1027.0812,  1029.5673      
# span 28 =    33.8760,    34.5324      
# span 29 = 0.0000e+00, 0.0000e+00      
# interval = decibars: 1                
# start_time = Nov 09 2022 12:07:14 [NMEA time, header]
# bad_flag = -9.990e-29
*END*
[from data line 242]
      11094 313.510373  -62.14712  -58.40860      0.906    1449.18    242.000    239.538    -0.1732    -0.1711     0.0021    -0.1817    -0.1796     0.0021   2.840610   2.840838   0.000219    34.2106    34.2112     7.3980    27.4781    27.4785    34.2100    27.4776    1451.22    1451.23    -0.1816  1028.6357    34.3769 0.0000e+00
      11122 313.510386  -62.14712  -58.40860      0.845    1449.18    243.000    240.527    -0.1736    -0.1745    -0.0010    -0.1821    -0.1831    -0.0010   2.840581   2.840566  -0.000012    34.2102    34.2112     7.3952    27.4778    27.4786    34.2094    27.4772    1451.23    1451.23    -0.1820  1028.6401    34.3764 0.0000e+00
      11147 313.510398  -62.14712  -58.40860      0.917    1449.18    244.000    241.516    -0.1778    -0.1776     0.0002    -0.1864    -0.1862     0.0002   2.840314   2.840376   0.000062    34.2107    34.2112     7.3975    27.4784    27.4788    34.2100    27.4779    1451.23    1451.23    -0.1862  1028.6456    34.3769 0.0000e+00
      11171 313.510410  -62.14712  -58.40858      0.989    1449.18    245.000    242.505    -0.1773    -0.1774    -0.0001    -0.1858    -0.1859    -0.0001   2.840384   2.840447   0.000066    34.2101    34.2111     7.3858    27.4779    27.4787    34.2097    27.4776    1451.25    1451.25    -0.1857  1028.6500    34.3766 0.0000e+00
      11196 313.510422  -62.14712  -58.40858      0.984    1449.41    246.000    243.495    -0.1771    -0.1773    -0.0001    -0.1858    -0.1859    -0.0001   2.840422   2.840465   0.000043    34.2099    34.2106     7.3847    27.4777    27.4783    34.2095    27.4774    1451.26    1451.26    -0.1856  1028.6546    34.3764 0.0000e+00
      11221 313.510434  -62.14712  -58.40858      0.950    1449.61    247.000    244.484    -0.1789    -0.1802    -0.0013    -0.1876    -0.1889    -0.0013   2.840290   2.840224  -0.000047    34.2098    34.2106     7.3872    27.4777    27.4785    34.2091    27.4772    1451.27    1451.27    -0.1874  1028.6591    34.3760 0.0000e+00
      11247 313.510446  -62.14712  -58.40858      0.938    1449.61    248.000    245.473    -0.1837    -0.1841    -0.0004    -0.1924    -0.1928    -0.0004   2.839957   2.840000   0.000041    34.2101    34.2111     7.3794    27.4782    27.4791    34.2095    27.4777    1451.27    1451.26    -0.1923  1028.6644    34.3764 0.0000e+00
      11271 313.510458  -62.14712  -58.40858      0.961    1449.61    249.000    246.462    -0.1861    -0.1867    -0.0005    -0.1949    -0.1954    -0.0005   2.839799   2.839816 -6.888e-07    34.2102    34.2108     7.3835    27.4784    27.4789    34.2095    27.4778    1451.27    1451.27    -0.1947  1028.6693    34.3764 0.0000e+00
      11295 313.510470  -62.14712  -58.40858      0.992    1449.61    250.000    247.452    -0.1869    -0.1869    -0.0000    -0.1956    -0.1957    -0.0000   2.839833   2.839897   0.000065    34.2105    34.2115     7.3849    27.4787    27.4795    34.2102    27.4784    1451.28    1451.28    -0.1955  1028.6747    34.3771 0.0000e+00
      11320 313.510482  -62.14712  -58.40858      0.990    1449.61    251.000    248.441    -0.1865    -0.1864     0.0001    -0.1953    -0.1952     0.0001   2.839931   2.839994   0.000063    34.2106    34.2113     7.3753    27.4788    27.4793    34.2104    27.4786    1451.30    1451.31    -0.1952  1028.6797    34.3774 0.0000e+00
      11346 313.510494  -62.14712  -58.40858      0.948    1449.61    252.000    249.430    -0.1849    -0.1850    -0.0001    -0.1938    -0.1938    -0.0001   2.840113   2.840178   0.000065    34.2107    34.2116     7.3706    27.4787    27.4795    34.2105    27.4786    1451.33    1451.33    -0.1936  1028.6843    34.3774 0.0000e+00
      11373 313.510507  -62.14712  -58.40858      0.905    1449.61    253.000    250.419    -0.1851    -0.1852    -0.0001    -0.1939    -0.1941    -0.0001   2.840159   2.840225   0.000066    34.2109    34.2119     7.3800    27.4789    27.4798    34.2106    27.4787    1451.34    1451.35    -0.1938  1028.6892    34.3776 0.0000e+00
      11398 313.510520  -62.14712  -58.40858      0.913    1449.61    254.000    251.408    -0.1864    -0.1865    -0.0001    -0.1953    -0.1954    -0.0001   2.840163   2.840215   0.000051    34.2118    34.2126     7.3759    27.4798    27.4804    34.2116    27.4796    1451.35    1451.36    -0.1952  1028.6948    34.3786 0.0000e+00
      11423 313.510531  -62.14712  -58.40858      0.956    1449.61    255.000    252.398    -0.1872    -0.1872    -0.0000    -0.1961    -0.1962    -0.0000   2.840189   2.840250   0.000060    34.2124    34.2132     7.3847    27.4803    27.4809    34.2122    27.4801    1451.37    1451.37    -0.1960  1028.7001    34.3792 0.0000e+00
      11448 313.510543  -62.14712  -58.40858      0.979    1449.61    256.000    253.387    -0.1878    -0.1880    -0.0002    -0.1967    -0.1969    -0.0002   2.840235   2.840286   0.000051    34.2131    34.2140     7.3792    27.4808    27.4816    34.2129    27.4807    1451.38    1451.38    -0.1966  1028.7055    34.3799 0.0000e+00
      11473 313.510555  -62.14712  -58.40858      0.965    1449.61    257.000    254.376    -0.1887    -0.1887    -0.0001    -0.1977    -0.1978    -0.0001   2.840244   2.840312   0.000069    34.2136    34.2146     7.3763    27.4813    27.4821    34.2134    27.4811    1451.39    1451.40    -0.1976  1028.7107    34.3804 0.0000e+00
      11498 313.510568  -62.14712  -58.40858      0.949    1449.61    258.000    255.365    -0.1889    -0.1889    -0.0000    -0.1979    -0.1980    -0.0000   2.840363   2.840426   0.000063    34.2147    34.2156     7.3704    27.4822    27.4829    34.2146    27.4822    1451.41    1451.41    -0.1978  1028.7164    34.3817 0.0000e+00
      11524 313.510580  -62.14712  -58.40858      0.942    1449.61    259.000    256.355    -0.1878    -0.1879     0.0000    -0.1969    -0.1969 1.1913e-08   2.840547   2.840600   0.000055    34.2154    34.2161     7.3760    27.4827    27.4833    34.2153    27.4826    1451.43    1451.43    -0.1968  1028.7217    34.3823 0.0000e+00
      11548 313.510592  -62.14712  -58.40858      0.960    1449.61    260.000    257.343    -0.1881    -0.1878     0.0002    -0.1972    -0.1970     0.0002   2.840572   2.840663   0.000088    34.2153    34.2162     7.3675    27.4827    27.4834    34.2153    27.4826    1451.45    1451.45    -0.1971  1028.7264    34.3823 0.0000e+00
      11573 313.510604  -62.14712  -58.40858      0.982    1449.61    261.000    258.333    -0.1874    -0.1871     0.0002    -0.1965    -0.1963     0.0002   2.840704   2.840788   0.000081    34.2156    34.2165     7.3677    27.4829    27.4835    34.2157    27.4829    1451.47    1451.47    -0.1964  1028.7315    34.3827 0.0000e+00
      11597 313.510615  -62.14712  -58.40858      0.980    1449.61    262.000    259.322    -0.1870    -0.1868     0.0002    -0.1962    -0.1960     0.0002   2.840778   2.840856   0.000076    34.2156    34.2164     7.3579    27.4828    27.4835    34.2156    27.4828    1451.49    1451.49    -0.1961  1028.7361    34.3826 0.0000e+00
      11621 313.510627  -62.14712  -58.40858      0.990    1449.61    263.000    260.311    -0.1858    -0.1857     0.0001    -0.1951    -0.1949     0.0001   2.840971   2.841049   0.000082    34.2161    34.2170     7.3732    27.4831    27.4839    34.2163    27.4833    1451.51    1451.51    -0.1949  1028.7414    34.3833 0.0000e+00
      11645 313.510639  -62.14712  -58.40858      1.003    1449.61    264.000    261.300    -0.1850    -0.1852    -0.0001    -0.1943    -0.1945    -0.0001   2.841103   2.841151   0.000051    34.2165    34.2174     7.3671    27.4835    27.4842    34.2166    27.4835    1451.53    1451.53    -0.1942  1028.7463    34.3836 0.0000e+00
      11670 313.510651  -62.14712  -58.40858      0.980    1449.61    265.000    262.289    -0.1857    -0.1859    -0.0002    -0.1950    -0.1953    -0.0002   2.841087   2.841127   0.000038    34.2165    34.2173     7.3670    27.4835    27.4841    34.2165    27.4835    1451.54    1451.54    -0.1949  1028.7510    34.3835 0.0000e+00
      11699 313.510665  -62.14712  -58.40858      0.879    1449.61    266.000    263.279    -0.1863    -0.1864    -0.0001    -0.1957    -0.1958    -0.0001   2.841085   2.841134   0.000047    34.2166    34.2173     7.3604    27.4836    27.4842    34.2166    27.4836    1451.56    1451.56    -0.1955  1028.7559    34.3836 0.0000e+00
      11731 313.510680  -62.14712  -58.40858      0.761    1449.61    267.000    264.267    -0.1862    -0.1863    -0.0001    -0.1955    -0.1957    -0.0001   2.841159   2.841208   0.000051    34.2167    34.2175     7.3565    27.4837    27.4843    34.2167    27.4837    1451.57    1451.57    -0.1954  1028.7607    34.3838 0.0000e+00
      11760 313.510694  -62.14712  -58.40858      0.795    1449.61    268.000    265.256    -0.1858    -0.1858    -0.0000    -0.1952    -0.1952    -0.0000   2.841285   2.841332   0.000048    34.2173    34.2180     7.3632    27.4842    27.4847    34.2174    27.4843    1451.59    1451.59    -0.1951  1028.7660    34.3845 0.0000e+00
      11785 313.510706  -62.14712  -58.40856      0.897    1449.61    269.000    266.246    -0.1863    -0.1863    -0.0000    -0.1958    -0.1958    -0.0000   2.841344   2.841403   0.000057    34.2181    34.2189     7.3645    27.4849    27.4855    34.2182    27.4849    1451.61    1451.61    -0.1956  1028.7714    34.3852 0.0000e+00
      11809 313.510717  -62.14712  -58.40856      0.990    1449.61    270.000    267.235    -0.1925    -0.1925    -0.0001    -0.2020    -0.2020    -0.0001   2.840965   2.841015   0.000047    34.2204    34.2211     7.3647    27.4870    27.4876    34.2194    27.4862    1451.60    1451.60    -0.2018  1028.7776    34.3865 0.0000e+00
      11832 313.510729  -62.14712  -58.40856      1.032    1449.61    271.000    268.224    -0.2022    -0.2022    -0.0000    -0.2117    -0.2117    -0.0000   2.840315   2.840377   0.000060    34.2222    34.2231     7.3640    27.4889    27.4897    34.2210    27.4880    1451.57    1451.57    -0.2116  1028.7841    34.3881 0.0000e+00
      11857 313.510741  -62.14712  -58.40856      0.995    1449.61    272.000    269.213    -0.2152    -0.2153    -0.0001    -0.2247    -0.2248    -0.0001   2.839413   2.839465   0.000057    34.2245    34.2254     7.3587    27.4914    27.4921    34.2231    27.4903    1451.53    1451.53    -0.2246  1028.7913    34.3902 0.0000e+00
      11886 313.510755  -62.14712  -58.40856      0.879    1449.61    273.000    270.202    -0.2201    -0.2200     0.0002    -0.2297    -0.2296     0.0002   2.839175   2.839228   0.000054    34.2257    34.2263     7.3517    27.4927    27.4931    34.2248    27.4919    1451.53    1451.53    -0.2295  1028.7977    34.3919 0.0000e+00
      11917 313.510769  -62.14712  -58.40856      0.787    1449.61    274.000    271.191    -0.2206    -0.2206    -0.0001    -0.2302    -0.2302    -0.0001   2.839184   2.839233   0.000047    34.2256    34.2263     7.3395    27.4925    27.4931    34.2248    27.4919    1451.54    1451.54    -0.2300  1028.8025    34.3919 0.0000e+00
      11945 313.510783  -62.14712  -58.40856      0.818    1449.61    275.000    272.180    -0.2223    -0.2221     0.0003    -0.2320    -0.2317     0.0003   2.839071   2.839163   0.000084    34.2258    34.2265     7.3237    27.4928    27.4934    34.2247    27.4919    1451.55    1451.55    -0.2318  1028.8072    34.3918 0.0000e+00
      11971 313.510796  -62.14712  -58.40856      0.893    1449.61    276.000    273.169    -0.2292    -0.2289     0.0003    -0.2389    -0.2386     0.0003   2.838751   2.838803   0.000059    34.2283    34.2287     7.3197    27.4952    27.4955    34.2275    27.4945    1451.54    1451.54    -0.2387  1028.8147    34.3947 0.0000e+00
      11997 313.510808  -62.14712  -58.40856      0.934    1449.61    277.000    274.158    -0.2316    -0.2316     0.0000    -0.2413    -0.2413     0.0000   2.838789   2.838829   0.000038    34.2310    34.2315     7.3075    27.4974    27.4978    34.2302    27.4968    1451.54    1451.55    -0.2411  1028.8217    34.3973 0.0000e+00
      12023 313.510821  -62.14712  -58.40856      0.920    1449.61    278.000    275.148    -0.2339    -0.2339    -0.0000    -0.2436    -0.2436    -0.0000   2.838828   2.838892   0.000061    34.2332    34.2340     7.3055    27.4994    27.5000    34.2326    27.4988    1451.55    1451.56    -0.2434  1028.8285    34.3997 0.0000e+00
      12049 313.510833  -62.14712  -58.40856      0.918    1449.61    279.000    276.136    -0.2340    -0.2339     0.0000    -0.2437    -0.2437     0.0000   2.838897   2.838967   0.000070    34.2336    34.2345     7.2929    27.4997    27.5004    34.2330    27.4992    1451.57    1451.57    -0.2436  1028.8336    34.4002 0.0000e+00
      12075 313.510846  -62.14712  -58.40856      0.932    1449.61    280.000    277.126    -0.2341    -0.2340     0.0000    -0.2438    -0.2438     0.0000   2.838935   2.839016   0.000079    34.2335    34.2346     7.2822    27.4997    27.5005    34.2330    27.4992    1451.59    1451.59    -0.2437  1028.8384    34.4002 0.0000e+00
      12101 313.510859  -62.14712  -58.40856      0.913    1449.61    281.000    278.115    -0.2345    -0.2343     0.0002    -0.2444    -0.2441     0.0002   2.838955   2.839047   0.000091    34.2337    34.2346     7.2585    27.4998    27.5006    34.2332    27.4994    1451.60    1451.60    -0.2442  1028.8433    34.4004 0.0000e+00
      12129 313.510872  -62.14712  -58.40856      0.876    1449.61    282.000    279.104    -0.2346    -0.2347    -0.0001    -0.2445    -0.2446    -0.0001   2.838983   2.839062   0.000086    34.2334    34.2347     7.2553    27.4996    27.5006    34.2330    27.4993    1451.62    1451.62    -0.2443  1028.8479    34.4002 0.0000e+00
      12154 313.510884  -62.14712  -58.40856      0.905    1449.61    283.000    280.093    -0.2378    -0.2377     0.0001    -0.2477    -0.2476     0.0001   2.838829   2.838907   0.000072    34.2347    34.2356     7.2488    27.5007    27.5015    34.2339    27.5002    1451.62    1451.62    -0.2475  1028.8536    34.4011 0.0000e+00
      12178 313.510895  -62.14712  -58.40856      0.990    1449.61    284.000    281.082    -0.2417    -0.2415     0.0002    -0.2516    -0.2514     0.0002   2.838678   2.838728   0.000048    34.2365    34.2370     7.2612    27.5024    27.5028    34.2357    27.5018    1451.62    1451.62    -0.2514  1028.8600    34.4029 0.0000e+00
      12199 313.510906  -62.14712  -58.40856      1.067    1449.61    285.000    282.071    -0.2514    -0.2510     0.0004    -0.2613    -0.2609     0.0004   2.838260   2.838324   0.000064    34.2415    34.2419     7.2500    27.5069    27.5072    34.2404    27.5061    1451.60    1451.60    -0.2612  1028.8691    34.4077 0.0000e+00
      12221 313.510916  -62.14712  -58.40856      1.107    1449.61    286.000    283.060    -0.2541    -0.2540     0.0002    -0.2641    -0.2639     0.0002   2.838189   2.838263   0.000081    34.2427    34.2436     7.2540    27.5080    27.5087    34.2420    27.5074    1451.60    1451.61    -0.2639  1028.8752    34.4092 0.0000e+00
      12247 313.510929  -62.14712  -58.40856      1.015    1449.61    287.000    284.049    -0.2540    -0.2541    -0.0001    -0.2640    -0.2640    -0.0001   2.838324   2.838382   0.000055    34.2435    34.2444     7.2409    27.5087    27.5094    34.2430    27.5082    1451.62    1451.62    -0.2638  1028.8808    34.4102 0.0000e+00
      12276 313.510943  -62.14712  -58.40856      0.843    1449.61    288.000    285.038    -0.2535    -0.2536    -0.0001    -0.2635    -0.2637    -0.0001   2.838467   2.838513   0.000051    34.2442    34.2450     7.2286    27.5092    27.5098    34.2438    27.5088    1451.64    1451.64    -0.2634  1028.8861    34.4110 0.0000e+00
      12302 313.510955  -62.14712  -58.40856      0.862    1449.61    289.000    286.027    -0.2534    -0.2534    -0.0000    -0.2635    -0.2635    -0.0000   2.838537   2.838590   0.000049    34.2444    34.2451     7.2000    27.5093    27.5099    34.2440    27.5090    1451.66    1451.66    -0.2633  1028.8911    34.4112 0.0000e+00
