Pos-Processados/process_op41/operantar41_010.ros
* Sea-Bird SBE 9 Data File:
* FileName = C:\Users\Dell\Desktop\OperantarXLI\config\00_BRUTOS\OPE41010.hdr
* Software Version Seasave V 7.26.7.110
* Temperature SN = 6497
* Conductivity SN = 4954
* Number of Bytes Per Scan = 31
* Number of Voltage Words = 2
* Number of Scans Averaged by the Deck Unit = 1
* NMEA Latitude = 43 21.18 S
* NMEA Longitude = 052 01.61 W
* NMEA UTC (Time) = Oct 23 2022 09:44:46
* NMEA baud rate = 4800
** H41
** Navio Polar Almirante Maximiano
** LH-021/2022
** Operantar XLI
** Número da Estação 010
** Latitude 43 21.101' S
** Longitude 52 01.366' W
** Data/Hora (Z) 23/10/2022 0903Z
** Profundidade local 5718 m
** 09-1439
** Nome do Operador CT Garla
# nquan = 24
# nvalues = 1533                                  
# units = specified
# name 0 = scan: Scan Count
# name 1 = timeJ: Julian Days
# name 2 = latitude: Latitude [deg]
# name 3 = longitude: Longitude [deg]
# name 4 = dz/dtM: Descent Rate [m/s]
# name 5 = avgsvCM: Average Sound Velocity [Chen-Millero, m/s]
# name 6 = prDM: Pressure, Digiquartz [db]
# name 7 = depSM: Depth [salt water, m]
# name 8 = t090C: Temperature [ITS-90, deg C]
# name 9 = t190C: Temperature, 2 [ITS-90, deg C]
# name 10 = T2-T190C: Temperature Difference, 2 - 1 [ITS-90, deg C]
# name 11 = potemp090C: Potential Temperature [ITS-90, deg C]
# name 12 = potemp190C: Potential Temperature, 2 [ITS-90, deg C]
# name 13 = potemp90Cdiff: Potential Temperature, Diff, 2 - 1 [ITS-90, deg C]
# name 14 = c0S/m: Conductivity [S/m]
# name 15 = c1S/m: Conductivity, 2 [S/m]
# name 16 = C2-C1S/m: Conductivity Difference, 2 - 1 [S/m]
# name 17 = sal00: Salinity, Practical [PSU]
# name 18 = sal11: Salinity, Practical, 2 [PSU]
# name 19 = sbeox0ML/L: Oxygen, SBE 43 [ml/l]
# name 20 = sigma-é00: Density [sigma-theta, kg/m^3]
# name 21 = sigma-é11: Density, 2 [sigma-theta, kg/m^3]
# name 22 = nbf: Bottles Fired
# name 23 = flag:  0.000e+00
# interval = seconds: 0.0416667
# start_time = Oct 23 2022 09:44:46 [NMEA time, header]
# bad_flag = -9.990e-29
*END*
[from data line 1208]
       8825 296.410343  -43.35330  -52.02778     -0.015    1506.09      4.786      4.748    14.4321    14.4326     0.0004    14.4314    14.4319     0.0004   4.298620   4.298556  -0.000064    35.5773    35.5763     5.4887    26.5413    26.5404         21  0.000e+00
       8826 296.410344  -43.35330  -52.02778     -0.017    1506.09      4.730      4.692    14.4320    14.4322     0.0003    14.4313    14.4315     0.0003   4.298593   4.298549  -0.000044    35.5772    35.5765     5.4887    26.5412    26.5407         21  0.000e+00
       8827 296.410344  -43.35330  -52.02778     -0.015    1506.09      4.786      4.748    14.4323    14.4326     0.0003    14.4316    14.4319     0.0003   4.298666   4.298515  -0.000151    35.5775    35.5759     5.4928    26.5414    26.5401         21  0.000e+00
       8828 296.410345  -43.35330  -52.02778     -0.017    1506.09      4.730      4.692    14.4325    14.4326     0.0001    14.4318    14.4319     0.0001   4.298666   4.298563  -0.000103    35.5774    35.5764     5.4931    26.5413    26.5405         21  0.000e+00
       8829 296.410345  -43.35330  -52.02778     -0.011    1506.09      4.786      4.748    14.4324    14.4327     0.0002    14.4317    14.4319     0.0002   4.298626   4.298583  -0.000043    35.5770    35.5764     5.4899    26.5410    26.5405         21  0.000e+00
       8830 296.410346  -43.35330  -52.02778     -0.012    1506.09      4.730      4.692    14.4323    14.4326     0.0003    14.4316    14.4319     0.0003   4.298620   4.298583  -0.000037    35.5771    35.5765     5.4900    26.5411    26.5406         21  0.000e+00
       8831 296.410346  -43.35330  -52.02778     -0.013    1506.09      4.786      4.748    14.4323    14.4324     0.0001    14.4316    14.4317     0.0001   4.298620   4.298556  -0.000064    35.5771    35.5764     5.4898    26.5411    26.5405         21  0.000e+00
       8832 296.410347  -43.35330  -52.02778     -0.008    1506.09      4.786      4.748    14.4321    14.4327     0.0006    14.4314    14.4320     0.0006   4.298646   4.298569  -0.000077    35.5775    35.5762     5.4899    26.5415    26.5403         21  0.000e+00
       8833 296.410347  -43.35330  -52.02778     -0.009    1506.09      4.730      4.692    14.4320    14.4326     0.0006    14.4313    14.4319     0.0006   4.298626   4.298556  -0.000070    35.5775    35.5763     5.4900    26.5415    26.5404         21  0.000e+00
       8834 296.410348  -43.35330  -52.02778     -0.013    1506.09      4.738      4.700    14.4321    14.4324     0.0003    14.4314    14.4317     0.0003   4.298620   4.298603  -0.000017    35.5773    35.5768     5.4901    26.5413    26.5409         21  0.000e+00
       8835 296.410348  -43.35330  -52.02778     -0.010    1506.09      4.786      4.748    14.4320    14.4326     0.0006    14.4313    14.4319     0.0006   4.298606   4.298569  -0.000037    35.5773    35.5764     5.4899    26.5413    26.5405         21  0.000e+00
       8836 296.410349  -43.35330  -52.02778     -0.011    1506.09      4.730      4.692    14.4318    14.4327     0.0010    14.4311    14.4320     0.0010   4.298613   4.298576  -0.000037    35.5775    35.5763     5.4901    26.5415    26.5404         21  0.000e+00
       8837 296.410349  -43.35330  -52.02778     -0.009    1506.09      4.786      4.748    14.4320    14.4326     0.0006    14.4313    14.4319     0.0006   4.298593   4.298583  -0.000010    35.5771    35.5765     5.4902    26.5412    26.5406         21  0.000e+00
       8838 296.410350  -43.35330  -52.02778     -0.009    1506.09      4.730      4.692    14.4320    14.4327     0.0007    14.4313    14.4320     0.0007   4.298606   4.298610   0.000003    35.5773    35.5767     5.4944    26.5413    26.5407         21  0.000e+00
       8839 296.410350  -43.35330  -52.02778     -0.007    1506.09      4.786      4.748    14.4317    14.4326     0.0009    14.4309    14.4319     0.0009   4.298620   4.298590  -0.000030    35.5777    35.5766     5.4949    26.5417    26.5406         21  0.000e+00
       8840 296.410351  -43.35330  -52.02778     -0.004    1506.09      4.786      4.748    14.4318    14.4327     0.0010    14.4311    14.4320     0.0010   4.298560   4.298610   0.000050    35.5770    35.5766     5.4955    26.5411    26.5406         21  0.000e+00
       8841 296.410351  -43.35330  -52.02778     -0.009    1506.09      4.730      4.692    14.4320    14.4324     0.0004    14.4313    14.4317     0.0004   4.298600   4.298589  -0.000010    35.5772    35.5767     5.4919    26.5413    26.5408         21  0.000e+00
       8842 296.410352  -43.35330  -52.02778     -0.006    1506.09      4.786      4.748    14.4317    14.4326     0.0009    14.4309    14.4319     0.0009   4.298620   4.298610  -0.000010    35.5777    35.5768     5.4961    26.5417    26.5408         21  0.000e+00
       8843 296.410352  -43.35330  -52.02778     -0.003    1506.09      4.786      4.748    14.4320    14.4326     0.0006    14.4313    14.4319     0.0006   4.298646   4.298590  -0.000057    35.5776    35.5766     5.4966    26.5416    26.5406         21  0.000e+00
       8844 296.410353  -43.35330  -52.02778     -0.004    1506.09      4.730      4.692    14.4321    14.4326     0.0004    14.4314    14.4319     0.0004   4.298600   4.298583  -0.000017    35.5771    35.5765     5.4971    26.5411    26.5406         21  0.000e+00
       8845 296.410353  -43.35330  -52.02778     -0.008    1506.09      4.730      4.692    14.4321    14.4326     0.0004    14.4314    14.4319     0.0004   4.298639   4.298563  -0.000077    35.5775    35.5764     5.5016    26.5414    26.5405         21  0.000e+00
       8846 296.410353  -43.35330  -52.02778     -0.005    1506.09      4.786      4.748    14.4320    14.4325     0.0005    14.4313    14.4318     0.0005   4.298600   4.298549  -0.000051    35.5772    35.5762     5.4942    26.5413    26.5404         21  0.000e+00
       8847 296.410354  -43.35330  -52.02778     -0.003    1506.09      4.786      4.748    14.4320    14.4324     0.0004    14.4313    14.4317     0.0004   4.298639   4.298569  -0.000070    35.5776    35.5765     5.4940    26.5415    26.5406         21  0.000e+00
       8848 296.410354  -43.35330  -52.02778     -0.003    1506.09      4.730      4.692    14.4321    14.4324     0.0003    14.4314    14.4317     0.0003   4.298626   4.298610  -0.000016    35.5773    35.5769     5.4938    26.5413    26.5409         21  0.000e+00
       8849 296.410355  -43.35330  -52.02778     -0.001    1506.09      4.786      4.748    14.4321    14.4326     0.0004    14.4314    14.4319     0.0004   4.298620   4.298590  -0.000030    35.5773    35.5766     5.4937    26.5413    26.5406         21  0.000e+00
       8850 296.410355  -43.35330  -52.02778     -0.004    1506.09      4.738      4.700    14.4320    14.4327     0.0008    14.4313    14.4320     0.0008   4.298593   4.298583  -0.000010    35.5772    35.5764     5.4935    26.5412    26.5404         21  0.000e+00
       8851 296.410356  -43.35330  -52.02778     -0.004    1506.09      4.786      4.748    14.4320    14.4326     0.0006    14.4313    14.4319     0.0006   4.298606   4.298583  -0.000023    35.5773    35.5765     5.4933    26.5413    26.5406         22  0.000e+00
       8852 296.410356  -43.35330  -52.02778     -0.001    1506.09      4.786      4.748    14.4321    14.4326     0.0004    14.4314    14.4319     0.0004   4.298646   4.298556  -0.000090    35.5775    35.5763     5.4931    26.5415    26.5404         22  0.000e+00
       8853 296.410357  -43.35330  -52.02778     -0.002    1506.09      4.730      4.692    14.4321    14.4327     0.0006    14.4314    14.4320     0.0006   4.298659   4.298569  -0.000090    35.5777    35.5762     5.4968    26.5416    26.5403         22  0.000e+00
       8854 296.410357  -43.35330  -52.02778      0.001    1506.09      4.786      4.748    14.4321    14.4327     0.0005    14.4314    14.4319     0.0005   4.298626   4.298643   0.000017    35.5773    35.5770     5.4970    26.5413    26.5409         22  0.000e+00
       8855 296.410358  -43.35330  -52.02778     -0.003    1506.09      4.730      4.692    14.4323    14.4327     0.0004    14.4316    14.4320     0.0004   4.298620   4.298576  -0.000043    35.5771    35.5763     5.4931    26.5411    26.5404         22  0.000e+00
       8856 296.410358  -43.35330  -52.02778     -0.000    1506.09      4.786      4.748    14.4321    14.4326     0.0004    14.4314    14.4319     0.0004   4.298593   4.298603   0.000010    35.5770    35.5767     5.4970    26.5411    26.5407         22  0.000e+00
       8857 296.410359  -43.35330  -52.02778      0.003    1506.09      4.786      4.748    14.4323    14.4327     0.0004    14.4316    14.4320     0.0004   4.298606   4.298623   0.000017    35.5770    35.5767     5.4934    26.5410    26.5407         22  0.000e+00
       8858 296.410359  -43.35330  -52.02778     -0.001    1506.09      4.730      4.692    14.4321    14.4327     0.0006    14.4314    14.4320     0.0006   4.298593   4.298589  -0.000003    35.5770    35.5764     5.4972    26.5411    26.5405         22  0.000e+00
       8859 296.410360  -43.35330  -52.02778      0.001    1506.09      4.786      4.748    14.4321    14.4326     0.0004    14.4314    14.4319     0.0004   4.298586   4.298583  -0.000004    35.5770    35.5765     5.4937    26.5410    26.5406         22  0.000e+00
       8860 296.410360  -43.35330  -52.02778      0.001    1506.09      4.730      4.692    14.4321    14.4324     0.0003    14.4314    14.4317     0.0003   4.298606   4.298583  -0.000023    35.5772    35.5767     5.4978    26.5412    26.5407         22  0.000e+00
       8861 296.410361  -43.35330  -52.02778      0.001    1506.09      4.786      4.748    14.4321    14.4326     0.0004    14.4314    14.4319     0.0004   4.298646   4.298556  -0.000090    35.5775    35.5763     5.4980    26.5415    26.5404         22  0.000e+00
       8862 296.410361  -43.35330  -52.02778      0.003    1506.09      4.786      4.748    14.4321    14.4326     0.0004    14.4314    14.4319     0.0004   4.298626   4.298569  -0.000057    35.5773    35.5764     5.4941    26.5413    26.5405         22  0.000e+00
       8863 296.410362  -43.35330  -52.02778     -0.001    1506.09      4.730      4.692    14.4320    14.4325     0.0005    14.4313    14.4318     0.0005   4.298620   4.298583  -0.000037    35.5774    35.5766     5.4938    26.5414    26.5406         22  0.000e+00
       8864 296.410362  -43.35330  -52.02778      0.002    1506.09      4.786      4.748    14.4320    14.4322     0.0003    14.4313    14.4315     0.0003   4.298593   4.298563  -0.000030    35.5771    35.5766     5.4937    26.5412    26.5407         22  0.000e+00
       8865 296.410363  -43.35330  -52.02778      0.002    1506.09      4.730      4.692    14.4320    14.4327     0.0008    14.4313    14.4320     0.0008   4.298586   4.298603   0.000017    35.5771    35.5766     5.4934    26.5412    26.5406         22  0.000e+00
       8866 296.410363  -43.35330  -52.02778      0.005    1506.09      4.794      4.756    14.4318    14.4324     0.0006    14.4311    14.4317     0.0006   4.298639   4.298536  -0.000104    35.5777    35.5762     5.4932    26.5417    26.5404         22  0.000e+00
       8867 296.410364  -43.35330  -52.02778      0.002    1506.09      4.786      4.748    14.4321    14.4326     0.0004    14.4314    14.4319     0.0004   4.298600   4.298536  -0.000064    35.5771    35.5761     5.4930    26.5411    26.5403         22  0.000e+00
       8868 296.410364  -43.35330  -52.02778      0.001    1506.09      4.730      4.692    14.4321    14.4324     0.0003    14.4314    14.4317     0.0003   4.298626   4.298549  -0.000077    35.5773    35.5764     5.4927    26.5413    26.5405         22  0.000e+00
       8869 296.410365  -43.35330  -52.02778      0.001    1506.09      4.786      4.748    14.4321    14.4326     0.0004    14.4314    14.4319     0.0004   4.298620   4.298603  -0.000017    35.5773    35.5767     5.4965    26.5413    26.5407         22  0.000e+00
       8870 296.410365  -43.35330  -52.02778     -0.000    1506.09      4.730      4.692    14.4321    14.4324     0.0003    14.4314    14.4317     0.0003   4.298646   4.298563  -0.000084    35.5775    35.5765     5.4925    26.5415    26.5406         22  0.000e+00
       8871 296.410366  -43.35330  -52.02778      0.003    1506.09      4.786      4.748    14.4320    14.4322     0.0002    14.4313    14.4314     0.0002   4.298659   4.298549  -0.000110    35.5778    35.5766     5.4963    26.5417    26.5407         22  0.000e+00
       8872 296.410366  -43.35330  -52.02778     -0.001    1506.09      4.730      4.692    14.4321    14.4324     0.0003    14.4314    14.4317     0.0003   4.298626   4.298549  -0.000077    35.5773    35.5764     5.4964    26.5413    26.5405         22  0.000e+00
       8873 296.410367  -43.35330  -52.02778      0.002    1506.09      4.786      4.748    14.4320    14.4324     0.0004    14.4313    14.4317     0.0004   4.298620   4.298549  -0.000070    35.5774    35.5763     5.4965    26.5414    26.5405         22  0.000e+00
       8874 296.410367  -43.35330  -52.02778      0.005    1506.09      4.786      4.748    14.4323    14.4324     0.0001    14.4316    14.4317     0.0001   4.298593   4.298576  -0.000017    35.5768    35.5766     5.4926    26.5409    26.5407         22  0.000e+00
       8875 296.410367  -43.35330  -52.02778      0.004    1506.09      4.786      4.748    14.4321    14.4324     0.0003    14.4314    14.4317     0.0003   4.298606   4.298583  -0.000023    35.5771    35.5766     5.4963    26.5412    26.5407         22  0.000e+00
       8876 296.410368  -43.35330  -52.02780      0.003    1506.09      4.730      4.692    14.4321    14.4324     0.0003    14.4314    14.4317     0.0003   4.298646   4.298583  -0.000063    35.5775    35.5767     5.4926    26.5415    26.5407         22  0.000e+00
       8877 296.410368  -43.35330  -52.02780      0.003    1506.09      4.786      4.748    14.4321    14.4324     0.0003    14.4314    14.4317     0.0003   4.298600   4.298583  -0.000017    35.5771    35.5766     5.4928    26.5411    26.5407         22  0.000e+00
       8878 296.410369  -43.35330  -52.02780      0.005    1506.09      4.786      4.748    14.4321    14.4324     0.0003    14.4314    14.4317     0.0003   4.298586   4.298556  -0.000030    35.5770    35.5764     5.4925    26.5410    26.5405         22  0.000e+00
       8879 296.410369  -43.35330  -52.02780      0.001    1506.09      4.730      4.692    14.4321    14.4325     0.0004    14.4314    14.4318     0.0004   4.298606   4.298549  -0.000057    35.5772    35.5763     5.4922    26.5412    26.5404         22  0.000e+00
       8880 296.410370  -43.35330  -52.02780      0.004    1506.09      4.786      4.748    14.4321    14.4324     0.0003    14.4314    14.4317     0.0003   4.298620   4.298549  -0.000070    35.5773    35.5763     5.4919    26.5413    26.5405         22  0.000e+00
       8881 296.410370  -43.35330  -52.02780      0.003    1506.09      4.730      4.692    14.4321    14.4324     0.0003    14.4314    14.4317     0.0003   4.298593   4.298549  -0.000044    35.5770    35.5764     5.4916    26.5411    26.5405         22  0.000e+00
       8882 296.410371  -43.35330  -52.02780      0.003    1506.09      4.794      4.756    14.4323    14.4326     0.0003    14.4316    14.4319     0.0003   4.298639   4.298549  -0.000090    35.5773    35.5762     5.4914    26.5412    26.5403         22  0.000e+00
       8883 296.410371  -43.35330  -52.02780      0.003    1506.09      4.786      4.748    14.4323    14.4326     0.0003    14.4316    14.4319     0.0003   4.298626   4.298522  -0.000104    35.5772    35.5760     5.4911    26.5411    26.5402         22  0.000e+00
