Pos-Processados/process_op41/operantar41_019.cnv
* Sea-Bird SBE 9 Data File:
* FileName = C:\Users\Dell\Desktop\OperantarXLI\config\00_BRUTOS\OPE41019.hdr
* Software Version Seasave V 7.26.7.110
* Temperature SN = 6497
* Conductivity SN = 4954
* Number of Bytes Per Scan = 34
* Number of Voltage Words = 3
* Number of Scans Averaged by the Deck Unit = 1
* NMEA Latitude = 62 55.48 S
* NMEA Longitude = 060 08.48 W
* NMEA UTC (Time) = Nov 11 2022 01:08:15
* NMEA baud rate = 4800
** H41
** Navio Polar Almirante Maximiano
** LH-021/2022
** Operantar XLI
** Número da Estação 019
** Latitude 62 55.478'S
** Longitude 060 08.483' W
** Data/Hora (Z) 11/11/2022 0110Z
** Profundidade local 1020 m
** 09-1439
** Nome do Operador CT Garla
# nquan = 30
# nvalues = 1868                        
# units = specified
# name 0 = scan: Scan Count
# name 1 = timeJ: Julian Days
# name 2 = latitude: Latitude [deg]
# name 3 = longitude: Longitude [deg]
# name 4 = dz/dtM: Descent Rate [m/s]
# name 5 = avgsvCM: Average Sound Velocity [Chen-Millero, m/s]
# name 6 = prDM: Pressure, Digiquartz [db]
# name 7 = depSM: Depth [salt water, m]
# name 8 = t090C: Temperature [ITS-90, deg C]
# name 9 = t190C: Temperature, 2 [ITS-90, deg C]
# name 10 = T2-T190C: Temperature Difference, 2 - 1 [ITS-90, deg C]
# name 11 = potemp090C: Potential Temperature [ITS-90, deg C]
# name 12 = potemp190C: Potential Temperature, 2 [ITS-90, deg C]
# name 13 = potemp90Cdiff: Potential Temperature, Diff, 2 - 1 [ITS-90, deg C]
# name 14 = c0S/m: Conductivity [S/m]
# name 15 = c1S/m: Conductivity, 2 [S/m]
# name 16 = C2-C1S/m: Conductivity Difference, 2 - 1 [S/m]
# name 17 = sal00: Salinity, Practical [PSU]
# name 18 = sal11: Salinity, Practical, 2 [PSU]
# name 19 = sbeox0ML/L: Oxygen, SBE 43 [ml/l]
# name 20 = sigma-é00: Density [sigma-theta, kg/m^3]
# name 21 = sigma-é11: Density, 2 [sigma-theta, kg/m^3]
# name 22 = sal00: Salinity, Practical [PSU]
# name 23 = sigma-é00: Density [sigma-theta, kg/m^3]
# name 24 = svCM: Sound Velocity [Chen-Millero, m/s]
# name 25 = svCM1: Sound Velocity, 2 [Chen-Millero, m/s]
# name 26 = gsw_ptA0: potential temperature [ITS-90, deg C]
# name 27 = gsw_densityA0: density, TEOS-10 [density, kg/m^3]
# name 28 = gsw_saA0: Absolute Salinity [g/kg]
# name 29 = flag:
# span 0 =       2662,      55295       
# span 1 = 315.048679, 315.074061       
# span 2 =  -62.92721,  -62.92494       
# span 3 =  -60.14096,  -60.13856       
# span 4 =     -1.367,      1.293       
# span 5 =       0.00,    1476.63       
# span 6 =      0.000,    934.000       
# span 7 =      0.001,    922.906       
# span 8 =    -1.3032,    -0.3734       
# span 9 =    -1.3031,    -0.3745       
# span 10 =    -0.0195,     0.0270      
# span 11 =    -1.3111,    -0.3874      
# span 12 =    -1.3111,    -0.3885      
# span 13 =    -0.0194,     0.0269      
# span 14 =   2.764801,   2.858773      
# span 15 =   2.764816,   2.858667      
# span 16 =  -0.001470,   0.002262      
# span 17 =    34.2901,    34.5525      
# span 18 =    34.2910,    34.5524      
# span 19 =     5.7476,     7.4899      
# span 20 =    27.5648,    27.7768      
# span 21 =    27.5656,    27.7768      
# span 22 =    34.2900,    34.5528      
# span 23 =    27.5647,    27.7772      
# span 24 =    1444.26,    1460.94      
# span 25 =    1444.25,    1460.93      
# span 26 =    -1.3109,    -0.3872      
# span 27 =  1027.5740,  1032.2072      
# span 28 =    34.4553,    34.7220      
# span 29 = 0.0000e+00, 0.0000e+00      
# interval = decibars: 1                
# start_time = Nov 11 2022 01:08:15 [NMEA time, header]
# bad_flag = -9.990e-29
*END*
[from data line 1547]
      44844 315.069021  -62.92686  -60.13878     -1.009    1451.82    320.000    316.665    -1.2927    -1.2929    -0.0002    -1.3012    -1.3014    -0.0002   2.767221   2.767231   0.000009    34.4407    34.4411     6.9416    27.7111    27.7114    34.4401    27.7106    1447.55    1447.55    -1.3009  1029.2501    34.6085 0.0000e+00
      44866 315.069032  -62.92688  -60.13878     -1.061    1451.82    319.000    315.677    -1.2928    -1.2933    -0.0005    -1.3013    -1.3018    -0.0005   2.767166   2.767153  -0.000015    34.4407    34.4411     6.9399    27.7111    27.7114    34.4402    27.7107    1447.54    1447.54    -1.3010  1029.2454    34.6085 0.0000e+00
      44890 315.069044  -62.92688  -60.13878     -1.044    1451.82    318.000    314.688    -1.2927    -1.2934    -0.0007    -1.3012    -1.3019    -0.0007   2.767144   2.767103  -0.000038    34.4407    34.4409     6.9389    27.7110    27.7113    34.4404    27.7108    1447.52    1447.52    -1.3009  1029.2407    34.6087 0.0000e+00
      44915 315.069056  -62.92688  -60.13878     -0.985    1451.82    317.000    313.699    -1.2924    -1.2928    -0.0004    -1.3009    -1.3012    -0.0004   2.767128   2.767109  -0.000018    34.4407    34.4409     6.9408    27.7110    27.7112    34.4404    27.7108    1447.51    1447.51    -1.3006  1029.2360    34.6088 0.0000e+00
      44940 315.069068  -62.92688  -60.13878     -0.964    1451.82    316.000    312.710    -1.2923    -1.2929    -0.0006    -1.3007    -1.3013    -0.0006   2.767101   2.767067  -0.000038    34.4409    34.4410     6.9427    27.7112    27.7113    34.4406    27.7109    1447.49    1447.49    -1.3004  1029.2313    34.6089 0.0000e+00
      44963 315.069079  -62.92688  -60.13878     -0.995    1451.82    315.000    311.721    -1.2923    -1.2928    -0.0004    -1.3007    -1.3012    -0.0004   2.767033   2.767019  -0.000011    34.4407    34.4411     6.9409    27.7110    27.7113    34.4403    27.7107    1447.47    1447.47    -1.3004  1029.2263    34.6087 0.0000e+00
      44986 315.069090  -62.92686  -60.13878     -1.037    1451.82    314.000    310.732    -1.2938    -1.2941    -0.0003    -1.3021    -1.3025    -0.0003   2.766859   2.766848  -0.000015    34.4405    34.4407     6.9341    27.7109    27.7111    34.4402    27.7106    1447.45    1447.45    -1.3019  1029.2215    34.6085 0.0000e+00
      45009 315.069101  -62.92686  -60.13878     -1.044    1451.82    313.000    309.744    -1.2940    -1.2944    -0.0003    -1.3023    -1.3027    -0.0003   2.766801   2.766794  -0.000003    34.4405    34.4408     6.9356    27.7109    27.7112    34.4403    27.7107    1447.43    1447.43    -1.3020  1029.2169    34.6086 0.0000e+00
      45033 315.069113  -62.92686  -60.13878     -1.020    1451.82    312.000    308.755    -1.2949    -1.2952    -0.0003    -1.3032    -1.3035    -0.0003   2.766588   2.766588  -0.000004    34.4396    34.4399     6.9356    27.7102    27.7104    34.4390    27.7097    1447.41    1447.41    -1.3029  1029.2111    34.6073 0.0000e+00
      45056 315.069124  -62.92688  -60.13878     -1.016    1451.82    311.000    307.766    -1.2963    -1.2966    -0.0003    -1.3046    -1.3048    -0.0003   2.766354   2.766377   0.000020    34.4384    34.4389     6.9372    27.7093    27.7098    34.4380    27.7090    1447.39    1447.39    -1.3043  1029.2056    34.6064 0.0000e+00
      45079 315.069135  -62.92688  -60.13878     -1.036    1451.82    310.000    306.777    -1.2965    -1.2964     0.0001    -1.3047    -1.3046     0.0001   2.766300   2.766341   0.000045    34.4384    34.4389     6.9495    27.7093    27.7097    34.4381    27.7091    1447.37    1447.37    -1.3044  1029.2009    34.6065 0.0000e+00
      45103 315.069146  -62.92688  -60.13878     -1.034    1451.82    309.000    305.788    -1.2972    -1.2974    -0.0002    -1.3054    -1.3056    -0.0002   2.766161   2.766169   0.000007    34.4380    34.4383     6.9452    27.7090    27.7093    34.4377    27.7088    1447.35    1447.35    -1.3051  1029.1958    34.6060 0.0000e+00
      45128 315.069158  -62.92688  -60.13878     -0.994    1451.82    308.000    304.799    -1.2978    -1.2979    -0.0001    -1.3060    -1.3061    -0.0001   2.766053   2.766063   0.000008    34.4377    34.4380     6.9504    27.7088    27.7090    34.4374    27.7085    1447.33    1447.33    -1.3057  1029.1908    34.6058 0.0000e+00
      45154 315.069171  -62.92688  -60.13878     -0.943    1451.82    307.000    303.810    -1.2980    -1.2983    -0.0002    -1.3061    -1.3064    -0.0002   2.765979   2.765984   0.000006    34.4376    34.4379     6.9593    27.7087    27.7090    34.4373    27.7085    1447.31    1447.31    -1.3058  1029.1859    34.6056 0.0000e+00
      45180 315.069184  -62.92688  -60.13878     -0.906    1451.82    306.000    302.821    -1.2981    -1.2983    -0.0002    -1.3062    -1.3064    -0.0002   2.765901   2.765910   0.000009    34.4372    34.4376     6.9553    27.7084    27.7087    34.4370    27.7082    1447.30    1447.30    -1.3059  1029.1809    34.6053 0.0000e+00
      45206 315.069196  -62.92688  -60.13879     -0.916    1451.82    305.000    301.832    -1.2980    -1.2984    -0.0004    -1.3061    -1.3065    -0.0004   2.765834   2.765840   0.000007    34.4368    34.4373     6.9571    27.7081    27.7085    34.4366    27.7079    1447.28    1447.28    -1.3058  1029.1758    34.6049 0.0000e+00
      45229 315.069207  -62.92688  -60.13880     -0.987    1451.82    304.000    300.844    -1.2979    -1.2981    -0.0003    -1.3059    -1.3062    -0.0003   2.765777   2.765781   0.000004    34.4364    34.4368     6.9682    27.7077    27.7081    34.4362    27.7076    1447.26    1447.26    -1.3056  1029.1708    34.6046 0.0000e+00
      45250 315.069217  -62.92688  -60.13878     -1.080    1451.82    303.000    299.855    -1.2977    -1.2981    -0.0003    -1.3058    -1.3061    -0.0003   2.765738   2.765740   0.000003    34.4364    34.4368     6.9705    27.7077    27.7080    34.4362    27.7075    1447.25    1447.25    -1.3054  1029.1659    34.6045 0.0000e+00
      45271 315.069227  -62.92688  -60.13880     -1.143    1451.82    302.000    298.866    -1.2977    -1.2980    -0.0003    -1.3057    -1.3060    -0.0003   2.765693   2.765691 9.3711e-07    34.4363    34.4367     6.9660    27.7076    27.7080    34.4362    27.7075    1447.23    1447.23    -1.3054  1029.1612    34.6045 0.0000e+00
      45293 315.069238  -62.92688  -60.13880     -1.122    1451.82    301.000    297.878    -1.2980    -1.2981    -0.0001    -1.3060    -1.3061    -0.0001   2.765628   2.765639   0.000008    34.4364    34.4367     6.9723    27.7078    27.7080    34.4363    27.7076    1447.21    1447.21    -1.3057  1029.1565    34.6046 0.0000e+00
      45317 315.069250  -62.92688  -60.13880     -1.040    1451.82    300.000    296.888    -1.2985    -1.2986    -0.0001    -1.3064    -1.3065    -0.0001   2.765532   2.765557   0.000023    34.4362    34.4367     6.9727    27.7076    27.7080    34.4360    27.7075    1447.20    1447.19    -1.3061  1029.1515    34.6044 0.0000e+00
      45342 315.069262  -62.92688  -60.13880     -0.984    1451.82    299.000    295.899    -1.2985    -1.2986    -0.0001    -1.3064    -1.3065    -0.0001   2.765370   2.765391   0.000020    34.4348    34.4352     6.9811    27.7065    27.7068    34.4345    27.7062    1447.18    1447.18    -1.3061  1029.1455    34.6028 0.0000e+00
      45366 315.069273  -62.92688  -60.13880     -0.970    1451.82    298.000    294.910    -1.2986    -1.2988    -0.0001    -1.3065    -1.3066    -0.0001   2.765179   2.765197   0.000022    34.4327    34.4332     6.9811    27.7048    27.7052    34.4326    27.7047    1447.16    1447.16    -1.3062  1029.1392    34.6009 0.0000e+00
      45391 315.069285  -62.92688  -60.13880     -0.980    1451.82    297.000    293.922    -1.2966    -1.2969    -0.0003    -1.3044    -1.3047    -0.0003   2.765217   2.765223   0.000005    34.4314    34.4318     6.9693    27.7036    27.7040    34.4314    27.7036    1447.15    1447.15    -1.3042  1029.1334    34.5997 0.0000e+00
      45417 315.069298  -62.92688  -60.13880     -0.959    1451.82    296.000    292.933    -1.2953    -1.2955    -0.0002    -1.3031    -1.3033    -0.0002   2.765233   2.765238   0.000004    34.4307    34.4311     6.9771    27.7030    27.7033    34.4308    27.7031    1447.14    1447.14    -1.3028  1029.1281    34.5991 0.0000e+00
      45443 315.069310  -62.92688  -60.13880     -0.910    1451.82    295.000    291.944    -1.2927    -1.2928    -0.0000    -1.3005    -1.3005    -0.0000   2.765303   2.765325   0.000021    34.4292    34.4295     6.9939    27.7017    27.7020    34.4294    27.7019    1447.13    1447.13    -1.3002  1029.1220    34.5977 0.0000e+00
      45469 315.069323  -62.92688  -60.13880     -0.911    1451.82    294.000    290.955    -1.2903    -1.2907    -0.0004    -1.2981    -1.2985    -0.0004   2.765380   2.765371  -0.000006    34.4281    34.4285     7.0110    27.7007    27.7011    34.4283    27.7009    1447.13    1447.12    -1.2978  1029.1162    34.5966 0.0000e+00
      45493 315.069334  -62.92688  -60.13880     -0.972    1451.82    293.000    289.966    -1.2890    -1.2895    -0.0005    -1.2968    -1.2972    -0.0005   2.765370   2.765372  -0.000003    34.4271    34.4276     7.0272    27.6999    27.7003    34.4274    27.7001    1447.11    1447.11    -1.2965  1029.1106    34.5956 0.0000e+00
      45514 315.069345  -62.92688  -60.13880     -1.068    1451.82    292.000    288.978    -1.2860    -1.2862    -0.0002    -1.2937    -1.2939    -0.0002   2.765485   2.765489   0.000007    34.4257    34.4260     7.0325    27.6986    27.6989    34.4260    27.6989    1447.11    1447.11    -1.2934  1029.1046    34.5943 0.0000e+00
      45534 315.069354  -62.92688  -60.13880     -1.158    1451.82    291.000    287.988    -1.2850    -1.2852    -0.0001    -1.2927    -1.2929    -0.0001   2.765485   2.765495   0.000009    34.4253    34.4256     7.0349    27.6983    27.6986    34.4256    27.6985    1447.10    1447.10    -1.2924  1029.0995    34.5938 0.0000e+00
      45554 315.069364  -62.92688  -60.13880     -1.203    1451.82    290.000    286.999    -1.2848    -1.2851    -0.0003    -1.2925    -1.2928    -0.0003   2.765454   2.765454 2.5419e-07    34.4253    34.4256     7.0442    27.6983    27.6985    34.4255    27.6984    1447.08    1447.08    -1.2922  1029.0946    34.5937 0.0000e+00
      45575 315.069374  -62.92688  -60.13880     -1.169    1451.82    289.000    286.010    -1.2847    -1.2850    -0.0003    -1.2923    -1.2926    -0.0003   2.765412   2.765422   0.000012    34.4253    34.4258     7.0529    27.6983    27.6986    34.4255    27.6984    1447.07    1447.07    -1.2921  1029.0898    34.5937 0.0000e+00
      45599 315.069386  -62.92688  -60.13880     -1.071    1451.82    288.000    285.022    -1.2845    -1.2846    -0.0000    -1.2921    -1.2922    -0.0000   2.765397   2.765406   0.000011    34.4254    34.4256     7.0517    27.6983    27.6985    34.4257    27.6986    1447.05    1447.05    -1.2918  1029.0822    34.5902 0.0000e+00
      45626 315.069398  -62.92690  -60.13880     -0.940    1451.82    287.000    284.032    -1.2813    -1.2818    -0.0005    -1.2889    -1.2894    -0.0005   2.765574   2.765556  -0.000019    34.4246    34.4249     7.0734    27.6976    27.6979    34.4250    27.6979    1447.05    1447.05    -1.2886  1029.0792    34.5926 0.0000e+00
      45653 315.069412  -62.92690  -60.13880     -0.869    1451.82    286.000    283.043    -1.2806    -1.2809    -0.0003    -1.2882    -1.2884    -0.0003   2.765565   2.765568   0.000004    34.4245    34.4248     7.0774    27.6974    27.6978    34.4247    27.6976    1447.04    1447.04    -1.2879  1029.0746    34.5929 0.0000e+00
      45680 315.069425  -62.92690  -60.13882     -0.879    1451.82    285.000    282.055    -1.2775    -1.2768     0.0006    -1.2850    -1.2843     0.0006   2.765805   2.765870   0.000060    34.4240    34.4241     7.0801    27.6969    27.6970    34.4250    27.6978    1447.03    1447.04    -1.2848  1029.0700    34.5932 0.0000e+00
      45705 315.069437  -62.92690  -60.13882     -0.937    1451.82    284.000    281.065    -1.2688    -1.2700    -0.0012    -1.2763    -1.2775    -0.0012   2.766317   2.766244  -0.000058    34.4224    34.4230     7.0739    27.6954    27.6959    34.4227    27.6956    1447.06    1447.05    -1.2761  1029.0630    34.5909 0.0000e+00
      45729 315.069448  -62.92690  -60.13882     -0.990    1451.82    283.000    280.076    -1.2742    -1.2745    -0.0003    -1.2817    -1.2819    -0.0003   2.765909   2.765913 -8.612e-07    34.4235    34.4239     7.0774    27.6965    27.6968    34.4240    27.6968    1447.02    1447.02    -1.2814  1029.0594    34.5921 0.0000e+00
      45751 315.069459  -62.92688  -60.13880     -1.033    1451.82    282.000    279.087    -1.2715    -1.2714     0.0001    -1.2790    -1.2789     0.0001   2.766041   2.766084   0.000034    34.4230    34.4234     7.0752    27.6959    27.6962    34.4233    27.6961    1447.01    1447.02    -1.2787  1029.0540    34.5914 0.0000e+00
      45773 315.069470  -62.92688  -60.13882     -1.070    1451.82    281.000    278.098    -1.2689    -1.2688     0.0001    -1.2764    -1.2763     0.0001   2.766217   2.766250   0.000038    34.4227    34.4231     7.0685    27.6956    27.6959    34.4234    27.6962    1447.01    1447.01    -1.2761  1029.0492    34.5916 0.0000e+00
      45795 315.069480  -62.92690  -60.13882     -1.091    1451.82    280.000    277.109    -1.2669    -1.2664     0.0005    -1.2743    -1.2738     0.0005   2.766348   2.766424   0.000067    34.4228    34.4231     7.0619    27.6956    27.6959    34.4235    27.6962    1447.00    1447.00    -1.2740  1029.0444    34.5916 0.0000e+00
      45817 315.069491  -62.92690  -60.13882     -1.100    1451.82    279.000    276.121    -1.2594    -1.2590     0.0004    -1.2668    -1.2664     0.0004   2.766920   2.766990   0.000067    34.4222    34.4226     7.0688    27.6949    27.6952    34.4234    27.6958    1447.02    1447.03    -1.2665  1029.0392    34.5916 0.0000e+00
      45840 315.069502  -62.92690  -60.13882     -1.080    1451.82    278.000    275.131    -1.2548    -1.2548    -0.0000    -1.2622    -1.2622    -0.0000   2.767233   2.767259   0.000036    34.4220    34.4225     7.0689    27.6946    27.6950    34.4230    27.6953    1447.03    1447.03    -1.2619  1029.0339    34.5912 0.0000e+00
      45864 315.069513  -62.92690  -60.13882     -1.028    1451.82    277.000    274.142    -1.2528    -1.2529     0.0000    -1.2602    -1.2602     0.0000   2.767333   2.767352   0.000017    34.4221    34.4223     7.0694    27.6946    27.6947    34.4227    27.6951    1447.02    1447.02    -1.2599  1029.0288    34.5909 0.0000e+00
      45889 315.069525  -62.92690  -60.13882     -0.976    1451.82    276.000    273.153    -1.2522    -1.2524    -0.0003    -1.2595    -1.2598    -0.0003   2.767342   2.767344   0.000005    34.4219    34.4223     7.0692    27.6943    27.6947    34.4227    27.6950    1447.01    1447.01    -1.2593  1029.0240    34.5909 0.0000e+00
      45913 315.069537  -62.92690  -60.13882     -0.968    1451.82    275.000    272.164    -1.2421    -1.2420     0.0000    -1.2494    -1.2493     0.0000   2.768104   2.768149   0.000035    34.4206    34.4211     7.0562    27.6930    27.6933    34.4222    27.6943    1447.04    1447.04    -1.2492  1029.0183    34.5903 0.0000e+00
      45938 315.069549  -62.92690  -60.13882     -0.986    1451.82    274.000    271.175    -1.2375    -1.2371     0.0004    -1.2448    -1.2444     0.0004   2.768400   2.768441   0.000050    34.4202    34.4205     7.0539    27.6925    27.6927    34.4216    27.6936    1447.04    1447.04    -1.2446  1029.0129    34.5898 0.0000e+00
      45962 315.069561  -62.92690  -60.13882     -0.993    1451.82    273.000    270.186    -1.2308    -1.2307     0.0001    -1.2381    -1.2380     0.0001   2.768888   2.768914   0.000024    34.4201    34.4203     7.0542    27.6921    27.6923    34.4213    27.6931    1447.06    1447.06    -1.2378  1029.0075    34.5894 0.0000e+00
