Pos-Processados/process_op41/operantar41_017.cnv
* Sea-Bird SBE 9 Data File:
* FileName = C:\Users\Dell\Desktop\OperantarXLI\config\00_BRUTOS\OPE41017.hdr
* Software Version Seasave V 7.26.7.110
* Temperature SN = 6497
* Conductivity SN = 4954
* Number of Bytes Per Scan = 34
* Number of Voltage Words = 3
* Number of Scans Averaged by the Deck Unit = 1
* NMEA Latitude = 62 13.33 S
* NMEA Longitude = 058 12.09 W
* NMEA UTC (Time) = Nov 09 2022 17:12:58
* NMEA baud rate = 4800
** H41
** Navio Polar Almirante Maximiano
** LH-021/2022
** Operantar XLI
** Número da Estação 017
** Latitude 62 13.278'S
** Longitude 058 12.242'W
** Data/Hora (Z) 09/11/2022 1710Z
** Profundidade local 350 m
** 09-1439
** Nome do Operador CT Garla
# nquan = 30
# nvalues = 900                         
# units = specified
# name 0 = scan: Scan Count
# name 1 = timeJ: Julian Days
# name 2 = latitude: Latitude [deg]
# name 3 = longitude: Longitude [deg]
# name 4 = dz/dtM: Descent Rate [m/s]
# name 5 = avgsvCM: Average Sound Velocity [Chen-Millero, m/s]
# name 6 = prDM: Pressure, Digiquartz [db]
# name 7 = depSM: Depth [salt water, m]
# name 8 = t090C: Temperature [ITS-90, deg C]
# name 9 = t190C: Temperature, 2 [ITS-90, deg C]
# name 10 = T2-T190C: Temperature Difference, 2 - 1 [ITS-90, deg C]
# name 11 = potemp090C: Potential Temperature [ITS-90, deg C]
# name 12 = potemp190C: Potential Temperature, 2 [ITS-90, deg C]
# name 13 = potemp90Cdiff: Potential Temperature, Diff, 2 - 1 [ITS-90, deg C]
# name 14 = c0S/m: Conductivity [S/m]
# name 15 = c1S/m: Conductivity, 2 [S/m]
# name 16 = C2-C1S/m: Conductivity Difference, 2 - 1 [S/m]
# name 17 = sal00: Salinity, Practical [PSU]
# name 18 = sal11: Salinity, Practical, 2 [PSU]
# name 19 = sbeox0ML/L: Oxygen, SBE 43 [ml/l]
# name 20 = sigma-é00: Density [sigma-theta, kg/m^3]
# name 21 = sigma-é11: Density, 2 [sigma-theta, kg/m^3]
# name 22 = sal00: Salinity, Practical [PSU]
# name 23 = sigma-é00: Density [sigma-theta, kg/m^3]
# name 24 = svCM: Sound Velocity [Chen-Millero, m/s]
# name 25 = svCM1: Sound Velocity, 2 [Chen-Millero, m/s]
# name 26 = gsw_ptA0: potential temperature [ITS-90, deg C]
# name 27 = gsw_densityA0: density, TEOS-10 [density, kg/m^3]
# name 28 = gsw_saA0: Absolute Salinity [g/kg]
# name 29 = flag:
# span 0 =       2288,      31908       
# span 1 = 313.718441, 313.732725       
# span 2 =  -62.22294,  -62.22247       
# span 3 =  -58.20056,  -58.18324       
# span 4 =     -1.518,      1.248       
# span 5 =      -0.01,    1451.72       
# span 6 =      0.000,    450.000       
# span 7 =     -0.053,    445.188       
# span 8 =    -0.2768,     0.1004       
# span 9 =    -0.2758,     0.1020       
# span 10 =    -0.0143,     0.0662      
# span 11 =    -0.2932,     0.0848      
# span 12 =    -0.2923,     0.0863      
# span 13 =    -0.0143,     0.0660      
# span 14 =   2.829134,   2.890011      
# span 15 =   2.829162,   2.890197      
# span 16 =  -0.001434,   0.005521      
# span 17 =    34.1836,    34.4626      
# span 18 =    34.1841,    34.4632      
# span 19 =     5.6855,     7.4952      
# span 20 =    27.4545,    27.6867      
# span 21 =    27.4552,    27.6869      
# span 22 =    34.1832,    34.4670      
# span 23 =    27.4536,    27.6865      
# span 24 =    1447.39,    1455.39      
# span 25 =    1447.39,    1455.40      
# span 26 =    -0.2930,     0.0849      
# span 27 =  1027.4580,  1029.8304      
# span 28 =    34.3457,    34.6356      
# span 29 = 0.0000e+00, 0.0000e+00      
# interval = decibars: 1                
# start_time = Nov 09 2022 17:12:58 [NMEA time, header]
# bad_flag = -9.990e-29
*END*
[from data line 581]
      20034 313.726999  -62.22278  -58.19053     -0.996    1451.72    318.000    314.705     0.0154     0.0126    -0.0028     0.0034     0.0006    -0.0028   2.877288   2.877055  -0.000243    34.4404    34.4403     5.8727    27.6543    27.6544    34.4393    27.6534    1453.64    1453.62     0.0035  1029.1697    34.6076 0.0000e+00
      20065 313.727014  -62.22278  -58.19052     -0.810    1451.72    317.000    313.716     0.0075     0.0058    -0.0017    -0.0045    -0.0062    -0.0017   2.876513   2.876346  -0.000171    34.4395    34.4392     5.8629    27.6540    27.6538    34.4386    27.6532    1453.58    1453.57    -0.0043  1029.1649    34.6069 0.0000e+00
      20097 313.727029  -62.22278  -58.19050     -0.753    1451.72    316.000    312.727     0.0032     0.0014    -0.0018    -0.0087    -0.0105    -0.0018   2.876023   2.875878  -0.000143    34.4385    34.4386     5.8729    27.6534    27.6536    34.4374    27.6525    1453.55    1453.54    -0.0085  1029.1595    34.6058 0.0000e+00
      20126 313.727043  -62.22278  -58.19049     -0.798    1451.72    315.000    311.738    -0.0009    -0.0007     0.0002    -0.0127    -0.0125     0.0002   2.875619   2.875670   0.000038    34.4380    34.4382     5.8760    27.6532    27.6534    34.4373    27.6527    1453.51    1453.51    -0.0126  1029.1550    34.6056 0.0000e+00
      20151 313.727055  -62.22278  -58.19047     -0.903    1451.72    314.000    310.749     0.0017     0.0030     0.0012    -0.0101    -0.0089     0.0012   2.875805   2.875963   0.000141    34.4379    34.4384     5.8792    27.6530    27.6534    34.4374    27.6526    1453.51    1453.51    -0.0100  1029.1502    34.6058 0.0000e+00
      20174 313.727066  -62.22278  -58.19045     -1.002    1451.72    313.000    309.760     0.0005     0.0010     0.0005    -0.0113    -0.0108     0.0005   2.875632   2.875674   0.000053    34.4379    34.4381     5.8868    27.6530    27.6532    34.4371    27.6524    1453.48    1453.49    -0.0111  1029.1452    34.6054 0.0000e+00
      20195 313.727077  -62.22278  -58.19044     -1.082    1451.72    312.000    308.772    -0.0014    -0.0003     0.0011    -0.0131    -0.0121     0.0011   2.875417   2.875570   0.000123    34.4375    34.4379     5.9005    27.6529    27.6531    34.4370    27.6524    1453.46    1453.46    -0.0130  1029.1406    34.6053 0.0000e+00
      20217 313.727087  -62.22278  -58.19044     -1.129    1451.72    311.000    307.783     0.0031     0.0058     0.0026    -0.0085    -0.0059     0.0026   2.875833   2.876143   0.000295    34.4379    34.4389     5.8958    27.6529    27.6536    34.4380    27.6530    1453.46    1453.48    -0.0084  1029.1363    34.6063 0.0000e+00
      20243 313.727099  -62.22278  -58.19042     -1.013    1451.72    310.000    306.793     0.0084     0.0106     0.0022    -0.0033    -0.0011     0.0022   2.876315   2.876557   0.000255    34.4388    34.4396     5.8924    27.6534    27.6539    34.4391    27.6536    1453.47    1453.48    -0.0031  1029.1322    34.6074 0.0000e+00
      20276 313.727115  -62.22278  -58.19041     -0.767    1451.72    309.000    305.805     0.0084     0.0097     0.0013    -0.0033    -0.0020     0.0013   2.876262   2.876434   0.000166    34.4390    34.4398     5.8908    27.6536    27.6541    34.4390    27.6535    1453.46    1453.46    -0.0031  1029.1273    34.6073 0.0000e+00
      20308 313.727131  -62.22278  -58.19040     -0.706    1451.72    308.000    304.816     0.0064     0.0036    -0.0028    -0.0052    -0.0080    -0.0028   2.875951   2.875718  -0.000229    34.4387    34.4388     5.8874    27.6534    27.6536    34.4377    27.6526    1453.43    1453.42    -0.0051  1029.1217    34.6061 0.0000e+00
      20333 313.727143  -62.22278  -58.19038     -0.867    1451.72    307.000    303.827    -0.0003     0.0012     0.0015    -0.0118    -0.0103     0.0015   2.875302   2.875423   0.000150    34.4378    34.4381     5.8781    27.6530    27.6532    34.4372    27.6525    1453.38    1453.39    -0.0117  1029.1170    34.6055 0.0000e+00
      20355 313.727154  -62.22280  -58.19036     -1.031    1451.72    306.000    302.838    -0.0048    -0.0074    -0.0026    -0.0162    -0.0188    -0.0026   2.874712   2.874461  -0.000239    34.4366    34.4363     5.8759    27.6523    27.6522    34.4350    27.6510    1453.34    1453.33    -0.0161  1029.1107    34.6033 0.0000e+00
      20375 313.727164  -62.22280  -58.19035     -1.126    1451.72    305.000    301.849    -0.0130    -0.0154    -0.0024    -0.0244    -0.0268    -0.0024   2.873908   2.873674  -0.000236    34.4352    34.4348     5.8759    27.6515    27.6513    34.4342    27.6508    1453.29    1453.27    -0.0243  1029.1059    34.6025 0.0000e+00
      20398 313.727174  -62.22280  -58.19034     -1.134    1451.72    304.000    300.860    -0.0091    -0.0151    -0.0060    -0.0204    -0.0264    -0.0060   2.874258   2.873642  -0.000605    34.4356    34.4344     5.8882    27.6517    27.6510    34.4350    27.6512    1453.29    1453.26    -0.0203  1029.1015    34.6034 0.0000e+00
      20425 313.727187  -62.22280  -58.19033     -0.969    1451.72    303.000    299.871    -0.0141    -0.0177    -0.0037    -0.0254    -0.0291    -0.0037   2.873732   2.873404  -0.000338    34.4352    34.4348     5.9006    27.6516    27.6515    34.4343    27.6509    1453.25    1453.23    -0.0253  1029.0965    34.6026 0.0000e+00
      20456 313.727202  -62.22280  -58.19030     -0.780    1451.72    302.000    298.882    -0.0143    -0.0133     0.0010    -0.0256    -0.0246     0.0010   2.873639   2.873787   0.000112    34.4340    34.4344     5.9126    27.6507    27.6509    34.4339    27.6506    1453.23    1453.24    -0.0254  1029.0915    34.6022 0.0000e+00
      20482 313.727215  -62.22280  -58.19030     -0.839    1451.72    301.000    297.893    -0.0074    -0.0050     0.0024    -0.0187    -0.0163     0.0024   2.874171   2.874376   0.000245    34.4338    34.4344     5.9190    27.6501    27.6505    34.4338    27.6501    1453.25    1453.26    -0.0185  1029.0862    34.6021 0.0000e+00
      20504 313.727225  -62.22280  -58.19028     -1.014    1451.72    300.000    296.904    -0.0103    -0.0103    -0.0000    -0.0215    -0.0216    -0.0000   2.873855   2.873977   0.000042    34.4334    34.4340     5.9346    27.6500    27.6504    34.4335    27.6501    1453.21    1453.22    -0.0214  1029.0814    34.6018 0.0000e+00
      20525 313.727236  -62.22280  -58.19026     -1.115    1451.72    299.000    295.915    -0.0038    -0.0017     0.0021    -0.0150    -0.0129     0.0021   2.874412   2.874674   0.000224    34.4344    34.4350     5.9221    27.6504    27.6508    34.4342    27.6502    1453.23    1453.24    -0.0148  1029.0768    34.6025 0.0000e+00
      20548 313.727247  -62.22280  -58.19026     -1.085    1451.72    298.000    294.926    -0.0007     0.0120     0.0127    -0.0118     0.0009     0.0127   2.874774   2.876045   0.001262    34.4350    34.4374     5.9185    27.6507    27.6520    34.4360    27.6516    1453.23    1453.29    -0.0117  1029.0734    34.6043 0.0000e+00
      20576 313.727260  -62.22280  -58.19024     -0.931    1451.72    297.000    293.937     0.0053     0.0095     0.0042    -0.0058    -0.0017     0.0042   2.875253   2.875732   0.000513    34.4357    34.4378     5.9115    27.6510    27.6524    34.4363    27.6515    1453.24    1453.26    -0.0057  1029.0684    34.6046 0.0000e+00
      20607 313.727275  -62.22280  -58.19023     -0.789    1451.72    296.000    292.948     0.0088     0.0094     0.0006    -0.0023    -0.0017     0.0006   2.875601   2.875705   0.000095    34.4372    34.4378     5.9136    27.6520    27.6525    34.4376    27.6523    1453.24    1453.25    -0.0022  1029.0645    34.6058 0.0000e+00
      20634 313.727289  -62.22280  -58.19021     -0.828    1451.72    295.000    291.960     0.0095     0.0093    -0.0002    -0.0015    -0.0017    -0.0002   2.875654   2.875662   0.000019    34.4377    34.4381     5.8917    27.6523    27.6527    34.4380    27.6527    1453.23    1453.23    -0.0014  1029.0601    34.6063 0.0000e+00
      20659 313.727300  -62.22280  -58.19020     -0.923    1451.72    294.000    290.971     0.0098     0.0092    -0.0006    -0.0012    -0.0018    -0.0006   2.875609   2.875515  -0.000042    34.4376    34.4378     5.8784    27.6523    27.6524    34.4377    27.6524    1453.22    1453.21    -0.0011  1029.0551    34.6060 0.0000e+00
      20682 313.727311  -62.22280  -58.19019     -1.007    1451.72    293.000    289.982     0.0041     0.0009    -0.0032    -0.0069    -0.0101    -0.0032   2.874941   2.874660  -0.000312    34.4368    34.4363     5.8793    27.6520    27.6517    34.4359    27.6512    1453.17    1453.16    -0.0067  1029.0492    34.6041 0.0000e+00
      20704 313.727322  -62.22280  -58.19017     -1.079    1451.72    292.000    288.992    -0.0016    -0.0045    -0.0029    -0.0125    -0.0154    -0.0029   2.874286   2.873894  -0.000347    34.4349    34.4336     5.8883    27.6507    27.6498    34.4342    27.6501    1453.13    1453.11    -0.0124  1029.0435    34.6024 0.0000e+00
      20724 313.727332  -62.22280  -58.19016     -1.132    1451.72    291.000    288.004    -0.0056    -0.0098    -0.0042    -0.0164    -0.0206    -0.0042   2.873752   2.873294  -0.000412    34.4335    34.4327     5.8866    27.6497    27.6494    34.4323    27.6488    1453.09    1453.07    -0.0163  1029.0374    34.6005 0.0000e+00
      20745 313.727342  -62.22280  -58.19016     -1.161    1451.72    290.000    287.015    -0.0100    -0.0189    -0.0089    -0.0208    -0.0297    -0.0089   2.873384   2.872477  -0.000917    34.4333    34.4312     5.8764    27.6498    27.6486    34.4329    27.6495    1453.05    1453.01    -0.0207  1029.0335    34.6011 0.0000e+00
      20768 313.727353  -62.22280  -58.19014     -1.102    1451.72    289.000    286.026    -0.0117    -0.0163    -0.0045    -0.0225    -0.0270    -0.0045   2.873105   2.872625  -0.000475    34.4325    34.4313     5.8896    27.6493    27.6485    34.4318    27.6487    1453.03    1453.00    -0.0223  1029.0280    34.6000 0.0000e+00
      20797 313.727367  -62.22282  -58.19012     -0.902    1451.72    288.000    285.036    -0.0153    -0.0170    -0.0017    -0.0260    -0.0278    -0.0017   2.872653   2.872528  -0.000162    34.4310    34.4308     5.9143    27.6483    27.6482    34.4304    27.6478    1452.99    1452.99    -0.0259  1029.0223    34.5987 0.0000e+00
      20829 313.727382  -62.22282  -58.19011     -0.762    1451.72    287.000    284.048    -0.0152    -0.0143     0.0009    -0.0259    -0.0250     0.0009   2.872610   2.872708   0.000110    34.4308    34.4313     5.9435    27.6481    27.6484    34.4304    27.6477    1452.98    1452.98    -0.0258  1029.0175    34.5986 0.0000e+00
      20856 313.727395  -62.22282  -58.19009     -0.834    1451.72    286.000    283.058    -0.0206    -0.0219    -0.0013    -0.0312    -0.0325    -0.0013   2.871986   2.871895  -0.000116    34.4298    34.4297     5.9423    27.6475    27.6475    34.4287    27.6467    1452.93    1452.93    -0.0311  1029.0118    34.5969 0.0000e+00
      20880 313.727407  -62.22282  -58.19008     -0.953    1451.72    285.000    282.069    -0.0228    -0.0213     0.0015    -0.0334    -0.0319     0.0015   2.871786   2.871916   0.000142    34.4296    34.4298     5.9395    27.6475    27.6476    34.4292    27.6471    1452.91    1452.91    -0.0332  1029.0075    34.5974 0.0000e+00
      20902 313.727417  -62.22282  -58.19007     -1.042    1451.72    284.000    281.081    -0.0238    -0.0315    -0.0076    -0.0344    -0.0420    -0.0076   2.871529   2.870638  -0.000783    34.4288    34.4270     5.9403    27.6469    27.6458    34.4275    27.6459    1452.89    1452.84    -0.0342  1029.0015    34.5957 0.0000e+00
      20924 313.727428  -62.22282  -58.19005     -1.082    1451.72    283.000    280.091    -0.0350    -0.0424    -0.0074    -0.0454    -0.0528    -0.0074   2.870383   2.869635  -0.000768    34.4268    34.4249     5.9437    27.6459    27.6447    34.4255    27.6448    1452.81    1452.78    -0.0453  1028.9958    34.5936 0.0000e+00
      20947 313.727439  -62.22282  -58.19003     -1.072    1451.72    282.000    279.102    -0.0375    -0.0427    -0.0052    -0.0480    -0.0531    -0.0052   2.870079   2.869529  -0.000579    34.4263    34.4245     5.9598    27.6456    27.6444    34.4249    27.6445    1452.78    1452.76    -0.0479  1028.9908    34.5931 0.0000e+00
      20972 313.727451  -62.22282  -58.19002     -0.999    1451.72    281.000    278.113    -0.0406    -0.0411    -0.0005    -0.0509    -0.0514    -0.0005   2.869724   2.869671  -0.000067    34.4249    34.4245     5.9590    27.6446    27.6443    34.4242    27.6440    1452.75    1452.75    -0.0508  1028.9857    34.5923 0.0000e+00
      20998 313.727464  -62.22282  -58.19002     -0.938    1451.72    280.000    277.124    -0.0395    -0.0409    -0.0014    -0.0498    -0.0512    -0.0014   2.869744   2.869634  -0.000121    34.4244    34.4244     5.9733    27.6442    27.6442    34.4238    27.6437    1452.74    1452.73    -0.0497  1028.9805    34.5920 0.0000e+00
      21026 313.727477  -62.22282  -58.19001     -0.879    1451.72    279.000    276.135    -0.0384    -0.0382     0.0002    -0.0487    -0.0485     0.0002   2.869795   2.869850   0.000051    34.4243    34.4248     5.9857    27.6441    27.6444    34.4239    27.6437    1452.73    1452.73    -0.0486  1028.9758    34.5921 0.0000e+00
      21055 313.727491  -62.22282  -58.18998     -0.837    1451.72    278.000    275.146    -0.0374    -0.0375    -0.0001    -0.0476    -0.0477    -0.0001   2.869847   2.869860   0.000015    34.4245    34.4248     6.0011    27.6441    27.6444    34.4240    27.6437    1452.72    1452.72    -0.0475  1028.9711    34.5922 0.0000e+00
      21081 313.727504  -62.22282  -58.18998     -0.875    1451.72    277.000    274.157    -0.0392    -0.0373     0.0019    -0.0494    -0.0475     0.0019   2.869651   2.869915   0.000218    34.4244    34.4251     6.0050    27.6441    27.6446    34.4241    27.6439    1452.69    1452.71    -0.0493  1028.9665    34.5923 0.0000e+00
      21104 313.727515  -62.22282  -58.18996     -0.973    1451.72    276.000    273.168    -0.0338    -0.0310     0.0028    -0.0440    -0.0412     0.0028   2.870149   2.870418   0.000300    34.4249    34.4257     5.9829    27.6443    27.6447    34.4253    27.6446    1452.71    1452.72    -0.0439  1028.9612    34.5920 0.0000e+00
      21124 313.727525 -9.990e-29  -58.18994     -1.102    1451.72    275.000    272.178    -0.0314    -0.0317    -0.0003    -0.0416    -0.0418    -0.0003   2.870312   2.870313  -0.000001    34.4254    34.4256     5.9763    27.6445    27.6447    34.4253    27.6444    1452.70    1452.70    -0.0414  1028.9527    34.5875 0.0000e+00
      21143 313.727534 -9.990e-29  -58.18993     -1.200    1451.72    274.000    271.190    -0.0316    -0.0315     0.0001    -0.0417    -0.0416     0.0001   2.870228   2.870260   0.000027    34.4253    34.4255     5.9783    27.6444    27.6446    34.4250    27.6442    1452.68    1452.68    -0.0416  1028.9479    34.5873 0.0000e+00
      21163 313.727543 -9.990e-29  -58.18991     -1.234    1451.72    273.000    270.200    -0.0351    -0.0341     0.0010    -0.0452    -0.0442     0.0010   2.869874   2.869986   0.000098    34.4253    34.4255     5.9802    27.6447    27.6448    34.4249    27.6443    1452.65    1452.66    -0.0450  1028.9433    34.5872 0.0000e+00
      21186 313.727554 -9.990e-29  -58.18990     -1.149    1451.72    272.000    269.221    -0.0342    -0.0337     0.0004    -0.0442    -0.0438     0.0004   2.869923   2.869964   0.000076    34.4252    34.4257     5.9894    27.6445    27.6448    34.4251    27.6444    1452.64    1452.64    -0.0441  1028.9386    34.5874 0.0000e+00
