Pos-Processados/process_op41/operantar41_020.ros
* Sea-Bird SBE 9 Data File:
* FileName = C:\Users\Dell\Desktop\OperantarXLI\config\00_BRUTOS\OPE41020.hdr
* Software Version Seasave V 7.26.7.110
* Temperature SN = 6497
* Conductivity SN = 4954
* Number of Bytes Per Scan = 34
* Number of Voltage Words = 3
* Number of Scans Averaged by the Deck Unit = 1
* NMEA Latitude = 62 42.00 S
* NMEA Longitude = 058 53.83 W
* NMEA UTC (Time) = Nov 11 2022 06:25:21
* NMEA baud rate = 4800
** H41
** Navio Polar Almirante Maximiano
** LH-021/2022
** Operantar XLI
** Número da Estação 020
** Latitude 62´41.887S
** Longitude 058 53.875W
** Data/Hora (Z) 11/11/2022  0620
** Profundidade local 1497
** 09-1439
** Nome do Operador 1T FILIPE LOPES
# nquan = 24
# nvalues = 1134                                  
# units = specified
# name 0 = scan: Scan Count
# name 1 = timeJ: Julian Days
# name 2 = latitude: Latitude [deg]
# name 3 = longitude: Longitude [deg]
# name 4 = dz/dtM: Descent Rate [m/s]
# name 5 = avgsvCM: Average Sound Velocity [Chen-Millero, m/s]
# name 6 = prDM: Pressure, Digiquartz [db]
# name 7 = depSM: Depth [salt water, m]
# name 8 = t090C: Temperature [ITS-90, deg C]
# name 9 = t190C: Temperature, 2 [ITS-90, deg C]
# name 10 = T2-T190C: Temperature Difference, 2 - 1 [ITS-90, deg C]
# name 11 = potemp090C: Potential Temperature [ITS-90, deg C]
# name 12 = potemp190C: Potential Temperature, 2 [ITS-90, deg C]
# name 13 = potemp90Cdiff: Potential Temperature, Diff, 2 - 1 [ITS-90, deg C]
# name 14 = c0S/m: Conductivity [S/m]
# name 15 = c1S/m: Conductivity, 2 [S/m]
# name 16 = C2-C1S/m: Conductivity Difference, 2 - 1 [S/m]
# name 17 = sal00: Salinity, Practical [PSU]
# name 18 = sal11: Salinity, Practical, 2 [PSU]
# name 19 = sbeox0ML/L: Oxygen, SBE 43 [ml/l]
# name 20 = sigma-é00: Density [sigma-theta, kg/m^3]
# name 21 = sigma-é11: Density, 2 [sigma-theta, kg/m^3]
# name 22 = nbf: Bottles Fired
# name 23 = flag:  0.000e+00
# interval = seconds: 0.0416667
# start_time = Nov 11 2022 06:25:21 [NMEA time, header]
# bad_flag = -9.990e-29
*END*
[from data line 906]
      80289 315.306323  -62.71060  -58.88360      0.151    1456.51     35.656     35.309    -0.9467    -0.9471    -0.0004    -0.9476    -0.9480    -0.0004   2.776656   2.776707   0.000052    34.3507    34.3519     7.6692    27.6252    27.6261         11  0.000e+00
      80290 315.306324  -62.71060  -58.88360      0.149    1456.51     35.656     35.309    -0.9467    -0.9470    -0.0003    -0.9476    -0.9479    -0.0003   2.776656   2.776690   0.000035    34.3507    34.3516     7.6691    27.6252    27.6258         11  0.000e+00
      80291 315.306324  -62.71060  -58.88360      0.146    1456.51     35.664     35.317    -0.9467    -0.9472    -0.0006    -0.9476    -0.9482    -0.0006   2.776672   2.776622  -0.000050    34.3510    34.3509     7.6690    27.6253    27.6254         11  0.000e+00
      80292 315.306325  -62.71060  -58.88360      0.146    1456.51     35.656     35.309    -0.9467    -0.9474    -0.0008    -0.9476    -0.9484    -0.0008   2.776644   2.776605  -0.000039    34.3506    34.3509     7.6688    27.6250    27.6253         11  0.000e+00
      80293 315.306325  -62.71060  -58.88360      0.145    1456.51     35.728     35.381    -0.9465    -0.9474    -0.0008    -0.9475    -0.9483    -0.0008   2.776667   2.776622  -0.000045    34.3507    34.3510     7.6686    27.6251    27.6254         11  0.000e+00
      80294 315.306326  -62.71060  -58.88360      0.144    1456.51     35.656     35.309    -0.9467    -0.9470    -0.0003    -0.9476    -0.9479    -0.0003   2.776661   2.776667   0.000006    34.3508    34.3512     7.6683    27.6252    27.6256         11  0.000e+00
      80295 315.306326  -62.71060  -58.88360      0.145    1456.51     35.712     35.365    -0.9467    -0.9468    -0.0001    -0.9476    -0.9477    -0.0001   2.776695   2.776702   0.000007    34.3512    34.3515     7.6680    27.6256    27.6258         11  0.000e+00
      80296 315.306327  -62.71060  -58.88360      0.147    1456.51     35.728     35.381    -0.9467    -0.9470    -0.0003    -0.9476    -0.9479    -0.0003   2.776650   2.776713   0.000063    34.3506    34.3518     7.6677    27.6251    27.6261         11  0.000e+00
      80297 315.306327  -62.71060  -58.88360      0.139    1456.51     35.656     35.309    -0.9467    -0.9466     0.0000    -0.9476    -0.9476     0.0000   2.776667   2.776673   0.000006    34.3509    34.3509     7.6738    27.6253    27.6253         11  0.000e+00
      80298 315.306328  -62.71060  -58.88360      0.142    1456.51     35.728     35.381    -0.9468    -0.9468     0.0000    -0.9478    -0.9477     0.0000   2.776661   2.776696   0.000035    34.3510    34.3514     7.6679    27.6254    27.6257         11  0.000e+00
      80299 315.306328  -62.71060  -58.88360      0.145    1456.51     35.777     35.429    -0.9468    -0.9466     0.0002    -0.9478    -0.9476     0.0002   2.776678   2.776707   0.000029    34.3512    34.3513     7.6686    27.6255    27.6256         11  0.000e+00
      80300 315.306329  -62.71060  -58.88360      0.143    1456.51     35.728     35.381    -0.9468    -0.9469    -0.0001    -0.9478    -0.9479    -0.0001   2.776678   2.776690   0.000012    34.3512    34.3514     7.6680    27.6255    27.6258         11  0.000e+00
      80301 315.306329  -62.71060  -58.88360      0.140    1456.51     35.712     35.365    -0.9470    -0.9465     0.0005    -0.9479    -0.9475     0.0005   2.776661   2.776645  -0.000017    34.3511    34.3504     7.6674    27.6255    27.6249         11  0.000e+00
      80302 315.306330  -62.71060  -58.88360      0.140    1456.51     35.712     35.365    -0.9468    -0.9468     0.0000    -0.9478    -0.9477     0.0000   2.776695   2.776633  -0.000061    34.3514    34.3505     7.6668    27.6257    27.6250         11  0.000e+00
      80303 315.306330  -62.71060  -58.88360      0.137    1456.51     35.728     35.381    -0.9468    -0.9468     0.0000    -0.9478    -0.9477     0.0000   2.776672   2.776707   0.000035    34.3511    34.3515     7.6726    27.6255    27.6258         11  0.000e+00
      80304 315.306331  -62.71060  -58.88360      0.139    1456.51     35.777     35.429    -0.9470    -0.9468     0.0002    -0.9479    -0.9477     0.0002   2.776672   2.776736   0.000063    34.3512    34.3519     7.6665    27.6256    27.6261         11  0.000e+00
      80305 315.306331  -62.71060  -58.88360      0.137    1456.51     35.728     35.381    -0.9470    -0.9462     0.0008    -0.9479    -0.9471     0.0008   2.776639   2.776741   0.000103    34.3508    34.3513     7.6657    27.6252    27.6256         11  0.000e+00
      80306 315.306332  -62.71060  -58.88360      0.135    1456.51     35.777     35.429    -0.9470    -0.9460     0.0010    -0.9479    -0.9469     0.0010   2.776689   2.776741   0.000052    34.3515    34.3511     7.6583    27.6258    27.6254         11  0.000e+00
      80307 315.306332  -62.71060  -58.88360      0.138    1456.51     35.777     35.429    -0.9470    -0.9457     0.0013    -0.9479    -0.9467     0.0013   2.776667   2.776736   0.000069    34.3511    34.3507     7.6630    27.6255    27.6251         11  0.000e+00
      80308 315.306332  -62.71060  -58.88360      0.138    1456.51     35.785     35.437    -0.9471    -0.9460     0.0011    -0.9481    -0.9469     0.0011   2.776656   2.776719   0.000063    34.3512    34.3507     7.6621    27.6256    27.6252         11  0.000e+00
      80309 315.306333  -62.71060  -58.88360      0.136    1456.51     35.777     35.429    -0.9470    -0.9468     0.0002    -0.9479    -0.9477     0.0002   2.776672   2.776650  -0.000022    34.3512    34.3507     7.6612    27.6256    27.6252         11  0.000e+00
      80310 315.306333  -62.71060  -58.88360      0.135    1456.51     35.785     35.437    -0.9470    -0.9468     0.0002    -0.9479    -0.9477     0.0002   2.776644   2.776611  -0.000034    34.3508    34.3502     7.6537    27.6253    27.6247         11  0.000e+00
      80311 315.306334  -62.71060  -58.88360      0.132    1456.51     35.777     35.429    -0.9470    -0.9474    -0.0004    -0.9479    -0.9483    -0.0004   2.776684   2.776622  -0.000062    34.3514    34.3510     7.6581    27.6257    27.6254         11  0.000e+00
      80312 315.306334  -62.71060  -58.88360      0.135    1456.51     35.833     35.485    -0.9471    -0.9474    -0.0003    -0.9481    -0.9484    -0.0003   2.776672   2.776650  -0.000022    34.3514    34.3514     7.6507    27.6257    27.6258         11  0.000e+00
      80313 315.306335  -62.71060  -58.88360      0.128    1456.51     35.728     35.381    -0.9468    -0.9474    -0.0005    -0.9478    -0.9483    -0.0005   2.776672   2.776639  -0.000033    34.3511    34.3513     7.6485    27.6255    27.6256         11  0.000e+00
      80314 315.306335  -62.71060  -58.88360      0.130    1456.51     35.833     35.485    -0.9470    -0.9477    -0.0008    -0.9479    -0.9487    -0.0008   2.776661   2.776650  -0.000011    34.3510    34.3517     7.6476    27.6254    27.6260         11  0.000e+00
      80315 315.306336  -62.71060  -58.88360      0.132    1456.51     35.841     35.493    -0.9468    -0.9477    -0.0009    -0.9478    -0.9487    -0.0009   2.776678   2.776616  -0.000062    34.3511    34.3513     7.6532    27.6255    27.6257         11  0.000e+00
      80316 315.306336  -62.71060  -58.88360      0.136    1456.51     35.833     35.485    -0.9468    -0.9477    -0.0009    -0.9477    -0.9487    -0.0009   2.776661   2.776622  -0.000039    34.3508    34.3514     7.6468    27.6253    27.6257         11  0.000e+00
      80317 315.306337  -62.71060  -58.88360      0.132    1456.51     35.777     35.429    -0.9467    -0.9477    -0.0011    -0.9476    -0.9487    -0.0010   2.776678   2.776667  -0.000011    34.3510    34.3520     7.6523    27.6254    27.6263         11  0.000e+00
      80318 315.306337  -62.71060  -58.88360      0.132    1456.51     35.841     35.493    -0.9467    -0.9475    -0.0009    -0.9476    -0.9485    -0.0009   2.776678   2.776645  -0.000033    34.3509    34.3515     7.6526    27.6253    27.6258         11  0.000e+00
      80319 315.306338  -62.71060  -58.88360      0.134    1456.51     35.833     35.485    -0.9467    -0.9477    -0.0011    -0.9476    -0.9487    -0.0010   2.776644   2.776594  -0.000051    34.3505    34.3510     7.6528    27.6250    27.6254         11  0.000e+00
      80320 315.306338  -62.71060  -58.88360      0.133    1456.51     35.841     35.493    -0.9468    -0.9474    -0.0005    -0.9478    -0.9483    -0.0005   2.776684   2.776616  -0.000067    34.3512    34.3509     7.6530    27.6256    27.6253         11  0.000e+00
      80321 315.306339  -62.71060  -58.88360      0.130    1456.51     35.833     35.485    -0.9470    -0.9475    -0.0006    -0.9479    -0.9485    -0.0006   2.776644   2.776650   0.000006    34.3508    34.3516     7.6532    27.6252    27.6259         11  0.000e+00
      80322 315.306339  -62.71060  -58.88360      0.130    1456.51     35.841     35.493    -0.9470    -0.9475    -0.0006    -0.9479    -0.9485    -0.0006   2.776689   2.776656  -0.000033    34.3514    34.3516     7.6533    27.6257    27.6259         11  0.000e+00
      80323 315.306340  -62.71060  -58.88360      0.130    1456.51     35.833     35.485    -0.9470    -0.9479    -0.0009    -0.9479    -0.9488    -0.0009   2.776644   2.776662   0.000017    34.3508    34.3521     7.6535    27.6252    27.6263         11  0.000e+00
      80324 315.306340  -62.71060  -58.88360      0.129    1456.51     35.833     35.485    -0.9471    -0.9477    -0.0006    -0.9481    -0.9487    -0.0006   2.776650   2.776599  -0.000051    34.3511    34.3511     7.6472    27.6255    27.6255         12  0.000e+00
      80325 315.306341  -62.71060  -58.88360      0.132    1456.51     35.906     35.557    -0.9470    -0.9477    -0.0008    -0.9479    -0.9487    -0.0008   2.776672   2.776656  -0.000016    34.3511    34.3518     7.6464    27.6255    27.6261         12  0.000e+00
      80326 315.306341  -62.71060  -58.88360      0.129    1456.51     35.833     35.485    -0.9471    -0.9475    -0.0005    -0.9480    -0.9485    -0.0005   2.776661   2.776662 5.6366e-07    34.3512    34.3517     7.6521    27.6255    27.6260         12  0.000e+00
      80327 315.306342  -62.71060  -58.88360      0.130    1456.51     35.906     35.557    -0.9470    -0.9479    -0.0009    -0.9479    -0.9488    -0.0009   2.776656   2.776599  -0.000056    34.3509    34.3512     7.6524    27.6253    27.6256         12  0.000e+00
      80328 315.306342  -62.71060  -58.88360      0.127    1456.51     35.833     35.485    -0.9467    -0.9474    -0.0007    -0.9476    -0.9483    -0.0007   2.776622   2.776616  -0.000006    34.3502    34.3509     7.6526    27.6247    27.6253         12  0.000e+00
      80329 315.306343  -62.71060  -58.88360      0.133    1456.51     35.954     35.605    -0.9470    -0.9475    -0.0006    -0.9479    -0.9485    -0.0006   2.776661   2.776633  -0.000028    34.3510    34.3512     7.6530    27.6254    27.6256         12  0.000e+00
      80330 315.306343  -62.71060  -58.88360      0.129    1456.51     35.841     35.493    -0.9471    -0.9477    -0.0006    -0.9481    -0.9487    -0.0006   2.776639   2.776628  -0.000011    34.3509    34.3514     7.6532    27.6253    27.6258         12  0.000e+00
      80331 315.306344  -62.71060  -58.88360      0.131    1456.51     35.890     35.541    -0.9471    -0.9475    -0.0004    -0.9481    -0.9485    -0.0004   2.776650   2.776667   0.000017    34.3511    34.3517     7.6535    27.6254    27.6260         12  0.000e+00
      80332 315.306344  -62.71060  -58.88360      0.129    1456.51     35.906     35.557    -0.9470    -0.9477    -0.0008    -0.9479    -0.9487    -0.0008   2.776656   2.776645  -0.000011    34.3509    34.3516     7.6537    27.6253    27.6259         12  0.000e+00
      80333 315.306345  -62.71060  -58.88360      0.129    1456.51     35.890     35.541    -0.9471    -0.9475    -0.0004    -0.9481    -0.9485    -0.0004   2.776656   2.776594  -0.000062    34.3511    34.3507     7.6540    27.6255    27.6252         12  0.000e+00
      80334 315.306345  -62.71060  -58.88360      0.126    1456.51     35.833     35.485    -0.9471    -0.9475    -0.0004    -0.9481    -0.9485    -0.0004   2.776656   2.776599  -0.000056    34.3512    34.3509     7.6542    27.6255    27.6253         12  0.000e+00
      80335 315.306345  -62.71060  -58.88360      0.126    1456.51     35.906     35.557    -0.9470    -0.9478    -0.0009    -0.9479    -0.9488    -0.0009   2.776639   2.776662   0.000023    34.3507    34.3520     7.6545    27.6251    27.6262         12  0.000e+00
      80336 315.306346  -62.71060  -58.88360      0.128    1456.51     35.954     35.605    -0.9470    -0.9477    -0.0008    -0.9479    -0.9487    -0.0008   2.776667   2.776645  -0.000022    34.3510    34.3516     7.6548    27.6254    27.6259         12  0.000e+00
      80337 315.306346  -62.71060  -58.88360      0.127    1456.51     35.906     35.557    -0.9470    -0.9478    -0.0009    -0.9479    -0.9488    -0.0009   2.776639   2.776611  -0.000028    34.3507    34.3513     7.6551    27.6251    27.6257         12  0.000e+00
      80338 315.306347  -62.71060  -58.88360      0.124    1456.51     35.890     35.541    -0.9470    -0.9477    -0.0008    -0.9479    -0.9487    -0.0008   2.776650   2.776605  -0.000045    34.3508    34.3511     7.6553    27.6253    27.6255         12  0.000e+00
      80339 315.306347  -62.71060  -58.88360      0.125    1456.51     35.954     35.605    -0.9474    -0.9480    -0.0006    -0.9484    -0.9490    -0.0006   2.776611   2.776622   0.000011    34.3508    34.3516     7.6557    27.6253    27.6259         12  0.000e+00
      80340 315.306348  -62.71060  -58.88360      0.118    1456.51     35.841     35.493    -0.9471    -0.9483    -0.0012    -0.9481    -0.9493    -0.0012   2.776622   2.776594  -0.000028    34.3507    34.3517     7.6558    27.6252    27.6260         12  0.000e+00
      80341 315.306348  -62.71060  -58.88360      0.117    1456.51     35.954     35.605    -0.9471    -0.9488    -0.0017    -0.9481    -0.9498    -0.0017   2.776605   2.776542  -0.000063    34.3504    34.3514     7.6562    27.6249    27.6258         12  0.000e+00
      80342 315.306349  -62.71060  -58.88360      0.117    1456.51     35.906     35.557    -0.9474    -0.9489    -0.0015    -0.9484    -0.9499    -0.0015   2.776605   2.776548  -0.000057    34.3508    34.3517     7.6565    27.6252    27.6260         12  0.000e+00
      80343 315.306349  -62.71060  -58.88360      0.115    1456.51     35.954     35.605    -0.9473    -0.9486    -0.0013    -0.9483    -0.9496    -0.0013   2.776622   2.776571  -0.000051    34.3508    34.3516     7.6568    27.6253    27.6260         12  0.000e+00
      80344 315.306350  -62.71060  -58.88360      0.116    1456.51     35.954     35.605    -0.9476    -0.9486    -0.0010    -0.9486    -0.9496    -0.0010   2.776594   2.776599   0.000005    34.3508    34.3520     7.6571    27.6253    27.6263         12  0.000e+00
      80345 315.306350  -62.71060  -58.88360      0.114    1456.51     35.906     35.557    -0.9481    -0.9482    -0.0001    -0.9490    -0.9491    -0.0001   2.776594   2.776622   0.000028    34.3514    34.3518     7.6574    27.6257    27.6261         12  0.000e+00
      80346 315.306351  -62.71060  -58.88360      0.110    1456.51     35.954     35.605    -0.9481    -0.9478     0.0003    -0.9490    -0.9488     0.0003   2.776583   2.776633   0.000051    34.3512    34.3516     7.6588    27.6256    27.6259         12  0.000e+00
      80347 315.306351  -62.71060  -58.88360      0.111    1456.51     35.962     35.613    -0.9477    -0.9479    -0.0002    -0.9487    -0.9488    -0.0002   2.776616   2.776611  -0.000006    34.3512    34.3513     7.6591    27.6256    27.6257         12  0.000e+00
      80348 315.306352  -62.71060  -58.88360      0.109    1456.51     35.890     35.541    -0.9477    -0.9475     0.0002    -0.9487    -0.9485     0.0002   2.776628   2.776679   0.000051    34.3514    34.3519     7.6593    27.6258    27.6262         12  0.000e+00
