Pos-Processados/process_op41/operantar41_008.cnv
* Sea-Bird SBE 9 Data File:
* FileName = C:\Users\Dell\Desktop\OperantarXLI\config\00_BRUTOS\OP41008.hdr
* Software Version Seasave V 7.26.7.110
* Temperature SN = 6497
* Conductivity SN = 4954
* Number of Bytes Per Scan = 31
* Number of Voltage Words = 2
* Number of Scans Averaged by the Deck Unit = 1
* NMEA Latitude = 42 30.30 S
* NMEA Longitude = 052 37.08 W
* NMEA UTC (Time) = Oct 22 2022 23:44:28
* NMEA baud rate = 4800
** H41
** Navio Polar Almirante Maximiano
** LH-021/2022
** Operantar XLI
** Número da Estação 008
** Latitude 42 30.175S
** Longitude 52 36.384
** Data/Hora (Z) 22/10/2022 2343Z
** Profundidade local 5665
** 09-1439
** Nome do Operador 1T FILIPE LOPES
# nquan = 30
# nvalues = 2041                        
# units = specified
# name 0 = scan: Scan Count
# name 1 = timeJ: Julian Days
# name 2 = latitude: Latitude [deg]
# name 3 = longitude: Longitude [deg]
# name 4 = dz/dtM: Descent Rate [m/s]
# name 5 = avgsvCM: Average Sound Velocity [Chen-Millero, m/s]
# name 6 = prDM: Pressure, Digiquartz [db]
# name 7 = depSM: Depth [salt water, m]
# name 8 = t090C: Temperature [ITS-90, deg C]
# name 9 = t190C: Temperature, 2 [ITS-90, deg C]
# name 10 = T2-T190C: Temperature Difference, 2 - 1 [ITS-90, deg C]
# name 11 = potemp090C: Potential Temperature [ITS-90, deg C]
# name 12 = potemp190C: Potential Temperature, 2 [ITS-90, deg C]
# name 13 = potemp90Cdiff: Potential Temperature, Diff, 2 - 1 [ITS-90, deg C]
# name 14 = c0S/m: Conductivity [S/m]
# name 15 = c1S/m: Conductivity, 2 [S/m]
# name 16 = C2-C1S/m: Conductivity Difference, 2 - 1 [S/m]
# name 17 = sal00: Salinity, Practical [PSU]
# name 18 = sal11: Salinity, Practical, 2 [PSU]
# name 19 = sbeox0ML/L: Oxygen, SBE 43 [ml/l]
# name 20 = sigma-é00: Density [sigma-theta, kg/m^3]
# name 21 = sigma-é11: Density, 2 [sigma-theta, kg/m^3]
# name 22 = sal00: Salinity, Practical [PSU]
# name 23 = sigma-é00: Density [sigma-theta, kg/m^3]
# name 24 = svCM: Sound Velocity [Chen-Millero, m/s]
# name 25 = svCM1: Sound Velocity, 2 [Chen-Millero, m/s]
# name 26 = gsw_ptA0: potential temperature [ITS-90, deg C]
# name 27 = gsw_densityA0: density, TEOS-10 [density, kg/m^3]
# name 28 = gsw_saA0: Absolute Salinity [g/kg]
# name 29 = flag:
# span 0 =        685,      68183       
# span 1 = 295.989543, 296.022094       
# span 2 =  -42.50855,  -42.50512       
# span 3 =  -52.65680,  -52.61845       
# span 4 =     -1.861,      1.598       
# span 5 =       0.00,    1505.49       
# span 6 =      2.000,   1023.000       
# span 7 =      1.984,   1012.426       
# span 8 =     3.0793,    14.0842       
# span 9 =     3.0797,    14.0836       
# span 10 =    -1.1762,     0.0808      
# span 11 =     3.0093,    14.0836      
# span 12 =     3.0098,    14.0828      
# span 13 =    -1.1758,     0.0803      
# span 14 =   3.164762,   4.176686      
# span 15 =   3.164821,   4.176675      
# span 16 =  -0.019916,   0.007203      
# span 17 =    34.1350,    35.0501      
# span 18 =    34.1354,    36.0334      
# span 19 =     4.3688,     6.1822      
# span 20 =    25.9859,    27.3631      
# span 21 =    25.9861,    27.5744      
# span 22 =    34.1358,    35.0462      
# span 23 =    25.9858,    27.3629      
# span 24 =    1474.42,    1503.61      
# span 25 =    1474.43,    1503.61      
# span 26 =     3.0092,    14.0836      
# span 27 =  1026.0083,  1032.1001      
# span 28 =    34.2974,    35.2117      
# span 29 = 0.0000e+00, 0.0000e+00      
# interval = decibars: 1                
# start_time = Oct 22 2022 23:44:28 [NMEA time, header]
# bad_flag = -9.990e-29
*END*
[from data line 774]
      20633 295.999163  -42.50672  -52.62995      0.994    1479.70    778.000    770.417     3.8898     3.8909     0.0011     3.8332     3.8343     0.0011   3.219326   3.219437   0.000071    34.2773    34.2770     4.8205    27.2283    27.2279    34.2746    27.2261    1478.00    1478.01     3.8331  1030.8220    34.4386 0.0000e+00
      20650 295.999171  -42.50672  -52.62996      1.231    1479.70    779.000    771.405     3.8727     3.8748     0.0020     3.8162     3.8182     0.0020   3.217886   3.218028   0.000169    34.2769    34.2768     4.8217    27.2296    27.2293    34.2748    27.2280    1477.95    1477.96     3.8160  1030.8288    34.4387 0.0000e+00
      20667 295.999179  -42.50672  -52.62996      1.378    1479.70    780.000    772.393     3.8672     3.8692     0.0020     3.8106     3.8126     0.0020   3.217402   3.217645   0.000239    34.2763    34.2771     4.8239    27.2298    27.2302    34.2743    27.2282    1477.94    1477.95     3.8104  1030.8337    34.4382 0.0000e+00
      20685 295.999188  -42.50672  -52.62997      1.406    1479.70    781.000    773.382     3.8581     3.8622     0.0041     3.8014     3.8056     0.0041   3.216525   3.216944   0.000397    34.2757    34.2761     4.8250    27.2302    27.2301    34.2729    27.2279    1477.92    1477.94     3.8013  1030.8382    34.4368 0.0000e+00
      20710 295.999200  -42.50672  -52.62998      1.157    1479.70    782.000    774.370     3.8498     3.8565     0.0066     3.7932     3.7997     0.0066   3.216038   3.216623   0.000570    34.2761    34.2760     4.8235    27.2314    27.2306    34.2752    27.2306    1477.90    1477.93     3.7930  1030.8457    34.4392 0.0000e+00
      20756 295.999222  -42.50672  -52.63000      0.509    1479.70    783.000    775.358     3.8569     3.8623     0.0054     3.8002     3.8055     0.0054   3.216644   3.217086   0.000454    34.2761    34.2758     4.8230    27.2306    27.2299    34.2745    27.2293    1477.95    1477.97     3.8000  1030.8488    34.4384 0.0000e+00
      20794 295.999240  -42.50672  -52.63004      0.601    1479.70    784.000    776.347     3.8477     3.8483     0.0006     3.7908     3.7915     0.0006   3.216000   3.216008   0.000015    34.2771    34.2766     4.8235    27.2324    27.2319    34.2760    27.2315    1477.93    1477.93     3.7907  1030.8557    34.4400 0.0000e+00
      20820 295.999253  -42.50672  -52.63006      0.828    1479.70    785.000    777.335     3.8435     3.8452     0.0017     3.7866     3.7883     0.0017   3.215669   3.215755   0.000088    34.2774    34.2766     4.8195    27.2330    27.2322    34.2759    27.2318    1477.93    1477.93     3.7865  1030.8607    34.4399 0.0000e+00
      20842 295.999264  -42.50672  -52.63006      0.994    1479.70    786.000    778.324     3.8384     3.8400     0.0015     3.7815     3.7831     0.0015   3.215183   3.215300   0.000110    34.2765    34.2763     4.8146    27.2328    27.2325    34.2749    27.2315    1477.92    1477.93     3.7814  1030.8652    34.4389 0.0000e+00
      20864 295.999274  -42.50672  -52.63008      1.084    1479.70    787.000    779.312     3.8325     3.8333     0.0008     3.7755     3.7763     0.0008   3.214742   3.214778   0.000057    34.2765    34.2763     4.8172    27.2334    27.2332    34.2754    27.2325    1477.91    1477.92     3.7754  1030.8708    34.4393 0.0000e+00
      20886 295.999285  -42.50672  -52.63010      1.097    1479.70    788.000    780.300     3.8324     3.8325     0.0001     3.7754     3.7754     0.0001   3.214836   3.214822  -0.000008    34.2770    34.2768     4.8194    27.2338    27.2337    34.2761    27.2331    1477.93    1477.93     3.7752  1030.8760    34.4401 0.0000e+00
      20909 295.999296  -42.50672  -52.63010      1.076    1479.70    789.000    781.289     3.8321     3.8325     0.0004     3.7750     3.7754     0.0004   3.214937   3.214961   0.000024    34.2778    34.2776     4.8266    27.2345    27.2344    34.2771    27.2339    1477.95    1477.95     3.7748  1030.8814    34.4411 0.0000e+00
      20936 295.999309  -42.50672  -52.63012      0.982    1479.70    790.000    782.277     3.8322     3.8345     0.0023     3.7750     3.7773     0.0023   3.215059   3.215213   0.000143    34.2785    34.2778     4.8260    27.2351    27.2343    34.2779    27.2346    1477.96    1477.97     3.7749  1030.8866    34.4419 0.0000e+00
      20980 295.999330  -42.50674  -52.63016      0.565    1479.70    791.000    783.265     3.8297     3.8346     0.0049     3.7724     3.7773     0.0048   3.214953   3.215238   0.000285    34.2795    34.2778     4.8097    27.2361    27.2343    34.2787    27.2355    1477.97    1477.99     3.7723  1030.8922    34.4427 0.0000e+00
      21021 295.999350  -42.50672  -52.63019      0.543    1479.70    792.000    784.254     3.8219     3.8226     0.0007     3.7646     3.7653     0.0007   3.214333   3.214299  -0.000026    34.2803    34.2793     4.8001    27.2375    27.2367    34.2789    27.2365    1477.96    1477.96     3.7645  1030.8979    34.4430 0.0000e+00
      21045 295.999362  -42.50672  -52.63020      0.849    1479.70    793.000    785.242     3.8124     3.8136     0.0012     3.7551     3.7563     0.0012   3.213524   3.213528   0.000009    34.2801    34.2790     4.8059    27.2384    27.2374    34.2787    27.2372    1477.93    1477.93     3.7550  1030.9035    34.4427 0.0000e+00
      21065 295.999371  -42.50672  -52.63021      1.080    1479.70    794.000    786.231     3.8109     3.8112     0.0003     3.7536     3.7538     0.0003   3.213398   3.213417   0.000019    34.2792    34.2791     4.8025    27.2377    27.2377    34.2783    27.2370    1477.94    1477.94     3.7534  1030.9079    34.4423 0.0000e+00
      21085 295.999381  -42.50672  -52.63022      1.200    1479.70    795.000    787.218     3.8102     3.8105     0.0003     3.7527     3.7530     0.0003   3.213395   3.213422   0.000034    34.2793    34.2794     4.7962    27.2380    27.2380    34.2785    27.2373    1477.95    1477.96     3.7526  1030.9128    34.4426 0.0000e+00
      21113 295.999394  -42.50672  -52.63023      1.012    1479.70    796.000    788.207     3.8098     3.8120     0.0022     3.7523     3.7545     0.0022   3.213469   3.213629   0.000151    34.2799    34.2794     4.7971    27.2384    27.2378    34.2793    27.2380    1477.97    1477.98     3.7521  1030.9180    34.4433 0.0000e+00
      21156 295.999415  -42.50672  -52.63026      0.533    1479.70    797.000    789.195     3.8085     3.8107     0.0022     3.7509     3.7531     0.0022   3.213417   3.213550   0.000139    34.2803    34.2796     4.7947    27.2389    27.2382    34.2795    27.2383    1477.98    1477.99     3.7508  1030.9229    34.4436 0.0000e+00
      21189 295.999431  -42.50672  -52.63029      0.671    1479.70    798.000    790.184     3.7996     3.8012     0.0015     3.7420     3.7436     0.0015   3.212791   3.212833   0.000047    34.2819    34.2809     4.7953    27.2411    27.2401    34.2808    27.2402    1477.96    1477.97     3.7419  1030.9296    34.4448 0.0000e+00
      21212 295.999442  -42.50672  -52.63031      0.903    1479.70    799.000    791.172     3.7956     3.7962     0.0006     3.7379     3.7385     0.0006   3.212518   3.212516   0.000004    34.2820    34.2814     4.7934    27.2416    27.2410    34.2813    27.2410    1477.96    1477.96     3.7378  1030.9350    34.4453 0.0000e+00
      21233 295.999452  -42.50673  -52.63032      1.090    1479.70    800.000    792.160     3.7964     3.7964     0.0000     3.7387     3.7387     0.0000   3.212633   3.212643   0.000013    34.2818    34.2819     4.7952    27.2413    27.2414    34.2812    27.2409    1477.98    1477.98     3.7385  1030.9395    34.4453 0.0000e+00
      21253 295.999462  -42.50674  -52.63032      1.193    1479.70    801.000    793.148     3.7971     3.7970    -0.0001     3.7393     3.7392    -0.0001   3.212761   3.212746 -5.892e-08    34.2818    34.2819     4.7911    27.2413    27.2414    34.2815    27.2411    1478.00    1478.00     3.7392  1030.9442    34.4456 0.0000e+00
      21276 295.999473  -42.50674  -52.63034      1.136    1479.70    802.000    794.137     3.7996     3.7987    -0.0009     3.7417     3.7408    -0.0009   3.213083   3.212980  -0.000087    34.2823    34.2822     4.7823    27.2415    27.2414    34.2822    27.2414    1478.03    1478.03     3.7415  1030.9491    34.4463 0.0000e+00
      21312 295.999490  -42.50674  -52.63037      0.759    1479.70    803.000    795.125     3.8039     3.8000    -0.0039     3.7458     3.7420    -0.0039   3.213562   3.213117  -0.000415    34.2827    34.2819     4.7834    27.2414    27.2411    34.2829    27.2415    1478.07    1478.05     3.7457  1030.9537    34.4470 0.0000e+00
      21357 295.999512  -42.50674  -52.63040      0.485    1479.70    804.000    796.113     3.8147     3.8125    -0.0022     3.7565     3.7543    -0.0022   3.214821   3.214700  -0.000150    34.2853    34.2857     4.7686    27.2423    27.2429    34.2861    27.2430    1478.13    1478.12     3.7564  1030.9595    34.4502 0.0000e+00
      21385 295.999526  -42.50672  -52.63042      0.741    1479.70    805.000    797.102     3.8307     3.8296    -0.0011     3.7723     3.7712    -0.0011   3.216495   3.216624   0.000118    34.2869    34.2895     4.7613    27.2421    27.2442    34.2888    27.2435    1478.22    1478.22     3.7722  1030.9643    34.4529 0.0000e+00
      21405 295.999535  -42.50672  -52.63042      1.003 -9.990e-29    806.000    798.090     3.8360     3.8355    -0.0004     3.7775     3.7770    -0.0004   3.217220   3.217241   0.000029    34.2901    34.2908     4.7641    27.2440    27.2447    34.2914    27.2451    1478.26    1478.26     3.7773  1030.9703    34.4555 0.0000e+00
      21423 295.999544  -42.50672  -52.63043      1.224 -9.990e-29    807.000    799.078     3.8391     3.8384    -0.0007     3.7806     3.7798    -0.0007   3.217647   3.217614  -0.000029    34.2912    34.2916     4.7604    27.2447    27.2450    34.2926    27.2457    1478.29    1478.29     3.7804  1030.9755    34.4567 0.0000e+00
      21439 295.999552  -42.50672  -52.63044      1.376 -9.990e-29    808.000    800.067     3.8442     3.8433    -0.0009     3.7855     3.7846    -0.0009   3.218304   3.218239  -0.000059    34.2927    34.2930     4.7490    27.2453    27.2456    34.2946    27.2468    1478.33    1478.33     3.7853  1030.9810    34.4588 0.0000e+00
      21455 295.999559  -42.50672  -52.63046      1.454 -9.990e-29    809.000    801.054     3.8514     3.8506    -0.0007     3.7926     3.7918    -0.0007   3.219122   3.219077  -0.000038    34.2945    34.2948     4.7417    27.2460    27.2464    34.2963    27.2475    1478.38    1478.38     3.7924  1030.9861    34.4604 0.0000e+00
      21474 295.999569  -42.50673  -52.63047      1.415    1479.62    810.000    802.043     3.8559     3.8550    -0.0009     3.7970     3.7960    -0.0009   3.219658   3.219587  -0.000075    34.2961    34.2962     4.7355    27.2469    27.2470    34.2974    27.2479    1478.42    1478.42     3.7968  1030.9910    34.4616 0.0000e+00
      21529 295.999595  -42.50674  -52.63051      0.531    1479.60    811.000    803.029     3.8551     3.8507    -0.0044     3.7961     3.7917    -0.0043   3.219590   3.219098  -0.000452    34.2960    34.2952     4.7043    27.2469    27.2467    34.2970    27.2477    1478.43    1478.41     3.7959  1030.9953    34.4611 0.0000e+00
      21585 295.999622  -42.50674  -52.63054      0.450    1479.60    812.000    804.020     3.8634     3.8624    -0.0010     3.8042     3.8032    -0.0010   3.220714   3.220735   0.000001    34.2989    34.3000     4.6838    27.2484    27.2493    34.3011    27.2501    1478.49    1478.49     3.8041  1031.0022    34.4653 0.0000e+00
      21604 295.999631  -42.50674  -52.63056      0.925    1479.60    813.000    805.008     3.8739     3.8736    -0.0003     3.8146     3.8143    -0.0003   3.221792   3.221849   0.000039    34.3013    34.3020     4.6874    27.2493    27.2499    34.3024    27.2501    1478.55    1478.55     3.8144  1031.0065    34.4666 0.0000e+00
      21621 295.999639  -42.50674  -52.63057      1.222    1479.60    814.000    805.996     3.8718     3.8733     0.0015     3.8124     3.8139     0.0015   3.221501   3.221697   0.000170    34.3013    34.3018     4.6926    27.2494    27.2497    34.3006    27.2489    1478.56    1478.56     3.8123  1031.0099    34.4648 0.0000e+00
      21637 295.999647  -42.50674  -52.63058      1.397    1479.60    815.000    806.984     3.8543     3.8560     0.0017     3.7950     3.7966     0.0017   3.219962   3.220104   0.000148    34.3011    34.3011     4.6937    27.2510    27.2509    34.3001    27.2503    1478.50    1478.51     3.7948  1031.0163    34.4643 0.0000e+00
      21653 295.999655  -42.50674  -52.63060      1.487    1479.60    816.000    807.972     3.8339     3.8396     0.0057     3.7746     3.7803     0.0057   3.217635   3.218217   0.000489    34.2997    34.2996     4.6927    27.2520    27.2513    34.2933    27.2469    1478.42    1478.45     3.7745  1031.0180    34.4575 0.0000e+00
      21669 295.999663  -42.50674  -52.63060      1.511    1479.60    817.000    808.961     3.7907     3.8006     0.0099     3.7317     3.7415     0.0098   3.213905   3.214997   0.000909    34.2976    34.2981     4.6837    27.2546    27.2541    34.2935    27.2514    1478.26    1478.30     3.7315  1031.0280    34.4577 0.0000e+00
      21700 295.999677  -42.50674  -52.63062      1.043    1479.60    818.000    809.944     3.7940     3.8215     0.0275     3.7348     3.7622     0.0273   3.214521   3.217217   0.002508    34.2986    34.2997     4.6633    27.2551    27.2532    34.2969    27.2537    1478.29    1478.41     3.7347  1031.0348    34.4611 0.0000e+00
      21742 295.999698  -42.50674  -52.63064      0.489    1479.60    819.000    810.942     3.7657     3.7778     0.0121     3.7066     3.7187     0.0121   3.211772   3.212377   0.000871    34.2964    34.2941     4.6774    27.2562    27.2531    34.2933    27.2537    1478.18    1478.23     3.7065  1031.0400    34.4575 0.0000e+00
      21766 295.999709  -42.50674  -52.63065      0.826    1479.60    820.000    811.925     3.7450     3.7478     0.0028     3.6860     3.6887     0.0028   3.209576   3.209691   0.000085    34.2939    34.2920     4.6896    27.2562    27.2544    34.2883    27.2517    1478.11    1478.12     3.6859  1031.0431    34.4525 0.0000e+00
      21785 295.999718  -42.50674  -52.63067      1.088    1479.60    821.000    812.913     3.7103     3.7153     0.0050     3.6515     3.6564     0.0049   3.206234   3.206620   0.000404    34.2906    34.2902     4.6989    27.2570    27.2562    34.2843    27.2519    1477.97    1477.99     3.6513  1031.0487    34.4484 0.0000e+00
      21805 295.999728  -42.50674  -52.63068      1.224    1479.60    822.000    813.902     3.6718     3.6893     0.0175     3.6131     3.6305     0.0174   3.202486   3.204403   0.001603    34.2879    34.2888     4.7078    27.2587    27.2576    34.2794    27.2519    1477.82    1477.90     3.6130  1031.0540    34.4435 0.0000e+00
      21843 295.999746  -42.50674  -52.63070      0.760    1479.60    823.000    814.889     3.6262     3.7071     0.0808     3.5677     3.6481     0.0803   3.198615   3.206013   0.007203    34.2859    34.2872     4.7260    27.2615    27.2546    34.2804    27.2571    1477.65    1477.99     3.5676  1031.0648    34.4446 0.0000e+00
      21891 295.999769  -42.50674  -52.63074      0.427    1479.60    824.000    815.878     3.6022     3.6124     0.0101     3.5438     3.5539     0.0101   3.196031   3.196500   0.000849    34.2787    34.2782     4.7643    27.2581    27.2567    34.2742    27.2545    1477.55    1477.59     3.5437  1031.0674    34.4383 0.0000e+00
