Pos-Processados/process_op41/operantar41_013LR.cnv
* Sea-Bird SBE 9 Data File:
* FileName = C:\Users\Dell\Desktop\OperantarXLI\config\00_BRUTOS\OPE41013LR.hdr
* Software Version Seasave V 7.26.7.110
* Temperature SN = 6497
* Conductivity SN = 4954
* Number of Bytes Per Scan = 31
* Number of Voltage Words = 2
* Number of Scans Averaged by the Deck Unit = 1
* NMEA Latitude = 44 24.07 S
* NMEA Longitude = 051 46.92 W
* NMEA UTC (Time) = Oct 23 2022 21:56:09
* NMEA baud rate = 4800
** H41
** Navio Polar Almirante Maximiano
** LH-021/2022
** Operantar XLI
** Número da Estação 013LR
** Latitude 44 24.027' S
** Longitude 051 47.160' W
** Data/Hora (Z) 23/10/2022 2152Z
** Profundidade local 5823 m
** 09-1439
** Nome do Operador CT Garla
# nquan = 30
# nvalues = 4091                        
# units = specified
# name 0 = scan: Scan Count
# name 1 = timeJ: Julian Days
# name 2 = latitude: Latitude [deg]
# name 3 = longitude: Longitude [deg]
# name 4 = dz/dtM: Descent Rate [m/s]
# name 5 = avgsvCM: Average Sound Velocity [Chen-Millero, m/s]
# name 6 = prDM: Pressure, Digiquartz [db]
# name 7 = depSM: Depth [salt water, m]
# name 8 = t090C: Temperature [ITS-90, deg C]
# name 9 = t190C: Temperature, 2 [ITS-90, deg C]
# name 10 = T2-T190C: Temperature Difference, 2 - 1 [ITS-90, deg C]
# name 11 = potemp090C: Potential Temperature [ITS-90, deg C]
# name 12 = potemp190C: Potential Temperature, 2 [ITS-90, deg C]
# name 13 = potemp90Cdiff: Potential Temperature, Diff, 2 - 1 [ITS-90, deg C]
# name 14 = c0S/m: Conductivity [S/m]
# name 15 = c1S/m: Conductivity, 2 [S/m]
# name 16 = C2-C1S/m: Conductivity Difference, 2 - 1 [S/m]
# name 17 = sal00: Salinity, Practical [PSU]
# name 18 = sal11: Salinity, Practical, 2 [PSU]
# name 19 = sbeox0ML/L: Oxygen, SBE 43 [ml/l]
# name 20 = sigma-é00: Density [sigma-theta, kg/m^3]
# name 21 = sigma-é11: Density, 2 [sigma-theta, kg/m^3]
# name 22 = sal00: Salinity, Practical [PSU]
# name 23 = sigma-é00: Density [sigma-theta, kg/m^3]
# name 24 = svCM: Sound Velocity [Chen-Millero, m/s]
# name 25 = svCM1: Sound Velocity, 2 [Chen-Millero, m/s]
# name 26 = gsw_ptA0: potential temperature [ITS-90, deg C]
# name 27 = gsw_densityA0: density, TEOS-10 [density, kg/m^3]
# name 28 = gsw_saA0: Absolute Salinity [g/kg]
# name 29 = flag:
# span 0 =        502,     123172       
# span 1 = 296.914235, 296.973393       
# span 2 =  -44.41926,  -44.40136       
# span 3 =  -51.78181,  -51.71055       
# span 4 =     -1.753,      1.454       
# span 5 =       0.00,    1504.64       
# span 6 =      6.000,   2051.000       
# span 7 =      5.954,   2024.521       
# span 8 =     2.7196,    14.4231       
# span 9 =     2.7203,    14.4230       
# span 10 =    -0.0927,     0.1018      
# span 11 =     2.6136,    14.4079      
# span 12 =     2.6143,    14.4079      
# span 13 =    -0.0926,     0.1015      
# span 14 =   3.159740,   4.291672      
# span 15 =   3.159754,   4.291634      
# span 16 =  -0.052748,   0.009689      
# span 17 =    34.1278,    35.4773      
# span 18 =    34.0855,    35.4770      
# span 19 =     3.8349,     6.3012      
# span 20 =    25.7496,    27.7268      
# span 21 =    25.4955,    27.7277      
# span 22 =    34.1246,    35.4802      
# span 23 =    25.7602,    27.7292      
# span 24 =    1476.09,    1507.12      
# span 25 =    1476.09,    1507.12      
# span 26 =     2.6134,    14.4079      
# span 27 =  1025.7911,  1037.1200      
# span 28 =    34.2869,    35.6479      
# span 29 = 0.0000e+00, 0.0000e+00      
# interval = decibars: 1                
# start_time = Oct 23 2022 21:56:09 [NMEA time, header]
# bad_flag = -9.990e-29
*END*
[from data line 2514]
      72658 296.949032  -44.41222  -51.74496     -0.992    1485.00   1582.000   1563.313     2.8799     2.8800     0.0001     2.7666     2.7667     0.0001   3.192020   3.192068   0.000044    34.6016    34.6020     3.9314    27.5881    27.5884    34.6016    27.5881    1487.50    1487.50     2.7663  1034.8748    34.7698 0.0000e+00
      72682 296.949044  -44.41222  -51.74494     -0.972    1485.00   1581.000   1562.328     2.8791     2.8794     0.0003     2.7659     2.7662     0.0003   3.191868   3.191917   0.000049    34.6011    34.6014     3.9306    27.5878    27.5880    34.6011    27.5878    1487.48    1487.48     2.7656  1034.8700    34.7692 0.0000e+00
      72706 296.949055  -44.41222  -51.74494     -0.995    1485.00   1580.000   1561.344     2.8806     2.8802    -0.0004     2.7674     2.7670    -0.0004   3.191973   3.191941  -0.000021    34.6010    34.6011     3.9337    27.5875    27.5877    34.6013    27.5878    1487.47    1487.47     2.7672  1034.8654    34.7695 0.0000e+00
      72731 296.949067  -44.41222  -51.74492     -0.983    1485.00   1579.000   1560.360     2.8837     2.8824    -0.0013     2.7705     2.7693    -0.0013   3.192205   3.192099  -0.000102    34.6011    34.6012     3.9314    27.5874    27.5875    34.6013    27.5875    1487.47    1487.46     2.7703  1034.8605    34.7695 0.0000e+00
      72756 296.949079  -44.41224  -51.74492     -0.958    1485.00   1578.000   1559.375     2.8845     2.8840    -0.0005     2.7714     2.7709    -0.0005   3.192213   3.192191  -0.000033    34.6010    34.6011     3.9323    27.5872    27.5874    34.6011    27.5873    1487.45    1487.45     2.7712  1034.8557    34.7692 0.0000e+00
      72778 296.949090  -44.41224  -51.74490     -1.021    1485.00   1577.000   1558.391     2.8815     2.8830     0.0015     2.7686     2.7701     0.0014   3.191804   3.191986   0.000161    34.6002    34.6006     3.9355    27.5868    27.5870    34.5997    27.5865    1487.42    1487.43     2.7684  1034.8505    34.7679 0.0000e+00
      72799 296.949100  -44.41224  -51.74488     -1.113    1485.00   1576.000   1557.406     2.8796     2.8801     0.0005     2.7668     2.7673     0.0005   3.191559   3.191591   0.000051    34.5997    34.5998     3.9328    27.5866    27.5866    34.5993    27.5863    1487.40    1487.40     2.7665  1034.8459    34.7675 0.0000e+00
      72821 296.949111  -44.41224  -51.74486     -1.134    1485.00   1575.000   1556.422     2.8754     2.8757     0.0003     2.7627     2.7630     0.0003   3.191059   3.191084   0.000032    34.5987    34.5987     3.9312    27.5861    27.5861    34.5983    27.5858    1487.36    1487.36     2.7624  1034.8410    34.7664 0.0000e+00
      72845 296.949122  -44.41226  -51.74486     -1.046    1485.00   1574.000   1555.437     2.8721     2.8717    -0.0003     2.7595     2.7592    -0.0003   3.190627   3.190608  -0.000029    34.5978    34.5978     3.9317    27.5857    27.5858    34.5971    27.5851    1487.33    1487.33     2.7592  1034.8360    34.7652 0.0000e+00
      72869 296.949134  -44.41226  -51.74486     -0.984    1485.00   1573.000   1554.452     2.8677     2.8672    -0.0005     2.7553     2.7548    -0.0005   3.190087   3.190050  -0.000044    34.5967    34.5968     3.9343    27.5852    27.5853    34.5956    27.5844    1487.29    1487.29     2.7551  1034.8309    34.7638 0.0000e+00
      72889 296.949143  -44.41226  -51.74484     -1.068    1485.00   1572.000   1553.468     2.8607     2.8597    -0.0009     2.7484     2.7475    -0.0009   3.189320   3.189180  -0.000114    34.5955    34.5951     3.9403    27.5848    27.5846    34.5943    27.5839    1487.24    1487.24     2.7482  1034.8263    34.7625 0.0000e+00
      72907 296.949152  -44.41226  -51.74484     -1.222    1485.00   1571.000   1552.483     2.8547     2.8523    -0.0024     2.7426     2.7402    -0.0023   3.188609   3.188322  -0.000256    34.5942    34.5936     3.9377    27.5844    27.5841    34.5926    27.5831    1487.20    1487.19     2.7423  1034.8212    34.7608 0.0000e+00
      72924 296.949161  -44.41226  -51.74484     -1.336    1485.00   1570.000   1551.499     2.8464     2.8421    -0.0043     2.7345     2.7302    -0.0042   3.187644   3.187200  -0.000440    34.5922    34.5914     3.9242    27.5835    27.5832    34.5902    27.5819    1487.14    1487.12     2.7342  1034.8158    34.7583 0.0000e+00
      72945 296.949171  -44.41226  -51.74482     -1.292    1485.00   1569.000   1550.515     2.8381     2.8366    -0.0015     2.7264     2.7249    -0.0015   3.186741   3.186589  -0.000166    34.5902    34.5898     3.9257    27.5826    27.5824    34.5886    27.5813    1487.09    1487.08     2.7261  1034.8111    34.7567 0.0000e+00
      72975 296.949185  -44.41226  -51.74479     -0.922    1485.00   1568.000   1549.530     2.8363     2.8352    -0.0011     2.7247     2.7236    -0.0011   3.186546   3.186430  -0.000086    34.5890    34.5891     3.9205    27.5817    27.5819    34.5887    27.5815    1487.06    1487.06     2.7244  1034.8068    34.7568 0.0000e+00
      73009 296.949201  -44.41227  -51.74478     -0.670    1485.00   1567.000   1548.545     2.8534     2.8460    -0.0074     2.7417     2.7343    -0.0073   3.188144   3.187527  -0.000636    34.5898    34.5900     3.9105    27.5809    27.5817    34.5903    27.5813    1487.12    1487.09     2.7414  1034.8014    34.7584 0.0000e+00
      73030 296.949211  -44.41228  -51.74477     -0.905    1485.00   1566.000   1547.560     2.8584     2.8569    -0.0015     2.7467     2.7453    -0.0014   3.188569   3.188486  -0.000104    34.5903    34.5906     3.9042    27.5809    27.5812    34.5907    27.5812    1487.13    1487.12     2.7464  1034.7965    34.7588 0.0000e+00
      73047 296.949220  -44.41228  -51.74476     -1.180    1485.00   1565.000   1546.576     2.8622     2.8623     0.0001     2.7506     2.7506     0.0001   3.188897   3.188937   0.000034    34.5906    34.5909     3.9047    27.5807    27.5810    34.5911    27.5811    1487.13    1487.13     2.7503  1034.7917    34.7592 0.0000e+00
      73064 296.949228  -44.41228  -51.74476     -1.366    1485.00   1564.000   1545.591     2.8647     2.8652     0.0005     2.7530     2.7535     0.0005   3.189050   3.189120   0.000080    34.5907    34.5912     3.9068    27.5806    27.5809    34.5908    27.5807    1487.12    1487.12     2.7528  1034.7867    34.7590 0.0000e+00
      73082 296.949237  -44.41228  -51.74474     -1.401    1485.00   1563.000   1544.607     2.8614     2.8619     0.0005     2.7500     2.7504     0.0005   3.188523   3.188708   0.000083    34.5898    34.5903     3.9091    27.5802    27.5805    34.5884    27.5790    1487.09    1487.09     2.7497  1034.7803    34.7561 0.0000e+00
      73105 296.949248 -9.990e-29  -51.74473     -1.190    1485.00   1562.000   1543.622     2.8385     2.8495     0.0109     2.7274     2.7382     0.0108   3.186037   3.187184   0.001093    34.5858    34.5874     3.9147    27.5790    27.5793    34.5831    27.5768    1486.97    1487.02     2.7272  1034.7732    34.7489 0.0000e+00
      73135 296.949262 -9.990e-29  -51.74472     -0.866    1485.00   1561.000   1542.638     2.8115     2.8245     0.0130     2.7008     2.7137     0.0128   3.183099   3.184387   0.001303    34.5800    34.5819     3.9220    27.5766    27.5771    34.5767    27.5740    1486.83    1486.88     2.7006  1034.7671    34.7425 0.0000e+00
      73162 296.949275 -9.990e-29  -51.74470     -0.823    1485.00   1560.000   1541.653     2.7987     2.8022     0.0036     2.6882     2.6917     0.0035   3.181787   3.182125   0.000375    34.5769    34.5777     3.9257    27.5753    27.5756    34.5750    27.5737    1486.75    1486.77     2.6880  1034.7628    34.7407 0.0000e+00
      73183 296.949285  -44.41230  -51.74470     -0.997    1485.00   1559.000   1540.668     2.7934     2.7949     0.0015     2.6831     2.6846     0.0015   3.181111   3.181329   0.000218    34.5752    34.5762     3.9161    27.5743    27.5751    34.5729    27.5725    1486.71    1486.72     2.6829  1034.7577    34.7392 0.0000e+00
      73202 296.949294  -44.41232  -51.74468     -1.181    1485.00   1558.000   1539.684     2.7909     2.7911     0.0002     2.6807     2.6809     0.0002   3.180851   3.180925   0.000088    34.5745    34.5753     3.9051    27.5740    27.5746    34.5729    27.5728    1486.68    1486.68     2.6805  1034.7549    34.7409 0.0000e+00
      73219 296.949303  -44.41232  -51.74467     -1.321    1485.00   1557.000   1538.699     2.7905     2.7906     0.0001     2.6804     2.6805     0.0001   3.180773   3.180815   0.000048    34.5743    34.5747     3.8919    27.5739    27.5742    34.5728    27.5727    1486.66    1486.66     2.6802  1034.7504    34.7409 0.0000e+00
      73239 296.949312  -44.41232  -51.74466     -1.320    1485.00   1556.000   1537.715     2.7903     2.7902    -0.0001     2.6802     2.6802    -0.0000   3.180743   3.180706  -0.000012    34.5743    34.5742     3.8862    27.5739    27.5738    34.5733    27.5731    1486.65    1486.64     2.6800  1034.7462    34.7413 0.0000e+00
      73265 296.949325  -44.41232  -51.74465     -1.073    1485.00   1555.000   1536.730     2.7994     2.7943    -0.0050     2.6893     2.6843    -0.0050   3.181653   3.181179  -0.000448    34.5749    34.5748     3.8760    27.5736    27.5740    34.5751    27.5738    1486.67    1486.65     2.6891  1034.7419    34.7432 0.0000e+00
      73296 296.949340  -44.41232  -51.74463     -0.794    1485.00   1554.000   1535.745     2.8084     2.8043    -0.0041     2.6983     2.6943    -0.0040   3.182455   3.182068  -0.000361    34.5757    34.5757     3.8669    27.5735    27.5738    34.5757    27.5735    1486.69    1486.67     2.6981  1034.7367    34.7438 0.0000e+00
      73320 296.949352  -44.41232  -51.74462     -0.858    1485.00   1553.000   1534.761     2.8143     2.8094    -0.0049     2.7043     2.6994    -0.0049   3.183039   3.182569  -0.000461    34.5765    34.5762     3.8682    27.5736    27.5738    34.5770    27.5740    1486.70    1486.68     2.7040  1034.7324    34.7451 0.0000e+00
      73340 296.949361  -44.41232  -51.74461     -1.069    1485.00   1552.000   1533.776     2.8209     2.8140    -0.0069     2.7108     2.7040    -0.0068   3.183647   3.182995  -0.000641    34.5772    34.5767     3.8726    27.5735    27.5738    34.5779    27.5741    1486.72    1486.68     2.7106  1034.7278    34.7460 0.0000e+00
      73357 296.949369  -44.41232  -51.74460     -1.260    1485.00   1551.000   1532.792     2.8293     2.8258    -0.0034     2.7192     2.7158    -0.0034   3.184407   3.184182  -0.000245    34.5776    34.5782     3.8819    27.5731    27.5739    34.5787    27.5740    1486.74    1486.72     2.7190  1034.7228    34.7468 0.0000e+00
      73375 296.949378  -44.41234  -51.74460     -1.356    1485.00   1550.000   1531.807     2.8347     2.8383     0.0036     2.7247     2.7282     0.0036   3.184912   3.185365   0.000408    34.5782    34.5793     3.8780    27.5731    27.5736    34.5796    27.5742    1486.74    1486.76     2.7244  1034.7182    34.7477 0.0000e+00
      73396 296.949388  -44.41234  -51.74458     -1.288    1485.00   1549.000   1530.822     2.8448     2.8430    -0.0018     2.7347     2.7330    -0.0018   3.185801   3.185628  -0.000152    34.5789    34.5790     3.8815    27.5728    27.5730    34.5801    27.5737    1486.77    1486.76     2.7345  1034.7128    34.7482 0.0000e+00
      73425 296.949402  -44.41234  -51.74456     -0.944    1485.00   1548.000   1529.838     2.8460     2.8455    -0.0005     2.7359     2.7354    -0.0005   3.185753   3.185724  -0.000036    34.5784    34.5785     3.8900    27.5723    27.5724    34.5788    27.5726    1486.76    1486.76     2.7357  1034.7071    34.7469 0.0000e+00
      73460 296.949419  -44.41235  -51.74455     -0.673    1485.00   1547.000   1528.853     2.8382     2.8420     0.0038     2.7283     2.7321     0.0038   3.184789   3.185255   0.000431    34.5765    34.5777     3.9014    27.5714    27.5720    34.5760    27.5710    1486.70    1486.72     2.7281  1034.7013    34.7440 0.0000e+00
      73484 296.949430  -44.41236  -51.74454     -0.844    1485.00   1546.000   1527.869     2.8311     2.8340     0.0028     2.7214     2.7242     0.0028   3.183956   3.184293   0.000345    34.5743    34.5754     3.9064    27.5703    27.5709    34.5738    27.5699    1486.66    1486.67     2.7212  1034.6960    34.7419 0.0000e+00
      73502 296.949439  -44.41236  -51.74454     -1.102    1485.00   1545.000   1526.884     2.8288     2.8310     0.0022     2.7192     2.7214     0.0022   3.183629   3.183883   0.000254    34.5734    34.5741     3.9043    27.5697    27.5701    34.5729    27.5693    1486.63    1486.64     2.7189  1034.6910    34.7409 0.0000e+00
      73520 296.949448  -44.41236  -51.74452     -1.283    1485.00   1544.000   1525.899     2.8274     2.8277     0.0002     2.7179     2.7182     0.0002   3.183445   3.183466   0.000034    34.5728    34.5730     3.9084    27.5695    27.5695    34.5726    27.5692    1486.60    1486.60     2.7177  1034.6864    34.7406 0.0000e+00
      73538 296.949457  -44.41236  -51.74450     -1.337    1485.00   1543.000   1524.914     2.8256     2.8268     0.0012     2.7162     2.7174     0.0012   3.183156   3.183330   0.000153    34.5719    34.5725     3.9055    27.5689    27.5692    34.5715    27.5685    1486.58    1486.58     2.7160  1034.6813    34.7395 0.0000e+00
      73559 296.949467  -44.41237  -51.74450     -1.251    1485.00   1542.000   1523.930     2.8233     2.8254     0.0021     2.7141     2.7161     0.0021   3.182869   3.183121   0.000244    34.5714    34.5722     3.9046    27.5687    27.5691    34.5709    27.5682    1486.55    1486.56     2.7139  1034.6766    34.7390 0.0000e+00
      73585 296.949479  -44.41238  -51.74449     -1.033    1485.00   1541.000   1522.945     2.8206     2.8223     0.0017     2.7114     2.7131     0.0017   3.182526   3.182705   0.000186    34.5706    34.5710     3.9011    27.5683    27.5684    34.5702    27.5679    1486.52    1486.53     2.7112  1034.6718    34.7382 0.0000e+00
      73614 296.949493  -44.41238  -51.74448     -0.850    1485.00   1540.000   1521.960     2.8177     2.8203     0.0026     2.7087     2.7113     0.0026   3.182143   3.182445   0.000278    34.5698    34.5704     3.8960    27.5679    27.5681    34.5691    27.5672    1486.49    1486.50     2.7085  1034.6668    34.7371 0.0000e+00
      73638 296.949505  -44.41238  -51.74446     -0.896    1485.00   1539.000   1520.976     2.8150     2.8190     0.0040     2.7061     2.7101     0.0040   3.181818   3.182297   0.000466    34.5691    34.5705     3.8914    27.5675    27.5682    34.5685    27.5670    1486.46    1486.48     2.7059  1034.6622    34.7366 0.0000e+00
      73658 296.949514  -44.41238  -51.74444     -1.065    1485.00   1538.000   1519.991     2.8133     2.8152     0.0018     2.7045     2.7063     0.0019   3.181579   3.181746   0.000181    34.5688    34.5690     3.8918    27.5674    27.5674    34.5680    27.5667    1486.44    1486.45     2.7043  1034.6574    34.7360 0.0000e+00
      73676 296.949523  -44.41238  -51.74444     -1.229    1485.00   1537.000   1519.006     2.8077     2.8112     0.0035     2.6990     2.7025     0.0034   3.180906   3.181289   0.000362    34.5675    34.5681     3.8975    27.5668    27.5670    34.5663    27.5659    1486.39    1486.41     2.6988  1034.6522    34.7343 0.0000e+00
      73694 296.949532  -44.41238  -51.74444     -1.315    1485.00   1536.000   1518.021     2.8033     2.8055     0.0022     2.6947     2.6970     0.0022   3.180383   3.180587   0.000217    34.5665    34.5667     3.9007    27.5664    27.5664    34.5651    27.5653    1486.36    1486.37     2.6945  1034.6459    34.7312 0.0000e+00
