Pos-Processados/process_op41/operantar41_012.ros
* Sea-Bird SBE 9 Data File:
* FileName = C:\Users\Dell\Desktop\OperantarXLI\config\00_BRUTOS\OPE41012.hdr
* Software Version Seasave V 7.26.7.110
* Temperature SN = 6497
* Conductivity SN = 4954
* Number of Bytes Per Scan = 31
* Number of Voltage Words = 2
* Number of Scans Averaged by the Deck Unit = 1
* NMEA Latitude = 44 01.70 S
* NMEA Longitude = 051 51.61 W
* NMEA UTC (Time) = Oct 23 2022 17:02:32
* NMEA baud rate = 4800
** H41
** Navio Polar Almirante Maximiano
** LH-021/2022
** Operantar XLI
** Número da Estação 012
** Latitude 44 1.216' S
** Longitude 51 51.952' W
** Data/Hora (Z) 23/10/2022 1702Z
** Profundidade local 5745 m
** 09-1439
** Nome do Operador 1T FILIPE LOPES
# nquan = 24
# nvalues = 1038                                  
# units = specified
# name 0 = scan: Scan Count
# name 1 = timeJ: Julian Days
# name 2 = latitude: Latitude [deg]
# name 3 = longitude: Longitude [deg]
# name 4 = dz/dtM: Descent Rate [m/s]
# name 5 = avgsvCM: Average Sound Velocity [Chen-Millero, m/s]
# name 6 = prDM: Pressure, Digiquartz [db]
# name 7 = depSM: Depth [salt water, m]
# name 8 = t090C: Temperature [ITS-90, deg C]
# name 9 = t190C: Temperature, 2 [ITS-90, deg C]
# name 10 = T2-T190C: Temperature Difference, 2 - 1 [ITS-90, deg C]
# name 11 = potemp090C: Potential Temperature [ITS-90, deg C]
# name 12 = potemp190C: Potential Temperature, 2 [ITS-90, deg C]
# name 13 = potemp90Cdiff: Potential Temperature, Diff, 2 - 1 [ITS-90, deg C]
# name 14 = c0S/m: Conductivity [S/m]
# name 15 = c1S/m: Conductivity, 2 [S/m]
# name 16 = C2-C1S/m: Conductivity Difference, 2 - 1 [S/m]
# name 17 = sal00: Salinity, Practical [PSU]
# name 18 = sal11: Salinity, Practical, 2 [PSU]
# name 19 = sbeox0ML/L: Oxygen, SBE 43 [ml/l]
# name 20 = sigma-é00: Density [sigma-theta, kg/m^3]
# name 21 = sigma-é11: Density, 2 [sigma-theta, kg/m^3]
# name 22 = nbf: Bottles Fired
# name 23 = flag:  0.000e+00
# interval = seconds: 0.0416667
# start_time = Oct 23 2022 17:02:32 [NMEA time, header]
# bad_flag = -9.990e-29
*END*
[from data line 725]
       8760 296.714317  -44.02872  -51.85660     -0.177    1506.04      2.498      2.478    14.4328    14.4351     0.0023    14.4325    14.4348     0.0023   4.296593   4.296797   0.000204    35.5588    35.5586     5.5454    26.5268    26.5261         19  0.000e+00
       8761 296.714317  -44.02872  -51.85660     -0.192    1506.04      2.441      2.422    14.4328    14.4346     0.0018    14.4325    14.4342     0.0018   4.296619   4.296729   0.000110    35.5591    35.5585     5.5448    26.5270    26.5261         19  0.000e+00
       8762 296.714318  -44.02872  -51.85660     -0.210    1506.04      2.377      2.358    14.4328    14.4343     0.0015    14.4325    14.4339     0.0015   4.296546   4.296588   0.000042    35.5584    35.5575     5.5445    26.5265    26.5254         19  0.000e+00
       8763 296.714318  -44.02872  -51.85660     -0.223    1506.04      2.441      2.422    14.4330    14.4339     0.0010    14.4326    14.4336     0.0010   4.296546   4.296574   0.000028    35.5583    35.5576     5.5442    26.5263    26.5256         19  0.000e+00
       8764 296.714319  -44.02872  -51.85660     -0.235    1506.04      2.377      2.358    14.4333    14.4334     0.0001    14.4329    14.4331     0.0001   4.296612   4.296588  -0.000025    35.5586    35.5583     5.5395    26.5265    26.5262         19  0.000e+00
       8765 296.714319  -44.02872  -51.85660     -0.250    1506.04      2.377      2.358    14.4335    14.4332    -0.0003    14.4331    14.4328    -0.0003   4.296712   4.296588  -0.000124    35.5594    35.5585     5.5388    26.5271    26.5264         19  0.000e+00
       8766 296.714320  -44.02872  -51.85660     -0.263    1506.04      2.321      2.302    14.4337    14.4334    -0.0002    14.4333    14.4331    -0.0002   4.296739   4.296615  -0.000124    35.5595    35.5585     5.5420    26.5271    26.5264         19  0.000e+00
       8767 296.714320  -44.02872  -51.85660     -0.273    1506.04      2.377      2.358    14.4335    14.4336     0.0001    14.4331    14.4333     0.0001   4.296712   4.296628  -0.000084    35.5594    35.5585     5.5418    26.5271    26.5263         19  0.000e+00
       8768 296.714321  -44.02872  -51.85660     -0.284    1506.04      2.321      2.302    14.4335    14.4332    -0.0002    14.4331    14.4329    -0.0002   4.296646   4.296567  -0.000078    35.5588    35.5583     5.5374    26.5266    26.5263         19  0.000e+00
       8769 296.714321  -44.02872  -51.85660     -0.297    1506.04      2.321      2.302    14.4335    14.4332    -0.0002    14.4331    14.4329    -0.0002   4.296632   4.296574  -0.000058    35.5586    35.5583     5.5367    26.5265    26.5263         19  0.000e+00
       8770 296.714321  -44.02872  -51.85660     -0.302    1506.04      2.321      2.302    14.4335    14.4327    -0.0007    14.4331    14.4324    -0.0007   4.296686   4.296567  -0.000118    35.5591    35.5587     5.5360    26.5269    26.5267         19  0.000e+00
       8771 296.714322  -44.02872  -51.85660     -0.315    1506.04      2.272      2.254    14.4337    14.4327    -0.0009    14.4333    14.4324    -0.0009   4.296705   4.296608  -0.000098    35.5592    35.5591     5.5357    26.5269    26.5270         20  0.000e+00
       8772 296.714322  -44.02872  -51.85660     -0.317    1506.04      2.321      2.302    14.4337    14.4327    -0.0009    14.4333    14.4324    -0.0009   4.296705   4.296514  -0.000192    35.5591    35.5582     5.5354    26.5269    26.5263         20  0.000e+00
       8773 296.714323  -44.02872  -51.85660     -0.326    1506.04      2.256      2.238    14.4340    14.4327    -0.0012    14.4337    14.4324    -0.0012   4.296725   4.296534  -0.000192    35.5591    35.5584     5.5350    26.5267    26.5265         20  0.000e+00
       8774 296.714323  -44.02872  -51.85660     -0.332    1506.04      2.321      2.302    14.4346    14.4328    -0.0018    14.4343    14.4325    -0.0018   4.296739   4.296554  -0.000185    35.5586    35.5585     5.5347    26.5262    26.5265         20  0.000e+00
       8775 296.714324  -44.02872  -51.85660     -0.338    1506.04      2.256      2.238    14.4345    14.4329    -0.0016    14.4342    14.4326    -0.0016   4.296712   4.296574  -0.000138    35.5585    35.5586     5.5344    26.5261    26.5266         20  0.000e+00
       8776 296.714324  -44.02872  -51.85660     -0.342    1506.04      2.256      2.238    14.4345    14.4329    -0.0016    14.4342    14.4326    -0.0016   4.296725   4.296561  -0.000165    35.5586    35.5585     5.5341    26.5262    26.5265         20  0.000e+00
       8777 296.714325  -44.02872  -51.85660     -0.345    1506.04      2.256      2.238    14.4337    14.4329    -0.0007    14.4333    14.4326    -0.0007   4.296679   4.296608  -0.000071    35.5589    35.5589     5.5340    26.5267    26.5269         20  0.000e+00
       8778 296.714325  -44.02872  -51.85660     -0.346    1506.04      2.256      2.238    14.4337    14.4329    -0.0007    14.4333    14.4326    -0.0007   4.296719   4.296514  -0.000205    35.5593    35.5581     5.5337    26.5270    26.5262         20  0.000e+00
       8779 296.714326  -44.02872  -51.85660     -0.346    1506.04      2.256      2.238    14.4335    14.4329    -0.0006    14.4331    14.4326    -0.0006   4.296632   4.296480  -0.000153    35.5587    35.5578     5.5296    26.5265    26.5259         20  0.000e+00
       8780 296.714326  -44.02872  -51.85660     -0.352    1506.04      2.256      2.238    14.4335    14.4327    -0.0007    14.4331    14.4324    -0.0007   4.296646   4.296561  -0.000085    35.5588    35.5587     5.5330    26.5266    26.5267         20  0.000e+00
       8781 296.714327  -44.02872  -51.85660     -0.341    1506.04      2.256      2.238    14.4331    14.4327    -0.0004    14.4328    14.4324    -0.0004   4.296666   4.296561  -0.000105    35.5593    35.5587     5.5289    26.5271    26.5267         20  0.000e+00
       8782 296.714327  -44.02872  -51.85660     -0.344    1506.04      2.200      2.182    14.4333    14.4327    -0.0006    14.4330    14.4323    -0.0006   4.296639   4.296554  -0.000085    35.5589    35.5587     5.5284    26.5268    26.5267         20  0.000e+00
       8783 296.714328  -44.02872  -51.85660     -0.341    1506.04      2.256      2.238    14.4333    14.4327    -0.0005    14.4330    14.4324    -0.0005   4.296652   4.296554  -0.000098    35.5590    35.5586     5.5283    26.5268    26.5266         20  0.000e+00
       8784 296.714328  -44.02872  -51.85660     -0.337    1506.04      2.200      2.182    14.4331    14.4327    -0.0004    14.4328    14.4324    -0.0004   4.296639   4.296520  -0.000119    35.5591    35.5583     5.5282    26.5269    26.5264         20  0.000e+00
       8785 296.714329  -44.02872  -51.85660     -0.332    1506.04      2.256      2.238    14.4330    14.4327    -0.0002    14.4326    14.4324    -0.0002   4.296632   4.296567  -0.000065    35.5591    35.5587     5.5322    26.5270    26.5267         20  0.000e+00
       8786 296.714329  -44.02872  -51.85660     -0.321    1506.04      2.256      2.238    14.4333    14.4331    -0.0002    14.4330    14.4328    -0.0002   4.296599   4.296527  -0.000072    35.5585    35.5580     5.5286    26.5265    26.5261         20  0.000e+00
       8787 296.714330  -44.02872  -51.85660     -0.313    1506.04      2.256      2.238    14.4333    14.4332    -0.0000    14.4330    14.4329    -0.0000   4.296592   4.296540  -0.000052    35.5585    35.5580     5.5326    26.5264    26.5261         20  0.000e+00
       8788 296.714330  -44.02872  -51.85660     -0.307    1506.04      2.200      2.182    14.4333    14.4332    -0.0000    14.4330    14.4329    -0.0000   4.296672   4.296534  -0.000138    35.5592    35.5580     5.5287    26.5270    26.5261         20  0.000e+00
       8789 296.714331  -44.02872  -51.85660     -0.296    1506.04      2.256      2.238    14.4335    14.4332    -0.0002    14.4331    14.4329    -0.0002   4.296705   4.296567  -0.000138    35.5593    35.5583     5.5284    26.5271    26.5263         20  0.000e+00
       8790 296.714331  -44.02872  -51.85660     -0.287    1506.04      2.200      2.182    14.4335    14.4332    -0.0003    14.4332    14.4329    -0.0003   4.296592   4.296588  -0.000005    35.5583    35.5585     5.5282    26.5263    26.5265         20  0.000e+00
       8791 296.714332  -44.02872  -51.85660     -0.272    1506.04      2.321      2.302    14.4333    14.4331    -0.0002    14.4329    14.4328    -0.0002   4.296666   4.296588  -0.000078    35.5591    35.5586     5.5281    26.5269    26.5265         20  0.000e+00
       8792 296.714332  -44.02872  -51.85660     -0.264    1506.04      2.200      2.182    14.4335    14.4331    -0.0004    14.4332    14.4328    -0.0004   4.296646   4.296588  -0.000058    35.5588    35.5586     5.5279    26.5266    26.5266         20  0.000e+00
       8793 296.714333  -44.02872  -51.85660     -0.251    1506.04      2.256      2.238    14.4338    14.4327    -0.0011    14.4335    14.4324    -0.0011   4.296652   4.296527  -0.000125    35.5586    35.5584     5.5317    26.5264    26.5265         20  0.000e+00
       8794 296.714333  -44.02872  -51.85660     -0.237    1506.04      2.256      2.238    14.4340    14.4326    -0.0014    14.4337    14.4322    -0.0014   4.296666   4.296540  -0.000125    35.5585    35.5587     5.5280    26.5263    26.5267         20  0.000e+00
       8795 296.714334  -44.02872  -51.85660     -0.226    1506.04      2.256      2.238    14.4340    14.4326    -0.0014    14.4337    14.4322    -0.0014   4.296719   4.296466  -0.000252    35.5590    35.5580     5.5318    26.5267    26.5262         20  0.000e+00
       8796 296.714334  -44.02872  -51.85660     -0.210    1506.04      2.256      2.238    14.4338    14.4324    -0.0014    14.4335    14.4321    -0.0014   4.296679   4.296439  -0.000239    35.5588    35.5578     5.5321    26.5266    26.5261         20  0.000e+00
       8797 296.714334  -44.02872  -51.85660     -0.197    1506.04      2.256      2.238    14.4340    14.4322    -0.0017    14.4337    14.4319    -0.0017   4.296692   4.296466  -0.000226    35.5587    35.5583     5.5324    26.5265    26.5265         20  0.000e+00
       8798 296.714335  -44.02872  -51.85660     -0.186    1506.04      2.256      2.238    14.4340    14.4321    -0.0019    14.4337    14.4317    -0.0019   4.296672   4.296500  -0.000172    35.5586    35.5587     5.5327    26.5263    26.5269         21  0.000e+00
       8799 296.714335  -44.02872  -51.85660     -0.174    1506.04      2.256      2.238    14.4338    14.4322    -0.0016    14.4335    14.4318    -0.0016   4.296666   4.296540  -0.000125    35.5587    35.5590     5.5374    26.5265    26.5271         21  0.000e+00
       8800 296.714336  -44.02872  -51.85660     -0.158    1506.04      2.321      2.302    14.4337    14.4321    -0.0016    14.4333    14.4317    -0.0016   4.296666   4.296493  -0.000172    35.5588    35.5587     5.5341    26.5266    26.5268         21  0.000e+00
       8801 296.714336  -44.02872  -51.85660     -0.144    1506.04      2.256      2.238    14.4333    14.4321    -0.0012    14.4330    14.4317    -0.0012   4.296586   4.296446  -0.000140    35.5584    35.5582     5.5341    26.5264    26.5265         21  0.000e+00
       8802 296.714337  -44.02872  -51.85660     -0.130    1506.04      2.256      2.238    14.4337    14.4319    -0.0018    14.4333    14.4315    -0.0018   4.296579   4.296412  -0.000167    35.5580    35.5581     5.5344    26.5260    26.5264         21  0.000e+00
       8803 296.714337  -44.02872  -51.85660     -0.115    1506.04      2.321      2.302    14.4338    14.4319    -0.0019    14.4335    14.4315    -0.0019   4.296646   4.296460  -0.000186    35.5585    35.5585     5.5345    26.5263    26.5267         21  0.000e+00
       8804 296.714338  -44.02872  -51.85658     -0.107    1506.04      2.256      2.238    14.4337    14.4326    -0.0011    14.4333    14.4322    -0.0011   4.296666   4.296500  -0.000166    35.5588    35.5583     5.5348    26.5266    26.5264         21  0.000e+00
       8805 296.714338  -44.02872  -51.85658     -0.087    1506.04      2.377      2.358    14.4335    14.4324    -0.0011    14.4331    14.4321    -0.0011   4.296639   4.296487  -0.000152    35.5587    35.5582     5.5392    26.5265    26.5264         21  0.000e+00
       8806 296.714339  -44.02872  -51.85658     -0.077    1506.04      2.272      2.254    14.4333    14.4322    -0.0010    14.4330    14.4319    -0.0010   4.296632   4.296500  -0.000132    35.5588    35.5586     5.5359    26.5267    26.5267         21  0.000e+00
       8807 296.714339  -44.02872  -51.85658     -0.063    1506.04      2.321      2.302    14.4328    14.4323    -0.0005    14.4325    14.4320    -0.0005   4.296546   4.296493  -0.000053    35.5584    35.5584     5.5404    26.5265    26.5266         21  0.000e+00
       8808 296.714340  -44.02872  -51.85658     -0.052    1506.04      2.321      2.302    14.4325    14.4324    -0.0001    14.4322    14.4321    -0.0001   4.296519   4.296507  -0.000013    35.5585    35.5584     5.5372    26.5266    26.5266         21  0.000e+00
       8809 296.714340  -44.02872  -51.85658     -0.038    1506.04      2.321      2.302    14.4323    14.4324     0.0001    14.4320    14.4321     0.0001   4.296546   4.296514  -0.000032    35.5589    35.5585     5.5416    26.5270    26.5266         21  0.000e+00
       8810 296.714341  -44.02872  -51.85658     -0.026    1506.04      2.321      2.302    14.4320    14.4322     0.0003    14.4316    14.4319     0.0003   4.296500   4.296453  -0.000047    35.5588    35.5581     5.5384    26.5269    26.5264         21  0.000e+00
       8811 296.714341  -44.02872  -51.85658     -0.015    1506.04      2.377      2.358    14.4318    14.4322     0.0005    14.4314    14.4319     0.0005   4.296480   4.296210  -0.000269    35.5588    35.5558     5.5428    26.5270    26.5246         21  0.000e+00
       8812 296.714342  -44.02872  -51.85658     -0.000    1506.04      2.377      2.358    14.4315    14.4321     0.0006    14.4311    14.4317     0.0006   4.296453   4.296338  -0.000115    35.5588    35.5572     5.5396    26.5271    26.5257         21  0.000e+00
       8813 296.714342  -44.02872  -51.85658      0.011    1506.04      2.377      2.358    14.4311    14.4321     0.0009    14.4308    14.4317     0.0009   4.296413   4.296406  -0.000007    35.5587    35.5578     5.5437    26.5271    26.5262         21  0.000e+00
       8814 296.714343  -44.02872  -51.85658      0.022    1506.04      2.377      2.358    14.4311    14.4319     0.0007    14.4308    14.4315     0.0007   4.296433   4.296460   0.000027    35.5589    35.5585     5.5441    26.5272    26.5267         21  0.000e+00
       8815 296.714343  -44.02872  -51.85658      0.030    1506.04      2.377      2.358    14.4311    14.4320     0.0008    14.4308    14.4316     0.0008   4.296446   4.296480   0.000033    35.5590    35.5586     5.5449    26.5273    26.5268         21  0.000e+00
       8816 296.714344  -44.02872  -51.85658      0.045    1506.04      2.441      2.422    14.4311    14.4321     0.0010    14.4307    14.4317     0.0010   4.296446   4.296480   0.000033    35.5591    35.5585     5.5457    26.5274    26.5267         21  0.000e+00
       8817 296.714344  -44.02872  -51.85658      0.056    1506.04      2.441      2.422    14.4311    14.4324     0.0013    14.4308    14.4321     0.0013   4.296413   4.296561   0.000147    35.5587    35.5589     5.5460    26.5271    26.5269         21  0.000e+00
       8818 296.714345  -44.02872  -51.85658      0.068    1506.04      2.441      2.422    14.4309    14.4324     0.0015    14.4306    14.4321     0.0015   4.296460   4.296527   0.000067    35.5593    35.5586     5.5464    26.5276    26.5267         21  0.000e+00
