Pos-Processados/process_op41/operantar41_011.ros
* Sea-Bird SBE 9 Data File:
* FileName = C:\Users\Dell\Desktop\OperantarXLI\config\00_BRUTOS\OPE41011.hdr
* Software Version Seasave V 7.26.7.110
* Temperature SN = 6497
* Conductivity SN = 4954
* Number of Bytes Per Scan = 31
* Number of Voltage Words = 2
* Number of Scans Averaged by the Deck Unit = 1
* NMEA Latitude = 43 40.98 S
* NMEA Longitude = 051 55.50 W
* NMEA UTC (Time) = Oct 23 2022 13:12:50
* NMEA baud rate = 4800
** H41
** Navio Polar Almirante Maximiano
** LH-021/2022
** Operantar XLI
** Número da Estação 011
** Latitude 43 40.933' S
** Longitude 51 55.205' W
** Data/Hora (Z) 23/10/2022 1313Z
** Profundidade local 5694 m
** 09-1439
** Nome do Operador 1T FILIPE LOPES
# nquan = 24
# nvalues = 1368                                  
# units = specified
# name 0 = scan: Scan Count
# name 1 = timeJ: Julian Days
# name 2 = latitude: Latitude [deg]
# name 3 = longitude: Longitude [deg]
# name 4 = dz/dtM: Descent Rate [m/s]
# name 5 = avgsvCM: Average Sound Velocity [Chen-Millero, m/s]
# name 6 = prDM: Pressure, Digiquartz [db]
# name 7 = depSM: Depth [salt water, m]
# name 8 = t090C: Temperature [ITS-90, deg C]
# name 9 = t190C: Temperature, 2 [ITS-90, deg C]
# name 10 = T2-T190C: Temperature Difference, 2 - 1 [ITS-90, deg C]
# name 11 = potemp090C: Potential Temperature [ITS-90, deg C]
# name 12 = potemp190C: Potential Temperature, 2 [ITS-90, deg C]
# name 13 = potemp90Cdiff: Potential Temperature, Diff, 2 - 1 [ITS-90, deg C]
# name 14 = c0S/m: Conductivity [S/m]
# name 15 = c1S/m: Conductivity, 2 [S/m]
# name 16 = C2-C1S/m: Conductivity Difference, 2 - 1 [S/m]
# name 17 = sal00: Salinity, Practical [PSU]
# name 18 = sal11: Salinity, Practical, 2 [PSU]
# name 19 = sbeox0ML/L: Oxygen, SBE 43 [ml/l]
# name 20 = sigma-é00: Density [sigma-theta, kg/m^3]
# name 21 = sigma-é11: Density, 2 [sigma-theta, kg/m^3]
# name 22 = nbf: Bottles Fired
# name 23 = flag:  0.000e+00
# interval = seconds: 0.0416667
# start_time = Oct 23 2022 13:12:50 [NMEA time, header]
# bad_flag = -9.990e-29
*END*
[from data line 484]
       9030 296.554933  -43.68370  -51.92582     -0.203    1505.81     29.365     29.128    14.3293    14.3289    -0.0004    14.3250    14.3246    -0.0004   4.288034   4.287948  -0.000086    35.5634    35.5630     5.4688    26.5535    26.5532         12  0.000e+00
       9031 296.554933  -43.68370  -51.92582     -0.212    1505.81     29.349     29.112    14.3294    14.3288    -0.0007    14.3251    14.3245    -0.0007   4.288034   4.287907  -0.000127    35.5633    35.5628     5.4721    26.5534    26.5531         12  0.000e+00
       9032 296.554934  -43.68370  -51.92582     -0.218    1505.81     29.365     29.128    14.3292    14.3291    -0.0001    14.3249    14.3248    -0.0001   4.288001   4.287934  -0.000067    35.5633    35.5627     5.4679    26.5534    26.5530         12  0.000e+00
       9033 296.554934  -43.68370  -51.92582     -0.228    1505.81     29.293     29.056    14.3294    14.3289    -0.0005    14.3251    14.3246    -0.0005   4.288021   4.287934  -0.000086    35.5632    35.5629     5.4673    26.5533    26.5532         12  0.000e+00
       9034 296.554935  -43.68370  -51.92582     -0.237    1505.81     29.293     29.056    14.3290    14.3289    -0.0000    14.3247    14.3246    -0.0000   4.287954   4.287954 1.1975e-07    35.5631    35.5631     5.4668    26.5533    26.5533         13  0.000e+00
       9035 296.554935  -43.68370  -51.92582     -0.244    1505.81     29.301     29.064    14.3288    14.3293     0.0005    14.3245    14.3250     0.0005   4.287974   4.287934  -0.000040    35.5634    35.5626     5.4704    26.5536    26.5528         13  0.000e+00
       9036 296.554936  -43.68370  -51.92582     -0.250    1505.81     29.293     29.056    14.3288    14.3295     0.0006    14.3245    14.3252     0.0006   4.287968   4.287981   0.000014    35.5633    35.5629     5.4664    26.5535    26.5530         13  0.000e+00
       9037 296.554936  -43.68370  -51.92582     -0.255    1505.81     29.301     29.064    14.3288    14.3298     0.0010    14.3245    14.3255     0.0010   4.287961   4.288055   0.000094    35.5633    35.5632     5.4660    26.5535    26.5532         13  0.000e+00
       9038 296.554937  -43.68370  -51.92582     -0.262    1505.81     29.236     29.001    14.3290    14.3300     0.0010    14.3247    14.3257     0.0010   4.288021   4.288008  -0.000012    35.5637    35.5627     5.4690    26.5537    26.5527         13  0.000e+00
       9039 296.554937  -43.68370  -51.92582     -0.271    1505.81     29.244     29.009    14.3291    14.3301     0.0010    14.3248    14.3258     0.0010   4.288034   4.288028  -0.000005    35.5637    35.5627     5.4687    26.5537    26.5527         13  0.000e+00
       9040 296.554938  -43.68370  -51.92582     -0.280    1505.81     29.172     28.937    14.3295    14.3303     0.0008    14.3252    14.3260     0.0008   4.288054   4.288042  -0.000012    35.5636    35.5627     5.4647    26.5535    26.5527         13  0.000e+00
       9041 296.554938  -43.68370  -51.92582     -0.283    1505.81     29.236     29.001    14.3293    14.3303     0.0009    14.3251    14.3260     0.0009   4.288067   4.288062  -0.000005    35.5638    35.5629     5.4646    26.5537    26.5528         13  0.000e+00
       9042 296.554939  -43.68370  -51.92582     -0.292    1505.81     29.180     28.945    14.3294    14.3302     0.0007    14.3252    14.3259     0.0007   4.288047   4.288049   0.000001    35.5635    35.5629     5.4644    26.5535    26.5529         13  0.000e+00
       9043 296.554939  -43.68370  -51.92582     -0.296    1505.81     29.172     28.937    14.3293    14.3305     0.0011    14.3251    14.3262     0.0011   4.288007   4.288089   0.000082    35.5633    35.5630     5.4644    26.5533    26.5529         13  0.000e+00
       9044 296.554940  -43.68370  -51.92582     -0.299    1505.81     29.180     28.945    14.3294    14.3303     0.0008    14.3252    14.3260     0.0008   4.288047   4.288055   0.000008    35.5635    35.5628     5.4644    26.5535    26.5528         13  0.000e+00
       9045 296.554940  -43.68370  -51.92582     -0.307    1505.81     29.116     28.881    14.3295    14.3303     0.0008    14.3252    14.3260     0.0008   4.288040   4.288028  -0.000012    35.5635    35.5626     5.4644    26.5534    26.5526         13  0.000e+00
       9046 296.554941  -43.68370  -51.92582     -0.310    1505.81     29.180     28.945    14.3291    14.3303     0.0012    14.3248    14.3260     0.0012   4.288034   4.288008  -0.000026    35.5637    35.5624     5.4638    26.5537    26.5525         13  0.000e+00
       9047 296.554941  -43.68370  -51.92582     -0.316    1505.81     29.116     28.881    14.3292    14.3300     0.0008    14.3249    14.3257     0.0008   4.288014   4.287974  -0.000039    35.5635    35.5624     5.4636    26.5536    26.5525         13  0.000e+00
       9048 296.554942  -43.68370  -51.92582     -0.320    1505.81     29.124     28.889    14.3291    14.3294     0.0003    14.3248    14.3252     0.0003   4.288027   4.287934  -0.000093    35.5637    35.5625     5.4678    26.5537    26.5527         13  0.000e+00
       9049 296.554942  -43.68370  -51.92582     -0.323    1505.81     29.051     28.817    14.3295    14.3293    -0.0002    14.3252    14.3250    -0.0002   4.288001   4.287867  -0.000134    35.5631    35.5621     5.4683    26.5532    26.5524         13  0.000e+00
       9050 296.554943  -43.68370  -51.92582     -0.324    1505.81     29.116     28.881    14.3293    14.3289    -0.0003    14.3250    14.3247    -0.0003   4.287994   4.287961  -0.000033    35.5632    35.5632     5.4690    26.5533    26.5534         13  0.000e+00
       9051 296.554943  -43.68370  -51.92582     -0.326    1505.81     29.067     28.833    14.3290    14.3295     0.0005    14.3247    14.3252     0.0005   4.288034   4.287961  -0.000073    35.5639    35.5628     5.4696    26.5539    26.5529         13  0.000e+00
       9052 296.554944  -43.68370  -51.92582     -0.328    1505.81     29.051     28.817    14.3293    14.3296     0.0003    14.3251    14.3253     0.0003   4.288034   4.287988  -0.000046    35.5636    35.5629     5.4703    26.5535    26.5530         13  0.000e+00
       9053 296.554944  -43.68370  -51.92582     -0.338    1505.81     29.003     28.769    14.3294    14.3291    -0.0003    14.3252    14.3249    -0.0003   4.288034   4.287941  -0.000093    35.5635    35.5629     5.4710    26.5535    26.5531         13  0.000e+00
       9054 296.554945  -43.68370  -51.92582     -0.337    1505.81     29.051     28.817    14.3295    14.3293    -0.0002    14.3252    14.3250    -0.0002   4.288054   4.287900  -0.000153    35.5636    35.5624     5.4711    26.5536    26.5526         13  0.000e+00
       9055 296.554945  -43.68370  -51.92582     -0.340    1505.81     29.003     28.769    14.3296    14.3289    -0.0007    14.3254    14.3247    -0.0007   4.288040   4.287948  -0.000093    35.5634    35.5632     5.4712    26.5533    26.5533         13  0.000e+00
       9056 296.554946  -43.68370  -51.92582     -0.338    1505.81     28.995     28.761    14.3297    14.3289    -0.0007    14.3254    14.3247    -0.0007   4.288067   4.287934  -0.000133    35.5636    35.5630     5.4716    26.5535    26.5532         13  0.000e+00
       9057 296.554946  -43.68370  -51.92582     -0.340    1505.81     28.995     28.761    14.3296    14.3293    -0.0003    14.3254    14.3250    -0.0003   4.288067   4.287981  -0.000086    35.5636    35.5631     5.4725    26.5535    26.5532         13  0.000e+00
       9058 296.554946  -43.68370  -51.92582     -0.341    1505.81     29.003     28.769    14.3297    14.3291    -0.0006    14.3254    14.3249    -0.0006   4.288093   4.287941  -0.000153    35.5638    35.5629     5.4734    26.5537    26.5531         13  0.000e+00
       9059 296.554947  -43.68370  -51.92582     -0.343    1505.81     28.938     28.705    14.3300    14.3295    -0.0005    14.3257    14.3252    -0.0005   4.288074   4.287981  -0.000092    35.5634    35.5630     5.4742    26.5533    26.5531         13  0.000e+00
       9060 296.554947  -43.68370  -51.92582     -0.345    1505.81     28.946     28.713    14.3298    14.3298    -0.0000    14.3256    14.3255    -0.0000   4.288074   4.287974  -0.000099    35.5635    35.5626     5.4753    26.5534    26.5527         13  0.000e+00
       9061 296.554948  -43.68370  -51.92582     -0.343    1505.81     28.938     28.705    14.3298    14.3298     0.0000    14.3255    14.3255     0.0000   4.288067   4.287988  -0.000079    35.5635    35.5628     5.4796    26.5534    26.5528         13  0.000e+00
       9062 296.554948  -43.68370  -51.92582     -0.342    1505.81     28.946     28.713    14.3300    14.3300    -0.0000    14.3258    14.3257    -0.0000   4.288067   4.288001  -0.000066    35.5633    35.5627     5.4809    26.5532    26.5528         13  0.000e+00
       9063 296.554949  -43.68370  -51.92582     -0.336    1505.81     28.938     28.705    14.3297    14.3298     0.0001    14.3254    14.3255     0.0001   4.288093   4.288001  -0.000092    35.5639    35.5629     5.4824    26.5537    26.5529         13  0.000e+00
       9064 296.554949  -43.68370  -51.92582     -0.340    1505.81     28.874     28.641    14.3303    14.3301    -0.0002    14.3260    14.3259    -0.0002   4.288087   4.287961  -0.000126    35.5633    35.5623     5.4830    26.5531    26.5524         13  0.000e+00
       9065 296.554950  -43.68370  -51.92582     -0.337    1505.81     28.946     28.713    14.3298    14.3298    -0.0000    14.3256    14.3255    -0.0000   4.288067   4.287988  -0.000079    35.5635    35.5628     5.4841    26.5534    26.5528         13  0.000e+00
       9066 296.554950  -43.68370  -51.92582     -0.334    1505.81     28.874     28.641    14.3300    14.3301     0.0001    14.3257    14.3259     0.0001   4.288093   4.288028  -0.000065    35.5636    35.5629     5.4848    26.5535    26.5529         13  0.000e+00
       9067 296.554951  -43.68370  -51.92582     -0.332    1505.81     28.882     28.649    14.3300    14.3302     0.0001    14.3258    14.3259     0.0001   4.288020   4.287981  -0.000039    35.5629    35.5624     5.4859    26.5529    26.5525         13  0.000e+00
       9068 296.554951  -43.68370  -51.92582     -0.329    1505.81     28.874     28.641    14.3300    14.3301     0.0001    14.3257    14.3259     0.0001   4.288047   4.287988  -0.000059    35.5632    35.5625     5.4866    26.5531    26.5526         13  0.000e+00
       9069 296.554952  -43.68370  -51.92582     -0.324    1505.81     28.882     28.649    14.3300    14.3302     0.0001    14.3258    14.3259     0.0001   4.288074   4.288028  -0.000045    35.5634    35.5628     5.4874    26.5533    26.5528         13  0.000e+00
       9070 296.554952  -43.68370  -51.92582     -0.325    1505.81     28.817     28.585    14.3301    14.3303     0.0002    14.3259    14.3261     0.0002   4.288100   4.288042  -0.000058    35.5636    35.5629     5.4881    26.5534    26.5528         13  0.000e+00
       9071 296.554953  -43.68370  -51.92582     -0.321    1505.81     28.882     28.649    14.3300    14.3302     0.0001    14.3258    14.3259     0.0001   4.288107   4.288055  -0.000052    35.5637    35.5631     5.4889    26.5535    26.5530         13  0.000e+00
       9072 296.554953  -43.68370  -51.92582     -0.315    1505.81     28.874     28.641    14.3301    14.3303     0.0002    14.3259    14.3261     0.0002   4.288107   4.288015  -0.000092    35.5636    35.5626     5.4896    26.5534    26.5526         13  0.000e+00
       9073 296.554954  -43.68370  -51.92582     -0.312    1505.81     28.817     28.585    14.3302    14.3302    -0.0000    14.3260    14.3259    -0.0000   4.288113   4.288001  -0.000112    35.5636    35.5626     5.4943    26.5534    26.5526         14  0.000e+00
       9074 296.554954  -43.68370  -51.92582     -0.309    1505.81     28.825     28.593    14.3302    14.3303     0.0001    14.3260    14.3261     0.0001   4.288107   4.288028  -0.000078    35.5636    35.5627     5.4910    26.5534    26.5527         14  0.000e+00
       9075 296.554955  -43.68370  -51.92582     -0.300    1505.81     28.874     28.641    14.3300    14.3303     0.0003    14.3257    14.3261     0.0003   4.288107   4.287981  -0.000126    35.5637    35.5623     5.4954    26.5536    26.5523         14  0.000e+00
       9076 296.554955  -43.68370  -51.92582     -0.299    1505.81     28.825     28.593    14.3300    14.3301     0.0001    14.3258    14.3259     0.0001   4.288047   4.287988  -0.000059    35.5632    35.5625     5.4920    26.5531    26.5526         14  0.000e+00
       9077 296.554956  -43.68370  -51.92582     -0.292    1505.81     28.817     28.585    14.3300    14.3302     0.0002    14.3257    14.3259     0.0002   4.288087   4.288001  -0.000085    35.5636    35.5626     5.4960    26.5534    26.5526         14  0.000e+00
       9078 296.554956  -43.68370  -51.92582     -0.285    1505.81     28.825     28.593    14.3302    14.3301    -0.0001    14.3260    14.3259    -0.0001   4.288113   4.288021  -0.000092    35.5636    35.5628     5.4926    26.5534    26.5528         14  0.000e+00
       9079 296.554957  -43.68370  -51.92582     -0.279    1505.81     28.817     28.585    14.3300    14.3296    -0.0004    14.3257    14.3254    -0.0004   4.288054   4.288008  -0.000046    35.5633    35.5632     5.5005    26.5532    26.5532         14  0.000e+00
       9080 296.554957  -43.68370  -51.92582     -0.273    1505.81     28.825     28.593    14.3300    14.3298    -0.0002    14.3258    14.3256    -0.0002   4.288054   4.287974  -0.000079    35.5632    35.5627     5.4934    26.5531    26.5528         14  0.000e+00
       9081 296.554958  -43.68370  -51.92582     -0.268    1505.81     28.753     28.521    14.3298    14.3300     0.0002    14.3256    14.3258     0.0002   4.288067   4.287968  -0.000099    35.5636    35.5625     5.4971    26.5535    26.5526         14  0.000e+00
       9082 296.554958  -43.68370  -51.92582     -0.260    1505.81     28.874     28.641    14.3302    14.3298    -0.0004    14.3260    14.3256    -0.0004   4.288107   4.287968  -0.000139    35.5635    35.5626     5.4933    26.5533    26.5527         14  0.000e+00
       9083 296.554959  -43.68370  -51.92582     -0.256    1505.81     28.769     28.537    14.3303    14.3296    -0.0007    14.3261    14.3254    -0.0007   4.288080   4.287968  -0.000113    35.5632    35.5628     5.4970    26.5531    26.5529         14  0.000e+00
       9084 296.554959  -43.68370  -51.92582     -0.248    1505.81     28.817     28.585    14.3303    14.3298    -0.0005    14.3261    14.3256    -0.0005   4.288093   4.288035  -0.000058    35.5633    35.5633     5.4934    26.5531    26.5532         14  0.000e+00
       9085 296.554959  -43.68370  -51.92582     -0.239    1505.81     28.825     28.593    14.3302    14.3296    -0.0006    14.3260    14.3254    -0.0006   4.288107   4.288069  -0.000038    35.5636    35.5637     5.4971    26.5534    26.5536         14  0.000e+00
       9086 296.554960  -43.68370  -51.92582     -0.228    1505.81     28.817     28.585    14.3305    14.3300    -0.0005    14.3262    14.3257    -0.0005   4.288087   4.288015  -0.000072    35.5631    35.5629     5.4931    26.5530    26.5529         14  0.000e+00
       9087 296.554960  -43.68370  -51.92582     -0.220    1505.81     28.825     28.593    14.3302    14.3300    -0.0002    14.3260    14.3257    -0.0002   4.288067   4.288055  -0.000012    35.5632    35.5633     5.4971    26.5531    26.5532         14  0.000e+00
       9088 296.554961  -43.68370  -51.92582     -0.211    1505.81     28.817     28.585    14.3301    14.3300    -0.0001    14.3259    14.3257    -0.0001   4.288093   4.287995  -0.000099    35.5635    35.5627     5.4973    26.5533    26.5528         14  0.000e+00
