Pos-Processados/process_op41/operantar41_019.ros
* Sea-Bird SBE 9 Data File:
* FileName = C:\Users\Dell\Desktop\OperantarXLI\config\00_BRUTOS\OPE41019.hdr
* Software Version Seasave V 7.26.7.110
* Temperature SN = 6497
* Conductivity SN = 4954
* Number of Bytes Per Scan = 34
* Number of Voltage Words = 3
* Number of Scans Averaged by the Deck Unit = 1
* NMEA Latitude = 62 55.48 S
* NMEA Longitude = 060 08.48 W
* NMEA UTC (Time) = Nov 11 2022 01:08:15
* NMEA baud rate = 4800
** H41
** Navio Polar Almirante Maximiano
** LH-021/2022
** Operantar XLI
** Número da Estação 019
** Latitude 62 55.478'S
** Longitude 060 08.483' W
** Data/Hora (Z) 11/11/2022 0110Z
** Profundidade local 1020 m
** 09-1439
** Nome do Operador CT Garla
# nquan = 24
# nvalues = 1198                                  
# units = specified
# name 0 = scan: Scan Count
# name 1 = timeJ: Julian Days
# name 2 = latitude: Latitude [deg]
# name 3 = longitude: Longitude [deg]
# name 4 = dz/dtM: Descent Rate [m/s]
# name 5 = avgsvCM: Average Sound Velocity [Chen-Millero, m/s]
# name 6 = prDM: Pressure, Digiquartz [db]
# name 7 = depSM: Depth [salt water, m]
# name 8 = t090C: Temperature [ITS-90, deg C]
# name 9 = t190C: Temperature, 2 [ITS-90, deg C]
# name 10 = T2-T190C: Temperature Difference, 2 - 1 [ITS-90, deg C]
# name 11 = potemp090C: Potential Temperature [ITS-90, deg C]
# name 12 = potemp190C: Potential Temperature, 2 [ITS-90, deg C]
# name 13 = potemp90Cdiff: Potential Temperature, Diff, 2 - 1 [ITS-90, deg C]
# name 14 = c0S/m: Conductivity [S/m]
# name 15 = c1S/m: Conductivity, 2 [S/m]
# name 16 = C2-C1S/m: Conductivity Difference, 2 - 1 [S/m]
# name 17 = sal00: Salinity, Practical [PSU]
# name 18 = sal11: Salinity, Practical, 2 [PSU]
# name 19 = sbeox0ML/L: Oxygen, SBE 43 [ml/l]
# name 20 = sigma-é00: Density [sigma-theta, kg/m^3]
# name 21 = sigma-é11: Density, 2 [sigma-theta, kg/m^3]
# name 22 = nbf: Bottles Fired
# name 23 = flag:  0.000e+00
# interval = seconds: 0.0416667
# start_time = Nov 11 2022 01:08:15 [NMEA time, header]
# bad_flag = -9.990e-29
*END*
[from data line 484]
      41496 315.067407  -62.92676  -60.13866      0.026    1451.82    411.269    406.894    -0.6495    -0.6463     0.0032    -0.6632    -0.6600     0.0032   2.830341   2.830703   0.000361    34.5076    34.5088     6.0472    27.7405    27.7414          6  0.000e+00
      41497 315.067407  -62.92676  -60.13866      0.023    1451.82    411.212    406.838    -0.6496    -0.6455     0.0042    -0.6633    -0.6591     0.0042   2.830330   2.830794   0.000464    34.5076    34.5091     6.0404    27.7405    27.7416          6  0.000e+00
      41498 315.067408  -62.92676  -60.13866      0.025    1451.82    411.285    406.910    -0.6495    -0.6448     0.0047    -0.6632    -0.6584     0.0047   2.830409   2.830823   0.000414    34.5085    34.5087     6.0404    27.7412    27.7412          6  0.000e+00
      41499 315.067408  -62.92676  -60.13866      0.024    1451.82    411.212    406.838    -0.6482    -0.6444     0.0038    -0.6618    -0.6580     0.0038   2.830539   2.830874   0.000336    34.5087    34.5089     6.0389    27.7414    27.7414          6  0.000e+00
      41500 315.067409  -62.92676  -60.13866      0.024    1451.82    411.269    406.894    -0.6461    -0.6443     0.0018    -0.6597    -0.6579     0.0018   2.830652   2.830897   0.000246    34.5079    34.5091     6.0444    27.7406    27.7415          6  0.000e+00
      41501 315.067409  -62.92676  -60.13866      0.025    1451.82    411.269    406.894    -0.6458    -0.6443     0.0015    -0.6594    -0.6579     0.0015   2.830635   2.830903   0.000268    34.5073    34.5092     6.0443    27.7401    27.7416          6  0.000e+00
      41502 315.067410  -62.92676  -60.13866      0.022    1451.82    411.212    406.838    -0.6466    -0.6442     0.0024    -0.6602    -0.6579     0.0023   2.830584   2.830880   0.000296    34.5075    34.5088     6.0387    27.7403    27.7413          6  0.000e+00
      41503 315.067410  -62.92676  -60.13866      0.026    1451.82    411.326    406.950    -0.6470    -0.6443     0.0028    -0.6607    -0.6579     0.0028   2.830573   2.830823   0.000250    34.5078    34.5081     6.0458    27.7406    27.7407          6  0.000e+00
      41504 315.067411  -62.92676  -60.13866      0.020    1451.82    411.164    406.790    -0.6472    -0.6447     0.0026    -0.6609    -0.6583     0.0025   2.830578   2.830817   0.000239    34.5082    34.5085     6.0389    27.7409    27.7411          6  0.000e+00
      41505 315.067411  -62.92676  -60.13866      0.018    1451.82    411.269    406.894    -0.6466    -0.6452     0.0013    -0.6602    -0.6589     0.0013   2.830635   2.830840   0.000205    34.5082    34.5094     6.0457    27.7409    27.7418          6  0.000e+00
      41506 315.067412  -62.92676  -60.13866      0.018    1451.82    411.212    406.838    -0.6463    -0.6451     0.0011    -0.6599    -0.6588     0.0011   2.830669   2.830783   0.000114    34.5083    34.5086     6.0468    27.7410    27.7411          6  0.000e+00
      41507 315.067412  -62.92676  -60.13866      0.018    1451.82    411.269    406.894    -0.6460    -0.6453     0.0006    -0.6596    -0.6590     0.0006   2.830680   2.830754   0.000074    34.5081    34.5084     6.0400    27.7408    27.7410          6  0.000e+00
      41508 315.067413  -62.92676  -60.13866      0.019    1451.82    411.269    406.894    -0.6453    -0.6452     0.0001    -0.6590    -0.6589     0.0001   2.830736   2.830806   0.000069    34.5081    34.5090     6.0536    27.7408    27.7414          6  0.000e+00
      41509 315.067413  -62.92676  -60.13866      0.016    1451.82    411.229    406.854    -0.6453    -0.6450     0.0003    -0.6590    -0.6587     0.0003   2.830736   2.830823   0.000087    34.5082    34.5090     6.0478    27.7408    27.7414          6  0.000e+00
      41510 315.067414  -62.92676  -60.13866      0.013    1451.82    411.212    406.838    -0.6450    -0.6448     0.0003    -0.6587    -0.6584     0.0002   2.830708   2.830760   0.000052    34.5074    34.5079     6.0489    27.7402    27.7405          6  0.000e+00
      41511 315.067414  -62.92676  -60.13866      0.014    1451.82    411.269    406.894    -0.6452    -0.6453    -0.0001    -0.6589    -0.6589    -0.0001   2.830742   2.830691  -0.000051    34.5081    34.5075     6.0489    27.7407    27.7403          6  0.000e+00
      41512 315.067415  -62.92676  -60.13866      0.010    1451.82    411.212    406.838    -0.6460    -0.6460    -0.0000    -0.6596    -0.6596    -0.0000   2.830640   2.830685   0.000045    34.5076    34.5082     6.0489    27.7404    27.7409          6  0.000e+00
      41513 315.067415  -62.92676  -60.13866      0.003    1451.82    411.148    406.774    -0.6466    -0.6463     0.0002    -0.6602    -0.6600     0.0002   2.830606   2.830743   0.000136    34.5079    34.5094     6.0419    27.7406    27.7419          6  0.000e+00
      41514 315.067416  -62.92676  -60.13866      0.006    1451.82    411.326    406.951    -0.6470    -0.6459     0.0011    -0.6607    -0.6596     0.0011   2.830578   2.830748   0.000170    34.5079    34.5089     6.0476    27.7407    27.7415          6  0.000e+00
      41515 315.067416  -62.92676  -60.13866     -0.000    1451.82    411.164    406.790    -0.6467    -0.6457     0.0011    -0.6604    -0.6593     0.0010   2.830606   2.830680   0.000073    34.5081    34.5078     6.0484    27.7408    27.7406          6  0.000e+00
      41516 315.067417  -62.92676  -60.13866      0.003    1451.82    411.269    406.895    -0.6461    -0.6460     0.0001    -0.6597    -0.6597     0.0001   2.830702   2.830628  -0.000074    34.5085    34.5075     6.0412    27.7411    27.7403          6  0.000e+00
      41517 315.067417  -62.92676  -60.13866      0.001    1451.82    411.213    406.839    -0.6455    -0.6468    -0.0013    -0.6591    -0.6604    -0.0013   2.830770   2.830554  -0.000216    34.5088    34.5074     6.0408    27.7413    27.7402          6  0.000e+00
      41518 315.067418  -62.92676  -60.13866     -0.003    1451.82    411.213    406.839    -0.6450    -0.6476    -0.0025    -0.6587    -0.6612    -0.0025   2.830787   2.830445  -0.000342    34.5085    34.5068     6.0394    27.7411    27.7398          6  0.000e+00
      41519 315.067418  -62.92676  -60.13866     -0.006    1451.82    411.213    406.839    -0.6449    -0.6485    -0.0036    -0.6586    -0.6622    -0.0036   2.830764   2.830336  -0.000428    34.5081    34.5064     6.0392    27.7407    27.7395          6  0.000e+00
      41520 315.067418  -62.92676  -60.13866     -0.006    1451.82    411.213    406.839    -0.6450    -0.6488    -0.0037    -0.6587    -0.6624    -0.0037   2.830787   2.830382  -0.000405    34.5085    34.5073     6.0460    27.7411    27.7403          6  0.000e+00
      41521 315.067419  -62.92676  -60.13866     -0.012    1451.82    411.164    406.791    -0.6450    -0.6488    -0.0038    -0.6587    -0.6625    -0.0038   2.830826   2.830474  -0.000353    34.5091    34.5086     6.0458    27.7415    27.7413          6  0.000e+00
      41522 315.067419  -62.92676  -60.13866     -0.012    1451.82    411.269    406.895    -0.6437    -0.6483    -0.0046    -0.6573    -0.6620    -0.0046   2.830855   2.830519  -0.000335    34.5078    34.5086     6.0467    27.7405    27.7413          6  0.000e+00
      41523 315.067420  -62.92676  -60.13866     -0.018    1451.82    411.148    406.775    -0.6432    -0.6483    -0.0051    -0.6568    -0.6619    -0.0051   2.830821   2.830485  -0.000336    34.5069    34.5082     6.0464    27.7397    27.7410          6  0.000e+00
      41524 315.067420  -62.92676  -60.13866     -0.018    1451.82    411.213    406.839    -0.6432    -0.6484    -0.0052    -0.6568    -0.6620    -0.0052   2.830793   2.830525  -0.000268    34.5065    34.5088     6.0393    27.7394    27.7414          6  0.000e+00
      41525 315.067421  -62.92676  -60.13866     -0.021    1451.82    411.213    406.839    -0.6446    -0.6485    -0.0039    -0.6582    -0.6621    -0.0039   2.830742   2.830531  -0.000211    34.5074    34.5090     6.0450    27.7401    27.7416          6  0.000e+00
      41526 315.067421  -62.92676  -60.13866     -0.028    1451.82    411.148    406.775    -0.6459    -0.6488    -0.0029    -0.6595    -0.6624    -0.0029   2.830668   2.830531  -0.000138    34.5079    34.5094     6.0380    27.7406    27.7419          6  0.000e+00
      41527 315.067422  -62.92676  -60.13866     -0.026    1451.82    411.164    406.791    -0.6466    -0.6487    -0.0021    -0.6602    -0.6623    -0.0021   2.830590   2.830485  -0.000105    34.5076    34.5086     6.0448    27.7404    27.7413          6  0.000e+00
      41528 315.067422  -62.92676  -60.13866     -0.037    1451.82    411.148    406.775    -0.6469    -0.6487    -0.0018    -0.6605    -0.6623    -0.0018   2.830657   2.830462  -0.000195    34.5089    34.5083     6.0376    27.7415    27.7411          6  0.000e+00
      41529 315.067423  -62.92676  -60.13866     -0.035    1451.82    411.213    406.839    -0.6472    -0.6484    -0.0012    -0.6609    -0.6620    -0.0012   2.830697   2.830491  -0.000206    34.5098    34.5083     6.0443    27.7422    27.7411          6  0.000e+00
      41530 315.067423  -62.92676  -60.13866     -0.041    1451.82    411.148    406.775    -0.6461    -0.6485    -0.0024    -0.6597    -0.6621    -0.0024   2.830764   2.830519  -0.000245    34.5095    34.5089     6.0438    27.7419    27.7415          6  0.000e+00
      41531 315.067424  -62.92676  -60.13866     -0.043    1451.82    411.148    406.775    -0.6446    -0.6482    -0.0036    -0.6582    -0.6618    -0.0036   2.830821   2.830468  -0.000353    34.5085    34.5079     6.0444    27.7410    27.7407          6  0.000e+00
      41532 315.067424  -62.92676  -60.13866     -0.048    1451.82    411.091    406.719    -0.6437    -0.6479    -0.0042    -0.6573    -0.6615    -0.0042   2.830855   2.830456  -0.000398    34.5080    34.5074     6.0370    27.7406    27.7403          6  0.000e+00
      41533 315.067425  -62.92676  -60.13866     -0.053    1451.82    411.164    406.791    -0.6429    -0.6479    -0.0050    -0.6566    -0.6615    -0.0049   2.830883   2.830451  -0.000432    34.5074    34.5072     6.0367    27.7401    27.7402          6  0.000e+00
      41534 315.067425  -62.92676  -60.13866     -0.058    1451.82    411.091    406.719    -0.6426    -0.6473    -0.0047    -0.6563    -0.6609    -0.0047   2.830911   2.830468  -0.000443    34.5075    34.5069     6.0351    27.7402    27.7398          6  0.000e+00
      41535 315.067426  -62.92676  -60.13866     -0.057    1451.82    411.213    406.839    -0.6435    -0.6476    -0.0041    -0.6571    -0.6612    -0.0041   2.830877   2.830433  -0.000444    34.5080    34.5066     6.0419    27.7406    27.7397          6  0.000e+00
      41536 315.067426  -62.92676  -60.13866     -0.058    1451.82    411.148    406.775    -0.6444    -0.6479    -0.0034    -0.6581    -0.6615    -0.0034   2.830753   2.830451  -0.000303    34.5074    34.5072     6.0418    27.7402    27.7402          6  0.000e+00
      41537 315.067427  -62.92676  -60.13866     -0.066    1451.82    411.026    406.655    -0.6449    -0.6481    -0.0032    -0.6585    -0.6617    -0.0032   2.830747   2.830451  -0.000297    34.5080    34.5076     6.0426    27.7406    27.7404          6  0.000e+00
      41538 315.067427  -62.92676  -60.13866     -0.070    1451.82    411.148    406.775    -0.6446    -0.6488    -0.0042    -0.6582    -0.6624    -0.0042   2.830759   2.830405  -0.000354    34.5076    34.5077     6.0423    27.7403    27.7405          6  0.000e+00
      41539 315.067428  -62.92676  -60.13866     -0.069    1451.82    411.164    406.791    -0.6449    -0.6488    -0.0039    -0.6586    -0.6625    -0.0039   2.830697   2.830376  -0.000321    34.5072    34.5073     6.0433    27.7400    27.7403          6  0.000e+00
      41540 315.067428  -62.92676  -60.13866     -0.080    1451.82    411.026    406.655    -0.6453    -0.6493    -0.0040    -0.6590    -0.6629    -0.0040   2.830635   2.830376  -0.000258    34.5069    34.5079     6.0509    27.7398    27.7408          6  0.000e+00
      41541 315.067429  -62.92676  -60.13866     -0.081    1451.82    411.091    406.719    -0.6458    -0.6497    -0.0039    -0.6594    -0.6634    -0.0039   2.830663   2.830348  -0.000315    34.5078    34.5080     6.0393    27.7405    27.7409          6  0.000e+00
      41542 315.067429  -62.92676  -60.13866     -0.087    1451.82    411.091    406.719    -0.6463    -0.6499    -0.0036    -0.6599    -0.6635    -0.0036   2.830657   2.830376  -0.000281    34.5082    34.5086     6.0459    27.7409    27.7414          6  0.000e+00
      41543 315.067430  -62.92676  -60.13866     -0.089    1451.82    411.091    406.719    -0.6466    -0.6497    -0.0032    -0.6602    -0.6634    -0.0032   2.830612   2.830376  -0.000236    34.5080    34.5084     6.0455    27.7407    27.7412          6  0.000e+00
      41544 315.067430  -62.92676  -60.13866     -0.094    1451.82    411.027    406.655    -0.6470    -0.6496    -0.0026    -0.6607    -0.6633    -0.0026   2.830567   2.830439  -0.000128    34.5079    34.5092     6.0395    27.7407    27.7418          6  0.000e+00
      41545 315.067431  -62.92676  -60.13866     -0.094    1451.82    411.108    406.735    -0.6473    -0.6496    -0.0022    -0.6610    -0.6632    -0.0022   2.830488   2.830531   0.000043    34.5072    34.5103     6.0462    27.7401    27.7427          6  0.000e+00
      41546 315.067431  -62.92676  -60.13866     -0.102    1451.82    411.027    406.655    -0.6476    -0.6497    -0.0021    -0.6613    -0.6634    -0.0021   2.830499   2.830451  -0.000049    34.5077    34.5095     6.0389    27.7405    27.7420          6  0.000e+00
      41547 315.067432  -62.92676  -60.13866     -0.105    1451.82    411.027    406.655    -0.6481    -0.6496    -0.0015    -0.6617    -0.6633    -0.0015   2.830477   2.830422  -0.000055    34.5079    34.5089     6.0443    27.7407    27.7416          6  0.000e+00
      41548 315.067432  -62.92676  -60.13866     -0.107    1451.82    411.091    406.719    -0.6483    -0.6494    -0.0011    -0.6619    -0.6630    -0.0011   2.830443   2.830451   0.000008    34.5076    34.5090     6.0371    27.7405    27.7417          6  0.000e+00
      41549 315.067432  -62.92676  -60.13866     -0.110    1451.82    411.027    406.655    -0.6487    -0.6496    -0.0009    -0.6624    -0.6633    -0.0009   2.830437   2.830451   0.000013    34.5081    34.5093     6.0436    27.7409    27.7419          6  0.000e+00
      41550 315.067433  -62.92676  -60.13866     -0.113    1451.82    411.027    406.655    -0.6486    -0.6499    -0.0013    -0.6622    -0.6635    -0.0013   2.830477   2.830405  -0.000072    34.5085    34.5090     6.0374    27.7412    27.7417          6  0.000e+00
      41551 315.067433  -62.92676  -60.13866     -0.117    1451.82    411.043    406.671    -0.6481    -0.6504    -0.0023    -0.6617    -0.6640    -0.0023   2.830527   2.830330  -0.000197    34.5086    34.5085     6.0495    27.7413    27.7413          6  0.000e+00
      41552 315.067434  -62.92676  -60.13866     -0.118    1451.82    410.970    406.599    -0.6475    -0.6504    -0.0029    -0.6611    -0.6640    -0.0029   2.830561   2.830342  -0.000220    34.5084    34.5087     6.0444    27.7411    27.7415          6  0.000e+00
      41553 315.067434  -62.92676  -60.13866     -0.128    1451.82    410.970    406.599    -0.6472    -0.6504    -0.0032    -0.6608    -0.6640    -0.0031   2.830601   2.830365  -0.000236    34.5086    34.5090     6.0438    27.7413    27.7417          6  0.000e+00
      41554 315.067435  -62.92676  -60.13866     -0.128    1451.82    411.027    406.655    -0.6469    -0.6502    -0.0033    -0.6605    -0.6638    -0.0033   2.830618   2.830405  -0.000213    34.5084    34.5094     6.0376    27.7411    27.7420          6  0.000e+00
