Pos-Processados/process_op41/operantar41_009.ros
* Sea-Bird SBE 9 Data File:
* FileName = C:\Users\Dell\Desktop\OperantarXLI\config\00_BRUTOS\OPE41009.hdr
* Software Version Seasave V 7.26.7.110
* Temperature SN = 6497
* Conductivity SN = 4954
* Number of Bytes Per Scan = 31
* Number of Voltage Words = 2
* Number of Scans Averaged by the Deck Unit = 1
* NMEA Latitude = 42 49.84 S
* NMEA Longitude = 052 15.44 W
* NMEA UTC (Time) = Oct 23 2022 04:30:44
* NMEA baud rate = 4800
** H41
** Navio Polar Almirante Maximiano
** LH-021/2022
** Operantar XLI
** Número da Estação 009
** Latitude 42 49.421' S
** Longitude 52 14.906' W
** Data/Hora (Z) 23/10/2022 0403Z
** Profundidade local 5745 m
** 09-1439
** Nome do Operador CT Garla
# nquan = 24
# nvalues = 1528                                  
# units = specified
# name 0 = scan: Scan Count
# name 1 = timeJ: Julian Days
# name 2 = latitude: Latitude [deg]
# name 3 = longitude: Longitude [deg]
# name 4 = dz/dtM: Descent Rate [m/s]
# name 5 = avgsvCM: Average Sound Velocity [Chen-Millero, m/s]
# name 6 = prDM: Pressure, Digiquartz [db]
# name 7 = depSM: Depth [salt water, m]
# name 8 = t090C: Temperature [ITS-90, deg C]
# name 9 = t190C: Temperature, 2 [ITS-90, deg C]
# name 10 = T2-T190C: Temperature Difference, 2 - 1 [ITS-90, deg C]
# name 11 = potemp090C: Potential Temperature [ITS-90, deg C]
# name 12 = potemp190C: Potential Temperature, 2 [ITS-90, deg C]
# name 13 = potemp90Cdiff: Potential Temperature, Diff, 2 - 1 [ITS-90, deg C]
# name 14 = c0S/m: Conductivity [S/m]
# name 15 = c1S/m: Conductivity, 2 [S/m]
# name 16 = C2-C1S/m: Conductivity Difference, 2 - 1 [S/m]
# name 17 = sal00: Salinity, Practical [PSU]
# name 18 = sal11: Salinity, Practical, 2 [PSU]
# name 19 = sbeox0ML/L: Oxygen, SBE 43 [ml/l]
# name 20 = sigma-é00: Density [sigma-theta, kg/m^3]
# name 21 = sigma-é11: Density, 2 [sigma-theta, kg/m^3]
# name 22 = nbf: Bottles Fired
# name 23 = flag:  0.000e+00
# interval = seconds: 0.0416667
# start_time = Oct 23 2022 04:30:44 [NMEA time, header]
# bad_flag = -9.990e-29
*END*
[from data line 61]
      57188 296.215588  -42.84024  -52.27736     -0.111    1493.18     45.682     45.315    14.4291    14.4275    -0.0016    14.4224    14.4208    -0.0016   4.295256   4.295258   0.000003    35.5317    35.5333     5.5275    26.5081    26.5096          1  0.000e+00
      57189 296.215588  -42.84024  -52.27736     -0.105    1493.18     45.682     45.315    14.4288    14.4273    -0.0014    14.4220    14.4206    -0.0014   4.295269   4.295245  -0.000024    35.5322    35.5333     5.5281    26.5085    26.5097          1  0.000e+00
      57190 296.215589  -42.84024  -52.27736     -0.098    1493.18     45.682     45.315    14.4283    14.4271    -0.0012    14.4215    14.4204    -0.0012   4.295309   4.295211  -0.000097    35.5330    35.5332     5.5286    26.5092    26.5096          1  0.000e+00
      57191 296.215589  -42.84024  -52.27736     -0.091    1493.18     45.682     45.315    14.4274    14.4271    -0.0003    14.4207    14.4204    -0.0003   4.295322   4.295204  -0.000117    35.5339    35.5331     5.5292    26.5101    26.5095          1  0.000e+00
      57192 296.215590  -42.84024  -52.27736     -0.083    1493.18     45.682     45.315    14.4267    14.4275     0.0008    14.4200    14.4208     0.0008   4.295322   4.295225  -0.000097    35.5346    35.5330     5.5298    26.5108    26.5093          1  0.000e+00
      57193 296.215590  -42.84024  -52.27736     -0.079    1493.18     45.626     45.259    14.4266    14.4274     0.0008    14.4199    14.4206     0.0008   4.295322   4.295238  -0.000084    35.5347    35.5332     5.5260    26.5109    26.5096          1  0.000e+00
      57194 296.215591  -42.84024  -52.27736     -0.070    1493.18     45.746     45.379    14.4266    14.4278     0.0012    14.4199    14.4211     0.0012   4.295375   4.295178  -0.000198    35.5351    35.5322     5.5299    26.5112    26.5087          1  0.000e+00
      57195 296.215591  -42.84024  -52.27736     -0.061    1493.18     45.682     45.315    14.4266    14.4275     0.0009    14.4199    14.4208     0.0009   4.295335   4.295245  -0.000090    35.5348    35.5332     5.5300    26.5110    26.5095          1  0.000e+00
      57196 296.215592  -42.84024  -52.27736     -0.056    1493.18     45.682     45.315    14.4266    14.4278     0.0012    14.4199    14.4211     0.0012   4.295289   4.295191  -0.000098    35.5344    35.5324     5.5305    26.5106    26.5088          1  0.000e+00
      57197 296.215592  -42.84024  -52.27736     -0.044    1493.18     45.763     45.395    14.4264    14.4277     0.0013    14.4196    14.4209     0.0013   4.295309   4.295164  -0.000145    35.5347    35.5322     5.5311    26.5110    26.5087          1  0.000e+00
      57198 296.215593  -42.84024  -52.27736     -0.038    1493.18     45.682     45.315    14.4264    14.4278     0.0014    14.4197    14.4211     0.0014   4.295349   4.295218  -0.000131    35.5351    35.5326     5.5312    26.5112    26.5090          1  0.000e+00
      57199 296.215593  -42.84024  -52.27736     -0.031    1493.18     45.682     45.315    14.4261    14.4277     0.0016    14.4193    14.4209     0.0016   4.295329   4.295178  -0.000151    35.5352    35.5324     5.5313    26.5114    26.5088          1  0.000e+00
      57200 296.215594  -42.84024  -52.27736     -0.024    1493.18     45.747     45.379    14.4266    14.4279     0.0013    14.4199    14.4211     0.0013   4.295289   4.295103  -0.000185    35.5343    35.5314     5.5315    26.5106    26.5081          1  0.000e+00
      57201 296.215594  -42.84024  -52.27736     -0.014    1493.18     45.747     45.379    14.4267    14.4278     0.0011    14.4200    14.4211     0.0011   4.295309   4.295211  -0.000097    35.5344    35.5325     5.5316    26.5106    26.5089          2  0.000e+00
      57202 296.215595  -42.84024  -52.27736     -0.007    1493.18     45.747     45.379    14.4271    14.4280     0.0009    14.4203    14.4212     0.0009   4.295262   4.295218  -0.000044    35.5337    35.5324     5.5316    26.5100    26.5088          2  0.000e+00
      57203 296.215595  -42.84024  -52.27736      0.004    1493.18     45.747     45.379    14.4276    14.4278     0.0002    14.4208    14.4211     0.0002   4.295269   4.295205  -0.000064    35.5333    35.5325     5.5317    26.5096    26.5089          2  0.000e+00
      57204 296.215596  -42.84024  -52.27736      0.007    1493.18     45.747     45.379    14.4279    14.4278    -0.0001    14.4212    14.4211    -0.0001   4.295282   4.295205  -0.000078    35.5331    35.5325     5.5317    26.5093    26.5089          2  0.000e+00
      57205 296.215596  -42.84024  -52.27736      0.014    1493.18     45.747     45.379    14.4283    14.4277    -0.0006    14.4215    14.4209    -0.0006   4.295256   4.295225  -0.000031    35.5325    35.5328     5.5317    26.5088    26.5092          2  0.000e+00
      57206 296.215597  -42.84024  -52.27736      0.022    1493.18     45.763     45.395    14.4286    14.4278    -0.0008    14.4219    14.4211    -0.0008   4.295216   4.295238   0.000022    35.5318    35.5328     5.5317    26.5082    26.5091          2  0.000e+00
      57207 296.215597  -42.84024  -52.27736      0.034    1493.18     45.803     45.435    14.4286    14.4277    -0.0008    14.4218    14.4210    -0.0008   4.295236   4.295178  -0.000058    35.5320    35.5323     5.5361    26.5084    26.5088          2  0.000e+00
      57208 296.215598  -42.84024  -52.27736      0.040    1493.18     45.803     45.435    14.4286    14.4277    -0.0009    14.4219    14.4209    -0.0009   4.295249   4.295164  -0.000085    35.5321    35.5322     5.5368    26.5084    26.5087          2  0.000e+00
      57209 296.215598  -42.84024  -52.27736      0.047    1493.18     45.747     45.379    14.4286    14.4277    -0.0009    14.4219    14.4209    -0.0009   4.295249   4.295164  -0.000085    35.5321    35.5322     5.5371    26.5085    26.5087          2  0.000e+00
      57210 296.215598  -42.84024  -52.27736      0.053    1493.18     45.803     45.435    14.4286    14.4278    -0.0008    14.4219    14.4211    -0.0008   4.295249   4.295191  -0.000058    35.5321    35.5323     5.5335    26.5084    26.5088          2  0.000e+00
      57211 296.215599  -42.84024  -52.27736      0.058    1493.18     45.803     45.435    14.4286    14.4280    -0.0006    14.4219    14.4212    -0.0006   4.295276   4.295225  -0.000051    35.5324    35.5325     5.5334    26.5086    26.5088          2  0.000e+00
      57212 296.215599  -42.84022  -52.27738      0.067    1493.18     45.859     45.491    14.4286    14.4280    -0.0006    14.4218    14.4212    -0.0006   4.295309   4.295238  -0.000071    35.5327    35.5326     5.5374    26.5089    26.5089          2  0.000e+00
      57213 296.215600  -42.84022  -52.27738      0.076    1493.18     45.803     45.435    14.4281    14.4283     0.0003    14.4213    14.4216     0.0003   4.295289   4.295238  -0.000051    35.5329    35.5322     5.5376    26.5092    26.5086          2  0.000e+00
      57214 296.215600  -42.84022  -52.27738      0.084    1493.18     45.859     45.491    14.4281    14.4282     0.0001    14.4213    14.4214     0.0001   4.295342   4.295238  -0.000104    35.5334    35.5324     5.5379    26.5096    26.5087          2  0.000e+00
      57215 296.215601  -42.84022  -52.27738      0.092    1493.18     45.859     45.491    14.4281    14.4283     0.0003    14.4213    14.4216     0.0003   4.295302   4.295211  -0.000091    35.5330    35.5320     5.5381    26.5093    26.5084          2  0.000e+00
      57216 296.215601  -42.84022  -52.27738      0.095    1493.18     45.763     45.395    14.4281    14.4285     0.0004    14.4213    14.4217     0.0004   4.295282   4.295171  -0.000111    35.5329    35.5315     5.5422    26.5092    26.5080          2  0.000e+00
      57217 296.215602  -42.84022  -52.27738      0.103    1493.18     45.924     45.555    14.4280    14.4283     0.0003    14.4213    14.4216     0.0003   4.295309   4.295191  -0.000118    35.5331    35.5318     5.5427    26.5094    26.5082          2  0.000e+00
      57218 296.215602  -42.84022  -52.27738      0.109    1493.18     45.859     45.491    14.4283    14.4287     0.0004    14.4215    14.4219     0.0004   4.295322   4.295225  -0.000097    35.5331    35.5318     5.5387    26.5093    26.5082          2  0.000e+00
      57219 296.215603  -42.84022  -52.27738      0.116    1493.18     45.924     45.555    14.4279    14.4287     0.0008    14.4211    14.4219     0.0008   4.295322   4.295238  -0.000084    35.5334    35.5319     5.5388    26.5096    26.5083          2  0.000e+00
      57220 296.215603  -42.84022  -52.27738      0.121    1493.18     45.859     45.491    14.4281    14.4287     0.0006    14.4213    14.4219     0.0006   4.295322   4.295319  -0.000003    35.5332    35.5327     5.5388    26.5094    26.5089          2  0.000e+00
      57221 296.215604  -42.84022  -52.27738      0.126    1493.18     45.924     45.555    14.4280    14.4290     0.0010    14.4213    14.4223     0.0010   4.295322   4.295238  -0.000084    35.5333    35.5316     5.5428    26.5095    26.5079          2  0.000e+00
      57222 296.215604  -42.84022  -52.27738      0.134    1493.18     45.924     45.555    14.4281    14.4286     0.0005    14.4213    14.4218     0.0005   4.295349   4.295258  -0.000090    35.5335    35.5322     5.5431    26.5096    26.5085          2  0.000e+00
      57223 296.215605  -42.84022  -52.27738      0.134    1493.18     45.859     45.491    14.4281    14.4287     0.0006    14.4213    14.4219     0.0006   4.295329   4.295245  -0.000084    35.5333    35.5320     5.5433    26.5095    26.5083          2  0.000e+00
      57224 296.215605  -42.84022  -52.27738      0.144    1493.18     45.980     45.611    14.4281    14.4288     0.0008    14.4213    14.4221     0.0008   4.295375   4.295238  -0.000137    35.5337    35.5317     5.5435    26.5098    26.5081          2  0.000e+00
      57225 296.215606  -42.84022  -52.27738      0.150    1493.18     45.924     45.555    14.4281    14.4288     0.0008    14.4213    14.4221     0.0008   4.295369   4.295238  -0.000130    35.5336    35.5317     5.5440    26.5097    26.5081          2  0.000e+00
      57226 296.215606  -42.84022  -52.27738      0.157    1493.18     45.980     45.611    14.4280    14.4288     0.0008    14.4213    14.4221     0.0008   4.295362   4.295211  -0.000151    35.5336    35.5315     5.5401    26.5097    26.5079          2  0.000e+00
      57227 296.215607  -42.84022  -52.27738      0.159    1493.18     45.948     45.579    14.4283    14.4293     0.0011    14.4215    14.4226     0.0011   4.295362   4.295285  -0.000077    35.5334    35.5317     5.5398    26.5095    26.5080          2  0.000e+00
      57228 296.215607  -42.84022  -52.27738      0.163    1493.18     45.924     45.555    14.4281    14.4290     0.0009    14.4213    14.4223     0.0009   4.295362   4.295339  -0.000023    35.5336    35.5325     5.5395    26.5097    26.5087          2  0.000e+00
      57229 296.215608  -42.84022  -52.27738      0.166    1493.18     45.980     45.611    14.4284    14.4291     0.0007    14.4216    14.4223     0.0006   4.295362   4.295265  -0.000097    35.5333    35.5318     5.5392    26.5094    26.5081          2  0.000e+00
      57230 296.215608  -42.84022  -52.27738      0.176    1493.18     46.045     45.675    14.4286    14.4290     0.0004    14.4218    14.4222     0.0004   4.295362   4.295238  -0.000124    35.5331    35.5315     5.5389    26.5092    26.5079          2  0.000e+00
      57231 296.215609  -42.84022  -52.27738      0.177    1493.18     45.980     45.611    14.4288    14.4287    -0.0001    14.4220    14.4219    -0.0001   4.295335   4.295265  -0.000070    35.5327    35.5321     5.5385    26.5089    26.5085          2  0.000e+00
      57232 296.215609  -42.84022  -52.27738      0.181    1493.18     45.980     45.611    14.4289    14.4287    -0.0003    14.4222    14.4219    -0.0003   4.295349   4.295245  -0.000104    35.5327    35.5319     5.5384    26.5088    26.5083          2  0.000e+00
      57233 296.215610  -42.84022  -52.27738      0.185    1493.18     46.045     45.675    14.4286    14.4285    -0.0001    14.4218    14.4217    -0.0001   4.295329   4.295238  -0.000090    35.5327    35.5320     5.5384    26.5089    26.5084          2  0.000e+00
      57234 296.215610  -42.84022  -52.27738      0.191    1493.18     46.045     45.675    14.4284    14.4287     0.0002    14.4216    14.4219     0.0002   4.295349   4.295238  -0.000110    35.5331    35.5319     5.5380    26.5093    26.5082          2  0.000e+00
      57235 296.215611  -42.84022  -52.27738      0.192    1493.18     45.980     45.611    14.4286    14.4283    -0.0003    14.4218    14.4216    -0.0003   4.295329   4.295319  -0.000010    35.5328    35.5329     5.5375    26.5090    26.5091          2  0.000e+00
      57236 296.215611  -42.84022  -52.27738      0.198    1493.18     46.101     45.731    14.4284    14.4283    -0.0001    14.4216    14.4216    -0.0001   4.295349   4.295319  -0.000030    35.5331    35.5329     5.5375    26.5092    26.5091          2  0.000e+00
      57237 296.215611  -42.84022  -52.27738      0.198    1493.18     46.005     45.635    14.4288    14.4282    -0.0005    14.4220    14.4214    -0.0005   4.295382   4.295339  -0.000043    35.5331    35.5332     5.5372    26.5092    26.5094          2  0.000e+00
      57238 296.215612  -42.84022  -52.27738      0.204    1493.18     46.101     45.731    14.4284    14.4282    -0.0003    14.4216    14.4214    -0.0003   4.295369   4.295319  -0.000049    35.5333    35.5330     5.5371    26.5094    26.5093          2  0.000e+00
      57239 296.215612  -42.84022  -52.27738      0.206    1493.18     46.045     45.675    14.4281    14.4283     0.0003    14.4213    14.4216     0.0003   4.295382   4.295339  -0.000043    35.5337    35.5331     5.5370    26.5098    26.5093          2  0.000e+00
      57240 296.215613  -42.84022  -52.27738      0.206    1493.18     46.045     45.675    14.4281    14.4283     0.0003    14.4213    14.4216     0.0003   4.295395   4.295319  -0.000076    35.5338    35.5329     5.5368    26.5099    26.5091          2  0.000e+00
      57241 296.215613  -42.84022  -52.27738      0.209    1493.18     46.101     45.731    14.4275    14.4282     0.0006    14.4207    14.4214     0.0006   4.295395   4.295312  -0.000083    35.5343    35.5330     5.5366    26.5104    26.5092          2  0.000e+00
      57242 296.215614  -42.84022  -52.27738      0.204    1493.18     46.045     45.675    14.4273    14.4282     0.0009    14.4205    14.4214     0.0009   4.295422   4.295339  -0.000082    35.5349    35.5333     5.5320    26.5109    26.5094          2  0.000e+00
      57243 296.215614  -42.84022  -52.27738      0.209    1493.18     46.101     45.731    14.4271    14.4278     0.0007    14.4203    14.4210     0.0007   4.295402   4.295360  -0.000042    35.5348    35.5337     5.5315    26.5109    26.5099          2  0.000e+00
      57244 296.215615  -42.84022  -52.27738      0.209    1493.18     46.101     45.731    14.4267    14.4272     0.0005    14.4199    14.4204     0.0005   4.295422   4.295380  -0.000042    35.5353    35.5345     5.5310    26.5113    26.5106          2  0.000e+00
      57245 296.215615  -42.84022  -52.27738      0.208    1493.18     46.101     45.731    14.4264    14.4275     0.0011    14.4196    14.4207     0.0011   4.295435   4.295387  -0.000049    35.5357    35.5343     5.5344    26.5117    26.5104          2  0.000e+00
      57246 296.215616  -42.84022  -52.27738      0.211    1493.18     46.101     45.731    14.4264    14.4275     0.0011    14.4196    14.4207     0.0011   4.295402   4.295326  -0.000076    35.5355    35.5337     5.5302    26.5115    26.5099          2  0.000e+00
