Pos-Processados/process_op41/operantar41_017.ros
* Sea-Bird SBE 9 Data File:
* FileName = C:\Users\Dell\Desktop\OperantarXLI\config\00_BRUTOS\OPE41017.hdr
* Software Version Seasave V 7.26.7.110
* Temperature SN = 6497
* Conductivity SN = 4954
* Number of Bytes Per Scan = 34
* Number of Voltage Words = 3
* Number of Scans Averaged by the Deck Unit = 1
* NMEA Latitude = 62 13.33 S
* NMEA Longitude = 058 12.09 W
* NMEA UTC (Time) = Nov 09 2022 17:12:58
* NMEA baud rate = 4800
** H41
** Navio Polar Almirante Maximiano
** LH-021/2022
** Operantar XLI
** Número da Estação 017
** Latitude 62 13.278'S
** Longitude 058 12.242'W
** Data/Hora (Z) 09/11/2022 1710Z
** Profundidade local 350 m
** 09-1439
** Nome do Operador CT Garla
# nquan = 24
# nvalues = 839                                   
# units = specified
# name 0 = scan: Scan Count
# name 1 = timeJ: Julian Days
# name 2 = latitude: Latitude [deg]
# name 3 = longitude: Longitude [deg]
# name 4 = dz/dtM: Descent Rate [m/s]
# name 5 = avgsvCM: Average Sound Velocity [Chen-Millero, m/s]
# name 6 = prDM: Pressure, Digiquartz [db]
# name 7 = depSM: Depth [salt water, m]
# name 8 = t090C: Temperature [ITS-90, deg C]
# name 9 = t190C: Temperature, 2 [ITS-90, deg C]
# name 10 = T2-T190C: Temperature Difference, 2 - 1 [ITS-90, deg C]
# name 11 = potemp090C: Potential Temperature [ITS-90, deg C]
# name 12 = potemp190C: Potential Temperature, 2 [ITS-90, deg C]
# name 13 = potemp90Cdiff: Potential Temperature, Diff, 2 - 1 [ITS-90, deg C]
# name 14 = c0S/m: Conductivity [S/m]
# name 15 = c1S/m: Conductivity, 2 [S/m]
# name 16 = C2-C1S/m: Conductivity Difference, 2 - 1 [S/m]
# name 17 = sal00: Salinity, Practical [PSU]
# name 18 = sal11: Salinity, Practical, 2 [PSU]
# name 19 = sbeox0ML/L: Oxygen, SBE 43 [ml/l]
# name 20 = sigma-é00: Density [sigma-theta, kg/m^3]
# name 21 = sigma-é11: Density, 2 [sigma-theta, kg/m^3]
# name 22 = nbf: Bottles Fired
# name 23 = flag:  0.000e+00
# interval = seconds: 0.0416667
# start_time = Nov 09 2022 17:12:58 [NMEA time, header]
# bad_flag = -9.990e-29
*END*
[from data line 484]
      30157 313.731881  -62.22286  -58.18444      0.366    1451.72      1.622      1.607    -0.1310    -0.1298     0.0012    -0.1310    -0.1299     0.0012   2.831360   2.831509   0.000149    34.1855    34.1862     7.4854    27.4554    27.4559          8  0.000e+00
      30158 313.731881  -62.22286  -58.18444      0.344    1451.72      1.622      1.607    -0.1301    -0.1298     0.0003    -0.1302    -0.1299     0.0003   2.831405   2.831497   0.000093    34.1852    34.1861     7.4850    27.4550    27.4557          8  0.000e+00
      30159 313.731882  -62.22286  -58.18444      0.316    1451.72      1.558      1.543    -0.1299    -0.1294     0.0006    -0.1300    -0.1294     0.0006   2.831416   2.831566   0.000150    34.1852    34.1865     7.4848    27.4550    27.4561          8  0.000e+00
      30160 313.731882  -62.22286  -58.18444      0.290    1451.72      1.558      1.543    -0.1302    -0.1290     0.0012    -0.1303    -0.1291     0.0012   2.831371   2.831606   0.000235    34.1849    34.1867     7.4848    27.4548    27.4562          8  0.000e+00
      30161 313.731883  -62.22286  -58.18444      0.271    1451.72      1.679      1.663    -0.1304    -0.1295     0.0009    -0.1305    -0.1296     0.0009   2.831360   2.831549   0.000189    34.1849    34.1864     7.4858    27.4548    27.4559          8  0.000e+00
      30162 313.731883  -62.22286  -58.18444      0.246    1451.72      1.558      1.543    -0.1305    -0.1294     0.0011    -0.1306    -0.1295     0.0011   2.831343   2.831469   0.000126    34.1848    34.1853     7.4867    27.4548    27.4551          8  0.000e+00
      30163 313.731884  -62.22286  -58.18444      0.219    1451.72      1.558      1.543    -0.1304    -0.1298     0.0006    -0.1305    -0.1299     0.0006   2.831354   2.831486   0.000132    34.1849    34.1860     7.4866    27.4548    27.4556          8  0.000e+00
      30164 313.731884  -62.22286  -58.18442      0.195    1451.72      1.606      1.591    -0.1309    -0.1300     0.0009    -0.1309    -0.1301     0.0009   2.831320   2.831503   0.000183    34.1849    34.1864     7.4867    27.4548    27.4560          8  0.000e+00
      30165 313.731885  -62.22286  -58.18442      0.167    1451.72      1.502      1.487    -0.1310    -0.1300     0.0010    -0.1310    -0.1301     0.0010   2.831286   2.831526   0.000240    34.1846    34.1867     7.4866    27.4546    27.4563          8  0.000e+00
      30166 313.731885  -62.22286  -58.18442      0.134    1451.72      1.502      1.487    -0.1310    -0.1297     0.0013    -0.1310    -0.1297     0.0013   2.831337   2.831532   0.000195    34.1853    34.1864     7.4866    27.4552    27.4560          8  0.000e+00
      30167 313.731886  -62.22286  -58.18442      0.104    1451.72      1.437      1.423    -0.1312    -0.1298     0.0013    -0.1312    -0.1299     0.0013   2.831343   2.831463   0.000120    34.1856    34.1857     7.4865    27.4554    27.4555          8  0.000e+00
      30168 313.731886  -62.22286  -58.18442      0.073    1451.72      1.437      1.423    -0.1310    -0.1301     0.0009    -0.1310    -0.1302     0.0009   2.831314   2.831446   0.000131    34.1851    34.1858     7.4864    27.4550    27.4555          8  0.000e+00
      30169 313.731887  -62.22286  -58.18442      0.042    1451.72      1.381      1.368    -0.1310    -0.1305     0.0005    -0.1310    -0.1305     0.0005   2.831309   2.831411   0.000103    34.1850    34.1858     7.4863    27.4549    27.4555          8  0.000e+00
      30170 313.731887  -62.22286  -58.18442      0.008    1451.72      1.324      1.312    -0.1309    -0.1309    -0.0000    -0.1309    -0.1310    -0.0000   2.831309   2.831400   0.000091    34.1849    34.1862     7.4862    27.4548    27.4559          8  0.000e+00
      30171 313.731888  -62.22286  -58.18442     -0.023    1451.72      1.324      1.312    -0.1307    -0.1314    -0.0007    -0.1307    -0.1314    -0.0007   2.831309   2.831314   0.000005    34.1847    34.1855     7.4861    27.4547    27.4554          8  0.000e+00
      30172 313.731888  -62.22286  -58.18442     -0.051    1451.72      1.324      1.312    -0.1305    -0.1317    -0.0012    -0.1306    -0.1317    -0.0012   2.831343   2.831285  -0.000057    34.1850    34.1855     7.4860    27.4549    27.4554          8  0.000e+00
      30173 313.731889  -62.22286  -58.18442     -0.085    1451.72      1.204      1.192    -0.1306    -0.1320    -0.0014    -0.1306    -0.1320    -0.0014   2.831360   2.831308  -0.000051    34.1853    34.1862     7.4859    27.4552    27.4560          8  0.000e+00
      30174 313.731889  -62.22286  -58.18442     -0.122    1451.72      1.204      1.192    -0.1305    -0.1320    -0.0015    -0.1306    -0.1320    -0.0015   2.831360   2.831280  -0.000080    34.1853    34.1859     7.4921    27.4551    27.4557          8  0.000e+00
      30175 313.731889  -62.22286  -58.18442     -0.150    1451.72      1.204      1.192    -0.1307    -0.1323    -0.0016    -0.1307    -0.1324    -0.0016   2.831343   2.831268  -0.000074    34.1852    34.1861     7.4868    27.4551    27.4559          8  0.000e+00
      30176 313.731890  -62.22286  -58.18442     -0.176    1451.72      1.188      1.176    -0.1308    -0.1320    -0.0012    -0.1308    -0.1320    -0.0012   2.831354   2.831217  -0.000137    34.1855    34.1850     7.4804    27.4553    27.4550          8  0.000e+00
      30177 313.731890  -62.22286  -58.18442     -0.212    1451.72      1.083      1.073    -0.1302    -0.1323    -0.0021    -0.1303    -0.1324    -0.0021   2.831376   2.831228  -0.000148    34.1852    34.1856     7.4792    27.4551    27.4555          8  0.000e+00
      30178 313.731891  -62.22286  -58.18442     -0.240    1451.72      1.083      1.073    -0.1299    -0.1327    -0.0028    -0.1300    -0.1328    -0.0028   2.831388   2.831217  -0.000171    34.1851    34.1859     7.4844    27.4549    27.4557          8  0.000e+00
      30179 313.731891  -62.22286  -58.18442     -0.259    1451.72      1.083      1.073    -0.1296    -0.1332    -0.0036    -0.1297    -0.1333    -0.0036   2.831388   2.831171  -0.000217    34.1847    34.1859     7.4843    27.4546    27.4557          8  0.000e+00
      30180 313.731892  -62.22286  -58.18442     -0.287    1451.72      1.027      1.017    -0.1296    -0.1334    -0.0038    -0.1297    -0.1334    -0.0038   2.831444   2.831119  -0.000325    34.1855    34.1854     7.4780    27.4553    27.4554          8  0.000e+00
      30181 313.731892  -62.22286  -58.18442     -0.314    1451.72      1.027      1.017    -0.1295    -0.1336    -0.0040    -0.1296    -0.1336    -0.0040   2.831450   2.831137  -0.000313    34.1855    34.1858     7.4770    27.4552    27.4557          8  0.000e+00
      30182 313.731893  -62.22286  -58.18442     -0.332    1451.72      1.027      1.017    -0.1292    -0.1337    -0.0045    -0.1292    -0.1337    -0.0045   2.831427   2.831177  -0.000251    34.1848    34.1865     7.4823    27.4546    27.4563          8  0.000e+00
      30183 313.731893  -62.22286  -58.18442     -0.356    1451.72      0.962      0.953    -0.1295    -0.1334    -0.0039    -0.1295    -0.1334    -0.0039   2.831393   2.831188  -0.000205    34.1847    34.1864     7.4761    27.4546    27.4561          8  0.000e+00
      30184 313.731894  -62.22286  -58.18442     -0.382    1451.72      0.906      0.897    -0.1299    -0.1336    -0.0036    -0.1300    -0.1336    -0.0036   2.831365   2.831165  -0.000200    34.1849    34.1863     7.4816    27.4548    27.4561          8  0.000e+00
      30185 313.731894  -62.22286  -58.18442     -0.402    1451.72      0.906      0.897    -0.1301    -0.1334    -0.0033    -0.1301    -0.1334    -0.0033   2.831359   2.831125  -0.000234    34.1850    34.1856     7.4828    27.4549    27.4555          8  0.000e+00
      30186 313.731895  -62.22286  -58.18442     -0.417    1451.72      0.906      0.897    -0.1302    -0.1337    -0.0035    -0.1303    -0.1337    -0.0035   2.831343   2.831171  -0.000172    34.1849    34.1865     7.4767    27.4548    27.4563          8  0.000e+00
      30187 313.731895  -62.22286  -58.18442     -0.439    1451.72      0.890      0.881    -0.1301    -0.1332    -0.0031    -0.1301    -0.1333    -0.0031   2.831371   2.831245  -0.000125    34.1852    34.1870     7.4821    27.4550    27.4566          8  0.000e+00
      30188 313.731896  -62.22286  -58.18442     -0.454    1451.72      0.841      0.833    -0.1304    -0.1326    -0.0022    -0.1304    -0.1326    -0.0022   2.831365   2.831285  -0.000080    34.1854    34.1869     7.4834    27.4552    27.4565          8  0.000e+00
      30189 313.731896  -62.22286  -58.18442     -0.470    1451.72      0.841      0.833    -0.1302    -0.1325    -0.0023    -0.1303    -0.1325    -0.0023   2.831343   2.831331  -0.000011    34.1849    34.1873     7.4836    27.4548    27.4569          8  0.000e+00
      30190 313.731897  -62.22286  -58.18442     -0.488    1451.72      0.785      0.778    -0.1303    -0.1325    -0.0022    -0.1303    -0.1325    -0.0022   2.831354   2.831377   0.000023    34.1852    34.1880     7.4828    27.4550    27.4574          8  0.000e+00
      30191 313.731897  -62.22286  -58.18442     -0.500    1451.72      0.841      0.833    -0.1304    -0.1314    -0.0010    -0.1304    -0.1314    -0.0010   2.831359   2.831434   0.000075    34.1854    34.1874     7.4831    27.4552    27.4569          9  0.000e+00
      30192 313.731898  -62.22286  -58.18442     -0.513    1451.72      0.785      0.778    -0.1293    -0.1307    -0.0015    -0.1293    -0.1308    -0.0015   2.831421   2.831451   0.000030    34.1850    34.1870     7.4830    27.4548    27.4565          9  0.000e+00
      30193 313.731898  -62.22286  -58.18442     -0.528    1451.72      0.729      0.722    -0.1287    -0.1305    -0.0018    -0.1287    -0.1305    -0.0018   2.831579   2.831451  -0.000128    34.1865    34.1867     7.4829    27.4560    27.4563          9  0.000e+00
      30194 313.731899  -62.22286  -58.18442     -0.537    1451.72      0.785      0.778    -0.1284    -0.1304    -0.0020    -0.1284    -0.1304    -0.0020   2.831630   2.831451  -0.000179    34.1868    34.1866     7.4831    27.4562    27.4562          9  0.000e+00
      30195 313.731899  -62.22286  -58.18442     -0.543    1451.72      0.785      0.778    -0.1281    -0.1305    -0.0024    -0.1281    -0.1305    -0.0024   2.831613   2.831503  -0.000110    34.1862    34.1874     7.4843    27.4557    27.4568          9  0.000e+00
      30196 313.731900  -62.22286  -58.18442     -0.551    1451.72      0.729      0.722    -0.1278    -0.1305    -0.0026    -0.1279    -0.1305    -0.0026   2.831557   2.831526  -0.000031    34.1852    34.1877     7.4782    27.4549    27.4571          9  0.000e+00
      30197 313.731900  -62.22286  -58.18442     -0.557    1451.72      0.729      0.722    -0.1281    -0.1301    -0.0021    -0.1281    -0.1301    -0.0021   2.831529   2.831491  -0.000037    34.1851    34.1869     7.4838    27.4548    27.4564          9  0.000e+00
      30198 313.731901  -62.22286  -58.18442     -0.561    1451.72      0.713      0.706    -0.1283    -0.1303    -0.0020    -0.1283    -0.1303    -0.0020   2.831500   2.831417  -0.000083    34.1850    34.1861     7.4842    27.4547    27.4558          9  0.000e+00
      30199 313.731901  -62.22286  -58.18442     -0.565    1451.72      0.729      0.722    -0.1290    -0.1306    -0.0016    -0.1290    -0.1307    -0.0016   2.831472   2.831411  -0.000061    34.1854    34.1864     7.4846    27.4551    27.4560          9  0.000e+00
      30200 313.731902  -62.22286  -58.18442     -0.560    1451.72      0.729      0.722    -0.1292    -0.1301    -0.0009    -0.1292    -0.1301    -0.0009   2.831450   2.831463   0.000013    34.1853    34.1865     7.4849    27.4550    27.4561          9  0.000e+00
      30201 313.731902  -62.22286  -58.18442     -0.560    1451.72      0.729      0.722    -0.1291    -0.1298    -0.0008    -0.1291    -0.1299    -0.0008   2.831478   2.831497   0.000019    34.1855    34.1866     7.4852    27.4552    27.4562          9  0.000e+00
      30202 313.731902  -62.22286  -58.18442     -0.554    1451.72      0.729      0.722    -0.1293    -0.1300    -0.0007    -0.1293    -0.1300    -0.0007   2.831461   2.831486   0.000025    34.1855    34.1866     7.4792    27.4553    27.4562          9  0.000e+00
      30203 313.731903  -62.22286  -58.18442     -0.553    1451.72      0.729      0.722    -0.1293    -0.1301    -0.0008    -0.1293    -0.1301    -0.0008   2.831444   2.831457   0.000013    34.1853    34.1864     7.4838    27.4551    27.4560          9  0.000e+00
      30204 313.731903  -62.22286  -58.18442     -0.546    1451.72      0.664      0.658    -0.1296    -0.1303    -0.0006    -0.1297    -0.1303    -0.0006   2.831399   2.831400 9.3402e-07    34.1851    34.1859     7.4842    27.4550    27.4556          9  0.000e+00
      30205 313.731904  -62.22286  -58.18442     -0.537    1451.72      0.729      0.722    -0.1301    -0.1309    -0.0008    -0.1301    -0.1309    -0.0008   2.831365   2.831337  -0.000028    34.1852    34.1857     7.4846    27.4550    27.4555          9  0.000e+00
      30206 313.731904  -62.22286  -58.18442     -0.525    1451.72      0.729      0.722    -0.1302    -0.1320    -0.0018    -0.1303    -0.1320    -0.0018   2.831342   2.831234  -0.000109    34.1850    34.1855     7.4849    27.4549    27.4554          9  0.000e+00
      30207 313.731905  -62.22286  -58.18442     -0.515    1451.72      0.664      0.658    -0.1303    -0.1325    -0.0022    -0.1303    -0.1325    -0.0022   2.831354   2.831228  -0.000126    34.1853    34.1861     7.4852    27.4551    27.4559          9  0.000e+00
      30208 313.731905  -62.22286  -58.18442     -0.501    1451.72      0.769      0.762    -0.1305    -0.1313    -0.0007    -0.1305    -0.1313    -0.0007   2.831342   2.831331  -0.000011    34.1853    34.1860     7.4856    27.4551    27.4557          9  0.000e+00
      30209 313.731906  -62.22286  -58.18442     -0.490    1451.72      0.664      0.658    -0.1305    -0.1301     0.0004    -0.1305    -0.1301     0.0004   2.831337   2.831451   0.000115    34.1853    34.1864     7.4858    27.4551    27.4560          9  0.000e+00
      30210 313.731906  -62.22286  -58.18442     -0.466    1451.72      0.729      0.722    -0.1309    -0.1301     0.0008    -0.1309    -0.1301     0.0008   2.831314   2.831457   0.000143    34.1854    34.1864     7.4862    27.4552    27.4560          9  0.000e+00
      30211 313.731907  -62.22286  -58.18442     -0.448    1451.72      0.729      0.722    -0.1310    -0.1305     0.0005    -0.1310    -0.1305     0.0005   2.831309   2.831434   0.000126    34.1854    34.1865     7.4865    27.4552    27.4561          9  0.000e+00
      30212 313.731907  -62.22286  -58.18438     -0.427    1451.72      0.729      0.722    -0.1307    -0.1311    -0.0004    -0.1307    -0.1311    -0.0004   2.831309   2.831383   0.000074    34.1851    34.1865     7.4868    27.4550    27.4561          9  0.000e+00
      30213 313.731908  -62.22286  -58.18438     -0.401    1451.72      0.729      0.722    -0.1310    -0.1313    -0.0002    -0.1311    -0.1313    -0.0002   2.831309   2.831320   0.000011    34.1855    34.1859     7.4871    27.4553    27.4556          9  0.000e+00
      30214 313.731908  -62.22286  -58.18438     -0.384    1451.72      0.664      0.658    -0.1310    -0.1319    -0.0009    -0.1310    -0.1319    -0.0009   2.831309   2.831291  -0.000018    34.1855    34.1862     7.4873    27.4553    27.4559          9  0.000e+00
      30215 313.731909  -62.22286  -58.18438     -0.357    1451.72      0.785      0.778    -0.1313    -0.1325    -0.0012    -0.1314    -0.1325    -0.0012   2.831286   2.831274  -0.000012    34.1855    34.1866     7.4878    27.4553    27.4563          9  0.000e+00
