Pos-Processados/process_op41/operantar41_006.ros
* Sea-Bird SBE 9 Data File:
* FileName = C:\Users\Dell\Desktop\OperantarXLI\config\00_BRUTOS\OP41006.hdr
* Software Version Seasave V 7.26.7.110
* Temperature SN = 6497
* Conductivity SN = 4954
* Number of Bytes Per Scan = 31
* Number of Voltage Words = 2
* Number of Scans Averaged by the Deck Unit = 1
* NMEA Latitude = 42 12.54 S
* NMEA Longitude = 053 27.22 W
* NMEA UTC (Time) = Oct 22 2022 00:21:34
* NMEA baud rate = 4800
** H41
** Navio Polar Almirante Maximiano
** LH-021/2022
** Operantar XLI
** Número da Estação 006
** Latitude 42 12.640'S
** Longitude 053 27.212W
** Data/Hora (Z) 22/10/2022 00:19
** Profundidade local 5571 m
** 09-1439
** Nome do Operador CT Garla
# nquan = 24
# nvalues = 1183                                  
# units = specified
# name 0 = scan: Scan Count
# name 1 = timeJ: Julian Days
# name 2 = latitude: Latitude [deg]
# name 3 = longitude: Longitude [deg]
# name 4 = dz/dtM: Descent Rate [m/s]
# name 5 = avgsvCM: Average Sound Velocity [Chen-Millero, m/s]
# name 6 = prDM: Pressure, Digiquartz [db]
# name 7 = depSM: Depth [salt water, m]
# name 8 = t090C: Temperature [ITS-90, deg C]
# name 9 = t190C: Temperature, 2 [ITS-90, deg C]
# name 10 = T2-T190C: Temperature Difference, 2 - 1 [ITS-90, deg C]
# name 11 = potemp090C: Potential Temperature [ITS-90, deg C]
# name 12 = potemp190C: Potential Temperature, 2 [ITS-90, deg C]
# name 13 = potemp90Cdiff: Potential Temperature, Diff, 2 - 1 [ITS-90, deg C]
# name 14 = c0S/m: Conductivity [S/m]
# name 15 = c1S/m: Conductivity, 2 [S/m]
# name 16 = C2-C1S/m: Conductivity Difference, 2 - 1 [S/m]
# name 17 = sal00: Salinity, Practical [PSU]
# name 18 = sal11: Salinity, Practical, 2 [PSU]
# name 19 = sbeox0ML/L: Oxygen, SBE 43 [ml/l]
# name 20 = sigma-é00: Density [sigma-theta, kg/m^3]
# name 21 = sigma-é11: Density, 2 [sigma-theta, kg/m^3]
# name 22 = nbf: Bottles Fired
# name 23 = flag:  0.000e+00
# interval = seconds: 0.0416667
# start_time = Oct 22 2022 00:21:34 [NMEA time, header]
# bad_flag = -9.990e-29
*END*
[from data line 1087]
      70637 295.049041  -42.18754  -53.45704     -0.296    1478.74      8.141      8.077    12.3468    12.3474     0.0006    12.3457    12.3463     0.0006   4.015814   4.015822   0.000008    34.8272    34.8267     6.0536    26.3882    26.3877         24  0.000e+00
      70638 295.049042  -42.18754  -53.45704     -0.298    1478.74      8.141      8.077    12.3471    12.3479     0.0008    12.3461    12.3468     0.0008   4.015788   4.015874   0.000086    34.8266    34.8267     6.0537    26.3877    26.3877         24  0.000e+00
      70639 295.049042  -42.18754  -53.45704     -0.305    1478.74      8.021      7.958    12.3469    12.3481     0.0012    12.3458    12.3470     0.0012   4.015801   4.015940   0.000139    34.8270    34.8273     6.0579    26.3881    26.3881         24  0.000e+00
      70640 295.049043  -42.18754  -53.45704     -0.300    1478.74      8.141      8.077    12.3467    12.3481     0.0014    12.3456    12.3470     0.0014   4.015814   4.015933   0.000120    34.8273    34.8271     6.0585    26.3884    26.3879         24  0.000e+00
      70641 295.049043  -42.18754  -53.45704     -0.301    1478.74      8.085      8.021    12.3470    12.3484     0.0014    12.3459    12.3474     0.0014   4.015833   4.015953   0.000120    34.8272    34.8270     6.0547    26.3882    26.3878         24  0.000e+00
      70642 295.049044  -42.18754  -53.45704     -0.301    1478.74      8.077      8.013    12.3471    12.3486     0.0015    12.3460    12.3476     0.0015   4.015820   4.015986   0.000166    34.8270    34.8272     6.0548    26.3880    26.3879         24  0.000e+00
      70643 295.049044  -42.18754  -53.45704     -0.298    1478.74      8.077      8.013    12.3468    12.3486     0.0018    12.3457    12.3475     0.0018   4.015814   4.015887   0.000074    34.8272    34.8263     6.0549    26.3882    26.3872         24  0.000e+00
      70644 295.049045  -42.18754  -53.45704     -0.299    1478.74      8.077      8.014    12.3470    12.3488     0.0018    12.3459    12.3477     0.0018   4.015833   4.015907   0.000074    34.8272    34.8263     6.0554    26.3882    26.3872         24  0.000e+00
      70645 295.049045  -42.18754  -53.45704     -0.298    1478.74      8.077      8.014    12.3469    12.3486     0.0017    12.3458    12.3475     0.0017   4.015820   4.015927   0.000107    34.8272    34.8266     6.0555    26.3882    26.3875         24  0.000e+00
      70646 295.049046  -42.18754  -53.45704     -0.295    1478.74      8.021      7.958    12.3471    12.3483     0.0011    12.3461    12.3472     0.0011   4.015788   4.015927   0.000139    34.8266    34.8269     6.0555    26.3878    26.3877         24  0.000e+00
      70647 295.049046  -42.18754  -53.45704     -0.291    1478.74      8.077      8.014    12.3471    12.3482     0.0011    12.3461    12.3472     0.0011   4.015801   4.015927   0.000126    34.8267    34.8269     6.0557    26.3878    26.3878         24  0.000e+00
      70648 295.049047  -42.18754  -53.45704     -0.289    1478.74      8.021      7.958    12.3472    12.3484     0.0012    12.3462    12.3474     0.0012   4.015833   4.015900   0.000067    34.8270    34.8265     6.0599    26.3880    26.3874         24  0.000e+00
      70649 295.049047  -42.18754  -53.45704     -0.290    1478.74      8.021      7.958    12.3471    12.3482     0.0011    12.3461    12.3472     0.0011   4.015820   4.015894   0.000074    34.8270    34.8266     6.0562    26.3880    26.3875         24  0.000e+00
      70650 295.049048  -42.18754  -53.45704     -0.285    1478.74      8.085      8.022    12.3475    12.3481     0.0006    12.3464    12.3470     0.0006   4.015833   4.015913   0.000081    34.8267    34.8269     6.0605    26.3878    26.3878         24  0.000e+00
      70651 295.049048  -42.18754  -53.45704     -0.279    1478.74      8.021      7.958    12.3474    12.3481     0.0006    12.3464    12.3470     0.0006   4.015846   4.015946   0.000100    34.8269    34.8273     6.0609    26.3879    26.3881         24  0.000e+00
      70652 295.049049  -42.18752  -53.45704     -0.272    1478.74      8.077      8.014    12.3473    12.3483     0.0010    12.3463    12.3472     0.0010   4.015846   4.015940   0.000094    34.8270    34.8270     6.0614    26.3880    26.3878         24  0.000e+00
      70653 295.049049  -42.18752  -53.45704     -0.268    1478.74      8.021      7.958    12.3475    12.3481     0.0006    12.3464    12.3470     0.0006   4.015872   4.015927   0.000055    34.8271    34.8271     6.0618    26.3881    26.3880         24  0.000e+00
      70654 295.049049  -42.18752  -53.45704     -0.265    1478.74      8.021      7.958    12.3474    12.3483     0.0009    12.3464    12.3472     0.0009   4.015885   4.015900   0.000016    34.8273    34.8267     6.0580    26.3882    26.3876         24  0.000e+00
      70655 295.049050  -42.18752  -53.45704     -0.258    1478.74      8.021      7.958    12.3475    12.3481     0.0006    12.3464    12.3470     0.0006   4.015885   4.015861  -0.000024    34.8273    34.8265     6.0580    26.3882    26.3875         24  0.000e+00
      70656 295.049050  -42.18752  -53.45704     -0.253    1478.74      8.021      7.958    12.3475    12.3483     0.0008    12.3464    12.3472     0.0008   4.015904   4.015907   0.000003    34.8275    34.8267     6.0584    26.3883    26.3876         24  0.000e+00
      70657 295.049051  -42.18752  -53.45704     -0.247    1478.74      8.021      7.958    12.3472    12.3482     0.0010    12.3462    12.3472     0.0010   4.015813   4.015953   0.000139    34.8268    34.8272     6.0585    26.3879    26.3880         24  0.000e+00
      70658 295.049051  -42.18752  -53.45704     -0.239    1478.74      8.029      7.966    12.3473    12.3481     0.0008    12.3463    12.3470     0.0008   4.015826   4.015933   0.000107    34.8268    34.8271     6.0627    26.3879    26.3880         24  0.000e+00
      70659 295.049052  -42.18752  -53.45704     -0.231    1478.74      8.077      8.014    12.3475    12.3484     0.0010    12.3464    12.3474     0.0010   4.015897   4.015900   0.000003    34.8274    34.8265     6.0632    26.3883    26.3874         24  0.000e+00
      70660 295.049052  -42.18752  -53.45704     -0.221    1478.74      8.021      7.958    12.3474    12.3486     0.0012    12.3464    12.3476     0.0012   4.015839   4.015913   0.000074    34.8269    34.8265     6.0631    26.3879    26.3874         24  0.000e+00
      70661 295.049053  -42.18752  -53.45704     -0.214    1478.74      8.021      7.958    12.3475    12.3489     0.0014    12.3464    12.3478     0.0014   4.015833   4.016005   0.000172    34.8268    34.8271     6.0631    26.3878    26.3878         24  0.000e+00
      70662 295.049053  -42.18752  -53.45704     -0.206    1478.74      8.021      7.958    12.3473    12.3489     0.0016    12.3463    12.3479     0.0016   4.015897   4.016005   0.000108    34.8275    34.8271     6.0630    26.3884    26.3877         24  0.000e+00
      70663 295.049054  -42.18752  -53.45704     -0.194    1478.74      8.078      8.014    12.3476    12.3491     0.0015    12.3465    12.3480     0.0015   4.015891   4.015999   0.000108    34.8272    34.8269     6.0633    26.3881    26.3875         24  0.000e+00
      70664 295.049054  -42.18752  -53.45704     -0.188    1478.74      8.021      7.958    12.3475    12.3489     0.0015    12.3464    12.3479     0.0015   4.015852   4.015999   0.000146    34.8270    34.8270     6.0631    26.3879    26.3877         24  0.000e+00
      70665 295.049055  -42.18752  -53.45704     -0.177    1478.74      8.021      7.958    12.3477    12.3493     0.0016    12.3466    12.3482     0.0016   4.015897   4.016018   0.000121    34.8272    34.8269     6.0634    26.3881    26.3875         24  0.000e+00
      70666 295.049055  -42.18752  -53.45704     -0.169    1478.74      8.021      7.958    12.3476    12.3495     0.0019    12.3465    12.3484     0.0019   4.015891   4.016031   0.000140    34.8272    34.8268     6.0636    26.3881    26.3875         24  0.000e+00
      70667 295.049056  -42.18752  -53.45704     -0.153    1478.74      8.142      8.078    12.3478    12.3496     0.0018    12.3467    12.3485     0.0018   4.015904   4.016051   0.000147    34.8271    34.8269     6.0639    26.3880    26.3875         24  0.000e+00
      70668 295.049056  -42.18752  -53.45704     -0.147    1478.74      8.021      7.958    12.3478    12.3498     0.0020    12.3468    12.3487     0.0020   4.015917   4.016123   0.000206    34.8273    34.8274     6.0640    26.3881    26.3879         24  0.000e+00
      70669 295.049057  -42.18752  -53.45704     -0.140    1478.74      8.021      7.958    12.3479    12.3497     0.0018    12.3469    12.3487     0.0018   4.015917   4.016110   0.000193    34.8272    34.8273     6.0637    26.3880    26.3878         24  0.000e+00
      70670 295.049057  -42.18752  -53.45704     -0.130    1478.74      8.078      8.014    12.3480    12.3499     0.0019    12.3469    12.3489     0.0019   4.015943   4.016071   0.000128    34.8273    34.8268     6.0635    26.3881    26.3873         24  0.000e+00
      70671 295.049058  -42.18752  -53.45704     -0.115    1478.74      8.078      8.014    12.3482    12.3503     0.0021    12.3471    12.3492     0.0021   4.015956   4.016090   0.000135    34.8273    34.8267     6.0632    26.3881    26.3872         24  0.000e+00
      70672 295.049058  -42.18752  -53.45704     -0.107    1478.74      8.078      8.014    12.3483    12.3503     0.0020    12.3472    12.3492     0.0020   4.015975   4.016149   0.000174    34.8274    34.8272     6.0628    26.3881    26.3876         24  0.000e+00
      70673 295.049059  -42.18752  -53.45704     -0.095    1478.74      8.078      8.014    12.3488    12.3504     0.0016    12.3478    12.3494     0.0016   4.016007   4.016195   0.000188    34.8272    34.8275     6.0624    26.3878    26.3878         24  0.000e+00
      70674 295.049059  -42.18752  -53.45704     -0.085    1478.74      8.078      8.014    12.3490    12.3506     0.0017    12.3479    12.3496     0.0017   4.016046   4.016149   0.000103    34.8274    34.8269     6.0624    26.3880    26.3873         24  0.000e+00
      70675 295.049060  -42.18752  -53.45704     -0.075    1478.74      8.086      8.022    12.3494    12.3504     0.0010    12.3483    12.3494     0.0010   4.016078   4.016136   0.000058    34.8273    34.8269     6.0666    26.3878    26.3873         24  0.000e+00
      70676 295.049060  -42.18752  -53.45704     -0.065    1478.74      8.078      8.014    12.3498    12.3504     0.0006    12.3487    12.3494     0.0006   4.016091   4.016077  -0.000014    34.8271    34.8264     6.0669    26.3876    26.3869         24  0.000e+00
      70677 295.049061  -42.18752  -53.45704     -0.054    1478.74      8.142      8.078    12.3500    12.3503     0.0003    12.3489    12.3492     0.0003   4.016091   4.016117   0.000025    34.8269    34.8269     6.0630    26.3874    26.3873         24  0.000e+00
      70678 295.049061  -42.18752  -53.45704     -0.044    1478.74      8.142      8.078    12.3500    12.3504     0.0005    12.3489    12.3494     0.0005   4.016143   4.016136  -0.000007    34.8274    34.8269     6.0671    26.3878    26.3873         24  0.000e+00
      70679 295.049062  -42.18752  -53.45704     -0.029    1478.74      8.142      8.078    12.3501    12.3504     0.0004    12.3490    12.3494     0.0004   4.016137   4.016163   0.000026    34.8272    34.8272     6.0674    26.3876    26.3875         24  0.000e+00
      70680 295.049062  -42.18752  -53.45704     -0.018    1478.74      8.142      8.078    12.3500    12.3504     0.0005    12.3489    12.3494     0.0005   4.016098   4.016169   0.000071    34.8269    34.8272     6.0677    26.3874    26.3876         24  0.000e+00
      70681 295.049062  -42.18752  -53.45704     -0.007    1478.74      8.142      8.078    12.3500    12.3504     0.0005    12.3489    12.3494     0.0005   4.016117   4.016143   0.000026    34.8271    34.8270     6.0679    26.3876    26.3874         24  0.000e+00
      70682 295.049063  -42.18752  -53.45704      0.002    1478.74      8.142      8.078    12.3499    12.3506     0.0007    12.3489    12.3496     0.0007   4.016098   4.016189   0.000091    34.8270    34.8272     6.0681    26.3875    26.3875         24  0.000e+00
      70683 295.049063  -42.18752  -53.45704      0.013    1478.74      8.207      8.142    12.3501    12.3508     0.0006    12.3491    12.3497     0.0006   4.016117   4.016176   0.000058    34.8270    34.8269     6.0683    26.3874    26.3873         24  0.000e+00
      70684 295.049064  -42.18752  -53.45704      0.028    1478.74      8.199      8.134    12.3503    12.3506     0.0003    12.3492    12.3495     0.0003   4.016130   4.016228   0.000098    34.8269    34.8276     6.0683    26.3874    26.3878         24  0.000e+00
      70685 295.049064  -42.18752  -53.45704      0.036    1478.74      8.142      8.078    12.3501    12.3508     0.0007    12.3490    12.3497     0.0007   4.016098   4.016189   0.000091    34.8269    34.8271     6.0684    26.3874    26.3874         24  0.000e+00
      70686 295.049065  -42.18752  -53.45704      0.051    1478.74      8.255      8.190    12.3501    12.3508     0.0006    12.3490    12.3497     0.0006   4.016117   4.016143   0.000026    34.8269    34.8266     6.0685    26.3874    26.3870         24  0.000e+00
      70687 295.049065  -42.18752  -53.45704      0.062    1478.74      8.199      8.134    12.3500    12.3506     0.0006    12.3489    12.3495     0.0006   4.016098   4.016110   0.000012    34.8269    34.8265     6.0685    26.3874    26.3870         24  0.000e+00
      70688 295.049066  -42.18752  -53.45704      0.065    1478.74      8.199      8.134    12.3499    12.3506     0.0007    12.3489    12.3495     0.0007   4.016091   4.016149   0.000058    34.8269    34.8268     6.0647    26.3874    26.3872         24  0.000e+00
      70689 295.049066  -42.18752  -53.45704      0.079    1478.74      8.255      8.190    12.3501    12.3504     0.0003    12.3490    12.3494     0.0003   4.016066   4.016169   0.000104    34.8264    34.8272     6.0648    26.3870    26.3875         24  0.000e+00
      70690 295.049067  -42.18752  -53.45704      0.089    1478.74      8.255      8.190    12.3500    12.3504     0.0005    12.3489    12.3494     0.0005   4.016078   4.016169   0.000091    34.8267    34.8272     6.0643    26.3873    26.3875         24  0.000e+00
      70691 295.049067  -42.18752  -53.45704      0.098    1478.74      8.263      8.198    12.3499    12.3501     0.0002    12.3489    12.3490     0.0002   4.016066   4.016117   0.000051    34.8266    34.8270     6.0639    26.3872    26.3874         24  0.000e+00
      70692 295.049068  -42.18752  -53.45704      0.111    1478.74      8.319      8.254    12.3498    12.3496    -0.0002    12.3487    12.3485    -0.0002   4.016059   4.016045  -0.000015    34.8267    34.8267     6.0635    26.3873    26.3873         24  0.000e+00
      70693 295.049068  -42.18752  -53.45704      0.119    1478.74      8.255      8.190    12.3497    12.3493    -0.0004    12.3486    12.3482    -0.0004   4.016059   4.016051  -0.000008    34.8268    34.8271     6.0630    26.3874    26.3877         24  0.000e+00
      70694 295.049069  -42.18752  -53.45704      0.130    1478.74      8.320      8.254    12.3494    12.3497     0.0003    12.3483    12.3486     0.0003   4.016001   4.016117   0.000116    34.8265    34.8273     6.0627    26.3872    26.3878         24  0.000e+00
      70695 295.049069  -42.18752  -53.45704      0.137    1478.74      8.320      8.254    12.3495    12.3498     0.0003    12.3484    12.3487     0.0003   4.016040   4.016038  -0.000002    34.8268    34.8265     6.0621    26.3874    26.3871         24  0.000e+00
      70696 295.049070  -42.18752  -53.45704      0.147    1478.74      8.320      8.254    12.3495    12.3497     0.0002    12.3484    12.3486     0.0002   4.016027   4.016077   0.000051    34.8266    34.8269     6.0658    26.3873    26.3875         24  0.000e+00
