Pos-Processados/process_op41/operantar41_001.ros
* Sea-Bird SBE 9 Data File:
* FileName = C:\Users\Dell\Desktop\Operantar XLI\Raw\OP41001.hdr
* Software Version Seasave V 7.26.7.110
* Temperature SN = 6497
* Conductivity SN = 4954
* Number of Bytes Per Scan = 31
* Number of Voltage Words = 2
* Number of Scans Averaged by the Deck Unit = 1
* NMEA Latitude = 36 40.13 S
* NMEA Longitude = 048 37.58 W
* NMEA UTC (Time) = Oct 17 2022 11:05:04
* NMEA baud rate = 4800
** H41
** Navio Polar Almirante Maximiano
** LH-021/2022
** Operantar XLI
** Número da Estação 001 LR
** Latitude 36 40.147S
** Longitude 048 37.579W
** Data/Hora (Z) 1105Z
** Profundidade local 4900m
** 09-1439
** Nome do Operador CT Garla
# nquan = 24
# nvalues = 1940                                  
# units = specified
# name 0 = scan: Scan Count
# name 1 = timeJ: Julian Days
# name 2 = latitude: Latitude [deg]
# name 3 = longitude: Longitude [deg]
# name 4 = dz/dtM: Descent Rate [m/s]
# name 5 = avgsvCM: Average Sound Velocity [Chen-Millero, m/s]
# name 6 = prDM: Pressure, Digiquartz [db]
# name 7 = depSM: Depth [salt water, m]
# name 8 = t090C: Temperature [ITS-90, deg C]
# name 9 = t190C: Temperature, 2 [ITS-90, deg C]
# name 10 = T2-T190C: Temperature Difference, 2 - 1 [ITS-90, deg C]
# name 11 = potemp090C: Potential Temperature [ITS-90, deg C]
# name 12 = potemp190C: Potential Temperature, 2 [ITS-90, deg C]
# name 13 = potemp90Cdiff: Potential Temperature, Diff, 2 - 1 [ITS-90, deg C]
# name 14 = c0S/m: Conductivity [S/m]
# name 15 = c1S/m: Conductivity, 2 [S/m]
# name 16 = C2-C1S/m: Conductivity Difference, 2 - 1 [S/m]
# name 17 = sal00: Salinity, Practical [PSU]
# name 18 = sal11: Salinity, Practical, 2 [PSU]
# name 19 = sbeox0ML/L: Oxygen, SBE 43 [ml/l]
# name 20 = sigma-é00: Density [sigma-theta, kg/m^3]
# name 21 = sigma-é11: Density, 2 [sigma-theta, kg/m^3]
# name 22 = nbf: Bottles Fired
# name 23 = flag:  0.000e+00
# interval = seconds: 0.0416667
# start_time = Oct 17 2022 11:05:04 [NMEA time, header]
# bad_flag = -9.990e-29
*END*
[from data line 61]
     189125 290.553057  -36.66886  -48.62654     -0.654    1506.64   4842.043   4752.489     0.2657     0.2658     0.0001    -0.1083    -0.1082     0.0001   3.090864   3.090876   0.000012    34.6667    34.6667     4.8958    27.8428    27.8429          1  0.000e+00
     189126 290.553058  -36.66886  -48.62654     -0.652    1506.64   4842.103   4752.549     0.2657     0.2659     0.0002    -0.1083    -0.1081     0.0002   3.090841   3.090864   0.000023    34.6664    34.6664     4.8966    27.8426    27.8426          1  0.000e+00
     189127 290.553058  -36.66886  -48.62654     -0.661    1506.64   4841.973   4752.422     0.2657     0.2658     0.0001    -0.1083    -0.1082     0.0001   3.090887   3.090858  -0.000029    34.6670    34.6665     4.9024    27.8431    27.8427          1  0.000e+00
     189128 290.553059  -36.66886  -48.62654     -0.658    1506.64   4842.043   4752.490     0.2659     0.2659     0.0001    -0.1081    -0.1081     0.0001   3.090852   3.090858   0.000006    34.6663    34.6663     4.9034    27.8426    27.8426          1  0.000e+00
     189129 290.553059  -36.66886  -48.62654     -0.664    1506.64   4841.973   4752.422     0.2657     0.2657    -0.0000    -0.1083    -0.1083    -0.0000   3.090870   3.090858  -0.000012    34.6668    34.6667     4.8994    27.8429    27.8428          1  0.000e+00
     189130 290.553060  -36.66886  -48.62654     -0.667    1506.64   4841.921   4752.372     0.2657     0.2658     0.0001    -0.1083    -0.1082     0.0001   3.090864   3.090787  -0.000077    34.6667    34.6657     4.9001    27.8429    27.8420          1  0.000e+00
     189131 290.553060  -36.66886  -48.62654     -0.671    1506.64   4841.834   4752.287     0.2659     0.2658    -0.0001    -0.1081    -0.1082    -0.0001   3.090899   3.090834  -0.000065    34.6670    34.6663     4.9009    27.8431    27.8425          1  0.000e+00
     189132 290.553061  -36.66886  -48.62654     -0.674    1506.64   4841.904   4752.355     0.2657     0.2657    -0.0000    -0.1083    -0.1083    -0.0000   3.090876   3.090834  -0.000041    34.6669    34.6664     4.9017    27.8430    27.8426          1  0.000e+00
     189133 290.553061  -36.66886  -48.62654     -0.672    1506.64   4841.904   4752.355     0.2659     0.2657    -0.0002    -0.1081    -0.1083    -0.0002   3.090876   3.090781  -0.000095    34.6667    34.6657     4.8975    27.8428    27.8421          1  0.000e+00
     189134 290.553062  -36.66886  -48.62654     -0.671    1506.64   4841.834   4752.287     0.2659     0.2658    -0.0001    -0.1081    -0.1082    -0.0001   3.090847   3.090811  -0.000036    34.6663    34.6660     4.9133    27.8426    27.8423          1  0.000e+00
     189135 290.553062  -36.66886  -48.62654     -0.670    1506.64   4841.834   4752.287     0.2659     0.2655    -0.0004    -0.1081    -0.1085    -0.0004   3.090887   3.090805  -0.000083    34.6669    34.6662     4.9033    27.8430    27.8425          1  0.000e+00
     189136 290.553063  -36.66886  -48.62654     -0.675    1506.64   4841.765   4752.220     0.2657     0.2658     0.0001    -0.1083    -0.1082     0.0001   3.090876   3.090840  -0.000035    34.6669    34.6664     4.9189    27.8430    27.8426          1  0.000e+00
     189137 290.553063  -36.66886  -48.62654     -0.671    1506.64   4841.782   4752.237     0.2657     0.2657    -0.0000    -0.1083    -0.1083    -0.0000   3.090899   3.090858  -0.000041    34.6672    34.6667     4.9037    27.8433    27.8429          1  0.000e+00
     189138 290.553064  -36.66886  -48.62654     -0.668    1506.64   4841.765   4752.220     0.2659     0.2657    -0.0002    -0.1081    -0.1083    -0.0002   3.090852   3.090858   0.000006    34.6664    34.6668     4.9189    27.8426    27.8429          1  0.000e+00
     189139 290.553064  -36.66886  -48.62654     -0.667    1506.64   4841.695   4752.152     0.2659     0.2658    -0.0001    -0.1081    -0.1082    -0.0001   3.090870   3.090834  -0.000035    34.6667    34.6664     4.9082    27.8428    27.8426          1  0.000e+00
     189140 290.553065  -36.66886  -48.62654     -0.666    1506.64   4841.695   4752.153     0.2657     0.2657    -0.0000    -0.1083    -0.1083    -0.0000   3.090864   3.090781  -0.000083    34.6668    34.6658     4.9233    27.8429    27.8421          1  0.000e+00
     189141 290.553065  -36.66886  -48.62654     -0.659    1506.64   4841.765   4752.220     0.2657     0.2657    -0.0000    -0.1083    -0.1083    -0.0000   3.090852   3.090834  -0.000018    34.6666    34.6665     4.9126    27.8428    27.8427          1  0.000e+00
     189142 290.553066  -36.66886  -48.62654     -0.656    1506.64   4841.626   4752.085     0.2657     0.2657    -0.0000    -0.1082    -0.1083    -0.0000   3.090881   3.090834  -0.000047    34.6671    34.6665     4.9070    27.8431    27.8427          1  0.000e+00
     189143 290.553066  -36.66886  -48.62654     -0.651    1506.64   4841.696   4752.153     0.2657     0.2658     0.0001    -0.1083    -0.1082     0.0001   3.090893   3.090805  -0.000088    34.6672    34.6660     4.9014    27.8432    27.8423          1  0.000e+00
     189144 290.553067  -36.66886  -48.62654     -0.646    1506.64   4841.626   4752.085     0.2656     0.2658     0.0002    -0.1084    -0.1082     0.0002   3.090881   3.090799  -0.000083    34.6672    34.6659     4.8803    27.8432    27.8422          1  0.000e+00
     189145 290.553067  -36.66886  -48.62654     -0.644    1506.64   4841.583   4752.043     0.2657     0.2659     0.0002    -0.1082    -0.1080     0.0002   3.090887   3.090817  -0.000071    34.6671    34.6660     4.8899    27.8432    27.8423          1  0.000e+00
     189146 290.553068  -36.66886  -48.62654     -0.633    1506.64   4841.626   4752.085     0.2659     0.2658    -0.0001    -0.1081    -0.1082    -0.0001   3.090881   3.090805  -0.000077    34.6669    34.6660     4.8891    27.8430    27.8423          1  0.000e+00
     189147 290.553068  -36.66886  -48.62654     -0.628    1506.64   4841.626   4752.085     0.2659     0.2657    -0.0002    -0.1081    -0.1083    -0.0002   3.090846   3.090775  -0.000071    34.6664    34.6658     4.8883    27.8426    27.8421          1  0.000e+00
     189148 290.553069  -36.66886  -48.62654     -0.619    1506.64   4841.557   4752.018     0.2657     0.2658     0.0001    -0.1082    -0.1082     0.0001   3.090870   3.090811  -0.000059    34.6669    34.6661     4.8874    27.8430    27.8424          1  0.000e+00
     189149 290.553069  -36.66886  -48.62654     -0.616    1506.64   4841.487   4751.950     0.2655     0.2657     0.0001    -0.1084    -0.1083     0.0001   3.090864   3.090781  -0.000083    34.6671    34.6659     4.8866    27.8432    27.8422          1  0.000e+00
     189150 290.553070  -36.66886  -48.62654     -0.609    1506.64   4841.557   4752.018     0.2656     0.2657     0.0001    -0.1083    -0.1083     0.0001   3.090876   3.090746  -0.000130    34.6671    34.6654     4.8858    27.8432    27.8418          1  0.000e+00
     189151 290.553070  -36.66886  -48.62654     -0.598    1506.64   4841.557   4752.018     0.2659     0.2657    -0.0002    -0.1081    -0.1083    -0.0002   3.090864   3.090757  -0.000107    34.6667    34.6656     4.8850    27.8428    27.8419          1  0.000e+00
     189152 290.553071  -36.66886  -48.62654     -0.593    1506.64   4841.487   4751.950     0.2656     0.2657     0.0001    -0.1083    -0.1083     0.0001   3.090876   3.090811  -0.000065    34.6672    34.6663     4.8689    27.8432    27.8425          1  0.000e+00
     189153 290.553071  -36.66886  -48.62654     -0.580    1506.64   4841.513   4751.976     0.2657     0.2658     0.0001    -0.1082    -0.1082     0.0001   3.090887   3.090781  -0.000106    34.6672    34.6658     4.8787    27.8432    27.8421          1  0.000e+00
     189154 290.553071  -36.66886  -48.62654     -0.570    1506.64   4841.557   4752.018     0.2657     0.2657    -0.0000    -0.1082    -0.1083    -0.0000   3.090881   3.090834  -0.000047    34.6671    34.6665     4.8782    27.8432    27.8427          1  0.000e+00
     189155 290.553072  -36.66886  -48.62654     -0.561    1506.64   4841.427   4751.892     0.2656     0.2658     0.0002    -0.1083    -0.1081     0.0002   3.090864   3.090834  -0.000030    34.6670    34.6665     4.8775    27.8431    27.8427          1  0.000e+00
     189156 290.553072  -36.66886  -48.62654     -0.554    1506.64   4841.488   4751.951     0.2659     0.2657    -0.0002    -0.1081    -0.1083    -0.0002   3.090852   3.090828  -0.000024    34.6666    34.6665     4.8769    27.8427    27.8427          1  0.000e+00
     189157 290.553073  -36.66886  -48.62654     -0.540    1506.64   4841.488   4751.951     0.2657     0.2657    -0.0000    -0.1082    -0.1083    -0.0000   3.090858   3.090805  -0.000053    34.6668    34.6662     4.8763    27.8430    27.8424          1  0.000e+00
     189158 290.553073  -36.66886  -48.62654     -0.530    1506.64   4841.427   4751.892     0.2659     0.2655    -0.0004    -0.1081    -0.1084    -0.0004   3.090876   3.090799  -0.000077    34.6669    34.6663     4.8757    27.8430    27.8426          1  0.000e+00
     189159 290.553074  -36.66886  -48.62654     -0.519    1506.64   4841.488   4751.951     0.2657     0.2655    -0.0002    -0.1082    -0.1084    -0.0002   3.090864   3.090799  -0.000065    34.6669    34.6663     4.8751    27.8430    27.8425          1  0.000e+00
     189160 290.553074  -36.66886  -48.62654     -0.509    1506.64   4841.427   4751.892     0.2657     0.2658     0.0001    -0.1082    -0.1081     0.0001   3.090841   3.090775  -0.000065    34.6666    34.6657     4.8745    27.8428    27.8421          1  0.000e+00
     189161 290.553075  -36.66886  -48.62654     -0.496    1506.64   4841.444   4751.909     0.2660     0.2658    -0.0003    -0.1079    -0.1081    -0.0003   3.090846   3.090787  -0.000059    34.6663    34.6659     4.8739    27.8425    27.8422          1  0.000e+00
     189162 290.553075  -36.66886  -48.62654     -0.485    1506.64   4841.427   4751.892     0.2655     0.2655    -0.0000    -0.1084    -0.1084    -0.0000   3.090858   3.090799  -0.000059    34.6670    34.6663     4.8733    27.8431    27.8426          1  0.000e+00
     189163 290.553076  -36.66886  -48.62654     -0.472    1506.64   4841.427   4751.892     0.2656     0.2658     0.0002    -0.1083    -0.1081     0.0002   3.090852   3.090817  -0.000036    34.6669    34.6662     4.8727    27.8430    27.8425          1  0.000e+00
     189164 290.553076  -36.66886  -48.62652     -0.453    1506.64   4841.488   4751.951     0.2657     0.2658     0.0001    -0.1082    -0.1082     0.0001   3.090858   3.090805  -0.000053    34.6668    34.6661     4.8721    27.8430    27.8423          1  0.000e+00
     189165 290.553077  -36.66886  -48.62652     -0.447    1506.64   4841.358   4751.824     0.2655     0.2658     0.0002    -0.1084    -0.1081     0.0002   3.090876   3.090817  -0.000059    34.6673    34.6663     4.8714    27.8433    27.8425          1  0.000e+00
     189166 290.553077  -36.66886  -48.62652     -0.432    1506.64   4841.427   4751.892     0.2657     0.2658     0.0001    -0.1082    -0.1081     0.0001   3.090846   3.090805  -0.000042    34.6667    34.6661     4.8709    27.8429    27.8424          1  0.000e+00
     189167 290.553078  -36.66886  -48.62652     -0.415    1506.64   4841.488   4751.951     0.2657     0.2658     0.0001    -0.1082    -0.1082     0.0001   3.090887   3.090799  -0.000088    34.6672    34.6660     4.8703    27.8432    27.8423          1  0.000e+00
     189168 290.553078  -36.66886  -48.62652     -0.403    1506.64   4841.375   4751.841     0.2656     0.2657     0.0001    -0.1083    -0.1083     0.0001   3.090852   3.090799  -0.000053    34.6669    34.6662     4.8696    27.8430    27.8424          1  0.000e+00
     189169 290.553079  -36.66886  -48.62652     -0.385    1506.64   4841.427   4751.892     0.2657     0.2658     0.0001    -0.1082    -0.1081     0.0001   3.090846   3.090775  -0.000071    34.6667    34.6657     4.8691    27.8429    27.8421          1  0.000e+00
     189170 290.553079  -36.66886  -48.62652     -0.370    1506.64   4841.427   4751.892     0.2657     0.2658     0.0001    -0.1082    -0.1081     0.0001   3.090835   3.090769  -0.000066    34.6665    34.6657     4.8685    27.8427    27.8420          1  0.000e+00
     189171 290.553080  -36.66886  -48.62652     -0.358    1506.64   4841.427   4751.892     0.2657     0.2658     0.0001    -0.1082    -0.1081     0.0001   3.090846   3.090811  -0.000036    34.6667    34.6662     4.8679    27.8429    27.8424          1  0.000e+00
     189172 290.553080  -36.66886  -48.62652     -0.342    1506.64   4841.427   4751.892     0.2657     0.2658     0.0001    -0.1082    -0.1081     0.0001   3.090881   3.090805  -0.000077    34.6671    34.6661     4.8723    27.8432    27.8424          1  0.000e+00
     189173 290.553081  -36.66886  -48.62652     -0.326    1506.64   4841.427   4751.892     0.2657     0.2655    -0.0002    -0.1082    -0.1084    -0.0002   3.090881   3.090840  -0.000041    34.6671    34.6668     4.8719    27.8432    27.8430          1  0.000e+00
     189174 290.553081  -36.66886  -48.62652     -0.312    1506.64   4841.427   4751.892     0.2659     0.2659     0.0001    -0.1081    -0.1080     0.0001   3.090864   3.090858  -0.000006    34.6667    34.6666     4.8715    27.8429    27.8428          1  0.000e+00
     189175 290.553082  -36.66886  -48.62652     -0.293    1506.64   4841.427   4751.892     0.2656     0.2657     0.0001    -0.1083    -0.1083     0.0001   3.090876   3.090811  -0.000065    34.6672    34.6663     4.8711    27.8433    27.8425          1  0.000e+00
     189176 290.553082  -36.66886  -48.62652     -0.279    1506.64   4841.445   4751.909     0.2657     0.2658     0.0001    -0.1082    -0.1082     0.0001   3.090864   3.090840  -0.000024    34.6669    34.6665     4.8707    27.8430    27.8427          1  0.000e+00
     189177 290.553083  -36.66886  -48.62652     -0.261    1506.64   4841.427   4751.892     0.2656     0.2658     0.0002    -0.1083    -0.1081     0.0002   3.090817   3.090834   0.000017    34.6665    34.6665     4.8703    27.8427    27.8427          1  0.000e+00
     189178 290.553083  -36.66886  -48.62652     -0.242    1506.64   4841.488   4751.951     0.2657     0.2659     0.0002    -0.1082    -0.1080     0.0002   3.090858   3.090846  -0.000012    34.6668    34.6664     4.8699    27.8430    27.8426          1  0.000e+00
     189179 290.553084  -36.66886  -48.62652     -0.228    1506.64   4841.427   4751.892     0.2659     0.2659     0.0001    -0.1081    -0.1080     0.0001   3.090864   3.090787  -0.000077    34.6667    34.6657     4.8695    27.8429    27.8420          1  0.000e+00
     189180 290.553084  -36.66886  -48.62652     -0.215    1506.64   4841.488   4751.951     0.2659     0.2658    -0.0001    -0.1081    -0.1082    -0.0001   3.090829   3.090876   0.000047    34.6663    34.6670     4.8691    27.8425    27.8431          1  0.000e+00
     189181 290.553084  -36.66886  -48.62652     -0.200    1506.64   4841.428   4751.892     0.2656     0.2661     0.0005    -0.1083    -0.1078     0.0005   3.090829   3.090870   0.000041    34.6666    34.6666     4.8687    27.8428    27.8427          1  0.000e+00
     189182 290.553085  -36.66886  -48.62652     -0.181    1506.64   4841.488   4751.951     0.2657     0.2659     0.0002    -0.1082    -0.1080     0.0002   3.090887   3.090787  -0.000100    34.6672    34.6657     4.8683    27.8432    27.8420          1  0.000e+00
     189183 290.553085  -36.66886  -48.62652     -0.165    1506.64   4841.488   4751.952     0.2656     0.2661     0.0005    -0.1083    -0.1078     0.0005   3.090829   3.090834   0.000005    34.6666    34.6661     4.8730    27.8428    27.8423          1  0.000e+00
