Pos-Processados/process_op41/operantar41_019.cnv
* Sea-Bird SBE 9 Data File:
* FileName = C:\Users\Dell\Desktop\OperantarXLI\config\00_BRUTOS\OPE41019.hdr
* Software Version Seasave V 7.26.7.110
* Temperature SN = 6497
* Conductivity SN = 4954
* Number of Bytes Per Scan = 34
* Number of Voltage Words = 3
* Number of Scans Averaged by the Deck Unit = 1
* NMEA Latitude = 62 55.48 S
* NMEA Longitude = 060 08.48 W
* NMEA UTC (Time) = Nov 11 2022 01:08:15
* NMEA baud rate = 4800
** H41
** Navio Polar Almirante Maximiano
** LH-021/2022
** Operantar XLI
** Número da Estação 019
** Latitude 62 55.478'S
** Longitude 060 08.483' W
** Data/Hora (Z) 11/11/2022 0110Z
** Profundidade local 1020 m
** 09-1439
** Nome do Operador CT Garla
# nquan = 30
# nvalues = 1868                        
# units = specified
# name 0 = scan: Scan Count
# name 1 = timeJ: Julian Days
# name 2 = latitude: Latitude [deg]
# name 3 = longitude: Longitude [deg]
# name 4 = dz/dtM: Descent Rate [m/s]
# name 5 = avgsvCM: Average Sound Velocity [Chen-Millero, m/s]
# name 6 = prDM: Pressure, Digiquartz [db]
# name 7 = depSM: Depth [salt water, m]
# name 8 = t090C: Temperature [ITS-90, deg C]
# name 9 = t190C: Temperature, 2 [ITS-90, deg C]
# name 10 = T2-T190C: Temperature Difference, 2 - 1 [ITS-90, deg C]
# name 11 = potemp090C: Potential Temperature [ITS-90, deg C]
# name 12 = potemp190C: Potential Temperature, 2 [ITS-90, deg C]
# name 13 = potemp90Cdiff: Potential Temperature, Diff, 2 - 1 [ITS-90, deg C]
# name 14 = c0S/m: Conductivity [S/m]
# name 15 = c1S/m: Conductivity, 2 [S/m]
# name 16 = C2-C1S/m: Conductivity Difference, 2 - 1 [S/m]
# name 17 = sal00: Salinity, Practical [PSU]
# name 18 = sal11: Salinity, Practical, 2 [PSU]
# name 19 = sbeox0ML/L: Oxygen, SBE 43 [ml/l]
# name 20 = sigma-é00: Density [sigma-theta, kg/m^3]
# name 21 = sigma-é11: Density, 2 [sigma-theta, kg/m^3]
# name 22 = sal00: Salinity, Practical [PSU]
# name 23 = sigma-é00: Density [sigma-theta, kg/m^3]
# name 24 = svCM: Sound Velocity [Chen-Millero, m/s]
# name 25 = svCM1: Sound Velocity, 2 [Chen-Millero, m/s]
# name 26 = gsw_ptA0: potential temperature [ITS-90, deg C]
# name 27 = gsw_densityA0: density, TEOS-10 [density, kg/m^3]
# name 28 = gsw_saA0: Absolute Salinity [g/kg]
# name 29 = flag:
# span 0 =       2662,      55295       
# span 1 = 315.048679, 315.074061       
# span 2 =  -62.92721,  -62.92494       
# span 3 =  -60.14096,  -60.13856       
# span 4 =     -1.367,      1.293       
# span 5 =       0.00,    1476.63       
# span 6 =      0.000,    934.000       
# span 7 =      0.001,    922.906       
# span 8 =    -1.3032,    -0.3734       
# span 9 =    -1.3031,    -0.3745       
# span 10 =    -0.0195,     0.0270      
# span 11 =    -1.3111,    -0.3874      
# span 12 =    -1.3111,    -0.3885      
# span 13 =    -0.0194,     0.0269      
# span 14 =   2.764801,   2.858773      
# span 15 =   2.764816,   2.858667      
# span 16 =  -0.001470,   0.002262      
# span 17 =    34.2901,    34.5525      
# span 18 =    34.2910,    34.5524      
# span 19 =     5.7476,     7.4899      
# span 20 =    27.5648,    27.7768      
# span 21 =    27.5656,    27.7768      
# span 22 =    34.2900,    34.5528      
# span 23 =    27.5647,    27.7772      
# span 24 =    1444.26,    1460.94      
# span 25 =    1444.25,    1460.93      
# span 26 =    -1.3109,    -0.3872      
# span 27 =  1027.5740,  1032.2072      
# span 28 =    34.4553,    34.7220      
# span 29 = 0.0000e+00, 0.0000e+00      
# interval = decibars: 1                
# start_time = Nov 11 2022 01:08:15 [NMEA time, header]
# bad_flag = -9.990e-29
*END*
[from data line 291]
      10258 315.052342  -62.92530  -60.13996      1.161    1446.00    292.000    288.977    -1.2979    -1.2979     0.0000    -1.3056    -1.3056     0.0000   2.764863   2.764879   0.000023    34.4317    34.4320     7.0137    27.7039    27.7042    34.4312    27.7035    1447.06    1447.06    -1.3053  1029.1094    34.5995 0.0000e+00
      10279 315.052353  -62.92530  -60.13996      1.162    1446.00    293.000    289.966    -1.2979    -1.2976     0.0003    -1.3056    -1.3054     0.0003   2.764901   2.764923   0.000020    34.4316    34.4316     7.0183    27.7038    27.7038    34.4311    27.7034    1447.08    1447.08    -1.3053  1029.1140    34.5994 0.0000e+00
      10303 315.052364  -62.92530  -60.13996      1.073    1446.00    294.000    290.954    -1.3001    -1.2999     0.0001    -1.3078    -1.3077     0.0001   2.764806   2.764816   0.000011    34.4321    34.4322     7.0190    27.7043    27.7044    34.4316    27.7039    1447.08    1447.08    -1.3076  1029.1194    34.5999 0.0000e+00
      10331 315.052377  -62.92530  -60.13996      0.922    1446.00    295.000    291.943    -1.3012    -1.3012     0.0000    -1.3090    -1.3089     0.0000   2.764801   2.764816   0.000015    34.4327    34.4329     7.0219    27.7048    27.7049    34.4323    27.7045    1447.10    1447.10    -1.3087  1029.1247    34.6006 0.0000e+00
      10358 315.052391  -62.92530  -60.13994      0.855    1446.00    296.000    292.933    -1.3017    -1.3017     0.0000    -1.3095    -1.3095     0.0000   2.764852   2.764859   0.000008    34.4333    34.4334     7.0119    27.7053    27.7054    34.4329    27.7050    1447.11    1447.11    -1.3092  1029.1300    34.6012 0.0000e+00
      10382 315.052402  -62.92530  -60.13994      0.931    1446.00    297.000    293.922    -1.3020    -1.3020     0.0000    -1.3099    -1.3098     0.0000   2.764905   2.764916   0.000012    34.4337    34.4338     7.0118    27.7057    27.7058    34.4334    27.7054    1447.13    1447.13    -1.3096  1029.1352    34.6017 0.0000e+00
      10405 315.052413  -62.92530  -60.13994      1.038    1446.00    298.000    294.911    -1.3020    -1.3021    -0.0000    -1.3099    -1.3099    -0.0000   2.764956   2.764974   0.000017    34.4338    34.4340     7.0199    27.7058    27.7059    34.4335    27.7055    1447.14    1447.14    -1.3096  1029.1400    34.6018 0.0000e+00
      10427 315.052424  -62.92530  -60.13994      1.080    1446.00    299.000    295.900    -1.3025    -1.3026    -0.0001    -1.3104    -1.3105    -0.0001   2.765030   2.765032   0.000007    34.4346    34.4348     7.0128    27.7064    27.7066    34.4344    27.7063    1447.16    1447.16    -1.3101  1029.1456    34.6028 0.0000e+00
      10450 315.052435  -62.92530  -60.13994      1.059    1446.00    300.000    296.889    -1.3026    -1.3027    -0.0000    -1.3105    -1.3106    -0.0000   2.765073   2.765092   0.000017    34.4348    34.4350     7.0087    27.7066    27.7068    34.4346    27.7064    1447.17    1447.17    -1.3102  1029.1505    34.6029 0.0000e+00
      10472 315.052446  -62.92530  -60.13994      1.052    1446.00    301.000    297.878    -1.3028    -1.3028     0.0000    -1.3108    -1.3108     0.0000   2.765128   2.765139   0.000012    34.4350    34.4352     7.0067    27.7068    27.7069    34.4349    27.7067    1447.19    1447.19    -1.3105  1029.1556    34.6032 0.0000e+00
      10493 315.052456  -62.92530  -60.13994      1.099    1446.00    302.000    298.866    -1.3030    -1.3031    -0.0001    -1.3110    -1.3111    -0.0001   2.765176   2.765184   0.000008    34.4353    34.4355     6.9979    27.7070    27.7072    34.4352    27.7069    1447.20    1447.20    -1.3107  1029.1606    34.6035 0.0000e+00
      10513 315.052465  -62.92530  -60.13994      1.181    1446.00    303.000    299.855    -1.3032    -1.3031     0.0001    -1.3111    -1.3111     0.0001   2.765234   2.765245   0.000010    34.4356    34.4357     6.9990    27.7072    27.7073    34.4355    27.7072    1447.22    1447.22    -1.3109  1029.1656    34.6038 0.0000e+00
      10531 315.052474  -62.92530  -60.13994      1.259    1446.00    304.000    300.844    -1.3031    -1.3030     0.0001    -1.3111    -1.3110     0.0001   2.765280   2.765305   0.000026    34.4355    34.4358     6.9908    27.7072    27.7074    34.4354    27.7071    1447.24    1447.24    -1.3108  1029.1703    34.6037 0.0000e+00
      10550 315.052483  -62.92530  -60.13994      1.284    1446.00    305.000    301.833    -1.3029    -1.3029     0.0000    -1.3110    -1.3110     0.0000   2.765356   2.765353  -0.000002    34.4357    34.4356     6.9887    27.7073    27.7073    34.4356    27.7073    1447.25    1447.26    -1.3107  1029.1753    34.6040 0.0000e+00
      10572 315.052494  -62.92530  -60.13994      1.202    1446.00    306.000    302.822    -1.3026    -1.3026     0.0001    -1.3107    -1.3106     0.0001   2.765431   2.765442   0.000011    34.4358    34.4358     6.9870    27.7074    27.7074    34.4357    27.7073    1447.27    1447.27    -1.3104  1029.1801    34.6040 0.0000e+00
      10598 315.052506  -62.92532  -60.13992      1.001    1446.00    307.000    303.811    -1.3023    -1.3024    -0.0000    -1.3105    -1.3105    -0.0000   2.765493   2.765505   0.000012    34.4357    34.4359     6.9807    27.7073    27.7074    34.4356    27.7072    1447.29    1447.29    -1.3101  1029.1848    34.6039 0.0000e+00
      10627 315.052520  -62.92532  -60.13992      0.843    1446.00    308.000    304.800    -1.3024    -1.3023     0.0001    -1.3106    -1.3105     0.0001   2.765534   2.765555   0.000022    34.4356    34.4358     6.9840    27.7073    27.7074    34.4356    27.7073    1447.31    1447.31    -1.3103  1029.1896    34.6040 0.0000e+00
      10653 315.052533  -62.92532  -60.13992      0.882    1446.00    309.000    305.789    -1.3022    -1.3022    -0.0000    -1.3104    -1.3104    -0.0000   2.765631   2.765638   0.000009    34.4361    34.4362     6.9870    27.7076    27.7077    34.4361    27.7076    1447.33    1447.32    -1.3101  1029.1947    34.6044 0.0000e+00
      10675 315.052543  -62.92532  -60.13992      1.002    1446.00    310.000    306.777    -1.3009    -1.3009    -0.0000    -1.3091    -1.3091    -0.0000   2.765893   2.765894  -0.000006    34.4372    34.4371     6.9859    27.7084    27.7084    34.4376    27.7088    1447.35    1447.35    -1.3088  1029.2006    34.6059 0.0000e+00
      10696 315.052554  -62.92532  -60.13992      1.097    1446.00    311.000    307.766    -1.2989    -1.2985     0.0004    -1.3071    -1.3067     0.0004   2.766163   2.766209   0.000058    34.4380    34.4384     6.9793    27.7091    27.7094    34.4383    27.7093    1447.38    1447.38    -1.3068  1029.2059    34.6067 0.0000e+00
      10716 315.052563  -62.92532  -60.13992      1.152    1446.00    312.000    308.756    -1.2974    -1.2977    -0.0003    -1.3057    -1.3060    -0.0003   2.766410   2.766375  -0.000040    34.4390    34.4388     6.9753    27.7098    27.7097    34.4394    27.7102    1447.40    1447.40    -1.3054  1029.2126    34.6091 0.0000e+00
      10736 315.052573  -62.92532 -9.990e-29      1.196    1446.00    313.000    309.744    -1.2973    -1.2974    -0.0001    -1.3056    -1.3057    -0.0001   2.766428   2.766429 -6.413e-07    34.4389    34.4390     6.9731    27.7097    27.7098    34.4389    27.7098    1447.42    1447.42    -1.3053  1029.2177    34.6096 0.0000e+00
      10756 315.052582  -62.92532 -9.990e-29      1.217    1446.16    314.000    310.733    -1.2974    -1.2975    -0.0000    -1.3058    -1.3058    -0.0000   2.766490   2.766498   0.000017    34.4389    34.4392     6.9667    27.7097    27.7100    34.4393    27.7101    1447.43    1447.43    -1.3055  1029.2228    34.6099 0.0000e+00
      10776 315.052592  -62.92532 -9.990e-29      1.197    1446.24    315.000    311.721    -1.2963    -1.2969    -0.0006    -1.3047    -1.3052    -0.0006   2.766656   2.766606  -0.000056    34.4397    34.4396     6.9624    27.7104    27.7103    34.4397    27.7104    1447.46    1447.45    -1.3044  1029.2279    34.6103 0.0000e+00
      10797 315.052602  -62.92532 -9.990e-29      1.158    1446.24    316.000    312.711    -1.2975    -1.2975    -0.0000    -1.3059    -1.3059    -0.0000   2.766549   2.766557   0.000010    34.4389    34.4391     6.9588    27.7097    27.7099    34.4389    27.7098    1447.46    1447.46    -1.3056  1029.2321    34.6095 0.0000e+00
      10819 315.052613  -62.92532  -60.13990      1.138    1446.24    317.000    313.699    -1.2975    -1.2975    -0.0000    -1.3060    -1.3060    -0.0000   2.766583   2.766600   0.000015    34.4387    34.4389     6.9524    27.7096    27.7098    34.4388    27.7097    1447.48    1447.48    -1.3056  1029.2355    34.6079 0.0000e+00
      10840 315.052623  -62.92532  -60.13990      1.119    1446.24    318.000    314.688    -1.2973    -1.2973    -0.0000    -1.3057    -1.3058    -0.0000   2.766645   2.766667   0.000022    34.4387    34.4390     6.9480    27.7096    27.7098    34.4387    27.7096    1447.50    1447.50    -1.3055  1029.2396    34.6071 0.0000e+00
      10864 315.052635  -62.92532  -60.13990      1.055    1446.24    319.000    315.677    -1.2971    -1.2972    -0.0000    -1.3056    -1.3057    -0.0000   2.766715   2.766703  -0.000007    34.4388    34.4388     6.9410    27.7097    27.7097    34.4390    27.7098    1447.52    1447.52    -1.3053  1029.2446    34.6073 0.0000e+00
      10890 315.052647  -62.92532  -60.13989      0.968    1446.24    320.000    316.666    -1.2977    -1.2981    -0.0004    -1.3063    -1.3067    -0.0004   2.766690   2.766659  -0.000029    34.4386    34.4386     6.9440    27.7095    27.7095    34.4387    27.7096    1447.53    1447.53    -1.3059  1029.2491    34.6070 0.0000e+00
      10914 315.052659  -62.92533  -60.13988      0.960    1446.24    321.000    317.654    -1.2969    -1.2973    -0.0004    -1.3054    -1.3059    -0.0004   2.766833   2.766810  -0.000026    34.4389    34.4390     6.9518    27.7097    27.7098    34.4390    27.7098    1447.55    1447.55    -1.3051  1029.2542    34.6074 0.0000e+00
      10936 315.052669  -62.92534  -60.13989      1.023    1446.24    322.000    318.643    -1.2968    -1.2965     0.0003    -1.3054    -1.3051     0.0003   2.766907   2.766949   0.000039    34.4392    34.4394     6.9485    27.7099    27.7101    34.4393    27.7101    1447.57    1447.57    -1.3051  1029.2592    34.6077 0.0000e+00
      10957 315.052679  -62.92534  -60.13990      1.111    1446.24    323.000    319.633    -1.2944    -1.2943     0.0001    -1.3030    -1.3029     0.0001   2.767269   2.767287   0.000014    34.4404    34.4405     6.9447    27.7109    27.7109    34.4409    27.7113    1447.60    1447.60    -1.3027  1029.2651    34.6093 0.0000e+00
      10977 315.052689  -62.92534  -60.13988      1.175    1446.24    324.000    320.621    -1.2920    -1.2921    -0.0001    -1.3006    -1.3008    -0.0001   2.767564   2.767558 6.9618e-07    34.4409    34.4411     6.9504    27.7112    27.7114    34.4416    27.7118    1447.63    1447.62    -1.3004  1029.2703    34.6100 0.0000e+00
      10998 315.052699  -62.92534  -60.13988      1.171    1446.24    325.000    321.610    -1.2889    -1.2895    -0.0005    -1.2976    -1.2982    -0.0005   2.767913   2.767872  -0.000040    34.4416    34.4417     6.9562    27.7117    27.7118    34.4422    27.7122    1447.66    1447.65    -1.2973  1029.2755    34.6106 0.0000e+00
      11021 315.052710  -62.92534  -60.13988      1.106    1446.24    326.000    322.599    -1.2883    -1.2886    -0.0003    -1.2970    -1.2973    -0.0003   2.767972   2.767963  -0.000012    34.4415    34.4417     6.9519    27.7116    27.7117    34.4416    27.7117    1447.68    1447.67    -1.2967  1029.2798    34.6100 0.0000e+00
      11045 315.052722  -62.92534  -60.13988      1.023    1446.24    327.000    323.588    -1.2880    -1.2877     0.0003    -1.2968    -1.2965     0.0003   2.768068   2.768122   0.000047    34.4416    34.4420     6.9394    27.7117    27.7119    34.4420    27.7120    1447.69    1447.70    -1.2965  1029.2849    34.6104 0.0000e+00
      11070 315.052734  -62.92534  -60.13988      0.982    1446.24    328.000    324.577    -1.2823    -1.2831    -0.0008    -1.2911    -1.2919    -0.0008   2.768798   2.768701  -0.000069    34.4431    34.4431     6.9356    27.7127    27.7127    34.4449    27.7141    1447.74    1447.74    -1.2908  1029.2917    34.6133 0.0000e+00
      11093 315.052745  -62.92534  -60.13986      0.993    1446.24    329.000    325.565    -1.2692    -1.2698    -0.0006    -1.2781    -1.2787    -0.0006   2.769966   2.770000   0.000006    34.4438    34.4446     6.9252    27.7128    27.7134    34.4453    27.7140    1447.82    1447.82    -1.2778  1029.2962    34.6137 0.0000e+00
      11117 315.052756  -62.92534  -60.13986      1.019    1446.24    330.000    326.554    -1.2609    -1.2615    -0.0007    -1.2698    -1.2705    -0.0007   2.770894   2.770767  -0.000071    34.4453    34.4451     6.9154    27.7138    27.7136    34.4479    27.7158    1447.88    1447.88    -1.2695  1029.3026    34.6163 0.0000e+00
      11139 315.052767  -62.92534  -60.13986      1.048    1446.24    331.000    327.542    -1.2391    -1.2412    -0.0021    -1.2481    -1.2502    -0.0021   2.772856   2.772674  -0.000188    34.4471    34.4469     6.9118    27.7144    27.7143    34.4491    27.7160    1448.00    1447.99    -1.2478  1029.3074    34.6175 0.0000e+00
      11161 315.052778  -62.92534  -60.13986      1.086    1446.24    332.000    328.531    -1.2618    -1.2618     0.0000    -1.2708    -1.2708     0.0000   2.770551   2.770625   0.000025    34.4444    34.4446     6.9119    27.7130    27.7132    34.4430    27.7119    1447.90    1447.90    -1.2705  1029.3083    34.6114 0.0000e+00
      11183 315.052788  -62.92534  -60.13986      1.096    1446.24    333.000    329.520    -1.2477    -1.2525    -0.0047    -1.2568    -1.2615    -0.0047   2.772536   2.772022  -0.000430    34.4482    34.4478     6.8975    27.7156    27.7154    34.4534    27.7198    1448.00    1447.97    -1.2565  1029.3208    34.6218 0.0000e+00
      11205 315.052799  -62.92534  -60.13986      1.094    1446.24    334.000    330.509    -1.2232    -1.2240    -0.0007    -1.2324    -1.2331    -0.0007   2.774459   2.774502  -0.000014    34.4488    34.4494     6.8746    27.7152    27.7158    34.4510    27.7170    1448.13    1448.13    -1.2321  1029.3226    34.6195 0.0000e+00
      11226 315.052809  -62.92534 -9.990e-29      1.113    1446.24    335.000    331.498    -1.2208    -1.2203     0.0004    -1.2300    -1.2295     0.0004   2.774696   2.774792   0.000059    34.4493    34.4496     6.8619    27.7155    27.7158    34.4508    27.7168    1448.16    1448.16    -1.2297  1029.3289    34.6215 0.0000e+00
      11249 315.052820  -62.92535 -9.990e-29      1.090    1446.24    336.000    332.486    -1.2214    -1.2201     0.0013    -1.2306    -1.2294     0.0013   2.774741   2.774835   0.000107    34.4497    34.4497     6.8575    27.7159    27.7159    34.4515    27.7174    1448.17    1448.17    -1.2303  1029.3343    34.6223 0.0000e+00
      11274 315.052832  -62.92536 -9.990e-29      0.992    1446.24    337.000    333.475    -1.2006    -1.2014    -0.0008    -1.2099    -1.2107    -0.0008   2.776690   2.776645  -0.000040    34.4509    34.4513     6.8398    27.7162    27.7165    34.4537    27.7184    1448.29    1448.28    -1.2096  1029.3399    34.6245 0.0000e+00
      11302 315.052846  -62.92536  -60.13984      0.893    1446.24    338.000    334.464    -1.2082    -1.2088    -0.0006    -1.2175    -1.2181    -0.0006   2.775966   2.775928  -0.000043    34.4508    34.4508     6.8256    27.7163    27.7164    34.4519    27.7173    1448.27    1448.26    -1.2172  1029.3435    34.6226 0.0000e+00
