Pos-Processados/process_op41/operantar41_011.cnv
* Sea-Bird SBE 9 Data File:
* FileName = C:\Users\Dell\Desktop\OperantarXLI\config\00_BRUTOS\OPE41011.hdr
* Software Version Seasave V 7.26.7.110
* Temperature SN = 6497
* Conductivity SN = 4954
* Number of Bytes Per Scan = 31
* Number of Voltage Words = 2
* Number of Scans Averaged by the Deck Unit = 1
* NMEA Latitude = 43 40.98 S
* NMEA Longitude = 051 55.50 W
* NMEA UTC (Time) = Oct 23 2022 13:12:50
* NMEA baud rate = 4800
** H41
** Navio Polar Almirante Maximiano
** LH-021/2022
** Operantar XLI
** Número da Estação 011
** Latitude 43 40.933' S
** Longitude 51 55.205' W
** Data/Hora (Z) 23/10/2022 1313Z
** Profundidade local 5694 m
** 09-1439
** Nome do Operador 1T FILIPE LOPES
# nquan = 30
# nvalues = 113                         
# units = specified
# name 0 = scan: Scan Count
# name 1 = timeJ: Julian Days
# name 2 = latitude: Latitude [deg]
# name 3 = longitude: Longitude [deg]
# name 4 = dz/dtM: Descent Rate [m/s]
# name 5 = avgsvCM: Average Sound Velocity [Chen-Millero, m/s]
# name 6 = prDM: Pressure, Digiquartz [db]
# name 7 = depSM: Depth [salt water, m]
# name 8 = t090C: Temperature [ITS-90, deg C]
# name 9 = t190C: Temperature, 2 [ITS-90, deg C]
# name 10 = T2-T190C: Temperature Difference, 2 - 1 [ITS-90, deg C]
# name 11 = potemp090C: Potential Temperature [ITS-90, deg C]
# name 12 = potemp190C: Potential Temperature, 2 [ITS-90, deg C]
# name 13 = potemp90Cdiff: Potential Temperature, Diff, 2 - 1 [ITS-90, deg C]
# name 14 = c0S/m: Conductivity [S/m]
# name 15 = c1S/m: Conductivity, 2 [S/m]
# name 16 = C2-C1S/m: Conductivity Difference, 2 - 1 [S/m]
# name 17 = sal00: Salinity, Practical [PSU]
# name 18 = sal11: Salinity, Practical, 2 [PSU]
# name 19 = sbeox0ML/L: Oxygen, SBE 43 [ml/l]
# name 20 = sigma-é00: Density [sigma-theta, kg/m^3]
# name 21 = sigma-é11: Density, 2 [sigma-theta, kg/m^3]
# name 22 = sal00: Salinity, Practical [PSU]
# name 23 = sigma-é00: Density [sigma-theta, kg/m^3]
# name 24 = svCM: Sound Velocity [Chen-Millero, m/s]
# name 25 = svCM1: Sound Velocity, 2 [Chen-Millero, m/s]
# name 26 = gsw_ptA0: potential temperature [ITS-90, deg C]
# name 27 = gsw_densityA0: density, TEOS-10 [density, kg/m^3]
# name 28 = gsw_saA0: Absolute Salinity [g/kg]
# name 29 = flag:
# span 0 =        674,      11514       
# span 1 = 296.550903, 296.556131       
# span 2 =  -43.68383,  -43.68315       
# span 3 =  -51.92584,  -51.92530       
# span 4 =     -1.265,      1.293       
# span 5 =       0.00,    1505.82       
# span 6 =      1.000,     58.000       
# span 7 =      1.117,     57.493       
# span 8 =    14.3132,    14.3404       
# span 9 =    14.3213,    14.3393       
# span 10 =    -0.0021,     0.0081      
# span 11 =    14.3127,    14.3400      
# span 12 =    14.3152,    14.3390      
# span 13 =    -0.0021,     0.0081      
# span 14 =   4.266239,   4.288994      
# span 15 =   4.222234,   4.289506      
# span 16 =  -0.045462,   0.001746      
# span 17 =    35.3828,    35.5696      
# span 18 =    34.9626,    35.5856      
# span 19 =     4.0282,     5.7485      
# span 20 =    26.4144,    26.5578      
# span 21 =    26.0901,    26.5702      
# span 22 =    35.3828,    35.5698      
# span 23 =    26.4144,    26.5579      
# span 24 =    1504.99,    1506.15      
# span 25 =    1504.59,    1506.15      
# span 26 =    14.3127,    14.3400      
# span 27 =  1026.4372,  1026.8147      
# span 28 =    35.5498,    35.7377      
# span 29 = 0.0000e+00, 0.0000e+00      
# interval = decibars: 1                
# start_time = Oct 23 2022 13:12:50 [NMEA time, header]
# bad_flag = -9.990e-29
*END*
[from data line 49]
       5320 296.553144  -43.68348  -51.92578      0.591    1505.52     52.000     51.572    14.3242    14.3246     0.0004    14.3166    14.3169     0.0004   4.288468   4.288432  -0.000035    35.5628    35.5621     5.4768    26.5547    26.5542    35.5627    26.5547    1506.04    1506.04    14.3166  1026.7882    35.7306 0.0000e+00
       5382 296.553174  -43.68349  -51.92578      0.362    1505.52     53.000     52.577    14.3239    14.3240     0.0001    14.3161    14.3162     0.0001   4.288491   4.288426  -0.000069    35.5628    35.5621     5.4738    26.5549    26.5543    35.5628    26.5549    1506.06    1506.06    14.3161  1026.7927    35.7307 0.0000e+00
       5419 296.553192  -43.68349  -51.92578      0.609    1505.52     54.000     53.561    14.3234    14.3239     0.0005    14.3154    14.3160     0.0005   4.288498   4.288453  -0.000045    35.5629    35.5620     5.4676    26.5551    26.5544    35.5629    26.5551    1506.07    1506.07    14.3154  1026.7974    35.7308 0.0000e+00
       5446 296.553205  -43.68348  -51.92579      0.831    1505.52     55.000     54.553    14.3231    14.3236     0.0006    14.3150    14.3155     0.0006   4.288525   4.288493  -0.000032    35.5631    35.5622     5.4631    26.5553    26.5546    35.5630    26.5553    1506.09    1506.09    14.3150  1026.8020    35.7309 0.0000e+00
       5590 296.553274  -43.68349  -51.92580      0.600    1505.53     56.000     55.546    14.3230    14.3234     0.0004    14.3148    14.3152     0.0004   4.288555   4.288523  -0.000031    35.5630    35.5623     5.4676    26.5553    26.5547    35.5629    26.5553    1506.10    1506.11    14.3148  1026.8064    35.7309 0.0000e+00
       6062 296.553502  -43.68351  -51.92580      0.300    1505.82     57.000     56.539    14.3249    14.3252     0.0003    14.3165    14.3168     0.0003   4.288784   4.288742  -0.000041    35.5629    35.5623     5.4751    26.5549    26.5543    35.5629    26.5549    1506.13    1506.13    14.3165  1026.8104    35.7308 0.0000e+00
       6673 296.553796  -43.68356  -51.92583      0.428    1505.81     58.000     57.493    14.3263    14.3267     0.0003    14.3178    14.3181     0.0003   4.288994   4.288924  -0.000081    35.5632    35.5622     5.4799    26.5548    26.5539    35.5631    26.5548    1506.15    1506.15    14.3178  1026.8147    35.7311 0.0000e+00
       6437 296.553683  -43.68354  -51.92581     -0.256    1505.81     57.000     56.538    14.3257    14.3260     0.0002    14.3174    14.3176     0.0002   4.288862   4.288836  -0.000013    35.5628    35.5624     5.4711    26.5547    26.5543    35.5629    26.5547    1506.13    1506.13    14.3174  1026.8102    35.7308 0.0000e+00
       6566 296.553745  -43.68354  -51.92582     -0.386    1505.81     56.000     55.535    14.3263    14.3263    -0.0001    14.3181    14.3180    -0.0001   4.288885   4.288807  -0.000081    35.5630    35.5623     5.4737    26.5546    26.5541    35.5630    26.5546    1506.12    1506.11    14.3181  1026.8057    35.7309 0.0000e+00
       6636 296.553778  -43.68354  -51.92582     -0.558    1505.81     55.000     54.559    14.3264    14.3266     0.0002    14.3183    14.3186     0.0002   4.288853   4.288803  -0.000046    35.5630    35.5623     5.4779    26.5545    26.5540    35.5630    26.5546    1506.10    1506.10    14.3183  1026.8013    35.7309 0.0000e+00
       6744 296.553831  -43.68356  -51.92582     -0.138    1505.81     54.000     53.555    14.3260    14.3264     0.0004    14.3181    14.3185     0.0004   4.288770   4.288744  -0.000031    35.5631    35.5624     5.4825    26.5547    26.5541    35.5630    26.5546    1506.08    1506.08    14.3181  1026.7969    35.7310 0.0000e+00
       6791 296.553853  -43.68357 -9.990e-29     -0.536    1505.81     53.000     52.569    14.3255    14.3262     0.0006    14.3178    14.3184     0.0006   4.288676   4.288674 2.2115e-07    35.5630    35.5625     5.4634    26.5547    26.5541    35.5630    26.5547    1506.06    1506.06    14.3178  1026.7926    35.7309 0.0000e+00
       6836 296.553875  -43.68358  -51.92584     -0.534    1505.81     52.000     51.578    14.3254    14.3257     0.0002    14.3178    14.3180     0.0002   4.288626   4.288576  -0.000048    35.5631    35.5624     5.4809    26.5547    26.5542    35.5630    26.5547    1506.05    1506.05    14.3178  1026.7882    35.7310 0.0000e+00
       6877 296.553895  -43.68358  -51.92584     -0.570    1505.81     51.000     50.586    14.3253    14.3256     0.0003    14.3178    14.3181     0.0003   4.288567   4.288517  -0.000053    35.5631    35.5624     5.4772    26.5548    26.5541    35.5630    26.5547    1506.03    1506.03    14.3178  1026.7838    35.7309 0.0000e+00
       6910 296.553911  -43.68357  -51.92583     -0.711    1505.81     50.000     49.594    14.3251    14.3254     0.0003    14.3177    14.3180     0.0003   4.288500   4.288448  -0.000051    35.5631    35.5623     5.4768    26.5548    26.5541    35.5630    26.5547    1506.01    1506.01    14.3177  1026.7794    35.7309 0.0000e+00
       6951 296.553930  -43.68356  -51.92582     -0.619    1505.81     49.000     48.603    14.3249    14.3252     0.0003    14.3177    14.3180     0.0003   4.288438   4.288398  -0.000039    35.5631    35.5624     5.4755    26.5548    26.5542    35.5630    26.5547    1506.00    1506.00    14.3177  1026.7750    35.7309 0.0000e+00
       7005 296.553956  -43.68356  -51.92582     -0.430    1505.81     48.000     47.610    14.3244    14.3249     0.0005    14.3173    14.3178     0.0005   4.288342   4.288325  -0.000020    35.5631    35.5625     5.4844    26.5548    26.5542    35.5630    26.5548    1505.98    1505.98    14.3173  1026.7706    35.7309 0.0000e+00
       7055 296.553980  -43.68356  -51.92582     -0.478    1505.81     47.000     46.619    14.3239    14.3244     0.0005    14.3170    14.3175     0.0005   4.288246   4.288230  -0.000016    35.5630    35.5624     5.4783    26.5549    26.5543    35.5630    26.5548    1505.96    1505.96    14.3170  1026.7663    35.7309 0.0000e+00
       7106 296.554005  -43.68358  -51.92582     -0.457    1505.81     46.000     45.627    14.3236    14.3239     0.0003    14.3168    14.3172     0.0003   4.288165   4.288133  -0.000030    35.5631    35.5625     5.4797    26.5549    26.5544    35.5630    26.5549    1505.94    1505.94    14.3168  1026.7619    35.7309 0.0000e+00
       7139 296.554021  -43.68358  -51.92582     -0.671    1505.81     45.000     44.635    14.3234    14.3237     0.0003    14.3168    14.3171     0.0003   4.288095   4.288048  -0.000047    35.5630    35.5623     5.4596    26.5549    26.5543    35.5630    26.5549    1505.92    1505.92    14.3168  1026.7575    35.7309 0.0000e+00
       7169 296.554035  -43.68360  -51.92583     -0.812    1505.81     44.000     43.644    14.3233    14.3235     0.0002    14.3168    14.3170     0.0002   4.288046   4.287998  -0.000048    35.5631    35.5624     5.4800    26.5549    26.5544    35.5630    26.5549    1505.91    1505.91    14.3168  1026.7531    35.7309 0.0000e+00
       7217 296.554059  -43.68360  -51.92584     -0.496    1505.81     43.000     42.655    14.3234    14.3236     0.0002    14.3171    14.3173     0.0002   4.288017   4.287971  -0.000046    35.5631    35.5625     5.4812    26.5549    26.5544    35.5630    26.5548    1505.89    1505.89    14.3171  1026.7486    35.7309 0.0000e+00
       7266 296.554082  -43.68359  -51.92584     -0.494    1505.81     42.000     41.651    14.3233    14.3236     0.0003    14.3171    14.3175     0.0003   4.287964   4.287930  -0.000033    35.5631    35.5625     5.4546    26.5549    26.5544    35.5630    26.5549    1505.87    1505.87    14.3171  1026.7442    35.7309 0.0000e+00
       7303 296.554100  -43.68358  -51.92582     -0.648    1505.81     41.000     40.668    14.3239    14.3236    -0.0003    14.3179    14.3176    -0.0003   4.287990   4.287891  -0.000094    35.5631    35.5625     5.4796    26.5547    26.5543    35.5631    26.5548    1505.86    1505.86    14.3179  1026.7397    35.7310 0.0000e+00
       7354 296.554124  -43.68358  -51.92582     -0.459    1505.81     40.000     39.676    14.3253    14.3243    -0.0011    14.3195    14.3185    -0.0011   4.288088   4.287922  -0.000165    35.5631    35.5625     5.4586    26.5544    26.5542    35.5632    26.5544    1505.85    1505.84    14.3195  1026.7350    35.7310 0.0000e+00
       7393 296.554143  -43.68359  -51.92582     -0.597    1505.81     39.000     38.684    14.3275    14.3267    -0.0008    14.3218    14.3210    -0.0008   4.288277   4.288129  -0.000146    35.5632    35.5626     5.4547    26.5540    26.5537    35.5633    26.5541    1505.84    1505.83    14.3218  1026.7302    35.7312 0.0000e+00
       7435 296.554164  -43.68360  -51.92582     -0.577    1505.81     38.000     37.694    14.3278    14.3278     0.0001    14.3222    14.3223     0.0001   4.288247   4.288190  -0.000059    35.5632    35.5626     5.4847    26.5539    26.5534    35.5632    26.5539    1505.82    1505.82    14.3222  1026.7256    35.7311 0.0000e+00
       7497 296.554193  -43.68362  -51.92584     -0.359    1505.81     37.000     36.699    14.3254    14.3268     0.0014    14.3200    14.3213     0.0014   4.287958   4.288019   0.000053    35.5633    35.5626     5.4809    26.5545    26.5536    35.5631    26.5543    1505.80    1505.80    14.3200  1026.7216    35.7310 0.0000e+00
       7537 296.554213  -43.68362  -51.92584     -0.583    1505.81     36.000     35.709    14.3231    14.3244     0.0013    14.3178    14.3191     0.0013   4.287673   4.287727   0.000052    35.5632    35.5625     5.4837    26.5548    26.5540    35.5630    26.5547    1505.77    1505.78    14.3178  1026.7176    35.7309 0.0000e+00
       7646 296.554265  -43.68362  -51.92582     -0.550    1505.81     35.000     34.718    14.3223    14.3229     0.0006    14.3172    14.3178     0.0006   4.287559   4.287550  -0.000009    35.5632    35.5626     5.4762    26.5550    26.5543    35.5631    26.5549    1505.76    1505.76    14.3172  1026.7134    35.7310 0.0000e+00
       7973 296.554423  -43.68363  -51.92582     -0.458    1505.81     34.000     33.696    14.3218    14.3222     0.0004    14.3169    14.3172     0.0004   4.287462   4.287424  -0.000038    35.5631    35.5625     5.4791    26.5550    26.5544    35.5631    26.5549    1505.74    1505.74    14.3169  1026.7090    35.7310 0.0000e+00
       8043 296.554457  -43.68364  -51.92582     -0.751    1505.81     33.000     32.733    14.3217    14.3220     0.0003    14.3169    14.3171     0.0003   4.287408   4.287348  -0.000061    35.5632    35.5624     5.4773    26.5550    26.5543    35.5631    26.5550    1505.72    1505.72    14.3169  1026.7047    35.7311 0.0000e+00
       8091 296.554480 -9.990e-29  -51.92584     -0.543    1505.81     32.000     31.745    14.3216    14.3219     0.0003    14.3169    14.3172     0.0003   4.287352   4.287310  -0.000041    35.5631    35.5625     5.4800    26.5550    26.5544    35.5631    26.5550    1505.70    1505.70    14.3169  1026.7003    35.7311 0.0000e+00
       8190 296.554528  -43.68366  -51.92583     -0.214    1505.81     31.000     30.747    14.3217    14.3220     0.0003    14.3171    14.3174     0.0003   4.287340   4.287298  -0.000044    35.5634    35.5627     5.4879    26.5551    26.5545    35.5634    26.5551    1505.69    1505.69    14.3171  1026.6960    35.7312 0.0000e+00
       8252 296.554558  -43.68366  -51.92582     -0.403    1505.81     30.000     29.757    14.3221    14.3222     0.0001    14.3177    14.3178     0.0001   4.287341   4.287272  -0.000070    35.5634    35.5627     5.4828    26.5550    26.5544    35.5634    26.5550    1505.67    1505.67    14.3177  1026.6914    35.7313 0.0000e+00
       8354 296.554607  -43.68364  -51.92582     -0.356    1505.81     29.000     28.764    14.3221    14.3222     0.0002    14.3178    14.3180     0.0002   4.287287   4.287231  -0.000055    35.5634    35.5627     5.4815    26.5549    26.5544    35.5633    26.5549    1505.66    1505.66    14.3178  1026.6870    35.7313 0.0000e+00
       9221 296.555025  -43.68371  -51.92580     -0.426    1505.81     28.000     27.771    14.3263    14.3269     0.0006    14.3222    14.3228     0.0006   4.287669   4.287665  -0.000010    35.5634    35.5628     5.4773    26.5541    26.5534    35.5634    26.5540    1505.65    1505.65    14.3222  1026.6816    35.7313 0.0000e+00
       9707 296.555259  -43.68372  -51.92579     -0.214    1505.81     27.000     26.778    14.3281    14.3287     0.0007    14.3242    14.3248     0.0007   4.287819   4.287799  -0.000018    35.5636    35.5628     5.4682    26.5538    26.5530    35.5636    26.5537    1505.64    1505.64    14.3242  1026.6769    35.7314 0.0000e+00
       9711 296.555262  -43.68373  -51.92578     -0.549    1505.81     26.000     25.790    14.3291    14.3287    -0.0005    14.3253    14.3249    -0.0005   4.287866   4.287751  -0.000111    35.5634    35.5628     5.4796    26.5534    26.5530    35.5635    26.5534    1505.63    1505.63    14.3253  1026.6722    35.7313 0.0000e+00
       9754 296.555282  -43.68374  -51.92578     -0.568    1505.81     25.000     24.798    14.3291    14.3290    -0.0001    14.3254    14.3253    -0.0001   4.287820   4.287737  -0.000084    35.5635    35.5628     5.4857    26.5535    26.5529    35.5635    26.5535    1505.61    1505.61    14.3254  1026.6678    35.7314 0.0000e+00
       9789 296.555299  -43.68374  -51.92578     -0.654    1505.81     24.000     23.807    14.3293    14.3291    -0.0003    14.3258    14.3256    -0.0003   4.287793   4.287702  -0.000093    35.5635    35.5629     5.4828    26.5533    26.5529    35.5635    26.5533    1505.60    1505.59    14.3258  1026.6633    35.7313 0.0000e+00
       9837 296.555322  -43.68374  -51.92578     -0.551    1505.81     23.000     22.816    14.3290    14.3293     0.0003    14.3256    14.3259     0.0003   4.287725   4.287678  -0.000046    35.5636    35.5629     5.4712    26.5535    26.5528    35.5636    26.5534    1505.58    1505.58    14.3256  1026.6590    35.7314 0.0000e+00
       9952 296.555377  -43.68374  -51.92578     -0.243    1505.81     22.000     21.817    14.3288    14.3296     0.0008    14.3256    14.3263     0.0008   4.287662   4.287658  -0.000007    35.5636    35.5628     5.4829    26.5535    26.5527    35.5636    26.5534    1505.56    1505.56    14.3256  1026.6546    35.7314 0.0000e+00
       9978 296.555390  -43.68374  -51.92578     -0.694    1505.81     21.000     20.831    14.3288    14.3290     0.0002    14.3257    14.3259     0.0002   4.287615   4.287562  -0.000046    35.5636    35.5629     5.4798    26.5534    26.5529    35.5636    26.5534    1505.54    1505.54    14.3257  1026.6502    35.7315 0.0000e+00
      10006 296.555404  -43.68375  -51.92578     -0.847    1505.81     20.000     19.839    14.3288    14.3289     0.0001    14.3259    14.3260     0.0001   4.287564   4.287497  -0.000068    35.5635    35.5628     5.4930    26.5534    26.5528    35.5636    26.5534    1505.53    1505.53    14.3258  1026.6457    35.7314 0.0000e+00
      10037 296.555418  -43.68376  -51.92578     -0.822    1505.81     19.000     18.857    14.3284    14.3290     0.0007    14.3256    14.3263     0.0007   4.287476   4.287468  -0.000013    35.5636    35.5628     5.4977    26.5534    26.5527    35.5635    26.5534    1505.51    1505.51    14.3256  1026.6413    35.7314 0.0000e+00
      10146 296.555471  -43.68376  -51.92578     -0.188    1505.81     18.000     17.837    14.3260    14.3275     0.0015    14.3234    14.3248     0.0015   4.287235   4.287294   0.000074    35.5637    35.5631     5.4858    26.5540    26.5532    35.5639    26.5541    1505.49    1505.49    14.3234  1026.6376    35.7317 0.0000e+00
