Pos-Processados/process_op41/operantar41_021.cnv
* Sea-Bird SBE 9 Data File:
* FileName = C:\Users\Dell\Desktop\OperantarXLI\config\00_BRUTOS\OPE41021.hdr
* Software Version Seasave V 7.26.7.110
* Temperature SN = 6497
* Conductivity SN = 4954
* Number of Bytes Per Scan = 34
* Number of Voltage Words = 3
* Number of Scans Averaged by the Deck Unit = 1
* NMEA Latitude = 62 21.63 S
* NMEA Longitude = 057 56.66 W
* NMEA UTC (Time) = Nov 11 2022 10:57:30
* NMEA baud rate = 4800
** H41
** Navio Polar Almirante Maximiano
** LH-021/2022
** Operantar XLI
** Número da Estação 021
** Latitude 62 21.943S
** Longitude 057 58.115W
** Data/Hora (Z) 11/11/2022  1100Z
** Profundidade local 1900
** 09-1439
** Nome do Operador 1T FILIPE LOPES
# nquan = 30
# nvalues = 3619                        
# units = specified
# name 0 = scan: Scan Count
# name 1 = timeJ: Julian Days
# name 2 = latitude: Latitude [deg]
# name 3 = longitude: Longitude [deg]
# name 4 = dz/dtM: Descent Rate [m/s]
# name 5 = avgsvCM: Average Sound Velocity [Chen-Millero, m/s]
# name 6 = prDM: Pressure, Digiquartz [db]
# name 7 = depSM: Depth [salt water, m]
# name 8 = t090C: Temperature [ITS-90, deg C]
# name 9 = t190C: Temperature, 2 [ITS-90, deg C]
# name 10 = T2-T190C: Temperature Difference, 2 - 1 [ITS-90, deg C]
# name 11 = potemp090C: Potential Temperature [ITS-90, deg C]
# name 12 = potemp190C: Potential Temperature, 2 [ITS-90, deg C]
# name 13 = potemp90Cdiff: Potential Temperature, Diff, 2 - 1 [ITS-90, deg C]
# name 14 = c0S/m: Conductivity [S/m]
# name 15 = c1S/m: Conductivity, 2 [S/m]
# name 16 = C2-C1S/m: Conductivity Difference, 2 - 1 [S/m]
# name 17 = sal00: Salinity, Practical [PSU]
# name 18 = sal11: Salinity, Practical, 2 [PSU]
# name 19 = sbeox0ML/L: Oxygen, SBE 43 [ml/l]
# name 20 = sigma-é00: Density [sigma-theta, kg/m^3]
# name 21 = sigma-é11: Density, 2 [sigma-theta, kg/m^3]
# name 22 = sal00: Salinity, Practical [PSU]
# name 23 = sigma-é00: Density [sigma-theta, kg/m^3]
# name 24 = svCM: Sound Velocity [Chen-Millero, m/s]
# name 25 = svCM1: Sound Velocity, 2 [Chen-Millero, m/s]
# name 26 = gsw_ptA0: potential temperature [ITS-90, deg C]
# name 27 = gsw_densityA0: density, TEOS-10 [density, kg/m^3]
# name 28 = gsw_saA0: Absolute Salinity [g/kg]
# name 29 = flag:
# span 0 =       2348,     128328       
# span 1 = 315.457729, 315.518483       
# span 2 =  -62.36048,  -62.35185       
# span 3 =  -57.94303,  -57.87520       
# span 4 =     -1.893,      1.257       
# span 5 =       0.00,    1459.49       
# span 6 =      0.000,   1810.000       
# span 7 =      0.189,   1784.848       
# span 8 =    -1.4300,     0.5523       
# span 9 =    -1.4304,     0.5520       
# span 10 =    -0.0176,     0.0138      
# span 11 =    -1.5017,     0.5430      
# span 12 =    -1.5021,     0.5427      
# span 13 =    -0.0176,     0.0138      
# span 14 =   2.773664,   2.927336      
# span 15 =   2.773751,   2.927304      
# span 16 =  -0.001412,   0.001165      
# span 17 =    34.3253,    34.5614      
# span 18 =    34.3256,    34.5612      
# span 19 =     5.1159,     7.6022      
# span 20 =    27.5860,    27.8156      
# span 21 =    27.5889,    27.8155      
# span 22 =    34.3235,    34.5613      
# span 23 =    27.5844,    27.8156      
# span 24 =    1445.27,    1471.77      
# span 25 =    1445.27,    1471.77      
# span 26 =    -1.5003,     0.5431      
# span 27 =  1027.5977,  1036.3588      
# span 28 =    34.4893,    34.7326      
# span 29 = 0.0000e+00, 0.0000e+00      
# interval = decibars: 1                
# start_time = Nov 11 2022 10:57:30 [NMEA time, header]
# bad_flag = -9.990e-29
*END*
[from data line 3094]
     107791 315.508579  -62.35366  -57.88496     -1.020    1459.49    524.000    518.308    -0.7963    -0.7961     0.0002    -0.8136    -0.8134     0.0002   2.823333   2.823331  -0.000004    34.5118    34.5114     6.0589    27.7503    27.7500    34.5118    27.7503    1453.33    1453.33    -0.8132  1030.2529    34.6809 0.0000e+00
     107824 315.508595  -62.35366  -57.88494     -0.923    1459.49    523.000    517.318    -0.7962    -0.7960     0.0002    -0.8135    -0.8133     0.0002   2.823291   2.823290 1.9139e-07    34.5117    34.5114     6.0517    27.7502    27.7500    34.5117    27.7502    1453.32    1453.32    -0.8131  1030.2481    34.6809 0.0000e+00
     107906 315.508635  -62.35366  -57.88493     -0.222    1459.49    522.000    516.314    -0.7961    -0.7962    -0.0000    -0.8133    -0.8134    -0.0000   2.823242   2.823232  -0.000007    34.5115    34.5115     6.0461    27.7500    27.7500    34.5115    27.7501    1453.30    1453.30    -0.8129  1030.2432    34.6807 0.0000e+00
     107924 315.508644  -62.35366  -57.88492     -0.870    1459.49    521.000    515.344    -0.7960    -0.7957     0.0003    -0.8132    -0.8129     0.0003   2.823212   2.823213  -0.000001    34.5117    34.5113     6.0589    27.7502    27.7499    34.5116    27.7501    1453.28    1453.28    -0.8128  1030.2385    34.6808 0.0000e+00
     107946 315.508654  -62.35366  -57.88490     -1.115    1459.49    520.000    514.356    -0.7958    -0.7955     0.0003    -0.8129    -0.8126     0.0003   2.823181   2.823189   0.000008    34.5115    34.5113     6.0511    27.7500    27.7498    34.5115    27.7501    1453.27    1453.27    -0.8126  1030.2337    34.6807 0.0000e+00
     107989 315.508675  -62.35365  -57.88486     -0.646    1459.49    519.000    513.369    -0.7956    -0.7956     0.0000    -0.8127    -0.8127     0.0000   2.823133   2.823137   0.000006    34.5113    34.5113     6.0575    27.7498    27.7498    34.5112    27.7498    1453.25    1453.25    -0.8123  1030.2287    34.6804 0.0000e+00
     108037 315.508698  -62.35364  -57.88485     -0.448    1459.49    518.000    512.372    -0.7960    -0.7960    -0.0000    -0.8130    -0.8131    -0.0000   2.823064   2.823056  -0.000008    34.5114    34.5114     6.0511    27.7500    27.7499    34.5114    27.7499    1453.24    1453.24    -0.8127  1030.2241    34.6805 0.0000e+00
     108060 315.508709  -62.35364  -57.88484     -0.872    1459.49    517.000    511.392    -0.7961    -0.7960     0.0000    -0.8131    -0.8131     0.0000   2.823012   2.822998  -0.000015    34.5114    34.5112     6.0579    27.7500    27.7498    34.5114    27.7500    1453.22    1453.22    -0.8127  1030.2194    34.6806 0.0000e+00
     108085 315.508721  -62.35364  -57.88483     -1.008    1459.49    516.000    510.405    -0.7961    -0.7958     0.0002    -0.8131    -0.8128     0.0002   2.822972   2.822972  -0.000003    34.5114    34.5112     6.0512    27.7500    27.7497    34.5115    27.7500    1453.20    1453.20    -0.8127  1030.2147    34.6806 0.0000e+00
     108124 315.508740  -62.35364  -57.88482     -0.685    1459.49    515.000    509.418    -0.7948    -0.7947     0.0000    -0.8117    -0.8117     0.0000   2.823008   2.823012   0.000004    34.5110    34.5110     6.0575    27.7496    27.7496    34.5110    27.7496    1453.19    1453.19    -0.8114  1030.2095    34.6802 0.0000e+00
     108169 315.508762  -62.35364  -57.88480     -0.497    1459.49    514.000    508.426    -0.7942    -0.7941     0.0001    -0.8111    -0.8110     0.0001   2.823003   2.823011   0.000008    34.5108    34.5108     6.0494    27.7494    27.7494    34.5109    27.7495    1453.18    1453.18    -0.8107  1030.2047    34.6801 0.0000e+00
     108198 315.508776  -62.35364  -57.88478     -0.746    1459.49    513.000    507.441    -0.7935    -0.7935     0.0001    -0.8104    -0.8104     0.0001   2.822980   2.822976  -0.000004    34.5105    34.5103     6.0638    27.7491    27.7490    34.5105    27.7491    1453.16    1453.16    -0.8100  1030.1996    34.6797 0.0000e+00
     108229 315.508790  -62.35363  -57.88476     -0.817    1459.49    512.000    506.456    -0.7935    -0.7934     0.0001    -0.8103    -0.8102     0.0001   2.822932   2.822929  -0.000004    34.5103    34.5102     6.0528    27.7490    27.7488    34.5104    27.7490    1453.15    1453.15    -0.8100  1030.1948    34.6796 0.0000e+00
     108265 315.508808  -62.35362  -57.88475     -0.681    1459.49    511.000    505.471    -0.7916    -0.7917    -0.0000    -0.8084    -0.8085    -0.0000   2.823002   2.822986  -0.000014    34.5097    34.5095     6.0599    27.7484    27.7483    34.5098    27.7485    1453.14    1453.14    -0.8080  1030.1894    34.6789 0.0000e+00
     108315 315.508832  -62.35362  -57.88473     -0.478    1459.49    510.000    504.473    -0.7910    -0.7912    -0.0002    -0.8078    -0.8080    -0.0002   2.822999   2.822976  -0.000022    34.5096    34.5095     6.0667    27.7482    27.7482    34.5097    27.7483    1453.12    1453.12    -0.8074  1030.1845    34.6788 0.0000e+00
     108359 315.508853  -62.35362  -57.88471     -0.536    1459.49    509.000    503.485    -0.7893    -0.7894    -0.0001    -0.8061    -0.8062    -0.0001   2.823097   2.823090  -0.000009    34.5095    34.5095     6.0565    27.7481    27.7481    34.5097    27.7483    1453.12    1453.12    -0.8057  1030.1797    34.6788 0.0000e+00
     108391 315.508869  -62.35362  -57.88470     -0.711    1459.49    508.000    502.501    -0.7879    -0.7880    -0.0000    -0.8046    -0.8047    -0.0000   2.823153   2.823147  -0.000006    34.5094    34.5093     6.0652    27.7480    27.7479    34.5095    27.7480    1453.11    1453.11    -0.8043  1030.1747    34.6786 0.0000e+00
     108428 315.508886  -62.35361  -57.88467     -0.685    1459.49    507.000    501.512    -0.7880    -0.7880 -6.526e-07    -0.8047    -0.8047 -6.526e-07   2.823102   2.823103  -0.000001    34.5094    34.5094     6.0618    27.7480    27.7480    34.5095    27.7481    1453.09    1453.09    -0.8043  1030.1700    34.6786 0.0000e+00
     108470 315.508907  -62.35360  -57.88465     -0.576    1459.49    506.000    500.525    -0.7877    -0.7879    -0.0002    -0.8043    -0.8045    -0.0002   2.823081   2.823070  -0.000009    34.5094    34.5095     6.0532    27.7479    27.7481    34.5094    27.7480    1453.07    1453.07    -0.8040  1030.1652    34.6785 0.0000e+00
     108516 315.508929  -62.35360  -57.88462     -0.525    1459.49    505.000    499.538    -0.7883    -0.7881     0.0002    -0.8050    -0.8047     0.0002   2.822990   2.823007   0.000013    34.5095    34.5094     6.0630    27.7481    27.7480    34.5095    27.7481    1453.06    1453.06    -0.8046  1030.1606    34.6787 0.0000e+00
     108573 315.508956  -62.35360  -57.88460     -0.411    1459.49    504.000    498.549    -0.7866    -0.7865     0.0001    -0.8032    -0.8030     0.0001   2.823080   2.823090   0.000011    34.5092    34.5093     6.0575    27.7478    27.7478    34.5094    27.7479    1453.05    1453.05    -0.8028  1030.1556    34.6785 0.0000e+00
     108619 315.508978  -62.35360  -57.88459     -0.510    1459.49    503.000    497.561    -0.7859    -0.7858     0.0001    -0.8024    -0.8023     0.0001   2.823089   2.823104   0.000013    34.5091    34.5092     6.0543    27.7477    27.7477    34.5092    27.7478    1453.03    1453.03    -0.8021  1030.1507    34.6784 0.0000e+00
     108649 315.508993  -62.35360  -57.88458     -0.750    1459.49    502.000    496.573    -0.7849    -0.7846     0.0003    -0.8014    -0.8011     0.0003   2.823132   2.823144   0.000014    34.5092    34.5091     6.0623    27.7477    27.7476    34.5093    27.7478    1453.02    1453.02    -0.8010  1030.1460    34.6785 0.0000e+00
     108683 315.509010  -62.35358  -57.88456     -0.730    1459.49    501.000    495.594    -0.7841    -0.7840     0.0001    -0.8006    -0.8004     0.0001   2.823145   2.823159   0.000013    34.5091    34.5091     6.0523    27.7476    27.7476    34.5092    27.7477    1453.01    1453.01    -0.8002  1030.1411    34.6784 0.0000e+00
     108734 315.509034  -62.35358  -57.88452     -0.445    1459.49    500.000    494.590    -0.7826    -0.7825     0.0002    -0.7990    -0.7989     0.0002   2.823229   2.823243   0.000015    34.5091    34.5091     6.0549    27.7475    27.7475    34.5093    27.7476    1453.00    1453.00    -0.7987  1030.1363    34.6784 0.0000e+00
     108771 315.509052  -62.35358  -57.88450     -0.623    1459.49    499.000    493.609    -0.7815    -0.7815 3.3854e-07    -0.7979    -0.7979 3.3854e-07   2.823276   2.823270  -0.000005    34.5091    34.5090     6.0642    27.7474    27.7473    34.5092    27.7475    1452.99    1452.99    -0.7975  1030.1315    34.6783 0.0000e+00
     108816 315.509074  -62.35358  -57.88449     -0.571    1459.49    498.000    492.621    -0.7800    -0.7799     0.0001    -0.7963    -0.7963     0.0001   2.823351   2.823359   0.000007    34.5089    34.5089     6.0575    27.7473    27.7473    34.5091    27.7474    1452.98    1452.98    -0.7960  1030.1266    34.6783 0.0000e+00
     108893 315.509111  -62.35356  -57.88446     -0.230    1459.49    497.000    491.631    -0.7780    -0.7777     0.0003    -0.7944    -0.7941     0.0003   2.823463   2.823478   0.000014    34.5088    34.5087     6.0530    27.7471    27.7470    34.5090    27.7472    1452.97    1452.97    -0.7940  1030.1216    34.6782 0.0000e+00
     108910 315.509119  -62.35356  -57.88446     -0.856    1459.49    496.000    490.645    -0.7766    -0.7764     0.0003    -0.7929    -0.7927     0.0003   2.823549   2.823545  -0.000002    34.5088    34.5085     6.0603    27.7470    27.7468    34.5092    27.7473    1452.96    1452.96    -0.7926  1030.1170    34.6783 0.0000e+00
     108928 315.509128  -62.35356  -57.88445     -1.216    1459.49    495.000    489.657    -0.7740    -0.7739     0.0001    -0.7903    -0.7902     0.0001   2.823703   2.823724   0.000012    34.5086    34.5086     6.0550    27.7467    27.7468    34.5089    27.7470    1452.96    1452.96    -0.7899  1030.1119    34.6781 0.0000e+00
     108953 315.509140  -62.35356  -57.88443     -1.138    1459.49    494.000    488.675    -0.7719    -0.7714     0.0005    -0.7882    -0.7877     0.0005   2.823837   2.823874   0.000038    34.5085    34.5084     6.0518    27.7465    27.7465    34.5089    27.7469    1452.95    1452.95    -0.7878  1030.1070    34.6780 0.0000e+00
     109012 315.509168  -62.35356  -57.88439     -0.223    1459.49    493.000    487.667    -0.7675    -0.7677    -0.0002    -0.7837    -0.7840    -0.0002   2.824165   2.824151  -0.000016    34.5085    34.5086     6.0524    27.7464    27.7465    34.5090    27.7468    1452.96    1452.95    -0.7834  1030.1020    34.6781 0.0000e+00
     109041 315.509182  -62.35356  -57.88438     -0.695    1459.49    492.000    486.693    -0.7670    -0.7667     0.0002    -0.7832    -0.7829     0.0002   2.824167   2.824177   0.000006    34.5086    34.5084     6.0630    27.7465    27.7463    34.5090    27.7467    1452.94    1452.94    -0.7828  1030.0973    34.6781 0.0000e+00
     109070 315.509196  -62.35356  -57.88436     -0.853    1459.49    491.000    485.706    -0.7647    -0.7643     0.0004    -0.7809    -0.7805     0.0004   2.824305   2.824327   0.000022    34.5085    34.5083     6.0549    27.7462    27.7461    34.5089    27.7466    1452.93    1452.94    -0.7805  1030.0923    34.6780 0.0000e+00
     109121 315.509221  -62.35356  -57.88435     -0.396    1459.49    490.000    484.716    -0.7616    -0.7616    -0.0000    -0.7777    -0.7777    -0.0000   2.824486   2.824495   0.000012    34.5080    34.5082     6.0532    27.7457    27.7459    34.5084    27.7460    1452.93    1452.93    -0.7774  1030.0870    34.6775 0.0000e+00
     109150 315.509235  -62.35356  -57.88434     -0.687    1459.49    489.000    483.729    -0.7610    -0.7607     0.0003    -0.7771    -0.7768     0.0003   2.824513   2.824532   0.000013    34.5082    34.5081     6.0528    27.7459    27.7457    34.5087    27.7462    1452.92    1452.92    -0.7768  1030.0825    34.6778 0.0000e+00
     109172 315.509245  -62.35355  -57.88434     -1.001    1459.49    488.000    482.741    -0.7577    -0.7565     0.0011    -0.7738    -0.7726     0.0011   2.824752   2.824843   0.000083    34.5081    34.5079     6.0574    27.7457    27.7455    34.5087    27.7462    1452.92    1452.93    -0.7734  1030.0776    34.6778 0.0000e+00
     109200 315.509259  -62.35354  -57.88433     -0.960    1459.49    487.000    481.754    -0.7554    -0.7547     0.0007    -0.7715    -0.7707     0.0007   2.824879   2.824931   0.000056    34.5080    34.5079     6.0466    27.7455    27.7454    34.5085    27.7458    1452.91    1452.92    -0.7711  1030.0725    34.6776 0.0000e+00
     109247 315.509282  -62.35354  -57.88429     -0.493    1459.49    486.000    480.763    -0.7531    -0.7530     0.0001    -0.7692    -0.7691     0.0001   2.825012   2.825021   0.000010    34.5078    34.5079     6.0476    27.7452    27.7452    34.5083    27.7456    1452.91    1452.91    -0.7688  1030.0675    34.6774 0.0000e+00
     109284 315.509299  -62.35354  -57.88428     -0.609    1459.49    485.000    479.777    -0.7504    -0.7499     0.0005    -0.7664    -0.7659     0.0005   2.825210   2.825243   0.000032    34.5078    34.5077     6.0534    27.7451    27.7450    34.5085    27.7456    1452.90    1452.91    -0.7661  1030.0627    34.6775 0.0000e+00
     109311 315.509312  -62.35354  -57.88425     -0.855    1459.49    484.000    478.789    -0.7483    -0.7484    -0.0001    -0.7643    -0.7644    -0.0001   2.825317   2.825303  -0.000017    34.5078    34.5077     6.0518    27.7450    27.7449    34.5081    27.7452    1452.90    1452.90    -0.7639  1030.0576    34.6772 0.0000e+00
     109344 315.509328  -62.35354  -57.88424     -0.785    1459.49    483.000    477.804    -0.7477    -0.7476     0.0001    -0.7637    -0.7636     0.0001   2.825331   2.825331 9.2494e-07    34.5079    34.5078     6.0501    27.7451    27.7450    34.5083    27.7453    1452.88    1452.88    -0.7633  1030.0529    34.6773 0.0000e+00
     109399 315.509355  -62.35352  -57.88422     -0.395    1459.49    482.000    476.811    -0.7466    -0.7467    -0.0001    -0.7625    -0.7626    -0.0001   2.825381   2.825386   0.000004    34.5079    34.5081     6.0444    27.7450    27.7451    34.5083    27.7453    1452.87    1452.87    -0.7622  1030.0481    34.6774 0.0000e+00
     109435 315.509372  -62.35352  -57.88421     -0.593    1459.49    481.000    475.824    -0.7446    -0.7442     0.0005    -0.7605    -0.7600     0.0005   2.825513   2.825550   0.000037    34.5080    34.5080     6.0498    27.7451    27.7450    34.5084    27.7453    1452.87    1452.87    -0.7601  1030.0433    34.6775 0.0000e+00
     109458 315.509383  -62.35352  -57.88419     -0.938    1459.49    480.000    474.836    -0.7437    -0.7432     0.0005    -0.7595    -0.7591     0.0005   2.825563   2.825575   0.000012    34.5083    34.5079     6.0336    27.7452    27.7449    34.5086    27.7454    1452.85    1452.86    -0.7592  1030.0387    34.6777 0.0000e+00
     109482 315.509395  -62.35352  -57.88418     -1.047    1459.49    479.000    473.848    -0.7426    -0.7422     0.0003    -0.7584    -0.7580     0.0003   2.825605   2.825631   0.000018    34.5081    34.5080     6.0502    27.7450    27.7449    34.5085    27.7453    1452.84    1452.84    -0.7581  1030.0338    34.6776 0.0000e+00
     109519 315.509412  -62.35352  -57.88416     -0.740    1459.49    478.000    472.863    -0.7394    -0.7387     0.0006    -0.7552    -0.7545     0.0006   2.825831   2.825893   0.000066    34.5080    34.5082     6.0374    27.7448    27.7449    34.5085    27.7452    1452.84    1452.84    -0.7549  1030.0273    34.6755 0.0000e+00
