Pos-Processados/process_op41/operantar41_006.cnv
* Sea-Bird SBE 9 Data File:
* FileName = C:\Users\Dell\Desktop\OperantarXLI\config\00_BRUTOS\OP41006.hdr
* Software Version Seasave V 7.26.7.110
* Temperature SN = 6497
* Conductivity SN = 4954
* Number of Bytes Per Scan = 31
* Number of Voltage Words = 2
* Number of Scans Averaged by the Deck Unit = 1
* NMEA Latitude = 42 12.54 S
* NMEA Longitude = 053 27.22 W
* NMEA UTC (Time) = Oct 22 2022 00:21:34
* NMEA baud rate = 4800
** H41
** Navio Polar Almirante Maximiano
** LH-021/2022
** Operantar XLI
** Número da Estação 006
** Latitude 42 12.640'S
** Longitude 053 27.212W
** Data/Hora (Z) 22/10/2022 00:19
** Profundidade local 5571 m
** 09-1439
** Nome do Operador CT Garla
# nquan = 30
# nvalues = 2034                        
# units = specified
# name 0 = scan: Scan Count
# name 1 = timeJ: Julian Days
# name 2 = latitude: Latitude [deg]
# name 3 = longitude: Longitude [deg]
# name 4 = dz/dtM: Descent Rate [m/s]
# name 5 = avgsvCM: Average Sound Velocity [Chen-Millero, m/s]
# name 6 = prDM: Pressure, Digiquartz [db]
# name 7 = depSM: Depth [salt water, m]
# name 8 = t090C: Temperature [ITS-90, deg C]
# name 9 = t190C: Temperature, 2 [ITS-90, deg C]
# name 10 = T2-T190C: Temperature Difference, 2 - 1 [ITS-90, deg C]
# name 11 = potemp090C: Potential Temperature [ITS-90, deg C]
# name 12 = potemp190C: Potential Temperature, 2 [ITS-90, deg C]
# name 13 = potemp90Cdiff: Potential Temperature, Diff, 2 - 1 [ITS-90, deg C]
# name 14 = c0S/m: Conductivity [S/m]
# name 15 = c1S/m: Conductivity, 2 [S/m]
# name 16 = C2-C1S/m: Conductivity Difference, 2 - 1 [S/m]
# name 17 = sal00: Salinity, Practical [PSU]
# name 18 = sal11: Salinity, Practical, 2 [PSU]
# name 19 = sbeox0ML/L: Oxygen, SBE 43 [ml/l]
# name 20 = sigma-é00: Density [sigma-theta, kg/m^3]
# name 21 = sigma-é11: Density, 2 [sigma-theta, kg/m^3]
# name 22 = sal00: Salinity, Practical [PSU]
# name 23 = sigma-é00: Density [sigma-theta, kg/m^3]
# name 24 = svCM: Sound Velocity [Chen-Millero, m/s]
# name 25 = svCM1: Sound Velocity, 2 [Chen-Millero, m/s]
# name 26 = gsw_ptA0: potential temperature [ITS-90, deg C]
# name 27 = gsw_densityA0: density, TEOS-10 [density, kg/m^3]
# name 28 = gsw_saA0: Absolute Salinity [g/kg]
# name 29 = flag:
# span 0 =       9360,      70680       
# span 1 = 295.019490, 295.049062       
# span 2 =  -42.20603,  -42.18751       
# span 3 =  -53.45734,  -53.45446       
# span 4 =     -2.159,      1.606       
# span 5 =      -0.01,    1498.23       
# span 6 =      2.000,   1021.000       
# span 7 =      2.014,   1010.465       
# span 8 =     3.0839,    12.3926       
# span 9 =     3.0834,    12.3932       
# span 10 =    -0.2245,     0.2769      
# span 11 =     3.0140,    12.3919      
# span 12 =     3.0135,    12.3926      
# span 13 =    -0.2244,     0.2768      
# span 14 =   3.158297,   4.044301      
# span 15 =   3.158374,   4.044363      
# span 16 =  -0.022496,   0.034770      
# span 17 =    34.1142,    35.0691      
# span 18 =    34.1148,    35.0684      
# span 19 =     4.3442,     6.4900      
# span 20 =    26.3784,    27.3779      
# span 21 =    26.3791,    27.3782      
# span 22 =    34.1141,    35.0789      
# span 23 =    26.3785,    27.3779      
# span 24 =    1473.85,    1499.07      
# span 25 =    1473.85,    1499.07      
# span 26 =     3.0139,    12.3919      
# span 27 =  1026.3977,  1032.1067      
# span 28 =    34.2757,    35.2446      
# span 29 = 0.0000e+00, 0.0000e+00      
# interval = decibars: 1                
# start_time = Oct 22 2022 00:21:34 [NMEA time, header]
# bad_flag = -9.990e-29
*END*
[from data line 1306]
      46888 295.037588  -42.19465  -53.45642     -1.514    1478.74    734.000    726.943     3.5731     3.5740     0.0008     3.5219     3.5227     0.0008   3.184550   3.184660   0.000112    34.2139    34.2144     5.1425    27.2086    27.2089    34.2142    27.2088    1475.87    1475.87     3.5218  1030.6096    34.3778 0.0000e+00
      46901 295.037595  -42.19464  -53.45642     -1.697    1478.74    733.000    725.954     3.5819     3.5727    -0.0092     3.5307     3.5215    -0.0092   3.185729   3.184730  -0.000796    34.2145    34.2147     5.1410    27.2082    27.2092    34.2196    27.2122    1475.89    1475.85     3.5306  1030.6082    34.3832 0.0000e+00
      46916 295.037602  -42.19464  -53.45642     -1.730    1478.74    732.000    724.966     3.6135     3.6009    -0.0125     3.5622     3.5496    -0.0125   3.188425   3.187570  -0.001011    34.2159    34.2170     5.1336    27.2063    27.2083    34.2193    27.2090    1476.01    1475.96     3.5620  1030.5997    34.3830 0.0000e+00
      46934 295.037611  -42.19463  -53.45642     -1.559    1478.74    731.000    723.977     3.6158     3.6115    -0.0043     3.5645     3.5602    -0.0043   3.188393   3.187897  -0.000511    34.2163    34.2146     5.1326    27.2063    27.2055    34.2171    27.2070    1476.00    1475.98     3.5644  1030.5931    34.3807 0.0000e+00
      46975 295.037630  -42.19462  -53.45643     -0.754    1478.74    730.000    722.990     3.5934     3.5971     0.0037     3.5423     3.5461     0.0037   3.186454   3.186865   0.000393    34.2157    34.2165     5.1402    27.2081    27.2083    34.2178    27.2097    1475.89    1475.91     3.5422  1030.5916    34.3814 0.0000e+00
      47033 295.037658  -42.19460  -53.45643     -0.377    1478.74    729.000    721.995     3.6411     3.6454     0.0043     3.5898     3.5941     0.0043   3.190747   3.191365   0.000448    34.2190    34.2197     5.1399    27.2060    27.2062    34.2197    27.2066    1476.08    1476.10     3.5897  1030.5830    34.3834 0.0000e+00
      47063 295.037673  -42.19460  -53.45644     -0.722    1478.74    728.000    721.011     3.6518     3.6701     0.0182     3.6006     3.6187     0.0181   3.192053   3.193600   0.001671    34.2199    34.2208     5.1456    27.2057    27.2047    34.2246    27.2094    1476.11    1476.19     3.6005  1030.5810    34.3882 0.0000e+00
      47089 295.037685  -42.19459  -53.45644     -0.876    1478.74    727.000    720.022     3.6763     3.6768     0.0005     3.6250     3.6255     0.0005   3.194046   3.194110   0.000118    34.2203    34.2212     5.1332    27.2036    27.2043    34.2232    27.2060    1476.20    1476.20     3.6249  1030.5725    34.3869 0.0000e+00
      47108 295.037694  -42.19458  -53.45645     -1.032    1478.74    726.000    719.033     3.6759     3.6760     0.0001     3.6246     3.6248     0.0001   3.193831   3.193928   0.000093    34.2200    34.2209     5.1290    27.2034    27.2041    34.2217    27.2048    1476.18    1476.18     3.6245  1030.5667    34.3853 0.0000e+00
      47124 295.037702  -42.19458  -53.45646     -1.262    1478.74    725.000    718.045     3.6714     3.6726     0.0012     3.6203     3.6214     0.0012   3.193253   3.193420   0.000167    34.2192    34.2200     5.1226    27.2032    27.2037    34.2200    27.2038    1476.14    1476.15     3.6201  1030.5613    34.3836 0.0000e+00
      47139 295.037709  -42.19458  -53.45646     -1.474    1478.74    724.000    717.056     3.6632     3.6651     0.0020     3.6121     3.6141     0.0020   3.192273   3.192428   0.000201    34.2178    34.2181     5.1135    27.2029    27.2029    34.2174    27.2026    1476.08    1476.09     3.6120  1030.5556    34.3810 0.0000e+00
      47153 295.037716  -42.19458  -53.45646     -1.624    1478.74    723.000    716.067     3.6477     3.6481     0.0004     3.5969     3.5972     0.0004   3.190551   3.190639   0.000047    34.2148    34.2150     5.1069    27.2021    27.2022    34.2136    27.2010    1476.00    1476.00     3.5968  1030.5497    34.3771 0.0000e+00
      47169 295.037724  -42.19458  -53.45646     -1.637    1478.74    722.000    715.079     3.6357     3.6394     0.0037     3.5850     3.5887     0.0037   3.189335   3.189764   0.000439    34.2127    34.2140     5.1099    27.2015    27.2022    34.2121    27.2010    1475.93    1475.95     3.5849  1030.5454    34.3757 0.0000e+00
      47196 295.037737  -42.19456  -53.45644     -1.189    1478.74    721.000    714.090     3.6465     3.6454    -0.0011     3.5958     3.5947    -0.0011   3.190567   3.190520  -0.000036    34.2147    34.2154     5.1124    27.2020    27.2027    34.2161    27.2031    1475.96    1475.96     3.5957  1030.5427    34.3797 0.0000e+00
      47247 295.037761  -42.19453  -53.45644     -0.334    1478.74    720.000    713.101     3.6452     3.6369    -0.0083     3.5946     3.5864    -0.0083   3.190201   3.189372  -0.000800    34.2145    34.2137     5.1642    27.2020    27.2021    34.2136    27.2012    1475.94    1475.90     3.5945  1030.5362    34.3771 0.0000e+00
      47272 295.037773  -42.19452  -53.45645     -0.710    1478.74    719.000    712.113     3.6295     3.6236    -0.0059     3.5791     3.5732    -0.0058   3.188433   3.187818  -0.000586    34.2111    34.2102     5.1692    27.2008    27.2007    34.2094    27.1995    1475.85    1475.82     3.5789  1030.5302    34.3730 0.0000e+00
      47289 295.037782  -42.19452  -53.45646     -1.087    1478.74    718.000    711.124     3.6158     3.6139    -0.0018     3.5655     3.5637    -0.0018   3.186929   3.186814  -0.000161    34.2084    34.2084     5.1585    27.2000    27.2001    34.2063    27.1983    1475.77    1475.76     3.5654  1030.5247    34.3698 0.0000e+00
      47303 295.037788  -42.19452  -53.45646     -1.394    1478.74    717.000    710.135     3.6075     3.6097     0.0022     3.5574     3.5596     0.0022   3.186097   3.186366   0.000270    34.2069    34.2079     5.1567    27.1996    27.2001    34.2055    27.1985    1475.72    1475.73     3.5573  1030.5205    34.3691 0.0000e+00
      47320 295.037797  -42.19451  -53.45646     -1.542    1478.74    716.000    709.146     3.6030     3.6047     0.0017     3.5529     3.5546     0.0017   3.185587   3.185809   0.000190    34.2061    34.2066     5.1580    27.1993    27.1996    34.2047    27.1983    1475.68    1475.69     3.5528  1030.5157    34.3682 0.0000e+00
      47346 295.037809  -42.19450  -53.45646     -1.189    1478.74    715.000    708.164     3.6049     3.6054     0.0005     3.5549     3.5554     0.0005   3.185798   3.185887   0.000103    34.2061    34.2069     5.1700    27.1992    27.1997    34.2057    27.1989    1475.67    1475.68     3.5548  1030.5117    34.3693 0.0000e+00
      47399 295.037835  -42.19450  -53.45646     -0.341    1478.74    714.000    707.162     3.6050     3.6030    -0.0021     3.5551     3.5530    -0.0021   3.185720   3.185569  -0.000158    34.2061    34.2064     5.1983    27.1991    27.1996    34.2052    27.1985    1475.66    1475.65     3.5550  1030.5067    34.3687 0.0000e+00
      47426 295.037848  -42.19448  -53.45648     -0.691    1478.74    713.000    706.180     3.6030     3.6026    -0.0005     3.5532     3.5527    -0.0004   3.185467   3.185481   0.000002    34.2054    34.2059     5.2007    27.1988    27.1992    34.2048    27.1983    1475.63    1475.63     3.5531  1030.5020    34.3683 0.0000e+00
      47446 295.037857  -42.19448  -53.45648     -1.038    1478.74    712.000    705.192     3.6045     3.6043    -0.0001     3.5547     3.5546    -0.0001   3.185583   3.185599   0.000032    34.2051    34.2056     5.2009    27.1984    27.1988    34.2052    27.1985    1475.62    1475.62     3.5546  1030.4975    34.3687 0.0000e+00
      47464 295.037866  -42.19447  -53.45648     -1.253    1478.74    711.000    704.203     3.6093     3.6081    -0.0013     3.5596     3.5584    -0.0013   3.185917   3.185856  -0.000039    34.2044    34.2052     5.2054    27.1973    27.1981    34.2047    27.1976    1475.63    1475.62     3.5595  1030.4919    34.3681 0.0000e+00
      47484 295.037876  -42.19446  -53.45648     -1.275    1478.74    710.000    703.214     3.6119     3.6106    -0.0013     3.5622     3.5609    -0.0013   3.186040   3.186037  -0.000039    34.2043    34.2052     5.2073    27.1970    27.1979    34.2040    27.1968    1475.62    1475.62     3.5621  1030.4865    34.3674 0.0000e+00
      47505 295.037886  -42.19446  -53.45648     -1.167    1478.74    709.000    702.225     3.6109     3.6133     0.0024     3.5614     3.5637     0.0024   3.185957   3.186247   0.000267    34.2044    34.2051     5.2028    27.1972    27.1975    34.2044    27.1972    1475.60    1475.61     3.5612  1030.4824    34.3679 0.0000e+00
      47527 295.037896  -42.19446  -53.45648     -1.112    1478.74    708.000    701.236     3.6164     3.6184     0.0020     3.5669     3.5689     0.0020   3.186478   3.186671   0.000205    34.2046    34.2050     5.1994    27.1968    27.1970    34.2054    27.1975    1475.61    1475.62     3.5668  1030.4779    34.3689 0.0000e+00
      47547 295.037906  -42.19444  -53.45648     -1.138    1478.74    707.000    700.247     3.6233     3.6228    -0.0005     3.5738     3.5734    -0.0005   3.186962   3.186970   0.000023    34.2039    34.2047     5.2074    27.1956    27.1962    34.2045    27.1961    1475.62    1475.62     3.5737  1030.4718    34.3680 0.0000e+00
      47569 295.037917  -42.19444  -53.45648     -1.155    1478.74    706.000    699.259     3.6257     3.6254    -0.0003     3.5763     3.5760    -0.0003   3.187109   3.187153   0.000028    34.2039    34.2046     5.2181    27.1954    27.1959    34.2043    27.1956    1475.61    1475.61     3.5762  1030.4667    34.3678 0.0000e+00
      47594 295.037929  -42.19442  -53.45648     -1.037    1478.74    705.000    698.270     3.6254     3.6323     0.0069     3.5761     3.5829     0.0068   3.186979   3.187711   0.000641    34.2037    34.2042     5.2175    27.1952    27.1949    34.2036    27.1951    1475.59    1475.62     3.5759  1030.4616    34.3671 0.0000e+00
      47629 295.037946  -42.19441  -53.45648     -0.737    1478.74    704.000    697.281     3.6257     3.6416     0.0159     3.5764     3.5922     0.0158   3.187071   3.188505   0.001421    34.2041    34.2044     5.2147    27.1954    27.1942    34.2049    27.1961    1475.58    1475.65     3.5763  1030.4580    34.3684 0.0000e+00
      47663 295.037962  -42.19440  -53.45649     -0.667    1478.74    703.000    696.292     3.6424     3.6470     0.0046     3.5931     3.5977     0.0046   3.188460   3.189235   0.000668    34.2028    34.2060     5.2232    27.1928    27.1949    34.2046    27.1942    1475.63    1475.66     3.5930  1030.4512    34.3680 0.0000e+00
      47686 295.037973  -42.19440  -53.45650     -0.880    1478.74    702.000    695.304     3.6828     3.6806    -0.0022     3.6334     3.6312    -0.0022   3.192477   3.192194  -0.000033    34.2049    34.2068     5.2209    27.1906    27.1923    34.2107    27.1952    1475.80    1475.79     3.6333  1030.4468    34.3742 0.0000e+00
      47706 295.037983  -42.19440  -53.45650     -1.107    1478.74    701.000    694.315     3.6969     3.6900    -0.0069     3.6474     3.6406    -0.0069   3.193580   3.192993  -0.000534    34.2070    34.2078     5.2216    27.1908    27.1922    34.2097    27.1930    1475.84    1475.81     3.6473  1030.4397    34.3732 0.0000e+00
      47727 295.037993  -42.19439  -53.45650     -1.191    1478.74    700.000    693.326     3.6988     3.6984    -0.0005     3.6495     3.6490    -0.0005   3.193661   3.193767   0.000042    34.2074    34.2084     5.2243    27.1910    27.1918    34.2092    27.1924    1475.83    1475.83     3.6493  1030.4344    34.3726 0.0000e+00
      47755 295.038007  -42.19438  -53.45650     -0.952    1478.74    699.000    692.337     3.6927     3.7073     0.0145     3.6435     3.6579     0.0144   3.193049   3.194502   0.001363    34.2076    34.2087     5.2198    27.1917    27.1912    34.2088    27.1926    1475.79    1475.85     3.6434  1030.4302    34.3722 0.0000e+00
      47787 295.038022  -42.19438  -53.45650     -0.738    1478.74    698.000    691.349     3.7024     3.7113     0.0089     3.6531     3.6620     0.0089   3.193960   3.194718   0.000846    34.2079    34.2086     5.2005    27.1910    27.1907    34.2101    27.1927    1475.81    1475.85     3.6530  1030.4255    34.3735 0.0000e+00
      47812 295.038034  -42.19436  -53.45650     -0.869    1478.74    697.000    690.360     3.7309     3.7218    -0.0092     3.6816     3.6725    -0.0091   3.196811   3.196097  -0.000652    34.2089    34.2107     5.1942    27.1889    27.1913    34.2147    27.1936    1475.92    1475.88     3.6815  1030.4213    34.3782 0.0000e+00
      47832 295.038044  -42.19436  -53.45650     -1.056    1478.74    696.000    689.371     3.7502     3.7460    -0.0042     3.7008     3.6967    -0.0041   3.198239   3.198004  -0.000289    34.2099    34.2107     5.2053    27.1878    27.1889    34.2122    27.1897    1475.98    1475.97     3.7007  1030.4124    34.3756 0.0000e+00
      47851 295.038053  -42.19435  -53.45650     -1.194    1478.74    695.000    688.382     3.7560     3.7575     0.0015     3.7067     3.7082     0.0015   3.198838   3.199021   0.000211    34.2103    34.2112     5.2096    27.1876    27.1882    34.2137    27.1903    1475.99    1476.00     3.7066  1030.4083    34.3771 0.0000e+00
      47871 295.038062  -42.19434  -53.45650     -1.252    1478.74    694.000    687.393     3.7640     3.7640     0.0000     3.7147     3.7147     0.0000   3.199485   3.199586   0.000099    34.2109    34.2120     5.2037    27.1872    27.1881    34.2136    27.1894    1476.01    1476.01     3.7146  1030.4027    34.3770 0.0000e+00
      47891 295.038072  -42.19434  -53.45650     -1.227    1478.74    693.000    686.404     3.7680     3.7692     0.0012     3.7188     3.7200     0.0012   3.199847   3.200014   0.000199    34.2115    34.2125     5.1991    27.1873    27.1880    34.2142    27.1895    1476.01    1476.02     3.7187  1030.3981    34.3777 0.0000e+00
      47912 295.038082  -42.19432  -53.45650     -1.172    1478.74    692.000    685.416     3.7727     3.7734     0.0007     3.7235     3.7243     0.0008   3.200195   3.200378   0.000148    34.2118    34.2128     5.1969    27.1871    27.1878    34.2140    27.1888    1476.01    1476.02     3.7234  1030.3928    34.3774 0.0000e+00
      47933 295.038092  -42.19432  -53.45650     -1.143    1478.74    691.000    684.427     3.7762     3.7796     0.0034     3.7271     3.7305     0.0034   3.200526   3.200938   0.000385    34.2123    34.2133     5.1935    27.1871    27.1876    34.2148    27.1891    1476.01    1476.03     3.7270  1030.3884    34.3782 0.0000e+00
      47957 295.038104  -42.19432  -53.45652     -1.090    1478.74    690.000    683.438     3.7808     3.7912     0.0104     3.7317     3.7421     0.0104   3.200855   3.201974   0.001028    34.2126    34.2140     5.1918    27.1870    27.1870    34.2144    27.1884    1476.02    1476.06     3.7316  1030.3826    34.3774 0.0000e+00
      47990 295.038120 -9.990e-29  -53.45652     -0.795    1478.74    689.000    682.449     3.7710     3.8028     0.0318     3.7221     3.7536     0.0316   3.199929   3.202929   0.002916    34.2126    34.2142     5.1871    27.1879    27.1860    34.2142    27.1891    1475.96    1476.09     3.7219  1030.3780    34.3759 0.0000e+00
      48028 295.038138 -9.990e-29  -53.45652     -0.593    1478.74    688.000    681.460     3.7991     3.8098     0.0107     3.7500     3.7607     0.0106   3.202554   3.203452   0.001013    34.2133    34.2142     5.1752    27.1857    27.1854    34.2166    27.1883    1476.06    1476.11     3.7499  1030.3720    34.3783 0.0000e+00
