Pos-Processados/process_op41/operantar41_013LR.cnv
* Sea-Bird SBE 9 Data File:
* FileName = C:\Users\Dell\Desktop\OperantarXLI\config\00_BRUTOS\OPE41013LR.hdr
* Software Version Seasave V 7.26.7.110
* Temperature SN = 6497
* Conductivity SN = 4954
* Number of Bytes Per Scan = 31
* Number of Voltage Words = 2
* Number of Scans Averaged by the Deck Unit = 1
* NMEA Latitude = 44 24.07 S
* NMEA Longitude = 051 46.92 W
* NMEA UTC (Time) = Oct 23 2022 21:56:09
* NMEA baud rate = 4800
** H41
** Navio Polar Almirante Maximiano
** LH-021/2022
** Operantar XLI
** Número da Estação 013LR
** Latitude 44 24.027' S
** Longitude 051 47.160' W
** Data/Hora (Z) 23/10/2022 2152Z
** Profundidade local 5823 m
** 09-1439
** Nome do Operador CT Garla
# nquan = 30
# nvalues = 4091                        
# units = specified
# name 0 = scan: Scan Count
# name 1 = timeJ: Julian Days
# name 2 = latitude: Latitude [deg]
# name 3 = longitude: Longitude [deg]
# name 4 = dz/dtM: Descent Rate [m/s]
# name 5 = avgsvCM: Average Sound Velocity [Chen-Millero, m/s]
# name 6 = prDM: Pressure, Digiquartz [db]
# name 7 = depSM: Depth [salt water, m]
# name 8 = t090C: Temperature [ITS-90, deg C]
# name 9 = t190C: Temperature, 2 [ITS-90, deg C]
# name 10 = T2-T190C: Temperature Difference, 2 - 1 [ITS-90, deg C]
# name 11 = potemp090C: Potential Temperature [ITS-90, deg C]
# name 12 = potemp190C: Potential Temperature, 2 [ITS-90, deg C]
# name 13 = potemp90Cdiff: Potential Temperature, Diff, 2 - 1 [ITS-90, deg C]
# name 14 = c0S/m: Conductivity [S/m]
# name 15 = c1S/m: Conductivity, 2 [S/m]
# name 16 = C2-C1S/m: Conductivity Difference, 2 - 1 [S/m]
# name 17 = sal00: Salinity, Practical [PSU]
# name 18 = sal11: Salinity, Practical, 2 [PSU]
# name 19 = sbeox0ML/L: Oxygen, SBE 43 [ml/l]
# name 20 = sigma-é00: Density [sigma-theta, kg/m^3]
# name 21 = sigma-é11: Density, 2 [sigma-theta, kg/m^3]
# name 22 = sal00: Salinity, Practical [PSU]
# name 23 = sigma-é00: Density [sigma-theta, kg/m^3]
# name 24 = svCM: Sound Velocity [Chen-Millero, m/s]
# name 25 = svCM1: Sound Velocity, 2 [Chen-Millero, m/s]
# name 26 = gsw_ptA0: potential temperature [ITS-90, deg C]
# name 27 = gsw_densityA0: density, TEOS-10 [density, kg/m^3]
# name 28 = gsw_saA0: Absolute Salinity [g/kg]
# name 29 = flag:
# span 0 =        502,     123172       
# span 1 = 296.914235, 296.973393       
# span 2 =  -44.41926,  -44.40136       
# span 3 =  -51.78181,  -51.71055       
# span 4 =     -1.753,      1.454       
# span 5 =       0.00,    1504.64       
# span 6 =      6.000,   2051.000       
# span 7 =      5.954,   2024.521       
# span 8 =     2.7196,    14.4231       
# span 9 =     2.7203,    14.4230       
# span 10 =    -0.0927,     0.1018      
# span 11 =     2.6136,    14.4079      
# span 12 =     2.6143,    14.4079      
# span 13 =    -0.0926,     0.1015      
# span 14 =   3.159740,   4.291672      
# span 15 =   3.159754,   4.291634      
# span 16 =  -0.052748,   0.009689      
# span 17 =    34.1278,    35.4773      
# span 18 =    34.0855,    35.4770      
# span 19 =     3.8349,     6.3012      
# span 20 =    25.7496,    27.7268      
# span 21 =    25.4955,    27.7277      
# span 22 =    34.1246,    35.4802      
# span 23 =    25.7602,    27.7292      
# span 24 =    1476.09,    1507.12      
# span 25 =    1476.09,    1507.12      
# span 26 =     2.6134,    14.4079      
# span 27 =  1025.7911,  1037.1200      
# span 28 =    34.2869,    35.6479      
# span 29 = 0.0000e+00, 0.0000e+00      
# interval = decibars: 1                
# start_time = Oct 23 2022 21:56:09 [NMEA time, header]
# bad_flag = -9.990e-29
*END*
[from data line 3868]
     111867 296.967941  -44.41787  -51.71876     -0.680    1485.00    228.000    226.040     8.6336     8.6325    -0.0011     8.6095     8.6085    -0.0011   3.647828   3.647783  -0.000056    34.5464    34.5468     5.0064    26.8246    26.8251    34.5479    26.8258    1488.04    1488.03     8.6095  1027.8607    34.7115 0.0000e+00
     111912 296.967963  -44.41788  -51.71873     -0.533    1485.00    227.000    225.043     8.6435     8.6407    -0.0028     8.6196     8.6168    -0.0028   3.648791   3.648553  -0.000212    34.5467    34.5472     5.0144    26.8232    26.8241    34.5489    26.8249    1488.06    1488.05     8.6195  1027.8553    34.7124 0.0000e+00
     111954 296.967983  -44.41788  -51.71870     -0.559    1485.00    226.000    224.055     8.6576     8.6546    -0.0029     8.6337     8.6308    -0.0029   3.650034   3.649853  -0.000236    34.5477    34.5481     5.0092    26.8218    26.8226    34.5487    26.8226    1488.09    1488.09     8.6337  1027.8484    34.7123 0.0000e+00
     111989 296.968000  -44.41788  -51.71868     -0.680    1485.00    225.000    223.064     8.6375     8.6434     0.0060     8.6137     8.6197     0.0060   3.647395   3.648136   0.000686    34.5423    34.5437     5.0282    26.8207    26.8209    34.5410    26.8197    1487.99    1488.02     8.6137  1027.8410    34.7045 0.0000e+00
     112024 296.968016  -44.41789  -51.71865     -0.695    1485.00    224.000    222.075     8.6020     8.6127     0.0106     8.5785     8.5891     0.0106   3.642817   3.644099   0.001260    34.5305    34.5334     5.0411    26.8169    26.8176    34.5277    26.8148    1487.83    1487.87     8.5784  1027.8318    34.6912 0.0000e+00
     112070 296.968039  -44.41790  -51.71861     -0.531    1485.00    223.000    221.082     8.5674     8.5744     0.0071     8.5440     8.5510     0.0071   3.638472   3.639312   0.000832    34.5188    34.5207     5.0543    26.8132    26.8135    34.5162    26.8111    1487.67    1487.70     8.5439  1027.8237    34.6796 0.0000e+00
     112130 296.968068  -44.41790  -51.71858     -0.378    1485.00    222.000    220.090     8.5433     8.5472     0.0039     8.5200     8.5239     0.0039   3.635560   3.635996   0.000452    34.5111    34.5121     5.1079    26.8108    26.8110    34.5094    26.8095    1487.55    1487.57     8.5200  1027.8177    34.6728 0.0000e+00
     112170 296.968087  -44.41792  -51.71855     -0.584    1485.00    221.000    219.100     8.5403     8.5414     0.0011     8.5172     8.5183     0.0011   3.635113   3.635250   0.000138    34.5094    34.5098     5.1488    26.8099    26.8101    34.5080    26.8088    1487.52    1487.53     8.5171  1027.8126    34.6714 0.0000e+00
     112206 296.968104  -44.41792  -51.71852     -0.665    1485.00    220.000    218.109     8.5328     8.5353     0.0025     8.5098     8.5123     0.0025   3.634060   3.634377   0.000305    34.5066    34.5074     5.1541    26.8088    26.8091    34.5047    26.8074    1487.48    1487.49     8.5098  1027.8066    34.6680 0.0000e+00
     112242 296.968122  -44.41792  -51.71850     -0.669    1485.00    219.000    217.119     8.5288     8.5295     0.0007     8.5059     8.5065     0.0007   3.633575   3.633640   0.000095    34.5049    34.5052     5.1561    26.8081    26.8083    34.5039    26.8074    1487.44    1487.45     8.5059  1027.8022    34.6673 0.0000e+00
     112276 296.968138  -44.41792  -51.71848     -0.701    1485.00    218.000    216.129     8.5367     8.5337    -0.0030     8.5139     8.5109    -0.0030   3.634428   3.634108  -0.000298    34.5056    34.5054     5.1570    26.8074    26.8078    34.5057    26.8075    1487.46    1487.45     8.5139  1027.7977    34.6691 0.0000e+00
     112317 296.968158  -44.41792  -51.71845     -0.609    1485.00    217.000    215.143     8.5636     8.5562    -0.0074     8.5409     8.5334    -0.0074   3.637410   3.636649  -0.000721    34.5094    34.5091     5.1689    26.8063    26.8072    34.5114    26.8078    1487.55    1487.52     8.5408  1027.7934    34.6748 0.0000e+00
     112386 296.968191  -44.41794  -51.71840     -0.300    1485.00    216.000    214.140     8.6092     8.6038    -0.0054     8.5865     8.5811    -0.0054   3.642165   3.641647  -0.000553    34.5161    34.5155     5.1606    26.8044    26.8048    34.5176    26.8056    1487.71    1487.69     8.5864  1027.7864    34.6810 0.0000e+00
     112437 296.968216  -44.41794  -51.71837     -0.514    1485.00    215.000    213.155     8.6130     8.6118    -0.0012     8.5904     8.5892    -0.0012   3.642524   3.642399  -0.000124    34.5171    34.5170     5.1525    26.8046    26.8047    34.5182    26.8054    1487.71    1487.71     8.5903  1027.7817    34.6816 0.0000e+00
     112463 296.968228  -44.41795  -51.71835     -0.814    1485.00    214.000    212.164     8.6143     8.6128    -0.0015     8.5918     8.5903    -0.0015   3.642628   3.642449  -0.000154    34.5173    34.5171     5.1393    26.8045    26.8046    34.5185    26.8054    1487.70    1487.69     8.5918  1027.7772    34.6819 0.0000e+00
     112489 296.968241  -44.41796  -51.71833     -0.923    1485.00    213.000    211.173     8.6244     8.6182    -0.0062     8.6020     8.5958    -0.0062   3.643703   3.643049  -0.000614    34.5185    34.5180     5.1413    26.8038    26.8045    34.5204    26.8054    1487.72    1487.70     8.6019  1027.7726    34.6839 0.0000e+00
     112518 296.968255  -44.41796  -51.71830     -0.866    1485.00    212.000    210.183     8.6428     8.6332    -0.0097     8.6205     8.6108    -0.0097   3.645763   3.644700  -0.000996    34.5213    34.5203     5.1392    26.8032    26.8039    34.5246    26.8058    1487.78    1487.74     8.6204  1027.7684    34.6881 0.0000e+00
     112552 296.968271  -44.41796  -51.71827     -0.743    1485.00    211.000    209.199     8.7069     8.6845    -0.0224     8.6846     8.6622    -0.0223   3.652854   3.650620  -0.002205    34.5302    34.5288     5.1471    26.8002    26.8026    34.5374    26.8058    1488.02    1487.93     8.6845  1027.7636    34.7009 0.0000e+00
     112613 296.968301  -44.41796  -51.71824     -0.385    1485.00    210.000    208.200     8.7880     8.7771    -0.0110     8.7656     8.7547    -0.0109   3.661285   3.660216  -0.001100    34.5423    34.5414     5.1351    26.7969    26.7979    34.5475    26.8010    1488.31    1488.27     8.7656  1027.7539    34.7111 0.0000e+00
     112680 296.968333  -44.41796  -51.71819     -0.384    1485.00    209.000    207.212     8.8127     8.8098    -0.0029     8.7904     8.7875    -0.0029   3.663870   3.663596  -0.000314    34.5478    34.5473     5.0992    26.7973    26.7973    34.5511    26.7999    1488.39    1488.38     8.7904  1027.7482    34.7147 0.0000e+00
     112712 296.968348  -44.41798  -51.71818     -0.680    1485.00    208.000    206.214     8.8171     8.8147    -0.0025     8.7949     8.7925    -0.0025   3.664335   3.664087  -0.000236    34.5488    34.5487     5.0933    26.7974    26.7977    34.5522    26.8000    1488.39    1488.38     8.7949  1027.7438    34.7157 0.0000e+00
     112745 296.968364  -44.41799  -51.71815     -0.737    1485.00    207.000    205.228     8.8375     8.8285    -0.0090     8.8154     8.8063    -0.0090   3.666619   3.665610  -0.000918    34.5523    34.5514     5.0881    26.7969    26.7976    34.5568    26.8004    1488.46    1488.42     8.8153  1027.7395    34.7203 0.0000e+00
     112782 296.968382  -44.41800  -51.71812     -0.629    1485.00    206.000    204.237     8.8996     8.8669    -0.0327     8.8775     8.8448    -0.0327   3.673462   3.670146  -0.003201    34.5596    34.5578     5.0807    26.7927    26.7966    34.5685    26.7998    1488.69    1488.56     8.8775  1027.7341    34.7322 0.0000e+00
     112808 296.968395  -44.41800  -51.71810     -0.801    1485.00    205.000    203.246     8.9693     8.9286    -0.0408     8.9472     8.9065    -0.0407   3.680426   3.676748  -0.003849    34.5660    34.5653     5.0771    26.7867    26.7926    34.5742    26.7931    1488.94    1488.79     8.9472  1027.7226    34.7379 0.0000e+00
     112832 296.968406  -44.41800  -51.71808     -0.993    1485.00    204.000    202.255     9.0090     8.9885    -0.0205     8.9869     8.9665    -0.0204   3.684644   3.682609  -0.001911    34.5709    34.5708     5.0706    26.7842    26.7874    34.5803    26.7916    1489.07    1489.00     8.9869  1027.7164    34.7440 0.0000e+00
     112887 296.968433  -44.41800  -51.71805     -0.513    1485.00    203.000    201.267     9.0469     9.0414    -0.0055     9.0249     9.0193    -0.0055   3.688334   3.687880  -0.000510    34.5768    34.5768     5.0397    26.7827    26.7836    34.5825    26.7872    1489.20    1489.18     9.0249  1027.7073    34.7462 0.0000e+00
     112957 296.968466  -44.41800  -51.71799     -0.396    1485.00    202.000    200.273     9.0618     9.0598    -0.0020     9.0399     9.0378    -0.0020   3.689782   3.689622  -0.000190    34.5799    34.5799     5.0428    26.7827    26.7831    34.5836    26.7857    1489.24    1489.23     9.0398  1027.7013    34.7473 0.0000e+00
     112982 296.968479  -44.41801  -51.71797     -0.796    1485.00    201.000    199.282     9.0690     9.0637    -0.0054     9.0472     9.0419    -0.0054   3.690660   3.690147  -0.000493    34.5813    34.5813     5.0419    26.7827    26.7836    34.5862    26.7865    1489.25    1489.23     9.0472  1027.6976    34.7499 0.0000e+00
     113011 296.968493  -44.41802  -51.71795     -0.873    1485.00    200.000    198.292     9.1036     9.0882    -0.0155     9.0818     9.0664    -0.0154   3.694534   3.692942  -0.001543    34.5866    34.5855     5.0397    26.7812    26.7829    34.5935    26.7867    1489.37    1489.31     9.0818  1027.6931    34.7573 0.0000e+00
     113050 296.968511  -44.41803  -51.71793     -0.627    1485.00    199.000    197.299     9.1665     9.1421    -0.0244     9.1447     9.1204    -0.0244   3.701198   3.698693  -0.002476    34.5958    34.5936     5.0346    26.7783    26.7806    34.6025    26.7836    1489.60    1489.50     9.1447  1027.6852    34.7663 0.0000e+00
     113082 296.968527  -44.41804  -51.71791     -0.706    1485.00    198.000    196.309     9.2339     9.1982    -0.0357     9.2121     9.1765    -0.0356   3.709015   3.704920  -0.003536    34.6051    34.6029     5.0210    26.7747    26.7787    34.6190    26.7856    1489.85    1489.71     9.2121  1027.6824    34.7829 0.0000e+00
     113109 296.968540  -44.41804  -51.71789     -0.867    1485.00    197.000    195.322     9.3882     9.3162    -0.0719     9.3663     9.2945    -0.0718   3.725985   3.718956  -0.007042    34.6261    34.6226     4.9882    26.7659    26.7750    34.6462    26.7817    1490.43    1490.16     9.3663  1027.6734    34.8102 0.0000e+00
     113150 296.968560  -44.41804  -51.71785     -0.627    1485.00    196.000    194.331     9.5526     9.5033    -0.0493     9.5305     9.4813    -0.0492   3.743566   3.738304  -0.005140    34.6521    34.6466     4.9445    26.7592    26.7630    34.6696    26.7729    1491.04    1490.85     9.5305  1027.6594    34.8337 0.0000e+00
     113204 296.968585  -44.41804  -51.71782     -0.426    1485.00    195.000    193.331     9.6640     9.6394    -0.0246     9.6420     9.6174    -0.0246   3.755239   3.753334  -0.002359    34.6708    34.6703     4.8725    26.7553    26.7590    34.6829    26.7648    1491.44    1491.36     9.6419  1027.6463    34.8470 0.0000e+00
     113241 296.968604  -44.41804  -51.71780     -0.617    1485.00    194.000    192.345     9.6712     9.6656    -0.0056     9.6493     9.6437    -0.0056   3.755921   3.755462  -0.000545    34.6741    34.6739     4.8510    26.7567    26.7574    34.6834    26.7640    1491.45    1491.43     9.6492  1027.6410    34.8476 0.0000e+00
     113278 296.968621  -44.41805  -51.71777     -0.659    1485.00    193.000    191.354     9.6769     9.6757    -0.0012     9.6550     9.6538    -0.0012   3.756320   3.756291  -0.000090    34.6753    34.6755     4.8410    26.7566    26.7571    34.6826    26.7623    1491.46    1491.45     9.6550  1027.6348    34.8467 0.0000e+00
     113324 296.968643  -44.41806  -51.71773     -0.528    1485.00    192.000    190.363     9.6870     9.6839    -0.0031     9.6652     9.6621    -0.0031   3.757133   3.756930  -0.000237    34.6753    34.6759     4.8585    26.7549    26.7559    34.6816    26.7599    1491.48    1491.47     9.6652  1027.6278    34.8458 0.0000e+00
     113370 296.968665  -44.41808  -51.71769     -0.520    1485.00    191.000    189.372     9.7084     9.7038    -0.0045     9.6867     9.6822    -0.0045   3.759124   3.758742  -0.000372    34.6756    34.6762     4.8721    26.7516    26.7528    34.6819    26.7566    1491.54    1491.52     9.6867  1027.6199    34.8461 0.0000e+00
     113406 296.968683  -44.41808  -51.71768     -0.632    1485.00    190.000    188.381     9.7431     9.7294    -0.0137     9.7215     9.7078    -0.0137   3.762626   3.761409  -0.001247    34.6784    34.6788     4.8926    26.7480    26.7506    34.6850    26.7531    1491.65    1491.60     9.7215  1027.6118    34.8491 0.0000e+00
     113433 296.968696  -44.41808  -51.71766     -0.815    1485.00    189.000    187.390     9.7592     9.7560    -0.0032     9.7377     9.7346    -0.0032   3.764128   3.763948  -0.000250    34.6803    34.6808     4.8995    26.7467    26.7476    34.6853    26.7507    1491.69    1491.68     9.7377  1027.6048    34.8495 0.0000e+00
     113459 296.968708  -44.41810  -51.71764     -0.929    1485.00    188.000    186.399     9.7647     9.7621    -0.0026     9.7432     9.7407    -0.0026   3.764630   3.764422  -0.000224    34.6814    34.6816     4.9089    26.7466    26.7472    34.6857    26.7500    1491.70    1491.69     9.7432  1027.5997    34.8499 0.0000e+00
     113489 296.968723  -44.41810  -51.71761     -0.838    1485.00    187.000    185.408     9.7677     9.7665    -0.0013     9.7464     9.7452    -0.0013   3.764895   3.764808  -0.000105    34.6822    34.6824     4.9262    26.7468    26.7471    34.6859    26.7496    1491.69    1491.69     9.7464  1027.5948    34.8501 0.0000e+00
     113536 296.968746  -44.41810  -51.71757     -0.535    1485.00    186.000    184.417     9.7962     9.7883    -0.0079     9.7750     9.7671    -0.0079   3.768124   3.767345  -0.000749    34.6861    34.6860     4.9350    26.7450    26.7463    34.6921    26.7497    1491.79    1491.76     9.7750  1027.5902    34.8563 0.0000e+00
     113605 296.968779  -44.41810  -51.71753     -0.321    1485.00    185.000    183.425     9.9034     9.8911    -0.0123     9.8822     9.8699    -0.0123   3.779550   3.778428  -0.001169    34.7002    34.7001     4.9393    26.7379    26.7399    34.7066    26.7429    1492.17    1492.13     9.8821  1027.5785    34.8708 0.0000e+00
     113647 296.968799  -44.41810  -51.71750     -0.550    1485.00    184.000    182.433     9.9194     9.9155    -0.0038     9.8982     9.8944    -0.0038   3.781196   3.780816  -0.000382    34.7039    34.7037     4.9584    26.7380    26.7385    34.7086    26.7417    1492.22    1492.20     9.8982  1027.5728    34.8728 0.0000e+00
     113672 296.968811  -44.41812  -51.71748     -0.838    1485.00    183.000    181.443     9.9351     9.9253    -0.0098     9.9140     9.9042    -0.0098   3.783186   3.782013  -0.001029    34.7067    34.7057     4.9590    26.7376    26.7384    34.7143    26.7435    1492.26    1492.22     9.9140  1027.5700    34.8785 0.0000e+00
     113695 296.968822  -44.41812  -51.71746     -1.019    1485.00    182.000    180.453     9.9750     9.9525    -0.0224     9.9540     9.9316    -0.0224   3.787356   3.785061  -0.002198    34.7116    34.7107     4.9570    26.7346    26.7377    34.7190    26.7404    1492.40    1492.31     9.9540  1027.5623    34.8833 0.0000e+00
