Pos-Processados/process_op41/operantar41_008.ros
* Sea-Bird SBE 9 Data File:
* FileName = C:\Users\Dell\Desktop\OperantarXLI\config\00_BRUTOS\OP41008.hdr
* Software Version Seasave V 7.26.7.110
* Temperature SN = 6497
* Conductivity SN = 4954
* Number of Bytes Per Scan = 31
* Number of Voltage Words = 2
* Number of Scans Averaged by the Deck Unit = 1
* NMEA Latitude = 42 30.30 S
* NMEA Longitude = 052 37.08 W
* NMEA UTC (Time) = Oct 22 2022 23:44:28
* NMEA baud rate = 4800
** H41
** Navio Polar Almirante Maximiano
** LH-021/2022
** Operantar XLI
** Número da Estação 008
** Latitude 42 30.175S
** Longitude 52 36.384
** Data/Hora (Z) 22/10/2022 2343Z
** Profundidade local 5665
** 09-1439
** Nome do Operador 1T FILIPE LOPES
# nquan = 24
# nvalues = 1375                                  
# units = specified
# name 0 = scan: Scan Count
# name 1 = timeJ: Julian Days
# name 2 = latitude: Latitude [deg]
# name 3 = longitude: Longitude [deg]
# name 4 = dz/dtM: Descent Rate [m/s]
# name 5 = avgsvCM: Average Sound Velocity [Chen-Millero, m/s]
# name 6 = prDM: Pressure, Digiquartz [db]
# name 7 = depSM: Depth [salt water, m]
# name 8 = t090C: Temperature [ITS-90, deg C]
# name 9 = t190C: Temperature, 2 [ITS-90, deg C]
# name 10 = T2-T190C: Temperature Difference, 2 - 1 [ITS-90, deg C]
# name 11 = potemp090C: Potential Temperature [ITS-90, deg C]
# name 12 = potemp190C: Potential Temperature, 2 [ITS-90, deg C]
# name 13 = potemp90Cdiff: Potential Temperature, Diff, 2 - 1 [ITS-90, deg C]
# name 14 = c0S/m: Conductivity [S/m]
# name 15 = c1S/m: Conductivity, 2 [S/m]
# name 16 = C2-C1S/m: Conductivity Difference, 2 - 1 [S/m]
# name 17 = sal00: Salinity, Practical [PSU]
# name 18 = sal11: Salinity, Practical, 2 [PSU]
# name 19 = sbeox0ML/L: Oxygen, SBE 43 [ml/l]
# name 20 = sigma-é00: Density [sigma-theta, kg/m^3]
# name 21 = sigma-é11: Density, 2 [sigma-theta, kg/m^3]
# name 22 = nbf: Bottles Fired
# name 23 = flag:  0.000e+00
# interval = seconds: 0.0416667
# start_time = Oct 22 2022 23:44:28 [NMEA time, header]
# bad_flag = -9.990e-29
*END*
[from data line 61]
      62502 296.019354  -42.50826  -52.65370     -0.152    1479.23     48.504     48.116    12.2188    11.2771    -0.9417    12.2125    11.2711    -0.9414   4.017252   4.014318  -0.002935    34.9428    35.8119     5.7020    26.5039    27.3581          2  0.000e+00
      62503 296.019355  -42.50826  -52.65370     -0.147    1479.23     48.504     48.116    12.2195    11.2786    -0.9409    12.2132    11.2725    -0.9406   4.017324   4.014285  -0.003039    34.9429    35.8101     5.7023    26.5038    27.3564          2  0.000e+00
      62504 296.019355  -42.50826  -52.65370     -0.147    1479.23     48.504     48.116    12.2200    11.2797    -0.9403    12.2136    11.2736    -0.9400   4.017492   4.014278  -0.003213    34.9441    35.8090     5.7026    26.5046    27.3554          2  0.000e+00
      62505 296.019356  -42.50826  -52.65370     -0.144    1479.23     48.504     48.116    12.2207    11.2811    -0.9395    12.2143    11.2750    -0.9393   4.017537   4.014167  -0.003370    34.9439    35.8065     5.7029    26.5043    27.3531          2  0.000e+00
      62506 296.019356  -42.50826  -52.65370     -0.136    1479.23     48.561     48.172    12.2210    11.2826    -0.9384    12.2146    11.2765    -0.9381   4.017563   4.014082  -0.003481    34.9438    35.8042     5.7075    26.5042    27.3511          2  0.000e+00
      62507 296.019357  -42.50826  -52.65370     -0.131    1479.23     48.504     48.116    12.2220    11.2841    -0.9379    12.2156    11.2780    -0.9376   4.017653   4.014036  -0.003618    34.9438    35.8023     5.7080    26.5040    27.3493          2  0.000e+00
      62508 296.019357  -42.50826  -52.65370     -0.126    1479.23     48.504     48.116    12.2228    11.2853    -0.9375    12.2164    11.2792    -0.9372   4.017698   4.014108  -0.003591    34.9435    35.8018     5.7085    26.5036    27.3487          2  0.000e+00
      62509 296.019358  -42.50826  -52.65370     -0.127    1479.23     48.504     48.116    12.2222    11.2866    -0.9356    12.2158    11.2805    -0.9353   4.017789   4.014193  -0.003596    34.9449    35.8014     5.7134    26.5048    27.3482          2  0.000e+00
      62510 296.019358  -42.50826  -52.65370     -0.117    1479.23     48.561     48.172    12.2216    11.2883    -0.9334    12.2153    11.2822    -0.9331   4.017899   4.014258  -0.003640    34.9465    35.8004     5.7101    26.5061    27.3471          2  0.000e+00
      62511 296.019359  -42.50826  -52.65370     -0.117    1479.23     48.504     48.116    12.2212    11.2893    -0.9319    12.2148    11.2832    -0.9316   4.018287   4.014357  -0.003930    34.9507    35.8004     5.7147    26.5095    27.3469          2  0.000e+00
      62512 296.019359  -42.50826  -52.65370     -0.113    1479.23     48.440     48.052    12.2222    11.2909    -0.9312    12.2158    11.2849    -0.9310   4.018668   4.014461  -0.004206    34.9535    35.7999     5.7152    26.5115    27.3462          2  0.000e+00
      62513 296.019360  -42.50826  -52.65370     -0.105    1479.23     48.561     48.172    12.2252    11.2921    -0.9330    12.2188    11.2860    -0.9328   4.019049   4.014586  -0.004463    34.9543    35.7999     5.7113    26.5116    27.3460          2  0.000e+00
      62514 296.019360  -42.50826  -52.65370     -0.103    1479.23     48.505     48.116    12.2287    11.2935    -0.9352    12.2223    11.2874    -0.9349   4.019405   4.014704  -0.004701    34.9546    35.7998     5.7154    26.5111    27.3457          2  0.000e+00
      62515 296.019361  -42.50826  -52.65370     -0.097    1479.23     48.505     48.116    12.2298    11.2948    -0.9350    12.2234    11.2887    -0.9348   4.019676   4.014914  -0.004763    34.9561    35.8006     5.7158    26.5121    27.3461          2  0.000e+00
      62516 296.019361  -42.50826  -52.65370     -0.095    1479.23     48.505     48.116    12.2305    11.2963    -0.9342    12.2241    11.2902    -0.9339   4.019838   4.015058  -0.004780    34.9571    35.8006     5.7162    26.5127    27.3457          2  0.000e+00
      62517 296.019361  -42.50826  -52.65370     -0.083    1479.23     48.585     48.196    12.2316    11.2978    -0.9338    12.2252    11.2917    -0.9336   4.019928   4.015163  -0.004766    34.9569    35.8002     5.7209    26.5123    27.3451          2  0.000e+00
      62518 296.019362  -42.50826  -52.65370     -0.084    1479.23     48.440     48.052    12.2327    11.2988    -0.9339    12.2263    11.2927    -0.9336   4.019889   4.015189  -0.004701    34.9556    35.7995     5.7215    26.5111    27.3445          2  0.000e+00
      62519 296.019362  -42.50826  -52.65370     -0.075    1479.23     48.561     48.172    12.2331    11.3003    -0.9329    12.2268    11.2942    -0.9326   4.019773   4.015156  -0.004617    34.9539    35.7977     5.7265    26.5097    27.3427          2  0.000e+00
      62520 296.019363  -42.50826  -52.65370     -0.070    1479.23     48.505     48.116    12.2325    11.3014    -0.9310    12.2261    11.2953    -0.9308   4.019631   4.015176  -0.004455    34.9532    35.7968     5.7276    26.5093    27.3418          2  0.000e+00
      62521 296.019363  -42.50826  -52.65370     -0.066    1479.23     48.561     48.172    12.2318    11.3026    -0.9292    12.2254    11.2965    -0.9289   4.019489   4.015268  -0.004221    34.9524    35.7965     5.7287    26.5088    27.3414          2  0.000e+00
      62522 296.019364  -42.50826  -52.65370     -0.061    1479.23     48.505     48.116    12.2306    11.3041    -0.9265    12.2243    11.2980    -0.9262   4.019431   4.015241  -0.004189    34.9530    35.7948     5.7300    26.5094    27.3398          2  0.000e+00
      62523 296.019364  -42.50826  -52.65370     -0.056    1479.23     48.561     48.172    12.2297    11.3055    -0.9242    12.2233    11.2994    -0.9239   4.019314   4.015222  -0.004093    34.9527    35.7933     5.7309    26.5094    27.3384          2  0.000e+00
      62524 296.019365  -42.50826  -52.65370     -0.050    1479.23     48.505     48.116    12.2280    11.3066    -0.9214    12.2216    11.3004    -0.9212   4.019127   4.015300  -0.003827    34.9525    35.7931     5.7360    26.5096    27.3380          2  0.000e+00
      62525 296.019365  -42.50826  -52.65370     -0.041    1479.23     48.561     48.172    12.2263    11.3078    -0.9185    12.2200    11.3017    -0.9183   4.018862   4.015379  -0.003483    34.9514    35.7926     5.7329    26.5091    27.3374          2  0.000e+00
      62526 296.019366  -42.50826  -52.65370     -0.039    1479.23     48.561     48.172    12.2231    11.3091    -0.9140    12.2168    11.3030    -0.9138   4.018584   4.015320  -0.003264    34.9517    35.7907     5.7380    26.5099    27.3357          2  0.000e+00
      62527 296.019366  -42.50826  -52.65370     -0.033    1479.23     48.561     48.172    12.2182    11.3103    -0.9079    12.2118    11.3042    -0.9076   4.018203   4.015340  -0.002863    34.9527    35.7898     5.7393    26.5116    27.3347          2  0.000e+00
      62528 296.019367  -42.50826  -52.65370     -0.027    1479.23     48.561     48.173    12.2160    11.3118    -0.9042    12.2096    11.3057    -0.9040   4.017834   4.015471  -0.002364    34.9511    35.7897     5.7402    26.5109    27.3344          2  0.000e+00
      62529 296.019367  -42.50826  -52.65370     -0.021    1479.23     48.561     48.173    12.2151    11.3130    -0.9021    12.2087    11.3068    -0.9019   4.017589   4.015608  -0.001980    34.9496    35.7899     5.7408    26.5098    27.3343          2  0.000e+00
      62530 296.019368  -42.50826  -52.65370     -0.015    1479.23     48.561     48.173    12.2140    11.3143    -0.8997    12.2076    11.3082    -0.8995   4.017382   4.015641  -0.001741    34.9486    35.7889     5.7417    26.5093    27.3333          2  0.000e+00
      62531 296.019368  -42.50826  -52.65370     -0.009    1479.23     48.561     48.173    12.2130    11.3155    -0.8975    12.2066    11.3094    -0.8973   4.017272   4.015582  -0.001690    34.9485    35.7872     5.7425    26.5094    27.3317          2  0.000e+00
      62532 296.019369  -42.50826  -52.65370     -0.006    1479.23     48.561     48.173    12.2133    11.3168    -0.8965    12.2070    11.3107    -0.8963   4.017201   4.015569  -0.001632    34.9475    35.7858     5.7473    26.5085    27.3304          2  0.000e+00
      62533 296.019369  -42.50826  -52.65370      0.004    1479.23     48.618     48.229    12.2147    11.3180    -0.8968    12.2084    11.3119    -0.8965   4.017162   4.015543  -0.001619    34.9457    35.7843     5.7481    26.5069    27.3290          3  0.000e+00
      62534 296.019370  -42.50826  -52.65370      0.010    1479.23     48.618     48.229    12.2150    11.3196    -0.8954    12.2086    11.3135    -0.8951   4.017078   4.015516  -0.001562    34.9447    35.7825     5.7531    26.5060    27.3273          3  0.000e+00
      62535 296.019370  -42.50826  -52.65370      0.013    1479.23     48.562     48.173    12.2147    11.3208    -0.8939    12.2083    11.3147    -0.8937   4.017052   4.015608  -0.001444    34.9448    35.7823     5.7498    26.5062    27.3269          3  0.000e+00
      62536 296.019371  -42.50826  -52.65370      0.019    1479.23     48.618     48.229    12.2140    11.3223    -0.8917    12.2076    11.3162    -0.8915   4.017052   4.015661  -0.001392    34.9454    35.7813     5.7543    26.5068    27.3259          3  0.000e+00
      62537 296.019371  -42.50826  -52.65370      0.025    1479.23     48.618     48.229    12.2152    11.3233    -0.8919    12.2088    11.3172    -0.8916   4.017110   4.015621  -0.001489    34.9448    35.7799     5.7544    26.5061    27.3246          3  0.000e+00
      62538 296.019372  -42.50826  -52.65370      0.031    1479.23     48.618     48.229    12.2169    11.3248    -0.8921    12.2105    11.3187    -0.8918   4.017304   4.015529  -0.001775    34.9451    35.7776     5.7501    26.5060    27.3225          3  0.000e+00
      62539 296.019372  -42.50826  -52.65370      0.037    1479.23     48.618     48.229    12.2190    11.3259    -0.8930    12.2126    11.3198    -0.8928   4.017595   4.015398  -0.002197    34.9460    35.7752     5.7537    26.5063    27.3204          3  0.000e+00
      62540 296.019373  -42.50826  -52.65372      0.042    1479.23     48.618     48.229    12.2227    11.3273    -0.8953    12.2163    11.3212    -0.8951   4.017731   4.015333  -0.002398    34.9439    35.7732     5.7489    26.5039    27.3186          3  0.000e+00
      62541 296.019373  -42.50826  -52.65372      0.046    1479.23     48.650     48.261    12.2240    11.3283    -0.8957    12.2176    11.3222    -0.8954   4.017718   4.015300  -0.002418    34.9425    35.7719     5.7528    26.5026    27.3174          3  0.000e+00
      62542 296.019374  -42.50826  -52.65372      0.051    1479.23     48.618     48.229    12.2230    11.3296    -0.8934    12.2166    11.3235    -0.8931   4.017685   4.015261  -0.002425    34.9431    35.7702     5.7571    26.5033    27.3159          3  0.000e+00
      62543 296.019374  -42.50826  -52.65372      0.058    1479.23     48.618     48.229    12.2218    11.3308    -0.8911    12.2155    11.3247    -0.8908   4.017679   4.015149  -0.002530    34.9441    35.7680     5.7533    26.5043    27.3139          3  0.000e+00
      62544 296.019375  -42.50826  -52.65372      0.063    1479.23     48.683     48.293    12.2218    11.3320    -0.8899    12.2155    11.3258    -0.8896   4.017698   4.014979  -0.002720    34.9443    35.7651     5.7530    26.5044    27.3115          3  0.000e+00
      62545 296.019375  -42.50826  -52.65372      0.071    1479.23     48.683     48.293    12.2227    11.3333    -0.8894    12.2163    11.3272    -0.8891   4.017686   4.014782  -0.002903    34.9434    35.7619     5.7526    26.5036    27.3087          3  0.000e+00
      62546 296.019375  -42.50826  -52.65372      0.076    1479.23     48.683     48.293    12.2229    11.3345    -0.8884    12.2165    11.3283    -0.8881   4.017731   4.014658  -0.003073    34.9437    35.7595     5.7567    26.5037    27.3066          3  0.000e+00
      62547 296.019376  -42.50826  -52.65372      0.083    1479.23     48.683     48.293    12.2228    11.3357    -0.8871    12.2164    11.3295    -0.8869   4.017770   4.014494  -0.003276    34.9441    35.7567     5.7568    26.5041    27.3042          3  0.000e+00
      62548 296.019376  -42.50826  -52.65372      0.090    1479.23     48.739     48.349    12.2222    11.3368    -0.8854    12.2158    11.3307    -0.8851   4.017757   4.014422  -0.003335    34.9445    35.7548     5.7569    26.5045    27.3026          3  0.000e+00
      62549 296.019377  -42.50826  -52.65372      0.093    1479.23     48.683     48.293    12.2225    11.3380    -0.8845    12.2161    11.3319    -0.8843   4.017718   4.014389  -0.003329    34.9438    35.7534     5.7563    26.5039    27.3012          3  0.000e+00
      62550 296.019377  -42.50826  -52.65372      0.100    1479.23     48.683     48.293    12.2223    11.3391    -0.8832    12.2159    11.3330    -0.8829   4.017737   4.014304  -0.003434    34.9442    35.7514     5.7561    26.5043    27.2995          3  0.000e+00
      62551 296.019378  -42.50826  -52.65372      0.105    1479.23     48.739     48.349    12.2218    11.3403    -0.8815    12.2154    11.3342    -0.8813   4.017718   4.014245  -0.003473    34.9445    35.7497     5.7515    26.5045    27.2979          3  0.000e+00
      62552 296.019378  -42.50826  -52.65372      0.110    1479.23     48.739     48.349    12.2208    11.3415    -0.8793    12.2144    11.3354    -0.8791   4.017660   4.014186  -0.003474    34.9448    35.7479     5.7507    26.5050    27.2963          3  0.000e+00
      62553 296.019379  -42.50826  -52.65372      0.115    1479.23     48.739     48.349    12.2212    11.3430    -0.8782    12.2148    11.3368    -0.8779   4.017666   4.014179  -0.003487    34.9446    35.7465     5.7496    26.5048    27.2949          3  0.000e+00
      62554 296.019379  -42.50826  -52.65372      0.119    1479.23     48.739     48.349    12.2212    11.3439    -0.8773    12.2148    11.3377    -0.8770   4.017621   4.014199  -0.003422    34.9441    35.7458     5.7484    26.5044    27.2942          3  0.000e+00
      62555 296.019380  -42.50826  -52.65372      0.126    1479.23     48.739     48.349    12.2207    11.3450    -0.8757    12.2143    11.3389    -0.8754   4.017660   4.014284  -0.003376    34.9450    35.7455     5.7476    26.5052    27.2938          3  0.000e+00
      62556 296.019380  -42.50826  -52.65372      0.133    1479.23     48.804     48.413    12.2201    11.3461    -0.8740    12.2137    11.3400    -0.8738   4.017679   4.014330  -0.003349    34.9456    35.7448     5.7467    26.5058    27.2931          3  0.000e+00
      62557 296.019381  -42.50826  -52.65372      0.139    1479.23     48.804     48.413    12.2208    11.3475    -0.8733    12.2144    11.3414    -0.8731   4.017679   4.014264  -0.003415    34.9450    35.7429     5.7456    26.5052    27.2913          3  0.000e+00
      62558 296.019381  -42.50826  -52.65372      0.141    1479.23     48.739     48.349    12.2225    11.3485    -0.8740    12.2161    11.3424    -0.8738   4.017705   4.014264  -0.003441    34.9437    35.7419     5.7446    26.5038    27.2903          3  0.000e+00
      62559 296.019382  -42.50826  -52.65372      0.149    1479.23     48.804     48.413    12.2227    11.3498    -0.8728    12.2163    11.3437    -0.8726   4.017660   4.014323  -0.003336    34.9431    35.7412     5.7434    26.5033    27.2895          3  0.000e+00
      62560 296.019382  -42.50826  -52.65372      0.153    1479.23     48.804     48.413    12.2222    11.3510    -0.8712    12.2158    11.3448    -0.8710   4.017563   4.014323  -0.003240    34.9426    35.7401     5.7468    26.5030    27.2885          3  0.000e+00
