Pos-Processados/process_op41/operantar41_019.cnv
* Sea-Bird SBE 9 Data File:
* FileName = C:\Users\Dell\Desktop\OperantarXLI\config\00_BRUTOS\OPE41019.hdr
* Software Version Seasave V 7.26.7.110
* Temperature SN = 6497
* Conductivity SN = 4954
* Number of Bytes Per Scan = 34
* Number of Voltage Words = 3
* Number of Scans Averaged by the Deck Unit = 1
* NMEA Latitude = 62 55.48 S
* NMEA Longitude = 060 08.48 W
* NMEA UTC (Time) = Nov 11 2022 01:08:15
* NMEA baud rate = 4800
** H41
** Navio Polar Almirante Maximiano
** LH-021/2022
** Operantar XLI
** Número da Estação 019
** Latitude 62 55.478'S
** Longitude 060 08.483' W
** Data/Hora (Z) 11/11/2022 0110Z
** Profundidade local 1020 m
** 09-1439
** Nome do Operador CT Garla
# nquan = 30
# nvalues = 1868                        
# units = specified
# name 0 = scan: Scan Count
# name 1 = timeJ: Julian Days
# name 2 = latitude: Latitude [deg]
# name 3 = longitude: Longitude [deg]
# name 4 = dz/dtM: Descent Rate [m/s]
# name 5 = avgsvCM: Average Sound Velocity [Chen-Millero, m/s]
# name 6 = prDM: Pressure, Digiquartz [db]
# name 7 = depSM: Depth [salt water, m]
# name 8 = t090C: Temperature [ITS-90, deg C]
# name 9 = t190C: Temperature, 2 [ITS-90, deg C]
# name 10 = T2-T190C: Temperature Difference, 2 - 1 [ITS-90, deg C]
# name 11 = potemp090C: Potential Temperature [ITS-90, deg C]
# name 12 = potemp190C: Potential Temperature, 2 [ITS-90, deg C]
# name 13 = potemp90Cdiff: Potential Temperature, Diff, 2 - 1 [ITS-90, deg C]
# name 14 = c0S/m: Conductivity [S/m]
# name 15 = c1S/m: Conductivity, 2 [S/m]
# name 16 = C2-C1S/m: Conductivity Difference, 2 - 1 [S/m]
# name 17 = sal00: Salinity, Practical [PSU]
# name 18 = sal11: Salinity, Practical, 2 [PSU]
# name 19 = sbeox0ML/L: Oxygen, SBE 43 [ml/l]
# name 20 = sigma-é00: Density [sigma-theta, kg/m^3]
# name 21 = sigma-é11: Density, 2 [sigma-theta, kg/m^3]
# name 22 = sal00: Salinity, Practical [PSU]
# name 23 = sigma-é00: Density [sigma-theta, kg/m^3]
# name 24 = svCM: Sound Velocity [Chen-Millero, m/s]
# name 25 = svCM1: Sound Velocity, 2 [Chen-Millero, m/s]
# name 26 = gsw_ptA0: potential temperature [ITS-90, deg C]
# name 27 = gsw_densityA0: density, TEOS-10 [density, kg/m^3]
# name 28 = gsw_saA0: Absolute Salinity [g/kg]
# name 29 = flag:
# span 0 =       2662,      55295       
# span 1 = 315.048679, 315.074061       
# span 2 =  -62.92721,  -62.92494       
# span 3 =  -60.14096,  -60.13856       
# span 4 =     -1.367,      1.293       
# span 5 =       0.00,    1476.63       
# span 6 =      0.000,    934.000       
# span 7 =      0.001,    922.906       
# span 8 =    -1.3032,    -0.3734       
# span 9 =    -1.3031,    -0.3745       
# span 10 =    -0.0195,     0.0270      
# span 11 =    -1.3111,    -0.3874      
# span 12 =    -1.3111,    -0.3885      
# span 13 =    -0.0194,     0.0269      
# span 14 =   2.764801,   2.858773      
# span 15 =   2.764816,   2.858667      
# span 16 =  -0.001470,   0.002262      
# span 17 =    34.2901,    34.5525      
# span 18 =    34.2910,    34.5524      
# span 19 =     5.7476,     7.4899      
# span 20 =    27.5648,    27.7768      
# span 21 =    27.5656,    27.7768      
# span 22 =    34.2900,    34.5528      
# span 23 =    27.5647,    27.7772      
# span 24 =    1444.26,    1460.94      
# span 25 =    1444.25,    1460.93      
# span 26 =    -1.3109,    -0.3872      
# span 27 =  1027.5740,  1032.2072      
# span 28 =    34.4553,    34.7220      
# span 29 = 0.0000e+00, 0.0000e+00      
# interval = decibars: 1                
# start_time = Nov 11 2022 01:08:15 [NMEA time, header]
# bad_flag = -9.990e-29
*END*
[from data line 1257]
      36169 315.064838  -62.92656  -60.13858     -1.066    1451.82    610.000    603.223    -1.0617    -1.0620    -0.0003    -1.0809    -1.0812    -0.0003   2.803972   2.803940  -0.000033    34.5002    34.5001     6.3380    27.7514    27.7513    34.5000    27.7512    1453.48    1453.48    -1.0804  1030.6657    34.6687 0.0000e+00
      36190 315.064848  -62.92656  -60.13858     -1.141    1451.82    609.000    602.236    -1.0622    -1.0624    -0.0003    -1.0813    -1.0816    -0.0003   2.803898   2.803862  -0.000037    34.5002    34.5001     6.3357    27.7514    27.7513    34.5000    27.7513    1453.46    1453.46    -1.0809  1030.6611    34.6688 0.0000e+00
      36212 315.064859  -62.92656  -60.13858     -1.137    1451.82    608.000    601.248    -1.0626    -1.0637    -0.0011    -1.0817    -1.0828    -0.0011   2.803823   2.803705  -0.000103    34.5004    34.5002     6.3378    27.7516    27.7515    34.5002    27.7514    1453.44    1453.43    -1.0813  1030.6565    34.6689 0.0000e+00
      36236 315.064870  -62.92656  -60.13858     -1.048    1451.82    607.000    600.260    -1.0639    -1.0663    -0.0024    -1.0830    -1.0853    -0.0024   2.803663   2.803442  -0.000211    34.5003    34.5002     6.3326    27.7516    27.7516    34.5000    27.7513    1453.42    1453.40    -1.0825  1030.6517    34.6688 0.0000e+00
      36263 315.064883  -62.92656  -60.13858     -0.928    1451.82    606.000    599.273    -1.0676    -1.0702    -0.0026    -1.0866    -1.0892    -0.0026   2.803209   2.803004  -0.000222    34.4997    34.4996     6.3320    27.7512    27.7513    34.4986    27.7504    1453.38    1453.37    -1.0861  1030.6460    34.6674 0.0000e+00
      36290 315.064896  -62.92656  -60.13858     -0.885    1451.82    605.000    598.286    -1.0739    -1.0758    -0.0019    -1.0928    -1.0948    -0.0019   2.802663   2.802449  -0.000201    34.4996    34.4991     6.3184    27.7514    27.7511    34.4990    27.7509    1453.34    1453.33    -1.0924  1030.6420    34.6678 0.0000e+00
      36315 315.064908  -62.92656  -60.13858     -0.925    1451.82    604.000    597.298    -1.0764    -1.0776    -0.0011    -1.0954    -1.0965    -0.0011   2.802352   2.802251  -0.000116    34.4992    34.4989     6.3264    27.7511    27.7509    34.4983    27.7504    1453.31    1453.30    -1.0949  1030.6368    34.6671 0.0000e+00
      36338 315.064919  -62.92656  -60.13858     -0.995    1451.82    603.000    596.311    -1.0776    -1.0778    -0.0002    -1.0965    -1.0967    -0.0002   2.802193   2.802190  -0.000004    34.4986    34.4988     6.3445    27.7507    27.7509    34.4982    27.7503    1453.28    1453.28    -1.0960  1030.6320    34.6669 0.0000e+00
      36359 315.064930  -62.92656  -60.13858     -1.071    1451.82    602.000    595.323    -1.0777    -1.0781    -0.0005    -1.0965    -1.0970    -0.0005   2.802150   2.802133  -0.000019    34.4986    34.4989     6.3461    27.7507    27.7510    34.4982    27.7504    1453.27    1453.26    -1.0960  1030.6273    34.6670 0.0000e+00
      36382 315.064941  -62.92656  -60.13858     -1.103    1451.82    601.000    594.336    -1.0769    -1.0774    -0.0005    -1.0957    -1.0962    -0.0005   2.802195   2.802156  -0.000040    34.4988    34.4988     6.3491    27.7509    27.7509    34.4986    27.7507    1453.26    1453.25    -1.0952  1030.6228    34.6673 0.0000e+00
      36405 315.064952  -62.92656  -60.13858     -1.051    1451.82    600.000    593.348    -1.0767    -1.0771    -0.0003    -1.0955    -1.0958    -0.0003   2.802160   2.802132  -0.000031    34.4988    34.4988     6.3534    27.7508    27.7508    34.4985    27.7506    1453.24    1453.24    -1.0950  1030.6180    34.6672 0.0000e+00
      36432 315.064965  -62.92656  -60.13858     -0.948    1451.82    599.000    592.361    -1.0770    -1.0775    -0.0005    -1.0957    -1.0962    -0.0005   2.802086   2.802060  -0.000027    34.4987    34.4989     6.3531    27.7508    27.7509    34.4984    27.7505    1453.22    1453.22    -1.0952  1030.6132    34.6672 0.0000e+00
      36458 315.064977  -62.92656  -60.13858     -0.904    1451.82    598.000    591.373    -1.0774    -1.0782    -0.0008    -1.0961    -1.0969    -0.0008   2.802009   2.801939  -0.000070    34.4987    34.4987     6.3560    27.7508    27.7508    34.4984    27.7505    1453.20    1453.20    -1.0956  1030.6085    34.6672 0.0000e+00
      36485 315.064990  -62.92658  -60.13858     -0.911    1451.82    597.000    590.386    -1.0779    -1.0784    -0.0005    -1.0965    -1.0970    -0.0005   2.801915   2.801883  -0.000028    34.4985    34.4987     6.3478    27.7506    27.7508    34.4983    27.7505    1453.18    1453.18    -1.0961  1030.6037    34.6671 0.0000e+00
      36511 315.065003  -62.92658  -60.13858     -0.906    1451.82    596.000    589.398    -1.0779    -1.0789    -0.0010    -1.0965    -1.0975    -0.0010   2.801860   2.801797  -0.000068    34.4985    34.4987     6.3483    27.7506    27.7508    34.4982    27.7504    1453.17    1453.16    -1.0961  1030.5989    34.6670 0.0000e+00
      36538 315.065016  -62.92658  -60.13860     -0.890    1451.82    595.000    588.411    -1.0789    -1.0793    -0.0004    -1.0975    -1.0979    -0.0004   2.801744   2.801709  -0.000034    34.4986    34.4986     6.3575    27.7507    27.7508    34.4983    27.7505    1453.15    1453.15    -1.0970  1030.5943    34.6671 0.0000e+00
      36564 315.065029  -62.92658  -60.13858     -0.899    1451.82    594.000    587.423    -1.0787    -1.0791    -0.0005    -1.0972    -1.0977    -0.0005   2.801710   2.801679  -0.000034    34.4984    34.4985     6.3607    27.7506    27.7507    34.4982    27.7504    1453.13    1453.13    -1.0968  1030.5895    34.6670 0.0000e+00
      36588 315.065040  -62.92658  -60.13858     -0.958    1451.82    593.000    586.436    -1.0796    -1.0799    -0.0002    -1.0981    -1.0984    -0.0002   2.801571   2.801577  -0.000004    34.4983    34.4986     6.3579    27.7505    27.7508    34.4980    27.7503    1453.11    1453.11    -1.0976  1030.5846    34.6668 0.0000e+00
      36609 315.065050  -62.92658  -60.13858     -1.065    1451.82    592.000    585.448    -1.0788    -1.0789    -0.0002    -1.0972    -1.0974    -0.0002   2.801608   2.801607   0.000007    34.4983    34.4985     6.3549    27.7505    27.7507    34.4981    27.7504    1453.10    1453.10    -1.0968  1030.5799    34.6669 0.0000e+00
      36628 315.065059  -62.92658  -60.13858     -1.191    1451.82    591.000    584.461    -1.0799    -1.0802    -0.0003    -1.0983    -1.0986    -0.0003   2.801456   2.801454  -0.000007    34.4983    34.4986     6.3498    27.7505    27.7507    34.4980    27.7503    1453.08    1453.07    -1.0979  1030.5752    34.6668 0.0000e+00
      36646 315.065068  -62.92658  -60.13858     -1.289    1451.82    590.000    583.474    -1.0803    -1.0803    -0.0001    -1.0987    -1.0987    -0.0001   2.801398   2.801408   0.000012    34.4984    34.4986     6.3551    27.7506    27.7508    34.4982    27.7505    1453.06    1453.06    -1.0982  1030.5706    34.6670 0.0000e+00
      36665 315.065077  -62.92658  -60.13858     -1.292    1451.82    589.000    582.486    -1.0797    -1.0799    -0.0001    -1.0981    -1.0982    -0.0001   2.801403   2.801397  -0.000007    34.4983    34.4984     6.3571    27.7506    27.7506    34.4982    27.7505    1453.04    1453.04    -1.0976  1030.5659    34.6670 0.0000e+00
      36690 315.065089  -62.92658  -60.13858     -1.111    1451.82    588.000    581.498    -1.0796    -1.0797    -0.0000    -1.0979    -1.0980    -0.0000   2.801367   2.801373   0.000005    34.4984    34.4985     6.3512    27.7506    27.7507    34.4983    27.7505    1453.03    1453.03    -1.0975  1030.5612    34.6671 0.0000e+00
      36724 315.065106  -62.92658  -60.13858     -0.756    1451.82    587.000    580.510    -1.0794    -1.0793     0.0001    -1.0977    -1.0976     0.0001   2.801345   2.801358   0.000011    34.4984    34.4985     6.3467    27.7506    27.7506    34.4983    27.7505    1453.01    1453.01    -1.0972  1030.5564    34.6671 0.0000e+00
      36759 315.065122  -62.92658  -60.13858     -0.668    1451.82    586.000    579.523    -1.0797    -1.0799    -0.0001    -1.0980    -1.0981    -0.0001   2.801258   2.801249  -0.000008    34.4982    34.4984     6.3510    27.7505    27.7506    34.4981    27.7504    1452.99    1452.99    -1.0975  1030.5515    34.6669 0.0000e+00
      36785 315.065135  -62.92658  -60.13858     -0.840    1451.82    585.000    578.535    -1.0804    -1.0804    -0.0000    -1.0986    -1.0986    -0.0000   2.801161   2.801168   0.000009    34.4982    34.4984     6.3551    27.7505    27.7506    34.4981    27.7504    1452.97    1452.98    -1.0981  1030.5469    34.6669 0.0000e+00
      36807 315.065146  -62.92658  -60.13858     -0.995    1451.82    584.000    577.548    -1.0802    -1.0808    -0.0005    -1.0984    -1.0989    -0.0005   2.801115   2.801096  -0.000019    34.4981    34.4984     6.3537    27.7504    27.7507    34.4979    27.7502    1452.96    1452.96    -1.0979  1030.5420    34.6667 0.0000e+00
      36829 315.065156  -62.92658  -60.13858     -1.074    1451.82    583.000    576.560    -1.0801    -1.0802    -0.0001    -1.0982    -1.0983    -0.0001   2.801096   2.801104   0.000007    34.4982    34.4984     6.3560    27.7504    27.7506    34.4981    27.7504    1452.94    1452.94    -1.0978  1030.5374    34.6669 0.0000e+00
      36852 315.065167  -62.92658  -60.13858     -1.083    1451.82    582.000    575.573    -1.0797    -1.0799    -0.0002    -1.0978    -1.0980    -0.0002   2.801075   2.801084   0.000006    34.4982    34.4984     6.3511    27.7504    27.7506    34.4981    27.7503    1452.93    1452.93    -1.0973  1030.5326    34.6669 0.0000e+00
      36874 315.065178  -62.92658  -60.13858     -1.078    1451.82    581.000    574.585    -1.0800    -1.0802    -0.0002    -1.0981    -1.0983    -0.0002   2.801009   2.801000  -0.000006    34.4982    34.4983     6.3572    27.7504    27.7506    34.4981    27.7503    1452.91    1452.91    -1.0976  1030.5278    34.6669 0.0000e+00
      36895 315.065188  -62.92658  -60.13858     -1.099    1451.82    580.000    573.598    -1.0804    -1.0807    -0.0003    -1.0984    -1.0987    -0.0003   2.800929   2.800907  -0.000016    34.4982    34.4983     6.3585    27.7504    27.7505    34.4980    27.7503    1452.89    1452.89    -1.0979  1030.5231    34.6668 0.0000e+00
      36918 315.065199  -62.92658  -60.13858     -1.093    1451.82    579.000    572.610    -1.0809    -1.0814    -0.0005    -1.0989    -1.0994    -0.0005   2.800827   2.800806  -0.000027    34.4980    34.4982     6.3603    27.7503    27.7505    34.4979    27.7502    1452.87    1452.87    -1.0984  1030.5151    34.6627 0.0000e+00
      36943 315.065211 -9.990e-29  -60.13858     -1.017    1451.82    578.000    571.622    -1.0810    -1.0816    -0.0006    -1.0990    -1.0996    -0.0006   2.800782   2.800712  -0.000056    34.4980    34.4980     6.3638    27.7503    27.7503    34.4980    27.7503    1452.86    1452.85    -1.0985  1030.5087    34.6606 0.0000e+00
      36969 315.065224 -9.990e-29  -60.13858     -0.929    1451.82    577.000    570.635    -1.0817    -1.0843    -0.0027    -1.0996    -1.1022    -0.0027   2.800667   2.800437  -0.000231    34.4980    34.4980     6.3658    27.7504    27.7504    34.4977    27.7501    1452.84    1452.82    -1.0991  1030.5038    34.6604 0.0000e+00
      36997 315.065237 -9.990e-29  -60.13859     -0.884    1451.82    576.000    569.647    -1.0852    -1.0862    -0.0010    -1.1031    -1.1040    -0.0010   2.800291   2.800202  -0.000087    34.4977    34.4977     6.3697    27.7503    27.7502    34.4973    27.7499    1452.80    1452.80    -1.1026  1030.4989    34.6600 0.0000e+00
      37025 315.065251  -62.92660  -60.13860     -0.862    1451.82    575.000    568.659    -1.0866    -1.0890    -0.0024    -1.1044    -1.1068    -0.0024   2.800116   2.799889  -0.000222    34.4974    34.4972     6.3682    27.7501    27.7500    34.4971    27.7498    1452.78    1452.77    -1.1039  1030.4983    34.6650 0.0000e+00
      37052 315.065264  -62.92659  -60.13859     -0.856    1451.82    574.000    567.672    -1.0885    -1.0899    -0.0013    -1.1063    -1.1076    -0.0013   2.799868   2.799753  -0.000126    34.4970    34.4968     6.3685    27.7498    27.7497    34.4965    27.7494    1452.76    1452.75    -1.1058  1030.4939    34.6653 0.0000e+00
      37079 315.065277  -62.92658  -60.13858     -0.893    1451.82    573.000    566.684    -1.0903    -1.0906    -0.0002    -1.1080    -1.1083    -0.0002   2.799666   2.799660  -0.000012    34.4967    34.4968     6.3704    27.7496    27.7497    34.4964    27.7493    1452.73    1452.73    -1.1075  1030.4891    34.6652 0.0000e+00
      37103 315.065288  -62.92659  -60.13858     -0.954    1451.82    572.000    565.697    -1.0901    -1.0903    -0.0002    -1.1077    -1.1080    -0.0002   2.799627   2.799628   0.000003    34.4965    34.4968     6.3573    27.7494    27.7496    34.4962    27.7492    1452.71    1452.71    -1.1073  1030.4843    34.6650 0.0000e+00
      37126 315.065300  -62.92660  -60.13859     -1.006    1451.82    571.000    564.709    -1.0900    -1.0904    -0.0003    -1.1077    -1.1080    -0.0003   2.799596   2.799577  -0.000023    34.4966    34.4967     6.3708    27.7495    27.7496    34.4963    27.7493    1452.70    1452.70    -1.1072  1030.4796    34.6652 0.0000e+00
      37149 315.065311  -62.92660  -60.13860     -1.037    1451.82    570.000    563.722    -1.0900    -1.0904    -0.0004    -1.1076    -1.1080    -0.0004   2.799550   2.799535  -0.000011    34.4965    34.4967     6.3809    27.7494    27.7497    34.4963    27.7492    1452.68    1452.68    -1.1071  1030.4748    34.6651 0.0000e+00
      37174 315.065323  -62.92660  -60.13860     -1.013    1451.82    569.000    562.734    -1.0902    -1.0907    -0.0004    -1.1078    -1.1083    -0.0004   2.799483   2.799457  -0.000028    34.4965    34.4967     6.3817    27.7495    27.7496    34.4963    27.7493    1452.66    1452.66    -1.1073  1030.4701    34.6651 0.0000e+00
      37201 315.065336  -62.92660  -60.13859     -0.930    1451.82    568.000    561.746    -1.0905    -1.0908    -0.0004    -1.1080    -1.1084    -0.0004   2.799426   2.799406  -0.000027    34.4966    34.4967     6.3778    27.7495    27.7496    34.4964    27.7493    1452.65    1452.64    -1.1076  1030.4654    34.6652 0.0000e+00
      37228 315.065349  -62.92660  -60.13858     -0.866    1451.82    567.000    560.759    -1.0907    -1.0908    -0.0001    -1.1082    -1.1083    -0.0001   2.799350   2.799355   0.000007    34.4964    34.4966     6.3819    27.7494    27.7495    34.4962    27.7492    1452.63    1452.63    -1.1077  1030.4606    34.6650 0.0000e+00
      37254 315.065361  -62.92660  -60.13858     -0.906    1451.82    566.000    559.771    -1.0914    -1.0919    -0.0004    -1.1089    -1.1093    -0.0004   2.799223   2.799207  -0.000020    34.4963    34.4965     6.3817    27.7493    27.7495    34.4959    27.7490    1452.61    1452.61    -1.1084  1030.4557    34.6647 0.0000e+00
      37277 315.065372  -62.92660  -60.13860     -1.001    1451.82    565.000    558.783    -1.0926    -1.0929    -0.0003    -1.1100    -1.1103    -0.0003   2.799081   2.799068  -0.000012    34.4962    34.4963     6.3862    27.7493    27.7494    34.4960    27.7491    1452.59    1452.59    -1.1096  1030.4510    34.6648 0.0000e+00
      37300 315.065383  -62.92660  -60.13860     -1.045    1451.82    564.000    557.796    -1.0929    -1.0933    -0.0004    -1.1102    -1.1106    -0.0004   2.799031   2.798985  -0.000038    34.4963    34.4962     6.3899    27.7493    27.7493    34.4962    27.7493    1452.57    1452.57    -1.1098  1030.4465    34.6650 0.0000e+00
      37327 315.065396  -62.92660  -60.13860     -0.949    1451.82    563.000    556.808    -1.0924    -1.0934    -0.0010    -1.1097    -1.1107    -0.0010   2.799021   2.798942  -0.000085    34.4963    34.4963     6.3884    27.7494    27.7494    34.4961    27.7492    1452.55    1452.55    -1.1093  1030.4416    34.6650 0.0000e+00
