Pos-Processados/process_op41/operantar41_018.cnv
* Sea-Bird SBE 9 Data File:
* FileName = C:\Users\Dell\Desktop\OperantarXLI\config\00_BRUTOS\OPE41018.hdr
* Software Version Seasave V 7.26.7.110
* Temperature SN = 6497
* Conductivity SN = 4954
* Number of Bytes Per Scan = 34
* Number of Voltage Words = 3
* Number of Scans Averaged by the Deck Unit = 1
* NMEA Latitude = 62 11.15 S
* NMEA Longitude = 058 03.26 W
* NMEA UTC (Time) = Nov 09 2022 19:30:02
* NMEA baud rate = 4800
** H41
** Navio Polar Almirante Maximiano
** LH-021/2022
** Operantar XLI
** Número da Estação 018
** Latitude 62.11.171'S
** Longitude 058 03.25'W
** Data/Hora (Z) 09/11/2022 1930Z
** Profundidade local 421 m
** 09-1439
** Nome do Operador 1T Filipe Lopes
# nquan = 30
# nvalues = 352                         
# units = specified
# name 0 = scan: Scan Count
# name 1 = timeJ: Julian Days
# name 2 = latitude: Latitude [deg]
# name 3 = longitude: Longitude [deg]
# name 4 = dz/dtM: Descent Rate [m/s]
# name 5 = avgsvCM: Average Sound Velocity [Chen-Millero, m/s]
# name 6 = prDM: Pressure, Digiquartz [db]
# name 7 = depSM: Depth [salt water, m]
# name 8 = t090C: Temperature [ITS-90, deg C]
# name 9 = t190C: Temperature, 2 [ITS-90, deg C]
# name 10 = T2-T190C: Temperature Difference, 2 - 1 [ITS-90, deg C]
# name 11 = potemp090C: Potential Temperature [ITS-90, deg C]
# name 12 = potemp190C: Potential Temperature, 2 [ITS-90, deg C]
# name 13 = potemp90Cdiff: Potential Temperature, Diff, 2 - 1 [ITS-90, deg C]
# name 14 = c0S/m: Conductivity [S/m]
# name 15 = c1S/m: Conductivity, 2 [S/m]
# name 16 = C2-C1S/m: Conductivity Difference, 2 - 1 [S/m]
# name 17 = sal00: Salinity, Practical [PSU]
# name 18 = sal11: Salinity, Practical, 2 [PSU]
# name 19 = sbeox0ML/L: Oxygen, SBE 43 [ml/l]
# name 20 = sigma-é00: Density [sigma-theta, kg/m^3]
# name 21 = sigma-é11: Density, 2 [sigma-theta, kg/m^3]
# name 22 = sal00: Salinity, Practical [PSU]
# name 23 = sigma-é00: Density [sigma-theta, kg/m^3]
# name 24 = svCM: Sound Velocity [Chen-Millero, m/s]
# name 25 = svCM1: Sound Velocity, 2 [Chen-Millero, m/s]
# name 26 = gsw_ptA0: potential temperature [ITS-90, deg C]
# name 27 = gsw_densityA0: density, TEOS-10 [density, kg/m^3]
# name 28 = gsw_saA0: Absolute Salinity [g/kg]
# name 29 = flag:
# span 0 =        434,       8956       
# span 1 = 313.812732, 313.816842       
# span 2 =  -62.18585,  -62.18506       
# span 3 =  -58.05448,  -58.05442       
# span 4 =      0.061,      1.419       
# span 5 =       0.00,    1451.90       
# span 6 =      1.000,    352.000       
# span 7 =      0.997,    348.325       
# span 8 =    -0.3607,    -0.0353       
# span 9 =    -0.3618,    -0.0348       
# span 10 =    -0.0043,     4.2496      
# span 11 =    -0.3696,    -0.0454      
# span 12 =    -0.3706,    -0.0449      
# span 13 =    -0.0043,     4.2350      
# span 14 =   0.319454,   2.868532      
# span 15 =   2.825007,   2.868519      
# span 16 =  -0.246810,   0.001443      
# span 17 =    14.3734,    34.4386      
# span 18 =    33.5393,    34.4389      
# span 19 =     5.1663,    90.2556      
# span 20 =     4.1725,    27.6657      
# span 21 =    26.0524,    27.6659      
# span 22 =    33.1970,    34.4381      
# span 23 =    26.6636,    27.6654      
# span 24 =    1447.20,    1452.98      
# span 25 =    1447.20,    1452.99      
# span 26 =    -0.3694,    -0.0453      
# span 27 =  1024.9807,  1029.3360      
# span 28 =    29.1640,    34.6065      
# span 29 = 0.0000e+00, 0.0000e+00      
# interval = decibars: 1                
# start_time = Nov 09 2022 19:30:02 [NMEA time, header]
# bad_flag = -9.990e-29
*END*
        434 313.812732  -62.18585  -58.05444      0.061       0.00      1.000      0.997    -0.1801    -0.1804    -0.0004    -0.1801    -0.1805    -0.0004   2.826209   2.826231   0.000025    34.1724    34.1732     7.4829    27.4472    27.4478    34.1724    27.4471    1447.22    1447.22    -0.1800  1027.4563    34.3373 0.0000e+00
        558 313.812792  -62.18582  -58.05444      0.264       0.00      2.000      1.992    -0.1807    -0.1809    -0.0002    -0.1807    -0.1809    -0.0002   2.826219   2.826237   0.000018    34.1725    34.1729     7.4938    27.4472    27.4476    34.1725    27.4473    1447.23    1447.23    -0.1808  1027.4613    34.3375 0.0000e+00
        626 313.812825  -62.18582  -58.05444      0.399       0.00      3.000      2.972    -0.1895    -0.1872     0.0023    -0.1896    -0.1873     0.0023   2.825535   2.825748   0.000207    34.1731    34.1733     7.4915    27.4482    27.4482    34.1727    27.4478    1447.21    1447.22    -0.1896  1027.4666    34.3376 0.0000e+00
        665 313.812844  -62.18582  -58.05443      0.591       0.00      4.000      3.962    -0.1924    -0.1915     0.0009    -0.1925    -0.1916     0.0009   2.825304   2.825407   0.000102    34.1732    34.1736     7.4816    27.4485    27.4487    34.1723    27.4477    1447.21    1447.21    -0.1925  1027.4712    34.3372 0.0000e+00
        700 313.812860  -62.18582  -58.05442      0.696       0.00      5.000      4.952    -0.1976    -0.1977    -0.0001    -0.1978    -0.1978    -0.0001   2.824958   2.825007   0.000052    34.1733    34.1740     7.4833    27.4487    27.4493    34.1729    27.4484    1447.20    1447.20    -0.1978  1027.4768    34.3379 0.0000e+00
        733 313.812876  -62.18581  -58.05443      0.691       0.00      6.000      5.942    -0.1976    -0.1977    -0.0001    -0.1978    -0.1979    -0.0001   2.825006   2.825042   0.000038    34.1733    34.1738     7.4847    27.4487    27.4492    34.1729    27.4484    1447.22    1447.22    -0.1978  1027.4816    34.3379 0.0000e+00
        766 313.812892  -62.18580  -58.05444      0.768 2.6750e-08      7.000      6.933    -0.1976    -0.1977    -0.0001    -0.1978    -0.1979    -0.0001   2.825038   2.825078   0.000042    34.1729    34.1736     7.4869    27.4484    27.4490    34.1727    27.4483    1447.23    1447.23    -0.1978  1027.4861    34.3377 0.0000e+00
        800 313.812909  -62.18580  -58.05444      0.673       0.15      8.000      7.923    -0.1979    -0.1983    -0.0004    -0.1981    -0.1985    -0.0004   2.825066   2.825096   0.000031    34.1730    34.1739     7.4878    27.4486    27.4493    34.1728    27.4484    1447.25    1447.25    -0.1982  1027.4910    34.3378 0.0000e+00
        831 313.812924  -62.18579  -58.05442      0.752      -0.00      9.000      8.913    -0.1983    -0.1986    -0.0003    -0.1986    -0.1989    -0.0003   2.825102   2.825129   0.000028    34.1733    34.1740     7.4889    27.4488    27.4494    34.1732    27.4487    1447.26    1447.26    -0.1986  1027.4961    34.3381 0.0000e+00
        858 313.812936  -62.18578  -58.05442      0.862 1.0078e-39     10.000      9.904    -0.1982    -0.1982    -0.0001    -0.1985    -0.1985    -0.0001   2.825173   2.825211   0.000038    34.1734    34.1740     7.4941    27.4489    27.4494    34.1733    27.4488    1447.28    1447.28    -0.1985  1027.5010    34.3383 0.0000e+00
        883 313.812949  -62.18578  -58.05442      0.923 2.1545e-20     11.000     10.894    -0.1975    -0.1975    -0.0000    -0.1979    -0.1979    -0.0000   2.825263   2.825324   0.000059    34.1732    34.1740     7.4872    27.4487    27.4493    34.1732    27.4486    1447.30    1447.30    -0.1979  1027.5056    34.3381 0.0000e+00
        918 313.812965  -62.18577  -58.05443      0.767       0.05     12.000     11.884    -0.1972    -0.1974    -0.0001    -0.1976    -0.1977    -0.0001   2.825386   2.825416   0.000032    34.1740    34.1745     7.4839    27.4493    27.4497    34.1739    27.4492    1447.32    1447.32    -0.1976  1027.5109    34.3388 0.0000e+00
        967 313.812989  -62.18576  -58.05442      0.474      -0.00     13.000     12.875    -0.1961    -0.1962    -0.0001    -0.1965    -0.1966    -0.0001   2.825528   2.825589   0.000051    34.1737    34.1745     7.4851    27.4490    27.4497    34.1739    27.4491    1447.34    1447.34    -0.1965  1027.5156    34.3388 0.0000e+00
       1005 313.813008  -62.18576  -58.05442      0.602 3.2278e-28     14.000     13.865    -0.1811    -0.1803     0.0008    -0.1816    -0.1808     0.0008   2.826841   2.826906   0.000088    34.1727    34.1729     7.4825    27.4474    27.4476    34.1740    27.4485    1447.43    1447.43    -0.1816  1027.5197    34.3389 0.0000e+00
       1041 313.813025  -62.18576  -58.05442      0.681       0.16     15.000     14.855    -0.1779    -0.1764     0.0015    -0.1784    -0.1769     0.0015   2.827071   2.827224   0.000155    34.1723    34.1726     7.4822    27.4470    27.4472    34.1729    27.4475    1447.46    1447.46    -0.1784  1027.5217    34.3355 0.0000e+00
       1079 313.813043 -9.990e-29  -58.05442      0.627      -0.00     16.000     15.846    -0.1929    -0.1949    -0.0020    -0.1934    -0.1954    -0.0020   2.825864   2.825764  -0.000110    34.1740    34.1748     7.4917    27.4491    27.4499    34.1729    27.4482    1447.40    1447.39    -0.1934  1027.5260    34.3340 0.0000e+00
       1112 313.813059 -9.990e-29  -58.05442      0.703 4.5772e-50     17.000     16.836    -0.1954    -0.1950     0.0003    -0.1959    -0.1956     0.0003   2.825847   2.825911   0.000058    34.1749    34.1753     7.4891    27.4499    27.4502    34.1749    27.4499    1447.41    1447.41    -0.1959  1027.5325    34.3360 0.0000e+00
       1141 313.813073  -62.18574  -58.05442      0.811 3.2664e-29     18.000     17.826    -0.1954    -0.1954     0.0001    -0.1960    -0.1960     0.0001   2.825871   2.825915   0.000052    34.1748    34.1754     7.4825    27.4499    27.4504    34.1747    27.4498    1447.43    1447.43    -0.1960  1027.5389    34.3381 0.0000e+00
       1168 313.813086  -62.18574  -58.05442      0.874 7.7222e-10     19.000     18.817    -0.1966    -0.1966    -0.0000    -0.1972    -0.1972    -0.0000   2.825861   2.825912   0.000049    34.1753    34.1759     7.4890    27.4503    27.4509    34.1752    27.4503    1447.44    1447.44    -0.1972  1027.5453    34.3400 0.0000e+00
       1194 313.813099  -62.18574  -58.05442      0.895     691.46     20.000     19.807    -0.1975    -0.1973     0.0002    -0.1982    -0.1979     0.0002   2.825847   2.825901   0.000055    34.1757    34.1761     7.4806    27.4507    27.4511    34.1755    27.4505    1447.45    1447.45    -0.1982  1027.5503    34.3403 0.0000e+00
       1218 313.813110  -62.18573  -58.05442      0.948    1451.90     21.000     20.797    -0.1984    -0.1980     0.0004    -0.1991    -0.1987     0.0004   2.825861   2.825928   0.000060    34.1762    34.1765     7.4763    27.4511    27.4514    34.1760    27.4510    1447.46    1447.46    -0.1991  1027.5556    34.3409 0.0000e+00
       1242 313.813122  -62.18572  -58.05442      1.026    1447.45     22.000     21.788    -0.1972    -0.1968     0.0003    -0.1979    -0.1976     0.0003   2.825976   2.826027   0.000058    34.1755    34.1759     7.4779    27.4505    27.4509    34.1755    27.4506    1447.48    1447.49    -0.1979  1027.5599    34.3404 0.0000e+00
       1273 313.813136  -62.18572  -58.05442      0.844    1447.45     23.000     22.778    -0.1963    -0.1964    -0.0001    -0.1971    -0.1972    -0.0001   2.826045   2.826083   0.000040    34.1749    34.1756     7.4768    27.4500    27.4505    34.1749    27.4500    1447.50    1447.50    -0.1970  1027.5642    34.3397 0.0000e+00
       1303 313.813151  -62.18572  -58.05442      0.772    1447.45     24.000     23.768    -0.1965    -0.1966    -0.0000    -0.1973    -0.1974    -0.0000   2.826065   2.826122   0.000056    34.1748    34.1756     7.4756    27.4500    27.4506    34.1748    27.4500    1447.52    1447.52    -0.1973  1027.5689    34.3397 0.0000e+00
       1329 313.813164  -62.18572  -58.05442      0.859    1447.45     25.000     24.759    -0.1943    -0.1951    -0.0008    -0.1951    -0.1959    -0.0008   2.826315   2.826297  -0.000010    34.1748    34.1755     7.4743    27.4498    27.4504    34.1751    27.4500    1447.54    1447.54    -0.1951  1027.5738    34.3399 0.0000e+00
       1351 313.813174  -62.18572  -58.05442      1.014    1447.45     26.000     25.749    -0.1935    -0.1944    -0.0009    -0.1944    -0.1953    -0.0009   2.826407   2.826399  -0.000017    34.1747    34.1755     7.4780    27.4497    27.4504    34.1748    27.4498    1447.56    1447.56    -0.1943  1027.5783    34.3397 0.0000e+00
       1374 313.813185  -62.18572  -58.05442      1.076    1447.45     27.000     26.739    -0.1940    -0.1946    -0.0007    -0.1948    -0.1955    -0.0007   2.826421   2.826422   0.000008    34.1747    34.1756     7.4763    27.4498    27.4505    34.1748    27.4498    1447.58    1447.58    -0.1949  1027.5831    34.3397 0.0000e+00
       1399 313.813197  -62.18572  -58.05442      0.993    1447.45     28.000     27.730    -0.1949    -0.1950    -0.0001    -0.1958    -0.1959    -0.0001   2.826415   2.826450   0.000036    34.1751    34.1757     7.4707    27.4501    27.4506    34.1752    27.4502    1447.59    1447.59    -0.1958  1027.5883    34.3401 0.0000e+00
       1427 313.813211  -62.18570  -58.05442      0.882    1447.45     29.000     28.720    -0.1956    -0.1960    -0.0004    -0.1966    -0.1969    -0.0004   2.826409   2.826429   0.000019    34.1754    34.1760     7.4754    27.4503    27.4509    34.1753    27.4503    1447.60    1447.60    -0.1965  1027.5932    34.3402 0.0000e+00
       1453 313.813223  -62.18570  -58.05442      0.886    1447.45     30.000     29.710    -0.1965    -0.1967    -0.0002    -0.1975    -0.1977    -0.0002   2.826408   2.826425   0.000017    34.1758    34.1763     7.4799    27.4507    27.4512    34.1757    27.4507    1447.62    1447.62    -0.1975  1027.5983    34.3406 0.0000e+00
       1476 313.813235  -62.18570  -58.05442      0.976    1447.45     31.000     30.700    -0.1982    -0.1987    -0.0004    -0.1993    -0.1997    -0.0004   2.826348   2.826348   0.000001    34.1764    34.1768     7.4787    27.4513    27.4517    34.1762    27.4512    1447.62    1447.62    -0.1992  1027.6036    34.3412 0.0000e+00
       1498 313.813245  -62.18570  -58.05442      1.065    1447.45     32.000     31.690    -0.1999    -0.1998     0.0001    -0.2009    -0.2008     0.0001   2.826314   2.826339   0.000020    34.1771    34.1773     7.4787    27.4519    27.4521    34.1769    27.4519    1447.63    1447.64    -0.2009  1027.6091    34.3419 0.0000e+00
       1520 313.813256  -62.18568  -58.05442      1.116    1447.45     33.000     32.681    -0.1984    -0.1991    -0.0007    -0.1995    -0.2002    -0.0007   2.826427   2.826421  -0.000004    34.1763    34.1770     7.4821    27.4512    27.4519    34.1763    27.4512    1447.66    1447.65    -0.1995  1027.6132    34.3412 0.0000e+00
       1543 313.813267  -62.18568  -58.05442      1.083    1447.45     34.000     33.671    -0.1980    -0.1979     0.0000    -0.1991    -0.1991     0.0000   2.826493   2.826544   0.000048    34.1759    34.1766     7.4808    27.4509    27.4514    34.1760    27.4510    1447.67    1447.68    -0.1991  1027.6178    34.3410 0.0000e+00
       1572 313.813281  -62.18568  -58.05442      0.893    1447.45     35.000     34.661    -0.1972    -0.1973    -0.0002    -0.1983    -0.1985    -0.0002   2.826574   2.826615   0.000041    34.1756    34.1763     7.4726    27.4506    27.4512    34.1756    27.4506    1447.69    1447.69    -0.1983  1027.6222    34.3406 0.0000e+00
       1603 313.813296  -62.18567  -58.05442      0.778    1447.45     36.000     35.651    -0.1976    -0.1980    -0.0003    -0.1988    -0.1992    -0.0003   2.826602   2.826616   0.000014    34.1759    34.1764     7.4760    27.4509    27.4513    34.1759    27.4509    1447.71    1447.71    -0.1988  1027.6272    34.3409 0.0000e+00
       1633 313.813310  -62.18566  -58.05442      0.791    1447.45     37.000     36.642    -0.1959    -0.1952     0.0007    -0.1971    -0.1964     0.0007   2.826781   2.826872   0.000094    34.1754    34.1758     7.4773    27.4504    27.4507    34.1756    27.4506    1447.73    1447.74    -0.1971  1027.6317    34.3407 0.0000e+00
       1659 313.813323  -62.18566  -58.05442      0.874    1447.45     38.000     37.632    -0.1941    -0.1952    -0.0011    -0.1953    -0.1964    -0.0011   2.826927   2.826901  -0.000026    34.1748    34.1757     7.4773    27.4498    27.4506    34.1750    27.4500    1447.76    1447.75    -0.1953  1027.6359    34.3400 0.0000e+00
       1682 313.813334  -62.18566  -58.05442      0.980    1447.45     39.000     38.622    -0.1934    -0.1919     0.0014    -0.1947    -0.1932     0.0014   2.827060   2.827189   0.000120    34.1748    34.1748     7.4731    27.4498    27.4498    34.1753    27.4502    1447.78    1447.78    -0.1947  1027.6409    34.3404 0.0000e+00
       1705 313.813345  -62.18566  -58.05442      1.045    1447.45     40.000     39.612    -0.1907    -0.1911    -0.0004    -0.1920    -0.1924    -0.0004   2.827207   2.827199  -0.000002    34.1737    34.1741     7.4761    27.4488    27.4491    34.1737    27.4487    1447.80    1447.80    -0.1920  1027.6442    34.3387 0.0000e+00
       1729 313.813356  -62.18566  -58.05442      1.030    1447.45     41.000     40.603    -0.1920    -0.1913     0.0007    -0.1933    -0.1926     0.0007   2.827199   2.827271   0.000071    34.1741    34.1742     7.4787    27.4492    27.4493    34.1744    27.4494    1447.81    1447.82    -0.1933  1027.6493    34.3390 0.0000e+00
       1753 313.813368 -9.990e-29  -58.05442      1.009    1447.45     42.000     41.593    -0.1911    -0.1914    -0.0004    -0.1924    -0.1928    -0.0004   2.827268   2.827294   0.000022    34.1737    34.1743     7.4765    27.4487    27.4493    34.1737    27.4488    1447.83    1447.83    -0.1925  1027.6506    34.3348 0.0000e+00
       1777 313.813380 -9.990e-29  -58.05442      0.979    1447.45     43.000     42.583    -0.1924    -0.1933    -0.0009    -0.1938    -0.1947    -0.0009   2.827247   2.827198  -0.000026    34.1743    34.1751     7.4804    27.4494    27.4500    34.1743    27.4493    1447.84    1447.84    -0.1938  1027.6560    34.3354 0.0000e+00
       1803 313.813392 -9.990e-29  -58.05442      0.948    1447.45     44.000     43.573    -0.2040    -0.2068    -0.0028    -0.2054    -0.2082    -0.0028   2.826539   2.826426  -0.000128    34.1784    34.1799     7.4773    27.4533    27.4546    34.1772    27.4523    1447.81    1447.80    -0.2054  1027.6637    34.3384 0.0000e+00
       1828 313.813404  -62.18564  -58.05442      0.937    1447.45     45.000     44.563    -0.2060    -0.2073    -0.0013    -0.2075    -0.2088    -0.0013   2.826594   2.826529  -0.000038    34.1792    34.1802     7.4838    27.4540    27.4548    34.1796    27.4543    1447.82    1447.81    -0.2075  1027.6709    34.3413 0.0000e+00
       1852 313.813416  -62.18564  -58.05442      0.978    1447.45     46.000     45.553    -0.2123    -0.2161    -0.0038    -0.2138    -0.2176    -0.0038   2.826041   2.825867  -0.000189    34.1807    34.1825     7.4754    27.4555    27.4571    34.1787    27.4538    1447.81    1447.79    -0.2138  1027.6780    34.3438 0.0000e+00
       1876 313.813427  -62.18564  -58.05444      1.019    1447.45     47.000     46.544    -0.2273    -0.2273     0.0000    -0.2289    -0.2289     0.0000   2.825284   2.825309   0.000023    34.1859    34.1862     7.4705    27.4604    27.4607    34.1848    27.4596    1447.76    1447.76    -0.2288  1027.6886    34.3500 0.0000e+00
       1901 313.813440  -62.18564  -58.05442      0.984    1447.45     48.000     47.534    -0.2293    -0.2301    -0.0008    -0.2309    -0.2316    -0.0008   2.825159   2.825136  -0.000019    34.1857    34.1864     7.4590    27.4604    27.4609    34.1848    27.4596    1447.77    1447.77    -0.2308  1027.6934    34.3500 0.0000e+00
