Pos-Processados/process_op41/operantar41_003.ros
* Sea-Bird SBE 9 Data File:
* FileName = C:\Users\Dell\Desktop\Operantar XLI\Raw\OP41003.hdr
* Software Version Seasave V 7.26.7.110
* Temperature SN = 6497
* Conductivity SN = 4954
* Number of Bytes Per Scan = 31
* Number of Voltage Words = 2
* Number of Scans Averaged by the Deck Unit = 1
* NMEA Latitude = 37 44.65 S
* NMEA Longitude = 048 37.45 W
* NMEA UTC (Time) = Oct 18 2022 02:57:07
* NMEA baud rate = 4800
** H41
** Navio Polar Almirante Maximiano
** LH-021/2022
** Operantar XLI
** Número da Estação 003
** Latitude 37ª44.632S
** Longitude 048ª37.496W
** Data/Hora (Z) 18/10/2022 0257Z
** Profundidade local 5500
** 09-1439
** Nome do Operador 1T FILIPE LOPES
# nquan = 24
# nvalues = 1765                                  
# units = specified
# name 0 = scan: Scan Count
# name 1 = timeJ: Julian Days
# name 2 = latitude: Latitude [deg]
# name 3 = longitude: Longitude [deg]
# name 4 = dz/dtM: Descent Rate [m/s]
# name 5 = avgsvCM: Average Sound Velocity [Chen-Millero, m/s]
# name 6 = prDM: Pressure, Digiquartz [db]
# name 7 = depSM: Depth [salt water, m]
# name 8 = t090C: Temperature [ITS-90, deg C]
# name 9 = t190C: Temperature, 2 [ITS-90, deg C]
# name 10 = T2-T190C: Temperature Difference, 2 - 1 [ITS-90, deg C]
# name 11 = potemp090C: Potential Temperature [ITS-90, deg C]
# name 12 = potemp190C: Potential Temperature, 2 [ITS-90, deg C]
# name 13 = potemp90Cdiff: Potential Temperature, Diff, 2 - 1 [ITS-90, deg C]
# name 14 = c0S/m: Conductivity [S/m]
# name 15 = c1S/m: Conductivity, 2 [S/m]
# name 16 = C2-C1S/m: Conductivity Difference, 2 - 1 [S/m]
# name 17 = sal00: Salinity, Practical [PSU]
# name 18 = sal11: Salinity, Practical, 2 [PSU]
# name 19 = sbeox0ML/L: Oxygen, SBE 43 [ml/l]
# name 20 = sigma-é00: Density [sigma-theta, kg/m^3]
# name 21 = sigma-é11: Density, 2 [sigma-theta, kg/m^3]
# name 22 = nbf: Bottles Fired
# name 23 = flag:  0.000e+00
# interval = seconds: 0.0416667
# start_time = Oct 18 2022 02:57:07 [NMEA time, header]
# bad_flag = -9.990e-29
*END*
[from data line 725]
      58923 291.151413  -37.74754  -48.61834     -0.324    1488.80     39.625     39.326    14.1107    14.1115     0.0008    14.1049    14.1058     0.0008   4.241576   4.241555  -0.000022    35.3282    35.3272     5.6099    26.4186    26.4177         12  0.000e+00
      58924 291.151413  -37.74754  -48.61834     -0.328    1488.80     39.545     39.246    14.1108    14.1115     0.0007    14.1051    14.1058     0.0007   4.241616   4.241588  -0.000028    35.3284    35.3275     5.6094    26.4188    26.4180         12  0.000e+00
      58925 291.151414  -37.74754  -48.61834     -0.333    1488.80     39.609     39.310    14.1106    14.1114     0.0008    14.1048    14.1056     0.0008   4.241622   4.241628   0.000006    35.3287    35.3280     5.6091    26.4190    26.4183         12  0.000e+00
      58926 291.151414  -37.74754  -48.61834     -0.337    1488.80     39.609     39.310    14.1107    14.1115     0.0008    14.1049    14.1057     0.0008   4.241596   4.241615   0.000019    35.3284    35.3278     5.6048    26.4188    26.4182         12  0.000e+00
      58927 291.151415  -37.74754  -48.61834     -0.340    1488.80     39.545     39.246    14.1107    14.1114     0.0007    14.1049    14.1056     0.0007   4.241629   4.241628 -6.852e-07    35.3287    35.3280     5.6040    26.4190    26.4184         12  0.000e+00
      58928 291.151415  -37.74754  -48.61834     -0.343    1488.80     39.569     39.270    14.1106    14.1115     0.0009    14.1048    14.1058     0.0009   4.241622   4.241635   0.000013    35.3287    35.3280     5.6038    26.4191    26.4183         12  0.000e+00
      58929 291.151416  -37.74754  -48.61834     -0.349    1488.80     39.489     39.190    14.1110    14.1116     0.0007    14.1053    14.1059     0.0007   4.241636   4.241615  -0.000021    35.3285    35.3277     5.6036    26.4188    26.4180         12  0.000e+00
      58930 291.151416  -37.74754  -48.61834     -0.350    1488.80     39.545     39.246    14.1112    14.1117     0.0005    14.1054    14.1059     0.0005   4.241655   4.241602  -0.000054    35.3285    35.3275     5.6035    26.4187    26.4179         12  0.000e+00
      58931 291.151417  -37.74754  -48.61834     -0.361    1488.80     39.424     39.126    14.1111    14.1117     0.0006    14.1054    14.1060     0.0006   4.241629   4.241602  -0.000027    35.3284    35.3275     5.6030    26.4187    26.4179         12  0.000e+00
      58932 291.151417  -37.74754  -48.61834     -0.358    1488.80     39.489     39.190    14.1113    14.1119     0.0005    14.1056    14.1061     0.0005   4.241662   4.241628  -0.000034    35.3284    35.3276     5.6026    26.4187    26.4179         12  0.000e+00
      58933 291.151418  -37.74754  -48.61834     -0.364    1488.80     39.448     39.150    14.1110    14.1116     0.0007    14.1053    14.1059     0.0007   4.241662   4.241669   0.000006    35.3287    35.3282     5.6022    26.4190    26.4184         12  0.000e+00
      58934 291.151418  -37.74754  -48.61834     -0.366    1488.80     39.489     39.190    14.1112    14.1117     0.0005    14.1054    14.1060     0.0005   4.241662   4.241588  -0.000074    35.3286    35.3274     5.6020    26.4188    26.4178         12  0.000e+00
      58935 291.151419  -37.74754  -48.61834     -0.366    1488.80     39.424     39.126    14.1113    14.1117     0.0004    14.1055    14.1060     0.0004   4.241669   4.241595  -0.000074    35.3286    35.3275     5.6017    26.4188    26.4179         12  0.000e+00
      58936 291.151419  -37.74754  -48.61834     -0.373    1488.80     39.368     39.071    14.1116    14.1117     0.0000    14.1059    14.1060     0.0000   4.241688   4.241575  -0.000114    35.3284    35.3273     5.5973    26.4186    26.4177         12  0.000e+00
      58937 291.151420  -37.74754  -48.61834     -0.377    1488.80     39.368     39.071    14.1118    14.1113    -0.0005    14.1061    14.1056    -0.0005   4.241735   4.241568  -0.000167    35.3287    35.3276     5.5968    26.4188    26.4180         12  0.000e+00
      58938 291.151420  -37.74754  -48.61834     -0.374    1488.80     39.449     39.151    14.1114    14.1115     0.0001    14.1057    14.1058     0.0001   4.241735   4.241588  -0.000147    35.3290    35.3276     5.5968    26.4191    26.4180         12  0.000e+00
      58939 291.151421  -37.74754  -48.61834     -0.377    1488.80     39.368     39.071    14.1116    14.1114    -0.0003    14.1059    14.1057    -0.0003   4.241755   4.241521  -0.000233    35.3290    35.3271     5.5967    26.4191    26.4176         12  0.000e+00
      58940 291.151421  -37.74754  -48.61834     -0.378    1488.80     39.368     39.071    14.1115    14.1115    -0.0000    14.1058    14.1057    -0.0000   4.241748   4.241086  -0.000662    35.3291    35.3230     5.5964    26.4192    26.4144         12  0.000e+00
      58941 291.151422  -37.74754  -48.61834     -0.377    1488.80     39.368     39.071    14.1118    14.1117    -0.0001    14.1061    14.1060    -0.0001   4.241735   4.241441  -0.000294    35.3287    35.3261     5.5962    26.4188    26.4168         12  0.000e+00
      58942 291.151422  -37.74754  -48.61834     -0.379    1488.80     39.312     39.015    14.1116    14.1117     0.0000    14.1059    14.1060     0.0000   4.241735   4.241628  -0.000106    35.3289    35.3278     5.5960    26.4189    26.4181         12  0.000e+00
      58943 291.151423  -37.74754  -48.61834     -0.377    1488.80     39.328     39.031    14.1115    14.1115    -0.0000    14.1058    14.1058    -0.0000   4.241741   4.241615  -0.000126    35.3291    35.3279     5.5959    26.4191    26.4182         12  0.000e+00
      58944 291.151423  -37.74754  -48.61834     -0.375    1488.80     39.312     39.015    14.1116    14.1115    -0.0001    14.1059    14.1058    -0.0001   4.241788   4.241575  -0.000213    35.3294    35.3276     5.5958    26.4194    26.4180         12  0.000e+00
      58945 291.151424  -37.74754  -48.61834     -0.374    1488.80     39.312     39.015    14.1122    14.1115    -0.0007    14.1065    14.1058    -0.0007   4.241827   4.241588  -0.000239    35.3293    35.3276     5.5921    26.4191    26.4180         12  0.000e+00
      58946 291.151424  -37.74754  -48.61834     -0.378    1488.80     39.247     38.951    14.1123    14.1117    -0.0007    14.1067    14.1060    -0.0007   4.241821   4.241662  -0.000159    35.3291    35.3282     5.5921    26.4189    26.4184         12  0.000e+00
      58947 291.151425  -37.74754  -48.61834     -0.374    1488.80     39.312     39.015    14.1125    14.1117    -0.0008    14.1068    14.1060    -0.0008   4.241834   4.241648  -0.000185    35.3290    35.3280     5.5964    26.4189    26.4183         12  0.000e+00
      58948 291.151425  -37.74754  -48.61834     -0.371    1488.80     39.272     38.975    14.1126    14.1115    -0.0012    14.1069    14.1058    -0.0012   4.241821   4.241608  -0.000212    35.3288    35.3279     5.5966    26.4187    26.4182         12  0.000e+00
      58949 291.151426  -37.74754  -48.61834     -0.371    1488.80     39.248     38.951    14.1128    14.1120    -0.0008    14.1071    14.1064    -0.0008   4.241860   4.241682  -0.000178    35.3290    35.3280     5.5968    26.4188    26.4182         12  0.000e+00
      58950 291.151426  -37.74754  -48.61834     -0.365    1488.80     39.248     38.951    14.1125    14.1120    -0.0004    14.1068    14.1064    -0.0004   4.241880   4.241655  -0.000225    35.3295    35.3278     5.5972    26.4192    26.4180         12  0.000e+00
      58951 291.151427  -37.74754  -48.61834     -0.368    1488.80     39.191     38.895    14.1128    14.1118    -0.0010    14.1071    14.1061    -0.0010   4.241893   4.241615  -0.000278    35.3294    35.3276     5.5972    26.4191    26.4180         12  0.000e+00
      58952 291.151427  -37.74754  -48.61834     -0.362    1488.80     39.248     38.951    14.1130    14.1119    -0.0011    14.1073    14.1062    -0.0011   4.241906   4.241601  -0.000305    35.3292    35.3275     5.5977    26.4189    26.4178         12  0.000e+00
      58953 291.151427  -37.74754  -48.61834     -0.356    1488.80     39.272     38.975    14.1130    14.1119    -0.0011    14.1073    14.1062    -0.0011   4.241854   4.241628  -0.000225    35.3287    35.3277     5.6020    26.4186    26.4180         12  0.000e+00
      58954 291.151428  -37.74754  -48.61834     -0.350    1488.80     39.191     38.895    14.1128    14.1119    -0.0010    14.1071    14.1062    -0.0010   4.241821   4.241668  -0.000152    35.3286    35.3281     5.5988    26.4185    26.4183         12  0.000e+00
      58955 291.151428  -37.74754  -48.61834     -0.350    1488.80     39.191     38.895    14.1126    14.1118    -0.0008    14.1069    14.1061    -0.0008   4.241860   4.241622  -0.000239    35.3292    35.3277     5.5994    26.4190    26.4180         12  0.000e+00
      58956 291.151429  -37.74754  -48.61834     -0.345    1488.80     39.191     38.895    14.1130    14.1117    -0.0013    14.1073    14.1060    -0.0013   4.241847   4.241628  -0.000219    35.3287    35.3279     5.6001    26.4185    26.4182         13  0.000e+00
      58957 291.151429  -37.74754  -48.61834     -0.335    1488.80     39.272     38.975    14.1128    14.1119    -0.0010    14.1071    14.1062    -0.0010   4.241854   4.241635  -0.000219    35.3289    35.3278     5.6005    26.4187    26.4180         13  0.000e+00
      58958 291.151430  -37.74754  -48.61834     -0.334    1488.80     39.127     38.831    14.1128    14.1120    -0.0007    14.1071    14.1064    -0.0007   4.241873   4.241668  -0.000205    35.3292    35.3280     5.6008    26.4190    26.4181         13  0.000e+00
      58959 291.151430  -37.74754  -48.61834     -0.331    1488.80     39.127     38.831    14.1128    14.1118    -0.0010    14.1071    14.1061    -0.0010   4.241893   4.241588  -0.000305    35.3293    35.3274     5.6053    26.4191    26.4178         13  0.000e+00
      58960 291.151431  -37.74754  -48.61834     -0.322    1488.80     39.248     38.951    14.1127    14.1120    -0.0006    14.1070    14.1064    -0.0006   4.241906   4.241648  -0.000258    35.3295    35.3277     5.6059    26.4192    26.4180         13  0.000e+00
      58961 291.151431  -37.74754  -48.61834     -0.316    1488.80     39.127     38.831    14.1126    14.1122    -0.0004    14.1070    14.1065    -0.0004   4.241887   4.241648  -0.000238    35.3295    35.3276     5.6026    26.4192    26.4179         13  0.000e+00
      58962 291.151432  -37.74754  -48.61834     -0.313    1488.80     39.151     38.855    14.1128    14.1119    -0.0010    14.1071    14.1062    -0.0010   4.241893   4.241581  -0.000312    35.3293    35.3273     5.6072    26.4190    26.4177         13  0.000e+00
      58963 291.151432  -37.74754  -48.61834     -0.303    1488.80     39.191     38.895    14.1125    14.1120    -0.0005    14.1068    14.1063    -0.0005   4.241854   4.241648  -0.000205    35.3293    35.3278     5.6079    26.4191    26.4180         13  0.000e+00
      58964 291.151433  -37.74754  -48.61834     -0.300    1488.80     39.127     38.832    14.1122    14.1119    -0.0003    14.1065    14.1062    -0.0003   4.241781   4.241622  -0.000159    35.3289    35.3277     5.6088    26.4189    26.4180         13  0.000e+00
      58965 291.151433  -37.74754  -48.61834     -0.291    1488.80     39.192     38.895    14.1119    14.1120     0.0001    14.1062    14.1064     0.0001   4.241728   4.241662  -0.000066    35.3286    35.3279     5.6095    26.4187    26.4181         13  0.000e+00
      58966 291.151434  -37.74754  -48.61834     -0.285    1488.80     39.127     38.832    14.1118    14.1118    -0.0000    14.1062    14.1061    -0.0000   4.241695   4.241622  -0.000073    35.3284    35.3277     5.6101    26.4185    26.4180         13  0.000e+00
      58967 291.151434  -37.74754  -48.61834     -0.275    1488.80     39.151     38.856    14.1118    14.1119     0.0000    14.1062    14.1062     0.0000   4.241695   4.241628  -0.000067    35.3284    35.3277     5.6148    26.4185    26.4180         13  0.000e+00
      58968 291.151435  -37.74754  -48.61834     -0.269    1488.80     39.127     38.832    14.1116    14.1119     0.0003    14.1059    14.1062     0.0003   4.241675   4.241668  -0.000007    35.3284    35.3281     5.6158    26.4186    26.4183         13  0.000e+00
      58969 291.151435  -37.74754  -48.61834     -0.266    1488.80     39.127     38.832    14.1116    14.1120     0.0004    14.1060    14.1064     0.0004   4.241715   4.241648  -0.000066    35.3288    35.3278     5.6168    26.4189    26.4180         13  0.000e+00
      58970 291.151436  -37.74754  -48.61834     -0.254    1488.80     39.127     38.832    14.1115    14.1120     0.0005    14.1058    14.1063     0.0005   4.241688   4.241635  -0.000053    35.3286    35.3277     5.6174    26.4188    26.4179         13  0.000e+00
      58971 291.151436  -37.74754  -48.61834     -0.251    1488.80     39.071     38.776    14.1118    14.1120     0.0003    14.1061    14.1064     0.0003   4.241741   4.241668  -0.000073    35.3289    35.3280     5.6183    26.4189    26.4182         13  0.000e+00
      58972 291.151437  -37.74754  -48.61834     -0.242    1488.80     39.151     38.856    14.1120    14.1122     0.0002    14.1063    14.1065     0.0002   4.241768   4.241648  -0.000119    35.3289    35.3276     5.6193    26.4189    26.4179         13  0.000e+00
      58973 291.151437  -37.74754  -48.61834     -0.237    1488.80     39.127     38.832    14.1123    14.1122    -0.0002    14.1067    14.1065    -0.0002   4.241781   4.241642  -0.000139    35.3287    35.3276     5.6202    26.4187    26.4178         13  0.000e+00
      58974 291.151438  -37.74754  -48.61834     -0.227    1488.80     39.127     38.832    14.1123    14.1121    -0.0002    14.1067    14.1065    -0.0002   4.241854   4.241662  -0.000192    35.3294    35.3278     5.6212    26.4192    26.4180         13  0.000e+00
      58975 291.151438  -37.74754  -48.61834     -0.220    1488.80     39.071     38.776    14.1131    14.1122    -0.0009    14.1074    14.1065    -0.0009   4.241847   4.241756  -0.000091    35.3287    35.3287     5.6257    26.4185    26.4187         13  0.000e+00
      58976 291.151439  -37.74754  -48.61834     -0.212    1488.80     39.127     38.832    14.1131    14.1124    -0.0008    14.1075    14.1067    -0.0008   4.241854   4.241729  -0.000125    35.3287    35.3282     5.6307    26.4185    26.4183         13  0.000e+00
      58977 291.151439  -37.74754  -48.61834     -0.204    1488.80     39.087     38.792    14.1131    14.1123    -0.0008    14.1075    14.1067    -0.0008   4.241926   4.241655  -0.000271    35.3294    35.3276     5.6319    26.4190    26.4178         13  0.000e+00
      58978 291.151440  -37.74754  -48.61834     -0.197    1488.80     39.127     38.832    14.1133    14.1124    -0.0009    14.1076    14.1067    -0.0009   4.241933   4.241722  -0.000211    35.3293    35.3282     5.6332    26.4189    26.4182         13  0.000e+00
      58979 291.151440  -37.74754  -48.61834     -0.185    1488.80     39.127     38.832    14.1137    14.1124    -0.0013    14.1080    14.1067    -0.0013   4.241972   4.241776  -0.000197    35.3293    35.3287     5.6343    26.4188    26.4186         13  0.000e+00
      58980 291.151440  -37.74754  -48.61834     -0.181    1488.80     39.128     38.832    14.1135    14.1127    -0.0008    14.1078    14.1070    -0.0008   4.241906   4.241789  -0.000117    35.3288    35.3285     5.6354    26.4185    26.4184         13  0.000e+00
      58981 291.151441  -37.74754  -48.61834     -0.177    1488.80     39.031     38.736    14.1136    14.1128    -0.0008    14.1080    14.1072    -0.0008   4.241834   4.241729  -0.000105    35.3281    35.3279     5.6364    26.4179    26.4179         13  0.000e+00
