Pos-Processados/process_op41/operantar41_017.ros
* Sea-Bird SBE 9 Data File:
* FileName = C:\Users\Dell\Desktop\OperantarXLI\config\00_BRUTOS\OPE41017.hdr
* Software Version Seasave V 7.26.7.110
* Temperature SN = 6497
* Conductivity SN = 4954
* Number of Bytes Per Scan = 34
* Number of Voltage Words = 3
* Number of Scans Averaged by the Deck Unit = 1
* NMEA Latitude = 62 13.33 S
* NMEA Longitude = 058 12.09 W
* NMEA UTC (Time) = Nov 09 2022 17:12:58
* NMEA baud rate = 4800
** H41
** Navio Polar Almirante Maximiano
** LH-021/2022
** Operantar XLI
** Número da Estação 017
** Latitude 62 13.278'S
** Longitude 058 12.242'W
** Data/Hora (Z) 09/11/2022 1710Z
** Profundidade local 350 m
** 09-1439
** Nome do Operador CT Garla
# nquan = 24
# nvalues = 839                                   
# units = specified
# name 0 = scan: Scan Count
# name 1 = timeJ: Julian Days
# name 2 = latitude: Latitude [deg]
# name 3 = longitude: Longitude [deg]
# name 4 = dz/dtM: Descent Rate [m/s]
# name 5 = avgsvCM: Average Sound Velocity [Chen-Millero, m/s]
# name 6 = prDM: Pressure, Digiquartz [db]
# name 7 = depSM: Depth [salt water, m]
# name 8 = t090C: Temperature [ITS-90, deg C]
# name 9 = t190C: Temperature, 2 [ITS-90, deg C]
# name 10 = T2-T190C: Temperature Difference, 2 - 1 [ITS-90, deg C]
# name 11 = potemp090C: Potential Temperature [ITS-90, deg C]
# name 12 = potemp190C: Potential Temperature, 2 [ITS-90, deg C]
# name 13 = potemp90Cdiff: Potential Temperature, Diff, 2 - 1 [ITS-90, deg C]
# name 14 = c0S/m: Conductivity [S/m]
# name 15 = c1S/m: Conductivity, 2 [S/m]
# name 16 = C2-C1S/m: Conductivity Difference, 2 - 1 [S/m]
# name 17 = sal00: Salinity, Practical [PSU]
# name 18 = sal11: Salinity, Practical, 2 [PSU]
# name 19 = sbeox0ML/L: Oxygen, SBE 43 [ml/l]
# name 20 = sigma-é00: Density [sigma-theta, kg/m^3]
# name 21 = sigma-é11: Density, 2 [sigma-theta, kg/m^3]
# name 22 = nbf: Bottles Fired
# name 23 = flag:  0.000e+00
# interval = seconds: 0.0416667
# start_time = Nov 09 2022 17:12:58 [NMEA time, header]
# bad_flag = -9.990e-29
*END*
[from data line 182]
      29720 313.731670  -62.22288  -58.18474     -0.041    1451.72      1.204      1.192    -0.1457    -0.1459    -0.0002    -0.1457    -0.1459    -0.0002   2.830034   2.830054   0.000021    34.1846    34.1851     7.4904    27.4554    27.4557          1  0.000e+00
      29721 313.731671  -62.22288  -58.18474     -0.064    1451.72      1.139      1.128    -0.1458    -0.1459    -0.0001    -0.1458    -0.1459    -0.0001   2.830045   2.830083   0.000038    34.1849    34.1855     7.4903    27.4556    27.4561          1  0.000e+00
      29722 313.731671  -62.22288  -58.18474     -0.083    1451.72      1.139      1.128    -0.1455    -0.1459    -0.0003    -0.1456    -0.1459    -0.0003   2.830056   2.830077   0.000021    34.1848    34.1854     7.4903    27.4555    27.4560          1  0.000e+00
      29723 313.731671  -62.22288  -58.18474     -0.100    1451.72      1.188      1.176    -0.1455    -0.1457    -0.0002    -0.1456    -0.1458    -0.0002   2.830034   2.830066   0.000032    34.1845    34.1851     7.4966    27.4552    27.4557          1  0.000e+00
      29724 313.731672  -62.22288  -58.18474     -0.122    1451.72      1.083      1.073    -0.1455    -0.1460    -0.0005    -0.1455    -0.1460    -0.0005   2.830039   2.830066   0.000026    34.1845    34.1854     7.4912    27.4552    27.4560          1  0.000e+00
      29725 313.731672  -62.22288  -58.18474     -0.136    1451.72      1.139      1.128    -0.1455    -0.1460    -0.0004    -0.1456    -0.1460    -0.0004   2.830011   2.830043   0.000032    34.1842    34.1851     7.4912    27.4550    27.4557          1  0.000e+00
      29726 313.731673  -62.22288  -58.18474     -0.150    1451.72      1.139      1.128    -0.1455    -0.1459    -0.0003    -0.1456    -0.1459    -0.0003   2.830062   2.830106   0.000044    34.1849    34.1858     7.4912    27.4555    27.4563          1  0.000e+00
      29727 313.731673  -62.22288  -58.18474     -0.173    1451.72      1.027      1.017    -0.1453    -0.1460    -0.0007    -0.1453    -0.1460    -0.0007   2.830062   2.830077   0.000015    34.1847    34.1856     7.4910    27.4554    27.4562          1  0.000e+00
      29728 313.731674  -62.22288  -58.18474     -0.186    1451.72      1.083      1.073    -0.1454    -0.1460    -0.0006    -0.1454    -0.1460    -0.0006   2.830056   2.830043  -0.000013    34.1847    34.1851     7.4910    27.4554    27.4558          1  0.000e+00
      29729 313.731674  -62.22288  -58.18474     -0.204    1451.72      1.027      1.017    -0.1455    -0.1462    -0.0007    -0.1456    -0.1462    -0.0007   2.830056   2.830020  -0.000036    34.1849    34.1851     7.4972    27.4555    27.4558          1  0.000e+00
      29730 313.731675  -62.22288  -58.18474     -0.215    1451.72      1.083      1.073    -0.1455    -0.1461    -0.0006    -0.1456    -0.1462    -0.0006   2.830034   2.830037   0.000003    34.1845    34.1853     7.4982    27.4552    27.4559          1  0.000e+00
      29866 313.731740  -62.22286  -58.18464     -0.211    1451.72      1.083      1.073    -0.1457    -0.1459    -0.0002    -0.1457    -0.1459    -0.0002   2.830090   2.830106   0.000016    34.1855    34.1859     7.4885    27.4560    27.4563          2  0.000e+00
      29867 313.731741  -62.22286  -58.18464     -0.220    1451.72      1.027      1.017    -0.1459    -0.1460    -0.0000    -0.1460    -0.1460    -0.0000   2.830068   2.830094   0.000027    34.1855    34.1859     7.4883    27.4560    27.4564          2  0.000e+00
      29868 313.731741  -62.22286  -58.18464     -0.229    1451.72      1.083      1.073    -0.1459    -0.1457     0.0001    -0.1459    -0.1458     0.0001   2.830085   2.830094   0.000010    34.1856    34.1856     7.4891    27.4561    27.4561          2  0.000e+00
      29869 313.731742  -62.22286  -58.18464     -0.240    1451.72      1.027      1.017    -0.1459    -0.1459     0.0000    -0.1459    -0.1459     0.0000   2.830045   2.830152   0.000107    34.1851    34.1865     7.4890    27.4557    27.4569          2  0.000e+00
      29870 313.731742  -62.22286  -58.18464     -0.246    1451.72      1.027      1.017    -0.1459    -0.1457     0.0002    -0.1459    -0.1457     0.0002   2.830068   2.830152   0.000084    34.1854    34.1863     7.4888    27.4560    27.4567          2  0.000e+00
      29871 313.731743  -62.22286  -58.18464     -0.255    1451.72      1.027      1.017    -0.1451    -0.1455    -0.0004    -0.1451    -0.1456    -0.0004   2.830039   2.830071   0.000032    34.1842    34.1851     7.4885    27.4549    27.4557          2  0.000e+00
      29872 313.731743  -62.22286  -58.18464     -0.256    1451.72      1.067      1.057    -0.1449    -0.1455    -0.0006    -0.1450    -0.1456    -0.0006   2.830107   2.830100  -0.000007    34.1848    34.1854     7.4883    27.4555    27.4560          2  0.000e+00
      29873 313.731744  -62.22286  -58.18464     -0.263    1451.72      0.962      0.953    -0.1448    -0.1457    -0.0009    -0.1448    -0.1457    -0.0009   2.830152   2.830134  -0.000018    34.1853    34.1861     7.4880    27.4559    27.4565          2  0.000e+00
      29874 313.731744  -62.22286  -58.18464     -0.266    1451.72      1.083      1.073    -0.1444    -0.1457    -0.0014    -0.1444    -0.1458    -0.0014   2.830197   2.830123  -0.000074    34.1854    34.1860     7.4878    27.4559    27.4564          2  0.000e+00
      29875 313.731745  -62.22286  -58.18464     -0.274    1451.72      0.962      0.953    -0.1442    -0.1459    -0.0017    -0.1442    -0.1459    -0.0017   2.830231   2.830100  -0.000131    34.1857    34.1859     7.4875    27.4561    27.4563          2  0.000e+00
      29876 313.731745  -62.22286  -58.18462     -0.277    1451.72      0.962      0.953    -0.1445    -0.1457    -0.0012    -0.1445    -0.1457    -0.0012   2.830242   2.830112  -0.000131    34.1862    34.1858     7.4874    27.4565    27.4563          2  0.000e+00
      29877 313.731746  -62.22286  -58.18462     -0.276    1451.72      1.083      1.073    -0.1433    -0.1457    -0.0024    -0.1433    -0.1457    -0.0024   2.830271   2.830100  -0.000171    34.1852    34.1856     7.4871    27.4557    27.4561          2  0.000e+00
      29878 313.731746  -62.22286  -58.18462     -0.274    1451.72      1.083      1.073    -0.1429    -0.1457    -0.0027    -0.1430    -0.1457    -0.0027   2.830248   2.830094  -0.000154    34.1845    34.1855     7.4869    27.4551    27.4561          2  0.000e+00
      29879 313.731747  -62.22286  -58.18462     -0.274    1451.72      0.962      0.953    -0.1432    -0.1457    -0.0025    -0.1433    -0.1457    -0.0025   2.830282   2.830077  -0.000205    34.1853    34.1854     7.4866    27.4558    27.4559          2  0.000e+00
      29880 313.731747  -62.22286  -58.18462     -0.270    1451.72      1.083      1.073    -0.1435    -0.1457    -0.0023    -0.1435    -0.1458    -0.0023   2.830231   2.830106  -0.000125    34.1848    34.1857     7.4867    27.4554    27.4562          2  0.000e+00
      29881 313.731748  -62.22286  -58.18462     -0.272    1451.72      0.962      0.953    -0.1440    -0.1457    -0.0017    -0.1440    -0.1457    -0.0017   2.830175   2.830117  -0.000057    34.1848    34.1859     7.4865    27.4554    27.4564          2  0.000e+00
      29882 313.731748  -62.22286  -58.18462     -0.262    1451.72      1.083      1.073    -0.1443    -0.1457    -0.0014    -0.1443    -0.1457    -0.0014   2.830164   2.830117  -0.000046    34.1849    34.1858     7.4865    27.4555    27.4563          2  0.000e+00
      29883 313.731749  -62.22286  -58.18462     -0.259    1451.72      1.011      1.001    -0.1444    -0.1455    -0.0012    -0.1444    -0.1456    -0.0012   2.830197   2.830100  -0.000097    34.1854    34.1854     7.4863    27.4559    27.4560          2  0.000e+00
      29884 313.731749  -62.22286  -58.18462     -0.254    1451.72      1.027      1.017    -0.1443    -0.1455    -0.0012    -0.1443    -0.1456    -0.0012   2.830214   2.830094  -0.000120    34.1856    34.1854     7.4871    27.4560    27.4559          2  0.000e+00
      29885 313.731750  -62.22286  -58.18462     -0.245    1451.72      1.083      1.073    -0.1442    -0.1455    -0.0013    -0.1442    -0.1456    -0.0013   2.830197   2.830129  -0.000069    34.1852    34.1858     7.4808    27.4557    27.4563          2  0.000e+00
      29886 313.731750  -62.22286  -58.18462     -0.238    1451.72      1.027      1.017    -0.1440    -0.1456    -0.0016    -0.1440    -0.1456    -0.0016   2.830237   2.830123  -0.000114    34.1856    34.1858     7.4869    27.4560    27.4563          2  0.000e+00
      29887 313.731751  -62.22286  -58.18462     -0.227    1451.72      1.083      1.073    -0.1433    -0.1457    -0.0024    -0.1433    -0.1457    -0.0024   2.830288   2.830083  -0.000205    34.1854    34.1854     7.4815    27.4558    27.4559          2  0.000e+00
      29888 313.731751  -62.22286  -58.18462     -0.218    1451.72      1.027      1.017    -0.1426    -0.1455    -0.0029    -0.1426    -0.1456    -0.0029   2.830355   2.830129  -0.000227    34.1856    34.1858     7.4813    27.4559    27.4563          2  0.000e+00
      29889 313.731752  -62.22286  -58.18462     -0.209    1451.72      1.027      1.017    -0.1415    -0.1455    -0.0040    -0.1416    -0.1456    -0.0040   2.830474   2.830146  -0.000328    34.1859    34.1860     7.4802    27.4562    27.4565          2  0.000e+00
      29890 313.731752  -62.22286  -58.18462     -0.198    1451.72      1.083      1.073    -0.1407    -0.1453    -0.0046    -0.1408    -0.1454    -0.0046   2.830547   2.830163  -0.000384    34.1860    34.1860     7.4793    27.4562    27.4565          2  0.000e+00
      29891 313.731753  -62.22286  -58.18462     -0.183    1451.72      1.083      1.073    -0.1404    -0.1452    -0.0048    -0.1405    -0.1453    -0.0048   2.830541   2.830180  -0.000361    34.1856    34.1861     7.4784    27.4558    27.4565          2  0.000e+00
      29892 313.731753  -62.22286  -58.18462     -0.171    1451.72      1.083      1.073    -0.1401    -0.1451    -0.0050    -0.1402    -0.1452    -0.0050   2.830553   2.830175  -0.000378    34.1854    34.1859     7.4839    27.4557    27.4564          2  0.000e+00
      29893 313.731753  -62.22286  -58.18462     -0.158    1451.72      1.083      1.073    -0.1401    -0.1453    -0.0053    -0.1401    -0.1454    -0.0053   2.830519   2.830192  -0.000327    34.1849    34.1864     7.4779    27.4553    27.4568          2  0.000e+00
      29894 313.731754  -62.22286  -58.18462     -0.145    1451.72      1.067      1.057    -0.1403    -0.1452    -0.0049    -0.1403    -0.1453    -0.0049   2.830513   2.830180  -0.000333    34.1851    34.1862     7.4772    27.4554    27.4566          2  0.000e+00
      29895 313.731754  -62.22286  -58.18462     -0.131    1451.72      1.083      1.073    -0.1406    -0.1453    -0.0047    -0.1406    -0.1454    -0.0047   2.830468   2.830157  -0.000311    34.1848    34.1860     7.4830    27.4552    27.4564          2  0.000e+00
      29896 313.731755  -62.22286  -58.18462     -0.116    1451.72      1.083      1.073    -0.1411    -0.1453    -0.0042    -0.1412    -0.1454    -0.0042   2.830434   2.830186  -0.000248    34.1849    34.1864     7.4771    27.4554    27.4567          2  0.000e+00
      29897 313.731755  -62.22286  -58.18462     -0.100    1451.72      1.139      1.128    -0.1421    -0.1451    -0.0029    -0.1422    -0.1451    -0.0029   2.830406   2.830197  -0.000209    34.1856    34.1862     7.4767    27.4560    27.4565          2  0.000e+00
      29898 313.731756  -62.22286  -58.18462     -0.088    1451.72      1.083      1.073    -0.1423    -0.1453    -0.0030    -0.1423    -0.1453    -0.0030   2.830384   2.830180  -0.000203    34.1856    34.1862     7.4762    27.4559    27.4566          2  0.000e+00
      29899 313.731756  -62.22286  -58.18462     -0.071    1451.72      1.139      1.128    -0.1428    -0.1451    -0.0022    -0.1429    -0.1451    -0.0022   2.830333   2.830197  -0.000135    34.1854    34.1862     7.4758    27.4559    27.4565          2  0.000e+00
      29900 313.731757  -62.22286  -58.18460     -0.054    1451.72      1.139      1.128    -0.1434    -0.1444    -0.0011    -0.1434    -0.1445    -0.0011   2.830259   2.830243  -0.000016    34.1851    34.1861     7.4755    27.4556    27.4564          2  0.000e+00
      29901 313.731757  -62.22286  -58.18460     -0.044    1451.72      1.083      1.073    -0.1437    -0.1444    -0.0007    -0.1437    -0.1445    -0.0007   2.830259   2.830289   0.000030    34.1855    34.1867     7.4750    27.4559    27.4570          2  0.000e+00
      29902 313.731758  -62.22286  -58.18460     -0.030    1451.72      1.139      1.128    -0.1436    -0.1444    -0.0009    -0.1436    -0.1445    -0.0009   2.830299   2.830220  -0.000079    34.1858    34.1858     7.4746    27.4562    27.4562          2  0.000e+00
      29903 313.731758  -62.22286  -58.18460     -0.015    1451.72      1.139      1.128    -0.1431    -0.1444    -0.0014    -0.1431    -0.1445    -0.0014   2.830338   2.830249  -0.000089    34.1858    34.1861     7.4741    27.4561    27.4565          2  0.000e+00
      29904 313.731759  -62.22286  -58.18460     -0.004    1451.72      1.139      1.128    -0.1431    -0.1445    -0.0014    -0.1431    -0.1445    -0.0014   2.830327   2.830295  -0.000032    34.1856    34.1868     7.4738    27.4560    27.4570          2  0.000e+00
      29905 313.731759  -62.22286  -58.18460      0.007    1451.72      1.131      1.120    -0.1432    -0.1444    -0.0012    -0.1433    -0.1445    -0.0012   2.830305   2.830243  -0.000061    34.1855    34.1861     7.4735    27.4560    27.4564          2  0.000e+00
      29906 313.731760  -62.22286  -58.18460      0.026    1451.72      1.260      1.248    -0.1435    -0.1441    -0.0006    -0.1435    -0.1441    -0.0006   2.830316   2.830243  -0.000073    34.1859    34.1856     7.4735    27.4562    27.4561          2  0.000e+00
      29907 313.731760  -62.22286  -58.18460      0.033    1451.72      1.139      1.128    -0.1435    -0.1441    -0.0006    -0.1436    -0.1441    -0.0006   2.830305   2.830238  -0.000067    34.1859    34.1856     7.4794    27.4562    27.4561          2  0.000e+00
      29908 313.731761  -62.22286  -58.18460      0.045    1451.72      1.204      1.192    -0.1434    -0.1438    -0.0005    -0.1434    -0.1439    -0.0005   2.830299   2.830289  -0.000010    34.1855    34.1859     7.4740    27.4560    27.4563          2  0.000e+00
      29909 313.731761  -62.22286  -58.18460      0.056    1451.72      1.204      1.192    -0.1433    -0.1437    -0.0004    -0.1433    -0.1437    -0.0004   2.830276   2.830323   0.000047    34.1852    34.1862     7.4738    27.4557    27.4565          2  0.000e+00
      29910 313.731762  -62.22286  -58.18460      0.066    1451.72      1.204      1.192    -0.1435    -0.1434     0.0001    -0.1436    -0.1435     0.0001   2.830271   2.830335   0.000064    34.1854    34.1861     7.4737    27.4558    27.4564          2  0.000e+00
      29911 313.731762  -62.22286  -58.18460      0.073    1451.72      1.139      1.128    -0.1435    -0.1432     0.0003    -0.1436    -0.1432     0.0003   2.830299   2.830341   0.000042    34.1858    34.1860     7.4736    27.4562    27.4563          2  0.000e+00
      29912 313.731763  -62.22286  -58.18460      0.081    1451.72      1.204      1.192    -0.1438    -0.1432     0.0006    -0.1438    -0.1432     0.0006   2.830259   2.830415   0.000156    34.1855    34.1869     7.4737    27.4559    27.4571          2  0.000e+00
      29913 313.731763  -62.22286  -58.18460      0.091    1451.72      1.260      1.248    -0.1437    -0.1429     0.0008    -0.1437    -0.1429     0.0008   2.830282   2.830398   0.000116    34.1857    34.1863     7.4737    27.4561    27.4565          3  0.000e+00
