Pos-Processados/process_op41/operantar41_021.ros
* Sea-Bird SBE 9 Data File:
* FileName = C:\Users\Dell\Desktop\OperantarXLI\config\00_BRUTOS\OPE41021.hdr
* Software Version Seasave V 7.26.7.110
* Temperature SN = 6497
* Conductivity SN = 4954
* Number of Bytes Per Scan = 34
* Number of Voltage Words = 3
* Number of Scans Averaged by the Deck Unit = 1
* NMEA Latitude = 62 21.63 S
* NMEA Longitude = 057 56.66 W
* NMEA UTC (Time) = Nov 11 2022 10:57:30
* NMEA baud rate = 4800
** H41
** Navio Polar Almirante Maximiano
** LH-021/2022
** Operantar XLI
** Número da Estação 021
** Latitude 62 21.943S
** Longitude 057 58.115W
** Data/Hora (Z) 11/11/2022  1100Z
** Profundidade local 1900
** 09-1439
** Nome do Operador 1T FILIPE LOPES
# nquan = 24
# nvalues = 1142                                  
# units = specified
# name 0 = scan: Scan Count
# name 1 = timeJ: Julian Days
# name 2 = latitude: Latitude [deg]
# name 3 = longitude: Longitude [deg]
# name 4 = dz/dtM: Descent Rate [m/s]
# name 5 = avgsvCM: Average Sound Velocity [Chen-Millero, m/s]
# name 6 = prDM: Pressure, Digiquartz [db]
# name 7 = depSM: Depth [salt water, m]
# name 8 = t090C: Temperature [ITS-90, deg C]
# name 9 = t190C: Temperature, 2 [ITS-90, deg C]
# name 10 = T2-T190C: Temperature Difference, 2 - 1 [ITS-90, deg C]
# name 11 = potemp090C: Potential Temperature [ITS-90, deg C]
# name 12 = potemp190C: Potential Temperature, 2 [ITS-90, deg C]
# name 13 = potemp90Cdiff: Potential Temperature, Diff, 2 - 1 [ITS-90, deg C]
# name 14 = c0S/m: Conductivity [S/m]
# name 15 = c1S/m: Conductivity, 2 [S/m]
# name 16 = C2-C1S/m: Conductivity Difference, 2 - 1 [S/m]
# name 17 = sal00: Salinity, Practical [PSU]
# name 18 = sal11: Salinity, Practical, 2 [PSU]
# name 19 = sbeox0ML/L: Oxygen, SBE 43 [ml/l]
# name 20 = sigma-é00: Density [sigma-theta, kg/m^3]
# name 21 = sigma-é11: Density, 2 [sigma-theta, kg/m^3]
# name 22 = nbf: Bottles Fired
# name 23 = flag:  0.000e+00
# interval = seconds: 0.0416667
# start_time = Nov 11 2022 10:57:30 [NMEA time, header]
# bad_flag = -9.990e-29
*END*
[from data line 785]
     118645 315.513814  -62.35268  -57.87976      0.358    1459.49    219.311    217.088    -0.5881    -0.5951    -0.0069    -0.5951    -0.6020    -0.0069   2.823437   2.822608  -0.000829    34.4621    34.4588     6.2365    27.7007    27.6983          9  0.000e+00
     118646 315.513814  -62.35268  -57.87976      0.346    1459.49    219.343    217.120    -0.5879    -0.5958    -0.0080    -0.5948    -0.6028    -0.0079   2.823477   2.822626  -0.000851    34.4622    34.4598     6.2419    27.7008    27.6992          9  0.000e+00
     118647 315.513815  -62.35268  -57.87976      0.332    1459.49    219.254    217.032    -0.5877    -0.5958    -0.0081    -0.5946    -0.6028    -0.0081   2.823437   2.822580  -0.000857    34.4616    34.4593     6.2351    27.7003    27.6988          9  0.000e+00
     118648 315.513815  -62.35268  -57.87976      0.321    1459.49    219.311    217.088    -0.5883    -0.5952    -0.0069    -0.5953    -0.6022    -0.0069   2.823516   2.822660  -0.000856    34.4633    34.4596     6.2342    27.7017    27.6990          9  0.000e+00
     118649 315.513816  -62.35268  -57.87976      0.302    1459.49    219.230    217.008    -0.5866    -0.5943    -0.0077    -0.5936    -0.6012    -0.0076   2.823668   2.822654  -0.001014    34.4635    34.4585     6.2329    27.7018    27.6981          9  0.000e+00
     118650 315.513816  -62.35268  -57.87976      0.293    1459.49    219.311    217.088    -0.5858    -0.5943    -0.0084    -0.5928    -0.6012    -0.0084   2.823730   2.822660  -0.001070    34.4634    34.4585     6.2376    27.7017    27.6981          9  0.000e+00
     118651 315.513817  -62.35268  -57.87976      0.278    1459.49    219.254    217.032    -0.5860    -0.5935    -0.0075    -0.5930    -0.6005    -0.0075   2.823696   2.822580  -0.001117    34.4632    34.4567     6.2380    27.7015    27.6966          9  0.000e+00
     118652 315.513817  -62.35268  -57.87976      0.264    1459.49    219.311    217.088    -0.5863    -0.5949    -0.0086    -0.5933    -0.6019    -0.0086   2.823623   2.822643  -0.000980    34.4625    34.4590     6.2386    27.7010    27.6985          9  0.000e+00
     118653 315.513818  -62.35268  -57.87976      0.250    1459.49    219.287    217.064    -0.5869    -0.5955    -0.0086    -0.5939    -0.6025    -0.0086   2.823584   2.822626  -0.000958    34.4626    34.4595     6.2382    27.7011    27.6990          9  0.000e+00
     118654 315.513818  -62.35268  -57.87976      0.237    1459.49    219.254    217.032    -0.5866    -0.5954    -0.0087    -0.5936    -0.6023    -0.0087   2.823595   2.822597  -0.000998    34.4625    34.4590     6.2310    27.7010    27.6985          9  0.000e+00
     118655 315.513818  -62.35268  -57.87976      0.223    1459.49    219.311    217.088    -0.5871    -0.5947    -0.0076    -0.5941    -0.6017    -0.0076   2.823606   2.822585  -0.001021    34.4631    34.4581     6.2374    27.7015    27.6977          9  0.000e+00
     118656 315.513819  -62.35268  -57.87976      0.214    1459.49    219.287    217.064    -0.5869    -0.5949    -0.0080    -0.5939    -0.6019    -0.0080   2.823623   2.822626  -0.000998    34.4632    34.4588     6.2370    27.7015    27.6984          9  0.000e+00
     118657 315.513819  -62.35268  -57.87976      0.197    1459.49    219.254    217.032    -0.5868    -0.5943    -0.0075    -0.5938    -0.6012    -0.0075   2.823634   2.822740  -0.000894    34.4632    34.4597     6.2366    27.7016    27.6990          9  0.000e+00
     118658 315.513820  -62.35268  -57.87976      0.184    1459.49    219.254    217.032    -0.5873    -0.5938    -0.0066    -0.5942    -0.6008    -0.0065   2.823460   2.822791  -0.000668    34.4614    34.4598     6.2366    27.7001    27.6991          9  0.000e+00
     118659 315.513820  -62.35268  -57.87976      0.169    1459.49    219.254    217.032    -0.5886    -0.5934    -0.0047    -0.5956    -0.6003    -0.0047   2.823336   2.822854  -0.000481    34.4613    34.4602     6.2312    27.7001    27.6994          9  0.000e+00
     118660 315.513821  -62.35268  -57.87976      0.155    1459.49    219.230    217.008    -0.5908    -0.5925    -0.0016    -0.5978    -0.5994    -0.0016   2.823172   2.822917  -0.000255    34.4616    34.4600     6.2304    27.7004    27.6992          9  0.000e+00
     118661 315.513821  -62.35268  -57.87976      0.143    1459.49    219.254    217.032    -0.5920    -0.5917     0.0003    -0.5990    -0.5986     0.0003   2.823065   2.823055  -0.000011    34.4614    34.4609     6.2296    27.7004    27.6999          9  0.000e+00
     118662 315.513822  -62.35268  -57.87976      0.130    1459.49    219.254    217.032    -0.5926    -0.5915     0.0012    -0.5996    -0.5984     0.0011   2.823105   2.823032  -0.000073    34.4627    34.4604     6.2288    27.7014    27.6995          9  0.000e+00
     118663 315.513822  -62.35268  -57.87976      0.118    1459.49    219.287    217.064    -0.5928    -0.5915     0.0013    -0.5997    -0.5985     0.0013   2.823127   2.823049  -0.000078    34.4631    34.4606     6.2279    27.7018    27.6997          9  0.000e+00
     118664 315.513823  -62.35268  -57.87976      0.106    1459.49    219.254    217.032    -0.5917    -0.5915     0.0002    -0.5987    -0.5984     0.0002   2.823206   2.822980  -0.000226    34.4630    34.4597     6.2335    27.7016    27.6989          9  0.000e+00
     118665 315.513823  -62.35268  -57.87976      0.091    1459.49    219.190    216.968    -0.5903    -0.5918    -0.0015    -0.5973    -0.5988    -0.0015   2.823268   2.822980  -0.000288    34.4623    34.4602     6.2336    27.7010    27.6993          9  0.000e+00
     118666 315.513824  -62.35268  -57.87976      0.079    1459.49    219.254    217.032    -0.5896    -0.5918    -0.0022    -0.5965    -0.5987    -0.0022   2.823386   2.823066  -0.000320    34.4630    34.4612     6.2339    27.7015    27.7002          9  0.000e+00
     118667 315.513824  -62.35268  -57.87976      0.067    1459.49    219.230    217.008    -0.5884    -0.5904    -0.0020    -0.5954    -0.5974    -0.0020   2.823477   2.823215  -0.000262    34.4630    34.4617     6.2341    27.7014    27.7005          9  0.000e+00
     118668 315.513825  -62.35268  -57.87976      0.058    1459.49    219.254    217.032    -0.5879    -0.5898    -0.0019    -0.5948    -0.5967    -0.0019   2.823533   2.823232  -0.000301    34.4630    34.4612     6.2279    27.7015    27.7000          9  0.000e+00
     118669 315.513825  -62.35268  -57.87976      0.052    1459.49    219.254    217.032    -0.5869    -0.5898    -0.0029    -0.5939    -0.5968    -0.0029   2.823601   2.823186  -0.000414    34.4629    34.4606     6.2350    27.7013    27.6996          9  0.000e+00
     118670 315.513826  -62.35268  -57.87976      0.037    1459.49    219.230    217.008    -0.5865    -0.5902    -0.0037    -0.5935    -0.5972    -0.0037   2.823629   2.823209  -0.000420    34.4628    34.4614     6.2301    27.7012    27.7002          9  0.000e+00
     118671 315.513826  -62.35268  -57.87976      0.025    1459.49    219.190    216.968    -0.5857    -0.5898    -0.0041    -0.5927    -0.5968    -0.0041   2.823634   2.823226  -0.000408    34.4620    34.4612     6.2308    27.7006    27.7001          9  0.000e+00
     118672 315.513827  -62.35268  -57.87976      0.014    1459.49    219.190    216.968    -0.5853    -0.5894    -0.0042    -0.5922    -0.5964    -0.0042   2.823708   2.823266  -0.000441    34.4625    34.4613     6.2306    27.7009    27.7001          9  0.000e+00
     118673 315.513827  -62.35268  -57.87976      0.007    1459.49    219.190    216.968    -0.5846    -0.5886    -0.0040    -0.5916    -0.5955    -0.0040   2.823736   2.823301  -0.000435    34.4621    34.4608     6.2304    27.7006    27.6997          9  0.000e+00
     118674 315.513828  -62.35268  -57.87976      0.000    1459.49    219.287    217.064    -0.5841    -0.5884    -0.0043    -0.5911    -0.5954    -0.0043   2.823837   2.823363  -0.000474    34.4629    34.4614     6.2304    27.7012    27.7001          9  0.000e+00
     118675 315.513828  -62.35268  -57.87976     -0.004    1459.49    219.254    217.032    -0.5820    -0.5882    -0.0062    -0.5890    -0.5952    -0.0062   2.824091   2.823341  -0.000750    34.4639    34.4609     6.2301    27.7019    27.6997          9  0.000e+00
     118676 315.513829  -62.35268  -57.87974     -0.012    1459.49    219.190    216.968    -0.5777    -0.5882    -0.0105    -0.5847    -0.5952    -0.0105   2.824418   2.823375  -0.001043    34.4635    34.4614     6.2306    27.7014    27.7002          9  0.000e+00
     118677 315.513829  -62.35268  -57.87974     -0.018    1459.49    219.230    217.008    -0.5746    -0.5879    -0.0133    -0.5816    -0.5949    -0.0132   2.824626   2.823403  -0.001223    34.4628    34.4614     6.2370    27.7007    27.7001          9  0.000e+00
     118678 315.513830  -62.35268  -57.87974     -0.027    1459.49    219.190    216.968    -0.5727    -0.5875    -0.0148    -0.5797    -0.5945    -0.0147   2.824604   2.823415  -0.001189    34.4603    34.4611     6.2382    27.6986    27.6999          9  0.000e+00
     118679 315.513830  -62.35268  -57.87974     -0.024    1459.49    219.254    217.032    -0.5742    -0.5873    -0.0131    -0.5812    -0.5942    -0.0131   2.824305   2.823455  -0.000850    34.4579    34.4613     6.2402    27.6967    27.7001          9  0.000e+00
     118680 315.513831  -62.35268  -57.87974     -0.025    1459.49    219.311    217.088    -0.5779    -0.5867    -0.0088    -0.5849    -0.5937    -0.0088   2.824097   2.823506  -0.000590    34.4593    34.4613     6.2425    27.6980    27.7000          9  0.000e+00
     118681 315.513831  -62.35268  -57.87974     -0.036    1459.49    219.166    216.944    -0.5803    -0.5856    -0.0053    -0.5873    -0.5926    -0.0053   2.824018   2.823678  -0.000339    34.4610    34.4625     6.2444    27.6995    27.7009          9  0.000e+00
     118682 315.513832  -62.35268  -57.87974     -0.037    1459.49    219.190    216.968    -0.5809    -0.5837    -0.0027    -0.5879    -0.5906    -0.0027   2.824063   2.823752  -0.000310    34.4624    34.4613     6.2396    27.7006    27.6999          9  0.000e+00
     118683 315.513832  -62.35268  -57.87974     -0.034    1459.49    219.311    217.088    -0.5811    -0.5834    -0.0024    -0.5881    -0.5904    -0.0024   2.824102   2.823781  -0.000321    34.4630    34.4613     6.2470    27.7011    27.6999          9  0.000e+00
     118684 315.513832  -62.35268  -57.87974     -0.036    1459.49    219.230    217.008    -0.5809    -0.5837    -0.0027    -0.5879    -0.5907    -0.0027   2.824209   2.823741  -0.000468    34.4643    34.4611     6.2486    27.7022    27.6997          9  0.000e+00
     118685 315.513833  -62.35268  -57.87974     -0.041    1459.49    219.254    217.032    -0.5783    -0.5832    -0.0049    -0.5853    -0.5901    -0.0049   2.824328   2.823873  -0.000455    34.4629    34.4623     6.2501    27.7009    27.7007          9  0.000e+00
     118686 315.513833  -62.35268  -57.87974     -0.035    1459.49    219.254    217.032    -0.5768    -0.5820    -0.0052    -0.5837    -0.5889    -0.0052   2.824429   2.824039  -0.000391    34.4625    34.4632     6.2517    27.7005    27.7013          9  0.000e+00
     118687 315.513834  -62.35268  -57.87974     -0.037    1459.49    219.230    217.008    -0.5756    -0.5801    -0.0044    -0.5826    -0.5871    -0.0044   2.824514   2.824142  -0.000372    34.4624    34.4624     6.2534    27.7004    27.7006          9  0.000e+00
     118688 315.513834  -62.35268  -57.87974     -0.032    1459.49    219.311    217.088    -0.5742    -0.5788    -0.0047    -0.5812    -0.5858    -0.0047   2.824536   2.824216  -0.000320    34.4610    34.4619     6.2541    27.6992    27.7002          9  0.000e+00
     118689 315.513835  -62.35268  -57.87974     -0.025    1459.49    219.311    217.088    -0.5745    -0.5781    -0.0036    -0.5815    -0.5851    -0.0036   2.824536   2.824222  -0.000315    34.4613    34.4612     6.2551    27.6995    27.6995          9  0.000e+00
     118690 315.513835  -62.35268  -57.87974     -0.025    1459.49    219.254    217.032    -0.5742    -0.5771    -0.0030    -0.5812    -0.5841    -0.0030   2.824514   2.824330  -0.000183    34.4607    34.4616     6.2558    27.6990    27.6998          9  0.000e+00
     118691 315.513836  -62.35268  -57.87974     -0.020    1459.49    219.287    217.064    -0.5742    -0.5765    -0.0023    -0.5812    -0.5835    -0.0023   2.824508   2.824347  -0.000161    34.4606    34.4611     6.2567    27.6989    27.6994          9  0.000e+00
     118692 315.513836  -62.35268  -57.87974     -0.015    1459.49    219.311    217.088    -0.5746    -0.5762    -0.0016    -0.5816    -0.5832    -0.0016   2.824525   2.824347  -0.000177    34.4613    34.4607     6.2577    27.6995    27.6991          9  0.000e+00
     118693 315.513837  -62.35268  -57.87974     -0.012    1459.49    219.311    217.088    -0.5751    -0.5760    -0.0009    -0.5821    -0.5830    -0.0009   2.824491   2.824365  -0.000126    34.4614    34.4608     6.2586    27.6996    27.6991          9  0.000e+00
     118694 315.513837  -62.35268  -57.87974     -0.007    1459.49    219.287    217.064    -0.5752    -0.5760    -0.0008    -0.5822    -0.5830    -0.0008   2.824480   2.824296  -0.000184    34.4614    34.4599     6.2517    27.6996    27.6984          9  0.000e+00
     118695 315.513838  -62.35268  -57.87974      0.005    1459.49    219.368    217.144    -0.5755    -0.5767    -0.0012    -0.5825    -0.5837    -0.0012   2.824440   2.824262  -0.000179    34.4611    34.4601     6.2583    27.6994    27.6986          9  0.000e+00
     118696 315.513838  -62.35268  -57.87974      0.008    1459.49    219.311    217.088    -0.5757    -0.5776    -0.0019    -0.5827    -0.5846    -0.0019   2.824463   2.824170  -0.000293    34.4617    34.4600     6.2513    27.6999    27.6985          9  0.000e+00
     118697 315.513839  -62.35268  -57.87974      0.017    1459.49    219.368    217.144    -0.5754    -0.5782    -0.0028    -0.5824    -0.5852    -0.0028   2.824497   2.824153  -0.000344    34.4618    34.4604     6.2500    27.6999    27.6989          9  0.000e+00
     118698 315.513839  -62.35268  -57.87974      0.024    1459.49    219.408    217.184    -0.5751    -0.5790    -0.0039    -0.5821    -0.5860    -0.0039   2.824525   2.824073  -0.000452    34.4618    34.4602     6.2552    27.6999    27.6987          9  0.000e+00
     118699 315.513840  -62.35268  -57.87974      0.033    1459.49    219.368    217.144    -0.5746    -0.5796    -0.0050    -0.5816    -0.5866    -0.0050   2.824536   2.823998  -0.000538    34.4615    34.4599     6.2559    27.6996    27.6986          9  0.000e+00
     118700 315.513840  -62.35268  -57.87972      0.038    1459.49    219.368    217.144    -0.5745    -0.5805    -0.0061    -0.5815    -0.5875    -0.0061   2.824570   2.823930  -0.000640    34.4617    34.4600     6.2500    27.6998    27.6987          9  0.000e+00
     118701 315.513841  -62.35268  -57.87972      0.049    1459.49    219.408    217.184    -0.5742    -0.5812    -0.0070    -0.5812    -0.5882    -0.0070   2.824564   2.823861  -0.000703    34.4613    34.4598     6.2564    27.6994    27.6985          9  0.000e+00
     118702 315.513841  -62.35268  -57.87972      0.060    1459.49    219.432    217.208    -0.5742    -0.5816    -0.0075    -0.5812    -0.5886    -0.0074   2.824598   2.823878  -0.000720    34.4617    34.4605     6.2573    27.6998    27.6991          9  0.000e+00
     118703 315.513842  -62.35268  -57.87972      0.068    1459.49    219.432    217.208    -0.5745    -0.5819    -0.0075    -0.5815    -0.5889    -0.0074   2.824570   2.823793  -0.000777    34.4617    34.4597     6.2571    27.6998    27.6985          9  0.000e+00
     118704 315.513842  -62.35268  -57.87972      0.083    1459.49    219.489    217.264    -0.5743    -0.5826    -0.0083    -0.5813    -0.5896    -0.0083   2.824508   2.823781  -0.000727    34.4606    34.4603     6.2580    27.6989    27.6990          9  0.000e+00
