Pos-Processados/process_op41/operantar41_005.cnv
* Sea-Bird SBE 9 Data File:
* FileName = C:\Users\Dell\Desktop\Operantar XLI\Raw\OP41005.hdr
* Software Version Seasave V 7.26.7.110
* Temperature SN = 6497
* Conductivity SN = 4954
* Number of Bytes Per Scan = 31
* Number of Voltage Words = 2
* Number of Scans Averaged by the Deck Unit = 1
* NMEA Latitude = 38 39.38 S
* NMEA Longitude = 048 59.66 W
* NMEA UTC (Time) = Oct 18 2022 16:26:34
* NMEA baud rate = 4800
** H41
** Navio Polar Almirante Maximiano
** LH-021/2022
** Operantar XLI
** Número da Estação 005
** Latitude 38 39,4'S
** Longitude 048 59,6'W
** Data/Hora (Z) 18/10/2022 16:26Z
** Profundidade local 5340m
** 09-1439
** Nome do Operador CT Garla
# nquan = 30
# nvalues = 10036                       
# units = specified
# name 0 = scan: Scan Count
# name 1 = timeJ: Julian Days
# name 2 = latitude: Latitude [deg]
# name 3 = longitude: Longitude [deg]
# name 4 = dz/dtM: Descent Rate [m/s]
# name 5 = avgsvCM: Average Sound Velocity [Chen-Millero, m/s]
# name 6 = prDM: Pressure, Digiquartz [db]
# name 7 = depSM: Depth [salt water, m]
# name 8 = t090C: Temperature [ITS-90, deg C]
# name 9 = t190C: Temperature, 2 [ITS-90, deg C]
# name 10 = T2-T190C: Temperature Difference, 2 - 1 [ITS-90, deg C]
# name 11 = potemp090C: Potential Temperature [ITS-90, deg C]
# name 12 = potemp190C: Potential Temperature, 2 [ITS-90, deg C]
# name 13 = potemp90Cdiff: Potential Temperature, Diff, 2 - 1 [ITS-90, deg C]
# name 14 = c0S/m: Conductivity [S/m]
# name 15 = c1S/m: Conductivity, 2 [S/m]
# name 16 = C2-C1S/m: Conductivity Difference, 2 - 1 [S/m]
# name 17 = sal00: Salinity, Practical [PSU]
# name 18 = sal11: Salinity, Practical, 2 [PSU]
# name 19 = sbeox0ML/L: Oxygen, SBE 43 [ml/l]
# name 20 = sigma-é00: Density [sigma-theta, kg/m^3]
# name 21 = sigma-é11: Density, 2 [sigma-theta, kg/m^3]
# name 22 = sal00: Salinity, Practical [PSU]
# name 23 = sigma-é00: Density [sigma-theta, kg/m^3]
# name 24 = svCM: Sound Velocity [Chen-Millero, m/s]
# name 25 = svCM1: Sound Velocity, 2 [Chen-Millero, m/s]
# name 26 = gsw_ptA0: potential temperature [ITS-90, deg C]
# name 27 = gsw_densityA0: density, TEOS-10 [density, kg/m^3]
# name 28 = gsw_saA0: Absolute Salinity [g/kg]
# name 29 = flag:
# span 0 =        489,     285233       
# span 1 = 291.685351, 291.822670       
# span 2 =  -38.65644,  -38.65148       
# span 3 =  -49.03358,  -48.99446       
# span 4 =     -1.833,      1.764       
# span 5 =      -0.01,    1510.79       
# span 6 =      2.000,   5020.000       
# span 7 =      1.980,   4924.323       
# span 8 =     0.3083,    14.8029       
# span 9 =     0.3084,    14.8029       
# span 10 =    -0.2354,     0.1068      
# span 11 =    -0.0867,    14.8020      
# span 12 =    -0.0867,    14.8020      
# span 13 =    -0.2352,     0.1067      
# span 14 =   3.090175,   4.294028      
# span 15 =   3.090141,   4.294007      
# span 16 =  -0.027526,   0.012235      
# span 17 =    34.1439,    35.4762      
# span 18 =    34.1435,    35.4774      
# span 19 =     3.9135,     6.1957      
# span 20 =    26.1657,    27.8430      
# span 21 =    26.1658,    27.8430      
# span 22 =    34.1428,    35.4767      
# span 23 =    26.1665,    27.8430      
# span 24 =    1477.21,    1535.25      
# span 25 =    1477.21,    1535.25      
# span 26 =    -0.0870,    14.8020      
# span 27 =  1026.1880,  1050.4624      
# span 28 =    34.3046,    35.6441      
# span 29 = 0.0000e+00, 0.0000e+00      
# interval = decibars: 1                
# start_time = Oct 18 2022 16:26:34 [NMEA time, header]
# bad_flag = -9.990e-29
*END*
[from data line 4254]
     109444 291.737895  -38.65484  -49.01004      0.825    1497.66   4257.000   4183.019     0.5071     0.5071    -0.0001     0.1896     0.1894    -0.0001   3.093257   3.093250  -0.000006    34.6808    34.6808     4.7089    27.8383    27.8383    34.6806    27.8381    1522.82    1522.82     0.1893  1047.1545    34.8523 0.0000e+00
     109467 291.737906  -38.65484 -9.990e-29      0.988    1497.66   4258.000   4183.993     0.5064     0.5065     0.0001     0.1888     0.1888     0.0001   3.093226   3.093229 2.3757e-07    34.6808    34.6807     4.7228    27.8383    27.8383    34.6805    27.8381    1522.83    1522.83     0.1886  1047.1584    34.8516 0.0000e+00
     109494 291.737919  -38.65484 -9.990e-29      0.966    1497.66   4259.000   4184.966     0.5071     0.5070    -0.0001     0.1893     0.1892    -0.0001   3.093321   3.093310  -0.000010    34.6806    34.6807     4.7203    27.8382    27.8382    34.6806    27.8381    1522.85    1522.85     0.1891  1047.1627    34.8517 0.0000e+00
     109556 291.737949  -38.65484  -49.01006      0.375    1497.66   4260.000   4185.940     0.5066     0.5065    -0.0000     0.1887     0.1886    -0.0000   3.093299   3.093286  -0.000010    34.6806    34.6805     4.7208    27.8382    27.8381    34.6804    27.8380    1522.87    1522.87     0.1885  1047.1678    34.8526 0.0000e+00
     109620 291.737980  -38.65484  -49.01008      0.440    1497.66   4261.000   4186.912     0.5046     0.5041    -0.0005     0.1867     0.1862    -0.0005   3.093162   3.093106  -0.000059    34.6806    34.6804     4.7321    27.8383    27.8381    34.6804    27.8381    1522.88    1522.87     0.1865  1047.1729    34.8531 0.0000e+00
     109657 291.737998  -38.65484  -49.01008      0.629    1497.66   4262.000   4187.885     0.5041     0.5039    -0.0001     0.1860     0.1859    -0.0001   3.093141   3.093126  -0.000013    34.6805    34.6804     4.7177    27.8382    27.8382    34.6803    27.8381    1522.89    1522.89     0.1858  1047.1773    34.8531 0.0000e+00
     109685 291.738011  -38.65484  -49.01008      0.784    1497.66   4263.000   4188.859     0.5035     0.5032    -0.0003     0.1854     0.1851    -0.0003   3.093132   3.093109  -0.000028    34.6805    34.6804     4.7193    27.8383    27.8383    34.6804    27.8382    1522.91    1522.90     0.1852  1047.1818    34.8531 0.0000e+00
     109707 291.738022  -38.65484  -49.01008      0.971    1497.66   4264.000   4189.832     0.5028     0.5028    -0.0001     0.1846     0.1845    -0.0000   3.093109   3.093099  -0.000007    34.6805    34.6805     4.7179    27.8383    27.8383    34.6804    27.8382    1522.92    1522.92     0.1844  1047.1862    34.8531 0.0000e+00
     109728 291.738032  -38.65484  -49.01009      1.110    1497.66   4265.000   4190.805     0.5027     0.5026    -0.0001     0.1843     0.1843    -0.0001   3.093118   3.093116   0.000003    34.6804    34.6804     4.7245    27.8382    27.8383    34.6802    27.8381    1522.94    1522.94     0.1842  1047.1905    34.8530 0.0000e+00
     109751 291.738043  -38.65484  -49.01010      1.123    1497.66   4266.000   4191.778     0.5018     0.5021     0.0002     0.1834     0.1836     0.0002   3.093088   3.093113   0.000018    34.6805    34.6805     4.7204    27.8384    27.8384    34.6804    27.8383    1522.95    1522.95     0.1832  1047.1951    34.8531 0.0000e+00
     109782 291.738058  -38.65484  -49.01010      0.871    1497.66   4267.000   4192.751     0.5029     0.5030     0.0001     0.1844     0.1845     0.0001   3.093209   3.093219   0.000008    34.6803    34.6803     4.7261    27.8382    27.8382    34.6803    27.8382    1522.97    1522.97     0.1841  1047.1992    34.8530 0.0000e+00
     109851 291.738091  -38.65484  -49.01010      0.297    1497.66   4268.000   4193.723     0.5021     0.5021     0.0000     0.1835     0.1835     0.0000   3.093173   3.093160  -0.000010    34.6803    34.6802     4.7268    27.8383    27.8381    34.6803    27.8382    1522.99    1522.99     0.1833  1047.2016    34.8504 0.0000e+00
     109916 291.738123 -9.990e-29  -49.01011      0.407    1497.66   4269.000   4194.700     0.5009     0.5009    -0.0000     0.1822     0.1822    -0.0000   3.093099   3.093092  -0.000010    34.6803    34.6802     4.7227    27.8383    27.8383    34.6802    27.8382    1523.00    1523.00     0.1821  1047.2046    34.8484 0.0000e+00
     109953 291.738140  -38.65486  -49.01012      0.607    1497.66   4270.000   4195.670     0.5002     0.5002     0.0000     0.1814     0.1815     0.0000   3.093077   3.093066  -0.000013    34.6803    34.6801     4.7336    27.8383    27.8382    34.6802    27.8383    1523.01    1523.01     0.1813  1047.2121    34.8524 0.0000e+00
     109979 291.738153  -38.65484  -49.01012      0.827    1497.66   4271.000   4196.644     0.5000     0.4999    -0.0000     0.1811     0.1811    -0.0000   3.093094   3.093079  -0.000010    34.6803    34.6803     4.7444    27.8384    27.8383    34.6803    27.8383    1523.03    1523.03     0.1809  1047.2170    34.8530 0.0000e+00
     110001 291.738163  -38.65484  -49.01012      1.008    1497.66   4272.000   4197.617     0.4998     0.4998    -0.0000     0.1808     0.1808    -0.0000   3.093104   3.093096  -0.000011    34.6802    34.6801     4.7165    27.8383    27.8382    34.6802    27.8383    1523.05    1523.05     0.1806  1047.2213    34.8529 0.0000e+00
     110022 291.738174  -38.65486  -49.01012      1.106    1497.66   4273.000   4198.590     0.4991     0.4992     0.0001     0.1800     0.1801     0.0001   3.093066   3.093081   0.000017    34.6802    34.6803     4.7158    27.8383    27.8384    34.6801    27.8382    1523.06    1523.06     0.1798  1047.2256    34.8528 0.0000e+00
     110046 291.738185  -38.65486  -49.01012      1.074    1497.66   4274.000   4199.563     0.4985     0.4982    -0.0002     0.1793     0.1791    -0.0002   3.093062   3.093042  -0.000017    34.6803    34.6803     4.7295    27.8384    27.8385    34.6802    27.8384    1523.08    1523.07     0.1791  1047.2302    34.8530 0.0000e+00
     110078 291.738201  -38.65486  -49.01013      0.829    1497.66   4275.000   4200.533     0.4995     0.4996     0.0000     0.1803     0.1803     0.0000   3.093184   3.093179  -0.000006    34.6802    34.6801     4.7180    27.8383    27.8382    34.6802    27.8383    1523.10    1523.10     0.1801  1047.2343    34.8529 0.0000e+00
     110125 291.738223  -38.65486  -49.01014      0.498    1497.66   4276.000   4201.512     0.4979     0.4981     0.0001     0.1786     0.1787     0.0001   3.093053   3.093051  -0.000004    34.6801    34.6799     4.7250    27.8383    27.8382    34.6798    27.8381    1523.11    1523.11     0.1784  1047.2387    34.8526 0.0000e+00
     110163 291.738242  -38.65486  -49.01014      0.610    1497.66   4277.000   4202.482     0.4955     0.4954    -0.0002     0.1762     0.1760    -0.0002   3.092897   3.092874  -0.000023    34.6801    34.6801     4.7182    27.8385    27.8384    34.6800    27.8384    1523.11    1523.11     0.1760  1047.2435    34.8528 0.0000e+00
     110195 291.738257  -38.65486  -49.01015      0.737    1497.66   4278.000   4203.455     0.4951     0.4952     0.0001     0.1757     0.1757     0.0001   3.092887   3.092906   0.000015    34.6800    34.6802     4.7243    27.8384    27.8385    34.6799    27.8384    1523.13    1523.13     0.1755  1047.2479    34.8527 0.0000e+00
     110228 291.738273  -38.65486  -49.01016      0.743    1497.66   4279.000   4204.429     0.4949     0.4948    -0.0002     0.1753     0.1752    -0.0002   3.092916   3.092891  -0.000020    34.6802    34.6801     4.7251    27.8386    27.8385    34.6801    27.8385    1523.15    1523.15     0.1752  1047.2524    34.8528 0.0000e+00
     110262 291.738289  -38.65486  -49.01016      0.713    1497.66   4280.000   4205.402     0.4947     0.4945    -0.0002     0.1750     0.1748    -0.0002   3.092919   3.092888  -0.000031    34.6800    34.6798     4.7236    27.8385    27.8383    34.6800    27.8384    1523.16    1523.16     0.1748  1047.2567    34.8527 0.0000e+00
     110299 291.738307  -38.65486  -49.01017      0.646    1497.66   4281.000   4206.370     0.4945     0.4944    -0.0002     0.1747     0.1746    -0.0002   3.092936   3.092913  -0.000022    34.6800    34.6799     4.7307    27.8384    27.8384    34.6799    27.8384    1523.18    1523.18     0.1745  1047.2610    34.8527 0.0000e+00
     110335 291.738324  -38.65486  -49.01018      0.658    1497.66   4282.000   4207.354     0.4941     0.4941    -0.0001     0.1743     0.1742    -0.0001   3.092938   3.092924  -0.000015    34.6800    34.6799     4.7221    27.8385    27.8384    34.6799    27.8384    1523.19    1523.19     0.1741  1047.2654    34.8527 0.0000e+00
     110362 291.738337  -38.65486  -49.01018      0.809    1497.66   4283.000   4208.321     0.4941     0.4942     0.0000     0.1741     0.1742     0.0000   3.092970   3.092971 -9.650e-07    34.6799    34.6799     4.7242    27.8384    27.8384    34.6799    27.8384    1523.21    1523.21     0.1740  1047.2697    34.8527 0.0000e+00
     110383 291.738348  -38.65486  -49.01018      0.990    1497.66   4284.000   4209.294     0.4913     0.4914     0.0002     0.1713     0.1714     0.0002   3.092707   3.092727   0.000012    34.6800    34.6800     4.7367    27.8386    27.8386    34.6792    27.8380    1523.22    1523.22     0.1711  1047.2740    34.8520 0.0000e+00
     110403 291.738357  -38.65486  -49.01018      1.142    1497.66   4285.000   4210.267     0.4872     0.4875     0.0002     0.1672     0.1675     0.0002   3.092436   3.092460   0.000028    34.6800    34.6801     4.7325    27.8389    27.8390    34.6798    27.8387    1523.22    1523.22     0.1671  1047.2794    34.8525 0.0000e+00
     110421 291.738366  -38.65486  -49.01018      1.246    1497.66   4286.000   4211.240     0.4868     0.4869     0.0001     0.1667     0.1668     0.0001   3.092412   3.092434   0.000027    34.6798    34.6800     4.7166    27.8387    27.8389    34.6796    27.8386    1523.23    1523.23     0.1665  1047.2837    34.8523 0.0000e+00
     110441 291.738376  -38.65486  -49.01018      1.273    1497.66   4287.000   4212.213     0.4864     0.4864     0.0000     0.1662     0.1662     0.0000   3.092414   3.092437   0.000020    34.6798    34.6800     4.7233    27.8388    27.8390    34.6795    27.8385    1523.25    1523.25     0.1661  1047.2881    34.8523 0.0000e+00
     110464 291.738387  -38.65487  -49.01018      1.161    1497.66   4288.000   4213.186     0.4864     0.4869     0.0005     0.1661     0.1666     0.0005   3.092464   3.092509   0.000044    34.6798    34.6798     4.7355    27.8388    27.8388    34.6797    27.8387    1523.26    1523.27     0.1660  1047.2925    34.8525 0.0000e+00
     110498 291.738403  -38.65488  -49.01018      0.813    1497.66   4289.000   4214.155     0.4876     0.4882     0.0006     0.1672     0.1678     0.0006   3.092591   3.092636   0.000043    34.6797    34.6796     4.7203    27.8386    27.8385    34.6796    27.8386    1523.29    1523.29     0.1670  1047.2966    34.8524 0.0000e+00
     110560 291.738433  -38.65488  -49.01020      0.332    1497.87   4290.000   4215.136     0.4866     0.4868     0.0002     0.1661     0.1663     0.0002   3.092519   3.092530   0.000011    34.6795    34.6795     4.7364    27.8386    27.8385    34.6794    27.8384    1523.30    1523.30     0.1659  1047.3009    34.8521 0.0000e+00
     110602 291.738453  -38.65488  -49.01022      0.556    1497.92   4291.000   4216.105     0.4851     0.4850    -0.0001     0.1645     0.1644    -0.0001   3.092420   3.092408  -0.000009    34.6795    34.6795     4.7406    27.8386    27.8386    34.6793    27.8385    1523.31    1523.31     0.1643  1047.3055    34.8521 0.0000e+00
     110626 291.738465  -38.65488  -49.01022      0.835    1497.92   4292.000   4217.078     0.4848     0.4846    -0.0002     0.1641     0.1640    -0.0001   3.092424   3.092421  -0.000006    34.6795    34.6796     4.7218    27.8386    27.8388    34.6793    27.8385    1523.33    1523.33     0.1639  1047.3098    34.8521 0.0000e+00
     110646 291.738474  -38.65488  -49.01022      1.069    1497.92   4293.000   4218.052     0.4837     0.4837    -0.0001     0.1630     0.1630    -0.0001   3.092369   3.092349  -0.000020    34.6795    34.6793     4.7330    27.8387    27.8386    34.6793    27.8386    1523.34    1523.34     0.1628  1047.3144    34.8521 0.0000e+00
     110663 291.738483  -38.65488  -49.01022      1.264    1497.92   4294.000   4219.024     0.4830     0.4830    -0.0001     0.1623     0.1621    -0.0001   3.092338   3.092334 -5.983e-07    34.6794    34.6795     4.7265    27.8387    27.8388    34.6792    27.8385    1523.35    1523.35     0.1620  1047.3187    34.8520 0.0000e+00
     110679 291.738491  -38.65488  -49.01021      1.401    1497.92   4295.000   4219.997     0.4809     0.4810     0.0001     0.1601     0.1602     0.0001   3.092168   3.092194   0.000024    34.6794    34.6796     4.7342    27.8388    27.8389    34.6789    27.8384    1523.36    1523.36     0.1599  1047.3232    34.8517 0.0000e+00
     110696 291.738499  -38.65488  -49.01020      1.439    1497.92   4296.000   4220.970     0.4797     0.4797     0.0001     0.1588     0.1588     0.0001   3.092115   3.092116   0.000001    34.6795    34.6794     4.7264    27.8389    27.8389    34.6792    27.8387    1523.37    1523.37     0.1586  1047.3279    34.8519 0.0000e+00
     110716 291.738508  -38.65488  -49.01022      1.345    1497.92   4297.000   4221.943     0.4792     0.4793     0.0001     0.1581     0.1583     0.0001   3.092111   3.092129   0.000014    34.6794    34.6795     4.7246    27.8389    27.8390    34.6793    27.8388    1523.39    1523.39     0.1580  1047.3324    34.8521 0.0000e+00
     110740 291.738520  -38.65488  -49.01022      1.105    1497.92   4298.000   4222.916     0.4796     0.4801     0.0005     0.1584     0.1590     0.0005   3.092175   3.092214   0.000040    34.6794    34.6793     4.7207    27.8389    27.8388    34.6792    27.8387    1523.41    1523.41     0.1583  1047.3366    34.8520 0.0000e+00
     110770 291.738535  -38.65488  -49.01022      0.855    1497.92   4299.000   4223.889     0.4805     0.4793    -0.0013     0.1592     0.1580    -0.0012   3.092275   3.092170  -0.000100    34.6792    34.6793     4.7304    27.8387    27.8388    34.6790    27.8385    1523.43    1523.42     0.1591  1047.3407    34.8518 0.0000e+00
     110801 291.738549  -38.65488  -49.01024      0.783    1497.92   4300.000   4224.863     0.4782     0.4779    -0.0003     0.1569     0.1566    -0.0003   3.092114   3.092091  -0.000019    34.6792    34.6793     4.7382    27.8388    27.8389    34.6791    27.8387    1523.43    1523.43     0.1567  1047.3454    34.8518 0.0000e+00
     110831 291.738564  -38.65488  -49.01024      0.802    1497.92   4301.000   4225.835     0.4782     0.4783     0.0001     0.1568     0.1569     0.0001   3.092151   3.092153   0.000002    34.6792    34.6791     4.7304    27.8388    27.8388    34.6791    27.8387    1523.45    1523.45     0.1566  1047.3498    34.8518 0.0000e+00
     110866 291.738581  -38.65488  -49.01024      0.705    1497.92   4302.000   4226.808     0.4783     0.4783    -0.0000     0.1567     0.1567    -0.0000   3.092184   3.092180  -0.000002    34.6792    34.6791     4.7371    27.8388    27.8388    34.6790    27.8387    1523.47    1523.47     0.1566  1047.3541    34.8518 0.0000e+00
     110901 291.738598  -38.65488  -49.01025      0.660    1497.92   4303.000   4227.781     0.4773     0.4772    -0.0001     0.1557     0.1556    -0.0001   3.092133   3.092125  -0.000010    34.6792    34.6792     4.7355    27.8389    27.8389    34.6790    27.8387    1523.48    1523.48     0.1555  1047.3586    34.8518 0.0000e+00
     110927 291.738610  -38.65488  -49.01026      0.818    1497.92   4304.000   4228.754     0.4767     0.4766    -0.0001     0.1550     0.1549    -0.0001   3.092109   3.092124   0.000010    34.6791    34.6793     4.7311    27.8388    27.8390    34.6790    27.8387    1523.50    1523.50     0.1548  1047.3630    34.8517 0.0000e+00
