Pos-Processados/process_op41/operantar41_005.ros
* Sea-Bird SBE 9 Data File:
* FileName = C:\Users\Dell\Desktop\Operantar XLI\Raw\OP41005.hdr
* Software Version Seasave V 7.26.7.110
* Temperature SN = 6497
* Conductivity SN = 4954
* Number of Bytes Per Scan = 31
* Number of Voltage Words = 2
* Number of Scans Averaged by the Deck Unit = 1
* NMEA Latitude = 38 39.38 S
* NMEA Longitude = 048 59.66 W
* NMEA UTC (Time) = Oct 18 2022 16:26:34
* NMEA baud rate = 4800
** H41
** Navio Polar Almirante Maximiano
** LH-021/2022
** Operantar XLI
** Número da Estação 005
** Latitude 38 39,4'S
** Longitude 048 59,6'W
** Data/Hora (Z) 18/10/2022 16:26Z
** Profundidade local 5340m
** 09-1439
** Nome do Operador CT Garla
# nquan = 24
# nvalues = 1750                                  
# units = specified
# name 0 = scan: Scan Count
# name 1 = timeJ: Julian Days
# name 2 = latitude: Latitude [deg]
# name 3 = longitude: Longitude [deg]
# name 4 = dz/dtM: Descent Rate [m/s]
# name 5 = avgsvCM: Average Sound Velocity [Chen-Millero, m/s]
# name 6 = prDM: Pressure, Digiquartz [db]
# name 7 = depSM: Depth [salt water, m]
# name 8 = t090C: Temperature [ITS-90, deg C]
# name 9 = t190C: Temperature, 2 [ITS-90, deg C]
# name 10 = T2-T190C: Temperature Difference, 2 - 1 [ITS-90, deg C]
# name 11 = potemp090C: Potential Temperature [ITS-90, deg C]
# name 12 = potemp190C: Potential Temperature, 2 [ITS-90, deg C]
# name 13 = potemp90Cdiff: Potential Temperature, Diff, 2 - 1 [ITS-90, deg C]
# name 14 = c0S/m: Conductivity [S/m]
# name 15 = c1S/m: Conductivity, 2 [S/m]
# name 16 = C2-C1S/m: Conductivity Difference, 2 - 1 [S/m]
# name 17 = sal00: Salinity, Practical [PSU]
# name 18 = sal11: Salinity, Practical, 2 [PSU]
# name 19 = sbeox0ML/L: Oxygen, SBE 43 [ml/l]
# name 20 = sigma-é00: Density [sigma-theta, kg/m^3]
# name 21 = sigma-é11: Density, 2 [sigma-theta, kg/m^3]
# name 22 = nbf: Bottles Fired
# name 23 = flag:  0.000e+00
# interval = seconds: 0.0416667
# start_time = Oct 18 2022 16:26:34 [NMEA time, header]
# bad_flag = -9.990e-29
*END*
[from data line 785]
     222182 291.792263  -38.65466  -49.02542      0.380    1502.27   2540.117   2505.806     2.4160     2.4154    -0.0006     2.2237     2.2231    -0.0005   3.205161   3.205079  -0.000081    34.7890    34.7886     4.4693    27.7845    27.7843         10  0.000e+00
     222183 291.792264  -38.65466  -49.02542      0.380    1502.27   2540.185   2505.871     2.4158     2.4154    -0.0004     2.2235     2.2231    -0.0004   3.205113   3.205049  -0.000064    34.7886    34.7882     4.4687    27.7842    27.7840         10  0.000e+00
     222184 291.792264  -38.65466  -49.02542      0.383    1502.27   2540.185   2505.871     2.4156     2.4155    -0.0001     2.2232     2.2232    -0.0001   3.205042   3.204971  -0.000071    34.7880    34.7872     4.4681    27.7838    27.7832         10  0.000e+00
     222185 291.792265  -38.65466  -49.02542      0.384    1502.27   2540.193   2505.880     2.4155     2.4156     0.0001     2.2232     2.2233     0.0001   3.205036   3.204971  -0.000065    34.7880    34.7871     4.4674    27.7838    27.7831         10  0.000e+00
     222186 291.792265  -38.65466  -49.02542      0.380    1502.27   2540.185   2505.871     2.4148     2.4151     0.0003     2.2224     2.2228     0.0003   3.204971   3.204959  -0.000012    34.7880    34.7875     4.4668    27.7838    27.7834         10  0.000e+00
     222187 291.792266  -38.65466  -49.02542      0.381    1502.27   2540.185   2505.871     2.4144     2.4148     0.0004     2.2221     2.2225     0.0004   3.204948   3.204953   0.000005    34.7881    34.7877     4.4749    27.7839    27.7836         10  0.000e+00
     222188 291.792266  -38.65466  -49.02542      0.380    1502.27   2540.243   2505.929     2.4143     2.4144     0.0001     2.2219     2.2220     0.0001   3.204954   3.204953 -4.831e-07    34.7883    34.7882     4.4672    27.7841    27.7840         10  0.000e+00
     222189 291.792267  -38.65466  -49.02542      0.374    1502.27   2540.193   2505.880     2.4142     2.4143     0.0001     2.2218     2.2219     0.0001   3.204948   3.204995   0.000047    34.7884    34.7889     4.4664    27.7842    27.7845         10  0.000e+00
     222190 291.792267  -38.65466  -49.02542      0.373    1502.27   2540.243   2505.929     2.4141     2.4142     0.0001     2.2218     2.2219     0.0001   3.204883   3.204941   0.000058    34.7876    34.7882     4.4657    27.7836    27.7841         10  0.000e+00
     222191 291.792268  -38.65466  -49.02542      0.371    1502.27   2540.243   2505.929     2.4138     2.4139     0.0001     2.2215     2.2215     0.0001   3.204930   3.204881  -0.000049    34.7885    34.7879     4.4649    27.7843    27.7838         10  0.000e+00
     222192 291.792268  -38.65466  -49.02542      0.367    1502.27   2540.243   2505.929     2.4136     2.4138     0.0001     2.2213     2.2214     0.0001   3.204859   3.204869   0.000010    34.7878    34.7878     4.4642    27.7838    27.7838         10  0.000e+00
     222193 291.792269  -38.65466  -49.02542      0.357    1502.27   2540.185   2505.872     2.4135     2.4137     0.0002     2.2212     2.2214     0.0002   3.204853   3.204821  -0.000032    34.7879    34.7873     4.4634    27.7838    27.7834         10  0.000e+00
     276503 291.818460  -38.65206  -49.03248      0.273    1502.27    193.424    191.875    10.7289    10.7252    -0.0037    10.7055    10.7018    -0.0037   3.873594   3.873078  -0.000516    34.8662    34.8645     5.1279    26.7242    26.7236         11  0.000e+00
     276504 291.818460  -38.65206  -49.03248      0.262    1502.27    193.302    191.755    10.7306    10.7254    -0.0052    10.7072    10.7020    -0.0052   3.873760   3.873143  -0.000617    34.8663    34.8651     5.1278    26.7240    26.7240         11  0.000e+00
     276505 291.818461  -38.65206  -49.03248      0.264    1502.27    193.424    191.875    10.7310    10.7264    -0.0046    10.7075    10.7030    -0.0046   3.873785   3.873291  -0.000494    34.8661    34.8655     5.1280    26.7239    26.7242         11  0.000e+00
     276506 291.818461  -38.65206  -49.03248      0.259    1502.27    193.367    191.819    10.7314    10.7279    -0.0035    10.7080    10.7044    -0.0035   3.873817   3.873466  -0.000352    34.8661    34.8659     5.1281    26.7237    26.7242         11  0.000e+00
     276507 291.818462  -38.65206  -49.03248      0.255    1502.27    193.367    191.819    10.7336    10.7304    -0.0032    10.7101    10.7069    -0.0032   3.873945   3.873756  -0.000188    34.8653    34.8665     5.1280    26.7227    26.7242         11  0.000e+00
     276508 291.818462  -38.65206  -49.03248      0.250    1502.27    193.367    191.819    10.7336    10.7312    -0.0024    10.7101    10.7078    -0.0024   3.874021   3.873763  -0.000258    34.8660    34.8657     5.1281    26.7233    26.7235         11  0.000e+00
     276509 291.818463  -38.65206  -49.03248      0.244    1502.27    193.367    191.819    10.7327    10.7316    -0.0012    10.7093    10.7081    -0.0012   3.873855   3.873795  -0.000060    34.8652    34.8657     5.1279    26.7228    26.7234         11  0.000e+00
     276510 291.818463  -38.65206  -49.03248      0.240    1502.27    193.424    191.875    10.7299    10.7317     0.0018    10.7065    10.7083     0.0018   3.873582   3.873705   0.000123    34.8651    34.8646     5.1279    26.7232    26.7226         11  0.000e+00
     276511 291.818464  -38.65206  -49.03248      0.235    1502.27    193.367    191.819    10.7267    10.7305     0.0039    10.7032    10.7071     0.0039   3.873314   3.873646   0.000332    34.8655    34.8652     5.1279    26.7242    26.7232         11  0.000e+00
     276512 291.818464  -38.65206  -49.03248      0.229    1502.27    193.424    191.875    10.7262    10.7309     0.0047    10.7027    10.7074     0.0047   3.873219   3.873795   0.000576    34.8650    34.8663     5.1281    26.7238    26.7240         11  0.000e+00
     276513 291.818465  -38.65206  -49.03248      0.226    1502.27    193.432    191.883    10.7270    10.7329     0.0059    10.7035    10.7095     0.0059   3.873289   3.873995   0.000707    34.8650    34.8664     5.1276    26.7237    26.7237         11  0.000e+00
     276514 291.818465  -38.65206  -49.03248      0.221    1502.27    193.367    191.819    10.7279    10.7335     0.0056    10.7045    10.7101     0.0056   3.873371   3.874124   0.000753    34.8649    34.8671     5.1275    26.7234    26.7242         11  0.000e+00
     276515 291.818465  -38.65206  -49.03248      0.212    1502.27    193.367    191.819    10.7289    10.7338     0.0049    10.7055    10.7104     0.0049   3.873486   3.874021   0.000535    34.8651    34.8658     5.1315    26.7234    26.7231         11  0.000e+00
     276516 291.818466  -38.65206  -49.03248      0.209    1502.27    193.424    191.875    10.7296    10.7324     0.0027    10.7062    10.7089     0.0027   3.873620   3.873595  -0.000025    34.8658    34.8629     5.1315    26.7238    26.7211         11  0.000e+00
     276517 291.818466  -38.65206  -49.03248      0.205    1502.27    193.424    191.875    10.7308    10.7289    -0.0019    10.7073    10.7054    -0.0019   3.873734   3.873343  -0.000392    34.8658    34.8637     5.1318    26.7237    26.7223         11  0.000e+00
     276518 291.818467  -38.65206  -49.03248      0.196    1502.27    193.367    191.819    10.7317    10.7289    -0.0029    10.7083    10.7054    -0.0029   3.873753   3.873601  -0.000152    34.8651    34.8663     5.1321    26.7229    26.7244         11  0.000e+00
     276519 291.818467  -38.65206  -49.03248      0.190    1502.27    193.424    191.875    10.7311    10.7310    -0.0001    10.7077    10.7076    -0.0001   3.873677   3.873937   0.000260    34.8649    34.8676     5.1282    26.7229    26.7250         11  0.000e+00
     276520 291.818468  -38.65206  -49.03248      0.186    1502.27    193.424    191.875    10.7305    10.7314     0.0009    10.7070    10.7079     0.0009   3.873601   3.873892   0.000291    34.8648    34.8668     5.1282    26.7229    26.7243         11  0.000e+00
     276521 291.818468  -38.65206  -49.03248      0.175    1502.27    193.367    191.819    10.7301    10.7312     0.0011    10.7066    10.7078     0.0011   3.873588   3.873737   0.000149    34.8650    34.8654     5.1282    26.7232    26.7233         11  0.000e+00
     276522 291.818469  -38.65206  -49.03248      0.170    1502.27    193.424    191.875    10.7301    10.7310     0.0009    10.7067    10.7076     0.0009   3.873613   3.873763   0.000149    34.8652    34.8659     5.1277    26.7233    26.7236         11  0.000e+00
     276523 291.818469  -38.65206  -49.03248      0.161    1502.27    193.367    191.819    10.7303    10.7305     0.0003    10.7068    10.7071     0.0003   3.873594   3.873414  -0.000180    34.8649    34.8628     5.1275    26.7230    26.7214         11  0.000e+00
     276524 291.818470  -38.65206  -49.03248      0.158    1502.27    193.424    191.875    10.7293    10.7256    -0.0037    10.7058    10.7021    -0.0037   3.873384   3.872787  -0.000597    34.8637    34.8613     5.1277    26.7223    26.7210         11  0.000e+00
     276525 291.818470  -38.65206  -49.03248      0.147    1502.27    193.367    191.819    10.7232    10.7217    -0.0015    10.6998    10.6983    -0.0014   3.872779   3.872387  -0.000392    34.8635    34.8609     5.1328    26.7232    26.7214         11  0.000e+00
     276526 291.818471  -38.65206  -49.03248      0.143    1502.27    193.424    191.875    10.7184    10.7191     0.0007    10.6950    10.6957     0.0007   3.872251   3.872187  -0.000064    34.8627    34.8614     5.1339    26.7234    26.7223         11  0.000e+00
     276527 291.818471  -38.65206  -49.03248      0.134    1502.27    193.367    191.819    10.7159    10.7187     0.0028    10.6925    10.6953     0.0028   3.872060   3.872426   0.000366    34.8632    34.8642     5.1299    26.7242    26.7245         11  0.000e+00
     276528 291.818472  -38.65206  -49.03248      0.125    1502.27    193.367    191.819    10.7156    10.7221     0.0064    10.6922    10.6987     0.0064   3.872130   3.873181   0.001052    34.8641    34.8686     5.1298    26.7250    26.7273         11  0.000e+00
     276529 291.818472  -38.65206  -49.03248      0.115    1502.27    193.367    191.819    10.7164    10.7249     0.0085    10.6930    10.7015     0.0085   3.872219   3.873479   0.001260    34.8643    34.8689     5.1296    26.7250    26.7271         11  0.000e+00
     276530 291.818473  -38.65206  -49.03248      0.111    1502.27    193.424    191.875    10.7177    10.7257     0.0080    10.6943    10.7023     0.0080   3.872391   3.873407   0.001017    34.8648    34.8673     5.1289    26.7251    26.7257         11  0.000e+00
     276531 291.818473  -38.65206  -49.03248      0.097    1502.27    193.302    191.755    10.7189    10.7259     0.0070    10.6955    10.7025     0.0070   3.872486   3.873162   0.000676    34.8646    34.8648     5.1286    26.7248    26.7237         11  0.000e+00
     276532 291.818474  -38.65206  -49.03248      0.089    1502.27    193.367    191.819    10.7199    10.7250     0.0052    10.6965    10.7016     0.0052   3.872601   3.873071   0.000471    34.8648    34.8646     5.1329    26.7248    26.7237         11  0.000e+00
     276533 291.818474  -38.65206  -49.03248      0.084    1502.27    193.367    191.819    10.7209    10.7261     0.0051    10.6975    10.7026     0.0051   3.872690   3.873214   0.000524    34.8647    34.8651     5.1286    26.7246    26.7239         11  0.000e+00
     276534 291.818475  -38.65206  -49.03248      0.071    1502.27    193.302    191.755    10.7219    10.7266     0.0047    10.6985    10.7032     0.0047   3.872728   3.873265   0.000537    34.8643    34.8652     5.1329    26.7240    26.7239         11  0.000e+00
     276535 291.818475  -38.65206  -49.03248      0.062    1502.27    193.367    191.819    10.7212    10.7271     0.0058    10.6978    10.7036     0.0058   3.872614   3.873420   0.000807    34.8637    34.8662     5.1333    26.7237    26.7246         11  0.000e+00
     276536 291.818476  -38.65206  -49.03248      0.053    1502.27    193.302    191.755    10.7194    10.7291     0.0097    10.6960    10.7056     0.0097   3.872467   3.873776   0.001309    34.8640    34.8679     5.1338    26.7242    26.7256         11  0.000e+00
     276537 291.818476  -38.65206  -49.03248      0.040    1502.27    193.302    191.755    10.7216    10.7320     0.0105    10.6982    10.7086     0.0104   3.872792   3.874105   0.001313    34.8652    34.8684     5.1337    26.7248    26.7254         11  0.000e+00
     276538 291.818477  -38.65206  -49.03248      0.034    1502.27    193.311    191.763    10.7235    10.7344     0.0109    10.7001    10.7109     0.0109   3.872964   3.874215   0.001251    34.8651    34.8673     5.1338    26.7243    26.7241         11  0.000e+00
     276539 291.818477  -38.65206  -49.03248      0.024    1502.27    193.302    191.755    10.7247    10.7340     0.0094    10.7013    10.7106     0.0093   3.873078   3.874066   0.000988    34.8651    34.8661     5.1334    26.7242    26.7233         11  0.000e+00
     276540 291.818478  -38.65206  -49.03248      0.011    1502.27    193.246    191.699    10.7263    10.7329     0.0066    10.7029    10.7095     0.0066   3.873320   3.873918   0.000597    34.8660    34.8657     5.1288    26.7246    26.7232         12  0.000e+00
     276541 291.818478  -38.65206  -49.03248     -0.002    1502.27    193.246    191.699    10.7284    10.7316     0.0032    10.7050    10.7082     0.0032   3.873582   3.873879   0.000297    34.8666    34.8666     5.1282    26.7247    26.7241         12  0.000e+00
     276542 291.818478  -38.65206  -49.03248     -0.009    1502.27    193.302    191.755    10.7299    10.7309     0.0010    10.7065    10.7075     0.0010   3.873709   3.873801   0.000093    34.8664    34.8664     5.1278    26.7243    26.7241         12  0.000e+00
     276543 291.818479  -38.65206  -49.03248     -0.018    1502.27    193.254    191.707    10.7276    10.7307     0.0030    10.7042    10.7073     0.0030   3.873365   3.873730   0.000365    34.8652    34.8659     5.1278    26.7237    26.7237         12  0.000e+00
     276544 291.818479  -38.65206  -49.03248     -0.031    1502.27    193.246    191.699    10.7255    10.7295     0.0040    10.7021    10.7061     0.0040   3.873098   3.873498   0.000400    34.8645    34.8647     5.1278    26.7235    26.7230         12  0.000e+00
     276545 291.818480  -38.65206  -49.03248     -0.041    1502.27    193.246    191.699    10.7262    10.7281     0.0019    10.7028    10.7047     0.0019   3.873098   3.873433   0.000336    34.8639    34.8655     5.1275    26.7230    26.7238         12  0.000e+00
     276546 291.818480  -38.65206  -49.03248     -0.046    1502.27    193.246    191.699    10.7262    10.7277     0.0016    10.7028    10.7043     0.0016   3.873117   3.873207   0.000090    34.8641    34.8635     5.1272    26.7231    26.7224         12  0.000e+00
     276547 291.818481  -38.65206  -49.03248     -0.060    1502.27    193.181    191.635    10.7257    10.7234    -0.0022    10.7023    10.7000    -0.0022   3.873085   3.872568  -0.000517    34.8643    34.8612     5.1269    26.7233    26.7214         12  0.000e+00
     276548 291.818481  -38.65206  -49.03248     -0.068    1502.27    193.246    191.699    10.7253    10.7207    -0.0046    10.7019    10.6973    -0.0046   3.873027   3.872458  -0.000570    34.8640    34.8626     5.1318    26.7232    26.7229         12  0.000e+00
     276549 291.818482  -38.65206  -49.03248     -0.084    1502.27    193.133    191.587    10.7245    10.7209    -0.0036    10.7011    10.6975    -0.0036   3.873008   3.872684  -0.000324    34.8646    34.8648     5.1320    26.7238    26.7246         12  0.000e+00
     276550 291.818482  -38.65206  -49.03248     -0.092    1502.27    193.181    191.635    10.7245    10.7231    -0.0014    10.7011    10.6997    -0.0014   3.873066   3.872987  -0.000078    34.8652    34.8657     5.1322    26.7243    26.7250         12  0.000e+00
