Pos-Processados/process_op38/operantar38_022.ros
* Sea-Bird SBE 9 Data File:
* FileName = D:\OPERANTAR_XXXVIII\DADOS\OP38_022.hdr
* Software Version Seasave V 7.18c
* Temperature SN = 4808
* Conductivity SN = 3380
* Number of Bytes Per Scan = 34
* Number of Voltage Words = 3
* Number of Scans Averaged by the Deck Unit = 1
* NMEA Latitude = 62 12.34 S
* NMEA Longitude = 058 18.00 W
* NMEA UTC (Time) = Nov 22 2019 17:26:52
** H41
** NAVIO POLAR ALMIRANTE MAXIMIANO
** CRUZEIRO:
** OPERANTAR XXXVIII
** ESTAÇÃO: OP38_022
** LAT 62 12,33'S
** LONG 058 18,01'W
** 09P73767-1155_A
** PROFUNDIDADE: 200
** DATA/HORA: 221727Z/NOV/2019
** OPERADOR: SO-HN CHAVES
# nquan = 26
# nvalues = 1406                                  
# units = specified
# name 0 = scan: Scan Count
# name 1 = timeJ: Julian Days
# name 2 = latitude: Latitude [deg]
# name 3 = longitude: Longitude [deg]
# name 4 = dz/dtM: Descent Rate [m/s]
# name 5 = avgsvCM: Average Sound Velocity [Chen-Millero, m/s]
# name 6 = prDM: Pressure, Digiquartz [db]
# name 7 = depSM: Depth [salt water, m]
# name 8 = t090C: Temperature [ITS-90, deg C]
# name 9 = t190C: Temperature, 2 [ITS-90, deg C]
# name 10 = T2-T190C: Temperature Difference, 2 - 1 [ITS-90, deg C]
# name 11 = potemp090C: Potential Temperature [ITS-90, deg C]
# name 12 = potemp190C: Potential Temperature, 2 [ITS-90, deg C]
# name 13 = potemp90Cdiff: Potential Temperature, Diff, 2 - 1 [ITS-90, deg C]
# name 14 = c0S/m: Conductivity [S/m]
# name 15 = c1S/m: Conductivity, 2 [S/m]
# name 16 = C2-C1S/m: Conductivity Difference, 2 - 1 [S/m]
# name 17 = sal00: Salinity, Practical [PSU]
# name 18 = sal11: Salinity, Practical, 2 [PSU]
# name 19 = sbeox0ML/L: Oxygen, SBE 43 [ml/l]
# name 20 = sbeox1ML/L: Oxygen, SBE 43, 2 [ml/l]
# name 21 = sbeox0ML/Ldiff: Oxygen, SBE 43, Diff, 2 - 1 [ml/l]
# name 22 = sigma-é00: Density [sigma-theta, kg/m^3]
# name 23 = sigma-é11: Density, 2 [sigma-theta, kg/m^3]
# name 24 = nbf: Bottles Fired
# name 25 = flag:  0.000e+00
# interval = seconds: 0.0416667
# start_time = Nov 22 2019 17:26:52 [NMEA time, header]
# bad_flag = -9.990e-29
*END*
[from data line 948]
      23944 326.738537  -62.20580  -58.30020      0.004    1447.10      3.844      3.807    -0.1683    -0.1727    -0.0044    -0.1684    -0.1729    -0.0044   2.824101   2.824181   0.000080    34.1293    34.1353     7.7046     7.4272    -0.2774    27.4118    27.4169          6  0.000e+00
      23945 326.738538  -62.20580  -58.30020      0.006    1447.10      3.844      3.808    -0.1692    -0.1744    -0.0051    -0.1694    -0.1745    -0.0051   2.824046   2.824048   0.000001    34.1296    34.1354     7.7047     7.4271    -0.2776    27.4121    27.4170          6  0.000e+00
      23946 326.738538  -62.20580  -58.30020      0.011    1447.10      3.844      3.808    -0.1699    -0.1750    -0.0052    -0.1700    -0.1752    -0.0052   2.824016   2.824024   0.000008    34.1299    34.1358     7.7048     7.4267    -0.2781    27.4123    27.4174          6  0.000e+00
      23947 326.738539  -62.20580  -58.30020      0.016    1447.10      3.844      3.808    -0.1705    -0.1743    -0.0038    -0.1706    -0.1744    -0.0038   2.823944   2.824071   0.000127    34.1297    34.1356     7.7049     7.4340    -0.2708    27.4122    27.4171          6  0.000e+00
      23948 326.738539  -62.20580  -58.30020      0.018    1447.10      3.844      3.808    -0.1706    -0.1747    -0.0041    -0.1707    -0.1748    -0.0041   2.823944   2.824105   0.000161    34.1298    34.1365     7.7048     7.4427    -0.2621    27.4123    27.4179          6  0.000e+00
      23949 326.738540  -62.20580  -58.30020      0.022    1447.10      3.892      3.855    -0.1700    -0.1747    -0.0048    -0.1701    -0.1749    -0.0048   2.823956   2.824053   0.000097    34.1292    34.1358     7.7047     7.4331    -0.2716    27.4118    27.4174          6  0.000e+00
      23950 326.738540  -62.20580  -58.30020      0.027    1447.10      3.844      3.808    -0.1705    -0.1745    -0.0040    -0.1706    -0.1747    -0.0040   2.823932   2.824071   0.000139    34.1295    34.1359     7.7047     7.4326    -0.2721    27.4120    27.4174          6  0.000e+00
      23951 326.738541  -62.20580  -58.30020      0.028    1447.10      3.845      3.808    -0.1711    -0.1744    -0.0034    -0.1712    -0.1746    -0.0034   2.823884   2.824105   0.000222    34.1295    34.1362     7.7048     7.4321    -0.2727    27.4121    27.4177          6  0.000e+00
      23952 326.738541  -62.20580  -58.30020      0.032    1447.10      3.892      3.855    -0.1716    -0.1743    -0.0027    -0.1717    -0.1744    -0.0027   2.823854   2.824077   0.000223    34.1297    34.1357     7.7049     7.4316    -0.2732    27.4122    27.4172          6  0.000e+00
      23953 326.738542  -62.20580  -58.30020      0.036    1447.10      3.845      3.808    -0.1720    -0.1744    -0.0024    -0.1721    -0.1745    -0.0024   2.823830   2.824042   0.000212    34.1298    34.1353     7.7048     7.4312    -0.2737    27.4124    27.4169          6  0.000e+00
      23954 326.738542  -62.20580  -58.30020      0.040    1447.10      3.892      3.855    -0.1723    -0.1747    -0.0024    -0.1725    -0.1749    -0.0024   2.823824   2.823990   0.000166    34.1301    34.1350     7.7049     7.4309    -0.2740    27.4126    27.4167          6  0.000e+00
      23955 326.738543  -62.20580  -58.30020      0.043    1447.10      3.892      3.855    -0.1723    -0.1750    -0.0027    -0.1725    -0.1751    -0.0027   2.823824   2.824036   0.000212    34.1301    34.1359     7.7048     7.4304    -0.2744    27.4126    27.4174          6  0.000e+00
      23956 326.738543  -62.20580  -58.30020      0.047    1447.10      3.893      3.855    -0.1722    -0.1752    -0.0030    -0.1723    -0.1753    -0.0030   2.823824   2.824059   0.000236    34.1300    34.1365     7.7047     7.4300    -0.2748    27.4125    27.4179          6  0.000e+00
      23957 326.738544  -62.20580  -58.30020      0.050    1447.10      3.893      3.855    -0.1722    -0.1746    -0.0024    -0.1723    -0.1747    -0.0024   2.823800   2.824042   0.000242    34.1296    34.1355     7.7047     7.4294    -0.2753    27.4122    27.4171          6  0.000e+00
      23958 326.738544  -62.20580  -58.30020      0.056    1447.10      3.893      3.855    -0.1725    -0.1747    -0.0022    -0.1726    -0.1748    -0.0022   2.823830   2.823990   0.000160    34.1304    34.1350     7.7047     7.4290    -0.2756    27.4128    27.4167          6  0.000e+00
      23959 326.738545  -62.20580  -58.30020      0.058    1447.10      3.893      3.855    -0.1728    -0.1740    -0.0012    -0.1729    -0.1741    -0.0012   2.823806   2.824036   0.000230    34.1304    34.1348     7.7047     7.4284    -0.2762    27.4128    27.4165          6  0.000e+00
      23960 326.738545  -62.20580  -58.30020      0.061    1447.10      3.893      3.855    -0.1728    -0.1743    -0.0015    -0.1729    -0.1744    -0.0015   2.823776   2.824082   0.000307    34.1300    34.1357     7.7046     7.4280    -0.2766    27.4125    27.4172          6  0.000e+00
      23961 326.738546  -62.20580  -58.30020      0.063    1447.10      3.893      3.855    -0.1731    -0.1744    -0.0013    -0.1732    -0.1745    -0.0013   2.823770   2.824088   0.000319    34.1302    34.1359     7.7046     7.4275    -0.2771    27.4127    27.4174          6  0.000e+00
      23962 326.738546  -62.20580  -58.30020      0.065    1447.10      3.893      3.855    -0.1731    -0.1738    -0.0007    -0.1733    -0.1739    -0.0007   2.823770   2.824048   0.000278    34.1303    34.1347     7.7096     7.4282    -0.2815    27.4128    27.4164          6  0.000e+00
      23963 326.738546  -62.20580  -58.30020      0.066    1447.10      3.893      3.855    -0.1734    -0.1739    -0.0005    -0.1736    -0.1740    -0.0005   2.823770   2.824071   0.000301    34.1306    34.1352     7.7103     7.4300    -0.2803    27.4131    27.4168          6  0.000e+00
      23964 326.738547  -62.20580  -58.30020      0.071    1447.10      3.940      3.903    -0.1736    -0.1741    -0.0005    -0.1737    -0.1742    -0.0005   2.823770   2.824129   0.000359    34.1308    34.1361     7.7060     7.4309    -0.2751    27.4132    27.4176          6  0.000e+00
      23965 326.738547  -62.20580  -58.30020      0.074    1447.10      3.940      3.903    -0.1734    -0.1737    -0.0002    -0.1736    -0.1738    -0.0002   2.823745   2.824117   0.000372    34.1302    34.1355     7.7058     7.4306    -0.2753    27.4128    27.4170          6  0.000e+00
      23966 326.738548  -62.20580  -58.30020      0.072    1447.10      3.845      3.808    -0.1734    -0.1739    -0.0005    -0.1736    -0.1740    -0.0005   2.823739   2.824053   0.000314    34.1302    34.1350     7.7056     7.4303    -0.2753    27.4128    27.4166          6  0.000e+00
      23967 326.738548  -62.20580  -58.30020      0.072    1447.10      3.941      3.903    -0.1734    -0.1737    -0.0002    -0.1736    -0.1738    -0.0002   2.823721   2.824088   0.000367    34.1299    34.1351     7.7056     7.4415    -0.2641    27.4125    27.4167          6  0.000e+00
      23968 326.738549  -62.20580  -58.30020      0.079    1447.10      3.941      3.903    -0.1734    -0.1738    -0.0003    -0.1736    -0.1739    -0.0003   2.823751   2.824134   0.000383    34.1303    34.1358     7.7055     7.4318    -0.2736    27.4128    27.4173          6  0.000e+00
      23969 326.738549  -62.20580  -58.30020      0.078    1447.10      3.941      3.903    -0.1734    -0.1735    -0.0001    -0.1736    -0.1736    -0.0001   2.823745   2.824100   0.000354    34.1302    34.1350     7.7053     7.4200    -0.2853    27.4128    27.4167          6  0.000e+00
      23970 326.738550  -62.20580  -58.30020      0.078    1447.10      3.893      3.855    -0.1735    -0.1734     0.0002    -0.1737    -0.1735     0.0002   2.823721   2.824048   0.000326    34.1301    34.1342     7.7052     7.4232    -0.2820    27.4127    27.4160          6  0.000e+00
      23971 326.738550  -62.20580  -58.30020      0.079    1447.10      3.941      3.903    -0.1738    -0.1739    -0.0001    -0.1739    -0.1741    -0.0001   2.823715   2.824071   0.000355    34.1302    34.1351     7.7052     7.4277    -0.2774    27.4128    27.4168          6  0.000e+00
      23972 326.738551  -62.20580  -58.30020      0.084    1447.10      3.941      3.903    -0.1737    -0.1737     0.0000    -0.1738    -0.1738     0.0000   2.823715   2.824129   0.000413    34.1302    34.1356     7.7050     7.4274    -0.2776    27.4127    27.4171          6  0.000e+00
      23973 326.738551  -62.20580  -58.30020      0.080    1447.10      3.893      3.855    -0.1741    -0.1739     0.0001    -0.1742    -0.1740     0.0001   2.823697   2.824077   0.000379    34.1303    34.1352     7.7049     7.4272    -0.2777    27.4129    27.4168          6  0.000e+00
      23974 326.738552  -62.20580  -58.30020      0.081    1447.10      3.941      3.903    -0.1739    -0.1737     0.0002    -0.1740    -0.1738     0.0002   2.823667   2.824042   0.000375    34.1297    34.1345     7.7049     7.4270    -0.2778    27.4124    27.4162          6  0.000e+00
      23975 326.738552  -62.20580  -58.30020      0.081    1447.10      3.941      3.903    -0.1742    -0.1737     0.0006    -0.1744    -0.1738     0.0006   2.823643   2.824053   0.000410    34.1298    34.1346     7.7056     7.4383    -0.2673    27.4124    27.4163          6  0.000e+00
      23976 326.738553  -62.20580  -58.30020      0.081    1447.10      3.941      3.903    -0.1740    -0.1741    -0.0001    -0.1741    -0.1742    -0.0001   2.823673   2.824163   0.000490    34.1299    34.1365     7.7054     7.4229    -0.2825    27.4125    27.4179          6  0.000e+00
      23977 326.738553  -62.20580  -58.30020      0.078    1447.10      3.893      3.855    -0.1745    -0.1732     0.0013    -0.1746    -0.1733     0.0013   2.823691   2.824111   0.000420    34.1308    34.1349     7.7054     7.4168    -0.2885    27.4133    27.4165          6  0.000e+00
      23978 326.738554  -62.20580  -58.30020      0.078    1447.10      3.941      3.903    -0.1740    -0.1730     0.0010    -0.1741    -0.1732     0.0010   2.823727   2.824065   0.000338    34.1306    34.1341     7.7052     7.4226    -0.2826    27.4131    27.4159          6  0.000e+00
      23979 326.738554  -62.20580  -58.30020      0.077    1447.10      3.941      3.903    -0.1742    -0.1731     0.0011    -0.1744    -0.1733     0.0011   2.823703   2.824077   0.000373    34.1306    34.1343     7.7052     7.4272    -0.2780    27.4131    27.4161          6  0.000e+00
      23980 326.738555  -62.20580  -58.30020      0.076    1447.10      3.941      3.903    -0.1740    -0.1732     0.0008    -0.1741    -0.1733     0.0008   2.823691   2.824146   0.000455    34.1302    34.1353     7.7050     7.4260    -0.2790    27.4127    27.4169          6  0.000e+00
      23981 326.738555  -62.20580  -58.30020      0.071    1447.10      3.893      3.855    -0.1742    -0.1730     0.0012    -0.1744    -0.1731     0.0012   2.823709   2.824152   0.000442    34.1307    34.1352     7.7049     7.4270    -0.2779    27.4132    27.4168          6  0.000e+00
      23982 326.738556  -62.20580  -58.30020      0.069    1447.10      3.941      3.903    -0.1742    -0.1734     0.0008    -0.1743    -0.1735     0.0008   2.823697   2.824059   0.000362    34.1304    34.1344     7.7099     7.4272    -0.2827    27.4130    27.4161          6  0.000e+00
      23983 326.738556  -62.20580  -58.30020      0.071    1447.10      3.941      3.903    -0.1743    -0.1735     0.0008    -0.1745    -0.1736     0.0008   2.823667   2.824036   0.000369    34.1302    34.1342     7.7055     7.4330    -0.2726    27.4128    27.4160          6  0.000e+00
      23984 326.738557  -62.20580  -58.30020      0.068    1447.10      3.941      3.903    -0.1742    -0.1736     0.0006    -0.1744    -0.1737     0.0006   2.823661   2.824088   0.000427    34.1300    34.1350     7.7054     7.4397    -0.2657    27.4126    27.4166          6  0.000e+00
      23985 326.738557  -62.20580  -58.30020      0.065    1447.10      3.941      3.903    -0.1742    -0.1737     0.0005    -0.1743    -0.1738     0.0005   2.823661   2.824134   0.000473    34.1300    34.1357     7.7053     7.4303    -0.2750    27.4126    27.4172          6  0.000e+00
      23986 326.738558  -62.20580  -58.30020      0.063    1447.10      3.893      3.855    -0.1742    -0.1734     0.0008    -0.1744    -0.1736     0.0008   2.823619   2.824077   0.000458    34.1295    34.1347     7.7051     7.4301    -0.2750    27.4122    27.4164          6  0.000e+00
      23987 326.738558  -62.20580  -58.30020      0.059    1447.10      3.941      3.903    -0.1742    -0.1734     0.0008    -0.1743    -0.1735     0.0008   2.823643   2.824059   0.000416    34.1297    34.1344     7.7050     7.4300    -0.2750    27.4124    27.4161          6  0.000e+00
      23988 326.738559  -62.20580  -58.30020      0.059    1447.10      3.941      3.903    -0.1743    -0.1734     0.0010    -0.1745    -0.1735     0.0010   2.823643   2.824077   0.000433    34.1299    34.1346     7.7049     7.4242    -0.2808    27.4126    27.4163          6  0.000e+00
      23989 326.738559  -62.20580  -58.30020      0.052    1447.10      3.893      3.855    -0.1743    -0.1741     0.0003    -0.1745    -0.1742     0.0003   2.823673   2.824105   0.000432    34.1303    34.1358     7.7048     7.4173    -0.2874    27.4129    27.4173          6  0.000e+00
      23990 326.738560  -62.20580  -58.30020      0.048    1447.10      3.941      3.903    -0.1743    -0.1741     0.0002    -0.1745    -0.1742     0.0002   2.823667   2.824053   0.000386    34.1302    34.1351     7.7047     7.4209    -0.2838    27.4128    27.4168          6  0.000e+00
      23991 326.738560  -62.20580  -58.30020      0.044    1447.10      3.893      3.855    -0.1745    -0.1738     0.0007    -0.1746    -0.1739     0.0007   2.823643   2.824053   0.000410    34.1301    34.1348     7.7104     7.4255    -0.2849    27.4127    27.4165          6  0.000e+00
      23992 326.738560  -62.20580  -58.30020      0.043    1447.10      3.941      3.903    -0.1734    -0.1733     0.0001    -0.1736    -0.1734     0.0001   2.823673   2.824077   0.000403    34.1293    34.1345     7.7108     7.4255    -0.2853    27.4120    27.4162          6  0.000e+00
      23993 326.738561  -62.20580  -58.30020      0.039    1447.10      3.893      3.855    -0.1723    -0.1735    -0.0012    -0.1725    -0.1736    -0.0012   2.823709   2.824105   0.000396    34.1286    34.1352     7.7061     7.4255    -0.2806    27.4114    27.4167          6  0.000e+00
      23994 326.738561  -62.20580  -58.30020      0.037    1447.10      3.941      3.903    -0.1722    -0.1738    -0.0015    -0.1723    -0.1739    -0.0015   2.823733   2.824053   0.000320    34.1287    34.1347     7.7060     7.4257    -0.2803    27.4115    27.4164          6  0.000e+00
      23995 326.738562  -62.20580  -58.30020      0.035    1447.10      3.941      3.903    -0.1723    -0.1741    -0.0018    -0.1725    -0.1742    -0.0018   2.823739   2.824013   0.000274    34.1289    34.1346     7.7058     7.4258    -0.2800    27.4117    27.4163          6  0.000e+00
      23996 326.738562  -62.20580  -58.30018      0.030    1447.10      3.893      3.855    -0.1730    -0.1737    -0.0007    -0.1731    -0.1738    -0.0007   2.823703   2.824024   0.000321    34.1292    34.1343     7.7058     7.4269    -0.2789    27.4119    27.4160          6  0.000e+00
      23997 326.738563  -62.20580  -58.30018      0.025    1447.10      3.893      3.856    -0.1730    -0.1739    -0.0010    -0.1731    -0.1740    -0.0010   2.823709   2.824036   0.000327    34.1293    34.1347     7.7107     7.4293    -0.2814    27.4120    27.4164          6  0.000e+00
      23998 326.738563  -62.20580  -58.30018      0.023    1447.10      3.893      3.856    -0.1736    -0.1735     0.0001    -0.1737    -0.1736     0.0001   2.823733   2.823932   0.000199    34.1303    34.1328     7.7113     7.4295    -0.2818    27.4128    27.4149          6  0.000e+00
