Pos-Processados/process_op38/operantar38_022.ros
* Sea-Bird SBE 9 Data File:
* FileName = D:\OPERANTAR_XXXVIII\DADOS\OP38_022.hdr
* Software Version Seasave V 7.18c
* Temperature SN = 4808
* Conductivity SN = 3380
* Number of Bytes Per Scan = 34
* Number of Voltage Words = 3
* Number of Scans Averaged by the Deck Unit = 1
* NMEA Latitude = 62 12.34 S
* NMEA Longitude = 058 18.00 W
* NMEA UTC (Time) = Nov 22 2019 17:26:52
** H41
** NAVIO POLAR ALMIRANTE MAXIMIANO
** CRUZEIRO:
** OPERANTAR XXXVIII
** ESTAÇÃO: OP38_022
** LAT 62 12,33'S
** LONG 058 18,01'W
** 09P73767-1155_A
** PROFUNDIDADE: 200
** DATA/HORA: 221727Z/NOV/2019
** OPERADOR: SO-HN CHAVES
# nquan = 27
# nvalues = 1406                                  
# units = specified
# name 0 = scan: Scan Count
# name 1 = timeJ: Julian Days
# name 2 = latitude: Latitude [deg]
# name 3 = longitude: Longitude [deg]
# name 4 = dz/dtM: Descent Rate [m/s]
# name 5 = avgsvCM: Average Sound Velocity [Chen-Millero, m/s]
# name 6 = prDM: Pressure, Digiquartz [db]
# name 7 = depSM: Depth [salt water, m]
# name 8 = t090C: Temperature [ITS-90, deg C]
# name 9 = t190C: Temperature, 2 [ITS-90, deg C]
# name 10 = T2-T190C: Temperature Difference, 2 - 1 [ITS-90, deg C]
# name 11 = potemp090C: Potential Temperature [ITS-90, deg C]
# name 12 = potemp190C: Potential Temperature, 2 [ITS-90, deg C]
# name 13 = potemp90Cdiff: Potential Temperature, Diff, 2 - 1 [ITS-90, deg C]
# name 14 = c0S/m: Conductivity [S/m]
# name 15 = c1S/m: Conductivity, 2 [S/m]
# name 16 = C2-C1S/m: Conductivity Difference, 2 - 1 [S/m]
# name 17 = sal00: Salinity, Practical [PSU]
# name 18 = sal11: Salinity, Practical, 2 [PSU]
# name 19 = sbeox0ML/L: Oxygen, SBE 43 [ml/l]
# name 20 = sigma-é00: Density [sigma-theta, kg/m^3]
# name 21 = sigma-é11: Density, 2 [sigma-theta, kg/m^3]
# name 22 = sbox0Mm/Kg: Oxygen, SBE 43 [umol/kg]
# name 23 = oxsolMm/Kg: Oxygen Saturation, Garcia & Gordon [umol/kg]
# name 24 = oxsatMm/Kg: Oxygen Saturation, Weiss [umol/kg]
# name 25 = nbf: Bottles Fired
# name 26 = flag:  0.000e+00
# interval = seconds: 0.0416667
# start_time = Nov 22 2019 17:26:52 [NMEA time, header]
# bad_flag = -9.990e-29
*END*
[from data line 323]
      23306 326.738230  -62.20580  -58.30020     -0.054    1447.10      3.783      3.746    -0.1638    -0.1690    -0.0052    -0.1639    -0.1692    -0.0052   2.824510   2.824366  -0.000144    34.1298    34.1337     7.7153    27.4119    27.4153    335.372  351.82248  353.32822          3  0.000e+00
      23307 326.738230  -62.20580  -58.30020     -0.056    1447.10      3.783      3.746    -0.1639    -0.1697    -0.0058    -0.1641    -0.1699    -0.0058   2.824510   2.824429  -0.000081    34.1299    34.1353     7.7109    27.4120    27.4167    335.179  351.82319  353.32895          3  0.000e+00
      23308 326.738231  -62.20580  -58.30020     -0.057    1447.10      3.783      3.746    -0.1641    -0.1692    -0.0051    -0.1642    -0.1693    -0.0051   2.824492   2.824522   0.000030    34.1298    34.1359     7.7158    27.4120    27.4172    335.396  351.82491  353.33070          3  0.000e+00
      23309 326.738231  -62.20580  -58.30020     -0.055    1447.10      3.837      3.801    -0.1641    -0.1693    -0.0052    -0.1642    -0.1695    -0.0052   2.824486   2.824499   0.000013    34.1297    34.1358     7.7114    27.4119    27.4170    335.204  351.82522  353.33101          3  0.000e+00
      23310 326.738232  -62.20580  -58.30020     -0.053    1447.10      3.783      3.746    -0.1641    -0.1691    -0.0050    -0.1642    -0.1692    -0.0050   2.824468   2.824447  -0.000021    34.1295    34.1348     7.7112    27.4117    27.4163    335.196  351.82579  353.33157          3  0.000e+00
      23311 326.738232  -62.20580  -58.30020     -0.054    1447.10      3.783      3.746    -0.1644    -0.1689    -0.0045    -0.1645    -0.1690    -0.0045   2.824498   2.824452  -0.000046    34.1302    34.1346     7.7154    27.4123    27.4161    335.376  351.82645  353.33232          3  0.000e+00
      23312 326.738233  -62.20580  -58.30020     -0.052    1447.10      3.783      3.746    -0.1644    -0.1690    -0.0046    -0.1646    -0.1692    -0.0046   2.824450   2.824556   0.000107    34.1297    34.1362     7.7160    27.4119    27.4174    335.401  351.82856  353.33442          3  0.000e+00
      23313 326.738233  -62.20580  -58.30020     -0.052    1447.10      3.783      3.746    -0.1646    -0.1688    -0.0042    -0.1647    -0.1689    -0.0042   2.824414   2.824556   0.000143    34.1293    34.1359     7.7157    27.4116    27.4172    335.391  351.83059  353.33645          3  0.000e+00
      23314 326.738234  -62.20580  -58.30020     -0.051    1447.10      3.783      3.746    -0.1644    -0.1681    -0.0036    -0.1646    -0.1682    -0.0036   2.824444   2.824499   0.000055    34.1296    34.1344     7.7161    27.4118    27.4159    335.408  351.82878  353.33464          3  0.000e+00
      23315 326.738234  -62.20580  -58.30020     -0.051    1447.10      3.783      3.747    -0.1646    -0.1683    -0.0038    -0.1647    -0.1685    -0.0038   2.824438   2.824464   0.000026    34.1296    34.1342     7.7165    27.4119    27.4157    335.426  351.82971  353.33559          3  0.000e+00
      23316 326.738234  -62.20580  -58.30020     -0.050    1447.10      3.783      3.747    -0.1644    -0.1687    -0.0043    -0.1646    -0.1688    -0.0043   2.824414   2.824493   0.000079    34.1292    34.1350     7.7169    27.4115    27.4164    335.442  351.82989  353.33572          3  0.000e+00
      23317 326.738235  -62.20580  -58.30020     -0.049    1447.10      3.783      3.747    -0.1646    -0.1687    -0.0042    -0.1647    -0.1688    -0.0042   2.824426   2.824533   0.000108    34.1295    34.1356     7.7122    27.4117    27.4168    335.238  351.83015  353.33602          3  0.000e+00
      23318 326.738235  -62.20580  -58.30020     -0.048    1447.10      3.783      3.747    -0.1644    -0.1685    -0.0040    -0.1646    -0.1686    -0.0040   2.824414   2.824476   0.000062    34.1292    34.1345     7.7118    27.4115    27.4160    335.220  351.82989  353.33572          3  0.000e+00
      23319 326.738236  -62.20580  -58.30020     -0.047    1447.10      3.783      3.747    -0.1646    -0.1689    -0.0043    -0.1647    -0.1690    -0.0043   2.824444   2.824458   0.000014    34.1297    34.1347     7.7164    27.4119    27.4162    335.422  351.82949  353.33537          3  0.000e+00
      23320 326.738236  -62.20580  -58.30020     -0.048    1447.10      3.783      3.747    -0.1646    -0.1684    -0.0038    -0.1647    -0.1685    -0.0038   2.824438   2.824475   0.000038    34.1296    34.1344     7.7117    27.4119    27.4159    335.216  351.82971  353.33559          3  0.000e+00
      23321 326.738237  -62.20580  -58.30020     -0.046    1447.10      3.783      3.747    -0.1644    -0.1685    -0.0041    -0.1645    -0.1686    -0.0041   2.824450   2.824551   0.000101    34.1296    34.1355     7.7112    27.4118    27.4168    335.196  351.82821  353.33405          3  0.000e+00
      23322 326.738237  -62.20580  -58.30020     -0.047    1447.10      3.783      3.747    -0.1646    -0.1687    -0.0042    -0.1647    -0.1688    -0.0042   2.824438   2.824522   0.000084    34.1296    34.1354     7.7159    27.4119    27.4167    335.398  351.82971  353.33559          3  0.000e+00
      23323 326.738238  -62.20580  -58.30020     -0.042    1447.10      3.783      3.747    -0.1646    -0.1684    -0.0038    -0.1647    -0.1685    -0.0038   2.824432   2.824493   0.000061    34.1296    34.1347     7.7111    27.4118    27.4161    335.191  351.82993  353.33580          3  0.000e+00
      23324 326.738238  -62.20580  -58.30020     -0.042    1447.10      3.783      3.747    -0.1647    -0.1683    -0.0036    -0.1649    -0.1685    -0.0036   2.824450   2.824504   0.000055    34.1300    34.1347     7.7157    27.4121    27.4162    335.391  351.83033  353.33626          3  0.000e+00
      23325 326.738239  -62.20580  -58.30020     -0.042    1447.10      3.783      3.747    -0.1649    -0.1686    -0.0037    -0.1650    -0.1687    -0.0037   2.824420   2.824591   0.000172    34.1297    34.1362     7.7160    27.4119    27.4173    335.403  351.83213  353.33808          3  0.000e+00
      23326 326.738239  -62.20580  -58.30020     -0.040    1447.10      3.783      3.747    -0.1650    -0.1681    -0.0030    -0.1651    -0.1682    -0.0030   2.824426   2.824603   0.000177    34.1300    34.1358     7.7163    27.4122    27.4170    335.414  351.83297  353.33896          3  0.000e+00
      23327 326.738240  -62.20580  -58.30020     -0.036    1447.10      3.783      3.747    -0.1649    -0.1686    -0.0038    -0.1650    -0.1688    -0.0038   2.824432   2.824528   0.000096    34.1299    34.1354     7.7164    27.4121    27.4167    335.420  351.83169  353.33764          3  0.000e+00
      23328 326.738240  -62.20580  -58.30020     -0.036    1447.10      3.783      3.747    -0.1649    -0.1679    -0.0030    -0.1650    -0.1681    -0.0030   2.824450   2.824510   0.000060    34.1302    34.1344     7.7166    27.4123    27.4158    335.427  351.83138  353.33736          3  0.000e+00
      23329 326.738241  -62.20580  -58.30020     -0.035    1447.10      3.783      3.747    -0.1646    -0.1678    -0.0033    -0.1647    -0.1680    -0.0033   2.824462   2.824591   0.000129    34.1300    34.1354     7.7166    27.4121    27.4166    335.429  351.82883  353.33472          3  0.000e+00
      23330 326.738241  -62.20580  -58.30020     -0.035    1447.10      3.783      3.747    -0.1649    -0.1681    -0.0032    -0.1650    -0.1682    -0.0032   2.824438   2.824643   0.000206    34.1300    34.1363     7.7168    27.4122    27.4174    335.437  351.83182  353.33779          3  0.000e+00
      23331 326.738242  -62.20580  -58.30020     -0.034    1447.10      3.783      3.747    -0.1647    -0.1678    -0.0031    -0.1648    -0.1679    -0.0031   2.824432   2.824585   0.000154    34.1297    34.1352     7.7168    27.4119    27.4165    335.438  351.83064  353.33654          3  0.000e+00
      23332 326.738242  -62.20580  -58.30020     -0.030    1447.10      3.783      3.747    -0.1650    -0.1677    -0.0027    -0.1651    -0.1678    -0.0027   2.824414   2.824568   0.000154    34.1298    34.1349     7.7169    27.4120    27.4163    335.442  351.83341  353.33939          3  0.000e+00
      23333 326.738243  -62.20580  -58.30020     -0.026    1447.10      3.838      3.801    -0.1650    -0.1675    -0.0024    -0.1652    -0.1676    -0.0024   2.824384   2.824643   0.000260    34.1294    34.1356     7.7170    27.4117    27.4168    335.446  351.83461  353.34057          3  0.000e+00
      23334 326.738243  -62.20580  -58.30020     -0.024    1447.10      3.783      3.747    -0.1649    -0.1673    -0.0024    -0.1650    -0.1674    -0.0024   2.824377   2.824672   0.000295    34.1292    34.1358     7.7169    27.4115    27.4170    335.441  351.83403  353.33996          3  0.000e+00
      23335 326.738244  -62.20580  -58.30020     -0.023    1447.10      3.783      3.747    -0.1650    -0.1674    -0.0024    -0.1651    -0.1675    -0.0024   2.824396   2.824649   0.000253    34.1296    34.1356     7.7118    27.4118    27.4168    335.219  351.83407  353.34004          3  0.000e+00
      23336 326.738244  -62.20580  -58.30020     -0.022    1447.10      3.783      3.747    -0.1649    -0.1671    -0.0022    -0.1650    -0.1673    -0.0022   2.824383   2.824643   0.000260    34.1293    34.1353     7.7110    27.4116    27.4165    335.184  351.83381  353.33974          3  0.000e+00
      23337 326.738245  -62.20580  -58.30020     -0.017    1447.10      3.838      3.801    -0.1650    -0.1670    -0.0020    -0.1652    -0.1671    -0.0020   2.824396   2.824603   0.000207    34.1296    34.1345     7.7102    27.4118    27.4159    335.152  351.83416  353.34013          3  0.000e+00
      23338 326.738245  -62.20580  -58.30020     -0.018    1447.10      3.783      3.747    -0.1650    -0.1674    -0.0024    -0.1651    -0.1675    -0.0024   2.824408   2.824649   0.000241    34.1298    34.1356     7.7094    27.4120    27.4168    335.115  351.83363  353.33961          3  0.000e+00
      23339 326.738246  -62.20580  -58.30020     -0.014    1447.10      3.838      3.801    -0.1650    -0.1673    -0.0023    -0.1652    -0.1674    -0.0023   2.824426   2.824672   0.000246    34.1300    34.1358     7.7094    27.4121    27.4170    335.115  351.83306  353.33905          3  0.000e+00
      23340 326.738246  -62.20580  -58.30020     -0.012    1447.10      3.783      3.747    -0.1649    -0.1673    -0.0024    -0.1650    -0.1674    -0.0024   2.824432   2.824632   0.000200    34.1299    34.1353     7.7144    27.4121    27.4166    335.331  351.83205  353.33801          3  0.000e+00
      23341 326.738247  -62.20580  -58.30020     -0.007    1447.10      3.838      3.801    -0.1647    -0.1671    -0.0024    -0.1648    -0.1672    -0.0024   2.824432   2.824597   0.000165    34.1297    34.1345     7.7101    27.4119    27.4159    335.145  351.83073  353.33663          3  0.000e+00
      23342 326.738247  -62.20580  -58.30020     -0.005    1447.10      3.783      3.747    -0.1649    -0.1673    -0.0024    -0.1650    -0.1674    -0.0024   2.824390   2.824626   0.000236    34.1294    34.1352     7.7093    27.4117    27.4165    335.113  351.83359  353.33952          3  0.000e+00
      23343 326.738247  -62.20580  -58.30020     -0.004    1447.10      3.838      3.801    -0.1652    -0.1676    -0.0024    -0.1653    -0.1677    -0.0024   2.824377   2.824689   0.000312    34.1295    34.1364     7.7087    27.4118    27.4175    335.086  351.83588  353.34188          3  0.000e+00
      23344 326.738248  -62.20580  -58.30020      0.001    1447.10      3.838      3.801    -0.1649    -0.1672    -0.0023    -0.1650    -0.1674    -0.0023   2.824377   2.824678   0.000300    34.1292    34.1358     7.7079    27.4115    27.4170    335.052  351.83412  353.34005          3  0.000e+00
      23345 326.738248  -62.20580  -58.30020      0.006    1447.10      3.838      3.801    -0.1649    -0.1673    -0.0025    -0.1650    -0.1674    -0.0025   2.824377   2.824591   0.000214    34.1291    34.1347     7.7072    27.4114    27.4161    335.019  351.83377  353.33968          3  0.000e+00
      23346 326.738249  -62.20580  -58.30020      0.008    1447.10      3.838      3.801    -0.1650    -0.1668    -0.0017    -0.1652    -0.1669    -0.0017   2.824414   2.824666   0.000253    34.1298    34.1351     7.7064    27.4120    27.4164    334.987  351.83350  353.33948          3  0.000e+00
      23347 326.738249  -62.20580  -58.30020      0.013    1447.10      3.838      3.801    -0.1653    -0.1665    -0.0012    -0.1654    -0.1667    -0.0012   2.824414   2.824753   0.000339    34.1301    34.1360     7.7058    27.4123    27.4171    334.957  351.83527  353.34132          3  0.000e+00
      23348 326.738250  -62.20580  -58.30020      0.014    1447.10      3.838      3.801    -0.1650    -0.1656    -0.0006    -0.1652    -0.1657    -0.0006   2.824384   2.824846   0.000462    34.1294    34.1362     7.7050    27.4117    27.4172    334.924  351.83461  353.34057          3  0.000e+00
      23349 326.738250  -62.20580  -58.30020      0.022    1447.10      3.886      3.849    -0.1647    -0.1652    -0.0005    -0.1648    -0.1653    -0.0005   2.824396   2.824817   0.000421    34.1291    34.1353     7.7042    27.4115    27.4165    334.891  351.83213  353.33801          3  0.000e+00
      23350 326.738251  -62.20580  -58.30020      0.023    1447.10      3.838      3.801    -0.1647    -0.1642     0.0005    -0.1649    -0.1643     0.0005   2.824426   2.824822   0.000397    34.1296    34.1343     7.7085    27.4119    27.4156    335.076  351.83130  353.33721          3  0.000e+00
      23351 326.738251  -62.20580  -58.30020      0.027    1447.10      3.838      3.801    -0.1649    -0.1642     0.0006    -0.1650    -0.1643     0.0006   2.824414   2.824869   0.000455    34.1296    34.1350     7.7085    27.4118    27.4161    335.076  351.83245  353.33838          3  0.000e+00
      23352 326.738252  -62.20580  -58.30020      0.031    1447.10      3.886      3.849    -0.1646    -0.1640     0.0006    -0.1647    -0.1641     0.0006   2.824444   2.824886   0.000442    34.1297    34.1349     7.7041    27.4119    27.4161    334.886  351.82966  353.33554          3  0.000e+00
      23353 326.738252  -62.20580  -58.30020      0.035    1447.10      3.886      3.849    -0.1647    -0.1644     0.0003    -0.1648    -0.1645     0.0003   2.824420   2.824886   0.000466    34.1295    34.1353     7.7092    27.4117    27.4164    335.107  351.83125  353.33714          3  0.000e+00
      23354 326.738253  -62.20580  -58.30020      0.039    1447.10      3.838      3.802    -0.1646    -0.1647    -0.0001    -0.1647    -0.1648    -0.0001   2.824444   2.824799   0.000356    34.1297    34.1345     7.7091    27.4119    27.4158    335.102  351.82958  353.33546          3  0.000e+00
      23355 326.738253  -62.20580  -58.30020      0.042    1447.10      3.886      3.849    -0.1644    -0.1648    -0.0004    -0.1645    -0.1649    -0.0004   2.824438   2.824817   0.000379    34.1294    34.1348     7.7048    27.4116    27.4161    334.914  351.82883  353.33466          3  0.000e+00
      23356 326.738254  -62.20580  -58.30020      0.046    1447.10      3.886      3.849    -0.1643    -0.1647    -0.0004    -0.1644    -0.1648    -0.0004   2.824450   2.824869   0.000419    34.1294    34.1354     7.7040    27.4117    27.4165    334.880  351.82768  353.33349          3  0.000e+00
      23357 326.738254  -62.20580  -58.30020      0.048    1447.10      3.886      3.849    -0.1644    -0.1650    -0.0006    -0.1645    -0.1651    -0.0006   2.824462   2.824828   0.000367    34.1297    34.1352     7.7040    27.4119    27.4164    334.880  351.82794  353.33379          3  0.000e+00
