Pos-Processados/process_op38/operantar38_008B.ros
* Sea-Bird SBE 9 Data File:
* FileName = D:\OPERANTAR_XXXVIII\DADOS\OP38_008B.hdr
* Software Version Seasave V 7.18c
* Temperature SN = 4808
* Conductivity SN = 3380
* Number of Bytes Per Scan = 31
* Number of Voltage Words = 2
* Number of Scans Averaged by the Deck Unit = 1
* NMEA Latitude = 44 36.43 S
* NMEA Longitude = 052 08.36 W
* NMEA UTC (Time) = Oct 20 2019 02:21:12
** H41
** NAVIO POLAR ALMIRANTE MAXIMIANO
** CRUZEIRO:
** OPERANTAR XXXVIII
** ESTAÇÃO:
** LAT
** LONG
** 09P73767-1155
** PROFUNDIDADE:
** DATA/HORA: 20022Z/OUT/19
** OPERADOR: CTTECCHIO
# nquan = 26
# nvalues = 579                                   
# units = specified
# name 0 = scan: Scan Count
# name 1 = timeJ: Julian Days
# name 2 = latitude: Latitude [deg]
# name 3 = longitude: Longitude [deg]
# name 4 = dz/dtM: Descent Rate [m/s]
# name 5 = avgsvCM: Average Sound Velocity [Chen-Millero, m/s]
# name 6 = prDM: Pressure, Digiquartz [db]
# name 7 = depSM: Depth [salt water, m]
# name 8 = t090C: Temperature [ITS-90, deg C]
# name 9 = t190C: Temperature, 2 [ITS-90, deg C]
# name 10 = T2-T190C: Temperature Difference, 2 - 1 [ITS-90, deg C]
# name 11 = potemp090C: Potential Temperature [ITS-90, deg C]
# name 12 = potemp190C: Potential Temperature, 2 [ITS-90, deg C]
# name 13 = potemp90Cdiff: Potential Temperature, Diff, 2 - 1 [ITS-90, deg C]
# name 14 = c0S/m: Conductivity [S/m]
# name 15 = c1S/m: Conductivity, 2 [S/m]
# name 16 = C2-C1S/m: Conductivity Difference, 2 - 1 [S/m]
# name 17 = sal00: Salinity, Practical [PSU]
# name 18 = sal11: Salinity, Practical, 2 [PSU]
# name 19 = sbeox0ML/L: Oxygen, SBE 43 [ml/l]
# name 20 = sbeox1ML/L: Oxygen, SBE 43, 2 [ml/l]
# name 21 = sbeox0ML/Ldiff: Oxygen, SBE 43, Diff, 2 - 1 [ml/l]
# name 22 = sigma-é00: Density [sigma-theta, kg/m^3]
# name 23 = sigma-é11: Density, 2 [sigma-theta, kg/m^3]
# name 24 = nbf: Bottles Fired
# name 25 = flag:  0.000e+00
# interval = seconds: 0.0416667
# start_time = Oct 20 2019 02:21:12 [NMEA time, header]
# bad_flag = -9.990e-29
*END*
       9805 293.102784  -44.60484  -52.13664      0.348       0.00      3.351      3.324    11.7738    11.7784     0.0046    11.7734    11.7780     0.0046   3.956029   3.957411   0.001381    34.7814    34.7907     6.1997     6.0454    -0.1543    26.4623    26.4687          1  0.000e+00
       9806 293.102784  -44.60484  -52.13664      0.360       0.00      3.454      3.426    11.7735    11.7785     0.0050    11.7731    11.7781     0.0050   3.956317   3.957417   0.001100    34.7845    34.7906     6.1997     6.0455    -0.1543    26.4648    26.4686          1  0.000e+00
       9807 293.102785  -44.60484  -52.13664      0.367       0.00      3.406      3.378    11.7735    11.7792     0.0056    11.7731    11.7787     0.0056   3.956379   3.957443   0.001064    34.7852    34.7903     6.1997     6.0492    -0.1505    26.4653    26.4682          1  0.000e+00
       9808 293.102785  -44.60484  -52.13664      0.374       0.00      3.406      3.378    11.7733    11.7784     0.0051    11.7729    11.7780     0.0051   3.956386   3.957404   0.001018    34.7854    34.7906     6.1994     6.0498    -0.1496    26.4655    26.4686          1  0.000e+00
       9809 293.102785  -44.60484  -52.13664      0.382       0.00      3.509      3.480    11.7735    11.7783     0.0048    11.7731    11.7779     0.0048   3.956393   3.957332   0.000939    34.7853    34.7899     6.1992     6.0504    -0.1488    26.4654    26.4681          1  0.000e+00
       9810 293.102786  -44.60484  -52.13664      0.388       0.00      3.454      3.426    11.7735    11.7783     0.0048    11.7731    11.7779     0.0048   3.956365   3.957318   0.000953    34.7850    34.7898     6.1992     6.0470    -0.1522    26.4652    26.4680          1  0.000e+00
       9811 293.102786  -44.60484  -52.13664      0.393       0.00      3.454      3.426    11.7733    11.7780     0.0047    11.7729    11.7775     0.0047   3.956352   3.957417   0.001065    34.7851    34.7911     6.1992     6.0471    -0.1521    26.4653    26.4691          1  0.000e+00
       9812 293.102787  -44.60484  -52.13662      0.393       0.00      3.454      3.426    11.7734    11.7784     0.0050    11.7729    11.7780     0.0050   3.956352   3.957397   0.001046    34.7850    34.7905     6.1992     6.0471    -0.1521    26.4652    26.4686          1  0.000e+00
       9813 293.102787  -44.60484  -52.13662      0.397       0.00      3.509      3.480    11.7732    11.7777     0.0045    11.7727    11.7772     0.0045   3.956359   3.957364   0.001006    34.7852    34.7909     6.1958     6.0474    -0.1485    26.4654    26.4690          1  0.000e+00
       9814 293.102788  -44.60484  -52.13662      0.397       0.00      3.454      3.426    11.7733    11.7770     0.0037    11.7729    11.7766     0.0037   3.956379   3.957299   0.000919    34.7853    34.7909     6.1990     6.0475    -0.1514    26.4655    26.4691          1  0.000e+00
       9815 293.102788  -44.60484  -52.13662      0.395       0.00      3.509      3.480    11.7734    11.7769     0.0035    11.7729    11.7765     0.0035   3.956365   3.957075   0.000709    34.7851    34.7887     6.1952     6.0512    -0.1441    26.4653    26.4675          1  0.000e+00
       9816 293.102789  -44.60484  -52.13662      0.397       0.00      3.556      3.528    11.7738    11.7770     0.0032    11.7734    11.7766     0.0032   3.956379   3.957002   0.000623    34.7848    34.7879     6.1984     6.0513    -0.1471    26.4649    26.4668          1  0.000e+00
       9817 293.102789  -44.60484  -52.13662      0.391       0.00      3.454      3.426    11.7734    11.7768     0.0035    11.7729    11.7764     0.0035   3.956393   3.957180   0.000787    34.7854    34.7899     6.1949     6.0474    -0.1475    26.4655    26.4684          1  0.000e+00
       9818 293.102790  -44.60484  -52.13662      0.389       0.00      3.556      3.528    11.7737    11.7764     0.0027    11.7732    11.7759     0.0027   3.956400   3.957246   0.000846    34.7851    34.7909     6.1944     6.0476    -0.1468    26.4652    26.4692          1  0.000e+00
       9819 293.102790  -44.60484  -52.13662      0.383       0.00      3.509      3.480    11.7735    11.7760     0.0025    11.7731    11.7756     0.0025   3.956413   3.957272   0.000859    34.7855    34.7915     6.1941     6.0472    -0.1469    26.4655    26.4698          1  0.000e+00
       9820 293.102791  -44.60484  -52.13662      0.382       0.00      3.556      3.528    11.7732    11.7765     0.0033    11.7727    11.7760     0.0033   3.956372   3.957285   0.000913    34.7853    34.7912     6.1974     6.0473    -0.1500    26.4655    26.4694          1  0.000e+00
       9821 293.102791  -44.60484  -52.13662      0.377       0.00      3.536      3.507    11.7735    11.7762     0.0027    11.7731    11.7758     0.0027   3.956414   3.957252   0.000839    34.7854    34.7911     6.1939     6.0475    -0.1464    26.4655    26.4694          1  0.000e+00
       9822 293.102792  -44.60484  -52.13662      0.366       0.00      3.509      3.480    11.7740    11.7762     0.0022    11.7735    11.7757     0.0022   3.956393   3.957226   0.000833    34.7848    34.7909     6.1936     6.0472    -0.1464    26.4649    26.4693          1  0.000e+00
       9823 293.102792  -44.60484  -52.13662      0.359       0.00      3.556      3.528    11.7738    11.7757     0.0018    11.7734    11.7752     0.0018   3.956420   3.957213   0.000793    34.7852    34.7913     6.1934     6.0508    -0.1426    26.4653    26.4697          1  0.000e+00
       9824 293.102793  -44.60484  -52.13662      0.347       0.00      3.509      3.480    11.7742    11.7754     0.0012    11.7737    11.7749     0.0012   3.956420   3.957187   0.000766    34.7849    34.7913     6.1928     6.0470    -0.1458    26.4650    26.4697          1  0.000e+00
       9825 293.102793  -44.60484  -52.13662      0.337       0.00      3.509      3.480    11.7740    11.7748     0.0008    11.7735    11.7744     0.0008   3.956427   3.957101   0.000674    34.7851    34.7910     6.1961     6.0473    -0.1488    26.4652    26.4696          1  0.000e+00
       9826 293.102794  -44.60484  -52.13662      0.329       0.00      3.556      3.528    11.7740    11.7750     0.0010    11.7735    11.7745     0.0010   3.956407   3.957101   0.000694    34.7849    34.7908     6.1927     6.0474    -0.1453    26.4650    26.4694          1  0.000e+00
       9827 293.102794  -44.60484  -52.13662      0.315       0.00      3.508      3.480    11.7738    11.7742     0.0004    11.7734    11.7738     0.0004   3.956386   3.957088   0.000702    34.7849    34.7914     6.1960     6.0472    -0.1488    26.4650    26.4700          1  0.000e+00
       9828 293.102795  -44.60484  -52.13662      0.307       0.00      3.556      3.528    11.7740    11.7750     0.0010    11.7735    11.7745     0.0010   3.956420   3.957075   0.000654    34.7851    34.7905     6.1961     6.0473    -0.1488    26.4651    26.4692          1  0.000e+00
       9829 293.102795  -44.60484  -52.13662      0.294       0.00      3.508      3.480    11.7738    11.7750     0.0012    11.7734    11.7745     0.0012   3.956434   3.957134   0.000700    34.7853    34.7911     6.1962     6.0470    -0.1492    26.4654    26.4697          1  0.000e+00
       9830 293.102796  -44.60484  -52.13662      0.280       0.00      3.508      3.480    11.7738    11.7756     0.0017    11.7734    11.7751     0.0017   3.956393   3.957193   0.000800    34.7849    34.7912     6.1963     6.0466    -0.1497    26.4651    26.4696          1  0.000e+00
       9831 293.102796  -44.60484  -52.13662      0.267       0.00      3.508      3.480    11.7737    11.7767     0.0030    11.7733    11.7762     0.0030   3.956393   3.957233   0.000840    34.7851    34.7905     6.1964     6.0462    -0.1502    26.4652    26.4689          1  0.000e+00
       9832 293.102797  -44.60484  -52.13662      0.254       0.00      3.508      3.480    11.7735    11.7770     0.0035    11.7731    11.7766     0.0035   3.956365   3.957279   0.000913    34.7850    34.7907     6.1965     6.0463    -0.1502    26.4652    26.4689          1  0.000e+00
       9833 293.102797  -44.60484  -52.13662      0.235       0.00      3.454      3.426    11.7737    11.7769     0.0033    11.7732    11.7765     0.0033   3.956352   3.957252   0.000901    34.7847    34.7905     6.1966     6.0465    -0.1501    26.4649    26.4688          1  0.000e+00
       9834 293.102798  -44.60484  -52.13662      0.219       0.00      3.454      3.426    11.7737    11.7763     0.0026    11.7733    11.7759     0.0026   3.956413   3.957279   0.000865    34.7853    34.7913     6.1966     6.0463    -0.1503    26.4654    26.4696          1  0.000e+00
       9835 293.102798  -44.60484  -52.13662      0.205       0.00      3.508      3.480    11.7740    11.7767     0.0027    11.7735    11.7762     0.0027   3.956393   3.957127   0.000734    34.7848    34.7895     6.1968     6.0423    -0.1545    26.4649    26.4681          1  0.000e+00
       9836 293.102799  -44.60482  -52.13662      0.187       0.00      3.406      3.378    11.7738    11.7761     0.0022    11.7734    11.7756     0.0022   3.956496   3.955882  -0.000614    34.7860    34.7779     6.1968     6.0459    -0.1509    26.4659    26.4592          1  0.000e+00
       9837 293.102799  -44.60482  -52.13662      0.174       0.00      3.454      3.426    11.7742    11.7762     0.0020    11.7737    11.7757     0.0020   3.956434   3.955072  -0.001362    34.7851    34.7698     6.2004     6.0460    -0.1544    26.4651    26.4529          1  0.000e+00
       9838 293.102799  -44.60482  -52.13662      0.157       0.00      3.454      3.426    11.7742    11.7755     0.0013    11.7737    11.7750     0.0013   3.956386   3.956594   0.000208    34.7846    34.7854     6.2008     6.0453    -0.1555    26.4647    26.4651          1  0.000e+00
       9839 293.102800  -44.60482  -52.13662      0.140       0.00      3.406      3.378    11.7740    11.7757     0.0017    11.7736    11.7752     0.0017   3.956393   3.957147   0.000754    34.7848    34.7907     6.1977     6.0452    -0.1524    26.4650    26.4692          1  0.000e+00
       9840 293.102800  -44.60482  -52.13662      0.124       0.00      3.454      3.426    11.7738    11.7757     0.0019    11.7734    11.7753     0.0019   3.956400   3.957193   0.000793    34.7850    34.7910     6.1978     6.0455    -0.1523    26.4651    26.4694          1  0.000e+00
       9841 293.102801  -44.60482  -52.13662      0.108       0.00      3.406      3.378    11.7740    11.7758     0.0018    11.7736    11.7754     0.0018   3.956413   3.957193   0.000780    34.7851    34.7910     6.2013     6.0458    -0.1555    26.4651    26.4694          1  0.000e+00
       9842 293.102801  -44.60482  -52.13662      0.089       0.00      3.351      3.324    11.7735    11.7757     0.0021    11.7731    11.7752     0.0021   3.956345   3.957206   0.000861    34.7848    34.7913     6.2017     6.0456    -0.1561    26.4651    26.4697          1  0.000e+00
       9843 293.102802  -44.60482  -52.13662      0.076       0.00      3.406      3.378    11.7734    11.7764     0.0030    11.7729    11.7760     0.0030   3.956345   3.957239   0.000894    34.7850    34.7909     6.2021     6.0458    -0.1563    26.4652    26.4692          1  0.000e+00
       9844 293.102802  -44.60482  -52.13662      0.057       0.00      3.351      3.324    11.7732    11.7763     0.0032    11.7727    11.7759     0.0032   3.956352   3.957246   0.000894    34.7852    34.7910     6.2024     6.0456    -0.1568    26.4654    26.4693          1  0.000e+00
       9845 293.102803  -44.60482  -52.13662      0.040       0.00      3.351      3.324    11.7732    11.7765     0.0033    11.7727    11.7761     0.0033   3.956331   3.957219   0.000888    34.7850    34.7906     6.1993     6.0460    -0.1534    26.4653    26.4690          1  0.000e+00
       9846 293.102803  -44.60482  -52.13662      0.021       0.00      3.330      3.304    11.7730    11.7754     0.0024    11.7726    11.7750     0.0024   3.956290   3.957193   0.000903    34.7848    34.7914     6.2028     6.0421    -0.1607    26.4651    26.4698          1  0.000e+00
       9847 293.102804  -44.60482  -52.13662      0.003       0.00      3.303      3.276    11.7727    11.7760     0.0033    11.7723    11.7756     0.0033   3.956263   3.957206   0.000944    34.7848    34.7910     6.2035     6.0414    -0.1621    26.4652    26.4694          1  0.000e+00
       9848 293.102804  -44.60482  -52.13662     -0.014       0.00      3.303      3.276    11.7728    11.7760     0.0032    11.7724    11.7756     0.0032   3.956276   3.957213   0.000937    34.7848    34.7911     6.2038     6.0409    -0.1629    26.4652    26.4694          1  0.000e+00
       9849 293.102805  -44.60482  -52.13662     -0.032       0.00      3.303      3.276    11.7728    11.7761     0.0032    11.7724    11.7756     0.0032   3.956256   3.957213   0.000957    34.7846    34.7910     6.2044     6.0408    -0.1636    26.4650    26.4693          1  0.000e+00
       9850 293.102805  -44.60482  -52.13662     -0.049       0.00      3.255      3.229    11.7728    11.7760     0.0032    11.7724    11.7756     0.0032   3.956331   3.957213   0.000882    34.7854    34.7911     6.2047     6.0403    -0.1644    26.4656    26.4694          1  0.000e+00
       9851 293.102806  -44.60482  -52.13662     -0.069       0.00      3.255      3.229    11.7734    11.7760     0.0026    11.7730    11.7756     0.0026   3.956276   3.957186   0.000910    34.7844    34.7908     6.2049     6.0398    -0.1651    26.4647    26.4692          1  0.000e+00
       9852 293.102806  -44.60482  -52.13662     -0.083       0.00      3.255      3.229    11.7740    11.7759     0.0019    11.7736    11.7755     0.0019   3.954376   3.957180   0.002804    34.7651    34.7908     6.2059     6.0398    -0.1661    26.4496    26.4693          1  0.000e+00
       9853 293.102807  -44.60482  -52.13662     -0.100       0.00      3.200      3.174    11.7752    11.7758     0.0007    11.7748    11.7754     0.0007   3.955556   3.957127   0.001571    34.7756    34.7904     6.2090     6.0394    -0.1696    26.4576    26.4689          1  0.000e+00
       9854 293.102807  -44.60482  -52.13662     -0.116       0.00      3.255      3.229    11.7752    11.7757     0.0005    11.7748    11.7752     0.0005   3.956461   3.957134   0.000672    34.7845    34.7906     6.2093     6.0391    -0.1702    26.4644    26.4691          1  0.000e+00
       9855 293.102808  -44.60482  -52.13662     -0.131       0.00      3.152      3.127    11.7748    11.7746    -0.0003    11.7744    11.7742    -0.0003   3.956489   3.957094   0.000605    34.7851    34.7913     6.2097     6.0387    -0.1710    26.4650    26.4699          1  0.000e+00
       9856 293.102808  -44.60482  -52.13662     -0.147       0.00      3.200      3.174    11.7745    11.7743    -0.0002    11.7741    11.7739    -0.0002   3.956468   3.957074   0.000606    34.7852    34.7913     6.2103     6.0389    -0.1714    26.4651    26.4699          1  0.000e+00
       9857 293.102809  -44.60482  -52.13662     -0.164       0.00      3.152      3.127    11.7740    11.7738    -0.0002    11.7736    11.7734    -0.0002   3.956379   3.957055   0.000676    34.7848    34.7916     6.2108     6.0391    -0.1718    26.4649    26.4702          1  0.000e+00
       9858 293.102809  -44.60482  -52.13662     -0.177       0.00      3.105      3.079    11.7740    11.7741     0.0001    11.7736    11.7737     0.0001   3.956352   3.957041   0.000690    34.7846    34.7913     6.2113     6.0392    -0.1721    26.4648    26.4699          1  0.000e+00
       9859 293.102810  -44.60482  -52.13662     -0.190       0.00      3.152      3.127    11.7735    11.7738     0.0003    11.7731    11.7734     0.0003   3.956331   3.956962   0.000631    34.7848    34.7907     6.2118     6.0390    -0.1727    26.4650    26.4695          1  0.000e+00
