Pos-Processados/process_op38/operantar38_014.ros
* Sea-Bird SBE 9 Data File:
* FileName = D:\OPERANTAR_XXXVIII\DADOS\OP38_014.hdr
* Software Version Seasave V 7.18c
* Temperature SN = 4808
* Conductivity SN = 3380
* Number of Bytes Per Scan = 34
* Number of Voltage Words = 3
* Number of Scans Averaged by the Deck Unit = 1
* NMEA Latitude = 62 11.37 S
* NMEA Longitude = 058 03.45 W
* NMEA UTC (Time) = Nov 05 2019 06:03:04
** H41
** NAVIO POLAR ALMIRANTE MAXIMIANO
** CRUZEIRO:
** OPERANTAR XXXVIII
** ESTAÇÃO: OP38_014
** LAT 62 11,38' S
** LONG 058 03,41' W
** 09P73767-1155_A
** PROFUNDIDADE: 480
** DATA/HORA: 050604Z/NOV/2019
** OPERADOR: SO-HN CHAVES
# nquan = 26
# nvalues = 2172                                  
# units = specified
# name 0 = scan: Scan Count
# name 1 = timeJ: Julian Days
# name 2 = latitude: Latitude [deg]
# name 3 = longitude: Longitude [deg]
# name 4 = dz/dtM: Descent Rate [m/s]
# name 5 = avgsvCM: Average Sound Velocity [Chen-Millero, m/s]
# name 6 = prDM: Pressure, Digiquartz [db]
# name 7 = depSM: Depth [salt water, m]
# name 8 = t090C: Temperature [ITS-90, deg C]
# name 9 = t190C: Temperature, 2 [ITS-90, deg C]
# name 10 = T2-T190C: Temperature Difference, 2 - 1 [ITS-90, deg C]
# name 11 = potemp090C: Potential Temperature [ITS-90, deg C]
# name 12 = potemp190C: Potential Temperature, 2 [ITS-90, deg C]
# name 13 = potemp90Cdiff: Potential Temperature, Diff, 2 - 1 [ITS-90, deg C]
# name 14 = c0S/m: Conductivity [S/m]
# name 15 = c1S/m: Conductivity, 2 [S/m]
# name 16 = C2-C1S/m: Conductivity Difference, 2 - 1 [S/m]
# name 17 = sal00: Salinity, Practical [PSU]
# name 18 = sal11: Salinity, Practical, 2 [PSU]
# name 19 = sbeox0ML/L: Oxygen, SBE 43 [ml/l]
# name 20 = sbeox1ML/L: Oxygen, SBE 43, 2 [ml/l]
# name 21 = sbeox0ML/Ldiff: Oxygen, SBE 43, Diff, 2 - 1 [ml/l]
# name 22 = sigma-é00: Density [sigma-theta, kg/m^3]
# name 23 = sigma-é11: Density, 2 [sigma-theta, kg/m^3]
# name 24 = nbf: Bottles Fired
# name 25 = flag:  0.000e+00
# interval = seconds: 0.0416667
# start_time = Nov 05 2019 06:03:04 [NMEA time, header]
# bad_flag = -9.990e-29
*END*
[from data line 1896]
      27426 309.265355  -62.18964  -58.05752     -0.074    1448.26     12.986     12.861    -0.7420    -0.7391     0.0029    -0.7424    -0.7394     0.0029   2.778305   2.778903   0.000598    34.1545    34.1593     7.6888     7.3747    -0.3140    27.4580    27.4617         11  0.000e+00
      27427 309.265356  -62.18964  -58.05752     -0.073    1448.26     12.986     12.861    -0.7414    -0.7391     0.0023    -0.7417    -0.7394     0.0023   2.778371   2.778909   0.000538    34.1546    34.1593     7.6896     7.3749    -0.3147    27.4581    27.4618         11  0.000e+00
      27428 309.265356  -62.18962  -58.05752     -0.064    1448.26     13.007     12.882    -0.7409    -0.7388     0.0021    -0.7413    -0.7392     0.0021   2.778407   2.778926   0.000519    34.1546    34.1592     7.6904     7.3749    -0.3155    27.4580    27.4617         11  0.000e+00
      27429 309.265357  -62.18962  -58.05752     -0.063    1448.26     12.986     12.861    -0.7404    -0.7391     0.0014    -0.7408    -0.7394     0.0014   2.778431   2.778972   0.000541    34.1544    34.1602     7.6904     7.3750    -0.3154    27.4579    27.4625         11  0.000e+00
      27430 309.265357  -62.18962  -58.05752     -0.057    1448.26     12.986     12.861    -0.7398    -0.7385     0.0014    -0.7402    -0.7388     0.0014   2.778443   2.778984   0.000541    34.1539    34.1597     7.6903     7.3749    -0.3155    27.4574    27.4620         11  0.000e+00
      27431 309.265358  -62.18962  -58.05752     -0.051    1448.26     12.986     12.861    -0.7401    -0.7380     0.0021    -0.7405    -0.7384     0.0021   2.778425   2.779041   0.000616    34.1540    34.1599     7.6904     7.3747    -0.3157    27.4575    27.4622         11  0.000e+00
      27432 309.265358  -62.18962  -58.05752     -0.050    1448.26     12.986     12.861    -0.7401    -0.7375     0.0026    -0.7405    -0.7379     0.0026   2.778437   2.779047   0.000610    34.1542    34.1594     7.6911     7.3745    -0.3166    27.4576    27.4618         11  0.000e+00
      27433 309.265359  -62.18962  -58.05752     -0.044    1448.26     12.986     12.861    -0.7398    -0.7375     0.0023    -0.7402    -0.7379     0.0023   2.778443   2.779035   0.000592    34.1539    34.1593     7.6917     7.3744    -0.3173    27.4574    27.4617         11  0.000e+00
      27434 309.265359  -62.18962  -58.05752     -0.041    1448.26     13.034     12.909    -0.7400    -0.7374     0.0026    -0.7403    -0.7377     0.0026   2.778479   2.779018   0.000539    34.1545    34.1589     7.6916     7.3742    -0.3173    27.4579    27.4613         11  0.000e+00
      27435 309.265360  -62.18962  -58.05752     -0.036    1448.26     13.007     12.882    -0.7400    -0.7374     0.0026    -0.7403    -0.7377     0.0026   2.778479   2.779018   0.000539    34.1545    34.1589     7.6869     7.3739    -0.3130    27.4579    27.4614         11  0.000e+00
      27436 309.265360  -62.18962  -58.05752     -0.033    1448.26     12.986     12.861    -0.7398    -0.7374     0.0024    -0.7402    -0.7378     0.0024   2.778527   2.778989   0.000463    34.1550    34.1585     7.6859     7.3737    -0.3122    27.4583    27.4611         11  0.000e+00
      27437 309.265361  -62.18962  -58.05752     -0.029    1448.26     12.986     12.861    -0.7398    -0.7377     0.0022    -0.7402    -0.7380     0.0022   2.778503   2.778984   0.000481    34.1547    34.1588     7.6849     7.3734    -0.3115    27.4581    27.4613         11  0.000e+00
      27438 309.265361  -62.18962  -58.05752     -0.024    1448.26     13.034     12.909    -0.7394    -0.7381     0.0012    -0.7397    -0.7385     0.0012   2.778551   2.778926   0.000376    34.1548    34.1585     7.6889     7.3732    -0.3157    27.4581    27.4611         11  0.000e+00
      27439 309.265362  -62.18962  -58.05752     -0.023    1448.26     12.986     12.861    -0.7390    -0.7383     0.0007    -0.7394    -0.7387     0.0007   2.778551   2.778909   0.000358    34.1544    34.1585     7.6841     7.3727    -0.3113    27.4578    27.4611         11  0.000e+00
      27440 309.265362  -62.18962  -58.05752     -0.019    1448.26     12.986     12.861    -0.7389    -0.7389     0.0000    -0.7393    -0.7393     0.0000   2.778533   2.778863   0.000330    34.1541    34.1585     7.6889     7.3724    -0.3165    27.4575    27.4611         11  0.000e+00
      27441 309.265363  -62.18962  -58.05752     -0.016    1448.26     13.007     12.882    -0.7390    -0.7397    -0.0007    -0.7394    -0.7401    -0.0007   2.778497   2.778834   0.000337    34.1537    34.1590     7.6894     7.3720    -0.3174    27.4572    27.4616         11  0.000e+00
      27442 309.265363  -62.18962  -58.05752     -0.012    1448.26     13.034     12.909    -0.7389    -0.7402    -0.0013    -0.7393    -0.7405    -0.0013   2.778473   2.778788   0.000315    34.1532    34.1589     7.6890     7.3716    -0.3174    27.4568    27.4615         11  0.000e+00
      27443 309.265364  -62.18962  -58.05752     -0.007    1448.26     13.034     12.909    -0.7397    -0.7408    -0.0011    -0.7400    -0.7411    -0.0011   2.778503   2.778777   0.000274    34.1545    34.1595     7.6886     7.3711    -0.3175    27.4579    27.4620         11  0.000e+00
      27444 309.265364  -62.18962  -58.05752     -0.000    1448.26     13.034     12.909    -0.7395    -0.7415    -0.0020    -0.7399    -0.7419    -0.0020   2.778503   2.778754   0.000251    34.1543    34.1600     7.6837     7.3718    -0.3119    27.4577    27.4624         11  0.000e+00
      27445 309.265365  -62.18962  -58.05752      0.003    1448.26     13.034     12.909    -0.7395    -0.7411    -0.0016    -0.7399    -0.7414    -0.0016   2.778515   2.778748   0.000233    34.1545    34.1594     7.6832     7.3710    -0.3121    27.4579    27.4619         11  0.000e+00
      27446 309.265365  -62.18962  -58.05752      0.007    1448.26     13.034     12.909    -0.7393    -0.7419    -0.0026    -0.7396    -0.7422    -0.0026   2.778521   2.778731   0.000210    34.1543    34.1601     7.6878     7.3716    -0.3161    27.4577    27.4625         11  0.000e+00
      27447 309.265366  -62.18962  -58.05752      0.011    1448.26     13.034     12.909    -0.7390    -0.7413    -0.0022    -0.7394    -0.7416    -0.0022   2.778557   2.778805   0.000249    34.1545    34.1604     7.6879     7.3720    -0.3160    27.4579    27.4627         11  0.000e+00
      27448 309.265366  -62.18962  -58.05752      0.014    1448.26     13.055     12.929    -0.7389    -0.7398    -0.0009    -0.7393    -0.7402    -0.0009   2.778628   2.778886   0.000258    34.1553    34.1599     7.6881     7.3722    -0.3159    27.4585    27.4622         11  0.000e+00
      27449 309.265367  -62.18962  -58.05752      0.016    1448.26     12.986     12.861    -0.7380    -0.7392    -0.0012    -0.7383    -0.7396    -0.0012   2.778718   2.778909   0.000191    34.1555    34.1595     7.6879     7.3724    -0.3155    27.4587    27.4619         11  0.000e+00
      27450 309.265367  -62.18962  -58.05752      0.020    1448.26     13.082     12.956    -0.7372    -0.7391    -0.0019    -0.7375    -0.7395    -0.0019   2.778772   2.778926   0.000154    34.1553    34.1596     7.6880     7.3718    -0.3162    27.4584    27.4620         11  0.000e+00
      27451 309.265367  -62.18962  -58.05752      0.022    1448.26     13.034     12.909    -0.7364    -0.7381    -0.0017    -0.7368    -0.7385    -0.0017   2.778784   2.778972   0.000188    34.1546    34.1591     7.6879     7.3708    -0.3171    27.4579    27.4616         11  0.000e+00
      27452 309.265368  -62.18962  -58.05752      0.026    1448.26     13.034     12.909    -0.7361    -0.7380    -0.0019    -0.7365    -0.7384    -0.0019   2.778802   2.779041   0.000239    34.1545    34.1599     7.6879     7.3699    -0.3180    27.4578    27.4622         11  0.000e+00
      27453 309.265368  -62.18962  -58.05752      0.027    1448.26     13.034     12.909    -0.7360    -0.7377    -0.0018    -0.7363    -0.7381    -0.0018   2.778796   2.779064   0.000268    34.1543    34.1599     7.6827     7.3690    -0.3138    27.4575    27.4622         11  0.000e+00
      27454 309.265369  -62.18962  -58.05752      0.032    1448.26     13.055     12.929    -0.7358    -0.7364    -0.0006    -0.7362    -0.7368    -0.0006   2.778784   2.779139   0.000355    34.1539    34.1594     7.6872     7.3678    -0.3194    27.4573    27.4618         11  0.000e+00
      27455 309.265369  -62.18962  -58.05752      0.036    1448.26     13.082     12.956    -0.7360    -0.7364    -0.0005    -0.7363    -0.7368    -0.0005   2.778784   2.779214   0.000430    34.1541    34.1604     7.6820     7.3680    -0.3140    27.4574    27.4626         11  0.000e+00
      27456 309.265370  -62.18962  -58.05752      0.037    1448.26     13.034     12.909    -0.7358    -0.7357     0.0001    -0.7362    -0.7361     0.0001   2.778742   2.779219   0.000477    34.1534    34.1597     7.6812     7.3681    -0.3131    27.4568    27.4619         11  0.000e+00
      27457 309.265370  -62.18962  -58.05752      0.040    1448.26     13.082     12.956    -0.7358    -0.7358     0.0000    -0.7362    -0.7362     0.0000   2.778748   2.779225   0.000477    34.1534    34.1599     7.6805     7.3672    -0.3133    27.4569    27.4621         11  0.000e+00
      27458 309.265371  -62.18962  -58.05752      0.042    1448.26     13.034     12.909    -0.7360    -0.7354     0.0006    -0.7363    -0.7357     0.0006   2.778742   2.779260   0.000517    34.1535    34.1599     7.6797     7.3660    -0.3137    27.4570    27.4621         11  0.000e+00
      27459 309.265371  -62.18962  -58.05752      0.045    1448.26     13.082     12.956    -0.7360    -0.7346     0.0014    -0.7363    -0.7350     0.0014   2.778790   2.779254   0.000464    34.1541    34.1589     7.6789     7.3661    -0.3128    27.4575    27.4612         11  0.000e+00
      27460 309.265372  -62.18962  -58.05752      0.045    1448.26     13.034     12.909    -0.7360    -0.7346     0.0014    -0.7363    -0.7350     0.0014   2.778790   2.779288   0.000498    34.1542    34.1594     7.6781     7.3662    -0.3119    27.4575    27.4616         11  0.000e+00
      27461 309.265372  -62.18962  -58.05752      0.049    1448.26     13.110     12.983    -0.7358    -0.7339     0.0020    -0.7362    -0.7342     0.0020   2.778820   2.779300   0.000480    34.1544    34.1587     7.6774     7.3663    -0.3111    27.4577    27.4610         11  0.000e+00
      27462 309.265373  -62.18962  -58.05752      0.052    1448.26     13.082     12.956    -0.7358    -0.7343     0.0016    -0.7362    -0.7346     0.0016   2.778838   2.779300   0.000462    34.1547    34.1592     7.6766     7.3664    -0.3101    27.4579    27.4614         11  0.000e+00
      27463 309.265373  -62.18962  -58.05752      0.054    1448.26     13.082     12.956    -0.7354    -0.7346     0.0008    -0.7357    -0.7350     0.0008   2.778832   2.779225   0.000393    34.1541    34.1585     7.6757     7.3667    -0.3090    27.4574    27.4609         11  0.000e+00
      27464 309.265374  -62.18962  -58.05752      0.057    1448.26     13.082     12.956    -0.7355    -0.7352     0.0002    -0.7359    -0.7356     0.0002   2.778832   2.779173   0.000341    34.1542    34.1585     7.6750     7.3728    -0.3021    27.4575    27.4610         11  0.000e+00
      27465 309.265374  -62.18962  -58.05752      0.056    1448.26     13.082     12.956    -0.7352    -0.7363    -0.0011    -0.7356    -0.7367    -0.0011   2.778850   2.779093   0.000243    34.1541    34.1586     7.6741     7.3673    -0.3069    27.4574    27.4611         11  0.000e+00
      27466 309.265375  -62.18962  -58.05752      0.057    1448.26     13.082     12.956    -0.7352    -0.7369    -0.0017    -0.7356    -0.7373    -0.0017   2.778838   2.779001   0.000163    34.1539    34.1581     7.6734     7.3663    -0.3071    27.4573    27.4607         11  0.000e+00
      27467 309.265375  -62.18962  -58.05752      0.060    1448.26     13.110     12.983    -0.7355    -0.7375    -0.0020    -0.7359    -0.7379    -0.0020   2.778838   2.778949   0.000111    34.1542    34.1580     7.6727     7.3653    -0.3074    27.4575    27.4607         11  0.000e+00
      27468 309.265376  -62.18962  -58.05752      0.061    1448.26     13.082     12.956    -0.7354    -0.7392    -0.0038    -0.7357    -0.7396    -0.0038   2.778832   2.778874   0.000043    34.1541    34.1590     7.6718     7.3655    -0.3063    27.4574    27.4615         11  0.000e+00
      27469 309.265376  -62.18962  -58.05752      0.061    1448.26     13.082     12.956    -0.7355    -0.7397    -0.0042    -0.7359    -0.7401    -0.0042   2.778796   2.778794  -0.000002    34.1537    34.1584     7.6659     7.3597    -0.3062    27.4571    27.4611         11  0.000e+00
      27470 309.265377  -62.18962  -58.05752      0.062    1448.26     13.082     12.956    -0.7355    -0.7405    -0.0050    -0.7359    -0.7408    -0.0050   2.778802   2.778817   0.000015    34.1538    34.1596     7.6652     7.3646    -0.3007    27.4571    27.4621         11  0.000e+00
      27471 309.265377  -62.18962  -58.05752      0.066    1448.26     13.137     13.010    -0.7355    -0.7405    -0.0050    -0.7359    -0.7408    -0.0050   2.778808   2.778828   0.000021    34.1538    34.1597     7.6690     7.3646    -0.3044    27.4572    27.4622         11  0.000e+00
      27472 309.265378  -62.18962  -58.05752      0.063    1448.26     13.082     12.956    -0.7357    -0.7402    -0.0045    -0.7360    -0.7405    -0.0045   2.778814   2.778892   0.000078    34.1541    34.1603     7.6683     7.3645    -0.3038    27.4574    27.4626         11  0.000e+00
      27473 309.265378  -62.18962  -58.05752      0.064    1448.26     13.110     12.983    -0.7358    -0.7401    -0.0043    -0.7362    -0.7405    -0.0043   2.778826   2.778949   0.000123    34.1545    34.1610     7.6677     7.3645    -0.3032    27.4577    27.4632         11  0.000e+00
      27474 309.265379  -62.18962  -58.05752      0.063    1448.26     13.082     12.956    -0.7357    -0.7394    -0.0037    -0.7360    -0.7397    -0.0037   2.778814   2.779018   0.000204    34.1541    34.1611     7.6677     7.3643    -0.3035    27.4574    27.4633         11  0.000e+00
      27475 309.265379  -62.18962  -58.05752      0.065    1448.26     13.137     13.010    -0.7361    -0.7389    -0.0028    -0.7365    -0.7393    -0.0028   2.778826   2.779058   0.000233    34.1548    34.1611     7.6680     7.3642    -0.3038    27.4580    27.4632         11  0.000e+00
      27476 309.265380  -62.18962  -58.05752      0.064    1448.26     13.082     12.956    -0.7366    -0.7384    -0.0019    -0.7370    -0.7388    -0.0019   2.778820   2.779087   0.000267    34.1553    34.1610     7.6683     7.3640    -0.3042    27.4584    27.4631         11  0.000e+00
      27477 309.265380  -62.18962  -58.05752      0.067    1448.26     13.137     13.010    -0.7364    -0.7375    -0.0011    -0.7368    -0.7379    -0.0011   2.778892   2.779110   0.000218    34.1560    34.1602     7.6685     7.3639    -0.3045    27.4590    27.4624         11  0.000e+00
      27478 309.265380  -62.18962  -58.05752      0.068    1448.26     13.137     13.010    -0.7352    -0.7366    -0.0014    -0.7356    -0.7370    -0.0014   2.778952   2.779156   0.000205    34.1554    34.1598     7.6685     7.3637    -0.3047    27.4585    27.4621         11  0.000e+00
      27479 309.265381  -62.18962  -58.05752      0.066    1448.26     13.082     12.956    -0.7346    -0.7361    -0.0016    -0.7349    -0.7365    -0.0016   2.778963   2.779168   0.000204    34.1549    34.1594     7.6686     7.3636    -0.3050    27.4580    27.4618         11  0.000e+00
      27480 309.265381  -62.18962  -58.05752      0.065    1448.26     13.110     12.983    -0.7341    -0.7360    -0.0019    -0.7345    -0.7364    -0.0019   2.778963   2.779214   0.000250    34.1544    34.1599     7.6637     7.3636    -0.3001    27.4576    27.4621         11  0.000e+00
