Pos-Processados/process_op38/operantar38_024.ros
* Sea-Bird SBE 9 Data File:
* FileName = D:\OPERANTAR_XXXVIII\DADOS\OP38_024.hdr
* Software Version Seasave V 7.18c
* Temperature SN = 4808
* Conductivity SN = 3380
* Number of Bytes Per Scan = 34
* Number of Voltage Words = 3
* Number of Scans Averaged by the Deck Unit = 1
* NMEA Latitude = 62 13.17 S
* NMEA Longitude = 058 22.76 W
* NMEA UTC (Time) = Nov 22 2019 19:55:17
** H41
** NAVIO POLAR ALMIRANTE MAXIMIANO
** CRUZEIRO:
** OPERANTAR XXXVIII
** ESTAÇÃO: OP38_024
** LAT 62 13,16'S
** LONG 058 22,74'W
** 09P73767-1155_A
** PROFUNDIDADE: 292
** DATA/HORA: 221955Z/NOV/2019
** OPERADOR: SO-HN CHAVES
# nquan = 26
# nvalues = 1425                                  
# units = specified
# name 0 = scan: Scan Count
# name 1 = timeJ: Julian Days
# name 2 = latitude: Latitude [deg]
# name 3 = longitude: Longitude [deg]
# name 4 = dz/dtM: Descent Rate [m/s]
# name 5 = avgsvCM: Average Sound Velocity [Chen-Millero, m/s]
# name 6 = prDM: Pressure, Digiquartz [db]
# name 7 = depSM: Depth [salt water, m]
# name 8 = t090C: Temperature [ITS-90, deg C]
# name 9 = t190C: Temperature, 2 [ITS-90, deg C]
# name 10 = T2-T190C: Temperature Difference, 2 - 1 [ITS-90, deg C]
# name 11 = potemp090C: Potential Temperature [ITS-90, deg C]
# name 12 = potemp190C: Potential Temperature, 2 [ITS-90, deg C]
# name 13 = potemp90Cdiff: Potential Temperature, Diff, 2 - 1 [ITS-90, deg C]
# name 14 = c0S/m: Conductivity [S/m]
# name 15 = c1S/m: Conductivity, 2 [S/m]
# name 16 = C2-C1S/m: Conductivity Difference, 2 - 1 [S/m]
# name 17 = sal00: Salinity, Practical [PSU]
# name 18 = sal11: Salinity, Practical, 2 [PSU]
# name 19 = sbeox0ML/L: Oxygen, SBE 43 [ml/l]
# name 20 = sbeox1ML/L: Oxygen, SBE 43, 2 [ml/l]
# name 21 = sbeox0ML/Ldiff: Oxygen, SBE 43, Diff, 2 - 1 [ml/l]
# name 22 = sigma-é00: Density [sigma-theta, kg/m^3]
# name 23 = sigma-é11: Density, 2 [sigma-theta, kg/m^3]
# name 24 = nbf: Bottles Fired
# name 25 = flag:  0.000e+00
# interval = seconds: 0.0416667
# start_time = Nov 22 2019 19:55:17 [NMEA time, header]
# bad_flag = -9.990e-29
*END*
[from data line 1338]
      19760 326.839587  -62.21964  -58.37922      0.059    1448.21      3.215      3.184    -0.2790    -0.2756     0.0033    -0.2791    -0.2757     0.0033   2.817879   2.818140   0.000262    34.1708    34.1705     7.6658     7.3975    -0.2683    27.4506    27.4503          8  0.000e+00
      19761 326.839587  -62.21964  -58.37922      0.049    1448.21      3.215      3.184    -0.2744    -0.2778    -0.0034    -0.2745    -0.2779    -0.0034   2.818138   2.818025  -0.000113    34.1691    34.1714     7.6649     7.3973    -0.2676    27.4491    27.4511          8  0.000e+00
      19762 326.839588  -62.21964  -58.37922      0.041    1448.21      3.133      3.103    -0.2709    -0.2806    -0.0097    -0.2710    -0.2807    -0.0097   2.818372   2.817782  -0.000590    34.1684    34.1714     7.6684     7.3983    -0.2701    27.4483    27.4512          8  0.000e+00
      19763 326.839588  -62.21964  -58.37922      0.037    1448.21      3.318      3.286    -0.2676    -0.2819    -0.0143    -0.2677    -0.2821    -0.0143   2.818547   2.817672  -0.000874    34.1669    34.1713     7.6672     7.3994    -0.2679    27.4470    27.4512          8  0.000e+00
      19764 326.839589  -62.21964  -58.37922      0.033    1448.21      3.215      3.184    -0.2667    -0.2840    -0.0173    -0.2668    -0.2841    -0.0173   2.818589   2.817719  -0.000870    34.1665    34.1743     7.6627     7.4002    -0.2625    27.4466    27.4537          8  0.000e+00
      19765 326.839589  -62.21964  -58.37922      0.025    1448.21      3.215      3.184    -0.2662    -0.2846    -0.0184    -0.2663    -0.2847    -0.0184   2.818547   2.817817  -0.000730    34.1654    34.1763     7.6679     7.4009    -0.2670    27.4457    27.4554          8  0.000e+00
      19766 326.839590  -62.21964  -58.37922      0.018    1448.21      3.167      3.137    -0.2670    -0.2834    -0.0164    -0.2671    -0.2835    -0.0164   2.818571   2.817950  -0.000621    34.1666    34.1767     7.6623     7.4012    -0.2611    27.4467    27.4556          8  0.000e+00
      19767 326.839590  -62.21964  -58.37922      0.010    1448.21      3.215      3.184    -0.2667    -0.2832    -0.0165    -0.2668    -0.2833    -0.0165   2.818589   2.817898  -0.000691    34.1665    34.1758     7.6609     7.4020    -0.2589    27.4466    27.4549          8  0.000e+00
      19768 326.839591  -62.21964  -58.37922      0.009    1448.21      3.215      3.184    -0.2659    -0.2821    -0.0162    -0.2660    -0.2822    -0.0162   2.818643   2.817950  -0.000693    34.1663    34.1753     7.6652     7.4026    -0.2626    27.4464    27.4544          8  0.000e+00
      19769 326.839591  -62.21964  -58.37922     -0.004    1448.21      3.167      3.137    -0.2665    -0.2807    -0.0142    -0.2666    -0.2808    -0.0142   2.818703   2.818042  -0.000661    34.1679    34.1750     7.6611     7.4031    -0.2580    27.4477    27.4541          8  0.000e+00
      19770 326.839592  -62.21964  -58.37922     -0.009    1448.21      3.167      3.137    -0.2648    -0.2776    -0.0128    -0.2649    -0.2777    -0.0128   2.818841   2.818083  -0.000759    34.1678    34.1720     7.6652     7.4034    -0.2618    27.4476    27.4516          8  0.000e+00
      19771 326.839592  -62.21964  -58.37922     -0.011    1448.21      3.215      3.184    -0.2622    -0.2769    -0.0147    -0.2623    -0.2770    -0.0147   2.818998   2.818187  -0.000811    34.1669    34.1726     7.6591     7.4030    -0.2561    27.4467    27.4520          8  0.000e+00
      19772 326.839592  -62.21964  -58.37922     -0.015    1448.21      3.167      3.137    -0.2613    -0.2776    -0.0163    -0.2614    -0.2777    -0.0163   2.819040   2.818296  -0.000743    34.1665    34.1749     7.6634     7.4028    -0.2606    27.4463    27.4539          8  0.000e+00
      19773 326.839593  -62.21964  -58.37922     -0.026    1448.21      3.167      3.137    -0.2609    -0.2767    -0.0158    -0.2610    -0.2768    -0.0158   2.818895   2.818528  -0.000368    34.1642    34.1770     7.6594     7.4022    -0.2571    27.4444    27.4555          8  0.000e+00
      19774 326.839593  -62.21964  -58.37922     -0.028    1448.21      3.167      3.137    -0.2647    -0.2745    -0.0098    -0.2648    -0.2746    -0.0098   2.818631   2.818528  -0.000103    34.1648    34.1745     7.6589     7.4016    -0.2573    27.4451    27.4534          8  0.000e+00
      19775 326.839594  -62.21964  -58.37922     -0.035    1448.21      3.167      3.137    -0.2662    -0.2756    -0.0094    -0.2663    -0.2757    -0.0094   2.818522   2.818308  -0.000214    34.1651    34.1728     7.6639     7.3971    -0.2667    27.4454    27.4521          8  0.000e+00
      19776 326.839594  -62.21964  -58.37922     -0.039    1448.21      3.167      3.137    -0.2656    -0.2806    -0.0150    -0.2657    -0.2807    -0.0150   2.818420   2.818048  -0.000372    34.1630    34.1749     7.6598     7.4027    -0.2572    27.4437    27.4540          8  0.000e+00
      19777 326.839595  -62.21964  -58.37922     -0.044    1448.21      3.167      3.137    -0.2676    -0.2837    -0.0161    -0.2677    -0.2838    -0.0161   2.818222   2.817776  -0.000445    34.1627    34.1748     7.6599     7.4044    -0.2555    27.4435    27.4541          8  0.000e+00
      19778 326.839595  -62.21964  -58.37922     -0.051    1448.21      3.113      3.083    -0.2696    -0.2835    -0.0139    -0.2697    -0.2836    -0.0139   2.818041   2.817655  -0.000386    34.1625    34.1730     7.6709     7.4055    -0.2654    27.4435    27.4526          8  0.000e+00
      19779 326.839596  -62.21964  -58.37922     -0.052    1448.21      3.167      3.137    -0.2720    -0.2816    -0.0097    -0.2721    -0.2817    -0.0097   2.817903   2.817453  -0.000450    34.1633    34.1681     7.6616     7.4064    -0.2552    27.4443    27.4486          8  0.000e+00
      19780 326.839596  -62.21964  -58.37922     -0.059    1448.21      3.113      3.083    -0.2745    -0.2816    -0.0071    -0.2746    -0.2817    -0.0071   2.817771   2.817233  -0.000537    34.1644    34.1652     7.6660     7.4065    -0.2595    27.4453    27.4463          8  0.000e+00
      19781 326.839597  -62.21964  -58.37922     -0.062    1448.21      3.167      3.137    -0.2769    -0.2823    -0.0053    -0.2770    -0.2824    -0.0053   2.817680   2.817002  -0.000678    34.1659    34.1628     7.6669     7.4069    -0.2601    27.4466    27.4444          8  0.000e+00
      19782 326.839597  -62.21964  -58.37922     -0.062    1448.21      3.167      3.137    -0.2777    -0.2868    -0.0091    -0.2778    -0.2869    -0.0091   2.817692   2.816944  -0.000748    34.1669    34.1671     7.6623     7.4077    -0.2546    27.4474    27.4480          8  0.000e+00
      19783 326.839598  -62.21964  -58.37922     -0.064    1448.21      3.133      3.103    -0.2765    -0.2900    -0.0135    -0.2766    -0.2901    -0.0135   2.817813   2.816979  -0.000833    34.1672    34.1713     7.6659     7.4081    -0.2578    27.4476    27.4515          8  0.000e+00
      19784 326.839598  -62.21964  -58.37922     -0.070    1448.21      3.113      3.083    -0.2763    -0.2905    -0.0142    -0.2764    -0.2906    -0.0142   2.817885   2.816979  -0.000906    34.1680    34.1718     7.6661     7.4082    -0.2579    27.4482    27.4520          8  0.000e+00
      19785 326.839599  -62.21964  -58.37922     -0.069    1448.21      3.167      3.137    -0.2760    -0.2908    -0.0148    -0.2761    -0.2909    -0.0148   2.817975   2.817072  -0.000903    34.1688    34.1733     7.6621     7.4082    -0.2539    27.4489    27.4533          8  0.000e+00
      19786 326.839599  -62.21964  -58.37922     -0.075    1448.21      3.113      3.083    -0.2744    -0.2901    -0.0157    -0.2745    -0.2902    -0.0157   2.818222   2.817106  -0.001115    34.1703    34.1731     7.6714     7.4080    -0.2634    27.4500    27.4530          8  0.000e+00
      19787 326.839600  -62.21964  -58.37922     -0.074    1448.21      3.113      3.083    -0.2679    -0.2882    -0.0202    -0.2680    -0.2883    -0.0202   2.818498   2.817245  -0.001253    34.1668    34.1727     7.6603     7.4076    -0.2527    27.4469    27.4526          8  0.000e+00
      19788 326.839600  -62.21964  -58.37922     -0.078    1448.21      3.113      3.083    -0.2653    -0.2880    -0.0227    -0.2654    -0.2881    -0.0227   2.818679   2.817308  -0.001370    34.1662    34.1734     7.6594     7.4087    -0.2507    27.4463    27.4532          8  0.000e+00
      19789 326.839601  -62.21964  -58.37922     -0.076    1448.21      3.167      3.137    -0.2653    -0.2886    -0.0233    -0.2654    -0.2887    -0.0233   2.818739   2.817355  -0.001384    34.1670    34.1747     7.6700     7.4089    -0.2611    27.4469    27.4542          8  0.000e+00
      19790 326.839601  -62.21964  -58.37922     -0.082    1448.21      3.113      3.083    -0.2656    -0.2883    -0.0227    -0.2657    -0.2884    -0.0227   2.818685   2.817447  -0.001238    34.1666    34.1756     7.6653     7.4088    -0.2565    27.4466    27.4550          8  0.000e+00
      19791 326.839602  -62.21964  -58.37922     -0.077    1448.21      3.113      3.083    -0.2662    -0.2883    -0.0221    -0.2663    -0.2884    -0.0221   2.818546   2.817412  -0.001134    34.1655    34.1751     7.6600     7.4088    -0.2512    27.4457    27.4546          8  0.000e+00
      19792 326.839602  -62.21964  -58.37922     -0.080    1448.21      3.113      3.083    -0.2673    -0.2882    -0.0209    -0.2674    -0.2883    -0.0209   2.818450   2.817493  -0.000957    34.1654    34.1761     7.6657     7.4088    -0.2570    27.4457    27.4553          8  0.000e+00
      19793 326.839603  -62.21964  -58.37922     -0.080    1448.21      3.113      3.083    -0.2682    -0.2885    -0.0202    -0.2683    -0.2886    -0.0202   2.818450   2.817488  -0.000963    34.1665    34.1763     7.6620     7.4089    -0.2531    27.4466    27.4556          8  0.000e+00
      19794 326.839603  -62.21964  -58.37922     -0.080    1448.21      3.113      3.083    -0.2670    -0.2874    -0.0204    -0.2671    -0.2875    -0.0204   2.818492   2.817511  -0.000982    34.1656    34.1754     7.6666     7.4087    -0.2578    27.4459    27.4548          8  0.000e+00
      19795 326.839604  -62.21964  -58.37922     -0.079    1448.21      3.113      3.083    -0.2660    -0.2877    -0.0216    -0.2661    -0.2878    -0.0216   2.818625   2.817488  -0.001137    34.1663    34.1755     7.6660     7.4088    -0.2571    27.4464    27.4548          8  0.000e+00
      19796 326.839604  -62.21964  -58.37922     -0.077    1448.21      3.167      3.137    -0.2651    -0.2868    -0.0216    -0.2652    -0.2869    -0.0216   2.818721   2.817493  -0.001228    34.1665    34.1745     7.6620     7.4030    -0.2589    27.4465    27.4540          8  0.000e+00
      19797 326.839605  -62.21964  -58.37922     -0.073    1448.21      3.113      3.083    -0.2648    -0.2863    -0.0215    -0.2649    -0.2864    -0.0215   2.818823   2.817505  -0.001318    34.1676    34.1741     7.6674     7.4076    -0.2597    27.4474    27.4537          8  0.000e+00
      19798 326.839605  -62.21964  -58.37922     -0.074    1448.21      3.113      3.083    -0.2639    -0.2868    -0.0229    -0.2640    -0.2869    -0.0229   2.818853   2.817459  -0.001395    34.1669    34.1740     7.6627     7.4078    -0.2548    27.4468    27.4536          8  0.000e+00
      19799 326.839606  -62.21964  -58.37922     -0.072    1448.21      3.113      3.083    -0.2637    -0.2866    -0.0229    -0.2638    -0.2867    -0.0229   2.818871   2.817464  -0.001407    34.1670    34.1739     7.6667     7.4079    -0.2588    27.4469    27.4535          8  0.000e+00
      19800 326.839606  -62.21964  -58.37922     -0.073    1448.21      3.113      3.083    -0.2630    -0.2863    -0.0233    -0.2631    -0.2864    -0.0233   2.818919   2.817395  -0.001524    34.1668    34.1727     7.6679     7.4080    -0.2599    27.4467    27.4525          8  0.000e+00
      19801 326.839606  -62.21964  -58.37922     -0.070    1448.21      3.113      3.083    -0.2623    -0.2860    -0.0237    -0.2624    -0.2861    -0.0237   2.818937   2.817389  -0.001548    34.1663    34.1722     7.6640     7.4080    -0.2560    27.4462    27.4521          8  0.000e+00
      19802 326.839607  -62.21964  -58.37922     -0.070    1448.21      3.113      3.083    -0.2616    -0.2857    -0.0241    -0.2617    -0.2858    -0.0241   2.818871   2.817355  -0.001517    34.1646    34.1714     7.6630     7.4012    -0.2618    27.4448    27.4515          8  0.000e+00
      19803 326.839607  -62.21964  -58.37922     -0.066    1448.21      3.133      3.103    -0.2602    -0.2845    -0.0243    -0.2603    -0.2846    -0.0243   2.818853   2.817343  -0.001510    34.1628    34.1699     7.6627     7.4000    -0.2627    27.4432    27.4501          8  0.000e+00
      19804 326.839608  -62.21964  -58.37922     -0.062    1448.21      3.113      3.083    -0.2597    -0.2852    -0.0255    -0.2598    -0.2853    -0.0255   2.818769   2.817343  -0.001426    34.1611    34.1707     7.6676     7.4049    -0.2627    27.4419    27.4509          8  0.000e+00
      19805 326.839608  -62.21964  -58.37922     -0.061    1448.21      3.113      3.083    -0.2611    -0.2880    -0.0269    -0.2612    -0.2881    -0.0269   2.818709   2.817280  -0.001429    34.1620    34.1730     7.6577     7.4067    -0.2510    27.4426    27.4529          8  0.000e+00
      19806 326.839609  -62.21964  -58.37922     -0.060    1448.21      3.113      3.083    -0.2637    -0.2899    -0.0261    -0.2638    -0.2900    -0.0261   2.818673   2.817262  -0.001411    34.1644    34.1749     7.6682     7.4072    -0.2610    27.4447    27.4545          8  0.000e+00
      19807 326.839609  -62.21964  -58.37922     -0.055    1448.21      3.167      3.137    -0.2658    -0.2900    -0.0243    -0.2659    -0.2901    -0.0243   2.818649   2.817205  -0.001444    34.1663    34.1743     7.6585     7.4018    -0.2567    27.4464    27.4540          8  0.000e+00
      19808 326.839610  -62.21964  -58.37922     -0.054    1448.21      3.113      3.083    -0.2684    -0.2904    -0.0220    -0.2685    -0.2905    -0.0220   2.818625   2.817239  -0.001386    34.1690    34.1752     7.6632     7.4009    -0.2623    27.4487    27.4547          8  0.000e+00
      19809 326.839610  -62.21964  -58.37922     -0.052    1448.21      3.113      3.083    -0.2699    -0.2913    -0.0214    -0.2700    -0.2914    -0.0214   2.818577   2.817181  -0.001395    34.1700    34.1754     7.6627     7.4002    -0.2625    27.4496    27.4549          8  0.000e+00
      19810 326.839611  -62.21964  -58.37922     -0.050    1448.21      3.113      3.083    -0.2687    -0.2919    -0.0232    -0.2688    -0.2920    -0.0232   2.818565   2.817193  -0.001372    34.1685    34.1762     7.6618     7.4053    -0.2565    27.4483    27.4556          8  0.000e+00
      19811 326.839611  -62.21964  -58.37922     -0.053    1448.21      3.113      3.083    -0.2689    -0.2920    -0.0232    -0.2690    -0.2921    -0.0232   2.818559   2.817210  -0.001348    34.1686    34.1766     7.6619     7.4056    -0.2562    27.4484    27.4560          8  0.000e+00
      19812 326.839612  -62.21964  -58.37922     -0.044    1448.21      3.113      3.083    -0.2715    -0.2917    -0.0202    -0.2716    -0.2918    -0.0202   2.818504   2.817210  -0.001294    34.1709    34.1763     7.6624     7.4001    -0.2623    27.4503    27.4557          8  0.000e+00
      19813 326.839612  -62.21964  -58.37922     -0.041    1448.21      3.113      3.083    -0.2758    -0.2914    -0.0156    -0.2759    -0.2915    -0.0156   2.818384   2.817268  -0.001116    34.1741    34.1767     7.6625     7.3993    -0.2632    27.4532    27.4560          8  0.000e+00
      19814 326.839613  -62.21964  -58.37922     -0.035    1448.21      3.167      3.137    -0.2790    -0.2914    -0.0125    -0.2791    -0.2915    -0.0125   2.818252   2.817210  -0.001042    34.1758    34.1759     7.6633     7.3987    -0.2646    27.4547    27.4553          8  0.000e+00
