Pos-Processados/process_op38/operantar38_016.ros
* Sea-Bird SBE 9 Data File:
* FileName = D:\OPERANTAR_XXXVIII\DADOS\OP38_016.hdr
* Software Version Seasave V 7.18c
* Temperature SN = 4808
* Conductivity SN = 3380
* Number of Bytes Per Scan = 34
* Number of Voltage Words = 3
* Number of Scans Averaged by the Deck Unit = 1
* NMEA Latitude = 62 13.34 S
* NMEA Longitude = 058 12.68 W
* NMEA UTC (Time) = Nov 05 2019 11:56:34
** H41
** NAVIO POLAR ALMIRANTE MAXIMIANO
** CRUZEIRO:
** OPERANTAR XXXVIII
** ESTAÇÃO: OP38_016
** LAT 62 13,33' S
** LONG 058 12,65' W
** 09P73767-1155_A
** PROFUNDIDADE: 310
** DATA/HORA: 051157Z/NOV/2019
** OPERADOR: SO-HN CHAVES
# nquan = 27
# nvalues = 1885                                  
# units = specified
# name 0 = scan: Scan Count
# name 1 = timeJ: Julian Days
# name 2 = latitude: Latitude [deg]
# name 3 = longitude: Longitude [deg]
# name 4 = dz/dtM: Descent Rate [m/s]
# name 5 = avgsvCM: Average Sound Velocity [Chen-Millero, m/s]
# name 6 = prDM: Pressure, Digiquartz [db]
# name 7 = depSM: Depth [salt water, m]
# name 8 = t090C: Temperature [ITS-90, deg C]
# name 9 = t190C: Temperature, 2 [ITS-90, deg C]
# name 10 = T2-T190C: Temperature Difference, 2 - 1 [ITS-90, deg C]
# name 11 = potemp090C: Potential Temperature [ITS-90, deg C]
# name 12 = potemp190C: Potential Temperature, 2 [ITS-90, deg C]
# name 13 = potemp90Cdiff: Potential Temperature, Diff, 2 - 1 [ITS-90, deg C]
# name 14 = c0S/m: Conductivity [S/m]
# name 15 = c1S/m: Conductivity, 2 [S/m]
# name 16 = C2-C1S/m: Conductivity Difference, 2 - 1 [S/m]
# name 17 = sal00: Salinity, Practical [PSU]
# name 18 = sal11: Salinity, Practical, 2 [PSU]
# name 19 = sbeox0ML/L: Oxygen, SBE 43 [ml/l]
# name 20 = sigma-é00: Density [sigma-theta, kg/m^3]
# name 21 = sigma-é11: Density, 2 [sigma-theta, kg/m^3]
# name 22 = sbox0Mm/Kg: Oxygen, SBE 43 [umol/kg]
# name 23 = oxsolMm/Kg: Oxygen Saturation, Garcia & Gordon [umol/kg]
# name 24 = oxsatMm/Kg: Oxygen Saturation, Weiss [umol/kg]
# name 25 = nbf: Bottles Fired
# name 26 = flag:  0.000e+00
# interval = seconds: 0.0416667
# start_time = Nov 05 2019 11:56:34 [NMEA time, header]
# bad_flag = -9.990e-29
*END*
[from data line 1719]
      28289 309.511258  -62.22236  -58.21132     -0.101    1446.63     18.836     18.654    -0.8135    -0.8148    -0.0013    -0.8140    -0.8153    -0.0013   2.773277   2.773607   0.000330    34.1636    34.1696     7.5938    27.4683    27.4732    330.071  357.79534  359.43981         12  0.000e+00
      28290 309.511258  -62.22236  -58.21132     -0.101    1446.63     18.815     18.634    -0.8137    -0.8156    -0.0020    -0.8142    -0.8161    -0.0020   2.773259   2.773596   0.000337    34.1636    34.1704     7.5939    27.4683    27.4739    330.079  357.79708  359.44159         12  0.000e+00
      28291 309.511259  -62.22236  -58.21132     -0.101    1446.63     18.815     18.634    -0.8140    -0.8156    -0.0017    -0.8145    -0.8161    -0.0017   2.773259   2.773596   0.000337    34.1639    34.1704     7.5898    27.4686    27.4739    329.897  357.79891  359.44350         12  0.000e+00
      28292 309.511259  -62.22236  -58.21132     -0.096    1446.63     18.863     18.681    -0.8144    -0.8158    -0.0013    -0.8149    -0.8163    -0.0013   2.773253   2.773567   0.000314    34.1644    34.1701     7.5945    27.4689    27.4737    330.101  357.80215  359.44686         12  0.000e+00
      28293 309.511260  -62.22236  -58.21132     -0.096    1446.63     18.781     18.600    -0.8143    -0.8153    -0.0010    -0.8148    -0.8158    -0.0010   2.773235   2.773584   0.000349    34.1640    34.1699     7.5953    27.4687    27.4735    330.138  357.80196  359.44663         12  0.000e+00
      28294 309.511260  -62.22236  -58.21132     -0.097    1446.63     18.815     18.634    -0.8146    -0.8154    -0.0008    -0.8151    -0.8160    -0.0008   2.773253   2.773555   0.000303    34.1646    34.1697     7.5955    27.4691    27.4733    330.147  357.80316  359.44793         12  0.000e+00
      28295 309.511261  -62.22236  -58.21132     -0.096    1446.63     18.815     18.634    -0.8146    -0.8151    -0.0005    -0.8151    -0.8156    -0.0005   2.773211   2.773578   0.000368    34.1640    34.1696     7.5956    27.4687    27.4732    330.152  357.80476  359.44949         12  0.000e+00
      28296 309.511261  -62.22236  -58.21132     -0.092    1446.63     18.836     18.654    -0.8144    -0.8145    -0.0001    -0.8149    -0.8150    -0.0001   2.773217   2.773653   0.000436    34.1639    34.1699     7.5965    27.4686    27.4734    330.190  357.80347  359.44816         12  0.000e+00
      28297 309.511262  -62.22236  -58.21132     -0.092    1446.63     18.760     18.579    -0.8147    -0.8132     0.0015    -0.8152    -0.8137     0.0015   2.773211   2.773710   0.000500    34.1642    34.1693     7.5965    27.4688    27.4729    330.192  357.80540  359.45016         12  0.000e+00
      28298 309.511262  -62.22236  -58.21132     -0.087    1446.63     18.863     18.681    -0.8142    -0.8125     0.0017    -0.8148    -0.8130     0.0017   2.773199   2.773739   0.000540    34.1634    34.1688     7.5966    27.4682    27.4725    330.195  357.80311  359.44773         12  0.000e+00
      28299 309.511263  -62.22236  -58.21132     -0.088    1446.63     18.781     18.600    -0.8144    -0.8127     0.0018    -0.8149    -0.8132     0.0018   2.773199   2.773768   0.000569    34.1637    34.1694     7.5974    27.4684    27.4730    330.228  357.80406  359.44873         12  0.000e+00
      28300 309.511263  -62.22236  -58.21132     -0.086    1446.63     18.815     18.634    -0.8141    -0.8127     0.0015    -0.8146    -0.8132     0.0015   2.773187   2.773756   0.000570    34.1632    34.1692     7.5982    27.4680    27.4728    330.263  357.80275  359.44733         12  0.000e+00
      28301 309.511264  -62.22236  -58.21132     -0.084    1446.63     18.815     18.634    -0.8147    -0.8127     0.0021    -0.8152    -0.8132     0.0021   2.773193   2.773762   0.000569    34.1639    34.1693     7.5931    27.4686    27.4729    330.041  357.80618  359.45093         12  0.000e+00
      28302 309.511264  -62.22236  -58.21132     -0.081    1446.63     18.815     18.634    -0.8152    -0.8133     0.0019    -0.8157    -0.8138     0.0019   2.773205   2.773751   0.000546    34.1647    34.1699     7.5932    27.4692    27.4733    330.046  357.80901  359.45392         12  0.000e+00
      28303 309.511264  -62.22236  -58.21132     -0.077    1446.63     18.836     18.654    -0.8155    -0.8133     0.0022    -0.8160    -0.8138     0.0022   2.773223   2.773751   0.000528    34.1652    34.1699     7.5933    27.4697    27.4733    330.051  357.81019  359.45519         12  0.000e+00
      28304 309.511265  -62.22236  -58.21132     -0.073    1446.63     18.815     18.634    -0.8151    -0.8128     0.0022    -0.8156    -0.8133     0.0022   2.773229   2.773705   0.000476    34.1648    34.1687     7.5933    27.4693    27.4724    330.051  357.80700  359.45188         12  0.000e+00
      28305 309.511265  -62.22236  -58.21132     -0.075    1446.63     18.760     18.579    -0.8148    -0.8128     0.0019    -0.8153    -0.8133     0.0019   2.773211   2.773693   0.000482    34.1643    34.1686     7.5933    27.4689    27.4723    330.053  357.80576  359.45054         12  0.000e+00
      28306 309.511266  -62.22236  -58.21132     -0.070    1446.63     18.836     18.654    -0.8153    -0.8134     0.0019    -0.8159    -0.8139     0.0019   2.773181   2.773716   0.000535    34.1645    34.1695     7.5937    27.4690    27.4731    330.068  357.81069  359.45561         12  0.000e+00
      28307 309.511266  -62.22236  -58.21132     -0.066    1446.63     18.815     18.634    -0.8155    -0.8133     0.0022    -0.8160    -0.8138     0.0022   2.773175   2.773699   0.000524    34.1646    34.1692     7.5931    27.4692    27.4728    330.042  357.81198  359.45695         12  0.000e+00
      28308 309.511267  -62.22236  -58.21132     -0.063    1446.63     18.815     18.634    -0.8157    -0.8130     0.0027    -0.8162    -0.8135     0.0027   2.773157   2.773716   0.000559    34.1645    34.1690     7.5925    27.4691    27.4727    330.017  357.81377  359.45877         12  0.000e+00
      28309 309.511267  -62.22236  -58.21132     -0.064    1446.63     18.781     18.600    -0.8158    -0.8133     0.0025    -0.8163    -0.8138     0.0025   2.773187   2.773745   0.000558    34.1651    34.1698     7.5971    27.4696    27.4733    330.214  357.81330  359.45835         12  0.000e+00
      28310 309.511268  -62.22236  -58.21132     -0.056    1446.63     18.863     18.681    -0.8156    -0.8130     0.0027    -0.8162    -0.8135     0.0027   2.773223   2.773745   0.000522    34.1653    34.1694     7.5920    27.4698    27.4730    329.995  357.81097  359.45601         12  0.000e+00
      28311 309.511268  -62.22236  -58.21132     -0.053    1446.63     18.815     18.634    -0.8153    -0.8135     0.0018    -0.8159    -0.8141     0.0018   2.773265   2.773728   0.000463    34.1656    34.1698     7.5964    27.4700    27.4733    330.187  357.80746  359.45245         12  0.000e+00
      28312 309.511269  -62.22236  -58.21132     -0.053    1446.63     18.815     18.634    -0.8149    -0.8127     0.0022    -0.8154    -0.8132     0.0022   2.773277   2.773745   0.000468    34.1652    34.1691     7.5913    27.4697    27.4727    329.962  357.80408  359.44894         12  0.000e+00
      28313 309.511269  -62.22236  -58.21132     -0.046    1446.63     18.836     18.654    -0.8133    -0.8133     0.0000    -0.8138    -0.8138     0.0000   2.773265   2.773722   0.000457    34.1633    34.1695     7.5903    27.4680    27.4730    329.922  357.79470  359.43911         12  0.000e+00
      28314 309.511270  -62.22236  -58.21132     -0.043    1446.63     18.815     18.634    -0.8129    -0.8128     0.0001    -0.8134    -0.8133     0.0001   2.773271   2.773739   0.000469    34.1629    34.1692     7.5904    27.4677    27.4728    329.924  357.79187  359.43617         12  0.000e+00
      28315 309.511270  -62.22236  -58.21132     -0.041    1446.63     18.815     18.634    -0.8128    -0.8134    -0.0006    -0.8134    -0.8139    -0.0006   2.773259   2.773733   0.000475    34.1627    34.1698     7.5897    27.4675    27.4733    329.896  357.79196  359.43624         12  0.000e+00
      28316 309.511271  -62.22236  -58.21132     -0.037    1446.63     18.836     18.654    -0.8128    -0.8130    -0.0001    -0.8134    -0.8135    -0.0001   2.773277   2.773699   0.000422    34.1629    34.1688     7.5891    27.4677    27.4725    329.868  357.79131  359.43560         12  0.000e+00
      28317 309.511271  -62.22236  -58.21132     -0.036    1446.63     18.815     18.634    -0.8137    -0.8131     0.0005    -0.8142    -0.8137     0.0005   2.773300   2.773733   0.000433    34.1642    34.1695     7.5885    27.4688    27.4730    329.844  357.79549  359.44002         12  0.000e+00
      28318 309.511272  -62.22236  -58.21132     -0.029    1446.63     18.863     18.681    -0.8132    -0.8133    -0.0001    -0.8137    -0.8138    -0.0001   2.773283   2.773751   0.000468    34.1634    34.1698     7.5879    27.4681    27.4733    329.815  357.79333  359.43772         12  0.000e+00
      28319 309.511272  -62.22236  -58.21132     -0.024    1446.63     18.836     18.654    -0.8133    -0.8128     0.0005    -0.8138    -0.8133     0.0005   2.773283   2.773745   0.000462    34.1635    34.1693     7.5924    27.4682    27.4728    330.012  357.79401  359.43844         12  0.000e+00
      28320 309.511273  -62.22236  -58.21132     -0.023    1446.63     18.815     18.634    -0.8134    -0.8128     0.0005    -0.8139    -0.8133     0.0005   2.773300   2.773710   0.000410    34.1639    34.1688     7.5873    27.4685    27.4725    329.789  357.79366  359.43811         12  0.000e+00
      28321 309.511273  -62.22236  -58.21132     -0.016    1446.63     18.911     18.729    -0.8135    -0.8128     0.0007    -0.8140    -0.8133     0.0007   2.773253   2.773733   0.000481    34.1633    34.1691     7.5919    27.4680    27.4727    329.992  357.79638  359.44083         12  0.000e+00
      28322 309.511274  -62.22236  -58.21132     -0.014    1446.63     18.815     18.634    -0.8138    -0.8133     0.0005    -0.8143    -0.8138     0.0005   2.773288   2.773705   0.000416    34.1642    34.1692     7.5867    27.4687    27.4728    329.766  357.79667  359.44124         12  0.000e+00
      28323 309.511274  -62.22236  -58.21132     -0.011    1446.63     18.836     18.654    -0.8138    -0.8131     0.0007    -0.8144    -0.8137     0.0007   2.773283   2.773693   0.000411    34.1641    34.1689     7.5913    27.4687    27.4726    329.962  357.79730  359.44188         12  0.000e+00
      28324 309.511275  -62.22236  -58.21132     -0.007    1446.63     18.863     18.681    -0.8140    -0.8140    -0.0001    -0.8145    -0.8146    -0.0001   2.773265   2.773716   0.000452    34.1640    34.1702     7.5862    27.4686    27.4737    329.740  357.79877  359.44336         12  0.000e+00
      28325 309.511275  -62.22236  -58.21132     -0.002    1446.63     18.863     18.681    -0.8140    -0.8137     0.0002    -0.8145    -0.8142     0.0002   2.773235   2.773716   0.000481    34.1636    34.1699     7.5854    27.4683    27.4733    329.709  357.79991  359.44448         12  0.000e+00
      28326 309.511276  -62.22236  -58.21132      0.003    1446.63     18.884     18.701    -0.8141    -0.8134     0.0007    -0.8146    -0.8139     0.0007   2.773265   2.773682   0.000417    34.1642    34.1691     7.5847    27.4688    27.4727    329.677  357.79990  359.44454         12  0.000e+00
      28327 309.511276  -62.22236  -58.21132      0.007    1446.63     18.863     18.681    -0.8141    -0.8140     0.0001    -0.8146    -0.8146     0.0001   2.773265   2.773693   0.000429    34.1642    34.1699     7.5899    27.4688    27.4734    329.905  357.79987  359.44450         12  0.000e+00
      28328 309.511277  -62.22236  -58.21132      0.013    1446.63     18.863     18.681    -0.8141    -0.8147    -0.0005    -0.8146    -0.8152    -0.0005   2.773253   2.773653   0.000400    34.1640    34.1701     7.5900    27.4687    27.4736    329.907  357.80032  359.44495         12  0.000e+00
      28329 309.511277  -62.22236  -58.21132      0.008    1446.63     18.760     18.579    -0.8141    -0.8144    -0.0002    -0.8146    -0.8149    -0.0002   2.773277   2.773607   0.000330    34.1644    34.1692     7.5907    27.4690    27.4728    329.936  357.79923  359.44388         12  0.000e+00
      28330 309.511277  -62.22236  -58.21132      0.019    1446.63     18.986     18.803    -0.8144    -0.8154    -0.0010    -0.8149    -0.8160    -0.0010   2.773259   2.773573   0.000314    34.1644    34.1698     7.5918    27.4689    27.4734    329.985  357.80214  359.44685         12  0.000e+00
      28331 309.511278  -62.22236  -58.21132      0.023    1446.63     18.863     18.681    -0.8144    -0.8153    -0.0009    -0.8149    -0.8158    -0.0009   2.773288   2.773561   0.000273    34.1649    34.1696     7.5864    27.4693    27.4732    329.753  357.80078  359.44552         12  0.000e+00
      28332 309.511278  -62.22236  -58.21132      0.028    1446.63     18.911     18.729    -0.8148    -0.8154    -0.0007    -0.8153    -0.8160    -0.0007   2.773253   2.773544   0.000291    34.1647    34.1694     7.5910    27.4692    27.4731    329.950  357.80443  359.44924         12  0.000e+00
      28333 309.511279  -62.22236  -58.21132      0.030    1446.63     18.884     18.701    -0.8147    -0.8161    -0.0014    -0.8152    -0.8166    -0.0014   2.773205   2.773561   0.000356    34.1640    34.1704     7.5910    27.4687    27.4739    329.949  357.80584  359.45060         12  0.000e+00
      28334 309.511279  -62.22236  -58.21132      0.034    1446.63     18.863     18.681    -0.8147    -0.8154    -0.0007    -0.8152    -0.8160    -0.0007   2.773199   2.773561   0.000362    34.1640    34.1697     7.5865    27.4686    27.4733    329.755  357.80603  359.45079         12  0.000e+00
      28335 309.511280  -62.22236  -58.21132      0.035    1446.63     18.911     18.729    -0.8143    -0.8158    -0.0015    -0.8148    -0.8163    -0.0015   2.773247   2.773561   0.000314    34.1641    34.1700     7.5908    27.4687    27.4736    329.943  357.80173  359.44640         12  0.000e+00
      28336 309.511280  -62.22236  -58.21132      0.042    1446.63     18.931     18.749    -0.8141    -0.8153    -0.0012    -0.8146    -0.8158    -0.0012   2.773253   2.773550   0.000297    34.1640    34.1694     7.5916    27.4686    27.4730    329.975  357.80044  359.44507         12  0.000e+00
      28337 309.511281  -62.22236  -58.21132      0.042    1446.63     18.863     18.681    -0.8141    -0.8152    -0.0011    -0.8146    -0.8158    -0.0011   2.773271   2.773555   0.000285    34.1643    34.1694     7.5930    27.4689    27.4731    330.039  357.79964  359.44428         12  0.000e+00
      28338 309.511281  -62.22236  -58.21132      0.050    1446.63     18.966     18.783    -0.8138    -0.8154    -0.0016    -0.8144    -0.8160    -0.0016   2.773283   2.773561   0.000279    34.1640    34.1696     7.5939    27.4687    27.4733    330.075  357.79753  359.44210         12  0.000e+00
      28339 309.511282  -62.22236  -58.21132      0.051    1446.63     18.884     18.701    -0.8137    -0.8151    -0.0015    -0.8142    -0.8156    -0.0015   2.773300   2.773567   0.000266    34.1641    34.1694     7.5945    27.4687    27.4731    330.103  357.79561  359.44014         12  0.000e+00
      28340 309.511282  -62.22236  -58.21132      0.053    1446.63     18.911     18.728    -0.8133    -0.8151    -0.0018    -0.8138    -0.8156    -0.0018   2.773312   2.773538   0.000226    34.1639    34.1690     7.5944    27.4685    27.4727    330.100  357.79300  359.43745         12  0.000e+00
