Pos-Processados/process_op38/operantar38_018.cnv
* Sea-Bird SBE 9 Data File:
* FileName = D:\OPERANTAR_XXXVIII\DADOS\OP38_018.hdr
* Software Version Seasave V 7.18c
* Temperature SN = 4808
* Conductivity SN = 3380
* Number of Bytes Per Scan = 34
* Number of Voltage Words = 3
* Number of Scans Averaged by the Deck Unit = 1
* NMEA Latitude = 62 10.02 S
* NMEA Longitude = 058 22.53 W
* NMEA UTC (Time) = Nov 05 2019 17:24:22
** H41
** NAVIO POLAR ALMIRANTE MAXIMIANO
** CRUZEIRO:
** OPERANTAR XXXVIII
** ESTAÇÃO: OP38_018
** LAT 62 10,02' S
** LONG 058 22,49' W
** 09P73767-1155_A
** PROFUNDIDADE: 447
** DATA/HORA: 051724Z/NOV/2019
** OPERADOR: SO-HN CHAVES
# nquan = 30
# nvalues = 827                         
# units = specified
# name 0 = scan: Scan Count
# name 1 = timeJ: Julian Days
# name 2 = latitude: Latitude [deg]
# name 3 = longitude: Longitude [deg]
# name 4 = dz/dtM: Descent Rate [m/s]
# name 5 = avgsvCM: Average Sound Velocity [Chen-Millero, m/s]
# name 6 = prDM: Pressure, Digiquartz [db]
# name 7 = depSM: Depth [salt water, m]
# name 8 = t090C: Temperature [ITS-90, deg C]
# name 9 = t190C: Temperature, 2 [ITS-90, deg C]
# name 10 = T2-T190C: Temperature Difference, 2 - 1 [ITS-90, deg C]
# name 11 = potemp090C: Potential Temperature [ITS-90, deg C]
# name 12 = potemp190C: Potential Temperature, 2 [ITS-90, deg C]
# name 13 = potemp90Cdiff: Potential Temperature, Diff, 2 - 1 [ITS-90, deg C]
# name 14 = c0S/m: Conductivity [S/m]
# name 15 = c1S/m: Conductivity, 2 [S/m]
# name 16 = C2-C1S/m: Conductivity Difference, 2 - 1 [S/m]
# name 17 = sal00: Salinity, Practical [PSU]
# name 18 = sal11: Salinity, Practical, 2 [PSU]
# name 19 = sbeox0ML/L: Oxygen, SBE 43 [ml/l]
# name 20 = sigma-é00: Density [sigma-theta, kg/m^3]
# name 21 = sigma-é11: Density, 2 [sigma-theta, kg/m^3]
# name 22 = sal00: Salinity, Practical [PSU]
# name 23 = sigma-é00: Density [sigma-theta, kg/m^3]
# name 24 = svCM: Sound Velocity [Chen-Millero, m/s]
# name 25 = svCM1: Sound Velocity, 2 [Chen-Millero, m/s]
# name 26 = gsw_ptA0: potential temperature [ITS-90, deg C]
# name 27 = gsw_densityA0: density, TEOS-10 [density, kg/m^3]
# name 28 = gsw_saA0: Absolute Salinity [g/kg]
# name 29 = flag:
# span 0 =       1931,      37680       
# span 1 = 309.726185, 309.743425       
# span 2 =  -62.16702,  -62.16696       
# span 3 =  -58.37558,  -58.37548       
# span 4 =     -1.222,      1.212       
# span 5 =       0.00,    1448.62       
# span 6 =      2.000,    415.000       
# span 7 =      1.987,    410.600       
# span 8 =    -0.9287,    -0.5655       
# span 9 =    -0.9285,    -0.5653       
# span 10 =    -0.0086,     0.0061      
# span 11 =    -0.9316,    -0.5795      
# span 12 =    -0.9315,    -0.5793      
# span 13 =    -0.0086,     0.0060      
# span 14 =   2.771809,   2.835809      
# span 15 =   2.772210,   2.836213      
# span 16 =  -0.000859,   0.000986      
# span 17 =    34.1279,    34.4845      
# span 18 =    34.1336,    34.4899      
# span 19 =     6.0528,     7.6373      
# span 20 =    27.4323,    27.7182      
# span 21 =    27.4368,    27.7225      
# span 22 =    34.1278,    34.4848      
# span 23 =    27.4323,    27.7190      
# span 24 =    1444.61,    1452.57      
# span 25 =    1444.62,    1452.58      
# span 26 =    -0.9316,    -0.5792      
# span 27 =  1027.4466,  1029.7003      
# span 28 =    34.2924,    34.6536      
# span 29 = 0.0000e+00, 0.0000e+00      
# interval = decibars: 1                
# start_time = Nov 05 2019 17:24:22 [NMEA time, header]
# bad_flag = -9.990e-29
*END*
[from data line 629]
      25952 309.737770  -62.16698  -58.37552     -0.912    1448.15    199.000    196.995    -0.8340    -0.8288     0.0052    -0.8398    -0.8347     0.0052   2.790439   2.791442   0.000986    34.3095    34.3169     6.8322    27.5875    27.5934    34.3080    27.5863    1447.57    1447.60    -0.8397  1028.5442    34.4752 0.0000e+00
      25975 309.737781  -62.16698  -58.37552     -1.002    1448.15    198.000    196.006    -0.8375    -0.8396    -0.0021    -0.8433    -0.8454    -0.0021   2.790002   2.790070   0.000121    34.3080    34.3120     6.8503    27.5864    27.5897    34.3066    27.5853    1447.54    1447.53    -0.8431  1028.5384    34.4738 0.0000e+00
      25998 309.737792  -62.16698  -58.37552     -1.057    1448.15    197.000    195.016    -0.8407    -0.8429    -0.0022    -0.8464    -0.8486    -0.0022   2.789587   2.789711   0.000146    34.3065    34.3110     6.8575    27.5853    27.5890    34.3052    27.5843    1447.50    1447.50    -0.8463  1028.5327    34.4724 0.0000e+00
      26022 309.737803  -62.16698  -58.37552     -1.045    1448.15    196.000    194.027    -0.8457    -0.8473    -0.0016    -0.8514    -0.8530    -0.0016   2.788885   2.789148   0.000239    34.3040    34.3090     6.8843    27.5835    27.5876    34.3021    27.5819    1447.46    1447.46    -0.8513  1028.5256    34.4692 0.0000e+00
      26047 309.737815  -62.16698  -58.37552     -0.982    1448.15    195.000    193.038    -0.8494    -0.8504    -0.0010    -0.8550    -0.8560    -0.0010   2.788486   2.788769   0.000276    34.3028    34.3077     6.8905    27.5827    27.5867    34.3014    27.5816    1447.42    1447.43    -0.8549  1028.5205    34.4686 0.0000e+00
      26072 309.737828  -62.16698  -58.37552     -0.932    1448.15    194.000    192.048    -0.8512    -0.8527    -0.0015    -0.8568    -0.8583    -0.0015   2.788269   2.788496   0.000229    34.3022    34.3070     6.9047    27.5823    27.5862    34.3011    27.5814    1447.40    1447.40    -0.8567  1028.5156    34.4683 0.0000e+00
      26096 309.737839  -62.16698  -58.37552     -0.972    1448.15    193.000    191.059    -0.8544    -0.8539     0.0006    -0.8600    -0.8595     0.0006   2.787742   2.788297   0.000508    34.3000    34.3062     6.9212    27.5806    27.5856    34.2983    27.5792    1447.36    1447.38    -0.8599  1028.5086    34.4654 0.0000e+00
      26119 309.737850  -62.16698  -58.37552     -1.031    1448.15    192.000    190.069    -0.8585    -0.8584     0.0002    -0.8641    -0.8639     0.0002   2.787174   2.787552   0.000414    34.2972    34.3027     6.9254    27.5785    27.5829    34.2959    27.5774    1447.33    1447.33    -0.8639  1028.5021    34.4630 0.0000e+00
      26142 309.737861  -62.16698  -58.37552     -1.059    1448.15    191.000    189.079    -0.8610    -0.8607     0.0003    -0.8666    -0.8662     0.0003   2.786818   2.787255   0.000427    34.2956    34.3010     6.9284    27.5773    27.5817    34.2945    27.5764    1447.30    1447.30    -0.8664  1028.4963    34.4616 0.0000e+00
      26166 309.737873  -62.16698  -58.37552     -1.022    1448.15    190.000    188.090    -0.8608    -0.8609    -0.0001    -0.8663    -0.8663    -0.0001   2.786755   2.787145   0.000400    34.2947    34.3003     6.9268    27.5766    27.5811    34.2939    27.5760    1447.28    1447.29    -0.8661  1028.4911    34.4610 0.0000e+00
      26192 309.737885  -62.16698  -58.37552     -0.950    1448.15    189.000    187.101    -0.8604    -0.8607    -0.0003    -0.8658    -0.8661    -0.0003   2.786699   2.787073   0.000372    34.2941    34.2995     6.9529    27.5761    27.5804    34.2934    27.5755    1447.26    1447.27    -0.8657  1028.4859    34.4605 0.0000e+00
      26218 309.737898  -62.16698  -58.37552     -0.930    1448.15    188.000    186.111    -0.8603    -0.8603    -0.0000    -0.8657    -0.8657    -0.0000   2.786620   2.787011   0.000393    34.2934    34.2987     6.9755    27.5755    27.5798    34.2928    27.5750    1447.25    1447.25    -0.8656  1028.4806    34.4599 0.0000e+00
      26242 309.737909  -62.16698  -58.37552     -0.967    1448.15    187.000    185.122    -0.8598    -0.8601    -0.0003    -0.8652    -0.8655    -0.0003   2.786658   2.786993   0.000332    34.2940    34.2988     6.9888    27.5760    27.5799    34.2934    27.5755    1447.23    1447.24    -0.8651  1028.4763    34.4605 0.0000e+00
      26265 309.737920  -62.16698  -58.37552     -1.020    1448.15    186.000    184.132    -0.8600    -0.8601    -0.0001    -0.8654    -0.8655    -0.0001   2.786571   2.786957   0.000378    34.2935    34.2988     7.0005    27.5756    27.5799    34.2930    27.5752    1447.22    1447.22    -0.8652  1028.4712    34.4601 0.0000e+00
      26287 309.737931  -62.16698  -58.37552     -1.067    1448.15    185.000    183.143    -0.8602    -0.8599     0.0003    -0.8656    -0.8652     0.0003   2.786450   2.786885   0.000436    34.2928    34.2983     6.9986    27.5750    27.5794    34.2923    27.5746    1447.20    1447.21    -0.8654  1028.4658    34.4594 0.0000e+00
      26308 309.737941  -62.16698  -58.37552     -1.101    1448.15    184.000    182.153    -0.8607    -0.8601     0.0006    -0.8660    -0.8654     0.0006   2.786319   2.786805   0.000476    34.2921    34.2979     7.0065    27.5745    27.5791    34.2917    27.5741    1447.18    1447.19    -0.8658  1028.4606    34.4587 0.0000e+00
      26330 309.737952  -62.16698  -58.37552     -1.110    1448.15    183.000    181.163    -0.8616    -0.8613     0.0003    -0.8669    -0.8665     0.0003   2.786177   2.786596   0.000427    34.2918    34.2973     6.9982    27.5743    27.5787    34.2914    27.5739    1447.16    1447.17    -0.8667  1028.4556    34.4584 0.0000e+00
      26352 309.737962  -62.16698  -58.37552     -1.094    1448.15    182.000    180.174    -0.8625    -0.8621     0.0003    -0.8677    -0.8674     0.0003   2.786035   2.786449   0.000422    34.2916    34.2969     6.9998    27.5741    27.5784    34.2911    27.5737    1447.14    1447.15    -0.8676  1028.4506    34.4581 0.0000e+00
      26374 309.737973  -62.16698  -58.37552     -1.084    1448.15    181.000    179.185    -0.8655    -0.8666    -0.0010    -0.8708    -0.8718    -0.0010   2.785646   2.785964   0.000308    34.2910    34.2963     7.0066    27.5737    27.5781    34.2899    27.5729    1447.11    1447.11    -0.8706  1028.4450    34.4569 0.0000e+00
      26397 309.737984  -62.16698  -58.37552     -1.078    1448.15    180.000    178.195    -0.8720    -0.8713     0.0007    -0.8772    -0.8765     0.0007   2.784986   2.785478   0.000476    34.2902    34.2958     7.0086    27.5734    27.5779    34.2889    27.5723    1447.06    1447.07    -0.8770  1028.4398    34.4560 0.0000e+00
      26419 309.737995  -62.16698  -58.37552     -1.066    1448.15    179.000    177.205    -0.8770    -0.8771    -0.0001    -0.8821    -0.8822    -0.0001   2.784591   2.784921   0.000363    34.2903    34.2954     7.0140    27.5737    27.5777    34.2898    27.5732    1447.02    1447.02    -0.8820  1028.4359    34.4568 0.0000e+00
      26443 309.738006  -62.16698  -58.37552     -1.033    1448.15    178.000    176.216    -0.8778    -0.8766     0.0011    -0.8829    -0.8817     0.0011   2.784405   2.784964   0.000518    34.2899    34.2956     7.0118    27.5733    27.5779    34.2888    27.5725    1447.00    1447.01    -0.8827  1028.4304    34.4559 0.0000e+00
      26468 309.738019  -62.16698  -58.37552     -0.981    1448.15    177.000    175.226    -0.8786    -0.8776     0.0010    -0.8837    -0.8827     0.0010   2.784342   2.784796   0.000473    34.2900    34.2953     7.0137    27.5734    27.5777    34.2895    27.5730    1446.98    1446.99    -0.8835  1028.4262    34.4565 0.0000e+00
      26496 309.738032  -62.16698  -58.37552     -0.900    1448.15    176.000    174.237    -0.8795    -0.8809    -0.0013    -0.8846    -0.8859    -0.0013   2.784173   2.784439   0.000279    34.2896    34.2949     6.9953    27.5732    27.5775    34.2889    27.5726    1446.96    1446.96    -0.8844  1028.4210    34.4559 0.0000e+00
      26523 309.738045  -62.16698  -58.37552     -0.864    1448.15    175.000    173.247    -0.8815    -0.8820    -0.0005    -0.8864    -0.8870    -0.0005   2.783913   2.784286   0.000365    34.2891    34.2946     7.0001    27.5728    27.5773    34.2882    27.5721    1446.93    1446.94    -0.8863  1028.4157    34.4552 0.0000e+00
      26548 309.738057  -62.16698  -58.37552     -0.921    1448.15    174.000    172.258    -0.8853    -0.8840     0.0013    -0.8902    -0.8889     0.0013   2.783506   2.784041   0.000515    34.2884    34.2939     6.9962    27.5724    27.5768    34.2876    27.5718    1446.89    1446.91    -0.8901  1028.4106    34.4546 0.0000e+00
      26569 309.738067  -62.16698  -58.37552     -1.037    1448.15    173.000    171.268    -0.8880    -0.8857     0.0022    -0.8929    -0.8907     0.0022   2.783147   2.783739   0.000602    34.2876    34.2933     7.0024    27.5719    27.5764    34.2865    27.5709    1446.87    1446.88    -0.8928  1028.4050    34.4534 0.0000e+00
      26589 309.738077  -62.16698  -58.37552     -1.153    1448.15    172.000    170.278    -0.8908    -0.8908    -0.0001    -0.8957    -0.8957    -0.0001   2.782838   2.783231   0.000395    34.2869    34.2924     7.0028    27.5714    27.5758    34.2860    27.5707    1446.83    1446.84    -0.8955  1028.4000    34.4530 0.0000e+00
      26609 309.738086  -62.16698  -58.37552     -1.217    1448.15    171.000    169.289    -0.8929    -0.8930    -0.0000    -0.8978    -0.8978    -0.0000   2.782536   2.782938   0.000401    34.2859    34.2914     7.0039    27.5707    27.5751    34.2850    27.5699    1446.81    1446.81    -0.8976  1028.3945    34.4519 0.0000e+00
      26629 309.738096  -62.16698  -58.37552     -1.222    1448.15    170.000    168.299    -0.8938    -0.8937     0.0002    -0.8986    -0.8985     0.0002   2.782384   2.782798   0.000414    34.2852    34.2906     7.0089    27.5702    27.5746    34.2846    27.5696    1446.79    1446.79    -0.8985  1028.3894    34.4515 0.0000e+00
      26650 309.738106  -62.16698  -58.37552     -1.162    1448.15    169.000    167.309    -0.8941    -0.8939     0.0002    -0.8989    -0.8987     0.0002   2.782265   2.782701   0.000431    34.2846    34.2902     7.0017    27.5697    27.5742    34.2839    27.5691    1446.77    1446.78    -0.8988  1028.3841    34.4509 0.0000e+00
      26674 309.738118  -62.16698  -58.37552     -1.070    1448.15    168.000    166.320    -0.8947    -0.8944     0.0003    -0.8994    -0.8991     0.0003   2.782148   2.782573   0.000433    34.2841    34.2896     7.0071    27.5693    27.5738    34.2836    27.5689    1446.75    1446.76    -0.8993  1028.3791    34.4505 0.0000e+00
      26699 309.738130  -62.16698  -58.37552     -0.990    1448.15    167.000    165.330    -0.8947    -0.8948    -0.0001    -0.8995    -0.8995    -0.0001   2.782093   2.782467   0.000372    34.2840    34.2892     7.0079    27.5692    27.5734    34.2835    27.5688    1446.73    1446.74    -0.8993  1028.3742    34.4504 0.0000e+00
      26725 309.738142  -62.16698  -58.37554     -0.938    1448.15    166.000    164.341    -0.8949    -0.8950    -0.0001    -0.8996    -0.8997    -0.0001   2.782016   2.782374   0.000360    34.2837    34.2887     7.0130    27.5690    27.5730    34.2833    27.5686    1446.71    1446.72    -0.8995  1028.3693    34.4502 0.0000e+00
      26752 309.738155  -62.16698  -58.37554     -0.901    1448.15    165.000    163.351    -0.8948    -0.8948    -0.0001    -0.8994    -0.8995    -0.0001   2.781939   2.782348   0.000405    34.2831    34.2887     7.0089    27.5685    27.5730    34.2827    27.5681    1446.70    1446.70    -0.8993  1028.3640    34.4496 0.0000e+00
      26779 309.738168  -62.16698  -58.37553     -0.886    1448.15    164.000    162.362    -0.8946    -0.8946     0.0001    -0.8993    -0.8992     0.0001   2.781839   2.782260   0.000423    34.2821    34.2877     7.0153    27.5677    27.5722    34.2818    27.5674    1446.68    1446.69    -0.8991  1028.3585    34.4487 0.0000e+00
      26803 309.738180  -62.16698  -58.37552     -0.934    1448.15    163.000    161.372    -0.8942    -0.8942     0.0001    -0.8988    -0.8988     0.0001   2.781840   2.782226   0.000391    34.2822    34.2874     7.0216    27.5677    27.5720    34.2820    27.5676    1446.67    1446.67    -0.8987  1028.3538    34.4489 0.0000e+00
      26825 309.738191  -62.16698  -58.37552     -1.029    1448.15    162.000    160.383    -0.8940    -0.8942    -0.0002    -0.8986    -0.8988    -0.0002   2.781793   2.782205   0.000405    34.2820    34.2877     7.0313    27.5676    27.5722    34.2817    27.5673    1446.65    1446.66    -0.8985  1028.3488    34.4486 0.0000e+00
      26846 309.738201  -62.16698  -58.37552     -1.109    1448.15    161.000    159.393    -0.8946    -0.8944     0.0002    -0.8992    -0.8990     0.0002   2.781642   2.782066   0.000426    34.2814    34.2869     7.0366    27.5670    27.5716    34.2810    27.5667    1446.63    1446.64    -0.8990  1028.3435    34.4478 0.0000e+00
      26867 309.738211  -62.16698  -58.37552     -1.161    1448.15    160.000    158.403    -0.8956    -0.8953     0.0003    -0.9001    -0.8998     0.0003   2.781464   2.781891   0.000426    34.2806    34.2861     7.0404    27.5665    27.5709    34.2802    27.5662    1446.61    1446.62    -0.9000  1028.3381    34.4471 0.0000e+00
      26889 309.738222  -62.16698  -58.37552     -1.120    1448.15    159.000    157.414    -0.8959    -0.8958     0.0002    -0.9004    -0.9003     0.0002   2.781390   2.781796   0.000406    34.2805    34.2858     7.0443    27.5664    27.5707    34.2802    27.5662    1446.59    1446.60    -0.9003  1028.3333    34.4471 0.0000e+00
      26916 309.738234  -62.16698  -58.37552     -0.979    1448.15    158.000    156.424    -0.8957    -0.8956     0.0001    -0.9001    -0.9000     0.0001   2.781385   2.781774   0.000391    34.2806    34.2858     7.0387    27.5665    27.5707    34.2806    27.5665    1446.58    1446.58    -0.9000  1028.3288    34.4474 0.0000e+00
      26944 309.738248  -62.16698  -58.37553     -0.859    1448.15    157.000    155.434    -0.8950    -0.8953    -0.0003    -0.8995    -0.8997    -0.0003   2.781424   2.781765   0.000343    34.2811    34.2861     7.0462    27.5668    27.5709    34.2809    27.5667    1446.57    1446.57    -0.8993  1028.3245    34.4480 0.0000e+00
      26973 309.738262  -62.16698  -58.37554     -0.835    1448.15    156.000    154.445    -0.8952    -0.8951     0.0001    -0.8996    -0.8995     0.0001   2.781350   2.781745   0.000392    34.2809    34.2861     7.0487    27.5667    27.5709    34.2807    27.5665    1446.55    1446.55    -0.8995  1028.3193    34.4476 0.0000e+00
      27001 309.738275  -62.16698  -58.37554     -0.853    1448.15    155.000    153.455    -0.8952    -0.8951     0.0001    -0.8996    -0.8995     0.0001   2.781306   2.781697   0.000393    34.2809    34.2861     7.0449    27.5667    27.5709    34.2808    27.5666    1446.53    1446.54    -0.8994  1028.3146    34.4476 0.0000e+00
      27027 309.738288  -62.16698  -58.37554     -0.887    1448.15    154.000    152.466    -0.8952    -0.8950     0.0001    -0.8995    -0.8994     0.0001   2.781258   2.781668   0.000409    34.2808    34.2862     7.0468    27.5667    27.5710    34.2807    27.5665    1446.51    1446.52    -0.8994  1028.3098    34.4475 0.0000e+00
      27052 309.738300  -62.16698  -58.37552     -0.941    1448.15    153.000    151.476    -0.8954    -0.8953     0.0001    -0.8997    -0.8996     0.0001   2.781181   2.781596   0.000412    34.2807    34.2862     7.0457    27.5666    27.5710    34.2806    27.5664    1446.50    1446.51    -0.8996  1028.3049    34.4475 0.0000e+00
