Pos-Processados/process_op38/operantar38_003b.ros
* Sea-Bird SBE 9 Data File:
* FileName = D:\OPERANTAR_XXXVIII\DADOS\OP38_003b.hdr
* Software Version Seasave V 7.12
* Temperature SN = 4808
* Conductivity SN = 3380
* Number of Bytes Per Scan = 31
* Number of Voltage Words = 2
* Number of Scans Averaged by the Deck Unit = 1
* NMEA Latitude = 39 32.86 S
* NMEA Longitude = 054 23.47 W
* NMEA UTC (Time) = Jan 17 2019 09:51:02
** H41
** NAVIO POLAR ALMIRANTE MAXIMIANO
** CRUZEIRO:
** OPERANTAR XXXVIII
** ESTAÇÃO: OP38_003b
** LAT 39º 32,86'S
** LONG 054º 23,47'W
** 09P73767-1155
** PROFUNDIDADE: 2920 m
** DATA/HORA: 170950Z/OUT/2019
** OPERADOR: SO-HN CHAVES
# nquan = 27
# nvalues = 1649                                  
# units = specified
# name 0 = scan: Scan Count
# name 1 = timeJ: Julian Days
# name 2 = latitude: Latitude [deg]
# name 3 = longitude: Longitude [deg]
# name 4 = dz/dtM: Descent Rate [m/s]
# name 5 = avgsvCM: Average Sound Velocity [Chen-Millero, m/s]
# name 6 = prDM: Pressure, Digiquartz [db]
# name 7 = depSM: Depth [salt water, m]
# name 8 = t090C: Temperature [ITS-90, deg C]
# name 9 = t190C: Temperature, 2 [ITS-90, deg C]
# name 10 = T2-T190C: Temperature Difference, 2 - 1 [ITS-90, deg C]
# name 11 = potemp090C: Potential Temperature [ITS-90, deg C]
# name 12 = potemp190C: Potential Temperature, 2 [ITS-90, deg C]
# name 13 = potemp90Cdiff: Potential Temperature, Diff, 2 - 1 [ITS-90, deg C]
# name 14 = c0S/m: Conductivity [S/m]
# name 15 = c1S/m: Conductivity, 2 [S/m]
# name 16 = C2-C1S/m: Conductivity Difference, 2 - 1 [S/m]
# name 17 = sal00: Salinity, Practical [PSU]
# name 18 = sal11: Salinity, Practical, 2 [PSU]
# name 19 = sbeox0ML/L: Oxygen, SBE 43 [ml/l]
# name 20 = sigma-é00: Density [sigma-theta, kg/m^3]
# name 21 = sigma-é11: Density, 2 [sigma-theta, kg/m^3]
# name 22 = sbox0Mm/Kg: Oxygen, SBE 43 [umol/kg]
# name 23 = oxsolMm/Kg: Oxygen Saturation, Garcia & Gordon [umol/kg]
# name 24 = oxsatMm/Kg: Oxygen Saturation, Weiss [umol/kg]
# name 25 = nbf: Bottles Fired
# name 26 = flag:  0.000e+00
# interval = seconds: 0.0416667
# start_time = Jan 17 2019 09:51:02 [NMEA time, header]
# bad_flag = -9.990e-29
*END*
[from data line 1343]
       3929  17.412334  -39.54772  -54.39120      0.066    1474.69     35.431     35.158     5.9544     6.0093     0.0549     5.9514     6.0063     0.0549   3.353692   3.358613   0.004920    34.0918    34.0920     7.3509    26.8411    26.8343    319.708  302.61982  303.16230          9  0.000e+00
       3930  17.412335  -39.54772  -54.39120      0.057    1474.69     35.424     35.151     5.9650     6.0105     0.0456     5.9620     6.0076     0.0456   3.355074   3.358538   0.003464    34.0967    34.0899     7.3482    26.8436    26.8325    319.593  302.53423  303.07558          9  0.000e+00
       3931  17.412335  -39.54772  -54.39120      0.048    1474.69     35.383     35.111     5.9753     6.0078     0.0325     5.9724     6.0049     0.0325   3.355890   3.358279   0.002389    34.0955    34.0897     7.3419    26.8414    26.8327    319.318  302.46419  303.00428          9  0.000e+00
       3932  17.412336  -39.54772  -54.39120      0.039    1474.69     35.383     35.111     5.9827     6.0068     0.0241     5.9798     6.0039     0.0241   3.356398   3.358267   0.001869    34.0938    34.0905     7.3399    26.8391    26.8335    319.232  302.41598  302.95515          9  0.000e+00
       3933  17.412336  -39.54772  -54.39120      0.032    1474.69     35.383     35.111     5.9891     6.0080     0.0189     5.9862     6.0051     0.0189   3.356919   3.358489   0.001570    34.0932    34.0919     7.3382    26.8378    26.8344    319.156  302.37219  302.91058          9  0.000e+00
       3934  17.412337  -39.54772  -54.39120      0.023    1474.69     35.431     35.158     5.9959     6.0112     0.0152     5.9930     6.0082     0.0152   3.357349   3.358798   0.001449    34.0912    34.0921     7.3365    26.8354    26.8342    319.087  302.32900  302.86653          9  0.000e+00
       3935  17.412337  -39.54772  -54.39120      0.013    1474.69     35.329     35.056     6.0011     6.0138     0.0127     5.9982     6.0108     0.0127   3.357677   3.359069   0.001392    34.0897    34.0926     7.3352    26.8335    26.8343    319.028  302.29597  302.83285          9  0.000e+00
       3936  17.412337  -39.54772  -54.39120      0.003    1474.69     35.383     35.111     6.0054     6.0167     0.0112     6.0025     6.0137     0.0112   3.357889   3.359341   0.001452    34.0877    34.0927     7.3384    26.8314    26.8340    319.168  302.27002  302.80634          9  0.000e+00
       3937  17.412338  -39.54772  -54.39120     -0.004    1474.69     35.383     35.111     6.0062     6.0184     0.0122     6.0033     6.0155     0.0122   3.357754   3.359391   0.001637    34.0854    34.0915     7.3345    26.8295    26.8328    318.999  302.26969  302.80586          9  0.000e+00
       3938  17.412338  -39.54772  -54.39120     -0.013    1474.69     35.329     35.056     6.0040     6.0191     0.0151     6.0010     6.0161     0.0151   3.357317   3.359354   0.002037    34.0827    34.0905     7.3349    26.8277    26.8319    319.017  302.29136  302.82772          9  0.000e+00
       3939  17.412339  -39.54772  -54.39120     -0.026    1474.69     35.281     35.009     6.0020     6.0184     0.0164     5.9991     6.0155     0.0164   3.357021   3.359255   0.002233    34.0814    34.0900     7.3353    26.8269    26.8316    319.034  302.30798  302.84454          9  0.000e+00
       3940  17.412339  -39.54772  -54.39120     -0.035    1474.69     35.329     35.056     6.0009     6.0176     0.0168     5.9979     6.0147     0.0167   3.357034   3.359144   0.002109    34.0827    34.0896     7.3309    26.8280    26.8314    318.846  302.31318  302.84991          9  0.000e+00
       3941  17.412340  -39.54772  -54.39120     -0.047    1474.69     35.281     35.009     6.0016     6.0170     0.0154     5.9987     6.0140     0.0154   3.357233   3.359063   0.001830    34.0842    34.0893     7.3304    26.8291    26.8313    318.822  302.30462  302.84130          9  0.000e+00
       3942  17.412340  -39.54772  -54.39120     -0.062    1474.69     35.281     35.009     6.0031     6.0162     0.0131     6.0002     6.0132     0.0131   3.357478   3.359020   0.001542    34.0854    34.0897     7.3299    26.8299    26.8316    318.800  302.29123  302.82777          9  0.000e+00
       3943  17.412341  -39.54772  -54.39120     -0.071    1474.69     35.233     34.961     6.0044     6.0154     0.0109     6.0015     6.0124     0.0109   3.357587   3.358884   0.001297    34.0854    34.0890     7.3296    26.8297    26.8312    318.786  302.28220  302.81858          9  0.000e+00
       3944  17.412341  -39.54772  -54.39120     -0.079    1474.69     35.281     35.009     6.0059     6.0151     0.0092     6.0030     6.0121     0.0092   3.357741   3.358853   0.001112    34.0856    34.0889     7.3289    26.8297    26.8312    318.758  302.27139  302.80760          9  0.000e+00
       3945  17.412342  -39.54772  -54.39120     -0.096    1474.69     35.123     34.853     6.0072     6.0138     0.0066     6.0043     6.0108     0.0066   3.357786   3.358748   0.000962    34.0849    34.0891     7.3288    26.8290    26.8315    318.750  302.26386  302.79990          9  0.000e+00
       3946  17.412342  -39.54772  -54.39120     -0.100    1474.69     35.329     35.056     6.0077     6.0123     0.0046     6.0047     6.0094     0.0046   3.357786   3.358650   0.000863    34.0843    34.0894     7.3246    26.8285    26.8319    318.568  302.26185  302.79782          9  0.000e+00
       3947  17.412343  -39.54772  -54.39120     -0.116    1474.69     35.178     34.907     6.0078     6.0131     0.0053     6.0048     6.0102     0.0053   3.357735   3.358822   0.001088    34.0837    34.0906     7.3239    26.8280    26.8327    318.539  302.26248  302.79842          9  0.000e+00
       3948  17.412343  -39.54772  -54.39120     -0.125    1474.69     35.178     34.907     6.0078     6.0146     0.0068     6.0049     6.0117     0.0067   3.357767   3.358958   0.001191    34.0840    34.0906     7.3239    26.8282    26.8326    318.540  302.26142  302.79736          9  0.000e+00
       3949  17.412344  -39.54772  -54.39120     -0.137    1474.69     35.178     34.907     6.0086     6.0159     0.0072     6.0057     6.0129     0.0072   3.357850   3.358964   0.001114    34.0842    34.0894     7.3235    26.8282    26.8315    318.521  302.25558  302.79143          9  0.000e+00
       3950  17.412344  -39.54772  -54.39120     -0.151    1474.69     35.130     34.859     6.0093     6.0154     0.0061     6.0064     6.0124     0.0061   3.357895   3.358859   0.000964    34.0840    34.0887     7.3190    26.8280    26.8310    318.327  302.25116  302.78692          9  0.000e+00
       3951  17.412345  -39.54772  -54.39120     -0.158    1474.69     35.171     34.900     6.0099     6.0143     0.0043     6.0070     6.0113     0.0043   3.357998   3.358785   0.000787    34.0845    34.0890     7.3225    26.8283    26.8314    318.479  302.24562  302.78133          9  0.000e+00
       3952  17.412345  -39.54772  -54.39120     -0.174    1474.69     35.075     34.805     6.0109     6.0138     0.0029     6.0080     6.0109     0.0029   3.358095   3.358791   0.000697    34.0846    34.0896     7.3223    26.8283    26.8319    318.470  302.23836  302.77395          9  0.000e+00
       3953  17.412346  -39.54772  -54.39120     -0.182    1474.69     35.130     34.859     6.0118     6.0139     0.0021     6.0089     6.0110     0.0021   3.358159   3.358810   0.000651    34.0844    34.0896     7.3183    26.8281    26.8319    318.295  302.23257  302.76805          9  0.000e+00
       3954  17.412346  -39.54772  -54.39120     -0.196    1474.69     35.075     34.805     6.0125     6.0139     0.0014     6.0096     6.0110     0.0014   3.358178   3.358915   0.000737    34.0840    34.0909     7.3221    26.8276    26.8329    318.462  302.22878  302.76417          9  0.000e+00
       3955  17.412347  -39.54772  -54.39120     -0.206    1474.69     35.075     34.805     6.0128     6.0167     0.0038     6.0099     6.0137     0.0038   3.358223   3.359156   0.000933    34.0841    34.0908     7.3184    26.8277    26.8325    318.299  302.22591  302.76126          9  0.000e+00
       3956  17.412347  -39.54772  -54.39120     -0.218    1474.69     35.021     34.751     6.0133     6.0175     0.0042     6.0104     6.0146     0.0042   3.358262   3.359075   0.000814    34.0841    34.0891     7.3183    26.8276    26.8310    318.298  302.22263  302.75793          9  0.000e+00
       3957  17.412348  -39.54772  -54.39120     -0.232    1474.69     35.027     34.758     6.0139     6.0162     0.0023     6.0110     6.0133     0.0022   3.358333   3.358896   0.000564    34.0843    34.0884     7.3180    26.8277    26.8306    318.282  302.21787  302.75310          9  0.000e+00
       3958  17.412348  -39.54772  -54.39120     -0.238    1474.69     35.027     34.758     6.0149     6.0165     0.0016     6.0120     6.0136     0.0016   3.358403   3.358995   0.000592    34.0841    34.0892     7.3177    26.8274    26.8312    318.270  302.21136  302.74647          9  0.000e+00
       3959  17.412349  -39.54772  -54.39120     -0.247    1474.69     35.028     34.758     6.0152     6.0176     0.0024     6.0123     6.0147     0.0024   3.358442   3.359230   0.000788    34.0842    34.0907     7.3135    26.8274    26.8323    318.088  302.20890  302.74397          9  0.000e+00
       3960  17.412349  -39.54772  -54.39120     -0.266    1474.69     34.822     34.554     6.0157     6.0193     0.0035     6.0128     6.0163     0.0035   3.358474   3.359514   0.001040    34.0842    34.0924     7.3129    26.8274    26.8334    318.061  302.20562  302.74063          9  0.000e+00
       3961  17.412350  -39.54772  -54.39120     -0.269    1474.69     35.075     34.805     6.0159     6.0236     0.0077     6.0129     6.0207     0.0077   3.358500   3.359903   0.001403    34.0842    34.0922     7.3129    26.8274    26.8327    318.061  302.20451  302.73950          9  0.000e+00
       3962  17.412350  -39.54772  -54.39120     -0.277    1474.69     34.980     34.710     6.0173     6.0267     0.0093     6.0144     6.0238     0.0093   3.358738   3.360107   0.001369    34.0855    34.0915     7.3124    26.8282    26.8317    318.040  302.19144  302.72629          9  0.000e+00
       3963  17.412351  -39.54772  -54.39120     -0.286    1474.69     34.925     34.656     6.0199     6.0275     0.0076     6.0170     6.0245     0.0076   3.359020   3.360113   0.001093    34.0861    34.0908     7.3114    26.8283    26.8311    317.998  302.17206  302.70663          9  0.000e+00
       3964  17.412351  -39.54772  -54.39120     -0.297    1474.69     34.877     34.608     6.0220     6.0268     0.0048     6.0191     6.0239     0.0048   3.359130   3.360057   0.000928    34.0852    34.0908     7.3107    26.8274    26.8312    317.968  302.15906  302.69335          9  0.000e+00
       3965  17.412351  -39.54772  -54.39120     -0.307    1474.69     34.870     34.601     6.0237     6.0293     0.0056     6.0207     6.0263     0.0056   3.359239   3.360366   0.001127    34.0848    34.0919     7.3103    26.8268    26.8317    317.948  302.14859  302.68268          9  0.000e+00
       3966  17.412352  -39.54772  -54.39120     -0.315    1474.69     34.877     34.608     6.0252     6.0336     0.0083     6.0223     6.0306     0.0083   3.359406   3.360860   0.001454    34.0851    34.0931     7.3099    26.8269    26.8321    317.932  302.13692  302.67083          9  0.000e+00
       3967  17.412352  -39.54772  -54.39120     -0.325    1474.69     34.877     34.608     6.0264     6.0375     0.0111     6.0234     6.0346     0.0111   3.359451   3.361194   0.001743    34.0845    34.0929     7.3098    26.8262    26.8315    317.927  302.13032  302.66408          9  0.000e+00
       3968  17.412353  -39.54772  -54.39120     -0.336    1474.69     34.774     34.506     6.0264     6.0403     0.0140     6.0235     6.0374     0.0139   3.359406   3.361422   0.002016    34.0840    34.0927     7.3058    26.8259    26.8310    317.752  302.13134  302.66509          9  0.000e+00
       3969  17.412353  -39.54772  -54.39120     -0.339    1474.69     34.877     34.608     6.0273     6.0430     0.0157     6.0243     6.0400     0.0157   3.359458   3.361633   0.002175    34.0837    34.0923     7.3056    26.8255    26.8303    317.743  302.12593  302.65956          9  0.000e+00
       3970  17.412354  -39.54772  -54.39120     -0.348    1474.69     34.767     34.499     6.0289     6.0448     0.0158     6.0260     6.0418     0.0158   3.359683   3.361707   0.002024    34.0846    34.0914     7.3051    26.8260    26.8294    317.722  302.11218  302.64564          9  0.000e+00
       3971  17.412354  -39.54772  -54.39120     -0.357    1474.69     34.774     34.506     6.0307     6.0443     0.0136     6.0278     6.0414     0.0136   3.359818   3.361466   0.001648    34.0843    34.0891     7.3044    26.8255    26.8276    317.693  302.10034  302.63358          9  0.000e+00
       3972  17.412355  -39.54772  -54.39120     -0.365    1474.69     34.726     34.459     6.0318     6.0427     0.0108     6.0289     6.0398     0.0108   3.359933   3.361311   0.001378    34.0845    34.0891     7.3044    26.8255    26.8278    317.691  302.09190  302.62501          9  0.000e+00
       3973  17.412355  -39.54772  -54.39120     -0.370    1474.69     34.774     34.506     6.0327     6.0424     0.0097     6.0298     6.0395     0.0097   3.359985   3.361225   0.001240    34.0842    34.0883     7.3000    26.8252    26.8273    317.503  302.08668  302.61969          9  0.000e+00
       3974  17.412356  -39.54772  -54.39120     -0.374    1474.69     34.726     34.459     6.0331     6.0402     0.0071     6.0302     6.0373     0.0071   3.360036   3.360996   0.000960    34.0843    34.0880     7.2999    26.8252    26.8273    317.499  302.08310  302.61605          9  0.000e+00
       3975  17.412356  -39.54772  -54.39120     -0.377    1474.69     34.767     34.500     6.0336     6.0387     0.0051     6.0307     6.0358     0.0051   3.360075   3.360836   0.000761    34.0842    34.0877     7.3042    26.8251    26.8272    317.684  302.07993  302.61283          9  0.000e+00
       3976  17.412357  -39.54772  -54.39120     -0.384    1474.69     34.672     34.404     6.0345     6.0372     0.0027     6.0316     6.0343     0.0027   3.360107   3.360737   0.000630    34.0838    34.0882     7.3043    26.8247    26.8278    317.688  302.07504  302.60783          9  0.000e+00
       3977  17.412357  -39.54772  -54.39120     -0.389    1474.69     34.672     34.404     6.0352     6.0360     0.0008     6.0323     6.0331     0.0008   3.360184   3.360694   0.000509    34.0839    34.0888     7.3005    26.8247    26.8285    317.521  302.06937  302.60207          9  0.000e+00
       3978  17.412358  -39.54772  -54.39120     -0.392    1474.69     34.672     34.404     6.0357     6.0365     0.0008     6.0328     6.0336     0.0008   3.360229   3.360755   0.000526    34.0839    34.0891     7.3005    26.8246    26.8286    317.522  302.06600  302.59864          9  0.000e+00
       3979  17.412358  -39.54772  -54.39120     -0.396    1474.69     34.624     34.357     6.0362     6.0368     0.0007     6.0333     6.0340     0.0007   3.360261   3.360934   0.000673    34.0838    34.0907     7.3006    26.8245    26.8299    317.527  302.06290  302.59549          9  0.000e+00
       3980  17.412359  -39.54772  -54.39120     -0.398    1474.69     34.672     34.404     6.0367     6.0397     0.0030     6.0338     6.0368     0.0030   3.360313   3.361262   0.000949    34.0839    34.0916     7.3004    26.8245    26.8302    317.519  302.05917  302.59170          9  0.000e+00
