Pos-Processados/process_op38/operantar38_001.ros
* Sea-Bird SBE 9 Data File:
* FileName = D:\OPERANTAR_XXXVIII\DADOS\OP38_002.hdr
* Software Version Seasave V 7.12
* Temperature SN = 4808
* Conductivity SN = 3380
* Number of Bytes Per Scan = 31
* Number of Voltage Words = 2
* Number of Scans Averaged by the Deck Unit = 1
* NMEA Latitude = 38 26.99 S
* NMEA Longitude = 052 53.48 W
* NMEA UTC (Time) = Jan 16 2019 21:21:57
** H41
** NAVIO POLAR ALMIRANTE MAXIMIANO
** CRUZEIRO:
** OPERANTAR XXXVIII
** ESTAÇÃO: 002
** LAT 38º 26,99'S
** LONG 052º 53,46'W
** 09P73767-1155
** PROFUNDIDADE: 4158 m
** DATA/HORA: 162121Z/OUT/2019
** OPERADOR: SO-HN CHAVES
# nquan = 27
# nvalues = 3792                                  
# units = specified
# name 0 = scan: Scan Count
# name 1 = timeJ: Julian Days
# name 2 = latitude: Latitude [deg]
# name 3 = longitude: Longitude [deg]
# name 4 = dz/dtM: Descent Rate [m/s]
# name 5 = avgsvCM: Average Sound Velocity [Chen-Millero, m/s]
# name 6 = prDM: Pressure, Digiquartz [db]
# name 7 = depSM: Depth [salt water, m]
# name 8 = t090C: Temperature [ITS-90, deg C]
# name 9 = t190C: Temperature, 2 [ITS-90, deg C]
# name 10 = T2-T190C: Temperature Difference, 2 - 1 [ITS-90, deg C]
# name 11 = potemp090C: Potential Temperature [ITS-90, deg C]
# name 12 = potemp190C: Potential Temperature, 2 [ITS-90, deg C]
# name 13 = potemp90Cdiff: Potential Temperature, Diff, 2 - 1 [ITS-90, deg C]
# name 14 = c0S/m: Conductivity [S/m]
# name 15 = c1S/m: Conductivity, 2 [S/m]
# name 16 = C2-C1S/m: Conductivity Difference, 2 - 1 [S/m]
# name 17 = sal00: Salinity, Practical [PSU]
# name 18 = sal11: Salinity, Practical, 2 [PSU]
# name 19 = sbeox0ML/L: Oxygen, SBE 43 [ml/l]
# name 20 = sigma-é00: Density [sigma-theta, kg/m^3]
# name 21 = sigma-é11: Density, 2 [sigma-theta, kg/m^3]
# name 22 = sbox0Mm/Kg: Oxygen, SBE 43 [umol/kg]
# name 23 = oxsolMm/Kg: Oxygen Saturation, Garcia & Gordon [umol/kg]
# name 24 = oxsatMm/Kg: Oxygen Saturation, Weiss [umol/kg]
# name 25 = nbf: Bottles Fired
# name 26 = flag:  0.000e+00
# interval = seconds: 0.0416667
# start_time = Jan 16 2019 21:21:57 [NMEA time, header]
# bad_flag = -9.990e-29
*END*
[from data line 430]
      76594  16.927180  -38.22396  -52.57268     -0.332    1498.22     10.601     10.521    15.6423    15.6432     0.0008    15.6407    15.6415     0.0008   4.421441   4.421179  -0.000262    35.5935    35.5904     5.6462    26.2864    26.2838    245.703  243.70344  243.46880          3  0.000e+00
      76595  16.927181  -38.22396  -52.57268     -0.335    1498.22     10.567     10.487    15.6421    15.6435     0.0015    15.6404    15.6419     0.0015   4.421448   4.421220  -0.000227    35.5938    35.5905     5.6466    26.2867    26.2837    245.716  243.70418  243.46955          3  0.000e+00
      76596  16.927181  -38.22396  -52.57268     -0.336    1498.22     10.546     10.467    15.6420    15.6430     0.0011    15.6403    15.6414     0.0011   4.421405   4.421234  -0.000171    35.5935    35.5910     5.6469    26.2865    26.2843    245.730  243.70511  243.47048          3  0.000e+00
      76597  16.927182  -38.22396  -52.57268     -0.335    1498.22     10.601     10.521    15.6421    15.6428     0.0007    15.6405    15.6411     0.0007   4.421269   4.421241  -0.000027    35.5921    35.5913     5.6470    26.2853    26.2845    245.737  243.70662  243.47198          3  0.000e+00
      76598  16.927182  -38.22396  -52.57268     -0.337    1498.22     10.519     10.440    15.6421    15.6432     0.0010    15.6405    15.6415     0.0010   4.421319   4.421152  -0.000167    35.5926    35.5902     5.6473    26.2857    26.2836    245.747  243.70581  243.47117          3  0.000e+00
      76599  16.927183  -38.22396  -52.57268     -0.339    1498.22     10.498     10.419    15.6420    15.6427     0.0007    15.6403    15.6410     0.0007   4.421405   4.421090  -0.000315    35.5936    35.5901     5.6475    26.2865    26.2836    245.759  243.70508  243.47045          3  0.000e+00
      76600  16.927183  -38.22396  -52.57268     -0.339    1498.22     10.546     10.467    15.6420    15.6428     0.0008    15.6403    15.6412     0.0008   4.421448   4.421083  -0.000365    35.5939    35.5899     5.6476    26.2868    26.2834    245.762  243.70446  243.46984          3  0.000e+00
      76601  16.927184  -38.22396  -52.57268     -0.338    1498.22     10.498     10.419    15.6419    15.6427     0.0008    15.6402    15.6410     0.0008   4.421434   4.421145  -0.000289    35.5939    35.5906     5.6479    26.2868    26.2840    245.774  243.70493  243.47032          3  0.000e+00
      76602  16.927184  -38.22396  -52.57268     -0.339    1498.22     10.519     10.440    15.6421    15.6423     0.0001    15.6405    15.6407     0.0001   4.421304   4.421131  -0.000174    35.5925    35.5908     5.6482    26.2856    26.2843    245.789  243.70603  243.47138          3  0.000e+00
      76603  16.927185  -38.22396  -52.57268     -0.338    1498.22     10.498     10.419    15.6421    15.6428     0.0007    15.6405    15.6412     0.0007   4.421218   4.421034  -0.000184    35.5917    35.5894     5.6483    26.2850    26.2831    245.791  243.70731  243.47266          3  0.000e+00
      76604  16.927185  -38.22396  -52.57268     -0.335    1498.22     10.498     10.419    15.6420    15.6428     0.0009    15.6403    15.6412     0.0009   4.421111   4.421007  -0.000104    35.5909    35.5892     5.6484    26.2844    26.2829    245.795  243.70952  243.47488          3  0.000e+00
      76605  16.927186  -38.22396  -52.57268     -0.335    1498.22     10.450     10.372    15.6423    15.6425     0.0001    15.6407    15.6408     0.0001   4.420996   4.420924  -0.000072    35.5896    35.5888     5.6484    26.2833    26.2827    245.796  243.71006  243.47538          3  0.000e+00
      76606  16.927186  -38.22396  -52.57268     -0.334    1498.22     10.471     10.392    15.6421    15.6425     0.0003    15.6405    15.6409     0.0003   4.421032   4.420903  -0.000128    35.5900    35.5886     5.6453    26.2837    26.2825    245.661  243.71011  243.47545          3  0.000e+00
      76607  16.927187  -38.22396  -52.57268     -0.329    1498.22     10.498     10.419    15.6424    15.6428     0.0004    15.6408    15.6412     0.0004   4.421154   4.420924  -0.000230    35.5909    35.5884     5.6481    26.2843    26.2823    245.786  243.70742  243.47275          3  0.000e+00
      76608  16.927187  -38.22396  -52.57268     -0.329    1498.22     10.396     10.317    15.6423    15.6428     0.0005    15.6407    15.6412     0.0005   4.421276   4.420958  -0.000317    35.5921    35.5888     5.6449    26.2853    26.2826    245.645  243.70580  243.47114          3  0.000e+00
      76609  16.927188  -38.22396  -52.57268     -0.322    1498.22     10.471     10.392    15.6426    15.6430     0.0004    15.6410    15.6414     0.0004   4.421441   4.420993  -0.000448    35.5933    35.5889     5.6447    26.2861    26.2826    245.634  243.70234  243.46767          3  0.000e+00
      76610  16.927188  -38.22396  -52.57268     -0.322    1498.22     10.450     10.372    15.6423    15.6427     0.0003    15.6407    15.6410     0.0003   4.421498   4.421048  -0.000450    35.5941    35.5897     5.6444    26.2868    26.2834    245.624  243.70247  243.46783          3  0.000e+00
      76611  16.927188  -38.22396  -52.57268     -0.317    1498.22     10.450     10.372    15.6425    15.6428     0.0003    15.6408    15.6412     0.0003   4.421441   4.421165  -0.000275    35.5935    35.5907     5.6442    26.2863    26.2840    245.614  243.70290  243.46825          3  0.000e+00
      76612  16.927189  -38.22396  -52.57268     -0.312    1498.22     10.396     10.317    15.6425    15.6428     0.0004    15.6408    15.6412     0.0004   4.421448   4.421248  -0.000200    35.5935    35.5914     5.6439    26.2863    26.2846    245.603  243.70276  243.46811          3  0.000e+00
      76613  16.927189  -38.22396  -52.57268     -0.306    1498.22     10.471     10.392    15.6425    15.6427     0.0001    15.6409    15.6410     0.0001   4.421319   4.421351   0.000033    35.5923    35.5925     5.6438    26.2853    26.2855    245.597  243.70447  243.46980          3  0.000e+00
      76614  16.927190  -38.22396  -52.57268     -0.300    1498.22     10.450     10.372    15.6425    15.6428     0.0003    15.6408    15.6412     0.0003   4.421154   4.421386   0.000232    35.5909    35.5927     5.6436    26.2843    26.2856    245.589  243.70724  243.47257          3  0.000e+00
      76615  16.927190  -38.22396  -52.57268     -0.295    1498.22     10.396     10.317    15.6425    15.6427     0.0002    15.6408    15.6410     0.0002   4.421010   4.421338   0.000328    35.5896    35.5924     5.6434    26.2833    26.2854    245.580  243.70937  243.47469          3  0.000e+00
      76616  16.927191  -38.22396  -52.57268     -0.290    1498.22     10.416     10.338    15.6425    15.6432     0.0007    15.6408    15.6415     0.0007   4.420881   4.421338   0.000457    35.5884    35.5919     5.6432    26.2824    26.2849    245.572  243.71134  243.47664          3  0.000e+00
      76617  16.927191  -38.22396  -52.57268     -0.280    1498.22     10.451     10.372    15.6425    15.6425     0.0000    15.6408    15.6409     0.0000   4.420766   4.421455   0.000689    35.5874    35.5936     5.6431    26.2816    26.2863    245.565  243.71309  243.47839          3  0.000e+00
      76618  16.927192  -38.22396  -52.57268     -0.274    1498.22     10.396     10.318    15.6427    15.6427    -0.0001    15.6411    15.6410    -0.0001   4.420773   4.421496   0.000723    35.5872    35.5938     5.6428    26.2814    26.2865    245.552  243.71208  243.47736          3  0.000e+00
      76619  16.927192  -38.22396  -52.57268     -0.266    1498.22     10.451     10.372    15.6425    15.6426     0.0002    15.6408    15.6410     0.0002   4.420694   4.421551   0.000857    35.5867    35.5943     5.6426    26.2811    26.2869    245.546  243.71418  243.47947          3  0.000e+00
      76620  16.927193  -38.22396  -52.57268     -0.260    1498.22     10.368     10.290    15.6426    15.6428     0.0002    15.6410    15.6412     0.0002   4.420644   4.421586   0.000942    35.5861    35.5945     5.6423    26.2806    26.2869    245.534  243.71430  243.47958          3  0.000e+00
      76621  16.927193  -38.22396  -52.57268     -0.250    1498.22     10.451     10.372    15.6426    15.6427     0.0000    15.6410    15.6410     0.0000   4.420630   4.421689   0.001059    35.5860    35.5955     5.6422    26.2805    26.2878    245.527  243.71457  243.47985          3  0.000e+00
      76622  16.927194  -38.22396  -52.57268     -0.239    1498.22     10.451     10.372    15.6430    15.6428    -0.0002    15.6414    15.6412    -0.0002   4.420630   4.421834   0.001204    35.5857    35.5967     5.6419    26.2801    26.2887    245.516  243.71341  243.47866          3  0.000e+00
      76623  16.927194  -38.22396  -52.57268     -0.236    1498.22     10.396     10.318    15.6428    15.6425    -0.0003    15.6412    15.6409    -0.0003   4.420572   4.421875   0.001303    35.5853    35.5974     5.6417    26.2799    26.2893    245.506  243.71482  243.48008          3  0.000e+00
      76624  16.927195  -38.22396  -52.57268     -0.222    1498.22     10.471     10.392    15.6427    15.6425    -0.0002    15.6411    15.6409    -0.0002   4.420608   4.421917   0.001309    35.5857    35.5977     5.6415    26.2802    26.2895    245.498  243.71462  243.47989          3  0.000e+00
      76625  16.927195  -38.22396  -52.57268     -0.211    1498.22     10.451     10.372    15.6428    15.6425    -0.0004    15.6412    15.6408    -0.0004   4.420658   4.421917   0.001258    35.5861    35.5977     5.6412    26.2805    26.2896    245.486  243.71356  243.47882          3  0.000e+00
      76626  16.927196  -38.22396  -52.57268     -0.201    1498.22     10.396     10.318    15.6425    15.6428     0.0004    15.6408    15.6412     0.0004   4.420694   4.421999   0.001305    35.5867    35.5982     5.6410    26.2811    26.2898    245.475  243.71414  243.47943          3  0.000e+00
      76627  16.927196  -38.22396  -52.57268     -0.190    1498.22     10.471     10.392    15.6425    15.6427     0.0002    15.6408    15.6410     0.0002   4.420702   4.422027   0.001326    35.5868    35.5985     5.6408    26.2811    26.2901    245.468  243.71408  243.47938          3  0.000e+00
      76628  16.927197  -38.22396  -52.57268     -0.179    1498.22     10.451     10.372    15.6425    15.6432     0.0007    15.6408    15.6415     0.0007   4.420680   4.422048   0.001368    35.5866    35.5983     5.6406    26.2810    26.2898    245.457  243.71440  243.47969          3  0.000e+00
      76629  16.927197  -38.22396  -52.57268     -0.168    1498.22     10.451     10.372    15.6423    15.6427     0.0003    15.6407    15.6410     0.0003   4.420580   4.422048   0.001468    35.5858    35.5987     5.6404    26.2804    26.2903    245.449  243.71635  243.48164          3  0.000e+00
      76630  16.927198  -38.22396  -52.57268     -0.155    1498.22     10.499     10.420    15.6425    15.6426     0.0001    15.6409    15.6410     0.0001   4.420529   4.422055   0.001525    35.5851    35.5988     5.6433    26.2798    26.2904    245.577  243.71641  243.48169          3  0.000e+00
      76631  16.927198  -38.22396  -52.57268     -0.147    1498.22     10.416     10.338    15.6426    15.6427     0.0000    15.6410    15.6410     0.0000   4.420458   4.422144   0.001687    35.5844    35.5996     5.6402    26.2793    26.2910    245.439  243.71715  243.48242          3  0.000e+00
      76632  16.927199  -38.22396  -52.57268     -0.133    1498.22     10.499     10.420    15.6426    15.6430     0.0004    15.6410    15.6414     0.0004   4.420443   4.422144   0.001701    35.5843    35.5993     5.6431    26.2792    26.2906    245.568  243.71742  243.48269          3  0.000e+00
      76633  16.927199  -38.22396  -52.57268     -0.121    1498.22     10.499     10.420    15.6428    15.6430     0.0002    15.6412    15.6413     0.0002   4.420386   4.422192   0.001807    35.5836    35.5997     5.6433    26.2786    26.2910    245.578  243.71771  243.48296          3  0.000e+00
      76634  16.927200  -38.22396  -52.57268     -0.107    1498.22     10.547     10.467    15.6426    15.6428     0.0002    15.6410    15.6412     0.0002   4.420336   4.422268   0.001933    35.5833    35.6005     5.6405    26.2784    26.2916    245.455  243.71908  243.48433          3  0.000e+00
      76635  16.927200  -38.22396  -52.57268     -0.093    1498.22     10.471     10.392    15.6430    15.6425    -0.0005    15.6414    15.6409    -0.0005   4.420357   4.422275   0.001918    35.5832    35.6009     5.6404    26.2782    26.2920    245.452  243.71754  243.48278          3  0.000e+00
      76636  16.927201  -38.22396  -52.57268     -0.081    1498.22     10.547     10.467    15.6431    15.6430    -0.0001    15.6414    15.6413    -0.0001   4.420343   4.422317   0.001974    35.5829    35.6008     5.6405    26.2780    26.2919    245.455  243.71752  243.48275          3  0.000e+00
      76637  16.927201  -38.22396  -52.57268     -0.070    1498.22     10.499     10.420    15.6430    15.6428    -0.0002    15.6414    15.6412    -0.0002   4.420379   4.422241   0.001862    35.5834    35.6003     5.6436    26.2784    26.2915    245.591  243.71724  243.48247          3  0.000e+00
      76638  16.927201  -38.22396  -52.57268     -0.055    1498.22     10.567     10.488    15.6428    15.6427    -0.0002    15.6412    15.6410    -0.0002   4.420379   4.422186   0.001807    35.5835    35.5999     5.6408    26.2785    26.2912    245.469  243.71786  243.48311          3  0.000e+00
      76639  16.927202  -38.22396  -52.57268     -0.042    1498.22     10.547     10.467    15.6431    15.6430    -0.0002    15.6415    15.6413    -0.0002   4.420364   4.422117   0.001752    35.5831    35.5990     5.6408    26.2781    26.2905    245.469  243.71705  243.48227          3  0.000e+00
      76640  16.927202  -38.22396  -52.57268     -0.030    1498.22     10.547     10.467    15.6431    15.6428    -0.0003    15.6415    15.6412    -0.0003   4.420393   4.422062   0.001669    35.5834    35.5987     5.6409    26.2783    26.2902    245.471  243.71661  243.48184          3  0.000e+00
      76641  16.927203  -38.22396  -52.57268     -0.016    1498.22     10.601     10.522    15.6430    15.6423    -0.0007    15.6413    15.6407    -0.0007   4.420407   4.422089   0.001682    35.5836    35.5994     5.6410    26.2786    26.2909    245.475  243.71687  243.48211          3  0.000e+00
      76642  16.927203  -38.22396  -52.57268     -0.001    1498.22     10.567     10.488    15.6432    15.6430    -0.0003    15.6416    15.6413    -0.0003   4.420429   4.422013   0.001584    35.5836    35.5981     5.6410    26.2785    26.2897    245.476  243.71580  243.48102          3  0.000e+00
      76643  16.927204  -38.22396  -52.57268      0.013    1498.22     10.601     10.522    15.6430    15.6427    -0.0003    15.6413    15.6410    -0.0003   4.420415   4.421931   0.001516    35.5837    35.5976     5.6411    26.2786    26.2894    245.482  243.71676  243.48200          3  0.000e+00
      76644  16.927204  -38.22396  -52.57268      0.028    1498.22     10.649     10.569    15.6431    15.6426    -0.0005    15.6415    15.6410    -0.0005   4.420371   4.421800   0.001428    35.5831    35.5965     5.6412    26.2782    26.2886    245.487  243.71701  243.48223          3  0.000e+00
      76645  16.927205  -38.22396  -52.57268      0.040    1498.22     10.622     10.542    15.6430    15.6428    -0.0002    15.6413    15.6412    -0.0002   4.420508   4.421689   0.001181    35.5845    35.5953     5.6444    26.2792    26.2876    245.625  243.71537  243.48061          3  0.000e+00
      76646  16.927205  -38.22396  -52.57268      0.056    1498.22     10.649     10.569    15.6430    15.6427    -0.0003    15.6413    15.6410    -0.0003   4.420694   4.421627   0.000933    35.5862    35.5949     5.6416    26.2805    26.2873    245.502  243.71257  243.47782          3  0.000e+00
