Pos-Processados/process_op38/operantar38_007.cnv
* Sea-Bird SBE 9 Data File:
* FileName = D:\OPERANTAR_XXXVIII\DADOS\OP38_007.hdr
* Software Version Seasave V 7.18c
* Temperature SN = 4808
* Conductivity SN = 3380
* Number of Bytes Per Scan = 31
* Number of Voltage Words = 2
* Number of Scans Averaged by the Deck Unit = 1
* NMEA Latitude = 44 52.70 S
* NMEA Longitude = 051 46.25 W
* NMEA UTC (Time) = Oct 19 2019 21:28:45
** H41
** NAVIO POLAR ALMIRANTE MAXIMIANO
** CRUZEIRO:
** OPERANTAR XXXVIII
** ESTAÇÃO: OP38_007
** LAT 44 52,70' S
** LONG 051 46,27' W
** 09P73767-1155
** PROFUNDIDADE: 5881
** DATA/HORA: 192130Z/OUT/2019
** OPERADOR: SO-HN CHAVES
# nquan = 30
# nvalues = 2139                        
# units = specified
# name 0 = scan: Scan Count
# name 1 = timeJ: Julian Days
# name 2 = latitude: Latitude [deg]
# name 3 = longitude: Longitude [deg]
# name 4 = dz/dtM: Descent Rate [m/s]
# name 5 = avgsvCM: Average Sound Velocity [Chen-Millero, m/s]
# name 6 = prDM: Pressure, Digiquartz [db]
# name 7 = depSM: Depth [salt water, m]
# name 8 = t090C: Temperature [ITS-90, deg C]
# name 9 = t190C: Temperature, 2 [ITS-90, deg C]
# name 10 = T2-T190C: Temperature Difference, 2 - 1 [ITS-90, deg C]
# name 11 = potemp090C: Potential Temperature [ITS-90, deg C]
# name 12 = potemp190C: Potential Temperature, 2 [ITS-90, deg C]
# name 13 = potemp90Cdiff: Potential Temperature, Diff, 2 - 1 [ITS-90, deg C]
# name 14 = c0S/m: Conductivity [S/m]
# name 15 = c1S/m: Conductivity, 2 [S/m]
# name 16 = C2-C1S/m: Conductivity Difference, 2 - 1 [S/m]
# name 17 = sal00: Salinity, Practical [PSU]
# name 18 = sal11: Salinity, Practical, 2 [PSU]
# name 19 = sbeox0ML/L: Oxygen, SBE 43 [ml/l]
# name 20 = sigma-é00: Density [sigma-theta, kg/m^3]
# name 21 = sigma-é11: Density, 2 [sigma-theta, kg/m^3]
# name 22 = sal00: Salinity, Practical [PSU]
# name 23 = sigma-é00: Density [sigma-theta, kg/m^3]
# name 24 = svCM: Sound Velocity [Chen-Millero, m/s]
# name 25 = svCM1: Sound Velocity, 2 [Chen-Millero, m/s]
# name 26 = gsw_ptA0: potential temperature [ITS-90, deg C]
# name 27 = gsw_densityA0: density, TEOS-10 [density, kg/m^3]
# name 28 = gsw_saA0: Absolute Salinity [g/kg]
# name 29 = flag:
# span 0 =       1755,      69557       
# span 1 = 292.895811, 292.928509       
# span 2 =  -44.87836,  -44.87830       
# span 3 =  -51.77098,  -51.77090       
# span 4 =     -1.749,      1.526       
# span 5 =       0.00,    1507.37       
# span 6 =      3.000,   1072.000       
# span 7 =      2.987,   1060.568       
# span 8 =     2.7695,     9.7519       
# span 9 =     2.7703,     9.7533       
# span 10 =    -0.1467,     0.0490      
# span 11 =     2.7056,     9.7514      
# span 12 =     2.7063,     9.7523      
# span 13 =    -0.1466,     0.0487      
# span 14 =   3.131096,   3.750973      
# span 15 =   3.131612,   3.751782      
# span 16 =  -0.014045,   0.005064      
# span 17 =    34.0959,    34.6418      
# span 18 =    34.1009,    34.6478      
# span 19 =     4.0736,     6.5747      
# span 20 =    26.7079,    27.4704      
# span 21 =    26.7125,    27.4746      
# span 22 =    34.0929,    34.6428      
# span 23 =    26.7079,    27.4702      
# span 24 =    1470.89,    1488.67      
# span 25 =    1470.90,    1488.66      
# span 26 =     2.7055,     9.7514      
# span 27 =  1026.7279,  1032.4372      
# span 28 =    34.2543,    34.8064      
# span 29 = 0.0000e+00, 0.0000e+00      
# interval = decibars: 1                
# start_time = Oct 19 2019 21:28:45 [NMEA time, header]
# bad_flag = -9.990e-29
*END*
[from data line 97]
       5890 292.897805  -44.87836  -51.77092      0.914    1487.96    100.000     99.165     9.1633     9.1651     0.0018     9.1525     9.1543     0.0018   3.696176   3.696954   0.000754    34.6024    34.6085     6.1705    26.7822    26.7868    34.5994    26.7799    1487.95    1487.97     9.1525  1027.2347    34.7629 0.0000e+00
       5919 292.897819  -44.87834  -51.77094      0.842    1487.96    101.000    100.157     8.9739     9.0139     0.0401     8.9631     9.0031     0.0400   3.671789   3.676374   0.004473    34.5685    34.5764     6.1885    26.7860    26.7857    34.5278    26.7540    1487.18    1487.34     8.9630  1027.2137    34.6910 0.0000e+00
       5951 292.897834  -44.87834  -51.77094      0.793    1487.68    102.000    101.148     8.5833     8.6059     0.0226     8.5726     8.5952     0.0226   3.632219   3.635418   0.002962    34.5249    34.5341     6.1908    26.8134    26.8171    34.4917    26.7873    1485.71    1485.81     8.5726  1027.2523    34.6547 0.0000e+00
       6008 292.897862  -44.87834  -51.77094      0.411    1487.03    103.000    102.137     8.2465     8.2640     0.0175     8.2360     8.2535     0.0174   3.597533   3.599350   0.002166    34.4791    34.4850     6.1676    26.8291    26.8311    34.4526    26.8083    1484.42    1484.48     8.2360  1027.2785    34.6154 0.0000e+00
       6069 292.897892  -44.87835  -51.77093      0.410    1486.98    104.000    103.131     7.9199     7.9278     0.0079     7.9096     7.9175     0.0079   3.562335   3.563479   0.001218    34.4315    34.4368     6.2616    26.8408    26.8438    34.3965    26.8133    1483.13    1483.17     7.9096  1027.2887    34.5591 0.0000e+00
       6096 292.897905  -44.87836  -51.77092      0.750    1486.98    105.000    104.123     7.8089     7.8233     0.0145     7.7985     7.8130     0.0144   3.550572   3.552795   0.002101    34.4147    34.4231     6.2835    26.8440    26.8484    34.3788    26.8158    1482.71    1482.77     7.7986  1027.2959    34.5413 0.0000e+00
       6119 292.897916  -44.87836  -51.77092      0.977    1486.98    106.000    105.114     7.5190     7.5528     0.0337     7.5089     7.5426     0.0337   3.516719   3.520448   0.003775    34.3658    34.3734     6.3416    26.8474    26.8485    34.2983    26.7943    1481.52    1481.65     7.5088  1027.2797    34.4604 0.0000e+00
       6140 292.897926  -44.87836  -51.77092      1.090    1486.98    107.000    106.105     7.2261     7.2296     0.0034     7.2161     7.2195     0.0034   3.490821   3.491583   0.000840    34.3425    34.3483     6.3855    26.8708    26.8748    34.3062    26.8422    1480.42    1480.44     7.2160  1027.3328    34.4683 0.0000e+00
       6162 292.897937  -44.87835  -51.77092      1.104    1486.98    108.000    107.097     7.1874     7.1890     0.0017     7.1773     7.1790     0.0017   3.486984   3.487701   0.000734    34.3356    34.3419     6.3338    26.8707    26.8755    34.3022    26.8445    1480.28    1480.29     7.1773  1027.3397    34.4644 0.0000e+00
       6190 292.897950  -44.87834  -51.77093      0.954    1486.98    109.000    108.088     7.1576     7.1555    -0.0021     7.1474     7.1453    -0.0021   3.484599   3.484772   0.000261    34.3307    34.3357     6.3876    26.8711    26.8753    34.3053    26.8511    1480.19    1480.18     7.1474  1027.3509    34.4674 0.0000e+00
       6235 292.897972  -44.87834  -51.77094      0.572    1486.98    110.000    109.077     7.2175     7.2147    -0.0028     7.2072     7.2044    -0.0028   3.491880   3.492065   0.000200    34.3418    34.3468     6.4602    26.8715    26.8758    34.3248    26.8581    1480.46    1480.45     7.2072  1027.3624    34.4871 0.0000e+00
       6299 292.898003 -9.990e-29  -51.77092      0.347    1486.98    111.000    110.075     7.2823     7.2739    -0.0085     7.2719     7.2634    -0.0084   3.500019   3.499523  -0.000486    34.3552    34.3583     6.4455    26.8729    26.8766    34.3488    26.8679    1480.75    1480.73     7.2719  1027.3765    34.5112 0.0000e+00
       6339 292.898022 -9.990e-29  -51.77092      0.577    1486.98    112.000    111.062     7.3371     7.3386     0.0015     7.3265     7.3280     0.0015   3.505840   3.506401   0.000590    34.3649    34.3698     6.4558    26.8728    26.8765    34.3574    26.8670    1480.99    1481.00     7.3265  1027.3801    34.5198 0.0000e+00
       6364 292.898034 -9.990e-29  -51.77092      0.834    1486.98    113.000    112.053     7.3283     7.3301     0.0018     7.3176     7.3194     0.0018   3.505080   3.505745   0.000643    34.3635    34.3687     6.4499    26.8730    26.8768    34.3574    26.8682    1480.98    1480.99     7.3176  1027.3859    34.5198 0.0000e+00
       6386 292.898044 -9.990e-29  -51.77092      1.026    1486.98    114.000    113.045     7.3130     7.3191     0.0061     7.3023     7.3083     0.0061   3.502931   3.504097   0.001128    34.3608    34.3670     6.4217    26.8730    26.8771    34.3486    26.8635    1480.92    1480.95     7.3022  1027.3857    34.5110 0.0000e+00
       6407 292.898055 -9.990e-29  -51.77092      1.118    1486.98    115.000    114.036     7.2599     7.2607     0.0008     7.2490     7.2498     0.0008   3.498095   3.498552   0.000530    34.3558    34.3608     6.4117    26.8765    26.8804    34.3482    26.8706    1480.73    1480.74     7.2490  1027.3976    34.5105 0.0000e+00
       6431 292.898066  -44.87834  -51.77092      1.084    1486.98    116.000    115.027     7.2737     7.2728    -0.0009     7.2628     7.2619    -0.0009   3.499922   3.500325   0.000356    34.3601    34.3649     6.3969    26.8781    26.8820    34.3538    26.8731    1480.81    1480.81     7.2628  1027.4046    34.5163 0.0000e+00
       6464 292.898082  -44.87834  -51.77093      0.816    1486.98    117.000    116.019     7.2497     7.2494    -0.0003     7.2387     7.2384    -0.0003   3.497653   3.498054   0.000412    34.3578    34.3626     6.4091    26.8797    26.8835    34.3525    26.8755    1480.73    1480.74     7.2386  1027.4116    34.5149 0.0000e+00
       6525 292.898111  -44.87834  -51.77094      0.336    1486.98    118.000    117.010     7.2589     7.2602     0.0013     7.2478     7.2491     0.0013   3.499041   3.499623   0.000575    34.3605    34.3655     6.4057    26.8805    26.8842    34.3579    26.8785    1480.79    1480.80     7.2478  1027.4191    34.5204 0.0000e+00
       6570 292.898133  -44.87834  -51.77092      0.535    1486.98    119.000    118.001     7.2487     7.2507     0.0020     7.2375     7.2395     0.0020   3.498057   3.498693   0.000658    34.3613    34.3665     6.4160    26.8826    26.8864    34.3569    26.8791    1480.77    1480.78     7.2375  1027.4243    34.5193 0.0000e+00
       6597 292.898146  -44.87835  -51.77092      0.800    1486.98    120.000    118.993     7.2421     7.2429     0.0009     7.2308     7.2317     0.0009   3.497533   3.498113   0.000563    34.3615    34.3668     6.4082    26.8836    26.8877    34.3572    26.8803    1480.76    1480.77     7.2308  1027.4301    34.5197 0.0000e+00
       6623 292.898159  -44.87836  -51.77092      0.908    1486.98    121.000    119.984     7.1482     7.1583     0.0101     7.1370     7.1470     0.0100   3.487134   3.488747   0.001537    34.3483    34.3551     6.4084    26.8864    26.8904    34.3364    26.8770    1480.39    1480.43     7.1369  1027.4317    34.4987 0.0000e+00
       6651 292.898172  -44.87836  -51.77092      0.880    1486.98    122.000    120.975     7.0511     7.0544     0.0032     7.0398     7.0431     0.0032   3.477074   3.477729   0.000731    34.3380    34.3427     6.3987    26.8917    26.8951    34.3223    26.8794    1480.01    1480.03     7.0398  1027.4389    34.4846 0.0000e+00
       6677 292.898185  -44.87836  -51.77092      0.897    1486.98    123.000    121.967     6.9985     6.9974    -0.0010     6.9872     6.9861    -0.0010   3.472567   3.472915   0.000360    34.3326    34.3376     6.3923    26.8948    26.8989    34.3248    26.8886    1479.82    1479.83     6.9871  1027.4528    34.4870 0.0000e+00
       6701 292.898196  -44.87834  -51.77092      0.965    1486.98    124.000    122.958     6.9913     6.9921     0.0008     6.9799     6.9807     0.0008   3.471841   3.472406   0.000562    34.3303    34.3357     6.3913    26.8940    26.8981    34.3235    26.8886    1479.81    1479.82     6.9798  1027.4574    34.4857 0.0000e+00
       6732 292.898211  -44.87834  -51.77092      0.867    1486.98    125.000    123.948     6.9430     6.9411    -0.0019     6.9315     6.9297    -0.0018   3.466064   3.466295   0.000247    34.3208    34.3254     6.4105    26.8932    26.8970    34.3076    26.8827    1479.62    1479.62     6.9315  1027.4562    34.4698 0.0000e+00
       6811 292.898250  -44.87834  -51.77092      0.161    1486.98    126.000    124.940     6.7967     6.8200     0.0233     6.7853     6.8086     0.0233   3.450944   3.453821   0.002756    34.3028    34.3099     6.4459    26.8988    26.9013    34.2864    26.8859    1479.04    1479.14     6.7853  1027.4643    34.4485 0.0000e+00
       6852 292.898269  -44.87834  -51.77092      0.600    1486.98    127.000    125.932     6.5264     6.5336     0.0072     6.5152     6.5224     0.0072   3.424011   3.425103   0.001157    34.2753    34.2809     6.4642    26.9134    26.9168    34.2581    26.8998    1477.97    1478.00     6.5151  1027.4836    34.4201 0.0000e+00
       6875 292.898280  -44.87836  -51.77092      0.920    1486.98    128.000    126.923     6.5042     6.5052     0.0010     6.4929     6.4939     0.0010   3.421957   3.422470   0.000574    34.2710    34.2764     6.4225    26.9129    26.9170    34.2570    26.9018    1477.89    1477.90     6.4929  1027.4903    34.4190 0.0000e+00
       6896 292.898290  -44.87836  -51.77092      1.081    1486.98    129.000    127.914     6.4874     6.4892     0.0018     6.4760     6.4778     0.0018   3.419738   3.420400   0.000658    34.2658    34.2713     6.4204    26.9110    26.9151    34.2486    26.8975    1477.83    1477.85     6.4760  1027.4906    34.4106 0.0000e+00
       6916 292.898300  -44.87836  -51.77092      1.156    1486.98    130.000    128.906     6.3964     6.3991     0.0027     6.3850     6.3877     0.0027   3.409835   3.410606   0.000795    34.2522    34.2584     6.4622    26.9122    26.9167    34.2292    26.8940    1477.47    1477.49     6.3850  1027.4920    34.3910 0.0000e+00
       6935 292.898309  -44.87836  -51.77092      1.213    1486.98    131.000    129.897     6.3205     6.3226     0.0021     6.3092     6.3112     0.0020   3.402568   3.403384   0.000747    34.2447    34.2510     6.4844    26.9162    26.9209    34.2237    26.8996    1477.18    1477.19     6.3091  1027.5024    34.3856 0.0000e+00
       6955 292.898319 -9.990e-29  -51.77092      1.236    1486.98    132.000    130.888     6.2357     6.2412     0.0055     6.2243     6.2298     0.0055   3.393437   3.394392   0.001016    34.2327    34.2385     6.4759    26.9177    26.9216    34.2064    26.8969    1476.84    1476.87     6.2243  1027.5046    34.3682 0.0000e+00
       6998 292.898339 -9.990e-29  -51.77092      0.876    1486.98    133.000    131.888     6.1409     6.1374    -0.0036     6.1296     6.1260    -0.0036   3.385286   3.385226   0.000047    34.2243    34.2285     6.4749    26.9232    26.9270    34.2099    26.9118    1476.49    1476.47     6.1295  1027.5244    34.3717 0.0000e+00
       7113 292.898395 -9.990e-29  -51.77092      0.495    1486.98    134.000    132.887     6.1043     6.1078     0.0034     6.0929     6.0964     0.0034   3.381567   3.382363   0.000792    34.2145    34.2199     6.4948    26.9201    26.9240    34.2045    26.9123    1476.35    1476.37     6.0929  1027.5295    34.3663 0.0000e+00
       7129 292.898403  -44.87836  -51.77092      0.957    1486.98    135.000    133.861     6.0681     6.0714     0.0032     6.0567     6.0599     0.0032   3.377488   3.378285   0.000794    34.2091    34.2148     6.5000    26.9205    26.9246    34.1947    26.9091    1476.21    1476.23     6.0566  1027.5310    34.3564 0.0000e+00
       7146 292.898411  -44.87836  -51.77091      1.213    1486.98    136.000    134.853     5.9473     5.9499     0.0026     5.9359     5.9384     0.0026   3.363744   3.364549   0.000808    34.1920    34.1985     6.5164    26.9222    26.9270    34.1613    26.8979    1475.70    1475.72     5.9358  1027.5248    34.3229 0.0000e+00
       7163 292.898419  -44.87836  -51.77090      1.367    1486.98    137.000    135.845     5.8505     5.8536     0.0030     5.8392     5.8422     0.0030   3.356195   3.356994   0.000796    34.1911    34.1970     6.5138    26.9336    26.9379    34.1733    26.9195    1475.35    1475.37     5.8391  1027.5513    34.3349 0.0000e+00
       7180 292.898428  -44.87836  -51.77090      1.413    1486.98    138.000    136.836     5.7973     5.8011     0.0038     5.7858     5.7896     0.0038   3.350685   3.351525   0.000858    34.1847    34.1905     6.4806    26.9351    26.9393    34.1643    26.9190    1475.14    1475.16     5.7859  1027.5556    34.3259 0.0000e+00
       7201 292.898438  -44.87836  -51.77092      1.301    1486.98    139.000    137.827     5.7331     5.7372     0.0041     5.7216     5.7257     0.0041   3.344424   3.345277   0.000830    34.1787    34.1840     6.4656    26.9383    26.9420    34.1578    26.9218    1474.89    1474.92     5.7216  1027.5632    34.3194 0.0000e+00
       7231 292.898452  -44.87836  -51.77092      0.941    1486.98    140.000    138.817     5.6322     5.6357     0.0036     5.6208     5.6243     0.0036   3.335062   3.335621   0.000709    34.1706    34.1751     6.4963    26.9443    26.9473    34.1533    26.9306    1474.50    1474.52     5.6208  1027.5769    34.3149 0.0000e+00
       7333 292.898501  -44.87834  -51.77092      0.142    1486.98    141.000    139.813     5.5646     5.5586    -0.0059     5.5532     5.5472    -0.0059   3.328835   3.328849  -0.000089    34.1610    34.1661     6.5251    26.9449    26.9496    34.1505    26.9366    1474.24    1474.23     5.5531  1027.5877    34.3121 0.0000e+00
       7378 292.898523  -44.87836  -51.77092      0.619    1486.98    142.000    140.801     5.5035     5.5089     0.0054     5.4921     5.4975     0.0054   3.322832   3.323755   0.000949    34.1543    34.1597     6.5357    26.9470    26.9506    34.1436    26.9385    1474.00    1474.03     5.4920  1027.5945    34.3051 0.0000e+00
       7398 292.898533  -44.87836  -51.77090      0.945    1486.98    143.000    141.791     5.4685     5.4716     0.0031     5.4570     5.4601     0.0031   3.318870   3.319606   0.000733    34.1494    34.1546     6.5283    26.9473    26.9510    34.1335    26.9347    1473.87    1473.89     5.4570  1027.5953    34.2949 0.0000e+00
       7417 292.898542  -44.87836  -51.77090      1.160    1486.98    144.000    142.783     5.4256     5.4266     0.0010     5.4142     5.4151     0.0010   3.315295   3.315832   0.000541    34.1469    34.1521     6.5238    26.9505    26.9545    34.1357    26.9416    1473.71    1473.72     5.4141  1027.6070    34.2972 0.0000e+00
       7435 292.898550  -44.87836  -51.77090      1.288    1486.98    145.000    143.774     5.3958     5.3980     0.0022     5.3842     5.3865     0.0022   3.311825   3.312497   0.000671    34.1419    34.1473     6.5207    26.9501    26.9541    34.1259    26.9374    1473.60    1473.61     5.3842  1027.6075    34.2873 0.0000e+00
       7453 292.898559  -44.87836  -51.77090      1.340    1486.68    146.000    144.765     5.3217     5.3236     0.0019     5.3102     5.3121     0.0019   3.305048   3.305659   0.000629    34.1375    34.1427     6.5303    26.9554    26.9593    34.1232    26.9440    1473.31    1473.32     5.3101  1027.6190    34.2846 0.0000e+00
       7474 292.898569  -44.87836  -51.77090      1.249    1484.19    147.000    145.757     5.3133     5.3156     0.0023     5.3017     5.3039     0.0023   3.304768   3.305424   0.000644    34.1393    34.1444     6.5219    26.9578    26.9615    34.1281    26.9489    1473.30    1473.32     5.3016  1027.6285    34.2895 0.0000e+00
