Pos-Processados/process_op38/operantar38_003c.ros
* Sea-Bird SBE 9 Data File:
* FileName = D:\OPERANTAR_XXXVIII\DADOS\OP38_003c.hdr
* Software Version Seasave V 7.12
* Temperature SN = 4808
* Conductivity SN = 3380
* Number of Bytes Per Scan = 31
* Number of Voltage Words = 2
* Number of Scans Averaged by the Deck Unit = 1
* NMEA Latitude = 39 32.86 S
* NMEA Longitude = 054 23.47 W
* NMEA UTC (Time) = Oct 17 2019 10:25:40
** H41
** NAVIO POLAR ALMIRANTE MAXIMIANO
** CRUZEIRO:
** OPERANTAR XXXVIII
** ESTAÇÃO: OP38_003c
** LAT 39º32,87's
** LONG 054º23,45'w
** 09P73767-1155
** PROFUNDIDADE: 2920 m
** DATA/HORA: 171026Z/OUT/2019
** OPERADOR: SO-HN CHAVES
# nquan = 26
# nvalues = 1428                                  
# units = specified
# name 0 = scan: Scan Count
# name 1 = timeJ: Julian Days
# name 2 = latitude: Latitude [deg]
# name 3 = longitude: Longitude [deg]
# name 4 = dz/dtM: Descent Rate [m/s]
# name 5 = avgsvCM: Average Sound Velocity [Chen-Millero, m/s]
# name 6 = prDM: Pressure, Digiquartz [db]
# name 7 = depSM: Depth [salt water, m]
# name 8 = t090C: Temperature [ITS-90, deg C]
# name 9 = t190C: Temperature, 2 [ITS-90, deg C]
# name 10 = T2-T190C: Temperature Difference, 2 - 1 [ITS-90, deg C]
# name 11 = potemp090C: Potential Temperature [ITS-90, deg C]
# name 12 = potemp190C: Potential Temperature, 2 [ITS-90, deg C]
# name 13 = potemp90Cdiff: Potential Temperature, Diff, 2 - 1 [ITS-90, deg C]
# name 14 = c0S/m: Conductivity [S/m]
# name 15 = c1S/m: Conductivity, 2 [S/m]
# name 16 = C2-C1S/m: Conductivity Difference, 2 - 1 [S/m]
# name 17 = sal00: Salinity, Practical [PSU]
# name 18 = sal11: Salinity, Practical, 2 [PSU]
# name 19 = sbeox0ML/L: Oxygen, SBE 43 [ml/l]
# name 20 = sbeox1ML/L: Oxygen, SBE 43, 2 [ml/l]
# name 21 = sbeox0ML/Ldiff: Oxygen, SBE 43, Diff, 2 - 1 [ml/l]
# name 22 = sigma-é00: Density [sigma-theta, kg/m^3]
# name 23 = sigma-é11: Density, 2 [sigma-theta, kg/m^3]
# name 24 = nbf: Bottles Fired
# name 25 = flag:  0.000e+00
# interval = seconds: 0.0416667
# start_time = Oct 17 2019 10:25:40 [NMEA time, header]
# bad_flag = -9.990e-29
*END*
[from data line 1227]
       3694 290.436272  -39.54772  -54.39122      0.317       0.00      3.032      3.009     6.6625     6.6630     0.0005     6.6623     6.6627     0.0005   3.416303   3.416806   0.000503    34.0984    34.1035     7.3546     7.0139    -0.3407    26.7542    26.7582          8  0.000e+00
       3695 290.436272  -39.54772  -54.39122      0.310       0.00      3.032      3.009     6.6625     6.6625    -0.0001     6.6623     6.6622    -0.0001   3.416238   3.416800   0.000561    34.0976    34.1039     7.3502     7.0191    -0.3310    26.7537    26.7586          8  0.000e+00
       3696 290.436273  -39.54772  -54.39122      0.302       0.00      2.977      2.954     6.6619     6.6624     0.0005     6.6616     6.6621     0.0005   3.416258   3.416793   0.000535    34.0985    34.1040     7.3489     7.0197    -0.3292    26.7544    26.7587          8  0.000e+00
       3697 290.436273  -39.54772  -54.39122      0.292       0.00      3.032      3.009     6.6622     6.6620    -0.0002     6.6620     6.6617    -0.0002   3.416251   3.416775   0.000523    34.0981    34.1041     7.3476     7.0203    -0.3273    26.7541    26.7588          8  0.000e+00
       3698 290.436274  -39.54772  -54.39122      0.284       0.00      3.032      3.009     6.6621     6.6620    -0.0001     6.6618     6.6618    -0.0001   3.416238   3.416725   0.000486    34.0981    34.1035     7.3463     7.0207    -0.3256    26.7540    26.7584          8  0.000e+00
       3699 290.436274  -39.54772  -54.39122      0.272       0.00      2.977      2.954     6.6624     6.6610    -0.0014     6.6621     6.6607    -0.0014   3.416245   3.416619   0.000374    34.0979    34.1034     7.3455     7.0219    -0.3236    26.7539    26.7584          8  0.000e+00
       3700 290.436275  -39.54772  -54.39122      0.262       0.00      2.977      2.954     6.6625     6.6611    -0.0015     6.6623     6.6608    -0.0015   3.416290   3.416607   0.000317    34.0982    34.1032     7.3447     7.0222    -0.3226    26.7541    26.7582          8  0.000e+00
       3701 290.436275  -39.54772  -54.39122      0.250       0.00      3.032      3.009     6.6632     6.6617    -0.0015     6.6629     6.6615    -0.0015   3.416374   3.416713   0.000338    34.0985    34.1037     7.3440     7.0223    -0.3217    26.7542    26.7585          8  0.000e+00
       3702 290.436276  -39.54772  -54.39122      0.237       0.00      2.977      2.954     6.6634     6.6623    -0.0010     6.6631     6.6621    -0.0010   3.416381   3.416781   0.000400    34.0984    34.1039     7.3433     7.0222    -0.3211    26.7542    26.7586          9  0.000e+00
       3703 290.436276  -39.54772  -54.39122      0.226       0.00      2.977      2.954     6.6638     6.6625    -0.0013     6.6636     6.6623    -0.0013   3.416387   3.416793   0.000406    34.0980    34.1038     7.3427     7.0267    -0.3160    26.7538    26.7585          9  0.000e+00
       3704 290.436277  -39.54772  -54.39122      0.214       0.00      3.032      3.009     6.6638     6.6628    -0.0010     6.6636     6.6625    -0.0010   3.416446   3.416843   0.000398    34.0986    34.1041     7.3423     7.0228    -0.3195    26.7543    26.7587          9  0.000e+00
       3705 290.436277  -39.54772  -54.39122      0.198       0.00      2.929      2.907     6.6640     6.6633    -0.0006     6.6637     6.6631    -0.0006   3.416387   3.416880   0.000493    34.0979    34.1040     7.3417     7.0224    -0.3193    26.7537    26.7586          9  0.000e+00
       3706 290.436277  -39.54772  -54.39122      0.183       0.00      2.977      2.954     6.6638     6.6640     0.0002     6.6636     6.6637     0.0002   3.416413   3.416936   0.000523    34.0983    34.1039     7.3414     7.0266    -0.3148    26.7540    26.7584          9  0.000e+00
       3707 290.436278  -39.54772  -54.39122      0.172       0.00      2.977      2.954     6.6642     6.6641    -0.0001     6.6640     6.6638    -0.0001   3.416446   3.416955   0.000509    34.0983    34.1041     7.3370     7.0269    -0.3102    26.7539    26.7585          9  0.000e+00
       3708 290.436278  -39.54772  -54.39122      0.156       0.00      2.929      2.907     6.6643     6.6641    -0.0002     6.6641     6.6639    -0.0002   3.416433   3.416974   0.000541    34.0980    34.1042     7.3363     7.0270    -0.3093    26.7537    26.7586          9  0.000e+00
       3709 290.436279  -39.54772  -54.39122      0.143       0.00      2.929      2.907     6.6646     6.6642    -0.0004     6.6644     6.6640    -0.0004   3.416491   3.417005   0.000514    34.0984    34.1045     7.3356     7.0226    -0.3130    26.7540    26.7588          9  0.000e+00
       3710 290.436279  -39.54772  -54.39122      0.129       0.00      2.929      2.907     6.6648     6.6643    -0.0005     6.6645     6.6641    -0.0005   3.416478   3.416992   0.000514    34.0981    34.1043     7.3350     7.0264    -0.3087    26.7537    26.7586          9  0.000e+00
       3711 290.436280  -39.54772  -54.39122      0.114       0.00      2.929      2.907     6.6650     6.6642    -0.0007     6.6647     6.6640    -0.0007   3.416478   3.416961   0.000483    34.0979    34.1040     7.3346     7.0263    -0.3083    26.7536    26.7584          9  0.000e+00
       3712 290.436280  -39.54772  -54.39122      0.099       0.00      2.929      2.907     6.6651     6.6641    -0.0010     6.6649     6.6639    -0.0010   3.416491   3.416974   0.000483    34.0979    34.1042     7.3341     7.0261    -0.3080    26.7535    26.7586          9  0.000e+00
       3713 290.436281  -39.54772  -54.39122      0.086       0.00      2.929      2.907     6.6646     6.6640    -0.0007     6.6644     6.6637    -0.0007   3.416471   3.416961   0.000490    34.0982    34.1042     7.3339     7.0258    -0.3081    26.7538    26.7587          9  0.000e+00
       3714 290.436281  -39.54772  -54.39122      0.073       0.00      2.929      2.907     6.6646     6.6642    -0.0004     6.6644     6.6640    -0.0004   3.416433   3.416974   0.000541    34.0977    34.1041     7.3337     7.0260    -0.3077    26.7534    26.7585          9  0.000e+00
       3715 290.436282  -39.54772  -54.39122      0.060       0.00      2.881      2.859     6.6645     6.6648     0.0003     6.6642     6.6645     0.0003   3.416452   3.416955   0.000503    34.0981    34.1034     7.3335     7.0260    -0.3074    26.7538    26.7579          9  0.000e+00
       3716 290.436282  -39.54772  -54.39122      0.043       0.00      2.881      2.859     6.6642     6.6642     0.0001     6.6639     6.6640     0.0001   3.416478   3.416949   0.000471    34.0987    34.1039     7.3334     7.0262    -0.3072    26.7543    26.7583          9  0.000e+00
       3717 290.436283  -39.54772  -54.39122      0.029       0.00      2.881      2.859     6.6644     6.6648     0.0004     6.6641     6.6645     0.0004   3.416446   3.416974   0.000528    34.0982    34.1036     7.3334     7.0261    -0.3073    26.7538    26.7581          9  0.000e+00
       3718 290.436283  -39.54772  -54.39122      0.015       0.00      2.826      2.805     6.6642     6.6651     0.0009     6.6639     6.6649     0.0009   3.416446   3.417030   0.000584    34.0984    34.1039     7.3334     7.0259    -0.3075    26.7540    26.7583          9  0.000e+00
       3719 290.436284  -39.54772  -54.39122      0.003       0.00      2.881      2.859     6.6645     6.6647     0.0003     6.6642     6.6645     0.0003   3.416413   3.417048   0.000635    34.0977    34.1045     7.3336     7.0258    -0.3077    26.7534    26.7588          9  0.000e+00
       3720 290.436284  -39.54772  -54.39122     -0.012       0.00      2.826      2.805     6.6643     6.6648     0.0005     6.6641     6.6646     0.0005   3.416439   3.417048   0.000609    34.0982    34.1045     7.3337     7.0255    -0.3082    26.7538    26.7587          9  0.000e+00
       3721 290.436285  -39.54772  -54.39122     -0.026       0.00      2.826      2.805     6.6643     6.6652     0.0009     6.6641     6.6650     0.0009   3.416433   3.417042   0.000609    34.0981    34.1040     7.3340     7.0251    -0.3089    26.7538    26.7583          9  0.000e+00
       3722 290.436285  -39.54772  -54.39122     -0.037       0.00      2.779      2.757     6.6645     6.6653     0.0008     6.6642     6.6650     0.0008   3.416407   3.417023   0.000617    34.0977    34.1037     7.3343     7.0247    -0.3096    26.7534    26.7581          9  0.000e+00
       3723 290.436286  -39.54772  -54.39122     -0.050       0.00      2.854      2.832     6.6637     6.6641     0.0004     6.6634     6.6638     0.0004   3.416348   3.416943   0.000594    34.0978    34.1040     7.3309     7.0245    -0.3065    26.7536    26.7584          9  0.000e+00
       3724 290.436286  -39.54772  -54.39122     -0.064       0.00      2.779      2.757     6.6622     6.6645     0.0023     6.6620     6.6642     0.0023   3.416200   3.416924   0.000724    34.0976    34.1034     7.3352     7.0238    -0.3114    26.7537    26.7580          9  0.000e+00
       3725 290.436287  -39.54772  -54.39122     -0.072       0.00      2.826      2.805     6.6603     6.6637     0.0034     6.6600     6.6634     0.0034   3.416012   3.416874   0.000862    34.0975    34.1037     7.3322     7.0233    -0.3089    26.7538    26.7582          9  0.000e+00
       3726 290.436287  -39.54772  -54.39122     -0.085       0.00      2.779      2.757     6.6582     6.6631     0.0049     6.6579     6.6629     0.0049   3.415850   3.416812   0.000962    34.0978    34.1035     7.3328     7.0226    -0.3102    26.7544    26.7582          9  0.000e+00
       3727 290.436288  -39.54772  -54.39122     -0.092       0.00      2.826      2.805     6.6569     6.6619     0.0050     6.6566     6.6616     0.0050   3.415766   3.416744   0.000978    34.0981    34.1040     7.3334     7.0220    -0.3114    26.7548    26.7588          9  0.000e+00
       3728 290.436288  -39.54772  -54.39122     -0.105       0.00      2.731      2.710     6.6567     6.6623     0.0056     6.6565     6.6621     0.0056   3.415753   3.416756   0.001003    34.0982    34.1037     7.3338     7.0210    -0.3128    26.7549    26.7585          9  0.000e+00
       3729 290.436289  -39.54772  -54.39122     -0.113       0.00      2.779      2.757     6.6571     6.6624     0.0053     6.6568     6.6621     0.0053   3.415850   3.416725   0.000875    34.0989    34.1033     7.3342     7.0207    -0.3135    26.7554    26.7581          9  0.000e+00
       3730 290.436289  -39.54772  -54.39122     -0.122       0.00      2.779      2.757     6.6583     6.6617     0.0033     6.6581     6.6614     0.0033   3.416038   3.416663   0.000625    34.0997    34.1033     7.3341     7.0205    -0.3136    26.7558    26.7583          9  0.000e+00
       3731 290.436290  -39.54772  -54.39122     -0.130       0.00      2.731      2.710     6.6604     6.6609     0.0005     6.6602     6.6607     0.0005   3.416206   3.416625   0.000419    34.0995    34.1037     7.3339     7.0246    -0.3093    26.7554    26.7586          9  0.000e+00
       3732 290.436290  -39.54772  -54.39122     -0.136       0.00      2.779      2.757     6.6621     6.6599    -0.0021     6.6618     6.6597    -0.0021   3.416238   3.416569   0.000331    34.0982    34.1040     7.3340     7.0205    -0.3135    26.7542    26.7590          9  0.000e+00
       3733 290.436291  -39.54772  -54.39122     -0.143       0.00      2.731      2.710     6.6622     6.6594    -0.0028     6.6620     6.6592    -0.0028   3.416102   3.416551   0.000448    34.0966    34.1044     7.3344     7.0200    -0.3144    26.7529    26.7594          9  0.000e+00
       3734 290.436291  -39.54772  -54.39122     -0.150       0.00      2.731      2.710     6.6609     6.6586    -0.0023     6.6607     6.6584    -0.0023   3.416031   3.416532   0.000501    34.0971    34.1049     7.3350     7.0240    -0.3110    26.7534    26.7599          9  0.000e+00
       3735 290.436291  -39.54772  -54.39122     -0.156       0.00      2.731      2.710     6.6598     6.6591    -0.0007     6.6596     6.6589    -0.0007   3.415934   3.416526   0.000592    34.0971    34.1044     7.3357     7.0239    -0.3118    26.7536    26.7594          9  0.000e+00
       3736 290.436292  -39.54772  -54.39122     -0.159       0.00      2.779      2.757     6.6585     6.6591     0.0006     6.6583     6.6588     0.0006   3.415902   3.416526   0.000624    34.0981    34.1044     7.3366     7.0238    -0.3128    26.7545    26.7594          9  0.000e+00
       3737 290.436292  -39.54772  -54.39122     -0.164       0.00      2.731      2.710     6.6585     6.6594     0.0009     6.6583     6.6592     0.0009   3.415863   3.416545   0.000682    34.0976    34.1043     7.3372     7.0197    -0.3175    26.7542    26.7593          9  0.000e+00
       3738 290.436293  -39.54772  -54.39122     -0.165       0.00      2.731      2.710     6.6583     6.6594     0.0011     6.6581     6.6592     0.0011   3.415889   3.416507   0.000618    34.0981    34.1039     7.3380     7.0196    -0.3184    26.7546    26.7590          9  0.000e+00
       3739 290.436293  -39.54772  -54.39122     -0.169       0.00      2.731      2.710     6.6595     6.6596     0.0001     6.6592     6.6594     0.0001   3.416018   3.416514   0.000495    34.0984    34.1037     7.3341     7.0186    -0.3155    26.7547    26.7589          9  0.000e+00
       3740 290.436294  -39.54772  -54.39122     -0.172       0.00      2.731      2.710     6.6608     6.6596    -0.0012     6.6605     6.6594    -0.0012   3.416128   3.416520   0.000391    34.0983    34.1038     7.3379     7.0177    -0.3202    26.7544    26.7589          9  0.000e+00
       3741 290.436294  -39.54772  -54.39122     -0.168       0.00      2.779      2.757     6.6622     6.6596    -0.0026     6.6620     6.6593    -0.0026   3.416264   3.416476   0.000212    34.0984    34.1034     7.3381     7.0167    -0.3214    26.7543    26.7586          9  0.000e+00
       3742 290.436295  -39.54772  -54.39122     -0.170       0.00      2.731      2.710     6.6627     6.6594    -0.0032     6.6624     6.6592    -0.0032   3.416329   3.416464   0.000135    34.0986    34.1034     7.3385     7.0156    -0.3229    26.7544    26.7586          9  0.000e+00
       3743 290.436295  -39.54772  -54.39122     -0.165       0.00      2.779      2.757     6.6632     6.6591    -0.0041     6.6630     6.6588    -0.0041   3.416310   3.416464   0.000154    34.0979    34.1037     7.3391     7.0191    -0.3200    26.7538    26.7589          9  0.000e+00
       3744 290.436296  -39.54772  -54.39122     -0.163       0.00      2.731      2.710     6.6628     6.6590    -0.0038     6.6625     6.6587    -0.0038   3.416212   3.416482   0.000270    34.0972    34.1040     7.3393     7.0147    -0.3246    26.7533    26.7592          9  0.000e+00
       3745 290.436296  -39.54772  -54.39122     -0.163       0.00      2.731      2.710     6.6608     6.6596    -0.0012     6.6605     6.6594    -0.0012   3.416038   3.416532   0.000494    34.0973    34.1039     7.3399     7.0140    -0.3259    26.7536    26.7590          9  0.000e+00
       3746 290.436297  -39.54772  -54.39122     -0.153       0.00      2.826      2.805     6.6601     6.6597    -0.0004     6.6599     6.6595    -0.0004   3.415973   3.416551   0.000578    34.0972    34.1040     7.3404     7.0135    -0.3269    26.7536    26.7590          9  0.000e+00
       3747 290.436297  -39.54772  -54.39122     -0.149       0.00      2.731      2.710     6.6595     6.6599     0.0004     6.6592     6.6597     0.0004   3.415902   3.416557   0.000655    34.0971    34.1039     7.3407     7.0128    -0.3279    26.7536    26.7590          9  0.000e+00
       3748 290.436298  -39.54772  -54.39122     -0.144       0.00      2.779      2.757     6.6588     6.6602     0.0014     6.6586     6.6600     0.0014   3.415921   3.416557   0.000636    34.0980    34.1036     7.3412     7.0077    -0.3335    26.7544    26.7587          9  0.000e+00
