Pos-Processados/process_op38/operantar38_002.ros
* Sea-Bird SBE 9 Data File:
* FileName = D:\OPERANTAR_XXXVIII\DADOS\OP38_002.hdr
* Software Version Seasave V 7.12
* Temperature SN = 4808
* Conductivity SN = 3380
* Number of Bytes Per Scan = 31
* Number of Voltage Words = 2
* Number of Scans Averaged by the Deck Unit = 1
* NMEA Latitude = 38 26.99 S
* NMEA Longitude = 052 53.48 W
* NMEA UTC (Time) = Jan 16 2019 21:21:57
** H41
** NAVIO POLAR ALMIRANTE MAXIMIANO
** CRUZEIRO:
** OPERANTAR XXXVIII
** ESTAÇÃO: 002
** LAT 38º 26,99'S
** LONG 052º 53,46'W
** 09P73767-1155
** PROFUNDIDADE: 4158 m
** DATA/HORA: 162121Z/OUT/2019
** OPERADOR: SO-HN CHAVES
# nquan = 24
# nvalues = 3775                                  
# units = specified
# name 0 = scan: Scan Count
# name 1 = timeJ: Julian Days
# name 2 = latitude: Latitude [deg]
# name 3 = longitude: Longitude [deg]
# name 4 = dz/dtM: Descent Rate [m/s]
# name 5 = avgsvCM: Average Sound Velocity [Chen-Millero, m/s]
# name 6 = prDM: Pressure, Digiquartz [db]
# name 7 = depSM: Depth [salt water, m]
# name 8 = t090C: Temperature [ITS-90, deg C]
# name 9 = t190C: Temperature, 2 [ITS-90, deg C]
# name 10 = T2-T190C: Temperature Difference, 2 - 1 [ITS-90, deg C]
# name 11 = potemp090C: Potential Temperature [ITS-90, deg C]
# name 12 = potemp190C: Potential Temperature, 2 [ITS-90, deg C]
# name 13 = potemp90Cdiff: Potential Temperature, Diff, 2 - 1 [ITS-90, deg C]
# name 14 = c0S/m: Conductivity [S/m]
# name 15 = c1S/m: Conductivity, 2 [S/m]
# name 16 = C2-C1S/m: Conductivity Difference, 2 - 1 [S/m]
# name 17 = sal00: Salinity, Practical [PSU]
# name 18 = sal11: Salinity, Practical, 2 [PSU]
# name 19 = sbeox0ML/L: Oxygen, SBE 43 [ml/l]
# name 20 = sigma-é00: Density [sigma-theta, kg/m^3]
# name 21 = sigma-é11: Density, 2 [sigma-theta, kg/m^3]
# name 22 = nbf: Bottles Fired
# name 23 = flag:  0.000e+00
# interval = seconds: 0.0416667
# start_time = Jan 16 2019 21:21:57 [NMEA time, header]
# bad_flag = -9.990e-29
*END*
[from data line 1329]
      65589  16.921873  -38.44986  -52.89134      0.053    1497.38     20.781     20.623    15.5147    15.5135    -0.0012    15.5115    15.5103    -0.0012   4.415190   4.415706   0.000516    35.6485    35.6542     5.5614    26.3579    26.3626          9  0.000e+00
      65590  16.921874  -38.44986  -52.89134      0.064    1497.38     20.794     20.637    15.5148    15.5139    -0.0010    15.5116    15.5107    -0.0010   4.415212   4.415658   0.000446    35.6485    35.6535     5.5611    26.3579    26.3619          9  0.000e+00
      65591  16.921874  -38.44986  -52.89134      0.076    1497.38     20.835     20.678    15.5150    15.5139    -0.0012    15.5118    15.5106    -0.0012   4.415205   4.415686   0.000481    35.6483    35.6537     5.5609    26.3577    26.3621          9  0.000e+00
      65592  16.921875  -38.44986  -52.89134      0.084    1497.38     20.794     20.637    15.5149    15.5139    -0.0010    15.5117    15.5107    -0.0010   4.415226   4.415720   0.000494    35.6486    35.6540     5.5603    26.3580    26.3624          9  0.000e+00
      65593  16.921875  -38.44986  -52.89134      0.092    1497.38     20.835     20.678    15.5150    15.5139    -0.0012    15.5118    15.5106    -0.0012   4.415241   4.415727   0.000486    35.6486    35.6541     5.5601    26.3580    26.3624          9  0.000e+00
      65594  16.921875  -38.44986  -52.89134      0.102    1497.38     20.849     20.691    15.5147    15.5139    -0.0008    15.5115    15.5107    -0.0008   4.415198   4.415762   0.000564    35.6485    35.6544     5.5599    26.3579    26.3626          9  0.000e+00
      65595  16.921876  -38.44986  -52.89134      0.112    1497.38     20.883     20.725    15.5149    15.5144    -0.0005    15.5117    15.5111    -0.0005   4.415198   4.415768   0.000571    35.6483    35.6540     5.5597    26.3578    26.3622          9  0.000e+00
      65596  16.921876  -38.44986  -52.89134      0.118    1497.38     20.849     20.691    15.5148    15.5144    -0.0005    15.5116    15.5112    -0.0005   4.415176   4.415741   0.000565    35.6482    35.6537     5.5595    26.3577    26.3620          9  0.000e+00
      65597  16.921877  -38.44986  -52.89134      0.127    1497.38     20.883     20.725    15.5148    15.5142    -0.0006    15.5116    15.5110    -0.0006   4.415147   4.415706   0.000559    35.6479    35.6536     5.5595    26.3575    26.3619          9  0.000e+00
      65598  16.921877  -38.44986  -52.89134      0.135    1497.38     20.897     20.739    15.5148    15.5144    -0.0005    15.5116    15.5111    -0.0005   4.415191   4.415748   0.000557    35.6483    35.6538     5.5596    26.3578    26.3621          9  0.000e+00
      65599  16.921878  -38.44986  -52.89134      0.143    1497.38     20.897     20.739    15.5149    15.5141    -0.0008    15.5117    15.5108    -0.0008   4.415205   4.415769   0.000564    35.6484    35.6543     5.5628    26.3578    26.3625          9  0.000e+00
      65600  16.921878  -38.44986  -52.89134      0.149    1497.38     20.883     20.725    15.5148    15.5140    -0.0008    15.5116    15.5108    -0.0008   4.415205   4.415831   0.000626    35.6484    35.6548     5.5597    26.3579    26.3630          9  0.000e+00
      65601  16.921879  -38.44986  -52.89134      0.158    1497.38     20.945     20.786    15.5148    15.5146    -0.0003    15.5116    15.5113    -0.0003   4.415241   4.415844   0.000604    35.6487    35.6545     5.5599    26.3581    26.3626          9  0.000e+00
      65602  16.921879  -38.44986  -52.89134      0.164    1497.38     20.883     20.725    15.5149    15.5149     0.0000    15.5117    15.5117     0.0000   4.415241   4.415906   0.000666    35.6487    35.6547     5.5599    26.3581    26.3627          9  0.000e+00
      65603  16.921880  -38.44986  -52.89134      0.174    1497.38     21.000     20.841    15.5152    15.5152     0.0000    15.5120    15.5120     0.0000   4.415212   4.415948   0.000736    35.6481    35.6548     5.5601    26.3575    26.3627          9  0.000e+00
      65604  16.921880  -38.44986  -52.89134      0.178    1497.38     20.938     20.780    15.5150    15.5153     0.0002    15.5118    15.5120     0.0002   4.415212   4.415927   0.000715    35.6483    35.6546     5.5603    26.3577    26.3625          9  0.000e+00
      65605  16.921881  -38.44986  -52.89134      0.184    1497.38     20.945     20.787    15.5150    15.5152     0.0002    15.5118    15.5120     0.0002   4.415234   4.415948   0.000714    35.6485    35.6548     5.5573    26.3579    26.3627          9  0.000e+00
      65606  16.921881  -38.44986  -52.89134      0.189    1497.38     20.986     20.827    15.5151    15.5151     0.0000    15.5118    15.5118     0.0000   4.415241   4.415961   0.000721    35.6485    35.6550     5.5573    26.3579    26.3629          9  0.000e+00
      65607  16.921882  -38.44986  -52.89134      0.197    1497.38     21.000     20.841    15.5152    15.5151    -0.0002    15.5120    15.5118    -0.0002   4.415327   4.415982   0.000655    35.6492    35.6552     5.5573    26.3583    26.3630          9  0.000e+00
      65608  16.921882  -38.44986  -52.89134      0.203    1497.38     20.986     20.827    15.5152    15.5151    -0.0001    15.5120    15.5118    -0.0001   4.415334   4.415968   0.000634    35.6492    35.6551     5.5573    26.3584    26.3629          9  0.000e+00
      65609  16.921883  -38.44986  -52.89134      0.211    1497.38     21.048     20.889    15.5153    15.5154     0.0002    15.5120    15.5122     0.0002   4.415320   4.416017   0.000697    35.6490    35.6552     5.5574    26.3582    26.3629          9  0.000e+00
      65610  16.921883  -38.44986  -52.89134      0.213    1497.38     20.986     20.827    15.5156    15.5154    -0.0002    15.5123    15.5121    -0.0002   4.415370   4.416030   0.000660    35.6492    35.6554     5.5574    26.3583    26.3631          9  0.000e+00
      65611  16.921884  -38.44986  -52.89134      0.219    1497.38     21.048     20.889    15.5154    15.5156     0.0002    15.5121    15.5123     0.0002   4.415391   4.416030   0.000639    35.6496    35.6552     5.5576    26.3586    26.3629          9  0.000e+00
      65612  16.921884  -38.44986  -52.89134      0.222    1497.38     21.034     20.875    15.5157    15.5156    -0.0001    15.5125    15.5123    -0.0001   4.415427   4.416037   0.000610    35.6496    35.6553     5.5577    26.3586    26.3630          9  0.000e+00
      65613  16.921885  -38.44986  -52.89134      0.226    1497.38     21.048     20.889    15.5156    15.5158     0.0001    15.5124    15.5125     0.0001   4.415427   4.416085   0.000658    35.6497    35.6555     5.5579    26.3586    26.3631          9  0.000e+00
      65614  16.921885  -38.44986  -52.89134      0.229    1497.38     21.089     20.929    15.5157    15.5161     0.0004    15.5124    15.5128     0.0004   4.415427   4.416079   0.000651    35.6496    35.6551     5.5579    26.3586    26.3627          9  0.000e+00
      65615  16.921886  -38.44986  -52.89134      0.231    1497.38     21.048     20.889    15.5156    15.5159     0.0003    15.5123    15.5126     0.0003   4.415384   4.416099   0.000715    35.6493    35.6555     5.5578    26.3584    26.3631          9  0.000e+00
      65616  16.921886  -38.44986  -52.89134      0.230    1497.38     20.986     20.828    15.5156    15.5163     0.0007    15.5124    15.5130     0.0007   4.415384   4.416079   0.000694    35.6493    35.6550     5.5547    26.3584    26.3626          9  0.000e+00
      65617  16.921887  -38.44986  -52.89134      0.239    1497.38     21.199     21.038    15.5157    15.5163     0.0005    15.5124    15.5130     0.0005   4.415391   4.416099   0.000708    35.6492    35.6551     5.5577    26.3583    26.3627          9  0.000e+00
      65618  16.921887  -38.44986  -52.89134      0.241    1497.38     21.103     20.943    15.5159    15.5159     0.0000    15.5126    15.5127     0.0000   4.415449   4.416113   0.000664    35.6496    35.6556     5.5545    26.3585    26.3631          9  0.000e+00
      65619  16.921888  -38.44986  -52.89134      0.242    1497.38     21.089     20.929    15.5163    15.5161    -0.0002    15.5130    15.5128    -0.0002   4.415477   4.416106   0.000629    35.6496    35.6554     5.5543    26.3584    26.3629          9  0.000e+00
      65620  16.921888  -38.44986  -52.89134      0.248    1497.38     21.151     20.991    15.5159    15.5159    -0.0000    15.5127    15.5126    -0.0000   4.415549   4.416134   0.000585    35.6505    35.6558     5.5542    26.3592    26.3633          9  0.000e+00
      65621  16.921889  -38.44986  -52.89134      0.246    1497.38     21.089     20.930    15.5166    15.5163    -0.0003    15.5133    15.5130    -0.0003   4.415607   4.416148   0.000541    35.6504    35.6556     5.5540    26.3590    26.3630          9  0.000e+00
      65622  16.921889  -38.44986  -52.89134      0.247    1497.38     21.151     20.991    15.5166    15.5161    -0.0005    15.5133    15.5128    -0.0005   4.415657   4.416168   0.000511    35.6509    35.6559     5.5540    26.3593    26.3634          9  0.000e+00
      65623  16.921889  -38.44986  -52.89134      0.249    1497.38     21.137     20.977    15.5170    15.5166    -0.0004    15.5137    15.5133    -0.0004   4.415686   4.416210   0.000524    35.6508    35.6558     5.5570    26.3592    26.3632          9  0.000e+00
      65624  16.921890  -38.44986  -52.89134      0.248    1497.38     21.151     20.991    15.5169    15.5166    -0.0003    15.5137    15.5133    -0.0003   4.415693   4.416223   0.000531    35.6509    35.6560     5.5539    26.3593    26.3633          9  0.000e+00
      65625  16.921890  -38.44986  -52.89134      0.251    1497.38     21.185     21.025    15.5169    15.5161    -0.0008    15.5137    15.5128    -0.0008   4.415664   4.416161   0.000497    35.6506    35.6558     5.5568    26.3590    26.3633          9  0.000e+00
      65626  16.921891  -38.44986  -52.89134      0.249    1497.38     21.151     20.991    15.5168    15.5163    -0.0005    15.5135    15.5130    -0.0005   4.415607   4.416148   0.000541    35.6502    35.6556     5.5537    26.3588    26.3631          9  0.000e+00
      65627  16.921891  -38.44986  -52.89134      0.247    1497.38     21.137     20.977    15.5164    15.5163    -0.0002    15.5132    15.5130    -0.0002   4.415549   4.416203   0.000653    35.6500    35.6561     5.5535    26.3587    26.3634          9  0.000e+00
      65628  16.921892  -38.44986  -52.89134      0.247    1497.38     21.199     21.038    15.5163    15.5163     0.0000    15.5130    15.5130     0.0000   4.415513   4.416223   0.000710    35.6498    35.6562     5.5536    26.3586    26.3635          9  0.000e+00
      65629  16.921892  -38.44986  -52.89134      0.245    1497.38     21.185     21.025    15.5163    15.5166     0.0003    15.5130    15.5133     0.0003   4.415542   4.416278   0.000736    35.6501    35.6565     5.5537    26.3588    26.3636          9  0.000e+00
      65630  16.921893  -38.44986  -52.89134      0.245    1497.38     21.199     21.038    15.5163    15.5170     0.0007    15.5130    15.5137     0.0007   4.415599   4.416272   0.000672    35.6506    35.6560     5.5535    26.3592    26.3632          9  0.000e+00
      65631  16.921893  -38.44986  -52.89134      0.244    1497.38     21.240     21.079    15.5164    15.5169     0.0005    15.5131    15.5136     0.0005   4.415556   4.416285   0.000729    35.6500    35.6562     5.5566    26.3587    26.3634          9  0.000e+00
      65632  16.921894  -38.44986  -52.89134      0.242    1497.38     21.199     21.038    15.5164    15.5168     0.0004    15.5131    15.5135     0.0004   4.415564   4.416272   0.000708    35.6502    35.6562     5.5535    26.3588    26.3634          9  0.000e+00
      65633  16.921894  -38.44986  -52.89134      0.239    1497.38     21.199     21.038    15.5166    15.5169     0.0003    15.5133    15.5136     0.0003   4.415556   4.416265   0.000708    35.6499    35.6560     5.5534    26.3586    26.3632          9  0.000e+00
      65634  16.921895  -38.44986  -52.89134      0.240    1497.38     21.240     21.079    15.5163    15.5170     0.0007    15.5130    15.5137     0.0007   4.415571   4.416285   0.000715    35.6503    35.6562     5.5565    26.3590    26.3633          9  0.000e+00
      65635  16.921895  -38.44986  -52.89134      0.235    1497.38     21.199     21.039    15.5163    15.5168     0.0005    15.5130    15.5135     0.0005   4.415521   4.416299   0.000779    35.6499    35.6565     5.5538    26.3587    26.3636          9  0.000e+00
      65636  16.921896  -38.44986  -52.89134      0.233    1497.38     21.240     21.079    15.5163    15.5166     0.0004    15.5130    15.5133     0.0004   4.415513   4.416299   0.000786    35.6498    35.6566     5.5538    26.3586    26.3638          9  0.000e+00
      65637  16.921896  -38.44986  -52.89134      0.232    1497.38     21.254     21.093    15.5164    15.5166     0.0002    15.5131    15.5133     0.0002   4.415535   4.416265   0.000730    35.6499    35.6563     5.5538    26.3586    26.3635          9  0.000e+00
      65638  16.921897  -38.44986  -52.89134      0.228    1497.38     21.240     21.079    15.5163    15.5164     0.0001    15.5130    15.5131     0.0001   4.415542   4.416258   0.000716    35.6500    35.6564     5.5569    26.3588    26.3637          9  0.000e+00
      65639  16.921897  -38.44986  -52.89134      0.225    1497.38     21.254     21.093    15.5164    15.5165     0.0001    15.5131    15.5132     0.0001   4.415513   4.416230   0.000717    35.6497    35.6561     5.5541    26.3585    26.3634          9  0.000e+00
      65640  16.921898  -38.44986  -52.89134      0.222    1497.38     21.240     21.079    15.5163    15.5166     0.0003    15.5130    15.5133     0.0003   4.415485   4.416251   0.000766    35.6496    35.6562     5.5541    26.3584    26.3634          9  0.000e+00
      65641  16.921898  -38.44986  -52.89134      0.216    1497.38     21.254     21.093    15.5161    15.5161    -0.0000    15.5128    15.5128    -0.0000   4.415499   4.416230   0.000731    35.6498    35.6564     5.5542    26.3586    26.3637          9  0.000e+00
      65642  16.921899  -38.44986  -52.89134      0.214    1497.38     21.288     21.127    15.5161    15.5168     0.0007    15.5128    15.5135     0.0007   4.415506   4.416223   0.000717    35.6499    35.6558     5.5574    26.3587    26.3631          9  0.000e+00
      65643  16.921899  -38.44986  -52.89134      0.207    1497.38     21.199     21.039    15.5159    15.5166     0.0007    15.5126    15.5133     0.0007   4.415456   4.416223   0.000767    35.6496    35.6559     5.5577    26.3586    26.3632          9  0.000e+00
      65644  16.921900  -38.44986  -52.89134      0.206    1497.38     21.288     21.127    15.5161    15.5165     0.0004    15.5128    15.5132     0.0004   4.415463   4.416161   0.000698    35.6495    35.6555     5.5581    26.3584    26.3629          9  0.000e+00
      65645  16.921900  -38.44986  -52.89134      0.200    1497.38     21.254     21.093    15.5158    15.5164     0.0007    15.5125    15.5131     0.0007   4.415470   4.416113   0.000643    35.6499    35.6551     5.5585    26.3588    26.3626          9  0.000e+00
      65646  16.921901  -38.44986  -52.89134      0.197    1497.38     21.288     21.127    15.5159    15.5161     0.0002    15.5126    15.5128     0.0002   4.415435   4.416134   0.000699    35.6494    35.6555     5.5589    26.3584    26.3631          9  0.000e+00
      65647  16.921901  -38.44986  -52.89134      0.188    1497.38     21.199     21.039    15.5157    15.5164     0.0007    15.5124    15.5131     0.0007   4.415470   4.416120   0.000650    35.6499    35.6552     5.5592    26.3588    26.3627          9  0.000e+00
