Pos-Processados/process_op38/operantar38_019.ros
* Sea-Bird SBE 9 Data File:
* FileName = D:\OPERANTAR_XXXVIII\DADOS\OP38_019.hdr
* Software Version Seasave V 7.18c
* Temperature SN = 4808
* Conductivity SN = 3380
* Number of Bytes Per Scan = 34
* Number of Voltage Words = 3
* Number of Scans Averaged by the Deck Unit = 1
* NMEA Latitude = 62 12.52 S
* NMEA Longitude = 058 17.99 W
* NMEA UTC (Time) = Nov 22 2019 11:08:24
** H41
** NAVIO POLAR ALMIRANTE MAXIMIANO
** CRUZEIRO:
** OPERANTAR XXXVIII
** ESTAÇÃO: OP38_019
** LAT 62 12,51'S
** LONG 058 18,00'W
** 09P73767-1155_A
** PROFUNDIDADE: 271
** DATA/HORA: 221109Z/NOV/2019
** OPERADOR: SO-HN CHAVES
# nquan = 26
# nvalues = 1074                                  
# units = specified
# name 0 = scan: Scan Count
# name 1 = timeJ: Julian Days
# name 2 = latitude: Latitude [deg]
# name 3 = longitude: Longitude [deg]
# name 4 = dz/dtM: Descent Rate [m/s]
# name 5 = avgsvCM: Average Sound Velocity [Chen-Millero, m/s]
# name 6 = prDM: Pressure, Digiquartz [db]
# name 7 = depSM: Depth [salt water, m]
# name 8 = t090C: Temperature [ITS-90, deg C]
# name 9 = t190C: Temperature, 2 [ITS-90, deg C]
# name 10 = T2-T190C: Temperature Difference, 2 - 1 [ITS-90, deg C]
# name 11 = potemp090C: Potential Temperature [ITS-90, deg C]
# name 12 = potemp190C: Potential Temperature, 2 [ITS-90, deg C]
# name 13 = potemp90Cdiff: Potential Temperature, Diff, 2 - 1 [ITS-90, deg C]
# name 14 = c0S/m: Conductivity [S/m]
# name 15 = c1S/m: Conductivity, 2 [S/m]
# name 16 = C2-C1S/m: Conductivity Difference, 2 - 1 [S/m]
# name 17 = sal00: Salinity, Practical [PSU]
# name 18 = sal11: Salinity, Practical, 2 [PSU]
# name 19 = sbeox0ML/L: Oxygen, SBE 43 [ml/l]
# name 20 = sbeox1ML/L: Oxygen, SBE 43, 2 [ml/l]
# name 21 = sbeox0ML/Ldiff: Oxygen, SBE 43, Diff, 2 - 1 [ml/l]
# name 22 = sigma-é00: Density [sigma-theta, kg/m^3]
# name 23 = sigma-é11: Density, 2 [sigma-theta, kg/m^3]
# name 24 = nbf: Bottles Fired
# name 25 = flag:  0.000e+00
# interval = seconds: 0.0416667
# start_time = Nov 22 2019 11:08:24 [NMEA time, header]
# bad_flag = -9.990e-29
*END*
[from data line 391]
      24521 326.475992  -62.20874  -58.30018     -0.013    1447.69      3.462      3.429    -0.2258    -0.2261    -0.0004    -0.2259    -0.2262    -0.0004   2.819918   2.820313   0.000395    34.1382    34.1438     7.7066     7.4419    -0.2647    27.4217    27.4263          3  0.000e+00
      24522 326.475992  -62.20874  -58.30018     -0.017    1447.69      3.462      3.429    -0.2259    -0.2261    -0.0002    -0.2261    -0.2262    -0.0002   2.819918   2.820238   0.000320    34.1384    34.1428     7.7069     7.4428    -0.2642    27.4219    27.4255          3  0.000e+00
      24523 326.475992  -62.20874  -58.30018     -0.017    1447.69      3.435      3.402    -0.2259    -0.2264    -0.0005    -0.2261    -0.2265    -0.0005   2.819918   2.820244   0.000326    34.1384    34.1433     7.7072     7.4378    -0.2694    27.4219    27.4259          3  0.000e+00
      24524 326.475993  -62.20874  -58.30018     -0.021    1447.69      3.414      3.381    -0.2257    -0.2261    -0.0005    -0.2258    -0.2262    -0.0005   2.819894   2.820290   0.000396    34.1377    34.1436     7.7016     7.4420    -0.2596    27.4214    27.4261          3  0.000e+00
      24525 326.475993  -62.20874  -58.30018     -0.025    1447.69      3.414      3.381    -0.2258    -0.2266    -0.0008    -0.2259    -0.2267    -0.0008   2.819888   2.820232   0.000344    34.1378    34.1433     7.7055     7.4487    -0.2569    27.4214    27.4259          3  0.000e+00
      24526 326.475994  -62.20874  -58.30018     -0.026    1447.69      3.462      3.429    -0.2261    -0.2261    -0.0001    -0.2262    -0.2262    -0.0001   2.819888   2.820226   0.000338    34.1381    34.1427     7.7059     7.4379    -0.2680    27.4217    27.4254          3  0.000e+00
      24527 326.475994  -62.20874  -58.30018     -0.027    1447.69      3.462      3.429    -0.2264    -0.2260     0.0004    -0.2265    -0.2261     0.0004   2.819870   2.820244   0.000374    34.1382    34.1427     7.7055     7.4420    -0.2634    27.4218    27.4254          3  0.000e+00
      24528 326.475995  -62.20874  -58.30018     -0.031    1447.69      3.414      3.382    -0.2264    -0.2263     0.0001    -0.2265    -0.2264     0.0001   2.819882   2.820215   0.000333    34.1384    34.1427     7.7057     7.4359    -0.2698    27.4220    27.4254          3  0.000e+00
      24529 326.475995  -62.20874  -58.30018     -0.031    1447.69      3.414      3.382    -0.2266    -0.2267    -0.0002    -0.2267    -0.2269    -0.0002   2.819888   2.820267   0.000379    34.1387    34.1439     7.7052     7.4412    -0.2639    27.4222    27.4264          3  0.000e+00
      24530 326.475996  -62.20874  -58.30018     -0.032    1447.69      3.462      3.429    -0.2267    -0.2269    -0.0002    -0.2268    -0.2270    -0.0002   2.819870   2.820255   0.000385    34.1386    34.1439     7.7055     7.4466    -0.2589    27.4221    27.4264          3  0.000e+00
      24531 326.475996  -62.20874  -58.30018     -0.035    1447.69      3.414      3.382    -0.2269    -0.2271    -0.0002    -0.2270    -0.2272    -0.0002   2.819864   2.820215   0.000351    34.1387    34.1436     7.7057     7.4368    -0.2688    27.4222    27.4262          3  0.000e+00
      24532 326.475997  -62.20874  -58.30018     -0.033    1447.69      3.462      3.429    -0.2270    -0.2275    -0.0005    -0.2271    -0.2276    -0.0005   2.819882   2.820215   0.000333    34.1391    34.1441     7.7052     7.4411    -0.2641    27.4225    27.4266          3  0.000e+00
      24533 326.475997  -62.20874  -58.30018     -0.033    1447.69      3.462      3.429    -0.2270    -0.2272    -0.0002    -0.2271    -0.2273    -0.0002   2.819870   2.820209   0.000339    34.1389    34.1437     7.7046     7.4474    -0.2572    27.4224    27.4262          3  0.000e+00
      24534 326.475998  -62.20874  -58.30018     -0.033    1447.69      3.414      3.382    -0.2270    -0.2274    -0.0003    -0.2271    -0.2275    -0.0003   2.819864   2.820169   0.000305    34.1389    34.1433     7.7047     7.4364    -0.2683    27.4224    27.4260          3  0.000e+00
      24535 326.475998  -62.20874  -58.30018     -0.036    1447.69      3.414      3.382    -0.2266    -0.2277    -0.0011    -0.2267    -0.2278    -0.0011   2.819882   2.820226   0.000345    34.1386    34.1444     7.7098     7.4416    -0.2682    27.4221    27.4269          3  0.000e+00
      24536 326.475999  -62.20874  -58.30018     -0.033    1447.69      3.462      3.429    -0.2266    -0.2274    -0.0008    -0.2267    -0.2275    -0.0008   2.819888   2.820197   0.000310    34.1387    34.1437     7.7107     7.4422    -0.2686    27.4222    27.4263          3  0.000e+00
      24537 326.475999  -62.20874  -58.30018     -0.036    1447.69      3.414      3.382    -0.2266    -0.2269    -0.0003    -0.2267    -0.2270    -0.0003   2.819888   2.820163   0.000275    34.1387    34.1427     7.7065     7.4357    -0.2707    27.4222    27.4254          3  0.000e+00
      24538 326.476000  -62.20874  -58.30018     -0.033    1447.69      3.462      3.429    -0.2267    -0.2267    -0.0001    -0.2268    -0.2269    -0.0001   2.819870   2.820226   0.000357    34.1386    34.1434     7.7066     7.4409    -0.2657    27.4221    27.4260          3  0.000e+00
      24539 326.476000  -62.20874  -58.30018     -0.032    1447.69      3.462      3.429    -0.2266    -0.2267    -0.0002    -0.2267    -0.2269    -0.0002   2.819882   2.820180   0.000298    34.1386    34.1428     7.7067     7.4369    -0.2698    27.4221    27.4255          3  0.000e+00
      24540 326.476001  -62.20874  -58.30018     -0.032    1447.69      3.414      3.382    -0.2266    -0.2278    -0.0012    -0.2267    -0.2279    -0.0012   2.819906   2.820192   0.000286    34.1389    34.1441     7.7067     7.4411    -0.2656    27.4224    27.4266          3  0.000e+00
      24541 326.476001  -62.20874  -58.30018     -0.033    1447.69      3.414      3.382    -0.2266    -0.2272    -0.0006    -0.2267    -0.2273    -0.0006   2.819894   2.820215   0.000321    34.1388    34.1438     7.7068     7.4474    -0.2595    27.4222    27.4263          3  0.000e+00
      24542 326.476002  -62.20874  -58.30018     -0.029    1447.69      3.462      3.429    -0.2267    -0.2277    -0.0010    -0.2268    -0.2278    -0.0010   2.819852   2.820169   0.000317    34.1383    34.1436     7.7063     7.4434    -0.2628    27.4219    27.4262          3  0.000e+00
      24543 326.476002  -62.20874  -58.30018     -0.028    1447.69      3.462      3.429    -0.2266    -0.2271    -0.0005    -0.2267    -0.2272    -0.0005   2.819858   2.820232   0.000374    34.1383    34.1438     7.7063     7.4370    -0.2693    27.4218    27.4263          3  0.000e+00
      24544 326.476003  -62.20874  -58.30018     -0.027    1447.69      3.414      3.382    -0.2266    -0.2267    -0.0002    -0.2267    -0.2269    -0.0002   2.819864   2.820267   0.000403    34.1384    34.1439     7.7063     7.4420    -0.2643    27.4219    27.4264          3  0.000e+00
      24545 326.476003  -62.20874  -58.30018     -0.026    1447.69      3.462      3.429    -0.2259    -0.2267    -0.0008    -0.2261    -0.2269    -0.0008   2.819864   2.820203   0.000339    34.1376    34.1431     7.7063     7.4415    -0.2648    27.4213    27.4257          3  0.000e+00
      24546 326.476004  -62.20874  -58.30018     -0.022    1447.69      3.462      3.429    -0.2258    -0.2260    -0.0002    -0.2259    -0.2261    -0.0002   2.819864   2.820238   0.000374    34.1374    34.1426     7.7063     7.4361    -0.2702    27.4211    27.4253          3  0.000e+00
      24547 326.476004  -62.20874  -58.30018     -0.023    1447.69      3.414      3.382    -0.2256    -0.2263    -0.0007    -0.2257    -0.2264    -0.0007   2.819864   2.820249   0.000386    34.1373    34.1432     7.7063     7.4401    -0.2662    27.4210    27.4258          3  0.000e+00
      24548 326.476005  -62.20874  -58.30018     -0.019    1447.69      3.462      3.429    -0.2256    -0.2267    -0.0011    -0.2257    -0.2269    -0.0011   2.819900   2.820215   0.000315    34.1377    34.1432     7.7064     7.4339    -0.2725    27.4214    27.4259          3  0.000e+00
      24549 326.476005  -62.20874  -58.30018     -0.020    1447.69      3.414      3.382    -0.2253    -0.2269    -0.0016    -0.2254    -0.2270    -0.0016   2.819894   2.820267   0.000373    34.1374    34.1441     7.7064     7.4390    -0.2674    27.4210    27.4266          3  0.000e+00
      24550 326.476005  -62.20874  -58.30018     -0.016    1447.69      3.462      3.429    -0.2255    -0.2269    -0.0014    -0.2256    -0.2270    -0.0014   2.819906   2.820255   0.000349    34.1377    34.1439     7.7116     7.4327    -0.2789    27.4213    27.4264          3  0.000e+00
      24551 326.476006  -62.20874  -58.30018     -0.017    1447.69      3.414      3.382    -0.2253    -0.2271    -0.0017    -0.2254    -0.2272    -0.0017   2.819936   2.820215   0.000279    34.1379    34.1436     7.7122     7.4436    -0.2687    27.4215    27.4262          3  0.000e+00
      24552 326.476006  -62.20874  -58.30018     -0.009    1447.69      3.510      3.476    -0.2252    -0.2267    -0.0016    -0.2253    -0.2269    -0.0016   2.819942   2.820238   0.000296    34.1378    34.1435     7.7080     7.4394    -0.2686    27.4214    27.4261          3  0.000e+00
      24553 326.476007  -62.20874  -58.30018     -0.014    1447.69      3.360      3.327    -0.2250    -0.2269    -0.0019    -0.2251    -0.2270    -0.0019   2.819960   2.820215   0.000255    34.1379    34.1434     7.7129     7.4329    -0.2800    27.4215    27.4260          3  0.000e+00
      24554 326.476007  -62.20874  -58.30018     -0.010    1447.69      3.483      3.449    -0.2250    -0.2264    -0.0014    -0.2251    -0.2265    -0.0014   2.819948   2.820226   0.000278    34.1377    34.1430     7.7086     7.4437    -0.2649    27.4213    27.4257          3  0.000e+00
      24555 326.476008  -62.20874  -58.30018     -0.011    1447.69      3.414      3.382    -0.2247    -0.2269    -0.0022    -0.2248    -0.2270    -0.0022   2.819960   2.820244   0.000284    34.1376    34.1438     7.7085     7.4395    -0.2690    27.4212    27.4263          3  0.000e+00
      24556 326.476008  -62.20874  -58.30018     -0.009    1447.69      3.462      3.429    -0.2248    -0.2272    -0.0023    -0.2250    -0.2273    -0.0023   2.820008   2.820197   0.000189    34.1383    34.1435     7.7085     7.4343    -0.2741    27.4218    27.4261          3  0.000e+00
      24557 326.476009  -62.20874  -58.30018     -0.010    1447.69      3.414      3.382    -0.2248    -0.2269    -0.0020    -0.2250    -0.2270    -0.0020   2.819984   2.820180   0.000196    34.1380    34.1429     7.7084     7.4405    -0.2679    27.4216    27.4256          3  0.000e+00
      24558 326.476009  -62.20874  -58.30018     -0.004    1447.69      3.462      3.429    -0.2252    -0.2271    -0.0019    -0.2253    -0.2272    -0.0019   2.819972   2.820250   0.000277    34.1382    34.1440     7.7077     7.4456    -0.2621    27.4218    27.4265          3  0.000e+00
      24559 326.476010  -62.20874  -58.30018     -0.002    1447.69      3.462      3.429    -0.2250    -0.2272    -0.0022    -0.2251    -0.2273    -0.0022   2.819990   2.820186   0.000196    34.1383    34.1433     7.7076     7.4357    -0.2719    27.4218    27.4260          3  0.000e+00
      24560 326.476010  -62.20874  -58.30018     -0.002    1447.69      3.414      3.382    -0.2248    -0.2274    -0.0025    -0.2250    -0.2275    -0.0025   2.819954   2.820192   0.000238    34.1376    34.1436     7.7118     7.4408    -0.2710    27.4212    27.4262          3  0.000e+00
      24561 326.476011  -62.20874  -58.30018      0.000    1447.69      3.462      3.429    -0.2253    -0.2277    -0.0024    -0.2254    -0.2278    -0.0024   2.819960   2.820238   0.000278    34.1382    34.1446     7.7075     7.4402    -0.2673    27.4217    27.4270          3  0.000e+00
      24562 326.476011  -62.20874  -58.30018     -0.003    1447.69      3.414      3.382    -0.2256    -0.2285    -0.0029    -0.2257    -0.2286    -0.0029   2.819990   2.820180   0.000190    34.1390    34.1447     7.7124     7.4350    -0.2774    27.4224    27.4271          3  0.000e+00
      24563 326.476012  -62.20874  -58.30018     -0.001    1447.69      3.462      3.429    -0.2258    -0.2280    -0.0022    -0.2259    -0.2281    -0.0022   2.819978   2.820174   0.000196    34.1390    34.1441     7.7131     7.4400    -0.2730    27.4224    27.4266          3  0.000e+00
      24564 326.476012  -62.20874  -58.30018      0.002    1447.69      3.462      3.429    -0.2257    -0.2277    -0.0020    -0.2258    -0.2278    -0.0020   2.819972   2.820209   0.000237    34.1388    34.1442     7.7128     7.4335    -0.2793    27.4222    27.4267          3  0.000e+00
      24565 326.476013  -62.20874  -58.30018      0.002    1447.69      3.414      3.382    -0.2259    -0.2282    -0.0022    -0.2261    -0.2283    -0.0022   2.819972   2.820151   0.000179    34.1391    34.1440     7.7133     7.4387    -0.2746    27.4225    27.4265          3  0.000e+00
      24566 326.476013  -62.20874  -58.30018      0.001    1447.69      3.414      3.382    -0.2256    -0.2275    -0.0019    -0.2257    -0.2276    -0.0019   2.819948   2.820186   0.000238    34.1384    34.1437     7.7138     7.4321    -0.2816    27.4219    27.4263          3  0.000e+00
      24567 326.476014  -62.20874  -58.30018      0.004    1447.69      3.462      3.429    -0.2252    -0.2275    -0.0023    -0.2253    -0.2276    -0.0023   2.819960   2.820174   0.000214    34.1381    34.1435     7.7142     7.4373    -0.2769    27.4216    27.4261          3  0.000e+00
      24568 326.476014  -62.20874  -58.30018     -0.002    1447.69      3.414      3.382    -0.2253    -0.2274    -0.0021    -0.2254    -0.2275    -0.0021   2.819948   2.820157   0.000209    34.1381    34.1432     7.7145     7.4331    -0.2814    27.4216    27.4258          3  0.000e+00
      24569 326.476015  -62.20874  -58.30018      0.000    1447.69      3.462      3.429    -0.2256    -0.2275    -0.0019    -0.2257    -0.2276    -0.0019   2.819942   2.820226   0.000284    34.1383    34.1442     7.7100     7.4372    -0.2728    27.4218    27.4267          3  0.000e+00
      24570 326.476015  -62.20874  -58.30018      0.000    1447.69      3.414      3.382    -0.2255    -0.2277    -0.0022    -0.2256    -0.2278    -0.0022   2.819960   2.820215   0.000255    34.1384    34.1443     7.7095     7.4377    -0.2718    27.4219    27.4268          3  0.000e+00
      24571 326.476016  -62.20874  -58.30018      0.003    1447.69      3.462      3.429    -0.2256    -0.2277    -0.0021    -0.2257    -0.2278    -0.0021   2.819948   2.820169   0.000221    34.1384    34.1436     7.7092     7.4325    -0.2767    27.4219    27.4262          3  0.000e+00
      24572 326.476016  -62.20874  -58.30018      0.004    1447.69      3.462      3.429    -0.2258    -0.2275    -0.0017    -0.2259    -0.2276    -0.0017   2.819960   2.820186   0.000226    34.1387    34.1437     7.7139     7.4365    -0.2774    27.4222    27.4263          3  0.000e+00
      24573 326.476017  -62.20874  -58.30018      0.001    1447.69      3.415      3.382    -0.2256    -0.2277    -0.0021    -0.2257    -0.2278    -0.0021   2.819930   2.820180   0.000250    34.1382    34.1438     7.7084     7.4427    -0.2656    27.4217    27.4264          3  0.000e+00
      24574 326.476017  -62.20874  -58.30018     -0.002    1447.69      3.415      3.382    -0.2258    -0.2275    -0.0018    -0.2259    -0.2276    -0.0018   2.819918   2.820163   0.000245    34.1382    34.1434     7.7080     7.4340    -0.2740    27.4217    27.4261          3  0.000e+00
