Pos-Processados/process_op38/operantar38_006.cnv
* Sea-Bird SBE 9 Data File:
* FileName = D:\OPERANTAR_XXXVIII\DADOS\OP38_006.hdr
* Software Version Seasave V 7.18c
* Temperature SN = 4808
* Conductivity SN = 3380
* Number of Bytes Per Scan = 31
* Number of Voltage Words = 2
* Number of Scans Averaged by the Deck Unit = 1
* NMEA Latitude = 45 04.05 S
* NMEA Longitude = 051 28.82 W
* NMEA UTC (Time) = Oct 19 2019 17:49:21
** H41
** NAVIO POLAR ALMIRANTE MAXIMIANO
** CRUZEIRO:
** OPERANTAR XXXVIII
** ESTAวรO: OP38_006
** LAT 45บ 04,05' S
** LONG 051บ 28,85' W
** 09P73767-1155
** PROFUNDIDADE: 5872
** DATA/HORA: 191750Z/OUT/2019
** OPERADOR: SO-HN CHAVES
# nquan = 33
# nvalues = 2075                        
# units = specified
# name 0 = scan: Scan Count
# name 1 = timeJ: Julian Days
# name 2 = latitude: Latitude [deg]
# name 3 = longitude: Longitude [deg]
# name 4 = dz/dtM: Descent Rate [m/s]
# name 5 = avgsvCM: Average Sound Velocity [Chen-Millero, m/s]
# name 6 = prDM: Pressure, Digiquartz [db]
# name 7 = depSM: Depth [salt water, m]
# name 8 = t090C: Temperature [ITS-90, deg C]
# name 9 = t190C: Temperature, 2 [ITS-90, deg C]
# name 10 = T2-T190C: Temperature Difference, 2 - 1 [ITS-90, deg C]
# name 11 = potemp090C: Potential Temperature [ITS-90, deg C]
# name 12 = potemp190C: Potential Temperature, 2 [ITS-90, deg C]
# name 13 = potemp90Cdiff: Potential Temperature, Diff, 2 - 1 [ITS-90, deg C]
# name 14 = c0S/m: Conductivity [S/m]
# name 15 = c1S/m: Conductivity, 2 [S/m]
# name 16 = C2-C1S/m: Conductivity Difference, 2 - 1 [S/m]
# name 17 = sal00: Salinity, Practical [PSU]
# name 18 = sal11: Salinity, Practical, 2 [PSU]
# name 19 = sbeox0ML/L: Oxygen, SBE 43 [ml/l]
# name 20 = sigma-้00: Density [sigma-theta, kg/m^3]
# name 21 = sigma-้11: Density, 2 [sigma-theta, kg/m^3]
# name 22 = sbox0Mm/Kg: Oxygen, SBE 43 [umol/kg]
# name 23 = oxsolMm/Kg: Oxygen Saturation, Garcia & Gordon [umol/kg]
# name 24 = oxsatMm/Kg: Oxygen Saturation, Weiss [umol/kg]
# name 25 = sal00: Salinity, Practical [PSU]
# name 26 = sigma-้00: Density [sigma-theta, kg/m^3]
# name 27 = svCM: Sound Velocity [Chen-Millero, m/s]
# name 28 = svCM1: Sound Velocity, 2 [Chen-Millero, m/s]
# name 29 = gsw_ptA0: potential temperature [ITS-90, deg C]
# name 30 = gsw_densityA0: density, TEOS-10 [density, kg/m^3]
# name 31 = gsw_saA0: Absolute Salinity [g/kg]
# name 32 = flag:
# span 0 =       2324,      72180       
# span 1 = 292.743725, 292.777413       
# span 2 =  -45.06760,  -45.06752       
# span 3 =  -51.48049,  -51.48038       
# span 4 =     -1.694,      1.589       
# span 5 =       0.00,    1482.08       
# span 6 =      2.000,   1040.000       
# span 7 =      2.121,   1028.962       
# span 8 =     2.7172,     8.0399       
# span 9 =     2.7180,     8.0358       
# span 10 =    -0.0572,     0.1456      
# span 11 =     2.6516,     8.0393      
# span 12 =     2.6524,     8.0351      
# span 13 =    -0.0571,     0.1455      
# span 14 =   3.123971,   3.560401      
# span 15 =   3.124652,   3.560922      
# span 16 =  -0.005003,   0.014389      
# span 17 =    34.0529,    34.4762      
# span 18 =    34.0576,    34.4813      
# span 19 =     4.0087,     6.7188      
# span 20 =    26.6872,    27.4917      
# span 21 =    26.6926,    27.4958      
# span 22 =    174.243,    292.253      
# span 23 =  288.21080,  326.17242      
# span 24 =  288.52923,  327.17200      
# span 25 =    34.0493,    34.4762      
# span 26 =    26.6875,    27.4917      
# span 27 =    1468.93,    1483.34      
# span 28 =    1468.93,    1483.34      
# span 29 =     2.6515,     8.0392      
# span 30 =  1026.7008,  1032.3141      
# span 31 =    34.2104,    34.6426      
# span 32 = 0.0000e+00, 0.0000e+00      
# interval = decibars: 1                
# start_time = Oct 19 2019 17:49:21 [NMEA time, header]
# bad_flag = -9.990e-29
*END*
[from data line 352]
      14614 292.749652  -45.06756  -51.48046      0.999    1474.71    356.000    352.804     3.4941     3.4951     0.0009     3.4706     3.4715     0.0009   3.154154   3.154663   0.000509    34.1328    34.1379     6.0387    27.1489    27.1529    262.563  320.77461  321.64411    34.1319    27.1482    1469.20    1469.22     3.4705  1028.8055    34.2938 0.0000e+00
      14652 292.749670  -45.06756  -51.48046      0.660    1474.71    357.000    353.794     3.4898     3.4907     0.0009     3.4663     3.4671     0.0009   3.153859   3.154369   0.000507    34.1330    34.1381     6.0347    27.1494    27.1535    262.387  320.80770  321.67784    34.1323    27.1490    1469.20    1469.21     3.4662  1028.8109    34.2942 0.0000e+00
      14687 292.749687  -45.06756  -51.48046      0.635    1474.71    358.000    354.784     3.4875     3.4881     0.0006     3.4638     3.4644     0.0007   3.153672   3.154157   0.000486    34.1329    34.1381     6.0305    27.1496    27.1537    262.204  320.82643  321.69692    34.1320    27.1490    1469.21    1469.22     3.4638  1028.8156    34.2939 0.0000e+00
      14710 292.749698  -45.06756  -51.48046      0.885    1474.71    359.000    355.775     3.4813     3.4819     0.0006     3.4576     3.4582     0.0006   3.153136   3.153609   0.000481    34.1331    34.1382     6.0207    27.1504    27.1545    261.776  320.87376  321.74516    34.1315    27.1491    1469.20    1469.21     3.4576  1028.8204    34.2934 0.0000e+00
      14729 292.749707  -45.06756  -51.48046      1.124    1474.71    360.000    356.765     3.4689     3.4694     0.0005     3.4452     3.4456     0.0005   3.152133   3.152625   0.000488    34.1337    34.1390     6.0206    27.1521    27.1563    261.775  320.96983  321.84309    34.1320    27.1507    1469.17    1469.17     3.4451  1028.8268    34.2939 0.0000e+00
      14748 292.749716  -45.06756  -51.48046      1.266    1474.71    361.000    357.755     3.4630     3.4638     0.0008     3.4393     3.4400     0.0008   3.151708   3.152210   0.000502    34.1338    34.1391     6.0210    27.1527    27.1568    261.789  321.01527  321.88939    34.1324    27.1517    1469.16    1469.17     3.4392  1028.8324    34.2944 0.0000e+00
      14768 292.749726  -45.06756  -51.48046      1.246    1474.71    362.000    358.745     3.4562     3.4565     0.0004     3.4323     3.4327     0.0004   3.151024   3.151510   0.000490    34.1332    34.1387     6.0210    27.1529    27.1572    261.791  321.07068  321.94580    34.1309    27.1511    1469.14    1469.15     3.4323  1028.8366    34.2928 0.0000e+00
      14793 292.749737  -45.06756  -51.48046      1.074    1474.71    363.000    359.735     3.4415     3.4420     0.0006     3.4176     3.4182     0.0006   3.149836   3.150315   0.000477    34.1336    34.1387     6.0265    27.1546    27.1587    262.028  321.18476  322.06206    34.1315    27.1530    1469.10    1469.11     3.4176  1028.8432    34.2934 0.0000e+00
      14818 292.749750  -45.06756  -51.48046      0.964    1474.71    364.000    360.726     3.4326     3.4334     0.0008     3.4087     3.4095     0.0008   3.149094   3.149590   0.000497    34.1335    34.1386     6.0227    27.1554    27.1594    261.863  321.25469  322.13330    34.1314    27.1537    1469.08    1469.08     3.4086  1028.8487    34.2933 0.0000e+00
      14842 292.749761  -45.06756  -51.48046      0.967    1474.71    365.000    361.716     3.4229     3.4236     0.0008     3.3989     3.3997     0.0008   3.148320   3.148819   0.000498    34.1339    34.1390     6.0186    27.1567    27.1607    261.685  321.32983  322.20989    34.1317    27.1549    1469.05    1469.06     3.3989  1028.8547    34.2937 0.0000e+00
      14866 292.749773  -45.06756  -51.48046      0.990    1474.71    366.000    362.706     3.4184     3.4194     0.0010     3.3944     3.3953     0.0010   3.148069   3.148580   0.000510    34.1345    34.1396     6.0168    27.1575    27.1615    261.608  321.36360  322.24434    34.1329    27.1563    1469.05    1469.06     3.3943  1028.8607    34.2948 0.0000e+00
      14889 292.749784  -45.06756  -51.48046      1.029    1474.71    367.000    363.696     3.4158     3.4166     0.0008     3.3917     3.3925     0.0007   3.147890   3.148396   0.000508    34.1345    34.1398     6.0143    27.1578    27.1620    261.497  321.38364  322.26477    34.1329    27.1565    1469.06    1469.07     3.3917  1028.8656    34.2948 0.0000e+00
      14911 292.749795  -45.06756  -51.48046      1.070    1474.71    368.000    364.686     3.4144     3.4152     0.0007     3.3903     3.3910     0.0007   3.147945   3.148437   0.000491    34.1355    34.1406     6.0107    27.1587    27.1628    261.341  321.39194  322.27331    34.1345    27.1579    1469.07    1469.08     3.3903  1028.8716    34.2964 0.0000e+00
      14936 292.749806  -45.06756  -51.48046      1.032    1474.71    369.000    365.676     3.4152     3.4162     0.0011     3.3910     3.3920     0.0011   3.148067   3.148611   0.000541    34.1358    34.1412     6.0075    27.1589    27.1631    261.201  321.38562  322.26689    34.1346    27.1580    1469.09    1469.10     3.3909  1028.8763    34.2966 0.0000e+00
      14967 292.749822  -45.06756  -51.48046      0.830    1474.71    370.000    366.666     3.4135     3.4145     0.0010     3.3893     3.3902     0.0010   3.148018   3.148524   0.000508    34.1361    34.1412     5.9947    27.1594    27.1633    260.646  321.39755  322.27907    34.1352    27.1586    1469.10    1469.11     3.3892  1028.8816    34.2972 0.0000e+00
      15000 292.749837  -45.06756  -51.48046      0.704    1474.71    371.000    367.656     3.4131     3.4144     0.0013     3.3887     3.3900     0.0013   3.148109   3.148654   0.000543    34.1369    34.1421     5.9950    27.1600    27.1641    260.656  321.39934  322.28096    34.1363    27.1595    1469.11    1469.13     3.3887  1028.8871    34.2982 0.0000e+00
      15024 292.749849  -45.06756  -51.48046      0.864    1474.71    372.000    368.646     3.4140     3.4146     0.0007     3.3896     3.3903     0.0007   3.148260   3.148760   0.000504    34.1372    34.1425     5.9882    27.1602    27.1644    260.361  321.39166  322.27315    34.1366    27.1597    1469.13    1469.14     3.3895  1028.8920    34.2986 0.0000e+00
      15044 292.749859  -45.06756  -51.48046      1.077    1474.71    373.000    369.636     3.4130     3.4141     0.0011     3.3885     3.3896     0.0011   3.148199   3.148734   0.000531    34.1372    34.1423     5.9820    27.1602    27.1643    260.092  321.39941  322.28105    34.1364    27.1596    1469.14    1469.16     3.3885  1028.8965    34.2984 0.0000e+00
      15064 292.749868  -45.06756  -51.48046      1.210    1474.71    374.000    370.626     3.4106     3.4119     0.0013     3.3861     3.3874     0.0013   3.148024   3.148558   0.000536    34.1370    34.1420     5.9785    27.1603    27.1642    259.940  321.41848  322.30047    34.1362    27.1597    1469.15    1469.16     3.3860  1028.9013    34.2982 0.0000e+00
      15088 292.749880  -45.06756  -51.48046      1.128    1474.71    375.000    371.616     3.4043     3.4039    -0.0004     3.3797     3.3793    -0.0004   3.147419   3.147803   0.000388    34.1366    34.1417     5.9754    27.1606    27.1648    259.807  321.46888  322.35179    34.1350    27.1594    1469.14    1469.15     3.3797  1028.9056    34.2970 0.0000e+00
      15123 292.749897  -45.06756  -51.48046      0.736    1474.71    376.000    372.607     3.3934     3.3943     0.0009     3.3688     3.3697     0.0009   3.146580   3.147087   0.000507    34.1369    34.1420     5.9764    27.1619    27.1659    259.848  321.55366  322.43819    34.1358    27.1611    1469.11    1469.12     3.3688  1028.9121    34.2978 0.0000e+00
      15156 292.749913  -45.06756  -51.48046      0.683    1474.71    377.000    373.597     3.3911     3.3921     0.0010     3.3664     3.3674     0.0010   3.146466   3.146971   0.000505    34.1372    34.1422     5.9714    27.1624    27.1663    259.632  321.57128  322.45617    34.1364    27.1617    1469.12    1469.13     3.3663  1028.9174    34.2984 0.0000e+00
      15181 292.749925  -45.06756  -51.48046      0.868    1474.71    378.000    374.587     3.3906     3.3914     0.0008     3.3658     3.3666     0.0008   3.146462   3.146975   0.000512    34.1371    34.1424     5.9725    27.1623    27.1665    259.679  321.57556  322.46052    34.1363    27.1617    1469.13    1469.14     3.3658  1028.9220    34.2983 0.0000e+00
      15203 292.749935  -45.06756  -51.48046      1.028    1474.71    379.000    375.577     3.3895     3.3902     0.0007     3.3647     3.3654     0.0007   3.146418   3.146931   0.000508    34.1371    34.1425     5.9764    27.1625    27.1667    259.848  321.58374  322.46886    34.1364    27.1619    1469.15    1469.16     3.3646  1028.9268    34.2984 0.0000e+00
      15224 292.749945  -45.06756  -51.48046      1.115    1473.99    380.000    376.567     3.3872     3.3880     0.0008     3.3623     3.3631     0.0008   3.146251   3.146750   0.000503    34.1371    34.1424     5.9803    27.1627    27.1668    260.017  321.60166  322.48712    34.1362    27.1620    1469.15    1469.16     3.3623  1028.9316    34.2982 0.0000e+00
      15246 292.749956  -45.06756  -51.48046      1.121    1473.86    381.000    377.557     3.3825     3.3834     0.0010     3.3576     3.3585     0.0009   3.145886   3.146405   0.000520    34.1373    34.1426     5.9763    27.1633    27.1674    259.841  321.63811  322.52427    34.1362    27.1625    1469.15    1469.16     3.3575  1028.9367    34.2982 0.0000e+00
      15270 292.749968  -45.06756  -51.48046      1.038    1473.86    382.000    378.547     3.3791     3.3799     0.0008     3.3541     3.3550     0.0008   3.145696   3.146206   0.000510    34.1378    34.1430     5.9704    27.1640    27.1681    259.588  321.66384  322.55053    34.1370    27.1634    1469.15    1469.16     3.3541  1028.9423    34.2990 0.0000e+00
      15310 292.749987  -45.06756  -51.48046      0.669    1473.86    383.000    379.536     3.3784     3.3791     0.0006     3.3534     3.3540     0.0006   3.145709   3.146203   0.000493    34.1380    34.1432     5.9639    27.1642    27.1684    259.304  321.66865  322.55544    34.1373    27.1637    1469.17    1469.18     3.3533  1028.9473    34.2993 0.0000e+00
      15362 292.750012  -45.06756  -51.48046      0.414    1473.86    384.000    380.527     3.3762     3.3772     0.0010     3.3511     3.3521     0.0010   3.145570   3.146078   0.000508    34.1381    34.1431     5.9663    27.1645    27.1685    259.408  321.68573  322.57285    34.1375    27.1640    1469.17    1469.18     3.3511  1028.9523    34.2995 0.0000e+00
      15388 292.750025  -45.06756  -51.48046      0.749    1473.86    385.000    381.517     3.3733     3.3742     0.0009     3.3481     3.3490     0.0009   3.145375   3.145885   0.000507    34.1383    34.1435     5.9613    27.1650    27.1690    259.191  321.70833  322.59591    34.1376    27.1645    1469.18    1469.19     3.3481  1028.9574    34.2997 0.0000e+00
      15408 292.750034  -45.06756  -51.48046      1.041    1473.86    386.000    382.507     3.3717     3.3726     0.0009     3.3465     3.3474     0.0008   3.145307   3.145810   0.000503    34.1384    34.1436     5.9546    27.1652    27.1693    258.900  321.72007  322.60788    34.1379    27.1648    1469.19    1469.20     3.3465  1028.9624    34.2999 0.0000e+00
      15426 292.750043  -45.06756  -51.48046      1.236    1473.86    387.000    383.497     3.3695     3.3707     0.0012     3.3442     3.3454     0.0012   3.145118   3.145663   0.000546    34.1384    34.1436     5.9585    27.1654    27.1695    259.070  321.73805  322.62619    34.1375    27.1647    1469.19    1469.20     3.3442  1028.9669    34.2995 0.0000e+00
      15445 292.750052  -45.06756  -51.48046      1.289    1473.86    388.000    384.487     3.3652     3.3663     0.0010     3.3399     3.3409     0.0010   3.144844   3.145367   0.000523    34.1390    34.1442     5.9609    27.1663    27.1704    259.173  321.76979  322.65857    34.1381    27.1656    1469.19    1469.20     3.3398  1028.9725    34.3001 0.0000e+00
      15466 292.750062  -45.06756  -51.48046      1.225    1473.86    389.000    385.477     3.3592     3.3599     0.0007     3.3338     3.3345     0.0007   3.144368   3.144860   0.000492    34.1395    34.1447     5.9574    27.1673    27.1713    259.020  321.81612  322.70584    34.1382    27.1662    1469.18    1469.19     3.3338  1028.9779    34.3002 0.0000e+00
      15490 292.750074  -45.06756  -51.48046      1.096    1473.86    390.000    386.467     3.3533     3.3541     0.0008     3.3278     3.3286     0.0008   3.143986   3.144489   0.000503    34.1402    34.1454     5.9517    27.1684    27.1725    258.771  321.86102  322.75164    34.1393    27.1677    1469.17    1469.18     3.3278  1028.9840    34.3013 0.0000e+00
      15520 292.750088  -45.06756  -51.48046      0.877    1473.86    391.000    387.457     3.3496     3.3502     0.0006     3.3241     3.3247     0.0006   3.143720   3.144210   0.000492    34.1404    34.1457     5.9456    27.1689    27.1731    258.510  321.88927  322.78044    34.1394    27.1681    1469.18    1469.19     3.3241  1028.9891    34.3014 0.0000e+00
      15558 292.750107  -45.06756  -51.48046      0.628    1473.86    392.000    388.447     3.3455     3.3463     0.0008     3.3199     3.3207     0.0008   3.143462   3.143956   0.000493    34.1409    34.1459     5.9405    27.1697    27.1736    258.288  321.92071  322.81251    34.1401    27.1691    1469.17    1469.19     3.3199  1028.9947    34.3021 0.0000e+00
      15592 292.750123  -45.06756  -51.48046      0.674    1473.86    393.000    389.437     3.3443     3.3452     0.0008     3.3187     3.3195     0.0008   3.143426   3.143918   0.000494    34.1410    34.1460     5.9369    27.1699    27.1739    258.127  321.92966  322.82165    34.1403    27.1694    1469.19    1469.20     3.3186  1028.9997    34.3024 0.0000e+00
      15619 292.750136  -45.06756  -51.48046      0.843    1473.86    394.000    390.427     3.3422     3.3430     0.0008     3.3165     3.3173     0.0008   3.143268   3.143781   0.000507    34.1410    34.1462     5.9308    27.1701    27.1742    257.865  321.94641  322.83871    34.1401    27.1694    1469.20    1469.21     3.3164  1029.0044    34.3022 0.0000e+00
      15645 292.750149  -45.06756  -51.48046      0.913    1473.86    395.000    391.417     3.3399     3.3408     0.0009     3.3141     3.3150     0.0009   3.143144   3.143646   0.000505    34.1412    34.1464     5.9284    27.1705    27.1746    257.759  321.96381  322.85646    34.1405    27.1700    1469.20    1469.21     3.3141  1029.0096    34.3025 0.0000e+00
      15673 292.750162  -45.06756  -51.48046      0.880    1473.86    396.000    392.407     3.3337     3.3344     0.0008     3.3079     3.3086     0.0008   3.142678   3.143170   0.000499    34.1421    34.1473     5.9292    27.1718    27.1759    257.792  322.01063  322.90424    34.1409    27.1709    1469.19    1469.20     3.3078  1029.0152    34.3029 0.0000e+00
      15697 292.750174  -45.06756  -51.48044      0.916    1473.86    397.000    393.397     3.3269     3.3275     0.0006     3.3010     3.3016     0.0006   3.142214   3.142703   0.000484    34.1427    34.1479     5.9276    27.1730    27.1771    257.724  322.06237  322.95701    34.1419    27.1723    1469.18    1469.19     3.3010  1029.0213    34.3040 0.0000e+00
      15718 292.750184  -45.06756  -51.48044      1.042    1473.86    398.000    394.387     3.3279     3.3287     0.0008     3.3020     3.3028     0.0008   3.142455   3.142960   0.000509    34.1436    34.1489     5.9274    27.1736    27.1777    257.714  322.05214  322.94666    34.1432    27.1732    1469.20    1469.21     3.3019  1029.0269    34.3053 0.0000e+00
