Pos-Processados/process_op38/operantar38_008.cnv
* Sea-Bird SBE 9 Data File:
* FileName = D:\OPERANTAR_XXXVIII\DADOS\OP38_008.hdr
* Software Version Seasave V 7.18c
* Temperature SN = 4808
* Conductivity SN = 3380
* Number of Bytes Per Scan = 31
* Number of Voltage Words = 2
* Number of Scans Averaged by the Deck Unit = 1
* NMEA Latitude = 44 37.30 S
* NMEA Longitude = 052 09.37 W
* NMEA UTC (Time) = Oct 20 2019 01:25:54
** H41
** NAVIO POLAR ALMIRANTE MAXIMIANO
** CRUZEIRO:
** OPERANTAR XXXVIII
** ESTAวรO: OP38_008
** LAT 44บ 37,32'S
** LONG 052บ 09,39'W
** 09P73767-1155
** PROFUNDIDADE: 5784
** DATA/HORA: 200126Z/OUT/19
** OPERADOR: CT TECCHIO
# nquan = 32
# nvalues = 2081                        
# units = specified
# name 0 = scan: Scan Count
# name 1 = timeJ: Julian Days
# name 2 = latitude: Latitude [deg]
# name 3 = longitude: Longitude [deg]
# name 4 = dz/dtM: Descent Rate [m/s]
# name 5 = avgsvCM: Average Sound Velocity [Chen-Millero, m/s]
# name 6 = prDM: Pressure, Digiquartz [db]
# name 7 = depSM: Depth [salt water, m]
# name 8 = t090C: Temperature [ITS-90, deg C]
# name 9 = t190C: Temperature, 2 [ITS-90, deg C]
# name 10 = T2-T190C: Temperature Difference, 2 - 1 [ITS-90, deg C]
# name 11 = potemp090C: Potential Temperature [ITS-90, deg C]
# name 12 = potemp190C: Potential Temperature, 2 [ITS-90, deg C]
# name 13 = potemp90Cdiff: Potential Temperature, Diff, 2 - 1 [ITS-90, deg C]
# name 14 = c0S/m: Conductivity [S/m]
# name 15 = c1S/m: Conductivity, 2 [S/m]
# name 16 = C2-C1S/m: Conductivity Difference, 2 - 1 [S/m]
# name 17 = sal00: Salinity, Practical [PSU]
# name 18 = sal11: Salinity, Practical, 2 [PSU]
# name 19 = sbeox0ML/L: Oxygen, SBE 43 [ml/l]
# name 20 = sbeox1ML/L: Oxygen, SBE 43, 2 [ml/l]
# name 21 = sbeox0ML/Ldiff: Oxygen, SBE 43, Diff, 2 - 1 [ml/l]
# name 22 = sigma-้00: Density [sigma-theta, kg/m^3]
# name 23 = sigma-้11: Density, 2 [sigma-theta, kg/m^3]
# name 24 = sal00: Salinity, Practical [PSU]
# name 25 = sigma-้00: Density [sigma-theta, kg/m^3]
# name 26 = svCM: Sound Velocity [Chen-Millero, m/s]
# name 27 = svCM1: Sound Velocity, 2 [Chen-Millero, m/s]
# name 28 = gsw_ptA0: potential temperature [ITS-90, deg C]
# name 29 = gsw_densityA0: density, TEOS-10 [density, kg/m^3]
# name 30 = gsw_saA0: Absolute Salinity [g/kg]
# name 31 = flag:
# span 0 =       2031,      73448       
# span 1 = 293.060632, 293.095073       
# span 2 =  -44.62184,  -44.60889       
# span 3 =  -52.15622,  -52.14131       
# span 4 =     -1.531,      1.567       
# span 5 =      -0.01,    1505.03       
# span 6 =      3.000,   1044.000       
# span 7 =      3.012,   1032.954       
# span 8 =     3.0030,    13.3732       
# span 9 =     3.0035,    13.3738       
# span 10 =    -0.1966,     0.2897      
# span 11 =     2.9321,    13.3637      
# span 12 =     2.9327,    13.3643      
# span 13 =    -0.1963,     0.2892      
# span 14 =   3.152741,   4.168399      
# span 15 =   3.153316,   4.168763      
# span 16 =  -0.020591,   0.033213      
# span 17 =    34.1211,    35.3067      
# span 18 =    34.1265,    35.3122      
# span 19 =     4.6656,     6.4668      
# span 20 =     4.4676,     6.1679      
# span 21 =    -0.4697,    -0.1304      
# span 22 =    26.4486,    27.3387      
# span 23 =    26.4540,    27.3427      
# span 24 =    34.1172,    35.3098      
# span 25 =    26.4489,    27.3386      
# span 26 =    1475.02,    1502.92      
# span 27 =    1475.03,    1502.92      
# span 28 =     2.9319,    13.3637      
# span 29 =  1026.4749,  1032.1748      
# span 30 =    34.2794,    35.4766      
# span 31 = 0.0000e+00, 0.0000e+00      
# interval = decibars: 1                
# start_time = Oct 20 2019 01:25:54 [NMEA time, header]
# bad_flag = -9.990e-29
*END*
[from data line 408]
      16862 293.067784  -44.62183  -52.15614      0.625    1484.34    413.000    409.253     5.1749     5.1760     0.0011     5.1419     5.1430     0.0011   3.310107   3.310627   0.000524    34.1941    34.1989     5.9752     5.7229    -0.2523    27.0199    27.0236    34.1945    27.0202    1477.19    1477.20     5.1418  1028.9235    34.3568 0.0000e+00
      16899 293.067802  -44.62184  -52.15614      0.626    1484.33    414.000    410.243     5.1765     5.1773     0.0008     5.1434     5.1442     0.0008   3.310333   3.310840   0.000509    34.1945    34.1995     5.9782     5.7082    -0.2700    27.0201    27.0239    34.1950    27.0205    1477.21    1477.22     5.1433  1028.9283    34.3573 0.0000e+00
      16932 293.067818  -44.62184  -52.15614      0.723    1484.33    415.000    411.233     5.1751     5.1763     0.0012     5.1419     5.1431     0.0012   3.310212   3.310778   0.000554    34.1947    34.1998     5.9836     5.7132    -0.2704    27.0204    27.0243    34.1945    27.0202    1477.22    1477.23     5.1419  1028.9327    34.3568 0.0000e+00
      16966 293.067834  -44.62184  -52.15614      0.714    1484.33    416.000    412.223     5.1686     5.1695     0.0010     5.1354     5.1363     0.0010   3.309691   3.310203   0.000521    34.1946    34.1996     5.9847     5.7079    -0.2768    27.0211    27.0249    34.1947    27.0211    1477.21    1477.22     5.1352  1028.9383    34.3570 0.0000e+00
      17000 293.067851  -44.62184  -52.15614      0.691    1484.33    417.000    413.213     5.1662     5.1674     0.0013     5.1329     5.1341     0.0012   3.309465   3.310009   0.000542    34.1944    34.1993     5.9763     5.7064    -0.2699    27.0212    27.0250    34.1940    27.0209    1477.22    1477.23     5.1328  1028.9426    34.3564 0.0000e+00
      17030 293.067865  -44.62184  -52.15614      0.778    1484.33    418.000    414.203     5.1619     5.1631     0.0013     5.1285     5.1298     0.0013   3.309129   3.309668   0.000537    34.1943    34.1991     5.9732     5.7227    -0.2505    27.0216    27.0253    34.1940    27.0214    1477.22    1477.23     5.1284  1028.9478    34.3564 0.0000e+00
      17059 293.067879  -44.62184  -52.15614      0.826    1484.33    419.000    415.193     5.1613     5.1619     0.0007     5.1278     5.1285     0.0007   3.309153   3.309650   0.000498    34.1944    34.1994     5.9763     5.7325    -0.2438    27.0218    27.0257    34.1944    27.0218    1477.23    1477.24     5.1278  1028.9527    34.3567 0.0000e+00
      17092 293.067895  -44.62184  -52.15614      0.753    1484.33    420.000    416.182     5.1670     5.1674     0.0004     5.1335     5.1339     0.0004   3.309931   3.310385   0.000463    34.1961    34.2011     5.9797     5.7250    -0.2546    27.0225    27.0264    34.1970    27.0232    1477.27    1477.28     5.1334  1028.9586    34.3593 0.0000e+00
      17126 293.067911  -44.62184  -52.15614      0.716    1484.33    421.000    417.172     5.1954     5.1949    -0.0005     5.1617     5.1612    -0.0005   3.313250   3.313614   0.000359    34.2024    34.2071     5.9850     5.7254    -0.2596    27.0242    27.0279    34.2055    27.0267    1477.42    1477.42     5.1616  1028.9664    34.3680 0.0000e+00
      17159 293.067927  -44.62184  -52.15614      0.722    1484.33    422.000    418.162     5.2088     5.2098     0.0010     5.1749     5.1759     0.0010   3.314454   3.314989   0.000533    34.2043    34.2093     5.9722     5.7216    -0.2506    27.0241    27.0280    34.2052    27.0249    1477.49    1477.50     5.1749  1028.9691    34.3676 0.0000e+00
      17193 293.067944  -44.62184  -52.15614      0.709    1484.33    423.000    419.152     5.2055     5.2064     0.0008     5.1716     5.1725     0.0008   3.314183   3.314685   0.000506    34.2042    34.2092     5.9160     5.6909    -0.2251    27.0245    27.0283    34.2049    27.0250    1477.49    1477.50     5.1715  1028.9738    34.3673 0.0000e+00
      17227 293.067960  -44.62184  -52.15614      0.696    1484.33    424.000    420.142     5.2059     5.2072     0.0012     5.1719     5.1732     0.0012   3.314358   3.314944   0.000570    34.2046    34.2099     5.8776     5.6368    -0.2408    27.0247    27.0288    34.2060    27.0259    1477.51    1477.52     5.1718  1028.9792    34.3684 0.0000e+00
      17257 293.067975  -44.62184  -52.15615      0.769    1484.33    425.000    421.132     5.2207     5.2217     0.0011     5.1865     5.1876     0.0011   3.316085   3.316594   0.000528    34.2077    34.2127     5.8884     5.6233    -0.2651    27.0255    27.0293    34.2103    27.0276    1477.59    1477.60     5.1864  1028.9853    34.3727 0.0000e+00
      17287 293.067989  -44.62184  -52.15616      0.808    1484.33    426.000    422.122     5.2609     5.2593    -0.0016     5.2266     5.2249    -0.0016   3.320670   3.320910   0.000258    34.2159    34.2205     5.8875     5.6344    -0.2532    27.0273    27.0312    34.2213    27.0315    1477.79    1477.78     5.2265  1028.9935    34.3838 0.0000e+00
      17322 293.068006  -44.62183  -52.15615      0.712    1484.33    427.000    423.112     5.2944     5.2939    -0.0005     5.2598     5.2593    -0.0005   3.324014   3.324397   0.000383    34.2217    34.2265     5.8625     5.6246    -0.2378    27.0279    27.0319    34.2250    27.0306    1477.94    1477.95     5.2597  1028.9967    34.3875 0.0000e+00
      17361 293.068025  -44.62184  -52.15614      0.624    1484.33    428.000    424.102     5.2991     5.2995     0.0004     5.2644     5.2648     0.0004   3.324501   3.324970   0.000464    34.2230    34.2279     5.7896     5.5821    -0.2074    27.0285    27.0323    34.2252    27.0302    1477.98    1477.99     5.2643  1029.0009    34.3878 0.0000e+00
      17395 293.068041  -44.62184  -52.15615      0.678    1484.33    429.000    425.091     5.3031     5.3034     0.0003     5.2684     5.2686     0.0003   3.325015   3.325492   0.000471    34.2242    34.2294     5.7332     5.5193    -0.2139    27.0290    27.0330    34.2265    27.0307    1478.01    1478.02     5.2683  1029.0060    34.3890 0.0000e+00
      17425 293.068056  -44.62184  -52.15615      0.779    1484.33    430.000    426.082     5.3010     5.3029     0.0018     5.2662     5.2680     0.0018   3.324750   3.325370   0.000622    34.2241    34.2293     5.7370     5.4942    -0.2428    27.0291    27.0331    34.2251    27.0299    1478.02    1478.03     5.2661  1029.0097    34.3876 0.0000e+00
      17454 293.068070  -44.62184  -52.15614      0.815    1484.33    431.000    427.071     5.2925     5.2943     0.0018     5.2576     5.2594     0.0018   3.323871   3.324475   0.000605    34.2232    34.2283     5.7461     5.4837    -0.2624    27.0294    27.0333    34.2232    27.0294    1478.00    1478.01     5.2575  1029.0139    34.3857 0.0000e+00
      17485 293.068084  -44.62184  -52.15614      0.795    1484.33    432.000    428.061     5.2787     5.2799     0.0012     5.2437     5.2450     0.0012   3.322595   3.323155   0.000550    34.2221    34.2272     5.7451     5.4738    -0.2713    27.0302    27.0341    34.2222    27.0302    1477.96    1477.97     5.2437  1029.0195    34.3847 0.0000e+00
      17516 293.068099  -44.62184  -52.15615      0.774    1484.33    433.000    429.051     5.2727     5.2740     0.0013     5.2377     5.2390     0.0013   3.322005   3.322580   0.000568    34.2214    34.2266     5.7454     5.4841    -0.2613    27.0304    27.0343    34.2210    27.0301    1477.95    1477.96     5.2376  1029.0239    34.3835 0.0000e+00
      17546 293.068114  -44.62184  -52.15616      0.794    1484.33    434.000    430.041     5.2621     5.2633     0.0012     5.2271     5.2282     0.0012   3.321057   3.321592   0.000537    34.2208    34.2258     5.7522     5.4992    -0.2530    27.0312    27.0350    34.2204    27.0308    1477.92    1477.93     5.2270  1029.0294    34.3829 0.0000e+00
      17576 293.068128  -44.62184  -52.15616      0.814    1484.33    435.000    431.031     5.2561     5.2573     0.0013     5.2209     5.2222     0.0013   3.320595   3.321145   0.000552    34.2214    34.2265     5.7639     5.5108    -0.2531    27.0324    27.0362    34.2208    27.0319    1477.91    1477.92     5.2209  1029.0351    34.3834 0.0000e+00
      17612 293.068146  -44.62184  -52.15616      0.694    1484.33    436.000    432.021     5.2519     5.2530     0.0011     5.2167     5.2178     0.0011   3.320291   3.320823   0.000533    34.2215    34.2265     5.7730     5.5118    -0.2612    27.0329    27.0367    34.2211    27.0325    1477.91    1477.92     5.2166  1029.0404    34.3836 0.0000e+00
      17655 293.068166  -44.62184  -52.15616      0.554    1484.33    437.000    433.011     5.2499     5.2508     0.0008     5.2147     5.2155     0.0008   3.320254   3.320748   0.000497    34.2223    34.2271     5.7627     5.5070    -0.2558    27.0337    27.0375    34.2222    27.0336    1477.92    1477.93     5.2146  1029.0461    34.3847 0.0000e+00
      17691 293.068184  -44.62184  -52.15616      0.635    1484.33    438.000    434.000     5.2517     5.2526     0.0009     5.2164     5.2173     0.0009   3.320550   3.321088   0.000532    34.2235    34.2287     5.7515     5.5089    -0.2426    27.0345    27.0385    34.2232    27.0343    1477.95    1477.96     5.2162  1029.0513    34.3858 0.0000e+00
      17721 293.068198  -44.62184  -52.15614      0.771    1484.33    439.000    434.990     5.2426     5.2443     0.0017     5.2072     5.2089     0.0017   3.319529   3.320100   0.000571    34.2226    34.2274     5.7467     5.5073    -0.2394    27.0349    27.0385    34.2203    27.0331    1477.92    1477.94     5.2071  1029.0547    34.3828 0.0000e+00
      17747 293.068211  -44.62184  -52.15614      0.877    1484.33    440.000    435.980     5.2234     5.2247     0.0013     5.1880     5.1892     0.0012   3.317873   3.318424   0.000556    34.2216    34.2267     5.7254     5.4966    -0.2288    27.0363    27.0402    34.2204    27.0354    1477.86    1477.87     5.1879  1029.0618    34.3829 0.0000e+00
      17774 293.068224  -44.62184  -52.15614      0.908    1484.33    441.000    436.969     5.2149     5.2177     0.0029     5.1794     5.1822     0.0028   3.316946   3.317659   0.000711    34.2201    34.2253     5.7201     5.4838    -0.2363    27.0362    27.0400    34.2180    27.0345    1477.84    1477.86     5.1793  1029.0656    34.3805 0.0000e+00
      17804 293.068239  -44.62184  -52.15615      0.829    1484.33    442.000    437.959     5.2049     5.2048    -0.0001     5.1694     5.1693    -0.0001   3.316073   3.316486   0.000415    34.2190    34.2239     5.7370     5.4851    -0.2518    27.0365    27.0403    34.2177    27.0354    1477.82    1477.82     5.1693  1029.0712    34.3802 0.0000e+00
      17838 293.068255  -44.62184  -52.15616      0.719    1484.33    443.000    438.949     5.1831     5.1882     0.0051     5.1475     5.1526     0.0051   3.313377   3.314301   0.000902    34.2150    34.2202     5.7593     5.4911    -0.2682    27.0358    27.0394    34.2085    27.0307    1477.73    1477.76     5.1474  1029.0714    34.3710 0.0000e+00
      17872 293.068271  -44.62184  -52.15616      0.708    1484.33    444.000    439.939     5.0963     5.0984     0.0021     5.0610     5.0631     0.0021   3.305078   3.305659   0.000608    34.2068    34.2116     5.7733     5.5113    -0.2620    27.0394    27.0429    34.2013    27.0350    1477.39    1477.40     5.0609  1029.0812    34.3637 0.0000e+00
      17909 293.068289  -44.62184  -52.15616      0.660    1484.33    445.000    440.929     5.0626     5.0657     0.0031     5.0273     5.0304     0.0031   3.301628   3.302379   0.000730    34.2021    34.2073     5.8004     5.5162    -0.2842    27.0395    27.0433    34.1955    27.0343    1477.26    1477.28     5.0272  1029.0855    34.3579 0.0000e+00
      17949 293.068308  -44.62184  -52.15616      0.593    1484.33    446.000    441.918     5.0279     5.0307     0.0027     4.9927     4.9954     0.0027   3.298417   3.299152   0.000725    34.1979    34.2035     5.8910     5.5937    -0.2973    27.0402    27.0443    34.1934    27.0366    1477.13    1477.15     4.9926  1029.0929    34.3559 0.0000e+00
      17983 293.068325  -44.62184  -52.15616      0.680    1484.33    447.000    442.909     4.9801     4.9903     0.0103     4.9449     4.9551     0.0102   3.292847   3.294307   0.001447    34.1895    34.1956     5.9357     5.6387    -0.2970    27.0389    27.0427    34.1777    27.0296    1476.93    1476.98     4.9448  1029.0910    34.3400 0.0000e+00
      18011 293.068338  -44.62184  -52.15616      0.820    1484.33    448.000    443.898     4.8956     4.9012     0.0056     4.8607     4.8662     0.0055   3.284894   3.285917   0.000986    34.1815    34.1872     5.9659     5.6781    -0.2878    27.0422    27.0461    34.1718    27.0345    1476.60    1476.63     4.8606  1029.1014    34.3341 0.0000e+00
      18037 293.068351  -44.62184  -52.15614      0.909    1484.33    449.000    444.888     4.8717     4.8767     0.0051     4.8368     4.8418     0.0050   3.282691   3.283545   0.000906    34.1778    34.1831     5.9849     5.6785    -0.3064    27.0420    27.0456    34.1703    27.0360    1476.51    1476.54     4.8367  1029.1078    34.3327 0.0000e+00
      18063 293.068363  -44.62184  -52.15615      0.921    1484.33    450.000    445.877     4.8600     4.8599    -0.0001     4.8251     4.8249    -0.0001   3.281698   3.282083   0.000385    34.1761    34.1807     6.0466     5.7205    -0.3261    27.0419    27.0456    34.1703    27.0373    1476.48    1476.49     4.8250  1029.1138    34.3326 0.0000e+00
      18093 293.068378  -44.62184  -52.15616      0.847    1484.33    451.000    446.867     4.8523     4.8543     0.0019     4.8173     4.8193     0.0019   3.280862   3.281454   0.000608    34.1741    34.1791     6.1083     5.8034    -0.3049    27.0412    27.0449    34.1680    27.0363    1476.46    1476.48     4.8172  1029.1176    34.3303 0.0000e+00
      18127 293.068394  -44.62184  -52.15616      0.716    1484.33    452.000    447.857     4.8191     4.8230     0.0039     4.7841     4.7880     0.0039   3.277382   3.278221   0.000786    34.1695    34.1746     6.1534     5.8606    -0.2928    27.0413    27.0449    34.1612    27.0347    1476.34    1476.36     4.7841  1029.1209    34.3235 0.0000e+00
      18165 293.068412  -44.62184  -52.15616      0.639    1484.33    453.000    448.847     4.7543     4.7576     0.0033     4.7195     4.7228     0.0033   3.271147   3.271818   0.000701    34.1631    34.1678     6.1575     5.8715    -0.2860    27.0434    27.0468    34.1549    27.0369    1476.08    1476.10     4.7194  1029.1285    34.3171 0.0000e+00
      18201 293.068430  -44.62184  -52.15616      0.663    1484.33    454.000    449.837     4.7318     4.7333     0.0014     4.6970     4.6984     0.0014   3.269157   3.269697   0.000542    34.1605    34.1654     6.1754     5.8801    -0.2953    27.0439    27.0475    34.1544    27.0390    1476.00    1476.01     4.6969  1029.1354    34.3166 0.0000e+00
      18233 293.068445  -44.62184  -52.15616      0.720    1484.33    455.000    450.827     4.7192     4.7208     0.0016     4.6843     4.6859     0.0016   3.268006   3.268566   0.000564    34.1587    34.1635     6.2183     5.9170    -0.3013    27.0438    27.0475    34.1535    27.0397    1475.97    1475.98     4.6842  1029.1409    34.3157 0.0000e+00
      18263 293.068460  -44.62184  -52.15616      0.786    1484.09    456.000    451.816     4.7169     4.7183     0.0013     4.6820     4.6833     0.0013   3.267881   3.268389   0.000518    34.1579    34.1626     6.2380     5.9533    -0.2846    27.0435    27.0470    34.1538    27.0403    1475.97    1475.98     4.6819  1029.1461    34.3161 0.0000e+00
      18291 293.068473  -44.62184  -52.15616      0.839    1483.55    457.000    452.806     4.7169     4.7178     0.0009     4.6819     4.6828     0.0009   3.267944   3.268425   0.000480    34.1575    34.1622     6.2530     5.9662    -0.2868    27.0432    27.0468    34.1541    27.0405    1475.99    1476.00     4.6818  1029.1509    34.3164 0.0000e+00
