Pos-Processados/process_op38/operantar38_022.cnv
* Sea-Bird SBE 9 Data File:
* FileName = D:\OPERANTAR_XXXVIII\DADOS\OP38_022.hdr
* Software Version Seasave V 7.18c
* Temperature SN = 4808
* Conductivity SN = 3380
* Number of Bytes Per Scan = 34
* Number of Voltage Words = 3
* Number of Scans Averaged by the Deck Unit = 1
* NMEA Latitude = 62 12.34 S
* NMEA Longitude = 058 18.00 W
* NMEA UTC (Time) = Nov 22 2019 17:26:52
** H41
** NAVIO POLAR ALMIRANTE MAXIMIANO
** CRUZEIRO:
** OPERANTAR XXXVIII
** ESTAÇÃO: OP38_022
** LAT 62 12,33'S
** LONG 058 18,01'W
** 09P73767-1155_A
** PROFUNDIDADE: 200
** DATA/HORA: 221727Z/NOV/2019
** OPERADOR: SO-HN CHAVES
# nquan = 32
# nvalues = 319                         
# units = specified
# name 0 = scan: Scan Count
# name 1 = timeJ: Julian Days
# name 2 = latitude: Latitude [deg]
# name 3 = longitude: Longitude [deg]
# name 4 = dz/dtM: Descent Rate [m/s]
# name 5 = avgsvCM: Average Sound Velocity [Chen-Millero, m/s]
# name 6 = prDM: Pressure, Digiquartz [db]
# name 7 = depSM: Depth [salt water, m]
# name 8 = t090C: Temperature [ITS-90, deg C]
# name 9 = t190C: Temperature, 2 [ITS-90, deg C]
# name 10 = T2-T190C: Temperature Difference, 2 - 1 [ITS-90, deg C]
# name 11 = potemp090C: Potential Temperature [ITS-90, deg C]
# name 12 = potemp190C: Potential Temperature, 2 [ITS-90, deg C]
# name 13 = potemp90Cdiff: Potential Temperature, Diff, 2 - 1 [ITS-90, deg C]
# name 14 = c0S/m: Conductivity [S/m]
# name 15 = c1S/m: Conductivity, 2 [S/m]
# name 16 = C2-C1S/m: Conductivity Difference, 2 - 1 [S/m]
# name 17 = sal00: Salinity, Practical [PSU]
# name 18 = sal11: Salinity, Practical, 2 [PSU]
# name 19 = sbeox0ML/L: Oxygen, SBE 43 [ml/l]
# name 20 = sbeox1ML/L: Oxygen, SBE 43, 2 [ml/l]
# name 21 = sbeox0ML/Ldiff: Oxygen, SBE 43, Diff, 2 - 1 [ml/l]
# name 22 = sigma-é00: Density [sigma-theta, kg/m^3]
# name 23 = sigma-é11: Density, 2 [sigma-theta, kg/m^3]
# name 24 = sal00: Salinity, Practical [PSU]
# name 25 = sigma-é00: Density [sigma-theta, kg/m^3]
# name 26 = svCM: Sound Velocity [Chen-Millero, m/s]
# name 27 = svCM1: Sound Velocity, 2 [Chen-Millero, m/s]
# name 28 = gsw_ptA0: potential temperature [ITS-90, deg C]
# name 29 = gsw_densityA0: density, TEOS-10 [density, kg/m^3]
# name 30 = gsw_saA0: Absolute Salinity [g/kg]
# name 31 = flag:
# span 0 =       6928,      21572       
# span 1 = 326.730331, 326.737394       
# span 2 =  -62.20580,  -62.20578       
# span 3 =  -58.30022,  -58.30014       
# span 4 =     -0.792,      0.793       
# span 5 =       0.00,    1447.14       
# span 6 =      2.000,    161.000       
# span 7 =      1.984,    159.386       
# span 8 =    -0.6207,    -0.1534       
# span 9 =    -0.6204,    -0.1516       
# span 10 =    -0.0084,     0.0053      
# span 11 =    -0.6256,    -0.1535      
# span 12 =    -0.6252,    -0.1517      
# span 13 =    -0.0084,     0.0053      
# span 14 =   2.801078,   2.825232      
# span 15 =   2.801494,   2.825765      
# span 16 =  -0.000165,   0.000759      
# span 17 =    34.1280,    34.2507      
# span 18 =    34.1330,    34.2560      
# span 19 =     7.1906,     7.7114      
# span 20 =     6.8827,     7.4450      
# span 21 =    -0.3717,    -0.2159      
# span 22 =    27.4100,    27.5310      
# span 23 =    27.4139,    27.5352      
# span 24 =    34.1271,    34.2507      
# span 25 =    27.4098,    27.5309      
# span 26 =    1446.53,    1447.88      
# span 27 =    1446.53,    1447.88      
# span 28 =    -0.6254,    -0.1535      
# span 29 =  1027.4242,  1028.3062      
# span 30 =    34.2918,    34.4175      
# span 31 = 0.0000e+00, 0.0000e+00      
# interval = decibars: 1                
# start_time = Nov 22 2019 17:26:52 [NMEA time, header]
# bad_flag = -9.990e-29
*END*
[from data line 182]
      15414 326.734424  -62.20578  -58.30020     -0.374    1447.10    138.000    136.627    -0.6063    -0.6050     0.0013    -0.6105    -0.6092     0.0013   2.801581   2.802060   0.000476    34.2381    34.2430     7.2510     6.9447    -0.3063    27.5201    27.5240    34.2381    27.5201    1447.55    1447.56    -0.6104  1028.1854    34.4046 0.0000e+00
      15458 326.734445  -62.20578  -58.30020     -0.535    1447.10    137.000    135.640    -0.6049    -0.6044     0.0005    -0.6090    -0.6085     0.0005   2.801611   2.802042   0.000427    34.2374    34.2426     7.2493     6.9380    -0.3114    27.5195    27.5237    34.2375    27.5195    1447.54    1447.55    -0.6090  1028.1801    34.4040 0.0000e+00
      15496 326.734463  -62.20578  -58.30020     -0.635    1447.10    136.000    134.650    -0.6043    -0.6037     0.0006    -0.6084    -0.6078     0.0006   2.801588   2.802019   0.000434    34.2370    34.2422     7.2544     6.9395    -0.3149    27.5191    27.5233    34.2371    27.5192    1447.53    1447.54    -0.6083  1028.1750    34.4036 0.0000e+00
      15538 326.734483  -62.20578  -58.30020     -0.582    1447.10    135.000    133.660    -0.6039    -0.6037     0.0001    -0.6080    -0.6079     0.0001   2.801552   2.801966   0.000415    34.2368    34.2422     7.2585     6.9433    -0.3152    27.5189    27.5233    34.2368    27.5190    1447.51    1447.52    -0.6079  1028.1699    34.4033 0.0000e+00
      15585 326.734506  -62.20578  -58.30020     -0.508    1447.10    134.000    132.673    -0.6040    -0.6038     0.0002    -0.6081    -0.6079     0.0002   2.801502   2.801917   0.000416    34.2369    34.2422     7.2594     6.9451    -0.3143    27.5190    27.5234    34.2369    27.5190    1447.49    1447.50    -0.6080  1028.1652    34.4033 0.0000e+00
      15631 326.734528  -62.20578  -58.30020     -0.525    1447.10    133.000    131.679    -0.6039    -0.6037     0.0002    -0.6080    -0.6077     0.0002   2.801457   2.801866   0.000409    34.2368    34.2420     7.2545     6.9448    -0.3097    27.5189    27.5231    34.2368    27.5189    1447.48    1447.49    -0.6078  1028.1603    34.4032 0.0000e+00
      15681 326.734552  -62.20578  -58.30020     -0.475    1447.10    132.000    130.692    -0.6038    -0.6034     0.0004    -0.6078    -0.6074     0.0004   2.801406   2.801825   0.000420    34.2365    34.2418     7.2536     6.9480    -0.3056    27.5187    27.5229    34.2365    27.5187    1447.46    1447.47    -0.6077  1028.1553    34.4030 0.0000e+00
      15723 326.734573  -62.20578  -58.30020     -0.553    1447.10    131.000    129.699    -0.6033    -0.6030     0.0003    -0.6073    -0.6070     0.0003   2.801374   2.801795   0.000422    34.2361    34.2415     7.2630     6.9412    -0.3218    27.5184    27.5227    34.2362    27.5184    1447.45    1447.46    -0.6072  1028.1502    34.4026 0.0000e+00
      15758 326.734590  -62.20578  -58.30020     -0.674    1447.10    130.000    128.711    -0.6023    -0.6021     0.0002    -0.6062    -0.6061     0.0002   2.801362   2.801777   0.000416    34.2355    34.2409     7.2567     6.9455    -0.3112    27.5178    27.5222    34.2355    27.5178    1447.44    1447.44    -0.6062  1028.1449    34.4019 0.0000e+00
      15797 326.734608  -62.20578  -58.30020     -0.641    1447.10    129.000    127.722    -0.6018    -0.6016     0.0002    -0.6057    -0.6055     0.0002   2.801328   2.801745   0.000418    34.2351    34.2405     7.2575     6.9503    -0.3071    27.5174    27.5218    34.2351    27.5175    1447.42    1447.43    -0.6056  1028.1397    34.4015 0.0000e+00
      15843 326.734631  -62.20578  -58.30022     -0.518    1447.10    128.000    126.732    -0.6017    -0.6014     0.0003    -0.6056    -0.6053     0.0003   2.801281   2.801705   0.000424    34.2350    34.2404     7.2672     6.9572    -0.3099    27.5174    27.5217    34.2350    27.5174    1447.41    1447.41    -0.6055  1028.1349    34.4014 0.0000e+00
      15889 326.734653  -62.20578  -58.30022     -0.521    1447.10    127.000    125.742    -0.6015    -0.6013     0.0002    -0.6054    -0.6052     0.0002   2.801243   2.801659   0.000417    34.2348    34.2402     7.2709     6.9503    -0.3206    27.5173    27.5216    34.2349    27.5173    1447.39    1447.40    -0.6053  1028.1300    34.4013 0.0000e+00
      15930 326.734672  -62.20578  -58.30022     -0.587    1447.10    126.000    124.753    -0.6009    -0.6006     0.0003    -0.6047    -0.6044     0.0003   2.801209   2.801626   0.000416    34.2343    34.2395     7.2609     6.9462    -0.3146    27.5168    27.5210    34.2343    27.5168    1447.37    1447.38    -0.6046  1028.1247    34.4007 0.0000e+00
      15970 326.734692  -62.20578  -58.30022     -0.596    1447.10    125.000    123.763    -0.5999    -0.5994     0.0005    -0.6037    -0.6032     0.0005   2.801175   2.801602   0.000428    34.2333    34.2385     7.2616     6.9530    -0.3086    27.5159    27.5201    34.2334    27.5160    1447.36    1447.37    -0.6036  1028.1191    34.3998 0.0000e+00
      16008 326.734710  -62.20578  -58.30022     -0.618    1447.10    124.000    122.773    -0.5990    -0.5988     0.0003    -0.6028    -0.6025     0.0003   2.801140   2.801561   0.000421    34.2325    34.2378     7.2727     6.9552    -0.3175    27.5152    27.5195    34.2326    27.5153    1447.35    1447.36    -0.6027  1028.1136    34.3989 0.0000e+00
      16048 326.734729  -62.20578  -58.30022     -0.620    1447.10    123.000    121.783    -0.5977    -0.5972     0.0005    -0.6015    -0.6009     0.0005   2.801128   2.801552   0.000421    34.2314    34.2365     7.2794     6.9563    -0.3231    27.5143    27.5184    34.2315    27.5144    1447.34    1447.35    -0.6014  1028.1080    34.3979 0.0000e+00
      16093 326.734751  -62.20578  -58.30022     -0.526    1447.10    122.000    120.793    -0.5953    -0.5944     0.0009    -0.5990    -0.5981     0.0009   2.801147   2.801588   0.000443    34.2294    34.2344     7.2804     6.9739    -0.3065    27.5126    27.5166    34.2296    27.5127    1447.33    1447.34    -0.5989  1028.1015    34.3959 0.0000e+00
      16138 326.734773  -62.20578  -58.30022     -0.530    1447.10    121.000    119.803    -0.5941    -0.5942    -0.0001    -0.5978    -0.5979    -0.0001   2.801133   2.801543   0.000410    34.2286    34.2343     7.2897     6.9708    -0.3189    27.5119    27.5165    34.2287    27.5120    1447.32    1447.33    -0.5977  1028.0960    34.3950 0.0000e+00
      16178 326.734792  -62.20578  -58.30022     -0.598    1447.10    120.000    118.813    -0.5945    -0.5941     0.0003    -0.5981    -0.5978     0.0003   2.801078   2.801494   0.000417    34.2289    34.2342     7.2931     6.9724    -0.3207    27.5121    27.5164    34.2290    27.5122    1447.30    1447.31    -0.5981  1028.0914    34.3953 0.0000e+00
      16218 326.734812  -62.20578  -58.30022     -0.596    1447.10    119.000    117.825    -0.5894    -0.5898    -0.0005    -0.5930    -0.5935    -0.0005   2.801229   2.801620   0.000392    34.2255    34.2313     7.2939     6.9719    -0.3220    27.5092    27.5139    34.2259    27.5095    1447.30    1447.31    -0.5929  1028.0839    34.3921 0.0000e+00
      16259 326.734831  -62.20578  -58.30022     -0.586    1447.10    118.000    116.833    -0.5831    -0.5828     0.0003    -0.5867    -0.5864     0.0003   2.801399   2.801810   0.000414    34.2213    34.2265     7.2963     6.9837    -0.3126    27.5055    27.5097    34.2217    27.5058    1447.31    1447.32    -0.5866  1028.0754    34.3880 0.0000e+00
      16300 326.734851  -62.20578  -58.30022     -0.589    1447.10    117.000    115.844    -0.5785    -0.5790    -0.0005    -0.5821    -0.5826    -0.0005   2.801517   2.801909   0.000394    34.2183    34.2241     7.3124     6.9928    -0.3196    27.5028    27.5076    34.2187    27.5032    1447.31    1447.32    -0.5820  1028.0680    34.3850 0.0000e+00
      16343 326.734872  -62.20578  -58.30022     -0.560    1447.10    116.000    114.854    -0.5752    -0.5755    -0.0004    -0.5787    -0.5791    -0.0004   2.801595   2.801991   0.000394    34.2162    34.2219     7.3340     7.0168    -0.3172    27.5010    27.5056    34.2167    27.5014    1447.31    1447.31    -0.5787  1028.0614    34.3828 0.0000e+00
      16385 326.734892  -62.20578  -58.30022     -0.573    1447.10    115.000    113.864    -0.5736    -0.5733     0.0003    -0.5771    -0.5768     0.0003   2.801632   2.802048   0.000416    34.2155    34.2208     7.3486     7.0241    -0.3246    27.5004    27.5047    34.2159    27.5007    1447.30    1447.31    -0.5770  1028.0559    34.3821 0.0000e+00
      16424 326.734911  -62.20578  -58.30022     -0.609    1447.10    114.000    112.875    -0.5715    -0.5723    -0.0009    -0.5749    -0.5758    -0.0009   2.801702   2.802054   0.000361    34.2146    34.2204     7.3528     7.0247    -0.3281    27.4995    27.5043    34.2151    27.5000    1447.29    1447.30    -0.5749  1028.0504    34.3813 0.0000e+00
      16466 326.734931  -62.20578  -58.30021     -0.578    1447.10    113.000    111.885    -0.5688    -0.5690    -0.0002    -0.5722    -0.5725    -0.0002   2.801793   2.802198   0.000401    34.2135    34.2191     7.3532     7.0279    -0.3253    27.4986    27.5031    34.2140    27.4989    1447.29    1447.29    -0.5722  1028.0445    34.3801 0.0000e+00
      16512 326.734953  -62.20578  -58.30020     -0.525    1447.10    112.000    110.895    -0.5665    -0.5661     0.0004    -0.5699    -0.5695     0.0004   2.801853   2.802279   0.000426    34.2124    34.2177     7.3563     7.0325    -0.3239    27.4975    27.5018    34.2128    27.4978    1447.28    1447.29    -0.5698  1028.0387    34.3789 0.0000e+00
      16555 326.734974  -62.20578  -58.30020     -0.551    1447.10    111.000    109.905    -0.5656    -0.5655     0.0001    -0.5690    -0.5689     0.0001   2.801861   2.802271   0.000409    34.2122    34.2176     7.3603     7.0389    -0.3214    27.4973    27.5017    34.2125    27.4976    1447.27    1447.27    -0.5689  1028.0336    34.3786 0.0000e+00
      16594 326.734993  -62.20578  -58.30020     -0.605    1447.10    110.000    108.915    -0.5651    -0.5654    -0.0003    -0.5684    -0.5688    -0.0003   2.801843   2.802238   0.000396    34.2121    34.2177     7.3684     7.0499    -0.3185    27.4972    27.5018    34.2123    27.4974    1447.25    1447.26    -0.5684  1028.0286    34.3784 0.0000e+00
      16634 326.735012  -62.20578  -58.30020     -0.604    1447.10    109.000    107.928    -0.5644    -0.5644     0.0001    -0.5677    -0.5677     0.0001   2.801829   2.802239   0.000410    34.2117    34.2172     7.3622     7.0558    -0.3064    27.4969    27.5013    34.2119    27.4971    1447.24    1447.25    -0.5676  1028.0236    34.3780 0.0000e+00
      16675 326.735032  -62.20578  -58.30020     -0.592    1447.10    108.000    106.932    -0.5639    -0.5638     0.0001    -0.5672    -0.5671     0.0001   2.801803   2.802219   0.000417    34.2115    34.2170     7.3662     7.0557    -0.3105    27.4967    27.5011    34.2117    27.4969    1447.23    1447.23    -0.5671  1028.0185    34.3777 0.0000e+00
      16717 326.735052  -62.20578  -58.30020     -0.578    1447.10    107.000    105.945    -0.5636    -0.5635     0.0002    -0.5669    -0.5667     0.0002   2.801766   2.802184   0.000416    34.2113    34.2167     7.3679     7.0611    -0.3068    27.4965    27.5009    34.2114    27.4966    1447.21    1447.22    -0.5668  1028.0136    34.3775 0.0000e+00
      16762 326.735074  -62.20578  -58.30020     -0.530    1447.10    106.000    104.955    -0.5632    -0.5630     0.0002    -0.5664    -0.5662     0.0002   2.801745   2.802160   0.000417    34.2111    34.2165     7.3624     7.0606    -0.3018    27.4964    27.5007    34.2113    27.4965    1447.19    1447.20    -0.5664  1028.0086    34.3773 0.0000e+00
      16805 326.735095  -62.20578  -58.30020     -0.549    1447.10    105.000    103.966    -0.5618    -0.5618    -0.0001    -0.5650    -0.5650    -0.0001   2.801769   2.802175   0.000405    34.2104    34.2160     7.3679     7.0477    -0.3202    27.4958    27.5002    34.2106    27.4959    1447.18    1447.19    -0.5649  1028.0032    34.3766 0.0000e+00
      16846 326.735114  -62.20578  -58.30020     -0.593    1447.10    104.000    102.976    -0.5601    -0.5595     0.0006    -0.5633    -0.5627     0.0006   2.801803   2.802233   0.000425    34.2096    34.2147     7.3706     7.0519    -0.3187    27.4950    27.4991    34.2098    27.4952    1447.18    1447.19    -0.5632  1027.9977    34.3758 0.0000e+00
      16886 326.735134  -62.20578  -58.30020     -0.591    1447.10    103.000    101.986    -0.5572    -0.5563     0.0010    -0.5604    -0.5594     0.0010   2.801892   2.802350   0.000457    34.2081    34.2131     7.3687     7.0599    -0.3088    27.4936    27.4977    34.2084    27.4939    1447.17    1447.18    -0.5603  1027.9916    34.3744 0.0000e+00
      16927 326.735153  -62.20578  -58.30020     -0.597    1447.10    102.000    100.996    -0.5537    -0.5532     0.0005    -0.5568    -0.5563     0.0005   2.802032   2.802460   0.000433    34.2065    34.2119     7.3753     7.0616    -0.3138    27.4922    27.4965    34.2069    27.4925    1447.17    1447.18    -0.5567  1027.9855    34.3729 0.0000e+00
      16970 326.735174  -62.20578  -58.30020     -0.556    1447.10    101.000    100.006    -0.5517    -0.5518    -0.0001    -0.5547    -0.5549    -0.0001   2.802081   2.802486   0.000403    34.2056    34.2111     7.3834     7.0697    -0.3137    27.4914    27.4959    34.2059    27.4916    1447.16    1447.17    -0.5547  1027.9798    34.3718 0.0000e+00
      17013 326.735195  -62.20578  -58.30020     -0.558    1447.10    100.000     99.016    -0.5504    -0.5506    -0.0001    -0.5535    -0.5536    -0.0001   2.802112   2.802509   0.000399    34.2052    34.2107     7.3942     7.0760    -0.3182    27.4910    27.4955    34.2055    27.4913    1447.15    1447.16    -0.5534  1027.9746    34.3715 0.0000e+00
      17051 326.735213  -62.20578  -58.30020     -0.623    1447.10     99.000     98.026    -0.5464    -0.5465    -0.0002    -0.5494    -0.5496    -0.0002   2.802297   2.802687   0.000391    34.2036    34.2091     7.3915     7.0799    -0.3117    27.4895    27.4939    34.2040    27.4899    1447.15    1447.16    -0.5493  1027.9684    34.3699 0.0000e+00
      17090 326.735232  -62.20578  -58.30020     -0.616    1447.10     98.000     97.039    -0.5448    -0.5442     0.0006    -0.5477    -0.5472     0.0006   2.802324   2.802758   0.000431    34.2029    34.2080     7.4045     7.0759    -0.3286    27.4889    27.4930    34.2032    27.4891    1447.14    1447.15    -0.5477  1027.9629    34.3691 0.0000e+00
      17133 326.735253  -62.20578  -58.30020     -0.560    1447.10     97.000     96.044    -0.5436    -0.5432     0.0004    -0.5465    -0.5461     0.0004   2.802342   2.802773   0.000432    34.2024    34.2078     7.4021     7.0786    -0.3234    27.4884    27.4927    34.2027    27.4887    1447.13    1447.14    -0.5465  1027.9576    34.3686 0.0000e+00
      17176 326.735273  -62.20578  -58.30020     -0.561    1447.10     96.000     95.056    -0.5429    -0.5428     0.0001    -0.5458    -0.5457     0.0001   2.802335   2.802741   0.000407    34.2022    34.2076     7.4065     7.0834    -0.3231    27.4882    27.4926    34.2024    27.4884    1447.12    1447.12    -0.5458  1027.9526    34.3683 0.0000e+00
      17215 326.735292  -62.20578  -58.30020     -0.603    1447.10     95.000     94.066    -0.5424    -0.5422     0.0002    -0.5453    -0.5451     0.0002   2.802315   2.802728   0.000413    34.2020    34.2074     7.4030     7.0832    -0.3198    27.4881    27.4924    34.2022    27.4883    1447.10    1447.11    -0.5452  1027.9476    34.3681 0.0000e+00
