Pos-Processados/process_op38/operantar38_017b.ros
* Sea-Bird SBE 9 Data File:
* FileName = D:\OPERANTAR_XXXVIII\DADOS\OP38_017b.hdr
* Software Version Seasave V 7.18c
* Temperature SN = 4808
* Conductivity SN = 3380
* Number of Bytes Per Scan = 34
* Number of Voltage Words = 3
* Number of Scans Averaged by the Deck Unit = 1
* NMEA Latitude = 62 16.17 S
* NMEA Longitude = 058 26.27 W
* NMEA UTC (Time) = Nov 05 2019 15:20:15
** H41
** NAVIO POLAR ALMIRANTE MAXIMIANO
** CRUZEIRO:
** OPERANTAR XXXVIII
** ESTAÇÃO: OP38_017b
** LAT 62 16,17' S
** LONG 058 26,24' W
** 09P73767-1155_A
** PROFUNDIDADE: 110
** DATA/HORA: 0511521Z/NOV/2019
** OPERADOR: SO-HN CHAVES
# nquan = 26
# nvalues = 1879                                  
# units = specified
# name 0 = scan: Scan Count
# name 1 = timeJ: Julian Days
# name 2 = latitude: Latitude [deg]
# name 3 = longitude: Longitude [deg]
# name 4 = dz/dtM: Descent Rate [m/s]
# name 5 = avgsvCM: Average Sound Velocity [Chen-Millero, m/s]
# name 6 = prDM: Pressure, Digiquartz [db]
# name 7 = depSM: Depth [salt water, m]
# name 8 = t090C: Temperature [ITS-90, deg C]
# name 9 = t190C: Temperature, 2 [ITS-90, deg C]
# name 10 = T2-T190C: Temperature Difference, 2 - 1 [ITS-90, deg C]
# name 11 = potemp090C: Potential Temperature [ITS-90, deg C]
# name 12 = potemp190C: Potential Temperature, 2 [ITS-90, deg C]
# name 13 = potemp90Cdiff: Potential Temperature, Diff, 2 - 1 [ITS-90, deg C]
# name 14 = c0S/m: Conductivity [S/m]
# name 15 = c1S/m: Conductivity, 2 [S/m]
# name 16 = C2-C1S/m: Conductivity Difference, 2 - 1 [S/m]
# name 17 = sal00: Salinity, Practical [PSU]
# name 18 = sal11: Salinity, Practical, 2 [PSU]
# name 19 = sbeox0ML/L: Oxygen, SBE 43 [ml/l]
# name 20 = sbeox1ML/L: Oxygen, SBE 43, 2 [ml/l]
# name 21 = sbeox0ML/Ldiff: Oxygen, SBE 43, Diff, 2 - 1 [ml/l]
# name 22 = sigma-é00: Density [sigma-theta, kg/m^3]
# name 23 = sigma-é11: Density, 2 [sigma-theta, kg/m^3]
# name 24 = nbf: Bottles Fired
# name 25 = flag:  0.000e+00
# interval = seconds: 0.0416667
# start_time = Nov 05 2019 15:20:15 [NMEA time, header]
# bad_flag = -9.990e-29
*END*
[from data line 223]
        597 309.639350  -62.26952  -58.43788      0.139       0.00      2.593      2.568    -0.8672    -0.8701    -0.0028    -0.8673    -0.8701    -0.0028   2.770038   2.770117   0.000079    34.1908    34.1951     7.4739     7.2213    -0.2525    27.4925    27.4960          2  0.000e+00
        598 309.639350  -62.26952  -58.43788      0.127       0.00      2.545      2.520    -0.8664    -0.8701    -0.0037    -0.8664    -0.8701    -0.0037   2.770092   2.770220   0.000128    34.1906    34.1966     7.4745     7.2262    -0.2483    27.4922    27.4972          2  0.000e+00
        599 309.639351  -62.26952  -58.43788      0.111       0.00      2.545      2.520    -0.8643    -0.8687    -0.0044    -0.8644    -0.8688    -0.0044   2.770265   2.770347   0.000081    34.1907    34.1967     7.4688     7.2261    -0.2427    27.4922    27.4973          2  0.000e+00
        600 309.639351  -62.26952  -58.43788      0.098       0.00      2.545      2.520    -0.8617    -0.8682    -0.0065    -0.8618    -0.8683    -0.0065   2.770469   2.770404  -0.000064    34.1904    34.1969     7.4778     7.2274    -0.2504    27.4919    27.4975          2  0.000e+00
        601 309.639352  -62.26952  -58.43788      0.087       0.00      2.593      2.568    -0.8609    -0.8669    -0.0059    -0.8610    -0.8669    -0.0059   2.770558   2.770450  -0.000108    34.1907    34.1960     7.4783     7.2275    -0.2508    27.4921    27.4966          2  0.000e+00
        602 309.639352  -62.26952  -58.43788      0.072       0.00      2.497      2.473    -0.8599    -0.8665    -0.0066    -0.8600    -0.8666    -0.0066   2.770630   2.770536  -0.000094    34.1906    34.1968     7.4733     7.2288    -0.2445    27.4920    27.4973          2  0.000e+00
        603 309.639353  -62.26952  -58.43788      0.058       0.00      2.497      2.473    -0.8590    -0.8653    -0.0062    -0.8591    -0.8654    -0.0062   2.770714   2.770605  -0.000109    34.1908    34.1964     7.4780     7.2242    -0.2538    27.4921    27.4969          2  0.000e+00
        604 309.639353  -62.26952  -58.43788      0.044       0.00      2.511      2.486    -0.8585    -0.8651    -0.0066    -0.8586    -0.8652    -0.0066   2.770737   2.770639  -0.000098    34.1905    34.1967     7.4783     7.2234    -0.2549    27.4918    27.4971          2  0.000e+00
        605 309.639354  -62.26952  -58.43788      0.030       0.00      2.497      2.473    -0.8583    -0.8654    -0.0071    -0.8584    -0.8655    -0.0071   2.770755   2.770645  -0.000110    34.1905    34.1971     7.4785     7.2240    -0.2545    27.4918    27.4975          2  0.000e+00
        606 309.639354  -62.26952  -58.43788      0.017       0.00      2.497      2.473    -0.8578    -0.8650    -0.0072    -0.8578    -0.8650    -0.0072   2.770779   2.770645  -0.000134    34.1902    34.1966     7.4743     7.2233    -0.2509    27.4916    27.4970          2  0.000e+00
        607 309.639355  -62.26952  -58.43788      0.002       0.00      2.442      2.419    -0.8578    -0.8642    -0.0064    -0.8579    -0.8643    -0.0064   2.770767   2.770703  -0.000065    34.1901    34.1965     7.4744     7.2226    -0.2518    27.4915    27.4969          2  0.000e+00
        608 309.639355  -62.26952  -58.43788     -0.008       0.00      2.497      2.473    -0.8581    -0.8642    -0.0062    -0.8581    -0.8643    -0.0062   2.770761   2.770760  -0.000001    34.1903    34.1973     7.4799     7.2221    -0.2577    27.4917    27.4975          2  0.000e+00
        609 309.639356  -62.26952  -58.43788     -0.023       0.00      2.442      2.419    -0.8583    -0.8628    -0.0045    -0.8584    -0.8629    -0.0045   2.770702   2.770800   0.000099    34.1898    34.1963     7.4800     7.2214    -0.2586    27.4913    27.4967          2  0.000e+00
        610 309.639356  -62.26952  -58.43788     -0.036       0.00      2.442      2.419    -0.8598    -0.8624    -0.0026    -0.8599    -0.8624    -0.0026   2.770600   2.770846   0.000246    34.1901    34.1964     7.4811     7.2209    -0.2602    27.4916    27.4968          2  0.000e+00
        611 309.639357  -62.26952  -58.43788     -0.048       0.00      2.442      2.419    -0.8608    -0.8617    -0.0009    -0.8609    -0.8618    -0.0009   2.770498   2.770875   0.000377    34.1899    34.1960     7.4812     7.2204    -0.2608    27.4915    27.4965          2  0.000e+00
        612 309.639357  -62.26952  -58.43788     -0.060       0.00      2.394      2.371    -0.8618    -0.8608     0.0010    -0.8619    -0.8609     0.0010   2.770433   2.770921   0.000488    34.1902    34.1956     7.4812     7.2199    -0.2613    27.4917    27.4961          2  0.000e+00
        613 309.639358  -62.26952  -58.43788     -0.074       0.00      2.394      2.371    -0.8622    -0.8610     0.0012    -0.8622    -0.8610     0.0012   2.770397   2.770955   0.000559    34.1901    34.1963     7.4758     7.2197    -0.2561    27.4917    27.4966          2  0.000e+00
        614 309.639358  -62.26952  -58.43788     -0.083       0.00      2.442      2.419    -0.8623    -0.8613     0.0010    -0.8624    -0.8613     0.0010   2.770409   2.770938   0.000529    34.1904    34.1964     7.4747     7.2196    -0.2551    27.4919    27.4967          2  0.000e+00
        615 309.639359  -62.26952  -58.43788     -0.097       0.00      2.346      2.324    -0.8627    -0.8611     0.0015    -0.8627    -0.8612     0.0015   2.770361   2.770892   0.000531    34.1902    34.1956     7.4743     7.2193    -0.2550    27.4917    27.4961          2  0.000e+00
        616 309.639359  -62.26952  -58.43788     -0.106       0.00      2.415      2.392    -0.8628    -0.8616     0.0012    -0.8628    -0.8617     0.0012   2.770361   2.770863   0.000503    34.1902    34.1957     7.4740     7.2194    -0.2546    27.4918    27.4962          2  0.000e+00
        617 309.639360  -62.26952  -58.43788     -0.118       0.00      2.346      2.324    -0.8630    -0.8616     0.0014    -0.8631    -0.8617     0.0014   2.770349   2.770858   0.000509    34.1904    34.1957     7.4787     7.2252    -0.2535    27.4919    27.4962          2  0.000e+00
        618 309.639360  -62.26952  -58.43788     -0.125       0.00      2.442      2.419    -0.8635    -0.8614     0.0021    -0.8636    -0.8615     0.0021   2.770319   2.770858   0.000539    34.1905    34.1955     7.4792     7.2264    -0.2528    27.4921    27.4960          2  0.000e+00
        619 309.639361  -62.26952  -58.43788     -0.135       0.00      2.346      2.324    -0.8635    -0.8613     0.0022    -0.8635    -0.8613     0.0022   2.770313   2.770892   0.000579    34.1904    34.1958     7.4793     7.2273    -0.2519    27.4920    27.4963          2  0.000e+00
        620 309.639361  -62.26952  -58.43788     -0.146       0.00      2.346      2.324    -0.8634    -0.8605     0.0029    -0.8635    -0.8606     0.0029   2.770295   2.770950   0.000654    34.1901    34.1957     7.4794     7.2224    -0.2570    27.4917    27.4962          2  0.000e+00
        621 309.639361  -62.26952  -58.43788     -0.155       0.00      2.292      2.270    -0.8631    -0.8605     0.0026    -0.8632    -0.8606     0.0026   2.770325   2.770961   0.000636    34.1902    34.1959     7.4793     7.2223    -0.2570    27.4918    27.4963          2  0.000e+00
        622 309.639362  -62.26952  -58.43788     -0.165       0.00      2.346      2.324    -0.8629    -0.8607     0.0023    -0.8630    -0.8607     0.0023   2.770343   2.770961   0.000618    34.1902    34.1961     7.4793     7.2225    -0.2569    27.4918    27.4964          2  0.000e+00
        623 309.639362  -62.26952  -58.43788     -0.172       0.00      2.346      2.324    -0.8625    -0.8601     0.0025    -0.8626    -0.8601     0.0025   2.770379   2.770938   0.000559    34.1903    34.1951     7.4792     7.2225    -0.2567    27.4918    27.4956          2  0.000e+00
        624 309.639363  -62.26952  -58.43788     -0.175       0.00      2.346      2.324    -0.8622    -0.8608     0.0014    -0.8622    -0.8609     0.0014   2.770415   2.770932   0.000518    34.1904    34.1958     7.4790     7.2227    -0.2562    27.4919    27.4962          2  0.000e+00
        625 309.639363  -62.26952  -58.43788     -0.184       0.00      2.292      2.270    -0.8621    -0.8605     0.0016    -0.8622    -0.8606     0.0016   2.770421   2.770932   0.000512    34.1904    34.1955     7.4787     7.2228    -0.2559    27.4919    27.4960          2  0.000e+00
        626 309.639364  -62.26952  -58.43788     -0.185       0.00      2.346      2.324    -0.8622    -0.8602     0.0020    -0.8622    -0.8603     0.0020   2.770421   2.770950   0.000529    34.1904    34.1954     7.4837     7.2231    -0.2606    27.4919    27.4959          2  0.000e+00
        627 309.639364  -62.26952  -58.43788     -0.188       0.00      2.312      2.290    -0.8620    -0.8611     0.0009    -0.8621    -0.8612     0.0009   2.770421   2.770978   0.000558    34.1903    34.1968     7.4840     7.2293    -0.2547    27.4918    27.4971          2  0.000e+00
        628 309.639365  -62.26952  -58.43788     -0.195       0.00      2.292      2.270    -0.8617    -0.8603     0.0014    -0.8618    -0.8604     0.0014   2.770439   2.771007   0.000568    34.1902    34.1964     7.4843     7.2294    -0.2549    27.4917    27.4967          2  0.000e+00
        629 309.639365  -62.26952  -58.43788     -0.196       0.00      2.292      2.270    -0.8617    -0.8605     0.0011    -0.8617    -0.8606     0.0011   2.770403   2.770972   0.000570    34.1896    34.1961     7.4793     7.2238    -0.2556    27.4913    27.4964          2  0.000e+00
        630 309.639366  -62.26952  -58.43788     -0.198       0.00      2.292      2.270    -0.8614    -0.8599     0.0015    -0.8615    -0.8599     0.0015   2.770433   2.770978   0.000546    34.1898    34.1954     7.4787     7.2239    -0.2548    27.4914    27.4959          2  0.000e+00
        631 309.639366  -62.26952  -58.43788     -0.202       0.00      2.292      2.270    -0.8612    -0.8603     0.0009    -0.8613    -0.8604     0.0009   2.770468   2.770967   0.000498    34.1900    34.1958     7.4779     7.2243    -0.2536    27.4915    27.4962          2  0.000e+00
        632 309.639367  -62.26952  -58.43788     -0.204       0.00      2.244      2.222    -0.8616    -0.8603     0.0013    -0.8617    -0.8604     0.0013   2.770474   2.770944   0.000469    34.1906    34.1955     7.4832     7.2234    -0.2598    27.4920    27.4960          2  0.000e+00
        633 309.639367  -62.26952  -58.43788     -0.200       0.00      2.346      2.324    -0.8614    -0.8602     0.0012    -0.8614    -0.8603     0.0012   2.770474   2.770955   0.000481    34.1902    34.1955     7.4780     7.2238    -0.2543    27.4918    27.4959          2  0.000e+00
        634 309.639368  -62.26952  -58.43788     -0.198       0.00      2.292      2.270    -0.8610    -0.8603     0.0006    -0.8610    -0.8604     0.0006   2.770492   2.770961   0.000469    34.1901    34.1957     7.4822     7.2241    -0.2581    27.4916    27.4962          2  0.000e+00
        635 309.639368  -62.26952  -58.43788     -0.202       0.00      2.244      2.222    -0.8611    -0.8603     0.0007    -0.8611    -0.8604     0.0007   2.770480   2.770961   0.000481    34.1901    34.1958     7.4820     7.2245    -0.2575    27.4916    27.4962          2  0.000e+00
        636 309.639369  -62.26952  -58.43788     -0.198       0.00      2.292      2.270    -0.8613    -0.8602     0.0011    -0.8614    -0.8603     0.0011   2.770474   2.770978   0.000504    34.1902    34.1958     7.4826     7.2250    -0.2576    27.4917    27.4962          2  0.000e+00
        637 309.639369  -62.26952  -58.43788     -0.197       0.00      2.244      2.222    -0.8614    -0.8599     0.0015    -0.8614    -0.8599     0.0015   2.770510   2.771007   0.000497    34.1908    34.1959     7.4830     7.2254    -0.2576    27.4922    27.4962          2  0.000e+00
        638 309.639370  -62.26952  -58.43788     -0.193       0.00      2.312      2.290    -0.8613    -0.8599     0.0014    -0.8614    -0.8599     0.0014   2.770504   2.771013   0.000508    34.1906    34.1959     7.4826     7.2261    -0.2566    27.4920    27.4963          2  0.000e+00
        639 309.639370  -62.26952  -58.43788     -0.187       0.00      2.292      2.270    -0.8613    -0.8603     0.0010    -0.8614    -0.8604     0.0010   2.770480   2.771030   0.000549    34.1903    34.1967     7.4821     7.2255    -0.2566    27.4918    27.4969          2  0.000e+00
        640 309.639371  -62.26952  -58.43788     -0.187       0.00      2.244      2.222    -0.8612    -0.8603     0.0009    -0.8613    -0.8604     0.0009   2.770450   2.770984   0.000533    34.1898    34.1961     7.4823     7.2261    -0.2561    27.4914    27.4964          2  0.000e+00
        641 309.639371  -62.26952  -58.43788     -0.180       0.00      2.244      2.222    -0.8613    -0.8601     0.0013    -0.8614    -0.8601     0.0013   2.770462   2.770984   0.000521    34.1901    34.1958     7.4824     7.2326    -0.2497    27.4916    27.4962          2  0.000e+00
        642 309.639372  -62.26952  -58.43788     -0.175       0.00      2.292      2.270    -0.8614    -0.8600     0.0013    -0.8614    -0.8601     0.0013   2.770492   2.770990   0.000497    34.1905    34.1958     7.4773     7.2274    -0.2499    27.4920    27.4962          2  0.000e+00
        643 309.639372  -62.26952  -58.43788     -0.169       0.00      2.292      2.270    -0.8616    -0.8601     0.0015    -0.8617    -0.8601     0.0015   2.770498   2.770990   0.000491    34.1909    34.1958     7.4818     7.2269    -0.2549    27.4923    27.4962          2  0.000e+00
        644 309.639373  -62.26952  -58.43788     -0.165       0.00      2.244      2.222    -0.8612    -0.8603     0.0009    -0.8613    -0.8604     0.0009   2.770462   2.770972   0.000510    34.1899    34.1959     7.4868     7.2264    -0.2605    27.4915    27.4963          2  0.000e+00
        645 309.639373  -62.26952  -58.43788     -0.160       0.00      2.292      2.270    -0.8616    -0.8603     0.0013    -0.8617    -0.8604     0.0013   2.770445   2.770961   0.000516    34.1901    34.1957     7.4824     7.2259    -0.2565    27.4917    27.4962          2  0.000e+00
        646 309.639374  -62.26952  -58.43788     -0.154       0.00      2.244      2.222    -0.8615    -0.8603     0.0012    -0.8616    -0.8604     0.0012   2.770480   2.770961   0.000481    34.1906    34.1958     7.4822     7.2253    -0.2568    27.4920    27.4962          2  0.000e+00
        647 309.639374  -62.26952  -58.43788     -0.148       0.00      2.292      2.270    -0.8616    -0.8608     0.0008    -0.8617    -0.8609     0.0008   2.770480   2.770944   0.000463    34.1906    34.1960     7.4820     7.2262    -0.2558    27.4921    27.4964          2  0.000e+00
        648 309.639375  -62.26952  -58.43788     -0.144       0.00      2.244      2.222    -0.8614    -0.8608     0.0006    -0.8614    -0.8609     0.0006   2.770492   2.770915   0.000423    34.1906    34.1957     7.4807     7.2268    -0.2539    27.4920    27.4961          2  0.000e+00
        649 309.639375  -62.26952  -58.43788     -0.135       0.00      2.312      2.290    -0.8616    -0.8607     0.0009    -0.8617    -0.8607     0.0009   2.770516   2.770927   0.000410    34.1911    34.1956     7.4812     7.2277    -0.2536    27.4925    27.4961          2  0.000e+00
        650 309.639375  -62.26952  -58.43788     -0.126       0.00      2.244      2.222    -0.8612    -0.8610     0.0002    -0.8613    -0.8610     0.0002   2.770504   2.770949   0.000445    34.1905    34.1963     7.4814     7.2284    -0.2530    27.4920    27.4967          2  0.000e+00
        651 309.639376  -62.26952  -58.43788     -0.120       0.00      2.292      2.270    -0.8616    -0.8611     0.0005    -0.8617    -0.8612     0.0005   2.770498   2.770944   0.000445    34.1909    34.1964     7.4811     7.2353    -0.2458    27.4923    27.4967          2  0.000e+00
