Pos-Processados/process_op38/operantar38_006.cnv
* Sea-Bird SBE 9 Data File:
* FileName = D:\OPERANTAR_XXXVIII\DADOS\OP38_006.hdr
* Software Version Seasave V 7.18c
* Temperature SN = 4808
* Conductivity SN = 3380
* Number of Bytes Per Scan = 31
* Number of Voltage Words = 2
* Number of Scans Averaged by the Deck Unit = 1
* NMEA Latitude = 45 04.05 S
* NMEA Longitude = 051 28.82 W
* NMEA UTC (Time) = Oct 19 2019 17:49:21
** H41
** NAVIO POLAR ALMIRANTE MAXIMIANO
** CRUZEIRO:
** OPERANTAR XXXVIII
** ESTAวรO: OP38_006
** LAT 45บ 04,05' S
** LONG 051บ 28,85' W
** 09P73767-1155
** PROFUNDIDADE: 5872
** DATA/HORA: 191750Z/OUT/2019
** OPERADOR: SO-HN CHAVES
# nquan = 33
# nvalues = 2075                        
# units = specified
# name 0 = scan: Scan Count
# name 1 = timeJ: Julian Days
# name 2 = latitude: Latitude [deg]
# name 3 = longitude: Longitude [deg]
# name 4 = dz/dtM: Descent Rate [m/s]
# name 5 = avgsvCM: Average Sound Velocity [Chen-Millero, m/s]
# name 6 = prDM: Pressure, Digiquartz [db]
# name 7 = depSM: Depth [salt water, m]
# name 8 = t090C: Temperature [ITS-90, deg C]
# name 9 = t190C: Temperature, 2 [ITS-90, deg C]
# name 10 = T2-T190C: Temperature Difference, 2 - 1 [ITS-90, deg C]
# name 11 = potemp090C: Potential Temperature [ITS-90, deg C]
# name 12 = potemp190C: Potential Temperature, 2 [ITS-90, deg C]
# name 13 = potemp90Cdiff: Potential Temperature, Diff, 2 - 1 [ITS-90, deg C]
# name 14 = c0S/m: Conductivity [S/m]
# name 15 = c1S/m: Conductivity, 2 [S/m]
# name 16 = C2-C1S/m: Conductivity Difference, 2 - 1 [S/m]
# name 17 = sal00: Salinity, Practical [PSU]
# name 18 = sal11: Salinity, Practical, 2 [PSU]
# name 19 = sbeox0ML/L: Oxygen, SBE 43 [ml/l]
# name 20 = sigma-้00: Density [sigma-theta, kg/m^3]
# name 21 = sigma-้11: Density, 2 [sigma-theta, kg/m^3]
# name 22 = sbox0Mm/Kg: Oxygen, SBE 43 [umol/kg]
# name 23 = oxsolMm/Kg: Oxygen Saturation, Garcia & Gordon [umol/kg]
# name 24 = oxsatMm/Kg: Oxygen Saturation, Weiss [umol/kg]
# name 25 = sal00: Salinity, Practical [PSU]
# name 26 = sigma-้00: Density [sigma-theta, kg/m^3]
# name 27 = svCM: Sound Velocity [Chen-Millero, m/s]
# name 28 = svCM1: Sound Velocity, 2 [Chen-Millero, m/s]
# name 29 = gsw_ptA0: potential temperature [ITS-90, deg C]
# name 30 = gsw_densityA0: density, TEOS-10 [density, kg/m^3]
# name 31 = gsw_saA0: Absolute Salinity [g/kg]
# name 32 = flag:
# span 0 =       2324,      72180       
# span 1 = 292.743725, 292.777413       
# span 2 =  -45.06760,  -45.06752       
# span 3 =  -51.48049,  -51.48038       
# span 4 =     -1.694,      1.589       
# span 5 =       0.00,    1482.08       
# span 6 =      2.000,   1040.000       
# span 7 =      2.121,   1028.962       
# span 8 =     2.7172,     8.0399       
# span 9 =     2.7180,     8.0358       
# span 10 =    -0.0572,     0.1456      
# span 11 =     2.6516,     8.0393      
# span 12 =     2.6524,     8.0351      
# span 13 =    -0.0571,     0.1455      
# span 14 =   3.123971,   3.560401      
# span 15 =   3.124652,   3.560922      
# span 16 =  -0.005003,   0.014389      
# span 17 =    34.0529,    34.4762      
# span 18 =    34.0576,    34.4813      
# span 19 =     4.0087,     6.7188      
# span 20 =    26.6872,    27.4917      
# span 21 =    26.6926,    27.4958      
# span 22 =    174.243,    292.253      
# span 23 =  288.21080,  326.17242      
# span 24 =  288.52923,  327.17200      
# span 25 =    34.0493,    34.4762      
# span 26 =    26.6875,    27.4917      
# span 27 =    1468.93,    1483.34      
# span 28 =    1468.93,    1483.34      
# span 29 =     2.6515,     8.0392      
# span 30 =  1026.7008,  1032.3141      
# span 31 =    34.2104,    34.6426      
# span 32 = 0.0000e+00, 0.0000e+00      
# interval = decibars: 1                
# start_time = Oct 19 2019 17:49:21 [NMEA time, header]
# bad_flag = -9.990e-29
*END*
[from data line 748]
      24609 292.754471  -45.06758  -51.48044      1.131    1472.27    752.000    744.540     2.8122     2.8133     0.0011     2.7640     2.7650     0.0011   3.128295   3.128811   0.000504    34.3283    34.3333     4.5862    27.3700    27.3739    199.364  325.69992  326.68009    34.3276    27.3694    1473.07    1473.08     2.7639  1030.8676    34.4919 0.0000e+00
      24631 292.754482  -45.06758  -51.48046      1.118    1472.27    753.000    745.529     2.8139     2.8150     0.0011     2.7656     2.7666     0.0010   3.128546   3.129030   0.000492    34.3289    34.3337     4.5780    27.3703    27.3741    199.008  325.68483  326.66476    34.3283    27.3698    1473.09    1473.10     2.7655  1030.8726    34.4926 0.0000e+00
      24658 292.754495  -45.06758  -51.48046      0.970    1472.27    754.000    746.517     2.8145     2.8157     0.0012     2.7661     2.7673     0.0012   3.128629   3.129167   0.000535    34.3288    34.3340     4.5765    27.3702    27.3742    198.940  325.68075  326.66059    34.3282    27.3697    1473.11    1473.12     2.7660  1030.8770    34.4925 0.0000e+00
      24690 292.754510  -45.06758  -51.48045      0.779    1472.27    755.000    747.505     2.8142     2.8154     0.0012     2.7658     2.7669     0.0011   3.128645   3.129155   0.000511    34.3286    34.3336     4.5690    27.3701    27.3740    198.614  325.68281  326.66268    34.3281    27.3697    1473.12    1473.14     2.7657  1030.8816    34.4924 0.0000e+00
      24717 292.754524  -45.06758  -51.48044      0.812    1472.27    756.000    748.494     2.8145     2.8151     0.0006     2.7660     2.7666     0.0006   3.128791   3.129234   0.000438    34.3290    34.3337     4.5728    27.3704    27.3741    198.782  325.67985  326.65969    34.3291    27.3704    1473.14    1473.15     2.7659  1030.8870    34.4934 0.0000e+00
      24738 292.754534  -45.06758  -51.48044      0.989    1472.27    757.000    749.481     2.8185     2.8205     0.0020     2.7699     2.7719     0.0020   3.129217   3.129872   0.000645    34.3300    34.3357     4.5740    27.3708    27.3752    198.831  325.64494  326.62418    34.3294    27.3704    1473.18    1473.20     2.7698  1030.8915    34.4938 0.0000e+00
      24755 292.754542  -45.06758  -51.48044      1.196    1472.27    758.000    750.470     2.8183     2.8195     0.0012     2.7696     2.7708     0.0012   3.129337   3.129856   0.000537    34.3300    34.3352     4.5761    27.3708    27.3749    198.923  325.64723  326.62652    34.3307    27.3714    1473.20    1473.21     2.7695  1030.8971    34.4950 0.0000e+00
      24771 292.754550  -45.06758  -51.48044      1.383    1472.27    759.000    751.458     2.8219     2.8227     0.0008     2.7731     2.7738     0.0007   3.129741   3.130216   0.000469    34.3312    34.3361     4.5735    27.3715    27.3753    198.813  325.61502  326.59379    34.3312    27.3715    1473.23    1473.24     2.7730  1030.9017    34.4955 0.0000e+00
      24787 292.754557  -45.06758  -51.48044      1.496    1472.27    760.000    752.447     2.8225     2.8232     0.0008     2.7736     2.7743     0.0007   3.129850   3.130327   0.000482    34.3314    34.3365     4.5692    27.3716    27.3756    198.622  325.61009  326.58877    34.3314    27.3716    1473.25    1473.26     2.7735  1030.9064    34.4957 0.0000e+00
      24806 292.754566  -45.06758  -51.48044      1.446    1472.27    761.000    753.435     2.8225     2.8234     0.0009     2.7735     2.7744     0.0009   3.129900   3.130381   0.000482    34.3314    34.3363     4.5677    27.3717    27.3755    198.561  325.60968  326.58837    34.3315    27.3717    1473.26    1473.27     2.7735  1030.9111    34.4958 0.0000e+00
      24833 292.754580  -45.06758  -51.48044      1.054    1472.27    762.000    754.423     2.8227     2.8239     0.0011     2.7737     2.7748     0.0011   3.129975   3.130466   0.000488    34.3315    34.3363     4.5602    27.3717    27.3754    198.234  325.60733  326.58597    34.3316    27.3717    1473.28    1473.29     2.7736  1030.9158    34.4959 0.0000e+00
      24864 292.754594  -45.06758  -51.48044      0.769    1472.27    763.000    755.412     2.8239     2.8246     0.0007     2.7748     2.7755     0.0007   3.130139   3.130609   0.000473    34.3317    34.3367     4.5545    27.3717    27.3757    197.987  325.59764  326.57611    34.3318    27.3718    1473.30    1473.31     2.7747  1030.9205    34.4961 0.0000e+00
      24891 292.754608  -45.06756  -51.48044      0.841    1472.27    764.000    756.399     2.8248     2.8254     0.0007     2.7756     2.7762     0.0006   3.130358   3.130823   0.000467    34.3329    34.3379     4.5513    27.3727    27.3766    197.846  325.58781  326.56619    34.3330    27.3727    1473.32    1473.33     2.7755  1030.9260    34.4974 0.0000e+00
      24916 292.754620  -45.06756  -51.48044      0.932    1472.27    765.000    757.387     2.8210     2.8218     0.0007     2.7718     2.7725     0.0007   3.130231   3.130710   0.000477    34.3351    34.3401     4.5502    27.3747    27.3786    197.798  325.61251  326.59156    34.3349    27.3746    1473.33    1473.34     2.7717  1030.9325    34.4993 0.0000e+00
      24939 292.754631  -45.06756  -51.48044      1.007    1472.27    766.000    758.376     2.8206     2.8213     0.0007     2.7713     2.7720     0.0007   3.130300   3.130775   0.000478    34.3356    34.3407     4.5522    27.3752    27.3792    197.885  325.61435  326.59348    34.3357    27.3752    1473.34    1473.35     2.7712  1030.9378    34.5001 0.0000e+00
      24960 292.754641  -45.06758  -51.48044      1.080    1472.27    767.000    759.364     2.8215     2.8224     0.0009     2.7721     2.7730     0.0009   3.130491   3.130982   0.000488    34.3363    34.3413     4.5475    27.3756    27.3796    197.679  325.60591  326.58493    34.3366    27.3759    1473.36    1473.38     2.7720  1030.9430    34.5010 0.0000e+00
      24981 292.754651  -45.06758  -51.48044      1.134    1472.27    768.000    760.352     2.8235     2.8243     0.0009     2.7740     2.7749     0.0008   3.130818   3.131303   0.000487    34.3376    34.3426     4.5410    27.3765    27.3804    197.396  325.58647  326.56522    34.3379    27.3768    1473.39    1473.40     2.7739  1030.9484    34.5023 0.0000e+00
      25002 292.754661  -45.06757  -51.48043      1.152    1472.27    769.000    761.341     2.8245     2.8254     0.0009     2.7749     2.7758     0.0009   3.131037   3.131537   0.000499    34.3388    34.3439     4.5330    27.3774    27.3814    197.051  325.57559  326.55424    34.3389    27.3775    1473.41    1473.42     2.7749  1030.9538    34.5033 0.0000e+00
      25024 292.754671  -45.06756  -51.48042      1.135    1472.27    770.000    762.329     2.8256     2.8266     0.0011     2.7759     2.7770     0.0011   3.131299   3.131804   0.000506    34.3398    34.3449     4.5346    27.3781    27.3821    197.119  325.56414  326.54265    34.3404    27.3786    1473.44    1473.45     2.7759  1030.9595    34.5049 0.0000e+00
      25046 292.754682  -45.06756  -51.48042      1.088    1472.27    771.000    763.317     2.8273     2.8282     0.0009     2.7776     2.7785     0.0009   3.131553   3.132042   0.000488    34.3412    34.3462     4.5328    27.3791    27.3830    197.039  325.54703  326.52532    34.3412    27.3791    1473.46    1473.47     2.7775  1030.9645    34.5056 0.0000e+00
      25071 292.754694  -45.06757  -51.48042      1.019    1472.27    772.000    764.306     2.8208     2.8218     0.0010     2.7711     2.7721     0.0010   3.130965   3.131458   0.000495    34.3410    34.3459     4.5241    27.3795    27.3834    196.663  325.59962  326.57892    34.3404    27.3790    1473.45    1473.46     2.7710  1030.9692    34.5049 0.0000e+00
      25098 292.754707  -45.06758  -51.48042      0.930    1472.27    773.000    765.294     2.8183     2.8191     0.0008     2.7686     2.7693     0.0008   3.130843   3.131313   0.000467    34.3412    34.3460     4.5149    27.3798    27.3837    196.260  325.61894  326.59863    34.3410    27.3797    1473.46    1473.47     2.7685  1030.9745    34.5054 0.0000e+00
      25130 292.754722  -45.06758  -51.48042      0.787    1472.27    774.000    766.278     2.8191     2.8196     0.0004     2.7693     2.7697     0.0004   3.131038   3.131429   0.000414    34.3415    34.3461     4.5111    27.3801    27.3837    196.096  325.61147  326.59104    34.3419    27.3804    1473.48    1473.48     2.7692  1030.9798    34.5064 0.0000e+00
      25160 292.754737  -45.06758  -51.48042      0.753    1472.27    775.000    767.276     2.8269     2.8269    -0.0000     2.7769     2.7769    -0.0000   3.131902   3.132336   0.000404    34.3433    34.3483     4.5095    27.3809    27.3848    196.026  325.54467  326.52310    34.3437    27.3812    1473.53    1473.54     2.7768  1030.9850    34.5082 0.0000e+00
      25184 292.754749  -45.06756  -51.48042      0.892    1472.27    776.000    768.258     2.8301     2.8314     0.0013     2.7800     2.7813     0.0013   3.132342   3.132853   0.000519    34.3445    34.3494     4.5145    27.3815    27.3853    196.244  325.51636  326.49433    34.3452    27.3820    1473.56    1473.57     2.7799  1030.9904    34.5097 0.0000e+00
      25205 292.754759  -45.06756  -51.48042      1.067    1472.27    777.000    769.247     2.8329     2.8336     0.0006     2.7828     2.7834     0.0006   3.132692   3.133157   0.000461    34.3453    34.3502     4.5077    27.3819    27.3858    195.951  325.49140  326.46896    34.3459    27.3824    1473.59    1473.60     2.7827  1030.9953    34.5104 0.0000e+00
      25224 292.754768  -45.06756  -51.48042      1.208    1472.27    778.000    770.235     2.8344     2.8353     0.0009     2.7842     2.7850     0.0009   3.132908   3.133403   0.000495    34.3457    34.3508     4.5019    27.3821    27.3861    195.698  325.47844  326.45578    34.3464    27.3827    1473.62    1473.63     2.7841  1031.0002    34.5109 0.0000e+00
      25242 292.754777  -45.06756  -51.48042      1.273    1472.27    779.000    771.223     2.8384     2.8394     0.0010     2.7881     2.7891     0.0010   3.133437   3.133939   0.000502    34.3471    34.3522     4.4976    27.3829    27.3868    195.512  325.44285  326.41961    34.3480    27.3836    1473.65    1473.66     2.7880  1031.0057    34.5126 0.0000e+00
      25262 292.754786  -45.06756  -51.48043      1.255    1472.27    780.000    772.211     2.8415     2.8424     0.0009     2.7911     2.7920     0.0009   3.133813   3.134306   0.000491    34.3481    34.3531     4.4886    27.3834    27.3873    195.117  325.41557  326.39188    34.3488    27.3840    1473.68    1473.69     2.7910  1031.0106    34.5134 0.0000e+00
      25287 292.754798  -45.06756  -51.48043      1.100    1472.28    781.000    773.199     2.8408     2.8416     0.0008     2.7903     2.7911     0.0008   3.133782   3.134261   0.000481    34.3485    34.3535     4.4852    27.3838    27.3877    194.971  325.42029  326.39673    34.3487    27.3839    1473.69    1473.70     2.7902  1031.0151    34.5132 0.0000e+00
      25319 292.754814  -45.06756  -51.48042      0.791    1472.34    782.000    774.187     2.8349     2.8358     0.0009     2.7844     2.7853     0.0008   3.133288   3.133769   0.000477    34.3487    34.3536     4.4795    27.3845    27.3883    194.720  325.46681  326.44418    34.3483    27.3842    1473.69    1473.70     2.7843  1031.0201    34.5129 0.0000e+00
      25351 292.754829  -45.06756  -51.48042      0.724    1472.34    783.000    775.175     2.8294     2.8308     0.0014     2.7788     2.7802     0.0014   3.132870   3.133406   0.000529    34.3487    34.3537     4.4682    27.3850    27.3889    194.232  325.51118  326.48942    34.3486    27.3849    1473.68    1473.69     2.7787  1031.0256    34.5132 0.0000e+00
      25377 292.754842  -45.06756  -51.48042      0.855    1472.34    784.000    776.163     2.8285     2.8294     0.0009     2.7779     2.7788     0.0009   3.132805   3.133297   0.000494    34.3485    34.3535     4.4712    27.3849    27.3888    194.363  325.51912  326.49749    34.3483    27.3847    1473.69    1473.70     2.7778  1031.0300    34.5128 0.0000e+00
      25401 292.754853  -45.06756  -51.48042      0.973    1472.34    785.000    777.152     2.8262     2.8271     0.0009     2.7755     2.7764     0.0009   3.132644   3.133145   0.000497    34.3484    34.3535     4.4733    27.3850    27.3890    194.452  325.53784  326.51657    34.3482    27.3849    1473.70    1473.71     2.7754  1031.0348    34.5128 0.0000e+00
      25424 292.754864  -45.06756  -51.48042      1.043    1472.34    786.000    778.140     2.8249     2.8256     0.0006     2.7742     2.7748     0.0006   3.132558   3.133022   0.000470    34.3482    34.3532     4.4698    27.3850    27.3889    194.300  325.54853  326.52745    34.3480    27.3848    1473.71    1473.72     2.7741  1031.0394    34.5126 0.0000e+00
      25446 292.754875  -45.06756  -51.48042      1.058    1472.34    787.000    779.128     2.8234     2.8240     0.0005     2.7726     2.7731     0.0005   3.132459   3.132914   0.000459    34.3481    34.3531     4.4672    27.3850    27.3890    194.187  325.56071  326.53985    34.3478    27.3848    1473.72    1473.73     2.7725  1031.0441    34.5124 0.0000e+00
      25469 292.754886  -45.06756  -51.48042      1.057    1472.34    788.000    780.116     2.8219     2.8225     0.0006     2.7710     2.7717     0.0006   3.132336   3.132799   0.000463    34.3478    34.3527     4.4688    27.3849    27.3888    194.256  325.57370  326.55308    34.3474    27.3846    1473.73    1473.74     2.7710  1031.0485    34.5120 0.0000e+00
      25490 292.754896  -45.06756  -51.48042      1.089    1472.34    789.000    781.104     2.8192     2.8199     0.0007     2.7683     2.7690     0.0007   3.132135   3.132608   0.000470    34.3478    34.3528     4.4704    27.3852    27.3891    194.328  325.59510  326.57490    34.3473    27.3848    1473.73    1473.74     2.7682  1031.0533    34.5118 0.0000e+00
      25511 292.754906  -45.06756  -51.48042      1.143    1472.34    790.000    782.093     2.8166     2.8173     0.0007     2.7657     2.7663     0.0006   3.131955   3.132423   0.000468    34.3477    34.3527     4.4678    27.3853    27.3893    194.213  325.61631  326.59651    34.3473    27.3850    1473.74    1473.75     2.7656  1031.0583    34.5119 0.0000e+00
      25532 292.754917  -45.06756  -51.48042      1.156    1472.34    791.000    783.080     2.8136     2.8147     0.0010     2.7626     2.7636     0.0010   3.131699   3.132197   0.000497    34.3474    34.3524     4.4672    27.3854    27.3893    194.188  325.64096  326.62162    34.3468    27.3849    1473.74    1473.75     2.7625  1031.0628    34.5114 0.0000e+00
      25561 292.754930  -45.06756  -51.48042      0.960    1472.34    792.000    784.069     2.8128     2.8138     0.0010     2.7617     2.7627     0.0010   3.131699   3.132190   0.000492    34.3475    34.3524     4.4716    27.3855    27.3893    194.379  325.64736  326.62816    34.3472    27.3853    1473.75    1473.76     2.7616  1031.0678    34.5118 0.0000e+00
      25601 292.754950  -45.06756  -51.48042      0.590    1472.34    793.000    785.057     2.8137     2.8146     0.0008     2.7626     2.7634     0.0008   3.131860   3.132338   0.000478    34.3477    34.3527     4.4810    27.3856    27.3895    194.785  325.63928  326.61994    34.3477    27.3856    1473.78    1473.79     2.7625  1031.0727    34.5122 0.0000e+00
      25631 292.754964  -45.06756  -51.48042      0.715    1472.34    794.000    786.044     2.8147     2.8156     0.0008     2.7635     2.7643     0.0008   3.132019   3.132491   0.000473    34.3481    34.3529     4.4778    27.3858    27.3896    194.648  325.63073  326.61124    34.3480    27.3858    1473.80    1473.81     2.7634  1031.0775    34.5126 0.0000e+00
