Pos-Processados/process_op38/operantar38_019.ros
* Sea-Bird SBE 9 Data File:
* FileName = D:\OPERANTAR_XXXVIII\DADOS\OP38_019.hdr
* Software Version Seasave V 7.18c
* Temperature SN = 4808
* Conductivity SN = 3380
* Number of Bytes Per Scan = 34
* Number of Voltage Words = 3
* Number of Scans Averaged by the Deck Unit = 1
* NMEA Latitude = 62 12.52 S
* NMEA Longitude = 058 17.99 W
* NMEA UTC (Time) = Nov 22 2019 11:08:24
** H41
** NAVIO POLAR ALMIRANTE MAXIMIANO
** CRUZEIRO:
** OPERANTAR XXXVIII
** ESTAÇÃO: OP38_019
** LAT 62 12,51'S
** LONG 058 18,00'W
** 09P73767-1155_A
** PROFUNDIDADE: 271
** DATA/HORA: 221109Z/NOV/2019
** OPERADOR: SO-HN CHAVES
# nquan = 27
# nvalues = 1074                                  
# units = specified
# name 0 = scan: Scan Count
# name 1 = timeJ: Julian Days
# name 2 = latitude: Latitude [deg]
# name 3 = longitude: Longitude [deg]
# name 4 = dz/dtM: Descent Rate [m/s]
# name 5 = avgsvCM: Average Sound Velocity [Chen-Millero, m/s]
# name 6 = prDM: Pressure, Digiquartz [db]
# name 7 = depSM: Depth [salt water, m]
# name 8 = t090C: Temperature [ITS-90, deg C]
# name 9 = t190C: Temperature, 2 [ITS-90, deg C]
# name 10 = T2-T190C: Temperature Difference, 2 - 1 [ITS-90, deg C]
# name 11 = potemp090C: Potential Temperature [ITS-90, deg C]
# name 12 = potemp190C: Potential Temperature, 2 [ITS-90, deg C]
# name 13 = potemp90Cdiff: Potential Temperature, Diff, 2 - 1 [ITS-90, deg C]
# name 14 = c0S/m: Conductivity [S/m]
# name 15 = c1S/m: Conductivity, 2 [S/m]
# name 16 = C2-C1S/m: Conductivity Difference, 2 - 1 [S/m]
# name 17 = sal00: Salinity, Practical [PSU]
# name 18 = sal11: Salinity, Practical, 2 [PSU]
# name 19 = sbeox0ML/L: Oxygen, SBE 43 [ml/l]
# name 20 = sigma-é00: Density [sigma-theta, kg/m^3]
# name 21 = sigma-é11: Density, 2 [sigma-theta, kg/m^3]
# name 22 = sbox0Mm/Kg: Oxygen, SBE 43 [umol/kg]
# name 23 = oxsolMm/Kg: Oxygen Saturation, Garcia & Gordon [umol/kg]
# name 24 = oxsatMm/Kg: Oxygen Saturation, Weiss [umol/kg]
# name 25 = nbf: Bottles Fired
# name 26 = flag:  0.000e+00
# interval = seconds: 0.0416667
# start_time = Nov 22 2019 11:08:24 [NMEA time, header]
# bad_flag = -9.990e-29
*END*
[from data line 108]
      24176 326.475825  -62.20874  -58.30016      0.078    1447.69      3.461      3.428    -0.2275    -0.2288    -0.0013    -0.2276    -0.2289    -0.0013   2.819810   2.820128   0.000318    34.1387    34.1443     7.7057    27.4222    27.4269    334.950  352.38484  353.90409          1  0.000e+00
      24177 326.475826  -62.20874  -58.30016      0.079    1447.69      3.509      3.475    -0.2275    -0.2289    -0.0014    -0.2276    -0.2290    -0.0014   2.819792   2.820088   0.000296    34.1384    34.1439     7.7059    27.4220    27.4265    334.958  352.38558  353.90482          1  0.000e+00
      24178 326.475826  -62.20874  -58.30016      0.077    1447.69      3.413      3.380    -0.2275    -0.2288    -0.0013    -0.2276    -0.2289    -0.0013   2.819786   2.820111   0.000325    34.1384    34.1441     7.7059    27.4220    27.4267    334.960  352.38564  353.90488          1  0.000e+00
      24179 326.475827  -62.20874  -58.30016      0.077    1447.69      3.461      3.428    -0.2272    -0.2277    -0.0005    -0.2273    -0.2278    -0.0005   2.819804   2.820157   0.000353    34.1382    34.1435     7.7009    27.4218    27.4261    334.744  352.38294  353.90210          1  0.000e+00
      24180 326.475827  -62.20874  -58.30016      0.075    1447.69      3.461      3.428    -0.2272    -0.2278    -0.0007    -0.2273    -0.2280    -0.0007   2.819846   2.820117   0.000271    34.1388    34.1431     7.7046    27.4223    27.4258    334.904  352.38139  353.90058          1  0.000e+00
      24181 326.475828  -62.20874  -58.30016      0.075    1447.69      3.461      3.428    -0.2267    -0.2274    -0.0007    -0.2268    -0.2275    -0.0007   2.819882   2.820157   0.000275    34.1387    34.1431     7.7038    27.4222    27.4258    334.871  352.37723  353.89632          1  0.000e+00
      24182 326.475828  -62.20874  -58.30016      0.075    1447.69      3.509      3.475    -0.2261    -0.2274    -0.0013    -0.2262    -0.2275    -0.0013   2.819888   2.820192   0.000304    34.1381    34.1436     7.7039    27.4216    27.4262    334.872  352.37320  353.89213          1  0.000e+00
      24183 326.475829  -62.20874  -58.30016      0.074    1447.69      3.461      3.428    -0.2262    -0.2277    -0.0014    -0.2263    -0.2278    -0.0014   2.819906   2.820163   0.000257    34.1385    34.1436     7.7039    27.4220    27.4262    334.875  352.37352  353.89251          1  0.000e+00
      24184 326.475829  -62.20874  -58.30016      0.073    1447.69      3.461      3.428    -0.2261    -0.2274    -0.0012    -0.2262    -0.2275    -0.0012   2.819918   2.820232   0.000314    34.1386    34.1442     7.7040    27.4220    27.4266    334.878  352.37237  353.89133          1  0.000e+00
      24185 326.475829  -62.20874  -58.30016      0.070    1447.69      3.481      3.448    -0.2258    -0.2275    -0.0017    -0.2259    -0.2276    -0.0017   2.819894   2.820169   0.000275    34.1378    34.1434     7.7041    27.4214    27.4261    334.881  352.37117  353.89002          1  0.000e+00
      24186 326.475830  -62.20874  -58.30016      0.068    1447.69      3.461      3.428    -0.2259    -0.2272    -0.0013    -0.2261    -0.2273    -0.0013   2.819888   2.820192   0.000304    34.1380    34.1435     7.7042    27.4216    27.4261    334.885  352.37242  353.89131          1  0.000e+00
      24187 326.475830  -62.20874  -58.30016      0.066    1447.69      3.509      3.475    -0.2259    -0.2272    -0.0013    -0.2261    -0.2273    -0.0013   2.819906   2.820255   0.000349    34.1382    34.1442     7.7043    27.4217    27.4267    334.891  352.37183  353.89074          1  0.000e+00
      24188 326.475831  -62.20874  -58.30016      0.064    1447.69      3.461      3.428    -0.2259    -0.2266    -0.0006    -0.2261    -0.2267    -0.0006   2.819918   2.820244   0.000326    34.1384    34.1434     7.7043    27.4219    27.4260    334.892  352.37131  353.89023          1  0.000e+00
      24189 326.475831  -62.20874  -58.30016      0.061    1447.69      3.461      3.428    -0.2258    -0.2267    -0.0010    -0.2259    -0.2269    -0.0010   2.819918   2.820238   0.000320    34.1382    34.1435     7.7044    27.4217    27.4261    334.895  352.37025  353.88912          1  0.000e+00
      24190 326.475832  -62.20874  -58.30016      0.059    1447.69      3.509      3.475    -0.2258    -0.2269    -0.0011    -0.2259    -0.2270    -0.0011   2.819918   2.820307   0.000389    34.1381    34.1446     7.7096    27.4217    27.4270    335.122  352.37033  353.88920          1  0.000e+00
      24191 326.475832  -62.20874  -58.30016      0.055    1447.69      3.461      3.428    -0.2259    -0.2267    -0.0008    -0.2261    -0.2269    -0.0008   2.819936   2.820261   0.000325    34.1386    34.1438     7.7104    27.4221    27.4263    335.155  352.37065  353.88958          1  0.000e+00
      24192 326.475833  -62.20874  -58.30016      0.054    1447.69      3.509      3.475    -0.2259    -0.2269    -0.0009    -0.2261    -0.2270    -0.0009   2.819924   2.820238   0.000314    34.1384    34.1437     7.7061    27.4219    27.4262    334.971  352.37117  353.89009          1  0.000e+00
      24193 326.475833  -62.20874  -58.30016      0.054    1447.69      3.461      3.428    -0.2258    -0.2267    -0.0010    -0.2259    -0.2269    -0.0010   2.819894   2.820261   0.000367    34.1378    34.1438     7.7061    27.4215    27.4263    334.970  352.37113  353.88999          1  0.000e+00
      24194 326.475834  -62.20874  -58.30016      0.050    1447.69      3.509      3.475    -0.2261    -0.2269    -0.0008    -0.2262    -0.2270    -0.0008   2.819888   2.820244   0.000356    34.1381    34.1437     7.7063    27.4216    27.4263    334.976  352.37320  353.89213          1  0.000e+00
      24195 326.475834  -62.20874  -58.30016      0.051    1447.69      3.509      3.475    -0.2259    -0.2271    -0.0011    -0.2261    -0.2272    -0.0011   2.819888   2.820238   0.000350    34.1379    34.1439     7.7063    27.4215    27.4264    334.976  352.37250  353.89139          1  0.000e+00
      24196 326.475835  -62.20874  -58.30016      0.049    1447.69      3.509      3.475    -0.2262    -0.2274    -0.0011    -0.2263    -0.2275    -0.0011   2.819888   2.820261   0.000373    34.1383    34.1445     7.7063    27.4218    27.4269    334.980  352.37426  353.89324          1  0.000e+00
      24197 326.475835  -62.20874  -58.30016      0.044    1447.69      3.461      3.428    -0.2259    -0.2272    -0.0013    -0.2261    -0.2273    -0.0013   2.819888   2.820203   0.000315    34.1380    34.1436     7.7055    27.4216    27.4262    334.943  352.37242  353.89131          1  0.000e+00
      24198 326.475836  -62.20874  -58.30016      0.045    1447.69      3.509      3.475    -0.2266    -0.2275    -0.0009    -0.2267    -0.2276    -0.0009   2.819888   2.820180   0.000292    34.1386    34.1436     7.7057    27.4221    27.4262    334.950  352.37639  353.89545          1  0.000e+00
      24199 326.475836  -62.20874  -58.30016      0.045    1447.69      3.509      3.475    -0.2264    -0.2275    -0.0011    -0.2265    -0.2276    -0.0011   2.819906   2.820209   0.000303    34.1387    34.1440     7.7056    27.4222    27.4265    334.948  352.37466  353.89369          1  0.000e+00
      24200 326.475837  -62.20874  -58.30016      0.046    1447.69      3.509      3.475    -0.2269    -0.2274    -0.0005    -0.2270    -0.2275    -0.0005   2.819894   2.820186   0.000292    34.1390    34.1435     7.7057    27.4225    27.4261    334.952  352.37793  353.89708          1  0.000e+00
      24201 326.475837  -62.20874  -58.30016      0.042    1447.69      3.509      3.475    -0.2266    -0.2272    -0.0006    -0.2267    -0.2273    -0.0006   2.819888   2.820238   0.000350    34.1386    34.1440     7.7057    27.4221    27.4265    334.950  352.37639  353.89545          1  0.000e+00
      24202 326.475838  -62.20874  -58.30016      0.042    1447.69      3.509      3.475    -0.2264    -0.2272    -0.0008    -0.2265    -0.2273    -0.0008   2.819888   2.820267   0.000379    34.1384    34.1444     7.7056    27.4220    27.4268    334.949  352.37533  353.89434          1  0.000e+00
      24203 326.475838  -62.20874  -58.30016      0.040    1447.69      3.564      3.529    -0.2266    -0.2269    -0.0003    -0.2267    -0.2270    -0.0003   2.819870   2.820244   0.000374    34.1384    34.1437     7.7057    27.4219    27.4263    334.953  352.37714  353.89619          1  0.000e+00
      24204 326.475839  -62.20874  -58.30016      0.042    1447.69      3.461      3.428    -0.2264    -0.2263     0.0001    -0.2265    -0.2264     0.0001   2.819882   2.820261   0.000379    34.1384    34.1433     7.7056    27.4219    27.4259    334.947  352.37547  353.89448          1  0.000e+00
      24205 326.475839  -62.20874  -58.30016      0.044    1447.69      3.564      3.529    -0.2264    -0.2269    -0.0005    -0.2265    -0.2270    -0.0005   2.819888   2.820244   0.000356    34.1384    34.1437     7.7057    27.4219    27.4262    334.951  352.37542  353.89443          1  0.000e+00
      24206 326.475840  -62.20874  -58.30016      0.040    1447.69      3.461      3.428    -0.2264    -0.2266    -0.0002    -0.2265    -0.2267    -0.0002   2.819906   2.820238   0.000332    34.1387    34.1434     7.7063    27.4222    27.4260    334.979  352.37458  353.89361          1  0.000e+00
      24207 326.475840  -62.20874  -58.30016      0.044    1447.69      3.564      3.529    -0.2262    -0.2271    -0.0008    -0.2263    -0.2272    -0.0008   2.819918   2.820261   0.000343    34.1386    34.1441     7.7115    27.4221    27.4266    335.204  352.37325  353.89224          1  0.000e+00
      24208 326.475841  -62.20874  -58.30016      0.043    1447.69      3.509      3.475    -0.2262    -0.2272    -0.0010    -0.2263    -0.2273    -0.0010   2.819876   2.820221   0.000345    34.1381    34.1438     7.7122    27.4217    27.4263    335.235  352.37471  353.89367          1  0.000e+00
      24209 326.475841  -62.20874  -58.30016      0.041    1447.69      3.509      3.475    -0.2264    -0.2272    -0.0008    -0.2265    -0.2273    -0.0008   2.819882   2.820209   0.000327    34.1384    34.1437     7.7130    27.4219    27.4262    335.267  352.37555  353.89456          1  0.000e+00
      24210 326.475842  -62.20874  -58.30016      0.045    1447.69      3.564      3.529    -0.2266    -0.2274    -0.0008    -0.2267    -0.2275    -0.0008   2.819888   2.820255   0.000367    34.1386    34.1444     7.7087    27.4221    27.4268    335.080  352.37648  353.89554          1  0.000e+00
      24211 326.475842  -62.20874  -58.30016      0.045    1447.69      3.509      3.475    -0.2267    -0.2272    -0.0005    -0.2268    -0.2273    -0.0005   2.819870   2.820203   0.000333    34.1385    34.1435     7.7086    27.4221    27.4261    335.076  352.37776  353.89684          1  0.000e+00
      24212 326.475842  -62.20874  -58.30016      0.042    1447.69      3.509      3.475    -0.2270    -0.2274    -0.0003    -0.2271    -0.2275    -0.0003   2.819846   2.820221   0.000375    34.1386    34.1440     7.7086    27.4221    27.4265    335.077  352.38076  353.89992          1  0.000e+00
      24213 326.475843  -62.20874  -58.30016      0.043    1447.69      3.509      3.475    -0.2267    -0.2267    -0.0001    -0.2268    -0.2269    -0.0001   2.819858   2.820261   0.000403    34.1384    34.1438     7.7077    27.4219    27.4263    335.038  352.37820  353.89727          1  0.000e+00
      24214 326.475843  -62.20874  -58.30016      0.043    1447.69      3.509      3.475    -0.2272    -0.2271     0.0001    -0.2273    -0.2272     0.0001   2.819846   2.820203   0.000357    34.1387    34.1434     7.7077    27.4222    27.4260    335.037  352.38147  353.90066          1  0.000e+00
      24215 326.475844  -62.20874  -58.30016      0.046    1447.69      3.564      3.529    -0.2273    -0.2274    -0.0000    -0.2274    -0.2275    -0.0000   2.819816   2.820180   0.000364    34.1385    34.1434     7.7077    27.4220    27.4260    335.038  352.38373  353.90294          1  0.000e+00
      24216 326.475844  -62.20874  -58.30016      0.042    1447.69      3.509      3.475    -0.2273    -0.2272     0.0001    -0.2274    -0.2273     0.0001   2.819828   2.820250   0.000422    34.1387    34.1442     7.7068    27.4222    27.4267    334.998  352.38320  353.90241          1  0.000e+00
      24217 326.475845  -62.20874  -58.30016      0.043    1447.69      3.530      3.496    -0.2273    -0.2275    -0.0002    -0.2274    -0.2276    -0.0002   2.819858   2.820203   0.000345    34.1391    34.1439     7.7066    27.4225    27.4264    334.992  352.38212  353.90136          1  0.000e+00
      24218 326.475845  -62.20874  -58.30016      0.042    1447.69      3.509      3.475    -0.2272    -0.2282    -0.0010    -0.2273    -0.2283    -0.0010   2.819864   2.820198   0.000334    34.1390    34.1445     7.7065    27.4224    27.4270    334.984  352.38081  353.90001          1  0.000e+00
      24219 326.475846  -62.20874  -58.30016      0.041    1447.69      3.509      3.475    -0.2275    -0.2277    -0.0002    -0.2276    -0.2278    -0.0002   2.819822   2.820215   0.000393    34.1388    34.1442     7.7115    27.4223    27.4267    335.203  352.38448  353.90374          1  0.000e+00
      24220 326.475846  -62.20874  -58.30016      0.037    1447.69      3.509      3.475    -0.2272    -0.2275    -0.0004    -0.2273    -0.2276    -0.0004   2.819846   2.820169   0.000323    34.1387    34.1434     7.7120    27.4222    27.4261    335.225  352.38147  353.90066          1  0.000e+00
      24221 326.475847  -62.20874  -58.30016      0.036    1447.69      3.509      3.475    -0.2269    -0.2277    -0.0008    -0.2270    -0.2278    -0.0008   2.819846   2.820232   0.000386    34.1384    34.1445     7.7074    27.4220    27.4269    335.027  352.37970  353.89881          1  0.000e+00
      24222 326.475847  -62.20874  -58.30016      0.035    1447.69      3.509      3.475    -0.2269    -0.2280    -0.0011    -0.2270    -0.2281    -0.0011   2.819912   2.820226   0.000314    34.1393    34.1447     7.7123    27.4227    27.4271    335.237  352.37727  353.89643          1  0.000e+00
      24223 326.475848  -62.20874  -58.30016      0.033    1447.69      3.509      3.475    -0.2266    -0.2277    -0.0011    -0.2267    -0.2278    -0.0011   2.819882   2.820134   0.000252    34.1386    34.1432     7.7128    27.4221    27.4258    335.259  352.37661  353.89567          1  0.000e+00
      24224 326.475848  -62.20874  -58.30016      0.032    1447.69      3.509      3.475    -0.2266    -0.2275    -0.0009    -0.2267    -0.2276    -0.0009   2.819864   2.820192   0.000328    34.1383    34.1437     7.7133    27.4219    27.4263    335.281  352.37727  353.89632          1  0.000e+00
      24225 326.475849  -62.20874  -58.30016      0.030    1447.69      3.509      3.475    -0.2270    -0.2280    -0.0009    -0.2271    -0.2281    -0.0009   2.819804   2.820186   0.000382    34.1380    34.1442     7.7088    27.4217    27.4267    335.086  352.38231  353.90144          1  0.000e+00
      24226 326.475849  -62.20874  -58.30016      0.028    1447.69      3.461      3.428    -0.2272    -0.2275    -0.0004    -0.2273    -0.2276    -0.0004   2.819822   2.820140   0.000318    34.1384    34.1431     7.7085    27.4220    27.4258    335.072  352.38228  353.90145          1  0.000e+00
      24227 326.475850  -62.20874  -58.30016      0.024    1447.69      3.509      3.475    -0.2270    -0.2271    -0.0000    -0.2271    -0.2272    -0.0000   2.819840   2.820198   0.000358    34.1385    34.1433     7.7082    27.4221    27.4259    335.061  352.38099  353.90014          1  0.000e+00
      24228 326.475850  -62.20874  -58.30016      0.019    1447.69      3.461      3.428    -0.2273    -0.2275    -0.0002    -0.2274    -0.2276    -0.0002   2.819840   2.820209   0.000369    34.1389    34.1440     7.7072    27.4224    27.4265    335.015  352.38267  353.90190          1  0.000e+00
