Pos-Processados/process_op38/operantar38_013.cnv
* Sea-Bird SBE 9 Data File:
* FileName = D:\OPERANTAR_XXXVIII\DADOS\OP38_013.hdr
* Software Version Seasave V 7.18c
* Temperature SN = 4808
* Conductivity SN = 3380
* Number of Bytes Per Scan = 34
* Number of Voltage Words = 3
* Number of Scans Averaged by the Deck Unit = 1
* NMEA Latitude = 62 08.60 S
* NMEA Longitude = 058 24.71 W
* NMEA UTC (Time) = Nov 05 2019 02:47:10
** H41
** NAVIO POLAR ALMIRANTE MAXIMIANO
** CRUZEIRO:
** OPERANTAR XXXVIII
** ESTAÇÃO: OP38_013
** LAT 62 08,61' S
** LONG 058 24,68' W
** 09P73767-1155_A
** PROFUNDIDADE: 420
** DATA/HORA: 050248Z/NOV/2019
** OPERADOR: SO-HN CHAVES
# nquan = 32
# nvalues = 740                         
# units = specified
# name 0 = scan: Scan Count
# name 1 = timeJ: Julian Days
# name 2 = latitude: Latitude [deg]
# name 3 = longitude: Longitude [deg]
# name 4 = dz/dtM: Descent Rate [m/s]
# name 5 = avgsvCM: Average Sound Velocity [Chen-Millero, m/s]
# name 6 = prDM: Pressure, Digiquartz [db]
# name 7 = depSM: Depth [salt water, m]
# name 8 = t090C: Temperature [ITS-90, deg C]
# name 9 = t190C: Temperature, 2 [ITS-90, deg C]
# name 10 = T2-T190C: Temperature Difference, 2 - 1 [ITS-90, deg C]
# name 11 = potemp090C: Potential Temperature [ITS-90, deg C]
# name 12 = potemp190C: Potential Temperature, 2 [ITS-90, deg C]
# name 13 = potemp90Cdiff: Potential Temperature, Diff, 2 - 1 [ITS-90, deg C]
# name 14 = c0S/m: Conductivity [S/m]
# name 15 = c1S/m: Conductivity, 2 [S/m]
# name 16 = C2-C1S/m: Conductivity Difference, 2 - 1 [S/m]
# name 17 = sal00: Salinity, Practical [PSU]
# name 18 = sal11: Salinity, Practical, 2 [PSU]
# name 19 = sbeox0ML/L: Oxygen, SBE 43 [ml/l]
# name 20 = sbeox1ML/L: Oxygen, SBE 43, 2 [ml/l]
# name 21 = sbeox0ML/Ldiff: Oxygen, SBE 43, Diff, 2 - 1 [ml/l]
# name 22 = sigma-é00: Density [sigma-theta, kg/m^3]
# name 23 = sigma-é11: Density, 2 [sigma-theta, kg/m^3]
# name 24 = sal00: Salinity, Practical [PSU]
# name 25 = sigma-é00: Density [sigma-theta, kg/m^3]
# name 26 = svCM: Sound Velocity [Chen-Millero, m/s]
# name 27 = svCM1: Sound Velocity, 2 [Chen-Millero, m/s]
# name 28 = gsw_ptA0: potential temperature [ITS-90, deg C]
# name 29 = gsw_densityA0: density, TEOS-10 [density, kg/m^3]
# name 30 = gsw_saA0: Absolute Salinity [g/kg]
# name 31 = flag:
# span 0 =       1161,      28423       
# span 1 = 309.116648, 309.129794       
# span 2 =  -62.14340,  -62.14340       
# span 3 =  -58.41184,  -58.41180       
# span 4 =     -0.909,      0.921       
# span 5 =       0.00,    1447.69       
# span 6 =      1.000,    376.000       
# span 7 =      0.984,    372.043       
# span 8 =    -0.9467,    -0.4879       
# span 9 =    -0.9467,    -0.4958       
# span 10 =    -0.0250,     0.0398      
# span 11 =    -0.9483,    -0.4879      
# span 12 =    -0.9483,    -0.4958      
# span 13 =    -0.0250,     0.0398      
# span 14 =   2.767153,   2.819206      
# span 15 =   2.767602,   2.819576      
# span 16 =  -0.001303,   0.003192      
# span 17 =    34.0963,    34.4263      
# span 18 =    34.1036,    34.4316      
# span 19 =     6.3485,     7.6320      
# span 20 =     6.0773,     7.3595      
# span 21 =    -0.3756,    -0.2140      
# span 22 =    27.4002,    27.6765      
# span 23 =    27.4065,    27.6807      
# span 24 =    34.0869,    34.4264      
# span 25 =    27.3926,    27.6765      
# span 26 =    1444.09,    1451.29      
# span 27 =    1444.10,    1451.30      
# span 28 =    -0.9482,    -0.4878      
# span 29 =  1026.3430,  1029.4757      
# span 30 =    32.8580,    34.5947      
# span 31 = 0.0000e+00, 0.0000e+00      
# interval = decibars: 1                
# start_time = Nov 05 2019 02:47:10 [NMEA time, header]
# bad_flag = -9.990e-29
*END*
       1161 309.116648  -62.14340  -58.41180     -0.178       0.00      1.000      0.984    -0.4879    -0.4958    -0.0080    -0.4879    -0.4958    -0.0080   2.794011   2.794607  -0.000123    34.0963    34.1036     7.6320     7.3595    -0.2725    27.4002    27.4065    34.0869    27.3926    1445.68    1445.66    -0.4878  1027.4020    34.2514 0.0000e+00
       2873 309.117473  -62.14340  -58.41180      0.193       0.00      2.000      1.988    -0.7180    -0.7146     0.0034    -0.7181    -0.7146     0.0034   2.779622   2.780258   0.000683    34.1555    34.1608     7.6217     7.3336    -0.2881    27.4577    27.4620    34.1520    27.4549    1444.70    1444.73    -0.7180  1027.4692    34.3167 0.0000e+00
       3061 309.117564  -62.14340  -58.41180      0.268       0.00      3.000      2.970    -0.7237    -0.7348    -0.0111    -0.7238    -0.7349    -0.0111   2.779147   2.779024  -0.000131    34.1537    34.1645     7.6160     7.3071    -0.3089    27.4566    27.4658    34.1514    27.4547    1444.69    1444.66    -0.7238  1027.4738    34.3161 0.0000e+00
       3164 309.117613  -62.14340  -58.41180      0.289       0.00      4.000      3.967    -0.8183    -0.8367    -0.0184    -0.8184    -0.8368    -0.0184   2.772085   2.771179  -0.000970    34.1703    34.1780     7.6281     7.2795    -0.3486    27.4739    27.4809    34.1622    27.4673    1444.28    1444.21    -0.8184  1027.4912    34.3270 0.0000e+00
       3222 309.117641  -62.14340  -58.41180      0.411       0.00      5.000      4.952    -0.8652    -0.8650     0.0002    -0.8653    -0.8652     0.0002   2.769026   2.769476   0.000422    34.1773    34.1829     7.6010     7.2254    -0.3756    27.4814    27.4859    34.1732    27.4781    1444.09    1444.10    -0.8653  1027.5069    34.3381 0.0000e+00
       3273 309.117666  -62.14340  -58.41180      0.472       0.00      6.000      5.942    -0.8607    -0.8627    -0.0020    -0.8609    -0.8629    -0.0020   2.769452   2.769751   0.000283    34.1760    34.1821     7.6071     7.2353    -0.3718    27.4802    27.4853    34.1733    27.4780    1444.13    1444.13    -0.8609  1027.5116    34.3382 0.0000e+00
       3312 309.117685  -62.14340  -58.41180      0.610       0.00      7.000      6.933    -0.8610    -0.8632    -0.0023    -0.8612    -0.8634    -0.0023   2.769839   2.770049   0.000198    34.1803    34.1856     7.6096     7.2494    -0.3602    27.4837    27.4881    34.1782    27.4820    1444.15    1444.15    -0.8612  1027.5204    34.3431 0.0000e+00
       3350 309.117703  -62.14340  -58.41180      0.631 1.6531e-13      8.000      7.923    -0.8626    -0.8635    -0.0009    -0.8628    -0.8637    -0.0009   2.769913   2.770298   0.000371    34.1824    34.1885     7.6065     7.2721    -0.3344    27.4855    27.4904    34.1805    27.4839    1444.16    1444.17    -0.8628  1027.5270    34.3454 0.0000e+00
       3386 309.117720  -62.14340  -58.41180      0.661       0.13      9.000      8.911    -0.8651    -0.8650     0.0002    -0.8654    -0.8652     0.0002   2.769832   2.770295   0.000449    34.1833    34.1892     7.5952     7.2824    -0.3128    27.4863    27.4911    34.1816    27.4849    1444.17    1444.18    -0.8653  1027.5329    34.3465 0.0000e+00
       3425 309.117739  -62.14340  -58.41180      0.624      -0.00     10.000      9.907    -0.8659    -0.8659    -0.0000    -0.8662    -0.8662    -0.0000   2.769923   2.770351   0.000416    34.1840    34.1897     7.5822     7.2823    -0.2998    27.4869    27.4915    34.1831    27.4861    1444.18    1444.19    -0.8662  1027.5389    34.3480 0.0000e+00
       3461 309.117756  -62.14340  -58.41180      0.657 1.1747e-31     11.000     10.894    -0.8112    -0.7957     0.0156    -0.8115    -0.7960     0.0156   2.773864   2.775305   0.001401    34.1698    34.1712     7.5723     7.2722    -0.3001    27.4732    27.4737    34.1740    27.4766    1444.44    1444.52    -0.8115  1027.5341    34.3388 0.0000e+00
       3497 309.117774  -62.14340  -58.41180      0.666       0.06     12.000     11.884    -0.7919    -0.7933    -0.0014    -0.7922    -0.7936    -0.0014   2.774815   2.775131   0.000319    34.1638    34.1698     7.5849     7.2988    -0.2861    27.4676    27.4725    34.1643    27.4680    1444.54    1444.54    -0.7922  1027.5302    34.3291 0.0000e+00
       3538 309.117794  -62.14340  -58.41180      0.586       0.00     13.000     12.875    -0.8083    -0.8084    -0.0001    -0.8087    -0.8088    -0.0001   2.773838   2.774238   0.000407    34.1690    34.1746     7.5956     7.2978    -0.2978    27.4724    27.4770    34.1691    27.4725    1444.48    1444.49    -0.8087  1027.5395    34.3339 0.0000e+00
       3577 309.117812  -62.14340  -58.41180      0.613 1.2637e-44     14.000     13.865    -0.8061    -0.8055     0.0006    -0.8065    -0.8059     0.0006   2.774164   2.774633   0.000468    34.1685    34.1742     7.5959     7.3022    -0.2937    27.4719    27.4766    34.1703    27.4734    1444.51    1444.52    -0.8065  1027.5452    34.3351 0.0000e+00
       3612 309.117830  -62.14340  -58.41180      0.675 7.4175e-18     15.000     14.856    -0.8103    -0.8116    -0.0013    -0.8107    -0.8120    -0.0013   2.773663   2.773996   0.000343    34.1689    34.1750     7.5994     7.3042    -0.2952    27.4724    27.4774    34.1677    27.4715    1444.50    1444.51    -0.8107  1027.5481    34.3325 0.0000e+00
       3648 309.117847  -62.14340  -58.41180      0.665       0.17     16.000     15.846    -0.8217    -0.8157     0.0060    -0.8221    -0.8162     0.0060   2.773095   2.773895   0.000763    34.1724    34.1760     7.5967     7.3054    -0.2913    27.4758    27.4784    34.1723    27.4756    1444.47    1444.51    -0.8221  1027.5570    34.3370 0.0000e+00
       3685 309.117865  -62.14340  -58.41180      0.658       0.00     17.000     16.836    -0.8317    -0.8382    -0.0065    -0.8321    -0.8387    -0.0065   2.772335   2.772247  -0.000049    34.1753    34.1821     7.5998     7.3090    -0.2908    27.4785    27.4842    34.1726    27.4763    1444.44    1444.42    -0.8321  1027.5625    34.3374 0.0000e+00
       3721 309.117882  -62.14340  -58.41180      0.661 4.7979e-36     18.000     17.827    -0.8507    -0.8525    -0.0018    -0.8512    -0.8530    -0.0018   2.771326   2.771610   0.000281    34.1813    34.1872     7.5929     7.2955    -0.2973    27.4841    27.4890    34.1799    27.4830    1444.38    1444.38    -0.8512  1027.5740    34.3447 0.0000e+00
       3760 309.117901  -62.14340  -58.41180      0.618 1.5360e-08     19.000     18.817    -0.8628    -0.8551     0.0077    -0.8633    -0.8556     0.0077   2.770569   2.771496   0.000894    34.1838    34.1873     7.5769     7.2919    -0.2850    27.4866    27.4891    34.1827    27.4857    1444.34    1444.38    -0.8633  1027.5815    34.3474 0.0000e+00
       3801 309.117920  -62.14340  -58.41180      0.594      58.17     20.000     19.807    -0.8727    -0.8743    -0.0016    -0.8733    -0.8749    -0.0016   2.770046   2.770387   0.000345    34.1874    34.1939     7.5555     7.2714    -0.2841    27.4899    27.4952    34.1863    27.4890    1444.32    1444.32    -0.8732  1027.5896    34.3510 0.0000e+00
       3839 309.117939  -62.14340  -58.41180      0.626 -9.990e-29     21.000     20.797    -0.8706    -0.8742    -0.0036    -0.8712    -0.8748    -0.0036   2.770179   2.770376   0.000215    34.1861    34.1931     7.5365     7.2604    -0.2761    27.4888    27.4946    34.1851    27.4880    1444.34    1444.33    -0.8712  1027.5933    34.3498 0.0000e+00
       3876 309.117957  -62.14340  -58.41180      0.641    1357.66     22.000     21.788    -0.8818    -0.8778     0.0040    -0.8824    -0.8784     0.0040   2.769557   2.770208   0.000646    34.1901    34.1944     7.5302     7.2465    -0.2837    27.4925    27.4958    34.1886    27.4913    1444.31    1444.33    -0.8824  1027.6014    34.3534 0.0000e+00
       3915 309.117975  -62.14340  -58.41180      0.625    1445.10     23.000     22.778    -0.8834    -0.8850    -0.0015    -0.8840    -0.8856    -0.0015   2.769593   2.769918   0.000320    34.1912    34.1973     7.5273     7.2493    -0.2780    27.4935    27.4985    34.1904    27.4927    1444.32    1444.32    -0.8840  1027.6077    34.3552 0.0000e+00
       3953 309.117994  -62.14340  -58.41180      0.626    1444.32     24.000     23.768    -0.8823    -0.8839    -0.0016    -0.8830    -0.8845    -0.0016   2.769733   2.770026   0.000299    34.1911    34.1970     7.5181     7.2333    -0.2848    27.4933    27.4982    34.1904    27.4927    1444.34    1444.34    -0.8829  1027.6125    34.3552 0.0000e+00
       3990 309.118012  -62.14340  -58.41180      0.646    1444.32     25.000     24.759    -0.8872    -0.8855     0.0018    -0.8879    -0.8861     0.0018   2.769404   2.769975   0.000562    34.1916    34.1973     7.5128     7.2302    -0.2825    27.4939    27.4984    34.1909    27.4933    1444.34    1444.35    -0.8879  1027.6179    34.3557 0.0000e+00
       4029 309.118031  -62.14340  -58.41180      0.617    1444.32     26.000     25.749    -0.8819    -0.8823    -0.0004    -0.8827    -0.8830    -0.0004   2.769892   2.770270   0.000384    34.1911    34.1967     7.5226     7.2187    -0.3038    27.4933    27.4979    34.1909    27.4931    1444.38    1444.38    -0.8826  1027.6225    34.3557 0.0000e+00
       4072 309.118051  -62.14340  -58.41180      0.560    1444.32     27.000     26.739    -0.8804    -0.8803     0.0001    -0.8812    -0.8810     0.0001   2.770062   2.770495   0.000437    34.1909    34.1968     7.5237     7.2357    -0.2880    27.4931    27.4978    34.1908    27.4930    1444.40    1444.41    -0.8811  1027.6272    34.3557 0.0000e+00
       4113 309.118071  -62.14340  -58.41180      0.585    1444.32     28.000     27.729    -0.8775    -0.8784    -0.0010    -0.8782    -0.8792    -0.0010   2.770386   2.770723   0.000337    34.1912    34.1969     7.5273     7.2438    -0.2836    27.4932    27.4978    34.1913    27.4932    1444.43    1444.44    -0.8782  1027.6322    34.3561 0.0000e+00
       4152 309.118090  -62.14340  -58.41180      0.616    1444.32     29.000     28.720    -0.8766    -0.8768    -0.0002    -0.8773    -0.8776    -0.0002   2.770534   2.770945   0.000407    34.1916    34.1974     7.5329     7.2428    -0.2901    27.4935    27.4982    34.1916    27.4935    1444.45    1444.46    -0.8773  1027.6373    34.3565 0.0000e+00
       4191 309.118108  -62.14340  -58.41180      0.620    1444.32     30.000     29.710    -0.8754    -0.8754    -0.0000    -0.8762    -0.8762    -0.0000   2.770735   2.771148   0.000414    34.1923    34.1980     7.5360     7.2429    -0.2931    27.4940    27.4986    34.1924    27.4941    1444.48    1444.48    -0.8762  1027.6427    34.3573 0.0000e+00
       4228 309.118126  -62.14340  -58.41180      0.643    1444.32     31.000     30.700    -0.8755    -0.8759    -0.0004    -0.8763    -0.8768    -0.0004   2.770785   2.771169   0.000380    34.1926    34.1983     7.5300     7.2381    -0.2919    27.4943    27.4989    34.1926    27.4942    1444.49    1444.50    -0.8763  1027.6476    34.3575 0.0000e+00
       4263 309.118144  -62.14340  -58.41180      0.670    1444.32     32.000     31.691    -0.8785    -0.8775     0.0009    -0.8793    -0.8784     0.0009   2.770599   2.771077   0.000479    34.1932    34.1987     7.5355     7.2504    -0.2851    27.4949    27.4993    34.1928    27.4945    1444.49    1444.51    -0.8793  1027.6527    34.3577 0.0000e+00
       4299 309.118160  -62.14340  -58.41180      0.675    1444.32     33.000     32.681    -0.8832    -0.8830     0.0002    -0.8841    -0.8839     0.0002   2.770328   2.770755   0.000428    34.1941    34.1997     7.5358     7.2586    -0.2772    27.4957    27.5003    34.1939    27.4956    1444.49    1444.50    -0.8841  1027.6586    34.3588 0.0000e+00
       4333 309.118177  -62.14340  -58.41180      0.705    1444.32     34.000     33.671    -0.8864    -0.8844     0.0020    -0.8873    -0.8854     0.0019   2.770135   2.770713   0.000574    34.1945    34.2001     7.5279     7.2530    -0.2749    27.4962    27.5007    34.1942    27.4960    1444.49    1444.51    -0.8873  1027.6638    34.3592 0.0000e+00
       4369 309.118194  -62.14340  -58.41180      0.666    1444.32     35.000     34.661    -0.8847    -0.8849    -0.0002    -0.8856    -0.8858    -0.0002   2.770305   2.770700   0.000397    34.1941    34.1998     7.5171     7.2449    -0.2722    27.4958    27.5004    34.1940    27.4957    1444.52    1444.52    -0.8856  1027.6683    34.3589 0.0000e+00
       4405 309.118212  -62.14340  -58.41180      0.662    1444.32     36.000     35.652    -0.8842    -0.8844    -0.0001    -0.8852    -0.8853    -0.0001   2.770372   2.770766   0.000397    34.1939    34.1994     7.5121     7.2332    -0.2789    27.4956    27.5001    34.1937    27.4955    1444.53    1444.54    -0.8851  1027.6729    34.3587 0.0000e+00
       4438 309.118228  -62.14340  -58.41180      0.719    1444.32     37.000     36.642    -0.8859    -0.8855     0.0003    -0.8869    -0.8865     0.0003   2.770268   2.770719   0.000446    34.1938    34.1995     7.5126     7.2375    -0.2751    27.4957    27.5003    34.1936    27.4955    1444.54    1444.55    -0.8869  1027.6777    34.3586 0.0000e+00
       4471 309.118244  -62.14340  -58.41180      0.730    1444.32     38.000     37.632    -0.8901    -0.8901    -0.0001    -0.8911    -0.8911    -0.0001   2.769946   2.770352   0.000420    34.1940    34.1997     7.5168     7.2364    -0.2804    27.4959    27.5006    34.1933    27.4954    1444.54    1444.54    -0.8911  1027.6824    34.3583 0.0000e+00
       4509 309.118262  -62.14340  -58.41180      0.643    1444.32     39.000     38.622    -0.8943    -0.8944    -0.0002    -0.8953    -0.8955    -0.0002   2.769679   2.770098   0.000416    34.1941    34.2000     7.5185     7.2281    -0.2904    27.4962    27.5010    34.1939    27.4960    1444.53    1444.54    -0.8953  1027.6878    34.3589 0.0000e+00
       4545 309.118279  -62.14340  -58.41180      0.652    1444.32     40.000     39.612    -0.9024    -0.8978     0.0046    -0.9035    -0.8989     0.0046   2.768979   2.769793   0.000786    34.1943    34.1998     7.5101     7.2308    -0.2794    27.4967    27.5009    34.1930    27.4956    1444.51    1444.54    -0.9034  1027.6923    34.3580 0.0000e+00
       4575 309.118294  -62.14340  -58.41180      0.757    1444.32     41.000     40.603    -0.9032    -0.9058    -0.0026    -0.9043    -0.9069    -0.0026   2.769049   2.769224   0.000202    34.1945    34.2002     7.4954     7.2313    -0.2642    27.4969    27.5016    34.1942    27.4966    1444.53    1444.52    -0.9043  1027.6981    34.3592 0.0000e+00
       4605 309.118308  -62.14340  -58.41180      0.810    1444.32     42.000     41.593    -0.9043    -0.9041     0.0002    -0.9055    -0.9052     0.0002   2.768971   2.769405   0.000425    34.1942    34.1998     7.4897     7.2316    -0.2582    27.4967    27.5012    34.1938    27.4963    1444.54    1444.54    -0.9054  1027.7026    34.3588 0.0000e+00
       4637 309.118324  -62.14340  -58.41180      0.768    1444.32     43.000     42.583    -0.9039    -0.9040    -0.0001    -0.9050    -0.9051    -0.0001   2.769056   2.769460   0.000406    34.1942    34.1998     7.4862     7.2227    -0.2635    27.4966    27.5012    34.1938    27.4963    1444.55    1444.56    -0.9050  1027.7074    34.3589 0.0000e+00
       4672 309.118340  -62.14340  -58.41180      0.699    1444.32     44.000     43.571    -0.9100    -0.9092     0.0007    -0.9112    -0.9104     0.0007   2.768541   2.769020   0.000480    34.1941    34.1998     7.4860     7.2158    -0.2702    27.4969    27.5014    34.1931    27.4960    1444.54    1444.55    -0.9111  1027.7119    34.3582 0.0000e+00
       4709 309.118358  -62.14340  -58.41180      0.657    1444.32     45.000     44.565    -0.9157    -0.9172    -0.0015    -0.9169    -0.9184    -0.0015   2.768160   2.768475   0.000299    34.1945    34.2003     7.4775     7.2158    -0.2618    27.4974    27.5021    34.1938    27.4968    1444.53    1444.53    -0.9169  1027.7175    34.3588 0.0000e+00
