Pos-Processados/process_op38/operantar38_016b.ros
* Sea-Bird SBE 9 Data File:
* FileName = D:\OPERANTAR_XXXVIII\DADOS\OP38_016b.hdr
* Software Version Seasave V 7.18c
* Temperature SN = 4808
* Conductivity SN = 3380
* Number of Bytes Per Scan = 34
* Number of Voltage Words = 3
* Number of Scans Averaged by the Deck Unit = 1
* NMEA Latitude = 62 13.34 S
* NMEA Longitude = 058 12.67 W
* NMEA UTC (Time) = Nov 05 2019 12:41:07
** H41
** NAVIO POLAR ALMIRANTE MAXIMIANO
** CRUZEIRO:
** OPERANTAR XXXVIII
** ESTAÇÃO: OP38_016b
** LAT 62 13,33' S
** LONG 058 12,64' W
** 09P73767-1155_A
** PROFUNDIDADE: 310
** DATA/HORA: 051240Z/NOV/2019
** OPERADOR: SO-HN CHAVES
# nquan = 27
# nvalues = 2085                                  
# units = specified
# name 0 = scan: Scan Count
# name 1 = timeJ: Julian Days
# name 2 = latitude: Latitude [deg]
# name 3 = longitude: Longitude [deg]
# name 4 = dz/dtM: Descent Rate [m/s]
# name 5 = avgsvCM: Average Sound Velocity [Chen-Millero, m/s]
# name 6 = prDM: Pressure, Digiquartz [db]
# name 7 = depSM: Depth [salt water, m]
# name 8 = t090C: Temperature [ITS-90, deg C]
# name 9 = t190C: Temperature, 2 [ITS-90, deg C]
# name 10 = T2-T190C: Temperature Difference, 2 - 1 [ITS-90, deg C]
# name 11 = potemp090C: Potential Temperature [ITS-90, deg C]
# name 12 = potemp190C: Potential Temperature, 2 [ITS-90, deg C]
# name 13 = potemp90Cdiff: Potential Temperature, Diff, 2 - 1 [ITS-90, deg C]
# name 14 = c0S/m: Conductivity [S/m]
# name 15 = c1S/m: Conductivity, 2 [S/m]
# name 16 = C2-C1S/m: Conductivity Difference, 2 - 1 [S/m]
# name 17 = sal00: Salinity, Practical [PSU]
# name 18 = sal11: Salinity, Practical, 2 [PSU]
# name 19 = sbeox0ML/L: Oxygen, SBE 43 [ml/l]
# name 20 = sigma-é00: Density [sigma-theta, kg/m^3]
# name 21 = sigma-é11: Density, 2 [sigma-theta, kg/m^3]
# name 22 = sbox0Mm/Kg: Oxygen, SBE 43 [umol/kg]
# name 23 = oxsolMm/Kg: Oxygen Saturation, Garcia & Gordon [umol/kg]
# name 24 = oxsatMm/Kg: Oxygen Saturation, Weiss [umol/kg]
# name 25 = nbf: Bottles Fired
# name 26 = flag:  0.000e+00
# interval = seconds: 0.0416667
# start_time = Nov 05 2019 12:41:07 [NMEA time, header]
# bad_flag = -9.990e-29
*END*
[from data line 591]
        938 309.529005  -62.22236  -58.21132     -0.169       0.00      2.055      2.036    -0.7656    -0.7660    -0.0004    -0.7656    -0.7660    -0.0004   2.776316   2.776665   0.000348    34.1611    34.1662     7.5687    27.4643    27.4685    328.985  357.34914  358.98309          4  0.000e+00
        939 309.529006  -62.22236  -58.21132     -0.173       0.00      2.055      2.036    -0.7654    -0.7660    -0.0006    -0.7654    -0.7660    -0.0006   2.776316   2.776670   0.000354    34.1608    34.1663     7.5688    27.4640    27.4685    328.989  357.34768  358.98156          4  0.000e+00
        940 309.529006  -62.22236  -58.21132     -0.177       0.00      2.055      2.036    -0.7652    -0.7657    -0.0005    -0.7652    -0.7657    -0.0005   2.776316   2.776688   0.000371    34.1606    34.1662     7.5742    27.4639    27.4684    329.220  357.34659  358.98042          4  0.000e+00
        941 309.529007  -62.22236  -58.21132     -0.183       0.00      2.001      1.981    -0.7652    -0.7660    -0.0008    -0.7652    -0.7660    -0.0008   2.776316   2.776676   0.000360    34.1606    34.1664     7.5691    27.4639    27.4686    329.002  357.34649  358.98033          4  0.000e+00
        942 309.529007  -62.22236  -58.21132     -0.185       0.00      2.055      2.036    -0.7652    -0.7657    -0.0006    -0.7652    -0.7658    -0.0006   2.776352   2.776670   0.000318    34.1611    34.1660     7.5686    27.4643    27.4683    328.979  357.34522  358.97908          4  0.000e+00
        943 309.529008  -62.22236  -58.21132     -0.190       0.00      2.001      1.981    -0.7649    -0.7660    -0.0010    -0.7650    -0.7660    -0.0010   2.776364   2.776647   0.000283    34.1610    34.1660     7.5680    27.4642    27.4683    328.952  357.34322  358.97702          4  0.000e+00
        944 309.529008  -62.22236  -58.21132     -0.190       0.00      2.055      2.036    -0.7652    -0.7657    -0.0005    -0.7652    -0.7657    -0.0005   2.776328   2.776682   0.000354    34.1608    34.1661     7.5728    27.4640    27.4684    329.161  357.34613  358.97997          4  0.000e+00
        945 309.529008  -62.22236  -58.21132     -0.192       0.00      2.001      1.981    -0.7652    -0.7657    -0.0005    -0.7652    -0.7657    -0.0005   2.776292   2.776676   0.000384    34.1603    34.1661     7.5679    27.4636    27.4683    328.948  357.34740  358.98122          4  0.000e+00
        946 309.529009  -62.22236  -58.21132     -0.196       0.00      1.966      1.948    -0.7655    -0.7658    -0.0004    -0.7655    -0.7659    -0.0004   2.776268   2.776670   0.000402    34.1603    34.1662     7.5675    27.4637    27.4684    328.930  357.35008  358.98396          4  0.000e+00
        947 309.529009  -62.22236  -58.21132     -0.194       0.00      2.055      2.036    -0.7655    -0.7656    -0.0001    -0.7655    -0.7657    -0.0001   2.776280   2.776653   0.000373    34.1604    34.1657     7.5679    27.4638    27.4680    328.950  357.34978  358.98366          4  0.000e+00
        948 309.529010  -62.22236  -58.21132     -0.195       0.00      2.001      1.981    -0.7654    -0.7651     0.0003    -0.7655    -0.7651     0.0003   2.776304   2.776682   0.000378    34.1607    34.1655     7.5683    27.4640    27.4678    328.966  357.34841  358.98230          4  0.000e+00
        949 309.529010  -62.22236  -58.21132     -0.194       0.00      2.001      1.981    -0.7652    -0.7655    -0.0003    -0.7652    -0.7656    -0.0003   2.776292   2.776676   0.000384    34.1603    34.1659     7.5680    27.4636    27.4682    328.952  357.34740  358.98122          4  0.000e+00
        950 309.529011  -62.22236  -58.21132     -0.193       0.00      2.001      1.981    -0.7650    -0.7657    -0.0007    -0.7651    -0.7657    -0.0007   2.776304   2.776647   0.000343    34.1603    34.1657     7.5737    27.4636    27.4680    329.199  357.34586  358.97963          4  0.000e+00
        951 309.529011  -62.22236  -58.21132     -0.190       0.00      2.001      1.981    -0.7649    -0.7657    -0.0008    -0.7649    -0.7657    -0.0008   2.776334   2.776705   0.000371    34.1605    34.1665     7.5742    27.4638    27.4687    329.221  357.34399  358.97775          4  0.000e+00
        952 309.529012  -62.22236  -58.21132     -0.187       0.00      2.001      1.981    -0.7645    -0.7653    -0.0008    -0.7646    -0.7653    -0.0008   2.776340   2.776722   0.000382    34.1602    34.1663     7.5695    27.4635    27.4685    329.017  357.34157  358.97524          4  0.000e+00
        953 309.529012  -62.22236  -58.21132     -0.186       0.00      1.953      1.934    -0.7647    -0.7651    -0.0004    -0.7647    -0.7651    -0.0004   2.776358   2.776757   0.000399    34.1606    34.1665     7.5693    27.4639    27.4687    329.007  357.34154  358.97525          4  0.000e+00
        954 309.529013  -62.22236  -58.21132     -0.185       0.00      2.001      1.981    -0.7644    -0.7654    -0.0010    -0.7645    -0.7654    -0.0010   2.776364   2.776791   0.000427    34.1604    34.1673     7.5691    27.4637    27.4693    329.000  357.33993  358.97359          4  0.000e+00
        955 309.529013  -62.22236  -58.21132     -0.184       0.00      1.953      1.934    -0.7640    -0.7644    -0.0005    -0.7640    -0.7645    -0.0005   2.776364   2.776802   0.000439    34.1599    34.1664     7.5688    27.4633    27.4686    328.989  357.33693  358.97046          4  0.000e+00
        956 309.529014  -62.22236  -58.21132     -0.176       0.00      2.021      2.002    -0.7641    -0.7640     0.0001    -0.7641    -0.7640     0.0001   2.776382   2.776820   0.000438    34.1603    34.1661     7.5688    27.4636    27.4683    328.988  357.33710  358.97067          4  0.000e+00
        957 309.529014  -62.22236  -58.21132     -0.175       0.00      1.953      1.934    -0.7638    -0.7638     0.0000    -0.7638    -0.7638     0.0000   2.776412   2.776808   0.000396    34.1604    34.1657     7.5686    27.4636    27.4680    328.979  357.33402  358.96753          4  0.000e+00
        958 309.529015  -62.22236  -58.21132     -0.172       0.00      1.953      1.934    -0.7634    -0.7640    -0.0006    -0.7634    -0.7640    -0.0006   2.776454   2.776820   0.000366    34.1605    34.1661     7.5633    27.4637    27.4683    328.749  357.32987  358.96330          4  0.000e+00
        959 309.529015  -62.22236  -58.21132     -0.167       0.00      2.001      1.981    -0.7633    -0.7643    -0.0010    -0.7634    -0.7644    -0.0010   2.776430   2.776768   0.000338    34.1601    34.1658     7.5678    27.4634    27.4680    328.944  357.33050  358.96390          4  0.000e+00
        960 309.529016  -62.22236  -58.21132     -0.163       0.00      1.953      1.934    -0.7627    -0.7646    -0.0019    -0.7627    -0.7646    -0.0019   2.776454   2.776751   0.000297    34.1597    34.1659     7.5737    27.4630    27.4681    329.199  357.32549  358.95873          4  0.000e+00
        961 309.529016  -62.22236  -58.21132     -0.158       0.00      2.001      1.981    -0.7631    -0.7646    -0.0014    -0.7632    -0.7646    -0.0014   2.776508   2.776734   0.000226    34.1609    34.1656     7.5686    27.4641    27.4679    328.981  357.32645  358.95985          4  0.000e+00
        962 309.529017  -62.22236  -58.21132     -0.150       0.00      2.001      1.981    -0.7627    -0.7648    -0.0022    -0.7627    -0.7649    -0.0022   2.776525   2.776745   0.000220    34.1606    34.1661     7.5695    27.4638    27.4683    329.016  357.32285  358.95614          4  0.000e+00
        963 309.529017  -62.22236  -58.21132     -0.145       0.00      2.001      1.981    -0.7622    -0.7646    -0.0024    -0.7623    -0.7646    -0.0024   2.776543   2.776734   0.000190    34.1604    34.1656     7.5747    27.4636    27.4679    329.243  357.31925  358.95242          4  0.000e+00
        964 309.529018  -62.22236  -58.21132     -0.141       0.00      1.953      1.934    -0.7620    -0.7644    -0.0025    -0.7620    -0.7645    -0.0025   2.776549   2.776722   0.000173    34.1602    34.1653     7.5755    27.4634    27.4677    329.280  357.31748  358.95059          4  0.000e+00
        965 309.529018  -62.22236  -58.21132     -0.134       0.00      2.001      1.981    -0.7617    -0.7648    -0.0030    -0.7618    -0.7648    -0.0030   2.776549   2.776722   0.000173    34.1599    34.1657     7.5713    27.4632    27.4680    329.097  357.31610  358.94915          4  0.000e+00
        966 309.529019  -62.22236  -58.21132     -0.127       0.00      2.021      2.002    -0.7615    -0.7654    -0.0040    -0.7615    -0.7655    -0.0040   2.776585   2.776705   0.000120    34.1601    34.1662     7.5706    27.4633    27.4684    329.068  357.31295  358.94594          4  0.000e+00
        967 309.529019  -62.22236  -58.21132     -0.118       0.00      2.001      1.981    -0.7613    -0.7652    -0.0039    -0.7613    -0.7653    -0.0039   2.776561   2.776734   0.000172    34.1595    34.1663     7.5700    27.4629    27.4685    329.040  357.31273  358.94566          4  0.000e+00
        968 309.529020  -62.22236  -58.21132     -0.112       0.00      2.001      1.981    -0.7613    -0.7651    -0.0038    -0.7613    -0.7651    -0.0038   2.776585   2.776751   0.000166    34.1599    34.1664     7.5694    27.4631    27.4686    329.012  357.31182  358.94477          4  0.000e+00
        969 309.529020  -62.22236  -58.21132     -0.109       0.00      1.953      1.934    -0.7611    -0.7646    -0.0035    -0.7611    -0.7646    -0.0035   2.776561   2.776751   0.000189    34.1593    34.1659     7.5695    27.4627    27.4681    329.018  357.31119  358.94405          4  0.000e+00
        970 309.529021  -62.22236  -58.21132     -0.102       0.00      2.001      1.981    -0.7612    -0.7644    -0.0033    -0.7612    -0.7645    -0.0033   2.776549   2.776768   0.000219    34.1593    34.1659     7.5698    27.4626    27.4682    329.031  357.31246  358.94534          4  0.000e+00
        971 309.529021  -62.22236  -58.21132     -0.091       0.00      2.055      2.036    -0.7613    -0.7645    -0.0032    -0.7613    -0.7646    -0.0032   2.776549   2.776797   0.000247    34.1593    34.1664     7.5753    27.4627    27.4685    329.270  357.31328  358.94620          4  0.000e+00
        972 309.529022  -62.22236  -58.21132     -0.089       0.00      1.953      1.934    -0.7615    -0.7638    -0.0024    -0.7615    -0.7639    -0.0024   2.776549   2.776762   0.000213    34.1596    34.1652     7.5762    27.4629    27.4675    329.311  357.31420  358.94717          4  0.000e+00
        973 309.529022  -62.22236  -58.21132     -0.081       0.00      2.001      1.981    -0.7619    -0.7638    -0.0019    -0.7620    -0.7639    -0.0019   2.776531   2.776785   0.000254    34.1599    34.1655     7.5774    27.4631    27.4677    329.362  357.31788  358.95096          4  0.000e+00
        974 309.529022  -62.22236  -58.21132     -0.072       0.00      2.055      2.036    -0.7621    -0.7641    -0.0020    -0.7622    -0.7642    -0.0020   2.776525   2.776802   0.000277    34.1599    34.1660     7.5726    27.4632    27.4682    329.151  357.31930  358.95242          4  0.000e+00
        975 309.529023  -62.22236  -58.21132     -0.071       0.00      1.919      1.900    -0.7622    -0.7641    -0.0020    -0.7622    -0.7642    -0.0020   2.776501   2.776802   0.000301    34.1598    34.1661     7.5719    27.4631    27.4683    329.123  357.32033  358.95346          4  0.000e+00
        976 309.529023  -62.22236  -58.21132     -0.057       0.00      2.103      2.083    -0.7622    -0.7639    -0.0017    -0.7623    -0.7640    -0.0017   2.776478   2.776780   0.000302    34.1594    34.1654     7.5724    27.4628    27.4677    329.143  357.32193  358.95505          4  0.000e+00
        977 309.529024  -62.22236  -58.21132     -0.047       0.00      2.055      2.036    -0.7626    -0.7638    -0.0013    -0.7626    -0.7639    -0.0013   2.776472   2.776814   0.000342    34.1597    34.1658     7.5727    27.4631    27.4680    329.157  357.32426  358.95748          4  0.000e+00
        978 309.529024  -62.22236  -58.21132     -0.043       0.00      2.001      1.981    -0.7629    -0.7640    -0.0011    -0.7629    -0.7640    -0.0011   2.776472   2.776785   0.000314    34.1601    34.1656     7.5722    27.4634    27.4679    329.135  357.32599  358.95929          4  0.000e+00
        979 309.529025  -62.22236  -58.21132     -0.039       0.00      2.001      1.981    -0.7636    -0.7641    -0.0005    -0.7637    -0.7642    -0.0005   2.776430   2.776808   0.000378    34.1604    34.1661     7.5727    27.4636    27.4683    329.156  357.33232  358.96580          4  0.000e+00
        980 309.529025  -62.22236  -58.21132     -0.032       0.00      2.055      2.036    -0.7637    -0.7651    -0.0013    -0.7638    -0.7651    -0.0013   2.776400   2.776848   0.000449    34.1601    34.1677     7.5791    27.4634    27.4696    329.435  357.33429  358.96777          4  0.000e+00
        981 309.529026  -62.22236  -58.21132     -0.024       0.00      2.055      2.036    -0.7644    -0.7648    -0.0004    -0.7645    -0.7649    -0.0004   2.776412   2.776791   0.000379    34.1610    34.1667     7.5752    27.4642    27.4688    329.266  357.33821  358.97190          4  0.000e+00
        982 309.529026  -62.22236  -58.21132     -0.019       0.00      2.001      1.981    -0.7642    -0.7648    -0.0005    -0.7643    -0.7648    -0.0005   2.776376   2.776837   0.000461    34.1604    34.1672     7.5756    27.4637    27.4692    329.281  357.33838  358.97200          4  0.000e+00
        983 309.529027  -62.22236  -58.21132     -0.011       0.00      2.055      2.036    -0.7641    -0.7638     0.0003    -0.7641    -0.7639     0.0003   2.776400   2.776814   0.000414    34.1605    34.1658     7.5760    27.4637    27.4680    329.301  357.33647  358.97006          4  0.000e+00
        984 309.529027  -62.22236  -58.21132     -0.009       0.00      2.001      1.981    -0.7640    -0.7641    -0.0002    -0.7640    -0.7642    -0.0002   2.776376   2.776785   0.000409    34.1601    34.1658     7.5756    27.4634    27.4680    329.285  357.33656  358.97009          4  0.000e+00
        985 309.529028  -62.22236  -58.21132      0.000       0.00      2.069      2.049    -0.7640    -0.7644    -0.0004    -0.7641    -0.7645    -0.0004   2.776382   2.776797   0.000415    34.1602    34.1663     7.5754    27.4635    27.4684    329.274  357.33682  358.97037          4  0.000e+00
        986 309.529028  -62.22236  -58.21132      0.006       0.00      2.055      2.036    -0.7641    -0.7648    -0.0008    -0.7641    -0.7649    -0.0008   2.776370   2.776780   0.000410    34.1601    34.1665     7.5751    27.4634    27.4686    329.260  357.33761  358.97117          4  0.000e+00
        987 309.529029  -62.22236  -58.21132      0.009       0.00      2.001      1.981    -0.7640    -0.7640    -0.0000    -0.7640    -0.7640    -0.0000   2.776364   2.776757   0.000393    34.1599    34.1653     7.5747    27.4633    27.4676    329.243  357.33701  358.97054          4  0.000e+00
        988 309.529029  -62.22236  -58.21132      0.017       0.00      2.103      2.083    -0.7644    -0.7635     0.0009    -0.7645    -0.7636     0.0009   2.776346   2.776751   0.000405    34.1601    34.1646     7.5746    27.4635    27.4670    329.238  357.34079  358.97443          4  0.000e+00
        989 309.529030  -62.22236  -58.21132      0.020       0.00      2.001      1.981    -0.7649    -0.7641     0.0008    -0.7649    -0.7642     0.0008   2.776358   2.776751   0.000393    34.1609    34.1653     7.5802    27.4641    27.4677    329.482  357.34308  358.97686          4  0.000e+00
        990 309.529030  -62.22236  -58.21132      0.022       0.00      2.055      2.036    -0.7651    -0.7645     0.0006    -0.7652    -0.7646     0.0006   2.776346   2.776728   0.000382    34.1609    34.1654     7.5807    27.4641    27.4678    329.506  357.34509  358.97892          4  0.000e+00
