Pos-Processados/process_op38/operantar38_016.ros
* Sea-Bird SBE 9 Data File:
* FileName = D:\OPERANTAR_XXXVIII\DADOS\OP38_016.hdr
* Software Version Seasave V 7.18c
* Temperature SN = 4808
* Conductivity SN = 3380
* Number of Bytes Per Scan = 34
* Number of Voltage Words = 3
* Number of Scans Averaged by the Deck Unit = 1
* NMEA Latitude = 62 13.34 S
* NMEA Longitude = 058 12.68 W
* NMEA UTC (Time) = Nov 05 2019 11:56:34
** H41
** NAVIO POLAR ALMIRANTE MAXIMIANO
** CRUZEIRO:
** OPERANTAR XXXVIII
** ESTAÇÃO: OP38_016
** LAT 62 13,33' S
** LONG 058 12,65' W
** 09P73767-1155_A
** PROFUNDIDADE: 310
** DATA/HORA: 051157Z/NOV/2019
** OPERADOR: SO-HN CHAVES
# nquan = 26
# nvalues = 1885                                  
# units = specified
# name 0 = scan: Scan Count
# name 1 = timeJ: Julian Days
# name 2 = latitude: Latitude [deg]
# name 3 = longitude: Longitude [deg]
# name 4 = dz/dtM: Descent Rate [m/s]
# name 5 = avgsvCM: Average Sound Velocity [Chen-Millero, m/s]
# name 6 = prDM: Pressure, Digiquartz [db]
# name 7 = depSM: Depth [salt water, m]
# name 8 = t090C: Temperature [ITS-90, deg C]
# name 9 = t190C: Temperature, 2 [ITS-90, deg C]
# name 10 = T2-T190C: Temperature Difference, 2 - 1 [ITS-90, deg C]
# name 11 = potemp090C: Potential Temperature [ITS-90, deg C]
# name 12 = potemp190C: Potential Temperature, 2 [ITS-90, deg C]
# name 13 = potemp90Cdiff: Potential Temperature, Diff, 2 - 1 [ITS-90, deg C]
# name 14 = c0S/m: Conductivity [S/m]
# name 15 = c1S/m: Conductivity, 2 [S/m]
# name 16 = C2-C1S/m: Conductivity Difference, 2 - 1 [S/m]
# name 17 = sal00: Salinity, Practical [PSU]
# name 18 = sal11: Salinity, Practical, 2 [PSU]
# name 19 = sbeox0ML/L: Oxygen, SBE 43 [ml/l]
# name 20 = sbeox1ML/L: Oxygen, SBE 43, 2 [ml/l]
# name 21 = sbeox0ML/Ldiff: Oxygen, SBE 43, Diff, 2 - 1 [ml/l]
# name 22 = sigma-é00: Density [sigma-theta, kg/m^3]
# name 23 = sigma-é11: Density, 2 [sigma-theta, kg/m^3]
# name 24 = nbf: Bottles Fired
# name 25 = flag:  0.000e+00
# interval = seconds: 0.0416667
# start_time = Nov 05 2019 11:56:34 [NMEA time, header]
# bad_flag = -9.990e-29
*END*
[from data line 892]
      27462 309.510859  -62.22236  -58.21130      0.001    1446.63     18.815     18.634    -0.8156    -0.8158    -0.0001    -0.8162    -0.8163    -0.0001   2.773133   2.773481   0.000348    34.1642    34.1690     7.5940     7.2792    -0.3148    27.4688    27.4727          6  0.000e+00
      27463 309.510859  -62.22236  -58.21130      0.007    1446.63     18.815     18.634    -0.8156    -0.8158    -0.0001    -0.8162    -0.8163    -0.0001   2.773109   2.773504   0.000395    34.1638    34.1693     7.5938     7.2796    -0.3142    27.4685    27.4730          6  0.000e+00
      27464 309.510860  -62.22236  -58.21130      0.013    1446.63     18.836     18.654    -0.8157    -0.8154     0.0003    -0.8162    -0.8160     0.0003   2.773121   2.773515   0.000394    34.1640    34.1691     7.5935     7.2788    -0.3148    27.4687    27.4728          6  0.000e+00
      27465 309.510860  -62.22236  -58.21130      0.014    1446.63     18.761     18.580    -0.8155    -0.8156    -0.0001    -0.8160    -0.8161    -0.0001   2.773139   2.773469   0.000330    34.1641    34.1687     7.5932     7.2780    -0.3152    27.4688    27.4725          6  0.000e+00
      27466 309.510861  -62.22236  -58.21130      0.019    1446.63     18.863     18.681    -0.8158    -0.8154     0.0004    -0.8163    -0.8160     0.0004   2.773133   2.773498   0.000365    34.1643    34.1689     7.5931     7.2783    -0.3147    27.4690    27.4726          6  0.000e+00
      27467 309.510861  -62.22236  -58.21130      0.018    1446.63     18.781     18.600    -0.8158    -0.8156     0.0002    -0.8163    -0.8161     0.0002   2.773121   2.773498   0.000377    34.1642    34.1691     7.5927     7.2786    -0.3141    27.4689    27.4728          6  0.000e+00
      27468 309.510862  -62.22236  -58.21130      0.025    1446.63     18.863     18.681    -0.8160    -0.8159     0.0001    -0.8165    -0.8164     0.0001   2.773121   2.773521   0.000400    34.1644    34.1697     7.5978     7.2791    -0.3187    27.4690    27.4733          6  0.000e+00
      27469 309.510862  -62.22236  -58.21130      0.027    1446.63     18.815     18.634    -0.8158    -0.8162    -0.0004    -0.8163    -0.8167    -0.0004   2.773103   2.773498   0.000395    34.1639    34.1697     7.5930     7.2794    -0.3136    27.4686    27.4733          6  0.000e+00
      27470 309.510863  -62.22236  -58.21130      0.027    1446.63     18.815     18.634    -0.8158    -0.8156     0.0002    -0.8163    -0.8161     0.0002   2.773133   2.773509   0.000376    34.1644    34.1692     7.5927     7.2797    -0.3130    27.4690    27.4729          6  0.000e+00
      27471 309.510863  -62.22236  -58.21130      0.032    1446.63     18.836     18.654    -0.8158    -0.8159    -0.0001    -0.8163    -0.8164    -0.0001   2.773127   2.773486   0.000359    34.1643    34.1692     7.5976     7.2801    -0.3175    27.4689    27.4729          6  0.000e+00
      27472 309.510864  -62.22236  -58.21130      0.033    1446.63     18.815     18.634    -0.8158    -0.8161    -0.0003    -0.8163    -0.8166    -0.0003   2.773127   2.773504   0.000377    34.1643    34.1697     7.5928     7.2804    -0.3124    27.4689    27.4733          6  0.000e+00
      27473 309.510864  -62.22236  -58.21130      0.037    1446.63     18.863     18.681    -0.8158    -0.8159    -0.0001    -0.8163    -0.8164    -0.0001   2.773139   2.773515   0.000376    34.1644    34.1696     7.5978     7.2808    -0.3170    27.4690    27.4732          6  0.000e+00
      27474 309.510865  -62.22236  -58.21130      0.039    1446.63     18.836     18.654    -0.8155    -0.8159    -0.0004    -0.8160    -0.8164    -0.0004   2.773133   2.773509   0.000376    34.1640    34.1695     7.5981     7.2799    -0.3182    27.4687    27.4732          6  0.000e+00
      27475 309.510865  -62.22236  -58.21130      0.041    1446.63     18.863     18.681    -0.8156    -0.8161    -0.0004    -0.8162    -0.8166    -0.0004   2.773163   2.773492   0.000329    34.1645    34.1695     7.5925     7.2802    -0.3123    27.4691    27.4731          6  0.000e+00
      27476 309.510866  -62.22236  -58.21130      0.045    1446.63     18.863     18.681    -0.8158    -0.8161    -0.0003    -0.8163    -0.8166    -0.0003   2.773151   2.773509   0.000358    34.1646    34.1697     7.5921     7.2805    -0.3116    27.4692    27.4733          6  0.000e+00
      27477 309.510866  -62.22236  -58.21130      0.046    1446.63     18.836     18.654    -0.8155    -0.8161    -0.0005    -0.8160    -0.8166    -0.0005   2.773109   2.773509   0.000400    34.1637    34.1697     7.5969     7.2808    -0.3161    27.4684    27.4734          6  0.000e+00
      27478 309.510867  -62.22236  -58.21130      0.048    1446.63     18.863     18.681    -0.8156    -0.8158    -0.0001    -0.8162    -0.8163    -0.0001   2.773133   2.773492   0.000359    34.1641    34.1691     7.5972     7.2811    -0.3162    27.4688    27.4728          6  0.000e+00
      27479 309.510867  -62.22236  -58.21130      0.051    1446.63     18.863     18.681    -0.8157    -0.8162    -0.0005    -0.8162    -0.8167    -0.0005   2.773127   2.773509   0.000382    34.1641    34.1699     7.5975     7.2814    -0.3161    27.4688    27.4735          6  0.000e+00
      27480 309.510868  -62.22236  -58.21130      0.053    1446.63     18.863     18.681    -0.8158    -0.8161    -0.0003    -0.8163    -0.8166    -0.0003   2.773127   2.773486   0.000359    34.1642    34.1694     7.5978     7.2805    -0.3173    27.4689    27.4731          6  0.000e+00
      27481 309.510868  -62.22236  -58.21130      0.052    1446.63     18.836     18.654    -0.8158    -0.8157     0.0001    -0.8163    -0.8162     0.0001   2.773139   2.773504   0.000365    34.1644    34.1693     7.5980     7.2794    -0.3186    27.4690    27.4730          6  0.000e+00
      27482 309.510869  -62.22236  -58.21130      0.056    1446.63     18.911     18.729    -0.8160    -0.8164    -0.0004    -0.8165    -0.8169    -0.0004   2.773133   2.773475   0.000342    34.1645    34.1696     7.5983     7.2727    -0.3256    27.4691    27.4732          6  0.000e+00
      27483 309.510869  -62.22236  -58.21130      0.059    1446.63     18.863     18.681    -0.8161    -0.8161     0.0000    -0.8166    -0.8166     0.0000   2.773121   2.773498   0.000377    34.1645    34.1696     7.5984     7.2775    -0.3209    27.4691    27.4732          6  0.000e+00
      27484 309.510870  -62.22236  -58.21130      0.060    1446.63     18.884     18.702    -0.8158    -0.8158     0.0001    -0.8163    -0.8163     0.0001   2.773139   2.773492   0.000353    34.1644    34.1691     7.5985     7.2777    -0.3208    27.4690    27.4728          6  0.000e+00
      27485 309.510870  -62.22236  -58.21130      0.061    1446.63     18.863     18.681    -0.8158    -0.8162    -0.0004    -0.8163    -0.8167    -0.0004   2.773151   2.773492   0.000341    34.1646    34.1696     7.5986     7.2838    -0.3148    27.4692    27.4733          6  0.000e+00
      27486 309.510870  -62.22236  -58.21130      0.065    1446.63     18.911     18.729    -0.8158    -0.8161    -0.0003    -0.8163    -0.8166    -0.0003   2.773109   2.773504   0.000395    34.1640    34.1696     7.5935     7.2793    -0.3143    27.4687    27.4732          6  0.000e+00
      27487 309.510871  -62.22236  -58.21130      0.066    1446.63     18.884     18.702    -0.8158    -0.8162    -0.0004    -0.8163    -0.8167    -0.0004   2.773151   2.773492   0.000341    34.1646    34.1696     7.5928     7.2794    -0.3134    27.4691    27.4733          6  0.000e+00
      27488 309.510871  -62.22236  -58.21130      0.065    1446.63     18.863     18.681    -0.8160    -0.8158     0.0002    -0.8165    -0.8163     0.0002   2.773121   2.773527   0.000406    34.1644    34.1696     7.5973     7.2736    -0.3237    27.4690    27.4732          6  0.000e+00
      27489 309.510872  -62.22236  -58.21130      0.066    1446.63     18.911     18.729    -0.8160    -0.8162    -0.0002    -0.8165    -0.8167    -0.0002   2.773133   2.773515   0.000382    34.1645    34.1699     7.5973     7.2786    -0.3187    27.4691    27.4735          6  0.000e+00
      27490 309.510872  -62.22236  -58.21130      0.074    1446.63     18.966     18.783    -0.8160    -0.8159     0.0001    -0.8165    -0.8164     0.0001   2.773145   2.773492   0.000347    34.1646    34.1692     7.5974     7.2788    -0.3186    27.4692    27.4729          6  0.000e+00
      27491 309.510873  -62.22236  -58.21130      0.074    1446.63     18.884     18.702    -0.8158    -0.8154     0.0004    -0.8163    -0.8160     0.0004   2.773109   2.773509   0.000400    34.1640    34.1690     7.5973     7.2788    -0.3184    27.4687    27.4727          6  0.000e+00
      27492 309.510873  -62.22236  -58.21130      0.072    1446.63     18.863     18.681    -0.8158    -0.8162    -0.0004    -0.8163    -0.8167    -0.0004   2.773133   2.773509   0.000376    34.1643    34.1698     7.5972     7.2791    -0.3180    27.4690    27.4734          6  0.000e+00
      27493 309.510874  -62.22236  -58.21130      0.071    1446.63     18.911     18.729    -0.8156    -0.8158    -0.0001    -0.8162    -0.8163    -0.0001   2.773109   2.773509   0.000400    34.1638    34.1693     7.5971     7.2793    -0.3178    27.4685    27.4730          6  0.000e+00
      27494 309.510874  -62.22236  -58.21130      0.076    1446.63     18.932     18.749    -0.8158    -0.8156     0.0002    -0.8163    -0.8161     0.0002   2.773097   2.773515   0.000418    34.1638    34.1692     7.5970     7.2795    -0.3176    27.4685    27.4729          6  0.000e+00
      27495 309.510875  -62.22236  -58.21130      0.076    1446.63     18.911     18.729    -0.8161    -0.8161     0.0000    -0.8166    -0.8166     0.0000   2.773097   2.773527   0.000429    34.1641    34.1699     7.5969     7.2797    -0.3172    27.4688    27.4735          6  0.000e+00
      27496 309.510875  -62.22236  -58.21130      0.080    1446.63     18.966     18.783    -0.8158    -0.8158     0.0001    -0.8163    -0.8163     0.0001   2.773121   2.773498   0.000377    34.1641    34.1691     7.5915     7.2799    -0.3116    27.4688    27.4729          6  0.000e+00
      27497 309.510876  -62.22236  -58.21130      0.077    1446.63     18.884     18.702    -0.8160    -0.8159     0.0001    -0.8165    -0.8164     0.0001   2.773121   2.773527   0.000406    34.1643    34.1697     7.5965     7.2801    -0.3164    27.4690    27.4734          6  0.000e+00
      27498 309.510876  -62.22236  -58.21130      0.079    1446.63     18.966     18.783    -0.8158    -0.8158     0.0001    -0.8163    -0.8163     0.0001   2.773121   2.773532   0.000411    34.1641    34.1696     7.5972     7.2744    -0.3227    27.4688    27.4732          6  0.000e+00
      27499 309.510877  -62.22236  -58.21130      0.079    1446.63     18.911     18.729    -0.8160    -0.8159     0.0001    -0.8165    -0.8164     0.0001   2.773127   2.773498   0.000371    34.1644    34.1693     7.5977     7.2782    -0.3196    27.4690    27.4730          6  0.000e+00
      27500 309.510877  -62.22236  -58.21130      0.074    1446.63     18.863     18.681    -0.8160    -0.8162    -0.0002    -0.8165    -0.8167    -0.0002   2.773103   2.773509   0.000406    34.1641    34.1699     7.5983     7.2784    -0.3200    27.4688    27.4735          6  0.000e+00
      27501 309.510878  -62.22236  -58.21130      0.082    1446.63     19.034     18.851    -0.8160    -0.8161    -0.0001    -0.8165    -0.8166    -0.0001   2.773121   2.773469   0.000348    34.1643    34.1691     7.5983     7.2775    -0.3208    27.4689    27.4728          6  0.000e+00
      27502 309.510878  -62.22236  -58.21130      0.083    1446.63     18.966     18.783    -0.8158    -0.8161    -0.0003    -0.8163    -0.8166    -0.0003   2.773103   2.773481   0.000378    34.1639    34.1693     7.5988     7.2776    -0.3212    27.4686    27.4730          6  0.000e+00
      27503 309.510879  -62.22236  -58.21130      0.084    1446.63     18.966     18.783    -0.8160    -0.8161    -0.0001    -0.8165    -0.8166    -0.0001   2.773133   2.773492   0.000359    34.1645    34.1694     7.5994     7.2777    -0.3217    27.4691    27.4731          6  0.000e+00
      27504 309.510879  -62.22236  -58.21130      0.085    1446.63     18.932     18.749    -0.8158    -0.8165    -0.0007    -0.8163    -0.8170    -0.0007   2.773133   2.773463   0.000330    34.1643    34.1695     7.5999     7.2779    -0.3220    27.4689    27.4732          6  0.000e+00
      27505 309.510880  -62.22236  -58.21130      0.084    1446.63     18.911     18.729    -0.8158    -0.8164    -0.0006    -0.8163    -0.8169    -0.0006   2.773121   2.773458   0.000337    34.1641    34.1693     7.5953     7.2780    -0.3172    27.4688    27.4730          6  0.000e+00
      27506 309.510880  -62.22236  -58.21130      0.087    1446.63     19.014     18.831    -0.8158    -0.8168    -0.0010    -0.8163    -0.8174    -0.0010   2.773139   2.773463   0.000324    34.1643    34.1699     7.5952     7.2772    -0.3181    27.4689    27.4735          7  0.000e+00
      27507 309.510881  -62.22236  -58.21130      0.084    1446.63     18.932     18.749    -0.8160    -0.8167    -0.0007    -0.8165    -0.8172    -0.0007   2.773133   2.773475   0.000342    34.1645    34.1699     7.5942     7.2771    -0.3171    27.4691    27.4735          7  0.000e+00
      27508 309.510881  -62.22236  -58.21130      0.088    1446.63     19.014     18.831    -0.8163    -0.8164    -0.0001    -0.8168    -0.8169    -0.0001   2.773079   2.773463   0.000384    34.1640    34.1694     7.5935     7.2773    -0.3162    27.4687    27.4731          7  0.000e+00
      27509 309.510882  -62.22236  -58.21130      0.085    1446.63     18.966     18.783    -0.8165    -0.8165    -0.0001    -0.8170    -0.8170    -0.0001   2.773091   2.773463   0.000372    34.1644    34.1695     7.5925     7.2773    -0.3151    27.4691    27.4732          7  0.000e+00
      27510 309.510882  -62.22236  -58.21130      0.088    1446.63     18.987     18.803    -0.8165    -0.8165    -0.0001    -0.8170    -0.8170    -0.0001   2.773073   2.773475   0.000402    34.1642    34.1697     7.5968     7.2775    -0.3193    27.4688    27.4733          7  0.000e+00
      27511 309.510883  -62.22236  -58.21130      0.088    1446.63     18.966     18.783    -0.8165    -0.8162     0.0002    -0.8170    -0.8167     0.0002   2.773067   2.773446   0.000379    34.1641    34.1690     7.5914     7.2775    -0.3139    27.4688    27.4727          7  0.000e+00
      27512 309.510883  -62.22236  -58.21130      0.091    1446.63     19.014     18.830    -0.8165    -0.8168    -0.0004    -0.8170    -0.8174    -0.0004   2.773073   2.773435   0.000361    34.1641    34.1695     7.5904     7.2778    -0.3127    27.4688    27.4732          7  0.000e+00
      27513 309.510883  -62.22236  -58.21130      0.091    1446.63     18.966     18.783    -0.8166    -0.8162     0.0004    -0.8171    -0.8167     0.0004   2.773091   2.773452   0.000361    34.1645    34.1690     7.5894     7.2777    -0.3117    27.4692    27.4728          7  0.000e+00
      27514 309.510884  -62.22236  -58.21130      0.090    1446.63     19.034     18.851    -0.8165    -0.8162     0.0002    -0.8170    -0.8167     0.0002   2.773115   2.773440   0.000325    34.1647    34.1688     7.5885     7.2779    -0.3106    27.4693    27.4726          7  0.000e+00
      27515 309.510884  -62.22236  -58.21130      0.091    1446.63     18.966     18.783    -0.8165    -0.8160     0.0004    -0.8170    -0.8166     0.0004   2.773085   2.773475   0.000390    34.1643    34.1692     7.5875     7.2778    -0.3096    27.4690    27.4729          7  0.000e+00
      27516 309.510885  -62.22236  -58.21130      0.090    1446.63     19.014     18.830    -0.8163    -0.8162     0.0001    -0.8168    -0.8167     0.0001   2.773091   2.773463   0.000372    34.1642    34.1692     7.5865     7.2780    -0.3085    27.4689    27.4729          7  0.000e+00
