Pos-Processados/process_op38/operantar38_006.ros
* Sea-Bird SBE 9 Data File:
* FileName = D:\OPERANTAR_XXXVIII\DADOS\OP38_006.hdr
* Software Version Seasave V 7.18c
* Temperature SN = 4808
* Conductivity SN = 3380
* Number of Bytes Per Scan = 31
* Number of Voltage Words = 2
* Number of Scans Averaged by the Deck Unit = 1
* NMEA Latitude = 45 04.05 S
* NMEA Longitude = 051 28.82 W
* NMEA UTC (Time) = Oct 19 2019 17:49:21
** H41
** NAVIO POLAR ALMIRANTE MAXIMIANO
** CRUZEIRO:
** OPERANTAR XXXVIII
** ESTAÇÃO: OP38_006
** LAT 45º 04,05' S
** LONG 051º 28,85' W
** 09P73767-1155
** PROFUNDIDADE: 5872
** DATA/HORA: 191750Z/OUT/2019
** OPERADOR: SO-HN CHAVES
# nquan = 27
# nvalues = 4279                                  
# units = specified
# name 0 = scan: Scan Count
# name 1 = timeJ: Julian Days
# name 2 = latitude: Latitude [deg]
# name 3 = longitude: Longitude [deg]
# name 4 = dz/dtM: Descent Rate [m/s]
# name 5 = avgsvCM: Average Sound Velocity [Chen-Millero, m/s]
# name 6 = prDM: Pressure, Digiquartz [db]
# name 7 = depSM: Depth [salt water, m]
# name 8 = t090C: Temperature [ITS-90, deg C]
# name 9 = t190C: Temperature, 2 [ITS-90, deg C]
# name 10 = T2-T190C: Temperature Difference, 2 - 1 [ITS-90, deg C]
# name 11 = potemp090C: Potential Temperature [ITS-90, deg C]
# name 12 = potemp190C: Potential Temperature, 2 [ITS-90, deg C]
# name 13 = potemp90Cdiff: Potential Temperature, Diff, 2 - 1 [ITS-90, deg C]
# name 14 = c0S/m: Conductivity [S/m]
# name 15 = c1S/m: Conductivity, 2 [S/m]
# name 16 = C2-C1S/m: Conductivity Difference, 2 - 1 [S/m]
# name 17 = sal00: Salinity, Practical [PSU]
# name 18 = sal11: Salinity, Practical, 2 [PSU]
# name 19 = sbeox0ML/L: Oxygen, SBE 43 [ml/l]
# name 20 = sigma-é00: Density [sigma-theta, kg/m^3]
# name 21 = sigma-é11: Density, 2 [sigma-theta, kg/m^3]
# name 22 = sbox0Mm/Kg: Oxygen, SBE 43 [umol/kg]
# name 23 = oxsolMm/Kg: Oxygen Saturation, Garcia & Gordon [umol/kg]
# name 24 = oxsatMm/Kg: Oxygen Saturation, Weiss [umol/kg]
# name 25 = nbf: Bottles Fired
# name 26 = flag:  0.000e+00
# interval = seconds: 0.0416667
# start_time = Oct 19 2019 17:49:21 [NMEA time, header]
# bad_flag = -9.990e-29
*END*
[from data line 1772]
      70454 292.776580  -45.06754  -51.48048      0.130    1473.25      3.409      3.381     8.0301     8.0294    -0.0007     8.0298     8.0290    -0.0007   3.555234   3.555760   0.000526    34.2607    34.2670     6.6750    26.6887    26.6938    290.357  288.27380  288.59322         10  0.000e+00
      70455 292.776581  -45.06754  -51.48048      0.138    1473.25      3.409      3.381     8.0301     8.0295    -0.0006     8.0298     8.0292    -0.0006   3.555228   3.555735   0.000507    34.2606    34.2666     6.6752    26.6886    26.6935    290.365  288.27372  288.59313         10  0.000e+00
      70456 292.776581  -45.06754  -51.48048      0.142    1473.25      3.409      3.381     8.0298     8.0297    -0.0001     8.0295     8.0294    -0.0001   3.555201   3.555754   0.000552    34.2606    34.2666     6.6754    26.6887    26.6935    290.376  288.27587  288.59532         10  0.000e+00
      70457 292.776582  -45.06754  -51.48048      0.151    1473.25      3.464      3.435     8.0301     8.0295    -0.0006     8.0298     8.0292    -0.0006   3.555195   3.555735   0.000540    34.2602    34.2666     6.6795    26.6884    26.6934    290.552  288.27474  288.59415         10  0.000e+00
      70458 292.776582  -45.06754  -51.48048      0.157    1473.25      3.409      3.381     8.0299     8.0295    -0.0004     8.0296     8.0292    -0.0004   3.555195   3.555779   0.000584    34.2604    34.2671     6.6723    26.6886    26.6938    290.240  288.27535  288.59478         10  0.000e+00
      70459 292.776583  -45.06754  -51.48048      0.165    1473.25      3.464      3.435     8.0298     8.0294    -0.0004     8.0295     8.0291    -0.0004   3.555214   3.555766   0.000552    34.2607    34.2670     6.6764    26.6888    26.6938    290.419  288.27563  288.59508         10  0.000e+00
      70460 292.776583  -45.06752  -51.48048      0.173    1473.25      3.464      3.435     8.0296     8.0295    -0.0000     8.0292     8.0292    -0.0000   3.555182   3.555760   0.000578    34.2606    34.2668     6.6728    26.6887    26.6937    290.262  288.27726  288.59672         10  0.000e+00
      70461 292.776584  -45.06752  -51.48048      0.179    1473.25      3.464      3.435     8.0298     8.0295    -0.0002     8.0295     8.0292    -0.0002   3.555188   3.555785   0.000597    34.2605    34.2671     6.6765    26.6886    26.6939    290.421  288.27622  288.59566         10  0.000e+00
      70462 292.776584  -45.06752  -51.48048      0.185    1473.25      3.464      3.435     8.0298     8.0297    -0.0001     8.0295     8.0294    -0.0001   3.555214   3.555766   0.000552    34.2607    34.2667     6.6728    26.6888    26.6936    290.262  288.27563  288.59508         10  0.000e+00
      70463 292.776585  -45.06752  -51.48048      0.189    1473.25      3.464      3.436     8.0298     8.0292    -0.0006     8.0295     8.0289    -0.0006   3.555201   3.555785   0.000584    34.2606    34.2674     6.6765    26.6887    26.6942    290.422  288.27592  288.59537         10  0.000e+00
      70464 292.776585  -45.06752  -51.48048      0.194    1473.25      3.464      3.436     8.0299     8.0295    -0.0004     8.0296     8.0292    -0.0004   3.555241   3.555766   0.000526    34.2609    34.2669     6.6729    26.6889    26.6937    290.263  288.27437  288.59381         10  0.000e+00
      70465 292.776586  -45.06752  -51.48048      0.200    1473.25      3.512      3.483     8.0302     8.0294    -0.0009     8.0299     8.0290    -0.0009   3.555260   3.555760   0.000499    34.2608    34.2670     6.6766    26.6888    26.6938    290.424  288.27264  288.59205         10  0.000e+00
      70466 292.776586  -45.06752  -51.48048      0.203    1473.25      3.464      3.436     8.0302     8.0294    -0.0009     8.0299     8.0291    -0.0009   3.555260   3.555760   0.000499    34.2608    34.2670     6.6729    26.6888    26.6938    290.266  288.27260  288.59200         10  0.000e+00
      70467 292.776587  -45.06752  -51.48048      0.207    1473.25      3.512      3.483     8.0305     8.0297    -0.0008     8.0301     8.0293    -0.0008   3.555208   3.555760   0.000552    34.2600    34.2667     6.6763    26.6882    26.6935    290.411  288.27294  288.59231         10  0.000e+00
      70468 292.776587  -45.06752  -51.48048      0.210    1473.25      3.491      3.463     8.0305     8.0294    -0.0011     8.0301     8.0290    -0.0011   3.555267   3.555760   0.000493    34.2606    34.2670     6.6726    26.6887    26.6938    290.252  288.27159  288.59097         10  0.000e+00
      70469 292.776588  -45.06752  -51.48048      0.210    1473.25      3.512      3.483     8.0301     8.0295    -0.0006     8.0297     8.0292    -0.0006   3.555267   3.555779   0.000512    34.2610    34.2670     6.6683    26.6890    26.6938    290.063  288.27316  288.59259         10  0.000e+00
      70470 292.776588  -45.06752  -51.48048      0.212    1473.25      3.512      3.483     8.0305     8.0304    -0.0001     8.0301     8.0300    -0.0001   3.555260   3.555886   0.000626    34.2606    34.2674     6.6754    26.6886    26.6940    290.374  288.27176  288.59114         10  0.000e+00
      70471 292.776589  -45.06752  -51.48048      0.214    1473.25      3.512      3.483     8.0305     8.0304    -0.0001     8.0301     8.0300    -0.0001   3.555260   3.555893   0.000632    34.2606    34.2674     6.6676    26.6886    26.6940    290.033  288.27176  288.59114         10  0.000e+00
      70472 292.776589  -45.06752  -51.48048      0.217    1473.25      3.560      3.531     8.0306     8.0304    -0.0002     8.0303     8.0300    -0.0002   3.555287   3.555867   0.000581    34.2607    34.2671     6.6748    26.6887    26.6938    290.347  288.27055  288.58991         10  0.000e+00
      70473 292.776590  -45.06752  -51.48048      0.216    1473.25      3.512      3.483     8.0306     8.0308     0.0002     8.0303     8.0305     0.0002   3.555293   3.555899   0.000606    34.2608    34.2670     6.6746    26.6887    26.6936    290.340  288.27035  288.58972         10  0.000e+00
      70474 292.776590  -45.06752  -51.48048      0.212    1473.25      3.512      3.483     8.0306     8.0315     0.0009     8.0303     8.0312     0.0009   3.555267   3.555968   0.000701    34.2605    34.2671     6.6676    26.6885    26.6936    290.036  288.27094  288.59031         10  0.000e+00
      70475 292.776590  -45.06752  -51.48048      0.216    1473.25      3.560      3.531     8.0309     8.0322     0.0013     8.0306     8.0318     0.0013   3.555306   3.556006   0.000700    34.2606    34.2668     6.6744    26.6886    26.6933    290.332  288.26877  288.58811         10  0.000e+00
      70476 292.776591  -45.06752  -51.48048      0.212    1473.25      3.512      3.483     8.0303     8.0326     0.0023     8.0300     8.0323     0.0023   3.555300   3.556038   0.000738    34.2611    34.2667     6.6709    26.6891    26.6931    290.179  288.27153  288.59094         10  0.000e+00
      70477 292.776591  -45.06752  -51.48048      0.208    1473.25      3.512      3.483     8.0301     8.0326     0.0025     8.0297     8.0323     0.0025   3.555293   3.555994   0.000700    34.2613    34.2663     6.6666    26.6892    26.6928    289.991  288.27257  288.59200         10  0.000e+00
      70478 292.776592  -45.06752  -51.48048      0.206    1473.25      3.560      3.531     8.0302     8.0326     0.0024     8.0299     8.0323     0.0024   3.555293   3.555962   0.000669    34.2611    34.2659     6.6662    26.6890    26.6925    289.973  288.27195  288.59136         10  0.000e+00
      70479 292.776592  -45.06752  -51.48048      0.202    1473.25      3.560      3.531     8.0305     8.0316     0.0012     8.0301     8.0313     0.0012   3.555267   3.555899   0.000632    34.2606    34.2662     6.6653    26.6886    26.6929    289.936  288.27166  288.59104         10  0.000e+00
      70480 292.776593  -45.06752  -51.48048      0.195    1473.25      3.512      3.483     8.0303     8.0315     0.0012     8.0300     8.0312     0.0012   3.555306   3.555905   0.000599    34.2612    34.2664     6.6726    26.6891    26.6931    290.252  288.27139  288.59079         10  0.000e+00
      70481 292.776593  -45.06752  -51.48048      0.190    1473.25      3.560      3.531     8.0306     8.0312     0.0006     8.0303     8.0308     0.0006   3.555326   3.555943   0.000617    34.2611    34.2671     6.6726    26.6890    26.6937    290.251  288.26966  288.58903         10  0.000e+00
      70482 292.776594  -45.06752  -51.48048      0.188    1473.25      3.560      3.531     8.0308     8.0312     0.0004     8.0304     8.0308     0.0004   3.555306   3.555949   0.000643    34.2607    34.2672     6.6652    26.6887    26.6937    289.932  288.26944  288.58879         10  0.000e+00
      70483 292.776594  -45.06752  -51.48048      0.178    1473.25      3.512      3.483     8.0308     8.0313     0.0006     8.0304     8.0310     0.0006   3.555320   3.555930   0.000611    34.2609    34.2669     6.6648    26.6888    26.6934    289.913  288.26909  288.58845         10  0.000e+00
      70484 292.776595  -45.06752  -51.48048      0.176    1473.25      3.560      3.531     8.0311     8.0315     0.0004     8.0308     8.0311     0.0004   3.555346   3.555943   0.000597    34.2608    34.2668     6.6640    26.6887    26.6934    289.879  288.26700  288.58631         10  0.000e+00
      70485 292.776595  -45.06752  -51.48048      0.168    1473.25      3.560      3.531     8.0313     8.0316     0.0004     8.0309     8.0313     0.0004   3.555353   3.556000   0.000647    34.2607    34.2673     6.6637    26.6886    26.6937    289.863  288.26618  288.58548         10  0.000e+00
      70486 292.776596  -45.06752  -51.48048      0.162    1473.25      3.512      3.483     8.0313     8.0323     0.0011     8.0309     8.0320     0.0011   3.555352   3.555962   0.000610    34.2608    34.2663     6.6629    26.6886    26.6928    289.830  288.26613  288.58544         10  0.000e+00
      70487 292.776596  -45.06752  -51.48048      0.158    1473.25      3.615      3.585     8.0314     8.0323     0.0009     8.0311     8.0320     0.0009   3.555353   3.556000   0.000647    34.2606    34.2666     6.6627    26.6885    26.6931    289.820  288.26557  288.58485         10  0.000e+00
      70488 292.776597  -45.06752  -51.48048      0.150    1473.25      3.560      3.531     8.0313     8.0318     0.0006     8.0309     8.0315     0.0006   3.555353   3.555987   0.000635    34.2607    34.2670     6.6620    26.6886    26.6934    289.790  288.26618  288.58548         10  0.000e+00
      70489 292.776597  -45.06752  -51.48048      0.142    1473.25      3.512      3.484     8.0317     8.0321     0.0004     8.0314     8.0318     0.0004   3.555399   3.556006   0.000608    34.2608    34.2669     6.6616    26.6886    26.6933    289.775  288.26310  288.58236         10  0.000e+00
      70490 292.776598  -45.06752  -51.48048      0.135    1473.25      3.560      3.531     8.0316     8.0323     0.0007     8.0312     8.0320     0.0007   3.555392   3.556038   0.000646    34.2609    34.2670     6.6576    26.6887    26.6934    289.601  288.26396  288.58324         10  0.000e+00
      70491 292.776598  -45.06752  -51.48048      0.134    1473.25      3.615      3.585     8.0317     8.0321     0.0004     8.0314     8.0318     0.0004   3.555405   3.556019   0.000614    34.2608    34.2670     6.6532    26.6886    26.6934    289.410  288.26306  288.58231         10  0.000e+00
      70492 292.776599  -45.06752  -51.48048      0.127    1473.25      3.540      3.511     8.0316     8.0321     0.0005     8.0313     8.0318     0.0005   3.555366   3.556013   0.000647    34.2605    34.2669     6.6558    26.6884    26.6934    289.519  288.26431  288.58357         10  0.000e+00
      70493 292.776599  -45.06752  -51.48048      0.118    1473.25      3.560      3.531     8.0317     8.0323     0.0006     8.0314     8.0320     0.0006   3.555399   3.556057   0.000658    34.2608    34.2672     6.6587    26.6886    26.6936    289.648  288.26315  288.58241         10  0.000e+00
      70494 292.776600  -45.06752  -51.48048      0.112    1473.25      3.560      3.531     8.0316     8.0323     0.0007     8.0312     8.0320     0.0007   3.555418   3.556031   0.000613    34.2611    34.2670     6.6591    26.6889    26.6934    289.665  288.26337  288.58265         10  0.000e+00
      70495 292.776600  -45.06752  -51.48048      0.109    1473.25      3.615      3.586     8.0317     8.0323     0.0006     8.0314     8.0320     0.0006   3.555392   3.556038   0.000646    34.2607    34.2670     6.6592    26.6885    26.6934    289.668  288.26335  288.58261         10  0.000e+00
      70496 292.776601  -45.06752  -51.48048      0.104    1473.25      3.560      3.531     8.0319     8.0328     0.0009     8.0316     8.0325     0.0009   3.555405   3.556095   0.000690    34.2606    34.2672     6.6591    26.6885    26.6934    289.667  288.26211  288.58135         10  0.000e+00
      70497 292.776601  -45.06752  -51.48048      0.099    1473.25      3.560      3.531     8.0317     8.0338     0.0021     8.0314     8.0334     0.0021   3.555392   3.556133   0.000741    34.2607    34.2666     6.6511    26.6885    26.6929    289.318  288.26330  288.58255         10  0.000e+00
      70498 292.776602  -45.06752  -51.48048      0.097    1473.25      3.615      3.586     8.0317     8.0336     0.0019     8.0314     8.0333     0.0019   3.555385   3.556139   0.000753    34.2606    34.2668     6.6544    26.6885    26.6930    289.459  288.26350  288.58275         10  0.000e+00
      70499 292.776602  -45.06752  -51.48048      0.094    1473.25      3.560      3.531     8.0319     8.0336     0.0017     8.0316     8.0333     0.0017   3.555405   3.556164   0.000759    34.2606    34.2671     6.6579    26.6885    26.6933    289.613  288.26211  288.58135         11  0.000e+00
      70500 292.776603  -45.06752  -51.48048      0.091    1473.25      3.615      3.586     8.0318     8.0338     0.0020     8.0314     8.0334     0.0020   3.555392   3.556196   0.000804    34.2606    34.2673     6.6582    26.6885    26.6934    289.626  288.26313  288.58238         11  0.000e+00
      70501 292.776603  -45.06752  -51.48048      0.085    1473.25      3.560      3.531     8.0319     8.0335     0.0015     8.0316     8.0331     0.0015   3.555405   3.556183   0.000778    34.2606    34.2675     6.6584    26.6885    26.6936    289.634  288.26211  288.58135         11  0.000e+00
      70502 292.776603  -45.06752  -51.48048      0.083    1473.25      3.615      3.586     8.0317     8.0335     0.0017     8.0314     8.0331     0.0017   3.555418   3.556120   0.000702    34.2610    34.2668     6.6587    26.6887    26.6930    289.649  288.26276  288.58202         11  0.000e+00
      70503 292.776604  -45.06752  -51.48048      0.082    1473.25      3.615      3.586     8.0319     8.0328     0.0009     8.0316     8.0325     0.0009   3.555418   3.556133   0.000714    34.2608    34.2675     6.6513    26.6885    26.6937    289.327  288.26187  288.58111         11  0.000e+00
      70504 292.776604  -45.06752  -51.48048      0.079    1473.25      3.615      3.586     8.0319     8.0336     0.0017     8.0316     8.0333     0.0017   3.555392   3.556139   0.000747    34.2605    34.2668     6.6548    26.6883    26.6930    289.477  288.26246  288.58170         11  0.000e+00
      70505 292.776605  -45.06752  -51.48048      0.073    1473.25      3.560      3.531     8.0316     8.0335     0.0019     8.0312     8.0331     0.0019   3.555405   3.556120   0.000715    34.2610    34.2668     6.6587    26.6888    26.6931    289.645  288.26367  288.58294         11  0.000e+00
      70506 292.776605  -45.06752  -51.48048      0.074    1473.25      3.615      3.586     8.0319     8.0328     0.0009     8.0316     8.0325     0.0009   3.555372   3.556107   0.000735    34.2603    34.2673     6.6596    26.6882    26.6935    289.685  288.26291  288.58213         11  0.000e+00
