Pos-Processados/process_op38/operantar38_003b.cnv
* Sea-Bird SBE 9 Data File:
* FileName = D:\OPERANTAR_XXXVIII\DADOS\OP38_003b.hdr
* Software Version Seasave V 7.12
* Temperature SN = 4808
* Conductivity SN = 3380
* Number of Bytes Per Scan = 31
* Number of Voltage Words = 2
* Number of Scans Averaged by the Deck Unit = 1
* NMEA Latitude = 39 32.86 S
* NMEA Longitude = 054 23.47 W
* NMEA UTC (Time) = Jan 17 2019 09:51:02
** H41
** NAVIO POLAR ALMIRANTE MAXIMIANO
** CRUZEIRO:
** OPERANTAR XXXVIII
** ESTAวรO: OP38_003b
** LAT 39บ 32,86'S
** LONG 054บ 23,47'W
** 09P73767-1155
** PROFUNDIDADE: 2920 m
** DATA/HORA: 170950Z/OUT/2019
** OPERADOR: SO-HN CHAVES
# nquan = 30
# nvalues = 35                          
# units = specified
# name 0 = scan: Scan Count
# name 1 = timeJ: Julian Days
# name 2 = latitude: Latitude [deg]
# name 3 = longitude: Longitude [deg]
# name 4 = dz/dtM: Descent Rate [m/s]
# name 5 = avgsvCM: Average Sound Velocity [Chen-Millero, m/s]
# name 6 = prDM: Pressure, Digiquartz [db]
# name 7 = depSM: Depth [salt water, m]
# name 8 = t090C: Temperature [ITS-90, deg C]
# name 9 = t190C: Temperature, 2 [ITS-90, deg C]
# name 10 = T2-T190C: Temperature Difference, 2 - 1 [ITS-90, deg C]
# name 11 = potemp090C: Potential Temperature [ITS-90, deg C]
# name 12 = potemp190C: Potential Temperature, 2 [ITS-90, deg C]
# name 13 = potemp90Cdiff: Potential Temperature, Diff, 2 - 1 [ITS-90, deg C]
# name 14 = c0S/m: Conductivity [S/m]
# name 15 = c1S/m: Conductivity, 2 [S/m]
# name 16 = C2-C1S/m: Conductivity Difference, 2 - 1 [S/m]
# name 17 = sal00: Salinity, Practical [PSU]
# name 18 = sal11: Salinity, Practical, 2 [PSU]
# name 19 = sbeox0ML/L: Oxygen, SBE 43 [ml/l]
# name 20 = sigma-้00: Density [sigma-theta, kg/m^3]
# name 21 = sigma-้11: Density, 2 [sigma-theta, kg/m^3]
# name 22 = sal00: Salinity, Practical [PSU]
# name 23 = sigma-้00: Density [sigma-theta, kg/m^3]
# name 24 = svCM: Sound Velocity [Chen-Millero, m/s]
# name 25 = svCM1: Sound Velocity, 2 [Chen-Millero, m/s]
# name 26 = gsw_ptA0: potential temperature [ITS-90, deg C]
# name 27 = gsw_densityA0: density, TEOS-10 [density, kg/m^3]
# name 28 = gsw_saA0: Absolute Salinity [g/kg]
# name 29 = flag:
# span 0 =       2112,       6587       
# span 1 =  17.411458,  17.413616       
# span 2 =  -39.54772,  -39.54770       
# span 3 =  -54.39122,  -54.39120       
# span 4 =     -0.822,      0.385       
# span 5 =    1474.69,    1474.69       
# span 6 =      3.000,     36.000       
# span 7 =      2.977,     35.698       
# span 8 =     6.0228,     6.7049       
# span 9 =     6.0309,     6.7293       
# span 10 =    -0.0267,     0.0244      
# span 11 =     6.0197,     6.7046      
# span 12 =     6.0279,     6.7291      
# span 13 =    -0.0267,     0.0244      
# span 14 =   3.359647,   3.419996      
# span 15 =   3.360831,   3.422947      
# span 16 =  -0.001969,   0.002797      
# span 17 =    34.0815,    34.0982      
# span 18 =    34.0844,    34.1046      
# span 19 =     7.2259,     7.5416      
# span 20 =    26.7480,    26.8268      
# span 21 =    26.7499,    26.8312      
# span 22 =    34.0821,    34.1041      
# span 23 =    26.7475,    26.8309      
# span 24 =    1474.28,    1476.43      
# span 25 =    1474.31,    1476.54      
# span 26 =     6.0198,     6.7046      
# span 27 =  1026.7628,  1026.9979      
# span 28 =    34.2430,    34.2652      
# span 29 = 0.0000e+00, 0.0000e+00      
# interval = decibars: 1                
# start_time = Jan 17 2019 09:51:02 [NMEA time, header]
# bad_flag = -9.990e-29
*END*
       2112  17.411458  -39.54770  -54.39120      0.012    1474.69     35.000     34.738     6.1617     6.1586    -0.0031     6.1587     6.1556    -0.0031   3.371381   3.371660   0.000236    34.0840    34.0897     7.3954    26.8087    26.8136    34.0825    26.8075    1474.80    1474.79     6.1587  1026.9698    34.2434 0.0000e+00
       4044  17.412389  -39.54770  -54.39120      0.385    1474.69     36.000     35.698     6.0228     6.0309     0.0081     6.0197     6.0279     0.0081   3.359647   3.360831   0.001332    34.0846    34.0915     7.3982    26.8268    26.8312    34.0897    26.8309    1474.28    1474.31     6.0198  1026.9979    34.2509 0.0000e+00
       3680  17.412214 -9.990e-29  -54.39120     -0.285    1474.69     35.000     34.735     6.0897     6.1016     0.0119     6.0867     6.0986     0.0119   3.365133   3.366738   0.001577    34.0842    34.0900     7.3608    26.8180    26.8211    34.0846    26.8184    1474.52    1474.57     6.0867  1026.9808    34.2457 0.0000e+00
       4552  17.412635  -39.54770  -54.39120     -0.389    1474.69     34.000     33.720     6.0432     6.0642     0.0210     6.0404     6.0614     0.0210   3.361272   3.363408   0.002135    34.0815    34.0844     7.2259    26.8218    26.8214    34.0885    26.8273    1474.32    1474.41     6.0403  1026.9850    34.2495 0.0000e+00
       4755  17.412733 -9.990e-29  -54.39120     -0.495    1474.69     33.000     32.746     6.1132     6.1121    -0.0010     6.1104     6.1094    -0.0010   3.367399   3.367748   0.000446    34.0819    34.0879     7.3376    26.8132    26.8181    34.0875    26.8176    1474.58    1474.58     6.1104  1026.9708    34.2486 0.0000e+00
       4793  17.412751 -9.990e-29  -54.39120     -0.647    1474.69     32.000     31.754     6.1454     6.1331    -0.0122     6.1427     6.1304    -0.0122   3.370312   3.369710  -0.000586    34.0828    34.0885     7.3699    26.8098    26.8159    34.0884    26.8142    1474.69    1474.65     6.1427  1026.9627    34.2494 0.0000e+00
       4852  17.412779  -39.54771  -54.39120     -0.419    1474.69     31.000     30.763     6.1670     6.1659    -0.0011     6.1644     6.1633    -0.0011   3.371982   3.372390   0.000418    34.0820    34.0878     7.4208    26.8063    26.8111    34.0858    26.8094    1474.76    1474.76     6.1644  1026.9533    34.2468 0.0000e+00
       4964  17.412833  -39.54771  -54.39120     -0.249    1474.69     30.000     29.765     6.1735     6.1738     0.0003     6.1710     6.1713     0.0003   3.372377   3.372931   0.000568    34.0824    34.0885     7.4466    26.8059    26.8106    34.0843    26.8074    1474.77    1474.78     6.1709  1026.9467    34.2453 0.0000e+00
       4993  17.412847  -39.54772  -54.39120     -0.667    1474.69     29.000     28.777     6.1753     6.1732    -0.0020     6.1728     6.1708    -0.0020   3.372524   3.372869   0.000363    34.0827    34.0887     7.4336    26.8058    26.8109    34.0847    26.8074    1474.76    1474.76     6.1728  1026.9421    34.2456 0.0000e+00
       5035  17.412867  -39.54772  -54.39120     -0.596    1474.69     28.000     27.789     6.1815     6.1800    -0.0015     6.1791     6.1776    -0.0015   3.372982   3.373378   0.000399    34.0824    34.0884     7.4440    26.8048    26.8098    34.0840    26.8061    1474.77    1474.77     6.1791  1026.9362    34.2450 0.0000e+00
       5126  17.412912  -39.54770  -54.39120     -0.179    1474.69     27.000     26.789     6.1866     6.1869     0.0003     6.1843     6.1846     0.0003   3.373290   3.373845   0.000559    34.0820    34.0879     7.4751    26.8038    26.8085    34.0829    26.8045    1474.77    1474.78     6.1843  1026.9300    34.2438 0.0000e+00
       5179  17.412937  -39.54771  -54.39120     -0.466    1474.69     26.000     25.801     6.1885     6.1872    -0.0014     6.1863     6.1850    -0.0014   3.373344   3.373831   0.000488    34.0818    34.0882     7.4914    26.8034    26.8086    34.0821    26.8036    1474.76    1474.76     6.1863  1026.9245    34.2430 0.0000e+00
       5220  17.412957  -39.54772  -54.39120     -0.570    1474.69     25.000     24.811     6.1895     6.1883    -0.0012     6.1874     6.1861    -0.0012   3.373434   3.373879   0.000454    34.0820    34.0883     7.4866    26.8034    26.8086    34.0826    26.8039    1474.75    1474.75     6.1874  1026.9202    34.2436 0.0000e+00
       5273  17.412982  -39.54770  -54.39120     -0.449    1474.69     24.000     23.814     6.1909     6.1901    -0.0008     6.1889     6.1881    -0.0008   3.373487   3.373999   0.000505    34.0822    34.0883     7.4896    26.8034    26.8083    34.0823    26.8035    1474.73    1474.74     6.1889  1026.9151    34.2432 0.0000e+00
       5343  17.413016  -39.54771  -54.39120     -0.325    1474.69     23.000     22.823     6.1931     6.1929    -0.0003     6.1912     6.1910    -0.0003   3.373657   3.374161   0.000506    34.0821    34.0881     7.4938    26.8030    26.8078    34.0825    26.8033    1474.73    1474.73     6.1912  1026.9104    34.2434 0.0000e+00
       5373  17.413031  -39.54772  -54.39120     -0.697    1474.69     22.000     21.831     6.1916     6.1907    -0.0009     6.1897     6.1888    -0.0009   3.373471   3.373958   0.000482    34.0823    34.0886     7.4929    26.8034    26.8084    34.0825    26.8035    1474.70    1474.71     6.1897  1026.9060    34.2434 0.0000e+00
       5424  17.413055  -39.54770  -54.39120     -0.489    1474.69     21.000     20.839     6.1880     6.1878    -0.0002     6.1862     6.1861    -0.0002   3.373127   3.373649   0.000524    34.0826    34.0887     7.4927    26.8041    26.8089    34.0827    26.8041    1474.67    1474.68     6.1862  1026.9020    34.2436 0.0000e+00
       5497  17.413090  -39.54771  -54.39120     -0.327    1474.69     20.000     19.848     6.2016     6.1993    -0.0024     6.1999     6.1976    -0.0024   3.374412   3.374676   0.000305    34.0826    34.0884     7.4820    26.8023    26.8072    34.0839    26.8033    1474.71    1474.71     6.1999  1026.8966    34.2449 0.0000e+00
       5526  17.413104  -39.54772  -54.39120     -0.709    1474.69     19.000     18.853     6.2078     6.2004    -0.0074     6.2061     6.1988    -0.0074   3.374866   3.374784  -0.000099    34.0825    34.0888     7.4892    26.8014    26.8073    34.0834    26.8021    1474.72    1474.70     6.2061  1026.8908    34.2443 0.0000e+00
       5556  17.413119  -39.54771  -54.39120     -0.822    1474.69     18.000     17.864     6.2117     6.2106    -0.0011     6.2102     6.2091    -0.0011   3.375228   3.375586   0.000403    34.0827    34.0882     7.5179    26.8010    26.8056    34.0840    26.8021    1474.72    1474.72     6.2102  1026.8862    34.2449 0.0000e+00
       5601  17.413140  -39.54770  -54.39120     -0.556    1474.69     17.000     16.870     6.2472     6.2415    -0.0057     6.2457     6.2400    -0.0057   3.378656   3.378604  -0.000047    34.0837    34.0889     7.5416    26.7973    26.8021    34.0873    26.8001    1474.85    1474.83     6.2457  1026.8796    34.2483 0.0000e+00
       5659  17.413168  -39.54770  -54.39120     -0.391    1474.69     16.000     15.880     6.3096     6.3091    -0.0005     6.3082     6.3077    -0.0005   3.384188   3.384482   0.000391    34.0840    34.0889     7.5096    26.7895    26.7934    34.0871    26.7919    1475.08    1475.08     6.3082  1026.8668    34.2481 0.0000e+00
       5693  17.413185  -39.54770  -54.39120     -0.653    1474.69     15.000     14.881     6.3200     6.3021    -0.0180     6.3188     6.3008    -0.0180   3.385143   3.384386  -0.000912    34.0845    34.0923     7.4920    26.7884    26.7969    34.0878    26.7911    1475.10    1475.05     6.3188  1026.8614    34.2488 0.0000e+00
       5727  17.413201  -39.54770  -54.39122     -0.718    1474.69     14.000     13.893     6.3528     6.3315    -0.0213     6.3516     6.3303    -0.0213   3.388642   3.387105  -0.001482    34.0874    34.0923     7.4856    26.7865    26.7931    34.0946    26.7922    1475.23    1475.15     6.3516  1026.8579    34.2556 0.0000e+00
       5778  17.413226  -39.54770  -54.39121     -0.460    1474.69     13.000     12.901     6.4864     6.4826    -0.0038     6.4853     6.4815    -0.0038   3.400621   3.400989   0.000353    34.0864    34.0941     7.4647    26.7682    26.7748    34.0950    26.7750    1475.74    1475.73     6.4853  1026.8361    34.2560 0.0000e+00
       5821  17.413246  -39.54770  -54.39120     -0.550    1474.69     12.000     11.908     6.5073     6.4807    -0.0267     6.5063     6.4796    -0.0267   3.402316   3.400123  -0.001969    34.0883    34.0930     7.4319    26.7670    26.7742    34.0934    26.7710    1475.80    1475.70     6.5063  1026.8276    34.2544 0.0000e+00
       5858  17.413264  -39.54770  -54.39121     -0.644    1474.69     11.000     10.916     6.5239     6.5060    -0.0179     6.5229     6.5050    -0.0179   3.403887   3.402848  -0.001039    34.0895    34.0959     7.3842    26.7658    26.7731    34.0949    26.7700    1475.85    1475.79     6.5229  1026.8219    34.2559 0.0000e+00
       5904  17.413286  -39.54770  -54.39122     -0.523    1474.69     10.000      9.923     6.5838     6.5667    -0.0171     6.5829     6.5659    -0.0171   3.410058   3.408998  -0.000985    34.0940    34.1001     7.3771    26.7614    26.7684    34.1041    26.7693    1476.08    1476.02     6.5829  1026.8167    34.2652 0.0000e+00
       5956  17.413312  -39.54770  -54.39121     -0.460    1474.69      9.000      8.932     6.6630     6.6378    -0.0253     6.6622     6.6370    -0.0253   3.416904   3.415100  -0.001849    34.0953    34.0999     7.3999    26.7518    26.7588    34.1015    26.7567    1476.37    1476.28     6.6622  1026.7995    34.2626 0.0000e+00
       6028  17.413346  -39.54771  -54.39122     -0.315    1474.69      8.000      7.938     6.6728     6.6739     0.0012     6.6721     6.6732     0.0012   3.417682   3.418347   0.000629    34.0967    34.1025     7.4295    26.7516    26.7561    34.1010    26.7550    1476.39    1476.40     6.6721  1026.7932    34.2620 0.0000e+00
       6079  17.413371  -39.54770  -54.39120     -0.479    1474.69      7.000      6.947     6.6771     6.6685    -0.0086     6.6765     6.6679    -0.0086   3.417948   3.417639  -0.000259    34.0973    34.1031     7.4328    26.7515    26.7572    34.1000    26.7536    1476.39    1476.36     6.6765  1026.7873    34.2611 0.0000e+00
       6131  17.413396  -39.54770  -54.39121     -0.469    1474.69      6.000      5.956     6.6716     6.6693    -0.0023     6.6710     6.6688    -0.0023   3.417349   3.417749   0.000349    34.0975    34.1037     7.4278    26.7524    26.7575    34.0994    26.7539    1476.35    1476.35     6.6710  1026.7836    34.2613 0.0000e+00
       6244  17.413450  -39.54772  -54.39122     -0.235    1474.69      5.000      4.955     6.6737     6.6739     0.0002     6.6732     6.6734     0.0002   3.417485   3.418049   0.000572    34.0981    34.1043     7.4269    26.7526    26.7574    34.0994    26.7536    1476.34    1476.35     6.6732  1026.7780    34.2604 0.0000e+00
       6278  17.413467  -39.54771  -54.39122     -0.594    1474.69      4.000      3.969     6.6850     6.6816    -0.0035     6.6847     6.6812    -0.0035   3.418480   3.418781   0.000267    34.0982    34.1046     7.4274    26.7511    26.7566    34.0996    26.7522    1476.37    1476.37     6.6847  1026.7720    34.2606 0.0000e+00
       6587  17.413616  -39.54770  -54.39122     -0.291    1474.69      3.000      2.977     6.7049     6.7293     0.0244     6.7046     6.7291     0.0244   3.419996   3.422947   0.002797    34.0977    34.1043     7.4161    26.7480    26.7499    34.0971    26.7475    1476.43    1476.54     6.7046  1026.7628    34.2581 0.0000e+00
