Pos-Processados/process_op38/operantar38_002.cnv
* Sea-Bird SBE 9 Data File:
* FileName = D:\OPERANTAR_XXXVIII\DADOS\OP38_002.hdr
* Software Version Seasave V 7.12
* Temperature SN = 4808
* Conductivity SN = 3380
* Number of Bytes Per Scan = 31
* Number of Voltage Words = 2
* Number of Scans Averaged by the Deck Unit = 1
* NMEA Latitude = 38 26.99 S
* NMEA Longitude = 052 53.48 W
* NMEA UTC (Time) = Jan 16 2019 21:21:57
** H41
** NAVIO POLAR ALMIRANTE MAXIMIANO
** CRUZEIRO:
** OPERANTAR XXXVIII
** ESTAวรO: 002
** LAT 38บ 26,99'S
** LONG 052บ 53,46'W
** 09P73767-1155
** PROFUNDIDADE: 4158 m
** DATA/HORA: 162121Z/OUT/2019
** OPERADOR: SO-HN CHAVES
# nquan = 32
# nvalues = 2082                        
# units = specified
# name 0 = scan: Scan Count
# name 1 = timeJ: Julian Days
# name 2 = latitude: Latitude [deg]
# name 3 = longitude: Longitude [deg]
# name 4 = dz/dtM: Descent Rate [m/s]
# name 5 = avgsvCM: Average Sound Velocity [Chen-Millero, m/s]
# name 6 = prDM: Pressure, Digiquartz [db]
# name 7 = depSM: Depth [salt water, m]
# name 8 = t090C: Temperature [ITS-90, deg C]
# name 9 = t190C: Temperature, 2 [ITS-90, deg C]
# name 10 = T2-T190C: Temperature Difference, 2 - 1 [ITS-90, deg C]
# name 11 = potemp090C: Potential Temperature [ITS-90, deg C]
# name 12 = potemp190C: Potential Temperature, 2 [ITS-90, deg C]
# name 13 = potemp90Cdiff: Potential Temperature, Diff, 2 - 1 [ITS-90, deg C]
# name 14 = c0S/m: Conductivity [S/m]
# name 15 = c1S/m: Conductivity, 2 [S/m]
# name 16 = C2-C1S/m: Conductivity Difference, 2 - 1 [S/m]
# name 17 = sal00: Salinity, Practical [PSU]
# name 18 = sal11: Salinity, Practical, 2 [PSU]
# name 19 = sbeox0ML/L: Oxygen, SBE 43 [ml/l]
# name 20 = sbeox1ML/L: Oxygen, SBE 43, 2 [ml/l]
# name 21 = sbeox0ML/Ldiff: Oxygen, SBE 43, Diff, 2 - 1 [ml/l]
# name 22 = sigma-้00: Density [sigma-theta, kg/m^3]
# name 23 = sigma-้11: Density, 2 [sigma-theta, kg/m^3]
# name 24 = sal00: Salinity, Practical [PSU]
# name 25 = sigma-้00: Density [sigma-theta, kg/m^3]
# name 26 = svCM: Sound Velocity [Chen-Millero, m/s]
# name 27 = svCM1: Sound Velocity, 2 [Chen-Millero, m/s]
# name 28 = gsw_ptA0: potential temperature [ITS-90, deg C]
# name 29 = gsw_densityA0: density, TEOS-10 [density, kg/m^3]
# name 30 = gsw_saA0: Absolute Salinity [g/kg]
# name 31 = flag:
# span 0 =       2490,      70676       
# span 1 =  16.891444,  16.924326       
# span 2 =  -38.44988,  -38.44984       
# span 3 =  -52.89136,  -52.89132       
# span 4 =     -2.182,      1.603       
# span 5 =      -0.01,    1558.04       
# span 6 =      3.000,   1046.000       
# span 7 =      2.979,   1035.498       
# span 8 =     4.1705,    15.9893       
# span 9 =     4.1707,    15.9897       
# span 10 =    -0.0794,     0.1105      
# span 11 =     4.0901,    15.9677      
# span 12 =     4.0902,    15.9680      
# span 13 =    -0.0792,     0.1101      
# span 14 =   3.252788,   4.494979      
# span 15 =   3.253184,   4.495708      
# span 16 =  -0.008696,   0.012697      
# span 17 =    34.1924,    35.8894      
# span 18 =    34.1972,    35.8954      
# span 19 =     4.6399,     5.8123      
# span 20 =     4.4460,     5.5484      
# span 21 =    -0.3054,    -0.1544      
# span 22 =    26.2302,    27.1745      
# span 23 =    26.2371,    27.1782      
# span 24 =    34.1914,    35.8896      
# span 25 =    26.2305,    27.1744      
# span 26 =    1482.69,    1513.45      
# span 27 =    1482.70,    1513.45      
# span 28 =     4.0899,    15.9677      
# span 29 =  1026.2508,  1031.9848      
# span 30 =    34.3537,    36.0591      
# span 31 = 0.0000e+00, 0.0000e+00      
# interval = decibars: 1                
# start_time = Jan 16 2019 21:21:57 [NMEA time, header]
# bad_flag = -9.990e-29
*END*
[from data line 1632]
      50674  16.914680  -38.44986  -52.89134     -0.814    1497.38    452.000    448.110    11.8430    11.8503     0.0073    11.7839    11.7911     0.0073   4.010833   4.012071   0.001391    35.0466    35.0534     4.6509     4.4646    -0.1863    26.6665    26.6704    35.0579    26.6753    1503.82    1503.85    11.7839  1028.6880    35.2239 0.0000e+00
      50704  16.914695  -38.44986  -52.89134     -0.807    1497.38    451.000    447.120    11.9010    11.8945    -0.0065    11.8418    11.8354    -0.0065   4.017883   4.017347  -0.000221    35.0589    35.0629     4.6680     4.4813    -0.1867    26.6651    26.6694    35.0727    26.6758    1504.02    1504.00    11.8418  1028.6836    35.2388 0.0000e+00
      50735  16.914710  -38.44986  -52.89133     -0.766    1497.38    450.000    446.129    11.9826    11.9630    -0.0195    11.9233    11.9038    -0.0195   4.026980   4.025711  -0.001486    35.0731    35.0769     4.6776     4.4987    -0.1789    26.6606    26.6673    35.0852    26.6700    1504.30    1504.24    11.9233  1028.6726    35.2514 0.0000e+00
      50760  16.914722  -38.44986  -52.89132     -0.870    1497.38    449.000    445.139    12.0098    12.0233     0.0134    11.9506    11.9639     0.0134   4.030216   4.032567   0.002141    35.0800    35.0883     4.7018     4.5083    -0.1935    26.6607    26.6646    35.0916    26.6698    1504.39    1504.44    11.9505  1028.6677    35.2578 0.0000e+00
      50779  16.914731  -38.44987  -52.89133     -1.071    1497.38    448.000    444.148    12.0376    12.0767     0.0391    11.9784    12.0173     0.0389   4.033490   4.038772   0.005191    35.0846    35.0985     4.7208     4.5204    -0.2004    26.6590    26.6623    35.0979    26.6693    1504.47    1504.62    11.9784  1028.6625    35.2641 0.0000e+00
      50795  16.914739  -38.44988  -52.89134     -1.294    1497.38    447.000    443.158    12.0912    12.1068     0.0156    12.0320    12.0475     0.0156   4.039674   4.041749   0.002369    35.0946    35.1031     4.7235     4.5367    -0.1868    26.6565    26.6601    35.1081    26.6670    1504.65    1504.71    12.0319  1028.6553    35.2744 0.0000e+00
      50810  16.914746  -38.44988  -52.89132     -1.476    1497.38    446.000    442.168    12.1155    12.1177     0.0022    12.0563    12.0585     0.0022   4.041955   4.042864   0.000950    35.0981    35.1052     4.7302     4.5579    -0.1724    26.6545    26.6597    35.1079    26.6622    1504.72    1504.73    12.0563  1028.6459    35.2742 0.0000e+00
      50824  16.914753  -38.44987  -52.89132     -1.588    1497.38    445.000    441.177    12.1199    12.1278     0.0079    12.0608    12.0687     0.0079   4.042478   4.044284   0.001657    35.0994    35.1081     4.7456     4.5778    -0.1677    26.6547    26.6599    35.1093    26.6624    1504.72    1504.75    12.0608  1028.6416    35.2756 0.0000e+00
      50840  16.914760  -38.44986  -52.89132     -1.610    1497.38    444.000    440.187    12.1414    12.1532     0.0119    12.0823    12.0942     0.0118   4.045283   4.046968   0.001925    35.1055    35.1130     4.7636     4.5927    -0.1709    26.6553    26.6589    35.1169    26.6641    1504.78    1504.83    12.0823  1028.6388    35.2832 0.0000e+00
      50859  16.914769  -38.44986  -52.89134     -1.468    1497.38    443.000    439.197    12.1710    12.1683    -0.0027    12.1120    12.1093    -0.0027   4.048442   4.048904   0.000478    35.1101    35.1172     4.7814     4.6051    -0.1764    26.6531    26.6592    35.1203    26.6610    1504.87    1504.87    12.1120  1028.6310    35.2866 0.0000e+00
      50890  16.914785  -38.44986  -52.89134     -0.961    1497.38    442.000    438.207    12.2576    12.2282    -0.0294    12.1985    12.1692    -0.0293   4.058985   4.056283  -0.002606    35.1248    35.1271     4.7911     4.6044    -0.1867    26.6478    26.6553    35.1417    26.6609    1505.17    1505.08    12.1985  1028.6256    35.3081 0.0000e+00
      50942  16.914810  -38.44986  -52.89134     -0.407    1497.38    441.000    437.216    12.3875    12.3755    -0.0120    12.3281    12.3161    -0.0120   4.072506   4.071611  -0.000802    35.1427    35.1462     4.8244     4.6226    -0.2018    26.6366    26.6416    35.1515    26.6434    1505.61    1505.57    12.3281  1028.6025    35.3179 0.0000e+00
      50978  16.914827  -38.44986  -52.89134     -0.619    1497.38    440.000    436.226    12.3858    12.3634    -0.0224    12.3265    12.3043    -0.0223   4.072434   4.070957  -0.001583    35.1443    35.1499     4.8463     4.6536    -0.1928    26.6382    26.6468    35.1527    26.6447    1505.59    1505.52    12.3265  1028.5994    35.3192 0.0000e+00
      51002  16.914838  -38.44986  -52.89134     -0.885    1497.38    439.000    435.235    12.3905    12.3948     0.0043    12.3313    12.3356     0.0043   4.072928   4.074118   0.001124    35.1462    35.1530     4.8377     4.6530    -0.1847    26.6387    26.6432    35.1535    26.6444    1505.59    1505.61    12.3313  1028.5947    35.3200 0.0000e+00
      51020  16.914847  -38.44986  -52.89134     -1.105    1497.38    438.000    434.245    12.3886    12.4014     0.0129    12.3296    12.3424     0.0128   4.072551   4.074786   0.002092    35.1463    35.1545     4.8363     4.6517    -0.1846    26.6391    26.6430    35.1521    26.6436    1505.56    1505.62    12.3296  1028.5895    35.3185 0.0000e+00
      51036  16.914855  -38.44986  -52.89134     -1.303    1497.38    437.000    433.255    12.3992    12.4106     0.0114    12.3403    12.3516     0.0113   4.074052   4.075870   0.001876    35.1493    35.1568     4.8393     4.6519    -0.1874    26.6393    26.6429    35.1571    26.6454    1505.59    1505.63    12.3403  1028.5868    35.3236 0.0000e+00
      51052  16.914863  -38.44986  -52.89134     -1.452    1497.38    436.000    432.265    12.4139    12.4188     0.0049    12.3551    12.3600     0.0049   4.075614   4.076826   0.001184    35.1513    35.1582     4.8430     4.6528    -0.1902    26.6380    26.6424    35.1588    26.6439    1505.62    1505.65    12.3551  1028.5807    35.3254 0.0000e+00
      51067  16.914870  -38.44987  -52.89133     -1.529    1497.38    435.000    431.274    12.4253    12.4403     0.0150    12.3666    12.3816     0.0150   4.077000   4.079462   0.002443    35.1541    35.1636     4.8406     4.6479    -0.1927    26.6379    26.6424    35.1620    26.6441    1505.65    1505.71    12.3665  1028.5764    35.3285 0.0000e+00
      51084  16.914878  -38.44988  -52.89132     -1.529    1497.38    434.000    430.284    12.4551    12.4578     0.0027    12.3965    12.3991     0.0027   4.080580   4.081456   0.000966    35.1603    35.1671     4.8314     4.6460    -0.1854    26.6369    26.6416    35.1691    26.6437    1505.74    1505.76    12.3964  1028.5714    35.3356 0.0000e+00
      51104  16.914888  -38.44986  -52.89132     -1.388    1497.38    433.000    429.293    12.4787    12.4916     0.0129    12.4201    12.4330     0.0128   4.083449   4.085698   0.002162    35.1661    35.1749     4.8312     4.6479    -0.1833    26.6368    26.6411    35.1751    26.6438    1505.81    1505.87    12.4201  1028.5668    35.3417 0.0000e+00
      51136  16.914903  -38.44986  -52.89132     -0.900    1497.38    432.000    428.306    12.6259    12.5623    -0.0636    12.5670    12.5035    -0.0634   4.102591   4.095369  -0.006941    35.2010    35.1937     4.8293     4.6506    -0.1786    26.6350    26.6418    35.2222    26.6514    1506.35    1506.12    12.5670  1028.5686    35.3890 0.0000e+00
      51182  16.914925  -38.44986 -9.990e-29     -0.478    1497.38    431.000    427.304    12.8559    12.8006    -0.0553    12.7964    12.7413    -0.0551   4.129431   4.123459  -0.005645    35.2449    35.2423     4.8628     4.6570    -0.2059    26.6235    26.6325    35.2656    26.6396    1507.15    1506.96    12.7964  1028.5503    35.4325 0.0000e+00
      51208  16.914938  -38.44986 -9.990e-29     -0.738    1497.38    430.000    426.322    12.9387    12.9303    -0.0084    12.8791    12.8707    -0.0084   4.138827   4.140565   0.000371    35.2654    35.2767     4.9054     4.6875    -0.2179    26.6229    26.6333    35.2787    26.6332    1507.43    1507.43    12.8790  1028.5388    35.4457 0.0000e+00
      51225  16.914946  -38.44986  -52.89134     -1.073    1497.38    429.000    425.332    12.9929    13.0312     0.0383    12.9332    12.9714     0.0382   4.144841   4.151121   0.005270    35.2767    35.2913     4.9196     4.6969    -0.2226    26.6208    26.6244    35.2860    26.6280    1507.60    1507.76    12.9332  1028.5288    35.4531 0.0000e+00
      51241  16.914954  -38.44986  -52.89134     -1.352    1497.38    428.000    424.341    12.9908    13.0569     0.0661    12.9313    12.9972     0.0659   4.146617   4.153869   0.008156    35.2797    35.2960     4.9369     4.7222    -0.2147    26.6235    26.6229    35.3053    26.6433    1507.60    1507.83    12.9313  1028.5397    35.4725 0.0000e+00
      51255  16.914961  -38.44986  -52.89134     -1.536    1497.38    427.000    423.350    13.0583    13.0833     0.0250    12.9987    13.0236     0.0249   4.153345   4.157076   0.003692    35.2917    35.3036     4.9482     4.7493    -0.1990    26.6192    26.6234    35.3070    26.6311    1507.81    1507.91    12.9987  1028.5225    35.4742 0.0000e+00
      51272  16.914969  -38.44986  -52.89134     -1.582    1497.38    426.000    422.360    13.0935    13.1014     0.0079    13.0339    13.0418     0.0079   4.157739   4.159272   0.001623    35.3007    35.3087     4.9571     4.7691    -0.1880    26.6191    26.6237    35.3166    26.6314    1507.92    1507.96    13.0339  1028.5181    35.4838 0.0000e+00
      51292  16.914978  -38.44986  -52.89134     -1.400    1497.38    425.000    421.370    13.1124    13.1347     0.0223    13.0530    13.0752     0.0222   4.159741   4.163305   0.003451    35.3047    35.3168     4.9682     4.7850    -0.1832    26.6184    26.6232    35.3184    26.6290    1507.97    1508.06    13.0530  1028.5111    35.4856 0.0000e+00
      51320  16.914992  -38.44986  -52.89134     -0.991    1497.38    424.000    420.379    13.1759    13.1652    -0.0107    13.1164    13.1057    -0.0107   4.168128   4.166787  -0.000952    35.3231    35.3240     4.9847     4.8067    -0.1781    26.6197    26.6226    35.3395    26.6324    1508.19    1508.15    13.1164  1028.5096    35.5068 0.0000e+00
      51353  16.915008  -38.44986  -52.89134     -0.727    1497.38    423.000    419.389    13.2463    13.2188    -0.0276    13.1868    13.1593    -0.0275   4.175909   4.174036  -0.002467    35.3366    35.3388     5.0065     4.8189    -0.1876    26.6159    26.6232    35.3484    26.6251    1508.42    1508.34    13.1868  1028.4972    35.5157 0.0000e+00
      51380  16.915021  -38.44986  -52.89134     -0.812    1497.38    422.000    418.403    13.2874    13.3119     0.0245    13.2279    13.2522     0.0244   4.181943   4.185181   0.003560    35.3509    35.3619     5.0273     4.8154    -0.2119    26.6186    26.6222    35.3678    26.6317    1508.56    1508.65    13.2279  1028.4991    35.5352 0.0000e+00
      51402  16.915031  -38.44986  -52.89134     -0.985    1497.38    421.000    417.401    13.3204    13.3377     0.0173    13.2609    13.2781     0.0172   4.184846   4.187734   0.002728    35.3552    35.3649     5.0452     4.8291    -0.2162    26.6152    26.6193    35.3651    26.6229    1508.65    1508.72    13.2609  1028.4857    35.5326 0.0000e+00
      51422  16.915041  -38.44986  -52.89134     -1.121    1497.38    420.000    416.418    13.3331    13.3520     0.0188    13.2737    13.2925     0.0188   4.186643   4.189307   0.002787    35.3595    35.3685     5.0569     4.8543    -0.2026    26.6160    26.6191    35.3707    26.6246    1508.68    1508.75    13.2737  1028.4829    35.5382 0.0000e+00
      51442  16.915051  -38.44986  -52.89134     -1.196    1497.38    419.000    415.427    13.3458    13.3554     0.0096    13.2865    13.2961     0.0095   4.187868   4.189623   0.001780    35.3620    35.3699     5.0657     4.8764    -0.1893    26.6153    26.6195    35.3710    26.6222    1508.71    1508.75    13.2865  1028.4760    35.5384 0.0000e+00
      51462  16.915060  -38.44986  -52.89134     -1.222    1497.38    418.000    414.437    13.3530    13.3553     0.0023    13.2938    13.2961     0.0023   4.188621   4.189510   0.000923    35.3639    35.3705     5.0792     4.8846    -0.1946    26.6153    26.6199    35.3719    26.6214    1508.71    1508.73    13.2938  1028.4707    35.5393 0.0000e+00
      51482  16.915070  -38.44986  -52.89134     -1.212    1497.38    417.000    413.446    13.3546    13.3571     0.0025    13.2956    13.2981     0.0025   4.188697   4.189620   0.000934    35.3647    35.3712     5.0849     4.8884    -0.1965    26.6155    26.6200    35.3715    26.6208    1508.70    1508.72    13.2956  1028.4656    35.5389 0.0000e+00
      51502  16.915080  -38.44986  -52.89134     -1.190    1497.38    416.000    412.456    13.3548    13.3500    -0.0047    13.2959    13.2911    -0.0047   4.188617   4.188258  -0.000084    35.3650    35.3687     5.0855     4.8879    -0.1976    26.6157    26.6195    35.3710    26.6203    1508.69    1508.67    13.2959  1028.4608    35.5385 0.0000e+00
      51523  16.915090  -38.44986  -52.89134     -1.163    1497.38    415.000    411.465    13.3451    13.3205    -0.0246    13.2863    13.2618    -0.0245   4.186842   4.184053  -0.002619    35.3610    35.3590     5.0838     4.8874    -0.1965    26.6145    26.6180    35.3637    26.6166    1508.63    1508.54    13.2863  1028.4528    35.5311 0.0000e+00
      51547  16.915101  -38.44986  -52.89134     -1.089    1497.38    414.000    410.475    13.3190    13.2924    -0.0267    13.2605    13.2339    -0.0266   4.183469   4.180627  -0.002843    35.3538    35.3517     5.0829     4.8814    -0.2015    26.6143    26.6180    35.3563    26.6162    1508.52    1508.43    13.2605  1028.4482    35.5237 0.0000e+00
      51575  16.915115  -38.44986  -52.89134     -0.928    1497.38    413.000    409.484    13.2870    13.2843    -0.0027    13.2288    13.2261    -0.0027   4.178615   4.179357   0.000442    35.3421    35.3488     5.0730     4.8584    -0.2145    26.6116    26.6174    35.3404    26.6103    1508.38    1508.38    13.2288  1028.4383    35.5077 0.0000e+00
      51606  16.915130  -38.44986  -52.89134     -0.772    1497.38    412.000    408.494    13.2569    13.2690     0.0121    13.1988    13.2109     0.0121   4.174980   4.177099   0.002222    35.3333    35.3431     5.0331     4.8084    -0.2247    26.6110    26.6161    35.3344    26.6117    1508.25    1508.30    13.1989  1028.4355    35.5016 0.0000e+00
      51634  16.915143  -38.44986  -52.89134     -0.814    1497.38    411.000    407.503    13.2608    13.2635     0.0027    13.2029    13.2056     0.0027   4.175710   4.176806   0.000990    35.3349    35.3417     4.9947     4.7978    -0.1968    26.6113    26.6161    35.3381    26.6138    1508.26    1508.27    13.2029  1028.4331    35.5054 0.0000e+00
      51656  16.915154  -38.44986  -52.89134     -0.962    1497.38    410.000    406.513    13.2833    13.3103     0.0270    13.2255    13.2524     0.0269   4.178384   4.182522   0.003915    35.3396    35.3516     4.9714     4.7886    -0.1827    26.6103    26.6142    35.3430    26.6130    1508.32    1508.42    13.2255  1028.4277    35.5103 0.0000e+00
      51676  16.915164  -38.44986  -52.89134     -1.111    1497.38    409.000    405.522    13.3125    13.3386     0.0261    13.2547    13.2807     0.0260   4.181792   4.186071   0.003879    35.3452    35.3577     4.9575     4.7740    -0.1835    26.6087    26.6131    35.3485    26.6113    1508.40    1508.51    13.2548  1028.4214    35.5159 0.0000e+00
      51694  16.915172  -38.44986  -52.89134     -1.243    1497.38    408.000    404.532    13.3389    13.3796     0.0407    13.2812    13.3218     0.0406   4.185538   4.190851   0.005518    35.3520    35.3665     4.9573     4.7692    -0.1881    26.6086    26.6115    35.3599    26.6148    1508.49    1508.64    13.2812  1028.4202    35.5273 0.0000e+00
