Pos-Processados/process_op38/operantar38_004.ros
* Sea-Bird SBE 9 Data File:
* FileName = D:\OPERANTAR_XXXVIII\DADOS\OP38_004.hdr
* Software Version Seasave V 7.12
* Temperature SN = 4808
* Conductivity SN = 3380
* Number of Bytes Per Scan = 31
* Number of Voltage Words = 2
* Number of Scans Averaged by the Deck Unit = 1
* NMEA Latitude = 39 58.92 S
* NMEA Longitude = 054 59.71 W
* NMEA UTC (Time) = Oct 17 2019 15:31:47
** H41
** NAVIO POLAR ALMIRANTE MAXIMIANO
** CRUZEIRO:
** OPERANTAR XXXVIII
** ESTAÇÃO: OP38_004
** LAT 39º 58,96'S
** LONG 054º 59,70'W
** 09P73767-1155
** PROFUNDIDADE: 1627 m
** DATA/HORA: 171533Z/OUT/2019
** OPERADOR: SO-HN CHAVES
# nquan = 26
# nvalues = 3988                                  
# units = specified
# name 0 = scan: Scan Count
# name 1 = timeJ: Julian Days
# name 2 = latitude: Latitude [deg]
# name 3 = longitude: Longitude [deg]
# name 4 = dz/dtM: Descent Rate [m/s]
# name 5 = avgsvCM: Average Sound Velocity [Chen-Millero, m/s]
# name 6 = prDM: Pressure, Digiquartz [db]
# name 7 = depSM: Depth [salt water, m]
# name 8 = t090C: Temperature [ITS-90, deg C]
# name 9 = t190C: Temperature, 2 [ITS-90, deg C]
# name 10 = T2-T190C: Temperature Difference, 2 - 1 [ITS-90, deg C]
# name 11 = potemp090C: Potential Temperature [ITS-90, deg C]
# name 12 = potemp190C: Potential Temperature, 2 [ITS-90, deg C]
# name 13 = potemp90Cdiff: Potential Temperature, Diff, 2 - 1 [ITS-90, deg C]
# name 14 = c0S/m: Conductivity [S/m]
# name 15 = c1S/m: Conductivity, 2 [S/m]
# name 16 = C2-C1S/m: Conductivity Difference, 2 - 1 [S/m]
# name 17 = sal00: Salinity, Practical [PSU]
# name 18 = sal11: Salinity, Practical, 2 [PSU]
# name 19 = sbeox0ML/L: Oxygen, SBE 43 [ml/l]
# name 20 = sbeox1ML/L: Oxygen, SBE 43, 2 [ml/l]
# name 21 = sbeox0ML/Ldiff: Oxygen, SBE 43, Diff, 2 - 1 [ml/l]
# name 22 = sigma-é00: Density [sigma-theta, kg/m^3]
# name 23 = sigma-é11: Density, 2 [sigma-theta, kg/m^3]
# name 24 = nbf: Bottles Fired
# name 25 = flag:  0.000e+00
# interval = seconds: 0.0416667
# start_time = Oct 17 2019 15:31:47 [NMEA time, header]
# bad_flag = -9.990e-29
*END*
[from data line 837]
      59865 290.675941  -39.97480  -54.99514     -0.000    1470.62     33.235     32.978     5.9418     5.9441     0.0023     5.9391     5.9414     0.0023   3.351411   3.352081   0.000670    34.0798    34.0851     7.3285     7.0073    -0.3212    26.8332    26.8370          6  0.000e+00
      59866 290.675942  -39.97480  -54.99514      0.004    1470.62     33.187     32.930     5.9415     5.9429     0.0014     5.9388     5.9402     0.0014   3.351372   3.352038   0.000665    34.0797    34.0858     7.3322     7.0076    -0.3247    26.8331    26.8378          6  0.000e+00
      59867 290.675942  -39.97480  -54.99514      0.013    1470.62     33.228     32.971     5.9408     5.9420     0.0012     5.9381     5.9393     0.0012   3.351366   3.352050   0.000684    34.0803    34.0868     7.3324     7.0032    -0.3292    26.8337    26.8387          6  0.000e+00
      59868 290.675943  -39.97480  -54.99514      0.020    1470.62     33.235     32.978     5.9410     5.9429     0.0018     5.9383     5.9401     0.0018   3.351385   3.352081   0.000696    34.0803    34.0863     7.3328     7.0025    -0.3303    26.8337    26.8382          6  0.000e+00
      59869 290.675943  -39.97480  -54.99514      0.027    1470.62     33.235     32.978     5.9408     5.9422     0.0014     5.9381     5.9395     0.0014   3.351417   3.352068   0.000651    34.0809    34.0868     7.3332     7.0021    -0.3311    26.8341    26.8387          6  0.000e+00
      59870 290.675944  -39.97480  -54.99514      0.034    1470.62     33.235     32.978     5.9409     5.9419     0.0010     5.9381     5.9391     0.0010   3.351417   3.351982   0.000565    34.0808    34.0862     7.3332     7.0063    -0.3268    26.8341    26.8382          6  0.000e+00
      59871 290.675944  -39.97480  -54.99514      0.040    1470.62     33.228     32.971     5.9407     5.9419     0.0012     5.9380     5.9392     0.0012   3.351469   3.352013   0.000544    34.0816    34.0865     7.3330     7.0065    -0.3265    26.8347    26.8384          6  0.000e+00
      59872 290.675945  -39.97480  -54.99514      0.050    1470.62     33.290     33.032     5.9411     5.9416     0.0004     5.9384     5.9388     0.0004   3.351417   3.351957   0.000540    34.0806    34.0862     7.3329     7.0022    -0.3307    26.8338    26.8383          6  0.000e+00
      59873 290.675945  -39.97480  -54.99514      0.059    1470.62     33.290     33.032     5.9409     5.9408    -0.0001     5.9381     5.9380    -0.0001   3.351417   3.351939   0.000522    34.0808    34.0868     7.3327     7.0065    -0.3263    26.8341    26.8388          6  0.000e+00
      59874 290.675946  -39.97480  -54.99514      0.062    1470.62     33.235     32.978     5.9410     5.9406    -0.0005     5.9383     5.9378    -0.0005   3.351404   3.351939   0.000534    34.0805    34.0870     7.3329     7.0067    -0.3262    26.8338    26.8390          6  0.000e+00
      59875 290.675946  -39.97480  -54.99514      0.070    1470.62     33.331     33.073     5.9408     5.9408    -0.0001     5.9381     5.9380    -0.0001   3.351437   3.351896   0.000459    34.0811    34.0863     7.3333     7.0070    -0.3263    26.8343    26.8384          6  0.000e+00
      59876 290.675947  -39.97478  -54.99514      0.075    1470.62     33.235     32.978     5.9409     5.9402    -0.0007     5.9381     5.9374    -0.0007   3.351456   3.351859   0.000403    34.0813    34.0866     7.3334     7.0073    -0.3261    26.8344    26.8387          6  0.000e+00
      59877 290.675947  -39.97478  -54.99514      0.083    1470.62     33.338     33.080     5.9408     5.9393    -0.0015     5.9381     5.9365    -0.0015   3.351385   3.351760   0.000375    34.0805    34.0862     7.3337     7.0077    -0.3260    26.8338    26.8386          6  0.000e+00
      59878 290.675948  -39.97478  -54.99514      0.091    1470.62     33.290     33.032     5.9409     5.9379    -0.0030     5.9381     5.9351    -0.0030   3.351385   3.351674   0.000288    34.0805    34.0868     7.3338     7.0036    -0.3303    26.8338    26.8392          6  0.000e+00
      59879 290.675948  -39.97478  -54.99514      0.098    1470.62     33.331     33.073     5.9407     5.9371    -0.0037     5.9380     5.9343    -0.0037   3.351353   3.351637   0.000284    34.0802    34.0871     7.3341     7.0033    -0.3308    26.8336    26.8395          6  0.000e+00
      59880 290.675949  -39.97478  -54.99514      0.105    1470.62     33.338     33.080     5.9404     5.9373    -0.0031     5.9376     5.9345    -0.0031   3.351302   3.351637   0.000335    34.0800    34.0869     7.3343     7.0082    -0.3261    26.8335    26.8393          6  0.000e+00
      59881 290.675949  -39.97478  -54.99514      0.111    1470.62     33.338     33.080     5.9400     5.9371    -0.0030     5.9373     5.9343    -0.0030   3.351302   3.351612   0.000310    34.0803    34.0868     7.3345     7.0086    -0.3259    26.8338    26.8393          6  0.000e+00
      59882 290.675950  -39.97478  -54.99514      0.116    1470.62     33.338     33.080     5.9397     5.9367    -0.0030     5.9370     5.9340    -0.0030   3.351327   3.351624   0.000297    34.0809    34.0873     7.3346     7.0089    -0.3257    26.8343    26.8397          6  0.000e+00
      59883 290.675950  -39.97478  -54.99514      0.124    1470.62     33.379     33.120     5.9398     5.9367    -0.0031     5.9371     5.9340    -0.0031   3.351315   3.351637   0.000322    34.0807    34.0874     7.3347     7.0093    -0.3254    26.8341    26.8398          6  0.000e+00
      59884 290.675951  -39.97478  -54.99514      0.129    1470.62     33.338     33.080     5.9396     5.9376    -0.0020     5.9368     5.9348    -0.0020   3.351347   3.351637   0.000290    34.0813    34.0866     7.3389     7.0094    -0.3294    26.8346    26.8391          6  0.000e+00
      59885 290.675951  -39.97478  -54.99514      0.132    1470.62     33.386     33.127     5.9395     5.9372    -0.0023     5.9368     5.9344    -0.0023   3.351289   3.351655   0.000366    34.0807    34.0871     7.3353     7.0099    -0.3255    26.8341    26.8395          6  0.000e+00
      59886 290.675951  -39.97478  -54.99514      0.139    1470.62     33.386     33.127     5.9393     5.9374    -0.0019     5.9365     5.9346    -0.0019   3.351231   3.351630   0.000399    34.0803    34.0867     7.3354     7.0102    -0.3252    26.8339    26.8392          6  0.000e+00
      59887 290.675952  -39.97478  -54.99514      0.144    1470.62     33.379     33.121     5.9390     5.9371    -0.0019     5.9362     5.9343    -0.0019   3.351193   3.351655   0.000463    34.0802    34.0873     7.3354     7.0105    -0.3249    26.8338    26.8397          6  0.000e+00
      59888 290.675952  -39.97478  -54.99514      0.149    1470.62     33.386     33.127     5.9381     5.9371    -0.0010     5.9353     5.9343    -0.0010   3.351186   3.351643   0.000457    34.0810    34.0872     7.3355     7.0108    -0.3247    26.8346    26.8396          6  0.000e+00
      59889 290.675953  -39.97478  -54.99514      0.156    1470.62     33.441     33.182     5.9380     5.9369    -0.0010     5.9352     5.9342    -0.0010   3.351115   3.351593   0.000478    34.0803    34.0867     7.3397     7.0113    -0.3284    26.8340    26.8392          6  0.000e+00
      59890 290.675953  -39.97478  -54.99514      0.157    1470.62     33.386     33.127     5.9376     5.9372    -0.0004     5.9349     5.9344    -0.0004   3.351064   3.351618   0.000554    34.0800    34.0867     7.3360     7.0115    -0.3245    26.8339    26.8392          6  0.000e+00
      59891 290.675954  -39.97478  -54.99514      0.162    1470.62     33.434     33.175     5.9373     5.9374     0.0001     5.9345     5.9346     0.0001   3.351038   3.351680   0.000641    34.0801    34.0872     7.3360     7.0118    -0.3242    26.8340    26.8396          6  0.000e+00
      59892 290.675954  -39.97478  -54.99514      0.164    1470.62     33.441     33.182     5.9367     5.9380     0.0013     5.9339     5.9353     0.0013   3.351038   3.351717   0.000678    34.0807    34.0870     7.3359     7.0120    -0.3239    26.8345    26.8393          6  0.000e+00
      59893 290.675955  -39.97478  -54.99514      0.169    1470.62     33.441     33.182     5.9366     5.9379     0.0013     5.9338     5.9351     0.0013   3.351013   3.351729   0.000717    34.0805    34.0873     7.3358     7.0123    -0.3234    26.8344    26.8395          6  0.000e+00
      59894 290.675955  -39.97478  -54.99514      0.172    1470.62     33.441     33.182     5.9362     5.9380     0.0018     5.9335     5.9353     0.0018   3.350961   3.351735   0.000774    34.0803    34.0872     7.3357     7.0127    -0.3230    26.8342    26.8395          6  0.000e+00
      59895 290.675956  -39.97478  -54.99514      0.171    1470.62     33.379     33.121     5.9359     5.9382     0.0023     5.9331     5.9354     0.0023   3.350910   3.351704   0.000795    34.0801    34.0867     7.3355     7.0129    -0.3226    26.8341    26.8391          6  0.000e+00
      59896 290.675956  -39.97478  -54.99514      0.179    1470.62     33.591     33.331     5.9350     5.9367     0.0018     5.9322     5.9339     0.0017   3.350865   3.351538   0.000673    34.0804    34.0862     7.3351     7.0137    -0.3214    26.8345    26.8389          6  0.000e+00
      59897 290.675957  -39.97478  -54.99514      0.186    1470.62     33.489     33.229     5.9341     5.9355     0.0013     5.9314     5.9327     0.0013   3.350781   3.351396   0.000615    34.0803    34.0859     7.3350     7.0142    -0.3208    26.8345    26.8388          6  0.000e+00
      59898 290.675957  -39.97478  -54.99514      0.184    1470.62     33.441     33.182     5.9339     5.9343     0.0004     5.9312     5.9316     0.0004   3.350781   3.351340   0.000559    34.0806    34.0865     7.3388     7.0146    -0.3241    26.8347    26.8394          6  0.000e+00
      59899 290.675958  -39.97478  -54.99514      0.186    1470.62     33.489     33.230     5.9336     5.9334    -0.0002     5.9308     5.9306    -0.0002   3.350794   3.351260   0.000466    34.0811    34.0865     7.3390     7.0152    -0.3239    26.8352    26.8395          6  0.000e+00
      59900 290.675958  -39.97478  -54.99514      0.190    1470.62     33.537     33.277     5.9336     5.9325    -0.0011     5.9308     5.9298    -0.0011   3.350833   3.351199   0.000366    34.0814    34.0866     7.3350     7.0203    -0.3147    26.8355    26.8397          6  0.000e+00
      59901 290.675959  -39.97478  -54.99514      0.194    1470.62     33.489     33.230     5.9337     5.9327    -0.0010     5.9310     5.9299    -0.0010   3.350846   3.351205   0.000359    34.0815    34.0865     7.3346     7.0166    -0.3180    26.8355    26.8396          6  0.000e+00
      59902 290.675959  -39.97478  -54.99514      0.196    1470.62     33.537     33.277     5.9338     5.9316    -0.0022     5.9310     5.9288    -0.0022   3.350852   3.351180   0.000328    34.0815    34.0874     7.3342     7.0164    -0.3179    26.8355    26.8404          6  0.000e+00
      59903 290.675960  -39.97478  -54.99514      0.195    1470.62     33.489     33.230     5.9341     5.9313    -0.0029     5.9314     5.9285    -0.0029   3.350871   3.351131   0.000259    34.0813    34.0872     7.3337     7.0159    -0.3178    26.8353    26.8403          6  0.000e+00
      59904 290.675960  -39.97478  -54.99514      0.195    1470.62     33.537     33.277     5.9345     5.9303    -0.0042     5.9317     5.9275    -0.0042   3.350871   3.351075   0.000204    34.0810    34.0875     7.3333     7.0156    -0.3176    26.8350    26.8407          6  0.000e+00
      59905 290.675961  -39.97478  -54.99514      0.198    1470.62     33.537     33.277     5.9346     5.9300    -0.0046     5.9318     5.9272    -0.0046   3.350904   3.350970   0.000067    34.0812    34.0866     7.3328     7.0159    -0.3168    26.8352    26.8400          6  0.000e+00
      59906 290.675961  -39.97478  -54.99514      0.200    1470.62     33.592     33.332     5.9350     5.9297    -0.0053     5.9322     5.9269    -0.0053   3.350955   3.350983   0.000028    34.0814    34.0871     7.3323     7.0162    -0.3160    26.8353    26.8404          6  0.000e+00
      59907 290.675962  -39.97478  -54.99514      0.201    1470.62     33.537     33.277     5.9354     5.9293    -0.0061     5.9326     5.9265    -0.0061   3.350929   3.350976   0.000047    34.0807    34.0874     7.3317     7.0157    -0.3160    26.8347    26.8407          6  0.000e+00
      59908 290.675962  -39.97478  -54.99514      0.201    1470.62     33.537     33.277     5.9349     5.9292    -0.0058     5.9321     5.9264    -0.0058   3.350865   3.350970   0.000105    34.0805    34.0875     7.3318     7.0159    -0.3159    26.8345    26.8408          6  0.000e+00
      59909 290.675963  -39.97478  -54.99514      0.203    1470.62     33.592     33.332     5.9344     5.9298    -0.0045     5.9316     5.9270    -0.0045   3.350775   3.351063   0.000288    34.0800    34.0878     7.3319     7.0160    -0.3159    26.8342    26.8410          6  0.000e+00
      59910 290.675963  -39.97478  -54.99514      0.201    1470.62     33.592     33.332     5.9339     5.9304    -0.0035     5.9312     5.9277    -0.0035   3.350781   3.351137   0.000355    34.0805    34.0880     7.3315     7.0153    -0.3162    26.8347    26.8411          6  0.000e+00
      59911 290.675964  -39.97478  -54.99514      0.205    1470.62     33.592     33.332     5.9339     5.9314    -0.0025     5.9311     5.9286    -0.0025   3.350814   3.351211   0.000397    34.0809    34.0879     7.3309     7.0099    -0.3210    26.8350    26.8408          6  0.000e+00
      59912 290.675964  -39.97478  -54.99514      0.203    1470.62     33.585     33.325     5.9335     5.9323    -0.0012     5.9307     5.9295    -0.0012   3.350775   3.351236   0.000461    34.0809    34.0873     7.3309     7.0139    -0.3171    26.8351    26.8403          6  0.000e+00
      59913 290.675965  -39.97478  -54.99514      0.202    1470.62     33.592     33.332     5.9330     5.9322    -0.0008     5.9302     5.9295    -0.0008   3.350781   3.351310   0.000528    34.0814    34.0882     7.3310     7.0101    -0.3209    26.8356    26.8410          6  0.000e+00
      59914 290.675965  -39.97478  -54.99514      0.202    1470.62     33.592     33.332     5.9330     5.9334     0.0003     5.9303     5.9306     0.0003   3.350756   3.351334   0.000579    34.0811    34.0873     7.3304     7.0141    -0.3164    26.8353    26.8402          6  0.000e+00
      59915 290.675965  -39.97478  -54.99514      0.199    1470.62     33.592     33.332     5.9330     5.9335     0.0005     5.9302     5.9308     0.0005   3.350756   3.351353   0.000597    34.0811    34.0873     7.3303     7.0142    -0.3161    26.8353    26.8402          6  0.000e+00
      59916 290.675966  -39.97478  -54.99514      0.199    1470.62     33.633     33.373     5.9332     5.9342     0.0010     5.9304     5.9314     0.0010   3.350762   3.351384   0.000621    34.0810    34.0870     7.3303     7.0136    -0.3166    26.8352    26.8398          6  0.000e+00
      59917 290.675966  -39.97478  -54.99514      0.197    1470.62     33.592     33.332     5.9336     5.9340     0.0004     5.9308     5.9312     0.0004   3.350807   3.351347   0.000540    34.0811    34.0868     7.3301     7.0131    -0.3170    26.8353    26.8397          6  0.000e+00
      59918 290.675967  -39.97478  -54.99514      0.197    1470.62     33.640     33.379     5.9336     5.9332    -0.0004     5.9308     5.9304    -0.0004   3.350826   3.351334   0.000508    34.0813    34.0875     7.3300     7.0080    -0.3220    26.8354    26.8403          6  0.000e+00
