Pos-Processados/process_op38/operantar38_016.cnv
* Sea-Bird SBE 9 Data File:
* FileName = D:\OPERANTAR_XXXVIII\DADOS\OP38_016.hdr
* Software Version Seasave V 7.18c
* Temperature SN = 4808
* Conductivity SN = 3380
* Number of Bytes Per Scan = 34
* Number of Voltage Words = 3
* Number of Scans Averaged by the Deck Unit = 1
* NMEA Latitude = 62 13.34 S
* NMEA Longitude = 058 12.68 W
* NMEA UTC (Time) = Nov 05 2019 11:56:34
** H41
** NAVIO POLAR ALMIRANTE MAXIMIANO
** CRUZEIRO:
** OPERANTAR XXXVIII
** ESTAÇÃO: OP38_016
** LAT 62 13,33' S
** LONG 058 12,65' W
** 09P73767-1155_A
** PROFUNDIDADE: 310
** DATA/HORA: 051157Z/NOV/2019
** OPERADOR: SO-HN CHAVES
# nquan = 30
# nvalues = 568                         
# units = specified
# name 0 = scan: Scan Count
# name 1 = timeJ: Julian Days
# name 2 = latitude: Latitude [deg]
# name 3 = longitude: Longitude [deg]
# name 4 = dz/dtM: Descent Rate [m/s]
# name 5 = avgsvCM: Average Sound Velocity [Chen-Millero, m/s]
# name 6 = prDM: Pressure, Digiquartz [db]
# name 7 = depSM: Depth [salt water, m]
# name 8 = t090C: Temperature [ITS-90, deg C]
# name 9 = t190C: Temperature, 2 [ITS-90, deg C]
# name 10 = T2-T190C: Temperature Difference, 2 - 1 [ITS-90, deg C]
# name 11 = potemp090C: Potential Temperature [ITS-90, deg C]
# name 12 = potemp190C: Potential Temperature, 2 [ITS-90, deg C]
# name 13 = potemp90Cdiff: Potential Temperature, Diff, 2 - 1 [ITS-90, deg C]
# name 14 = c0S/m: Conductivity [S/m]
# name 15 = c1S/m: Conductivity, 2 [S/m]
# name 16 = C2-C1S/m: Conductivity Difference, 2 - 1 [S/m]
# name 17 = sal00: Salinity, Practical [PSU]
# name 18 = sal11: Salinity, Practical, 2 [PSU]
# name 19 = sbeox0ML/L: Oxygen, SBE 43 [ml/l]
# name 20 = sigma-é00: Density [sigma-theta, kg/m^3]
# name 21 = sigma-é11: Density, 2 [sigma-theta, kg/m^3]
# name 22 = sal00: Salinity, Practical [PSU]
# name 23 = sigma-é00: Density [sigma-theta, kg/m^3]
# name 24 = svCM: Sound Velocity [Chen-Millero, m/s]
# name 25 = svCM1: Sound Velocity, 2 [Chen-Millero, m/s]
# name 26 = gsw_ptA0: potential temperature [ITS-90, deg C]
# name 27 = gsw_densityA0: density, TEOS-10 [density, kg/m^3]
# name 28 = gsw_saA0: Absolute Salinity [g/kg]
# name 29 = flag:
# span 0 =       3411,      29939       
# span 1 = 309.499260, 309.512053       
# span 2 =  -62.22236,  -62.22234       
# span 3 =  -58.21135,  -58.21130       
# span 4 =     -1.094,      1.283       
# span 5 =       0.00,    1446.63       
# span 6 =      1.000,    285.000       
# span 7 =      0.986,    282.064       
# span 8 =    -0.9473,    -0.1654       
# span 9 =    -0.9467,    -0.1602       
# span 10 =    -0.0829,     0.0305      
# span 11 =    -0.9506,    -0.1757      
# span 12 =    -0.9501,    -0.1705      
# span 13 =    -0.0827,     0.0304      
# span 14 =   2.768794,   2.860464      
# span 15 =   2.769194,   2.861454      
# span 16 =  -0.009507,   0.003173      
# span 17 =    34.1572,    34.4456      
# span 18 =    34.1633,    34.4466      
# span 19 =     5.8553,     7.6371      
# span 20 =    27.4601,    27.6813      
# span 21 =    27.4647,    27.6683      
# span 22 =    34.1560,    34.4460      
# span 23 =    27.4596,    27.6817      
# span 24 =    1444.49,    1452.26      
# span 25 =    1444.50,    1452.30      
# span 26 =    -0.9505,    -0.1755      
# span 27 =  1027.4691,  1029.0243      
# span 28 =    34.3207,    34.6142      
# span 29 = 0.0000e+00, 0.0000e+00      
# interval = decibars: 1                
# start_time = Nov 05 2019 11:56:34 [NMEA time, header]
# bad_flag = -9.990e-29
*END*
[from data line 339]
      17946 309.506270  -62.22236  -58.21132     -0.556    1446.63    230.000    227.670    -0.6744    -0.6728     0.0016    -0.6815    -0.6799     0.0016   2.808170   2.808738   0.000573    34.3493    34.3553     6.5247    27.6132    27.6179    34.3475    27.6117    1448.88    1448.89    -0.6813  1028.7163    34.5151 0.0000e+00
      17997 309.506294  -62.22236  -58.21132     -0.468    1446.63    229.000    226.672    -0.6788    -0.6888    -0.0100    -0.6859    -0.6959    -0.0100   2.807840   2.807035  -0.000712    34.3497    34.3514     6.5540    27.6136    27.6155    34.3487    27.6129    1448.84    1448.79    -0.6857  1028.7128    34.5163 0.0000e+00
      18041 309.506316  -62.22236  -58.21132     -0.530    1446.63    228.000    225.687    -0.6922    -0.7009    -0.0088    -0.6992    -0.7080    -0.0088   2.806195   2.805960  -0.000320    34.3454    34.3510     6.5897    27.6107    27.6157    34.3423    27.6083    1448.75    1448.72    -0.6991  1028.7035    34.5098 0.0000e+00
      18074 309.506332  -62.22236  -58.21132     -0.695    1446.63    227.000    224.697    -0.7099    -0.7213    -0.0114    -0.7168    -0.7282    -0.0114   2.804355   2.803554  -0.000766    34.3422    34.3448     6.5922    27.6089    27.6115    34.3381    27.6056    1448.65    1448.60    -0.7167  1028.6962    34.5056 0.0000e+00
      18102 309.506345  -62.22236  -58.21130     -0.811    1446.63    226.000    223.708    -0.7510    -0.7479     0.0031    -0.7579    -0.7547     0.0031   2.800176   2.801037   0.000727    34.3347    34.3409     6.6060    27.6045    27.6095    34.3289    27.5999    1448.43    1448.45    -0.7577  1028.6861    34.4964 0.0000e+00
      18128 309.506358  -62.22236  -58.21130     -0.899    1446.63    225.000    222.719    -0.7645    -0.7623     0.0023    -0.7713    -0.7690     0.0022   2.799123   2.799734   0.000607    34.3337    34.3394     6.6157    27.6043    27.6088    34.3306    27.6018    1448.35    1448.37    -0.7711  1028.6833    34.4981 0.0000e+00
      18155 309.506370  -62.22236  -58.21130     -0.921    1446.63    224.000    221.729    -0.7682    -0.7693    -0.0012    -0.7749    -0.7761    -0.0012   2.798695   2.798960   0.000268    34.3326    34.3375     6.6451    27.6036    27.6076    34.3296    27.6011    1448.32    1448.32    -0.7747  1028.6779    34.4970 0.0000e+00
      18186 309.506386  -62.22236  -58.21131     -0.820    1446.63    223.000    220.740    -0.7715    -0.7713     0.0002    -0.7782    -0.7780     0.0002   2.798400   2.798887   0.000449    34.3320    34.3378     6.6968    27.6032    27.6079    34.3301    27.6016    1448.28    1448.29    -0.7780  1028.6737    34.4975 0.0000e+00
      18239 309.506411  -62.22236  -58.21132     -0.434    1446.63    222.000    219.750    -0.7669    -0.7648     0.0022    -0.7736    -0.7714     0.0022   2.798797   2.799384   0.000580    34.3324    34.3377     6.7411    27.6033    27.6076    34.3308    27.6020    1448.29    1448.31    -0.7734  1028.6692    34.4982 0.0000e+00
      18288 309.506435  -62.22236  -58.21132     -0.494    1446.63    221.000    218.761    -0.7654    -0.7638     0.0016    -0.7721    -0.7704     0.0016   2.798936   2.799420   0.000509    34.3321    34.3371     6.7343    27.6031    27.6071    34.3316    27.6026    1448.28    1448.30    -0.7719  1028.6650    34.4990 0.0000e+00
      18318 309.506449  -62.22236  -58.21130     -0.720    1446.63    220.000    217.772    -0.7627    -0.7666    -0.0039    -0.7693    -0.7732    -0.0039   2.798967   2.799067   0.000095    34.3312    34.3370     6.7337    27.6022    27.6070    34.3295    27.6008    1448.28    1448.26    -0.7691  1028.6585    34.4970 0.0000e+00
      18344 309.506462  -62.22236  -58.21130     -0.878    1446.63    219.000    216.782    -0.7827    -0.7843    -0.0016    -0.7893    -0.7909    -0.0016   2.796804   2.797040   0.000222    34.3270    34.3319     6.7403    27.5996    27.6036    34.3236    27.5969    1448.16    1448.16    -0.7891  1028.6499    34.4910 0.0000e+00
      18369 309.506474  -62.22236  -58.21130     -0.949    1446.63    218.000    215.793    -0.7940    -0.7912     0.0028    -0.8005    -0.7977     0.0028   2.795760   2.796427   0.000667    34.3249    34.3307     6.7293    27.5984    27.6030    34.3229    27.5968    1448.09    1448.11    -0.8003  1028.6451    34.4903 0.0000e+00
      18393 309.506486  -62.22236  -58.21130     -0.979    1446.63    217.000    214.804    -0.7985    -0.7980     0.0004    -0.8049    -0.8045     0.0004   2.795179   2.795638   0.000436    34.3230    34.3284     6.7321    27.5970    27.6014    34.3207    27.5952    1448.05    1448.06    -0.8048  1028.6388    34.4881 0.0000e+00
      18418 309.506497  -62.22236  -58.21130     -0.989    1446.63    216.000    213.814    -0.8083    -0.8077     0.0006    -0.8147    -0.8141     0.0006   2.794115   2.794546   0.000463    34.3206    34.3262     6.7452    27.5955    27.6000    34.3181    27.5935    1447.98    1447.99    -0.8145  1028.6324    34.4855 0.0000e+00
      18446 309.506511  -62.22236  -58.21130     -0.922    1446.63    215.000    212.825    -0.8100    -0.8180    -0.0080    -0.8164    -0.8244    -0.0080   2.794126   2.793527  -0.000518    34.3214    34.3235     6.7660    27.5962    27.5983    34.3208    27.5957    1447.96    1447.92    -0.8162  1028.6299    34.4882 0.0000e+00
      18482 309.506528  -62.22236  -58.21130     -0.706    1446.63    214.000    211.836    -0.7966    -0.8071    -0.0106    -0.8029    -0.8135    -0.0105   2.795395   2.794780  -0.000689    34.3243    34.3269     6.7861    27.5980    27.6006    34.3233    27.5972    1448.01    1447.97    -0.8028  1028.6281    34.4928 0.0000e+00
      18523 309.506548  -62.22236 -9.990e-29     -0.576    1446.63    213.000    210.846    -0.8088    -0.8029     0.0059    -0.8151    -0.8092     0.0059   2.794103   2.794991   0.000913    34.3210    34.3267     6.8088    27.5958    27.6002    34.3203    27.5953    1447.93    1447.97    -0.8149  1028.6217    34.4900 0.0000e+00
      18557 309.506564  -62.22236  -58.21132     -0.672    1446.63    212.000    209.857    -0.8006    -0.8115    -0.0109    -0.8069    -0.8178    -0.0109   2.794654   2.793978  -0.000597    34.3208    34.3251     6.7891    27.5953    27.5992    34.3192    27.5940    1447.95    1447.91    -0.8067  1028.6151    34.4882 0.0000e+00
      18586 309.506578  -62.22236  -58.21132     -0.798    1446.63    211.000    208.873    -0.8243    -0.8277    -0.0033    -0.8305    -0.8339    -0.0033   2.792050   2.792282   0.000155    34.3143    34.3202     6.7930    27.5910    27.5959    34.3114    27.5887    1447.82    1447.81    -0.8304  1028.6038    34.4787 0.0000e+00
      18614 309.506592  -62.22236  -58.21130     -0.843    1446.63    210.000    207.873    -0.8324    -0.8349    -0.0025    -0.8386    -0.8411    -0.0025   2.791381   2.791487   0.000102    34.3138    34.3180     6.7908    27.5909    27.5944    34.3121    27.5896    1447.76    1447.76    -0.8384  1028.6000    34.4794 0.0000e+00
      18643 309.506606  -62.22236  -58.21130     -0.848    1446.63    209.000    206.889    -0.8367    -0.8379    -0.0013    -0.8428    -0.8441    -0.0013   2.790909   2.791102   0.000217    34.3124    34.3167     6.8040    27.5899    27.5935    34.3112    27.5890    1447.73    1447.72    -0.8427  1028.5947    34.4785 0.0000e+00
      18671 309.506619  -62.22236  -58.21130     -0.854    1446.63    208.000    205.903    -0.8392    -0.8393    -0.0001    -0.8453    -0.8454    -0.0001   2.790514   2.790928   0.000384    34.3110    34.3163     6.8297    27.5889    27.5933    34.3093    27.5876    1447.69    1447.70    -0.8451  1028.5885    34.4766 0.0000e+00
      18700 309.506633  -62.22236  -58.21130     -0.838    1446.63    207.000    204.907    -0.8423    -0.8422     0.0001    -0.8483    -0.8483     0.0001   2.790127   2.790545   0.000418    34.3095    34.3151     6.8538    27.5878    27.5923    34.3082    27.5868    1447.66    1447.67    -0.8482  1028.5830    34.4755 0.0000e+00
      18734 309.506650  -62.22236  -58.21130     -0.726    1446.63    206.000    203.920    -0.8385    -0.8422    -0.0037    -0.8445    -0.8482    -0.0037   2.790527   2.790555   0.000048    34.3102    34.3150     6.8573    27.5882    27.5923    34.3100    27.5881    1447.67    1447.66    -0.8444  1028.5794    34.4772 0.0000e+00
      18773 309.506668  -62.22236  -58.21130     -0.621    1446.63    205.000    202.931    -0.8342    -0.8379    -0.0037    -0.8402    -0.8439    -0.0037   2.790978   2.790724  -0.000252    34.3124    34.3132     6.8647    27.5899    27.5906    34.3118    27.5893    1447.67    1447.66    -0.8400  1028.5759    34.4790 0.0000e+00
      18806 309.506684  -62.22236  -58.21130     -0.696    1446.63    204.000    201.942    -0.8433    -0.8416     0.0017    -0.8492    -0.8475     0.0017   2.789809   2.790456   0.000606    34.3083    34.3146     6.8597    27.5869    27.5919    34.3069    27.5857    1447.61    1447.62    -0.8491  1028.5676    34.4741 0.0000e+00
      18833 309.506698  -62.22236  -58.21130     -0.829    1446.63    203.000    200.952    -0.8482    -0.8477     0.0005    -0.8541    -0.8536     0.0005   2.789190   2.789661   0.000456    34.3061    34.3117     6.8537    27.5853    27.5899    34.3047    27.5842    1447.56    1447.57    -0.8540  1028.5613    34.4719 0.0000e+00
      18859 309.506710  -62.22236  -58.21131     -0.906    1446.63    202.000    199.963    -0.8533    -0.8524     0.0010    -0.8592    -0.8582     0.0010   2.788600   2.789108   0.000502    34.3045    34.3102     6.8458    27.5842    27.5888    34.3031    27.5831    1447.52    1447.53    -0.8590  1028.5555    34.4704 0.0000e+00
      18888 309.506724  -62.22236  -58.21132     -0.871    1446.63    201.000    198.973    -0.8574    -0.8565     0.0009    -0.8632    -0.8623     0.0009   2.788103   2.788595   0.000495    34.3025    34.3082     6.8708    27.5828    27.5874    34.3016    27.5820    1447.48    1447.50    -0.8631  1028.5497    34.4688 0.0000e+00
      18924 309.506742  -62.22236  -58.21130     -0.699    1446.63    200.000    197.984    -0.8518    -0.8543    -0.0025    -0.8577    -0.8601    -0.0025   2.788844   2.788955   0.000118    34.3057    34.3101     6.8874    27.5851    27.5888    34.3060    27.5854    1447.50    1447.49    -0.8575  1028.5482    34.4732 0.0000e+00
      18965 309.506761  -62.22236  -58.21130     -0.575    1446.63    199.000    196.994    -0.8479    -0.8463     0.0015    -0.8536    -0.8521     0.0015   2.789079   2.789603   0.000505    34.3058    34.3109     6.9056    27.5850    27.5891    34.3053    27.5846    1447.50    1447.52    -0.8535  1028.5426    34.4725 0.0000e+00
      18999 309.506778  -62.22236  -58.21130     -0.682    1446.63    198.000    196.005    -0.8529    -0.8526     0.0003    -0.8586    -0.8583     0.0003   2.788332   2.788700   0.000378    34.3028    34.3076     6.8954    27.5828    27.5867    34.3014    27.5817    1447.46    1447.47    -0.8585  1028.5350    34.4686 0.0000e+00
      19027 309.506791  -62.22236  -58.21130     -0.820    1446.63    197.000    195.016    -0.8576    -0.8575     0.0001    -0.8634    -0.8632     0.0001   2.787796   2.788218   0.000416    34.3009    34.3064     6.8816    27.5814    27.5859    34.3002    27.5809    1447.42    1447.43    -0.8632  1028.5295    34.4674 0.0000e+00
      19053 309.506803  -62.22236  -58.21130     -0.909    1446.63    196.000    194.026    -0.8590    -0.8587     0.0003    -0.8647    -0.8644     0.0003   2.787549   2.787979   0.000427    34.2996    34.3050     6.8843    27.5805    27.5849    34.2991    27.5800    1447.39    1447.40    -0.8645  1028.5238    34.4662 0.0000e+00
      19077 309.506815  -62.22236 -9.990e-29     -0.959    1446.63    195.000    193.037    -0.8593    -0.8590     0.0003    -0.8649    -0.8646     0.0003   2.787450   2.787870   0.000417    34.2991    34.3044     6.8925    27.5801    27.5843    34.2986    27.5797    1447.37    1447.38    -0.8648  1028.5205    34.4680 0.0000e+00
      19101 309.506827  -62.22236 -9.990e-29     -0.989    1446.63    194.000    192.047    -0.8591    -0.8587     0.0004    -0.8648    -0.8643     0.0004   2.787378   2.787830   0.000448    34.2985    34.3042     6.9149    27.5796    27.5841    34.2981    27.5793    1447.36    1447.37    -0.8646  1028.5152    34.4674 0.0000e+00
      19129 309.506840  -62.22236 -9.990e-29     -0.917    1446.63    193.000    191.058    -0.8592    -0.8597    -0.0005    -0.8648    -0.8653    -0.0005   2.787337   2.787642   0.000318    34.2985    34.3034     6.9309    27.5795    27.5835    34.2982    27.5794    1447.34    1447.35    -0.8646  1028.5106    34.4675 0.0000e+00
      19165 309.506858  -62.22236  -58.21132     -0.710    1446.63    192.000    190.068    -0.8587    -0.8580     0.0007    -0.8643    -0.8636     0.0007   2.787393   2.787850   0.000444    34.2993    34.3046     6.9390    27.5802    27.5844    34.2990    27.5800    1447.33    1447.34    -0.8641  1028.5055    34.4672 0.0000e+00
      19206 309.506877  -62.22236  -58.21132     -0.578    1446.63    191.000    189.079    -0.8590    -0.8581     0.0009    -0.8646    -0.8637     0.0009   2.787290   2.787777   0.000484    34.2990    34.3045     6.9529    27.5799    27.5844    34.2986    27.5797    1447.31    1447.32    -0.8644  1028.4996    34.4658 0.0000e+00
      19243 309.506895  -62.22236  -58.21132     -0.641    1446.63    190.000    188.089    -0.8586    -0.8582     0.0004    -0.8640    -0.8637     0.0004   2.787311   2.787710   0.000409    34.2991    34.3042     6.9404    27.5800    27.5842    34.2990    27.5800    1447.30    1447.30    -0.8639  1028.4951    34.4661 0.0000e+00
      19276 309.506911  -62.22236  -58.21132     -0.705    1446.63    189.000    187.100    -0.8602    -0.8628    -0.0026    -0.8657    -0.8683    -0.0026   2.786986   2.787088   0.000105    34.2978    34.3022     6.9453    27.5790    27.5827    34.2971    27.5785    1447.27    1447.26    -0.8655  1028.4888    34.4642 0.0000e+00
      19308 309.506926  -62.22236  -58.21132     -0.751    1446.63    188.000    186.110    -0.8655    -0.8655    -0.0000    -0.8709    -0.8710    -0.0000   2.786349   2.786759   0.000406    34.2958    34.3013     6.9369    27.5776    27.5821    34.2951    27.5771    1447.23    1447.23    -0.8708  1028.4827    34.4622 0.0000e+00
      19336 309.506940  -62.22236  -58.21132     -0.829    1446.63    187.000    185.121    -0.8701    -0.8699     0.0003    -0.8755    -0.8752     0.0003   2.785863   2.786293   0.000427    34.2950    34.3005     6.9416    27.5772    27.5816    34.2944    27.5766    1447.19    1447.20    -0.8753  1028.4775    34.4615 0.0000e+00
      19362 309.506953  -62.22236  -58.21132     -0.888    1446.63    186.000    184.131    -0.8727    -0.8724     0.0003    -0.8781    -0.8778     0.0003   2.785567   2.785977   0.000417    34.2945    34.2999     6.9496    27.5769    27.5812    34.2939    27.5764    1447.16    1447.17    -0.8779  1028.4725    34.4610 0.0000e+00
      19390 309.506966  -62.22236  -58.21132     -0.887    1446.63    185.000    183.142    -0.8744    -0.8741     0.0003    -0.8797    -0.8794     0.0003   2.785364   2.785773   0.000412    34.2942    34.2995     6.9513    27.5767    27.5810    34.2937    27.5763    1447.13    1447.14    -0.8796  1028.4676    34.4608 0.0000e+00
      19421 309.506981  -62.22236  -58.21132     -0.807    1446.63    184.000    182.152    -0.8747    -0.8759    -0.0012    -0.8800    -0.8812    -0.0012   2.785329   2.785570   0.000255    34.2944    34.2993     6.9624    27.5769    27.5809    34.2942    27.5767    1447.12    1447.12    -0.8798  1028.4633    34.4613 0.0000e+00
