Pos-Processados/process_op38/operantar38_002.ros
* Sea-Bird SBE 9 Data File:
* FileName = D:\OPERANTAR_XXXVIII\DADOS\OP38_002.hdr
* Software Version Seasave V 7.12
* Temperature SN = 4808
* Conductivity SN = 3380
* Number of Bytes Per Scan = 31
* Number of Voltage Words = 2
* Number of Scans Averaged by the Deck Unit = 1
* NMEA Latitude = 38 26.99 S
* NMEA Longitude = 052 53.48 W
* NMEA UTC (Time) = Jan 16 2019 21:21:57
** H41
** NAVIO POLAR ALMIRANTE MAXIMIANO
** CRUZEIRO:
** OPERANTAR XXXVIII
** ESTAÇÃO: 002
** LAT 38º 26,99'S
** LONG 052º 53,46'W
** 09P73767-1155
** PROFUNDIDADE: 4158 m
** DATA/HORA: 162121Z/OUT/2019
** OPERADOR: SO-HN CHAVES
# nquan = 24
# nvalues = 3775                                  
# units = specified
# name 0 = scan: Scan Count
# name 1 = timeJ: Julian Days
# name 2 = latitude: Latitude [deg]
# name 3 = longitude: Longitude [deg]
# name 4 = dz/dtM: Descent Rate [m/s]
# name 5 = avgsvCM: Average Sound Velocity [Chen-Millero, m/s]
# name 6 = prDM: Pressure, Digiquartz [db]
# name 7 = depSM: Depth [salt water, m]
# name 8 = t090C: Temperature [ITS-90, deg C]
# name 9 = t190C: Temperature, 2 [ITS-90, deg C]
# name 10 = T2-T190C: Temperature Difference, 2 - 1 [ITS-90, deg C]
# name 11 = potemp090C: Potential Temperature [ITS-90, deg C]
# name 12 = potemp190C: Potential Temperature, 2 [ITS-90, deg C]
# name 13 = potemp90Cdiff: Potential Temperature, Diff, 2 - 1 [ITS-90, deg C]
# name 14 = c0S/m: Conductivity [S/m]
# name 15 = c1S/m: Conductivity, 2 [S/m]
# name 16 = C2-C1S/m: Conductivity Difference, 2 - 1 [S/m]
# name 17 = sal00: Salinity, Practical [PSU]
# name 18 = sal11: Salinity, Practical, 2 [PSU]
# name 19 = sbeox0ML/L: Oxygen, SBE 43 [ml/l]
# name 20 = sigma-é00: Density [sigma-theta, kg/m^3]
# name 21 = sigma-é11: Density, 2 [sigma-theta, kg/m^3]
# name 22 = nbf: Bottles Fired
# name 23 = flag:  0.000e+00
# interval = seconds: 0.0416667
# start_time = Jan 16 2019 21:21:57 [NMEA time, header]
# bad_flag = -9.990e-29
*END*
[from data line 967]
      65024  16.921601  -38.44986  -52.89134     -0.449    1497.38     20.468     20.313    15.5206    15.5221     0.0014    15.5175    15.5189     0.0014   4.415413   4.416257   0.000845    35.6452    35.6516     5.5750    26.3541    26.3586          6  0.000e+00
      65025  16.921601  -38.44986  -52.89134     -0.449    1497.38     20.434     20.280    15.5208    15.5220     0.0012    15.5177    15.5189     0.0012   4.415370   4.416202   0.000833    35.6447    35.6511     5.5745    26.3536    26.3583          6  0.000e+00
      65026  16.921602  -38.44986  -52.89134     -0.447    1497.38     20.434     20.280    15.5209    15.5219     0.0010    15.5178    15.5188     0.0010   4.415362   4.416237   0.000874    35.6445    35.6515     5.5712    26.3535    26.3586          6  0.000e+00
      65027  16.921602  -38.44986  -52.89134     -0.444    1497.38     20.421     20.266    15.5208    15.5220     0.0012    15.5177    15.5189     0.0012   4.415384   4.416230   0.000846    35.6448    35.6514     5.5738    26.3537    26.3585          6  0.000e+00
      65028  16.921603  -38.44986  -52.89134     -0.441    1497.38     20.434     20.280    15.5206    15.5223     0.0016    15.5175    15.5191     0.0016   4.415391   4.416223   0.000832    35.6451    35.6511     5.5736    26.3539    26.3582          6  0.000e+00
      65029  16.921603  -38.44986  -52.89134     -0.440    1497.38     20.421     20.266    15.5208    15.5221     0.0013    15.5177    15.5189     0.0013   4.415348   4.416161   0.000813    35.6445    35.6507     5.5702    26.3535    26.3580          7  0.000e+00
      65030  16.921603  -38.44986  -52.89134     -0.435    1497.38     20.380     20.225    15.5207    15.5217     0.0010    15.5176    15.5185     0.0010   4.415348   4.416120   0.000772    35.6446    35.6507     5.5728    26.3536    26.3580          7  0.000e+00
      65031  16.921604  -38.44986  -52.89134     -0.433    1497.38     20.421     20.266    15.5206    15.5214     0.0008    15.5175    15.5183     0.0008   4.415327   4.416133   0.000807    35.6445    35.6511     5.5725    26.3535    26.3584          7  0.000e+00
      65032  16.921604  -38.44986  -52.89134     -0.425    1497.38     20.380     20.225    15.5206    15.5214     0.0007    15.5175    15.5182     0.0007   4.415319   4.416147   0.000828    35.6444    35.6513     5.5690    26.3534    26.3585          7  0.000e+00
      65033  16.921605  -38.44986  -52.89134     -0.421    1497.38     20.366     20.212    15.5205    15.5216     0.0011    15.5174    15.5184     0.0011   4.415326   4.416175   0.000848    35.6446    35.6513     5.5715    26.3536    26.3585          7  0.000e+00
      65034  16.921605  -38.44986  -52.89134     -0.419    1497.38     20.332     20.178    15.5204    15.5214     0.0010    15.5173    15.5182     0.0010   4.415291   4.416154   0.000863    35.6444    35.6513     5.5711    26.3535    26.3586          7  0.000e+00
      65035  16.921606  -38.44986  -52.89134     -0.411    1497.38     20.366     20.212    15.5202    15.5209     0.0007    15.5170    15.5177     0.0007   4.415276   4.416085   0.000809    35.6445    35.6511     5.5709    26.3536    26.3586          7  0.000e+00
      65036  16.921606  -38.44986  -52.89134     -0.407    1497.38     20.332     20.178    15.5202    15.5215     0.0014    15.5170    15.5184     0.0014   4.415283   4.416099   0.000815    35.6446    35.6507     5.5704    26.3537    26.3581          7  0.000e+00
      65037  16.921607  -38.44986  -52.89134     -0.401    1497.38     20.318     20.164    15.5204    15.5211     0.0006    15.5173    15.5179     0.0006   4.415276   4.416051   0.000774    35.6443    35.6507     5.5702    26.3534    26.3582          7  0.000e+00
      65038  16.921607  -38.44986  -52.89134     -0.393    1497.38     20.332     20.178    15.5203    15.5214     0.0010    15.5172    15.5182     0.0010   4.415276   4.416085   0.000809    35.6443    35.6507     5.5699    26.3534    26.3581          7  0.000e+00
      65039  16.921608  -38.44986  -52.89134     -0.386    1497.38     20.318     20.164    15.5202    15.5209     0.0007    15.5170    15.5177     0.0007   4.415248   4.416106   0.000858    35.6443    35.6513     5.5728    26.3534    26.3587          7  0.000e+00
      65040  16.921608  -38.44986  -52.89134     -0.378    1497.38     20.332     20.178    15.5200    15.5215     0.0016    15.5168    15.5184     0.0016   4.415276   4.416051   0.000774    35.6447    35.6503     5.5696    26.3538    26.3577          7  0.000e+00
      65041  16.921609  -38.44986  -52.89134     -0.373    1497.38     20.270     20.117    15.5199    15.5214     0.0015    15.5167    15.5183     0.0015   4.415248   4.416058   0.000810    35.6445    35.6504     5.5692    26.3537    26.3579          7  0.000e+00
      65042  16.921609  -38.44986  -52.89134     -0.364    1497.38     20.332     20.178    15.5200    15.5212     0.0012    15.5168    15.5180     0.0012   4.415262   4.416099   0.000837    35.6445    35.6510     5.5689    26.3537    26.3584          7  0.000e+00
      65043  16.921610  -38.44986  -52.89134     -0.356    1497.38     20.270     20.117    15.5197    15.5214     0.0018    15.5165    15.5183     0.0018   4.415248   4.416051   0.000803    35.6447    35.6504     5.5719    26.3539    26.3578          7  0.000e+00
      65044  16.921610  -38.44986  -52.89134     -0.346    1497.38     20.332     20.178    15.5195    15.5211     0.0016    15.5163    15.5179     0.0016   4.415197   4.416009   0.000812    35.6444    35.6503     5.5718    26.3537    26.3579          7  0.000e+00
      65045  16.921611  -38.44986  -52.89134     -0.341    1497.38     20.270     20.117    15.5192    15.5210     0.0018    15.5161    15.5179     0.0018   4.415169   4.416023   0.000854    35.6444    35.6505     5.5719    26.3538    26.3580          7  0.000e+00
      65046  16.921611  -38.44986  -52.89134     -0.331    1497.38     20.284     20.130    15.5190    15.5207     0.0018    15.5158    15.5176     0.0018   4.415190   4.416002   0.000812    35.6448    35.6506     5.5720    26.3541    26.3581          7  0.000e+00
      65047  16.921612  -38.44986  -52.89134     -0.322    1497.38     20.270     20.117    15.5188    15.5210     0.0022    15.5156    15.5179     0.0022   4.415183   4.416051   0.000868    35.6449    35.6507     5.5720    26.3542    26.3582          7  0.000e+00
      65048  16.921612  -38.44986  -52.89134     -0.312    1497.38     20.284     20.130    15.5187    15.5207     0.0020    15.5156    15.5176     0.0020   4.415169   4.416044   0.000875    35.6449    35.6509     5.5720    26.3542    26.3584          7  0.000e+00
      65049  16.921613  -38.44986  -52.89134     -0.300    1497.38     20.318     20.164    15.5186    15.5205     0.0019    15.5155    15.5174     0.0019   4.415190   4.416030   0.000840    35.6451    35.6510     5.5721    26.3544    26.3585          7  0.000e+00
      65050  16.921613  -38.44986  -52.89134     -0.295    1497.38     20.229     20.076    15.5185    15.5211     0.0026    15.5153    15.5179     0.0026   4.415255   4.416058   0.000803    35.6459    35.6508     5.5751    26.3550    26.3582          7  0.000e+00
      65051  16.921614  -38.44986  -52.89134     -0.285    1497.38     20.270     20.117    15.5185    15.5214     0.0029    15.5153    15.5182     0.0029   4.415205   4.416071   0.000867    35.6454    35.6506     5.5722    26.3547    26.3580          7  0.000e+00
      65052  16.921614  -38.44986  -52.89134     -0.274    1497.38     20.284     20.130    15.5187    15.5211     0.0024    15.5156    15.5179     0.0024   4.415197   4.416009   0.000812    35.6451    35.6503     5.5723    26.3544    26.3579          7  0.000e+00
      65053  16.921615  -38.44986  -52.89134     -0.266    1497.38     20.270     20.117    15.5185    15.5210     0.0025    15.5153    15.5179     0.0025   4.415176   4.416078   0.000902    35.6451    35.6510     5.5757    26.3545    26.3584          7  0.000e+00
      65054  16.921615  -38.44986  -52.89134     -0.253    1497.38     20.284     20.131    15.5185    15.5211     0.0026    15.5153    15.5179     0.0026   4.415147   4.416051   0.000903    35.6449    35.6507     5.5761    26.3543    26.3582          7  0.000e+00
      65055  16.921616  -38.44986  -52.89134     -0.243    1497.38     20.270     20.117    15.5179    15.5207     0.0028    15.5148    15.5175     0.0028   4.415126   4.416030   0.000904    35.6452    35.6509     5.5733    26.3546    26.3584          7  0.000e+00
      65056  16.921616  -38.44986  -52.89134     -0.233    1497.38     20.284     20.131    15.5177    15.5207     0.0031    15.5145    15.5176     0.0031   4.415126   4.416030   0.000904    35.6454    35.6508     5.5766    26.3549    26.3583          7  0.000e+00
      65057  16.921617  -38.44986  -52.89134     -0.221    1497.38     20.318     20.165    15.5174    15.5207     0.0033    15.5143    15.5176     0.0033   4.415097   4.416037   0.000940    35.6454    35.6509     5.5770    26.3549    26.3584          7  0.000e+00
      65058  16.921617  -38.44986  -52.89134     -0.212    1497.38     20.229     20.076    15.5169    15.5203     0.0034    15.5138    15.5172     0.0034   4.415097   4.416002   0.000905    35.6458    35.6510     5.5770    26.3554    26.3585          7  0.000e+00
      65059  16.921617  -38.44986  -52.89134     -0.200    1497.38     20.270     20.117    15.5166    15.5207     0.0041    15.5135    15.5176     0.0041   4.415061   4.416051   0.000990    35.6458    35.6510     5.5774    26.3554    26.3585          7  0.000e+00
      65060  16.921618  -38.44986  -52.89134     -0.192    1497.38     20.284     20.131    15.5164    15.5207     0.0043    15.5132    15.5175     0.0043   4.415054   4.416016   0.000962    35.6459    35.6507     5.5777    26.3555    26.3583          7  0.000e+00
      65061  16.921618  -38.44986  -52.89134     -0.179    1497.38     20.318     20.165    15.5168    15.5199     0.0031    15.5136    15.5167     0.0031   4.415054   4.415996   0.000942    35.6456    35.6513     5.5779    26.3552    26.3589          7  0.000e+00
      65062  16.921619  -38.44986  -52.89134     -0.169    1497.38     20.284     20.131    15.5166    15.5197     0.0031    15.5134    15.5165     0.0031   4.415090   4.415996   0.000906    35.6461    35.6515     5.5781    26.3556    26.3591          7  0.000e+00
      65063  16.921619  -38.44986  -52.89134     -0.160    1497.38     20.271     20.117    15.5168    15.5200     0.0032    15.5137    15.5169     0.0032   4.415090   4.416002   0.000913    35.6459    35.6512     5.5783    26.3554    26.3588          7  0.000e+00
      65064  16.921620  -38.44986  -52.89134     -0.146    1497.38     20.332     20.178    15.5169    15.5193     0.0024    15.5138    15.5162     0.0024   4.415090   4.415961   0.000871    35.6457    35.6515     5.5785    26.3553    26.3592          7  0.000e+00
      65065  16.921620  -38.44986  -52.89134     -0.138    1497.38     20.271     20.117    15.5169    15.5195     0.0026    15.5138    15.5164     0.0026   4.415097   4.415954   0.000857    35.6458    35.6512     5.5786    26.3553    26.3589          7  0.000e+00
      65066  16.921621  -38.44986  -52.89134     -0.125    1497.38     20.332     20.178    15.5168    15.5193     0.0025    15.5136    15.5162     0.0025   4.415061   4.415899   0.000838    35.6456    35.6509     5.5788    26.3552    26.3587          7  0.000e+00
      65067  16.921621  -38.44986  -52.89134     -0.113    1497.38     20.319     20.165    15.5169    15.5187     0.0017    15.5138    15.5155     0.0017   4.415054   4.415878   0.000824    35.6454    35.6513     5.5789    26.3550    26.3592          7  0.000e+00
      65068  16.921622  -38.44986  -52.89134     -0.102    1497.38     20.332     20.178    15.5169    15.5187     0.0017    15.5138    15.5155     0.0017   4.415054   4.415858   0.000804    35.6454    35.6511     5.5790    26.3550    26.3590          7  0.000e+00
      65069  16.921622  -38.44986  -52.89134     -0.092    1497.38     20.319     20.165    15.5171    15.5180     0.0009    15.5139    15.5148     0.0009   4.415119   4.415872   0.000753    35.6459    35.6519     5.5790    26.3554    26.3598          7  0.000e+00
      65070  16.921623  -38.44986  -52.89134     -0.080    1497.38     20.332     20.178    15.5173    15.5178     0.0005    15.5141    15.5147     0.0005   4.415126   4.415823   0.000698    35.6457    35.6516     5.5791    26.3552    26.3596          7  0.000e+00
      65071  16.921623  -38.44986  -52.89134     -0.068    1497.38     20.332     20.178    15.5174    15.5176     0.0002    15.5143    15.5145     0.0002   4.415126   4.415865   0.000739    35.6456    35.6521     5.5791    26.3551    26.3601          7  0.000e+00
      65072  16.921624  -38.44986  -52.89134     -0.059    1497.38     20.319     20.165    15.5174    15.5177     0.0002    15.5143    15.5145     0.0002   4.415154   4.415858   0.000703    35.6459    35.6520     5.5791    26.3553    26.3600          7  0.000e+00
      65073  16.921624  -38.44986  -52.89134     -0.047    1497.38     20.380     20.226    15.5179    15.5181     0.0002    15.5148    15.5150     0.0002   4.415205   4.415844   0.000639    35.6459    35.6515     5.5791    26.3551    26.3594          7  0.000e+00
      65074  16.921625  -38.44986  -52.89134     -0.038    1497.38     20.367     20.212    15.5177    15.5178     0.0001    15.5145    15.5147     0.0001   4.415176   4.415816   0.000641    35.6458    35.6515     5.5791    26.3552    26.3595          7  0.000e+00
      65075  16.921625  -38.44986  -52.89134     -0.030    1497.38     20.332     20.178    15.5177    15.5176    -0.0001    15.5146    15.5145    -0.0001   4.415169   4.415830   0.000662    35.6457    35.6518     5.5757    26.3551    26.3598          7  0.000e+00
      65076  16.921626  -38.44986  -52.89134     -0.018    1497.38     20.421     20.267    15.5176    15.5178     0.0002    15.5144    15.5146     0.0002   4.415176   4.415844   0.000668    35.6459    35.6517     5.5754    26.3552    26.3597          7  0.000e+00
      65077  16.921626  -38.44986  -52.89134     -0.010    1497.38     20.332     20.178    15.5177    15.5180     0.0003    15.5145    15.5148     0.0003   4.415140   4.415851   0.000711    35.6455    35.6517     5.5751    26.3550    26.3596          7  0.000e+00
      65078  16.921627  -38.44986  -52.89134      0.003    1497.38     20.421     20.267    15.5174    15.5178     0.0004    15.5143    15.5146     0.0004   4.415097   4.415899   0.000802    35.6453    35.6522     5.5777    26.3548    26.3601          7  0.000e+00
      65079  16.921627  -38.44986  -52.89134      0.010    1497.38     20.380     20.226    15.5173    15.5180     0.0007    15.5141    15.5148     0.0007   4.415111   4.415920   0.000808    35.6456    35.6523     5.5745    26.3551    26.3601          7  0.000e+00
      65080  16.921628  -38.44986  -52.89134      0.023    1497.38     20.422     20.267    15.5173    15.5185     0.0012    15.5141    15.5153     0.0012   4.415140   4.415927   0.000787    35.6459    35.6519     5.5741    26.3553    26.3597          7  0.000e+00
      65081  16.921628  -38.44986  -52.89134      0.034    1497.38     20.435     20.280    15.5173    15.5185     0.0012    15.5141    15.5153     0.0012   4.415126   4.415885   0.000760    35.6457    35.6515     5.5766    26.3552    26.3594          7  0.000e+00
      65082  16.921629  -38.44986  -52.89134      0.043    1497.38     20.422     20.267    15.5174    15.5185     0.0010    15.5143    15.5153     0.0010   4.415154   4.415858   0.000703    35.6458    35.6513     5.5765    26.3552    26.3592          7  0.000e+00
