Pos-Processados/process_op38/operantar38_005.ros
* Sea-Bird SBE 9 Data File:
* FileName = D:\OPERANTAR_XXXVIII\DADOS\OP38_005.hdr
* Software Version Seasave V 7.18c
* Temperature SN = 4808
* Conductivity SN = 3380
* Number of Bytes Per Scan = 31
* Number of Voltage Words = 2
* Number of Scans Averaged by the Deck Unit = 1
* NMEA Latitude = 45 12.86 S
* NMEA Longitude = 051 09.01 W
* NMEA UTC (Time) = Oct 19 2019 13:59:02
** H41
** NAVIO POLAR ALMIRANTE MAXIMIANO
** CRUZEIRO:
** OPERANTAR XXXVIII
** ESTAÇÃO: OP38_005
** LAT 045º 12,86' S
** LONG 051º 09,03' W
** 09P73767-1155
** PROFUNDIDADE: 5853
** DATA/HORA: 191400Z/OUT/2019
** OPERADOR: SO-HN CHAVES
# nquan = 27
# nvalues = 4255                                  
# units = specified
# name 0 = scan: Scan Count
# name 1 = timeJ: Julian Days
# name 2 = latitude: Latitude [deg]
# name 3 = longitude: Longitude [deg]
# name 4 = dz/dtM: Descent Rate [m/s]
# name 5 = avgsvCM: Average Sound Velocity [Chen-Millero, m/s]
# name 6 = prDM: Pressure, Digiquartz [db]
# name 7 = depSM: Depth [salt water, m]
# name 8 = t090C: Temperature [ITS-90, deg C]
# name 9 = t190C: Temperature, 2 [ITS-90, deg C]
# name 10 = T2-T190C: Temperature Difference, 2 - 1 [ITS-90, deg C]
# name 11 = potemp090C: Potential Temperature [ITS-90, deg C]
# name 12 = potemp190C: Potential Temperature, 2 [ITS-90, deg C]
# name 13 = potemp90Cdiff: Potential Temperature, Diff, 2 - 1 [ITS-90, deg C]
# name 14 = c0S/m: Conductivity [S/m]
# name 15 = c1S/m: Conductivity, 2 [S/m]
# name 16 = C2-C1S/m: Conductivity Difference, 2 - 1 [S/m]
# name 17 = sal00: Salinity, Practical [PSU]
# name 18 = sal11: Salinity, Practical, 2 [PSU]
# name 19 = sbeox0ML/L: Oxygen, SBE 43 [ml/l]
# name 20 = sigma-é00: Density [sigma-theta, kg/m^3]
# name 21 = sigma-é11: Density, 2 [sigma-theta, kg/m^3]
# name 22 = sbox0Mm/Kg: Oxygen, SBE 43 [umol/kg]
# name 23 = oxsolMm/Kg: Oxygen Saturation, Garcia & Gordon [umol/kg]
# name 24 = oxsatMm/Kg: Oxygen Saturation, Weiss [umol/kg]
# name 25 = nbf: Bottles Fired
# name 26 = flag:  0.000e+00
# interval = seconds: 0.0416667
# start_time = Oct 19 2019 13:59:02 [NMEA time, header]
# bad_flag = -9.990e-29
*END*
[from data line 2148]
      65941 292.614462  -45.21434  -51.15018     -0.302    1476.21     28.451     28.218    10.2850    10.2838    -0.0013    10.2817    10.2804    -0.0013   3.818818   3.819345   0.000527    34.8122    34.8188     6.1451    26.7568    26.7622    267.288  273.30888  273.43026         13  0.000e+00
      65942 292.614462  -45.21434  -51.15018     -0.290    1476.21     28.492     28.258    10.2849    10.2839    -0.0010    10.2816    10.2806    -0.0010   3.818818   3.819365   0.000546    34.8123    34.8189     6.1446    26.7569    26.7621    267.265  273.30930  273.43069         13  0.000e+00
      65943 292.614463  -45.21434  -51.15018     -0.277    1476.21     28.499     28.265    10.2850    10.2842    -0.0008    10.2817    10.2809    -0.0008   3.818778   3.819358   0.000580    34.8118    34.8185     6.1444    26.7564    26.7618    267.256  273.30973  273.43110         13  0.000e+00
      65944 292.614463  -45.21434  -51.15018     -0.268    1476.21     28.492     28.258    10.2846    10.2843    -0.0004    10.2813    10.2809    -0.0004   3.818778   3.819436   0.000658    34.8122    34.8193     6.1442    26.7569    26.7624    267.248  273.31147  273.43289         13  0.000e+00
      65945 292.614464  -45.21434  -51.15018     -0.257    1476.21     28.451     28.218    10.2847    10.2844    -0.0003    10.2814    10.2811    -0.0003   3.818730   3.819436   0.000706    34.8117    34.8192     6.1436    26.7564    26.7623    267.222  273.31199  273.43339         13  0.000e+00
      65946 292.614464  -45.21434  -51.15018     -0.243    1476.21     28.499     28.265    10.2847    10.2846    -0.0001    10.2814    10.2813    -0.0001   3.818805   3.819430   0.000625    34.8124    34.8189     6.1434    26.7570    26.7620    267.212  273.31055  273.43196         13  0.000e+00
      65947 292.614465  -45.21434  -51.15018     -0.234    1476.21     28.492     28.258    10.2849    10.2849    -0.0000    10.2816    10.2816    -0.0000   3.818798   3.819404   0.000605    34.8121    34.8183     6.1395    26.7567    26.7615    267.044  273.30971  273.43109         13  0.000e+00
      65948 292.614465  -45.21436  -51.15018     -0.220    1476.21     28.499     28.265    10.2847    10.2845    -0.0002    10.2814    10.2812    -0.0002   3.818805   3.819417   0.000612    34.8124    34.8188     6.1386    26.7570    26.7620    267.005  273.31055  273.43196         13  0.000e+00
      65949 292.614466  -45.21436  -51.15018     -0.205    1476.21     28.499     28.265    10.2847    10.2848     0.0001    10.2814    10.2814     0.0001   3.818778   3.819410   0.000632    34.8121    34.8185     6.1380    26.7568    26.7617    266.981  273.31109  273.43250         13  0.000e+00
      65950 292.614466  -45.21436  -51.15018     -0.193    1476.21     28.540     28.306    10.2848    10.2845    -0.0003    10.2815    10.2812    -0.0003   3.818778   3.819365   0.000587    34.8120    34.8182     6.1411    26.7567    26.7615    267.115  273.31073  273.43213         13  0.000e+00
      65951 292.614467  -45.21436  -51.15018     -0.179    1476.21     28.499     28.265    10.2847    10.2846    -0.0001    10.2814    10.2813    -0.0001   3.818785   3.819410   0.000626    34.8122    34.8187     6.1409    26.7568    26.7619    267.106  273.31095  273.43236         13  0.000e+00
      65952 292.614467  -45.21436  -51.15018     -0.164    1476.21     28.554     28.319    10.2848    10.2846    -0.0002    10.2815    10.2813    -0.0002   3.818771   3.819430   0.000659    34.8119    34.8188     6.1371    26.7566    26.7620    266.941  273.31088  273.43228         13  0.000e+00
      65953 292.614468  -45.21436  -51.15018     -0.152    1476.21     28.492     28.258    10.2846    10.2844    -0.0002    10.2812    10.2810    -0.0002   3.818751   3.819430   0.000679    34.8120    34.8191     6.1366    26.7567    26.7622    266.917  273.31220  273.43362         13  0.000e+00
      65954 292.614468  -45.21436  -51.15018     -0.133    1476.21     28.602     28.367    10.2846    10.2844    -0.0001    10.2812    10.2811    -0.0001   3.818764   3.819404   0.000639    34.8121    34.8187     6.1361    26.7568    26.7619    266.898  273.31203  273.43345         13  0.000e+00
      65955 292.614469  -45.21436  -51.15018     -0.126    1476.21     28.492     28.258    10.2845    10.2845     0.0001    10.2811    10.2812     0.0001   3.818751   3.819397   0.000646    34.8121    34.8186     6.1392    26.7568    26.7618    267.030  273.31259  273.43402         13  0.000e+00
      65956 292.614469  -45.21436  -51.15018     -0.108    1476.21     28.602     28.367    10.2844    10.2846     0.0002    10.2811    10.2812     0.0002   3.818724   3.819397   0.000673    34.8118    34.8185     6.1391    26.7566    26.7617    267.028  273.31342  273.43485         13  0.000e+00
      65957 292.614470  -45.21436  -51.15018     -0.097    1476.21     28.554     28.319    10.2845    10.2844    -0.0000    10.2811    10.2811    -0.0000   3.818778   3.819397   0.000619    34.8123    34.8187     6.1389    26.7570    26.7619    267.018  273.31211  273.43354         13  0.000e+00
      65958 292.614470  -45.21436  -51.15018     -0.078    1476.21     28.595     28.360    10.2844    10.2840    -0.0004    10.2811    10.2807    -0.0004   3.818764   3.819417   0.000652    34.8122    34.8192     6.1388    26.7569    26.7624    267.013  273.31261  273.43404         13  0.000e+00
      65959 292.614470  -45.21436  -51.15018     -0.063    1476.21     28.602     28.367    10.2846    10.2844    -0.0001    10.2812    10.2811    -0.0001   3.818771   3.819430   0.000659    34.8122    34.8190     6.1386    26.7568    26.7622    267.006  273.31189  273.43332         13  0.000e+00
      65960 292.614471  -45.21436  -51.15018     -0.050    1476.21     28.602     28.367    10.2845    10.2847     0.0003    10.2811    10.2814     0.0002   3.818771   3.819430   0.000659    34.8123    34.8187     6.1385    26.7569    26.7619    266.999  273.31228  273.43371         13  0.000e+00
      65961 292.614471  -45.21436  -51.15018     -0.037    1476.21     28.595     28.360    10.2847    10.2844    -0.0003    10.2814    10.2811    -0.0003   3.818805   3.819430   0.000625    34.8124    34.8190     6.1346    26.7569    26.7622    266.833  273.31063  273.43205         13  0.000e+00
      65962 292.614472  -45.21436  -51.15018     -0.022    1476.21     28.657     28.421    10.2847    10.2844    -0.0003    10.2814    10.2810    -0.0003   3.818818   3.819410   0.000592    34.8125    34.8188     6.1342    26.7570    26.7620    266.814  273.31042  273.43183         13  0.000e+00
      65963 292.614472  -45.21436  -51.15018     -0.006    1476.21     28.657     28.421    10.2848    10.2846    -0.0002    10.2815    10.2812    -0.0002   3.818805   3.819423   0.000618    34.8122    34.8187     6.1373    26.7568    26.7619    266.950  273.31030  273.43170         13  0.000e+00
      65964 292.614473  -45.21436  -51.15018      0.010    1476.21     28.643     28.408    10.2849    10.2846    -0.0003    10.2816    10.2812    -0.0003   3.818812   3.819430   0.000618    34.8122    34.8188     6.1375    26.7568    26.7620    266.959  273.30976  273.43116         13  0.000e+00
      65965 292.614473  -45.21436  -51.15018      0.021    1476.21     28.657     28.421    10.2848    10.2847    -0.0001    10.2815    10.2814    -0.0001   3.818818   3.819430   0.000611    34.8124    34.8187     6.1342    26.7569    26.7619    266.813  273.31003  273.43143         13  0.000e+00
      65966 292.614474  -45.21436  -51.15018      0.038    1476.21     28.657     28.421    10.2849    10.2846    -0.0003    10.2816    10.2812    -0.0003   3.818778   3.819430   0.000652    34.8119    34.8188     6.1377    26.7565    26.7620    266.968  273.31045  273.43184         13  0.000e+00
      65967 292.614474  -45.21436  -51.15018      0.054    1476.21     28.746     28.510    10.2849    10.2844    -0.0005    10.2815    10.2810    -0.0005   3.818805   3.819449   0.000644    34.8121    34.8192     6.1381    26.7567    26.7623    266.983  273.30999  273.43138         13  0.000e+00
      65968 292.614475  -45.21436  -51.15018      0.067    1476.21     28.704     28.469    10.2846    10.2843    -0.0004    10.2813    10.2809    -0.0004   3.818791   3.819436   0.000645    34.8123    34.8192     6.1384    26.7569    26.7623    266.996  273.31139  273.43281         13  0.000e+00
      65969 292.614475  -45.21436  -51.15018      0.080    1476.21     28.698     28.462    10.2846    10.2846     0.0000    10.2812    10.2812     0.0000   3.818771   3.819410   0.000639    34.8121    34.8186     6.1351    26.7568    26.7618    266.853  273.31198  273.43340         13  0.000e+00
      65970 292.614476  -45.21436  -51.15018      0.093    1476.21     28.752     28.516    10.2844    10.2849     0.0005    10.2811    10.2815     0.0005   3.818778   3.819423   0.000645    34.8123    34.8184     6.1388    26.7569    26.7616    267.013  273.31248  273.43391         13  0.000e+00
      65971 292.614476  -45.21436  -51.15018      0.105    1476.21     28.705     28.469    10.2846    10.2846    -0.0000    10.2813    10.2812    -0.0000   3.818785   3.819449   0.000664    34.8122    34.8190     6.1391    26.7568    26.7621    267.026  273.31152  273.43294         13  0.000e+00
      65972 292.614477  -45.21436  -51.15018      0.119    1476.21     28.794     28.557    10.2846    10.2842    -0.0003    10.2812    10.2808    -0.0003   3.818771   3.819462   0.000691    34.8121    34.8194     6.1395    26.7567    26.7625    267.045  273.31206  273.43348         13  0.000e+00
      65973 292.614477  -45.21436  -51.15018      0.131    1476.21     28.752     28.516    10.2845    10.2844    -0.0000    10.2811    10.2811    -0.0000   3.818778   3.819462   0.000684    34.8123    34.8192     6.1363    26.7569    26.7624    266.904  273.31228  273.43371         13  0.000e+00
      65974 292.614478  -45.21436  -51.15018      0.144    1476.21     28.807     28.571    10.2846    10.2843    -0.0003    10.2812    10.2809    -0.0003   3.818785   3.819410   0.000626    34.8122    34.8188     6.1360    26.7568    26.7621    266.893  273.31181  273.43323         13  0.000e+00
      65975 292.614478  -45.21436  -51.15018      0.157    1476.21     28.848     28.612    10.2844    10.2840    -0.0004    10.2810    10.2807    -0.0004   3.818724   3.819365   0.000641    34.8117    34.8186     6.1398    26.7565    26.7619    267.057  273.31364  273.43506         13  0.000e+00
      65976 292.614479  -45.21436  -51.15018      0.169    1476.21     28.807     28.571    10.2845    10.2839    -0.0005    10.2811    10.2806    -0.0005   3.818764   3.819417   0.000652    34.8121    34.8192     6.1402    26.7568    26.7624    267.074  273.31260  273.43403         13  0.000e+00
      65977 292.614479  -45.21436  -51.15018      0.181    1476.21     28.855     28.618    10.2844    10.2844    -0.0000    10.2810    10.2810    -0.0000   3.818731   3.819404   0.000673    34.8118    34.8186     6.1371    26.7565    26.7619    266.939  273.31351  273.43494         13  0.000e+00
      65978 292.614480  -45.21436  -51.15018      0.188    1476.21     28.794     28.557    10.2844    10.2841    -0.0003    10.2810    10.2807    -0.0003   3.818778   3.819417   0.000639    34.8123    34.8191     6.1408    26.7569    26.7623    267.100  273.31251  273.43395         13  0.000e+00
      65979 292.614480  -45.21436  -51.15018      0.200    1476.21     28.903     28.666    10.2845    10.2839    -0.0005    10.2811    10.2805    -0.0005   3.818764   3.819371   0.000607    34.8120    34.8187     6.1414    26.7567    26.7621    267.126  273.31268  273.43411         13  0.000e+00
      65980 292.614481  -45.21436  -51.15018      0.209    1476.21     28.855     28.618    10.2846    10.2842    -0.0003    10.2812    10.2808    -0.0003   3.818771   3.819410   0.000639    34.8120    34.8189     6.1382    26.7567    26.7621    266.989  273.31212  273.43354         13  0.000e+00
      65981 292.614481  -45.21436  -51.15018      0.222    1476.21     28.944     28.707    10.2843    10.2843    -0.0000    10.2809    10.2809    -0.0000   3.818771   3.819371   0.000600    34.8123    34.8184     6.1385    26.7570    26.7617    267.002  273.31336  273.43481         13  0.000e+00
      65982 292.614482  -45.21436  -51.15018      0.231    1476.21     28.903     28.666    10.2846    10.2840    -0.0005    10.2812    10.2807    -0.0005   3.818751   3.819391   0.000640    34.8118    34.8188     6.1419    26.7565    26.7621    267.151  273.31257  273.43398         13  0.000e+00
      65983 292.614482  -45.21436  -51.15018      0.237    1476.21     28.903     28.666    10.2842    10.2844     0.0002    10.2808    10.2810     0.0002   3.818751   3.819365   0.000614    34.8121    34.8182     6.1386    26.7569    26.7615    267.005  273.31393  273.43538         13  0.000e+00
      65984 292.614483  -45.21436  -51.15018      0.251    1476.21     28.999     28.761    10.2841    10.2840    -0.0001    10.2807    10.2807    -0.0001   3.818737   3.819410   0.000673    34.8121    34.8190     6.1386    26.7568    26.7622    267.004  273.31467  273.43612         13  0.000e+00
      65985 292.614483  -45.21436  -51.15018      0.260    1476.21     28.958     28.720    10.2842    10.2844     0.0002    10.2808    10.2810     0.0002   3.818744   3.819430   0.000686    34.8120    34.8188     6.1420    26.7568    26.7620    267.155  273.31411  273.43556         13  0.000e+00
      65986 292.614484  -45.21436  -51.15018      0.268    1476.21     28.999     28.761    10.2843    10.2844     0.0002    10.2809    10.2810     0.0002   3.818765   3.819371   0.000607    34.8122    34.8182     6.1423    26.7569    26.7616    267.166  273.31355  273.43499         13  0.000e+00
      65987 292.614484  -45.21436  -51.15018      0.275    1476.21     28.958     28.720    10.2842    10.2845     0.0003    10.2808    10.2812     0.0003   3.818805   3.819410   0.000605    34.8127    34.8185     6.1425    26.7573    26.7618    267.175  273.31290  273.43436         13  0.000e+00
      65988 292.614484  -45.21436  -51.15018      0.283    1476.21     29.054     28.815    10.2844    10.2843    -0.0002    10.2810    10.2809    -0.0002   3.818792   3.819404   0.000612    34.8123    34.8187     6.1428    26.7570    26.7620    267.188  273.31247  273.43391         13  0.000e+00
      65989 292.614485  -45.21436  -51.15018      0.293    1476.21     29.047     28.809    10.2845    10.2842    -0.0003    10.2811    10.2808    -0.0003   3.818798   3.819397   0.000599    34.8123    34.8187     6.1430    26.7570    26.7619    267.198  273.31214  273.43357         13  0.000e+00
      65990 292.614485  -45.21436  -51.15018      0.296    1476.21     29.006     28.768    10.2846    10.2841    -0.0005    10.2812    10.2807    -0.0005   3.818765   3.819365   0.000600    34.8119    34.8185     6.1432    26.7566    26.7618    267.208  273.31239  273.43380         13  0.000e+00
      65991 292.614486  -45.21436  -51.15018      0.306    1476.21     29.109     28.870    10.2842    10.2846     0.0004    10.2808    10.2812     0.0004   3.818771   3.819384   0.000613    34.8123    34.8181     6.1436    26.7570    26.7615    267.223  273.31370  273.43516         13  0.000e+00
      65992 292.614486  -45.21436  -51.15018      0.312    1476.21     29.047     28.809    10.2845    10.2842    -0.0003    10.2811    10.2808    -0.0003   3.818798   3.819417   0.000618    34.8123    34.8189     6.1401    26.7570    26.7621    267.073  273.31214  273.43357         13  0.000e+00
      65993 292.614487  -45.21436  -51.15018      0.319    1476.21     29.109     28.870    10.2846    10.2841    -0.0005    10.2812    10.2807    -0.0005   3.818785   3.819430   0.000645    34.8121    34.8191     6.1437    26.7567    26.7623    267.228  273.31207  273.43349         13  0.000e+00
