Pos-Processados/process_op38/operantar38_021.ros
* Sea-Bird SBE 9 Data File:
* FileName = D:\OPERANTAR_XXXVIII\DADOS\OP38_021.hdr
* Software Version Seasave V 7.18c
* Temperature SN = 4808
* Conductivity SN = 3380
* Number of Bytes Per Scan = 34
* Number of Voltage Words = 3
* Number of Scans Averaged by the Deck Unit = 1
* NMEA Latitude = 62 13.30 S
* NMEA Longitude = 058 22.74 W
* NMEA UTC (Time) = Nov 22 2019 13:35:38
** H41
** NAVIO POLAR ALMIRANTE MAXIMIANO
** CRUZEIRO:
** OPERANTAR XXXVIII
** ESTAÇÃO: OP38_021
** LAT 62 13,29'S
** LONG 058 22,75'W
** 09P73767-1155_A
** PROFUNDIDADE: 271
** DATA/HORA: 221336Z/NOV/2019
** OPERADOR: SO-HN CHAVES
# nquan = 26
# nvalues = 1423                                  
# units = specified
# name 0 = scan: Scan Count
# name 1 = timeJ: Julian Days
# name 2 = latitude: Latitude [deg]
# name 3 = longitude: Longitude [deg]
# name 4 = dz/dtM: Descent Rate [m/s]
# name 5 = avgsvCM: Average Sound Velocity [Chen-Millero, m/s]
# name 6 = prDM: Pressure, Digiquartz [db]
# name 7 = depSM: Depth [salt water, m]
# name 8 = t090C: Temperature [ITS-90, deg C]
# name 9 = t190C: Temperature, 2 [ITS-90, deg C]
# name 10 = T2-T190C: Temperature Difference, 2 - 1 [ITS-90, deg C]
# name 11 = potemp090C: Potential Temperature [ITS-90, deg C]
# name 12 = potemp190C: Potential Temperature, 2 [ITS-90, deg C]
# name 13 = potemp90Cdiff: Potential Temperature, Diff, 2 - 1 [ITS-90, deg C]
# name 14 = c0S/m: Conductivity [S/m]
# name 15 = c1S/m: Conductivity, 2 [S/m]
# name 16 = C2-C1S/m: Conductivity Difference, 2 - 1 [S/m]
# name 17 = sal00: Salinity, Practical [PSU]
# name 18 = sal11: Salinity, Practical, 2 [PSU]
# name 19 = sbeox0ML/L: Oxygen, SBE 43 [ml/l]
# name 20 = sbeox1ML/L: Oxygen, SBE 43, 2 [ml/l]
# name 21 = sbeox0ML/Ldiff: Oxygen, SBE 43, Diff, 2 - 1 [ml/l]
# name 22 = sigma-é00: Density [sigma-theta, kg/m^3]
# name 23 = sigma-é11: Density, 2 [sigma-theta, kg/m^3]
# name 24 = nbf: Bottles Fired
# name 25 = flag:  0.000e+00
# interval = seconds: 0.0416667
# start_time = Nov 22 2019 13:35:38 [NMEA time, header]
# bad_flag = -9.990e-29
*END*
[from data line 1060]
      21420 326.576741  -62.22180  -58.37914     -0.110    1447.92      2.819      2.792    -0.3775    -0.3753     0.0022    -0.3776    -0.3754     0.0022   2.810472   2.810864   0.000392    34.1828    34.1855     7.5742     8.7784     1.2042    27.4649    27.4670          6  0.000e+00
      21421 326.576742  -62.22180  -58.37914     -0.111    1447.92      2.874      2.846    -0.3775    -0.3749     0.0026    -0.3776    -0.3750     0.0026   2.810484   2.810881   0.000397    34.1829    34.1853     7.5751     8.7806     1.2055    27.4650    27.4669          6  0.000e+00
      21422 326.576742  -62.22180  -58.37914     -0.112    1447.92      2.819      2.792    -0.3775    -0.3748     0.0026    -0.3775    -0.3749     0.0026   2.810466   2.810858   0.000392    34.1826    34.1849     7.5752     8.7825     1.2072    27.4648    27.4666          6  0.000e+00
      21423 326.576743  -62.22180  -58.37914     -0.112    1447.92      2.874      2.846    -0.3775    -0.3752     0.0023    -0.3776    -0.3753     0.0023   2.810460   2.810887   0.000427    34.1826    34.1857     7.5747     8.7842     1.2095    27.4648    27.4672          6  0.000e+00
      21424 326.576743  -62.22180  -58.37914     -0.115    1447.92      2.819      2.792    -0.3771    -0.3748     0.0022    -0.3771    -0.3749     0.0022   2.810460   2.810870   0.000409    34.1821    34.1851     7.5747     8.7853     1.2106    27.4644    27.4667          6  0.000e+00
      21425 326.576744  -62.22180  -58.37914     -0.119    1447.92      2.792      2.765    -0.3769    -0.3749     0.0019    -0.3770    -0.3750     0.0019   2.810496   2.810875   0.000379    34.1824    34.1853     7.5739     8.7850     1.2111    27.4646    27.4668          6  0.000e+00
      21426 326.576744  -62.22180  -58.37914     -0.115    1447.92      2.874      2.846    -0.3775    -0.3750     0.0025    -0.3776    -0.3751     0.0025   2.810496   2.810881   0.000385    34.1830    34.1854     7.5742     8.7915     1.2172    27.4652    27.4669          6  0.000e+00
      21427 326.576745  -62.22180  -58.37914     -0.116    1447.92      2.819      2.792    -0.3772    -0.3748     0.0024    -0.3773    -0.3749     0.0024   2.810508   2.810841   0.000332    34.1828    34.1846     7.5742     8.7927     1.2185    27.4650    27.4663          6  0.000e+00
      21428 326.576745  -62.22180  -58.37914     -0.114    1447.92      2.819      2.792    -0.3775    -0.3752     0.0023    -0.3776    -0.3753     0.0023   2.810514   2.810904   0.000390    34.1833    34.1860     7.5736     8.7994     1.2259    27.4654    27.4674          6  0.000e+00
      21429 326.576746  -62.22180  -58.37914     -0.114    1447.92      2.819      2.792    -0.3775    -0.3750     0.0025    -0.3776    -0.3751     0.0025   2.810514   2.810852   0.000338    34.1833    34.1850     7.5728     8.7953     1.2224    27.4654    27.4666          6  0.000e+00
      21430 326.576746  -62.22180  -58.37914     -0.113    1447.92      2.819      2.792    -0.3775    -0.3748     0.0027    -0.3776    -0.3749     0.0027   2.810514   2.810846   0.000332    34.1833    34.1847     7.5670     8.7954     1.2284    27.4654    27.4664          6  0.000e+00
      21431 326.576747  -62.22180  -58.37914     -0.113    1447.92      2.819      2.792    -0.3773    -0.3748     0.0025    -0.3774    -0.3749     0.0025   2.810478   2.810870   0.000391    34.1826    34.1851     7.5714     8.7951     1.2238    27.4648    27.4667          6  0.000e+00
      21432 326.576747  -62.22180  -58.37914     -0.111    1447.92      2.819      2.792    -0.3773    -0.3751     0.0022    -0.3774    -0.3752     0.0022   2.810502   2.810841   0.000338    34.1829    34.1850     7.5714     8.7946     1.2232    27.4650    27.4666          6  0.000e+00
      21458 326.576760  -62.22180  -58.37914      0.014    1447.92      2.922      2.894    -0.3750    -0.3745     0.0006    -0.3751    -0.3746     0.0006   2.810683   2.810922   0.000239    34.1827    34.1853     7.5641     8.7748     1.2106    27.4648    27.4668          7  0.000e+00
      21459 326.576760  -62.22180  -58.37914      0.016    1447.92      2.874      2.846    -0.3751    -0.3748     0.0004    -0.3752    -0.3749     0.0004   2.810677   2.810945   0.000268    34.1828    34.1860     7.5694     8.7715     1.2021    27.4648    27.4674          7  0.000e+00
      21460 326.576761  -62.22180  -58.37914      0.020    1447.92      2.888      2.860    -0.3747    -0.3748    -0.0002    -0.3748    -0.3749    -0.0002   2.810671   2.810922   0.000251    34.1822    34.1857     7.5645     8.7692     1.2046    27.4643    27.4672          7  0.000e+00
      21461 326.576761  -62.22180  -58.37914      0.025    1447.92      2.922      2.894    -0.3745    -0.3743     0.0001    -0.3745    -0.3744     0.0001   2.810707   2.810927   0.000221    34.1824    34.1852     7.5641     8.7665     1.2025    27.4645    27.4667          7  0.000e+00
      21462 326.576762  -62.22180  -58.37914      0.030    1447.92      2.922      2.894    -0.3741    -0.3748    -0.0007    -0.3742    -0.3749    -0.0007   2.810725   2.810933   0.000208    34.1822    34.1859     7.5635     8.7650     1.2014    27.4643    27.4673          7  0.000e+00
      21463 326.576762  -62.22180  -58.37914      0.038    1447.92      2.922      2.894    -0.3739    -0.3743    -0.0004    -0.3740    -0.3744    -0.0004   2.810743   2.810893   0.000150    34.1823    34.1847     7.5631     8.7630     1.1999    27.4644    27.4664          7  0.000e+00
      21464 326.576763  -62.22180  -58.37914      0.043    1447.92      2.922      2.894    -0.3744    -0.3745    -0.0001    -0.3745    -0.3746    -0.0001   2.810749   2.810933   0.000184    34.1829    34.1855     7.5679     8.7610     1.1931    27.4649    27.4670          7  0.000e+00
      21465 326.576763  -62.22180  -58.37914      0.045    1447.92      2.922      2.894    -0.3750    -0.3746     0.0004    -0.3751    -0.3747     0.0004   2.810695   2.810922   0.000227    34.1829    34.1855     7.5676     8.7588     1.1912    27.4649    27.4670          7  0.000e+00
      21466 326.576764  -62.22180  -58.37914      0.049    1447.92      2.922      2.894    -0.3758    -0.3744     0.0014    -0.3759    -0.3745     0.0014   2.810671   2.810927   0.000257    34.1834    34.1852     7.5673     8.7563     1.1890    27.4654    27.4668          7  0.000e+00
      21467 326.576764  -62.22180  -58.37914      0.054    1447.92      2.922      2.894    -0.3758    -0.3746     0.0012    -0.3759    -0.3747     0.0012   2.810671   2.810933   0.000263    34.1834    34.1856     7.5625     8.7538     1.1912    27.4654    27.4671          7  0.000e+00
      21468 326.576765  -62.22180  -58.37914      0.058    1447.92      2.970      2.941    -0.3758    -0.3746     0.0012    -0.3759    -0.3747     0.0012   2.810653   2.810916   0.000263    34.1831    34.1854     7.5673     8.7511     1.1838    27.4651    27.4669          7  0.000e+00
      21469 326.576765  -62.22180  -58.37914      0.059    1447.92      2.922      2.894    -0.3751    -0.3745     0.0006    -0.3752    -0.3746     0.0006   2.810665   2.810904   0.000240    34.1826    34.1851     7.5675     8.7492     1.1817    27.4647    27.4667          7  0.000e+00
      21470 326.576766  -62.22180  -58.37914      0.065    1447.92      2.970      2.941    -0.3757    -0.3743     0.0014    -0.3758    -0.3744     0.0014   2.810629   2.810939   0.000310    34.1827    34.1853     7.5680     8.7472     1.1792    27.4648    27.4668          7  0.000e+00
      21471 326.576766  -62.22180  -58.37914      0.065    1447.92      2.922      2.894    -0.3757    -0.3745     0.0012    -0.3758    -0.3746     0.0012   2.810622   2.810922   0.000299    34.1827    34.1854     7.5632     8.7451     1.1819    27.4648    27.4669          7  0.000e+00
      21472 326.576766  -62.22180  -58.37914      0.069    1447.92      2.922      2.894    -0.3761    -0.3742     0.0020    -0.3762    -0.3743     0.0020   2.810616   2.810945   0.000328    34.1831    34.1853     7.5680     8.7370     1.1690    27.4651    27.4668          7  0.000e+00
      21473 326.576767  -62.22180  -58.37914      0.071    1447.92      2.970      2.941    -0.3760    -0.3744     0.0016    -0.3760    -0.3745     0.0016   2.810635   2.810922   0.000287    34.1831    34.1851     7.5684     8.7337     1.1653    27.4651    27.4667          7  0.000e+00
      21474 326.576767  -62.22180  -58.37914      0.069    1447.92      2.922      2.894    -0.3758    -0.3740     0.0018    -0.3759    -0.3741     0.0018   2.810647   2.810904   0.000258    34.1831    34.1845     7.5687     8.7301     1.1614    27.4651    27.4662          7  0.000e+00
      21475 326.576768  -62.22180  -58.37914      0.075    1447.92      2.970      2.941    -0.3758    -0.3745     0.0012    -0.3759    -0.3746     0.0012   2.810622   2.810922   0.000299    34.1827    34.1853     7.5691     8.7278     1.1587    27.4648    27.4669          7  0.000e+00
      21476 326.576768  -62.22180  -58.37914      0.076    1447.92      2.970      2.941    -0.3757    -0.3742     0.0015    -0.3758    -0.3743     0.0015   2.810622   2.810916   0.000293    34.1826    34.1848     7.5695     8.7252     1.1557    27.4647    27.4665          7  0.000e+00
      21477 326.576769  -62.22180  -58.37914      0.075    1447.92      2.922      2.894    -0.3757    -0.3748     0.0008    -0.3758    -0.3749     0.0008   2.810641   2.810945   0.000304    34.1829    34.1860     7.5698     8.7238     1.1541    27.4649    27.4674          7  0.000e+00
      21478 326.576769  -62.22180  -58.37914      0.076    1447.92      2.970      2.941    -0.3757    -0.3743     0.0014    -0.3758    -0.3744     0.0014   2.810665   2.810939   0.000274    34.1832    34.1853     7.5702     8.7155     1.1453    27.4652    27.4668          7  0.000e+00
      21479 326.576770  -62.22180  -58.37914      0.075    1447.92      2.942      2.914    -0.3755    -0.3739     0.0016    -0.3756    -0.3739     0.0016   2.810653   2.810933   0.000281    34.1828    34.1847     7.5697     8.7117     1.1420    27.4649    27.4664          7  0.000e+00
      21480 326.576770  -62.22180  -58.37914      0.079    1447.92      3.024      2.995    -0.3757    -0.3739     0.0018    -0.3758    -0.3740     0.0018   2.810665   2.810991   0.000326    34.1831    34.1855     7.5702     8.7139     1.1437    27.4651    27.4670          7  0.000e+00
      21481 326.576771  -62.22180  -58.37914      0.076    1447.92      2.922      2.894    -0.3757    -0.3743     0.0014    -0.3758    -0.3744     0.0014   2.810653   2.810910   0.000257    34.1831    34.1850     7.5704     8.7113     1.1408    27.4651    27.4666          7  0.000e+00
      21482 326.576771  -62.22180  -58.37914      0.076    1447.92      2.970      2.941    -0.3760    -0.3742     0.0017    -0.3760    -0.3743     0.0017   2.810629   2.810956   0.000328    34.1830    34.1854     7.5709     8.7098     1.1389    27.4651    27.4669          7  0.000e+00
      21483 326.576772  -62.22180  -58.37914      0.075    1447.92      2.970      2.941    -0.3760    -0.3746     0.0013    -0.3760    -0.3747     0.0013   2.810641   2.810927   0.000287    34.1832    34.1855     7.5712     8.7072     1.1360    27.4652    27.4670          7  0.000e+00
      21484 326.576772  -62.22180  -58.37914      0.074    1447.92      2.970      2.941    -0.3757    -0.3742     0.0014    -0.3758    -0.3743     0.0014   2.810622   2.810927   0.000305    34.1826    34.1851     7.5715     8.6999     1.1284    27.4647    27.4666          7  0.000e+00
      21485 326.576773  -62.22180  -58.37914      0.070    1447.92      2.922      2.894    -0.3757    -0.3737     0.0020    -0.3758    -0.3738     0.0020   2.810622   2.810968   0.000345    34.1826    34.1850     7.5718     8.6971     1.1253    27.4647    27.4666          7  0.000e+00
      21486 326.576773  -62.22180  -58.37914      0.072    1447.92      2.970      2.941    -0.3755    -0.3741     0.0014    -0.3756    -0.3741     0.0014   2.810641   2.810945   0.000304    34.1826    34.1851     7.5722     8.6958     1.1237    27.4647    27.4667          7  0.000e+00
      21487 326.576774  -62.22180  -58.37914      0.070    1447.92      2.970      2.941    -0.3760    -0.3739     0.0021    -0.3760    -0.3740     0.0021   2.810622   2.810950   0.000328    34.1829    34.1850     7.5675     8.6945     1.1270    27.4650    27.4665          7  0.000e+00
      21488 326.576774  -62.22180  -58.37914      0.067    1447.92      2.970      2.941    -0.3757    -0.3741     0.0016    -0.3758    -0.3741     0.0016   2.810659   2.810997   0.000338    34.1831    34.1858     7.5671     8.6921     1.1251    27.4651    27.4672          7  0.000e+00
      21489 326.576775  -62.22180  -58.37914      0.068    1447.92      2.970      2.941    -0.3757    -0.3737     0.0020    -0.3758    -0.3738     0.0020   2.810610   2.810950   0.000340    34.1824    34.1848     7.5718     8.6909     1.1191    27.4646    27.4664          7  0.000e+00
      21490 326.576775  -62.22180  -58.37914      0.063    1447.92      2.922      2.894    -0.3760    -0.3740     0.0020    -0.3760    -0.3741     0.0020   2.810592   2.810968   0.000375    34.1825    34.1854     7.5672     8.6898     1.1227    27.4647    27.4669          7  0.000e+00
      21491 326.576776  -62.22180  -58.37914      0.060    1447.92      2.922      2.894    -0.3760    -0.3739     0.0021    -0.3761    -0.3740     0.0021   2.810616   2.810945   0.000328    34.1829    34.1850     7.5668     8.6831     1.1163    27.4650    27.4666          7  0.000e+00
      21492 326.576776  -62.22180  -58.37914      0.061    1447.92      3.024      2.995    -0.3764    -0.3742     0.0022    -0.3765    -0.3743     0.0022   2.810617   2.810968   0.000351    34.1833    34.1855     7.5667     8.6813     1.1146    27.4653    27.4670          7  0.000e+00
      21493 326.576777  -62.22180  -58.37914      0.055    1447.92      2.922      2.894    -0.3762    -0.3741     0.0022    -0.3763    -0.3741     0.0022   2.810598   2.810985   0.000387    34.1830    34.1857     7.5715     8.6793     1.1079    27.4650    27.4671          7  0.000e+00
      21494 326.576777  -62.22180  -58.37914      0.054    1447.92      2.970      2.941    -0.3762    -0.3735     0.0027    -0.3763    -0.3736     0.0027   2.810635   2.810945   0.000310    34.1834    34.1845     7.5669     8.6834     1.1165    27.4654    27.4662          7  0.000e+00
      21495 326.576778  -62.22180  -58.37914      0.051    1447.92      2.922      2.894    -0.3762    -0.3741     0.0022    -0.3763    -0.3741     0.0022   2.810604   2.810968   0.000363    34.1830    34.1854     7.5717     8.6830     1.1112    27.4651    27.4669          7  0.000e+00
      21496 326.576778  -62.22180  -58.37914      0.050    1447.92      2.970      2.941    -0.3758    -0.3742     0.0016    -0.3759    -0.3743     0.0016   2.810574   2.810968   0.000393    34.1821    34.1855     7.5723     8.6815     1.1093    27.4643    27.4670          7  0.000e+00
      21497 326.576779  -62.22180  -58.37914      0.044    1447.92      2.942      2.914    -0.3761    -0.3737     0.0024    -0.3762    -0.3738     0.0024   2.810586   2.810979   0.000393    34.1826    34.1852     7.5728     8.6753     1.1025    27.4648    27.4668          7  0.000e+00
      21498 326.576779  -62.22180  -58.37914      0.039    1447.92      2.922      2.894    -0.3761    -0.3739     0.0023    -0.3762    -0.3739     0.0023   2.810610   2.811020   0.000409    34.1830    34.1859     7.5725     8.6740     1.1015    27.4650    27.4673          7  0.000e+00
