Pos-Processados/process_op38/operantar38_007.ros
* Sea-Bird SBE 9 Data File:
* FileName = D:\OPERANTAR_XXXVIII\DADOS\OP38_007.hdr
* Software Version Seasave V 7.18c
* Temperature SN = 4808
* Conductivity SN = 3380
* Number of Bytes Per Scan = 31
* Number of Voltage Words = 2
* Number of Scans Averaged by the Deck Unit = 1
* NMEA Latitude = 44 52.70 S
* NMEA Longitude = 051 46.25 W
* NMEA UTC (Time) = Oct 19 2019 21:28:45
** H41
** NAVIO POLAR ALMIRANTE MAXIMIANO
** CRUZEIRO:
** OPERANTAR XXXVIII
** ESTAÇÃO: OP38_007
** LAT 44 52,70' S
** LONG 051 46,27' W
** 09P73767-1155
** PROFUNDIDADE: 5881
** DATA/HORA: 192130Z/OUT/2019
** OPERADOR: SO-HN CHAVES
# nquan = 24
# nvalues = 4186                                  
# units = specified
# name 0 = scan: Scan Count
# name 1 = timeJ: Julian Days
# name 2 = latitude: Latitude [deg]
# name 3 = longitude: Longitude [deg]
# name 4 = dz/dtM: Descent Rate [m/s]
# name 5 = avgsvCM: Average Sound Velocity [Chen-Millero, m/s]
# name 6 = prDM: Pressure, Digiquartz [db]
# name 7 = depSM: Depth [salt water, m]
# name 8 = t090C: Temperature [ITS-90, deg C]
# name 9 = t190C: Temperature, 2 [ITS-90, deg C]
# name 10 = T2-T190C: Temperature Difference, 2 - 1 [ITS-90, deg C]
# name 11 = potemp090C: Potential Temperature [ITS-90, deg C]
# name 12 = potemp190C: Potential Temperature, 2 [ITS-90, deg C]
# name 13 = potemp90Cdiff: Potential Temperature, Diff, 2 - 1 [ITS-90, deg C]
# name 14 = c0S/m: Conductivity [S/m]
# name 15 = c1S/m: Conductivity, 2 [S/m]
# name 16 = C2-C1S/m: Conductivity Difference, 2 - 1 [S/m]
# name 17 = sal00: Salinity, Practical [PSU]
# name 18 = sal11: Salinity, Practical, 2 [PSU]
# name 19 = sbeox0ML/L: Oxygen, SBE 43 [ml/l]
# name 20 = sigma-é00: Density [sigma-theta, kg/m^3]
# name 21 = sigma-é11: Density, 2 [sigma-theta, kg/m^3]
# name 22 = nbf: Bottles Fired
# name 23 = flag:  0.000e+00
# interval = seconds: 0.0416667
# start_time = Oct 19 2019 21:28:45 [NMEA time, header]
# bad_flag = -9.990e-29
*END*
[from data line 906]
      63264 292.925474  -44.87834  -51.77096      0.250    1474.80     41.150     40.813     9.4890     9.4887    -0.0003     9.4845     9.4842    -0.0003   3.727358   3.727974   0.000617    34.6353    34.6420     6.2351    26.7537    26.7590          6  0.000e+00
      63265 292.925475  -44.87834  -51.77096      0.247    1474.80     41.102     40.765     9.4894     9.4889    -0.0005     9.4848     9.4844    -0.0005   3.727371   3.727968   0.000597    34.6352    34.6418     6.2353    26.7536    26.7588          6  0.000e+00
      63266 292.925475  -44.87834  -51.77096      0.240    1474.80     41.102     40.765     9.4890     9.4892     0.0002     9.4845     9.4847     0.0002   3.727391   3.727968   0.000577    34.6357    34.6415     6.2356    26.7540    26.7585          6  0.000e+00
      63267 292.925476  -44.87834  -51.77096      0.238    1474.80     41.102     40.765     9.4892     9.4893     0.0001     9.4846     9.4847     0.0001   3.727398   3.727968   0.000570    34.6356    34.6414     6.2359    26.7540    26.7585          6  0.000e+00
      63268 292.925476  -44.87834  -51.77096      0.231    1474.80     41.102     40.765     9.4892     9.4893     0.0001     9.4846     9.4847     0.0001   3.727378   3.727987   0.000610    34.6354    34.6416     6.2362    26.7538    26.7586          6  0.000e+00
      63269 292.925476  -44.87834  -51.77096      0.229    1474.80     41.150     40.813     9.4894     9.4894     0.0000     9.4848     9.4848     0.0000   3.727378   3.728045   0.000668    34.6352    34.6421     6.2366    26.7536    26.7590          6  0.000e+00
      63270 292.925477  -44.87834  -51.77096      0.224    1474.80     41.102     40.765     9.4893     9.4893    -0.0001     9.4848     9.4847    -0.0001   3.727391   3.727987   0.000596    34.6354    34.6416     6.2369    26.7538    26.7586          6  0.000e+00
      63271 292.925477  -44.87834  -51.77096      0.220    1474.80     41.150     40.813     9.4892     9.4894     0.0002     9.4846     9.4848     0.0002   3.727398   3.728013   0.000615    34.6356    34.6417     6.2373    26.7539    26.7587          6  0.000e+00
      63272 292.925478  -44.87834  -51.77096      0.216    1474.80     41.150     40.813     9.4894     9.4894     0.0000     9.4848     9.4848     0.0000   3.727378   3.727981   0.000603    34.6352    34.6414     6.2377    26.7536    26.7584          6  0.000e+00
      63273 292.925478  -44.87834  -51.77096      0.210    1474.80     41.103     40.765     9.4892     9.4893     0.0001     9.4846     9.4847     0.0001   3.727391   3.727968   0.000577    34.6356    34.6414     6.2380    26.7539    26.7585          6  0.000e+00
      63274 292.925479  -44.87834  -51.77096      0.206    1474.80     41.150     40.813     9.4894     9.4893    -0.0001     9.4848     9.4847    -0.0001   3.727378   3.727968   0.000590    34.6352    34.6414     6.2385    26.7536    26.7585          6  0.000e+00
      63275 292.925479  -44.87834  -51.77096      0.198    1474.80     41.150     40.813     9.4890     9.4893     0.0002     9.4845     9.4847     0.0002   3.727391   3.727987   0.000596    34.6357    34.6416     6.2386    26.7540    26.7586          6  0.000e+00
      63276 292.925480  -44.87834  -51.77096      0.195    1474.80     41.198     40.860     9.4889     9.4891     0.0002     9.4843     9.4845     0.0002   3.727324   3.727974   0.000650    34.6351    34.6416     6.2391    26.7536    26.7587          6  0.000e+00
      63277 292.925480  -44.87834  -51.77096      0.188    1474.80     41.103     40.765     9.4889     9.4893     0.0004     9.4843     9.4847     0.0004   3.727337   3.727968   0.000631    34.6353    34.6414     6.2394    26.7537    26.7585          6  0.000e+00
      63278 292.925481  -44.87834  -51.77096      0.184    1474.80     41.151     40.813     9.4889     9.4889     0.0000     9.4843     9.4844     0.0000   3.727337   3.727968   0.000631    34.6353    34.6418     6.2395    26.7537    26.7588          6  0.000e+00
      63279 292.925481  -44.87834  -51.77096      0.175    1474.80     41.151     40.813     9.4887     9.4891     0.0004     9.4841     9.4845     0.0004   3.727337   3.727949   0.000611    34.6355    34.6414     6.2400    26.7539    26.7585          6  0.000e+00
      63280 292.925482  -44.87834  -51.77096      0.172    1474.80     41.151     40.813     9.4889     9.4889     0.0000     9.4843     9.4844     0.0000   3.727337   3.727962   0.000624    34.6353    34.6417     6.2364    26.7537    26.7587          6  0.000e+00
      63281 292.925482  -44.87834  -51.77096      0.167    1474.80     41.199     40.860     9.4885     9.4884    -0.0001     9.4840     9.4838    -0.0001   3.727338   3.727968   0.000631    34.6356    34.6422     6.2399    26.7540    26.7592          6  0.000e+00
      63282 292.925483  -44.87834  -51.77096      0.159    1474.80     41.151     40.813     9.4885     9.4883    -0.0003     9.4840     9.4837    -0.0003   3.727358   3.727917   0.000559    34.6358    34.6418     6.2400    26.7542    26.7590          6  0.000e+00
      63283 292.925483  -44.87834  -51.77096      0.153    1474.80     41.151     40.813     9.4889     9.4886    -0.0003     9.4843     9.4840    -0.0003   3.727344   3.727923   0.000579    34.6353    34.6416     6.2400    26.7538    26.7587          6  0.000e+00
      63284 292.925484  -44.87834  -51.77096      0.146    1474.80     41.151     40.813     9.4890     9.4886    -0.0004     9.4845     9.4840    -0.0004   3.727317   3.727936   0.000618    34.6349    34.6417     6.2402    26.7534    26.7588          6  0.000e+00
      63285 292.925484  -44.87834  -51.77096      0.139    1474.80     41.151     40.813     9.4889     9.4884    -0.0005     9.4843     9.4839    -0.0005   3.727331   3.727910   0.000579    34.6352    34.6416     6.2366    26.7537    26.7588          6  0.000e+00
      63286 292.925485  -44.87834  -51.77096      0.133    1474.80     41.151     40.813     9.4889     9.4883    -0.0006     9.4843     9.4837    -0.0006   3.727358   3.727904   0.000546    34.6355    34.6417     6.2363    26.7539    26.7589          6  0.000e+00
      63287 292.925485  -44.87834  -51.77096      0.125    1474.80     41.103     40.765     9.4890     9.4886    -0.0004     9.4845     9.4840    -0.0004   3.727371   3.727929   0.000558    34.6355    34.6417     6.2360    26.7539    26.7588          6  0.000e+00
      63288 292.925486  -44.87834  -51.77096      0.121    1474.80     41.199     40.861     9.4889     9.4886    -0.0003     9.4843     9.4840    -0.0003   3.727371   3.727936   0.000565    34.6356    34.6417     6.2359    26.7540    26.7588          6  0.000e+00
      63289 292.925486  -44.87834  -51.77096      0.111    1474.80     41.103     40.766     9.4890     9.4887    -0.0003     9.4845     9.4842    -0.0003   3.727371   3.727981   0.000610    34.6355    34.6421     6.2356    26.7539    26.7591          6  0.000e+00
      63290 292.925487  -44.87834  -51.77096      0.107    1474.80     41.151     40.813     9.4889     9.4889     0.0000     9.4843     9.4844     0.0000   3.727371   3.727974   0.000603    34.6356    34.6418     6.2355    26.7540    26.7588          6  0.000e+00
      63291 292.925487  -44.87834  -51.77096      0.099    1474.80     41.151     40.813     9.4890     9.4884    -0.0006     9.4845     9.4839    -0.0006   3.727371   3.727942   0.000571    34.6355    34.6420     6.2349    26.7539    26.7590          6  0.000e+00
      63292 292.925488  -44.87834  -51.77096      0.094    1474.80     41.151     40.813     9.4887     9.4887     0.0001     9.4841     9.4842     0.0001   3.727351   3.727936   0.000585    34.6356    34.6416     6.2348    26.7540    26.7587          6  0.000e+00
      63293 292.925488  -44.87834  -51.77096      0.085    1474.80     41.103     40.766     9.4889     9.4887    -0.0001     9.4843     9.4842    -0.0001   3.727337   3.727962   0.000624    34.6353    34.6419     6.2346    26.7537    26.7589          6  0.000e+00
      63294 292.925489  -44.87834  -51.77096      0.082    1474.80     41.151     40.813     9.4887     9.4891     0.0004     9.4841     9.4845     0.0004   3.727358   3.727987   0.000630    34.6357    34.6418     6.2345    26.7541    26.7588          6  0.000e+00
      63295 292.925489  -44.87834  -51.77096      0.075    1474.80     41.151     40.813     9.4890     9.4893     0.0002     9.4845     9.4847     0.0002   3.727344   3.727974   0.000630    34.6352    34.6415     6.2343    26.7536    26.7585          6  0.000e+00
      63296 292.925489  -44.87834  -51.77096      0.071    1474.80     41.151     40.813     9.4890     9.4891     0.0001     9.4845     9.4845     0.0001   3.727358   3.727968   0.000610    34.6353    34.6416     6.2342    26.7537    26.7586          6  0.000e+00
      63297 292.925490  -44.87834  -51.77096      0.061    1474.80     41.103     40.766     9.4890     9.4889    -0.0001     9.4845     9.4844    -0.0001   3.727344   3.727987   0.000643    34.6352    34.6420     6.2337    26.7537    26.7590          6  0.000e+00
      63298 292.925490  -44.87834  -51.77096      0.059    1474.80     41.151     40.813     9.4889     9.4889     0.0000     9.4843     9.4844     0.0000   3.727337   3.727974   0.000637    34.6353    34.6418     6.2333    26.7537    26.7588          6  0.000e+00
      63299 292.925491  -44.87834  -51.77096      0.051    1474.80     41.103     40.766     9.4890     9.4887    -0.0003     9.4845     9.4842    -0.0003   3.727344   3.727968   0.000624    34.6352    34.6419     6.2331    26.7537    26.7590          6  0.000e+00
      63300 292.925491  -44.87834  -51.77096      0.046    1474.80     41.151     40.813     9.4887     9.4887     0.0001     9.4841     9.4842     0.0001   3.727364   3.727968   0.000604    34.6357    34.6419     6.2327    26.7541    26.7589          6  0.000e+00
      63301 292.925492  -44.87834  -51.77096      0.037    1474.80     41.103     40.766     9.4889     9.4887    -0.0001     9.4843     9.4842    -0.0001   3.727344   3.727968   0.000624    34.6354    34.6419     6.2326    26.7538    26.7590          6  0.000e+00
      63302 292.925492  -44.87834  -51.77096      0.032    1474.80     41.103     40.766     9.4887     9.4891     0.0004     9.4841     9.4845     0.0004   3.727337   3.727968   0.000631    34.6355    34.6416     6.2322    26.7539    26.7586          6  0.000e+00
      63303 292.925493  -44.87834  -51.77096      0.026    1474.80     41.103     40.766     9.4889     9.4887    -0.0001     9.4843     9.4842    -0.0001   3.727358   3.727942   0.000585    34.6355    34.6417     6.2317    26.7539    26.7587          6  0.000e+00
      63304 292.925493  -44.87834  -51.77096      0.022    1474.80     41.151     40.813     9.4889     9.4889    -0.0000     9.4843     9.4843    -0.0000   3.727371   3.727955   0.000584    34.6356    34.6417     6.2317    26.7540    26.7587          6  0.000e+00
      63305 292.925494  -44.87834  -51.77096      0.013    1474.80     41.048     40.711     9.4887     9.4891     0.0004     9.4841     9.4845     0.0004   3.727344   3.727923   0.000579    34.6356    34.6412     6.2316    26.7540    26.7583          6  0.000e+00
      63306 292.925494  -44.87834  -51.77096      0.009    1474.80     41.151     40.813     9.4889     9.4889     0.0000     9.4843     9.4844     0.0000   3.727337   3.727929   0.000592    34.6353    34.6414     6.2316    26.7537    26.7585          6  0.000e+00
      63307 292.925495  -44.87834  -51.77096      0.003    1474.80     41.048     40.711     9.4887     9.4889     0.0002     9.4841     9.4844     0.0002   3.727344   3.727981   0.000637    34.6356    34.6419     6.2316    26.7540    26.7589          6  0.000e+00
      63308 292.925495  -44.87834  -51.77096     -0.000    1474.80     41.103     40.766     9.4889     9.4893     0.0004     9.4843     9.4847     0.0004   3.727364   3.727974   0.000610    34.6356    34.6415     6.2316    26.7540    26.7585          6  0.000e+00
      63309 292.925496  -44.87834  -51.77096     -0.007    1474.80     41.048     40.711     9.4889     9.4889     0.0000     9.4843     9.4844     0.0000   3.727391   3.727987   0.000596    34.6359    34.6420     6.2352    26.7542    26.7590          6  0.000e+00
      63310 292.925496  -44.87834  -51.77096     -0.013    1474.80     41.103     40.766     9.4889     9.4889     0.0000     9.4843     9.4844     0.0000   3.727378   3.727974   0.000597    34.6357    34.6418     6.2320    26.7541    26.7589          6  0.000e+00
      63311 292.925497  -44.87834  -51.77096     -0.019    1474.80     41.048     40.712     9.4892     9.4893     0.0001     9.4846     9.4847     0.0001   3.727371   3.727942   0.000571    34.6354    34.6412     6.2319    26.7538    26.7583          6  0.000e+00
      63312 292.925497  -44.87834  -51.77096     -0.022    1474.80     41.103     40.766     9.4889     9.4887    -0.0001     9.4843     9.4842    -0.0001   3.727391   3.727936   0.000545    34.6358    34.6416     6.2320    26.7542    26.7587          6  0.000e+00
      63313 292.925498  -44.87834  -51.77096     -0.026    1474.80     41.048     40.712     9.4892     9.4891    -0.0001     9.4846     9.4845    -0.0001   3.727378   3.727962   0.000584    34.6354    34.6416     6.2320    26.7538    26.7586          6  0.000e+00
      63314 292.925498  -44.87834  -51.77096     -0.032    1474.80     41.048     40.712     9.4889     9.4884    -0.0005     9.4843     9.4839    -0.0005   3.727351   3.727942   0.000591    34.6355    34.6420     6.2321    26.7539    26.7591          6  0.000e+00
      63315 292.925499  -44.87834  -51.77096     -0.037    1474.80     41.048     40.712     9.4890     9.4889    -0.0001     9.4845     9.4844    -0.0001   3.727384   3.727936   0.000551    34.6357    34.6415     6.2322    26.7540    26.7586          6  0.000e+00
      63316 292.925499  -44.87834  -51.77096     -0.043    1474.80     41.048     40.712     9.4890     9.4886    -0.0004     9.4845     9.4840    -0.0004   3.727378   3.727981   0.000603    34.6356    34.6423     6.2323    26.7539    26.7592          6  0.000e+00
      63317 292.925500  -44.87834  -51.77096     -0.049    1474.80     41.048     40.712     9.4890     9.4886    -0.0004     9.4845     9.4840    -0.0004   3.727371   3.728000   0.000629    34.6355    34.6425     6.2324    26.7539    26.7594          6  0.000e+00
      63318 292.925500  -44.87834  -51.77096     -0.051    1474.80     41.048     40.712     9.4890     9.4891     0.0001     9.4845     9.4845     0.0001   3.727391   3.727955   0.000564    34.6357    34.6415     6.2326    26.7541    26.7586          6  0.000e+00
      63319 292.925501  -44.87834  -51.77096     -0.059    1474.80     41.001     40.664     9.4889     9.4889     0.0000     9.4843     9.4844     0.0000   3.727351   3.727962   0.000611    34.6355    34.6418     6.2327    26.7539    26.7588          6  0.000e+00
      63320 292.925501  -44.87834  -51.77096     -0.064    1474.80     41.001     40.664     9.4890     9.4891     0.0001     9.4845     9.4845     0.0001   3.727337   3.727987   0.000650    34.6352    34.6419     6.2329    26.7536    26.7588          6  0.000e+00
      63321 292.925502  -44.87834  -51.77096     -0.065    1474.80     41.048     40.712     9.4889     9.4889     0.0000     9.4843     9.4844     0.0000   3.727358   3.727974   0.000617    34.6355    34.6419     6.2331    26.7539    26.7589          6  0.000e+00
      63322 292.925502  -44.87834  -51.77096     -0.073    1474.80     41.001     40.664     9.4889     9.4889     0.0000     9.4843     9.4844     0.0000   3.727431   3.727987   0.000556    34.6363    34.6420     6.2332    26.7545    26.7590          6  0.000e+00
      63323 292.925503  -44.87834  -51.77096     -0.077    1474.80     41.001     40.664     9.4890     9.4897     0.0007     9.4845     9.4852     0.0007   3.727364   3.727974   0.000610    34.6355    34.6411     6.2335    26.7539    26.7581          6  0.000e+00
