Pos-Processados/process_op38/operantar38_001.ros
* Sea-Bird SBE 9 Data File:
* FileName = D:\OPERANTAR_XXXVIII\DADOS\OP38_002.hdr
* Software Version Seasave V 7.12
* Temperature SN = 4808
* Conductivity SN = 3380
* Number of Bytes Per Scan = 31
* Number of Voltage Words = 2
* Number of Scans Averaged by the Deck Unit = 1
* NMEA Latitude = 38 26.99 S
* NMEA Longitude = 052 53.48 W
* NMEA UTC (Time) = Jan 16 2019 21:21:57
** H41
** NAVIO POLAR ALMIRANTE MAXIMIANO
** CRUZEIRO:
** OPERANTAR XXXVIII
** ESTAÇÃO: 002
** LAT 38º 26,99'S
** LONG 052º 53,46'W
** 09P73767-1155
** PROFUNDIDADE: 4158 m
** DATA/HORA: 162121Z/OUT/2019
** OPERADOR: SO-HN CHAVES
# nquan = 27
# nvalues = 3792                                  
# units = specified
# name 0 = scan: Scan Count
# name 1 = timeJ: Julian Days
# name 2 = latitude: Latitude [deg]
# name 3 = longitude: Longitude [deg]
# name 4 = dz/dtM: Descent Rate [m/s]
# name 5 = avgsvCM: Average Sound Velocity [Chen-Millero, m/s]
# name 6 = prDM: Pressure, Digiquartz [db]
# name 7 = depSM: Depth [salt water, m]
# name 8 = t090C: Temperature [ITS-90, deg C]
# name 9 = t190C: Temperature, 2 [ITS-90, deg C]
# name 10 = T2-T190C: Temperature Difference, 2 - 1 [ITS-90, deg C]
# name 11 = potemp090C: Potential Temperature [ITS-90, deg C]
# name 12 = potemp190C: Potential Temperature, 2 [ITS-90, deg C]
# name 13 = potemp90Cdiff: Potential Temperature, Diff, 2 - 1 [ITS-90, deg C]
# name 14 = c0S/m: Conductivity [S/m]
# name 15 = c1S/m: Conductivity, 2 [S/m]
# name 16 = C2-C1S/m: Conductivity Difference, 2 - 1 [S/m]
# name 17 = sal00: Salinity, Practical [PSU]
# name 18 = sal11: Salinity, Practical, 2 [PSU]
# name 19 = sbeox0ML/L: Oxygen, SBE 43 [ml/l]
# name 20 = sigma-é00: Density [sigma-theta, kg/m^3]
# name 21 = sigma-é11: Density, 2 [sigma-theta, kg/m^3]
# name 22 = sbox0Mm/Kg: Oxygen, SBE 43 [umol/kg]
# name 23 = oxsolMm/Kg: Oxygen Saturation, Garcia & Gordon [umol/kg]
# name 24 = oxsatMm/Kg: Oxygen Saturation, Weiss [umol/kg]
# name 25 = nbf: Bottles Fired
# name 26 = flag:  0.000e+00
# interval = seconds: 0.0416667
# start_time = Jan 16 2019 21:21:57 [NMEA time, header]
# bad_flag = -9.990e-29
*END*
[from data line 537]
      76701  16.927232  -38.22396  -52.57268      0.450    1498.22     11.608     11.521    15.6469    15.6476     0.0006    15.6451    15.6458     0.0006   4.424463   4.424944   0.000481    35.6162    35.6200     5.6415    26.3028    26.3056    245.492  243.64365  243.40895          3  0.000e+00
      76702  16.927232  -38.22396  -52.57268      0.445    1498.22     11.663     11.575    15.6471    15.6478     0.0007    15.6453    15.6460     0.0007   4.424513   4.424992   0.000479    35.6165    35.6202     5.6415    26.3030    26.3057    245.493  243.64249  243.40779          3  0.000e+00
      76703  16.927233  -38.22396  -52.57268      0.445    1498.22     11.677     11.589    15.6473    15.6478     0.0005    15.6454    15.6460     0.0005   4.424571   4.425034   0.000463    35.6169    35.6205     5.6415    26.3033    26.3060    245.493  243.64105  243.40634          3  0.000e+00
      76704  16.927233  -38.22396  -52.57268      0.432    1498.22     11.608     11.521    15.6475    15.6479     0.0005    15.6457    15.6461     0.0005   4.424628   4.425068   0.000440    35.6172    35.6208     5.6383    26.3035    26.3061    245.354  243.63941  243.40469          3  0.000e+00
      76705  16.927234  -38.22396  -52.57268      0.428    1498.22     11.711     11.623    15.6476    15.6480     0.0004    15.6458    15.6461     0.0004   4.424678   4.425082   0.000403    35.6175    35.6208     5.6413    26.3037    26.3061    245.483  243.63829  243.40356          3  0.000e+00
      76706  16.927234  -38.22396  -52.57268      0.417    1498.22     11.608     11.521    15.6479    15.6476    -0.0004    15.6461    15.6458    -0.0004   4.424793   4.425047   0.000254    35.6183    35.6209     5.6414    26.3042    26.3063    245.489  243.63547  243.40073          3  0.000e+00
      76707  16.927235  -38.22396  -52.57268      0.415    1498.22     11.732     11.643    15.6481    15.6478    -0.0003    15.6463    15.6460    -0.0003   4.424872   4.425123   0.000251    35.6188    35.6213     5.6415    26.3045    26.3066    245.492  243.63378  243.39903          3  0.000e+00
      76708  16.927235  -38.22396  -52.57268      0.405    1498.22     11.663     11.575    15.6481    15.6483     0.0002    15.6463    15.6465     0.0002   4.424901   4.425303   0.000402    35.6191    35.6225     5.6415    26.3048    26.3074    245.492  243.63330  243.39856          3  0.000e+00
      76709  16.927236  -38.22396  -52.57268      0.398    1498.22     11.711     11.623    15.6482    15.6484     0.0002    15.6464    15.6466     0.0002   4.424915   4.425434   0.000518    35.6191    35.6235     5.6416    26.3048    26.3081    245.494  243.63282  243.39808          3  0.000e+00
      76710  16.927236  -38.22396  -52.57268      0.387    1498.22     11.677     11.589    15.6487    15.6488     0.0002    15.6468    15.6470     0.0002   4.424908   4.425489   0.000581    35.6186    35.6237     5.6415    26.3043    26.3082    245.493  243.63146  243.39668          3  0.000e+00
      76808  16.927283  -38.22398  -52.57268     -0.348    1498.22     10.624     10.544    15.6437    15.6445     0.0008    15.6420    15.6428     0.0008   4.421706   4.420807  -0.000899    35.5947    35.5858     5.6174    26.2869    26.2799    244.447  243.69508  243.46038          4  0.000e+00
      76809  16.927284  -38.22398  -52.57268     -0.348    1498.22     10.603     10.524    15.6437    15.6445     0.0009    15.6420    15.6429     0.0009   4.421168   4.420752  -0.000416    35.5898    35.5853     5.6173    26.2832    26.2795    244.442  243.70320  243.46845          4  0.000e+00
      76810  16.927284  -38.22398  -52.57268     -0.344    1498.22     10.651     10.571    15.6440    15.6445     0.0006    15.6423    15.6429     0.0006   4.420903   4.420766  -0.000137    35.5871    35.5854     5.6200    26.2811    26.2796    244.561  243.70623  243.47144          4  0.000e+00
      76811  16.927285  -38.22398  -52.57268     -0.340    1498.22     10.624     10.544    15.6442    15.6449     0.0007    15.6425    15.6432     0.0007   4.420766   4.420752  -0.000014    35.5858    35.5850     5.6200    26.2800    26.2792    244.562  243.70769  243.47288          4  0.000e+00
      76812  16.927285  -38.22398  -52.57268     -0.340    1498.22     10.549     10.469    15.6444    15.6447     0.0003    15.6428    15.6431     0.0003   4.420687   4.420724   0.000037    35.5848    35.5849     5.6169    26.2792    26.2792    244.426  243.70796  243.47313          4  0.000e+00
      76813  16.927286  -38.22398  -52.57268     -0.330    1498.22     10.651     10.571    15.6445    15.6440    -0.0005    15.6429    15.6423    -0.0005   4.420666   4.420821   0.000155    35.5845    35.5864     5.6199    26.2789    26.2805    244.558  243.70806  243.47322          4  0.000e+00
      76814  16.927286  -38.22398  -52.57268     -0.331    1498.22     10.549     10.469    15.6445    15.6444    -0.0002    15.6429    15.6427    -0.0002   4.420644   4.420855   0.000211    35.5844    35.5864     5.6199    26.2788    26.2804    244.560  243.70832  243.47348          4  0.000e+00
      76815  16.927287  -38.22398  -52.57268     -0.325    1498.22     10.624     10.544    15.6447    15.6442    -0.0005    15.6430    15.6426    -0.0005   4.420572   4.420910   0.000338    35.5836    35.5870     5.6201    26.2782    26.2809    244.569  243.70901  243.47416          4  0.000e+00
      76816  16.927287  -38.22398  -52.57268     -0.320    1498.22     10.549     10.469    15.6449    15.6437    -0.0012    15.6432    15.6420    -0.0012   4.420551   4.420972   0.000422    35.5832    35.5881     5.6171    26.2779    26.2819    244.437  243.70871  243.47384          4  0.000e+00
      76817  16.927288  -38.22398  -52.57268     -0.316    1498.22     10.549     10.469    15.6447    15.6442    -0.0005    15.6430    15.6426    -0.0005   4.420465   4.421000   0.000535    35.5826    35.5879     5.6200    26.2774    26.2816    244.563  243.71059  243.47573          4  0.000e+00
      76818  16.927288  -38.22398  -52.57268     -0.313    1498.22     10.549     10.469    15.6448    15.6440    -0.0007    15.6431    15.6424    -0.0007   4.420465   4.421090   0.000625    35.5825    35.5888     5.6202    26.2773    26.2824    244.573  243.71030  243.47543          4  0.000e+00
      76819  16.927289  -38.22398  -52.57268     -0.310    1498.22     10.521     10.442    15.6447    15.6435    -0.0012    15.6430    15.6418    -0.0012   4.420450   4.421124   0.000674    35.5825    35.5896     5.6174    26.2773    26.2831    244.448  243.71079  243.47593          4  0.000e+00
      76820  16.927289  -38.22396  -52.57268     -0.305    1498.22     10.549     10.469    15.6450    15.6435    -0.0015    15.6434    15.6419    -0.0015   4.420472   4.421124   0.000652    35.5824    35.5896     5.6203    26.2771    26.2831    244.575  243.70932  243.47444          4  0.000e+00
      76821  16.927290  -38.22396  -52.57268     -0.301    1498.22     10.549     10.469    15.6449    15.6440    -0.0008    15.6432    15.6424    -0.0008   4.420450   4.421041   0.000591    35.5823    35.5884     5.6206    26.2772    26.2820    244.589  243.71022  243.47535          4  0.000e+00
      76822  16.927290  -38.22396  -52.57268     -0.294    1498.22     10.521     10.442    15.6450    15.6437    -0.0014    15.6434    15.6420    -0.0014   4.420529   4.421007   0.000478    35.5829    35.5884     5.6209    26.2775    26.2821    244.602  243.70843  243.47355          4  0.000e+00
      76823  16.927291  -38.22396  -52.57268     -0.293    1498.22     10.501     10.422    15.6449    15.6440    -0.0009    15.6433    15.6424    -0.0009   4.420529   4.420979   0.000450    35.5830    35.5878     5.6210    26.2776    26.2816    244.607  243.70871  243.47384          4  0.000e+00
      76824  16.927291  -38.22396  -52.57268     -0.288    1498.22     10.501     10.422    15.6449    15.6437    -0.0012    15.6432    15.6420    -0.0012   4.420630   4.420938   0.000308    35.5840    35.5878     5.6214    26.2784    26.2817    244.623  243.70748  243.47262          4  0.000e+00
      76825  16.927292  -38.22396  -52.57268     -0.280    1498.22     10.501     10.422    15.6450    15.6440    -0.0010    15.6434    15.6424    -0.0010   4.420752   4.420883   0.000131    35.5849    35.5870     5.6218    26.2791    26.2809    244.639  243.70506  243.47020          4  0.000e+00
      76826  16.927292  -38.22396  -52.57268     -0.276    1498.22     10.521     10.442    15.6449    15.6440    -0.0008    15.6432    15.6424    -0.0008   4.420831   4.420855   0.000024    35.5858    35.5867     5.6222    26.2798    26.2807    244.659  243.70446  243.46962          4  0.000e+00
      76827  16.927293  -38.22396  -52.57268     -0.273    1498.22     10.453     10.374    15.6445    15.6447     0.0001    15.6429    15.6431     0.0001   4.421024   4.420855  -0.000169    35.5878    35.5862     5.6224    26.2815    26.2802    244.665  243.70251  243.46770          4  0.000e+00
      76828  16.927293  -38.22396  -52.57268     -0.268    1498.22     10.501     10.422    15.6440    15.6442     0.0002    15.6424    15.6426     0.0002   4.421197   4.420793  -0.000404    35.5898    35.5860     5.6258    26.2831    26.2801    244.813  243.70168  243.46692          4  0.000e+00
      76829  16.927294  -38.22396  -52.57268     -0.262    1498.22     10.473     10.395    15.6436    15.6449     0.0013    15.6420    15.6433     0.0013   4.421376   4.420807  -0.000569    35.5918    35.5855     5.6263    26.2848    26.2796    244.833  243.70026  243.46554          4  0.000e+00
      76830  16.927294  -38.22396  -52.57268     -0.257    1498.22     10.453     10.374    15.6433    15.6443     0.0010    15.6417    15.6427     0.0010   4.421484   4.420800  -0.000684    35.5931    35.5860     5.6267    26.2858    26.2801    244.854  243.69949  243.46479          4  0.000e+00
      76831  16.927295  -38.22396  -52.57268     -0.252    1498.22     10.501     10.422    15.6431    15.6447     0.0016    15.6415    15.6431     0.0016   4.421606   4.420752  -0.000854    35.5943    35.5852     5.6273    26.2868    26.2794    244.877  243.69826  243.46358          4  0.000e+00
      76832  16.927295  -38.22396  -52.57268     -0.247    1498.22     10.453     10.374    15.6426    15.6445     0.0019    15.6410    15.6429     0.0019   4.421706   4.420745  -0.000961    35.5957    35.5853     5.6278    26.2880    26.2796    244.899  243.69831  243.46367          4  0.000e+00
      76833  16.927296  -38.22396  -52.57268     -0.241    1498.22     10.474     10.395    15.6426    15.6445     0.0019    15.6410    15.6429     0.0019   4.421721   4.420710  -0.001010    35.5958    35.5850     5.6283    26.2880    26.2793    244.923  243.69811  243.46347          4  0.000e+00
      76834  16.927296  -38.22396  -52.57268     -0.238    1498.22     10.398     10.320    15.6425    15.6452     0.0028    15.6408    15.6436     0.0028   4.421785   4.420800  -0.000985    35.5966    35.5852     5.6288    26.2887    26.2793    244.945  243.69767  243.46304          4  0.000e+00
      76835  16.927296  -38.22396  -52.57268     -0.233    1498.22     10.453     10.374    15.6422    15.6454     0.0031    15.6406    15.6437     0.0031   4.421828   4.420848  -0.000980    35.5972    35.5855     5.6326    26.2892    26.2795    245.107  243.69778  243.46317          4  0.000e+00
      76836  16.927297  -38.22396  -52.57268     -0.226    1498.22     10.453     10.374    15.6421    15.6454     0.0033    15.6405    15.6438     0.0033   4.421950   4.420938  -0.001012    35.5983    35.5863     5.6333    26.2901    26.2801    245.140  243.69623  243.46163          4  0.000e+00
      76837  16.927297  -38.22396  -52.57268     -0.221    1498.22     10.419     10.340    15.6423    15.6456     0.0033    15.6407    15.6440     0.0033   4.422015   4.420938  -0.001077    35.5988    35.5861     5.6341    26.2904    26.2799    245.172  243.69465  243.46005          4  0.000e+00
      76838  16.927298  -38.22396  -52.57268     -0.216    1498.22     10.453     10.374    15.6423    15.6454     0.0030    15.6407    15.6437     0.0030   4.422072   4.420972  -0.001100    35.5993    35.5866     5.6349    26.2908    26.2803    245.207  243.69380  243.45921          4  0.000e+00
      76839  16.927298  -38.22396  -52.57268     -0.208    1498.22     10.453     10.374    15.6425    15.6454     0.0030    15.6408    15.6438     0.0030   4.422130   4.421055  -0.001075    35.5997    35.5873     5.6357    26.2911    26.2809    245.241  243.69250  243.45790          4  0.000e+00
      76840  16.927299  -38.22396  -52.57268     -0.203    1498.22     10.419     10.340    15.6424    15.6455     0.0031    15.6408    15.6439     0.0031   4.422187   4.421165  -0.001022    35.6002    35.5882     5.6362    26.2915    26.2815    245.263  243.69175  243.45716          4  0.000e+00
      76841  16.927299  -38.22396  -52.57268     -0.198    1498.22     10.398     10.320    15.6425    15.6454     0.0030    15.6408    15.6438     0.0030   4.422216   4.421248  -0.000968    35.6005    35.5891     5.6398    26.2917    26.2822    245.422  243.69116  243.45657          4  0.000e+00
      76842  16.927300  -38.22396  -52.57268     -0.195    1498.22     10.398     10.320    15.6426    15.6454     0.0028    15.6410    15.6438     0.0028   4.422123   4.421296  -0.000826    35.5995    35.5895     5.6406    26.2909    26.2826    245.456  243.69199  243.45738          4  0.000e+00
      76843  16.927300  -38.22396  -52.57268     -0.187    1498.22     10.453     10.374    15.6423    15.6454     0.0030    15.6407    15.6437     0.0030   4.422015   4.421434  -0.000581    35.5988    35.5908     5.6414    26.2904    26.2835    245.492  243.69467  243.46007          4  0.000e+00
      76844  16.927301  -38.22396  -52.57268     -0.184    1498.22     10.371     10.293    15.6420    15.6452     0.0033    15.6403    15.6436     0.0033   4.421907   4.421579  -0.000328    35.5981    35.5922     5.6453    26.2900    26.2847    245.660  243.69740  243.46282          4  0.000e+00
      76845  16.927301  -38.22396  -52.57268     -0.178    1498.22     10.453     10.374    15.6421    15.6447     0.0026    15.6405    15.6431     0.0026   4.421843   4.421579  -0.000264    35.5974    35.5927     5.6432    26.2894    26.2851    245.567  243.69785  243.46325          4  0.000e+00
      76846  16.927302  -38.22396  -52.57268     -0.176    1498.22     10.350     10.273    15.6419    15.6449     0.0030    15.6403    15.6432     0.0030   4.421785   4.421655  -0.000130    35.5971    35.5933     5.6435    26.2892    26.2856    245.585  243.69952  243.46493          4  0.000e+00
      76847  16.927302  -38.22396  -52.57268     -0.174    1498.22     10.350     10.273    15.6420    15.6445     0.0026    15.6403    15.6429     0.0026   4.421728   4.421744   0.000017    35.5965    35.5943     5.6471    26.2888    26.2865    245.738  243.70010  243.46550          4  0.000e+00
      76848  16.927303  -38.22396  -52.57268     -0.164    1498.22     10.474     10.395    15.6418    15.6442     0.0024    15.6401    15.6425     0.0024   4.421721   4.421889   0.000168    35.5966    35.5959     5.6478    26.2888    26.2878    245.769  243.70087  243.46628          4  0.000e+00
      76849  16.927303  -38.22396  -52.57268     -0.158    1498.22     10.398     10.320    15.6420    15.6430     0.0011    15.6403    15.6414     0.0011   4.421721   4.422027   0.000306    35.5965    35.5983     5.6483    26.2887    26.2898    245.790  243.70024  243.46564          4  0.000e+00
      76850  16.927304  -38.22396  -52.57268     -0.156    1498.22     10.398     10.320    15.6420    15.6432     0.0012    15.6403    15.6416     0.0012   4.421613   4.422227   0.000614    35.5955    35.5999     5.6488    26.2879    26.2911    245.814  243.70187  243.46726          4  0.000e+00
