Pos-Processados/process_op38/operantar38_020.cnv
* Sea-Bird SBE 9 Data File:
* FileName = D:\OPERANTAR_XXXVIII\DADOS\OP38_020.hdr
* Software Version Seasave V 7.18c
* Temperature SN = 4808
* Conductivity SN = 3380
* Number of Bytes Per Scan = 34
* Number of Voltage Words = 3
* Number of Scans Averaged by the Deck Unit = 1
* NMEA Latitude = 62 13.02 S
* NMEA Longitude = 058 20.27 W
* NMEA UTC (Time) = Nov 22 2019 12:22:40
** H41
** NAVIO POLAR ALMIRANTE MAXIMIANO
** CRUZEIRO:
** OPERANTAR XXXVIII
** ESTAÇÃO: OP38_020
** LAT 62 13,00'S
** LONG 058 20,28'W
** 09P73767-1155_A
** PROFUNDIDADE: 497
** DATA/HORA: 221223Z/NOV/2019
** OPERADOR: SO-HN CHAVES
# nquan = 32
# nvalues = 886                         
# units = specified
# name 0 = scan: Scan Count
# name 1 = timeJ: Julian Days
# name 2 = latitude: Latitude [deg]
# name 3 = longitude: Longitude [deg]
# name 4 = dz/dtM: Descent Rate [m/s]
# name 5 = avgsvCM: Average Sound Velocity [Chen-Millero, m/s]
# name 6 = prDM: Pressure, Digiquartz [db]
# name 7 = depSM: Depth [salt water, m]
# name 8 = t090C: Temperature [ITS-90, deg C]
# name 9 = t190C: Temperature, 2 [ITS-90, deg C]
# name 10 = T2-T190C: Temperature Difference, 2 - 1 [ITS-90, deg C]
# name 11 = potemp090C: Potential Temperature [ITS-90, deg C]
# name 12 = potemp190C: Potential Temperature, 2 [ITS-90, deg C]
# name 13 = potemp90Cdiff: Potential Temperature, Diff, 2 - 1 [ITS-90, deg C]
# name 14 = c0S/m: Conductivity [S/m]
# name 15 = c1S/m: Conductivity, 2 [S/m]
# name 16 = C2-C1S/m: Conductivity Difference, 2 - 1 [S/m]
# name 17 = sal00: Salinity, Practical [PSU]
# name 18 = sal11: Salinity, Practical, 2 [PSU]
# name 19 = sbeox0ML/L: Oxygen, SBE 43 [ml/l]
# name 20 = sbeox1ML/L: Oxygen, SBE 43, 2 [ml/l]
# name 21 = sbeox0ML/Ldiff: Oxygen, SBE 43, Diff, 2 - 1 [ml/l]
# name 22 = sigma-é00: Density [sigma-theta, kg/m^3]
# name 23 = sigma-é11: Density, 2 [sigma-theta, kg/m^3]
# name 24 = sal00: Salinity, Practical [PSU]
# name 25 = sigma-é00: Density [sigma-theta, kg/m^3]
# name 26 = svCM: Sound Velocity [Chen-Millero, m/s]
# name 27 = svCM1: Sound Velocity, 2 [Chen-Millero, m/s]
# name 28 = gsw_ptA0: potential temperature [ITS-90, deg C]
# name 29 = gsw_densityA0: density, TEOS-10 [density, kg/m^3]
# name 30 = gsw_saA0: Absolute Salinity [g/kg]
# name 31 = flag:
# span 0 =        689,      37614       
# span 1 = 326.516072, 326.533880       
# span 2 =  -62.21708,  -62.21704       
# span 3 =  -58.33800,  -58.33792       
# span 4 =     -1.061,      0.885       
# span 5 =       0.00,    1452.26       
# span 6 =      2.000,    445.000       
# span 7 =      1.975,    440.243       
# span 8 =    -0.6972,    -0.2017       
# span 9 =    -0.6968,    -0.2004       
# span 10 =    -0.0391,     0.0215      
# span 11 =    -0.7119,    -0.2155      
# span 12 =    -0.7115,    -0.2143      
# span 13 =    -0.0391,     0.0214      
# span 14 =   2.800177,   2.867241      
# span 15 =   2.799581,   2.867701      
# span 16 =  -0.004156,   0.002095      
# span 17 =    34.1702,    34.5184      
# span 18 =    34.1353,    34.5239      
# span 19 =     5.7709,     7.6480      
# span 20 =     4.8504,     7.3723      
# span 21 =    -2.6238,    -0.2079      
# span 22 =    27.4562,    27.7454      
# span 23 =    27.4306,    27.7497      
# span 24 =    34.1705,    34.5237      
# span 25 =    27.4562,    27.7449      
# span 26 =    1446.08,    1454.27      
# span 27 =    1446.12,    1454.28      
# span 28 =    -0.7117,    -0.2153      
# span 29 =  1027.4711,  1029.8714      
# span 30 =    34.3350,    34.6927      
# span 31 = 0.0000e+00, 0.0000e+00      
# interval = decibars: 1                
# start_time = Nov 22 2019 12:22:40 [NMEA time, header]
# bad_flag = -9.990e-29
*END*
[from data line 454]
      19531 326.525159  -62.21706  -58.33796     -0.559    1449.76    434.000    429.388    -0.4962    -0.4940     0.0022    -0.5112    -0.5090     0.0022   2.845324   2.846047   0.000749    34.5150    34.5226     6.0249     5.7823    -0.2426    27.7398    27.7458    34.5211    27.7447    1453.27    1453.29    -0.5110  1029.8162    34.6901 0.0000e+00
      19576 326.525181  -62.21706  -58.33796     -0.525    1449.76    433.000    428.389    -0.4539    -0.4590    -0.0051    -0.4691    -0.4742    -0.0051   2.848663   2.848616  -0.000011    34.5143    34.5199     6.0152     5.7813    -0.2339    27.7372    27.7420    34.5185    27.7407    1453.45    1453.43    -0.4688  1029.8069    34.6875 0.0000e+00
      19612 326.525198  -62.21706  -58.33796     -0.644    1449.76    432.000    427.406    -0.4320    -0.4344    -0.0024    -0.4473    -0.4496    -0.0024   2.850480   2.850835   0.000286    34.5144    34.5209     5.9812     5.7567    -0.2245    27.7363    27.7418    34.5187    27.7398    1453.54    1453.54    -0.4470  1029.8010    34.6876 0.0000e+00
      19646 326.525215  -62.21706  -58.33796     -0.708    1449.76    431.000    426.418    -0.4149    -0.4102     0.0046    -0.4301    -0.4255     0.0046   2.851905   2.852696   0.000813    34.5145    34.5201     5.9451     5.7260    -0.2191    27.7356    27.7399    34.5189    27.7392    1453.60    1453.63    -0.4299  1029.7954    34.6879 0.0000e+00
      19680 326.525231  -62.21706  -58.33796     -0.706    1449.76    430.000    425.430    -0.4018    -0.3987     0.0030    -0.4170    -0.4140     0.0030   2.852910   2.853538   0.000650    34.5145    34.5197     5.9330     5.7055    -0.2274    27.7350    27.7391    34.5181    27.7380    1453.64    1453.66    -0.4168  1029.7893    34.6871 0.0000e+00
      19717 326.525249  -62.21706  -58.33796     -0.658    1449.76    429.000    424.441    -0.3952    -0.3941     0.0011    -0.4104    -0.4093     0.0011   2.853400   2.853908   0.000501    34.5147    34.5202     5.9160     5.6858    -0.2301    27.7349    27.7393    34.5178    27.7374    1453.66    1453.67    -0.4102  1029.7839    34.6868 0.0000e+00
      19755 326.525267  -62.21706  -58.33796     -0.628    1449.76    428.000    423.453    -0.3867    -0.3858     0.0009    -0.4019    -0.4011     0.0009   2.854101   2.854581   0.000493    34.5151    34.5208     5.9032     5.6671    -0.2360    27.7348    27.7393    34.5182    27.7373    1453.68    1453.69    -0.4017  1029.7789    34.6872 0.0000e+00
      19794 326.525286  -62.21706  -58.33796     -0.625    1449.76    427.000    422.464    -0.3713    -0.3667     0.0047    -0.3866    -0.3819     0.0046   2.855355   2.856306   0.000861    34.5152    34.5214     5.8951     5.6627    -0.2324    27.7342    27.7390    34.5182    27.7366    1453.74    1453.77    -0.3863  1029.7733    34.6871 0.0000e+00
      19831 326.525304  -62.21706  -58.33796     -0.639    1449.76    426.000    421.476    -0.3394    -0.3179     0.0215    -0.3547    -0.3333     0.0214   2.858435   2.860537   0.002081    34.5174    34.5210     5.8897     5.6594    -0.2303    27.7345    27.7363    34.5237    27.7395    1453.88    1453.98    -0.3544  1029.7710    34.6927 0.0000e+00
      19868 326.525322  -62.21706  -58.33796     -0.654    1449.76    425.000    420.488    -0.2879    -0.2778     0.0101    -0.3034    -0.2933     0.0101   2.862648   2.863790   0.001189    34.5161    34.5206     5.8833     5.6513    -0.2321    27.7309    27.7340    34.5224    27.7360    1454.10    1454.15    -0.3031  1029.7621    34.6913 0.0000e+00
      19908 326.525341  -62.21706  -58.33796     -0.603    1449.76    424.000    419.499    -0.2616    -0.2638    -0.0022    -0.2771    -0.2793    -0.0022   2.864558   2.864813   0.000322    34.5145    34.5212     5.8609     5.6327    -0.2282    27.7283    27.7339    34.5188    27.7318    1454.20    1454.20    -0.2769  1029.7528    34.6877 0.0000e+00
      19953 326.525363  -62.21706  -58.33796     -0.538    1449.76    423.000    418.511    -0.2486    -0.2443     0.0043    -0.2641    -0.2598     0.0042   2.865609   2.866432   0.000767    34.5149    34.5203     5.8161     5.5885    -0.2277    27.7280    27.7322    34.5186    27.7310    1454.24    1454.27    -0.2639  1029.7471    34.6875 0.0000e+00
      19998 326.525384  -62.21706  -58.33796     -0.536    1449.76    422.000    417.523    -0.2414    -0.2392     0.0022    -0.2569    -0.2547     0.0022   2.866179   2.866777   0.000599    34.5156    34.5210     5.7937     5.5695    -0.2242    27.7282    27.7325    34.5188    27.7308    1454.26    1454.27    -0.2567  1029.7421    34.6877 0.0000e+00
      20040 326.525405  -62.21706  -58.33796     -0.561    1449.76    421.000    416.534    -0.2377    -0.2347     0.0030    -0.2532    -0.2502     0.0030   2.866425   2.867031   0.000631    34.5158    34.5208     5.7863     5.5525    -0.2338    27.7282    27.7321    34.5184    27.7303    1454.26    1454.28    -0.2530  1029.7368    34.6873 0.0000e+00
      20083 326.525426  -62.21706  -58.33796     -0.555    1449.76    420.000    415.552    -0.2318    -0.2333    -0.0015    -0.2472    -0.2487    -0.0015   2.866817   2.867110   0.000311    34.5154    34.5213     5.7778     5.5501    -0.2277    27.7276    27.7324    34.5175    27.7293    1454.27    1454.27    -0.2470  1029.7310    34.6864 0.0000e+00
      20126 326.525446  -62.21706  -58.33796     -0.568    1449.76    419.000    414.551    -0.2318    -0.2311     0.0007    -0.2472    -0.2466     0.0007   2.866739   2.867213   0.000474    34.5156    34.5211     5.7809     5.5547    -0.2262    27.7278    27.7322    34.5171    27.7290    1454.25    1454.26    -0.2470  1029.7260    34.6861 0.0000e+00
      20166 326.525465  -62.21706  -58.33796     -0.594    1449.76    418.000    413.569    -0.2320    -0.2322    -0.0002    -0.2474    -0.2476    -0.0002   2.866629   2.867041   0.000420    34.5156    34.5214     5.7801     5.5534    -0.2267    27.7277    27.7325    34.5165    27.7285    1454.23    1454.24    -0.2472  1029.7208    34.6854 0.0000e+00
      20206 326.525484  -62.21706  -58.33796     -0.606    1449.76    417.000    412.581    -0.2321    -0.2325    -0.0004    -0.2474    -0.2478    -0.0004   2.866603   2.866985   0.000386    34.5158    34.5214     5.7808     5.5544    -0.2263    27.7279    27.7325    34.5168    27.7288    1454.22    1454.22    -0.2472  1029.7163    34.6857 0.0000e+00
      20245 326.525504  -62.21706  -58.33796     -0.602    1449.76    416.000    411.592    -0.2334    -0.2331     0.0002    -0.2487    -0.2484     0.0002   2.866356   2.866798   0.000446    34.5152    34.5208     5.7840     5.5558    -0.2282    27.7275    27.7320    34.5156    27.7278    1454.19    1454.20    -0.2485  1029.7106    34.6845 0.0000e+00
      20286 326.525523  -62.21706  -58.33796     -0.597    1449.76    415.000    410.604    -0.2384    -0.2414    -0.0030    -0.2537    -0.2566    -0.0030   2.865852   2.865994   0.000156    34.5148    34.5203     5.7890     5.5477    -0.2413    27.7275    27.7320    34.5152    27.7277    1454.15    1454.15    -0.2534  1029.7059    34.6841 0.0000e+00
      20328 326.525543  -62.21706  -58.33796     -0.570    1449.76    414.000    409.615    -0.2364    -0.2386    -0.0022    -0.2516    -0.2538    -0.0022   2.865992   2.866082   0.000127    34.5152    34.5193     5.7869     5.5535    -0.2334    27.7276    27.7312    34.5154    27.7278    1454.15    1454.14    -0.2514  1029.7011    34.6842 0.0000e+00
      20368 326.525563  -62.21706  -58.33796     -0.596    1449.76    413.000    408.627    -0.2420    -0.2429    -0.0009    -0.2571    -0.2580    -0.0009   2.865364   2.865739   0.000360    34.5145    34.5202     5.7927     5.5567    -0.2360    27.7273    27.7320    34.5139    27.7269    1454.10    1454.11    -0.2569  1029.6956    34.6828 0.0000e+00
      20404 326.525580  -62.21706  -58.33796     -0.654    1449.76    412.000    407.639    -0.2573    -0.2549     0.0024    -0.2723    -0.2699     0.0024   2.863941   2.864529   0.000622    34.5137    34.5193     5.7893     5.5588    -0.2305    27.7274    27.7318    34.5128    27.7267    1454.01    1454.03    -0.2721  1029.6909    34.6817 0.0000e+00
      20443 326.525599  -62.21706  -58.33796     -0.619    1449.76    411.000    406.650    -0.2653    -0.2663    -0.0010    -0.2803    -0.2813    -0.0010   2.863128   2.863497   0.000340    34.5128    34.5185     5.7956     5.5580    -0.2376    27.7271    27.7317    34.5117    27.7262    1453.96    1453.96    -0.2801  1029.6857    34.6805 0.0000e+00
      20482 326.525618  -62.21706  -58.33796     -0.619    1449.76    410.000    405.661    -0.2718    -0.2711     0.0007    -0.2867    -0.2860     0.0007   2.862551   2.863027   0.000493    34.5127    34.5184     5.8079     5.5659    -0.2420    27.7274    27.7320    34.5119    27.7267    1453.91    1453.92    -0.2865  1029.6817    34.6808 0.0000e+00
      20515 326.525634  -62.21706  -58.33796     -0.695    1449.76    409.000    404.673    -0.2798    -0.2793     0.0005    -0.2947    -0.2941     0.0005   2.861669   2.862182   0.000501    34.5116    34.5176     5.8176     5.5811    -0.2364    27.7268    27.7317    34.5098    27.7254    1453.86    1453.87    -0.2944  1029.6757    34.6787 0.0000e+00
      20548 326.525650  -62.21706  -58.33796     -0.736    1449.76    408.000    403.685    -0.2857    -0.2850     0.0007    -0.3005    -0.2998     0.0007   2.861237   2.861693   0.000464    34.5120    34.5174     5.8303     5.5867    -0.2436    27.7274    27.7318    34.5113    27.7269    1453.81    1453.82    -0.3002  1029.6725    34.6801 0.0000e+00
      20583 326.525667  -62.21706  -58.33796     -0.692    1449.76    407.000    402.697    -0.2847    -0.2850    -0.0003    -0.2994    -0.2997    -0.0003   2.861284   2.861650   0.000378    34.5120    34.5174     5.8334     5.5893    -0.2441    27.7274    27.7318    34.5113    27.7268    1453.80    1453.81    -0.2992  1029.6677    34.6802 0.0000e+00
      20623 326.525686  -62.21706  -58.33796     -0.610    1449.76    406.000    401.708    -0.2890    -0.2894    -0.0004    -0.3037    -0.3040    -0.0004   2.860802   2.861173   0.000378    34.5115    34.5170     5.8369     5.5991    -0.2378    27.7272    27.7316    34.5104    27.7263    1453.76    1453.77    -0.3035  1029.6625    34.6792 0.0000e+00
      20665 326.525706  -62.21706  -58.33796     -0.568    1449.76    405.000    400.722    -0.2978    -0.2965     0.0013    -0.3125    -0.3112     0.0013   2.859924   2.860506   0.000562    34.5106    34.5166     5.8363     5.6029    -0.2335    27.7269    27.7317    34.5093    27.7258    1453.71    1453.72    -0.3122  1029.6574    34.6781 0.0000e+00
      20703 326.525724  -62.21706  -58.33796     -0.622    1449.76    404.000    399.728    -0.3089    -0.3071     0.0018    -0.3234    -0.3216     0.0018   2.858861   2.859456   0.000595    34.5096    34.5155     5.8388     5.5942    -0.2446    27.7266    27.7313    34.5082    27.7255    1453.64    1453.65    -0.3232  1029.6525    34.6770 0.0000e+00
      20736 326.525740  -62.21706  -58.33796     -0.704    1449.76    403.000    398.743    -0.3044    -0.3054    -0.0011    -0.3189    -0.3199    -0.0011   2.859376   2.859690   0.000330    34.5105    34.5161     5.8425     5.6030    -0.2395    27.7271    27.7317    34.5106    27.7272    1453.64    1453.65    -0.3187  1029.6494    34.6794 0.0000e+00
      20770 326.525757  -62.21706  -58.33796     -0.724    1449.76    402.000    397.754    -0.2922    -0.2941    -0.0019    -0.3067    -0.3086    -0.0019   2.860399   2.860735   0.000283    34.5108    34.5167     5.8500     5.6119    -0.2381    27.7268    27.7317    34.5110    27.7270    1453.69    1453.69    -0.3065  1029.6443    34.6798 0.0000e+00
      20809 326.525775  -62.21706  -58.33796     -0.638    1449.76    401.000    396.766    -0.2845    -0.2802     0.0043    -0.2990    -0.2947     0.0043   2.861106   2.861841   0.000760    34.5114    34.5167     5.8550     5.6192    -0.2358    27.7269    27.7310    34.5124    27.7277    1453.71    1453.73    -0.2988  1029.6402    34.6813 0.0000e+00
      20849 326.525795  -62.21706  -58.33796     -0.586    1449.76    400.000    395.777    -0.2696    -0.2716    -0.0020    -0.2841    -0.2861    -0.0020   2.862363   2.862638   0.000266    34.5120    34.5178     5.8463     5.6129    -0.2334    27.7267    27.7315    34.5129    27.7274    1453.76    1453.76    -0.2839  1029.6349    34.6818 0.0000e+00
      20886 326.525813  -62.21706  -58.33796     -0.641    1449.76    399.000    394.789    -0.2607    -0.2622    -0.0014    -0.2752    -0.2767    -0.0014   2.863166   2.863358   0.000225    34.5130    34.5176     5.8359     5.6006    -0.2353    27.7270    27.7308    34.5142    27.7280    1453.79    1453.79    -0.2750  1029.6307    34.6831 0.0000e+00
      20920 326.525829  -62.21706  -58.33796     -0.695    1449.76    398.000    393.800    -0.2577    -0.2586    -0.0010    -0.2721    -0.2731    -0.0010   2.863438   2.863759   0.000316    34.5131    34.5184     5.8268     5.5970    -0.2298    27.7269    27.7313    34.5150    27.7285    1453.79    1453.79    -0.2719  1029.6264    34.6838 0.0000e+00
      20956 326.525846  -62.21706  -58.33796     -0.686    1449.76    397.000    392.812    -0.2320    -0.2375    -0.0055    -0.2466    -0.2520    -0.0054   2.865598   2.865505  -0.000077    34.5137    34.5189     5.8143     5.5800    -0.2343    27.7262    27.7307    34.5154    27.7276    1453.89    1453.87    -0.2463  1029.6204    34.6842 0.0000e+00
      20993 326.525864  -62.21706  -58.33796     -0.644    1449.76    396.000    391.823    -0.2312    -0.2323    -0.0011    -0.2457    -0.2468    -0.0011   2.865568   2.865893   0.000345    34.5136    34.5194     5.8131     5.5810    -0.2321    27.7260    27.7308    34.5147    27.7269    1453.87    1453.88    -0.2455  1029.6150    34.6835 0.0000e+00
      21034 326.525884  -62.21706  -58.33796     -0.597    1449.76    395.000    390.838    -0.2310    -0.2347    -0.0037    -0.2455    -0.2491    -0.0037   2.865543   2.865679   0.000111    34.5139    34.5195     5.7966     5.5711    -0.2255    27.7263    27.7310    34.5147    27.7270    1453.86    1453.85    -0.2452  1029.6103    34.6836 0.0000e+00
      21072 326.525902  -62.21706  -58.33795     -0.618    1449.76    394.000    389.842    -0.2316    -0.2313     0.0003    -0.2460    -0.2457     0.0003   2.865440   2.865881   0.000430    34.5139    34.5192     5.7849     5.5614    -0.2235    27.7263    27.7306    34.5145    27.7268    1453.84    1453.85    -0.2458  1029.6055    34.6834 0.0000e+00
      21107 326.525919  -62.21706  -58.33796     -0.671    1449.76    393.000    388.858    -0.2295    -0.2290     0.0005    -0.2439    -0.2434     0.0005   2.865593   2.866041   0.000458    34.5141    34.5196     5.7873     5.5629    -0.2245    27.7264    27.7308    34.5149    27.7270    1453.83    1453.84    -0.2437  1029.6009    34.6837 0.0000e+00
      21142 326.525936  -62.21706  -58.33796     -0.691    1449.76    392.000    387.869    -0.2277    -0.2300    -0.0024    -0.2420    -0.2444    -0.0024   2.865677   2.865884   0.000213    34.5140    34.5195     5.7900     5.5614    -0.2286    27.7263    27.7308    34.5146    27.7267    1453.83    1453.82    -0.2418  1029.5958    34.6834 0.0000e+00
      21178 326.525953  -62.21706  -58.33796     -0.681    1449.76    391.000    386.881    -0.2270    -0.2260     0.0010    -0.2413    -0.2403     0.0010   2.865707   2.866236   0.000508    34.5142    34.5199     5.7882     5.5564    -0.2317    27.7264    27.7309    34.5148    27.7268    1453.81    1453.83    -0.2411  1029.5912    34.6836 0.0000e+00
