Pos-Processados/process_op38/operantar38_017.ros
* Sea-Bird SBE 9 Data File:
* FileName = D:\OPERANTAR_XXXVIII\DADOS\OP38_017.hdr
* Software Version Seasave V 7.18c
* Temperature SN = 4808
* Conductivity SN = 3380
* Number of Bytes Per Scan = 34
* Number of Voltage Words = 3
* Number of Scans Averaged by the Deck Unit = 1
* NMEA Latitude = 62 16.17 S
* NMEA Longitude = 058 26.27 W
* NMEA UTC (Time) = Nov 05 2019 14:37:33
** H41
** NAVIO POLAR ALMIRANTE MAXIMIANO
** CRUZEIRO:
** OPERANTAR XXXVIII
** ESTAÇÃO: OP38_017
** LAT 62 16,18' S
** LONG 058 26,25' W
** 09P73767-1155_A
** PROFUNDIDADE: 110
** DATA/HORA: 051438Z/NOV/2019
** OPERADOR: SO-HN CHAVES
# nquan = 26
# nvalues = 1943                                  
# units = specified
# name 0 = scan: Scan Count
# name 1 = timeJ: Julian Days
# name 2 = latitude: Latitude [deg]
# name 3 = longitude: Longitude [deg]
# name 4 = dz/dtM: Descent Rate [m/s]
# name 5 = avgsvCM: Average Sound Velocity [Chen-Millero, m/s]
# name 6 = prDM: Pressure, Digiquartz [db]
# name 7 = depSM: Depth [salt water, m]
# name 8 = t090C: Temperature [ITS-90, deg C]
# name 9 = t190C: Temperature, 2 [ITS-90, deg C]
# name 10 = T2-T190C: Temperature Difference, 2 - 1 [ITS-90, deg C]
# name 11 = potemp090C: Potential Temperature [ITS-90, deg C]
# name 12 = potemp190C: Potential Temperature, 2 [ITS-90, deg C]
# name 13 = potemp90Cdiff: Potential Temperature, Diff, 2 - 1 [ITS-90, deg C]
# name 14 = c0S/m: Conductivity [S/m]
# name 15 = c1S/m: Conductivity, 2 [S/m]
# name 16 = C2-C1S/m: Conductivity Difference, 2 - 1 [S/m]
# name 17 = sal00: Salinity, Practical [PSU]
# name 18 = sal11: Salinity, Practical, 2 [PSU]
# name 19 = sbeox0ML/L: Oxygen, SBE 43 [ml/l]
# name 20 = sbeox1ML/L: Oxygen, SBE 43, 2 [ml/l]
# name 21 = sbeox0ML/Ldiff: Oxygen, SBE 43, Diff, 2 - 1 [ml/l]
# name 22 = sigma-é00: Density [sigma-theta, kg/m^3]
# name 23 = sigma-é11: Density, 2 [sigma-theta, kg/m^3]
# name 24 = nbf: Bottles Fired
# name 25 = flag:  0.000e+00
# interval = seconds: 0.0416667
# start_time = Nov 05 2019 14:37:33 [NMEA time, header]
# bad_flag = -9.990e-29
*END*
[from data line 1283]
      16297 309.617269  -62.26954  -58.43786     -0.012    1444.65     19.200     19.014    -0.8835    -0.8827     0.0008    -0.8840    -0.8832     0.0008   2.769553   2.770001   0.000448    34.1923    34.1975     7.4968     7.1601    -0.3367    27.4943    27.4985          9  0.000e+00
      16298 309.617269  -62.26954  -58.43786     -0.010    1444.65     19.248     19.062    -0.8834    -0.8829     0.0005    -0.8839    -0.8835     0.0005   2.769553   2.770001   0.000448    34.1922    34.1977     7.4968     7.1660    -0.3309    27.4942    27.4987          9  0.000e+00
      16299 309.617269  -62.26954  -58.43786     -0.011    1444.65     19.220     19.035    -0.8833    -0.8833    -0.0001    -0.8838    -0.8838    -0.0001   2.769559   2.769995   0.000437    34.1921    34.1981     7.4968     7.1600    -0.3368    27.4941    27.4990          9  0.000e+00
      16300 309.617270  -62.26954  -58.43786     -0.014    1444.65     19.200     19.014    -0.8835    -0.8828     0.0007    -0.8840    -0.8833     0.0007   2.769559   2.769972   0.000414    34.1924    34.1972     7.4968     7.1657    -0.3311    27.4944    27.4982          9  0.000e+00
      16301 309.617270  -62.26954  -58.43786     -0.015    1444.65     19.200     19.014    -0.8835    -0.8832     0.0004    -0.8841    -0.8837     0.0004   2.769559   2.770001   0.000442    34.1924    34.1980     7.4968     7.1609    -0.3359    27.4944    27.4989          9  0.000e+00
      16302 309.617271  -62.26954  -58.43786     -0.013    1444.65     19.268     19.082    -0.8835    -0.8830     0.0005    -0.8840    -0.8836     0.0005   2.769559   2.769978   0.000419    34.1923    34.1975     7.4917     7.1668    -0.3249    27.4943    27.4985          9  0.000e+00
      16303 309.617271  -62.26954  -58.43786     -0.014    1444.65     19.200     19.014    -0.8833    -0.8833    -0.0000    -0.8838    -0.8838    -0.0000   2.769600   2.769972   0.000372    34.1927    34.1977     7.4960     7.1620    -0.3340    27.4946    27.4987          9  0.000e+00
      16304 309.617272  -62.26954  -58.43786     -0.017    1444.65     19.200     19.014    -0.8836    -0.8829     0.0007    -0.8841    -0.8834     0.0007   2.769577   2.769989   0.000413    34.1927    34.1975     7.4961     7.1678    -0.3283    27.4947    27.4985          9  0.000e+00
      16305 309.617272  -62.26954  -58.43786     -0.017    1444.65     19.220     19.035    -0.8834    -0.8831     0.0003    -0.8839    -0.8836     0.0003   2.769577   2.769995   0.000419    34.1925    34.1978     7.4961     7.1619    -0.3342    27.4945    27.4988          9  0.000e+00
      16306 309.617273  -62.26954  -58.43786     -0.018    1444.65     19.200     19.014    -0.8833    -0.8830     0.0003    -0.8838    -0.8835     0.0003   2.769582   2.769995   0.000413    34.1925    34.1978     7.4909     7.1678    -0.3231    27.4945    27.4987          9  0.000e+00
      16307 309.617273  -62.26954  -58.43786     -0.021    1444.65     19.200     19.014    -0.8830    -0.8829     0.0000    -0.8835    -0.8835     0.0000   2.769582   2.769978   0.000396    34.1921    34.1975     7.4953     7.1630    -0.3323    27.4941    27.4985          9  0.000e+00
      16308 309.617274  -62.26954  -58.43786     -0.018    1444.65     19.220     19.035    -0.8831    -0.8832    -0.0000    -0.8837    -0.8837    -0.0000   2.769582   2.770007   0.000424    34.1923    34.1981     7.4902     7.1619    -0.3283    27.4943    27.4990          9  0.000e+00
      16309 309.617274  -62.26954  -58.43786     -0.021    1444.65     19.200     19.014    -0.8831    -0.8829     0.0001    -0.8836    -0.8835     0.0001   2.769541   2.770018   0.000478    34.1917    34.1980     7.4947     7.1619    -0.3328    27.4938    27.4989          9  0.000e+00
      16310 309.617275  -62.26954  -58.43786     -0.021    1444.65     19.200     19.014    -0.8831    -0.8827     0.0004    -0.8837    -0.8832     0.0004   2.769553   2.770035   0.000483    34.1919    34.1980     7.4896     7.1619    -0.3277    27.4940    27.4989          9  0.000e+00
      16311 309.617275  -62.26954  -58.43786     -0.020    1444.65     19.220     19.035    -0.8833    -0.8822     0.0011    -0.8838    -0.8827     0.0011   2.769559   2.770081   0.000523    34.1921    34.1980     7.4882     7.1667    -0.3215    27.4941    27.4989          9  0.000e+00
      16312 309.617276  -62.26954  -58.43786     -0.021    1444.65     19.200     19.014    -0.8833    -0.8823     0.0011    -0.8838    -0.8828     0.0011   2.769559   2.770104   0.000546    34.1922    34.1984     7.4867     7.1620    -0.3247    27.4942    27.4992          9  0.000e+00
      16313 309.617276  -62.26954  -58.43786     -0.023    1444.65     19.200     19.014    -0.8833    -0.8820     0.0012    -0.8838    -0.8825     0.0012   2.769559   2.770076   0.000517    34.1921    34.1977     7.4861     7.1668    -0.3192    27.4941    27.4986          9  0.000e+00
      16314 309.617277  -62.26954  -58.43786     -0.023    1444.65     19.200     19.014    -0.8833    -0.8820     0.0014    -0.8838    -0.8825     0.0014   2.769541   2.770087   0.000546    34.1919    34.1978     7.4907     7.1622    -0.3285    27.4940    27.4987          9  0.000e+00
      16315 309.617277  -62.26954  -58.43786     -0.022    1444.65     19.220     19.035    -0.8831    -0.8820     0.0011    -0.8836    -0.8825     0.0011   2.769571   2.770099   0.000528    34.1921    34.1980     7.4856     7.1611    -0.3244    27.4941    27.4989          9  0.000e+00
      16316 309.617278  -62.26954  -58.43786     -0.024    1444.65     19.200     19.014    -0.8830    -0.8818     0.0012    -0.8835    -0.8823     0.0012   2.769565   2.770104   0.000540    34.1919    34.1979     7.4850     7.1612    -0.3238    27.4940    27.4987          9  0.000e+00
      16317 309.617278  -62.26954  -58.43786     -0.021    1444.65     19.200     19.014    -0.8833    -0.8809     0.0023    -0.8838    -0.8814     0.0023   2.769577   2.770122   0.000545    34.1923    34.1971     7.4844     7.1672    -0.3173    27.4943    27.4981          9  0.000e+00
      16318 309.617279  -62.26954  -58.43786     -0.023    1444.65     19.220     19.035    -0.8833    -0.8815     0.0018    -0.8838    -0.8820     0.0018   2.769565   2.770081   0.000517    34.1922    34.1972     7.4840     7.1674    -0.3165    27.4942    27.4982          9  0.000e+00
      16319 309.617279  -62.26954  -58.43786     -0.024    1444.65     19.152     18.967    -0.8831    -0.8818     0.0013    -0.8836    -0.8823     0.0013   2.769541   2.770053   0.000512    34.1917    34.1972     7.4834     7.1675    -0.3158    27.4938    27.4982          9  0.000e+00
      16320 309.617280  -62.26954  -58.43786     -0.024    1444.65     19.200     19.014    -0.8831    -0.8817     0.0014    -0.8836    -0.8822     0.0014   2.769553   2.770030   0.000477    34.1918    34.1967     7.4830     7.1676    -0.3153    27.4939    27.4978          9  0.000e+00
      16321 309.617280  -62.26954  -58.43786     -0.025    1444.65     19.220     19.035    -0.8829    -0.8815     0.0014    -0.8834    -0.8820     0.0014   2.769577   2.770041   0.000465    34.1919    34.1966     7.4825     7.1688    -0.3137    27.4939    27.4977          9  0.000e+00
      16322 309.617281  -62.26954  -58.43786     -0.025    1444.65     19.200     19.014    -0.8833    -0.8816     0.0017    -0.8838    -0.8821     0.0017   2.769565   2.770081   0.000517    34.1922    34.1973     7.4874     7.1688    -0.3186    27.4942    27.4983          9  0.000e+00
      16323 309.617281  -62.26954  -58.43786     -0.023    1444.65     19.200     19.014    -0.8833    -0.8824     0.0009    -0.8838    -0.8829     0.0009   2.769577   2.770099   0.000522    34.1924    34.1985     7.4878     7.1689    -0.3189    27.4944    27.4993          9  0.000e+00
      16324 309.617282  -62.26954  -58.43786     -0.025    1444.65     19.165     18.980    -0.8833    -0.8819     0.0014    -0.8838    -0.8824     0.0014   2.769582   2.770076   0.000493    34.1925    34.1976     7.4881     7.1687    -0.3194    27.4944    27.4985          9  0.000e+00
      16325 309.617282  -62.26954  -58.43786     -0.024    1444.65     19.200     19.014    -0.8831    -0.8823     0.0009    -0.8837    -0.8828     0.0009   2.769547   2.770076   0.000529    34.1918    34.1980     7.4833     7.1686    -0.3147    27.4939    27.4989          9  0.000e+00
      16326 309.617283  -62.26954  -58.43786     -0.024    1444.65     19.200     19.014    -0.8833    -0.8819     0.0014    -0.8838    -0.8824     0.0014   2.769553   2.770093   0.000540    34.1920    34.1978     7.4830     7.1624    -0.3205    27.4941    27.4987          9  0.000e+00
      16327 309.617283  -62.26954  -58.43786     -0.025    1444.65     19.165     18.980    -0.8830    -0.8824     0.0006    -0.8835    -0.8829     0.0006   2.769559   2.770116   0.000557    34.1919    34.1987     7.4826     7.1682    -0.3143    27.4939    27.4995          9  0.000e+00
      16328 309.617283  -62.26954  -58.43786     -0.024    1444.65     19.247     19.062    -0.8833    -0.8825     0.0008    -0.8838    -0.8830     0.0008   2.769577   2.770127   0.000551    34.1923    34.1989     7.4876     7.1681    -0.3195    27.4943    27.4996          9  0.000e+00
      16329 309.617284  -62.26954  -58.43786     -0.025    1444.65     19.152     18.967    -0.8830    -0.8827     0.0003    -0.8835    -0.8832     0.0003   2.769606   2.770127   0.000521    34.1925    34.1993     7.4879     7.1691    -0.3189    27.4945    27.4999          9  0.000e+00
      16330 309.617284  -62.26954  -58.43786     -0.026    1444.65     19.152     18.967    -0.8833    -0.8819     0.0014    -0.8838    -0.8824     0.0014   2.769594   2.770104   0.000510    34.1926    34.1980     7.4893     7.1699    -0.3194    27.4946    27.4988          9  0.000e+00
      16331 309.617285  -62.26954  -58.43786     -0.020    1444.65     19.268     19.082    -0.8831    -0.8827     0.0004    -0.8837    -0.8832     0.0004   2.769565   2.770076   0.000511    34.1920    34.1985     7.4847     7.1711    -0.3136    27.4941    27.4993          9  0.000e+00
      16332 309.617285  -62.26954  -58.43786     -0.023    1444.65     19.152     18.967    -0.8833    -0.8824     0.0009    -0.8838    -0.8829     0.0009   2.769576   2.770087   0.000511    34.1924    34.1984     7.4852     7.1707    -0.3145    27.4944    27.4992          9  0.000e+00
      16333 309.617286  -62.26954  -58.43786     -0.021    1444.65     19.200     19.014    -0.8830    -0.8826     0.0004    -0.8835    -0.8832     0.0004   2.769606   2.770047   0.000441    34.1925    34.1980     7.4850     7.1718    -0.3133    27.4944    27.4989          9  0.000e+00
      16334 309.617286  -62.26954  -58.43786     -0.021    1444.65     19.220     19.035    -0.8831    -0.8820     0.0011    -0.8836    -0.8825     0.0011   2.769594   2.770081   0.000487    34.1924    34.1977     7.4901     7.1655    -0.3247    27.4944    27.4986          9  0.000e+00
      16335 309.617287  -62.26954  -58.43786     -0.021    1444.65     19.200     19.014    -0.8830    -0.8825     0.0005    -0.8835    -0.8830     0.0005   2.769606   2.770099   0.000492    34.1925    34.1986     7.4856     7.1700    -0.3156    27.4944    27.4994          9  0.000e+00
      16336 309.617287  -62.26954  -58.43786     -0.019    1444.65     19.200     19.014    -0.8831    -0.8825     0.0005    -0.8836    -0.8831     0.0005   2.769594   2.770076   0.000481    34.1924    34.1983     7.4907     7.1637    -0.3269    27.4944    27.4992          9  0.000e+00
      16337 309.617288  -62.26954  -58.43786     -0.019    1444.65     19.165     18.980    -0.8833    -0.8822     0.0011    -0.8838    -0.8827     0.0011   2.769582   2.770053   0.000470    34.1925    34.1976     7.4862     7.1622    -0.3240    27.4945    27.4986          9  0.000e+00
      16338 309.617288  -62.26954  -58.43786     -0.019    1444.65     19.200     19.014    -0.8831    -0.8824     0.0007    -0.8836    -0.8829     0.0007   2.769565   2.770024   0.000459    34.1920    34.1975     7.4861     7.1666    -0.3195    27.4940    27.4985          9  0.000e+00
      16339 309.617289  -62.26954  -58.43786     -0.017    1444.65     19.200     19.014    -0.8831    -0.8828     0.0003    -0.8836    -0.8833     0.0003   2.769577   2.770035   0.000459    34.1922    34.1980     7.4913     7.1675    -0.3238    27.4942    27.4989          9  0.000e+00
      16340 309.617289  -62.26954  -58.43784     -0.013    1444.65     19.220     19.035    -0.8833    -0.8830     0.0003    -0.8838    -0.8835     0.0003   2.769582   2.770024   0.000441    34.1925    34.1982     7.4869     7.1625    -0.3244    27.4944    27.4990          9  0.000e+00
      16341 309.617290  -62.26954  -58.43784     -0.023    1444.65     19.152     18.967    -0.8833    -0.8826     0.0006    -0.8838    -0.8831     0.0006   2.769565   2.770001   0.000436    34.1922    34.1974     7.4920     7.1680    -0.3240    27.4942    27.4984          9  0.000e+00
      16342 309.617290  -62.26954  -58.43784     -0.016    1444.65     19.200     19.014    -0.8833    -0.8827     0.0006    -0.8838    -0.8832     0.0006   2.769559   2.769995   0.000437    34.1922    34.1974     7.4929     7.1689    -0.3239    27.4942    27.4984          9  0.000e+00
      16343 309.617291  -62.26954  -58.43784     -0.018    1444.65     19.165     18.980    -0.8833    -0.8833    -0.0000    -0.8838    -0.8838    -0.0000   2.769576   2.770012   0.000436    34.1924    34.1983     7.4884     7.1699    -0.3185    27.4944    27.4992          9  0.000e+00
      16344 309.617291  -62.26954  -58.43784     -0.016    1444.65     19.200     19.014    -0.8835    -0.8829     0.0006    -0.8840    -0.8834     0.0006   2.769547   2.770018   0.000472    34.1922    34.1979     7.4885     7.1707    -0.3178    27.4942    27.4988          9  0.000e+00
      16345 309.617292  -62.26954  -58.43784     -0.012    1444.65     19.248     19.062    -0.8834    -0.8828     0.0007    -0.8839    -0.8833     0.0007   2.769535   2.770001   0.000466    34.1919    34.1975     7.4886     7.1657    -0.3229    27.4940    27.4985          9  0.000e+00
      16346 309.617292  -62.26954  -58.43784     -0.014    1444.65     19.165     18.980    -0.8838    -0.8829     0.0009    -0.8843    -0.8834     0.0009   2.769493   2.769961   0.000468    34.1918    34.1972     7.4939     7.1642    -0.3297    27.4939    27.4982          9  0.000e+00
      16347 309.617293  -62.26954  -58.43784     -0.011    1444.65     19.200     19.014    -0.8839    -0.8831     0.0008    -0.8844    -0.8836     0.0008   2.769517   2.769984   0.000467    34.1923    34.1977     7.4949     7.1699    -0.3249    27.4943    27.4987          9  0.000e+00
      16348 309.617293  -62.26954  -58.43784     -0.010    1444.65     19.200     19.014    -0.8838    -0.8835     0.0003    -0.8843    -0.8840     0.0003   2.769511   2.769972   0.000462    34.1921    34.1980     7.4957     7.1697    -0.3260    27.4941    27.4989          9  0.000e+00
      16349 309.617294  -62.26954  -58.43784     -0.010    1444.65     19.200     19.014    -0.8839    -0.8829     0.0010    -0.8844    -0.8834     0.0010   2.769487   2.769967   0.000480    34.1919    34.1972     7.4966     7.1705    -0.3261    27.4940    27.4983          9  0.000e+00
      16350 309.617294  -62.26954  -58.43784     -0.009    1444.65     19.220     19.035    -0.8839    -0.8837     0.0002    -0.8844    -0.8842     0.0002   2.769517   2.769972   0.000456    34.1923    34.1982     7.4923     7.1703    -0.3220    27.4943    27.4991          9  0.000e+00
