Pos-Processados/process_op38/operantar38_003b.ros
* Sea-Bird SBE 9 Data File:
* FileName = D:\OPERANTAR_XXXVIII\DADOS\OP38_003b.hdr
* Software Version Seasave V 7.12
* Temperature SN = 4808
* Conductivity SN = 3380
* Number of Bytes Per Scan = 31
* Number of Voltage Words = 2
* Number of Scans Averaged by the Deck Unit = 1
* NMEA Latitude = 39 32.86 S
* NMEA Longitude = 054 23.47 W
* NMEA UTC (Time) = Jan 17 2019 09:51:02
** H41
** NAVIO POLAR ALMIRANTE MAXIMIANO
** CRUZEIRO:
** OPERANTAR XXXVIII
** ESTAÇÃO: OP38_003b
** LAT 39º 32,86'S
** LONG 054º 23,47'W
** 09P73767-1155
** PROFUNDIDADE: 2920 m
** DATA/HORA: 170950Z/OUT/2019
** OPERADOR: SO-HN CHAVES
# nquan = 27
# nvalues = 1649                                  
# units = specified
# name 0 = scan: Scan Count
# name 1 = timeJ: Julian Days
# name 2 = latitude: Latitude [deg]
# name 3 = longitude: Longitude [deg]
# name 4 = dz/dtM: Descent Rate [m/s]
# name 5 = avgsvCM: Average Sound Velocity [Chen-Millero, m/s]
# name 6 = prDM: Pressure, Digiquartz [db]
# name 7 = depSM: Depth [salt water, m]
# name 8 = t090C: Temperature [ITS-90, deg C]
# name 9 = t190C: Temperature, 2 [ITS-90, deg C]
# name 10 = T2-T190C: Temperature Difference, 2 - 1 [ITS-90, deg C]
# name 11 = potemp090C: Potential Temperature [ITS-90, deg C]
# name 12 = potemp190C: Potential Temperature, 2 [ITS-90, deg C]
# name 13 = potemp90Cdiff: Potential Temperature, Diff, 2 - 1 [ITS-90, deg C]
# name 14 = c0S/m: Conductivity [S/m]
# name 15 = c1S/m: Conductivity, 2 [S/m]
# name 16 = C2-C1S/m: Conductivity Difference, 2 - 1 [S/m]
# name 17 = sal00: Salinity, Practical [PSU]
# name 18 = sal11: Salinity, Practical, 2 [PSU]
# name 19 = sbeox0ML/L: Oxygen, SBE 43 [ml/l]
# name 20 = sigma-é00: Density [sigma-theta, kg/m^3]
# name 21 = sigma-é11: Density, 2 [sigma-theta, kg/m^3]
# name 22 = sbox0Mm/Kg: Oxygen, SBE 43 [umol/kg]
# name 23 = oxsolMm/Kg: Oxygen Saturation, Garcia & Gordon [umol/kg]
# name 24 = oxsatMm/Kg: Oxygen Saturation, Weiss [umol/kg]
# name 25 = nbf: Bottles Fired
# name 26 = flag:  0.000e+00
# interval = seconds: 0.0416667
# start_time = Jan 17 2019 09:51:02 [NMEA time, header]
# bad_flag = -9.990e-29
*END*
[from data line 1504]
       4090  17.412412  -39.54770  -54.39120      0.348    1474.69     35.481     35.208     5.8468     5.9451     0.0983     5.8438     5.9422     0.0983   3.343110   3.352119   0.009009    34.0808    34.0834     7.3362    26.8458    26.8356    319.070  303.40361  303.95865         10  0.000e+00
       4091  17.412412  -39.54770  -54.39120      0.343    1474.69     35.536     35.262     5.8469     5.9150     0.0681     5.8439     5.9121     0.0681   3.343411   3.349028   0.005616    34.0841    34.0788     7.3357    26.8484    26.8357    319.044  303.39549  303.95061         10  0.000e+00
       4092  17.412413  -39.54770  -54.39120      0.339    1474.69     35.529     35.255     5.8553     5.8850     0.0297     5.8524     5.8820     0.0297   3.344740   3.346277   0.001537    34.0906    34.0780     7.3292    26.8525    26.8389    318.764  303.32126  303.87553         10  0.000e+00
       4093  17.412413  -39.54770  -54.39120      0.334    1474.69     35.536     35.262     5.8630     5.8662     0.0033     5.8601     5.8633     0.0033   3.345388   3.345081  -0.000308    34.0901    34.0834     7.3271    26.8512    26.8454    318.671  303.26790  303.82124         10  0.000e+00
       4094  17.412414  -39.54770  -54.39120      0.327    1474.69     35.536     35.262     5.8622     5.8554    -0.0068     5.8593     5.8525    -0.0068   3.345106   3.344680  -0.000426    34.0877    34.0898     7.3267    26.8494    26.8519    318.655  303.27884  303.83222         10  0.000e+00
       4095  17.412414  -39.54770  -54.39120      0.318    1474.69     35.536     35.262     5.8590     5.8506    -0.0083     5.8560     5.8477    -0.0083   3.344740   3.344390  -0.000350    34.0869    34.0913     7.3268    26.8491    26.8537    318.660  303.30370  303.85744         10  0.000e+00
       4096  17.412415  -39.54770  -54.39120      0.311    1474.69     35.536     35.262     5.8571     5.8476    -0.0095     5.8541     5.8446    -0.0095   3.344605   3.344316  -0.000289    34.0873    34.0936     7.3267    26.8496    26.8558    318.656  303.31616  303.87014         10  0.000e+00
       4097  17.412415  -39.54770  -54.39120      0.305    1474.69     35.529     35.256     5.8565     5.8493    -0.0072     5.8536     5.8464    -0.0072   3.344785   3.344538  -0.000247    34.0898    34.0943     7.3264    26.8517    26.8562    318.639  303.31409  303.86820         10  0.000e+00
       4098  17.412416  -39.54770  -54.39120      0.295    1474.69     35.536     35.262     5.8579     5.8507    -0.0071     5.8549     5.8478    -0.0071   3.345273   3.344427  -0.000846    34.0940    34.0916     7.3257    26.8549    26.8539    318.608  303.29542  303.84948         10  0.000e+00
       4099  17.412416  -39.54770  -54.39120      0.290    1474.69     35.584     35.310     5.8653     5.8473    -0.0180     5.8624     5.8443    -0.0180   3.346185   3.343780  -0.002404    34.0968    34.0878     7.3199    26.8562    26.8513    318.357  303.23667  303.78991         10  0.000e+00
       4100  17.412417  -39.54770  -54.39120      0.283    1474.69     35.536     35.262     5.8758     5.8358    -0.0400     5.8729     5.8329    -0.0400   3.344284   3.342313  -0.001971    34.0647    34.0828     7.3189    26.8295    26.8488    318.324  303.23452  303.78567         10  0.000e+00
       4101  17.412417  -39.54770  -54.39120      0.272    1474.69     35.536     35.262     5.8769     5.8205    -0.0564     5.8740     5.8176    -0.0564   3.345485   3.341191  -0.004293    34.0771    34.0856     7.3178    26.8392    26.8528    318.269  303.19850  303.74983         10  0.000e+00
       4102  17.412418  -39.54770  -54.39120      0.263    1474.69     35.529     35.256     5.8760     5.8258    -0.0501     5.8730     5.8229    -0.0501   3.346223   3.341345  -0.004878    34.0865    34.0819     7.3172    26.8467    26.8493    318.243  303.18449  303.73619         10  0.000e+00
       4103  17.412418  -39.54770  -54.39120      0.255    1474.69     35.584     35.310     5.8768     5.8236    -0.0532     5.8739     5.8207    -0.0532   3.346396   3.341173  -0.005224    34.0876    34.0822     7.3164    26.8474    26.8498    318.208  303.17614  303.72776         10  0.000e+00
       4104  17.412418  -39.54770  -54.39120      0.246    1474.69     35.536     35.262     5.8712     5.8073    -0.0639     5.8683     5.8044    -0.0639   3.345697   3.339990  -0.005707    34.0853    34.0853     7.3129    26.8463    26.8543    318.054  303.22044  303.77267         10  0.000e+00
       4105  17.412419  -39.54770  -54.39120      0.236    1474.69     35.536     35.262     5.8639     5.7920    -0.0719     5.8610     5.7891    -0.0719   3.344965   3.338924  -0.006041    34.0844    34.0886     7.3139    26.8465    26.8588    318.098  303.27416  303.82724         10  0.000e+00
       4106  17.412419  -39.54770  -54.39120      0.225    1474.69     35.536     35.262     5.8632     5.7819    -0.0813     5.8603     5.7790    -0.0813   3.344971   3.338486  -0.006485    34.0852    34.0939     7.3132    26.8473    26.8642    318.069  303.27750  303.83070         10  0.000e+00
       4107  17.412420  -39.54770  -54.39120      0.216    1474.69     35.529     35.256     5.8641     5.7880    -0.0761     5.8612     5.7851    -0.0761   3.344894   3.339737  -0.005157    34.0834    34.1019     7.3125    26.8457    26.8698    318.038  303.27494  303.82797         10  0.000e+00
       4108  17.412420  -39.54770  -54.39120      0.205    1474.69     35.584     35.310     5.8596     5.8144    -0.0452     5.8567     5.8115    -0.0452   3.343925   3.341993  -0.001932    34.0770    34.1008     7.3090    26.8412    26.8656    317.889  303.32148  303.87489         10  0.000e+00
       4109  17.412421  -39.54770  -54.39120      0.197    1474.69     35.536     35.262     5.8440     5.8405    -0.0035     5.8411     5.8376    -0.0035   3.341890   3.344156   0.002266    34.0697    34.0989     7.3114    26.8374    26.8609    317.994  303.44802  304.00311         10  0.000e+00
       4110  17.412421  -39.54770  -54.39120      0.188    1474.69     35.536     35.262     5.8256     5.8552     0.0296     5.8227     5.8523     0.0296   3.339959   3.345334   0.005375    34.0665    34.0974     7.3143    26.8371    26.8579    318.120  303.58569  304.14291         10  0.000e+00
       4111  17.412422  -39.54770  -54.39120      0.175    1474.69     35.536     35.262     5.8101     5.8587     0.0486     5.8072     5.8558     0.0486   3.338785   3.345870   0.007085    34.0688    34.0999     7.3165    26.8409    26.8595    318.215  303.69010  304.24924         10  0.000e+00
       4112  17.412422  -39.54770  -54.39120      0.167    1474.69     35.536     35.263     5.7970     5.8656     0.0686     5.7941     5.8627     0.0686   3.338157   3.346290   0.008133    34.0749    34.0977     7.3183    26.8474    26.8568    318.288  303.76907  304.32995         10  0.000e+00
       4113  17.412423  -39.54770  -54.39120      0.155    1474.69     35.530     35.256     5.7891     5.8705     0.0813     5.7862     5.8675     0.0813   3.337875   3.346444   0.008569    34.0797    34.0945     7.3150    26.8521    26.8537    318.147  303.81405  304.37600         10  0.000e+00
       4114  17.412423  -39.54770  -54.39120      0.146    1474.69     35.536     35.263     5.7846     5.8714     0.0868     5.7817     5.8685     0.0868   3.337753   3.345864   0.008111    34.0829    34.0870     7.3151    26.8552    26.8477    318.150  303.83909  304.40167         10  0.000e+00
       4115  17.412424  -39.54770  -54.39120      0.135    1474.69     35.482     35.208     5.7830     5.8658     0.0828     5.7801     5.8629     0.0828   3.337753   3.344692   0.006939    34.0845    34.0795     7.3107    26.8567    26.8424    317.956  303.84659  304.40940         10  0.000e+00
       4116  17.412424  -39.54770  -54.39120      0.125    1474.69     35.536     35.263     5.7828     5.8497     0.0669     5.7799     5.8467     0.0668   3.337913   3.343003   0.005090    34.0865    34.0766     7.3099    26.8583    26.8422    317.922  303.84356  304.40645         10  0.000e+00
       4117  17.412425  -39.54770  -54.39120      0.111    1474.69     35.482     35.208     5.7838     5.8318     0.0480     5.7809     5.8289     0.0480   3.338157   3.341672   0.003515    34.0883    34.0796     7.3085    26.8596    26.8468    317.861  303.83248  304.39530         10  0.000e+00
       4118  17.412425  -39.54770  -54.39120      0.099    1474.69     35.482     35.208     5.7856     5.8279     0.0424     5.7827     5.8250     0.0423   3.338484   3.341518   0.003034    34.0902    34.0818     7.3077    26.8608    26.8489    317.823  303.81556  304.37821         10  0.000e+00
       4119  17.412426  -39.54770  -54.39120      0.086    1474.69     35.482     35.208     5.7889     5.8213     0.0324     5.7860     5.8184     0.0324   3.338863   3.341290   0.002427    34.0911    34.0859     7.3063    26.8611    26.8530    317.762  303.78978  304.35205         10  0.000e+00
       4120  17.412426  -39.54770  -54.39120      0.076    1474.69     35.482     35.208     5.7925     5.8171     0.0246     5.7896     5.8142     0.0246   3.339196   3.341086   0.001890    34.0913    34.0878     7.3050    26.8608    26.8550    317.707  303.76413  304.32598         10  0.000e+00
       4121  17.412427  -39.54770  -54.39120      0.069    1474.69     35.482     35.208     5.7953     5.8154     0.0201     5.7923     5.8125     0.0201   3.339427   3.341389   0.001961    34.0911    34.0930     7.3004    26.8604    26.8594    317.508  303.74489  304.30640         10  0.000e+00
       4122  17.412427  -39.54770  -54.39120      0.056    1474.69     35.434     35.161     5.7978     5.8205     0.0227     5.7949     5.8176     0.0227   3.339658   3.342005   0.002347    34.0912    34.0948     7.2992    26.8601    26.8602    317.455  303.72661  304.28781         10  0.000e+00
       4123  17.412428  -39.54770  -54.39120      0.045    1474.69     35.482     35.208     5.8077     5.8211     0.0135     5.8048     5.8182     0.0135   3.341371   3.341962   0.000591    34.1006    34.0937     7.2964    26.8663    26.8592    317.333  303.63565  304.19591         10  0.000e+00
       4124  17.412428  -39.54772  -54.39120      0.031    1474.69     35.434     35.161     5.8339     5.8189    -0.0151     5.8310     5.8160    -0.0150   3.344451   3.341894  -0.002558    34.1089    34.0952     7.2866    26.8697    26.8607    316.904  303.43091  303.98823         10  0.000e+00
       4125  17.412429  -39.54772  -54.39120      0.019    1474.69     35.434     35.161     5.8583     5.8311    -0.0272     5.8554     5.8282    -0.0272   3.346769   3.343756  -0.003013    34.1105    34.1039     7.2813    26.8679    26.8660    316.676  303.25499  303.80942         10  0.000e+00
       4126  17.412429  -39.54772  -54.39120      0.008    1474.69     35.434     35.161     5.8758     5.8629    -0.0129     5.8729     5.8600    -0.0129   3.347847   3.346740  -0.001108    34.1051    34.1056     7.2779    26.8614    26.8634    316.530  303.14385  303.69605         10  0.000e+00
       4127  17.412430  -39.54772  -54.39120     -0.003    1474.69     35.386     35.113     5.8910     5.8854    -0.0055     5.8880     5.8825    -0.0055   3.348727   3.348682  -0.000045    34.0997    34.1048     7.2751    26.8553    26.8600    316.409  303.04882  303.59906         10  0.000e+00
       4128  17.412430  -39.54772  -54.39120     -0.015    1474.69     35.427     35.154     5.9028     5.8972    -0.0056     5.8999     5.8942    -0.0056   3.349472   3.349540   0.000068    34.0962    34.1026     7.2685    26.8510    26.8568    316.122  302.97339  303.52213         10  0.000e+00
       4129  17.412431  -39.54772  -54.39120     -0.026    1474.69     35.331     35.059     5.9112     5.9071    -0.0041     5.9083     5.9042    -0.0041   3.349825   3.350039   0.000214    34.0917    34.0983     7.2667    26.8464    26.8521    316.048  302.92404  303.47166         10  0.000e+00
       4130  17.412431  -39.54772  -54.39120     -0.040    1474.69     35.386     35.113     5.9164     5.9137    -0.0028     5.9135     5.9107    -0.0028   3.349928   3.350718   0.000790    34.0876    34.0993     7.2613    26.8425    26.8521    315.813  302.89649  303.44338         10  0.000e+00
       4131  17.412432  -39.54772  -54.39120     -0.048    1474.69     35.386     35.113     5.9206     5.9208     0.0002     5.9177     5.9179     0.0002   3.350121   3.350866   0.000746    34.0856    34.0938     7.2598    26.8404    26.8469    315.748  302.87160  303.41793         10  0.000e+00
       4132  17.412432  -39.54772  -54.39120     -0.065    1474.69     35.283     35.011     5.9237     5.9193    -0.0044     5.9208     5.9164    -0.0044   3.350390   3.350280  -0.000110    34.0855    34.0887     7.2539    26.8400    26.8430    315.491  302.84989  303.39586         10  0.000e+00
       4133  17.412432  -39.54772  -54.39120     -0.075    1474.69     35.331     35.059     5.9269     5.9169    -0.0100     5.9240     5.9140    -0.0100   3.350711   3.349947  -0.000765    34.0859    34.0873     7.2525    26.8398    26.8422    315.429  302.82631  303.37190         10  0.000e+00
       4134  17.412433  -39.54772  -54.39120     -0.085    1474.69     35.379     35.107     5.9298     5.9168    -0.0130     5.9268     5.9139    -0.0130   3.350885   3.349953  -0.000932    34.0850    34.0875     7.2514    26.8388    26.8424    315.383  302.80847  303.35370         10  0.000e+00
       4135  17.412433  -39.54772  -54.39120     -0.095    1474.69     35.283     35.011     5.9309     5.9138    -0.0171     5.9280     5.9109    -0.0171   3.350801   3.349466  -0.001336    34.0829    34.0850     7.2462    26.8370    26.8408    315.156  302.80498  303.35002         10  0.000e+00
       4136  17.412434  -39.54772  -54.39120     -0.110    1474.69     35.235     34.964     5.9305     5.9074    -0.0230     5.9276     5.9045    -0.0230   3.350660   3.349003  -0.001657    34.0818    34.0863     7.2451    26.8361    26.8426    315.111  302.81050  303.35557         10  0.000e+00
       4137  17.412434  -39.54772  -54.39120     -0.122    1474.69     35.283     35.011     5.9296     5.9064    -0.0232     5.9267     5.9035    -0.0232   3.350615   3.349095  -0.001520    34.0821    34.0883     7.2403    26.8365    26.8444    314.901  302.81595  303.36113         10  0.000e+00
       4138  17.412435  -39.54772  -54.39120     -0.129    1474.69     35.283     35.011     5.9287     5.9076    -0.0211     5.9258     5.9047    -0.0211   3.350615   3.349244  -0.001372    34.0830    34.0888     7.2393    26.8374    26.8446    314.857  302.82020  303.36550         10  0.000e+00
       4139  17.412435  -39.54772  -54.39120     -0.140    1474.69     35.277     35.005     5.9283     5.9092    -0.0191     5.9254     5.9063    -0.0191   3.350589   3.349546  -0.001044    34.0831    34.0906     7.2385    26.8375    26.8458    314.823  302.82259  303.36794         10  0.000e+00
       4140  17.412436  -39.54772  -54.39120     -0.153    1474.69     35.181     34.910     5.9279     5.9130    -0.0148     5.9250     5.9101    -0.0148   3.350557   3.350027  -0.000530    34.0833    34.0922     7.2379    26.8377    26.8466    314.797  302.82554  303.37096         10  0.000e+00
       4141  17.412436  -39.54772  -54.39120     -0.165    1474.69     35.181     34.910     5.9266     5.9197    -0.0069     5.9237     5.9168    -0.0069   3.350429   3.350860   0.000431    34.0831    34.0949     7.2332    26.8377    26.8479    314.591  302.83505  303.38061         10  0.000e+00
       4142  17.412437  -39.54772  -54.39120     -0.176    1474.69     35.181     34.910     5.9254     5.9272     0.0018     5.9225     5.9243     0.0018   3.350236   3.351545   0.001309    34.0821    34.0951     7.2324    26.8371    26.8471    314.557  302.84543  303.39111         10  0.000e+00
