Pos-Processados/process_op38/operantar38_022.ros
* Sea-Bird SBE 9 Data File:
* FileName = D:\OPERANTAR_XXXVIII\DADOS\OP38_022.hdr
* Software Version Seasave V 7.18c
* Temperature SN = 4808
* Conductivity SN = 3380
* Number of Bytes Per Scan = 34
* Number of Voltage Words = 3
* Number of Scans Averaged by the Deck Unit = 1
* NMEA Latitude = 62 12.34 S
* NMEA Longitude = 058 18.00 W
* NMEA UTC (Time) = Nov 22 2019 17:26:52
** H41
** NAVIO POLAR ALMIRANTE MAXIMIANO
** CRUZEIRO:
** OPERANTAR XXXVIII
** ESTAÇÃO: OP38_022
** LAT 62 12,33'S
** LONG 058 18,01'W
** 09P73767-1155_A
** PROFUNDIDADE: 200
** DATA/HORA: 221727Z/NOV/2019
** OPERADOR: SO-HN CHAVES
# nquan = 27
# nvalues = 1406                                  
# units = specified
# name 0 = scan: Scan Count
# name 1 = timeJ: Julian Days
# name 2 = latitude: Latitude [deg]
# name 3 = longitude: Longitude [deg]
# name 4 = dz/dtM: Descent Rate [m/s]
# name 5 = avgsvCM: Average Sound Velocity [Chen-Millero, m/s]
# name 6 = prDM: Pressure, Digiquartz [db]
# name 7 = depSM: Depth [salt water, m]
# name 8 = t090C: Temperature [ITS-90, deg C]
# name 9 = t190C: Temperature, 2 [ITS-90, deg C]
# name 10 = T2-T190C: Temperature Difference, 2 - 1 [ITS-90, deg C]
# name 11 = potemp090C: Potential Temperature [ITS-90, deg C]
# name 12 = potemp190C: Potential Temperature, 2 [ITS-90, deg C]
# name 13 = potemp90Cdiff: Potential Temperature, Diff, 2 - 1 [ITS-90, deg C]
# name 14 = c0S/m: Conductivity [S/m]
# name 15 = c1S/m: Conductivity, 2 [S/m]
# name 16 = C2-C1S/m: Conductivity Difference, 2 - 1 [S/m]
# name 17 = sal00: Salinity, Practical [PSU]
# name 18 = sal11: Salinity, Practical, 2 [PSU]
# name 19 = sbeox0ML/L: Oxygen, SBE 43 [ml/l]
# name 20 = sigma-é00: Density [sigma-theta, kg/m^3]
# name 21 = sigma-é11: Density, 2 [sigma-theta, kg/m^3]
# name 22 = sbox0Mm/Kg: Oxygen, SBE 43 [umol/kg]
# name 23 = oxsolMm/Kg: Oxygen Saturation, Garcia & Gordon [umol/kg]
# name 24 = oxsatMm/Kg: Oxygen Saturation, Weiss [umol/kg]
# name 25 = nbf: Bottles Fired
# name 26 = flag:  0.000e+00
# interval = seconds: 0.0416667
# start_time = Nov 22 2019 17:26:52 [NMEA time, header]
# bad_flag = -9.990e-29
*END*
[from data line 215]
      23198 326.738178  -62.20580  -58.30020     -0.083    1447.10      3.781      3.744    -0.1615    -0.1639    -0.0025    -0.1616    -0.1640    -0.0025   2.824715   2.824903   0.000189    34.1298    34.1351     7.7056    27.4119    27.4162    334.950  351.80054  353.30579          2  0.000e+00
      23199 326.738178  -62.20580  -58.30020     -0.084    1447.10      3.733      3.697    -0.1616    -0.1631    -0.0015    -0.1618    -0.1632    -0.0015   2.824745   2.824909   0.000165    34.1305    34.1343     7.7057    27.4124    27.4156    334.956  351.80041  353.30573          2  0.000e+00
      23200 326.738179  -62.20580  -58.30020     -0.087    1447.10      3.685      3.649    -0.1617    -0.1640    -0.0022    -0.1619    -0.1641    -0.0022   2.824751   2.824927   0.000176    34.1307    34.1355     7.7059    27.4126    27.4166    334.963  351.80082  353.30618          2  0.000e+00
      23201 326.738179  -62.20580  -58.30020     -0.080    1447.10      3.781      3.744    -0.1616    -0.1631    -0.0015    -0.1618    -0.1633    -0.0015   2.824751   2.824996   0.000245    34.1305    34.1355     7.7011    27.4124    27.4165    334.755  351.80027  353.30560          2  0.000e+00
      23202 326.738179  -62.20580  -58.30020     -0.080    1447.10      3.733      3.697    -0.1613    -0.1630    -0.0017    -0.1614    -0.1631    -0.0017   2.824769   2.825002   0.000233    34.1304    34.1354     7.7055    27.4123    27.4164    334.946  351.79742  353.30267          2  0.000e+00
      23203 326.738180  -62.20580  -58.30020     -0.078    1447.10      3.733      3.697    -0.1609    -0.1630    -0.0022    -0.1610    -0.1632    -0.0022   2.824799   2.824990   0.000191    34.1304    34.1353     7.7006    27.4122    27.4164    334.732  351.79385  353.29901          2  0.000e+00
      23204 326.738180  -62.20580  -58.30020     -0.077    1447.10      3.733      3.697    -0.1609    -0.1625    -0.0016    -0.1611    -0.1626    -0.0016   2.824787   2.824973   0.000186    34.1303    34.1345     7.7052    27.4122    27.4157    334.931  351.79464  353.29981          2  0.000e+00
      23205 326.738181  -62.20580  -58.30020     -0.075    1447.10      3.733      3.697    -0.1604    -0.1625    -0.0021    -0.1605    -0.1626    -0.0021   2.824781   2.825019   0.000238    34.1296    34.1351     7.7053    27.4116    27.4162    334.938  351.79169  353.29672          2  0.000e+00
      23206 326.738181  -62.20580  -58.30020     -0.075    1447.10      3.733      3.697    -0.1607    -0.1619    -0.0013    -0.1608    -0.1621    -0.0013   2.824757   2.825129   0.000372    34.1295    34.1359     7.7056    27.4116    27.4168    334.951  351.79398  353.29906          2  0.000e+00
      23207 326.738182  -62.20580  -58.30020     -0.070    1447.10      3.781      3.745    -0.1607    -0.1625    -0.0018    -0.1608    -0.1626    -0.0018   2.824751   2.825089   0.000338    34.1295    34.1360     7.7052    27.4115    27.4169    334.932  351.79463  353.29972          2  0.000e+00
      23208 326.738182  -62.20580  -58.30020     -0.067    1447.10      3.733      3.697    -0.1604    -0.1619    -0.0015    -0.1605    -0.1620    -0.0015   2.824787   2.824990   0.000203    34.1296    34.1340     7.7052    27.4116    27.4153    334.935  351.79112  353.29614          2  0.000e+00
      23209 326.738183  -62.20580  -58.30020     -0.067    1447.10      3.733      3.697    -0.1602    -0.1624    -0.0022    -0.1604    -0.1625    -0.0022   2.824787   2.824967   0.000180    34.1295    34.1343     7.7054    27.4115    27.4155    334.944  351.79041  353.29540          2  0.000e+00
      23210 326.738183  -62.20580  -58.30020     -0.064    1447.10      3.733      3.697    -0.1598    -0.1630    -0.0031    -0.1600    -0.1631    -0.0031   2.824799   2.824984   0.000186    34.1292    34.1352     7.7056    27.4113    27.4163    334.950  351.78751  353.29240          2  0.000e+00
      23211 326.738184  -62.20580  -58.30020     -0.060    1447.10      3.781      3.745    -0.1598    -0.1631    -0.0033    -0.1599    -0.1633    -0.0033   2.824823   2.825013   0.000190    34.1294    34.1357     7.7058    27.4114    27.4167    334.960  351.78635  353.29124          2  0.000e+00
      23212 326.738184  -62.20580  -58.30020     -0.056    1447.10      3.733      3.697    -0.1596    -0.1630    -0.0035    -0.1597    -0.1632    -0.0035   2.824847   2.824996   0.000149    34.1295    34.1354     7.7059    27.4115    27.4164    334.965  351.78398  353.28883          2  0.000e+00
      23213 326.738185  -62.20580  -58.30020     -0.052    1447.10      3.781      3.745    -0.1595    -0.1628    -0.0033    -0.1596    -0.1629    -0.0033   2.824859   2.824909   0.000050    34.1296    34.1340     7.7062    27.4116    27.4153    334.975  351.78327  353.28811          2  0.000e+00
      23214 326.738185  -62.20580  -58.30020     -0.047    1447.10      3.733      3.697    -0.1594    -0.1633    -0.0039    -0.1595    -0.1634    -0.0039   2.824859   2.824984   0.000125    34.1295    34.1355     7.7063    27.4115    27.4166    334.982  351.78248  353.28730          2  0.000e+00
      23215 326.738186  -62.20580  -58.30020     -0.043    1447.10      3.781      3.745    -0.1592    -0.1629    -0.0037    -0.1593    -0.1630    -0.0037   2.824859   2.825042   0.000183    34.1292    34.1358     7.7065    27.4112    27.4167    334.992  351.78115  353.28591          2  0.000e+00
      23216 326.738186  -62.20580  -58.30020     -0.041    1447.10      3.733      3.697    -0.1597    -0.1630    -0.0033    -0.1599    -0.1631    -0.0033   2.824835   2.825025   0.000190    34.1295    34.1357     7.7119    27.4115    27.4167    335.223  351.78548  353.29037          2  0.000e+00
      23217 326.738187  -62.20580  -58.30020     -0.032    1447.10      3.836      3.799    -0.1595    -0.1627    -0.0032    -0.1596    -0.1628    -0.0032   2.824811   2.825019   0.000208    34.1289    34.1352     7.7078    27.4110    27.4163    335.048  351.78512  353.28993          2  0.000e+00
      23218 326.738187  -62.20580  -58.30020     -0.031    1447.10      3.781      3.745    -0.1597    -0.1624    -0.0027    -0.1599    -0.1625    -0.0027   2.824823   2.824955   0.000133    34.1294    34.1341     7.7080    27.4114    27.4154    335.054  351.78600  353.29088          2  0.000e+00
      23219 326.738188  -62.20580  -58.30020     -0.025    1447.10      3.733      3.697    -0.1600    -0.1622    -0.0022    -0.1601    -0.1623    -0.0022   2.824793   2.825060   0.000267    34.1292    34.1353     7.7082    27.4113    27.4163    335.063  351.78843  353.29335          2  0.000e+00
      23220 326.738188  -62.20580  -58.30020     -0.023    1447.10      3.781      3.745    -0.1605    -0.1619    -0.0014    -0.1606    -0.1620    -0.0014   2.824799   2.825123   0.000324    34.1299    34.1358     7.7085    27.4118    27.4167    335.077  351.79146  353.29652          2  0.000e+00
      23221 326.738189  -62.20580  -58.30020     -0.015    1447.10      3.836      3.799    -0.1607    -0.1616    -0.0009    -0.1608    -0.1617    -0.0009   2.824763   2.825146   0.000384    34.1296    34.1357     7.7088    27.4116    27.4166    335.090  351.79429  353.29938          2  0.000e+00
      23222 326.738189  -62.20580  -58.30020     -0.012    1447.10      3.781      3.745    -0.1609    -0.1610    -0.0001    -0.1611    -0.1611    -0.0001   2.824787   2.825112   0.000325    34.1302    34.1346     7.7090    27.4122    27.4157    335.096  351.79472  353.29989          2  0.000e+00
      23223 326.738190  -62.20580  -58.30020     -0.004    1447.10      3.836      3.799    -0.1607    -0.1610    -0.0003    -0.1608    -0.1611    -0.0003   2.824787   2.825117   0.000331    34.1299    34.1346     7.7041    27.4119    27.4157    334.886  351.79340  353.29851          2  0.000e+00
      23224 326.738190  -62.20580  -58.30020      0.002    1447.10      3.781      3.745    -0.1605    -0.1613    -0.0008    -0.1606    -0.1614    -0.0008   2.824781   2.825158   0.000377    34.1296    34.1355     7.7085    27.4116    27.4165    335.079  351.79212  353.29717          2  0.000e+00
      23225 326.738191  -62.20580  -58.30020      0.007    1447.10      3.836      3.799    -0.1609    -0.1613    -0.0004    -0.1610    -0.1615    -0.0004   2.824697   2.825141   0.000444    34.1289    34.1353     7.7089    27.4111    27.4163    335.096  351.79777  353.30286          2  0.000e+00
      23226 326.738191  -62.20580  -58.30020      0.009    1447.10      3.781      3.745    -0.1617    -0.1619    -0.0001    -0.1619    -0.1620    -0.0001   2.824654   2.824961   0.000307    34.1294    34.1336     7.7101    27.4115    27.4149    335.144  351.80450  353.30979          2  0.000e+00
      23227 326.738192  -62.20580  -58.30020      0.018    1447.10      3.836      3.799    -0.1627    -0.1633    -0.0006    -0.1628    -0.1634    -0.0006   2.824582   2.824805   0.000223    34.1295    34.1331     7.7098    27.4116    27.4146    335.133  351.81323  353.31872          2  0.000e+00
      23228 326.738192  -62.20580  -58.30020      0.020    1447.10      3.836      3.799    -0.1631    -0.1641    -0.0010    -0.1633    -0.1642    -0.0010   2.824546   2.824776   0.000230    34.1294    34.1336     7.7093    27.4116    27.4150    335.113  351.81702  353.32259          2  0.000e+00
      23229 326.738193  -62.20580  -58.30020      0.029    1447.10      3.836      3.799    -0.1641    -0.1655    -0.0014    -0.1642    -0.1656    -0.0014   2.824480   2.824782   0.000302    34.1296    34.1352     7.7090    27.4118    27.4164    335.097  351.82544  353.33122          2  0.000e+00
      23230 326.738193  -62.20580  -58.30020      0.034    1447.10      3.836      3.799    -0.1649    -0.1652    -0.0003    -0.1650    -0.1653    -0.0003   2.824438   2.824759   0.000321    34.1299    34.1345     7.7085    27.4121    27.4158    335.077  351.83156  353.33751          2  0.000e+00
      23231 326.738193  -62.20580  -58.30020      0.042    1447.10      3.884      3.847    -0.1646    -0.1649    -0.0003    -0.1647    -0.1650    -0.0003   2.824450   2.824730   0.000280    34.1297    34.1338     7.7086    27.4119    27.4153    335.082  351.82944  353.33532          2  0.000e+00
      23232 326.738194  -62.20580  -58.30020      0.043    1447.10      3.836      3.799    -0.1647    -0.1652    -0.0005    -0.1648    -0.1653    -0.0005   2.824462   2.824707   0.000245    34.1301    34.1338     7.7080    27.4122    27.4153    335.053  351.82962  353.33555          2  0.000e+00
      23233 326.738194  -62.20580  -58.30020      0.051    1447.10      3.884      3.847    -0.1644    -0.1658    -0.0013    -0.1646    -0.1659    -0.0013   2.824462   2.824701   0.000239    34.1298    34.1344     7.7081    27.4120    27.4158    335.057  351.82829  353.33415          2  0.000e+00
      23234 326.738195  -62.20580  -58.30020      0.055    1447.10      3.836      3.799    -0.1646    -0.1666    -0.0020    -0.1647    -0.1667    -0.0020   2.824462   2.824643   0.000181    34.1299    34.1346     7.7081    27.4121    27.4160    335.060  351.82892  353.33481          2  0.000e+00
      23235 326.738195  -62.20580  -58.30020      0.062    1447.10      3.884      3.847    -0.1644    -0.1675    -0.0030    -0.1646    -0.1676    -0.0030   2.824420   2.824580   0.000160    34.1292    34.1347     7.7133    27.4115    27.4161    335.286  351.82984  353.33567          2  0.000e+00
      23236 326.738196  -62.20580  -58.30020      0.068    1447.10      3.884      3.847    -0.1650    -0.1679    -0.0029    -0.1652    -0.1681    -0.0029   2.824384   2.824545   0.000161    34.1294    34.1348     7.7135    27.4117    27.4162    335.293  351.83468  353.34064          2  0.000e+00
      23237 326.738196  -62.20580  -58.30020      0.072    1447.10      3.884      3.847    -0.1657    -0.1677    -0.0021    -0.1658    -0.1678    -0.0021   2.824341   2.824556   0.000215    34.1295    34.1347     7.7093    27.4118    27.4161    335.111  351.84010  353.34620          2  0.000e+00
      23238 326.738197  -62.20580  -58.30020      0.072    1447.10      3.836      3.799    -0.1664    -0.1678    -0.0014    -0.1665    -0.1679    -0.0014   2.824305   2.824609   0.000303    34.1299    34.1355     7.7094    27.4122    27.4167    335.116  351.84593  353.35220          2  0.000e+00
      23239 326.738197  -62.20580  -58.30020      0.078    1447.10      3.884      3.847    -0.1670    -0.1680    -0.0010    -0.1672    -0.1681    -0.0010   2.824281   2.824597   0.000316    34.1303    34.1356     7.7096    27.4125    27.4168    335.123  351.85077  353.35718          2  0.000e+00
      23240 326.738198  -62.20580  -58.30020      0.080    1447.10      3.884      3.847    -0.1674    -0.1682    -0.0009    -0.1675    -0.1684    -0.0009   2.824233   2.824510   0.000277    34.1300    34.1347     7.7097    27.4123    27.4161    335.127  351.85464  353.36112          2  0.000e+00
      23241 326.738198  -62.20580  -58.30020      0.088    1447.10      3.932      3.894    -0.1672    -0.1684    -0.0012    -0.1673    -0.1685    -0.0012   2.824221   2.824504   0.000283    34.1296    34.1347     7.7047    27.4120    27.4161    334.909  351.85411  353.36053          2  0.000e+00
      23242 326.738199  -62.20580  -58.30020      0.090    1447.10      3.884      3.847    -0.1674    -0.1686    -0.0013    -0.1675    -0.1688    -0.0013   2.824239   2.824568   0.000329    34.1301    34.1359     7.7039    27.4124    27.4171    334.877  351.85442  353.36090          2  0.000e+00
      23243 326.738199  -62.20580  -58.30020      0.094    1447.10      3.884      3.847    -0.1674    -0.1690    -0.0016    -0.1675    -0.1692    -0.0016   2.824227   2.824557   0.000329    34.1299    34.1362     7.7032    27.4122    27.4173    334.848  351.85487  353.36134          2  0.000e+00
      23244 326.738200  -62.20580  -58.30020      0.087    1447.10      3.884      3.847    -0.1677    -0.1692    -0.0015    -0.1678    -0.1693    -0.0015   2.824221   2.824476   0.000255    34.1302    34.1352     7.7026    27.4124    27.4166    334.822  351.85685  353.36339          2  0.000e+00
      23245 326.738200  -62.20580  -58.30020      0.091    1447.10      3.884      3.847    -0.1672    -0.1691    -0.0019    -0.1673    -0.1692    -0.0019   2.824257   2.824441   0.000184    34.1301    34.1347     7.7070    27.4124    27.4161    335.010  351.85271  353.35915          2  0.000e+00
      23246 326.738201  -62.20580  -58.30020      0.100    1447.10      3.987      3.949    -0.1670    -0.1689    -0.0018    -0.1672    -0.1690    -0.0018   2.824233   2.824510   0.000277    34.1296    34.1353     7.7072    27.4119    27.4166    335.020  351.85270  353.35908          2  0.000e+00
      23247 326.738201  -62.20580  -58.30020      0.103    1447.10      3.884      3.847    -0.1674    -0.1690    -0.0016    -0.1675    -0.1692    -0.0016   2.824257   2.824522   0.000265    34.1303    34.1357     7.7073    27.4125    27.4170    335.022  351.85376  353.36025          2  0.000e+00
      23248 326.738202  -62.20580  -58.30020      0.102    1447.10      3.884      3.847    -0.1669    -0.1691    -0.0022    -0.1670    -0.1692    -0.0022   2.824251   2.824493   0.000242    34.1297    34.1354     7.7073    27.4120    27.4167    335.024  351.85081  353.35716          2  0.000e+00
      23249 326.738202  -62.20580  -58.30020      0.101    1447.10      3.932      3.895    -0.1670    -0.1692    -0.0021    -0.1672    -0.1693    -0.0021   2.824245   2.824447   0.000202    34.1298    34.1348     7.7075    27.4121    27.4163    335.033  351.85217  353.35856          2  0.000e+00
      23250 326.738203  -62.20580  -58.30020      0.103    1447.10      3.884      3.847    -0.1674    -0.1697    -0.0023    -0.1675    -0.1699    -0.0023   2.824263   2.824487   0.000224    34.1304    34.1360     7.7069    27.4126    27.4173    335.005  351.85354  353.36004          2  0.000e+00
