Pos-Processados/process_op38/operantar38_023.cnv
* Sea-Bird SBE 9 Data File:
* FileName = D:\OPERANTAR_XXXVIII\DADOS\OP38_023.hdr
* Software Version Seasave V 7.18c
* Temperature SN = 4808
* Conductivity SN = 3380
* Number of Bytes Per Scan = 34
* Number of Voltage Words = 3
* Number of Scans Averaged by the Deck Unit = 1
* NMEA Latitude = 62 12.78 S
* NMEA Longitude = 058 20.56 W
* NMEA UTC (Time) = Nov 22 2019 18:35:31
** H41
** NAVIO POLAR ALMIRANTE MAXIMIANO
** CRUZEIRO:
** OPERANTAR XXXVIII
** ESTAÇÃO: OP38_023
** LAT 62 12,77'S
** LONG 058 20,58'W
** 09P73767-1155_A
** PROFUNDIDADE: 500
** DATA/HORA: 221836Z/NOV2019
** OPERADOR: SO-HN CHAVES
# nquan = 33
# nvalues = 921                         
# units = specified
# name 0 = scan: Scan Count
# name 1 = timeJ: Julian Days
# name 2 = latitude: Latitude [deg]
# name 3 = longitude: Longitude [deg]
# name 4 = dz/dtM: Descent Rate [m/s]
# name 5 = avgsvCM: Average Sound Velocity [Chen-Millero, m/s]
# name 6 = prDM: Pressure, Digiquartz [db]
# name 7 = depSM: Depth [salt water, m]
# name 8 = t090C: Temperature [ITS-90, deg C]
# name 9 = t190C: Temperature, 2 [ITS-90, deg C]
# name 10 = T2-T190C: Temperature Difference, 2 - 1 [ITS-90, deg C]
# name 11 = potemp090C: Potential Temperature [ITS-90, deg C]
# name 12 = potemp190C: Potential Temperature, 2 [ITS-90, deg C]
# name 13 = potemp90Cdiff: Potential Temperature, Diff, 2 - 1 [ITS-90, deg C]
# name 14 = c0S/m: Conductivity [S/m]
# name 15 = c1S/m: Conductivity, 2 [S/m]
# name 16 = C2-C1S/m: Conductivity Difference, 2 - 1 [S/m]
# name 17 = sal00: Salinity, Practical [PSU]
# name 18 = sal11: Salinity, Practical, 2 [PSU]
# name 19 = sbeox0ML/L: Oxygen, SBE 43 [ml/l]
# name 20 = sigma-é00: Density [sigma-theta, kg/m^3]
# name 21 = sigma-é11: Density, 2 [sigma-theta, kg/m^3]
# name 22 = sbox0Mm/Kg: Oxygen, SBE 43 [umol/kg]
# name 23 = oxsolMm/Kg: Oxygen Saturation, Garcia & Gordon [umol/kg]
# name 24 = oxsatMm/Kg: Oxygen Saturation, Weiss [umol/kg]
# name 25 = sal00: Salinity, Practical [PSU]
# name 26 = sigma-é00: Density [sigma-theta, kg/m^3]
# name 27 = svCM: Sound Velocity [Chen-Millero, m/s]
# name 28 = svCM1: Sound Velocity, 2 [Chen-Millero, m/s]
# name 29 = gsw_ptA0: potential temperature [ITS-90, deg C]
# name 30 = gsw_densityA0: density, TEOS-10 [density, kg/m^3]
# name 31 = gsw_saA0: Absolute Salinity [g/kg]
# name 32 = flag:
# span 0 =        268,      32504       
# span 1 = 326.774793, 326.790339       
# span 2 =  -62.21311,  -62.21304       
# span 3 =  -58.34280,  -58.34256       
# span 4 =     -1.315,      0.932       
# span 5 =       0.00,    1454.46       
# span 6 =      2.000,    462.000       
# span 7 =      1.983,    456.989       
# span 8 =    -1.0192,    -0.1856       
# span 9 =    -1.0274,    -0.1860       
# span 10 =    -0.0261,     0.0174      
# span 11 =    -1.0333,    -0.1993      
# span 12 =    -1.0414,    -0.1997      
# span 13 =    -0.0260,     0.0174      
# span 14 =   2.805037,   2.865412      
# span 15 =   2.803308,   2.865780      
# span 16 =  -0.001641,   0.002026      
# span 17 =    34.1682,    34.5289      
# span 18 =    34.1732,    34.5242      
# span 19 =     5.8474,     7.6529      
# span 20 =    27.4474,    27.7731      
# span 21 =    27.4518,    27.7693      
# span 22 =    254.100,    332.645      
# span 23 =  351.08124,  358.71846      
# span 24 =  352.60931,  360.42872      
# span 25 =    34.1671,    34.5557      
# span 26 =    27.4471,    27.7948      
# span 27 =    1446.45,    1454.16      
# span 28 =    1446.46,    1454.17      
# span 29 =    -1.0329,    -0.1991      
# span 30 =  1027.4632,  1030.0064      
# span 31 =    34.3320,    34.7248      
# span 32 = 0.0000e+00, 0.0000e+00      
# interval = decibars: 1                
# start_time = Nov 22 2019 18:35:31 [NMEA time, header]
# bad_flag = -9.990e-29
*END*
[from data line 704]
      23294 326.785897  -62.21306  -58.34256     -1.105    1449.93    218.000    215.794    -0.4926    -0.4939    -0.0013    -0.4997    -0.5009    -0.0013   2.818586   2.818830   0.000238    34.2897    34.2944     7.0279    27.5570    27.5608    305.451  354.42668  356.00927    34.2894    27.5567    1449.45    1449.45    -0.4995  1028.6029    34.4566 0.0000e+00
      23316 326.785908  -62.21306  -58.34256     -1.083    1449.93    217.000    214.804    -0.4937    -0.4944    -0.0007    -0.5007    -0.5014    -0.0007   2.818381   2.818698   0.000324    34.2887    34.2939     7.0261    27.5562    27.5605    305.371  354.43932  356.02208    34.2884    27.5560    1449.43    1449.43    -0.5005  1028.5974    34.4556 0.0000e+00
      23340 326.785919  -62.21306  -58.34256     -1.049    1449.93    216.000    213.815    -0.4950    -0.4955    -0.0005    -0.5020    -0.5024    -0.0005   2.818145   2.818507   0.000353    34.2877    34.2929     7.0269    27.5554    27.5597    305.404  354.45458  356.03756    34.2873    27.5552    1449.40    1449.41    -0.5018  1028.5919    34.4545 0.0000e+00
      23362 326.785930  -62.21306  -58.34256     -1.052    1449.93    215.000    212.825    -0.4958    -0.4958    -0.0001    -0.5027    -0.5028    -0.0001   2.817986   2.818381   0.000400    34.2870    34.2925     7.0279    27.5549    27.5594    305.448  354.46343  356.04653    34.2867    27.5547    1449.38    1449.39    -0.5026  1028.5866    34.4539 0.0000e+00
      23383 326.785940  -62.21306  -58.34256     -1.104    1449.93    214.000    211.836    -0.4968    -0.4972    -0.0004    -0.5037    -0.5041    -0.0004   2.817757   2.818135   0.000374    34.2860    34.2914     7.0324    27.5542    27.5586    305.646  354.47618  356.05945    34.2854    27.5537    1449.36    1449.37    -0.5036  1028.5809    34.4526 0.0000e+00
      23403 326.785950  -62.21306  -58.34256     -1.159    1449.93    213.000    210.847    -0.4990    -0.4986     0.0004    -0.5058    -0.5054     0.0004   2.817389   2.817902   0.000496    34.2840    34.2903     7.0411    27.5527    27.5577    306.022  354.50169  356.08532    34.2835    27.5523    1449.33    1449.34    -0.5057  1028.5747    34.4507 0.0000e+00
      23424 326.785960  -62.21306  -58.34256     -1.158    1449.93    212.000    209.857    -0.5002    -0.5002    -0.0001    -0.5070    -0.5070    -0.0001   2.817154   2.817532   0.000400    34.2827    34.2882     7.0403    27.5517    27.5561    305.989  354.51640  356.10021    34.2823    27.5513    1449.31    1449.31    -0.5069  1028.5690    34.4495 0.0000e+00
      23447 326.785971  -62.21306  -58.34256     -1.098    1449.93    211.000    208.876    -0.5013    -0.5009     0.0005    -0.5081    -0.5077     0.0005   2.816924   2.817448   0.000502    34.2816    34.2878     7.0442    27.5508    27.5559    306.161  354.53038  356.11437    34.2812    27.5505    1449.29    1449.30    -0.5079  1028.5634    34.4483 0.0000e+00
      23471 326.785983  -62.21306  -58.34256     -1.032    1449.93    210.000    207.870    -0.5007    -0.5012    -0.0004    -0.5074    -0.5079    -0.0004   2.816997   2.817307   0.000318    34.2824    34.2872     7.0563    27.5514    27.5553    306.684  354.52234  356.10624    34.2820    27.5511    1449.27    1449.28    -0.5073  1028.5593    34.4492 0.0000e+00
      23494 326.785994  -62.21306  -58.34256     -1.022    1449.93    209.000    206.889    -0.5016    -0.5017    -0.0000    -0.5083    -0.5084    -0.0000   2.816783   2.817216   0.000424    34.2813    34.2870     7.0626    27.5505    27.5552    306.959  354.53427  356.11831    34.2808    27.5502    1449.25    1449.26    -0.5082  1028.5536    34.4480 0.0000e+00
      23516 326.786005  -62.21306  -58.34256     -1.052    1449.93    208.000    205.900    -0.5035    -0.5028     0.0007    -0.5102    -0.5094     0.0007   2.816371   2.816982   0.000587    34.2787    34.2858     7.0670    27.5486    27.5543    307.152  354.55870  356.14299    34.2780    27.5480    1449.22    1449.24    -0.5100  1028.5467    34.4451 0.0000e+00
      23538 326.786015  -62.21306  -58.34256     -1.083    1449.93    207.000    204.910    -0.5052    -0.5045     0.0007    -0.5118    -0.5111     0.0007   2.816061   2.816584   0.000546    34.2768    34.2834     7.0683    27.5471    27.5524    307.207  354.57963  356.16417    34.2764    27.5467    1449.20    1449.21    -0.5117  1028.5406    34.4434 0.0000e+00
      23561 326.786026  -62.21306  -58.34256     -1.075    1449.93    206.000    203.921    -0.5060    -0.5059     0.0000    -0.5126    -0.5125     0.0000   2.815904   2.816312   0.000412    34.2762    34.2817     7.0713    27.5466    27.5511    307.338  354.58896  356.17364    34.2758    27.5463    1449.18    1449.18    -0.5125  1028.5354    34.4429 0.0000e+00
      23584 326.786038  -62.21306  -58.34256     -1.041    1449.93    205.000    202.931    -0.5063    -0.5063    -0.0001    -0.5128    -0.5128    -0.0001   2.815818   2.816231   0.000408    34.2759    34.2814     7.0782    27.5464    27.5509    307.637  354.59243  356.17716    34.2756    27.5461    1449.16    1449.16    -0.5127  1028.5305    34.4426 0.0000e+00
      23607 326.786048  -62.21306  -58.34256     -1.038    1449.93    204.000    201.942    -0.5066    -0.5063     0.0003    -0.5131    -0.5128     0.0003   2.815755   2.816234   0.000472    34.2759    34.2819     7.0841    27.5464    27.5513    307.893  354.59536  356.18016    34.2757    27.5463    1449.14    1449.15    -0.5130  1028.5259    34.4428 0.0000e+00
      23628 326.786059  -62.21306  -58.34256     -1.085    1449.93    203.000    200.953    -0.5068    -0.5072    -0.0004    -0.5133    -0.5137    -0.0004   2.815656   2.816003   0.000356    34.2758    34.2811     7.0919    27.5464    27.5506    308.234  354.59781  356.18265    34.2752    27.5459    1449.12    1449.13    -0.5132  1028.5207    34.4423 0.0000e+00
      23648 326.786068  -62.21306  -58.34256     -1.157    1449.93    202.000    199.963    -0.5086    -0.5091    -0.0004    -0.5151    -0.5155    -0.0004   2.815337   2.815684   0.000359    34.2741    34.2793     7.0952    27.5450    27.5493    308.380  354.61969  356.20482    34.2736    27.5447    1449.09    1449.10    -0.5149  1028.5148    34.4407 0.0000e+00
      23668 326.786078  -62.21306  -58.34256     -1.199    1449.93    201.000    198.974    -0.5097    -0.5103    -0.0006    -0.5161    -0.5167    -0.0006   2.815141   2.815493   0.000348    34.2732    34.2785     7.0923    27.5444    27.5487    308.252  354.63201  356.21732    34.2728    27.5440    1449.07    1449.08    -0.5160  1028.5094    34.4398 0.0000e+00
      23689 326.786088  -62.21306  -58.34256     -1.185    1449.93    200.000    197.984    -0.5103    -0.5104    -0.0002    -0.5167    -0.5168    -0.0002   2.815010   2.815411   0.000400    34.2727    34.2782     7.0880    27.5440    27.5485    308.063  354.63890  356.22430    34.2723    27.5437    1449.05    1449.06    -0.5165  1028.5051    34.4404 0.0000e+00
      23711 326.786099  -62.21306 -9.990e-29     -1.124    1449.93    199.000    196.995    -0.5109    -0.5112    -0.0003    -0.5172    -0.5175    -0.0003   2.814881   2.815259   0.000382    34.2721    34.2776     7.0899    27.5435    27.5480    308.145  354.64580  356.23130    34.2718    27.5433    1449.03    1449.04    -0.5171  1028.5009    34.4411 0.0000e+00
      23734 326.786110  -62.21306 -9.990e-29     -1.074    1449.93    198.000    196.005    -0.5111    -0.5112    -0.0001    -0.5174    -0.5175    -0.0001   2.814810   2.815225   0.000409    34.2720    34.2777     7.0971    27.5435    27.5481    308.462  354.64804  356.23358    34.2717    27.5432    1449.02    1449.02    -0.5173  1028.4961    34.4410 0.0000e+00
      23756 326.786120  -62.21306 -9.990e-29     -1.073    1449.93    197.000    195.016    -0.5111    -0.5112    -0.0001    -0.5174    -0.5175    -0.0001   2.814792   2.815204   0.000417    34.2723    34.2780     7.0978    27.5437    27.5483    308.490  354.64745  356.23301    34.2721    27.5436    1449.00    1449.01    -0.5173  1028.4916    34.4414 0.0000e+00
      23777 326.786131  -62.21306 -9.990e-29     -1.102    1449.93    196.000    194.026    -0.5115    -0.5120    -0.0005    -0.5177    -0.5183    -0.0005   2.814662   2.815023   0.000355    34.2720    34.2774     7.1034    27.5435    27.5478    308.735  354.65197  356.23760    34.2714    27.5430    1448.98    1448.99    -0.5176  1028.4863    34.4406 0.0000e+00
      23799 326.786141  -62.21306 -9.990e-29     -1.113    1449.93    195.000    193.037    -0.5145    -0.5148    -0.0003    -0.5207    -0.5210    -0.0003   2.814167   2.814547   0.000391    34.2693    34.2749     7.1075    27.5414    27.5460    308.914  354.68742  356.27353    34.2688    27.5410    1448.95    1448.95    -0.5206  1028.4795    34.4380 0.0000e+00
      23822 326.786152  -62.21306 -9.990e-29     -1.073    1449.93    194.000    192.048    -0.5155    -0.5155    -0.0000    -0.5216    -0.5216    -0.0000   2.813995   2.814420   0.000416    34.2686    34.2741     7.1125    27.5409    27.5454    309.131  354.69879  356.28508    34.2682    27.5405    1448.93    1448.93    -0.5215  1028.4743    34.4373 0.0000e+00
      23847 326.786164  -62.21306 -9.990e-29     -1.010    1449.93    193.000    191.058    -0.5159    -0.5165    -0.0006    -0.5220    -0.5226    -0.0006   2.813865   2.814182   0.000333    34.2680    34.2732     7.1122    27.5405    27.5446    309.116  354.70431  356.29066    34.2675    27.5400    1448.91    1448.91    -0.5219  1028.4690    34.4367 0.0000e+00
      23871 326.786176  -62.21306 -9.990e-29     -0.985    1449.93    192.000    190.068    -0.5172    -0.5181    -0.0009    -0.5233    -0.5242    -0.0009   2.813623   2.813924   0.000302    34.2669    34.2719     7.1145    27.5396    27.5437    309.217  354.72009  356.30666    34.2664    27.5392    1448.88    1448.88    -0.5232  1028.4634    34.4356 0.0000e+00
      23892 326.786186  -62.21306  -58.34256     -1.041    1449.93    191.000    189.079    -0.5198    -0.5198     0.0000    -0.5259    -0.5259     0.0000   2.813149   2.813613   0.000455    34.2643    34.2704     7.1209    27.5376    27.5425    309.498  354.75139  356.33838    34.2636    27.5370    1448.85    1448.86    -0.5258  1028.4554    34.4313 0.0000e+00
      23913 326.786196  -62.21306  -58.34256     -1.125    1449.93    190.000    188.089    -0.5202    -0.5204    -0.0002    -0.5262    -0.5264    -0.0002   2.813145   2.813513   0.000393    34.2647    34.2702     7.1227    27.5380    27.5424    309.574  354.75361  356.34069    34.2645    27.5378    1448.83    1448.84    -0.5261  1028.4508    34.4315 0.0000e+00
      23932 326.786205  -62.21306  -58.34256     -1.194    1449.93    189.000    187.100    -0.5227    -0.5247    -0.0020    -0.5287    -0.5307    -0.0020   2.812631   2.812803   0.000156    34.2625    34.2669     7.1260    27.5363    27.5399    309.717  354.78318  356.37067    34.2611    27.5351    1448.80    1448.80    -0.5286  1028.4433    34.4280 0.0000e+00
      23952 326.786215  -62.21306  -58.34256     -1.217    1449.93    188.000    186.110    -0.5268    -0.5288    -0.0021    -0.5327    -0.5348    -0.0021   2.812114   2.812269   0.000168    34.2602    34.2648     7.1333    27.5346    27.5384    310.035  354.82734  356.41557    34.2594    27.5339    1448.76    1448.76    -0.5326  1028.4374    34.4263 0.0000e+00
      23973 326.786225  -62.21306  -58.34256     -1.193    1449.93    187.000    185.121    -0.5304    -0.5312    -0.0007    -0.5363    -0.5371    -0.0007   2.811617   2.811966   0.000337    34.2583    34.2636     7.1426    27.5332    27.5376    310.440  354.86683  356.45573    34.2574    27.5325    1448.73    1448.73    -0.5362  1028.4312    34.4243 0.0000e+00
      23995 326.786235  -62.21306  -58.34256     -1.141    1449.93    186.000    184.131    -0.5318    -0.5329    -0.0011    -0.5377    -0.5387    -0.0011   2.811433   2.811734   0.000300    34.2577    34.2629     7.1547    27.5328    27.5371    310.968  354.88148  356.47064    34.2571    27.5323    1448.70    1448.71    -0.5376  1028.4263    34.4240 0.0000e+00
      24017 326.786246  -62.21306  -58.34257     -1.101    1449.93    185.000    183.142    -0.5328    -0.5328    -0.0000    -0.5386    -0.5386    -0.0000   2.811274   2.811694   0.000413    34.2572    34.2628     7.1678    27.5324    27.5369    311.538  354.89163  356.48096    34.2566    27.5320    1448.68    1448.69    -0.5385  1028.4212    34.4235 0.0000e+00
      24038 326.786256  -62.21306  -58.34257     -1.094    1449.93    184.000    182.152    -0.5330    -0.5333    -0.0003    -0.5388    -0.5391    -0.0003   2.811208   2.811592   0.000387    34.2571    34.2626     7.1808    27.5323    27.5368    312.103  354.89419  356.48357    34.2566    27.5320    1448.67    1448.67    -0.5387  1028.4164    34.4235 0.0000e+00
      24060 326.786267  -62.21306  -58.34256     -1.101    1449.93    183.000    181.163    -0.5335    -0.5337    -0.0002    -0.5392    -0.5395    -0.0002   2.811097   2.811502   0.000403    34.2568    34.2624     7.1942    27.5321    27.5367    312.683  354.89970  356.48917    34.2563    27.5317    1448.65    1448.65    -0.5391  1028.4114    34.4232 0.0000e+00
      24082 326.786277  -62.21306  -58.34256     -1.106    1449.93    182.000    180.173    -0.5338    -0.5340    -0.0002    -0.5396    -0.5398    -0.0002   2.811019   2.811423   0.000403    34.2567    34.2623     7.1979    27.5321    27.5366    312.843  354.90328  356.49282    34.2563    27.5317    1448.63    1448.64    -0.5394  1028.4067    34.4232 0.0000e+00
      24104 326.786288  -62.21306  -58.34256     -1.105    1449.93    181.000    179.184    -0.5340    -0.5342    -0.0002    -0.5397    -0.5399    -0.0002   2.810956   2.811350   0.000392    34.2567    34.2621     7.2021    27.5320    27.5365    313.026  354.90518  356.49475    34.2562    27.5317    1448.61    1448.62    -0.5396  1028.4019    34.4231 0.0000e+00
      24125 326.786298  -62.21306  -58.34256     -1.103    1449.93    180.000    178.194    -0.5345    -0.5349    -0.0004    -0.5402    -0.5406    -0.0004   2.810847   2.811227   0.000383    34.2563    34.2619     7.2023    27.5318    27.5363    313.038  354.91068  356.50035    34.2559    27.5315    1448.59    1448.60    -0.5401  1028.3969    34.4228 0.0000e+00
      24147 326.786309  -62.21306  -58.34256     -1.100    1449.93    179.000    177.205    -0.5350    -0.5352    -0.0001    -0.5406    -0.5408    -0.0001   2.810745   2.811153   0.000404    34.2561    34.2617     7.2001    27.5316    27.5362    312.940  354.91600  356.50576    34.2557    27.5313    1448.57    1448.58    -0.5405  1028.3920    34.4226 0.0000e+00
      24169 326.786320  -62.21306  -58.34256     -1.091    1449.93    178.000    176.215    -0.5351    -0.5353    -0.0002    -0.5407    -0.5410    -0.0002   2.810685   2.811074   0.000394    34.2559    34.2615     7.1974    27.5315    27.5360    312.821  354.91740  356.50716    34.2557    27.5313    1448.56    1448.56    -0.5406  1028.3871    34.4225 0.0000e+00
      24192 326.786330  -62.21306  -58.34257     -1.081    1449.93    177.000    175.226    -0.5355    -0.5355    -0.0000    -0.5410    -0.5411    -0.0000   2.810584   2.811001   0.000412    34.2557    34.2612     7.1965    27.5313    27.5358    312.787  354.92145  356.51129    34.2553    27.5310    1448.54    1448.55    -0.5409  1028.3821    34.4222 0.0000e+00
      24214 326.786341  -62.21306  -58.34258     -1.072    1449.93    176.000    174.236    -0.5358    -0.5359    -0.0001    -0.5413    -0.5414    -0.0001   2.810494   2.810913   0.000416    34.2554    34.2611     7.1989    27.5311    27.5357    312.888  354.92524  356.51512    34.2551    27.5308    1448.52    1448.53    -0.5412  1028.3772    34.4219 0.0000e+00
