Pos-Processados/process_op38/operantar38_009.ros
* Sea-Bird SBE 9 Data File:
* FileName = D:\OPERANTAR_XXXVIII\DADOS\OP38_009.hdr
* Software Version Seasave V 7.18c
* Temperature SN = 4808
* Conductivity SN = 3380
* Number of Bytes Per Scan = 31
* Number of Voltage Words = 2
* Number of Scans Averaged by the Deck Unit = 1
* NMEA Latitude = 44 15.92 S
* NMEA Longitude = 052 42.25 W
* NMEA UTC (Time) = Oct 20 2019 07:17:42
** H41
** NAVIO POLAR ALMIRANTE MAXIMIANO
** CRUZEIRO:
** OPERANTAR XXXVIII
** ESTAÇÃO: OP38_009
** LAT 44º 15,92'S
** LONG 052º 42,27'W
** 09P73767-1155
** PROFUNDIDADE: 5806
** DATA/HORA: 200718Z/OUT/19
** OPERADOR: CTTECCHIO
# nquan = 27
# nvalues = 2170                                  
# units = specified
# name 0 = scan: Scan Count
# name 1 = timeJ: Julian Days
# name 2 = latitude: Latitude [deg]
# name 3 = longitude: Longitude [deg]
# name 4 = dz/dtM: Descent Rate [m/s]
# name 5 = avgsvCM: Average Sound Velocity [Chen-Millero, m/s]
# name 6 = prDM: Pressure, Digiquartz [db]
# name 7 = depSM: Depth [salt water, m]
# name 8 = t090C: Temperature [ITS-90, deg C]
# name 9 = t190C: Temperature, 2 [ITS-90, deg C]
# name 10 = T2-T190C: Temperature Difference, 2 - 1 [ITS-90, deg C]
# name 11 = potemp090C: Potential Temperature [ITS-90, deg C]
# name 12 = potemp190C: Potential Temperature, 2 [ITS-90, deg C]
# name 13 = potemp90Cdiff: Potential Temperature, Diff, 2 - 1 [ITS-90, deg C]
# name 14 = c0S/m: Conductivity [S/m]
# name 15 = c1S/m: Conductivity, 2 [S/m]
# name 16 = C2-C1S/m: Conductivity Difference, 2 - 1 [S/m]
# name 17 = sal00: Salinity, Practical [PSU]
# name 18 = sal11: Salinity, Practical, 2 [PSU]
# name 19 = sbeox0ML/L: Oxygen, SBE 43 [ml/l]
# name 20 = sigma-é00: Density [sigma-theta, kg/m^3]
# name 21 = sigma-é11: Density, 2 [sigma-theta, kg/m^3]
# name 22 = sbox0Mm/Kg: Oxygen, SBE 43 [umol/kg]
# name 23 = oxsolMm/Kg: Oxygen Saturation, Garcia & Gordon [umol/kg]
# name 24 = oxsatMm/Kg: Oxygen Saturation, Weiss [umol/kg]
# name 25 = nbf: Bottles Fired
# name 26 = flag:  0.000e+00
# interval = seconds: 0.0416667
# start_time = Oct 20 2019 07:17:42 [NMEA time, header]
# bad_flag = -9.990e-29
*END*
[from data line 1558]
      60562 293.333164  -44.26540  -52.70418      0.058    1497.43     21.714     21.538    14.1127    14.1131     0.0004    14.1095    14.1099     0.0004   4.275156   4.275841   0.000686    35.6470    35.6530     5.2765    26.6641    26.6687    229.528  251.05217  250.90592          9  0.000e+00
      60563 293.333165  -44.26540  -52.70418      0.060    1497.43     21.700     21.524    14.1128    14.1132     0.0004    14.1097    14.1101     0.0004   4.275156   4.275841   0.000686    35.6468    35.6529     5.2738    26.6639    26.6685    229.410  251.05154  250.90527          9  0.000e+00
      60564 293.333165  -44.26540  -52.70418      0.060    1497.43     21.714     21.538    14.1127    14.1139     0.0012    14.1095    14.1108     0.0012   4.275156   4.275923   0.000767    35.6470    35.6530     5.2774    26.6641    26.6685    229.565  251.05217  250.90592          9  0.000e+00
      60565 293.333166  -44.26540  -52.70418      0.062    1497.43     21.700     21.524    14.1127    14.1136     0.0009    14.1095    14.1104     0.0009   4.275092   4.275950   0.000858    35.6464    35.6536     5.2779    26.6636    26.6690    229.590  251.05320  250.90694          9  0.000e+00
      60566 293.333166  -44.26540  -52.70418      0.062    1497.43     21.714     21.538    14.1128    14.1137     0.0009    14.1097    14.1106     0.0009   4.275078   4.275923   0.000845    35.6461    35.6532     5.2785    26.6634    26.6686    229.613  251.05281  250.90654          9  0.000e+00
      60567 293.333166  -44.26540  -52.70418      0.062    1497.43     21.700     21.524    14.1123    14.1137     0.0014    14.1092    14.1106     0.0014   4.275099   4.275936   0.000837    35.6468    35.6533     5.2823    26.6640    26.6687    229.779  251.05418  250.90794          9  0.000e+00
      60568 293.333167  -44.26540  -52.70418      0.058    1497.43     21.659     21.483    14.1127    14.1142     0.0016    14.1095    14.1111     0.0016   4.275113   4.275977   0.000864    35.6466    35.6532     5.2794    26.6638    26.6686    229.656  251.05282  250.90657          9  0.000e+00
      60569 293.333167  -44.26540  -52.70418      0.061    1497.43     21.748     21.572    14.1128    14.1139     0.0011    14.1097    14.1108     0.0011   4.275198   4.275930   0.000731    35.6472    35.6530     5.2797    26.6642    26.6685    229.666  251.05088  250.90461          9  0.000e+00
      60570 293.333168  -44.26540  -52.70418      0.065    1497.43     21.761     21.585    14.1134    14.1146     0.0012    14.1102    14.1114     0.0012   4.275248   4.275909   0.000661    35.6472    35.6522     5.2798    26.6641    26.6677    229.672  251.04836  250.90206          9  0.000e+00
      60571 293.333168  -44.26540  -52.70418      0.062    1497.43     21.700     21.524    14.1137    14.1139     0.0002    14.1105    14.1108     0.0002   4.275283   4.275943   0.000660    35.6472    35.6532     5.2831    26.6641    26.6686    229.817  251.04664  250.90033          9  0.000e+00
      60572 293.333169  -44.26540  -52.70418      0.062    1497.43     21.714     21.538    14.1141    14.1144     0.0004    14.1109    14.1113     0.0004   4.275290   4.275957   0.000667    35.6470    35.6529     5.2838    26.6638    26.6682    229.846  251.04528  250.89894          9  0.000e+00
      60573 293.333169  -44.26540  -52.70418      0.064    1497.43     21.748     21.572    14.1142    14.1141    -0.0001    14.1110    14.1109    -0.0001   4.275297   4.275916   0.000619    35.6469    35.6528     5.2809    26.6637    26.6683    229.721  251.04472  250.89838          9  0.000e+00
      60574 293.333170  -44.26540  -52.70418      0.060    1497.43     21.659     21.483    14.1146    14.1142    -0.0003    14.1114    14.1111    -0.0003   4.275354   4.275970   0.000617    35.6471    35.6532     5.2809    26.6638    26.6685    229.720  251.04249  250.89612          9  0.000e+00
      60575 293.333170  -44.26540  -52.70418      0.062    1497.43     21.748     21.572    14.1142    14.1144     0.0002    14.1110    14.1112     0.0002   4.275311   4.275964   0.000652    35.6470    35.6529     5.2811    26.6638    26.6683    229.727  251.04449  250.89815          9  0.000e+00
      60576 293.333171  -44.26540  -52.70418      0.061    1497.43     21.714     21.538    14.1142    14.1149     0.0007    14.1110    14.1118     0.0007   4.275297   4.276032   0.000734    35.6469    35.6531     5.2811    26.6637    26.6683    229.728  251.04470  250.89835          9  0.000e+00
      60577 293.333171  -44.26540  -52.70418      0.063    1497.43     21.748     21.572    14.1146    14.1149     0.0004    14.1114    14.1118     0.0004   4.275354   4.276059   0.000705    35.6471    35.6533     5.2843    26.6637    26.6685    229.870  251.04255  250.89618          9  0.000e+00
      60578 293.333172  -44.26540  -52.70418      0.061    1497.43     21.714     21.538    14.1151    14.1152     0.0002    14.1119    14.1121     0.0002   4.275396   4.276066   0.000669    35.6470    35.6531     5.2813    26.6636    26.6683    229.736  251.04011  250.89371          9  0.000e+00
      60579 293.333172  -44.26540  -52.70418      0.061    1497.43     21.748     21.572    14.1152    14.1151    -0.0001    14.1120    14.1119    -0.0001   4.275411   4.276059   0.000648    35.6470    35.6532     5.2812    26.6636    26.6683    229.735  251.03944  250.89303          9  0.000e+00
      60580 293.333173  -44.26540  -52.70418      0.062    1497.43     21.714     21.538    14.1154    14.1154     0.0000    14.1122    14.1123     0.0000   4.275411   4.276086   0.000675    35.6468    35.6531     5.2811    26.6634    26.6682    229.731  251.03879  250.89236          9  0.000e+00
      60581 293.333173  -44.26540  -52.70418      0.062    1497.43     21.748     21.572    14.1152    14.1153     0.0001    14.1120    14.1121     0.0001   4.275411   4.276100   0.000689    35.6470    35.6534     5.2779    26.6636    26.6685    229.588  251.03944  250.89303          9  0.000e+00
      60582 293.333174  -44.26540  -52.70418      0.062    1497.43     21.761     21.585    14.1152    14.1156     0.0004    14.1120    14.1124     0.0004   4.275382   4.276147   0.000765    35.6467    35.6535     5.2808    26.6633    26.6685    229.715  251.03991  250.89349          9  0.000e+00
      60583 293.333174  -44.26540  -52.70418      0.062    1497.43     21.748     21.572    14.1152    14.1156     0.0004    14.1120    14.1124     0.0004   4.275375   4.276147   0.000772    35.6467    35.6535     5.2807    26.6633    26.6685    229.709  251.04001  250.89360          9  0.000e+00
      60584 293.333175  -44.26540  -52.70418      0.061    1497.43     21.714     21.538    14.1152    14.1156     0.0004    14.1121    14.1125     0.0004   4.275396   4.276052   0.000656    35.6469    35.6526     5.2805    26.6635    26.6678    229.702  251.03964  250.89323          9  0.000e+00
      60585 293.333175  -44.26540  -52.70418      0.060    1497.43     21.748     21.572    14.1152    14.1153     0.0001    14.1120    14.1121     0.0001   4.275382   4.276052   0.000670    35.6467    35.6529     5.2771    26.6634    26.6681    229.555  251.03990  250.89348          9  0.000e+00
      60586 293.333176  -44.26540  -52.70418      0.061    1497.43     21.761     21.585    14.1152    14.1153     0.0001    14.1120    14.1121     0.0001   4.275375   4.276059   0.000684    35.6467    35.6530     5.2767    26.6633    26.6682    229.537  251.04002  250.89361          9  0.000e+00
      60587 293.333176  -44.26540  -52.70418      0.060    1497.43     21.748     21.572    14.1154    14.1149    -0.0005    14.1122    14.1118    -0.0005   4.275375   4.276059   0.000684    35.6465    35.6533     5.2762    26.6631    26.6685    229.517  251.03939  250.89296          9  0.000e+00
      60588 293.333177  -44.26540  -52.70418      0.061    1497.43     21.761     21.585    14.1151    14.1147    -0.0003    14.1119    14.1116    -0.0003   4.275375   4.276032   0.000656    35.6468    35.6532     5.2758    26.6634    26.6685    229.499  251.04049  250.89409          9  0.000e+00
      60589 293.333177  -44.26540  -52.70418      0.058    1497.43     21.748     21.572    14.1149    14.1149     0.0000    14.1117    14.1118     0.0000   4.275347   4.276025   0.000678    35.6467    35.6530     5.2754    26.6634    26.6682    229.480  251.04157  250.89518          9  0.000e+00
      60590 293.333178  -44.26540  -52.70418      0.059    1497.43     21.761     21.585    14.1149    14.1149     0.0000    14.1117    14.1118     0.0000   4.275340   4.276052   0.000712    35.6466    35.6532     5.2749    26.6633    26.6684    229.459  251.04169  250.89530          9  0.000e+00
      60591 293.333178  -44.26540  -52.70418      0.059    1497.43     21.748     21.572    14.1144    14.1149     0.0006    14.1112    14.1118     0.0006   4.275340   4.276066   0.000726    35.6471    35.6534     5.2712    26.6638    26.6685    229.298  251.04341  250.89705          9  0.000e+00
      60592 293.333179  -44.26540  -52.70418      0.059    1497.43     21.761     21.585    14.1147    14.1151     0.0004    14.1115    14.1119     0.0004   4.275340   4.276086   0.000746    35.6468    35.6534     5.2704    26.6635    26.6685    229.265  251.04232  250.89594          9  0.000e+00
      60593 293.333179  -44.26540  -52.70418      0.055    1497.43     21.748     21.572    14.1147    14.1153     0.0006    14.1115    14.1121     0.0006   4.275304   4.276093   0.000788    35.6465    35.6533     5.2697    26.6633    26.6684    229.233  251.04289  250.89650          9  0.000e+00
      60594 293.333179  -44.26540  -52.70418      0.058    1497.43     21.761     21.585    14.1147    14.1151     0.0004    14.1115    14.1119     0.0004   4.275382   4.276072   0.000690    35.6472    35.6533     5.2692    26.6638    26.6684    229.211  251.04163  250.89525          9  0.000e+00
      60595 293.333180  -44.26540  -52.70418      0.054    1497.43     21.748     21.572    14.1147    14.1151     0.0004    14.1115    14.1119     0.0004   4.275382   4.276113   0.000731    35.6472    35.6537     5.2685    26.6638    26.6687    229.179  251.04162  250.89524          9  0.000e+00
      60596 293.333180  -44.26540  -52.70418      0.050    1497.43     21.714     21.538    14.1151    14.1154     0.0004    14.1119    14.1123     0.0004   4.275368   4.276052   0.000684    35.6468    35.6528     5.2680    26.6634    26.6680    229.157  251.04057  250.89417          9  0.000e+00
      60597 293.333181  -44.26540  -52.70418      0.055    1497.43     21.803     21.626    14.1149    14.1154     0.0005    14.1117    14.1123     0.0005   4.275368   4.276052   0.000684    35.6469    35.6528     5.2673    26.6635    26.6680    229.128  251.04126  250.89487          9  0.000e+00
      60598 293.333181  -44.26540  -52.70418      0.050    1497.43     21.761     21.585    14.1149    14.1149     0.0000    14.1117    14.1118     0.0000   4.275347   4.276032   0.000685    35.6467    35.6531     5.2666    26.6634    26.6683    229.096  251.04158  250.89519          9  0.000e+00
      60599 293.333182  -44.26540  -52.70418      0.052    1497.43     21.748     21.572    14.1144    14.1149     0.0006    14.1112    14.1118     0.0006   4.275276   4.276052   0.000776    35.6465    35.6532     5.2662    26.6634    26.6684    229.079  251.04444  250.89808          9  0.000e+00
      60600 293.333182  -44.26540  -52.70418      0.049    1497.43     21.761     21.585    14.1142    14.1151     0.0009    14.1110    14.1119     0.0009   4.275319   4.276066   0.000747    35.6471    35.6532     5.2655    26.6638    26.6684    229.048  251.04439  250.89804          9  0.000e+00
      60601 293.333183  -44.26540  -52.70418      0.050    1497.43     21.803     21.626    14.1147    14.1149     0.0002    14.1115    14.1118     0.0002   4.275340   4.276059   0.000719    35.6468    35.6533     5.2650    26.6635    26.6685    229.028  251.04235  250.89597          9  0.000e+00
      60602 293.333183  -44.26540  -52.70418      0.045    1497.43     21.714     21.538    14.1146    14.1149     0.0004    14.1114    14.1118     0.0004   4.275361   4.276004   0.000643    35.6472    35.6528     5.2645    26.6638    26.6681    229.007  251.04241  250.89604          9  0.000e+00
      60603 293.333184  -44.26540  -52.70418      0.045    1497.43     21.748     21.572    14.1149    14.1149     0.0000    14.1117    14.1118     0.0000   4.275375   4.276045   0.000670    35.6470    35.6532     5.2641    26.6636    26.6684    228.988  251.04111  250.89472          9  0.000e+00
      60604 293.333184  -44.26540  -52.70418      0.045    1497.43     21.816     21.639    14.1151    14.1154     0.0004    14.1119    14.1123     0.0004   4.275425   4.276059   0.000634    35.6472    35.6528     5.2640    26.6638    26.6680    228.983  251.03973  250.89332          9  0.000e+00
      60605 293.333185  -44.26540  -52.70418      0.039    1497.43     21.700     21.524    14.1156    14.1151    -0.0005    14.1124    14.1119    -0.0005   4.275467   4.276086   0.000619    35.6472    35.6534     5.2634    26.6636    26.6686    228.961  251.03723  250.89080          9  0.000e+00
      60606 293.333185  -44.26540  -52.70418      0.042    1497.43     21.816     21.639    14.1157    14.1158     0.0000    14.1125    14.1126     0.0000   4.275481   4.276127   0.000645    35.6472    35.6531     5.2631    26.6636    26.6682    228.947  251.03661  250.89017          9  0.000e+00
      60607 293.333186  -44.26540  -52.70418      0.042    1497.43     21.748     21.572    14.1162    14.1158    -0.0005    14.1131    14.1126    -0.0005   4.275510   4.276134   0.000624    35.6470    35.6532     5.2627    26.6633    26.6683    228.927  251.03438  250.88791          9  0.000e+00
      60608 293.333186  -44.26540  -52.70418      0.038    1497.43     21.761     21.585    14.1162    14.1154    -0.0008    14.1131    14.1123    -0.0008   4.275481   4.276134   0.000652    35.6467    35.6535     5.2623    26.6631    26.6686    228.913  251.03485  250.88837          9  0.000e+00
      60609 293.333187  -44.26540  -52.70418      0.037    1497.43     21.748     21.572    14.1162    14.1156    -0.0006    14.1131    14.1124    -0.0006   4.275510   4.276140   0.000631    35.6470    35.6534     5.2620    26.6633    26.6685    228.897  251.03438  250.88791          9  0.000e+00
      60610 293.333187  -44.26540  -52.70418      0.030    1497.43     21.714     21.538    14.1166    14.1163    -0.0003    14.1134    14.1131    -0.0003   4.275488   4.276134   0.000645    35.6465    35.6528     5.2616    26.6628    26.6678    228.881  251.03345  250.88695          9  0.000e+00
      60611 293.333188  -44.26540  -52.70418      0.032    1497.43     21.803     21.626    14.1165    14.1161    -0.0004    14.1134    14.1129    -0.0004   4.275538   4.276106   0.000568    35.6469    35.6526     5.2616    26.6632    26.6677    228.881  251.03286  250.88637          9  0.000e+00
      60612 293.333188  -44.26540  -52.70418      0.024    1497.43     21.645     21.470    14.1165    14.1158    -0.0008    14.1134    14.1126    -0.0008   4.275531   4.276127   0.000596    35.6469    35.6532     5.2645    26.6632    26.6682    229.005  251.03286  250.88637          9  0.000e+00
      60613 293.333189  -44.26540  -52.70418      0.026    1497.43     21.816     21.639    14.1165    14.1163    -0.0003    14.1134    14.1131    -0.0003   4.275524   4.276161   0.000637    35.6468    35.6530     5.2648    26.6631    26.6679    229.020  251.03310  250.88661          9  0.000e+00
