Pos-Processados/process_op38/operantar38_013b.ros
* Sea-Bird SBE 9 Data File:
* FileName = D:\OPERANTAR_XXXVIII\DADOS\OP38_013b.hdr
* Software Version Seasave V 7.18c
* Temperature SN = 4808
* Conductivity SN = 3380
* Number of Bytes Per Scan = 34
* Number of Voltage Words = 3
* Number of Scans Averaged by the Deck Unit = 1
* NMEA Latitude = 62 08.60 S
* NMEA Longitude = 058 24.70 W
* NMEA UTC (Time) = Nov 05 2019 03:39:39
** H41
** NAVIO POLAR ALMIRANTE MAXIMIANO
** CRUZEIRO:
** OPERANTAR XXXVIII
** ESTAÇÃO: OP38_013b
** LAT 62 08,60' S
** LONG 058 24,70' W
** 09P73767-1155_A
** PROFUNDIDADE: 420
** DATA/HORA: 050340Z/NOV/2019
** OPERADOR: SO-HN CHAVES
# nquan = 26
# nvalues = 1802                                  
# units = specified
# name 0 = scan: Scan Count
# name 1 = timeJ: Julian Days
# name 2 = latitude: Latitude [deg]
# name 3 = longitude: Longitude [deg]
# name 4 = dz/dtM: Descent Rate [m/s]
# name 5 = avgsvCM: Average Sound Velocity [Chen-Millero, m/s]
# name 6 = prDM: Pressure, Digiquartz [db]
# name 7 = depSM: Depth [salt water, m]
# name 8 = t090C: Temperature [ITS-90, deg C]
# name 9 = t190C: Temperature, 2 [ITS-90, deg C]
# name 10 = T2-T190C: Temperature Difference, 2 - 1 [ITS-90, deg C]
# name 11 = potemp090C: Potential Temperature [ITS-90, deg C]
# name 12 = potemp190C: Potential Temperature, 2 [ITS-90, deg C]
# name 13 = potemp90Cdiff: Potential Temperature, Diff, 2 - 1 [ITS-90, deg C]
# name 14 = c0S/m: Conductivity [S/m]
# name 15 = c1S/m: Conductivity, 2 [S/m]
# name 16 = C2-C1S/m: Conductivity Difference, 2 - 1 [S/m]
# name 17 = sal00: Salinity, Practical [PSU]
# name 18 = sal11: Salinity, Practical, 2 [PSU]
# name 19 = sbeox0ML/L: Oxygen, SBE 43 [ml/l]
# name 20 = sbeox1ML/L: Oxygen, SBE 43, 2 [ml/l]
# name 21 = sbeox0ML/Ldiff: Oxygen, SBE 43, Diff, 2 - 1 [ml/l]
# name 22 = sigma-é00: Density [sigma-theta, kg/m^3]
# name 23 = sigma-é11: Density, 2 [sigma-theta, kg/m^3]
# name 24 = nbf: Bottles Fired
# name 25 = flag:  0.000e+00
# interval = seconds: 0.0416667
# start_time = Nov 05 2019 03:39:39 [NMEA time, header]
# bad_flag = -9.990e-29
*END*
[from data line 502]
       4382 309.154647  -62.14340  -58.41182      0.232       0.00      1.925      1.907    -0.6658    -0.6664    -0.0006    -0.6659    -0.6664    -0.0006   2.784120   2.784472   0.000352    34.1539    34.1593     7.5973     7.3029    -0.2944    27.4543    27.4587          4  0.000e+00
       4383 309.154648  -62.14340  -58.41182      0.225       0.00      1.870      1.852    -0.6663    -0.6666    -0.0003    -0.6663    -0.6666    -0.0003   2.784048   2.784449   0.000400    34.1535    34.1592     7.5974     7.2982    -0.2992    27.4540    27.4586          4  0.000e+00
       4384 309.154648  -62.14340  -58.41182      0.220       0.00      1.973      1.954    -0.6665    -0.6666    -0.0000    -0.6666    -0.6666    -0.0000   2.783929   2.784443   0.000515    34.1520    34.1590     7.5976     7.2983    -0.2993    27.4528    27.4585          4  0.000e+00
       4385 309.154649  -62.14340  -58.41182      0.214       0.00      1.925      1.907    -0.6666    -0.6670    -0.0004    -0.6667    -0.6671    -0.0004   2.783881   2.784386   0.000505    34.1515    34.1588     7.5969     7.2983    -0.2986    27.4525    27.4583          4  0.000e+00
       4386 309.154649  -62.14340  -58.41182      0.207       0.00      1.925      1.907    -0.6666    -0.6680    -0.0013    -0.6667    -0.6680    -0.0013   2.783929   2.784345   0.000417    34.1522    34.1593     7.5969     7.2984    -0.2984    27.4530    27.4588          4  0.000e+00
       4387 309.154650  -62.14340  -58.41182      0.199       0.00      1.925      1.907    -0.6669    -0.6681    -0.0012    -0.6670    -0.6681    -0.0012   2.783911   2.784305   0.000394    34.1523    34.1589     7.5969     7.2983    -0.2986    27.4531    27.4585          4  0.000e+00
       4388 309.154650  -62.14340  -58.41182      0.191       0.00      1.925      1.907    -0.6668    -0.6681    -0.0013    -0.6668    -0.6681    -0.0013   2.783881   2.784345   0.000465    34.1517    34.1595     7.5977     7.2981    -0.2996    27.4526    27.4589          4  0.000e+00
       4389 309.154651  -62.14340  -58.41182      0.184       0.00      1.925      1.907    -0.6674    -0.6678    -0.0004    -0.6674    -0.6678    -0.0004   2.783833   2.784368   0.000536    34.1518    34.1594     7.5979     7.3036    -0.2942    27.4527    27.4589          4  0.000e+00
       4390 309.154651  -62.14340  -58.41182      0.177       0.00      1.939      1.920    -0.6679    -0.6683    -0.0004    -0.6679    -0.6683    -0.0004   2.783845   2.784351   0.000506    34.1524    34.1597     7.5980     7.3046    -0.2934    27.4532    27.4592          4  0.000e+00
       4391 309.154652  -62.14340  -58.41182      0.165       0.00      1.870      1.852    -0.6680    -0.6686    -0.0005    -0.6681    -0.6686    -0.0005   2.783887   2.784242   0.000355    34.1532    34.1587     7.5980     7.2995    -0.2985    27.4539    27.4583          4  0.000e+00
       4392 309.154652  -62.14340  -58.41182      0.159       0.00      1.925      1.907    -0.6690    -0.6687     0.0002    -0.6690    -0.6688     0.0002   2.783797   2.784207   0.000410    34.1530    34.1583     7.6034     7.3050    -0.2985    27.4538    27.4580          4  0.000e+00
       4393 309.154653  -62.14340  -58.41182      0.152       0.00      1.925      1.907    -0.6693    -0.6692     0.0001    -0.6693    -0.6692     0.0001   2.783767   2.784230   0.000463    34.1530    34.1591     7.6043     7.2998    -0.3045    27.4537    27.4587          4  0.000e+00
       4394 309.154653  -62.14340  -58.41182      0.141       0.00      1.925      1.907    -0.6690    -0.6689     0.0001    -0.6690    -0.6689     0.0001   2.783803   2.784196   0.000393    34.1531    34.1583     7.5990     7.3049    -0.2940    27.4538    27.4580          4  0.000e+00
       4395 309.154654  -62.14340  -58.41182      0.132       0.00      1.870      1.852    -0.6683    -0.6707    -0.0024    -0.6684    -0.6708    -0.0024   2.783803   2.784064   0.000261    34.1524    34.1587     7.5987     7.3057    -0.2930    27.4532    27.4584          4  0.000e+00
       4396 309.154654  -62.14340  -58.41182      0.120       0.00      1.870      1.852    -0.6708    -0.6717    -0.0008    -0.6709    -0.6717    -0.0008   2.783611   2.784023   0.000412    34.1527    34.1592     7.5992     7.3062    -0.2930    27.4535    27.4589          4  0.000e+00
       4397 309.154655  -62.14340  -58.41182      0.113       0.00      1.925      1.907    -0.6745    -0.6712     0.0033    -0.6746    -0.6712     0.0033   2.783396   2.784041   0.000645    34.1539    34.1589     7.6000     7.3006    -0.2994    27.4547    27.4586          4  0.000e+00
       4398 309.154655  -62.14340  -58.41182      0.104       0.00      1.870      1.852    -0.6762    -0.6715     0.0047    -0.6763    -0.6715     0.0047   2.783330   2.784052   0.000722    34.1550    34.1594     7.6002     7.2996    -0.3006    27.4556    27.4590          4  0.000e+00
       4399 309.154656  -62.14340  -58.41182      0.097       0.00      1.925      1.907    -0.6753    -0.6698     0.0055    -0.6753    -0.6698     0.0055   2.783420   2.784190   0.000770    34.1551    34.1593     7.6000     7.3042    -0.2959    27.4557    27.4589          4  0.000e+00
       4400 309.154656  -62.14340  -58.41182      0.083       0.00      1.788      1.771    -0.6755    -0.6683     0.0072    -0.6755    -0.6683     0.0072   2.783372   2.784374   0.001002    34.1547    34.1601     7.5999     7.3037    -0.2962    27.4554    27.4595          4  0.000e+00
       4401 309.154657  -62.14340  -58.41182      0.078       0.00      1.925      1.907    -0.6789    -0.6675     0.0114    -0.6789    -0.6675     0.0114   2.783174   2.784403   0.001229    34.1558    34.1596     7.6007     7.3048    -0.2959    27.4565    27.4590          4  0.000e+00
       4402 309.154657  -62.14340  -58.41182      0.065       0.00      1.870      1.852    -0.6795    -0.6672     0.0123    -0.6795    -0.6672     0.0123   2.783114   2.784414   0.001300    34.1557    34.1594     7.6007     7.2988    -0.3019    27.4564    27.4588          4  0.000e+00
       4403 309.154658  -62.14340  -58.41182      0.059       0.00      1.870      1.852    -0.6771    -0.6670     0.0101    -0.6772    -0.6671     0.0101   2.783270   2.784460   0.001190    34.1552    34.1599     7.6001     7.3033    -0.2969    27.4559    27.4592          4  0.000e+00
       4404 309.154658  -62.14340  -58.41182      0.046       0.00      1.822      1.805    -0.6742    -0.6667     0.0075    -0.6743    -0.6668     0.0075   2.783456   2.784432   0.000976    34.1545    34.1591     7.5994     7.2971    -0.3023    27.4551    27.4586          4  0.000e+00
       4405 309.154659  -62.14340  -58.41182      0.039       0.00      1.870      1.852    -0.6708    -0.6670     0.0038    -0.6709    -0.6671     0.0038   2.783701   2.784437   0.000736    34.1539    34.1595     7.5986     7.2970    -0.3016    27.4545    27.4589          4  0.000e+00
       4406 309.154659  -62.14340  -58.41182      0.026       0.00      1.775      1.757    -0.6690    -0.6667     0.0023    -0.6690    -0.6668     0.0023   2.783905   2.784466   0.000561    34.1546    34.1596     7.5980     7.2954    -0.3026    27.4550    27.4590          4  0.000e+00
       4407 309.154660  -62.14340  -58.41182      0.019       0.00      1.870      1.852    -0.6677    -0.6661     0.0016    -0.6677    -0.6661     0.0016   2.783911   2.784449   0.000538    34.1532    34.1586     7.5978     7.2997    -0.2981    27.4538    27.4582          4  0.000e+00
       4408 309.154660  -62.14340  -58.41182      0.013       0.00      1.870      1.852    -0.6672    -0.6666     0.0007    -0.6673    -0.6666     0.0007   2.783821   2.784443   0.000622    34.1514    34.1591     7.5977     7.2994    -0.2983    27.4524    27.4586          4  0.000e+00
       4409 309.154660  -62.14340  -58.41182      0.003       0.00      1.775      1.757    -0.6719    -0.6666     0.0054    -0.6720    -0.6666     0.0054   2.783396   2.784466   0.001070    34.1511    34.1595     7.5987     7.2929    -0.3057    27.4523    27.4589          4  0.000e+00
       4410 309.154661  -62.14340  -58.41182     -0.010       0.00      1.775      1.757    -0.6771    -0.6664     0.0107    -0.6772    -0.6664     0.0107   2.782911   2.784472   0.001561    34.1504    34.1594     7.5998     7.2912    -0.3087    27.4520    27.4588          4  0.000e+00
       4411 309.154661  -62.14340  -58.41182     -0.017       0.00      1.843      1.825    -0.6810    -0.6683     0.0128    -0.6811    -0.6683     0.0128   2.782635   2.784271   0.001635    34.1510    34.1587     7.6007     7.2958    -0.3049    27.4526    27.4583          4  0.000e+00
       4412 309.154662  -62.14340  -58.41182     -0.027       0.00      1.775      1.758    -0.6834    -0.6718     0.0115    -0.6834    -0.6719     0.0115   2.782510   2.783833   0.001324    34.1520    34.1568     7.6011     7.2901    -0.3110    27.4535    27.4570          4  0.000e+00
       4413 309.154662  -62.14340  -58.41182     -0.037       0.00      1.775      1.758    -0.6849    -0.6749     0.0100    -0.6850    -0.6750     0.0100   2.782420   2.783690   0.001270    34.1526    34.1584     7.6013     7.2958    -0.3055    27.4540    27.4584          4  0.000e+00
       4414 309.154663  -62.14340  -58.41182     -0.047       0.00      1.720      1.703    -0.6855    -0.6746     0.0109    -0.6855    -0.6746     0.0109   2.782438   2.783839   0.001401    34.1535    34.1601     7.6013     7.2901    -0.3112    27.4548    27.4597          4  0.000e+00
       4415 309.154663  -62.14340  -58.41182     -0.060       0.00      1.720      1.703    -0.6850    -0.6746     0.0104    -0.6850    -0.6746     0.0104   2.782552   2.783972   0.001420    34.1544    34.1619     7.6011     7.2893    -0.3118    27.4556    27.4612          4  0.000e+00
       4416 309.154664  -62.14340  -58.41182     -0.066       0.00      1.775      1.758    -0.6832    -0.6732     0.0100    -0.6832    -0.6733     0.0100   2.782803   2.783937   0.001134    34.1558    34.1599     7.6006     7.2872    -0.3134    27.4566    27.4595          4  0.000e+00
       4417 309.154664  -62.14340  -58.41182     -0.076       0.00      1.720      1.703    -0.6801    -0.6726     0.0075    -0.6802    -0.6726     0.0075   2.783210   2.783862   0.000652    34.1578    34.1581     7.5996     7.2851    -0.3145    27.4581    27.4580          4  0.000e+00
       4418 309.154665  -62.14340  -58.41182     -0.089       0.00      1.672      1.656    -0.6764    -0.6735     0.0029    -0.6764    -0.6736     0.0029   2.783480   2.783759   0.000279    34.1573    34.1578     7.5987     7.2844    -0.3143    27.4575    27.4578          4  0.000e+00
       4419 309.154665  -62.14340  -58.41182     -0.098       0.00      1.720      1.703    -0.6750    -0.6736     0.0013    -0.6750    -0.6737     0.0013   2.783569   2.783908   0.000339    34.1569    34.1600     7.5984     7.2835    -0.3148    27.4572    27.4596          4  0.000e+00
       4420 309.154666  -62.14340  -58.41182     -0.106       0.00      1.672      1.656    -0.6738    -0.6731     0.0007    -0.6738    -0.6731     0.0007   2.783605   2.783954   0.000349    34.1561    34.1600     7.5980     7.2825    -0.3155    27.4564    27.4596          4  0.000e+00
       4421 309.154666  -62.14340  -58.41182     -0.115       0.00      1.692      1.676    -0.6724    -0.6743    -0.0019    -0.6724    -0.6743    -0.0019   2.783665   2.783943   0.000278    34.1553    34.1612     7.5977     7.2819    -0.3158    27.4557    27.4606          4  0.000e+00
       4422 309.154667  -62.14340  -58.41182     -0.125       0.00      1.672      1.656    -0.6724    -0.6729    -0.0005    -0.6724    -0.6729    -0.0005   2.783599   2.784064   0.000464    34.1544    34.1612     7.5976     7.2807    -0.3170    27.4550    27.4606          4  0.000e+00
       4423 309.154667  -62.14340  -58.41182     -0.134       0.00      1.624      1.608    -0.6744    -0.6714     0.0030    -0.6744    -0.6714     0.0030   2.783402   2.784161   0.000760    34.1540    34.1609     7.5980     7.2865    -0.3115    27.4548    27.4602          4  0.000e+00
       4424 309.154668  -62.14340  -58.41182     -0.142       0.00      1.672      1.656    -0.6752    -0.6703     0.0049    -0.6752    -0.6703     0.0049   2.783228   2.784184   0.000956    34.1525    34.1599     7.5983     7.2808    -0.3175    27.4536    27.4594          4  0.000e+00
       4425 309.154668  -62.14340  -58.41182     -0.150       0.00      1.624      1.608    -0.6761    -0.6706     0.0055    -0.6761    -0.6706     0.0055   2.783210   2.784081   0.000871    34.1534    34.1589     7.5983     7.2800    -0.3183    27.4543    27.4586          4  0.000e+00
       4426 309.154669  -62.14340  -58.41182     -0.157       0.00      1.624      1.608    -0.6753    -0.6732     0.0021    -0.6753    -0.6732     0.0021   2.783270   2.783770   0.000500    34.1533    34.1577     7.5981     7.2798    -0.3183    27.4542    27.4577          4  0.000e+00
       4427 309.154669  -62.14340  -58.41182     -0.163       0.00      1.624      1.608    -0.6756    -0.6777    -0.0020    -0.6757    -0.6777    -0.0020   2.783312   2.783465   0.000153    34.1542    34.1586     7.5980     7.2857    -0.3123    27.4550    27.4586          4  0.000e+00
       4428 309.154670  -62.14340  -58.41182     -0.171       0.00      1.624      1.608    -0.6752    -0.6797    -0.0046    -0.6752    -0.6798    -0.0046   2.783396   2.783293  -0.000103    34.1548    34.1586     7.5978     7.2806    -0.3172    27.4555    27.4587          4  0.000e+00
       4429 309.154670  -62.14340  -58.41182     -0.173       0.00      1.624      1.608    -0.6744    -0.6815    -0.0072    -0.6744    -0.6816    -0.0072   2.783462   2.783126  -0.000336    34.1548    34.1584     7.5976     7.2813    -0.3163    27.4554    27.4586          4  0.000e+00
       4430 309.154671  -62.14340  -58.41182     -0.180       0.00      1.569      1.554    -0.6731    -0.6840    -0.0109    -0.6732    -0.6840    -0.0109   2.783516   2.782896  -0.000620    34.1542    34.1581     7.5972     7.2821    -0.3151    27.4549    27.4585          4  0.000e+00
       4431 309.154671  -62.14340  -58.41182     -0.185       0.00      1.590      1.574    -0.6736    -0.6861    -0.0125    -0.6736    -0.6861    -0.0125   2.783492   2.782758  -0.000734    34.1544    34.1586     7.5973     7.2830    -0.3143    27.4550    27.4590          4  0.000e+00
       4432 309.154672  -62.14340  -58.41182     -0.191       0.00      1.624      1.608    -0.6744    -0.6859    -0.0115    -0.6744    -0.6859    -0.0115   2.783438   2.782833  -0.000605    34.1545    34.1593     7.5974     7.2822    -0.3152    27.4552    27.4596          4  0.000e+00
       4433 309.154672  -62.14340  -58.41182     -0.193       0.00      1.569      1.554    -0.6752    -0.6849    -0.0098    -0.6752    -0.6850    -0.0098   2.783312   2.782942  -0.000370    34.1537    34.1598     7.5975     7.2811    -0.3164    27.4546    27.4599          4  0.000e+00
       4434 309.154673  -62.14340  -58.41182     -0.197       0.00      1.569      1.554    -0.6767    -0.6839    -0.0072    -0.6767    -0.6840    -0.0072   2.783108   2.783028  -0.000080    34.1527    34.1598     7.5979     7.2801    -0.3177    27.4538    27.4598          4  0.000e+00
       4435 309.154673  -62.14340  -58.41182     -0.200       0.00      1.569      1.554    -0.6784    -0.6835    -0.0051    -0.6785    -0.6836    -0.0051   2.782917   2.783051   0.000134    34.1521    34.1597     7.6034     7.2793    -0.3241    27.4534    27.4597          4  0.000e+00
       4436 309.154674  -62.14340  -58.41182     -0.205       0.00      1.521      1.507    -0.6801    -0.6831    -0.0030    -0.6801    -0.6831    -0.0030   2.782815   2.783086   0.000271    34.1526    34.1597     7.5992     7.2784    -0.3208    27.4539    27.4597          4  0.000e+00
