Pos-Processados/process_op38/operantar38_008B.ros
* Sea-Bird SBE 9 Data File:
* FileName = D:\OPERANTAR_XXXVIII\DADOS\OP38_008B.hdr
* Software Version Seasave V 7.18c
* Temperature SN = 4808
* Conductivity SN = 3380
* Number of Bytes Per Scan = 31
* Number of Voltage Words = 2
* Number of Scans Averaged by the Deck Unit = 1
* NMEA Latitude = 44 36.43 S
* NMEA Longitude = 052 08.36 W
* NMEA UTC (Time) = Oct 20 2019 02:21:12
** H41
** NAVIO POLAR ALMIRANTE MAXIMIANO
** CRUZEIRO:
** OPERANTAR XXXVIII
** ESTAÇÃO:
** LAT
** LONG
** 09P73767-1155
** PROFUNDIDADE:
** DATA/HORA: 20022Z/OUT/19
** OPERADOR: CTTECCHIO
# nquan = 26
# nvalues = 579                                   
# units = specified
# name 0 = scan: Scan Count
# name 1 = timeJ: Julian Days
# name 2 = latitude: Latitude [deg]
# name 3 = longitude: Longitude [deg]
# name 4 = dz/dtM: Descent Rate [m/s]
# name 5 = avgsvCM: Average Sound Velocity [Chen-Millero, m/s]
# name 6 = prDM: Pressure, Digiquartz [db]
# name 7 = depSM: Depth [salt water, m]
# name 8 = t090C: Temperature [ITS-90, deg C]
# name 9 = t190C: Temperature, 2 [ITS-90, deg C]
# name 10 = T2-T190C: Temperature Difference, 2 - 1 [ITS-90, deg C]
# name 11 = potemp090C: Potential Temperature [ITS-90, deg C]
# name 12 = potemp190C: Potential Temperature, 2 [ITS-90, deg C]
# name 13 = potemp90Cdiff: Potential Temperature, Diff, 2 - 1 [ITS-90, deg C]
# name 14 = c0S/m: Conductivity [S/m]
# name 15 = c1S/m: Conductivity, 2 [S/m]
# name 16 = C2-C1S/m: Conductivity Difference, 2 - 1 [S/m]
# name 17 = sal00: Salinity, Practical [PSU]
# name 18 = sal11: Salinity, Practical, 2 [PSU]
# name 19 = sbeox0ML/L: Oxygen, SBE 43 [ml/l]
# name 20 = sbeox1ML/L: Oxygen, SBE 43, 2 [ml/l]
# name 21 = sbeox0ML/Ldiff: Oxygen, SBE 43, Diff, 2 - 1 [ml/l]
# name 22 = sigma-é00: Density [sigma-theta, kg/m^3]
# name 23 = sigma-é11: Density, 2 [sigma-theta, kg/m^3]
# name 24 = nbf: Bottles Fired
# name 25 = flag:  0.000e+00
# interval = seconds: 0.0416667
# start_time = Oct 20 2019 02:21:12 [NMEA time, header]
# bad_flag = -9.990e-29
*END*
[from data line 391]
      10589 293.103162  -44.60466  -52.13640      0.154       0.00      3.298      3.272    11.7843    11.7813    -0.0030    11.7839    11.7809    -0.0030   3.957470   3.957779   0.000310    34.7858    34.7916     6.2047     6.0099    -0.1948    26.4637    26.4688          3  0.000e+00
      10590 293.103162  -44.60466  -52.13640      0.136       0.00      3.250      3.224    11.7844    11.7816    -0.0028    11.7840    11.7812    -0.0028   3.957463   3.957878   0.000415    34.7856    34.7924     6.2053     6.0107    -0.1946    26.4636    26.4694          3  0.000e+00
      10591 293.103163  -44.60466  -52.13640      0.122       0.00      3.278      3.251    11.7843    11.7830    -0.0013    11.7839    11.7826    -0.0013   3.957463   3.957977   0.000514    34.7857    34.7920     6.2091     6.0077    -0.2014    26.4637    26.4688          3  0.000e+00
      10592 293.103163  -44.60466  -52.13640      0.106       0.00      3.250      3.224    11.7845    11.7830    -0.0015    11.7841    11.7826    -0.0015   3.957483   3.957984   0.000500    34.7858    34.7921     6.2100     6.0116    -0.1984    26.4637    26.4689          3  0.000e+00
      10593 293.103164  -44.60466  -52.13640      0.089       0.00      3.195      3.170    11.7846    11.7835    -0.0011    11.7842    11.7831    -0.0011   3.957518   3.958023   0.000506    34.7861    34.7920     6.2070     6.0121    -0.1950    26.4639    26.4687          3  0.000e+00
      10594 293.103164  -44.60466  -52.13640      0.075       0.00      3.250      3.224    11.7847    11.7841    -0.0005    11.7842    11.7837    -0.0005   3.957449   3.958010   0.000561    34.7853    34.7913     6.2109     6.0089    -0.2020    26.4633    26.4681          3  0.000e+00
      10595 293.103165  -44.60466  -52.13640      0.060       0.00      3.250      3.224    11.7847    11.7840    -0.0007    11.7842    11.7836    -0.0007   3.956406   3.958036   0.001630    34.7751    34.7917     6.2119     6.0092    -0.2027    26.4553    26.4684          3  0.000e+00
      10596 293.103165  -44.60466  -52.13640      0.045       0.00      3.195      3.170    11.7844    11.7840    -0.0004    11.7840    11.7836    -0.0004   3.956935   3.957990   0.001056    34.7805    34.7912     6.2122     6.0095    -0.2027    26.4596    26.4680          3  0.000e+00
      10597 293.103166  -44.60466  -52.13640      0.033       0.00      3.250      3.224    11.7845    11.7838    -0.0007    11.7841    11.7834    -0.0007   3.957374   3.957898   0.000524    34.7847    34.7905     6.2123     6.0100    -0.2023    26.4628    26.4675          3  0.000e+00
      10598 293.103166  -44.60466  -52.13640      0.020       0.00      3.195      3.170    11.7838    11.7838    -0.0001    11.7834    11.7834    -0.0001   3.957374   3.957918   0.000544    34.7853    34.7907     6.2129     6.0105    -0.2024    26.4635    26.4677          3  0.000e+00
      10599 293.103166  -44.60466  -52.13640      0.007       0.00      3.195      3.170    11.7839    11.7840     0.0001    11.7835    11.7836     0.0001   3.957175   3.958010   0.000835    34.7833    34.7914     6.2135     6.0111    -0.2024    26.4619    26.4682          3  0.000e+00
      10600 293.103167  -44.60466  -52.13640     -0.006       0.00      3.195      3.170    11.7835    11.7843     0.0008    11.7831    11.7839     0.0008   3.957086   3.958017   0.000931    34.7828    34.7912     6.2175     6.0117    -0.2058    26.4616    26.4679          3  0.000e+00
      10601 293.103167  -44.60466  -52.13640     -0.019       0.00      3.195      3.170    11.7834    11.7840     0.0006    11.7830    11.7836     0.0006   3.957312   3.957977   0.000665    34.7852    34.7911     6.2148     6.0120    -0.2028    26.4634    26.4679          3  0.000e+00
      10602 293.103168  -44.60466  -52.13640     -0.032       0.00      3.148      3.122    11.7834    11.7839     0.0005    11.7830    11.7835     0.0005   3.957394   3.958003   0.000609    34.7860    34.7914     6.2152     6.0123    -0.2029    26.4640    26.4682          3  0.000e+00
      10603 293.103168  -44.60466  -52.13640     -0.042       0.00      3.195      3.170    11.7835    11.7842     0.0007    11.7831    11.7838     0.0007   3.957360   3.958003   0.000644    34.7855    34.7912     6.2188     6.0127    -0.2062    26.4637    26.4680          3  0.000e+00
      10604 293.103169  -44.60464  -52.13640     -0.052       0.00      3.195      3.170    11.7834    11.7838     0.0005    11.7830    11.7834     0.0005   3.957381   3.958003   0.000623    34.7858    34.7915     6.2193     6.0132    -0.2061    26.4640    26.4683          3  0.000e+00
      10605 293.103169  -44.60464  -52.13640     -0.062       0.00      3.147      3.122    11.7832    11.7839     0.0007    11.7828    11.7835     0.0007   3.957367   3.958036   0.000670    34.7859    34.7918     6.2199     6.0136    -0.2063    26.4640    26.4685          3  0.000e+00
      10606 293.103170  -44.60464  -52.13640     -0.072       0.00      3.195      3.170    11.7830    11.7835     0.0005    11.7826    11.7831     0.0005   3.957353   3.957964   0.000611    34.7859    34.7914     6.2204     6.0181    -0.2023    26.4641    26.4683          3  0.000e+00
      10607 293.103170  -44.60464  -52.13640     -0.079       0.00      3.147      3.122    11.7832    11.7838     0.0007    11.7828    11.7834     0.0007   3.957353   3.957971   0.000617    34.7858    34.7912     6.2206     6.0152    -0.2054    26.4639    26.4681          3  0.000e+00
      10608 293.103171  -44.60464  -52.13640     -0.085       0.00      3.195      3.170    11.7834    11.7837     0.0003    11.7830    11.7833     0.0003   3.957408   3.957997   0.000589    34.7861    34.7916     6.2212     6.0159    -0.2053    26.4641    26.4684          3  0.000e+00
      10609 293.103171  -44.60464  -52.13640     -0.091       0.00      3.195      3.170    11.7835    11.7841     0.0006    11.7831    11.7837     0.0006   3.957429   3.957951   0.000522    34.7862    34.7907     6.2180     6.0161    -0.2018    26.4642    26.4676          3  0.000e+00
      10610 293.103172  -44.60464  -52.13640     -0.097       0.00      3.147      3.122    11.7837    11.7840     0.0003    11.7833    11.7836     0.0003   3.957429   3.957971   0.000542    34.7860    34.7911     6.2178     6.0164    -0.2014    26.4640    26.4679          3  0.000e+00
      10611 293.103172  -44.60464  -52.13640     -0.099       0.00      3.195      3.170    11.7841    11.7840    -0.0001    11.7837    11.7836    -0.0001   3.957449   3.957971   0.000521    34.7858    34.7910     6.2215     6.0167    -0.2048    26.4638    26.4679          3  0.000e+00
      10612 293.103173  -44.60464  -52.13640     -0.105       0.00      3.147      3.122    11.7843    11.7835    -0.0008    11.7839    11.7831    -0.0008   3.957483   3.957977   0.000494    34.7860    34.7916     6.2181     6.0171    -0.2010    26.4639    26.4684          3  0.000e+00
      10613 293.103173  -44.60464  -52.13640     -0.111       0.00      3.147      3.122    11.7847    11.7836    -0.0011    11.7843    11.7832    -0.0011   3.957545   3.957997   0.000452    34.7863    34.7917     6.2179     6.0174    -0.2004    26.4641    26.4685          3  0.000e+00
      10614 293.103174  -44.60464  -52.13640     -0.112       0.00      3.195      3.169    11.7854    11.7840    -0.0014    11.7850    11.7836    -0.0014   3.957566   3.958003   0.000438    34.7857    34.7914     6.2176     6.0174    -0.2003    26.4635    26.4681          3  0.000e+00
      10615 293.103174  -44.60464  -52.13640     -0.111       0.00      3.195      3.169    11.7853    11.7838    -0.0015    11.7849    11.7834    -0.0015   3.957586   3.957984   0.000397    34.7860    34.7913     6.2174     6.0174    -0.2001    26.4637    26.4681          3  0.000e+00
      10616 293.103175  -44.60464  -52.13640     -0.115       0.00      3.147      3.122    11.7857    11.7839    -0.0017    11.7853    11.7835    -0.0017   3.956070   3.958023   0.001953    34.7709    34.7916     6.2177     6.0173    -0.2004    26.4519    26.4684          3  0.000e+00
      10617 293.103175  -44.60464  -52.13640     -0.113       0.00      3.195      3.169    11.7859    11.7838    -0.0021    11.7855    11.7834    -0.0021   3.956002   3.957964   0.001962    34.7699    34.7911     6.2209     6.0178    -0.2031    26.4511    26.4680          3  0.000e+00
      10618 293.103176  -44.60464  -52.13640     -0.110       0.00      3.195      3.169    11.7857    11.7840    -0.0017    11.7853    11.7836    -0.0017   3.957236   3.957984   0.000747    34.7823    34.7912     6.2170     6.0183    -0.1987    26.4608    26.4680          3  0.000e+00
      10619 293.103176  -44.60464  -52.13640     -0.110       0.00      3.147      3.122    11.7857    11.7838    -0.0018    11.7853    11.7834    -0.0018   3.957545   3.957977   0.000432    34.7853    34.7913     6.2131     6.0222    -0.1908    26.4631    26.4681          3  0.000e+00
      10620 293.103177  -44.60464  -52.13640     -0.106       0.00      3.195      3.169    11.7856    11.7836    -0.0020    11.7852    11.7832    -0.0020   3.957504   3.957951   0.000447    34.7850    34.7912     6.2125     6.0228    -0.1896    26.4629    26.4681          3  0.000e+00
      10621 293.103177  -44.60464  -52.13640     -0.104       0.00      3.175      3.149    11.7850    11.7837    -0.0013    11.7846    11.7833    -0.0013   3.957470   3.957674   0.000204    34.7852    34.7884     6.2153     6.0234    -0.1919    26.4632    26.4659          3  0.000e+00
      10622 293.103178  -44.60464  -52.13640     -0.100       0.00      3.195      3.169    11.7842    11.7842    -0.0000    11.7838    11.7838    -0.0000   3.957408   3.957852   0.000444    34.7853    34.7897     6.2116     6.0200    -0.1915    26.4634    26.4668          3  0.000e+00
      10623 293.103178  -44.60464  -52.13640     -0.098       0.00      3.147      3.122    11.7836    11.7845     0.0010    11.7832    11.7841     0.0010   3.957387   3.958010   0.000623    34.7858    34.7910     6.2109     6.0200    -0.1909    26.4639    26.4677          3  0.000e+00
      10624 293.103179  -44.60464  -52.13640     -0.096       0.00      3.195      3.169    11.7832    11.7838     0.0006    11.7828    11.7834     0.0006   3.957387   3.957957   0.000570    34.7861    34.7911     6.2103     6.0203    -0.1900    26.4642    26.4680          3  0.000e+00
      10625 293.103179  -44.60464  -52.13640     -0.087       0.00      3.195      3.169    11.7830    11.7833     0.0003    11.7826    11.7829     0.0003   3.957339   3.957938   0.000598    34.7858    34.7913     6.2096     6.0243    -0.1853    26.4640    26.4682          3  0.000e+00
      10626 293.103179  -44.60464  -52.13640     -0.081       0.00      3.195      3.169    11.7829    11.7830     0.0001    11.7825    11.7826     0.0001   3.957291   3.957938   0.000646    34.7854    34.7917     6.2088     6.0249    -0.1839    26.4637    26.4686          3  0.000e+00
      10627 293.103180  -44.60464  -52.13640     -0.078       0.00      3.195      3.169    11.7827    11.7827    -0.0000    11.7823    11.7823    -0.0000   3.957264   3.957891   0.000628    34.7853    34.7915     6.2047     6.0255    -0.1791    26.4637    26.4685          3  0.000e+00
      10628 293.103180  -44.60464  -52.13640     -0.071       0.00      3.195      3.169    11.7824    11.7829     0.0006    11.7820    11.7825     0.0006   3.957257   3.957891   0.000634    34.7856    34.7913     6.2036     6.0256    -0.1780    26.4639    26.4683          3  0.000e+00
      10629 293.103181  -44.60464  -52.13640     -0.065       0.00      3.195      3.169    11.7817    11.7830     0.0013    11.7813    11.7826     0.0013   3.957223   3.957924   0.000702    34.7858    34.7915     6.2030     6.0257    -0.1772    26.4643    26.4685          3  0.000e+00
      10630 293.103181  -44.60464  -52.13640     -0.057       0.00      3.250      3.224    11.7814    11.7832     0.0018    11.7809    11.7827     0.0018   3.957140   3.957891   0.000751    34.7853    34.7910     6.1989     6.0263    -0.1726    26.4640    26.4680          3  0.000e+00
      10631 293.103182  -44.60464  -52.13640     -0.056       0.00      3.147      3.122    11.7814    11.7828     0.0014    11.7810    11.7824     0.0014   3.957168   3.957891   0.000724    34.7857    34.7914     6.1974     6.0268    -0.1706    26.4642    26.4684          3  0.000e+00
      10632 293.103182  -44.60464  -52.13640     -0.045       0.00      3.250      3.224    11.7812    11.7832     0.0019    11.7808    11.7827     0.0019   3.957154   3.957878   0.000724    34.7856    34.7909     6.1965     6.0274    -0.1691    26.4642    26.4679          3  0.000e+00
      10633 293.103183  -44.60464  -52.13640     -0.040       0.00      3.195      3.169    11.7817    11.7832     0.0015    11.7813    11.7827     0.0015   3.957175   3.957891   0.000717    34.7854    34.7910     6.1920     6.0279    -0.1641    26.4639    26.4681          3  0.000e+00
      10634 293.103183  -44.60464  -52.13640     -0.031       0.00      3.250      3.224    11.7815    11.7830     0.0015    11.7811    11.7826     0.0015   3.957161   3.957878   0.000717    34.7854    34.7910     6.1908     6.0324    -0.1584    26.4640    26.4681          3  0.000e+00
      10635 293.103184  -44.60464  -52.13640     -0.029       0.00      3.147      3.122    11.7814    11.7826     0.0012    11.7810    11.7822     0.0012   3.957147   3.957891   0.000744    34.7854    34.7916     6.1930     6.0295    -0.1635    26.4640    26.4686          3  0.000e+00
      10636 293.103184  -44.60464  -52.13640     -0.020       0.00      3.250      3.224    11.7814    11.7825     0.0011    11.7809    11.7821     0.0011   3.957175   3.957872   0.000697    34.7857    34.7914     6.1887     6.0340    -0.1548    26.4642    26.4685          3  0.000e+00
      10637 293.103185  -44.60464  -52.13640     -0.017       0.00      3.195      3.169    11.7817    11.7823     0.0006    11.7813    11.7819     0.0006   3.957209   3.957845   0.000636    34.7857    34.7914     6.1875     6.0344    -0.1530    26.4642    26.4685          3  0.000e+00
      10638 293.103185  -44.60464  -52.13640     -0.008       0.00      3.250      3.224    11.7817    11.7824     0.0007    11.7813    11.7820     0.0007   3.957188   3.957806   0.000617    34.7855    34.7909     6.1864     6.0354    -0.1510    26.4640    26.4680          3  0.000e+00
      10639 293.103186  -44.60464  -52.13640     -0.005       0.00      3.195      3.169    11.7817    11.7822     0.0005    11.7813    11.7818     0.0005   3.957209   3.957779   0.000570    34.7857    34.7909     6.1853     6.0363    -0.1490    26.4642    26.4681          3  0.000e+00
      10640 293.103186  -44.60464  -52.13640      0.000       0.00      3.195      3.169    11.7817    11.7817    -0.0001    11.7813    11.7813    -0.0001   3.957195   3.957760   0.000564    34.7856    34.7912     6.1811     6.0368    -0.1443    26.4640    26.4684          3  0.000e+00
      10641 293.103187  -44.60464  -52.13640      0.007       0.00      3.250      3.224    11.7820    11.7818    -0.0002    11.7816    11.7814    -0.0002   3.957182   3.957812   0.000631    34.7851    34.7915     6.1802     6.0377    -0.1425    26.4637    26.4687          3  0.000e+00
      10642 293.103187  -44.60464  -52.13640      0.007       0.00      3.195      3.169    11.7817    11.7819     0.0002    11.7813    11.7815     0.0002   3.957209   3.957786   0.000577    34.7857    34.7912     6.1790     6.0385    -0.1405    26.4642    26.4684          3  0.000e+00
