Pos-Processados/process_op38/operantar38_007.ros
* Sea-Bird SBE 9 Data File:
* FileName = D:\OPERANTAR_XXXVIII\DADOS\OP38_007.hdr
* Software Version Seasave V 7.18c
* Temperature SN = 4808
* Conductivity SN = 3380
* Number of Bytes Per Scan = 31
* Number of Voltage Words = 2
* Number of Scans Averaged by the Deck Unit = 1
* NMEA Latitude = 44 52.70 S
* NMEA Longitude = 051 46.25 W
* NMEA UTC (Time) = Oct 19 2019 21:28:45
** H41
** NAVIO POLAR ALMIRANTE MAXIMIANO
** CRUZEIRO:
** OPERANTAR XXXVIII
** ESTAÇÃO: OP38_007
** LAT 44 52,70' S
** LONG 051 46,27' W
** 09P73767-1155
** PROFUNDIDADE: 5881
** DATA/HORA: 192130Z/OUT/2019
** OPERADOR: SO-HN CHAVES
# nquan = 27
# nvalues = 4186                                  
# units = specified
# name 0 = scan: Scan Count
# name 1 = timeJ: Julian Days
# name 2 = latitude: Latitude [deg]
# name 3 = longitude: Longitude [deg]
# name 4 = dz/dtM: Descent Rate [m/s]
# name 5 = avgsvCM: Average Sound Velocity [Chen-Millero, m/s]
# name 6 = prDM: Pressure, Digiquartz [db]
# name 7 = depSM: Depth [salt water, m]
# name 8 = t090C: Temperature [ITS-90, deg C]
# name 9 = t190C: Temperature, 2 [ITS-90, deg C]
# name 10 = T2-T190C: Temperature Difference, 2 - 1 [ITS-90, deg C]
# name 11 = potemp090C: Potential Temperature [ITS-90, deg C]
# name 12 = potemp190C: Potential Temperature, 2 [ITS-90, deg C]
# name 13 = potemp90Cdiff: Potential Temperature, Diff, 2 - 1 [ITS-90, deg C]
# name 14 = c0S/m: Conductivity [S/m]
# name 15 = c1S/m: Conductivity, 2 [S/m]
# name 16 = C2-C1S/m: Conductivity Difference, 2 - 1 [S/m]
# name 17 = sal00: Salinity, Practical [PSU]
# name 18 = sal11: Salinity, Practical, 2 [PSU]
# name 19 = sbeox0ML/L: Oxygen, SBE 43 [ml/l]
# name 20 = sigma-é00: Density [sigma-theta, kg/m^3]
# name 21 = sigma-é11: Density, 2 [sigma-theta, kg/m^3]
# name 22 = sbox0Mm/Kg: Oxygen, SBE 43 [umol/kg]
# name 23 = oxsolMm/Kg: Oxygen Saturation, Garcia & Gordon [umol/kg]
# name 24 = oxsatMm/Kg: Oxygen Saturation, Weiss [umol/kg]
# name 25 = nbf: Bottles Fired
# name 26 = flag:  0.000e+00
# interval = seconds: 0.0416667
# start_time = Oct 19 2019 21:28:45 [NMEA time, header]
# bad_flag = -9.990e-29
*END*
[from data line 3061]
      65582 292.926592  -44.87832  -51.77094      0.064    1474.80     41.441     41.101     9.4945     9.4955     0.0010     9.4899     9.4909     0.0010   3.727974   3.728689   0.000715    34.6363    34.6427     6.2480    26.7536    26.7585    271.763  278.36012  278.54743         18  0.000e+00
      65583 292.926592  -44.87832  -51.77094      0.061    1474.80     41.393     41.053     9.4948     9.4953     0.0006     9.4902     9.4907     0.0006   3.728007   3.728689   0.000681    34.6364    34.6429     6.2517    26.7536    26.7586    271.926  278.35816  278.54545         18  0.000e+00
      65584 292.926593  -44.87832  -51.77094      0.058    1474.80     41.393     41.053     9.4948     9.4955     0.0007     9.4902     9.4909     0.0007   3.728007   3.728689   0.000681    34.6364    34.6427     6.2522    26.7536    26.7585    271.946  278.35816  278.54545         18  0.000e+00
      65585 292.926593  -44.87832  -51.77094      0.058    1474.80     41.441     41.101     9.4950     9.4953     0.0004     9.4904     9.4907     0.0004   3.727994   3.728689   0.000695    34.6360    34.6429     6.2526    26.7533    26.7586    271.966  278.35766  278.54493         18  0.000e+00
      65586 292.926594  -44.87832  -51.77094      0.057    1474.80     41.393     41.053     9.4948     9.4955     0.0007     9.4902     9.4909     0.0007   3.727967   3.728695   0.000728    34.6360    34.6428     6.2530    26.7533    26.7585    271.983  278.35899  278.54628         18  0.000e+00
      65587 292.926594  -44.87832  -51.77094      0.059    1474.80     41.441     41.101     9.4948     9.4955     0.0007     9.4902     9.4909     0.0007   3.727981   3.728663   0.000682    34.6361    34.6424     6.2534    26.7534    26.7582    272.000  278.35876  278.54604         18  0.000e+00
      65588 292.926595  -44.87832  -51.77096      0.055    1474.80     41.393     41.053     9.4946     9.4952     0.0006     9.4900     9.4906     0.0006   3.727994   3.728702   0.000708    34.6364    34.6432     6.2537    26.7537    26.7589    272.014  278.35904  278.54635         18  0.000e+00
      65589 292.926595  -44.87832  -51.77096      0.053    1474.80     41.441     41.101     9.4946     9.4955     0.0009     9.4900     9.4909     0.0009   3.727994   3.728669   0.000675    34.6364    34.6425     6.2541    26.7536    26.7583    272.029  278.35909  278.54640         18  0.000e+00
      65590 292.926596  -44.87832  -51.77096      0.052    1474.80     41.393     41.053     9.4948     9.4957     0.0009     9.4902     9.4911     0.0009   3.728001   3.728676   0.000675    34.6363    34.6424     6.2584    26.7536    26.7582    272.216  278.35830  278.54559         18  0.000e+00
      65591 292.926596  -44.87832  -51.77096      0.050    1474.80     41.441     41.101     9.4948     9.4957     0.0009     9.4902     9.4911     0.0009   3.728021   3.728663   0.000642    34.6365    34.6423     6.2557    26.7537    26.7581    272.099  278.35792  278.54522         18  0.000e+00
      65592 292.926597  -44.87832  -51.77096      0.047    1474.80     41.393     41.053     9.4948     9.4955     0.0007     9.4902     9.4909     0.0007   3.728001   3.728631   0.000630    34.6363    34.6422     6.2559    26.7536    26.7580    272.108  278.35830  278.54559         18  0.000e+00
      65593 292.926597  -44.87832  -51.77096      0.045    1474.80     41.441     41.101     9.4951     9.4955     0.0004     9.4905     9.4909     0.0004   3.728014   3.728631   0.000617    34.6361    34.6421     6.2561    26.7533    26.7580    272.117  278.35664  278.54390         18  0.000e+00
      65594 292.926598  -44.87832  -51.77096      0.042    1474.80     41.393     41.053     9.4950     9.4952     0.0002     9.4904     9.4906     0.0002   3.728027   3.728650   0.000623    34.6364    34.6426     6.2562    26.7536    26.7584    272.123  278.35693  278.54420         18  0.000e+00
      65595 292.926598  -44.87832  -51.77096      0.039    1474.80     41.393     41.053     9.4951     9.4952     0.0001     9.4905     9.4906     0.0001   3.728027   3.728676   0.000648    34.6363    34.6429     6.2563    26.7535    26.7587    272.128  278.35632  278.54358         18  0.000e+00
      65596 292.926599  -44.87832  -51.77096      0.039    1474.80     41.393     41.053     9.4951     9.4957     0.0006     9.4905     9.4911     0.0006   3.728001   3.728689   0.000688    34.6360    34.6426     6.2565    26.7533    26.7583    272.133  278.35687  278.54413         18  0.000e+00
      65597 292.926599  -44.87832  -51.77096      0.036    1474.80     41.441     41.101     9.4950     9.4948    -0.0001     9.4904     9.4903    -0.0001   3.728001   3.728689   0.000688    34.6361    34.6433     6.2566    26.7534    26.7591    272.139  278.35753  278.54480         18  0.000e+00
      65598 292.926600  -44.87832  -51.77096      0.033    1474.80     41.393     41.053     9.4951     9.4957     0.0006     9.4905     9.4911     0.0006   3.728021   3.728663   0.000642    34.6362    34.6423     6.2566    26.7534    26.7581    272.138  278.35645  278.54371         18  0.000e+00
      65599 292.926600  -44.87832  -51.77096      0.029    1474.80     41.393     41.053     9.4953     9.4953     0.0001     9.4907     9.4907     0.0001   3.728048   3.728676   0.000628    34.6363    34.6428     6.2566    26.7535    26.7585    272.137  278.35529  278.54254         18  0.000e+00
      65600 292.926601  -44.87832  -51.77096      0.026    1474.80     41.393     41.053     9.4951     9.4957     0.0006     9.4905     9.4911     0.0006   3.728061   3.728695   0.000634    34.6366    34.6426     6.2566    26.7537    26.7584    272.137  278.35562  278.54289         18  0.000e+00
      65601 292.926601  -44.87832  -51.77096      0.022    1474.80     41.393     41.053     9.4950     9.4952     0.0002     9.4904     9.4906     0.0002   3.728034   3.728663   0.000629    34.6365    34.6428     6.2565    26.7537    26.7585    272.136  278.35679  278.54406         18  0.000e+00
      65602 292.926602  -44.87832  -51.77096      0.021    1474.80     41.393     41.053     9.4951     9.4957     0.0006     9.4905     9.4911     0.0006   3.728027   3.728676   0.000648    34.6363    34.6424     6.2564    26.7535    26.7582    272.132  278.35632  278.54358         18  0.000e+00
      65603 292.926602  -44.87832  -51.77096      0.020    1474.80     41.441     41.101     9.4950     9.4957     0.0007     9.4904     9.4911     0.0007   3.728001   3.728663   0.000662    34.6361    34.6423     6.2564    26.7534    26.7581    272.131  278.35753  278.54480         18  0.000e+00
      65604 292.926603  -44.87832  -51.77096      0.016    1474.80     41.338     40.999     9.4950     9.4955     0.0005     9.4904     9.4909     0.0005   3.728027   3.728656   0.000629    34.6364    34.6424     6.2562    26.7536    26.7582    272.120  278.35688  278.54415         18  0.000e+00
      65605 292.926603  -44.87832  -51.77096      0.012    1474.80     41.393     41.053     9.4951     9.4958     0.0007     9.4905     9.4912     0.0007   3.728054   3.728657   0.000602    34.6365    34.6421     6.2560    26.7537    26.7579    272.114  278.35576  278.54302         18  0.000e+00
      65606 292.926603  -44.87832  -51.77096      0.011    1474.80     41.393     41.053     9.4951     9.4955     0.0003     9.4905     9.4909     0.0003   3.728061   3.728676   0.000615    34.6366    34.6426     6.2558    26.7537    26.7584    272.105  278.35562  278.54289         18  0.000e+00
      65607 292.926604  -44.87832  -51.77096      0.007    1474.80     41.393     41.053     9.4951     9.4955     0.0004     9.4905     9.4909     0.0004   3.728061   3.728637   0.000576    34.6366    34.6422     6.2519    26.7537    26.7581    271.934  278.35562  278.54289         18  0.000e+00
      65608 292.926604  -44.87832  -51.77096      0.003    1474.80     41.338     40.999     9.4953     9.4953     0.0001     9.4907     9.4907     0.0001   3.728034   3.728656   0.000622    34.6362    34.6426     6.2549    26.7534    26.7584    272.066  278.35552  278.54276         18  0.000e+00
      65609 292.926605  -44.87832  -51.77096     -0.004    1474.80     41.338     40.999     9.4948     9.4957     0.0009     9.4902     9.4911     0.0009   3.728001   3.728656   0.000656    34.6363    34.6423     6.2547    26.7536    26.7581    272.057  278.35825  278.54554         18  0.000e+00
      65610 292.926605  -44.87832  -51.77096     -0.008    1474.80     41.338     40.999     9.4948     9.4957     0.0009     9.4902     9.4911     0.0009   3.727994   3.728656   0.000663    34.6363    34.6423     6.2544    26.7535    26.7581    272.044  278.35838  278.54568         18  0.000e+00
      65611 292.926606  -44.87832  -51.77096     -0.009    1474.80     41.393     41.053     9.4948     9.4953     0.0006     9.4902     9.4907     0.0006   3.728001   3.728676   0.000675    34.6363    34.6428     6.2541    26.7536    26.7585    272.031  278.35830  278.54559         18  0.000e+00
      65612 292.926606  -44.87832  -51.77094     -0.013    1474.80     41.338     40.999     9.4950     9.4953     0.0004     9.4904     9.4907     0.0004   3.728021   3.728708   0.000687    34.6364    34.6431     6.2537    26.7536    26.7588    272.012  278.35701  278.54429         18  0.000e+00
      65613 292.926607  -44.87832  -51.77094     -0.020    1474.80     41.338     40.999     9.4950     9.4957     0.0007     9.4904     9.4911     0.0007   3.728027   3.728695   0.000668    34.6364    34.6427     6.2533    26.7536    26.7584    271.994  278.35688  278.54415         18  0.000e+00
      65614 292.926607  -44.87832  -51.77094     -0.021    1474.80     41.338     40.999     9.4950     9.4953     0.0004     9.4904     9.4907     0.0004   3.728027   3.728689   0.000661    34.6364    34.6429     6.2495    26.7536    26.7586    271.831  278.35688  278.54415         18  0.000e+00
      65615 292.926608  -44.87832  -51.77094     -0.028    1474.80     41.338     40.999     9.4950     9.4953     0.0004     9.4904     9.4907     0.0004   3.728001   3.728624   0.000624    34.6362    34.6423     6.2487    26.7534    26.7581    271.797  278.35743  278.54470         18  0.000e+00
      65616 292.926608  -44.87832  -51.77094     -0.031    1474.80     41.290     40.951     9.4951     9.4950    -0.0001     9.4905     9.4904    -0.0001   3.728014   3.728644   0.000630    34.6362    34.6428     6.2482    26.7534    26.7586    271.776  278.35650  278.54376         19  0.000e+00
      65617 292.926609  -44.87832  -51.77094     -0.041    1474.80     41.290     40.951     9.4950     9.4955     0.0005     9.4904     9.4909     0.0005   3.728034   3.728656   0.000622    34.6365    34.6424     6.2511    26.7537    26.7582    271.902  278.35669  278.54397         19  0.000e+00
      65618 292.926609  -44.87832  -51.77094     -0.043    1474.80     41.290     40.951     9.4951     9.4952     0.0001     9.4905     9.4906     0.0001   3.728027   3.728631   0.000603    34.6363    34.6425     6.2470    26.7535    26.7583    271.719  278.35622  278.54348         19  0.000e+00
      65619 292.926610  -44.87832  -51.77094     -0.046    1474.80     41.338     40.999     9.4950     9.4953     0.0004     9.4904     9.4907     0.0004   3.728048   3.728644   0.000596    34.6366    34.6425     6.2498    26.7538    26.7583    271.845  278.35646  278.54374         19  0.000e+00
      65620 292.926610  -44.87832  -51.77094     -0.052    1474.80     41.290     40.951     9.4950     9.4953     0.0003     9.4904     9.4907     0.0003   3.728007   3.728656   0.000649    34.6362    34.6427     6.2460    26.7535    26.7584    271.677  278.35725  278.54452         19  0.000e+00
      65621 292.926611  -44.87832  -51.77094     -0.057    1474.80     41.290     40.951     9.4951     9.4950    -0.0001     9.4905     9.4904    -0.0001   3.728041   3.728656   0.000616    34.6364    34.6429     6.2492    26.7536    26.7587    271.815  278.35594  278.54321         19  0.000e+00
      65622 292.926611  -44.87832  -51.77094     -0.065    1474.80     41.236     40.897     9.4950     9.4955     0.0005     9.4904     9.4909     0.0005   3.728034   3.728637   0.000603    34.6365    34.6423     6.2453    26.7537    26.7581    271.646  278.35664  278.54392         19  0.000e+00
      65623 292.926612  -44.87832  -51.77094     -0.066    1474.80     41.338     40.999     9.4951     9.4952     0.0001     9.4905     9.4906     0.0001   3.728027   3.728624   0.000597    34.6363    34.6424     6.2485    26.7535    26.7583    271.788  278.35627  278.54353         19  0.000e+00
      65624 292.926612  -44.87832  -51.77094     -0.074    1474.80     41.188     40.850     9.4951     9.4948    -0.0003     9.4905     9.4903    -0.0003   3.728034   3.728644   0.000610    34.6364    34.6430     6.2482    26.7536    26.7588    271.775  278.35599  278.54325         19  0.000e+00
      65625 292.926613  -44.87832  -51.77094     -0.077    1474.80     41.290     40.952     9.4950     9.4952     0.0002     9.4904     9.4906     0.0002   3.728054   3.728631   0.000577    34.6367    34.6425     6.2444    26.7539    26.7583    271.609  278.35628  278.54356         19  0.000e+00
      65626 292.926613  -44.87832  -51.77094     -0.081    1474.80     41.236     40.897     9.4951     9.4950    -0.0001     9.4905     9.4904    -0.0001   3.728034   3.728624   0.000590    34.6364    34.6426     6.2475    26.7536    26.7584    271.745  278.35603  278.54329         19  0.000e+00
      65627 292.926614  -44.87832  -51.77094     -0.087    1474.80     41.236     40.897     9.4951     9.4950    -0.0001     9.4905     9.4904    -0.0001   3.728027   3.728644   0.000616    34.6363    34.6428     6.2473    26.7535    26.7586    271.736  278.35617  278.54343         19  0.000e+00
      65628 292.926614  -44.87832  -51.77094     -0.090    1474.80     41.236     40.897     9.4951     9.4950    -0.0001     9.4905     9.4904    -0.0001   3.728001   3.728656   0.000656    34.6361    34.6429     6.2471    26.7533    26.7587    271.727  278.35673  278.54398         19  0.000e+00
      65629 292.926615  -44.87832  -51.77094     -0.102    1474.80     41.188     40.850     9.4951     9.4957     0.0006     9.4905     9.4911     0.0006   3.728068   3.728637   0.000570    34.6368    34.6421     6.2468    26.7539    26.7580    271.714  278.35529  278.54256         19  0.000e+00
      65630 292.926615  -44.87832  -51.77094     -0.107    1474.80     41.188     40.850     9.4953     9.4955     0.0002     9.4907     9.4909     0.0002   3.728041   3.728624   0.000584    34.6364    34.6422     6.2466    26.7535    26.7580    271.703  278.35524  278.54249         19  0.000e+00
      65631 292.926616  -44.87832  -51.77094     -0.108    1474.80     41.236     40.897     9.4951     9.4948    -0.0003     9.4905     9.4903    -0.0003   3.728034   3.728669   0.000635    34.6364    34.6432     6.2464    26.7536    26.7590    271.695  278.35603  278.54329         19  0.000e+00
      65632 292.926616  -44.87832  -51.77094     -0.114    1474.80     41.188     40.850     9.4951     9.4952     0.0001     9.4905     9.4906     0.0001   3.728054   3.728663   0.000609    34.6366    34.6429     6.2464    26.7538    26.7586    271.697  278.35557  278.54284         19  0.000e+00
      65633 292.926617  -44.87832  -51.77094     -0.121    1474.80     41.188     40.850     9.4950     9.4952     0.0002     9.4904     9.4906     0.0002   3.728034   3.728676   0.000642    34.6366    34.6430     6.2466    26.7537    26.7587    271.703  278.35660  278.54388         19  0.000e+00
      65634 292.926617  -44.87832  -51.77094     -0.126    1474.80     41.140     40.802     9.4953     9.4952    -0.0001     9.4907     9.4906    -0.0001   3.728027   3.728708   0.000681    34.6362    34.6434     6.2466    26.7534    26.7590    271.705  278.35547  278.54272         19  0.000e+00
