Pos-Processados/process_op38/operantar38_007.ros
* Sea-Bird SBE 9 Data File:
* FileName = D:\OPERANTAR_XXXVIII\DADOS\OP38_007.hdr
* Software Version Seasave V 7.18c
* Temperature SN = 4808
* Conductivity SN = 3380
* Number of Bytes Per Scan = 31
* Number of Voltage Words = 2
* Number of Scans Averaged by the Deck Unit = 1
* NMEA Latitude = 44 52.70 S
* NMEA Longitude = 051 46.25 W
* NMEA UTC (Time) = Oct 19 2019 21:28:45
** H41
** NAVIO POLAR ALMIRANTE MAXIMIANO
** CRUZEIRO:
** OPERANTAR XXXVIII
** ESTAÇÃO: OP38_007
** LAT 44 52,70' S
** LONG 051 46,27' W
** 09P73767-1155
** PROFUNDIDADE: 5881
** DATA/HORA: 192130Z/OUT/2019
** OPERADOR: SO-HN CHAVES
# nquan = 24
# nvalues = 4186                                  
# units = specified
# name 0 = scan: Scan Count
# name 1 = timeJ: Julian Days
# name 2 = latitude: Latitude [deg]
# name 3 = longitude: Longitude [deg]
# name 4 = dz/dtM: Descent Rate [m/s]
# name 5 = avgsvCM: Average Sound Velocity [Chen-Millero, m/s]
# name 6 = prDM: Pressure, Digiquartz [db]
# name 7 = depSM: Depth [salt water, m]
# name 8 = t090C: Temperature [ITS-90, deg C]
# name 9 = t190C: Temperature, 2 [ITS-90, deg C]
# name 10 = T2-T190C: Temperature Difference, 2 - 1 [ITS-90, deg C]
# name 11 = potemp090C: Potential Temperature [ITS-90, deg C]
# name 12 = potemp190C: Potential Temperature, 2 [ITS-90, deg C]
# name 13 = potemp90Cdiff: Potential Temperature, Diff, 2 - 1 [ITS-90, deg C]
# name 14 = c0S/m: Conductivity [S/m]
# name 15 = c1S/m: Conductivity, 2 [S/m]
# name 16 = C2-C1S/m: Conductivity Difference, 2 - 1 [S/m]
# name 17 = sal00: Salinity, Practical [PSU]
# name 18 = sal11: Salinity, Practical, 2 [PSU]
# name 19 = sbeox0ML/L: Oxygen, SBE 43 [ml/l]
# name 20 = sigma-é00: Density [sigma-theta, kg/m^3]
# name 21 = sigma-é11: Density, 2 [sigma-theta, kg/m^3]
# name 22 = nbf: Bottles Fired
# name 23 = flag:  0.000e+00
# interval = seconds: 0.0416667
# start_time = Oct 19 2019 21:28:45 [NMEA time, header]
# bad_flag = -9.990e-29
*END*
[from data line 3684]
      66250 292.926914  -44.87832  -51.77094      0.068    1474.80     40.686     40.352     9.4967     9.4965    -0.0003     9.4922     9.4920    -0.0003   3.728221   3.728811   0.000589    34.6370    34.6434     6.2514    26.7538    26.7588         22  0.000e+00
      66251 292.926915  -44.87832  -51.77094      0.066    1474.80     40.686     40.352     9.4967     9.4967    -0.0001     9.4922     9.4921    -0.0001   3.728195   3.728772   0.000577    34.6367    34.6428     6.2551    26.7536    26.7583         22  0.000e+00
      66252 292.926915  -44.87832  -51.77094      0.072    1474.80     40.741     40.407     9.4964     9.4963    -0.0001     9.4919     9.4918    -0.0001   3.728161   3.728759   0.000598    34.6367    34.6430     6.2552    26.7535    26.7585         22  0.000e+00
      66253 292.926916  -44.87832  -51.77094      0.067    1474.80     40.638     40.305     9.4967     9.4967    -0.0001     9.4922     9.4922    -0.0001   3.728175   3.728785   0.000610    34.6366    34.6430     6.2553    26.7534    26.7584         22  0.000e+00
      66254 292.926916  -44.87832  -51.77094      0.072    1474.80     40.741     40.407     9.4964     9.4962    -0.0003     9.4919     9.4916    -0.0003   3.728208   3.728791   0.000583    34.6371    34.6435     6.2557    26.7539    26.7589         22  0.000e+00
      66255 292.926916  -44.87832  -51.77094      0.069    1474.80     40.686     40.352     9.4967     9.4966    -0.0002     9.4922     9.4921    -0.0002   3.728168   3.728791   0.000624    34.6365    34.6431     6.2558    26.7533    26.7585         22  0.000e+00
      66256 292.926917  -44.87832  -51.77094      0.073    1474.80     40.741     40.407     9.4966     9.4968     0.0002     9.4921     9.4923     0.0002   3.728215   3.728791   0.000577    34.6371    34.6428     6.2560    26.7538    26.7583         22  0.000e+00
      66257 292.926917  -44.87832  -51.77094      0.070    1474.80     40.686     40.352     9.4967     9.4968     0.0001     9.4922     9.4923     0.0001   3.728154   3.728811   0.000656    34.6363    34.6430     6.2565    26.7532    26.7585         22  0.000e+00
      66258 292.926918  -44.87832  -51.77094      0.073    1474.80     40.741     40.407     9.4967     9.4968     0.0001     9.4922     9.4923     0.0001   3.728195   3.728843   0.000648    34.6367    34.6433     6.2566    26.7535    26.7587         22  0.000e+00
      66259 292.926918  -44.87832  -51.77094      0.069    1474.80     40.686     40.352     9.4967     9.4968     0.0001     9.4922     9.4923     0.0001   3.728195   3.728804   0.000610    34.6367    34.6430     6.2566    26.7536    26.7584         22  0.000e+00
      66260 292.926919  -44.87834  -51.77094      0.071    1474.80     40.741     40.407     9.4964     9.4965     0.0000     9.4919     9.4920     0.0000   3.728188   3.728824   0.000636    34.6369    34.6435     6.2566    26.7538    26.7589         22  0.000e+00
      66261 292.926919  -44.87834  -51.77094      0.070    1474.80     40.686     40.352     9.4966     9.4965    -0.0001     9.4921     9.4920    -0.0001   3.728161   3.728779   0.000617    34.6365    34.6430     6.2565    26.7534    26.7585         22  0.000e+00
      66262 292.926920  -44.87834  -51.77094      0.071    1474.80     40.741     40.407     9.4967     9.4963    -0.0004     9.4922     9.4918    -0.0004   3.728201   3.728804   0.000603    34.6368    34.6434     6.2564    26.7536    26.7589         22  0.000e+00
      66263 292.926920  -44.87834  -51.77094      0.073    1474.80     40.741     40.407     9.4967     9.4965    -0.0003     9.4922     9.4920    -0.0003   3.728201   3.728824   0.000622    34.6368    34.6435     6.2563    26.7536    26.7589         22  0.000e+00
      66264 292.926921  -44.87834  -51.77094      0.074    1474.80     40.741     40.407     9.4966     9.4967     0.0001     9.4921     9.4921     0.0001   3.728188   3.728798   0.000610    34.6368    34.6430     6.2565    26.7536    26.7585         22  0.000e+00
      66265 292.926921  -44.87834  -51.77094      0.074    1474.80     40.741     40.407     9.4966     9.4968     0.0002     9.4921     9.4923     0.0002   3.728208   3.728811   0.000603    34.6370    34.6430     6.2599    26.7538    26.7585         22  0.000e+00
      66266 292.926922  -44.87834  -51.77094      0.075    1474.80     40.741     40.407     9.4967     9.4968     0.0001     9.4922     9.4923     0.0001   3.728195   3.728843   0.000648    34.6367    34.6433     6.2563    26.7535    26.7587         22  0.000e+00
      66267 292.926922  -44.87834  -51.77094      0.074    1474.80     40.741     40.407     9.4967     9.4967    -0.0001     9.4922     9.4921    -0.0001   3.728208   3.728779   0.000570    34.6369    34.6428     6.2559    26.7537    26.7584         22  0.000e+00
      66268 292.926923  -44.87834  -51.77094      0.077    1474.80     40.741     40.407     9.4966     9.4969     0.0003     9.4921     9.4924     0.0003   3.728195   3.728759   0.000565    34.6369    34.6424     6.2560    26.7537    26.7579         22  0.000e+00
      66269 292.926923  -44.87834  -51.77094      0.076    1474.80     40.741     40.407     9.4969     9.4965    -0.0005     9.4924     9.4920    -0.0005   3.728195   3.728759   0.000565    34.6365    34.6428     6.2559    26.7534    26.7584         22  0.000e+00
      66270 292.926924  -44.87834  -51.77094      0.078    1474.80     40.789     40.454     9.4969     9.4965    -0.0005     9.4924     9.4920    -0.0005   3.728215   3.728779   0.000564    34.6367    34.6430     6.2596    26.7535    26.7585         22  0.000e+00
      66271 292.926924  -44.87834  -51.77094      0.076    1474.80     40.741     40.407     9.4967     9.4965    -0.0003     9.4922     9.4920    -0.0003   3.728221   3.728811   0.000589    34.6370    34.6433     6.2557    26.7538    26.7588         22  0.000e+00
      66272 292.926925  -44.87834  -51.77094      0.080    1474.80     40.789     40.454     9.4967     9.4965    -0.0003     9.4922     9.4920    -0.0003   3.728221   3.728824   0.000602    34.6370    34.6434     6.2593    26.7537    26.7589         22  0.000e+00
      66273 292.926925  -44.87834  -51.77094      0.080    1474.80     40.789     40.454     9.4969     9.4968    -0.0001     9.4924     9.4923    -0.0001   3.728242   3.728824   0.000582    34.6370    34.6431     6.2558    26.7537    26.7585         22  0.000e+00
      66274 292.926926  -44.87834  -51.77094      0.078    1474.80     40.741     40.407     9.4967     9.4967    -0.0001     9.4922     9.4921    -0.0001   3.728228   3.728798   0.000570    34.6371    34.6430     6.2555    26.7538    26.7585         22  0.000e+00
      66275 292.926926  -44.87834  -51.77094      0.080    1474.80     40.789     40.454     9.4969     9.4963    -0.0006     9.4924     9.4918    -0.0006   3.728195   3.728791   0.000597    34.6365    34.6433     6.2553    26.7533    26.7588         22  0.000e+00
      66276 292.926927  -44.87834  -51.77094      0.079    1474.80     40.789     40.454     9.4966     9.4968     0.0002     9.4921     9.4923     0.0002   3.728221   3.728791   0.000570    34.6371    34.6428     6.2587    26.7539    26.7583         22  0.000e+00
      66277 292.926927  -44.87834  -51.77094      0.081    1474.80     40.789     40.454     9.4967     9.4967    -0.0001     9.4922     9.4921    -0.0001   3.728221   3.728811   0.000589    34.6370    34.6432     6.2550    26.7537    26.7586         22  0.000e+00
      66278 292.926928  -44.87834  -51.77094      0.080    1474.80     40.741     40.407     9.4967     9.4965    -0.0003     9.4922     9.4920    -0.0003   3.728221   3.728824   0.000602    34.6370    34.6435     6.2546    26.7538    26.7589         22  0.000e+00
      66279 292.926928  -44.87834  -51.77094      0.078    1474.80     40.789     40.454     9.4967     9.4968     0.0001     9.4922     9.4923     0.0001   3.728221   3.728824   0.000602    34.6370    34.6431     6.2543    26.7537    26.7585         22  0.000e+00
      66280 292.926929  -44.87834  -51.77094      0.076    1474.80     40.741     40.407     9.4967     9.4968     0.0001     9.4922     9.4923     0.0001   3.728221   3.728824   0.000602    34.6370    34.6431     6.2542    26.7538    26.7586         22  0.000e+00
      66281 292.926929  -44.87834  -51.77094      0.079    1474.80     40.837     40.502     9.4966     9.4968     0.0002     9.4921     9.4922     0.0002   3.728221   3.728798   0.000576    34.6371    34.6429     6.2542    26.7539    26.7584         22  0.000e+00
      66282 292.926929  -44.87834  -51.77094      0.081    1474.80     40.837     40.502     9.4967     9.4968     0.0001     9.4922     9.4923     0.0001   3.728228   3.728791   0.000563    34.6370    34.6428     6.2537    26.7538    26.7583         22  0.000e+00
      66283 292.926930  -44.87834  -51.77094      0.081    1474.80     40.789     40.454     9.4967     9.4965    -0.0003     9.4922     9.4920    -0.0003   3.728195   3.728824   0.000629    34.6367    34.6434     6.2532    26.7535    26.7589         22  0.000e+00
      66284 292.926930  -44.87832  -51.77094      0.085    1474.80     40.837     40.502     9.4967     9.4963    -0.0004     9.4922     9.4918    -0.0004   3.728208   3.728798   0.000590    34.6368    34.6433     6.2527    26.7536    26.7588         22  0.000e+00
      66285 292.926931  -44.87832  -51.77094      0.081    1474.80     40.789     40.454     9.4966     9.4963    -0.0003     9.4921     9.4918    -0.0003   3.728195   3.728811   0.000616    34.6368    34.6435     6.2522    26.7537    26.7589         22  0.000e+00
      66286 292.926931  -44.87832  -51.77094      0.079    1474.80     40.789     40.454     9.4967     9.4965    -0.0003     9.4922     9.4920    -0.0003   3.728188   3.728824   0.000636    34.6366    34.6434     6.2516    26.7535    26.7589         22  0.000e+00
      66287 292.926932  -44.87832  -51.77094      0.083    1474.80     40.837     40.502     9.4967     9.4963    -0.0004     9.4922     9.4918    -0.0004   3.728161   3.728824   0.000662    34.6363    34.6436     6.2510    26.7532    26.7590         22  0.000e+00
      66288 292.926932  -44.87832  -51.77094      0.083    1474.80     40.837     40.502     9.4967     9.4965    -0.0003     9.4922     9.4920    -0.0003   3.728228   3.728798   0.000570    34.6370    34.6432     6.2507    26.7538    26.7586         22  0.000e+00
      66289 292.926933  -44.87832  -51.77094      0.080    1474.80     40.789     40.454     9.4966     9.4971     0.0005     9.4921     9.4926     0.0005   3.728215   3.728791   0.000577    34.6370    34.6425     6.2504    26.7538    26.7580         22  0.000e+00
      66290 292.926933  -44.87832  -51.77094      0.082    1474.80     40.837     40.502     9.4966     9.4965    -0.0001     9.4921     9.4920    -0.0001   3.728215   3.728791   0.000577    34.6370    34.6431     6.2502    26.7538    26.7586         22  0.000e+00
      66291 292.926934  -44.87832  -51.77094      0.081    1474.80     40.837     40.502     9.4969     9.4968    -0.0001     9.4924     9.4923    -0.0001   3.728221   3.728791   0.000570    34.6368    34.6428     6.2498    26.7535    26.7583         22  0.000e+00
      66292 292.926934  -44.87832  -51.77094      0.083    1474.80     40.837     40.502     9.4967     9.4968     0.0001     9.4922     9.4923     0.0001   3.728195   3.728862   0.000668    34.6367    34.6435     6.2458    26.7535    26.7588         22  0.000e+00
      66293 292.926935  -44.87832  -51.77094      0.084    1474.80     40.837     40.502     9.4967     9.4965    -0.0003     9.4922     9.4920    -0.0003   3.728208   3.728811   0.000603    34.6368    34.6433     6.2451    26.7536    26.7587         22  0.000e+00
      66294 292.926935  -44.87832  -51.77094      0.084    1474.80     40.837     40.502     9.4967     9.4968     0.0000     9.4922     9.4922     0.0000   3.728195   3.728836   0.000642    34.6367    34.6433     6.2482    26.7535    26.7587         22  0.000e+00
      66295 292.926936  -44.87832  -51.77094      0.085    1474.80     40.892     40.556     9.4967     9.4967    -0.0001     9.4922     9.4921    -0.0001   3.728235   3.728830   0.000595    34.6371    34.6433     6.2478    26.7538    26.7587         22  0.000e+00
      66296 292.926936  -44.87832  -51.77094      0.088    1474.80     40.837     40.502     9.4967     9.4963    -0.0004     9.4922     9.4918    -0.0004   3.728215   3.728798   0.000583    34.6369    34.6433     6.2437    26.7537    26.7588         22  0.000e+00
      66297 292.926937  -44.87832  -51.77094      0.088    1474.80     40.892     40.556     9.4967     9.4965    -0.0003     9.4922     9.4920    -0.0003   3.728188   3.728791   0.000603    34.6366    34.6431     6.2431    26.7534    26.7586         22  0.000e+00
      66298 292.926937  -44.87832  -51.77094      0.087    1474.80     40.837     40.502     9.4969     9.4970     0.0000     9.4924     9.4924     0.0000   3.728235   3.728791   0.000557    34.6369    34.6426     6.2460    26.7537    26.7581         22  0.000e+00
      66299 292.926938  -44.87832  -51.77094      0.088    1474.80     40.892     40.556     9.4969     9.4965    -0.0005     9.4924     9.4920    -0.0005   3.728255   3.728817   0.000562    34.6371    34.6433     6.2457    26.7538    26.7588         22  0.000e+00
      66300 292.926938  -44.87832  -51.77094      0.086    1474.80     40.837     40.502     9.4969     9.4965    -0.0005     9.4924     9.4920    -0.0005   3.728228   3.728824   0.000595    34.6368    34.6434     6.2419    26.7536    26.7588         22  0.000e+00
      66301 292.926939  -44.87832  -51.77094      0.091    1474.80     40.892     40.556     9.4969     9.4967    -0.0003     9.4924     9.4921    -0.0003   3.728242   3.728798   0.000556    34.6369    34.6430     6.2416    26.7537    26.7585         22  0.000e+00
      66302 292.926939  -44.87832  -51.77094      0.088    1474.80     40.892     40.556     9.4969     9.4963    -0.0006     9.4924     9.4918    -0.0006   3.728262   3.728811   0.000549    34.6371    34.6434     6.2413    26.7539    26.7589         22  0.000e+00
      66303 292.926940  -44.87832  -51.77094      0.085    1474.80     40.789     40.455     9.4971     9.4967    -0.0004     9.4926     9.4921    -0.0004   3.728255   3.728824   0.000569    34.6370    34.6433     6.2408    26.7537    26.7587         22  0.000e+00
      66304 292.926940  -44.87832  -51.77094      0.091    1474.80     40.995     40.658     9.4967     9.4967    -0.0001     9.4922     9.4921    -0.0001   3.728255   3.728798   0.000543    34.6372    34.6429     6.2407    26.7539    26.7584         22  0.000e+00
      66305 292.926941  -44.87832  -51.77094      0.093    1474.80     40.892     40.556     9.4971     9.4967    -0.0004     9.4926     9.4921    -0.0004   3.728228   3.728791   0.000563    34.6367    34.6429     6.2403    26.7534    26.7584         22  0.000e+00
      66306 292.926941  -44.87832  -51.77094      0.095    1474.80     40.940     40.604     9.4971     9.4971    -0.0000     9.4926     9.4925    -0.0000   3.728268   3.728817   0.000549    34.6371    34.6428     6.2401    26.7538    26.7582         22  0.000e+00
      66307 292.926942  -44.87832  -51.77094      0.096    1474.80     40.892     40.556     9.4971     9.4971     0.0001     9.4926     9.4926     0.0001   3.728262   3.728798   0.000536    34.6370    34.6425     6.2398    26.7537    26.7580         22  0.000e+00
      66308 292.926942  -44.87832  -51.77094      0.097    1474.80     40.940     40.604     9.4969     9.4970     0.0000     9.4924     9.4924     0.0000   3.728255   3.728811   0.000556    34.6371    34.6428     6.2396    26.7538    26.7583         22  0.000e+00
