Pos-Processados/process_op38/operantar38_013b.ros
* Sea-Bird SBE 9 Data File:
* FileName = D:\OPERANTAR_XXXVIII\DADOS\OP38_013b.hdr
* Software Version Seasave V 7.18c
* Temperature SN = 4808
* Conductivity SN = 3380
* Number of Bytes Per Scan = 34
* Number of Voltage Words = 3
* Number of Scans Averaged by the Deck Unit = 1
* NMEA Latitude = 62 08.60 S
* NMEA Longitude = 058 24.70 W
* NMEA UTC (Time) = Nov 05 2019 03:39:39
** H41
** NAVIO POLAR ALMIRANTE MAXIMIANO
** CRUZEIRO:
** OPERANTAR XXXVIII
** ESTAÇÃO: OP38_013b
** LAT 62 08,60' S
** LONG 058 24,70' W
** 09P73767-1155_A
** PROFUNDIDADE: 420
** DATA/HORA: 050340Z/NOV/2019
** OPERADOR: SO-HN CHAVES
# nquan = 26
# nvalues = 1802                                  
# units = specified
# name 0 = scan: Scan Count
# name 1 = timeJ: Julian Days
# name 2 = latitude: Latitude [deg]
# name 3 = longitude: Longitude [deg]
# name 4 = dz/dtM: Descent Rate [m/s]
# name 5 = avgsvCM: Average Sound Velocity [Chen-Millero, m/s]
# name 6 = prDM: Pressure, Digiquartz [db]
# name 7 = depSM: Depth [salt water, m]
# name 8 = t090C: Temperature [ITS-90, deg C]
# name 9 = t190C: Temperature, 2 [ITS-90, deg C]
# name 10 = T2-T190C: Temperature Difference, 2 - 1 [ITS-90, deg C]
# name 11 = potemp090C: Potential Temperature [ITS-90, deg C]
# name 12 = potemp190C: Potential Temperature, 2 [ITS-90, deg C]
# name 13 = potemp90Cdiff: Potential Temperature, Diff, 2 - 1 [ITS-90, deg C]
# name 14 = c0S/m: Conductivity [S/m]
# name 15 = c1S/m: Conductivity, 2 [S/m]
# name 16 = C2-C1S/m: Conductivity Difference, 2 - 1 [S/m]
# name 17 = sal00: Salinity, Practical [PSU]
# name 18 = sal11: Salinity, Practical, 2 [PSU]
# name 19 = sbeox0ML/L: Oxygen, SBE 43 [ml/l]
# name 20 = sbeox1ML/L: Oxygen, SBE 43, 2 [ml/l]
# name 21 = sbeox0ML/Ldiff: Oxygen, SBE 43, Diff, 2 - 1 [ml/l]
# name 22 = sigma-é00: Density [sigma-theta, kg/m^3]
# name 23 = sigma-é11: Density, 2 [sigma-theta, kg/m^3]
# name 24 = nbf: Bottles Fired
# name 25 = flag:  0.000e+00
# interval = seconds: 0.0416667
# start_time = Nov 05 2019 03:39:39 [NMEA time, header]
# bad_flag = -9.990e-29
*END*
[from data line 1561]
       5441 309.155158  -62.14340  -58.41182      0.113       0.00      1.774      1.757    -0.6502    -0.6527    -0.0024    -0.6503    -0.6527    -0.0024   2.785138   2.785490   0.000352    34.1501    34.1576     7.5974     7.3240    -0.2734    27.4506    27.4567         11  0.000e+00
       5442 309.155159  -62.14340  -58.41182      0.114       0.00      1.788      1.771    -0.6500    -0.6525    -0.0024    -0.6501    -0.6525    -0.0024   2.785162   2.785496   0.000334    34.1502    34.1574     7.5930     7.3242    -0.2688    27.4507    27.4566         11  0.000e+00
       5443 309.155159  -62.14340  -58.41182      0.112       0.00      1.719      1.703    -0.6495    -0.6523    -0.0029    -0.6495    -0.6524    -0.0029   2.785180   2.785433   0.000252    34.1498    34.1565     7.5979     7.3243    -0.2736    27.4503    27.4558         11  0.000e+00
       5444 309.155160  -62.14340  -58.41182      0.112       0.00      1.774      1.757    -0.6493    -0.6527    -0.0034    -0.6493    -0.6527    -0.0034   2.785210   2.785306   0.000096    34.1500    34.1551     7.5935     7.3247    -0.2688    27.4505    27.4547         11  0.000e+00
       5445 309.155160  -62.14340  -58.41182      0.112       0.00      1.774      1.757    -0.6496    -0.6540    -0.0045    -0.6496    -0.6541    -0.0045   2.785174   2.785203   0.000028    34.1498    34.1553     7.5987     7.3252    -0.2735    27.4504    27.4549         11  0.000e+00
       5446 309.155161  -62.14340  -58.41182      0.109       0.00      1.719      1.703    -0.6505    -0.6550    -0.0045    -0.6506    -0.6550    -0.0045   2.785120   2.785226   0.000105    34.1502    34.1567     7.5988     7.3255    -0.2734    27.4507    27.4561         11  0.000e+00
       5447 309.155161  -62.14340  -58.41182      0.105       0.00      1.774      1.757    -0.6512    -0.6545    -0.0033    -0.6512    -0.6545    -0.0033   2.785072   2.785254   0.000182    34.1502    34.1565     7.5990     7.3256    -0.2733    27.4507    27.4559         11  0.000e+00
       5448 309.155162  -62.14340  -58.41182      0.101       0.00      1.719      1.703    -0.6514    -0.6540    -0.0025    -0.6515    -0.6540    -0.0025   2.785060   2.785318   0.000257    34.1504    34.1568     7.5989     7.3256    -0.2732    27.4509    27.4562         11  0.000e+00
       5449 309.155162  -62.14340  -58.41182      0.102       0.00      1.774      1.757    -0.6512    -0.6528    -0.0016    -0.6512    -0.6528    -0.0016   2.785078   2.785427   0.000348    34.1503    34.1569     7.6039     7.3256    -0.2783    27.4508    27.4562         11  0.000e+00
       5450 309.155163  -62.14340  -58.41182      0.100       0.00      1.774      1.757    -0.6513    -0.6525    -0.0012    -0.6513    -0.6525    -0.0012   2.785102   2.785444   0.000342    34.1508    34.1568     7.6044     7.3245    -0.2799    27.4512    27.4561         11  0.000e+00
       5451 309.155163  -62.14340  -58.41182      0.098       0.00      1.774      1.757    -0.6516    -0.6520    -0.0004    -0.6517    -0.6521    -0.0004   2.785072   2.785479   0.000406    34.1508    34.1567     7.6007     7.3246    -0.2761    27.4512    27.4560         11  0.000e+00
       5452 309.155163  -62.14340  -58.41182      0.088       0.00      1.637      1.621    -0.6516    -0.6516     0.0000    -0.6517    -0.6516     0.0000   2.785096   2.785502   0.000405    34.1512    34.1566     7.6003     7.3245    -0.2758    27.4515    27.4559         11  0.000e+00
       5453 309.155164  -62.14340  -58.41182      0.090       0.00      1.870      1.852    -0.6510    -0.6516    -0.0006    -0.6510    -0.6516    -0.0006   2.785108   2.785496   0.000388    34.1505    34.1564     7.6009     7.3249    -0.2761    27.4509    27.4557         11  0.000e+00
       5454 309.155164  -62.14340  -58.41182      0.083       0.00      1.719      1.703    -0.6510    -0.6513    -0.0003    -0.6510    -0.6513    -0.0003   2.785108   2.785496   0.000388    34.1506    34.1561     7.6013     7.3248    -0.2765    27.4510    27.4555         11  0.000e+00
       5455 309.155165  -62.14340  -58.41182      0.079       0.00      1.719      1.703    -0.6510    -0.6520    -0.0010    -0.6510    -0.6520    -0.0010   2.785108   2.785444   0.000336    34.1506    34.1562     7.6018     7.3251    -0.2767    27.4510    27.4556         11  0.000e+00
       5456 309.155165  -62.14340  -58.41182      0.078       0.00      1.774      1.757    -0.6514    -0.6520    -0.0006    -0.6515    -0.6521    -0.0006   2.785090   2.785358   0.000267    34.1508    34.1551     7.6024     7.3254    -0.2771    27.4512    27.4547         11  0.000e+00
       5457 309.155166  -62.14340  -58.41182      0.070       0.00      1.719      1.703    -0.6513    -0.6527    -0.0014    -0.6513    -0.6527    -0.0014   2.785120   2.785277   0.000157    34.1510    34.1547     7.6020     7.3256    -0.2764    27.4514    27.4544         11  0.000e+00
       5458 309.155166  -62.14340  -58.41182      0.065       0.00      1.719      1.703    -0.6513    -0.6542    -0.0029    -0.6513    -0.6542    -0.0029   2.785156   2.785208   0.000052    34.1515    34.1555     7.6025     7.3261    -0.2764    27.4518    27.4552         11  0.000e+00
       5459 309.155167  -62.14340  -58.41182      0.059       0.00      1.719      1.703    -0.6507    -0.6553    -0.0045    -0.6508    -0.6553    -0.0045   2.785156   2.785105  -0.000052    34.1509    34.1554     7.6029     7.3265    -0.2764    27.4513    27.4551         11  0.000e+00
       5460 309.155167  -62.14340  -58.41182      0.054       0.00      1.719      1.703    -0.6510    -0.6571    -0.0062    -0.6510    -0.6572    -0.0062   2.785138   2.784938  -0.000200    34.1510    34.1552     7.6078     7.3270    -0.2807    27.4513    27.4550         11  0.000e+00
       5461 309.155168  -62.14340  -58.41182      0.049       0.00      1.719      1.703    -0.6508    -0.6588    -0.0080    -0.6509    -0.6588    -0.0080   2.785156   2.784777  -0.000379    34.1510    34.1549     7.6081     7.3276    -0.2805    27.4514    27.4549         11  0.000e+00
       5462 309.155168  -62.14340  -58.41182      0.043       0.00      1.719      1.703    -0.6505    -0.6604    -0.0099    -0.6506    -0.6604    -0.0099   2.785180   2.784673  -0.000507    34.1510    34.1553     7.6091     7.3280    -0.2811    27.4513    27.4552         11  0.000e+00
       5463 309.155169  -62.14340  -58.41182      0.038       0.00      1.740      1.723    -0.6503    -0.6616    -0.0113    -0.6504    -0.6617    -0.0113   2.785192   2.784691  -0.000502    34.1510    34.1569     7.6043     7.3342    -0.2700    27.4513    27.4566         11  0.000e+00
       5464 309.155169  -62.14340  -58.41182      0.031       0.00      1.671      1.655    -0.6502    -0.6619    -0.0117    -0.6503    -0.6620    -0.0117   2.785210   2.784748  -0.000462    34.1511    34.1581     7.6096     7.3354    -0.2742    27.4514    27.4576         11  0.000e+00
       5465 309.155170  -62.14340  -58.41182      0.028       0.00      1.719      1.703    -0.6499    -0.6604    -0.0105    -0.6499    -0.6604    -0.0105   2.785252   2.784857  -0.000395    34.1513    34.1578     7.6106     7.3363    -0.2743    27.4515    27.4573         11  0.000e+00
       5466 309.155170  -62.14340  -58.41182      0.021       0.00      1.719      1.703    -0.6494    -0.6602    -0.0108    -0.6495    -0.6602    -0.0108   2.785270   2.784967  -0.000303    34.1510    34.1591     7.6115     7.3315    -0.2800    27.4513    27.4583         11  0.000e+00
       5467 309.155171  -62.14340  -58.41182      0.014       0.00      1.671      1.655    -0.6487    -0.6596    -0.0109    -0.6488    -0.6596    -0.0109   2.785270   2.784978  -0.000292    34.1502    34.1586     7.6071     7.3372    -0.2699    27.4506    27.4578         11  0.000e+00
       5468 309.155171  -62.14340  -58.41182      0.007       0.00      1.671      1.655    -0.6488    -0.6590    -0.0101    -0.6489    -0.6590    -0.0101   2.785270   2.785047  -0.000223    34.1503    34.1588     7.6125     7.3381    -0.2744    27.4507    27.4580         11  0.000e+00
       5469 309.155172  -62.14340  -58.41182      0.003       0.00      1.719      1.703    -0.6487    -0.6590    -0.0103    -0.6487    -0.6590    -0.0103   2.785288   2.785093  -0.000195    34.1504    34.1594     7.6134     7.3333    -0.2801    27.4507    27.4585         11  0.000e+00
       5470 309.155172  -62.14340  -58.41182     -0.004       0.00      1.671      1.655    -0.6489    -0.6587    -0.0097    -0.6490    -0.6587    -0.0097   2.785294   2.785030  -0.000264    34.1508    34.1582     7.6135     7.3332    -0.2803    27.4511    27.4575         11  0.000e+00
       5471 309.155173  -62.14340  -58.41182     -0.009       0.00      1.671      1.655    -0.6488    -0.6595    -0.0106    -0.6489    -0.6595    -0.0106   2.785312   2.784938  -0.000374    34.1509    34.1579     7.6135     7.3391    -0.2744    27.4512    27.4573         11  0.000e+00
       5472 309.155173  -62.14340  -58.41182     -0.016       0.00      1.671      1.655    -0.6487    -0.6602    -0.0115    -0.6487    -0.6602    -0.0115   2.785300   2.784857  -0.000443    34.1506    34.1576     7.6134     7.3391    -0.2743    27.4509    27.4571         11  0.000e+00
       5473 309.155174  -62.14340  -58.41182     -0.025       0.00      1.637      1.621    -0.6491    -0.6615    -0.0123    -0.6492    -0.6615    -0.0123   2.785252   2.784679  -0.000573    34.1505    34.1567     7.6134     7.3403    -0.2731    27.4508    27.4564         11  0.000e+00
       5474 309.155174  -62.14340  -58.41182     -0.029       0.00      1.671      1.655    -0.6496    -0.6641    -0.0144    -0.6497    -0.6641    -0.0144   2.785222   2.784529  -0.000693    34.1506    34.1576     7.6134     7.3418    -0.2717    27.4510    27.4572         11  0.000e+00
       5475 309.155175  -62.14340  -58.41182     -0.032       0.00      1.671      1.655    -0.6498    -0.6655    -0.0157    -0.6498    -0.6655    -0.0157   2.785216   2.784437  -0.000779    34.1507    34.1579     7.6132     7.3370    -0.2762    27.4510    27.4575         11  0.000e+00
       5476 309.155175  -62.14340  -58.41182     -0.039       0.00      1.623      1.608    -0.6496    -0.6661    -0.0165    -0.6496    -0.6661    -0.0165   2.785216   2.784363  -0.000854    34.1505    34.1576     7.6137     7.3368    -0.2768    27.4509    27.4574         11  0.000e+00
       5477 309.155176  -62.14340  -58.41182     -0.042       0.00      1.671      1.655    -0.6499    -0.6667    -0.0168    -0.6499    -0.6668    -0.0168   2.785198   2.784363  -0.000836    34.1506    34.1583     7.6091     7.3425    -0.2666    27.4509    27.4579         11  0.000e+00
       5478 309.155176  -62.14340  -58.41182     -0.048       0.00      1.623      1.608    -0.6496    -0.6659    -0.0164    -0.6496    -0.6660    -0.0164   2.785192   2.784409  -0.000784    34.1502    34.1581     7.6131     7.3430    -0.2700    27.4506    27.4577         11  0.000e+00
       5479 309.155177  -62.14340  -58.41182     -0.051       0.00      1.671      1.655    -0.6499    -0.6666    -0.0167    -0.6499    -0.6666    -0.0167   2.785192   2.784420  -0.000772    34.1505    34.1589     7.6128     7.3439    -0.2689    27.4509    27.4584         11  0.000e+00
       5480 309.155177  -62.14340  -58.41182     -0.060       0.00      1.623      1.608    -0.6498    -0.6652    -0.0154    -0.6498    -0.6652    -0.0154   2.785168   2.784472  -0.000696    34.1501    34.1581     7.6123     7.3442    -0.2681    27.4505    27.4577         11  0.000e+00
       5481 309.155177  -62.14340  -58.41182     -0.064       0.00      1.623      1.608    -0.6502    -0.6646    -0.0143    -0.6503    -0.6646    -0.0143   2.785180   2.784558  -0.000622    34.1507    34.1585     7.6126     7.3388    -0.2738    27.4511    27.4580         11  0.000e+00
       5482 309.155178  -62.14340  -58.41182     -0.066       0.00      1.637      1.621    -0.6504    -0.6635    -0.0131    -0.6504    -0.6635    -0.0131   2.785162   2.784616  -0.000547    34.1507    34.1581     7.6122     7.3381    -0.2740    27.4511    27.4576         11  0.000e+00
       5483 309.155178  -62.14340  -58.41182     -0.070       0.00      1.623      1.608    -0.6507    -0.6627    -0.0120    -0.6507    -0.6627    -0.0120   2.785120   2.784685  -0.000436    34.1505    34.1581     7.6176     7.3374    -0.2802    27.4509    27.4576         11  0.000e+00
       5484 309.155179  -62.14340  -58.41182     -0.072       0.00      1.671      1.655    -0.6510    -0.6616    -0.0106    -0.6510    -0.6617    -0.0106   2.785090   2.784794  -0.000296    34.1503    34.1584     7.6126     7.3425    -0.2701    27.4508    27.4578         11  0.000e+00
       5485 309.155179  -62.14340  -58.41182     -0.074       0.00      1.623      1.608    -0.6512    -0.6605    -0.0094    -0.6512    -0.6606    -0.0094   2.785120   2.784852  -0.000269    34.1510    34.1580     7.6126     7.3428    -0.2699    27.4513    27.4574         11  0.000e+00
       5486 309.155180  -62.14340  -58.41182     -0.078       0.00      1.623      1.608    -0.6514    -0.6597    -0.0083    -0.6515    -0.6598    -0.0083   2.785114   2.784921  -0.000194    34.1512    34.1580     7.6119     7.3431    -0.2688    27.4516    27.4574         11  0.000e+00
       5487 309.155180  -62.14340  -58.41182     -0.079       0.00      1.623      1.608    -0.6514    -0.6595    -0.0080    -0.6515    -0.6595    -0.0080   2.785090   2.784949  -0.000141    34.1509    34.1581     7.6171     7.3435    -0.2735    27.4513    27.4574         11  0.000e+00
       5488 309.155181  -62.14340  -58.41182     -0.082       0.00      1.569      1.554    -0.6521    -0.6587    -0.0066    -0.6521    -0.6587    -0.0066   2.785066   2.784926  -0.000140    34.1513    34.1569     7.6127     7.3426    -0.2701    27.4517    27.4565         11  0.000e+00
       5489 309.155181  -62.14340  -58.41182     -0.085       0.00      1.623      1.608    -0.6519    -0.6588    -0.0069    -0.6520    -0.6589    -0.0069   2.785036   2.784938  -0.000099    34.1507    34.1572     7.6126     7.3418    -0.2708    27.4511    27.4567         12  0.000e+00
       5490 309.155182  -62.14340  -58.41182     -0.085       0.00      1.623      1.608    -0.6520    -0.6590    -0.0070    -0.6520    -0.6590    -0.0070   2.785030   2.784909  -0.000121    34.1507    34.1570     7.6124     7.3421    -0.2703    27.4511    27.4565         12  0.000e+00
       5491 309.155182  -62.14340  -58.41182     -0.080       0.00      1.671      1.655    -0.6522    -0.6591    -0.0069    -0.6522    -0.6592    -0.0069   2.785013   2.784892  -0.000121    34.1507    34.1569     7.6116     7.3365    -0.2750    27.4511    27.4564         12  0.000e+00
       5492 309.155183  -62.14340  -58.41182     -0.085       0.00      1.589      1.574    -0.6524    -0.6599    -0.0075    -0.6524    -0.6599    -0.0075   2.784965   2.784892  -0.000073    34.1503    34.1578     7.6113     7.3415    -0.2698    27.4508    27.4572         12  0.000e+00
       5493 309.155183  -62.14340  -58.41182     -0.083       0.00      1.623      1.608    -0.6527    -0.6605    -0.0079    -0.6527    -0.6606    -0.0079   2.784971   2.784857  -0.000113    34.1507    34.1580     7.6154     7.3418    -0.2736    27.4511    27.4574         12  0.000e+00
       5494 309.155184  -62.14340  -58.41182     -0.081       0.00      1.623      1.608    -0.6527    -0.6601    -0.0074    -0.6527    -0.6601    -0.0074   2.784959   2.784880  -0.000078    34.1505    34.1578     7.6107     7.3418    -0.2689    27.4510    27.4573         12  0.000e+00
       5495 309.155184  -62.14340  -58.41182     -0.083       0.00      1.623      1.608    -0.6531    -0.6607    -0.0075    -0.6532    -0.6607    -0.0075   2.784971   2.784915  -0.000056    34.1512    34.1590     7.6155     7.3419    -0.2735    27.4516    27.4582         12  0.000e+00
