Pos-Processados/process_op38/operantar38_022.ros
* Sea-Bird SBE 9 Data File:
* FileName = D:\OPERANTAR_XXXVIII\DADOS\OP38_022.hdr
* Software Version Seasave V 7.18c
* Temperature SN = 4808
* Conductivity SN = 3380
* Number of Bytes Per Scan = 34
* Number of Voltage Words = 3
* Number of Scans Averaged by the Deck Unit = 1
* NMEA Latitude = 62 12.34 S
* NMEA Longitude = 058 18.00 W
* NMEA UTC (Time) = Nov 22 2019 17:26:52
** H41
** NAVIO POLAR ALMIRANTE MAXIMIANO
** CRUZEIRO:
** OPERANTAR XXXVIII
** ESTAÇÃO: OP38_022
** LAT 62 12,33'S
** LONG 058 18,01'W
** 09P73767-1155_A
** PROFUNDIDADE: 200
** DATA/HORA: 221727Z/NOV/2019
** OPERADOR: SO-HN CHAVES
# nquan = 27
# nvalues = 1406                                  
# units = specified
# name 0 = scan: Scan Count
# name 1 = timeJ: Julian Days
# name 2 = latitude: Latitude [deg]
# name 3 = longitude: Longitude [deg]
# name 4 = dz/dtM: Descent Rate [m/s]
# name 5 = avgsvCM: Average Sound Velocity [Chen-Millero, m/s]
# name 6 = prDM: Pressure, Digiquartz [db]
# name 7 = depSM: Depth [salt water, m]
# name 8 = t090C: Temperature [ITS-90, deg C]
# name 9 = t190C: Temperature, 2 [ITS-90, deg C]
# name 10 = T2-T190C: Temperature Difference, 2 - 1 [ITS-90, deg C]
# name 11 = potemp090C: Potential Temperature [ITS-90, deg C]
# name 12 = potemp190C: Potential Temperature, 2 [ITS-90, deg C]
# name 13 = potemp90Cdiff: Potential Temperature, Diff, 2 - 1 [ITS-90, deg C]
# name 14 = c0S/m: Conductivity [S/m]
# name 15 = c1S/m: Conductivity, 2 [S/m]
# name 16 = C2-C1S/m: Conductivity Difference, 2 - 1 [S/m]
# name 17 = sal00: Salinity, Practical [PSU]
# name 18 = sal11: Salinity, Practical, 2 [PSU]
# name 19 = sbeox0ML/L: Oxygen, SBE 43 [ml/l]
# name 20 = sigma-é00: Density [sigma-theta, kg/m^3]
# name 21 = sigma-é11: Density, 2 [sigma-theta, kg/m^3]
# name 22 = sbox0Mm/Kg: Oxygen, SBE 43 [umol/kg]
# name 23 = oxsolMm/Kg: Oxygen Saturation, Garcia & Gordon [umol/kg]
# name 24 = oxsatMm/Kg: Oxygen Saturation, Weiss [umol/kg]
# name 25 = nbf: Bottles Fired
# name 26 = flag:  0.000e+00
# interval = seconds: 0.0416667
# start_time = Nov 22 2019 17:26:52 [NMEA time, header]
# bad_flag = -9.990e-29
*END*
[from data line 645]
      23628 326.738385  -62.20580  -58.30020     -0.001    1447.10      3.842      3.805    -0.1563    -0.1579    -0.0016    -0.1564    -0.1580    -0.0016   2.825106   2.825349   0.000243    34.1292    34.1342     7.7146    27.4111    27.4152    335.342  351.75461  353.25877          5  0.000e+00
      23629 326.738385  -62.20580  -58.30020     -0.001    1447.10      3.842      3.805    -0.1561    -0.1583    -0.0022    -0.1562    -0.1584    -0.0022   2.825136   2.825395   0.000259    34.1294    34.1354     7.7101    27.4113    27.4162    335.146  351.75245  353.25659          5  0.000e+00
      23630 326.738386  -62.20580  -58.30020     -0.002    1447.10      3.890      3.852    -0.1561    -0.1579    -0.0018    -0.1562    -0.1580    -0.0018   2.825112   2.825436   0.000324    34.1291    34.1354     7.7100    27.4110    27.4162    335.142  351.75341  353.25753          5  0.000e+00
      23631 326.738386  -62.20580  -58.30020     -0.002    1447.10      3.842      3.805    -0.1561    -0.1583    -0.0022    -0.1562    -0.1584    -0.0022   2.825136   2.825407   0.000271    34.1294    34.1355     7.7148    27.4113    27.4163    335.352  351.75245  353.25659          5  0.000e+00
      23632 326.738387  -62.20580  -58.30020     -0.002    1447.10      3.842      3.805    -0.1561    -0.1586    -0.0025    -0.1562    -0.1588    -0.0025   2.825130   2.825331   0.000201    34.1293    34.1349     7.7154    27.4112    27.4158    335.376  351.75267  353.25680          5  0.000e+00
      23633 326.738387  -62.20580  -58.30020     -0.006    1447.10      3.787      3.751    -0.1564    -0.1585    -0.0021    -0.1565    -0.1586    -0.0021   2.825082   2.825308   0.000226    34.1291    34.1344     7.7159    27.4110    27.4154    335.400  351.75610  353.26028          5  0.000e+00
      23634 326.738388  -62.20580  -58.30020     -0.004    1447.10      3.890      3.852    -0.1561    -0.1585    -0.0024    -0.1562    -0.1586    -0.0024   2.825088   2.825366   0.000278    34.1288    34.1352     7.7114    27.4107    27.4160    335.204  351.75429  353.25840          5  0.000e+00
      23635 326.738388  -62.20580  -58.30020     -0.004    1447.10      3.842      3.805    -0.1564    -0.1585    -0.0021    -0.1565    -0.1586    -0.0021   2.825076   2.825372   0.000296    34.1289    34.1352     7.7162    27.4109    27.4161    335.413  351.75641  353.26059          5  0.000e+00
      23636 326.738389  -62.20580  -58.30020     -0.004    1447.10      3.842      3.805    -0.1565    -0.1586    -0.0022    -0.1566    -0.1588    -0.0022   2.825088   2.825320   0.000232    34.1292    34.1347     7.7167    27.4111    27.4157    335.434  351.75632  353.26052          5  0.000e+00
      23637 326.738389  -62.20580  -58.30020     -0.005    1447.10      3.842      3.805    -0.1566    -0.1591    -0.0026    -0.1567    -0.1593    -0.0026   2.825058   2.825268   0.000210    34.1289    34.1346     7.7164    27.4109    27.4156    335.421  351.75813  353.26234          5  0.000e+00
      23638 326.738390  -62.20580  -58.30020     -0.002    1447.10      3.890      3.852    -0.1565    -0.1588    -0.0023    -0.1566    -0.1589    -0.0023   2.825082   2.825256   0.000174    34.1291    34.1340     7.7160    27.4110    27.4151    335.404  351.75663  353.26082          5  0.000e+00
      23639 326.738390  -62.20580  -58.30020     -0.003    1447.10      3.842      3.805    -0.1566    -0.1594    -0.0029    -0.1567    -0.1595    -0.0029   2.825076   2.825314   0.000238    34.1291    34.1355     7.7163    27.4111    27.4163    335.416  351.75747  353.26169          5  0.000e+00
      23640 326.738391  -62.20580  -58.30020     -0.003    1447.10      3.842      3.805    -0.1567    -0.1599    -0.0032    -0.1569    -0.1600    -0.0032   2.825070   2.825343   0.000273    34.1293    34.1365     7.7166    27.4112    27.4171    335.430  351.75875  353.26301          5  0.000e+00
      23641 326.738391  -62.20580  -58.30020     -0.001    1447.10      3.890      3.852    -0.1566    -0.1596    -0.0030    -0.1567    -0.1597    -0.0030   2.825070   2.825297   0.000227    34.1290    34.1354     7.7169    27.4110    27.4163    335.441  351.75777  353.26198          5  0.000e+00
      23642 326.738392  -62.20580  -58.30020     -0.002    1447.10      3.842      3.805    -0.1566    -0.1589    -0.0023    -0.1567    -0.1591    -0.0023   2.825070   2.825262   0.000192    34.1291    34.1343     7.7171    27.4110    27.4153    335.449  351.75804  353.26227          5  0.000e+00
      23643 326.738392  -62.20580  -58.30020      0.003    1447.10      3.890      3.852    -0.1566    -0.1591    -0.0025    -0.1567    -0.1592    -0.0025   2.825070   2.825274   0.000204    34.1290    34.1346     7.7173    27.4110    27.4156    335.459  351.75777  353.26198          5  0.000e+00
      23644 326.738393  -62.20580  -58.30020      0.003    1447.10      3.842      3.805    -0.1567    -0.1593    -0.0026    -0.1569    -0.1594    -0.0026   2.825052   2.825320   0.000268    34.1290    34.1355     7.7174    27.4110    27.4163    335.465  351.75941  353.26366          5  0.000e+00
      23645 326.738393  -62.20580  -58.30020      0.005    1447.10      3.890      3.852    -0.1571    -0.1592    -0.0021    -0.1573    -0.1594    -0.0021   2.825046   2.825360   0.000315    34.1294    34.1359     7.7126    27.4113    27.4167    335.256  351.76217  353.26652          5  0.000e+00
      23646 326.738394  -62.20580  -58.30020      0.004    1447.10      3.842      3.805    -0.1572    -0.1589    -0.0017    -0.1573    -0.1591    -0.0017   2.825046   2.825285   0.000239    34.1295    34.1346     7.7120    27.4113    27.4156    335.227  351.76245  353.26681          5  0.000e+00
      23647 326.738394  -62.20580  -58.30020      0.006    1447.10      3.890      3.852    -0.1573    -0.1591    -0.0018    -0.1574    -0.1593    -0.0018   2.825046   2.825256   0.000210    34.1296    34.1344     7.7114    27.4114    27.4154    335.204  351.76323  353.26762          5  0.000e+00
      23648 326.738395  -62.20580  -58.30020      0.011    1447.10      3.890      3.852    -0.1572    -0.1589    -0.0017    -0.1573    -0.1591    -0.0017   2.825046   2.825239   0.000193    34.1294    34.1339     7.7108    27.4113    27.4151    335.176  351.76253  353.26689          5  0.000e+00
      23649 326.738395  -62.20580  -58.30020      0.013    1447.10      3.890      3.852    -0.1573    -0.1591    -0.0018    -0.1574    -0.1592    -0.0018   2.825004   2.825285   0.000282    34.1290    34.1348     7.7102    27.4110    27.4157    335.152  351.76477  353.26914          5  0.000e+00
      23650 326.738396  -62.20580  -58.30020      0.015    1447.10      3.890      3.852    -0.1577    -0.1593    -0.0016    -0.1578    -0.1594    -0.0016   2.824992   2.825274   0.000282    34.1293    34.1348     7.7097    27.4112    27.4158    335.128  351.76768  353.27214          5  0.000e+00
      23651 326.738396  -62.20580  -58.30020      0.016    1447.10      3.890      3.852    -0.1584    -0.1594    -0.0010    -0.1585    -0.1595    -0.0010   2.824974   2.825216   0.000242    34.1298    34.1342     7.7092    27.4117    27.4153    335.107  351.77257  353.27720          5  0.000e+00
      23652 326.738397  -62.20580  -58.30020      0.015    1447.10      3.842      3.805    -0.1589    -0.1596    -0.0007    -0.1590    -0.1597    -0.0007   2.824967   2.825141   0.000173    34.1303    34.1334     7.7137    27.4121    27.4146    335.301  351.77553  353.28028          5  0.000e+00
      23653 326.738397  -62.20580  -58.30020      0.020    1447.10      3.938      3.900    -0.1591    -0.1596    -0.0005    -0.1592    -0.1597    -0.0005   2.824925   2.825181   0.000256    34.1299    34.1339     7.7139    27.4118    27.4151    335.313  351.77864  353.28342          5  0.000e+00
      23654 326.738397  -62.20580  -58.30020      0.024    1447.10      3.890      3.852    -0.1592    -0.1597    -0.0006    -0.1593    -0.1599    -0.0006   2.824889   2.825222   0.000332    34.1295    34.1346     7.7097    27.4115    27.4156    335.129  351.78023  353.28500          5  0.000e+00
      23655 326.738398  -62.20580  -58.30020      0.025    1447.10      3.890      3.852    -0.1593    -0.1599    -0.0006    -0.1594    -0.1600    -0.0006   2.824865   2.825233   0.000368    34.1293    34.1349     7.7091    27.4113    27.4159    335.102  351.78182  353.28660          5  0.000e+00
      23656 326.738398  -62.20580  -58.30020      0.027    1447.10      3.890      3.852    -0.1593    -0.1602    -0.0008    -0.1595    -0.1603    -0.0008   2.824895   2.825169   0.000274    34.1298    34.1344     7.7084    27.4117    27.4155    335.073  351.78107  353.28589          5  0.000e+00
      23657 326.738399  -62.20580  -58.30020      0.031    1447.10      3.890      3.852    -0.1594    -0.1601    -0.0007    -0.1595    -0.1602    -0.0007   2.824871   2.825169   0.000298    34.1295    34.1343     7.7078    27.4115    27.4154    335.047  351.78231  353.28712          5  0.000e+00
      23658 326.738399  -62.20580  -58.30020      0.031    1447.10      3.938      3.900    -0.1595    -0.1605    -0.0010    -0.1596    -0.1606    -0.0010   2.824835   2.825175   0.000340    34.1292    34.1348     7.7115    27.4112    27.4158    335.209  351.78441  353.28923          5  0.000e+00
      23659 326.738400  -62.20580  -58.30020      0.035    1447.10      3.890      3.852    -0.1594    -0.1611    -0.0017    -0.1595    -0.1612    -0.0017   2.824829   2.825181   0.000352    34.1290    34.1356     7.7115    27.4111    27.4165    335.208  351.78385  353.28863          5  0.000e+00
      23660 326.738400  -62.20580  -58.30020      0.035    1447.10      3.938      3.900    -0.1593    -0.1612    -0.0018    -0.1595    -0.1613    -0.0018   2.824889   2.825117   0.000228    34.1297    34.1348     7.7115    27.4116    27.4158    335.207  351.78137  353.28618          5  0.000e+00
      23661 326.738401  -62.20580  -58.30020      0.038    1447.10      3.890      3.852    -0.1593    -0.1614    -0.0021    -0.1594    -0.1615    -0.0021   2.824871   2.825054   0.000183    34.1294    34.1343     7.7114    27.4114    27.4154    335.204  351.78160  353.28639          5  0.000e+00
      23662 326.738401  -62.20580  -58.30020      0.042    1447.10      3.938      3.900    -0.1593    -0.1616    -0.0023    -0.1595    -0.1617    -0.0023   2.824877   2.825060   0.000182    34.1295    34.1345     7.7114    27.4115    27.4156    335.204  351.78181  353.28662          5  0.000e+00
      23663 326.738402  -62.20580  -58.30020      0.042    1447.10      3.890      3.852    -0.1593    -0.1618    -0.0025    -0.1594    -0.1619    -0.0025   2.824901   2.825106   0.000205    34.1298    34.1354     7.7062    27.4117    27.4163    334.977  351.78050  353.28531          5  0.000e+00
      23664 326.738402  -62.20580  -58.30020      0.045    1447.10      3.938      3.900    -0.1589    -0.1614    -0.0025    -0.1590    -0.1615    -0.0025   2.824931   2.825089   0.000157    34.1297    34.1347     7.7053    27.4117    27.4158    334.939  351.77701  353.28173          5  0.000e+00
      23665 326.738403  -62.20580  -58.30020      0.047    1447.10      3.938      3.900    -0.1588    -0.1622    -0.0034    -0.1589    -0.1623    -0.0034   2.824895   2.825048   0.000153    34.1292    34.1350     7.7045    27.4112    27.4161    334.903  351.77798  353.28266          5  0.000e+00
      23666 326.738403  -62.20580  -58.30020      0.047    1447.10      3.890      3.853    -0.1587    -0.1627    -0.0040    -0.1588    -0.1629    -0.0040   2.824919   2.825042   0.000123    34.1294    34.1356     7.7036    27.4114    27.4166    334.864  351.77631  353.28098          5  0.000e+00
      23667 326.738404  -62.20580  -58.30020      0.049    1447.10      3.938      3.900    -0.1589    -0.1624    -0.0034    -0.1591    -0.1625    -0.0034   2.824937   2.825083   0.000145    34.1299    34.1357     7.7079    27.4118    27.4166    335.050  351.77714  353.28188          5  0.000e+00
      23668 326.738404  -62.20580  -58.30020      0.051    1447.10      3.938      3.900    -0.1589    -0.1628    -0.0040    -0.1590    -0.1629    -0.0039   2.824919   2.825135   0.000215    34.1296    34.1369     7.7027    27.4115    27.4176    334.825  351.77745  353.28216          5  0.000e+00
      23669 326.738405  -62.20580  -58.30020      0.053    1447.10      3.938      3.900    -0.1588    -0.1627    -0.0039    -0.1589    -0.1629    -0.0039   2.824889   2.825117   0.000228    34.1291    34.1365     7.7026    27.4111    27.4173    334.822  351.77820  353.28288          5  0.000e+00
      23670 326.738405  -62.20580  -58.30020      0.054    1447.10      3.938      3.900    -0.1586    -0.1634    -0.0049    -0.1587    -0.1636    -0.0049   2.824883   2.825077   0.000194    34.1288    34.1368     7.7025    27.4109    27.4176    334.818  351.77701  353.28162          5  0.000e+00
      23671 326.738406  -62.20580  -58.30020      0.056    1447.10      3.938      3.900    -0.1588    -0.1631    -0.0043    -0.1589    -0.1633    -0.0043   2.824901   2.825031   0.000129    34.1293    34.1358     7.7025    27.4113    27.4168    334.818  351.77776  353.28244          5  0.000e+00
      23672 326.738406  -62.20580  -58.30020      0.057    1447.10      3.938      3.900    -0.1589    -0.1627    -0.0039    -0.1590    -0.1629    -0.0039   2.824913   2.825077   0.000164    34.1295    34.1360     7.7076    27.4115    27.4169    335.037  351.77767  353.28238          5  0.000e+00
      23673 326.738407  -62.20580  -58.30020      0.058    1447.10      3.938      3.900    -0.1589    -0.1622    -0.0033    -0.1591    -0.1623    -0.0033   2.824889   2.825164   0.000275    34.1292    34.1366     7.7084    27.4113    27.4173    335.071  351.77891  353.28361          5  0.000e+00
      23674 326.738407  -62.20580  -58.30020      0.058    1447.10      3.938      3.900    -0.1592    -0.1617    -0.0026    -0.1593    -0.1619    -0.0026   2.824841   2.825117   0.000276    34.1289    34.1354     7.7084    27.4110    27.4164    335.073  351.78208  353.28681          5  0.000e+00
      23675 326.738408  -62.20580  -58.30020      0.055    1447.10      3.938      3.900    -0.1597    -0.1616    -0.0019    -0.1599    -0.1618    -0.0019   2.824847   2.825077   0.000230    34.1296    34.1348     7.7034    27.4116    27.4159    334.854  351.78538  353.29027          5  0.000e+00
      23676 326.738408  -62.20580  -58.30020      0.055    1447.10      3.938      3.900    -0.1598    -0.1617    -0.0020    -0.1599    -0.1619    -0.0020   2.824859   2.825048   0.000189    34.1298    34.1345     7.7084    27.4118    27.4157    335.072  351.78529  353.29020          5  0.000e+00
      23677 326.738409  -62.20580  -58.30020      0.055    1447.10      3.938      3.900    -0.1598    -0.1617    -0.0019    -0.1600    -0.1619    -0.0019   2.824859   2.825083   0.000224    34.1299    34.1350     7.7091    27.4118    27.4160    335.104  351.78565  353.29057          5  0.000e+00
      23678 326.738409  -62.20580  -58.30020      0.055    1447.10      3.938      3.900    -0.1596    -0.1613    -0.0017    -0.1597    -0.1614    -0.0017   2.824895   2.825164   0.000268    34.1301    34.1355     7.7039    27.4120    27.4164    334.878  351.78291  353.28780          5  0.000e+00
      23679 326.738410  -62.20580  -58.30020      0.057    1447.10      3.938      3.900    -0.1600    -0.1618    -0.0018    -0.1601    -0.1619    -0.0018   2.824829   2.825117   0.000288    34.1297    34.1355     7.7083    27.4116    27.4164    335.068  351.78780  353.29276          5  0.000e+00
