Pos-Processados/process_op38/operantar38_014b.ros
* Sea-Bird SBE 9 Data File:
* FileName = D:\OPERANTAR_XXXVIII\DADOS\OP38_014b.hdr
* Software Version Seasave V 7.18c
* Temperature SN = 4808
* Conductivity SN = 3380
* Number of Bytes Per Scan = 34
* Number of Voltage Words = 3
* Number of Scans Averaged by the Deck Unit = 1
* NMEA Latitude = 62 11.38 S
* NMEA Longitude = 058 03.45 W
* NMEA UTC (Time) = Nov 05 2019 06:44:07
** H41
** NAVIO POLAR ALMIRANTE MAXIMIANO
** CRUZEIRO:
** OPERANTAR XXXVIII
** ESTAÇÃO: OP38_014b
** LAT 62 11,38' S
** LONG 058 03,42' W
** 09P73767-1155_A
** PROFUNDIDADE: 480
** DATA/HORA: 050645Z/NOV/2019
** OPERADOR: SO-HN CHAVES
# nquan = 27
# nvalues = 1836                                  
# units = specified
# name 0 = scan: Scan Count
# name 1 = timeJ: Julian Days
# name 2 = latitude: Latitude [deg]
# name 3 = longitude: Longitude [deg]
# name 4 = dz/dtM: Descent Rate [m/s]
# name 5 = avgsvCM: Average Sound Velocity [Chen-Millero, m/s]
# name 6 = prDM: Pressure, Digiquartz [db]
# name 7 = depSM: Depth [salt water, m]
# name 8 = t090C: Temperature [ITS-90, deg C]
# name 9 = t190C: Temperature, 2 [ITS-90, deg C]
# name 10 = T2-T190C: Temperature Difference, 2 - 1 [ITS-90, deg C]
# name 11 = potemp090C: Potential Temperature [ITS-90, deg C]
# name 12 = potemp190C: Potential Temperature, 2 [ITS-90, deg C]
# name 13 = potemp90Cdiff: Potential Temperature, Diff, 2 - 1 [ITS-90, deg C]
# name 14 = c0S/m: Conductivity [S/m]
# name 15 = c1S/m: Conductivity, 2 [S/m]
# name 16 = C2-C1S/m: Conductivity Difference, 2 - 1 [S/m]
# name 17 = sal00: Salinity, Practical [PSU]
# name 18 = sal11: Salinity, Practical, 2 [PSU]
# name 19 = sbeox0ML/L: Oxygen, SBE 43 [ml/l]
# name 20 = sigma-é00: Density [sigma-theta, kg/m^3]
# name 21 = sigma-é11: Density, 2 [sigma-theta, kg/m^3]
# name 22 = sbox0Mm/Kg: Oxygen, SBE 43 [umol/kg]
# name 23 = oxsolMm/Kg: Oxygen Saturation, Garcia & Gordon [umol/kg]
# name 24 = oxsatMm/Kg: Oxygen Saturation, Weiss [umol/kg]
# name 25 = nbf: Bottles Fired
# name 26 = flag:  0.000e+00
# interval = seconds: 0.0416667
# start_time = Nov 05 2019 06:44:07 [NMEA time, header]
# bad_flag = -9.990e-29
*END*
[from data line 698]
       2944 309.282056  -62.18966  -58.05752      0.014       0.00      1.656      1.641    -0.7086    -0.7092    -0.0006    -0.7086    -0.7092    -0.0006   2.780355   2.780814   0.000460    34.1515    34.1584     7.6603    27.4542    27.4598    332.967  356.83781  358.45893          5  0.000e+00
       2945 309.282056  -62.18966  -58.05752      0.001       0.00      1.670      1.654    -0.7092    -0.7089     0.0003    -0.7092    -0.7089     0.0003   2.780313   2.780855   0.000542    34.1516    34.1585     7.6606    27.4543    27.4599    332.982  356.84306  358.46431          5  0.000e+00
       2946 309.282057  -62.18966  -58.05752     -0.014       0.00      1.602      1.586    -0.7105    -0.7085     0.0019    -0.7105    -0.7086     0.0019   2.780283   2.780860   0.000577    34.1527    34.1583     7.6558    27.4552    27.4597    332.772  356.85207  358.47366          5  0.000e+00
       2947 309.282057  -62.18966  -58.05752     -0.025       0.00      1.656      1.640    -0.7109    -0.7087     0.0022    -0.7110    -0.7088     0.0022   2.780289   2.780826   0.000537    34.1532    34.1580     7.6553    27.4557    27.4594    332.751  356.85485  358.47657          5  0.000e+00
       2948 309.282058  -62.18966  -58.05752     -0.039       0.00      1.602      1.586    -0.7110    -0.7084     0.0026    -0.7111    -0.7085     0.0026   2.780295   2.780837   0.000542    34.1535    34.1578     7.6598    27.4559    27.4593    332.947  356.85525  358.47701          5  0.000e+00
       2949 309.282058  -62.18966  -58.05752     -0.056       0.00      1.602      1.586    -0.7109    -0.7089     0.0021    -0.7110    -0.7089     0.0021   2.780337   2.780832   0.000495    34.1539    34.1583     7.6548    27.4562    27.4597    332.726  356.85294  358.47470          5  0.000e+00
       2950 309.282059  -62.18966  -58.05752     -0.066       0.00      1.602      1.586    -0.7101    -0.7089     0.0013    -0.7102    -0.7089     0.0013   2.780391   2.780860   0.000470    34.1537    34.1587     7.6539    27.4560    27.4600    332.690  356.84581  358.46738          5  0.000e+00
       2951 309.282059  -62.18966  -58.05752     -0.082       0.00      1.554      1.539    -0.7092    -0.7079     0.0013    -0.7092    -0.7080     0.0013   2.780385   2.780883   0.000499    34.1526    34.1579     7.6531    27.4551    27.4594    332.654  356.84013  358.46144          5  0.000e+00
       2952 309.282060  -62.18966  -58.05752     -0.095       0.00      1.554      1.539    -0.7089    -0.7085     0.0003    -0.7089    -0.7086     0.0003   2.780415   2.780872   0.000457    34.1527    34.1585     7.6575    27.4552    27.4598    332.847  356.83718  358.45843          5  0.000e+00
       2953 309.282060  -62.18966  -58.05752     -0.106       0.00      1.574      1.559    -0.7084    -0.7084     0.0000    -0.7085    -0.7085     0.0000   2.780427   2.780860   0.000434    34.1523    34.1582     7.6576    27.4548    27.4596    332.848  356.83385  358.45498          5  0.000e+00
       2954 309.282061  -62.18966  -58.05752     -0.124       0.00      1.506      1.491    -0.7081    -0.7084    -0.0003    -0.7082    -0.7084    -0.0003   2.780444   2.780866   0.000422    34.1523    34.1583     7.6575    27.4548    27.4597    332.845  356.83123  358.45230          5  0.000e+00
       2955 309.282061  -62.18966  -58.05752     -0.135       0.00      1.554      1.539    -0.7081    -0.7083    -0.0001    -0.7082    -0.7083    -0.0001   2.780439   2.780820   0.000382    34.1522    34.1575     7.6576    27.4547    27.4590    332.849  356.83154  358.45261          5  0.000e+00
       2956 309.282062  -62.18966  -58.05752     -0.146       0.00      1.506      1.491    -0.7080    -0.7084    -0.0004    -0.7080    -0.7084    -0.0004   2.780450   2.780832   0.000381    34.1522    34.1578     7.6575    27.4547    27.4593    332.845  356.82992  358.45094          5  0.000e+00
       2957 309.282062  -62.18966  -58.05752     -0.159       0.00      1.506      1.491    -0.7078    -0.7083    -0.0005    -0.7078    -0.7083    -0.0005   2.780456   2.780878   0.000421    34.1520    34.1583     7.6574    27.4546    27.4597    332.842  356.82860  358.44958          5  0.000e+00
       2958 309.282063  -62.18966  -58.05752     -0.168       0.00      1.506      1.491    -0.7077    -0.7084    -0.0007    -0.7077    -0.7084    -0.0007   2.780456   2.780872   0.000415    34.1519    34.1584     7.6573    27.4545    27.4597    332.839  356.82787  358.44882          5  0.000e+00
       2959 309.282063  -62.18966  -58.05752     -0.182       0.00      1.451      1.437    -0.7076    -0.7081    -0.0005    -0.7077    -0.7081    -0.0005   2.780474   2.780860   0.000386    34.1521    34.1579     7.6520    27.4546    27.4593    332.607  356.82673  358.44768          5  0.000e+00
       2960 309.282064  -62.18966  -58.05752     -0.193       0.00      1.451      1.437    -0.7075    -0.7081    -0.0006    -0.7075    -0.7081    -0.0006   2.780498   2.780866   0.000368    34.1523    34.1580     7.6511    27.4548    27.4594    332.568  356.82510  358.44603          5  0.000e+00
       2961 309.282064  -62.18966  -58.05752     -0.206       0.00      1.451      1.437    -0.7077    -0.7083    -0.0006    -0.7077    -0.7083    -0.0006   2.780492   2.780872   0.000379    34.1524    34.1582     7.6511    27.4549    27.4596    332.566  356.82642  358.44739          5  0.000e+00
       2962 309.282065  -62.18966  -58.05752     -0.211       0.00      1.471      1.457    -0.7075    -0.7081    -0.0006    -0.7075    -0.7081    -0.0006   2.780462   2.780837   0.000375    34.1518    34.1576     7.6562    27.4544    27.4591    332.790  356.82649  358.44740          5  0.000e+00
       2963 309.282065  -62.18966  -58.05752     -0.219       0.00      1.451      1.437    -0.7077    -0.7081    -0.0004    -0.7077    -0.7081    -0.0004   2.780456   2.780797   0.000341    34.1519    34.1570     7.6562    27.4545    27.4586    332.787  356.82778  358.44873          5  0.000e+00
       2964 309.282065  -62.18966  -58.05752     -0.229       0.00      1.403      1.390    -0.7077    -0.7084    -0.0007    -0.7077    -0.7084    -0.0007   2.780456   2.780820   0.000364    34.1520    34.1577     7.6560    27.4545    27.4592    332.781  356.82769  358.44864          5  0.000e+00
       2965 309.282066  -62.18966  -58.05752     -0.236       0.00      1.451      1.437    -0.7086    -0.7085     0.0001    -0.7086    -0.7086     0.0001   2.780331   2.780820   0.000489    34.1513    34.1579     7.6562    27.4540    27.4593    332.789  356.83836  358.45947          5  0.000e+00
       2966 309.282066  -62.18966  -58.05752     -0.241       0.00      1.403      1.389    -0.7105    -0.7081     0.0024    -0.7105    -0.7081     0.0024   2.780259   2.780809   0.000550    34.1525    34.1572     7.6563    27.4550    27.4588    332.795  356.85263  358.47421          5  0.000e+00
       2967 309.282067  -62.18966  -58.05752     -0.246       0.00      1.451      1.437    -0.7103    -0.7085     0.0017    -0.7103    -0.7086     0.0017   2.780229   2.780832   0.000603    34.1518    34.1580     7.6510    27.4545    27.4594    332.565  356.85276  358.47427          5  0.000e+00
       2968 309.282067  -62.18966  -58.05752     -0.245       0.00      1.451      1.437    -0.7100    -0.7085     0.0014    -0.7100    -0.7086     0.0014   2.780241   2.780791   0.000550    34.1517    34.1575     7.6552    27.4544    27.4590    332.745  356.85049  358.47192          5  0.000e+00
       2969 309.282068  -62.18966  -58.05752     -0.250       0.00      1.403      1.389    -0.7103    -0.7092     0.0011    -0.7103    -0.7092     0.0011   2.780265   2.780768   0.000503    34.1523    34.1579     7.6498    27.4549    27.4594    332.510  356.85132  358.47285          5  0.000e+00
       2970 309.282068  -62.18966  -58.05752     -0.251       0.00      1.417      1.403    -0.7098    -0.7103    -0.0005    -0.7099    -0.7103    -0.0005   2.780289   2.780676   0.000387    34.1521    34.1579     7.6495    27.4547    27.4594    332.498  356.84752  358.46895          5  0.000e+00
       2971 309.282069  -62.18966  -58.05752     -0.252       0.00      1.451      1.437    -0.7094    -0.7109    -0.0015    -0.7094    -0.7109    -0.0015   2.780337   2.780653   0.000317    34.1522    34.1582     7.6493    27.4548    27.4597    332.488  356.84286  358.46419          5  0.000e+00
       2972 309.282069  -62.18966  -58.05752     -0.248       0.00      1.451      1.437    -0.7092    -0.7107    -0.0016    -0.7092    -0.7108    -0.0016   2.780373   2.780648   0.000275    34.1525    34.1580     7.6542    27.4550    27.4595    332.704  356.84041  358.46171          5  0.000e+00
       2973 309.282070  -62.18966  -58.05752     -0.247       0.00      1.403      1.389    -0.7092    -0.7104    -0.0012    -0.7092    -0.7104    -0.0012   2.780337   2.780676   0.000340    34.1521    34.1580     7.6548    27.4547    27.4595    332.731  356.84169  358.46297          5  0.000e+00
       2974 309.282070  -62.18966  -58.05752     -0.241       0.00      1.451      1.437    -0.7092    -0.7100    -0.0008    -0.7092    -0.7100    -0.0008   2.780325   2.780740   0.000415    34.1519    34.1584     7.6555    27.4545    27.4598    332.761  356.84222  358.46349          5  0.000e+00
       2975 309.282071  -62.18966  -58.05752     -0.241       0.00      1.451      1.437    -0.7094    -0.7095    -0.0001    -0.7094    -0.7095    -0.0001   2.780343   2.780763   0.000420    34.1523    34.1581     7.6562    27.4549    27.4596    332.789  356.84263  358.46396          5  0.000e+00
       2976 309.282071  -62.18966  -58.05752     -0.234       0.00      1.451      1.437    -0.7095    -0.7093     0.0002    -0.7096    -0.7094     0.0002   2.780349   2.780803   0.000454    34.1526    34.1585     7.6561    27.4551    27.4599    332.784  356.84350  358.46488          5  0.000e+00
       2977 309.282072  -62.18966  -58.05752     -0.225       0.00      1.506      1.491    -0.7096    -0.7096     0.0000    -0.7097    -0.7097     0.0000   2.780313   2.780786   0.000473    34.1522    34.1586     7.6560    27.4548    27.4599    332.780  356.84568  358.46707          5  0.000e+00
       2978 309.282072  -62.18966  -58.05752     -0.215       0.00      1.519      1.505    -0.7098    -0.7085     0.0013    -0.7099    -0.7086     0.0013   2.780283   2.780809   0.000526    34.1520    34.1577     7.6558    27.4546    27.4592    332.773  356.84793  358.46934          5  0.000e+00
       2979 309.282073  -62.18966  -58.05752     -0.202       0.00      1.506      1.491    -0.7098    -0.7085     0.0013    -0.7099    -0.7086     0.0013   2.780295   2.780826   0.000531    34.1522    34.1579     7.6555    27.4548    27.4594    332.761  356.84745  358.46887          5  0.000e+00
       2980 309.282073  -62.18966  -58.05752     -0.194       0.00      1.506      1.491    -0.7101    -0.7084     0.0017    -0.7102    -0.7084     0.0017   2.780259   2.780860   0.000601    34.1520    34.1582     7.6561    27.4546    27.4596    332.786  356.85063  358.47211          5  0.000e+00
       2981 309.282074  -62.18966  -58.05752     -0.183       0.00      1.506      1.491    -0.7101    -0.7084     0.0017    -0.7102    -0.7084     0.0017   2.780229   2.780860   0.000631    34.1516    34.1582     7.6515    27.4543    27.4596    332.586  356.85177  358.47322          5  0.000e+00
       2982 309.282074  -62.18966  -58.05752     -0.168       0.00      1.553      1.538    -0.7101    -0.7089     0.0013    -0.7102    -0.7089     0.0013   2.780277   2.780866   0.000589    34.1522    34.1588     7.6513    27.4548    27.4601    332.576  356.85003  358.47152          5  0.000e+00
       2983 309.282075  -62.18966  -58.05752     -0.156       0.00      1.553      1.538    -0.7100    -0.7084     0.0016    -0.7100    -0.7085     0.0016   2.780277   2.780860   0.000583    34.1521    34.1582     7.6562    27.4547    27.4596    332.791  356.84931  358.47076          5  0.000e+00
       2984 309.282075  -62.18966  -58.05752     -0.143       0.00      1.505      1.491    -0.7100    -0.7084     0.0016    -0.7100    -0.7084     0.0016   2.780277   2.780889   0.000612    34.1521    34.1586     7.6568    27.4547    27.4599    332.814  356.84922  358.47068          5  0.000e+00
       2985 309.282076  -62.18966  -58.05752     -0.125       0.00      1.601      1.586    -0.7098    -0.7081     0.0017    -0.7098    -0.7081     0.0017   2.780313   2.780849   0.000536    34.1523    34.1576     7.6574    27.4548    27.4591    332.841  356.84657  358.46799          5  0.000e+00
       2986 309.282076  -62.18966  -58.05752     -0.110       0.00      1.574      1.559    -0.7098    -0.7080     0.0019    -0.7099    -0.7080     0.0019   2.780307   2.780901   0.000594    34.1523    34.1582     7.6579    27.4548    27.4596    332.865  356.84712  358.46855          5  0.000e+00
       2987 309.282077  -62.18966  -58.05752     -0.090       0.00      1.601      1.586    -0.7096    -0.7082     0.0014    -0.7097    -0.7083     0.0014   2.780355   2.780895   0.000540    34.1527    34.1584     7.6525    27.4552    27.4598    332.630  356.84426  358.46567          6  0.000e+00
       2988 309.282077  -62.18966  -58.05752     -0.075       0.00      1.601      1.586    -0.7094    -0.7082     0.0011    -0.7094    -0.7083     0.0011   2.780337   2.780855   0.000518    34.1521    34.1579     7.6567    27.4547    27.4593    332.809  356.84312  358.46444          6  0.000e+00
       2989 309.282078  -62.18966  -58.05752     -0.057       0.00      1.601      1.586    -0.7091    -0.7085     0.0005    -0.7091    -0.7086     0.0005   2.780385   2.780883   0.000499    34.1525    34.1586     7.6512    27.4550    27.4599    332.570  356.83949  358.46076          6  0.000e+00
       2990 309.282078  -62.18966  -58.05752     -0.039       0.00      1.656      1.640    -0.7087    -0.7076     0.0011    -0.7088    -0.7077     0.0011   2.780409   2.780889   0.000481    34.1523    34.1576     7.6501    27.4549    27.4591    332.525  356.83649  358.45769          6  0.000e+00
       2991 309.282079  -62.18966  -58.05752     -0.023       0.00      1.601      1.586    -0.7081    -0.7080     0.0002    -0.7082    -0.7080     0.0002   2.780409   2.780912   0.000504    34.1517    34.1583     7.6497    27.4543    27.4597    332.508  356.83276  358.45380          6  0.000e+00
       2992 309.282079  -62.18966  -58.05752     -0.005       0.00      1.656      1.640    -0.7081    -0.7079     0.0002    -0.7082    -0.7080     0.0002   2.780427   2.780895   0.000468    34.1519    34.1580     7.6547    27.4545    27.4594    332.726  356.83218  358.45322          6  0.000e+00
       2993 309.282079  -62.18966  -58.05752      0.011       0.00      1.656      1.640    -0.7081    -0.7084    -0.0003    -0.7082    -0.7085    -0.0003   2.780385   2.780895   0.000510    34.1514    34.1586     7.6553    27.4540    27.4599    332.752  356.83376  358.45478          6  0.000e+00
       2994 309.282080  -62.18966  -58.05752      0.031       0.00      1.704      1.687    -0.7089    -0.7081     0.0008    -0.7089    -0.7081     0.0008   2.780337   2.780866   0.000529    34.1515    34.1578     7.6561    27.4542    27.4593    332.787  356.84039  358.46158          6  0.000e+00
       2995 309.282080  -62.18966  -58.05752      0.045       0.00      1.670      1.654    -0.7091    -0.7081     0.0010    -0.7091    -0.7081     0.0010   2.780325   2.780866   0.000541    34.1516    34.1578     7.6559    27.4543    27.4593    332.777  356.84187  358.46310          6  0.000e+00
       2996 309.282081  -62.18966  -58.05752      0.060       0.00      1.656      1.640    -0.7095    -0.7079     0.0016    -0.7096    -0.7080     0.0016   2.780343   2.780837   0.000495    34.1524    34.1573     7.6557    27.4549    27.4588    332.768  356.84408  358.46545          6  0.000e+00
