Pos-Processados/process_op38/operantar38_009.cnv
* Sea-Bird SBE 9 Data File:
* FileName = D:\OPERANTAR_XXXVIII\DADOS\OP38_009.hdr
* Software Version Seasave V 7.18c
* Temperature SN = 4808
* Conductivity SN = 3380
* Number of Bytes Per Scan = 31
* Number of Voltage Words = 2
* Number of Scans Averaged by the Deck Unit = 1
* NMEA Latitude = 44 15.92 S
* NMEA Longitude = 052 42.25 W
* NMEA UTC (Time) = Oct 20 2019 07:17:42
** H41
** NAVIO POLAR ALMIRANTE MAXIMIANO
** CRUZEIRO:
** OPERANTAR XXXVIII
** ESTAวรO: OP38_009
** LAT 44บ 15,92'S
** LONG 052บ 42,27'W
** 09P73767-1155
** PROFUNDIDADE: 5806
** DATA/HORA: 200718Z/OUT/19
** OPERADOR: CTTECCHIO
# nquan = 30
# nvalues = 2036                        
# units = specified
# name 0 = scan: Scan Count
# name 1 = timeJ: Julian Days
# name 2 = latitude: Latitude [deg]
# name 3 = longitude: Longitude [deg]
# name 4 = dz/dtM: Descent Rate [m/s]
# name 5 = avgsvCM: Average Sound Velocity [Chen-Millero, m/s]
# name 6 = prDM: Pressure, Digiquartz [db]
# name 7 = depSM: Depth [salt water, m]
# name 8 = t090C: Temperature [ITS-90, deg C]
# name 9 = t190C: Temperature, 2 [ITS-90, deg C]
# name 10 = T2-T190C: Temperature Difference, 2 - 1 [ITS-90, deg C]
# name 11 = potemp090C: Potential Temperature [ITS-90, deg C]
# name 12 = potemp190C: Potential Temperature, 2 [ITS-90, deg C]
# name 13 = potemp90Cdiff: Potential Temperature, Diff, 2 - 1 [ITS-90, deg C]
# name 14 = c0S/m: Conductivity [S/m]
# name 15 = c1S/m: Conductivity, 2 [S/m]
# name 16 = C2-C1S/m: Conductivity Difference, 2 - 1 [S/m]
# name 17 = sal00: Salinity, Practical [PSU]
# name 18 = sal11: Salinity, Practical, 2 [PSU]
# name 19 = sbeox0ML/L: Oxygen, SBE 43 [ml/l]
# name 20 = sigma-้00: Density [sigma-theta, kg/m^3]
# name 21 = sigma-้11: Density, 2 [sigma-theta, kg/m^3]
# name 22 = sal00: Salinity, Practical [PSU]
# name 23 = sigma-้00: Density [sigma-theta, kg/m^3]
# name 24 = svCM: Sound Velocity [Chen-Millero, m/s]
# name 25 = svCM1: Sound Velocity, 2 [Chen-Millero, m/s]
# name 26 = gsw_ptA0: potential temperature [ITS-90, deg C]
# name 27 = gsw_densityA0: density, TEOS-10 [density, kg/m^3]
# name 28 = gsw_saA0: Absolute Salinity [g/kg]
# name 29 = flag:
# span 0 =       2363,      64185       
# span 1 = 293.305097, 293.334912       
# span 2 =  -44.26542,  -44.26538       
# span 3 =  -52.70420,  -52.70418       
# span 4 =     -1.402,      1.247       
# span 5 =       0.00,    1510.06       
# span 6 =      3.000,   1021.000       
# span 7 =      3.001,   1010.277       
# span 8 =     3.8292,    14.2233       
# span 9 =     3.8297,    14.2240       
# span 10 =    -0.0385,     0.0129      
# span 11 =     3.7536,    14.1773      
# span 12 =     3.7542,    14.1774      
# span 13 =    -0.0383,     0.0128      
# span 14 =   3.218253,   4.303318      
# span 15 =   3.218669,   4.303994      
# span 16 =  -0.003475,   0.002118      
# span 17 =    34.1839,    35.6682      
# span 18 =    34.1890,    35.6741      
# span 19 =     4.3000,     5.9736      
# span 20 =    26.6622,    27.1753      
# span 21 =    26.6672,    27.1787      
# span 22 =    34.1835,    35.6684      
# span 23 =    26.6613,    27.1760      
# span 24 =    1481.68,    1511.22      
# span 25 =    1481.68,    1511.22      
# span 26 =     3.7534,    14.1773      
# span 27 =  1026.6824,  1031.8854      
# span 28 =    34.3454,    35.8376      
# span 29 = 0.0000e+00, 0.0000e+00      
# interval = decibars: 1                
# start_time = Oct 20 2019 07:17:42 [NMEA time, header]
# bad_flag = -9.990e-29
*END*
[from data line 677]
      21483 293.314318  -44.26540  -52.70418      1.083    1505.82    681.000    674.409     6.6671     6.6679     0.0008     6.6035     6.6042     0.0007   3.469412   3.469940   0.000530    34.3572    34.3623     5.2731    26.9662    26.9701    34.3495    26.9601    1487.75    1487.76     6.6033  1030.0638    34.5136 0.0000e+00
      21507 293.314330  -44.26540  -52.70418      1.026    1505.82    682.000    675.398     6.6491     6.6495     0.0003     6.5855     6.5858     0.0003   3.467630   3.468132   0.000498    34.3544    34.3596     5.2826    26.9664    26.9705    34.3473    26.9608    1487.69    1487.70     6.5853  1030.0693    34.5114 0.0000e+00
      21536 293.314344  -44.26540  -52.70418      0.893    1505.82    683.000    676.387     6.6268     6.6273     0.0004     6.5632     6.5636     0.0004   3.465308   3.465792   0.000488    34.3511    34.3560     5.3157    26.9667    26.9706    34.3434    26.9607    1487.62    1487.63     6.5630  1030.0741    34.5075 0.0000e+00
      21571 293.314360  -44.26540  -52.70418      0.715    1505.82    684.000    677.375     6.5727     6.5734     0.0007     6.5093     6.5100     0.0007   3.459854   3.460380   0.000523    34.3452    34.3503     5.3402    26.9693    26.9732    34.3367    26.9625    1487.41    1487.42     6.5091  1030.0814    34.5007 0.0000e+00
      21606 293.314377  -44.26540  -52.70418      0.669    1505.82    685.000    678.364     6.5262     6.5260    -0.0002     6.4629     6.4627    -0.0002   3.454999   3.455410   0.000408    34.3388    34.3435     5.3548    26.9704    26.9741    34.3290    26.9626    1487.24    1487.24     6.4628  1030.0867    34.4930 0.0000e+00
      21635 293.314391  -44.26540  -52.70418      0.784    1505.82    686.000    679.353     6.4451     6.4455     0.0004     6.3821     6.3825     0.0004   3.446636   3.447109   0.000482    34.3302    34.3351     5.3776    26.9742    26.9780    34.3170    26.9637    1486.92    1486.93     6.3820  1030.0938    34.4809 0.0000e+00
      21659 293.314403  -44.26540  -52.70418      0.923    1505.82    687.000    680.342     6.4044     6.4053     0.0009     6.3416     6.3424     0.0008   3.443193   3.443723   0.000527    34.3277    34.3327     5.3808    26.9775    26.9813    34.3190    26.9706    1486.78    1486.79     6.3414  1030.1058    34.4829 0.0000e+00
      21682 293.314414  -44.26540  -52.70418      1.010    1505.82    688.000    681.330     6.3932     6.3942     0.0010     6.3303     6.3314     0.0010   3.442161   3.442697   0.000535    34.3260    34.3309     5.3874    26.9776    26.9813    34.3182    26.9715    1486.75    1486.76     6.3302  1030.1115    34.4822 0.0000e+00
      21706 293.314426  -44.26542  -52.70418      1.026    1505.82    689.000    682.319     6.3798     6.3803     0.0005     6.3169     6.3174     0.0005   3.440747   3.441228   0.000486    34.3239    34.3287     5.4174    26.9777    26.9815    34.3155    26.9711    1486.71    1486.72     6.3167  1030.1158    34.4795 0.0000e+00
      21731 293.314438  -44.26540  -52.70418      0.988    1505.82    690.000    683.308     6.3537     6.3545     0.0009     6.2908     6.2917     0.0009   3.438301   3.438819   0.000514    34.3216    34.3264     5.4356    26.9793    26.9830    34.3140    26.9733    1486.62    1486.63     6.2907  1030.1229    34.4779 0.0000e+00
      21756 293.314450  -44.26540  -52.70418      0.964    1505.82    691.000    684.296     6.3361     6.3372     0.0011     6.2733     6.2744     0.0011   3.436564   3.437092   0.000526    34.3193    34.3241     5.4369    26.9798    26.9834    34.3117    26.9738    1486.57    1486.58     6.2731  1030.1283    34.4757 0.0000e+00
      21781 293.314462  -44.26540  -52.70418      0.963    1505.50    692.000    685.285     6.3196     6.3204     0.0008     6.2567     6.2575     0.0008   3.435095   3.435594   0.000500    34.3177    34.3224     5.4400    26.9806    26.9842    34.3116    26.9758    1486.52    1486.53     6.2566  1030.1351    34.4755 0.0000e+00
      21807 293.314474  -44.26540  -52.70418      0.938    1504.46    693.000    686.273     6.3118     6.3126     0.0007     6.2489     6.2497     0.0007   3.434375   3.434845   0.000473    34.3164    34.3209     5.4378    26.9806    26.9841    34.3108    26.9762    1486.50    1486.51     6.2487  1030.1402    34.4747 0.0000e+00
      21835 293.314488  -44.26540  -52.70418      0.883    1504.46    694.000    687.262     6.3051     6.3062     0.0011     6.2421     6.2432     0.0011   3.433783   3.434297   0.000515    34.3154    34.3200     5.4384    26.9807    26.9842    34.3105    26.9768    1486.49    1486.50     6.2420  1030.1455    34.4745 0.0000e+00
      21865 293.314502  -44.26540  -52.70418      0.821    1504.46    695.000    688.251     6.2896     6.2903     0.0007     6.2266     6.2273     0.0007   3.432107   3.432606   0.000497    34.3126    34.3175     5.4522    26.9805    26.9842    34.3069    26.9760    1486.44    1486.45     6.2264  1030.1494    34.4709 0.0000e+00
      21897 293.314518  -44.26540  -52.70418      0.760    1504.46    696.000    689.239     6.2613     6.2616     0.0003     6.1983     6.1987     0.0003   3.429284   3.429705   0.000427    34.3094    34.3138     5.4627    26.9816    26.9850    34.3034    26.9769    1486.34    1486.35     6.1982  1030.1553    34.4673 0.0000e+00
      21928 293.314533  -44.26540  -52.70418      0.754    1504.46    697.000    690.228     6.2347     6.2356     0.0008     6.1718     6.1727     0.0008   3.426690   3.427187   0.000487    34.3062    34.3108     5.4616    26.9825    26.9860    34.3006    26.9781    1486.25    1486.26     6.1717  1030.1615    34.4645 0.0000e+00
      21955 293.314546  -44.26540  -52.70418      0.842    1504.46    698.000    691.217     6.2050     6.2054     0.0004     6.1422     6.1426     0.0004   3.423376   3.423843   0.000465    34.3014    34.3062     5.4708    26.9825    26.9862    34.2929    26.9758    1486.14    1486.15     6.1421  1030.1643    34.4568 0.0000e+00
      21978 293.314557  -44.26541  -52.70418      0.971    1504.46    699.000    692.205     6.1529     6.1533     0.0004     6.0902     6.0907     0.0004   3.418322   3.418778   0.000461    34.2969    34.3017     5.4822    26.9856    26.9893    34.2884    26.9789    1485.95    1485.95     6.0901  1030.1728    34.4523 0.0000e+00
      21999 293.314567  -44.26542  -52.70418      1.074    1504.46    700.000    693.194     6.1325     6.1334     0.0008     6.0699     6.0708     0.0008   3.416567   3.417062   0.000493    34.2955    34.3001     5.4858    26.9871    26.9906    34.2887    26.9818    1485.88    1485.89     6.0697  1030.1806    34.4526 0.0000e+00
      22022 293.314578  -44.26542  -52.70418      1.092    1504.46    701.000    694.183     6.1063     6.1073     0.0010     6.0437     6.0447     0.0010   3.413820   3.414324   0.000502    34.2922    34.2968     5.4935    26.9878    26.9913    34.2839    26.9812    1485.79    1485.80     6.0436  1030.1844    34.4469 0.0000e+00
      22046 293.314590 -9.990e-29  -52.70418      1.032    1504.46    702.000    695.171     6.0698     6.0708     0.0010     6.0074     6.0084     0.0010   3.410315   3.410831   0.000513    34.2887    34.2935     5.5104    26.9897    26.9933    34.2808    26.9834    1485.65    1485.67     6.0072  1030.1910    34.4428 0.0000e+00
      22071 293.314602 -9.990e-29  -52.70418      0.977    1504.46    703.000    696.160     6.0474     6.0483     0.0008     5.9850     5.9858     0.0008   3.408175   3.408664   0.000496    34.2862    34.2910     5.5265    26.9905    26.9942    34.2789    26.9847    1485.58    1485.59     5.9848  1030.1972    34.4409 0.0000e+00
      22095 293.314613 -9.990e-29  -52.70418      0.984    1504.46    704.000    697.148     6.0309     6.0311     0.0002     5.9685     5.9687     0.0002   3.406645   3.407048   0.000406    34.2843    34.2887     5.5417    26.9911    26.9945    34.2779    26.9860    1485.53    1485.54     5.9683  1030.2033    34.4399 0.0000e+00
      22122 293.314626  -44.26540  -52.70418      0.942    1504.46    705.000    698.137     6.0089     6.0095     0.0007     5.9465     5.9471     0.0006   3.404311   3.404784   0.000473    34.2808    34.2854     5.5571    26.9911    26.9947    34.2734    26.9852    1485.45    1485.46     5.9463  1030.2081    34.4362 0.0000e+00
      22158 293.314643  -44.26540  -52.70418      0.712    1504.46    706.000    699.125     5.9777     5.9792     0.0014     5.9154     5.9168     0.0014   3.401304   3.401831   0.000531    34.2773    34.2818     5.5690    26.9922    26.9956    34.2705    26.9869    1485.34    1485.35     5.9152  1030.2157    34.4344 0.0000e+00
      22195 293.314661  -44.26540  -52.70418      0.626    1504.46    707.000    700.114     5.9299     5.9302     0.0004     5.8677     5.8681     0.0004   3.396532   3.396970   0.000435    34.2719    34.2764     5.5877    26.9939    26.9975    34.2647    26.9882    1485.16    1485.17     5.8676  1030.2224    34.4285 0.0000e+00
      22222 293.314675  -44.26540  -52.70418      0.795    1504.46    708.000    701.103     5.9050     5.9046    -0.0005     5.8429     5.8424    -0.0005   3.393865   3.394229   0.000356    34.2687    34.2732     5.5937    26.9945    26.9981    34.2592    26.9870    1485.07    1485.07     5.8428  1030.2262    34.4230 0.0000e+00
      22245 293.314685  -44.26540  -52.70418      0.970    1504.46    709.000    702.091     5.8505     5.8517     0.0013     5.7886     5.7898     0.0012   3.388626   3.389139   0.000511    34.2642    34.2687     5.5991    26.9977    27.0011    34.2548    26.9902    1484.86    1484.87     5.7884  1030.2349    34.4186 0.0000e+00
      22266 293.314696  -44.26540  -52.70418      1.091    1504.46    710.000    703.080     5.8261     5.8268     0.0007     5.7643     5.7649     0.0006   3.386448   3.386901   0.000452    34.2620    34.2664     5.6055    26.9990    27.0024    34.2543    26.9929    1484.78    1484.79     5.7641  1030.2425    34.4181 0.0000e+00
      22287 293.314706  -44.26540  -52.70418      1.136    1504.46    711.000    704.068     5.7890     5.7892     0.0002     5.7272     5.7275     0.0002   3.382328   3.382770   0.000439    34.2562    34.2609     5.6198    26.9989    27.0026    34.2449    26.9900    1484.64    1484.65     5.7271  1030.2448    34.4086 0.0000e+00
      22309 293.314717  -44.26540  -52.70418      1.109    1504.46    712.000    705.057     5.7558     5.7572     0.0014     5.6941     5.6956     0.0014   3.379479   3.380030   0.000547    34.2540    34.2588     5.6387    27.0013    27.0049    34.2457    26.9947    1484.52    1484.54     5.6940  1030.2547    34.4095 0.0000e+00
      22334 293.314729  -44.26540  -52.70418      1.018    1504.46    713.000    706.045     5.7361     5.7365     0.0004     5.6744     5.6748     0.0004   3.377641   3.378055   0.000420    34.2519    34.2563     5.6573    27.0021    27.0055    34.2444    26.9961    1484.46    1484.47     5.6743  1030.2610    34.4081 0.0000e+00
      22362 293.314742  -44.26540  -52.70418      0.901    1504.46    714.000    707.034     5.7162     5.7170     0.0008     5.6546     5.6554     0.0008   3.375611   3.376071   0.000462    34.2494    34.2538     5.6789    27.0025    27.0059    34.2411    26.9959    1484.39    1484.40     5.6544  1030.2657    34.4049 0.0000e+00
      22392 293.314756  -44.26540  -52.70418      0.818    1504.46    715.000    708.023     5.6794     5.6805     0.0012     5.6179     5.6190     0.0012   3.372048   3.372552   0.000503    34.2452    34.2497     5.6982    27.0037    27.0071    34.2376    26.9976    1484.26    1484.27     5.6177  1030.2726    34.4013 0.0000e+00
      22424 293.314772  -44.26540  -52.70418      0.763    1504.46    716.000    709.011     5.6617     5.6626     0.0009     5.6002     5.6011     0.0009   3.370479   3.370954   0.000472    34.2431    34.2475     5.7019    27.0042    27.0076    34.2371    26.9994    1484.20    1484.21     5.6000  1030.2785    34.3999 0.0000e+00
      22456 293.314787 -9.990e-29  -52.70418      0.741    1504.46    717.000    710.000     5.6540     5.6549     0.0010     5.5924     5.5934     0.0010   3.369719   3.370200   0.000480    34.2415    34.2459     5.7155    27.0038    27.0072    34.2359    26.9994    1484.18    1484.19     5.5923  1030.2824    34.3977 0.0000e+00
      22484 293.314801 -9.990e-29  -52.70418      0.817    1504.46    718.000    710.988     5.6406     5.6417     0.0011     5.5791     5.5801     0.0011   3.368434   3.368936   0.000500    34.2396    34.2442     5.7278    27.0040    27.0075    34.2343    26.9998    1484.15    1484.16     5.5789  1030.2876    34.3961 0.0000e+00
      22507 293.314812 -9.990e-29  -52.70418      0.956    1504.46    719.000    711.976     5.6331     5.6344     0.0013     5.5715     5.5728     0.0013   3.367755   3.368275   0.000535    34.2387    34.2434     5.7350    27.0042    27.0077    34.2338    27.0003    1484.13    1484.14     5.5713  1030.2928    34.3956 0.0000e+00
      22528 293.314822 -9.990e-29  -52.70418      1.075    1504.46    720.000    712.965     5.6125     5.6125    -0.0000     5.5509     5.5509    -0.0001   3.365647   3.366031   0.000380    34.2365    34.2408     5.7431    27.0049    27.0083    34.2303    27.0000    1484.06    1484.07     5.5508  1030.2974    34.3920 0.0000e+00
      22550 293.314833 -9.990e-29  -52.70418      1.118    1504.46    721.000    713.954     5.5921     5.5935     0.0014     5.5305     5.5319     0.0014   3.363545   3.364121   0.000553    34.2340    34.2388     5.7436    27.0054    27.0091    34.2266    26.9995    1483.99    1484.00     5.5304  1030.3019    34.3883 0.0000e+00
      22575 293.314845 -9.990e-29  -52.70418      1.025    1504.46    722.000    714.942     5.5445     5.5450     0.0005     5.4831     5.4836     0.0005   3.358841   3.359280   0.000449    34.2289    34.2335     5.7455    27.0071    27.0107    34.2210    27.0008    1483.81    1483.82     5.4829  1030.3086    34.3827 0.0000e+00
      22605 293.314859 -9.990e-29  -52.70418      0.852    1504.46    723.000    715.931     5.5150     5.5149    -0.0002     5.4537     5.4535    -0.0002   3.356228   3.356603   0.000378    34.2265    34.2310     5.7482    27.0087    27.0123    34.2207    27.0041    1483.70    1483.71     5.4535  1030.3169    34.3824 0.0000e+00
      22636 293.314874  -44.26540  -52.70418      0.782    1504.46    724.000    716.919     5.5008     5.5019     0.0011     5.4395     5.4405     0.0011   3.354621   3.355127   0.000500    34.2237    34.2283     5.7700    27.0082    27.0117    34.2163    27.0024    1483.66    1483.67     5.4393  1030.3214    34.3798 0.0000e+00
      22665 293.314888  -44.26540  -52.70418      0.801    1504.46    725.000    717.908     5.4525     5.4541     0.0016     5.3914     5.3930     0.0016   3.350006   3.350552   0.000550    34.2195    34.2242     5.7966    27.0106    27.0142    34.2123    27.0049    1483.48    1483.49     5.3912  1030.3295    34.3759 0.0000e+00
      22695 293.314903  -44.26540  -52.70418      0.804    1504.46    726.000    718.896     5.4300     5.4301     0.0001     5.3689     5.3690     0.0001   3.347959   3.348365   0.000408    34.2173    34.2218     5.8115    27.0116    27.0152    34.2114    27.0069    1483.40    1483.41     5.3687  1030.3364    34.3750 0.0000e+00
      22725 293.314917  -44.26540  -52.70418      0.801    1504.46    727.000    719.885     5.4222     5.4235     0.0012     5.3611     5.3623     0.0012   3.347331   3.347832   0.000501    34.2162    34.2207     5.8272    27.0117    27.0151    34.2116    27.0080    1483.39    1483.40     5.3609  1030.3422    34.3752 0.0000e+00
      22751 293.314929  -44.26541  -52.70418      0.875    1504.46    728.000    720.873     5.4131     5.4135     0.0003     5.3520     5.3523     0.0003   3.346329   3.346729   0.000403    34.2144    34.2186     5.8454    27.0113    27.0146    34.2089    27.0070    1483.36    1483.37     5.3518  1030.3460    34.3726 0.0000e+00
