Pos-Processados/process_op38/operantar38_014.ros
* Sea-Bird SBE 9 Data File:
* FileName = D:\OPERANTAR_XXXVIII\DADOS\OP38_014.hdr
* Software Version Seasave V 7.18c
* Temperature SN = 4808
* Conductivity SN = 3380
* Number of Bytes Per Scan = 34
* Number of Voltage Words = 3
* Number of Scans Averaged by the Deck Unit = 1
* NMEA Latitude = 62 11.37 S
* NMEA Longitude = 058 03.45 W
* NMEA UTC (Time) = Nov 05 2019 06:03:04
** H41
** NAVIO POLAR ALMIRANTE MAXIMIANO
** CRUZEIRO:
** OPERANTAR XXXVIII
** ESTAÇÃO: OP38_014
** LAT 62 11,38' S
** LONG 058 03,41' W
** 09P73767-1155_A
** PROFUNDIDADE: 480
** DATA/HORA: 050604Z/NOV/2019
** OPERADOR: SO-HN CHAVES
# nquan = 27
# nvalues = 2172                                  
# units = specified
# name 0 = scan: Scan Count
# name 1 = timeJ: Julian Days
# name 2 = latitude: Latitude [deg]
# name 3 = longitude: Longitude [deg]
# name 4 = dz/dtM: Descent Rate [m/s]
# name 5 = avgsvCM: Average Sound Velocity [Chen-Millero, m/s]
# name 6 = prDM: Pressure, Digiquartz [db]
# name 7 = depSM: Depth [salt water, m]
# name 8 = t090C: Temperature [ITS-90, deg C]
# name 9 = t190C: Temperature, 2 [ITS-90, deg C]
# name 10 = T2-T190C: Temperature Difference, 2 - 1 [ITS-90, deg C]
# name 11 = potemp090C: Potential Temperature [ITS-90, deg C]
# name 12 = potemp190C: Potential Temperature, 2 [ITS-90, deg C]
# name 13 = potemp90Cdiff: Potential Temperature, Diff, 2 - 1 [ITS-90, deg C]
# name 14 = c0S/m: Conductivity [S/m]
# name 15 = c1S/m: Conductivity, 2 [S/m]
# name 16 = C2-C1S/m: Conductivity Difference, 2 - 1 [S/m]
# name 17 = sal00: Salinity, Practical [PSU]
# name 18 = sal11: Salinity, Practical, 2 [PSU]
# name 19 = sbeox0ML/L: Oxygen, SBE 43 [ml/l]
# name 20 = sigma-é00: Density [sigma-theta, kg/m^3]
# name 21 = sigma-é11: Density, 2 [sigma-theta, kg/m^3]
# name 22 = sbox0Mm/Kg: Oxygen, SBE 43 [umol/kg]
# name 23 = oxsolMm/Kg: Oxygen Saturation, Garcia & Gordon [umol/kg]
# name 24 = oxsatMm/Kg: Oxygen Saturation, Weiss [umol/kg]
# name 25 = nbf: Bottles Fired
# name 26 = flag:  0.000e+00
# interval = seconds: 0.0416667
# start_time = Nov 05 2019 06:03:04 [NMEA time, header]
# bad_flag = -9.990e-29
*END*
[from data line 1611]
      27141 309.265218  -62.18964  -58.05752     -0.115    1448.26     12.987     12.861    -0.7544    -0.7544    -0.0000    -0.7547    -0.7548    -0.0000   2.777288   2.777650   0.000362    34.1547    34.1596     7.6769    27.4587    27.4627    333.687  357.26092  358.89208          9  0.000e+00
      27142 309.265218  -62.18964  -58.05752     -0.114    1448.26     12.987     12.861    -0.7542    -0.7545    -0.0003    -0.7546    -0.7549    -0.0003   2.777288   2.777650   0.000362    34.1545    34.1598     7.6772    27.4585    27.4628    333.701  357.25982  358.89094          9  0.000e+00
      27143 309.265219  -62.18964  -58.05752     -0.111    1448.26     12.959     12.834    -0.7540    -0.7544    -0.0004    -0.7544    -0.7548    -0.0004   2.777306   2.777662   0.000356    34.1546    34.1598     7.6775    27.4586    27.4628    333.715  357.25800  358.88908          9  0.000e+00
      27144 309.265219  -62.18964  -58.05752     -0.106    1448.26     13.034     12.909    -0.7540    -0.7541    -0.0000    -0.7544    -0.7544    -0.0000   2.777294   2.777650   0.000356    34.1544    34.1592     7.6772    27.4584    27.4623    333.702  357.25859  358.88966          9  0.000e+00
      27145 309.265220  -62.18964  -58.05752     -0.104    1448.26     12.987     12.861    -0.7544    -0.7542     0.0001    -0.7547    -0.7546     0.0001   2.777264   2.777662   0.000397    34.1544    34.1596     7.6769    27.4584    27.4626    333.687  357.26183  358.89297          9  0.000e+00
      27146 309.265220  -62.18964  -58.05752     -0.101    1448.26     12.987     12.861    -0.7542    -0.7539     0.0003    -0.7546    -0.7543     0.0003   2.777294   2.777673   0.000379    34.1546    34.1594     7.6764    27.4586    27.4625    333.668  357.25960  358.89072          9  0.000e+00
      27147 309.265221  -62.18964  -58.05752     -0.102    1448.26     12.932     12.807    -0.7545    -0.7545     0.0000    -0.7549    -0.7549     0.0000   2.777312   2.777673   0.000361    34.1553    34.1602     7.6768    27.4591    27.4631    333.685  357.26101  358.89224          9  0.000e+00
      27148 309.265221  -62.18964  -58.05752     -0.098    1448.26     12.987     12.861    -0.7542    -0.7543    -0.0001    -0.7546    -0.7547    -0.0001   2.777270   2.777673   0.000403    34.1543    34.1599     7.6765    27.4583    27.4629    333.671  357.26051  358.89161          9  0.000e+00
      27149 309.265222  -62.18964  -58.05752     -0.096    1448.26     12.986     12.861    -0.7545    -0.7542     0.0003    -0.7548    -0.7546     0.0003   2.777240   2.777673   0.000433    34.1542    34.1598     7.6814    27.4583    27.4628    333.884  357.26347  358.89463          9  0.000e+00
      27150 309.265222  -62.18964  -58.05752     -0.090    1448.26     13.007     12.882    -0.7547    -0.7539     0.0007    -0.7550    -0.7543     0.0007   2.777234   2.777673   0.000439    34.1543    34.1594     7.6827    27.4584    27.4625    333.938  357.26482  358.89603          9  0.000e+00
      27151 309.265223  -62.18964  -58.05752     -0.088    1448.26     12.932     12.807    -0.7547    -0.7541     0.0006    -0.7550    -0.7544     0.0006   2.777252   2.777650   0.000398    34.1546    34.1593     7.6838    27.4586    27.4624    333.986  357.26401  358.89523          9  0.000e+00
      27152 309.265223  -62.18964  -58.05752     -0.085    1448.26     12.986     12.861    -0.7550    -0.7542     0.0007    -0.7553    -0.7546     0.0007   2.777222   2.777702   0.000480    34.1545    34.1602     7.6799    27.4585    27.4631    333.819  357.26706  358.89834          9  0.000e+00
      27153 309.265224  -62.18964  -58.05752     -0.081    1448.26     12.986     12.861    -0.7551    -0.7538     0.0014    -0.7555    -0.7541     0.0014   2.777210   2.777685   0.000474    34.1545    34.1594     7.6796    27.4585    27.4625    333.805  357.26861  358.89993          9  0.000e+00
      27154 309.265224  -62.18964  -58.05752     -0.076    1448.26     12.986     12.861    -0.7550    -0.7545     0.0004    -0.7553    -0.7549     0.0004   2.777210   2.777690   0.000480    34.1543    34.1604     7.6844    27.4584    27.4633    334.013  357.26752  358.89879          9  0.000e+00
      27155 309.265225  -62.18964  -58.05752     -0.075    1448.26     12.986     12.861    -0.7550    -0.7542     0.0008    -0.7553    -0.7546     0.0008   2.777210   2.777679   0.000469    34.1543    34.1598     7.6804    27.4584    27.4628    333.840  357.26752  358.89879          9  0.000e+00
      27156 309.265225  -62.18964  -58.05752     -0.070    1448.26     13.007     12.882    -0.7547    -0.7541     0.0006    -0.7550    -0.7544     0.0006   2.777264   2.777673   0.000409    34.1547    34.1596     7.6808    27.4587    27.4626    333.857  357.26369  358.89491          9  0.000e+00
      27157 309.265226  -62.18964  -58.05752     -0.065    1448.26     12.986     12.861    -0.7545    -0.7539     0.0006    -0.7548    -0.7543     0.0006   2.777264   2.777673   0.000409    34.1545    34.1594     7.6804    27.4585    27.4625    333.840  357.26256  358.89374          9  0.000e+00
      27158 309.265226  -62.18964  -58.05752     -0.060    1448.26     12.986     12.861    -0.7547    -0.7544     0.0003    -0.7550    -0.7548     0.0003   2.777276   2.777673   0.000397    34.1549    34.1600     7.6853    27.4588    27.4629    334.052  357.26319  358.89443          9  0.000e+00
      27159 309.265227  -62.18964  -58.05752     -0.058    1448.26     12.986     12.861    -0.7545    -0.7539     0.0007    -0.7549    -0.7542     0.0007   2.777288   2.777673   0.000385    34.1549    34.1594     7.6865    27.4588    27.4624    334.104  357.26201  358.89323          9  0.000e+00
      27160 309.265227  -62.18964  -58.05752     -0.054    1448.26     12.986     12.861    -0.7539    -0.7545    -0.0006    -0.7543    -0.7549    -0.0006   2.777288   2.777673   0.000385    34.1542    34.1601     7.6876    27.4582    27.4631    334.153  357.25800  358.88904          9  0.000e+00
      27161 309.265228  -62.18964  -58.05752     -0.048    1448.26     13.034     12.909    -0.7540    -0.7544    -0.0004    -0.7544    -0.7548    -0.0004   2.777306   2.777633   0.000327    34.1545    34.1594     7.6889    27.4585    27.4625    334.209  357.25813  358.88921          9  0.000e+00
      27162 309.265228  -62.18964  -58.05752     -0.042    1448.26     12.986     12.861    -0.7542    -0.7544    -0.0002    -0.7546    -0.7548    -0.0002   2.777312   2.777656   0.000344    34.1548    34.1597     7.6849    27.4588    27.4627    334.036  357.25891  358.89005          9  0.000e+00
      27163 309.265229  -62.18964  -58.05752     -0.040    1448.26     13.007     12.882    -0.7542    -0.7541     0.0001    -0.7546    -0.7544     0.0001   2.777312   2.777690   0.000378    34.1548    34.1598     7.6898    27.4588    27.4628    334.248  357.25895  358.89008          9  0.000e+00
      27164 309.265229  -62.18962  -58.05752     -0.037    1448.26     12.986     12.861    -0.7537    -0.7544    -0.0007    -0.7541    -0.7548    -0.0007   2.777330   2.777719   0.000389    34.1546    34.1606     7.6849    27.4585    27.4634    334.036  357.25531  358.88633          9  0.000e+00
      27165 309.265230  -62.18962  -58.05752     -0.031    1448.26     13.034     12.909    -0.7537    -0.7538    -0.0000    -0.7541    -0.7541    -0.0000   2.777336   2.777742   0.000406    34.1546    34.1602     7.6846    27.4586    27.4631    334.023  357.25517  358.88619          9  0.000e+00
      27166 309.265230  -62.18962  -58.05752     -0.026    1448.26     12.986     12.861    -0.7536    -0.7533     0.0004    -0.7540    -0.7536     0.0004   2.777336   2.777788   0.000452    34.1545    34.1602     7.6894    27.4585    27.4631    334.229  357.25436  358.88535          9  0.000e+00
      27167 309.265231  -62.18962  -58.05752     -0.022    1448.26     13.034     12.909    -0.7533    -0.7533    -0.0001    -0.7536    -0.7537    -0.0001   2.777360   2.777805   0.000445    34.1544    34.1605     7.6897    27.4584    27.4633    334.245  357.25134  358.88225          9  0.000e+00
      27168 309.265231  -62.18962  -58.05752     -0.021    1448.26     12.986     12.861    -0.7531    -0.7533    -0.0002    -0.7535    -0.7537    -0.0002   2.777366   2.777805   0.000439    34.1544    34.1605     7.6848    27.4584    27.4633    334.032  357.25030  358.88119          9  0.000e+00
      27169 309.265231  -62.18962  -58.05752     -0.016    1448.26     13.007     12.882    -0.7530    -0.7524     0.0006    -0.7533    -0.7527     0.0006   2.777366   2.777782   0.000416    34.1542    34.1591     7.6844    27.4582    27.4622    334.014  357.24925  358.88008          9  0.000e+00
      27170 309.265232  -62.18962  -58.05752     -0.009    1448.26     13.082     12.956    -0.7528    -0.7527     0.0001    -0.7532    -0.7530     0.0001   2.777402   2.777777   0.000375    34.1544    34.1593     7.6840    27.4584    27.4624    333.996  357.24692  358.87773          9  0.000e+00
      27171 309.265232  -62.18962  -58.05752     -0.008    1448.26     12.986     12.861    -0.7525    -0.7528    -0.0003    -0.7529    -0.7532    -0.0003   2.777384   2.777736   0.000353    34.1539    34.1590     7.6886    27.4579    27.4621    334.197  357.24561  358.87633          9  0.000e+00
      27172 309.265233  -62.18962  -58.05752     -0.003    1448.26     13.034     12.909    -0.7528    -0.7531    -0.0003    -0.7532    -0.7535    -0.0003   2.777384   2.777782   0.000399    34.1542    34.1600     7.6839    27.4582    27.4629    333.990  357.24752  358.87832          9  0.000e+00
      27173 309.265233  -62.18962  -58.05752      0.002    1448.26     13.034     12.909    -0.7527    -0.7528    -0.0001    -0.7530    -0.7532    -0.0001   2.777408   2.777765   0.000357    34.1544    34.1594     7.6885    27.4583    27.4624    334.194  357.24588  358.87666          9  0.000e+00
      27174 309.265234  -62.18962  -58.05752      0.006    1448.26     13.034     12.909    -0.7527    -0.7534    -0.0007    -0.7530    -0.7538    -0.0007   2.777420   2.777754   0.000334    34.1546    34.1599     7.6837    27.4585    27.4629    333.981  357.24542  358.87622          9  0.000e+00
      27175 309.265234  -62.18962  -58.05752      0.013    1448.26     13.082     12.956    -0.7525    -0.7531    -0.0006    -0.7529    -0.7535    -0.0006   2.777420   2.777754   0.000334    34.1543    34.1596     7.6884    27.4583    27.4626    334.186  357.24441  358.87516          9  0.000e+00
      27176 309.265235  -62.18962  -58.05752      0.015    1448.26     13.007     12.882    -0.7523    -0.7533    -0.0010    -0.7527    -0.7537    -0.0010   2.777438   2.777713   0.000276    34.1544    34.1593     7.6885    27.4584    27.4623    334.192  357.24251  358.87322          9  0.000e+00
      27177 309.265235  -62.18962  -58.05752      0.017    1448.26     13.034     12.909    -0.7523    -0.7533    -0.0009    -0.7527    -0.7536    -0.0009   2.777426   2.777736   0.000311    34.1542    34.1595     7.6836    27.4582    27.4625    333.979  357.24301  358.87371          9  0.000e+00
      27178 309.265236  -62.18962  -58.05752      0.023    1448.26     13.082     12.956    -0.7520    -0.7536    -0.0016    -0.7524    -0.7540    -0.0016   2.777456   2.777731   0.000275    34.1543    34.1598     7.6882    27.4582    27.4627    334.179  357.24013  358.87077          9  0.000e+00
      27179 309.265236  -62.18962  -58.05752      0.028    1448.26     13.082     12.956    -0.7519    -0.7535    -0.0016    -0.7522    -0.7538    -0.0016   2.777450   2.777823   0.000373    34.1540    34.1609     7.6884    27.4580    27.4636    334.186  357.23927  358.86985          9  0.000e+00
      27180 309.265237  -62.18962  -58.05752      0.032    1448.26     13.034     12.909    -0.7519    -0.7527    -0.0008    -0.7522    -0.7531    -0.0008   2.777462   2.777874   0.000413    34.1542    34.1607     7.6885    27.4582    27.4635    334.190  357.23873  358.86933          9  0.000e+00
      27181 309.265237  -62.18962  -58.05752      0.036    1448.26     13.082     12.956    -0.7519    -0.7528    -0.0009    -0.7522    -0.7532    -0.0009   2.777450   2.777863   0.000413    34.1540    34.1607     7.6886    27.4580    27.4634    334.199  357.23927  358.86985          9  0.000e+00
      27182 309.265238  -62.18962  -58.05752      0.037    1448.26     13.055     12.929    -0.7519    -0.7522    -0.0003    -0.7522    -0.7526    -0.0003   2.777462   2.777840   0.000378    34.1542    34.1597     7.6835    27.4582    27.4626    333.976  357.23876  358.86936          9  0.000e+00
      27183 309.265238  -62.18962  -58.05752      0.041    1448.26     13.034     12.909    -0.7518    -0.7522    -0.0005    -0.7521    -0.7526    -0.0005   2.777450   2.777851   0.000402    34.1539    34.1599     7.6828    27.4579    27.4628    333.945  357.23845  358.86901          9  0.000e+00
      27184 309.265239  -62.18962  -58.05752      0.044    1448.26     13.082     12.956    -0.7519    -0.7522    -0.0003    -0.7522    -0.7526    -0.0003   2.777462   2.777794   0.000332    34.1542    34.1591     7.6830    27.4581    27.4621    333.954  357.23881  358.86941         10  0.000e+00
      27185 309.265239  -62.18962  -58.05752      0.047    1448.26     13.082     12.956    -0.7519    -0.7520    -0.0002    -0.7522    -0.7524    -0.0002   2.777450   2.777834   0.000384    34.1540    34.1594     7.6832    27.4580    27.4624    333.961  357.23927  358.86985         10  0.000e+00
      27186 309.265240  -62.18962  -58.05752      0.051    1448.26     13.082     12.956    -0.7518    -0.7518 -2.590e-07    -0.7521    -0.7521 -3.785e-07   2.777444   2.777794   0.000350    34.1538    34.1585     7.6826    27.4578    27.4617    333.934  357.23877  358.86932         10  0.000e+00
      27187 309.265240  -62.18962  -58.05752      0.053    1448.26     13.082     12.956    -0.7520    -0.7518     0.0003    -0.7524    -0.7521     0.0003   2.777426   2.777857   0.000431    34.1539    34.1594     7.6820    27.4579    27.4624    333.910  357.24127  358.87189         10  0.000e+00
      27188 309.265241  -62.18962  -58.05752      0.055    1448.26     13.082     12.956    -0.7522    -0.7519     0.0003    -0.7526    -0.7523     0.0003   2.777438   2.777886   0.000448    34.1542    34.1600     7.6814    27.4582    27.4628    333.884  357.24191  358.87258         10  0.000e+00
      27189 309.265241  -62.18962  -58.05752      0.059    1448.26     13.110     12.983    -0.7520    -0.7508     0.0012    -0.7524    -0.7512     0.0012   2.777426   2.777886   0.000460    34.1539    34.1587     7.6756    27.4579    27.4618    333.633  357.24132  358.87194         10  0.000e+00
      27190 309.265242  -62.18962  -58.05752      0.061    1448.26     13.082     12.956    -0.7522    -0.7513     0.0009    -0.7525    -0.7517     0.0009   2.777438   2.777840   0.000402    34.1542    34.1587     7.6794    27.4582    27.4617    333.798  357.24154  358.87220         10  0.000e+00
      27191 309.265242  -62.18962  -58.05752      0.062    1448.26     13.082     12.956    -0.7522    -0.7516     0.0006    -0.7526    -0.7520     0.0006   2.777444   2.777828   0.000385    34.1543    34.1589     7.6789    27.4583    27.4619    333.773  357.24168  358.87236         10  0.000e+00
      27192 309.265243  -62.18962  -58.05752      0.062    1448.26     13.082     12.956    -0.7520    -0.7522    -0.0001    -0.7524    -0.7525    -0.0001   2.777462   2.777828   0.000367    34.1544    34.1595     7.6731    27.4583    27.4625    333.521  357.23991  358.87055         10  0.000e+00
      27193 309.265243  -62.18962  -58.05752      0.069    1448.26     13.137     13.011    -0.7527    -0.7524     0.0003    -0.7530    -0.7527     0.0003   2.777432   2.777748   0.000316    34.1547    34.1586     7.6771    27.4586    27.4617    333.696  357.24515  358.87595         10  0.000e+00
