Pos-Processados/process_op38/operantar38_004.ros
* Sea-Bird SBE 9 Data File:
* FileName = D:\OPERANTAR_XXXVIII\DADOS\OP38_004.hdr
* Software Version Seasave V 7.12
* Temperature SN = 4808
* Conductivity SN = 3380
* Number of Bytes Per Scan = 31
* Number of Voltage Words = 2
* Number of Scans Averaged by the Deck Unit = 1
* NMEA Latitude = 39 58.92 S
* NMEA Longitude = 054 59.71 W
* NMEA UTC (Time) = Oct 17 2019 15:31:47
** H41
** NAVIO POLAR ALMIRANTE MAXIMIANO
** CRUZEIRO:
** OPERANTAR XXXVIII
** ESTAÇÃO: OP38_004
** LAT 39º 58,96'S
** LONG 054º 59,70'W
** 09P73767-1155
** PROFUNDIDADE: 1627 m
** DATA/HORA: 171533Z/OUT/2019
** OPERADOR: SO-HN CHAVES
# nquan = 27
# nvalues = 3988                                  
# units = specified
# name 0 = scan: Scan Count
# name 1 = timeJ: Julian Days
# name 2 = latitude: Latitude [deg]
# name 3 = longitude: Longitude [deg]
# name 4 = dz/dtM: Descent Rate [m/s]
# name 5 = avgsvCM: Average Sound Velocity [Chen-Millero, m/s]
# name 6 = prDM: Pressure, Digiquartz [db]
# name 7 = depSM: Depth [salt water, m]
# name 8 = t090C: Temperature [ITS-90, deg C]
# name 9 = t190C: Temperature, 2 [ITS-90, deg C]
# name 10 = T2-T190C: Temperature Difference, 2 - 1 [ITS-90, deg C]
# name 11 = potemp090C: Potential Temperature [ITS-90, deg C]
# name 12 = potemp190C: Potential Temperature, 2 [ITS-90, deg C]
# name 13 = potemp90Cdiff: Potential Temperature, Diff, 2 - 1 [ITS-90, deg C]
# name 14 = c0S/m: Conductivity [S/m]
# name 15 = c1S/m: Conductivity, 2 [S/m]
# name 16 = C2-C1S/m: Conductivity Difference, 2 - 1 [S/m]
# name 17 = sal00: Salinity, Practical [PSU]
# name 18 = sal11: Salinity, Practical, 2 [PSU]
# name 19 = sbeox0ML/L: Oxygen, SBE 43 [ml/l]
# name 20 = sigma-é00: Density [sigma-theta, kg/m^3]
# name 21 = sigma-é11: Density, 2 [sigma-theta, kg/m^3]
# name 22 = sbox0Mm/Kg: Oxygen, SBE 43 [umol/kg]
# name 23 = oxsolMm/Kg: Oxygen Saturation, Garcia & Gordon [umol/kg]
# name 24 = oxsatMm/Kg: Oxygen Saturation, Weiss [umol/kg]
# name 25 = nbf: Bottles Fired
# name 26 = flag:  0.000e+00
# interval = seconds: 0.0416667
# start_time = Oct 17 2019 15:31:47 [NMEA time, header]
# bad_flag = -9.990e-29
*END*
[from data line 1021]
      60082 290.676046  -39.97476  -54.99514     -0.401    1470.62     32.828     32.574     5.9431     5.9470     0.0039     5.9404     5.9443     0.0039   3.351391   3.352371   0.000979    34.0785    34.0856     7.3252    26.8320    26.8371    318.595  302.72877  303.27224          7  0.000e+00
      60083 290.676046  -39.97476  -54.99514     -0.399    1470.62     32.835     32.581     5.9423     5.9473     0.0050     5.9396     5.9446     0.0050   3.351289   3.352408   0.001119    34.0782    34.0858     7.3256    26.8318    26.8372    318.613  302.73538  303.27894          7  0.000e+00
      60084 290.676047  -39.97476  -54.99514     -0.389    1470.62     32.889     32.635     5.9413     5.9474     0.0060     5.9386     5.9446     0.0060   3.351179   3.352457   0.001278    34.0779    34.0862     7.3261    26.8317    26.8375    318.633  302.74295  303.28663          7  0.000e+00
      60085 290.676047  -39.97476  -54.99514     -0.386    1470.62     32.787     32.533     5.9391     5.9478     0.0087     5.9364     5.9451     0.0087   3.351109   3.352457   0.001348    34.0794    34.0858     7.3260    26.8332    26.8371    318.628  302.75511  303.29909          7  0.000e+00
      60086 290.676048  -39.97476  -54.99514     -0.376    1470.62     32.883     32.628     5.9381     5.9475     0.0095     5.9353     5.9448     0.0095   3.351070   3.352432   0.001362    34.0799    34.0858     7.3263    26.8337    26.8372    318.644  302.76120  303.30531          7  0.000e+00
      60087 290.676048  -39.97476  -54.99514     -0.372    1470.62     32.787     32.533     5.9376     5.9474     0.0097     5.9349     5.9446     0.0097   3.351128   3.352426   0.001298    34.0811    34.0859     7.3258    26.8347    26.8373    318.622  302.76162  303.30582          7  0.000e+00
      60088 290.676049  -39.97476  -54.99514     -0.364    1470.62     32.835     32.581     5.9376     5.9472     0.0096     5.9349     5.9445     0.0096   3.351173   3.352402   0.001228    34.0816    34.0858     7.3259    26.8351    26.8372    318.622  302.76054  303.30474          7  0.000e+00
      60089 290.676049  -39.97476  -54.99514     -0.367    1470.62     32.677     32.424     5.9377     5.9473     0.0095     5.9350     5.9446     0.0095   3.351205   3.352414   0.001209    34.0819    34.0859     7.3298    26.8353    26.8373    318.792  302.75905  303.30325          7  0.000e+00
      60090 290.676050  -39.97476  -54.99514     -0.349    1470.62     32.937     32.683     5.9372     5.9466     0.0094     5.9344     5.9438     0.0094   3.351192   3.352352   0.001160    34.0822    34.0858     7.3263    26.8356    26.8373    318.644  302.76241  303.30669          7  0.000e+00
      60091 290.676050  -39.97476  -54.99514     -0.338    1470.62     32.835     32.581     5.9373     5.9450     0.0076     5.9346     5.9422     0.0076   3.351160   3.352186   0.001025    34.0817    34.0856     7.3261    26.8352    26.8374    318.633  302.76236  303.30661          7  0.000e+00
      60092 290.676051  -39.97476  -54.99514     -0.332    1470.62     32.787     32.533     5.9376     5.9438     0.0062     5.9349     5.9411     0.0062   3.351083   3.352099   0.001016    34.0806    34.0858     7.3259    26.8343    26.8376    318.624  302.76301  303.30720          7  0.000e+00
      60093 290.676051  -39.97476  -54.99514     -0.322    1470.62     32.780     32.526     5.9385     5.9435     0.0050     5.9358     5.9408     0.0050   3.351102   3.352093   0.000991    34.0799    34.0861     7.3255    26.8337    26.8379    318.608  302.75827  303.30233          7  0.000e+00
      60094 290.676052  -39.97476  -54.99514     -0.313    1470.62     32.835     32.581     5.9387     5.9434     0.0047     5.9360     5.9407     0.0047   3.351122   3.352068   0.000947    34.0799    34.0859     7.3294    26.8336    26.8377    318.777  302.75659  303.30062          7  0.000e+00
      60095 290.676052  -39.97476  -54.99514     -0.306    1470.62     32.787     32.533     5.9390     5.9427     0.0037     5.9362     5.9400     0.0037   3.351102   3.352062   0.000960    34.0795    34.0865     7.3254    26.8332    26.8384    318.602  302.75603  303.30002          7  0.000e+00
      60096 290.676053  -39.97476  -54.99514     -0.293    1470.62     32.787     32.533     5.9386     5.9427     0.0040     5.9359     5.9400     0.0040   3.351051   3.352105   0.001054    34.0792    34.0870     7.3251    26.8331    26.8388    318.589  302.75883  303.30286          7  0.000e+00
      60097 290.676053  -39.97476  -54.99514     -0.283    1470.62     32.828     32.574     5.9377     5.9429     0.0051     5.9350     5.9401     0.0051   3.351122   3.352124   0.001002    34.0809    34.0870     7.3253    26.8345    26.8387    318.599  302.76133  303.30551          7  0.000e+00
      60098 290.676054  -39.97476  -54.99514     -0.274    1470.62     32.787     32.533     5.9375     5.9430     0.0055     5.9348     5.9403     0.0055   3.351212   3.352130   0.000918    34.0822    34.0870     7.3295    26.8356    26.8387    318.779  302.76026  303.30450          7  0.000e+00
      60099 290.676054  -39.97476  -54.99514     -0.265    1470.62     32.787     32.533     5.9381     5.9426     0.0045     5.9354     5.9399     0.0045   3.351289   3.352081   0.000792    34.0824    34.0869     7.3298    26.8357    26.8386    318.796  302.75531  303.29948          7  0.000e+00
      60100 290.676055  -39.97476  -54.99514     -0.250    1470.62     32.835     32.581     5.9391     5.9422     0.0032     5.9363     5.9395     0.0032   3.351347   3.352062   0.000716    34.0821    34.0870     7.3256    26.8353    26.8388    318.610  302.74940  303.29345          7  0.000e+00
      60101 290.676055  -39.97476  -54.99514     -0.241    1470.62     32.828     32.574     5.9397     5.9425     0.0028     5.9370     5.9398     0.0028   3.351347   3.352081   0.000734    34.0814    34.0869     7.3249    26.8347    26.8387    318.583  302.74614  303.29010          7  0.000e+00
      60102 290.676056  -39.97476  -54.99514     -0.233    1470.62     32.732     32.479     5.9398     5.9424     0.0025     5.9371     5.9397     0.0025   3.351314   3.352093   0.000779    34.0810    34.0872     7.3284    26.8343    26.8389    318.734  302.74635  303.29028          7  0.000e+00
      60103 290.676056  -39.97476  -54.99514     -0.219    1470.62     32.835     32.581     5.9402     5.9417     0.0015     5.9375     5.9390     0.0015   3.351295   3.351957   0.000662    34.0804    34.0863     7.3288    26.8338    26.8383    318.751  302.74521  303.28908          7  0.000e+00
      60104 290.676057  -39.97476  -54.99514     -0.209    1470.62     32.835     32.581     5.9400     5.9408     0.0008     5.9373     5.9381     0.0008   3.351276   3.351889   0.000614    34.0803    34.0864     7.3250    26.8338    26.8385    318.586  302.74644  303.29033          7  0.000e+00
      60105 290.676057  -39.97476  -54.99514     -0.195    1470.62     32.828     32.574     5.9400     5.9398    -0.0002     5.9373     5.9371    -0.0002   3.351321   3.351883   0.000562    34.0809    34.0874     7.3289    26.8342    26.8394    318.756  302.74555  303.28946          7  0.000e+00
      60106 290.676058  -39.97476  -54.99514     -0.183    1470.62     32.835     32.581     5.9407     5.9399    -0.0008     5.9380     5.9372    -0.0008   3.351379   3.351865   0.000486    34.0808    34.0870     7.3290    26.8341    26.8391    318.760  302.74059  303.28441          7  0.000e+00
      60107 290.676058  -39.97476  -54.99514     -0.171    1470.62     32.835     32.581     5.9407     5.9404    -0.0003     5.9380     5.9377    -0.0003   3.351398   3.351877   0.000479    34.0810    34.0867     7.3287    26.8342    26.8388    318.747  302.74011  303.28393          7  0.000e+00
      60108 290.676059  -39.97476  -54.99514     -0.158    1470.62     32.835     32.581     5.9408     5.9410     0.0001     5.9381     5.9382     0.0001   3.351340   3.351920   0.000580    34.0802    34.0866     7.3289    26.8336    26.8387    318.754  302.74107  303.28486          7  0.000e+00
      60109 290.676059  -39.97476  -54.99514     -0.144    1470.62     32.883     32.629     5.9407     5.9416     0.0008     5.9380     5.9388     0.0008   3.351334   3.351957   0.000624    34.0802    34.0864     7.3290    26.8336    26.8384    318.761  302.74179  303.28559          7  0.000e+00
      60110 290.676060  -39.97476  -54.99514     -0.132    1470.62     32.835     32.581     5.9407     5.9416     0.0009     5.9380     5.9388     0.0009   3.351289   3.351945   0.000656    34.0798    34.0863     7.3291    26.8333    26.8383    318.763  302.74312  303.28692          7  0.000e+00
      60111 290.676060  -39.97476  -54.99514     -0.123    1470.62     32.835     32.581     5.9402     5.9416     0.0014     5.9375     5.9388     0.0014   3.351295   3.351939   0.000644    34.0804    34.0863     7.3292    26.8338    26.8383    318.766  302.74521  303.28908          7  0.000e+00
      60112 290.676060  -39.97476  -54.99514     -0.107    1470.62     32.890     32.635     5.9402     5.9414     0.0012     5.9375     5.9387     0.0012   3.351263   3.351957   0.000694    34.0800    34.0866     7.3292    26.8335    26.8386    318.769  302.74608  303.28994          7  0.000e+00
      60113 290.676061  -39.97476  -54.99514     -0.093    1470.62     32.883     32.629     5.9400     5.9413     0.0013     5.9373     5.9386     0.0013   3.351263   3.351889   0.000626    34.0802    34.0859     7.3292    26.8337    26.8381    318.767  302.74707  303.29096          7  0.000e+00
      60114 290.676061  -39.97476  -54.99514     -0.082    1470.62     32.890     32.635     5.9400     5.9404     0.0004     5.9373     5.9377     0.0004   3.351295   3.351809   0.000514    34.0805    34.0859     7.3291    26.8339    26.8381    318.762  302.74602  303.28991          7  0.000e+00
      60115 290.676062  -39.97476  -54.99514     -0.067    1470.62     32.890     32.635     5.9397     5.9396    -0.0001     5.9370     5.9369    -0.0001   3.351282   3.351766   0.000484    34.0807    34.0862     7.3290    26.8341    26.8385    318.758  302.74784  303.29178          7  0.000e+00
      60116 290.676062  -39.97476  -54.99514     -0.055    1470.62     32.890     32.635     5.9398     5.9395    -0.0004     5.9371     5.9367    -0.0004   3.351257   3.351778   0.000522    34.0803    34.0865     7.3288    26.8338    26.8388    318.750  302.74799  303.29190          7  0.000e+00
      60117 290.676063  -39.97476  -54.99514     -0.043    1470.62     32.931     32.676     5.9397     5.9398     0.0001     5.9370     5.9371     0.0001   3.351090   3.351791   0.000701    34.0785    34.0863     7.3287    26.8323    26.8385    318.748  302.75277  303.29665          7  0.000e+00
      60118 290.676063  -39.97476  -54.99514     -0.027    1470.62     32.938     32.683     5.9382     5.9392     0.0010     5.9355     5.9365     0.0010   3.350910   3.351741   0.000832    34.0779    34.0863     7.3293    26.8321    26.8386    318.772  302.76458  303.30862          7  0.000e+00
      60119 290.676064  -39.97476  -54.99514     -0.015    1470.62     32.938     32.683     5.9360     5.9392     0.0031     5.9333     5.9364     0.0031   3.350768   3.351729   0.000961    34.0786    34.0863     7.3294    26.8329    26.8386    318.776  302.77865  303.32297          7  0.000e+00
      60120 290.676064  -39.97476  -54.99514     -0.003    1470.62     32.938     32.683     5.9345     5.9387     0.0042     5.9317     5.9359     0.0042   3.350640   3.351680   0.001040    34.0787    34.0862     7.3294    26.8332    26.8386    318.775  302.78940  303.33391          7  0.000e+00
      60121 290.676065  -39.97476  -54.99514      0.010    1470.62     32.979     32.724     5.9329     5.9377     0.0048     5.9302     5.9350     0.0048   3.350589   3.351680   0.001091    34.0797    34.0871     7.3293    26.8342    26.8395    318.772  302.79824  303.34297          7  0.000e+00
      60122 290.676065  -39.97476  -54.99514      0.019    1470.62     32.938     32.683     5.9321     5.9378     0.0057     5.9293     5.9350     0.0057   3.350556   3.351649   0.001092    34.0802    34.0868     7.3295    26.8347    26.8392    318.780  302.80301  303.34785          7  0.000e+00
      60123 290.676066  -39.97476  -54.99514      0.032    1470.62     32.986     32.731     5.9314     5.9372     0.0058     5.9286     5.9345     0.0058   3.350589   3.351593   0.001005    34.0812    34.0867     7.3297    26.8356    26.8391    318.789  302.80550  303.35044          7  0.000e+00
      60124 290.676066  -39.97476  -54.99514      0.044    1470.62     32.986     32.731     5.9316     5.9367     0.0051     5.9289     5.9340     0.0051   3.350582   3.351532   0.000949    34.0809    34.0864     7.3292    26.8353    26.8390    318.769  302.80466  303.34957          7  0.000e+00
      60125 290.676067  -39.97476  -54.99514      0.056    1470.62     32.979     32.724     5.9314     5.9361     0.0047     5.9286     5.9334     0.0047   3.350601   3.351519   0.000918    34.0814    34.0870     7.3288    26.8357    26.8395    318.748  302.80517  303.35011          7  0.000e+00
      60126 290.676067  -39.97476  -54.99514      0.065    1470.62     32.986     32.731     5.9319     5.9360     0.0040     5.9292     5.9332     0.0040   3.350653   3.351495   0.000842    34.0813    34.0868     7.3286    26.8356    26.8394    318.743  302.80112  303.34600          7  0.000e+00
      60127 290.676068  -39.97476  -54.99514      0.080    1470.62     33.041     32.785     5.9327     5.9358     0.0031     5.9299     5.9330     0.0031   3.350775   3.351464   0.000689    34.0820    34.0866     7.3285    26.8360    26.8393    318.736  302.79460  303.33940          7  0.000e+00
      60128 290.676068  -39.97476  -54.99514      0.089    1470.62     33.041     32.785     5.9335     5.9359     0.0025     5.9307     5.9332     0.0025   3.350839   3.351458   0.000618    34.0819    34.0864     7.3324    26.8359    26.8391    318.907  302.78922  303.33393          7  0.000e+00
      60129 290.676069  -39.97476  -54.99514      0.103    1470.62     33.082     32.826     5.9339     5.9351     0.0012     5.9311     5.9324     0.0012   3.350833   3.351377   0.000545    34.0814    34.0863     7.3281    26.8354    26.8391    318.722  302.78743  303.33208          7  0.000e+00
      60130 290.676069  -39.97476  -54.99514      0.114    1470.62     33.041     32.785     5.9339     5.9344     0.0004     5.9312     5.9316     0.0004   3.350801   3.351334   0.000534    34.0810    34.0866     7.3316    26.8351    26.8394    318.873  302.78795  303.33258          7  0.000e+00
      60131 290.676070  -39.97476  -54.99514      0.123    1470.62     33.089     32.833     5.9340     5.9338    -0.0002     5.9313     5.9311    -0.0002   3.350749   3.351242   0.000492    34.0803    34.0860     7.3319    26.8345    26.8391    318.888  302.78880  303.33341          7  0.000e+00
      60132 290.676070  -39.97476  -54.99514      0.133    1470.62     33.089     32.833     5.9336     5.9329    -0.0007     5.9309     5.9301    -0.0007   3.350653   3.351168   0.000515    34.0796    34.0862     7.3323    26.8340    26.8393    318.903  302.79324  303.33788          7  0.000e+00
      60133 290.676071  -39.97476  -54.99514      0.145    1470.62     33.082     32.826     5.9325     5.9324    -0.0001     5.9298     5.9296    -0.0001   3.350550   3.351155   0.000605    34.0796    34.0865     7.3327    26.8341    26.8396    318.920  302.80109  303.34585          7  0.000e+00
