Pos-Processados/process_op38/operantar38_024.ros
* Sea-Bird SBE 9 Data File:
* FileName = D:\OPERANTAR_XXXVIII\DADOS\OP38_024.hdr
* Software Version Seasave V 7.18c
* Temperature SN = 4808
* Conductivity SN = 3380
* Number of Bytes Per Scan = 34
* Number of Voltage Words = 3
* Number of Scans Averaged by the Deck Unit = 1
* NMEA Latitude = 62 13.17 S
* NMEA Longitude = 058 22.76 W
* NMEA UTC (Time) = Nov 22 2019 19:55:17
** H41
** NAVIO POLAR ALMIRANTE MAXIMIANO
** CRUZEIRO:
** OPERANTAR XXXVIII
** ESTAÇÃO: OP38_024
** LAT 62 13,16'S
** LONG 058 22,74'W
** 09P73767-1155_A
** PROFUNDIDADE: 292
** DATA/HORA: 221955Z/NOV/2019
** OPERADOR: SO-HN CHAVES
# nquan = 26
# nvalues = 1425                                  
# units = specified
# name 0 = scan: Scan Count
# name 1 = timeJ: Julian Days
# name 2 = latitude: Latitude [deg]
# name 3 = longitude: Longitude [deg]
# name 4 = dz/dtM: Descent Rate [m/s]
# name 5 = avgsvCM: Average Sound Velocity [Chen-Millero, m/s]
# name 6 = prDM: Pressure, Digiquartz [db]
# name 7 = depSM: Depth [salt water, m]
# name 8 = t090C: Temperature [ITS-90, deg C]
# name 9 = t190C: Temperature, 2 [ITS-90, deg C]
# name 10 = T2-T190C: Temperature Difference, 2 - 1 [ITS-90, deg C]
# name 11 = potemp090C: Potential Temperature [ITS-90, deg C]
# name 12 = potemp190C: Potential Temperature, 2 [ITS-90, deg C]
# name 13 = potemp90Cdiff: Potential Temperature, Diff, 2 - 1 [ITS-90, deg C]
# name 14 = c0S/m: Conductivity [S/m]
# name 15 = c1S/m: Conductivity, 2 [S/m]
# name 16 = C2-C1S/m: Conductivity Difference, 2 - 1 [S/m]
# name 17 = sal00: Salinity, Practical [PSU]
# name 18 = sal11: Salinity, Practical, 2 [PSU]
# name 19 = sbeox0ML/L: Oxygen, SBE 43 [ml/l]
# name 20 = sbeox1ML/L: Oxygen, SBE 43, 2 [ml/l]
# name 21 = sbeox0ML/Ldiff: Oxygen, SBE 43, Diff, 2 - 1 [ml/l]
# name 22 = sigma-é00: Density [sigma-theta, kg/m^3]
# name 23 = sigma-é11: Density, 2 [sigma-theta, kg/m^3]
# name 24 = nbf: Bottles Fired
# name 25 = flag:  0.000e+00
# interval = seconds: 0.0416667
# start_time = Nov 22 2019 19:55:17 [NMEA time, header]
# bad_flag = -9.990e-29
*END*
[from data line 1394]
      19816 326.839614  -62.21964  -58.37922     -0.032    1448.21      3.113      3.083    -0.2792    -0.2897    -0.0105    -0.2793    -0.2898    -0.0105   2.817945   2.817170  -0.000775    34.1721    34.1735     7.6622     7.3982    -0.2640    27.4517    27.4533          8  0.000e+00
      19817 326.839614  -62.21964  -58.37922     -0.025    1448.21      3.167      3.137    -0.2792    -0.2891    -0.0099    -0.2794    -0.2892    -0.0099   2.817861   2.817193  -0.000668    34.1709    34.1731     7.6625     7.3976    -0.2649    27.4507    27.4529          8  0.000e+00
      19818 326.839615  -62.21964  -58.37922     -0.024    1448.21      3.113      3.083    -0.2812    -0.2900    -0.0089    -0.2813    -0.2901    -0.0089   2.817759   2.817228  -0.000531    34.1717    34.1746     7.6622     7.3971    -0.2651    27.4515    27.4542          8  0.000e+00
      19819 326.839615  -62.21964  -58.37922     -0.023    1448.21      3.113      3.083    -0.2828    -0.2900    -0.0072    -0.2829    -0.2901    -0.0072   2.817638   2.817152  -0.000486    34.1720    34.1736     7.6627     7.3966    -0.2661    27.4518    27.4534          8  0.000e+00
      19820 326.839616  -62.21964  -58.37922     -0.019    1448.21      3.113      3.083    -0.2832    -0.2891    -0.0059    -0.2833    -0.2892    -0.0059   2.817608   2.817129  -0.000479    34.1720    34.1722     7.6622     7.3960    -0.2662    27.4518    27.4523          8  0.000e+00
      19821 326.839616  -62.21964  -58.37922     -0.015    1448.21      3.167      3.137    -0.2829    -0.2899    -0.0070    -0.2830    -0.2900    -0.0070   2.817548   2.817025  -0.000523    34.1708    34.1717     7.6624     7.3959    -0.2666    27.4508    27.4519          8  0.000e+00
      19822 326.839617  -62.21964  -58.37922     -0.014    1448.21      3.113      3.083    -0.2824    -0.2903    -0.0080    -0.2825    -0.2904    -0.0080   2.817566   2.816996  -0.000570    34.1705    34.1719     7.6617     7.3955    -0.2662    27.4506    27.4520          8  0.000e+00
      19823 326.839617  -62.21964  -58.37922     -0.011    1448.21      3.133      3.103    -0.2821    -0.2920    -0.0099    -0.2822    -0.2921    -0.0099   2.817584   2.816939  -0.000645    34.1704    34.1729     7.6611     7.3955    -0.2656    27.4505    27.4530          8  0.000e+00
      19824 326.839618  -62.21964  -58.37922     -0.010    1448.21      3.113      3.083    -0.2821    -0.2950    -0.0129    -0.2822    -0.2951    -0.0129   2.817548   2.816973  -0.000575    34.1699    34.1768     7.6614     7.3946    -0.2668    27.4501    27.4562          8  0.000e+00
      19825 326.839618  -62.21964  -58.37922     -0.008    1448.21      3.113      3.083    -0.2819    -0.2965    -0.0146    -0.2820    -0.2966    -0.0146   2.817548   2.816893  -0.000655    34.1698    34.1774     7.6608     7.3946    -0.2662    27.4499    27.4568          8  0.000e+00
      19826 326.839619  -62.21964  -58.37922     -0.003    1448.21      3.167      3.137    -0.2814    -0.2959    -0.0145    -0.2815    -0.2960    -0.0145   2.817614   2.816904  -0.000710    34.1701    34.1769     7.6551     7.3943    -0.2608    27.4502    27.4563          8  0.000e+00
      19827 326.839619  -62.21964  -58.37922     -0.005    1448.21      3.113      3.083    -0.2804    -0.2956    -0.0152    -0.2805    -0.2957    -0.0152   2.817656   2.816916  -0.000741    34.1695    34.1767     7.6552     7.3940    -0.2611    27.4497    27.4562          8  0.000e+00
      19828 326.839620  -62.21964  -58.37922     -0.003    1448.21      3.113      3.083    -0.2791    -0.2942    -0.0151    -0.2792    -0.2943    -0.0151   2.817680   2.816933  -0.000747    34.1684    34.1754     7.6589     7.3936    -0.2652    27.4487    27.4550          8  0.000e+00
      19829 326.839620  -62.21964  -58.37922     -0.005    1448.21      3.113      3.083    -0.2790    -0.2922    -0.0132    -0.2791    -0.2923    -0.0132   2.817650   2.817020  -0.000631    34.1678    34.1743     7.6592     7.3932    -0.2661    27.4482    27.4541          8  0.000e+00
      19830 326.839620  -62.21964  -58.37922     -0.003    1448.21      3.113      3.083    -0.2791    -0.2900    -0.0109    -0.2792    -0.2901    -0.0109   2.817626   2.817066  -0.000560    34.1677    34.1724     7.6597     7.3927    -0.2670    27.4481    27.4525          8  0.000e+00
      19831 326.839621  -62.21964  -58.37922      0.003    1448.21      3.167      3.137    -0.2788    -0.2908    -0.0120    -0.2789    -0.2909    -0.0120   2.817668   2.817153  -0.000516    34.1678    34.1744     7.6593     7.3928    -0.2665    27.4482    27.4541          8  0.000e+00
      19832 326.839621  -62.21964  -58.37922      0.002    1448.21      3.113      3.083    -0.2765    -0.2922    -0.0157    -0.2766    -0.2923    -0.0157   2.817765   2.817124  -0.000641    34.1666    34.1757     7.6542     7.3931    -0.2611    27.4471    27.4552          8  0.000e+00
      19833 326.839622  -62.21964  -58.37922      0.001    1448.21      3.113      3.083    -0.2734    -0.2920    -0.0187    -0.2735    -0.2921    -0.0187   2.817849   2.817158  -0.000690    34.1642    34.1759     7.6584     7.3874    -0.2710    27.4450    27.4554          8  0.000e+00
      19834 326.839622  -62.21964  -58.37922      0.000    1448.21      3.065      3.035    -0.2682    -0.2913    -0.0230    -0.2683    -0.2914    -0.0230   2.817951   2.817181  -0.000770    34.1598    34.1754     7.6521     7.3920    -0.2601    27.4412    27.4549          8  0.000e+00
      19835 326.839623  -62.21964  -58.37922      0.002    1448.21      3.167      3.137    -0.2653    -0.2903    -0.0250    -0.2654    -0.2904    -0.0250   2.818180   2.817187  -0.000992    34.1595    34.1744     7.6521     7.3922    -0.2599    27.4409    27.4541          8  0.000e+00
      19836 326.839623  -62.21964  -58.37922     -0.002    1448.21      3.065      3.035    -0.2654    -0.2901    -0.0247    -0.2655    -0.2902    -0.0247   2.818438   2.817239  -0.001199    34.1632    34.1749     7.6510     7.3923    -0.2587    27.4438    27.4545          8  0.000e+00
      19837 326.839624  -62.21964  -58.37922     -0.003    1448.21      3.113      3.083    -0.2650    -0.2896    -0.0245    -0.2651    -0.2897    -0.0245   2.818607   2.817222  -0.001385    34.1649    34.1740     7.6500     7.3926    -0.2574    27.4452    27.4537          8  0.000e+00
      19838 326.839624  -62.21964  -58.37922     -0.000    1448.21      3.113      3.083    -0.2637    -0.2900    -0.0263    -0.2638    -0.2901    -0.0263   2.818697   2.817268  -0.001429    34.1647    34.1751     7.6555     7.3930    -0.2625    27.4450    27.4547          8  0.000e+00
      19839 326.839625  -62.21964  -58.37922     -0.001    1448.21      3.113      3.083    -0.2628    -0.2899    -0.0270    -0.2629    -0.2900    -0.0270   2.818498   2.817228  -0.001271    34.1610    34.1744     7.6512     7.3934    -0.2578    27.4420    27.4541          8  0.000e+00
      19840 326.839625  -62.21964  -58.37922     -0.002    1448.21      3.113      3.083    -0.2653    -0.2900    -0.0247    -0.2654    -0.2901    -0.0247   2.818131   2.817268  -0.000863    34.1589    34.1751     7.6512     7.3939    -0.2574    27.4404    27.4547          8  0.000e+00
      19841 326.839626  -62.21964  -58.37922     -0.006    1448.21      3.065      3.035    -0.2734    -0.2899    -0.0165    -0.2735    -0.2900    -0.0165   2.817795   2.817228  -0.000567    34.1635    34.1744     7.6529     7.3943    -0.2586    27.4445    27.4541          8  0.000e+00
      19842 326.839626  -62.21964  -58.37922     -0.010    1448.21      3.065      3.035    -0.2749    -0.2900    -0.0152    -0.2750    -0.2901    -0.0152   2.817674   2.817228  -0.000447    34.1636    34.1746     7.6526     7.3949    -0.2577    27.4446    27.4543          8  0.000e+00
      19843 326.839627  -62.21964  -58.37922     -0.009    1448.21      3.133      3.103    -0.2741    -0.2896    -0.0154    -0.2742    -0.2897    -0.0154   2.817674   2.817256  -0.000418    34.1627    34.1744     7.6528     7.3955    -0.2573    27.4438    27.4541          8  0.000e+00
      19844 326.839627  -62.21964  -58.37922     -0.013    1448.21      3.065      3.035    -0.2727    -0.2902    -0.0174    -0.2728    -0.2903    -0.0174   2.817764   2.817222  -0.000543    34.1624    34.1747     7.6527     7.3962    -0.2565    27.4435    27.4543          8  0.000e+00
      19845 326.839628  -62.21964  -58.37922     -0.013    1448.21      3.065      3.035    -0.2727    -0.2896    -0.0168    -0.2728    -0.2896    -0.0168   2.817710   2.817268  -0.000442    34.1616    34.1746     7.6473     7.3898    -0.2574    27.4429    27.4542          8  0.000e+00
      19846 326.839628  -62.21964  -58.37922     -0.013    1448.21      3.113      3.083    -0.2768    -0.2891    -0.0123    -0.2769    -0.2892    -0.0123   2.817524   2.817308  -0.000215    34.1637    34.1746     7.6529     7.3894    -0.2634    27.4448    27.4542          8  0.000e+00
