Pos-Processados/process_op38/operantar38_016.cnv
* Sea-Bird SBE 9 Data File:
* FileName = D:\OPERANTAR_XXXVIII\DADOS\OP38_016.hdr
* Software Version Seasave V 7.18c
* Temperature SN = 4808
* Conductivity SN = 3380
* Number of Bytes Per Scan = 34
* Number of Voltage Words = 3
* Number of Scans Averaged by the Deck Unit = 1
* NMEA Latitude = 62 13.34 S
* NMEA Longitude = 058 12.68 W
* NMEA UTC (Time) = Nov 05 2019 11:56:34
** H41
** NAVIO POLAR ALMIRANTE MAXIMIANO
** CRUZEIRO:
** OPERANTAR XXXVIII
** ESTAÇÃO: OP38_016
** LAT 62 13,33' S
** LONG 058 12,65' W
** 09P73767-1155_A
** PROFUNDIDADE: 310
** DATA/HORA: 051157Z/NOV/2019
** OPERADOR: SO-HN CHAVES
# nquan = 30
# nvalues = 568                         
# units = specified
# name 0 = scan: Scan Count
# name 1 = timeJ: Julian Days
# name 2 = latitude: Latitude [deg]
# name 3 = longitude: Longitude [deg]
# name 4 = dz/dtM: Descent Rate [m/s]
# name 5 = avgsvCM: Average Sound Velocity [Chen-Millero, m/s]
# name 6 = prDM: Pressure, Digiquartz [db]
# name 7 = depSM: Depth [salt water, m]
# name 8 = t090C: Temperature [ITS-90, deg C]
# name 9 = t190C: Temperature, 2 [ITS-90, deg C]
# name 10 = T2-T190C: Temperature Difference, 2 - 1 [ITS-90, deg C]
# name 11 = potemp090C: Potential Temperature [ITS-90, deg C]
# name 12 = potemp190C: Potential Temperature, 2 [ITS-90, deg C]
# name 13 = potemp90Cdiff: Potential Temperature, Diff, 2 - 1 [ITS-90, deg C]
# name 14 = c0S/m: Conductivity [S/m]
# name 15 = c1S/m: Conductivity, 2 [S/m]
# name 16 = C2-C1S/m: Conductivity Difference, 2 - 1 [S/m]
# name 17 = sal00: Salinity, Practical [PSU]
# name 18 = sal11: Salinity, Practical, 2 [PSU]
# name 19 = sbeox0ML/L: Oxygen, SBE 43 [ml/l]
# name 20 = sigma-é00: Density [sigma-theta, kg/m^3]
# name 21 = sigma-é11: Density, 2 [sigma-theta, kg/m^3]
# name 22 = sal00: Salinity, Practical [PSU]
# name 23 = sigma-é00: Density [sigma-theta, kg/m^3]
# name 24 = svCM: Sound Velocity [Chen-Millero, m/s]
# name 25 = svCM1: Sound Velocity, 2 [Chen-Millero, m/s]
# name 26 = gsw_ptA0: potential temperature [ITS-90, deg C]
# name 27 = gsw_densityA0: density, TEOS-10 [density, kg/m^3]
# name 28 = gsw_saA0: Absolute Salinity [g/kg]
# name 29 = flag:
# span 0 =       3411,      29939       
# span 1 = 309.499260, 309.512053       
# span 2 =  -62.22236,  -62.22234       
# span 3 =  -58.21135,  -58.21130       
# span 4 =     -1.094,      1.283       
# span 5 =       0.00,    1446.63       
# span 6 =      1.000,    285.000       
# span 7 =      0.986,    282.064       
# span 8 =    -0.9473,    -0.1654       
# span 9 =    -0.9467,    -0.1602       
# span 10 =    -0.0829,     0.0305      
# span 11 =    -0.9506,    -0.1757      
# span 12 =    -0.9501,    -0.1705      
# span 13 =    -0.0827,     0.0304      
# span 14 =   2.768794,   2.860464      
# span 15 =   2.769194,   2.861454      
# span 16 =  -0.009507,   0.003173      
# span 17 =    34.1572,    34.4456      
# span 18 =    34.1633,    34.4466      
# span 19 =     5.8553,     7.6371      
# span 20 =    27.4601,    27.6813      
# span 21 =    27.4647,    27.6683      
# span 22 =    34.1560,    34.4460      
# span 23 =    27.4596,    27.6817      
# span 24 =    1444.49,    1452.26      
# span 25 =    1444.50,    1452.30      
# span 26 =    -0.9505,    -0.1755      
# span 27 =  1027.4691,  1029.0243      
# span 28 =    34.3207,    34.6142      
# span 29 = 0.0000e+00, 0.0000e+00      
# interval = decibars: 1                
# start_time = Nov 05 2019 11:56:34 [NMEA time, header]
# bad_flag = -9.990e-29
*END*
[from data line 49]
       6695 309.500844 -9.990e-29  -58.21134      0.831    1444.54     50.000     49.514    -0.9038    -0.9042    -0.0004    -0.9052    -0.9055    -0.0004   2.769206   2.769596   0.000387    34.1918    34.1974     7.5161    27.4947    27.4993    34.1914    27.4944    1444.67    1444.67    -0.9051  1027.7359    34.3526 0.0000e+00
       6719 309.500855 -9.990e-29  -58.21134      0.978    1444.54     51.000     50.504    -0.9052    -0.9052    -0.0000    -0.9065    -0.9066    -0.0000   2.769182   2.769587   0.000404    34.1923    34.1978     7.5167    27.4952    27.4997    34.1920    27.4949    1444.68    1444.68    -0.9065  1027.7413    34.3532 0.0000e+00
       6744 309.500868 -9.990e-29  -58.21134      0.981    1444.54     52.000     51.494    -0.9048    -0.9050    -0.0001    -0.9062    -0.9064    -0.0001   2.769273   2.769658   0.000387    34.1924    34.1978     7.5275    27.4953    27.4996    34.1922    27.4951    1444.69    1444.70    -0.9062  1027.7462    34.3534 0.0000e+00
       6779 309.500885  -62.22236  -58.21134      0.751    1444.54     53.000     52.485    -0.9038    -0.9037     0.0001    -0.9052    -0.9051     0.0001   2.769350   2.769768   0.000417    34.1916    34.1972     7.5282    27.4946    27.4991    34.1914    27.4944    1444.71    1444.72    -0.9052  1027.7531    34.3561 0.0000e+00
       6822 309.500905  -62.22236  -58.21134      0.555    1444.54     54.000     53.474    -0.9041    -0.9040     0.0002    -0.9056    -0.9054     0.0002   2.769391   2.769798   0.000407    34.1919    34.1973     7.5287    27.4948    27.4992    34.1917    27.4947    1444.73    1444.74    -0.9055  1027.7586    34.3570 0.0000e+00
       6858 309.500923  -62.22236  -58.21134      0.639    1444.54     55.000     54.465    -0.9049    -0.9050    -0.0001    -0.9064    -0.9065    -0.0001   2.769411   2.769813   0.000402    34.1924    34.1980     7.5324    27.4953    27.4998    34.1923    27.4952    1444.74    1444.75    -0.9063  1027.7639    34.3576 0.0000e+00
       6891 309.500939  -62.22236  -58.21134      0.723    1444.54     56.000     55.455    -0.9060    -0.9060     0.0000    -0.9075    -0.9075     0.0000   2.769395   2.769802   0.000405    34.1929    34.1984     7.5288    27.4957    27.5002    34.1927    27.4956    1444.75    1444.76    -0.9075  1027.7691    34.3580 0.0000e+00
       6924 309.500955  -62.22236  -58.21134      0.730    1444.54     57.000     56.445    -0.9068    -0.9070    -0.0002    -0.9083    -0.9085    -0.0002   2.769392   2.769771   0.000385    34.1931    34.1985     7.5207    27.4959    27.5003    34.1930    27.4958    1444.77    1444.77    -0.9083  1027.7742    34.3583 0.0000e+00
       6957 309.500970  -62.22236  -58.21134      0.726    1444.54     58.000     57.435    -0.9077    -0.9078    -0.0000    -0.9093    -0.9093    -0.0000   2.769368   2.769785   0.000412    34.1933    34.1989     7.5271    27.4961    27.5006    34.1931    27.4959    1444.78    1444.78    -0.9092  1027.7791    34.3584 0.0000e+00
       6988 309.500985  -62.22236  -58.21134      0.755 -9.990e-29     59.000     58.425    -0.9085    -0.9082     0.0003    -0.9101    -0.9099     0.0003   2.769374   2.769794   0.000420    34.1936    34.1990     7.5260    27.4963    27.5007    34.1934    27.4962    1444.79    1444.80    -0.9100  1027.7842    34.3587 0.0000e+00
       7018 309.501000  -62.22236  -58.21134      0.805 -9.990e-29     60.000     59.415    -0.9084    -0.9084    -0.0000    -0.9100    -0.9100    -0.0000   2.769431   2.769829   0.000397    34.1935    34.1989     7.5344    27.4963    27.5007    34.1934    27.4962    1444.81    1444.82    -0.9100  1027.7890    34.3588 0.0000e+00
       7047 309.501014  -62.22236  -58.21134      0.816 -9.990e-29     61.000     60.405    -0.9082    -0.9082     0.0000    -0.9099    -0.9098     0.0000   2.769487   2.769890   0.000403    34.1935    34.1989     7.5346    27.4962    27.5007    34.1933    27.4962    1444.83    1444.83    -0.9098  1027.7937    34.3587 0.0000e+00
       7078 309.501029  -62.22236  -58.21134      0.791    1444.66     62.000     61.396    -0.9087    -0.9086     0.0001    -0.9104    -0.9103     0.0001   2.769502   2.769903   0.000402    34.1936    34.1989     7.5236    27.4964    27.5007    34.1935    27.4963    1444.84    1444.85    -0.9103  1027.7987    34.3588 0.0000e+00
       7108 309.501043  -62.22236  -58.21134      0.794    1444.66     63.000     62.386    -0.9093    -0.9095    -0.0003    -0.9110    -0.9112    -0.0003   2.769510   2.769895   0.000385    34.1937    34.1993     7.5142    27.4965    27.5010    34.1936    27.4964    1444.85    1444.86    -0.9109  1027.8036    34.3590 0.0000e+00
       7138 309.501057  -62.22236  -58.21134      0.809    1444.66     64.000     63.375    -0.9103    -0.9102     0.0000    -0.9120    -0.9120     0.0000   2.769478   2.769890   0.000407    34.1939    34.1994     7.5195    27.4967    27.5011    34.1937    27.4965    1444.87    1444.87    -0.9120  1027.8085    34.3591 0.0000e+00
       7169 309.501073  -62.22236  -58.21134      0.778    1444.66     65.000     64.366    -0.9110    -0.9106     0.0004    -0.9128    -0.9124     0.0004   2.769482   2.769908   0.000427    34.1941    34.1995     7.5144    27.4969    27.5012    34.1940    27.4968    1444.88    1444.89    -0.9127  1027.8135    34.3594 0.0000e+00
       7205 309.501090  -62.22236  -58.21134      0.684    1444.66     66.000     65.356    -0.9111    -0.9111     0.0001    -0.9129    -0.9129     0.0001   2.769527   2.769931   0.000403    34.1942    34.1996     7.5188    27.4970    27.5014    34.1941    27.4969    1444.89    1444.90    -0.9128  1027.8184    34.3595 0.0000e+00
       7241 309.501108  -62.22236  -58.21134      0.650    1444.66     67.000     66.346    -0.9124    -0.9125    -0.0001    -0.9142    -0.9144    -0.0001   2.769521   2.769920   0.000400    34.1950    34.2006     7.5218    27.4977    27.5022    34.1948    27.4975    1444.90    1444.91    -0.9142  1027.8239    34.3603 0.0000e+00
       7273 309.501123  -62.22236  -58.21134      0.731    1444.66     68.000     67.336    -0.9129    -0.9137    -0.0008    -0.9147    -0.9155    -0.0008   2.769550   2.769928   0.000378    34.1953    34.2013     7.5226    27.4979    27.5028    34.1952    27.4978    1444.92    1444.92    -0.9147  1027.8290    34.3606 0.0000e+00
       7301 309.501136  -62.22236  -58.21134      0.836    1444.66     69.000     68.326    -0.9133    -0.9129     0.0004    -0.9151    -0.9148     0.0004   2.769584   2.770007   0.000423    34.1955    34.2009     7.5247    27.4981    27.5024    34.1954    27.4981    1444.93    1444.94    -0.9151  1027.8340    34.3609 0.0000e+00
       7327 309.501149  -62.22236  -58.21134      0.908    1444.66     70.000     69.316    -0.9157    -0.9153     0.0003    -0.9176    -0.9172     0.0003   2.769478   2.769896   0.000421    34.1966    34.2019     7.5175    27.4991    27.5034    34.1961    27.4987    1444.94    1444.95    -0.9175  1027.8394    34.3615 0.0000e+00
       7353 309.501161  -62.22236  -58.21134      0.915    1444.66     71.000     70.306    -0.9222    -0.9214     0.0008    -0.9241    -0.9233     0.0008   2.769208   2.769659   0.000439    34.1995    34.2046     7.5118    27.5017    27.5058    34.1992    27.5014    1444.93    1444.94    -0.9241  1027.8470    34.3647 0.0000e+00
       7384 309.501176  -62.22236  -58.21134      0.816    1444.66     72.000     71.296    -0.9197    -0.9183     0.0015    -0.9217    -0.9202     0.0015   2.769383   2.769862   0.000479    34.1982    34.2031     7.5036    27.5006    27.5045    34.1982    27.5005    1444.96    1444.97    -0.9216  1027.8509    34.3636 0.0000e+00
       7422 309.501194  -62.22236  -58.21134      0.656    1444.66     73.000     72.287    -0.9200    -0.9208    -0.0009    -0.9220    -0.9228    -0.0009   2.769370   2.769725   0.000364    34.1980    34.2039     7.4809    27.5004    27.5052    34.1977    27.5001    1444.97    1444.97    -0.9219  1027.8553    34.3631 0.0000e+00
       7457 309.501212  -62.22236  -58.21134      0.655    1444.66     74.000     73.277    -0.9219    -0.9222    -0.0004    -0.9239    -0.9242    -0.0004   2.769345   2.769722   0.000377    34.1990    34.2045     7.4878    27.5012    27.5058    34.1988    27.5012    1444.98    1444.98    -0.9238  1027.8611    34.3643 0.0000e+00
       7488 309.501226  -62.22236  -58.21134      0.757    1444.66     75.000     74.267    -0.9249    -0.9257    -0.0008    -0.9269    -0.9277    -0.0008   2.769233   2.769598   0.000364    34.2006    34.2064     7.4935    27.5027    27.5074    34.2002    27.5023    1444.98    1444.99    -0.9269  1027.8671    34.3657 0.0000e+00
       7516 309.501240  -62.22236  -58.21134      0.840    1444.66     76.000     75.257    -0.9273    -0.9279    -0.0006    -0.9294    -0.9300    -0.0006   2.769165   2.769548   0.000382    34.2017    34.2076     7.4967    27.5037    27.5085    34.2013    27.5034    1444.99    1444.99    -0.9293  1027.8729    34.3668 0.0000e+00
       7545 309.501254  -62.22236  -58.21134      0.842    1444.66     77.000     76.246    -0.9329    -0.9320     0.0009    -0.9350    -0.9341     0.0009   2.769017   2.769448   0.000430    34.2056    34.2104     7.4908    27.5070    27.5109    34.2051    27.5066    1444.98    1444.99    -0.9349  1027.8810    34.3706 0.0000e+00
       7576 309.501269  -62.22236  -58.21134      0.790    1444.66     78.000     77.237    -0.9339    -0.9339     0.0000    -0.9360    -0.9360     0.0000   2.769057   2.769461   0.000405    34.2064    34.2119     7.4691    27.5078    27.5122    34.2061    27.5075    1445.00    1445.00    -0.9359  1027.8867    34.3716 0.0000e+00
       7605 309.501283  -62.22236  -58.21134      0.798    1444.66     79.000     78.227    -0.9342    -0.9342     0.0000    -0.9363    -0.9363     0.0000   2.769111   2.769509   0.000399    34.2068    34.2123     7.4560    27.5081    27.5125    34.2065    27.5079    1445.01    1445.02    -0.9363  1027.8919    34.3721 0.0000e+00
       7635 309.501297  -62.22236  -58.21134      0.809    1444.66     80.000     79.217    -0.9345    -0.9345     0.0000    -0.9367    -0.9367     0.0000   2.769153   2.769551   0.000398    34.2071    34.2126     7.4433    27.5084    27.5128    34.2068    27.5081    1445.03    1445.04    -0.9366  1027.8969    34.3725 0.0000e+00
       7669 309.501313  -62.22236  -58.21134      0.738    1444.66     81.000     80.206    -0.9351    -0.9351    -0.0000    -0.9373    -0.9373    -0.0000   2.769186   2.769585   0.000400    34.2076    34.2130     7.4466    27.5088    27.5132    34.2073    27.5085    1445.04    1445.05    -0.9372  1027.9021    34.3730 0.0000e+00
       7703 309.501330  -62.22236  -58.21134      0.690    1444.66     82.000     81.197    -0.9353    -0.9353     0.0000    -0.9376    -0.9376     0.0000   2.769230   2.769634   0.000405    34.2078    34.2133     7.4527    27.5089    27.5134    34.2076    27.5088    1445.06    1445.06    -0.9375  1027.9072    34.3732 0.0000e+00
       7732 309.501344  -62.22236  -58.21134      0.779    1444.66     83.000     82.186    -0.9354    -0.9355    -0.0000    -0.9377    -0.9377    -0.0000   2.769276   2.769687   0.000408    34.2078    34.2134     7.4579    27.5090    27.5135    34.2077    27.5088    1445.07    1445.08    -0.9376  1027.9121    34.3733 0.0000e+00
       7756 309.501356  -62.22236  -58.21134      0.927    1444.66     84.000     83.177    -0.9363    -0.9362     0.0001    -0.9386    -0.9384     0.0001   2.769348   2.769750   0.000403    34.2092    34.2145     7.4648    27.5101    27.5144    34.2090    27.5100    1445.09    1445.10    -0.9385  1027.9180    34.3747 0.0000e+00
       7779 309.501367  -62.22236  -58.21134      1.030    1444.66     85.000     84.167    -0.9375    -0.9375    -0.0001    -0.9398    -0.9398    -0.0001   2.769383   2.769789   0.000408    34.2104    34.2160     7.4597    27.5111    27.5157    34.2102    27.5110    1445.10    1445.11    -0.9397  1027.9238    34.3759 0.0000e+00
       7803 309.501378  -62.22236  -58.21134      1.018    1444.66     86.000     85.157    -0.9369    -0.9369    -0.0001    -0.9392    -0.9393    -0.0001   2.769563   2.769957   0.000394    34.2113    34.2167     7.4476    27.5118    27.5162    34.2114    27.5119    1445.12    1445.13    -0.9391  1027.9295    34.3771 0.0000e+00
       7834 309.501393  -62.22236  -58.21134      0.845    1444.66     87.000     86.147    -0.9360    -0.9360     0.0000    -0.9384    -0.9384     0.0000   2.769728   2.770120   0.000393    34.2121    34.2175     7.4433    27.5125    27.5168    34.2120    27.5124    1445.14    1445.15    -0.9383  1027.9348    34.3778 0.0000e+00
       7871 309.501411  -62.22236  -58.21134      0.659    1444.66     88.000     87.137    -0.9365    -0.9364     0.0000    -0.9388    -0.9388     0.0000   2.769744   2.770159   0.000410    34.2122    34.2178     7.4418    27.5126    27.5171    34.2121    27.5125    1445.16    1445.16    -0.9388  1027.9397    34.3779 0.0000e+00
       7906 309.501428  -62.22236  -58.21134      0.674    1444.66     89.000     88.126    -0.9360    -0.9361    -0.0001    -0.9385    -0.9385    -0.0001   2.769837   2.770230   0.000395    34.2123    34.2178     7.4335    27.5126    27.5171    34.2123    27.5126    1445.17    1445.18    -0.9383  1027.9446    34.3781 0.0000e+00
       7937 309.501443  -62.22236  -58.21134      0.751    1444.66     90.000     89.116    -0.9363    -0.9365    -0.0001    -0.9388    -0.9389    -0.0001   2.769882   2.770284   0.000404    34.2126    34.2183     7.4290    27.5129    27.5175    34.2126    27.5129    1445.19    1445.20    -0.9387  1027.9497    34.3784 0.0000e+00
       7966 309.501457  -62.22236  -58.21134      0.822    1444.66     91.000     90.107    -0.9366    -0.9366    -0.0001    -0.9390    -0.9391    -0.0001   2.769993   2.770400   0.000408    34.2136    34.2193     7.4332    27.5137    27.5183    34.2137    27.5138    1445.21    1445.21    -0.9390  1027.9554    34.3796 0.0000e+00
       7994 309.501470  -62.22236  -58.21134      0.855    1444.66     92.000     91.097    -0.9370    -0.9369     0.0001    -0.9395    -0.9394     0.0001   2.770126   2.770549   0.000422    34.2154    34.2211     7.4353    27.5152    27.5198    34.2154    27.5152    1445.22    1445.23    -0.9394  1027.9616    34.3813 0.0000e+00
       8021 309.501483  -62.22236  -58.21134      0.872    1444.66     93.000     92.086    -0.9372    -0.9372     0.0000    -0.9397    -0.9397     0.0000   2.770191   2.770590   0.000400    34.2159    34.2214     7.4304    27.5156    27.5200    34.2159    27.5156    1445.24    1445.25    -0.9396  1027.9668    34.3818 0.0000e+00
       8048 309.501496  -62.22236  -58.21134      0.888    1444.66     94.000     93.076    -0.9382    -0.9383    -0.0002    -0.9407    -0.9409    -0.0002   2.770199   2.770585   0.000385    34.2166    34.2220     7.4265    27.5162    27.5206    34.2165    27.5161    1445.25    1445.26    -0.9407  1027.9721    34.3824 0.0000e+00
       8074 309.501509  -62.22236  -58.21134      0.914    1444.66     95.000     94.066    -0.9380    -0.9383    -0.0003    -0.9406    -0.9409    -0.0003   2.770230   2.770614   0.000383    34.2163    34.2218     7.4150    27.5159    27.5204    34.2161    27.5158    1445.27    1445.27    -0.9405  1027.9766    34.3821 0.0000e+00
       8101 309.501522  -62.22236  -58.21134      0.900    1444.66     96.000     95.056    -0.9399    -0.9402    -0.0003    -0.9425    -0.9428    -0.0003   2.770172   2.770561   0.000386    34.2169    34.2225     7.4078    27.5165    27.5210    34.2168    27.5164    1445.27    1445.28    -0.9424  1027.9821    34.3828 0.0000e+00
