Pos-Processados/process_op38/operantar38_012.cnv
* Sea-Bird SBE 9 Data File:
* FileName = D:\OPERANTAR_XXXVIII\DADOS\OP38_012.hdr
* Software Version Seasave V 7.18c
* Temperature SN = 4808
* Conductivity SN = 3380
* Number of Bytes Per Scan = 31
* Number of Voltage Words = 2
* Number of Scans Averaged by the Deck Unit = 1
* NMEA Latitude = 43 26.50 S
* NMEA Longitude = 053 36.73 W
* NMEA UTC (Time) = Oct 20 2019 19:38:05
** H41
** NAVIO POLAR ALMIRANTE MAXIMIANO
** CRUZEIRO:
** OPERANTAR XXXVIII
** ESTAÇÃO: OP38_012
** LAT 43 26,49' S
** LONG 053 36,73'  W
** 09P73767-1155
** PROFUNDIDADE: 5647
** DATA/HORA: 201939Z/OUT/2019
** OPERADOR: SO-HN CHAVES
# nquan = 30
# nvalues = 2114                        
# units = specified
# name 0 = scan: Scan Count
# name 1 = timeJ: Julian Days
# name 2 = latitude: Latitude [deg]
# name 3 = longitude: Longitude [deg]
# name 4 = dz/dtM: Descent Rate [m/s]
# name 5 = avgsvCM: Average Sound Velocity [Chen-Millero, m/s]
# name 6 = prDM: Pressure, Digiquartz [db]
# name 7 = depSM: Depth [salt water, m]
# name 8 = t090C: Temperature [ITS-90, deg C]
# name 9 = t190C: Temperature, 2 [ITS-90, deg C]
# name 10 = T2-T190C: Temperature Difference, 2 - 1 [ITS-90, deg C]
# name 11 = potemp090C: Potential Temperature [ITS-90, deg C]
# name 12 = potemp190C: Potential Temperature, 2 [ITS-90, deg C]
# name 13 = potemp90Cdiff: Potential Temperature, Diff, 2 - 1 [ITS-90, deg C]
# name 14 = c0S/m: Conductivity [S/m]
# name 15 = c1S/m: Conductivity, 2 [S/m]
# name 16 = C2-C1S/m: Conductivity Difference, 2 - 1 [S/m]
# name 17 = sal00: Salinity, Practical [PSU]
# name 18 = sal11: Salinity, Practical, 2 [PSU]
# name 19 = sbeox0ML/L: Oxygen, SBE 43 [ml/l]
# name 20 = sigma-é00: Density [sigma-theta, kg/m^3]
# name 21 = sigma-é11: Density, 2 [sigma-theta, kg/m^3]
# name 22 = sal00: Salinity, Practical [PSU]
# name 23 = sigma-é00: Density [sigma-theta, kg/m^3]
# name 24 = svCM: Sound Velocity [Chen-Millero, m/s]
# name 25 = svCM1: Sound Velocity, 2 [Chen-Millero, m/s]
# name 26 = gsw_ptA0: potential temperature [ITS-90, deg C]
# name 27 = gsw_densityA0: density, TEOS-10 [density, kg/m^3]
# name 28 = gsw_saA0: Absolute Salinity [g/kg]
# name 29 = flag:
# span 0 =       2542,      65058       
# span 1 = 293.819339, 293.849488       
# span 2 =  -43.44176,  -43.44172       
# span 3 =  -53.61234,  -53.61224       
# span 4 =     -1.559,      1.433       
# span 5 =      -0.01,    1514.00       
# span 6 =      2.000,   1059.000       
# span 7 =      1.980,   1047.883       
# span 8 =     3.0215,     9.7607       
# span 9 =     3.0207,     9.7621       
# span 10 =    -0.0496,     0.0372      
# span 11 =     2.9493,     9.7603      
# span 12 =     2.9485,     9.7617      
# span 13 =    -0.0494,     0.0371      
# span 14 =   3.154139,   3.701112      
# span 15 =   3.154627,   3.701819      
# span 16 =  -0.003910,   0.003867      
# span 17 =    34.0765,    34.3161      
# span 18 =    34.0825,    34.3215      
# span 19 =     4.6253,     6.7672      
# span 20 =    26.3063,    27.3310      
# span 21 =    26.3105,    27.3352      
# span 22 =    34.0554,    34.3172      
# span 23 =    26.3063,    27.3328      
# span 24 =    1472.74,    1487.97      
# span 25 =    1472.75,    1487.98      
# span 26 =     2.9492,     9.7603      
# span 27 =  1026.3227,  1032.2356      
# span 28 =    34.2164,    34.4829      
# span 29 = 0.0000e+00, 0.0000e+00      
# interval = decibars: 1                
# start_time = Oct 20 2019 19:38:05 [NMEA time, header]
# bad_flag = -9.990e-29
*END*
[from data line 1741]
      48061 293.841290  -43.44174  -53.61228     -0.986    1476.15    374.000    370.682     4.6669     4.6662    -0.0007     4.6386     4.6380    -0.0007   3.258811   3.259297   0.000482    34.1409    34.1472     6.3126    27.0348    27.0399    34.1419    27.0356    1474.41    1474.41     4.6386  1028.7649    34.3040 0.0000e+00
      48084 293.841302  -43.44174  -53.61228     -1.003    1476.15    373.000    369.692     4.6670     4.6670    -0.0000     4.6388     4.6388    -0.0001   3.258750   3.259291   0.000539    34.1407    34.1471     6.3052    27.0346    27.0396    34.1416    27.0353    1474.39    1474.40     4.6388  1028.7600    34.3036 0.0000e+00
      48105 293.841312  -43.44174  -53.61228     -1.078    1476.15    372.000    368.702     4.6674     4.6671    -0.0003     4.6393     4.6390    -0.0003   3.258739   3.259255   0.000514    34.1409    34.1472     6.3048    27.0347    27.0397    34.1416    27.0352    1474.37    1474.38     4.6392  1028.7554    34.3037 0.0000e+00
      48124 293.841321  -43.44174  -53.61228     -1.171    1476.15    371.000    367.712     4.6672     4.6670    -0.0002     4.6392     4.6390    -0.0002   3.258661   3.259193   0.000534    34.1407    34.1471     6.3149    27.0345    27.0396    34.1414    27.0351    1474.36    1474.36     4.6391  1028.7506    34.3034 0.0000e+00
      48144 293.841331  -43.44174  -53.61228     -1.226    1476.15    370.000    366.721     4.6680     4.6673    -0.0006     4.6400     4.6394    -0.0006   3.258665   3.259156   0.000497    34.1405    34.1469     6.3194    27.0343    27.0394    34.1412    27.0348    1474.34    1474.35     4.6400  1028.7457    34.3032 0.0000e+00
      48168 293.841342  -43.44174  -53.61228     -1.133    1476.15    369.000    365.731     4.6697     4.6694    -0.0003     4.6418     4.6415    -0.0003   3.258757   3.259262   0.000503    34.1402    34.1464     6.3207    27.0339    27.0388    34.1410    27.0345    1474.33    1474.34     4.6418  1028.7408    34.3030 0.0000e+00
      48197 293.841356  -43.44174  -53.61228     -0.874    1476.15    368.000    364.741     4.6749     4.6743    -0.0006     4.6471     4.6465    -0.0006   3.259167   3.259626   0.000462    34.1401    34.1461     6.3156    27.0332    27.0380    34.1409    27.0338    1474.34    1474.34     4.6470  1028.7355    34.3030 0.0000e+00
      48227 293.841370  -43.44174  -53.61228     -0.781    1476.15    367.000    363.750     4.6775     4.6769    -0.0006     4.6498     4.6492    -0.0006   3.259358   3.259842   0.000480    34.1401    34.1464     6.3181    27.0329    27.0379    34.1409    27.0336    1474.33    1474.34     4.6497  1028.7306    34.3030 0.0000e+00
      48250 293.841382  -43.44174  -53.61228     -0.924    1476.15    366.000    362.760     4.6807     4.6802    -0.0006     4.6531     4.6525    -0.0006   3.259637   3.260127   0.000494    34.1404    34.1467     6.3267    27.0328    27.0378    34.1414    27.0336    1474.33    1474.34     4.6530  1028.7259    34.3034 0.0000e+00
      48272 293.841392  -43.44174  -53.61228     -1.065    1476.15    365.000    361.770     4.6853     4.6847    -0.0007     4.6577     4.6571    -0.0007   3.260019   3.260491   0.000472    34.1407    34.1469     6.3311    27.0325    27.0375    34.1417    27.0333    1474.33    1474.34     4.6576  1028.7210    34.3037 0.0000e+00
      48293 293.841402  -43.44174  -53.61228     -1.126    1476.15    364.000    360.779     4.6865     4.6865    -0.0000     4.6590     4.6590    -0.0000   3.260040   3.260577   0.000530    34.1407    34.1468     6.3308    27.0323    27.0372    34.1412    27.0328    1474.32    1474.33     4.6589  1028.7159    34.3032 0.0000e+00
      48316 293.841413  -43.44174  -53.61228     -1.094    1476.15    363.000    359.789     4.6861     4.6860    -0.0001     4.6587     4.6585    -0.0001   3.259959   3.260490   0.000529    34.1407    34.1470     6.3278    27.0324    27.0374    34.1412    27.0328    1474.30    1474.31     4.6586  1028.7113    34.3032 0.0000e+00
      48339 293.841425  -43.44174  -53.61228     -1.031    1476.15    362.000    358.799     4.6859     4.6858    -0.0001     4.6585     4.6584    -0.0001   3.259887   3.260407   0.000522    34.1406    34.1468     6.3280    27.0323    27.0373    34.1411    27.0327    1474.28    1474.29     4.6585  1028.7066    34.3031 0.0000e+00
      48361 293.841435  -43.44174  -53.61228     -1.054    1476.15    361.000    357.809     4.6866     4.6864    -0.0002     4.6593     4.6591    -0.0002   3.259912   3.260424   0.000515    34.1406    34.1468     6.3273    27.0322    27.0372    34.1411    27.0327    1474.27    1474.28     4.6592  1028.7020    34.3032 0.0000e+00
      48380 293.841444  -43.44174  -53.61228     -1.148    1476.15    360.000    356.818     4.6886     4.6876    -0.0009     4.6613     4.6604    -0.0009   3.260073   3.260487   0.000427    34.1407    34.1467     6.3251    27.0321    27.0369    34.1415    27.0328    1474.26    1474.27     4.6613  1028.6974    34.3036 0.0000e+00
      48399 293.841454  -43.44173  -53.61228     -1.247    1476.15    359.000    355.828     4.6934     4.6915    -0.0019     4.6662     4.6643    -0.0019   3.260474   3.260835   0.000359    34.1410    34.1471     6.3261    27.0318    27.0368    34.1418    27.0324    1474.27    1474.27     4.6662  1028.6925    34.3038 0.0000e+00
      48419 293.841463  -43.44172  -53.61228     -1.268    1476.15    358.000    354.838     4.6957     4.6947    -0.0011     4.6687     4.6676    -0.0011   3.260634   3.261067   0.000431    34.1410    34.1472     6.3301    27.0315    27.0365    34.1417    27.0321    1474.26    1474.26     4.6686  1028.6875    34.3037 0.0000e+00
      48441 293.841474  -43.44172  -53.61230     -1.162    1476.15    357.000    353.848     4.6978     4.6973    -0.0006     4.6708     4.6703    -0.0006   3.260793   3.261279   0.000483    34.1412    34.1474     6.3336    27.0315    27.0364    34.1419    27.0320    1474.25    1474.26     4.6707  1028.6828    34.3039 0.0000e+00
      48467 293.841486  -43.44172  -53.61230     -0.991    1476.15    356.000    352.857     4.7015     4.7011    -0.0004     4.6745     4.6742    -0.0004   3.261109   3.261617   0.000505    34.1416    34.1478     6.3385    27.0313    27.0363    34.1424    27.0319    1474.25    1474.26     4.6745  1028.6781    34.3044 0.0000e+00
      48492 293.841498  -43.44174  -53.61230     -0.936    1476.15    355.000    351.867     4.7029     4.7025    -0.0005     4.6761     4.6756    -0.0005   3.261196   3.261691   0.000501    34.1417    34.1480     6.3336    27.0312    27.0363    34.1424    27.0318    1474.24    1474.25     4.6760  1028.6734    34.3044 0.0000e+00
      48517 293.841511  -43.44174  -53.61228     -0.955    1476.15    354.000    350.877     4.7135     4.7123    -0.0011     4.6867     4.6855    -0.0011   3.262312   3.262717   0.000399    34.1431    34.1489     6.3237    27.0312    27.0359    34.1451    27.0327    1474.27    1474.28     4.6866  1028.6696    34.3071 0.0000e+00
      48545 293.841524  -43.44173  -53.61228     -0.898    1476.15    353.000    349.886     4.7239     4.7240     0.0000     4.6972     4.6972     0.0000   3.263092   3.263634   0.000545    34.1427    34.1491     6.3283    27.0297    27.0348    34.1439    27.0306    1474.30    1474.31     4.6971  1028.6628    34.3059 0.0000e+00
      48572 293.841537  -43.44172  -53.61228     -0.872    1476.15    352.000    348.896     4.7264     4.7264     0.0000     4.6997     4.6997     0.0000   3.263282   3.263827   0.000547    34.1431    34.1494     6.3270    27.0297    27.0347    34.1441    27.0305    1474.29    1474.30     4.6996  1028.6580    34.3061 0.0000e+00
      48594 293.841548  -43.44172  -53.61228     -0.983    1476.15    351.000    347.906     4.7288     4.7284    -0.0004     4.7022     4.7018    -0.0004   3.263483   3.263986   0.000501    34.1433    34.1496     6.3160    27.0297    27.0347    34.1444    27.0305    1474.29    1474.29     4.7021  1028.6534    34.3065 0.0000e+00
      48613 293.841557  -43.44172  -53.61228     -1.129    1476.15    350.000    346.915     4.7310     4.7307    -0.0003     4.7044     4.7041    -0.0003   3.263621   3.264137   0.000513    34.1434    34.1497     6.3199    27.0295    27.0345    34.1443    27.0302    1474.28    1474.28     4.7044  1028.6485    34.3064 0.0000e+00
      48632 293.841566  -43.44172  -53.61228     -1.244    1476.15    349.000    345.925     4.7329     4.7321    -0.0008     4.7064     4.7056    -0.0008   3.263754   3.264207   0.000455    34.1436    34.1497     6.3244    27.0293    27.0343    34.1444    27.0301    1474.27    1474.27     4.7063  1028.6437    34.3064 0.0000e+00
      48652 293.841576  -43.44172  -53.61228     -1.255    1476.15    348.000    344.934     4.7335     4.7335    -0.0000     4.7071     4.7071    -0.0000   3.263752   3.264280   0.000528    34.1436    34.1497     6.3241    27.0293    27.0342    34.1443    27.0299    1474.25    1474.26     4.7071  1028.6389    34.3063 0.0000e+00
      48676 293.841587  -43.44172  -53.61228     -1.116    1476.15    347.000    343.944     4.7340     4.7338    -0.0002     4.7077     4.7075    -0.0002   3.263750   3.264262   0.000512    34.1436    34.1498     6.3184    27.0293    27.0342    34.1443    27.0298    1474.24    1474.25     4.7076  1028.6342    34.3063 0.0000e+00
      48703 293.841600  -43.44172  -53.61228     -0.926    1476.15    346.000    342.953     4.7351     4.7345    -0.0006     4.7088     4.7082    -0.0006   3.263779   3.264274   0.000498    34.1434    34.1498     6.3274    27.0290    27.0341    34.1440    27.0295    1474.23    1474.23     4.7088  1028.6293    34.3060 0.0000e+00
      48731 293.841614  -43.44172  -53.61230     -0.857    1476.15    345.000    341.963     4.7352     4.7349    -0.0003     4.7091     4.7088    -0.0003   3.263760   3.264252   0.000490    34.1437    34.1497     6.3266    27.0292    27.0340    34.1442    27.0295    1474.21    1474.22     4.7090  1028.6248    34.3062 0.0000e+00
      48756 293.841626  -43.44172  -53.61230     -0.903    1476.15    344.000    340.973     4.7355     4.7353    -0.0002     4.7094     4.7092    -0.0002   3.263737   3.264251   0.000516    34.1437    34.1499     6.3225    27.0292    27.0341    34.1442    27.0295    1474.20    1474.20     4.7093  1028.6201    34.3062 0.0000e+00
      48781 293.841638  -43.44172  -53.61229     -0.964    1476.15    343.000    339.983     4.7360     4.7357    -0.0002     4.7100     4.7097    -0.0002   3.263734   3.264234   0.000501    34.1437    34.1498     6.3234    27.0291    27.0339    34.1441    27.0294    1474.18    1474.19     4.7099  1028.6154    34.3061 0.0000e+00
      48805 293.841649  -43.44172  -53.61228     -0.995    1476.15    342.000    338.992     4.7366     4.7364    -0.0003     4.7107     4.7104    -0.0003   3.263739   3.264260   0.000521    34.1437    34.1500     6.3289    27.0290    27.0340    34.1440    27.0293    1474.17    1474.18     4.7106  1028.6107    34.3060 0.0000e+00
      48828 293.841660  -43.44172  -53.61228     -1.019    1476.15    341.000    338.008     4.7367     4.7365    -0.0002     4.7108     4.7107    -0.0002   3.263708   3.264223   0.000515    34.1438    34.1500     6.3289    27.0290    27.0339    34.1441    27.0293    1474.15    1474.16     4.7108  1028.6061    34.3061 0.0000e+00
      48850 293.841671  -43.44172  -53.61228     -1.059    1476.15    340.000    337.003     4.7377     4.7374    -0.0003     4.7119     4.7116    -0.0003   3.263777   3.264276   0.000500    34.1439    34.1501     6.3325    27.0290    27.0339    34.1444    27.0294    1474.14    1474.15     4.7119  1028.6016    34.3064 0.0000e+00
      48871 293.841681  -43.44172  -53.61228     -1.107    1476.15    339.000    336.033     4.7439     4.7431    -0.0008     4.7182     4.7174    -0.0008   3.264483   3.264931   0.000463    34.1449    34.1510     6.3336    27.0291    27.0341    34.1468    27.0306    1474.15    1474.16     4.7181  1028.5981    34.3088 0.0000e+00
      48892 293.841691  -43.44172  -53.61228     -1.138    1476.15    338.000    335.021     4.7605     4.7588    -0.0017     4.7348     4.7331    -0.0017   3.265953   3.266340   0.000376    34.1457    34.1518     6.3305    27.0279    27.0329    34.1473    27.0292    1474.21    1474.21     4.7347  1028.5920    34.3093 0.0000e+00
      48915 293.841703  -43.44172  -53.61228     -1.085    1476.15    337.000    334.040     4.7713     4.7710    -0.0004     4.7457     4.7453    -0.0004   3.266981   3.267495   0.000508    34.1466    34.1529     6.3345    27.0274    27.0324    34.1486    27.0290    1474.23    1474.24     4.7456  1028.5871    34.3106 0.0000e+00
      48940 293.841715  -43.44172  -53.61228     -0.994    1476.15    336.000    333.050     4.7788     4.7784    -0.0004     4.7532     4.7528    -0.0004   3.267574   3.268070   0.000494    34.1470    34.1531     6.3359    27.0269    27.0317    34.1484    27.0280    1474.25    1474.25     4.7531  1028.5814    34.3104 0.0000e+00
      48965 293.841726  -43.44172  -53.61228     -0.966    1476.15    335.000    332.059     4.7825     4.7819    -0.0006     4.7570     4.7563    -0.0006   3.267859   3.268355   0.000493    34.1472    34.1536     6.3283    27.0267    27.0317    34.1484    27.0276    1474.25    1474.25     4.7569  1028.5763    34.3104 0.0000e+00
      48988 293.841738  -43.44172  -53.61228     -1.007    1476.15    334.000    331.069     4.7850     4.7847    -0.0003     4.7595     4.7592    -0.0003   3.268114   3.268601   0.000497    34.1478    34.1539     6.3130    27.0268    27.0316    34.1493    27.0280    1474.24    1474.25     4.7595  1028.5722    34.3113 0.0000e+00
      49010 293.841748  -43.44172  -53.61228     -1.059    1476.15    333.000    330.078     4.7893     4.7889    -0.0004     4.7639     4.7635    -0.0004   3.268415   3.268924   0.000506    34.1478    34.1541     6.3026    27.0263    27.0313    34.1489    27.0272    1474.24    1474.25     4.7639  1028.5666    34.3108 0.0000e+00
      49033 293.841759  -43.44172  -53.61228     -1.073    1476.15    332.000    329.088     4.7907     4.7904    -0.0003     4.7654     4.7650    -0.0003   3.268500   3.269009   0.000505    34.1479    34.1541     6.2998    27.0263    27.0312    34.1490    27.0271    1474.23    1474.24     4.7653  1028.5619    34.3109 0.0000e+00
      49056 293.841770  -43.44172  -53.61228     -1.058    1476.15    331.000    328.099     4.7918     4.7915    -0.0003     4.7665     4.7663    -0.0003   3.268545   3.269066   0.000519    34.1480    34.1543     6.3049    27.0262    27.0312    34.1489    27.0269    1474.22    1474.23     4.7665  1028.5571    34.3109 0.0000e+00
      49078 293.841781  -43.44172  -53.61228     -1.056    1476.15    330.000    327.105     4.7928     4.7926    -0.0002     4.7676     4.7674    -0.0002   3.268604   3.269117   0.000517    34.1482    34.1544     6.3086    27.0262    27.0311    34.1490    27.0269    1474.21    1474.22     4.7676  1028.5525    34.3110 0.0000e+00
      49099 293.841791  -43.44172  -53.61228     -1.097    1476.15    329.000    326.117     4.7943     4.7939    -0.0005     4.7693     4.7688    -0.0005   3.268705   3.269186   0.000481    34.1482    34.1543     6.3051    27.0261    27.0309    34.1491    27.0268    1474.20    1474.20     4.7692  1028.5478    34.3111 0.0000e+00
      49120 293.841801  -43.44172  -53.61228     -1.146    1476.15    328.000    325.126     4.7974     4.7966    -0.0008     4.7724     4.7716    -0.0008   3.268980   3.269417   0.000439    34.1487    34.1546     6.3049    27.0260    27.0309    34.1497    27.0269    1474.20    1474.20     4.7723  1028.5433    34.3116 0.0000e+00
