Pos-Processados/process_op38/operantar38_003c.ros
* Sea-Bird SBE 9 Data File:
* FileName = D:\OPERANTAR_XXXVIII\DADOS\OP38_003c.hdr
* Software Version Seasave V 7.12
* Temperature SN = 4808
* Conductivity SN = 3380
* Number of Bytes Per Scan = 31
* Number of Voltage Words = 2
* Number of Scans Averaged by the Deck Unit = 1
* NMEA Latitude = 39 32.86 S
* NMEA Longitude = 054 23.47 W
* NMEA UTC (Time) = Oct 17 2019 10:25:40
** H41
** NAVIO POLAR ALMIRANTE MAXIMIANO
** CRUZEIRO:
** OPERANTAR XXXVIII
** ESTAÇÃO: OP38_003c
** LAT 39º32,87's
** LONG 054º23,45'w
** 09P73767-1155
** PROFUNDIDADE: 2920 m
** DATA/HORA: 171026Z/OUT/2019
** OPERADOR: SO-HN CHAVES
# nquan = 26
# nvalues = 1428                                  
# units = specified
# name 0 = scan: Scan Count
# name 1 = timeJ: Julian Days
# name 2 = latitude: Latitude [deg]
# name 3 = longitude: Longitude [deg]
# name 4 = dz/dtM: Descent Rate [m/s]
# name 5 = avgsvCM: Average Sound Velocity [Chen-Millero, m/s]
# name 6 = prDM: Pressure, Digiquartz [db]
# name 7 = depSM: Depth [salt water, m]
# name 8 = t090C: Temperature [ITS-90, deg C]
# name 9 = t190C: Temperature, 2 [ITS-90, deg C]
# name 10 = T2-T190C: Temperature Difference, 2 - 1 [ITS-90, deg C]
# name 11 = potemp090C: Potential Temperature [ITS-90, deg C]
# name 12 = potemp190C: Potential Temperature, 2 [ITS-90, deg C]
# name 13 = potemp90Cdiff: Potential Temperature, Diff, 2 - 1 [ITS-90, deg C]
# name 14 = c0S/m: Conductivity [S/m]
# name 15 = c1S/m: Conductivity, 2 [S/m]
# name 16 = C2-C1S/m: Conductivity Difference, 2 - 1 [S/m]
# name 17 = sal00: Salinity, Practical [PSU]
# name 18 = sal11: Salinity, Practical, 2 [PSU]
# name 19 = sbeox0ML/L: Oxygen, SBE 43 [ml/l]
# name 20 = sbeox1ML/L: Oxygen, SBE 43, 2 [ml/l]
# name 21 = sbeox0ML/Ldiff: Oxygen, SBE 43, Diff, 2 - 1 [ml/l]
# name 22 = sigma-é00: Density [sigma-theta, kg/m^3]
# name 23 = sigma-é11: Density, 2 [sigma-theta, kg/m^3]
# name 24 = nbf: Bottles Fired
# name 25 = flag:  0.000e+00
# interval = seconds: 0.0416667
# start_time = Oct 17 2019 10:25:40 [NMEA time, header]
# bad_flag = -9.990e-29
*END*
[from data line 892]
       3359 290.436110  -39.54774  -54.39120     -0.279       0.00      3.231      3.206     6.6669     6.6691     0.0022     6.6666     6.6688     0.0022   3.416653   3.417546   0.000893    34.0978    34.1055     7.3719     7.0462    -0.3257    26.7532    26.7590          6  0.000e+00
       3360 290.436111  -39.54774  -54.39120     -0.296       0.00      3.183      3.159     6.6666     6.6700     0.0034     6.6663     6.6697     0.0034   3.416666   3.417701   0.001035    34.0983    34.1064     7.3723     7.0515    -0.3207    26.7536    26.7595          6  0.000e+00
       3361 290.436111  -39.54774  -54.39120     -0.317       0.00      3.135      3.111     6.6674     6.6718     0.0044     6.6671     6.6715     0.0044   3.416782   3.417912   0.001130    34.0988    34.1069     7.3724     7.0521    -0.3203    26.7539    26.7598          6  0.000e+00
       3362 290.436112  -39.54774  -54.39120     -0.337       0.00      3.080      3.057     6.6685     6.6744     0.0059     6.6683     6.6741     0.0059   3.416918   3.418130   0.001212    34.0992    34.1067     7.3730     7.0531    -0.3199    26.7541    26.7592          6  0.000e+00
       3363 290.436112  -39.54774  -54.39120     -0.355       0.00      3.080      3.057     6.6716     6.6773     0.0056     6.6714     6.6770     0.0056   3.417209   3.418410   0.001201    34.0993    34.1070     7.3727     7.0539    -0.3188    26.7538    26.7591          6  0.000e+00
       3364 290.436113  -39.54774  -54.39120     -0.374       0.00      3.032      3.009     6.6748     6.6799     0.0051     6.6746     6.6797     0.0051   3.417488   3.418584   0.001096    34.0992    34.1063     7.3724     7.0539    -0.3184    26.7533    26.7582          6  0.000e+00
       3365 290.436113  -39.54774  -54.39120     -0.395       0.00      2.977      2.955     6.6769     6.6817     0.0047     6.6767     6.6814     0.0047   3.417682   3.418708   0.001026    34.0993    34.1059     7.3722     7.0539    -0.3182    26.7530    26.7576          6  0.000e+00
       3366 290.436114  -39.54774  -54.39120     -0.413       0.00      2.977      2.955     6.6785     6.6833     0.0047     6.6783     6.6830     0.0047   3.417850   3.418808   0.000958    34.0996    34.1055     7.3726     7.0539    -0.3187    26.7530    26.7570          6  0.000e+00
       3367 290.436114  -39.54774  -54.39120     -0.433       0.00      2.930      2.907     6.6795     6.6851     0.0056     6.6793     6.6848     0.0056   3.417908   3.418901   0.000993    34.0993    34.1047     7.3685     7.0536    -0.3150    26.7527    26.7562          6  0.000e+00
       3368 290.436114  -39.54774  -54.39120     -0.450       0.00      2.930      2.907     6.6800     6.6857     0.0057     6.6798     6.6854     0.0057   3.417831   3.418945   0.001114    34.0979    34.1046     7.3723     7.0540    -0.3183    26.7515    26.7560          6  0.000e+00
       3369 290.436115  -39.54774  -54.39120     -0.472       0.00      2.827      2.805     6.6792     6.6862     0.0070     6.6790     6.6860     0.0070   3.417746   3.418951   0.001204    34.0978    34.1042     7.3685     7.0543    -0.3142    26.7516    26.7556          6  0.000e+00
       3370 290.436115  -39.54774  -54.39120     -0.491       0.00      2.827      2.805     6.6784     6.6857     0.0073     6.6781     6.6855     0.0073   3.417623   3.418857   0.001234    34.0973    34.1037     7.3723     7.0584    -0.3139    26.7513    26.7553          6  0.000e+00
       3371 290.436116  -39.54774  -54.39120     -0.507       0.00      2.827      2.805     6.6774     6.6838     0.0064     6.6772     6.6836     0.0064   3.417552   3.418640   0.001088    34.0975    34.1031     7.3726     7.0589    -0.3137    26.7515    26.7551          6  0.000e+00
       3372 290.436116  -39.54774  -54.39120     -0.524       0.00      2.779      2.758     6.6774     6.6826     0.0052     6.6772     6.6824     0.0052   3.417598   3.418491   0.000893    34.0980    34.1027     7.3726     7.0589    -0.3137    26.7519    26.7550          6  0.000e+00
       3373 290.436117  -39.54774  -54.39120     -0.539       0.00      2.779      2.758     6.6769     6.6809     0.0039     6.6767     6.6806     0.0039   3.417539   3.418366   0.000827    34.0978    34.1031     7.3727     7.0596    -0.3131    26.7519    26.7555          6  0.000e+00
       3374 290.436117  -39.54774  -54.39120     -0.557       0.00      2.676      2.656     6.6753     6.6804     0.0050     6.6751     6.6801     0.0050   3.417358   3.418379   0.001021    34.0975    34.1038     7.3729     7.0597    -0.3132    26.7518    26.7561          6  0.000e+00
       3375 290.436118  -39.54774  -54.39120     -0.570       0.00      2.731      2.710     6.6735     6.6798     0.0062     6.6733     6.6795     0.0062   3.417157   3.418354   0.001196    34.0970    34.1040     7.3733     7.0599    -0.3134    26.7517    26.7564          6  0.000e+00
       3376 290.436118  -39.54774  -54.39120     -0.585       0.00      2.628      2.608     6.6734     6.6783     0.0049     6.6731     6.6781     0.0049   3.417170   3.418198   0.001028    34.0974    34.1038     7.3731     7.0599    -0.3131    26.7520    26.7564          6  0.000e+00
       3377 290.436119  -39.54774  -54.39120     -0.601       0.00      2.628      2.608     6.6735     6.6773     0.0037     6.6733     6.6770     0.0037   3.417196   3.418061   0.000865    34.0975    34.1033     7.3729     7.0599    -0.3131    26.7521    26.7562          6  0.000e+00
       3378 290.436119  -39.54774  -54.39120     -0.620       0.00      2.574      2.554     6.6729     6.6768     0.0039     6.6727     6.6766     0.0039   3.417144   3.418030   0.000886    34.0976    34.1035     7.3728     7.0594    -0.3134    26.7522    26.7563          6  0.000e+00
       3379 290.436120  -39.54774  -54.39120     -0.629       0.00      2.574      2.554     6.6724     6.6760     0.0036     6.6722     6.6758     0.0036   3.417021   3.417981   0.000959    34.0967    34.1038     7.3728     7.0589    -0.3138    26.7516    26.7567          6  0.000e+00
       3380 290.436120  -39.54774  -54.39120     -0.640       0.00      2.526      2.506     6.6710     6.6746     0.0036     6.6707     6.6744     0.0036   3.416885   3.417894   0.001008    34.0967    34.1042     7.3768     7.0628    -0.3140    26.7518    26.7572          6  0.000e+00
       3381 290.436121  -39.54774  -54.39120     -0.653       0.00      2.478      2.459     6.6694     6.6739     0.0045     6.6691     6.6736     0.0045   3.416795   3.417782   0.000987    34.0973    34.1037     7.3736     7.0581    -0.3155    26.7525    26.7569          6  0.000e+00
       3382 290.436121  -39.54774  -54.39120     -0.663       0.00      2.478      2.459     6.6686     6.6731     0.0044     6.6684     6.6728     0.0044   3.416775   3.417757   0.000981    34.0978    34.1043     7.3738     7.0577    -0.3161    26.7530    26.7575          6  0.000e+00
       3383 290.436122  -39.54774  -54.39120     -0.673       0.00      2.423      2.405     6.6687     6.6730     0.0043     6.6685     6.6728     0.0043   3.416788   3.417707   0.000919    34.0979    34.1038     7.3694     7.0616    -0.3078    26.7530    26.7571          6  0.000e+00
       3384 290.436122  -39.54774  -54.39120     -0.683       0.00      2.423      2.405     6.6690     6.6731     0.0041     6.6688     6.6728     0.0041   3.416873   3.417732   0.000859    34.0985    34.1040     7.3685     7.0615    -0.3071    26.7535    26.7573          6  0.000e+00
       3385 290.436123  -39.54774  -54.39120     -0.690       0.00      2.375      2.357     6.6700     6.6733     0.0033     6.6698     6.6731     0.0033   3.416957   3.417825   0.000869    34.0985    34.1048     7.3715     7.0656    -0.3059    26.7533    26.7579          6  0.000e+00
       3386 290.436123  -39.54774  -54.39120     -0.696       0.00      2.375      2.357     6.6705     6.6745     0.0040     6.6703     6.6743     0.0040   3.417054   3.417887   0.000834    34.0991    34.1043     7.3669     7.0655    -0.3014    26.7537    26.7573          6  0.000e+00
       3387 290.436124  -39.54774  -54.39120     -0.699       0.00      2.375      2.357     6.6716     6.6746     0.0030     6.6714     6.6744     0.0030   3.417118   3.417925   0.000806    34.0987    34.1046     7.3699     7.0610    -0.3089    26.7532    26.7575          6  0.000e+00
       3388 290.436124  -39.54774  -54.39120     -0.708       0.00      2.272      2.255     6.6728     6.6748     0.0021     6.6726     6.6746     0.0021   3.417183   3.417912   0.000729    34.0983    34.1043     7.3691     7.0646    -0.3046    26.7528    26.7572          6  0.000e+00
       3389 290.436125  -39.54774  -54.39120     -0.711       0.00      2.272      2.255     6.6726     6.6752     0.0027     6.6724     6.6750     0.0027   3.417241   3.417925   0.000683    34.0991    34.1040     7.3691     7.0642    -0.3050    26.7535    26.7570          6  0.000e+00
       3390 290.436125  -39.54774  -54.39120     -0.713       0.00      2.272      2.255     6.6732     6.6748     0.0016     6.6730     6.6746     0.0016   3.417261   3.417937   0.000676    34.0987    34.1046     7.3685     7.0599    -0.3086    26.7530    26.7575          6  0.000e+00
       3391 290.436126  -39.54774  -54.39120     -0.715       0.00      2.272      2.255     6.6737     6.6751     0.0014     6.6735     6.6749     0.0014   3.417254   3.417937   0.000683    34.0982    34.1043     7.3683     7.0636    -0.3047    26.7526    26.7573          6  0.000e+00
       3392 290.436126  -39.54774  -54.39120     -0.714       0.00      2.272      2.255     6.6734     6.6755     0.0021     6.6732     6.6753     0.0021   3.417235   3.417937   0.000702    34.0982    34.1039     7.3683     7.0589    -0.3093    26.7527    26.7569          6  0.000e+00
       3393 290.436127  -39.54774  -54.39120     -0.712       0.00      2.225      2.208     6.6726     6.6759     0.0033     6.6724     6.6757     0.0033   3.417177   3.417956   0.000779    34.0984    34.1038     7.3682     7.0579    -0.3104    26.7529    26.7567          6  0.000e+00
       3394 290.436127  -39.54774  -54.39120     -0.711       0.00      2.225      2.208     6.6719     6.6755     0.0036     6.6717     6.6753     0.0036   3.417054   3.417968   0.000914    34.0978    34.1043     7.3683     7.0613    -0.3070    26.7525    26.7571          6  0.000e+00
       3395 290.436128  -39.54774  -54.39120     -0.703       0.00      2.225      2.208     6.6708     6.6757     0.0049     6.6706     6.6755     0.0049   3.416995   3.417987   0.000991    34.0982    34.1043     7.3683     7.0607    -0.3076    26.7530    26.7571          6  0.000e+00
       3396 290.436128  -39.54774  -54.39120     -0.698       0.00      2.170      2.153     6.6708     6.6763     0.0055     6.6706     6.6761     0.0055   3.416976   3.418018   0.001042    34.0980    34.1041     7.3680     7.0604    -0.3076    26.7528    26.7569          7  0.000e+00
       3397 290.436128  -39.54774  -54.39120     -0.689       0.00      2.225      2.208     6.6703     6.6764     0.0060     6.6701     6.6762     0.0060   3.416937   3.418074   0.001137    34.0980    34.1046     7.3680     7.0602    -0.3077    26.7529    26.7573          7  0.000e+00
       3398 290.436129  -39.54774  -54.39120     -0.678       0.00      2.225      2.208     6.6690     6.6768     0.0078     6.6688     6.6766     0.0078   3.416866   3.418136   0.001270    34.0986    34.1049     7.3640     7.0598    -0.3042    26.7535    26.7574          7  0.000e+00
       3399 290.436129  -39.54774  -54.39120     -0.666       0.00      2.170      2.153     6.6674     6.6772     0.0098     6.6672     6.6770     0.0098   3.416743   3.418155   0.001412    34.0988    34.1047     7.3635     7.0585    -0.3050    26.7539    26.7573          7  0.000e+00
       3400 290.436130  -39.54774  -54.39120     -0.655       0.00      2.225      2.208     6.6681     6.6778     0.0097     6.6679     6.6776     0.0097   3.416724   3.418173   0.001450    34.0979    34.1043     7.3628     7.0578    -0.3050    26.7531    26.7569          7  0.000e+00
       3401 290.436130  -39.54774  -54.39120     -0.643       0.00      2.170      2.153     6.6677     6.6785     0.0108     6.6675     6.6783     0.0108   3.416646   3.418186   0.001540    34.0974    34.1038     7.3622     7.0568    -0.3054    26.7528    26.7564          7  0.000e+00
       3402 290.436131  -39.54774  -54.39120     -0.626       0.00      2.272      2.255     6.6658     6.6778     0.0120     6.6656     6.6776     0.0120   3.416471   3.418186   0.001715    34.0974    34.1044     7.3620     7.0561    -0.3059    26.7530    26.7570          7  0.000e+00
       3403 290.436131  -39.54774  -54.39120     -0.612       0.00      2.170      2.153     6.6642     6.6782     0.0140     6.6640     6.6780     0.0140   3.416361   3.418186   0.001825    34.0978    34.1041     7.3615     7.0556    -0.3059    26.7535    26.7566          7  0.000e+00
       3404 290.436132  -39.54772  -54.39120     -0.592       0.00      2.225      2.208     6.6634     6.6773     0.0139     6.6632     6.6771     0.0139   3.416335   3.418136   0.001801    34.0983    34.1044     7.3610     7.0546    -0.3064    26.7541    26.7570          7  0.000e+00
       3405 290.436132  -39.54772  -54.39120     -0.568       0.00      2.272      2.255     6.6629     6.6768     0.0139     6.6627     6.6766     0.0139   3.416271   3.418049   0.001778    34.0980    34.1038     7.3605     7.0541    -0.3064    26.7538    26.7566          7  0.000e+00
       3406 290.436133  -39.54772  -54.39120     -0.546       0.00      2.272      2.255     6.6625     6.6753     0.0128     6.6623     6.6751     0.0128   3.416290   3.417894   0.001603    34.0986    34.1036     7.3599     7.0536    -0.3062    26.7544    26.7566          7  0.000e+00
       3407 290.436133  -39.54772  -54.39120     -0.528       0.00      2.225      2.208     6.6624     6.6730     0.0106     6.6622     6.6728     0.0106   3.416277   3.417701   0.001424    34.0986    34.1038     7.3596     7.0531    -0.3065    26.7544    26.7571          7  0.000e+00
       3408 290.436134  -39.54772  -54.39120     -0.501       0.00      2.272      2.255     6.6621     6.6726     0.0105     6.6619     6.6724     0.0105   3.416271   3.417657   0.001387    34.0988    34.1037     7.3595     7.0523    -0.3073    26.7547    26.7571          7  0.000e+00
       3409 290.436134  -39.54772  -54.39120     -0.476       0.00      2.272      2.255     6.6619     6.6733     0.0114     6.6617     6.6731     0.0114   3.416225   3.417732   0.001507    34.0985    34.1038     7.3594     7.0518    -0.3076    26.7544    26.7571          7  0.000e+00
       3410 290.436135  -39.54772  -54.39120     -0.450       0.00      2.272      2.255     6.6614     6.6740     0.0126     6.6612     6.6738     0.0126   3.416167   3.417800   0.001633    34.0984    34.1039     7.3594     7.0512    -0.3082    26.7544    26.7570          7  0.000e+00
       3411 290.436135  -39.54772  -54.39120     -0.423       0.00      2.327      2.309     6.6612     6.6747     0.0135     6.6610     6.6745     0.0135   3.416148   3.417856   0.001709    34.0983    34.1037     7.3593     7.0506    -0.3088    26.7543    26.7568          7  0.000e+00
       3412 290.436136  -39.54772  -54.39120     -0.394       0.00      2.327      2.309     6.6611     6.6752     0.0141     6.6609     6.6750     0.0141   3.416174   3.417918   0.001745    34.0987    34.1040     7.3632     7.0498    -0.3134    26.7547    26.7570          7  0.000e+00
       3413 290.436136  -39.54772  -54.39120     -0.370       0.00      2.272      2.255     6.6604     6.6749     0.0145     6.6602     6.6747     0.0145   3.416109   3.417887   0.001778    34.0987    34.1039     7.3637     7.0446    -0.3190    26.7548    26.7570          7  0.000e+00
