Pos-Processados/process_op38/operantar38_018b.ros
* Sea-Bird SBE 9 Data File:
* FileName = D:\OPERANTAR_XXXVIII\DADOS\OP38_018b.hdr
* Software Version Seasave V 7.18c
* Temperature SN = 4808
* Conductivity SN = 3380
* Number of Bytes Per Scan = 34
* Number of Voltage Words = 3
* Number of Scans Averaged by the Deck Unit = 1
* NMEA Latitude = 62 10.02 S
* NMEA Longitude = 058 22.53 W
* NMEA UTC (Time) = Nov 05 2019 18:22:12
** H41
** NAVIO POLAR ALMIRANTE MAXIMIANO
** CRUZEIRO:
** OPERANTAR XXXVIII
** ESTAÇÃO: OP38_018b
** LAT 62 10,01' S
** LONG 058 22,50' W
** 09P73767-1155_A
** PROFUNDIDADE: 440
** DATA/HORA: 051823Z/NOV/2019
** OPERADOR: SO-HN CHAVES
# nquan = 24
# nvalues = 1843                                  
# units = specified
# name 0 = scan: Scan Count
# name 1 = timeJ: Julian Days
# name 2 = latitude: Latitude [deg]
# name 3 = longitude: Longitude [deg]
# name 4 = dz/dtM: Descent Rate [m/s]
# name 5 = avgsvCM: Average Sound Velocity [Chen-Millero, m/s]
# name 6 = prDM: Pressure, Digiquartz [db]
# name 7 = depSM: Depth [salt water, m]
# name 8 = t090C: Temperature [ITS-90, deg C]
# name 9 = t190C: Temperature, 2 [ITS-90, deg C]
# name 10 = T2-T190C: Temperature Difference, 2 - 1 [ITS-90, deg C]
# name 11 = potemp090C: Potential Temperature [ITS-90, deg C]
# name 12 = potemp190C: Potential Temperature, 2 [ITS-90, deg C]
# name 13 = potemp90Cdiff: Potential Temperature, Diff, 2 - 1 [ITS-90, deg C]
# name 14 = c0S/m: Conductivity [S/m]
# name 15 = c1S/m: Conductivity, 2 [S/m]
# name 16 = C2-C1S/m: Conductivity Difference, 2 - 1 [S/m]
# name 17 = sal00: Salinity, Practical [PSU]
# name 18 = sal11: Salinity, Practical, 2 [PSU]
# name 19 = sbeox0ML/L: Oxygen, SBE 43 [ml/l]
# name 20 = sigma-é00: Density [sigma-theta, kg/m^3]
# name 21 = sigma-é11: Density, 2 [sigma-theta, kg/m^3]
# name 22 = nbf: Bottles Fired
# name 23 = flag:  0.000e+00
# interval = seconds: 0.0416667
# start_time = Nov 05 2019 18:22:12 [NMEA time, header]
# bad_flag = -9.990e-29
*END*
[from data line 1329]
       1775 309.766272  -62.16700  -58.37554     -0.107       0.00      2.072      2.052    -0.6251    -0.6251    -0.0000    -0.6252    -0.6252    -0.0000   2.785797   2.786215   0.000418    34.1304    34.1361     7.6140    27.4336    27.4382          9  0.000e+00
       1776 309.766273  -62.16700  -58.37554     -0.111       0.00      2.072      2.052    -0.6257    -0.6253     0.0004    -0.6258    -0.6253     0.0004   2.785797   2.786169   0.000372    34.1311    34.1356     7.6141    27.4341    27.4378          9  0.000e+00
       1777 309.766273  -62.16700  -58.37554     -0.119       0.00      1.990      1.971    -0.6259    -0.6256     0.0003    -0.6259    -0.6257     0.0003   2.785773   2.786175   0.000402    34.1310    34.1361     7.6089    27.4341    27.4382          9  0.000e+00
       1778 309.766274  -62.16700  -58.37554     -0.113       0.00      2.174      2.154    -0.6257    -0.6256     0.0001    -0.6258    -0.6257     0.0001   2.785785   2.786117   0.000332    34.1308    34.1352     7.6082    27.4340    27.4375          9  0.000e+00
       1779 309.766274  -62.16700  -58.37554     -0.116       0.00      2.072      2.052    -0.6261    -0.6264    -0.0003    -0.6262    -0.6264    -0.0003   2.785731   2.786129   0.000398    34.1306    34.1363     7.6126    27.4338    27.4384          9  0.000e+00
       1780 309.766275  -62.16700  -58.37554     -0.115       0.00      2.072      2.052    -0.6263    -0.6264    -0.0000    -0.6264    -0.6264    -0.0000   2.785731   2.786129   0.000398    34.1309    34.1363     7.6185    27.4340    27.4384          9  0.000e+00
       1781 309.766275  -62.16700  -58.37554     -0.117       0.00      2.072      2.052    -0.6262    -0.6270    -0.0008    -0.6262    -0.6270    -0.0008   2.785719   2.786106   0.000386    34.1305    34.1367     7.6148    27.4337    27.4388          9  0.000e+00
       1782 309.766276  -62.16700  -58.37554     -0.115       0.00      2.072      2.052    -0.6265    -0.6267    -0.0002    -0.6266    -0.6267    -0.0002   2.785677   2.786111   0.000434    34.1304    34.1364     7.6148    27.4336    27.4385          9  0.000e+00
       1783 309.766276  -62.16700  -58.37554     -0.116       0.00      2.072      2.052    -0.6263    -0.6265    -0.0002    -0.6264    -0.6266    -0.0002   2.785719   2.786065   0.000346    34.1307    34.1356     7.6205    27.4339    27.4379          9  0.000e+00
       1784 309.766277  -62.16700  -58.37554     -0.113       0.00      2.072      2.052    -0.6264    -0.6268    -0.0004    -0.6264    -0.6269    -0.0004   2.785719   2.786048   0.000329    34.1308    34.1357     7.6160    27.4340    27.4380          9  0.000e+00
       1785 309.766277  -62.16700  -58.37554     -0.119       0.00      2.072      2.052    -0.6262    -0.6270    -0.0008    -0.6262    -0.6270    -0.0008   2.785713   2.786037   0.000323    34.1305    34.1358     7.6158    27.4337    27.4380          9  0.000e+00
       1786 309.766277  -62.16700  -58.37554     -0.109       0.00      2.072      2.052    -0.6262    -0.6274    -0.0013    -0.6262    -0.6275    -0.0013   2.785695   2.786025   0.000330    34.1302    34.1361     7.6156    27.4335    27.4383          9  0.000e+00
       1787 309.766278  -62.16700  -58.37554     -0.109       0.00      2.072      2.052    -0.6265    -0.6273    -0.0008    -0.6266    -0.6274    -0.0008   2.785689   2.786042   0.000353    34.1305    34.1362     7.6162    27.4337    27.4384          9  0.000e+00
       1788 309.766278  -62.16700  -58.37554     -0.106       0.00      2.092      2.072    -0.6268    -0.6274    -0.0006    -0.6269    -0.6275    -0.0006   2.785689   2.786037   0.000347    34.1308    34.1363     7.6168    27.4340    27.4384          9  0.000e+00
       1789 309.766279  -62.16700  -58.37554     -0.098       0.00      2.127      2.106    -0.6270    -0.6274    -0.0004    -0.6271    -0.6275    -0.0004   2.785659   2.785985   0.000326    34.1307    34.1355     7.6166    27.4339    27.4378          9  0.000e+00
       1790 309.766279  -62.16700  -58.37554     -0.093       0.00      2.072      2.052    -0.6273    -0.6282    -0.0010    -0.6273    -0.6283    -0.0010   2.785659   2.785973   0.000314    34.1310    34.1363     7.6222    27.4341    27.4385          9  0.000e+00
       1791 309.766280  -62.16700  -58.37554     -0.091       0.00      2.072      2.052    -0.6275    -0.6284    -0.0008    -0.6276    -0.6284    -0.0008   2.785641   2.785979   0.000338    34.1311    34.1366     7.6228    27.4342    27.4387          9  0.000e+00
       1792 309.766280  -62.16700  -58.37554     -0.085       0.00      2.072      2.052    -0.6275    -0.6287    -0.0011    -0.6276    -0.6287    -0.0011   2.785617   2.785973   0.000356    34.1307    34.1368     7.6232    27.4340    27.4389          9  0.000e+00
       1793 309.766281  -62.16700  -58.37554     -0.085       0.00      2.072      2.052    -0.6273    -0.6285    -0.0013    -0.6273    -0.6286    -0.0013   2.785629   2.785991   0.000361    34.1306    34.1369     7.6234    27.4338    27.4390         10  0.000e+00
       1794 309.766281  -62.16700  -58.37554     -0.075       0.00      2.072      2.052    -0.6273    -0.6285    -0.0013    -0.6273    -0.6286    -0.0013   2.785593   2.785933   0.000340    34.1301    34.1361     7.6186    27.4334    27.4383         10  0.000e+00
       1795 309.766282  -62.16700  -58.37554     -0.071       0.00      2.127      2.106    -0.6275    -0.6293    -0.0018    -0.6276    -0.6294    -0.0018   2.785599   2.785881   0.000282    34.1304    34.1363     7.6189    27.4337    27.4385         10  0.000e+00
       1796 309.766282  -62.16700  -58.37554     -0.065       0.00      2.072      2.052    -0.6279    -0.6295    -0.0016    -0.6280    -0.6295    -0.0016   2.785587   2.785847   0.000259    34.1307    34.1360     7.6184    27.4340    27.4383         10  0.000e+00
       1797 309.766283  -62.16700  -58.37554     -0.057       0.00      2.072      2.052    -0.6279    -0.6299    -0.0020    -0.6280    -0.6300    -0.0020   2.785581   2.785841   0.000260    34.1306    34.1364     7.6186    27.4339    27.4387         10  0.000e+00
       1798 309.766283  -62.16700  -58.37554     -0.051       0.00      2.092      2.072    -0.6280    -0.6302    -0.0022    -0.6281    -0.6303    -0.0022   2.785581   2.785824   0.000242    34.1308    34.1365     7.6189    27.4340    27.4388         10  0.000e+00
       1799 309.766284  -62.16700  -58.37554     -0.049       0.00      2.072      2.052    -0.6277    -0.6301    -0.0024    -0.6278    -0.6301    -0.0024   2.785563   2.785876   0.000312    34.1302    34.1371     7.6190    27.4335    27.4392         10  0.000e+00
       1800 309.766284  -62.16700  -58.37554     -0.043       0.00      2.072      2.052    -0.6278    -0.6299    -0.0022    -0.6278    -0.6300    -0.0022   2.785593   2.785853   0.000259    34.1307    34.1366     7.6244    27.4339    27.4388         10  0.000e+00
       1801 309.766285  -62.16700  -58.37554     -0.040       0.00      2.072      2.052    -0.6275    -0.6295    -0.0019    -0.6276    -0.6295    -0.0019   2.785587   2.785847   0.000259    34.1303    34.1360     7.6245    27.4336    27.4383         10  0.000e+00
       1802 309.766285  -62.16700  -58.37554     -0.033       0.00      2.127      2.106    -0.6274    -0.6299    -0.0025    -0.6275    -0.6300    -0.0025   2.785617   2.785841   0.000224    34.1306    34.1364     7.6246    27.4338    27.4387         10  0.000e+00
       1803 309.766286  -62.16700  -58.37554     -0.030       0.00      2.024      2.004    -0.6274    -0.6305    -0.0031    -0.6275    -0.6306    -0.0031   2.785653   2.785841   0.000188    34.1311    34.1372     7.6253    27.4343    27.4393         10  0.000e+00
       1804 309.766286  -62.16700  -58.37554     -0.029       0.00      2.072      2.052    -0.6273    -0.6301    -0.0028    -0.6273    -0.6301    -0.0028   2.785683   2.785847   0.000164    34.1313    34.1367     7.6202    27.4344    27.4389         10  0.000e+00
       1805 309.766287  -62.16700  -58.37554     -0.025       0.00      2.072      2.052    -0.6269    -0.6298    -0.0029    -0.6269    -0.6298    -0.0029   2.785689   2.785841   0.000152    34.1309    34.1363     7.6245    27.4341    27.4385         10  0.000e+00
       1806 309.766287  -62.16700  -58.37554     -0.023       0.00      2.072      2.052    -0.6266    -0.6301    -0.0035    -0.6267    -0.6301    -0.0035   2.785707   2.785876   0.000168    34.1309    34.1371     7.6192    27.4340    27.4392         10  0.000e+00
       1807 309.766288  -62.16700  -58.37554     -0.018       0.00      2.072      2.052    -0.6266    -0.6290    -0.0024    -0.6267    -0.6291    -0.0024   2.785695   2.785939   0.000244    34.1307    34.1367     7.6183    27.4339    27.4389         10  0.000e+00
       1808 309.766288  -62.16700  -58.37554     -0.018       0.00      2.044      2.025    -0.6265    -0.6282    -0.0017    -0.6266    -0.6283    -0.0017   2.785725   2.785945   0.000219    34.1310    34.1359     7.6181    27.4341    27.4382         10  0.000e+00
       1809 309.766289  -62.16700  -58.37554     -0.016       0.00      2.072      2.052    -0.6257    -0.6282    -0.0025    -0.6258    -0.6283    -0.0025   2.785779   2.785979   0.000200    34.1308    34.1364     7.6178    27.4339    27.4386         10  0.000e+00
       1810 309.766289  -62.16700  -58.37554     -0.017       0.00      2.024      2.004    -0.6256    -0.6285    -0.0029    -0.6257    -0.6286    -0.0029   2.785797   2.785962   0.000165    34.1310    34.1365     7.6227    27.4341    27.4387         10  0.000e+00
       1811 309.766290  -62.16700  -58.37554     -0.017       0.00      2.024      2.004    -0.6256    -0.6284    -0.0028    -0.6256    -0.6284    -0.0028   2.785815   2.785922   0.000107    34.1312    34.1358     7.6225    27.4343    27.4381         10  0.000e+00
       1812 309.766290  -62.16700  -58.37554     -0.014       0.00      2.072      2.052    -0.6252    -0.6287    -0.0035    -0.6253    -0.6287    -0.0035   2.785821   2.785916   0.000095    34.1309    34.1361     7.6231    27.4340    27.4383         10  0.000e+00
       1813 309.766291  -62.16700  -58.37554     -0.018       0.00      2.024      2.004    -0.6248    -0.6285    -0.0038    -0.6248    -0.6286    -0.0038   2.785875   2.785927   0.000052    34.1311    34.1360     7.6226    27.4341    27.4383         10  0.000e+00
       1814 309.766291  -62.16700  -58.37554     -0.018       0.00      2.024      2.004    -0.6246    -0.6278    -0.0031    -0.6247    -0.6278    -0.0031   2.785881   2.786002   0.000121    34.1310    34.1362     7.6222    27.4341    27.4384         10  0.000e+00
       1815 309.766291  -62.16700  -58.37554     -0.021       0.00      2.024      2.004    -0.6242    -0.6279    -0.0037    -0.6243    -0.6280    -0.0037   2.785911   2.786025   0.000114    34.1310    34.1367     7.6166    27.4340    27.4388         10  0.000e+00
       1816 309.766292  -62.16700  -58.37554     -0.023       0.00      2.024      2.004    -0.6243    -0.6276    -0.0033    -0.6244    -0.6277    -0.0033   2.785929   2.785991   0.000062    34.1313    34.1359     7.6154    27.4343    27.4381         10  0.000e+00
       1817 309.766292  -62.16700  -58.37554     -0.025       0.00      1.976      1.957    -0.6241    -0.6279    -0.0038    -0.6242    -0.6280    -0.0038   2.785905   2.785991   0.000086    34.1308    34.1363     7.6200    27.4339    27.4384         10  0.000e+00
       1818 309.766293  -62.16700  -58.37554     -0.029       0.00      1.990      1.971    -0.6238    -0.6279    -0.0041    -0.6239    -0.6280    -0.0041   2.785935   2.785996   0.000062    34.1309    34.1363     7.6151    27.4339    27.4385         10  0.000e+00
       1819 309.766293  -62.16700  -58.37554     -0.028       0.00      2.024      2.004    -0.6241    -0.6281    -0.0039    -0.6242    -0.6281    -0.0039   2.785953   2.786014   0.000061    34.1314    34.1367     7.6198    27.4344    27.4388         10  0.000e+00
       1820 309.766294  -62.16700  -58.37554     -0.033       0.00      1.976      1.957    -0.6240    -0.6284    -0.0044    -0.6240    -0.6284    -0.0044   2.785935   2.786008   0.000073    34.1310    34.1370     7.6200    27.4340    27.4391         10  0.000e+00
       1821 309.766294  -62.16700  -58.37554     -0.037       0.00      1.976      1.957    -0.6240    -0.6282    -0.0042    -0.6241    -0.6283    -0.0042   2.785905   2.786019   0.000115    34.1307    34.1370     7.6203    27.4338    27.4391         10  0.000e+00
       1822 309.766295  -62.16700  -58.37554     -0.039       0.00      2.024      2.004    -0.6240    -0.6279    -0.0039    -0.6241    -0.6280    -0.0039   2.785899   2.786002   0.000103    34.1306    34.1364     7.6205    27.4337    27.4385         10  0.000e+00
       1823 309.766295  -62.16700  -58.37554     -0.046       0.00      1.921      1.903    -0.6241    -0.6284    -0.0042    -0.6242    -0.6284    -0.0042   2.785899   2.786002   0.000103    34.1308    34.1370     7.6206    27.4338    27.4390         10  0.000e+00
       1824 309.766296  -62.16700  -58.37554     -0.047       0.00      2.024      2.004    -0.6243    -0.6281    -0.0038    -0.6244    -0.6281    -0.0038   2.785875   2.785956   0.000081    34.1306    34.1359     7.6209    27.4337    27.4382         10  0.000e+00
       1825 309.766296  -62.16700  -58.37554     -0.051       0.00      1.976      1.957    -0.6242    -0.6284    -0.0041    -0.6243    -0.6284    -0.0041   2.785851   2.785979   0.000128    34.1302    34.1366     7.6209    27.4334    27.4387         10  0.000e+00
       1826 309.766297  -62.16700  -58.37554     -0.062       0.00      1.921      1.903    -0.6243    -0.6285    -0.0042    -0.6244    -0.6286    -0.0042   2.785845   2.785945   0.000100    34.1302    34.1363     7.6201    27.4334    27.4385         10  0.000e+00
       1827 309.766297  -62.16700  -58.37554     -0.061       0.00      1.942      1.923    -0.6246    -0.6284    -0.0037    -0.6247    -0.6284    -0.0037   2.785845   2.785962   0.000117    34.1306    34.1364     7.6194    27.4337    27.4386         10  0.000e+00
       1828 309.766298  -62.16700  -58.37554     -0.061       0.00      2.024      2.004    -0.6248    -0.6291    -0.0044    -0.6248    -0.6292    -0.0044   2.785845   2.785950   0.000105    34.1307    34.1371     7.6195    27.4338    27.4391         10  0.000e+00
       1829 309.766298  -62.16700  -58.37554     -0.064       0.00      1.976      1.957    -0.6246    -0.6291    -0.0045    -0.6247    -0.6292    -0.0045   2.785845   2.785910   0.000065    34.1306    34.1365     7.6201    27.4337    27.4387         10  0.000e+00
       1830 309.766299  -62.16700  -58.37554     -0.066       0.00      1.976      1.957    -0.6253    -0.6295    -0.0041    -0.6254    -0.6295    -0.0041   2.785785   2.785910   0.000125    34.1306    34.1369     7.6253    27.4337    27.4390         10  0.000e+00
       1831 309.766299  -62.16700  -58.37554     -0.068       0.00      1.976      1.957    -0.6257    -0.6290    -0.0033    -0.6257    -0.6291    -0.0033   2.785749   2.785933   0.000184    34.1305    34.1367     7.6209    27.4337    27.4388         10  0.000e+00
       1832 309.766300  -62.16700  -58.37554     -0.070       0.00      1.976      1.957    -0.6262    -0.6288    -0.0027    -0.6262    -0.6289    -0.0027   2.785719   2.785950   0.000231    34.1306    34.1367     7.6216    27.4338    27.4389         10  0.000e+00
       1833 309.766300  -62.16700  -58.37554     -0.072       0.00      1.976      1.957    -0.6265    -0.6290    -0.0025    -0.6266    -0.6291    -0.0025   2.785695   2.785904   0.000209    34.1307    34.1363     7.6215    27.4339    27.4385         10  0.000e+00
