Pos-Processados/process_op38/operantar38_004.ros
* Sea-Bird SBE 9 Data File:
* FileName = D:\OPERANTAR_XXXVIII\DADOS\OP38_004.hdr
* Software Version Seasave V 7.12
* Temperature SN = 4808
* Conductivity SN = 3380
* Number of Bytes Per Scan = 31
* Number of Voltage Words = 2
* Number of Scans Averaged by the Deck Unit = 1
* NMEA Latitude = 39 58.92 S
* NMEA Longitude = 054 59.71 W
* NMEA UTC (Time) = Oct 17 2019 15:31:47
** H41
** NAVIO POLAR ALMIRANTE MAXIMIANO
** CRUZEIRO:
** OPERANTAR XXXVIII
** ESTAÇÃO: OP38_004
** LAT 39º 58,96'S
** LONG 054º 59,70'W
** 09P73767-1155
** PROFUNDIDADE: 1627 m
** DATA/HORA: 171533Z/OUT/2019
** OPERADOR: SO-HN CHAVES
# nquan = 26
# nvalues = 3988                                  
# units = specified
# name 0 = scan: Scan Count
# name 1 = timeJ: Julian Days
# name 2 = latitude: Latitude [deg]
# name 3 = longitude: Longitude [deg]
# name 4 = dz/dtM: Descent Rate [m/s]
# name 5 = avgsvCM: Average Sound Velocity [Chen-Millero, m/s]
# name 6 = prDM: Pressure, Digiquartz [db]
# name 7 = depSM: Depth [salt water, m]
# name 8 = t090C: Temperature [ITS-90, deg C]
# name 9 = t190C: Temperature, 2 [ITS-90, deg C]
# name 10 = T2-T190C: Temperature Difference, 2 - 1 [ITS-90, deg C]
# name 11 = potemp090C: Potential Temperature [ITS-90, deg C]
# name 12 = potemp190C: Potential Temperature, 2 [ITS-90, deg C]
# name 13 = potemp90Cdiff: Potential Temperature, Diff, 2 - 1 [ITS-90, deg C]
# name 14 = c0S/m: Conductivity [S/m]
# name 15 = c1S/m: Conductivity, 2 [S/m]
# name 16 = C2-C1S/m: Conductivity Difference, 2 - 1 [S/m]
# name 17 = sal00: Salinity, Practical [PSU]
# name 18 = sal11: Salinity, Practical, 2 [PSU]
# name 19 = sbeox0ML/L: Oxygen, SBE 43 [ml/l]
# name 20 = sbeox1ML/L: Oxygen, SBE 43, 2 [ml/l]
# name 21 = sbeox0ML/Ldiff: Oxygen, SBE 43, Diff, 2 - 1 [ml/l]
# name 22 = sigma-é00: Density [sigma-theta, kg/m^3]
# name 23 = sigma-é11: Density, 2 [sigma-theta, kg/m^3]
# name 24 = nbf: Bottles Fired
# name 25 = flag:  0.000e+00
# interval = seconds: 0.0416667
# start_time = Oct 17 2019 15:31:47 [NMEA time, header]
# bad_flag = -9.990e-29
*END*
[from data line 2955]
      62055 290.676997  -39.97452  -54.99516     -0.086    1470.62     33.526     33.266     5.8534     5.8693     0.0160     5.8506     5.8666     0.0160   3.343982   3.345647   0.001665    34.0850    34.0877     7.3048     6.9662    -0.3386    26.8483    26.8484         18  0.000e+00
      62056 290.676998  -39.97452  -54.99516     -0.088    1470.62     33.574     33.314     5.8548     5.8682     0.0134     5.8520     5.8654     0.0134   3.344098   3.345530   0.001433    34.0848    34.0875     7.3042     6.9673    -0.3369    26.8480    26.8484         18  0.000e+00
      62057 290.676998  -39.97452  -54.99516     -0.087    1470.62     33.574     33.314     5.8564     5.8669     0.0105     5.8536     5.8641     0.0105   3.344245   3.345352   0.001106    34.0849    34.0868     7.3040     6.9693    -0.3348    26.8478    26.8480         18  0.000e+00
      62058 290.676999  -39.97452  -54.99516     -0.092    1470.62     33.526     33.267     5.8577     5.8648     0.0071     5.8549     5.8621     0.0071   3.344341   3.345197   0.000856    34.0847    34.0871     7.3040     6.9707    -0.3333    26.8475    26.8486         18  0.000e+00
      62059 290.676999  -39.97452  -54.99516     -0.091    1470.62     33.574     33.314     5.8586     5.8624     0.0037     5.8559     5.8596     0.0037   3.344444   3.344908   0.000463    34.0848    34.0863     7.3042     6.9724    -0.3318    26.8475    26.8482         18  0.000e+00
      62060 290.677000  -39.97452  -54.99516     -0.089    1470.62     33.574     33.314     5.8603     5.8597    -0.0006     5.8575     5.8569    -0.0006   3.344547   3.344599   0.000052    34.0844    34.0856     7.3079     6.9781    -0.3298    26.8469    26.8480         18  0.000e+00
      62061 290.677000  -39.97452  -54.99516     -0.089    1470.62     33.526     33.267     5.8616     5.8576    -0.0040     5.8588     5.8548    -0.0040   3.344617   3.344525  -0.000092    34.0839    34.0869     7.3039     6.9798    -0.3242    26.8464    26.8493         18  0.000e+00
      62062 290.677001  -39.97452  -54.99516     -0.089    1470.62     33.574     33.314     5.8622     5.8575    -0.0047     5.8594     5.8547    -0.0047   3.344624   3.344636   0.000012    34.0833    34.0882     7.3044     6.9773    -0.3271    26.8459    26.8503         18  0.000e+00
      62063 290.677001  -39.97452  -54.99516     -0.092    1470.62     33.478     33.219     5.8628     5.8585    -0.0043     5.8601     5.8558    -0.0043   3.344701   3.344809   0.000108    34.0836    34.0891     7.3043     6.9785    -0.3257    26.8460    26.8509         18  0.000e+00
      62064 290.677002  -39.97452  -54.99516     -0.088    1470.62     33.574     33.314     5.8633     5.8601    -0.0032     5.8606     5.8574    -0.0032   3.344746   3.344988   0.000242    34.0835    34.0895     7.3044     6.9846    -0.3198    26.8459    26.8510         18  0.000e+00
      62065 290.677002  -39.97452  -54.99516     -0.087    1470.62     33.526     33.267     5.8641     5.8603    -0.0037     5.8613     5.8576    -0.0037   3.344836   3.344969   0.000134    34.0838    34.0891     7.3044     6.9863    -0.3181    26.8460    26.8507         18  0.000e+00
      62066 290.677003  -39.97452  -54.99516     -0.088    1470.62     33.526     33.267     5.8648     5.8601    -0.0047     5.8621     5.8574    -0.0047   3.344893   3.345037   0.000144    34.0837    34.0901     7.3050     6.9834    -0.3216    26.8459    26.8515         18  0.000e+00
      62067 290.677003  -39.97452  -54.99516     -0.083    1470.62     33.574     33.314     5.8653     5.8611    -0.0042     5.8625     5.8583    -0.0042   3.344906   3.345136   0.000229    34.0834    34.0902     7.3095     6.9845    -0.3250    26.8455    26.8514         18  0.000e+00
      62068 290.677004  -39.97452  -54.99516     -0.084    1470.62     33.526     33.267     5.8649     5.8619    -0.0030     5.8621     5.8591    -0.0030   3.344810   3.345204   0.000394    34.0827    34.0902     7.3109     6.9902    -0.3207    26.8451    26.8513         18  0.000e+00
      62069 290.677004  -39.97452  -54.99516     -0.081    1470.62     33.574     33.314     5.8643     5.8623    -0.0021     5.8616     5.8595    -0.0021   3.344688   3.345241   0.000553    34.0819    34.0902     7.3078     6.9922    -0.3156    26.8444    26.8513         18  0.000e+00
      62070 290.677005  -39.97452  -54.99516     -0.078    1470.62     33.526     33.267     5.8633     5.8625    -0.0008     5.8605     5.8598    -0.0008   3.344585   3.345271   0.000686    34.0818    34.0903     7.3085     6.9888    -0.3197    26.8445    26.8513         18  0.000e+00
      62071 290.677005  -39.97452  -54.99516     -0.078    1470.62     33.526     33.267     5.8629     5.8635     0.0006     5.8601     5.8608     0.0006   3.344528   3.345345   0.000818    34.0815    34.0902     7.3091     6.9940    -0.3151    26.8444    26.8511         18  0.000e+00
      62072 290.677006  -39.97452  -54.99516     -0.077    1470.62     33.526     33.267     5.8629     5.8647     0.0018     5.8601     5.8619     0.0018   3.344624   3.345413   0.000789    34.0826    34.0897     7.3138     6.9953    -0.3186    26.8452    26.8506         18  0.000e+00
      62073 290.677006  -39.97452  -54.99516     -0.073    1470.62     33.574     33.314     5.8631     5.8651     0.0020     5.8604     5.8624     0.0020   3.344682   3.345419   0.000738    34.0830    34.0893     7.3108     6.9967    -0.3141    26.8455    26.8503         18  0.000e+00
      62074 290.677007  -39.97452  -54.99516     -0.072    1470.62     33.526     33.267     5.8637     5.8653     0.0016     5.8609     5.8625     0.0016   3.344733   3.345401   0.000668    34.0831    34.0890     7.3155     6.9982    -0.3174    26.8455    26.8500         18  0.000e+00
      62075 290.677007  -39.97452  -54.99516     -0.070    1470.62     33.526     33.267     5.8633     5.8653     0.0020     5.8606     5.8625     0.0019   3.344662   3.345352   0.000689    34.0826    34.0884     7.3122     6.9997    -0.3125    26.8452    26.8495         18  0.000e+00
      62076 290.677008  -39.97452  -54.99516     -0.068    1470.62     33.526     33.267     5.8620     5.8657     0.0037     5.8592     5.8629     0.0037   3.344489   3.345407   0.000918    34.0820    34.0887     7.3128     7.0005    -0.3123    26.8449    26.8497         19  0.000e+00
      62077 290.677008  -39.97452  -54.99516     -0.066    1470.62     33.519     33.260     5.8619     5.8655     0.0036     5.8591     5.8627     0.0036   3.344495   3.345407   0.000912    34.0822    34.0889     7.3136     7.0013    -0.3123    26.8450    26.8499         19  0.000e+00
      62078 290.677009  -39.97452  -54.99516     -0.066    1470.62     33.526     33.267     5.8617     5.8662     0.0046     5.8589     5.8635     0.0046   3.344534   3.345512   0.000978    34.0828    34.0893     7.3145     7.0020    -0.3125    26.8455    26.8501         19  0.000e+00
      62079 290.677009  -39.97452  -54.99516     -0.063    1470.62     33.574     33.314     5.8617     5.8660     0.0042     5.8590     5.8632     0.0042   3.344579   3.345506   0.000927    34.0833    34.0895     7.3150     7.0029    -0.3121    26.8459    26.8503         19  0.000e+00
      62080 290.677010  -39.97452  -54.99516     -0.057    1470.62     33.526     33.267     5.8620     5.8659     0.0039     5.8593     5.8632     0.0039   3.344573   3.345444   0.000871    34.0829    34.0888     7.3195     7.0083    -0.3112    26.8456    26.8498         19  0.000e+00
      62081 290.677010  -39.97452  -54.99516     -0.056    1470.62     33.520     33.260     5.8623     5.8659     0.0036     5.8595     5.8632     0.0036   3.344656   3.345499   0.000844    34.0836    34.0894     7.3163     7.0052    -0.3111    26.8461    26.8503         19  0.000e+00
      62082 290.677011  -39.97452  -54.99516     -0.055    1470.62     33.526     33.267     5.8637     5.8660     0.0023     5.8609     5.8632     0.0023   3.344258   3.345475   0.001217    34.0777    34.0891     7.3169     7.0106    -0.3063    26.8412    26.8500         19  0.000e+00
      62083 290.677011  -39.97452  -54.99516     -0.054    1470.62     33.526     33.267     5.8646     5.8661     0.0015     5.8618     5.8633     0.0015   3.344457   3.345438   0.000981    34.0791    34.0886     7.3173     7.0121    -0.3052    26.8422    26.8496         19  0.000e+00
      62084 290.677011  -39.97452  -54.99516     -0.047    1470.62     33.574     33.314     5.8643     5.8661     0.0017     5.8616     5.8633     0.0017   3.344701   3.345432   0.000731    34.0820    34.0885     7.3178     7.0136    -0.3043    26.8446    26.8495         19  0.000e+00
      62085 290.677012  -39.97452  -54.99516     -0.045    1470.62     33.520     33.260     5.8633     5.8653     0.0020     5.8606     5.8626     0.0020   3.344662   3.345358   0.000695    34.0826    34.0885     7.3223     7.0143    -0.3079    26.8452    26.8495         19  0.000e+00
      62086 290.677012  -39.97452  -54.99516     -0.043    1470.62     33.526     33.267     5.8621     5.8643     0.0022     5.8594     5.8616     0.0022   3.344521   3.345271   0.000750    34.0822    34.0885     7.3232     7.0151    -0.3080    26.8450    26.8497         19  0.000e+00
      62087 290.677013  -39.97452  -54.99516     -0.041    1470.62     33.526     33.267     5.8609     5.8635     0.0026     5.8582     5.8608     0.0026   3.344425   3.345179   0.000754    34.0823    34.0883     7.3240     7.0159    -0.3082    26.8452    26.8496         19  0.000e+00
      62088 290.677013  -39.97452  -54.99516     -0.036    1470.62     33.574     33.315     5.8603     5.8632     0.0029     5.8575     5.8604     0.0029   3.344354   3.345160   0.000806    34.0822    34.0883     7.3249     7.0165    -0.3084    26.8452    26.8497         19  0.000e+00
      62089 290.677014  -39.97452  -54.99516     -0.033    1470.62     33.520     33.260     5.8599     5.8626     0.0026     5.8572     5.8598     0.0026   3.344412   3.345111   0.000699    34.0832    34.0884     7.3214     7.0177    -0.3037    26.8461    26.8499         19  0.000e+00
      62090 290.677014  -39.97452  -54.99516     -0.034    1470.62     33.527     33.267     5.8601     5.8625     0.0024     5.8573     5.8598     0.0024   3.344470   3.345117   0.000647    34.0837    34.0886     7.3256     7.0235    -0.3022    26.8464    26.8500         19  0.000e+00
      62091 290.677015  -39.97452  -54.99516     -0.031    1470.62     33.527     33.267     5.8606     5.8630     0.0024     5.8578     5.8603     0.0024   3.344483   3.345130   0.000647    34.0834    34.0882     7.3263     7.0245    -0.3018    26.8461    26.8496         19  0.000e+00
      62092 290.677015  -39.97452  -54.99516     -0.028    1470.62     33.574     33.315     5.8609     5.8628     0.0018     5.8582     5.8600     0.0018   3.344560   3.345080   0.000521    34.0838    34.0879     7.3269     7.0256    -0.3013    26.8464    26.8494         19  0.000e+00
      62093 290.677016  -39.97452  -54.99516     -0.025    1470.62     33.527     33.267     5.8617     5.8624     0.0007     5.8590     5.8596     0.0007   3.344624   3.345068   0.000444    34.0838    34.0881     7.3232     7.0264    -0.2968    26.8463    26.8497         19  0.000e+00
      62094 290.677016  -39.97452  -54.99516     -0.022    1470.62     33.575     33.315     5.8620     5.8619    -0.0001     5.8592     5.8591    -0.0001   3.344637   3.345086   0.000450    34.0836    34.0888     7.3229     7.0273    -0.2956    26.8462    26.8503         19  0.000e+00
      62095 290.677017  -39.97452  -54.99516     -0.018    1470.62     33.527     33.267     5.8622     5.8617    -0.0005     5.8594     5.8590    -0.0005   3.344598   3.345099   0.000501    34.0830    34.0891     7.3226     7.0234    -0.2992    26.8456    26.8505         19  0.000e+00
      62096 290.677017  -39.97452  -54.99516     -0.018    1470.62     33.527     33.267     5.8625     5.8616    -0.0008     5.8597     5.8589    -0.0008   3.344624   3.345142   0.000518    34.0831    34.0897     7.3228     7.0280    -0.2948    26.8456    26.8510         19  0.000e+00
      62097 290.677018  -39.97452  -54.99516     -0.017    1470.62     33.527     33.267     5.8629     5.8624    -0.0005     5.8601     5.8596    -0.0005   3.344675   3.345148   0.000473    34.0832    34.0891     7.3224     7.0230    -0.2994    26.8457    26.8504         19  0.000e+00
      62098 290.677018  -39.97452  -54.99516     -0.013    1470.62     33.520     33.260     5.8630     5.8619    -0.0011     5.8603     5.8591    -0.0011   3.344662   3.345130   0.000467    34.0829    34.0893     7.3222     7.0229    -0.2993    26.8454    26.8507         19  0.000e+00
      62099 290.677019  -39.97452  -54.99516     -0.015    1470.62     33.527     33.267     5.8628     5.8623    -0.0005     5.8601     5.8595    -0.0005   3.344637   3.345148   0.000511    34.0828    34.0892     7.3261     7.0272    -0.2989    26.8454    26.8505         19  0.000e+00
      62100 290.677019  -39.97452  -54.99516     -0.011    1470.62     33.527     33.267     5.8627     5.8630     0.0003     5.8600     5.8603     0.0003   3.344650   3.345204   0.000554    34.0831    34.0890     7.3263     7.0273    -0.2989    26.8456    26.8503         19  0.000e+00
      62101 290.677020  -39.97452  -54.99516     -0.013    1470.62     33.527     33.267     5.8625     5.8630     0.0006     5.8597     5.8603     0.0006   3.344617   3.345197   0.000580    34.0830    34.0890     7.3265     7.0276    -0.2989    26.8456    26.8502         19  0.000e+00
      62102 290.677020  -39.97452  -54.99516     -0.009    1470.62     33.575     33.315     5.8622     5.8632     0.0010     5.8594     5.8604     0.0010   3.344534   3.345210   0.000676    34.0823    34.0889     7.3227     7.0277    -0.2949    26.8450    26.8502         19  0.000e+00
      62103 290.677021  -39.97452  -54.99516     -0.008    1470.62     33.527     33.267     5.8613     5.8633     0.0020     5.8585     5.8605     0.0020   3.344438   3.345241   0.000803    34.0822    34.0892     7.3225     7.0231    -0.2994    26.8451    26.8504         19  0.000e+00
      62104 290.677021  -39.97452  -54.99516     -0.009    1470.62     33.527     33.267     5.8603     5.8632     0.0029     5.8575     5.8604     0.0029   3.344329   3.345253   0.000924    34.0819    34.0894     7.3224     7.0224    -0.3000    26.8450    26.8506         19  0.000e+00
      62105 290.677022  -39.97452  -54.99516     -0.008    1470.62     33.527     33.267     5.8593     5.8635     0.0042     5.8566     5.8608     0.0042   3.344303   3.345204   0.000901    34.0826    34.0885     7.3263     7.0216    -0.3047    26.8457    26.8498         19  0.000e+00
      62106 290.677022  -39.97452  -54.99516     -0.007    1470.62     33.520     33.260     5.8590     5.8631     0.0041     5.8562     5.8603     0.0041   3.344290   3.345210   0.000920    34.0828    34.0891     7.3265     7.0255    -0.3011    26.8458    26.8503         19  0.000e+00
      62107 290.677023  -39.97452  -54.99516     -0.008    1470.62     33.527     33.267     5.8590     5.8630     0.0041     5.8562     5.8603     0.0041   3.344271   3.345173   0.000902    34.0826    34.0887     7.3225     7.0253    -0.2972    26.8457    26.8500         19  0.000e+00
      62108 290.677023  -39.97452  -54.99516     -0.006    1470.62     33.527     33.267     5.8590     5.8630     0.0040     5.8562     5.8603     0.0040   3.344239   3.345179   0.000940    34.0822    34.0888     7.3222     7.0250    -0.2972    26.8454    26.8501         19  0.000e+00
      62109 290.677024  -39.97452  -54.99516     -0.007    1470.62     33.479     33.220     5.8583     5.8632     0.0049     5.8556     5.8604     0.0049   3.344213   3.345191   0.000978    34.0826    34.0887     7.3224     7.0253    -0.2971    26.8458    26.8500         19  0.000e+00
