Pos-Processados/process_op38/operantar38_020.ros
* Sea-Bird SBE 9 Data File:
* FileName = D:\OPERANTAR_XXXVIII\DADOS\OP38_020.hdr
* Software Version Seasave V 7.18c
* Temperature SN = 4808
* Conductivity SN = 3380
* Number of Bytes Per Scan = 34
* Number of Voltage Words = 3
* Number of Scans Averaged by the Deck Unit = 1
* NMEA Latitude = 62 13.02 S
* NMEA Longitude = 058 20.27 W
* NMEA UTC (Time) = Nov 22 2019 12:22:40
** H41
** NAVIO POLAR ALMIRANTE MAXIMIANO
** CRUZEIRO:
** OPERANTAR XXXVIII
** ESTAÇÃO: OP38_020
** LAT 62 13,00'S
** LONG 058 20,28'W
** 09P73767-1155_A
** PROFUNDIDADE: 497
** DATA/HORA: 221223Z/NOV/2019
** OPERADOR: SO-HN CHAVES
# nquan = 24
# nvalues = 1034                                  
# units = specified
# name 0 = scan: Scan Count
# name 1 = timeJ: Julian Days
# name 2 = latitude: Latitude [deg]
# name 3 = longitude: Longitude [deg]
# name 4 = dz/dtM: Descent Rate [m/s]
# name 5 = avgsvCM: Average Sound Velocity [Chen-Millero, m/s]
# name 6 = prDM: Pressure, Digiquartz [db]
# name 7 = depSM: Depth [salt water, m]
# name 8 = t090C: Temperature [ITS-90, deg C]
# name 9 = t190C: Temperature, 2 [ITS-90, deg C]
# name 10 = T2-T190C: Temperature Difference, 2 - 1 [ITS-90, deg C]
# name 11 = potemp090C: Potential Temperature [ITS-90, deg C]
# name 12 = potemp190C: Potential Temperature, 2 [ITS-90, deg C]
# name 13 = potemp90Cdiff: Potential Temperature, Diff, 2 - 1 [ITS-90, deg C]
# name 14 = c0S/m: Conductivity [S/m]
# name 15 = c1S/m: Conductivity, 2 [S/m]
# name 16 = C2-C1S/m: Conductivity Difference, 2 - 1 [S/m]
# name 17 = sal00: Salinity, Practical [PSU]
# name 18 = sal11: Salinity, Practical, 2 [PSU]
# name 19 = sbeox0ML/L: Oxygen, SBE 43 [ml/l]
# name 20 = sigma-é00: Density [sigma-theta, kg/m^3]
# name 21 = sigma-é11: Density, 2 [sigma-theta, kg/m^3]
# name 22 = nbf: Bottles Fired
# name 23 = flag:  0.000e+00
# interval = seconds: 0.0416667
# start_time = Nov 22 2019 12:22:40 [NMEA time, header]
# bad_flag = -9.990e-29
*END*
[from data line 182]
      38407 326.534262  -62.21706  -58.33796      0.013    1449.76      2.938      2.910    -0.4050    -0.3923     0.0126    -0.4050    -0.3924     0.0126   2.807234   2.807009  -0.000225    34.1701    34.1529     7.6220    27.4560    27.4414          1  0.000e+00
      38408 326.534263  -62.21706  -58.33796      0.014    1449.76      2.986      2.957    -0.4048    -0.3923     0.0125    -0.4049    -0.3924     0.0125   2.807252   2.807009  -0.000243    34.1702    34.1528     7.6173    27.4560    27.4414          1  0.000e+00
      38409 326.534263  -62.21706  -58.33796      0.009    1449.76      2.883      2.856    -0.4046    -0.3921     0.0125    -0.4047    -0.3922     0.0125   2.807234   2.806957  -0.000277    34.1698    34.1520     7.6167    27.4557    27.4407          1  0.000e+00
      38410 326.534264  -62.21706  -58.33796      0.004    1449.76      2.938      2.910    -0.4048    -0.3917     0.0131    -0.4049    -0.3918     0.0131   2.807228   2.806962  -0.000266    34.1699    34.1516     7.6172    27.4558    27.4404          1  0.000e+00
      38411 326.534264  -62.21706  -58.33796      0.005    1449.76      2.938      2.910    -0.4046    -0.3920     0.0126    -0.4047    -0.3921     0.0126   2.807234   2.806991  -0.000243    34.1697    34.1523     7.6167    27.4557    27.4410          1  0.000e+00
      38412 326.534265  -62.21706  -58.33796      0.001    1449.76      2.938      2.910    -0.4050    -0.3915     0.0134    -0.4050    -0.3916     0.0134   2.807228   2.806980  -0.000248    34.1701    34.1516     7.6171    27.4559    27.4404          1  0.000e+00
      38413 326.534265  -62.21706  -58.33796     -0.001    1449.76      2.938      2.910    -0.4046    -0.3912     0.0134    -0.4047    -0.3913     0.0134   2.807228   2.806968  -0.000260    34.1697    34.1511     7.6173    27.4556    27.4400          1  0.000e+00
      38414 326.534266  -62.21706  -58.33796     -0.006    1449.76      2.883      2.856    -0.4046    -0.3912     0.0134    -0.4047    -0.3913     0.0134   2.807228   2.806991  -0.000237    34.1697    34.1515     7.6176    27.4556    27.4403          1  0.000e+00
      38415 326.534266  -62.21706  -58.33796     -0.008    1449.76      2.938      2.910    -0.4044    -0.3908     0.0137    -0.4045    -0.3908     0.0137   2.807228   2.807037  -0.000191    34.1695    34.1515     7.6179    27.4554    27.4403          1  0.000e+00
      38416 326.534266  -62.21706  -58.33796     -0.009    1449.76      2.938      2.910    -0.4041    -0.3904     0.0137    -0.4042    -0.3905     0.0137   2.807186   2.806986  -0.000200    34.1686    34.1505     7.6174    27.4547    27.4394          1  0.000e+00
      38417 326.534267  -62.21706  -58.33796     -0.011    1449.76      2.938      2.910    -0.4037    -0.3908     0.0129    -0.4038    -0.3908     0.0129   2.807174   2.806968  -0.000206    34.1679    34.1506     7.6176    27.4541    27.4395          1  0.000e+00
      38469 326.534292  -62.21706  -58.33796     -0.020    1449.76      2.884      2.856    -0.4039    -0.3866     0.0173    -0.4039    -0.3867     0.0173   2.807258   2.807112  -0.000146    34.1693    34.1479     7.6297    27.4552    27.4371          2  0.000e+00
      38470 326.534293  -62.21706  -58.33796     -0.022    1449.76      2.836      2.809    -0.4039    -0.3870     0.0168    -0.4039    -0.3871     0.0168   2.807252   2.807124  -0.000128    34.1692    34.1485     7.6249    27.4552    27.4377          2  0.000e+00
      38471 326.534293  -62.21706  -58.33796     -0.018    1449.76      2.939      2.910    -0.4039    -0.3871     0.0168    -0.4039    -0.3872     0.0168   2.807276   2.807112  -0.000164    34.1695    34.1484     7.6246    27.4554    27.4376          2  0.000e+00
      38472 326.534293  -62.21706  -58.33796     -0.024    1449.76      2.836      2.809    -0.4043    -0.3875     0.0168    -0.4044    -0.3876     0.0168   2.807258   2.807107  -0.000151    34.1698    34.1489     7.6241    27.4557    27.4380          2  0.000e+00
      38473 326.534294  -62.21706  -58.33796     -0.020    1449.76      2.939      2.910    -0.4041    -0.3871     0.0171    -0.4042    -0.3872     0.0171   2.807276   2.807124  -0.000152    34.1698    34.1485     7.6236    27.4557    27.4377          2  0.000e+00
      38474 326.534294  -62.21706  -58.33796     -0.025    1449.76      2.836      2.809    -0.4034    -0.3869     0.0165    -0.4035    -0.3870     0.0165   2.807318   2.807130  -0.000188    34.1696    34.1485     7.6229    27.4555    27.4376          2  0.000e+00
      38475 326.534295  -62.21706  -58.33796     -0.024    1449.76      2.884      2.856    -0.4026    -0.3867     0.0159    -0.4027    -0.3868     0.0159   2.807396   2.807112  -0.000284    34.1697    34.1480     7.6221    27.4555    27.4373          2  0.000e+00
      38476 326.534295  -62.21706  -58.33796     -0.023    1449.76      2.939      2.910    -0.4023    -0.3867     0.0155    -0.4024    -0.3868     0.0155   2.807456   2.807141  -0.000315    34.1701    34.1484     7.6215    27.4559    27.4376          2  0.000e+00
      38477 326.534296  -62.21706  -58.33796     -0.022    1449.76      2.884      2.856    -0.4018    -0.3860     0.0159    -0.4019    -0.3860     0.0159   2.807486   2.807112  -0.000374    34.1700    34.1472     7.6215    27.4558    27.4365          2  0.000e+00
      38478 326.534296  -62.21706  -58.33796     -0.023    1449.76      2.856      2.829    -0.4012    -0.3855     0.0157    -0.4013    -0.3856     0.0157   2.807492   2.807124  -0.000368    34.1694    34.1468     7.6258    27.4552    27.4362          2  0.000e+00
      38479 326.534297  -62.21706  -58.33796     -0.025    1449.76      2.884      2.856    -0.4012    -0.3855     0.0157    -0.4013    -0.3856     0.0157   2.807552   2.807170  -0.000382    34.1702    34.1474     7.6216    27.4559    27.4367          2  0.000e+00
      38480 326.534297  -62.21706  -58.33796     -0.020    1449.76      2.939      2.910    -0.4010    -0.3850     0.0160    -0.4011    -0.3851     0.0160   2.807516   2.807164  -0.000352    34.1695    34.1468     7.6268    27.4553    27.4362          2  0.000e+00
      38481 326.534298  -62.21706  -58.33796     -0.022    1449.76      2.884      2.856    -0.4004    -0.3853     0.0151    -0.4005    -0.3854     0.0151   2.807552   2.807112  -0.000440    34.1694    34.1465     7.6275    27.4552    27.4359          2  0.000e+00
      38482 326.534298  -62.21706  -58.33796     -0.018    1449.76      2.939      2.910    -0.4000    -0.3849     0.0151    -0.4001    -0.3850     0.0151   2.807570   2.807101  -0.000469    34.1691    34.1457     7.6231    27.4549    27.4353          2  0.000e+00
      38483 326.534299  -62.21706  -58.33796     -0.020    1449.76      2.884      2.856    -0.3998    -0.3850     0.0148    -0.3999    -0.3851     0.0148   2.807594   2.807164  -0.000430    34.1692    34.1468     7.6222    27.4550    27.4362          2  0.000e+00
      38484 326.534299  -62.21706  -58.33796     -0.015    1449.76      2.939      2.910    -0.3998    -0.3847     0.0151    -0.3999    -0.3848     0.0151   2.807618   2.807124  -0.000494    34.1695    34.1459     7.6223    27.4552    27.4354          2  0.000e+00
      38485 326.534300  -62.21706  -58.33796     -0.014    1449.76      2.884      2.856    -0.3998    -0.3842     0.0155    -0.3998    -0.3843     0.0155   2.807588   2.807124  -0.000464    34.1691    34.1454     7.6215    27.4549    27.4350          2  0.000e+00
      38486 326.534300  -62.21706  -58.33796     -0.012    1449.76      2.939      2.910    -0.3998    -0.3850     0.0148    -0.3999    -0.3851     0.0148   2.807552   2.807170  -0.000382    34.1686    34.1468     7.6207    27.4545    27.4362          2  0.000e+00
      38487 326.534301  -62.21706  -58.33796     -0.010    1449.76      2.987      2.958    -0.4001    -0.3847     0.0154    -0.4002    -0.3848     0.0154   2.807564   2.807187  -0.000377    34.1691    34.1467     7.6200    27.4549    27.4361          2  0.000e+00
      38488 326.534301  -62.21706  -58.33796     -0.006    1449.76      2.884      2.856    -0.4006    -0.3842     0.0163    -0.4006    -0.3843     0.0163   2.807552   2.807141  -0.000411    34.1695    34.1456     7.6191    27.4553    27.4352          2  0.000e+00
      38489 326.534302  -62.21706  -58.33796      0.001    1449.76      2.987      2.958    -0.4006    -0.3846     0.0160    -0.4007    -0.3847     0.0160   2.807546   2.807147  -0.000399    34.1694    34.1460     7.6183    27.4552    27.4355          2  0.000e+00
      38490 326.534302  -62.21706  -58.33796      0.002    1449.76      2.939      2.910    -0.4004    -0.3844     0.0160    -0.4005    -0.3845     0.0160   2.807564   2.807176  -0.000388    34.1695    34.1462     7.6231    27.4553    27.4357          2  0.000e+00
      38491 326.534303  -62.21706  -58.33796      0.009    1449.76      2.987      2.958    -0.4006    -0.3846     0.0160    -0.4007    -0.3847     0.0160   2.807534   2.807187  -0.000347    34.1692    34.1465     7.6238    27.4550    27.4360          2  0.000e+00
      38492 326.534303  -62.21706  -58.33796      0.013    1449.76      2.939      2.910    -0.4007    -0.3844     0.0163    -0.4008    -0.3845     0.0163   2.807504   2.807159  -0.000346    34.1690    34.1460     7.6243    27.4549    27.4355          2  0.000e+00
      38493 326.534304  -62.21706  -58.33796      0.014    1449.76      2.939      2.910    -0.4012    -0.3850     0.0162    -0.4013    -0.3851     0.0162   2.807492   2.807199  -0.000293    34.1694    34.1472     7.6249    27.4552    27.4366          2  0.000e+00
      38494 326.534304  -62.21706  -58.33796      0.021    1449.76      2.987      2.958    -0.4012    -0.3846     0.0166    -0.4013    -0.3847     0.0166   2.807474   2.807216  -0.000258    34.1691    34.1469     7.6255    27.4550    27.4363          2  0.000e+00
      38495 326.534305  -62.21706  -58.33796      0.028    1449.76      2.987      2.958    -0.4015    -0.3847     0.0168    -0.4016    -0.3848     0.0168   2.807468   2.807164  -0.000304    34.1693    34.1464     7.6209    27.4552    27.4359          2  0.000e+00
      38496 326.534305  -62.21706  -58.33796      0.031    1449.76      2.987      2.958    -0.4019    -0.3847     0.0172    -0.4020    -0.3848     0.0172   2.807414   2.807153  -0.000261    34.1691    34.1462     7.6207    27.4550    27.4357          2  0.000e+00
      38497 326.534306  -62.21706  -58.33796      0.037    1449.76      2.987      2.958    -0.4025    -0.3844     0.0181    -0.4026    -0.3845     0.0181   2.807342   2.807176  -0.000166    34.1688    34.1462     7.6205    27.4548    27.4357          2  0.000e+00
      38498 326.534306  -62.21706  -58.33796      0.043    1449.76      2.987      2.958    -0.4028    -0.3844     0.0183    -0.4028    -0.3845     0.0183   2.807336   2.807205  -0.000131    34.1690    34.1466     7.6202    27.4550    27.4360          2  0.000e+00
      38499 326.534307  -62.21706  -58.33796      0.047    1449.76      3.007      2.978    -0.4034    -0.3841     0.0193    -0.4035    -0.3842     0.0193   2.807312   2.807187  -0.000125    34.1694    34.1460     7.6193    27.4553    27.4355          2  0.000e+00
      38500 326.534307  -62.21706  -58.33796      0.050    1449.76      2.987      2.958    -0.4040    -0.3845     0.0194    -0.4041    -0.3846     0.0194   2.807252   2.807205  -0.000047    34.1692    34.1467     7.6190    27.4552    27.4361          2  0.000e+00
      38501 326.534307  -62.21706  -58.33796      0.055    1449.76      2.987      2.958    -0.4052    -0.3846     0.0207    -0.4053    -0.3847     0.0207   2.807192   2.807234   0.000042    34.1699    34.1472     7.6190    27.4558    27.4365          2  0.000e+00
      38502 326.534308  -62.21706  -58.33796      0.057    1449.76      2.987      2.958    -0.4068    -0.3841     0.0227    -0.4069    -0.3842     0.0227   2.807132   2.807216   0.000084    34.1708    34.1464     7.6189    27.4566    27.4358          2  0.000e+00
      38503 326.534308  -62.21706  -58.33796      0.066    1449.76      3.041      3.012    -0.4066    -0.3841     0.0225    -0.4067    -0.3842     0.0225   2.807084   2.807211   0.000127    34.1699    34.1463     7.6186    27.4559    27.4357          2  0.000e+00
      38504 326.534309  -62.21706  -58.33796      0.067    1449.76      2.987      2.958    -0.4068    -0.3843     0.0225    -0.4069    -0.3844     0.0225   2.807090   2.807234   0.000144    34.1703    34.1468     7.6234    27.4562    27.4362          2  0.000e+00
      38505 326.534309  -62.21706  -58.33796      0.072    1449.76      3.041      3.012    -0.4069    -0.3842     0.0227    -0.4070    -0.3843     0.0227   2.807078   2.807257   0.000179    34.1702    34.1471     7.6238    27.4561    27.4364          2  0.000e+00
      38506 326.534310  -62.21706  -58.33796      0.076    1449.76      2.987      2.958    -0.4059    -0.3844     0.0215    -0.4060    -0.3845     0.0215   2.807090   2.807239   0.000150    34.1692    34.1470     7.6239    27.4553    27.4364          2  0.000e+00
      38507 326.534310  -62.21706  -58.33796      0.075    1449.76      3.041      3.012    -0.4057    -0.3841     0.0216    -0.4058    -0.3842     0.0216   2.807120   2.807216   0.000096    34.1694    34.1464     7.6191    27.4554    27.4358          2  0.000e+00
      38508 326.534311  -62.21706  -58.33796      0.082    1449.76      3.041      3.012    -0.4055    -0.3841     0.0214    -0.4056    -0.3842     0.0214   2.807120   2.807251   0.000131    34.1692    34.1468     7.6238    27.4552    27.4362          2  0.000e+00
      38509 326.534311  -62.21706  -58.33796      0.085    1449.76      2.987      2.958    -0.4057    -0.3843     0.0214    -0.4058    -0.3844     0.0214   2.807144   2.807222   0.000078    34.1697    34.1467     7.6189    27.4557    27.4360          2  0.000e+00
      38510 326.534312  -62.21706  -58.33796      0.085    1449.76      2.987      2.958    -0.4051    -0.3844     0.0207    -0.4052    -0.3845     0.0207   2.807174   2.807228   0.000054    34.1694    34.1469     7.6183    27.4554    27.4362          2  0.000e+00
      38511 326.534312  -62.21706  -58.33796      0.088    1449.76      3.041      3.012    -0.4055    -0.3849     0.0207    -0.4056    -0.3850     0.0207   2.807174   2.807239   0.000065    34.1699    34.1475     7.6231    27.4558    27.4368          2  0.000e+00
      38512 326.534313  -62.21706  -58.33796      0.090    1449.76      3.041      3.012    -0.4059    -0.3846     0.0213    -0.4060    -0.3847     0.0213   2.807174   2.807239   0.000065    34.1703    34.1472     7.6242    27.4562    27.4365          2  0.000e+00
      38513 326.534313  -62.21706  -58.33796      0.086    1449.76      2.987      2.958    -0.4060    -0.3847     0.0213    -0.4061    -0.3848     0.0213   2.807156   2.807234   0.000078    34.1702    34.1473     7.6244    27.4561    27.4366          2  0.000e+00
      38514 326.534314  -62.21706  -58.33796      0.091    1449.76      3.041      3.012    -0.4059    -0.3849     0.0210    -0.4060    -0.3850     0.0210   2.807192   2.807257   0.000065    34.1706    34.1478     7.6246    27.4564    27.4370          2  0.000e+00
      38515 326.534314  -62.21706  -58.33796      0.087    1449.76      2.987      2.958    -0.4049    -0.3847     0.0202    -0.4050    -0.3848     0.0202   2.807222   2.807268   0.000046    34.1699    34.1478     7.6246    27.4558    27.4370          2  0.000e+00
      38516 326.534315  -62.21706  -58.33796      0.088    1449.76      3.041      3.012    -0.4041    -0.3849     0.0193    -0.4042    -0.3850     0.0193   2.807252   2.807280   0.000028    34.1694    34.1481     7.6246    27.4554    27.4372          2  0.000e+00
