Pos-Processados/process_op38/operantar38_010.cnv
* Sea-Bird SBE 9 Data File:
* FileName = D:\OPERANTAR_XXXVIII\DADOS\OP38_010.hdr
* Software Version Seasave V 7.18c
* Temperature SN = 4808
* Conductivity SN = 3380
* Number of Bytes Per Scan = 31
* Number of Voltage Words = 2
* Number of Scans Averaged by the Deck Unit = 1
* NMEA Latitude = 43 58.12 S
* NMEA Longitude = 053 08.81 W
* NMEA UTC (Time) = Oct 20 2019 12:04:22
** H41
** NAVIO POLAR ALMIRANTE MAXIMIANO
** CRUZEIRO:
** OPERANTAR XXXVIII
** ESTAÇÃO: OP38_010
** LAT 43 58,10'S
** LONG 053 08,81'W
** 09P73767-1155
** PROFUNDIDADE: 5740
** DATA/HORA: 201205Z/OUT/19
** OPERADOR: SO-HN CHAVES
# nquan = 32
# nvalues = 2114                        
# units = specified
# name 0 = scan: Scan Count
# name 1 = timeJ: Julian Days
# name 2 = latitude: Latitude [deg]
# name 3 = longitude: Longitude [deg]
# name 4 = dz/dtM: Descent Rate [m/s]
# name 5 = avgsvCM: Average Sound Velocity [Chen-Millero, m/s]
# name 6 = prDM: Pressure, Digiquartz [db]
# name 7 = depSM: Depth [salt water, m]
# name 8 = t090C: Temperature [ITS-90, deg C]
# name 9 = t190C: Temperature, 2 [ITS-90, deg C]
# name 10 = T2-T190C: Temperature Difference, 2 - 1 [ITS-90, deg C]
# name 11 = potemp090C: Potential Temperature [ITS-90, deg C]
# name 12 = potemp190C: Potential Temperature, 2 [ITS-90, deg C]
# name 13 = potemp90Cdiff: Potential Temperature, Diff, 2 - 1 [ITS-90, deg C]
# name 14 = c0S/m: Conductivity [S/m]
# name 15 = c1S/m: Conductivity, 2 [S/m]
# name 16 = C2-C1S/m: Conductivity Difference, 2 - 1 [S/m]
# name 17 = sal00: Salinity, Practical [PSU]
# name 18 = sal11: Salinity, Practical, 2 [PSU]
# name 19 = sbeox0ML/L: Oxygen, SBE 43 [ml/l]
# name 20 = sbeox1ML/L: Oxygen, SBE 43, 2 [ml/l]
# name 21 = sbeox0ML/Ldiff: Oxygen, SBE 43, Diff, 2 - 1 [ml/l]
# name 22 = sigma-é00: Density [sigma-theta, kg/m^3]
# name 23 = sigma-é11: Density, 2 [sigma-theta, kg/m^3]
# name 24 = sal00: Salinity, Practical [PSU]
# name 25 = sigma-é00: Density [sigma-theta, kg/m^3]
# name 26 = svCM: Sound Velocity [Chen-Millero, m/s]
# name 27 = svCM1: Sound Velocity, 2 [Chen-Millero, m/s]
# name 28 = gsw_ptA0: potential temperature [ITS-90, deg C]
# name 29 = gsw_densityA0: density, TEOS-10 [density, kg/m^3]
# name 30 = gsw_saA0: Absolute Salinity [g/kg]
# name 31 = flag:
# span 0 =       2352,      69201       
# span 1 = 293.504166, 293.536404       
# span 2 =  -43.98455,  -43.96866       
# span 3 =  -53.14692,  -53.14225       
# span 4 =     -1.437,      1.453       
# span 5 =       0.00,    1508.42       
# span 6 =      2.000,   1059.000       
# span 7 =      2.030,   1047.827       
# span 8 =     3.7707,    14.2396       
# span 9 =     3.7720,    14.2437       
# span 10 =    -0.0510,     0.0271      
# span 11 =     3.6925,    14.2391      
# span 12 =     3.6937,    14.2432      
# span 13 =    -0.0508,     0.0269      
# span 14 =   3.216257,   4.299378      
# span 15 =   3.216731,   4.300119      
# span 16 =  -0.004643,   0.002914      
# span 17 =    34.1926,    35.6751      
# span 18 =    34.1978,    35.6808      
# span 19 =     4.8076,     5.8359      
# span 20 =     4.5977,     5.5663      
# span 21 =    -0.3055,    -0.1587      
# span 22 =    26.6565,    27.1971      
# span 23 =    26.6597,    27.2003      
# span 24 =    34.1902,    35.6743      
# span 25 =    26.6567,    27.1968      
# span 26 =    1481.80,    1511.03      
# span 27 =    1481.82,    1511.04      
# span 28 =     3.6923,    14.2391      
# span 29 =  1026.6710,  1032.0808      
# span 30 =    34.3548,    35.8431      
# span 31 = 0.0000e+00, 0.0000e+00      
# interval = decibars: 1                
# start_time = Oct 20 2019 12:04:22 [NMEA time, header]
# bad_flag = -9.990e-29
*END*
[from data line 1179]
      37690 293.521208  -43.97458  -53.14518     -1.149    1496.44    936.000    926.401     4.2214     4.2246     0.0033     4.1499     4.1531     0.0032   3.248557   3.249402   0.000746    34.1969    34.2023     5.5107     5.2571    -0.2536    27.1318    27.1357    34.1954    27.1306    1481.90    1481.92     4.1497  1031.4423    34.3600 0.0000e+00
      37713 293.521219  -43.97460  -53.14518     -1.111    1496.44    935.000    925.414     4.2137     4.2156     0.0019     4.1423     4.1442     0.0019   3.247799   3.248229   0.000509    34.1961    34.2000     5.5469     5.2908    -0.2561    27.1319    27.1348    34.1950    27.1310    1481.85    1481.86     4.1421  1031.4384    34.3596 0.0000e+00
      37738 293.521231  -43.97460  -53.14518     -1.002    1496.44    934.000    924.426     4.2125     4.2129     0.0005     4.1412     4.1416     0.0004   3.247533   3.248026   0.000457    34.1947    34.1996     5.5745     5.3225    -0.2521    27.1309    27.1347    34.1936    27.1300    1481.82    1481.83     4.1410  1031.4329    34.3582 0.0000e+00
      37763 293.521243  -43.97460  -53.14518     -0.954    1496.44    933.000    923.438     4.2144     4.2157     0.0013     4.1432     4.1445     0.0013   3.247709   3.248235   0.000523    34.1943    34.1991     5.5991     5.3410    -0.2582    27.1304    27.1341    34.1941    27.1302    1481.82    1481.83     4.1430  1031.4285    34.3587 0.0000e+00
      37786 293.521254  -43.97462  -53.14518     -1.010    1496.44    932.000    922.451     4.2197     4.2204     0.0007     4.1486     4.1493     0.0006   3.248129   3.248573   0.000461    34.1941    34.1988     5.6175     5.3567    -0.2608    27.1297    27.1334    34.1941    27.1296    1481.82    1481.83     4.1484  1031.4232    34.3587 0.0000e+00
      37807 293.521264  -43.97462  -53.14518     -1.090    1496.44    931.000    921.463     4.2221     4.2226     0.0004     4.1511     4.1515     0.0004   3.248248   3.248726   0.000458    34.1938    34.1987     5.6325     5.3695    -0.2630    27.1292    27.1330    34.1935    27.1289    1481.82    1481.82     4.1509  1031.4179    34.3581 0.0000e+00
      37827 293.521274  -43.97462  -53.14516     -1.145    1496.44    930.000    920.475     4.2231     4.2251     0.0020     4.1521     4.1541     0.0020   3.248267   3.248878   0.000621    34.1932    34.1984     5.6382     5.3804    -0.2579    27.1286    27.1325    34.1932    27.1286    1481.80    1481.82     4.1519  1031.4129    34.3578 0.0000e+00
      37848 293.521284  -43.97463  -53.14516     -1.171    1496.44    929.000    919.488     4.2277     4.2293     0.0015     4.1568     4.1583     0.0015   3.248583   3.249244   0.000598    34.1926    34.1980     5.6390     5.3924    -0.2466    27.1276    27.1318    34.1926    27.1276    1481.81    1481.82     4.1566  1031.4074    34.3572 0.0000e+00
      37868 293.521294  -43.97464  -53.14516     -1.182    1496.44    928.000    918.501     4.2349     4.2383     0.0033     4.1640     4.1673     0.0033   3.249348   3.249950   0.000666    34.1935    34.1979     5.6388     5.3985    -0.2403    27.1276    27.1307    34.1947    27.1285    1481.82    1481.84     4.1638  1031.4035    34.3593 0.0000e+00
      37889 293.521304  -43.97465  -53.14516     -1.170    1496.44    927.000    917.513     4.2408     4.2423     0.0015     4.1699     4.1714     0.0015   3.249772   3.250311   0.000547    34.1929    34.1978     5.6365     5.4002    -0.2363    27.1265    27.1303    34.1941    27.1274    1481.83    1481.84     4.1697  1031.3977    34.3587 0.0000e+00
      37910 293.521314  -43.97466  -53.14516     -1.148    1496.44    926.000    916.525     4.2536     4.2519    -0.0017     4.1827     4.1810    -0.0017   3.250881   3.251208   0.000308    34.1930    34.1984     5.6391     5.4027    -0.2364    27.1252    27.1297    34.1944    27.1263    1481.86    1481.87     4.1825  1031.3917    34.3590 0.0000e+00
      37931 293.521324  -43.97466  -53.14516     -1.130    1496.44    925.000    915.538     4.2565     4.2697     0.0131     4.1857     4.1987     0.0130   3.251180   3.252964   0.001693    34.1937    34.1999     5.6488     5.4039    -0.2449    27.1254    27.1290    34.1954    27.1268    1481.86    1481.93     4.1855  1031.3875    34.3600 0.0000e+00
      37953 293.521335  -43.97466  -53.14516     -1.121    1496.44    924.000    914.550     4.2709     4.2767     0.0057     4.2001     4.2058     0.0057   3.252427   3.253327   0.000941    34.1947    34.1998     5.6527     5.4053    -0.2474    27.1247    27.1282    34.1956    27.1255    1481.90    1481.93     4.1999  1031.3813    34.3602 0.0000e+00
      37973 293.521345  -43.97468  -53.14516     -1.135    1496.44    923.000    913.563     4.2725     4.2736     0.0011     4.2017     4.2028     0.0011   3.252611   3.253134   0.000527    34.1952    34.2002     5.6448     5.4084    -0.2364    27.1250    27.1289    34.1967    27.1261    1481.90    1481.91     4.2015  1031.3774    34.3613 0.0000e+00
      37994 293.521355  -43.97468  -53.14516     -1.169    1496.44    922.000    912.575     4.2759     4.2779     0.0019     4.2053     4.2071     0.0019   3.252807   3.253374   0.000570    34.1948    34.1996     5.6398     5.4061    -0.2338    27.1243    27.1279    34.1959    27.1252    1481.89    1481.91     4.2050  1031.3718    34.3605 0.0000e+00
      38015 293.521365  -43.97468  -53.14516     -1.172    1496.44    921.000    911.587     4.2773     4.2783     0.0010     4.2066     4.2077     0.0010   3.252880   3.253407   0.000523    34.1947    34.1998     5.6399     5.3994    -0.2405    27.1241    27.1280    34.1959    27.1250    1481.88    1481.89     4.2065  1031.3670    34.3605 0.0000e+00
      38040 293.521377  -43.97469  -53.14516     -1.050    1496.44    920.000    910.600     4.2822     4.2841     0.0019     4.2116     4.2135     0.0019   3.253367   3.253912   0.000571    34.1955    34.2002     5.6356     5.3894    -0.2462    27.1242    27.1277    34.1970    27.1253    1481.89    1481.90     4.2114  1031.3627    34.3616 0.0000e+00
      38070 293.521392  -43.97470  -53.14516     -0.823    1496.44    919.000    909.613     4.2912     4.3017     0.0105     4.2206     4.2311     0.0105   3.254128   3.255837   0.001486    34.1959    34.2024     5.6267     5.3854    -0.2413    27.1236    27.1276    34.1972    27.1245    1481.91    1481.96     4.2204  1031.3571    34.3617 0.0000e+00
      38098 293.521405  -43.97472  -53.14514     -0.810    1496.44    918.000    908.625     4.3164     4.3395     0.0230     4.2457     4.2686     0.0229   3.256683   3.259228   0.002561    34.1979    34.2041     5.6252     5.3829    -0.2424    27.1225    27.1250    34.2015    27.1254    1482.00    1482.11     4.2455  1031.3527    34.3661 0.0000e+00
      38121 293.521416  -43.97472  -53.14514     -0.955    1496.44    917.000    907.637     4.3298     4.3372     0.0074     4.2591     4.2664     0.0073   3.258054   3.258932   0.001020    34.1997    34.2040     5.6239     5.3915    -0.2324    27.1224    27.1251    34.2042    27.1261    1482.04    1482.08     4.2589  1031.3486    34.3689 0.0000e+00
      38141 293.521426  -43.97472  -53.14514     -1.108    1496.44    916.000    906.649     4.3444     4.3599     0.0155     4.2736     4.2890     0.0154   3.259105   3.261409   0.002156    34.1993    34.2085     5.6251     5.3913    -0.2338    27.1206    27.1263    34.2020    27.1228    1482.09    1482.16     4.2735  1031.3404    34.3666 0.0000e+00
      38159 293.521434  -43.97473  -53.14514     -1.232    1496.44    915.000    905.662     4.3644     4.3874     0.0230     4.2936     4.3165     0.0228   3.261305   3.263791   0.002586    34.2023    34.2088     5.6222     5.3828    -0.2394    27.1209    27.1236    34.2076    27.1251    1482.16    1482.26     4.2935  1031.3376    34.3722 0.0000e+00
      38178 293.521443  -43.97474  -53.14514     -1.304    1496.44    914.000    904.674     4.3845     4.3989     0.0144     4.3136     4.3280     0.0143   3.263083   3.264883   0.001781    34.2034    34.2093     5.6132     5.3761    -0.2371    27.1196    27.1228    34.2082    27.1234    1482.23    1482.29     4.3134  1031.3309    34.3728 0.0000e+00
      38197 293.521452  -43.97474  -53.14514     -1.302    1496.44    913.000    903.687     4.4117     4.4161     0.0044     4.3407     4.3452     0.0044   3.265643   3.266351   0.000797    34.2057    34.2104     5.6048     5.3693    -0.2354    27.1185    27.1218    34.2106    27.1224    1482.33    1482.35     4.3406  1031.3247    34.3752 0.0000e+00
      38217 293.521462  -43.97476  -53.14514     -1.240    1496.44    912.000    902.698     4.4255     4.4227    -0.0028     4.3546     4.3517    -0.0028   3.266849   3.267127   0.000234    34.2061    34.2118     5.5976     5.3636    -0.2340    27.1174    27.1222    34.2109    27.1212    1482.37    1482.36     4.3544  1031.3186    34.3755 0.0000e+00
      38238 293.521472  -43.97476  -53.14514     -1.182    1496.44    911.000    901.711     4.4417     4.4435     0.0018     4.3708     4.3725     0.0018   3.268294   3.268834   0.000569    34.2075    34.2123     5.5854     5.3491    -0.2364    27.1168    27.1204    34.2115    27.1200    1482.42    1482.43     4.3705  1031.3124    34.3762 0.0000e+00
      38260 293.521483  -43.97476  -53.14514     -1.109    1496.44    910.000    900.724     4.4477     4.4501     0.0024     4.3768     4.3791     0.0024   3.268695   3.269257   0.000635    34.2070    34.2119     5.5729     5.3449    -0.2279    27.1157    27.1194    34.2106    27.1186    1482.43    1482.44     4.3766  1031.3063    34.3752 0.0000e+00
      38288 293.521496  -43.97478  -53.14514     -0.953    1496.44    909.000    899.736     4.4275     4.4272    -0.0003     4.3568     4.3565    -0.0003   3.266469   3.266956   0.000381    34.2064    34.2111     5.5615     5.3329    -0.2286    27.1174    27.1211    34.2059    27.1170    1482.32    1482.33     4.3566  1031.3007    34.3705 0.0000e+00
      38316 293.521510  -43.97478  -53.14514     -0.829    1496.44    908.000    898.748     4.4381     4.4602     0.0221     4.3674     4.3894     0.0220   3.267994   3.270375   0.002476    34.2068    34.2129     5.5448     5.3115    -0.2333    27.1166    27.1191    34.2133    27.1217    1482.36    1482.45     4.3672  1031.3006    34.3779 0.0000e+00
      38338 293.521521  -43.97478  -53.14514     -0.956    1496.44    907.000    897.761     4.4643     4.4652     0.0008     4.3935     4.3944     0.0008   3.269813   3.270374   0.000534    34.2060    34.2113     5.5422     5.3168    -0.2254    27.1132    27.1173    34.2080    27.1147    1482.44    1482.45     4.3934  1031.2884    34.3726 0.0000e+00
      38356 293.521529  -43.97480  -53.14514     -1.154    1496.44    906.000    896.773     4.4641     4.4670     0.0028     4.3934     4.3962     0.0028   3.269823   3.270466   0.000695    34.2059    34.2111     5.5589     5.3308    -0.2282    27.1131    27.1169    34.2088    27.1154    1482.43    1482.44     4.3932  1031.2846    34.3734 0.0000e+00
      38373 293.521537  -43.97480  -53.14513     -1.314    1496.44    905.000    895.785     4.4667     4.4687     0.0019     4.3961     4.3980     0.0019   3.269874   3.270445   0.000569    34.2050    34.2096     5.5732     5.3394    -0.2338    27.1121    27.1155    34.2072    27.1138    1482.42    1482.43     4.3959  1031.2784    34.3718 0.0000e+00
      38391 293.521546  -43.97480  -53.14512     -1.386    1496.44    904.000    894.798     4.4684     4.4729     0.0045     4.3979     4.4023     0.0045   3.269975   3.270773   0.000799    34.2049    34.2095     5.5747     5.3368    -0.2380    27.1118    27.1150    34.2072    27.1136    1482.41    1482.43     4.3977  1031.2736    34.3717 0.0000e+00
      38411 293.521556  -43.97480  -53.14512     -1.325    1496.44    903.000    893.810     4.4733     4.4765     0.0032     4.4028     4.4059     0.0032   3.270250   3.271035   0.000749    34.2040    34.2094     5.5679     5.3347    -0.2332    27.1106    27.1145    34.2059    27.1120    1482.41    1482.43     4.4026  1031.2673    34.3704 0.0000e+00
      38434 293.521567  -43.97482  -53.14512     -1.131    1496.44    902.000    892.822     4.4704     4.4743     0.0039     4.4000     4.4039     0.0039   3.269989   3.270818   0.000837    34.2047    34.2104     5.5760     5.3393    -0.2367    27.1114    27.1155    34.2063    27.1127    1482.38    1482.41     4.3998  1031.2635    34.3708 0.0000e+00
      38459 293.521579  -43.97482  -53.14512     -0.988    1496.44    901.000    891.835     4.4729     4.4848     0.0119     4.4026     4.4144     0.0118   3.270304   3.271756   0.001455    34.2055    34.2102     5.5923     5.3493    -0.2430    27.1117    27.1142    34.2079    27.1137    1482.38    1482.43     4.4024  1031.2599    34.3724 0.0000e+00
      38482 293.521590  -43.97484  -53.14512     -0.995    1496.44    900.000    890.847     4.4864     4.4937     0.0073     4.4160     4.4233     0.0072   3.271397   3.272477   0.001071    34.2050    34.2100     5.5977     5.3594    -0.2383    27.1099    27.1131    34.2073    27.1117    1482.41    1482.45     4.4158  1031.2530    34.3718 0.0000e+00
      38504 293.521601  -43.97484  -53.14512     -1.059    1496.44    899.000    889.859     4.4912     4.4961     0.0050     4.4209     4.4258     0.0049   3.271766   3.272675   0.000896    34.2052    34.2105     5.5966     5.3609    -0.2357    27.1096    27.1133    34.2071    27.1111    1482.42    1482.45     4.4207  1031.2478    34.3717 0.0000e+00
      38526 293.521611  -43.97484 -9.990e-29     -1.100    1496.44    898.000    888.871     4.4961     4.5057     0.0097     4.4258     4.4354     0.0096   3.272139   3.273396   0.001282    34.2053    34.2102     5.5961     5.3564    -0.2397    27.1091    27.1120    34.2069    27.1104    1482.42    1482.47     4.4256  1031.2424    34.3715 0.0000e+00
      38548 293.521622  -43.97486 -9.990e-29     -1.104    1496.44    897.000    887.884     4.5026     4.5100     0.0074     4.4324     4.4398     0.0074   3.272784   3.273814   0.001038    34.2058    34.2103     5.5987     5.3561    -0.2426    27.1088    27.1115    34.2083    27.1108    1482.44    1482.47     4.4322  1031.2381    34.3729 0.0000e+00
      38570 293.521632  -43.97486 -9.990e-29     -1.081    1496.44    896.000    886.896     4.5095     4.5114     0.0019     4.4393     4.4412     0.0019   3.273210   3.273725   0.000553    34.2049    34.2094     5.5992     5.3552    -0.2441    27.1073    27.1107    34.2066    27.1087    1482.44    1482.46     4.4391  1031.2313    34.3712 0.0000e+00
      38593 293.521644  -43.97486  -53.14510     -1.047    1496.44    895.000    885.908     4.5115     4.5121     0.0006     4.4414     4.4420     0.0006   3.273273   3.273737   0.000476    34.2044    34.2093     5.5947     5.3611    -0.2336    27.1067    27.1105    34.2058    27.1078    1482.43    1482.44     4.4412  1031.2258    34.3704 0.0000e+00
      38616 293.521655  -43.97487  -53.14510     -1.034    1496.44    894.000    884.920     4.5119     4.5125     0.0006     4.4419     4.4425     0.0006   3.273247   3.273739   0.000497    34.2043    34.2094     5.5958     5.3630    -0.2328    27.1066    27.1106    34.2056    27.1076    1482.42    1482.43     4.4417  1031.2210    34.3701 0.0000e+00
      38640 293.521666  -43.97488  -53.14510     -1.044    1496.44    893.000    883.933     4.5126     4.5133     0.0007     4.4426     4.4433     0.0007   3.273237   3.273681   0.000462    34.2042    34.2088     5.6014     5.3624    -0.2389    27.1064    27.1100    34.2053    27.1073    1482.41    1482.41     4.4424  1031.2161    34.3698 0.0000e+00
