Pos-Processados/process_op38/operantar38_022.cnv
* Sea-Bird SBE 9 Data File:
* FileName = D:\OPERANTAR_XXXVIII\DADOS\OP38_022.hdr
* Software Version Seasave V 7.18c
* Temperature SN = 4808
* Conductivity SN = 3380
* Number of Bytes Per Scan = 34
* Number of Voltage Words = 3
* Number of Scans Averaged by the Deck Unit = 1
* NMEA Latitude = 62 12.34 S
* NMEA Longitude = 058 18.00 W
* NMEA UTC (Time) = Nov 22 2019 17:26:52
** H41
** NAVIO POLAR ALMIRANTE MAXIMIANO
** CRUZEIRO:
** OPERANTAR XXXVIII
** ESTAÇÃO: OP38_022
** LAT 62 12,33'S
** LONG 058 18,01'W
** 09P73767-1155_A
** PROFUNDIDADE: 200
** DATA/HORA: 221727Z/NOV/2019
** OPERADOR: SO-HN CHAVES
# nquan = 32
# nvalues = 319                         
# units = specified
# name 0 = scan: Scan Count
# name 1 = timeJ: Julian Days
# name 2 = latitude: Latitude [deg]
# name 3 = longitude: Longitude [deg]
# name 4 = dz/dtM: Descent Rate [m/s]
# name 5 = avgsvCM: Average Sound Velocity [Chen-Millero, m/s]
# name 6 = prDM: Pressure, Digiquartz [db]
# name 7 = depSM: Depth [salt water, m]
# name 8 = t090C: Temperature [ITS-90, deg C]
# name 9 = t190C: Temperature, 2 [ITS-90, deg C]
# name 10 = T2-T190C: Temperature Difference, 2 - 1 [ITS-90, deg C]
# name 11 = potemp090C: Potential Temperature [ITS-90, deg C]
# name 12 = potemp190C: Potential Temperature, 2 [ITS-90, deg C]
# name 13 = potemp90Cdiff: Potential Temperature, Diff, 2 - 1 [ITS-90, deg C]
# name 14 = c0S/m: Conductivity [S/m]
# name 15 = c1S/m: Conductivity, 2 [S/m]
# name 16 = C2-C1S/m: Conductivity Difference, 2 - 1 [S/m]
# name 17 = sal00: Salinity, Practical [PSU]
# name 18 = sal11: Salinity, Practical, 2 [PSU]
# name 19 = sbeox0ML/L: Oxygen, SBE 43 [ml/l]
# name 20 = sbeox1ML/L: Oxygen, SBE 43, 2 [ml/l]
# name 21 = sbeox0ML/Ldiff: Oxygen, SBE 43, Diff, 2 - 1 [ml/l]
# name 22 = sigma-é00: Density [sigma-theta, kg/m^3]
# name 23 = sigma-é11: Density, 2 [sigma-theta, kg/m^3]
# name 24 = sal00: Salinity, Practical [PSU]
# name 25 = sigma-é00: Density [sigma-theta, kg/m^3]
# name 26 = svCM: Sound Velocity [Chen-Millero, m/s]
# name 27 = svCM1: Sound Velocity, 2 [Chen-Millero, m/s]
# name 28 = gsw_ptA0: potential temperature [ITS-90, deg C]
# name 29 = gsw_densityA0: density, TEOS-10 [density, kg/m^3]
# name 30 = gsw_saA0: Absolute Salinity [g/kg]
# name 31 = flag:
# span 0 =       6928,      21572       
# span 1 = 326.730331, 326.737394       
# span 2 =  -62.20580,  -62.20578       
# span 3 =  -58.30022,  -58.30014       
# span 4 =     -0.792,      0.793       
# span 5 =       0.00,    1447.14       
# span 6 =      2.000,    161.000       
# span 7 =      1.984,    159.386       
# span 8 =    -0.6207,    -0.1534       
# span 9 =    -0.6204,    -0.1516       
# span 10 =    -0.0084,     0.0053      
# span 11 =    -0.6256,    -0.1535      
# span 12 =    -0.6252,    -0.1517      
# span 13 =    -0.0084,     0.0053      
# span 14 =   2.801078,   2.825232      
# span 15 =   2.801494,   2.825765      
# span 16 =  -0.000165,   0.000759      
# span 17 =    34.1280,    34.2507      
# span 18 =    34.1330,    34.2560      
# span 19 =     7.1906,     7.7114      
# span 20 =     6.8827,     7.4450      
# span 21 =    -0.3717,    -0.2159      
# span 22 =    27.4100,    27.5310      
# span 23 =    27.4139,    27.5352      
# span 24 =    34.1271,    34.2507      
# span 25 =    27.4098,    27.5309      
# span 26 =    1446.53,    1447.88      
# span 27 =    1446.53,    1447.88      
# span 28 =    -0.6254,    -0.1535      
# span 29 =  1027.4242,  1028.3062      
# span 30 =    34.2918,    34.4175      
# span 31 = 0.0000e+00, 0.0000e+00      
# interval = decibars: 1                
# start_time = Nov 22 2019 17:26:52 [NMEA time, header]
# bad_flag = -9.990e-29
*END*
       6928 326.730331  -62.20578  -58.30014      0.125       0.00      2.000      1.986    -0.1591    -0.1596    -0.0005    -0.1592    -0.1597    -0.0005   2.824724   2.825063   0.000339    34.1282    34.1332     7.6802     7.3874    -0.2929    27.4104    27.4145    34.1284    27.4106    1447.27    1447.28    -0.1592  1027.4242    34.2927 0.0000e+00
       7162 326.730444  -62.20578  -58.30016      0.279       0.00      3.000      2.972    -0.1534    -0.1516     0.0018    -0.1535    -0.1517     0.0018   2.825232   2.825765   0.000526    34.1280    34.1330     7.6871     7.3716    -0.3155    27.4100    27.4139    34.1282    27.4101    1447.31    1447.33    -0.1535  1027.4288    34.2927 0.0000e+00
       7207 326.730466  -62.20578  -58.30016      0.458       0.00      4.000      3.962    -0.1553    -0.1542     0.0011    -0.1554    -0.1543     0.0011   2.825110   2.825584   0.000470    34.1282    34.1332     7.6877     7.3379    -0.3497    27.4102    27.4143    34.1280    27.4101    1447.32    1447.33    -0.1554  1027.4336    34.2927 0.0000e+00
       7257 326.730490  -62.20578  -58.30016      0.479       0.00      5.000      4.952    -0.1640    -0.1631     0.0010    -0.1642    -0.1632     0.0010   2.824437   2.824899   0.000464    34.1286    34.1337     7.6975     7.3287    -0.3688    27.4110    27.4151    34.1283    27.4107    1447.30    1447.31    -0.1642  1027.4390    34.2930 0.0000e+00
       7308 326.730514  -62.20578  -58.30016      0.472       0.00      6.000      5.942    -0.1633    -0.1656    -0.0023    -0.1635    -0.1658    -0.0023   2.824579   2.824774   0.000207    34.1285    34.1338     7.6966     7.3513    -0.3454    27.4109    27.4153    34.1288    27.4111    1447.32    1447.31    -0.1635  1027.4442    34.2935 0.0000e+00
       7355 326.730537  -62.20578  -58.30016      0.501       0.00      7.000      6.933    -0.1617    -0.1610     0.0007    -0.1619    -0.1612     0.0007   2.824711   2.825157   0.000441    34.1284    34.1334     7.6980     7.3851    -0.3130    27.4107    27.4147    34.1281    27.4105    1447.34    1447.35    -0.1619  1027.4483    34.2928 0.0000e+00
       7403 326.730561  -62.20578  -58.30016      0.504       0.00      8.000      7.920    -0.1662    -0.1693    -0.0030    -0.1665    -0.1695    -0.0030   2.824492   2.824534   0.000105    34.1292    34.1340     7.7021     7.3971    -0.3051    27.4116    27.4156    34.1296    27.4119    1447.34    1447.33    -0.1665  1027.4545    34.2943 0.0000e+00
       7455 326.730585  -62.20578  -58.30017      0.462 1.4201e-22      9.000      8.916    -0.1645    -0.1608     0.0036    -0.1647    -0.1611     0.0036   2.824495   2.825211   0.000666    34.1287    34.1335     7.6915     7.4063    -0.2851    27.4111    27.4148    34.1271    27.4098    1447.36    1447.38    -0.1648  1027.4572    34.2918 0.0000e+00
       7502 326.730608  -62.20578  -58.30018      0.511       0.11     10.000      9.904    -0.1917    -0.1919    -0.0002    -0.1921    -0.1922    -0.0002   2.822501   2.822871   0.000372    34.1313    34.1365     7.6832     7.4085    -0.2747    27.4146    27.4187    34.1305    27.4139    1447.25    1447.26    -0.1920  1027.4661    34.2952 0.0000e+00
       7545 326.730629  -62.20578  -58.30018      0.550       0.00     11.000     10.894    -0.1932    -0.1926     0.0005    -0.1935    -0.1930     0.0005   2.822415   2.822838   0.000420    34.1312    34.1362     7.6744     7.3900    -0.2845    27.4145    27.4186    34.1303    27.4138    1447.26    1447.27    -0.1935  1027.4708    34.2950 0.0000e+00
       7588 326.730649  -62.20578  -58.30018      0.569 1.5972e-26     12.000     11.884    -0.1955    -0.1950     0.0005    -0.1958    -0.1954     0.0005   2.822309   2.822714   0.000411    34.1315    34.1365     7.6812     7.3849    -0.2963    27.4149    27.4189    34.1309    27.4144    1447.27    1447.28    -0.1959  1027.4761    34.2955 0.0000e+00
       7629 326.730669  -62.20578  -58.30018      0.584       0.06     13.000     12.875    -0.1976    -0.1967     0.0010    -0.1981    -0.1971     0.0009   2.822157   2.822613   0.000447    34.1314    34.1363     7.6947     7.3838    -0.3109    27.4149    27.4188    34.1306    27.4143    1447.27    1447.29    -0.1980  1027.4808    34.2953 0.0000e+00
       7669 326.730689  -62.20578  -58.30018      0.592      -0.00     14.000     13.865    -0.1981    -0.1992    -0.0011    -0.1985    -0.1997    -0.0011   2.822203   2.822477   0.000283    34.1315    34.1366     7.6922     7.3713    -0.3208    27.4150    27.4192    34.1311    27.4147    1447.29    1447.29    -0.1985  1027.4860    34.2958 0.0000e+00
       7710 326.730709  -62.20578  -58.30018      0.584 4.9614e-35     15.000     14.856    -0.2135    -0.2093     0.0042    -0.2140    -0.2098     0.0042   2.820918   2.821628   0.000697    34.1325    34.1370     7.6867     7.3884    -0.2983    27.4165    27.4200    34.1307    27.4151    1447.23    1447.26    -0.2140  1027.4912    34.2954 0.0000e+00
       7753 326.730729  -62.20578  -58.30018      0.560       0.03     16.000     15.846    -0.2219    -0.2236    -0.0017    -0.2224    -0.2241    -0.0017   2.820327   2.820562   0.000239    34.1331    34.1382     7.6838     7.4062    -0.2777    27.4174    27.4216    34.1316    27.4163    1447.21    1447.21    -0.2224  1027.4970    34.2962 0.0000e+00
       7796 326.730750  -62.20578  -58.30018      0.559       0.13     17.000     16.836    -0.2347    -0.2344     0.0003    -0.2353    -0.2350     0.0003   2.819385   2.819783   0.000394    34.1342    34.1391     7.6985     7.4263    -0.2722    27.4190    27.4229    34.1328    27.4178    1447.17    1447.18    -0.2353  1027.5034    34.2974 0.0000e+00
       7836 326.730769  -62.20578  -58.30018      0.592       0.00     18.000     17.826    -0.2461    -0.2451     0.0011    -0.2467    -0.2457     0.0011   2.818759   2.819188   0.000433    34.1380    34.1426     7.7047     7.4291    -0.2756    27.4226    27.4263    34.1366    27.4215    1447.14    1447.15    -0.2467  1027.5118    34.3012 0.0000e+00
       7875 326.730788  -62.20578  -58.30018      0.621 1.8603e-14     19.000     18.817    -0.2502    -0.2496     0.0006    -0.2509    -0.2502     0.0006   2.818569   2.818982   0.000411    34.1393    34.1441     7.7114     7.4238    -0.2876    27.4239    27.4277    34.1381    27.4228    1447.14    1447.15    -0.2508  1027.5179    34.3027 0.0000e+00
       7913 326.730806  -62.20578  -58.30018      0.631     286.39     20.000     19.807    -0.2568    -0.2564     0.0004    -0.2574    -0.2570     0.0004   2.818220   2.818625   0.000407    34.1415    34.1465     7.7078     7.4186    -0.2892    27.4259    27.4299    34.1401    27.4248    1447.13    1447.14    -0.2574  1027.5247    34.3047 0.0000e+00
       7954 326.730826  -62.20578  -58.30018      0.597    1435.11     21.000     20.797    -0.2709    -0.2703     0.0006    -0.2716    -0.2710     0.0006   2.817309   2.817727   0.000418    34.1451    34.1500     7.7081     7.4143    -0.2938    27.4295    27.4334    34.1432    27.4280    1447.08    1447.09    -0.2716  1027.5326    34.3078 0.0000e+00
       7995 326.730846  -62.20578  -58.30018      0.574    1447.14     22.000     21.788    -0.2886    -0.2874     0.0012    -0.2893    -0.2881     0.0012   2.816057   2.816516   0.000452    34.1484    34.1531     7.7064     7.4148    -0.2915    27.4330    27.4368    34.1457    27.4309    1447.02    1447.03    -0.2893  1027.5403    34.3104 0.0000e+00
       8034 326.730865  -62.20578  -58.30018      0.612    1447.14     23.000     22.778    -0.3198    -0.3189     0.0008    -0.3205    -0.3197     0.0008   2.813854   2.814273   0.000428    34.1540    34.1589     7.6930     7.4233    -0.2697    27.4390    27.4429    34.1507    27.4363    1446.90    1446.91    -0.3205  1027.5506    34.3153 0.0000e+00
       8072 326.730883  -62.20578  -58.30018      0.637    1447.14     24.000     23.768    -0.3355    -0.3356    -0.0001    -0.3363    -0.3363    -0.0001   2.812773   2.813148   0.000370    34.1559    34.1609     7.6825     7.4120    -0.2705    27.4413    27.4454    34.1533    27.4392    1446.85    1446.85    -0.3362  1027.5583    34.3180 0.0000e+00
       8110 326.730901  -62.20578  -58.30018      0.626    1447.14     25.000     24.759    -0.3399    -0.3392     0.0006    -0.3406    -0.3400     0.0006   2.812513   2.812935   0.000421    34.1561    34.1610     7.6701     7.3860    -0.2841    27.4416    27.4456    34.1540    27.4400    1446.84    1446.85    -0.3407  1027.5639    34.3187 0.0000e+00
       8149 326.730920  -62.20578  -58.30018      0.614    1447.14     26.000     25.749    -0.3407    -0.3401     0.0007    -0.3415    -0.3409     0.0007   2.812512   2.812920   0.000412    34.1559    34.1607     7.6381     7.3863    -0.2519    27.4416    27.4454    34.1544    27.4403    1446.86    1446.86    -0.3415  1027.5690    34.3191 0.0000e+00
       8189 326.730939  -62.20578  -58.30018      0.606    1447.14     27.000     26.739    -0.3408    -0.3401     0.0007    -0.3417    -0.3410     0.0007   2.812563   2.812970   0.000406    34.1558    34.1605     7.6452     7.3758    -0.2694    27.4415    27.4453    34.1546    27.4405    1446.87    1446.88    -0.3416  1027.5739    34.3193 0.0000e+00
       8225 326.730957  -62.20578  -58.30018      0.658    1447.14     28.000     27.729    -0.3417    -0.3410     0.0007    -0.3426    -0.3419     0.0007   2.812546   2.812952   0.000402    34.1559    34.1605     7.6490     7.3693    -0.2797    27.4415    27.4453    34.1547    27.4406    1446.88    1446.89    -0.3426  1027.5789    34.3195 0.0000e+00
       8257 326.730972  -62.20578  -58.30018      0.731    1447.14     29.000     28.720    -0.3440    -0.3433     0.0007    -0.3449    -0.3442     0.0007   2.812407   2.812820   0.000415    34.1559    34.1606     7.6608     7.3724    -0.2884    27.4417    27.4455    34.1548    27.4408    1446.89    1446.90    -0.3449  1027.5838    34.3196 0.0000e+00
       8295 326.730990  -62.20578  -58.30018      0.660    1447.14     30.000     29.709    -0.3494    -0.3485     0.0009    -0.3504    -0.3494     0.0009   2.812007   2.812436   0.000430    34.1561    34.1608     7.6511     7.3752    -0.2759    27.4421    27.4459    34.1550    27.4412    1446.88    1446.89    -0.3503  1027.5891    34.3198 0.0000e+00
       8340 326.731012  -62.20578  -58.30018      0.525    1447.14     31.000     30.701    -0.3549    -0.3545     0.0004    -0.3559    -0.3555     0.0004   2.811641   2.812033   0.000394    34.1565    34.1613     7.6479     7.3701    -0.2778    27.4427    27.4465    34.1556    27.4419    1446.87    1446.88    -0.3558  1027.5946    34.3204 0.0000e+00
       8378 326.731030  -62.20578  -58.30018      0.614    1447.14     32.000     31.690    -0.3606    -0.3616    -0.0010    -0.3616    -0.3626    -0.0010   2.811184   2.811457   0.000280    34.1565    34.1615     7.6455     7.3659    -0.2796    27.4430    27.4470    34.1553    27.4420    1446.86    1446.86    -0.3616  1027.5994    34.3201 0.0000e+00
       8411 326.731047  -62.20579  -58.30018      0.709    1447.14     33.000     32.681    -0.3768    -0.3792    -0.0025    -0.3778    -0.3803    -0.0025   2.809785   2.809949   0.000165    34.1569    34.1618     7.6343     7.3667    -0.2676    27.4440    27.4481    34.1541    27.4418    1446.80    1446.80    -0.3778  1027.6040    34.3189 0.0000e+00
       8447 326.731064  -62.20580  -58.30018      0.679    1447.14     34.000     33.671    -0.3911    -0.3905     0.0006    -0.3922    -0.3916     0.0006   2.808865   2.809270   0.000405    34.1587    34.1635     7.6326     7.3558    -0.2768    27.4462    27.4500    34.1573    27.4450    1446.75    1446.76    -0.3921  1027.6120    34.3221 0.0000e+00
       8484 326.731082  -62.20580  -58.30018      0.652    1447.14     35.000     34.661    -0.3938    -0.3933     0.0006    -0.3949    -0.3944     0.0006   2.808785   2.809184   0.000399    34.1600    34.1647     7.6158     7.3507    -0.2651    27.4473    27.4511    34.1587    27.4462    1446.76    1446.77    -0.3949  1027.6181    34.3235 0.0000e+00
       8517 326.731098  -62.20580  -58.30018      0.705    1447.14     36.000     35.651    -0.3958    -0.3956     0.0002    -0.3969    -0.3967     0.0002   2.808719   2.809102   0.000382    34.1609    34.1657     7.6204     7.3426    -0.2778    27.4481    27.4520    34.1594    27.4469    1446.77    1446.78    -0.3969  1027.6236    34.3243 0.0000e+00
       8552 326.731114  -62.20580  -58.30018      0.708    1447.14     37.000     36.642    -0.4102    -0.4101     0.0001    -0.4113    -0.4112     0.0001   2.807670   2.808052   0.000381    34.1630    34.1679     7.6209     7.3360    -0.2849    27.4505    27.4545    34.1609    27.4488    1446.72    1446.73    -0.4113  1027.6303    34.3258 0.0000e+00
       8589 326.731132  -62.20580  -58.30018      0.653    1447.14     38.000     37.632    -0.4280    -0.4276     0.0005    -0.4292    -0.4287     0.0005   2.806512   2.806903   0.000393    34.1671    34.1718     7.6242     7.3444    -0.2798    27.4546    27.4584    34.1648    27.4528    1446.66    1446.67    -0.4292  1027.6390    34.3297 0.0000e+00
       8625 326.731150  -62.20580  -58.30018      0.656    1447.14     39.000     38.622    -0.4356    -0.4357    -0.0001    -0.4368    -0.4369    -0.0001   2.806070   2.806400   0.000352    34.1684    34.1733     7.6051     7.3545    -0.2506    27.4560    27.4600    34.1667    27.4547    1446.64    1446.65    -0.4368  1027.6458    34.3317 0.0000e+00
       8657 326.731165  -62.20580  -58.30018      0.731    1447.14     40.000     39.612    -0.4435    -0.4449    -0.0014    -0.4447    -0.4461    -0.0014   2.805434   2.805745   0.000277    34.1689    34.1742     7.6028     7.3530    -0.2498    27.4568    27.4611    34.1665    27.4549    1446.62    1446.62    -0.4447  1027.6507    34.3315 0.0000e+00
       8689 326.731181  -62.20580  -58.30018      0.752    1447.14     41.000     40.602    -0.4596    -0.4586     0.0009    -0.4608    -0.4599     0.0009   2.804422   2.804843   0.000428    34.1726    34.1773     7.5894     7.3403    -0.2491    27.4605    27.4643    34.1704    27.4588    1446.57    1446.58    -0.4608  1027.6594    34.3354 0.0000e+00
       8724 326.731198  -62.20580  -58.30018      0.691    1447.14     42.000     41.593    -0.4631    -0.4624     0.0006    -0.4644    -0.4637     0.0006   2.804307   2.804716   0.000407    34.1738    34.1786     7.5762     7.3222    -0.2540    27.4617    27.4655    34.1722    27.4604    1446.57    1446.58    -0.4643  1027.6658    34.3372 0.0000e+00
       8760 326.731215  -62.20580  -58.30018      0.671    1447.14     43.000     42.583    -0.4673    -0.4663     0.0010    -0.4686    -0.4676     0.0010   2.804102   2.804533   0.000428    34.1756    34.1803     7.5668     7.3070    -0.2598    27.4633    27.4670    34.1736    27.4617    1446.57    1446.58    -0.4686  1027.6719    34.3386 0.0000e+00
       8792 326.731230  -62.20580  -58.30018      0.725    1447.14     44.000     43.573    -0.4815    -0.4818    -0.0003    -0.4829    -0.4832    -0.0003   2.803355   2.803703   0.000350    34.1807    34.1858     7.5505     7.2955    -0.2550    27.4681    27.4722    34.1790    27.4667    1446.53    1446.53    -0.4828  1027.6817    34.3441 0.0000e+00
       8823 326.731245  -62.20580  -58.30018      0.772    1447.14     45.000     44.563    -0.4830    -0.4825     0.0005    -0.4843    -0.4838     0.0005   2.803331   2.803731   0.000398    34.1810    34.1858     7.5449     7.2927    -0.2522    27.4683    27.4722    34.1797    27.4673    1446.54    1446.55    -0.4843  1027.6872    34.3447 0.0000e+00
       8853 326.731260  -62.20580  -58.30018      0.793    1447.14     46.000     45.553    -0.4843    -0.4837     0.0005    -0.4857    -0.4851     0.0005   2.803262   2.803670   0.000407    34.1809    34.1858     7.5291     7.2861    -0.2431    27.4683    27.4722    34.1796    27.4673    1446.55    1446.55    -0.4857  1027.6919    34.3447 0.0000e+00
