Pos-Processados/process_op38/operantar38_021.ros
* Sea-Bird SBE 9 Data File:
* FileName = D:\OPERANTAR_XXXVIII\DADOS\OP38_021.hdr
* Software Version Seasave V 7.18c
* Temperature SN = 4808
* Conductivity SN = 3380
* Number of Bytes Per Scan = 34
* Number of Voltage Words = 3
* Number of Scans Averaged by the Deck Unit = 1
* NMEA Latitude = 62 13.30 S
* NMEA Longitude = 058 22.74 W
* NMEA UTC (Time) = Nov 22 2019 13:35:38
** H41
** NAVIO POLAR ALMIRANTE MAXIMIANO
** CRUZEIRO:
** OPERANTAR XXXVIII
** ESTAÇÃO: OP38_021
** LAT 62 13,29'S
** LONG 058 22,75'W
** 09P73767-1155_A
** PROFUNDIDADE: 271
** DATA/HORA: 221336Z/NOV/2019
** OPERADOR: SO-HN CHAVES
# nquan = 27
# nvalues = 1423                                  
# units = specified
# name 0 = scan: Scan Count
# name 1 = timeJ: Julian Days
# name 2 = latitude: Latitude [deg]
# name 3 = longitude: Longitude [deg]
# name 4 = dz/dtM: Descent Rate [m/s]
# name 5 = avgsvCM: Average Sound Velocity [Chen-Millero, m/s]
# name 6 = prDM: Pressure, Digiquartz [db]
# name 7 = depSM: Depth [salt water, m]
# name 8 = t090C: Temperature [ITS-90, deg C]
# name 9 = t190C: Temperature, 2 [ITS-90, deg C]
# name 10 = T2-T190C: Temperature Difference, 2 - 1 [ITS-90, deg C]
# name 11 = potemp090C: Potential Temperature [ITS-90, deg C]
# name 12 = potemp190C: Potential Temperature, 2 [ITS-90, deg C]
# name 13 = potemp90Cdiff: Potential Temperature, Diff, 2 - 1 [ITS-90, deg C]
# name 14 = c0S/m: Conductivity [S/m]
# name 15 = c1S/m: Conductivity, 2 [S/m]
# name 16 = C2-C1S/m: Conductivity Difference, 2 - 1 [S/m]
# name 17 = sal00: Salinity, Practical [PSU]
# name 18 = sal11: Salinity, Practical, 2 [PSU]
# name 19 = sbeox0ML/L: Oxygen, SBE 43 [ml/l]
# name 20 = sigma-é00: Density [sigma-theta, kg/m^3]
# name 21 = sigma-é11: Density, 2 [sigma-theta, kg/m^3]
# name 22 = sbox0Mm/Kg: Oxygen, SBE 43 [umol/kg]
# name 23 = oxsolMm/Kg: Oxygen Saturation, Garcia & Gordon [umol/kg]
# name 24 = oxsatMm/Kg: Oxygen Saturation, Weiss [umol/kg]
# name 25 = nbf: Bottles Fired
# name 26 = flag:  0.000e+00
# interval = seconds: 0.0416667
# start_time = Nov 22 2019 13:35:38 [NMEA time, header]
# bad_flag = -9.990e-29
*END*
[from data line 215]
      20529 326.576312  -62.22180  -58.37914     -0.035    1447.92      2.771      2.745    -0.3868    -0.3898    -0.0030    -0.3869    -0.3899    -0.0030   2.809571   2.809767   0.000196    34.1812    34.1872     7.5685    27.4641    27.4691    328.973  353.74274  355.29726          2  0.000e+00
      20530 326.576312  -62.22180  -58.37914     -0.033    1447.92      2.771      2.745    -0.3873    -0.3898    -0.0026    -0.3874    -0.3899    -0.0025   2.809559   2.809756   0.000197    34.1815    34.1870     7.5688    27.4644    27.4690    328.986  353.74604  355.30068          2  0.000e+00
      20531 326.576313  -62.22180  -58.37914     -0.029    1447.92      2.819      2.792    -0.3874    -0.3903    -0.0029    -0.3875    -0.3904    -0.0029   2.809559   2.809796   0.000237    34.1817    34.1881     7.5683    27.4645    27.4698    328.965  353.74719  355.30187          2  0.000e+00
      20532 326.576313  -62.22180  -58.37914     -0.024    1447.92      2.771      2.745    -0.3876    -0.3901    -0.0026    -0.3876    -0.3902    -0.0026   2.809559   2.809761   0.000202    34.1819    34.1875     7.5634    27.4647    27.4693    328.750  353.74782  355.30254          2  0.000e+00
      20533 326.576314  -62.22180  -58.37914     -0.019    1447.92      2.819      2.792    -0.3874    -0.3894    -0.0020    -0.3875    -0.3895    -0.0020   2.809559   2.809796   0.000237    34.1816    34.1870     7.5679    27.4645    27.4689    328.950  353.74683  355.30150          2  0.000e+00
      20534 326.576314  -62.22180  -58.37914     -0.014    1447.92      2.819      2.792    -0.3876    -0.3898    -0.0023    -0.3877    -0.3899    -0.0023   2.809541   2.809796   0.000255    34.1816    34.1876     7.5682    27.4644    27.4694    328.961  353.74857  355.30327          2  0.000e+00
      20535 326.576315  -62.22180  -58.37914     -0.012    1447.92      2.771      2.745    -0.3879    -0.3895    -0.0017    -0.3879    -0.3896    -0.0017   2.809457   2.809738   0.000282    34.1808    34.1865     7.5685    27.4638    27.4685    328.973  353.75340  355.30812          2  0.000e+00
      20536 326.576315  -62.22180  -58.37914     -0.007    1447.92      2.819      2.792    -0.3882    -0.3895    -0.0013    -0.3883    -0.3896    -0.0013   2.809451   2.809773   0.000322    34.1811    34.1869     7.5688    27.4641    27.4688    328.988  353.75584  355.31065          2  0.000e+00
      20537 326.576316  -62.22180  -58.37914      0.001    1447.92      2.819      2.792    -0.3889    -0.3894    -0.0004    -0.3890    -0.3895    -0.0004   2.809391   2.809756   0.000365    34.1811    34.1865     7.5692    27.4641    27.4685    329.004  353.76271  355.31767          2  0.000e+00
      20538 326.576316  -62.22180  -58.37914      0.006    1447.92      2.874      2.846    -0.3894    -0.3894     0.0000    -0.3895    -0.3895     0.0000   2.809391   2.809738   0.000348    34.1816    34.1862     7.5695    27.4646    27.4683    329.020  353.76565  355.32074          2  0.000e+00
      20539 326.576317  -62.22180  -58.37914      0.011    1447.92      2.819      2.792    -0.3896    -0.3894     0.0003    -0.3897    -0.3895     0.0003   2.809403   2.809756   0.000353    34.1821    34.1865     7.5697    27.4649    27.4685    329.028  353.76654  355.32170          2  0.000e+00
      20540 326.576317  -62.22180  -58.37914      0.016    1447.92      2.819      2.792    -0.3889    -0.3892    -0.0003    -0.3890    -0.3893    -0.0003   2.809403   2.809727   0.000324    34.1813    34.1859     7.5698    27.4643    27.4680    329.033  353.76226  355.31724          2  0.000e+00
      20541 326.576318  -62.22180  -58.37914      0.020    1447.92      2.819      2.792    -0.3887    -0.3895    -0.0009    -0.3887    -0.3896    -0.0009   2.809421   2.809709   0.000289    34.1812    34.1860     7.5700    27.4642    27.4681    329.039  353.75981  355.31472          2  0.000e+00
      20542 326.576318  -62.22180  -58.37914      0.017    1447.92      2.819      2.792    -0.3885    -0.3891    -0.0006    -0.3886    -0.3892    -0.0006   2.809409   2.809744   0.000335    34.1808    34.1860     7.5702    27.4639    27.4681    329.048  353.75919  355.31404          2  0.000e+00
      20543 326.576318  -62.22180  -58.37914      0.028    1447.92      2.874      2.846    -0.3888    -0.3891    -0.0002    -0.3889    -0.3892    -0.0002   2.809421   2.809709   0.000289    34.1814    34.1855     7.5654    27.4643    27.4677    328.841  353.76097  355.31593          2  0.000e+00
      20544 326.576319  -62.22180  -58.37914      0.036    1447.92      2.874      2.846    -0.3885    -0.3889    -0.0004    -0.3886    -0.3890    -0.0004   2.809409   2.809727   0.000318    34.1808    34.1855     7.5649    27.4639    27.4677    328.817  353.75928  355.31413          2  0.000e+00
      20545 326.576319  -62.22180  -58.37914      0.038    1447.92      2.840      2.812    -0.3888    -0.3889    -0.0001    -0.3889    -0.3890    -0.0001   2.809421   2.809738   0.000318    34.1814    34.1857     7.5644    27.4643    27.4678    328.797  353.76091  355.31587          2  0.000e+00
      20546 326.576320  -62.22180  -58.37914      0.046    1447.92      2.874      2.846    -0.3885    -0.3889    -0.0003    -0.3886    -0.3890    -0.0003   2.809505   2.809721   0.000216    34.1822    34.1855     7.5639    27.4650    27.4676    328.775  353.75607  355.31100          2  0.000e+00
      20547 326.576320  -62.22180  -58.37914      0.047    1447.92      2.819      2.792    -0.3879    -0.3889    -0.0010    -0.3879    -0.3890    -0.0010   2.809451   2.809733   0.000282    34.1807    34.1857     7.5634    27.4637    27.4678    328.751  353.75370  355.30842          2  0.000e+00
      20548 326.576321  -62.22180  -58.37914      0.054    1447.92      2.922      2.894    -0.3885    -0.3889    -0.0004    -0.3886    -0.3890    -0.0004   2.809409   2.809756   0.000347    34.1808    34.1859     7.5632    27.4638    27.4680    328.746  353.75936  355.31421          2  0.000e+00
      20549 326.576321  -62.22180  -58.37914      0.054    1447.92      2.819      2.792    -0.3888    -0.3886     0.0003    -0.3889    -0.3887     0.0003   2.809421   2.809709   0.000289    34.1814    34.1850     7.5628    27.4644    27.4672    328.728  353.76088  355.31584          2  0.000e+00
      20550 326.576322  -62.22180  -58.37914      0.058    1447.92      2.874      2.846    -0.3889    -0.3889     0.0001    -0.3890    -0.3890     0.0001   2.809445   2.809761   0.000317    34.1818    34.1860     7.5626    27.4647    27.4681    328.717  353.76079  355.31580          2  0.000e+00
      20551 326.576322  -62.22180  -58.37914      0.061    1447.92      2.874      2.846    -0.3887    -0.3883     0.0004    -0.3887    -0.3884     0.0004   2.809511   2.809750   0.000239    34.1824    34.1852     7.5622    27.4651    27.4674    328.700  353.75656  355.31153          2  0.000e+00
      20552 326.576323  -62.22180  -58.37914      0.067    1447.92      2.922      2.894    -0.3877    -0.3889    -0.0012    -0.3878    -0.3890    -0.0012   2.809511   2.809738   0.000227    34.1813    34.1857     7.5619    27.4642    27.4678    328.685  353.75093  355.30566          2  0.000e+00
      20553 326.576323  -62.22180  -58.37914      0.070    1447.92      2.874      2.846    -0.3877    -0.3884    -0.0007    -0.3878    -0.3885    -0.0007   2.809523   2.809796   0.000273    34.1815    34.1860     7.5616    27.4644    27.4680    328.673  353.75040  355.30514          2  0.000e+00
      20554 326.576324  -62.22180  -58.37914      0.073    1447.92      2.874      2.846    -0.3877    -0.3880    -0.0002    -0.3878    -0.3881    -0.0002   2.809535   2.809779   0.000244    34.1817    34.1852     7.5606    27.4645    27.4674    328.631  353.74996  355.30470          2  0.000e+00
      20555 326.576324  -62.22180  -58.37914      0.078    1447.92      2.922      2.894    -0.3877    -0.3886    -0.0008    -0.3878    -0.3887    -0.0008   2.809493   2.809802   0.000309    34.1811    34.1862     7.5597    27.4640    27.4682    328.592  353.75160  355.30631          2  0.000e+00
      20556 326.576325  -62.22180  -58.37914      0.080    1447.92      2.874      2.846    -0.3880    -0.3880     0.0001    -0.3881    -0.3881     0.0001   2.809499   2.809796   0.000297    34.1815    34.1854     7.5595    27.4644    27.4676    328.583  353.75308  355.30787          2  0.000e+00
      20557 326.576325  -62.22180  -58.37914      0.081    1447.92      2.922      2.894    -0.3879    -0.3881    -0.0003    -0.3879    -0.3882    -0.0003   2.809505   2.809756   0.000251    34.1814    34.1850     7.5594    27.4643    27.4673    328.577  353.75187  355.30662          2  0.000e+00
      20558 326.576326  -62.22180  -58.37914      0.085    1447.92      2.922      2.894    -0.3882    -0.3883    -0.0001    -0.3883    -0.3884    -0.0001   2.809487   2.809756   0.000269    34.1815    34.1852     7.5585    27.4644    27.4674    328.541  353.75468  355.30951          2  0.000e+00
      20559 326.576326  -62.22180  -58.37914      0.083    1447.92      2.922      2.894    -0.3882    -0.3880     0.0002    -0.3883    -0.3881     0.0002   2.809421   2.809796   0.000375    34.1806    34.1854     7.5577    27.4637    27.4675    328.504  353.75713  355.31191          2  0.000e+00
      20560 326.576327  -62.22180  -58.37914      0.093    1447.92      2.922      2.894    -0.3889    -0.3881     0.0008    -0.3890    -0.3882     0.0008   2.809343   2.809779   0.000436    34.1804    34.1854     7.5577    27.4636    27.4675    328.506  353.76467  355.31960          2  0.000e+00
      20561 326.576327  -62.22180  -58.37914      0.092    1447.92      2.922      2.894    -0.3904    -0.3884     0.0020    -0.3905    -0.3885     0.0020   2.809265   2.809784   0.000520    34.1810    34.1858     7.5579    27.4641    27.4679    328.515  353.77648  355.33174          2  0.000e+00
      20562 326.576328  -62.22180  -58.37914      0.098    1447.92      2.970      2.941    -0.3910    -0.3881     0.0028    -0.3911    -0.3882     0.0028   2.809180   2.809808   0.000627    34.1805    34.1857     7.5581    27.4637    27.4678    328.521  353.78325  355.33861          2  0.000e+00
      20563 326.576328  -62.22180  -58.37914      0.098    1447.92      2.887      2.860    -0.3919    -0.3878     0.0041    -0.3920    -0.3879     0.0041   2.809102   2.809779   0.000676    34.1805    34.1850     7.5582    27.4638    27.4672    328.526  353.79172  355.34727          2  0.000e+00
      20564 326.576329  -62.22180  -58.37914      0.099    1447.92      2.970      2.941    -0.3930    -0.3886     0.0044    -0.3931    -0.3887     0.0044   2.809042   2.809802   0.000760    34.1809    34.1861     7.5585    27.4642    27.4682    328.539  353.80087  355.35667          2  0.000e+00
      20565 326.576329  -62.22180  -58.37914      0.103    1447.92      2.970      2.941    -0.3941    -0.3884     0.0056    -0.3942    -0.3885     0.0056   2.809030   2.809813   0.000783    34.1820    34.1861     7.5587    27.4651    27.4682    328.548  353.80809  355.36418          2  0.000e+00
      20566 326.576330  -62.22180  -58.37914      0.100    1447.92      2.922      2.894    -0.3946    -0.3888     0.0058    -0.3946    -0.3888     0.0058   2.809012   2.809779   0.000767    34.1823    34.1860     7.5588    27.4653    27.4681    328.553  353.81154  355.36774          2  0.000e+00
      20567 326.576330  -62.22180  -58.37914      0.106    1447.92      2.970      2.941    -0.3948    -0.3884     0.0063    -0.3949    -0.3885     0.0063   2.809024   2.809785   0.000760    34.1827    34.1857     7.5590    27.4657    27.4678    328.560  353.81260  355.36887          2  0.000e+00
      20568 326.576331  -62.22180  -58.37914      0.102    1447.92      2.922      2.894    -0.3952    -0.3884     0.0067    -0.3953    -0.3885     0.0067   2.809012   2.809790   0.000778    34.1830    34.1859     7.5591    27.4659    27.4679    328.567  353.81546  355.37183          2  0.000e+00
      20569 326.576331  -62.22180  -58.37914      0.104    1447.92      2.970      2.941    -0.3952    -0.3884     0.0067    -0.3953    -0.3885     0.0067   2.808982   2.809773   0.000791    34.1826    34.1856     7.5594    27.4656    27.4677    328.577  353.81666  355.37301          2  0.000e+00
      20570 326.576332  -62.22180  -58.37914      0.109    1447.92      3.024      2.995    -0.3953    -0.3884     0.0069    -0.3954    -0.3885     0.0069   2.808958   2.809802   0.000844    34.1824    34.1859     7.5596    27.4654    27.4680    328.589  353.81836  355.37472          2  0.000e+00
      20571 326.576332  -62.22180  -58.37914      0.109    1447.92      2.970      2.941    -0.3957    -0.3884     0.0072    -0.3957    -0.3885     0.0072   2.808934   2.809761   0.000827    34.1825    34.1854     7.5599    27.4655    27.4676    328.599  353.82130  355.37773          2  0.000e+00
      20572 326.576332  -62.22180  -58.37914      0.107    1447.92      2.970      2.941    -0.3959    -0.3881     0.0078    -0.3960    -0.3882     0.0078   2.808886   2.809756   0.000870    34.1821    34.1850     7.5594    27.4653    27.4672    328.580  353.82486  355.38135          2  0.000e+00
      20573 326.576333  -62.22180  -58.37914      0.106    1447.92      2.970      2.941    -0.3964    -0.3884     0.0080    -0.3965    -0.3885     0.0080   2.808892   2.809761   0.000869    34.1827    34.1854     7.5590    27.4658    27.4676    328.560  353.82750  355.38411          2  0.000e+00
      20574 326.576333  -62.22180  -58.37914      0.112    1447.92      3.024      2.995    -0.3965    -0.3886     0.0079    -0.3966    -0.3887     0.0079   2.808880   2.809727   0.000847    34.1827    34.1851     7.5593    27.4657    27.4673    328.574  353.82875  355.38538          2  0.000e+00
      20575 326.576334  -62.22180  -58.37914      0.111    1447.92      2.970      2.941    -0.3970    -0.3884     0.0086    -0.3971    -0.3885     0.0086   2.808874   2.809733   0.000858    34.1832    34.1851     7.5596    27.4662    27.4673    328.588  353.83209  355.38886          2  0.000e+00
      20576 326.576334  -62.22180  -58.37914      0.107    1447.92      3.024      2.995    -0.3967    -0.3881     0.0086    -0.3968    -0.3882     0.0086   2.808874   2.809756   0.000882    34.1828    34.1850     7.5599    27.4658    27.4672    328.602  353.83004  355.38672          2  0.000e+00
      20577 326.576335  -62.22180  -58.37914      0.111    1447.92      2.970      2.941    -0.3972    -0.3883     0.0089    -0.3972    -0.3884     0.0089   2.808874   2.809744   0.000870    34.1833    34.1850     7.5603    27.4663    27.4672    328.617  353.83280  355.38960          2  0.000e+00
      20578 326.576335  -62.22180  -58.37914      0.108    1447.92      2.970      2.941    -0.3970    -0.3884     0.0086    -0.3971    -0.3885     0.0086   2.808874   2.809738   0.000864    34.1832    34.1851     7.5607    27.4662    27.4673    328.633  353.83209  355.38886          2  0.000e+00
      20579 326.576336  -62.22180  -58.37914      0.108    1447.92      3.024      2.995    -0.3969    -0.3881     0.0087    -0.3970    -0.3882     0.0087   2.808892   2.809738   0.000846    34.1832    34.1847     7.5611    27.4662    27.4670    328.651  353.83044  355.38718          2  0.000e+00
      20580 326.576336  -62.22180  -58.37914      0.110    1447.92      3.024      2.995    -0.3965    -0.3884     0.0081    -0.3966    -0.3885     0.0081   2.808898   2.809681   0.000783    34.1829    34.1843     7.5615    27.4659    27.4667    328.668  353.82808  355.38472          2  0.000e+00
      20581 326.576337  -62.22180  -58.37914      0.110    1447.92      3.045      3.016    -0.3966    -0.3881     0.0084    -0.3967    -0.3882     0.0084   2.808898   2.809715   0.000817    34.1830    34.1844     7.5612    27.4660    27.4668    328.655  353.82847  355.38513          2  0.000e+00
