Pos-Processados/process_op38/operantar38_013b.ros
* Sea-Bird SBE 9 Data File:
* FileName = D:\OPERANTAR_XXXVIII\DADOS\OP38_013b.hdr
* Software Version Seasave V 7.18c
* Temperature SN = 4808
* Conductivity SN = 3380
* Number of Bytes Per Scan = 34
* Number of Voltage Words = 3
* Number of Scans Averaged by the Deck Unit = 1
* NMEA Latitude = 62 08.60 S
* NMEA Longitude = 058 24.70 W
* NMEA UTC (Time) = Nov 05 2019 03:39:39
** H41
** NAVIO POLAR ALMIRANTE MAXIMIANO
** CRUZEIRO:
** OPERANTAR XXXVIII
** ESTAÇÃO: OP38_013b
** LAT 62 08,60' S
** LONG 058 24,70' W
** 09P73767-1155_A
** PROFUNDIDADE: 420
** DATA/HORA: 050340Z/NOV/2019
** OPERADOR: SO-HN CHAVES
# nquan = 26
# nvalues = 1802                                  
# units = specified
# name 0 = scan: Scan Count
# name 1 = timeJ: Julian Days
# name 2 = latitude: Latitude [deg]
# name 3 = longitude: Longitude [deg]
# name 4 = dz/dtM: Descent Rate [m/s]
# name 5 = avgsvCM: Average Sound Velocity [Chen-Millero, m/s]
# name 6 = prDM: Pressure, Digiquartz [db]
# name 7 = depSM: Depth [salt water, m]
# name 8 = t090C: Temperature [ITS-90, deg C]
# name 9 = t190C: Temperature, 2 [ITS-90, deg C]
# name 10 = T2-T190C: Temperature Difference, 2 - 1 [ITS-90, deg C]
# name 11 = potemp090C: Potential Temperature [ITS-90, deg C]
# name 12 = potemp190C: Potential Temperature, 2 [ITS-90, deg C]
# name 13 = potemp90Cdiff: Potential Temperature, Diff, 2 - 1 [ITS-90, deg C]
# name 14 = c0S/m: Conductivity [S/m]
# name 15 = c1S/m: Conductivity, 2 [S/m]
# name 16 = C2-C1S/m: Conductivity Difference, 2 - 1 [S/m]
# name 17 = sal00: Salinity, Practical [PSU]
# name 18 = sal11: Salinity, Practical, 2 [PSU]
# name 19 = sbeox0ML/L: Oxygen, SBE 43 [ml/l]
# name 20 = sbeox1ML/L: Oxygen, SBE 43, 2 [ml/l]
# name 21 = sbeox0ML/Ldiff: Oxygen, SBE 43, Diff, 2 - 1 [ml/l]
# name 22 = sigma-é00: Density [sigma-theta, kg/m^3]
# name 23 = sigma-é11: Density, 2 [sigma-theta, kg/m^3]
# name 24 = nbf: Bottles Fired
# name 25 = flag:  0.000e+00
# interval = seconds: 0.0416667
# start_time = Nov 05 2019 03:39:39 [NMEA time, header]
# bad_flag = -9.990e-29
*END*
[from data line 1338]
       5218 309.155051  -62.14340  -58.41182      0.033       0.00      1.719      1.703    -0.6766    -0.6695     0.0071    -0.6766    -0.6695     0.0071   2.783144   2.783874   0.000729    34.1529    34.1548     7.6009     7.3183    -0.2825    27.4540    27.4552         10  0.000e+00
       5219 309.155051  -62.14340  -58.41182      0.029       0.00      1.672      1.655    -0.6736    -0.6695     0.0041    -0.6737    -0.6695     0.0041   2.783462   2.783805   0.000343    34.1539    34.1539     7.5998     7.3188    -0.2810    27.4547    27.4545         10  0.000e+00
       5220 309.155052  -62.14340  -58.41182      0.022       0.00      1.672      1.655    -0.6699    -0.6724    -0.0025    -0.6699    -0.6725    -0.0025   2.783833   2.783506  -0.000327    34.1547    34.1532     7.5995     7.3200    -0.2795    27.4552    27.4540         10  0.000e+00
       5221 309.155052  -62.14340  -58.41182      0.021       0.00      1.672      1.655    -0.6649    -0.6760    -0.0111    -0.6649    -0.6760    -0.0111   2.784162   2.783201  -0.000961    34.1535    34.1531     7.5990     7.3166    -0.2824    27.4540    27.4541         10  0.000e+00
       5222 309.155053  -62.14340  -58.41182      0.015       0.00      1.672      1.655    -0.6621    -0.6784    -0.0163    -0.6622    -0.6785    -0.0163   2.784378   2.783091  -0.001286    34.1533    34.1544     7.5990     7.3164    -0.2826    27.4537    27.4552         10  0.000e+00
       5223 309.155053  -62.14340  -58.41182      0.008       0.00      1.624      1.608    -0.6607    -0.6800    -0.0193    -0.6608    -0.6800    -0.0193   2.784372   2.782976  -0.001395    34.1517    34.1546     7.5943     7.3161    -0.2782    27.4523    27.4555         10  0.000e+00
       5224 309.155054  -62.14340  -58.41182      0.004       0.00      1.672      1.655    -0.6609    -0.6825    -0.0216    -0.6609    -0.6826    -0.0216   2.784270   2.782925  -0.001345    34.1505    34.1567     7.5936     7.3217    -0.2719    27.4513    27.4573         10  0.000e+00
       5225 309.155054  -62.14340  -58.41182     -0.002       0.00      1.672      1.655    -0.6611    -0.6834    -0.0223    -0.6611    -0.6834    -0.0223   2.784300   2.782919  -0.001381    34.1511    34.1577     7.5928     7.3165    -0.2763    27.4518    27.4581         10  0.000e+00
       5226 309.155054  -62.14340  -58.41182     -0.007       0.00      1.637      1.622    -0.6601    -0.6846    -0.0245    -0.6602    -0.6847    -0.0245   2.784420   2.782976  -0.001443    34.1517    34.1598     7.5969     7.3159    -0.2810    27.4523    27.4599         10  0.000e+00
       5227 309.155055  -62.14340  -58.41182     -0.014       0.00      1.624      1.608    -0.6598    -0.6827    -0.0229    -0.6598    -0.6827    -0.0229   2.784432   2.783138  -0.001294    34.1514    34.1598     7.5968     7.3206    -0.2763    27.4521    27.4598         10  0.000e+00
       5228 309.155055  -62.14340  -58.41182     -0.018       0.00      1.672      1.655    -0.6630    -0.6814    -0.0183    -0.6631    -0.6814    -0.0183   2.784186   2.783241  -0.000945    34.1518    34.1597     7.5976     7.3161    -0.2816    27.4525    27.4597         10  0.000e+00
       5229 309.155056  -62.14340  -58.41182     -0.024       0.00      1.624      1.608    -0.6648    -0.6803    -0.0155    -0.6648    -0.6804    -0.0155   2.784030   2.783281  -0.000749    34.1517    34.1591     7.5980     7.3221    -0.2759    27.4525    27.4591         10  0.000e+00
       5230 309.155056  -62.14340  -58.41182     -0.030       0.00      1.624      1.608    -0.6644    -0.6795    -0.0151    -0.6645    -0.6796    -0.0151   2.784120   2.783247  -0.000873    34.1525    34.1577     7.5979     7.3236    -0.2742    27.4531    27.4580         10  0.000e+00
       5231 309.155057  -62.14340  -58.41182     -0.034       0.00      1.672      1.655    -0.6620    -0.6799    -0.0179    -0.6620    -0.6799    -0.0179   2.784282   2.783172  -0.001110    34.1519    34.1571     7.5974     7.3242    -0.2732    27.4525    27.4575         10  0.000e+00
       5232 309.155057  -62.14340  -58.41182     -0.043       0.00      1.569      1.554    -0.6587    -0.6817    -0.0229    -0.6588    -0.6817    -0.0229   2.784438   2.783212  -0.001225    34.1504    34.1598     7.5915     7.3260    -0.2655    27.4512    27.4597         10  0.000e+00
       5233 309.155058  -62.14340  -58.41182     -0.046       0.00      1.624      1.608    -0.6570    -0.6812    -0.0242    -0.6571    -0.6813    -0.0242   2.784497   2.783356  -0.001141    34.1492    34.1611     7.5904     7.3262    -0.2642    27.4501    27.4608         10  0.000e+00
       5234 309.155058  -62.14340  -58.41182     -0.055       0.00      1.569      1.554    -0.6569    -0.6805    -0.0236    -0.6569    -0.6806    -0.0236   2.784503   2.783471  -0.001032    34.1492    34.1619     7.5897     7.3263    -0.2634    27.4501    27.4614         10  0.000e+00
       5235 309.155059  -62.14340  -58.41182     -0.059       0.00      1.624      1.608    -0.6563    -0.6775    -0.0213    -0.6563    -0.6776    -0.0213   2.784521   2.783575  -0.000947    34.1487    34.1599     7.5889     7.3261    -0.2629    27.4497    27.4597         10  0.000e+00
       5236 309.155059  -62.14340  -58.41182     -0.064       0.00      1.589      1.574    -0.6572    -0.6761    -0.0190    -0.6572    -0.6762    -0.0190   2.784450   2.783638  -0.000812    34.1488    34.1592     7.5885     7.3272    -0.2613    27.4498    27.4591         10  0.000e+00
       5237 309.155060  -62.14340  -58.41182     -0.069       0.00      1.569      1.554    -0.6598    -0.6751    -0.0153    -0.6598    -0.6751    -0.0153   2.784282   2.783713  -0.000569    34.1495    34.1591     7.5935     7.3272    -0.2664    27.4505    27.4589         10  0.000e+00
       5238 309.155060  -62.14340  -58.41182     -0.077       0.00      1.569      1.554    -0.6623    -0.6748    -0.0125    -0.6623    -0.6748    -0.0125   2.784048   2.783776  -0.000272    34.1491    34.1595     7.5943     7.3284    -0.2659    27.4503    27.4593         10  0.000e+00
       5239 309.155061  -62.14340  -58.41182     -0.078       0.00      1.624      1.608    -0.6651    -0.6741    -0.0091    -0.6651    -0.6742    -0.0091   2.783821   2.783810  -0.000010    34.1492    34.1593     7.5951     7.3285    -0.2666    27.4505    27.4590         10  0.000e+00
       5240 309.155061  -62.14340  -58.41182     -0.082       0.00      1.569      1.554    -0.6677    -0.6732    -0.0055    -0.6677    -0.6732    -0.0055   2.783665   2.783816   0.000151    34.1500    34.1583     7.5958     7.3297    -0.2661    27.4513    27.4582         10  0.000e+00
       5241 309.155062  -62.14340  -58.41182     -0.092       0.00      1.521      1.506    -0.6694    -0.6732    -0.0038    -0.6695    -0.6733    -0.0038   2.783635   2.783799   0.000164    34.1516    34.1581     7.5962     7.3251    -0.2711    27.4526    27.4581         10  0.000e+00
       5242 309.155062  -62.14340  -58.41182     -0.092       0.00      1.569      1.554    -0.6697    -0.6729    -0.0032    -0.6698    -0.6729    -0.0032   2.783635   2.783845   0.000210    34.1519    34.1584     7.5973     7.3300    -0.2673    27.4529    27.4582         10  0.000e+00
       5243 309.155063  -62.14340  -58.41182     -0.096       0.00      1.569      1.554    -0.6690    -0.6724    -0.0035    -0.6690    -0.6725    -0.0035   2.783695   2.783902   0.000207    34.1519    34.1586     7.5973     7.3242    -0.2731    27.4528    27.4584         10  0.000e+00
       5244 309.155063  -62.14340  -58.41182     -0.101       0.00      1.521      1.506    -0.6674    -0.6719    -0.0046    -0.6674    -0.6720    -0.0046   2.783791   2.783897   0.000106    34.1514    34.1580     7.5971     7.3289    -0.2682    27.4524    27.4579         10  0.000e+00
       5245 309.155064  -62.14340  -58.41182     -0.102       0.00      1.569      1.554    -0.6663    -0.6718    -0.0055    -0.6663    -0.6719    -0.0055   2.783875   2.783948   0.000074    34.1513    34.1586     7.5928     7.3290    -0.2638    27.4522    27.4584         10  0.000e+00
       5246 309.155064  -62.14340  -58.41182     -0.106       0.00      1.535      1.520    -0.6646    -0.6701    -0.0055    -0.6647    -0.6702    -0.0055   2.784018   2.783989  -0.000030    34.1514    34.1572     7.5918     7.3287    -0.2632    27.4522    27.4572         10  0.000e+00
       5247 309.155065  -62.14340  -58.41182     -0.108       0.00      1.569      1.554    -0.6620    -0.6700    -0.0080    -0.6620    -0.6700    -0.0080   2.784234   2.784035  -0.000199    34.1513    34.1576     7.5908     7.3298    -0.2610    27.4521    27.4575         10  0.000e+00
       5248 309.155065  -62.14340  -58.41182     -0.111       0.00      1.521      1.506    -0.6595    -0.6697    -0.0101    -0.6595    -0.6697    -0.0101   2.784432   2.784104  -0.000328    34.1512    34.1582     7.5897     7.3297    -0.2600    27.4519    27.4580         10  0.000e+00
       5249 309.155066  -62.14340  -58.41182     -0.115       0.00      1.521      1.506    -0.6590    -0.6692    -0.0102    -0.6591    -0.6692    -0.0102   2.784462   2.784127  -0.000335    34.1511    34.1580     7.5943     7.3295    -0.2648    27.4517    27.4578         10  0.000e+00
       5250 309.155066  -62.14340  -58.41182     -0.114       0.00      1.521      1.506    -0.6595    -0.6684    -0.0089    -0.6595    -0.6684    -0.0089   2.784414   2.784127  -0.000287    34.1509    34.1571     7.5948     7.3235    -0.2713    27.4517    27.4570         10  0.000e+00
       5251 309.155067  -62.14340  -58.41182     -0.117       0.00      1.521      1.506    -0.6600    -0.6687    -0.0087    -0.6600    -0.6688    -0.0087   2.784366   2.784150  -0.000216    34.1508    34.1578     7.5953     7.3281    -0.2672    27.4516    27.4576         10  0.000e+00
       5252 309.155067  -62.14340  -58.41182     -0.118       0.00      1.521      1.506    -0.6597    -0.6681    -0.0084    -0.6597    -0.6681    -0.0084   2.784366   2.784133  -0.000233    34.1505    34.1569     7.5956     7.3279    -0.2677    27.4513    27.4568         10  0.000e+00
       5253 309.155068  -62.14340  -58.41182     -0.116       0.00      1.521      1.506    -0.6600    -0.6684    -0.0084    -0.6600    -0.6684    -0.0084   2.784372   2.784167  -0.000205    34.1509    34.1577     7.5968     7.3219    -0.2749    27.4516    27.4575         10  0.000e+00
       5254 309.155068  -62.14340  -58.41182     -0.117       0.00      1.521      1.506    -0.6606    -0.6678    -0.0072    -0.6606    -0.6678    -0.0072   2.784336   2.784184  -0.000152    34.1511    34.1572     7.5973     7.3204    -0.2769    27.4519    27.4571         10  0.000e+00
       5255 309.155068  -62.14340  -58.41182     -0.118       0.00      1.535      1.520    -0.6623    -0.6673    -0.0050    -0.6623    -0.6674    -0.0050   2.784282   2.784202  -0.000080    34.1523    34.1569     7.5980     7.3202    -0.2778    27.4529    27.4568         10  0.000e+00
       5256 309.155069  -62.14340  -58.41182     -0.115       0.00      1.521      1.506    -0.6625    -0.6670    -0.0046    -0.6625    -0.6671    -0.0046   2.784342   2.784190  -0.000152    34.1533    34.1564     7.5992     7.3259    -0.2733    27.4537    27.4564         10  0.000e+00
       5257 309.155069  -62.14340  -58.41182     -0.117       0.00      1.466      1.452    -0.6601    -0.6675    -0.0074    -0.6602    -0.6675    -0.0074   2.784432   2.784184  -0.000247    34.1519    34.1569     7.5991     7.3258    -0.2733    27.4525    27.4568         10  0.000e+00
       5258 309.155070  -62.14340  -58.41182     -0.116       0.00      1.569      1.554    -0.6595    -0.6670    -0.0075    -0.6595    -0.6671    -0.0075   2.784330   2.784184  -0.000146    34.1498    34.1563     7.5944     7.3256    -0.2688    27.4507    27.4563         10  0.000e+00
       5259 309.155070  -62.14340  -58.41182     -0.114       0.00      1.466      1.452    -0.6612    -0.6675    -0.0063    -0.6612    -0.6675    -0.0063   2.784090   2.784184   0.000094    34.1485    34.1569     7.5996     7.3253    -0.2742    27.4498    27.4568         10  0.000e+00
       5260 309.155071  -62.14340  -58.41182     -0.112       0.00      1.521      1.506    -0.6635    -0.6672    -0.0037    -0.6636    -0.6672    -0.0037   2.783994   2.784225   0.000230    34.1498    34.1570     7.6006     7.3309    -0.2697    27.4509    27.4569         10  0.000e+00
       5261 309.155071  -62.14340  -58.41182     -0.112       0.00      1.521      1.506    -0.6646    -0.6669    -0.0023    -0.6647    -0.6669    -0.0023   2.783959   2.784294   0.000335    34.1506    34.1577     7.6012     7.3315    -0.2697    27.4516    27.4574         10  0.000e+00
       5262 309.155072  -62.14340  -58.41182     -0.108       0.00      1.521      1.506    -0.6646    -0.6659    -0.0013    -0.6647    -0.6660    -0.0013   2.784006   2.784311   0.000304    34.1512    34.1568     7.6068     7.3262    -0.2806    27.4521    27.4567         10  0.000e+00
       5263 309.155072  -62.14340  -58.41182     -0.104       0.00      1.521      1.506    -0.6637    -0.6656    -0.0019    -0.6637    -0.6657    -0.0019   2.784168   2.784311   0.000143    34.1523    34.1565     7.6017     7.3256    -0.2761    27.4530    27.4564         10  0.000e+00
       5264 309.155073  -62.14340  -58.41182     -0.100       0.00      1.521      1.506    -0.6625    -0.6659    -0.0035    -0.6625    -0.6660    -0.0035   2.784330   2.784351   0.000021    34.1531    34.1574     7.6018     7.3251    -0.2767    27.4536    27.4571         10  0.000e+00
       5265 309.155073  -62.14340  -58.41182     -0.096       0.00      1.535      1.520    -0.6612    -0.6652    -0.0040    -0.6612    -0.6652    -0.0040   2.784384   2.784368  -0.000015    34.1524    34.1567     7.6019     7.3243    -0.2776    27.4529    27.4566         10  0.000e+00
       5266 309.155074  -62.14340  -58.41182     -0.094       0.00      1.521      1.506    -0.6612    -0.6646    -0.0034    -0.6612    -0.6646    -0.0034   2.784318   2.784426   0.000108    34.1515    34.1568     7.6024     7.3235    -0.2788    27.4522    27.4566         10  0.000e+00
       5267 309.155074  -62.14340  -58.41182     -0.089       0.00      1.521      1.506    -0.6607    -0.6647    -0.0040    -0.6608    -0.6647    -0.0040   2.784330   2.784443   0.000113    34.1512    34.1572     7.6026     7.3240    -0.2787    27.4519    27.4570         10  0.000e+00
       5268 309.155075  -62.14340  -58.41182     -0.086       0.00      1.521      1.506    -0.6601    -0.6644    -0.0042    -0.6602    -0.6644    -0.0042   2.784384   2.784426   0.000042    34.1513    34.1566     7.6029     7.3244    -0.2785    27.4519    27.4565         10  0.000e+00
       5269 309.155075  -62.14340  -58.41182     -0.082       0.00      1.521      1.506    -0.6603    -0.6649    -0.0046    -0.6603    -0.6649    -0.0046   2.784378   2.784460   0.000083    34.1513    34.1576     7.6033     7.3308    -0.2725    27.4520    27.4573         10  0.000e+00
       5270 309.155076  -62.14340  -58.41182     -0.078       0.00      1.521      1.506    -0.6592    -0.6646    -0.0053    -0.6593    -0.6646    -0.0053   2.784390   2.784472   0.000082    34.1503    34.1574     7.6035     7.3311    -0.2724    27.4511    27.4571         10  0.000e+00
       5271 309.155076  -62.14340  -58.41182     -0.074       0.00      1.521      1.506    -0.6593    -0.6647    -0.0054    -0.6594    -0.6647    -0.0054   2.784378   2.784455   0.000077    34.1503    34.1574     7.6091     7.3314    -0.2776    27.4511    27.4571         10  0.000e+00
       5272 309.155077  -62.14340  -58.41182     -0.070       0.00      1.569      1.554    -0.6598    -0.6649    -0.0051    -0.6598    -0.6649    -0.0051   2.784336   2.784443   0.000107    34.1502    34.1574     7.6095     7.3317    -0.2778    27.4511    27.4571         10  0.000e+00
