Pos-Processados/process_op38/operantar38_023.ros
* Sea-Bird SBE 9 Data File:
* FileName = D:\OPERANTAR_XXXVIII\DADOS\OP38_023.hdr
* Software Version Seasave V 7.18c
* Temperature SN = 4808
* Conductivity SN = 3380
* Number of Bytes Per Scan = 34
* Number of Voltage Words = 3
* Number of Scans Averaged by the Deck Unit = 1
* NMEA Latitude = 62 12.78 S
* NMEA Longitude = 058 20.56 W
* NMEA UTC (Time) = Nov 22 2019 18:35:31
** H41
** NAVIO POLAR ALMIRANTE MAXIMIANO
** CRUZEIRO:
** OPERANTAR XXXVIII
** ESTAÇÃO: OP38_023
** LAT 62 12,77'S
** LONG 058 20,58'W
** 09P73767-1155_A
** PROFUNDIDADE: 500
** DATA/HORA: 221836Z/NOV2019
** OPERADOR: SO-HN CHAVES
# nquan = 27
# nvalues = 1477                                  
# units = specified
# name 0 = scan: Scan Count
# name 1 = timeJ: Julian Days
# name 2 = latitude: Latitude [deg]
# name 3 = longitude: Longitude [deg]
# name 4 = dz/dtM: Descent Rate [m/s]
# name 5 = avgsvCM: Average Sound Velocity [Chen-Millero, m/s]
# name 6 = prDM: Pressure, Digiquartz [db]
# name 7 = depSM: Depth [salt water, m]
# name 8 = t090C: Temperature [ITS-90, deg C]
# name 9 = t190C: Temperature, 2 [ITS-90, deg C]
# name 10 = T2-T190C: Temperature Difference, 2 - 1 [ITS-90, deg C]
# name 11 = potemp090C: Potential Temperature [ITS-90, deg C]
# name 12 = potemp190C: Potential Temperature, 2 [ITS-90, deg C]
# name 13 = potemp90Cdiff: Potential Temperature, Diff, 2 - 1 [ITS-90, deg C]
# name 14 = c0S/m: Conductivity [S/m]
# name 15 = c1S/m: Conductivity, 2 [S/m]
# name 16 = C2-C1S/m: Conductivity Difference, 2 - 1 [S/m]
# name 17 = sal00: Salinity, Practical [PSU]
# name 18 = sal11: Salinity, Practical, 2 [PSU]
# name 19 = sbeox0ML/L: Oxygen, SBE 43 [ml/l]
# name 20 = sigma-é00: Density [sigma-theta, kg/m^3]
# name 21 = sigma-é11: Density, 2 [sigma-theta, kg/m^3]
# name 22 = sbox0Mm/Kg: Oxygen, SBE 43 [umol/kg]
# name 23 = oxsolMm/Kg: Oxygen Saturation, Garcia & Gordon [umol/kg]
# name 24 = oxsatMm/Kg: Oxygen Saturation, Weiss [umol/kg]
# name 25 = nbf: Bottles Fired
# name 26 = flag:  0.000e+00
# interval = seconds: 0.0416667
# start_time = Nov 22 2019 18:35:31 [NMEA time, header]
# bad_flag = -9.990e-29
*END*
[from data line 376]
      30679 326.789459  -62.21306  -58.34258     -0.012    1449.93      3.460      3.427    -0.2685    -0.2758    -0.0072    -0.2686    -0.2759    -0.0072   2.818553   2.818429  -0.000123    34.1679    34.1744     7.6487    27.4478    27.4534    332.466  352.68312  354.21237          2  0.000e+00
      30680 326.789459  -62.21306  -58.34258     -0.011    1449.93      3.508      3.475    -0.2693    -0.2761    -0.0067    -0.2694    -0.2762    -0.0067   2.818535   2.818453  -0.000082    34.1686    34.1750     7.6535    27.4484    27.4539    332.674  352.68883  354.21828          2  0.000e+00
      30712 326.789475  -62.21306  -58.34258      0.050    1449.93      3.557      3.522    -0.2799    -0.2787     0.0012    -0.2800    -0.2788     0.0012   2.817668   2.818193   0.000524    34.1688    34.1745     7.6531    27.4491    27.4536    332.654  352.78569  354.31733          3  0.000e+00
      30713 326.789475  -62.21306  -58.34258      0.051    1449.93      3.557      3.522    -0.2801    -0.2787     0.0013    -0.2802    -0.2788     0.0013   2.817680   2.818175   0.000495    34.1692    34.1743     7.6485    27.4494    27.4534    332.458  352.78631  354.31800          3  0.000e+00
      30714 326.789476  -62.21306  -58.34258      0.054    1449.93      3.611      3.577    -0.2802    -0.2795     0.0008    -0.2803    -0.2796     0.0008   2.817626   2.818083   0.000456    34.1686    34.1739     7.6535    27.4489    27.4531    332.676  352.78946  354.32116          3  0.000e+00
      30715 326.789476  -62.21306  -58.34258      0.053    1449.93      3.557      3.523    -0.2803    -0.2793     0.0010    -0.2805    -0.2794     0.0010   2.817638   2.818164   0.000525    34.1689    34.1748     7.6541    27.4492    27.4539    332.698  352.78963  354.32137          3  0.000e+00
      30716 326.789477  -62.21306  -58.34258      0.052    1449.93      3.557      3.523    -0.2805    -0.2793     0.0012    -0.2806    -0.2794     0.0012   2.817614   2.818129   0.000515    34.1688    34.1744     7.6547    27.4491    27.4535    332.724  352.79158  354.32335          3  0.000e+00
      30717 326.789477  -62.21306  -58.34258      0.051    1449.93      3.557      3.523    -0.2807    -0.2799     0.0007    -0.2808    -0.2801     0.0007   2.817608   2.818129   0.000521    34.1689    34.1751     7.6545    27.4492    27.4541    332.716  352.79287  354.32468          3  0.000e+00
      30718 326.789478  -62.21306  -58.34258      0.049    1449.93      3.557      3.523    -0.2807    -0.2815    -0.0008    -0.2808    -0.2816    -0.0008   2.817590   2.818100   0.000510    34.1687    34.1764     7.6550    27.4490    27.4553    332.740  352.79353  354.32533          3  0.000e+00
      30719 326.789478  -62.21306  -58.34258      0.054    1449.93      3.611      3.577    -0.2808    -0.2810    -0.0002    -0.2809    -0.2811    -0.0002   2.817602   2.818065   0.000463    34.1689    34.1754     7.6505    27.4492    27.4544    332.545  352.79389  354.32573          3  0.000e+00
      30720 326.789479  -62.21306  -58.34258      0.052    1449.93      3.557      3.523    -0.2807    -0.2806     0.0001    -0.2808    -0.2807     0.0001   2.817608   2.818117   0.000509    34.1689    34.1756     7.6503    27.4492    27.4546    332.533  352.79287  354.32468          3  0.000e+00
      30721 326.789479  -62.21306  -58.34258      0.053    1449.93      3.612      3.577    -0.2812    -0.2804     0.0008    -0.2813    -0.2805     0.0008   2.817596   2.818100   0.000504    34.1692    34.1751     7.6495    27.4495    27.4542    332.499  352.79624  354.32817          3  0.000e+00
      30722 326.789480  -62.21306  -58.34258      0.053    1449.93      3.557      3.523    -0.2805    -0.2801     0.0004    -0.2806    -0.2802     0.0004   2.817644   2.818141   0.000496    34.1692    34.1754     7.6484    27.4494    27.4544    332.450  352.79047  354.32227          3  0.000e+00
      30723 326.789480  -62.21306  -58.34258      0.050    1449.93      3.557      3.523    -0.2807    -0.2801     0.0006    -0.2808    -0.2802     0.0006   2.817662   2.818146   0.000484    34.1696    34.1754     7.6474    27.4498    27.4544    332.410  352.79087  354.32272          3  0.000e+00
      30724 326.789481  -62.21306  -58.34258      0.051    1449.93      3.612      3.577    -0.2807    -0.2801     0.0006    -0.2808    -0.2802     0.0006   2.817644   2.818117   0.000473    34.1694    34.1750     7.6466    27.4496    27.4541    332.373  352.79163  354.32347          3  0.000e+00
      30725 326.789481  -62.21306  -58.34258      0.053    1449.93      3.612      3.577    -0.2805    -0.2799     0.0006    -0.2806    -0.2801     0.0006   2.817656   2.818129   0.000473    34.1693    34.1750     7.6456    27.4495    27.4541    332.331  352.79012  354.32192          3  0.000e+00
      30726 326.789482  -62.21306  -58.34258      0.050    1449.93      3.557      3.523    -0.2802    -0.2799     0.0003    -0.2803    -0.2801     0.0003   2.817717   2.818077   0.000360    34.1699    34.1744     7.6453    27.4499    27.4536    332.317  352.78604  354.31781          3  0.000e+00
      30727 326.789482  -62.21306  -58.34258      0.052    1449.93      3.612      3.577    -0.2802    -0.2804    -0.0002    -0.2803    -0.2805    -0.0002   2.817753   2.818100   0.000347    34.1703    34.1751     7.6444    27.4503    27.4542    332.279  352.78480  354.31659          3  0.000e+00
      30728 326.789483  -62.21306  -58.34258      0.048    1449.93      3.557      3.523    -0.2791    -0.2804    -0.0013    -0.2792    -0.2805    -0.0013   2.817825   2.818031   0.000206    34.1701    34.1742     7.6432    27.4501    27.4535    332.227  352.77531  354.30686          3  0.000e+00
      30729 326.789483  -62.21306  -58.34258      0.050    1449.93      3.612      3.577    -0.2779    -0.2809    -0.0030    -0.2780    -0.2810    -0.0030   2.817867   2.818025   0.000158    34.1692    34.1747     7.6429    27.4493    27.4539    332.214  352.76605  354.29730          3  0.000e+00
      30730 326.789484  -62.21306  -58.34258      0.046    1449.93      3.557      3.523    -0.2776    -0.2807    -0.0031    -0.2777    -0.2808    -0.0031   2.817909   2.818054   0.000145    34.1694    34.1749     7.6427    27.4495    27.4540    332.204  352.76264  354.29384          3  0.000e+00
      30731 326.789484  -62.21306  -58.34258      0.047    1449.93      3.612      3.577    -0.2774    -0.2810    -0.0036    -0.2775    -0.2811    -0.0036   2.817909   2.818019   0.000110    34.1692    34.1748     7.6470    27.4493    27.4539    332.389  352.76167  354.29282          3  0.000e+00
      30732 326.789484  -62.21306  -58.34258      0.048    1449.93      3.612      3.577    -0.2770    -0.2809    -0.0039    -0.2771    -0.2810    -0.0039   2.817921   2.818106   0.000185    34.1689    34.1758     7.6475    27.4490    27.4547    332.415  352.75874  354.28979          3  0.000e+00
      30733 326.789485  -62.21306  -58.34258      0.046    1449.93      3.557      3.523    -0.2772    -0.2796    -0.0024    -0.2773    -0.2798    -0.0024   2.817939   2.818077   0.000138    34.1695    34.1740     7.6482    27.4495    27.4533    332.441  352.75940  354.29053          3  0.000e+00
      30734 326.789485  -62.21306  -58.34258      0.047    1449.93      3.612      3.577    -0.2771    -0.2809    -0.0038    -0.2772    -0.2810    -0.0038   2.817945   2.818077   0.000132    34.1694    34.1754     7.6488    27.4494    27.4544    332.471  352.75856  354.28966          3  0.000e+00
      30735 326.789486  -62.21306  -58.34258      0.045    1449.93      3.577      3.543    -0.2771    -0.2801    -0.0030    -0.2772    -0.2802    -0.0030   2.817969   2.818123   0.000154    34.1697    34.1751     7.6444    27.4497    27.4542    332.277  352.75762  354.28874          3  0.000e+00
      30736 326.789486  -62.21306  -58.34258      0.045    1449.93      3.612      3.577    -0.2771    -0.2798    -0.0027    -0.2772    -0.2799    -0.0027   2.817957   2.818117   0.000160    34.1695    34.1747     7.6443    27.4495    27.4538    332.276  352.75812  354.28923          3  0.000e+00
      30737 326.789487  -62.21306  -58.34258      0.046    1449.93      3.612      3.577    -0.2769    -0.2796    -0.0028    -0.2770    -0.2798    -0.0028   2.817951   2.818193   0.000241    34.1692    34.1755     7.6443    27.4492    27.4545    332.273  352.75693  354.28797          3  0.000e+00
      30738 326.789487  -62.21306  -58.34258      0.045    1449.93      3.612      3.577    -0.2771    -0.2795    -0.0024    -0.2772    -0.2796    -0.0024   2.817915   2.818198   0.000283    34.1690    34.1754     7.6443    27.4491    27.4544    332.276  352.75967  354.29075          3  0.000e+00
      30739 326.789488  -62.21306  -58.34258      0.042    1449.93      3.557      3.523    -0.2776    -0.2788    -0.0013    -0.2777    -0.2790    -0.0013   2.817879   2.818268   0.000389    34.1690    34.1757     7.6444    27.4492    27.4546    332.279  352.76375  354.29492          3  0.000e+00
      30740 326.789488  -62.21306  -58.34258      0.041    1449.93      3.612      3.577    -0.2779    -0.2781    -0.0002    -0.2780    -0.2782    -0.0002   2.817885   2.818279   0.000394    34.1694    34.1749     7.6446    27.4495    27.4539    332.286  352.76539  354.29664          3  0.000e+00
      30741 326.789489  -62.21306  -58.34258      0.040    1449.93      3.612      3.577    -0.2779    -0.2784    -0.0005    -0.2780    -0.2785    -0.0005   2.817873   2.818250   0.000377    34.1693    34.1749     7.6447    27.4493    27.4539    332.291  352.76583  354.29708          3  0.000e+00
      30742 326.789489  -62.21306  -58.34258      0.039    1449.93      3.557      3.523    -0.2780    -0.2784    -0.0004    -0.2782    -0.2785    -0.0004   2.817909   2.818285   0.000376    34.1700    34.1754     7.6448    27.4499    27.4543    332.294  352.76547  354.29679          3  0.000e+00
      30743 326.789490  -62.21306  -58.34258      0.038    1449.93      3.612      3.577    -0.2779    -0.2778     0.0001    -0.2780    -0.2779     0.0001   2.817909   2.818256   0.000347    34.1698    34.1743     7.6450    27.4498    27.4534    332.302  352.76486  354.29614          3  0.000e+00
      30744 326.789490  -62.21306  -58.34258      0.037    1449.93      3.612      3.577    -0.2772    -0.2781    -0.0009    -0.2773    -0.2782    -0.0009   2.817921   2.818308   0.000387    34.1692    34.1753     7.6450    27.4492    27.4543    332.305  352.76016  354.29127          3  0.000e+00
      30745 326.789491  -62.21306  -58.34258      0.035    1449.93      3.557      3.523    -0.2760    -0.2784    -0.0024    -0.2761    -0.2785    -0.0024   2.817945   2.818262   0.000317    34.1682    34.1751     7.6500    27.4484    27.4541    332.523  352.75174  354.28255          3  0.000e+00
      30746 326.789491  -62.21306  -58.34258      0.034    1449.93      3.612      3.577    -0.2751    -0.2785    -0.0034    -0.2752    -0.2787    -0.0034   2.817987   2.818245   0.000257    34.1677    34.1750     7.6450    27.4479    27.4540    332.305  352.74461  354.27520          3  0.000e+00
      30747 326.789492  -62.21306  -58.34258      0.033    1449.93      3.612      3.577    -0.2727    -0.2787    -0.0060    -0.2728    -0.2788    -0.0060   2.818041   2.818308   0.000267    34.1657    34.1760     7.6448    27.4462    27.4548    332.296  352.72808  354.25809          3  0.000e+00
      30748 326.789492  -62.21306  -58.34258      0.031    1449.93      3.612      3.577    -0.2707    -0.2782    -0.0075    -0.2708    -0.2783    -0.0075   2.818114   2.818245   0.000131    34.1644    34.1746     7.6446    27.4451    27.4537    332.290  352.71302  354.24254          3  0.000e+00
      30749 326.789493  -62.21306  -58.34258      0.029    1449.93      3.557      3.523    -0.2703    -0.2779    -0.0077    -0.2704    -0.2780    -0.0077   2.818174   2.818279   0.000106    34.1648    34.1748     7.6447    27.4453    27.4538    332.294  352.70788  354.23732          3  0.000e+00
      30750 326.789493  -62.21306  -58.34258      0.029    1449.93      3.612      3.577    -0.2715    -0.2784    -0.0069    -0.2716    -0.2785    -0.0069   2.818246   2.818297   0.000051    34.1671    34.1755     7.6453    27.4473    27.4544    332.317  352.71311  354.24293          3  0.000e+00
      30751 326.789494  -62.21306  -58.34258      0.027    1449.93      3.557      3.523    -0.2732    -0.2779    -0.0047    -0.2733    -0.2780    -0.0047   2.818306   2.818354   0.000048    34.1698    34.1758     7.6458    27.4496    27.4546    332.339  352.72107  354.25138          3  0.000e+00
      30752 326.789494  -62.21306  -58.34258      0.027    1449.93      3.612      3.577    -0.2741    -0.2769    -0.0027    -0.2742    -0.2770    -0.0027   2.818324   2.818418   0.000094    34.1711    34.1754     7.6464    27.4506    27.4543    332.363  352.72617  354.25674          3  0.000e+00
      30753 326.789495  -62.21306  -58.34258      0.021    1449.93      3.557      3.523    -0.2724    -0.2762    -0.0038    -0.2726    -0.2763    -0.0038   2.818360   2.818412   0.000052    34.1697    34.1747     7.6456    27.4494    27.4536    332.331  352.71447  354.24462          3  0.000e+00
      30754 326.789495  -62.21306  -58.34258      0.022    1449.93      3.612      3.577    -0.2708    -0.2764    -0.0055    -0.2709    -0.2765    -0.0055   2.818390   2.818464   0.000074    34.1683    34.1755     7.6450    27.4482    27.4543    332.305  352.70353  354.23327          3  0.000e+00
      30755 326.789496  -62.21306  -58.34258      0.019    1449.93      3.557      3.523    -0.2698    -0.2751    -0.0053    -0.2699    -0.2752    -0.0053   2.818462   2.818539   0.000077    34.1681    34.1751     7.6444    27.4480    27.4540    332.277  352.69440  354.22392          3  0.000e+00
      30756 326.789496  -62.21306  -58.34258      0.016    1449.93      3.612      3.577    -0.2694    -0.2738    -0.0043    -0.2696    -0.2739    -0.0043   2.818523   2.818643   0.000121    34.1685    34.1749     7.6439    27.4483    27.4537    332.259  352.69015  354.21962          3  0.000e+00
      30757 326.789497  -62.21306  -58.34258      0.016    1449.93      3.557      3.523    -0.2696    -0.2739    -0.0043    -0.2697    -0.2740    -0.0043   2.818553   2.818730   0.000177    34.1691    34.1763     7.6486    27.4488    27.4548    332.461  352.69002  354.21955          3  0.000e+00
      30758 326.789497  -62.21306  -58.34258      0.013    1449.93      3.612      3.577    -0.2698    -0.2742    -0.0044    -0.2699    -0.2743    -0.0044   2.818583   2.818632   0.000049    34.1697    34.1753     7.6447    27.4493    27.4540    332.291  352.69006  354.21966          3  0.000e+00
      30759 326.789497  -62.21306  -58.34258      0.010    1449.93      3.557      3.523    -0.2699    -0.2745    -0.0046    -0.2700    -0.2746    -0.0046   2.818529   2.818632   0.000103    34.1691    34.1757     7.6494    27.4488    27.4544    332.496  352.69267  354.22227          3  0.000e+00
      30760 326.789498  -62.21306  -58.34258      0.006    1449.93      3.557      3.523    -0.2701    -0.2748    -0.0047    -0.2702    -0.2749    -0.0047   2.818505   2.818603   0.000098    34.1690    34.1756     7.6447    27.4487    27.4543    332.292  352.69462  354.22425          3  0.000e+00
      30761 326.789498  -62.21306  -58.34258      0.003    1449.93      3.557      3.523    -0.2698    -0.2747    -0.0049    -0.2699    -0.2748    -0.0049   2.818505   2.818528   0.000023    34.1687    34.1745     7.6450    27.4485    27.4534    332.306  352.69285  354.22240          3  0.000e+00
      30762 326.789499  -62.21306  -58.34258     -0.000    1449.93      3.557      3.523    -0.2694    -0.2748    -0.0054    -0.2696    -0.2749    -0.0054   2.818529   2.818591   0.000063    34.1686    34.1755     7.6446    27.4484    27.4542    332.287  352.68984  354.21931          3  0.000e+00
