Pos-Processados/process_op38/operantar38_020.ros
* Sea-Bird SBE 9 Data File:
* FileName = D:\OPERANTAR_XXXVIII\DADOS\OP38_020.hdr
* Software Version Seasave V 7.18c
* Temperature SN = 4808
* Conductivity SN = 3380
* Number of Bytes Per Scan = 34
* Number of Voltage Words = 3
* Number of Scans Averaged by the Deck Unit = 1
* NMEA Latitude = 62 13.02 S
* NMEA Longitude = 058 20.27 W
* NMEA UTC (Time) = Nov 22 2019 12:22:40
** H41
** NAVIO POLAR ALMIRANTE MAXIMIANO
** CRUZEIRO:
** OPERANTAR XXXVIII
** ESTAÇÃO: OP38_020
** LAT 62 13,00'S
** LONG 058 20,28'W
** 09P73767-1155_A
** PROFUNDIDADE: 497
** DATA/HORA: 221223Z/NOV/2019
** OPERADOR: SO-HN CHAVES
# nquan = 27
# nvalues = 1034                                  
# units = specified
# name 0 = scan: Scan Count
# name 1 = timeJ: Julian Days
# name 2 = latitude: Latitude [deg]
# name 3 = longitude: Longitude [deg]
# name 4 = dz/dtM: Descent Rate [m/s]
# name 5 = avgsvCM: Average Sound Velocity [Chen-Millero, m/s]
# name 6 = prDM: Pressure, Digiquartz [db]
# name 7 = depSM: Depth [salt water, m]
# name 8 = t090C: Temperature [ITS-90, deg C]
# name 9 = t190C: Temperature, 2 [ITS-90, deg C]
# name 10 = T2-T190C: Temperature Difference, 2 - 1 [ITS-90, deg C]
# name 11 = potemp090C: Potential Temperature [ITS-90, deg C]
# name 12 = potemp190C: Potential Temperature, 2 [ITS-90, deg C]
# name 13 = potemp90Cdiff: Potential Temperature, Diff, 2 - 1 [ITS-90, deg C]
# name 14 = c0S/m: Conductivity [S/m]
# name 15 = c1S/m: Conductivity, 2 [S/m]
# name 16 = C2-C1S/m: Conductivity Difference, 2 - 1 [S/m]
# name 17 = sal00: Salinity, Practical [PSU]
# name 18 = sal11: Salinity, Practical, 2 [PSU]
# name 19 = sbeox0ML/L: Oxygen, SBE 43 [ml/l]
# name 20 = sigma-é00: Density [sigma-theta, kg/m^3]
# name 21 = sigma-é11: Density, 2 [sigma-theta, kg/m^3]
# name 22 = sbox0Mm/Kg: Oxygen, SBE 43 [umol/kg]
# name 23 = oxsolMm/Kg: Oxygen Saturation, Garcia & Gordon [umol/kg]
# name 24 = oxsatMm/Kg: Oxygen Saturation, Weiss [umol/kg]
# name 25 = nbf: Bottles Fired
# name 26 = flag:  0.000e+00
# interval = seconds: 0.0416667
# start_time = Nov 22 2019 12:22:40 [NMEA time, header]
# bad_flag = -9.990e-29
*END*
[from data line 806]
      39243 326.534665  -62.21706  -58.33796      0.049    1449.76      3.043      3.013    -0.4128    -0.3908     0.0221    -0.4129    -0.3908     0.0221   2.806675   2.808792   0.002116    34.1714    34.1750     7.6361    27.4574    27.4593    331.914  354.01139  355.57083          5  0.000e+00
      39244 326.534666  -62.21706  -58.33796      0.037    1449.76      2.988      2.959    -0.4119    -0.3908     0.0211    -0.4120    -0.3908     0.0211   2.806730   2.808803   0.002074    34.1711    34.1752     7.6315    27.4571    27.4594    331.713  354.00357  355.56280          5  0.000e+00
      39245 326.534666  -62.21706  -58.33796      0.028    1449.76      2.988      2.959    -0.4113    -0.3909     0.0204    -0.4114    -0.3910     0.0204   2.806754   2.808809   0.002056    34.1708    34.1754     7.6313    27.4568    27.4596    331.707  353.99911  355.55820          5  0.000e+00
      39246 326.534667  -62.21706  -58.33796      0.018    1449.76      2.940      2.912    -0.4110    -0.3914     0.0196    -0.4110    -0.3915     0.0196   2.806790   2.808792   0.002002    34.1709    34.1758     7.6304    27.4569    27.4599    331.666  353.99554  355.55457          5  0.000e+00
      39247 326.534667  -62.21706  -58.33796      0.012    1449.76      3.043      3.013    -0.4107    -0.3906     0.0201    -0.4108    -0.3907     0.0201   2.806850   2.808780   0.001931    34.1714    34.1747     7.6295    27.4572    27.4590    331.629  353.99170  355.55069          5  0.000e+00
      39248 326.534668  -62.21706  -58.33796      0.001    1449.76      2.940      2.912    -0.4099    -0.3911     0.0188    -0.4100    -0.3912     0.0188   2.806898   2.808815   0.001917    34.1712    34.1757     7.6284    27.4570    27.4599    331.579  353.98474  355.54354          5  0.000e+00
      39249 326.534668  -62.21706  -58.33796     -0.005    1449.76      2.988      2.959    -0.4096    -0.3904     0.0191    -0.4097    -0.3905     0.0191   2.806952   2.808780   0.001828    34.1715    34.1745     7.6282    27.4573    27.4589    331.572  353.98102  355.53979          5  0.000e+00
      39250 326.534669  -62.21706  -58.33796     -0.014    1449.76      2.940      2.912    -0.4085    -0.3908     0.0178    -0.4086    -0.3908     0.0178   2.806982   2.808798   0.001816    34.1708    34.1751     7.6278    27.4567    27.4594    331.556  353.97340  355.53191          5  0.000e+00
      39251 326.534669  -62.21706  -58.33796     -0.023    1449.76      2.988      2.959    -0.4083    -0.3914     0.0169    -0.4084    -0.3915     0.0169   2.806970   2.808809   0.001839    34.1703    34.1760     7.6277    27.4563    27.4601    331.551  353.97250  355.53093          5  0.000e+00
      39252 326.534670  -62.21706  -58.33796     -0.032    1449.76      2.940      2.912    -0.4096    -0.3904     0.0191    -0.4097    -0.3905     0.0191   2.806892   2.808774   0.001883    34.1707    34.1745     7.6278    27.4567    27.4588    331.555  353.98317  355.54190          5  0.000e+00
      39253 326.534670  -62.21706  -58.33796     -0.038    1449.76      2.988      2.959    -0.4108    -0.3912     0.0196    -0.4109    -0.3913     0.0196   2.806814   2.808798   0.001984    34.1710    34.1756     7.6280    27.4570    27.4598    331.563  353.99366  355.55265          5  0.000e+00
      39254 326.534671  -62.21706  -58.33796     -0.044    1449.76      2.940      2.912    -0.4111    -0.3908     0.0204    -0.4112    -0.3908     0.0204   2.806808   2.808826   0.002019    34.1714    34.1755     7.6279    27.4573    27.4597    331.558  353.99594  355.55503          5  0.000e+00
      39255 326.534671  -62.21706  -58.33796     -0.052    1449.76      2.940      2.912    -0.4101    -0.3912     0.0189    -0.4102    -0.3913     0.0189   2.806862   2.808821   0.001959    34.1709    34.1760     7.6276    27.4569    27.4601    331.544  353.98750  355.54635          5  0.000e+00
      39256 326.534672  -62.21706  -58.33796     -0.060    1449.76      2.885      2.858    -0.4097    -0.3915     0.0182    -0.4098    -0.3916     0.0182   2.806928   2.808786   0.001858    34.1715    34.1759     7.6273    27.4573    27.4600    331.531  353.98281  355.54161          5  0.000e+00
      39257 326.534672  -62.21706  -58.33796     -0.062    1449.76      2.988      2.959    -0.4096    -0.3914     0.0182    -0.4097    -0.3915     0.0182   2.806916   2.808798   0.001882    34.1710    34.1758     7.6280    27.4569    27.4599    331.564  353.98236  355.54110          5  0.000e+00
      39258 326.534673  -62.21706  -58.33796     -0.073    1449.76      2.885      2.858    -0.4097    -0.3915     0.0182    -0.4098    -0.3916     0.0182   2.806892   2.808774   0.001883    34.1710    34.1757     7.6279    27.4569    27.4599    331.557  353.98415  355.54293          5  0.000e+00
      39259 326.534673  -62.21706  -58.33796     -0.078    1449.76      2.940      2.912    -0.4100    -0.3912     0.0188    -0.4101    -0.3913     0.0188   2.806922   2.808798   0.001876    34.1717    34.1756     7.6220    27.4575    27.4598    331.301  353.98491  355.54379          5  0.000e+00
      39260 326.534674  -62.21706  -58.33796     -0.077    1449.76      2.961      2.932    -0.4101    -0.3919     0.0182    -0.4102    -0.3919     0.0182   2.806898   2.808844   0.001946    34.1714    34.1770     7.6263    27.4572    27.4609    331.488  353.98620  355.54507          5  0.000e+00
      39261 326.534674  -62.21706  -58.33796     -0.088    1449.76      2.885      2.858    -0.4097    -0.3915     0.0182    -0.4098    -0.3916     0.0182   2.806904   2.808792   0.001888    34.1711    34.1760     7.6260    27.4570    27.4601    331.477  353.98371  355.54249          5  0.000e+00
      39262 326.534674  -62.21706  -58.33796     -0.088    1449.76      2.940      2.912    -0.4097    -0.3921     0.0176    -0.4098    -0.3922     0.0176   2.806910   2.808774   0.001865    34.1712    34.1764     7.6260    27.4571    27.4604    331.476  353.98358  355.54236          5  0.000e+00
      39263 326.534675  -62.21706  -58.33796     -0.094    1449.76      2.885      2.858    -0.4097    -0.3922     0.0176    -0.4098    -0.3923     0.0176   2.806916   2.808838   0.001922    34.1713    34.1773     7.6258    27.4571    27.4612    331.469  353.98326  355.54205          5  0.000e+00
      39264 326.534675  -62.21706  -58.33796     -0.097    1449.76      2.940      2.912    -0.4094    -0.3920     0.0174    -0.4095    -0.3921     0.0174   2.806928   2.808792   0.001864    34.1710    34.1765     7.6257    27.4569    27.4605    331.464  353.98076  355.53947          5  0.000e+00
      39265 326.534676  -62.21706  -58.33796     -0.103    1449.76      2.837      2.810    -0.4091    -0.3924     0.0167    -0.4092    -0.3925     0.0167   2.806958   2.808774   0.001817    34.1712    34.1768     7.6255    27.4570    27.4608    331.452  353.97769  355.53634          5  0.000e+00
      39266 326.534676  -62.21706  -58.33796     -0.102    1449.76      2.940      2.912    -0.4089    -0.3926     0.0163    -0.4090    -0.3927     0.0163   2.806982   2.808815   0.001833    34.1712    34.1775     7.6254    27.4571    27.4613    331.451  353.97590  355.53451          5  0.000e+00
      39267 326.534677  -62.21706  -58.33796     -0.105    1449.76      2.885      2.858    -0.4085    -0.3925     0.0160    -0.4086    -0.3926     0.0160   2.806970   2.808763   0.001793    34.1706    34.1766     7.6252    27.4565    27.4607    331.442  353.97339  355.53188          5  0.000e+00
      39268 326.534677  -62.21706  -58.33796     -0.107    1449.76      2.885      2.858    -0.4086    -0.3926     0.0160    -0.4087    -0.3927     0.0160   2.807000   2.808769   0.001769    34.1712    34.1769     7.6251    27.4570    27.4609    331.438  353.97335  355.53190          5  0.000e+00
      39269 326.534678  -62.21706  -58.33796     -0.111    1449.76      2.885      2.858    -0.4086    -0.3925     0.0162    -0.4087    -0.3926     0.0162   2.806958   2.808798   0.001840    34.1706    34.1771     7.6302    27.4566    27.4610    331.657  353.97491  355.53344          5  0.000e+00
      39270 326.534678  -62.21706  -58.33796     -0.111    1449.76      2.885      2.858    -0.4090    -0.3928     0.0162    -0.4091    -0.3929     0.0162   2.806934   2.808792   0.001858    34.1707    34.1774     7.6258    27.4566    27.4613    331.465  353.97795  355.53655          5  0.000e+00
      39271 326.534679  -62.21706  -58.33796     -0.111    1449.76      2.885      2.858    -0.4086    -0.3931     0.0156    -0.4087    -0.3932     0.0156   2.806940   2.808780   0.001841    34.1704    34.1775     7.6256    27.4564    27.4614    331.457  353.97558  355.53409          5  0.000e+00
      39272 326.534679  -62.21706  -58.33796     -0.110    1449.76      2.885      2.858    -0.4083    -0.3932     0.0151    -0.4084    -0.3933     0.0151   2.806946   2.808815   0.001869    34.1701    34.1782     7.6254    27.4561    27.4620    331.449  353.97321  355.53164          5  0.000e+00
      39273 326.534680  -62.21706  -58.33796     -0.115    1449.76      2.837      2.810    -0.4085    -0.3928     0.0157    -0.4086    -0.3929     0.0157   2.806934   2.808780   0.001847    34.1701    34.1772     7.6252    27.4561    27.4612    331.443  353.97465  355.53311          5  0.000e+00
      39274 326.534680  -62.21706  -58.33796     -0.113    1449.76      2.885      2.858    -0.4088    -0.3928     0.0160    -0.4089    -0.3928     0.0160   2.806916   2.808798   0.001882    34.1702    34.1774     7.6252    27.4562    27.4613    331.443  353.97719  355.53571          5  0.000e+00
      39275 326.534681  -62.21706  -58.33796     -0.111    1449.76      2.885      2.858    -0.4084    -0.3931     0.0153    -0.4084    -0.3932     0.0153   2.806952   2.808809   0.001857    34.1702    34.1780     7.6250    27.4562    27.4618    331.433  353.97335  355.53179          5  0.000e+00
      39276 326.534681  -62.21706  -58.33796     -0.115    1449.76      2.837      2.810    -0.4076    -0.3925     0.0151    -0.4076    -0.3926     0.0151   2.806946   2.808774   0.001829    34.1693    34.1768     7.6247    27.4554    27.4608    331.420  353.96849  355.52671          5  0.000e+00
      39277 326.534682  -62.21706  -58.33796     -0.114    1449.76      2.837      2.810    -0.4074    -0.3921     0.0152    -0.4075    -0.3922     0.0152   2.806976   2.808734   0.001758    34.1695    34.1759     7.6245    27.4556    27.4601    331.412  353.96630  355.52450          5  0.000e+00
      39278 326.534682  -62.21706  -58.33796     -0.113    1449.76      2.885      2.858    -0.4078    -0.3917     0.0162    -0.4079    -0.3918     0.0162   2.806970   2.808803   0.001834    34.1699    34.1763     7.6253    27.4559    27.4604    331.446  353.96946  355.52778          6  0.000e+00
      39279 326.534683  -62.21706  -58.33796     -0.112    1449.76      2.837      2.810    -0.4080    -0.3915     0.0165    -0.4081    -0.3916     0.0165   2.806964   2.808780   0.001816    34.1700    34.1758     7.6252    27.4560    27.4600    331.442  353.97068  355.52904          6  0.000e+00
      39280 326.534683  -62.21706  -58.33796     -0.112    1449.76      2.858      2.830    -0.4082    -0.3917     0.0165    -0.4083    -0.3918     0.0165   2.806988   2.808751   0.001764    34.1705    34.1756     7.6251    27.4564    27.4598    331.439  353.97089  355.52931          6  0.000e+00
      39281 326.534684  -62.21706  -58.33796     -0.110    1449.76      2.837      2.810    -0.4086    -0.3915     0.0171    -0.4087    -0.3916     0.0171   2.807006   2.808809   0.001803    34.1713    34.1762     7.6251    27.4571    27.4603    331.436  353.97304  355.53160          6  0.000e+00
      39282 326.534684  -62.21706  -58.33796     -0.110    1449.76      2.837      2.810    -0.4085    -0.3920     0.0165    -0.4086    -0.3921     0.0165   2.806976   2.808769   0.001793    34.1707    34.1762     7.6258    27.4566    27.4603    331.466  353.97309  355.53158          6  0.000e+00
      39283 326.534685  -62.21706  -58.33796     -0.106    1449.76      2.885      2.858    -0.4085    -0.3915     0.0169    -0.4086    -0.3916     0.0169   2.806970   2.808763   0.001793    34.1706    34.1756     7.6258    27.4565    27.4598    331.466  353.97339  355.53188          6  0.000e+00
      39284 326.534685  -62.21706  -58.33796     -0.105    1449.76      2.789      2.763    -0.4085    -0.3922     0.0163    -0.4086    -0.3923     0.0163   2.806982   2.808815   0.001833    34.1708    34.1770     7.6205    27.4567    27.4610    331.237  353.97278  355.53128          6  0.000e+00
      39285 326.534686  -62.21706  -58.33796     -0.101    1449.76      2.885      2.858    -0.4083    -0.3926     0.0157    -0.4084    -0.3927     0.0157   2.806994   2.808769   0.001775    34.1707    34.1769     7.6198    27.4566    27.4609    331.206  353.97143  355.52989          6  0.000e+00
      39286 326.534686  -62.21706  -58.33796     -0.099    1449.76      2.837      2.810    -0.4086    -0.3926     0.0160    -0.4087    -0.3927     0.0160   2.806970   2.808740   0.001770    34.1708    34.1765     7.6191    27.4567    27.4606    331.174  353.97438  355.53292          6  0.000e+00
      39287 326.534687  -62.21706  -58.33796     -0.096    1449.76      2.837      2.810    -0.4086    -0.3925     0.0162    -0.4087    -0.3926     0.0162   2.806988   2.808792   0.001804    34.1711    34.1771     7.6183    27.4569    27.4610    331.142  353.97371  355.53226          6  0.000e+00
      39288 326.534687  -62.21706  -58.33796     -0.101    1449.76      2.789      2.763    -0.4088    -0.3926     0.0161    -0.4088    -0.3927     0.0161   2.806970   2.808786   0.001816    34.1710    34.1772     7.6176    27.4568    27.4611    331.111  353.97501  355.53358          6  0.000e+00
      39289 326.534688  -62.21706  -58.33796     -0.095    1449.76      2.837      2.810    -0.4085    -0.3929     0.0155    -0.4086    -0.3930     0.0155   2.806964   2.808728   0.001765    34.1705    34.1767     7.6221    27.4565    27.4607    331.305  353.97353  355.53202          6  0.000e+00
      39290 326.534688  -62.21706  -58.33796     -0.094    1449.76      2.837      2.810    -0.4082    -0.3929     0.0153    -0.4083    -0.3930     0.0153   2.806964   2.808763   0.001799    34.1702    34.1772     7.6170    27.4562    27.4611    331.085  353.97175  355.53016          6  0.000e+00
      39291 326.534688  -62.21706  -58.33796     -0.087    1449.76      2.885      2.858    -0.4081    -0.3931     0.0150    -0.4082    -0.3932     0.0150   2.806964   2.808757   0.001793    34.1701    34.1772     7.6223    27.4561    27.4612    331.315  353.97112  355.52949          6  0.000e+00
      39292 326.534689  -62.21706  -58.33796     -0.082    1449.76      2.837      2.810    -0.4082    -0.3928     0.0154    -0.4083    -0.3929     0.0154   2.806964   2.808740   0.001776    34.1702    34.1767     7.6232    27.4562    27.4607    331.354  353.97175  355.53016          6  0.000e+00
      39293 326.534689  -62.21706  -58.33796     -0.080    1449.76      2.837      2.810    -0.4080    -0.3931     0.0149    -0.4081    -0.3932     0.0149   2.806946   2.808769   0.001823    34.1698    34.1774     7.6234    27.4558    27.4613    331.362  353.97135  355.52969          6  0.000e+00
      39294 326.534690  -62.21706  -58.33796     -0.077    1449.76      2.837      2.810    -0.4083    -0.3931     0.0152    -0.4084    -0.3932     0.0152   2.806964   2.808757   0.001793    34.1703    34.1773     7.6236    27.4563    27.4612    331.371  353.97246  355.53090          6  0.000e+00
      39295 326.534690  -62.21706  -58.33796     -0.078    1449.76      2.837      2.810    -0.4086    -0.3929     0.0157    -0.4087    -0.3930     0.0157   2.806964   2.808723   0.001759    34.1707    34.1766     7.6187    27.4566    27.4607    331.160  353.97461  355.53314          6  0.000e+00
