Pos-Processados/process_op38/operantar38_006.ros
* Sea-Bird SBE 9 Data File:
* FileName = D:\OPERANTAR_XXXVIII\DADOS\OP38_006.hdr
* Software Version Seasave V 7.18c
* Temperature SN = 4808
* Conductivity SN = 3380
* Number of Bytes Per Scan = 31
* Number of Voltage Words = 2
* Number of Scans Averaged by the Deck Unit = 1
* NMEA Latitude = 45 04.05 S
* NMEA Longitude = 051 28.82 W
* NMEA UTC (Time) = Oct 19 2019 17:49:21
** H41
** NAVIO POLAR ALMIRANTE MAXIMIANO
** CRUZEIRO:
** OPERANTAR XXXVIII
** ESTAÇÃO: OP38_006
** LAT 45º 04,05' S
** LONG 051º 28,85' W
** 09P73767-1155
** PROFUNDIDADE: 5872
** DATA/HORA: 191750Z/OUT/2019
** OPERADOR: SO-HN CHAVES
# nquan = 26
# nvalues = 4279                                  
# units = specified
# name 0 = scan: Scan Count
# name 1 = timeJ: Julian Days
# name 2 = latitude: Latitude [deg]
# name 3 = longitude: Longitude [deg]
# name 4 = dz/dtM: Descent Rate [m/s]
# name 5 = avgsvCM: Average Sound Velocity [Chen-Millero, m/s]
# name 6 = prDM: Pressure, Digiquartz [db]
# name 7 = depSM: Depth [salt water, m]
# name 8 = t090C: Temperature [ITS-90, deg C]
# name 9 = t190C: Temperature, 2 [ITS-90, deg C]
# name 10 = T2-T190C: Temperature Difference, 2 - 1 [ITS-90, deg C]
# name 11 = potemp090C: Potential Temperature [ITS-90, deg C]
# name 12 = potemp190C: Potential Temperature, 2 [ITS-90, deg C]
# name 13 = potemp90Cdiff: Potential Temperature, Diff, 2 - 1 [ITS-90, deg C]
# name 14 = c0S/m: Conductivity [S/m]
# name 15 = c1S/m: Conductivity, 2 [S/m]
# name 16 = C2-C1S/m: Conductivity Difference, 2 - 1 [S/m]
# name 17 = sal00: Salinity, Practical [PSU]
# name 18 = sal11: Salinity, Practical, 2 [PSU]
# name 19 = sbeox0ML/L: Oxygen, SBE 43 [ml/l]
# name 20 = sbeox1ML/L: Oxygen, SBE 43, 2 [ml/l]
# name 21 = sbeox0ML/Ldiff: Oxygen, SBE 43, Diff, 2 - 1 [ml/l]
# name 22 = sigma-é00: Density [sigma-theta, kg/m^3]
# name 23 = sigma-é11: Density, 2 [sigma-theta, kg/m^3]
# name 24 = nbf: Bottles Fired
# name 25 = flag:  0.000e+00
# interval = seconds: 0.0416667
# start_time = Oct 19 2019 17:49:21 [NMEA time, header]
# bad_flag = -9.990e-29
*END*
[from data line 446]
      64503 292.773710  -45.06756  -51.48046     -0.394    1473.25     44.753     44.384     7.7723     7.7712    -0.0011     7.7680     7.7668    -0.0011   3.535511   3.536077   0.000566    34.2817    34.2890     6.6012     6.3256    -0.2756    26.7439    26.7498          3  0.000e+00
      64504 292.773711  -45.06756  -51.48046     -0.393    1473.25     44.698     44.330     7.7723     7.7715    -0.0008     7.7679     7.7671    -0.0008   3.535511   3.536026   0.000516    34.2818    34.2881     6.5971     6.3302    -0.2668    26.7440    26.7491          3  0.000e+00
      64505 292.773711  -45.06756  -51.48046     -0.389    1473.25     44.698     44.330     7.7720     7.7716    -0.0004     7.7677     7.7673    -0.0004   3.535498   3.536014   0.000516    34.2819    34.2879     6.5965     6.3268    -0.2697    26.7441    26.7489          3  0.000e+00
      64506 292.773712  -45.06756  -51.48046     -0.390    1473.25     44.698     44.330     7.7722     7.7713    -0.0008     7.7678     7.7670    -0.0008   3.535511   3.536033   0.000522    34.2819    34.2884     6.5959     6.3315    -0.2645    26.7441    26.7493          3  0.000e+00
      64507 292.773712  -45.06756  -51.48046     -0.390    1473.25     44.698     44.330     7.7720     7.7715    -0.0005     7.7676     7.7671    -0.0005   3.535478   3.536045   0.000567    34.2818    34.2883     6.5954     6.3324    -0.2631    26.7440    26.7492          3  0.000e+00
      64508 292.773713  -45.06756  -51.48046     -0.384    1473.25     44.698     44.330     7.7720     7.7716    -0.0004     7.7677     7.7673    -0.0004   3.535485   3.536045   0.000561    34.2818    34.2882     6.5988     6.3332    -0.2656    26.7440    26.7491          3  0.000e+00
      64509 292.773713  -45.06756  -51.48046     -0.382    1473.25     44.650     44.283     7.7721     7.7710    -0.0011     7.7678     7.7666    -0.0011   3.535511   3.536045   0.000535    34.2820    34.2889     6.5987     6.3341    -0.2646    26.7442    26.7497          3  0.000e+00
      64510 292.773714  -45.06756  -51.48046     -0.376    1473.25     44.698     44.330     7.7722     7.7713    -0.0009     7.7678     7.7669    -0.0009   3.535478   3.536045   0.000567    34.2816    34.2885     6.5947     6.3349    -0.2598    26.7438    26.7494          3  0.000e+00
      64511 292.773714  -45.06756  -51.48046     -0.374    1473.25     44.650     44.283     7.7720     7.7712    -0.0008     7.7677     7.7668    -0.0008   3.535478   3.536045   0.000567    34.2817    34.2887     6.5985     6.3357    -0.2628    26.7440    26.7496          3  0.000e+00
      64512 292.773715  -45.06756  -51.48046     -0.367    1473.25     44.650     44.283     7.7720     7.7718    -0.0001     7.7676     7.7675    -0.0001   3.535491   3.536045   0.000554    34.2819    34.2881     6.5984     6.3364    -0.2620    26.7441    26.7490          3  0.000e+00
      64513 292.773715  -45.06756  -51.48046     -0.361    1473.25     44.650     44.283     7.7719     7.7718    -0.0001     7.7675     7.7674    -0.0001   3.535484   3.536045   0.000561    34.2820    34.2881     6.5984     6.3371    -0.2612    26.7442    26.7490          3  0.000e+00
      64514 292.773716  -45.06756  -51.48046     -0.360    1473.25     44.595     44.228     7.7721     7.7713    -0.0008     7.7678     7.7670    -0.0008   3.535445   3.536045   0.000600    34.2813    34.2886     6.5943     6.3379    -0.2565    26.7436    26.7494          3  0.000e+00
      64515 292.773716  -45.06756  -51.48046     -0.351    1473.25     44.650     44.283     7.7720     7.7718    -0.0002     7.7677     7.7674    -0.0002   3.535478   3.536045   0.000567    34.2817    34.2881     6.5983     6.3379    -0.2603    26.7440    26.7490          3  0.000e+00
      64516 292.773717  -45.06756  -51.48046     -0.346    1473.25     44.650     44.283     7.7720     7.7716    -0.0003     7.7676     7.7673    -0.0003   3.535484   3.536064   0.000580    34.2819    34.2884     6.5987     6.3379    -0.2607    26.7441    26.7493          3  0.000e+00
      64517 292.773717  -45.06756  -51.48046     -0.336    1473.25     44.650     44.283     7.7720     7.7715    -0.0005     7.7677     7.7671    -0.0005   3.535517   3.536052   0.000534    34.2822    34.2884     6.5991     6.3385    -0.2605    26.7443    26.7493          3  0.000e+00
      64518 292.773718  -45.06756  -51.48046     -0.332    1473.25     44.596     44.228     7.7723     7.7714    -0.0009     7.7680     7.7671    -0.0009   3.535491   3.536020   0.000529    34.2816    34.2882     6.5955     6.3391    -0.2564    26.7438    26.7491          3  0.000e+00
      64519 292.773718  -45.06756  -51.48046     -0.322    1473.25     44.650     44.283     7.7723     7.7716    -0.0006     7.7679     7.7673    -0.0006   3.535517   3.536058   0.000541    34.2819    34.2884     6.5956     6.3396    -0.2560    26.7441    26.7492          3  0.000e+00
      64520 292.773719  -45.06756  -51.48046     -0.312    1473.25     44.650     44.283     7.7723     7.7715    -0.0008     7.7680     7.7671    -0.0008   3.535530   3.536052   0.000521    34.2820    34.2884     6.5996     6.3395    -0.2601    26.7441    26.7493          3  0.000e+00
      64521 292.773719  -45.06756  -51.48046     -0.305    1473.25     44.596     44.228     7.7723     7.7716    -0.0006     7.7679     7.7673    -0.0006   3.535544   3.536020   0.000477    34.2822    34.2880     6.6001     6.3393    -0.2608    26.7443    26.7490          3  0.000e+00
      64522 292.773720  -45.06756  -51.48046     -0.292    1473.25     44.650     44.283     7.7723     7.7715    -0.0008     7.7680     7.7671    -0.0008   3.535530   3.536033   0.000502    34.2820    34.2882     6.5963     6.3398    -0.2565    26.7441    26.7492          3  0.000e+00
      64523 292.773720  -45.06756  -51.48046     -0.285    1473.25     44.596     44.229     7.7723     7.7713    -0.0010     7.7680     7.7669    -0.0010   3.535544   3.536020   0.000477    34.2822    34.2883     6.5964     6.3401    -0.2563    26.7443    26.7493          3  0.000e+00
      64524 292.773721  -45.06756  -51.48046     -0.272    1473.25     44.650     44.283     7.7726     7.7713    -0.0013     7.7683     7.7670    -0.0013   3.535530   3.536014   0.000483    34.2817    34.2882     6.5966     6.3405    -0.2560    26.7439    26.7492          3  0.000e+00
      64525 292.773721  -45.06756  -51.48046     -0.266    1473.25     44.596     44.229     7.7723     7.7718    -0.0005     7.7680     7.7675    -0.0005   3.535517   3.536014   0.000497    34.2819    34.2877     6.5964     6.3408    -0.2556    26.7440    26.7487          3  0.000e+00
      64526 292.773722  -45.06756  -51.48046     -0.253    1473.25     44.650     44.283     7.7723     7.7719    -0.0003     7.7679     7.7676    -0.0003   3.535544   3.536014   0.000470    34.2822    34.2876     6.6005     6.3411    -0.2594    26.7443    26.7486          3  0.000e+00
      64527 292.773722  -45.06756  -51.48046     -0.241    1473.25     44.650     44.283     7.7725     7.7715    -0.0010     7.7682     7.7671    -0.0010   3.535537   3.536033   0.000496    34.2819    34.2882     6.6012     6.3414    -0.2597    26.7440    26.7492          3  0.000e+00
      64528 292.773723  -45.06756  -51.48046     -0.226    1473.25     44.698     44.331     7.7725     7.7712    -0.0013     7.7681     7.7668    -0.0013   3.535544   3.536064   0.000521    34.2820    34.2889     6.5980     6.3461    -0.2519    26.7441    26.7497          3  0.000e+00
      64529 292.773723  -45.06756  -51.48046     -0.213    1473.25     44.650     44.283     7.7723     7.7716    -0.0007     7.7680     7.7673    -0.0007   3.535530   3.536077   0.000546    34.2820    34.2886     6.5978     6.3418    -0.2560    26.7441    26.7494          3  0.000e+00
      64530 292.773723  -45.06756  -51.48046     -0.201    1473.25     44.651     44.283     7.7722     7.7718    -0.0003     7.7678     7.7675    -0.0003   3.535544   3.536052   0.000508    34.2823    34.2881     6.5981     6.3463    -0.2518    26.7444    26.7490          3  0.000e+00
      64531 292.773724  -45.06756  -51.48046     -0.189    1473.25     44.651     44.283     7.7725     7.7716    -0.0009     7.7681     7.7673    -0.0009   3.535550   3.536064   0.000514    34.2821    34.2885     6.6019     6.3427    -0.2592    26.7442    26.7493          3  0.000e+00
      64532 292.773724  -45.06756  -51.48046     -0.176    1473.25     44.698     44.331     7.7723     7.7718    -0.0005     7.7680     7.7675    -0.0005   3.535550   3.536077   0.000527    34.2822    34.2884     6.6023     6.3422    -0.2601    26.7443    26.7492          3  0.000e+00
      64533 292.773725  -45.06756  -51.48046     -0.162    1473.25     44.698     44.331     7.7725     7.7716    -0.0008     7.7681     7.7673    -0.0008   3.535550   3.536077   0.000527    34.2820    34.2885     6.6026     6.3416    -0.2611    26.7442    26.7494          3  0.000e+00
      64534 292.773725  -45.06756  -51.48046     -0.147    1473.25     44.698     44.331     7.7722     7.7719    -0.0002     7.7678     7.7676    -0.0002   3.535511   3.536077   0.000566    34.2819    34.2882     6.6034     6.3409    -0.2626    26.7441    26.7491          3  0.000e+00
      64535 292.773726  -45.06756  -51.48046     -0.129    1473.25     44.753     44.385     7.7723     7.7715    -0.0008     7.7679     7.7671    -0.0008   3.535537   3.536096   0.000559    34.2821    34.2889     6.6038     6.3402    -0.2636    26.7442    26.7497          3  0.000e+00
      64536 292.773726  -45.06756  -51.48046     -0.116    1473.25     44.699     44.331     7.7722     7.7725     0.0003     7.7678     7.7681     0.0003   3.535550   3.536083   0.000533    34.2823    34.2878     6.6041     6.3437    -0.2605    26.7444    26.7487          3  0.000e+00
      64537 292.773727  -45.06756  -51.48046     -0.103    1473.25     44.747     44.378     7.7727     7.7718    -0.0009     7.7683     7.7674    -0.0009   3.535616   3.536096   0.000480    34.2825    34.2886     6.6005     6.3392    -0.2613    26.7445    26.7494          3  0.000e+00
      64538 292.773727  -45.06756  -51.48046     -0.086    1473.25     44.753     44.385     7.7731     7.7723    -0.0008     7.7687     7.7679    -0.0008   3.535675   3.536108   0.000434    34.2828    34.2882     6.6043     6.3382    -0.2661    26.7446    26.7490          3  0.000e+00
      64539 292.773728  -45.06756  -51.48046     -0.071    1473.25     44.753     44.385     7.7732     7.7719    -0.0012     7.7688     7.7676    -0.0012   3.535708   3.536127   0.000420    34.2830    34.2888     6.6046     6.3379    -0.2667    26.7448    26.7495          3  0.000e+00
      64540 292.773728  -45.06756  -51.48046     -0.056    1473.25     44.801     44.433     7.7736     7.7721    -0.0014     7.7692     7.7678    -0.0014   3.535727   3.536115   0.000387    34.2828    34.2884     6.6011     6.3370    -0.2641    26.7446    26.7492          3  0.000e+00
      64541 292.773729  -45.06756  -51.48046     -0.041    1473.25     44.753     44.385     7.7736     7.7720    -0.0016     7.7693     7.7676    -0.0016   3.535767   3.536108   0.000342    34.2832    34.2885     6.6049     6.3366    -0.2683    26.7449    26.7493          3  0.000e+00
      64542 292.773729  -45.06756  -51.48046     -0.021    1473.25     44.849     44.480     7.7738     7.7718    -0.0020     7.7694     7.7674    -0.0020   3.535819   3.536083   0.000264    34.2836    34.2884     6.6049     6.3363    -0.2686    26.7452    26.7492          3  0.000e+00
      64543 292.773730  -45.06756  -51.48046     -0.008    1473.25     44.801     44.433     7.7739     7.7725    -0.0014     7.7695     7.7681    -0.0014   3.535793   3.536077   0.000284    34.2832    34.2877     6.6052     6.3357    -0.2695    26.7449    26.7486          3  0.000e+00
      64544 292.773730  -45.06756  -51.48046      0.010    1473.25     44.849     44.480     7.7740     7.7720    -0.0020     7.7696     7.7676    -0.0020   3.535793   3.536127   0.000334    34.2831    34.2887     6.6017     6.3353    -0.2663    26.7448    26.7494          3  0.000e+00
      64545 292.773731  -45.06756  -51.48046      0.025    1473.25     44.849     44.480     7.7739     7.7721    -0.0018     7.7695     7.7677    -0.0018   3.535780   3.536115   0.000335    34.2831    34.2884     6.6056     6.3348    -0.2707    26.7447    26.7492          3  0.000e+00
      64546 292.773731  -45.06756  -51.48046      0.039    1473.25     44.849     44.480     7.7740     7.7720    -0.0020     7.7696     7.7676    -0.0020   3.535780   3.536127   0.000348    34.2830    34.2887     6.6098     6.3387    -0.2711    26.7446    26.7494          3  0.000e+00
      64547 292.773732  -45.06756  -51.48046      0.057    1473.25     44.904     44.535     7.7739     7.7721    -0.0018     7.7695     7.7677    -0.0018   3.535767   3.536115   0.000348    34.2829    34.2884     6.6063     6.3388    -0.2676    26.7446    26.7492          3  0.000e+00
      64548 292.773732  -45.06756  -51.48046      0.069    1473.25     44.849     44.480     7.7738     7.7723    -0.0015     7.7694     7.7679    -0.0015   3.535773   3.536152   0.000379    34.2831    34.2886     6.6062     6.3387    -0.2675    26.7448    26.7493          3  0.000e+00
      64549 292.773733  -45.06756  -51.48046      0.089    1473.25     44.952     44.582     7.7741     7.7723    -0.0018     7.7698     7.7679    -0.0018   3.535819   3.536216   0.000396    34.2832    34.2893     6.6061     6.3387    -0.2674    26.7448    26.7498          3  0.000e+00
      64550 292.773733  -45.06756  -51.48046      0.106    1473.25     44.952     44.582     7.7739     7.7728    -0.0011     7.7695     7.7684    -0.0011   3.535813   3.536279   0.000466    34.2834    34.2895     6.6104     6.3385    -0.2719    26.7450    26.7500          3  0.000e+00
      64551 292.773734  -45.06756  -51.48046      0.117    1473.25     44.904     44.535     7.7741     7.7730    -0.0012     7.7698     7.7686    -0.0012   3.535845   3.536272   0.000427    34.2835    34.2893     6.6067     6.3383    -0.2684    26.7450    26.7497          3  0.000e+00
      64552 292.773734  -45.06756  -51.48046      0.135    1473.25     45.000     44.630     7.7742     7.7730    -0.0013     7.7699     7.7686    -0.0013   3.535872   3.536285   0.000413    34.2836    34.2893     6.6070     6.3382    -0.2688    26.7451    26.7498          3  0.000e+00
      64553 292.773735  -45.06756  -51.48046      0.147    1473.25     44.952     44.582     7.7744     7.7731    -0.0014     7.7701     7.7687    -0.0014   3.535918   3.536297   0.000380    34.2839    34.2894     6.6107     6.3385    -0.2722    26.7453    26.7498          3  0.000e+00
      64554 292.773735  -45.06756  -51.48046      0.162    1473.25     45.000     44.630     7.7749     7.7726    -0.0023     7.7705     7.7682    -0.0023   3.535950   3.536297   0.000347    34.2838    34.2898     6.6109     6.3383    -0.2726    26.7452    26.7502          3  0.000e+00
      64555 292.773736  -45.06756  -51.48046      0.178    1473.25     45.055     44.684     7.7751     7.7731    -0.0020     7.7707     7.7687    -0.0020   3.535990   3.536272   0.000283    34.2840    34.2891     6.6111     6.3386    -0.2725    26.7453    26.7496          3  0.000e+00
      64556 292.773736  -45.06756  -51.48046      0.194    1473.25     45.055     44.684     7.7751     7.7730    -0.0022     7.7707     7.7686    -0.0022   3.536009   3.536310   0.000301    34.2842    34.2896     6.6112     6.3389    -0.2723    26.7455    26.7500          3  0.000e+00
      64557 292.773736  -45.06756  -51.48046      0.206    1473.25     45.000     44.630     7.7757     7.7735    -0.0023     7.7713     7.7691    -0.0023   3.536075   3.536348   0.000273    34.2844    34.2895     6.6116     6.3390    -0.2726    26.7455    26.7499          3  0.000e+00
