Pos-Processados/process_op38/operantar38_003b.ros
* Sea-Bird SBE 9 Data File:
* FileName = D:\OPERANTAR_XXXVIII\DADOS\OP38_003b.hdr
* Software Version Seasave V 7.12
* Temperature SN = 4808
* Conductivity SN = 3380
* Number of Bytes Per Scan = 31
* Number of Voltage Words = 2
* Number of Scans Averaged by the Deck Unit = 1
* NMEA Latitude = 39 32.86 S
* NMEA Longitude = 054 23.47 W
* NMEA UTC (Time) = Jan 17 2019 09:51:02
** H41
** NAVIO POLAR ALMIRANTE MAXIMIANO
** CRUZEIRO:
** OPERANTAR XXXVIII
** ESTAÇÃO: OP38_003b
** LAT 39º 32,86'S
** LONG 054º 23,47'W
** 09P73767-1155
** PROFUNDIDADE: 2920 m
** DATA/HORA: 170950Z/OUT/2019
** OPERADOR: SO-HN CHAVES
# nquan = 26
# nvalues = 1649                                  
# units = specified
# name 0 = scan: Scan Count
# name 1 = timeJ: Julian Days
# name 2 = latitude: Latitude [deg]
# name 3 = longitude: Longitude [deg]
# name 4 = dz/dtM: Descent Rate [m/s]
# name 5 = avgsvCM: Average Sound Velocity [Chen-Millero, m/s]
# name 6 = prDM: Pressure, Digiquartz [db]
# name 7 = depSM: Depth [salt water, m]
# name 8 = t090C: Temperature [ITS-90, deg C]
# name 9 = t190C: Temperature, 2 [ITS-90, deg C]
# name 10 = T2-T190C: Temperature Difference, 2 - 1 [ITS-90, deg C]
# name 11 = potemp090C: Potential Temperature [ITS-90, deg C]
# name 12 = potemp190C: Potential Temperature, 2 [ITS-90, deg C]
# name 13 = potemp90Cdiff: Potential Temperature, Diff, 2 - 1 [ITS-90, deg C]
# name 14 = c0S/m: Conductivity [S/m]
# name 15 = c1S/m: Conductivity, 2 [S/m]
# name 16 = C2-C1S/m: Conductivity Difference, 2 - 1 [S/m]
# name 17 = sal00: Salinity, Practical [PSU]
# name 18 = sal11: Salinity, Practical, 2 [PSU]
# name 19 = sbeox0ML/L: Oxygen, SBE 43 [ml/l]
# name 20 = sbeox1ML/L: Oxygen, SBE 43, 2 [ml/l]
# name 21 = sbeox0ML/Ldiff: Oxygen, SBE 43, Diff, 2 - 1 [ml/l]
# name 22 = sigma-é00: Density [sigma-theta, kg/m^3]
# name 23 = sigma-é11: Density, 2 [sigma-theta, kg/m^3]
# name 24 = nbf: Bottles Fired
# name 25 = flag:  0.000e+00
# interval = seconds: 0.0416667
# start_time = Jan 17 2019 09:51:02 [NMEA time, header]
# bad_flag = -9.990e-29
*END*
[from data line 558]
       3144  17.411956  -39.54770  -54.39120      0.224    1474.69     35.468     35.195     6.1243     6.1255     0.0012     6.1214     6.1225     0.0012   3.368239   3.368801   0.000563    34.0845    34.0896     7.3813     7.0726    -0.3087    26.8138    26.8177          4  0.000e+00
       3145  17.411956  -39.54770  -54.39120      0.224    1474.69     35.468     35.195     6.1247     6.1246    -0.0001     6.1217     6.1216    -0.0001   3.368187   3.368696   0.000509    34.0836    34.0894     7.3851     7.0731    -0.3120    26.8131    26.8177          4  0.000e+00
       3146  17.411957  -39.54770  -54.39120      0.218    1474.69     35.420     35.147     6.1244     6.1231    -0.0013     6.1214     6.1201    -0.0013   3.368142   3.368566   0.000424    34.0833    34.0894     7.3853     7.0735    -0.3119    26.8129    26.8179          4  0.000e+00
       3147  17.411957  -39.54770  -54.39120      0.217    1474.69     35.516     35.242     6.1242     6.1230    -0.0012     6.1212     6.1200    -0.0012   3.368155   3.368542   0.000387    34.0836    34.0892     7.3857     7.0784    -0.3073    26.8132    26.8177          4  0.000e+00
       3148  17.411957  -39.54770  -54.39120      0.214    1474.69     35.468     35.195     6.1242     6.1218    -0.0024     6.1212     6.1188    -0.0024   3.368161   3.368430   0.000269    34.0837    34.0891     7.3855     7.0747    -0.3107    26.8133    26.8178          4  0.000e+00
       3149  17.411958  -39.54770  -54.39120      0.210    1474.69     35.468     35.195     6.1245     6.1201    -0.0044     6.1215     6.1171    -0.0044   3.368142   3.368270   0.000128    34.0832    34.0891     7.3811     7.0752    -0.3060    26.8128    26.8180          4  0.000e+00
       3150  17.411958  -39.54770  -54.39120      0.205    1474.69     35.468     35.195     6.1242     6.1186    -0.0056     6.1212     6.1156    -0.0056   3.368155   3.368214   0.000059    34.0837    34.0899     7.3852     7.0754    -0.3097    26.8132    26.8189          4  0.000e+00
       3151  17.411959  -39.54770  -54.39120      0.200    1474.69     35.468     35.195     6.1238     6.1196    -0.0042     6.1208     6.1166    -0.0042   3.368136   3.368270   0.000134    34.0839    34.0896     7.3856     7.0799    -0.3057    26.8134    26.8185          4  0.000e+00
       3152  17.411959  -39.54770  -54.39120      0.197    1474.69     35.468     35.195     6.1240     6.1201    -0.0040     6.1210     6.1171    -0.0040   3.368091   3.368369   0.000278    34.0831    34.0902     7.3856     7.0804    -0.3051    26.8128    26.8189          4  0.000e+00
       3153  17.411960  -39.54770  -54.39120      0.196    1474.69     35.523     35.249     6.1232     6.1210    -0.0022     6.1202     6.1180    -0.0022   3.368052   3.368505   0.000453    34.0835    34.0907     7.3857     7.0816    -0.3041    26.8132    26.8192          4  0.000e+00
       3154  17.411960  -39.54770  -54.39120      0.191    1474.69     35.468     35.195     6.1229     6.1217    -0.0012     6.1199     6.1187    -0.0012   3.367885   3.368585   0.000700    34.0819    34.0910     7.3858     7.0820    -0.3037    26.8120    26.8193          4  0.000e+00
       3155  17.411961  -39.54770  -54.39120      0.187    1474.69     35.523     35.249     6.1195     6.1223     0.0028     6.1165     6.1193     0.0028   3.367350   3.368647   0.001296    34.0793    34.0911     7.3866     7.0825    -0.3041    26.8104    26.8193          4  0.000e+00
       3156  17.411961  -39.54770  -54.39120      0.180    1474.69     35.468     35.195     6.1119     6.1234     0.0116     6.1089     6.1205     0.0116   3.366803   3.368659   0.001856    34.0808    34.0901     7.3879     7.0827    -0.3052    26.8125    26.8184          4  0.000e+00
       3157  17.411962  -39.54770  -54.39120      0.178    1474.69     35.516     35.243     6.1079     6.1231     0.0152     6.1049     6.1201     0.0152   3.366675   3.368641   0.001966    34.0834    34.0902     7.3886     7.0840    -0.3047    26.8151    26.8185          4  0.000e+00
       3158  17.411962  -39.54770  -54.39120      0.170    1474.69     35.468     35.195     6.1079     6.1225     0.0146     6.1049     6.1195     0.0146   3.366855   3.368239   0.001384    34.0855    34.0863     7.3886     7.0846    -0.3040    26.8167    26.8155          4  0.000e+00
       3159  17.411963  -39.54770  -54.39120      0.163    1474.69     35.468     35.195     6.1101     6.1157     0.0056     6.1071     6.1127     0.0056   3.367100   3.367497   0.000397    34.0860    34.0848     7.3882     7.0862    -0.3020    26.8168    26.8152          4  0.000e+00
       3160  17.411963  -39.54770  -54.39120      0.162    1474.69     35.523     35.249     6.1116     6.1084    -0.0031     6.1086     6.1055    -0.0031   3.367203   3.367157  -0.000046    34.0856    34.0883     7.3881     7.0877    -0.3004    26.8164    26.8188          4  0.000e+00
       3161  17.411964  -39.54770  -54.39120      0.154    1474.69     35.468     35.195     6.1113     6.1078    -0.0035     6.1083     6.1048    -0.0035   3.367125   3.367225   0.000100    34.0851    34.0897     7.3882     7.0879    -0.3003    26.8160    26.8200          4  0.000e+00
       3162  17.411964  -39.54770  -54.39120      0.151    1474.69     35.523     35.249     6.1104     6.1091    -0.0013     6.1074     6.1061    -0.0013   3.366984   3.367373   0.000390    34.0843    34.0900     7.3886     7.0878    -0.3008    26.8155    26.8202          4  0.000e+00
       3163  17.411965  -39.54770  -54.39120      0.145    1474.69     35.516     35.243     6.1085     6.1108     0.0023     6.1055     6.1078     0.0023   3.366675   3.367342   0.000668    34.0828    34.0879     7.3892     7.0877    -0.3015    26.8145    26.8183          4  0.000e+00
       3164  17.411965  -39.54770  -54.39120      0.137    1474.69     35.468     35.195     6.1075     6.1080     0.0005     6.1045     6.1050     0.0005   3.366649   3.367002   0.000353    34.0835    34.0870     7.3895     7.0928    -0.2966    26.8152    26.8179          4  0.000e+00
       3165  17.411966  -39.54770  -54.39120      0.132    1474.69     35.468     35.195     6.1098     6.1038    -0.0060     6.1068     6.1008    -0.0060   3.367016   3.366712  -0.000304    34.0853    34.0880     7.3933     7.0942    -0.2991    26.8163    26.8192          4  0.000e+00
       3166  17.411966  -39.54770  -54.39120      0.127    1474.69     35.523     35.249     6.1126     6.1020    -0.0106     6.1096     6.0990    -0.0106   3.367222   3.366588  -0.000633    34.0848    34.0883     7.3894     7.0905    -0.2989    26.8156    26.8197          4  0.000e+00
       3167  17.411967  -39.54770  -54.39120      0.118    1474.69     35.468     35.195     6.1129     6.1007    -0.0122     6.1099     6.0977    -0.0122   3.367254   3.366421  -0.000833    34.0849    34.0878     7.3895     7.0905    -0.2989    26.8156    26.8195          4  0.000e+00
       3168  17.411967  -39.54770  -54.39120      0.115    1474.69     35.516     35.243     6.1141     6.0975    -0.0166     6.1111     6.0945    -0.0166   3.367408   3.366341  -0.001067    34.0854    34.0901     7.3895     7.0954    -0.2941    26.8158    26.8217          4  0.000e+00
       3169  17.411968  -39.54770  -54.39120      0.107    1474.69     35.469     35.195     6.1145     6.0971    -0.0174     6.1115     6.0941    -0.0174   3.367351   3.366409  -0.000941    34.0844    34.0913     7.3897     7.0957    -0.2940    26.8150    26.8227          4  0.000e+00
       3170  17.411968  -39.54770  -54.39120      0.099    1474.69     35.469     35.195     6.1150     6.0973    -0.0176     6.1120     6.0943    -0.0176   3.367357   3.366489  -0.000867    34.0840    34.0920     7.3899     7.0966    -0.2933    26.8146    26.8232          4  0.000e+00
       3171  17.411969  -39.54770  -54.39120      0.094    1474.69     35.469     35.195     6.1164     6.0996    -0.0168     6.1134     6.0966    -0.0168   3.367647   3.366706  -0.000941    34.0858    34.0921     7.3939     7.0971    -0.2968    26.8158    26.8230          4  0.000e+00
       3172  17.411969  -39.54770  -54.39120      0.085    1474.69     35.469     35.195     6.1185     6.1018    -0.0167     6.1155     6.0988    -0.0167   3.367853   3.367027  -0.000825    34.0860    34.0935     7.3902     7.0968    -0.2934    26.8158    26.8238          4  0.000e+00
       3173  17.411970  -39.54770  -54.39120      0.079    1474.69     35.469     35.195     6.1200     6.1076    -0.0123     6.1170     6.1046    -0.0123   3.367956   3.367633  -0.000322    34.0857    34.0944     7.3902     7.0957    -0.2945    26.8153    26.8238          4  0.000e+00
       3174  17.411970  -39.54770  -54.39120      0.073    1474.69     35.469     35.195     6.1215     6.1133    -0.0083     6.1185     6.1103    -0.0083   3.368026   3.368103   0.000077    34.0849    34.0941     7.3903     7.0954    -0.2949    26.8145    26.8228          4  0.000e+00
       3175  17.411970  -39.54770  -54.39120      0.063    1474.69     35.421     35.148     6.1217     6.1175    -0.0043     6.1188     6.1145    -0.0043   3.367968   3.368387   0.000419    34.0841    34.0931     7.3906     7.0953    -0.2953    26.8138    26.8215          4  0.000e+00
       3176  17.411971  -39.54770  -54.39120      0.056    1474.69     35.469     35.195     6.1217     6.1202    -0.0015     6.1187     6.1172    -0.0015   3.367930   3.368579   0.000649    34.0836    34.0924     7.3910     7.0947    -0.2963    26.8135    26.8206          4  0.000e+00
       3177  17.411971  -39.54770  -54.39120      0.052    1474.69     35.469     35.195     6.1217     6.1225     0.0007     6.1187     6.1195     0.0007   3.367923   3.368653   0.000730    34.0835    34.0910     7.3914     7.0941    -0.2973    26.8134    26.8192          4  0.000e+00
       3178  17.411972  -39.54770  -54.39120      0.041    1474.69     35.414     35.141     6.1221     6.1231     0.0010     6.1191     6.1201     0.0010   3.367988   3.368659   0.000672    34.0839    34.0904     7.3917     7.0937    -0.2980    26.8137    26.8187          4  0.000e+00
       3179  17.411972  -39.54770  -54.39120      0.033    1474.69     35.421     35.148     6.1230     6.1238     0.0008     6.1200     6.1208     0.0008   3.368078   3.368616   0.000538    34.0840    34.0893     7.3878     7.0932    -0.2946    26.8136    26.8177          4  0.000e+00
       3180  17.411973  -39.54770  -54.39120      0.026    1474.69     35.421     35.148     6.1232     6.1233     0.0001     6.1202     6.1203     0.0001   3.368078   3.368579   0.000501    34.0838    34.0894     7.3914     7.0928    -0.2986    26.8135    26.8178          4  0.000e+00
       3181  17.411973  -39.54770  -54.39120      0.021    1474.69     35.469     35.195     6.1234     6.1231    -0.0002     6.1204     6.1201    -0.0002   3.368091   3.368591   0.000501    34.0838    34.0896     7.3914     7.0923    -0.2991    26.8134    26.8181          4  0.000e+00
       3182  17.411974  -39.54770  -54.39120      0.013    1474.69     35.373     35.100     6.1234     6.1226    -0.0007     6.1204     6.1196    -0.0007   3.367988   3.368418   0.000430    34.0827    34.0882     7.3914     7.0917    -0.2997    26.8125    26.8170          4  0.000e+00
       3183  17.411974  -39.54770  -54.39120     -0.001    1474.69     35.318     35.046     6.1214     6.1208    -0.0006     6.1184     6.1179    -0.0006   3.367814   3.368356   0.000542    34.0827    34.0894     7.3922     7.0919    -0.3003    26.8128    26.8181          4  0.000e+00
       3184  17.411975  -39.54770  -54.39120     -0.006    1474.69     35.469     35.195     6.1202     6.1217     0.0014     6.1172     6.1187     0.0014   3.367717   3.368517   0.000800    34.0827    34.0903     7.3930     7.0918    -0.3013    26.8130    26.8187          4  0.000e+00
       3185  17.411975  -39.54770  -54.39120     -0.011    1474.69     35.421     35.148     6.1198     6.1223     0.0025     6.1168     6.1193     0.0025   3.367704   3.368548   0.000843    34.0830    34.0900     7.3931     7.0915    -0.3016    26.8133    26.8185          4  0.000e+00
       3186  17.411976  -39.54770  -54.39120     -0.019    1474.69     35.373     35.100     6.1193     6.1226     0.0033     6.1164     6.1196     0.0033   3.367685   3.368560   0.000875    34.0833    34.0898     7.3931     7.0866    -0.3065    26.8135    26.8183          4  0.000e+00
       3187  17.411976  -39.54770  -54.39120     -0.027    1474.69     35.373     35.100     6.1200     6.1228     0.0028     6.1170     6.1198     0.0028   3.367769   3.368548   0.000779    34.0836    34.0895     7.3930     7.0902    -0.3028    26.8137    26.8180          4  0.000e+00
       3188  17.411977  -39.54770  -54.39120     -0.031    1474.69     35.421     35.148     6.1206     6.1225     0.0018     6.1177     6.1195     0.0018   3.367840   3.368492   0.000653    34.0837    34.0892     7.3929     7.0893    -0.3036    26.8137    26.8178          4  0.000e+00
       3189  17.411977  -39.54770  -54.39120     -0.042    1474.69     35.318     35.046     6.1205     6.1226     0.0021     6.1176     6.1197     0.0021   3.367878   3.368498   0.000620    34.0843    34.0892     7.3928     7.0888    -0.3040    26.8142    26.8177          4  0.000e+00
       3190  17.411978  -39.54770  -54.39120     -0.050    1474.69     35.318     35.046     6.1208     6.1223     0.0015     6.1178     6.1193     0.0015   3.367891   3.368554   0.000663    34.0842    34.0901     7.3887     7.0884    -0.3003    26.8140    26.8185          4  0.000e+00
       3191  17.411978  -39.54770  -54.39120     -0.057    1474.69     35.373     35.100     6.1210     6.1225     0.0015     6.1180     6.1195     0.0015   3.367910   3.368591   0.000681    34.0842    34.0903     7.3924     7.0879    -0.3045    26.8141    26.8187          4  0.000e+00
       3192  17.411979  -39.54770  -54.39120     -0.064    1474.69     35.318     35.046     6.1216     6.1230     0.0014     6.1186     6.1200     0.0014   3.368013   3.368622   0.000609    34.0848    34.0902     7.3922     7.0872    -0.3050    26.8144    26.8185          4  0.000e+00
       3193  17.411979  -39.54770  -54.39120     -0.071    1474.69     35.318     35.046     6.1223     6.1234     0.0012     6.1193     6.1205     0.0012   3.368013   3.368610   0.000596    34.0841    34.0896     7.3917     7.0820    -0.3097    26.8138    26.8180          4  0.000e+00
       3194  17.411980  -39.54770  -54.39120     -0.080    1474.69     35.263     34.992     6.1225     6.1231     0.0006     6.1195     6.1201     0.0006   3.367988   3.368579   0.000591    34.0836    34.0896     7.3917     7.0853    -0.3064    26.8134    26.8180          4  0.000e+00
       3195  17.411980  -39.54770  -54.39120     -0.089    1474.69     35.318     35.046     6.1223     6.1225     0.0002     6.1193     6.1195     0.0002   3.367962   3.368523   0.000561    34.0835    34.0896     7.3918     7.0847    -0.3070    26.8133    26.8181          4  0.000e+00
       3196  17.411981  -39.54770  -54.39120     -0.095    1474.69     35.270     34.999     6.1223     6.1226     0.0004     6.1193     6.1197     0.0004   3.367955   3.368579   0.000623    34.0835    34.0901     7.3917     7.0846    -0.3071    26.8133    26.8185          4  0.000e+00
       3197  17.411981  -39.54770  -54.39120     -0.100    1474.69     35.318     35.046     6.1216     6.1228     0.0012     6.1186     6.1198     0.0012   3.367904   3.368604   0.000700    34.0835    34.0902     7.3919     7.0838    -0.3081    26.8134    26.8185          4  0.000e+00
       3198  17.411982  -39.54770  -54.39120     -0.110    1474.69     35.222     34.951     6.1214     6.1231     0.0017     6.1185     6.1201     0.0017   3.367891   3.368647   0.000756    34.0836    34.0904     7.3914     7.0782    -0.3132    26.8135    26.8187          4  0.000e+00
