Pos-Processados/process_op38/operantar38_021.cnv
* Sea-Bird SBE 9 Data File:
* FileName = D:\OPERANTAR_XXXVIII\DADOS\OP38_021.hdr
* Software Version Seasave V 7.18c
* Temperature SN = 4808
* Conductivity SN = 3380
* Number of Bytes Per Scan = 34
* Number of Voltage Words = 3
* Number of Scans Averaged by the Deck Unit = 1
* NMEA Latitude = 62 13.30 S
* NMEA Longitude = 058 22.74 W
* NMEA UTC (Time) = Nov 22 2019 13:35:38
** H41
** NAVIO POLAR ALMIRANTE MAXIMIANO
** CRUZEIRO:
** OPERANTAR XXXVIII
** ESTAÇÃO: OP38_021
** LAT 62 13,29'S
** LONG 058 22,75'W
** 09P73767-1155_A
** PROFUNDIDADE: 271
** DATA/HORA: 221336Z/NOV/2019
** OPERADOR: SO-HN CHAVES
# nquan = 30
# nvalues = 460                         
# units = specified
# name 0 = scan: Scan Count
# name 1 = timeJ: Julian Days
# name 2 = latitude: Latitude [deg]
# name 3 = longitude: Longitude [deg]
# name 4 = dz/dtM: Descent Rate [m/s]
# name 5 = avgsvCM: Average Sound Velocity [Chen-Millero, m/s]
# name 6 = prDM: Pressure, Digiquartz [db]
# name 7 = depSM: Depth [salt water, m]
# name 8 = t090C: Temperature [ITS-90, deg C]
# name 9 = t190C: Temperature, 2 [ITS-90, deg C]
# name 10 = T2-T190C: Temperature Difference, 2 - 1 [ITS-90, deg C]
# name 11 = potemp090C: Potential Temperature [ITS-90, deg C]
# name 12 = potemp190C: Potential Temperature, 2 [ITS-90, deg C]
# name 13 = potemp90Cdiff: Potential Temperature, Diff, 2 - 1 [ITS-90, deg C]
# name 14 = c0S/m: Conductivity [S/m]
# name 15 = c1S/m: Conductivity, 2 [S/m]
# name 16 = C2-C1S/m: Conductivity Difference, 2 - 1 [S/m]
# name 17 = sal00: Salinity, Practical [PSU]
# name 18 = sal11: Salinity, Practical, 2 [PSU]
# name 19 = sbeox0ML/L: Oxygen, SBE 43 [ml/l]
# name 20 = sigma-é00: Density [sigma-theta, kg/m^3]
# name 21 = sigma-é11: Density, 2 [sigma-theta, kg/m^3]
# name 22 = sal00: Salinity, Practical [PSU]
# name 23 = sigma-é00: Density [sigma-theta, kg/m^3]
# name 24 = svCM: Sound Velocity [Chen-Millero, m/s]
# name 25 = svCM1: Sound Velocity, 2 [Chen-Millero, m/s]
# name 26 = gsw_ptA0: potential temperature [ITS-90, deg C]
# name 27 = gsw_densityA0: density, TEOS-10 [density, kg/m^3]
# name 28 = gsw_saA0: Absolute Salinity [g/kg]
# name 29 = flag:
# span 0 =        115,      19423       
# span 1 = 326.566467, 326.575778       
# span 2 =  -62.22180,  -62.22178       
# span 3 =  -58.37916,  -58.37914       
# span 4 =     -0.934,      0.944       
# span 5 =       0.00,    1447.94       
# span 6 =      2.000,    232.000       
# span 7 =      1.984,    229.637       
# span 8 =    -0.5713,    -0.3351       
# span 9 =    -0.5726,    -0.3220       
# span 10 =    -0.0168,     0.0269      
# span 11 =    -0.5786,    -0.3352      
# span 12 =    -0.5799,    -0.3221      
# span 13 =    -0.0168,     0.0269      
# span 14 =   2.807432,   2.814514      
# span 15 =   2.807944,   2.815082      
# span 16 =  -0.000374,   0.001569      
# span 17 =    34.1829,    34.3150      
# span 18 =    34.1721,    34.3230      
# span 19 =     6.8985,     7.5991      
# span 20 =    27.4639,    27.5810      
# span 21 =    27.4552,    27.5875      
# span 22 =    34.1828,    34.3150      
# span 23 =    27.4637,    27.5809      
# span 24 =    1446.28,    1449.35      
# span 25 =    1446.30,    1449.36      
# span 26 =    -0.5785,    -0.3352      
# span 27 =  1027.4779,  1028.6944      
# span 28 =    34.3475,    34.4824      
# span 29 = 0.0000e+00, 0.0000e+00      
# interval = decibars: 1                
# start_time = Nov 22 2019 13:35:38 [NMEA time, header]
# bad_flag = -9.990e-29
*END*
[from data line 291]
      13704 326.573021  -62.22178  -58.37916     -0.682    1447.92    171.000    169.288    -0.5304    -0.5300     0.0004    -0.5358    -0.5354     0.0004   2.809911   2.810525   0.000608    34.2444    34.2521     7.2050    27.5220    27.5281    34.2442    27.5218    1448.45    1448.46    -0.5357  1028.3443    34.4110 0.0000e+00
      13741 326.573038  -62.22178  -58.37916     -0.654    1447.92    170.000    168.298    -0.5310    -0.5303     0.0007    -0.5363    -0.5356     0.0007   2.809699   2.810305   0.000606    34.2427    34.2501     7.2133    27.5206    27.5265    34.2426    27.5205    1448.43    1448.44    -0.5362  1028.3382    34.4094 0.0000e+00
      13780 326.573057  -62.22178  -58.37916     -0.623    1447.92    169.000    167.309    -0.5310    -0.5307     0.0003    -0.5364    -0.5360     0.0003   2.809616   2.810151   0.000534    34.2424    34.2491     7.2256    27.5203    27.5258    34.2422    27.5202    1448.41    1448.42    -0.5362  1028.3331    34.4090 0.0000e+00
      13817 326.573075  -62.22178  -58.37916     -0.637    1447.92    168.000    166.319    -0.5313    -0.5312     0.0002    -0.5366    -0.5364     0.0002   2.809410   2.809967   0.000562    34.2405    34.2478     7.2350    27.5188    27.5247    34.2404    27.5187    1448.39    1448.40    -0.5365  1028.3269    34.4071 0.0000e+00
      13849 326.573090  -62.22178  -58.37916     -0.733    1447.92    167.000    165.330    -0.5315    -0.5313     0.0001    -0.5367    -0.5366     0.0001   2.809248   2.809861   0.000606    34.2391    34.2472     7.2330    27.5177    27.5242    34.2390    27.5176    1448.37    1448.38    -0.5366  1028.3210    34.4057 0.0000e+00
      13877 326.573104  -62.22178  -58.37916     -0.825    1447.92    166.000    164.341    -0.5315    -0.5316     0.0000    -0.5367    -0.5368     0.0000   2.809148   2.809750   0.000594    34.2386    34.2465     7.2270    27.5173    27.5237    34.2383    27.5171    1448.35    1448.37    -0.5366  1028.3157    34.4050 0.0000e+00
      13906 326.573118  -62.22178  -58.37916     -0.838    1447.92    165.000    163.351    -0.5318    -0.5317     0.0000    -0.5369    -0.5369     0.0000   2.808990   2.809568   0.000585    34.2371    34.2449     7.2388    27.5161    27.5224    34.2370    27.5160    1448.34    1448.35    -0.5368  1028.3099    34.4038 0.0000e+00
      13939 326.573134  -62.22178  -58.37916     -0.743    1447.92    164.000    162.361    -0.5318    -0.5319    -0.0001    -0.5370    -0.5371    -0.0001   2.808919   2.809434   0.000517    34.2369    34.2440     7.2431    27.5159    27.5216    34.2368    27.5158    1448.32    1448.33    -0.5368  1028.3049    34.4035 0.0000e+00
      13969 326.573148  -62.22178  -58.37916     -0.769    1447.92    163.000    161.372    -0.5317    -0.5321    -0.0003    -0.5368    -0.5372    -0.0003   2.808867   2.809343   0.000477    34.2367    34.2435     7.2531    27.5158    27.5212    34.2366    27.5157    1448.30    1448.31    -0.5367  1028.3000    34.4033 0.0000e+00
      13996 326.573161  -62.22178  -58.37916     -0.858    1447.92    162.000    160.382    -0.5317    -0.5322    -0.0004    -0.5368    -0.5372    -0.0004   2.808832   2.809280   0.000451    34.2368    34.2433     7.2636    27.5158    27.5212    34.2367    27.5158    1448.29    1448.29    -0.5367  1028.2953    34.4034 0.0000e+00
      14023 326.573174  -62.22178  -58.37916     -0.893    1447.92    161.000    159.392    -0.5318    -0.5323    -0.0005    -0.5369    -0.5374    -0.0005   2.808785   2.809235   0.000449    34.2369    34.2435     7.2652    27.5159    27.5213    34.2368    27.5159    1448.27    1448.28    -0.5367  1028.2906    34.4035 0.0000e+00
      14051 326.573187  -62.22178  -58.37916     -0.879    1447.92    160.000    158.403    -0.5319    -0.5324    -0.0005    -0.5369    -0.5374    -0.0005   2.808705   2.809195   0.000491    34.2364    34.2436     7.2604    27.5155    27.5214    34.2364    27.5155    1448.25    1448.26    -0.5368  1028.2855    34.4031 0.0000e+00
      14077 326.573200  -62.22178  -58.37916     -0.887    1447.92    159.000    157.413    -0.5318    -0.5325    -0.0007    -0.5368    -0.5374    -0.0007   2.808658   2.809115   0.000460    34.2364    34.2433     7.2554    27.5155    27.5211    34.2363    27.5154    1448.24    1448.24    -0.5367  1028.2807    34.4030 0.0000e+00
      14103 326.573213  -62.22178  -58.37916     -0.914    1447.92    158.000    156.423    -0.5319    -0.5325    -0.0006    -0.5368    -0.5374    -0.0006   2.808612   2.809061   0.000450    34.2364    34.2431     7.2544    27.5155    27.5210    34.2364    27.5155    1448.22    1448.23    -0.5367  1028.2759    34.4030 0.0000e+00
      14129 326.573225  -62.22178  -58.37916     -0.934    1447.92    157.000    155.434    -0.5319    -0.5324    -0.0006    -0.5368    -0.5374    -0.0006   2.808566   2.809011   0.000445    34.2364    34.2430     7.2605    27.5155    27.5209    34.2364    27.5155    1448.20    1448.21    -0.5367  1028.2712    34.4030 0.0000e+00
      14155 326.573238  -62.22178  -58.37916     -0.924    1447.92    156.000    154.444    -0.5318    -0.5325    -0.0007    -0.5367    -0.5374    -0.0007   2.808507   2.808955   0.000448    34.2362    34.2430     7.2592    27.5153    27.5209    34.2361    27.5152    1448.19    1448.19    -0.5366  1028.2662    34.4027 0.0000e+00
      14185 326.573253  -62.22178  -58.37916     -0.832    1447.92    155.000    153.454    -0.5318    -0.5326    -0.0008    -0.5367    -0.5374    -0.0008   2.808439   2.808892   0.000455    34.2359    34.2429     7.2600    27.5151    27.5208    34.2358    27.5150    1448.17    1448.18    -0.5365  1028.2612    34.4025 0.0000e+00
      14218 326.573268  -62.22178  -58.37916     -0.741    1447.92    154.000    152.465    -0.5317    -0.5325    -0.0008    -0.5365    -0.5373    -0.0008   2.808383   2.808830   0.000447    34.2356    34.2425     7.2544    27.5149    27.5205    34.2356    27.5148    1448.16    1448.16    -0.5364  1028.2562    34.4022 0.0000e+00
      14250 326.573284  -62.22178  -58.37916     -0.747    1447.92    153.000    151.475    -0.5316    -0.5324    -0.0008    -0.5364    -0.5372    -0.0008   2.808327   2.808772   0.000447    34.2354    34.2423     7.2555    27.5147    27.5203    34.2353    27.5146    1448.14    1448.14    -0.5363  1028.2512    34.4020 0.0000e+00
      14278 326.573297  -62.22178  -58.37916     -0.822    1447.92    152.000    150.485    -0.5317    -0.5325    -0.0008    -0.5364    -0.5373    -0.0008   2.808275   2.808715   0.000441    34.2354    34.2423     7.2529    27.5147    27.5203    34.2353    27.5146    1448.12    1448.13    -0.5363  1028.2464    34.4019 0.0000e+00
      14305 326.573310  -62.22178  -58.37916     -0.884    1447.92    151.000    149.496    -0.5315    -0.5326    -0.0011    -0.5362    -0.5373    -0.0011   2.808214   2.808651   0.000439    34.2349    34.2421     7.2543    27.5143    27.5201    34.2349    27.5143    1448.11    1448.11    -0.5361  1028.2413    34.4015 0.0000e+00
      14332 326.573323  -62.22178  -58.37916     -0.895    1447.92    150.000    148.506    -0.5314    -0.5325    -0.0011    -0.5360    -0.5371    -0.0011   2.808150   2.808594   0.000444    34.2345    34.2418     7.2647    27.5140    27.5198    34.2345    27.5140    1448.09    1448.09    -0.5360  1028.2362    34.4011 0.0000e+00
      14360 326.573337  -62.22178  -58.37916     -0.855    1447.92    149.000    147.521    -0.5315    -0.5323    -0.0008    -0.5362    -0.5370    -0.0008   2.808107   2.808530   0.000425    34.2348    34.2414     7.2657    27.5142    27.5195    34.2347    27.5141    1448.07    1448.08    -0.5361  1028.2316    34.4013 0.0000e+00
      14389 326.573351  -62.22178  -58.37916     -0.827    1447.92    148.000    146.522    -0.5315    -0.5323    -0.0008    -0.5361    -0.5370    -0.0008   2.808047   2.808483   0.000434    34.2346    34.2413     7.2618    27.5140    27.5195    34.2345    27.5140    1448.06    1448.06    -0.5360  1028.2267    34.4011 0.0000e+00
      14419 326.573365  -62.22178  -58.37916     -0.824    1447.92    147.000    145.537    -0.5314    -0.5323    -0.0009    -0.5360    -0.5369    -0.0009   2.807997   2.808438   0.000443    34.2343    34.2413     7.2587    27.5138    27.5195    34.2343    27.5138    1448.04    1448.05    -0.5359  1028.2217    34.4009 0.0000e+00
      14447 326.573379  -62.22178  -58.37916     -0.829    1447.92    146.000    144.547    -0.5312    -0.5323    -0.0011    -0.5357    -0.5368    -0.0011   2.807934   2.808373   0.000440    34.2339    34.2410     7.2694    27.5134    27.5193    34.2338    27.5134    1448.03    1448.03    -0.5356  1028.2165    34.4004 0.0000e+00
      14477 326.573393  -62.22178  -58.37916     -0.820    1447.92    145.000    143.557    -0.5312    -0.5322    -0.0010    -0.5357    -0.5367    -0.0010   2.807883   2.808318   0.000435    34.2338    34.2408     7.2745    27.5134    27.5191    34.2338    27.5133    1448.01    1448.01    -0.5356  1028.2117    34.4003 0.0000e+00
      14508 326.573408  -62.22178  -58.37916     -0.790    1447.92    144.000    142.568    -0.5312    -0.5322    -0.0010    -0.5357    -0.5367    -0.0010   2.807825   2.808253   0.000431    34.2336    34.2406     7.2743    27.5132    27.5189    34.2336    27.5132    1447.99    1448.00    -0.5356  1028.2068    34.4001 0.0000e+00
      14540 326.573423  -62.22178  -58.37916     -0.757    1447.92    143.000    141.578    -0.5311    -0.5320    -0.0009    -0.5356    -0.5364    -0.0009   2.807757   2.808194   0.000436    34.2332    34.2401     7.2688    27.5129    27.5185    34.2332    27.5129    1447.98    1447.98    -0.5355  1028.2017    34.3997 0.0000e+00
      14571 326.573438  -62.22178  -58.37916     -0.766    1447.92    142.000    140.588    -0.5310    -0.5319    -0.0009    -0.5355    -0.5364    -0.0009   2.807709   2.808137   0.000427    34.2331    34.2399     7.2704    27.5128    27.5183    34.2331    27.5128    1447.96    1447.96    -0.5353  1028.1968    34.3996 0.0000e+00
      14601 326.573453  -62.22178  -58.37916     -0.793    1447.92    141.000    139.599    -0.5303    -0.5319    -0.0016    -0.5347    -0.5363    -0.0016   2.807606   2.808079   0.000474    34.2315    34.2397     7.2769    27.5115    27.5181    34.2315    27.5115    1447.94    1447.95    -0.5346  1028.1907    34.3980 0.0000e+00
      14630 326.573467  -62.22178  -58.37916     -0.814    1447.92    140.000    138.609    -0.5293    -0.5317    -0.0024    -0.5337    -0.5361    -0.0024   2.807601   2.807992   0.000400    34.2308    34.2389     7.2766    27.5109    27.5175    34.2309    27.5110    1447.93    1447.93    -0.5336  1028.1855    34.3974 0.0000e+00
      14659 326.573481  -62.22178  -58.37916     -0.826    1447.92    139.000    137.619    -0.5269    -0.5312    -0.0043    -0.5312    -0.5355    -0.0043   2.807656   2.807978   0.000332    34.2294    34.2388     7.2747    27.5096    27.5174    34.2295    27.5097    1447.92    1447.92    -0.5311  1028.1794    34.3960 0.0000e+00
      14689 326.573496  -62.22178  -58.37916     -0.805    1447.92    138.000    136.630    -0.5251    -0.5303    -0.0053    -0.5294    -0.5346    -0.0053   2.807659   2.807973   0.000322    34.2280    34.2383     7.2847    27.5084    27.5169    34.2281    27.5085    1447.92    1447.90    -0.5293  1028.1734    34.3946 0.0000e+00
      14721 326.573511  -62.22178  -58.37916     -0.765    1447.92    137.000    135.640    -0.5249    -0.5291    -0.0043    -0.5291    -0.5334    -0.0043   2.807622   2.807967   0.000349    34.2279    34.2375     7.2946    27.5083    27.5162    34.2281    27.5084    1447.90    1447.89    -0.5291  1028.1686    34.3945 0.0000e+00
      14751 326.573525  -62.22178  -58.37915     -0.779    1447.92    136.000    134.654    -0.5243    -0.5283    -0.0040    -0.5285    -0.5325    -0.0040   2.807618   2.807944   0.000327    34.2278    34.2367     7.3038    27.5082    27.5156    34.2280    27.5083    1447.89    1447.88    -0.5284  1028.1637    34.3944 0.0000e+00
      14779 326.573539  -62.22178  -58.37914     -0.846    1447.92    135.000    133.656    -0.5182    -0.5272    -0.0090    -0.5224    -0.5313    -0.0090   2.807911   2.808004   0.000119    34.2251    34.2368     7.3000    27.5057    27.5156    34.2256    27.5062    1447.90    1447.87    -0.5223  1028.1567    34.3920 0.0000e+00
      14806 326.573552  -62.22178  -58.37915     -0.877    1447.92    134.000    132.675    -0.5125    -0.5255    -0.0130    -0.5167    -0.5296    -0.0130   2.808171   2.808149   0.000018    34.2224    34.2373     7.2968    27.5033    27.5159    34.2233    27.5040    1447.90    1447.86    -0.5166  1028.1498    34.3897 0.0000e+00
      14837 326.573567  -62.22178  -58.37916     -0.810    1447.92    133.000    131.677    -0.5064    -0.5218    -0.0154    -0.5106    -0.5260    -0.0154   2.808363   2.808389   0.000032    34.2192    34.2370     7.3069    27.5004    27.5155    34.2197    27.5008    1447.91    1447.86    -0.5105  1028.1417    34.3860 0.0000e+00
      14871 326.573583  -62.22178  -58.37916     -0.709    1447.92    132.000    130.691    -0.5042    -0.5180    -0.0137    -0.5084    -0.5221    -0.0137   2.808455   2.808364  -0.000057    34.2183    34.2331     7.3307    27.4996    27.5122    34.2190    27.5002    1447.90    1447.86    -0.5082  1028.1364    34.3854 0.0000e+00
      14903 326.573599  -62.22178  -58.37916     -0.729    1447.92    131.000    129.701    -0.5023    -0.5154    -0.0131    -0.5064    -0.5195    -0.0131   2.808475   2.808432  -0.000050    34.2173    34.2314     7.3524    27.4987    27.5107    34.2177    27.4991    1447.89    1447.85    -0.5063  1028.1304    34.3841 0.0000e+00
      14933 326.573613  -62.22178  -58.37914     -0.799    1447.92    130.000    128.711    -0.5024    -0.5126    -0.0102    -0.5065    -0.5166    -0.0102   2.808424   2.808564   0.000137    34.2174    34.2307     7.3581    27.4988    27.5101    34.2178    27.4991    1447.88    1447.85    -0.5064  1028.1257    34.3841 0.0000e+00
      14961 326.573627  -62.22178  -58.37914     -0.835    1447.92    129.000    127.722    -0.5029    -0.5101    -0.0072    -0.5070    -0.5142    -0.0072   2.808353   2.808558   0.000200    34.2177    34.2285     7.3603    27.4991    27.5082    34.2180    27.4993    1447.86    1447.84    -0.5069  1028.1212    34.3844 0.0000e+00
      14990 326.573641  -62.22178  -58.37914     -0.834    1447.92    128.000    126.732    -0.5029    -0.5083    -0.0054    -0.5069    -0.5123    -0.0054   2.808313   2.808506   0.000185    34.2178    34.2264     7.3617    27.4991    27.5063    34.2180    27.4993    1447.84    1447.83    -0.5068  1028.1164    34.3843 0.0000e+00
      15020 326.573655  -62.22178  -58.37914     -0.816    1447.92    127.000    125.742    -0.5028    -0.5071    -0.0043    -0.5067    -0.5110    -0.0043   2.808265   2.808474   0.000198    34.2177    34.2252     7.3608    27.4990    27.5053    34.2179    27.4992    1447.83    1447.82    -0.5067  1028.1115    34.3842 0.0000e+00
      15051 326.573670  -62.22178  -58.37916     -0.783    1447.92    126.000    124.754    -0.5023    -0.5061    -0.0037    -0.5062    -0.5100    -0.0037   2.808239   2.808456   0.000208    34.2175    34.2244     7.3614    27.4988    27.5046    34.2177    27.4990    1447.81    1447.80    -0.5062  1028.1065    34.3839 0.0000e+00
      15081 326.573685  -62.22178  -58.37916     -0.780    1447.92    125.000    123.761    -0.5019    -0.5052    -0.0033    -0.5058    -0.5091    -0.0033   2.808207   2.808444   0.000228    34.2172    34.2240     7.3645    27.4986    27.5043    34.2173    27.4987    1447.80    1447.79    -0.5057  1028.1014    34.3836 0.0000e+00
