Pos-Processados/process_op38/operantar38_009.ros
* Sea-Bird SBE 9 Data File:
* FileName = D:\OPERANTAR_XXXVIII\DADOS\OP38_009.hdr
* Software Version Seasave V 7.18c
* Temperature SN = 4808
* Conductivity SN = 3380
* Number of Bytes Per Scan = 31
* Number of Voltage Words = 2
* Number of Scans Averaged by the Deck Unit = 1
* NMEA Latitude = 44 15.92 S
* NMEA Longitude = 052 42.25 W
* NMEA UTC (Time) = Oct 20 2019 07:17:42
** H41
** NAVIO POLAR ALMIRANTE MAXIMIANO
** CRUZEIRO:
** OPERANTAR XXXVIII
** ESTAÇÃO: OP38_009
** LAT 44º 15,92'S
** LONG 052º 42,27'W
** 09P73767-1155
** PROFUNDIDADE: 5806
** DATA/HORA: 200718Z/OUT/19
** OPERADOR: CTTECCHIO
# nquan = 24
# nvalues = 2170                                  
# units = specified
# name 0 = scan: Scan Count
# name 1 = timeJ: Julian Days
# name 2 = latitude: Latitude [deg]
# name 3 = longitude: Longitude [deg]
# name 4 = dz/dtM: Descent Rate [m/s]
# name 5 = avgsvCM: Average Sound Velocity [Chen-Millero, m/s]
# name 6 = prDM: Pressure, Digiquartz [db]
# name 7 = depSM: Depth [salt water, m]
# name 8 = t090C: Temperature [ITS-90, deg C]
# name 9 = t190C: Temperature, 2 [ITS-90, deg C]
# name 10 = T2-T190C: Temperature Difference, 2 - 1 [ITS-90, deg C]
# name 11 = potemp090C: Potential Temperature [ITS-90, deg C]
# name 12 = potemp190C: Potential Temperature, 2 [ITS-90, deg C]
# name 13 = potemp90Cdiff: Potential Temperature, Diff, 2 - 1 [ITS-90, deg C]
# name 14 = c0S/m: Conductivity [S/m]
# name 15 = c1S/m: Conductivity, 2 [S/m]
# name 16 = C2-C1S/m: Conductivity Difference, 2 - 1 [S/m]
# name 17 = sal00: Salinity, Practical [PSU]
# name 18 = sal11: Salinity, Practical, 2 [PSU]
# name 19 = sbeox0ML/L: Oxygen, SBE 43 [ml/l]
# name 20 = sigma-é00: Density [sigma-theta, kg/m^3]
# name 21 = sigma-é11: Density, 2 [sigma-theta, kg/m^3]
# name 22 = nbf: Bottles Fired
# name 23 = flag:  0.000e+00
# interval = seconds: 0.0416667
# start_time = Oct 20 2019 07:17:42 [NMEA time, header]
# bad_flag = -9.990e-29
*END*
[from data line 2114]
      61118 293.333432  -44.26540  -52.70418     -0.031    1497.43     21.645     21.470    14.1127    14.1127     0.0000    14.1095    14.1096     0.0000   4.275021   4.275739   0.000718    35.6458    35.6524     5.2650    26.6631    26.6683         12  0.000e+00
      61119 293.333433  -44.26540  -52.70418     -0.032    1497.43     21.659     21.483    14.1125    14.1129     0.0004    14.1094    14.1097     0.0004   4.275085   4.275787   0.000702    35.6465    35.6527     5.2647    26.6637    26.6684         12  0.000e+00
      61120 293.333433  -44.26540  -52.70418     -0.033    1497.43     21.645     21.470    14.1127    14.1127     0.0000    14.1095    14.1096     0.0000   4.275057   4.275773   0.000717    35.6461    35.6527     5.2643    26.6634    26.6685         12  0.000e+00
      61121 293.333434  -44.26540  -52.70418     -0.032    1497.43     21.659     21.483    14.1125    14.1127     0.0002    14.1093    14.1096     0.0002   4.275064   4.275794   0.000730    35.6463    35.6529     5.2672    26.6636    26.6687         12  0.000e+00
      61122 293.333434  -44.26540  -52.70418     -0.033    1497.43     21.645     21.470    14.1127    14.1124    -0.0003    14.1095    14.1092    -0.0003   4.275014   4.275746   0.000732    35.6457    35.6528     5.2670    26.6631    26.6686         12  0.000e+00
      61123 293.333435  -44.26540  -52.70418     -0.034    1497.43     21.659     21.483    14.1122    14.1129     0.0007    14.1090    14.1097     0.0007   4.275057   4.275753   0.000696    35.6466    35.6524     5.2637    26.6639    26.6682         12  0.000e+00
      61124 293.333435  -44.26540  -52.70418     -0.028    1497.43     21.700     21.524    14.1123    14.1129     0.0006    14.1092    14.1097     0.0006   4.275050   4.275739   0.000690    35.6463    35.6522     5.2666    26.6636    26.6681         12  0.000e+00
      61125 293.333436  -44.26540  -52.70418     -0.029    1497.43     21.659     21.483    14.1125    14.1126     0.0001    14.1093    14.1094     0.0001   4.275064   4.275760   0.000696    35.6463    35.6528     5.2632    26.6636    26.6686         12  0.000e+00
      61126 293.333436  -44.26540  -52.70418     -0.032    1497.43     21.597     21.422    14.1122    14.1126     0.0004    14.1090    14.1094     0.0004   4.274993   4.275712   0.000719    35.6460    35.6523     5.2661    26.6634    26.6682         12  0.000e+00
      61127 293.333437  -44.26540  -52.70418     -0.029    1497.43     21.659     21.483    14.1118    14.1120     0.0002    14.1087    14.1089     0.0002   4.274943   4.275664   0.000721    35.6458    35.6524     5.2629    26.6633    26.6684         12  0.000e+00
      61128 293.333437  -44.26540  -52.70418     -0.029    1497.43     21.700     21.524    14.1110    14.1115     0.0006    14.1078    14.1084     0.0006   4.274851   4.275658   0.000806    35.6457    35.6527     5.2627    26.6635    26.6688         12  0.000e+00
      61129 293.333438  -44.26540  -52.70418     -0.032    1497.43     21.611     21.436    14.1101    14.1117     0.0016    14.1070    14.1086     0.0016   4.274795   4.275712   0.000917    35.6460    35.6531     5.2656    26.6639    26.6690         12  0.000e+00
      61130 293.333438  -44.26540  -52.70418     -0.032    1497.43     21.645     21.470    14.1097    14.1120     0.0024    14.1065    14.1089     0.0024   4.274759   4.275705   0.000946    35.6461    35.6527     5.2624    26.6640    26.6687         12  0.000e+00
      61131 293.333438  -44.26540  -52.70418     -0.029    1497.43     21.659     21.483    14.1098    14.1124     0.0026    14.1066    14.1092     0.0026   4.274752   4.275698   0.000946    35.6459    35.6524     5.2656    26.6639    26.6683         12  0.000e+00
      61132 293.333439  -44.26540  -52.70418     -0.028    1497.43     21.645     21.470    14.1096    14.1119     0.0023    14.1065    14.1087     0.0023   4.274774   4.275637   0.000864    35.6463    35.6522     5.2623    26.6642    26.6683         12  0.000e+00
      61133 293.333439  -44.26540  -52.70418     -0.028    1497.43     21.659     21.483    14.1097    14.1119     0.0022    14.1065    14.1087     0.0022   4.274788   4.275617   0.000829    35.6464    35.6521     5.2620    26.6642    26.6682         12  0.000e+00
      61134 293.333440  -44.26540  -52.70418     -0.027    1497.43     21.645     21.470    14.1097    14.1114     0.0017    14.1065    14.1082     0.0017   4.274809   4.275563   0.000754    35.6466    35.6520     5.2617    26.6644    26.6682         12  0.000e+00
      61135 293.333440  -44.26540  -52.70418     -0.029    1497.43     21.659     21.483    14.1098    14.1095    -0.0002    14.1066    14.1064    -0.0002   4.274795   4.275297   0.000503    35.6464    35.6513     5.2614    26.6642    26.6681         12  0.000e+00
      61136 293.333441  -44.26540  -52.70418     -0.028    1497.43     21.645     21.470    14.1098    14.1069    -0.0028    14.1067    14.1038    -0.0028   4.274809   4.275053   0.000244    35.6464    35.6514     5.2614    26.6643    26.6687         12  0.000e+00
      61137 293.333441  -44.26540  -52.70418     -0.024    1497.43     21.659     21.483    14.1093    14.1069    -0.0023    14.1061    14.1038    -0.0023   4.274766   4.275107   0.000341    35.6465    35.6519     5.2615    26.6644    26.6691         12  0.000e+00
      61138 293.333442  -44.26540  -52.70418     -0.026    1497.43     21.645     21.470    14.1090    14.1075    -0.0015    14.1058    14.1043    -0.0015   4.274667   4.275250   0.000582    35.6459    35.6527     5.2616    26.6640    26.6696         12  0.000e+00
      61139 293.333442  -44.26540  -52.70418     -0.028    1497.43     21.611     21.436    14.1084    14.1081    -0.0003    14.1053    14.1050    -0.0003   4.274554   4.275291   0.000736    35.6454    35.6525     5.2650    26.6637    26.6693         12  0.000e+00
      61140 293.333443  -44.26540  -52.70418     -0.026    1497.43     21.645     21.470    14.1074    14.1081     0.0007    14.1043    14.1050     0.0007   4.274469   4.275345   0.000876    35.6455    35.6530     5.2622    26.6640    26.6697         12  0.000e+00
      61141 293.333443  -44.26540  -52.70418     -0.031    1497.43     21.611     21.436    14.1071    14.1085     0.0014    14.1040    14.1053     0.0014   4.274540   4.275250   0.000710    35.6464    35.6518     5.2655    26.6648    26.6687         12  0.000e+00
      61142 293.333444  -44.26540  -52.70418     -0.026    1497.43     21.645     21.470    14.1076    14.1065    -0.0011    14.1044    14.1033    -0.0011   4.274568   4.275107   0.000539    35.6463    35.6523     5.2659    26.6646    26.6695         12  0.000e+00
      61143 293.333444  -44.26540  -52.70418     -0.030    1497.43     21.611     21.436    14.1071    14.1059    -0.0012    14.1040    14.1028    -0.0012   4.274568   4.274985   0.000416    35.6467    35.6517     5.2663    26.6650    26.6691         12  0.000e+00
      61144 293.333445  -44.26540  -52.70418     -0.028    1497.43     21.645     21.470    14.1073    14.1051    -0.0022    14.1041    14.1020    -0.0022   4.274533   4.274903   0.000370    35.6462    35.6517     5.2667    26.6646    26.6693         12  0.000e+00
      61145 293.333445  -44.26540  -52.70418     -0.028    1497.43     21.611     21.436    14.1067    14.1041    -0.0026    14.1036    14.1010    -0.0026   4.274441   4.274828   0.000387    35.6459    35.6519     5.2672    26.6645    26.6697         12  0.000e+00
      61146 293.333446  -44.26540  -52.70418     -0.029    1497.43     21.645     21.470    14.1047    14.1034    -0.0013    14.1016    14.1003    -0.0013   4.274193   4.274815   0.000622    35.6454    35.6524     5.2676    26.6646    26.6703         12  0.000e+00
      61147 293.333446  -44.26540  -52.70418     -0.027    1497.43     21.659     21.483    14.1041    14.1036    -0.0005    14.1009    14.1004    -0.0005   4.274292   4.274781   0.000488    35.6469    35.6519     5.2681    26.6659    26.6698         12  0.000e+00
      61148 293.333447  -44.26540  -52.70418     -0.030    1497.43     21.597     21.422    14.1061    14.1029    -0.0032    14.1030    14.0998    -0.0032   4.274512   4.274720   0.000208    35.6471    35.6520     5.2680    26.6656    26.6700         12  0.000e+00
      61149 293.333447  -44.26540  -52.70418     -0.031    1497.43     21.597     21.422    14.1069    14.1019    -0.0050    14.1037    14.0987    -0.0050   4.274590   4.274645   0.000055    35.6471    35.6523     5.2713    26.6654    26.6705         12  0.000e+00
      61150 293.333448  -44.26540  -52.70418     -0.027    1497.43     21.659     21.483    14.1079    14.1014    -0.0066    14.1048    14.0982    -0.0066   4.274710   4.274652  -0.000058    35.6472    35.6528     5.2684    26.6653    26.6710         12  0.000e+00
      61151 293.333448  -44.26540  -52.70418     -0.031    1497.43     21.597     21.422    14.1091    14.1007    -0.0085    14.1060    14.0975    -0.0085   4.274823   4.274604  -0.000219    35.6472    35.6530     5.2684    26.6650    26.6713         12  0.000e+00
      61152 293.333449  -44.26540  -52.70418     -0.029    1497.43     21.611     21.436    14.1091    14.1007    -0.0084    14.1060    14.0976    -0.0084   4.274689   4.274618  -0.000071    35.6460    35.6531     5.2686    26.6641    26.6713         12  0.000e+00
      61153 293.333449  -44.26540  -52.70418     -0.030    1497.43     21.645     21.470    14.1066    14.1007    -0.0059    14.1035    14.0975    -0.0059   4.274384   4.274570   0.000186    35.6454    35.6527     5.2726    26.6642    26.6710         12  0.000e+00
      61154 293.333450  -44.26540  -52.70418     -0.028    1497.43     21.611     21.436    14.1042    14.1009    -0.0034    14.1011    14.0977    -0.0034   4.274108   4.274611   0.000503    35.6451    35.6529     5.2732    26.6644    26.6711         12  0.000e+00
      61155 293.333450  -44.26540  -52.70418     -0.031    1497.43     21.597     21.422    14.1025    14.1009    -0.0017    14.0994    14.0977    -0.0017   4.273967   4.274631   0.000664    35.6453    35.6531     5.2706    26.6650    26.6713         12  0.000e+00
      61156 293.333451  -44.26540  -52.70418     -0.032    1497.43     21.563     21.388    14.1018    14.1010    -0.0008    14.0987    14.0979    -0.0008   4.273938   4.274597   0.000659    35.6458    35.6526     5.2710    26.6654    26.6709         12  0.000e+00
      61157 293.333451  -44.26540  -52.70418     -0.032    1497.43     21.645     21.470    14.1008    14.1009     0.0000    14.0977    14.0977     0.0000   4.273910   4.274618   0.000707    35.6464    35.6529     5.2713    26.6661    26.6712         12  0.000e+00
      61158 293.333451  -44.26540  -52.70418     -0.033    1497.43     21.611     21.436    14.1007    14.1007    -0.0000    14.0975    14.0975    -0.0000   4.273903   4.274631   0.000728    35.6464    35.6532     5.2715    26.6662    26.6715         12  0.000e+00
      61159 293.333452  -44.26540  -52.70418     -0.032    1497.43     21.597     21.422    14.1004    14.1009     0.0005    14.0973    14.0978     0.0005   4.273846   4.274652   0.000805    35.6462    35.6533     5.2717    26.6661    26.6714         12  0.000e+00
      61160 293.333452  -44.26540  -52.70418     -0.033    1497.43     21.611     21.436    14.1003    14.1014     0.0010    14.0972    14.0982     0.0010   4.273882   4.274665   0.000783    35.6466    35.6529     5.2718    26.6664    26.6711         12  0.000e+00
      61161 293.333453  -44.26540  -52.70418     -0.035    1497.43     21.549     21.375    14.1002    14.1014     0.0012    14.0970    14.0982     0.0012   4.273875   4.274720   0.000845    35.6467    35.6535     5.2720    26.6665    26.6715         12  0.000e+00
      61162 293.333453  -44.26540  -52.70418     -0.035    1497.43     21.611     21.436    14.1001    14.1012     0.0011    14.0969    14.0981     0.0011   4.273889   4.274679   0.000790    35.6469    35.6532     5.2722    26.6667    26.6713         12  0.000e+00
      61163 293.333454  -44.26540  -52.70418     -0.036    1497.43     21.597     21.422    14.1002    14.1014     0.0012    14.0970    14.0982     0.0012   4.273903   4.274604   0.000701    35.6469    35.6524     5.2723    26.6667    26.6706         12  0.000e+00
      61164 293.333454  -44.26540  -52.70418     -0.036    1497.43     21.611     21.436    14.1002    14.1009     0.0007    14.0970    14.0977     0.0007   4.273875   4.274536   0.000661    35.6467    35.6522     5.2725    26.6665    26.6706         12  0.000e+00
      61165 293.333455  -44.26540  -52.70418     -0.037    1497.43     21.549     21.375    14.1003    14.1005     0.0003    14.0971    14.0974     0.0003   4.273889   4.274570   0.000681    35.6467    35.6528     5.2723    26.6665    26.6712         12  0.000e+00
      61166 293.333455  -44.26540  -52.70418     -0.037    1497.43     21.611     21.436    14.1005    14.1002    -0.0003    14.0974    14.0970    -0.0003   4.273903   4.274590   0.000687    35.6466    35.6533     5.2724    26.6664    26.6716         12  0.000e+00
      61167 293.333456  -44.26540  -52.70418     -0.038    1497.43     21.597     21.422    14.1008    14.1002    -0.0006    14.0977    14.0971    -0.0006   4.273960   4.274509   0.000549    35.6469    35.6525     5.2723    26.6665    26.6710         12  0.000e+00
      61168 293.333456  -44.26540  -52.70418     -0.040    1497.43     21.563     21.388    14.1013    14.1000    -0.0013    14.0982    14.0969    -0.0013   4.273981   4.274482   0.000501    35.6466    35.6525     5.2720    26.6662    26.6710         12  0.000e+00
      61169 293.333457  -44.26540  -52.70418     -0.043    1497.43     21.549     21.375    14.1013    14.0998    -0.0015    14.0982    14.0967    -0.0015   4.273945   4.274590   0.000645    35.6463    35.6537     5.2719    26.6659    26.6720         12  0.000e+00
      61170 293.333457  -44.26540  -52.70418     -0.042    1497.43     21.611     21.436    14.1008    14.1005    -0.0003    14.0977    14.0974    -0.0003   4.273882   4.274597   0.000715    35.6461    35.6531     5.2721    26.6659    26.6714         12  0.000e+00
      61171 293.333458  -44.26540  -52.70418     -0.042    1497.43     21.597     21.422    14.1004    14.1002    -0.0002    14.0973    14.0971    -0.0002   4.273839   4.274563   0.000724    35.6461    35.6531     5.2755    26.6660    26.6714         12  0.000e+00
      61172 293.333458  -44.26540  -52.70418     -0.043    1497.43     21.563     21.388    14.1002    14.1003     0.0002    14.0970    14.0972     0.0002   4.273832   4.274577   0.000745    35.6463    35.6531     5.2723    26.6662    26.6714         12  0.000e+00
      61173 293.333459  -44.26540  -52.70418     -0.043    1497.43     21.549     21.375    14.1000    14.1005     0.0005    14.0969    14.0974     0.0005   4.273832   4.274590   0.000758    35.6465    35.6530     5.2757    26.6664    26.6713         12  0.000e+00
