Pos-Processados/process_op38/operantar38_023.cnv
* Sea-Bird SBE 9 Data File:
* FileName = D:\OPERANTAR_XXXVIII\DADOS\OP38_023.hdr
* Software Version Seasave V 7.18c
* Temperature SN = 4808
* Conductivity SN = 3380
* Number of Bytes Per Scan = 34
* Number of Voltage Words = 3
* Number of Scans Averaged by the Deck Unit = 1
* NMEA Latitude = 62 12.78 S
* NMEA Longitude = 058 20.56 W
* NMEA UTC (Time) = Nov 22 2019 18:35:31
** H41
** NAVIO POLAR ALMIRANTE MAXIMIANO
** CRUZEIRO:
** OPERANTAR XXXVIII
** ESTAÇÃO: OP38_023
** LAT 62 12,77'S
** LONG 058 20,58'W
** 09P73767-1155_A
** PROFUNDIDADE: 500
** DATA/HORA: 221836Z/NOV2019
** OPERADOR: SO-HN CHAVES
# nquan = 33
# nvalues = 921                         
# units = specified
# name 0 = scan: Scan Count
# name 1 = timeJ: Julian Days
# name 2 = latitude: Latitude [deg]
# name 3 = longitude: Longitude [deg]
# name 4 = dz/dtM: Descent Rate [m/s]
# name 5 = avgsvCM: Average Sound Velocity [Chen-Millero, m/s]
# name 6 = prDM: Pressure, Digiquartz [db]
# name 7 = depSM: Depth [salt water, m]
# name 8 = t090C: Temperature [ITS-90, deg C]
# name 9 = t190C: Temperature, 2 [ITS-90, deg C]
# name 10 = T2-T190C: Temperature Difference, 2 - 1 [ITS-90, deg C]
# name 11 = potemp090C: Potential Temperature [ITS-90, deg C]
# name 12 = potemp190C: Potential Temperature, 2 [ITS-90, deg C]
# name 13 = potemp90Cdiff: Potential Temperature, Diff, 2 - 1 [ITS-90, deg C]
# name 14 = c0S/m: Conductivity [S/m]
# name 15 = c1S/m: Conductivity, 2 [S/m]
# name 16 = C2-C1S/m: Conductivity Difference, 2 - 1 [S/m]
# name 17 = sal00: Salinity, Practical [PSU]
# name 18 = sal11: Salinity, Practical, 2 [PSU]
# name 19 = sbeox0ML/L: Oxygen, SBE 43 [ml/l]
# name 20 = sigma-é00: Density [sigma-theta, kg/m^3]
# name 21 = sigma-é11: Density, 2 [sigma-theta, kg/m^3]
# name 22 = sbox0Mm/Kg: Oxygen, SBE 43 [umol/kg]
# name 23 = oxsolMm/Kg: Oxygen Saturation, Garcia & Gordon [umol/kg]
# name 24 = oxsatMm/Kg: Oxygen Saturation, Weiss [umol/kg]
# name 25 = sal00: Salinity, Practical [PSU]
# name 26 = sigma-é00: Density [sigma-theta, kg/m^3]
# name 27 = svCM: Sound Velocity [Chen-Millero, m/s]
# name 28 = svCM1: Sound Velocity, 2 [Chen-Millero, m/s]
# name 29 = gsw_ptA0: potential temperature [ITS-90, deg C]
# name 30 = gsw_densityA0: density, TEOS-10 [density, kg/m^3]
# name 31 = gsw_saA0: Absolute Salinity [g/kg]
# name 32 = flag:
# span 0 =        268,      32504       
# span 1 = 326.774793, 326.790339       
# span 2 =  -62.21311,  -62.21304       
# span 3 =  -58.34280,  -58.34256       
# span 4 =     -1.315,      0.932       
# span 5 =       0.00,    1454.46       
# span 6 =      2.000,    462.000       
# span 7 =      1.983,    456.989       
# span 8 =    -1.0192,    -0.1856       
# span 9 =    -1.0274,    -0.1860       
# span 10 =    -0.0261,     0.0174      
# span 11 =    -1.0333,    -0.1993      
# span 12 =    -1.0414,    -0.1997      
# span 13 =    -0.0260,     0.0174      
# span 14 =   2.805037,   2.865412      
# span 15 =   2.803308,   2.865780      
# span 16 =  -0.001641,   0.002026      
# span 17 =    34.1682,    34.5289      
# span 18 =    34.1732,    34.5242      
# span 19 =     5.8474,     7.6529      
# span 20 =    27.4474,    27.7731      
# span 21 =    27.4518,    27.7693      
# span 22 =    254.100,    332.645      
# span 23 =  351.08124,  358.71846      
# span 24 =  352.60931,  360.42872      
# span 25 =    34.1671,    34.5557      
# span 26 =    27.4471,    27.7948      
# span 27 =    1446.45,    1454.16      
# span 28 =    1446.46,    1454.17      
# span 29 =    -1.0329,    -0.1991      
# span 30 =  1027.4632,  1030.0064      
# span 31 =    34.3320,    34.7248      
# span 32 = 0.0000e+00, 0.0000e+00      
# interval = decibars: 1                
# start_time = Nov 22 2019 18:35:31 [NMEA time, header]
# bad_flag = -9.990e-29
*END*
[from data line 484]
      17932 326.783312  -62.21306  -58.34260     -1.036    1449.93    438.000    433.336    -0.3964    -0.3965    -0.0001    -0.4119    -0.4121    -0.0001   2.853261   2.853848   0.000471    34.5072    34.5136     5.9297    27.7288    27.7340    257.676  352.93013  354.50402    34.5119    27.7327    1453.79    1453.80    -0.4117  1029.8218    34.6808 0.0000e+00
      17956 326.783323  -62.21306  -58.34260     -1.017    1449.93    437.000    432.348    -0.3744    -0.3873    -0.0129    -0.3900    -0.4029    -0.0129   2.855556   2.854583  -0.000835    34.5100    34.5135     5.9204    27.7301    27.7335    257.273  352.71878  354.28819    34.5183    27.7368    1453.89    1453.83    -0.3897  1029.8209    34.6873 0.0000e+00
      17979 326.783334  -62.21306  -58.34260     -1.027    1449.93    436.000    431.360    -0.3523    -0.3696    -0.0173    -0.3679    -0.3852    -0.0173   2.856852   2.856028  -0.000886    34.5063    34.5141     5.9077    27.7261    27.7332    256.720  352.52449  354.08905    34.5112    27.7300    1453.96    1453.89    -0.3677  1029.8091    34.6801 0.0000e+00
      18001 326.783345  -62.21306  -58.34260     -1.063    1449.93    435.000    430.371    -0.3464    -0.3490    -0.0026    -0.3620    -0.3646    -0.0026   2.857624   2.857637   0.000124    34.5080    34.5125     5.9053    27.7272    27.7310    256.614  352.46514  354.02854    34.5154    27.7332    1453.98    1453.97    -0.3617  1029.8074    34.6844 0.0000e+00
      18023 326.783355  -62.21306  -58.34260     -1.093    1449.93    434.000    429.383    -0.3250    -0.3345    -0.0094    -0.3407    -0.3501    -0.0094   2.859284   2.859012  -0.000337    34.5072    34.5133     5.9005    27.7255    27.7309    256.409  352.27041  353.82930    34.5141    27.7311    1454.06    1454.03    -0.3404  1029.8003    34.6830 0.0000e+00
      18045 326.783366  -62.21306  -58.34260     -1.101    1449.93    433.000    428.395    -0.3030    -0.3112    -0.0082    -0.3187    -0.3268    -0.0082   2.860791   2.860630  -0.000218    34.5052    34.5115     5.8846    27.7228    27.7283    255.716  352.07226  353.62642    34.5099    27.7266    1454.14    1454.11    -0.3185  1029.7908    34.6788 0.0000e+00
      18067 326.783377  -62.21306  -58.34260     -1.074    1449.93    432.000    427.407    -0.3057    -0.3114    -0.0057    -0.3214    -0.3271    -0.0057   2.860391   2.860382  -0.000006    34.5043    34.5107     5.8790    27.7223    27.7277    255.475  352.09972  353.65441    34.5082    27.7254    1454.11    1454.09    -0.3211  1029.7849    34.6771 0.0000e+00
      18090 326.783388  -62.21306  -58.34260     -1.052    1449.93    431.000    426.418    -0.3089    -0.3085     0.0004    -0.3245    -0.3241     0.0003   2.859908   2.860427   0.000472    34.5033    34.5091     5.8672    27.7215    27.7263    254.960  352.13201  353.68731    34.5059    27.7237    1454.07    1454.09    -0.3242  1029.7785    34.6748 0.0000e+00
      18112 326.783399  -62.21306  -58.34260     -1.063    1449.93    430.000    425.430    -0.3171    -0.3141     0.0031    -0.3327    -0.3296     0.0030   2.859062   2.859779   0.000680    34.5023    34.5079     5.8483    27.7212    27.7256    254.140  352.21064  353.76761    34.5046    27.7230    1454.02    1454.04    -0.3324  1029.7732    34.6734 0.0000e+00
      18134 326.783409  -62.21306  -58.34260     -1.091    1449.93    429.000    424.441    -0.3194    -0.3170     0.0025    -0.3349    -0.3325     0.0025   2.858927   2.859464   0.000583    34.5028    34.5078     5.8474    27.7217    27.7256    254.100  352.23079  353.78827    34.5060    27.7242    1453.99    1454.01    -0.3347  1029.7698    34.6749 0.0000e+00
      18156 326.783420  -62.21306  -58.34260     -1.108    1449.93    428.000    423.453    -0.3068    -0.3115    -0.0047    -0.3223    -0.3269    -0.0047   2.859843   2.859920   0.000073    34.5014    34.5076     5.8582    27.7199    27.7252    254.569  352.11798  353.67274    34.5046    27.7225    1454.03    1454.02    -0.3221  1029.7631    34.6734 0.0000e+00
      18178 326.783430  -62.21306  -58.34260     -1.094    1449.93    427.000    422.465    -0.3003    -0.3013    -0.0010    -0.3158    -0.3168    -0.0010   2.860184   2.860614   0.000367    34.5000    34.5060     5.8624    27.7184    27.7234    254.751  352.06191  353.61523    34.5024    27.7204    1454.04    1454.05    -0.3156  1029.7562    34.6712 0.0000e+00
      18202 326.783442  -62.21306 -9.990e-29     -1.045    1449.93    426.000    421.476    -0.2991    -0.2989     0.0003    -0.3146    -0.3143     0.0003   2.860194   2.860657   0.000463    34.4992    34.5051     5.8771    27.7178    27.7225    255.394  352.05320  353.60624    34.5017    27.7198    1454.03    1454.04    -0.3143  1029.7528    34.6730 0.0000e+00
      18227 326.783454  -62.21306 -9.990e-29     -0.987    1449.93    425.000    420.488    -0.2944    -0.2920     0.0024    -0.3098    -0.3074     0.0024   2.860408   2.861001   0.000578    34.4977    34.5027     5.8788    27.7164    27.7203    255.466  352.01349  353.56546    34.4998    27.7181    1454.04    1454.06    -0.3096  1029.7463    34.6712 0.0000e+00
      18252 326.783466  -62.21306 -9.990e-29     -0.956    1449.93    424.000    419.499    -0.2897    -0.2894     0.0003    -0.3051    -0.3048     0.0003   2.860609   2.861083   0.000476    34.4959    34.5018     5.8815    27.7146    27.7195    255.582  351.97553  353.52642    34.4978    27.7162    1454.04    1454.05    -0.3049  1029.7397    34.6691 0.0000e+00
      18276 326.783478  -62.21306 -9.990e-29     -0.972    1449.93    423.000    418.511    -0.2899    -0.2903    -0.0003    -0.3053    -0.3056    -0.0003   2.860487   2.860899   0.000402    34.4956    34.5014     5.8725    27.7144    27.7191    255.196  351.97815  353.52908    34.4971    27.7156    1454.02    1454.03    -0.3050  1029.7343    34.6684 0.0000e+00
      18299 326.783489  -62.21306  -58.34258     -1.010    1449.93    422.000    417.523    -0.2902    -0.2906    -0.0004    -0.3055    -0.3059    -0.0004   2.860374   2.860782   0.000403    34.4951    34.5009     5.8729    27.7140    27.7187    255.211  351.98261  353.53358    34.4965    27.7152    1454.00    1454.01    -0.3053  1029.7273    34.6655 0.0000e+00
      18321 326.783499  -62.21306  -58.34258     -1.058    1449.93    421.000    416.535    -0.2870    -0.2888    -0.0018    -0.3023    -0.3041    -0.0018   2.860490   2.860815   0.000328    34.4936    34.5000     5.8771    27.7127    27.7179    255.394  351.95706  353.50729    34.4950    27.7139    1454.00    1454.00    -0.3021  1029.7211    34.6639 0.0000e+00
      18342 326.783509  -62.21306  -58.34258     -1.119    1449.93    420.000    415.546    -0.2853    -0.2866    -0.0012    -0.3006    -0.3018    -0.0012   2.860590   2.860896   0.000317    34.4936    34.4992     5.8820    27.7126    27.7172    255.605  351.94161  353.49148    34.4951    27.7138    1453.99    1453.99    -0.3003  1029.7163    34.6639 0.0000e+00
      18362 326.783519  -62.21306  -58.34258     -1.180    1449.93    419.000    414.557    -0.2836    -0.2847    -0.0012    -0.2988    -0.3000    -0.0012   2.860642   2.861017   0.000352    34.4932    34.4992     5.8857    27.7122    27.7171    255.767  351.92620  353.47567    34.4944    27.7131    1453.98    1453.98    -0.2986  1029.7108    34.6632 0.0000e+00
      18381 326.783528  -62.21306  -58.34258     -1.212    1449.93    418.000    413.569    -0.2822    -0.2818     0.0005    -0.2974    -0.2970     0.0005   2.860718   2.861164   0.000446    34.4932    34.4986     5.8873    27.7121    27.7165    255.835  351.91389  353.46308    34.4944    27.7131    1453.97    1453.98    -0.2972  1029.7061    34.6632 0.0000e+00
      18402 326.783538  -62.21306  -58.34259     -1.193    1449.93    417.000    412.581    -0.2792    -0.2803    -0.0011    -0.2943    -0.2954    -0.0011   2.860904   2.861226   0.000327    34.4929    34.4986     5.8864    27.7118    27.7163    255.799  351.88648  353.43503    34.4941    27.7127    1453.97    1453.97    -0.2941  1029.7009    34.6629 0.0000e+00
      18425 326.783549  -62.21306  -58.34260     -1.119    1449.93    416.000    411.592    -0.2789    -0.2795    -0.0006    -0.2940    -0.2946    -0.0006   2.860874   2.861258   0.000375    34.4931    34.4987     5.8892    27.7119    27.7165    255.921  351.88379  353.43229    34.4940    27.7126    1453.95    1453.96    -0.2938  1029.6961    34.6628 0.0000e+00
      18448 326.783560  -62.21306  -58.34259     -1.046    1449.93    415.000    410.615    -0.2775    -0.2785    -0.0010    -0.2926    -0.2936    -0.0010   2.860949   2.861261   0.000337    34.4930    34.4987     5.8840    27.7117    27.7163    255.691  351.87113  353.41933    34.4940    27.7125    1453.94    1453.95    -0.2923  1029.6912    34.6628 0.0000e+00
      18471 326.783572  -62.21306  -58.34258     -1.030    1449.93    414.000    409.604    -0.2759    -0.2767    -0.0008    -0.2910    -0.2918    -0.0008   2.860937   2.861409   0.000423    34.4921    34.4987     5.8834    27.7109    27.7163    255.666  351.85882  353.40665    34.4926    27.7113    1453.93    1453.94    -0.2907  1029.6853    34.6614 0.0000e+00
      18493 326.783582  -62.21306  -58.34258     -1.057    1449.93    413.000    408.627    -0.2783    -0.2767     0.0016    -0.2933    -0.2917     0.0016   2.860639   2.861213   0.000573    34.4916    34.4974     5.8844    27.7106    27.7153    255.711  351.88174  353.43002    34.4919    27.7109    1453.90    1453.92    -0.2930  1029.6801    34.6607 0.0000e+00
      18515 326.783593  -62.21306  -58.34258     -1.091    1449.93    412.000    407.639    -0.2802    -0.2788     0.0014    -0.2952    -0.2937     0.0014   2.860432   2.860993   0.000561    34.4915    34.4974     5.8839    27.7106    27.7153    255.688  351.90000  353.44869    34.4919    27.7110    1453.88    1453.89    -0.2949  1029.6756    34.6607 0.0000e+00
      18537 326.783603  -62.21306  -58.34258     -1.105    1449.93    411.000    406.650    -0.2805    -0.2794     0.0011    -0.2954    -0.2943     0.0011   2.860359   2.860880   0.000518    34.4916    34.4973     5.8803    27.7107    27.7152    255.533  351.90243  353.45118    34.4919    27.7109    1453.86    1453.87    -0.2952  1029.6708    34.6607 0.0000e+00
      18559 326.783614  -62.21306  -58.34258     -1.091    1449.93    410.000    405.671    -0.2792    -0.2795    -0.0004    -0.2940    -0.2944    -0.0004   2.860434   2.860833   0.000417    34.4914    34.4973     5.8841    27.7105    27.7153    255.698  351.89074  353.43920    34.4920    27.7110    1453.85    1453.86    -0.2938  1029.6661    34.6608 0.0000e+00
      18582 326.783625  -62.21306  -58.34258     -1.071    1449.93    409.000    404.664    -0.2746    -0.2772    -0.0026    -0.2894    -0.2920    -0.0026   2.860873   2.861082   0.000205    34.4920    34.4977     5.8864    27.7108    27.7155    255.799  351.84653  353.39406    34.4933    27.7118    1453.86    1453.85    -0.2892  1029.6621    34.6620 0.0000e+00
      18603 326.783635  -62.21306  -58.34258     -1.089    1449.93    408.000    403.685    -0.2663    -0.2667    -0.0003    -0.2811    -0.2815    -0.0003   2.861455   2.861853   0.000403    34.4914    34.4971     5.8878    27.7098    27.7145    255.860  351.77238  353.31816    34.4923    27.7106    1453.88    1453.88    -0.2809  1029.6560    34.6610 0.0000e+00
      18624 326.783645  -62.21306  -58.34258     -1.134    1449.93    407.000    402.696    -0.2654    -0.2654     0.0000    -0.2802    -0.2802     0.0000   2.861453   2.861899   0.000434    34.4913    34.4970     5.8859    27.7097    27.7143    255.779  351.76449  353.31009    34.4919    27.7102    1453.87    1453.87    -0.2800  1029.6509    34.6607 0.0000e+00
      18643 326.783655  -62.21306  -58.34258     -1.181    1449.93    406.000    401.708    -0.2634    -0.2647    -0.0013    -0.2782    -0.2795    -0.0013   2.861624   2.861933   0.000308    34.4913    34.4969     5.8882    27.7097    27.7142    255.875  351.74570  353.29087    34.4925    27.7106    1453.86    1453.86    -0.2779  1029.6465    34.6612 0.0000e+00
      18663 326.783664  -62.21306  -58.34258     -1.222    1449.93    405.000    400.719    -0.2574    -0.2582    -0.0008    -0.2721    -0.2730    -0.0008   2.861979   2.862347   0.000391    34.4898    34.4960     5.8829    27.7082    27.7131    255.646  351.69442  353.23826    34.4910    27.7091    1453.87    1453.87    -0.2719  1029.6402    34.6598 0.0000e+00
      18683 326.783674  -62.21306  -58.34258     -1.215    1449.93    404.000    399.731    -0.2541    -0.2556    -0.0015    -0.2688    -0.2703    -0.0015   2.862105   2.862460   0.000346    34.4887    34.4950     5.8795    27.7071    27.7123    255.498  351.66672  353.20981    34.4895    27.7078    1453.87    1453.87    -0.2686  1029.6341    34.6583 0.0000e+00
      18704 326.783684  -62.21306  -58.34258     -1.171    1449.93    403.000    398.743    -0.2531    -0.2536    -0.0005    -0.2678    -0.2683    -0.0005   2.862103   2.862518   0.000407    34.4884    34.4944     5.8801    27.7068    27.7117    255.525  351.65888  353.20176    34.4890    27.7073    1453.85    1453.86    -0.2676  1029.6289    34.6578 0.0000e+00
      18726 326.783694  -62.21306  -58.34258     -1.133    1449.93    402.000    397.754    -0.2532    -0.2533    -0.0001    -0.2678    -0.2679    -0.0001   2.862067   2.862473   0.000410    34.4886    34.4942     5.8840    27.7070    27.7115    255.694  351.65924  353.20215    34.4892    27.7075    1453.84    1453.84    -0.2676  1029.6244    34.6580 0.0000e+00
      18747 326.783705  -62.21306  -58.34258     -1.123    1449.93    401.000    396.766    -0.2532    -0.2531     0.0001    -0.2678    -0.2677     0.0001   2.861966   2.862428   0.000454    34.4882    34.4941     5.8864    27.7066    27.7114    255.800  351.66065  353.20354    34.4886    27.7069    1453.82    1453.83    -0.2676  1029.6191    34.6573 0.0000e+00
      18767 326.783714  -62.21306  -58.34258     -1.143    1449.93    400.000    395.777    -0.2544    -0.2544    -0.0000    -0.2689    -0.2690    -0.0000   2.861732   2.862155   0.000410    34.4873    34.4928     5.8855    27.7060    27.7104    255.761  351.67358  353.21666    34.4873    27.7060    1453.80    1453.80    -0.2687  1029.6134    34.6561 0.0000e+00
      18787 326.783724  -62.21306  -58.34258     -1.181    1449.93    399.000    394.789    -0.2562    -0.2561     0.0002    -0.2707    -0.2705     0.0002   2.861438   2.861928   0.000493    34.4857    34.4921     5.8839    27.7048    27.7099    255.691  351.69491  353.23829    34.4861    27.7051    1453.77    1453.78    -0.2705  1029.6078    34.6548 0.0000e+00
      18807 326.783734  -62.21306  -58.34258     -1.207    1449.93    398.000    393.801    -0.2551    -0.2559    -0.0008    -0.2695    -0.2703    -0.0008   2.861456   2.861951   0.000508    34.4851    34.4928     5.8802    27.7043    27.7105    255.529  351.68559  353.22870    34.4856    27.7046    1453.76    1453.76    -0.2693  1029.6026    34.6543 0.0000e+00
      18828 326.783744  -62.21306  -58.34258     -1.193    1449.93    397.000    392.812    -0.2533    -0.2545    -0.0012    -0.2677    -0.2689    -0.0012   2.861528   2.861907   0.000378    34.4849    34.4913     5.8794    27.7039    27.7092    255.494  351.67040  353.21313    34.4852    27.7042    1453.75    1453.75    -0.2675  1029.5974    34.6539 0.0000e+00
      18850 326.783754  -62.21306  -58.34258     -1.138    1449.93    396.000    391.823    -0.2532    -0.2529     0.0003    -0.2676    -0.2673     0.0003   2.861527   2.861982   0.000450    34.4852    34.4909     5.8863    27.7042    27.7088    255.795  351.66860  353.21133    34.4857    27.7046    1453.73    1453.74    -0.2674  1029.5931    34.6544 0.0000e+00
