Pos-Processados/process_op38/operantar38_017.ros
* Sea-Bird SBE 9 Data File:
* FileName = D:\OPERANTAR_XXXVIII\DADOS\OP38_017.hdr
* Software Version Seasave V 7.18c
* Temperature SN = 4808
* Conductivity SN = 3380
* Number of Bytes Per Scan = 34
* Number of Voltage Words = 3
* Number of Scans Averaged by the Deck Unit = 1
* NMEA Latitude = 62 16.17 S
* NMEA Longitude = 058 26.27 W
* NMEA UTC (Time) = Nov 05 2019 14:37:33
** H41
** NAVIO POLAR ALMIRANTE MAXIMIANO
** CRUZEIRO:
** OPERANTAR XXXVIII
** ESTAÇÃO: OP38_017
** LAT 62 16,18' S
** LONG 058 26,25' W
** 09P73767-1155_A
** PROFUNDIDADE: 110
** DATA/HORA: 051438Z/NOV/2019
** OPERADOR: SO-HN CHAVES
# nquan = 27
# nvalues = 1943                                  
# units = specified
# name 0 = scan: Scan Count
# name 1 = timeJ: Julian Days
# name 2 = latitude: Latitude [deg]
# name 3 = longitude: Longitude [deg]
# name 4 = dz/dtM: Descent Rate [m/s]
# name 5 = avgsvCM: Average Sound Velocity [Chen-Millero, m/s]
# name 6 = prDM: Pressure, Digiquartz [db]
# name 7 = depSM: Depth [salt water, m]
# name 8 = t090C: Temperature [ITS-90, deg C]
# name 9 = t190C: Temperature, 2 [ITS-90, deg C]
# name 10 = T2-T190C: Temperature Difference, 2 - 1 [ITS-90, deg C]
# name 11 = potemp090C: Potential Temperature [ITS-90, deg C]
# name 12 = potemp190C: Potential Temperature, 2 [ITS-90, deg C]
# name 13 = potemp90Cdiff: Potential Temperature, Diff, 2 - 1 [ITS-90, deg C]
# name 14 = c0S/m: Conductivity [S/m]
# name 15 = c1S/m: Conductivity, 2 [S/m]
# name 16 = C2-C1S/m: Conductivity Difference, 2 - 1 [S/m]
# name 17 = sal00: Salinity, Practical [PSU]
# name 18 = sal11: Salinity, Practical, 2 [PSU]
# name 19 = sbeox0ML/L: Oxygen, SBE 43 [ml/l]
# name 20 = sigma-é00: Density [sigma-theta, kg/m^3]
# name 21 = sigma-é11: Density, 2 [sigma-theta, kg/m^3]
# name 22 = sbox0Mm/Kg: Oxygen, SBE 43 [umol/kg]
# name 23 = oxsolMm/Kg: Oxygen Saturation, Garcia & Gordon [umol/kg]
# name 24 = oxsatMm/Kg: Oxygen Saturation, Weiss [umol/kg]
# name 25 = nbf: Bottles Fired
# name 26 = flag:  0.000e+00
# interval = seconds: 0.0416667
# start_time = Nov 05 2019 14:37:33 [NMEA time, header]
# bad_flag = -9.990e-29
*END*
[from data line 752]
      15766 309.617012  -62.26956  -58.43786     -0.054    1444.65     19.321     19.134    -0.8823    -0.8814     0.0009    -0.8828    -0.8819     0.0009   2.769672   2.770236   0.000564    34.1925    34.1991     7.4973    27.4944    27.4997    325.869  358.36746  360.02855          5  0.000e+00
      15767 309.617013  -62.26956  -58.43786     -0.053    1444.65     19.355     19.168    -0.8826    -0.8812     0.0014    -0.8831    -0.8817     0.0014   2.769660   2.770248   0.000588    34.1926    34.1990     7.4978    27.4945    27.4997    325.891  358.36944  360.03059          5  0.000e+00
      15768 309.617013  -62.26956  -58.43786     -0.059    1444.65     19.307     19.121    -0.8826    -0.8812     0.0014    -0.8831    -0.8818     0.0014   2.769642   2.770277   0.000634    34.1924    34.1995     7.4982    27.4944    27.5001    325.908  358.37041  360.03157          5  0.000e+00
      15769 309.617014  -62.26956  -58.43786     -0.066    1444.65     19.321     19.134    -0.8826    -0.8804     0.0022    -0.8831    -0.8809     0.0022   2.769654   2.770265   0.000611    34.1925    34.1984     7.4934    27.4945    27.4991    325.700  358.36961  360.03076          6  0.000e+00
      15770 309.617014  -62.26956  -58.43786     -0.064    1444.65     19.355     19.168    -0.8826    -0.8806     0.0020    -0.8831    -0.8811     0.0020   2.769684   2.770277   0.000592    34.1930    34.1988     7.4931    27.4948    27.4994    325.687  358.36889  360.03008          6  0.000e+00
      15771 309.617015  -62.26956  -58.43786     -0.069    1444.65     19.307     19.121    -0.8827    -0.8810     0.0017    -0.8832    -0.8815     0.0017   2.769666   2.770265   0.000599    34.1928    34.1991     7.4980    27.4947    27.4997    325.899  358.36986  360.03105          6  0.000e+00
      15772 309.617015  -62.26956  -58.43786     -0.071    1444.65     19.321     19.134    -0.8825    -0.8803     0.0022    -0.8830    -0.8808     0.0022   2.769660   2.770259   0.000599    34.1926    34.1982     7.4933    27.4945    27.4990    325.694  358.36901  360.03015          6  0.000e+00
      15773 309.617016  -62.26956  -58.43786     -0.078    1444.65     19.307     19.121    -0.8826    -0.8807     0.0019    -0.8831    -0.8812     0.0019   2.769642   2.770277   0.000634    34.1924    34.1989     7.4982    27.4943    27.4995    325.909  358.37004  360.03118          6  0.000e+00
      15774 309.617016  -62.26956  -58.43786     -0.079    1444.65     19.307     19.120    -0.8826    -0.8806     0.0020    -0.8831    -0.8811     0.0020   2.769654   2.770282   0.000628    34.1926    34.1989     7.4935    27.4945    27.4995    325.706  358.36995  360.03112          6  0.000e+00
      15775 309.617017  -62.26956  -58.43786     -0.083    1444.65     19.273     19.087    -0.8825    -0.8809     0.0016    -0.8830    -0.8814     0.0016   2.769684   2.770282   0.000598    34.1929    34.1992     7.4976    27.4948    27.4998    325.883  358.36801  360.02917          6  0.000e+00
      15776 309.617017  -62.26956  -58.43786     -0.084    1444.65     19.307     19.120    -0.8824    -0.8807     0.0017    -0.8829    -0.8812     0.0017   2.769672   2.770305   0.000633    34.1926    34.1993     7.4921    27.4945    27.4999    325.645  358.36780  360.02891          6  0.000e+00
      15777 309.617018  -62.26956  -58.43786     -0.088    1444.65     19.252     19.066    -0.8823    -0.8805     0.0019    -0.8828    -0.8810     0.0019   2.769684   2.770271   0.000587    34.1927    34.1986     7.4910    27.4946    27.4993    325.595  358.36688  360.02798          6  0.000e+00
      15778 309.617018  -62.26956  -58.43786     -0.091    1444.65     19.320     19.134    -0.8824    -0.8809     0.0015    -0.8829    -0.8814     0.0015   2.769690   2.770259   0.000569    34.1928    34.1989     7.4952    27.4947    27.4995    325.778  358.36714  360.02826          6  0.000e+00
      15779 309.617019  -62.26956  -58.43786     -0.095    1444.65     19.252     19.066    -0.8825    -0.8803     0.0022    -0.8830    -0.8808     0.0022   2.769690   2.770277   0.000586    34.1930    34.1985     7.4896    27.4948    27.4992    325.535  358.36775  360.02891          6  0.000e+00
      15780 309.617019  -62.26956  -58.43786     -0.095    1444.65     19.307     19.120    -0.8822    -0.8807     0.0015    -0.8827    -0.8812     0.0015   2.769690   2.770265   0.000575    34.1926    34.1987     7.4885    27.4945    27.4994    325.487  358.36601  360.02709          6  0.000e+00
      15781 309.617020  -62.26956  -58.43786     -0.096    1444.65     19.252     19.066    -0.8823    -0.8808     0.0015    -0.8828    -0.8813     0.0015   2.769690   2.770236   0.000546    34.1928    34.1985     7.4874    27.4947    27.4992    325.437  358.36665  360.02776          6  0.000e+00
      15782 309.617020  -62.26956  -58.43786     -0.097    1444.65     19.272     19.086    -0.8822    -0.8810     0.0012    -0.8827    -0.8815     0.0012   2.769708   2.770248   0.000540    34.1929    34.1989     7.4870    27.4947    27.4995    325.424  358.36526  360.02636          6  0.000e+00
      15783 309.617021  -62.26956  -58.43786     -0.099    1444.65     19.252     19.066    -0.8823    -0.8808     0.0015    -0.8828    -0.8813     0.0015   2.769696   2.770259   0.000563    34.1929    34.1988     7.4868    27.4947    27.4995    325.413  358.36642  360.02754          6  0.000e+00
      15784 309.617021  -62.26956  -58.43786     -0.103    1444.65     19.252     19.066    -0.8822    -0.8807     0.0015    -0.8827    -0.8812     0.0015   2.769666   2.770236   0.000570    34.1923    34.1984     7.4866    27.4943    27.4991    325.403  358.36683  360.02789          6  0.000e+00
      15785 309.617022  -62.26956  -58.43786     -0.102    1444.65     19.272     19.086    -0.8822    -0.8806     0.0015    -0.8827    -0.8811     0.0015   2.769684   2.770213   0.000529    34.1925    34.1980     7.4856    27.4944    27.4988    325.359  358.36581  360.02687          6  0.000e+00
      15786 309.617022  -62.26956  -58.43786     -0.103    1444.65     19.252     19.066    -0.8824    -0.8809     0.0015    -0.8829    -0.8814     0.0015   2.769708   2.770202   0.000494    34.1931    34.1981     7.4854    27.4949    27.4989    325.351  358.36633  360.02747          6  0.000e+00
      15787 309.617023  -62.26956  -58.43786     -0.108    1444.65     19.204     19.019    -0.8823    -0.8808     0.0015    -0.8828    -0.8813     0.0015   2.769696   2.770219   0.000523    34.1929    34.1983     7.4843    27.4948    27.4990    325.306  358.36633  360.02745          6  0.000e+00
      15788 309.617023  -62.26956  -58.43786     -0.106    1444.65     19.272     19.086    -0.8822    -0.8812     0.0010    -0.8827    -0.8817     0.0010   2.769690   2.770208   0.000518    34.1927    34.1985     7.4842    27.4945    27.4993    325.301  358.36595  360.02703          6  0.000e+00
      15789 309.617024  -62.26956  -58.43786     -0.111    1444.65     19.204     19.019    -0.8822    -0.8813     0.0008    -0.8827    -0.8818     0.0008   2.769708   2.770208   0.000500    34.1929    34.1987     7.4832    27.4947    27.4994    325.256  358.36478  360.02585          6  0.000e+00
      15790 309.617024  -62.26956  -58.43786     -0.108    1444.65     19.252     19.066    -0.8822    -0.8812     0.0010    -0.8827    -0.8818     0.0010   2.769714   2.770202   0.000488    34.1930    34.1985     7.4831    27.4948    27.4993    325.253  358.36500  360.02610          6  0.000e+00
      15791 309.617024  -62.26956  -58.43786     -0.111    1444.65     19.224     19.039    -0.8819    -0.8813     0.0005    -0.8824    -0.8818     0.0005   2.769714   2.770202   0.000488    34.1926    34.1986     7.4829    27.4945    27.4994    325.245  358.36275  360.02375          6  0.000e+00
      15792 309.617025  -62.26956  -58.43786     -0.112    1444.65     19.204     19.019    -0.8817    -0.8816     0.0002    -0.8823    -0.8821     0.0002   2.769738   2.770202   0.000464    34.1928    34.1989     7.4828    27.4947    27.4996    325.239  358.36106  360.02205          6  0.000e+00
      15793 309.617025  -62.26956  -58.43786     -0.111    1444.65     19.252     19.066    -0.8820    -0.8809     0.0012    -0.8826    -0.8814     0.0012   2.769744   2.770208   0.000464    34.1932    34.1982     7.4881    27.4950    27.4990    325.468  358.36275  360.02382          6  0.000e+00
      15794 309.617026  -62.26956  -58.43786     -0.109    1444.65     19.224     19.039    -0.8821    -0.8814     0.0007    -0.8826    -0.8819     0.0007   2.769744   2.770202   0.000458    34.1933    34.1987     7.4836    27.4950    27.4994    325.274  358.36307  360.02416          6  0.000e+00
      15795 309.617026  -62.26956  -58.43786     -0.111    1444.65     19.204     19.019    -0.8820    -0.8816     0.0004    -0.8826    -0.8822     0.0004   2.769720   2.770219   0.000499    34.1929    34.1993     7.4888    27.4947    27.4999    325.499  358.36358  360.02464          6  0.000e+00
      15796 309.617027  -62.26956  -58.43786     -0.114    1444.65     19.156     18.971    -0.8819    -0.8814     0.0005    -0.8824    -0.8819     0.0005   2.769732   2.770208   0.000476    34.1930    34.1988     7.4843    27.4948    27.4995    325.304  358.36231  360.02334          6  0.000e+00
      15797 309.617027  -62.26956  -58.43786     -0.113    1444.65     19.224     19.039    -0.8817    -0.8815     0.0002    -0.8822    -0.8820     0.0002   2.769762   2.770208   0.000446    34.1931    34.1989     7.4843    27.4949    27.4996    325.306  358.35981  360.02080          6  0.000e+00
      15798 309.617028  -62.26956  -58.43786     -0.111    1444.65     19.204     19.019    -0.8817    -0.8812     0.0004    -0.8822    -0.8818     0.0004   2.769750   2.770225   0.000475    34.1929    34.1989     7.4844    27.4947    27.4995    325.308  358.36024  360.02122          6  0.000e+00
      15799 309.617028  -62.26956  -58.43786     -0.112    1444.65     19.204     19.018    -0.8819    -0.8813     0.0006    -0.8824    -0.8818     0.0006   2.769762   2.770231   0.000469    34.1933    34.1991     7.4897    27.4951    27.4997    325.539  358.36125  360.02230          6  0.000e+00
      15800 309.617029  -62.26956  -58.43786     -0.108    1444.65     19.204     19.018    -0.8820    -0.8808     0.0012    -0.8826    -0.8813     0.0012   2.769732   2.770231   0.000499    34.1931    34.1984     7.4854    27.4949    27.4992    325.354  358.36313  360.02419          6  0.000e+00
      15801 309.617029  -62.26956  -58.43786     -0.112    1444.65     19.170     18.985    -0.8817    -0.8810     0.0007    -0.8823    -0.8815     0.0007   2.769774   2.770248   0.000474    34.1933    34.1990     7.4854    27.4951    27.4996    325.354  358.35963  360.02064          6  0.000e+00
      15802 309.617030  -62.26956  -58.43786     -0.109    1444.65     19.204     19.018    -0.8817    -0.8810     0.0007    -0.8822    -0.8815     0.0007   2.769756   2.770242   0.000486    34.1930    34.1989     7.4856    27.4948    27.4995    325.363  358.36001  360.02099          6  0.000e+00
      15803 309.617030  -62.26956  -58.43786     -0.107    1444.65     19.204     19.018    -0.8816    -0.8812     0.0004    -0.8821    -0.8818     0.0004   2.769762   2.770208   0.000446    34.1930    34.1986     7.4858    27.4948    27.4994    325.371  358.35941  360.02038          6  0.000e+00
      15804 309.617031  -62.26956  -58.43786     -0.109    1444.65     19.170     18.985    -0.8814    -0.8810     0.0004    -0.8819    -0.8815     0.0004   2.769768   2.770219   0.000451    34.1929    34.1986     7.4852    27.4947    27.4993    325.342  358.35765  360.01857          6  0.000e+00
      15805 309.617031  -62.26956  -58.43786     -0.105    1444.65     19.204     19.018    -0.8815    -0.8809     0.0005    -0.8820    -0.8814     0.0005   2.769774   2.770231   0.000457    34.1930    34.1986     7.4846    27.4948    27.4993    325.318  358.35785  360.01878          6  0.000e+00
      15806 309.617032  -62.26956  -58.43786     -0.104    1444.65     19.156     18.971    -0.8814    -0.8810     0.0004    -0.8819    -0.8815     0.0004   2.769768   2.770231   0.000463    34.1929    34.1987     7.4848    27.4947    27.4994    325.326  358.35763  360.01854          6  0.000e+00
      15807 309.617032  -62.26956  -58.43786     -0.105    1444.65     19.169     18.985    -0.8815    -0.8809     0.0005    -0.8820    -0.8814     0.0005   2.769768   2.770208   0.000440    34.1929    34.1983     7.4851    27.4947    27.4991    325.338  358.35802  360.01895          6  0.000e+00
      15808 309.617033  -62.26956  -58.43786     -0.100    1444.65     19.204     19.018    -0.8816    -0.8812     0.0004    -0.8821    -0.8817     0.0004   2.769768   2.770219   0.000451    34.1930    34.1987     7.4846    27.4948    27.4994    325.318  358.35882  360.01977          6  0.000e+00
      15809 309.617033  -62.26956  -58.43786     -0.099    1444.65     19.156     18.971    -0.8815    -0.8811     0.0004    -0.8820    -0.8816     0.0004   2.769768   2.770231   0.000463    34.1929    34.1988     7.4848    27.4947    27.4995    325.328  358.35800  360.01893          6  0.000e+00
      15810 309.617034  -62.26956  -58.43786     -0.099    1444.65     19.169     18.984    -0.8812    -0.8807     0.0005    -0.8817    -0.8812     0.0005   2.769768   2.770196   0.000428    34.1927    34.1979     7.4851    27.4945    27.4987    325.341  358.35655  360.01742          6  0.000e+00
      15811 309.617034  -62.26956  -58.43786     -0.098    1444.65     19.156     18.971    -0.8817    -0.8812     0.0005    -0.8823    -0.8818     0.0005   2.769768   2.770196   0.000428    34.1933    34.1985     7.4856    27.4950    27.4993    325.360  358.35983  360.02084          6  0.000e+00
      15812 309.617035  -62.26956  -58.43786     -0.093    1444.65     19.204     19.018    -0.8816    -0.8815     0.0001    -0.8821    -0.8820     0.0001   2.769768   2.770185   0.000417    34.1930    34.1986     7.4860    27.4948    27.4993    325.378  358.35882  360.01977          6  0.000e+00
      15813 309.617035  -62.26956  -58.43786     -0.094    1444.65     19.121     18.937    -0.8813    -0.8809     0.0003    -0.8818    -0.8814     0.0003   2.769768   2.770213   0.000446    34.1928    34.1984     7.4863    27.4946    27.4992    325.390  358.35684  360.01772          6  0.000e+00
      15814 309.617036  -62.26956  -58.43786     -0.089    1444.65     19.204     19.018    -0.8814    -0.8812     0.0002    -0.8819    -0.8817     0.0002   2.769768   2.770254   0.000486    34.1928    34.1992     7.4868    27.4947    27.4998    325.415  358.35771  360.01862          6  0.000e+00
      15815 309.617036  -62.26956  -58.43786     -0.089    1444.65     19.156     18.971    -0.8813    -0.8809     0.0004    -0.8818    -0.8814     0.0004   2.769768   2.770213   0.000446    34.1927    34.1983     7.4873    27.4946    27.4991    325.433  358.35690  360.01778          6  0.000e+00
      15816 309.617037  -62.26956  -58.43786     -0.086    1444.65     19.169     18.984    -0.8814    -0.8811     0.0003    -0.8819    -0.8816     0.0003   2.769768   2.770185   0.000417    34.1929    34.1982     7.4878    27.4947    27.4990    325.457  358.35765  360.01857          6  0.000e+00
      15817 309.617037  -62.26956  -58.43786     -0.085    1444.65     19.156     18.971    -0.8815    -0.8806     0.0009    -0.8820    -0.8811     0.0009   2.769786   2.770213   0.000428    34.1932    34.1980     7.4883    27.4949    27.4988    325.480  358.35731  360.01825          6  0.000e+00
      15818 309.617038  -62.26956  -58.43786     -0.084    1444.65     19.156     18.971    -0.8817    -0.8803     0.0014    -0.8822    -0.8808     0.0014   2.769780   2.770248   0.000468    34.1934    34.1982     7.4882    27.4951    27.4989    325.472  358.35901  360.02001          6  0.000e+00
