Pos-Processados/process_op38/operantar38_014.cnv
* Sea-Bird SBE 9 Data File:
* FileName = D:\OPERANTAR_XXXVIII\DADOS\OP38_014.hdr
* Software Version Seasave V 7.18c
* Temperature SN = 4808
* Conductivity SN = 3380
* Number of Bytes Per Scan = 34
* Number of Voltage Words = 3
* Number of Scans Averaged by the Deck Unit = 1
* NMEA Latitude = 62 11.37 S
* NMEA Longitude = 058 03.45 W
* NMEA UTC (Time) = Nov 05 2019 06:03:04
** H41
** NAVIO POLAR ALMIRANTE MAXIMIANO
** CRUZEIRO:
** OPERANTAR XXXVIII
** ESTAÇÃO: OP38_014
** LAT 62 11,38' S
** LONG 058 03,41' W
** 09P73767-1155_A
** PROFUNDIDADE: 480
** DATA/HORA: 050604Z/NOV/2019
** OPERADOR: SO-HN CHAVES
# nquan = 33
# nvalues = 815                         
# units = specified
# name 0 = scan: Scan Count
# name 1 = timeJ: Julian Days
# name 2 = latitude: Latitude [deg]
# name 3 = longitude: Longitude [deg]
# name 4 = dz/dtM: Descent Rate [m/s]
# name 5 = avgsvCM: Average Sound Velocity [Chen-Millero, m/s]
# name 6 = prDM: Pressure, Digiquartz [db]
# name 7 = depSM: Depth [salt water, m]
# name 8 = t090C: Temperature [ITS-90, deg C]
# name 9 = t190C: Temperature, 2 [ITS-90, deg C]
# name 10 = T2-T190C: Temperature Difference, 2 - 1 [ITS-90, deg C]
# name 11 = potemp090C: Potential Temperature [ITS-90, deg C]
# name 12 = potemp190C: Potential Temperature, 2 [ITS-90, deg C]
# name 13 = potemp90Cdiff: Potential Temperature, Diff, 2 - 1 [ITS-90, deg C]
# name 14 = c0S/m: Conductivity [S/m]
# name 15 = c1S/m: Conductivity, 2 [S/m]
# name 16 = C2-C1S/m: Conductivity Difference, 2 - 1 [S/m]
# name 17 = sal00: Salinity, Practical [PSU]
# name 18 = sal11: Salinity, Practical, 2 [PSU]
# name 19 = sbeox0ML/L: Oxygen, SBE 43 [ml/l]
# name 20 = sigma-é00: Density [sigma-theta, kg/m^3]
# name 21 = sigma-é11: Density, 2 [sigma-theta, kg/m^3]
# name 22 = sbox0Mm/Kg: Oxygen, SBE 43 [umol/kg]
# name 23 = oxsolMm/Kg: Oxygen Saturation, Garcia & Gordon [umol/kg]
# name 24 = oxsatMm/Kg: Oxygen Saturation, Weiss [umol/kg]
# name 25 = sal00: Salinity, Practical [PSU]
# name 26 = sigma-é00: Density [sigma-theta, kg/m^3]
# name 27 = svCM: Sound Velocity [Chen-Millero, m/s]
# name 28 = svCM1: Sound Velocity, 2 [Chen-Millero, m/s]
# name 29 = gsw_ptA0: potential temperature [ITS-90, deg C]
# name 30 = gsw_densityA0: density, TEOS-10 [density, kg/m^3]
# name 31 = gsw_saA0: Absolute Salinity [g/kg]
# name 32 = flag:
# span 0 =       2185,      28732       
# span 1 = 309.253183, 309.265985       
# span 2 =  -62.18964,  -62.18960       
# span 3 =  -58.05758,  -58.05752       
# span 4 =     -1.429,      1.554       
# span 5 =       0.00,    1448.27       
# span 6 =      1.000,    408.000       
# span 7 =      0.983,    403.687       
# span 8 =    -0.9709,    -0.4058       
# span 9 =    -0.9709,    -0.4078       
# span 10 =    -0.0113,     0.0434      
# span 11 =    -0.9733,    -0.4179      
# span 12 =    -0.9733,    -0.4199      
# span 13 =    -0.0113,     0.0434      
# span 14 =   2.766477,   2.844366      
# span 15 =   2.766943,   2.844664      
# span 16 =  -0.000648,   0.003753      
# span 17 =    34.1502,    34.4896      
# span 18 =    34.1574,    34.4948      
# span 19 =     6.0019,     7.6921      
# span 20 =    27.4565,    27.7183      
# span 21 =    27.4607,    27.7225      
# span 22 =    260.818,    334.346      
# span 23 =  353.15751,  359.07497      
# span 24 =  354.73071,  360.75828      
# span 25 =    34.1465,    34.4897      
# span 26 =    27.4540,    27.7184      
# span 27 =    1444.16,    1452.90      
# span 28 =    1444.17,    1452.92      
# span 29 =    -0.9732,    -0.4176      
# span 30 =  1027.4664,  1029.6667      
# span 31 =    34.3113,    34.6584      
# span 32 = 0.0000e+00, 0.0000e+00      
# interval = decibars: 1                
# start_time = Nov 05 2019 06:03:04 [NMEA time, header]
# bad_flag = -9.990e-29
*END*
[from data line 352]
      11047 309.257456  -62.18964  -58.05758      1.270    1447.45    353.000    349.314    -0.4563    -0.4552     0.0010    -0.4683    -0.4673     0.0010   2.840148   2.840744   0.000519    34.4596    34.4653     6.0413    27.6930    27.6976    262.533  353.61779  355.20181    34.4555    27.6897    1452.05    1452.06    -0.4681  1029.3769    34.6239 0.0000e+00
      11065 309.257465  -62.18964  -58.05758      1.287    1447.45    354.000    350.302    -0.4681    -0.4655     0.0026    -0.4801    -0.4775     0.0026   2.839804   2.840301   0.000612    34.4618    34.4671     6.0396    27.6954    27.6995    262.461  353.72093  355.30756    34.4636    27.6968    1452.02    1452.04    -0.4799  1029.3888    34.6321 0.0000e+00
      11086 309.257475  -62.18964  -58.05758      1.239    1447.45    355.000    351.291    -0.4773    -0.4768     0.0006    -0.4894    -0.4888     0.0005   2.838492   2.838987   0.000496    34.4594    34.4654     6.0409    27.6938    27.6986    262.517  353.81398  355.40245    34.4559    27.6910    1451.98    1451.99    -0.4892  1029.3879    34.6244 0.0000e+00
      11108 309.257486  -62.18964  -58.05758      1.143    1447.45    356.000    352.280    -0.4902    -0.4910    -0.0008    -0.5023    -0.5031    -0.0008   2.837685   2.838048   0.000349    34.4605    34.4661     6.0518    27.6953    27.6998    262.989  353.93056  355.52182    34.4591    27.6941    1451.94    1451.95    -0.5020  1029.3959    34.6275 0.0000e+00
      11131 309.257497  -62.18964  -58.05758      1.072    1447.45    357.000    353.268    -0.4905    -0.4908    -0.0003    -0.5026    -0.5029    -0.0003   2.837743   2.838133   0.000398    34.4604    34.4661     6.0659    27.6952    27.6998    263.602  353.93321  355.52452    34.4595    27.6945    1451.96    1451.96    -0.5024  1029.4011    34.6280 0.0000e+00
      11153 309.257508  -62.18964  -58.05758      1.064    1447.45    358.000    354.257    -0.4923    -0.4898     0.0026    -0.5045    -0.5019     0.0026   2.837646   2.838241   0.000588    34.4610    34.4660     6.0762    27.6958    27.6997    264.051  353.94913  355.54088    34.4597    27.6947    1451.96    1451.99    -0.5042  1029.4061    34.6282 0.0000e+00
      11175 309.257518  -62.18964  -58.05758      1.075    1447.45    359.000    355.246    -0.4938    -0.4925     0.0013    -0.5060    -0.5047     0.0013   2.837645   2.838233   0.000547    34.4616    34.4675     6.0888    27.6963    27.7010    264.596  353.96105  355.55314    34.4608    27.6957    1451.98    1451.99    -0.5057  1029.4118    34.6293 0.0000e+00
      11199 309.257530  -62.18964  -58.05758      1.051    1447.45    360.000    356.234    -0.4929    -0.4892     0.0037    -0.5051    -0.5015     0.0037   2.837847   2.838506   0.000679    34.4623    34.4673     6.0987    27.6969    27.7007    265.029  353.95077  355.54271    34.4618    27.6965    1452.00    1452.02    -0.5049  1029.4173    34.6304 0.0000e+00
      11222 309.257541  -62.18964  -58.05758      1.020    1447.45    361.000    357.223    -0.4885    -0.4876     0.0009    -0.5008    -0.4999     0.0009   2.838219   2.838669   0.000471    34.4616    34.4669     6.1047    27.6961    27.7004    265.287  353.91185  355.50282    34.4613    27.6959    1452.04    1452.05    -0.5006  1029.4214    34.6298 0.0000e+00
      11245 309.257552  -62.18964  -58.05758      1.038    1447.45    362.000    358.211    -0.4895    -0.4895     0.0001    -0.5018    -0.5017     0.0001   2.838164   2.838554   0.000417    34.4613    34.4668     6.1036    27.6959    27.7004    265.241  353.92194  355.51310    34.4611    27.6957    1452.05    1452.05    -0.5016  1029.4260    34.6296 0.0000e+00
      11266 309.257562  -62.18964  -58.05758      1.087    1447.45    363.000    359.200    -0.4853    -0.4882    -0.0029    -0.4976    -0.5005    -0.0029   2.838571   2.838793   0.000203    34.4613    34.4673     6.0978    27.6957    27.7007    264.987  353.88267  355.47293    34.4611    27.6955    1452.08    1452.08    -0.4974  1029.4305    34.6296 0.0000e+00
      11288 309.257573  -62.18964  -58.05758      1.116    1447.45    364.000    360.189    -0.4881    -0.4887    -0.0006    -0.5005    -0.5011    -0.0006   2.838385   2.838698   0.000344    34.4615    34.4668     6.0951    27.6960    27.7003    264.870  353.90840  355.49927    34.4612    27.6958    1452.09    1452.09    -0.5002  1029.4355    34.6297 0.0000e+00
      11310 309.257583  -62.18964  -58.05758      1.102    1447.45    365.000    361.178    -0.4868    -0.4884    -0.0016    -0.4992    -0.5009    -0.0016   2.838584   2.838876   0.000268    34.4622    34.4676     6.0938    27.6965    27.7009    264.813  353.89436  355.48499    34.4618    27.6962    1452.11    1452.11    -0.4990  1029.4407    34.6303 0.0000e+00
      11332 309.257594  -62.18964  -58.05758      1.078    1447.45    366.000    362.166    -0.4872    -0.4870     0.0002    -0.4997    -0.4995     0.0002   2.838707   2.839117   0.000422    34.4628    34.4682     6.0905    27.6970    27.7014    264.670  353.89669  355.48745    34.4633    27.6974    1452.13    1452.13    -0.4995  1029.4467    34.6319 0.0000e+00
      11354 309.257605  -62.18964  -58.05758      1.083    1447.45    367.000    363.155    -0.4809    -0.4798     0.0011    -0.4934    -0.4923     0.0011   2.839395   2.839978   0.000543    34.4647    34.4708     6.0860    27.6983    27.7032    264.477  353.83246  355.42198    34.4648    27.6984    1452.17    1452.19    -0.4932  1029.4523    34.6334 0.0000e+00
      11376 309.257615  -62.18964  -58.05758      1.100    1447.45    368.000    364.143    -0.4803    -0.4806    -0.0003    -0.4929    -0.4932    -0.0003   2.839672   2.840008   0.000390    34.4658    34.4714     6.0836    27.6991    27.7036    264.370  353.82378  355.41322    34.4672    27.7002    1452.20    1452.20    -0.4926  1029.4589    34.6358 0.0000e+00
      11398 309.257626  -62.18964  -58.05758      1.093    1447.45    369.000    365.132    -0.4709    -0.4713    -0.0005    -0.4835    -0.4840    -0.0005   2.840567   2.840960   0.000373    34.4670    34.4725     6.0830    27.6997    27.7042    264.344  353.73283  355.32035    34.4679    27.7004    1452.26    1452.26    -0.4833  1029.4637    34.6365 0.0000e+00
      11423 309.257638  -62.18964  -58.05758      1.030    1447.45    370.000    366.121    -0.4621    -0.4620     0.0001    -0.4748    -0.4747     0.0001   2.841464   2.841879   0.000420    34.4685    34.4740     6.0830    27.7005    27.7049    264.343  353.64719  355.23292    34.4694    27.7012    1452.32    1452.32    -0.4746  1029.4691    34.6380 0.0000e+00
      11449 309.257650  -62.18964  -58.05758      0.938    1447.45    371.000    367.110    -0.4597    -0.4598    -0.0000    -0.4725    -0.4725    -0.0000   2.841722   2.842153   0.000428    34.4688    34.4746     6.0728    27.7006    27.7053    263.900  353.62414  355.20939    34.4696    27.7013    1452.34    1452.35    -0.4722  1029.4739    34.6382 0.0000e+00
      11474 309.257663  -62.18964  -58.05758      0.922    1447.45    372.000    368.098    -0.4596    -0.4597    -0.0001    -0.4724    -0.4725    -0.0001   2.841873   2.842272   0.000403    34.4703    34.4758     6.0640    27.7018    27.7063    263.517  353.61882  355.20411    34.4709    27.7023    1452.36    1452.37    -0.4721  1029.4796    34.6394 0.0000e+00
      11496 309.257673  -62.18964  -58.05758      1.013    1447.45    373.000    369.087    -0.4597    -0.4599    -0.0001    -0.4725    -0.4727    -0.0001   2.841924   2.842330   0.000405    34.4705    34.4761     6.0560    27.7020    27.7065    263.169  353.61908  355.20441    34.4710    27.7024    1452.38    1452.38    -0.4723  1029.4845    34.6396 0.0000e+00
      11515 309.257682  -62.18964  -58.05758      1.149    1447.45    374.000    370.075    -0.4594    -0.4596    -0.0002    -0.4722    -0.4724    -0.0002   2.841996   2.842416   0.000421    34.4706    34.4764     6.0491    27.7021    27.7068    262.870  353.61600  355.20126    34.4710    27.7024    1452.40    1452.40    -0.4720  1029.4893    34.6396 0.0000e+00
      11532 309.257691  -62.18964  -58.05758      1.284    1447.45    375.000    371.064    -0.4598    -0.4599    -0.0001    -0.4726    -0.4728    -0.0001   2.842024   2.842439   0.000411    34.4708    34.4765     6.0467    27.7023    27.7069    262.769  353.61859  355.20394    34.4712    27.7026    1452.41    1452.42    -0.4724  1029.4942    34.6398 0.0000e+00
      11549 309.257699  -62.18964  -58.05758      1.387    1447.45    376.000    372.053    -0.4605    -0.4603     0.0001    -0.4734    -0.4732     0.0001   2.842064   2.842481   0.000417    34.4716    34.4770     6.0461    27.7029    27.7073    262.739  353.62303  355.20857    34.4720    27.7032    1452.43    1452.43    -0.4732  1029.4995    34.6406 0.0000e+00
      11566 309.257707  -62.18964  -58.05758      1.425    1447.45    377.000    373.042    -0.4615    -0.4633    -0.0018    -0.4745    -0.4762    -0.0018   2.842042   2.842214   0.000219    34.4721    34.4770     6.0429    27.7034    27.7075    262.600  353.63166  355.21745    34.4723    27.7035    1452.44    1452.43    -0.4742  1029.5046    34.6409 0.0000e+00
      11584 309.257716  -62.18964  -58.05758      1.382    1447.45    378.000    374.030    -0.4618    -0.4633    -0.0015    -0.4748    -0.4763    -0.0015   2.841981   2.842321   0.000293    34.4714    34.4770     6.0369    27.7028    27.7074    262.340  353.63636  355.22219    34.4712    27.7026    1452.45    1452.45    -0.4746  1029.5085    34.6398 0.0000e+00
      11606 309.257726  -62.18964  -58.05758      1.246    1447.45    379.000    375.019    -0.4670    -0.4668     0.0001    -0.4800    -0.4799     0.0001   2.841587   2.841953   0.000406    34.4711    34.4764     6.0381    27.7028    27.7071    262.393  353.68527  355.27217    34.4711    27.7029    1452.44    1452.45    -0.4798  1029.5135    34.6397 0.0000e+00
      11631 309.257738  -62.18964  -58.05758      1.041    1447.45    380.000    376.007    -0.4689    -0.4714    -0.0025    -0.4819    -0.4845    -0.0025   2.841530   2.841776   0.000225    34.4723    34.4781     6.0386    27.7039    27.7087    262.415  353.69969  355.28706    34.4719    27.7036    1452.45    1452.45    -0.4817  1029.5190    34.6405 0.0000e+00
      11661 309.257753  -62.18964  -58.05758      0.834    1447.45    381.000    376.996    -0.4721    -0.4725    -0.0004    -0.4851    -0.4856    -0.0004   2.841376   2.841720   0.000348    34.4730    34.4782     6.0425    27.7046    27.7088    262.583  353.72732  355.31540    34.4729    27.7045    1452.45    1452.46    -0.4849  1029.5247    34.6415 0.0000e+00
      11694 309.257769  -62.18964  -58.05758      0.732    1447.45    382.000    377.984    -0.4720    -0.4719     0.0002    -0.4852    -0.4850     0.0002   2.841478   2.841897   0.000416    34.4738    34.4791     6.0483    27.7052    27.7096    262.837  353.72497  355.31310    34.4736    27.7051    1452.47    1452.48    -0.4849  1029.5300    34.6422 0.0000e+00
      11720 309.257781  -62.18964  -58.05758      0.832    1447.45    383.000    378.973    -0.4653    -0.4658    -0.0004    -0.4785    -0.4790    -0.0004   2.842543   2.842896   0.000356    34.4776    34.4829     6.0484    27.7080    27.7123    262.836  353.65218  355.23909    34.4797    27.7097    1452.53    1452.53    -0.4783  1029.5393    34.6483 0.0000e+00
      11742 309.257792  -62.18962  -58.05758      0.998    1447.45    384.000    379.962    -0.4564    -0.4567    -0.0003    -0.4696    -0.4700    -0.0003   2.843446   2.843820   0.000372    34.4805    34.4858     6.0464    27.7100    27.7143    262.751  353.56075  355.14591    34.4810    27.7104    1452.59    1452.59    -0.4694  1029.5446    34.6497 0.0000e+00
      11761 309.257801  -62.18962  -58.05758      1.150    1447.45    385.000    380.950    -0.4558    -0.4560    -0.0001    -0.4691    -0.4693    -0.0001   2.843564   2.843974   0.000409    34.4809    34.4865     6.0453    27.7102    27.7148    262.705  353.55457  355.13963    34.4814    27.7106    1452.61    1452.61    -0.4689  1029.5496    34.6500 0.0000e+00
      11779 309.257810  -62.18962  -58.05758      1.271    1447.45    386.000    381.939    -0.4556    -0.4557    -0.0001    -0.4689    -0.4690    -0.0001   2.843637   2.844056   0.000415    34.4811    34.4867     6.0453    27.7104    27.7150    262.703  353.55160  355.13662    34.4814    27.7107    1452.62    1452.63    -0.4687  1029.5544    34.6501 0.0000e+00
      11796 309.257818  -62.18962  -58.05758      1.356    1447.45    387.000    382.927    -0.4556    -0.4555     0.0001    -0.4689    -0.4689     0.0001   2.843693   2.844121   0.000429    34.4812    34.4868     6.0361    27.7105    27.7150    262.303  353.55129  355.13631    34.4816    27.7108    1452.64    1452.65    -0.4687  1029.5592    34.6503 0.0000e+00
      11813 309.257826  -62.18962  -58.05758      1.399    1447.45    388.000    383.915    -0.4558    -0.4556     0.0001    -0.4692    -0.4691     0.0001   2.843753   2.844173   0.000416    34.4818    34.4872     6.0223    27.7110    27.7153    261.704  353.55162  355.13671    34.4821    27.7112    1452.66    1452.67    -0.4690  1029.5643    34.6507 0.0000e+00
      11831 309.257835  -62.18962  -58.05758      1.385    1447.45    389.000    384.904    -0.4558    -0.4557     0.0001    -0.4692    -0.4692     0.0001   2.843775   2.844204   0.000428    34.4814    34.4871     6.0121    27.7107    27.7153    261.261  353.55260  355.13769    34.4818    27.7110    1452.67    1452.68    -0.4690  1029.5689    34.6505 0.0000e+00
      11852 309.257845  -62.18963  -58.05757      1.282    1447.45    390.000    385.893    -0.4559    -0.4559     0.0000    -0.4694    -0.4694     0.0000   2.843831   2.844234   0.000403    34.4818    34.4871     6.0073    27.7110    27.7153    261.051  353.55261  355.13773    34.4820    27.7112    1452.69    1452.70    -0.4691  1029.5738    34.6507 0.0000e+00
      11876 309.257856  -62.18964  -58.05756      1.087    1447.45    391.000    386.881    -0.4562    -0.4562 1.1972e-07    -0.4697    -0.4697    -0.0000   2.843862   2.844273   0.000410    34.4819    34.4875     6.0048    27.7111    27.7156    260.944  353.55489  355.14008    34.4822    27.7113    1452.70    1452.71    -0.4695  1029.5787    34.6509 0.0000e+00
      11902 309.257869  -62.18964  -58.05756      0.939    1447.45    392.000    387.870    -0.4564    -0.4563     0.0001    -0.4699    -0.4699     0.0000   2.843899   2.844316   0.000419    34.4820    34.4876     6.0062    27.7112    27.7157    261.005  353.55612  355.14136    34.4822    27.7114    1452.72    1452.73    -0.4697  1029.5835    34.6509 0.0000e+00
      11927 309.257881  -62.18964  -58.05756      0.942    1447.45    393.000    388.858    -0.4562    -0.4564    -0.0003    -0.4698    -0.4700    -0.0003   2.843939   2.844341   0.000401    34.4818    34.4874     6.0102    27.7110    27.7156    261.177  353.55509  355.14028    34.4820    27.7111    1452.74    1452.74    -0.4695  1029.5880    34.6507 0.0000e+00
      11950 309.257892  -62.18964  -58.05756      1.011    1447.45    394.000    389.847    -0.4568    -0.4571    -0.0004    -0.4704    -0.4708    -0.0004   2.843939   2.844321   0.000383    34.4819    34.4875     6.0096    27.7111    27.7156    261.152  353.56018  355.14550    34.4820    27.7112    1452.75    1452.76    -0.4702  1029.5928    34.6507 0.0000e+00
      11973 309.257903  -62.18964  -58.05756      1.026    1447.45    395.000    390.836    -0.4581    -0.4578     0.0002    -0.4717    -0.4715     0.0002   2.843879   2.844302   0.000423    34.4821    34.4875     6.0104    27.7113    27.7157    261.185  353.57187  355.15747    34.4821    27.7113    1452.76    1452.77    -0.4715  1029.5977    34.6508 0.0000e+00
