Pos-Processados/process_op38/operantar38_008B.ros
* Sea-Bird SBE 9 Data File:
* FileName = D:\OPERANTAR_XXXVIII\DADOS\OP38_008B.hdr
* Software Version Seasave V 7.18c
* Temperature SN = 4808
* Conductivity SN = 3380
* Number of Bytes Per Scan = 31
* Number of Voltage Words = 2
* Number of Scans Averaged by the Deck Unit = 1
* NMEA Latitude = 44 36.43 S
* NMEA Longitude = 052 08.36 W
* NMEA UTC (Time) = Oct 20 2019 02:21:12
** H41
** NAVIO POLAR ALMIRANTE MAXIMIANO
** CRUZEIRO:
** OPERANTAR XXXVIII
** ESTAÇÃO:
** LAT
** LONG
** 09P73767-1155
** PROFUNDIDADE:
** DATA/HORA: 20022Z/OUT/19
** OPERADOR: CTTECCHIO
# nquan = 27
# nvalues = 579                                   
# units = specified
# name 0 = scan: Scan Count
# name 1 = timeJ: Julian Days
# name 2 = latitude: Latitude [deg]
# name 3 = longitude: Longitude [deg]
# name 4 = dz/dtM: Descent Rate [m/s]
# name 5 = avgsvCM: Average Sound Velocity [Chen-Millero, m/s]
# name 6 = prDM: Pressure, Digiquartz [db]
# name 7 = depSM: Depth [salt water, m]
# name 8 = t090C: Temperature [ITS-90, deg C]
# name 9 = t190C: Temperature, 2 [ITS-90, deg C]
# name 10 = T2-T190C: Temperature Difference, 2 - 1 [ITS-90, deg C]
# name 11 = potemp090C: Potential Temperature [ITS-90, deg C]
# name 12 = potemp190C: Potential Temperature, 2 [ITS-90, deg C]
# name 13 = potemp90Cdiff: Potential Temperature, Diff, 2 - 1 [ITS-90, deg C]
# name 14 = c0S/m: Conductivity [S/m]
# name 15 = c1S/m: Conductivity, 2 [S/m]
# name 16 = C2-C1S/m: Conductivity Difference, 2 - 1 [S/m]
# name 17 = sal00: Salinity, Practical [PSU]
# name 18 = sal11: Salinity, Practical, 2 [PSU]
# name 19 = sbeox0ML/L: Oxygen, SBE 43 [ml/l]
# name 20 = sigma-é00: Density [sigma-theta, kg/m^3]
# name 21 = sigma-é11: Density, 2 [sigma-theta, kg/m^3]
# name 22 = sbox0Mm/Kg: Oxygen, SBE 43 [umol/kg]
# name 23 = oxsolMm/Kg: Oxygen Saturation, Garcia & Gordon [umol/kg]
# name 24 = oxsatMm/Kg: Oxygen Saturation, Weiss [umol/kg]
# name 25 = nbf: Bottles Fired
# name 26 = flag:  0.000e+00
# interval = seconds: 0.0416667
# start_time = Oct 20 2019 02:21:12 [NMEA time, header]
# bad_flag = -9.990e-29
*END*
[from data line 162]
       9967 293.102862  -44.60480  -52.13658      0.597       0.00      3.658      3.629    11.7763    11.7763    -0.0000    11.7759    11.7759    -0.0000   3.956599   3.957220   0.000621    34.7846    34.7907     6.2197    26.4643    26.4690    270.611  264.88888  264.89175          1  0.000e+00
       9968 293.102862  -44.60480  -52.13658      0.591       0.00      3.706      3.676    11.7767    11.7763    -0.0003    11.7762    11.7759    -0.0003   3.956654   3.957233   0.000579    34.7848    34.7908     6.2205    26.4644    26.4691    270.645  264.88665  264.88950          1  0.000e+00
       9969 293.102863  -44.60480  -52.13658      0.586       0.00      3.754      3.724    11.7765    11.7764    -0.0001    11.7760    11.7759    -0.0001   3.956667   3.957226   0.000559    34.7850    34.7906     6.2175    26.4646    26.4690    270.516  264.88698  264.88984          1  0.000e+00
       9970 293.102863  -44.60480  -52.13658      0.579       0.00      3.754      3.724    11.7765    11.7765    -0.0000    11.7760    11.7760    -0.0000   3.956619   3.957239   0.000620    34.7845    34.7907     6.2180    26.4643    26.4690    270.536  264.88786  264.89071          1  0.000e+00
       9971 293.102864  -44.60480  -52.13658      0.566       0.00      3.706      3.676    11.7762    11.7763     0.0001    11.7757    11.7759     0.0001   3.956626   3.957279   0.000653    34.7849    34.7912     6.2181    26.4646    26.4695    270.541  264.88895  264.89184          1  0.000e+00
       9972 293.102864  -44.60480  -52.13658      0.553       0.00      3.706      3.676    11.7762    11.7757    -0.0005    11.7757    11.7752    -0.0005   3.956612   3.957206   0.000594    34.7848    34.7911     6.2216    26.4645    26.4696    270.695  264.88921  264.89209          1  0.000e+00
       9973 293.102865  -44.60480  -52.13658      0.541       0.00      3.754      3.724    11.7762    11.7761    -0.0001    11.7757    11.7756    -0.0001   3.956626   3.957180   0.000554    34.7849    34.7905     6.2220    26.4646    26.4690    270.711  264.88899  264.89188          1  0.000e+00
       9974 293.102865  -44.60480  -52.13658      0.529       0.00      3.754      3.724    11.7760    11.7760     0.0000    11.7755    11.7755     0.0000   3.956606   3.957022   0.000416    34.7849    34.7890     6.2189    26.4646    26.4678    270.575  264.89009  264.89299          1  0.000e+00
       9975 293.102866  -44.60480  -52.13658      0.515       0.00      3.706      3.676    11.7762    11.7758    -0.0004    11.7757    11.7754    -0.0004   3.956626   3.956969   0.000343    34.7849    34.7886     6.2223    26.4646    26.4676    270.722  264.88895  264.89184          1  0.000e+00
       9976 293.102866  -44.60480  -52.13658      0.496       0.00      3.706      3.676    11.7759    11.7756    -0.0003    11.7754    11.7751    -0.0003   3.956455   3.957108   0.000653    34.7836    34.7902     6.2226    26.4636    26.4689    270.737  264.89337  264.89626          1  0.000e+00
       9977 293.102867  -44.60480  -52.13658      0.480       0.00      3.706      3.676    11.7760    11.7755    -0.0005    11.7755    11.7750    -0.0005   3.956523   3.957193   0.000670    34.7841    34.7912     6.2193    26.4640    26.4696    270.594  264.89156  264.89445          1  0.000e+00
       9978 293.102867  -44.60480  -52.13658      0.460       0.00      3.706      3.676    11.7759    11.7753    -0.0005    11.7754    11.7749    -0.0005   3.956564   3.957167   0.000602    34.7847    34.7911     6.2192    26.4645    26.4696    270.588  264.89135  264.89426          1  0.000e+00
       9979 293.102867  -44.60480  -52.13658      0.434       0.00      3.706      3.676    11.7757    11.7751    -0.0006    11.7752    11.7746    -0.0006   3.956592   3.957114   0.000522    34.7851    34.7908     6.2225    26.4649    26.4694    270.732  264.89156  264.89449          1  0.000e+00
       9980 293.102868  -44.60480  -52.13658      0.422       0.00      3.706      3.676    11.7757    11.7750    -0.0007    11.7752    11.7745    -0.0007   3.956599   3.957108   0.000509    34.7852    34.7908     6.2192    26.4649    26.4694    270.587  264.89144  264.89437          1  0.000e+00
       9981 293.102868  -44.60480  -52.13658      0.400       0.00      3.686      3.656    11.7757    11.7750    -0.0007    11.7752    11.7745    -0.0007   3.956578   3.957081   0.000503    34.7850    34.7905     6.2224    26.4648    26.4692    270.727  264.89180  264.89472          1  0.000e+00
       9982 293.102869  -44.60480  -52.13658      0.375       0.00      3.603      3.574    11.7755    11.7752    -0.0003    11.7751    11.7748    -0.0003   3.956530   3.957121   0.000591    34.7847    34.7907     6.2189    26.4645    26.4693    270.578  264.89315  264.89609          1  0.000e+00
       9983 293.102869  -44.60480  -52.13658      0.351       0.00      3.658      3.629    11.7752    11.7755     0.0003    11.7747    11.7750     0.0003   3.956482   3.957147   0.000665    34.7845    34.7907     6.2188    26.4645    26.4693    270.569  264.89534  264.89830          1  0.000e+00
       9984 293.102870  -44.60480  -52.13658      0.329       0.00      3.658      3.629    11.7748    11.7750     0.0001    11.7744    11.7745     0.0001   3.956441   3.957141   0.000700    34.7844    34.7911     6.2185    26.4645    26.4697    270.558  264.89736  264.90034          1  0.000e+00
       9985 293.102870  -44.60480  -52.13658      0.308       0.00      3.658      3.629    11.7747    11.7756     0.0009    11.7742    11.7751     0.0009   3.956420   3.957147   0.000727    34.7844    34.7906     6.2182    26.4645    26.4692    270.545  264.89846  264.90145          1  0.000e+00
       9986 293.102871  -44.60480  -52.13658      0.282       0.00      3.603      3.574    11.7743    11.7753     0.0010    11.7739    11.7749     0.0010   3.956455   3.957173   0.000719    34.7851    34.7912     6.2178    26.4651    26.4696    270.528  264.89904  264.90207          1  0.000e+00
       9987 293.102871  -44.60480  -52.13658      0.258       0.00      3.603      3.574    11.7742    11.7755     0.0013    11.7737    11.7750     0.0013   3.956414   3.957180   0.000767    34.7848    34.7911     6.2175    26.4649    26.4695    270.512  264.90034  264.90337          1  0.000e+00
       9988 293.102872  -44.60480  -52.13658      0.230       0.00      3.555      3.527    11.7743    11.7752     0.0009    11.7739    11.7748     0.0009   3.956386   3.957160   0.000774    34.7844    34.7911     6.2170    26.4646    26.4696    270.493  264.90026  264.90328          1  0.000e+00
       9989 293.102872  -44.60480  -52.13658      0.204       0.00      3.555      3.527    11.7742    11.7753     0.0011    11.7737    11.7749     0.0011   3.956393   3.957140   0.000748    34.7846    34.7909     6.2166    26.4647    26.4694    270.474  264.90068  264.90371          1  0.000e+00
       9990 293.102873  -44.60480  -52.13658      0.180       0.00      3.555      3.527    11.7740    11.7757     0.0017    11.7735    11.7752     0.0017   3.956386   3.957173   0.000787    34.7847    34.7909     6.2161    26.4649    26.4694    270.455  264.90152  264.90457          1  0.000e+00
       9991 293.102873  -44.60480  -52.13658      0.152       0.00      3.507      3.479    11.7742    11.7752     0.0011    11.7737    11.7748     0.0011   3.956365   3.957180   0.000815    34.7844    34.7914     6.2159    26.4646    26.4698    270.445  264.90114  264.90417          1  0.000e+00
       9992 293.102874  -44.60480  -52.13658      0.123       0.00      3.507      3.479    11.7737    11.7757     0.0019    11.7733    11.7752     0.0019   3.956386   3.957160   0.000774    34.7850    34.7908     6.2123    26.4651    26.4693    270.289  264.90256  264.90564          1  0.000e+00
       9993 293.102874  -44.60480  -52.13658      0.097       0.00      3.453      3.425    11.7734    11.7752     0.0018    11.7729    11.7747     0.0018   3.956359   3.957114   0.000755    34.7851    34.7908     6.2115    26.4653    26.4694    270.253  264.90428  264.90738          1  0.000e+00
       9994 293.102875  -44.60480  -52.13658      0.073       0.00      3.507      3.479    11.7733    11.7747     0.0014    11.7729    11.7743     0.0014   3.956304   3.957108   0.000804    34.7846    34.7911     6.2111    26.4649    26.4697    270.234  264.90552  264.90861          1  0.000e+00
       9995 293.102875  -44.60480  -52.13658      0.046       0.00      3.453      3.425    11.7735    11.7748     0.0013    11.7731    11.7744     0.0013   3.956311   3.957035   0.000724    34.7845    34.7903     6.2105    26.4648    26.4691    270.210  264.90463  264.90771          1  0.000e+00
       9996 293.102876  -44.60480  -52.13658      0.016       0.00      3.405      3.377    11.7735    11.7742     0.0006    11.7731    11.7737     0.0006   3.956317   3.957055   0.000737    34.7846    34.7912     6.2096    26.4648    26.4699    270.172  264.90446  264.90754          1  0.000e+00
       9997 293.102876  -44.60480  -52.13658     -0.009       0.00      3.405      3.377    11.7735    11.7746     0.0011    11.7731    11.7741     0.0011   3.956317   3.956995   0.000678    34.7846    34.7902     6.2091    26.4648    26.4690    270.150  264.90446  264.90754          1  0.000e+00
      10024 293.102889  -44.60478  -52.13658     -0.534       0.00      2.700      2.678    11.7734    11.7735     0.0001    11.7730    11.7732     0.0001   3.956297   3.956910   0.000613    34.7848    34.7907     6.1821    26.4650    26.4696    268.974  264.90481  264.90790          2  0.000e+00
      10025 293.102890  -44.60478  -52.13658     -0.539       0.00      2.748      2.725    11.7735    11.7738     0.0003    11.7732    11.7735     0.0003   3.956290   3.956929   0.000640    34.7846    34.7906     6.1825    26.4648    26.4694    268.991  264.90443  264.90751          2  0.000e+00
      10026 293.102890  -44.60478  -52.13658     -0.545       0.00      2.700      2.678    11.7733    11.7736     0.0003    11.7730    11.7732     0.0003   3.956310   3.956962   0.000652    34.7850    34.7911     6.1826    26.4652    26.4699    268.995  264.90473  264.90783          2  0.000e+00
      10027 293.102891  -44.60478  -52.13658     -0.552       0.00      2.645      2.623    11.7734    11.7743     0.0010    11.7730    11.7740     0.0010   3.956297   3.956949   0.000653    34.7848    34.7903     6.1827    26.4650    26.4692    269.000  264.90476  264.90786          2  0.000e+00
      10028 293.102891  -44.60478  -52.13656     -0.553       0.00      2.700      2.678    11.7732    11.7742     0.0010    11.7728    11.7738     0.0010   3.956310   3.956936   0.000626    34.7851    34.7903     6.1833    26.4653    26.4692    269.026  264.90527  264.90839          2  0.000e+00
      10029 293.102892  -44.60478  -52.13656     -0.555       0.00      2.645      2.623    11.7730    11.7742     0.0012    11.7726    11.7739     0.0012   3.956269   3.957015   0.000746    34.7849    34.7911     6.1836    26.4652    26.4697    269.038  264.90671  264.90983          2  0.000e+00
      10030 293.102892  -44.60478  -52.13656     -0.558       0.00      2.597      2.576    11.7730    11.7748     0.0018    11.7727    11.7745     0.0018   3.956255   3.957041   0.000786    34.7848    34.7908     6.1842    26.4651    26.4694    269.065  264.90674  264.90986          2  0.000e+00
      10031 293.102893  -44.60478  -52.13656     -0.561       0.00      2.645      2.623    11.7728    11.7750     0.0022    11.7725    11.7747     0.0022   3.956249   3.957061   0.000813    34.7848    34.7908     6.1847    26.4652    26.4694    269.085  264.90762  264.91076          2  0.000e+00
      10032 293.102893  -44.60478  -52.13656     -0.561       0.00      2.597      2.576    11.7730    11.7751     0.0020    11.7727    11.7747     0.0020   3.956276   3.956995   0.000719    34.7850    34.7901     6.1850    26.4652    26.4688    269.102  264.90636  264.90948          2  0.000e+00
      10033 293.102894  -44.60478  -52.13656     -0.558       0.00      2.597      2.576    11.7732    11.7750     0.0018    11.7728    11.7747     0.0018   3.956290   3.957074   0.000785    34.7850    34.7909     6.1855    26.4652    26.4695    269.123  264.90557  264.90868          2  0.000e+00
      10034 293.102894  -44.60478  -52.13656     -0.555       0.00      2.549      2.528    11.7735    11.7753     0.0018    11.7732    11.7750     0.0018   3.956358   3.957107   0.000749    34.7853    34.7910     6.1894    26.4654    26.4695    269.294  264.90301  264.90610          2  0.000e+00
      10035 293.102894  -44.60478  -52.13656     -0.553       0.00      2.549      2.528    11.7738    11.7756     0.0017    11.7735    11.7753     0.0017   3.956365   3.957107   0.000742    34.7851    34.7907     6.1903    26.4652    26.4692    269.331  264.90162  264.90468          2  0.000e+00
      10036 293.102895  -44.60478  -52.13656     -0.549       0.00      2.549      2.528    11.7742    11.7755     0.0013    11.7739    11.7752     0.0013   3.956399   3.957107   0.000708    34.7851    34.7908     6.1912    26.4651    26.4693    269.370  264.89973  264.90277          2  0.000e+00
      10037 293.102895  -44.60478  -52.13656     -0.545       0.00      2.549      2.528    11.7742    11.7752     0.0010    11.7739    11.7748     0.0010   3.956454   3.957107   0.000653    34.7856    34.7911     6.1922    26.4655    26.4696    269.412  264.89872  264.90177          2  0.000e+00
      10038 293.102896  -44.60478  -52.13656     -0.541       0.00      2.494      2.474    11.7747    11.7759     0.0012    11.7743    11.7756     0.0012   3.956468   3.957107   0.000639    34.7854    34.7905     6.1965    26.4652    26.4689    269.603  264.89663  264.89963          2  0.000e+00
      10039 293.102896  -44.60478  -52.13656     -0.532       0.00      2.549      2.528    11.7747    11.7760     0.0013    11.7743    11.7757     0.0013   3.956427   3.957140   0.000713    34.7849    34.7907     6.1980    26.4649    26.4691    269.664  264.89743  264.90043          2  0.000e+00
      10040 293.102897  -44.60478  -52.13656     -0.527       0.00      2.494      2.474    11.7747    11.7763     0.0017    11.7743    11.7760     0.0017   3.956427   3.957173   0.000746    34.7850    34.7907     6.1993    26.4649    26.4691    269.722  264.89738  264.90038          2  0.000e+00
      10041 293.102897  -44.60478  -52.13656     -0.519       0.00      2.494      2.474    11.7745    11.7769     0.0024    11.7742    11.7766     0.0024   3.956434   3.957180   0.000746    34.7852    34.7902     6.2004    26.4651    26.4686    269.770  264.89780  264.90081          2  0.000e+00
      10042 293.102898  -44.60478  -52.13656     -0.511       0.00      2.494      2.474    11.7745    11.7772     0.0027    11.7742    11.7769     0.0027   3.956372   3.957180   0.000808    34.7846    34.7900     6.2015    26.4646    26.4683    269.819  264.89893  264.90194          2  0.000e+00
      10043 293.102898  -44.60478  -52.13656     -0.499       0.00      2.494      2.474    11.7738    11.7770     0.0032    11.7735    11.7767     0.0032   3.956386   3.957232   0.000847    34.7853    34.7907     6.2027    26.4653    26.4689    269.870  264.90120  264.90426          2  0.000e+00
      10044 293.102899  -44.60478  -52.13656     -0.487       0.00      2.494      2.474    11.7742    11.7775     0.0033    11.7739    11.7772     0.0033   3.956365   3.957219   0.000854    34.7848    34.7901     6.2072    26.4649    26.4683    270.068  264.90032  264.90335          2  0.000e+00
