Pos-Processados/process_op38/operantar38_019.ros
* Sea-Bird SBE 9 Data File:
* FileName = D:\OPERANTAR_XXXVIII\DADOS\OP38_019.hdr
* Software Version Seasave V 7.18c
* Temperature SN = 4808
* Conductivity SN = 3380
* Number of Bytes Per Scan = 34
* Number of Voltage Words = 3
* Number of Scans Averaged by the Deck Unit = 1
* NMEA Latitude = 62 12.52 S
* NMEA Longitude = 058 17.99 W
* NMEA UTC (Time) = Nov 22 2019 11:08:24
** H41
** NAVIO POLAR ALMIRANTE MAXIMIANO
** CRUZEIRO:
** OPERANTAR XXXVIII
** ESTAÇÃO: OP38_019
** LAT 62 12,51'S
** LONG 058 18,00'W
** 09P73767-1155_A
** PROFUNDIDADE: 271
** DATA/HORA: 221109Z/NOV/2019
** OPERADOR: SO-HN CHAVES
# nquan = 26
# nvalues = 1074                                  
# units = specified
# name 0 = scan: Scan Count
# name 1 = timeJ: Julian Days
# name 2 = latitude: Latitude [deg]
# name 3 = longitude: Longitude [deg]
# name 4 = dz/dtM: Descent Rate [m/s]
# name 5 = avgsvCM: Average Sound Velocity [Chen-Millero, m/s]
# name 6 = prDM: Pressure, Digiquartz [db]
# name 7 = depSM: Depth [salt water, m]
# name 8 = t090C: Temperature [ITS-90, deg C]
# name 9 = t190C: Temperature, 2 [ITS-90, deg C]
# name 10 = T2-T190C: Temperature Difference, 2 - 1 [ITS-90, deg C]
# name 11 = potemp090C: Potential Temperature [ITS-90, deg C]
# name 12 = potemp190C: Potential Temperature, 2 [ITS-90, deg C]
# name 13 = potemp90Cdiff: Potential Temperature, Diff, 2 - 1 [ITS-90, deg C]
# name 14 = c0S/m: Conductivity [S/m]
# name 15 = c1S/m: Conductivity, 2 [S/m]
# name 16 = C2-C1S/m: Conductivity Difference, 2 - 1 [S/m]
# name 17 = sal00: Salinity, Practical [PSU]
# name 18 = sal11: Salinity, Practical, 2 [PSU]
# name 19 = sbeox0ML/L: Oxygen, SBE 43 [ml/l]
# name 20 = sbeox1ML/L: Oxygen, SBE 43, 2 [ml/l]
# name 21 = sbeox0ML/Ldiff: Oxygen, SBE 43, Diff, 2 - 1 [ml/l]
# name 22 = sigma-é00: Density [sigma-theta, kg/m^3]
# name 23 = sigma-é11: Density, 2 [sigma-theta, kg/m^3]
# name 24 = nbf: Bottles Fired
# name 25 = flag:  0.000e+00
# interval = seconds: 0.0416667
# start_time = Nov 22 2019 11:08:24 [NMEA time, header]
# bad_flag = -9.990e-29
*END*
[from data line 502]
      24632 326.476045  -62.20874  -58.30018     -0.045    1447.69      3.415      3.382    -0.2272    -0.2266     0.0006    -0.2273    -0.2267     0.0006   2.819798   2.820284   0.000487    34.1381    34.1440     7.6945     7.4362    -0.2584    27.4218    27.4265          3  0.000e+00
      24633 326.476046  -62.20874  -58.30018     -0.045    1447.69      3.360      3.328    -0.2273    -0.2271     0.0003    -0.2274    -0.2272     0.0003   2.819725   2.820232   0.000507    34.1374    34.1439     7.6994     7.4305    -0.2690    27.4212    27.4264          3  0.000e+00
      24634 326.476046  -62.20874  -58.30018     -0.040    1447.69      3.415      3.382    -0.2276    -0.2271     0.0006    -0.2277    -0.2272     0.0006   2.819707   2.820169   0.000461    34.1375    34.1430     7.6950     7.4363    -0.2587    27.4212    27.4257          3  0.000e+00
      24635 326.476046  -62.20874  -58.30018     -0.039    1447.69      3.360      3.328    -0.2284    -0.2271     0.0014    -0.2285    -0.2272     0.0014   2.819665   2.820226   0.000561    34.1378    34.1438     7.6950     7.4304    -0.2646    27.4216    27.4263          3  0.000e+00
      24636 326.476047  -62.20874  -58.30018     -0.037    1447.69      3.415      3.382    -0.2287    -0.2275     0.0012    -0.2288    -0.2276     0.0012   2.819653   2.820180   0.000527    34.1380    34.1436     7.7001     7.4352    -0.2650    27.4217    27.4262          3  0.000e+00
      24637 326.476047  -62.20874  -58.30018     -0.034    1447.69      3.415      3.382    -0.2293    -0.2282     0.0012    -0.2294    -0.2283     0.0012   2.819653   2.820157   0.000504    34.1387    34.1441     7.7002     7.4375    -0.2627    27.4223    27.4266          3  0.000e+00
      24638 326.476048  -62.20874  -58.30018     -0.033    1447.69      3.360      3.328    -0.2293    -0.2275     0.0018    -0.2294    -0.2276     0.0018   2.819611   2.820163   0.000552    34.1381    34.1434     7.7009     7.4315    -0.2693    27.4219    27.4261          3  0.000e+00
      24639 326.476048  -62.20874  -58.30018     -0.024    1447.69      3.463      3.429    -0.2303    -0.2283     0.0020    -0.2304    -0.2284     0.0020   2.819557   2.820076   0.000519    34.1384    34.1431     7.7011     7.4307    -0.2704    27.4221    27.4258          3  0.000e+00
      24640 326.476049  -62.20874  -58.30018     -0.022    1447.69      3.415      3.382    -0.2301    -0.2288     0.0014    -0.2303    -0.2289     0.0014   2.819581   2.820088   0.000507    34.1386    34.1438     7.7010     7.4296    -0.2714    27.4223    27.4264          3  0.000e+00
      24641 326.476049  -62.20874  -58.30018     -0.020    1447.69      3.415      3.382    -0.2304    -0.2288     0.0017    -0.2305    -0.2289     0.0017   2.819599   2.820128   0.000529    34.1392    34.1444     7.7010     7.4284    -0.2726    27.4228    27.4269          3  0.000e+00
      24642 326.476050  -62.20874  -58.30018     -0.014    1447.69      3.415      3.382    -0.2301    -0.2289     0.0012    -0.2302    -0.2290     0.0012   2.819617   2.820053   0.000436    34.1390    34.1435     7.7017     7.4296    -0.2721    27.4226    27.4262          3  0.000e+00
      24643 326.476050  -62.20874  -58.30018     -0.010    1447.69      3.435      3.402    -0.2301    -0.2286     0.0015    -0.2303    -0.2287     0.0015   2.819605   2.820099   0.000494    34.1389    34.1438     7.7017     7.4296    -0.2721    27.4225    27.4264          3  0.000e+00
      24644 326.476051  -62.20874  -58.30018     -0.005    1447.69      3.415      3.382    -0.2303    -0.2286     0.0017    -0.2304    -0.2287     0.0017   2.819599   2.820134   0.000535    34.1390    34.1443     7.7017     7.4297    -0.2720    27.4226    27.4268          3  0.000e+00
      24645 326.476051  -62.20874  -58.30018      0.000    1447.69      3.463      3.429    -0.2300    -0.2285     0.0015    -0.2301    -0.2286     0.0015   2.819617   2.820070   0.000453    34.1389    34.1432     7.7025     7.4300    -0.2725    27.4225    27.4259          3  0.000e+00
      24646 326.476052  -62.20874  -58.30018      0.006    1447.69      3.463      3.429    -0.2298    -0.2285     0.0013    -0.2299    -0.2286     0.0013   2.819641   2.820157   0.000516    34.1390    34.1444     7.7025     7.4290    -0.2735    27.4226    27.4269          3  0.000e+00
      24647 326.476052  -62.20874  -58.30018      0.011    1447.69      3.463      3.429    -0.2298    -0.2282     0.0017    -0.2299    -0.2283     0.0017   2.819611   2.820145   0.000534    34.1386    34.1439     7.7033     7.4349    -0.2684    27.4223    27.4264          3  0.000e+00
      24648 326.476053  -62.20874  -58.30018      0.016    1447.69      3.415      3.382    -0.2295    -0.2283     0.0012    -0.2296    -0.2284     0.0012   2.819635   2.820128   0.000493    34.1386    34.1438     7.7040     7.4294    -0.2747    27.4223    27.4264          3  0.000e+00
      24649 326.476053  -62.20874  -58.30018      0.021    1447.69      3.463      3.429    -0.2298    -0.2280     0.0018    -0.2299    -0.2281     0.0018   2.819671   2.820215   0.000544    34.1394    34.1446     7.6991     7.4353    -0.2639    27.4229    27.4270          3  0.000e+00
      24650 326.476054  -62.20874  -58.30018      0.026    1447.69      3.463      3.429    -0.2297    -0.2285     0.0012    -0.2298    -0.2286     0.0012   2.819635   2.820157   0.000522    34.1388    34.1444     7.6985     7.4321    -0.2664    27.4224    27.4269          3  0.000e+00
      24651 326.476054  -62.20874  -58.30018      0.034    1447.69      3.511      3.477    -0.2297    -0.2286     0.0011    -0.2298    -0.2287     0.0011   2.819641   2.820088   0.000446    34.1388    34.1436     7.6980     7.4372    -0.2608    27.4224    27.4262          3  0.000e+00
      24652 326.476055  -62.20874  -58.30018      0.039    1447.69      3.463      3.429    -0.2295    -0.2285     0.0011    -0.2296    -0.2286     0.0011   2.819653   2.820122   0.000469    34.1388    34.1439     7.6981     7.4442    -0.2539    27.4224    27.4265          3  0.000e+00
      24653 326.476055  -62.20874  -58.30018      0.043    1447.69      3.463      3.429    -0.2293    -0.2286     0.0007    -0.2295    -0.2287     0.0007   2.819653   2.820088   0.000434    34.1386    34.1436     7.6976     7.4340    -0.2635    27.4223    27.4263          3  0.000e+00
      24654 326.476056  -62.20874  -58.30018      0.048    1447.69      3.463      3.429    -0.2295    -0.2289     0.0006    -0.2296    -0.2290     0.0006   2.819629   2.820076   0.000447    34.1385    34.1438     7.6972     7.4401    -0.2571    27.4222    27.4264          3  0.000e+00
      24655 326.476056  -62.20874  -58.30018      0.052    1447.69      3.511      3.477    -0.2296    -0.2288     0.0009    -0.2297    -0.2289     0.0009   2.819677   2.820163   0.000485    34.1393    34.1448     7.6968     7.4345    -0.2623    27.4228    27.4272          3  0.000e+00
      24656 326.476057  -62.20874  -58.30018      0.056    1447.69      3.463      3.429    -0.2295    -0.2285     0.0011    -0.2296    -0.2286     0.0011   2.819683   2.820105   0.000422    34.1392    34.1437     7.7013     7.4404    -0.2610    27.4228    27.4263          3  0.000e+00
      24657 326.476057  -62.20874  -58.30018      0.062    1447.69      3.511      3.477    -0.2292    -0.2288     0.0004    -0.2293    -0.2289     0.0004   2.819659   2.820134   0.000475    34.1385    34.1444     7.7017     7.4361    -0.2656    27.4221    27.4269          3  0.000e+00
      24658 326.476058  -62.20874  -58.30018      0.065    1447.69      3.511      3.477    -0.2293    -0.2291     0.0003    -0.2295    -0.2292     0.0003   2.819653   2.820122   0.000469    34.1386    34.1446     7.7021     7.4410    -0.2611    27.4222    27.4271          3  0.000e+00
      24659 326.476058  -62.20874  -58.30018      0.065    1447.69      3.463      3.429    -0.2292    -0.2288     0.0004    -0.2293    -0.2289     0.0004   2.819671   2.820082   0.000411    34.1387    34.1437     7.7023     7.4365    -0.2658    27.4223    27.4264          3  0.000e+00
      24660 326.476059  -62.20874  -58.30018      0.071    1447.69      3.511      3.477    -0.2293    -0.2289     0.0004    -0.2295    -0.2290     0.0004   2.819695   2.820134   0.000439    34.1392    34.1445     7.6977     7.4357    -0.2620    27.4227    27.4270          3  0.000e+00
      24661 326.476059  -62.20874  -58.30018      0.077    1447.69      3.511      3.477    -0.2292    -0.2283     0.0009    -0.2293    -0.2284     0.0009   2.819707   2.820140   0.000432    34.1391    34.1439     7.6972     7.4358    -0.2614    27.4227    27.4265          3  0.000e+00
      24662 326.476060  -62.20874  -58.30018      0.079    1447.69      3.511      3.477    -0.2289    -0.2285     0.0004    -0.2290    -0.2286     0.0004   2.819683   2.820111   0.000427    34.1385    34.1437     7.6969     7.4351    -0.2618    27.4221    27.4263          3  0.000e+00
      24663 326.476060  -62.20874  -58.30018      0.082    1447.69      3.511      3.477    -0.2292    -0.2289     0.0003    -0.2293    -0.2290     0.0003   2.819677   2.820174   0.000497    34.1387    34.1451     7.6966     7.4354    -0.2612    27.4223    27.4275          3  0.000e+00
      24664 326.476060  -62.20874  -58.30018      0.086    1447.69      3.511      3.477    -0.2292    -0.2286     0.0006    -0.2293    -0.2287     0.0006   2.819677   2.820146   0.000468    34.1387    34.1444     7.6963     7.4346    -0.2617    27.4223    27.4269          3  0.000e+00
      24665 326.476061  -62.20874  -58.30018      0.087    1447.69      3.511      3.477    -0.2289    -0.2285     0.0004    -0.2290    -0.2286     0.0004   2.819695   2.820111   0.000415    34.1387    34.1437     7.6960     7.4396    -0.2565    27.4223    27.4263          3  0.000e+00
      24666 326.476061  -62.20874  -58.30018      0.088    1447.69      3.511      3.477    -0.2292    -0.2283     0.0009    -0.2293    -0.2284     0.0009   2.819707   2.820151   0.000444    34.1391    34.1441     7.6951     7.4409    -0.2542    27.4227    27.4266          3  0.000e+00
      24667 326.476062  -62.20874  -58.30018      0.088    1447.69      3.511      3.477    -0.2289    -0.2285     0.0004    -0.2290    -0.2286     0.0004   2.819707   2.820134   0.000427    34.1388    34.1440     7.6948     7.4367    -0.2582    27.4224    27.4266          3  0.000e+00
      24668 326.476062  -62.20874  -58.30018      0.088    1447.69      3.511      3.477    -0.2284    -0.2282     0.0003    -0.2285    -0.2283     0.0003   2.819744   2.820111   0.000367    34.1388    34.1434     7.6945     7.4358    -0.2587    27.4223    27.4260          3  0.000e+00
      24669 326.476063  -62.20874  -58.30018      0.091    1447.69      3.565      3.531    -0.2276    -0.2282    -0.0005    -0.2277    -0.2283    -0.0005   2.819774   2.820192   0.000418    34.1382    34.1444     7.6943     7.4362    -0.2581    27.4219    27.4269          3  0.000e+00
      24670 326.476063  -62.20874  -58.30018      0.094    1447.69      3.511      3.477    -0.2272    -0.2288    -0.0016    -0.2273    -0.2289    -0.0016   2.819804   2.820111   0.000307    34.1382    34.1441     7.6940     7.4356    -0.2584    27.4218    27.4266          3  0.000e+00
      24671 326.476064  -62.20874  -58.30018      0.093    1447.69      3.511      3.477    -0.2269    -0.2285    -0.0016    -0.2270    -0.2286    -0.0016   2.819846   2.820111   0.000265    34.1384    34.1437     7.6938     7.4405    -0.2533    27.4220    27.4263          3  0.000e+00
      24672 326.476064  -62.20874  -58.30018      0.094    1447.69      3.565      3.531    -0.2266    -0.2288    -0.0022    -0.2267    -0.2289    -0.0022   2.819846   2.820157   0.000311    34.1380    34.1447     7.6938     7.4352    -0.2586    27.4217    27.4271          3  0.000e+00
      24673 326.476065  -62.20874  -58.30018      0.092    1447.69      3.511      3.477    -0.2261    -0.2285    -0.0024    -0.2262    -0.2286    -0.0024   2.819840   2.820099   0.000259    34.1374    34.1436     7.6936     7.4401    -0.2535    27.4211    27.4262          3  0.000e+00
      24674 326.476065  -62.20874  -58.30018      0.093    1447.69      3.565      3.531    -0.2259    -0.2283    -0.0023    -0.2261    -0.2284    -0.0023   2.819876   2.820111   0.000235    34.1377    34.1435     7.6936     7.4346    -0.2590    27.4214    27.4262          3  0.000e+00
      24675 326.476066  -62.20874  -58.30018      0.092    1447.69      3.531      3.497    -0.2251    -0.2285    -0.0033    -0.2252    -0.2286    -0.0033   2.819870   2.820157   0.000287    34.1368    34.1443     7.6935     7.4395    -0.2540    27.4206    27.4268          3  0.000e+00
      24676 326.476066  -62.20874  -58.30018      0.088    1447.69      3.511      3.477    -0.2255    -0.2282    -0.0027    -0.2256    -0.2283    -0.0027   2.819882   2.820099   0.000217    34.1373    34.1432     7.6936     7.4397    -0.2539    27.4210    27.4259          3  0.000e+00
      24677 326.476067  -62.20874  -58.30018      0.091    1447.69      3.565      3.531    -0.2259    -0.2286    -0.0027    -0.2261    -0.2287    -0.0027   2.819870   2.820134   0.000264    34.1377    34.1442     7.6938     7.4343    -0.2595    27.4213    27.4267          3  0.000e+00
      24678 326.476067  -62.20874  -58.30018      0.087    1447.69      3.565      3.531    -0.2267    -0.2278    -0.0012    -0.2268    -0.2280    -0.0012   2.819864   2.820140   0.000276    34.1384    34.1434     7.6940     7.4458    -0.2482    27.4220    27.4260          3  0.000e+00
      24679 326.476068  -62.20874  -58.30018      0.086    1447.69      3.511      3.477    -0.2269    -0.2283    -0.0014    -0.2270    -0.2284    -0.0014   2.819864   2.820128   0.000264    34.1386    34.1438     7.6942     7.4356    -0.2586    27.4222    27.4264          3  0.000e+00
      24680 326.476068  -62.20874  -58.30018      0.085    1447.69      3.565      3.531    -0.2273    -0.2278    -0.0005    -0.2274    -0.2279    -0.0005   2.819822   2.820198   0.000376    34.1386    34.1441     7.6945     7.4415    -0.2531    27.4221    27.4266          3  0.000e+00
      24681 326.476069  -62.20874  -58.30018      0.082    1447.69      3.511      3.477    -0.2281    -0.2272     0.0009    -0.2282    -0.2273     0.0009   2.819810   2.820169   0.000359    34.1393    34.1431     7.6941     7.4369    -0.2572    27.4228    27.4258          3  0.000e+00
      24682 326.476069  -62.20874  -58.30018      0.080    1447.69      3.565      3.531    -0.2286    -0.2271     0.0015    -0.2287    -0.2272     0.0015   2.819768   2.820157   0.000389    34.1393    34.1427     7.6944     7.4417    -0.2527    27.4227    27.4255          3  0.000e+00
      24683 326.476070  -62.20874  -58.30018      0.077    1447.69      3.511      3.477    -0.2291    -0.2269     0.0022    -0.2292    -0.2270     0.0022   2.819738   2.820186   0.000448    34.1394    34.1430     7.6940     7.4372    -0.2568    27.4229    27.4256          3  0.000e+00
      24684 326.476070  -62.20874  -58.30018      0.074    1447.69      3.565      3.531    -0.2289    -0.2272     0.0017    -0.2290    -0.2273     0.0017   2.819750   2.820203   0.000454    34.1393    34.1435     7.6934     7.4421    -0.2514    27.4228    27.4261          3  0.000e+00
      24780 326.476116  -62.20874  -58.30018     -0.012    1447.69      3.360      3.328    -0.2239    -0.2238     0.0001    -0.2240    -0.2239     0.0001   2.820080   2.820452   0.000371    34.1383    34.1432     7.7117     7.4418    -0.2700    27.4218    27.4257          4  0.000e+00
      24781 326.476117  -62.20874  -58.30018     -0.010    1447.69      3.360      3.328    -0.2238    -0.2238    -0.0000    -0.2239    -0.2239    -0.0000   2.820074   2.820515   0.000441    34.1381    34.1440     7.7124     7.4317    -0.2808    27.4215    27.4263          4  0.000e+00
