Pos-Processados/process_op38/operantar38_023.ros
* Sea-Bird SBE 9 Data File:
* FileName = D:\OPERANTAR_XXXVIII\DADOS\OP38_023.hdr
* Software Version Seasave V 7.18c
* Temperature SN = 4808
* Conductivity SN = 3380
* Number of Bytes Per Scan = 34
* Number of Voltage Words = 3
* Number of Scans Averaged by the Deck Unit = 1
* NMEA Latitude = 62 12.78 S
* NMEA Longitude = 058 20.56 W
* NMEA UTC (Time) = Nov 22 2019 18:35:31
** H41
** NAVIO POLAR ALMIRANTE MAXIMIANO
** CRUZEIRO:
** OPERANTAR XXXVIII
** ESTAÇÃO: OP38_023
** LAT 62 12,77'S
** LONG 058 20,58'W
** 09P73767-1155_A
** PROFUNDIDADE: 500
** DATA/HORA: 221836Z/NOV2019
** OPERADOR: SO-HN CHAVES
# nquan = 27
# nvalues = 1477                                  
# units = specified
# name 0 = scan: Scan Count
# name 1 = timeJ: Julian Days
# name 2 = latitude: Latitude [deg]
# name 3 = longitude: Longitude [deg]
# name 4 = dz/dtM: Descent Rate [m/s]
# name 5 = avgsvCM: Average Sound Velocity [Chen-Millero, m/s]
# name 6 = prDM: Pressure, Digiquartz [db]
# name 7 = depSM: Depth [salt water, m]
# name 8 = t090C: Temperature [ITS-90, deg C]
# name 9 = t190C: Temperature, 2 [ITS-90, deg C]
# name 10 = T2-T190C: Temperature Difference, 2 - 1 [ITS-90, deg C]
# name 11 = potemp090C: Potential Temperature [ITS-90, deg C]
# name 12 = potemp190C: Potential Temperature, 2 [ITS-90, deg C]
# name 13 = potemp90Cdiff: Potential Temperature, Diff, 2 - 1 [ITS-90, deg C]
# name 14 = c0S/m: Conductivity [S/m]
# name 15 = c1S/m: Conductivity, 2 [S/m]
# name 16 = C2-C1S/m: Conductivity Difference, 2 - 1 [S/m]
# name 17 = sal00: Salinity, Practical [PSU]
# name 18 = sal11: Salinity, Practical, 2 [PSU]
# name 19 = sbeox0ML/L: Oxygen, SBE 43 [ml/l]
# name 20 = sigma-é00: Density [sigma-theta, kg/m^3]
# name 21 = sigma-é11: Density, 2 [sigma-theta, kg/m^3]
# name 22 = sbox0Mm/Kg: Oxygen, SBE 43 [umol/kg]
# name 23 = oxsolMm/Kg: Oxygen Saturation, Garcia & Gordon [umol/kg]
# name 24 = oxsatMm/Kg: Oxygen Saturation, Weiss [umol/kg]
# name 25 = nbf: Bottles Fired
# name 26 = flag:  0.000e+00
# interval = seconds: 0.0416667
# start_time = Nov 22 2019 18:35:31 [NMEA time, header]
# bad_flag = -9.990e-29
*END*
[from data line 215]
      30518 326.789381  -62.21306  -58.34258     -0.015    1449.93      3.459      3.426    -0.2846    -0.2880    -0.0034    -0.2847    -0.2881    -0.0034   2.817452   2.817424  -0.000028    34.1712    34.1747     7.6465    27.4513    27.4543    332.368  352.82222  354.35496          2  0.000e+00
      30519 326.789382  -62.21306  -58.34258     -0.015    1449.93      3.459      3.426    -0.2824    -0.2877    -0.0053    -0.2825    -0.2878    -0.0053   2.817506   2.817407  -0.000099    34.1695    34.1742     7.6451    27.4497    27.4538    332.309  352.80675  354.33894          2  0.000e+00
      30520 326.789382  -62.21306  -58.34258     -0.017    1449.93      3.459      3.426    -0.2810    -0.2874    -0.0063    -0.2811    -0.2875    -0.0063   2.817530   2.817453  -0.000077    34.1683    34.1744     7.6490    27.4487    27.4540    332.478  352.79771  354.32957          2  0.000e+00
      30521 326.789383  -62.21306  -58.34258     -0.016    1449.93      3.480      3.446    -0.2792    -0.2880    -0.0088    -0.2794    -0.2881    -0.0088   2.817578   2.817436  -0.000142    34.1669    34.1749     7.6433    27.4475    27.4544    332.233  352.78498  354.31640          2  0.000e+00
      30522 326.789383  -62.21306  -58.34258     -0.015    1449.93      3.459      3.426    -0.2788    -0.2880    -0.0092    -0.2789    -0.2881    -0.0092   2.817644   2.817441  -0.000203    34.1673    34.1750     7.6430    27.4478    27.4544    332.217  352.77967  354.31101          2  0.000e+00
      30523 326.789384  -62.21306  -58.34258     -0.018    1449.93      3.459      3.426    -0.2774    -0.2877    -0.0103    -0.2775    -0.2878    -0.0103   2.817741   2.817488  -0.000253    34.1671    34.1752     7.6476    27.4475    27.4546    332.416  352.76762  354.29866          2  0.000e+00
      30524 326.789384  -62.21306  -58.34258     -0.021    1449.93      3.404      3.372    -0.2760    -0.2880    -0.0120    -0.2761    -0.2881    -0.0120   2.817867   2.817418  -0.000449    34.1672    34.1747     7.6477    27.4476    27.4542    332.424  352.75436  354.28512          2  0.000e+00
      30525 326.789385  -62.21306  -58.34258     -0.017    1449.93      3.507      3.473    -0.2761    -0.2883    -0.0122    -0.2762    -0.2884    -0.0122   2.817957   2.817430  -0.000527    34.1684    34.1751     7.6484    27.4486    27.4546    332.450  352.75157  354.28240          2  0.000e+00
      30526 326.789385  -62.21306  -58.34258     -0.019    1449.93      3.459      3.426    -0.2761    -0.2882    -0.0120    -0.2762    -0.2883    -0.0120   2.817999   2.817407  -0.000592    34.1691    34.1747     7.6488    27.4491    27.4542    332.471  352.75029  354.28117          2  0.000e+00
      30527 326.789386  -62.21306  -58.34258     -0.022    1449.93      3.404      3.372    -0.2761    -0.2886    -0.0125    -0.2762    -0.2887    -0.0125   2.817999   2.817430  -0.000569    34.1691    34.1756     7.6493    27.4491    27.4549    332.493  352.75019  354.28108          2  0.000e+00
      30528 326.789386  -62.21306  -58.34258     -0.024    1449.93      3.459      3.426    -0.2752    -0.2882    -0.0130    -0.2753    -0.2883    -0.0130   2.817981   2.817407  -0.000574    34.1678    34.1747     7.6498    27.4480    27.4542    332.514  352.74528  354.27590          2  0.000e+00
      30529 326.789387  -62.21306  -58.34258     -0.023    1449.93      3.459      3.426    -0.2749    -0.2882    -0.0132    -0.2750    -0.2883    -0.0132   2.817981   2.817430  -0.000551    34.1675    34.1750     7.6503    27.4478    27.4545    332.536  352.74351  354.27406          2  0.000e+00
      30530 326.789387  -62.21306  -58.34258     -0.022    1449.93      3.459      3.426    -0.2745    -0.2879    -0.0134    -0.2746    -0.2880    -0.0134   2.817999   2.817447  -0.000552    34.1672    34.1749     7.6508    27.4475    27.4544    332.556  352.74001  354.27045          2  0.000e+00
      30531 326.789388  -62.21306  -58.34258     -0.023    1449.93      3.459      3.426    -0.2742    -0.2882    -0.0139    -0.2743    -0.2883    -0.0139   2.818041   2.817430  -0.000611    34.1675    34.1750     7.6462    27.4478    27.4545    332.357  352.73704  354.26744          2  0.000e+00
      30532 326.789388  -62.21306  -58.34258     -0.022    1449.93      3.459      3.426    -0.2745    -0.2876    -0.0131    -0.2746    -0.2877    -0.0131   2.818041   2.817499  -0.000542    34.1678    34.1752     7.6453    27.4480    27.4546    332.318  352.73846  354.26892          2  0.000e+00
      30533 326.789389  -62.21306  -58.34258     -0.021    1449.93      3.459      3.426    -0.2751    -0.2882    -0.0131    -0.2752    -0.2883    -0.0131   2.818011   2.817447  -0.000564    34.1681    34.1752     7.6445    27.4483    27.4547    332.283  352.74346  354.27408          2  0.000e+00
      30534 326.789389  -62.21306  -58.34258     -0.025    1449.93      3.404      3.372    -0.2748    -0.2874    -0.0126    -0.2749    -0.2875    -0.0126   2.817975   2.817441  -0.000534    34.1672    34.1743     7.6486    27.4476    27.4539    332.460  352.74258  354.27307          2  0.000e+00
      30535 326.789389  -62.21306  -58.34258     -0.021    1449.93      3.507      3.473    -0.2756    -0.2877    -0.0121    -0.2757    -0.2878    -0.0121   2.817915   2.817447  -0.000468    34.1673    34.1747     7.6436    27.4476    27.4542    332.242  352.74993  354.28059          2  0.000e+00
      30536 326.789390  -62.21306  -58.34258     -0.024    1449.93      3.404      3.372    -0.2765    -0.2879    -0.0114    -0.2766    -0.2880    -0.0114   2.817819   2.817389  -0.000429    34.1672    34.1742     7.6478    27.4476    27.4538    332.426  352.75933  354.29019          2  0.000e+00
      30537 326.789390  -62.21306  -58.34258     -0.022    1449.93      3.459      3.426    -0.2780    -0.2880    -0.0100    -0.2781    -0.2881    -0.0100   2.817777   2.817407  -0.000370    34.1683    34.1745     7.6479    27.4485    27.4541    332.430  352.77019  354.30142          2  0.000e+00
      30538 326.789391  -62.21306  -58.34258     -0.023    1449.93      3.459      3.426    -0.2802    -0.2879    -0.0076    -0.2803    -0.2880    -0.0076   2.817705   2.817361  -0.000344    34.1698    34.1737     7.6480    27.4499    27.4534    332.436  352.78632  354.31808          2  0.000e+00
      30539 326.789391  -62.21306  -58.34258     -0.021    1449.93      3.459      3.426    -0.2810    -0.2879    -0.0069    -0.2811    -0.2880    -0.0069   2.817668   2.817441  -0.000227    34.1701    34.1748     7.6487    27.4502    27.4543    332.463  352.79226  354.32419          2  0.000e+00
      30540 326.789392  -62.21306  -58.34258     -0.017    1449.93      3.507      3.473    -0.2807    -0.2874    -0.0067    -0.2808    -0.2875    -0.0067   2.817608   2.817476  -0.000132    34.1690    34.1747     7.6492    27.4492    27.4542    332.485  352.79278  354.32460          2  0.000e+00
      30541 326.789392  -62.21306  -58.34258     -0.018    1449.93      3.459      3.426    -0.2803    -0.2863    -0.0060    -0.2805    -0.2864    -0.0060   2.817584   2.817551  -0.000033    34.1683    34.1745     7.6495    27.4487    27.4540    332.502  352.79146  354.32317          2  0.000e+00
      30542 326.789393  -62.21306  -58.34258     -0.016    1449.93      3.459      3.426    -0.2802    -0.2851    -0.0048    -0.2803    -0.2852    -0.0048   2.817602   2.817597  -0.000005    34.1684    34.1738     7.6500    27.4487    27.4533    332.520  352.79009  354.32178          2  0.000e+00
      30543 326.789393  -62.21306  -58.34258     -0.016    1449.93      3.459      3.426    -0.2796    -0.2849    -0.0053    -0.2797    -0.2850    -0.0053   2.817608   2.817644   0.000035    34.1678    34.1742     7.6503    27.4482    27.4537    332.536  352.78597  354.31749          2  0.000e+00
      30544 326.789394  -62.21306  -58.34258     -0.014    1449.93      3.459      3.426    -0.2788    -0.2845    -0.0057    -0.2789    -0.2846    -0.0057   2.817644   2.817742   0.000098    34.1673    34.1750     7.6506    27.4478    27.4543    332.549  352.77967  354.31101          2  0.000e+00
      30545 326.789394  -62.21306  -58.34258     -0.012    1449.93      3.507      3.473    -0.2769    -0.2845    -0.0075    -0.2771    -0.2846    -0.0075   2.817717   2.817748   0.000031    34.1662    34.1751     7.6508    27.4468    27.4543    332.556  352.76575  354.29665          2  0.000e+00
      30546 326.789395  -62.21306  -58.34258     -0.010    1449.93      3.459      3.426    -0.2756    -0.2841    -0.0086    -0.2757    -0.2843    -0.0086   2.817795   2.817800   0.000005    34.1657    34.1754     7.6458    27.4464    27.4546    332.341  352.75428  354.28487          2  0.000e+00
      30547 326.789395  -62.21306  -58.34258     -0.008    1449.93      3.507      3.473    -0.2749    -0.2835    -0.0086    -0.2750    -0.2836    -0.0086   2.817813   2.817823   0.000010    34.1652    34.1750     7.6455    27.4459    27.4543    332.327  352.74980  354.28023          2  0.000e+00
      30548 326.789396  -62.21306  -58.34258     -0.006    1449.93      3.459      3.426    -0.2749    -0.2821    -0.0072    -0.2750    -0.2822    -0.0072   2.817837   2.817898   0.000061    34.1655    34.1745     7.6452    27.4462    27.4537    332.315  352.74848  354.27891          2  0.000e+00
      30549 326.789396  -62.21306  -58.34258     -0.000    1449.93      3.507      3.473    -0.2749    -0.2824    -0.0075    -0.2750    -0.2825    -0.0075   2.817825   2.817967   0.000142    34.1654    34.1757     7.6443    27.4461    27.4548    332.276  352.74936  354.27979          2  0.000e+00
      30550 326.789397  -62.21306  -58.34258     -0.001    1449.93      3.459      3.426    -0.2758    -0.2813    -0.0055    -0.2760    -0.2814    -0.0055   2.817801   2.817979   0.000178    34.1661    34.1747     7.6493    27.4467    27.4539    332.493  352.75583  354.28650          2  0.000e+00
      30551 326.789397  -62.21306  -58.34258      0.004    1449.93      3.507      3.473    -0.2765    -0.2809    -0.0044    -0.2766    -0.2810    -0.0044   2.817777   2.818083   0.000306    34.1665    34.1755     7.6493    27.4470    27.4545    332.491  352.76070  354.29151          2  0.000e+00
      30552 326.789398  -62.21306  -58.34258      0.006    1449.93      3.507      3.473    -0.2768    -0.2801    -0.0033    -0.2769    -0.2802    -0.0033   2.817777   2.818048   0.000271    34.1668    34.1742     7.6491    27.4473    27.4534    332.483  352.76247  354.29336          2  0.000e+00
      30553 326.789398  -62.21306  -58.34258      0.008    1449.93      3.507      3.473    -0.2764    -0.2801    -0.0037    -0.2765    -0.2802    -0.0037   2.817891   2.818112   0.000221    34.1679    34.1750     7.6487    27.4482    27.4541    332.464  352.75613  354.28701          2  0.000e+00
      30554 326.789399  -62.21306  -58.34258      0.008    1449.93      3.425      3.392    -0.2765    -0.2798    -0.0033    -0.2766    -0.2799    -0.0033   2.817927   2.818158   0.000231    34.1685    34.1753     7.6490    27.4487    27.4543    332.480  352.75502  354.28594          2  0.000e+00
      30555 326.789399  -62.21306  -58.34258      0.016    1449.93      3.610      3.575    -0.2776    -0.2795    -0.0019    -0.2777    -0.2796    -0.0019   2.817909   2.818146   0.000237    34.1694    34.1747     7.6499    27.4495    27.4538    332.517  352.76273  354.29392          2  0.000e+00
      30556 326.789400  -62.21306  -58.34258      0.024    1449.93      3.555      3.521    -0.2774    -0.2790    -0.0016    -0.2775    -0.2791    -0.0016   2.817921   2.818239   0.000318    34.1694    34.1755     7.6503    27.4494    27.4544    332.533  352.76113  354.29229          2  0.000e+00
      30557 326.789400  -62.21306  -58.34258      0.022    1449.93      3.507      3.474    -0.2772    -0.2785    -0.0013    -0.2773    -0.2787    -0.0013   2.817867   2.818187   0.000320    34.1685    34.1743     7.6507    27.4487    27.4534    332.552  352.76198  354.29306          2  0.000e+00
      30558 326.789401  -62.21306  -58.34258      0.029    1449.93      3.555      3.521    -0.2769    -0.2782    -0.0013    -0.2771    -0.2783    -0.0013   2.817867   2.818245   0.000378    34.1682    34.1747     7.6504    27.4484    27.4537    332.538  352.76029  354.29129          2  0.000e+00
      30559 326.789401  -62.21306  -58.34258      0.030    1449.93      3.507      3.474    -0.2769    -0.2784    -0.0015    -0.2770    -0.2785    -0.0015   2.817885   2.818233   0.000348    34.1684    34.1747     7.6507    27.4486    27.4538    332.554  352.75919  354.29019          2  0.000e+00
      30560 326.789402  -62.21306  -58.34258      0.034    1449.93      3.555      3.521    -0.2768    -0.2782    -0.0015    -0.2769    -0.2783    -0.0015   2.817873   2.818198   0.000325    34.1681    34.1741     7.6512    27.4483    27.4532    332.574  352.75900  354.28996          2  0.000e+00
      30561 326.789402  -62.21306  -58.34258      0.041    1449.93      3.555      3.521    -0.2765    -0.2779    -0.0014    -0.2766    -0.2780    -0.0014   2.817873   2.818233   0.000360    34.1677    34.1742     7.6516    27.4480    27.4533    332.591  352.75723  354.28811          2  0.000e+00
      30562 326.789402  -62.21306  -58.34258      0.045    1449.93      3.555      3.521    -0.2760    -0.2779    -0.0019    -0.2761    -0.2780    -0.0019   2.817891   2.818181   0.000290    34.1675    34.1735     7.6519    27.4478    27.4527    332.606  352.75373  354.28450          2  0.000e+00
      30563 326.789403  -62.21306  -58.34258      0.045    1449.93      3.507      3.474    -0.2763    -0.2779    -0.0016    -0.2764    -0.2780    -0.0016   2.817861   2.818285   0.000424    34.1674    34.1749     7.6473    27.4478    27.4539    332.406  352.75653  354.28736          2  0.000e+00
      30564 326.789403  -62.21306  -58.34258      0.048    1449.93      3.555      3.521    -0.2772    -0.2778    -0.0005    -0.2773    -0.2779    -0.0005   2.817867   2.818285   0.000418    34.1685    34.1747     7.6465    27.4487    27.4537    332.368  352.76206  354.29314          2  0.000e+00
      30565 326.789404  -62.21306  -58.34258      0.055    1449.93      3.610      3.575    -0.2775    -0.2778    -0.0003    -0.2776    -0.2779    -0.0003   2.817843   2.818273   0.000431    34.1684    34.1745     7.6506    27.4486    27.4536    332.548  352.76446  354.29558          2  0.000e+00
      30566 326.789404  -62.21306  -58.34258      0.057    1449.93      3.555      3.521    -0.2785    -0.2778     0.0007    -0.2786    -0.2779     0.0007   2.817819   2.818273   0.000455    34.1693    34.1745     7.6461    27.4494    27.4536    332.352  352.77163  354.30301          2  0.000e+00
      30567 326.789405  -62.21306  -58.34258      0.060    1449.93      3.555      3.521    -0.2782    -0.2781     0.0001    -0.2783    -0.2782     0.0001   2.817783   2.818169   0.000387    34.1684    34.1735     7.6501    27.4487    27.4528    332.525  352.77084  354.30210          2  0.000e+00
      30568 326.789405  -62.21306  -58.34258      0.065    1449.93      3.610      3.575    -0.2785    -0.2784     0.0001    -0.2786    -0.2785     0.0001   2.817807   2.818239   0.000432    34.1691    34.1747     7.6498    27.4492    27.4538    332.515  352.77217  354.30354          2  0.000e+00
      30569 326.789406  -62.21306  -58.34258      0.067    1449.93      3.555      3.521    -0.2790    -0.2778     0.0012    -0.2791    -0.2779     0.0012   2.817801   2.818250   0.000450    34.1696    34.1742     7.6503    27.4496    27.4534    332.533  352.77513  354.30662          2  0.000e+00
      30570 326.789406  -62.21306  -58.34258      0.073    1449.93      3.610      3.575    -0.2790    -0.2770     0.0020    -0.2791    -0.2771     0.0020   2.817777   2.818279   0.000503    34.1693    34.1737     7.6551    27.4494    27.4529    332.741  352.77647  354.30795          2  0.000e+00
