Pos-Processados/process_op38/operantar38_014b.ros
* Sea-Bird SBE 9 Data File:
* FileName = D:\OPERANTAR_XXXVIII\DADOS\OP38_014b.hdr
* Software Version Seasave V 7.18c
* Temperature SN = 4808
* Conductivity SN = 3380
* Number of Bytes Per Scan = 34
* Number of Voltage Words = 3
* Number of Scans Averaged by the Deck Unit = 1
* NMEA Latitude = 62 11.38 S
* NMEA Longitude = 058 03.45 W
* NMEA UTC (Time) = Nov 05 2019 06:44:07
** H41
** NAVIO POLAR ALMIRANTE MAXIMIANO
** CRUZEIRO:
** OPERANTAR XXXVIII
** ESTAÇÃO: OP38_014b
** LAT 62 11,38' S
** LONG 058 03,42' W
** 09P73767-1155_A
** PROFUNDIDADE: 480
** DATA/HORA: 050645Z/NOV/2019
** OPERADOR: SO-HN CHAVES
# nquan = 24
# nvalues = 1836                                  
# units = specified
# name 0 = scan: Scan Count
# name 1 = timeJ: Julian Days
# name 2 = latitude: Latitude [deg]
# name 3 = longitude: Longitude [deg]
# name 4 = dz/dtM: Descent Rate [m/s]
# name 5 = avgsvCM: Average Sound Velocity [Chen-Millero, m/s]
# name 6 = prDM: Pressure, Digiquartz [db]
# name 7 = depSM: Depth [salt water, m]
# name 8 = t090C: Temperature [ITS-90, deg C]
# name 9 = t190C: Temperature, 2 [ITS-90, deg C]
# name 10 = T2-T190C: Temperature Difference, 2 - 1 [ITS-90, deg C]
# name 11 = potemp090C: Potential Temperature [ITS-90, deg C]
# name 12 = potemp190C: Potential Temperature, 2 [ITS-90, deg C]
# name 13 = potemp90Cdiff: Potential Temperature, Diff, 2 - 1 [ITS-90, deg C]
# name 14 = c0S/m: Conductivity [S/m]
# name 15 = c1S/m: Conductivity, 2 [S/m]
# name 16 = C2-C1S/m: Conductivity Difference, 2 - 1 [S/m]
# name 17 = sal00: Salinity, Practical [PSU]
# name 18 = sal11: Salinity, Practical, 2 [PSU]
# name 19 = sbeox0ML/L: Oxygen, SBE 43 [ml/l]
# name 20 = sigma-é00: Density [sigma-theta, kg/m^3]
# name 21 = sigma-é11: Density, 2 [sigma-theta, kg/m^3]
# name 22 = nbf: Bottles Fired
# name 23 = flag:  0.000e+00
# interval = seconds: 0.0416667
# start_time = Nov 05 2019 06:44:07 [NMEA time, header]
# bad_flag = -9.990e-29
*END*
[from data line 61]
       2307 309.281749  -62.18966  -58.05752     -0.090       0.00      1.558      1.543    -0.7129    -0.7112     0.0017    -0.7129    -0.7112     0.0017   2.780014   2.780630   0.000617    34.1518    34.1582     7.6306    27.4546    27.4597          1  0.000e+00
       2308 309.281749  -62.18966  -58.05752     -0.085       0.00      1.606      1.590    -0.7129    -0.7112     0.0017    -0.7129    -0.7112     0.0017   2.780049   2.780607   0.000558    34.1523    34.1579     7.6308    27.4550    27.4594          1  0.000e+00
       2309 309.281750  -62.18966  -58.05752     -0.079       0.00      1.606      1.590    -0.7128    -0.7110     0.0017    -0.7128    -0.7111     0.0017   2.780085   2.780596   0.000510    34.1526    34.1576     7.6309    27.4552    27.4592          1  0.000e+00
       2310 309.281750  -62.18966  -58.05752     -0.072       0.00      1.661      1.645    -0.7115    -0.7112     0.0003    -0.7116    -0.7112     0.0003   2.780109   2.780602   0.000492    34.1514    34.1578     7.6309    27.4543    27.4593          1  0.000e+00
       2311 309.281751  -62.18966  -58.05752     -0.063       0.00      1.606      1.590    -0.7105    -0.7112    -0.0007    -0.7105    -0.7112    -0.0007   2.780235   2.780619   0.000384    34.1520    34.1580     7.6308    27.4547    27.4596          1  0.000e+00
       2312 309.281751  -62.18966  -58.05752     -0.056       0.00      1.674      1.658    -0.7087    -0.7114    -0.0026    -0.7088    -0.7114    -0.0026   2.780403   2.780607   0.000205    34.1523    34.1580     7.6307    27.4548    27.4596          1  0.000e+00
       2313 309.281752  -62.18966  -58.05752     -0.047       0.00      1.661      1.645    -0.7078    -0.7112    -0.0034    -0.7078    -0.7112    -0.0034   2.780492   2.780665   0.000173    34.1524    34.1586     7.6300    27.4549    27.4600          1  0.000e+00
       2314 309.281752  -62.18966  -58.05752     -0.037       0.00      1.661      1.645    -0.7077    -0.7109    -0.0032    -0.7077    -0.7109    -0.0032   2.780492   2.780636   0.000144    34.1523    34.1579     7.6243    27.4548    27.4594          1  0.000e+00
       2315 309.281753  -62.18966  -58.05752     -0.027       0.00      1.661      1.645    -0.7078    -0.7109    -0.0031    -0.7078    -0.7109    -0.0031   2.780504   2.780607   0.000103    34.1526    34.1575     7.6290    27.4550    27.4591          1  0.000e+00
       2316 309.281753  -62.18966  -58.05752     -0.018       0.00      1.661      1.645    -0.7077    -0.7123    -0.0046    -0.7077    -0.7123    -0.0046   2.780492   2.780538   0.000046    34.1523    34.1582     7.6294    27.4548    27.4597          1  0.000e+00
       2317 309.281753  -62.18966  -58.05752     -0.005       0.00      1.709      1.692    -0.7075    -0.7124    -0.0049    -0.7075    -0.7125    -0.0049   2.780504   2.780544   0.000040    34.1522    34.1583     7.6297    27.4547    27.4599          1  0.000e+00
       2318 309.281754  -62.18966  -58.05752      0.005       0.00      1.709      1.692    -0.7078    -0.7121    -0.0043    -0.7078    -0.7122    -0.0043   2.780486   2.780567   0.000081    34.1523    34.1583     7.6302    27.4548    27.4598          1  0.000e+00
       2319 309.281754  -62.18966  -58.05752      0.019       0.00      1.709      1.692    -0.7086    -0.7123    -0.0037    -0.7086    -0.7123    -0.0037   2.780403   2.780521   0.000119    34.1521    34.1579     7.6309    27.4547    27.4595          1  0.000e+00
       2320 309.281755  -62.18966  -58.05752      0.030       0.00      1.729      1.712    -0.7094    -0.7134    -0.0040    -0.7094    -0.7134    -0.0040   2.780259   2.780435   0.000176    34.1510    34.1579     7.6316    27.4538    27.4596          1  0.000e+00
       2321 309.281755  -62.18966  -58.05752      0.042       0.00      1.756      1.740    -0.7101    -0.7142    -0.0041    -0.7102    -0.7143    -0.0041   2.780223   2.780360   0.000137    34.1514    34.1579     7.6323    27.4541    27.4596          1  0.000e+00
       2322 309.281756  -62.18966  -58.05752      0.054       0.00      1.756      1.740    -0.7101    -0.7149    -0.0048    -0.7102    -0.7150    -0.0048   2.780241   2.780257   0.000016    34.1516    34.1572     7.6320    27.4543    27.4591          1  0.000e+00
       2323 309.281756  -62.18966  -58.05752      0.066       0.00      1.756      1.740    -0.7101    -0.7163    -0.0062    -0.7102    -0.7163    -0.0062   2.780241   2.780234  -0.000007    34.1516    34.1585     7.6326    27.4543    27.4601          1  0.000e+00
       2324 309.281757  -62.18966  -58.05752      0.078       0.00      1.756      1.740    -0.7089    -0.7163    -0.0074    -0.7089    -0.7164    -0.0074   2.780385   2.780268  -0.000116    34.1522    34.1590     7.6328    27.4547    27.4606          1  0.000e+00
       2325 309.281757  -62.18966  -58.05752      0.089       0.00      1.811      1.794    -0.7078    -0.7163    -0.0085    -0.7078    -0.7163    -0.0085   2.780486   2.780245  -0.000241    34.1523    34.1586     7.6281    27.4548    27.4602          1  0.000e+00
       2326 309.281758  -62.18966  -58.05752      0.100       0.00      1.811      1.794    -0.7066    -0.7160    -0.0094    -0.7066    -0.7161    -0.0094   2.780588   2.780245  -0.000343    34.1523    34.1583     7.6329    27.4547    27.4600          1  0.000e+00
       2327 309.281758  -62.18966  -58.05752      0.112       0.00      1.811      1.794    -0.7050    -0.7169    -0.0119    -0.7051    -0.7169    -0.0119   2.780690   2.780199  -0.000491    34.1519    34.1587     7.6324    27.4543    27.4603          1  0.000e+00
       2328 309.281759  -62.18966  -58.05752      0.121       0.00      1.811      1.794    -0.7036    -0.7175    -0.0139    -0.7037    -0.7176    -0.0139   2.780798   2.780119  -0.000679    34.1517    34.1583     7.6328    27.4542    27.4601          1  0.000e+00
       2329 309.281759  -62.18966  -58.05752      0.138       0.00      1.880      1.862    -0.7024    -0.7185    -0.0161    -0.7024    -0.7185    -0.0161   2.780864   2.780107  -0.000756    34.1512    34.1592     7.6385    27.4537    27.4608          1  0.000e+00
       2330 309.281760  -62.18966  -58.05752      0.147       0.00      1.859      1.841    -0.7018    -0.7177    -0.0159    -0.7018    -0.7177    -0.0159   2.780953   2.780176  -0.000777    34.1517    34.1592     7.6339    27.4541    27.4608          1  0.000e+00
       2331 309.281760  -62.18966  -58.05752      0.158       0.00      1.859      1.841    -0.6999    -0.7177    -0.0178    -0.6999    -0.7178    -0.0178   2.781079   2.780251  -0.000828    34.1513    34.1603     7.6334    27.4537    27.4617          1  0.000e+00
       2332 309.281761  -62.18966  -58.05752      0.171       0.00      1.914      1.895    -0.6988    -0.7163    -0.0174    -0.6989    -0.7163    -0.0174   2.781151   2.780337  -0.000814    34.1511    34.1598     7.6332    27.4534    27.4612          1  0.000e+00
       2333 309.281761  -62.18966  -58.05752      0.175       0.00      1.859      1.841    -0.6987    -0.7148    -0.0161    -0.6987    -0.7148    -0.0161   2.781169   2.780464  -0.000705    34.1511    34.1598     7.6330    27.4535    27.4612          1  0.000e+00
       2334 309.281762  -62.18966  -58.05752      0.187       0.00      1.914      1.895    -0.6990    -0.7135    -0.0145    -0.6990    -0.7135    -0.0145   2.781127   2.780521  -0.000606    34.1509    34.1591     7.6331    27.4533    27.4605          1  0.000e+00
       2335 309.281762  -62.18966  -58.05752      0.193       0.00      1.962      1.943    -0.6999    -0.7131    -0.0132    -0.6999    -0.7131    -0.0132   2.781055   2.780562  -0.000494    34.1509    34.1591     7.6341    27.4533    27.4605          1  0.000e+00
       2336 309.281763  -62.18966  -58.05752      0.206       0.00      1.914      1.895    -0.7007    -0.7127    -0.0120    -0.7008    -0.7128    -0.0120   2.781013   2.780579  -0.000434    34.1513    34.1590     7.6401    27.4537    27.4604          1  0.000e+00
       2337 309.281763  -62.18966  -58.05752      0.215       0.00      1.962      1.943    -0.7015    -0.7124    -0.0110    -0.7015    -0.7125    -0.0110   2.780971   2.780613  -0.000358    34.1516    34.1591     7.6411    27.4539    27.4605          1  0.000e+00
       2338 309.281764  -62.18966  -58.05752      0.225       0.00      1.982      1.963    -0.7021    -0.7116    -0.0095    -0.7022    -0.7117    -0.0095   2.780977   2.780648  -0.000330    34.1524    34.1587     7.6427    27.4546    27.4601          1  0.000e+00
       2339 309.281764  -62.18966  -58.05752      0.229       0.00      1.962      1.943    -0.7013    -0.7127    -0.0115    -0.7013    -0.7128    -0.0115   2.781037   2.780630  -0.000407    34.1523    34.1597     7.6432    27.4545    27.4610          1  0.000e+00
       2340 309.281765  -62.18966  -58.05752      0.235       0.00      1.962      1.943    -0.7001    -0.7118    -0.0117    -0.7001    -0.7118    -0.0117   2.781097   2.780648  -0.000449    34.1517    34.1589     7.6385    27.4540    27.4603          1  0.000e+00
       2341 309.281765  -62.18966  -58.05752      0.240       0.00      1.962      1.943    -0.6999    -0.7089    -0.0090    -0.6999    -0.7089    -0.0090   2.781115   2.780728  -0.000387    34.1517    34.1566     7.6383    27.4540    27.4584          1  0.000e+00
       2342 309.281766  -62.18966  -58.05752      0.250       0.00      2.064      2.045    -0.6998    -0.7078    -0.0080    -0.6998    -0.7078    -0.0080   2.781133   2.780878  -0.000255    34.1518    34.1574     7.6435    27.4540    27.4589          1  0.000e+00
       2343 309.281766  -62.18966  -58.05752      0.256       0.00      2.010      1.990    -0.6998    -0.7068    -0.0071    -0.6998    -0.7069    -0.0071   2.781139   2.781010  -0.000129    34.1519    34.1582     7.6440    27.4541    27.4595          1  0.000e+00
       2344 309.281766  -62.18966  -58.05752      0.258       0.00      2.010      1.990    -0.6999    -0.7042    -0.0043    -0.7000    -0.7043    -0.0043   2.781103   2.781148   0.000045    34.1515    34.1571     7.6395    27.4538    27.4585          1  0.000e+00
       2345 309.281767  -62.18966  -58.05752      0.262       0.00      2.010      1.990    -0.6999    -0.7019    -0.0020    -0.7000    -0.7020    -0.0020   2.781091   2.781315   0.000224    34.1514    34.1567     7.6445    27.4537    27.4581          1  0.000e+00
       2346 309.281767  -62.18966  -58.05752      0.264       0.00      2.010      1.990    -0.6999    -0.7010    -0.0011    -0.7000    -0.7010    -0.0011   2.781109   2.781384   0.000275    34.1516    34.1566     7.6451    27.4539    27.4580          1  0.000e+00
       2347 309.281768  -62.18966  -58.05752      0.269       0.00      2.078      2.058    -0.6999    -0.7001    -0.0002    -0.7000    -0.7001    -0.0002   2.781097   2.781430   0.000333    34.1514    34.1561     7.6457    27.4537    27.4576          1  0.000e+00
       2348 309.281768  -62.18966  -58.05752      0.266       0.00      2.010      1.990    -0.6999    -0.7002    -0.0003    -0.7000    -0.7002    -0.0003   2.781091   2.781401   0.000310    34.1514    34.1559     7.6462    27.4537    27.4574          1  0.000e+00
       2349 309.281769  -62.18966  -58.05752      0.268       0.00      2.064      2.045    -0.6999    -0.7016    -0.0017    -0.7000    -0.7017    -0.0017   2.781109   2.781315   0.000206    34.1516    34.1563     7.6467    27.4539    27.4578          1  0.000e+00
       2350 309.281769  -62.18966  -58.05752      0.272       0.00      2.064      2.045    -0.6998    -0.7036    -0.0038    -0.6998    -0.7037    -0.0038   2.781151   2.781182   0.000032    34.1520    34.1568     7.6471    27.4542    27.4583          1  0.000e+00
       2351 309.281770  -62.18966  -58.05752      0.271       0.00      2.064      2.045    -0.6990    -0.7039    -0.0050    -0.6990    -0.7040    -0.0050   2.781187   2.781194   0.000007    34.1516    34.1573     7.6473    27.4538    27.4587          1  0.000e+00
       2352 309.281770  -62.18966  -58.05752      0.271       0.00      2.064      2.045    -0.6982    -0.7036    -0.0054    -0.6983    -0.7037    -0.0054   2.781211   2.781205  -0.000005    34.1511    34.1571     7.6476    27.4534    27.4585          1  0.000e+00
       2353 309.281771  -62.18966  -58.05752      0.264       0.00      2.010      1.990    -0.6984    -0.7033    -0.0049    -0.6984    -0.7034    -0.0049   2.781241   2.781228  -0.000012    34.1517    34.1571     7.6479    27.4539    27.4585          1  0.000e+00
       2354 309.281771  -62.18966  -58.05752      0.263       0.00      2.064      2.045    -0.6987    -0.7041    -0.0054    -0.6987    -0.7041    -0.0054   2.781205   2.781171  -0.000034    34.1515    34.1572     7.6483    27.4538    27.4586          1  0.000e+00
       2355 309.281772  -62.18966  -58.05752      0.261       0.00      2.064      2.045    -0.6991    -0.7067    -0.0076    -0.6992    -0.7068    -0.0076   2.781133   2.780975  -0.000157    34.1511    34.1575     7.6488    27.4534    27.4589          1  0.000e+00
       2356 309.281772  -62.18966  -58.05752      0.256       0.00      2.078      2.058    -0.6991    -0.7095    -0.0103    -0.6992    -0.7095    -0.0103   2.781097   2.780751  -0.000346    34.1506    34.1576     7.6491    27.4530    27.4591          1  0.000e+00
       2357 309.281773  -62.18966  -58.05752      0.248       0.00      2.010      1.990    -0.7004    -0.7118    -0.0115    -0.7004    -0.7119    -0.0115   2.780965   2.780527  -0.000438    34.1502    34.1572     7.6495    27.4528    27.4590          1  0.000e+00
       2358 309.281773  -62.18966  -58.05752      0.242       0.00      2.064      2.045    -0.7026    -0.7147    -0.0122    -0.7026    -0.7148    -0.0122   2.780810   2.780349  -0.000461    34.1506    34.1581     7.6503    27.4532    27.4598          1  0.000e+00
       2359 309.281774  -62.18966  -58.05752      0.239       0.00      2.064      2.045    -0.7035    -0.7161    -0.0127    -0.7036    -0.7162    -0.0127   2.780756   2.780199  -0.000557    34.1509    34.1577     7.6558    27.4535    27.4595          1  0.000e+00
       2360 309.281774  -62.18966  -58.05752      0.228       0.00      2.010      1.990    -0.7041    -0.7180    -0.0139    -0.7041    -0.7180    -0.0139   2.780666   2.780182  -0.000484    34.1504    34.1595     7.6516    27.4531    27.4611          1  0.000e+00
       2361 309.281775  -62.18966  -58.05752      0.220       0.00      2.010      1.990    -0.7057    -0.7202    -0.0145    -0.7058    -0.7202    -0.0145   2.780558   2.780119  -0.000439    34.1507    34.1612     7.6520    27.4534    27.4625          1  0.000e+00
       2362 309.281775  -62.18966  -58.05752      0.214       0.00      2.064      2.045    -0.7073    -0.7192    -0.0119    -0.7074    -0.7192    -0.0119   2.780457   2.780199  -0.000257    34.1512    34.1611     7.6525    27.4539    27.4624          1  0.000e+00
       2363 309.281776  -62.18966  -58.05752      0.204       0.00      2.010      1.990    -0.7083    -0.7155    -0.0073    -0.7083    -0.7156    -0.0073   2.780373   2.780429   0.000057    34.1511    34.1601     7.6518    27.4539    27.4614          1  0.000e+00
       2364 309.281776  -62.18966  -58.05752      0.193       0.00      2.010      1.990    -0.7091    -0.7130    -0.0040    -0.7091    -0.7131    -0.0040   2.780331   2.780579   0.000248    34.1515    34.1593     7.6519    27.4542    27.4607          1  0.000e+00
       2365 309.281777  -62.18966  -58.05752      0.179       0.00      1.982      1.963    -0.7091    -0.7131    -0.0040    -0.7091    -0.7131    -0.0040   2.780361   2.780579   0.000218    34.1519    34.1594     7.6518    27.4545    27.4607          1  0.000e+00
