Pos-Processados/process_op38/operantar38_016.cnv
* Sea-Bird SBE 9 Data File:
* FileName = D:\OPERANTAR_XXXVIII\DADOS\OP38_016.hdr
* Software Version Seasave V 7.18c
* Temperature SN = 4808
* Conductivity SN = 3380
* Number of Bytes Per Scan = 34
* Number of Voltage Words = 3
* Number of Scans Averaged by the Deck Unit = 1
* NMEA Latitude = 62 13.34 S
* NMEA Longitude = 058 12.68 W
* NMEA UTC (Time) = Nov 05 2019 11:56:34
** H41
** NAVIO POLAR ALMIRANTE MAXIMIANO
** CRUZEIRO:
** OPERANTAR XXXVIII
** ESTAÇÃO: OP38_016
** LAT 62 13,33' S
** LONG 058 12,65' W
** 09P73767-1155_A
** PROFUNDIDADE: 310
** DATA/HORA: 051157Z/NOV/2019
** OPERADOR: SO-HN CHAVES
# nquan = 30
# nvalues = 568                         
# units = specified
# name 0 = scan: Scan Count
# name 1 = timeJ: Julian Days
# name 2 = latitude: Latitude [deg]
# name 3 = longitude: Longitude [deg]
# name 4 = dz/dtM: Descent Rate [m/s]
# name 5 = avgsvCM: Average Sound Velocity [Chen-Millero, m/s]
# name 6 = prDM: Pressure, Digiquartz [db]
# name 7 = depSM: Depth [salt water, m]
# name 8 = t090C: Temperature [ITS-90, deg C]
# name 9 = t190C: Temperature, 2 [ITS-90, deg C]
# name 10 = T2-T190C: Temperature Difference, 2 - 1 [ITS-90, deg C]
# name 11 = potemp090C: Potential Temperature [ITS-90, deg C]
# name 12 = potemp190C: Potential Temperature, 2 [ITS-90, deg C]
# name 13 = potemp90Cdiff: Potential Temperature, Diff, 2 - 1 [ITS-90, deg C]
# name 14 = c0S/m: Conductivity [S/m]
# name 15 = c1S/m: Conductivity, 2 [S/m]
# name 16 = C2-C1S/m: Conductivity Difference, 2 - 1 [S/m]
# name 17 = sal00: Salinity, Practical [PSU]
# name 18 = sal11: Salinity, Practical, 2 [PSU]
# name 19 = sbeox0ML/L: Oxygen, SBE 43 [ml/l]
# name 20 = sigma-é00: Density [sigma-theta, kg/m^3]
# name 21 = sigma-é11: Density, 2 [sigma-theta, kg/m^3]
# name 22 = sal00: Salinity, Practical [PSU]
# name 23 = sigma-é00: Density [sigma-theta, kg/m^3]
# name 24 = svCM: Sound Velocity [Chen-Millero, m/s]
# name 25 = svCM1: Sound Velocity, 2 [Chen-Millero, m/s]
# name 26 = gsw_ptA0: potential temperature [ITS-90, deg C]
# name 27 = gsw_densityA0: density, TEOS-10 [density, kg/m^3]
# name 28 = gsw_saA0: Absolute Salinity [g/kg]
# name 29 = flag:
# span 0 =       3411,      29939       
# span 1 = 309.499260, 309.512053       
# span 2 =  -62.22236,  -62.22234       
# span 3 =  -58.21135,  -58.21130       
# span 4 =     -1.094,      1.283       
# span 5 =       0.00,    1446.63       
# span 6 =      1.000,    285.000       
# span 7 =      0.986,    282.064       
# span 8 =    -0.9473,    -0.1654       
# span 9 =    -0.9467,    -0.1602       
# span 10 =    -0.0829,     0.0305      
# span 11 =    -0.9506,    -0.1757      
# span 12 =    -0.9501,    -0.1705      
# span 13 =    -0.0827,     0.0304      
# span 14 =   2.768794,   2.860464      
# span 15 =   2.769194,   2.861454      
# span 16 =  -0.009507,   0.003173      
# span 17 =    34.1572,    34.4456      
# span 18 =    34.1633,    34.4466      
# span 19 =     5.8553,     7.6371      
# span 20 =    27.4601,    27.6813      
# span 21 =    27.4647,    27.6683      
# span 22 =    34.1560,    34.4460      
# span 23 =    27.4596,    27.6817      
# span 24 =    1444.49,    1452.26      
# span 25 =    1444.50,    1452.30      
# span 26 =    -0.9505,    -0.1755      
# span 27 =  1027.4691,  1029.0243      
# span 28 =    34.3207,    34.6142      
# span 29 = 0.0000e+00, 0.0000e+00      
# interval = decibars: 1                
# start_time = Nov 05 2019 11:56:34 [NMEA time, header]
# bad_flag = -9.990e-29
*END*
[from data line 436]
      21079 309.507781  -62.22236  -58.21132     -0.642    1446.63    133.000    131.681    -0.9448    -0.9450    -0.0002    -0.9485    -0.9486    -0.0002   2.772576   2.772933   0.000359    34.2323    34.2373     7.2672    27.5292    27.5333    34.2322    27.5291    1445.87    1445.88    -0.9484  1028.1722    34.3986 0.0000e+00
      21109 309.507795  -62.22236  -58.21132     -0.759    1446.63    132.000    130.691    -0.9451    -0.9454    -0.0002    -0.9487    -0.9490    -0.0002   2.772465   2.772845   0.000378    34.2318    34.2372     7.2629    27.5288    27.5332    34.2316    27.5287    1445.86    1445.86    -0.9486  1028.1669    34.3980 0.0000e+00
      21139 309.507810  -62.22236  -58.21132     -0.815    1446.63    131.000    129.701    -0.9453    -0.9453     0.0001    -0.9489    -0.9489     0.0001   2.772399   2.772815   0.000412    34.2317    34.2372     7.2643    27.5287    27.5332    34.2316    27.5286    1445.84    1445.85    -0.9488  1028.1621    34.3980 0.0000e+00
      21173 309.507826  -62.22236  -58.21132     -0.722    1446.63    130.000    128.712    -0.9451    -0.9440     0.0011    -0.9487    -0.9476     0.0011   2.772394   2.772887   0.000482    34.2319    34.2372     7.2628    27.5289    27.5332    34.2319    27.5289    1445.82    1445.84    -0.9486  1028.1576    34.3983 0.0000e+00
      21211 309.507844  -62.22236  -58.21132     -0.644    1446.63    129.000    127.724    -0.9445    -0.9427     0.0018    -0.9480    -0.9462     0.0018   2.772390   2.772943   0.000552    34.2318    34.2372     7.2625    27.5288    27.5331    34.2317    27.5288    1445.81    1445.83    -0.9479  1028.1526    34.3982 0.0000e+00
      21246 309.507861  -62.22236  -58.21132     -0.666    1446.63    128.000    126.729    -0.9441    -0.9423     0.0017    -0.9476    -0.9459     0.0017   2.772415   2.772935   0.000524    34.2321    34.2373     7.2693    27.5290    27.5331    34.2322    27.5291    1445.79    1445.81    -0.9475  1028.1482    34.3986 0.0000e+00
      21279 309.507877  -62.22236  -58.21132     -0.714    1446.63    127.000    125.742    -0.9395    -0.9414    -0.0019    -0.9430    -0.9449    -0.0019   2.772747   2.772976   0.000249    34.2317    34.2373     7.2707    27.5286    27.5331    34.2321    27.5289    1445.80    1445.80    -0.9429  1028.1432    34.3985 0.0000e+00
      21311 309.507892  -62.22236  -58.21132     -0.752    1446.63    126.000    124.752    -0.9352    -0.9360    -0.0008    -0.9387    -0.9395    -0.0008   2.773087   2.773400   0.000300    34.2319    34.2369     7.2731    27.5286    27.5326    34.2325    27.5290    1445.81    1445.81    -0.9386  1028.1385    34.3989 0.0000e+00
      21339 309.507906  -62.22236  -58.21132     -0.822    1446.63    125.000    123.762    -0.9317    -0.9303     0.0014    -0.9352    -0.9337     0.0014   2.773303   2.773768   0.000481    34.2316    34.2365     7.2687    27.5281    27.5320    34.2321    27.5286    1445.81    1445.82    -0.9350  1028.1332    34.3985 0.0000e+00
      21364 309.507918  -62.22236  -58.21132     -0.924    1446.63    124.000    122.772    -0.9269    -0.9305    -0.0036    -0.9303    -0.9339    -0.0036   2.773572   2.773704   0.000134    34.2304    34.2363     7.2776    27.5270    27.5319    34.2309    27.5274    1445.81    1445.80    -0.9302  1028.1273    34.3973 0.0000e+00
      21390 309.507931  -62.22236  -58.21132     -0.935    1446.63    123.000    121.783    -0.9251    -0.9258    -0.0007    -0.9285    -0.9292    -0.0007   2.773596   2.773970   0.000357    34.2295    34.2351     7.2777    27.5262    27.5308    34.2298    27.5264    1445.80    1445.81    -0.9284  1028.1215    34.3962 0.0000e+00
      21423 309.507947  -62.22236  -58.21132     -0.774    1446.63    122.000    120.793    -0.9294    -0.9263     0.0031    -0.9328    -0.9297     0.0031   2.773203   2.773826   0.000614    34.2301    34.2349     7.2781    27.5268    27.5306    34.2300    27.5268    1445.77    1445.78    -0.9327  1028.1171    34.3964 0.0000e+00
      21462 309.507965  -62.22236  -58.21132     -0.624    1446.63    121.000    119.803    -0.9300    -0.9272     0.0029    -0.9333    -0.9305     0.0029   2.773172   2.773762   0.000592    34.2306    34.2354     7.2965    27.5272    27.5310    34.2309    27.5275    1445.75    1445.77    -0.9332  1028.1130    34.3972 0.0000e+00
      21498 309.507983  -62.22236  -58.21132     -0.658    1446.63    120.000    118.813    -0.9278    -0.9260     0.0018    -0.9311    -0.9293     0.0018   2.773250   2.773789   0.000521    34.2300    34.2350     7.2973    27.5267    27.5307    34.2301    27.5268    1445.74    1445.76    -0.9310  1028.1074    34.3964 0.0000e+00
      21532 309.507999  -62.22236  -58.21132     -0.704    1446.63    119.000    117.824    -0.9269    -0.9239     0.0030    -0.9301    -0.9272     0.0030   2.773293   2.773866   0.000585    34.2298    34.2344     7.2858    27.5265    27.5301    34.2302    27.5268    1445.73    1445.75    -0.9301  1028.1027    34.3965 0.0000e+00
      21564 309.508014  -62.22236  -58.21132     -0.737    1446.63    118.000    116.834    -0.9253    -0.9253     0.0000    -0.9285    -0.9285     0.0000   2.773207   2.773576   0.000377    34.2283    34.2334     7.2927    27.5252    27.5294    34.2279    27.5249    1445.72    1445.72    -0.9285  1028.0960    34.3942 0.0000e+00
      21593 309.508029  -62.22236  -58.21132     -0.798    1446.63    117.000    115.844    -0.9336    -0.9329     0.0008    -0.9369    -0.9361     0.0008   2.772153   2.772661   0.000496    34.2243    34.2302     7.3064    27.5223    27.5270    34.2237    27.5218    1445.66    1445.67    -0.9367  1028.0881    34.3899 0.0000e+00
      21622 309.508042  -62.22236  -58.21132     -0.835    1446.63    116.000    114.854    -0.9375    -0.9351     0.0024    -0.9407    -0.9383     0.0024   2.771720   2.772378   0.000664    34.2233    34.2297     7.3084    27.5217    27.5267    34.2228    27.5212    1445.62    1445.64    -0.9406  1028.0828    34.3890 0.0000e+00
      21649 309.508056  -62.22236  -58.21132     -0.856    1446.63    115.000    113.864    -0.9399    -0.9408    -0.0009    -0.9430    -0.9439    -0.0009   2.771465   2.771729   0.000285    34.2229    34.2277     7.3085    27.5214    27.5253    34.2226    27.5212    1445.59    1445.59    -0.9429  1028.0780    34.3889 0.0000e+00
      21676 309.508069  -62.22236  -58.21132     -0.888    1446.63    114.000    112.874    -0.9417    -0.9422    -0.0004    -0.9449    -0.9453    -0.0004   2.771178   2.771544   0.000358    34.2220    34.2274     7.3224    27.5207    27.5251    34.2214    27.5203    1445.56    1445.57    -0.9447  1028.0723    34.3876 0.0000e+00
      21703 309.508081  -62.22236  -58.21132     -0.896    1446.63    113.000    111.885    -0.9435    -0.9435    -0.0001    -0.9466    -0.9466    -0.0001   2.770970   2.771366   0.000392    34.2216    34.2270     7.3258    27.5205    27.5249    34.2212    27.5201    1445.54    1445.55    -0.9465  1028.0674    34.3874 0.0000e+00
      21730 309.508094  -62.22236  -58.21132     -0.895    1446.63    112.000    110.895    -0.9440    -0.9437     0.0003    -0.9471    -0.9468     0.0003   2.770870   2.771295   0.000423    34.2215    34.2270     7.3317    27.5204    27.5248    34.2211    27.5200    1445.52    1445.53    -0.9470  1028.0625    34.3872 0.0000e+00
      21759 309.508109  -62.22236  -58.21132     -0.847    1446.63    111.000    109.905    -0.9449    -0.9446     0.0003    -0.9479    -0.9476     0.0003   2.770770   2.771165   0.000405    34.2215    34.2268     7.3316    27.5205    27.5247    34.2213    27.5203    1445.50    1445.51    -0.9478  1028.0579    34.3875 0.0000e+00
      21791 309.508124  -62.22236  -58.21132     -0.762    1446.63    110.000    108.919    -0.9441    -0.9445    -0.0004    -0.9471    -0.9475    -0.0004   2.770848   2.771178   0.000325    34.2223    34.2272     7.3377    27.5211    27.5250    34.2221    27.5209    1445.49    1445.49    -0.9470  1028.0537    34.3883 0.0000e+00
      21826 309.508141  -62.22236  -58.21132     -0.692    1446.63    109.000    107.921    -0.9407    -0.9440    -0.0032    -0.9437    -0.9469    -0.0032   2.771141   2.771168   0.000044    34.2228    34.2271     7.3404    27.5214    27.5249    34.2229    27.5214    1445.49    1445.48    -0.9436  1028.0494    34.3891 0.0000e+00
      21860 309.508157  -62.22236  -58.21132     -0.696    1446.63    108.000    106.935    -0.9416    -0.9419    -0.0004    -0.9445    -0.9449    -0.0004   2.770979   2.771308   0.000334    34.2225    34.2274     7.3369    27.5211    27.5251    34.2223    27.5209    1445.47    1445.48    -0.9444  1028.0442    34.3884 0.0000e+00
      21890 309.508172  -62.22236  -58.21132     -0.779    1446.63    107.000    105.945    -0.9440    -0.9455    -0.0014    -0.9469    -0.9484    -0.0014   2.770601   2.770855   0.000243    34.2210    34.2260     7.3326    27.5200    27.5241    34.2206    27.5196    1445.44    1445.44    -0.9468  1028.0381    34.3867 0.0000e+00
      21918 309.508185  -62.22236  -58.21132     -0.839    1446.63    106.000    104.955    -0.9456    -0.9459    -0.0003    -0.9485    -0.9488    -0.0003   2.770400   2.770753   0.000346    34.2205    34.2255     7.3301    27.5196    27.5238    34.2202    27.5194    1445.42    1445.42    -0.9484  1028.0330    34.3863 0.0000e+00
      21947 309.508199  -62.22236  -58.21132     -0.841    1446.63    105.000    103.966    -0.9453    -0.9454    -0.0001    -0.9481    -0.9482    -0.0001   2.770308   2.770724   0.000414    34.2194    34.2251     7.3295    27.5187    27.5233    34.2192    27.5186    1445.40    1445.41    -0.9481  1028.0275    34.3853 0.0000e+00
      21974 309.508212  -62.22236  -58.21132     -0.855    1446.63    104.000    102.975    -0.9444    -0.9440     0.0005    -0.9472    -0.9468     0.0005   2.770337   2.770755   0.000417    34.2193    34.2245     7.3331    27.5187    27.5228    34.2193    27.5186    1445.39    1445.40    -0.9471  1028.0227    34.3854 0.0000e+00
      21999 309.508224  -62.22236  -58.21132     -0.931    1446.63    103.000    101.986    -0.9441    -0.9437     0.0004    -0.9469    -0.9465     0.0004   2.770299   2.770724   0.000424    34.2192    34.2244     7.3320    27.5185    27.5228    34.2190    27.5184    1445.37    1445.38    -0.9468  1028.0177    34.3851 0.0000e+00
      22021 309.508235  -62.22236  -58.21132     -1.030    1446.63    102.000    100.996    -0.9440    -0.9438     0.0002    -0.9468    -0.9466     0.0002   2.770266   2.770682   0.000414    34.2191    34.2246     7.3289    27.5185    27.5228    34.2191    27.5184    1445.36    1445.36    -0.9467  1028.0129    34.3851 0.0000e+00
      22043 309.508245  -62.22236  -58.21132     -1.094    1446.63    101.000    100.006    -0.9433    -0.9429     0.0004    -0.9461    -0.9457     0.0004   2.770268   2.770696   0.000430    34.2190    34.2243     7.3329    27.5183    27.5226    34.2190    27.5183    1445.34    1445.35    -0.9460  1028.0080    34.3850 0.0000e+00
      22069 309.508258  -62.22236  -58.21132     -1.010    1446.63    100.000     99.016    -0.9429    -0.9426     0.0003    -0.9456    -0.9453     0.0003   2.770269   2.770674   0.000403    34.2192    34.2243     7.3402    27.5185    27.5226    34.2191    27.5184    1445.33    1445.34    -0.9455  1028.0032    34.3851 0.0000e+00
      22109 309.508278  -62.22236  -58.21132     -0.642    1446.63     99.000     98.027    -0.9430    -0.9430    -0.0000    -0.9456    -0.9457    -0.0000   2.770216   2.770604   0.000389    34.2191    34.2244     7.3402    27.5184    27.5227    34.2191    27.5184    1445.31    1445.32    -0.9456  1027.9985    34.3851 0.0000e+00
      22157 309.508300  -62.22236  -58.21132     -0.483    1446.63     98.000     97.036    -0.9431    -0.9431    -0.0001    -0.9457    -0.9458    -0.0001   2.770154   2.770544   0.000389    34.2190    34.2244     7.3346    27.5184    27.5227    34.2190    27.5183    1445.30    1445.30    -0.9457  1027.9936    34.3850 0.0000e+00
      22189 309.508316  -62.22236  -58.21132     -0.688    1446.63     97.000     96.046    -0.9434    -0.9429     0.0005    -0.9460    -0.9456     0.0005   2.770092   2.770528   0.000430    34.2192    34.2245     7.3327    27.5185    27.5228    34.2191    27.5184    1445.28    1445.29    -0.9459  1027.9889    34.3851 0.0000e+00
      22215 309.508329  -62.22236  -58.21132     -0.863    1446.63     96.000     95.056    -0.9420    -0.9421     0.0000    -0.9447    -0.9446    -0.0000   2.770180   2.770562   0.000391    34.2191    34.2245     7.3373    27.5184    27.5227    34.2194    27.5186    1445.27    1445.28    -0.9445  1027.9843    34.3854 0.0000e+00
      22238 309.508340  -62.22236  -58.21132     -0.992    1446.63     95.000     94.066    -0.9389    -0.9390    -0.0000    -0.9415    -0.9416    -0.0000   2.770367   2.770763   0.000392    34.2189    34.2243     7.3412    27.5181    27.5225    34.2191    27.5182    1445.27    1445.27    -0.9414  1027.9791    34.3850 0.0000e+00
      22260 309.508350  -62.22236  -58.21132     -1.070    1446.63     94.000     93.076    -0.9388    -0.9389    -0.0000    -0.9414    -0.9414    -0.0000   2.770323   2.770729   0.000406    34.2189    34.2245     7.3412    27.5181    27.5226    34.2189    27.5181    1445.25    1445.26    -0.9413  1027.9741    34.3849 0.0000e+00
      22283 309.508361  -62.22236  -58.21132     -1.075    1446.63     93.000     92.086    -0.9389    -0.9388     0.0001    -0.9415    -0.9413     0.0001   2.770279   2.770678   0.000400    34.2190    34.2243     7.3409    27.5182    27.5225    34.2191    27.5182    1445.23    1445.24    -0.9413  1027.9694    34.3850 0.0000e+00
      22308 309.508373  -62.22236  -58.21132     -1.002    1446.63     92.000     91.096    -0.9389    -0.9389     0.0001    -0.9414    -0.9414     0.0001   2.770230   2.770633   0.000403    34.2191    34.2244     7.3403    27.5182    27.5226    34.2191    27.5182    1445.22    1445.23    -0.9413  1027.9646    34.3849 0.0000e+00
      22337 309.508387  -62.22236  -58.21132     -0.871    1446.63     91.000     90.106    -0.9391    -0.9391    -0.0000    -0.9416    -0.9416    -0.0000   2.770176   2.770554   0.000382    34.2191    34.2243     7.3347    27.5182    27.5225    34.2191    27.5183    1445.20    1445.21    -0.9415  1027.9599    34.3850 0.0000e+00
      22370 309.508403  -62.22236  -58.21132     -0.747    1446.63     90.000     89.117    -0.9393    -0.9393     0.0001    -0.9418    -0.9417     0.0001   2.770115   2.770504   0.000388    34.2192    34.2244     7.3259    27.5183    27.5225    34.2192    27.5183    1445.18    1445.19    -0.9417  1027.9552    34.3850 0.0000e+00
      22408 309.508421  -62.22236  -58.21132     -0.650    1446.63     89.000     88.126    -0.9392    -0.9392     0.0001    -0.9416    -0.9416     0.0001   2.770079   2.770480   0.000401    34.2192    34.2246     7.3345    27.5183    27.5227    34.2191    27.5183    1445.17    1445.18    -0.9415  1027.9503    34.3850 0.0000e+00
      22443 309.508439  -62.22236  -58.21132     -0.658    1446.63     88.000     87.137    -0.9392    -0.9392     0.0000    -0.9416    -0.9416     0.0000   2.770026   2.770426   0.000399    34.2191    34.2245     7.3336    27.5183    27.5226    34.2191    27.5183    1445.15    1445.16    -0.9415  1027.9455    34.3849 0.0000e+00
      22472 309.508453  -62.22236  -58.21132     -0.778    1446.63     87.000     86.147    -0.9393    -0.9392     0.0001    -0.9416    -0.9416     0.0001   2.769970   2.770364   0.000398    34.2190    34.2244     7.3344    27.5182    27.5226    34.2190    27.5182    1445.14    1445.14    -0.9416  1027.9406    34.3848 0.0000e+00
