Pos-Processados/process_op38/operantar38_022.ros
* Sea-Bird SBE 9 Data File:
* FileName = D:\OPERANTAR_XXXVIII\DADOS\OP38_022.hdr
* Software Version Seasave V 7.18c
* Temperature SN = 4808
* Conductivity SN = 3380
* Number of Bytes Per Scan = 34
* Number of Voltage Words = 3
* Number of Scans Averaged by the Deck Unit = 1
* NMEA Latitude = 62 12.34 S
* NMEA Longitude = 058 18.00 W
* NMEA UTC (Time) = Nov 22 2019 17:26:52
** H41
** NAVIO POLAR ALMIRANTE MAXIMIANO
** CRUZEIRO:
** OPERANTAR XXXVIII
** ESTAÇÃO: OP38_022
** LAT 62 12,33'S
** LONG 058 18,01'W
** 09P73767-1155_A
** PROFUNDIDADE: 200
** DATA/HORA: 221727Z/NOV/2019
** OPERADOR: SO-HN CHAVES
# nquan = 26
# nvalues = 1406                                  
# units = specified
# name 0 = scan: Scan Count
# name 1 = timeJ: Julian Days
# name 2 = latitude: Latitude [deg]
# name 3 = longitude: Longitude [deg]
# name 4 = dz/dtM: Descent Rate [m/s]
# name 5 = avgsvCM: Average Sound Velocity [Chen-Millero, m/s]
# name 6 = prDM: Pressure, Digiquartz [db]
# name 7 = depSM: Depth [salt water, m]
# name 8 = t090C: Temperature [ITS-90, deg C]
# name 9 = t190C: Temperature, 2 [ITS-90, deg C]
# name 10 = T2-T190C: Temperature Difference, 2 - 1 [ITS-90, deg C]
# name 11 = potemp090C: Potential Temperature [ITS-90, deg C]
# name 12 = potemp190C: Potential Temperature, 2 [ITS-90, deg C]
# name 13 = potemp90Cdiff: Potential Temperature, Diff, 2 - 1 [ITS-90, deg C]
# name 14 = c0S/m: Conductivity [S/m]
# name 15 = c1S/m: Conductivity, 2 [S/m]
# name 16 = C2-C1S/m: Conductivity Difference, 2 - 1 [S/m]
# name 17 = sal00: Salinity, Practical [PSU]
# name 18 = sal11: Salinity, Practical, 2 [PSU]
# name 19 = sbeox0ML/L: Oxygen, SBE 43 [ml/l]
# name 20 = sbeox1ML/L: Oxygen, SBE 43, 2 [ml/l]
# name 21 = sbeox0ML/Ldiff: Oxygen, SBE 43, Diff, 2 - 1 [ml/l]
# name 22 = sigma-é00: Density [sigma-theta, kg/m^3]
# name 23 = sigma-é11: Density, 2 [sigma-theta, kg/m^3]
# name 24 = nbf: Bottles Fired
# name 25 = flag:  0.000e+00
# interval = seconds: 0.0416667
# start_time = Nov 22 2019 17:26:52 [NMEA time, header]
# bad_flag = -9.990e-29
*END*
[from data line 1060]
      24101 326.738613  -62.20580  -58.30020     -0.040    1447.10      3.791      3.755    -0.1733    -0.1754    -0.0021    -0.1734    -0.1755    -0.0021   2.823788   2.823972   0.000185    34.1307    34.1355     7.7120     7.4310    -0.2810    27.4131    27.4171          7  0.000e+00
      24102 326.738614  -62.20580  -58.30020     -0.037    1447.10      3.846      3.809    -0.1731    -0.1747    -0.0016    -0.1733    -0.1749    -0.0016   2.823776   2.823990   0.000214    34.1304    34.1350     7.7171     7.4207    -0.2963    27.4129    27.4167          7  0.000e+00
      24103 326.738614  -62.20580  -58.30020     -0.035    1447.10      3.846      3.809    -0.1733    -0.1747    -0.0015    -0.1734    -0.1748    -0.0015   2.823770   2.824065   0.000295    34.1304    34.1360     7.7127     7.4187    -0.2940    27.4129    27.4175          7  0.000e+00
      24104 326.738614  -62.20580  -58.30020     -0.036    1447.10      3.791      3.755    -0.1731    -0.1746    -0.0015    -0.1733    -0.1747    -0.0015   2.823788   2.824088   0.000301    34.1306    34.1362     7.7125     7.4269    -0.2856    27.4130    27.4177          7  0.000e+00
      24105 326.738615  -62.20580  -58.30020     -0.033    1447.10      3.846      3.809    -0.1731    -0.1741    -0.0010    -0.1732    -0.1742    -0.0010   2.823751   2.824024   0.000273    34.1300    34.1347     7.7126     7.4282    -0.2844    27.4126    27.4164          7  0.000e+00
      24106 326.738615  -62.20580  -58.30020     -0.036    1447.10      3.791      3.755    -0.1730    -0.1744    -0.0015    -0.1731    -0.1746    -0.0015   2.823739   2.824024   0.000285    34.1297    34.1352     7.7117     7.4295    -0.2822    27.4123    27.4168          7  0.000e+00
      24107 326.738616  -62.20580  -58.30020     -0.033    1447.10      3.846      3.809    -0.1728    -0.1740    -0.0012    -0.1729    -0.1741    -0.0012   2.823757   2.824088   0.000331    34.1298    34.1355     7.7108     7.4250    -0.2858    27.4123    27.4170          7  0.000e+00
      24108 326.738616  -62.20580  -58.30020     -0.033    1447.10      3.791      3.755    -0.1727    -0.1738    -0.0011    -0.1728    -0.1739    -0.0011   2.823769   2.824094   0.000324    34.1298    34.1353     7.7149     7.4194    -0.2955    27.4124    27.4169          7  0.000e+00
      24109 326.738617  -62.20580  -58.30020     -0.029    1447.10      3.846      3.809    -0.1731    -0.1737    -0.0005    -0.1733    -0.1738    -0.0005   2.823770   2.824048   0.000278    34.1303    34.1346     7.7156     7.4244    -0.2912    27.4128    27.4163          7  0.000e+00
      24110 326.738617  -62.20580  -58.30020     -0.026    1447.10      3.846      3.809    -0.1726    -0.1737    -0.0010    -0.1727    -0.1738    -0.0010   2.823770   2.824053   0.000284    34.1297    34.1347     7.7160     7.4282    -0.2878    27.4123    27.4164          7  0.000e+00
      24111 326.738618  -62.20580  -58.30020     -0.025    1447.10      3.846      3.809    -0.1727    -0.1736    -0.0009    -0.1728    -0.1737    -0.0009   2.823806   2.824094   0.000288    34.1303    34.1352     7.7165     7.4284    -0.2881    27.4128    27.4168          7  0.000e+00
      24112 326.738618  -62.20580  -58.30020     -0.021    1447.10      3.846      3.809    -0.1723    -0.1735    -0.0012    -0.1725    -0.1736    -0.0012   2.823824   2.824094   0.000270    34.1301    34.1350     7.7118     7.4297    -0.2821    27.4126    27.4166          7  0.000e+00
      24113 326.738619  -62.20580  -58.30020     -0.020    1447.10      3.846      3.809    -0.1722    -0.1733    -0.0011    -0.1723    -0.1734    -0.0011   2.823824   2.824065   0.000241    34.1300    34.1344     7.7115     7.4253    -0.2862    27.4125    27.4161          7  0.000e+00
      24114 326.738619  -62.20580  -58.30020     -0.017    1447.10      3.846      3.809    -0.1723    -0.1737    -0.0013    -0.1725    -0.1738    -0.0013   2.823800   2.824059   0.000260    34.1298    34.1348     7.7113     7.4176    -0.2937    27.4124    27.4164          7  0.000e+00
      24115 326.738620  -62.20580  -58.30020     -0.016    1447.10      3.846      3.809    -0.1727    -0.1737    -0.0010    -0.1728    -0.1738    -0.0010   2.823794   2.824117   0.000323    34.1301    34.1355     7.7111     7.4271    -0.2840    27.4126    27.4171          7  0.000e+00
      24116 326.738620  -62.20580  -58.30020     -0.012    1447.10      3.846      3.809    -0.1726    -0.1736    -0.0010    -0.1727    -0.1737    -0.0010   2.823776   2.824140   0.000365    34.1298    34.1358     7.7108     7.4284    -0.2824    27.4124    27.4173          7  0.000e+00
      24117 326.738621  -62.20580  -58.30020     -0.011    1447.10      3.846      3.809    -0.1727    -0.1732    -0.0005    -0.1728    -0.1733    -0.0005   2.823770   2.824100   0.000330    34.1298    34.1348     7.7105     7.4297    -0.2809    27.4124    27.4164          7  0.000e+00
      24118 326.738621  -62.20580  -58.30020     -0.009    1447.10      3.846      3.809    -0.1724    -0.1730    -0.0005    -0.1726    -0.1731    -0.0005   2.823788   2.824065   0.000277    34.1298    34.1341     7.7102     7.4195    -0.2907    27.4123    27.4159          7  0.000e+00
      24119 326.738622  -62.20580  -58.30020     -0.009    1447.10      3.791      3.755    -0.1723    -0.1730    -0.0007    -0.1725    -0.1732    -0.0007   2.823794   2.824117   0.000323    34.1298    34.1349     7.7098     7.4244    -0.2855    27.4123    27.4165          7  0.000e+00
      24120 326.738622  -62.20580  -58.30020     -0.001    1447.10      3.894      3.857    -0.1724    -0.1732    -0.0007    -0.1726    -0.1733    -0.0007   2.823794   2.824204   0.000410    34.1298    34.1361     7.7097     7.4305    -0.2792    27.4124    27.4175          7  0.000e+00
      24121 326.738623  -62.20580  -58.30020     -0.003    1447.10      3.791      3.755    -0.1723    -0.1727    -0.0004    -0.1725    -0.1728    -0.0004   2.823812   2.824198   0.000386    34.1300    34.1355     7.7093     7.4318    -0.2775    27.4125    27.4170          7  0.000e+00
      24122 326.738623  -62.20580  -58.30020      0.001    1447.10      3.894      3.857    -0.1724    -0.1727    -0.0003    -0.1726    -0.1729    -0.0003   2.823800   2.824111   0.000312    34.1299    34.1344     7.7099     7.4255    -0.2845    27.4124    27.4161          7  0.000e+00
      24123 326.738624  -62.20580  -58.30020      0.002    1447.10      3.846      3.809    -0.1725    -0.1730    -0.0005    -0.1726    -0.1732    -0.0005   2.823812   2.824146   0.000334    34.1302    34.1352     7.7096     7.4189    -0.2907    27.4127    27.4168          7  0.000e+00
      24124 326.738624  -62.20580  -58.30020      0.007    1447.10      3.846      3.809    -0.1723    -0.1730    -0.0007    -0.1725    -0.1731    -0.0007   2.823824   2.824227   0.000403    34.1301    34.1362     7.7093     7.4295    -0.2798    27.4126    27.4176          7  0.000e+00
      24125 326.738625  -62.20580  -58.30020      0.008    1447.10      3.894      3.857    -0.1720    -0.1723    -0.0002    -0.1722    -0.1724    -0.0002   2.823800   2.824204   0.000404    34.1294    34.1351     7.7091     7.4309    -0.2782    27.4121    27.4166          7  0.000e+00
      24126 326.738625  -62.20580  -58.30020      0.009    1447.10      3.846      3.809    -0.1720    -0.1720    -0.0000    -0.1721    -0.1722    -0.0000   2.823794   2.824129   0.000335    34.1293    34.1339     7.7088     7.4324    -0.2764    27.4120    27.4156          7  0.000e+00
      24127 326.738626  -62.20580  -58.30020      0.010    1447.10      3.846      3.809    -0.1717    -0.1724    -0.0007    -0.1718    -0.1726    -0.0007   2.823812   2.824169   0.000357    34.1292    34.1348     7.7085     7.4339    -0.2746    27.4119    27.4164          7  0.000e+00
      24128 326.738626  -62.20580  -58.30020      0.011    1447.10      3.846      3.809    -0.1717    -0.1721    -0.0004    -0.1718    -0.1722    -0.0004   2.823824   2.824256   0.000432    34.1294    34.1356     7.7082     7.4329    -0.2753    27.4120    27.4171          7  0.000e+00
      24129 326.738627  -62.20580  -58.30020      0.016    1447.10      3.894      3.857    -0.1715    -0.1724    -0.0008    -0.1717    -0.1725    -0.0008   2.823800   2.824273   0.000474    34.1289    34.1361     7.7080     7.4332    -0.2748    27.4116    27.4175          7  0.000e+00
      24130 326.738627  -62.20580  -58.30020      0.017    1447.10      3.846      3.809    -0.1716    -0.1721    -0.0005    -0.1717    -0.1722    -0.0005   2.823830   2.824169   0.000339    34.1294    34.1345     7.7077     7.4346    -0.2732    27.4120    27.4161          7  0.000e+00
      24131 326.738628  -62.20580  -58.30020      0.021    1447.10      3.894      3.857    -0.1717    -0.1719    -0.0002    -0.1718    -0.1720    -0.0002   2.823830   2.824175   0.000345    34.1295    34.1343     7.7075     7.4244    -0.2831    27.4121    27.4160          7  0.000e+00
      24132 326.738628  -62.20580  -58.30020      0.022    1447.10      3.846      3.809    -0.1714    -0.1715    -0.0001    -0.1715    -0.1716    -0.0001   2.823842   2.824250   0.000408    34.1293    34.1349     7.7072     7.4281    -0.2791    27.4119    27.4164          7  0.000e+00
      24133 326.738628  -62.20580  -58.30020      0.026    1447.10      3.894      3.857    -0.1717    -0.1718    -0.0001    -0.1718    -0.1719    -0.0001   2.823830   2.824238   0.000409    34.1295    34.1350     7.7071     7.4319    -0.2751    27.4121    27.4166          7  0.000e+00
      24134 326.738629  -62.20580  -58.30020      0.023    1447.10      3.846      3.809    -0.1719    -0.1719    -0.0000    -0.1720    -0.1720    -0.0000   2.823860   2.824198   0.000338    34.1301    34.1346     7.7068     7.4333    -0.2735    27.4126    27.4162          7  0.000e+00
      24135 326.738629  -62.20580  -58.30020      0.024    1447.10      3.846      3.809    -0.1715    -0.1720    -0.0004    -0.1717    -0.1721    -0.0004   2.823836   2.824175   0.000339    34.1294    34.1344     7.7014     7.4232    -0.2783    27.4120    27.4160          7  0.000e+00
      24136 326.738630  -62.20580  -58.30020      0.027    1447.10      3.894      3.857    -0.1716    -0.1718    -0.0002    -0.1717    -0.1719    -0.0002   2.823860   2.824267   0.000408    34.1297    34.1354     7.7056     7.4223    -0.2832    27.4123    27.4169          7  0.000e+00
      24137 326.738630  -62.20580  -58.30020      0.028    1447.10      3.846      3.809    -0.1717    -0.1714     0.0003    -0.1718    -0.1715     0.0003   2.823836   2.824285   0.000449    34.1296    34.1352     7.7053     7.4318    -0.2735    27.4121    27.4167          7  0.000e+00
      24138 326.738631  -62.20580  -58.30020      0.025    1447.10      3.846      3.809    -0.1714    -0.1716    -0.0002    -0.1715    -0.1718    -0.0002   2.823842   2.824233   0.000391    34.1293    34.1348     7.7051     7.4311    -0.2740    27.4119    27.4164          7  0.000e+00
      24139 326.738631  -62.20580  -58.30020      0.029    1447.10      3.894      3.857    -0.1715    -0.1714     0.0001    -0.1717    -0.1715     0.0001   2.823830   2.824181   0.000351    34.1293    34.1338     7.7057     7.4325    -0.2732    27.4119    27.4156          7  0.000e+00
      24140 326.738632  -62.20580  -58.30020      0.026    1447.10      3.846      3.809    -0.1712    -0.1712     0.0000    -0.1714    -0.1713     0.0000   2.823860   2.824244   0.000384    34.1294    34.1344     7.7062     7.4337    -0.2724    27.4120    27.4161          7  0.000e+00
      24141 326.738632  -62.20580  -58.30020      0.029    1447.10      3.894      3.857    -0.1715    -0.1713     0.0002    -0.1717    -0.1715     0.0002   2.823854   2.824314   0.000460    34.1296    34.1355     7.7061     7.4340    -0.2721    27.4122    27.4169          7  0.000e+00
      24142 326.738633  -62.20580  -58.30020      0.029    1447.10      3.846      3.809    -0.1712    -0.1716    -0.0003    -0.1714    -0.1717    -0.0003   2.823848   2.824262   0.000414    34.1292    34.1351     7.7066     7.4331    -0.2736    27.4118    27.4166          7  0.000e+00
      24143 326.738633  -62.20580  -58.30020      0.026    1447.10      3.846      3.809    -0.1712    -0.1713    -0.0001    -0.1714    -0.1715    -0.0001   2.823866   2.824244   0.000378    34.1295    34.1346     7.7065     7.4343    -0.2722    27.4120    27.4162          7  0.000e+00
      24144 326.738634  -62.20580  -58.30020      0.029    1447.10      3.894      3.857    -0.1712    -0.1712     0.0000    -0.1714    -0.1713     0.0000   2.823872   2.824325   0.000453    34.1295    34.1355     7.7064     7.4355    -0.2709    27.4121    27.4169          7  0.000e+00
      24145 326.738634  -62.20580  -58.30020      0.025    1447.10      3.846      3.809    -0.1714    -0.1711     0.0003    -0.1715    -0.1712     0.0003   2.823854   2.824354   0.000500    34.1295    34.1358     7.7063     7.4252    -0.2811    27.4121    27.4172          7  0.000e+00
      24146 326.738635  -62.20580  -58.30020      0.025    1447.10      3.846      3.809    -0.1711    -0.1713    -0.0002    -0.1713    -0.1715    -0.0002   2.823848   2.824354   0.000506    34.1291    34.1361     7.7061     7.4289    -0.2772    27.4117    27.4174          7  0.000e+00
      24147 326.738635  -62.20580  -58.30020      0.021    1447.10      3.846      3.809    -0.1711    -0.1705     0.0006    -0.1712    -0.1706     0.0006   2.823866   2.824290   0.000425    34.1293    34.1343     7.7060     7.4268    -0.2792    27.4119    27.4159          7  0.000e+00
      24148 326.738636  -62.20580  -58.30020      0.021    1447.10      3.846      3.809    -0.1712    -0.1706     0.0007    -0.1714    -0.1707     0.0007   2.823872   2.824308   0.000436    34.1295    34.1346     7.7059     7.4212    -0.2846    27.4121    27.4162          7  0.000e+00
      24149 326.738636  -62.20580  -58.30020      0.021    1447.10      3.846      3.809    -0.1714    -0.1698     0.0016    -0.1715    -0.1699     0.0016   2.823836   2.824383   0.000547    34.1292    34.1347     7.7008     7.4317    -0.2691    27.4119    27.4162          7  0.000e+00
      24150 326.738637  -62.20580  -58.30020      0.017    1447.10      3.846      3.809    -0.1712    -0.1704     0.0009    -0.1714    -0.1705     0.0009   2.823860   2.824389   0.000529    34.1294    34.1354     7.6999     7.4331    -0.2667    27.4120    27.4168          7  0.000e+00
      24151 326.738637  -62.20580  -58.30020      0.016    1447.10      3.846      3.809    -0.1716    -0.1701     0.0015    -0.1717    -0.1702     0.0015   2.823890   2.824319   0.000429    34.1302    34.1342     7.6999     7.4322    -0.2677    27.4126    27.4158          7  0.000e+00
      24152 326.738638  -62.20580  -58.30020      0.016    1447.10      3.846      3.809    -0.1714    -0.1700     0.0015    -0.1715    -0.1701     0.0015   2.823860   2.824302   0.000442    34.1296    34.1338     7.6991     7.4312    -0.2679    27.4121    27.4155          7  0.000e+00
      24153 326.738638  -62.20580  -58.30020      0.012    1447.10      3.846      3.809    -0.1714    -0.1696     0.0018    -0.1715    -0.1697     0.0018   2.823884   2.824337   0.000453    34.1299    34.1339     7.6984     7.4323    -0.2661    27.4124    27.4155          7  0.000e+00
      24154 326.738639  -62.20580  -58.30020      0.011    1447.10      3.846      3.809    -0.1712    -0.1698     0.0015    -0.1714    -0.1699     0.0015   2.823878   2.824354   0.000476    34.1296    34.1343     7.6977     7.4335    -0.2642    27.4122    27.4159          7  0.000e+00
