Pos-Processados/process_op38/operantar38_022.cnv
* Sea-Bird SBE 9 Data File:
* FileName = D:\OPERANTAR_XXXVIII\DADOS\OP38_022.hdr
* Software Version Seasave V 7.18c
* Temperature SN = 4808
* Conductivity SN = 3380
* Number of Bytes Per Scan = 34
* Number of Voltage Words = 3
* Number of Scans Averaged by the Deck Unit = 1
* NMEA Latitude = 62 12.34 S
* NMEA Longitude = 058 18.00 W
* NMEA UTC (Time) = Nov 22 2019 17:26:52
** H41
** NAVIO POLAR ALMIRANTE MAXIMIANO
** CRUZEIRO:
** OPERANTAR XXXVIII
** ESTAÇÃO: OP38_022
** LAT 62 12,33'S
** LONG 058 18,01'W
** 09P73767-1155_A
** PROFUNDIDADE: 200
** DATA/HORA: 221727Z/NOV/2019
** OPERADOR: SO-HN CHAVES
# nquan = 32
# nvalues = 319                         
# units = specified
# name 0 = scan: Scan Count
# name 1 = timeJ: Julian Days
# name 2 = latitude: Latitude [deg]
# name 3 = longitude: Longitude [deg]
# name 4 = dz/dtM: Descent Rate [m/s]
# name 5 = avgsvCM: Average Sound Velocity [Chen-Millero, m/s]
# name 6 = prDM: Pressure, Digiquartz [db]
# name 7 = depSM: Depth [salt water, m]
# name 8 = t090C: Temperature [ITS-90, deg C]
# name 9 = t190C: Temperature, 2 [ITS-90, deg C]
# name 10 = T2-T190C: Temperature Difference, 2 - 1 [ITS-90, deg C]
# name 11 = potemp090C: Potential Temperature [ITS-90, deg C]
# name 12 = potemp190C: Potential Temperature, 2 [ITS-90, deg C]
# name 13 = potemp90Cdiff: Potential Temperature, Diff, 2 - 1 [ITS-90, deg C]
# name 14 = c0S/m: Conductivity [S/m]
# name 15 = c1S/m: Conductivity, 2 [S/m]
# name 16 = C2-C1S/m: Conductivity Difference, 2 - 1 [S/m]
# name 17 = sal00: Salinity, Practical [PSU]
# name 18 = sal11: Salinity, Practical, 2 [PSU]
# name 19 = sbeox0ML/L: Oxygen, SBE 43 [ml/l]
# name 20 = sbeox1ML/L: Oxygen, SBE 43, 2 [ml/l]
# name 21 = sbeox0ML/Ldiff: Oxygen, SBE 43, Diff, 2 - 1 [ml/l]
# name 22 = sigma-é00: Density [sigma-theta, kg/m^3]
# name 23 = sigma-é11: Density, 2 [sigma-theta, kg/m^3]
# name 24 = sal00: Salinity, Practical [PSU]
# name 25 = sigma-é00: Density [sigma-theta, kg/m^3]
# name 26 = svCM: Sound Velocity [Chen-Millero, m/s]
# name 27 = svCM1: Sound Velocity, 2 [Chen-Millero, m/s]
# name 28 = gsw_ptA0: potential temperature [ITS-90, deg C]
# name 29 = gsw_densityA0: density, TEOS-10 [density, kg/m^3]
# name 30 = gsw_saA0: Absolute Salinity [g/kg]
# name 31 = flag:
# span 0 =       6928,      21572       
# span 1 = 326.730331, 326.737394       
# span 2 =  -62.20580,  -62.20578       
# span 3 =  -58.30022,  -58.30014       
# span 4 =     -0.792,      0.793       
# span 5 =       0.00,    1447.14       
# span 6 =      2.000,    161.000       
# span 7 =      1.984,    159.386       
# span 8 =    -0.6207,    -0.1534       
# span 9 =    -0.6204,    -0.1516       
# span 10 =    -0.0084,     0.0053      
# span 11 =    -0.6256,    -0.1535      
# span 12 =    -0.6252,    -0.1517      
# span 13 =    -0.0084,     0.0053      
# span 14 =   2.801078,   2.825232      
# span 15 =   2.801494,   2.825765      
# span 16 =  -0.000165,   0.000759      
# span 17 =    34.1280,    34.2507      
# span 18 =    34.1330,    34.2560      
# span 19 =     7.1906,     7.7114      
# span 20 =     6.8827,     7.4450      
# span 21 =    -0.3717,    -0.2159      
# span 22 =    27.4100,    27.5310      
# span 23 =    27.4139,    27.5352      
# span 24 =    34.1271,    34.2507      
# span 25 =    27.4098,    27.5309      
# span 26 =    1446.53,    1447.88      
# span 27 =    1446.53,    1447.88      
# span 28 =    -0.6254,    -0.1535      
# span 29 =  1027.4242,  1028.3062      
# span 30 =    34.2918,    34.4175      
# span 31 = 0.0000e+00, 0.0000e+00      
# interval = decibars: 1                
# start_time = Nov 22 2019 17:26:52 [NMEA time, header]
# bad_flag = -9.990e-29
*END*
[from data line 46]
       8926 326.731295  -62.20580  -58.30018      0.629    1447.14     48.000     47.534    -0.4919    -0.4913     0.0006    -0.4934    -0.4928     0.0006   2.802895   2.803296   0.000401    34.1830    34.1877     7.5134     7.2658    -0.2477    27.4704    27.4742    34.1820    27.4696    1446.55    1446.56    -0.4933  1027.7039    34.3471 0.0000e+00
       8963 326.731313  -62.20580  -58.30018      0.626    1447.14     49.000     48.524    -0.4917    -0.4909     0.0007    -0.4932    -0.4924     0.0007   2.802971   2.803367   0.000398    34.1829    34.1874     7.5174     7.2507    -0.2667    27.4703    27.4739    34.1822    27.4697    1446.56    1446.57    -0.4931  1027.7087    34.3473 0.0000e+00
       8996 326.731328  -62.20580  -58.30018      0.723    1447.14     50.000     49.514    -0.4908    -0.4906     0.0002    -0.4923    -0.4921     0.0002   2.803085   2.803460   0.000371    34.1827    34.1875     7.5195     7.2522    -0.2673    27.4701    27.4740    34.1821    27.4696    1446.58    1446.59    -0.4923  1027.7135    34.3473 0.0000e+00
       9026 326.731343  -62.20580  -58.30018      0.779    1447.14     51.000     50.504    -0.4908    -0.4902     0.0006    -0.4923    -0.4917     0.0006   2.803164   2.803556   0.000391    34.1830    34.1876     7.5134     7.2625    -0.2509    27.4703    27.4740    34.1825    27.4699    1446.60    1446.61    -0.4923  1027.7186    34.3477 0.0000e+00
       9059 326.731359  -62.20580  -58.30018      0.744    1447.14     52.000     51.494    -0.4908    -0.4901     0.0007    -0.4923    -0.4917     0.0007   2.803247   2.803652   0.000404    34.1834    34.1881     7.5105     7.2622    -0.2483    27.4706    27.4744    34.1830    27.4703    1446.62    1446.63    -0.4923  1027.7238    34.3482 0.0000e+00
       9093 326.731375  -62.20580  -58.30018      0.707    1447.14     53.000     52.484    -0.4911    -0.4904     0.0007    -0.4927    -0.4920     0.0007   2.803281   2.803689   0.000408    34.1836    34.1883     7.5093     7.2547    -0.2546    27.4708    27.4746    34.1833    27.4706    1446.63    1446.64    -0.4927  1027.7287    34.3484 0.0000e+00
       9126 326.731392  -62.20580  -58.30018      0.717    1447.14     54.000     53.475    -0.4917    -0.4910     0.0007    -0.4933    -0.4926     0.0007   2.803293   2.803706   0.000411    34.1837    34.1885     7.5241     7.2723    -0.2518    27.4710    27.4748    34.1835    27.4707    1446.65    1446.66    -0.4933  1027.7337    34.3486 0.0000e+00
       9159 326.731407  -62.20580  -58.30018      0.735    1447.14     55.000     54.465    -0.4920    -0.4913     0.0007    -0.4937    -0.4930     0.0007   2.803326   2.803731   0.000404    34.1839    34.1885     7.5193     7.2720    -0.2473    27.4711    27.4748    34.1836    27.4709    1446.66    1446.67    -0.4936  1027.7386    34.3488 0.0000e+00
       9192 326.731423  -62.20580  -58.30018      0.725    1447.14     56.000     55.455    -0.4921    -0.4914     0.0006    -0.4938    -0.4932     0.0006   2.803370   2.803776   0.000406    34.1839    34.1886     7.5082     7.2647    -0.2435    27.4711    27.4749    34.1837    27.4710    1446.68    1446.69    -0.4938  1027.7435    34.3489 0.0000e+00
       9227 326.731440  -62.20580  -58.30018      0.695    1447.14     57.000     56.445    -0.4917    -0.4911     0.0006    -0.4935    -0.4928     0.0006   2.803458   2.803854   0.000399    34.1840    34.1886     7.5164     7.2670    -0.2494    27.4712    27.4749    34.1839    27.4711    1446.70    1446.70    -0.4934  1027.7484    34.3491 0.0000e+00
       9263 326.731458  -62.20580  -58.30018      0.668    1447.14     58.000     57.435    -0.4919    -0.4912     0.0006    -0.4936    -0.4930     0.0006   2.803504   2.803909   0.000404    34.1841    34.1889     7.5130     7.2706    -0.2425    27.4713    27.4751    34.1840    27.4712    1446.71    1446.72    -0.4936  1027.7533    34.3492 0.0000e+00
       9299 326.731475  -62.20580  -58.30019      0.669    1447.14     59.000     58.425    -0.4919    -0.4912     0.0007    -0.4937    -0.4930     0.0006   2.803567   2.803975   0.000410    34.1843    34.1891     7.5184     7.2665    -0.2519    27.4715    27.4753    34.1843    27.4714    1446.73    1446.74    -0.4937  1027.7583    34.3495 0.0000e+00
       9332 326.731491  -62.20580  -58.30020      0.708    1447.14     60.000     59.416    -0.4917    -0.4910     0.0006    -0.4935    -0.4929     0.0006   2.803635   2.804040   0.000406    34.1844    34.1891     7.5112     7.2629    -0.2483    27.4715    27.4753    34.1843    27.4715    1446.74    1446.75    -0.4935  1027.7632    34.3496 0.0000e+00
       9364 326.731506  -62.20580  -58.30020      0.742    1446.98     61.000     60.405    -0.4917    -0.4910     0.0007    -0.4936    -0.4929     0.0007   2.803675   2.804103   0.000422    34.1844    34.1892     7.5033     7.2590    -0.2443    27.4715    27.4754    34.1843    27.4715    1446.76    1446.77    -0.4935  1027.7679    34.3496 0.0000e+00
       9397 326.731522  -62.20580  -58.30019      0.739    1446.95     62.000     61.396    -0.4911    -0.4904     0.0007    -0.4930    -0.4923     0.0007   2.803822   2.804211   0.000393    34.1849    34.1894     7.5138     7.2563    -0.2576    27.4719    27.4755    34.1849    27.4719    1446.78    1446.79    -0.4930  1027.7732    34.3502 0.0000e+00
       9431 326.731538  -62.20580  -58.30018      0.709    1446.95     63.000     62.386    -0.4925    -0.4915     0.0010    -0.4944    -0.4934     0.0010   2.803821   2.804238   0.000414    34.1860    34.1904     7.5151     7.2591    -0.2559    27.4728    27.4763    34.1859    27.4728    1446.79    1446.80    -0.4944  1027.7788    34.3512 0.0000e+00
       9464 326.731555  -62.20580  -58.30018      0.717    1446.95     64.000     63.376    -0.4955    -0.4944     0.0011    -0.4975    -0.4963     0.0011   2.803664   2.804106   0.000443    34.1869    34.1916     7.5102     7.2635    -0.2467    27.4737    27.4775    34.1866    27.4735    1446.80    1446.81    -0.4974  1027.7843    34.3519 0.0000e+00
       9497 326.731570  -62.20580  -58.30018      0.742    1446.95     65.000     64.366    -0.4979    -0.4973     0.0006    -0.4999    -0.4993     0.0006   2.803573   2.803974   0.000402    34.1876    34.1924     7.5146     7.2623    -0.2523    27.4744    27.4782    34.1875    27.4743    1446.80    1446.81    -0.4999  1027.7899    34.3528 0.0000e+00
       9532 326.731587  -62.20580  -58.30018      0.701    1446.95     66.000     65.356    -0.4997    -0.4996     0.0001    -0.5017    -0.5016     0.0001   2.803477   2.803857   0.000374    34.1881    34.1931     7.5051     7.2649    -0.2401    27.4749    27.4789    34.1876    27.4745    1446.81    1446.82    -0.5017  1027.7949    34.3529 0.0000e+00
       9571 326.731606  -62.20580  -58.30020      0.621    1446.95     67.000     66.346    -0.5135    -0.5100     0.0035    -0.5156    -0.5121     0.0035   2.802566   2.803172   0.000604    34.1915    34.1956     7.4970     7.2620    -0.2350    27.4783    27.4815    34.1903    27.4773    1446.76    1446.79    -0.5155  1027.8025    34.3557 0.0000e+00
       9606 326.731623  -62.20580  -58.30020      0.653    1446.95     68.000     67.336    -0.5208    -0.5208     0.0000    -0.5229    -0.5229     0.0000   2.802147   2.802499   0.000355    34.1930    34.1978     7.4942     7.2585    -0.2357    27.4798    27.4836    34.1923    27.4792    1446.75    1446.76    -0.5228  1027.8092    34.3577 0.0000e+00
       9637 326.731638  -62.20580  -58.30020      0.749    1446.95     69.000     68.326    -0.5185    -0.5179     0.0006    -0.5206    -0.5200     0.0006   2.802471   2.802870   0.000399    34.1934    34.1981     7.4735     7.2488    -0.2247    27.4800    27.4837    34.1933    27.4800    1446.78    1446.79    -0.5205  1027.8148    34.3587 0.0000e+00
       9668 326.731653  -62.20580  -58.30020      0.783    1446.95     70.000     69.316    -0.5146    -0.5139     0.0007    -0.5167    -0.5160     0.0007   2.802807   2.803219   0.000413    34.1932    34.1980     7.4611     7.2314    -0.2298    27.4797    27.4835    34.1929    27.4794    1446.81    1446.82    -0.5167  1027.8190    34.3583 0.0000e+00
       9703 326.731669  -62.20580  -58.30020      0.719    1446.95     71.000     70.306    -0.5136    -0.5132     0.0004    -0.5158    -0.5153     0.0004   2.802919   2.803325   0.000407    34.1928    34.1978     7.4663     7.2230    -0.2433    27.4793    27.4833    34.1927    27.4792    1446.83    1446.84    -0.5157  1027.8236    34.3581 0.0000e+00
       9739 326.731687  -62.20578  -58.30020      0.665    1446.95     72.000     71.296    -0.5131    -0.5125     0.0006    -0.5153    -0.5147     0.0006   2.802993   2.803399   0.000409    34.1926    34.1974     7.4721     7.2319    -0.2402    27.4791    27.4830    34.1925    27.4790    1446.85    1446.86    -0.5152  1027.8282    34.3579 0.0000e+00
       9772 326.731703  -62.20578  -58.30020      0.705    1446.95     73.000     72.287    -0.5127    -0.5122     0.0005    -0.5150    -0.5145     0.0005   2.803060   2.803461   0.000402    34.1924    34.1973     7.4708     7.2321    -0.2387    27.4790    27.4829    34.1923    27.4789    1446.87    1446.88    -0.5149  1027.8328    34.3577 0.0000e+00
       9803 326.731718  -62.20578  -58.30020      0.760    1446.95     74.000     73.277    -0.5128    -0.5124     0.0004    -0.5151    -0.5147     0.0004   2.803096   2.803493   0.000396    34.1925    34.1973     7.4683     7.2227    -0.2456    27.4790    27.4829    34.1923    27.4789    1446.88    1446.89    -0.5150  1027.8376    34.3577 0.0000e+00
       9836 326.731734  -62.20578  -58.30020      0.751    1446.95     75.000     74.267    -0.5127    -0.5120     0.0007    -0.5150    -0.5143     0.0007   2.803148   2.803561   0.000410    34.1923    34.1970     7.4658     7.2154    -0.2505    27.4789    27.4827    34.1922    27.4788    1446.90    1446.91    -0.5149  1027.8423    34.3576 0.0000e+00
       9872 326.731751  -62.20578  -58.30020      0.672    1446.95     76.000     75.257    -0.5147    -0.5136     0.0010    -0.5170    -0.5160     0.0010   2.803057   2.803479   0.000431    34.1928    34.1975     7.4689     7.2120    -0.2569    27.4794    27.4831    34.1926    27.4792    1446.91    1446.92    -0.5170  1027.8475    34.3581 0.0000e+00
       9909 326.731769  -62.20578  -58.30020      0.639    1446.95     77.000     76.247    -0.5172    -0.5166     0.0006    -0.5196    -0.5190     0.0006   2.802932   2.803341   0.000402    34.1935    34.1983     7.4793     7.2243    -0.2551    27.4801    27.4839    34.1933    27.4798    1446.91    1446.92    -0.5195  1027.8529    34.3587 0.0000e+00
       9943 326.731785  -62.20578  -58.30020      0.697    1446.95     78.000     77.237    -0.5196    -0.5188     0.0008    -0.5220    -0.5212     0.0008   2.802824   2.803237   0.000417    34.1941    34.1988     7.4645     7.2251    -0.2394    27.4806    27.4844    34.1938    27.4804    1446.92    1446.93    -0.5219  1027.8583    34.3593 0.0000e+00
       9976 326.731801  -62.20578  -58.30020      0.736    1446.95     79.000     78.227    -0.5184    -0.5186    -0.0003    -0.5208    -0.5211    -0.0003   2.802967   2.803340   0.000364    34.1937    34.1989     7.4639     7.2181    -0.2458    27.4803    27.4845    34.1938    27.4803    1446.94    1446.95    -0.5208  1027.8630    34.3593 0.0000e+00
      10010 326.731818  -62.20578  -58.30020      0.701    1446.95     80.000     79.217    -0.5121    -0.5098     0.0023    -0.5146    -0.5122     0.0023   2.803364   2.803857   0.000498    34.1911    34.1952     7.4638     7.2227    -0.2412    27.4779    27.4811    34.1914    27.4782    1446.98    1447.00    -0.5145  1027.8656    34.3570 0.0000e+00
      10044 326.731834  -62.20578  -58.30020      0.705    1446.95     81.000     80.207    -0.5095    -0.5086     0.0009    -0.5119    -0.5111     0.0009   2.803542   2.803966   0.000422    34.1901    34.1948     7.4616     7.2214    -0.2402    27.4769    27.4807    34.1902    27.4770    1447.01    1447.02    -0.5119  1027.8693    34.3557 0.0000e+00
      10075 326.731849  -62.20578  -58.30020      0.767    1446.95     82.000     81.197    -0.5107    -0.5101     0.0007    -0.5133    -0.5126     0.0007   2.803533   2.803957   0.000423    34.1908    34.1958     7.4661     7.2187    -0.2474    27.4776    27.4816    34.1909    27.4777    1447.02    1447.03    -0.5132  1027.8747    34.3565 0.0000e+00
      10106 326.731864  -62.20578  -58.30020      0.771    1446.95     83.000     82.187    -0.5157    -0.5134     0.0024    -0.5183    -0.5159     0.0024   2.803272   2.803776   0.000503    34.1928    34.1969     7.4674     7.2252    -0.2422    27.4795    27.4826    34.1924    27.4791    1447.02    1447.03    -0.5182  1027.8809    34.3580 0.0000e+00
      10143 326.731882  -62.20578  -58.30020      0.662    1446.95     84.000     83.177    -0.5201    -0.5196     0.0005    -0.5227    -0.5221     0.0005   2.803129   2.803536   0.000407    34.1948    34.1997     7.4745     7.2337    -0.2407    27.4812    27.4852    34.1948    27.4812    1447.02    1447.03    -0.5226  1027.8879    34.3604 0.0000e+00
      10180 326.731900  -62.20578  -58.30020      0.637    1446.95     85.000     84.167    -0.5147    -0.5137     0.0010    -0.5173    -0.5163     0.0009   2.803446   2.803866   0.000422    34.1923    34.1969     7.4619     7.2264    -0.2355    27.4789    27.4826    34.1923    27.4790    1447.06    1447.07    -0.5172  1027.8904    34.3579 0.0000e+00
      10213 326.731916  -62.20578  -58.30020      0.720    1446.95     86.000     85.157    -0.5189    -0.5203    -0.0014    -0.5215    -0.5230    -0.0014   2.803206   2.803516   0.000316    34.1939    34.1998     7.4599     7.2103    -0.2496    27.4805    27.4853    34.1933    27.4799    1447.05    1447.05    -0.5215  1027.8962    34.3589 0.0000e+00
      10245 326.731931  -62.20578  -58.30020      0.753    1446.95     87.000     86.147    -0.5287    -0.5282     0.0005    -0.5314    -0.5309     0.0005   2.802771   2.803178   0.000407    34.1984    34.2033     7.4721     7.2099    -0.2622    27.4845    27.4885    34.1979    27.4841    1447.03    1447.04    -0.5313  1027.9051    34.3636 0.0000e+00
      10280 326.731948  -62.20578  -58.30020      0.695    1446.95     88.000     87.137    -0.5326    -0.5322     0.0004    -0.5353    -0.5349     0.0004   2.802570   2.802966   0.000399    34.1995    34.2044     7.4647     7.2150    -0.2497    27.4856    27.4896    34.1990    27.4851    1447.03    1447.04    -0.5352  1027.9110    34.3646 0.0000e+00
      10316 326.731965  -62.20578  -58.30020      0.666    1446.95     89.000     88.127    -0.5350    -0.5340     0.0010    -0.5377    -0.5367     0.0010   2.802475   2.802908   0.000431    34.2002    34.2050     7.4416     7.2046    -0.2370    27.4863    27.4901    34.1998    27.4859    1447.03    1447.05    -0.5377  1027.9165    34.3655 0.0000e+00
      10349 326.731981  -62.20578  -58.30020      0.712    1446.95     90.000     89.117    -0.5376    -0.5368     0.0008    -0.5404    -0.5396     0.0008   2.802353   2.802780   0.000427    34.2010    34.2058     7.4341     7.1934    -0.2406    27.4870    27.4909    34.2005    27.4866    1447.04    1447.05    -0.5403  1027.9220    34.3662 0.0000e+00
      10380 326.731996  -62.20578  -58.30020      0.768    1446.95     91.000     90.107    -0.5387    -0.5381     0.0006    -0.5415    -0.5409     0.0006   2.802338   2.802749   0.000410    34.2013    34.2061     7.4356     7.1913    -0.2444    27.4873    27.4912    34.2008    27.4870    1447.05    1447.06    -0.5414  1027.9272    34.3666 0.0000e+00
