Pos-Processados/process_op38/operantar38_002.ros
* Sea-Bird SBE 9 Data File:
* FileName = D:\OPERANTAR_XXXVIII\DADOS\OP38_002.hdr
* Software Version Seasave V 7.12
* Temperature SN = 4808
* Conductivity SN = 3380
* Number of Bytes Per Scan = 31
* Number of Voltage Words = 2
* Number of Scans Averaged by the Deck Unit = 1
* NMEA Latitude = 38 26.99 S
* NMEA Longitude = 052 53.48 W
* NMEA UTC (Time) = Jan 16 2019 21:21:57
** H41
** NAVIO POLAR ALMIRANTE MAXIMIANO
** CRUZEIRO:
** OPERANTAR XXXVIII
** ESTAÇÃO: 002
** LAT 38º 26,99'S
** LONG 052º 53,46'W
** 09P73767-1155
** PROFUNDIDADE: 4158 m
** DATA/HORA: 162121Z/OUT/2019
** OPERADOR: SO-HN CHAVES
# nquan = 27
# nvalues = 3775                                  
# units = specified
# name 0 = scan: Scan Count
# name 1 = timeJ: Julian Days
# name 2 = latitude: Latitude [deg]
# name 3 = longitude: Longitude [deg]
# name 4 = dz/dtM: Descent Rate [m/s]
# name 5 = avgsvCM: Average Sound Velocity [Chen-Millero, m/s]
# name 6 = prDM: Pressure, Digiquartz [db]
# name 7 = depSM: Depth [salt water, m]
# name 8 = t090C: Temperature [ITS-90, deg C]
# name 9 = t190C: Temperature, 2 [ITS-90, deg C]
# name 10 = T2-T190C: Temperature Difference, 2 - 1 [ITS-90, deg C]
# name 11 = potemp090C: Potential Temperature [ITS-90, deg C]
# name 12 = potemp190C: Potential Temperature, 2 [ITS-90, deg C]
# name 13 = potemp90Cdiff: Potential Temperature, Diff, 2 - 1 [ITS-90, deg C]
# name 14 = c0S/m: Conductivity [S/m]
# name 15 = c1S/m: Conductivity, 2 [S/m]
# name 16 = C2-C1S/m: Conductivity Difference, 2 - 1 [S/m]
# name 17 = sal00: Salinity, Practical [PSU]
# name 18 = sal11: Salinity, Practical, 2 [PSU]
# name 19 = sbeox0ML/L: Oxygen, SBE 43 [ml/l]
# name 20 = sigma-é00: Density [sigma-theta, kg/m^3]
# name 21 = sigma-é11: Density, 2 [sigma-theta, kg/m^3]
# name 22 = sbox0Mm/Kg: Oxygen, SBE 43 [umol/kg]
# name 23 = oxsolMm/Kg: Oxygen Saturation, Garcia & Gordon [umol/kg]
# name 24 = oxsatMm/Kg: Oxygen Saturation, Weiss [umol/kg]
# name 25 = nbf: Bottles Fired
# name 26 = flag:  0.000e+00
# interval = seconds: 0.0416667
# start_time = Jan 16 2019 21:21:57 [NMEA time, header]
# bad_flag = -9.990e-29
*END*
[from data line 591]
      64627  16.921409  -38.44984  -52.89134      0.234    1497.38     21.071     20.912    15.5166    15.5229     0.0063    15.5133    15.5196     0.0063   4.415119   4.416595   0.001476    35.6460    35.6536     5.5641    26.3556    26.3600    242.114  244.21110  243.98365          4  0.000e+00
      64628  16.921410  -38.44986  -52.89134      0.240    1497.38     21.133     20.973    15.5164    15.5219     0.0055    15.5132    15.5187     0.0055   4.415069   4.416444   0.001375    35.6457    35.6531     5.5642    26.3554    26.3599    242.118  244.21234  243.98490          4  0.000e+00
      64629  16.921410  -38.44986  -52.89134      0.243    1497.38     21.119     20.959    15.5161    15.5214     0.0053    15.5128    15.5181     0.0053   4.415076   4.416382   0.001306    35.6461    35.6531     5.5643    26.3558    26.3600    242.120  244.21340  243.98597          4  0.000e+00
      64630  16.921411  -38.44986  -52.89134      0.243    1497.38     21.085     20.925    15.5163    15.5207     0.0045    15.5130    15.5175     0.0045   4.415069   4.416347   0.001279    35.6459    35.6534     5.5643    26.3556    26.3603    242.120  244.21290  243.98546          4  0.000e+00
      64631  16.921411  -38.44986  -52.89134      0.249    1497.38     21.167     21.007    15.5163    15.5202     0.0039    15.5130    15.5169     0.0039   4.415112   4.416134   0.001022    35.6462    35.6519     5.5644    26.3558    26.3593    242.124  244.21215  243.98472          4  0.000e+00
      64632  16.921412  -38.44986  -52.89134      0.253    1497.38     21.181     21.021    15.5164    15.5192     0.0028    15.5131    15.5159     0.0028   4.415155   4.416017   0.000862    35.6465    35.6518     5.5644    26.3560    26.3594    242.126  244.21122  243.98378          4  0.000e+00
      64633  16.921412  -38.44986  -52.89134      0.255    1497.38     21.167     21.007    15.5168    15.5182     0.0014    15.5135    15.5149     0.0014   4.415291   4.415879   0.000588    35.6474    35.6514     5.5644    26.3566    26.3594    242.125  244.20797  243.98052          4  0.000e+00
      64634  16.921413  -38.44986  -52.89134      0.258    1497.38     21.181     21.021    15.5176    15.5173    -0.0003    15.5143    15.5140    -0.0003   4.415463   4.415817   0.000354    35.6482    35.6517     5.5644    26.3570    26.3598    242.123  244.20258  243.97510          4  0.000e+00
      64635  16.921413  -38.44986  -52.89134      0.260    1497.38     21.167     21.007    15.5192    15.5171    -0.0021    15.5159    15.5138    -0.0021   4.415642   4.415810   0.000167    35.6483    35.6517     5.5643    26.3568    26.3599    242.119  244.19474  243.96717          4  0.000e+00
      64636  16.921413  -38.44986  -52.89134      0.264    1497.38     21.236     21.075    15.5203    15.5168    -0.0036    15.5170    15.5135    -0.0036   4.415714   4.415748   0.000034    35.6479    35.6515     5.5672    26.3562    26.3598    242.246  244.19004  243.96241          4  0.000e+00
      64637  16.921414  -38.44986  -52.89134      0.270    1497.38     21.222     21.061    15.5210    15.5163    -0.0047    15.5177    15.5130    -0.0047   4.415736   4.415817   0.000081    35.6475    35.6525     5.5674    26.3558    26.3607    242.257  244.18752  243.95984          4  0.000e+00
      64638  16.921414  -38.44986  -52.89134      0.272    1497.38     21.236     21.075    15.5208    15.5171    -0.0037    15.5175    15.5138    -0.0037   4.415678   4.415962   0.000283    35.6472    35.6531     5.5647    26.3555    26.3610    242.137  244.18898  243.96131          4  0.000e+00
      64639  16.921415  -38.44986  -52.89134      0.272    1497.38     21.222     21.061    15.5202    15.5182    -0.0021    15.5170    15.5149    -0.0021   4.415542   4.416223   0.000681    35.6465    35.6545     5.5680    26.3551    26.3618    242.281  244.19294  243.96530          4  0.000e+00
      64640  16.921415  -38.44986  -52.89134      0.277    1497.38     21.284     21.123    15.5197    15.5197     0.0000    15.5164    15.5164     0.0000   4.415427   4.416354   0.000927    35.6459    35.6543     5.5682    26.3549    26.3613    242.291  244.19663  243.96901          4  0.000e+00
      64641  16.921416  -38.44986  -52.89134      0.281    1497.38     21.284     21.123    15.5186    15.5202     0.0016    15.5153    15.5169     0.0016   4.415363   4.416230   0.000867    35.6463    35.6527     5.5684    26.3554    26.3600    242.299  244.20097  243.97341          4  0.000e+00
      64642  16.921416  -38.44986  -52.89134      0.285    1497.38     21.325     21.163    15.5183    15.5190     0.0007    15.5150    15.5157     0.0007   4.415270   4.416099   0.000830    35.6457    35.6526     5.5686    26.3550    26.3601    242.306  244.20329  243.97574          4  0.000e+00
      64643  16.921417  -38.44986  -52.89134      0.287    1497.38     21.284     21.123    15.5179    15.5181     0.0002    15.5146    15.5148     0.0002   4.415241   4.416017   0.000776    35.6458    35.6527     5.5686    26.3551    26.3604    242.309  244.20501  243.97749          4  0.000e+00
      64644  16.921417  -38.44986  -52.89134      0.288    1497.38     21.325     21.163    15.5176    15.5177     0.0000    15.5143    15.5143     0.0000   4.415198   4.415968   0.000771    35.6457    35.6526     5.5687    26.3551    26.3605    242.314  244.20671  243.97921          4  0.000e+00
      64645  16.921418  -38.44986  -52.89134      0.292    1497.38     21.332     21.170    15.5171    15.5175     0.0004    15.5138    15.5141     0.0004   4.415169   4.415927   0.000758    35.6459    35.6524     5.5688    26.3554    26.3604    242.318  244.20891  243.98143          4  0.000e+00
      64646  16.921418  -38.44986  -52.89134      0.294    1497.38     21.325     21.163    15.5166    15.5173     0.0007    15.5133    15.5140     0.0007   4.415054   4.415893   0.000838    35.6453    35.6523     5.5721    26.3551    26.3603    242.459  244.21211  243.98465          4  0.000e+00
      64647  16.921419  -38.44986  -52.89134      0.298    1497.38     21.387     21.225    15.5161    15.5164     0.0003    15.5128    15.5131     0.0003   4.415040   4.415824   0.000784    35.6456    35.6524     5.5724    26.3554    26.3606    242.474  244.21412  243.98669          4  0.000e+00
      64648  16.921419  -38.44986  -52.89134      0.300    1497.38     21.421     21.259    15.5159    15.5166     0.0007    15.5126    15.5133     0.0007   4.415033   4.415776   0.000743    35.6457    35.6518     5.5696    26.3555    26.3601    242.349  244.21484  243.98742          4  0.000e+00
      64649  16.921420  -38.44986  -52.89134      0.301    1497.38     21.332     21.170    15.5157    15.5165     0.0007    15.5124    15.5131     0.0007   4.415047   4.415769   0.000721    35.6461    35.6519     5.5697    26.3558    26.3602    242.357  244.21514  243.98774          4  0.000e+00
      64650  16.921420  -38.44986  -52.89134      0.303    1497.38     21.421     21.259    15.5156    15.5164     0.0008    15.5123    15.5131     0.0008   4.415026   4.415776   0.000750    35.6459    35.6520     5.5729    26.3557    26.3602    242.496  244.21582  243.98842          4  0.000e+00
      64651  16.921421  -38.44986  -52.89134      0.307    1497.38     21.435     21.272    15.5157    15.5159     0.0002    15.5124    15.5126     0.0002   4.415054   4.415734   0.000680    35.6461    35.6520     5.5731    26.3559    26.3604    242.504  244.21510  243.98770          4  0.000e+00
      64652  16.921421  -38.44986  -52.89134      0.309    1497.38     21.421     21.259    15.5154    15.5157     0.0004    15.5121    15.5124     0.0004   4.415083   4.415727   0.000644    35.6466    35.6521     5.5733    26.3564    26.3605    242.512  244.21568  243.98830          4  0.000e+00
      64653  16.921422  -38.44986  -52.89134      0.308    1497.38     21.435     21.272    15.5156    15.5158     0.0001    15.5123    15.5124     0.0001   4.415004   4.415734   0.000730    35.6457    35.6522     5.5735    26.3556    26.3605    242.520  244.21616  243.98876          4  0.000e+00
      64654  16.921422  -38.44986  -52.89134      0.312    1497.38     21.476     21.313    15.5156    15.5159     0.0003    15.5122    15.5126     0.0003   4.415004   4.415727   0.000723    35.6457    35.6520     5.5768    26.3556    26.3603    242.664  244.21633  243.98893          5  0.000e+00
      64655  16.921423  -38.44986  -52.89134      0.317    1497.38     21.489     21.327    15.5156    15.5159     0.0003    15.5122    15.5126     0.0003   4.414997   4.415762   0.000765    35.6457    35.6523     5.5774    26.3556    26.3606    242.691  244.21645  243.98905          5  0.000e+00
      64656  16.921423  -38.44986  -52.89134      0.318    1497.38     21.489     21.327    15.5156    15.5161     0.0005    15.5122    15.5128     0.0005   4.415062   4.415776   0.000714    35.6462    35.6522     5.5777    26.3560    26.3605    242.704  244.21547  243.98808          5  0.000e+00
      64657  16.921424  -38.44986  -52.89134      0.320    1497.38     21.524     21.361    15.5158    15.5156    -0.0002    15.5124    15.5122    -0.0002   4.415033   4.415769   0.000736    35.6458    35.6526     5.5783    26.3556    26.3609    242.729  244.21534  243.98794          5  0.000e+00
      64658  16.921424  -38.44986  -52.89134      0.323    1497.38     21.537     21.374    15.5159    15.5161     0.0002    15.5126    15.5128     0.0002   4.415054   4.415741   0.000687    35.6459    35.6519     5.5786    26.3557    26.3603    242.741  244.21459  243.98717          5  0.000e+00
      64659  16.921425  -38.44986  -52.89134      0.323    1497.38     21.524     21.361    15.5157    15.5159     0.0002    15.5124    15.5126     0.0002   4.415054   4.415755   0.000700    35.6460    35.6522     5.5791    26.3558    26.3605    242.763  244.21516  243.98776          5  0.000e+00
      64660  16.921425  -38.44986  -52.89134      0.323    1497.38     21.489     21.327    15.5156    15.5161     0.0005    15.5123    15.5128     0.0005   4.415026   4.415741   0.000715    35.6459    35.6519     5.5795    26.3557    26.3603    242.784  244.21587  243.98847          5  0.000e+00
      64661  16.921426  -38.44986  -52.89134      0.323    1497.38     21.572     21.408    15.5157    15.5159     0.0002    15.5124    15.5126     0.0002   4.415069   4.415762   0.000693    35.6462    35.6522     5.5832    26.3559    26.3606    242.942  244.21498  243.98758          5  0.000e+00
      64662  16.921426  -38.44986  -52.89134      0.325    1497.38     21.585     21.422    15.5157    15.5161     0.0004    15.5124    15.5127     0.0004   4.415019   4.415734   0.000716    35.6457    35.6518     5.5839    26.3556    26.3602    242.972  244.21575  243.98834          5  0.000e+00
      64663  16.921427  -38.44986  -52.89134      0.325    1497.38     21.572     21.408    15.5159    15.5163     0.0004    15.5125    15.5129     0.0004   4.415040   4.415762   0.000722    35.6457    35.6519     5.5842    26.3556    26.3602    242.988  244.21483  243.98741          5  0.000e+00
      64664  16.921427  -38.44986  -52.89134      0.327    1497.38     21.585     21.422    15.5159    15.5163     0.0003    15.5126    15.5129     0.0003   4.415055   4.415796   0.000742    35.6458    35.6522     5.5848    26.3556    26.3605    243.014  244.21447  243.98706          5  0.000e+00
      64665  16.921427  -38.44986  -52.89134      0.330    1497.38     21.626     21.463    15.5157    15.5159     0.0002    15.5124    15.5126     0.0002   4.415055   4.415748   0.000694    35.6460    35.6521     5.5855    26.3558    26.3604    243.041  244.21523  243.98783          5  0.000e+00
      64666  16.921428  -38.44986  -52.89134      0.326    1497.38     21.585     21.422    15.5156    15.5163     0.0007    15.5122    15.5129     0.0007   4.415011   4.415789   0.000778    35.6458    35.6522     5.5860    26.3556    26.3604    243.064  244.21630  243.98890          5  0.000e+00
      64667  16.921428  -38.44986  -52.89134      0.326    1497.38     21.640     21.476    15.5156    15.5158     0.0001    15.5123    15.5124     0.0001   4.415040   4.415748   0.000708    35.6459    35.6522     5.5863    26.3558    26.3606    243.076  244.21575  243.98835          5  0.000e+00
      64668  16.921429  -38.44986  -52.89134      0.328    1497.38     21.627     21.463    15.5154    15.5158     0.0004    15.5120    15.5124     0.0004   4.415055   4.415727   0.000673    35.6463    35.6520     5.5865    26.3561    26.3604    243.086  244.21625  243.98887          5  0.000e+00
      64669  16.921429  -38.44986  -52.89134      0.328    1497.38     21.688     21.524    15.5152    15.5157     0.0005    15.5119    15.5124     0.0005   4.415062   4.415727   0.000666    35.6465    35.6520     5.5899    26.3563    26.3604    243.233  244.21677  243.98940          5  0.000e+00
      64670  16.921430  -38.44986  -52.89134      0.326    1497.38     21.627     21.463    15.5152    15.5153     0.0000    15.5119    15.5119     0.0000   4.414968   4.415734   0.000766    35.6457    35.6526     5.5905    26.3557    26.3610    243.260  244.21815  243.99077          5  0.000e+00
      64671  16.921430  -38.44986  -52.89134      0.323    1497.38     21.640     21.476    15.5151    15.5152     0.0001    15.5117    15.5119     0.0001   4.415026   4.415700   0.000674    35.6463    35.6523     5.5877    26.3562    26.3608    243.137  244.21772  243.99036          5  0.000e+00
      64672  16.921431  -38.44986  -52.89134      0.324    1497.38     21.729     21.565    15.5150    15.5151     0.0001    15.5117    15.5117     0.0001   4.415026   4.415693   0.000667    35.6463    35.6523     5.5909    26.3562    26.3608    243.279  244.21793  243.99056          5  0.000e+00
      64673  16.921431  -38.44986  -52.89134      0.321    1497.38     21.640     21.476    15.5147    15.5149     0.0002    15.5114    15.5115     0.0002   4.414997   4.415700   0.000703    35.6464    35.6526     5.5911    26.3563    26.3611    243.288  244.21933  243.99198          5  0.000e+00
      64674  16.921432  -38.44986  -52.89134      0.319    1497.38     21.729     21.565    15.5149    15.5151     0.0002    15.5115    15.5117     0.0002   4.414976   4.415659   0.000683    35.6460    35.6520     5.5914    26.3560    26.3606    243.299  244.21913  243.99177          5  0.000e+00
      64675  16.921432  -38.44986  -52.89134      0.317    1497.38     21.688     21.524    15.5147    15.5151     0.0004    15.5114    15.5117     0.0004   4.415004   4.415686   0.000682    35.6464    35.6523     5.5918    26.3564    26.3608    243.315  244.21925  243.99190          5  0.000e+00
      64676  16.921433  -38.44986  -52.89134      0.315    1497.38     21.729     21.565    15.5148    15.5151     0.0002    15.5115    15.5117     0.0002   4.414983   4.415721   0.000738    35.6461    35.6526     5.5919    26.3561    26.3610    243.320  244.21917  243.99181          5  0.000e+00
      64677  16.921433  -38.44986  -52.89134      0.312    1497.38     21.688     21.524    15.5144    15.5154     0.0011    15.5110    15.5121     0.0011   4.414990   4.415700   0.000710    35.6466    35.6521     5.5919    26.3566    26.3606    243.323  244.22064  243.99331          5  0.000e+00
      64678  16.921434  -38.44986  -52.89134      0.310    1497.38     21.729     21.565    15.5146    15.5151     0.0005    15.5112    15.5117     0.0005   4.414976   4.415755   0.000779    35.6463    35.6529     5.5920    26.3563    26.3613    243.323  244.22015  243.99281          5  0.000e+00
      64679  16.921434  -38.44986  -52.89134      0.304    1497.38     21.736     21.572    15.5147    15.5151     0.0004    15.5113    15.5117     0.0004   4.414947   4.415734   0.000787    35.6459    35.6527     5.5919    26.3559    26.3611    243.321  244.22015  243.99280          5  0.000e+00
