Pos-Processados/process_op38/operantar38_005.ros
* Sea-Bird SBE 9 Data File:
* FileName = D:\OPERANTAR_XXXVIII\DADOS\OP38_005.hdr
* Software Version Seasave V 7.18c
* Temperature SN = 4808
* Conductivity SN = 3380
* Number of Bytes Per Scan = 31
* Number of Voltage Words = 2
* Number of Scans Averaged by the Deck Unit = 1
* NMEA Latitude = 45 12.86 S
* NMEA Longitude = 051 09.01 W
* NMEA UTC (Time) = Oct 19 2019 13:59:02
** H41
** NAVIO POLAR ALMIRANTE MAXIMIANO
** CRUZEIRO:
** OPERANTAR XXXVIII
** ESTAÇÃO: OP38_005
** LAT 045º 12,86' S
** LONG 051º 09,03' W
** 09P73767-1155
** PROFUNDIDADE: 5853
** DATA/HORA: 191400Z/OUT/2019
** OPERADOR: SO-HN CHAVES
# nquan = 27
# nvalues = 4255                                  
# units = specified
# name 0 = scan: Scan Count
# name 1 = timeJ: Julian Days
# name 2 = latitude: Latitude [deg]
# name 3 = longitude: Longitude [deg]
# name 4 = dz/dtM: Descent Rate [m/s]
# name 5 = avgsvCM: Average Sound Velocity [Chen-Millero, m/s]
# name 6 = prDM: Pressure, Digiquartz [db]
# name 7 = depSM: Depth [salt water, m]
# name 8 = t090C: Temperature [ITS-90, deg C]
# name 9 = t190C: Temperature, 2 [ITS-90, deg C]
# name 10 = T2-T190C: Temperature Difference, 2 - 1 [ITS-90, deg C]
# name 11 = potemp090C: Potential Temperature [ITS-90, deg C]
# name 12 = potemp190C: Potential Temperature, 2 [ITS-90, deg C]
# name 13 = potemp90Cdiff: Potential Temperature, Diff, 2 - 1 [ITS-90, deg C]
# name 14 = c0S/m: Conductivity [S/m]
# name 15 = c1S/m: Conductivity, 2 [S/m]
# name 16 = C2-C1S/m: Conductivity Difference, 2 - 1 [S/m]
# name 17 = sal00: Salinity, Practical [PSU]
# name 18 = sal11: Salinity, Practical, 2 [PSU]
# name 19 = sbeox0ML/L: Oxygen, SBE 43 [ml/l]
# name 20 = sigma-é00: Density [sigma-theta, kg/m^3]
# name 21 = sigma-é11: Density, 2 [sigma-theta, kg/m^3]
# name 22 = sbox0Mm/Kg: Oxygen, SBE 43 [umol/kg]
# name 23 = oxsolMm/Kg: Oxygen Saturation, Garcia & Gordon [umol/kg]
# name 24 = oxsatMm/Kg: Oxygen Saturation, Weiss [umol/kg]
# name 25 = nbf: Bottles Fired
# name 26 = flag:  0.000e+00
# interval = seconds: 0.0416667
# start_time = Oct 19 2019 13:59:02 [NMEA time, header]
# bad_flag = -9.990e-29
*END*
[from data line 484]
      64276 292.613659  -45.21438  -51.15016     -0.121    1476.21     29.644     29.400    10.2718    10.2715    -0.0004    10.2684    10.2680    -0.0004   3.817527   3.818189   0.000662    34.8112    34.8183     6.1310    26.7583    26.7639    266.673  273.38810  273.51058          3  0.000e+00
      64277 292.613659  -45.21438  -51.15016     -0.119    1476.21     29.637     29.394    10.2720    10.2718    -0.0002    10.2685    10.2684    -0.0002   3.817561   3.818189   0.000628    34.8115    34.8180     6.1318    26.7585    26.7636    266.710  273.38684  273.50931          3  0.000e+00
      64278 292.613660  -45.21438  -51.15016     -0.116    1476.21     29.596     29.353    10.2722    10.2717    -0.0005    10.2687    10.2682    -0.0005   3.817568   3.818189   0.000622    34.8114    34.8182     6.1327    26.7584    26.7638    266.747  273.38589  273.50834          3  0.000e+00
      64279 292.613660  -45.21438  -51.15016     -0.109    1476.21     29.644     29.400    10.2720    10.2712    -0.0008    10.2685    10.2677    -0.0008   3.817575   3.818189   0.000615    34.8116    34.8186     6.1333    26.7586    26.7642    266.774  273.38657  273.50905          3  0.000e+00
      64280 292.613661  -45.21438  -51.15016     -0.102    1476.21     29.637     29.394    10.2722    10.2720    -0.0002    10.2687    10.2685    -0.0002   3.817575   3.818189   0.000615    34.8114    34.8178     6.1339    26.7584    26.7634    266.799  273.38579  273.50824          3  0.000e+00
      64281 292.613661  -45.21438  -51.15016     -0.101    1476.21     29.596     29.353    10.2723    10.2713    -0.0010    10.2689    10.2679    -0.0010   3.817595   3.818157   0.000562    34.8115    34.8182     6.1344    26.7584    26.7638    266.823  273.38477  273.50721          3  0.000e+00
      64282 292.613662  -45.21438  -51.15016     -0.096    1476.21     29.644     29.400    10.2725    10.2715    -0.0010    10.2690    10.2680    -0.0010   3.817602   3.818189   0.000588    34.8114    34.8183     6.1350    26.7583    26.7639    266.851  273.38409  273.50652          3  0.000e+00
      64283 292.613662  -45.21438  -51.15016     -0.088    1476.21     29.685     29.441    10.2722    10.2715    -0.0007    10.2687    10.2680    -0.0007   3.817629   3.818164   0.000535    34.8119    34.8180     6.1357    26.7588    26.7637    266.880  273.38476  273.50722          3  0.000e+00
      64284 292.613663  -45.21438  -51.15016     -0.082    1476.21     29.644     29.400    10.2727    10.2717    -0.0010    10.2692    10.2682    -0.0010   3.817608   3.818176   0.000568    34.8113    34.8180     6.1363    26.7582    26.7636    266.906  273.38318  273.50559          3  0.000e+00
      64285 292.613663  -45.21438  -51.15016     -0.076    1476.21     29.596     29.353    10.2725    10.2718    -0.0007    10.2691    10.2684    -0.0007   3.817602   3.818189   0.000588    34.8114    34.8180     6.1370    26.7583    26.7636    266.934  273.38385  273.50628          3  0.000e+00
      64286 292.613664  -45.21438  -51.15016     -0.070    1476.21     29.685     29.441    10.2730    10.2720    -0.0010    10.2695    10.2685    -0.0010   3.817608   3.818209   0.000600    34.8110    34.8180     6.1373    26.7579    26.7636    266.948  273.38205  273.50443          3  0.000e+00
      64287 292.613664  -45.21438  -51.15016     -0.063    1476.21     29.644     29.401    10.2727    10.2715    -0.0012    10.2692    10.2680    -0.0012   3.817629   3.818196   0.000567    34.8115    34.8184     6.1376    26.7584    26.7640    266.962  273.38278  273.50519          3  0.000e+00
      64288 292.613665  -45.21438  -51.15016     -0.059    1476.21     29.644     29.401    10.2725    10.2717    -0.0009    10.2691    10.2682    -0.0009   3.817615   3.818189   0.000574    34.8115    34.8182     6.1379    26.7584    26.7638    266.976  273.38363  273.50605          3  0.000e+00
      64289 292.613665  -45.21438  -51.15016     -0.052    1476.21     29.685     29.441    10.2727    10.2718    -0.0008    10.2692    10.2684    -0.0008   3.817629   3.818209   0.000580    34.8115    34.8182     6.1383    26.7584    26.7637    266.991  273.38281  273.50522          3  0.000e+00
      64290 292.613666  -45.21438  -51.15016     -0.044    1476.21     29.644     29.401    10.2727    10.2722    -0.0005    10.2692    10.2687    -0.0005   3.817608   3.818196   0.000587    34.8113    34.8177     6.1386    26.7582    26.7633    267.003  273.38318  273.50559          3  0.000e+00
      64291 292.613666  -45.21438  -51.15016     -0.039    1476.21     29.644     29.401    10.2728    10.2725    -0.0003    10.2694    10.2690    -0.0003   3.817602   3.818222   0.000620    34.8111    34.8177     6.1389    26.7580    26.7632    267.017  273.38273  273.50512          3  0.000e+00
      64292 292.613667  -45.21438  -51.15018     -0.029    1476.21     29.733     29.489    10.2728    10.2725    -0.0003    10.2693    10.2690    -0.0003   3.817629   3.818170   0.000541    34.8113    34.8171     6.1389    26.7582    26.7628    267.017  273.38227  273.50467          3  0.000e+00
      64293 292.613667  -45.21438  -51.15018     -0.024    1476.21     29.644     29.401    10.2732    10.2722    -0.0010    10.2697    10.2687    -0.0010   3.817683   3.818228   0.000546    34.8116    34.8181     6.1391    26.7583    26.7636    267.025  273.37975  273.50213          3  0.000e+00
      64294 292.613668  -45.21438  -51.15018     -0.016    1476.21     29.692     29.448    10.2733    10.2727    -0.0006    10.2698    10.2692    -0.0006   3.817656   3.818228   0.000573    34.8111    34.8176     6.1390    26.7580    26.7631    267.024  273.37975  273.50211          3  0.000e+00
      64295 292.613668  -45.21438  -51.15018     -0.005    1476.21     29.733     29.489    10.2732    10.2722    -0.0010    10.2697    10.2687    -0.0010   3.817663   3.818267   0.000605    34.8113    34.8184     6.1390    26.7582    26.7639    267.023  273.38024  273.50261          3  0.000e+00
      64296 292.613668  -45.21438  -51.15018      0.000    1476.21     29.692     29.448    10.2732    10.2722    -0.0010    10.2697    10.2687    -0.0010   3.817669   3.818261   0.000592    34.8114    34.8184     6.1392    26.7582    26.7638    267.033  273.38007  273.50244          3  0.000e+00
      64297 292.613669  -45.21438  -51.15018      0.009    1476.21     29.747     29.503    10.2730    10.2730    -0.0000    10.2695    10.2695    -0.0000   3.817649   3.818274   0.000625    34.8113    34.8177     6.1396    26.7582    26.7632    267.048  273.38110  273.50348          3  0.000e+00
      64298 292.613669  -45.21438  -51.15018      0.016    1476.21     29.733     29.489    10.2733    10.2730    -0.0003    10.2698    10.2695    -0.0003   3.817663   3.818287   0.000624    34.8112    34.8178     6.1394    26.7580    26.7633    267.042  273.37965  273.50201          3  0.000e+00
      64299 292.613670  -45.21438  -51.15018      0.027    1476.21     29.747     29.503    10.2732    10.2727    -0.0005    10.2697    10.2692    -0.0005   3.817676   3.818267   0.000591    34.8114    34.8179     6.1394    26.7583    26.7634    267.039  273.37998  273.50235          3  0.000e+00
      64300 292.613670  -45.21438  -51.15018      0.035    1476.21     29.747     29.503    10.2734    10.2730    -0.0004    10.2699    10.2695    -0.0004   3.817642   3.818306   0.000664    34.8109    34.8180     6.1392    26.7578    26.7634    267.033  273.37988  273.50222          3  0.000e+00
      64301 292.613671  -45.21438  -51.15018      0.040    1476.21     29.733     29.489    10.2733    10.2728    -0.0005    10.2698    10.2694    -0.0005   3.817636   3.818319   0.000684    34.8109    34.8183     6.1395    26.7578    26.7637    267.043  273.38019  273.50254          3  0.000e+00
      64302 292.613671  -45.21438  -51.15018      0.050    1476.21     29.795     29.550    10.2730    10.2732     0.0001    10.2695    10.2697     0.0001   3.817642   3.818319   0.000677    34.8112    34.8180     6.1394    26.7581    26.7633    267.041  273.38128  273.50366          3  0.000e+00
      64303 292.613672  -45.21438  -51.15018      0.054    1476.21     29.747     29.503    10.2728    10.2728     0.0000    10.2693    10.2694     0.0000   3.817636   3.818319   0.000684    34.8114    34.8183     6.1393    26.7582    26.7637    267.034  273.38215  273.50455          3  0.000e+00
      64304 292.613672  -45.21438  -51.15018      0.064    1476.21     29.788     29.543    10.2732    10.2733     0.0001    10.2697    10.2698     0.0001   3.817636   3.818397   0.000762    34.8110    34.8186     6.1391    26.7579    26.7638    267.027  273.38082  273.50319          3  0.000e+00
      64305 292.613673  -45.21438  -51.15018      0.074    1476.21     29.843     29.598    10.2730    10.2745     0.0015    10.2695    10.2710     0.0015   3.817642   3.818469   0.000826    34.8112    34.8182     6.1390    26.7581    26.7633    267.022  273.38132  273.50370          3  0.000e+00
      64306 292.613673  -45.21438  -51.15018      0.083    1476.21     29.795     29.550    10.2733    10.2736     0.0003    10.2698    10.2702     0.0003   3.817683   3.818384   0.000701    34.8114    34.8182     6.1387    26.7582    26.7634    267.010  273.37931  273.50166          3  0.000e+00
      64307 292.613674  -45.21438  -51.15018      0.089    1476.21     29.836     29.591    10.2735    10.2736     0.0001    10.2700    10.2702     0.0001   3.817730   3.818313   0.000583    34.8116    34.8174     6.1385    26.7583    26.7628    267.001  273.37762  273.49997          3  0.000e+00
      64308 292.613674  -45.21438  -51.15018      0.097    1476.21     29.795     29.550    10.2740    10.2732    -0.0008    10.2705    10.2697    -0.0008   3.817744   3.818313   0.000569    34.8113    34.8179     6.1386    26.7580    26.7633    267.003  273.37537  273.49767          3  0.000e+00
      64309 292.613675  -45.21438  -51.15018      0.105    1476.21     29.843     29.598    10.2740    10.2732    -0.0008    10.2705    10.2697    -0.0008   3.817764   3.818371   0.000607    34.8115    34.8185     6.1384    26.7582    26.7637    266.995  273.37501  273.49731          3  0.000e+00
      64310 292.613675  -45.21438  -51.15018      0.109    1476.21     29.836     29.591    10.2738    10.2738     0.0000    10.2703    10.2703     0.0000   3.817723   3.818410   0.000687    34.8113    34.8182     6.1382    26.7580    26.7635    266.986  273.37659  273.49891          3  0.000e+00
      64311 292.613676  -45.21438  -51.15018      0.119    1476.21     29.898     29.652    10.2735    10.2741     0.0006    10.2700    10.2707     0.0006   3.817683   3.818423   0.000740    34.8111    34.8180     6.1380    26.7579    26.7632    266.980  273.37862  273.50096          3  0.000e+00
      64312 292.613676  -45.21438  -51.15018      0.126    1476.21     29.843     29.598    10.2734    10.2741     0.0008    10.2699    10.2707     0.0008   3.817642   3.818423   0.000781    34.8109    34.8181     6.1381    26.7578    26.7632    266.984  273.37996  273.50231          3  0.000e+00
      64313 292.613677  -45.21438  -51.15018      0.135    1476.21     29.891     29.645    10.2728    10.2748     0.0020    10.2693    10.2713     0.0020   3.817663   3.818469   0.000806    34.8116    34.8179     6.1379    26.7584    26.7630    266.976  273.38174  273.50414          3  0.000e+00
      64314 292.613677  -45.21438  -51.15018      0.143    1476.21     29.898     29.652    10.2730    10.2756     0.0026    10.2695    10.2722     0.0026   3.817649   3.818508   0.000859    34.8112    34.8174     6.1376    26.7581    26.7625    266.964  273.38124  273.50362          3  0.000e+00
      64315 292.613678  -45.21438  -51.15018      0.148    1476.21     29.898     29.652    10.2728    10.2760     0.0031    10.2693    10.2725     0.0031   3.817636   3.818579   0.000944    34.8113    34.8179     6.1410    26.7582    26.7628    267.110  273.38228  273.50468          3  0.000e+00
      64316 292.613678  -45.21438  -51.15018      0.157    1476.21     29.939     29.693    10.2728    10.2769     0.0041    10.2693    10.2734     0.0041   3.817663   3.818644   0.000982    34.8115    34.8176     6.1374    26.7584    26.7624    266.954  273.38178  273.50418          3  0.000e+00
      64317 292.613679  -45.21438  -51.15018      0.166    1476.21     29.946     29.700    10.2728    10.2766     0.0038    10.2693    10.2731     0.0038   3.817595   3.818631   0.001036    34.8109    34.8177     6.1375    26.7579    26.7626    266.957  273.38313  273.50552          3  0.000e+00
      64318 292.613679  -45.21438  -51.15018      0.166    1476.21     29.898     29.652    10.2727    10.2761     0.0035    10.2692    10.2726     0.0035   3.817595   3.818495   0.000900    34.8110    34.8168     6.1411    26.7580    26.7620    267.115  273.38367  273.50608          3  0.000e+00
      64319 292.613680  -45.21438  -51.15018      0.179    1476.21     29.987     29.741    10.2725    10.2743     0.0018    10.2690    10.2708     0.0018   3.817629   3.818378   0.000749    34.8115    34.8174     6.1416    26.7584    26.7627    267.134  273.38366  273.50609          3  0.000e+00
      64320 292.613680  -45.21438  -51.15018      0.185    1476.21     30.000     29.754    10.2727    10.2732     0.0005    10.2692    10.2697     0.0005   3.817636   3.818274   0.000638    34.8114    34.8174     6.1379    26.7583    26.7629    266.975  273.38296  273.50537          3  0.000e+00
      64321 292.613681  -45.21438  -51.15018      0.188    1476.21     29.946     29.700    10.2727    10.2730     0.0003    10.2692    10.2695     0.0003   3.817615   3.818255   0.000639    34.8112    34.8174     6.1375    26.7582    26.7629    266.957  273.38331  273.50572          3  0.000e+00
      64322 292.613681  -45.21438  -51.15018      0.196    1476.21     29.987     29.741    10.2725    10.2727     0.0002    10.2690    10.2692     0.0002   3.817629   3.818229   0.000600    34.8115    34.8174     6.1408    26.7584    26.7630    267.100  273.38386  273.50629          3  0.000e+00
      64323 292.613682  -45.21438  -51.15018      0.203    1476.21     30.001     29.754    10.2727    10.2725    -0.0002    10.2692    10.2690    -0.0002   3.817636   3.818242   0.000606    34.8114    34.8177     6.1411    26.7583    26.7633    267.112  273.38296  273.50537          3  0.000e+00
      64324 292.613682  -45.21438  -51.15018      0.203    1476.21     30.001     29.754    10.2730    10.2723    -0.0007    10.2695    10.2688    -0.0007   3.817663   3.818261   0.000598    34.8113    34.8181     6.1377    26.7582    26.7636    266.964  273.38106  273.50344          3  0.000e+00
      64325 292.613682  -45.21438  -51.15018      0.211    1476.21     30.049     29.802    10.2727    10.2725    -0.0002    10.2692    10.2690    -0.0002   3.817669   3.818281   0.000611    34.8117    34.8181     6.1377    26.7586    26.7636    266.964  273.38233  273.50474          3  0.000e+00
      64326 292.613683  -45.21438  -51.15018      0.215    1476.21     29.987     29.741    10.2727    10.2728     0.0002    10.2692    10.2693     0.0002   3.817622   3.818261   0.000639    34.8113    34.8176     6.1412    26.7582    26.7631    267.117  273.38321  273.50562          3  0.000e+00
      64327 292.613683  -45.21438  -51.15018      0.218    1476.21     30.049     29.802    10.2727    10.2728     0.0002    10.2692    10.2693     0.0002   3.817609   3.818274   0.000665    34.8111    34.8177     6.1415    26.7581    26.7632    267.131  273.38354  273.50594          3  0.000e+00
