Pos-Processados/process_op38/operantar38_012.cnv
* Sea-Bird SBE 9 Data File:
* FileName = D:\OPERANTAR_XXXVIII\DADOS\OP38_012.hdr
* Software Version Seasave V 7.18c
* Temperature SN = 4808
* Conductivity SN = 3380
* Number of Bytes Per Scan = 31
* Number of Voltage Words = 2
* Number of Scans Averaged by the Deck Unit = 1
* NMEA Latitude = 43 26.50 S
* NMEA Longitude = 053 36.73 W
* NMEA UTC (Time) = Oct 20 2019 19:38:05
** H41
** NAVIO POLAR ALMIRANTE MAXIMIANO
** CRUZEIRO:
** OPERANTAR XXXVIII
** ESTAÇÃO: OP38_012
** LAT 43 26,49' S
** LONG 053 36,73'  W
** 09P73767-1155
** PROFUNDIDADE: 5647
** DATA/HORA: 201939Z/OUT/2019
** OPERADOR: SO-HN CHAVES
# nquan = 30
# nvalues = 2114                        
# units = specified
# name 0 = scan: Scan Count
# name 1 = timeJ: Julian Days
# name 2 = latitude: Latitude [deg]
# name 3 = longitude: Longitude [deg]
# name 4 = dz/dtM: Descent Rate [m/s]
# name 5 = avgsvCM: Average Sound Velocity [Chen-Millero, m/s]
# name 6 = prDM: Pressure, Digiquartz [db]
# name 7 = depSM: Depth [salt water, m]
# name 8 = t090C: Temperature [ITS-90, deg C]
# name 9 = t190C: Temperature, 2 [ITS-90, deg C]
# name 10 = T2-T190C: Temperature Difference, 2 - 1 [ITS-90, deg C]
# name 11 = potemp090C: Potential Temperature [ITS-90, deg C]
# name 12 = potemp190C: Potential Temperature, 2 [ITS-90, deg C]
# name 13 = potemp90Cdiff: Potential Temperature, Diff, 2 - 1 [ITS-90, deg C]
# name 14 = c0S/m: Conductivity [S/m]
# name 15 = c1S/m: Conductivity, 2 [S/m]
# name 16 = C2-C1S/m: Conductivity Difference, 2 - 1 [S/m]
# name 17 = sal00: Salinity, Practical [PSU]
# name 18 = sal11: Salinity, Practical, 2 [PSU]
# name 19 = sbeox0ML/L: Oxygen, SBE 43 [ml/l]
# name 20 = sigma-é00: Density [sigma-theta, kg/m^3]
# name 21 = sigma-é11: Density, 2 [sigma-theta, kg/m^3]
# name 22 = sal00: Salinity, Practical [PSU]
# name 23 = sigma-é00: Density [sigma-theta, kg/m^3]
# name 24 = svCM: Sound Velocity [Chen-Millero, m/s]
# name 25 = svCM1: Sound Velocity, 2 [Chen-Millero, m/s]
# name 26 = gsw_ptA0: potential temperature [ITS-90, deg C]
# name 27 = gsw_densityA0: density, TEOS-10 [density, kg/m^3]
# name 28 = gsw_saA0: Absolute Salinity [g/kg]
# name 29 = flag:
# span 0 =       2542,      65058       
# span 1 = 293.819339, 293.849488       
# span 2 =  -43.44176,  -43.44172       
# span 3 =  -53.61234,  -53.61224       
# span 4 =     -1.559,      1.433       
# span 5 =      -0.01,    1514.00       
# span 6 =      2.000,   1059.000       
# span 7 =      1.980,   1047.883       
# span 8 =     3.0215,     9.7607       
# span 9 =     3.0207,     9.7621       
# span 10 =    -0.0496,     0.0372      
# span 11 =     2.9493,     9.7603      
# span 12 =     2.9485,     9.7617      
# span 13 =    -0.0494,     0.0371      
# span 14 =   3.154139,   3.701112      
# span 15 =   3.154627,   3.701819      
# span 16 =  -0.003910,   0.003867      
# span 17 =    34.0765,    34.3161      
# span 18 =    34.0825,    34.3215      
# span 19 =     4.6253,     6.7672      
# span 20 =    26.3063,    27.3310      
# span 21 =    26.3105,    27.3352      
# span 22 =    34.0554,    34.3172      
# span 23 =    26.3063,    27.3328      
# span 24 =    1472.74,    1487.97      
# span 25 =    1472.75,    1487.98      
# span 26 =     2.9492,     9.7603      
# span 27 =  1026.3227,  1032.2356      
# span 28 =    34.2164,    34.4829      
# span 29 = 0.0000e+00, 0.0000e+00      
# interval = decibars: 1                
# start_time = Oct 20 2019 19:38:05 [NMEA time, header]
# bad_flag = -9.990e-29
*END*
[from data line 1257]
      36625 293.835776  -43.44174 -9.990e-29     -0.991    1476.15    858.000    849.405     3.2377     3.2367    -0.0010     3.1792     3.1783    -0.0010   3.160076   3.160472   0.000405    34.2076    34.2135     5.3239    27.2361    27.2408    34.2079    27.2363    1476.48    1476.48     3.1791  1031.2141    34.3721 0.0000e+00
      36662 293.835793  -43.44174 -9.990e-29     -0.605    1476.15    857.000    848.406     3.2452     3.2443    -0.0009     3.1868     3.1859    -0.0009   3.160577   3.160989   0.000408    34.2063    34.2121     5.3450    27.2343    27.2391    34.2066    27.2346    1476.50    1476.50     3.1866  1031.2076    34.3708 0.0000e+00
      36687 293.835805  -43.44174 -9.990e-29     -0.831    1476.15    856.000    847.425     3.2459     3.2451    -0.0008     3.1875     3.1867    -0.0008   3.160576   3.161006   0.000425    34.2062    34.2122     5.3543    27.2342    27.2390    34.2063    27.2343    1476.48    1476.48     3.1874  1031.2027    34.3705 0.0000e+00
      36707 293.835815  -43.44174  -53.61226     -1.065    1476.15    855.000    846.437     3.2462     3.2463     0.0001     3.1879     3.1880     0.0001   3.160556   3.161035   0.000479    34.2061    34.2117     5.3539    27.2341    27.2385    34.2063    27.2343    1476.47    1476.47     3.1878  1031.1982    34.3706 0.0000e+00
      36727 293.835825  -43.44174  -53.61226     -1.181    1476.15    854.000    845.449     3.2480     3.2477    -0.0003     3.1897     3.1895    -0.0003   3.160682   3.161128   0.000451    34.2061    34.2118     5.3475    27.2339    27.2385    34.2065    27.2342    1476.46    1476.46     3.1896  1031.1935    34.3708 0.0000e+00
      36749 293.835835  -43.44174  -53.61228     -1.156    1476.15    853.000    844.461     3.2488     3.2487    -0.0001     3.1907     3.1906    -0.0001   3.160667   3.161137   0.000466    34.2058    34.2115     5.3482    27.2336    27.2381    34.2059    27.2337    1476.44    1476.45     3.1905  1031.1884    34.3703 0.0000e+00
      36772 293.835847  -43.44174  -53.61228     -1.055    1476.15    852.000    843.473     3.2479     3.2481     0.0002     3.1898     3.1900     0.0002   3.160495   3.160996   0.000501    34.2053    34.2111     5.3510    27.2333    27.2379    34.2053    27.2333    1476.42    1476.43     3.1897  1031.1834    34.3697 0.0000e+00
      36795 293.835858  -43.44174  -53.61228     -1.025    1476.15    851.000    842.485     3.2475     3.2476     0.0000     3.1896     3.1896     0.0000   3.160399   3.160877   0.000480    34.2049    34.2107     5.3556    27.2330    27.2376    34.2051    27.2331    1476.40    1476.41     3.1894  1031.1786    34.3694 0.0000e+00
      36816 293.835868  -43.44174  -53.61228     -1.091    1476.15    850.000    841.497     3.2487     3.2484    -0.0003     3.1908     3.1904    -0.0003   3.160423   3.160890   0.000463    34.2045    34.2104     5.3557    27.2325    27.2373    34.2046    27.2326    1476.39    1476.40     3.1907  1031.1736    34.3690 0.0000e+00
      36837 293.835878  -43.44174  -53.61228     -1.151    1476.15    849.000    840.509     3.2482     3.2482     0.0001     3.1903     3.1904     0.0001   3.160205   3.160723   0.000505    34.2034    34.2094     5.3606    27.2317    27.2365    34.2031    27.2315    1476.37    1476.38     3.1902  1031.1678    34.3674 0.0000e+00
      36858 293.835888  -43.44174  -53.61228     -1.147    1476.15    848.000    839.521     3.2453     3.2466     0.0013     3.1875     3.1889     0.0013   3.159808   3.160452   0.000636    34.2023    34.2085     5.3625    27.2311    27.2359    34.2019    27.2308    1476.34    1476.36     3.1874  1031.1626    34.3662 0.0000e+00
      36881 293.835899  -43.44174  -53.61228     -1.089    1476.15    847.000    838.533     3.2399     3.2425     0.0025     3.1823     3.1848     0.0025   3.159138   3.159897   0.000757    34.2006    34.2071     5.3618    27.2302    27.2351    34.2000    27.2297    1476.30    1476.32     3.1822  1031.1571    34.3643 0.0000e+00
      36904 293.835910  -43.44174  -53.61228     -1.046    1476.15    846.000    837.545     3.2378     3.2386     0.0009     3.1802     3.1811     0.0009   3.158875   3.159464   0.000589    34.2000    34.2062     5.3676    27.2300    27.2348    34.1996    27.2296    1476.27    1476.28     3.1801  1031.1524    34.3638 0.0000e+00
      36927 293.835921  -43.44174 -9.990e-29     -1.049    1476.15    845.000    836.557     3.2359     3.2368     0.0009     3.1784     3.1793     0.0009   3.158602   3.159199   0.000597    34.1992    34.2055     5.3721    27.2295    27.2344    34.1988    27.2291    1476.25    1476.26     3.1783  1031.1473    34.3629 0.0000e+00
      36950 293.835932  -43.44174 -9.990e-29     -1.056    1476.15    844.000    835.569     3.2349     3.2355     0.0006     3.1775     3.1781     0.0006   3.158433   3.158977   0.000546    34.1987    34.2047     5.3856    27.2292    27.2339    34.1983    27.2289    1476.23    1476.24     3.1774  1031.1425    34.3625 0.0000e+00
      36977 293.835945  -43.44174 -9.990e-29     -0.942    1476.15    843.000    834.581     3.2329     3.2335     0.0005     3.1757     3.1762     0.0005   3.158147   3.158706   0.000559    34.1979    34.2040     5.3924    27.2287    27.2335    34.1974    27.2283    1476.20    1476.21     3.1755  1031.1374    34.3616 0.0000e+00
      37008 293.835960  -43.44174  -53.61226     -0.791    1476.15    842.000    833.594     3.2316     3.2316     0.0000     3.1744     3.1744     0.0000   3.157942   3.158433   0.000498    34.1972    34.2031     5.4010    27.2282    27.2330    34.1969    27.2280    1476.18    1476.19     3.1743  1031.1325    34.3611 0.0000e+00
      37031 293.835971  -43.44174  -53.61226     -0.887    1476.15    841.000    832.605     3.2316     3.2315    -0.0001     3.1745     3.1743    -0.0001   3.157892   3.158362   0.000470    34.1971    34.2029     5.4043    27.2282    27.2328    34.1968    27.2279    1476.16    1476.17     3.1744  1031.1279    34.3611 0.0000e+00
      37050 293.835980  -43.44174  -53.61226     -1.104    1476.15    840.000    831.617     3.2312     3.2314     0.0001     3.1742     3.1743     0.0001   3.157781   3.158294   0.000516    34.1968    34.2029     5.4069    27.2280    27.2328    34.1964    27.2276    1476.14    1476.15     3.1740  1031.1230    34.3606 0.0000e+00
      37067 293.835989  -43.44174  -53.61226     -1.302    1476.15    839.000    830.629     3.2262     3.2280     0.0017     3.1693     3.1710     0.0017   3.157113   3.157779   0.000652    34.1955    34.2015     5.4136    27.2274    27.2321    34.1941    27.2263    1476.10    1476.12     3.1692  1031.1172    34.3583 0.0000e+00
      37083 293.835996  -43.44174  -53.61226     -1.417    1476.15    838.000    829.641     3.2179     3.2195     0.0016     3.1611     3.1627     0.0016   3.156166   3.156824   0.000633    34.1938    34.1997     5.4150    27.2267    27.2313    34.1919    27.2253    1476.05    1476.06     3.1610  1031.1118    34.3562 0.0000e+00
      37102 293.836006  -43.44174  -53.61226     -1.384    1476.15    837.000    828.653     3.2122     3.2142     0.0020     3.1555     3.1575     0.0020   3.155440   3.156198   0.000763    34.1910    34.1981     5.4191    27.2250    27.2305    34.1897    27.2240    1476.00    1476.02     3.1554  1031.1061    34.3539 0.0000e+00
      37125 293.836017  -43.44174  -53.61226     -1.187    1476.15    836.000    827.665     3.2111     3.2112     0.0002     3.1544     3.1546     0.0002   3.155187   3.155723   0.000552    34.1891    34.1956     5.4234    27.2236    27.2288    34.1884    27.2231    1475.98    1475.99     3.1543  1031.1006    34.3526 0.0000e+00
      37149 293.836028  -43.44174  -53.61227     -1.027    1476.15    835.000    826.676     3.2123     3.2115    -0.0008     3.1558     3.1549    -0.0008   3.155111   3.155581   0.000476    34.1873    34.1939     5.4367    27.2220    27.2273    34.1867    27.2216    1475.96    1475.97     3.1556  1031.0945    34.3509 0.0000e+00
      37171 293.836039  -43.44174  -53.61228     -1.045    1476.15    834.000    825.689     3.2131     3.2125    -0.0006     3.1566     3.1560    -0.0006   3.155063   3.155530   0.000467    34.1864    34.1926     5.4620    27.2213    27.2263    34.1859    27.2208    1475.95    1475.96     3.1565  1031.0892    34.3500 0.0000e+00
      37192 293.836049  -43.44174  -53.61227     -1.102    1476.15    833.000    824.701     3.2132     3.2127    -0.0005     3.1568     3.1563    -0.0005   3.155026   3.155475   0.000453    34.1862    34.1922     5.4854    27.2211    27.2259    34.1858    27.2208    1475.94    1475.94     3.1567  1031.0842    34.3495 0.0000e+00
      37219 293.836062 -9.990e-29  -53.61226     -0.998    1476.15    832.000    823.712     3.2125     3.2128     0.0003     3.1562     3.1564     0.0003   3.154910   3.155408   0.000498    34.1861    34.1918     5.4985    27.2210    27.2256    34.1856    27.2207    1475.92    1475.92     3.1561  1031.0778    34.3473 0.0000e+00
      37251 293.836077 -9.990e-29  -53.61226     -0.764    1476.15    831.000    822.725     3.2121     3.2121     0.0000     3.1559     3.1559     0.0000   3.154835   3.155315   0.000480    34.1860    34.1917     5.5072    27.2210    27.2256    34.1857    27.2208    1475.90    1475.91     3.1557  1031.0733    34.3472 0.0000e+00
      37277 293.836090 -9.990e-29  -53.61226     -0.821    1476.15    830.000    821.736     3.2123     3.2123    -0.0000     3.1562     3.1562    -0.0000   3.154809   3.155295   0.000485    34.1859    34.1918     5.5013    27.2210    27.2256    34.1856    27.2207    1475.88    1475.89     3.1560  1031.0686    34.3472 0.0000e+00
      37295 293.836099 -9.990e-29  -53.61226     -1.056    1476.15    829.000    820.748     3.2124     3.2123    -0.0001     3.1563     3.1562    -0.0001   3.154769   3.155237   0.000474    34.1857    34.1916     5.4986    27.2208    27.2254    34.1856    27.2206    1475.86    1475.87     3.1562  1031.0639    34.3471 0.0000e+00
      37311 293.836106 -9.990e-29  -53.61226     -1.298    1476.15    828.000    819.760     3.2133     3.2128    -0.0005     3.1573     3.1568    -0.0005   3.154790   3.155238   0.000452    34.1856    34.1915     5.5037    27.2205    27.2253    34.1854    27.2204    1475.85    1475.86     3.1572  1031.0591    34.3469 0.0000e+00
      37326 293.836114 -9.990e-29  -53.61226     -1.476    1476.15    827.000    818.773     3.2143     3.2138    -0.0005     3.1583     3.1578    -0.0005   3.154838   3.155278   0.000441    34.1856    34.1914     5.5093    27.2205    27.2252    34.1855    27.2204    1475.84    1475.85     3.1582  1031.0545    34.3470 0.0000e+00
      37342 293.836121 -9.990e-29  -53.61226     -1.559    1476.15    826.000    817.784     3.2157     3.2149    -0.0008     3.1597     3.1590    -0.0008   3.154911   3.155330   0.000427    34.1853    34.1913     5.5092    27.2201    27.2249    34.1855    27.2202    1475.83    1475.83     3.1597  1031.0497    34.3470 0.0000e+00
      37363 293.836131 -9.990e-29  -53.61226     -1.415    1476.15    825.000    816.796     3.2181     3.2176    -0.0005     3.1623     3.1618    -0.0005   3.155051   3.155487   0.000433    34.1850    34.1908     5.5081    27.2196    27.2243    34.1851    27.2197    1475.82    1475.83     3.1622  1031.0445    34.3466 0.0000e+00
      37397 293.836148  -43.44174  -53.61226     -0.808    1476.15    824.000    815.808     3.2189     3.2189    -0.0000     3.1631     3.1631    -0.0001   3.155075   3.155542   0.000467    34.1850    34.1907     5.5077    27.2196    27.2241    34.1850    27.2196    1475.81    1475.82     3.1630  1031.0406    34.3476 0.0000e+00
      37427 293.836162  -43.44174  -53.61226     -0.692    1476.15    823.000    814.820     3.2190     3.2188    -0.0001     3.1633     3.1631    -0.0001   3.155029   3.155504   0.000480    34.1850    34.1909     5.5087    27.2195    27.2242    34.1850    27.2195    1475.79    1475.80     3.1632  1031.0372    34.3491 0.0000e+00
      37447 293.836172  -43.44174  -53.61226     -0.991    1476.15    822.000    813.832     3.2194     3.2195     0.0001     3.1637     3.1638     0.0001   3.155045   3.155537   0.000496    34.1851    34.1909     5.5118    27.2196    27.2242    34.1853    27.2197    1475.78    1475.79     3.1636  1031.0327    34.3494 0.0000e+00
      37464 293.836180  -43.44174  -53.61226     -1.239    1476.15    821.000    812.844     3.2255     3.2236    -0.0019     3.1699     3.1680    -0.0019   3.155643   3.155950   0.000331    34.1853    34.1912     5.5092    27.2192    27.2241    34.1865    27.2201    1475.79    1475.79     3.1698  1031.0284    34.3506 0.0000e+00
      37483 293.836189  -43.44174  -53.61226     -1.338    1476.15    820.000    811.855     3.2333     3.2305    -0.0028     3.1777     3.1749    -0.0028   3.156186   3.156435   0.000249    34.1846    34.1905     5.5044    27.2179    27.2229    34.1854    27.2185    1475.81    1475.80     3.1776  1031.0221    34.3495 0.0000e+00
      37507 293.836201  -43.44174  -53.61226     -1.165    1476.15    819.000    810.867     3.2375     3.2364    -0.0011     3.1820     3.1808    -0.0011   3.156491   3.156884   0.000390    34.1845    34.1904     5.5080    27.2174    27.2222    34.1852    27.2180    1475.81    1475.81     3.1819  1031.0168    34.3493 0.0000e+00
      37535 293.836214  -43.44174  -53.61226     -0.877    1476.15    818.000    809.880     3.2414     3.2397    -0.0017     3.1859     3.1842    -0.0017   3.156799   3.157140   0.000345    34.1845    34.1904     5.5092    27.2171    27.2219    34.1854    27.2177    1475.81    1475.81     3.1858  1031.0119    34.3495 0.0000e+00
      37557 293.836225  -43.44174  -53.61226     -0.940    1476.15    817.000    808.891     3.2460     3.2430    -0.0030     3.1905     3.1875    -0.0030   3.157189   3.157392   0.000209    34.1848    34.1904     5.5106    27.2168    27.2216    34.1858    27.2176    1475.81    1475.80     3.1904  1031.0071    34.3499 0.0000e+00
      37575 293.836234  -43.44174  -53.61226     -1.141    1476.15    816.000    807.903     3.2499     3.2487    -0.0013     3.1946     3.1933    -0.0013   3.157504   3.157873   0.000376    34.1848    34.1907     5.5176    27.2165    27.2213    34.1859    27.2174    1475.81    1475.81     3.1944  1031.0021    34.3500 0.0000e+00
      37593 293.836242  -43.44174  -53.61226     -1.291    1476.15    815.000    806.915     3.2534     3.2523    -0.0011     3.1981     3.1970    -0.0011   3.157708   3.158130   0.000408    34.1845    34.1905     5.5225    27.2159    27.2208    34.1853    27.2165    1475.81    1475.81     3.1979  1030.9966    34.3494 0.0000e+00
      37613 293.836252  -43.44174  -53.61226     -1.314    1476.15    814.000    805.927     3.2564     3.2552    -0.0012     3.2011     3.1999    -0.0012   3.157938   3.158321   0.000391    34.1843    34.1902     5.5209    27.2155    27.2203    34.1854    27.2163    1475.80    1475.81     3.2010  1030.9918    34.3495 0.0000e+00
      37635 293.836263  -43.44174  -53.61226     -1.179    1476.15    813.000    804.939     3.2600     3.2594    -0.0006     3.2048     3.2041    -0.0006   3.158139   3.158569   0.000425    34.1837    34.1895     5.5191    27.2147    27.2193    34.1846    27.2153    1475.80    1475.81     3.2047  1030.9861    34.3486 0.0000e+00
      37659 293.836274  -43.44174  -53.61226     -1.026    1476.15    812.000    803.950     3.2655     3.2630    -0.0025     3.2103     3.2078    -0.0025   3.158600   3.158846   0.000262    34.1836    34.1893     5.5183    27.2140    27.2188    34.1849    27.2151    1475.81    1475.81     3.2102  1030.9811    34.3489 0.0000e+00
      37682 293.836285  -43.44174  -53.61226     -1.006    1476.15    811.000    802.962     3.2689     3.2672    -0.0017     3.2138     3.2121    -0.0017   3.158747   3.159112   0.000352    34.1828    34.1888     5.5220    27.2131    27.2180    34.1836    27.2137    1475.81    1475.81     3.2137  1030.9751    34.3476 0.0000e+00
