Pos-Processados/process_op38/operantar38_009.cnv
* Sea-Bird SBE 9 Data File:
* FileName = D:\OPERANTAR_XXXVIII\DADOS\OP38_009.hdr
* Software Version Seasave V 7.18c
* Temperature SN = 4808
* Conductivity SN = 3380
* Number of Bytes Per Scan = 31
* Number of Voltage Words = 2
* Number of Scans Averaged by the Deck Unit = 1
* NMEA Latitude = 44 15.92 S
* NMEA Longitude = 052 42.25 W
* NMEA UTC (Time) = Oct 20 2019 07:17:42
** H41
** NAVIO POLAR ALMIRANTE MAXIMIANO
** CRUZEIRO:
** OPERANTAR XXXVIII
** ESTAวรO: OP38_009
** LAT 44บ 15,92'S
** LONG 052บ 42,27'W
** 09P73767-1155
** PROFUNDIDADE: 5806
** DATA/HORA: 200718Z/OUT/19
** OPERADOR: CTTECCHIO
# nquan = 30
# nvalues = 2036                        
# units = specified
# name 0 = scan: Scan Count
# name 1 = timeJ: Julian Days
# name 2 = latitude: Latitude [deg]
# name 3 = longitude: Longitude [deg]
# name 4 = dz/dtM: Descent Rate [m/s]
# name 5 = avgsvCM: Average Sound Velocity [Chen-Millero, m/s]
# name 6 = prDM: Pressure, Digiquartz [db]
# name 7 = depSM: Depth [salt water, m]
# name 8 = t090C: Temperature [ITS-90, deg C]
# name 9 = t190C: Temperature, 2 [ITS-90, deg C]
# name 10 = T2-T190C: Temperature Difference, 2 - 1 [ITS-90, deg C]
# name 11 = potemp090C: Potential Temperature [ITS-90, deg C]
# name 12 = potemp190C: Potential Temperature, 2 [ITS-90, deg C]
# name 13 = potemp90Cdiff: Potential Temperature, Diff, 2 - 1 [ITS-90, deg C]
# name 14 = c0S/m: Conductivity [S/m]
# name 15 = c1S/m: Conductivity, 2 [S/m]
# name 16 = C2-C1S/m: Conductivity Difference, 2 - 1 [S/m]
# name 17 = sal00: Salinity, Practical [PSU]
# name 18 = sal11: Salinity, Practical, 2 [PSU]
# name 19 = sbeox0ML/L: Oxygen, SBE 43 [ml/l]
# name 20 = sigma-้00: Density [sigma-theta, kg/m^3]
# name 21 = sigma-้11: Density, 2 [sigma-theta, kg/m^3]
# name 22 = sal00: Salinity, Practical [PSU]
# name 23 = sigma-้00: Density [sigma-theta, kg/m^3]
# name 24 = svCM: Sound Velocity [Chen-Millero, m/s]
# name 25 = svCM1: Sound Velocity, 2 [Chen-Millero, m/s]
# name 26 = gsw_ptA0: potential temperature [ITS-90, deg C]
# name 27 = gsw_densityA0: density, TEOS-10 [density, kg/m^3]
# name 28 = gsw_saA0: Absolute Salinity [g/kg]
# name 29 = flag:
# span 0 =       2363,      64185       
# span 1 = 293.305097, 293.334912       
# span 2 =  -44.26542,  -44.26538       
# span 3 =  -52.70420,  -52.70418       
# span 4 =     -1.402,      1.247       
# span 5 =       0.00,    1510.06       
# span 6 =      3.000,   1021.000       
# span 7 =      3.001,   1010.277       
# span 8 =     3.8292,    14.2233       
# span 9 =     3.8297,    14.2240       
# span 10 =    -0.0385,     0.0129      
# span 11 =     3.7536,    14.1773      
# span 12 =     3.7542,    14.1774      
# span 13 =    -0.0383,     0.0128      
# span 14 =   3.218253,   4.303318      
# span 15 =   3.218669,   4.303994      
# span 16 =  -0.003475,   0.002118      
# span 17 =    34.1839,    35.6682      
# span 18 =    34.1890,    35.6741      
# span 19 =     4.3000,     5.9736      
# span 20 =    26.6622,    27.1753      
# span 21 =    26.6672,    27.1787      
# span 22 =    34.1835,    35.6684      
# span 23 =    26.6613,    27.1760      
# span 24 =    1481.68,    1511.22      
# span 25 =    1481.68,    1511.22      
# span 26 =     3.7534,    14.1773      
# span 27 =  1026.6824,  1031.8854      
# span 28 =    34.3454,    35.8376      
# span 29 = 0.0000e+00, 0.0000e+00      
# interval = decibars: 1                
# start_time = Oct 20 2019 07:17:42 [NMEA time, header]
# bad_flag = -9.990e-29
*END*
[from data line 774]
      24094 293.315577  -44.26540  -52.70420      0.877    1503.00    778.000    770.292     5.0373     5.0387     0.0014     4.9739     4.9753     0.0014   3.313399   3.313924   0.000527    34.1895    34.1941     5.9584    27.0356    27.0391    34.1897    27.0358    1482.64    1482.65     4.9738  1030.6096    34.3535 0.0000e+00
      24120 293.315590  -44.26540  -52.70420      0.913    1503.00    779.000    771.280     5.0454     5.0470     0.0016     4.9818     4.9834     0.0016   3.314307   3.314849   0.000536    34.1912    34.1957     5.9537    27.0361    27.0395    34.1915    27.0363    1482.69    1482.70     4.9817  1030.6145    34.3553 0.0000e+00
      24147 293.315603  -44.26540  -52.70420      0.907    1503.00    780.000    772.268     5.0518     5.0531     0.0013     4.9882     4.9895     0.0013   3.315039   3.315544   0.000504    34.1925    34.1969     5.9453    27.0364    27.0398    34.1928    27.0367    1482.73    1482.75     4.9880  1030.6193    34.3567 0.0000e+00
      24176 293.315617  -44.26540  -52.70420      0.843    1503.00    781.000    773.256     5.0662     5.0678     0.0015     5.0024     5.0039     0.0015   3.316972   3.317490   0.000523    34.1977    34.2022     5.9222    27.0389    27.0422    34.1998    27.0406    1482.82    1482.83     5.0022  1030.6274    34.3637 0.0000e+00
      24207 293.315632  -44.26540  -52.70420      0.773    1503.00    782.000    774.245     5.0706     5.0717     0.0011     5.0067     5.0077     0.0011   3.317451   3.317939   0.000487    34.2005    34.2049     5.9060    27.0406    27.0440    34.2004    27.0405    1482.85    1482.86     5.0065  1030.6318    34.3642 0.0000e+00
      24238 293.315646  -44.26540  -52.70420      0.778    1503.00    783.000    775.233     5.0710     5.0721     0.0011     5.0070     5.0080     0.0011   3.317755   3.318250   0.000496    34.2020    34.2066     5.8828    27.0418    27.0453    34.2029    27.0425    1482.88    1482.89     5.0068  1030.6384    34.3668 0.0000e+00
      24264 293.315659  -44.26540  -52.70420      0.861    1503.00    784.000    776.221     5.0742     5.0753     0.0012     5.0100     5.0112     0.0012   3.318153   3.318648   0.000493    34.2036    34.2080     5.8492    27.0427    27.0461    34.2038    27.0429    1482.91    1482.92     5.0098  1030.6432    34.3677 0.0000e+00
      24289 293.315671  -44.26540  -52.70420      0.939    1503.00    785.000    777.209     5.0717     5.0729     0.0012     5.0075     5.0087     0.0012   3.318076   3.318569   0.000495    34.2044    34.2088     5.8378    27.0437    27.0470    34.2050    27.0441    1482.91    1482.92     5.0073  1030.6490    34.3689 0.0000e+00
      24314 293.315683  -44.26540  -52.70420      0.970    1503.00    786.000    778.197     5.0749     5.0761     0.0011     5.0106     5.0117     0.0011   3.318503   3.318994   0.000488    34.2054    34.2099     5.8231    27.0441    27.0475    34.2060    27.0445    1482.94    1482.95     5.0104  1030.6540    34.3700 0.0000e+00
      24339 293.315696  -44.26540  -52.70420      0.953    1503.00    787.000    779.185     5.0765     5.0777     0.0012     5.0121     5.0133     0.0012   3.318685   3.319196   0.000511    34.2057    34.2103     5.8111    27.0441    27.0476    34.2060    27.0444    1482.97    1482.98     5.0119  1030.6583    34.3700 0.0000e+00
      24365 293.315708  -44.26540  -52.70420      0.937    1503.00    788.000    780.174     5.0767     5.0777     0.0011     5.0121     5.0132     0.0011   3.318823   3.319309   0.000487    34.2065    34.2110     5.8038    27.0448    27.0482    34.2070    27.0451    1482.99    1483.00     5.0120  1030.6636    34.3709 0.0000e+00
      24391 293.315720  -44.26540  -52.70420      0.938    1503.00    789.000    781.162     5.0793     5.0801     0.0009     5.0146     5.0155     0.0009   3.319211   3.319675   0.000465    34.2076    34.2121     5.8046    27.0454    27.0488    34.2083    27.0459    1483.02    1483.02     5.0144  1030.6688    34.3722 0.0000e+00
      24418 293.315734  -44.26540  -52.70420      0.907    1503.00    790.000    782.150     5.0813     5.0826     0.0013     5.0166     5.0179     0.0013   3.319472   3.319979   0.000506    34.2081    34.2125     5.8051    27.0455    27.0489    34.2087    27.0460    1483.04    1483.05     5.0164  1030.6734    34.3726 0.0000e+00
      24449 293.315749  -44.26540  -52.70420      0.793    1503.00    791.000    783.138     5.0824     5.0838     0.0014     5.0176     5.0190     0.0014   3.319655   3.320173   0.000518    34.2091    34.2135     5.7988    27.0462    27.0495    34.2092    27.0463    1483.06    1483.07     5.0174  1030.6783    34.3731 0.0000e+00
      24482 293.315764  -44.26540  -52.70420      0.736    1503.00    792.000    784.126     5.0773     5.0785     0.0012     5.0124     5.0136     0.0012   3.319256   3.319752   0.000497    34.2094    34.2138     5.7934    27.0470    27.0504    34.2094    27.0470    1483.06    1483.07     5.0122  1030.6836    34.3733 0.0000e+00
      24509 293.315777  -44.26540  -52.70420      0.823    1503.00    793.000    785.115     5.0754     5.0767     0.0012     5.0105     5.0117     0.0012   3.319217   3.319722   0.000504    34.2102    34.2147     5.7883    27.0479    27.0513    34.2103    27.0479    1483.07    1483.08     5.0103  1030.6892    34.3743 0.0000e+00
      24534 293.315789  -44.26540  -52.70420      0.932    1503.00    794.000    786.103     5.0730     5.0742     0.0012     5.0079     5.0092     0.0012   3.319097   3.319599   0.000505    34.2112    34.2158     5.7854    27.0490    27.0524    34.2109    27.0487    1483.07    1483.09     5.0078  1030.6946    34.3749 0.0000e+00
      24559 293.315802  -44.26540  -52.70420      0.960    1503.00    795.000    787.091     5.0657     5.0669     0.0011     5.0007     5.0018     0.0011   3.318476   3.318978   0.000501    34.2115    34.2160     5.7824    27.0500    27.0535    34.2107    27.0494    1483.06    1483.07     5.0005  1030.6999    34.3746 0.0000e+00
      24588 293.315816  -44.26540  -52.70420      0.868    1503.00    796.000    788.079     5.0595     5.0608     0.0012     4.9944     4.9956     0.0012   3.318022   3.318524   0.000502    34.2118    34.2163     5.7717    27.0510    27.0544    34.2113    27.0506    1483.05    1483.06     4.9942  1030.7058    34.3753 0.0000e+00
      24617 293.315829  -44.26540  -52.70420      0.825    1503.00    797.000    789.067     5.0579     5.0591     0.0012     4.9927     4.9939     0.0012   3.317945   3.318454   0.000509    34.2119    34.2165     5.7578    27.0513    27.0548    34.2115    27.0510    1483.06    1483.07     4.9925  1030.7108    34.3755 0.0000e+00
      24641 293.315841  -44.26540  -52.70420      0.921    1503.00    798.000    790.056     5.0568     5.0579     0.0012     4.9915     4.9926     0.0012   3.317951   3.318454   0.000500    34.2128    34.2173     5.7540    27.0521    27.0555    34.2123    27.0517    1483.08    1483.09     4.9913  1030.7161    34.3763 0.0000e+00
      24662 293.315851  -44.26540  -52.70420      1.048    1502.67    799.000    791.044     5.0551     5.0563     0.0012     4.9898     4.9909     0.0012   3.317901   3.318419   0.000520    34.2132    34.2180     5.7517    27.0526    27.0563    34.2129    27.0524    1483.09    1483.10     4.9896  1030.7213    34.3769 0.0000e+00
      24684 293.315862  -44.26540  -52.70420      1.117    1501.63    800.000    792.032     5.0546     5.0557     0.0012     4.9891     4.9903     0.0011   3.317968   3.318465   0.000500    34.2141    34.2187     5.7486    27.0534    27.0569    34.2137    27.0531    1483.10    1483.11     4.9889  1030.7266    34.3777 0.0000e+00
      24709 293.315874  -44.26540  -52.70418      1.047    1501.62    801.000    793.020     5.0476     5.0487     0.0011     4.9821     4.9832     0.0011   3.317249   3.317733   0.000482    34.2136    34.2179     5.7491    27.0538    27.0571    34.2121    27.0526    1483.09    1483.10     4.9819  1030.7308    34.3761 0.0000e+00
      24739 293.315888  -44.26540  -52.70419      0.854    1501.62    802.000    794.008     5.0318     5.0329     0.0011     4.9663     4.9674     0.0011   3.315780   3.316283   0.000504    34.2126    34.2173     5.7489    27.0548    27.0584    34.2108    27.0534    1483.04    1483.05     4.9662  1030.7367    34.3751 0.0000e+00
      24770 293.315903  -44.26540 -9.990e-29      0.752    1501.62    803.000    794.996     5.0201     5.0211     0.0011     4.9546     4.9556     0.0010   3.314826   3.315313   0.000487    34.2125    34.2171     5.7380    27.0561    27.0596    34.2113    27.0551    1483.01    1483.02     4.9544  1030.7432    34.3756 0.0000e+00
      24800 293.315918  -44.26540 -9.990e-29      0.794    1501.62    804.000    795.985     5.0166     5.0176     0.0010     4.9511     4.9520     0.0010   3.314497   3.314979   0.000482    34.2120    34.2166     5.7430    27.0562    27.0596    34.2106    27.0550    1483.01    1483.02     4.9509  1030.7477    34.3749 0.0000e+00
      24827 293.315931  -44.26540  -52.70420      0.850    1501.62    805.000    796.973     5.0081     5.0095     0.0013     4.9425     4.9438     0.0013   3.313768   3.314281   0.000513    34.2117    34.2162     5.7511    27.0569    27.0603    34.2104    27.0558    1482.99    1483.00     4.9423  1030.7531    34.3745 0.0000e+00
      24853 293.315943  -44.26540  -52.70420      0.916    1501.62    806.000    797.960     5.0053     5.0065     0.0012     4.9396     4.9409     0.0012   3.313565   3.314070   0.000506    34.2117    34.2163     5.7565    27.0572    27.0607    34.2104    27.0562    1483.00    1483.01     4.9395  1030.7580    34.3745 0.0000e+00
      24876 293.315954  -44.26540  -52.70420      0.995    1501.62    807.000    798.949     4.9982     4.9993     0.0011     4.9325     4.9336     0.0011   3.312906   3.313405   0.000496    34.2112    34.2158     5.7565    27.0576    27.0611    34.2096    27.0563    1482.98    1482.99     4.9323  1030.7628    34.3736 0.0000e+00
      24898 293.315965  -44.26540  -52.70420      1.063    1501.62    808.000    799.937     4.9902     4.9916     0.0014     4.9245     4.9258     0.0014   3.312070   3.312596   0.000524    34.2101    34.2148     5.7554    27.0577    27.0612    34.2076    27.0557    1482.96    1482.98     4.9243  1030.7669    34.3717 0.0000e+00
      24921 293.315976  -44.26540  -52.70420      1.055    1501.62    809.000    800.925     4.9729     4.9740     0.0011     4.9072     4.9082     0.0010   3.310445   3.310927   0.000489    34.2087    34.2132     5.7491    27.0585    27.0620    34.2061    27.0564    1482.91    1482.92     4.9070  1030.7726    34.3701 0.0000e+00
      24949 293.315989  -44.26540  -52.70420      0.937    1501.62    810.000    801.913     4.9627     4.9636     0.0010     4.8970     4.8979     0.0009   3.309562   3.310039   0.000477    34.2079    34.2124     5.7462    27.0590    27.0624    34.2059    27.0574    1482.88    1482.89     4.8968  1030.7784    34.3699 0.0000e+00
      24978 293.316003  -44.26540  -52.70419      0.831    1501.62    811.000    802.901     4.9586     4.9596     0.0010     4.8927     4.8938     0.0010   3.309210   3.309684   0.000477    34.2073    34.2117     5.7614    27.0590    27.0624    34.2056    27.0576    1482.88    1482.89     4.8926  1030.7832    34.3696 0.0000e+00
      25006 293.316017  -44.26540  -52.70418      0.839    1501.62    812.000    803.889     4.9536     4.9551     0.0016     4.8877     4.8893     0.0015   3.308730   3.309271   0.000534    34.2065    34.2110     5.7843    27.0590    27.0624    34.2046    27.0575    1482.88    1482.89     4.8875  1030.7877    34.3687 0.0000e+00
      25032 293.316030  -44.26540  -52.70418      0.897    1501.62    813.000    804.878     4.9490     4.9506     0.0015     4.8831     4.8846     0.0015   3.308359   3.308869   0.000512    34.2060    34.2103     5.7922    27.0591    27.0623    34.2045    27.0579    1482.87    1482.89     4.8829  1030.7928    34.3685 0.0000e+00
      25058 293.316042  -44.26540  -52.70420      0.926    1501.62    814.000    805.866     4.9465     4.9476     0.0012     4.8805     4.8817     0.0012   3.308144   3.308663   0.000513    34.2055    34.2102     5.7963    27.0590    27.0626    34.2042    27.0579    1482.88    1482.89     4.8803  1030.7974    34.3682 0.0000e+00
      25084 293.316055  -44.26540  -52.70420      0.913    1501.62    815.000    806.853     4.9283     4.9302     0.0019     4.8623     4.8642     0.0019   3.306202   3.306775   0.000574    34.2034    34.2080     5.8012    27.0593    27.0628    34.1999    27.0566    1482.82    1482.83     4.8621  1030.8010    34.3639 0.0000e+00
      25111 293.316068  -44.26540  -52.70420      0.896    1501.62    816.000    807.842     4.9131     4.9143     0.0012     4.8472     4.8483     0.0012   3.304974   3.305467   0.000494    34.2032    34.2077     5.8030    27.0609    27.0644    34.2008    27.0590    1482.77    1482.78     4.8470  1030.8083    34.3648 0.0000e+00
      25136 293.316080  -44.26540  -52.70420      0.928    1501.62    817.000    808.830     4.9036     4.9050     0.0015     4.8376     4.8390     0.0014   3.304155   3.304698   0.000532    34.2028    34.2074     5.7982    27.0617    27.0652    34.2005    27.0599    1482.75    1482.76     4.8374  1030.8139    34.3645 0.0000e+00
      25161 293.316092  -44.26540  -52.70418      0.968    1501.62    818.000    809.817     4.8917     4.8934     0.0017     4.8258     4.8274     0.0016   3.302967   3.303489   0.000538    34.2017    34.2062     5.8019    27.0621    27.0655    34.1984    27.0595    1482.72    1482.73     4.8256  1030.8184    34.3625 0.0000e+00
      25186 293.316104  -44.26540  -52.70418      0.972    1501.62    819.000    810.806     4.8772     4.8784     0.0012     4.8112     4.8124     0.0012   3.301711   3.302214   0.000497    34.2009    34.2054     5.8086    27.0631    27.0666    34.1983    27.0611    1482.67    1482.68     4.8110  1030.8248    34.3623 0.0000e+00
      25212 293.316116  -44.26540  -52.70420      0.939    1501.62    820.000    811.794     4.8736     4.8748     0.0012     4.8075     4.8087     0.0012   3.301474   3.301973   0.000506    34.2006    34.2052     5.8173    27.0634    27.0669    34.1988    27.0619    1482.68    1482.69     4.8074  1030.8302    34.3628 0.0000e+00
      25239 293.316130  -44.26540  -52.70420      0.892    1501.62    821.000    812.782     4.8703     4.8710     0.0007     4.8041     4.8049     0.0007   3.301161   3.301612   0.000453    34.2001    34.2046     5.8237    27.0633    27.0668    34.1980    27.0617    1482.68    1482.69     4.8040  1030.8347    34.3621 0.0000e+00
      25268 293.316143  -44.26540  -52.70420      0.849    1501.62    822.000    813.770     4.8650     4.8663     0.0012     4.7989     4.8001     0.0012   3.300722   3.301217   0.000497    34.1997    34.2041     5.8247    27.0635    27.0669    34.1978    27.0621    1482.67    1482.68     4.7987  1030.8398    34.3619 0.0000e+00
      25295 293.316157  -44.26540  -52.70419      0.853    1501.62    823.000    814.758     4.8598     4.8610     0.0013     4.7935     4.7947     0.0012   3.300269   3.300761   0.000489    34.1994    34.2038     5.8202    27.0639    27.0673    34.1975    27.0624    1482.67    1482.68     4.7934  1030.8448    34.3616 0.0000e+00
      25320 293.316169  -44.26540  -52.70418      0.923    1501.62    824.000    815.746     4.8555     4.8566     0.0011     4.7892     4.7903     0.0011   3.299914   3.300408   0.000490    34.1991    34.2036     5.8214    27.0642    27.0676    34.1973    27.0628    1482.66    1482.67     4.7890  1030.8498    34.3615 0.0000e+00
