Pos-Processados/process_op38/operantar38_020.ros
* Sea-Bird SBE 9 Data File:
* FileName = D:\OPERANTAR_XXXVIII\DADOS\OP38_020.hdr
* Software Version Seasave V 7.18c
* Temperature SN = 4808
* Conductivity SN = 3380
* Number of Bytes Per Scan = 34
* Number of Voltage Words = 3
* Number of Scans Averaged by the Deck Unit = 1
* NMEA Latitude = 62 13.02 S
* NMEA Longitude = 058 20.27 W
* NMEA UTC (Time) = Nov 22 2019 12:22:40
** H41
** NAVIO POLAR ALMIRANTE MAXIMIANO
** CRUZEIRO:
** OPERANTAR XXXVIII
** ESTAÇÃO: OP38_020
** LAT 62 13,00'S
** LONG 058 20,28'W
** 09P73767-1155_A
** PROFUNDIDADE: 497
** DATA/HORA: 221223Z/NOV/2019
** OPERADOR: SO-HN CHAVES
# nquan = 26
# nvalues = 1034                                  
# units = specified
# name 0 = scan: Scan Count
# name 1 = timeJ: Julian Days
# name 2 = latitude: Latitude [deg]
# name 3 = longitude: Longitude [deg]
# name 4 = dz/dtM: Descent Rate [m/s]
# name 5 = avgsvCM: Average Sound Velocity [Chen-Millero, m/s]
# name 6 = prDM: Pressure, Digiquartz [db]
# name 7 = depSM: Depth [salt water, m]
# name 8 = t090C: Temperature [ITS-90, deg C]
# name 9 = t190C: Temperature, 2 [ITS-90, deg C]
# name 10 = T2-T190C: Temperature Difference, 2 - 1 [ITS-90, deg C]
# name 11 = potemp090C: Potential Temperature [ITS-90, deg C]
# name 12 = potemp190C: Potential Temperature, 2 [ITS-90, deg C]
# name 13 = potemp90Cdiff: Potential Temperature, Diff, 2 - 1 [ITS-90, deg C]
# name 14 = c0S/m: Conductivity [S/m]
# name 15 = c1S/m: Conductivity, 2 [S/m]
# name 16 = C2-C1S/m: Conductivity Difference, 2 - 1 [S/m]
# name 17 = sal00: Salinity, Practical [PSU]
# name 18 = sal11: Salinity, Practical, 2 [PSU]
# name 19 = sbeox0ML/L: Oxygen, SBE 43 [ml/l]
# name 20 = sbeox1ML/L: Oxygen, SBE 43, 2 [ml/l]
# name 21 = sbeox0ML/Ldiff: Oxygen, SBE 43, Diff, 2 - 1 [ml/l]
# name 22 = sigma-é00: Density [sigma-theta, kg/m^3]
# name 23 = sigma-é11: Density, 2 [sigma-theta, kg/m^3]
# name 24 = nbf: Bottles Fired
# name 25 = flag:  0.000e+00
# interval = seconds: 0.0416667
# start_time = Nov 22 2019 12:22:40 [NMEA time, header]
# bad_flag = -9.990e-29
*END*
[from data line 725]
      39162 326.534626  -62.21706  -58.33796     -0.091    1449.76      2.837      2.810    -0.4106    -0.3900     0.0206    -0.4106    -0.3901     0.0206   2.806850   2.808798   0.001948    34.1714    34.1743     7.6273     5.8116    -1.8156    27.4572    27.4587          5  0.000e+00
      39163 326.534627  -62.21706  -58.33796     -0.091    1449.76      2.837      2.810    -0.4108    -0.3898     0.0210    -0.4109    -0.3899     0.0210   2.806820   2.808815   0.001995    34.1712    34.1744     7.6274     5.8117    -1.8157    27.4571    27.4587          5  0.000e+00
      39164 326.534627  -62.21706  -58.33796     -0.090    1449.76      2.837      2.810    -0.4103    -0.3898     0.0205    -0.4104    -0.3899     0.0205   2.806826   2.808769   0.001943    34.1708    34.1738     7.6317     5.8117    -1.8200    27.4567    27.4582          5  0.000e+00
      39165 326.534628  -62.21706  -58.33796     -0.086    1449.76      2.837      2.810    -0.4107    -0.3898     0.0208    -0.4108    -0.3899     0.0208   2.806832   2.808809   0.001977    34.1712    34.1743     7.6266     5.8172    -1.8094    27.4571    27.4587          5  0.000e+00
      39166 326.534628  -62.21706  -58.33796     -0.084    1449.76      2.837      2.810    -0.4110    -0.3900     0.0210    -0.4110    -0.3901     0.0210   2.806838   2.808798   0.001960    34.1716    34.1743     7.6266     5.8134    -1.8132    27.4575    27.4587          5  0.000e+00
      39167 326.534629  -62.21706  -58.33796     -0.079    1449.76      2.885      2.858    -0.4112    -0.3897     0.0215    -0.4113    -0.3898     0.0215   2.806832   2.808780   0.001949    34.1718    34.1737     7.6259     5.8130    -1.8129    27.4576    27.4582          5  0.000e+00
      39168 326.534629  -62.21706  -58.33796     -0.077    1449.76      2.837      2.810    -0.4111    -0.3901     0.0210    -0.4112    -0.3902     0.0210   2.806832   2.808815   0.001983    34.1718    34.1747     7.6309     5.8123    -1.8185    27.4576    27.4590          5  0.000e+00
      39169 326.534630  -62.21706  -58.33796     -0.071    1449.76      2.837      2.810    -0.4110    -0.3897     0.0213    -0.4110    -0.3898     0.0213   2.806832   2.808780   0.001949    34.1716    34.1738     7.6307     5.8127    -1.8180    27.4574    27.4582          5  0.000e+00
      39170 326.534630  -62.21706  -58.33796     -0.071    1449.76      2.837      2.810    -0.4112    -0.3900     0.0213    -0.4113    -0.3901     0.0213   2.806874   2.808774   0.001901    34.1725    34.1740     7.6305     5.8119    -1.8186    27.4582    27.4584          5  0.000e+00
      39171 326.534631  -62.21706  -58.33796     -0.068    1449.76      2.837      2.810    -0.4111    -0.3898     0.0213    -0.4112    -0.3899     0.0213   2.806880   2.808798   0.001918    34.1724    34.1741     7.6260     5.8167    -1.8093    27.4581    27.4585          5  0.000e+00
      39172 326.534631  -62.21706  -58.33796     -0.065    1449.76      2.837      2.810    -0.4110    -0.3898     0.0212    -0.4111    -0.3899     0.0212   2.806886   2.808809   0.001923    34.1724    34.1743     7.6257     5.8178    -1.8079    27.4581    27.4587          5  0.000e+00
      39173 326.534632  -62.21706  -58.33796     -0.061    1449.76      2.885      2.858    -0.4111    -0.3897     0.0214    -0.4112    -0.3898     0.0214   2.806904   2.808774   0.001871    34.1727    34.1736     7.6255     5.8188    -1.8067    27.4583    27.4581          5  0.000e+00
      39174 326.534632  -62.21706  -58.33796     -0.057    1449.76      2.837      2.810    -0.4110    -0.3897     0.0213    -0.4110    -0.3898     0.0213   2.806934   2.808815   0.001881    34.1729    34.1742     7.6252     5.8196    -1.8056    27.4585    27.4586          5  0.000e+00
      39175 326.534633  -62.21706  -58.33796     -0.053    1449.76      2.885      2.858    -0.4114    -0.3898     0.0216    -0.4115    -0.3899     0.0216   2.806916   2.808815   0.001899    34.1732    34.1743     7.6251     5.8203    -1.8048    27.4587    27.4587          5  0.000e+00
      39176 326.534633  -62.21706  -58.33796     -0.048    1449.76      2.837      2.810    -0.4110    -0.3898     0.0211    -0.4110    -0.3899     0.0211   2.806952   2.808774   0.001823    34.1732    34.1738     7.6248     5.8209    -1.8039    27.4587    27.4583          5  0.000e+00
      39177 326.534633  -62.21706  -58.33796     -0.048    1449.76      2.810      2.783    -0.4102    -0.3897     0.0205    -0.4103    -0.3898     0.0205   2.806970   2.808774   0.001805    34.1726    34.1737     7.6295     5.8213    -1.8082    27.4582    27.4582          5  0.000e+00
      39178 326.534634  -62.21706  -58.33796     -0.043    1449.76      2.885      2.858    -0.4092    -0.3901     0.0191    -0.4093    -0.3902     0.0191   2.806964   2.808798   0.001834    34.1714    34.1745     7.6299     5.8274    -1.8025    27.4572    27.4588          5  0.000e+00
      39179 326.534634  -62.21706  -58.33796     -0.038    1449.76      2.885      2.858    -0.4096    -0.3898     0.0197    -0.4097    -0.3899     0.0197   2.806946   2.808774   0.001829    34.1715    34.1738     7.6304     5.8286    -1.8018    27.4573    27.4583          5  0.000e+00
      39180 326.534635  -62.21706  -58.33796     -0.035    1449.76      2.837      2.810    -0.4097    -0.3897     0.0201    -0.4098    -0.3898     0.0201   2.806934   2.808815   0.001881    34.1716    34.1742     7.6309     5.8295    -1.8013    27.4574    27.4586          5  0.000e+00
      39181 326.534635  -62.21706  -58.33796     -0.033    1449.76      2.837      2.810    -0.4096    -0.3894     0.0202    -0.4097    -0.3895     0.0202   2.806940   2.808815   0.001875    34.1715    34.1739     7.6261     5.8303    -1.7958    27.4573    27.4583          5  0.000e+00
      39182 326.534636  -62.21706  -58.33796     -0.027    1449.76      2.885      2.858    -0.4086    -0.3900     0.0187    -0.4087    -0.3901     0.0187   2.806958   2.808792   0.001834    34.1706    34.1742     7.6308     5.8311    -1.7996    27.4566    27.4586          5  0.000e+00
      39183 326.534636  -62.21706  -58.33796     -0.027    1449.76      2.837      2.810    -0.4085    -0.3903     0.0182    -0.4086    -0.3904     0.0182   2.806964   2.808780   0.001816    34.1705    34.1745     7.6311     5.8316    -1.7995    27.4565    27.4588          5  0.000e+00
      39184 326.534637  -62.21706  -58.33796     -0.021    1449.76      2.885      2.858    -0.4076    -0.3900     0.0176    -0.4076    -0.3901     0.0176   2.807024   2.808798   0.001774    34.1703    34.1743     7.6313     5.8319    -1.7994    27.4562    27.4587          5  0.000e+00
      39185 326.534637  -62.21706  -58.33796     -0.015    1449.76      2.885      2.858    -0.4068    -0.3901     0.0167    -0.4069    -0.3902     0.0167   2.807042   2.808774   0.001733    34.1697    34.1742     7.6263     5.8320    -1.7943    27.4557    27.4586          5  0.000e+00
      39186 326.534638  -62.21706  -58.33796     -0.012    1449.76      2.885      2.858    -0.4069    -0.3897     0.0172    -0.4070    -0.3898     0.0172   2.807060   2.808774   0.001715    34.1700    34.1736     7.6259     5.8272    -1.7987    27.4560    27.4581          5  0.000e+00
      39187 326.534638  -62.21706  -58.33796     -0.008    1449.76      2.885      2.858    -0.4071    -0.3900     0.0171    -0.4072    -0.3901     0.0171   2.807030   2.808838   0.001808    34.1698    34.1748     7.6306     5.8317    -1.7989    27.4558    27.4591          5  0.000e+00
      39188 326.534639  -62.21706  -58.33796     -0.007    1449.76      2.837      2.810    -0.4081    -0.3897     0.0184    -0.4082    -0.3898     0.0184   2.807024   2.808809   0.001785    34.1709    34.1741     7.6310     5.8382    -1.7928    27.4567    27.4585          5  0.000e+00
      39189 326.534639  -62.21706  -58.33796     -0.001    1449.76      2.885      2.858    -0.4085    -0.3904     0.0180    -0.4086    -0.3905     0.0180   2.806952   2.808803   0.001852    34.1704    34.1749     7.6263     5.8343    -1.7920    27.4563    27.4592          5  0.000e+00
      39190 326.534640  -62.21706  -58.33796      0.006    1449.76      2.940      2.912    -0.4082    -0.3901     0.0181    -0.4083    -0.3902     0.0181   2.806958   2.808809   0.001851    34.1701    34.1746     7.6309     5.8394    -1.7916    27.4561    27.4589          5  0.000e+00
      39191 326.534640  -62.21706  -58.33796      0.003    1449.76      2.837      2.810    -0.4082    -0.3903     0.0179    -0.4083    -0.3904     0.0179   2.806982   2.808757   0.001775    34.1705    34.1741     7.6310     5.8338    -1.7973    27.4564    27.4585          5  0.000e+00
      39192 326.534641  -62.21706  -58.33796      0.009    1449.76      2.940      2.912    -0.4082    -0.3898     0.0184    -0.4083    -0.3899     0.0184   2.806994   2.808769   0.001775    34.1706    34.1737     7.6262     5.8338    -1.7924    27.4565    27.4582          5  0.000e+00
      39193 326.534641  -62.21706  -58.33796      0.012    1449.76      2.885      2.858    -0.4086    -0.3898     0.0188    -0.4087    -0.3899     0.0188   2.806946   2.808838   0.001892    34.1705    34.1747     7.6308     5.8394    -1.7914    27.4564    27.4589          5  0.000e+00
      39194 326.534642  -62.21706  -58.33796      0.019    1449.76      2.940      2.912    -0.4083    -0.3898     0.0185    -0.4084    -0.3899     0.0185   2.806982   2.808792   0.001810    34.1705    34.1740     7.6309     5.8403    -1.7906    27.4565    27.4584          5  0.000e+00
      39195 326.534642  -62.21706  -58.33796      0.022    1449.76      2.885      2.858    -0.4083    -0.3901     0.0182    -0.4084    -0.3902     0.0182   2.807006   2.808798   0.001792    34.1709    34.1745     7.6310     5.8410    -1.7900    27.4567    27.4588          5  0.000e+00
      39196 326.534643  -62.21706  -58.33796      0.025    1449.76      2.940      2.912    -0.4073    -0.3897     0.0176    -0.4074    -0.3898     0.0176   2.807078   2.808809   0.001731    34.1706    34.1741     7.6309     5.8414    -1.7895    27.4565    27.4585          5  0.000e+00
      39197 326.534643  -62.21706  -58.33796      0.032    1449.76      2.961      2.932    -0.4066    -0.3900     0.0166    -0.4067    -0.3901     0.0166   2.807138   2.808792   0.001654    34.1707    34.1742     7.6258     5.8417    -1.7840    27.4565    27.4586          5  0.000e+00
      39198 326.534644  -62.21706  -58.33796      0.035    1449.76      2.940      2.912    -0.4059    -0.3900     0.0159    -0.4060    -0.3901     0.0159   2.807186   2.808821   0.001635    34.1705    34.1746     7.6249     5.8418    -1.7831    27.4563    27.4589          5  0.000e+00
      39199 326.534644  -62.21706  -58.33796      0.040    1449.76      2.940      2.912    -0.4055    -0.3903     0.0152    -0.4056    -0.3904     0.0152   2.807204   2.808832   0.001628    34.1704    34.1751     7.6241     5.8417    -1.7824    27.4562    27.4593          5  0.000e+00
      39200 326.534645  -62.21706  -58.33796      0.045    1449.76      2.988      2.959    -0.4054    -0.3898     0.0155    -0.4054    -0.3899     0.0155   2.807222   2.808780   0.001558    34.1704    34.1738     7.6285     5.8415    -1.7871    27.4562    27.4583          5  0.000e+00
      39201 326.534645  -62.21706  -58.33796      0.053    1449.76      2.988      2.959    -0.4057    -0.3901     0.0156    -0.4058    -0.3902     0.0156   2.807228   2.808774   0.001546    34.1709    34.1741     7.6294     5.8411    -1.7883    27.4566    27.4585          5  0.000e+00
      39202 326.534646  -62.21706  -58.33796      0.055    1449.76      2.940      2.912    -0.4060    -0.3904     0.0155    -0.4061    -0.3905     0.0155   2.807186   2.808798   0.001612    34.1707    34.1748     7.6302     5.8404    -1.7899    27.4565    27.4591          5  0.000e+00
      39203 326.534646  -62.21706  -58.33796      0.059    1449.76      2.988      2.959    -0.4063    -0.3904     0.0159    -0.4064    -0.3905     0.0159   2.807156   2.808792   0.001636    34.1706    34.1747     7.6304     5.8454    -1.7850    27.4564    27.4590          5  0.000e+00
      39204 326.534647  -62.21706  -58.33796      0.063    1449.76      2.988      2.959    -0.4063    -0.3904     0.0159    -0.4064    -0.3905     0.0159   2.807150   2.808780   0.001630    34.1705    34.1745     7.6304     5.8396    -1.7908    27.4564    27.4589          5  0.000e+00
      39205 326.534647  -62.21706  -58.33796      0.072    1449.76      3.043      3.013    -0.4065    -0.3903     0.0161    -0.4065    -0.3904     0.0161   2.807168   2.808838   0.001670    34.1709    34.1751     7.6304     5.8442    -1.7863    27.4567    27.4593          5  0.000e+00
      39206 326.534647  -62.21706  -58.33796      0.074    1449.76      2.988      2.959    -0.4065    -0.3908     0.0157    -0.4065    -0.3908     0.0157   2.807174   2.808809   0.001635    34.1710    34.1753     7.6303     5.8438    -1.7865    27.4567    27.4595          5  0.000e+00
      39207 326.534648  -62.21706  -58.33796      0.086    1449.76      3.043      3.013    -0.4060    -0.3911     0.0149    -0.4061    -0.3912     0.0149   2.807174   2.808803   0.001629    34.1704    34.1755     7.6302     5.8445    -1.7857    27.4563    27.4597          5  0.000e+00
      39208 326.534648  -62.21706  -58.33796      0.092    1449.76      3.043      3.013    -0.4059    -0.3911     0.0148    -0.4060    -0.3912     0.0148   2.807180   2.808826   0.001646    34.1704    34.1758     7.6359     5.8448    -1.7911    27.4562    27.4599          5  0.000e+00
      39209 326.534649  -62.21706  -58.33796      0.094    1449.76      2.988      2.959    -0.4060    -0.3911     0.0149    -0.4061    -0.3912     0.0149   2.807192   2.808798   0.001606    34.1707    34.1755     7.6314     5.8450    -1.7864    27.4565    27.4596          5  0.000e+00
      39210 326.534649  -62.21706  -58.33796      0.099    1449.76      3.043      3.013    -0.4062    -0.3914     0.0148    -0.4063    -0.3915     0.0148   2.807180   2.808821   0.001641    34.1707    34.1761     7.6262     5.8451    -1.7811    27.4565    27.4602          5  0.000e+00
      39211 326.534650  -62.21706  -58.33796      0.106    1449.76      3.091      3.061    -0.4062    -0.3914     0.0148    -0.4063    -0.3915     0.0148   2.807156   2.808832   0.001676    34.1704    34.1762     7.6304     5.8507    -1.7797    27.4562    27.4603          5  0.000e+00
      39212 326.534650  -62.21706  -58.33796      0.106    1449.76      2.988      2.959    -0.4060    -0.3911     0.0149    -0.4061    -0.3912     0.0149   2.807150   2.808798   0.001648    34.1702    34.1755     7.6301     5.8455    -1.7846    27.4560    27.4596          5  0.000e+00
      39213 326.534651  -62.21706  -58.33796      0.112    1449.76      3.091      3.061    -0.4060    -0.3911     0.0149    -0.4061    -0.3912     0.0149   2.807150   2.808821   0.001671    34.1701    34.1757     7.6307     5.8450    -1.7857    27.4560    27.4598          5  0.000e+00
      39214 326.534651  -62.21706  -58.33796      0.115    1449.76      3.043      3.013    -0.4062    -0.3901     0.0160    -0.4063    -0.3902     0.0160   2.807150   2.808815   0.001665    34.1703    34.1746     7.6304     5.8452    -1.7853    27.4562    27.4589          5  0.000e+00
      39215 326.534652  -62.21706  -58.33796      0.117    1449.76      3.043      3.013    -0.4063    -0.3903     0.0160    -0.4064    -0.3904     0.0160   2.807126   2.808815   0.001689    34.1702    34.1748     7.6302     5.8500    -1.7802    27.4561    27.4591          5  0.000e+00
      39216 326.534652  -62.21706  -58.33796      0.125    1449.76      3.091      3.061    -0.4057    -0.3900     0.0157    -0.4058    -0.3901     0.0157   2.807186   2.808809   0.001623    34.1702    34.1743     7.6298     5.8500    -1.7798    27.4561    27.4587          5  0.000e+00
