Pos-Processados/process_op38/operantar38_014.ros
* Sea-Bird SBE 9 Data File:
* FileName = D:\OPERANTAR_XXXVIII\DADOS\OP38_014.hdr
* Software Version Seasave V 7.18c
* Temperature SN = 4808
* Conductivity SN = 3380
* Number of Bytes Per Scan = 34
* Number of Voltage Words = 3
* Number of Scans Averaged by the Deck Unit = 1
* NMEA Latitude = 62 11.37 S
* NMEA Longitude = 058 03.45 W
* NMEA UTC (Time) = Nov 05 2019 06:03:04
** H41
** NAVIO POLAR ALMIRANTE MAXIMIANO
** CRUZEIRO:
** OPERANTAR XXXVIII
** ESTAÇÃO: OP38_014
** LAT 62 11,38' S
** LONG 058 03,41' W
** 09P73767-1155_A
** PROFUNDIDADE: 480
** DATA/HORA: 050604Z/NOV/2019
** OPERADOR: SO-HN CHAVES
# nquan = 27
# nvalues = 2172                                  
# units = specified
# name 0 = scan: Scan Count
# name 1 = timeJ: Julian Days
# name 2 = latitude: Latitude [deg]
# name 3 = longitude: Longitude [deg]
# name 4 = dz/dtM: Descent Rate [m/s]
# name 5 = avgsvCM: Average Sound Velocity [Chen-Millero, m/s]
# name 6 = prDM: Pressure, Digiquartz [db]
# name 7 = depSM: Depth [salt water, m]
# name 8 = t090C: Temperature [ITS-90, deg C]
# name 9 = t190C: Temperature, 2 [ITS-90, deg C]
# name 10 = T2-T190C: Temperature Difference, 2 - 1 [ITS-90, deg C]
# name 11 = potemp090C: Potential Temperature [ITS-90, deg C]
# name 12 = potemp190C: Potential Temperature, 2 [ITS-90, deg C]
# name 13 = potemp90Cdiff: Potential Temperature, Diff, 2 - 1 [ITS-90, deg C]
# name 14 = c0S/m: Conductivity [S/m]
# name 15 = c1S/m: Conductivity, 2 [S/m]
# name 16 = C2-C1S/m: Conductivity Difference, 2 - 1 [S/m]
# name 17 = sal00: Salinity, Practical [PSU]
# name 18 = sal11: Salinity, Practical, 2 [PSU]
# name 19 = sbeox0ML/L: Oxygen, SBE 43 [ml/l]
# name 20 = sigma-é00: Density [sigma-theta, kg/m^3]
# name 21 = sigma-é11: Density, 2 [sigma-theta, kg/m^3]
# name 22 = sbox0Mm/Kg: Oxygen, SBE 43 [umol/kg]
# name 23 = oxsolMm/Kg: Oxygen Saturation, Garcia & Gordon [umol/kg]
# name 24 = oxsatMm/Kg: Oxygen Saturation, Weiss [umol/kg]
# name 25 = nbf: Bottles Fired
# name 26 = flag:  0.000e+00
# interval = seconds: 0.0416667
# start_time = Nov 05 2019 06:03:04 [NMEA time, header]
# bad_flag = -9.990e-29
*END*
[from data line 645]
      26120 309.264726  -62.18962  -58.05752      0.080    1448.26     13.336     13.208    -0.7293    -0.7292     0.0002    -0.7297    -0.7295     0.0002   2.779347   2.779737   0.000390    34.1540    34.1591     7.6781    27.4571    27.4612    333.741  357.02632  358.65205          4  0.000e+00
      26121 309.264726  -62.18962  -58.05752      0.082    1448.26     13.336     13.208    -0.7293    -0.7291     0.0003    -0.7297    -0.7294     0.0003   2.779358   2.779760   0.000401    34.1542    34.1593     7.6777    27.4572    27.4614    333.723  357.02586  358.65160          4  0.000e+00
      26122 309.264727  -62.18962  -58.05752      0.081    1448.26     13.288     13.160    -0.7293    -0.7290     0.0003    -0.7297    -0.7294     0.0003   2.779317   2.779754   0.000437    34.1537    34.1592     7.6773    27.4568    27.4613    333.706  357.02737  358.65308          4  0.000e+00
      26123 309.264727  -62.18962  -58.05752      0.081    1448.26     13.364     13.235    -0.7293    -0.7291     0.0003    -0.7297    -0.7294     0.0003   2.779341   2.779765   0.000425    34.1539    34.1594     7.6770    27.4570    27.4614    333.692  357.02659  358.65231          4  0.000e+00
      26124 309.264728  -62.18962  -58.05752      0.081    1448.26     13.336     13.208    -0.7292    -0.7289     0.0003    -0.7295    -0.7292     0.0003   2.779329   2.779737   0.000408    34.1536    34.1588     7.6765    27.4567    27.4609    333.673  357.02591  358.65157          4  0.000e+00
      26125 309.264728  -62.18962  -58.05752      0.080    1448.26     13.336     13.208    -0.7292    -0.7294    -0.0002    -0.7295    -0.7297    -0.0002   2.779364   2.779760   0.000395    34.1541    34.1597     7.6761    27.4571    27.4617    333.655  357.02454  358.65024          4  0.000e+00
      26126 309.264728  -62.18962  -58.05752      0.080    1448.26     13.336     13.208    -0.7293    -0.7292     0.0002    -0.7297    -0.7295     0.0002   2.779364   2.779754   0.000390    34.1543    34.1594     7.6766    27.4573    27.4614    333.674  357.02564  358.65138          4  0.000e+00
      26127 309.264729  -62.18962  -58.05752      0.079    1448.26     13.336     13.208    -0.7293    -0.7292     0.0001    -0.7296    -0.7295     0.0001   2.779341   2.779765   0.000425    34.1539    34.1595     7.6711    27.4570    27.4615    333.435  357.02618  358.65189          4  0.000e+00
      26128 309.264729  -62.18962  -58.05752      0.079    1448.26     13.336     13.208    -0.7292    -0.7291     0.0001    -0.7295    -0.7294     0.0001   2.779370   2.779754   0.000384    34.1542    34.1592     7.6751    27.4572    27.4613    333.610  357.02432  358.65001          4  0.000e+00
      26129 309.264730  -62.18962  -58.05752      0.076    1448.26     13.309     13.181    -0.7292    -0.7289     0.0003    -0.7295    -0.7292     0.0003   2.779352   2.779725   0.000373    34.1539    34.1586     7.6748    27.4570    27.4608    333.595  357.02495  358.65064          4  0.000e+00
      26130 309.264730  -62.18962  -58.05752      0.077    1448.26     13.391     13.262    -0.7292    -0.7288     0.0004    -0.7295    -0.7291     0.0004   2.779335   2.779725   0.000391    34.1536    34.1585     7.6745    27.4568    27.4607    333.585  357.02577  358.65144          4  0.000e+00
      26131 309.264731  -62.18962  -58.05752      0.075    1448.26     13.336     13.208    -0.7294    -0.7289     0.0006    -0.7298    -0.7292     0.0006   2.779335   2.779760   0.000425    34.1540    34.1591     7.6742    27.4571    27.4612    333.571  357.02750  358.65325          4  0.000e+00
      26132 309.264731  -62.18962  -58.05752      0.075    1448.26     13.336     13.208    -0.7292    -0.7285     0.0006    -0.7295    -0.7289     0.0006   2.779353   2.779719   0.000367    34.1539    34.1582     7.6738    27.4570    27.4604    333.554  357.02500  358.65068          4  0.000e+00
      26133 309.264732  -62.18962  -58.05752      0.069    1448.26     13.288     13.160    -0.7292    -0.7288     0.0004    -0.7295    -0.7291     0.0004   2.779341   2.779650   0.000310    34.1538    34.1575     7.6735    27.4569    27.4599    333.538  357.02537  358.65105          4  0.000e+00
      26134 309.264732  -62.18962  -58.05752      0.070    1448.26     13.391     13.262    -0.7292    -0.7296    -0.0005    -0.7295    -0.7300    -0.0005   2.779299   2.779645   0.000346    34.1531    34.1584     7.6733    27.4564    27.4606    333.531  357.02714  358.65278          4  0.000e+00
      26135 309.264733  -62.18962  -58.05752      0.071    1448.26     13.364     13.235    -0.7290    -0.7295    -0.0006    -0.7294    -0.7299    -0.0006   2.779341   2.779639   0.000298    34.1535    34.1582     7.6729    27.4567    27.4605    333.513  357.02441  358.65003          4  0.000e+00
      26136 309.264733  -62.18962  -58.05752      0.067    1448.26     13.288     13.160    -0.7290    -0.7299    -0.0010    -0.7294    -0.7303    -0.0010   2.779317   2.779668   0.000351    34.1533    34.1591     7.6725    27.4565    27.4612    333.496  357.02519  358.65080          4  0.000e+00
      26137 309.264734  -62.18962  -58.05752      0.063    1448.26     13.336     13.208    -0.7290    -0.7298    -0.0008    -0.7294    -0.7301    -0.0008   2.779358   2.779645   0.000286    34.1538    34.1586     7.6670    27.4569    27.4608    333.258  357.02368  358.64932          4  0.000e+00
      26138 309.264734  -62.18962  -58.05752      0.058    1448.26     13.336     13.208    -0.7293    -0.7295    -0.0003    -0.7296    -0.7299    -0.0003   2.779323   2.779645   0.000322    34.1536    34.1583     7.6712    27.4568    27.4606    333.440  357.02686  358.65256          4  0.000e+00
      26139 309.264735  -62.18962  -58.05752      0.063    1448.26     13.391     13.262    -0.7292    -0.7295    -0.0003    -0.7295    -0.7299    -0.0003   2.779317   2.779622   0.000305    34.1534    34.1579     7.6709    27.4566    27.4602    333.429  357.02646  358.65211          4  0.000e+00
      26140 309.264735  -62.18962  -58.05752      0.058    1448.26     13.336     13.208    -0.7290    -0.7292    -0.0002    -0.7294    -0.7296    -0.0002   2.779329   2.779599   0.000270    34.1534    34.1573     7.6705    27.4566    27.4598    333.412  357.02481  358.65043          4  0.000e+00
      26141 309.264736  -62.18962  -58.05752      0.055    1448.26     13.309     13.181    -0.7289    -0.7299    -0.0011    -0.7292    -0.7303    -0.0011   2.779311   2.779610   0.000300    34.1530    34.1583     7.6702    27.4563    27.4606    333.398  357.02472  358.65029          4  0.000e+00
      26142 309.264736  -62.18962  -58.05752      0.052    1448.26     13.336     13.208    -0.7292    -0.7306    -0.0015    -0.7295    -0.7310    -0.0015   2.779305   2.779616   0.000311    34.1533    34.1591     7.6700    27.4565    27.4613    333.389  357.02682  358.65246          4  0.000e+00
      26143 309.264737  -62.18962  -58.05752      0.049    1448.26     13.336     13.208    -0.7293    -0.7312    -0.0019    -0.7297    -0.7316    -0.0019   2.779335   2.779593   0.000258    34.1539    34.1595     7.6646    27.4570    27.4616    333.152  357.02677  358.65249          4  0.000e+00
      26144 309.264737  -62.18962  -58.05752      0.043    1448.26     13.288     13.160    -0.7293    -0.7309    -0.0015    -0.7297    -0.7312    -0.0015   2.779311   2.779633   0.000323    34.1536    34.1597     7.6695    27.4567    27.4617    333.366  357.02760  358.65330          4  0.000e+00
      26145 309.264738  -62.18962  -58.05752      0.043    1448.26     13.336     13.208    -0.7294    -0.7304    -0.0010    -0.7298    -0.7308    -0.0010   2.779323   2.779639   0.000316    34.1538    34.1593     7.6701    27.4569    27.4614    333.393  357.02795  358.65370          4  0.000e+00
      26146 309.264738  -62.18962  -58.05752      0.040    1448.26     13.336     13.208    -0.7294    -0.7302    -0.0008    -0.7298    -0.7306    -0.0008   2.779311   2.779622   0.000311    34.1537    34.1588     7.6699    27.4568    27.4610    333.385  357.02841  358.65414          4  0.000e+00
      26147 309.264739  -62.18962  -58.05752      0.036    1448.26     13.309     13.181    -0.7294    -0.7306    -0.0012    -0.7298    -0.7310    -0.0012   2.779305   2.779616   0.000311    34.1536    34.1592     7.6697    27.4568    27.4613    333.376  357.02859  358.65432          4  0.000e+00
      26148 309.264739  -62.18962  -58.05752      0.032    1448.26     13.336     13.208    -0.7296    -0.7309    -0.0013    -0.7299    -0.7312    -0.0013   2.779317   2.779639   0.000322    34.1539    34.1597     7.6696    27.4570    27.4618    333.369  357.02891  358.65468          4  0.000e+00
      26149 309.264740  -62.18962  -58.05752      0.025    1448.26     13.288     13.160    -0.7296    -0.7307    -0.0011    -0.7300    -0.7311    -0.0011   2.779305   2.779639   0.000334    34.1538    34.1596     7.6701    27.4569    27.4616    333.394  357.02964  358.65542          4  0.000e+00
      26150 309.264740  -62.18962  -58.05752      0.024    1448.26     13.336     13.208    -0.7299    -0.7309    -0.0010    -0.7303    -0.7313    -0.0010   2.779323   2.779645   0.000322    34.1544    34.1599     7.6709    27.4574    27.4619    333.426  357.03087  358.65674          4  0.000e+00
      26151 309.264741  -62.18962  -58.05752      0.020    1448.26     13.288     13.160    -0.7299    -0.7302    -0.0003    -0.7303    -0.7306    -0.0003   2.779311   2.779639   0.000328    34.1542    34.1591     7.6715    27.4573    27.4612    333.454  357.03124  358.65710          4  0.000e+00
      26152 309.264741  -62.18962  -58.05752      0.016    1448.26     13.336     13.208    -0.7298    -0.7306    -0.0008    -0.7302    -0.7310    -0.0008   2.779305   2.779668   0.000363    34.1540    34.1598     7.6722    27.4571    27.4618    333.486  357.03082  358.65665          4  0.000e+00
      26153 309.264742  -62.18962  -58.05752      0.013    1448.26     13.288     13.160    -0.7296    -0.7299    -0.0003    -0.7300    -0.7303    -0.0003   2.779317   2.779627   0.000311    34.1540    34.1585     7.6721    27.4571    27.4608    333.479  357.02919  358.65498          4  0.000e+00
      26154 309.264742  -62.18962  -58.05752      0.010    1448.26     13.309     13.181    -0.7298    -0.7299    -0.0001    -0.7302    -0.7303    -0.0001   2.779305   2.779662   0.000357    34.1540    34.1590     7.6729    27.4571    27.4611    333.514  357.03077  358.65660          4  0.000e+00
      26155 309.264742  -62.18962  -58.05752      0.003    1448.26     13.288     13.160    -0.7298    -0.7304    -0.0006    -0.7302    -0.7308    -0.0006   2.779323   2.779627   0.000305    34.1543    34.1591     7.6728    27.4573    27.4613    333.511  357.03006  358.65590          4  0.000e+00
      26156 309.264743  -62.18962  -58.05752     -0.001    1448.26     13.288     13.160    -0.7296    -0.7304    -0.0008    -0.7300    -0.7308    -0.0008   2.779311   2.779616   0.000305    34.1539    34.1589     7.6728    27.4570    27.4611    333.509  357.02942  358.65520          4  0.000e+00
      26157 309.264743  -62.18962  -58.05752     -0.003    1448.26     13.288     13.160    -0.7294    -0.7309    -0.0015    -0.7298    -0.7313    -0.0015   2.779323   2.779633   0.000311    34.1539    34.1598     7.6727    27.4570    27.4618    333.506  357.02787  358.65361          4  0.000e+00
      26158 309.264744  -62.18962  -58.05752     -0.007    1448.26     13.288     13.160    -0.7296    -0.7306    -0.0009    -0.7300    -0.7309    -0.0009   2.779323   2.779605   0.000282    34.1541    34.1589     7.6727    27.4571    27.4611    333.506  357.02896  358.65476          4  0.000e+00
      26159 309.264744  -62.18962  -58.05752     -0.013    1448.26     13.234     13.106    -0.7296    -0.7302    -0.0007    -0.7299    -0.7306    -0.0007   2.779305   2.779610   0.000306    34.1538    34.1587     7.6726    27.4569    27.4609    333.502  357.02919  358.65495          4  0.000e+00
      26160 309.264745  -62.18962  -58.05752     -0.016    1448.26     13.309     13.181    -0.7294    -0.7304    -0.0010    -0.7298    -0.7308    -0.0010   2.779305   2.779662   0.000357    34.1536    34.1596     7.6675    27.4568    27.4616    333.279  357.02859  358.65432          4  0.000e+00
      26161 309.264745  -62.18962  -58.05752     -0.020    1448.26     13.288     13.160    -0.7296    -0.7304    -0.0008    -0.7300    -0.7308    -0.0008   2.779305   2.779627   0.000323    34.1538    34.1591     7.6719    27.4569    27.4612    333.470  357.02964  358.65542          4  0.000e+00
      26162 309.264746  -62.18962  -58.05752     -0.024    1448.26     13.234     13.106    -0.7294    -0.7303    -0.0009    -0.7298    -0.7307    -0.0009   2.779341   2.779616   0.000275    34.1541    34.1588     7.6674    27.4572    27.4610    333.275  357.02710  358.65285          4  0.000e+00
      26163 309.264746  -62.18962  -58.05752     -0.028    1448.26     13.288     13.160    -0.7294    -0.7309    -0.0014    -0.7298    -0.7312    -0.0014   2.779329   2.779616   0.000287    34.1539    34.1595     7.6727    27.4570    27.4615    333.507  357.02764  358.65339          4  0.000e+00
      26164 309.264747  -62.18962  -58.05752     -0.032    1448.26     13.234     13.106    -0.7293    -0.7310    -0.0017    -0.7297    -0.7314    -0.0017   2.779329   2.779616   0.000287    34.1538    34.1596     7.6736    27.4569    27.4617    333.543  357.02682  358.65254          4  0.000e+00
      26165 309.264747  -62.18962  -58.05752     -0.038    1448.26     13.234     13.106    -0.7294    -0.7309    -0.0015    -0.7298    -0.7313    -0.0015   2.779335   2.779593   0.000258    34.1541    34.1592     7.6737    27.4571    27.4614    333.549  357.02732  358.65308          4  0.000e+00
      26166 309.264748  -62.18962  -58.05752     -0.045    1448.26     13.213     13.086    -0.7293    -0.7307    -0.0014    -0.7297    -0.7311    -0.0014   2.779311   2.779610   0.000300    34.1536    34.1592     7.6738    27.4568    27.4614    333.554  357.02747  358.65317          4  0.000e+00
      26167 309.264748  -62.18962  -58.05752     -0.045    1448.26     13.288     13.160    -0.7296    -0.7304    -0.0008    -0.7300    -0.7308    -0.0008   2.779305   2.779616   0.000311    34.1538    34.1590     7.6749    27.4569    27.4611    333.600  357.02964  358.65542          4  0.000e+00
      26168 309.264749  -62.18962  -58.05752     -0.051    1448.26     13.186     13.059    -0.7294    -0.7299    -0.0005    -0.7298    -0.7303    -0.0005   2.779335   2.779616   0.000281    34.1541    34.1585     7.6749    27.4571    27.4607    333.600  357.02724  358.65299          4  0.000e+00
      26169 309.264749  -62.18962  -58.05752     -0.054    1448.26     13.234     13.106    -0.7296    -0.7301    -0.0005    -0.7300    -0.7304    -0.0005   2.779335   2.779616   0.000281    34.1543    34.1586     7.6751    27.4573    27.4608    333.611  357.02841  358.65422          4  0.000e+00
      26170 309.264750  -62.18962  -58.05752     -0.057    1448.26     13.234     13.106    -0.7293    -0.7306    -0.0013    -0.7296    -0.7310    -0.0013   2.779335   2.779599   0.000264    34.1539    34.1590     7.6701    27.4570    27.4611    333.391  357.02623  358.65194          4  0.000e+00
      26171 309.264750  -62.18962  -58.05752     -0.065    1448.26     13.186     13.059    -0.7292    -0.7307    -0.0015    -0.7295    -0.7311    -0.0015   2.779335   2.779587   0.000253    34.1538    34.1589     7.6694    27.4569    27.4611    333.362  357.02542  358.65109          4  0.000e+00
