Pos-Processados/process_op38/operantar38_004.cnv
* Sea-Bird SBE 9 Data File:
* FileName = D:\OPERANTAR_XXXVIII\DADOS\OP38_004.hdr
* Software Version Seasave V 7.12
* Temperature SN = 4808
* Conductivity SN = 3380
* Number of Bytes Per Scan = 31
* Number of Voltage Words = 2
* Number of Scans Averaged by the Deck Unit = 1
* NMEA Latitude = 39 58.92 S
* NMEA Longitude = 054 59.71 W
* NMEA UTC (Time) = Oct 17 2019 15:31:47
** H41
** NAVIO POLAR ALMIRANTE MAXIMIANO
** CRUZEIRO:
** OPERANTAR XXXVIII
** ESTAวรO: OP38_004
** LAT 39บ 58,96'S
** LONG 054บ 59,70'W
** 09P73767-1155
** PROFUNDIDADE: 1627 m
** DATA/HORA: 171533Z/OUT/2019
** OPERADOR: SO-HN CHAVES
# nquan = 33
# nvalues = 2034                        
# units = specified
# name 0 = scan: Scan Count
# name 1 = timeJ: Julian Days
# name 2 = latitude: Latitude [deg]
# name 3 = longitude: Longitude [deg]
# name 4 = dz/dtM: Descent Rate [m/s]
# name 5 = avgsvCM: Average Sound Velocity [Chen-Millero, m/s]
# name 6 = prDM: Pressure, Digiquartz [db]
# name 7 = depSM: Depth [salt water, m]
# name 8 = t090C: Temperature [ITS-90, deg C]
# name 9 = t190C: Temperature, 2 [ITS-90, deg C]
# name 10 = T2-T190C: Temperature Difference, 2 - 1 [ITS-90, deg C]
# name 11 = potemp090C: Potential Temperature [ITS-90, deg C]
# name 12 = potemp190C: Potential Temperature, 2 [ITS-90, deg C]
# name 13 = potemp90Cdiff: Potential Temperature, Diff, 2 - 1 [ITS-90, deg C]
# name 14 = c0S/m: Conductivity [S/m]
# name 15 = c1S/m: Conductivity, 2 [S/m]
# name 16 = C2-C1S/m: Conductivity Difference, 2 - 1 [S/m]
# name 17 = sal00: Salinity, Practical [PSU]
# name 18 = sal11: Salinity, Practical, 2 [PSU]
# name 19 = sbeox0ML/L: Oxygen, SBE 43 [ml/l]
# name 20 = sigma-้00: Density [sigma-theta, kg/m^3]
# name 21 = sigma-้11: Density, 2 [sigma-theta, kg/m^3]
# name 22 = sbox0Mm/Kg: Oxygen, SBE 43 [umol/kg]
# name 23 = oxsolMm/Kg: Oxygen Saturation, Garcia & Gordon [umol/kg]
# name 24 = oxsatMm/Kg: Oxygen Saturation, Weiss [umol/kg]
# name 25 = sal00: Salinity, Practical [PSU]
# name 26 = sigma-้00: Density [sigma-theta, kg/m^3]
# name 27 = svCM: Sound Velocity [Chen-Millero, m/s]
# name 28 = svCM1: Sound Velocity, 2 [Chen-Millero, m/s]
# name 29 = gsw_ptA0: potential temperature [ITS-90, deg C]
# name 30 = gsw_densityA0: density, TEOS-10 [density, kg/m^3]
# name 31 = gsw_saA0: Absolute Salinity [g/kg]
# name 32 = flag:
# span 0 =       2045,      65770       
# span 1 = 290.648058, 290.678789       
# span 2 =  -39.98184,  -39.97412       
# span 3 =  -54.99528,  -54.99512       
# span 4 =     -1.536,      1.573       
# span 5 =       0.00,    1475.01       
# span 6 =      3.000,   1020.000       
# span 7 =      2.997,   1009.706       
# span 8 =     2.5350,     6.8426       
# span 9 =     2.5356,     6.8372       
# span 10 =    -0.0550,     0.0591      
# span 11 =     2.4693,     6.8423      
# span 12 =     2.4698,     6.8369      
# span 13 =    -0.0548,     0.0591      
# span 14 =   3.104826,   3.430987      
# span 15 =   3.105302,   3.431200      
# span 16 =  -0.004683,   0.005548      
# span 17 =    34.0568,    34.5223      
# span 18 =    34.0613,    34.5271      
# span 19 =     3.8559,     7.5355      
# span 20 =    26.7142,    27.5506      
# span 21 =    26.7221,    27.5544      
# span 22 =    167.588,    327.728      
# span 23 =  296.51392,  327.45680      
# span 24 =  296.95436,  328.48851      
# span 25 =    34.0526,    34.5223      
# span 26 =    26.7163,    27.5506      
# span 27 =    1466.52,    1476.96      
# span 28 =    1466.53,    1476.95      
# span 29 =     2.4692,     6.8423      
# span 30 =  1026.7336,  1032.2880      
# span 31 =    34.2138,    34.6890      
# span 32 = 0.0000e+00, 0.0000e+00      
# interval = decibars: 1                
# start_time = Oct 17 2019 15:31:47 [NMEA time, header]
# bad_flag = -9.990e-29
*END*
[from data line 484]
      16096 290.654834  -39.98012  -54.99524      1.429    1468.31    488.000    483.691     3.0860     3.0871     0.0011     3.0548     3.0559     0.0011   3.130784   3.131278   0.000511    34.2130    34.2180     5.3160    27.2519    27.2557    231.116  323.79604  324.72958    34.2087    27.2484    1469.74    1469.75     3.0547  1029.5218    34.3713 0.0000e+00
      16122 290.654846  -39.98012  -54.99524      1.116    1468.31    489.000    484.681     3.0558     3.0577     0.0019     3.0246     3.0265     0.0019   3.127924   3.128548   0.000612    34.2103    34.2157     5.3258    27.2524    27.2566    231.541  324.04339  324.98145    34.2055    27.2486    1469.62    1469.64     3.0246  1029.5270    34.3680 0.0000e+00
      16162 290.654865 -9.990e-29  -54.99524      0.615    1468.31    490.000    485.671     3.0347     3.0369     0.0022     3.0035     3.0057     0.0022   3.126132   3.126726   0.000604    34.2087    34.2136     5.3470    27.2531    27.2568    232.461  324.21526  325.15650    34.2055    27.2505    1469.55    1469.56     3.0035  1029.5331    34.3671 0.0000e+00
      16196 290.654882 -9.990e-29  -54.99524      0.661    1468.31    491.000    486.661     3.0302     3.0313     0.0012     2.9990     3.0001     0.0011   3.125761   3.126272   0.000511    34.2079    34.2129     5.3747    27.2528    27.2567    233.667  324.25305  325.19496    34.2052    27.2507    1469.54    1469.56     2.9989  1029.5380    34.3668 0.0000e+00
      16219 290.654893 -9.990e-29  -54.99524      0.890    1468.31    492.000    487.651     3.0258     3.0269     0.0011     2.9945     2.9956     0.0011   3.125362   3.125876   0.000515    34.2073    34.2124     5.3901    27.2528    27.2568    234.335  324.28961  325.23217    34.2045    27.2505    1469.54    1469.55     2.9945  1029.5425    34.3661 0.0000e+00
      16238 290.654902  -39.98010  -54.99524      1.107    1468.31    493.000    488.641     3.0201     3.0212     0.0012     2.9887     2.9899     0.0011   3.124929   3.125416   0.000495    34.2070    34.2118     5.3971    27.2531    27.2568    234.640  324.33602  325.27945    34.2047    27.2512    1469.53    1469.54     2.9887  1029.5482    34.3667 0.0000e+00
      16256 290.654911  -39.98010  -54.99524      1.269    1468.31    494.000    489.631     3.0176     3.0186     0.0010     2.9863     2.9872     0.0010   3.124708   3.125177   0.000472    34.2067    34.2114     5.3959    27.2530    27.2567    234.586  324.35617  325.29995    34.2041    27.2509    1469.54    1469.55     2.9862  1029.5531    34.3666 0.0000e+00
      16274 290.654920  -39.98010  -54.99524      1.328    1468.31    495.000    490.621     3.0028     3.0038     0.0010     2.9714     2.9724     0.0010   3.123133   3.123617   0.000489    34.2047    34.2095     5.3952    27.2528    27.2566    234.558  324.47959  325.42559    34.2001    27.2491    1469.49    1469.50     2.9714  1029.5561    34.3626 0.0000e+00
      16299 290.654932  -39.98010  -54.99524      1.140    1468.31    496.000    491.611     2.9874     2.9894     0.0020     2.9560     2.9580     0.0020   3.121894   3.122478   0.000578    34.2040    34.2089     5.3988    27.2536    27.2573    234.713  324.60409  325.55244    34.2008    27.2510    1469.44    1469.45     2.9560  1029.5628    34.3633 0.0000e+00
      16336 290.654949  -39.98010  -54.99524      0.688    1468.31    497.000    492.601     2.9763     2.9773     0.0009     2.9449     2.9458     0.0009   3.120958   3.121431   0.000476    34.2030    34.2078     5.4067    27.2538    27.2576    235.054  324.69487  325.64488    34.2005    27.2519    1469.41    1469.42     2.9449  1029.5684    34.3631 0.0000e+00
      16367 290.654964  -39.98009  -54.99524      0.705    1468.31    498.000    493.591     2.9735     2.9745     0.0010     2.9421     2.9430     0.0010   3.120701   3.121163   0.000464    34.2026    34.2072     5.4196    27.2537    27.2573    235.616  324.71819  325.66862    34.1998    27.2515    1469.41    1469.42     2.9420  1029.5728    34.3624 0.0000e+00
      16388 290.654974  -39.98008  -54.99525      0.945    1468.31    499.000    494.581     2.9554     2.9569     0.0015     2.9239     2.9254     0.0014   3.118943   3.119492   0.000526    34.2013    34.2061     5.4281    27.2544    27.2581    235.985  324.86636  325.81954    34.1971    27.2510    1469.34    1469.36     2.9239  1029.5771    34.3597 0.0000e+00
      16406 290.654983  -39.98008  -54.99526      1.171    1468.31    500.000    495.571     2.9464     2.9488     0.0024     2.9149     2.9173     0.0024   3.118373   3.118940   0.000593    34.2017    34.2064     5.4284    27.2555    27.2590    236.001  324.93754  325.89213    34.1992    27.2535    1469.32    1469.34     2.9149  1029.5844    34.3617 0.0000e+00
      16423 290.654991  -39.98008  -54.99526      1.338    1468.31    501.000    496.561     2.9379     2.9390     0.0011     2.9063     2.9075     0.0011   3.117407   3.117875   0.000469    34.2003    34.2048     5.4268    27.2551    27.2586    235.929  325.00934  325.96520    34.1959    27.2516    1469.30    1469.31     2.9063  1029.5873    34.3585 0.0000e+00
      16442 290.655000  -39.98008  -54.99524      1.368    1468.31    502.000    497.551     2.9202     2.9211     0.0009     2.8887     2.8896     0.0009   3.115851   3.116333   0.000473    34.1994    34.2042     5.4326    27.2560    27.2597    236.183  325.15248  326.11103    34.1951    27.2525    1469.24    1469.25     2.8886  1029.5931    34.3576 0.0000e+00
      16466 290.655012  -39.98008  -54.99524      1.143    1468.31    503.000    498.541     2.9008     2.9026     0.0018     2.8692     2.8710     0.0018   3.114116   3.114664   0.000546    34.1982    34.2029     5.4330    27.2567    27.2603    236.202  325.31188  326.27341    34.1941    27.2534    1469.17    1469.19     2.8692  1029.5989    34.3566 0.0000e+00
      16500 290.655028  -39.98008  -54.99525      0.761    1468.31    504.000    499.531     2.8867     2.8886     0.0018     2.8552     2.8570     0.0018   3.112979   3.113517   0.000543    34.1979    34.2026     5.4402    27.2577    27.2613    236.514  325.42495  326.38866    34.1945    27.2551    1469.13    1469.14     2.8552  1029.6053    34.3571 0.0000e+00
      16531 290.655043  -39.98008  -54.99526      0.734    1468.31    505.000    500.521     2.8702     2.8704     0.0002     2.8387     2.8389     0.0002   3.111469   3.111820   0.000375    34.1968    34.2011     5.4657    27.2583    27.2618    237.619  325.56009  326.52632    34.1930    27.2553    1469.07    1469.08     2.8387  1029.6105    34.3556 0.0000e+00
      16555 290.655055  -39.98007  -54.99526      0.894    1468.31    506.000    501.511     2.8634     2.8618    -0.0015     2.8318     2.8303    -0.0015   3.110906   3.111157   0.000235    34.1963    34.2008     5.4700    27.2585    27.2622    237.806  325.61651  326.58380    34.1929    27.2559    1469.06    1469.06     2.8318  1029.6157    34.3555 0.0000e+00
      16577 290.655066  -39.98006  -54.99525      1.032    1468.31    507.000    502.501     2.8583     2.8599     0.0016     2.8267     2.8283     0.0016   3.110504   3.111045   0.000517    34.1958    34.2005     5.4699    27.2586    27.2622    237.801  325.65807  326.62612    34.1928    27.2562    1469.05    1469.06     2.8267  1029.6208    34.3554 0.0000e+00
      16599 290.655076  -39.98006  -54.99524      1.095    1468.31    508.000    503.491     2.8514     2.8539     0.0025     2.8198     2.8223     0.0025   3.109907   3.110490   0.000612    34.1950    34.1998     5.4715    27.2586    27.2622    237.872  325.71536  326.68446    34.1923    27.2564    1469.04    1469.06     2.8197  1029.6257    34.3548 0.0000e+00
      16623 290.655088  -39.98006  -54.99524      1.050    1468.31    509.000    504.480     2.8451     2.8463     0.0011     2.8135     2.8146     0.0011   3.109374   3.109843   0.000463    34.1948    34.1992     5.4815    27.2589    27.2624    238.307  325.76664  326.73671    34.1919    27.2567    1469.03    1469.04     2.8134  1029.6307    34.3545 0.0000e+00
      16648 290.655100  -39.98006  -54.99525      0.971    1468.31    510.000    505.470     2.8257     2.8257     0.0000     2.7941     2.7941     0.0000   3.107346   3.107713   0.000370    34.1928    34.1973     5.4938    27.2591    27.2627    238.844  325.92759  326.90062    34.1872    27.2546    1468.95    1468.96     2.7940  1029.6336    34.3498 0.0000e+00
      16673 290.655112  -39.98005  -54.99526      0.952    1468.31    511.000    506.460     2.7978     2.7986     0.0008     2.7662     2.7670     0.0008   3.105223   3.105670   0.000448    34.1939    34.1985     5.4945    27.2624    27.2660    238.871  326.14955  327.12699    34.1903    27.2596    1468.86    1468.86     2.7662  1029.6436    34.3529 0.0000e+00
      16697 290.655123  -39.98004  -54.99526      0.993    1468.31    512.000    507.450     2.7945     2.7957     0.0012     2.7629     2.7640     0.0012   3.105201   3.105657   0.000454    34.1956    34.1999     5.4871    27.2641    27.2674    238.549  326.17173  327.14975    34.1930    27.2620    1468.86    1468.87     2.7628  1029.6507    34.3556 0.0000e+00
      16720 290.655134  -39.98004  -54.99526      1.033    1468.31    513.000    508.440     2.7944     2.7955     0.0011     2.7627     2.7638     0.0011   3.105272   3.105731   0.000459    34.1959    34.2003     5.4941    27.2643    27.2677    238.856  326.17196  327.15001    34.1935    27.2624    1468.88    1468.89     2.7627  1029.6557    34.3561 0.0000e+00
      16743 290.655146  -39.98004  -54.99525      1.029    1468.31    514.000    509.430     2.7938     2.7950     0.0013     2.7619     2.7632     0.0012   3.105309   3.105774   0.000463    34.1962    34.2005     5.5005    27.2646    27.2679    239.132  326.17649  327.15465    34.1941    27.2629    1468.89    1468.90     2.7619  1029.6609    34.3567 0.0000e+00
      16767 290.655157  -39.98004  -54.99524      1.014    1468.31    515.000    510.420     2.7936     2.7948     0.0012     2.7617     2.7629     0.0012   3.105359   3.105826   0.000465    34.1962    34.2006     5.4939    27.2646    27.2680    238.848  326.17801  327.15620    34.1944    27.2632    1468.91    1468.92     2.7617  1029.6658    34.3570 0.0000e+00
      16790 290.655168  -39.98004  -54.99525      1.026    1468.31    516.000    511.410     2.7936     2.7947     0.0011     2.7617     2.7628     0.0011   3.105410   3.105887   0.000478    34.1960    34.2006     5.4839    27.2645    27.2681    238.412  326.17839  327.15656    34.1945    27.2632    1468.92    1468.94     2.7616  1029.6705    34.3571 0.0000e+00
      16812 290.655179  -39.98004  -54.99526      1.071    1468.31    517.000    512.400     2.7933     2.7946     0.0012     2.7613     2.7625     0.0012   3.105490   3.105949   0.000460    34.1965    34.2008     5.4832    27.2649    27.2683    238.380  326.17912  327.15735    34.1952    27.2639    1468.94    1468.95     2.7613  1029.6757    34.3578 0.0000e+00
      16833 290.655189  -39.98004  -54.99526      1.113    1468.31    518.000    513.389     2.7921     2.7933     0.0012     2.7600     2.7612     0.0012   3.105462   3.105929   0.000465    34.1970    34.2014     5.4824    27.2655    27.2688    238.344  326.18811  327.16657    34.1956    27.2643    1468.95    1468.96     2.7600  1029.6809    34.3582 0.0000e+00
      16860 290.655202  -39.98003  -54.99526      0.994    1468.31    519.000    514.379     2.7913     2.7923     0.0010     2.7592     2.7602     0.0010   3.105554   3.106012   0.000458    34.1979    34.2025     5.4798    27.2662    27.2698    238.233  326.19211  327.17072    34.1970    27.2655    1468.97    1468.98     2.7591  1029.6867    34.3596 0.0000e+00
      16899 290.655221  -39.98002  -54.99525      0.642    1468.31    520.000    515.369     2.7953     2.7966     0.0012     2.7631     2.7644     0.0012   3.106155   3.106640   0.000487    34.1999    34.2045     5.4720    27.2675    27.2711    237.892  326.15443  327.13247    34.1995    27.2672    1469.00    1469.01     2.7631  1029.6929    34.3621 0.0000e+00
      16935 290.655238  -39.98002  -54.99525      0.624    1468.31    521.000    516.359     2.7994     2.7999     0.0006     2.7671     2.7676     0.0006   3.106689   3.107092   0.000400    34.2014    34.2057     5.4593    27.2683    27.2717    237.341  326.11853  327.09601    34.2012    27.2682    1469.04    1469.05     2.7670  1029.6985    34.3639 0.0000e+00
      16960 290.655250  -39.98002  -54.99526      0.845    1468.31    522.000    517.349     2.8098     2.8113     0.0014     2.7775     2.7788     0.0014   3.108235   3.108712   0.000476    34.2063    34.2106     5.4497    27.2713    27.2746    236.923  326.02183  326.99784    34.2085    27.2730    1469.11    1469.12     2.7774  1029.7078    34.3711 0.0000e+00
      16980 290.655260  -39.98002  -54.99526      1.064    1468.31    523.000    518.339     2.8252     2.8265     0.0013     2.7927     2.7940     0.0013   3.110017   3.110494   0.000476    34.2119    34.2163     5.4395    27.2744    27.2779    236.476  325.88441  326.85822    34.2134    27.2756    1469.20    1469.21     2.7926  1029.7148    34.3761 0.0000e+00
      16998 290.655269  -39.98000  -54.99526      1.220    1468.31    524.000    519.329     2.8282     2.8294     0.0012     2.7956     2.7968     0.0012   3.110349   3.110821   0.000473    34.2132    34.2177     5.4308    27.2752    27.2787    236.100  325.85736  326.83076    34.2137    27.2757    1469.23    1469.24     2.7955  1029.7194    34.3764 0.0000e+00
      17017 290.655278  -39.98000  -54.99526      1.301    1468.31    525.000    520.318     2.8288     2.8300     0.0012     2.7961     2.7973     0.0012   3.110508   3.110969   0.000465    34.2136    34.2181     5.4169    27.2755    27.2790    235.495  325.85093  326.82424    34.2144    27.2762    1469.25    1469.26     2.7961  1029.7246    34.3772 0.0000e+00
      17037 290.655287  -39.98000  -54.99526      1.277    1468.31    526.000    521.308     2.8327     2.8338     0.0011     2.7999     2.8010     0.0011   3.110958   3.111414   0.000453    34.2144    34.2187     5.3899    27.2758    27.2792    234.321  325.81818  326.79093    34.2153    27.2766    1469.28    1469.29     2.7999  1029.7295    34.3781 0.0000e+00
      17059 290.655298  -39.98000  -54.99526      1.137    1468.31    527.000    522.298     2.8389     2.8400     0.0011     2.8060     2.8071     0.0011   3.111709   3.112154   0.000446    34.2158    34.2201     5.3499    27.2764    27.2797    232.583  325.76463  326.73645    34.2173    27.2776    1469.33    1469.34     2.8060  1029.7351    34.3801 0.0000e+00
      17081 290.655309  -39.98000  -54.99526      1.077    1468.46    528.000    523.288     2.8496     2.8511     0.0015     2.8166     2.8181     0.0015   3.112942   3.113416   0.000472    34.2183    34.2225     5.3272    27.2775    27.2807    231.595  325.67213  326.64237    34.2205    27.2792    1469.40    1469.41     2.8166  1029.7411    34.3832 0.0000e+00
      17100 290.655318  -39.98000  -54.99526      1.152    1468.47    529.000    524.278     2.8567     2.8580     0.0014     2.8236     2.8249     0.0014   3.113655   3.114123   0.000469    34.2197    34.2240     5.3232    27.2780    27.2813    231.420  325.61212  326.58131    34.2212    27.2791    1469.44    1469.46     2.8235  1029.7456    34.3839 0.0000e+00
      17119 290.655327  -39.98000  -54.99526      1.237    1468.47    530.000    525.268     2.8583     2.8596     0.0013     2.8251     2.8264     0.0013   3.113846   3.114322   0.000474    34.2201    34.2245     5.3204    27.2782    27.2816    231.300  325.59841  326.56737    34.2213    27.2791    1469.47    1469.48     2.8251  1029.7502    34.3840 0.0000e+00
