Pos-Processados/process_op38/operantar38_018Bb.ros
* Sea-Bird SBE 9 Data File:
* FileName = D:\OPERANTAR_XXXVIII\DADOS\OP38_018Bb.hdr
* Software Version Seasave V 7.18c
* Temperature SN = 4808
* Conductivity SN = 3380
* Number of Bytes Per Scan = 34
* Number of Voltage Words = 3
* Number of Scans Averaged by the Deck Unit = 1
* NMEA Latitude = 62 10.02 S
* NMEA Longitude = 058 22.53 W
* NMEA UTC (Time) = Nov 05 2019 18:22:12
** H41
** NAVIO POLAR ALMIRANTE MAXIMIANO
** CRUZEIRO:
** OPERANTAR XXXVIII
** ESTAÇÃO: OP38_018b
** LAT 62 10,01' S
** LONG 058 22,50' W
** 09P73767-1155_A
** PROFUNDIDADE: 440
** DATA/HORA: 051823Z/NOV/2019
** OPERADOR: SO-HN CHAVES
# nquan = 27
# nvalues = 1843                                  
# units = specified
# name 0 = scan: Scan Count
# name 1 = timeJ: Julian Days
# name 2 = latitude: Latitude [deg]
# name 3 = longitude: Longitude [deg]
# name 4 = dz/dtM: Descent Rate [m/s]
# name 5 = avgsvCM: Average Sound Velocity [Chen-Millero, m/s]
# name 6 = prDM: Pressure, Digiquartz [db]
# name 7 = depSM: Depth [salt water, m]
# name 8 = t090C: Temperature [ITS-90, deg C]
# name 9 = t190C: Temperature, 2 [ITS-90, deg C]
# name 10 = T2-T190C: Temperature Difference, 2 - 1 [ITS-90, deg C]
# name 11 = potemp090C: Potential Temperature [ITS-90, deg C]
# name 12 = potemp190C: Potential Temperature, 2 [ITS-90, deg C]
# name 13 = potemp90Cdiff: Potential Temperature, Diff, 2 - 1 [ITS-90, deg C]
# name 14 = c0S/m: Conductivity [S/m]
# name 15 = c1S/m: Conductivity, 2 [S/m]
# name 16 = C2-C1S/m: Conductivity Difference, 2 - 1 [S/m]
# name 17 = sal00: Salinity, Practical [PSU]
# name 18 = sal11: Salinity, Practical, 2 [PSU]
# name 19 = sbeox0ML/L: Oxygen, SBE 43 [ml/l]
# name 20 = sigma-é00: Density [sigma-theta, kg/m^3]
# name 21 = sigma-é11: Density, 2 [sigma-theta, kg/m^3]
# name 22 = sbox0Mm/Kg: Oxygen, SBE 43 [umol/kg]
# name 23 = oxsolMm/Kg: Oxygen Saturation, Garcia & Gordon [umol/kg]
# name 24 = oxsatMm/Kg: Oxygen Saturation, Weiss [umol/kg]
# name 25 = nbf: Bottles Fired
# name 26 = flag:  0.000e+00
# interval = seconds: 0.0416667
# start_time = Nov 05 2019 18:22:12 [NMEA time, header]
# bad_flag = -9.990e-29
*END*
[from data line 430]
        876 309.765839  -62.16700  -58.37554     -0.014       0.00      2.072      2.052    -0.6502    -0.6505    -0.0002    -0.6503    -0.6505    -0.0002   2.783761   2.784202   0.000441    34.1313    34.1375     7.5982    27.4354    27.4404    330.276  356.34436  357.95186          3  0.000e+00
        877 309.765839  -62.16700  -58.37554     -0.016       0.00      2.072      2.052    -0.6500    -0.6505    -0.0004    -0.6501    -0.6505    -0.0004   2.783785   2.784144   0.000359    34.1314    34.1367     7.5985    27.4354    27.4398    330.286  356.34237  357.94983          3  0.000e+00
        878 309.765840  -62.16700  -58.37554     -0.017       0.00      2.072      2.052    -0.6499    -0.6508    -0.0009    -0.6499    -0.6508    -0.0009   2.783797   2.784144   0.000347    34.1314    34.1371     7.5980    27.4354    27.4401    330.264  356.34083  357.94826          3  0.000e+00
        879 309.765840  -62.16700  -58.37554     -0.019       0.00      2.072      2.052    -0.6498    -0.6505    -0.0007    -0.6498    -0.6505    -0.0007   2.783797   2.784156   0.000359    34.1312    34.1369     7.5975    27.4353    27.4399    330.242  356.34011  357.94750          3  0.000e+00
        880 309.765841  -62.16700  -58.37554     -0.017       0.00      2.127      2.107    -0.6496    -0.6505    -0.0009    -0.6496    -0.6505    -0.0009   2.783815   2.784196   0.000381    34.1312    34.1374     7.5978    27.4353    27.4403    330.257  356.33844  357.94579          3  0.000e+00
        881 309.765841  -62.16700  -58.37554     -0.019       0.00      2.072      2.052    -0.6498    -0.6506    -0.0009    -0.6498    -0.6507    -0.0009   2.783803   2.784190   0.000387    34.1313    34.1375     7.5981    27.4354    27.4404    330.271  356.33988  357.94728          3  0.000e+00
        882 309.765842  -62.16700  -58.37554     -0.020       0.00      2.072      2.052    -0.6495    -0.6507    -0.0013    -0.6495    -0.6508    -0.0013   2.783833   2.784144   0.000311    34.1314    34.1370     7.5984    27.4354    27.4400    330.285  356.33694  357.94428          3  0.000e+00
        883 309.765842  -62.16700  -58.37554     -0.021       0.00      2.072      2.052    -0.6494    -0.6505    -0.0011    -0.6495    -0.6505    -0.0011   2.783815   2.784127   0.000312    34.1311    34.1365     7.5989    27.4352    27.4396    330.303  356.33725  357.94456          3  0.000e+00
        884 309.765842  -62.16700  -58.37554     -0.022       0.00      2.072      2.052    -0.6494    -0.6506    -0.0012    -0.6495    -0.6507    -0.0012   2.783839   2.784190   0.000351    34.1314    34.1375     7.5985    27.4354    27.4404    330.287  356.33635  357.94368          3  0.000e+00
        885 309.765843  -62.16700  -58.37554     -0.024       0.00      2.045      2.025    -0.6496    -0.6503    -0.0007    -0.6496    -0.6504    -0.0007   2.783827   2.784190   0.000363    34.1315    34.1372     7.5989    27.4355    27.4402    330.307  356.33784  357.94521          3  0.000e+00
        886 309.765843  -62.16700  -58.37554     -0.022       0.00      2.127      2.107    -0.6494    -0.6499    -0.0005    -0.6495    -0.6499    -0.0005   2.783839   2.784184   0.000345    34.1314    34.1366     7.5995    27.4354    27.4396    330.330  356.33644  357.94377          3  0.000e+00
        887 309.765844  -62.16700  -58.37554     -0.023       0.00      2.072      2.052    -0.6494    -0.6503    -0.0009    -0.6495    -0.6504    -0.0009   2.783851   2.784184   0.000333    34.1316    34.1371     7.5999    27.4356    27.4401    330.349  356.33590  357.94323          3  0.000e+00
        888 309.765844  -62.16700  -58.37554     -0.030       0.00      2.024      2.005    -0.6493    -0.6505    -0.0012    -0.6494    -0.6505    -0.0012   2.783869   2.784184   0.000316    34.1317    34.1373     7.6004    27.4357    27.4402    330.369  356.33441  357.94173          3  0.000e+00
        889 309.765845  -62.16700  -58.37554     -0.030       0.00      2.072      2.052    -0.6491    -0.6503    -0.0012    -0.6492    -0.6503    -0.0012   2.783857   2.784202   0.000345    34.1313    34.1373     7.6002    27.4353    27.4402    330.360  356.33386  357.94112          3  0.000e+00
        890 309.765845  -62.16700  -58.37554     -0.030       0.00      2.072      2.052    -0.6490    -0.6497    -0.0007    -0.6491    -0.6498    -0.0007   2.783869   2.784230   0.000362    34.1314    34.1370     7.5999    27.4354    27.4400    330.350  356.33268  357.93992          3  0.000e+00
        891 309.765846  -62.16700  -58.37554     -0.031       0.00      2.072      2.052    -0.6488    -0.6496    -0.0007    -0.6489    -0.6496    -0.0007   2.783857   2.784294   0.000437    34.1310    34.1377     7.6005    27.4351    27.4405    330.374  356.33204  357.93922          3  0.000e+00
        892 309.765846  -62.16700  -58.37554     -0.034       0.00      2.024      2.005    -0.6489    -0.6494    -0.0004    -0.6490    -0.6495    -0.0004   2.783851   2.784294   0.000443    34.1311    34.1376     7.6011    27.4351    27.4404    330.399  356.33291  357.94012          3  0.000e+00
        893 309.765847  -62.16700  -58.37554     -0.033       0.00      2.072      2.052    -0.6493    -0.6491     0.0002    -0.6494    -0.6491     0.0002   2.783851   2.784288   0.000437    34.1314    34.1371     7.6010    27.4354    27.4400    330.397  356.33517  357.94247          3  0.000e+00
        894 309.765847  -62.16700  -58.37554     -0.035       0.00      2.024      2.005    -0.6494    -0.6491     0.0003    -0.6495    -0.6491     0.0003   2.783785   2.784248   0.000463    34.1307    34.1366     7.6060    27.4349    27.4396    330.614  356.33830  357.94559          3  0.000e+00
        895 309.765848  -62.16700  -58.37554     -0.039       0.00      2.045      2.025    -0.6498    -0.6489     0.0008    -0.6498    -0.6490     0.0008   2.783785   2.784253   0.000468    34.1311    34.1365     7.6067    27.4352    27.4395    330.643  356.34051  357.94790          3  0.000e+00
        896 309.765848  -62.16700  -58.37554     -0.039       0.00      2.072      2.052    -0.6503    -0.6493     0.0011    -0.6504    -0.6493     0.0011   2.783761   2.784242   0.000481    34.1314    34.1367     7.6022    27.4355    27.4397    330.449  356.34509  357.95261          3  0.000e+00
        897 309.765849  -62.16700  -58.37554     -0.041       0.00      2.024      2.005    -0.6506    -0.6490     0.0015    -0.6506    -0.6491     0.0015   2.783743   2.784253   0.000510    34.1315    34.1366     7.6020    27.4355    27.4396    330.439  356.34714  357.95471          3  0.000e+00
        898 309.765849  -62.16700  -58.37554     -0.043       0.00      2.024      2.005    -0.6505    -0.6494     0.0011    -0.6506    -0.6495     0.0011   2.783725   2.784225   0.000500    34.1311    34.1366     7.6018    27.4353    27.4397    330.430  356.34745  357.95500          3  0.000e+00
        899 309.765850  -62.16700  -58.37554     -0.044       0.00      2.024      2.005    -0.6503    -0.6493     0.0011    -0.6504    -0.6493     0.0011   2.783755   2.784305   0.000550    34.1314    34.1376     7.6015    27.4354    27.4404    330.418  356.34523  357.95276          3  0.000e+00
        900 309.765850  -62.16700  -58.37554     -0.045       0.00      2.024      2.005    -0.6499    -0.6480     0.0019    -0.6499    -0.6481     0.0019   2.783803   2.784374   0.000571    34.1315    34.1371     7.6020    27.4355    27.4400    330.438  356.34052  357.94795          3  0.000e+00
        901 309.765851  -62.16700  -58.37554     -0.047       0.00      2.024      2.005    -0.6494    -0.6477     0.0017    -0.6495    -0.6478     0.0017   2.783821   2.784432   0.000611    34.1312    34.1375     7.6017    27.4353    27.4403    330.425  356.33694  357.94426          4  0.000e+00
        902 309.765851  -62.16700  -58.37554     -0.050       0.00      1.976      1.957    -0.6489    -0.6472     0.0017    -0.6490    -0.6473     0.0017   2.783857   2.784403   0.000546    34.1312    34.1366     7.6013    27.4352    27.4396    330.410  356.33260  357.93982          4  0.000e+00
        903 309.765852  -62.16700  -58.37554     -0.059       0.00      2.024      2.005    -0.6485    -0.6468     0.0017    -0.6485    -0.6468     0.0017   2.783911   2.784414   0.000504    34.1314    34.1362     7.6011    27.4353    27.4392    330.399  356.32775  357.93488          4  0.000e+00
        904 309.765852  -62.16700  -58.37554     -0.054       0.00      2.024      2.005    -0.6480    -0.6468     0.0012    -0.6481    -0.6468     0.0012   2.783965   2.784437   0.000473    34.1316    34.1366     7.6008    27.4355    27.4395    330.386  356.32282  357.92985          4  0.000e+00
        905 309.765853  -62.16700  -58.37554     -0.056       0.00      2.045      2.025    -0.6473    -0.6467     0.0006    -0.6474    -0.6468     0.0006   2.784054   2.784426   0.000371    34.1320    34.1363     7.6012    27.4358    27.4393    330.405  356.31511  357.92202          4  0.000e+00
        906 309.765853  -62.16700  -58.37554     -0.058       0.00      1.976      1.957    -0.6459    -0.6465    -0.0006    -0.6459    -0.6465    -0.0006   2.784162   2.784460   0.000298    34.1318    34.1365     7.6066    27.4356    27.4395    330.639  356.30186  357.90845          4  0.000e+00
        907 309.765854  -62.16700  -58.37554     -0.058       0.00      2.024      2.005    -0.6446    -0.6463    -0.0017    -0.6447    -0.6464    -0.0017   2.784264   2.784489   0.000225    34.1317    34.1367     7.6077    27.4355    27.4396    330.689  356.29012  357.89644          4  0.000e+00
        908 309.765854  -62.16700  -58.37554     -0.060       0.00      1.976      1.957    -0.6445    -0.6459    -0.0014    -0.6445    -0.6459    -0.0014   2.784294   2.784552   0.000259    34.1320    34.1371     7.6091    27.4357    27.4399    330.746  356.28819  357.89449          4  0.000e+00
        909 309.765855  -62.16700  -58.37554     -0.059       0.00      2.024      2.005    -0.6445    -0.6452    -0.0007    -0.6445    -0.6453    -0.0007   2.784204   2.784598   0.000394    34.1308    34.1370     7.6046    27.4347    27.4398    330.555  356.29166  357.89790          4  0.000e+00
        910 309.765855  -62.16700  -58.37554     -0.061       0.00      1.976      1.957    -0.6446    -0.6446    -0.0000    -0.6447    -0.6447    -0.0000   2.784162   2.784644   0.000482    34.1304    34.1369     7.6045    27.4344    27.4397    330.548  356.29388  357.90013          4  0.000e+00
        911 309.765856  -62.16700  -58.37554     -0.062       0.00      1.976      1.957    -0.6455    -0.6446     0.0009    -0.6456    -0.6447     0.0009   2.784102   2.784633   0.000531    34.1306    34.1368     7.6045    27.4346    27.4396    330.550  356.30195  357.90840          4  0.000e+00
        912 309.765856  -62.16700  -58.37554     -0.066       0.00      1.976      1.957    -0.6461    -0.6438     0.0023    -0.6462    -0.6439     0.0023   2.784042   2.784673   0.000631    34.1305    34.1364     7.6045    27.4345    27.4393    330.549  356.30783  357.91440          4  0.000e+00
        913 309.765856  -62.16700  -58.37554     -0.064       0.00      2.024      2.005    -0.6457    -0.6432     0.0025    -0.6458    -0.6433     0.0025   2.784066   2.784725   0.000659    34.1303    34.1364     7.6043    27.4344    27.4392    330.540  356.30447  357.91095          4  0.000e+00
        914 309.765857  -62.16700  -58.37554     -0.069       0.00      1.922      1.903    -0.6452    -0.6430     0.0023    -0.6453    -0.6430     0.0023   2.784102   2.784771   0.000669    34.1303    34.1368     7.6091    27.4344    27.4395    330.748  356.30004  357.90641          4  0.000e+00
        915 309.765857  -62.16700  -58.37554     -0.068       0.00      1.990      1.971    -0.6449    -0.6429     0.0020    -0.6450    -0.6430     0.0020   2.784126   2.784788   0.000662    34.1303    34.1369     7.6097    27.4343    27.4396    330.773  356.29744  357.90375          4  0.000e+00
        916 309.765858  -62.16700  -58.37554     -0.071       0.00      1.976      1.957    -0.6446    -0.6428     0.0018    -0.6447    -0.6428     0.0018   2.784174   2.784748   0.000574    34.1306    34.1362     7.6050    27.4345    27.4391    330.568  356.29343  357.89968          4  0.000e+00
        917 309.765858  -62.16700  -58.37554     -0.071       0.00      1.976      1.957    -0.6448    -0.6434     0.0014    -0.6448    -0.6434     0.0014   2.784210   2.784736   0.000526    34.1312    34.1368     7.6099    27.4351    27.4395    330.782  356.29316  357.89949          4  0.000e+00
        918 309.765859  -62.16700  -58.37554     -0.070       0.00      1.976      1.957    -0.6443    -0.6438     0.0005    -0.6444    -0.6439     0.0005   2.784174   2.784713   0.000539    34.1302    34.1370     7.6052    27.4343    27.4397    330.579  356.29162  357.89779          4  0.000e+00
        919 309.765859  -62.16700  -58.37554     -0.075       0.00      1.922      1.903    -0.6441    -0.6438     0.0003    -0.6442    -0.6439     0.0003   2.784216   2.784725   0.000509    34.1306    34.1372     7.6048    27.4346    27.4399    330.562  356.28886  357.89501          4  0.000e+00
        920 309.765860  -62.16700  -58.37554     -0.073       0.00      1.976      1.957    -0.6441    -0.6437     0.0005    -0.6442    -0.6437     0.0005   2.784222   2.784719   0.000497    34.1307    34.1369     7.6046    27.4346    27.4396    330.553  356.28872  357.89488          4  0.000e+00
        921 309.765860  -62.16700  -58.37554     -0.077       0.00      1.922      1.903    -0.6438    -0.6434     0.0005    -0.6439    -0.6434     0.0005   2.784252   2.784731   0.000479    34.1308    34.1367     7.6042    27.4347    27.4395    330.537  356.28569  357.89179          4  0.000e+00
        922 309.765861  -62.16700  -58.37554     -0.078       0.00      1.976      1.957    -0.6438    -0.6432     0.0006    -0.6439    -0.6433     0.0006   2.784210   2.784754   0.000544    34.1302    34.1368     7.6041    27.4342    27.4396    330.530  356.28736  357.89343          4  0.000e+00
        923 309.765861  -62.16700  -58.37554     -0.075       0.00      1.976      1.957    -0.6440    -0.6434     0.0007    -0.6441    -0.6434     0.0007   2.784174   2.784742   0.000568    34.1299    34.1368     7.6039    27.4340    27.4396    330.521  356.28981  357.89590          4  0.000e+00
        924 309.765862  -62.16700  -58.37554     -0.073       0.00      1.942      1.924    -0.6445    -0.6432     0.0013    -0.6445    -0.6433     0.0013   2.784102   2.784736   0.000634    34.1295    34.1366     7.6088    27.4337    27.4394    330.738  356.29536  357.90153          4  0.000e+00
        925 309.765862  -62.16700  -58.37554     -0.076       0.00      1.922      1.903    -0.6459    -0.6434     0.0024    -0.6459    -0.6435     0.0024   2.784066   2.784713   0.000647    34.1306    34.1366     7.6096    27.4346    27.4394    330.769  356.30538  357.91191          4  0.000e+00
        926 309.765863  -62.16700  -58.37554     -0.076       0.00      1.976      1.957    -0.6464    -0.6438     0.0026    -0.6465    -0.6439     0.0026   2.784018   2.784690   0.000672    34.1305    34.1367     7.6102    27.4346    27.4395    330.796  356.31055  357.91718          4  0.000e+00
        927 309.765863  -62.16700  -58.37554     -0.075       0.00      1.976      1.957    -0.6473    -0.6435     0.0037    -0.6473    -0.6436     0.0037   2.783965   2.784679   0.000714    34.1307    34.1362     7.6108    27.4348    27.4390    330.822  356.31802  357.92485          4  0.000e+00
        928 309.765864  -62.16700  -58.37554     -0.077       0.00      1.922      1.903    -0.6474    -0.6437     0.0038    -0.6475    -0.6437     0.0038   2.783970   2.784719   0.000749    34.1311    34.1369     7.6111    27.4351    27.4396    330.837  356.31879  357.92567          4  0.000e+00
