Pos-Processados/process_op38/operantar38_006.ros
* Sea-Bird SBE 9 Data File:
* FileName = D:\OPERANTAR_XXXVIII\DADOS\OP38_006.hdr
* Software Version Seasave V 7.18c
* Temperature SN = 4808
* Conductivity SN = 3380
* Number of Bytes Per Scan = 31
* Number of Voltage Words = 2
* Number of Scans Averaged by the Deck Unit = 1
* NMEA Latitude = 45 04.05 S
* NMEA Longitude = 051 28.82 W
* NMEA UTC (Time) = Oct 19 2019 17:49:21
** H41
** NAVIO POLAR ALMIRANTE MAXIMIANO
** CRUZEIRO:
** OPERANTAR XXXVIII
** ESTAÇÃO: OP38_006
** LAT 45º 04,05' S
** LONG 051º 28,85' W
** 09P73767-1155
** PROFUNDIDADE: 5872
** DATA/HORA: 191750Z/OUT/2019
** OPERADOR: SO-HN CHAVES
# nquan = 26
# nvalues = 4279                                  
# units = specified
# name 0 = scan: Scan Count
# name 1 = timeJ: Julian Days
# name 2 = latitude: Latitude [deg]
# name 3 = longitude: Longitude [deg]
# name 4 = dz/dtM: Descent Rate [m/s]
# name 5 = avgsvCM: Average Sound Velocity [Chen-Millero, m/s]
# name 6 = prDM: Pressure, Digiquartz [db]
# name 7 = depSM: Depth [salt water, m]
# name 8 = t090C: Temperature [ITS-90, deg C]
# name 9 = t190C: Temperature, 2 [ITS-90, deg C]
# name 10 = T2-T190C: Temperature Difference, 2 - 1 [ITS-90, deg C]
# name 11 = potemp090C: Potential Temperature [ITS-90, deg C]
# name 12 = potemp190C: Potential Temperature, 2 [ITS-90, deg C]
# name 13 = potemp90Cdiff: Potential Temperature, Diff, 2 - 1 [ITS-90, deg C]
# name 14 = c0S/m: Conductivity [S/m]
# name 15 = c1S/m: Conductivity, 2 [S/m]
# name 16 = C2-C1S/m: Conductivity Difference, 2 - 1 [S/m]
# name 17 = sal00: Salinity, Practical [PSU]
# name 18 = sal11: Salinity, Practical, 2 [PSU]
# name 19 = sbeox0ML/L: Oxygen, SBE 43 [ml/l]
# name 20 = sbeox1ML/L: Oxygen, SBE 43, 2 [ml/l]
# name 21 = sbeox0ML/Ldiff: Oxygen, SBE 43, Diff, 2 - 1 [ml/l]
# name 22 = sigma-é00: Density [sigma-theta, kg/m^3]
# name 23 = sigma-é11: Density, 2 [sigma-theta, kg/m^3]
# name 24 = nbf: Bottles Fired
# name 25 = flag:  0.000e+00
# interval = seconds: 0.0416667
# start_time = Oct 19 2019 17:49:21 [NMEA time, header]
# bad_flag = -9.990e-29
*END*
[from data line 558]
      64615 292.773764  -45.06756  -51.48046      0.103    1473.25     45.460     45.086     7.7745     7.7739    -0.0006     7.7701     7.7695    -0.0006   3.535885   3.536455   0.000570    34.2832    34.2900     6.6133     6.3324    -0.2808    26.7448    26.7502          4  0.000e+00
      64616 292.773765  -45.06756  -51.48046      0.093    1473.25     45.405     45.031     7.7748     7.7741    -0.0007     7.7704     7.7697    -0.0007   3.535937   3.536405   0.000467    34.2836    34.2893     6.6093     6.3319    -0.2774    26.7450    26.7496          4  0.000e+00
      64617 292.773765  -45.06756  -51.48046      0.080    1473.25     45.405     45.031     7.7748     7.7741    -0.0007     7.7704     7.7696    -0.0007   3.535990   3.536392   0.000402    34.2841    34.2892     6.6125     6.3314    -0.2810    26.7455    26.7495          4  0.000e+00
      64618 292.773766  -45.06756  -51.48046      0.069    1473.25     45.405     45.031     7.7751     7.7739    -0.0011     7.7706     7.7695    -0.0011   3.536010   3.536411   0.000401    34.2841    34.2896     6.6082     6.3310    -0.2772    26.7454    26.7498          4  0.000e+00
      64619 292.773766  -45.06756  -51.48046      0.057    1473.25     45.405     45.031     7.7750     7.7741    -0.0009     7.7705     7.7697    -0.0009   3.536003   3.536424   0.000421    34.2841    34.2895     6.6074     6.3304    -0.2770    26.7454    26.7498          4  0.000e+00
      64620 292.773767  -45.06756  -51.48046      0.046    1473.25     45.357     44.984     7.7754     7.7741    -0.0013     7.7709     7.7697    -0.0013   3.536009   3.536398   0.000389    34.2838    34.2893     6.6066     6.3306    -0.2760    26.7451    26.7496          4  0.000e+00
      64621 292.773767  -45.06756  -51.48046      0.037    1473.25     45.453     45.079     7.7753     7.7741    -0.0012     7.7708     7.7697    -0.0012   3.536003   3.536411   0.000408    34.2838    34.2894     6.6059     6.3258    -0.2801    26.7451    26.7497          4  0.000e+00
      64622 292.773768  -45.06756  -51.48046      0.025    1473.25     45.357     44.984     7.7752     7.7741    -0.0011     7.7708     7.7697    -0.0011   3.535977   3.536442   0.000466    34.2836    34.2897     6.6055     6.3253    -0.2802    26.7450    26.7500          4  0.000e+00
      64623 292.773768  -45.06756  -51.48046      0.019    1473.25     45.405     45.032     7.7755     7.7742    -0.0012     7.7710     7.7698    -0.0012   3.536049   3.536455   0.000406    34.2841    34.2897     6.6052     6.3250    -0.2802    26.7454    26.7499          4  0.000e+00
      64624 292.773769  -45.06756  -51.48046      0.007    1473.25     45.357     44.984     7.7756     7.7746    -0.0010     7.7712     7.7701    -0.0010   3.536114   3.536455   0.000341    34.2847    34.2894     6.6048     6.3246    -0.2802    26.7458    26.7496          4  0.000e+00
      64625 292.773769  -45.06756  -51.48046     -0.002    1473.25     45.357     44.984     7.7759     7.7747    -0.0012     7.7714     7.7703    -0.0012   3.536088   3.536455   0.000367    34.2842    34.2893     6.6045     6.3243    -0.2802    26.7453    26.7495          4  0.000e+00
      64626 292.773770  -45.06756  -51.48046     -0.011    1473.25     45.357     44.984     7.7761     7.7746    -0.0015     7.7717     7.7701    -0.0015   3.536141   3.536436   0.000295    34.2845    34.2892     6.6042     6.3241    -0.2801    26.7456    26.7495          4  0.000e+00
      64627 292.773770  -45.06756  -51.48046     -0.020    1473.25     45.357     44.984     7.7763     7.7744    -0.0019     7.7719     7.7700    -0.0019   3.536147   3.536373   0.000226    34.2844    34.2887     6.6000     6.3277    -0.2723    26.7454    26.7491          4  0.000e+00
      64628 292.773771  -45.06756  -51.48046     -0.032    1473.25     45.310     44.937     7.7761     7.7737    -0.0023     7.7717     7.7693    -0.0023   3.536154   3.536310   0.000156    34.2847    34.2887     6.5994     6.3276    -0.2717    26.7457    26.7492          4  0.000e+00
      64629 292.773771  -45.06756  -51.48046     -0.041    1473.25     45.357     44.984     7.7765     7.7736    -0.0029     7.7721     7.7692    -0.0029   3.536160   3.536342   0.000181    34.2843    34.2891     6.6027     6.3231    -0.2795    26.7453    26.7496          4  0.000e+00
      64630 292.773772  -45.06756  -51.48046     -0.047    1473.25     45.358     44.984     7.7761     7.7736    -0.0025     7.7717     7.7692    -0.0025   3.536167   3.536335   0.000168    34.2848    34.2891     6.6026     6.3267    -0.2758    26.7458    26.7495          4  0.000e+00
      64631 292.773772  -45.06756  -51.48046     -0.056    1473.25     45.310     44.937     7.7764     7.7733    -0.0032     7.7720     7.7688    -0.0032   3.536160   3.536329   0.000169    34.2844    34.2894     6.5984     6.3272    -0.2712    26.7455    26.7498          4  0.000e+00
      64632 292.773773  -45.06756  -51.48046     -0.064    1473.25     45.310     44.937     7.7760     7.7735    -0.0026     7.7716     7.7690    -0.0026   3.536121   3.536329   0.000208    34.2844    34.2892     6.5980     6.3227    -0.2753    26.7455    26.7496          4  0.000e+00
      64633 292.773773  -45.06756  -51.48046     -0.073    1473.25     45.310     44.937     7.7759     7.7736    -0.0023     7.7715     7.7692    -0.0023   3.536095   3.536304   0.000209    34.2842    34.2888     6.6014     6.3220    -0.2795    26.7454    26.7493          4  0.000e+00
      64634 292.773774  -45.06756  -51.48046     -0.077    1473.25     45.310     44.937     7.7760     7.7736    -0.0024     7.7716     7.7692    -0.0024   3.536082   3.536342   0.000260    34.2840    34.2892     6.6014     6.3219    -0.2795    26.7452    26.7496          4  0.000e+00
      64635 292.773774  -45.06756  -51.48046     -0.085    1473.25     45.310     44.937     7.7758     7.7733    -0.0025     7.7714     7.7689    -0.0025   3.536023   3.536361   0.000338    34.2836    34.2897     6.6014     6.3219    -0.2795    26.7449    26.7500          4  0.000e+00
      64636 292.773775  -45.06756  -51.48046     -0.092    1473.25     45.255     44.882     7.7757     7.7739    -0.0018     7.7713     7.7695    -0.0018   3.535990   3.536379   0.000390    34.2833    34.2893     6.5974     6.3212    -0.2762    26.7447    26.7497          4  0.000e+00
      64637 292.773775  -45.06756  -51.48046     -0.096    1473.25     45.310     44.937     7.7755     7.7738    -0.0017     7.7710     7.7694    -0.0017   3.535970   3.536367   0.000397    34.2833    34.2893     6.6010     6.3251    -0.2760    26.7447    26.7496          4  0.000e+00
      64638 292.773776  -45.06756  -51.48046     -0.106    1473.25     45.255     44.882     7.7753     7.7739    -0.0013     7.7708     7.7695    -0.0013   3.535970   3.536361   0.000390    34.2836    34.2891     6.6010     6.3250    -0.2760    26.7449    26.7495          4  0.000e+00
      64639 292.773776  -45.06756  -51.48046     -0.115    1473.25     45.207     44.835     7.7752     7.7736    -0.0016     7.7708     7.7692    -0.0016   3.535983   3.536379   0.000396    34.2838    34.2897     6.5971     6.3207    -0.2764    26.7451    26.7500          4  0.000e+00
      64640 292.773777  -45.06756  -51.48046     -0.114    1473.25     45.358     44.984     7.7751     7.7742    -0.0009     7.7707     7.7698    -0.0009   3.535924   3.536367   0.000443    34.2832    34.2888     6.5970     6.3202    -0.2767    26.7446    26.7492          4  0.000e+00
      64641 292.773777  -45.06756  -51.48046     -0.122    1473.25     45.207     44.835     7.7752     7.7735    -0.0018     7.7708     7.7690    -0.0018   3.535944   3.536405   0.000461    34.2833    34.2900     6.6004     6.3203    -0.2801    26.7448    26.7503          4  0.000e+00
      64642 292.773777  -45.06756  -51.48046     -0.121    1473.25     45.310     44.937     7.7750     7.7736    -0.0014     7.7705     7.7692    -0.0014   3.535918   3.536398   0.000481    34.2833    34.2898     6.5968     6.3206    -0.2762    26.7448    26.7501          4  0.000e+00
      64643 292.773778  -45.06756  -51.48046     -0.125    1473.25     45.255     44.882     7.7749     7.7741    -0.0008     7.7705     7.7697    -0.0008   3.535891   3.536411   0.000520    34.2831    34.2895     6.6004     6.3207    -0.2797    26.7446    26.7497          4  0.000e+00
      64644 292.773778  -45.06756  -51.48046     -0.131    1473.25     45.207     44.835     7.7746     7.7739    -0.0007     7.7702     7.7695    -0.0007   3.535832   3.536373   0.000541    34.2827    34.2892     6.5972     6.3253    -0.2718    26.7444    26.7496          4  0.000e+00
      64645 292.773779  -45.06756  -51.48046     -0.135    1473.25     45.255     44.882     7.7743     7.7734    -0.0009     7.7699     7.7690    -0.0009   3.535813   3.536361   0.000548    34.2828    34.2896     6.6010     6.3264    -0.2746    26.7445    26.7500          4  0.000e+00
      64646 292.773779  -45.06756  -51.48046     -0.134    1473.25     45.255     44.882     7.7742     7.7736    -0.0006     7.7698     7.7692    -0.0006   3.535845   3.536361   0.000515    34.2832    34.2894     6.6012     6.3229    -0.2783    26.7448    26.7498          4  0.000e+00
      64647 292.773780  -45.06756  -51.48046     -0.145    1473.25     45.104     44.733     7.7743     7.7736    -0.0007     7.7699     7.7692    -0.0007   3.535845   3.536379   0.000534    34.2832    34.2897     6.6014     6.3226    -0.2788    26.7448    26.7500          4  0.000e+00
      64648 292.773780  -45.06756  -51.48046     -0.140    1473.25     45.303     44.930     7.7742     7.7739    -0.0003     7.7698     7.7695    -0.0003   3.535832   3.536367   0.000534    34.2830    34.2891     6.5980     6.3225    -0.2755    26.7447    26.7495          4  0.000e+00
      64649 292.773781  -45.06756  -51.48046     -0.143    1473.25     45.207     44.835     7.7743     7.7736    -0.0007     7.7699     7.7692    -0.0007   3.535839   3.536379   0.000541    34.2831    34.2896     6.5978     6.3222    -0.2756    26.7447    26.7499          4  0.000e+00
      64650 292.773781  -45.06756  -51.48046     -0.146    1473.25     45.207     44.835     7.7742     7.7734    -0.0008     7.7698     7.7690    -0.0008   3.535832   3.536392   0.000560    34.2831    34.2900     6.5977     6.3220    -0.2757    26.7447    26.7502          4  0.000e+00
      64651 292.773782  -45.06756  -51.48046     -0.142    1473.25     45.255     44.883     7.7741     7.7735    -0.0007     7.7697     7.7690    -0.0007   3.535865   3.536367   0.000502    34.2835    34.2896     6.6017     6.3226    -0.2791    26.7451    26.7500          4  0.000e+00
      64652 292.773782  -45.06756  -51.48046     -0.144    1473.25     45.207     44.835     7.7746     7.7739    -0.0007     7.7702     7.7695    -0.0007   3.535918   3.536405   0.000487    34.2837    34.2896     6.6015     6.3230    -0.2785    26.7451    26.7499          4  0.000e+00
      64653 292.773783  -45.06756  -51.48046     -0.142    1473.25     45.207     44.835     7.7745     7.7737    -0.0008     7.7701     7.7693    -0.0008   3.535898   3.536442   0.000545    34.2835    34.2902     6.6020     6.3236    -0.2784    26.7450    26.7504          4  0.000e+00
      64654 292.773783  -45.06756  -51.48046     -0.142    1473.25     45.207     44.835     7.7746     7.7744    -0.0002     7.7702     7.7700    -0.0002   3.535950   3.536474   0.000524    34.2840    34.2898     6.6024     6.3241    -0.2782    26.7454    26.7500          4  0.000e+00
      64655 292.773784  -45.06756  -51.48046     -0.141    1473.25     45.207     44.835     7.7747     7.7744    -0.0003     7.7703     7.7700    -0.0003   3.535957   3.536487   0.000530    34.2840    34.2900     6.6028     6.3242    -0.2786    26.7454    26.7501          4  0.000e+00
      64656 292.773784  -45.06756  -51.48046     -0.140    1473.25     45.207     44.835     7.7750     7.7744    -0.0006     7.7705     7.7700    -0.0006   3.535990   3.536505   0.000516    34.2841    34.2902     6.5993     6.3199    -0.2794    26.7454    26.7503          4  0.000e+00
      64657 292.773785  -45.06756  -51.48046     -0.139    1473.25     45.207     44.835     7.7751     7.7749    -0.0002     7.7707     7.7705    -0.0002   3.536009   3.536493   0.000483    34.2842    34.2896     6.5994     6.3194    -0.2800    26.7454    26.7497          4  0.000e+00
      64658 292.773785  -45.06756  -51.48046     -0.139    1473.25     45.159     44.788     7.7754     7.7747    -0.0006     7.7710     7.7703    -0.0006   3.535977   3.536505   0.000529    34.2836    34.2899     6.5994     6.3233    -0.2762    26.7449    26.7500          4  0.000e+00
      64659 292.773786  -45.06756  -51.48046     -0.136    1473.25     45.207     44.835     7.7753     7.7744    -0.0008     7.7709     7.7700    -0.0008   3.535990   3.536537   0.000547    34.2838    34.2905     6.5996     6.3235    -0.2761    26.7451    26.7505          4  0.000e+00
      64660 292.773786  -45.06756  -51.48046     -0.132    1473.25     45.207     44.835     7.7754     7.7746    -0.0008     7.7710     7.7702    -0.0008   3.536009   3.536524   0.000515    34.2839    34.2902     6.5998     6.3237    -0.2761    26.7452    26.7503          4  0.000e+00
      64661 292.773787  -45.06756  -51.48046     -0.134    1473.25     45.159     44.788     7.7753     7.7750    -0.0002     7.7709     7.7706    -0.0002   3.536003   3.536518   0.000515    34.2840    34.2897     6.6000     6.3239    -0.2761    26.7452    26.7498          4  0.000e+00
      64662 292.773787  -45.06756  -51.48046     -0.129    1473.25     45.207     44.835     7.7754     7.7752    -0.0001     7.7710     7.7708    -0.0001   3.535990   3.536518   0.000528    34.2837    34.2895     6.6042     6.3242    -0.2800    26.7450    26.7496          4  0.000e+00
      64663 292.773788  -45.06756  -51.48046     -0.127    1473.25     45.207     44.835     7.7753     7.7746    -0.0007     7.7709     7.7702    -0.0007   3.535970   3.536562   0.000592    34.2836    34.2906     6.6010     6.3246    -0.2764    26.7450    26.7506          4  0.000e+00
      64664 292.773788  -45.06756  -51.48046     -0.123    1473.25     45.159     44.788     7.7755     7.7749    -0.0006     7.7711     7.7705    -0.0006   3.535983   3.536562   0.000579    34.2835    34.2904     6.6013     6.3205    -0.2808    26.7449    26.7503          4  0.000e+00
      64665 292.773789  -45.06756  -51.48046     -0.120    1473.25     45.207     44.835     7.7754     7.7747    -0.0006     7.7710     7.7703    -0.0006   3.535996   3.536575   0.000578    34.2838    34.2906     6.5973     6.3203    -0.2770    26.7451    26.7506          4  0.000e+00
      64666 292.773789  -45.06756  -51.48046     -0.116    1473.25     45.207     44.835     7.7755     7.7751    -0.0004     7.7711     7.7707    -0.0004   3.536062   3.536581   0.000519    34.2844    34.2904     6.6011     6.3201    -0.2811    26.7455    26.7503          4  0.000e+00
      64667 292.773790  -45.06756  -51.48046     -0.114    1473.25     45.159     44.788     7.7755     7.7752    -0.0003     7.7711     7.7708    -0.0003   3.536068   3.536556   0.000487    34.2844    34.2900     6.6011     6.3199    -0.2812    26.7456    26.7500          4  0.000e+00
      64668 292.773790  -45.06756  -51.48046     -0.112    1473.25     45.159     44.788     7.7759     7.7751    -0.0009     7.7715     7.7707    -0.0009   3.536068   3.536550   0.000481    34.2840    34.2900     6.6010     6.3198    -0.2812    26.7452    26.7501          4  0.000e+00
      64669 292.773791  -45.06756  -51.48046     -0.112    1473.25     45.159     44.788     7.7760     7.7752    -0.0008     7.7716     7.7708    -0.0008   3.536049   3.536550   0.000501    34.2837    34.2899     6.6010     6.3198    -0.2812    26.7449    26.7499          4  0.000e+00
