Pos-Processados/process_op38/operantar38_005.ros
* Sea-Bird SBE 9 Data File:
* FileName = D:\OPERANTAR_XXXVIII\DADOS\OP38_005.hdr
* Software Version Seasave V 7.18c
* Temperature SN = 4808
* Conductivity SN = 3380
* Number of Bytes Per Scan = 31
* Number of Voltage Words = 2
* Number of Scans Averaged by the Deck Unit = 1
* NMEA Latitude = 45 12.86 S
* NMEA Longitude = 051 09.01 W
* NMEA UTC (Time) = Oct 19 2019 13:59:02
** H41
** NAVIO POLAR ALMIRANTE MAXIMIANO
** CRUZEIRO:
** OPERANTAR XXXVIII
** ESTAÇÃO: OP38_005
** LAT 045º 12,86' S
** LONG 051º 09,03' W
** 09P73767-1155
** PROFUNDIDADE: 5853
** DATA/HORA: 191400Z/OUT/2019
** OPERADOR: SO-HN CHAVES
# nquan = 27
# nvalues = 4255                                  
# units = specified
# name 0 = scan: Scan Count
# name 1 = timeJ: Julian Days
# name 2 = latitude: Latitude [deg]
# name 3 = longitude: Longitude [deg]
# name 4 = dz/dtM: Descent Rate [m/s]
# name 5 = avgsvCM: Average Sound Velocity [Chen-Millero, m/s]
# name 6 = prDM: Pressure, Digiquartz [db]
# name 7 = depSM: Depth [salt water, m]
# name 8 = t090C: Temperature [ITS-90, deg C]
# name 9 = t190C: Temperature, 2 [ITS-90, deg C]
# name 10 = T2-T190C: Temperature Difference, 2 - 1 [ITS-90, deg C]
# name 11 = potemp090C: Potential Temperature [ITS-90, deg C]
# name 12 = potemp190C: Potential Temperature, 2 [ITS-90, deg C]
# name 13 = potemp90Cdiff: Potential Temperature, Diff, 2 - 1 [ITS-90, deg C]
# name 14 = c0S/m: Conductivity [S/m]
# name 15 = c1S/m: Conductivity, 2 [S/m]
# name 16 = C2-C1S/m: Conductivity Difference, 2 - 1 [S/m]
# name 17 = sal00: Salinity, Practical [PSU]
# name 18 = sal11: Salinity, Practical, 2 [PSU]
# name 19 = sbeox0ML/L: Oxygen, SBE 43 [ml/l]
# name 20 = sigma-é00: Density [sigma-theta, kg/m^3]
# name 21 = sigma-é11: Density, 2 [sigma-theta, kg/m^3]
# name 22 = sbox0Mm/Kg: Oxygen, SBE 43 [umol/kg]
# name 23 = oxsolMm/Kg: Oxygen Saturation, Garcia & Gordon [umol/kg]
# name 24 = oxsatMm/Kg: Oxygen Saturation, Weiss [umol/kg]
# name 25 = nbf: Bottles Fired
# name 26 = flag:  0.000e+00
# interval = seconds: 0.0416667
# start_time = Oct 19 2019 13:59:02 [NMEA time, header]
# bad_flag = -9.990e-29
*END*
[from data line 4027]
      67895 292.615404  -45.21434  -51.15024     -0.332    1476.21     28.981     28.743    10.3017    10.3017    -0.0001    10.2983    10.2983    -0.0001   3.820475   3.821125   0.000650    34.8128    34.8195     6.1401    26.7543    26.7596    267.072  273.21019  273.33018         23  0.000e+00
      67896 292.615405  -45.21434  -51.15024     -0.317    1476.21     29.070     28.831    10.3016    10.3014    -0.0002    10.2982    10.2980    -0.0002   3.820516   3.821164   0.000648    34.8133    34.8201     6.1401    26.7548    26.7601    267.072  273.21005  273.33005         23  0.000e+00
      67897 292.615405  -45.21434  -51.15024     -0.305    1476.21     29.028     28.790    10.3016    10.3017     0.0001    10.2982    10.2983     0.0001   3.820476   3.821125   0.000650    34.8129    34.8195     6.1404    26.7545    26.7595    267.084  273.21082  273.33082         23  0.000e+00
      67898 292.615406  -45.21434  -51.15024     -0.290    1476.21     29.076     28.838    10.3017    10.3017     0.0000    10.2983    10.2983     0.0000   3.820496   3.821106   0.000610    34.8130    34.8192     6.1407    26.7545    26.7593    267.099  273.20988  273.32986         23  0.000e+00
      67899 292.615406  -45.21434  -51.15024     -0.277    1476.21     29.070     28.831    10.3014    10.3015     0.0001    10.2980    10.2981     0.0001   3.820469   3.821080   0.000611    34.8130    34.8191     6.1408    26.7546    26.7593    267.101  273.21177  273.33178         23  0.000e+00
      67900 292.615407  -45.21434  -51.15024     -0.262    1476.21     29.076     28.838    10.3017    10.3014    -0.0003    10.2983    10.2980    -0.0003   3.820462   3.821073   0.000611    34.8126    34.8192     6.1411    26.7542    26.7594    267.116  273.21055  273.33053         23  0.000e+00
      67901 292.615407  -45.21434  -51.15024     -0.251    1476.21     29.029     28.790    10.3016    10.3008    -0.0008    10.2982    10.2974    -0.0008   3.820496   3.821021   0.000526    34.8131    34.8192     6.1447    26.7546    26.7595    267.273  273.21042  273.33042         23  0.000e+00
      67902 292.615408  -45.21434  -51.15024     -0.234    1476.21     29.070     28.831    10.3016    10.3009    -0.0007    10.2982    10.2975    -0.0007   3.820469   3.820982   0.000514    34.8129    34.8187     6.1452    26.7544    26.7591    267.292  273.21099  273.33099         23  0.000e+00
      67903 292.615408  -45.21434  -51.15024     -0.218    1476.21     29.131     28.892    10.3014    10.3000    -0.0014    10.2980    10.2966    -0.0014   3.820469   3.820976   0.000507    34.8130    34.8195     6.1456    26.7546    26.7599    267.312  273.21182  273.33184         23  0.000e+00
      67904 292.615408  -45.21434  -51.15024     -0.206    1476.21     29.070     28.831    10.3017    10.2997    -0.0020    10.2983    10.2963    -0.0020   3.820489   3.820976   0.000487    34.8129    34.8198     6.1463    26.7544    26.7601    267.341  273.21000  273.32999         23  0.000e+00
      67905 292.615409  -45.21434  -51.15024     -0.188    1476.21     29.131     28.892    10.3014    10.3003    -0.0011    10.2980    10.2969    -0.0011   3.820516   3.820976   0.000460    34.8135    34.8192     6.1471    26.7549    26.7596    267.377  273.21088  273.33090         23  0.000e+00
      67906 292.615409  -45.21434  -51.15024     -0.176    1476.21     29.076     28.838    10.3017    10.2999    -0.0018    10.2983    10.2965    -0.0018   3.820509   3.820995   0.000486    34.8131    34.8198     6.1475    26.7546    26.7601    267.392  273.20961  273.32960         23  0.000e+00
      67907 292.615410  -45.21434  -51.15024     -0.152    1476.21     29.220     28.980    10.3016    10.2997    -0.0019    10.2982    10.2962    -0.0019   3.820496   3.820930   0.000435    34.8131    34.8193     6.1484    26.7546    26.7598    267.432  273.21059  273.33059         23  0.000e+00
      67908 292.615410  -45.21434  -51.15024     -0.135    1476.21     29.131     28.892    10.3016    10.2992    -0.0023    10.2982    10.2958    -0.0023   3.820476   3.820930   0.000455    34.8129    34.8198     6.1491    26.7544    26.7602    267.463  273.21091  273.33091         23  0.000e+00
      67909 292.615411  -45.21434  -51.15024     -0.120    1476.21     29.131     28.892    10.3016    10.2996    -0.0020    10.2982    10.2962    -0.0020   3.820516   3.820937   0.000421    34.8133    34.8195     6.1495    26.7548    26.7599    267.482  273.21010  273.33011         23  0.000e+00
      67910 292.615411  -45.21434  -51.15024     -0.100    1476.21     29.220     28.981    10.3017    10.2997    -0.0021    10.2983    10.2962    -0.0021   3.820530   3.820937   0.000407    34.8133    34.8194     6.1537    26.7547    26.7598    267.661  273.20933  273.32932         23  0.000e+00
      67911 292.615412  -45.21434  -51.15024     -0.081    1476.21     29.179     28.940    10.3017    10.2997    -0.0020    10.2983    10.2963    -0.0020   3.820509   3.820937   0.000428    34.8131    34.8193     6.1508    26.7546    26.7598    267.536  273.20970  273.32969         23  0.000e+00
      67912 292.615412  -45.21434  -51.15024     -0.062    1476.21     29.234     28.994    10.3016    10.2995    -0.0021    10.2982    10.2961    -0.0021   3.820496   3.820911   0.000415    34.8131    34.8193     6.1513    26.7546    26.7598    267.558  273.21060  273.33060         23  0.000e+00
      67913 292.615413  -45.21434  -51.15024     -0.044    1476.21     29.220     28.981    10.3017    10.2989    -0.0028    10.2983    10.2955    -0.0028   3.820516   3.820930   0.000414    34.8131    34.8200     6.1517    26.7546    26.7605    267.575  273.20960  273.32959         23  0.000e+00
      67914 292.615413  -45.21434  -51.15024     -0.025    1476.21     29.234     28.994    10.3017    10.3002    -0.0016    10.2983    10.2967    -0.0016   3.820509   3.820989   0.000480    34.8131    34.8194     6.1521    26.7545    26.7598    267.595  273.20975  273.32974         23  0.000e+00
      67915 292.615414  -45.21434  -51.15024     -0.008    1476.21     29.282     29.042    10.3017    10.3004    -0.0013    10.2983    10.2970    -0.0013   3.820523   3.821028   0.000505    34.8132    34.8196     6.1526    26.7546    26.7599    267.615  273.20952  273.32951         23  0.000e+00
      67916 292.615414  -45.21434  -51.15024      0.014    1476.21     29.275     29.035    10.3019    10.3007    -0.0013    10.2985    10.2972    -0.0013   3.820509   3.821060   0.000551    34.8128    34.8197     6.1530    26.7543    26.7599    267.633  273.20901  273.32898         23  0.000e+00
      67917 292.615415  -45.21434  -51.15024      0.033    1476.21     29.330     29.089    10.3016    10.3007    -0.0009    10.2981    10.2973    -0.0009   3.820550   3.821073   0.000523    34.8136    34.8197     6.1531    26.7550    26.7599    267.639  273.20961  273.32962         23  0.000e+00
      67918 292.615415  -45.21434  -51.15024      0.052    1476.21     29.330     29.089    10.3019    10.3007    -0.0013    10.2985    10.2972    -0.0013   3.820536   3.821093   0.000556    34.8131    34.8200     6.1535    26.7545    26.7601    267.656  273.20852  273.32849         23  0.000e+00
      67919 292.615416  -45.21434  -51.15024      0.073    1476.21     29.371     29.130    10.3017    10.3009    -0.0008    10.2983    10.2975    -0.0008   3.820537   3.821106   0.000569    34.8133    34.8198     6.1540    26.7547    26.7600    267.676  273.20933  273.32932         23  0.000e+00
      67920 292.615416  -45.21434  -51.15024      0.095    1476.21     29.385     29.144    10.3017    10.3013    -0.0004    10.2983    10.2979    -0.0004   3.820530   3.821080   0.000550    34.8132    34.8192     6.1541    26.7546    26.7594    267.679  273.20948  273.32947         23  0.000e+00
      67921 292.615417  -45.21434  -51.15024      0.113    1476.21     29.385     29.144    10.3019    10.3014    -0.0005    10.2985    10.2980    -0.0005   3.820537   3.821119   0.000582    34.8131    34.8195     6.1541    26.7545    26.7596    267.680  273.20857  273.32854         23  0.000e+00
      67922 292.615417  -45.21434  -51.15024      0.133    1476.21     29.426     29.184    10.3019    10.3018    -0.0001    10.2985    10.2984    -0.0001   3.820530   3.821112   0.000583    34.8130    34.8190     6.1509    26.7544    26.7592    267.541  273.20874  273.32871         23  0.000e+00
      67923 292.615418  -45.21434  -51.15024      0.152    1476.21     29.481     29.239    10.3021    10.3011    -0.0010    10.2986    10.2976    -0.0010   3.820530   3.821158   0.000628    34.8128    34.8202     6.1546    26.7543    26.7602    267.702  273.20820  273.32816         23  0.000e+00
      67924 292.615418  -45.21434  -51.15024      0.174    1476.21     29.481     29.239    10.3021    10.3015    -0.0006    10.2986    10.2980    -0.0006   3.820509   3.821151   0.000642    34.8126    34.8197     6.1547    26.7541    26.7598    267.705  273.20861  273.32856         23  0.000e+00
      67925 292.615419  -45.21434  -51.15024      0.198    1476.21     29.529     29.286    10.3019    10.3019    -0.0000    10.2985    10.2984    -0.0000   3.820496   3.821138   0.000643    34.8126    34.8191     6.1511    26.7541    26.7593    267.551  273.20950  273.32946         23  0.000e+00
      67926 292.615419  -45.21434  -51.15024      0.212    1476.21     29.481     29.239    10.3017    10.3017    -0.0001    10.2983    10.2982    -0.0001   3.820516   3.821164   0.000648    34.8130    34.8197     6.1508    26.7545    26.7597    267.536  273.20983  273.32982         23  0.000e+00
      67927 292.615420  -45.21434  -51.15024      0.234    1476.21     29.583     29.341    10.3017    10.3016    -0.0002    10.2983    10.2981    -0.0002   3.820564   3.821145   0.000581    34.8134    34.8195     6.1505    26.7548    26.7596    267.525  273.20898  273.32898         23  0.000e+00
      67928 292.615420  -45.21434  -51.15024      0.257    1476.21     29.625     29.381    10.3019    10.3018    -0.0001    10.2985    10.2984    -0.0001   3.820537   3.821165   0.000628    34.8130    34.8194     6.1502    26.7544    26.7595    267.512  273.20878  273.32875         23  0.000e+00
      67929 292.615421  -45.21434  -51.15024      0.274    1476.21     29.583     29.341    10.3021    10.3019    -0.0002    10.2986    10.2984    -0.0002   3.820537   3.821151   0.000615    34.8128    34.8192     6.1499    26.7543    26.7593    267.496  273.20816  273.32812         23  0.000e+00
      67974 292.615442  -45.21434  -51.15026      0.657    1476.21     30.796     30.543    10.3019    10.3016    -0.0004    10.2983    10.2980    -0.0004   3.820591   3.821262   0.000671    34.8130    34.8201     6.1407    26.7545    26.7601    267.099  273.20874  273.32871         24  0.000e+00
      67975 292.615443  -45.21434  -51.15026      0.647    1476.21     30.837     30.584    10.3019    10.3020     0.0001    10.2983    10.2984     0.0001   3.820571   3.821275   0.000705    34.8128    34.8198     6.1443    26.7543    26.7598    267.256  273.20918  273.32915         24  0.000e+00
      67976 292.615443  -45.21434  -51.15026      0.641    1476.21     30.851     30.597    10.3017    10.3024     0.0007    10.2981    10.2988     0.0007   3.820598   3.821256   0.000658    34.8132    34.8193     6.1410    26.7547    26.7593    267.113  273.20943  273.32942         24  0.000e+00
      67977 292.615444  -45.21434  -51.15026      0.634    1476.21     30.851     30.597    10.3017    10.3018     0.0001    10.2981    10.2982     0.0001   3.820571   3.821217   0.000646    34.8129    34.8194     6.1410    26.7545    26.7595    267.112  273.20997  273.32995         24  0.000e+00
      67978 292.615444  -45.21434  -51.15026      0.624    1476.21     30.892     30.638    10.3019    10.3021     0.0001    10.2983    10.2985     0.0001   3.820571   3.821210   0.000640    34.8127    34.8191     6.1410    26.7543    26.7592    267.112  273.20923  273.32919         24  0.000e+00
      67979 292.615445  -45.21434  -51.15026      0.615    1476.21     30.851     30.597    10.3019    10.3023     0.0004    10.2983    10.2987     0.0004   3.820618   3.821282   0.000664    34.8132    34.8196     6.1410    26.7547    26.7596    267.110  273.20825  273.32823         24  0.000e+00
      67980 292.615445  -45.21434  -51.15026      0.602    1476.21     30.851     30.597    10.3017    10.3019     0.0002    10.2981    10.2983     0.0002   3.820605   3.821256   0.000651    34.8133    34.8197     6.1446    26.7547    26.7597    267.269  273.20930  273.32929         24  0.000e+00
      67981 292.615446  -45.21434  -51.15026      0.592    1476.21     30.892     30.638    10.3019    10.3020     0.0001    10.2983    10.2984     0.0001   3.820578   3.821217   0.000639    34.8128    34.8192     6.1414    26.7543    26.7593    267.128  273.20909  273.32906         24  0.000e+00
      67982 292.615446  -45.21434  -51.15026      0.580    1476.21     30.899     30.645    10.3017    10.3019     0.0002    10.2981    10.2983     0.0002   3.820618   3.821230   0.000612    34.8134    34.8194     6.1451    26.7548    26.7595    267.287  273.20907  273.32906         24  0.000e+00
      67983 292.615447  -45.21434  -51.15026      0.568    1476.21     30.899     30.645    10.3021    10.3016    -0.0005    10.2985    10.2979    -0.0005   3.820611   3.821217   0.000605    34.8130    34.8196     6.1458    26.7545    26.7597    267.318  273.20784  273.32780         24  0.000e+00
      67984 292.615447  -45.21434  -51.15026      0.556    1476.21     30.892     30.638    10.3019    10.3013    -0.0006    10.2983    10.2977    -0.0006   3.820598   3.821230   0.000632    34.8130    34.8200     6.1425    26.7545    26.7601    267.178  273.20869  273.32866         24  0.000e+00
      67985 292.615448  -45.21434  -51.15026      0.542    1476.21     30.899     30.645    10.3019    10.3017    -0.0002    10.2983    10.2981    -0.0002   3.820571   3.821217   0.000646    34.8127    34.8195     6.1426    26.7543    26.7596    267.181  273.20923  273.32920         24  0.000e+00
      67986 292.615448  -45.21434  -51.15026      0.527    1476.21     30.899     30.645    10.3019    10.3020     0.0001    10.2983    10.2984     0.0001   3.820598   3.821210   0.000613    34.8130    34.8192     6.1427    26.7545    26.7593    267.184  273.20870  273.32867         24  0.000e+00
      67987 292.615448  -45.21434  -51.15026      0.511    1476.21     30.899     30.645    10.3017    10.3021     0.0003    10.2981    10.2985     0.0003   3.820571   3.821184   0.000614    34.8129    34.8188     6.1464    26.7545    26.7590    267.346  273.21001  273.33000         24  0.000e+00
      67988 292.615449  -45.21432  -51.15026      0.495    1476.21     30.892     30.638    10.3021    10.3020    -0.0001    10.2985    10.2984    -0.0001   3.820564   3.821223   0.000659    34.8125    34.8193     6.1432    26.7541    26.7594    267.206  273.20878  273.32873         24  0.000e+00
      67989 292.615449  -45.21432  -51.15026      0.483    1476.21     30.947     30.692    10.3017    10.3019     0.0002    10.2981    10.2983     0.0002   3.820571   3.821217   0.000646    34.8129    34.8193     6.1470    26.7544    26.7594    267.371  273.21005  273.33004         24  0.000e+00
      67990 292.615450  -45.21432  -51.15026      0.466    1476.21     30.899     30.645    10.3017    10.3020     0.0003    10.2981    10.2984     0.0003   3.820618   3.821256   0.000638    34.8134    34.8196     6.1474    26.7548    26.7596    267.388  273.20907  273.32906         24  0.000e+00
      67991 292.615450  -45.21432  -51.15026      0.446    1476.21     30.892     30.638    10.3014    10.3021     0.0007    10.2978    10.2985     0.0007   3.820591   3.821223   0.000632    34.8134    34.8192     6.1479    26.7549    26.7593    267.409  273.21096  273.33098         24  0.000e+00
