Pos-Processados/process_op38/operantar38_015.ros
* Sea-Bird SBE 9 Data File:
* FileName = D:\OPERANTAR_XXXVIII\DADOS\OP38_015.hdr
* Software Version Seasave V 7.18c
* Temperature SN = 4808
* Conductivity SN = 3380
* Number of Bytes Per Scan = 34
* Number of Voltage Words = 3
* Number of Scans Averaged by the Deck Unit = 1
* NMEA Latitude = 62 18.48 S
* NMEA Longitude = 058 32.77 W
* NMEA UTC (Time) = Nov 05 2019 09:00:03
** H41
** NAVIO POLAR ALMIRANTE MAXIMIANO
** CRUZEIRO:
** OPERANTAR XXXVIII
** ESTAÇÃO: OP38_015
** LAT 62 18,48' S
** LONG 058 32,80' W
** 09P73767-1155_A
** PROFUNDIDADE: 353
** DATA/HORA: 050900Z/NOV/2019
** OPERADOR: SO-HN CHAVES
# nquan = 26
# nvalues = 2077                                  
# units = specified
# name 0 = scan: Scan Count
# name 1 = timeJ: Julian Days
# name 2 = latitude: Latitude [deg]
# name 3 = longitude: Longitude [deg]
# name 4 = dz/dtM: Descent Rate [m/s]
# name 5 = avgsvCM: Average Sound Velocity [Chen-Millero, m/s]
# name 6 = prDM: Pressure, Digiquartz [db]
# name 7 = depSM: Depth [salt water, m]
# name 8 = t090C: Temperature [ITS-90, deg C]
# name 9 = t190C: Temperature, 2 [ITS-90, deg C]
# name 10 = T2-T190C: Temperature Difference, 2 - 1 [ITS-90, deg C]
# name 11 = potemp090C: Potential Temperature [ITS-90, deg C]
# name 12 = potemp190C: Potential Temperature, 2 [ITS-90, deg C]
# name 13 = potemp90Cdiff: Potential Temperature, Diff, 2 - 1 [ITS-90, deg C]
# name 14 = c0S/m: Conductivity [S/m]
# name 15 = c1S/m: Conductivity, 2 [S/m]
# name 16 = C2-C1S/m: Conductivity Difference, 2 - 1 [S/m]
# name 17 = sal00: Salinity, Practical [PSU]
# name 18 = sal11: Salinity, Practical, 2 [PSU]
# name 19 = sbeox0ML/L: Oxygen, SBE 43 [ml/l]
# name 20 = sbeox1ML/L: Oxygen, SBE 43, 2 [ml/l]
# name 21 = sbeox0ML/Ldiff: Oxygen, SBE 43, Diff, 2 - 1 [ml/l]
# name 22 = sigma-é00: Density [sigma-theta, kg/m^3]
# name 23 = sigma-é11: Density, 2 [sigma-theta, kg/m^3]
# name 24 = nbf: Bottles Fired
# name 25 = flag:  0.000e+00
# interval = seconds: 0.0416667
# start_time = Nov 05 2019 09:00:03 [NMEA time, header]
# bad_flag = -9.990e-29
*END*
[from data line 1394]
      25397 309.387282  -62.30810  -58.54616     -0.025    1447.29      2.145      2.125    -0.8149    -0.8139     0.0010    -0.8149    -0.8140     0.0010   2.771305   2.771701   0.000396    34.1489    34.1532     7.6853     7.4002    -0.2851    27.4564    27.4598          9  0.000e+00
      25398 309.387283  -62.30810  -58.54616     -0.024    1447.29      2.193      2.172    -0.8148    -0.8137     0.0010    -0.8148    -0.8138     0.0010   2.771311   2.771655   0.000344    34.1488    34.1523     7.6855     7.3997    -0.2858    27.4563    27.4591          9  0.000e+00
      25399 309.387283  -62.30810  -58.54616     -0.023    1447.29      2.193      2.172    -0.8146    -0.8139     0.0007    -0.8147    -0.8140     0.0007   2.771371   2.771644   0.000273    34.1494    34.1524     7.6855     7.4038    -0.2817    27.4568    27.4592          9  0.000e+00
      25400 309.387283  -62.30810  -58.54616     -0.025    1447.29      2.145      2.125    -0.8138    -0.8154    -0.0017    -0.8138    -0.8155    -0.0017   2.771347   2.771661   0.000314    34.1482    34.1544     7.6855     7.4034    -0.2820    27.4558    27.4608          9  0.000e+00
      25401 309.387284  -62.30810  -58.54616     -0.023    1447.29      2.166      2.145    -0.8135    -0.8159    -0.0024    -0.8135    -0.8160    -0.0024   2.771353   2.771690   0.000337    34.1479    34.1552     7.6855     7.4028    -0.2827    27.4556    27.4616          9  0.000e+00
      25402 309.387284  -62.30810  -58.54616     -0.022    1447.29      2.193      2.172    -0.8140    -0.8153    -0.0013    -0.8140    -0.8154    -0.0013   2.771347   2.771678   0.000332    34.1484    34.1544     7.6865     7.4032    -0.2832    27.4559    27.4609          9  0.000e+00
      25403 309.387285  -62.30810  -58.54616     -0.022    1447.29      2.145      2.125    -0.8144    -0.8156    -0.0012    -0.8145    -0.8157    -0.0012   2.771317   2.771673   0.000356    34.1485    34.1547     7.6873     7.4037    -0.2836    27.4561    27.4611          9  0.000e+00
      25404 309.387285  -62.30810  -58.54616     -0.021    1447.29      2.193      2.172    -0.8146    -0.8159    -0.0013    -0.8147    -0.8160    -0.0013   2.771311   2.771592   0.000281    34.1486    34.1539     7.6875     7.3985    -0.2890    27.4562    27.4605          9  0.000e+00
      25405 309.387286  -62.30810  -58.54616     -0.020    1447.29      2.193      2.172    -0.8152    -0.8158    -0.0006    -0.8152    -0.8158    -0.0006   2.771293   2.771587   0.000294    34.1490    34.1537     7.6876     7.4037    -0.2839    27.4565    27.4603          9  0.000e+00
      25406 309.387286  -62.30810  -58.54616     -0.021    1447.29      2.145      2.125    -0.8152    -0.8154    -0.0003    -0.8152    -0.8155    -0.0003   2.771287   2.771667   0.000380    34.1490    34.1544     7.6875     7.4041    -0.2834    27.4565    27.4609          9  0.000e+00
      25407 309.387287  -62.30810  -58.54616     -0.016    1447.29      2.193      2.172    -0.8151    -0.8151    -0.0000    -0.8151    -0.8152    -0.0000   2.771305   2.771753   0.000448    34.1491    34.1552     7.6875     7.4033    -0.2841    27.4565    27.4615          9  0.000e+00
      25408 309.387287  -62.30810  -58.54616     -0.018    1447.29      2.193      2.172    -0.8147    -0.8140     0.0007    -0.8148    -0.8141     0.0007   2.771329   2.771793   0.000464    34.1490    34.1545     7.6873     7.4024    -0.2849    27.4565    27.4609          9  0.000e+00
      25409 309.387288  -62.30810  -58.54616     -0.013    1447.29      2.193      2.172    -0.8144    -0.8139     0.0005    -0.8145    -0.8140     0.0005   2.771335   2.771822   0.000487    34.1487    34.1548     7.6871     7.4028    -0.2843    27.4563    27.4611          9  0.000e+00
      25410 309.387288  -62.30810  -58.54616     -0.010    1447.29      2.214      2.192    -0.8148    -0.8136     0.0012    -0.8148    -0.8137     0.0012   2.771317   2.771885   0.000568    34.1489    34.1553     7.6870     7.4032    -0.2839    27.4564    27.4615          9  0.000e+00
      25411 309.387289  -62.30810  -58.54616     -0.012    1447.29      2.145      2.125    -0.8152    -0.8128     0.0023    -0.8152    -0.8129     0.0023   2.771275   2.771885   0.000610    34.1488    34.1544     7.6869     7.3963    -0.2905    27.4563    27.4608          9  0.000e+00
      25412 309.387289  -62.30810  -58.54616     -0.009    1447.29      2.193      2.172    -0.8153    -0.8134     0.0019    -0.8154    -0.8135     0.0019   2.771257   2.771839   0.000582    34.1487    34.1545     7.6867     7.4017    -0.2851    27.4563    27.4608          9  0.000e+00
      25413 309.387290  -62.30810  -58.54616     -0.004    1447.29      2.248      2.226    -0.8157    -0.8131     0.0026    -0.8158    -0.8132     0.0026   2.771257   2.771810   0.000553    34.1491    34.1537     7.6874     7.4021    -0.2853    27.4566    27.4602          9  0.000e+00
      25414 309.387290  -62.30810  -58.54616     -0.002    1447.29      2.193      2.172    -0.8158    -0.8136     0.0022    -0.8159    -0.8137     0.0022   2.771239   2.771805   0.000566    34.1490    34.1542     7.6871     7.4026    -0.2845    27.4565    27.4606          9  0.000e+00
      25415 309.387291  -62.30810  -58.54616     -0.001    1447.29      2.193      2.172    -0.8152    -0.8137     0.0014    -0.8152    -0.8138     0.0014   2.771269   2.771759   0.000490    34.1487    34.1537     7.6867     7.4031    -0.2836    27.4563    27.4603          9  0.000e+00
      25416 309.387291  -62.30810  -58.54616      0.001    1447.29      2.193      2.172    -0.8151    -0.8140     0.0010    -0.8151    -0.8141     0.0010   2.771287   2.771765   0.000478    34.1488    34.1542     7.6863     7.3977    -0.2887    27.4563    27.4606          9  0.000e+00
      25417 309.387292  -62.30810  -58.54616      0.002    1447.29      2.193      2.172    -0.8147    -0.8145     0.0002    -0.8148    -0.8146     0.0002   2.771341   2.771736   0.000395    34.1491    34.1543     7.6859     7.3971    -0.2888    27.4566    27.4607          9  0.000e+00
      25418 309.387292  -62.30810  -58.54616      0.007    1447.29      2.248      2.226    -0.8146    -0.8148    -0.0002    -0.8147    -0.8149    -0.0002   2.771365   2.771701   0.000337    34.1493    34.1541     7.6863     7.3966    -0.2897    27.4567    27.4606          9  0.000e+00
      25419 309.387293  -62.30810  -58.54616      0.008    1447.29      2.193      2.172    -0.8146    -0.8148    -0.0002    -0.8147    -0.8149    -0.0002   2.771341   2.771696   0.000355    34.1490    34.1541     7.6859     7.4019    -0.2840    27.4565    27.4606          9  0.000e+00
      25420 309.387293  -62.30810  -58.54616      0.011    1447.29      2.214      2.192    -0.8146    -0.8154    -0.0008    -0.8147    -0.8155    -0.0008   2.771335   2.771713   0.000378    34.1489    34.1550     7.6855     7.3967    -0.2888    27.4564    27.4614          9  0.000e+00
      25421 309.387294  -62.30810  -58.54616      0.012    1447.29      2.193      2.172    -0.8146    -0.8142     0.0004    -0.8147    -0.8143     0.0004   2.771335   2.771759   0.000424    34.1489    34.1543     7.6807     7.3959    -0.2848    27.4564    27.4607          9  0.000e+00
      25422 309.387294  -62.30810  -58.54616      0.018    1447.29      2.248      2.226    -0.8146    -0.8142     0.0004    -0.8147    -0.8143     0.0004   2.771335   2.771736   0.000401    34.1489    34.1539     7.6847     7.4013    -0.2833    27.4564    27.4604          9  0.000e+00
      25423 309.387295  -62.30810  -58.54616      0.022    1447.29      2.248      2.226    -0.8146    -0.8145     0.0001    -0.8147    -0.8146     0.0001   2.771317   2.771724   0.000407    34.1487    34.1541     7.6842     7.4021    -0.2822    27.4562    27.4606          9  0.000e+00
      25424 309.387295  -62.30810  -58.54616      0.027    1447.29      2.248      2.226    -0.8147    -0.8147     0.0000    -0.8148    -0.8147     0.0000   2.771329   2.771759   0.000430    34.1489    34.1547     7.6838     7.3957    -0.2881    27.4564    27.4611          9  0.000e+00
      25425 309.387296  -62.30810  -58.54616      0.031    1447.29      2.248      2.226    -0.8151    -0.8144     0.0007    -0.8151    -0.8144     0.0007   2.771317   2.771736   0.000419    34.1492    34.1541     7.6833     7.3952    -0.2882    27.4566    27.4606          9  0.000e+00
      25426 309.387296  -62.30810  -58.54616      0.029    1447.29      2.193      2.172    -0.8147    -0.8142     0.0005    -0.8148    -0.8143     0.0005   2.771311   2.771759   0.000448    34.1487    34.1543     7.6827     7.3946    -0.2880    27.4563    27.4607          9  0.000e+00
      25427 309.387296  -62.30810  -58.54616      0.033    1447.29      2.248      2.226    -0.8146    -0.8139     0.0007    -0.8147    -0.8140     0.0007   2.771347   2.771776   0.000429    34.1491    34.1541     7.6829     7.3942    -0.2887    27.4565    27.4606          9  0.000e+00
      25428 309.387297  -62.30810  -58.54616      0.036    1447.29      2.248      2.226    -0.8146    -0.8142     0.0004    -0.8147    -0.8143     0.0004   2.771401   2.771793   0.000393    34.1498    34.1547     7.6823     7.3939    -0.2883    27.4571    27.4611          9  0.000e+00
      25429 309.387297  -62.30810  -58.54616      0.035    1447.29      2.214      2.192    -0.8140    -0.8140    -0.0001    -0.8140    -0.8141    -0.0001   2.771508   2.771782   0.000274    34.1505    34.1544     7.6814     7.3995    -0.2820    27.4577    27.4608          9  0.000e+00
      25430 309.387298  -62.30810  -58.54616      0.042    1447.29      2.296      2.274    -0.8126    -0.8140    -0.0015    -0.8126    -0.8141    -0.0015   2.771664   2.771753   0.000089    34.1510    34.1539     7.6805     7.4004    -0.2801    27.4580    27.4604          9  0.000e+00
      25431 309.387298  -62.30810  -58.54616      0.043    1447.29      2.193      2.172    -0.8112    -0.8140    -0.0029    -0.8112    -0.8141    -0.0029   2.771741   2.771747   0.000006    34.1506    34.1539     7.6794     7.4000    -0.2794    27.4576    27.4604          9  0.000e+00
      25432 309.387299  -62.30810  -58.54616      0.043    1447.29      2.248      2.226    -0.8110    -0.8145    -0.0035    -0.8111    -0.8146    -0.0035   2.771694   2.771747   0.000054    34.1497    34.1544     7.6788     7.3951    -0.2837    27.4569    27.4608          9  0.000e+00
      25433 309.387299  -62.30810  -58.54616      0.046    1447.29      2.296      2.274    -0.8121    -0.8148    -0.0027    -0.8122    -0.8149    -0.0027   2.771562   2.771747   0.000185    34.1491    34.1547     7.6836     7.3937    -0.2899    27.4565    27.4611          9  0.000e+00
      25434 309.387300  -62.30810  -58.54616      0.049    1447.29      2.248      2.226    -0.8132    -0.8150    -0.0018    -0.8133    -0.8150    -0.0018   2.771442   2.771765   0.000322    34.1488    34.1552     7.6794     7.3992    -0.2801    27.4562    27.4615          9  0.000e+00
      25435 309.387300  -62.30810  -58.54616      0.051    1447.29      2.248      2.226    -0.8138    -0.8148    -0.0010    -0.8138    -0.8149    -0.0010   2.771359   2.771776   0.000417    34.1483    34.1551     7.6796     7.4001    -0.2795    27.4559    27.4615          9  0.000e+00
      25436 309.387301  -62.30810  -58.54616      0.051    1447.29      2.248      2.226    -0.8146    -0.8145     0.0001    -0.8147    -0.8146     0.0001   2.771317   2.771793   0.000476    34.1487    34.1550     7.6797     7.4009    -0.2789    27.4562    27.4614          9  0.000e+00
      25437 309.387301  -62.30810  -58.54616      0.056    1447.29      2.296      2.274    -0.8144    -0.8142     0.0002    -0.8145    -0.8143     0.0002   2.771329   2.771782   0.000453    34.1486    34.1545     7.6797     7.3959    -0.2839    27.4561    27.4609          9  0.000e+00
      25438 309.387302  -62.30810  -58.54616      0.055    1447.29      2.248      2.226    -0.8144    -0.8145    -0.0001    -0.8145    -0.8146    -0.0001   2.771377   2.771793   0.000417    34.1493    34.1550     7.6796     7.3944    -0.2852    27.4567    27.4614          9  0.000e+00
      25439 309.387302  -62.30810  -58.54616      0.057    1447.29      2.262      2.240    -0.8138    -0.8142    -0.0004    -0.8138    -0.8143    -0.0004   2.771389   2.771782   0.000393    34.1487    34.1545     7.6795     7.4000    -0.2795    27.4562    27.4609          9  0.000e+00
      25440 309.387303  -62.30810  -58.54616      0.054    1447.29      2.248      2.226    -0.8135    -0.8145    -0.0010    -0.8135    -0.8146    -0.0010   2.771389   2.771776   0.000387    34.1484    34.1548     7.6795     7.4010    -0.2785    27.4559    27.4612          9  0.000e+00
      25441 309.387303  -62.30810  -58.54616      0.058    1447.29      2.296      2.274    -0.8138    -0.8136     0.0002    -0.8138    -0.8137     0.0002   2.771431   2.771776   0.000346    34.1492    34.1537     7.6795     7.4018    -0.2778    27.4566    27.4603          9  0.000e+00
      25442 309.387304  -62.30810  -58.54616      0.061    1447.29      2.296      2.274    -0.8133    -0.8145    -0.0012    -0.8134    -0.8146    -0.0012   2.771520   2.771776   0.000256    34.1499    34.1548     7.6794     7.4029    -0.2765    27.4572    27.4611          9  0.000e+00
      25443 309.387304  -62.30810  -58.54616      0.059    1447.29      2.248      2.226    -0.8123    -0.8139    -0.0016    -0.8123    -0.8140    -0.0016   2.771604   2.771759   0.000155    34.1499    34.1539     7.6791     7.4036    -0.2755    27.4571    27.4604          9  0.000e+00
      25444 309.387305  -62.30810  -58.54616      0.059    1447.29      2.248      2.226    -0.8118    -0.8140    -0.0022    -0.8119    -0.8141    -0.0022   2.771604   2.771770   0.000166    34.1494    34.1542     7.6790     7.4046    -0.2745    27.4567    27.4607          9  0.000e+00
      25445 309.387305  -62.30810  -58.54616      0.060    1447.29      2.296      2.274    -0.8120    -0.8140    -0.0021    -0.8120    -0.8141    -0.0021   2.771598   2.771776   0.000178    34.1495    34.1542     7.6791     7.4043    -0.2748    27.4568    27.4607          9  0.000e+00
      25446 309.387306  -62.30810  -58.54616      0.059    1447.29      2.296      2.274    -0.8113    -0.8140    -0.0027    -0.8114    -0.8141    -0.0027   2.771580   2.771776   0.000196    34.1485    34.1542     7.6790     7.4040    -0.2750    27.4559    27.4607          9  0.000e+00
      25447 309.387306  -62.30810  -58.54616      0.059    1447.29      2.248      2.226    -0.8118    -0.8144    -0.0026    -0.8119    -0.8144    -0.0026   2.771556   2.771736   0.000180    34.1487    34.1541     7.6791     7.4036    -0.2754    27.4562    27.4606          9  0.000e+00
      25448 309.387307  -62.30810  -58.54616      0.058    1447.29      2.248      2.226    -0.8121    -0.8142    -0.0021    -0.8122    -0.8143    -0.0021   2.771544   2.771742   0.000198    34.1489    34.1540     7.6843     7.4044    -0.2799    27.4563    27.4605          9  0.000e+00
      25449 309.387307  -62.30810  -58.54616      0.059    1447.29      2.316      2.294    -0.8124    -0.8147    -0.0022    -0.8125    -0.8147    -0.0022   2.771544   2.771747   0.000203    34.1493    34.1545     7.6852     7.4053    -0.2799    27.4566    27.4610          9  0.000e+00
      25450 309.387308  -62.30810  -58.54616      0.056    1447.29      2.248      2.226    -0.8121    -0.8150    -0.0029    -0.8122    -0.8150    -0.0029   2.771544   2.771690   0.000146    34.1489    34.1542     7.6858     7.4061    -0.2797    27.4563    27.4607          9  0.000e+00
      25451 309.387308  -62.30810  -58.54616      0.057    1447.29      2.296      2.274    -0.8126    -0.8148    -0.0023    -0.8126    -0.8149    -0.0023   2.771526   2.771650   0.000124    34.1492    34.1534     7.6866     7.4069    -0.2797    27.4565    27.4600          9  0.000e+00
