Pos-Processados/process_op38/operantar38_012.cnv
* Sea-Bird SBE 9 Data File:
* FileName = D:\OPERANTAR_XXXVIII\DADOS\OP38_012.hdr
* Software Version Seasave V 7.18c
* Temperature SN = 4808
* Conductivity SN = 3380
* Number of Bytes Per Scan = 31
* Number of Voltage Words = 2
* Number of Scans Averaged by the Deck Unit = 1
* NMEA Latitude = 43 26.50 S
* NMEA Longitude = 053 36.73 W
* NMEA UTC (Time) = Oct 20 2019 19:38:05
** H41
** NAVIO POLAR ALMIRANTE MAXIMIANO
** CRUZEIRO:
** OPERANTAR XXXVIII
** ESTAÇÃO: OP38_012
** LAT 43 26,49' S
** LONG 053 36,73'  W
** 09P73767-1155
** PROFUNDIDADE: 5647
** DATA/HORA: 201939Z/OUT/2019
** OPERADOR: SO-HN CHAVES
# nquan = 30
# nvalues = 2114                        
# units = specified
# name 0 = scan: Scan Count
# name 1 = timeJ: Julian Days
# name 2 = latitude: Latitude [deg]
# name 3 = longitude: Longitude [deg]
# name 4 = dz/dtM: Descent Rate [m/s]
# name 5 = avgsvCM: Average Sound Velocity [Chen-Millero, m/s]
# name 6 = prDM: Pressure, Digiquartz [db]
# name 7 = depSM: Depth [salt water, m]
# name 8 = t090C: Temperature [ITS-90, deg C]
# name 9 = t190C: Temperature, 2 [ITS-90, deg C]
# name 10 = T2-T190C: Temperature Difference, 2 - 1 [ITS-90, deg C]
# name 11 = potemp090C: Potential Temperature [ITS-90, deg C]
# name 12 = potemp190C: Potential Temperature, 2 [ITS-90, deg C]
# name 13 = potemp90Cdiff: Potential Temperature, Diff, 2 - 1 [ITS-90, deg C]
# name 14 = c0S/m: Conductivity [S/m]
# name 15 = c1S/m: Conductivity, 2 [S/m]
# name 16 = C2-C1S/m: Conductivity Difference, 2 - 1 [S/m]
# name 17 = sal00: Salinity, Practical [PSU]
# name 18 = sal11: Salinity, Practical, 2 [PSU]
# name 19 = sbeox0ML/L: Oxygen, SBE 43 [ml/l]
# name 20 = sigma-é00: Density [sigma-theta, kg/m^3]
# name 21 = sigma-é11: Density, 2 [sigma-theta, kg/m^3]
# name 22 = sal00: Salinity, Practical [PSU]
# name 23 = sigma-é00: Density [sigma-theta, kg/m^3]
# name 24 = svCM: Sound Velocity [Chen-Millero, m/s]
# name 25 = svCM1: Sound Velocity, 2 [Chen-Millero, m/s]
# name 26 = gsw_ptA0: potential temperature [ITS-90, deg C]
# name 27 = gsw_densityA0: density, TEOS-10 [density, kg/m^3]
# name 28 = gsw_saA0: Absolute Salinity [g/kg]
# name 29 = flag:
# span 0 =       2542,      65058       
# span 1 = 293.819339, 293.849488       
# span 2 =  -43.44176,  -43.44172       
# span 3 =  -53.61234,  -53.61224       
# span 4 =     -1.559,      1.433       
# span 5 =      -0.01,    1514.00       
# span 6 =      2.000,   1059.000       
# span 7 =      1.980,   1047.883       
# span 8 =     3.0215,     9.7607       
# span 9 =     3.0207,     9.7621       
# span 10 =    -0.0496,     0.0372      
# span 11 =     2.9493,     9.7603      
# span 12 =     2.9485,     9.7617      
# span 13 =    -0.0494,     0.0371      
# span 14 =   3.154139,   3.701112      
# span 15 =   3.154627,   3.701819      
# span 16 =  -0.003910,   0.003867      
# span 17 =    34.0765,    34.3161      
# span 18 =    34.0825,    34.3215      
# span 19 =     4.6253,     6.7672      
# span 20 =    26.3063,    27.3310      
# span 21 =    26.3105,    27.3352      
# span 22 =    34.0554,    34.3172      
# span 23 =    26.3063,    27.3328      
# span 24 =    1472.74,    1487.97      
# span 25 =    1472.75,    1487.98      
# span 26 =     2.9492,     9.7603      
# span 27 =  1026.3227,  1032.2356      
# span 28 =    34.2164,    34.4829      
# span 29 = 0.0000e+00, 0.0000e+00      
# interval = decibars: 1                
# start_time = Oct 20 2019 19:38:05 [NMEA time, header]
# bad_flag = -9.990e-29
*END*
[from data line 822]
      23041 293.829225 -9.990e-29  -53.61232      1.049    1475.58    825.000    816.796     3.2073     3.2079     0.0006     3.1515     3.1521     0.0006   3.154201   3.154687   0.000483    34.1872    34.1923     5.5130    27.2224    27.2265    34.1862    27.2216    1475.78    1475.79     3.1514  1031.0466    34.3477 0.0000e+00
      23062 293.829235 -9.990e-29  -53.61232      1.136    1475.58    826.000    817.784     3.2060     3.2064     0.0004     3.1501     3.1506     0.0004   3.154139   3.154627   0.000486    34.1871    34.1925     5.5093    27.2224    27.2267    34.1863    27.2218    1475.79    1475.80     3.1500  1031.0515    34.3479 0.0000e+00
      23083 293.829245 -9.990e-29  -53.61232      1.174    1475.58    827.000    818.772     3.2058     3.2064     0.0006     3.1499     3.1504     0.0005   3.154168   3.154665   0.000496    34.1870    34.1923     5.5064    27.2223    27.2266    34.1863    27.2218    1475.81    1475.82     3.1498  1031.0560    34.3478 0.0000e+00
      23107 293.829256  -43.44174  -53.61232      1.078    1475.58    828.000    819.760     3.2059     3.2066     0.0007     3.1499     3.1506     0.0007   3.154224   3.154716   0.000494    34.1870    34.1922     5.5101    27.2223    27.2264    34.1864    27.2219    1475.82    1475.83     3.1498  1031.0622    34.3498 0.0000e+00
      23133 293.829269  -43.44174  -53.61232      0.935    1475.58    829.000    820.748     3.2063     3.2070     0.0006     3.1502     3.1509     0.0006   3.154314   3.154799   0.000482    34.1870    34.1921     5.5110    27.2223    27.2263    34.1865    27.2220    1475.84    1475.85     3.1501  1031.0675    34.3507 0.0000e+00
      23156 293.829280  -43.44174  -53.61232      0.968    1475.58    830.000    821.737     3.2071     3.2077     0.0006     3.1510     3.1515     0.0005   3.154436   3.154920   0.000484    34.1870    34.1921     5.5051    27.2222    27.2263    34.1866    27.2220    1475.86    1475.87     3.1508  1031.0721    34.3508 0.0000e+00
      23176 293.829290  -43.44174  -53.61232      1.098    1475.58    831.000    822.725     3.2077     3.2082     0.0005     3.1515     3.1520     0.0005   3.154526   3.155006   0.000482    34.1868    34.1921     5.5061    27.2221    27.2262    34.1865    27.2219    1475.88    1475.89     3.1514  1031.0765    34.3507 0.0000e+00
      23195 293.829299  -43.44174  -53.61232      1.210    1475.58    832.000    823.713     3.2071     3.2080     0.0009     3.1509     3.1517     0.0009   3.154532   3.155031   0.000498    34.1871    34.1922     5.5001    27.2224    27.2263    34.1867    27.2221    1475.89    1475.90     3.1507  1031.0813    34.3509 0.0000e+00
      23215 293.829309  -43.44174  -53.61232      1.232    1475.58    833.000    824.701     3.2064     3.2070     0.0006     3.1500     3.1506     0.0006   3.154653   3.155150   0.000497    34.1884    34.1938     5.5028    27.2235    27.2277    34.1884    27.2235    1475.91    1475.92     3.1500  1031.0873    34.3526 0.0000e+00
      23239 293.829320  -43.44174  -53.61232      1.100    1475.58    834.000    825.689     3.2062     3.2065     0.0003     3.1498     3.1500     0.0003   3.154928   3.155379   0.000454    34.1915    34.1967     5.5104    27.2260    27.2301    34.1914    27.2259    1475.93    1475.94     3.1496  1031.0943    34.3556 0.0000e+00
      23268 293.829334  -43.44174  -53.61232      0.875    1475.58    835.000    826.677     3.2098     3.2102     0.0005     3.1532     3.1537     0.0005   3.155438   3.155911   0.000474    34.1931    34.1983     5.5049    27.2269    27.2310    34.1933    27.2271    1475.96    1475.97     3.1531  1031.1000    34.3575 0.0000e+00
      23296 293.829347  -43.44174  -53.61232      0.838    1475.58    836.000    827.665     3.2123     3.2128     0.0005     3.1557     3.1562     0.0005   3.155737   3.156217   0.000477    34.1935    34.1988     5.4873    27.2270    27.2311    34.1937    27.2272    1475.99    1476.00     3.1556  1031.1047    34.3579 0.0000e+00
      23320 293.829359  -43.44174  -53.61232      0.942    1475.58    837.000    828.653     3.2136     3.2139     0.0004     3.1569     3.1572     0.0003   3.155896   3.156371   0.000475    34.1936    34.1990     5.4693    27.2270    27.2312    34.1938    27.2271    1476.01    1476.02     3.1568  1031.1092    34.3580 0.0000e+00
      23343 293.829370  -43.44174  -53.61232      1.023    1475.58    838.000    829.641     3.2173     3.2183     0.0010     3.1605     3.1615     0.0010   3.156404   3.156946   0.000538    34.1946    34.2000     5.4487    27.2275    27.2317    34.1955    27.2281    1476.05    1476.06     3.1604  1031.1147    34.3597 0.0000e+00
      23367 293.829382  -43.44174  -53.61232      1.017    1475.58    839.000    830.629     3.2230     3.2237     0.0007     3.1661     3.1668     0.0007   3.157003   3.157483   0.000487    34.1956    34.2007     5.4388    27.2277    27.2317    34.1961    27.2282    1476.09    1476.10     3.1660  1031.1192    34.3604 0.0000e+00
      23392 293.829394  -43.44174  -53.61232      0.977    1475.58    840.000    831.617     3.2260     3.2263     0.0003     3.1689     3.1693     0.0003   3.157387   3.157859   0.000467    34.1966    34.2018     5.4389    27.2282    27.2324    34.1972    27.2287    1476.12    1476.13     3.1688  1031.1242    34.3614 0.0000e+00
      23413 293.829404  -43.44174  -53.61232      1.035    1475.58    841.000    832.605     3.2277     3.2282     0.0006     3.1705     3.1711     0.0006   3.157636   3.158139   0.000502    34.1973    34.2027     5.4312    27.2287    27.2330    34.1979    27.2291    1476.15    1476.15     3.1704  1031.1292    34.3621 0.0000e+00
      23432 293.829413  -43.44174  -53.61232      1.155    1475.58    842.000    833.593     3.2302     3.2311     0.0009     3.1730     3.1739     0.0009   3.158022   3.158533   0.000516    34.1983    34.2035     5.4264    27.2292    27.2333    34.1993    27.2301    1476.17    1476.19     3.1729  1031.1347    34.3636 0.0000e+00
      23450 293.829422  -43.44174  -53.61232      1.270    1475.58    843.000    834.581     3.2335     3.2340     0.0005     3.1762     3.1767     0.0005   3.158388   3.158864   0.000474    34.1990    34.2042     5.4248    27.2295    27.2336    34.1997    27.2301    1476.21    1476.21     3.1761  1031.1392    34.3640 0.0000e+00
      23469 293.829431  -43.44174  -53.61232      1.310    1475.58    844.000    835.569     3.2347     3.2351     0.0004     3.1773     3.1777     0.0004   3.158555   3.159031   0.000476    34.1994    34.2047     5.4203    27.2297    27.2339    34.2000    27.2302    1476.23    1476.24     3.1772  1031.1439    34.3643 0.0000e+00
      23493 293.829442  -43.44174  -53.61232      1.165    1475.58    845.000    836.557     3.2367     3.2371     0.0005     3.1792     3.1796     0.0004   3.158828   3.159302   0.000474    34.2000    34.2052     5.4061    27.2300    27.2342    34.2007    27.2306    1476.25    1476.26     3.1791  1031.1488    34.3649 0.0000e+00
      23528 293.829459  -43.44174 -9.990e-29      0.752    1475.58    846.000    837.545     3.2389     3.2394     0.0004     3.1813     3.1818     0.0004   3.159115   3.159599   0.000482    34.2006    34.2059     5.3921    27.2303    27.2345    34.2012    27.2308    1476.28    1476.29     3.1812  1031.1535    34.3654 0.0000e+00
      23562 293.829476  -43.44174 -9.990e-29      0.666    1475.58    847.000    838.533     3.2419     3.2425     0.0005     3.1843     3.1848     0.0005   3.159517   3.159997   0.000487    34.2016    34.2070     5.3916    27.2309    27.2351    34.2024    27.2315    1476.31    1476.32     3.1842  1031.1587    34.3666 0.0000e+00
      23586 293.829487  -43.44174 -9.990e-29      0.859    1475.58    848.000    839.521     3.2454     3.2460     0.0006     3.1876     3.1882     0.0006   3.159956   3.160459   0.000499    34.2026    34.2080     5.3848    27.2313    27.2356    34.2035    27.2321    1476.34    1476.35     3.1875  1031.1637    34.3677 0.0000e+00
      23606 293.829497  -43.44174  -53.61232      1.064    1475.58    849.000    840.509     3.2514     3.2521     0.0007     3.1935     3.1942     0.0007   3.160750   3.161238   0.000489    34.2045    34.2097     5.3876    27.2323    27.2364    34.2063    27.2337    1476.39    1476.40     3.1934  1031.1699    34.3706 0.0000e+00
      23625 293.829506  -43.44174  -53.61232      1.217    1475.58    850.000    841.497     3.2562     3.2567     0.0005     3.1982     3.1987     0.0005   3.161246   3.161726   0.000478    34.2060    34.2112     5.3903    27.2330    27.2371    34.2067    27.2336    1476.43    1476.44     3.1981  1031.1743    34.3710 0.0000e+00
      23644 293.829515  -43.44174  -53.61232      1.285    1475.58    851.000    842.485     3.2496     3.2498     0.0002     3.1916     3.1918     0.0001   3.160883   3.161323   0.000448    34.2084    34.2137     5.3872    27.2356    27.2397    34.2087    27.2358    1476.42    1476.42     3.1915  1031.1812    34.3730 0.0000e+00
      23664 293.829525  -43.44174  -53.61232      1.237    1475.58    852.000    843.473     3.2491     3.2496     0.0005     3.1910     3.1914     0.0005   3.160990   3.161493   0.000494    34.2094    34.2149     5.3765    27.2365    27.2408    34.2100    27.2369    1476.43    1476.44     3.1909  1031.1870    34.3744 0.0000e+00
      23690 293.829537  -43.44174  -53.61232      1.052    1475.58    853.000    844.461     3.2528     3.2532     0.0004     3.1946     3.1950     0.0003   3.161445   3.161894   0.000452    34.2104    34.2155     5.3656    27.2369    27.2409    34.2111    27.2375    1476.47    1476.48     3.1945  1031.1920    34.3755 0.0000e+00
      23718 293.829551  -43.44174  -53.61232      0.866    1475.58    854.000    845.449     3.2557     3.2563     0.0006     3.1974     3.1980     0.0006   3.161943   3.162437   0.000493    34.2127    34.2181     5.3415    27.2385    27.2427    34.2135    27.2391    1476.50    1476.51     3.1973  1031.1981    34.3779 0.0000e+00
      23745 293.829564  -43.44174  -53.61232      0.860    1475.58    855.000    846.437     3.2558     3.2561     0.0002     3.1975     3.1977     0.0002   3.162133   3.162600   0.000470    34.2146    34.2200     5.3296    27.2400    27.2442    34.2151    27.2404    1476.52    1476.53     3.1973  1031.2040    34.3795 0.0000e+00
      23770 293.829576  -43.44174  -53.61232      0.940    1475.58    856.000    847.425     3.2570     3.2575     0.0005     3.1986     3.1990     0.0005   3.162441   3.162923   0.000478    34.2161    34.2213     5.3208    27.2410    27.2452    34.2171    27.2419    1476.54    1476.55     3.1985  1031.2100    34.3815 0.0000e+00
      23793 293.829587  -43.44174  -53.61232      1.013    1475.58    857.000    848.413     3.2629     3.2636     0.0006     3.2044     3.2050     0.0006   3.163206   3.163697   0.000492    34.2187    34.2240     5.3026    27.2427    27.2468    34.2195    27.2433    1476.59    1476.60     3.2042  1031.2159    34.3840 0.0000e+00
      23816 293.829598  -43.44174  -53.61232      1.039    1475.58    858.000    849.401     3.2622     3.2628     0.0006     3.2036     3.2041     0.0006   3.163190   3.163678   0.000488    34.2192    34.2245     5.2918    27.2431    27.2472    34.2196    27.2434    1476.60    1476.61     3.2034  1031.2206    34.3840 0.0000e+00
      23841 293.829610  -43.44174  -53.61232      0.996    1475.58    859.000    850.389     3.2599     3.2604     0.0005     3.2013     3.2017     0.0005   3.163029   3.163505   0.000475    34.2195    34.2247     5.2894    27.2435    27.2476    34.2195    27.2436    1476.61    1476.62     3.2011  1031.2255    34.3840 0.0000e+00
      23868 293.829623  -43.44174  -53.61232      0.920    1475.62    860.000    851.377     3.2534     3.2541     0.0007     3.1947     3.1954     0.0007   3.162436   3.162943   0.000503    34.2196    34.2249     5.2807    27.2442    27.2484    34.2187    27.2435    1476.60    1476.61     3.1946  1031.2301    34.3832 0.0000e+00
      23893 293.829635  -43.44174  -53.61232      0.918    1475.62    861.000    852.365     3.2392     3.2393     0.0001     3.1805     3.1806     0.0001   3.161198   3.161635   0.000441    34.2193    34.2245     5.2702    27.2453    27.2494    34.2182    27.2444    1476.55    1476.56     3.1804  1031.2360    34.3826 0.0000e+00
      23915 293.829646  -43.44174 -9.990e-29      1.010    1475.62    862.000    853.352     3.2277     3.2282     0.0005     3.1690     3.1695     0.0005   3.159986   3.160479   0.000499    34.2179    34.2233     5.2666    27.2452    27.2495    34.2152    27.2431    1476.51    1476.52     3.1689  1031.2394    34.3795 0.0000e+00
      23936 293.829656  -43.44174 -9.990e-29      1.111    1475.62    863.000    854.341     3.2085     3.2088     0.0003     3.1499     3.1502     0.0003   3.158390   3.158865   0.000470    34.2174    34.2227     5.2696    27.2466    27.2508    34.2156    27.2452    1476.45    1476.46     3.1497  1031.2465    34.3799 0.0000e+00
      23958 293.829667  -43.44174 -9.990e-29      1.135    1475.62    864.000    855.328     3.2041     3.2046     0.0006     3.1453     3.1459     0.0006   3.158044   3.158520   0.000481    34.2171    34.2223     5.2666    27.2468    27.2509    34.2156    27.2456    1476.45    1476.46     3.1453  1031.2517    34.3799 0.0000e+00
      23982 293.829678  -43.44174 -9.990e-29      1.055    1475.62    865.000    856.316     3.2000     3.2005     0.0005     3.1412     3.1417     0.0005   3.157688   3.158167   0.000479    34.2166    34.2218     5.2712    27.2468    27.2509    34.2151    27.2456    1476.45    1476.46     3.1411  1031.2563    34.3794 0.0000e+00
      24007 293.829690  -43.44174  -53.61230      0.965    1475.62    866.000    857.304     3.1960     3.1965     0.0005     3.1372     3.1377     0.0005   3.157365   3.157867   0.000494    34.2162    34.2216     5.2857    27.2468    27.2511    34.2149    27.2458    1476.45    1476.45     3.1371  1031.2613    34.3793 0.0000e+00
      24031 293.829702  -43.44174  -53.61230      0.965    1475.62    867.000    858.292     3.1940     3.1946     0.0006     3.1352     3.1358     0.0006   3.157245   3.157725   0.000486    34.2160    34.2212     5.2927    27.2469    27.2510    34.2150    27.2460    1476.45    1476.46     3.1350  1031.2662    34.3794 0.0000e+00
      24055 293.829713  -43.44174  -53.61230      1.009    1475.62    868.000    859.280     3.1927     3.1937     0.0010     3.1338     3.1348     0.0009   3.157159   3.157684   0.000522    34.2158    34.2211     5.2979    27.2469    27.2509    34.2147    27.2460    1476.46    1476.48     3.1337  1031.2708    34.3792 0.0000e+00
      24080 293.829726  -43.44174  -53.61230      0.988    1475.62    869.000    860.268     3.1911     3.1918     0.0006     3.1322     3.1327     0.0006   3.157059   3.157552   0.000495    34.2156    34.2209     5.2996    27.2468    27.2510    34.2147    27.2461    1476.47    1476.48     3.1320  1031.2756    34.3792 0.0000e+00
      24110 293.829740  -43.44174  -53.61230      0.845    1475.62    870.000    861.256     3.1888     3.1895     0.0007     3.1298     3.1304     0.0007   3.156871   3.157361   0.000493    34.2154    34.2206     5.2982    27.2469    27.2510    34.2144    27.2461    1476.48    1476.49     3.1296  1031.2802    34.3789 0.0000e+00
      24139 293.829754  -43.44174  -53.61231      0.789    1475.62    871.000    862.244     3.1855     3.1861     0.0005     3.1264     3.1270     0.0005   3.156649   3.157127   0.000475    34.2154    34.2206     5.2989    27.2472    27.2513    34.2146    27.2466    1476.48    1476.49     3.1263  1031.2854    34.3791 0.0000e+00
      24163 293.829765  -43.44174  -53.61232      0.928    1475.62    872.000    863.232     3.1850     3.1853     0.0003     3.1258     3.1261     0.0003   3.156656   3.157122   0.000468    34.2155    34.2208     5.2967    27.2473    27.2515    34.2148    27.2468    1476.50    1476.50     3.1257  1031.2901    34.3793 0.0000e+00
