Pos-Processados/process_op38/operantar38_003b.ros
* Sea-Bird SBE 9 Data File:
* FileName = D:\OPERANTAR_XXXVIII\DADOS\OP38_003b.hdr
* Software Version Seasave V 7.12
* Temperature SN = 4808
* Conductivity SN = 3380
* Number of Bytes Per Scan = 31
* Number of Voltage Words = 2
* Number of Scans Averaged by the Deck Unit = 1
* NMEA Latitude = 39 32.86 S
* NMEA Longitude = 054 23.47 W
* NMEA UTC (Time) = Jan 17 2019 09:51:02
** H41
** NAVIO POLAR ALMIRANTE MAXIMIANO
** CRUZEIRO:
** OPERANTAR XXXVIII
** ESTAÇÃO: OP38_003b
** LAT 39º 32,86'S
** LONG 054º 23,47'W
** 09P73767-1155
** PROFUNDIDADE: 2920 m
** DATA/HORA: 170950Z/OUT/2019
** OPERADOR: SO-HN CHAVES
# nquan = 26
# nvalues = 1649                                  
# units = specified
# name 0 = scan: Scan Count
# name 1 = timeJ: Julian Days
# name 2 = latitude: Latitude [deg]
# name 3 = longitude: Longitude [deg]
# name 4 = dz/dtM: Descent Rate [m/s]
# name 5 = avgsvCM: Average Sound Velocity [Chen-Millero, m/s]
# name 6 = prDM: Pressure, Digiquartz [db]
# name 7 = depSM: Depth [salt water, m]
# name 8 = t090C: Temperature [ITS-90, deg C]
# name 9 = t190C: Temperature, 2 [ITS-90, deg C]
# name 10 = T2-T190C: Temperature Difference, 2 - 1 [ITS-90, deg C]
# name 11 = potemp090C: Potential Temperature [ITS-90, deg C]
# name 12 = potemp190C: Potential Temperature, 2 [ITS-90, deg C]
# name 13 = potemp90Cdiff: Potential Temperature, Diff, 2 - 1 [ITS-90, deg C]
# name 14 = c0S/m: Conductivity [S/m]
# name 15 = c1S/m: Conductivity, 2 [S/m]
# name 16 = C2-C1S/m: Conductivity Difference, 2 - 1 [S/m]
# name 17 = sal00: Salinity, Practical [PSU]
# name 18 = sal11: Salinity, Practical, 2 [PSU]
# name 19 = sbeox0ML/L: Oxygen, SBE 43 [ml/l]
# name 20 = sbeox1ML/L: Oxygen, SBE 43, 2 [ml/l]
# name 21 = sbeox0ML/Ldiff: Oxygen, SBE 43, Diff, 2 - 1 [ml/l]
# name 22 = sigma-é00: Density [sigma-theta, kg/m^3]
# name 23 = sigma-é11: Density, 2 [sigma-theta, kg/m^3]
# name 24 = nbf: Bottles Fired
# name 25 = flag:  0.000e+00
# interval = seconds: 0.0416667
# start_time = Jan 17 2019 09:51:02 [NMEA time, header]
# bad_flag = -9.990e-29
*END*
[from data line 1561]
       4147  17.412439  -39.54772  -54.39120     -0.226    1474.69     35.133     34.862     5.9237     5.9756     0.0519     5.9208     5.9726     0.0518   3.350294   3.356038   0.005744    34.0845    34.0971     7.2262     6.9131    -0.3131    26.8392    26.8426         10  0.000e+00
       4148  17.412440  -39.54772  -54.39120     -0.231    1474.69     35.133     34.862     5.9272     5.9796     0.0523     5.9243     5.9767     0.0523   3.350557   3.356217   0.005660    34.0839    34.0950     7.2251     6.9119    -0.3132    26.8383    26.8405         10  0.000e+00
       4149  17.412440  -39.54772  -54.39120     -0.245    1474.69     35.023     34.753     5.9275     5.9806     0.0531     5.9246     5.9776     0.0530   3.350936   3.356204   0.005268    34.0880    34.0939     7.2246     6.9114    -0.3132    26.8414    26.8395         10  0.000e+00
       4150  17.412441  -39.54772  -54.39120     -0.254    1474.69     35.078     34.808     5.9305     5.9828     0.0523     5.9276     5.9799     0.0523   3.351527   3.356322   0.004794    34.0916    34.0930     7.2199     6.9112    -0.3087    26.8439    26.8384         10  0.000e+00
       4151  17.412441  -39.54772  -54.39120     -0.265    1474.69     35.030     34.760     5.9380     5.9880     0.0500     5.9351     5.9850     0.0500   3.352131   3.356686   0.004555    34.0909    34.0919     7.2184     6.9060    -0.3124    26.8425    26.8370         10  0.000e+00
       4152  17.412442  -39.54772  -54.39120     -0.271    1474.69     35.030     34.760     5.9410     5.9918     0.0508     5.9381     5.9889     0.0508   3.352202   3.356902   0.004700    34.0886    34.0904     7.2182     6.9053    -0.3128    26.8402    26.8353         10  0.000e+00
       4153  17.412442  -39.54772  -54.39120     -0.282    1474.69     34.982     34.713     5.9410     5.9916     0.0506     5.9381     5.9887     0.0506   3.352047   3.356649   0.004601    34.0870    34.0878     7.2182     6.9011    -0.3171    26.8389    26.8333         10  0.000e+00
       4154  17.412443  -39.54772  -54.39120     -0.289    1474.69     35.023     34.754     5.9428     5.9889     0.0461     5.9399     5.9860     0.0461   3.352137   3.356278   0.004141    34.0861    34.0864     7.2140     6.9016    -0.3124    26.8380    26.8324         10  0.000e+00
       4155  17.412443  -39.54772  -54.39120     -0.298    1474.69     34.982     34.713     5.9446     5.9855     0.0409     5.9417     5.9826     0.0409   3.352452   3.356050   0.003598    34.0879    34.0872     7.2136     6.9016    -0.3119    26.8392    26.8335         10  0.000e+00
       4156  17.412444  -39.54772  -54.39120     -0.305    1474.69     34.982     34.713     5.9486     5.9834     0.0348     5.9457     5.9805     0.0348   3.352889   3.355797   0.002908    34.0888    34.0865     7.2131     6.9019    -0.3112    26.8394    26.8332         10  0.000e+00
       4157  17.412444  -39.54772  -54.39120     -0.311    1474.69     34.928     34.658     5.9516     5.9794     0.0278     5.9487     5.9765     0.0278   3.352928   3.355068   0.002141    34.0862    34.0823     7.2127     6.9029    -0.3098    26.8370    26.8305         10  0.000e+00
       4158  17.412445  -39.54772  -54.39120     -0.318    1474.69     34.928     34.658     5.9516     5.9723     0.0207     5.9487     5.9694     0.0207   3.352728   3.354346   0.001618    34.0839    34.0813     7.2131     6.9047    -0.3084    26.8352    26.8306         10  0.000e+00
       4159  17.412445  -39.54772  -54.39120     -0.324    1474.69     34.928     34.658     5.9513     5.9654     0.0141     5.9484     5.9625     0.0141   3.352574   3.353840   0.001266    34.0825    34.0826     7.2138     6.9066    -0.3072    26.8341    26.8324         10  0.000e+00
       4160  17.412446  -39.54772  -54.39120     -0.331    1474.69     34.880     34.611     5.9513     5.9601     0.0088     5.9484     5.9572     0.0088   3.352683   3.353661   0.000978    34.0838    34.0860     7.2104     6.9039    -0.3065    26.8351    26.8358         10  0.000e+00
       4161  17.412446  -39.54772  -54.39120     -0.337    1474.69     34.880     34.611     5.9533     5.9623     0.0091     5.9504     5.9594     0.0091   3.352902   3.354229   0.001327    34.0843    34.0901     7.2107     6.9041    -0.3066    26.8353    26.8387         10  0.000e+00
       4162  17.412446  -39.54772  -54.39120     -0.344    1474.69     34.832     34.563     5.9554     5.9662     0.0108     5.9525     5.9633     0.0108   3.353152   3.354562   0.001410    34.0850    34.0900     7.2066     6.9084    -0.2981    26.8356    26.8382         10  0.000e+00
       4163  17.412447  -39.54772  -54.39120     -0.349    1474.69     34.832     34.563     5.9579     5.9656     0.0076     5.9550     5.9627     0.0076   3.353281   3.354655   0.001374    34.0839    34.0917     7.2064     6.9052    -0.3011    26.8344    26.8396         10  0.000e+00
       4164  17.412447  -39.54772  -54.39120     -0.353    1474.69     34.873     34.604     5.9574     5.9685     0.0110     5.9546     5.9656     0.0110   3.353095   3.355007   0.001912    34.0822    34.0927     7.2066     6.9058    -0.3009    26.8331    26.8400         10  0.000e+00
       4165  17.412448  -39.54772  -54.39120     -0.358    1474.69     34.777     34.509     5.9553     5.9733     0.0180     5.9524     5.9704     0.0180   3.352934   3.355649   0.002715    34.0827    34.0951     7.2072     6.9053    -0.3018    26.8338    26.8413         10  0.000e+00
       4166  17.412448  -39.54772  -54.39120     -0.361    1474.69     34.832     34.563     5.9565     5.9830     0.0265     5.9536     5.9801     0.0265   3.353435   3.356704   0.003269    34.0871    34.0973     7.2032     6.9045    -0.2987    26.8371    26.8418         10  0.000e+00
       4167  17.412449  -39.54772  -54.39120     -0.366    1474.69     34.777     34.509     5.9632     5.9931     0.0298     5.9604     5.9902     0.0298   3.354193   3.357803   0.003610    34.0888    34.0995     7.2063     6.8992    -0.3071    26.8376    26.8423         10  0.000e+00
       4168  17.412449  -39.54772  -54.39120     -0.369    1474.69     34.770     34.502     5.9690     6.0033     0.0342     5.9662     6.0004     0.0342   3.354682   3.358637   0.003955    34.0885    34.0986     7.2022     6.9028    -0.2993    26.8366    26.8403         10  0.000e+00
       4169  17.412450  -39.54772  -54.39120     -0.371    1474.69     34.777     34.509     5.9745     6.0136     0.0391     5.9716     6.0107     0.0391   3.355087   3.359409   0.004322    34.0876    34.0969     7.2021     6.9029    -0.2992    26.8352    26.8377         10  0.000e+00
       4170  17.412450  -39.54772  -54.39120     -0.373    1474.69     34.729     34.462     5.9817     6.0273     0.0456     5.9788     6.0244     0.0456   3.355838   3.360348   0.004509    34.0888    34.0937     7.2013     6.9020    -0.2993    26.8353    26.8334         10  0.000e+00
       4171  17.412451  -39.54772  -54.39120     -0.377    1474.69     34.729     34.462     5.9854     6.0365     0.0510     5.9825     6.0336     0.0510   3.356147   3.361299   0.005152    34.0885    34.0952     7.2016     6.9020    -0.2996    26.8346    26.8334         10  0.000e+00
       4172  17.412451  -39.54772  -54.39120     -0.376    1474.69     34.729     34.462     5.9870     6.0444     0.0574     5.9841     6.0415     0.0574   3.356179   3.361898   0.005719    34.0873    34.0939     7.2025     6.9025    -0.3000    26.8334    26.8314         10  0.000e+00
       4173  17.412452  -39.54772  -54.39120     -0.376    1474.69     34.722     34.455     5.9899     6.0459     0.0560     5.9870     6.0430     0.0560   3.356404   3.361608   0.005204    34.0869    34.0891     7.1988     6.9000    -0.2987    26.8327    26.8274         10  0.000e+00
       4174  17.412452  -39.54772  -54.39120     -0.377    1474.69     34.674     34.407     5.9949     6.0448     0.0498     5.9921     6.0418     0.0498   3.357073   3.361385   0.004313    34.0894    34.0878     7.1984     6.9013    -0.2971    26.8341    26.8266         10  0.000e+00
       4175  17.412453  -39.54772  -54.39120     -0.377    1474.69     34.674     34.407     6.0030     6.0487     0.0457     6.0001     6.0458     0.0457   3.357882   3.361898   0.004016    34.0904    34.0896     7.1978     6.9018    -0.2961    26.8339    26.8275         10  0.000e+00
       4176  17.412453  -39.54772  -54.39120     -0.378    1474.69     34.674     34.407     6.0093     6.0546     0.0453     6.0064     6.0517     0.0453   3.358519   3.362627   0.004108    34.0913    34.0919     7.1979     6.9022    -0.2957    26.8337    26.8285         10  0.000e+00
       4177  17.412454  -39.54772  -54.39120     -0.374    1474.69     34.674     34.407     6.0139     6.0603     0.0463     6.0110     6.0574     0.0463   3.358892   3.363263   0.004372    34.0908    34.0934     7.2021     6.9022    -0.2999    26.8328    26.8290         10  0.000e+00
       4178  17.412454  -39.54772  -54.39120     -0.378    1474.69     34.620     34.353     6.0182     6.0685     0.0503     6.0153     6.0656     0.0503   3.358969   3.364036   0.005067    34.0874    34.0938     7.1990     6.9020    -0.2970    26.8296    26.8283         10  0.000e+00
       4179  17.412455  -39.54772  -54.39120     -0.373    1474.69     34.674     34.407     6.0206     6.0767     0.0561     6.0177     6.0738     0.0561   3.359007   3.364808   0.005801    34.0854    34.0942     7.2038     6.9021    -0.3017    26.8277    26.8275         10  0.000e+00
       4180  17.412455  -39.54772  -54.39120     -0.369    1474.69     34.627     34.360     6.0233     6.0830     0.0597     6.0204     6.0801     0.0597   3.359278   3.365296   0.006019    34.0857    34.0934     7.2007     6.9021    -0.2987    26.8276    26.8261         10  0.000e+00
       4181  17.412456  -39.54772  -54.39120     -0.370    1474.69     34.627     34.360     6.0280     6.0882     0.0602     6.0251     6.0853     0.0602   3.359766   3.365642   0.005876    34.0865    34.0920     7.2048     6.9025    -0.3023    26.8276    26.8244         10  0.000e+00
       4182  17.412456  -39.54772  -54.39120     -0.369    1474.69     34.579     34.312     6.0342     6.0888     0.0545     6.0314     6.0859     0.0545   3.360313   3.365754   0.005441    34.0864    34.0927     7.2010     6.9037    -0.2973    26.8268    26.8249         10  0.000e+00
       4183  17.412457  -39.54772  -54.39120     -0.361    1474.69     34.620     34.353     6.0412     6.0904     0.0492     6.0383     6.0875     0.0492   3.360814   3.365797   0.004983    34.0850    34.0916     7.2011     6.9006    -0.3005    26.8248    26.8237         10  0.000e+00
       4184  17.412457  -39.54772  -54.39120     -0.360    1474.69     34.579     34.312     6.0460     6.0943     0.0482     6.0431     6.0914     0.0482   3.361162   3.365822   0.004660    34.0841    34.0880     7.2053     6.9058    -0.2994    26.8234    26.8204         10  0.000e+00
       4185  17.412458  -39.54772  -54.39120     -0.359    1474.69     34.579     34.312     6.0488     6.0963     0.0475     6.0459     6.0934     0.0475   3.361284   3.365834   0.004550    34.0827    34.0861     7.2064     6.9031    -0.3033    26.8220    26.8186         10  0.000e+00
       4186  17.412458  -39.54772  -54.39120     -0.351    1474.69     34.627     34.360     6.0497     6.0954     0.0456     6.0468     6.0925     0.0456   3.361303   3.365574   0.004271    34.0819    34.0841     7.2034     6.9089    -0.2946    26.8213    26.8172         10  0.000e+00
       4187  17.412459  -39.54772  -54.39120     -0.345    1474.69     34.572     34.306     6.0494     6.0894     0.0400     6.0465     6.0865     0.0400   3.361252   3.364932   0.003680    34.0817    34.0829     7.2085     6.9110    -0.2975    26.8211    26.8170         10  0.000e+00
       4188  17.412459  -39.54772  -54.39120     -0.337    1474.69     34.579     34.312     6.0501     6.0827     0.0327     6.0472     6.0798     0.0327   3.361329   3.364252   0.002923    34.0819    34.0819     7.2099     6.9134    -0.2965    26.8212    26.8171         10  0.000e+00
       4189  17.412459  -39.54772  -54.39120     -0.333    1474.69     34.579     34.312     6.0517     6.0783     0.0266     6.0488     6.0754     0.0266   3.361541   3.363807   0.002266    34.0827    34.0814     7.2112     6.9155    -0.2957    26.8216    26.8172         10  0.000e+00
       4190  17.412460  -39.54772  -54.39120     -0.328    1474.69     34.579     34.312     6.0528     6.0749     0.0221     6.0499     6.0720     0.0221   3.361734   3.363585   0.001851    34.0837    34.0823     7.2123     6.9175    -0.2947    26.8223    26.8184         10  0.000e+00
       4191  17.412460  -39.54772  -54.39120     -0.322    1474.69     34.579     34.312     6.0530     6.0724     0.0194     6.0501     6.0695     0.0194   3.361644   3.363523   0.001879    34.0825    34.0841     7.2137     6.9195    -0.2942    26.8213    26.8202         10  0.000e+00
       4192  17.412461  -39.54772  -54.39120     -0.313    1474.69     34.524     34.258     6.0510     6.0690     0.0179     6.0482     6.0661     0.0179   3.361033   3.363300   0.002268    34.0776    34.0851     7.2158     6.9211    -0.2947    26.8177    26.8213         10  0.000e+00
       4193  17.412461  -39.54772  -54.39120     -0.307    1474.69     34.579     34.312     6.0475     6.0653     0.0178     6.0446     6.0624     0.0178   3.360641   3.363004   0.002363    34.0767    34.0855     7.2223     6.9237    -0.2987    26.8175    26.8221         10  0.000e+00
       4194  17.412462  -39.54772  -54.39120     -0.298    1474.69     34.579     34.312     6.0463     6.0625     0.0162     6.0435     6.0596     0.0162   3.360499   3.362590   0.002091    34.0763    34.0836     7.2243     6.9255    -0.2988    26.8173    26.8209         10  0.000e+00
       4195  17.412462  -39.54772  -54.39120     -0.289    1474.69     34.579     34.312     6.0396     6.0575     0.0180     6.0367     6.0546     0.0180   3.360203   3.362157   0.001954    34.0798    34.0837     7.2272     6.9324    -0.2948    26.8209    26.8217         10  0.000e+00
       4196  17.412463  -39.54772  -54.39120     -0.281    1474.69     34.524     34.258     6.0334     6.0548     0.0214     6.0305     6.0519     0.0214   3.360210   3.361867   0.001657    34.0861    34.0833     7.2299     6.9351    -0.2948    26.8266    26.8217         10  0.000e+00
       4197  17.412463  -39.54772  -54.39120     -0.269    1474.69     34.572     34.306     6.0348     6.0514     0.0167     6.0319     6.0485     0.0167   3.360531   3.361490   0.000959    34.0883    34.0824     7.2316     6.9381    -0.2935    26.8282    26.8214         10  0.000e+00
       4198  17.412464  -39.54772  -54.39120     -0.261    1474.69     34.579     34.313     6.0386     6.0468     0.0082     6.0357     6.0439     0.0082   3.360789   3.361132   0.000343    34.0873    34.0829     7.2371     6.9413    -0.2959    26.8269    26.8224         10  0.000e+00
       4199  17.412464  -39.54772  -54.39120     -0.250    1474.69     34.579     34.313     6.0385     6.0410     0.0025     6.0356     6.0381     0.0025   3.360731   3.360341  -0.000389    34.0868    34.0799     7.2393     6.9449    -0.2944    26.8266    26.8208         10  0.000e+00
       4200  17.412465  -39.54772  -54.39120     -0.240    1474.69     34.579     34.313     6.0372     6.0330    -0.0042     6.0343     6.0301    -0.0042   3.360461   3.359674  -0.000786    34.0851    34.0805     7.2417     6.9481    -0.2936    26.8254    26.8222         10  0.000e+00
       4201  17.412465  -39.54772  -54.39120     -0.232    1474.69     34.524     34.258     6.0367     6.0265    -0.0102     6.0338     6.0236    -0.0102   3.360274   3.359458  -0.000816    34.0835    34.0846     7.2481     6.9510    -0.2972    26.8242    26.8263         10  0.000e+00
