Pos-Processados/process_op38/operantar38_015.ros
* Sea-Bird SBE 9 Data File:
* FileName = D:\OPERANTAR_XXXVIII\DADOS\OP38_015.hdr
* Software Version Seasave V 7.18c
* Temperature SN = 4808
* Conductivity SN = 3380
* Number of Bytes Per Scan = 34
* Number of Voltage Words = 3
* Number of Scans Averaged by the Deck Unit = 1
* NMEA Latitude = 62 18.48 S
* NMEA Longitude = 058 32.77 W
* NMEA UTC (Time) = Nov 05 2019 09:00:03
** H41
** NAVIO POLAR ALMIRANTE MAXIMIANO
** CRUZEIRO:
** OPERANTAR XXXVIII
** ESTAÇÃO: OP38_015
** LAT 62 18,48' S
** LONG 058 32,80' W
** 09P73767-1155_A
** PROFUNDIDADE: 353
** DATA/HORA: 050900Z/NOV/2019
** OPERADOR: SO-HN CHAVES
# nquan = 26
# nvalues = 2077                                  
# units = specified
# name 0 = scan: Scan Count
# name 1 = timeJ: Julian Days
# name 2 = latitude: Latitude [deg]
# name 3 = longitude: Longitude [deg]
# name 4 = dz/dtM: Descent Rate [m/s]
# name 5 = avgsvCM: Average Sound Velocity [Chen-Millero, m/s]
# name 6 = prDM: Pressure, Digiquartz [db]
# name 7 = depSM: Depth [salt water, m]
# name 8 = t090C: Temperature [ITS-90, deg C]
# name 9 = t190C: Temperature, 2 [ITS-90, deg C]
# name 10 = T2-T190C: Temperature Difference, 2 - 1 [ITS-90, deg C]
# name 11 = potemp090C: Potential Temperature [ITS-90, deg C]
# name 12 = potemp190C: Potential Temperature, 2 [ITS-90, deg C]
# name 13 = potemp90Cdiff: Potential Temperature, Diff, 2 - 1 [ITS-90, deg C]
# name 14 = c0S/m: Conductivity [S/m]
# name 15 = c1S/m: Conductivity, 2 [S/m]
# name 16 = C2-C1S/m: Conductivity Difference, 2 - 1 [S/m]
# name 17 = sal00: Salinity, Practical [PSU]
# name 18 = sal11: Salinity, Practical, 2 [PSU]
# name 19 = sbeox0ML/L: Oxygen, SBE 43 [ml/l]
# name 20 = sbeox1ML/L: Oxygen, SBE 43, 2 [ml/l]
# name 21 = sbeox0ML/Ldiff: Oxygen, SBE 43, Diff, 2 - 1 [ml/l]
# name 22 = sigma-é00: Density [sigma-theta, kg/m^3]
# name 23 = sigma-é11: Density, 2 [sigma-theta, kg/m^3]
# name 24 = nbf: Bottles Fired
# name 25 = flag:  0.000e+00
# interval = seconds: 0.0416667
# start_time = Nov 05 2019 09:00:03 [NMEA time, header]
# bad_flag = -9.990e-29
*END*
[from data line 446]
      24449 309.386825  -62.30810  -58.54616     -0.000    1447.29      2.298      2.276    -0.8062    -0.8060     0.0002    -0.8063    -0.8061     0.0002   2.772208   2.772649   0.000441    34.1512    34.1570     7.6757     7.4044    -0.2713    27.4579    27.4626          3  0.000e+00
      24450 309.386825  -62.30810  -58.54616      0.001    1447.29      2.250      2.228    -0.8061    -0.8057     0.0004    -0.8062    -0.8058     0.0004   2.772220   2.772620   0.000401    34.1513    34.1563     7.6754     7.4036    -0.2717    27.4580    27.4620          3  0.000e+00
      24451 309.386826  -62.30810  -58.54616      0.000    1447.29      2.264      2.242    -0.8059    -0.8056     0.0004    -0.8060    -0.8056     0.0004   2.772208   2.772649   0.000441    34.1509    34.1565     7.6751     7.4029    -0.2722    27.4577    27.4622          3  0.000e+00
      24452 309.386826  -62.30810  -58.54616      0.003    1447.29      2.250      2.228    -0.8059    -0.8054     0.0005    -0.8060    -0.8055     0.0005   2.772202   2.772626   0.000424    34.1508    34.1560     7.6748     7.4021    -0.2727    27.4576    27.4618          3  0.000e+00
      24453 309.386827  -62.30810  -58.54616      0.002    1447.29      2.250      2.228    -0.8059    -0.8059 3.2532e-07    -0.8059    -0.8059 3.0207e-07   2.772220   2.772615   0.000395    34.1510    34.1564     7.6797     7.4015    -0.2782    27.4578    27.4621          3  0.000e+00
      24454 309.386827  -62.30810  -58.54616      0.000    1447.29      2.250      2.228    -0.8058    -0.8056     0.0002    -0.8058    -0.8056     0.0002   2.772208   2.772632   0.000424    34.1507    34.1563     7.6750     7.4007    -0.2743    27.4575    27.4620          3  0.000e+00
      24455 309.386828  -62.30810  -58.54616     -0.001    1447.29      2.250      2.228    -0.8059    -0.8057     0.0002    -0.8060    -0.8058     0.0002   2.772220   2.772620   0.000401    34.1511    34.1563     7.6748     7.4012    -0.2735    27.4578    27.4620          3  0.000e+00
      24456 309.386828  -62.30810  -58.54616      0.003    1447.29      2.298      2.276    -0.8059    -0.8062    -0.0003    -0.8059    -0.8062    -0.0003   2.772208   2.772615   0.000407    34.1508    34.1567     7.6745     7.4007    -0.2738    27.4576    27.4624          3  0.000e+00
      24457 309.386829  -62.30810  -58.54616     -0.001    1447.29      2.195      2.174    -0.8058    -0.8057     0.0001    -0.8058    -0.8058     0.0001   2.772220   2.772632   0.000412    34.1509    34.1565     7.6749     7.4010    -0.2739    27.4577    27.4622          3  0.000e+00
      24458 309.386829  -62.30810  -58.54616      0.000    1447.29      2.298      2.276    -0.8059    -0.8060    -0.0001    -0.8060    -0.8061    -0.0001   2.772226   2.772603   0.000377    34.1511    34.1564     7.6748     7.4006    -0.2742    27.4579    27.4621          3  0.000e+00
      24459 309.386830  -62.30810  -58.54616     -0.001    1447.29      2.195      2.174    -0.8059    -0.8059 3.2532e-07    -0.8059    -0.8059 3.0331e-07   2.772226   2.772609   0.000383    34.1511    34.1563     7.6744     7.3998    -0.2746    27.4579    27.4621          3  0.000e+00
      24460 309.386830  -62.30810  -58.54616     -0.002    1447.29      2.250      2.228    -0.8058    -0.8057     0.0001    -0.8058    -0.8058     0.0001   2.772208   2.772615   0.000407    34.1507    34.1562     7.6742     7.4063    -0.2679    27.4575    27.4619          3  0.000e+00
      24461 309.386831  -62.30810  -58.54616     -0.005    1447.29      2.216      2.194    -0.8058    -0.8057     0.0001    -0.8058    -0.8058     0.0001   2.772220   2.772592   0.000372    34.1509    34.1559     7.6739     7.4009    -0.2729    27.4577    27.4617          3  0.000e+00
      24462 309.386831  -62.30810  -58.54616     -0.006    1447.29      2.250      2.228    -0.8058    -0.8054     0.0003    -0.8058    -0.8055     0.0003   2.772208   2.772569   0.000361    34.1507    34.1552     7.6737     7.4003    -0.2733    27.4575    27.4612          3  0.000e+00
      24463 309.386832  -62.30810  -58.54616     -0.007    1447.29      2.250      2.228    -0.8059    -0.8049     0.0010    -0.8060    -0.8050     0.0010   2.772202   2.772546   0.000344    34.1508    34.1544     7.6734     7.3996    -0.2738    27.4576    27.4604          3  0.000e+00
      24464 309.386832  -62.30810  -58.54616     -0.014    1447.29      2.147      2.127    -0.8056    -0.8051     0.0005    -0.8057    -0.8052     0.0005   2.772220   2.772592   0.000372    34.1508    34.1553     7.6782     7.3989    -0.2793    27.4576    27.4612          3  0.000e+00
      24465 309.386833  -62.30810  -58.54616     -0.009    1447.29      2.298      2.276    -0.8056    -0.8046     0.0010    -0.8057    -0.8047     0.0010   2.772226   2.772557   0.000331    34.1508    34.1542     7.6736     7.3996    -0.2741    27.4576    27.4603          3  0.000e+00
      24466 309.386833  -62.30810  -58.54616     -0.012    1447.29      2.195      2.174    -0.8062    -0.8039     0.0024    -0.8063    -0.8039     0.0024   2.772208   2.772592   0.000384    34.1513    34.1538     7.6742     7.3999    -0.2742    27.4580    27.4599          3  0.000e+00
      24467 309.386834  -62.30810  -58.54616     -0.016    1447.29      2.195      2.174    -0.8059    -0.8037     0.0022    -0.8060    -0.8038     0.0022   2.772202   2.772592   0.000390    34.1509    34.1537     7.6747     7.4006    -0.2741    27.4576    27.4598          3  0.000e+00
      24468 309.386834  -62.30810  -58.54616     -0.017    1447.29      2.250      2.228    -0.8062    -0.8040     0.0022    -0.8063    -0.8041     0.0022   2.772202   2.772586   0.000384    34.1512    34.1539     7.6754     7.4014    -0.2740    27.4579    27.4600          3  0.000e+00
      24469 309.386834  -62.30810  -58.54616     -0.020    1447.29      2.195      2.174    -0.8059    -0.8040     0.0018    -0.8059    -0.8041     0.0018   2.772202   2.772609   0.000407    34.1508    34.1542     7.6759     7.4009    -0.2750    27.4576    27.4603          3  0.000e+00
      24470 309.386835  -62.30810  -58.54616     -0.025    1447.29      2.168      2.147    -0.8061    -0.8049     0.0012    -0.8062    -0.8050     0.0012   2.772202   2.772574   0.000373    34.1511    34.1548     7.6765     7.4006    -0.2759    27.4578    27.4608          3  0.000e+00
      24471 309.386835  -62.30810  -58.54616     -0.028    1447.29      2.195      2.174    -0.8059    -0.8056     0.0004    -0.8060    -0.8056     0.0004   2.772220   2.772540   0.000320    34.1511    34.1550     7.6772     7.4074    -0.2698    27.4578    27.4610          3  0.000e+00
      24472 309.386836  -62.30810  -58.54616     -0.031    1447.29      2.195      2.174    -0.8059    -0.8059 3.2532e-07    -0.8059    -0.8059 3.0653e-07   2.772190   2.772517   0.000327    34.1506    34.1551     7.6779     7.4035    -0.2744    27.4575    27.4611          3  0.000e+00
      24473 309.386836  -62.30810  -58.54616     -0.031    1447.29      2.195      2.174    -0.8056    -0.8056     0.0001    -0.8057    -0.8056     0.0001   2.772172   2.772528   0.000357    34.1501    34.1549     7.6778     7.4043    -0.2735    27.4570    27.4609          3  0.000e+00
      24474 309.386837  -62.30810  -58.54616     -0.037    1447.29      2.147      2.127    -0.8058    -0.8056     0.0002    -0.8058    -0.8056     0.0002   2.772208   2.772557   0.000349    34.1508    34.1553     7.6777     7.4051    -0.2726    27.4576    27.4612          3  0.000e+00
      24475 309.386837  -62.30810  -58.54616     -0.039    1447.29      2.195      2.174    -0.8058    -0.8061    -0.0003    -0.8058    -0.8062    -0.0003   2.772208   2.772563   0.000355    34.1508    34.1560     7.6777     7.4049    -0.2727    27.4575    27.4618          3  0.000e+00
      24476 309.386838  -62.30810  -58.54616     -0.044    1447.29      2.147      2.127    -0.8058    -0.8062    -0.0004    -0.8058    -0.8062    -0.0004   2.772202   2.772505   0.000304    34.1507    34.1553     7.6776     7.4047    -0.2729    27.4575    27.4613          3  0.000e+00
      24477 309.386838  -62.30810  -58.54616     -0.047    1447.29      2.195      2.174    -0.8058    -0.8059    -0.0001    -0.8058    -0.8059    -0.0001   2.772220   2.772523   0.000303    34.1509    34.1552     7.6775     7.4044    -0.2732    27.4577    27.4611          3  0.000e+00
      24478 309.386839  -62.30810  -58.54616     -0.051    1447.29      2.147      2.127    -0.8058    -0.8062    -0.0004    -0.8058    -0.8062    -0.0004   2.772184   2.772517   0.000333    34.1505    34.1555     7.6774     7.4053    -0.2722    27.4573    27.4614          3  0.000e+00
      24479 309.386839  -62.30810  -58.54616     -0.053    1447.29      2.147      2.127    -0.8062    -0.8060     0.0002    -0.8063    -0.8061     0.0002   2.772172   2.772511   0.000339    34.1508    34.1552     7.6775     7.4050    -0.2725    27.4576    27.4612          3  0.000e+00
      24480 309.386840  -62.30810  -58.54616     -0.059    1447.29      2.113      2.093    -0.8059    -0.8063    -0.0004    -0.8060    -0.8064    -0.0004   2.772136   2.772528   0.000392    34.1500    34.1558     7.6773     7.4048    -0.2726    27.4570    27.4617          3  0.000e+00
      24481 309.386840  -62.30810  -58.54616     -0.059    1447.29      2.195      2.174    -0.8058    -0.8066    -0.0009    -0.8058    -0.8067    -0.0009   2.772184   2.772500   0.000316    34.1504    34.1557     7.6773     7.4047    -0.2726    27.4573    27.4616          3  0.000e+00
      24482 309.386841  -62.30810  -58.54616     -0.063    1447.29      2.147      2.127    -0.8059    -0.8060    -0.0001    -0.8059    -0.8061    -0.0001   2.772184   2.772488   0.000304    34.1506    34.1549     7.6772     7.4043    -0.2729    27.4574    27.4609          3  0.000e+00
      24483 309.386841  -62.30810  -58.54616     -0.069    1447.29      2.099      2.079    -0.8062    -0.8062     0.0000    -0.8063    -0.8062     0.0000   2.772136   2.772523   0.000387    34.1504    34.1556     7.6772     7.4052    -0.2720    27.4573    27.4615          3  0.000e+00
      24484 309.386842  -62.30810  -58.54616     -0.070    1447.29      2.147      2.127    -0.8062    -0.8063    -0.0001    -0.8063    -0.8064    -0.0001   2.772124   2.772534   0.000410    34.1502    34.1559     7.6824     7.4051    -0.2773    27.4571    27.4617          3  0.000e+00
      24485 309.386842  -62.30810  -58.54616     -0.072    1447.29      2.147      2.127    -0.8062    -0.8059     0.0003    -0.8063    -0.8059     0.0003   2.772106   2.772534   0.000428    34.1499    34.1554     7.6779     7.4060    -0.2719    27.4569    27.4613          3  0.000e+00
      24486 309.386843  -62.30810  -58.54616     -0.077    1447.29      2.099      2.079    -0.8062    -0.8051     0.0011    -0.8063    -0.8052     0.0011   2.772136   2.772540   0.000404    34.1504    34.1546     7.6777     7.4069    -0.2708    27.4573    27.4606          3  0.000e+00
      24487 309.386843  -62.30810  -58.54616     -0.082    1447.29      2.099      2.079    -0.8061    -0.8056     0.0005    -0.8062    -0.8056     0.0005   2.772148   2.772574   0.000426    34.1504    34.1556     7.6776     7.4069    -0.2707    27.4573    27.4614          3  0.000e+00
      24488 309.386844  -62.30810  -58.54616     -0.084    1447.29      2.099      2.079    -0.8063    -0.8054     0.0009    -0.8064    -0.8055     0.0009   2.772148   2.772569   0.000421    34.1507    34.1553     7.6775     7.4067    -0.2708    27.4575    27.4612          3  0.000e+00
      24489 309.386844  -62.30810  -58.54616     -0.087    1447.29      2.113      2.093    -0.8062    -0.8059     0.0003    -0.8063    -0.8059     0.0003   2.772166   2.772546   0.000380    34.1508    34.1555     7.6774     7.4067    -0.2707    27.4576    27.4614          3  0.000e+00
      24490 309.386845  -62.30810  -58.54616     -0.091    1447.29      2.099      2.079    -0.8064    -0.8057     0.0007    -0.8064    -0.8058     0.0007   2.772118   2.772534   0.000416    34.1503    34.1552     7.6774     7.4066    -0.2707    27.4572    27.4611          3  0.000e+00
      24491 309.386845  -62.30810  -58.54616     -0.093    1447.29      2.099      2.079    -0.8063    -0.8057     0.0006    -0.8064    -0.8058     0.0006   2.772118   2.772534   0.000416    34.1503    34.1552     7.6773     7.4065    -0.2707    27.4572    27.4611          3  0.000e+00
      24492 309.386846  -62.30810  -58.54616     -0.093    1447.29      2.099      2.079    -0.8066    -0.8059     0.0007    -0.8066    -0.8059     0.0007   2.772124   2.772540   0.000416    34.1506    34.1555     7.6772     7.4064    -0.2707    27.4575    27.4614          3  0.000e+00
      24493 309.386846  -62.30810  -58.54616     -0.096    1447.29      2.099      2.079    -0.8061    -0.8057     0.0004    -0.8062    -0.8058     0.0004   2.772142   2.772500   0.000358    34.1503    34.1547     7.6770     7.4064    -0.2706    27.4572    27.4608          3  0.000e+00
      24494 309.386847  -62.30810  -58.54616     -0.101    1447.29      2.044      2.025    -0.8062    -0.8054     0.0008    -0.8063    -0.8055     0.0008   2.772130   2.772523   0.000393    34.1503    34.1547     7.6769     7.4061    -0.2707    27.4572    27.4608          3  0.000e+00
      24495 309.386847  -62.30810  -58.54616     -0.100    1447.29      2.099      2.079    -0.8060    -0.8059     0.0002    -0.8061    -0.8059     0.0002   2.772124   2.772534   0.000410    34.1500    34.1554     7.6768     7.4062    -0.2706    27.4570    27.4613          3  0.000e+00
      24496 309.386848  -62.30810  -58.54616     -0.101    1447.29      2.099      2.079    -0.8059    -0.8056     0.0004    -0.8060    -0.8056     0.0004   2.772142   2.772517   0.000375    34.1501    34.1548     7.6767     7.4060    -0.2707    27.4570    27.4608          3  0.000e+00
      24497 309.386848  -62.30810  -58.54616     -0.102    1447.29      2.099      2.079    -0.8061    -0.8059     0.0002    -0.8062    -0.8059     0.0002   2.772148   2.772528   0.000380    34.1504    34.1553     7.6766     7.4060    -0.2706    27.4573    27.4612          3  0.000e+00
      24498 309.386848  -62.30810  -58.54616     -0.101    1447.29      2.065      2.045    -0.8062    -0.8060     0.0002    -0.8063    -0.8061     0.0002   2.772130   2.772517   0.000387    34.1503    34.1553     7.6765     7.4059    -0.2706    27.4572    27.4613          3  0.000e+00
      24499 309.386849  -62.30810  -58.54616     -0.104    1447.29      2.044      2.025    -0.8064    -0.8057     0.0007    -0.8064    -0.8058     0.0007   2.772142   2.772528   0.000386    34.1507    34.1551     7.6712     7.4057    -0.2655    27.4575    27.4611          3  0.000e+00
      24500 309.386849  -62.30810  -58.54616     -0.102    1447.29      2.099      2.079    -0.8064    -0.8062     0.0002    -0.8064    -0.8062     0.0002   2.772112   2.772557   0.000445    34.1502    34.1560     7.6757     7.4057    -0.2699    27.4572    27.4618          3  0.000e+00
      24501 309.386850  -62.30810  -58.54616     -0.101    1447.29      2.099      2.079    -0.8060    -0.8059     0.0002    -0.8061    -0.8059     0.0002   2.772118   2.772546   0.000428    34.1499    34.1555     7.6755     7.4056    -0.2699    27.4569    27.4614          3  0.000e+00
      24502 309.386850  -62.30810  -58.54616     -0.100    1447.29      2.099      2.079    -0.8059    -0.8062    -0.0003    -0.8060    -0.8062    -0.0003   2.772106   2.772517   0.000411    34.1496    34.1555     7.6763     7.4056    -0.2707    27.4566    27.4614          3  0.000e+00
      24503 309.386851  -62.30810  -58.54616     -0.101    1447.29      2.044      2.025    -0.8064    -0.8060     0.0004    -0.8064    -0.8061     0.0004   2.772154   2.772511   0.000357    34.1508    34.1553     7.6710     7.3995    -0.2715    27.4576    27.4612          3  0.000e+00
