Pos-Processados/process_op38/operantar38_004b.ros
* Sea-Bird SBE 9 Data File:
* FileName = D:\OPERANTAR_XXXVIII\DADOS\OP38_004b.hdr
* Software Version Seasave V 7.12
* Temperature SN = 4808
* Conductivity SN = 3380
* Number of Bytes Per Scan = 31
* Number of Voltage Words = 2
* Number of Scans Averaged by the Deck Unit = 1
* NMEA Latitude = 39 58.14 S
* NMEA Longitude = 054 59.70 W
* NMEA UTC (Time) = Oct 17 2019 16:47:40
** H41
** NAVIO POLAR ALMIRANTE MAXIMIANO
** CRUZEIRO:
** OPERANTAR XXXVIII
** ESTAÇÃO: OP38_004b
** LAT 39º 58,17'S
** LONG 054º 59,68'W
** 09P73767-1155
** PROFUNDIDADE: 1620 m
** DATA/HORA: 171648Z/OUT/2019
** OPERADOR: SO-HN CHAVES
# nquan = 27
# nvalues = 3712                                  
# units = specified
# name 0 = scan: Scan Count
# name 1 = timeJ: Julian Days
# name 2 = latitude: Latitude [deg]
# name 3 = longitude: Longitude [deg]
# name 4 = dz/dtM: Descent Rate [m/s]
# name 5 = avgsvCM: Average Sound Velocity [Chen-Millero, m/s]
# name 6 = prDM: Pressure, Digiquartz [db]
# name 7 = depSM: Depth [salt water, m]
# name 8 = t090C: Temperature [ITS-90, deg C]
# name 9 = t190C: Temperature, 2 [ITS-90, deg C]
# name 10 = T2-T190C: Temperature Difference, 2 - 1 [ITS-90, deg C]
# name 11 = potemp090C: Potential Temperature [ITS-90, deg C]
# name 12 = potemp190C: Potential Temperature, 2 [ITS-90, deg C]
# name 13 = potemp90Cdiff: Potential Temperature, Diff, 2 - 1 [ITS-90, deg C]
# name 14 = c0S/m: Conductivity [S/m]
# name 15 = c1S/m: Conductivity, 2 [S/m]
# name 16 = C2-C1S/m: Conductivity Difference, 2 - 1 [S/m]
# name 17 = sal00: Salinity, Practical [PSU]
# name 18 = sal11: Salinity, Practical, 2 [PSU]
# name 19 = sbeox0ML/L: Oxygen, SBE 43 [ml/l]
# name 20 = sigma-é00: Density [sigma-theta, kg/m^3]
# name 21 = sigma-é11: Density, 2 [sigma-theta, kg/m^3]
# name 22 = sbox0Mm/Kg: Oxygen, SBE 43 [umol/kg]
# name 23 = oxsolMm/Kg: Oxygen Saturation, Garcia & Gordon [umol/kg]
# name 24 = oxsatMm/Kg: Oxygen Saturation, Weiss [umol/kg]
# name 25 = nbf: Bottles Fired
# name 26 = flag:  0.000e+00
# interval = seconds: 0.0416667
# start_time = Oct 17 2019 16:47:40 [NMEA time, header]
# bad_flag = -9.990e-29
*END*
[from data line 2578]
       4369 290.701875  -39.96866  -54.99504     -0.086       0.00      2.604      2.584     6.7847     6.7853     0.0006     6.7845     6.7851     0.0006   3.425335   3.425855   0.000520    34.0769    34.0820     7.1248    26.7209    26.7249    309.913  296.90991  297.35672         17  0.000e+00
       4370 290.701875  -39.96866  -54.99504     -0.071       0.00      2.604      2.584     6.7849     6.7848    -0.0002     6.7847     6.7845    -0.0002   3.425329   3.425892   0.000563    34.0766    34.0830     7.1257    26.7206    26.7257    309.951  296.90912  297.35589         17  0.000e+00
       4371 290.701876  -39.96866  -54.99504     -0.056       0.00      2.604      2.584     6.7848     6.7856     0.0008     6.7846     6.7854     0.0008   3.425310   3.425886   0.000577    34.0765    34.0821     7.1262    26.7205    26.7249    309.972  296.91006  297.35684         17  0.000e+00
       4372 290.701876  -39.96866  -54.99504     -0.043       0.00      2.604      2.584     6.7846     6.7858     0.0012     6.7843     6.7855     0.0012   3.425342   3.425899   0.000557    34.0771    34.0821     7.1266    26.7211    26.7248    309.993  296.91047  297.35730         17  0.000e+00
       4373 290.701877  -39.96866  -54.99504     -0.027       0.00      2.652      2.631     6.7847     6.7861     0.0014     6.7845     6.7859     0.0014   3.425277   3.425886   0.000609    34.0762    34.0816     7.1272    26.7203    26.7244    310.016  296.91137  297.35816         17  0.000e+00
       4374 290.701877  -39.96866  -54.99504     -0.014       0.00      2.604      2.584     6.7846     6.7864     0.0018     6.7843     6.7862     0.0018   3.425251   3.425880   0.000629    34.0761    34.0812     7.1276    26.7203    26.7241    310.035  296.91266  297.35946         17  0.000e+00
       4375 290.701878  -39.96866  -54.99504     -0.001       0.00      2.604      2.584     6.7847     6.7861     0.0014     6.7844     6.7859     0.0014   3.425277   3.425899   0.000622    34.0763    34.0817     7.1240    26.7204    26.7245    309.880  296.91156  297.35835         17  0.000e+00
       4376 290.701878  -39.96866  -54.99504      0.012       0.00      2.652      2.631     6.7849     6.7861     0.0012     6.7847     6.7859     0.0012   3.425290   3.425886   0.000596    34.0761    34.0816     7.1281    26.7203    26.7244    310.056  296.91011  297.35687         17  0.000e+00
       4377 290.701879  -39.96866  -54.99504      0.025       0.00      2.652      2.631     6.7846     6.7854     0.0009     6.7843     6.7852     0.0009   3.425232   3.425899   0.000667    34.0758    34.0824     7.1286    26.7201    26.7251    310.080  296.91318  297.35998         17  0.000e+00
       4378 290.701879  -39.96866  -54.99504      0.036       0.00      2.604      2.584     6.7845     6.7858     0.0012     6.7843     6.7855     0.0012   3.425109   3.425886   0.000778    34.0746    34.0819     7.1292    26.7191    26.7247    310.102  296.91634  297.36311         17  0.000e+00
       4379 290.701880  -39.96866  -54.99504      0.049       0.00      2.652      2.631     6.7844     6.7858     0.0014     6.7842     6.7856     0.0014   3.425167   3.425762   0.000595    34.0753    34.0805     7.1297    26.7197    26.7236    310.124  296.91546  297.36226         17  0.000e+00
       4380 290.701880  -39.96866  -54.99504      0.059       0.00      2.652      2.631     6.7843     6.7861     0.0018     6.7840     6.7859     0.0018   3.425238   3.425818   0.000579    34.0762    34.0808     7.1297    26.7204    26.7238    310.124  296.91446  297.36130         17  0.000e+00
       4381 290.701881  -39.96866  -54.99504      0.069       0.00      2.652      2.631     6.7843     6.7854     0.0012     6.7840     6.7852     0.0012   3.425232   3.425706   0.000474    34.0761    34.0802     7.1301    26.7204    26.7234    310.144  296.91461  297.36145         17  0.000e+00
       4382 290.701881  -39.96866  -54.99504      0.076       0.00      2.652      2.631     6.7844     6.7851     0.0007     6.7841     6.7849     0.0007   3.425251   3.425637   0.000386    34.0763    34.0798     7.1306    26.7205    26.7231    310.163  296.91367  297.36050         17  0.000e+00
       4383 290.701882  -39.96866  -54.99504      0.086       0.00      2.652      2.631     6.7852     6.7848    -0.0005     6.7850     6.7845    -0.0005   3.425297   3.425768   0.000471    34.0759    34.0816     7.1309    26.7200    26.7246    310.177  296.90852  297.35524         17  0.000e+00
       4384 290.701882  -39.96866  -54.99504      0.093       0.00      2.652      2.631     6.7856     6.7842    -0.0014     6.7853     6.7839    -0.0014   3.425290   3.425818   0.000528    34.0755    34.0827     7.1308    26.7197    26.7256    310.176  296.90724  297.35392         17  0.000e+00
       4385 290.701883  -39.96866  -54.99504      0.099       0.00      2.652      2.631     6.7861     6.7848    -0.0013     6.7858     6.7845    -0.0013   3.425310   3.425836   0.000527    34.0752    34.0823     7.1307    26.7194    26.7252    310.171  296.90439  297.35101         17  0.000e+00
       4386 290.701883  -39.96866  -54.99504      0.106       0.00      2.652      2.631     6.7858     6.7848    -0.0010     6.7856     6.7845    -0.0010   3.425284   3.425799   0.000515    34.0752    34.0819     7.1348    26.7194    26.7248    310.346  296.90621  297.35285         17  0.000e+00
       4387 290.701884  -39.96866  -54.99504      0.109       0.00      2.652      2.631     6.7852     6.7846    -0.0006     6.7850     6.7844    -0.0006   3.425310   3.425830   0.000521    34.0760    34.0824     7.1352    26.7202    26.7253    310.365  296.90821  297.35493         17  0.000e+00
       4388 290.701884  -39.96864  -54.99504      0.114       0.00      2.652      2.631     6.7851     6.7845    -0.0006     6.7849     6.7842    -0.0006   3.425322   3.425824   0.000502    34.0763    34.0825     7.1355    26.7204    26.7254    310.380  296.90861  297.35536         17  0.000e+00
       4389 290.701885  -39.96864  -54.99504      0.116       0.00      2.652      2.631     6.7851     6.7847    -0.0005     6.7849     6.7844    -0.0005   3.425310   3.425793   0.000483    34.0761    34.0820     7.1318    26.7202    26.7249    310.218  296.90868  297.35542         17  0.000e+00
       4390 290.701885  -39.96864  -54.99504      0.118       0.00      2.652      2.631     6.7847     6.7846    -0.0001     6.7845     6.7844    -0.0001   3.425316   3.425762   0.000446    34.0766    34.0816     7.1362    26.7207    26.7247    310.407  296.91043  297.35723         17  0.000e+00
       4391 290.701886  -39.96864  -54.99504      0.119       0.00      2.652      2.631     6.7846     6.7845    -0.0001     6.7843     6.7842    -0.0001   3.425297   3.425799   0.000503    34.0766    34.0822     7.1325    26.7207    26.7251    310.246  296.91162  297.35843         17  0.000e+00
       4392 290.701886  -39.96864  -54.99504      0.118       0.00      2.604      2.584     6.7847     6.7850     0.0002     6.7845     6.7847     0.0002   3.425258   3.425836   0.000579    34.0760    34.0822     7.1367    26.7202    26.7250    310.429  296.91179  297.35857         17  0.000e+00
       4393 290.701887  -39.96864  -54.99504      0.115       0.00      2.652      2.631     6.7847     6.7850     0.0003     6.7844     6.7847     0.0003   3.425277   3.425849   0.000572    34.0762    34.0823     7.1369    26.7204    26.7251    310.441  296.91161  297.35841         17  0.000e+00
       4394 290.701887  -39.96864  -54.99504      0.116       0.00      2.652      2.631     6.7844     6.7853     0.0009     6.7842     6.7851     0.0009   3.425264   3.425849   0.000585    34.0764    34.0819     7.1376    26.7205    26.7248    310.470  296.91312  297.35994         17  0.000e+00
       4395 290.701888  -39.96864  -54.99504      0.110       0.00      2.604      2.584     6.7846     6.7850     0.0004     6.7843     6.7847     0.0004   3.425271   3.425849   0.000578    34.0763    34.0823     7.1382    26.7204    26.7251    310.495  296.91219  297.35900         17  0.000e+00
       4396 290.701888  -39.96864  -54.99504      0.104       0.00      2.604      2.584     6.7842     6.7851     0.0009     6.7839     6.7849     0.0009   3.425258   3.425868   0.000610    34.0766    34.0824     7.1389    26.7207    26.7252    310.524  296.91441  297.36127         17  0.000e+00
       4397 290.701889  -39.96864  -54.99504      0.103       0.00      2.652      2.631     6.7843     6.7850     0.0007     6.7840     6.7847     0.0007   3.425258   3.425880   0.000622    34.0764    34.0826     7.1395    26.7206    26.7254    310.551  296.91399  297.36083         17  0.000e+00
       4398 290.701889  -39.96864  -54.99504      0.096       0.00      2.604      2.584     6.7843     6.7853     0.0010     6.7840     6.7851     0.0010   3.425251   3.425880   0.000629    34.0764    34.0823     7.1395    26.7206    26.7251    310.554  296.91409  297.36094         17  0.000e+00
       4399 290.701889  -39.96864  -54.99504      0.089       0.00      2.604      2.584     6.7844     6.7850     0.0006     6.7842     6.7847     0.0006   3.425251   3.425899   0.000647    34.0762    34.0828     7.1396    26.7204    26.7255    310.556  296.91338  297.36020         17  0.000e+00
       4400 290.701890  -39.96864  -54.99504      0.081       0.00      2.556      2.536     6.7844     6.7859     0.0015     6.7841     6.7857     0.0015   3.425258   3.425911   0.000653    34.0764    34.0821     7.1396    26.7205    26.7248    310.556  296.91341  297.36024         17  0.000e+00
       4401 290.701890  -39.96864  -54.99504      0.073       0.00      2.604      2.584     6.7843     6.7853     0.0010     6.7840     6.7851     0.0010   3.425225   3.425911   0.000686    34.0761    34.0827     7.1397    26.7203    26.7254    310.559  296.91472  297.36156         17  0.000e+00
       4402 290.701891  -39.96864  -54.99504      0.068       0.00      2.604      2.584     6.7843     6.7856     0.0013     6.7840     6.7854     0.0013   3.425271   3.425886   0.000616    34.0766    34.0821     7.1396    26.7207    26.7249    310.556  296.91362  297.36047         17  0.000e+00
       4403 290.701891  -39.96864  -54.99504      0.057       0.00      2.556      2.536     6.7843     6.7850     0.0007     6.7840     6.7847     0.0007   3.425264   3.425830   0.000566    34.0766    34.0821     7.1395    26.7207    26.7250    310.551  296.91373  297.36058         17  0.000e+00
       4404 290.701892  -39.96864  -54.99504      0.045       0.00      2.556      2.536     6.7842     6.7851     0.0010     6.7839     6.7849     0.0010   3.425251   3.425836   0.000585    34.0765    34.0820     7.1394    26.7207    26.7249    310.547  296.91452  297.36138         17  0.000e+00
       4405 290.701892  -39.96864  -54.99504      0.036       0.00      2.556      2.536     6.7840     6.7848     0.0008     6.7837     6.7846     0.0008   3.425212   3.425824   0.000612    34.0763    34.0822     7.1393    26.7205    26.7251    310.543  296.91641  297.36329         17  0.000e+00
       4406 290.701893  -39.96864  -54.99504      0.024       0.00      2.501      2.482     6.7841     6.7845     0.0003     6.7839     6.7842     0.0003   3.425238   3.425793   0.000555    34.0764    34.0822     7.1390    26.7206    26.7251    310.531  296.91501  297.36187         17  0.000e+00
       4407 290.701893  -39.96864  -54.99504      0.012       0.00      2.501      2.482     6.7842     6.7846     0.0005     6.7839     6.7844     0.0005   3.425225   3.425805   0.000580    34.0763    34.0822     7.1348    26.7205    26.7251    310.348  296.91509  297.36194         17  0.000e+00
       4408 290.701894  -39.96864  -54.99504      0.003       0.00      2.556      2.536     6.7843     6.7843     0.0000     6.7840     6.7841     0.0000   3.425245   3.425793   0.000548    34.0763    34.0824     7.1382    26.7205    26.7253    310.493  296.91420  297.36104         17  0.000e+00
       4409 290.701894  -39.96864  -54.99504     -0.009       0.00      2.453      2.434     6.7841     6.7845     0.0004     6.7839     6.7843     0.0004   3.425277   3.425787   0.000510    34.0769    34.0821     7.1382    26.7210    26.7251    310.497  296.91402  297.36089         17  0.000e+00
       4410 290.701895  -39.96864  -54.99504     -0.021       0.00      2.501      2.482     6.7843     6.7838    -0.0004     6.7840     6.7836    -0.0004   3.425258   3.425787   0.000529    34.0765    34.0828     7.1344    26.7207    26.7257    310.332  296.91383  297.36067         17  0.000e+00
       4411 290.701895  -39.96864  -54.99504     -0.036       0.00      2.501      2.482     6.7842     6.7841    -0.0000     6.7839     6.7839    -0.0000   3.425251   3.425762   0.000511    34.0765    34.0822     7.1377    26.7207    26.7252    310.475  296.91446  297.36132         17  0.000e+00
       4412 290.701896  -39.96864  -54.99504     -0.043       0.00      2.453      2.434     6.7846     6.7838    -0.0008     6.7844     6.7836    -0.0008   3.425258   3.425731   0.000473    34.0762    34.0822     7.1373    26.7204    26.7252    310.456  296.91234  297.35915         17  0.000e+00
       4413 290.701896  -39.96864  -54.99504     -0.054       0.00      2.453      2.434     6.7844     6.7841    -0.0003     6.7842     6.7839    -0.0003   3.425297   3.425743   0.000447    34.0768    34.0820     7.1369    26.7209    26.7250    310.440  296.91212  297.35896         17  0.000e+00
       4414 290.701897  -39.96864  -54.99504     -0.065       0.00      2.453      2.434     6.7846     6.7838    -0.0007     6.7844     6.7836    -0.0007   3.425271   3.425774   0.000504    34.0764    34.0827     7.1365    26.7205    26.7256    310.422  296.91203  297.35884         17  0.000e+00
       4415 290.701897  -39.96864  -54.99504     -0.079       0.00      2.405      2.387     6.7847     6.7845    -0.0002     6.7845     6.7842    -0.0002   3.425277   3.425762   0.000485    34.0764    34.0819     7.1325    26.7205    26.7249    310.246  296.91135  297.35814         17  0.000e+00
       4416 290.701898  -39.96864  -54.99504     -0.089       0.00      2.405      2.387     6.7846     6.7838    -0.0008     6.7844     6.7836    -0.0008   3.425329   3.425731   0.000402    34.0770    34.0822     7.1356    26.7210    26.7252    310.381  296.91057  297.35740         17  0.000e+00
       4417 290.701898  -39.96864  -54.99504     -0.102       0.00      2.405      2.387     6.7849     6.7838    -0.0011     6.7847     6.7836    -0.0011   3.425277   3.425743   0.000466    34.0761    34.0824     7.1355    26.7202    26.7253    310.379  296.91015  297.35692         17  0.000e+00
       4418 290.701899  -39.96864  -54.99504     -0.111       0.00      2.405      2.387     6.7847     6.7845    -0.0002     6.7845     6.7842    -0.0002   3.425277   3.425731   0.000454    34.0764    34.0816     7.1315    26.7205    26.7246    310.205  296.91135  297.35814         17  0.000e+00
       4419 290.701899  -39.96864  -54.99504     -0.120       0.00      2.405      2.387     6.7847     6.7838    -0.0009     6.7845     6.7836    -0.0009   3.425277   3.425768   0.000491    34.0763    34.0826     7.1310    26.7204    26.7255    310.184  296.91111  297.35790         17  0.000e+00
       4420 290.701900  -39.96864  -54.99504     -0.131       0.00      2.350      2.332     6.7849     6.7840    -0.0010     6.7847     6.7838    -0.0010   3.425284   3.425762   0.000478    34.0762    34.0824     7.1305    26.7203    26.7254    310.160  296.90994  297.35670         17  0.000e+00
