Pos-Processados/process_op38/operantar38_006.cnv
* Sea-Bird SBE 9 Data File:
* FileName = D:\OPERANTAR_XXXVIII\DADOS\OP38_006.hdr
* Software Version Seasave V 7.18c
* Temperature SN = 4808
* Conductivity SN = 3380
* Number of Bytes Per Scan = 31
* Number of Voltage Words = 2
* Number of Scans Averaged by the Deck Unit = 1
* NMEA Latitude = 45 04.05 S
* NMEA Longitude = 051 28.82 W
* NMEA UTC (Time) = Oct 19 2019 17:49:21
** H41
** NAVIO POLAR ALMIRANTE MAXIMIANO
** CRUZEIRO:
** OPERANTAR XXXVIII
** ESTAวรO: OP38_006
** LAT 45บ 04,05' S
** LONG 051บ 28,85' W
** 09P73767-1155
** PROFUNDIDADE: 5872
** DATA/HORA: 191750Z/OUT/2019
** OPERADOR: SO-HN CHAVES
# nquan = 33
# nvalues = 2075                        
# units = specified
# name 0 = scan: Scan Count
# name 1 = timeJ: Julian Days
# name 2 = latitude: Latitude [deg]
# name 3 = longitude: Longitude [deg]
# name 4 = dz/dtM: Descent Rate [m/s]
# name 5 = avgsvCM: Average Sound Velocity [Chen-Millero, m/s]
# name 6 = prDM: Pressure, Digiquartz [db]
# name 7 = depSM: Depth [salt water, m]
# name 8 = t090C: Temperature [ITS-90, deg C]
# name 9 = t190C: Temperature, 2 [ITS-90, deg C]
# name 10 = T2-T190C: Temperature Difference, 2 - 1 [ITS-90, deg C]
# name 11 = potemp090C: Potential Temperature [ITS-90, deg C]
# name 12 = potemp190C: Potential Temperature, 2 [ITS-90, deg C]
# name 13 = potemp90Cdiff: Potential Temperature, Diff, 2 - 1 [ITS-90, deg C]
# name 14 = c0S/m: Conductivity [S/m]
# name 15 = c1S/m: Conductivity, 2 [S/m]
# name 16 = C2-C1S/m: Conductivity Difference, 2 - 1 [S/m]
# name 17 = sal00: Salinity, Practical [PSU]
# name 18 = sal11: Salinity, Practical, 2 [PSU]
# name 19 = sbeox0ML/L: Oxygen, SBE 43 [ml/l]
# name 20 = sigma-้00: Density [sigma-theta, kg/m^3]
# name 21 = sigma-้11: Density, 2 [sigma-theta, kg/m^3]
# name 22 = sbox0Mm/Kg: Oxygen, SBE 43 [umol/kg]
# name 23 = oxsolMm/Kg: Oxygen Saturation, Garcia & Gordon [umol/kg]
# name 24 = oxsatMm/Kg: Oxygen Saturation, Weiss [umol/kg]
# name 25 = sal00: Salinity, Practical [PSU]
# name 26 = sigma-้00: Density [sigma-theta, kg/m^3]
# name 27 = svCM: Sound Velocity [Chen-Millero, m/s]
# name 28 = svCM1: Sound Velocity, 2 [Chen-Millero, m/s]
# name 29 = gsw_ptA0: potential temperature [ITS-90, deg C]
# name 30 = gsw_densityA0: density, TEOS-10 [density, kg/m^3]
# name 31 = gsw_saA0: Absolute Salinity [g/kg]
# name 32 = flag:
# span 0 =       2324,      72180       
# span 1 = 292.743725, 292.777413       
# span 2 =  -45.06760,  -45.06752       
# span 3 =  -51.48049,  -51.48038       
# span 4 =     -1.694,      1.589       
# span 5 =       0.00,    1482.08       
# span 6 =      2.000,   1040.000       
# span 7 =      2.121,   1028.962       
# span 8 =     2.7172,     8.0399       
# span 9 =     2.7180,     8.0358       
# span 10 =    -0.0572,     0.1456      
# span 11 =     2.6516,     8.0393      
# span 12 =     2.6524,     8.0351      
# span 13 =    -0.0571,     0.1455      
# span 14 =   3.123971,   3.560401      
# span 15 =   3.124652,   3.560922      
# span 16 =  -0.005003,   0.014389      
# span 17 =    34.0529,    34.4762      
# span 18 =    34.0576,    34.4813      
# span 19 =     4.0087,     6.7188      
# span 20 =    26.6872,    27.4917      
# span 21 =    26.6926,    27.4958      
# span 22 =    174.243,    292.253      
# span 23 =  288.21080,  326.17242      
# span 24 =  288.52923,  327.17200      
# span 25 =    34.0493,    34.4762      
# span 26 =    26.6875,    27.4917      
# span 27 =    1468.93,    1483.34      
# span 28 =    1468.93,    1483.34      
# span 29 =     2.6515,     8.0392      
# span 30 =  1026.7008,  1032.3141      
# span 31 =    34.2104,    34.6426      
# span 32 = 0.0000e+00, 0.0000e+00      
# interval = decibars: 1                
# start_time = Oct 19 2019 17:49:21 [NMEA time, header]
# bad_flag = -9.990e-29
*END*
[from data line 1187]
      36920 292.760409  -45.06758 -9.990e-29     -0.276    1473.25    889.000    879.891     2.8816     2.8820     0.0004     2.8230     2.8234     0.0004   3.147342   3.147810   0.000465    34.4131    34.4184     4.2078    27.4325    27.4367    182.903  324.93277  325.90520    34.4133    27.4327    1475.74    1475.75     2.8229  1031.5602    34.5792 0.0000e+00
      36939 292.760418  -45.06758 -9.990e-29     -0.803    1473.25    888.000    878.905     2.8809     2.8813     0.0004     2.8223     2.8227     0.0004   3.147229   3.147692   0.000465    34.4132    34.4184     4.2090    27.4327    27.4368    182.953  324.93902  325.91158    34.4133    27.4327    1475.72    1475.73     2.8222  1031.5557    34.5792 0.0000e+00
      36958 292.760427  -45.06758 -9.990e-29     -1.108    1473.25    887.000    877.917     2.8812     2.8820     0.0008     2.8228     2.8235     0.0008   3.147210   3.147694   0.000481    34.4131    34.4181     4.2083    27.4325    27.4364    182.924  324.93632  325.90881    34.4131    27.4326    1475.70    1475.72     2.8227  1031.5509    34.5790 0.0000e+00
      36978 292.760437  -45.06758 -9.990e-29     -1.231    1473.25    886.000    876.930     2.8825     2.8837     0.0013     2.8241     2.8253     0.0013   3.147259   3.147818   0.000544    34.4127    34.4180     4.2052    27.4321    27.4362    182.792  324.92717  325.89945    34.4130    27.4323    1475.69    1475.71     2.8240  1031.5460    34.5789 0.0000e+00
      37005 292.760449  -45.06758  -51.48046     -1.052    1473.25    885.000    875.946     2.8839     2.8859     0.0020     2.8255     2.8276     0.0020   3.147347   3.147930   0.000596    34.4127    34.4178     4.2093    27.4320    27.4359    182.969  324.91585  325.88792    34.4130    27.4322    1475.68    1475.70     2.8255  1031.5410    34.5785 0.0000e+00
      37051 292.760472  -45.06758  -51.48047     -0.538    1473.25    884.000    874.954     2.8911     2.8891    -0.0020     2.8327     2.8308    -0.0019   3.147975   3.148214   0.000256    34.4128    34.4180     4.2171    27.4315    27.4357    183.309  324.85817  325.82912    34.4136    27.4320    1475.70    1475.69     2.8326  1031.5360    34.5790 0.0000e+00
      37107 292.760499  -45.06758  -51.48046     -0.413    1473.25    883.000    873.965     2.9016     2.9002    -0.0014     2.8432     2.8419    -0.0014   3.148834   3.149165   0.000307    34.4131    34.4183     4.2142    27.4307    27.4350    183.182  324.77365  325.74297    34.4134    27.4310    1475.73    1475.73     2.8431  1031.5300    34.5788 0.0000e+00
      37138 292.760513  -45.06758  -51.48046     -0.675    1473.25    882.000    872.979     2.8997     2.9027     0.0030     2.8415     2.8445     0.0030   3.148711   3.149454   0.000712    34.4135    34.4189     4.2205    27.4312    27.4352    183.456  324.78712  325.75673    34.4144    27.4319    1475.70    1475.72     2.8414  1031.5264    34.5797 0.0000e+00
      37158 292.760523  -45.06758  -51.48046     -0.978    1473.25    881.000    871.992     2.9048     2.9064     0.0016     2.8466     2.8482     0.0016   3.149107   3.149668   0.000564    34.4136    34.4187     4.2164    27.4308    27.4347    183.276  324.74672  325.71555    34.4144    27.4314    1475.71    1475.72     2.8465  1031.5212    34.5797 0.0000e+00
      37177 292.760533  -45.06758  -51.48046     -1.177    1473.25    880.000    871.004     2.9075     2.9094     0.0019     2.8493     2.8512     0.0019   3.149305   3.149878   0.000585    34.4137    34.4187     4.2129    27.4306    27.4345    183.125  324.72474  325.69315    34.4144    27.4312    1475.70    1475.72     2.8492  1031.5163    34.5798 0.0000e+00
      37203 292.760545  -45.06758  -51.48046     -1.094    1473.25    879.000    870.016     2.9089     2.9085    -0.0004     2.8508     2.8505    -0.0004   3.149358   3.149744   0.000399    34.4136    34.4188     4.2109    27.4304    27.4346    183.038  324.71371  325.68189    34.4141    27.4308    1475.69    1475.70     2.8507  1031.5113    34.5794 0.0000e+00
      37257 292.760571  -45.06758  -51.48046     -0.380    1473.25    878.000    869.028     2.9108     2.9103    -0.0004     2.8528     2.8523    -0.0004   3.149502   3.149884   0.000377    34.4138    34.4189     4.2050    27.4304    27.4345    182.782  324.69804  325.66594    34.4144    27.4309    1475.69    1475.69     2.8527  1031.5067    34.5797 0.0000e+00
      37295 292.760589  -45.06758  -51.48046     -0.601    1473.25    877.000    868.041     2.9121     2.9124     0.0003     2.8542     2.8545     0.0003   3.149548   3.150008   0.000460    34.4138    34.4190     4.2028    27.4303    27.4345    182.684  324.68741  325.65510    34.4140    27.4305    1475.67    1475.68     2.8541  1031.5017    34.5793 0.0000e+00
      37319 292.760601  -45.06758  -51.48046     -0.889    1473.25    876.000    867.053     2.9122     2.9131     0.0010     2.8543     2.8553     0.0010   3.149548   3.150080   0.000512    34.4140    34.4192     4.2057    27.4304    27.4345    182.811  324.68635  325.65403    34.4145    27.4308    1475.66    1475.67     2.8542  1031.4974    34.5798 0.0000e+00
      37342 292.760612  -45.06758  -51.48046     -1.032    1473.25    875.000    866.065     2.9144     2.9163     0.0019     2.8565     2.8584     0.0019   3.149697   3.150279   0.000585    34.4140    34.4191     4.2089    27.4303    27.4341    182.951  324.66885  325.63620    34.4145    27.4306    1475.65    1475.66     2.8564  1031.4926    34.5798 0.0000e+00
      37371 292.760626  -45.06758  -51.48047     -0.917    1473.25    874.000    865.081     2.9157     2.9178     0.0021     2.8579     2.8600     0.0021   3.149753   3.150372   0.000613    34.4140    34.4191     4.2128    27.4301    27.4340    183.123  324.65844  325.62558    34.4143    27.4303    1475.64    1475.66     2.8578  1031.4877    34.5796 0.0000e+00
      37403 292.760641  -45.06758  -51.48048     -0.726    1473.25    873.000    864.085     2.9169     2.9178     0.0009     2.8591     2.8601     0.0009   3.149805   3.150305   0.000508    34.4138    34.4190     4.2132    27.4299    27.4339    183.135  324.64943  325.61639    34.4142    27.4302    1475.63    1475.64     2.8591  1031.4832    34.5799 0.0000e+00
      37427 292.760653  -45.06758 -9.990e-29     -0.861    1473.25    872.000    863.102     2.9179     2.9185     0.0006     2.8603     2.8609     0.0006   3.149816   3.150281   0.000466    34.4135    34.4185     4.2106    27.4295    27.4335    183.027  324.64165  325.60842    34.4137    27.4297    1475.62    1475.62     2.8602  1031.4782    34.5796 0.0000e+00
      37446 292.760662  -45.06758 -9.990e-29     -1.089    1473.25    871.000    862.115     2.9178     2.9185     0.0007     2.8603     2.8609     0.0007   3.149701   3.150193   0.000493    34.4129    34.4181     4.2073    27.4290    27.4331    182.880  324.64417  325.61094    34.4130    27.4291    1475.60    1475.61     2.8602  1031.4730    34.5788 0.0000e+00
      37464 292.760671  -45.06758 -9.990e-29     -1.258    1473.25    870.000    861.127     2.9176     2.9182     0.0006     2.8602     2.8607     0.0006   3.149628   3.150098   0.000473    34.4127    34.4178     4.2108    27.4289    27.4329    183.033  324.64619  325.61298    34.4128    27.4290    1475.58    1475.59     2.8600  1031.4683    34.5786 0.0000e+00
      37484 292.760680  -45.06758  -51.48046     -1.305    1473.25    869.000    860.139     2.9173     2.9178     0.0005     2.8599     2.8604     0.0005   3.149538   3.149975   0.000462    34.4125    34.4175     4.2106    27.4287    27.4327    183.025  324.64923  325.61606    34.4126    27.4288    1475.56    1475.57     2.8598  1031.4635    34.5784 0.0000e+00
      37534 292.760705  -45.06758  -51.48046     -0.694    1473.25    868.000    859.137     2.9157     2.9162     0.0004     2.8584     2.8589     0.0004   3.149311   3.149838   0.000485    34.4122    34.4176     4.2086    27.4286    27.4329    182.939  324.66234  325.62940    34.4120    27.4285    1475.54    1475.55     2.8583  1031.4582    34.5773 0.0000e+00
      37600 292.760736  -45.06758  -51.48046     -0.497    1473.25    867.000    858.164     2.9005     2.9103     0.0099     2.8434     2.8531     0.0098   3.147270   3.148943   0.001583    34.4063    34.4151     4.2070    27.4253    27.4314    182.869  324.79875  325.76798    34.4039    27.4234    1475.45    1475.50     2.8433  1031.4489    34.5692 0.0000e+00
      37618 292.760745  -45.06758  -51.48046     -0.988    1473.25    866.000    857.176     2.8937     2.9017     0.0080     2.8367     2.8446     0.0079   3.146686   3.147821   0.001219    34.4068    34.4131     4.2061    27.4262    27.4306    182.831  324.85176  325.82206    34.4046    27.4245    1475.40    1475.44     2.8366  1031.4456    34.5698 0.0000e+00
      37635 292.760753  -45.06758  -51.48046     -1.242    1473.25    865.000    856.188     2.8753     2.8795     0.0042     2.8184     2.8226     0.0042   3.144664   3.145418   0.000844    34.4022    34.4080     4.2097    27.4242    27.4284    182.989  325.01121  325.98423    34.4001    27.4225    1475.30    1475.32     2.8183  1031.4396    34.5653 0.0000e+00
      37651 292.760761  -45.06758  -51.48046     -1.400    1473.25    864.000    855.200     2.8665     2.8650    -0.0015     2.8098     2.8084    -0.0015   3.143600   3.143898   0.000285    34.4001    34.4051     4.2116    27.4233    27.4274    183.072  325.08650  326.06082    34.3970    27.4208    1475.24    1475.24     2.8097  1031.4334    34.5622 0.0000e+00
      37669 292.760770  -45.06758  -51.48046     -1.426    1473.25    863.000    854.212     2.8603     2.8581    -0.0022     2.8038     2.8016    -0.0022   3.143028   3.143181   0.000187    34.3989    34.4035     4.2173    27.4229    27.4267    183.319  325.13884  326.11408    34.3971    27.4214    1475.20    1475.19     2.8037  1031.4296    34.5623 0.0000e+00
      37690 292.760780  -45.06758  -51.48046     -1.291    1473.25    862.000    853.225     2.8560     2.8523    -0.0037     2.7995     2.7959    -0.0037   3.142544   3.142572   0.000026    34.3981    34.4023     4.2245    27.4226    27.4263    183.631  325.17560  326.15150    34.3964    27.4213    1475.16    1475.15     2.7994  1031.4249    34.5616 0.0000e+00
      37714 292.760791  -45.06758  -51.48046     -1.078    1473.25    861.000    852.237     2.8506     2.8502    -0.0003     2.7942     2.7939    -0.0003   3.141913   3.142243   0.000356    34.3968    34.4014     4.2292    27.4220    27.4258    183.835  325.22239  326.19908    34.3950    27.4206    1475.12    1475.12     2.7941  1031.4198    34.5601 0.0000e+00
      37740 292.760804  -45.06758  -51.48046     -0.952    1473.25    860.000    851.249     2.8478     2.8441    -0.0037     2.7916     2.7878    -0.0037   3.141519   3.141583   0.000069    34.3955    34.4003     4.2284    27.4213    27.4254    183.802  325.24746  326.22453    34.3936    27.4197    1475.09    1475.08     2.7915  1031.4144    34.5588 0.0000e+00
      37765 292.760816  -45.06758  -51.48046     -0.940    1473.25    859.000    850.261     2.8414     2.8402    -0.0012     2.7853     2.7841    -0.0012   3.140808   3.141057   0.000247    34.3937    34.3980     4.2308    27.4204    27.4239    183.902  325.30300  326.28101    34.3923    27.4192    1475.04    1475.04     2.7852  1031.4095    34.5574 0.0000e+00
      37794 292.760830  -45.06758  -51.48046     -0.883    1473.25    858.000    849.274     2.8403     2.8407     0.0004     2.7843     2.7846     0.0004   3.140570   3.140894   0.000314    34.3923    34.3958     4.2367    27.4194    27.4221    184.160  325.31547  326.29360    34.3911    27.4184    1475.02    1475.03     2.7842  1031.4040    34.5562 0.0000e+00
      37829 292.760847  -45.06758  -51.48046     -0.706    1473.25    857.000    848.285     2.8408     2.8424     0.0015     2.7848     2.7863     0.0015   3.140503   3.140988   0.000479    34.3911    34.3953     4.2376    27.4183    27.4216    184.199  325.31450  326.29252    34.3903    27.4177    1475.01    1475.02     2.7847  1031.3987    34.5554 0.0000e+00
      37860 292.760862  -45.06758  -51.48046     -0.730    1473.25    856.000    847.298     2.8429     2.8434     0.0006     2.7869     2.7875     0.0006   3.140566   3.141040   0.000471    34.3900    34.3951     4.2457    27.4172    27.4213    184.555  325.30095  326.27860    34.3894    27.4168    1475.00    1475.01     2.7869  1031.3932    34.5545 0.0000e+00
      37885 292.760874  -45.06758  -51.48046     -0.893    1473.25    855.000    846.310     2.8441     2.8473     0.0033     2.7882     2.7914     0.0032   3.140656   3.141411   0.000708    34.3901    34.3952     4.2504    27.4172    27.4210    184.758  325.29106  326.26852    34.3897    27.4169    1474.99    1475.01     2.7881  1031.3887    34.5548 0.0000e+00
      37910 292.760886  -45.06758  -51.48046     -0.965    1473.25    854.000    845.322     2.8491     2.8586     0.0095     2.7933     2.8027     0.0094   3.141085   3.142428   0.001290    34.3900    34.3956     4.2569    27.4167    27.4203    185.041  325.25088  326.22756    34.3902    27.4168    1474.99    1475.04     2.7932  1031.3839    34.5553 0.0000e+00
      37935 292.760898  -45.06758  -51.48046     -0.944    1473.25    853.000    844.334     2.8599     2.8721     0.0122     2.8041     2.8162     0.0121   3.142249   3.143642   0.001477    34.3912    34.3962     4.2607    27.4167    27.4197    185.204  325.16115  326.13617    34.3934    27.4184    1475.03    1475.08     2.8040  1031.3806    34.5585 0.0000e+00
      37957 292.760908  -45.06758  -51.48046     -1.016    1473.25    852.000    843.347     2.8814     2.8793    -0.0022     2.8255     2.8234    -0.0022   3.143996   3.144324   0.000283    34.3912    34.3970     4.2590    27.4148    27.4196    185.131  324.98873  325.96039    34.3923    27.4157    1475.10    1475.10     2.8254  1031.3727    34.5574 0.0000e+00
      37976 292.760918  -45.06758  -51.48046     -1.161    1473.25    851.000    842.359     2.8885     2.8900     0.0014     2.8326     2.8341     0.0014   3.144676   3.145172   0.000526    34.3919    34.3967     4.2611    27.4147    27.4184    185.225  324.93020  325.90077    34.3935    27.4160    1475.12    1475.13     2.8325  1031.3683    34.5586 0.0000e+00
      37993 292.760926  -45.06758  -51.48046     -1.280    1473.25    850.000    841.371     2.8913     2.8914     0.0001     2.8354     2.8355     0.0001   3.144743   3.145186   0.000437    34.3914    34.3966     4.2683    27.4141    27.4182    185.535  324.90963  325.87975    34.3920    27.4145    1475.11    1475.12     2.8354  1031.3622    34.5571 0.0000e+00
      38013 292.760935  -45.06758  -51.48046     -1.309    1473.25    849.000    840.383     2.8903     2.8917     0.0014     2.8346     2.8360     0.0014   3.144616   3.145157   0.000540    34.3913    34.3964     4.2712    27.4141    27.4180    185.661  324.91718  325.88744    34.3920    27.4146    1475.09    1475.10     2.8345  1031.3576    34.5570 0.0000e+00
      38038 292.760948  -45.06758  -51.48046     -1.098    1473.25    848.000    839.395     2.8885     2.8887     0.0001     2.8328     2.8330     0.0001   3.144413   3.144819   0.000408    34.3915    34.3963     4.2670    27.4144    27.4182    185.478  324.93134  325.90190    34.3920    27.4147    1475.06    1475.07     2.8327  1031.3532    34.5570 0.0000e+00
      38071 292.760963  -45.06758  -51.48046     -0.747    1473.25    847.000    838.408     2.8864     2.8879     0.0015     2.8308     2.8323     0.0015   3.144194   3.144738   0.000544    34.3916    34.3966     4.2698    27.4146    27.4185    185.602  324.94794  325.91883    34.3920    27.4150    1475.04    1475.05     2.8308  1031.3489    34.5571 0.0000e+00
