Pos-Processados/process_op38/operantar38_005.cnv
* Sea-Bird SBE 9 Data File:
* FileName = D:\OPERANTAR_XXXVIII\DADOS\OP38_005.hdr
* Software Version Seasave V 7.18c
* Temperature SN = 4808
* Conductivity SN = 3380
* Number of Bytes Per Scan = 31
* Number of Voltage Words = 2
* Number of Scans Averaged by the Deck Unit = 1
* NMEA Latitude = 45 12.86 S
* NMEA Longitude = 051 09.01 W
* NMEA UTC (Time) = Oct 19 2019 13:59:02
** H41
** NAVIO POLAR ALMIRANTE MAXIMIANO
** CRUZEIRO:
** OPERANTAR XXXVIII
** ESTAวรO: OP38_005
** LAT 045บ 12,86' S
** LONG 051บ 09,03' W
** 09P73767-1155
** PROFUNDIDADE: 5853
** DATA/HORA: 191400Z/OUT/2019
** OPERADOR: SO-HN CHAVES
# nquan = 32
# nvalues = 2090                        
# units = specified
# name 0 = scan: Scan Count
# name 1 = timeJ: Julian Days
# name 2 = latitude: Latitude [deg]
# name 3 = longitude: Longitude [deg]
# name 4 = dz/dtM: Descent Rate [m/s]
# name 5 = avgsvCM: Average Sound Velocity [Chen-Millero, m/s]
# name 6 = prDM: Pressure, Digiquartz [db]
# name 7 = depSM: Depth [salt water, m]
# name 8 = t090C: Temperature [ITS-90, deg C]
# name 9 = t190C: Temperature, 2 [ITS-90, deg C]
# name 10 = T2-T190C: Temperature Difference, 2 - 1 [ITS-90, deg C]
# name 11 = potemp090C: Potential Temperature [ITS-90, deg C]
# name 12 = potemp190C: Potential Temperature, 2 [ITS-90, deg C]
# name 13 = potemp90Cdiff: Potential Temperature, Diff, 2 - 1 [ITS-90, deg C]
# name 14 = c0S/m: Conductivity [S/m]
# name 15 = c1S/m: Conductivity, 2 [S/m]
# name 16 = C2-C1S/m: Conductivity Difference, 2 - 1 [S/m]
# name 17 = sal00: Salinity, Practical [PSU]
# name 18 = sal11: Salinity, Practical, 2 [PSU]
# name 19 = sbeox0ML/L: Oxygen, SBE 43 [ml/l]
# name 20 = sbeox1ML/L: Oxygen, SBE 43, 2 [ml/l]
# name 21 = sbeox0ML/Ldiff: Oxygen, SBE 43, Diff, 2 - 1 [ml/l]
# name 22 = sigma-้00: Density [sigma-theta, kg/m^3]
# name 23 = sigma-้11: Density, 2 [sigma-theta, kg/m^3]
# name 24 = sal00: Salinity, Practical [PSU]
# name 25 = sigma-้00: Density [sigma-theta, kg/m^3]
# name 26 = svCM: Sound Velocity [Chen-Millero, m/s]
# name 27 = svCM1: Sound Velocity, 2 [Chen-Millero, m/s]
# name 28 = gsw_ptA0: potential temperature [ITS-90, deg C]
# name 29 = gsw_densityA0: density, TEOS-10 [density, kg/m^3]
# name 30 = gsw_saA0: Absolute Salinity [g/kg]
# name 31 = flag:
# span 0 =       3735,      71045       
# span 1 = 292.584463, 292.616923       
# span 2 =  -45.21444,  -45.21434       
# span 3 =  -51.15027,  -51.15008       
# span 4 =     -1.811,      1.577       
# span 5 =      -0.01,    1532.30       
# span 6 =      4.000,   1049.000       
# span 7 =      3.965,   1037.846       
# span 8 =     2.8863,    10.3424       
# span 9 =     2.8868,    10.3411       
# span 10 =    -0.0673,     0.0800      
# span 11 =     2.8254,    10.3290      
# span 12 =     2.8259,    10.3277      
# span 13 =    -0.0672,     0.0799      
# span 14 =   3.128069,   3.835636      
# span 15 =   3.128617,   3.836188      
# span 16 =  -0.006884,   0.008697      
# span 17 =    34.1055,    34.8849      
# span 18 =    34.1126,    34.8917      
# span 19 =     4.1839,     6.5573      
# span 20 =     4.0097,     6.2842      
# span 21 =    -0.3301,    -0.0953      
# span 22 =    26.7479,    27.4352      
# span 23 =    26.7527,    27.4395      
# span 24 =    34.1039,    34.8888      
# span 25 =    26.7477,    27.4352      
# span 26 =    1472.28,    1492.80      
# span 27 =    1472.29,    1492.80      
# span 28 =     2.8253,    10.3290      
# span 29 =  1026.7724,  1032.2961      
# span 30 =    34.2659,    35.0537      
# span 31 = 0.0000e+00, 0.0000e+00      
# interval = decibars: 1                
# start_time = Oct 19 2019 13:59:02 [NMEA time, header]
# bad_flag = -9.990e-29
*END*
[from data line 182]
      10982 292.587958  -45.21438  -51.15016      0.879    1486.73    187.000    185.394     5.1930     5.1949     0.0018     5.1784     5.1802     0.0018   3.294856   3.295459   0.000616    34.1243    34.1295     6.3614     6.0882    -0.2732    26.9604    26.9643    34.1163    26.9540    1473.45    1473.47     5.1783  1027.8185    34.2778 0.0000e+00
      11022 292.587977  -45.21438  -51.15016      0.635    1486.73    188.000    186.383     5.1900     5.1911     0.0011     5.1753     5.1764     0.0011   3.294618   3.295123   0.000533    34.1227    34.1277     6.3939     6.1114    -0.2825    26.9594    26.9633    34.1162    26.9543    1473.46    1473.47     5.1752  1027.8234    34.2776 0.0000e+00
      11076 292.588003  -45.21438  -51.15016      0.430    1486.73    189.000    187.378     5.1874     5.1880     0.0006     5.1726     5.1732     0.0006   3.294442   3.294948   0.000487    34.1213    34.1263     6.3765     6.1262    -0.2503    26.9587    26.9626    34.1163    26.9547    1473.46    1473.47     5.1726  1027.8284    34.2777 0.0000e+00
      11121 292.588025  -45.21438  -51.15016      0.531    1486.73    190.000    188.367     5.1811     5.1811     0.0000     5.1662     5.1663     0.0000   3.294358   3.294707   0.000402    34.1210    34.1256     6.3743     6.1151    -0.2592    26.9592    26.9628    34.1212    26.9593    1473.46    1473.47     5.1662  1027.8377    34.2827 0.0000e+00
      11152 292.588040  -45.21438  -51.15018      0.718    1486.73    191.000    189.358     5.3475     5.3445    -0.0030     5.3323     5.3293    -0.0030   3.313368   3.313549   0.000166    34.1546    34.1595     6.3467     6.0791    -0.2675    26.9662    26.9705    34.1691    26.9777    1474.21    1474.20     5.3323  1027.8598    34.3308 0.0000e+00
      11179 292.588053  -45.21438  -51.15018      0.862    1486.73    192.000    190.349     5.4296     5.4254    -0.0042     5.4142     5.4101    -0.0042   3.320936   3.320984  -0.000007    34.1646    34.1688     6.3671     6.1142    -0.2529    26.9644    26.9682    34.1715    26.9699    1474.56    1474.55     5.4142  1027.8562    34.3332 0.0000e+00
      11208 292.588067  -45.21438  -51.15017      0.857    1486.73    193.000    191.340     5.4837     5.4842     0.0005     5.4682     5.4687     0.0005   3.326879   3.327356   0.000492    34.1757    34.1808     6.2846     6.1031    -0.1816    26.9668    26.9708    34.1838    26.9732    1474.81    1474.82     5.4681  1027.8638    34.3456 0.0000e+00
      11246 292.588085  -45.21440  -51.15016      0.659    1486.73    194.000    192.331     5.5324     5.5313    -0.0011     5.5167     5.5155    -0.0011   3.332021   3.332312   0.000308    34.1851    34.1897     6.1029     5.9402    -0.1628    26.9684    26.9722    34.1924    26.9742    1475.03    1475.04     5.5166  1027.8692    34.3543 0.0000e+00
      11297 292.588110  -45.21440  -51.15016      0.467    1486.73    195.000    193.322     5.5701     5.5700    -0.0001     5.5543     5.5541    -0.0001   3.335901   3.336338   0.000419    34.1922    34.1971     6.0038     5.7959    -0.2079    26.9694    26.9733    34.1978    26.9739    1475.21    1475.22     5.5542  1027.8733    34.3597 0.0000e+00
      11349 292.588134  -45.21440  -51.15016      0.466    1486.73    196.000    194.313     5.5656     5.5668     0.0011     5.5497     5.5508     0.0011   3.335263   3.335826   0.000558    34.1922    34.1974     5.9582     5.7381    -0.2201    26.9700    26.9740    34.1946    26.9719    1475.20    1475.22     5.5496  1027.8759    34.3565 0.0000e+00
      11392 292.588156  -45.21440  -51.15016      0.546    1486.73    197.000    195.304     5.5484     5.5497     0.0013     5.5324     5.5337     0.0013   3.333658   3.334242   0.000582    34.1919    34.1972     5.9541     5.7318    -0.2223    26.9719    26.9759    34.1933    26.9730    1475.15    1475.16     5.5323  1027.8817    34.3552 0.0000e+00
      11434 292.588176  -45.21440  -51.15016      0.570    1486.73    198.000    196.294     5.5242     5.5249     0.0007     5.5082     5.5089     0.0007   3.331469   3.331970   0.000502    34.1912    34.1962     5.9849     5.7417    -0.2432    26.9742    26.9781    34.1924    26.9752    1475.07    1475.08     5.5081  1027.8886    34.3543 0.0000e+00
      11464 292.588190  -45.21440  -51.15016      0.722    1486.73    199.000    197.286     5.5336     5.5341     0.0005     5.5174     5.5179     0.0005   3.332740   3.333260   0.000519    34.1955    34.2009     5.9778     5.7309    -0.2468    26.9765    26.9808    34.1969    26.9776    1475.13    1475.14     5.5174  1027.8956    34.3588 0.0000e+00
      11489 292.588202  -45.21440  -51.15016      0.910    1486.73    200.000    198.277     5.5363     5.5368     0.0005     5.5200     5.5205     0.0005   3.333103   3.333593   0.000493    34.1962    34.2013     5.9751     5.7291    -0.2460    26.9767    26.9807    34.1978    26.9780    1475.15    1475.16     5.5200  1027.9006    34.3597 0.0000e+00
      11512 292.588213  -45.21440  -51.15016      1.023    1486.73    201.000    199.268     5.5424     5.5434     0.0009     5.5261     5.5271     0.0009   3.333760   3.334311   0.000545    34.1974    34.2027     5.9687     5.7269    -0.2418    26.9770    26.9810    34.1984    26.9778    1475.20    1475.21     5.5261  1027.9049    34.3604 0.0000e+00
      11541 292.588227  -45.21441  -51.15016      0.922    1486.73    202.000    200.241     5.5367     5.5386     0.0019     5.5203     5.5222     0.0019   3.333295   3.333923   0.000643    34.1979    34.2033     5.9523     5.7110    -0.2413    26.9781    26.9821    34.1985    26.9785    1475.19    1475.21     5.5203  1027.9103    34.3604 0.0000e+00
      11627 292.588269  -45.21441  -51.15016      0.166    1486.73    203.000    201.260     5.4867     5.4956     0.0089     5.4704     5.4792     0.0089   3.327856   3.329190   0.001301    34.1918    34.1977     5.9398     5.7043    -0.2355    26.9793    26.9828    34.1868    26.9753    1474.99    1475.04     5.4703  1027.9119    34.3486 0.0000e+00
      11664 292.588286  -45.21442  -51.15016      0.628    1486.73    204.000    202.240     5.4051     5.4070     0.0019     5.3888     5.3906     0.0019   3.319575   3.320252   0.000666    34.1823    34.1880     5.9517     5.7169    -0.2348    26.9815    26.9858    34.1748    26.9755    1474.66    1474.68     5.3887  1027.9172    34.3365 0.0000e+00
      11689 292.588299  -45.21442  -51.15016      0.890    1486.73    205.000    203.231     5.3795     5.3774    -0.0022     5.3632     5.3610    -0.0022   3.318039   3.318187   0.000228    34.1823    34.1871     5.9682     5.7081    -0.2601    26.9845    26.9886    34.1827    26.9849    1474.59    1474.58     5.3631  1027.9313    34.3446 0.0000e+00
      11724 292.588316  -45.21442  -51.15016      0.751    1486.73    206.000    204.217     5.4510     5.4489    -0.0021     5.4344     5.4323    -0.0021   3.325710   3.325978   0.000239    34.1947    34.1996     6.0260     5.7510    -0.2750    26.9859    26.9900    34.1971    26.9877    1474.91    1474.91     5.4344  1027.9383    34.3590 0.0000e+00
      11772 292.588339  -45.21442  -51.15015      0.474    1486.73    207.000    205.220     5.5019     5.5028     0.0009     5.4851     5.4860     0.0009   3.330988   3.331536   0.000556    34.2032    34.2086     6.0332     5.8148    -0.2184    26.9865    26.9907    34.2050    26.9880    1475.14    1475.15     5.4851  1027.9429    34.3670 0.0000e+00
      11808 292.588356  -45.21442  -51.15015      0.632    1486.73    208.000    206.204     5.5167     5.5169     0.0001     5.4999     5.5000     0.0001   3.332564   3.333055   0.000476    34.2056    34.2109     5.9357     5.7368    -0.1988    26.9866    26.9908    34.2074    26.9880    1475.22    1475.23     5.4998  1027.9475    34.3694 0.0000e+00
      11839 292.588371  -45.21442  -51.15016      0.779    1486.73    209.000    207.194     5.5238     5.5244     0.0006     5.5068     5.5075     0.0006   3.333290   3.333802   0.000512    34.2067    34.2119     5.8806     5.6712    -0.2095    26.9867    26.9907    34.2080    26.9877    1475.27    1475.27     5.5068  1027.9517    34.3699 0.0000e+00
      11878 292.588390  -45.21442  -51.15015      0.641    1486.71    210.000    208.185     5.5283     5.5292     0.0009     5.5112     5.5121     0.0009   3.333842   3.334391   0.000546    34.2079    34.2132     5.8552     5.6329    -0.2223    26.9871    26.9912    34.2092    26.9881    1475.30    1475.31     5.5112  1027.9567    34.3712 0.0000e+00
      11924 292.588412  -45.21442  -51.15014      0.501    1484.45    211.000    209.176     5.5329     5.5338     0.0010     5.5157     5.5167     0.0010   3.334386   3.334932   0.000547    34.2090    34.2143     5.8548     5.6095    -0.2453    26.9874    26.9915    34.2102    26.9884    1475.34    1475.35     5.5157  1027.9615    34.3722 0.0000e+00
      11960 292.588429  -45.21442  -51.15014      0.653    1484.52    212.000    210.167     5.5334     5.5343     0.0009     5.5162     5.5171     0.0009   3.334451   3.335001   0.000550    34.2092    34.2146     5.8505     5.6137    -0.2368    26.9875    26.9917    34.2099    26.9881    1475.35    1475.37     5.5161  1027.9658    34.3719 0.0000e+00
      11989 292.588443  -45.21442  -51.15014      0.784    1484.52    213.000    211.158     5.5369     5.5371     0.0002     5.5196     5.5197     0.0002   3.334974   3.335448   0.000471    34.2104    34.2156     5.8478     5.6139    -0.2339    26.9881    26.9922    34.2118    26.9892    1475.39    1475.40     5.5195  1027.9715    34.3738 0.0000e+00
      12018 292.588457  -45.21442  -51.15014      0.828    1484.52    214.000    212.149     5.5423     5.5431     0.0008     5.5249     5.5257     0.0008   3.335538   3.336064   0.000530    34.2113    34.2165     5.8437     5.6128    -0.2310    26.9881    26.9921    34.2122    26.9888    1475.43    1475.44     5.5249  1027.9757    34.3742 0.0000e+00
      12046 292.588471  -45.21442  -51.15014      0.851    1484.52    215.000    213.140     5.5432     5.5441     0.0008     5.5257     5.5266     0.0008   3.335651   3.336199   0.000546    34.2115    34.2169     5.8375     5.6066    -0.2310    26.9882    26.9923    34.2121    26.9886    1475.45    1475.46     5.5257  1027.9801    34.3741 0.0000e+00
      12077 292.588486  -45.21442  -51.15014      0.804    1484.52    216.000    214.130     5.5377     5.5396     0.0019     5.5201     5.5220     0.0019   3.335108   3.335751   0.000645    34.2110    34.2164     5.8294     5.5981    -0.2313    26.9884    26.9925    34.2110    26.9885    1475.44    1475.45     5.5201  1027.9846    34.3730 0.0000e+00
      12121 292.588507  -45.21442  -51.15014      0.551    1484.52    217.000    215.121     5.5215     5.5235     0.0020     5.5039     5.5058     0.0020   3.333402   3.334057   0.000645    34.2089    34.2143     5.8366     5.5905    -0.2462    26.9888    26.9927    34.2075    26.9877    1475.39    1475.40     5.5038  1027.9885    34.3695 0.0000e+00
      12167 292.588529  -45.21444  -51.15014      0.525    1484.52    218.000    216.112     5.4961     5.4979     0.0017     5.4785     5.4802     0.0017   3.331001   3.331624   0.000632    34.2071    34.2125     5.8440     5.6024    -0.2416    26.9904    26.9945    34.2054    26.9891    1475.30    1475.31     5.4784  1027.9946    34.3674 0.0000e+00
      12210 292.588550  -45.21442  -51.15014      0.553    1484.52    219.000    217.103     5.4759     5.4776     0.0018     5.4582     5.4599     0.0018   3.329077   3.329764   0.000660    34.2056    34.2114     5.8603     5.6070    -0.2534    26.9917    26.9960    34.2036    26.9901    1475.23    1475.25     5.4581  1028.0003    34.3656 0.0000e+00
      12241 292.588565  -45.21442  -51.15014      0.712    1484.52    220.000    218.094     5.4614     5.4616     0.0002     5.4437     5.4438     0.0002   3.327362   3.327864   0.000487    34.2033    34.2087     5.8551     5.6122    -0.2429    26.9916    26.9958    34.1982    26.9875    1475.18    1475.19     5.4436  1028.0024    34.3601 0.0000e+00
      12264 292.588576  -45.21442  -51.15014      0.925    1484.52    221.000    219.084     5.3861     5.3890     0.0028     5.3684     5.3713     0.0028   3.319755   3.320441   0.000725    34.1952    34.2006     5.8659     5.6265    -0.2395    26.9941    26.9981    34.1875    26.9880    1474.88    1474.90     5.3684  1028.0079    34.3493 0.0000e+00
      12286 292.588587  -45.21443  -51.15014      1.061    1484.52    222.000    220.075     5.3628     5.3644     0.0015     5.3451     5.3467     0.0015   3.317670   3.318241   0.000602    34.1933    34.1986     5.8657     5.6108    -0.2549    26.9954    26.9994    34.1868    26.9903    1474.80    1474.82     5.3450  1028.0149    34.3487 0.0000e+00
      12316 292.588601  -45.21444  -51.15014      0.913    1484.52    223.000    221.064     5.2932     5.2904    -0.0028     5.2756     5.2727    -0.0028   3.310298   3.310380   0.000129    34.1843    34.1887     5.9001     5.6309    -0.2691    26.9965    27.0003    34.1728    26.9874    1474.52    1474.51     5.2755  1028.0170    34.3346 0.0000e+00
      12367 292.588625  -45.21444  -51.15012      0.448    1484.52    224.000    222.058     5.1903     5.1921     0.0018     5.1727     5.1745     0.0018   3.300553   3.301260   0.000678    34.1733    34.1792     5.9886     5.7030    -0.2855    26.9998    27.0043    34.1655    26.9937    1474.11    1474.13     5.1726  1028.0285    34.3273 0.0000e+00
      12408 292.588645  -45.21444  -51.15012      0.566    1484.52    225.000    223.048     5.1572     5.1532    -0.0040     5.1396     5.1356    -0.0040   3.297247   3.297252   0.000051    34.1689    34.1736     6.0777     5.8009    -0.2769    27.0002    27.0044    34.1608    26.9938    1473.99    1473.98     5.1395  1028.0334    34.3225 0.0000e+00
      12435 292.588658  -45.21444  -51.15012      0.802    1484.52    226.000    224.038     5.1226     5.1217    -0.0009     5.1050     5.1041    -0.0009   3.293934   3.294358   0.000383    34.1648    34.1701     6.1150     5.8431    -0.2720    27.0010    27.0053    34.1575    26.9952    1473.86    1473.86     5.1049  1028.0396    34.3193 0.0000e+00
      12465 292.588673  -45.21444  -51.15012      0.837    1484.52    227.000    225.029     5.1072     5.1084     0.0012     5.0895     5.0907     0.0012   3.292388   3.292935   0.000566    34.1621    34.1674     6.1345     5.8617    -0.2729    27.0006    27.0047    34.1549    26.9949    1473.81    1473.82     5.0895  1028.0440    34.3167 0.0000e+00
      12501 292.588690  -45.21442  -51.15012      0.682    1484.52    228.000    226.020     5.0580     5.0618     0.0038     5.0404     5.0441     0.0038   3.287352   3.288162   0.000782    34.1559    34.1611     6.1578     5.8831    -0.2747    27.0014    27.0050    34.1467    26.9941    1473.61    1473.64     5.0403  1028.0481    34.3084 0.0000e+00
      12536 292.588707  -45.21442  -51.15012      0.669    1484.52    229.000    227.011     5.0018     5.0077     0.0058     4.9842     4.9900     0.0058   3.281642   3.282701   0.001026    34.1485    34.1544     6.1803     5.9103    -0.2700    27.0020    27.0060    34.1378    26.9935    1473.39    1473.42     4.9841  1028.0524    34.2995 0.0000e+00
      12564 292.588721  -45.21442  -51.15012      0.797    1484.52    230.000    228.002     4.9305     4.9324     0.0019     4.9129     4.9147     0.0019   3.274060   3.274627   0.000602    34.1391    34.1441     6.2183     5.9419    -0.2763    27.0026    27.0064    34.1227    26.9896    1473.10    1473.11     4.9128  1028.0536    34.2843 0.0000e+00
