Pos-Processados/process_op38/operantar38_004b.ros
* Sea-Bird SBE 9 Data File:
* FileName = D:\OPERANTAR_XXXVIII\DADOS\OP38_004b.hdr
* Software Version Seasave V 7.12
* Temperature SN = 4808
* Conductivity SN = 3380
* Number of Bytes Per Scan = 31
* Number of Voltage Words = 2
* Number of Scans Averaged by the Deck Unit = 1
* NMEA Latitude = 39 58.14 S
* NMEA Longitude = 054 59.70 W
* NMEA UTC (Time) = Oct 17 2019 16:47:40
** H41
** NAVIO POLAR ALMIRANTE MAXIMIANO
** CRUZEIRO:
** OPERANTAR XXXVIII
** ESTAÇÃO: OP38_004b
** LAT 39º 58,17'S
** LONG 054º 59,68'W
** 09P73767-1155
** PROFUNDIDADE: 1620 m
** DATA/HORA: 171648Z/OUT/2019
** OPERADOR: SO-HN CHAVES
# nquan = 27
# nvalues = 3712                                  
# units = specified
# name 0 = scan: Scan Count
# name 1 = timeJ: Julian Days
# name 2 = latitude: Latitude [deg]
# name 3 = longitude: Longitude [deg]
# name 4 = dz/dtM: Descent Rate [m/s]
# name 5 = avgsvCM: Average Sound Velocity [Chen-Millero, m/s]
# name 6 = prDM: Pressure, Digiquartz [db]
# name 7 = depSM: Depth [salt water, m]
# name 8 = t090C: Temperature [ITS-90, deg C]
# name 9 = t190C: Temperature, 2 [ITS-90, deg C]
# name 10 = T2-T190C: Temperature Difference, 2 - 1 [ITS-90, deg C]
# name 11 = potemp090C: Potential Temperature [ITS-90, deg C]
# name 12 = potemp190C: Potential Temperature, 2 [ITS-90, deg C]
# name 13 = potemp90Cdiff: Potential Temperature, Diff, 2 - 1 [ITS-90, deg C]
# name 14 = c0S/m: Conductivity [S/m]
# name 15 = c1S/m: Conductivity, 2 [S/m]
# name 16 = C2-C1S/m: Conductivity Difference, 2 - 1 [S/m]
# name 17 = sal00: Salinity, Practical [PSU]
# name 18 = sal11: Salinity, Practical, 2 [PSU]
# name 19 = sbeox0ML/L: Oxygen, SBE 43 [ml/l]
# name 20 = sigma-é00: Density [sigma-theta, kg/m^3]
# name 21 = sigma-é11: Density, 2 [sigma-theta, kg/m^3]
# name 22 = sbox0Mm/Kg: Oxygen, SBE 43 [umol/kg]
# name 23 = oxsolMm/Kg: Oxygen Saturation, Garcia & Gordon [umol/kg]
# name 24 = oxsatMm/Kg: Oxygen Saturation, Weiss [umol/kg]
# name 25 = nbf: Bottles Fired
# name 26 = flag:  0.000e+00
# interval = seconds: 0.0416667
# start_time = Oct 17 2019 16:47:40 [NMEA time, header]
# bad_flag = -9.990e-29
*END*
[from data line 3061]
       4852 290.702108  -39.96860  -54.99504     -0.114       0.00      2.299      2.282     6.7833     6.7869     0.0036     6.7831     6.7867     0.0036   3.425109   3.425923   0.000815    34.0759    34.0813     7.1105    26.7203    26.7241    309.292  296.92174  297.36868         20  0.000e+00
       4853 290.702108  -39.96860  -54.99504     -0.105       0.00      2.299      2.282     6.7831     6.7862     0.0031     6.7829     6.7860     0.0031   3.425128   3.425886   0.000758    34.0763    34.0816     7.1139    26.7206    26.7244    309.439  296.92199  297.36895         20  0.000e+00
       4854 290.702109  -39.96860  -54.99504     -0.102       0.00      2.245      2.227     6.7831     6.7858     0.0026     6.7829     6.7856     0.0026   3.425154   3.425830   0.000676    34.0766    34.0815     7.1141    26.7209    26.7244    309.446  296.92130  297.36828         20  0.000e+00
       4855 290.702109  -39.96860  -54.99504     -0.095       0.00      2.299      2.282     6.7829     6.7850     0.0021     6.7827     6.7848     0.0021   3.425109   3.425818   0.000709    34.0763    34.0821     7.1144    26.7207    26.7250    309.461  296.92365  297.37064         20  0.000e+00
       4856 290.702110  -39.96860  -54.99504     -0.088       0.00      2.299      2.282     6.7828     6.7845     0.0016     6.7826     6.7842     0.0016   3.425076   3.425793   0.000717    34.0760    34.0823     7.1142    26.7205    26.7252    309.453  296.92467  297.37166         20  0.000e+00
       4857 290.702110  -39.96860  -54.99504     -0.086       0.00      2.245      2.227     6.7828     6.7838     0.0010     6.7826     6.7836     0.0010   3.425115   3.425762   0.000647    34.0765    34.0826     7.1139    26.7208    26.7256    309.439  296.92367  297.37068         20  0.000e+00
       4858 290.702111  -39.96860  -54.99504     -0.078       0.00      2.299      2.282     6.7830     6.7838     0.0008     6.7828     6.7836     0.0008   3.425102   3.425755   0.000653    34.0762    34.0825     7.1097    26.7206    26.7255    309.255  296.92333  297.37031         20  0.000e+00
       4859 290.702111  -39.96860  -54.99504     -0.071       0.00      2.299      2.282     6.7831     6.7838     0.0007     6.7829     6.7836     0.0007   3.425122   3.425755   0.000634    34.0763    34.0825     7.1090    26.7206    26.7255    309.224  296.92238  297.36935         20  0.000e+00
       4860 290.702112  -39.96860  -54.99504     -0.068       0.00      2.299      2.282     6.7830     6.7840     0.0010     6.7828     6.7838     0.0010   3.425115   3.425755   0.000640    34.0763    34.0824     7.1083    26.7207    26.7253    309.194  296.92301  297.37000         20  0.000e+00
       4861 290.702112  -39.96860  -54.99504     -0.056       0.00      2.347      2.329     6.7831     6.7843     0.0012     6.7829     6.7841     0.0012   3.425141   3.425774   0.000633    34.0764    34.0823     7.1076    26.7207    26.7252    309.164  296.92172  297.36869         20  0.000e+00
       4862 290.702113  -39.96860  -54.99504     -0.052       0.00      2.299      2.282     6.7834     6.7846     0.0012     6.7832     6.7844     0.0012   3.425160   3.425805   0.000645    34.0764    34.0823     7.1073    26.7207    26.7252    309.150  296.92001  297.36695         20  0.000e+00
       4863 290.702113  -39.96860  -54.99504     -0.047       0.00      2.299      2.282     6.7831     6.7843     0.0012     6.7829     6.7841     0.0012   3.425141   3.425793   0.000652    34.0764    34.0825     7.1071    26.7208    26.7254    309.142  296.92167  297.36864         20  0.000e+00
       4864 290.702114  -39.96860  -54.99504     -0.043       0.00      2.299      2.282     6.7831     6.7838     0.0007     6.7829     6.7836     0.0007   3.425122   3.425787   0.000665    34.0762    34.0829     7.1069    26.7206    26.7257    309.134  296.92214  297.36911         20  0.000e+00
       4865 290.702114  -39.96860  -54.99504     -0.035       0.00      2.347      2.329     6.7830     6.7840     0.0010     6.7828     6.7838     0.0010   3.425109   3.425762   0.000653    34.0762    34.0824     7.1108    26.7206    26.7254    309.303  296.92322  297.37020         21  0.000e+00
       4866 290.702115  -39.96860  -54.99504     -0.027       0.00      2.347      2.329     6.7827     6.7838     0.0011     6.7825     6.7836     0.0011   3.425057   3.425731   0.000674    34.0759    34.0823     7.1071    26.7204    26.7252    309.143  296.92567  297.37267         21  0.000e+00
       4867 290.702115  -39.96860  -54.99504     -0.029       0.00      2.245      2.227     6.7825     6.7835     0.0010     6.7823     6.7833     0.0010   3.425057   3.425699   0.000643    34.0762    34.0823     7.1069    26.7207    26.7253    309.133  296.92675  297.37379         21  0.000e+00
       4868 290.702116  -39.96860  -54.99504     -0.013       0.00      2.477      2.458     6.7822     6.7835     0.0013     6.7819     6.7833     0.0013   3.425024   3.425712   0.000688    34.0760    34.0823     7.1110    26.7206    26.7253    309.313  296.92921  297.37628         21  0.000e+00
       4869 290.702116  -39.96860  -54.99504     -0.008       0.00      2.347      2.329     6.7820     6.7832     0.0012     6.7818     6.7830     0.0012   3.425024   3.425675   0.000650    34.0763    34.0823     7.1112    26.7208    26.7254    309.321  296.92979  297.37688         21  0.000e+00
       4870 290.702117  -39.96860  -54.99504     -0.000       0.00      2.402      2.384     6.7819     6.7832     0.0012     6.7817     6.7830     0.0012   3.425037   3.425662   0.000625    34.0764    34.0821     7.1111    26.7209    26.7252    309.316  296.92977  297.37687         21  0.000e+00
       4871 290.702117  -39.96860  -54.99504      0.007       0.00      2.402      2.384     6.7820     6.7828     0.0008     6.7818     6.7826     0.0008   3.425044   3.425587   0.000544    34.0765    34.0816     7.1074    26.7209    26.7249    309.154  296.92938  297.37647         21  0.000e+00
       4872 290.702118  -39.96860  -54.99504      0.018       0.00      2.402      2.384     6.7820     6.7824     0.0004     6.7818     6.7821     0.0004   3.425005   3.425637   0.000632    34.0760    34.0826     7.1068    26.7206    26.7258    309.128  296.93032  297.37740         21  0.000e+00
       4873 290.702118  -39.96860  -54.99504      0.023       0.00      2.402      2.384     6.7823     6.7827     0.0004     6.7821     6.7825     0.0004   3.425057   3.425637   0.000580    34.0763    34.0823     7.1066    26.7207    26.7255    309.119  296.92763  297.37469         21  0.000e+00
       4874 290.702119  -39.96860  -54.99504      0.030       0.00      2.402      2.384     6.7819     6.7828     0.0009     6.7817     6.7826     0.0009   3.425050   3.425631   0.000581    34.0766    34.0821     7.1065    26.7210    26.7253    309.115  296.92946  297.37656         21  0.000e+00
       4875 290.702119  -39.96860  -54.99504      0.040       0.00      2.450      2.431     6.7820     6.7825     0.0005     6.7818     6.7823     0.0005   3.425031   3.425650   0.000619    34.0763    34.0826     7.1104    26.7208    26.7257    309.287  296.92974  297.37683         21  0.000e+00
       4876 290.702120  -39.96860  -54.99504      0.047       0.00      2.402      2.384     6.7822     6.7830     0.0009     6.7819     6.7828     0.0009   3.425063   3.425662   0.000599    34.0765    34.0822     7.1067    26.7209    26.7253    309.123  296.92819  297.37527         21  0.000e+00
       4877 290.702120  -39.96860  -54.99504      0.054       0.00      2.450      2.431     6.7824     6.7830     0.0006     6.7822     6.7828     0.0006   3.425115   3.425681   0.000566    34.0768    34.0825     7.1066    26.7211    26.7255    309.119  296.92580  297.37286         21  0.000e+00
       4878 290.702120  -39.96860  -54.99504      0.066       0.00      2.498      2.479     6.7828     6.7836     0.0008     6.7826     6.7834     0.0008   3.425148   3.425762   0.000614    34.0767    34.0827     7.1105    26.7210    26.7256    309.289  296.92316  297.37017         21  0.000e+00
       4879 290.702121  -39.96860  -54.99504      0.072       0.00      2.450      2.431     6.7828     6.7845     0.0016     6.7826     6.7842     0.0016   3.425135   3.425787   0.000652    34.0766    34.0822     7.1108    26.7209    26.7251    309.303  296.92342  297.37043         21  0.000e+00
       4880 290.702121  -39.96860  -54.99504      0.080       0.00      2.498      2.479     6.7830     6.7846     0.0017     6.7828     6.7844     0.0017   3.425154   3.425805   0.000651    34.0766    34.0822     7.1112    26.7209    26.7251    309.320  296.92229  297.36928         21  0.000e+00
       4881 290.702122  -39.96860  -54.99504      0.091       0.00      2.498      2.479     6.7831     6.7843     0.0012     6.7829     6.7841     0.0012   3.425128   3.425818   0.000690    34.0763    34.0826     7.1120    26.7206    26.7255    309.356  296.92244  297.36941         21  0.000e+00
       4882 290.702122  -39.96860  -54.99504      0.099       0.00      2.498      2.479     6.7830     6.7848     0.0018     6.7828     6.7846     0.0018   3.425128   3.425836   0.000708    34.0764    34.0824     7.1124    26.7207    26.7252    309.373  296.92291  297.36990         21  0.000e+00
       4883 290.702123  -39.96860  -54.99504      0.109       0.00      2.498      2.479     6.7825     6.7851     0.0026     6.7822     6.7849     0.0026   3.425115   3.425868   0.000752    34.0767    34.0824     7.1169    26.7211    26.7252    309.567  296.92561  297.37266         21  0.000e+00
       4884 290.702123  -39.96860  -54.99504      0.115       0.00      2.553      2.533     6.7827     6.7854     0.0028     6.7824     6.7852     0.0028   3.425115   3.425948   0.000833    34.0765    34.0830     7.1132    26.7209    26.7256    309.409  296.92472  297.37174         21  0.000e+00
       4885 290.702124  -39.96860  -54.99504      0.124       0.00      2.552      2.533     6.7827     6.7862     0.0035     6.7825     6.7860     0.0035   3.425109   3.426017   0.000908    34.0764    34.0829     7.1136    26.7208    26.7254    309.424  296.92464  297.37165         21  0.000e+00
       4886 290.702124  -39.96860  -54.99504      0.136       0.00      2.552      2.533     6.7833     6.7864     0.0031     6.7831     6.7862     0.0031   3.425219   3.426011   0.000792    34.0770    34.0827     7.1138    26.7212    26.7252    309.434  296.91935  297.36632         21  0.000e+00
       4887 290.702125  -39.96860  -54.99504      0.140       0.00      2.552      2.533     6.7834     6.7864     0.0030     6.7832     6.7862     0.0030   3.425251   3.426004   0.000753    34.0772    34.0826     7.1141    26.7213    26.7252    309.447  296.91785  297.36481         21  0.000e+00
       4888 290.702125  -39.96860  -54.99504      0.153       0.00      2.600      2.580     6.7835     6.7861     0.0025     6.7833     6.7859     0.0025   3.425251   3.426004   0.000753    34.0771    34.0829     7.1145    26.7212    26.7254    309.464  296.91743  297.36437         21  0.000e+00
       4889 290.702126  -39.96860  -54.99504      0.160       0.00      2.600      2.580     6.7838     6.7861     0.0023     6.7836     6.7859     0.0023   3.425258   3.425980   0.000722    34.0769    34.0826     7.1148    26.7210    26.7252    309.477  296.91608  297.36299         21  0.000e+00
       4890 290.702126  -39.96860  -54.99504      0.168       0.00      2.600      2.580     6.7836     6.7864     0.0028     6.7834     6.7862     0.0028   3.425199   3.425973   0.000774    34.0765    34.0822     7.1152    26.7207    26.7249    309.495  296.91844  297.36536         21  0.000e+00
       4891 290.702127  -39.96860  -54.99504      0.176       0.00      2.600      2.580     6.7830     6.7866     0.0036     6.7827     6.7864     0.0036   3.425148   3.425973   0.000826    34.0765    34.0821     7.1197    26.7208    26.7247    309.689  296.92256  297.36955         21  0.000e+00
       4892 290.702127  -39.96860  -54.99504      0.186       0.00      2.648      2.628     6.7832     6.7861     0.0029     6.7830     6.7859     0.0029   3.425154   3.425973   0.000819    34.0763    34.0825     7.1205    26.7206    26.7252    309.723  296.92126  297.36821         21  0.000e+00
       4893 290.702128  -39.96860  -54.99504      0.189       0.00      2.600      2.580     6.7840     6.7858     0.0018     6.7837     6.7855     0.0018   3.425271   3.425973   0.000703    34.0769    34.0829     7.1210    26.7210    26.7255    309.747  296.91505  297.36194         21  0.000e+00
       4894 290.702128  -39.96860  -54.99504      0.197       0.00      2.648      2.628     6.7844     6.7858     0.0013     6.7842     6.7855     0.0013   3.425316   3.425948   0.000632    34.0769    34.0826     7.1217    26.7210    26.7252    309.778  296.91186  297.35870         21  0.000e+00
       4895 290.702129  -39.96860  -54.99504      0.208       0.00      2.703      2.682     6.7846     6.7858     0.0012     6.7843     6.7855     0.0012   3.425271   3.425942   0.000672    34.0762    34.0825     7.1225    26.7204    26.7251    309.811  296.91230  297.35911         21  0.000e+00
       4896 290.702129  -39.96860  -54.99504      0.211       0.00      2.648      2.628     6.7842     6.7861     0.0019     6.7839     6.7859     0.0019   3.425225   3.425942   0.000717    34.0762    34.0822     7.1227    26.7204    26.7249    309.823  296.91524  297.36209         21  0.000e+00
       4897 290.702130  -39.96860  -54.99504      0.219       0.00      2.703      2.682     6.7841     6.7864     0.0023     6.7839     6.7862     0.0023   3.425271   3.425942   0.000672    34.0767    34.0818     7.1234    26.7208    26.7246    309.853  296.91445  297.36131         21  0.000e+00
       4898 290.702130  -39.96860  -54.99504      0.224       0.00      2.648      2.628     6.7847     6.7858     0.0010     6.7845     6.7855     0.0010   3.425335   3.425892   0.000557    34.0768    34.0820     7.1235    26.7209    26.7248    309.854  296.90996  297.35676         21  0.000e+00
       4899 290.702131  -39.96860  -54.99504      0.230       0.00      2.751      2.730     6.7853     6.7853    -0.0000     6.7851     6.7850    -0.0000   3.425387   3.425855   0.000468    34.0768    34.0820     7.1276    26.7207    26.7248    310.034  296.90620  297.35294         21  0.000e+00
       4900 290.702131  -39.96860  -54.99504      0.235       0.00      2.703      2.682     6.7852     6.7847    -0.0006     6.7850     6.7844    -0.0006   3.425342   3.425824   0.000482    34.0764    34.0823     7.1241    26.7204    26.7252    309.883  296.90748  297.35421         21  0.000e+00
       4901 290.702132  -39.96860  -54.99504      0.240       0.00      2.703      2.682     6.7849     6.7846    -0.0003     6.7847     6.7844    -0.0003   3.425251   3.425836   0.000585    34.0757    34.0824     7.1243    26.7199    26.7253    309.889  296.91110  297.35785         21  0.000e+00
       4902 290.702132  -39.96860  -54.99504      0.246       0.00      2.751      2.730     6.7843     6.7845     0.0002     6.7840     6.7842     0.0002   3.425180   3.425774   0.000594    34.0755    34.0819     7.1289    26.7199    26.7249    310.092  296.91597  297.36280         21  0.000e+00
       4903 290.702133  -39.96860  -54.99504      0.248       0.00      2.751      2.730     6.7837     6.7846     0.0009     6.7835     6.7844     0.0009   3.425154   3.425799   0.000645    34.0758    34.0820     7.1299    26.7202    26.7249    310.134  296.91922  297.36611         21  0.000e+00
       4904 290.702133  -39.96860  -54.99504      0.252       0.00      2.751      2.730     6.7828     6.7841     0.0013     6.7826     6.7839     0.0013   3.425135   3.425793   0.000658    34.0765    34.0824     7.1309    26.7208    26.7253    310.176  296.92375  297.37075         21  0.000e+00
