Pos-Processados/process_op38/operantar38_008B.ros
* Sea-Bird SBE 9 Data File:
* FileName = D:\OPERANTAR_XXXVIII\DADOS\OP38_008B.hdr
* Software Version Seasave V 7.18c
* Temperature SN = 4808
* Conductivity SN = 3380
* Number of Bytes Per Scan = 31
* Number of Voltage Words = 2
* Number of Scans Averaged by the Deck Unit = 1
* NMEA Latitude = 44 36.43 S
* NMEA Longitude = 052 08.36 W
* NMEA UTC (Time) = Oct 20 2019 02:21:12
** H41
** NAVIO POLAR ALMIRANTE MAXIMIANO
** CRUZEIRO:
** OPERANTAR XXXVIII
** ESTAÇÃO:
** LAT
** LONG
** 09P73767-1155
** PROFUNDIDADE:
** DATA/HORA: 20022Z/OUT/19
** OPERADOR: CTTECCHIO
# nquan = 27
# nvalues = 579                                   
# units = specified
# name 0 = scan: Scan Count
# name 1 = timeJ: Julian Days
# name 2 = latitude: Latitude [deg]
# name 3 = longitude: Longitude [deg]
# name 4 = dz/dtM: Descent Rate [m/s]
# name 5 = avgsvCM: Average Sound Velocity [Chen-Millero, m/s]
# name 6 = prDM: Pressure, Digiquartz [db]
# name 7 = depSM: Depth [salt water, m]
# name 8 = t090C: Temperature [ITS-90, deg C]
# name 9 = t190C: Temperature, 2 [ITS-90, deg C]
# name 10 = T2-T190C: Temperature Difference, 2 - 1 [ITS-90, deg C]
# name 11 = potemp090C: Potential Temperature [ITS-90, deg C]
# name 12 = potemp190C: Potential Temperature, 2 [ITS-90, deg C]
# name 13 = potemp90Cdiff: Potential Temperature, Diff, 2 - 1 [ITS-90, deg C]
# name 14 = c0S/m: Conductivity [S/m]
# name 15 = c1S/m: Conductivity, 2 [S/m]
# name 16 = C2-C1S/m: Conductivity Difference, 2 - 1 [S/m]
# name 17 = sal00: Salinity, Practical [PSU]
# name 18 = sal11: Salinity, Practical, 2 [PSU]
# name 19 = sbeox0ML/L: Oxygen, SBE 43 [ml/l]
# name 20 = sigma-é00: Density [sigma-theta, kg/m^3]
# name 21 = sigma-é11: Density, 2 [sigma-theta, kg/m^3]
# name 22 = sbox0Mm/Kg: Oxygen, SBE 43 [umol/kg]
# name 23 = oxsolMm/Kg: Oxygen Saturation, Garcia & Gordon [umol/kg]
# name 24 = oxsatMm/Kg: Oxygen Saturation, Weiss [umol/kg]
# name 25 = nbf: Bottles Fired
# name 26 = flag:  0.000e+00
# interval = seconds: 0.0416667
# start_time = Oct 20 2019 02:21:12 [NMEA time, header]
# bad_flag = -9.990e-29
*END*
       9805 293.102784  -44.60484  -52.13664      0.348       0.00      3.351      3.324    11.7738    11.7784     0.0046    11.7734    11.7780     0.0046   3.956029   3.957411   0.001381    34.7814    34.7907     6.1997    26.4623    26.4687    269.740  264.90846  264.91147          1  0.000e+00
       9806 293.102784  -44.60484  -52.13664      0.360       0.00      3.454      3.426    11.7735    11.7785     0.0050    11.7731    11.7781     0.0050   3.956317   3.957417   0.001100    34.7845    34.7906     6.1997    26.4648    26.4686    269.742  264.90450  264.90758          1  0.000e+00
       9807 293.102785  -44.60484  -52.13664      0.367       0.00      3.406      3.378    11.7735    11.7792     0.0056    11.7731    11.7787     0.0056   3.956379   3.957443   0.001064    34.7852    34.7903     6.1997    26.4653    26.4682    269.741  264.90333  264.90642          1  0.000e+00
       9808 293.102785  -44.60484  -52.13664      0.374       0.00      3.406      3.378    11.7733    11.7784     0.0051    11.7729    11.7780     0.0051   3.956386   3.957404   0.001018    34.7854    34.7906     6.1994    26.4655    26.4686    269.729  264.90392  264.90703          1  0.000e+00
       9809 293.102785  -44.60484  -52.13664      0.382       0.00      3.509      3.480    11.7735    11.7783     0.0048    11.7731    11.7779     0.0048   3.956393   3.957332   0.000939    34.7853    34.7899     6.1992    26.4654    26.4681    269.719  264.90316  264.90625          1  0.000e+00
       9810 293.102786  -44.60484  -52.13664      0.388       0.00      3.454      3.426    11.7735    11.7783     0.0048    11.7731    11.7779     0.0048   3.956365   3.957318   0.000953    34.7850    34.7898     6.1992    26.4652    26.4680    269.718  264.90362  264.90670          1  0.000e+00
       9811 293.102786  -44.60484  -52.13664      0.393       0.00      3.454      3.426    11.7733    11.7780     0.0047    11.7729    11.7775     0.0047   3.956352   3.957417   0.001065    34.7851    34.7911     6.1992    26.4653    26.4691    269.719  264.90459  264.90769          1  0.000e+00
       9812 293.102787  -44.60484  -52.13662      0.393       0.00      3.454      3.426    11.7734    11.7784     0.0050    11.7729    11.7780     0.0050   3.956352   3.957397   0.001046    34.7850    34.7905     6.1992    26.4652    26.4686    269.720  264.90441  264.90751          1  0.000e+00
       9813 293.102787  -44.60484  -52.13662      0.397       0.00      3.509      3.480    11.7732    11.7777     0.0045    11.7727    11.7772     0.0045   3.956359   3.957364   0.001006    34.7852    34.7909     6.1958    26.4654    26.4690    269.572  264.90505  264.90816          1  0.000e+00
       9814 293.102788  -44.60484  -52.13662      0.397       0.00      3.454      3.426    11.7733    11.7770     0.0037    11.7729    11.7766     0.0037   3.956379   3.957299   0.000919    34.7853    34.7909     6.1990    26.4655    26.4691    269.708  264.90409  264.90719          1  0.000e+00
       9815 293.102788  -44.60484  -52.13662      0.395       0.00      3.509      3.480    11.7734    11.7769     0.0035    11.7729    11.7765     0.0035   3.956365   3.957075   0.000709    34.7851    34.7887     6.1952    26.4653    26.4675    269.546  264.90420  264.90730          1  0.000e+00
       9816 293.102789  -44.60484  -52.13662      0.397       0.00      3.556      3.528    11.7738    11.7770     0.0032    11.7734    11.7766     0.0032   3.956379   3.957002   0.000623    34.7848    34.7879     6.1984    26.4649    26.4668    269.684  264.90219  264.90525          1  0.000e+00
       9817 293.102789  -44.60484  -52.13662      0.391       0.00      3.454      3.426    11.7734    11.7768     0.0035    11.7729    11.7764     0.0035   3.956393   3.957180   0.000787    34.7854    34.7899     6.1949    26.4655    26.4684    269.532  264.90365  264.90676          1  0.000e+00
       9818 293.102790  -44.60484  -52.13662      0.389       0.00      3.556      3.528    11.7737    11.7764     0.0027    11.7732    11.7759     0.0027   3.956400   3.957246   0.000846    34.7851    34.7909     6.1944    26.4652    26.4692    269.509  264.90235  264.90542          1  0.000e+00
       9819 293.102790  -44.60484  -52.13662      0.383       0.00      3.509      3.480    11.7735    11.7760     0.0025    11.7731    11.7756     0.0025   3.956413   3.957272   0.000859    34.7855    34.7915     6.1941    26.4655    26.4698    269.496  264.90278  264.90587          1  0.000e+00
       9820 293.102791  -44.60484  -52.13662      0.382       0.00      3.556      3.528    11.7732    11.7765     0.0033    11.7727    11.7760     0.0033   3.956372   3.957285   0.000913    34.7853    34.7912     6.1974    26.4655    26.4694    269.639  264.90484  264.90795          1  0.000e+00
       9821 293.102791  -44.60484  -52.13662      0.377       0.00      3.536      3.507    11.7735    11.7762     0.0027    11.7731    11.7758     0.0027   3.956414   3.957252   0.000839    34.7854    34.7911     6.1939    26.4655    26.4694    269.488  264.90280  264.90589          1  0.000e+00
       9822 293.102792  -44.60484  -52.13662      0.366       0.00      3.509      3.480    11.7740    11.7762     0.0022    11.7735    11.7757     0.0022   3.956393   3.957226   0.000833    34.7848    34.7909     6.1936    26.4649    26.4693    269.474  264.90136  264.90441          1  0.000e+00
       9823 293.102792  -44.60484  -52.13662      0.359       0.00      3.556      3.528    11.7738    11.7757     0.0018    11.7734    11.7752     0.0018   3.956420   3.957213   0.000793    34.7852    34.7913     6.1934    26.4653    26.4697    269.466  264.90143  264.90450          1  0.000e+00
       9824 293.102793  -44.60484  -52.13662      0.347       0.00      3.509      3.480    11.7742    11.7754     0.0012    11.7737    11.7749     0.0012   3.956420   3.957187   0.000766    34.7849    34.7913     6.1928    26.4650    26.4697    269.439  264.90013  264.90317          1  0.000e+00
       9825 293.102793  -44.60484  -52.13662      0.337       0.00      3.509      3.480    11.7740    11.7748     0.0008    11.7735    11.7744     0.0008   3.956427   3.957101   0.000674    34.7851    34.7910     6.1961    26.4652    26.4696    269.581  264.90073  264.90378          1  0.000e+00
       9826 293.102794  -44.60484  -52.13662      0.329       0.00      3.556      3.528    11.7740    11.7750     0.0010    11.7735    11.7745     0.0010   3.956407   3.957101   0.000694    34.7849    34.7908     6.1927    26.4650    26.4694    269.437  264.90115  264.90420          1  0.000e+00
       9827 293.102794  -44.60484  -52.13662      0.315       0.00      3.508      3.480    11.7738    11.7742     0.0004    11.7734    11.7738     0.0004   3.956386   3.957088   0.000702    34.7849    34.7914     6.1960    26.4650    26.4700    269.577  264.90202  264.90508          1  0.000e+00
       9828 293.102795  -44.60484  -52.13662      0.307       0.00      3.556      3.528    11.7740    11.7750     0.0010    11.7735    11.7745     0.0010   3.956420   3.957075   0.000654    34.7851    34.7905     6.1961    26.4651    26.4692    269.582  264.90089  264.90394          1  0.000e+00
       9829 293.102795  -44.60484  -52.13662      0.294       0.00      3.508      3.480    11.7738    11.7750     0.0012    11.7734    11.7745     0.0012   3.956434   3.957134   0.000700    34.7853    34.7911     6.1962    26.4654    26.4697    269.586  264.90114  264.90421          1  0.000e+00
       9830 293.102796  -44.60484  -52.13662      0.280       0.00      3.508      3.480    11.7738    11.7756     0.0017    11.7734    11.7751     0.0017   3.956393   3.957193   0.000800    34.7849    34.7912     6.1963    26.4651    26.4696    269.591  264.90190  264.90496          1  0.000e+00
       9831 293.102796  -44.60484  -52.13662      0.267       0.00      3.508      3.480    11.7737    11.7767     0.0030    11.7733    11.7762     0.0030   3.956393   3.957233   0.000840    34.7851    34.7905     6.1964    26.4652    26.4689    269.596  264.90244  264.90551          1  0.000e+00
       9832 293.102797  -44.60484  -52.13662      0.254       0.00      3.508      3.480    11.7735    11.7770     0.0035    11.7731    11.7766     0.0035   3.956365   3.957279   0.000913    34.7850    34.7907     6.1965    26.4652    26.4689    269.602  264.90366  264.90675          1  0.000e+00
       9833 293.102797  -44.60484  -52.13662      0.235       0.00      3.454      3.426    11.7737    11.7769     0.0033    11.7732    11.7765     0.0033   3.956352   3.957252   0.000901    34.7847    34.7905     6.1966    26.4649    26.4688    269.604  264.90333  264.90640          1  0.000e+00
       9834 293.102798  -44.60484  -52.13662      0.219       0.00      3.454      3.426    11.7737    11.7763     0.0026    11.7733    11.7759     0.0026   3.956413   3.957279   0.000865    34.7853    34.7913     6.1966    26.4654    26.4696    269.607  264.90202  264.90509          1  0.000e+00
       9835 293.102798  -44.60484  -52.13662      0.205       0.00      3.508      3.480    11.7740    11.7767     0.0027    11.7735    11.7762     0.0027   3.956393   3.957127   0.000734    34.7848    34.7895     6.1968    26.4649    26.4681    269.613  264.90136  264.90441          1  0.000e+00
       9836 293.102799  -44.60482  -52.13662      0.187       0.00      3.406      3.378    11.7738    11.7761     0.0022    11.7734    11.7756     0.0022   3.956496   3.955882  -0.000614    34.7860    34.7779     6.1968    26.4659    26.4592    269.612  264.89992  264.90300          1  0.000e+00
       9837 293.102799  -44.60482  -52.13662      0.174       0.00      3.454      3.426    11.7742    11.7762     0.0020    11.7737    11.7757     0.0020   3.956434   3.955072  -0.001362    34.7851    34.7698     6.2004    26.4651    26.4529    269.769  264.89984  264.90287          1  0.000e+00
       9838 293.102799  -44.60482  -52.13662      0.157       0.00      3.454      3.426    11.7742    11.7755     0.0013    11.7737    11.7750     0.0013   3.956386   3.956594   0.000208    34.7846    34.7854     6.2008    26.4647    26.4651    269.787  264.90072  264.90375          1  0.000e+00
       9839 293.102800  -44.60482  -52.13662      0.140       0.00      3.406      3.378    11.7740    11.7757     0.0017    11.7736    11.7752     0.0017   3.956393   3.957147   0.000754    34.7848    34.7907     6.1977    26.4650    26.4692    269.652  264.90128  264.90432          1  0.000e+00
       9840 293.102800  -44.60482  -52.13662      0.124       0.00      3.454      3.426    11.7738    11.7757     0.0019    11.7734    11.7753     0.0019   3.956400   3.957193   0.000793    34.7850    34.7910     6.1978    26.4651    26.4694    269.658  264.90173  264.90479          1  0.000e+00
       9841 293.102801  -44.60482  -52.13662      0.108       0.00      3.406      3.378    11.7740    11.7758     0.0018    11.7736    11.7754     0.0018   3.956413   3.957193   0.000780    34.7851    34.7910     6.2013    26.4651    26.4694    269.809  264.90090  264.90395          1  0.000e+00
       9842 293.102801  -44.60482  -52.13662      0.089       0.00      3.351      3.324    11.7735    11.7757     0.0021    11.7731    11.7752     0.0021   3.956345   3.957206   0.000861    34.7848    34.7913     6.2017    26.4651    26.4697    269.827  264.90391  264.90700          1  0.000e+00
       9843 293.102802  -44.60482  -52.13662      0.076       0.00      3.406      3.378    11.7734    11.7764     0.0030    11.7729    11.7760     0.0030   3.956345   3.957239   0.000894    34.7850    34.7909     6.2021    26.4652    26.4692    269.845  264.90450  264.90759          1  0.000e+00
       9844 293.102802  -44.60482  -52.13662      0.057       0.00      3.351      3.324    11.7732    11.7763     0.0032    11.7727    11.7759     0.0032   3.956352   3.957246   0.000894    34.7852    34.7910     6.2024    26.4654    26.4693    269.859  264.90505  264.90816          1  0.000e+00
       9845 293.102803  -44.60482  -52.13662      0.040       0.00      3.351      3.324    11.7732    11.7765     0.0033    11.7727    11.7761     0.0033   3.956331   3.957219   0.000888    34.7850    34.7906     6.1993    26.4653    26.4690    269.723  264.90543  264.90854          1  0.000e+00
       9846 293.102803  -44.60482  -52.13662      0.021       0.00      3.330      3.304    11.7730    11.7754     0.0024    11.7726    11.7750     0.0024   3.956290   3.957193   0.000903    34.7848    34.7914     6.2028    26.4651    26.4698    269.876  264.90689  264.91001          1  0.000e+00
       9847 293.102804  -44.60482  -52.13662      0.003       0.00      3.303      3.276    11.7727    11.7760     0.0033    11.7723    11.7756     0.0033   3.956263   3.957206   0.000944    34.7848    34.7910     6.2035    26.4652    26.4694    269.905  264.90845  264.91159          1  0.000e+00
       9848 293.102804  -44.60482  -52.13662     -0.014       0.00      3.303      3.276    11.7728    11.7760     0.0032    11.7724    11.7756     0.0032   3.956276   3.957213   0.000937    34.7848    34.7911     6.2038    26.4652    26.4694    269.918  264.90766  264.91079          1  0.000e+00
       9849 293.102805  -44.60482  -52.13662     -0.032       0.00      3.303      3.276    11.7728    11.7761     0.0032    11.7724    11.7756     0.0032   3.956256   3.957213   0.000957    34.7846    34.7910     6.2044    26.4650    26.4693    269.946  264.90803  264.91116          1  0.000e+00
       9850 293.102805  -44.60482  -52.13662     -0.049       0.00      3.255      3.229    11.7728    11.7760     0.0032    11.7724    11.7756     0.0032   3.956331   3.957213   0.000882    34.7854    34.7911     6.2047    26.4656    26.4694    269.956  264.90661  264.90975          1  0.000e+00
       9851 293.102806  -44.60482  -52.13662     -0.069       0.00      3.255      3.229    11.7734    11.7760     0.0026    11.7730    11.7756     0.0026   3.956276   3.957186   0.000910    34.7844    34.7908     6.2049    26.4647    26.4692    269.968  264.90564  264.90873          1  0.000e+00
       9852 293.102806  -44.60482  -52.13662     -0.083       0.00      3.255      3.229    11.7740    11.7759     0.0019    11.7736    11.7755     0.0019   3.954376   3.957180   0.002804    34.7651    34.7908     6.2059    26.4496    26.4693    270.013  264.93823  264.94103          1  0.000e+00
       9853 293.102807  -44.60482  -52.13662     -0.100       0.00      3.200      3.174    11.7752    11.7758     0.0007    11.7748    11.7754     0.0007   3.955556   3.957127   0.001571    34.7756    34.7904     6.2090    26.4576    26.4689    270.147  264.91200  264.91484          1  0.000e+00
       9854 293.102807  -44.60482  -52.13662     -0.116       0.00      3.255      3.229    11.7752    11.7757     0.0005    11.7748    11.7752     0.0005   3.956461   3.957134   0.000672    34.7845    34.7906     6.2093    26.4644    26.4691    270.156  264.89539  264.89835          1  0.000e+00
       9855 293.102808  -44.60482  -52.13662     -0.131       0.00      3.152      3.127    11.7748    11.7746    -0.0003    11.7744    11.7742    -0.0003   3.956489   3.957094   0.000605    34.7851    34.7913     6.2097    26.4650    26.4699    270.176  264.89606  264.89905          1  0.000e+00
       9856 293.102808  -44.60482  -52.13662     -0.147       0.00      3.200      3.174    11.7745    11.7743    -0.0002    11.7741    11.7739    -0.0002   3.956468   3.957074   0.000606    34.7852    34.7913     6.2103    26.4651    26.4699    270.201  264.89774  264.90075          1  0.000e+00
       9857 293.102809  -44.60482  -52.13662     -0.164       0.00      3.152      3.127    11.7740    11.7738    -0.0002    11.7736    11.7734    -0.0002   3.956379   3.957055   0.000676    34.7848    34.7916     6.2108    26.4649    26.4702    270.224  264.90132  264.90437          1  0.000e+00
