Pos-Processados/process_op38/operantar38_023.ros
* Sea-Bird SBE 9 Data File:
* FileName = D:\OPERANTAR_XXXVIII\DADOS\OP38_023.hdr
* Software Version Seasave V 7.18c
* Temperature SN = 4808
* Conductivity SN = 3380
* Number of Bytes Per Scan = 34
* Number of Voltage Words = 3
* Number of Scans Averaged by the Deck Unit = 1
* NMEA Latitude = 62 12.78 S
* NMEA Longitude = 058 20.56 W
* NMEA UTC (Time) = Nov 22 2019 18:35:31
** H41
** NAVIO POLAR ALMIRANTE MAXIMIANO
** CRUZEIRO:
** OPERANTAR XXXVIII
** ESTAÇÃO: OP38_023
** LAT 62 12,77'S
** LONG 058 20,58'W
** 09P73767-1155_A
** PROFUNDIDADE: 500
** DATA/HORA: 221836Z/NOV2019
** OPERADOR: SO-HN CHAVES
# nquan = 26
# nvalues = 1477                                  
# units = specified
# name 0 = scan: Scan Count
# name 1 = timeJ: Julian Days
# name 2 = latitude: Latitude [deg]
# name 3 = longitude: Longitude [deg]
# name 4 = dz/dtM: Descent Rate [m/s]
# name 5 = avgsvCM: Average Sound Velocity [Chen-Millero, m/s]
# name 6 = prDM: Pressure, Digiquartz [db]
# name 7 = depSM: Depth [salt water, m]
# name 8 = t090C: Temperature [ITS-90, deg C]
# name 9 = t190C: Temperature, 2 [ITS-90, deg C]
# name 10 = T2-T190C: Temperature Difference, 2 - 1 [ITS-90, deg C]
# name 11 = potemp090C: Potential Temperature [ITS-90, deg C]
# name 12 = potemp190C: Potential Temperature, 2 [ITS-90, deg C]
# name 13 = potemp90Cdiff: Potential Temperature, Diff, 2 - 1 [ITS-90, deg C]
# name 14 = c0S/m: Conductivity [S/m]
# name 15 = c1S/m: Conductivity, 2 [S/m]
# name 16 = C2-C1S/m: Conductivity Difference, 2 - 1 [S/m]
# name 17 = sal00: Salinity, Practical [PSU]
# name 18 = sal11: Salinity, Practical, 2 [PSU]
# name 19 = sbeox0ML/L: Oxygen, SBE 43 [ml/l]
# name 20 = sbeox1ML/L: Oxygen, SBE 43, 2 [ml/l]
# name 21 = sbeox0ML/Ldiff: Oxygen, SBE 43, Diff, 2 - 1 [ml/l]
# name 22 = sigma-é00: Density [sigma-theta, kg/m^3]
# name 23 = sigma-é11: Density, 2 [sigma-theta, kg/m^3]
# name 24 = nbf: Bottles Fired
# name 25 = flag:  0.000e+00
# interval = seconds: 0.0416667
# start_time = Nov 22 2019 18:35:31 [NMEA time, header]
# bad_flag = -9.990e-29
*END*
[from data line 446]
      30780 326.789508  -62.21306  -58.34258     -0.045    1449.93      3.509      3.476    -0.2684    -0.2683     0.0001    -0.2685    -0.2684     0.0001   2.818583   2.819262   0.000679    34.1682    34.1772     7.6539     7.3545    -0.2995    27.4480    27.4553          3  0.000e+00
      30781 326.789508  -62.21306  -58.34258     -0.045    1449.93      3.509      3.476    -0.2685    -0.2672     0.0013    -0.2686    -0.2674     0.0013   2.818504   2.819262   0.000757    34.1673    34.1760     7.6551     7.3545    -0.3006    27.4473    27.4542          3  0.000e+00
      30782 326.789509  -62.21306  -58.34258     -0.050    1449.93      3.510      3.476    -0.2690    -0.2666     0.0024    -0.2691    -0.2667     0.0024   2.818438   2.819342   0.000904    34.1669    34.1763     7.6512     7.3545    -0.2967    27.4470    27.4545          3  0.000e+00
      30783 326.789509  -62.21306  -58.34258     -0.053    1449.93      3.462      3.428    -0.2703    -0.2658     0.0044    -0.2704    -0.2660     0.0044   2.818348   2.819337   0.000989    34.1671    34.1754     7.6568     7.3545    -0.3023    27.4473    27.4537          3  0.000e+00
      30784 326.789510  -62.21306  -58.34258     -0.055    1449.93      3.510      3.476    -0.2712    -0.2658     0.0053    -0.2713    -0.2660     0.0053   2.818306   2.819331   0.001025    34.1676    34.1753     7.6523     7.3547    -0.2975    27.4477    27.4536          3  0.000e+00
      30785 326.789510  -62.21306  -58.34258     -0.055    1449.93      3.510      3.476    -0.2721    -0.2654     0.0067    -0.2722    -0.2655     0.0067   2.818240   2.819337   0.001097    34.1677    34.1748     7.6571     7.3548    -0.3023    27.4478    27.4532          3  0.000e+00
      30786 326.789511  -62.21306  -58.34258     -0.058    1449.93      3.462      3.428    -0.2729    -0.2654     0.0075    -0.2730    -0.2655     0.0075   2.818198   2.819256   0.001058    34.1681    34.1738     7.6524     7.3550    -0.2974    27.4482    27.4524          3  0.000e+00
      30787 326.789511  -62.21306  -58.34258     -0.060    1449.93      3.462      3.428    -0.2737    -0.2662     0.0075    -0.2738    -0.2663     0.0075   2.818174   2.819244   0.001071    34.1686    34.1745     7.6521     7.3496    -0.3025    27.4486    27.4530          3  0.000e+00
      30788 326.789511  -62.21306  -58.34258     -0.062    1449.93      3.510      3.476    -0.2741    -0.2658     0.0083    -0.2742    -0.2660     0.0083   2.818138   2.819256   0.001118    34.1686    34.1743     7.6569     7.3487    -0.3082    27.4487    27.4528          3  0.000e+00
      30789 326.789512  -62.21306  -58.34258     -0.064    1449.93      3.462      3.428    -0.2747    -0.2660     0.0087    -0.2748    -0.2661     0.0087   2.818077   2.819210   0.001132    34.1685    34.1739     7.6572     7.3536    -0.3036    27.4486    27.4525          3  0.000e+00
      30790 326.789512  -62.21306  -58.34258     -0.065    1449.93      3.462      3.428    -0.2757    -0.2660     0.0097    -0.2758    -0.2661     0.0097   2.818059   2.819267   0.001208    34.1694    34.1746     7.6576     7.3539    -0.3037    27.4493    27.4531          3  0.000e+00
      30791 326.789513  -62.21306  -58.34258     -0.070    1449.93      3.462      3.428    -0.2760    -0.2662     0.0099    -0.2761    -0.2663     0.0099   2.818017   2.819238   0.001221    34.1692    34.1744     7.6528     7.3542    -0.2986    27.4492    27.4530          3  0.000e+00
      30792 326.789513  -62.21306  -58.34258     -0.071    1449.93      3.462      3.428    -0.2756    -0.2660     0.0096    -0.2757    -0.2661     0.0096   2.818041   2.819146   0.001105    34.1690    34.1730     7.6572     7.3545    -0.3027    27.4490    27.4518          3  0.000e+00
      30793 326.789514  -62.21306  -58.34258     -0.071    1449.93      3.462      3.428    -0.2758    -0.2662     0.0097    -0.2760    -0.2663     0.0097   2.818017   2.819146   0.001129    34.1690    34.1732     7.6575     7.3548    -0.3027    27.4490    27.4520          3  0.000e+00
      30794 326.789514  -62.21306  -58.34258     -0.074    1449.93      3.462      3.428    -0.2760    -0.2679     0.0082    -0.2761    -0.2680     0.0082   2.818059   2.819071   0.001011    34.1698    34.1741     7.6584     7.3554    -0.3029    27.4497    27.4528          3  0.000e+00
      30795 326.789515  -62.21306  -58.34258     -0.074    1449.93      3.462      3.429    -0.2756    -0.2676     0.0081    -0.2757    -0.2677     0.0081   2.818077   2.819100   0.001022    34.1696    34.1742     7.6584     7.3556    -0.3028    27.4495    27.4528          3  0.000e+00
      30796 326.789515  -62.21306  -58.34258     -0.073    1449.93      3.462      3.429    -0.2758    -0.2674     0.0085    -0.2760    -0.2675     0.0085   2.818101   2.819146   0.001044    34.1701    34.1746     7.6585     7.3559    -0.3027    27.4500    27.4532          3  0.000e+00
      30797 326.789516  -62.21306  -58.34258     -0.076    1449.93      3.407      3.374    -0.2754    -0.2674     0.0080    -0.2755    -0.2675     0.0080   2.818114   2.819071   0.000957    34.1698    34.1736     7.6534     7.3561    -0.2972    27.4497    27.4524          3  0.000e+00
      30798 326.789516  -62.21306  -58.34258     -0.078    1449.93      3.462      3.429    -0.2752    -0.2669     0.0083    -0.2753    -0.2670     0.0083   2.818132   2.819106   0.000974    34.1698    34.1735     7.6527     7.3564    -0.2963    27.4497    27.4523          3  0.000e+00
      30799 326.789517  -62.21306  -58.34258     -0.076    1449.93      3.462      3.429    -0.2752    -0.2663     0.0089    -0.2753    -0.2664     0.0089   2.818095   2.819123   0.001027    34.1693    34.1730     7.6520     7.3508    -0.3013    27.4493    27.4519          3  0.000e+00
      30800 326.789517  -62.21306  -58.34258     -0.077    1449.93      3.462      3.429    -0.2753    -0.2663     0.0090    -0.2754    -0.2664     0.0090   2.818101   2.819140   0.001039    34.1696    34.1733     7.6514     7.3500    -0.3014    27.4495    27.4520          3  0.000e+00
      30801 326.789518  -62.21306  -58.34258     -0.081    1449.93      3.359      3.327    -0.2752    -0.2660     0.0092    -0.2753    -0.2661     0.0092   2.818150   2.819209   0.001060    34.1701    34.1739     7.6505     7.3548    -0.2958    27.4499    27.4525          3  0.000e+00
      30802 326.789518  -62.21306  -58.34258     -0.081    1449.93      3.462      3.429    -0.2738    -0.2663     0.0075    -0.2739    -0.2664     0.0075   2.818222   2.819163   0.000942    34.1695    34.1736     7.6497     7.3553    -0.2943    27.4493    27.4523          3  0.000e+00
      30803 326.789519  -62.21306  -58.34258     -0.078    1449.93      3.462      3.429    -0.2727    -0.2662     0.0066    -0.2728    -0.2663     0.0066   2.818258   2.819204   0.000946    34.1687    34.1740     7.6488     7.3557    -0.2931    27.4487    27.4526          3  0.000e+00
      30804 326.789519  -62.21306  -58.34258     -0.081    1449.93      3.407      3.374    -0.2727    -0.2663     0.0064    -0.2728    -0.2664     0.0064   2.818252   2.819192   0.000940    34.1687    34.1740     7.6480     7.3560    -0.2920    27.4486    27.4526          3  0.000e+00
      30805 326.789520  -62.21306  -58.34258     -0.082    1449.93      3.380      3.347    -0.2727    -0.2657     0.0070    -0.2728    -0.2658     0.0070   2.818204   2.819134   0.000931    34.1680    34.1726     7.6474     7.3563    -0.2911    27.4481    27.4514          3  0.000e+00
      30806 326.789520  -62.21306  -58.34258     -0.081    1449.93      3.462      3.429    -0.2741    -0.2660     0.0081    -0.2742    -0.2661     0.0081   2.818150   2.819227   0.001077    34.1688    34.1741     7.6529     7.3567    -0.2962    27.4488    27.4527          3  0.000e+00
      30807 326.789521  -62.21306  -58.34258     -0.080    1449.93      3.407      3.374    -0.2748    -0.2663     0.0085    -0.2749    -0.2664     0.0085   2.818077   2.819157   0.001080    34.1686    34.1735     7.6480     7.3571    -0.2909    27.4487    27.4523          3  0.000e+00
      30808 326.789521  -62.21306  -58.34258     -0.078    1449.93      3.462      3.429    -0.2758    -0.2666     0.0092    -0.2760    -0.2667     0.0092   2.818029   2.819158   0.001128    34.1692    34.1739     7.6534     7.3576    -0.2958    27.4492    27.4525          3  0.000e+00
      30809 326.789522  -62.21306  -58.34258     -0.079    1449.93      3.407      3.374    -0.2771    -0.2668     0.0103    -0.2772    -0.2669     0.0103   2.817969   2.819175   0.001206    34.1698    34.1743     7.6537     7.3579    -0.2958    27.4498    27.4529          3  0.000e+00
      30810 326.789522  -62.21306  -58.34258     -0.080    1449.93      3.407      3.374    -0.2776    -0.2665     0.0111    -0.2777    -0.2666     0.0111   2.817951   2.819077   0.001125    34.1701    34.1727     7.6538     7.3583    -0.2955    27.4500    27.4515          3  0.000e+00
      30811 326.789523  -62.21306  -58.34258     -0.077    1449.93      3.462      3.429    -0.2778    -0.2663     0.0115    -0.2779    -0.2664     0.0115   2.817951   2.819129   0.001177    34.1703    34.1731     7.6539     7.3587    -0.2952    27.4502    27.4519          3  0.000e+00
      30812 326.789523  -62.21308  -58.34258     -0.077    1449.93      3.407      3.374    -0.2779    -0.2669     0.0110    -0.2780    -0.2670     0.0110   2.817969   2.819030   0.001061    34.1707    34.1725     7.6546     7.3592    -0.2954    27.4505    27.4515          3  0.000e+00
      30813 326.789524  -62.21308  -58.34258     -0.077    1449.93      3.407      3.374    -0.2780    -0.2674     0.0106    -0.2781    -0.2675     0.0106   2.817921   2.819025   0.001104    34.1702    34.1730     7.6496     7.3596    -0.2899    27.4501    27.4519          3  0.000e+00
      30814 326.789524  -62.21308  -58.34258     -0.073    1449.93      3.407      3.374    -0.2785    -0.2672     0.0113    -0.2786    -0.2674     0.0113   2.817903   2.819042   0.001139    34.1705    34.1731     7.6496     7.3599    -0.2897    27.4504    27.4519          3  0.000e+00
      30815 326.789524  -62.21308  -58.34258     -0.075    1449.93      3.407      3.374    -0.2794    -0.2676     0.0119    -0.2795    -0.2677     0.0119   2.817891   2.818944   0.001053    34.1714    34.1721     7.6491     7.3604    -0.2886    27.4511    27.4512          3  0.000e+00
      30816 326.789525  -62.21308  -58.34258     -0.073    1449.93      3.407      3.374    -0.2791    -0.2680     0.0111    -0.2792    -0.2681     0.0111   2.817855   2.819007   0.001152    34.1706    34.1735     7.6483     7.3608    -0.2875    27.4505    27.4523          3  0.000e+00
      30817 326.789525  -62.21308  -58.34258     -0.072    1449.93      3.407      3.375    -0.2784    -0.2685     0.0099    -0.2785    -0.2686     0.0099   2.817867   2.818967   0.001100    34.1699    34.1735     7.6474     7.3556    -0.2918    27.4499    27.4523          3  0.000e+00
      30818 326.789526  -62.21308  -58.34258     -0.067    1449.93      3.462      3.429    -0.2785    -0.2696     0.0089    -0.2786    -0.2697     0.0089   2.817855   2.818874   0.001019    34.1698    34.1734     7.6468     7.3598    -0.2870    27.4498    27.4523          3  0.000e+00
      30819 326.789526  -62.21308  -58.34258     -0.064    1449.93      3.407      3.375    -0.2780    -0.2720     0.0060    -0.2781    -0.2721     0.0060   2.817825   2.818857   0.001032    34.1689    34.1760     7.6459     7.3593    -0.2865    27.4491    27.4545          3  0.000e+00
      30820 326.789527  -62.21308  -58.34258     -0.070    1449.93      3.407      3.375    -0.2787    -0.2728     0.0058    -0.2788    -0.2729     0.0058   2.817837   2.818759   0.000922    34.1698    34.1756     7.6452     7.3587    -0.2865    27.4498    27.4542          3  0.000e+00
      30821 326.789527  -62.21308  -58.34258     -0.060    1449.93      3.462      3.429    -0.2787    -0.2742     0.0045    -0.2788    -0.2743     0.0045   2.817795   2.818782   0.000987    34.1692    34.1774     7.6446     7.3593    -0.2853    27.4493    27.4557          3  0.000e+00
      30822 326.789528  -62.21308  -58.34258     -0.057    1449.93      3.407      3.375    -0.2786    -0.2734     0.0051    -0.2787    -0.2736     0.0051   2.817807   2.818747   0.000941    34.1693    34.1761     7.6445     7.3594    -0.2852    27.4494    27.4547          3  0.000e+00
      30823 326.789528  -62.21308  -58.34258     -0.053    1449.93      3.462      3.429    -0.2787    -0.2722     0.0065    -0.2788    -0.2723     0.0065   2.817819   2.818684   0.000865    34.1695    34.1738     7.6447     7.3596    -0.2851    27.4496    27.4528          3  0.000e+00
      30824 326.789529  -62.21308  -58.34258     -0.050    1449.93      3.407      3.375    -0.2788    -0.2720     0.0068    -0.2789    -0.2721     0.0068   2.817801   2.818730   0.000929    34.1695    34.1743     7.6490     7.3597    -0.2893    27.4495    27.4531          3  0.000e+00
      30825 326.789529  -62.21308  -58.34258     -0.052    1449.93      3.407      3.375    -0.2785    -0.2731     0.0054    -0.2786    -0.2732     0.0054   2.817795   2.818707   0.000912    34.1690    34.1752     7.6498     7.3648    -0.2850    27.4492    27.4539          3  0.000e+00
      30826 326.789530  -62.21308  -58.34258     -0.044    1449.93      3.462      3.429    -0.2787    -0.2744     0.0043    -0.2788    -0.2745     0.0043   2.817777   2.818730   0.000953    34.1690    34.1769     7.6507     7.3663    -0.2844    27.4491    27.4553          3  0.000e+00
      30827 326.789530  -62.21308  -58.34258     -0.043    1449.93      3.407      3.375    -0.2788    -0.2741     0.0047    -0.2789    -0.2742     0.0047   2.817801   2.818713   0.000912    34.1695    34.1763     7.6515     7.3617    -0.2897    27.4495    27.4549          3  0.000e+00
      30828 326.789531  -62.21308  -58.34258     -0.038    1449.93      3.462      3.429    -0.2790    -0.2744     0.0046    -0.2791    -0.2745     0.0046   2.817813   2.818580   0.000767    34.1698    34.1749     7.6473     7.3621    -0.2852    27.4499    27.4537          3  0.000e+00
      30829 326.789531  -62.21308  -58.34258     -0.037    1449.93      3.407      3.375    -0.2791    -0.2748     0.0043    -0.2792    -0.2749     0.0043   2.817801   2.818580   0.000779    34.1698    34.1754     7.6473     7.3622    -0.2851    27.4499    27.4542          3  0.000e+00
      30830 326.789532  -62.21308  -58.34258     -0.031    1449.93      3.462      3.429    -0.2794    -0.2745     0.0049    -0.2795    -0.2746     0.0049   2.817795   2.818528   0.000733    34.1701    34.1743     7.6476     7.3624    -0.2852    27.4501    27.4533          3  0.000e+00
      30831 326.789532  -62.21308  -58.34258     -0.026    1449.93      3.462      3.429    -0.2788    -0.2742     0.0046    -0.2789    -0.2743     0.0046   2.817813   2.818585   0.000773    34.1696    34.1748     7.6468     7.3624    -0.2844    27.4496    27.4536          3  0.000e+00
      30832 326.789533  -62.21308  -58.34258     -0.023    1449.93      3.462      3.429    -0.2782    -0.2733     0.0049    -0.2783    -0.2734     0.0049   2.817855   2.818637   0.000783    34.1694    34.1744     7.6468     7.3624    -0.2845    27.4495    27.4533          3  0.000e+00
      30833 326.789533  -62.21308  -58.34258     -0.018    1449.93      3.462      3.429    -0.2782    -0.2725     0.0056    -0.2783    -0.2726     0.0056   2.817891   2.818620   0.000729    34.1699    34.1733     7.6462     7.3567    -0.2896    27.4499    27.4524          3  0.000e+00
      30834 326.789534  -62.21308  -58.34258     -0.012    1449.93      3.462      3.429    -0.2776    -0.2727     0.0050    -0.2777    -0.2728     0.0050   2.817873   2.818718   0.000845    34.1691    34.1748     7.6463     7.3557    -0.2906    27.4492    27.4536          3  0.000e+00
