Pos-Processados/process_op38/operantar38_005.ros
* Sea-Bird SBE 9 Data File:
* FileName = D:\OPERANTAR_XXXVIII\DADOS\OP38_005.hdr
* Software Version Seasave V 7.18c
* Temperature SN = 4808
* Conductivity SN = 3380
* Number of Bytes Per Scan = 31
* Number of Voltage Words = 2
* Number of Scans Averaged by the Deck Unit = 1
* NMEA Latitude = 45 12.86 S
* NMEA Longitude = 051 09.01 W
* NMEA UTC (Time) = Oct 19 2019 13:59:02
** H41
** NAVIO POLAR ALMIRANTE MAXIMIANO
** CRUZEIRO:
** OPERANTAR XXXVIII
** ESTAÇÃO: OP38_005
** LAT 045º 12,86' S
** LONG 051º 09,03' W
** 09P73767-1155
** PROFUNDIDADE: 5853
** DATA/HORA: 191400Z/OUT/2019
** OPERADOR: SO-HN CHAVES
# nquan = 27
# nvalues = 4255                                  
# units = specified
# name 0 = scan: Scan Count
# name 1 = timeJ: Julian Days
# name 2 = latitude: Latitude [deg]
# name 3 = longitude: Longitude [deg]
# name 4 = dz/dtM: Descent Rate [m/s]
# name 5 = avgsvCM: Average Sound Velocity [Chen-Millero, m/s]
# name 6 = prDM: Pressure, Digiquartz [db]
# name 7 = depSM: Depth [salt water, m]
# name 8 = t090C: Temperature [ITS-90, deg C]
# name 9 = t190C: Temperature, 2 [ITS-90, deg C]
# name 10 = T2-T190C: Temperature Difference, 2 - 1 [ITS-90, deg C]
# name 11 = potemp090C: Potential Temperature [ITS-90, deg C]
# name 12 = potemp190C: Potential Temperature, 2 [ITS-90, deg C]
# name 13 = potemp90Cdiff: Potential Temperature, Diff, 2 - 1 [ITS-90, deg C]
# name 14 = c0S/m: Conductivity [S/m]
# name 15 = c1S/m: Conductivity, 2 [S/m]
# name 16 = C2-C1S/m: Conductivity Difference, 2 - 1 [S/m]
# name 17 = sal00: Salinity, Practical [PSU]
# name 18 = sal11: Salinity, Practical, 2 [PSU]
# name 19 = sbeox0ML/L: Oxygen, SBE 43 [ml/l]
# name 20 = sigma-é00: Density [sigma-theta, kg/m^3]
# name 21 = sigma-é11: Density, 2 [sigma-theta, kg/m^3]
# name 22 = sbox0Mm/Kg: Oxygen, SBE 43 [umol/kg]
# name 23 = oxsolMm/Kg: Oxygen Saturation, Garcia & Gordon [umol/kg]
# name 24 = oxsatMm/Kg: Oxygen Saturation, Weiss [umol/kg]
# name 25 = nbf: Bottles Fired
# name 26 = flag:  0.000e+00
# interval = seconds: 0.0416667
# start_time = Oct 19 2019 13:59:02 [NMEA time, header]
# bad_flag = -9.990e-29
*END*
[from data line 1611]
      65404 292.614203  -45.21438  -51.15018      0.250    1476.21     29.761     29.517    10.2871    10.2869    -0.0002    10.2836    10.2834    -0.0002   3.819008   3.819664   0.000656    34.8116    34.8184     6.1434    26.7559    26.7613    267.214  273.29811  273.41931          9  0.000e+00
      65405 292.614203  -45.21438  -51.15018      0.243    1476.21     29.761     29.517    10.2871    10.2872     0.0001    10.2836    10.2837     0.0001   3.819001   3.819664   0.000662    34.8116    34.8182     6.1431    26.7559    26.7611    267.200  273.29844  273.41964          9  0.000e+00
      65406 292.614204  -45.21438  -51.15018      0.240    1476.21     29.803     29.558    10.2873    10.2874     0.0000    10.2839    10.2839     0.0000   3.818988   3.819638   0.000650    34.8111    34.8177     6.1427    26.7555    26.7607    267.186  273.29758  273.41875          9  0.000e+00
      65407 292.614204  -45.21438  -51.15018      0.230    1476.21     29.707     29.463    10.2873    10.2872    -0.0001    10.2838    10.2837    -0.0001   3.819008   3.819612   0.000604    34.8114    34.8177     6.1423    26.7558    26.7607    267.168  273.29729  273.41847          9  0.000e+00
      65408 292.614205  -45.21438  -51.15018      0.222    1476.21     29.762     29.517    10.2872    10.2867    -0.0005    10.2837    10.2833    -0.0005   3.819001   3.819644   0.000643    34.8114    34.8184     6.1384    26.7558    26.7613    266.999  273.29786  273.41905          9  0.000e+00
      65409 292.614205  -45.21438  -51.15018      0.216    1476.21     29.803     29.558    10.2872    10.2875     0.0003    10.2837    10.2840     0.0003   3.819015   3.819612   0.000597    34.8115    34.8173     6.1378    26.7559    26.7603    266.971  273.29763  273.41882          9  0.000e+00
      65410 292.614206  -45.21438  -51.15018      0.208    1476.21     29.762     29.517    10.2871    10.2874     0.0003    10.2836    10.2839     0.0003   3.818995   3.819618   0.000624    34.8115    34.8175     6.1371    26.7558    26.7605    266.942  273.29838  273.41958          9  0.000e+00
      65411 292.614206  -45.21438  -51.15018      0.200    1476.21     29.762     29.517    10.2872    10.2869    -0.0003    10.2837    10.2834    -0.0003   3.819022   3.819631   0.000610    34.8116    34.8181     6.1368    26.7560    26.7611    266.930  273.29746  273.41865          9  0.000e+00
      65412 292.614207  -45.21438  -51.15018      0.194    1476.21     29.748     29.504    10.2872    10.2872    -0.0000    10.2837    10.2837    -0.0000   3.818947   3.819631   0.000684    34.8109    34.8178     6.1366    26.7554    26.7608    266.920  273.29892  273.42010          9  0.000e+00
      65413 292.614207  -45.21438  -51.15018      0.187    1476.21     29.762     29.517    10.2871    10.2872     0.0001    10.2836    10.2838     0.0001   3.818961   3.819664   0.000703    34.8111    34.8181     6.1324    26.7556    26.7610    266.738  273.29905  273.42025          9  0.000e+00
      65414 292.614208  -45.21438  -51.15018      0.177    1476.21     29.762     29.517    10.2872    10.2870    -0.0002    10.2837    10.2836    -0.0002   3.819008   3.819638   0.000630    34.8115    34.8181     6.1315    26.7559    26.7610    266.698  273.29772  273.41891          9  0.000e+00
      65415 292.614208  -45.21438  -51.15018      0.173    1476.21     29.803     29.558    10.2873    10.2874     0.0001    10.2838    10.2839     0.0001   3.818995   3.819631   0.000637    34.8112    34.8176     6.1343    26.7556    26.7606    266.819  273.29764  273.41882          9  0.000e+00
      65416 292.614209  -45.21438  -51.15018      0.164    1476.21     29.762     29.517    10.2873    10.2875     0.0002    10.2839    10.2840     0.0002   3.818995   3.819651   0.000656    34.8112    34.8177     6.1301    26.7556    26.7607    266.638  273.29741  273.41858          9  0.000e+00
      65417 292.614209  -45.21438  -51.15018      0.156    1476.21     29.762     29.517    10.2872    10.2871    -0.0001    10.2837    10.2836    -0.0001   3.818988   3.819612   0.000624    34.8113    34.8178     6.1297    26.7557    26.7608    266.618  273.29813  273.41931         10  0.000e+00
      65418 292.614210  -45.21438  -51.15018      0.148    1476.21     29.748     29.504    10.2873    10.2871    -0.0002    10.2838    10.2836    -0.0002   3.818988   3.819599   0.000611    34.8112    34.8176     6.1289    26.7556    26.7607    266.584  273.29773  273.41890         10  0.000e+00
      65419 292.614210  -45.21438  -51.15018      0.142    1476.21     29.762     29.517    10.2871    10.2869    -0.0002    10.2836    10.2834    -0.0002   3.818995   3.819599   0.000604    34.8115    34.8178     6.1282    26.7559    26.7609    266.552  273.29858  273.41978         10  0.000e+00
      65420 292.614211  -45.21438  -51.15018      0.135    1476.21     29.810     29.565    10.2871    10.2869    -0.0001    10.2836    10.2834    -0.0001   3.818988   3.819625   0.000637    34.8114    34.8180     6.1279    26.7558    26.7610    266.539  273.29875  273.41995         10  0.000e+00
      65421 292.614211  -45.21438  -51.15018      0.128    1476.21     29.748     29.504    10.2873    10.2870    -0.0003    10.2838    10.2836    -0.0003   3.819008   3.819605   0.000597    34.8114    34.8177     6.1275    26.7558    26.7608    266.521  273.29732  273.41850         10  0.000e+00
      65422 292.614212  -45.21438  -51.15018      0.120    1476.21     29.762     29.517    10.2872    10.2866    -0.0006    10.2837    10.2831    -0.0006   3.818981   3.819618   0.000637    34.8112    34.8183     6.1272    26.7556    26.7613    266.511  273.29826  273.41945         10  0.000e+00
      65423 292.614212  -45.21438  -51.15018      0.115    1476.21     29.762     29.517    10.2871    10.2870    -0.0001    10.2836    10.2836    -0.0001   3.818981   3.819631   0.000650    34.8113    34.8180     6.1270    26.7557    26.7610    266.501  273.29865  273.41985         10  0.000e+00
      65424 292.614212  -45.21438  -51.15018      0.105    1476.21     29.748     29.504    10.2872    10.2869    -0.0003    10.2837    10.2834    -0.0003   3.818988   3.819631   0.000644    34.8113    34.8181     6.1232    26.7557    26.7611    266.334  273.29812  273.41930         10  0.000e+00
      65425 292.614213  -45.21438  -51.15018      0.099    1476.21     29.762     29.517    10.2872    10.2872     0.0000    10.2837    10.2838     0.0000   3.818995   3.819631   0.000637    34.8114    34.8178     6.1227    26.7558    26.7608    266.314  273.29799  273.41918         10  0.000e+00
      65426 292.614213  -45.21438  -51.15018      0.092    1476.21     29.762     29.517    10.2873    10.2870    -0.0003    10.2838    10.2836    -0.0003   3.818988   3.819586   0.000598    34.8112    34.8175     6.1219    26.7556    26.7606    266.280  273.29774  273.41892         10  0.000e+00
      65427 292.614214  -45.21438  -51.15018      0.084    1476.21     29.748     29.504    10.2871    10.2869    -0.0001    10.2836    10.2834    -0.0001   3.819008   3.819612   0.000604    34.8116    34.8179     6.1215    26.7560    26.7609    266.264  273.29830  273.41950         10  0.000e+00
      65428 292.614214  -45.21438  -51.15018      0.075    1476.21     29.707     29.463    10.2872    10.2870    -0.0002    10.2837    10.2836    -0.0002   3.819001   3.819605   0.000604    34.8115    34.8178     6.1212    26.7558    26.7608    266.248  273.29781  273.41900         10  0.000e+00
      65429 292.614215  -45.21438  -51.15018      0.067    1476.21     29.762     29.518    10.2873    10.2872    -0.0001    10.2838    10.2838    -0.0001   3.818988   3.819599   0.000611    34.8112    34.8175     6.1210    26.7556    26.7605    266.238  273.29774  273.41892         10  0.000e+00
      65430 292.614215  -45.21438  -51.15018      0.061    1476.21     29.748     29.504    10.2871    10.2867    -0.0004    10.2836    10.2832    -0.0004   3.818934   3.819599   0.000665    34.8109    34.8180     6.1204    26.7554    26.7610    266.216  273.29977  273.42097         10  0.000e+00
      65431 292.614216  -45.21438  -51.15018      0.055    1476.21     29.762     29.518    10.2871    10.2866    -0.0005    10.2836    10.2831    -0.0005   3.818961   3.819599   0.000638    34.8111    34.8181     6.1203    26.7556    26.7611    266.208  273.29905  273.42025         10  0.000e+00
      65432 292.614216  -45.21438  -51.15018      0.049    1476.21     29.762     29.518    10.2869    10.2869     0.0001    10.2834    10.2834     0.0001   3.818981   3.819599   0.000618    34.8116    34.8178     6.1205    26.7560    26.7608    266.220  273.29962  273.42084         10  0.000e+00
      65433 292.614217  -45.21438  -51.15018      0.045    1476.21     29.748     29.504    10.2866    10.2867     0.0001    10.2831    10.2832     0.0001   3.818907   3.819579   0.000673    34.8111    34.8178     6.1206    26.7556    26.7609    266.221  273.30225  273.42349         10  0.000e+00
      65434 292.614217  -45.21438  -51.15018      0.034    1476.21     29.707     29.463    10.2859    10.2861     0.0001    10.2825    10.2826     0.0001   3.818826   3.819534   0.000708    34.8109    34.8179     6.1207    26.7556    26.7611    266.225  273.30636  273.42764         10  0.000e+00
      65435 292.614218  -45.21438  -51.15018      0.030    1476.21     29.762     29.518    10.2852    10.2862     0.0009    10.2818    10.2827     0.0009   3.818765   3.819528   0.000763    34.8109    34.8177     6.1209    26.7557    26.7609    266.235  273.31034  273.43168         10  0.000e+00
      65436 292.614218  -45.21438  -51.15018      0.023    1476.21     29.700     29.457    10.2846    10.2861     0.0015    10.2811    10.2826     0.0015   3.818765   3.819501   0.000737    34.8116    34.8176     6.1174    26.7564    26.7608    266.085  273.31300  273.43441         10  0.000e+00
      65437 292.614219  -45.21438  -51.15018      0.021    1476.21     29.762     29.518    10.2849    10.2854     0.0004    10.2815    10.2819     0.0004   3.818778   3.819495   0.000717    34.8113    34.8182     6.1206    26.7561    26.7614    266.221  273.31123  273.43261         10  0.000e+00
      65438 292.614219  -45.21438  -51.15018      0.014    1476.21     29.707     29.463    10.2850    10.2856     0.0005    10.2816    10.2821     0.0005   3.818785   3.819417   0.000632    34.8113    34.8172     6.1208    26.7561    26.7606    266.230  273.31066  273.43203         10  0.000e+00
      65439 292.614220  -45.21438  -51.15018      0.008    1476.21     29.748     29.504    10.2853    10.2856     0.0003    10.2818    10.2821     0.0003   3.818799   3.819443   0.000644    34.8112    34.8175     6.1211    26.7560    26.7608    266.244  273.30946  273.43080         10  0.000e+00
      65440 292.614220  -45.21438  -51.15018      0.006    1476.21     29.707     29.463    10.2857    10.2857    -0.0000    10.2823    10.2822    -0.0000   3.818886   3.819495   0.000609    34.8117    34.8179     6.1210    26.7563    26.7611    266.239  273.30592  273.42724         10  0.000e+00
      65441 292.614221  -45.21438  -51.15018      0.001    1476.21     29.762     29.518    10.2859    10.2857    -0.0001    10.2824    10.2823    -0.0001   3.818893   3.819521   0.000628    34.8116    34.8181     6.1211    26.7562    26.7613    266.243  273.30526  273.42656         10  0.000e+00
      65442 292.614221  -45.21438  -51.15018     -0.004    1476.21     29.700     29.457    10.2858    10.2862     0.0004    10.2823    10.2827     0.0004   3.818927   3.819547   0.000620    34.8121    34.8180     6.1211    26.7565    26.7611    266.245  273.30492  273.42623         10  0.000e+00
      65443 292.614222  -45.21438  -51.15018     -0.007    1476.21     29.707     29.463    10.2860    10.2859    -0.0001    10.2826    10.2824    -0.0001   3.818900   3.819534   0.000634    34.8116    34.8181     6.1216    26.7561    26.7612    266.267  273.30449  273.42578         10  0.000e+00
      65444 292.614222  -45.21438  -51.15018     -0.012    1476.21     29.707     29.463    10.2864    10.2855    -0.0008    10.2829    10.2821    -0.0008   3.818907   3.819547   0.000640    34.8113    34.8186     6.1218    26.7558    26.7617    266.274  273.30300  273.42425         10  0.000e+00
      65445 292.614223  -45.21438  -51.15018     -0.017    1476.21     29.700     29.457    10.2866    10.2861    -0.0005    10.2831    10.2826    -0.0005   3.818934   3.819560   0.000626    34.8113    34.8182     6.1220    26.7558    26.7613    266.283  273.30148  273.42272         10  0.000e+00
      65446 292.614223  -45.21438  -51.15018     -0.020    1476.21     29.707     29.463    10.2866    10.2862    -0.0003    10.2831    10.2828    -0.0003   3.818974   3.819592   0.000618    34.8118    34.8184     6.1226    26.7562    26.7614    266.311  273.30087  273.42212         10  0.000e+00
      65447 292.614224  -45.21438  -51.15018     -0.024    1476.21     29.707     29.463    10.2866    10.2864    -0.0003    10.2831    10.2829    -0.0003   3.818988   3.819599   0.000611    34.8119    34.8183     6.1230    26.7563    26.7613    266.325  273.30041  273.42166         10  0.000e+00
      65448 292.614224  -45.21438  -51.15018     -0.026    1476.21     29.700     29.457    10.2871    10.2866    -0.0005    10.2836    10.2831    -0.0005   3.818974   3.819566   0.000592    34.8113    34.8178     6.1233    26.7557    26.7609    266.340  273.29893  273.42012         10  0.000e+00
      65449 292.614225  -45.21438  -51.15018     -0.029    1476.21     29.707     29.464    10.2871    10.2864    -0.0007    10.2836    10.2829    -0.0007   3.818954   3.819586   0.000632    34.8111    34.8182     6.1237    26.7556    26.7612    266.360  273.29933  273.42053         10  0.000e+00
      65450 292.614225  -45.21438  -51.15018     -0.033    1476.21     29.707     29.464    10.2871    10.2862    -0.0009    10.2836    10.2828    -0.0009   3.818954   3.819566   0.000612    34.8111    34.8181     6.1242    26.7555    26.7612    266.380  273.29914  273.42033         10  0.000e+00
      65451 292.614226  -45.21438  -51.15018     -0.038    1476.21     29.653     29.409    10.2869    10.2862    -0.0006    10.2834    10.2828    -0.0006   3.818968   3.819534   0.000566    34.8115    34.8178     6.1211    26.7559    26.7609    266.244  273.29979  273.42101         10  0.000e+00
      65452 292.614226  -45.21438  -51.15018     -0.036    1476.21     29.762     29.518    10.2871    10.2862    -0.0009    10.2836    10.2827    -0.0009   3.819008   3.819528   0.000519    34.8116    34.8177     6.1250    26.7560    26.7609    266.414  273.29831  273.41951         10  0.000e+00
      65453 292.614226  -45.21438  -51.15018     -0.037    1476.21     29.707     29.464    10.2871    10.2864    -0.0007    10.2836    10.2829    -0.0007   3.818968   3.819534   0.000566    34.8112    34.8176     6.1256    26.7556    26.7608    266.440  273.29887  273.42006         10  0.000e+00
      65454 292.614227  -45.21438  -51.15018     -0.039    1476.21     29.701     29.457    10.2871    10.2864    -0.0007    10.2836    10.2829    -0.0007   3.818968   3.819553   0.000586    34.8113    34.8179     6.1226    26.7557    26.7610    266.311  273.29906  273.42026         10  0.000e+00
      65455 292.614227  -45.21438  -51.15018     -0.040    1476.21     29.660     29.416    10.2869    10.2866    -0.0003    10.2834    10.2831    -0.0003   3.818981   3.819612   0.000631    34.8116    34.8183     6.1266    26.7560    26.7613    266.484  273.29953  273.42075         10  0.000e+00
      65456 292.614228  -45.21438  -51.15018     -0.043    1476.21     29.707     29.464    10.2868    10.2864    -0.0004    10.2833    10.2829    -0.0004   3.818886   3.819605   0.000719    34.8107    34.8184     6.1274    26.7553    26.7614    266.521  273.30184  273.42306         10  0.000e+00
