Pos-Processados/process_op38/operantar38_003.cnv
* Sea-Bird SBE 9 Data File:
* FileName = D:\OPERANTAR_XXXVIII\DADOS\OP38_003.hdr
* Software Version Seasave V 7.12
* Temperature SN = 4808
* Conductivity SN = 3380
* Number of Bytes Per Scan = 31
* Number of Voltage Words = 2
* Number of Scans Averaged by the Deck Unit = 1
* NMEA Latitude = 39 32.86 S
* NMEA Longitude = 054 23.47 W
* NMEA UTC (Time) = Jan 17 2019 09:09:24
** H41
** NAVIO POLAR ALMIRANTE MAXIMIANO
** CRUZEIRO:
** OPERANTAR XXXVIII
** ESTAวรO: OP38_003
** LAT 39บ 32,87' S
** LONG 054บ 23,45' W
** 09P73767-1155
** PROFUNDIDADE: 2920 m
** DATA/HORA: 170909Z/OUT/2019
** OPERADOR: SO-HN CHAVES
# nquan = 33
# nvalues = 2037                        
# units = specified
# name 0 = scan: Scan Count
# name 1 = timeJ: Julian Days
# name 2 = latitude: Latitude [deg]
# name 3 = longitude: Longitude [deg]
# name 4 = dz/dtM: Descent Rate [m/s]
# name 5 = avgsvCM: Average Sound Velocity [Chen-Millero, m/s]
# name 6 = prDM: Pressure, Digiquartz [db]
# name 7 = depSM: Depth [salt water, m]
# name 8 = t090C: Temperature [ITS-90, deg C]
# name 9 = t190C: Temperature, 2 [ITS-90, deg C]
# name 10 = T2-T190C: Temperature Difference, 2 - 1 [ITS-90, deg C]
# name 11 = potemp090C: Potential Temperature [ITS-90, deg C]
# name 12 = potemp190C: Potential Temperature, 2 [ITS-90, deg C]
# name 13 = potemp90Cdiff: Potential Temperature, Diff, 2 - 1 [ITS-90, deg C]
# name 14 = c0S/m: Conductivity [S/m]
# name 15 = c1S/m: Conductivity, 2 [S/m]
# name 16 = C2-C1S/m: Conductivity Difference, 2 - 1 [S/m]
# name 17 = sal00: Salinity, Practical [PSU]
# name 18 = sal11: Salinity, Practical, 2 [PSU]
# name 19 = sbeox0ML/L: Oxygen, SBE 43 [ml/l]
# name 20 = sigma-้00: Density [sigma-theta, kg/m^3]
# name 21 = sigma-้11: Density, 2 [sigma-theta, kg/m^3]
# name 22 = sbox0Mm/Kg: Oxygen, SBE 43 [umol/kg]
# name 23 = oxsolMm/Kg: Oxygen Saturation, Garcia & Gordon [umol/kg]
# name 24 = oxsatMm/Kg: Oxygen Saturation, Weiss [umol/kg]
# name 25 = sal00: Salinity, Practical [PSU]
# name 26 = sigma-้00: Density [sigma-theta, kg/m^3]
# name 27 = svCM: Sound Velocity [Chen-Millero, m/s]
# name 28 = svCM1: Sound Velocity, 2 [Chen-Millero, m/s]
# name 29 = gsw_ptA0: potential temperature [ITS-90, deg C]
# name 30 = gsw_densityA0: density, TEOS-10 [density, kg/m^3]
# name 31 = gsw_saA0: Absolute Salinity [g/kg]
# name 32 = flag:
# span 0 =       2637,      55419       
# span 1 =  17.382799,  17.408253       
# span 2 =  -39.54778,  -39.54770       
# span 3 =  -54.39123,  -54.39118       
# span 4 =     -1.648,      1.572       
# span 5 =      -0.02,    1474.64       
# span 6 =      5.000,   1027.000       
# span 7 =      4.983,   1016.654       
# span 8 =     2.5646,     6.7340       
# span 9 =     2.5661,     6.7344       
# span 10 =    -0.0598,     0.0480      
# span 11 =     2.4982,     6.7336      
# span 12 =     2.4996,     6.7340      
# span 13 =    -0.0598,     0.0480      
# span 14 =   3.109510,   3.423164      
# span 15 =   3.109967,   3.423747      
# span 16 =  -0.004577,   0.004732      
# span 17 =    34.0578,    34.5114      
# span 18 =    34.0634,    34.5159      
# span 19 =     3.8602,     7.5169      
# span 20 =    26.7475,    27.5394      
# span 21 =    26.7519,    27.5428      
# span 22 =    167.775,    326.939      
# span 23 =  297.20034,  327.24321      
# span 24 =  297.65337,  328.26970      
# span 25 =    34.0512,    34.5112      
# span 26 =    26.7468,    27.5392      
# span 27 =    1466.67,    1476.79      
# span 28 =    1466.68,    1476.80      
# span 29 =     2.4981,     6.7335      
# span 30 =  1026.7721,  1032.3077      
# span 31 =    34.2120,    34.6774      
# span 32 = 0.0000e+00, 0.0000e+00      
# interval = decibars: 1                
# start_time = Jan 17 2019 09:09:24 [NMEA time, header]
# bad_flag = -9.990e-29
*END*
[from data line 352]
      11888  17.387260  -39.54776  -54.39122      0.439    1468.35    357.000    353.974     3.2510     3.2521     0.0010     3.2281     3.2291     0.0010   3.132527   3.133024   0.000485    34.1282    34.1329     6.0421    27.1682    27.1719    262.702  322.69662  323.60212    34.1262    27.1666    1468.18    1468.19     3.2281  1028.8308    34.2879 0.0000e+00
      11921  17.387276  -39.54776  -54.39122      0.647    1468.35    358.000    354.964     3.2345     3.2372     0.0028     3.2116     3.2143     0.0028   3.131160   3.131754   0.000611    34.1288    34.1333     6.0463    27.1702    27.1736    262.883  322.82538  323.73338    34.1266    27.1684    1468.13    1468.15     3.2115  1028.8372    34.2880 0.0000e+00
      11941  17.387286 -9.990e-29  -54.39122      0.954    1468.35    359.000    355.955     3.2347     3.2355     0.0008     3.2117     3.2125     0.0008   3.131293   3.131736   0.000454    34.1289    34.1336     6.0430    27.1703    27.1740    262.742  322.82340  323.73137    34.1274    27.1691    1468.15    1468.16     3.2117  1028.8423    34.2887 0.0000e+00
      11959  17.387295 -9.990e-29  -54.39122      1.191    1468.35    360.000    356.945     3.2314     3.2327     0.0013     3.2083     3.2096     0.0013   3.131083   3.131597   0.000509    34.1292    34.1340     6.0423    27.1709    27.1745    262.709  322.84926  323.75775    34.1279    27.1698    1468.15    1468.16     3.2083  1028.8477    34.2891 0.0000e+00
      11978  17.387303 -9.990e-29  -54.39122      1.316    1468.33    361.000    357.936     3.2318     3.2330     0.0011     3.2087     3.2099     0.0011   3.131185   3.131686   0.000496    34.1291    34.1339     6.0379    27.1707    27.1744    262.519  322.84573  323.75415    34.1280    27.1699    1468.17    1468.18     3.2087  1028.8524    34.2893 0.0000e+00
      11998  17.387314 -9.990e-29  -54.39122      1.265    1468.33    362.000    358.927     3.2322     3.2333     0.0011     3.2090     3.2101     0.0011   3.131327   3.131836   0.000518    34.1298    34.1348     6.0337    27.1712    27.1752    262.339  322.84126  323.74964    34.1289    27.1705    1468.19    1468.20     3.2090  1028.8577    34.2901 0.0000e+00
      12023  17.387325  -39.54776  -54.39122      1.065    1468.33    363.000    359.918     3.2321     3.2328     0.0007     3.2089     3.2095     0.0007   3.131379   3.131811   0.000432    34.1301    34.1346     6.0311    27.1715    27.1750    262.222  322.84127  323.74968    34.1291    27.1707    1468.21    1468.21     3.2088  1028.8627    34.2906 0.0000e+00
      12046  17.387337  -39.54776  -54.39122      0.985    1468.33    364.000    360.908     3.2304     3.2316     0.0012     3.2071     3.2083     0.0012   3.131252   3.131730   0.000474    34.1296    34.1341     6.0280    27.1713    27.1748    262.089  322.85563  323.76427    34.1288    27.1706    1468.21    1468.22     3.2071  1028.8674    34.2905 0.0000e+00
      12067  17.387347  -39.54776  -54.39122      1.072    1468.33    365.000    361.898     3.2306     3.2318     0.0012     3.2073     3.2084     0.0012   3.131319   3.131801   0.000483    34.1294    34.1340     6.0250    27.1711    27.1747    261.961  322.85441  323.76301    34.1288    27.1706    1468.23    1468.24     3.2072  1028.8721    34.2905 0.0000e+00
      12087  17.387357  -39.54776  -54.39122      1.163    1468.33    366.000    362.889     3.2317     3.2342     0.0025     3.2082     3.2107     0.0024   3.131516   3.132161   0.000644    34.1298    34.1350     6.0253    27.1713    27.1753    261.972  322.84507  323.75353    34.1295    27.1711    1468.25    1468.27     3.2082  1028.8772    34.2913 0.0000e+00
      12114  17.387369  -39.54776  -54.39122      1.038    1468.33    367.000    363.880     3.2333     3.2336     0.0003     3.2098     3.2101     0.0003   3.131719   3.132137   0.000422    34.1301    34.1349     6.0275    27.1714    27.1752    262.068  322.83179  323.74003    34.1298    27.1712    1468.28    1468.28     3.2097  1028.8819    34.2915 0.0000e+00
      12160  17.387391  -39.54776  -54.39122      0.501    1468.33    368.000    364.871     3.2343     3.2352     0.0009     3.2107     3.2116     0.0009   3.131883   3.132380   0.000497    34.1305    34.1356     6.0241    27.1717    27.1756    261.920  322.82293  323.73102    34.1302    27.1714    1468.30    1468.31     3.2107  1028.8867    34.2919 0.0000e+00
      12195  17.387408  -39.54776  -54.39122      0.618    1468.33    369.000    365.861     3.2336     3.2342     0.0006     3.2099     3.2105     0.0006   3.131889   3.132349   0.000463    34.1307    34.1357     6.0163    27.1719    27.1758    261.579  322.82810  323.73631    34.1305    27.1717    1468.31    1468.32     3.2099  1028.8917    34.2922 0.0000e+00
      12215  17.387418  -39.54775  -54.39122      0.941    1468.33    370.000    366.852     3.2331     3.2339     0.0008     3.2093     3.2102     0.0008   3.131904   3.132365   0.000470    34.1309    34.1357     6.0180    27.1721    27.1758    261.654  322.83174  323.74003    34.1306    27.1719    1468.32    1468.34     3.2093  1028.8964    34.2922 0.0000e+00
      12233  17.387427 -9.990e-29  -54.39122      1.190    1468.33    371.000    367.842     3.2311     3.2320     0.0009     3.2073     3.2082     0.0009   3.131760   3.132240   0.000466    34.1311    34.1358     6.0214    27.1725    27.1761    261.800  322.84695  323.75555    34.1305    27.1719    1468.33    1468.34     3.2072  1028.9009    34.2917 0.0000e+00
      12250  17.387435 -9.990e-29  -54.39122      1.342    1468.33    372.000    368.833     3.2270     3.2286     0.0016     3.2031     3.2048     0.0016   3.131436   3.131973   0.000528    34.1314    34.1361     6.0234    27.1731    27.1767    261.890  322.87840  323.78762    34.1303    27.1722    1468.33    1468.35     3.2031  1028.9058    34.2916 0.0000e+00
      12270  17.387445 -9.990e-29  -54.39122      1.318    1468.33    373.000    369.824     3.2197     3.2207     0.0010     3.1958     3.1968     0.0010   3.130916   3.131401   0.000495    34.1318    34.1367     6.0204    27.1741    27.1779    261.756  322.93506  323.84540    34.1311    27.1735    1468.32    1468.33     3.1958  1028.9118    34.2924 0.0000e+00
      12294  17.387456 -9.990e-29  -54.39122      1.109    1468.33    374.000    370.814     3.2193     3.2208     0.0015     3.1953     3.1968     0.0015   3.130944   3.131479   0.000534    34.1318    34.1367     6.0134    27.1742    27.1779    261.454  322.93841  323.84882    34.1314    27.1738    1468.33    1468.35     3.1953  1028.9168    34.2927 0.0000e+00
      12318  17.387468  -39.54776  -54.39122      0.989    1468.33    375.000    371.805     3.2183     3.2199     0.0016     3.1943     3.1959     0.0016   3.130823   3.131400   0.000545    34.1316    34.1365     6.0066    27.1741    27.1778    261.159  322.94693  323.85747    34.1304    27.1731    1468.34    1468.36     3.1942  1028.9209    34.2919 0.0000e+00
      12340  17.387478  -39.54776  -54.39122      1.051    1468.33    376.000    372.795     3.2101     3.2105     0.0004     3.1861     3.1865     0.0004   3.130285   3.130652   0.000426    34.1323    34.1370     6.0031    27.1754    27.1791    261.008  323.00998  323.92178    34.1320    27.1751    1468.33    1468.34     3.1860  1028.9279    34.2938 0.0000e+00
      12362  17.387489  -39.54776  -54.39122      1.115    1468.33    377.000    373.786     3.2126     3.2120    -0.0006     3.1885     3.1879    -0.0006   3.130443   3.130838   0.000366    34.1317    34.1367     5.9997    27.1747    27.1788    260.856  322.99160  323.90300    34.1307    27.1739    1468.35    1468.36     3.1884  1028.9313    34.2925 0.0000e+00
      12393  17.387504  -39.54776  -54.39122      0.888    1468.33    378.000    374.776     3.2099     3.2098    -0.0001     3.1857     3.1856    -0.0001   3.130306   3.130687   0.000394    34.1319    34.1367     6.0019    27.1751    27.1790    260.952  323.01248  323.92430    34.1314    27.1747    1468.36    1468.36     3.1857  1028.9367    34.2932 0.0000e+00
      12434  17.387524  -39.54776  -54.39122      0.545    1468.33    379.000    375.767     3.2021     3.2029     0.0008     3.1779     3.1787     0.0008   3.129613   3.130118   0.000499    34.1319    34.1370     6.0051    27.1758    27.1798    261.094  323.07426  323.98726    34.1307    27.1748    1468.34    1468.35     3.1778  1028.9416    34.2924 0.0000e+00
      12463  17.387537  -39.54776  -54.39122      0.737    1468.33    380.000    376.758     3.1890     3.1907     0.0017     3.1647     3.1664     0.0017   3.128461   3.129023   0.000556    34.1321    34.1371     6.0064    27.1772    27.1810    261.150  323.17743  324.09241    34.1300    27.1756    1468.30    1468.31     3.1647  1028.9471    34.2918 0.0000e+00
      12483  17.387547  -39.54774  -54.39122      1.001    1468.33    381.000    377.748     3.1820     3.1822     0.0002     3.1577     3.1579     0.0002   3.128044   3.128479   0.000440    34.1328    34.1379     6.0088    27.1784    27.1824    261.254  323.23138  324.14745    34.1318    27.1776    1468.29    1468.30     3.1576  1028.9538    34.2936 0.0000e+00
      12501  17.387556  -39.54774  -54.39122      1.213    1468.33    382.000    378.739     3.1810     3.1821     0.0011     3.1566     3.1577     0.0011   3.127963   3.128474   0.000516    34.1326    34.1377     5.9999    27.1783    27.1822    260.864  323.24003  324.15624    34.1314    27.1774    1468.30    1468.31     3.1566  1028.9582    34.2932 0.0000e+00
      12518  17.387564  -39.54774  -54.39122      1.354    1468.33    383.000    379.729     3.1789     3.1797     0.0008     3.1545     3.1553     0.0008   3.127842   3.128344   0.000490    34.1327    34.1377     5.9946    27.1786    27.1826    260.637  323.25608  324.17260    34.1315    27.1777    1468.31    1468.32     3.1544  1028.9632    34.2933 0.0000e+00
      12536  17.387573  -39.54774  -54.39122      1.377    1468.33    384.000    380.720     3.1772     3.1784     0.0013     3.1527     3.1539     0.0012   3.127741   3.128265   0.000524    34.1326    34.1376     5.9912    27.1787    27.1826    260.486  323.27001  324.18680    34.1316    27.1779    1468.32    1468.33     3.1527  1028.9681    34.2934 0.0000e+00
      12558  17.387583  -39.54776  -54.39122      1.227    1468.33    385.000    381.710     3.1762     3.1769     0.0007     3.1516     3.1524     0.0007   3.127708   3.128192   0.000485    34.1325    34.1376     5.9927    27.1787    27.1827    260.551  323.27784  324.19477    34.1317    27.1781    1468.33    1468.34     3.1516  1028.9729    34.2935 0.0000e+00
      12586  17.387597  -39.54776  -54.39122      0.945    1468.33    386.000    382.701     3.1760     3.1769     0.0008     3.1514     3.1522     0.0008   3.127751   3.128230   0.000480    34.1325    34.1375     5.9929    27.1787    27.1826    260.563  323.27907  324.19602    34.1318    27.1782    1468.35    1468.36     3.1514  1028.9777    34.2936 0.0000e+00
      12616  17.387611  -39.54776  -54.39122      0.808    1468.33    387.000    383.691     3.1762     3.1769     0.0007     3.1515     3.1522     0.0007   3.127811   3.128280   0.000470    34.1324    34.1373     5.9889    27.1786    27.1825    260.389  323.27797  324.19489    34.1318    27.1782    1468.36    1468.37     3.1515  1028.9823    34.2936 0.0000e+00
      12645  17.387625  -39.54776  -54.39122      0.823    1468.33    388.000    384.682     3.1745     3.1761     0.0016     3.1498     3.1513     0.0016   3.127661   3.128234   0.000553    34.1323    34.1372     5.9873    27.1787    27.1826    260.316  323.29188  324.20906    34.1313    27.1779    1468.37    1468.39     3.1497  1028.9867    34.2930 0.0000e+00
      12674  17.387639  -39.54776  -54.39122      0.830    1468.33    389.000    385.672     3.1693     3.1705     0.0012     3.1445     3.1457     0.0012   3.127294   3.127794   0.000506    34.1325    34.1374     5.9912    27.1794    27.1832    260.488  323.33255  324.25052    34.1318    27.1788    1468.37    1468.38     3.1445  1028.9923    34.2936 0.0000e+00
      12703  17.387653  -39.54776  -54.39122      0.821    1468.33    390.000    386.663     3.1657     3.1657    -0.0000     3.1408     3.1408    -0.0000   3.127014   3.127415   0.000420    34.1325    34.1376     5.9915    27.1797    27.1838    260.502  323.36107  324.27959    34.1317    27.1791    1468.37    1468.37     3.1408  1028.9972    34.2935 0.0000e+00
      12729  17.387666  -39.54776  -54.39122      0.876    1468.33    391.000    387.653     3.1617     3.1618     0.0001     3.1368     3.1369     0.0001   3.126727   3.127125   0.000405    34.1328    34.1376     5.9920    27.1803    27.1841    260.522  323.39208  324.31121    34.1318    27.1796    1468.37    1468.37     3.1368  1029.0024    34.2936 0.0000e+00
      12751  17.387677  -39.54776  -54.39122      0.992    1468.33    392.000    388.644     3.1536     3.1548     0.0012     3.1286     3.1298     0.0012   3.126020   3.126558   0.000524    34.1329    34.1379     5.9959    27.1811    27.1851    260.691  323.45648  324.37685    34.1313    27.1799    1468.35    1468.36     3.1286  1029.0075    34.2931 0.0000e+00
      12771  17.387686  -39.54776  -54.39122      1.121    1468.33    393.000    389.635     3.1489     3.1491     0.0002     3.1239     3.1241     0.0002   3.125722   3.126179   0.000443    34.1332    34.1384     5.9907    27.1819    27.1859    260.464  323.49231  324.41340    34.1321    27.1809    1468.34    1468.35     3.1239  1029.0132    34.2939 0.0000e+00
      12790  17.387695  -39.54776  -54.39122      1.226    1468.33    394.000    390.625     3.1429     3.1452     0.0023     3.1178     3.1201     0.0023   3.125233   3.125769   0.000579    34.1334    34.1380     5.9870    27.1826    27.1860    260.302  323.54006  324.46208    34.1320    27.1815    1468.33    1468.35     3.1178  1029.0184    34.2938 0.0000e+00
      12809  17.387704  -39.54776  -54.39122      1.278    1468.33    395.000    391.616     3.1324     3.1308    -0.0017     3.1073     3.1057    -0.0017   3.124262   3.124591   0.000309    34.1334    34.1389     5.9909    27.1835    27.1880    260.472  323.62284  324.54644    34.1307    27.1814    1468.31    1468.31     3.1073  1029.0231    34.2925 0.0000e+00
      12829  17.387714  -39.54776  -54.39122      1.231    1468.33    396.000    392.606     3.1229     3.1236     0.0007     3.0978     3.0985     0.0007   3.123693   3.124150   0.000460    34.1347    34.1395     5.9927    27.1854    27.1892    260.550  323.69547  324.62057    34.1333    27.1843    1468.29    1468.30     3.0977  1029.0308    34.2951 0.0000e+00
      12854  17.387726  -39.54776  -54.39122      1.073    1468.33    397.000    393.596     3.1222     3.1230     0.0008     3.0970     3.0978     0.0008   3.123643   3.124141   0.000486    34.1344    34.1393     5.9859    27.1852    27.1891    260.256  323.70218  324.62737    34.1330    27.1841    1468.30    1468.31     3.0969  1029.0352    34.2948 0.0000e+00
      12884  17.387740  -39.54776  -54.39122      0.861    1468.33    398.000    394.587     3.1151     3.1161     0.0011     3.0898     3.0909     0.0010   3.123079   3.123574   0.000500    34.1346    34.1395     5.9811    27.1861    27.1899    260.048  323.75796  324.68424    34.1331    27.1848    1468.28    1468.29     3.0898  1029.0407    34.2949 0.0000e+00
      12916  17.387756  -39.54776  -54.39122      0.748    1468.33    399.000    395.577     3.1115     3.1123     0.0007     3.0862     3.0870     0.0007   3.122840   3.123340   0.000506    34.1345    34.1398     5.9746    27.1863    27.1905    259.763  323.78636  324.71317    34.1333    27.1854    1468.29    1468.30     3.0862  1029.0459    34.2952 0.0000e+00
