Pos-Processados/process_op38/operantar38_016b.ros
* Sea-Bird SBE 9 Data File:
* FileName = D:\OPERANTAR_XXXVIII\DADOS\OP38_016b.hdr
* Software Version Seasave V 7.18c
* Temperature SN = 4808
* Conductivity SN = 3380
* Number of Bytes Per Scan = 34
* Number of Voltage Words = 3
* Number of Scans Averaged by the Deck Unit = 1
* NMEA Latitude = 62 13.34 S
* NMEA Longitude = 058 12.67 W
* NMEA UTC (Time) = Nov 05 2019 12:41:07
** H41
** NAVIO POLAR ALMIRANTE MAXIMIANO
** CRUZEIRO:
** OPERANTAR XXXVIII
** ESTAÇÃO: OP38_016b
** LAT 62 13,33' S
** LONG 058 12,64' W
** 09P73767-1155_A
** PROFUNDIDADE: 310
** DATA/HORA: 051240Z/NOV/2019
** OPERADOR: SO-HN CHAVES
# nquan = 27
# nvalues = 2085                                  
# units = specified
# name 0 = scan: Scan Count
# name 1 = timeJ: Julian Days
# name 2 = latitude: Latitude [deg]
# name 3 = longitude: Longitude [deg]
# name 4 = dz/dtM: Descent Rate [m/s]
# name 5 = avgsvCM: Average Sound Velocity [Chen-Millero, m/s]
# name 6 = prDM: Pressure, Digiquartz [db]
# name 7 = depSM: Depth [salt water, m]
# name 8 = t090C: Temperature [ITS-90, deg C]
# name 9 = t190C: Temperature, 2 [ITS-90, deg C]
# name 10 = T2-T190C: Temperature Difference, 2 - 1 [ITS-90, deg C]
# name 11 = potemp090C: Potential Temperature [ITS-90, deg C]
# name 12 = potemp190C: Potential Temperature, 2 [ITS-90, deg C]
# name 13 = potemp90Cdiff: Potential Temperature, Diff, 2 - 1 [ITS-90, deg C]
# name 14 = c0S/m: Conductivity [S/m]
# name 15 = c1S/m: Conductivity, 2 [S/m]
# name 16 = C2-C1S/m: Conductivity Difference, 2 - 1 [S/m]
# name 17 = sal00: Salinity, Practical [PSU]
# name 18 = sal11: Salinity, Practical, 2 [PSU]
# name 19 = sbeox0ML/L: Oxygen, SBE 43 [ml/l]
# name 20 = sigma-é00: Density [sigma-theta, kg/m^3]
# name 21 = sigma-é11: Density, 2 [sigma-theta, kg/m^3]
# name 22 = sbox0Mm/Kg: Oxygen, SBE 43 [umol/kg]
# name 23 = oxsolMm/Kg: Oxygen Saturation, Garcia & Gordon [umol/kg]
# name 24 = oxsatMm/Kg: Oxygen Saturation, Weiss [umol/kg]
# name 25 = nbf: Bottles Fired
# name 26 = flag:  0.000e+00
# interval = seconds: 0.0416667
# start_time = Nov 05 2019 12:41:07 [NMEA time, header]
# bad_flag = -9.990e-29
*END*
[from data line 913]
       1306 309.529183  -62.22236  -58.21132     -0.064       0.00      2.054      2.034    -0.7730    -0.7797    -0.0067    -0.7731    -0.7798    -0.0067   2.775706   2.775659  -0.000047    34.1612    34.1682     7.5782    27.4647    27.4706    329.398  357.41906  359.05462          5  0.000e+00
       1307 309.529183  -62.22236  -58.21132     -0.063       0.00      2.068      2.048    -0.7732    -0.7793    -0.0061    -0.7733    -0.7794    -0.0061   2.775712   2.775596  -0.000116    34.1615    34.1669     7.5781    27.4649    27.4695    329.391  357.41995  359.05556          5  0.000e+00
       1308 309.529184  -62.22236  -58.21132     -0.058       0.00      2.102      2.082    -0.7732    -0.7796    -0.0064    -0.7733    -0.7797    -0.0064   2.775748   2.775515  -0.000232    34.1620    34.1661     7.5779    27.4653    27.4689    329.383  357.41864  359.05428          5  0.000e+00
       1309 309.529184  -62.22236  -58.21132     -0.061       0.00      1.999      1.980    -0.7729    -0.7801    -0.0071    -0.7730    -0.7801    -0.0071   2.775742   2.775406  -0.000336    34.1616    34.1652     7.5776    27.4650    27.4682    329.368  357.41686  359.05242          5  0.000e+00
       1310 309.529185  -62.22236  -58.21132     -0.055       0.00      2.102      2.082    -0.7727    -0.7808    -0.0081    -0.7728    -0.7809    -0.0081   2.775718   2.775337  -0.000381    34.1610    34.1650     7.5826    27.4645    27.4681    329.588  357.41686  359.05235          5  0.000e+00
       1311 309.529185  -62.22236  -58.21132     -0.053       0.00      2.054      2.034    -0.7726    -0.7825    -0.0099    -0.7727    -0.7826    -0.0099   2.775730   2.775291  -0.000439    34.1611    34.1664     7.5831    27.4646    27.4692    329.609  357.41559  359.05106          5  0.000e+00
       1312 309.529185  -62.22236  -58.21132     -0.047       0.00      2.102      2.082    -0.7732    -0.7835    -0.0103    -0.7733    -0.7835    -0.0103   2.775718   2.775234  -0.000484    34.1615    34.1666     7.5846    27.4650    27.4695    329.673  357.41978  359.05540          5  0.000e+00
       1313 309.529186  -62.22236  -58.21132     -0.040       0.00      2.102      2.082    -0.7734    -0.7850    -0.0116    -0.7734    -0.7851    -0.0116   2.775688   2.775171  -0.000517    34.1613    34.1675     7.5800    27.4648    27.4703    329.473  357.42201  359.05765          5  0.000e+00
       1314 309.529186  -62.22236  -58.21132     -0.040       0.00      2.054      2.034    -0.7741    -0.7856    -0.0115    -0.7742    -0.7857    -0.0115   2.775580   2.775125  -0.000456    34.1608    34.1676     7.5799    27.4644    27.4704    329.469  357.43077  359.06654          5  0.000e+00
       1315 309.529187  -62.22236  -58.21132     -0.030       0.00      2.102      2.082    -0.7752    -0.7862    -0.0110    -0.7753    -0.7863    -0.0110   2.775509   2.775096  -0.000413    34.1610    34.1679     7.5799    27.4646    27.4706    329.470  357.44052  359.07655          5  0.000e+00
       1316 309.529187  -62.22236  -58.21132     -0.027       0.00      2.102      2.082    -0.7760    -0.7866    -0.0106    -0.7760    -0.7866    -0.0106   2.775401   2.775073  -0.000328    34.1604    34.1679     7.5799    27.4642    27.4707    329.468  357.44936  359.08552          6  0.000e+00
       1317 309.529188  -62.22236  -58.21132     -0.021       0.00      2.068      2.048    -0.7784    -0.7866    -0.0082    -0.7784    -0.7866    -0.0082   2.775269   2.775021  -0.000248    34.1613    34.1673     7.5801    27.4650    27.4701    329.477  357.46928  359.10600          6  0.000e+00
       1318 309.529188  -62.22236  -58.21132     -0.014       0.00      2.150      2.129    -0.7811    -0.7876    -0.0065    -0.7812    -0.7877    -0.0065   2.775072   2.775010  -0.000062    34.1617    34.1683     7.5805    27.4654    27.4710    329.495  357.49409  359.13143          6  0.000e+00
       1319 309.529189  -62.22236  -58.21132     -0.007       0.00      2.102      2.082    -0.7821    -0.7879    -0.0058    -0.7822    -0.7880    -0.0058   2.774988   2.774975  -0.000013    34.1618    34.1682     7.5804    27.4655    27.4710    329.492  357.50377  359.14134          6  0.000e+00
       1320 309.529189  -62.22236  -58.21132     -0.006       0.00      2.054      2.034    -0.7821    -0.7875    -0.0053    -0.7822    -0.7875    -0.0053   2.774976   2.774998   0.000022    34.1617    34.1680     7.5801    27.4654    27.4708    329.479  357.50414  359.14170          6  0.000e+00
       1321 309.529190  -62.22236  -58.21132      0.001       0.00      2.102      2.082    -0.7824    -0.7870    -0.0046    -0.7824    -0.7871    -0.0046   2.775030   2.775027  -0.000003    34.1626    34.1678     7.5859    27.4662    27.4706    329.730  357.50364  359.14130          6  0.000e+00
       1322 309.529190  -62.22236  -58.21132      0.008       0.00      2.150      2.129    -0.7826    -0.7872    -0.0046    -0.7827    -0.7872    -0.0046   2.775030   2.775021  -0.000009    34.1629    34.1679     7.5873    27.4664    27.4707    329.791  357.50518  359.14291          6  0.000e+00
       1323 309.529191  -62.22236  -58.21132      0.012       0.00      2.102      2.082    -0.7823    -0.7878    -0.0055    -0.7824    -0.7878    -0.0055   2.775006   2.775010   0.000004    34.1622    34.1685     7.5877    27.4659    27.4712    329.810  357.50418  359.14181          6  0.000e+00
       1324 309.529191  -62.22236  -58.21132      0.016       0.00      2.102      2.082    -0.7826    -0.7875    -0.0049    -0.7827    -0.7875    -0.0049   2.775036   2.775016  -0.000021    34.1630    34.1682     7.5831    27.4665    27.4709    329.608  357.50487  359.14260          6  0.000e+00
       1325 309.529192  -62.22236  -58.21132      0.023       0.00      2.150      2.129    -0.7826    -0.7875    -0.0049    -0.7826    -0.7875    -0.0049   2.774994   2.774993  -0.000002    34.1623    34.1679     7.5829    27.4660    27.4707    329.598  357.50618  359.14387          6  0.000e+00
       1326 309.529192  -62.22236  -58.21132      0.026       0.00      2.102      2.082    -0.7826    -0.7873    -0.0047    -0.7827    -0.7874    -0.0047   2.774916   2.774987   0.000070    34.1613    34.1676     7.5826    27.4652    27.4705    329.587  357.50943  359.14707          6  0.000e+00
       1327 309.529193  -62.22236  -58.21132      0.029       0.00      2.122      2.102    -0.7831    -0.7879    -0.0049    -0.7831    -0.7880    -0.0049   2.774869   2.774970   0.000101    34.1612    34.1681     7.5824    27.4651    27.4709    329.580  357.51420  359.15194          6  0.000e+00
       1328 309.529193  -62.22236  -58.21132      0.036       0.00      2.102      2.082    -0.7830    -0.7881    -0.0051    -0.7830    -0.7881    -0.0051   2.774827   2.774958   0.000131    34.1605    34.1681     7.5813    27.4645    27.4709    329.532  357.51503  359.15271          6  0.000e+00
       1329 309.529194  -62.22236  -58.21132      0.040       0.00      2.150      2.129    -0.7837    -0.7886    -0.0049    -0.7837    -0.7886    -0.0049   2.774821   2.774958   0.000137    34.1612    34.1686     7.5812    27.4651    27.4713    329.525  357.51973  359.15759          6  0.000e+00
       1330 309.529194  -62.22236  -58.21132      0.041       0.00      2.102      2.082    -0.7848    -0.7887    -0.0040    -0.7848    -0.7888    -0.0040   2.774815   2.774964   0.000149    34.1624    34.1689     7.5913    27.4661    27.4716    329.966  357.52681  359.16498          6  0.000e+00
       1331 309.529195  -62.22236  -58.21132      0.047       0.00      2.150      2.129    -0.7852    -0.7879    -0.0027    -0.7853    -0.7880    -0.0027   2.774833   2.774981   0.000148    34.1631    34.1682     7.5875    27.4668    27.4710    329.797  357.52913  359.16744          6  0.000e+00
       1332 309.529195  -62.22236  -58.21132      0.050       0.00      2.150      2.129    -0.7852    -0.7883    -0.0030    -0.7853    -0.7883    -0.0030   2.774845   2.774970   0.000125    34.1633    34.1684     7.5878    27.4669    27.4712    329.812  357.52867  359.16699          6  0.000e+00
       1333 309.529196  -62.22236  -58.21132      0.051       0.00      2.102      2.082    -0.7847    -0.7878    -0.0031    -0.7848    -0.7878    -0.0031   2.774857   2.774935   0.000078    34.1629    34.1675     7.5880    27.4665    27.4703    329.820  357.52485  359.16303          6  0.000e+00
       1334 309.529196  -62.22236  -58.21132      0.056       0.00      2.150      2.129    -0.7835    -0.7887    -0.0052    -0.7836    -0.7888    -0.0052   2.774869   2.774947   0.000078    34.1617    34.1686     7.5881    27.4655    27.4713    329.826  357.51717  359.15504          6  0.000e+00
       1335 309.529197  -62.22236  -58.21132      0.056       0.00      2.102      2.082    -0.7834    -0.7887    -0.0053    -0.7834    -0.7888    -0.0053   2.774875   2.774924   0.000049    34.1616    34.1684     7.5831    27.4655    27.4711    329.609  357.51577  359.15359          6  0.000e+00
       1336 309.529197  -62.22236  -58.21132      0.056       0.00      2.150      2.129    -0.7843    -0.7892    -0.0049    -0.7844    -0.7892    -0.0049   2.774845   2.774924   0.000079    34.1623    34.1689     7.5828    27.4660    27.4715    329.596  357.52283  359.16089          6  0.000e+00
       1337 309.529198  -62.22236  -58.21132      0.057       0.00      2.122      2.102    -0.7851    -0.7884    -0.0033    -0.7851    -0.7885    -0.0033   2.774767   2.774947   0.000180    34.1621    34.1683     7.5825    27.4659    27.4711    329.581  357.53049  359.16870          6  0.000e+00
       1338 309.529198  -62.22236  -58.21132      0.060       0.00      2.150      2.129    -0.7860    -0.7889    -0.0028    -0.7861    -0.7889    -0.0028   2.774719   2.774947   0.000228    34.1625    34.1688     7.5873    27.4663    27.4715    329.793  357.53857  359.17702          6  0.000e+00
       1339 309.529198  -62.22236  -58.21132      0.059       0.00      2.102      2.082    -0.7863    -0.7883    -0.0019    -0.7864    -0.7883    -0.0019   2.774689   2.774975   0.000286    34.1625    34.1686     7.5832    27.4663    27.4713    329.614  357.54145  359.17996          6  0.000e+00
       1340 309.529199  -62.22236  -58.21132      0.061       0.00      2.150      2.129    -0.7866    -0.7884    -0.0018    -0.7867    -0.7885    -0.0018   2.774665   2.775010   0.000345    34.1625    34.1692     7.5836    27.4662    27.4717    329.632  357.54427  359.18285          6  0.000e+00
       1341 309.529199  -62.22236  -58.21132      0.056       0.00      2.102      2.082    -0.7874    -0.7883    -0.0009    -0.7874    -0.7883    -0.0009   2.774641   2.775010   0.000368    34.1630    34.1690     7.5884    27.4667    27.4716    329.839  357.54985  359.18862          6  0.000e+00
       1342 309.529200  -62.22236  -58.21132      0.057       0.00      2.150      2.129    -0.7874    -0.7875    -0.0000    -0.7875    -0.7875    -0.0000   2.774629   2.775010   0.000380    34.1629    34.1681     7.5887    27.4666    27.4708    329.854  357.55075  359.18953          6  0.000e+00
       1343 309.529200  -62.22236  -58.21132      0.056       0.00      2.102      2.082    -0.7874    -0.7873     0.0001    -0.7875    -0.7874     0.0001   2.774629   2.775039   0.000409    34.1629    34.1683     7.5889    27.4667    27.4710    329.861  357.55067  359.18945          6  0.000e+00
       1344 309.529201  -62.22236  -58.21132      0.054       0.00      2.102      2.082    -0.7876    -0.7873     0.0002    -0.7876    -0.7874     0.0002   2.774635   2.775056   0.000420    34.1631    34.1686     7.5840    27.4668    27.4712    329.646  357.55117  359.18998          6  0.000e+00
       1345 309.529201  -62.22236  -58.21132      0.052       0.00      2.150      2.129    -0.7876    -0.7866     0.0010    -0.7876    -0.7866     0.0010   2.774635   2.775079   0.000443    34.1631    34.1680     7.5834    27.4668    27.4707    329.623  357.55125  359.19007          6  0.000e+00
       1346 309.529202  -62.22236  -58.21132      0.047       0.00      2.102      2.082    -0.7870    -0.7866     0.0004    -0.7870    -0.7866     0.0004   2.774671   2.775096   0.000425    34.1630    34.1683     7.5827    27.4667    27.4709    329.590  357.54615  359.18483          6  0.000e+00
       1347 309.529202  -62.22236  -58.21132      0.046       0.00      2.122      2.102    -0.7857    -0.7864    -0.0007    -0.7858    -0.7864    -0.0007   2.774725   2.775067   0.000342    34.1622    34.1677     7.5811    27.4660    27.4705    329.519  357.53610  359.17446          6  0.000e+00
       1348 309.529203  -62.22236  -58.21132      0.043       0.00      2.102      2.082    -0.7843    -0.7866    -0.0023    -0.7844    -0.7866    -0.0023   2.774761   2.775090   0.000329    34.1611    34.1682     7.5802    27.4651    27.4709    329.481  357.52594  359.16393          6  0.000e+00
       1349 309.529203  -62.22236  -58.21132      0.041       0.00      2.102      2.082    -0.7837    -0.7856    -0.0020    -0.7837    -0.7857    -0.0020   2.774779   2.775113   0.000334    34.1607    34.1674     7.5802    27.4647    27.4702    329.484  357.52124  359.15907          6  0.000e+00
       1350 309.529204  -62.22236  -58.21132      0.038       0.00      2.102      2.082    -0.7833    -0.7839    -0.0007    -0.7833    -0.7840    -0.0007   2.774827   2.775234   0.000407    34.1609    34.1671     7.5804    27.4648    27.4699    329.489  357.51686  359.15461          6  0.000e+00
       1351 309.529204  -62.22236  -58.21132      0.034       0.00      2.150      2.129    -0.7833    -0.7839    -0.0007    -0.7833    -0.7840    -0.0007   2.774881   2.775343   0.000462    34.1616    34.1686     7.5798    27.4654    27.4711    329.466  357.51489  359.15269          6  0.000e+00
       1352 309.529205  -62.22236  -58.21132      0.028       0.00      2.054      2.034    -0.7826    -0.7825     0.0001    -0.7827    -0.7826     0.0001   2.774952   2.775355   0.000402    34.1619    34.1672     7.5842    27.4656    27.4699    329.655  357.50797  359.14565          6  0.000e+00
       1353 309.529205  -62.22236  -58.21132      0.027       0.00      2.150      2.129    -0.7816    -0.7819    -0.0003    -0.7817    -0.7820    -0.0003   2.775030   2.775429   0.000399    34.1617    34.1675     7.5842    27.4655    27.4701    329.658  357.49897  359.13643          6  0.000e+00
       1354 309.529206  -62.22236  -58.21132      0.024       0.00      2.102      2.082    -0.7805    -0.7814    -0.0010    -0.7805    -0.7815    -0.0010   2.775108   2.775464   0.000356    34.1615    34.1675     7.5849    27.4652    27.4701    329.687  357.48863  359.12582          6  0.000e+00
       1355 309.529206  -62.22236  -58.21132      0.020       0.00      2.102      2.082    -0.7792    -0.7804    -0.0012    -0.7793    -0.7805    -0.0012   2.775126   2.775521   0.000395    34.1604    34.1670     7.5797    27.4643    27.4697    329.460  357.48028  359.11714          6  0.000e+00
       1356 309.529207  -62.22236  -58.21132      0.017       0.00      2.102      2.082    -0.7789    -0.7790    -0.0001    -0.7790    -0.7790    -0.0001   2.775108   2.775584   0.000477    34.1597    34.1663     7.5790    27.4637    27.4690    329.432  357.47877  359.11552          6  0.000e+00
       1357 309.529207  -62.22236  -58.21132      0.017       0.00      2.122      2.102    -0.7799    -0.7787     0.0012    -0.7799    -0.7787     0.0012   2.775108   2.775590   0.000482    34.1608    34.1660     7.5786    27.4647    27.4688    329.413  357.48501  359.12204          6  0.000e+00
       1358 309.529208  -62.22236  -58.21132      0.010       0.00      2.102      2.082    -0.7794    -0.7784     0.0010    -0.7794    -0.7784     0.0010   2.775120   2.775567   0.000447    34.1604    34.1653     7.5779    27.4643    27.4683    329.381  357.48124  359.11812          6  0.000e+00
