Pos-Processados/process_op38/operantar38_014.ros
* Sea-Bird SBE 9 Data File:
* FileName = D:\OPERANTAR_XXXVIII\DADOS\OP38_014.hdr
* Software Version Seasave V 7.18c
* Temperature SN = 4808
* Conductivity SN = 3380
* Number of Bytes Per Scan = 34
* Number of Voltage Words = 3
* Number of Scans Averaged by the Deck Unit = 1
* NMEA Latitude = 62 11.37 S
* NMEA Longitude = 058 03.45 W
* NMEA UTC (Time) = Nov 05 2019 06:03:04
** H41
** NAVIO POLAR ALMIRANTE MAXIMIANO
** CRUZEIRO:
** OPERANTAR XXXVIII
** ESTAÇÃO: OP38_014
** LAT 62 11,38' S
** LONG 058 03,41' W
** 09P73767-1155_A
** PROFUNDIDADE: 480
** DATA/HORA: 050604Z/NOV/2019
** OPERADOR: SO-HN CHAVES
# nquan = 27
# nvalues = 2172                                  
# units = specified
# name 0 = scan: Scan Count
# name 1 = timeJ: Julian Days
# name 2 = latitude: Latitude [deg]
# name 3 = longitude: Longitude [deg]
# name 4 = dz/dtM: Descent Rate [m/s]
# name 5 = avgsvCM: Average Sound Velocity [Chen-Millero, m/s]
# name 6 = prDM: Pressure, Digiquartz [db]
# name 7 = depSM: Depth [salt water, m]
# name 8 = t090C: Temperature [ITS-90, deg C]
# name 9 = t190C: Temperature, 2 [ITS-90, deg C]
# name 10 = T2-T190C: Temperature Difference, 2 - 1 [ITS-90, deg C]
# name 11 = potemp090C: Potential Temperature [ITS-90, deg C]
# name 12 = potemp190C: Potential Temperature, 2 [ITS-90, deg C]
# name 13 = potemp90Cdiff: Potential Temperature, Diff, 2 - 1 [ITS-90, deg C]
# name 14 = c0S/m: Conductivity [S/m]
# name 15 = c1S/m: Conductivity, 2 [S/m]
# name 16 = C2-C1S/m: Conductivity Difference, 2 - 1 [S/m]
# name 17 = sal00: Salinity, Practical [PSU]
# name 18 = sal11: Salinity, Practical, 2 [PSU]
# name 19 = sbeox0ML/L: Oxygen, SBE 43 [ml/l]
# name 20 = sigma-é00: Density [sigma-theta, kg/m^3]
# name 21 = sigma-é11: Density, 2 [sigma-theta, kg/m^3]
# name 22 = sbox0Mm/Kg: Oxygen, SBE 43 [umol/kg]
# name 23 = oxsolMm/Kg: Oxygen Saturation, Garcia & Gordon [umol/kg]
# name 24 = oxsatMm/Kg: Oxygen Saturation, Weiss [umol/kg]
# name 25 = nbf: Bottles Fired
# name 26 = flag:  0.000e+00
# interval = seconds: 0.0416667
# start_time = Nov 05 2019 06:03:04 [NMEA time, header]
# bad_flag = -9.990e-29
*END*
[from data line 752]
      26227 309.264777  -62.18962  -58.05752     -0.022    1448.26     13.138     13.011    -0.7296    -0.7290     0.0006    -0.7300    -0.7294     0.0006   2.779317   2.779714   0.000397    34.1541    34.1587     7.6797    27.4571    27.4609    333.811  357.02893  358.65472          4  0.000e+00
      26228 309.264778  -62.18962  -58.05752     -0.024    1448.26     13.083     12.957    -0.7298    -0.7295     0.0003    -0.7302    -0.7298     0.0003   2.779305   2.779691   0.000386    34.1541    34.1590     7.6792    27.4572    27.4611    333.787  357.03038  358.65621          4  0.000e+00
      26229 309.264778  -62.18962  -58.05752     -0.017    1448.26     13.138     13.011    -0.7296    -0.7292     0.0004    -0.7300    -0.7296     0.0004   2.779305   2.779696   0.000392    34.1539    34.1588     7.6786    27.4570    27.4609    333.763  357.02938  358.65517          4  0.000e+00
      26230 309.264779  -62.18962  -58.05752     -0.010    1448.26     13.158     13.031    -0.7296    -0.7295     0.0001    -0.7300    -0.7299     0.0001   2.779305   2.779714   0.000409    34.1539    34.1593     7.6788    27.4570    27.4614    333.772  357.02942  358.65520          4  0.000e+00
      26231 309.264779  -62.18962  -58.05752     -0.007    1448.26     13.138     13.011    -0.7296    -0.7303    -0.0007    -0.7300    -0.7307    -0.0007   2.779305   2.779685   0.000380    34.1539    34.1598     7.6730    27.4570    27.4618    333.520  357.02938  358.65517          4  0.000e+00
      26232 309.264780  -62.18962  -58.05752     -0.000    1448.26     13.138     13.011    -0.7294    -0.7301    -0.0006    -0.7298    -0.7304    -0.0006   2.779317   2.779708   0.000391    34.1539    34.1599     7.6724    27.4570    27.4619    333.493  357.02784  358.65358          4  0.000e+00
      26233 309.264780  -62.18962  -58.05752      0.003    1448.26     13.138     13.011    -0.7296    -0.7298    -0.0002    -0.7299    -0.7301    -0.0002   2.779329   2.779702   0.000374    34.1542    34.1595     7.6762    27.4572    27.4615    333.659  357.02811  358.65390          4  0.000e+00
      26234 309.264781  -62.18962  -58.05752      0.008    1448.26     13.138     13.011    -0.7294    -0.7295    -0.0001    -0.7298    -0.7299    -0.0001   2.779311   2.779673   0.000363    34.1538    34.1588     7.6764    27.4569    27.4610    333.667  357.02806  358.65380          4  0.000e+00
      26235 309.264781  -62.18962  -58.05752      0.011    1448.26     13.186     13.059    -0.7294    -0.7295    -0.0000    -0.7298    -0.7299    -0.0000   2.779323   2.779673   0.000351    34.1539    34.1587     7.6767    27.4570    27.4609    333.678  357.02769  358.65344          4  0.000e+00
      26236 309.264782  -62.18962  -58.05752      0.013    1448.26     13.110     12.984    -0.7294    -0.7292     0.0002    -0.7298    -0.7296     0.0002   2.779334   2.779685   0.000350    34.1541    34.1586     7.6716    27.4572    27.4608    333.457  357.02711  358.65287          4  0.000e+00
      26238 309.264783  -62.18962  -58.05752      0.025    1448.26     13.138     13.011    -0.7292    -0.7292    -0.0000    -0.7295    -0.7295    -0.0000   2.779334   2.779708   0.000373    34.1538    34.1589     7.6705    27.4569    27.4610    333.410  357.02534  358.65101          5  0.000e+00
      26239 309.264783  -62.18962  -58.05752      0.025    1448.26     13.138     13.011    -0.7294    -0.7291     0.0004    -0.7298    -0.7294     0.0004   2.779352   2.779668   0.000315    34.1544    34.1582     7.6744    27.4574    27.4605    333.580  357.02647  358.65224          5  0.000e+00
      26240 309.264783  -62.18962  -58.05752      0.030    1448.26     13.186     13.059    -0.7294    -0.7298    -0.0003    -0.7298    -0.7301    -0.0003   2.779317   2.779662   0.000345    34.1538    34.1589     7.6696    27.4570    27.4610    333.370  357.02792  358.65366          5  0.000e+00
      26241 309.264784  -62.18962  -58.05752      0.036    1448.26     13.186     13.059    -0.7293    -0.7300    -0.0007    -0.7297    -0.7304    -0.0007   2.779323   2.779633   0.000311    34.1538    34.1588     7.6734    27.4569    27.4609    333.538  357.02696  358.65268          5  0.000e+00
      26242 309.264784  -62.18962  -58.05752      0.033    1448.26     13.035     12.909    -0.7293    -0.7301    -0.0007    -0.7297    -0.7304    -0.0007   2.779322   2.779656   0.000334    34.1539    34.1593     7.6684    27.4570    27.4614    333.318  357.02670  358.65242          5  0.000e+00
      26243 309.264785  -62.18962  -58.05752      0.043    1448.26     13.309     13.181    -0.7291    -0.7296    -0.0005    -0.7295    -0.7300    -0.0005   2.779347   2.779673   0.000327    34.1538    34.1588     7.6733    27.4569    27.4610    333.531  357.02481  358.65048          5  0.000e+00
      26244 309.264785  -62.18962  -58.05752      0.042    1448.26     13.138     13.011    -0.7294    -0.7301    -0.0007    -0.7298    -0.7305    -0.0007   2.779317   2.779645   0.000328    34.1539    34.1591     7.6683    27.4570    27.4612    333.315  357.02784  358.65358          5  0.000e+00
      26245 309.264786  -62.18962  -58.05752      0.047    1448.26     13.185     13.059    -0.7293    -0.7298    -0.0004    -0.7297    -0.7301    -0.0004   2.779305   2.779604   0.000300    34.1536    34.1581     7.6723    27.4567    27.4604    333.487  357.02765  358.65335          5  0.000e+00
      26246 309.264786  -62.18962  -58.05752      0.049    1448.26     13.185     13.059    -0.7293    -0.7304    -0.0011    -0.7297    -0.7308    -0.0011   2.779340   2.779627   0.000287    34.1540    34.1592     7.6674    27.4571    27.4613    333.273  357.02628  358.65201          5  0.000e+00
      26247 309.264787  -62.18962  -58.05752      0.052    1448.26     13.185     13.059    -0.7296    -0.7299    -0.0003    -0.7300    -0.7303    -0.0003   2.779329   2.779622   0.000293    34.1542    34.1585     7.6662    27.4573    27.4608    333.221  357.02856  358.65436          5  0.000e+00
      26248 309.264787  -62.18962  -58.05752      0.054    1448.26     13.185     13.059    -0.7293    -0.7293     0.0000    -0.7297    -0.7297     0.0000   2.779329   2.779593   0.000264    34.1539    34.1574     7.6657    27.4570    27.4599    333.200  357.02674  358.65246          5  0.000e+00
      26249 309.264788  -62.18962  -58.05752      0.053    1448.26     13.158     13.031    -0.7296    -0.7299    -0.0002    -0.7300    -0.7302    -0.0002   2.779311   2.779593   0.000282    34.1540    34.1581     7.6653    27.4571    27.4604    333.183  357.02919  358.65498          5  0.000e+00
      26250 309.264788  -62.18962  -58.05752      0.058    1448.26     13.185     13.059    -0.7293    -0.7302    -0.0009    -0.7297    -0.7306    -0.0009   2.779305   2.779587   0.000283    34.1536    34.1584     7.6649    27.4567    27.4607    333.165  357.02765  358.65335          5  0.000e+00
      26251 309.264789  -62.18962  -58.05752      0.059    1448.26     13.185     13.059    -0.7293    -0.7317    -0.0024    -0.7297    -0.7321    -0.0024   2.779323   2.779512   0.000190    34.1538    34.1590     7.6697    27.4569    27.4613    333.374  357.02696  358.65268          5  0.000e+00
      26252 309.264789  -62.18962  -58.05752      0.059    1448.26     13.185     13.059    -0.7294    -0.7333    -0.0039    -0.7298    -0.7337    -0.0039   2.779340   2.779484   0.000143    34.1542    34.1605     7.6649    27.4572    27.4625    333.168  357.02701  358.65277          5  0.000e+00
      26253 309.264790  -62.18962  -58.05752      0.058    1448.26     13.185     13.059    -0.7293    -0.7332    -0.0039    -0.7297    -0.7336    -0.0039   2.779335   2.779484   0.000149    34.1540    34.1604     7.6646    27.4570    27.4624    333.153  357.02651  358.65223          5  0.000e+00
      26254 309.264790  -62.18962  -58.05752      0.061    1448.26     13.233     13.106    -0.7293    -0.7323    -0.0030    -0.7296    -0.7327    -0.0030   2.779335   2.779484   0.000149    34.1539    34.1593     7.6643    27.4570    27.4615    333.142  357.02623  358.65194          5  0.000e+00
      26255 309.264791  -62.18962  -58.05752      0.059    1448.26     13.158     13.031    -0.7296    -0.7321    -0.0025    -0.7300    -0.7325    -0.0025   2.779311   2.779449   0.000139    34.1540    34.1587     7.6684    27.4571    27.4610    333.321  357.02919  358.65498          5  0.000e+00
      26256 309.264791  -62.18962  -58.05752      0.059    1448.26     13.185     13.059    -0.7293    -0.7326    -0.0033    -0.7297    -0.7330    -0.0033   2.779317   2.779449   0.000133    34.1537    34.1592     7.6637    27.4568    27.4614    333.116  357.02719  358.65290          5  0.000e+00
      26257 309.264792  -62.18962  -58.05752      0.064    1448.26     13.233     13.106    -0.7294    -0.7340    -0.0045    -0.7298    -0.7343    -0.0045   2.779305   2.779438   0.000133    34.1537    34.1606     7.6636    27.4568    27.4626    333.108  357.02846  358.65419          5  0.000e+00
      26258 309.264792  -62.18962  -58.05752      0.060    1448.26     13.138     13.011    -0.7294    -0.7347    -0.0053    -0.7298    -0.7351    -0.0053   2.779340   2.779472   0.000132    34.1542    34.1620     7.6632    27.4572    27.4637    333.093  357.02693  358.65269          5  0.000e+00
      26259 309.264793  -62.18962  -58.05752      0.059    1448.26     13.233     13.106    -0.7296    -0.7345    -0.0049    -0.7300    -0.7348    -0.0049   2.779317   2.779467   0.000150    34.1540    34.1615     7.6632    27.4571    27.4634    333.091  357.02910  358.65488          5  0.000e+00
      26260 309.264793  -62.18962  -58.05752      0.059    1448.26     13.185     13.059    -0.7293    -0.7344    -0.0051    -0.7297    -0.7348    -0.0051   2.779323   2.779438   0.000115    34.1538    34.1611     7.6629    27.4569    27.4630    333.079  357.02696  358.65268          5  0.000e+00
      26261 309.264794  -62.18962  -58.05752      0.059    1448.26     13.213     13.086    -0.7296    -0.7342    -0.0045    -0.7300    -0.7345    -0.0045   2.779323   2.779415   0.000092    34.1541    34.1605     7.6628    27.4572    27.4625    333.077  357.02883  358.65463          5  0.000e+00
      26262 309.264794  -62.18962  -58.05752      0.057    1448.26     13.185     13.058    -0.7294    -0.7340    -0.0045    -0.7298    -0.7343    -0.0045   2.779329   2.779444   0.000115    34.1540    34.1607     7.6627    27.4571    27.4627    333.070  357.02747  358.65322          5  0.000e+00
      26263 309.264795  -62.18962  -58.05752      0.058    1448.26     13.185     13.058    -0.7294    -0.7333    -0.0039    -0.7298    -0.7337    -0.0039   2.779311   2.779421   0.000110    34.1538    34.1597     7.6626    27.4569    27.4618    333.068  357.02815  358.65388          5  0.000e+00
      26264 309.264795  -62.18962  -58.05752      0.058    1448.26     13.233     13.106    -0.7296    -0.7325    -0.0029    -0.7299    -0.7328    -0.0029   2.779323   2.779444   0.000121    34.1540    34.1589     7.6627    27.4571    27.4612    333.069  357.02850  358.65428          5  0.000e+00
      26265 309.264796  -62.18962  -58.05752      0.055    1448.26     13.185     13.058    -0.7294    -0.7313    -0.0019    -0.7298    -0.7317    -0.0019   2.779311   2.779461   0.000150    34.1538    34.1579     7.6626    27.4569    27.4603    333.066  357.02815  358.65388          5  0.000e+00
      26266 309.264796  -62.18962  -58.05752      0.054    1448.26     13.185     13.058    -0.7294    -0.7313    -0.0019    -0.7298    -0.7317    -0.0019   2.779293   2.779518   0.000226    34.1535    34.1587     7.6626    27.4567    27.4610    333.069  357.02883  358.65455          5  0.000e+00
      26267 309.264796  -62.18962  -58.05752      0.053    1448.26     13.233     13.106    -0.7296    -0.7309    -0.0013    -0.7300    -0.7313    -0.0013   2.779281   2.779501   0.000220    34.1535    34.1580     7.6628    27.4567    27.4604    333.075  357.03046  358.65622          5  0.000e+00
      26268 309.264797  -62.18962  -58.05752      0.052    1448.26     13.158     13.031    -0.7293    -0.7301    -0.0007    -0.7297    -0.7304    -0.0007   2.779299   2.779524   0.000225    34.1535    34.1574     7.6627    27.4567    27.4598    333.073  357.02783  358.65352          5  0.000e+00
      26269 309.264797  -62.18962  -58.05752      0.048    1448.26     13.185     13.058    -0.7293    -0.7306    -0.0013    -0.7297    -0.7310    -0.0013   2.779340   2.779518   0.000178    34.1540    34.1579     7.6629    27.4571    27.4603    333.079  357.02628  358.65201          5  0.000e+00
      26270 309.264798  -62.18962  -58.05752      0.047    1448.26     13.233     13.106    -0.7294    -0.7309    -0.0014    -0.7298    -0.7312    -0.0014   2.779341   2.779587   0.000247    34.1541    34.1591     7.6631    27.4572    27.4613    333.089  357.02709  358.65285          5  0.000e+00
      26271 309.264798  -62.18962  -58.05752      0.046    1448.26     13.185     13.058    -0.7296    -0.7309    -0.0013    -0.7300    -0.7313    -0.0013   2.779340   2.779581   0.000241    34.1544    34.1591     7.6633    27.4574    27.4613    333.096  357.02810  358.65391          5  0.000e+00
      26272 309.264799  -62.18962  -58.05752      0.040    1448.26     13.185     13.058    -0.7292    -0.7315    -0.0023    -0.7295    -0.7319    -0.0023   2.779311   2.779581   0.000271    34.1534    34.1598     7.6634    27.4566    27.4618    333.104  357.02633  358.65198          5  0.000e+00
      26273 309.264799  -62.18962  -58.05752      0.041    1448.26     13.185     13.058    -0.7294    -0.7307    -0.0013    -0.7298    -0.7311    -0.0013   2.779305   2.779593   0.000288    34.1537    34.1590     7.6638    27.4568    27.4612    333.117  357.02837  358.65411          5  0.000e+00
      26274 309.264800  -62.18962  -58.05752      0.038    1448.26     13.213     13.086    -0.7294    -0.7309    -0.0015    -0.7298    -0.7313    -0.0015   2.779323   2.779587   0.000265    34.1539    34.1592     7.6700    27.4570    27.4613    333.390  357.02774  358.65349          5  0.000e+00
      26275 309.264800  -62.18962  -58.05752      0.036    1448.26     13.185     13.058    -0.7297    -0.7309    -0.0011    -0.7301    -0.7312    -0.0011   2.779293   2.779593   0.000300    34.1539    34.1592     7.6660    27.4570    27.4613    333.215  357.03065  358.65645          5  0.000e+00
      26276 309.264801  -62.18962  -58.05752      0.035    1448.26     13.185     13.058    -0.7299    -0.7309    -0.0010    -0.7303    -0.7313    -0.0010   2.779287   2.779627   0.000341    34.1540    34.1597     7.6664    27.4571    27.4618    333.232  357.03197  358.65782          5  0.000e+00
      26277 309.264801  -62.18962  -58.05752      0.029    1448.26     13.185     13.058    -0.7294    -0.7309    -0.0014    -0.7298    -0.7312    -0.0014   2.779281   2.779645   0.000364    34.1534    34.1599     7.6719    27.4566    27.4619    333.470  357.02928  358.65500          5  0.000e+00
      26278 309.264802  -62.18962  -58.05752      0.027    1448.26     13.185     13.058    -0.7299    -0.7312    -0.0013    -0.7303    -0.7316    -0.0013   2.779281   2.779639   0.000358    34.1539    34.1602     7.6731    27.4570    27.4622    333.524  357.03220  358.65804          5  0.000e+00
      26279 309.264802  -62.18962  -58.05752      0.026    1448.26     13.185     13.058    -0.7299    -0.7309    -0.0010    -0.7303    -0.7313    -0.0010   2.779263   2.779604   0.000342    34.1536    34.1594     7.6691    27.4568    27.4615    333.350  357.03288  358.65871          5  0.000e+00
      26280 309.264803  -62.18962  -58.05752      0.025    1448.26     13.213     13.086    -0.7301    -0.7309    -0.0008    -0.7305    -0.7312    -0.0008   2.779275   2.779610   0.000336    34.1540    34.1594     7.6740    27.4571    27.4615    333.560  357.03356  358.65945          5  0.000e+00
