Pos-Processados/process_op38/operantar38_018.ros
* Sea-Bird SBE 9 Data File:
* FileName = D:\OPERANTAR_XXXVIII\DADOS\OP38_018.hdr
* Software Version Seasave V 7.18c
* Temperature SN = 4808
* Conductivity SN = 3380
* Number of Bytes Per Scan = 34
* Number of Voltage Words = 3
* Number of Scans Averaged by the Deck Unit = 1
* NMEA Latitude = 62 10.02 S
* NMEA Longitude = 058 22.53 W
* NMEA UTC (Time) = Nov 05 2019 17:24:22
** H41
** NAVIO POLAR ALMIRANTE MAXIMIANO
** CRUZEIRO:
** OPERANTAR XXXVIII
** ESTAÇÃO: OP38_018
** LAT 62 10,02' S
** LONG 058 22,49' W
** 09P73767-1155_A
** PROFUNDIDADE: 447
** DATA/HORA: 051724Z/NOV/2019
** OPERADOR: SO-HN CHAVES
# nquan = 26
# nvalues = 1954                                  
# units = specified
# name 0 = scan: Scan Count
# name 1 = timeJ: Julian Days
# name 2 = latitude: Latitude [deg]
# name 3 = longitude: Longitude [deg]
# name 4 = dz/dtM: Descent Rate [m/s]
# name 5 = avgsvCM: Average Sound Velocity [Chen-Millero, m/s]
# name 6 = prDM: Pressure, Digiquartz [db]
# name 7 = depSM: Depth [salt water, m]
# name 8 = t090C: Temperature [ITS-90, deg C]
# name 9 = t190C: Temperature, 2 [ITS-90, deg C]
# name 10 = T2-T190C: Temperature Difference, 2 - 1 [ITS-90, deg C]
# name 11 = potemp090C: Potential Temperature [ITS-90, deg C]
# name 12 = potemp190C: Potential Temperature, 2 [ITS-90, deg C]
# name 13 = potemp90Cdiff: Potential Temperature, Diff, 2 - 1 [ITS-90, deg C]
# name 14 = c0S/m: Conductivity [S/m]
# name 15 = c1S/m: Conductivity, 2 [S/m]
# name 16 = C2-C1S/m: Conductivity Difference, 2 - 1 [S/m]
# name 17 = sal00: Salinity, Practical [PSU]
# name 18 = sal11: Salinity, Practical, 2 [PSU]
# name 19 = sbeox0ML/L: Oxygen, SBE 43 [ml/l]
# name 20 = sbeox1ML/L: Oxygen, SBE 43, 2 [ml/l]
# name 21 = sbeox0ML/Ldiff: Oxygen, SBE 43, Diff, 2 - 1 [ml/l]
# name 22 = sigma-é00: Density [sigma-theta, kg/m^3]
# name 23 = sigma-é11: Density, 2 [sigma-theta, kg/m^3]
# name 24 = nbf: Bottles Fired
# name 25 = flag:  0.000e+00
# interval = seconds: 0.0416667
# start_time = Nov 05 2019 17:24:22 [NMEA time, header]
# bad_flag = -9.990e-29
*END*
[from data line 781]
      33860 309.741583  -62.16700  -58.37554     -0.004    1448.15     30.881     30.582    -0.7844    -0.7872    -0.0028    -0.7853    -0.7880    -0.0028   2.777467   2.777678   0.000212    34.1800    34.1860     7.5647     7.2289    -0.3358    27.4804    27.4854          5  0.000e+00
      33861 309.741584  -62.16700  -58.37554     -0.006    1448.15     30.922     30.623    -0.7845    -0.7872    -0.0027    -0.7853    -0.7880    -0.0027   2.777491   2.777655   0.000165    34.1804    34.1857     7.5645     7.2291    -0.3355    27.4807    27.4851          5  0.000e+00
      33862 309.741584  -62.16700  -58.37554     -0.009    1448.15     30.881     30.582    -0.7843    -0.7879    -0.0036    -0.7852    -0.7888    -0.0036   2.777479   2.777667   0.000188    34.1801    34.1868     7.5642     7.2293    -0.3350    27.4804    27.4860          5  0.000e+00
      33863 309.741585  -62.16700  -58.37554     -0.010    1448.15     30.881     30.582    -0.7843    -0.7881    -0.0038    -0.7852    -0.7889    -0.0038   2.777497   2.777638   0.000141    34.1803    34.1865     7.5640     7.2342    -0.3298    27.4806    27.4858          5  0.000e+00
      33864 309.741585  -62.16700  -58.37554     -0.010    1448.15     30.922     30.623    -0.7840    -0.7884    -0.0044    -0.7849    -0.7893    -0.0044   2.777521   2.777644   0.000123    34.1803    34.1869     7.5638     7.2285    -0.3353    27.4806    27.4862          5  0.000e+00
      33865 309.741586  -62.16700  -58.37554     -0.012    1448.15     30.881     30.582    -0.7840    -0.7884    -0.0045    -0.7848    -0.7893    -0.0045   2.777509   2.777592   0.000083    34.1801    34.1863     7.5636     7.2345    -0.3291    27.4804    27.4856          5  0.000e+00
      33866 309.741586  -62.16700  -58.37554     -0.014    1448.15     30.922     30.623    -0.7835    -0.7887    -0.0052    -0.7844    -0.7896    -0.0052   2.777503   2.777609   0.000107    34.1795    34.1868     7.5694     7.2359    -0.3335    27.4800    27.4861          5  0.000e+00
      33867 309.741587  -62.16700  -58.37554     -0.016    1448.15     30.881     30.582    -0.7834    -0.7887    -0.0053    -0.7842    -0.7896    -0.0053   2.777544   2.777627   0.000082    34.1799    34.1871     7.5647     7.2313    -0.3334    27.4803    27.4863          5  0.000e+00
      33868 309.741587  -62.16700  -58.37554     -0.017    1448.15     30.881     30.582    -0.7833    -0.7889    -0.0056    -0.7841    -0.7897    -0.0056   2.777532   2.777604   0.000071    34.1796    34.1869     7.5705     7.2315    -0.3390    27.4800    27.4862          5  0.000e+00
      33869 309.741588  -62.16700  -58.37554     -0.017    1448.15     30.922     30.623    -0.7833    -0.7887    -0.0054    -0.7842    -0.7896    -0.0054   2.777527   2.777615   0.000089    34.1796    34.1869     7.5711     7.2318    -0.3393    27.4800    27.4862          5  0.000e+00
      33870 309.741588  -62.16700  -58.37554     -0.021    1448.15     30.881     30.582    -0.7830    -0.7886    -0.0056    -0.7838    -0.7894    -0.0056   2.777526   2.777627   0.000100    34.1792    34.1869     7.5716     7.2320    -0.3396    27.4797    27.4862          5  0.000e+00
      33871 309.741589  -62.16700  -58.37554     -0.021    1448.15     30.867     30.568    -0.7833    -0.7887    -0.0055    -0.7841    -0.7896    -0.0055   2.777526   2.777644   0.000117    34.1795    34.1873     7.5669     7.2311    -0.3358    27.4800    27.4865          5  0.000e+00
      33872 309.741589  -62.16700  -58.37554     -0.025    1448.15     30.881     30.582    -0.7833    -0.7885    -0.0053    -0.7841    -0.7894    -0.0053   2.777586   2.777632   0.000046    34.1803    34.1870     7.5666     7.2302    -0.3364    27.4806    27.4862          5  0.000e+00
      33873 309.741590  -62.16700  -58.37554     -0.026    1448.15     30.881     30.582    -0.7832    -0.7886    -0.0054    -0.7841    -0.7894    -0.0054   2.777568   2.777661   0.000093    34.1800    34.1874     7.5664     7.2305    -0.3358    27.4804    27.4865          5  0.000e+00
      33874 309.741590  -62.16700  -58.37554     -0.025    1448.15     30.922     30.623    -0.7830    -0.7884    -0.0054    -0.7838    -0.7893    -0.0054   2.777556   2.777638   0.000082    34.1796    34.1869     7.5661     7.2297    -0.3364    27.4800    27.4861          5  0.000e+00
      33875 309.741590  -62.16700  -58.37554     -0.029    1448.15     30.826     30.528    -0.7825    -0.7884    -0.0059    -0.7834    -0.7893    -0.0059   2.777574   2.777661   0.000087    34.1794    34.1872     7.5657     7.2288    -0.3369    27.4798    27.4864          5  0.000e+00
      33876 309.741591  -62.16700  -58.37554     -0.025    1448.15     30.922     30.623    -0.7826    -0.7883    -0.0056    -0.7835    -0.7891    -0.0056   2.777562   2.777678   0.000116    34.1793    34.1872     7.5655     7.2293    -0.3363    27.4797    27.4864          5  0.000e+00
      33877 309.741591  -62.16700  -58.37554     -0.026    1448.15     30.881     30.582    -0.7824    -0.7884    -0.0060    -0.7832    -0.7893    -0.0060   2.777574   2.777655   0.000081    34.1792    34.1871     7.5652     7.2297    -0.3355    27.4797    27.4863          5  0.000e+00
      33878 309.741592  -62.16700  -58.37554     -0.027    1448.15     30.867     30.568    -0.7823    -0.7884    -0.0061    -0.7832    -0.7893    -0.0061   2.777580   2.777649   0.000069    34.1792    34.1870     7.5649     7.2290    -0.3359    27.4797    27.4863          5  0.000e+00
      33879 309.741592  -62.16700  -58.37554     -0.028    1448.15     30.881     30.582    -0.7821    -0.7884    -0.0063    -0.7830    -0.7893    -0.0063   2.777580   2.777667   0.000086    34.1790    34.1873     7.5646     7.2282    -0.3364    27.4795    27.4864          5  0.000e+00
      33880 309.741593  -62.16700  -58.37554     -0.028    1448.15     30.881     30.582    -0.7821    -0.7884    -0.0063    -0.7830    -0.7893    -0.0063   2.777580   2.777655   0.000075    34.1790    34.1871     7.5644     7.2275    -0.3368    27.4795    27.4863          5  0.000e+00
      33881 309.741593  -62.16700  -58.37554     -0.030    1448.15     30.867     30.568    -0.7823    -0.7881    -0.0058    -0.7831    -0.7889    -0.0058   2.777580   2.777667   0.000086    34.1791    34.1869     7.5649     7.2267    -0.3382    27.4796    27.4862          5  0.000e+00
      33882 309.741594  -62.16700  -58.37554     -0.030    1448.15     30.881     30.582    -0.7823    -0.7881    -0.0058    -0.7832    -0.7889    -0.0058   2.777580   2.777678   0.000098    34.1792    34.1871     7.5647     7.2331    -0.3316    27.4797    27.4863          5  0.000e+00
      33883 309.741594  -62.16700  -58.37554     -0.031    1448.15     30.867     30.568    -0.7823    -0.7883    -0.0059    -0.7832    -0.7891    -0.0059   2.777580   2.777655   0.000075    34.1792    34.1870     7.5645     7.2348    -0.3297    27.4797    27.4862          5  0.000e+00
      33884 309.741595  -62.16700  -58.37554     -0.031    1448.15     30.881     30.582    -0.7821    -0.7886    -0.0064    -0.7830    -0.7894    -0.0064   2.777598   2.777690   0.000091    34.1792    34.1878     7.5642     7.2353    -0.3290    27.4797    27.4869          5  0.000e+00
      33885 309.741595  -62.16700  -58.37554     -0.034    1448.15     30.826     30.528    -0.7821    -0.7884    -0.0063    -0.7829    -0.7893    -0.0063   2.777604   2.777661   0.000057    34.1793    34.1872     7.5639     7.2297    -0.3342    27.4797    27.4864          5  0.000e+00
      33886 309.741596  -62.16700  -58.37554     -0.031    1448.15     30.867     30.568    -0.7819    -0.7885    -0.0067    -0.7827    -0.7894    -0.0067   2.777604   2.777667   0.000062    34.1790    34.1874     7.5637     7.2290    -0.3347    27.4795    27.4866          5  0.000e+00
      33887 309.741596  -62.16700  -58.37554     -0.033    1448.15     30.881     30.582    -0.7817    -0.7884    -0.0067    -0.7825    -0.7893    -0.0067   2.777628   2.777678   0.000050    34.1791    34.1874     7.5634     7.2282    -0.3352    27.4796    27.4866          5  0.000e+00
      33888 309.741597  -62.16700  -58.37554     -0.040    1448.15     30.867     30.568    -0.7816    -0.7886    -0.0070    -0.7824    -0.7894    -0.0070   2.777634   2.777655   0.000021    34.1791    34.1873     7.5632     7.2286    -0.3345    27.4795    27.4865          5  0.000e+00
      33889 309.741597  -62.16700  -58.37554     -0.033    1448.15     30.881     30.582    -0.7817    -0.7890    -0.0073    -0.7826    -0.7899    -0.0073   2.777574   2.777690   0.000115    34.1785    34.1883     7.5630     7.2292    -0.3338    27.4790    27.4873          5  0.000e+00
      33890 309.741598  -62.16700  -58.37554     -0.032    1448.15     30.881     30.582    -0.7820    -0.7886    -0.0065    -0.7829    -0.7894    -0.0065   2.777592   2.777661   0.000069    34.1790    34.1874     7.5628     7.2297    -0.3332    27.4795    27.4865          5  0.000e+00
      33891 309.741598  -62.16700  -58.37554     -0.029    1448.15     30.867     30.568    -0.7819    -0.7879    -0.0061    -0.7827    -0.7888    -0.0061   2.777586   2.777649   0.000063    34.1788    34.1865     7.5626     7.2289    -0.3336    27.4793    27.4858          5  0.000e+00
      33892 309.741599  -62.16700  -58.37554     -0.028    1448.15     30.881     30.582    -0.7817    -0.7873    -0.0056    -0.7825    -0.7882    -0.0056   2.777580   2.777690   0.000109    34.1785    34.1864     7.5631     7.2294    -0.3337    27.4791    27.4857          5  0.000e+00
      33893 309.741599  -62.16700  -58.37554     -0.034    1448.15     30.819     30.521    -0.7817    -0.7867    -0.0050    -0.7826    -0.7876    -0.0050   2.777598   2.777644   0.000045    34.1788    34.1851     7.5689     7.2299    -0.3390    27.4793    27.4846          5  0.000e+00
      33894 309.741600  -62.16700  -58.37554     -0.029    1448.15     30.881     30.582    -0.7819    -0.7878    -0.0059    -0.7827    -0.7886    -0.0059   2.777568   2.777644   0.000075    34.1785    34.1862     7.5704     7.2296    -0.3408    27.4791    27.4856          5  0.000e+00
      33895 309.741600  -62.16700  -58.37554     -0.030    1448.15     30.867     30.568    -0.7819    -0.7878    -0.0059    -0.7827    -0.7886    -0.0059   2.777592   2.777632   0.000040    34.1788    34.1861     7.5657     7.2291    -0.3367    27.4794    27.4855          5  0.000e+00
      33896 309.741601  -62.16700  -58.37554     -0.029    1448.15     30.881     30.582    -0.7819    -0.7881    -0.0062    -0.7827    -0.7889    -0.0062   2.777586   2.777626   0.000040    34.1788    34.1864     7.5656     7.2286    -0.3370    27.4793    27.4857          5  0.000e+00
      33897 309.741601  -62.16700  -58.37554     -0.027    1448.15     30.881     30.582    -0.7819    -0.7883    -0.0063    -0.7828    -0.7891    -0.0063   2.777580   2.777644   0.000063    34.1787    34.1868     7.5654     7.2281    -0.3373    27.4793    27.4861          5  0.000e+00
      33898 309.741602  -62.16700  -58.37554     -0.026    1448.15     30.867     30.568    -0.7819    -0.7884    -0.0065    -0.7827    -0.7893    -0.0065   2.777616   2.777667   0.000050    34.1792    34.1873     7.5651     7.2275    -0.3376    27.4796    27.4865          6  0.000e+00
      33899 309.741602  -62.16700  -58.37554     -0.027    1448.15     30.826     30.528    -0.7819    -0.7886    -0.0067    -0.7827    -0.7894    -0.0067   2.777598   2.777655   0.000057    34.1790    34.1873     7.5649     7.2270    -0.3379    27.4794    27.4865          6  0.000e+00
      33900 309.741603  -62.16700  -58.37554     -0.028    1448.15     30.867     30.568    -0.7816    -0.7882    -0.0067    -0.7824    -0.7891    -0.0067   2.777598   2.777649   0.000051    34.1786    34.1869     7.5595     7.2277    -0.3319    27.4791    27.4861          6  0.000e+00
      33901 309.741603  -62.16700  -58.37554     -0.026    1448.15     30.881     30.582    -0.7819    -0.7875    -0.0056    -0.7827    -0.7883    -0.0056   2.777586   2.777609   0.000023    34.1788    34.1854     7.5638     7.2283    -0.3355    27.4793    27.4849          6  0.000e+00
      33902 309.741603  -62.16700  -58.37554     -0.023    1448.15     30.881     30.582    -0.7816    -0.7875    -0.0058    -0.7825    -0.7883    -0.0058   2.777580   2.777655   0.000075    34.1784    34.1861     7.5636     7.2291    -0.3346    27.4790    27.4854          6  0.000e+00
      33903 309.741604  -62.16700  -58.37554     -0.021    1448.15     30.867     30.568    -0.7819    -0.7870    -0.0052    -0.7827    -0.7879    -0.0052   2.777580   2.777638   0.000058    34.1787    34.1853     7.5635     7.2298    -0.3337    27.4792    27.4848          6  0.000e+00
      33904 309.741604  -62.16700  -58.37554     -0.025    1448.15     30.826     30.528    -0.7819    -0.7872    -0.0053    -0.7827    -0.7880    -0.0053   2.777598   2.777644   0.000045    34.1790    34.1856     7.5581     7.2307    -0.3274    27.4794    27.4851          6  0.000e+00
      33905 309.741605  -62.16700  -58.37554     -0.022    1448.15     30.867     30.568    -0.7817    -0.7879    -0.0063    -0.7825    -0.7888    -0.0063   2.777568   2.777649   0.000081    34.1783    34.1865     7.5624     7.2305    -0.3319    27.4789    27.4858          6  0.000e+00
      33906 309.741605  -62.16700  -58.37554     -0.026    1448.15     30.826     30.528    -0.7816    -0.7876    -0.0060    -0.7825    -0.7885    -0.0060   2.777574   2.777649   0.000075    34.1784    34.1862     7.5622     7.2301    -0.3321    27.4790    27.4856          6  0.000e+00
      33907 309.741606  -62.16700  -58.37554     -0.023    1448.15     30.881     30.582    -0.7821    -0.7879    -0.0058    -0.7830    -0.7888    -0.0058   2.777580   2.777690   0.000109    34.1790    34.1871     7.5622     7.2358    -0.3264    27.4795    27.4863          6  0.000e+00
      33908 309.741606  -62.16700  -58.37554     -0.021    1448.15     30.867     30.568    -0.7821    -0.7873    -0.0052    -0.7830    -0.7882    -0.0052   2.777562   2.777644   0.000081    34.1788    34.1857     7.5621     7.2366    -0.3255    27.4793    27.4852          6  0.000e+00
      33909 309.741607  -62.16700  -58.37554     -0.020    1448.15     30.881     30.582    -0.7823    -0.7873    -0.0050    -0.7832    -0.7882    -0.0050   2.777556   2.777661   0.000105    34.1789    34.1860     7.5620     7.2314    -0.3306    27.4794    27.4854          6  0.000e+00
      33910 309.741607  -62.16700  -58.37554     -0.018    1448.15     30.867     30.568    -0.7821    -0.7872    -0.0051    -0.7829    -0.7880    -0.0051   2.777556   2.777638   0.000082    34.1786    34.1855     7.5618     7.2310    -0.3308    27.4792    27.4850          6  0.000e+00
      33911 309.741608  -62.16700  -58.37554     -0.020    1448.15     30.826     30.528    -0.7819    -0.7872    -0.0053    -0.7827    -0.7880    -0.0053   2.777574   2.777661   0.000087    34.1786    34.1858     7.5616     7.2306    -0.3310    27.4792    27.4852          6  0.000e+00
      33912 309.741608  -62.16700  -58.37554     -0.020    1448.15     30.867     30.568    -0.7814    -0.7867    -0.0053    -0.7823    -0.7876    -0.0053   2.777538   2.777655   0.000117    34.1776    34.1852     7.5615     7.2314    -0.3301    27.4783    27.4847          6  0.000e+00
      33913 309.741609  -62.16700  -58.37554     -0.020    1448.15     30.826     30.528    -0.7819    -0.7872    -0.0053    -0.7827    -0.7880    -0.0053   2.777544   2.777667   0.000122    34.1782    34.1859     7.5614     7.2311    -0.3303    27.4789    27.4853          6  0.000e+00
      33914 309.741609  -62.16700  -58.37554     -0.018    1448.15     30.881     30.582    -0.7824    -0.7869    -0.0045    -0.7832    -0.7877    -0.0045   2.777556   2.777678   0.000122    34.1789    34.1857     7.5614     7.2319    -0.3294    27.4795    27.4851          6  0.000e+00
