Pos-Processados/process_op38/operantar38_008B.ros
* Sea-Bird SBE 9 Data File:
* FileName = D:\OPERANTAR_XXXVIII\DADOS\OP38_008B.hdr
* Software Version Seasave V 7.18c
* Temperature SN = 4808
* Conductivity SN = 3380
* Number of Bytes Per Scan = 31
* Number of Voltage Words = 2
* Number of Scans Averaged by the Deck Unit = 1
* NMEA Latitude = 44 36.43 S
* NMEA Longitude = 052 08.36 W
* NMEA UTC (Time) = Oct 20 2019 02:21:12
** H41
** NAVIO POLAR ALMIRANTE MAXIMIANO
** CRUZEIRO:
** OPERANTAR XXXVIII
** ESTAÇÃO:
** LAT
** LONG
** 09P73767-1155
** PROFUNDIDADE:
** DATA/HORA: 20022Z/OUT/19
** OPERADOR: CTTECCHIO
# nquan = 27
# nvalues = 579                                   
# units = specified
# name 0 = scan: Scan Count
# name 1 = timeJ: Julian Days
# name 2 = latitude: Latitude [deg]
# name 3 = longitude: Longitude [deg]
# name 4 = dz/dtM: Descent Rate [m/s]
# name 5 = avgsvCM: Average Sound Velocity [Chen-Millero, m/s]
# name 6 = prDM: Pressure, Digiquartz [db]
# name 7 = depSM: Depth [salt water, m]
# name 8 = t090C: Temperature [ITS-90, deg C]
# name 9 = t190C: Temperature, 2 [ITS-90, deg C]
# name 10 = T2-T190C: Temperature Difference, 2 - 1 [ITS-90, deg C]
# name 11 = potemp090C: Potential Temperature [ITS-90, deg C]
# name 12 = potemp190C: Potential Temperature, 2 [ITS-90, deg C]
# name 13 = potemp90Cdiff: Potential Temperature, Diff, 2 - 1 [ITS-90, deg C]
# name 14 = c0S/m: Conductivity [S/m]
# name 15 = c1S/m: Conductivity, 2 [S/m]
# name 16 = C2-C1S/m: Conductivity Difference, 2 - 1 [S/m]
# name 17 = sal00: Salinity, Practical [PSU]
# name 18 = sal11: Salinity, Practical, 2 [PSU]
# name 19 = sbeox0ML/L: Oxygen, SBE 43 [ml/l]
# name 20 = sigma-é00: Density [sigma-theta, kg/m^3]
# name 21 = sigma-é11: Density, 2 [sigma-theta, kg/m^3]
# name 22 = sbox0Mm/Kg: Oxygen, SBE 43 [umol/kg]
# name 23 = oxsolMm/Kg: Oxygen Saturation, Garcia & Gordon [umol/kg]
# name 24 = oxsatMm/Kg: Oxygen Saturation, Weiss [umol/kg]
# name 25 = nbf: Bottles Fired
# name 26 = flag:  0.000e+00
# interval = seconds: 0.0416667
# start_time = Oct 20 2019 02:21:12 [NMEA time, header]
# bad_flag = -9.990e-29
*END*
[from data line 537]
      10735 293.103232  -44.60462  -52.13636      0.034       0.00      3.222      3.196    11.7812    11.7791    -0.0021    11.7808    11.7787    -0.0021   3.957161   3.957509   0.000348    34.7857    34.7911     6.1917    26.4643    26.4689    269.392  264.85983  264.86235          3  0.000e+00
      10736 293.103233  -44.60462  -52.13636      0.027       0.00      3.297      3.270    11.7815    11.7787    -0.0028    11.7811    11.7782    -0.0028   3.957147   3.957503   0.000355    34.7853    34.7914     6.1927    26.4639    26.4692    269.434  264.85906  264.86156          3  0.000e+00
      10737 293.103233  -44.60462  -52.13636      0.018       0.00      3.249      3.223    11.7814    11.7792    -0.0022    11.7809    11.7787    -0.0022   3.957175   3.957516   0.000341    34.7857    34.7911     6.1935    26.4642    26.4688    269.473  264.85906  264.86157          3  0.000e+00
      10738 293.103234  -44.60462  -52.13636      0.011       0.00      3.297      3.270    11.7815    11.7788    -0.0027    11.7811    11.7784    -0.0027   3.957161   3.957503   0.000342    34.7853    34.7912     6.1945    26.4639    26.4690    269.515  264.85863  264.86113          3  0.000e+00
      10739 293.103234  -44.60462  -52.13636      0.004       0.00      3.249      3.223    11.7814    11.7789    -0.0024    11.7809    11.7785    -0.0024   3.957175   3.957516   0.000341    34.7857    34.7913     6.1951    26.4642    26.4691    269.541  264.85906  264.86157          3  0.000e+00
      10740 293.103234  -44.60462  -52.13636     -0.006       0.00      3.249      3.223    11.7814    11.7793    -0.0020    11.7809    11.7789    -0.0020   3.957209   3.957523   0.000313    34.7860    34.7910     6.1957    26.4645    26.4687    269.568  264.85843  264.86095          3  0.000e+00
      10741 293.103235  -44.60462  -52.13636     -0.015       0.00      3.249      3.223    11.7817    11.7792    -0.0026    11.7813    11.7787    -0.0026   3.957120   3.957523   0.000403    34.7848    34.7912     6.1964    26.4635    26.4689    269.595  264.85863  264.86110          3  0.000e+00
      10742 293.103235  -44.60462  -52.13636     -0.025       0.00      3.194      3.168    11.7817    11.7791    -0.0026    11.7813    11.7787    -0.0026   3.957079   3.957496   0.000417    34.7845    34.7910     6.1967    26.4632    26.4688    269.608  264.85952  264.86199          3  0.000e+00
      10743 293.103236  -44.60462  -52.13636     -0.032       0.00      3.249      3.223    11.7815    11.7793    -0.0022    11.7811    11.7789    -0.0022   3.957161   3.957549   0.000388    34.7854    34.7913     6.1973    26.4640    26.4689    269.636  264.85877  264.86127          3  0.000e+00
      10744 293.103236  -44.60462  -52.13636     -0.044       0.00      3.194      3.168    11.7817    11.7798    -0.0019    11.7813    11.7794    -0.0019   3.957236   3.957634   0.000398    34.7860    34.7916     6.1978    26.4644    26.4691    269.659  264.85644  264.85893          3  0.000e+00
      10745 293.103237  -44.60462  -52.13636     -0.051       0.00      3.194      3.168    11.7818    11.7803    -0.0016    11.7814    11.7798    -0.0016   3.957175   3.957641   0.000466    34.7853    34.7913     6.1981    26.4638    26.4688    269.672  264.85722  264.85969          3  0.000e+00
      10746 293.103237  -44.60462  -52.13636     -0.065       0.00      3.146      3.121    11.7818    11.7803    -0.0015    11.7814    11.7799    -0.0015   3.957175   3.957654   0.000480    34.7853    34.7914     6.1984    26.4638    26.4689    269.683  264.85718  264.85965          3  0.000e+00
      10747 293.103238  -44.60462  -52.13636     -0.071       0.00      3.194      3.168    11.7821    11.7802    -0.0019    11.7817    11.7798    -0.0019   3.957134   3.957634   0.000501    34.7846    34.7913     6.2021    26.4633    26.4688    269.847  264.85707  264.85952          3  0.000e+00
      10748 293.103238  -44.60460  -52.13636     -0.083       0.00      3.146      3.121    11.7818    11.7803    -0.0015    11.7814    11.7799    -0.0015   3.957161   3.957608   0.000447    34.7851    34.7909     6.1992    26.4637    26.4685    269.719  264.85743  264.85990          3  0.000e+00
      10749 293.103239  -44.60460  -52.13636     -0.093       0.00      3.146      3.121    11.7820    11.7804    -0.0016    11.7816    11.7800    -0.0016   3.957209   3.957588   0.000379    34.7854    34.7907     6.2029    26.4639    26.4683    269.878  264.85583  264.85829          3  0.000e+00
      10750 293.103239  -44.60460  -52.13636     -0.101       0.00      3.146      3.121    11.7819    11.7800    -0.0019    11.7815    11.7796    -0.0019   3.957223   3.957569   0.000346    34.7857    34.7909     6.2034    26.4641    26.4685    269.901  264.85612  264.85859          3  0.000e+00
      10751 293.103240  -44.60460  -52.13636     -0.114       0.00      3.098      3.073    11.7820    11.7805    -0.0015    11.7816    11.7801    -0.0015   3.957243   3.957582   0.000338    34.7858    34.7906     6.2038    26.4642    26.4682    269.919  264.85516  264.85762          3  0.000e+00
      10752 293.103240  -44.60460  -52.13636     -0.123       0.00      3.098      3.073    11.7820    11.7799    -0.0021    11.7816    11.7795    -0.0021   3.957230   3.957588   0.000359    34.7857    34.7911     6.2043    26.4641    26.4687    269.940  264.85541  264.85787          3  0.000e+00
      10753 293.103241  -44.60460  -52.13636     -0.132       0.00      3.098      3.073    11.7817    11.7800    -0.0017    11.7813    11.7796    -0.0017   3.957223   3.957621   0.000399    34.7859    34.7914     6.2048    26.4643    26.4689    269.960  264.85662  264.85910          3  0.000e+00
      10754 293.103241  -44.60460  -52.13636     -0.140       0.00      3.098      3.073    11.7820    11.7800    -0.0020    11.7816    11.7796    -0.0020   3.957243   3.957595   0.000352    34.7858    34.7911     6.2051    26.4642    26.4687    269.977  264.85516  264.85762          3  0.000e+00
      10755 293.103242  -44.60460  -52.13636     -0.148       0.00      3.098      3.073    11.7820    11.7800    -0.0020    11.7816    11.7796    -0.0020   3.957230   3.957569   0.000339    34.7857    34.7909     6.2055    26.4641    26.4685    269.994  264.85541  264.85787          3  0.000e+00
      10756 293.103242  -44.60460  -52.13636     -0.158       0.00      3.044      3.019    11.7817    11.7801    -0.0016    11.7813    11.7797    -0.0016   3.957223   3.957608   0.000385    34.7859    34.7912     6.2090    26.4643    26.4688    270.145  264.85657  264.85906          3  0.000e+00
      10757 293.103243  -44.60460  -52.13636     -0.167       0.00      3.098      3.073    11.7818    11.7797    -0.0022    11.7814    11.7793    -0.0022   3.957216   3.957608   0.000392    34.7857    34.7916     6.2059    26.4641    26.4691    270.009  264.85638  264.85886          3  0.000e+00
      10758 293.103243  -44.60460  -52.13636     -0.174       0.00      2.996      2.971    11.7818    11.7798    -0.0020    11.7815    11.7795    -0.0020   3.957243   3.957588   0.000345    34.7860    34.7913     6.2057    26.4644    26.4689    270.003  264.85579  264.85828          3  0.000e+00
      10759 293.103244  -44.60460  -52.13636     -0.182       0.00      3.044      3.019    11.7819    11.7799    -0.0020    11.7815    11.7795    -0.0020   3.957195   3.957509   0.000314    34.7855    34.7904     6.2057    26.4640    26.4681    270.002  264.85654  264.85901          3  0.000e+00
      10760 293.103244  -44.60460  -52.13636     -0.189       0.00      3.043      3.019    11.7817    11.7802    -0.0015    11.7813    11.7798    -0.0015   3.957182   3.957621   0.000440    34.7855    34.7913     6.2059    26.4640    26.4688    270.011  264.85751  264.85999          3  0.000e+00
      10761 293.103245  -44.60460  -52.13636     -0.195       0.00      2.996      2.971    11.7818    11.7798    -0.0020    11.7815    11.7795    -0.0020   3.957209   3.957582   0.000373    34.7857    34.7912     6.2057    26.4641    26.4688    270.001  264.85643  264.85890          3  0.000e+00
      10762 293.103245  -44.60460  -52.13636     -0.201       0.00      3.043      3.019    11.7821    11.7804    -0.0017    11.7817    11.7800    -0.0017   3.957243   3.957562   0.000319    34.7858    34.7904     6.2090    26.4642    26.4681    270.144  264.85493  264.85739          3  0.000e+00
      10763 293.103246  -44.60460  -52.13636     -0.202       0.00      3.043      3.019    11.7817    11.7798    -0.0019    11.7813    11.7794    -0.0019   3.957230   3.957582   0.000352    34.7860    34.7912     6.2091    26.4644    26.4688    270.148  264.85663  264.85912          3  0.000e+00
      10764 293.103246  -44.60460  -52.13636     -0.205       0.00      2.996      2.971    11.7821    11.7795    -0.0026    11.7817    11.7791    -0.0026   3.957223   3.957509   0.000287    34.7856    34.7908     6.2090    26.4640    26.4685    270.146  264.85527  264.85773          3  0.000e+00
      10765 293.103247  -44.60460  -52.13636     -0.211       0.00      2.996      2.971    11.7820    11.7795    -0.0025    11.7816    11.7791    -0.0025   3.957188   3.957569   0.000380    34.7853    34.7914     6.2090    26.4638    26.4690    270.145  264.85608  264.85854          3  0.000e+00
      10766 293.103247  -44.60460  -52.13636     -0.216       0.00      2.996      2.971    11.7820    11.7796    -0.0024    11.7816    11.7792    -0.0024   3.957161   3.957542   0.000381    34.7850    34.7911     6.2089    26.4636    26.4687    270.141  264.85659  264.85904          3  0.000e+00
      10767 293.103247  -44.60460  -52.13636     -0.218       0.00      2.975      2.951    11.7819    11.7797    -0.0022    11.7815    11.7793    -0.0022   3.957175   3.957503   0.000328    34.7853    34.7906     6.2088    26.4638    26.4684    270.135  264.85686  264.85933          3  0.000e+00
      10768 293.103248  -44.60460  -52.13636     -0.217       0.00      2.995      2.971    11.7817    11.7797    -0.0020    11.7813    11.7793    -0.0020   3.957182   3.957516   0.000334    34.7855    34.7907     6.2086    26.4640    26.4685    270.128  264.85747  264.85995          3  0.000e+00
      10769 293.103248  -44.60460  -52.13636     -0.219       0.00      2.995      2.971    11.7818    11.7796    -0.0023    11.7815    11.7792    -0.0023   3.957182   3.957555   0.000374    34.7854    34.7912     6.2084    26.4639    26.4688    270.117  264.85693  264.85940          3  0.000e+00
      10770 293.103249  -44.60460  -52.13636     -0.217       0.00      2.995      2.971    11.7817    11.7795    -0.0022    11.7814    11.7791    -0.0022   3.957188   3.957555   0.000367    34.7856    34.7913     6.2084    26.4641    26.4689    270.118  264.85716  264.85964          3  0.000e+00
      10771 293.103249  -44.60460  -52.13636     -0.217       0.00      2.995      2.971    11.7817    11.7800    -0.0017    11.7813    11.7796    -0.0017   3.957209   3.957608   0.000399    34.7858    34.7913     6.2084    26.4643    26.4689    270.117  264.85696  264.85945          3  0.000e+00
      10772 293.103250  -44.60460  -52.13634     -0.213       0.00      2.995      2.971    11.7818    11.7799    -0.0019    11.7815    11.7795    -0.0019   3.957216   3.957654   0.000438    34.7857    34.7918     6.2083    26.4642    26.4693    270.114  264.85630  264.85878          3  0.000e+00
      10773 293.103250  -44.60460  -52.13634     -0.211       0.00      2.995      2.971    11.7819    11.7808    -0.0010    11.7815    11.7805    -0.0010   3.957195   3.957687   0.000492    34.7855    34.7913     6.2082    26.4640    26.4687    270.111  264.85650  264.85897          3  0.000e+00
      10774 293.103251  -44.60460  -52.13634     -0.209       0.00      2.995      2.971    11.7817    11.7808    -0.0008    11.7813    11.7805    -0.0008   3.957230   3.957674   0.000444    34.7860    34.7912     6.2115    26.4644    26.4686    270.256  264.85659  264.85908          3  0.000e+00
      10775 293.103251  -44.60460  -52.13634     -0.208       0.00      2.948      2.924    11.7818    11.7808    -0.0010    11.7815    11.7805    -0.0010   3.957230   3.957661   0.000431    34.7859    34.7911     6.2082    26.4643    26.4685    270.108  264.85601  264.85849          3  0.000e+00
      10776 293.103252  -44.60460  -52.13634     -0.204       0.00      2.995      2.971    11.7819    11.7804    -0.0015    11.7815    11.7800    -0.0015   3.957195   3.957681   0.000485    34.7855    34.7916     6.2080    26.4640    26.4690    270.101  264.85650  264.85897          3  0.000e+00
