Pos-Processados/process_op38/operantar38_014.cnv
* Sea-Bird SBE 9 Data File:
* FileName = D:\OPERANTAR_XXXVIII\DADOS\OP38_014.hdr
* Software Version Seasave V 7.18c
* Temperature SN = 4808
* Conductivity SN = 3380
* Number of Bytes Per Scan = 34
* Number of Voltage Words = 3
* Number of Scans Averaged by the Deck Unit = 1
* NMEA Latitude = 62 11.37 S
* NMEA Longitude = 058 03.45 W
* NMEA UTC (Time) = Nov 05 2019 06:03:04
** H41
** NAVIO POLAR ALMIRANTE MAXIMIANO
** CRUZEIRO:
** OPERANTAR XXXVIII
** ESTAÇÃO: OP38_014
** LAT 62 11,38' S
** LONG 058 03,41' W
** 09P73767-1155_A
** PROFUNDIDADE: 480
** DATA/HORA: 050604Z/NOV/2019
** OPERADOR: SO-HN CHAVES
# nquan = 33
# nvalues = 815                         
# units = specified
# name 0 = scan: Scan Count
# name 1 = timeJ: Julian Days
# name 2 = latitude: Latitude [deg]
# name 3 = longitude: Longitude [deg]
# name 4 = dz/dtM: Descent Rate [m/s]
# name 5 = avgsvCM: Average Sound Velocity [Chen-Millero, m/s]
# name 6 = prDM: Pressure, Digiquartz [db]
# name 7 = depSM: Depth [salt water, m]
# name 8 = t090C: Temperature [ITS-90, deg C]
# name 9 = t190C: Temperature, 2 [ITS-90, deg C]
# name 10 = T2-T190C: Temperature Difference, 2 - 1 [ITS-90, deg C]
# name 11 = potemp090C: Potential Temperature [ITS-90, deg C]
# name 12 = potemp190C: Potential Temperature, 2 [ITS-90, deg C]
# name 13 = potemp90Cdiff: Potential Temperature, Diff, 2 - 1 [ITS-90, deg C]
# name 14 = c0S/m: Conductivity [S/m]
# name 15 = c1S/m: Conductivity, 2 [S/m]
# name 16 = C2-C1S/m: Conductivity Difference, 2 - 1 [S/m]
# name 17 = sal00: Salinity, Practical [PSU]
# name 18 = sal11: Salinity, Practical, 2 [PSU]
# name 19 = sbeox0ML/L: Oxygen, SBE 43 [ml/l]
# name 20 = sigma-é00: Density [sigma-theta, kg/m^3]
# name 21 = sigma-é11: Density, 2 [sigma-theta, kg/m^3]
# name 22 = sbox0Mm/Kg: Oxygen, SBE 43 [umol/kg]
# name 23 = oxsolMm/Kg: Oxygen Saturation, Garcia & Gordon [umol/kg]
# name 24 = oxsatMm/Kg: Oxygen Saturation, Weiss [umol/kg]
# name 25 = sal00: Salinity, Practical [PSU]
# name 26 = sigma-é00: Density [sigma-theta, kg/m^3]
# name 27 = svCM: Sound Velocity [Chen-Millero, m/s]
# name 28 = svCM1: Sound Velocity, 2 [Chen-Millero, m/s]
# name 29 = gsw_ptA0: potential temperature [ITS-90, deg C]
# name 30 = gsw_densityA0: density, TEOS-10 [density, kg/m^3]
# name 31 = gsw_saA0: Absolute Salinity [g/kg]
# name 32 = flag:
# span 0 =       2185,      28732       
# span 1 = 309.253183, 309.265985       
# span 2 =  -62.18964,  -62.18960       
# span 3 =  -58.05758,  -58.05752       
# span 4 =     -1.429,      1.554       
# span 5 =       0.00,    1448.27       
# span 6 =      1.000,    408.000       
# span 7 =      0.983,    403.687       
# span 8 =    -0.9709,    -0.4058       
# span 9 =    -0.9709,    -0.4078       
# span 10 =    -0.0113,     0.0434      
# span 11 =    -0.9733,    -0.4179      
# span 12 =    -0.9733,    -0.4199      
# span 13 =    -0.0113,     0.0434      
# span 14 =   2.766477,   2.844366      
# span 15 =   2.766943,   2.844664      
# span 16 =  -0.000648,   0.003753      
# span 17 =    34.1502,    34.4896      
# span 18 =    34.1574,    34.4948      
# span 19 =     6.0019,     7.6921      
# span 20 =    27.4565,    27.7183      
# span 21 =    27.4607,    27.7225      
# span 22 =    260.818,    334.346      
# span 23 =  353.15751,  359.07497      
# span 24 =  354.73071,  360.75828      
# span 25 =    34.1465,    34.4897      
# span 26 =    27.4540,    27.7184      
# span 27 =    1444.16,    1452.90      
# span 28 =    1444.17,    1452.92      
# span 29 =    -0.9732,    -0.4176      
# span 30 =  1027.4664,  1029.6667      
# span 31 =    34.3113,    34.6584      
# span 32 = 0.0000e+00, 0.0000e+00      
# interval = decibars: 1                
# start_time = Nov 05 2019 06:03:04 [NMEA time, header]
# bad_flag = -9.990e-29
*END*
[from data line 176]
       7097 309.255552  -62.18962  -58.05752      0.990    1445.25    177.000    175.226    -0.7506    -0.7509    -0.0003    -0.7558    -0.7562    -0.0003   2.796481   2.796882   0.000401    34.3080    34.3138     6.8913    27.5828    27.5875    299.505  356.79551  358.43436    34.3087    27.5834    1447.60    1447.61    -0.7557  1028.4357    34.4758 0.0000e+00
       7123 309.255564  -62.18962  -58.05752      0.935    1445.25    178.000    176.215    -0.7504    -0.7505    -0.0001    -0.7557    -0.7557    -0.0001   2.796535   2.796947   0.000413    34.3080    34.3136     6.8881    27.5828    27.5874    299.366  356.79398  358.43279    34.3086    27.5833    1447.62    1447.63    -0.7556  1028.4404    34.4757 0.0000e+00
       7150 309.255577  -62.18962  -58.05752      0.910    1445.25    179.000    177.206    -0.7499    -0.7498     0.0000    -0.7552    -0.7552     0.0000   2.796658   2.797091   0.000429    34.3084    34.3142     6.8839    27.5831    27.5878    299.184  356.78766  358.42637    34.3090    27.5836    1447.64    1447.65    -0.7551  1028.4455    34.4761 0.0000e+00
       7174 309.255589  -62.18962  -58.05753      0.939    1445.25    180.000    178.195    -0.7490    -0.7488     0.0001    -0.7543    -0.7542     0.0001   2.796793   2.797241   0.000445    34.3086    34.3145     6.8808    27.5833    27.5881    299.046  356.77864  358.41717    34.3092    27.5837    1447.66    1447.67    -0.7542  1028.4504    34.4764 0.0000e+00
       7197 309.255600  -62.18962  -58.05754      1.015    1445.25    181.000    179.185    -0.7471    -0.7469     0.0001    -0.7525    -0.7523     0.0001   2.797187   2.797625   0.000438    34.3102    34.3160     6.8767    27.5845    27.5892    298.867  356.75617  358.39437    34.3117    27.5857    1447.69    1447.70    -0.7523  1028.4572    34.4789 0.0000e+00
       7217 309.255610  -62.18962  -58.05754      1.104    1445.25    182.000    180.174    -0.7374    -0.7373     0.0001    -0.7429    -0.7428     0.0001   2.798177   2.798606   0.000442    34.3125    34.3183     6.8823    27.5860    27.5907    299.110  356.65903  358.29528    34.3136    27.5868    1447.75    1447.76    -0.7427  1028.4629    34.4808 0.0000e+00
       7237 309.255619  -62.18962  -58.05754      1.179    1445.25    183.000    181.163    -0.7363    -0.7367    -0.0004    -0.7418    -0.7422    -0.0004   2.798305   2.798691   0.000381    34.3124    34.3181     6.8814    27.5859    27.5904    299.073  356.64866  358.28466    34.3134    27.5867    1447.78    1447.78    -0.7417  1028.4676    34.4807 0.0000e+00
       7257 309.255629  -62.18962  -58.05754      1.205    1445.25    184.000    182.153    -0.7350    -0.7337     0.0012    -0.7404    -0.7392     0.0012   2.798492   2.799052   0.000560    34.3128    34.3190     6.8809    27.5861    27.5910    299.051  356.63472  358.27045    34.3138    27.5869    1447.80    1447.81    -0.7404  1028.4725    34.4810 0.0000e+00
       7278 309.255639  -62.18962  -58.05752      1.180    1445.25    185.000    183.142    -0.7324    -0.7328    -0.0004    -0.7380    -0.7384    -0.0004   2.798798   2.799184   0.000391    34.3136    34.3193     6.8792    27.5866    27.5913    298.976  356.60892  358.24414    34.3145    27.5873    1447.83    1447.83    -0.7378  1028.4777    34.4817 0.0000e+00
       7301 309.255650  -62.18962  -58.05752      1.119    1445.25    186.000    184.132    -0.7310    -0.7311    -0.0002    -0.7365    -0.7367    -0.0002   2.799009   2.799421   0.000410    34.3142    34.3200     6.8695    27.5871    27.5917    298.555  356.59311  358.22806    34.3150    27.5877    1447.85    1447.86    -0.7364  1028.4829    34.4823 0.0000e+00
       7324 309.255661  -62.18962  -58.05752      1.045    1445.25    187.000    185.121    -0.7280    -0.7282    -0.0001    -0.7337    -0.7338    -0.0001   2.799442   2.799860   0.000417    34.3156    34.3214     6.8568    27.5881    27.5928    298.003  356.56187  358.19626    34.3169    27.5891    1447.88    1447.89    -0.7335  1028.4891    34.4842 0.0000e+00
       7348 309.255673  -62.18962  -58.05752      1.008    1445.25    188.000    186.111    -0.7137    -0.7154    -0.0017    -0.7194    -0.7211    -0.0017   2.801089   2.801353   0.000266    34.3192    34.3247     6.8437    27.5903    27.5949    297.435  356.41693  358.04841    34.3223    27.5929    1447.97    1447.97    -0.7192  1028.4975    34.4896 0.0000e+00
       7372 309.255684  -62.18962  -58.05752      1.004    1445.25    189.000    187.100    -0.7030    -0.7031    -0.0002    -0.7087    -0.7088    -0.0002   2.802005   2.802410   0.000410    34.3205    34.3262     6.8390    27.5910    27.5956    297.228  356.31174  357.94096    34.3219    27.5921    1448.04    1448.05    -0.7086  1028.5014    34.4892 0.0000e+00
       7397 309.255696  -62.18962  -58.05752      0.988    1445.25    190.000    188.090    -0.7009    -0.7013    -0.0004    -0.7066    -0.7070    -0.0004   2.802257   2.802647   0.000392    34.3207    34.3264     6.8438    27.5911    27.5957    297.439  356.29154  357.92033    34.3223    27.5924    1448.07    1448.07    -0.7065  1028.5064    34.4896 0.0000e+00
       7423 309.255709  -62.18962  -58.05752      0.936    1445.25    191.000    189.079    -0.6961    -0.6963    -0.0001    -0.7020    -0.7021    -0.0001   2.802725   2.803168   0.000431    34.3213    34.3272     6.8217    27.5914    27.5962    296.477  356.24547  357.87327    34.3227    27.5925    1448.11    1448.11    -0.7018  1028.5113    34.4899 0.0000e+00
       7450 309.255722  -62.18962  -58.05752      0.888    1445.25    192.000    190.069    -0.6941    -0.6937     0.0004    -0.7000    -0.6996     0.0004   2.802970   2.803437   0.000472    34.3218    34.3278     6.7984    27.5917    27.5965    295.465  356.22508  357.85248    34.3231    27.5927    1448.13    1448.14    -0.6998  1028.5163    34.4904 0.0000e+00
       7476 309.255734  -62.18962  -58.05754      0.910    1445.25    193.000    191.058    -0.6896    -0.6889     0.0007    -0.6955    -0.6948     0.0007   2.803610   2.804091   0.000482    34.3243    34.3300     6.7831    27.5935    27.5981    294.800  356.17608  357.80265    34.3260    27.5949    1448.17    1448.18    -0.6953  1028.5232    34.4933 0.0000e+00
       7498 309.255745  -62.18962  -58.05752      0.997    1445.25    194.000    192.048    -0.6897    -0.6896     0.0000    -0.6956    -0.6955     0.0000   2.803601   2.804034   0.000423    34.3252    34.3308     6.7767    27.5942    27.5988    294.521  356.17354  357.80016    34.3253    27.5943    1448.19    1448.20    -0.6955  1028.5274    34.4926 0.0000e+00
       7519 309.255755  -62.18962  -58.05752      1.099    1445.25    195.000    193.037    -0.6988    -0.6992    -0.0004    -0.7047    -0.7052    -0.0004   2.802910   2.803287   0.000389    34.3255    34.3312     6.7795    27.5948    27.5995    294.643  356.25909  357.88771    34.3257    27.5951    1448.16    1448.17    -0.7046  1028.5330    34.4930 0.0000e+00
       7538 309.255765  -62.18962  -58.05752      1.183    1445.25    196.000    194.027    -0.7014    -0.7039    -0.0024    -0.7074    -0.7098    -0.0024   2.802672   2.802875   0.000213    34.3257    34.3314     6.7710    27.5952    27.5998    294.275  356.28285  357.91204    34.3248    27.5945    1448.16    1448.16    -0.7072  1028.5372    34.4922 0.0000e+00
       7558 309.255774  -62.18962  -58.05753      1.234    1445.25    197.000    195.016    -0.7178    -0.7184    -0.0006    -0.7237    -0.7243    -0.0006   2.801313   2.801696   0.000380    34.3260    34.3319     6.7663    27.5961    27.6009    294.069  356.43558  358.06831    34.3244    27.5948    1448.10    1448.11    -0.7236  1028.5424    34.4917 0.0000e+00
       7579 309.255784  -62.18962  -58.05754      1.204    1445.25    198.000    196.005    -0.7291    -0.7297    -0.0006    -0.7351    -0.7356    -0.0006   2.800541   2.800918   0.000377    34.3270    34.3328     6.7546    27.5974    27.6021    293.559  356.53980  358.17505    34.3262    27.5968    1448.07    1448.08    -0.7349  1028.5492    34.4936 0.0000e+00
       7600 309.255794  -62.18962  -58.05754      1.156    1445.25    199.000    196.995    -0.7407    -0.7410    -0.0003    -0.7467    -0.7470    -0.0003   2.799570   2.799964   0.000388    34.3278    34.3334     6.7494    27.5985    27.6031    293.331  356.64715  358.28496    34.3257    27.5968    1448.03    1448.04    -0.7465  1028.5540    34.4930 0.0000e+00
       7621 309.255804  -62.18962  -58.05754      1.144    1445.25    200.000    197.984    -0.7482    -0.7483    -0.0001    -0.7542    -0.7543    -0.0001   2.799185   2.799594   0.000412    34.3296    34.3354     6.7454    27.6003    27.6049    293.158  356.71247  358.35199    34.3283    27.5992    1448.02    1448.02    -0.7540  1028.5613    34.4957 0.0000e+00
       7644 309.255815  -62.18962  -58.05752      1.089    1445.25    201.000    198.974    -0.7501    -0.7502    -0.0001    -0.7562    -0.7563    -0.0001   2.799284   2.799701   0.000416    34.3318    34.3375     6.7464    27.6021    27.6068    293.202  356.72482  358.36489    34.3313    27.6017    1448.03    1448.04    -0.7560  1028.5686    34.4986 0.0000e+00
       7671 309.255829  -62.18962  -58.05752      0.942    1445.25    202.000    199.963    -0.7455    -0.7448     0.0007    -0.7516    -0.7509     0.0007   2.799823   2.800336   0.000497    34.3331    34.3391     6.7485    27.6030    27.6078    293.294  356.67722  358.31635    34.3327    27.6026    1448.07    1448.08    -0.7514  1028.5742    34.5000 0.0000e+00
       7702 309.255844  -62.18962  -58.05752      0.795    1445.25    203.000    200.953    -0.7441    -0.7438     0.0004    -0.7502    -0.7499     0.0004   2.800001   2.800442   0.000456    34.3335    34.3392     6.7429    27.6033    27.6079    293.049  356.66338  358.30224    34.3329    27.6028    1448.09    1448.10    -0.7501  1028.5791    34.5003 0.0000e+00
       7731 309.255858  -62.18962  -58.05752      0.797    1445.25    204.000    201.942    -0.7481    -0.7486    -0.0005    -0.7542    -0.7547    -0.0005   2.799757   2.800152   0.000400    34.3340    34.3400     6.7349    27.6038    27.6087    292.702  356.69936  358.33911    34.3335    27.6034    1448.09    1448.09    -0.7541  1028.5846    34.5009 0.0000e+00
       7755 309.255869  -62.18962  -58.05752      0.917    1445.28    205.000    202.932    -0.7478    -0.7491    -0.0013    -0.7539    -0.7552    -0.0013   2.799902   2.800224   0.000322    34.3349    34.3408     6.7210    27.6046    27.6093    292.099  356.69382  358.33355    34.3345    27.6042    1448.11    1448.11    -0.7538  1028.5901    34.5019 0.0000e+00
       7776 309.255879  -62.18962  -58.05754      1.061    1445.96    206.000    203.921    -0.7507    -0.7502     0.0005    -0.7569    -0.7564     0.0005   2.799713   2.800164   0.000455    34.3357    34.3413     6.7099    27.6053    27.6098    291.615  356.71951  358.35992    34.3346    27.6045    1448.11    1448.12    -0.7567  1028.5952    34.5020 0.0000e+00
       7795 309.255888  -62.18962  -58.05754      1.191    1445.96    207.000    204.911    -0.7581    -0.7583    -0.0002    -0.7643    -0.7645    -0.0002   2.799143   2.799580   0.000427    34.3359    34.3418     6.7059    27.6057    27.6106    291.441  356.78878  358.43082    34.3347    27.6048    1448.09    1448.10    -0.7642  1028.6004    34.5021 0.0000e+00
       7813 309.255897  -62.18962  -58.05754      1.278    1445.96    208.000    205.900    -0.7698    -0.7634     0.0064    -0.7760    -0.7696     0.0064   2.798049   2.799018   0.000945    34.3359    34.3413     6.7060    27.6063    27.6104    291.443  356.89931  358.54389    34.3326    27.6036    1448.05    1448.09    -0.7759  1028.6040    34.5000 0.0000e+00
       7833 309.255907  -62.18962  -58.05754      1.286    1445.96    209.000    206.889    -0.7842    -0.7837     0.0005    -0.7904    -0.7899     0.0005   2.797087   2.797522   0.000450    34.3370    34.3425     6.7102    27.6078    27.6122    291.629  357.03137  358.67912    34.3353    27.6063    1448.00    1448.01    -0.7903  1028.6116    34.5027 0.0000e+00
       7855 309.255917  -62.18962  -58.05752      1.181    1445.96    210.000    207.879    -0.7895    -0.7898    -0.0003    -0.7958    -0.7961    -0.0003   2.796684   2.797072   0.000388    34.3371    34.3428     6.7019    27.6081    27.6127    291.264  357.08135  358.73027    34.3352    27.6065    1448.00    1448.00    -0.7956  1028.6166    34.5027 0.0000e+00
       7880 309.255930  -62.18962  -58.05752      1.002    1445.96    211.000    208.868    -0.7919    -0.7922    -0.0003    -0.7981    -0.7985    -0.0003   2.796697   2.797092   0.000398    34.3384    34.3442     6.7017    27.6092    27.6139    291.257  357.10014  358.74965    34.3375    27.6085    1448.00    1448.01    -0.7980  1028.6234    34.5049 0.0000e+00
       7908 309.255943  -62.18962  -58.05752      0.893    1445.96    212.000    209.858    -0.7899    -0.7902    -0.0002    -0.7962    -0.7965    -0.0002   2.797003   2.797395   0.000394    34.3397    34.3452     6.7082    27.6101    27.6147    291.538  357.07849  358.72764    34.3388    27.6095    1448.03    1448.04    -0.7961  1028.6291    34.5063 0.0000e+00
       7933 309.255955  -62.18962  -58.05754      0.908    1445.96    213.000    210.847    -0.7874    -0.7875    -0.0001    -0.7938    -0.7939    -0.0001   2.797377   2.797803   0.000423    34.3408    34.3467     6.7058    27.6110    27.6158    291.433  357.05119  358.69986    34.3404    27.6106    1448.06    1448.07    -0.7936  1028.6350    34.5078 0.0000e+00
       7956 309.255966  -62.18962  -58.05754      0.985    1445.96    214.000    211.836    -0.7861    -0.7862    -0.0001    -0.7925    -0.7926    -0.0001   2.797546   2.797962   0.000420    34.3412    34.3469     6.7010    27.6112    27.6159    291.227  357.03840  358.68681    34.3406    27.6108    1448.08    1448.09    -0.7923  1028.6399    34.5081 0.0000e+00
       7978 309.255977  -62.18962  -58.05754      1.067    1445.96    215.000    212.826    -0.7856    -0.7857    -0.0001    -0.7920    -0.7921    -0.0001   2.797640   2.798048   0.000408    34.3412    34.3469     6.6958    27.6112    27.6158    291.000  357.03334  358.68163    34.3407    27.6108    1448.10    1448.11    -0.7918  1028.6447    34.5081 0.0000e+00
       8000 309.255987  -62.18962  -58.05754      1.111    1445.96    216.000    213.815    -0.7855    -0.7857    -0.0002    -0.7919    -0.7921    -0.0002   2.797723   2.798121   0.000399    34.3414    34.3470     6.6911    27.6114    27.6160    290.793  357.03142  358.67970    34.3410    27.6111    1448.12    1448.13    -0.7918  1028.6498    34.5085 0.0000e+00
       8021 309.255997  -62.18962  -58.05754      1.108    1445.96    217.000    214.804    -0.7850    -0.7850     0.0000    -0.7915    -0.7915     0.0000   2.797843   2.798262   0.000418    34.3418    34.3474     6.6818    27.6117    27.6162    290.389  357.02590  358.67410    34.3415    27.6114    1448.14    1448.15    -0.7913  1028.6549    34.5090 0.0000e+00
       8044 309.256009  -62.18962  -58.05752      1.076    1445.96    218.000    215.794    -0.7846    -0.7847    -0.0001    -0.7911    -0.7912    -0.0001   2.797946   2.798360   0.000416    34.3421    34.3478     6.6755    27.6119    27.6165    290.119  357.02128  358.66941    34.3418    27.6117    1448.16    1448.16    -0.7909  1028.6599    34.5093 0.0000e+00
       8068 309.256020  -62.18962  -58.05752      1.032    1445.96    219.000    216.783    -0.7845    -0.7844     0.0001    -0.7910    -0.7910     0.0001   2.798000   2.798403   0.000402    34.3421    34.3475     6.6773    27.6119    27.6162    290.197  357.02008  358.66819    34.3418    27.6117    1448.17    1448.18    -0.7909  1028.6647    34.5093 0.0000e+00
