Pos-Processados/process_op38/operantar38_004.ros
* Sea-Bird SBE 9 Data File:
* FileName = D:\OPERANTAR_XXXVIII\DADOS\OP38_004.hdr
* Software Version Seasave V 7.12
* Temperature SN = 4808
* Conductivity SN = 3380
* Number of Bytes Per Scan = 31
* Number of Voltage Words = 2
* Number of Scans Averaged by the Deck Unit = 1
* NMEA Latitude = 39 58.92 S
* NMEA Longitude = 054 59.71 W
* NMEA UTC (Time) = Oct 17 2019 15:31:47
** H41
** NAVIO POLAR ALMIRANTE MAXIMIANO
** CRUZEIRO:
** OPERANTAR XXXVIII
** ESTAÇÃO: OP38_004
** LAT 39º 58,96'S
** LONG 054º 59,70'W
** 09P73767-1155
** PROFUNDIDADE: 1627 m
** DATA/HORA: 171533Z/OUT/2019
** OPERADOR: SO-HN CHAVES
# nquan = 26
# nvalues = 3988                                  
# units = specified
# name 0 = scan: Scan Count
# name 1 = timeJ: Julian Days
# name 2 = latitude: Latitude [deg]
# name 3 = longitude: Longitude [deg]
# name 4 = dz/dtM: Descent Rate [m/s]
# name 5 = avgsvCM: Average Sound Velocity [Chen-Millero, m/s]
# name 6 = prDM: Pressure, Digiquartz [db]
# name 7 = depSM: Depth [salt water, m]
# name 8 = t090C: Temperature [ITS-90, deg C]
# name 9 = t190C: Temperature, 2 [ITS-90, deg C]
# name 10 = T2-T190C: Temperature Difference, 2 - 1 [ITS-90, deg C]
# name 11 = potemp090C: Potential Temperature [ITS-90, deg C]
# name 12 = potemp190C: Potential Temperature, 2 [ITS-90, deg C]
# name 13 = potemp90Cdiff: Potential Temperature, Diff, 2 - 1 [ITS-90, deg C]
# name 14 = c0S/m: Conductivity [S/m]
# name 15 = c1S/m: Conductivity, 2 [S/m]
# name 16 = C2-C1S/m: Conductivity Difference, 2 - 1 [S/m]
# name 17 = sal00: Salinity, Practical [PSU]
# name 18 = sal11: Salinity, Practical, 2 [PSU]
# name 19 = sbeox0ML/L: Oxygen, SBE 43 [ml/l]
# name 20 = sbeox1ML/L: Oxygen, SBE 43, 2 [ml/l]
# name 21 = sbeox0ML/Ldiff: Oxygen, SBE 43, Diff, 2 - 1 [ml/l]
# name 22 = sigma-é00: Density [sigma-theta, kg/m^3]
# name 23 = sigma-é11: Density, 2 [sigma-theta, kg/m^3]
# name 24 = nbf: Bottles Fired
# name 25 = flag:  0.000e+00
# interval = seconds: 0.0416667
# start_time = Oct 17 2019 15:31:47 [NMEA time, header]
# bad_flag = -9.990e-29
*END*
      59028 290.675538  -39.97490  -54.99514      0.054    1470.62     33.728     33.467     5.9605     5.9609     0.0004     5.9577     5.9581     0.0004   3.353075   3.353698   0.000623    34.0795    34.0862     7.3182     7.0081    -0.3102    26.8306    26.8358          1  0.000e+00
      59029 290.675538  -39.97490  -54.99514      0.051    1470.62     33.728     33.467     5.9600     5.9609     0.0009     5.9572     5.9581     0.0009   3.353062   3.353679   0.000617    34.0799    34.0860     7.3139     7.0077    -0.3063    26.8310    26.8356          1  0.000e+00
      59030 290.675539  -39.97490  -54.99514      0.047    1470.62     33.721     33.460     5.9602     5.9607     0.0006     5.9574     5.9579     0.0006   3.353062   3.353673   0.000611    34.0797    34.0860     7.3133     7.0073    -0.3059    26.8308    26.8357          1  0.000e+00
      59031 290.675539  -39.97490  -54.99514      0.044    1470.62     33.728     33.467     5.9595     5.9606     0.0010     5.9567     5.9578     0.0010   3.352991   3.353648   0.000657    34.0796    34.0859     7.3133     7.0070    -0.3063    26.8307    26.8356          1  0.000e+00
      59032 290.675540  -39.97490  -54.99514      0.040    1470.62     33.728     33.467     5.9596     5.9612     0.0016     5.9568     5.9584     0.0016   3.353011   3.353661   0.000650    34.0797    34.0854     7.3132     7.0072    -0.3060    26.8308    26.8352          1  0.000e+00
      59033 290.675540  -39.97490  -54.99514      0.033    1470.62     33.680     33.419     5.9598     5.9609     0.0010     5.9571     5.9581     0.0010   3.353075   3.353692   0.000617    34.0802    34.0861     7.3131     7.0076    -0.3055    26.8312    26.8358          1  0.000e+00
      59034 290.675541  -39.97490  -54.99514      0.032    1470.62     33.721     33.460     5.9600     5.9606     0.0006     5.9572     5.9578     0.0006   3.353068   3.353679   0.000611    34.0800    34.0863     7.3127     7.0081    -0.3046    26.8310    26.8359          1  0.000e+00
      59035 290.675541  -39.97490  -54.99514      0.025    1470.62     33.680     33.419     5.9600     5.9610     0.0011     5.9572     5.9582     0.0011   3.353036   3.353673   0.000637    34.0797    34.0858     7.3123     7.0084    -0.3038    26.8308    26.8355          1  0.000e+00
      59036 290.675542  -39.97490  -54.99514      0.024    1470.62     33.728     33.467     5.9600     5.9609     0.0009     5.9572     5.9581     0.0009   3.353068   3.353673   0.000605    34.0800    34.0859     7.3119     7.0090    -0.3030    26.8310    26.8356          1  0.000e+00
      59037 290.675542  -39.97490  -54.99514      0.020    1470.62     33.680     33.419     5.9603     5.9607     0.0004     5.9575     5.9579     0.0004   3.353133   3.353624   0.000491    34.0804    34.0855     7.3120     7.0087    -0.3032    26.8313    26.8353          1  0.000e+00
      59038 290.675543  -39.97490  -54.99514      0.012    1470.62     33.680     33.419     5.9605     5.9602    -0.0002     5.9577     5.9574    -0.0002   3.353126   3.353630   0.000504    34.0802    34.0861     7.3122     7.0086    -0.3036    26.8311    26.8358          1  0.000e+00
      59039 290.675543  -39.97490  -54.99514      0.011    1470.62     33.721     33.460     5.9604     5.9601    -0.0003     5.9576     5.9573    -0.0003   3.353165   3.353618   0.000453    34.0806    34.0861     7.3084     7.0084    -0.3000    26.8315    26.8358          1  0.000e+00
      59040 290.675543  -39.97490  -54.99514      0.007    1470.62     33.680     33.419     5.9608     5.9599    -0.0009     5.9580     5.9571    -0.0009   3.353203   3.353655   0.000451    34.0807    34.0867     7.3123     7.0081    -0.3042    26.8314    26.8363          1  0.000e+00
      59041 290.675544  -39.97490  -54.99514      0.002    1470.62     33.680     33.419     5.9608     5.9602    -0.0006     5.9580     5.9574    -0.0006   3.353165   3.353648   0.000484    34.0802    34.0863     7.3127     7.0086    -0.3042    26.8311    26.8360          1  0.000e+00
      59042 290.675544  -39.97490  -54.99514     -0.002    1470.62     33.680     33.420     5.9609     5.9604    -0.0005     5.9581     5.9576    -0.0005   3.353152   3.353642   0.000490    34.0800    34.0861     7.3132     7.0091    -0.3041    26.8309    26.8358          1  0.000e+00
      59043 290.675545  -39.97490  -54.99514     -0.007    1470.62     33.673     33.413     5.9613     5.9601    -0.0012     5.9585     5.9573    -0.0012   3.353171   3.353661   0.000490    34.0798    34.0866     7.3132     7.0097    -0.3036    26.8307    26.8362          1  0.000e+00
      59044 290.675545  -39.97490  -54.99514     -0.011    1470.62     33.680     33.420     5.9612     5.9609    -0.0003     5.9584     5.9581    -0.0003   3.353184   3.353692   0.000508    34.0801    34.0861     7.3133     7.0101    -0.3032    26.8310    26.8358          1  0.000e+00
      59045 290.675546  -39.97490  -54.99514     -0.012    1470.62     33.680     33.420     5.9611     5.9599    -0.0012     5.9583     5.9571    -0.0012   3.353133   3.353655   0.000522    34.0796    34.0867     7.3135     7.0102    -0.3033    26.8306    26.8363          1  0.000e+00
      59046 290.675546  -39.97490  -54.99514     -0.020    1470.62     33.625     33.365     5.9608     5.9602    -0.0006     5.9580     5.9575    -0.0006   3.353120   3.353642   0.000522    34.0797    34.0862     7.3142     7.0100    -0.3042    26.8307    26.8359          1  0.000e+00
      59047 290.675547  -39.97490  -54.99514     -0.024    1470.62     33.673     33.413     5.9608     5.9609     0.0000     5.9580     5.9581     0.0000   3.353120   3.353642   0.000522    34.0797    34.0856     7.3150     7.0098    -0.3051    26.8307    26.8354          1  0.000e+00
      59048 290.675547  -39.97490  -54.99514     -0.025    1470.62     33.680     33.420     5.9606     5.9607     0.0001     5.9578     5.9579     0.0001   3.353139   3.353661   0.000522    34.0802    34.0859     7.3153     7.0097    -0.3056    26.8311    26.8356          1  0.000e+00
      59049 290.675548  -39.97490  -54.99514     -0.035    1470.62     33.578     33.318     5.9608     5.9604    -0.0004     5.9581     5.9576    -0.0004   3.353152   3.353673   0.000521    34.0801    34.0865     7.3113     7.0103    -0.3011    26.8310    26.8361          1  0.000e+00
      59050 290.675548  -39.97490  -54.99514     -0.036    1470.62     33.680     33.420     5.9610     5.9606    -0.0004     5.9582     5.9578    -0.0004   3.353152   3.353692   0.000540    34.0799    34.0864     7.3113     7.0102    -0.3011    26.8308    26.8360          1  0.000e+00
      59051 290.675549  -39.97490  -54.99514     -0.037    1470.62     33.674     33.413     5.9613     5.9607    -0.0006     5.9585     5.9579    -0.0006   3.353216   3.353698   0.000482    34.0803    34.0864     7.3154     7.0101    -0.3052    26.8311    26.8360          1  0.000e+00
      59052 290.675549  -39.97490  -54.99514     -0.043    1470.62     33.578     33.318     5.9619     5.9612    -0.0007     5.9591     5.9584    -0.0007   3.353261   3.353790   0.000529    34.0803    34.0870     7.3157     7.0098    -0.3058    26.8310    26.8364          1  0.000e+00
      59053 290.675550  -39.97490  -54.99514     -0.046    1470.62     33.680     33.420     5.9623     5.9625     0.0002     5.9595     5.9597     0.0002   3.353293   3.353914   0.000620    34.0802    34.0870     7.3162     7.0096    -0.3066    26.8310    26.8363          1  0.000e+00
      59054 290.675550  -39.97490  -54.99514     -0.050    1470.62     33.578     33.318     5.9618     5.9639     0.0022     5.9590     5.9612     0.0022   3.353280   3.353988   0.000707    34.0806    34.0864     7.3168     7.0092    -0.3076    26.8313    26.8356          1  0.000e+00
      59055 290.675551  -39.97490  -54.99514     -0.055    1470.62     33.626     33.365     5.9624     5.9643     0.0019     5.9596     5.9615     0.0019   3.353338   3.354006   0.000668    34.0807    34.0863     7.3173     7.0091    -0.3082    26.8313    26.8355          1  0.000e+00
      59056 290.675551  -39.97490  -54.99514     -0.058    1470.62     33.619     33.359     5.9634     5.9644     0.0010     5.9606     5.9616     0.0010   3.353428   3.353957   0.000529    34.0806    34.0856     7.3178     7.0090    -0.3088    26.8311    26.8349          1  0.000e+00
      59057 290.675552  -39.97490  -54.99514     -0.063    1470.62     33.626     33.365     5.9643     5.9639    -0.0004     5.9615     5.9612    -0.0004   3.353473   3.353926   0.000453    34.0802    34.0857     7.3183     7.0044    -0.3139    26.8307    26.8351          1  0.000e+00
      59058 290.675552  -39.97490  -54.99514     -0.066    1470.62     33.578     33.318     5.9645     5.9639    -0.0006     5.9617     5.9612    -0.0006   3.353460   3.353938   0.000478    34.0799    34.0859     7.3185     7.0082    -0.3103    26.8304    26.8352          1  0.000e+00
      59059 290.675553  -39.97490  -54.99514     -0.071    1470.62     33.578     33.318     5.9642     5.9639    -0.0002     5.9614     5.9612    -0.0002   3.353454   3.353963   0.000509    34.0802    34.0862     7.3193     7.0081    -0.3112    26.8306    26.8354          1  0.000e+00
      59060 290.675553  -39.97490  -54.99514     -0.075    1470.62     33.571     33.311     5.9645     5.9643    -0.0002     5.9617     5.9615    -0.0002   3.353428   3.353976   0.000547    34.0796    34.0860     7.3200     7.0087    -0.3113    26.8301    26.8352          1  0.000e+00
      59061 290.675554  -39.97490  -54.99514     -0.079    1470.62     33.578     33.318     5.9647     5.9648     0.0001     5.9619     5.9620     0.0001   3.353441   3.354013   0.000571    34.0795    34.0859     7.3203     7.0094    -0.3110    26.8300    26.8351          1  0.000e+00
      59062 290.675554  -39.97490  -54.99514     -0.083    1470.62     33.578     33.318     5.9650     5.9649    -0.0001     5.9622     5.9621    -0.0001   3.353473   3.353988   0.000515    34.0796    34.0855     7.3206     7.0093    -0.3113    26.8301    26.8347          1  0.000e+00
      59063 290.675555  -39.97490  -54.99514     -0.089    1470.62     33.523     33.264     5.9652     5.9644    -0.0007     5.9624     5.9616    -0.0007   3.353505   3.354013   0.000507    34.0798    34.0862     7.3209     7.0093    -0.3116    26.8302    26.8354          1  0.000e+00
      59064 290.675555  -39.97490  -54.99514     -0.092    1470.62     33.571     33.311     5.9658     5.9648    -0.0010     5.9630     5.9620    -0.0010   3.353518   3.353988   0.000470    34.0793    34.0856     7.3213     7.0094    -0.3119    26.8297    26.8349          1  0.000e+00
      59065 290.675556  -39.97490  -54.99514     -0.094    1470.62     33.523     33.264     5.9656     5.9641    -0.0015     5.9628     5.9613    -0.0015   3.353537   3.353951   0.000413    34.0797    34.0859     7.3216     7.0140    -0.3076    26.8301    26.8351          1  0.000e+00
      59066 290.675556  -39.97490  -54.99514     -0.100    1470.62     33.523     33.264     5.9656     5.9644    -0.0012     5.9629     5.9616    -0.0012   3.353525   3.353945   0.000420    34.0795    34.0855     7.3221     7.0101    -0.3120    26.8299    26.8348          1  0.000e+00
      59067 290.675557  -39.97490  -54.99514     -0.104    1470.62     33.523     33.264     5.9655     5.9643    -0.0012     5.9627     5.9615    -0.0012   3.353518   3.353945   0.000426    34.0796    34.0856     7.3226     7.0154    -0.3072    26.8300    26.8350          1  0.000e+00
      59068 290.675557  -39.97490  -54.99514     -0.108    1470.62     33.523     33.264     5.9658     5.9646    -0.0012     5.9630     5.9618    -0.0012   3.353518   3.353926   0.000408    34.0793    34.0851     7.3230     7.0114    -0.3116    26.8297    26.8345          1  0.000e+00
      59069 290.675557  -39.97490  -54.99514     -0.114    1470.62     33.475     33.216     5.9654     5.9643    -0.0012     5.9627     5.9615    -0.0012   3.353518   3.353914   0.000396    34.0797    34.0853     7.3235     7.0114    -0.3121    26.8301    26.8347          1  0.000e+00
      59070 290.675558  -39.97490  -54.99514     -0.117    1470.62     33.523     33.264     5.9656     5.9638    -0.0019     5.9629     5.9610    -0.0019   3.353518   3.353914   0.000396    34.0794    34.0858     7.3240     7.0115    -0.3125    26.8299    26.8351          1  0.000e+00
      59071 290.675558  -39.97490  -54.99514     -0.122    1470.62     33.475     33.216     5.9655     5.9636    -0.0019     5.9627     5.9609    -0.0019   3.353518   3.353932   0.000414    34.0796    34.0862     7.3199     7.0114    -0.3085    26.8301    26.8355          1  0.000e+00
      59072 290.675559  -39.97490  -54.99514     -0.127    1470.62     33.468     33.209     5.9656     5.9638    -0.0018     5.9628     5.9610    -0.0018   3.353557   3.353963   0.000406    34.0800    34.0864     7.3236     7.0113    -0.3122    26.8303    26.8356          1  0.000e+00
      59073 290.675559  -39.97490  -54.99514     -0.127    1470.62     33.475     33.216     5.9656     5.9641    -0.0015     5.9629     5.9613    -0.0015   3.353480   3.353994   0.000514    34.0790    34.0864     7.3237     7.0113    -0.3124    26.8296    26.8356          1  0.000e+00
      59074 290.675560  -39.97490  -54.99514     -0.133    1470.62     33.475     33.216     5.9647     5.9646    -0.0001     5.9619     5.9618    -0.0001   3.353409   3.353957   0.000548    34.0792    34.0855     7.3239     7.0112    -0.3127    26.8298    26.8348          1  0.000e+00
      59075 290.675560  -39.97490  -54.99514     -0.139    1470.62     33.427     33.169     5.9641     5.9639    -0.0002     5.9614     5.9611    -0.0002   3.353345   3.353963   0.000618    34.0791    34.0863     7.3240     7.0158    -0.3082    26.8298    26.8355          1  0.000e+00
      59076 290.675561  -39.97490  -54.99514     -0.141    1470.62     33.475     33.216     5.9639     5.9644     0.0006     5.9611     5.9616     0.0006   3.353351   3.353994   0.000643    34.0794    34.0861     7.3242     7.0164    -0.3078    26.8301    26.8353          1  0.000e+00
      59077 290.675561  -39.97490  -54.99514     -0.145    1470.62     33.421     33.162     5.9637     5.9646     0.0009     5.9609     5.9618     0.0009   3.353364   3.353982   0.000618    34.0797    34.0858     7.3247     7.0170    -0.3077    26.8303    26.8350          1  0.000e+00
      59078 290.675562  -39.97490  -54.99514     -0.149    1470.62     33.427     33.169     5.9637     5.9644     0.0007     5.9609     5.9617     0.0007   3.353402   3.353994   0.000591    34.0801    34.0861     7.3247     7.0176    -0.3072    26.8307    26.8353          1  0.000e+00
      59079 290.675562  -39.97490  -54.99514     -0.151    1470.62     33.428     33.169     5.9641     5.9651     0.0009     5.9614     5.9623     0.0009   3.353402   3.354025   0.000622    34.0797    34.0858     7.3248     7.0180    -0.3067    26.8303    26.8350          1  0.000e+00
      59080 290.675563  -39.97490  -54.99514     -0.153    1470.62     33.428     33.169     5.9643     5.9649     0.0006     5.9616     5.9621     0.0006   3.353435   3.354031   0.000596    34.0799    34.0860     7.3248     7.0186    -0.3062    26.8304    26.8352          1  0.000e+00
      59081 290.675563  -39.97490  -54.99514     -0.158    1470.62     33.366     33.108     5.9645     5.9652     0.0007     5.9617     5.9625     0.0007   3.353454   3.353988   0.000534    34.0800    34.0852     7.3248     7.0190    -0.3058    26.8304    26.8345          1  0.000e+00
      59082 290.675564  -39.97490  -54.99514     -0.164    1470.62     33.373     33.114     5.9647     5.9648     0.0001     5.9619     5.9620     0.0001   3.353473   3.354012   0.000539    34.0800    34.0860     7.3248     7.0195    -0.3053    26.8305    26.8352          1  0.000e+00
