Pos-Processados/process_op38/operantar38_012.ros
* Sea-Bird SBE 9 Data File:
* FileName = D:\OPERANTAR_XXXVIII\DADOS\OP38_012.hdr
* Software Version Seasave V 7.18c
* Temperature SN = 4808
* Conductivity SN = 3380
* Number of Bytes Per Scan = 31
* Number of Voltage Words = 2
* Number of Scans Averaged by the Deck Unit = 1
* NMEA Latitude = 43 26.50 S
* NMEA Longitude = 053 36.73 W
* NMEA UTC (Time) = Oct 20 2019 19:38:05
** H41
** NAVIO POLAR ALMIRANTE MAXIMIANO
** CRUZEIRO:
** OPERANTAR XXXVIII
** ESTAÇÃO: OP38_012
** LAT 43 26,49' S
** LONG 053 36,73'  W
** 09P73767-1155
** PROFUNDIDADE: 5647
** DATA/HORA: 201939Z/OUT/2019
** OPERADOR: SO-HN CHAVES
# nquan = 27
# nvalues = 2234                                  
# units = specified
# name 0 = scan: Scan Count
# name 1 = timeJ: Julian Days
# name 2 = latitude: Latitude [deg]
# name 3 = longitude: Longitude [deg]
# name 4 = dz/dtM: Descent Rate [m/s]
# name 5 = avgsvCM: Average Sound Velocity [Chen-Millero, m/s]
# name 6 = prDM: Pressure, Digiquartz [db]
# name 7 = depSM: Depth [salt water, m]
# name 8 = t090C: Temperature [ITS-90, deg C]
# name 9 = t190C: Temperature, 2 [ITS-90, deg C]
# name 10 = T2-T190C: Temperature Difference, 2 - 1 [ITS-90, deg C]
# name 11 = potemp090C: Potential Temperature [ITS-90, deg C]
# name 12 = potemp190C: Potential Temperature, 2 [ITS-90, deg C]
# name 13 = potemp90Cdiff: Potential Temperature, Diff, 2 - 1 [ITS-90, deg C]
# name 14 = c0S/m: Conductivity [S/m]
# name 15 = c1S/m: Conductivity, 2 [S/m]
# name 16 = C2-C1S/m: Conductivity Difference, 2 - 1 [S/m]
# name 17 = sal00: Salinity, Practical [PSU]
# name 18 = sal11: Salinity, Practical, 2 [PSU]
# name 19 = sbeox0ML/L: Oxygen, SBE 43 [ml/l]
# name 20 = sigma-é00: Density [sigma-theta, kg/m^3]
# name 21 = sigma-é11: Density, 2 [sigma-theta, kg/m^3]
# name 22 = sbox0Mm/Kg: Oxygen, SBE 43 [umol/kg]
# name 23 = oxsolMm/Kg: Oxygen Saturation, Garcia & Gordon [umol/kg]
# name 24 = oxsatMm/Kg: Oxygen Saturation, Weiss [umol/kg]
# name 25 = nbf: Bottles Fired
# name 26 = flag:  0.000e+00
# interval = seconds: 0.0416667
# start_time = Oct 20 2019 19:38:05 [NMEA time, header]
# bad_flag = -9.990e-29
*END*
[from data line 323]
      60834 293.847450  -43.44172  -53.61230      0.032    1476.15     15.115     14.994     9.4550     9.4530    -0.0020     9.4533     9.4513    -0.0020   3.675902   3.676283   0.000381    34.1478    34.1536     6.7050    26.3776    26.3825    291.751  279.58151  279.76423          2  0.000e+00
      60835 293.847451  -43.44172  -53.61230      0.025    1476.15     15.047     14.926     9.4552     9.4537    -0.0015     9.4535     9.4520    -0.0015   3.675935   3.676353   0.000418    34.1480    34.1537     6.7043    26.3777    26.3824    291.717  279.57993  279.76264          2  0.000e+00
      60836 293.847451  -43.44172  -53.61230      0.022    1476.15     15.095     14.974     9.4557     9.4540    -0.0017     9.4541     9.4524    -0.0017   3.675968   3.676436   0.000468    34.1477    34.1542     6.7036    26.3774    26.3828    291.688  279.57680  279.75945          2  0.000e+00
      60837 293.847452  -43.44172  -53.61230      0.021    1476.15     15.115     14.994     9.4556     9.4548    -0.0008     9.4539     9.4532    -0.0008   3.676002   3.676468   0.000467    34.1482    34.1537     6.6989    26.3778    26.3823    291.486  279.57674  279.75942          2  0.000e+00
      60838 293.847452  -43.44172  -53.61230      0.014    1476.15     15.095     14.974     9.4561     9.4548    -0.0013     9.4544     9.4532    -0.0013   3.675988   3.676456   0.000467    34.1476    34.1536     6.6980    26.3772    26.3822    291.445  279.57494  279.75756          2  0.000e+00
      60839 293.847453  -43.44172  -53.61230      0.009    1476.15     15.047     14.927     9.4561     9.4551    -0.0010     9.4544     9.4535    -0.0010   3.676002   3.676443   0.000441    34.1477    34.1532     6.6972    26.3774    26.3818    291.409  279.57462  279.75724          2  0.000e+00
      60840 293.847453  -43.44172  -53.61230      0.009    1476.15     15.116     14.994     9.4561     9.4548    -0.0013     9.4544     9.4532    -0.0013   3.675962   3.676449   0.000487    34.1473    34.1535     6.6961    26.3770    26.3821    291.364  279.57551  279.75813          2  0.000e+00
      60841 293.847454  -43.44172  -53.61230      0.005    1476.15     15.047     14.927     9.4561     9.4545    -0.0016     9.4544     9.4529    -0.0016   3.675968   3.676443   0.000474    34.1474    34.1538     6.6954    26.3771    26.3824    291.333  279.57531  279.75793          2  0.000e+00
      60842 293.847454  -43.44172  -53.61230     -0.002    1476.15     15.068     14.947     9.4562     9.4544    -0.0019     9.4546     9.4527    -0.0019   3.676022   3.676424   0.000402    34.1478    34.1538     6.6948    26.3774    26.3824    291.307  279.57360  279.75621          2  0.000e+00
      60843 293.847455  -43.44172  -53.61230     -0.004    1476.15     15.095     14.974     9.4566     9.4545    -0.0021     9.4549     9.4528    -0.0021   3.676015   3.676424   0.000409    34.1474    34.1536     6.6906    26.3770    26.3822    291.123  279.57232  279.75489          2  0.000e+00
      60844 293.847455  -43.44172  -53.61230     -0.010    1476.15     15.047     14.927     9.4563     9.4546    -0.0017     9.4547     9.4530    -0.0017   3.676035   3.676436   0.000401    34.1478    34.1537     6.6931    26.3774    26.3822    291.233  279.57289  279.75550          2  0.000e+00
      60845 293.847456  -43.44172  -53.61230     -0.012    1476.15     15.068     14.947     9.4567     9.4552    -0.0016     9.4551     9.4535    -0.0016   3.676048   3.676500   0.000452    34.1476    34.1538     6.6961    26.3772    26.3822    291.361  279.57098  279.75355          2  0.000e+00
      60846 293.847456  -43.44172  -53.61230     -0.015    1476.15     15.047     14.927     9.4564     9.4563    -0.0001     9.4548     9.4547    -0.0001   3.675995   3.676827   0.000832    34.1473    34.1561     6.6924    26.3770    26.3838    291.204  279.57331  279.75590          2  0.000e+00
      60847 293.847457  -43.44172  -53.61230     -0.016    1476.15     15.095     14.974     9.4562     9.4614     0.0052     9.4546     9.4598     0.0052   3.675982   3.677358   0.001376    34.1474    34.1567     6.6886    26.3771    26.3835    291.035  279.57446  279.75706          2  0.000e+00
      60848 293.847457  -43.44172  -53.61230     -0.021    1476.15     15.013     14.893     9.4569     9.4667     0.0097     9.4553     9.4650     0.0097   3.676028   3.677684   0.001656    34.1472    34.1551     6.6916    26.3768    26.3814    291.167  279.57053  279.75306          2  0.000e+00
      60849 293.847458  -43.44172  -53.61230     -0.027    1476.15     15.047     14.927     9.4577     9.4680     0.0103     9.4561     9.4664     0.0103   3.676142   3.677582   0.001440    34.1476    34.1527     6.6911    26.3770    26.3793    291.143  279.56490  279.74737          2  0.000e+00
      60850 293.847458  -43.44172  -53.61230     -0.029    1476.15     15.047     14.927     9.4582     9.4660     0.0078     9.4566     9.4644     0.0078   3.676268   3.677351   0.001083    34.1485    34.1522     6.6909    26.3776    26.3792    291.138  279.56020  279.74265          2  0.000e+00
      60851 293.847459  -43.44172  -53.61230     -0.031    1476.15     15.068     14.947     9.4586     9.4642     0.0056     9.4569     9.4625     0.0056   3.676282   3.677223   0.000942    34.1483    34.1526     6.6873    26.3774    26.3799    290.979  279.55850  279.74091          2  0.000e+00
      60852 293.847459  -43.44172  -53.61230     -0.034    1476.15     15.047     14.927     9.4589     9.4626     0.0037     9.4572     9.4609     0.0037   3.676275   3.677127   0.000853    34.1479    34.1532     6.6907    26.3771    26.3806    291.129  279.55738  279.73976          2  0.000e+00
      60853 293.847459  -43.44172  -53.61230     -0.041    1476.15     15.013     14.893     9.4588     9.4614     0.0026     9.4572     9.4598     0.0026   3.676275   3.676999   0.000725    34.1480    34.1530     6.6906    26.3771    26.3806    291.122  279.55755  279.73994          2  0.000e+00
      60854 293.847460  -43.44172  -53.61230     -0.040    1476.15     15.047     14.927     9.4591     9.4604     0.0014     9.4574     9.4588     0.0014   3.676248   3.676923   0.000674    34.1475    34.1531     6.6909    26.3767    26.3809    291.136  279.55711  279.73946          2  0.000e+00
      60855 293.847460  -43.44172  -53.61230     -0.049    1476.15     14.945     14.825     9.4592     9.4596     0.0004     9.4576     9.4580     0.0004   3.676242   3.676827   0.000585    34.1473    34.1530     6.6912    26.3765    26.3809    291.148  279.55653  279.73887          2  0.000e+00
      60856 293.847461  -43.44172  -53.61230     -0.049    1476.15     15.068     14.947     9.4591     9.4591     0.0001     9.4574     9.4575     0.0001   3.676288   3.676782   0.000494    34.1479    34.1529     6.6917    26.3770    26.3809    291.173  279.55630  279.73866          2  0.000e+00
      60857 293.847461  -43.44172  -53.61230     -0.054    1476.15     15.000     14.879     9.4592     9.4589    -0.0003     9.4576     9.4573    -0.0003   3.676308   3.676743   0.000435    34.1480    34.1527     6.6922    26.3770    26.3808    291.192  279.55520  279.73755          2  0.000e+00
      60858 293.847462  -43.44172  -53.61230     -0.058    1476.15     15.047     14.927     9.4599     9.4586    -0.0012     9.4582     9.4570    -0.0012   3.676401   3.676814   0.000412    34.1483    34.1537     6.6927    26.3772    26.3816    291.215  279.55062  279.73292          2  0.000e+00
      60859 293.847462  -43.44172  -53.61230     -0.058    1476.15     15.013     14.893     9.4609     9.4598    -0.0011     9.4592     9.4581    -0.0011   3.676455   3.676961   0.000506    34.1479    34.1542     6.6932    26.3767    26.3818    291.238  279.54535  279.72756          2  0.000e+00
      60860 293.847463  -43.44172  -53.61230     -0.059    1476.15     15.000     14.879     9.4612     9.4603    -0.0009     9.4596     9.4586    -0.0009   3.676515   3.676999   0.000485    34.1482    34.1541     6.6939    26.3769    26.3817    291.268  279.54265  279.72483          2  0.000e+00
      60861 293.847463  -43.44172  -53.61230     -0.062    1476.15     15.000     14.879     9.4617     9.4608    -0.0009     9.4600     9.4591    -0.0009   3.676555   3.677025   0.000470    34.1481    34.1539     6.6947    26.3768    26.3814    291.301  279.53975  279.72189          2  0.000e+00
      60862 293.847464  -43.44172  -53.61230     -0.065    1476.15     15.013     14.893     9.4619     9.4616    -0.0003     9.4603     9.4600    -0.0003   3.676615   3.677326   0.000711    34.1485    34.1562     6.6956    26.3770    26.3831    291.339  279.53749  279.71960          3  0.000e+00
      60863 293.847464  -43.44172  -53.61230     -0.062    1476.15     15.048     14.927     9.4623     9.4650     0.0027     9.4607     9.4634     0.0027   3.676635   3.677793   0.001158    34.1483    34.1578     6.6965    26.3768    26.3837    291.381  279.53545  279.71753          3  0.000e+00
      60864 293.847465  -43.44172  -53.61230     -0.066    1476.15     14.965     14.846     9.4630     9.4683     0.0053     9.4614     9.4667     0.0053   3.676701   3.678113   0.001412    34.1484    34.1579     6.6974    26.3767    26.3833    291.420  279.53110  279.71312          3  0.000e+00
      60865 293.847465  -43.44172  -53.61230     -0.066    1476.15     15.000     14.880     9.4640     9.4703     0.0063     9.4623     9.4687     0.0063   3.676801   3.678196   0.001395    34.1485    34.1569     6.6984    26.3767    26.3822    291.464  279.52514  279.70707          3  0.000e+00
      60866 293.847466  -43.44172  -53.61230     -0.071    1476.15     15.000     14.880     9.4647     9.4721     0.0075     9.4630     9.4705     0.0075   3.676901   3.678305   0.001404    34.1489    34.1563     6.6991    26.3769    26.3814    291.495  279.52017  279.70205          3  0.000e+00
      60867 293.847466  -43.44172  -53.61230     -0.071    1476.15     14.966     14.846     9.4653     9.4731     0.0078     9.4637     9.4715     0.0078   3.676901   3.678414   0.001513    34.1483    34.1565     6.6999    26.3763    26.3814    291.530  279.51746  279.69927          3  0.000e+00
      60868 293.847467  -43.44172  -53.61230     -0.073    1476.15     15.000     14.880     9.4652     9.4741     0.0090     9.4635     9.4725     0.0090   3.676914   3.678241   0.001326    34.1486    34.1537     6.7009    26.3765    26.3791    291.573  279.51783  279.69966          3  0.000e+00
      60869 293.847467  -43.44172  -53.61230     -0.074    1476.15     15.000     14.880     9.4661     9.4710     0.0048     9.4645     9.4693     0.0048   3.677014   3.677780   0.000766    34.1486    34.1520     6.7018    26.3764    26.3782    291.611  279.51163  279.69337          3  0.000e+00
      60870 293.847468  -43.44172  -53.61230     -0.071    1476.15     15.014     14.893     9.4669     9.4675     0.0006     9.4653     9.4659     0.0006   3.677127   3.677409   0.000281    34.1490    34.1514     6.7024    26.3766    26.3784    291.636  279.50598  279.68766          3  0.000e+00
      60871 293.847468  -43.44172  -53.61230     -0.072    1476.15     15.000     14.880     9.4679     9.4655    -0.0024     9.4663     9.4639    -0.0024   3.677201   3.677300   0.000099    34.1489    34.1522     6.7067    26.3763    26.3793    291.823  279.50032  279.68191          3  0.000e+00
      60872 293.847469  -43.44172  -53.61230     -0.072    1476.15     14.945     14.825     9.4684     9.4652    -0.0032     9.4668     9.4636    -0.0032   3.677287   3.677422   0.000134    34.1493    34.1538     6.7077    26.3766    26.3806    291.866  279.49641  279.67796          3  0.000e+00
      60873 293.847469  -43.44172  -53.61230     -0.074    1476.15     14.966     14.846     9.4694     9.4660    -0.0034     9.4678     9.4644    -0.0034   3.677334   3.677556   0.000222    34.1488    34.1544     6.7050    26.3760    26.3809    291.751  279.49133  279.67279          3  0.000e+00
      60874 293.847470  -43.44172  -53.61230     -0.074    1476.15     15.000     14.880     9.4699     9.4668    -0.0031     9.4683     9.4652    -0.0031   3.677367   3.677665   0.000298    34.1487    34.1547     6.7092    26.3759    26.3810    291.931  279.48861  279.67002          3  0.000e+00
      60875 293.847470  -43.44172  -53.61230     -0.074    1476.15     14.966     14.846     9.4701     9.4675    -0.0026     9.4684     9.4659    -0.0026   3.677381   3.677761   0.000380    34.1487    34.1551     6.7100    26.3758    26.3812    291.966  279.48768  279.66908          3  0.000e+00
      60876 293.847471  -43.44172  -53.61230     -0.070    1476.15     15.000     14.880     9.4701     9.4683    -0.0017     9.4684     9.4667    -0.0017   3.677327   3.677780   0.000453    34.1481    34.1545     6.7072    26.3754    26.3806    291.845  279.48882  279.67021          3  0.000e+00
      60877 293.847471  -43.44172  -53.61230     -0.075    1476.15     14.945     14.826     9.4698     9.4687    -0.0011     9.4681     9.4670    -0.0011   3.677361   3.677806   0.000445    34.1488    34.1544     6.7077    26.3760    26.3806    291.867  279.48932  279.67074          3  0.000e+00
      60878 293.847472  -43.44172  -53.61230     -0.072    1476.15     14.966     14.846     9.4704     9.4687    -0.0017     9.4688     9.4670    -0.0017   3.677427   3.677818   0.000391    34.1489    34.1546     6.7119    26.3759    26.3806    292.049  279.48527  279.66664          3  0.000e+00
      60879 293.847472  -43.44172  -53.61230     -0.073    1476.15     14.945     14.826     9.4708     9.4688    -0.0019     9.4691     9.4672    -0.0019   3.677467   3.677818   0.000351    34.1490    34.1544     6.7127    26.3759    26.3805    292.087  279.48297  279.66431          3  0.000e+00
      60880 293.847473  -43.44172  -53.61230     -0.073    1476.15     15.000     14.880     9.4711     9.4687    -0.0024     9.4694     9.4670    -0.0024   3.677481   3.677742   0.000261    34.1488    34.1538     6.7137    26.3757    26.3800    292.129  279.48151  279.66282          3  0.000e+00
      60881 293.847473  -43.44172  -53.61230     -0.069    1476.15     14.966     14.846     9.4708     9.4685    -0.0023     9.4691     9.4668    -0.0023   3.677447   3.677716   0.000269    34.1487    34.1537     6.7143    26.3757    26.3800    292.156  279.48341  279.66475          3  0.000e+00
      60882 293.847473  -43.44172  -53.61230     -0.070    1476.15     14.945     14.826     9.4709     9.4680    -0.0029     9.4693     9.4664    -0.0029   3.677421   3.677742   0.000321    34.1483    34.1544     6.7149    26.3754    26.3806    292.181  279.48333  279.66464          3  0.000e+00
      60883 293.847474  -43.44172  -53.61230     -0.069    1476.15     14.945     14.826     9.4708     9.4677    -0.0031     9.4691     9.4660    -0.0031   3.677414   3.677722   0.000309    34.1484    34.1545     6.7155    26.3755    26.3808    292.207  279.48408  279.66541          3  0.000e+00
      60884 293.847474  -43.44172  -53.61230     -0.070    1476.15     14.966     14.846     9.4719     9.4683    -0.0036     9.4702     9.4667    -0.0036   3.677554   3.677716   0.000162    34.1488    34.1538     6.7122    26.3756    26.3801    292.064  279.47645  279.65769          3  0.000e+00
      60885 293.847475  -43.44172  -53.61230     -0.070    1476.15     14.945     14.826     9.4727     9.4678    -0.0049     9.4711     9.4662    -0.0049   3.677680   3.677742   0.000061    34.1493    34.1546     6.7160    26.3758    26.3808    292.228  279.47029  279.65146          3  0.000e+00
