Pos-Processados/process_op38/operantar38_017.ros
* Sea-Bird SBE 9 Data File:
* FileName = D:\OPERANTAR_XXXVIII\DADOS\OP38_017.hdr
* Software Version Seasave V 7.18c
* Temperature SN = 4808
* Conductivity SN = 3380
* Number of Bytes Per Scan = 34
* Number of Voltage Words = 3
* Number of Scans Averaged by the Deck Unit = 1
* NMEA Latitude = 62 16.17 S
* NMEA Longitude = 058 26.27 W
* NMEA UTC (Time) = Nov 05 2019 14:37:33
** H41
** NAVIO POLAR ALMIRANTE MAXIMIANO
** CRUZEIRO:
** OPERANTAR XXXVIII
** ESTAÇÃO: OP38_017
** LAT 62 16,18' S
** LONG 058 26,25' W
** 09P73767-1155_A
** PROFUNDIDADE: 110
** DATA/HORA: 051438Z/NOV/2019
** OPERADOR: SO-HN CHAVES
# nquan = 27
# nvalues = 1943                                  
# units = specified
# name 0 = scan: Scan Count
# name 1 = timeJ: Julian Days
# name 2 = latitude: Latitude [deg]
# name 3 = longitude: Longitude [deg]
# name 4 = dz/dtM: Descent Rate [m/s]
# name 5 = avgsvCM: Average Sound Velocity [Chen-Millero, m/s]
# name 6 = prDM: Pressure, Digiquartz [db]
# name 7 = depSM: Depth [salt water, m]
# name 8 = t090C: Temperature [ITS-90, deg C]
# name 9 = t190C: Temperature, 2 [ITS-90, deg C]
# name 10 = T2-T190C: Temperature Difference, 2 - 1 [ITS-90, deg C]
# name 11 = potemp090C: Potential Temperature [ITS-90, deg C]
# name 12 = potemp190C: Potential Temperature, 2 [ITS-90, deg C]
# name 13 = potemp90Cdiff: Potential Temperature, Diff, 2 - 1 [ITS-90, deg C]
# name 14 = c0S/m: Conductivity [S/m]
# name 15 = c1S/m: Conductivity, 2 [S/m]
# name 16 = C2-C1S/m: Conductivity Difference, 2 - 1 [S/m]
# name 17 = sal00: Salinity, Practical [PSU]
# name 18 = sal11: Salinity, Practical, 2 [PSU]
# name 19 = sbeox0ML/L: Oxygen, SBE 43 [ml/l]
# name 20 = sigma-é00: Density [sigma-theta, kg/m^3]
# name 21 = sigma-é11: Density, 2 [sigma-theta, kg/m^3]
# name 22 = sbox0Mm/Kg: Oxygen, SBE 43 [umol/kg]
# name 23 = oxsolMm/Kg: Oxygen Saturation, Garcia & Gordon [umol/kg]
# name 24 = oxsatMm/Kg: Oxygen Saturation, Weiss [umol/kg]
# name 25 = nbf: Bottles Fired
# name 26 = flag:  0.000e+00
# interval = seconds: 0.0416667
# start_time = Nov 05 2019 14:37:33 [NMEA time, header]
# bad_flag = -9.990e-29
*END*
[from data line 269]
      15283 309.616780  -62.26956  -58.43786      0.029    1444.65     19.257     19.071    -0.8820    -0.8822    -0.0001    -0.8826    -0.8827    -0.0001   2.769690   2.770087   0.000397    34.1925    34.1980     7.4946    27.4944    27.4989    325.754  358.36482  360.02585          2  0.000e+00
      15284 309.616780  -62.26956  -58.43786      0.035    1444.65     19.325     19.139    -0.8821    -0.8820     0.0001    -0.8826    -0.8825     0.0001   2.769690   2.770099   0.000409    34.1925    34.1979     7.4948    27.4944    27.4988    325.763  358.36531  360.02635          2  0.000e+00
      15285 309.616780  -62.26956  -58.43786      0.036    1444.65     19.257     19.071    -0.8823    -0.8822     0.0001    -0.8828    -0.8827     0.0001   2.769690   2.770064   0.000374    34.1928    34.1977     7.4949    27.4947    27.4986    325.767  358.36666  360.02777          2  0.000e+00
      15286 309.616781  -62.26956  -58.43786      0.035    1444.65     19.311     19.125    -0.8823    -0.8824    -0.0001    -0.8828    -0.8829    -0.0001   2.769654   2.770064   0.000410    34.1923    34.1979     7.4952    27.4942    27.4988    325.776  358.36813  360.02921          2  0.000e+00
      15287 309.616781  -62.26956  -58.43786      0.036    1444.65     19.257     19.071    -0.8824    -0.8822     0.0002    -0.8829    -0.8827     0.0002   2.769654   2.770070   0.000416    34.1924    34.1978     7.4952    27.4943    27.4987    325.780  358.36840  360.02950          2  0.000e+00
      15288 309.616782  -62.26956  -58.43786      0.038    1444.65     19.325     19.139    -0.8823    -0.8823     0.0001    -0.8828    -0.8828     0.0001   2.769642   2.770087   0.000445    34.1921    34.1981     7.4954    27.4941    27.4989    325.789  358.36861  360.02968          2  0.000e+00
      15289 309.616782  -62.26956  -58.43786      0.034    1444.65     19.257     19.071    -0.8821    -0.8820     0.0001    -0.8826    -0.8825     0.0001   2.769696   2.770081   0.000385    34.1926    34.1978     7.4954    27.4945    27.4987    325.788  358.36496  360.02601          2  0.000e+00
      15290 309.616783  -62.26956  -58.43786      0.037    1444.65     19.311     19.125    -0.8817    -0.8821    -0.0004    -0.8822    -0.8826    -0.0004   2.769714   2.770116   0.000402    34.1924    34.1983     7.4955    27.4943    27.4991    325.793  358.36180  360.02275          2  0.000e+00
      15291 309.616783  -62.26956  -58.43786      0.036    1444.65     19.277     19.091    -0.8819    -0.8816     0.0004    -0.8824    -0.8821     0.0004   2.769738   2.770127   0.000389    34.1930    34.1979     7.4956    27.4948    27.4987    325.798  358.36229  360.02332          2  0.000e+00
      15292 309.616784  -62.26956  -58.43786      0.037    1444.65     19.311     19.125    -0.8817    -0.8820    -0.0003    -0.8822    -0.8825    -0.0003   2.769762   2.770162   0.000400    34.1930    34.1988     7.4957    27.4948    27.4995    325.802  358.35997  360.02095          2  0.000e+00
      15293 309.616784  -62.26956  -58.43786      0.034    1444.65     19.257     19.071    -0.8807    -0.8820    -0.0013    -0.8812    -0.8825    -0.0013   2.769810   2.770127   0.000318    34.1926    34.1983     7.4956    27.4944    27.4991    325.797  358.35180  360.01254          2  0.000e+00
      15294 309.616785  -62.26956  -58.43786      0.038    1444.65     19.325     19.139    -0.8803    -0.8817    -0.0014    -0.8808    -0.8822    -0.0014   2.769822   2.770122   0.000300    34.1922    34.1979     7.4957    27.4941    27.4988    325.802  358.34889  360.00953          2  0.000e+00
      15295 309.616785  -62.26956  -58.43786      0.038    1444.65     19.311     19.125    -0.8804    -0.8818    -0.0014    -0.8809    -0.8823    -0.0014   2.769828   2.770145   0.000317    34.1925    34.1983     7.4959    27.4943    27.4991    325.808  358.34938  360.01005          2  0.000e+00
      15296 309.616786  -62.26956  -58.43786      0.039    1444.65     19.311     19.125    -0.8806    -0.8819    -0.0012    -0.8812    -0.8824    -0.0012   2.769822   2.770150   0.000329    34.1926    34.1985     7.4961    27.4945    27.4993    325.816  358.35107  360.01181          2  0.000e+00
      15297 309.616786  -62.26956  -58.43786      0.036    1444.65     19.277     19.091    -0.8810    -0.8820    -0.0010    -0.8815    -0.8825    -0.0010   2.769786   2.770133   0.000347    34.1926    34.1984     7.4962    27.4944    27.4992    325.823  358.35459  360.01539          2  0.000e+00
      15298 309.616787  -62.26956  -58.43786      0.038    1444.65     19.311     19.125    -0.8809    -0.8819    -0.0009    -0.8814    -0.8824    -0.0009   2.769768   2.770110   0.000342    34.1922    34.1980     7.4964    27.4942    27.4988    325.831  358.35497  360.01574          2  0.000e+00
      15299 309.616787  -62.26956  -58.43786      0.039    1444.65     19.311     19.125    -0.8812    -0.8823    -0.0011    -0.8817    -0.8828    -0.0011   2.769768   2.770139   0.000371    34.1925    34.1988     7.4966    27.4944    27.4995    325.838  358.35644  360.01728          2  0.000e+00
      15300 309.616788  -62.26956  -58.43786      0.036    1444.65     19.277     19.091    -0.8814    -0.8820    -0.0006    -0.8819    -0.8825    -0.0006   2.769786   2.770110   0.000324    34.1930    34.1981     7.4967    27.4948    27.4990    325.843  358.35716  360.01808          2  0.000e+00
      15301 309.616788  -62.26956  -58.43786      0.037    1444.65     19.311     19.125    -0.8813    -0.8823    -0.0010    -0.8818    -0.8828    -0.0010   2.769774   2.770058   0.000285    34.1927    34.1977     7.4968    27.4946    27.4986    325.850  358.35694  360.01782          2  0.000e+00
      15302 309.616789  -62.26956  -58.43786      0.034    1444.65     19.311     19.125    -0.8812    -0.8828    -0.0016    -0.8817    -0.8833    -0.0016   2.769726   2.770030   0.000304    34.1920    34.1979     7.4970    27.4940    27.4988    325.857  358.35841  360.01923          2  0.000e+00
      15303 309.616789  -62.26956  -58.43786      0.039    1444.65     19.325     19.139    -0.8816    -0.8833    -0.0017    -0.8821    -0.8838    -0.0017   2.769696   2.770041   0.000345    34.1920    34.1987     7.4964    27.4940    27.4995    325.832  358.36214  360.02306          2  0.000e+00
      15304 309.616790  -62.26956  -58.43786      0.038    1444.65     19.311     19.125    -0.8816    -0.8817    -0.0001    -0.8821    -0.8822    -0.0001   2.769690   2.770047   0.000357    34.1919    34.1969     7.4913    27.4939    27.4980    325.609  358.36198  360.02288          2  0.000e+00
      15305 309.616790  -62.26956  -58.43786      0.037    1444.65     19.311     19.125    -0.8826    -0.8829    -0.0003    -0.8831    -0.8834    -0.0003   2.769690   2.770064   0.000374    34.1930    34.1985     7.4960    27.4949    27.4993    325.814  358.36822  360.02940          2  0.000e+00
      15306 309.616791  -62.26956  -58.43786      0.038    1444.65     19.325     19.139    -0.8826    -0.8826    -0.0000    -0.8831    -0.8832    -0.0000   2.769708   2.770076   0.000368    34.1933    34.1984     7.4910    27.4951    27.4992    325.594  358.36792  360.02913          2  0.000e+00
      15307 309.616791  -62.26956  -58.43786      0.033    1444.65     19.257     19.071    -0.8821    -0.8824    -0.0003    -0.8826    -0.8829    -0.0003   2.769732   2.770053   0.000321    34.1931    34.1978     7.4954    27.4949    27.4987    325.785  358.36359  360.02466          2  0.000e+00
      15308 309.616792  -62.26956  -58.43786      0.037    1444.65     19.359     19.172    -0.8811    -0.8823    -0.0012    -0.8816    -0.8828    -0.0012   2.769816   2.770047   0.000231    34.1931    34.1975     7.4954    27.4948    27.4985    325.787  358.35432  360.01518          3  0.000e+00
      15309 309.616792  -62.26956  -58.43786      0.031    1444.65     19.257     19.071    -0.8804    -0.8823    -0.0019    -0.8809    -0.8828    -0.0019   2.769863   2.770081   0.000218    34.1930    34.1981     7.4953    27.4947    27.4990    325.783  358.34791  360.00861          3  0.000e+00
      15310 309.616793  -62.26956  -58.43786      0.032    1444.65     19.325     19.139    -0.8805    -0.8824    -0.0019    -0.8810    -0.8829    -0.0019   2.769840   2.770064   0.000225    34.1927    34.1979     7.4895    27.4945    27.4988    325.533  358.34931  360.01001          3  0.000e+00
      15311 309.616793  -62.26956  -58.43786      0.036    1444.65     19.359     19.172    -0.8802    -0.8823    -0.0021    -0.8807    -0.8828    -0.0021   2.769863   2.770047   0.000184    34.1926    34.1976     7.4889    27.4945    27.4985    325.505  358.34662  360.00725          3  0.000e+00
      15312 309.616793  -62.26956  -58.43786      0.036    1444.65     19.311     19.125    -0.8801    -0.8823    -0.0022    -0.8806    -0.8828    -0.0022   2.769875   2.770047   0.000172    34.1927    34.1976     7.4882    27.4945    27.4985    325.476  358.34534  360.00595          3  0.000e+00
      15313 309.616794  -62.26956  -58.43786      0.034    1444.65     19.325     19.139    -0.8802    -0.8823    -0.0021    -0.8807    -0.8828    -0.0021   2.769834   2.770047   0.000213    34.1923    34.1976     7.4929    27.4941    27.4986    325.680  358.34770  360.00831          3  0.000e+00
      15314 309.616794  -62.26956  -58.43786      0.034    1444.65     19.311     19.125    -0.8801    -0.8825    -0.0025    -0.8806    -0.8831    -0.0025   2.769822   2.770064   0.000243    34.1920    34.1981     7.4923    27.4939    27.4990    325.654  358.34740  360.00797          3  0.000e+00
      15315 309.616795  -62.26956  -58.43786      0.030    1444.65     19.257     19.071    -0.8803    -0.8825    -0.0022    -0.8808    -0.8830    -0.0022   2.769822   2.770053   0.000231    34.1923    34.1979     7.4925    27.4942    27.4988    325.662  358.34877  360.00941          3  0.000e+00
      15316 309.616795  -62.26956  -58.43786      0.030    1444.65     19.325     19.139    -0.8809    -0.8820    -0.0011    -0.8814    -0.8825    -0.0011   2.769804   2.770064   0.000261    34.1926    34.1974     7.4877    27.4945    27.4984    325.452  358.35325  360.01404          3  0.000e+00
      15317 309.616796  -62.26956  -58.43786      0.032    1444.65     19.359     19.172    -0.8811    -0.8822    -0.0011    -0.8816    -0.8827    -0.0011   2.769792   2.770070   0.000278    34.1927    34.1977     7.4872    27.4946    27.4987    325.431  358.35524  360.01608          3  0.000e+00
      15318 309.616796  -62.26956  -58.43786      0.029    1444.65     19.311     19.125    -0.8810    -0.8827    -0.0017    -0.8815    -0.8832    -0.0017   2.769774   2.770053   0.000279    34.1924    34.1981     7.4918    27.4943    27.4990    325.632  358.35511  360.01590          3  0.000e+00
      15319 309.616797  -62.26956  -58.43786      0.026    1444.65     19.277     19.091    -0.8812    -0.8826    -0.0014    -0.8817    -0.8832    -0.0014   2.769786   2.770047   0.000261    34.1928    34.1980     7.4921    27.4946    27.4989    325.643  358.35606  360.01693          3  0.000e+00
      15320 309.616797  -62.26956  -58.43786      0.024    1444.65     19.311     19.125    -0.8816    -0.8824    -0.0008    -0.8821    -0.8829    -0.0008   2.769756   2.770007   0.000251    34.1929    34.1972     7.4925    27.4947    27.4982    325.660  358.35983  360.02079          3  0.000e+00
      15321 309.616798  -62.26956  -58.43786      0.024    1444.65     19.311     19.125    -0.8820    -0.8833    -0.0012    -0.8826    -0.8838    -0.0012   2.769702   2.769995   0.000293    34.1926    34.1980     7.4928    27.4945    27.4989    325.676  358.36446  360.02550          3  0.000e+00
      15322 309.616798  -62.26956  -58.43786      0.023    1444.65     19.325     19.138    -0.8822    -0.8827    -0.0005    -0.8827    -0.8832    -0.0005   2.769690   2.770012   0.000322    34.1926    34.1976     7.4932    27.4945    27.4986    325.690  358.36604  360.02712          3  0.000e+00
      15323 309.616799  -62.26956  -58.43786      0.024    1444.65     19.359     19.172    -0.8826    -0.8827    -0.0001    -0.8831    -0.8832    -0.0001   2.769672   2.770001   0.000329    34.1928    34.1974     7.4927    27.4947    27.4984    325.671  358.36936  360.03053          3  0.000e+00
      15324 309.616799  -62.26956  -58.43786      0.023    1444.65     19.311     19.125    -0.8824    -0.8829    -0.0006    -0.8829    -0.8835    -0.0006   2.769702   2.769995   0.000293    34.1930    34.1976     7.4928    27.4948    27.4986    325.676  358.36666  360.02780          3  0.000e+00
      15325 309.616800  -62.26956  -58.43786      0.023    1444.65     19.277     19.091    -0.8825    -0.8827    -0.0002    -0.8830    -0.8832    -0.0002   2.769678   2.770012   0.000334    34.1928    34.1976     7.4931    27.4947    27.4986    325.686  358.36825  360.02940          3  0.000e+00
      15326 309.616800  -62.26956  -58.43786      0.021    1444.65     19.311     19.125    -0.8824    -0.8831    -0.0007    -0.8829    -0.8836    -0.0007   2.769684   2.770001   0.000317    34.1928    34.1979     7.4933    27.4946    27.4988    325.696  358.36735  360.02847          3  0.000e+00
      15327 309.616801  -62.26956  -58.43786      0.020    1444.65     19.311     19.125    -0.8825    -0.8830    -0.0005    -0.8830    -0.8836    -0.0005   2.769654   2.769972   0.000318    34.1925    34.1974     7.4936    27.4944    27.4984    325.708  358.36923  360.03036          3  0.000e+00
      15328 309.616801  -62.26956  -58.43786      0.018    1444.65     19.325     19.138    -0.8824    -0.8831    -0.0007    -0.8829    -0.8836    -0.0007   2.769678   2.769990   0.000311    34.1927    34.1977     7.4938    27.4946    27.4987    325.717  358.36760  360.02872          3  0.000e+00
      15329 309.616802  -62.26956  -58.43786      0.019    1444.65     19.311     19.125    -0.8825    -0.8827    -0.0002    -0.8830    -0.8832    -0.0002   2.769636   2.769955   0.000319    34.1922    34.1968     7.4941    27.4942    27.4979    325.729  358.36991  360.03103          3  0.000e+00
      15330 309.616802  -62.26956  -58.43786      0.018    1444.65     19.311     19.125    -0.8826    -0.8833    -0.0007    -0.8831    -0.8838    -0.0007   2.769630   2.769961   0.000330    34.1922    34.1975     7.4943    27.4942    27.4985    325.739  358.37051  360.03164          3  0.000e+00
      15331 309.616803  -62.26956  -58.43786      0.015    1444.65     19.311     19.125    -0.8825    -0.8832    -0.0007    -0.8830    -0.8837    -0.0007   2.769636   2.769967   0.000330    34.1922    34.1975     7.4945    27.4942    27.4985    325.749  358.36991  360.03103          3  0.000e+00
      15332 309.616803  -62.26956  -58.43786      0.011    1444.65     19.277     19.091    -0.8829    -0.8833    -0.0004    -0.8834    -0.8838    -0.0004   2.769618   2.769949   0.000331    34.1924    34.1974     7.4948    27.4944    27.4984    325.760  358.37274  360.03395          3  0.000e+00
      15333 309.616804  -62.26956  -58.43786      0.012    1444.65     19.311     19.125    -0.8830    -0.8829     0.0001    -0.8835    -0.8834     0.0001   2.769612   2.769921   0.000308    34.1924    34.1965     7.4951    27.4944    27.4977    325.772  358.37377  360.03500          3  0.000e+00
      15334 309.616804  -62.26956  -58.43786      0.009    1444.65     19.311     19.125    -0.8829    -0.8834    -0.0006    -0.8834    -0.8839    -0.0006   2.769588   2.769932   0.000344    34.1920    34.1973     7.4953    27.4940    27.4983    325.782  358.37395  360.03513          3  0.000e+00
      15335 309.616805  -62.26956  -58.43786      0.011    1444.65     19.325     19.138    -0.8828    -0.8835    -0.0007    -0.8833    -0.8840    -0.0007   2.769606   2.769961   0.000354    34.1921    34.1978     7.4955    27.4942    27.4987    325.792  358.37292  360.03410          3  0.000e+00
