Pos-Processados/process_op38/operantar38_014b.ros
* Sea-Bird SBE 9 Data File:
* FileName = D:\OPERANTAR_XXXVIII\DADOS\OP38_014b.hdr
* Software Version Seasave V 7.18c
* Temperature SN = 4808
* Conductivity SN = 3380
* Number of Bytes Per Scan = 34
* Number of Voltage Words = 3
* Number of Scans Averaged by the Deck Unit = 1
* NMEA Latitude = 62 11.38 S
* NMEA Longitude = 058 03.45 W
* NMEA UTC (Time) = Nov 05 2019 06:44:07
** H41
** NAVIO POLAR ALMIRANTE MAXIMIANO
** CRUZEIRO:
** OPERANTAR XXXVIII
** ESTAÇÃO: OP38_014b
** LAT 62 11,38' S
** LONG 058 03,42' W
** 09P73767-1155_A
** PROFUNDIDADE: 480
** DATA/HORA: 050645Z/NOV/2019
** OPERADOR: SO-HN CHAVES
# nquan = 24
# nvalues = 1836                                  
# units = specified
# name 0 = scan: Scan Count
# name 1 = timeJ: Julian Days
# name 2 = latitude: Latitude [deg]
# name 3 = longitude: Longitude [deg]
# name 4 = dz/dtM: Descent Rate [m/s]
# name 5 = avgsvCM: Average Sound Velocity [Chen-Millero, m/s]
# name 6 = prDM: Pressure, Digiquartz [db]
# name 7 = depSM: Depth [salt water, m]
# name 8 = t090C: Temperature [ITS-90, deg C]
# name 9 = t190C: Temperature, 2 [ITS-90, deg C]
# name 10 = T2-T190C: Temperature Difference, 2 - 1 [ITS-90, deg C]
# name 11 = potemp090C: Potential Temperature [ITS-90, deg C]
# name 12 = potemp190C: Potential Temperature, 2 [ITS-90, deg C]
# name 13 = potemp90Cdiff: Potential Temperature, Diff, 2 - 1 [ITS-90, deg C]
# name 14 = c0S/m: Conductivity [S/m]
# name 15 = c1S/m: Conductivity, 2 [S/m]
# name 16 = C2-C1S/m: Conductivity Difference, 2 - 1 [S/m]
# name 17 = sal00: Salinity, Practical [PSU]
# name 18 = sal11: Salinity, Practical, 2 [PSU]
# name 19 = sbeox0ML/L: Oxygen, SBE 43 [ml/l]
# name 20 = sigma-é00: Density [sigma-theta, kg/m^3]
# name 21 = sigma-é11: Density, 2 [sigma-theta, kg/m^3]
# name 22 = nbf: Bottles Fired
# name 23 = flag:  0.000e+00
# interval = seconds: 0.0416667
# start_time = Nov 05 2019 06:44:07 [NMEA time, header]
# bad_flag = -9.990e-29
*END*
[from data line 302]
       2548 309.281865  -62.18966  -58.05752      0.243       0.00      1.605      1.590    -0.7249    -0.7252    -0.0003    -0.7250    -0.7253    -0.0003   2.779044   2.779429   0.000385    34.1522    34.1578     7.6555    27.4555    27.4600          3  0.000e+00
       2549 309.281865  -62.18966  -58.05752      0.250       0.00      1.708      1.691    -0.7248    -0.7248    -0.0000    -0.7249    -0.7249    -0.0000   2.779050   2.779429   0.000379    34.1521    34.1573     7.6556    27.4554    27.4595          3  0.000e+00
       2550 309.281866  -62.18966  -58.05752      0.259       0.00      1.708      1.691    -0.7245    -0.7260    -0.0015    -0.7246    -0.7260    -0.0015   2.779038   2.779446   0.000408    34.1516    34.1588     7.6555    27.4549    27.4608          3  0.000e+00
       2551 309.281866  -62.18966  -58.05752      0.261       0.00      1.660      1.644    -0.7247    -0.7259    -0.0012    -0.7247    -0.7260    -0.0012   2.779056   2.779417   0.000361    34.1521    34.1584     7.6554    27.4553    27.4605          3  0.000e+00
       2552 309.281867  -62.18966  -58.05752      0.264       0.00      1.708      1.691    -0.7248    -0.7257    -0.0009    -0.7249    -0.7257    -0.0009   2.779044   2.779463   0.000419    34.1520    34.1587     7.6554    27.4553    27.4607          3  0.000e+00
       2553 309.281867  -62.18966  -58.05752      0.273       0.00      1.756      1.739    -0.7248    -0.7255    -0.0007    -0.7249    -0.7255    -0.0007   2.779056   2.779527   0.000471    34.1522    34.1593     7.6553    27.4554    27.4612          3  0.000e+00
       2554 309.281868  -62.18966  -58.05752      0.274       0.00      1.708      1.691    -0.7252    -0.7250     0.0002    -0.7252    -0.7250     0.0002   2.779032   2.779532   0.000500    34.1523    34.1589     7.6552    27.4555    27.4608          3  0.000e+00
       2555 309.281868  -62.18966  -58.05752      0.273       0.00      1.728      1.712    -0.7245    -0.7247    -0.0002    -0.7246    -0.7248    -0.0002   2.779074   2.779515   0.000441    34.1521    34.1584     7.6497    27.4553    27.4604          3  0.000e+00
       2556 309.281869  -62.18966  -58.05752      0.278       0.00      1.756      1.739    -0.7242    -0.7247    -0.0004    -0.7243    -0.7247    -0.0004   2.779146   2.779550   0.000404    34.1527    34.1587     7.6546    27.4558    27.4607          3  0.000e+00
       2557 309.281869  -62.18966  -58.05752      0.278       0.00      1.756      1.739    -0.7240    -0.7243    -0.0002    -0.7241    -0.7243    -0.0002   2.779170   2.779561   0.000391    34.1529    34.1584     7.6544    27.4559    27.4604          3  0.000e+00
       2558 309.281870  -62.18966  -58.05752      0.279       0.00      1.810      1.793    -0.7243    -0.7248    -0.0005    -0.7244    -0.7249    -0.0005   2.779134   2.779601   0.000467    34.1527    34.1596     7.6543    27.4558    27.4614          3  0.000e+00
       2559 309.281870  -62.18966  -58.05752      0.280       0.00      1.756      1.739    -0.7242    -0.7247    -0.0005    -0.7243    -0.7248    -0.0005   2.779110   2.779578   0.000468    34.1523    34.1592     7.6540    27.4554    27.4611          3  0.000e+00
       2560 309.281871  -62.18966  -58.05752      0.283       0.00      1.810      1.793    -0.7245    -0.7241     0.0004    -0.7245    -0.7241     0.0004   2.779092   2.779561   0.000469    34.1522    34.1582     7.6538    27.4554    27.4602          3  0.000e+00
       2561 309.281871  -62.18966  -58.05752      0.277       0.00      1.756      1.739    -0.7242    -0.7240     0.0002    -0.7243    -0.7240     0.0002   2.779110   2.779561   0.000451    34.1523    34.1581     7.6534    27.4554    27.4601          3  0.000e+00
       2562 309.281872  -62.18966  -58.05752      0.280       0.00      1.858      1.840    -0.7243    -0.7243    -0.0000    -0.7244    -0.7244    -0.0000   2.779122   2.779561   0.000439    34.1525    34.1584     7.6480    27.4556    27.4604          3  0.000e+00
       2563 309.281872  -62.18966  -58.05752      0.279       0.00      1.810      1.793    -0.7240    -0.7245    -0.0005    -0.7241    -0.7246    -0.0005   2.779128   2.779544   0.000416    34.1523    34.1584     7.6519    27.4554    27.4604          3  0.000e+00
       2564 309.281873  -62.18966  -58.05752      0.277       0.00      1.776      1.759    -0.7239    -0.7247    -0.0009    -0.7239    -0.7248    -0.0009   2.779140   2.779532   0.000392    34.1523    34.1586     7.6463    27.4554    27.4606          3  0.000e+00
       2565 309.281873  -62.18966  -58.05752      0.275       0.00      1.858      1.840    -0.7240    -0.7242    -0.0002    -0.7241    -0.7243    -0.0002   2.779128   2.779538   0.000410    34.1522    34.1580     7.6461    27.4554    27.4601          3  0.000e+00
       2566 309.281874  -62.18966  -58.05752      0.273       0.00      1.810      1.793    -0.7240    -0.7246    -0.0006    -0.7241    -0.7247    -0.0006   2.779122   2.779573   0.000451    34.1522    34.1589     7.6509    27.4554    27.4608          3  0.000e+00
       2567 309.281874  -62.18966  -58.05752      0.272       0.00      1.858      1.840    -0.7242    -0.7247    -0.0004    -0.7243    -0.7247    -0.0004   2.779122   2.779509   0.000387    34.1524    34.1581     7.6514    27.4555    27.4602          3  0.000e+00
       2568 309.281875  -62.18966  -58.05752      0.269       0.00      1.858      1.840    -0.7245    -0.7249    -0.0004    -0.7246    -0.7250    -0.0004   2.779110   2.779538   0.000428    34.1525    34.1588     7.6519    27.4557    27.4607          3  0.000e+00
       2569 309.281875  -62.18966  -58.05752      0.269       0.00      1.858      1.840    -0.7243    -0.7242     0.0001    -0.7244    -0.7243     0.0001   2.779116   2.779561   0.000445    34.1524    34.1583     7.6515    27.4556    27.4603          3  0.000e+00
       2570 309.281875  -62.18966  -58.05752      0.267       0.00      1.858      1.840    -0.7242    -0.7243    -0.0001    -0.7243    -0.7244    -0.0001   2.779122   2.779578   0.000456    34.1524    34.1587     7.6519    27.4555    27.4606          3  0.000e+00
       2571 309.281876  -62.18966  -58.05752      0.262       0.00      1.858      1.840    -0.7240    -0.7244    -0.0004    -0.7241    -0.7245    -0.0004   2.779098   2.779590   0.000492    34.1518    34.1589     7.6515    27.4551    27.4608          3  0.000e+00
       2572 309.281876  -62.18966  -58.05752      0.261       0.00      1.913      1.895    -0.7239    -0.7243    -0.0005    -0.7239    -0.7244    -0.0005   2.779128   2.779584   0.000456    34.1520    34.1587     7.6511    27.4552    27.4607          3  0.000e+00
       2573 309.281877  -62.18966  -58.05752      0.259       0.00      1.879      1.861    -0.7238    -0.7238    -0.0000    -0.7239    -0.7239    -0.0000   2.779152   2.779590   0.000438    34.1523    34.1582     7.6454    27.4554    27.4603          3  0.000e+00
       2574 309.281877  -62.18966  -58.05752      0.253       0.00      1.858      1.840    -0.7238    -0.7239    -0.0001    -0.7238    -0.7239    -0.0001   2.779164   2.779607   0.000443    34.1524    34.1586     7.6442    27.4555    27.4605          3  0.000e+00
       2575 309.281878  -62.18966  -58.05752      0.251       0.00      1.913      1.895    -0.7240    -0.7237     0.0004    -0.7241    -0.7237     0.0004   2.779110   2.779578   0.000468    34.1520    34.1579     7.6439    27.4552    27.4600          3  0.000e+00
       2576 309.281878  -62.18966  -58.05752      0.248       0.00      1.913      1.895    -0.7247    -0.7236     0.0011    -0.7247    -0.7236     0.0011   2.779092   2.779601   0.000509    34.1524    34.1581     7.6488    27.4556    27.4601          3  0.000e+00
       2577 309.281879  -62.18966  -58.05752      0.243       0.00      1.858      1.840    -0.7247    -0.7237     0.0010    -0.7247    -0.7237     0.0010   2.779050   2.779596   0.000545    34.1519    34.1581     7.6492    27.4552    27.4602          3  0.000e+00
       2578 309.281879  -62.18966  -58.05752      0.238       0.00      1.913      1.895    -0.7242    -0.7241     0.0002    -0.7243    -0.7241     0.0002   2.779092   2.779584   0.000492    34.1519    34.1584     7.6443    27.4552    27.4604          3  0.000e+00
       2579 309.281880  -62.18966  -58.05752      0.232       0.00      1.913      1.895    -0.7238    -0.7245    -0.0008    -0.7238    -0.7246    -0.0008   2.779092   2.779567   0.000475    34.1514    34.1587     7.6491    27.4547    27.4606          3  0.000e+00
       2580 309.281880  -62.18966  -58.05752      0.227       0.00      1.913      1.895    -0.7239    -0.7243    -0.0004    -0.7239    -0.7243    -0.0004   2.779092   2.779578   0.000486    34.1515    34.1586     7.6443    27.4548    27.4606          3  0.000e+00
       2581 309.281881  -62.18966  -58.05752      0.220       0.00      1.824      1.806    -0.7243    -0.7247    -0.0003    -0.7244    -0.7247    -0.0003   2.779110   2.779550   0.000440    34.1523    34.1587     7.6440    27.4555    27.4606          3  0.000e+00
       2582 309.281881  -62.18966  -58.05752      0.219       0.00      2.009      1.989    -0.7242    -0.7243    -0.0001    -0.7243    -0.7243    -0.0001   2.779140   2.779596   0.000456    34.1525    34.1588     7.6482    27.4556    27.4607          3  0.000e+00
       2583 309.281882  -62.18966  -58.05752      0.214       0.00      1.913      1.894    -0.7239    -0.7243    -0.0005    -0.7239    -0.7244    -0.0005   2.779134   2.779561   0.000427    34.1521    34.1584     7.6425    27.4553    27.4604          3  0.000e+00
       2584 309.281882  -62.18966  -58.05752      0.208       0.00      1.913      1.894    -0.7239    -0.7244    -0.0006    -0.7239    -0.7245    -0.0006   2.779158   2.779532   0.000375    34.1524    34.1581     7.6414    27.4555    27.4602          3  0.000e+00
       2585 309.281883  -62.18966  -58.05752      0.201       0.00      1.913      1.894    -0.7240    -0.7239     0.0001    -0.7240    -0.7239     0.0001   2.779134   2.779538   0.000404    34.1522    34.1576     7.6411    27.4554    27.4597          3  0.000e+00
       2586 309.281883  -62.18966  -58.05752      0.199       0.00      1.961      1.942    -0.7239    -0.7239    -0.0000    -0.7239    -0.7239    -0.0000   2.779122   2.779555   0.000433    34.1519    34.1578     7.6460    27.4551    27.4599          3  0.000e+00
       2587 309.281884  -62.18966  -58.05752      0.192       0.00      1.913      1.894    -0.7239    -0.7240    -0.0001    -0.7239    -0.7240    -0.0001   2.779146   2.779561   0.000415    34.1522    34.1580     7.6464    27.4554    27.4601          3  0.000e+00
       2588 309.281884  -62.18966  -58.05752      0.185       0.00      1.913      1.894    -0.7240    -0.7242    -0.0002    -0.7241    -0.7243    -0.0002   2.779146   2.779578   0.000432    34.1524    34.1585     7.6470    27.4556    27.4605          3  0.000e+00
       2589 309.281885  -62.18966  -58.05752      0.177       0.00      1.913      1.894    -0.7238    -0.7240    -0.0002    -0.7238    -0.7240    -0.0002   2.779146   2.779567   0.000421    34.1521    34.1581     7.6474    27.4553    27.4601          3  0.000e+00
       2590 309.281885  -62.18966  -58.05752      0.167       0.00      1.824      1.806    -0.7235    -0.7242    -0.0007    -0.7235    -0.7243    -0.0007   2.779164   2.779561   0.000397    34.1521    34.1583     7.6477    27.4553    27.4603          3  0.000e+00
       2591 309.281886  -62.18966  -58.05752      0.167       0.00      2.063      2.044    -0.7233    -0.7240    -0.0007    -0.7234    -0.7240    -0.0007   2.779134   2.779561   0.000427    34.1513    34.1579     7.6484    27.4547    27.4600          3  0.000e+00
       2592 309.281886  -62.18966  -58.05752      0.159       0.00      1.913      1.894    -0.7233    -0.7241    -0.0008    -0.7233    -0.7241    -0.0008   2.779188   2.779561   0.000373    34.1522    34.1581     7.6436    27.4553    27.4602          3  0.000e+00
       2593 309.281887  -62.18966  -58.05752      0.151       0.00      1.913      1.894    -0.7233    -0.7243    -0.0010    -0.7233    -0.7243    -0.0010   2.779200   2.779527   0.000327    34.1523    34.1579     7.6425    27.4554    27.4600          3  0.000e+00
       2594 309.281887  -62.18966  -58.05752      0.145       0.00      1.961      1.942    -0.7236    -0.7245    -0.0009    -0.7236    -0.7246    -0.0009   2.779218   2.779550   0.000332    34.1529    34.1584     7.6415    27.4559    27.4604          3  0.000e+00
       2595 309.281888  -62.18966  -58.05752      0.140       0.00      1.913      1.894    -0.7231    -0.7245    -0.0014    -0.7232    -0.7246    -0.0014   2.779224   2.779561   0.000337    34.1524    34.1586     7.6411    27.4555    27.4606          3  0.000e+00
       2596 309.281888  -62.18966  -58.05752      0.133       0.00      1.913      1.894    -0.7231    -0.7241    -0.0010    -0.7232    -0.7242    -0.0010   2.779242   2.779653   0.000411    34.1527    34.1594     7.6460    27.4557    27.4612          3  0.000e+00
       2597 309.281889  -62.18966  -58.05752      0.122       0.00      1.913      1.894    -0.7228    -0.7238    -0.0009    -0.7229    -0.7238    -0.0009   2.779260   2.779716   0.000457    34.1526    34.1598     7.6517    27.4557    27.4616          3  0.000e+00
       2598 309.281889  -62.18966  -58.05752      0.117       0.00      1.913      1.894    -0.7222    -0.7238    -0.0016    -0.7223    -0.7239    -0.0016   2.779313   2.779757   0.000443    34.1527    34.1605     7.6477    27.4557    27.4621          3  0.000e+00
       2599 309.281889  -62.18966  -58.05752      0.106       0.00      1.824      1.806    -0.7219    -0.7225    -0.0006    -0.7219    -0.7226    -0.0006   2.779307   2.779734   0.000426    34.1523    34.1587     7.6480    27.4553    27.4606          3  0.000e+00
       2600 309.281890  -62.18966  -58.05752      0.102       0.00      2.009      1.989    -0.7224    -0.7226    -0.0002    -0.7224    -0.7226    -0.0002   2.779302   2.779797   0.000495    34.1526    34.1596     7.6488    27.4556    27.4613          3  0.000e+00
       2601 309.281890  -62.18966  -58.05752      0.092       0.00      1.858      1.840    -0.7219    -0.7222    -0.0003    -0.7220    -0.7222    -0.0003   2.779319   2.779768   0.000449    34.1524    34.1588     7.6491    27.4555    27.4607          3  0.000e+00
       2602 309.281891  -62.18966  -58.05752      0.088       0.00      1.913      1.894    -0.7214    -0.7224    -0.0010    -0.7215    -0.7225    -0.0010   2.779361   2.779785   0.000424    34.1524    34.1593     7.6444    27.4554    27.4611          3  0.000e+00
       2603 309.281891  -62.18966  -58.05752      0.080       0.00      1.913      1.894    -0.7214    -0.7223    -0.0009    -0.7215    -0.7224    -0.0009   2.779319   2.779745   0.000426    34.1518    34.1586     7.6494    27.4550    27.4605          3  0.000e+00
       2604 309.281892  -62.18966  -58.05752      0.070       0.00      1.858      1.840    -0.7217    -0.7225    -0.0008    -0.7218    -0.7226    -0.0008   2.779302   2.779739   0.000438    34.1520    34.1588     7.6491    27.4551    27.4606          3  0.000e+00
       2605 309.281892  -62.18966  -58.05752      0.064       0.00      1.913      1.894    -0.7219    -0.7226    -0.0007    -0.7220    -0.7226    -0.0007   2.779319   2.779693   0.000374    34.1524    34.1582     7.6445    27.4554    27.4602          3  0.000e+00
       2606 309.281893  -62.18966  -58.05752      0.055       0.00      1.858      1.840    -0.7211    -0.7225    -0.0014    -0.7212    -0.7226    -0.0014   2.779403   2.779682   0.000279    34.1527    34.1580     7.6492    27.4556    27.4600          3  0.000e+00
       2607 309.281893  -62.18966  -58.05752      0.049       0.00      1.858      1.840    -0.7189    -0.7224    -0.0035    -0.7190    -0.7225    -0.0035   2.779583   2.779676   0.000093    34.1526    34.1578     7.6544    27.4555    27.4599          3  0.000e+00
