Pos-Processados/process_op38/operantar38_020.ros
* Sea-Bird SBE 9 Data File:
* FileName = D:\OPERANTAR_XXXVIII\DADOS\OP38_020.hdr
* Software Version Seasave V 7.18c
* Temperature SN = 4808
* Conductivity SN = 3380
* Number of Bytes Per Scan = 34
* Number of Voltage Words = 3
* Number of Scans Averaged by the Deck Unit = 1
* NMEA Latitude = 62 13.02 S
* NMEA Longitude = 058 20.27 W
* NMEA UTC (Time) = Nov 22 2019 12:22:40
** H41
** NAVIO POLAR ALMIRANTE MAXIMIANO
** CRUZEIRO:
** OPERANTAR XXXVIII
** ESTAÇÃO: OP38_020
** LAT 62 13,00'S
** LONG 058 20,28'W
** 09P73767-1155_A
** PROFUNDIDADE: 497
** DATA/HORA: 221223Z/NOV/2019
** OPERADOR: SO-HN CHAVES
# nquan = 27
# nvalues = 1034                                  
# units = specified
# name 0 = scan: Scan Count
# name 1 = timeJ: Julian Days
# name 2 = latitude: Latitude [deg]
# name 3 = longitude: Longitude [deg]
# name 4 = dz/dtM: Descent Rate [m/s]
# name 5 = avgsvCM: Average Sound Velocity [Chen-Millero, m/s]
# name 6 = prDM: Pressure, Digiquartz [db]
# name 7 = depSM: Depth [salt water, m]
# name 8 = t090C: Temperature [ITS-90, deg C]
# name 9 = t190C: Temperature, 2 [ITS-90, deg C]
# name 10 = T2-T190C: Temperature Difference, 2 - 1 [ITS-90, deg C]
# name 11 = potemp090C: Potential Temperature [ITS-90, deg C]
# name 12 = potemp190C: Potential Temperature, 2 [ITS-90, deg C]
# name 13 = potemp90Cdiff: Potential Temperature, Diff, 2 - 1 [ITS-90, deg C]
# name 14 = c0S/m: Conductivity [S/m]
# name 15 = c1S/m: Conductivity, 2 [S/m]
# name 16 = C2-C1S/m: Conductivity Difference, 2 - 1 [S/m]
# name 17 = sal00: Salinity, Practical [PSU]
# name 18 = sal11: Salinity, Practical, 2 [PSU]
# name 19 = sbeox0ML/L: Oxygen, SBE 43 [ml/l]
# name 20 = sigma-é00: Density [sigma-theta, kg/m^3]
# name 21 = sigma-é11: Density, 2 [sigma-theta, kg/m^3]
# name 22 = sbox0Mm/Kg: Oxygen, SBE 43 [umol/kg]
# name 23 = oxsolMm/Kg: Oxygen Saturation, Garcia & Gordon [umol/kg]
# name 24 = oxsatMm/Kg: Oxygen Saturation, Weiss [umol/kg]
# name 25 = nbf: Bottles Fired
# name 26 = flag:  0.000e+00
# interval = seconds: 0.0416667
# start_time = Nov 22 2019 12:22:40 [NMEA time, header]
# bad_flag = -9.990e-29
*END*
[from data line 162]
      38387 326.534253  -62.21706  -58.33796      0.008    1449.76      2.938      2.910    -0.4043    -0.3932     0.0111    -0.4044    -0.3933     0.0111   2.807234   2.806934  -0.000300    34.1694    34.1529     7.6131    27.4554    27.4415    330.916  353.93795  355.49550          1  0.000e+00
      38388 326.534253  -62.21706  -58.33796      0.013    1449.76      2.986      2.957    -0.4049    -0.3937     0.0112    -0.4050    -0.3938     0.0112   2.807252   2.806916  -0.000336    34.1703    34.1532     7.6131    27.4561    27.4418    330.915  353.94093  355.49865          1  0.000e+00
      38389 326.534253  -62.21706  -58.33796      0.015    1449.76      2.986      2.957    -0.4055    -0.3937     0.0118    -0.4056    -0.3938     0.0118   2.807252   2.806922  -0.000330    34.1710    34.1532     7.6130    27.4567    27.4418    330.911  353.94486  355.50275          1  0.000e+00
      38390 326.534254  -62.21706  -58.33796      0.017    1449.76      2.938      2.910    -0.4055    -0.3935     0.0120    -0.4056    -0.3936     0.0120   2.807216   2.806939  -0.000277    34.1705    34.1533     7.6128    27.4563    27.4419    330.901  353.94612  355.50398          1  0.000e+00
      38391 326.534254  -62.21706  -58.33796      0.017    1449.76      2.938      2.910    -0.4057    -0.3939     0.0118    -0.4058    -0.3940     0.0118   2.807240   2.806945  -0.000295    34.1711    34.1538     7.6082    27.4568    27.4422    330.703  353.94629  355.50423          1  0.000e+00
      38392 326.534255  -62.21706  -58.33796      0.019    1449.76      2.986      2.957    -0.4057    -0.3935     0.0122    -0.4058    -0.3936     0.0122   2.807234   2.806928  -0.000306    34.1710    34.1532     7.6132    27.4567    27.4417    330.919  353.94660  355.50453          1  0.000e+00
      38393 326.534255  -62.21706  -58.33796      0.021    1449.76      2.986      2.957    -0.4052    -0.3935     0.0117    -0.4053    -0.3936     0.0117   2.807252   2.806957  -0.000295    34.1707    34.1535     7.6137    27.4564    27.4420    330.939  353.94307  355.50089          1  0.000e+00
      38394 326.534256  -62.21706  -58.33796      0.020    1449.76      2.938      2.910    -0.4054    -0.3931     0.0123    -0.4054    -0.3932     0.0123   2.807210   2.806957  -0.000253    34.1703    34.1531     7.6134    27.4561    27.4416    330.930  353.94527  355.50309          1  0.000e+00
      38395 326.534256  -62.21706  -58.33796      0.022    1449.76      2.986      2.957    -0.4054    -0.3929     0.0124    -0.4054    -0.3930     0.0124   2.807222   2.806922  -0.000300    34.1704    34.1524     7.6132    27.4562    27.4411    330.921  353.94490  355.50273          1  0.000e+00
      38396 326.534257  -62.21706  -58.33796      0.017    1449.76      2.938      2.910    -0.4051    -0.3928     0.0123    -0.4052    -0.3929     0.0123   2.807246   2.806957  -0.000289    34.1704    34.1527     7.6128    27.4562    27.4413    330.903  353.94214  355.49991          1  0.000e+00
      38397 326.534257  -62.21706  -58.33796      0.022    1449.76      2.986      2.957    -0.4052    -0.3926     0.0126    -0.4053    -0.3927     0.0126   2.807234   2.806974  -0.000260    34.1704    34.1527     7.6126    27.4562    27.4413    330.894  353.94374  355.50154          1  0.000e+00
      38398 326.534258  -62.21706  -58.33796      0.022    1449.76      2.959      2.930    -0.4052    -0.3923     0.0129    -0.4053    -0.3924     0.0129   2.807228   2.806951  -0.000277    34.1704    34.1521     7.6130    27.4562    27.4408    330.912  353.94392  355.50172          1  0.000e+00
      38399 326.534258  -62.21706  -58.33796      0.021    1449.76      2.938      2.910    -0.4048    -0.3920     0.0128    -0.4049    -0.3921     0.0128   2.807252   2.806945  -0.000307    34.1702    34.1517     7.6133    27.4560    27.4405    330.926  353.94013  355.49783          1  0.000e+00
      38400 326.534259  -62.21706  -58.33796      0.022    1449.76      2.986      2.957    -0.4046    -0.3924     0.0122    -0.4047    -0.3925     0.0122   2.807234   2.806968  -0.000266    34.1697    34.1525     7.6138    27.4556    27.4411    330.946  353.93981  355.49745          1  0.000e+00
      38401 326.534259  -62.21706  -58.33796      0.021    1449.76      2.938      2.910    -0.4046    -0.3922     0.0124    -0.4047    -0.3923     0.0124   2.807270   2.806991  -0.000279    34.1702    34.1525     7.6142    27.4560    27.4411    330.962  353.93839  355.49605          1  0.000e+00
      38402 326.534260  -62.21706  -58.33796      0.019    1449.76      2.938      2.910    -0.4044    -0.3922     0.0123    -0.4045    -0.3923     0.0123   2.807246   2.806957  -0.000289    34.1697    34.1520     7.6146    27.4556    27.4407    330.981  353.93822  355.49581          1  0.000e+00
      38403 326.534260  -62.21706  -58.33796      0.018    1449.76      2.938      2.910    -0.4044    -0.3923     0.0121    -0.4045    -0.3924     0.0121   2.807288   2.806928  -0.000360    34.1703    34.1518     7.6150    27.4561    27.4406    330.998  353.93665  355.49428          1  0.000e+00
      38404 326.534261  -62.21706  -58.33796      0.019    1449.76      2.986      2.957    -0.4048    -0.3922     0.0126    -0.4049    -0.3923     0.0126   2.807270   2.806980  -0.000290    34.1704    34.1523     7.6156    27.4562    27.4410    331.022  353.93955  355.49725          1  0.000e+00
      38405 326.534261  -62.21706  -58.33796      0.015    1449.76      2.938      2.910    -0.4048    -0.3922     0.0126    -0.4049    -0.3923     0.0126   2.807234   2.806962  -0.000272    34.1699    34.1521     7.6160    27.4558    27.4408    331.041  353.94080  355.49848          1  0.000e+00
      38406 326.534262  -62.21706  -58.33796      0.014    1449.76      2.938      2.910    -0.4051    -0.3924     0.0126    -0.4052    -0.3925     0.0126   2.807252   2.806962  -0.000290    34.1705    34.1524     7.6165    27.4563    27.4411    331.061  353.94192  355.49969          1  0.000e+00
      38407 326.534262  -62.21706  -58.33796      0.013    1449.76      2.938      2.910    -0.4050    -0.3923     0.0126    -0.4050    -0.3924     0.0126   2.807234   2.807009  -0.000225    34.1701    34.1529     7.6220    27.4560    27.4414    331.301  353.94188  355.49960          1  0.000e+00
      38408 326.534263  -62.21706  -58.33796      0.014    1449.76      2.986      2.957    -0.4048    -0.3923     0.0125    -0.4049    -0.3924     0.0125   2.807252   2.807009  -0.000243    34.1702    34.1528     7.6173    27.4560    27.4414    331.097  353.94022  355.49791          1  0.000e+00
      38409 326.534263  -62.21706  -58.33796      0.009    1449.76      2.883      2.856    -0.4046    -0.3921     0.0125    -0.4047    -0.3922     0.0125   2.807234   2.806957  -0.000277    34.1698    34.1520     7.6167    27.4557    27.4407    331.074  353.93964  355.49727          1  0.000e+00
      38410 326.534264  -62.21706  -58.33796      0.004    1449.76      2.938      2.910    -0.4048    -0.3917     0.0131    -0.4049    -0.3918     0.0131   2.807228   2.806962  -0.000266    34.1699    34.1516     7.6172    27.4558    27.4404    331.092  353.94103  355.49870          1  0.000e+00
      38411 326.534264  -62.21706  -58.33796      0.005    1449.76      2.938      2.910    -0.4046    -0.3920     0.0126    -0.4047    -0.3921     0.0126   2.807234   2.806991  -0.000243    34.1697    34.1523     7.6167    27.4557    27.4410    331.072  353.93973  355.49737          1  0.000e+00
      38412 326.534265  -62.21706  -58.33796      0.001    1449.76      2.938      2.910    -0.4050    -0.3915     0.0134    -0.4050    -0.3916     0.0134   2.807228   2.806980  -0.000248    34.1701    34.1516     7.6171    27.4559    27.4404    331.088  353.94210  355.49982          1  0.000e+00
      38413 326.534265  -62.21706  -58.33796     -0.001    1449.76      2.938      2.910    -0.4046    -0.3912     0.0134    -0.4047    -0.3913     0.0134   2.807228   2.806968  -0.000260    34.1697    34.1511     7.6173    27.4556    27.4400    331.099  353.93996  355.49758          1  0.000e+00
      38414 326.534266  -62.21706  -58.33796     -0.006    1449.76      2.883      2.856    -0.4046    -0.3912     0.0134    -0.4047    -0.3913     0.0134   2.807228   2.806991  -0.000237    34.1697    34.1515     7.6176    27.4556    27.4403    331.111  353.93986  355.49749          1  0.000e+00
      38415 326.534266  -62.21706  -58.33796     -0.008    1449.76      2.938      2.910    -0.4044    -0.3908     0.0137    -0.4045    -0.3908     0.0137   2.807228   2.807037  -0.000191    34.1695    34.1515     7.6179    27.4554    27.4403    331.125  353.93889  355.49647          1  0.000e+00
      38416 326.534266  -62.21706  -58.33796     -0.009    1449.76      2.938      2.910    -0.4041    -0.3904     0.0137    -0.4042    -0.3905     0.0137   2.807186   2.806986  -0.000200    34.1686    34.1505     7.6174    27.4547    27.4394    331.104  353.93866  355.49614          1  0.000e+00
      38417 326.534267  -62.21706  -58.33796     -0.011    1449.76      2.938      2.910    -0.4037    -0.3908     0.0129    -0.4038    -0.3908     0.0129   2.807174   2.806968  -0.000206    34.1679    34.1506     7.6176    27.4541    27.4395    331.114  353.93625  355.49359          1  0.000e+00
      38469 326.534292  -62.21706  -58.33796     -0.020    1449.76      2.884      2.856    -0.4039    -0.3866     0.0173    -0.4039    -0.3867     0.0173   2.807258   2.807112  -0.000146    34.1693    34.1479     7.6297    27.4552    27.4371    331.638  353.93411  355.49156          2  0.000e+00
      38470 326.534293  -62.21706  -58.33796     -0.022    1449.76      2.836      2.809    -0.4039    -0.3870     0.0168    -0.4039    -0.3871     0.0168   2.807252   2.807124  -0.000128    34.1692    34.1485     7.6249    27.4552    27.4377    331.430  353.93425  355.49169          2  0.000e+00
      38471 326.534293  -62.21706  -58.33796     -0.018    1449.76      2.939      2.910    -0.4039    -0.3871     0.0168    -0.4039    -0.3872     0.0168   2.807276   2.807112  -0.000164    34.1695    34.1484     7.6246    27.4554    27.4376    331.414  353.93353  355.49099          2  0.000e+00
      38472 326.534293  -62.21706  -58.33796     -0.024    1449.76      2.836      2.809    -0.4043    -0.3875     0.0168    -0.4044    -0.3876     0.0168   2.807258   2.807107  -0.000151    34.1698    34.1489     7.6241    27.4557    27.4380    331.393  353.93688  355.49446          2  0.000e+00
      38473 326.534294  -62.21706  -58.33796     -0.020    1449.76      2.939      2.910    -0.4041    -0.3871     0.0171    -0.4042    -0.3872     0.0171   2.807276   2.807124  -0.000152    34.1698    34.1485     7.6236    27.4557    27.4377    331.374  353.93531  355.49285          2  0.000e+00
      38474 326.534294  -62.21706  -58.33796     -0.025    1449.76      2.836      2.809    -0.4034    -0.3869     0.0165    -0.4035    -0.3870     0.0165   2.807318   2.807130  -0.000188    34.1696    34.1485     7.6229    27.4555    27.4376    331.340  353.92894  355.48631          2  0.000e+00
      38475 326.534295  -62.21706  -58.33796     -0.024    1449.76      2.884      2.856    -0.4026    -0.3867     0.0159    -0.4027    -0.3868     0.0159   2.807396   2.807112  -0.000284    34.1697    34.1480     7.6221    27.4555    27.4373    331.309  353.92112  355.47832          2  0.000e+00
      38476 326.534295  -62.21706  -58.33796     -0.023    1449.76      2.939      2.910    -0.4023    -0.3867     0.0155    -0.4024    -0.3868     0.0155   2.807456   2.807141  -0.000315    34.1701    34.1484     7.6215    27.4559    27.4376    331.281  353.91719  355.47436          2  0.000e+00
      38477 326.534296  -62.21706  -58.33796     -0.022    1449.76      2.884      2.856    -0.4018    -0.3860     0.0159    -0.4019    -0.3860     0.0159   2.807486   2.807112  -0.000374    34.1700    34.1472     7.6215    27.4558    27.4365    331.281  353.91313  355.47020          2  0.000e+00
      38478 326.534296  -62.21706  -58.33796     -0.023    1449.76      2.856      2.829    -0.4012    -0.3855     0.0157    -0.4013    -0.3856     0.0157   2.807492   2.807124  -0.000368    34.1694    34.1468     7.6258    27.4552    27.4362    331.469  353.90893  355.46583          2  0.000e+00
      38479 326.534297  -62.21706  -58.33796     -0.025    1449.76      2.884      2.856    -0.4012    -0.3855     0.0157    -0.4013    -0.3856     0.0157   2.807552   2.807170  -0.000382    34.1702    34.1474     7.6216    27.4559    27.4367    331.284  353.90675  355.46369          2  0.000e+00
      38480 326.534297  -62.21706  -58.33796     -0.020    1449.76      2.939      2.910    -0.4010    -0.3850     0.0160    -0.4011    -0.3851     0.0160   2.807516   2.807164  -0.000352    34.1695    34.1468     7.6268    27.4553    27.4362    331.512  353.90711  355.46398          2  0.000e+00
      38481 326.534298  -62.21706  -58.33796     -0.022    1449.76      2.884      2.856    -0.4004    -0.3853     0.0151    -0.4005    -0.3854     0.0151   2.807552   2.807112  -0.000440    34.1694    34.1465     7.6275    27.4552    27.4359    331.540  353.90210  355.45885          2  0.000e+00
      38482 326.534298  -62.21706  -58.33796     -0.018    1449.76      2.939      2.910    -0.4000    -0.3849     0.0151    -0.4001    -0.3850     0.0151   2.807570   2.807101  -0.000469    34.1691    34.1457     7.6231    27.4549    27.4353    331.351  353.89867  355.45530          2  0.000e+00
      38483 326.534299  -62.21706  -58.33796     -0.020    1449.76      2.884      2.856    -0.3998    -0.3850     0.0148    -0.3999    -0.3851     0.0148   2.807594   2.807164  -0.000430    34.1692    34.1468     7.6222    27.4550    27.4362    331.313  353.89662  355.45322          2  0.000e+00
      38484 326.534299  -62.21706  -58.33796     -0.015    1449.76      2.939      2.910    -0.3998    -0.3847     0.0151    -0.3999    -0.3848     0.0151   2.807618   2.807124  -0.000494    34.1695    34.1459     7.6223    27.4552    27.4354    331.315  353.89582  355.45243          2  0.000e+00
      38485 326.534300  -62.21706  -58.33796     -0.014    1449.76      2.884      2.856    -0.3998    -0.3842     0.0155    -0.3998    -0.3843     0.0155   2.807588   2.807124  -0.000464    34.1691    34.1454     7.6215    27.4549    27.4350    331.279  353.89648  355.45306          2  0.000e+00
      38486 326.534300  -62.21706  -58.33796     -0.012    1449.76      2.939      2.910    -0.3998    -0.3850     0.0148    -0.3999    -0.3851     0.0148   2.807552   2.807170  -0.000382    34.1686    34.1468     7.6207    27.4545    27.4362    331.248  353.89827  355.45484          2  0.000e+00
      38487 326.534301  -62.21706  -58.33796     -0.010    1449.76      2.987      2.958    -0.4001    -0.3847     0.0154    -0.4002    -0.3848     0.0154   2.807564   2.807187  -0.000377    34.1691    34.1467     7.6200    27.4549    27.4361    331.215  353.89969  355.45635          2  0.000e+00
      38488 326.534301  -62.21706  -58.33796     -0.006    1449.76      2.884      2.856    -0.4006    -0.3842     0.0163    -0.4006    -0.3843     0.0163   2.807552   2.807141  -0.000411    34.1695    34.1456     7.6191    27.4553    27.4352    331.176  353.90282  355.45959          2  0.000e+00
      38489 326.534302  -62.21706  -58.33796      0.001    1449.76      2.987      2.958    -0.4006    -0.3846     0.0160    -0.4007    -0.3847     0.0160   2.807546   2.807147  -0.000399    34.1694    34.1460     7.6183    27.4552    27.4355    331.141  353.90322  355.45998          2  0.000e+00
