Pos-Processados/process_op38/operantar38_001.cnv
* Sea-Bird SBE 9 Data File:
* FileName = D:\OPERANTAR_XXXVIII\DADOS\OP38_002.hdr
* Software Version Seasave V 7.12
* Temperature SN = 4808
* Conductivity SN = 3380
* Number of Bytes Per Scan = 31
* Number of Voltage Words = 2
* Number of Scans Averaged by the Deck Unit = 1
* NMEA Latitude = 38 26.99 S
* NMEA Longitude = 052 53.48 W
* NMEA UTC (Time) = Jan 16 2019 21:21:57
** H41
** NAVIO POLAR ALMIRANTE MAXIMIANO
** CRUZEIRO:
** OPERANTAR XXXVIII
** ESTAวรO: 002
** LAT 38บ 26,99'S
** LONG 052บ 53,46'W
** 09P73767-1155
** PROFUNDIDADE: 4158 m
** DATA/HORA: 162121Z/OUT/2019
** OPERADOR: SO-HN CHAVES
# nquan = 33
# nvalues = 2052                        
# units = specified
# name 0 = scan: Scan Count
# name 1 = timeJ: Julian Days
# name 2 = latitude: Latitude [deg]
# name 3 = longitude: Longitude [deg]
# name 4 = dz/dtM: Descent Rate [m/s]
# name 5 = avgsvCM: Average Sound Velocity [Chen-Millero, m/s]
# name 6 = prDM: Pressure, Digiquartz [db]
# name 7 = depSM: Depth [salt water, m]
# name 8 = t090C: Temperature [ITS-90, deg C]
# name 9 = t190C: Temperature, 2 [ITS-90, deg C]
# name 10 = T2-T190C: Temperature Difference, 2 - 1 [ITS-90, deg C]
# name 11 = potemp090C: Potential Temperature [ITS-90, deg C]
# name 12 = potemp190C: Potential Temperature, 2 [ITS-90, deg C]
# name 13 = potemp90Cdiff: Potential Temperature, Diff, 2 - 1 [ITS-90, deg C]
# name 14 = c0S/m: Conductivity [S/m]
# name 15 = c1S/m: Conductivity, 2 [S/m]
# name 16 = C2-C1S/m: Conductivity Difference, 2 - 1 [S/m]
# name 17 = sal00: Salinity, Practical [PSU]
# name 18 = sal11: Salinity, Practical, 2 [PSU]
# name 19 = sbeox0ML/L: Oxygen, SBE 43 [ml/l]
# name 20 = sigma-้00: Density [sigma-theta, kg/m^3]
# name 21 = sigma-้11: Density, 2 [sigma-theta, kg/m^3]
# name 22 = sbox0Mm/Kg: Oxygen, SBE 43 [umol/kg]
# name 23 = oxsolMm/Kg: Oxygen Saturation, Garcia & Gordon [umol/kg]
# name 24 = oxsatMm/Kg: Oxygen Saturation, Weiss [umol/kg]
# name 25 = sal00: Salinity, Practical [PSU]
# name 26 = sigma-้00: Density [sigma-theta, kg/m^3]
# name 27 = svCM: Sound Velocity [Chen-Millero, m/s]
# name 28 = svCM1: Sound Velocity, 2 [Chen-Millero, m/s]
# name 29 = gsw_ptA0: potential temperature [ITS-90, deg C]
# name 30 = gsw_densityA0: density, TEOS-10 [density, kg/m^3]
# name 31 = gsw_saA0: Absolute Salinity [g/kg]
# name 32 = flag:
# span 0 =       7944,      81475       
# span 1 =  16.894074,  16.929534       
# span 2 =  -38.22398,  -38.22387       
# span 3 =  -52.57272,  -52.57268       
# span 4 =     -1.848,      1.603       
# span 5 =      -0.01,    1592.24       
# span 6 =      0.000,   1028.000       
# span 7 =      0.018,   1017.762       
# span 8 =     3.9652,    16.8223       
# span 9 =     3.9665,    16.8245       
# span 10 =    -0.1828,     0.1145      
# span 11 =     3.8880,    16.8216      
# span 12 =     3.8893,    16.8237      
# span 13 =    -0.1828,     0.1142      
# span 14 =   3.229402,   4.495850      
# span 15 =   3.229921,   4.496588      
# span 16 =  -0.008889,   0.026082      
# span 17 =    33.2718,    35.8771      
# span 18 =    33.2761,    35.8831      
# span 19 =     4.6933,     5.9565      
# span 20 =    24.2300,    27.1524      
# span 21 =    24.2328,    27.1557      
# span 22 =    204.148,    259.001      
# span 23 =  241.46438,  316.99565      
# span 24 =  241.21227,  317.79906      
# span 25 =    33.2760,    35.8772      
# span 26 =    24.2332,    27.1524      
# span 27 =    1481.79,    1514.01      
# span 28 =    1481.77,    1514.02      
# span 29 =     3.8877,    16.8215      
# span 30 =  1024.2603,  1031.8893      
# span 31 =    33.4331,    36.0467      
# span 32 = 0.0000e+00, 0.0000e+00      
# interval = decibars: 1                
# start_time = Jan 16 2019 21:21:57 [NMEA time, header]
# bad_flag = -9.990e-29
*END*
[from data line 1231]
      46849  16.912836  -38.22393  -52.57268     -1.298    1498.22    820.000    812.243     5.0113     5.0130     0.0017     4.9444     4.9461     0.0017   3.315126   3.315687   0.000588    34.2139    34.2189     5.7260    27.0583    27.0621    248.986  309.10640  309.76911    34.2153    27.0595    1483.26    1483.27     4.9442  1030.8240    34.3783 0.0000e+00
      46950  16.912884  -38.22392  -52.57268     -0.268    1498.22    819.000    811.236     5.0171     5.0168    -0.0003     4.9503     4.9500    -0.0003   3.315577   3.316042   0.000445    34.2142    34.2196     5.7295    27.0579    27.0622    249.140  309.06346  309.72544    34.2150    27.0586    1483.26    1483.27     4.9501  1030.8185    34.3781 0.0000e+00
      46984  16.912901  -38.22393  -52.57268     -0.746    1498.22    818.000    810.265     5.0173     5.0170    -0.0003     4.9505     4.9502    -0.0003   3.315563   3.316003   0.000428    34.2145    34.2197     5.7329    27.0582    27.0623    249.285  309.06145  309.72341    34.2152    27.0587    1483.25    1483.26     4.9503  1030.8140    34.3782 0.0000e+00
      47002  16.912909  -38.22394  -52.57268     -1.066    1498.22    817.000    809.276     5.0187     5.0207     0.0020     4.9520     4.9540     0.0020   3.315680   3.316336   0.000649    34.2147    34.2201     5.7302    27.0581    27.0622    249.168  309.05078  309.71257    34.2156    27.0589    1483.24    1483.26     4.9518  1030.8096    34.3787 0.0000e+00
      47017  16.912917  -38.22394  -52.57268     -1.322    1498.22    816.000    808.288     5.0214     5.0237     0.0023     4.9548     4.9570     0.0023   3.315906   3.316593   0.000681    34.2149    34.2204     5.7266    27.0580    27.0621    249.012  309.03047  309.69191    34.2160    27.0588    1483.24    1483.25     4.9546  1030.8050    34.3790 0.0000e+00
      47032  16.912924  -38.22394  -52.57268     -1.525    1498.22    815.000    807.299     5.0239     5.0255     0.0016     4.9574     4.9589     0.0016   3.316092   3.316685   0.000604    34.2151    34.2204     5.7249    27.0578    27.0619    248.940  309.01156  309.67268    34.2160    27.0586    1483.23    1483.24     4.9572  1030.8001    34.3790 0.0000e+00
      47045  16.912930  -38.22394  -52.57268     -1.660    1498.22    814.000    806.310     5.0266     5.0271     0.0006     4.9601     4.9606     0.0006   3.316312   3.316815   0.000515    34.2152    34.2205     5.7234    27.0576    27.0618    248.874  308.99206  309.65285    34.2163    27.0585    1483.22    1483.23     4.9599  1030.7955    34.3794 0.0000e+00
      47060  16.912937  -38.22394  -52.57269     -1.711    1498.22    813.000    805.322     5.0290     5.0293     0.0003     4.9626     4.9629     0.0003   3.316499   3.316998   0.000493    34.2155    34.2208     5.7219    27.0576    27.0618    248.809  308.97339  309.63386    34.2165    27.0583    1483.22    1483.22     4.9624  1030.7907    34.3795 0.0000e+00
      47075  16.912945  -38.22394  -52.57270     -1.677    1498.22    812.000    804.333     5.0327     5.0332     0.0006     4.9663     4.9669     0.0005   3.316862   3.317383   0.000519    34.2159    34.2213     5.7215    27.0575    27.0617    248.792  308.94589  309.60591    34.2174    27.0587    1483.22    1483.23     4.9661  1030.7864    34.3804 0.0000e+00
      47095  16.912954  -38.22392  -52.57270     -1.470    1498.22    811.000    803.344     5.0380     5.0383     0.0003     4.9717     4.9720     0.0003   3.317273   3.317666   0.000439    34.2162    34.2209     5.7170    27.0570    27.0608    248.594  308.90606  309.56540    34.2172    27.0578    1483.22    1483.23     4.9715  1030.7809    34.3802 0.0000e+00
      47201  16.913005  -38.22392  -52.57268     -0.677    1498.22    810.000    802.304     5.0636     5.0625    -0.0011     4.9972     4.9961    -0.0011   3.319576   3.319954   0.000374    34.2174    34.2227     5.7049    27.0551    27.0595    248.070  308.71676  309.37284    34.2181    27.0556    1483.31    1483.31     4.9970  1030.7737    34.3812 0.0000e+00
      47259  16.913033  -38.22394  -52.57270     -1.010    1498.22    809.000    801.369     5.0807     5.0819     0.0012     5.0143     5.0155     0.0012   3.321285   3.321951   0.000620    34.2186    34.2245     5.7088    27.0541    27.0586    248.239  308.58913  309.24305    34.2208    27.0558    1483.37    1483.38     5.0141  1030.7689    34.3838 0.0000e+00
      47271  16.913039  -38.22394  -52.57270     -1.315    1498.22    808.000    800.378     5.0899     5.0945     0.0047     5.0235     5.0281     0.0046   3.322164   3.323106   0.000943    34.2191    34.2251     5.7131    27.0534    27.0577    248.427  308.52121  309.17396    34.2219    27.0557    1483.39    1483.42     5.0233  1030.7640    34.3850 0.0000e+00
      47285  16.913046  -38.22394  -52.57270     -1.542    1498.22    807.000    799.390     5.1023     5.1038     0.0015     5.0360     5.0374     0.0014   3.323324   3.323936   0.000610    34.2201    34.2256     5.7126    27.0528    27.0570    248.402  308.42793  309.07911    34.2231    27.0551    1483.43    1483.44     5.0357  1030.7587    34.3861 0.0000e+00
      47299  16.913053  -38.22394  -52.57270     -1.688    1498.22    806.000    798.401     5.1115     5.1147     0.0032     5.0452     5.0484     0.0032   3.324119   3.324941   0.000793    34.2203    34.2261     5.7105    27.0519    27.0561    248.316  308.36047  309.01048    34.2233    27.0543    1483.45    1483.47     5.0450  1030.7531    34.3864 0.0000e+00
      47313  16.913059  -38.22394  -52.57270     -1.728    1498.22    805.000    797.412     5.1234     5.1245     0.0012     5.0571     5.0582     0.0011   3.325283   3.325796   0.000536    34.2216    34.2266     5.7111    27.0516    27.0554    248.341  308.27108  308.91961    34.2251    27.0543    1483.48    1483.49     5.0569  1030.7483    34.3881 0.0000e+00
      47329  16.913067  -38.22394  -52.57270     -1.646    1498.22    804.000    796.424     5.1328     5.1390     0.0062     5.0665     5.0726     0.0062   3.326120   3.327122   0.001028    34.2221    34.2275     5.7125    27.0508    27.0544    248.400  308.20158  308.84891    34.2256    27.0536    1483.50    1483.53     5.0663  1030.7428    34.3886 0.0000e+00
      47350  16.913077  -38.22393  -52.57270     -1.398    1498.22    803.000    795.435     5.1426     5.1402    -0.0024     5.0763     5.0740    -0.0024   3.326807   3.326949   0.000220    34.2223    34.2272     5.7079    27.0499    27.0541    248.199  308.12950  308.77559    34.2239    27.0512    1483.52    1483.52     5.0761  1030.7357    34.3870 0.0000e+00
      47383  16.913093  -38.22392  -52.57269     -0.886    1498.22    802.000    794.447     5.1455     5.1351    -0.0104     5.0794     5.0690    -0.0103   3.327160   3.326692  -0.000465    34.2229    34.2281     5.6918    27.0500    27.0553    247.503  308.10689  308.75261    34.2255    27.0520    1483.52    1483.49     5.0791  1030.7319    34.3885 0.0000e+00
      47474  16.913137  -38.22392  -52.57269     -0.245    1498.22    801.000    793.445     5.1587     5.1599     0.0012     5.0925     5.0937     0.0012   3.328313   3.328911   0.000583    34.2244    34.2299     5.6696    27.0497    27.0539    246.536  308.00759  308.65168    34.2257    27.0507    1483.56    1483.57     5.0924  1030.7258    34.3887 0.0000e+00
      47531  16.913165  -38.22394  -52.57270     -0.654    1498.22    800.000    792.469     5.1583     5.1580    -0.0003     5.0922     5.0919    -0.0003   3.328244   3.328720   0.000462    34.2248    34.2303     5.6719    27.0500    27.0545    246.635  308.00999  308.65414    34.2259    27.0509    1483.54    1483.55     5.0920  1030.7214    34.3889 0.0000e+00
      47546  16.913172  -38.22394  -52.57270     -1.064    1498.22    799.000    791.480     5.1615     5.1648     0.0033     5.0955     5.0987     0.0033   3.328562   3.329404   0.000810    34.2252    34.2311     5.6701    27.0499    27.0542    246.557  307.98547  308.62922    34.2268    27.0512    1483.54    1483.56     5.0953  1030.7171    34.3898 0.0000e+00
      47560  16.913179  -38.22394  -52.57270     -1.390    1498.22    798.000    790.491     5.1693     5.1723     0.0029     5.1033     5.1063     0.0029   3.329317   3.330022   0.000723    34.2259    34.2312     5.6683    27.0496    27.0535    246.479  307.92708  308.56986    34.2279    27.0512    1483.55    1483.57     5.1031  1030.7124    34.3910 0.0000e+00
      47573  16.913185  -38.22394  -52.57270     -1.643    1498.22    797.000    789.503     5.1750     5.1757     0.0007     5.1091     5.1097     0.0007   3.329743   3.330302   0.000545    34.2257    34.2312     5.6671    27.0487    27.0530    246.427  307.88627  308.52831    34.2275    27.0502    1483.56    1483.57     5.1089  1030.7067    34.3905 0.0000e+00
      47586  16.913191  -38.22394  -52.57270     -1.793    1498.22    796.000    788.514     5.1790     5.1802     0.0012     5.1131     5.1143     0.0012   3.330075   3.330661   0.000586    34.2259    34.2314     5.6713    27.0484    27.0527    246.612  307.85703  308.49857    34.2278    27.0499    1483.56    1483.57     5.1129  1030.7018    34.3908 0.0000e+00
      47600  16.913198  -38.22394  -52.57270     -1.819    1498.22    795.000    787.525     5.1863     5.1876     0.0012     5.1205     5.1217     0.0012   3.330703   3.331246   0.000568    34.2256    34.2308     5.6735    27.0474    27.0514    246.708  307.80408  308.44467    34.2280    27.0492    1483.58    1483.59     5.1203  1030.6964    34.3910 0.0000e+00
      47618  16.913207  -38.22394  -52.57270     -1.640    1498.22    794.000    786.537     5.1950     5.1968     0.0018     5.1292     5.1310     0.0017   3.331339   3.332001   0.000612    34.2251    34.2303     5.6722    27.0460    27.0499    246.652  307.74241  308.38189    34.2269    27.0474    1483.59    1483.61     5.1290  1030.6899    34.3899 0.0000e+00
      47684  16.913239  -38.22392  -52.57269     -0.474    1498.22    793.000    785.550     5.2201     5.2154    -0.0047     5.1542     5.1496    -0.0047   3.333428   3.333436   0.000067    34.2238    34.2293     5.6753    27.0420    27.0469    246.785  307.56353  308.19978    34.2258    27.0436    1483.68    1483.66     5.1540  1030.6811    34.3889 0.0000e+00
      47756  16.913273  -38.22392  -52.57270     -0.435    1498.22    792.000    784.559     5.2284     5.2292     0.0008     5.1626     5.1634     0.0008   3.334065   3.334625   0.000545    34.2238    34.2291     5.6959    27.0410    27.0452    247.681  307.50338  308.13857    34.2251    27.0421    1483.69    1483.70     5.1624  1030.6740    34.3870 0.0000e+00
      47782  16.913286 -9.990e-29  -52.57270     -0.775    1498.22    791.000    783.570     5.2321     5.2331     0.0010     5.1663     5.1674     0.0010   3.334352   3.334931   0.000557    34.2239    34.2292     5.6940    27.0407    27.0448    247.599  307.47607  308.11080    34.2251    27.0417    1483.69    1483.70     5.1662  1030.6688    34.3868 0.0000e+00
      47804  16.913296 -9.990e-29  -52.57270     -0.999    1498.22    790.000    782.582     5.2337     5.2360     0.0024     5.1680     5.1703     0.0023   3.334459   3.335120   0.000664    34.2239    34.2291     5.6887    27.0405    27.0443    247.371  307.46462  308.09915    34.2252    27.0415    1483.68    1483.70     5.1678  1030.6641    34.3869 0.0000e+00
      47825  16.913306 -9.990e-29  -52.57270     -1.118    1498.22    789.000    781.593     5.2361     5.2374     0.0013     5.1705     5.1718     0.0013   3.334594   3.335171   0.000571    34.2239    34.2290     5.6887    27.0402    27.0441    247.370  307.44757  308.08180    34.2248    27.0409    1483.67    1483.69     5.1703  1030.6589    34.3866 0.0000e+00
      47847  16.913317  -38.22394  -52.57270     -1.129    1498.22    788.000    780.604     5.2366     5.2380     0.0014     5.1711     5.1725     0.0014   3.334597   3.335188   0.000578    34.2239    34.2291     5.6931    27.0402    27.0441    247.561  307.44340  308.07756    34.2248    27.0408    1483.66    1483.67     5.1709  1030.6550    34.3874 0.0000e+00
      47870  16.913328  -38.22394  -52.57270     -1.067    1498.22    787.000    779.616     5.2369     5.2403     0.0034     5.1715     5.1748     0.0034   3.334588   3.335374   0.000766    34.2241    34.2293     5.6971    27.0402    27.0440    247.732  307.44108  308.07521    34.2249    27.0409    1483.64    1483.66     5.1713  1030.6507    34.3879 0.0000e+00
      47914  16.913349  -38.22393  -52.57269     -0.653    1498.22    786.000    778.626     5.2481     5.2477    -0.0005     5.1827     5.1823    -0.0005   3.335589   3.336007   0.000425    34.2241    34.2294     5.6987    27.0389    27.0432    247.802  307.35960  307.99230    34.2254    27.0400    1483.67    1483.68     5.1826  1030.6450    34.3884 0.0000e+00
      47993  16.913387  -38.22393  -52.57270     -0.225    1498.22    785.000    777.635     5.2605     5.2607     0.0002     5.1951     5.1953     0.0002   3.336622   3.337113   0.000484    34.2243    34.2296     5.7036    27.0376    27.0418    248.017  307.26956  307.90071    34.2251    27.0383    1483.70    1483.71     5.1949  1030.6386    34.3881 0.0000e+00
      48014  16.913397  -38.22394  -52.57270     -0.756    1498.22    784.000    776.649     5.2613     5.2619     0.0006     5.1960     5.1966     0.0006   3.336718   3.337274   0.000537    34.2245    34.2300     5.7046    27.0377    27.0420    248.059  307.26319  307.89424    34.2259    27.0388    1483.69    1483.70     5.1958  1030.6345    34.3889 0.0000e+00
      48030  16.913405  -38.22394  -52.57270     -1.118    1498.22    783.000    775.661     5.2669     5.2708     0.0040     5.2016     5.2056     0.0039   3.337173   3.338036   0.000827    34.2247    34.2301     5.7033    27.0372    27.0410    248.003  307.22233  307.85268    34.2259    27.0381    1483.70    1483.72     5.2015  1030.6292    34.3888 0.0000e+00
      48045  16.913412  -38.22394  -52.57270     -1.403    1498.22    782.000    774.672     5.2716     5.2750     0.0033     5.2065     5.2098     0.0033   3.337648   3.338348   0.000761    34.2251    34.2303     5.7015    27.0369    27.0407    247.928  307.18728  307.81704    34.2270    27.0384    1483.70    1483.72     5.2062  1030.6249    34.3900 0.0000e+00
      48059  16.913419  -38.22394  -52.57270     -1.603    1498.22    781.000    773.683     5.2769     5.2776     0.0007     5.2118     5.2124     0.0007   3.337992   3.338552   0.000548    34.2249    34.2304     5.6963    27.0362    27.0405    247.699  307.14955  307.77864    34.2261    27.0371    1483.71    1483.72     5.2116  1030.6189    34.3890 0.0000e+00
      48074  16.913426  -38.22394  -52.57270     -1.663    1498.22    780.000    772.694     5.2798     5.2795    -0.0003     5.2147     5.2144    -0.0003   3.338260   3.338698   0.000443    34.2254    34.2307     5.6938    27.0362    27.0404    247.593  307.12782  307.75656    34.2267    27.0373    1483.70    1483.71     5.2145  1030.6144    34.3897 0.0000e+00
      48094  16.913436  -38.22394  -52.57270     -1.476    1498.22    779.000    771.705     5.2811     5.2802    -0.0009     5.2161     5.2152    -0.0009   3.338298   3.338620   0.000356    34.2255    34.2304     5.6957    27.0361    27.0401    247.673  307.11785  307.74642    34.2263    27.0367    1483.69    1483.70     5.2159  1030.6093    34.3892 0.0000e+00
      48185  16.913480  -38.22393  -52.57269     -0.441    1498.22    778.000    770.697     5.2994     5.2986    -0.0008     5.2344     5.2336    -0.0008   3.340025   3.340467   0.000407    34.2268    34.2323     5.6960    27.0350    27.0394    247.688  306.98232  307.60862    34.2279    27.0359    1483.75    1483.76     5.2342  1030.6035    34.3908 0.0000e+00
