Pos-Processados/process_op38/operantar38_021.ros
* Sea-Bird SBE 9 Data File:
* FileName = D:\OPERANTAR_XXXVIII\DADOS\OP38_021.hdr
* Software Version Seasave V 7.18c
* Temperature SN = 4808
* Conductivity SN = 3380
* Number of Bytes Per Scan = 34
* Number of Voltage Words = 3
* Number of Scans Averaged by the Deck Unit = 1
* NMEA Latitude = 62 13.30 S
* NMEA Longitude = 058 22.74 W
* NMEA UTC (Time) = Nov 22 2019 13:35:38
** H41
** NAVIO POLAR ALMIRANTE MAXIMIANO
** CRUZEIRO:
** OPERANTAR XXXVIII
** ESTAÇÃO: OP38_021
** LAT 62 13,29'S
** LONG 058 22,75'W
** 09P73767-1155_A
** PROFUNDIDADE: 271
** DATA/HORA: 221336Z/NOV/2019
** OPERADOR: SO-HN CHAVES
# nquan = 27
# nvalues = 1423                                  
# units = specified
# name 0 = scan: Scan Count
# name 1 = timeJ: Julian Days
# name 2 = latitude: Latitude [deg]
# name 3 = longitude: Longitude [deg]
# name 4 = dz/dtM: Descent Rate [m/s]
# name 5 = avgsvCM: Average Sound Velocity [Chen-Millero, m/s]
# name 6 = prDM: Pressure, Digiquartz [db]
# name 7 = depSM: Depth [salt water, m]
# name 8 = t090C: Temperature [ITS-90, deg C]
# name 9 = t190C: Temperature, 2 [ITS-90, deg C]
# name 10 = T2-T190C: Temperature Difference, 2 - 1 [ITS-90, deg C]
# name 11 = potemp090C: Potential Temperature [ITS-90, deg C]
# name 12 = potemp190C: Potential Temperature, 2 [ITS-90, deg C]
# name 13 = potemp90Cdiff: Potential Temperature, Diff, 2 - 1 [ITS-90, deg C]
# name 14 = c0S/m: Conductivity [S/m]
# name 15 = c1S/m: Conductivity, 2 [S/m]
# name 16 = C2-C1S/m: Conductivity Difference, 2 - 1 [S/m]
# name 17 = sal00: Salinity, Practical [PSU]
# name 18 = sal11: Salinity, Practical, 2 [PSU]
# name 19 = sbeox0ML/L: Oxygen, SBE 43 [ml/l]
# name 20 = sigma-é00: Density [sigma-theta, kg/m^3]
# name 21 = sigma-é11: Density, 2 [sigma-theta, kg/m^3]
# name 22 = sbox0Mm/Kg: Oxygen, SBE 43 [umol/kg]
# name 23 = oxsolMm/Kg: Oxygen Saturation, Garcia & Gordon [umol/kg]
# name 24 = oxsatMm/Kg: Oxygen Saturation, Weiss [umol/kg]
# name 25 = nbf: Bottles Fired
# name 26 = flag:  0.000e+00
# interval = seconds: 0.0416667
# start_time = Nov 22 2019 13:35:38 [NMEA time, header]
# bad_flag = -9.990e-29
*END*
[from data line 698]
      21058 326.576567  -62.22180  -58.37914     -0.073    1447.92      2.819      2.792    -0.3880    -0.3872     0.0008    -0.3881    -0.3873     0.0008   2.809637   2.810142   0.000505    34.1834    34.1892     7.5804    27.4659    27.4706    329.491  353.74786  355.30275          4  0.000e+00
      21059 326.576567  -62.22180  -58.37914     -0.070    1447.92      2.874      2.846    -0.3879    -0.3867     0.0011    -0.3879    -0.3868     0.0011   2.809679   2.810189   0.000509    34.1837    34.1893     7.5807    27.4662    27.4707    329.506  353.74532  355.30019          4  0.000e+00
      21060 326.576568  -62.22180  -58.37914     -0.062    1447.92      2.874      2.846    -0.3877    -0.3869     0.0008    -0.3878    -0.3870     0.0008   2.809673   2.810160   0.000487    34.1835    34.1891     7.5810    27.4660    27.4705    329.519  353.74483  355.29967          4  0.000e+00
      21061 326.576568  -62.22180  -58.37914     -0.063    1447.92      2.819      2.792    -0.3873    -0.3871     0.0002    -0.3874    -0.3871     0.0002   2.809685   2.810194   0.000509    34.1832    34.1898     7.5812    27.4657    27.4710    329.525  353.74144  355.29616          4  0.000e+00
      21062 326.576569  -62.22180  -58.37914     -0.061    1447.92      2.874      2.846    -0.3871    -0.3866     0.0005    -0.3872    -0.3867     0.0005   2.809649   2.810212   0.000563    34.1825    34.1894     7.5815    27.4651    27.4707    329.538  353.74180  355.29645          4  0.000e+00
      21063 326.576569  -62.22180  -58.37914     -0.057    1447.92      2.840      2.812    -0.3871    -0.3870     0.0001    -0.3872    -0.3871     0.0001   2.809679   2.810194   0.000515    34.1829    34.1897     7.5816    27.4655    27.4710    329.545  353.74062  355.29530          4  0.000e+00
      21064 326.576570  -62.22180  -58.37914     -0.054    1447.92      2.874      2.846    -0.3871    -0.3867     0.0004    -0.3872    -0.3868     0.0004   2.809691   2.810206   0.000515    34.1830    34.1896     7.5819    27.4656    27.4708    329.554  353.74024  355.29492          4  0.000e+00
      21065 326.576570  -62.22180  -58.37914     -0.048    1447.92      2.874      2.846    -0.3871    -0.3863     0.0008    -0.3872    -0.3864     0.0008   2.809691   2.810229   0.000538    34.1830    34.1893     7.5820    27.4656    27.4706    329.561  353.74024  355.29492          4  0.000e+00
      21066 326.576571  -62.22180  -58.37914     -0.045    1447.92      2.874      2.846    -0.3869    -0.3866     0.0003    -0.3870    -0.3867     0.0003   2.809691   2.810223   0.000532    34.1828    34.1896     7.5821    27.4654    27.4709    329.565  353.73917  355.29380          4  0.000e+00
      21067 326.576571  -62.22180  -58.37914     -0.036    1447.92      2.922      2.894    -0.3873    -0.3866     0.0007    -0.3874    -0.3867     0.0007   2.809649   2.810258   0.000609    34.1826    34.1900     7.5823    27.4653    27.4712    329.575  353.74295  355.29765          4  0.000e+00
      21068 326.576572  -62.22180  -58.37914     -0.035    1447.92      2.819      2.792    -0.3873    -0.3866     0.0007    -0.3874    -0.3867     0.0007   2.809637   2.810235   0.000598    34.1825    34.1898     7.5823    27.4652    27.4710    329.574  353.74322  355.29791          4  0.000e+00
      21069 326.576572  -62.22180  -58.37914     -0.029    1447.92      2.922      2.894    -0.3871    -0.3864     0.0007    -0.3872    -0.3865     0.0007   2.809697   2.810258   0.000561    34.1831    34.1899     7.5824    27.4656    27.4711    329.577  353.74009  355.29478          4  0.000e+00
      21070 326.576573  -62.22180  -58.37914     -0.025    1447.92      2.874      2.846    -0.3874    -0.3858     0.0016    -0.3875    -0.3859     0.0016   2.809679   2.810269   0.000590    34.1832    34.1893     7.5824    27.4657    27.4706    329.577  353.74246  355.29722          4  0.000e+00
      21071 326.576573  -62.22180  -58.37914     -0.021    1447.92      2.874      2.846    -0.3874    -0.3863     0.0011    -0.3875    -0.3864     0.0011   2.809649   2.810252   0.000603    34.1828    34.1896     7.5824    27.4654    27.4709    329.577  353.74358  355.29831          4  0.000e+00
      21072 326.576574  -62.22180  -58.37914     -0.014    1447.92      2.922      2.894    -0.3873    -0.3864     0.0008    -0.3874    -0.3865     0.0008   2.809637   2.810240   0.000603    34.1825    34.1896     7.5773    27.4652    27.4709    329.355  353.74339  355.29808          4  0.000e+00
      21073 326.576574  -62.22180  -58.37914     -0.010    1447.92      2.874      2.846    -0.3873    -0.3863     0.0010    -0.3874    -0.3864     0.0010   2.809655   2.810298   0.000643    34.1828    34.1903     7.5815    27.4654    27.4714    329.538  353.74264  355.29735          4  0.000e+00
      21074 326.576575  -62.22180  -58.37914     -0.003    1447.92      2.922      2.894    -0.3874    -0.3860     0.0014    -0.3875    -0.3861     0.0014   2.809649   2.810287   0.000638    34.1828    34.1897     7.5815    27.4654    27.4709    329.537  353.74366  355.29839          4  0.000e+00
      21075 326.576575  -62.22180  -58.37914      0.004    1447.92      2.922      2.894    -0.3869    -0.3860     0.0010    -0.3870    -0.3861     0.0010   2.809637   2.810310   0.000673    34.1821    34.1900     7.5762    27.4648    27.4712    329.307  353.74125  355.29585          4  0.000e+00
      21076 326.576576  -62.22180  -58.37914      0.011    1447.92      2.922      2.894    -0.3873    -0.3860     0.0013    -0.3874    -0.3861     0.0013   2.809679   2.810321   0.000642    34.1830    34.1902     7.5804    27.4656    27.4713    329.491  353.74183  355.29655          4  0.000e+00
      21077 326.576576  -62.22180  -58.37914      0.015    1447.92      2.922      2.894    -0.3870    -0.3861     0.0009    -0.3871    -0.3862     0.0009   2.809673   2.810281   0.000608    34.1826    34.1898     7.5802    27.4653    27.4710    329.483  353.74027  355.29491          4  0.000e+00
      21078 326.576576  -62.22180  -58.37914      0.020    1447.92      2.874      2.846    -0.3864    -0.3858     0.0006    -0.3864    -0.3859     0.0006   2.809703   2.810344   0.000641    34.1824    34.1903     7.5748    27.4650    27.4714    329.246  353.73515  355.28964          4  0.000e+00
      21079 326.576577  -62.22180  -58.37914      0.026    1447.92      2.970      2.941    -0.3866    -0.3860     0.0007    -0.3867    -0.3861     0.0007   2.809739   2.810339   0.000599    34.1831    34.1904     7.5790    27.4656    27.4715    329.431  353.73576  355.29035          4  0.000e+00
      21080 326.576577  -62.22180  -58.37914      0.030    1447.92      2.922      2.894    -0.3864    -0.3858     0.0006    -0.3864    -0.3859     0.0006   2.809787   2.810298   0.000511    34.1835    34.1897     7.5787    27.4659    27.4709    329.416  353.73211  355.28666          4  0.000e+00
      21081 326.576578  -62.22180  -58.37914      0.035    1447.92      2.942      2.914    -0.3859    -0.3856     0.0002    -0.3860    -0.3857     0.0002   2.809853   2.810327   0.000474    34.1838    34.1899     7.5783    27.4662    27.4711    329.400  353.72684  355.28131          4  0.000e+00
      21082 326.576578  -62.22180  -58.37914      0.042    1447.92      2.922      2.894    -0.3848    -0.3853    -0.0005    -0.3849    -0.3854    -0.0005   2.809937   2.810310   0.000372    34.1837    34.1893     7.5778    27.4660    27.4706    329.377  353.71691  355.27115          5  0.000e+00
      21083 326.576579  -62.22180  -58.37914      0.045    1447.92      2.922      2.894    -0.3844    -0.3855    -0.0010    -0.3845    -0.3856    -0.0010   2.809998   2.810333   0.000335    34.1841    34.1898     7.5774    27.4664    27.4710    329.359  353.71254  355.26673          5  0.000e+00
      21084 326.576579  -62.22180  -58.37914      0.051    1447.92      2.970      2.941    -0.3837    -0.3856    -0.0020    -0.3838    -0.3857    -0.0020   2.810028   2.810362   0.000334    34.1837    34.1903     7.5718    27.4659    27.4714    329.118  353.70687  355.26088          5  0.000e+00
      21085 326.576580  -62.22180  -58.37914      0.057    1447.92      2.970      2.941    -0.3831    -0.3853    -0.0023    -0.3832    -0.3854    -0.0023   2.810058   2.810356   0.000298    34.1833    34.1899     7.5757    27.4657    27.4711    329.286  353.70184  355.25569          5  0.000e+00
      21086 326.576580  -62.22180  -58.37914      0.057    1447.92      2.922      2.894    -0.3828    -0.3860    -0.0032    -0.3829    -0.3861    -0.0032   2.810040   2.810367   0.000328    34.1828    34.1908     7.5701    27.4652    27.4718    329.045  353.70064  355.25441          5  0.000e+00
      21087 326.576581  -62.22180  -58.37914      0.062    1447.92      2.970      2.941    -0.3826    -0.3858    -0.0032    -0.3827    -0.3859    -0.0032   2.810034   2.810373   0.000340    34.1825    34.1907     7.5741    27.4650    27.4717    329.219  353.69988  355.25359          5  0.000e+00
      21088 326.576581  -62.22180  -58.37914      0.064    1447.92      2.970      2.941    -0.3828    -0.3850    -0.0023    -0.3829    -0.3851    -0.0023   2.810058   2.810350   0.000293    34.1830    34.1895     7.5737    27.4654    27.4707    329.201  353.70005  355.25383          5  0.000e+00
      21089 326.576582  -62.22180  -58.37914      0.069    1447.92      2.970      2.941    -0.3829    -0.3849    -0.0019    -0.3830    -0.3850    -0.0019   2.810040   2.810402   0.000362    34.1830    34.1900     7.5733    27.4654    27.4711    329.184  353.70179  355.25560          5  0.000e+00
      21090 326.576582  -62.22180  -58.37914      0.074    1447.92      2.970      2.941    -0.3831    -0.3852    -0.0021    -0.3832    -0.3853    -0.0021   2.810034   2.810391   0.000357    34.1830    34.1902     7.5737    27.4654    27.4713    329.199  353.70273  355.25657          5  0.000e+00
      21091 326.576583  -62.22180  -58.37914      0.075    1447.92      2.970      2.941    -0.3831    -0.3852    -0.0021    -0.3832    -0.3853    -0.0021   2.810058   2.810396   0.000339    34.1833    34.1903     7.5740    27.4657    27.4714    329.212  353.70184  355.25569          5  0.000e+00
      21092 326.576583  -62.22180  -58.37914      0.079    1447.92      2.970      2.941    -0.3831    -0.3852    -0.0021    -0.3832    -0.3853    -0.0021   2.810064   2.810402   0.000338    34.1834    34.1904     7.5735    27.4657    27.4714    329.191  353.70161  355.25547          5  0.000e+00
      21093 326.576584  -62.22180  -58.37914      0.080    1447.92      2.970      2.941    -0.3823    -0.3850    -0.0027    -0.3824    -0.3851    -0.0027   2.810124   2.810367   0.000244    34.1834    34.1897     7.5728    27.4657    27.4709    329.162  353.69475  355.24845          5  0.000e+00
      21094 326.576584  -62.22180  -58.37914      0.080    1447.92      2.970      2.941    -0.3821    -0.3853    -0.0032    -0.3822    -0.3854    -0.0032   2.810160   2.810391   0.000231    34.1837    34.1904     7.5730    27.4659    27.4715    329.170  353.69234  355.24602          5  0.000e+00
      21095 326.576585  -62.22180  -58.37914      0.084    1447.92      3.024      2.995    -0.3817    -0.3852    -0.0035    -0.3818    -0.3853    -0.0035   2.810190   2.810402   0.000212    34.1835    34.1903     7.5732    27.4657    27.4714    329.179  353.68847  355.24204          5  0.000e+00
      21096 326.576585  -62.22180  -58.37914      0.087    1447.92      2.970      2.941    -0.3814    -0.3849    -0.0035    -0.3815    -0.3850    -0.0035   2.810196   2.810356   0.000160    34.1833    34.1894     7.5785    27.4656    27.4706    329.407  353.68637  355.23987          5  0.000e+00
      21097 326.576586  -62.22180  -58.37914      0.089    1447.92      3.024      2.995    -0.3812    -0.3846    -0.0034    -0.3813    -0.3847    -0.0034   2.810214   2.810385   0.000171    34.1833    34.1894     7.5736    27.4656    27.4706    329.194  353.68472  355.23819          5  0.000e+00
      21098 326.576586  -62.22180  -58.37914      0.094    1447.92      3.024      2.995    -0.3809    -0.3845    -0.0036    -0.3810    -0.3846    -0.0036   2.810184   2.810385   0.000201    34.1826    34.1894     7.5730    27.4650    27.4706    329.167  353.68406  355.23743          5  0.000e+00
      21099 326.576587  -62.22180  -58.37914      0.092    1447.92      2.970      2.941    -0.3812    -0.3852    -0.0040    -0.3813    -0.3853    -0.0040   2.810190   2.810414   0.000224    34.1830    34.1905     7.5731    27.4653    27.4715    329.174  353.68552  355.23898          5  0.000e+00
      21100 326.576587  -62.22180  -58.37914      0.094    1447.92      3.045      3.016    -0.3807    -0.3846    -0.0038    -0.3808    -0.3847    -0.0038   2.810214   2.810385   0.000171    34.1828    34.1894     7.5732    27.4651    27.4706    329.180  353.68191  355.23525          5  0.000e+00
      21101 326.576588  -62.22180  -58.37914      0.092    1447.92      2.970      2.941    -0.3809    -0.3844    -0.0035    -0.3810    -0.3845    -0.0035   2.810184   2.810373   0.000189    34.1826    34.1891     7.5726    27.4649    27.4704    329.151  353.68361  355.23696          5  0.000e+00
      21102 326.576588  -62.22180  -58.37914      0.095    1447.92      3.024      2.995    -0.3810    -0.3845    -0.0035    -0.3811    -0.3846    -0.0035   2.810208   2.810414   0.000206    34.1831    34.1898     7.5728    27.4653    27.4709    329.159  353.68388  355.23730          5  0.000e+00
      21103 326.576589  -62.22180  -58.37914      0.095    1447.92      3.024      2.995    -0.3807    -0.3844    -0.0037    -0.3808    -0.3845    -0.0037   2.810202   2.810408   0.000206    34.1826    34.1895     7.5728    27.4650    27.4707    329.163  353.68232  355.23565          5  0.000e+00
      21104 326.576589  -62.22180  -58.37914      0.094    1447.92      3.024      2.995    -0.3810    -0.3847    -0.0037    -0.3811    -0.3848    -0.0037   2.810196   2.810379   0.000183    34.1829    34.1895     7.5730    27.4652    27.4707    329.171  353.68432  355.23773          5  0.000e+00
      21105 326.576590  -62.22180  -58.37914      0.093    1447.92      2.970      2.941    -0.3812    -0.3846    -0.0034    -0.3813    -0.3847    -0.0034   2.810238   2.810448   0.000210    34.1837    34.1903     7.5731    27.4658    27.4713    329.173  353.68374  355.23723          5  0.000e+00
      21106 326.576590  -62.22180  -58.37914      0.094    1447.92      3.072      3.043    -0.3810    -0.3842    -0.0032    -0.3811    -0.3843    -0.0032   2.810232   2.810443   0.000211    34.1833    34.1898     7.5733    27.4656    27.4709    329.182  353.68307  355.23650          5  0.000e+00
      21107 326.576590  -62.22180  -58.37914      0.092    1447.92      3.024      2.995    -0.3806    -0.3845    -0.0040    -0.3807    -0.3846    -0.0040   2.810262   2.810448   0.000186    34.1833    34.1902     7.5784    27.4655    27.4713    329.403  353.67902  355.23235          5  0.000e+00
      21108 326.576591  -62.22180  -58.37914      0.093    1447.92      3.024      2.995    -0.3807    -0.3844    -0.0037    -0.3808    -0.3845    -0.0037   2.810214   2.810471   0.000257    34.1828    34.1904     7.5742    27.4651    27.4714    329.221  353.68187  355.23522          5  0.000e+00
      21109 326.576591  -62.22180  -58.37914      0.090    1447.92      2.970      2.941    -0.3809    -0.3845    -0.0036    -0.3810    -0.3846    -0.0036   2.810178   2.810460   0.000282    34.1826    34.1904     7.5692    27.4649    27.4714    329.004  353.68419  355.23755          5  0.000e+00
      21110 326.576592  -62.22180  -58.37914      0.090    1447.92      3.072      3.043    -0.3810    -0.3846    -0.0035    -0.3811    -0.3847    -0.0035   2.810190   2.810495   0.000305    34.1828    34.1909     7.5738    27.4651    27.4718    329.203  353.68463  355.23803          5  0.000e+00
