Pos-Processados/process_op38/operantar38_016.ros
* Sea-Bird SBE 9 Data File:
* FileName = D:\OPERANTAR_XXXVIII\DADOS\OP38_016.hdr
* Software Version Seasave V 7.18c
* Temperature SN = 4808
* Conductivity SN = 3380
* Number of Bytes Per Scan = 34
* Number of Voltage Words = 3
* Number of Scans Averaged by the Deck Unit = 1
* NMEA Latitude = 62 13.34 S
* NMEA Longitude = 058 12.68 W
* NMEA UTC (Time) = Nov 05 2019 11:56:34
** H41
** NAVIO POLAR ALMIRANTE MAXIMIANO
** CRUZEIRO:
** OPERANTAR XXXVIII
** ESTAÇÃO: OP38_016
** LAT 62 13,33' S
** LONG 058 12,65' W
** 09P73767-1155_A
** PROFUNDIDADE: 310
** DATA/HORA: 051157Z/NOV/2019
** OPERADOR: SO-HN CHAVES
# nquan = 26
# nvalues = 1885                                  
# units = specified
# name 0 = scan: Scan Count
# name 1 = timeJ: Julian Days
# name 2 = latitude: Latitude [deg]
# name 3 = longitude: Longitude [deg]
# name 4 = dz/dtM: Descent Rate [m/s]
# name 5 = avgsvCM: Average Sound Velocity [Chen-Millero, m/s]
# name 6 = prDM: Pressure, Digiquartz [db]
# name 7 = depSM: Depth [salt water, m]
# name 8 = t090C: Temperature [ITS-90, deg C]
# name 9 = t190C: Temperature, 2 [ITS-90, deg C]
# name 10 = T2-T190C: Temperature Difference, 2 - 1 [ITS-90, deg C]
# name 11 = potemp090C: Potential Temperature [ITS-90, deg C]
# name 12 = potemp190C: Potential Temperature, 2 [ITS-90, deg C]
# name 13 = potemp90Cdiff: Potential Temperature, Diff, 2 - 1 [ITS-90, deg C]
# name 14 = c0S/m: Conductivity [S/m]
# name 15 = c1S/m: Conductivity, 2 [S/m]
# name 16 = C2-C1S/m: Conductivity Difference, 2 - 1 [S/m]
# name 17 = sal00: Salinity, Practical [PSU]
# name 18 = sal11: Salinity, Practical, 2 [PSU]
# name 19 = sbeox0ML/L: Oxygen, SBE 43 [ml/l]
# name 20 = sbeox1ML/L: Oxygen, SBE 43, 2 [ml/l]
# name 21 = sbeox0ML/Ldiff: Oxygen, SBE 43, Diff, 2 - 1 [ml/l]
# name 22 = sigma-é00: Density [sigma-theta, kg/m^3]
# name 23 = sigma-é11: Density, 2 [sigma-theta, kg/m^3]
# name 24 = nbf: Bottles Fired
# name 25 = flag:  0.000e+00
# interval = seconds: 0.0416667
# start_time = Nov 05 2019 11:56:34 [NMEA time, header]
# bad_flag = -9.990e-29
*END*
[from data line 335]
      26905 309.510590  -62.22236  -58.21130     -0.024    1446.63     18.987     18.804    -0.8155    -0.8156    -0.0001    -0.8160    -0.8161    -0.0001   2.773133   2.773532   0.000399    34.1639    34.1694     7.5889     7.2713    -0.3177    27.4686    27.4731          3  0.000e+00
      26906 309.510591  -62.22236  -58.21130     -0.024    1446.63     18.911     18.729    -0.8152    -0.8153    -0.0001    -0.8157    -0.8158    -0.0001   2.773121   2.773555   0.000434    34.1635    34.1694     7.5889     7.2707    -0.3182    27.4682    27.4731          3  0.000e+00
      26907 309.510591  -62.22236  -58.21130     -0.021    1446.63     18.966     18.783    -0.8153    -0.8156    -0.0003    -0.8159    -0.8161    -0.0003   2.773145   2.773544   0.000399    34.1639    34.1696     7.5890     7.2764    -0.3126    27.4686    27.4732          3  0.000e+00
      26908 309.510592  -62.22236  -58.21130     -0.019    1446.63     18.987     18.804    -0.8153    -0.8151     0.0002    -0.8159    -0.8156     0.0002   2.773145   2.773504   0.000359    34.1639    34.1685     7.5891     7.2772    -0.3119    27.4686    27.4723          3  0.000e+00
      26909 309.510592  -62.22236  -58.21130     -0.019    1446.63     18.911     18.729    -0.8153    -0.8159    -0.0005    -0.8159    -0.8164    -0.0005   2.773127   2.773544   0.000417    34.1637    34.1700     7.5899     7.2780    -0.3119    27.4684    27.4735          3  0.000e+00
      26910 309.510593  -62.22236  -58.21130     -0.018    1446.63     18.966     18.783    -0.8155    -0.8158    -0.0002    -0.8160    -0.8163    -0.0002   2.773127   2.773544   0.000417    34.1638    34.1698     7.5901     7.2789    -0.3112    27.4686    27.4734          3  0.000e+00
      26911 309.510593  -62.22236  -58.21130     -0.020    1446.63     18.911     18.729    -0.8153    -0.8154    -0.0001    -0.8159    -0.8160    -0.0001   2.773163   2.773561   0.000398    34.1642    34.1697     7.5901     7.2796    -0.3105    27.4688    27.4733          3  0.000e+00
      26912 309.510594  -62.22236  -58.21130     -0.015    1446.63     18.987     18.804    -0.8157    -0.8159    -0.0002    -0.8162    -0.8164    -0.0002   2.773151   2.773538   0.000387    34.1644    34.1698     7.5903     7.2806    -0.3098    27.4690    27.4734          3  0.000e+00
      26913 309.510594  -62.22236  -58.21130     -0.014    1446.63     18.966     18.783    -0.8153    -0.8156    -0.0003    -0.8159    -0.8161    -0.0003   2.773151   2.773538   0.000387    34.1640    34.1695     7.5903     7.2801    -0.3102    27.4687    27.4732          3  0.000e+00
      26914 309.510595  -62.22236  -58.21130     -0.015    1446.63     18.911     18.729    -0.8156    -0.8156     0.0000    -0.8162    -0.8161     0.0000   2.773169   2.773544   0.000375    34.1646    34.1696     7.5904     7.2808    -0.3096    27.4692    27.4733          3  0.000e+00
      26915 309.510595  -62.22236  -58.21130     -0.013    1446.63     18.987     18.804    -0.8155    -0.8158    -0.0002    -0.8160    -0.8163    -0.0002   2.773175   2.773532   0.000357    34.1645    34.1696     7.5906     7.2805    -0.3101    27.4691    27.4732          3  0.000e+00
      26916 309.510596  -62.22236  -58.21130     -0.015    1446.63     18.911     18.729    -0.8155    -0.8154     0.0001    -0.8160    -0.8159     0.0001   2.773139   2.773555   0.000416    34.1640    34.1696     7.5906     7.2811    -0.3095    27.4687    27.4732          3  0.000e+00
      26917 309.510596  -62.22236  -58.21130     -0.011    1446.63     18.966     18.783    -0.8155    -0.8156    -0.0001    -0.8160    -0.8161    -0.0001   2.773139   2.773550   0.000411    34.1640    34.1697     7.5908     7.2819    -0.3089    27.4687    27.4733          3  0.000e+00
      26918 309.510597  -62.22236  -58.21130     -0.014    1446.63     18.932     18.749    -0.8157    -0.8154     0.0003    -0.8162    -0.8160     0.0003   2.773133   2.773532   0.000399    34.1641    34.1693     7.5909     7.2826    -0.3083    27.4688    27.4730          3  0.000e+00
      26919 309.510597  -62.22236  -58.21130     -0.010    1446.63     18.966     18.783    -0.8152    -0.8151     0.0000    -0.8157    -0.8156     0.0000   2.773139   2.773515   0.000376    34.1636    34.1687     7.5909     7.2821    -0.3088    27.4684    27.4724          3  0.000e+00
      26920 309.510598  -62.22236  -58.21130     -0.009    1446.63     18.966     18.783    -0.8153    -0.8154    -0.0001    -0.8159    -0.8160    -0.0001   2.773163   2.773532   0.000369    34.1641    34.1693     7.5910     7.2828    -0.3082    27.4688    27.4729          3  0.000e+00
      26921 309.510598  -62.22236  -58.21130     -0.010    1446.63     18.911     18.729    -0.8153    -0.8154    -0.0001    -0.8159    -0.8160    -0.0001   2.773157   2.773555   0.000398    34.1641    34.1696     7.5911     7.2822    -0.3089    27.4687    27.4732          3  0.000e+00
      26922 309.510598  -62.22236  -58.21130     -0.010    1446.63     18.932     18.749    -0.8153    -0.8154    -0.0001    -0.8159    -0.8160    -0.0001   2.773127   2.773527   0.000400    34.1637    34.1692     7.5912     7.2829    -0.3083    27.4684    27.4729          3  0.000e+00
      26923 309.510599  -62.22236  -58.21130     -0.009    1446.63     18.966     18.783    -0.8155    -0.8156    -0.0001    -0.8160    -0.8161    -0.0001   2.773139   2.773498   0.000359    34.1640    34.1690     7.5914     7.2836    -0.3078    27.4687    27.4727          3  0.000e+00
      26924 309.510599  -62.22236  -58.21130     -0.006    1446.63     18.966     18.783    -0.8155    -0.8154     0.0001    -0.8160    -0.8160     0.0001   2.773175   2.773521   0.000346    34.1645    34.1691     7.5914     7.2783    -0.3132    27.4691    27.4728          3  0.000e+00
      26925 309.510600  -62.22236  -58.21130     -0.006    1446.63     18.932     18.749    -0.8153    -0.8151     0.0002    -0.8159    -0.8156     0.0002   2.773151   2.773538   0.000387    34.1640    34.1690     7.5907     7.2836    -0.3071    27.4687    27.4727          3  0.000e+00
      26926 309.510600  -62.22236  -58.21130     -0.005    1446.63     18.966     18.783    -0.8156    -0.8156     0.0000    -0.8162    -0.8161     0.0000   2.773133   2.773544   0.000411    34.1641    34.1696     7.5908     7.2844    -0.3065    27.4687    27.4732          3  0.000e+00
      26927 309.510601  -62.22236  -58.21130     -0.003    1446.63     18.966     18.783    -0.8155    -0.8158    -0.0002    -0.8160    -0.8163    -0.0002   2.773163   2.773515   0.000352    34.1643    34.1694     7.5909     7.2792    -0.3117    27.4690    27.4730          3  0.000e+00
      26928 309.510601  -62.22236  -58.21130     -0.006    1446.63     18.932     18.749    -0.8155    -0.8154     0.0001    -0.8160    -0.8159     0.0001   2.773151   2.773509   0.000358    34.1642    34.1689     7.5909     7.2787    -0.3122    27.4688    27.4727          3  0.000e+00
      26929 309.510602  -62.22236  -58.21130     -0.007    1446.63     18.911     18.729    -0.8155    -0.8154     0.0001    -0.8160    -0.8160     0.0001   2.773151   2.773532   0.000381    34.1642    34.1693     7.5901     7.2771    -0.3131    27.4688    27.4730          3  0.000e+00
      26930 309.510602  -62.22236  -58.21130     -0.005    1446.63     18.966     18.783    -0.8155    -0.8154     0.0001    -0.8160    -0.8160     0.0001   2.773145   2.773492   0.000347    34.1641    34.1687     7.5902     7.2826    -0.3076    27.4688    27.4725          3  0.000e+00
      26931 309.510603  -62.22236  -58.21130     -0.002    1446.63     18.966     18.783    -0.8153    -0.8159    -0.0005    -0.8159    -0.8164    -0.0005   2.773163   2.773527   0.000364    34.1641    34.1697     7.5902     7.2823    -0.3080    27.4688    27.4733          3  0.000e+00
      26932 309.510603  -62.22236  -58.21130     -0.003    1446.63     18.932     18.749    -0.8155    -0.8154     0.0001    -0.8160    -0.8160     0.0001   2.773157   2.773544   0.000387    34.1643    34.1694     7.5902     7.2816    -0.3086    27.4689    27.4731          3  0.000e+00
      26933 309.510604  -62.22236  -58.21130     -0.004    1446.63     18.966     18.783    -0.8155    -0.8158    -0.0002    -0.8160    -0.8163    -0.0002   2.773145   2.773515   0.000370    34.1641    34.1694     7.5903     7.2812    -0.3091    27.4688    27.4730          3  0.000e+00
      26934 309.510604  -62.22236  -58.21130     -0.004    1446.63     18.911     18.729    -0.8153    -0.8158    -0.0004    -0.8159    -0.8163    -0.0004   2.773151   2.773550   0.000399    34.1640    34.1699     7.5894     7.2806    -0.3089    27.4687    27.4735          3  0.000e+00
      26935 309.510605  -62.22236  -58.21130     -0.007    1446.63     18.932     18.749    -0.8155    -0.8151     0.0004    -0.8160    -0.8156     0.0004   2.773145   2.773527   0.000382    34.1641    34.1688     7.5895     7.2799    -0.3096    27.4688    27.4726          3  0.000e+00
      26936 309.510605  -62.22236  -58.21130     -0.006    1446.63     18.966     18.783    -0.8152    -0.8158    -0.0005    -0.8158    -0.8163    -0.0005   2.773163   2.773550   0.000387    34.1640    34.1698     7.5895     7.2734    -0.3160    27.4687    27.4734          3  0.000e+00
      26937 309.510606  -62.22236  -58.21130     -0.004    1446.63     18.966     18.783    -0.8155    -0.8154     0.0001    -0.8160    -0.8160     0.0001   2.773157   2.773527   0.000370    34.1643    34.1692     7.5895     7.2774    -0.3121    27.4689    27.4729          3  0.000e+00
      26938 309.510606  -62.22236  -58.21130     -0.002    1446.63     18.932     18.749    -0.8153    -0.8156    -0.0003    -0.8159    -0.8161    -0.0003   2.773127   2.773532   0.000405    34.1637    34.1695     7.5895     7.2767    -0.3128    27.4684    27.4731          3  0.000e+00
      26939 309.510607  -62.22236  -58.21130     -0.007    1446.63     18.911     18.729    -0.8153    -0.8158    -0.0004    -0.8159    -0.8163    -0.0004   2.773139   2.773532   0.000393    34.1638    34.1696     7.5894     7.2771    -0.3123    27.4686    27.4733          3  0.000e+00
      26940 309.510607  -62.22236  -58.21130     -0.005    1446.63     18.966     18.783    -0.8155    -0.8159    -0.0003    -0.8160    -0.8164    -0.0003   2.773151   2.773538   0.000387    34.1642    34.1698     7.5895     7.2776    -0.3119    27.4688    27.4734          3  0.000e+00
      26941 309.510608  -62.22236  -58.21130     -0.008    1446.63     18.911     18.729    -0.8153    -0.8156    -0.0003    -0.8159    -0.8161    -0.0003   2.773169   2.773521   0.000352    34.1643    34.1693     7.5894     7.2721    -0.3173    27.4689    27.4730          3  0.000e+00
      26942 309.510608  -62.22236  -58.21130     -0.008    1446.63     18.932     18.749    -0.8155    -0.8156    -0.0001    -0.8160    -0.8161    -0.0001   2.773181   2.773527   0.000346    34.1646    34.1694     7.5895     7.2715    -0.3180    27.4692    27.4731          3  0.000e+00
      26943 309.510609  -62.22236  -58.21130     -0.006    1446.63     18.966     18.783    -0.8156    -0.8154     0.0002    -0.8162    -0.8160     0.0002   2.773151   2.773538   0.000387    34.1643    34.1693     7.5895     7.2767    -0.3128    27.4689    27.4730          3  0.000e+00
      26944 309.510609  -62.22236  -58.21130     -0.009    1446.63     18.911     18.729    -0.8152    -0.8156    -0.0004    -0.8157    -0.8161    -0.0004   2.773163   2.773544   0.000381    34.1640    34.1696     7.5894     7.2772    -0.3122    27.4686    27.4733          3  0.000e+00
      26945 309.510610  -62.22236  -58.21130     -0.009    1446.63     18.932     18.749    -0.8153    -0.8158    -0.0004    -0.8159    -0.8163    -0.0004   2.773139   2.773544   0.000405    34.1638    34.1698     7.5895     7.2766    -0.3129    27.4685    27.4734          3  0.000e+00
      26946 309.510610  -62.22236  -58.21130     -0.010    1446.63     18.911     18.729    -0.8155    -0.8159    -0.0004    -0.8160    -0.8164    -0.0004   2.773181   2.773555   0.000374    34.1646    34.1701     7.5894     7.2758    -0.3136    27.4692    27.4737          3  0.000e+00
      26947 309.510611  -62.22236  -58.21130     -0.012    1446.63     18.911     18.729    -0.8155    -0.8156    -0.0001    -0.8160    -0.8161    -0.0001   2.773157   2.773527   0.000370    34.1643    34.1694     7.5895     7.2763    -0.3132    27.4689    27.4731          3  0.000e+00
      26948 309.510611  -62.22236  -58.21130     -0.009    1446.63     18.987     18.803    -0.8155    -0.8156    -0.0001    -0.8160    -0.8161    -0.0001   2.773151   2.773532   0.000381    34.1642    34.1694     7.5895     7.2768    -0.3128    27.4688    27.4731          3  0.000e+00
      26949 309.510611  -62.22236  -58.21130     -0.010    1446.63     18.911     18.729    -0.8155    -0.8156    -0.0001    -0.8160    -0.8161    -0.0001   2.773145   2.773532   0.000387    34.1641    34.1695     7.5895     7.2771    -0.3124    27.4688    27.4731          3  0.000e+00
      26950 309.510612  -62.22236  -58.21130     -0.010    1446.63     18.911     18.729    -0.8155    -0.8159    -0.0004    -0.8160    -0.8164    -0.0004   2.773163   2.773538   0.000375    34.1644    34.1699     7.5895     7.2776    -0.3119    27.4690    27.4735          3  0.000e+00
      26951 309.510612  -62.22236  -58.21130     -0.012    1446.63     18.932     18.749    -0.8155    -0.8160    -0.0005    -0.8160    -0.8166    -0.0005   2.773139   2.773544   0.000405    34.1640    34.1701     7.5895     7.2781    -0.3114    27.4687    27.4737          3  0.000e+00
      26952 309.510613  -62.22236  -58.21130     -0.012    1446.63     18.966     18.783    -0.8158    -0.8156     0.0002    -0.8163    -0.8161     0.0002   2.773163   2.773532   0.000369    34.1647    34.1695     7.5896     7.2726    -0.3170    27.4692    27.4731          3  0.000e+00
      26953 309.510613  -62.22236  -58.21130     -0.013    1446.63     18.911     18.729    -0.8153    -0.8158    -0.0004    -0.8159    -0.8163    -0.0004   2.773157   2.773538   0.000381    34.1641    34.1697     7.5894     7.2778    -0.3117    27.4687    27.4733          3  0.000e+00
      26954 309.510614  -62.22236  -58.21130     -0.012    1446.63     18.911     18.729    -0.8153    -0.8151     0.0002    -0.8159    -0.8156     0.0002   2.773145   2.773544   0.000399    34.1639    34.1691     7.5946     7.2710    -0.3236    27.4686    27.4728          3  0.000e+00
      26955 309.510614  -62.22236  -58.21130     -0.017    1446.63     18.884     18.702    -0.8155    -0.8156    -0.0001    -0.8160    -0.8161    -0.0001   2.773145   2.773532   0.000387    34.1641    34.1695     7.5902     7.2692    -0.3210    27.4688    27.4731          3  0.000e+00
      26956 309.510615  -62.22236  -58.21130     -0.014    1446.63     18.966     18.783    -0.8153    -0.8153     0.0000    -0.8159    -0.8158     0.0000   2.773151   2.773538   0.000387    34.1640    34.1692     7.5902     7.2745    -0.3157    27.4687    27.4729          3  0.000e+00
      26957 309.510615  -62.22236  -58.21130     -0.013    1446.63     18.911     18.729    -0.8157    -0.8158    -0.0001    -0.8162    -0.8163    -0.0001   2.773145   2.773521   0.000376    34.1643    34.1695     7.5902     7.2750    -0.3152    27.4690    27.4731          3  0.000e+00
      26958 309.510616  -62.22236  -58.21130     -0.018    1446.63     18.884     18.702    -0.8155    -0.8158    -0.0002    -0.8160    -0.8163    -0.0002   2.773181   2.773527   0.000346    34.1646    34.1696     7.5901     7.2754    -0.3146    27.4692    27.4732          3  0.000e+00
      26959 309.510616  -62.22236  -58.21130     -0.018    1446.63     18.911     18.729    -0.8155    -0.8151     0.0004    -0.8160    -0.8156     0.0004   2.773145   2.773515   0.000370    34.1641    34.1687     7.5901     7.2700    -0.3201    27.4688    27.4725          3  0.000e+00
