Pos-Processados/process_op38/operantar38_018.cnv
* Sea-Bird SBE 9 Data File:
* FileName = D:\OPERANTAR_XXXVIII\DADOS\OP38_018.hdr
* Software Version Seasave V 7.18c
* Temperature SN = 4808
* Conductivity SN = 3380
* Number of Bytes Per Scan = 34
* Number of Voltage Words = 3
* Number of Scans Averaged by the Deck Unit = 1
* NMEA Latitude = 62 10.02 S
* NMEA Longitude = 058 22.53 W
* NMEA UTC (Time) = Nov 05 2019 17:24:22
** H41
** NAVIO POLAR ALMIRANTE MAXIMIANO
** CRUZEIRO:
** OPERANTAR XXXVIII
** ESTAÇÃO: OP38_018
** LAT 62 10,02' S
** LONG 058 22,49' W
** 09P73767-1155_A
** PROFUNDIDADE: 447
** DATA/HORA: 051724Z/NOV/2019
** OPERADOR: SO-HN CHAVES
# nquan = 30
# nvalues = 827                         
# units = specified
# name 0 = scan: Scan Count
# name 1 = timeJ: Julian Days
# name 2 = latitude: Latitude [deg]
# name 3 = longitude: Longitude [deg]
# name 4 = dz/dtM: Descent Rate [m/s]
# name 5 = avgsvCM: Average Sound Velocity [Chen-Millero, m/s]
# name 6 = prDM: Pressure, Digiquartz [db]
# name 7 = depSM: Depth [salt water, m]
# name 8 = t090C: Temperature [ITS-90, deg C]
# name 9 = t190C: Temperature, 2 [ITS-90, deg C]
# name 10 = T2-T190C: Temperature Difference, 2 - 1 [ITS-90, deg C]
# name 11 = potemp090C: Potential Temperature [ITS-90, deg C]
# name 12 = potemp190C: Potential Temperature, 2 [ITS-90, deg C]
# name 13 = potemp90Cdiff: Potential Temperature, Diff, 2 - 1 [ITS-90, deg C]
# name 14 = c0S/m: Conductivity [S/m]
# name 15 = c1S/m: Conductivity, 2 [S/m]
# name 16 = C2-C1S/m: Conductivity Difference, 2 - 1 [S/m]
# name 17 = sal00: Salinity, Practical [PSU]
# name 18 = sal11: Salinity, Practical, 2 [PSU]
# name 19 = sbeox0ML/L: Oxygen, SBE 43 [ml/l]
# name 20 = sigma-é00: Density [sigma-theta, kg/m^3]
# name 21 = sigma-é11: Density, 2 [sigma-theta, kg/m^3]
# name 22 = sal00: Salinity, Practical [PSU]
# name 23 = sigma-é00: Density [sigma-theta, kg/m^3]
# name 24 = svCM: Sound Velocity [Chen-Millero, m/s]
# name 25 = svCM1: Sound Velocity, 2 [Chen-Millero, m/s]
# name 26 = gsw_ptA0: potential temperature [ITS-90, deg C]
# name 27 = gsw_densityA0: density, TEOS-10 [density, kg/m^3]
# name 28 = gsw_saA0: Absolute Salinity [g/kg]
# name 29 = flag:
# span 0 =       1931,      37680       
# span 1 = 309.726185, 309.743425       
# span 2 =  -62.16702,  -62.16696       
# span 3 =  -58.37558,  -58.37548       
# span 4 =     -1.222,      1.212       
# span 5 =       0.00,    1448.62       
# span 6 =      2.000,    415.000       
# span 7 =      1.987,    410.600       
# span 8 =    -0.9287,    -0.5655       
# span 9 =    -0.9285,    -0.5653       
# span 10 =    -0.0086,     0.0061      
# span 11 =    -0.9316,    -0.5795      
# span 12 =    -0.9315,    -0.5793      
# span 13 =    -0.0086,     0.0060      
# span 14 =   2.771809,   2.835809      
# span 15 =   2.772210,   2.836213      
# span 16 =  -0.000859,   0.000986      
# span 17 =    34.1279,    34.4845      
# span 18 =    34.1336,    34.4899      
# span 19 =     6.0528,     7.6373      
# span 20 =    27.4323,    27.7182      
# span 21 =    27.4368,    27.7225      
# span 22 =    34.1278,    34.4848      
# span 23 =    27.4323,    27.7190      
# span 24 =    1444.61,    1452.57      
# span 25 =    1444.62,    1452.58      
# span 26 =    -0.9316,    -0.5792      
# span 27 =  1027.4466,  1029.7003      
# span 28 =    34.2924,    34.6536      
# span 29 = 0.0000e+00, 0.0000e+00      
# interval = decibars: 1                
# start_time = Nov 05 2019 17:24:22 [NMEA time, header]
# bad_flag = -9.990e-29
*END*
[from data line 436]
      21360 309.735555  -62.16698  -58.37556     -1.142    1448.15    392.000    387.871    -0.6647    -0.6612     0.0035    -0.6775    -0.6740     0.0035   2.824587   2.825437   0.000836    34.4617    34.4690     6.1467    27.7040    27.7098    34.4590    27.7018    1451.72    1451.74    -0.6772  1029.5766    34.6275 0.0000e+00
      21382 309.735566  -62.16698  -58.37556     -1.100    1448.15    391.000    386.882    -0.6692    -0.6654     0.0038    -0.6820    -0.6782     0.0038   2.823960   2.824851   0.000913    34.4584    34.4664     6.1650    27.7015    27.7078    34.4563    27.6998    1451.68    1451.70    -0.6817  1029.5699    34.6248 0.0000e+00
      21404 309.735576  -62.16698  -58.37556     -1.081    1448.15    390.000    385.893    -0.6709    -0.6706     0.0003    -0.6837    -0.6834     0.0003   2.823724   2.824156   0.000443    34.4574    34.4630     6.1823    27.7008    27.7053    34.4557    27.6994    1451.65    1451.66    -0.6834  1029.5648    34.6242 0.0000e+00
      21426 309.735587  -62.16698  -58.37556     -1.105    1448.15    389.000    384.905    -0.6715    -0.6716    -0.0001    -0.6843    -0.6843    -0.0001   2.823627   2.824003   0.000386    34.4570    34.4623     6.1970    27.7005    27.7048    34.4557    27.6994    1451.63    1451.64    -0.6840  1029.5601    34.6242 0.0000e+00
      21448 309.735597  -62.16698  -58.37556     -1.112    1448.15    388.000    383.916    -0.6716    -0.6708     0.0008    -0.6843    -0.6835     0.0008   2.823555   2.824055   0.000502    34.4567    34.4626     6.2129    27.7002    27.7049    34.4554    27.6992    1451.61    1451.62    -0.6840  1029.5551    34.6239 0.0000e+00
      21472 309.735609  -62.16698  -58.37557     -1.038    1448.15    387.000    382.928    -0.6706    -0.6703     0.0003    -0.6832    -0.6829     0.0003   2.823645   2.824134   0.000445    34.4571    34.4627     6.2232    27.7005    27.7050    34.4560    27.6996    1451.60    1451.61    -0.6830  1029.5508    34.6245 0.0000e+00
      21499 309.735622  -62.16698  -58.37558     -0.930    1448.15    386.000    381.939    -0.6716    -0.6697     0.0019    -0.6842    -0.6823     0.0019   2.823489   2.824048   0.000597    34.4567    34.4626     6.2317    27.7003    27.7049    34.4557    27.6994    1451.58    1451.60    -0.6839  1029.5459    34.6242 0.0000e+00
      21524 309.735634  -62.16698  -58.37558     -0.930    1448.15    385.000    380.951    -0.6723    -0.6714     0.0009    -0.6849    -0.6840     0.0008   2.823391   2.823871   0.000484    34.4566    34.4621     6.2303    27.7002    27.7046    34.4558    27.6995    1451.56    1451.57    -0.6846  1029.5412    34.6243 0.0000e+00
      21547 309.735645  -62.16698  -58.37557     -1.000    1448.15    384.000    379.962    -0.6725    -0.6719     0.0005    -0.6850    -0.6844     0.0005   2.823329   2.823784   0.000446    34.4566    34.4620     6.2258    27.7002    27.7045    34.4557    27.6995    1451.54    1451.55    -0.6847  1029.5364    34.6242 0.0000e+00
      21569 309.735656  -62.16698  -58.37556     -1.063    1448.15    383.000    378.974    -0.6730    -0.6720     0.0010    -0.6855    -0.6845     0.0010   2.823220   2.823711   0.000504    34.4563    34.4619     6.2225    27.6999    27.7045    34.4555    27.6993    1451.53    1451.54    -0.6852  1029.5315    34.6240 0.0000e+00
      21591 309.735667  -62.16699  -58.37556     -1.083    1448.15    382.000    377.985    -0.6733    -0.6732     0.0000    -0.6857    -0.6857     0.0000   2.823146   2.823545   0.000403    34.4560    34.4614     6.2252    27.6998    27.7041    34.4554    27.6992    1451.51    1451.52    -0.6855  1029.5267    34.6239 0.0000e+00
      21614 309.735678  -62.16700  -58.37557     -1.064    1448.15    381.000    376.996    -0.6736    -0.6734     0.0001    -0.6860    -0.6859     0.0001   2.823074   2.823490   0.000417    34.4560    34.4615     6.2287    27.6997    27.7042    34.4554    27.6992    1451.49    1451.50    -0.6857  1029.5219    34.6239 0.0000e+00
      21637 309.735689  -62.16700  -58.37558     -1.043    1448.15    380.000    376.008    -0.6736    -0.6737    -0.0000    -0.6860    -0.6860    -0.0000   2.823014   2.823411   0.000400    34.4558    34.4612     6.2262    27.6996    27.7040    34.4553    27.6991    1451.47    1451.48    -0.6857  1029.5171    34.6237 0.0000e+00
      21660 309.735700  -62.16698  -58.37558     -1.037    1448.15    379.000    375.019    -0.6739    -0.6737     0.0001    -0.6862    -0.6861     0.0001   2.822946   2.823359   0.000414    34.4557    34.4611     6.2294    27.6995    27.7039    34.4552    27.6991    1451.46    1451.46    -0.6860  1029.5124    34.6237 0.0000e+00
      21684 309.735711  -62.16698  -58.37558     -1.039    1448.15    378.000    374.031    -0.6740    -0.6739     0.0001    -0.6863    -0.6862     0.0001   2.822888   2.823291   0.000404    34.4556    34.4609     6.2323    27.6994    27.7037    34.4552    27.6991    1451.44    1451.45    -0.6861  1029.5076    34.6237 0.0000e+00
      21707 309.735723  -62.16698  -58.37558     -1.019    1448.15    377.000    373.042    -0.6741    -0.6742    -0.0000    -0.6864    -0.6864    -0.0000   2.822826   2.823215   0.000395    34.4555    34.4608     6.2311    27.6993    27.7037    34.4551    27.6991    1451.42    1451.43    -0.6861  1029.5027    34.6236 0.0000e+00
      21732 309.735734  -62.16698  -58.37558     -0.991    1448.15    376.000    372.053    -0.6742    -0.6741     0.0000    -0.6864    -0.6864     0.0000   2.822779   2.823175   0.000393    34.4555    34.4607     6.2316    27.6993    27.7036    34.4551    27.6991    1451.41    1451.41    -0.6862  1029.4980    34.6236 0.0000e+00
      21758 309.735747  -62.16698  -58.37558     -0.951    1448.15    375.000    371.065    -0.6744    -0.6743     0.0001    -0.6865    -0.6864     0.0001   2.822730   2.823125   0.000395    34.4556    34.4607     6.2287    27.6994    27.7036    34.4553    27.6992    1451.39    1451.40    -0.6863  1029.4934    34.6237 0.0000e+00
      21783 309.735759  -62.16698  -58.37558     -0.927    1448.15    374.000    370.076    -0.6745    -0.6744     0.0001    -0.6866    -0.6865     0.0001   2.822672   2.823074   0.000404    34.4555    34.4608     6.2266    27.6994    27.7037    34.4552    27.6992    1451.37    1451.38    -0.6864  1029.4886    34.6237 0.0000e+00
      21808 309.735771  -62.16698  -58.37558     -0.957    1448.15    373.000    369.087    -0.6744    -0.6744     0.0001    -0.6865    -0.6865     0.0001   2.822616   2.823022   0.000408    34.4552    34.4607     6.2308    27.6992    27.7035    34.4550    27.6990    1451.35    1451.36    -0.6863  1029.4837    34.6235 0.0000e+00
      21830 309.735782  -62.16698  -58.37558     -1.028    1448.15    372.000    368.099    -0.6746    -0.6745     0.0002    -0.6867    -0.6865     0.0002   2.822542   2.822942   0.000401    34.4551    34.4603     6.2361    27.6991    27.7033    34.4549    27.6988    1451.34    1451.35    -0.6864  1029.4788    34.6233 0.0000e+00
      21851 309.735792  -62.16698  -58.37558     -1.106    1448.15    371.000    367.110    -0.6750    -0.6751    -0.0001    -0.6871    -0.6872    -0.0001   2.822416   2.822817   0.000395    34.4546    34.4600     6.2317    27.6986    27.7031    34.4542    27.6983    1451.32    1451.33    -0.6868  1029.4736    34.6227 0.0000e+00
      21872 309.735802  -62.16698  -58.37558     -1.148    1448.15    370.000    366.122    -0.6755    -0.6755     0.0000    -0.6875    -0.6875     0.0000   2.822253   2.822684   0.000434    34.4536    34.4594     6.2289    27.6978    27.7025    34.4532    27.6976    1451.30    1451.31    -0.6873  1029.4681    34.6217 0.0000e+00
      21894 309.735813  -62.16698  -58.37558     -1.124    1448.15    369.000    365.133    -0.6763    -0.6761     0.0002    -0.6882    -0.6880     0.0002   2.822055   2.822501   0.000447    34.4523    34.4581     6.2299    27.6968    27.7015    34.4520    27.6966    1451.28    1451.29    -0.6880  1029.4623    34.6204 0.0000e+00
      21919 309.735824  -62.16698  -58.37558     -1.032    1448.15    368.000    364.144    -0.6767    -0.6763     0.0004    -0.6886    -0.6882     0.0004   2.821953   2.822400   0.000445    34.4519    34.4575     6.2267    27.6965    27.7010    34.4517    27.6964    1451.26    1451.27    -0.6884  1029.4574    34.6201 0.0000e+00
      21946 309.735837  -62.16698  -58.37558     -0.921    1448.15    367.000    363.156    -0.6770    -0.6766     0.0004    -0.6889    -0.6885     0.0004   2.821842   2.822293   0.000454    34.4514    34.4571     6.2274    27.6962    27.7007    34.4512    27.6960    1451.24    1451.25    -0.6887  1029.4522    34.6196 0.0000e+00
      21973 309.735851  -62.16698  -58.37558     -0.864    1448.15    366.000    362.167    -0.6772    -0.6772     0.0000    -0.6891    -0.6891     0.0000   2.821766   2.822185   0.000419    34.4512    34.4568     6.2418    27.6960    27.7005    34.4510    27.6958    1451.22    1451.23    -0.6888  1029.4473    34.6194 0.0000e+00
      21999 309.735863  -62.16698  -58.37558     -0.894    1448.15    365.000    361.179    -0.6773    -0.6773     0.0000    -0.6891    -0.6891     0.0000   2.821715   2.822111   0.000395    34.4512    34.4566     6.2492    27.6960    27.7003    34.4510    27.6958    1451.20    1451.21    -0.6889  1029.4426    34.6194 0.0000e+00
      22023 309.735875  -62.16698  -58.37557     -0.970    1448.15    364.000    360.190    -0.6778    -0.6773     0.0005    -0.6896    -0.6891     0.0005   2.821571   2.822089   0.000502    34.4506    34.4569     6.2504    27.6955    27.7006    34.4502    27.6952    1451.18    1451.20    -0.6893  1029.4372    34.6187 0.0000e+00
      22045 309.735885  -62.16698  -58.37556     -1.051    1448.15    363.000    359.201    -0.6788    -0.6782     0.0006    -0.6906    -0.6899     0.0006   2.821382   2.821880   0.000508    34.4498    34.4559     6.2512    27.6949    27.6998    34.4495    27.6947    1451.16    1451.17    -0.6903  1029.4319    34.6179 0.0000e+00
      22066 309.735896  -62.16698  -58.37556     -1.104    1448.15    362.000    358.213    -0.6801    -0.6796     0.0005    -0.6918    -0.6913     0.0005   2.821120   2.821592   0.000479    34.4483    34.4543     6.2535    27.6938    27.6986    34.4480    27.6935    1451.14    1451.15    -0.6915  1029.4260    34.6164 0.0000e+00
      22089 309.735906  -62.16698  -58.37556     -1.106    1448.15    361.000    357.224    -0.6804    -0.6802     0.0001    -0.6920    -0.6919     0.0001   2.820978   2.821385   0.000406    34.4473    34.4527     6.2487    27.6929    27.6973    34.4470    27.6927    1451.12    1451.13    -0.6918  1029.4205    34.6154 0.0000e+00
      22112 309.735918  -62.16698  -58.37556     -1.055    1448.15    360.000    356.235    -0.6806    -0.6806     0.0000    -0.6922    -0.6922     0.0000   2.820851   2.821252   0.000402    34.4464    34.4518     6.2467    27.6923    27.6966    34.4462    27.6920    1451.10    1451.11    -0.6920  1029.4151    34.6145 0.0000e+00
      22137 309.735930  -62.16698  -58.37556     -0.988    1448.15    359.000    355.246    -0.6809    -0.6808     0.0001    -0.6924    -0.6924     0.0001   2.820725   2.821153   0.000427    34.4456    34.4513     6.2587    27.6916    27.6962    34.4454    27.6914    1451.08    1451.09    -0.6922  1029.4097    34.6138 0.0000e+00
      22163 309.735942  -62.16698  -58.37556     -0.943    1448.15    358.000    354.258    -0.6813    -0.6811     0.0001    -0.6928    -0.6927     0.0001   2.820577   2.821009   0.000427    34.4448    34.4504     6.2656    27.6909    27.6955    34.4445    27.6907    1451.06    1451.07    -0.6926  1029.4042    34.6128 0.0000e+00
      22189 309.735955  -62.16698  -58.37556     -0.914    1448.15    357.000    353.269    -0.6820    -0.6817     0.0003    -0.6935    -0.6932     0.0003   2.820401   2.820832   0.000444    34.4437    34.4493     6.2706    27.6901    27.6946    34.4435    27.6899    1451.04    1451.05    -0.6933  1029.3988    34.6119 0.0000e+00
      22216 309.735968  -62.16698  -58.37556     -0.898    1448.15    356.000    352.280    -0.6822    -0.6823    -0.0001    -0.6937    -0.6938    -0.0001   2.820316   2.820682   0.000356    34.4435    34.4484     6.2716    27.6899    27.6940    34.4432    27.6897    1451.02    1451.03    -0.6934  1029.3938    34.6116 0.0000e+00
      22244 309.735981  -62.16698  -58.37556     -0.869    1448.15    355.000    351.292    -0.6830    -0.6826     0.0003    -0.6944    -0.6940     0.0003   2.820134   2.820595   0.000456    34.4425    34.4482     6.2760    27.6892    27.6938    34.4422    27.6890    1451.00    1451.01    -0.6942  1029.3883    34.6106 0.0000e+00
      22270 309.735994  -62.16698  -58.37556     -0.901    1448.15    354.000    350.303    -0.6834    -0.6832     0.0002    -0.6948    -0.6946     0.0002   2.820018   2.820435   0.000426    34.4419    34.4475     6.2749    27.6887    27.6932    34.4418    27.6886    1450.98    1450.99    -0.6946  1029.3832    34.6101 0.0000e+00
      22294 309.736006  -62.16698  -58.37556     -0.964    1448.15    353.000    349.314    -0.6835    -0.6836    -0.0001    -0.6949    -0.6950    -0.0001   2.819936   2.820343   0.000394    34.4416    34.4470     6.2797    27.6885    27.6929    34.4414    27.6883    1450.97    1450.97    -0.6946  1029.3781    34.6097 0.0000e+00
      22319 309.736018  -62.16698  -58.37556     -0.968    1448.15    352.000    348.325    -0.6841    -0.6835     0.0006    -0.6954    -0.6948     0.0006   2.819768   2.820291   0.000528    34.4406    34.4470     6.2878    27.6877    27.6929    34.4404    27.6875    1450.95    1450.96    -0.6952  1029.3726    34.6087 0.0000e+00
      22346 309.736030  -62.16698  -58.37556     -0.932    1448.15    351.000    347.337    -0.6844    -0.6842     0.0001    -0.6957    -0.6955     0.0001   2.819686   2.820079   0.000398    34.4404    34.4456     6.2862    27.6875    27.6918    34.4402    27.6874    1450.93    1450.94    -0.6954  1029.3677    34.6086 0.0000e+00
      22374 309.736044  -62.16698  -58.37556     -0.872    1448.15    350.000    346.348    -0.6844    -0.6844    -0.0000    -0.6957    -0.6957    -0.0000   2.819626   2.820019   0.000394    34.4402    34.4455     6.2869    27.6874    27.6917    34.4401    27.6873    1450.91    1450.92    -0.6954  1029.3629    34.6084 0.0000e+00
      22400 309.736057  -62.16698  -58.37554     -0.876    1448.15    349.000    345.359    -0.6846    -0.6844     0.0002    -0.6958    -0.6956     0.0002   2.819541   2.819946   0.000406    34.4399    34.4452     6.2891    27.6871    27.6914    34.4398    27.6870    1450.89    1450.90    -0.6956  1029.3579    34.6081 0.0000e+00
      22424 309.736068  -62.16698  -58.37554     -0.950    1448.15    348.000    344.371    -0.6848    -0.6848    -0.0001    -0.6960    -0.6960    -0.0001   2.819439   2.819840   0.000394    34.4395    34.4448     6.2874    27.6868    27.6911    34.4392    27.6866    1450.88    1450.88    -0.6957  1029.3527    34.6075 0.0000e+00
      22448 309.736080  -62.16698  -58.37554     -1.016    1448.15    347.000    343.382    -0.6853    -0.6852     0.0001    -0.6965    -0.6964     0.0001   2.819292   2.819711   0.000420    34.4386    34.4442     6.2918    27.6861    27.6906    34.4385    27.6860    1450.86    1450.86    -0.6962  1029.3473    34.6068 0.0000e+00
      22472 309.736091  -62.16698  -58.37554     -1.016    1448.15    346.000    342.393    -0.6856    -0.6854     0.0002    -0.6968    -0.6965     0.0002   2.819183   2.819622   0.000442    34.4381    34.4438     6.2842    27.6857    27.6903    34.4379    27.6856    1450.84    1450.85    -0.6965  1029.3422    34.6063 0.0000e+00
