Pos-Processados/process_op38/operantar38_024.cnv
* Sea-Bird SBE 9 Data File:
* FileName = D:\OPERANTAR_XXXVIII\DADOS\OP38_024.hdr
* Software Version Seasave V 7.18c
* Temperature SN = 4808
* Conductivity SN = 3380
* Number of Bytes Per Scan = 34
* Number of Voltage Words = 3
* Number of Scans Averaged by the Deck Unit = 1
* NMEA Latitude = 62 13.17 S
* NMEA Longitude = 058 22.76 W
* NMEA UTC (Time) = Nov 22 2019 19:55:17
** H41
** NAVIO POLAR ALMIRANTE MAXIMIANO
** CRUZEIRO:
** OPERANTAR XXXVIII
** ESTAÇÃO: OP38_024
** LAT 62 13,16'S
** LONG 058 22,74'W
** 09P73767-1155_A
** PROFUNDIDADE: 292
** DATA/HORA: 221955Z/NOV/2019
** OPERADOR: SO-HN CHAVES
# nquan = 32
# nvalues = 555                         
# units = specified
# name 0 = scan: Scan Count
# name 1 = timeJ: Julian Days
# name 2 = latitude: Latitude [deg]
# name 3 = longitude: Longitude [deg]
# name 4 = dz/dtM: Descent Rate [m/s]
# name 5 = avgsvCM: Average Sound Velocity [Chen-Millero, m/s]
# name 6 = prDM: Pressure, Digiquartz [db]
# name 7 = depSM: Depth [salt water, m]
# name 8 = t090C: Temperature [ITS-90, deg C]
# name 9 = t190C: Temperature, 2 [ITS-90, deg C]
# name 10 = T2-T190C: Temperature Difference, 2 - 1 [ITS-90, deg C]
# name 11 = potemp090C: Potential Temperature [ITS-90, deg C]
# name 12 = potemp190C: Potential Temperature, 2 [ITS-90, deg C]
# name 13 = potemp90Cdiff: Potential Temperature, Diff, 2 - 1 [ITS-90, deg C]
# name 14 = c0S/m: Conductivity [S/m]
# name 15 = c1S/m: Conductivity, 2 [S/m]
# name 16 = C2-C1S/m: Conductivity Difference, 2 - 1 [S/m]
# name 17 = sal00: Salinity, Practical [PSU]
# name 18 = sal11: Salinity, Practical, 2 [PSU]
# name 19 = sbeox0ML/L: Oxygen, SBE 43 [ml/l]
# name 20 = sbeox1ML/L: Oxygen, SBE 43, 2 [ml/l]
# name 21 = sbeox0ML/Ldiff: Oxygen, SBE 43, Diff, 2 - 1 [ml/l]
# name 22 = sigma-é00: Density [sigma-theta, kg/m^3]
# name 23 = sigma-é11: Density, 2 [sigma-theta, kg/m^3]
# name 24 = sal00: Salinity, Practical [PSU]
# name 25 = sigma-é00: Density [sigma-theta, kg/m^3]
# name 26 = svCM: Sound Velocity [Chen-Millero, m/s]
# name 27 = svCM1: Sound Velocity, 2 [Chen-Millero, m/s]
# name 28 = gsw_ptA0: potential temperature [ITS-90, deg C]
# name 29 = gsw_densityA0: density, TEOS-10 [density, kg/m^3]
# name 30 = gsw_saA0: Absolute Salinity [g/kg]
# name 31 = flag:
# span 0 =        317,      20305       
# span 1 = 326.830210, 326.839850       
# span 2 =  -62.21966,  -62.21962       
# span 3 =  -58.37934,  -58.37920       
# span 4 =     -1.192,      1.182       
# span 5 =       0.00,    1448.21       
# span 6 =      2.000,    279.000       
# span 7 =      1.984,    276.129       
# span 8 =    -0.5351,    -0.2786       
# span 9 =    -0.5349,    -0.2795       
# span 10 =    -0.0094,     0.0178      
# span 11 =    -0.5412,    -0.2786      
# span 12 =    -0.5411,    -0.2797      
# span 13 =    -0.0094,     0.0178      
# span 14 =   2.805642,   2.818352      
# span 15 =   2.806082,   2.818772      
# span 16 =  -0.000229,   0.001748      
# span 17 =    34.1700,    34.2931      
# span 18 =    34.1743,    34.2985      
# span 19 =     7.0001,     7.6497      
# span 20 =     6.7004,     7.3923      
# span 21 =    -0.3758,    -0.1935      
# span 22 =    27.4500,    27.5616      
# span 23 =    27.4535,    27.5659      
# span 24 =    34.1688,    34.2931      
# span 25 =    27.4502,    27.5616      
# span 26 =    1446.38,    1450.27      
# span 27 =    1446.39,    1450.28      
# span 28 =    -0.5411,    -0.2787      
# span 29 =  1027.4642,  1028.8984      
# span 30 =    34.3337,    34.4606      
# span 31 = 0.0000e+00, 0.0000e+00      
# interval = decibars: 1                
# start_time = Nov 22 2019 19:55:17 [NMEA time, header]
# bad_flag = -9.990e-29
*END*
[from data line 46]
       1851 326.830950  -62.21962  -58.37934      0.971    1446.49     48.000     47.534    -0.4720    -0.4707     0.0013    -0.4735    -0.4721     0.0013   2.806259   2.806772   0.000505    34.2055    34.2107     7.4797     7.2160    -0.2636    27.4877    27.4918    34.2048    27.4872    1446.67    1446.68    -0.4734  1027.7215    34.3703 0.0000e+00
       1871 326.830960  -62.21962  -58.37934      1.107    1446.49     49.000     48.524    -0.4722    -0.4718     0.0004    -0.4737    -0.4733     0.0004   2.806343   2.806755   0.000418    34.2057    34.2109     7.4771     7.2191    -0.2580    27.4879    27.4920    34.2055    27.4877    1446.69    1446.69    -0.4737  1027.7267    34.3708 0.0000e+00
       1892 326.830970  -62.21962  -58.37934      1.162    1446.49     50.000     49.514    -0.4727    -0.4723     0.0004    -0.4742    -0.4738     0.0004   2.806320   2.806741   0.000421    34.2057    34.2109     7.4703     7.2155    -0.2548    27.4879    27.4921    34.2052    27.4874    1446.70    1446.71    -0.4742  1027.7312    34.3704 0.0000e+00
       1916 326.830981  -62.21962  -58.37933      1.076    1446.49     51.000     50.504    -0.4727    -0.4725     0.0002    -0.4742    -0.4740     0.0002   2.806399   2.806806   0.000411    34.2057    34.2110     7.4649     7.2142    -0.2507    27.4879    27.4921    34.2056    27.4878    1446.72    1446.72    -0.4742  1027.7364    34.3709 0.0000e+00
       1943 326.830994  -62.21962  -58.37932      0.931    1446.49     52.000     51.495    -0.4707    -0.4709    -0.0002    -0.4723    -0.4725    -0.0002   2.806582   2.806969   0.000389    34.2052    34.2107     7.4647     7.2134    -0.2513    27.4874    27.4919    34.2052    27.4874    1446.74    1446.75    -0.4723  1027.7407    34.3705 0.0000e+00
       1969 326.831007  -62.21962  -58.37932      0.904    1446.49     53.000     52.485    -0.4684    -0.4687    -0.0003    -0.4700    -0.4703    -0.0003   2.806796   2.807144   0.000366    34.2047    34.2100     7.4630     7.2078    -0.2552    27.4869    27.4911    34.2048    27.4870    1446.77    1446.77    -0.4700  1027.7451    34.3701 0.0000e+00
       1992 326.831018  -62.21962  -58.37932      0.973    1446.49     54.000     53.475    -0.4693    -0.4701    -0.0008    -0.4710    -0.4718    -0.0008   2.806723   2.807093   0.000358    34.2047    34.2105     7.4671     7.2058    -0.2613    27.4869    27.4916    34.2043    27.4866    1446.78    1446.78    -0.4709  1027.7495    34.3696 0.0000e+00
       2015 326.831029  -62.21962  -58.37932      1.035    1446.49     55.000     54.465    -0.4702    -0.4708    -0.0006    -0.4719    -0.4725    -0.0006   2.806779   2.807104   0.000350    34.2054    34.2107     7.4727     7.2011    -0.2715    27.4875    27.4919    34.2055    27.4876    1446.79    1446.80    -0.4719  1027.7553    34.3708 0.0000e+00
       2037 326.831040  -62.21962  -58.37932      1.070    1446.49     56.000     55.455    -0.4688    -0.4701    -0.0013    -0.4705    -0.4718    -0.0013   2.806867   2.807211   0.000325    34.2046    34.2104     7.4752     7.2018    -0.2734    27.4868    27.4916    34.2044    27.4867    1446.81    1446.82    -0.4705  1027.7591    34.3697 0.0000e+00
       2062 326.831052  -62.21962  -58.37932      1.024    1446.49     57.000     56.445    -0.4715    -0.4713     0.0002    -0.4733    -0.4731     0.0002   2.806776   2.807169   0.000397    34.2058    34.2110     7.4767     7.2012    -0.2755    27.4880    27.4921    34.2057    27.4878    1446.82    1446.83    -0.4732  1027.7651    34.3710 0.0000e+00
       2088 326.831064  -62.21962  -58.37932      0.948    1446.49     58.000     57.435    -0.4729    -0.4732    -0.0002    -0.4747    -0.4750    -0.0002   2.806691   2.807088   0.000391    34.2057    34.2113     7.4737     7.2072    -0.2665    27.4879    27.4924    34.2055    27.4877    1446.83    1446.84    -0.4747  1027.7698    34.3708 0.0000e+00
       2113 326.831077  -62.21962  -58.37932      0.929    1446.49     59.000     58.425    -0.4721    -0.4728    -0.0006    -0.4740    -0.4746    -0.0006   2.806770   2.807127   0.000364    34.2051    34.2107     7.4738     7.2085    -0.2654    27.4874    27.4920    34.2051    27.4874    1446.85    1446.85    -0.4739  1027.7742    34.3704 0.0000e+00
       2138 326.831088  -62.21962  -58.37932      0.958    1446.49     60.000     59.415    -0.4746    -0.4739     0.0007    -0.4765    -0.4758     0.0007   2.806621   2.807065   0.000438    34.2058    34.2109     7.4749     7.2091    -0.2658    27.4881    27.4922    34.2052    27.4876    1446.85    1446.86    -0.4764  1027.7792    34.3706 0.0000e+00
       2162 326.831100  -62.21962  -58.37932      0.994    1446.49     61.000     60.406    -0.4807    -0.4798     0.0009    -0.4826    -0.4817     0.0009   2.806405   2.806853   0.000448    34.2086    34.2136     7.4780     7.2060    -0.2719    27.4906    27.4947    34.2086    27.4906    1446.85    1446.86    -0.4825  1027.7870    34.3740 0.0000e+00
       2186 326.831111  -62.21962  -58.37932      1.003    1446.49     62.000     61.395    -0.4735    -0.4736    -0.0001    -0.4754    -0.4755    -0.0001   2.806874   2.807267   0.000391    34.2060    34.2113     7.4763     7.1993    -0.2770    27.4881    27.4925    34.2061    27.4883    1446.89    1446.90    -0.4754  1027.7895    34.3715 0.0000e+00
       2210 326.831123  -62.21962  -58.37932      0.991    1446.49     63.000     62.385    -0.4732    -0.4730     0.0002    -0.4751    -0.4750     0.0002   2.806926   2.807335   0.000408    34.2060    34.2112     7.4753     7.2019    -0.2734    27.4881    27.4924    34.2059    27.4881    1446.91    1446.92    -0.4751  1027.7940    34.3712 0.0000e+00
       2235 326.831135  -62.21962  -58.37932      0.977    1446.49     64.000     63.376    -0.4728    -0.4721     0.0007    -0.4748    -0.4741     0.0007   2.807012   2.807433   0.000422    34.2060    34.2108     7.4664     7.1979    -0.2685    27.4881    27.4920    34.2060    27.4881    1446.93    1446.94    -0.4747  1027.7989    34.3714 0.0000e+00
       2259 326.831147  -62.21962  -58.37932      0.985    1446.49     65.000     64.366    -0.4726    -0.4722     0.0004    -0.4746    -0.4742     0.0004   2.807071   2.807486   0.000416    34.2059    34.2110     7.4661     7.2000    -0.2661    27.4881    27.4922    34.2059    27.4881    1446.94    1446.95    -0.4746  1027.8036    34.3713 0.0000e+00
       2283 326.831158  -62.21962  -58.37932      1.003    1446.49     66.000     65.356    -0.4727    -0.4727     0.0000    -0.4748    -0.4747     0.0000   2.807104   2.807502   0.000399    34.2060    34.2113     7.4671     7.2064    -0.2607    27.4881    27.4924    34.2059    27.4881    1446.96    1446.97    -0.4747  1027.8084    34.3713 0.0000e+00
       2306 326.831170  -62.21962  -58.37932      1.013    1446.49     67.000     66.346    -0.4735    -0.4730     0.0006    -0.4756    -0.4751     0.0006   2.807127   2.807545   0.000418    34.2064    34.2114     7.4641     7.2082    -0.2558    27.4886    27.4926    34.2065    27.4886    1446.97    1446.98    -0.4755  1027.8137    34.3719 0.0000e+00
       2331 326.831181  -62.21962  -58.37932      0.998    1446.49     68.000     67.336    -0.4724    -0.4723     0.0001    -0.4745    -0.4744     0.0001   2.807210   2.807615   0.000403    34.2057    34.2110     7.4638     7.2104    -0.2534    27.4879    27.4922    34.2057    27.4879    1446.99    1447.00    -0.4744  1027.8178    34.3711 0.0000e+00
       2356 326.831193  -62.21962  -58.37932      0.970    1446.49     69.000     68.326    -0.4741    -0.4742    -0.0001    -0.4763    -0.4764    -0.0001   2.807154   2.807547   0.000396    34.2065    34.2119     7.4607     7.2121    -0.2487    27.4886    27.4930    34.2063    27.4885    1447.00    1447.01    -0.4762  1027.8232    34.3717 0.0000e+00
       2380 326.831205  -62.21962  -58.37932      0.968    1446.49     70.000     69.316    -0.4757    -0.4760    -0.0003    -0.4778    -0.4782    -0.0003   2.807122   2.807505   0.000378    34.2071    34.2126     7.4644     7.2126    -0.2518    27.4892    27.4937    34.2070    27.4891    1447.01    1447.02    -0.4778  1027.8285    34.3724 0.0000e+00
       2405 326.831217  -62.21962  -58.37932      0.981    1446.49     71.000     70.306    -0.4757    -0.4746     0.0011    -0.4779    -0.4768     0.0011   2.807156   2.807619   0.000457    34.2070    34.2119     7.4622     7.2069    -0.2553    27.4891    27.4930    34.2069    27.4890    1447.03    1447.04    -0.4778  1027.8332    34.3723 0.0000e+00
       2429 326.831229  -62.21962  -58.37932      0.983    1446.49     72.000     71.296    -0.4778    -0.4771     0.0007    -0.4800    -0.4793     0.0007   2.807076   2.807511   0.000438    34.2077    34.2128     7.4606     7.2003    -0.2603    27.4898    27.4939    34.2075    27.4896    1447.03    1447.05    -0.4800  1027.8387    34.3730 0.0000e+00
       2454 326.831241  -62.21962  -58.37932      0.967    1446.51     73.000     72.286    -0.4800    -0.4792     0.0008    -0.4822    -0.4815     0.0008   2.806986   2.807427   0.000438    34.2085    34.2135     7.4563     7.2021    -0.2542    27.4905    27.4945    34.2082    27.4902    1447.04    1447.05    -0.4822  1027.8441    34.3737 0.0000e+00
       2480 326.831253  -62.21962  -58.37932      0.952 -9.990e-29     74.000     73.276    -0.4809    -0.4801     0.0007    -0.4831    -0.4824     0.0007   2.806998   2.807430   0.000433    34.2088    34.2139     7.4498     7.2009    -0.2489    27.4908    27.4949    34.2087    27.4907    1447.06    1447.07    -0.4831  1027.8493    34.3742 0.0000e+00
       2504 326.831265  -62.21962  -58.37932      0.964 -9.990e-29     75.000     74.266    -0.4809    -0.4810    -0.0002    -0.4832    -0.4834    -0.0002   2.807039   2.807422   0.000386    34.2088    34.2142     7.4465     7.2007    -0.2458    27.4908    27.4952    34.2087    27.4907    1447.07    1447.08    -0.4832  1027.8541    34.3742 0.0000e+00
       2528 326.831276  -62.21962  -58.37932      1.003 -9.990e-29     76.000     75.257    -0.4813    -0.4814    -0.0001    -0.4837    -0.4837    -0.0001   2.807053   2.807448   0.000397    34.2089    34.2144     7.4444     7.1914    -0.2530    27.4909    27.4953    34.2088    27.4908    1447.09    1447.09    -0.4836  1027.8589    34.3743 0.0000e+00
       2551 326.831288  -62.21962  -58.37932      1.030    1446.79     77.000     76.247    -0.4821    -0.4820     0.0001    -0.4845    -0.4843     0.0001   2.807066   2.807471   0.000407    34.2093    34.2146     7.4400     7.1880    -0.2520    27.4912    27.4956    34.2092    27.4912    1447.10    1447.11    -0.4844  1027.8641    34.3747 0.0000e+00
       2574 326.831299  -62.21962  -58.37932      1.023    1446.80     78.000     77.237    -0.4802    -0.4801     0.0002    -0.4826    -0.4825     0.0002   2.807232   2.807637   0.000402    34.2087    34.2139     7.4384     7.1903    -0.2481    27.4907    27.4949    34.2087    27.4907    1447.12    1447.13    -0.4826  1027.8684    34.3742 0.0000e+00
       2599 326.831311  -62.21962  -58.37932      1.005    1446.80     79.000     78.227    -0.4804    -0.4800     0.0004    -0.4829    -0.4824     0.0004   2.807232   2.807648   0.000416    34.2086    34.2137     7.4353     7.1907    -0.2446    27.4906    27.4948    34.2083    27.4904    1447.14    1447.15    -0.4828  1027.8729    34.3738 0.0000e+00
       2622 326.831322  -62.21962  -58.37932      1.000    1446.80     80.000     79.217    -0.4857    -0.4851     0.0006    -0.4882    -0.4876     0.0006   2.806976   2.807406   0.000430    34.2106    34.2157     7.4347     7.1937    -0.2410    27.4925    27.4965    34.2102    27.4922    1447.13    1447.14    -0.4881  1027.8795    34.3758 0.0000e+00
       2646 326.831334  -62.21962  -58.37932      1.006    1446.80     81.000     80.207    -0.4891    -0.4893    -0.0002    -0.4916    -0.4918    -0.0002   2.806835   2.807238   0.000398    34.2119    34.2175     7.4360     7.1934    -0.2426    27.4937    27.4983    34.2115    27.4933    1447.13    1447.14    -0.4915  1027.8855    34.3771 0.0000e+00
       2672 326.831346  -62.21962  -58.37932      0.977    1446.80     82.000     81.197    -0.4884    -0.4874     0.0009    -0.4909    -0.4900     0.0009   2.806951   2.807406   0.000456    34.2117    34.2168     7.4364     7.1985    -0.2379    27.4935    27.4976    34.2116    27.4934    1447.15    1447.17    -0.4909  1027.8903    34.3772 0.0000e+00
       2698 326.831359  -62.21962  -58.37932      0.914    1446.80     83.000     82.187    -0.4872    -0.4867     0.0006    -0.4898    -0.4892     0.0006   2.807065   2.807483   0.000426    34.2112    34.2163     7.4263     7.1907    -0.2356    27.4930    27.4971    34.2112    27.4931    1447.17    1447.18    -0.4897  1027.8948    34.3769 0.0000e+00
       2724 326.831371  -62.21962  -58.37932      0.904    1446.80     84.000     83.177    -0.4867    -0.4870    -0.0002    -0.4893    -0.4896    -0.0002   2.807100   2.807495   0.000382    34.2110    34.2164     7.4178     7.1814    -0.2364    27.4928    27.4972    34.2106    27.4925    1447.19    1447.20    -0.4893  1027.8990    34.3762 0.0000e+00
       2748 326.831383  -62.21962  -58.37932      0.973    1446.80     85.000     84.167    -0.4900    -0.4894     0.0006    -0.4926    -0.4920     0.0006   2.806999   2.807428   0.000435    34.2125    34.2176     7.4198     7.1738    -0.2460    27.4942    27.4983    34.2123    27.4941    1447.20    1447.20    -0.4926  1027.9053    34.3780 0.0000e+00
       2770 326.831393  -62.21962  -58.37932      1.054    1446.80     86.000     85.157    -0.4897    -0.4891     0.0006    -0.4924    -0.4918     0.0006   2.807065   2.807509   0.000436    34.2123    34.2174     7.4139     7.1743    -0.2396    27.4940    27.4982    34.2122    27.4940    1447.21    1447.22    -0.4923  1027.9101    34.3779 0.0000e+00
       2792 326.831404  -62.21962  -58.37932      1.084    1446.80     87.000     86.147    -0.4879    -0.4874     0.0005    -0.4906    -0.4901     0.0005   2.807208   2.807625   0.000426    34.2114    34.2166     7.4108     7.1752    -0.2356    27.4933    27.4974    34.2115    27.4933    1447.24    1447.25    -0.4905  1027.9142    34.3772 0.0000e+00
       2818 326.831416  -62.21962  -58.37932      1.009    1446.80     88.000     87.137    -0.4874    -0.4876    -0.0002    -0.4902    -0.4903    -0.0002   2.807261   2.807652   0.000390    34.2112    34.2166     7.4107     7.1715    -0.2392    27.4930    27.4974    34.2111    27.4929    1447.26    1447.26    -0.4901  1027.9186    34.3768 0.0000e+00
       2845 326.831429  -62.21962  -58.37932      0.898    1446.80     89.000     88.127    -0.4899    -0.4891     0.0008    -0.4926    -0.4919     0.0008   2.807172   2.807615   0.000443    34.2122    34.2174     7.4151     7.1799    -0.2352    27.4940    27.4981    34.2120    27.4938    1447.26    1447.27    -0.4926  1027.9243    34.3777 0.0000e+00
       2871 326.831442  -62.21962  -58.37932      0.889    1446.80     90.000     89.117    -0.4938    -0.4932     0.0006    -0.4965    -0.4960     0.0006   2.807023   2.807450   0.000425    34.2141    34.2192     7.4251     7.1906    -0.2345    27.4957    27.4998    34.2138    27.4954    1447.26    1447.27    -0.4965  1027.9307    34.3795 0.0000e+00
       2894 326.831453  -62.21962  -58.37932      0.977    1446.80     91.000     90.107    -0.5027    -0.5022     0.0005    -0.5055    -0.5050     0.0005   2.806669   2.807101   0.000427    34.2197    34.2249     7.4210     7.1962    -0.2248    27.5006    27.5048    34.2185    27.4996    1447.24    1447.25    -0.5054  1027.9397    34.3843 0.0000e+00
