Pos-Processados/process_op38/operantar38_018.ros
* Sea-Bird SBE 9 Data File:
* FileName = D:\OPERANTAR_XXXVIII\DADOS\OP38_018.hdr
* Software Version Seasave V 7.18c
* Temperature SN = 4808
* Conductivity SN = 3380
* Number of Bytes Per Scan = 34
* Number of Voltage Words = 3
* Number of Scans Averaged by the Deck Unit = 1
* NMEA Latitude = 62 10.02 S
* NMEA Longitude = 058 22.53 W
* NMEA UTC (Time) = Nov 05 2019 17:24:22
** H41
** NAVIO POLAR ALMIRANTE MAXIMIANO
** CRUZEIRO:
** OPERANTAR XXXVIII
** ESTAÇÃO: OP38_018
** LAT 62 10,02' S
** LONG 058 22,49' W
** 09P73767-1155_A
** PROFUNDIDADE: 447
** DATA/HORA: 051724Z/NOV/2019
** OPERADOR: SO-HN CHAVES
# nquan = 27
# nvalues = 1954                                  
# units = specified
# name 0 = scan: Scan Count
# name 1 = timeJ: Julian Days
# name 2 = latitude: Latitude [deg]
# name 3 = longitude: Longitude [deg]
# name 4 = dz/dtM: Descent Rate [m/s]
# name 5 = avgsvCM: Average Sound Velocity [Chen-Millero, m/s]
# name 6 = prDM: Pressure, Digiquartz [db]
# name 7 = depSM: Depth [salt water, m]
# name 8 = t090C: Temperature [ITS-90, deg C]
# name 9 = t190C: Temperature, 2 [ITS-90, deg C]
# name 10 = T2-T190C: Temperature Difference, 2 - 1 [ITS-90, deg C]
# name 11 = potemp090C: Potential Temperature [ITS-90, deg C]
# name 12 = potemp190C: Potential Temperature, 2 [ITS-90, deg C]
# name 13 = potemp90Cdiff: Potential Temperature, Diff, 2 - 1 [ITS-90, deg C]
# name 14 = c0S/m: Conductivity [S/m]
# name 15 = c1S/m: Conductivity, 2 [S/m]
# name 16 = C2-C1S/m: Conductivity Difference, 2 - 1 [S/m]
# name 17 = sal00: Salinity, Practical [PSU]
# name 18 = sal11: Salinity, Practical, 2 [PSU]
# name 19 = sbeox0ML/L: Oxygen, SBE 43 [ml/l]
# name 20 = sigma-é00: Density [sigma-theta, kg/m^3]
# name 21 = sigma-é11: Density, 2 [sigma-theta, kg/m^3]
# name 22 = sbox0Mm/Kg: Oxygen, SBE 43 [umol/kg]
# name 23 = oxsolMm/Kg: Oxygen Saturation, Garcia & Gordon [umol/kg]
# name 24 = oxsatMm/Kg: Oxygen Saturation, Weiss [umol/kg]
# name 25 = nbf: Bottles Fired
# name 26 = flag:  0.000e+00
# interval = seconds: 0.0416667
# start_time = Nov 05 2019 17:24:22 [NMEA time, header]
# bad_flag = -9.990e-29
*END*
[from data line 376]
      33455 309.741388  -62.16698  -58.37554     -0.023    1448.15     30.819     30.521    -0.7814    -0.7838    -0.0024    -0.7822    -0.7846    -0.0024   2.777580   2.778029   0.000448    34.1782    34.1870     7.5683    27.4788    27.4860    328.962  357.45062  359.08894          3  0.000e+00
      33456 309.741388  -62.16698  -58.37554     -0.025    1448.15     30.730     30.432    -0.7814    -0.7841    -0.0027    -0.7822    -0.7849    -0.0027   2.777580   2.778000   0.000420    34.1782    34.1870     7.5693    27.4789    27.4860    329.005  357.45046  359.08878          3  0.000e+00
      33457 309.741389  -62.16698  -58.37554     -0.025    1448.15     30.764     30.466    -0.7816    -0.7839    -0.0023    -0.7824    -0.7848    -0.0023   2.777598   2.778012   0.000413    34.1787    34.1869     7.5704    27.4792    27.4860    329.054  357.45094  359.08932          3  0.000e+00
      33458 309.741389  -62.16698  -58.37554     -0.022    1448.15     30.825     30.527    -0.7814    -0.7839    -0.0025    -0.7822    -0.7848    -0.0025   2.777604   2.778058   0.000453    34.1785    34.1875     7.5715    27.4791    27.4865    329.102  357.44972  359.08805          3  0.000e+00
      33459 309.741390  -62.16698  -58.37554     -0.021    1448.15     30.778     30.480    -0.7815    -0.7831    -0.0017    -0.7823    -0.7840    -0.0017   2.777586   2.778052   0.000465    34.1784    34.1866     7.5726    27.4789    27.4857    329.147  357.45068  359.08902          3  0.000e+00
      33460 309.741390  -62.16698  -58.37554     -0.021    1448.15     30.764     30.466    -0.7817    -0.7821    -0.0004    -0.7825    -0.7829    -0.0004   2.777580   2.778063   0.000483    34.1785    34.1855     7.5729    27.4791    27.4848    329.160  357.45235  359.09075          3  0.000e+00
      33461 309.741391  -62.16698  -58.37554     -0.020    1448.15     30.778     30.480    -0.7816    -0.7810     0.0006    -0.7824    -0.7818     0.0006   2.777598   2.778069   0.000471    34.1787    34.1844     7.5731    27.4792    27.4838    329.169  357.45096  359.08934          3  0.000e+00
      33462 309.741391  -62.16698  -58.37554     -0.022    1448.15     30.764     30.466    -0.7814    -0.7811     0.0003    -0.7822    -0.7820     0.0003   2.777604   2.778052   0.000448    34.1785    34.1843     7.5732    27.4791    27.4838    329.175  357.44961  359.08795          3  0.000e+00
      33463 309.741392  -62.16698  -58.37554     -0.018    1448.15     30.778     30.480    -0.7815    -0.7808     0.0006    -0.7823    -0.7817     0.0006   2.777604   2.778063   0.000459    34.1786    34.1841     7.5682    27.4791    27.4836    328.958  357.45000  359.08835          3  0.000e+00
      33464 309.741392  -62.16698  -58.37554     -0.014    1448.15     30.819     30.521    -0.7814    -0.7802     0.0012    -0.7822    -0.7811     0.0012   2.777604   2.778069   0.000465    34.1785    34.1835     7.5676    27.4791    27.4831    328.932  357.44971  359.08804          3  0.000e+00
      33465 309.741393  -62.16698  -58.37554     -0.013    1448.15     30.778     30.480    -0.7816    -0.7805     0.0011    -0.7824    -0.7814     0.0011   2.777604   2.778052   0.000448    34.1787    34.1836     7.5670    27.4793    27.4832    328.905  357.45073  359.08912          3  0.000e+00
      33466 309.741393  -62.16698  -58.37554     -0.011    1448.15     30.825     30.527    -0.7814    -0.7802     0.0012    -0.7822    -0.7811     0.0012   2.777646   2.778080   0.000434    34.1791    34.1836     7.5664    27.4795    27.4832    328.877  357.44813  359.08649          3  0.000e+00
      33467 309.741394  -62.16698  -58.37554     -0.010    1448.15     30.764     30.466    -0.7817    -0.7805     0.0012    -0.7826    -0.7814     0.0012   2.777658   2.778040   0.000382    34.1797    34.1835     7.5658    27.4800    27.4830    328.850  357.44975  359.08823          3  0.000e+00
      33468 309.741394  -62.16698  -58.37554     -0.012    1448.15     30.778     30.480    -0.7816    -0.7802     0.0013    -0.7824    -0.7811     0.0013   2.777640   2.778040   0.000400    34.1792    34.1831     7.5651    27.4797    27.4828    328.823  357.44936  359.08778          3  0.000e+00
      33469 309.741395  -62.16698  -58.37554     -0.008    1448.15     30.819     30.521    -0.7817    -0.7807     0.0010    -0.7825    -0.7815     0.0010   2.777652   2.778046   0.000394    34.1795    34.1837     7.5646    27.4799    27.4832    328.798  357.44971  359.08816          3  0.000e+00
      33470 309.741395  -62.16698  -58.37554     -0.006    1448.15     30.778     30.480    -0.7816    -0.7807     0.0009    -0.7824    -0.7815     0.0009   2.777658   2.778029   0.000371    34.1795    34.1835     7.5647    27.4798    27.4831    328.804  357.44868  359.08711          3  0.000e+00
      33471 309.741396  -62.16698  -58.37554     -0.007    1448.15     30.778     30.480    -0.7817    -0.7805     0.0012    -0.7826    -0.7814     0.0012   2.777676   2.778017   0.000341    34.1799    34.1831     7.5589    27.4802    27.4828    328.553  357.44909  359.08758          3  0.000e+00
      33472 309.741396  -62.16698  -58.37554     -0.003    1448.15     30.819     30.521    -0.7819    -0.7807     0.0012    -0.7827    -0.7815     0.0012   2.777682   2.778000   0.000318    34.1801    34.1831     7.5629    27.4804    27.4827    328.724  357.44967  359.08819          3  0.000e+00
      33473 309.741397  -62.16698  -58.37554     -0.002    1448.15     30.825     30.527    -0.7821    -0.7812     0.0010    -0.7830    -0.7820     0.0010   2.777682   2.777994   0.000312    34.1804    34.1835     7.5624    27.4806    27.4831    328.702  357.45150  359.09011          3  0.000e+00
      33474 309.741397  -62.16698  -58.37554     -0.001    1448.15     30.764     30.466    -0.7821    -0.7821     0.0001    -0.7830    -0.7829     0.0001   2.777664   2.777994   0.000330    34.1802    34.1846     7.5618    27.4805    27.4840    328.676  357.45208  359.09067          3  0.000e+00
      33475 309.741398  -62.16698  -58.37554      0.004    1448.15     30.825     30.527    -0.7826    -0.7822     0.0003    -0.7834    -0.7831     0.0003   2.777676   2.777994   0.000318    34.1808    34.1847     7.5613    27.4810    27.4841    328.657  357.45429  359.09300          3  0.000e+00
      33476 309.741398  -62.16698  -58.37554      0.003    1448.15     30.778     30.480    -0.7830    -0.7814     0.0015    -0.7838    -0.7823     0.0015   2.777682   2.777954   0.000272    34.1814    34.1833     7.5608    27.4814    27.4830    328.633  357.45653  359.09536          3  0.000e+00
      33477 309.741399  -62.16698  -58.37554      0.007    1448.15     30.819     30.521    -0.7834    -0.7822     0.0012    -0.7842    -0.7831     0.0012   2.777664   2.777977   0.000313    34.1816    34.1845     7.5612    27.4816    27.4840    328.650  357.45984  359.09877          3  0.000e+00
      33478 309.741399  -62.16698  -58.37554      0.006    1448.15     30.778     30.480    -0.7835    -0.7825     0.0010    -0.7844    -0.7834     0.0010   2.777658   2.777954   0.000296    34.1817    34.1846     7.5615    27.4817    27.4840    328.662  357.46109  359.10007          3  0.000e+00
      33479 309.741399  -62.16698  -58.37554      0.007    1448.15     30.819     30.521    -0.7833    -0.7825     0.0008    -0.7842    -0.7834     0.0008   2.777676   2.777943   0.000266    34.1817    34.1844     7.5610    27.4817    27.4839    328.641  357.45902  359.09795          3  0.000e+00
      33480 309.741400  -62.16698  -58.37554      0.011    1448.15     30.825     30.527    -0.7821    -0.7825    -0.0004    -0.7830    -0.7834    -0.0004   2.777646   2.777943   0.000296    34.1799    34.1844     7.5603    27.4803    27.4839    328.613  357.45287  359.09145          3  0.000e+00
      33481 309.741400  -62.16698  -58.37554      0.013    1448.15     30.819     30.521    -0.7811    -0.7824    -0.0013    -0.7820    -0.7832    -0.0013   2.777652   2.777960   0.000308    34.1788    34.1845     7.5604    27.4793    27.4839    328.619  357.44606  359.08435          3  0.000e+00
      33482 309.741401  -62.16698  -58.37554      0.017    1448.15     30.825     30.527    -0.7808    -0.7827    -0.0019    -0.7816    -0.7836    -0.0019   2.777658   2.777925   0.000267    34.1785    34.1843     7.5607    27.4790    27.4838    328.632  357.44366  359.08185          3  0.000e+00
      33483 309.741401  -62.16698  -58.37554      0.018    1448.15     30.825     30.527    -0.7805    -0.7825    -0.0020    -0.7814    -0.7834    -0.0020   2.777640   2.777931   0.000291    34.1780    34.1842     7.5611    27.4786    27.4837    328.648  357.44288  359.08100          3  0.000e+00
      33484 309.741402  -62.16698  -58.37554      0.015    1448.15     30.819     30.521    -0.7798    -0.7833    -0.0035    -0.7807    -0.7841    -0.0035   2.777652   2.777920   0.000267    34.1774    34.1849     7.5614    27.4781    27.4844    328.661  357.43803  359.07596          3  0.000e+00
      33485 309.741402  -62.16698  -58.37554      0.020    1448.15     30.825     30.527    -0.7794    -0.7835    -0.0041    -0.7802    -0.7843    -0.0041   2.777640   2.777914   0.000274    34.1767    34.1851     7.5618    27.4775    27.4845    328.678  357.43558  359.07337          3  0.000e+00
      33486 309.741403  -62.16698  -58.37554      0.023    1448.15     30.819     30.521    -0.7798    -0.7833    -0.0035    -0.7807    -0.7841    -0.0035   2.777616   2.777971   0.000355    34.1769    34.1856     7.5615    27.4777    27.4849    328.668  357.43940  359.07730          3  0.000e+00
      33487 309.741403  -62.16698  -58.37554      0.024    1448.15     30.825     30.527    -0.7808    -0.7828    -0.0021    -0.7816    -0.7837    -0.0021   2.777604   2.777954   0.000350    34.1778    34.1849     7.5614    27.4785    27.4843    328.661  357.44570  359.08386          3  0.000e+00
      33488 309.741404  -62.16698  -58.37554      0.022    1448.15     30.778     30.480    -0.7815    -0.7839    -0.0025    -0.7823    -0.7848    -0.0025   2.777640   2.777977   0.000337    34.1791    34.1865     7.5611    27.4795    27.4856    328.648  357.44863  359.08701          3  0.000e+00
      33489 309.741404  -62.16698  -58.37554      0.025    1448.15     30.867     30.568    -0.7821    -0.7828    -0.0007    -0.7830    -0.7837    -0.0007   2.777616   2.777954   0.000338    34.1795    34.1849     7.5610    27.4799    27.4843    328.644  357.45408  359.09263          3  0.000e+00
      33490 309.741405  -62.16698  -58.37554      0.025    1448.15     30.825     30.527    -0.7823    -0.7821     0.0003    -0.7832    -0.7829     0.0003   2.777604   2.777960   0.000356    34.1796    34.1841     7.5607    27.4800    27.4836    328.629  357.45556  359.09415          3  0.000e+00
      33491 309.741405  -62.16698  -58.37554      0.026    1448.15     30.819     30.521    -0.7820    -0.7816     0.0004    -0.7829    -0.7825     0.0004   2.777604   2.777948   0.000344    34.1792    34.1834     7.5603    27.4797    27.4831    328.613  357.45372  359.09224          3  0.000e+00
      33492 309.741406  -62.16698  -58.37554      0.029    1448.15     30.825     30.527    -0.7816    -0.7824    -0.0008    -0.7825    -0.7832    -0.0008   2.777604   2.777960   0.000356    34.1788    34.1845     7.5607    27.4793    27.4839    328.631  357.45118  359.08958          3  0.000e+00
      33493 309.741406  -62.16698  -58.37554      0.033    1448.15     30.880     30.582    -0.7819    -0.7825    -0.0007    -0.7827    -0.7834    -0.0007   2.777586   2.777966   0.000379    34.1788    34.1847     7.5614    27.4793    27.4841    328.659  357.45342  359.09187          3  0.000e+00
      33494 309.741407  -62.16698  -58.37554      0.032    1448.15     30.819     30.521    -0.7820    -0.7824    -0.0004    -0.7829    -0.7832    -0.0004   2.777598   2.777983   0.000385    34.1792    34.1848     7.5559    27.4796    27.4842    328.420  357.45395  359.09246          3  0.000e+00
      33495 309.741407  -62.16698  -58.37554      0.032    1448.15     30.826     30.527    -0.7819    -0.7824    -0.0005    -0.7827    -0.7832    -0.0005   2.777604   2.777954   0.000350    34.1790    34.1844     7.5600    27.4795    27.4839    328.601  357.45264  359.09110          3  0.000e+00
      33496 309.741408  -62.16698  -58.37554      0.037    1448.15     30.867     30.568    -0.7821    -0.7825    -0.0004    -0.7829    -0.7834    -0.0004   2.777622   2.777960   0.000338    34.1795    34.1846     7.5599    27.4799    27.4840    328.593  357.45349  359.09203          3  0.000e+00
      33497 309.741408  -62.16698  -58.37554      0.037    1448.15     30.826     30.527    -0.7821    -0.7819     0.0002    -0.7830    -0.7828     0.0002   2.777610   2.777983   0.000373    34.1794    34.1842     7.5596    27.4799    27.4837    328.583  357.45424  359.09279          3  0.000e+00
      33498 309.741409  -62.16698  -58.37554      0.036    1448.15     30.867     30.568    -0.7823    -0.7824    -0.0001    -0.7832    -0.7832    -0.0001   2.777604   2.777971   0.000367    34.1795    34.1846     7.5595    27.4799    27.4840    328.576  357.45563  359.09422          3  0.000e+00
      33499 309.741409  -62.16698  -58.37554      0.038    1448.15     30.826     30.527    -0.7823    -0.7827    -0.0004    -0.7832    -0.7836    -0.0004   2.777604   2.777948   0.000344    34.1796    34.1847     7.5592    27.4800    27.4841    328.564  357.45556  359.09415          3  0.000e+00
      33500 309.741410  -62.16698  -58.37554      0.041    1448.15     30.880     30.582    -0.7824    -0.7821     0.0003    -0.7832    -0.7829     0.0003   2.777622   2.777960   0.000338    34.1798    34.1841     7.5590    27.4802    27.4836    328.557  357.45534  359.09396          3  0.000e+00
      33501 309.741410  -62.16698  -58.37554      0.039    1448.15     30.819     30.521    -0.7820    -0.7827    -0.0007    -0.7829    -0.7836    -0.0007   2.777652   2.778006   0.000354    34.1799    34.1854     7.5595    27.4802    27.4847    328.576  357.45190  359.09045          3  0.000e+00
      33502 309.741411  -62.16698  -58.37554      0.041    1448.15     30.880     30.582    -0.7819    -0.7819    -0.0001    -0.7827    -0.7828    -0.0001   2.777622   2.777960   0.000338    34.1792    34.1839     7.5593    27.4797    27.4835    328.570  357.45205  359.09053          3  0.000e+00
      33503 309.741411  -62.16698  -58.37554      0.039    1448.15     30.819     30.521    -0.7817    -0.7819    -0.0002    -0.7825    -0.7828    -0.0002   2.777604   2.777977   0.000373    34.1788    34.1841     7.5590    27.4793    27.4837    328.558  357.45153  359.08995          3  0.000e+00
      33504 309.741412  -62.16698  -58.37554      0.044    1448.15     30.880     30.582    -0.7816    -0.7824    -0.0008    -0.7825    -0.7832    -0.0008   2.777622   2.777954   0.000332    34.1790    34.1843     7.5597    27.4795    27.4838    328.587  357.45059  359.08900          3  0.000e+00
      33505 309.741412  -62.16698  -58.37554      0.043    1448.15     30.880     30.582    -0.7814    -0.7819    -0.0005    -0.7823    -0.7828    -0.0005   2.777652   2.777943   0.000290    34.1791    34.1836     7.5603    27.4796    27.4832    328.612  357.44799  359.08636          3  0.000e+00
      33506 309.741413  -62.16698  -58.37554      0.040    1448.15     30.819     30.521    -0.7816    -0.7822    -0.0006    -0.7824    -0.7831    -0.0006   2.777622   2.777960   0.000338    34.1790    34.1843     7.5610    27.4794    27.4838    328.641  357.45012  359.08852          3  0.000e+00
      33507 309.741413  -62.16698  -58.37554      0.044    1448.15     30.880     30.582    -0.7812    -0.7828    -0.0016    -0.7821    -0.7837    -0.0016   2.777646   2.777966   0.000319    34.1788    34.1850     7.5617    27.4793    27.4844    328.672  357.44713  359.08544          3  0.000e+00
