Pos-Processados/process_op38/operantar38_014.ros
* Sea-Bird SBE 9 Data File:
* FileName = D:\OPERANTAR_XXXVIII\DADOS\OP38_014.hdr
* Software Version Seasave V 7.18c
* Temperature SN = 4808
* Conductivity SN = 3380
* Number of Bytes Per Scan = 34
* Number of Voltage Words = 3
* Number of Scans Averaged by the Deck Unit = 1
* NMEA Latitude = 62 11.37 S
* NMEA Longitude = 058 03.45 W
* NMEA UTC (Time) = Nov 05 2019 06:03:04
** H41
** NAVIO POLAR ALMIRANTE MAXIMIANO
** CRUZEIRO:
** OPERANTAR XXXVIII
** ESTAÇÃO: OP38_014
** LAT 62 11,38' S
** LONG 058 03,41' W
** 09P73767-1155_A
** PROFUNDIDADE: 480
** DATA/HORA: 050604Z/NOV/2019
** OPERADOR: SO-HN CHAVES
# nquan = 26
# nvalues = 2172                                  
# units = specified
# name 0 = scan: Scan Count
# name 1 = timeJ: Julian Days
# name 2 = latitude: Latitude [deg]
# name 3 = longitude: Longitude [deg]
# name 4 = dz/dtM: Descent Rate [m/s]
# name 5 = avgsvCM: Average Sound Velocity [Chen-Millero, m/s]
# name 6 = prDM: Pressure, Digiquartz [db]
# name 7 = depSM: Depth [salt water, m]
# name 8 = t090C: Temperature [ITS-90, deg C]
# name 9 = t190C: Temperature, 2 [ITS-90, deg C]
# name 10 = T2-T190C: Temperature Difference, 2 - 1 [ITS-90, deg C]
# name 11 = potemp090C: Potential Temperature [ITS-90, deg C]
# name 12 = potemp190C: Potential Temperature, 2 [ITS-90, deg C]
# name 13 = potemp90Cdiff: Potential Temperature, Diff, 2 - 1 [ITS-90, deg C]
# name 14 = c0S/m: Conductivity [S/m]
# name 15 = c1S/m: Conductivity, 2 [S/m]
# name 16 = C2-C1S/m: Conductivity Difference, 2 - 1 [S/m]
# name 17 = sal00: Salinity, Practical [PSU]
# name 18 = sal11: Salinity, Practical, 2 [PSU]
# name 19 = sbeox0ML/L: Oxygen, SBE 43 [ml/l]
# name 20 = sbeox1ML/L: Oxygen, SBE 43, 2 [ml/l]
# name 21 = sbeox0ML/Ldiff: Oxygen, SBE 43, Diff, 2 - 1 [ml/l]
# name 22 = sigma-é00: Density [sigma-theta, kg/m^3]
# name 23 = sigma-é11: Density, 2 [sigma-theta, kg/m^3]
# name 24 = nbf: Bottles Fired
# name 25 = flag:  0.000e+00
# interval = seconds: 0.0416667
# start_time = Nov 05 2019 06:03:04 [NMEA time, header]
# bad_flag = -9.990e-29
*END*
[from data line 1115]
      26622 309.264968  -62.18962  -58.05752     -0.067    1448.26     13.185     13.058    -0.7297    -0.7301    -0.0003    -0.7301    -0.7304    -0.0003   2.779352   2.779679   0.000327    34.1547    34.1595     7.6737     7.3563    -0.3175    27.4576    27.4615          6  0.000e+00
      26623 309.264968  -62.18962  -58.05752     -0.068    1448.26     13.185     13.058    -0.7296    -0.7301    -0.0005    -0.7300    -0.7305    -0.0005   2.779358   2.779668   0.000309    34.1546    34.1594     7.6740     7.3559    -0.3181    27.4576    27.4615          6  0.000e+00
      26624 309.264969  -62.18962  -58.05752     -0.072    1448.26     13.185     13.058    -0.7299    -0.7299    -0.0000    -0.7303    -0.7303    -0.0000   2.779317   2.779673   0.000357    34.1544    34.1592     7.6743     7.3555    -0.3189    27.4574    27.4613          6  0.000e+00
      26625 309.264969  -62.18962  -58.05752     -0.075    1448.26     13.185     13.058    -0.7298    -0.7300    -0.0002    -0.7302    -0.7304    -0.0002   2.779317   2.779685   0.000368    34.1542    34.1595     7.6798     7.3562    -0.3236    27.4573    27.4615          6  0.000e+00
      26626 309.264970  -62.18962  -58.05752     -0.080    1448.26     13.158     13.031    -0.7296    -0.7301    -0.0005    -0.7300    -0.7304    -0.0005   2.779287   2.779696   0.000410    34.1537    34.1597     7.6757     7.3510    -0.3247    27.4568    27.4617          6  0.000e+00
      26627 309.264970  -62.18962  -58.05752     -0.081    1448.26     13.185     13.058    -0.7296    -0.7299    -0.0003    -0.7300    -0.7303    -0.0003   2.779299   2.779691   0.000392    34.1538    34.1595     7.6804     7.3506    -0.3298    27.4569    27.4615          6  0.000e+00
      26628 309.264971  -62.18962  -58.05752     -0.087    1448.26     13.137     13.011    -0.7294    -0.7299    -0.0004    -0.7298    -0.7302    -0.0004   2.779305   2.779679   0.000375    34.1537    34.1592     7.6806     7.3561    -0.3245    27.4568    27.4613          6  0.000e+00
      26629 309.264971  -62.18962  -58.05752     -0.086    1448.26     13.185     13.058    -0.7296    -0.7299    -0.0003    -0.7300    -0.7303    -0.0003   2.779305   2.779668   0.000363    34.1539    34.1592     7.6810     7.3570    -0.3240    27.4570    27.4613          6  0.000e+00
      26630 309.264972  -62.18962  -58.05752     -0.088    1448.26     13.137     13.011    -0.7296    -0.7304    -0.0008    -0.7300    -0.7308    -0.0008   2.779293   2.779691   0.000398    34.1538    34.1601     7.6820     7.3578    -0.3242    27.4569    27.4620          6  0.000e+00
      26631 309.264972  -62.18962  -58.05752     -0.089    1448.26     13.185     13.058    -0.7296    -0.7304    -0.0008    -0.7300    -0.7308    -0.0008   2.779281   2.779691   0.000410    34.1536    34.1600     7.6779     7.3587    -0.3192    27.4567    27.4620          6  0.000e+00
      26632 309.264973  -62.18962  -58.05752     -0.095    1448.26     13.110     12.984    -0.7296    -0.7307    -0.0011    -0.7299    -0.7311    -0.0011   2.779299   2.779679   0.000381    34.1538    34.1602     7.6781     7.3583    -0.3198    27.4569    27.4622          6  0.000e+00
      26633 309.264973  -62.18962  -58.05752     -0.096    1448.26     13.137     13.011    -0.7294    -0.7295    -0.0001    -0.7298    -0.7299    -0.0001   2.779287   2.779708   0.000421    34.1535    34.1593     7.6836     7.3577    -0.3259    27.4566    27.4614          6  0.000e+00
      26634 309.264973  -62.18962  -58.05752     -0.096    1448.26     13.137     13.011    -0.7296    -0.7299    -0.0003    -0.7300    -0.7303    -0.0003   2.779352   2.779702   0.000350    34.1546    34.1597     7.6787     7.3585    -0.3202    27.4575    27.4617          6  0.000e+00
      26635 309.264974  -62.18962  -58.05752     -0.099    1448.26     13.137     13.011    -0.7293    -0.7294    -0.0000    -0.7297    -0.7297    -0.0000   2.779340   2.779691   0.000350    34.1541    34.1589     7.6833     7.3591    -0.3243    27.4571    27.4610          6  0.000e+00
      26636 309.264974  -62.18962  -58.05752     -0.098    1448.26     13.137     13.011    -0.7296    -0.7298    -0.0001    -0.7300    -0.7301    -0.0001   2.779311   2.779679   0.000369    34.1540    34.1591     7.6837     7.3587    -0.3250    27.4571    27.4613          6  0.000e+00
      26637 309.264975  -62.18962  -58.05752     -0.097    1448.26     13.137     13.011    -0.7293    -0.7296    -0.0003    -0.7297    -0.7300    -0.0003   2.779287   2.779685   0.000398    34.1533    34.1591     7.6795     7.3581    -0.3214    27.4565    27.4612          6  0.000e+00
      26638 309.264975  -62.18962  -58.05752     -0.104    1448.26     13.082     12.956    -0.7296    -0.7297    -0.0001    -0.7300    -0.7300    -0.0001   2.779299   2.779719   0.000421    34.1539    34.1596     7.6790     7.3587    -0.3203    27.4570    27.4616          6  0.000e+00
      26639 309.264976  -62.18962  -58.05752     -0.101    1448.26     13.158     13.031    -0.7292    -0.7296    -0.0005    -0.7295    -0.7300    -0.0005   2.779293   2.779719   0.000427    34.1532    34.1595     7.6785     7.3535    -0.3250    27.4564    27.4616          6  0.000e+00
      26640 309.264976  -62.18962  -58.05752     -0.101    1448.26     13.137     13.011    -0.7293    -0.7301    -0.0008    -0.7297    -0.7305    -0.0008   2.779281   2.779725   0.000445    34.1533    34.1602     7.6780     7.3589    -0.3190    27.4565    27.4621          6  0.000e+00
      26641 309.264977  -62.18962  -58.05752     -0.102    1448.26     13.082     12.956    -0.7294    -0.7293     0.0001    -0.7298    -0.7297     0.0001   2.779299   2.779696   0.000398    34.1537    34.1589     7.6774     7.3582    -0.3191    27.4568    27.4610          6  0.000e+00
      26642 309.264977  -62.18962  -58.05752     -0.099    1448.26     13.137     13.011    -0.7293    -0.7298    -0.0004    -0.7297    -0.7301    -0.0004   2.779323   2.779696   0.000374    34.1538    34.1594     7.6769     7.3578    -0.3191    27.4569    27.4614          6  0.000e+00
      26643 309.264978  -62.18962  -58.05752     -0.104    1448.26     13.082     12.956    -0.7293    -0.7292     0.0000    -0.7296    -0.7296     0.0000   2.779311   2.779691   0.000380    34.1536    34.1587     7.6763     7.3582    -0.3181    27.4568    27.4609          6  0.000e+00
      26644 309.264978  -62.18962  -58.05752     -0.102    1448.26     13.082     12.956    -0.7294    -0.7292     0.0003    -0.7298    -0.7295     0.0003   2.779317   2.779719   0.000403    34.1539    34.1591     7.6758     7.3588    -0.3171    27.4570    27.4612          6  0.000e+00
      26645 309.264979  -62.18962  -58.05752     -0.099    1448.26     13.158     13.031    -0.7294    -0.7291     0.0004    -0.7298    -0.7294     0.0004   2.779305   2.779719   0.000415    34.1537    34.1589     7.6754     7.3594    -0.3160    27.4568    27.4610          6  0.000e+00
      26646 309.264979  -62.18962  -58.05752     -0.100    1448.26     13.082     12.956    -0.7298    -0.7292     0.0006    -0.7302    -0.7295     0.0006   2.779305   2.779725   0.000421    34.1541    34.1591     7.6749     7.3599    -0.3149    27.4572    27.4612          6  0.000e+00
      26647 309.264980  -62.18962  -58.05752     -0.100    1448.26     13.082     12.956    -0.7293    -0.7295    -0.0001    -0.7297    -0.7298    -0.0001   2.779323   2.779696   0.000374    34.1539    34.1591     7.6743     7.3606    -0.3137    27.4570    27.4612          6  0.000e+00
      26648 309.264980  -62.18962  -58.05752     -0.097    1448.26     13.137     13.011    -0.7294    -0.7299    -0.0004    -0.7298    -0.7302    -0.0004   2.779334   2.779719   0.000385    34.1541    34.1598     7.6738     7.3612    -0.3126    27.4572    27.4618          6  0.000e+00
      26649 309.264981  -62.18962  -58.05752     -0.097    1448.26     13.082     12.956    -0.7293    -0.7295    -0.0001    -0.7297    -0.7298    -0.0001   2.779323   2.779719   0.000397    34.1539    34.1594     7.6740     7.3617    -0.3123    27.4570    27.4615          6  0.000e+00
      26650 309.264981  -62.18962  -58.05752     -0.097    1448.26     13.082     12.956    -0.7296    -0.7294     0.0003    -0.7300    -0.7297     0.0003   2.779328   2.779725   0.000397    34.1543    34.1594     7.6736     7.3611    -0.3125    27.4573    27.4614          6  0.000e+00
      26651 309.264982  -62.18962  -58.05752     -0.093    1448.26     13.137     13.011    -0.7296    -0.7292     0.0005    -0.7300    -0.7295     0.0005   2.779311   2.779679   0.000369    34.1540    34.1585     7.6732     7.3616    -0.3115    27.4571    27.4607          6  0.000e+00
      26652 309.264982  -62.18962  -58.05752     -0.090    1448.26     13.110     12.984    -0.7298    -0.7292     0.0006    -0.7302    -0.7296     0.0006   2.779323   2.779714   0.000391    34.1544    34.1590     7.6727     7.3621    -0.3106    27.4574    27.4611          6  0.000e+00
      26653 309.264983  -62.18962  -58.05752     -0.088    1448.26     13.082     12.956    -0.7293    -0.7296    -0.0003    -0.7297    -0.7300    -0.0003   2.779334   2.779719   0.000385    34.1540    34.1596     7.6729     7.3627    -0.3102    27.4571    27.4616          6  0.000e+00
      26654 309.264983  -62.18962  -58.05752     -0.088    1448.26     13.082     12.956    -0.7296    -0.7298    -0.0002    -0.7299    -0.7301    -0.0002   2.779299   2.779725   0.000427    34.1538    34.1598     7.6725     7.3632    -0.3093    27.4569    27.4618          6  0.000e+00
      26678 309.264995  -62.18962  -58.05752      0.005    1448.26     13.137     13.011    -0.7294    -0.7295    -0.0000    -0.7298    -0.7298    -0.0000   2.779305   2.779737   0.000432    34.1537    34.1596     7.6711     7.3609    -0.3102    27.4568    27.4616          7  0.000e+00
      26679 309.264995  -62.18962  -58.05752      0.007    1448.26     13.137     13.011    -0.7299    -0.7294     0.0005    -0.7303    -0.7297     0.0005   2.779293   2.779673   0.000381    34.1541    34.1586     7.6719     7.3608    -0.3111    27.4572    27.4608          7  0.000e+00
      26680 309.264996  -62.18962  -58.05752      0.012    1448.26     13.137     13.011    -0.7299    -0.7296     0.0003    -0.7303    -0.7300     0.0003   2.779299   2.779702   0.000404    34.1542    34.1593     7.6719     7.3607    -0.3111    27.4572    27.4614          7  0.000e+00
      26681 309.264996  -62.18962  -58.05752      0.015    1448.26     13.185     13.058    -0.7298    -0.7299    -0.0001    -0.7302    -0.7303    -0.0001   2.779305   2.779685   0.000380    34.1541    34.1594     7.6718     7.3608    -0.3111    27.4572    27.4615          7  0.000e+00
      26682 309.264997  -62.18962  -58.05752      0.020    1448.26     13.185     13.058    -0.7301    -0.7299     0.0002    -0.7305    -0.7302     0.0002   2.779287   2.779668   0.000381    34.1542    34.1591     7.6675     7.3607    -0.3069    27.4572    27.4612          7  0.000e+00
      26683 309.264997  -62.18962  -58.05752      0.023    1448.26     13.158     13.031    -0.7298    -0.7302    -0.0005    -0.7302    -0.7306    -0.0005   2.779281   2.779673   0.000393    34.1538    34.1596     7.6667     7.3606    -0.3061    27.4569    27.4616          7  0.000e+00
      26684 309.264998  -62.18962  -58.05752      0.028    1448.26     13.185     13.058    -0.7301    -0.7309    -0.0008    -0.7305    -0.7313    -0.0008   2.779269   2.779685   0.000416    34.1539    34.1605     7.6669     7.3606    -0.3062    27.4570    27.4624          7  0.000e+00
      26685 309.264998  -62.18962  -58.05752      0.029    1448.26     13.137     13.011    -0.7300    -0.7304    -0.0004    -0.7304    -0.7308    -0.0004   2.779275   2.779696   0.000422    34.1540    34.1601     7.6721     7.3604    -0.3118    27.4571    27.4620          7  0.000e+00
      26686 309.264999  -62.18962  -58.05752      0.037    1448.26     13.233     13.106    -0.7303    -0.7301     0.0002    -0.7306    -0.7304     0.0002   2.779299   2.779714   0.000415    34.1545    34.1599     7.6724     7.3603    -0.3121    27.4575    27.4619          7  0.000e+00
      26687 309.264999  -62.18962  -58.05752      0.038    1448.26     13.185     13.058    -0.7303    -0.7304    -0.0002    -0.7306    -0.7308    -0.0002   2.779287   2.779668   0.000381    34.1544    34.1597     7.6726     7.3603    -0.3123    27.4574    27.4618          7  0.000e+00
      26688 309.265000  -62.18962  -58.05752      0.043    1448.26     13.185     13.058    -0.7301    -0.7301     0.0000    -0.7305    -0.7304     0.0000   2.779281   2.779702   0.000422    34.1541    34.1598     7.6727     7.3589    -0.3138    27.4572    27.4618          7  0.000e+00
      26689 309.265000  -62.18962  -58.05752      0.047    1448.26     13.185     13.058    -0.7299    -0.7299     0.0001    -0.7303    -0.7302     0.0001   2.779287   2.779668   0.000381    34.1540    34.1591     7.6728     7.3587    -0.3141    27.4571    27.4612          7  0.000e+00
      26690 309.265000  -62.18962  -58.05752      0.046    1448.26     13.158     13.031    -0.7296    -0.7298    -0.0001    -0.7300    -0.7301    -0.0001   2.779281   2.779662   0.000381    34.1536    34.1589     7.6729     7.3586    -0.3143    27.4567    27.4611          7  0.000e+00
      26691 309.265001  -62.18962  -58.05752      0.050    1448.26     13.185     13.058    -0.7303    -0.7301     0.0002    -0.7306    -0.7304     0.0002   2.779299   2.779633   0.000335    34.1545    34.1589     7.6732     7.3585    -0.3147    27.4575    27.4610          7  0.000e+00
      26692 309.265001  -62.18962  -58.05752      0.053    1448.26     13.233     13.106    -0.7299    -0.7299     0.0001    -0.7303    -0.7302     0.0001   2.779287   2.779656   0.000370    34.1539    34.1589     7.6733     7.3642    -0.3091    27.4570    27.4610          7  0.000e+00
      26693 309.265002  -62.18962  -58.05752      0.056    1448.26     13.233     13.106    -0.7299    -0.7302    -0.0003    -0.7303    -0.7306    -0.0003   2.779251   2.779633   0.000382    34.1535    34.1590     7.6735     7.3594    -0.3141    27.4567    27.4612          7  0.000e+00
      26694 309.265002  -62.18962  -58.05752      0.060    1448.26     13.185     13.058    -0.7301    -0.7301    -0.0000    -0.7305    -0.7305    -0.0000   2.779251   2.779633   0.000382    34.1537    34.1589     7.6737     7.3592    -0.3145    27.4568    27.4611          7  0.000e+00
      26695 309.265003  -62.18962  -58.05752      0.062    1448.26     13.233     13.106    -0.7304    -0.7304    -0.0000    -0.7307    -0.7308    -0.0000   2.779215   2.779604   0.000390    34.1535    34.1588     7.6740     7.3591    -0.3149    27.4567    27.4610          7  0.000e+00
      26696 309.265003  -62.18962  -58.05752      0.063    1448.26     13.212     13.085    -0.7305    -0.7306    -0.0001    -0.7309    -0.7309    -0.0001   2.779239   2.779627   0.000389    34.1540    34.1593     7.6741     7.3589    -0.3152    27.4571    27.4614          7  0.000e+00
      26697 309.265004  -62.18962  -58.05752      0.067    1448.26     13.233     13.106    -0.7308    -0.7303     0.0005    -0.7312    -0.7307     0.0005   2.779257   2.779604   0.000348    34.1546    34.1587     7.6743     7.3587    -0.3157    27.4576    27.4609          7  0.000e+00
      26698 309.265004  -62.18962  -58.05752      0.066    1448.26     13.185     13.058    -0.7310    -0.7310     0.0000    -0.7314    -0.7314     0.0000   2.779245   2.779610   0.000365    34.1547    34.1596     7.6745     7.3585    -0.3159    27.4577    27.4617          7  0.000e+00
      26699 309.265005  -62.18962  -58.05752      0.070    1448.26     13.288     13.160    -0.7307    -0.7314    -0.0007    -0.7311    -0.7318    -0.0007   2.779251   2.779582   0.000331    34.1543    34.1596     7.6747     7.3585    -0.3162    27.4574    27.4617          7  0.000e+00
