Pos-Processados/process_op38/operantar38_005.ros
* Sea-Bird SBE 9 Data File:
* FileName = D:\OPERANTAR_XXXVIII\DADOS\OP38_005.hdr
* Software Version Seasave V 7.18c
* Temperature SN = 4808
* Conductivity SN = 3380
* Number of Bytes Per Scan = 31
* Number of Voltage Words = 2
* Number of Scans Averaged by the Deck Unit = 1
* NMEA Latitude = 45 12.86 S
* NMEA Longitude = 051 09.01 W
* NMEA UTC (Time) = Oct 19 2019 13:59:02
** H41
** NAVIO POLAR ALMIRANTE MAXIMIANO
** CRUZEIRO:
** OPERANTAR XXXVIII
** ESTAÇÃO: OP38_005
** LAT 045º 12,86' S
** LONG 051º 09,03' W
** 09P73767-1155
** PROFUNDIDADE: 5853
** DATA/HORA: 191400Z/OUT/2019
** OPERADOR: SO-HN CHAVES
# nquan = 26
# nvalues = 4255                                  
# units = specified
# name 0 = scan: Scan Count
# name 1 = timeJ: Julian Days
# name 2 = latitude: Latitude [deg]
# name 3 = longitude: Longitude [deg]
# name 4 = dz/dtM: Descent Rate [m/s]
# name 5 = avgsvCM: Average Sound Velocity [Chen-Millero, m/s]
# name 6 = prDM: Pressure, Digiquartz [db]
# name 7 = depSM: Depth [salt water, m]
# name 8 = t090C: Temperature [ITS-90, deg C]
# name 9 = t190C: Temperature, 2 [ITS-90, deg C]
# name 10 = T2-T190C: Temperature Difference, 2 - 1 [ITS-90, deg C]
# name 11 = potemp090C: Potential Temperature [ITS-90, deg C]
# name 12 = potemp190C: Potential Temperature, 2 [ITS-90, deg C]
# name 13 = potemp90Cdiff: Potential Temperature, Diff, 2 - 1 [ITS-90, deg C]
# name 14 = c0S/m: Conductivity [S/m]
# name 15 = c1S/m: Conductivity, 2 [S/m]
# name 16 = C2-C1S/m: Conductivity Difference, 2 - 1 [S/m]
# name 17 = sal00: Salinity, Practical [PSU]
# name 18 = sal11: Salinity, Practical, 2 [PSU]
# name 19 = sbeox0ML/L: Oxygen, SBE 43 [ml/l]
# name 20 = sbeox1ML/L: Oxygen, SBE 43, 2 [ml/l]
# name 21 = sbeox0ML/Ldiff: Oxygen, SBE 43, Diff, 2 - 1 [ml/l]
# name 22 = sigma-é00: Density [sigma-theta, kg/m^3]
# name 23 = sigma-é11: Density, 2 [sigma-theta, kg/m^3]
# name 24 = nbf: Bottles Fired
# name 25 = flag:  0.000e+00
# interval = seconds: 0.0416667
# start_time = Oct 19 2019 13:59:02 [NMEA time, header]
# bad_flag = -9.990e-29
*END*
[from data line 335]
      64056 292.613553  -45.21438  -51.15016      0.149    1476.21     30.038     29.791    10.2750    10.2736    -0.0013    10.2715    10.2701    -0.0013   3.817757   3.818287   0.000530    34.8104    34.8171     6.1482     5.9263    -0.2220    26.7571    26.7626          2  0.000e+00
      64057 292.613553  -45.21438  -51.15016      0.149    1476.21     29.997     29.751    10.2753    10.2740    -0.0013    10.2718    10.2705    -0.0013   3.817778   3.818306   0.000529    34.8103    34.8170     6.1480     5.9263    -0.2217    26.7570    26.7624          2  0.000e+00
      64058 292.613554  -45.21438  -51.15016      0.149    1476.21     30.045     29.798    10.2755    10.2743    -0.0011    10.2720    10.2708    -0.0011   3.817771   3.818339   0.000568    34.8101    34.8169     6.1515     5.9224    -0.2292    26.7568    26.7624          2  0.000e+00
      64059 292.613554  -45.21438  -51.15016      0.148    1476.21     30.038     29.791    10.2755    10.2740    -0.0015    10.2720    10.2705    -0.0015   3.817798   3.818326   0.000528    34.8103    34.8171     6.1517     5.9219    -0.2298    26.7570    26.7626          2  0.000e+00
      64060 292.613555  -45.21438  -51.15016      0.149    1476.21     30.045     29.798    10.2757    10.2745    -0.0012    10.2721    10.2710    -0.0012   3.817730   3.818319   0.000589    34.8095    34.8166     6.1518     5.9253    -0.2265    26.7563    26.7620          2  0.000e+00
      64061 292.613555  -45.21438  -51.15016      0.146    1476.21     30.045     29.798    10.2748    10.2746    -0.0002    10.2713    10.2711    -0.0002   3.817703   3.818358   0.000655    34.8100    34.8168     6.1484     5.9252    -0.2232    26.7568    26.7622          2  0.000e+00
      64062 292.613556  -45.21438  -51.15016      0.140    1476.21     29.935     29.689    10.2746    10.2750     0.0003    10.2711    10.2715     0.0003   3.817683   3.818410   0.000727    34.8100    34.8171     6.1485     5.9249    -0.2235    26.7569    26.7624          2  0.000e+00
      64063 292.613556  -45.21438  -51.15016      0.145    1476.21     30.147     29.900    10.2743    10.2750     0.0006    10.2708    10.2715     0.0006   3.817676   3.818423   0.000747    34.8101    34.8171     6.1524     5.9249    -0.2275    26.7570    26.7624          2  0.000e+00
      64064 292.613557  -45.21438  -51.15016      0.141    1476.21     29.997     29.751    10.2738    10.2750     0.0012    10.2703    10.2715     0.0012   3.817669   3.818423   0.000754    34.8107    34.8172     6.1528     5.9245    -0.2283    26.7575    26.7624          2  0.000e+00
      64065 292.613557  -45.21438  -51.15016      0.139    1476.21     30.045     29.798    10.2734    10.2753     0.0019    10.2698    10.2718     0.0019   3.817595   3.818365   0.000770    34.8103    34.8163     6.1533     5.9242    -0.2292    26.7573    26.7617          2  0.000e+00
      64066 292.613558  -45.21438  -51.15016      0.133    1476.21     29.983     29.737    10.2727    10.2750     0.0023    10.2692    10.2715     0.0023   3.817521   3.818378   0.000857    34.8102    34.8167     6.1535     5.9237    -0.2297    26.7574    26.7621          2  0.000e+00
      64067 292.613558  -45.21438  -51.15016      0.130    1476.21     30.045     29.798    10.2720    10.2748     0.0028    10.2685    10.2713     0.0028   3.817500   3.818410   0.000910    34.8106    34.8172     6.1536     5.9239    -0.2298    26.7578    26.7625          2  0.000e+00
      64068 292.613559  -45.21438  -51.15016      0.126    1476.21     30.045     29.798    10.2722    10.2760     0.0038    10.2687    10.2724     0.0038   3.817527   3.818397   0.000870    34.8107    34.8160     6.1539     5.9197    -0.2342    26.7579    26.7613          2  0.000e+00
      64069 292.613559  -45.21438  -51.15016      0.124    1476.21     30.038     29.791    10.2732    10.2753     0.0022    10.2697    10.2718     0.0022   3.817615   3.818352   0.000737    34.8107    34.8161     6.1538     5.9233    -0.2305    26.7577    26.7615          2  0.000e+00
      64070 292.613560  -45.21438  -51.15016      0.117    1476.21     29.997     29.751    10.2738    10.2740     0.0001    10.2703    10.2705     0.0001   3.817615   3.818248   0.000633    34.8101    34.8164     6.1540     5.9234    -0.2306    26.7571    26.7620          2  0.000e+00
      64071 292.613560  -45.21438  -51.15016      0.111    1476.21     30.045     29.798    10.2735    10.2731    -0.0004    10.2700    10.2696    -0.0004   3.817649   3.818196   0.000547    34.8107    34.8166     6.1504     5.9195    -0.2309    26.7576    26.7623          2  0.000e+00
      64072 292.613560  -45.21438  -51.15016      0.108    1476.21     30.038     29.791    10.2736    10.2725    -0.0012    10.2701    10.2690    -0.0012   3.817595   3.818190   0.000595    34.8100    34.8172     6.1500     5.9189    -0.2311    26.7571    26.7628          2  0.000e+00
      64073 292.613561  -45.21438  -51.15016      0.102    1476.21     29.997     29.751    10.2734    10.2723    -0.0010    10.2699    10.2688    -0.0010   3.817575   3.818209   0.000634    34.8101    34.8176     6.1535     5.9182    -0.2353    26.7572    26.7632          2  0.000e+00
      64074 292.613561  -45.21438  -51.15016      0.098    1476.21     30.045     29.798    10.2728    10.2733     0.0005    10.2693    10.2698     0.0005   3.817541   3.818320   0.000778    34.8103    34.8177     6.1539     5.9175    -0.2364    26.7574    26.7631          2  0.000e+00
      64075 292.613562  -45.21438  -51.15016      0.090    1476.21     29.983     29.737    10.2734    10.2740     0.0006    10.2699    10.2705     0.0006   3.817588   3.818352   0.000764    34.8103    34.8174     6.1504     5.9201    -0.2302    26.7573    26.7628          2  0.000e+00
      64076 292.613562  -45.21438  -51.15016      0.082    1476.21     29.997     29.751    10.2735    10.2741     0.0006    10.2700    10.2706     0.0006   3.817656   3.818326   0.000670    34.8108    34.8170     6.1503     5.9159    -0.2344    26.7577    26.7624          2  0.000e+00
      64077 292.613563  -45.21438  -51.15016      0.081    1476.21     30.045     29.798    10.2734    10.2743     0.0010    10.2698    10.2708     0.0010   3.817669   3.818332   0.000663    34.8111    34.8169     6.1502     5.9151    -0.2351    26.7579    26.7623          2  0.000e+00
      64078 292.613563  -45.21438  -51.15016      0.078    1476.21     30.038     29.791    10.2741    10.2741     0.0000    10.2706    10.2706     0.0000   3.817697   3.818345   0.000649    34.8106    34.8172     6.1500     5.9184    -0.2316    26.7574    26.7626          2  0.000e+00
      64079 292.613564  -45.21438  -51.15016      0.069    1476.21     29.997     29.751    10.2741    10.2738    -0.0003    10.2706    10.2703    -0.0003   3.817710   3.818300   0.000590    34.8107    34.8171     6.1499     5.9140    -0.2358    26.7575    26.7625          2  0.000e+00
      64080 292.613564  -45.21438  -51.15016      0.064    1476.21     29.997     29.751    10.2745    10.2741    -0.0003    10.2710    10.2706    -0.0003   3.817730   3.818384   0.000654    34.8106    34.8176     6.1494     5.9171    -0.2322    26.7574    26.7629          2  0.000e+00
      64081 292.613565  -45.21438  -51.15016      0.054    1476.21     29.935     29.690    10.2745    10.2750     0.0005    10.2710    10.2715     0.0005   3.817717   3.818469   0.000752    34.8105    34.8177     6.1452     5.9126    -0.2326    26.7573    26.7628          2  0.000e+00
      64082 292.613565  -45.21438  -51.15016      0.044    1476.21     29.997     29.751    10.2745    10.2755     0.0010    10.2710    10.2720     0.0010   3.817730   3.818534   0.000804    34.8106    34.8178     6.1448     5.9116    -0.2332    26.7574    26.7628          2  0.000e+00
      64083 292.613566  -45.21438  -51.15016      0.041    1476.21     29.997     29.751    10.2741    10.2755     0.0013    10.2706    10.2720     0.0013   3.817710   3.818475   0.000765    34.8107    34.8172     6.1440     5.9112    -0.2328    26.7575    26.7624          2  0.000e+00
      64155 292.613601  -45.21438  -51.15016     -0.102    1476.21     29.594     29.351    10.2758    10.2748    -0.0010    10.2723    10.2714    -0.0010   3.817926   3.818488   0.000562    34.8115    34.8182     6.1337     5.9144    -0.2193    26.7579    26.7632          3  0.000e+00
      64156 292.613601  -45.21438  -51.15016     -0.095    1476.21     29.580     29.337    10.2757    10.2751    -0.0005    10.2722    10.2717    -0.0005   3.817913   3.818462   0.000549    34.8115    34.8176     6.1302     5.9148    -0.2155    26.7579    26.7627          3  0.000e+00
      64157 292.613601  -45.21438  -51.15016     -0.088    1476.21     29.594     29.351    10.2757    10.2751    -0.0005    10.2722    10.2717    -0.0005   3.817913   3.818501   0.000588    34.8115    34.8180     6.1301     5.9152    -0.2149    26.7579    26.7630          3  0.000e+00
      64158 292.613602  -45.21438  -51.15016     -0.082    1476.21     29.594     29.351    10.2758    10.2750    -0.0008    10.2723    10.2715    -0.0008   3.817899   3.818482   0.000583    34.8112    34.8180     6.1299     5.9156    -0.2143    26.7576    26.7630          3  0.000e+00
      64159 292.613602  -45.21438  -51.15016     -0.077    1476.21     29.580     29.337    10.2758    10.2755    -0.0003    10.2723    10.2720    -0.0003   3.817933   3.818482   0.000549    34.8116    34.8175     6.1297     5.9159    -0.2138    26.7579    26.7626          3  0.000e+00
      64160 292.613603  -45.21438  -51.15016     -0.072    1476.21     29.594     29.351    10.2758    10.2755    -0.0003    10.2723    10.2720    -0.0003   3.817892   3.818534   0.000641    34.8112    34.8180     6.1297     5.9162    -0.2134    26.7576    26.7630          3  0.000e+00
      64161 292.613603  -45.21438  -51.15016     -0.063    1476.21     29.642     29.399    10.2760    10.2750    -0.0010    10.2725    10.2715    -0.0010   3.817892   3.818501   0.000609    34.8110    34.8182     6.1296     5.9167    -0.2129    26.7574    26.7632          3  0.000e+00
      64162 292.613604  -45.21438  -51.15016     -0.057    1476.21     29.580     29.338    10.2757    10.2753    -0.0003    10.2722    10.2719    -0.0003   3.817906   3.818488   0.000582    34.8115    34.8177     6.1296     5.9169    -0.2127    26.7578    26.7628          3  0.000e+00
      64163 292.613604  -45.21438  -51.15016     -0.047    1476.21     29.642     29.399    10.2760    10.2755    -0.0005    10.2725    10.2720    -0.0005   3.817886   3.818534   0.000648    34.8109    34.8180     6.1299     5.9172    -0.2127    26.7573    26.7630          3  0.000e+00
      64164 292.613605  -45.21438  -51.15016     -0.041    1476.21     29.642     29.399    10.2757    10.2751    -0.0005    10.2722    10.2717    -0.0005   3.817865   3.818501   0.000636    34.8110    34.8180     6.1300     5.9175    -0.2125    26.7575    26.7630          3  0.000e+00
      64165 292.613605  -45.21438  -51.15016     -0.034    1476.21     29.635     29.392    10.2760    10.2751    -0.0009    10.2725    10.2717    -0.0009   3.817899   3.818488   0.000589    34.8110    34.8178     6.1300     5.9177    -0.2123    26.7574    26.7629          3  0.000e+00
      64166 292.613606  -45.21438  -51.15016     -0.027    1476.21     29.642     29.399    10.2758    10.2750    -0.0008    10.2723    10.2715    -0.0008   3.817913   3.818469   0.000556    34.8114    34.8178     6.1265     5.9180    -0.2085    26.7577    26.7629          3  0.000e+00
      64167 292.613606  -45.21438  -51.15016     -0.020    1476.21     29.642     29.399    10.2758    10.2748    -0.0010    10.2723    10.2713    -0.0010   3.817953   3.818430   0.000476    34.8118    34.8176     6.1299     5.9182    -0.2117    26.7581    26.7627          3  0.000e+00
      64168 292.613607  -45.21438  -51.15016     -0.013    1476.21     29.635     29.392    10.2760    10.2750    -0.0010    10.2725    10.2715    -0.0010   3.817926   3.818469   0.000542    34.8113    34.8178     6.1300     5.9183    -0.2117    26.7577    26.7629          3  0.000e+00
      64169 292.613607  -45.21438  -51.15016     -0.006    1476.21     29.690     29.446    10.2761    10.2750    -0.0012    10.2727    10.2715    -0.0012   3.817933   3.818508   0.000575    34.8112    34.8182     6.1302     5.9185    -0.2117    26.7576    26.7632          3  0.000e+00
      64170 292.613608  -45.21438  -51.15016      0.005    1476.21     29.642     29.399    10.2760    10.2751    -0.0009    10.2725    10.2717    -0.0009   3.817947   3.818573   0.000626    34.8115    34.8187     6.1304     5.9185    -0.2119    26.7578    26.7636          3  0.000e+00
      64171 292.613608  -45.21438  -51.15016      0.012    1476.21     29.683     29.440    10.2760    10.2755    -0.0005    10.2725    10.2720    -0.0005   3.817886   3.818534   0.000648    34.8109    34.8180     6.1307     5.9187    -0.2121    26.7573    26.7629          3  0.000e+00
      64172 292.613609  -45.21438  -51.15016      0.015    1476.21     29.690     29.446    10.2760    10.2753    -0.0007    10.2725    10.2718    -0.0007   3.817899   3.818521   0.000621    34.8110    34.8180     6.1310     5.9188    -0.2122    26.7574    26.7630          3  0.000e+00
      64173 292.613609  -45.21438  -51.15016      0.025    1476.21     29.690     29.446    10.2758    10.2756    -0.0002    10.2723    10.2722    -0.0002   3.817913   3.818469   0.000556    34.8113    34.8171     6.1313     5.9188    -0.2125    26.7577    26.7623          3  0.000e+00
      64174 292.613610  -45.21438  -51.15016      0.032    1476.21     29.683     29.440    10.2758    10.2748    -0.0010    10.2723    10.2713    -0.0010   3.817832   3.818488   0.000657    34.8105    34.8181     6.1313     5.9189    -0.2124    26.7571    26.7632          3  0.000e+00
      64175 292.613610  -45.21438  -51.15016      0.035    1476.21     29.690     29.446    10.2748    10.2751     0.0003    10.2714    10.2717     0.0003   3.817703   3.818514   0.000811    34.8101    34.8181     6.1315     5.9189    -0.2125    26.7570    26.7631          3  0.000e+00
      64176 292.613611  -45.21438  -51.15016      0.045    1476.21     29.690     29.446    10.2740    10.2760     0.0020    10.2705    10.2725     0.0020   3.817723   3.818540   0.000817    34.8112    34.8176     6.1315     5.9188    -0.2127    26.7579    26.7625          3  0.000e+00
      64177 292.613611  -45.21438  -51.15016      0.054    1476.21     29.786     29.542    10.2743    10.2758     0.0015    10.2709    10.2723     0.0015   3.817764   3.818553   0.000789    34.8112    34.8178     6.1316     5.9189    -0.2127    26.7579    26.7628          3  0.000e+00
      64178 292.613612  -45.21438  -51.15016      0.060    1476.21     29.690     29.446    10.2746    10.2760     0.0013    10.2712    10.2725     0.0013   3.817798   3.818501   0.000703    34.8113    34.8172     6.1315     5.9188    -0.2127    26.7579    26.7622          3  0.000e+00
      64179 292.613612  -45.21438  -51.15016      0.070    1476.21     29.745     29.501    10.2748    10.2748    -0.0000    10.2713    10.2713    -0.0000   3.817832   3.818462   0.000631    34.8114    34.8179     6.1315     5.9189    -0.2126    26.7580    26.7630          3  0.000e+00
      64180 292.613613  -45.21438  -51.15016      0.075    1476.21     29.731     29.487    10.2752    10.2753     0.0001    10.2717    10.2718     0.0001   3.817832   3.818456   0.000624    34.8111    34.8173     6.1315     5.9187    -0.2128    26.7576    26.7625          3  0.000e+00
      64181 292.613613  -45.21438  -51.15016      0.083    1476.21     29.745     29.501    10.2753    10.2750    -0.0004    10.2718    10.2715    -0.0004   3.817865   3.818527   0.000662    34.8113    34.8184     6.1316     5.9187    -0.2129    26.7578    26.7634          3  0.000e+00
