Pos-Processados/process_op38/operantar38_017.ros
* Sea-Bird SBE 9 Data File:
* FileName = D:\OPERANTAR_XXXVIII\DADOS\OP38_017.hdr
* Software Version Seasave V 7.18c
* Temperature SN = 4808
* Conductivity SN = 3380
* Number of Bytes Per Scan = 34
* Number of Voltage Words = 3
* Number of Scans Averaged by the Deck Unit = 1
* NMEA Latitude = 62 16.17 S
* NMEA Longitude = 058 26.27 W
* NMEA UTC (Time) = Nov 05 2019 14:37:33
** H41
** NAVIO POLAR ALMIRANTE MAXIMIANO
** CRUZEIRO:
** OPERANTAR XXXVIII
** ESTAÇÃO: OP38_017
** LAT 62 16,18' S
** LONG 058 26,25' W
** 09P73767-1155_A
** PROFUNDIDADE: 110
** DATA/HORA: 051438Z/NOV/2019
** OPERADOR: SO-HN CHAVES
# nquan = 27
# nvalues = 1943                                  
# units = specified
# name 0 = scan: Scan Count
# name 1 = timeJ: Julian Days
# name 2 = latitude: Latitude [deg]
# name 3 = longitude: Longitude [deg]
# name 4 = dz/dtM: Descent Rate [m/s]
# name 5 = avgsvCM: Average Sound Velocity [Chen-Millero, m/s]
# name 6 = prDM: Pressure, Digiquartz [db]
# name 7 = depSM: Depth [salt water, m]
# name 8 = t090C: Temperature [ITS-90, deg C]
# name 9 = t190C: Temperature, 2 [ITS-90, deg C]
# name 10 = T2-T190C: Temperature Difference, 2 - 1 [ITS-90, deg C]
# name 11 = potemp090C: Potential Temperature [ITS-90, deg C]
# name 12 = potemp190C: Potential Temperature, 2 [ITS-90, deg C]
# name 13 = potemp90Cdiff: Potential Temperature, Diff, 2 - 1 [ITS-90, deg C]
# name 14 = c0S/m: Conductivity [S/m]
# name 15 = c1S/m: Conductivity, 2 [S/m]
# name 16 = C2-C1S/m: Conductivity Difference, 2 - 1 [S/m]
# name 17 = sal00: Salinity, Practical [PSU]
# name 18 = sal11: Salinity, Practical, 2 [PSU]
# name 19 = sbeox0ML/L: Oxygen, SBE 43 [ml/l]
# name 20 = sigma-é00: Density [sigma-theta, kg/m^3]
# name 21 = sigma-é11: Density, 2 [sigma-theta, kg/m^3]
# name 22 = sbox0Mm/Kg: Oxygen, SBE 43 [umol/kg]
# name 23 = oxsolMm/Kg: Oxygen Saturation, Garcia & Gordon [umol/kg]
# name 24 = oxsatMm/Kg: Oxygen Saturation, Weiss [umol/kg]
# name 25 = nbf: Bottles Fired
# name 26 = flag:  0.000e+00
# interval = seconds: 0.0416667
# start_time = Nov 05 2019 14:37:33 [NMEA time, header]
# bad_flag = -9.990e-29
*END*
[from data line 645]
      15659 309.616961  -62.26956  -58.43786      0.021    1444.65     19.253     19.068    -0.8812    -0.8800     0.0012    -0.8817    -0.8805     0.0012   2.769834   2.770317   0.000483    34.1935    34.1987     7.5061    27.4952    27.4994    326.252  358.35418  360.01509          5  0.000e+00
      15660 309.616961  -62.26956  -58.43786      0.021    1444.65     19.274     19.088    -0.8812    -0.8801     0.0011    -0.8817    -0.8806     0.0011   2.769857   2.770328   0.000471    34.1937    34.1989     7.5061    27.4954    27.4996    326.251  358.35293  360.01385          5  0.000e+00
      15661 309.616962  -62.26956  -58.43786      0.021    1444.65     19.253     19.067    -0.8809    -0.8800     0.0009    -0.8814    -0.8805     0.0009   2.769875   2.770334   0.000459    34.1937    34.1989     7.5068    27.4954    27.4995    326.281  358.35074  360.01160          5  0.000e+00
      15662 309.616962  -62.26956  -58.43786      0.023    1444.65     19.308     19.122    -0.8810    -0.8804     0.0006    -0.8815    -0.8809     0.0006   2.769893   2.770357   0.000464    34.1940    34.1996     7.5075    27.4956    27.5001    326.314  358.35052  360.01141          5  0.000e+00
      15663 309.616963  -62.26956  -58.43786      0.023    1444.65     19.274     19.088    -0.8809    -0.8799     0.0010    -0.8814    -0.8805     0.0010   2.769899   2.770323   0.000423    34.1940    34.1987     7.5082    27.4956    27.4993    326.342  358.34986  360.01074          5  0.000e+00
      15664 309.616963  -62.26956  -58.43786      0.023    1444.65     19.253     19.067    -0.8809    -0.8806     0.0003    -0.8814    -0.8811     0.0003   2.769917   2.770311   0.000394    34.1942    34.1993     7.5028    27.4958    27.4999    326.107  358.34877  360.00965          5  0.000e+00
      15665 309.616964  -62.26956  -58.43786      0.027    1444.65     19.308     19.122    -0.8808    -0.8801     0.0007    -0.8813    -0.8806     0.0007   2.769828   2.770271   0.000443    34.1929    34.1981     7.5071    27.4946    27.4989    326.295  358.35157  360.01234          5  0.000e+00
      15666 309.616964  -62.26956  -58.43786      0.027    1444.65     19.274     19.088    -0.8811    -0.8803     0.0008    -0.8816    -0.8808     0.0008   2.769774   2.770277   0.000503    34.1925    34.1985     7.5077    27.4944    27.4992    326.322  358.35577  360.01660          5  0.000e+00
      15667 309.616965  -62.26956  -58.43786      0.026    1444.65     19.253     19.067    -0.8813    -0.8802     0.0010    -0.8818    -0.8808     0.0010   2.769810   2.770282   0.000473    34.1932    34.1985     7.5082    27.4950    27.4992    326.344  358.35546  360.01637          5  0.000e+00
      15668 309.616965  -62.26956  -58.43786      0.028    1444.65     19.308     19.122    -0.8812    -0.8806     0.0006    -0.8817    -0.8811     0.0006   2.769780   2.770282   0.000503    34.1927    34.1989     7.5088    27.4946    27.4995    326.368  358.35634  360.01720          5  0.000e+00
      15669 309.616966  -62.26956  -58.43786      0.029    1444.65     19.274     19.088    -0.8815    -0.8807     0.0008    -0.8820    -0.8812     0.0008   2.769714   2.770317   0.000603    34.1921    34.1995     7.5085    27.4941    27.5000    326.355  358.36027  360.02115          5  0.000e+00
      15670 309.616966  -62.26956  -58.43786      0.027    1444.65     19.253     19.067    -0.8822    -0.8800     0.0021    -0.8827    -0.8805     0.0021   2.769666   2.770357   0.000691    34.1923    34.1993     7.5030    27.4942    27.4998    326.116  358.36647  360.02751          5  0.000e+00
      15671 309.616967  -62.26956  -58.43786      0.032    1444.65     19.308     19.122    -0.8822    -0.8795     0.0027    -0.8827    -0.8800     0.0027   2.769684   2.770403   0.000719    34.1926    34.1992     7.5026    27.4945    27.4998    326.100  358.36624  360.02731          5  0.000e+00
      15672 309.616967  -62.26956  -58.43786      0.034    1444.65     19.322     19.135    -0.8823    -0.8794     0.0029    -0.8828    -0.8799     0.0029   2.769666   2.770414   0.000748    34.1924    34.1993     7.5022    27.4944    27.4998    326.083  358.36769  360.02878          5  0.000e+00
      15673 309.616968  -62.26956  -58.43786      0.034    1444.65     19.308     19.122    -0.8822    -0.8798     0.0024    -0.8827    -0.8803     0.0024   2.769660   2.770414   0.000754    34.1922    34.1997     7.5018    27.4942    27.5002    326.064  358.36716  360.02821          5  0.000e+00
      15674 309.616968  -62.26956  -58.43786      0.036    1444.65     19.308     19.122    -0.8819    -0.8804     0.0015    -0.8824    -0.8809     0.0015   2.769630   2.770391   0.000761    34.1914    34.2001     7.5065    27.4935    27.5005    326.270  358.36610  360.02703          5  0.000e+00
      15675 309.616969  -62.26956  -58.43786      0.034    1444.65     19.274     19.088    -0.8821    -0.8811     0.0010    -0.8826    -0.8816     0.0010   2.769612   2.770311   0.000699    34.1915    34.1998     7.5016    27.4936    27.5003    326.059  358.36820  360.02918          5  0.000e+00
      15676 309.616969  -62.26956  -58.43786      0.036    1444.65     19.308     19.122    -0.8823    -0.8813     0.0010    -0.8828    -0.8818     0.0010   2.769594   2.770305   0.000711    34.1915    34.2000     7.5065    27.4936    27.5005    326.269  358.37041  360.03145          5  0.000e+00
      15677 309.616970  -62.26956  -58.43786      0.037    1444.65     19.308     19.122    -0.8826    -0.8808     0.0018    -0.8831    -0.8813     0.0018   2.769583   2.770328   0.000746    34.1916    34.1997     7.5016    27.4937    27.5002    326.058  358.37234  360.03343          5  0.000e+00
      15678 309.616970  -62.26956  -58.43786      0.041    1444.65     19.322     19.135    -0.8822    -0.8806     0.0016    -0.8827    -0.8811     0.0016   2.769666   2.770334   0.000668    34.1922    34.1995     7.5010    27.4942    27.5000    326.031  358.36659  360.02763          5  0.000e+00
      15679 309.616970  -62.26956  -58.43786      0.043    1444.65     19.356     19.169    -0.8826    -0.8803     0.0023    -0.8831    -0.8808     0.0023   2.769666   2.770259   0.000593    34.1927    34.1982     7.5006    27.4946    27.4989    326.014  358.36921  360.03037          5  0.000e+00
      15680 309.616971  -62.26956  -58.43786      0.043    1444.65     19.308     19.122    -0.8826    -0.8809     0.0017    -0.8831    -0.8814     0.0017   2.769606   2.770150   0.000544    34.1920    34.1974     7.5053    27.4940    27.4983    326.219  358.37179  360.03292          5  0.000e+00
      15681 309.616971  -62.26956  -58.43786      0.045    1444.65     19.308     19.121    -0.8831    -0.8814     0.0018    -0.8837    -0.8819     0.0018   2.769565   2.770104   0.000540    34.1920    34.1973     7.5049    27.4940    27.4983    326.200  358.37669  360.03794          5  0.000e+00
      15682 309.616972  -62.26956  -58.43786      0.044    1444.65     19.322     19.135    -0.8833    -0.8820     0.0013    -0.8838    -0.8825     0.0013   2.769505   2.770076   0.000571    34.1913    34.1976     7.5000    27.4935    27.4985    325.986  358.37974  360.04097          5  0.000e+00
      15683 309.616972  -62.26956  -58.43786      0.049    1444.65     19.356     19.169    -0.8833    -0.8823     0.0010    -0.8838    -0.8828     0.0010   2.769457   2.770053   0.000596    34.1907    34.1977     7.5047    27.4930    27.4986    326.190  358.38200  360.04321          5  0.000e+00
      15684 309.616973  -62.26956  -58.43786      0.053    1444.65     19.356     19.169    -0.8837    -0.8824     0.0013    -0.8842    -0.8829     0.0013   2.769475   2.770024   0.000549    34.1914    34.1974     7.4997    27.4936    27.4984    325.974  358.38388  360.04522          5  0.000e+00
      15685 309.616973  -62.26956  -58.43786      0.052    1444.65     19.321     19.135    -0.8838    -0.8824     0.0014    -0.8843    -0.8829     0.0014   2.769517   2.770053   0.000536    34.1921    34.1978     7.5042    27.4941    27.4987    326.170  358.38259  360.04398          5  0.000e+00
      15686 309.616974  -62.26956  -58.43786      0.051    1444.65     19.308     19.121    -0.8837    -0.8828     0.0009    -0.8842    -0.8833     0.0009   2.769529   2.770087   0.000558    34.1922    34.1987     7.5043    27.4942    27.4994    326.174  358.38174  360.04312          5  0.000e+00
      15687 309.616974  -62.26956  -58.43786      0.054    1444.65     19.356     19.169    -0.8833    -0.8823     0.0011    -0.8838    -0.8828     0.0011   2.769553   2.770064   0.000512    34.1920    34.1978     7.4992    27.4940    27.4987    325.951  358.37834  360.03962          5  0.000e+00
      15688 309.616975  -62.26956  -58.43786      0.058    1444.65     19.376     19.189    -0.8834    -0.8825     0.0009    -0.8840    -0.8830     0.0009   2.769618   2.770064   0.000446    34.1930    34.1980     7.5037    27.4949    27.4989    326.147  358.37659  360.03795          5  0.000e+00
      15689 309.616975  -62.26956  -58.43786      0.058    1444.65     19.356     19.169    -0.8831    -0.8823     0.0008    -0.8836    -0.8828     0.0008   2.769624   2.770168   0.000543    34.1927    34.1992     7.4985    27.4946    27.4998    325.920  358.37412  360.03539          5  0.000e+00
      15690 309.616976  -62.26956  -58.43786      0.058    1444.65     19.356     19.169    -0.8839    -0.8817     0.0022    -0.8844    -0.8822     0.0022   2.769589   2.770259   0.000671    34.1931    34.1998     7.4979    27.4950    27.5003    325.896  358.38063  360.04211          5  0.000e+00
      15691 309.616976  -62.26956  -58.43786      0.061    1444.65     19.376     19.189    -0.8842    -0.8812     0.0030    -0.8847    -0.8817     0.0030   2.769529   2.770340   0.000811    34.1926    34.2003     7.4973    27.4946    27.5007    325.869  358.38479  360.04630          5  0.000e+00
      15692 309.616977  -62.26956  -58.43786      0.060    1444.65     19.308     19.121    -0.8844    -0.8809     0.0034    -0.8849    -0.8814     0.0034   2.769523   2.770403   0.000880    34.1928    34.2009     7.4965    27.4947    27.5012    325.837  358.38600  360.04756          5  0.000e+00
      15693 309.616977  -62.26956  -58.43786      0.063    1444.65     19.404     19.216    -0.8844    -0.8809     0.0035    -0.8849    -0.8814     0.0035   2.769511   2.770437   0.000927    34.1926    34.2012     7.4959    27.4946    27.5014    325.810  358.38663  360.04818          5  0.000e+00
      15694 309.616978  -62.26956  -58.43786      0.065    1444.65     19.376     19.189    -0.8844    -0.8802     0.0042    -0.8849    -0.8807     0.0042   2.769505   2.770443   0.000938    34.1925    34.2005     7.4952    27.4945    27.5008    325.778  358.38681  360.04835          5  0.000e+00
      15695 309.616978  -62.26956  -58.43786      0.069    1444.65     19.404     19.216    -0.8840    -0.8799     0.0041    -0.8845    -0.8805     0.0041   2.769487   2.770420   0.000933    34.1919    34.1999     7.4944    27.4940    27.5003    325.746  358.38534  360.04677          5  0.000e+00
      15696 309.616979  -62.26956  -58.43786      0.070    1444.65     19.356     19.169    -0.8841    -0.8800     0.0041    -0.8846    -0.8805     0.0041   2.769517   2.770340   0.000823    34.1924    34.1990     7.4937    27.4944    27.4996    325.712  358.38448  360.04595          5  0.000e+00
      15697 309.616979  -62.26956  -58.43786      0.069    1444.65     19.376     19.189    -0.8839    -0.8804     0.0035    -0.8844    -0.8809     0.0035   2.769511   2.770271   0.000760    34.1921    34.1984     7.4981    27.4941    27.4991    325.907  358.38365  360.04506          5  0.000e+00
      15698 309.616980  -62.26956  -58.43786      0.071    1444.65     19.403     19.216    -0.8839    -0.8802     0.0037    -0.8844    -0.8808     0.0037   2.769487   2.770213   0.000727    34.1917    34.1975     7.4982    27.4939    27.4984    325.910  358.38461  360.04601          5  0.000e+00
      15699 309.616980  -62.26956  -58.43786      0.072    1444.65     19.356     19.169    -0.8840    -0.8816     0.0025    -0.8845    -0.8821     0.0025   2.769463   2.770185   0.000722    34.1916    34.1986     7.4982    27.4937    27.4993    325.910  358.38618  360.04759          5  0.000e+00
      15700 309.616981  -62.26956  -58.43786      0.072    1444.65     19.424     19.237    -0.8841    -0.8812     0.0029    -0.8846    -0.8817     0.0029   2.769475   2.770127   0.000652    34.1918    34.1973     7.4930    27.4939    27.4983    325.685  358.38620  360.04764          5  0.000e+00
      15701 309.616981  -62.26956  -58.43786      0.077    1444.65     19.403     19.216    -0.8839    -0.8817     0.0022    -0.8844    -0.8822     0.0022   2.769481   2.770041   0.000560    34.1916    34.1968     7.4974    27.4938    27.4979    325.873  358.38484  360.04623          5  0.000e+00
      15702 309.616982  -62.26956  -58.43786      0.074    1444.65     19.356     19.169    -0.8842    -0.8818     0.0025    -0.8848    -0.8823     0.0025   2.769481   2.770001   0.000520    34.1921    34.1964     7.4973    27.4942    27.4975    325.871  358.38696  360.04845          5  0.000e+00
      15703 309.616982  -62.26956  -58.43786      0.072    1444.65     19.356     19.169    -0.8844    -0.8823     0.0020    -0.8849    -0.8828     0.0020   2.769499   2.770030   0.000531    34.1925    34.1974     7.4972    27.4945    27.4984    325.867  358.38700  360.04854          5  0.000e+00
      15704 309.616983  -62.26956  -58.43786      0.077    1444.65     19.479     19.291    -0.8842    -0.8820     0.0023    -0.8848    -0.8825     0.0023   2.769565   2.770070   0.000505    34.1931    34.1974     7.4980    27.4950    27.4984    325.899  358.38397  360.04552          5  0.000e+00
      15705 309.616983  -62.26956  -58.43786      0.078    1444.65     19.403     19.216    -0.8839    -0.8822     0.0017    -0.8844    -0.8827     0.0017   2.769606   2.770116   0.000509    34.1934    34.1983     7.4985    27.4952    27.4991    325.922  358.38003  360.04152          5  0.000e+00
      15706 309.616984  -62.26956  -58.43786      0.078    1444.65     19.403     19.216    -0.8833    -0.8824     0.0009    -0.8838    -0.8829     0.0009   2.769636   2.770041   0.000405    34.1931    34.1976     7.4939    27.4949    27.4985    325.720  358.37521  360.03656          5  0.000e+00
      15707 309.616984  -62.26956  -58.43786      0.079    1444.65     19.424     19.236    -0.8830    -0.8823     0.0006    -0.8835    -0.8828     0.0006   2.769714   2.770018   0.000304    34.1937    34.1972     7.4989    27.4955    27.4982    325.939  358.37007  360.03138          5  0.000e+00
      15708 309.616984  -62.26956  -58.43786      0.081    1444.65     19.458     19.270    -0.8828    -0.8823     0.0005    -0.8833    -0.8828     0.0005   2.769684   2.770001   0.000317    34.1931    34.1968     7.4996    27.4949    27.4979    325.972  358.37017  360.03141          5  0.000e+00
      15709 309.616985  -62.26956  -58.43786      0.081    1444.65     19.403     19.216    -0.8826    -0.8822     0.0004    -0.8831    -0.8827     0.0004   2.769642   2.769921   0.000278    34.1923    34.1957     7.4951    27.4943    27.4970    325.774  358.37021  360.03135          5  0.000e+00
      15710 309.616985  -62.26956  -58.43786      0.080    1444.65     19.424     19.236    -0.8830    -0.8829     0.0001    -0.8835    -0.8834     0.0001   2.769636   2.769932   0.000296    34.1927    34.1966     7.5004    27.4946    27.4978    326.003  358.37305  360.03429          5  0.000e+00
