Pos-Processados/process_op38/operantar38_018b.ros
* Sea-Bird SBE 9 Data File:
* FileName = D:\OPERANTAR_XXXVIII\DADOS\OP38_018b.hdr
* Software Version Seasave V 7.18c
* Temperature SN = 4808
* Conductivity SN = 3380
* Number of Bytes Per Scan = 34
* Number of Voltage Words = 3
* Number of Scans Averaged by the Deck Unit = 1
* NMEA Latitude = 62 10.02 S
* NMEA Longitude = 058 22.53 W
* NMEA UTC (Time) = Nov 05 2019 18:22:12
** H41
** NAVIO POLAR ALMIRANTE MAXIMIANO
** CRUZEIRO:
** OPERANTAR XXXVIII
** ESTAÇÃO: OP38_018b
** LAT 62 10,01' S
** LONG 058 22,50' W
** 09P73767-1155_A
** PROFUNDIDADE: 440
** DATA/HORA: 051823Z/NOV/2019
** OPERADOR: SO-HN CHAVES
# nquan = 24
# nvalues = 1843                                  
# units = specified
# name 0 = scan: Scan Count
# name 1 = timeJ: Julian Days
# name 2 = latitude: Latitude [deg]
# name 3 = longitude: Longitude [deg]
# name 4 = dz/dtM: Descent Rate [m/s]
# name 5 = avgsvCM: Average Sound Velocity [Chen-Millero, m/s]
# name 6 = prDM: Pressure, Digiquartz [db]
# name 7 = depSM: Depth [salt water, m]
# name 8 = t090C: Temperature [ITS-90, deg C]
# name 9 = t190C: Temperature, 2 [ITS-90, deg C]
# name 10 = T2-T190C: Temperature Difference, 2 - 1 [ITS-90, deg C]
# name 11 = potemp090C: Potential Temperature [ITS-90, deg C]
# name 12 = potemp190C: Potential Temperature, 2 [ITS-90, deg C]
# name 13 = potemp90Cdiff: Potential Temperature, Diff, 2 - 1 [ITS-90, deg C]
# name 14 = c0S/m: Conductivity [S/m]
# name 15 = c1S/m: Conductivity, 2 [S/m]
# name 16 = C2-C1S/m: Conductivity Difference, 2 - 1 [S/m]
# name 17 = sal00: Salinity, Practical [PSU]
# name 18 = sal11: Salinity, Practical, 2 [PSU]
# name 19 = sbeox0ML/L: Oxygen, SBE 43 [ml/l]
# name 20 = sigma-é00: Density [sigma-theta, kg/m^3]
# name 21 = sigma-é11: Density, 2 [sigma-theta, kg/m^3]
# name 22 = nbf: Bottles Fired
# name 23 = flag:  0.000e+00
# interval = seconds: 0.0416667
# start_time = Nov 05 2019 18:22:12 [NMEA time, header]
# bad_flag = -9.990e-29
*END*
[from data line 846]
       1292 309.766039  -62.16700  -58.37554      0.059       0.00      2.175      2.154    -0.6427    -0.6462    -0.0034    -0.6428    -0.6462    -0.0034   2.784408   2.784587   0.000179    34.1315    34.1378     7.6106    27.4352    27.4405          6  0.000e+00
       1293 309.766040  -62.16700  -58.37554      0.053       0.00      2.175      2.154    -0.6426    -0.6454    -0.0027    -0.6427    -0.6454    -0.0027   2.784384   2.784616   0.000232    34.1310    34.1373     7.6100    27.4348    27.4400          6  0.000e+00
       1294 309.766040  -62.16700  -58.37554      0.046       0.00      2.175      2.154    -0.6432    -0.6445    -0.0013    -0.6433    -0.6445    -0.0013   2.784312   2.784685   0.000373    34.1307    34.1372     7.6095    27.4346    27.4399          6  0.000e+00
       1295 309.766041  -62.16700  -58.37554      0.039       0.00      2.175      2.154    -0.6443    -0.6442     0.0002    -0.6444    -0.6442     0.0002   2.784174   2.784690   0.000516    34.1301    34.1369     7.6092    27.4342    27.4397          6  0.000e+00
       1296 309.766041  -62.16700  -58.37554      0.035       0.00      2.175      2.154    -0.6452    -0.6451     0.0001    -0.6452    -0.6451     0.0001   2.784114   2.784639   0.000524    34.1303    34.1373     7.6088    27.4343    27.4400          6  0.000e+00
       1297 309.766042  -62.16700  -58.37554      0.029       0.00      2.175      2.154    -0.6457    -0.6445     0.0012    -0.6458    -0.6445     0.0012   2.784108   2.784644   0.000536    34.1308    34.1366     7.6142    27.4348    27.4395          6  0.000e+00
       1298 309.766042  -62.16700  -58.37554      0.021       0.00      2.127      2.106    -0.6463    -0.6445     0.0019    -0.6464    -0.6445     0.0019   2.784072   2.784621   0.000549    34.1311    34.1364     7.6145    27.4350    27.4392          6  0.000e+00
       1299 309.766043  -62.16700  -58.37554      0.020       0.00      2.175      2.154    -0.6465    -0.6448     0.0017    -0.6466    -0.6448     0.0017   2.784078   2.784564   0.000486    34.1313    34.1359     7.6095    27.4352    27.4389          6  0.000e+00
       1300 309.766043  -62.16700  -58.37554      0.019       0.00      2.195      2.174    -0.6460    -0.6451     0.0010    -0.6461    -0.6451     0.0010   2.784120   2.784570   0.000449    34.1313    34.1363     7.6088    27.4352    27.4392          6  0.000e+00
       1301 309.766044  -62.16700  -58.37554      0.014       0.00      2.175      2.154    -0.6462    -0.6450     0.0012    -0.6462    -0.6451     0.0012   2.784114   2.784575   0.000461    34.1314    34.1363     7.6082    27.4353    27.4392          6  0.000e+00
       1302 309.766044  -62.16700  -58.37554      0.012       0.00      2.175      2.154    -0.6466    -0.6454     0.0013    -0.6467    -0.6454     0.0013   2.784090   2.784575   0.000485    34.1316    34.1367     7.6076    27.4355    27.4396          6  0.000e+00
       1303 309.766045  -62.16700  -58.37554      0.007       0.00      2.127      2.106    -0.6469    -0.6462     0.0007    -0.6469    -0.6462     0.0007   2.784030   2.784541   0.000511    34.1311    34.1372     7.6070    27.4351    27.4400          6  0.000e+00
       1304 309.766045  -62.16700  -58.37554      0.005       0.00      2.175      2.154    -0.6471    -0.6455     0.0016    -0.6472    -0.6456     0.0016   2.784048   2.784524   0.000475    34.1316    34.1362     7.6064    27.4354    27.4392          6  0.000e+00
       1305 309.766046  -62.16700  -58.37554      0.002       0.00      2.175      2.154    -0.6470    -0.6457     0.0013    -0.6470    -0.6457     0.0013   2.784060   2.784524   0.000463    34.1316    34.1364     7.6058    27.4355    27.4393          6  0.000e+00
       1306 309.766046  -62.16700  -58.37554     -0.000       0.00      2.175      2.154    -0.6468    -0.6459     0.0009    -0.6469    -0.6459     0.0009   2.784060   2.784547   0.000486    34.1314    34.1369     7.6059    27.4353    27.4397          6  0.000e+00
       1307 309.766046  -62.16700  -58.37554     -0.003       0.00      2.175      2.154    -0.6473    -0.6455     0.0017    -0.6473    -0.6456     0.0017   2.784018   2.784506   0.000488    34.1313    34.1360     7.6106    27.4353    27.4390          6  0.000e+00
       1308 309.766047  -62.16700  -58.37554     -0.001       0.00      2.175      2.154    -0.6480    -0.6468     0.0012    -0.6481    -0.6468     0.0012   2.783923   2.784437   0.000515    34.1309    34.1365     7.6065    27.4350    27.4394          6  0.000e+00
       1309 309.766047  -62.16700  -58.37554     -0.004       0.00      2.175      2.154    -0.6484    -0.6476     0.0008    -0.6484    -0.6476     0.0008   2.783881   2.784340   0.000459    34.1307    34.1360     7.6068    27.4348    27.4391          6  0.000e+00
       1310 309.766048  -62.16700  -58.37554     -0.002       0.00      2.195      2.174    -0.6487    -0.6486     0.0001    -0.6487    -0.6486     0.0001   2.783893   2.784334   0.000441    34.1312    34.1371     7.6114    27.4352    27.4400          6  0.000e+00
       1311 309.766048  -62.16700  -58.37554     -0.005       0.00      2.175      2.154    -0.6484    -0.6477     0.0007    -0.6485    -0.6478     0.0007   2.783935   2.784443   0.000509    34.1315    34.1376     7.6064    27.4355    27.4403          6  0.000e+00
       1312 309.766049  -62.16700  -58.37554     -0.005       0.00      2.175      2.154    -0.6480    -0.6472     0.0008    -0.6481    -0.6473     0.0008   2.783989   2.784489   0.000501    34.1318    34.1377     7.6057    27.4357    27.4404          6  0.000e+00
       1313 309.766049  -62.16700  -58.37554     -0.005       0.00      2.175      2.154    -0.6482    -0.6469     0.0013    -0.6483    -0.6470     0.0013   2.783989   2.784512   0.000524    34.1320    34.1376     7.6051    27.4358    27.4404          6  0.000e+00
       1314 309.766050  -62.16700  -58.37554     -0.008       0.00      2.127      2.106    -0.6470    -0.6466     0.0004    -0.6470    -0.6467     0.0004   2.784114   2.784506   0.000392    34.1323    34.1372     7.6041    27.4361    27.4400          6  0.000e+00
       1315 309.766050  -62.16700  -58.37554     -0.008       0.00      2.175      2.154    -0.6452    -0.6460    -0.0008    -0.6453    -0.6461    -0.0008   2.784216   2.784518   0.000302    34.1317    34.1367     7.6032    27.4355    27.4395          6  0.000e+00
       1316 309.766051  -62.16700  -58.37554     -0.008       0.00      2.175      2.154    -0.6451    -0.6460    -0.0009    -0.6451    -0.6461    -0.0009   2.784228   2.784541   0.000313    34.1317    34.1370     7.6034    27.4355    27.4398          6  0.000e+00
       1317 309.766051  -62.16700  -58.37554     -0.008       0.00      2.175      2.154    -0.6455    -0.6465    -0.0009    -0.6456    -0.6465    -0.0009   2.784156   2.784518   0.000362    34.1312    34.1372     7.6089    27.4351    27.4400          6  0.000e+00
       1318 309.766052  -62.16700  -58.37554     -0.009       0.00      2.127      2.106    -0.6454    -0.6462    -0.0009    -0.6454    -0.6463    -0.0009   2.784174   2.784455   0.000280    34.1313    34.1361     7.6038    27.4352    27.4391          6  0.000e+00
       1319 309.766052  -62.16700  -58.37554     -0.009       0.00      2.175      2.154    -0.6452    -0.6469    -0.0017    -0.6453    -0.6470    -0.0017   2.784126   2.784443   0.000317    34.1305    34.1367     7.6084    27.4345    27.4396          6  0.000e+00
       1320 309.766053  -62.16700  -58.37554     -0.005       0.00      2.195      2.174    -0.6459    -0.6476    -0.0017    -0.6459    -0.6476    -0.0017   2.784108   2.784443   0.000335    34.1310    34.1374     7.6044    27.4349    27.4402          6  0.000e+00
       1321 309.766053  -62.16700  -58.37554     -0.007       0.00      2.127      2.106    -0.6454    -0.6455    -0.0001    -0.6455    -0.6456    -0.0001   2.784144   2.784564   0.000420    34.1310    34.1368     7.6036    27.4349    27.4396          6  0.000e+00
       1322 309.766054  -62.16700  -58.37554     -0.007       0.00      2.175      2.154    -0.6443    -0.6446    -0.0003    -0.6444    -0.6447    -0.0003   2.784258   2.784656   0.000398    34.1312    34.1370     7.6029    27.4351    27.4397          6  0.000e+00
       1323 309.766054  -62.16700  -58.37554     -0.006       0.00      2.175      2.154    -0.6437    -0.6438    -0.0002    -0.6437    -0.6439    -0.0002   2.784294   2.784742   0.000448    34.1310    34.1373     7.6021    27.4349    27.4399          6  0.000e+00
       1324 309.766055  -62.16700  -58.37554     -0.008       0.00      2.127      2.106    -0.6432    -0.6437    -0.0005    -0.6433    -0.6437    -0.0005   2.784276   2.784719   0.000443    34.1303    34.1368     7.6015    27.4342    27.4395          6  0.000e+00
       1325 309.766055  -62.16700  -58.37554     -0.011       0.00      2.127      2.106    -0.6432    -0.6446    -0.0014    -0.6433    -0.6447    -0.0014   2.784342   2.784633   0.000291    34.1312    34.1367     7.6008    27.4350    27.4395          6  0.000e+00
       1326 309.766056  -62.16700  -58.37554     -0.007       0.00      2.175      2.154    -0.6427    -0.6457    -0.0029    -0.6428    -0.6457    -0.0029   2.784408   2.784524   0.000116    34.1315    34.1364     7.6010    27.4352    27.4393          6  0.000e+00
       1327 309.766056  -62.16700  -58.37554     -0.012       0.00      2.127      2.106    -0.6418    -0.6465    -0.0047    -0.6419    -0.6466    -0.0047   2.784480   2.784437  -0.000042    34.1314    34.1362     7.6010    27.4351    27.4392          6  0.000e+00
       1328 309.766057  -62.16700  -58.37554     -0.010       0.00      2.175      2.154    -0.6425    -0.6477    -0.0052    -0.6425    -0.6478    -0.0052   2.784366   2.784386   0.000020    34.1306    34.1368     7.6015    27.4345    27.4397          6  0.000e+00
       1329 309.766057  -62.16700  -58.37554     -0.009       0.00      2.127      2.106    -0.6434    -0.6486    -0.0052    -0.6434    -0.6487    -0.0052   2.784180   2.784322   0.000142    34.1292    34.1370     7.6021    27.4334    27.4399          6  0.000e+00
       1330 309.766058  -62.16700  -58.37554     -0.018       0.00      2.045      2.025    -0.6452    -0.6483    -0.0031    -0.6453    -0.6484    -0.0031   2.784084   2.784328   0.000244    34.1300    34.1368     7.6027    27.4341    27.4397          6  0.000e+00
       1331 309.766058  -62.16700  -58.37554     -0.011       0.00      2.223      2.201    -0.6452    -0.6486    -0.0034    -0.6453    -0.6487    -0.0034   2.784198   2.784443   0.000245    34.1315    34.1386     7.6083    27.4353    27.4412          6  0.000e+00
       1332 309.766059  -62.16700  -58.37554     -0.010       0.00      2.175      2.154    -0.6438    -0.6468    -0.0030    -0.6438    -0.6468    -0.0030   2.784318   2.784547   0.000229    34.1315    34.1379     7.6040    27.4352    27.4406          6  0.000e+00
       1333 309.766059  -62.16700  -58.37554     -0.014       0.00      2.127      2.106    -0.6432    -0.6457    -0.0025    -0.6433    -0.6457    -0.0025   2.784444   2.784650   0.000207    34.1325    34.1381     7.6033    27.4361    27.4407          6  0.000e+00
       1334 309.766060  -62.16700  -58.37554     -0.013       0.00      2.127      2.106    -0.6426    -0.6455    -0.0029    -0.6427    -0.6456    -0.0029   2.784498   2.784627   0.000130    34.1326    34.1377     7.6028    27.4361    27.4403          6  0.000e+00
       1335 309.766060  -62.16700  -58.37554     -0.014       0.00      2.127      2.106    -0.6417    -0.6455    -0.0038    -0.6418    -0.6456    -0.0038   2.784486   2.784604   0.000119    34.1314    34.1373     7.6023    27.4351    27.4401          6  0.000e+00
       1336 309.766060  -62.16700  -58.37554     -0.018       0.00      2.127      2.106    -0.6417    -0.6450    -0.0033    -0.6418    -0.6451    -0.0033   2.784420   2.784639   0.000219    34.1305    34.1372     7.6028    27.4344    27.4399          6  0.000e+00
       1337 309.766061  -62.16700  -58.37554     -0.023       0.00      2.072      2.052    -0.6422    -0.6448    -0.0026    -0.6422    -0.6448    -0.0026   2.784402   2.784656   0.000254    34.1308    34.1372     7.6084    27.4346    27.4399          6  0.000e+00
       1338 309.766061  -62.16700  -58.37554     -0.029       0.00      2.127      2.106    -0.6426    -0.6449    -0.0023    -0.6426    -0.6450    -0.0023   2.784402   2.784656   0.000254    34.1312    34.1373     7.6046    27.4350    27.4400          6  0.000e+00
       1339 309.766062  -62.16700  -58.37554     -0.027       0.00      2.127      2.106    -0.6426    -0.6449    -0.0023    -0.6427    -0.6450    -0.0023   2.784420   2.784639   0.000219    34.1316    34.1371     7.6050    27.4353    27.4398          6  0.000e+00
       1340 309.766062  -62.16700  -58.37554     -0.027       0.00      2.127      2.106    -0.6425    -0.6452    -0.0028    -0.6425    -0.6453    -0.0028   2.784384   2.784627   0.000243    34.1309    34.1373     7.6056    27.4347    27.4400          6  0.000e+00
       1341 309.766063  -62.16700  -58.37554     -0.030       0.00      2.093      2.073    -0.6425    -0.6451    -0.0026    -0.6425    -0.6451    -0.0026   2.784408   2.784587   0.000179    34.1312    34.1366     7.6052    27.4350    27.4395          6  0.000e+00
       1342 309.766063  -62.16700  -58.37554     -0.031       0.00      2.127      2.106    -0.6425    -0.6462    -0.0037    -0.6425    -0.6462    -0.0037   2.784366   2.784524   0.000158    34.1306    34.1370     7.6051    27.4345    27.4398          6  0.000e+00
       1343 309.766064  -62.16700  -58.37554     -0.031       0.00      2.127      2.106    -0.6429    -0.6469    -0.0040    -0.6430    -0.6470    -0.0040   2.784366   2.784437   0.000072    34.1312    34.1367     7.6049    27.4349    27.4396          6  0.000e+00
       1344 309.766064  -62.16700  -58.37554     -0.031       0.00      2.127      2.106    -0.6429    -0.6471    -0.0042    -0.6430    -0.6471    -0.0042   2.784390   2.784455   0.000065    34.1315    34.1371     7.6046    27.4352    27.4399          6  0.000e+00
       1345 309.766065  -62.16700  -58.37554     -0.031       0.00      2.127      2.106    -0.6423    -0.6465    -0.0043    -0.6423    -0.6466    -0.0043   2.784420   2.784472   0.000052    34.1312    34.1367     7.6042    27.4349    27.4396          6  0.000e+00
       1346 309.766065  -62.16700  -58.37554     -0.034       0.00      2.072      2.052    -0.6417    -0.6462    -0.0045    -0.6418    -0.6462    -0.0045   2.784474   2.784547   0.000073    34.1313    34.1373     7.6046    27.4350    27.4401          6  0.000e+00
       1347 309.766066  -62.16700  -58.37554     -0.037       0.00      2.127      2.106    -0.6413    -0.6452    -0.0039    -0.6414    -0.6453    -0.0039   2.784521   2.784633   0.000112    34.1315    34.1374     7.6102    27.4352    27.4401          6  0.000e+00
       1348 309.766066  -62.16700  -58.37554     -0.037       0.00      2.127      2.106    -0.6415    -0.6451    -0.0036    -0.6416    -0.6451    -0.0036   2.784474   2.784656   0.000182    34.1310    34.1375     7.6109    27.4348    27.4402          6  0.000e+00
       1349 309.766067  -62.16700  -58.37554     -0.035       0.00      2.127      2.106    -0.6417    -0.6449    -0.0032    -0.6418    -0.6450    -0.0032   2.784474   2.784575   0.000102    34.1312    34.1362     7.6063    27.4350    27.4392          6  0.000e+00
       1350 309.766067  -62.16700  -58.37554     -0.034       0.00      2.127      2.106    -0.6413    -0.6454    -0.0040    -0.6414    -0.6454    -0.0040   2.784497   2.784529   0.000032    34.1312    34.1361     7.6059    27.4349    27.4391          7  0.000e+00
