Pos-Processados/process_op38/operantar38_005.ros
* Sea-Bird SBE 9 Data File:
* FileName = D:\OPERANTAR_XXXVIII\DADOS\OP38_005.hdr
* Software Version Seasave V 7.18c
* Temperature SN = 4808
* Conductivity SN = 3380
* Number of Bytes Per Scan = 31
* Number of Voltage Words = 2
* Number of Scans Averaged by the Deck Unit = 1
* NMEA Latitude = 45 12.86 S
* NMEA Longitude = 051 09.01 W
* NMEA UTC (Time) = Oct 19 2019 13:59:02
** H41
** NAVIO POLAR ALMIRANTE MAXIMIANO
** CRUZEIRO:
** OPERANTAR XXXVIII
** ESTAÇÃO: OP38_005
** LAT 045º 12,86' S
** LONG 051º 09,03' W
** 09P73767-1155
** PROFUNDIDADE: 5853
** DATA/HORA: 191400Z/OUT/2019
** OPERADOR: SO-HN CHAVES
# nquan = 26
# nvalues = 4255                                  
# units = specified
# name 0 = scan: Scan Count
# name 1 = timeJ: Julian Days
# name 2 = latitude: Latitude [deg]
# name 3 = longitude: Longitude [deg]
# name 4 = dz/dtM: Descent Rate [m/s]
# name 5 = avgsvCM: Average Sound Velocity [Chen-Millero, m/s]
# name 6 = prDM: Pressure, Digiquartz [db]
# name 7 = depSM: Depth [salt water, m]
# name 8 = t090C: Temperature [ITS-90, deg C]
# name 9 = t190C: Temperature, 2 [ITS-90, deg C]
# name 10 = T2-T190C: Temperature Difference, 2 - 1 [ITS-90, deg C]
# name 11 = potemp090C: Potential Temperature [ITS-90, deg C]
# name 12 = potemp190C: Potential Temperature, 2 [ITS-90, deg C]
# name 13 = potemp90Cdiff: Potential Temperature, Diff, 2 - 1 [ITS-90, deg C]
# name 14 = c0S/m: Conductivity [S/m]
# name 15 = c1S/m: Conductivity, 2 [S/m]
# name 16 = C2-C1S/m: Conductivity Difference, 2 - 1 [S/m]
# name 17 = sal00: Salinity, Practical [PSU]
# name 18 = sal11: Salinity, Practical, 2 [PSU]
# name 19 = sbeox0ML/L: Oxygen, SBE 43 [ml/l]
# name 20 = sbeox1ML/L: Oxygen, SBE 43, 2 [ml/l]
# name 21 = sbeox0ML/Ldiff: Oxygen, SBE 43, Diff, 2 - 1 [ml/l]
# name 22 = sigma-é00: Density [sigma-theta, kg/m^3]
# name 23 = sigma-é11: Density, 2 [sigma-theta, kg/m^3]
# name 24 = nbf: Bottles Fired
# name 25 = flag:  0.000e+00
# interval = seconds: 0.0416667
# start_time = Oct 19 2019 13:59:02 [NMEA time, header]
# bad_flag = -9.990e-29
*END*
[from data line 3290]
      67098 292.615020  -45.21434  -51.15022     -0.350    1476.21     28.914     28.676    10.2828    10.2847     0.0019    10.2794    10.2813     0.0019   3.818731   3.819527   0.000797    34.8133    34.8196     6.1324     5.9188    -0.2136    26.7580    26.7626         19  0.000e+00
      67099 292.615020  -45.21434  -51.15022     -0.325    1476.21     29.009     28.771    10.2829    10.2844     0.0015    10.2795    10.2810     0.0015   3.818697   3.819527   0.000830    34.8128    34.8198     6.1326     5.9193    -0.2133    26.7576    26.7628         19  0.000e+00
      67100 292.615021  -45.21434  -51.15022     -0.294    1476.21     29.016     28.778    10.2827    10.2852     0.0025    10.2794    10.2818     0.0025   3.818683   3.819547   0.000863    34.8128    34.8192     6.1327     5.9196    -0.2132    26.7576    26.7622         19  0.000e+00
      67101 292.615021  -45.21434  -51.15022     -0.271    1476.21     28.968     28.731    10.2828    10.2851     0.0023    10.2794    10.2817     0.0023   3.818697   3.819586   0.000889    34.8129    34.8198     6.1325     5.9193    -0.2132    26.7577    26.7627         19  0.000e+00
      67102 292.615022  -45.21434  -51.15022     -0.244    1476.21     29.009     28.771    10.2829    10.2859     0.0030    10.2795    10.2825     0.0030   3.818710   3.819644   0.000934    34.8129    34.8196     6.1288     5.9190    -0.2097    26.7577    26.7624         19  0.000e+00
      67103 292.615022  -45.21434  -51.15022     -0.219    1476.21     29.016     28.778    10.2831    10.2866     0.0035    10.2797    10.2832     0.0035   3.818690   3.819722   0.001032    34.8126    34.8197     6.1287     5.9187    -0.2100    26.7574    26.7623         19  0.000e+00
      67104 292.615023  -45.21434  -51.15022     -0.193    1476.21     29.064     28.826    10.2831    10.2872     0.0041    10.2797    10.2838     0.0041   3.818724   3.819807   0.001083    34.8128    34.8199     6.1283     5.9183    -0.2100    26.7576    26.7624         19  0.000e+00
      67105 292.615023  -45.21434  -51.15022     -0.164    1476.21     29.112     28.873    10.2832    10.2878     0.0046    10.2798    10.2844     0.0046   3.818744   3.819833   0.001088    34.8129    34.8196     6.1280     5.9179    -0.2101    26.7576    26.7620         19  0.000e+00
      67106 292.615024  -45.21434  -51.15022     -0.139    1476.21     29.064     28.826    10.2831    10.2876     0.0044    10.2797    10.2842     0.0044   3.818771   3.819833   0.001061    34.8133    34.8199     6.1313     5.9175    -0.2138    26.7580    26.7623         19  0.000e+00
      67107 292.615024  -45.21434  -51.15022     -0.110    1476.21     29.119     28.880    10.2832    10.2883     0.0051    10.2798    10.2849     0.0051   3.818744   3.819852   0.001108    34.8129    34.8193     6.1281     5.9175    -0.2106    26.7576    26.7617         19  0.000e+00
      67108 292.615025  -45.21434  -51.15022     -0.085    1476.21     29.112     28.873    10.2831    10.2884     0.0053    10.2797    10.2850     0.0053   3.818771   3.819885   0.001113    34.8133    34.8196     6.1279     5.9175    -0.2103    26.7580    26.7619         19  0.000e+00
      67109 292.615025  -45.21434  -51.15022     -0.056    1476.21     29.167     28.928    10.2833    10.2887     0.0054    10.2799    10.2853     0.0054   3.818758   3.819846   0.001088    34.8130    34.8189     6.1278     5.9176    -0.2101    26.7577    26.7613         19  0.000e+00
      67110 292.615026  -45.21434  -51.15022     -0.032    1476.21     29.119     28.880    10.2831    10.2879     0.0048    10.2797    10.2845     0.0048   3.818765   3.819891   0.001126    34.8133    34.8201     6.1312     5.9171    -0.2141    26.7579    26.7624         19  0.000e+00
      67111 292.615026  -45.21434  -51.15022     -0.002    1476.21     29.208     28.968    10.2833    10.2887     0.0054    10.2799    10.2853     0.0054   3.818778   3.819872   0.001093    34.8132    34.8191     6.1275     5.9171    -0.2104    26.7578    26.7615         19  0.000e+00
      67112 292.615027  -45.21434  -51.15022      0.025    1476.21     29.222     28.982    10.2836    10.2890     0.0054    10.2802    10.2856     0.0054   3.818785   3.819911   0.001126    34.8130    34.8192     6.1307     5.9170    -0.2137    26.7576    26.7615         19  0.000e+00
      67113 292.615027  -45.21434  -51.15022      0.052    1476.21     29.270     29.030    10.2837    10.2887     0.0050    10.2803    10.2853     0.0050   3.818873   3.819930   0.001057    34.8137    34.8196     6.1274     5.9165    -0.2109    26.7582    26.7619         19  0.000e+00
      67114 292.615027  -45.21434  -51.15022      0.078    1476.21     29.263     29.023    10.2845    10.2887     0.0042    10.2810    10.2853     0.0042   3.818886   3.819904   0.001018    34.8131    34.8194     6.1272     5.9159    -0.2114    26.7576    26.7618         19  0.000e+00
      67115 292.615028  -45.21434  -51.15022      0.105    1476.21     29.270     29.030    10.2847    10.2894     0.0047    10.2813    10.2860     0.0047   3.818907   3.819898   0.000991    34.8131    34.8187     6.1273     5.9156    -0.2116    26.7575    26.7610         19  0.000e+00
      67116 292.615028  -45.21434  -51.15022      0.127    1476.21     29.318     29.077    10.2849    10.2890     0.0041    10.2815    10.2856     0.0041   3.818907   3.819904   0.000997    34.8129    34.8191     6.1270     5.9150    -0.2120    26.7573    26.7614         19  0.000e+00
      67117 292.615029  -45.21434  -51.15022      0.155    1476.21     29.359     29.118    10.2854    10.2891     0.0036    10.2820    10.2856     0.0036   3.818968   3.819924   0.000956    34.8130    34.8192     6.1270     5.9148    -0.2122    26.7573    26.7615         19  0.000e+00
      67118 292.615029  -45.21434  -51.15022      0.183    1476.21     29.373     29.132    10.2857    10.2885     0.0028    10.2823    10.2851     0.0028   3.819008   3.819930   0.000922    34.8131    34.8198     6.1271     5.9146    -0.2125    26.7573    26.7621         19  0.000e+00
      67119 292.615030  -45.21434  -51.15022      0.204    1476.21     29.373     29.132    10.2861    10.2887     0.0026    10.2827    10.2853     0.0026   3.819028   3.819904   0.000876    34.8129    34.8193     6.1305     5.9144    -0.2162    26.7571    26.7617         19  0.000e+00
      67120 292.615030  -45.21434  -51.15022      0.230    1476.21     29.414     29.172    10.2862    10.2889     0.0027    10.2828    10.2855     0.0027   3.819022   3.819898   0.000876    34.8127    34.8191     6.1275     5.9141    -0.2134    26.7570    26.7615         19  0.000e+00
      67121 292.615031  -45.21434  -51.15022      0.249    1476.21     29.421     29.179    10.2866    10.2887     0.0021    10.2831    10.2852     0.0021   3.819069   3.819898   0.000829    34.8129    34.8193     6.1277     5.9138    -0.2139    26.7570    26.7617         19  0.000e+00
      67122 292.615031  -45.21434  -51.15022      0.273    1476.21     29.462     29.220    10.2866    10.2886     0.0019    10.2832    10.2851     0.0019   3.819049   3.819930   0.000881    34.8126    34.8197     6.1280     5.9135    -0.2145    26.7568    26.7620         19  0.000e+00
      67123 292.615032  -45.21434  -51.15022      0.299    1476.21     29.523     29.281    10.2857    10.2887     0.0029    10.2823    10.2852     0.0029   3.818974   3.819904   0.000930    34.8127    34.8193     6.1282     5.9132    -0.2149    26.7570    26.7617         20  0.000e+00
      67124 292.615032  -45.21434  -51.15022      0.314    1476.21     29.469     29.227    10.2850    10.2884     0.0033    10.2816    10.2849     0.0033   3.818866   3.819872   0.001006    34.8123    34.8193     6.1286     5.9129    -0.2157    26.7568    26.7617         20  0.000e+00
      67125 292.615033  -45.21434  -51.15022      0.337    1476.21     29.564     29.322    10.2845    10.2878     0.0034    10.2810    10.2844     0.0034   3.818846   3.819787   0.000941    34.8126    34.8189     6.1291     5.9127    -0.2165    26.7572    26.7615         20  0.000e+00
      67126 292.615033  -45.21434  -51.15022      0.358    1476.21     29.571     29.329    10.2839    10.2871     0.0032    10.2805    10.2836     0.0032   3.818771   3.819709   0.000938    34.8123    34.8188     6.1293     5.9124    -0.2170    26.7571    26.7616         20  0.000e+00
      67127 292.615034  -45.21434  -51.15022      0.372    1476.21     29.571     29.329    10.2840    10.2862     0.0023    10.2805    10.2828     0.0023   3.818812   3.819696   0.000884    34.8127    34.8195     6.1294     5.9120    -0.2174    26.7573    26.7623         20  0.000e+00
      67128 292.615034  -45.21434  -51.15022      0.393    1476.21     29.667     29.424    10.2842    10.2865     0.0023    10.2807    10.2831     0.0023   3.818846   3.819729   0.000883    34.8128    34.8195     6.1296     5.9116    -0.2180    26.7574    26.7622         20  0.000e+00
      67129 292.615035  -45.21434  -51.15022      0.410    1476.21     29.626     29.383    10.2844    10.2867     0.0023    10.2809    10.2833     0.0023   3.818900   3.819703   0.000803    34.8131    34.8191     6.1300     5.9111    -0.2190    26.7576    26.7618         20  0.000e+00
      67130 292.615035  -45.21434  -51.15022      0.424    1476.21     29.674     29.431    10.2845    10.2870     0.0026    10.2810    10.2836     0.0026   3.818880   3.819742   0.000862    34.8129    34.8192     6.1303     5.9106    -0.2197    26.7574    26.7619         20  0.000e+00
      67131 292.615036  -45.21434  -51.15022      0.442    1476.21     29.715     29.471    10.2844    10.2872     0.0028    10.2809    10.2838     0.0028   3.818880   3.819761   0.000882    34.8129    34.8191     6.1306     5.9106    -0.2200    26.7574    26.7618         20  0.000e+00
      67132 292.615036  -45.21434  -51.15022      0.456    1476.21     29.722     29.478    10.2844    10.2870     0.0026    10.2809    10.2836     0.0026   3.818887   3.819787   0.000901    34.8130    34.8196     6.1309     5.9061    -0.2248    26.7575    26.7622         20  0.000e+00
      67133 292.615037  -45.21434  -51.15022      0.471    1476.21     29.777     29.532    10.2840    10.2874     0.0034    10.2805    10.2839     0.0034   3.818846   3.819768   0.000922    34.8129    34.8190     6.1349     5.9096    -0.2253    26.7575    26.7617         20  0.000e+00
      67134 292.615037  -45.21434  -51.15022      0.482    1476.21     29.763     29.519    10.2837    10.2869     0.0032    10.2802    10.2834     0.0032   3.818846   3.819735   0.000889    34.8132    34.8192     6.1319     5.9097    -0.2222    26.7578    26.7619         20  0.000e+00
      67135 292.615038  -45.21434  -51.15022      0.496    1476.21     29.777     29.532    10.2834    10.2864     0.0029    10.2800    10.2829     0.0029   3.818826   3.819709   0.000884    34.8133    34.8194     6.1323     5.9098    -0.2225    26.7579    26.7622         20  0.000e+00
      67136 292.615038  -45.21434  -51.15022      0.507    1476.21     29.825     29.580    10.2837    10.2859     0.0022    10.2802    10.2824     0.0022   3.818832   3.819651   0.000819    34.8130    34.8192     6.1327     5.9059    -0.2268    26.7576    26.7621         20  0.000e+00
      67137 292.615039  -45.21434  -51.15022      0.518    1476.21     29.866     29.621    10.2836    10.2860     0.0024    10.2801    10.2825     0.0024   3.818819   3.819677   0.000858    34.8130    34.8194     6.1328     5.9054    -0.2274    26.7577    26.7622         20  0.000e+00
      67138 292.615039  -45.21434  -51.15022      0.527    1476.21     29.873     29.628    10.2838    10.2862     0.0025    10.2803    10.2827     0.0025   3.818819   3.819696   0.000878    34.8128    34.8194     6.1332     5.9050    -0.2282    26.7575    26.7622         20  0.000e+00
      67139 292.615040  -45.21434  -51.15022      0.536    1476.21     29.928     29.682    10.2834    10.2859     0.0025    10.2799    10.2824     0.0025   3.818880   3.819619   0.000739    34.8138    34.8189     6.1373     5.9047    -0.2327    26.7583    26.7619         20  0.000e+00
      67140 292.615040  -45.21434  -51.15022      0.543    1476.21     29.873     29.628    10.2833    10.2848     0.0015    10.2798    10.2813     0.0015   3.818785   3.819541   0.000755    34.8129    34.8192     6.1345     5.9043    -0.2302    26.7577    26.7623         20  0.000e+00
      67141 292.615041  -45.21434  -51.15022      0.553    1476.21     29.969     29.723    10.2831    10.2841     0.0010    10.2796    10.2806     0.0010   3.818751   3.819508   0.000757    34.8127    34.8195     6.1348     5.9041    -0.2307    26.7575    26.7626         20  0.000e+00
      67142 292.615041  -45.21434  -51.15022      0.558    1476.21     29.976     29.730    10.2827    10.2840     0.0013    10.2792    10.2805     0.0013   3.818711   3.819469   0.000758    34.8127    34.8191     6.1350     5.9038    -0.2312    26.7575    26.7624         20  0.000e+00
      67143 292.615041  -45.21434  -51.15022      0.566    1476.21     29.976     29.730    10.2820    10.2838     0.0018    10.2785    10.2803     0.0018   3.818663   3.819482   0.000819    34.8129    34.8195     6.1352     5.9035    -0.2318    26.7579    26.7627         20  0.000e+00
      67144 292.615042  -45.21434  -51.15022      0.569    1476.21     30.017     29.770    10.2813    10.2840     0.0028    10.2778    10.2805     0.0028   3.818596   3.819469   0.000873    34.8129    34.8191     6.1355     5.9031    -0.2324    26.7580    26.7623         20  0.000e+00
      67145 292.615042  -45.21434  -51.15022      0.574    1476.21     30.030     29.784    10.2806    10.2841     0.0035    10.2771    10.2806     0.0035   3.818569   3.819508   0.000939    34.8132    34.8194     6.1358     5.9028    -0.2330    26.7584    26.7626         20  0.000e+00
      67146 292.615043  -45.21434  -51.15022      0.575    1476.21     30.030     29.784    10.2803    10.2843     0.0040    10.2768    10.2807     0.0040   3.818549   3.819476   0.000927    34.8133    34.8190     6.1361     5.9025    -0.2335    26.7585    26.7622         20  0.000e+00
      67147 292.615043  -45.21434  -51.15022      0.575    1476.21     30.072     29.825    10.2806    10.2831     0.0025    10.2771    10.2795     0.0025   3.818569   3.819385   0.000816    34.8132    34.8192     6.1363     5.9025    -0.2338    26.7584    26.7626         20  0.000e+00
      67148 292.615044  -45.21434  -51.15022      0.579    1476.21     30.078     29.831    10.2808    10.2816     0.0008    10.2773    10.2781     0.0008   3.818596   3.819268   0.000672    34.8133    34.8194     6.1365     5.8984    -0.2381    26.7584    26.7630         20  0.000e+00
      67149 292.615044  -45.21434  -51.15022      0.584    1476.21     30.126     29.879    10.2811    10.2804    -0.0007    10.2776    10.2769    -0.0007   3.818636   3.819177   0.000540    34.8134    34.8196     6.1367     5.8979    -0.2388    26.7584    26.7633         20  0.000e+00
      67150 292.615045  -45.21434  -51.15022      0.582    1476.21     30.120     29.872    10.2819    10.2800    -0.0020    10.2784    10.2764    -0.0020   3.818697   3.819105   0.000408    34.8132    34.8193     6.1369     5.8973    -0.2396    26.7581    26.7632         20  0.000e+00
      67151 292.615045  -45.21434  -51.15022      0.578    1476.21     30.078     29.832    10.2820    10.2796    -0.0023    10.2785    10.2761    -0.0023   3.818677   3.819170   0.000493    34.8130    34.8203     6.1367     5.8967    -0.2401    26.7580    26.7640         20  0.000e+00
