Pos-Processados/process_op38/operantar38_004b.ros
* Sea-Bird SBE 9 Data File:
* FileName = D:\OPERANTAR_XXXVIII\DADOS\OP38_004b.hdr
* Software Version Seasave V 7.12
* Temperature SN = 4808
* Conductivity SN = 3380
* Number of Bytes Per Scan = 31
* Number of Voltage Words = 2
* Number of Scans Averaged by the Deck Unit = 1
* NMEA Latitude = 39 58.14 S
* NMEA Longitude = 054 59.70 W
* NMEA UTC (Time) = Oct 17 2019 16:47:40
** H41
** NAVIO POLAR ALMIRANTE MAXIMIANO
** CRUZEIRO:
** OPERANTAR XXXVIII
** ESTAÇÃO: OP38_004b
** LAT 39º 58,17'S
** LONG 054º 59,68'W
** 09P73767-1155
** PROFUNDIDADE: 1620 m
** DATA/HORA: 171648Z/OUT/2019
** OPERADOR: SO-HN CHAVES
# nquan = 24
# nvalues = 3712                                  
# units = specified
# name 0 = scan: Scan Count
# name 1 = timeJ: Julian Days
# name 2 = latitude: Latitude [deg]
# name 3 = longitude: Longitude [deg]
# name 4 = dz/dtM: Descent Rate [m/s]
# name 5 = avgsvCM: Average Sound Velocity [Chen-Millero, m/s]
# name 6 = prDM: Pressure, Digiquartz [db]
# name 7 = depSM: Depth [salt water, m]
# name 8 = t090C: Temperature [ITS-90, deg C]
# name 9 = t190C: Temperature, 2 [ITS-90, deg C]
# name 10 = T2-T190C: Temperature Difference, 2 - 1 [ITS-90, deg C]
# name 11 = potemp090C: Potential Temperature [ITS-90, deg C]
# name 12 = potemp190C: Potential Temperature, 2 [ITS-90, deg C]
# name 13 = potemp90Cdiff: Potential Temperature, Diff, 2 - 1 [ITS-90, deg C]
# name 14 = c0S/m: Conductivity [S/m]
# name 15 = c1S/m: Conductivity, 2 [S/m]
# name 16 = C2-C1S/m: Conductivity Difference, 2 - 1 [S/m]
# name 17 = sal00: Salinity, Practical [PSU]
# name 18 = sal11: Salinity, Practical, 2 [PSU]
# name 19 = sbeox0ML/L: Oxygen, SBE 43 [ml/l]
# name 20 = sigma-é00: Density [sigma-theta, kg/m^3]
# name 21 = sigma-é11: Density, 2 [sigma-theta, kg/m^3]
# name 22 = nbf: Bottles Fired
# name 23 = flag:  0.000e+00
# interval = seconds: 0.0416667
# start_time = Oct 17 2019 16:47:40 [NMEA time, header]
# bad_flag = -9.990e-29
*END*
[from data line 1751]
       3538 290.701474  -39.96874  -54.99504      0.389       0.00      2.907      2.885     6.7912     6.7930     0.0018     6.7910     6.7928     0.0018   3.425847   3.426558   0.000711    34.0759    34.0819     7.1365    26.7192    26.7238         12  0.000e+00
       3539 290.701475  -39.96874  -54.99504      0.396       0.00      2.962      2.939     6.7891     6.7932     0.0041     6.7888     6.7930     0.0041   3.425621   3.426577   0.000957    34.0755    34.0819     7.1371    26.7192    26.7237         12  0.000e+00
       3540 290.701475  -39.96874  -54.99504      0.402       0.00      2.962      2.939     6.7881     6.7929     0.0048     6.7878     6.7926     0.0048   3.425517   3.426540   0.001023    34.0753    34.0819     7.1373    26.7192    26.7237         12  0.000e+00
       3541 290.701476  -39.96874  -54.99504      0.403       0.00      2.907      2.885     6.7872     6.7916     0.0044     6.7869     6.7913     0.0044   3.425472   3.426478   0.001006    34.0757    34.0825     7.1373    26.7197    26.7244         12  0.000e+00
       3542 290.701476  -39.96874  -54.99504      0.405       0.00      3.010      2.986     6.7864     6.7913     0.0049     6.7861     6.7910     0.0049   3.425472   3.426415   0.000944    34.0765    34.0821     7.1379    26.7204    26.7241         12  0.000e+00
       3543 290.701477  -39.96874  -54.99504      0.406       0.00      2.962      2.939     6.7866     6.7910     0.0044     6.7863     6.7907     0.0044   3.425517   3.426403   0.000886    34.0768    34.0823     7.1337    26.7206    26.7243         12  0.000e+00
       3544 290.701477  -39.96874  -54.99504      0.404       0.00      2.962      2.939     6.7865     6.7896     0.0031     6.7863     6.7894     0.0031   3.425595   3.426260   0.000665    34.0777    34.0820     7.1330    26.7213    26.7243         12  0.000e+00
       3545 290.701478  -39.96874  -54.99504      0.401       0.00      3.010      2.986     6.7875     6.7874    -0.0001     6.7872     6.7871    -0.0001   3.425672   3.426054   0.000382    34.0776    34.0820     7.1323    26.7211    26.7245         12  0.000e+00
       3546 290.701478  -39.96874  -54.99504      0.402       0.00      3.010      2.986     6.7895     6.7859    -0.0036     6.7892     6.7856    -0.0036   3.425847   3.425911   0.000064    34.0776    34.0818     7.1352    26.7208    26.7246         12  0.000e+00
       3547 290.701479  -39.96874  -54.99504      0.398       0.00      3.010      2.986     6.7917     6.7853    -0.0064     6.7915     6.7850    -0.0064   3.426139   3.425880  -0.000259    34.0786    34.0821     7.1305    26.7213    26.7249         12  0.000e+00
       3548 290.701479  -39.96874  -54.99504      0.396       0.00      3.010      2.986     6.7950     6.7848    -0.0102     6.7947     6.7845    -0.0102   3.426437   3.425880  -0.000557    34.0786    34.0826     7.1331    26.7209    26.7254         12  0.000e+00
       3549 290.701480  -39.96874  -54.99504      0.389       0.00      3.010      2.986     6.7976     6.7843    -0.0133     6.7973     6.7840    -0.0133   3.426677   3.425830  -0.000846    34.0787    34.0825     7.1323    26.7206    26.7254         12  0.000e+00
       3550 290.701480  -39.96874  -54.99504      0.383       0.00      3.010      2.986     6.7993     6.7838    -0.0155     6.7991     6.7836    -0.0155   3.426780   3.425793  -0.000987    34.0781    34.0826     7.1315    26.7199    26.7255         12  0.000e+00
       3551 290.701481  -39.96874  -54.99504      0.378       0.00      3.057      3.034     6.7997     6.7835    -0.0162     6.7994     6.7832    -0.0162   3.426722   3.425787  -0.000935    34.0771    34.0828     7.1311    26.7190    26.7258         12  0.000e+00
       3552 290.701481  -39.96874  -54.99504      0.371       0.00      3.057      3.034     6.7998     6.7830    -0.0168     6.7996     6.7828    -0.0168   3.426683   3.425737  -0.000946    34.0765    34.0827     7.1305    26.7186    26.7257         12  0.000e+00
       3553 290.701481  -39.96874  -54.99504      0.362       0.00      3.010      2.986     6.7993     6.7827    -0.0166     6.7991     6.7824    -0.0166   3.426599   3.425743  -0.000856    34.0761    34.0832     7.1304    26.7183    26.7261         12  0.000e+00
       3554 290.701482  -39.96874  -54.99504      0.355       0.00      3.057      3.034     6.7987     6.7835    -0.0152     6.7984     6.7832    -0.0152   3.426502   3.425774  -0.000727    34.0756    34.0827     7.1304    26.7180    26.7257         12  0.000e+00
       3555 290.701482  -39.96874  -54.99504      0.342       0.00      2.989      2.966     6.7976     6.7825    -0.0151     6.7973     6.7822    -0.0151   3.426443   3.425762  -0.000682    34.0761    34.0836     7.1303    26.7186    26.7265         12  0.000e+00
       3556 290.701483  -39.96874  -54.99504      0.338       0.00      3.112      3.088     6.7971     6.7827    -0.0144     6.7968     6.7824    -0.0144   3.426405   3.425824  -0.000580    34.0761    34.0840     7.1303    26.7186    26.7268         12  0.000e+00
       3557 290.701483  -39.96874  -54.99504      0.326       0.00      3.057      3.034     6.7970     6.7838    -0.0131     6.7967     6.7836    -0.0131   3.426372   3.425868  -0.000504    34.0759    34.0834     7.1260    26.7185    26.7261         12  0.000e+00
       3558 290.701484  -39.96874  -54.99504      0.318       0.00      3.057      3.034     6.7970     6.7841    -0.0128     6.7967     6.7839    -0.0128   3.426385   3.425924  -0.000461    34.0761    34.0837     7.1292    26.7186    26.7264         12  0.000e+00
       3559 290.701484  -39.96874  -54.99504      0.303       0.00      3.010      2.986     6.7976     6.7850    -0.0126     6.7973     6.7847    -0.0126   3.426463   3.426079  -0.000384    34.0763    34.0846     7.1287    26.7187    26.7270         12  0.000e+00
       3560 290.701485  -39.96874  -54.99504      0.295       0.00      3.057      3.034     6.7984     6.7859    -0.0125     6.7981     6.7856    -0.0125   3.426554   3.426285  -0.000269    34.0765    34.0859     7.1242    26.7188    26.7279         12  0.000e+00
       3561 290.701485  -39.96874  -54.99504      0.287       0.00      3.112      3.088     6.7989     6.7892    -0.0097     6.7986     6.7889    -0.0097   3.426573   3.426527  -0.000046    34.0762    34.0854     7.1273    26.7185    26.7270         12  0.000e+00
       3562 290.701486  -39.96874  -54.99504      0.276       0.00      3.057      3.034     6.7992     6.7901    -0.0090     6.7989     6.7899    -0.0090   3.426651   3.426590  -0.000061    34.0768    34.0851     7.1268    26.7189    26.7266         12  0.000e+00
       3563 290.701486  -39.96874  -54.99504      0.264       0.00      3.057      3.034     6.7995     6.7895    -0.0100     6.7993     6.7892    -0.0100   3.426677   3.426422  -0.000255    34.0767    34.0839     7.1262    26.7188    26.7258         12  0.000e+00
       3564 290.701487  -39.96874  -54.99504      0.257       0.00      3.112      3.088     6.8000     6.7879    -0.0121     6.7997     6.7876    -0.0121   3.426670   3.426415  -0.000255    34.0762    34.0854     7.1257    26.7183    26.7272         12  0.000e+00
       3565 290.701487  -39.96874  -54.99504      0.243       0.00      3.010      2.986     6.8000     6.7887    -0.0113     6.7997     6.7884    -0.0113   3.426625   3.426478  -0.000147    34.0757    34.0853     7.1251    26.7179    26.7270         12  0.000e+00
       3566 290.701488  -39.96874  -54.99504      0.233       0.00      3.112      3.088     6.7995     6.7881    -0.0115     6.7993     6.7878    -0.0115   3.426567   3.426496  -0.000070    34.0755    34.0861     7.1247    26.7178    26.7277         12  0.000e+00
       3567 290.701488  -39.96874  -54.99504      0.222       0.00      3.057      3.034     6.7986     6.7876    -0.0110     6.7983     6.7873    -0.0110   3.426502   3.426471  -0.000030    34.0758    34.0864     7.1242    26.7182    26.7280         12  0.000e+00
       3568 290.701489  -39.96874  -54.99504      0.214       0.00      3.112      3.088     6.7976     6.7877    -0.0099     6.7973     6.7874    -0.0099   3.426411   3.426484   0.000073    34.0757    34.0863     7.1242    26.7182    26.7279         12  0.000e+00
       3569 290.701489  -39.96874  -54.99504      0.200       0.00      3.010      2.986     6.7973     6.7901    -0.0071     6.7970     6.7899    -0.0071   3.426165   3.426540   0.000375    34.0734    34.0846     7.1240    26.7164    26.7263         12  0.000e+00
       3570 290.701490  -39.96874  -54.99504      0.192       0.00      3.112      3.088     6.7970     6.7910    -0.0060     6.7967     6.7907    -0.0060   3.426249   3.426602   0.000353    34.0745    34.0844     7.1239    26.7174    26.7260         12  0.000e+00
       3571 290.701490  -39.96874  -54.99504      0.183       0.00      3.057      3.034     6.7961     6.7924    -0.0037     6.7959     6.7921    -0.0037   3.426320   3.426689   0.000369    34.0762    34.0839     7.1237    26.7188    26.7254         12  0.000e+00
       3572 290.701491  -39.96872  -54.99504      0.173       0.00      3.057      3.034     6.7958     6.7934    -0.0024     6.7955     6.7931    -0.0024   3.426327   3.426733   0.000406    34.0766    34.0835     7.1194    26.7191    26.7249         12  0.000e+00
       3573 290.701491  -39.96872  -54.99504      0.159       0.00      3.057      3.034     6.7960     6.7942    -0.0018     6.7957     6.7939    -0.0018   3.426314   3.426764   0.000450    34.0763    34.0830     7.1231    26.7189    26.7245         12  0.000e+00
       3574 290.701492  -39.96872  -54.99504      0.151       0.00      3.057      3.034     6.7958     6.7956    -0.0002     6.7955     6.7954    -0.0002   3.426346   3.426863   0.000517    34.0768    34.0827     7.1229    26.7193    26.7240         12  0.000e+00
       3575 290.701492  -39.96872  -54.99504      0.144       0.00      3.112      3.088     6.7961     6.7968     0.0006     6.7958     6.7965     0.0006   3.426411   3.426913   0.000502    34.0772    34.0821     7.1230    26.7196    26.7233         12  0.000e+00
       3576 290.701493  -39.96872  -54.99504      0.131       0.00      3.010      2.986     6.7961     6.7968     0.0006     6.7959     6.7965     0.0006   3.426430   3.426969   0.000539    34.0774    34.0827     7.1231    26.7198    26.7239         12  0.000e+00
       3577 290.701493  -39.96872  -54.99504      0.120       0.00      3.057      3.034     6.7966     6.7973     0.0007     6.7963     6.7970     0.0007   3.426430   3.426988   0.000557    34.0769    34.0824     7.1232    26.7193    26.7236         12  0.000e+00
       3578 290.701494  -39.96872  -54.99504      0.112       0.00      3.057      3.034     6.7976     6.7973    -0.0003     6.7973     6.7970    -0.0003   3.426534   3.427007   0.000472    34.0771    34.0826     7.1227    26.7193    26.7237         12  0.000e+00
       3579 290.701494  -39.96872  -54.99504      0.103       0.00      3.057      3.034     6.7987     6.7973    -0.0014     6.7984     6.7970    -0.0014   3.426625   3.426926   0.000301    34.0770    34.0817     7.1227    26.7191    26.7230         12  0.000e+00
       3580 290.701495  -39.96872  -54.99504      0.093       0.00      3.010      2.986     6.7994     6.7948    -0.0045     6.7991     6.7946    -0.0045   3.426664   3.426664 5.1431e-07    34.0768    34.0813     7.1267    26.7188    26.7230         12  0.000e+00
       3581 290.701495  -39.96872  -54.99504      0.083       0.00      3.057      3.034     6.7995     6.7922    -0.0073     6.7993     6.7920    -0.0073   3.426670   3.426496  -0.000174    34.0767    34.0820     7.1273    26.7187    26.7239         12  0.000e+00
       3582 290.701495  -39.96872  -54.99504      0.076       0.00      3.010      2.986     6.8000     6.7932    -0.0068     6.7997     6.7930    -0.0068   3.426651   3.426652   0.000001    34.0760    34.0828     7.1277    26.7181    26.7244         12  0.000e+00
       3583 290.701496  -39.96872  -54.99504      0.065       0.00      3.010      2.986     6.8010     6.7948    -0.0061     6.8007     6.7946    -0.0061   3.426800   3.426826   0.000026    34.0767    34.0831     7.1281    26.7185    26.7244         12  0.000e+00
       3584 290.701496  -39.96872  -54.99504      0.054       0.00      3.010      2.986     6.8016     6.7952    -0.0064     6.8013     6.7949    -0.0064   3.426923   3.426907  -0.000016    34.0774    34.0836     7.1280    26.7190    26.7248         12  0.000e+00
       3585 290.701497  -39.96872  -54.99504      0.045       0.00      3.010      2.986     6.8026     6.7964    -0.0062     6.8024     6.7962    -0.0062   3.426968   3.426994   0.000026    34.0769    34.0833     7.1283    26.7185    26.7244         12  0.000e+00
       3586 290.701497  -39.96872  -54.99504      0.034       0.00      2.962      2.939     6.8021     6.7971    -0.0050     6.8018     6.7968    -0.0050   3.426884   3.427038   0.000154    34.0765    34.0832     7.1248    26.7183    26.7242         12  0.000e+00
       3587 290.701498  -39.96872  -54.99504      0.025       0.00      3.010      2.986     6.8020     6.7981    -0.0039     6.8017     6.7978    -0.0039   3.426813   3.427050   0.000237    34.0758    34.0823     7.1249    26.7178    26.7234         12  0.000e+00
       3588 290.701498  -39.96872  -54.99504      0.016       0.00      2.962      2.939     6.8007     6.7981    -0.0026     6.8004     6.7978    -0.0026   3.426677   3.427069   0.000392    34.0756    34.0825     7.1251    26.7178    26.7236         12  0.000e+00
       3589 290.701499  -39.96872  -54.99504      0.008       0.00      2.962      2.939     6.7997     6.7989    -0.0008     6.7994     6.7986    -0.0008   3.426547   3.427100   0.000553    34.0752    34.0821     7.1254    26.7175    26.7231         12  0.000e+00
       3590 290.701499  -39.96872  -54.99504     -0.004       0.00      2.962      2.939     6.7989     6.7984    -0.0004     6.7986     6.7981    -0.0004   3.426495   3.427063   0.000567    34.0754    34.0821     7.1255    26.7179    26.7232         12  0.000e+00
       3591 290.701500  -39.96872  -54.99504     -0.013       0.00      2.907      2.885     6.7987     6.7978    -0.0009     6.7984     6.7975    -0.0009   3.426456   3.426957   0.000500    34.0752    34.0817     7.1255    26.7177    26.7229         12  0.000e+00
       3592 290.701500  -39.96872  -54.99504     -0.022       0.00      2.962      2.939     6.7981     6.7976    -0.0005     6.7978     6.7973    -0.0005   3.426430   3.426901   0.000470    34.0755    34.0812     7.1252    26.7180    26.7226         12  0.000e+00
       3593 290.701501  -39.96872  -54.99504     -0.034       0.00      2.907      2.885     6.7974     6.7971    -0.0003     6.7972     6.7968    -0.0003   3.426353   3.426913   0.000560    34.0753    34.0818     7.1249    26.7180    26.7231         12  0.000e+00
       3594 290.701501  -39.96872  -54.99504     -0.042       0.00      2.907      2.885     6.7967     6.7966    -0.0001     6.7965     6.7964    -0.0001   3.426243   3.426926   0.000683    34.0748    34.0824     7.1245    26.7176    26.7237         12  0.000e+00
       3595 290.701502  -39.96872  -54.99504     -0.053       0.00      2.859      2.837     6.7961     6.7963     0.0002     6.7959     6.7960     0.0002   3.426230   3.426851   0.000621    34.0753    34.0820     7.1245    26.7181    26.7233         12  0.000e+00
       3596 290.701502  -39.96872  -54.99504     -0.061       0.00      2.907      2.885     6.7956     6.7964     0.0008     6.7954     6.7962     0.0008   3.426236   3.426876   0.000640    34.0758    34.0821     7.1241    26.7186    26.7234         12  0.000e+00
       3597 290.701503  -39.96872  -54.99504     -0.072       0.00      2.859      2.837     6.7951     6.7956     0.0005     6.7949     6.7954     0.0005   3.426145   3.426801   0.000656    34.0753    34.0821     7.1241    26.7183    26.7235         12  0.000e+00
