Pos-Processados/process_op38/operantar38_021.cnv
* Sea-Bird SBE 9 Data File:
* FileName = D:\OPERANTAR_XXXVIII\DADOS\OP38_021.hdr
* Software Version Seasave V 7.18c
* Temperature SN = 4808
* Conductivity SN = 3380
* Number of Bytes Per Scan = 34
* Number of Voltage Words = 3
* Number of Scans Averaged by the Deck Unit = 1
* NMEA Latitude = 62 13.30 S
* NMEA Longitude = 058 22.74 W
* NMEA UTC (Time) = Nov 22 2019 13:35:38
** H41
** NAVIO POLAR ALMIRANTE MAXIMIANO
** CRUZEIRO:
** OPERANTAR XXXVIII
** ESTAÇÃO: OP38_021
** LAT 62 13,29'S
** LONG 058 22,75'W
** 09P73767-1155_A
** PROFUNDIDADE: 271
** DATA/HORA: 221336Z/NOV/2019
** OPERADOR: SO-HN CHAVES
# nquan = 30
# nvalues = 460                         
# units = specified
# name 0 = scan: Scan Count
# name 1 = timeJ: Julian Days
# name 2 = latitude: Latitude [deg]
# name 3 = longitude: Longitude [deg]
# name 4 = dz/dtM: Descent Rate [m/s]
# name 5 = avgsvCM: Average Sound Velocity [Chen-Millero, m/s]
# name 6 = prDM: Pressure, Digiquartz [db]
# name 7 = depSM: Depth [salt water, m]
# name 8 = t090C: Temperature [ITS-90, deg C]
# name 9 = t190C: Temperature, 2 [ITS-90, deg C]
# name 10 = T2-T190C: Temperature Difference, 2 - 1 [ITS-90, deg C]
# name 11 = potemp090C: Potential Temperature [ITS-90, deg C]
# name 12 = potemp190C: Potential Temperature, 2 [ITS-90, deg C]
# name 13 = potemp90Cdiff: Potential Temperature, Diff, 2 - 1 [ITS-90, deg C]
# name 14 = c0S/m: Conductivity [S/m]
# name 15 = c1S/m: Conductivity, 2 [S/m]
# name 16 = C2-C1S/m: Conductivity Difference, 2 - 1 [S/m]
# name 17 = sal00: Salinity, Practical [PSU]
# name 18 = sal11: Salinity, Practical, 2 [PSU]
# name 19 = sbeox0ML/L: Oxygen, SBE 43 [ml/l]
# name 20 = sigma-é00: Density [sigma-theta, kg/m^3]
# name 21 = sigma-é11: Density, 2 [sigma-theta, kg/m^3]
# name 22 = sal00: Salinity, Practical [PSU]
# name 23 = sigma-é00: Density [sigma-theta, kg/m^3]
# name 24 = svCM: Sound Velocity [Chen-Millero, m/s]
# name 25 = svCM1: Sound Velocity, 2 [Chen-Millero, m/s]
# name 26 = gsw_ptA0: potential temperature [ITS-90, deg C]
# name 27 = gsw_densityA0: density, TEOS-10 [density, kg/m^3]
# name 28 = gsw_saA0: Absolute Salinity [g/kg]
# name 29 = flag:
# span 0 =        115,      19423       
# span 1 = 326.566467, 326.575778       
# span 2 =  -62.22180,  -62.22178       
# span 3 =  -58.37916,  -58.37914       
# span 4 =     -0.934,      0.944       
# span 5 =       0.00,    1447.94       
# span 6 =      2.000,    232.000       
# span 7 =      1.984,    229.637       
# span 8 =    -0.5713,    -0.3351       
# span 9 =    -0.5726,    -0.3220       
# span 10 =    -0.0168,     0.0269      
# span 11 =    -0.5786,    -0.3352      
# span 12 =    -0.5799,    -0.3221      
# span 13 =    -0.0168,     0.0269      
# span 14 =   2.807432,   2.814514      
# span 15 =   2.807944,   2.815082      
# span 16 =  -0.000374,   0.001569      
# span 17 =    34.1829,    34.3150      
# span 18 =    34.1721,    34.3230      
# span 19 =     6.8985,     7.5991      
# span 20 =    27.4639,    27.5810      
# span 21 =    27.4552,    27.5875      
# span 22 =    34.1828,    34.3150      
# span 23 =    27.4637,    27.5809      
# span 24 =    1446.28,    1449.35      
# span 25 =    1446.30,    1449.36      
# span 26 =    -0.5785,    -0.3352      
# span 27 =  1027.4779,  1028.6944      
# span 28 =    34.3475,    34.4824      
# span 29 = 0.0000e+00, 0.0000e+00      
# interval = decibars: 1                
# start_time = Nov 22 2019 13:35:38 [NMEA time, header]
# bad_flag = -9.990e-29
*END*
[from data line 387]
      16676 326.574453  -62.22180  -58.37914     -0.788    1447.92     75.000     74.266    -0.4286    -0.4346    -0.0059    -0.4309    -0.4369    -0.0059   2.810160   2.810295   0.000134    34.1914    34.1999     7.5106    27.4744    27.4815    34.1917    27.4746    1447.29    1447.28    -0.4309  1027.8378    34.3571 0.0000e+00
      16706 326.574468  -62.22180  -58.37914     -0.781    1447.92     74.000     73.276    -0.4286    -0.4330    -0.0045    -0.4309    -0.4354    -0.0045   2.810112   2.810284   0.000168    34.1914    34.1987     7.5109    27.4743    27.4805    34.1916    27.4745    1447.28    1447.27    -0.4309  1027.8330    34.3570 0.0000e+00
      16740 326.574484  -62.22180  -58.37914     -0.738    1447.92     73.000     72.286    -0.4290    -0.4319    -0.0029    -0.4313    -0.4342    -0.0029   2.810029   2.810270   0.000231    34.1915    34.1978     7.5162    27.4744    27.4797    34.1916    27.4745    1447.26    1447.25    -0.4312  1027.8282    34.3570 0.0000e+00
      16774 326.574501  -62.22180  -58.37914     -0.697    1447.92     72.000     71.296    -0.4291    -0.4309    -0.0018    -0.4313    -0.4331    -0.0018   2.809990   2.810250   0.000257    34.1916    34.1970     7.5191    27.4745    27.4790    34.1918    27.4747    1447.24    1447.24    -0.4313  1027.8236    34.3571 0.0000e+00
      16804 326.574516  -62.22180  -58.37914     -0.756    1447.92     71.000     70.306    -0.4263    -0.4303    -0.0040    -0.4285    -0.4325    -0.0040   2.810127   2.810228   0.000106    34.1908    34.1967     7.5090    27.4738    27.4787    34.1911    27.4740    1447.24    1447.23    -0.4285  1027.8181    34.3565 0.0000e+00
      16831 326.574528  -62.22180  -58.37914     -0.864    1447.92     70.000     69.316    -0.4257    -0.4299    -0.0042    -0.4279    -0.4320    -0.0042   2.810102   2.810252   0.000140    34.1906    34.1972     7.5091    27.4736    27.4791    34.1907    27.4736    1447.22    1447.21    -0.4278  1027.8130    34.3560 0.0000e+00
      16858 326.574542  -62.22180  -58.37914     -0.895    1447.92     69.000     68.326    -0.4250    -0.4288    -0.0038    -0.4271    -0.4310    -0.0038   2.810129   2.810360   0.000227    34.1906    34.1980     7.5185    27.4735    27.4797    34.1909    27.4738    1447.21    1447.20    -0.4271  1027.8083    34.3562 0.0000e+00
      16890 326.574557  -62.22178  -58.37914     -0.788    1447.92     68.000     67.339    -0.4224    -0.4269    -0.0045    -0.4245    -0.4291    -0.0045   2.810260   2.810567   0.000302    34.1900    34.1992     7.5235    27.4730    27.4806    34.1903    27.4732    1447.21    1447.20    -0.4245  1027.8030    34.3557 0.0000e+00
      16923 326.574573  -62.22178  -58.37914     -0.729    1447.92     67.000     66.342    -0.4216    -0.4248    -0.0032    -0.4237    -0.4269    -0.0032   2.810256   2.810616   0.000354    34.1898    34.1982     7.5201    27.4727    27.4797    34.1900    27.4729    1447.19    1447.19    -0.4237  1027.7979    34.3553 0.0000e+00
      16953 326.574587  -62.22180  -58.37914     -0.781    1447.92     66.000     65.356    -0.4189    -0.4235    -0.0046    -0.4210    -0.4256    -0.0046   2.810467   2.810602   0.000157    34.1899    34.1971     7.5220    27.4727    27.4787    34.1904    27.4731    1447.19    1447.18    -0.4209  1027.7933    34.3558 0.0000e+00
      16983 326.574601  -62.22180  -58.37914     -0.814    1447.92     65.000     64.366    -0.4154    -0.4224    -0.0070    -0.4174    -0.4244    -0.0070   2.810662   2.810590  -0.000063    34.1892    34.1963     7.5246    27.4720    27.4780    34.1896    27.4723    1447.19    1447.17    -0.4174  1027.7877    34.3549 0.0000e+00
      17015 326.574617  -62.22180  -58.37914     -0.761    1447.92     64.000     63.376    -0.4155    -0.4212    -0.0058    -0.4175    -0.4233    -0.0058   2.810619   2.810623   0.000014    34.1894    34.1962     7.5286    27.4722    27.4779    34.1898    27.4724    1447.17    1447.15    -0.4175  1027.7831    34.3551 0.0000e+00
      17048 326.574633  -62.22178  -58.37914     -0.727    1447.92     63.000     62.386    -0.4149    -0.4206    -0.0056    -0.4169    -0.4226    -0.0056   2.810643   2.810548  -0.000089    34.1898    34.1950     7.5243    27.4725    27.4769    34.1901    27.4727    1447.16    1447.14    -0.4168  1027.7785    34.3554 0.0000e+00
      17078 326.574648  -62.22178  -58.37914     -0.772    1447.92     62.000     61.396    -0.4116    -0.4200    -0.0084    -0.4135    -0.4219    -0.0084   2.810815   2.810572  -0.000240    34.1889    34.1951     7.5315    27.4715    27.4770    34.1893    27.4719    1447.16    1447.12    -0.4135  1027.7729    34.3546 0.0000e+00
      17109 326.574662  -62.22178  -58.37914     -0.786    1447.92     61.000     60.405    -0.4117    -0.4185    -0.0068    -0.4136    -0.4204    -0.0068   2.810749   2.810895   0.000135    34.1889    34.1984     7.5366    27.4716    27.4795    34.1891    27.4717    1447.14    1447.12    -0.4136  1027.7680    34.3544 0.0000e+00
      17141 326.574678  -62.22178  -58.37914     -0.751    1447.92     60.000     59.415    -0.4105    -0.4163    -0.0058    -0.4124    -0.4182    -0.0058   2.810808   2.810971   0.000163    34.1889    34.1976     7.5297    27.4715    27.4788    34.1892    27.4717    1447.13    1447.12    -0.4123  1027.7632    34.3545 0.0000e+00
      17172 326.574693  -62.22178  -58.37914     -0.762    1447.92     59.000     58.425    -0.4100    -0.4148    -0.0047    -0.4119    -0.4166    -0.0047   2.810790   2.810999   0.000205    34.1889    34.1969     7.5361    27.4714    27.4782    34.1890    27.4716    1447.11    1447.10    -0.4118  1027.7582    34.3543 0.0000e+00
      17202 326.574707  -62.22178  -58.37914     -0.795    1447.92     58.000     57.435    -0.4096    -0.4135    -0.0038    -0.4114    -0.4153    -0.0038   2.810782   2.810989   0.000202    34.1889    34.1960     7.5335    27.4714    27.4773    34.1891    27.4716    1447.10    1447.09    -0.4114  1027.7535    34.3543 0.0000e+00
      17234 326.574722  -62.22178  -58.37914     -0.777    1447.92     57.000     56.445    -0.4097    -0.4125    -0.0028    -0.4114    -0.4143    -0.0028   2.810731   2.810964   0.000228    34.1889    34.1951     7.5359    27.4714    27.4766    34.1890    27.4716    1447.08    1447.08    -0.4114  1027.7487    34.3543 0.0000e+00
      17267 326.574739  -62.22178  -58.37914     -0.725    1447.92     56.000     55.455    -0.4088    -0.4118    -0.0030    -0.4105    -0.4135    -0.0030   2.810762   2.810968   0.000200    34.1889    34.1949     7.5439    27.4714    27.4764    34.1891    27.4716    1447.07    1447.07    -0.4105  1027.7439    34.3543 0.0000e+00
      17300 326.574754  -62.22179  -58.37914     -0.725    1447.92     55.000     54.465    -0.4087    -0.4111    -0.0023    -0.4105    -0.4128    -0.0023   2.810714   2.810944   0.000226    34.1889    34.1946     7.5427    27.4714    27.4761    34.1890    27.4715    1447.06    1447.05    -0.4104  1027.7391    34.3542 0.0000e+00
      17331 326.574769  -62.22178  -58.37914     -0.767    1447.92     54.000     53.475    -0.4084    -0.4106    -0.0022    -0.4101    -0.4123    -0.0022   2.810699   2.810921   0.000217    34.1890    34.1943     7.5397    27.4714    27.4759    34.1891    27.4715    1447.04    1447.04    -0.4101  1027.7343    34.3543 0.0000e+00
      17363 326.574785  -62.22178  -58.37914     -0.763    1447.92     53.000     52.484    -0.4076    -0.4102    -0.0026    -0.4093    -0.4119    -0.0026   2.810725   2.810906   0.000178    34.1890    34.1943     7.5419    27.4714    27.4758    34.1892    27.4716    1447.03    1447.02    -0.4092  1027.7296    34.3544 0.0000e+00
      17398 326.574802  -62.22178  -58.37914     -0.698    1447.92     52.000     51.494    -0.4071    -0.4096    -0.0025    -0.4087    -0.4112    -0.0025   2.810716   2.810963   0.000243    34.1889    34.1950     7.5382    27.4713    27.4763    34.1890    27.4714    1447.01    1447.01    -0.4087  1027.7246    34.3542 0.0000e+00
      17434 326.574819  -62.22178  -58.37914     -0.653    1447.92     51.000     50.504    -0.4068    -0.4089    -0.0020    -0.4084    -0.4105    -0.0020   2.810689   2.810945   0.000251    34.1889    34.1946     7.5424    27.4713    27.4760    34.1890    27.4714    1447.00    1447.00    -0.4084  1027.7198    34.3542 0.0000e+00
      17470 326.574837  -62.22178  -58.37914     -0.662    1447.92     50.000     49.514    -0.4064    -0.4087    -0.0023    -0.4080    -0.4103    -0.0023   2.810679   2.810867   0.000190    34.1888    34.1940     7.5461    27.4712    27.4755    34.1890    27.4714    1446.99    1446.98    -0.4079  1027.7150    34.3542 0.0000e+00
      17503 326.574852  -62.22178  -58.37914     -0.718    1447.92     49.000     48.524    -0.4055    -0.4083    -0.0028    -0.4070    -0.4099    -0.0028   2.810697   2.810904   0.000206    34.1887    34.1947     7.5453    27.4711    27.4760    34.1888    27.4712    1446.97    1446.97    -0.4070  1027.7100    34.3540 0.0000e+00
      17534 326.574867  -62.22178  -58.37914     -0.773    1447.92     48.000     47.534    -0.4046    -0.4079    -0.0033    -0.4061    -0.4094    -0.0033   2.810714   2.810915   0.000199    34.1886    34.1950     7.5445    27.4709    27.4763    34.1887    27.4710    1446.96    1446.95    -0.4061  1027.7051    34.3538 0.0000e+00
      17564 326.574882  -62.22178  -58.37914     -0.796    1447.92     47.000     46.543    -0.4042    -0.4072    -0.0031    -0.4056    -0.4087    -0.0031   2.810699   2.810955   0.000255    34.1885    34.1954     7.5387    27.4708    27.4766    34.1886    27.4709    1446.95    1446.94    -0.4056  1027.7002    34.3537 0.0000e+00
      17596 326.574897  -62.22178  -58.37914     -0.764    1447.92     46.000     45.558    -0.4034    -0.4063    -0.0029    -0.4049    -0.4078    -0.0029   2.810683   2.810968   0.000283    34.1881    34.1951     7.5438    27.4705    27.4764    34.1882    27.4706    1446.93    1446.93    -0.4048  1027.6950    34.3533 0.0000e+00
      17630 326.574914  -62.22178  -58.37914     -0.710    1447.92     45.000     44.558    -0.4034    -0.4055    -0.0020    -0.4048    -0.4069    -0.0020   2.810624   2.810914   0.000287    34.1880    34.1941     7.5548    27.4704    27.4755    34.1880    27.4704    1446.92    1446.92    -0.4048  1027.6901    34.3531 0.0000e+00
      17664 326.574930  -62.22178  -58.37914     -0.698    1447.92     44.000     43.573    -0.4046    -0.4051    -0.0005    -0.4059    -0.4065    -0.0005   2.810447   2.810848   0.000384    34.1877    34.1934     7.5500    27.4702    27.4749    34.1875    27.4701    1446.90    1446.90    -0.4059  1027.6850    34.3526 0.0000e+00
      17697 326.574946  -62.22178  -58.37914     -0.729    1447.92     43.000     42.583    -0.4062    -0.4052     0.0011    -0.4076    -0.4065     0.0011   2.810206   2.810683   0.000468    34.1869    34.1920     7.5629    27.4697    27.4737    34.1868    27.4695    1446.87    1446.88    -0.4075  1027.6797    34.3518 0.0000e+00
      17729 326.574962  -62.22178  -58.37914     -0.738    1447.92     42.000     41.593    -0.4074    -0.4056     0.0018    -0.4087    -0.4069     0.0018   2.810058   2.810521   0.000457    34.1868    34.1910     7.5550    27.4697    27.4729    34.1868    27.4696    1446.85    1446.86    -0.4087  1027.6749    34.3518 0.0000e+00
      17764 326.574978  -62.22178  -58.37914     -0.697    1447.92     41.000     40.604    -0.4081    -0.4063     0.0018    -0.4094    -0.4076     0.0018   2.809949   2.810442   0.000481    34.1868    34.1912     7.5656    27.4697    27.4731    34.1867    27.4696    1446.83    1446.84    -0.4094  1027.6701    34.3517 0.0000e+00
      17799 326.574995  -62.22178  -58.37914     -0.688    1447.92     40.000     39.611    -0.4084    -0.4069     0.0015    -0.4097    -0.4081     0.0015   2.809871   2.810345   0.000475    34.1867    34.1913     7.5717    27.4696    27.4733    34.1866    27.4695    1446.81    1446.82    -0.4096  1027.6653    34.3516 0.0000e+00
      17830 326.575010  -62.22178  -58.37914     -0.743    1447.92     39.000     38.622    -0.4083    -0.4075     0.0008    -0.4095    -0.4087     0.0008   2.809842   2.810247   0.000404    34.1867    34.1913     7.5690    27.4696    27.4732    34.1866    27.4695    1446.80    1446.80    -0.4095  1027.6605    34.3517 0.0000e+00
      17860 326.575025  -62.22178  -58.37914     -0.789    1447.92     38.000     37.632    -0.4078    -0.4078     0.0001    -0.4090    -0.4089     0.0001   2.809828   2.810205   0.000378    34.1866    34.1916     7.5669    27.4695    27.4735    34.1866    27.4695    1446.78    1446.79    -0.4090  1027.6557    34.3516 0.0000e+00
      17891 326.575040  -62.22178  -58.37914     -0.788    1447.92     37.000     36.642    -0.4076    -0.4080    -0.0004    -0.4088    -0.4092    -0.0004   2.809784   2.810168   0.000385    34.1864    34.1920     7.5631    27.4693    27.4739    34.1864    27.4693    1446.77    1446.77    -0.4087  1027.6508    34.3515 0.0000e+00
      17925 326.575056  -62.22178 -9.990e-29     -0.732    1447.92     36.000     35.651    -0.4077    -0.4081    -0.0003    -0.4089    -0.4092    -0.0003   2.809689   2.810085   0.000394    34.1859    34.1916     7.5696    27.4689    27.4735    34.1858    27.4688    1446.75    1446.75    -0.4088  1027.6461    34.3515 0.0000e+00
      17960 326.575073  -62.22178 -9.990e-29     -0.686    1447.92     35.000     34.663    -0.4079    -0.4081    -0.0002    -0.4090    -0.4092    -0.0002   2.809619   2.810033   0.000417    34.1857    34.1916     7.5608    27.4688    27.4735    34.1857    27.4687    1446.73    1446.74    -0.4090  1027.6411    34.3514 0.0000e+00
      17995 326.575090  -62.22178 -9.990e-29     -0.682    1447.92     34.000     33.669    -0.4082    -0.4082 -4.092e-08    -0.4092    -0.4092 -4.092e-08   2.809514   2.809961   0.000442    34.1854    34.1913     7.5662    27.4685    27.4733    34.1852    27.4684    1446.71    1446.72    -0.4092  1027.6360    34.3509 0.0000e+00
      18029 326.575106  -62.22178 -9.990e-29     -0.698    1447.92     33.000     32.681    -0.4086    -0.4084     0.0003    -0.4097    -0.4094     0.0003   2.809378   2.809817   0.000440    34.1846    34.1902     7.5640    27.4679    27.4724    34.1844    27.4678    1446.69    1446.70    -0.4096  1027.6306    34.3501 0.0000e+00
      18062 326.575122  -62.22178 -9.990e-29     -0.726    1447.92     32.000     31.690    -0.4088    -0.4085     0.0003    -0.4098    -0.4095     0.0003   2.809301   2.809741   0.000437    34.1844    34.1899     7.5697    27.4677    27.4721    34.1843    27.4676    1446.68    1446.69    -0.4098  1027.6257    34.3499 0.0000e+00
      18093 326.575137  -62.22178  -58.37914     -0.761    1447.92     31.000     30.700    -0.4092    -0.4086     0.0006    -0.4102    -0.4095     0.0006   2.809198   2.809681   0.000481    34.1841    34.1898     7.5636    27.4675    27.4721    34.1840    27.4674    1446.66    1446.67    -0.4101  1027.6205    34.3495 0.0000e+00
      18125 326.575152  -62.22178  -58.37914     -0.757    1447.92     30.000     29.710    -0.4096    -0.4088     0.0008    -0.4105    -0.4097     0.0008   2.809125   2.809602   0.000477    34.1842    34.1896     7.5620    27.4676    27.4719    34.1841    27.4675    1446.64    1446.65    -0.4105  1027.6154    34.3490 0.0000e+00
      18160 326.575169  -62.22178  -58.37916     -0.703    1447.92     29.000     28.720    -0.4097    -0.4090     0.0007    -0.4106    -0.4099     0.0007   2.809086   2.809528   0.000441    34.1843    34.1895     7.5537    27.4677    27.4719    34.1842    27.4676    1446.62    1446.63    -0.4106  1027.6107    34.3491 0.0000e+00
      18197 326.575187  -62.22178  -58.37916     -0.657    1447.92     28.000     27.729    -0.4095    -0.4092     0.0004    -0.4104    -0.4100     0.0004   2.809041   2.809459   0.000419    34.1842    34.1894     7.5650    27.4676    27.4718    34.1841    27.4675    1446.61    1446.62    -0.4104  1027.6058    34.3490 0.0000e+00
