Pos-Processados/process_op38/operantar38_018b.ros
* Sea-Bird SBE 9 Data File:
* FileName = D:\OPERANTAR_XXXVIII\DADOS\OP38_018b.hdr
* Software Version Seasave V 7.18c
* Temperature SN = 4808
* Conductivity SN = 3380
* Number of Bytes Per Scan = 34
* Number of Voltage Words = 3
* Number of Scans Averaged by the Deck Unit = 1
* NMEA Latitude = 62 10.02 S
* NMEA Longitude = 058 22.53 W
* NMEA UTC (Time) = Nov 05 2019 18:22:12
** H41
** NAVIO POLAR ALMIRANTE MAXIMIANO
** CRUZEIRO:
** OPERANTAR XXXVIII
** ESTAÇÃO: OP38_018b
** LAT 62 10,01' S
** LONG 058 22,50' W
** 09P73767-1155_A
** PROFUNDIDADE: 440
** DATA/HORA: 051823Z/NOV/2019
** OPERADOR: SO-HN CHAVES
# nquan = 24
# nvalues = 1843                                  
# units = specified
# name 0 = scan: Scan Count
# name 1 = timeJ: Julian Days
# name 2 = latitude: Latitude [deg]
# name 3 = longitude: Longitude [deg]
# name 4 = dz/dtM: Descent Rate [m/s]
# name 5 = avgsvCM: Average Sound Velocity [Chen-Millero, m/s]
# name 6 = prDM: Pressure, Digiquartz [db]
# name 7 = depSM: Depth [salt water, m]
# name 8 = t090C: Temperature [ITS-90, deg C]
# name 9 = t190C: Temperature, 2 [ITS-90, deg C]
# name 10 = T2-T190C: Temperature Difference, 2 - 1 [ITS-90, deg C]
# name 11 = potemp090C: Potential Temperature [ITS-90, deg C]
# name 12 = potemp190C: Potential Temperature, 2 [ITS-90, deg C]
# name 13 = potemp90Cdiff: Potential Temperature, Diff, 2 - 1 [ITS-90, deg C]
# name 14 = c0S/m: Conductivity [S/m]
# name 15 = c1S/m: Conductivity, 2 [S/m]
# name 16 = C2-C1S/m: Conductivity Difference, 2 - 1 [S/m]
# name 17 = sal00: Salinity, Practical [PSU]
# name 18 = sal11: Salinity, Practical, 2 [PSU]
# name 19 = sbeox0ML/L: Oxygen, SBE 43 [ml/l]
# name 20 = sigma-é00: Density [sigma-theta, kg/m^3]
# name 21 = sigma-é11: Density, 2 [sigma-theta, kg/m^3]
# name 22 = nbf: Bottles Fired
# name 23 = flag:  0.000e+00
# interval = seconds: 0.0416667
# start_time = Nov 05 2019 18:22:12 [NMEA time, header]
# bad_flag = -9.990e-29
*END*
[from data line 1450]
       1896 309.766331  -62.16700  -58.37554     -0.084       0.00      1.976      1.957    -0.6234    -0.6248    -0.0014    -0.6234    -0.6249    -0.0014   2.785929   2.786313   0.000384    34.1303    34.1371     7.6206    27.4334    27.4390         10  0.000e+00
       1897 309.766331  -62.16700  -58.37554     -0.087       0.00      1.942      1.923    -0.6234    -0.6251    -0.0017    -0.6234    -0.6252    -0.0017   2.785929   2.786313   0.000384    34.1303    34.1375     7.6157    27.4334    27.4393         10  0.000e+00
       1898 309.766332  -62.16700  -58.37554     -0.091       0.00      1.921      1.903    -0.6234    -0.6244    -0.0010    -0.6234    -0.6244    -0.0010   2.785947   2.786290   0.000343    34.1306    34.1363     7.6204    27.4336    27.4383         10  0.000e+00
       1899 309.766332  -62.16700  -58.37554     -0.091       0.00      1.976      1.957    -0.6237    -0.6244    -0.0007    -0.6237    -0.6244    -0.0007   2.785935   2.786255   0.000320    34.1307    34.1358     7.6208    27.4338    27.4379         10  0.000e+00
       1900 309.766332  -62.16700  -58.37554     -0.094       0.00      1.921      1.903    -0.6235    -0.6245    -0.0010    -0.6235    -0.6245    -0.0010   2.785929   2.786272   0.000344    34.1304    34.1362     7.6158    27.4335    27.4383         10  0.000e+00
       1901 309.766333  -62.16700  -58.37554     -0.094       0.00      1.976      1.957    -0.6235    -0.6240    -0.0005    -0.6236    -0.6241    -0.0005   2.785947   2.786284   0.000337    34.1307    34.1358     7.6213    27.4338    27.4379         10  0.000e+00
       1902 309.766333  -62.16700  -58.37554     -0.096       0.00      1.921      1.903    -0.6235    -0.6244    -0.0008    -0.6236    -0.6244    -0.0008   2.785971   2.786232   0.000262    34.1311    34.1355     7.6164    27.4341    27.4377         10  0.000e+00
       1903 309.766334  -62.16700  -58.37554     -0.095       0.00      1.976      1.957    -0.6238    -0.6245    -0.0007    -0.6239    -0.6246    -0.0007   2.785911   2.786249   0.000339    34.1306    34.1359     7.6219    27.4337    27.4380         10  0.000e+00
       1904 309.766334  -62.16700  -58.37554     -0.094       0.00      1.976      1.957    -0.6237    -0.6248    -0.0011    -0.6237    -0.6249    -0.0011   2.785917   2.786221   0.000304    34.1305    34.1358     7.6229    27.4336    27.4380         10  0.000e+00
       1905 309.766335  -62.16700  -58.37554     -0.089       0.00      1.976      1.957    -0.6244    -0.6251    -0.0007    -0.6245    -0.6252    -0.0007   2.785863   2.786215   0.000352    34.1306    34.1361     7.6234    27.4337    27.4382         10  0.000e+00
       1906 309.766335  -62.16700  -58.37554     -0.086       0.00      1.976      1.957    -0.6246    -0.6251    -0.0005    -0.6247    -0.6252    -0.0005   2.785845   2.786209   0.000364    34.1306    34.1360     7.6236    27.4337    27.4381         10  0.000e+00
       1907 309.766336  -62.16700  -58.37554     -0.086       0.00      1.942      1.923    -0.6251    -0.6253    -0.0002    -0.6252    -0.6253    -0.0002   2.785827   2.786226   0.000400    34.1309    34.1365     7.6239    27.4340    27.4385         10  0.000e+00
       1908 309.766336  -62.16700  -58.37554     -0.077       0.00      2.024      2.004    -0.6252    -0.6248     0.0004    -0.6253    -0.6249     0.0004   2.785821   2.786221   0.000400    34.1309    34.1358     7.6242    27.4340    27.4379         10  0.000e+00
       1909 309.766337  -62.16700  -58.37554     -0.075       0.00      1.976      1.957    -0.6254    -0.6253     0.0001    -0.6255    -0.6253     0.0001   2.785803   2.786250   0.000446    34.1309    34.1368     7.6243    27.4340    27.4387         10  0.000e+00
       1910 309.766337  -62.16700  -58.37554     -0.068       0.00      1.976      1.957    -0.6255    -0.6253     0.0002    -0.6256    -0.6253     0.0002   2.785797   2.786221   0.000424    34.1309    34.1364     7.6201    27.4340    27.4384         10  0.000e+00
       1911 309.766338  -62.16700  -58.37554     -0.065       0.00      1.976      1.957    -0.6257    -0.6253     0.0004    -0.6257    -0.6253     0.0004   2.785755   2.786215   0.000460    34.1306    34.1363     7.6195    27.4337    27.4384         10  0.000e+00
       1912 309.766338  -62.16700  -58.37554     -0.059       0.00      2.024      2.004    -0.6254    -0.6257    -0.0003    -0.6255    -0.6258    -0.0003   2.785779   2.786129   0.000350    34.1305    34.1356     7.6248    27.4337    27.4378         10  0.000e+00
       1913 309.766339  -62.16700  -58.37554     -0.049       0.00      2.024      2.004    -0.6257    -0.6267    -0.0010    -0.6258    -0.6267    -0.0010   2.785773   2.786100   0.000327    34.1308    34.1363     7.6249    27.4339    27.4384         10  0.000e+00
       1914 309.766339  -62.16700  -58.37554     -0.042       0.00      2.024      2.004    -0.6257    -0.6270    -0.0013    -0.6258    -0.6270    -0.0013   2.785785   2.786083   0.000298    34.1309    34.1364     7.6250    27.4340    27.4385         10  0.000e+00
       1915 309.766340  -62.16700  -58.37554     -0.038       0.00      1.976      1.957    -0.6258    -0.6273    -0.0015    -0.6259    -0.6274    -0.0015   2.785797   2.786042   0.000245    34.1313    34.1363     7.6251    27.4343    27.4384         10  0.000e+00
       1916 309.766340  -62.16700  -58.37554     -0.027       0.00      2.072      2.052    -0.6256    -0.6268    -0.0012    -0.6256    -0.6269    -0.0012   2.785773   2.786042   0.000269    34.1306    34.1356     7.6252    27.4338    27.4379         10  0.000e+00
       1917 309.766341  -62.16700  -58.37554     -0.022       0.00      1.989      1.970    -0.6257    -0.6274    -0.0017    -0.6257    -0.6275    -0.0017   2.785767   2.786031   0.000264    34.1307    34.1362     7.6251    27.4339    27.4384         10  0.000e+00
       1918 309.766341  -62.16700  -58.37554     -0.012       0.00      2.072      2.052    -0.6260    -0.6284    -0.0023    -0.6261    -0.6284    -0.0023   2.785749   2.785956   0.000207    34.1308    34.1362     7.6252    27.4340    27.4384         10  0.000e+00
       1919 309.766342  -62.16700  -58.37554     -0.004       0.00      2.024      2.004    -0.6257    -0.6301    -0.0044    -0.6258    -0.6301    -0.0044   2.785719   2.785841   0.000122    34.1300    34.1366     7.6251    27.4333    27.4388         10  0.000e+00
       1920 309.766342  -62.16700  -58.37554      0.000       0.00      2.024      2.004    -0.6263    -0.6305    -0.0043    -0.6263    -0.6306    -0.0043   2.785731   2.785812   0.000081    34.1309    34.1368     7.6259    27.4340    27.4390         10  0.000e+00
       1921 309.766343  -62.16700  -58.37554      0.010       0.00      2.072      2.052    -0.6265    -0.6315    -0.0050    -0.6266    -0.6315    -0.0050   2.785719   2.785760   0.000041    34.1309    34.1371     7.6259    27.4341    27.4393         10  0.000e+00
       1922 309.766343  -62.16700  -58.37554      0.018       0.00      2.072      2.052    -0.6265    -0.6313    -0.0048    -0.6266    -0.6314    -0.0048   2.785695   2.785755   0.000059    34.1306    34.1369     7.6258    27.4338    27.4391         10  0.000e+00
       1923 309.766344  -62.16700  -58.37554      0.028       0.00      2.072      2.052    -0.6265    -0.6313    -0.0048    -0.6266    -0.6314    -0.0048   2.785707   2.785737   0.000030    34.1308    34.1366     7.6256    27.4339    27.4389         10  0.000e+00
       1924 309.766344  -62.16700  -58.37554      0.029       0.00      2.024      2.004    -0.6265    -0.6316    -0.0051    -0.6266    -0.6317    -0.0051   2.785731   2.785720  -0.000011    34.1311    34.1368     7.6253    27.4342    27.4390         10  0.000e+00
       1925 309.766345  -62.16700  -58.37554      0.039       0.00      2.072      2.052    -0.6266    -0.6321    -0.0055    -0.6267    -0.6321    -0.0055   2.785743   2.785686  -0.000057    34.1314    34.1368     7.6252    27.4344    27.4390         10  0.000e+00
       1926 309.766345  -62.16700  -58.37554      0.048       0.00      2.126      2.106    -0.6264    -0.6321    -0.0057    -0.6264    -0.6321    -0.0057   2.785761   2.785761 -6.285e-07    34.1313    34.1378     7.6249    27.4344    27.4398         10  0.000e+00
       1927 309.766345  -62.16700  -58.37554      0.053       0.00      2.044      2.025    -0.6263    -0.6313    -0.0050    -0.6264    -0.6314    -0.0050   2.785725   2.785835   0.000110    34.1308    34.1380     7.6246    27.4340    27.4400         10  0.000e+00
       1928 309.766346  -62.16700  -58.37554      0.060       0.00      2.126      2.106    -0.6262    -0.6310    -0.0049    -0.6262    -0.6311    -0.0049   2.785749   2.785899   0.000149    34.1309    34.1384     7.6243    27.4340    27.4403         10  0.000e+00
       1929 309.766346  -62.16700  -58.37554      0.066       0.00      2.072      2.052    -0.6259    -0.6296    -0.0038    -0.6259    -0.6297    -0.0038   2.785767   2.785996   0.000229    34.1309    34.1382     7.6238    27.4340    27.4401         10  0.000e+00
       1930 309.766347  -62.16700  -58.37554      0.073       0.00      2.126      2.106    -0.6262    -0.6288    -0.0027    -0.6262    -0.6289    -0.0027   2.785785   2.786031   0.000246    34.1314    34.1377     7.6243    27.4344    27.4397         10  0.000e+00
       1931 309.766347  -62.16700  -58.37554      0.075       0.00      2.072      2.052    -0.6261    -0.6278    -0.0017    -0.6262    -0.6278    -0.0017   2.785797   2.786065   0.000268    34.1315    34.1370     7.6247    27.4345    27.4390         10  0.000e+00
       1932 309.766348  -62.16700  -58.37554      0.081       0.00      2.126      2.106    -0.6259    -0.6267    -0.0008    -0.6259    -0.6267    -0.0008   2.785815   2.786134   0.000319    34.1315    34.1367     7.6251    27.4345    27.4387         10  0.000e+00
       1933 309.766348  -62.16700  -58.37554      0.087       0.00      2.126      2.106    -0.6256    -0.6262    -0.0006    -0.6256    -0.6263    -0.0006   2.785821   2.786204   0.000382    34.1312    34.1371     7.6246    27.4343    27.4391         10  0.000e+00
       1934 309.766349  -62.16700  -58.37554      0.092       0.00      2.126      2.106    -0.6254    -0.6265    -0.0011    -0.6255    -0.6266    -0.0011   2.785839   2.786209   0.000370    34.1313    34.1375     7.6242    27.4343    27.4394         10  0.000e+00
       1935 309.766349  -62.16700  -58.37554      0.097       0.00      2.126      2.106    -0.6251    -0.6264    -0.0013    -0.6252    -0.6264    -0.0013   2.785845   2.786186   0.000341    34.1310    34.1370     7.6245    27.4341    27.4390         10  0.000e+00
       1936 309.766350  -62.16700  -58.37554      0.099       0.00      2.126      2.106    -0.6247    -0.6259    -0.0012    -0.6248    -0.6260    -0.0012   2.785881   2.786180   0.000300    34.1311    34.1365     7.6239    27.4341    27.4385         10  0.000e+00
       1937 309.766350  -62.16700  -58.37554      0.104       0.00      2.140      2.119    -0.6237    -0.6261    -0.0024    -0.6237    -0.6261    -0.0024   2.785977   2.786129   0.000152    34.1312    34.1359     7.6181    27.4341    27.4381         10  0.000e+00
       1938 309.766351  -62.16700  -58.37554      0.110       0.00      2.174      2.153    -0.6231    -0.6262    -0.0031    -0.6231    -0.6263    -0.0031   2.786007   2.786146   0.000139    34.1309    34.1363     7.6219    27.4339    27.4384         10  0.000e+00
       1939 309.766351  -62.16700  -58.37554      0.110       0.00      2.126      2.106    -0.6229    -0.6262    -0.0033    -0.6230    -0.6263    -0.0033   2.786007   2.786175   0.000168    34.1307    34.1367     7.6213    27.4337    27.4388         10  0.000e+00
       1940 309.766352  -62.16700  -58.37554      0.115       0.00      2.174      2.153    -0.6229    -0.6267    -0.0038    -0.6230    -0.6267    -0.0038   2.785959   2.786129   0.000170    34.1300    34.1366     7.6217    27.4332    27.4387         10  0.000e+00
       1941 309.766352  -62.16700  -58.37554      0.120       0.00      2.174      2.153    -0.6232    -0.6265    -0.0033    -0.6233    -0.6266    -0.0033   2.785965   2.786123   0.000158    34.1305    34.1363     7.6220    27.4335    27.4384         11  0.000e+00
       1942 309.766353  -62.16700  -58.37554      0.119       0.00      2.126      2.106    -0.6235    -0.6261    -0.0025    -0.6236    -0.6261    -0.0025   2.785959   2.786146   0.000187    34.1308    34.1362     7.6163    27.4338    27.4383         11  0.000e+00
       1943 309.766353  -62.16700  -58.37554      0.123       0.00      2.174      2.153    -0.6235    -0.6264    -0.0028    -0.6236    -0.6264    -0.0028   2.785953   2.786163   0.000210    34.1307    34.1367     7.6158    27.4337    27.4387         11  0.000e+00
       1944 309.766354  -62.16700  -58.37554      0.123       0.00      2.174      2.153    -0.6234    -0.6265    -0.0031    -0.6234    -0.6266    -0.0031   2.785989   2.786134   0.000146    34.1310    34.1365     7.6145    27.4340    27.4386         11  0.000e+00
       1945 309.766354  -62.16700  -58.37554      0.123       0.00      2.126      2.106    -0.6231    -0.6265    -0.0034    -0.6231    -0.6266    -0.0034   2.786007   2.786146   0.000139    34.1309    34.1367     7.6191    27.4339    27.4387         11  0.000e+00
       1946 309.766355  -62.16700  -58.37554      0.126       0.00      2.222      2.201    -0.6230    -0.6270    -0.0040    -0.6231    -0.6271    -0.0040   2.786025   2.786123   0.000098    34.1310    34.1368     7.6186    27.4340    27.4389         11  0.000e+00
       1947 309.766355  -62.16700  -58.37554      0.122       0.00      2.140      2.119    -0.6229    -0.6268    -0.0039    -0.6230    -0.6269    -0.0039   2.786013   2.786048   0.000035    34.1308    34.1357     7.6188    27.4338    27.4379         11  0.000e+00
       1948 309.766356  -62.16700  -58.37554      0.123       0.00      2.174      2.153    -0.6231    -0.6278    -0.0047    -0.6231    -0.6278    -0.0047   2.785983   2.786042   0.000060    34.1306    34.1366     7.6191    27.4336    27.4387         11  0.000e+00
       1949 309.766356  -62.16700  -58.37554      0.121       0.00      2.174      2.153    -0.6234    -0.6276    -0.0042    -0.6234    -0.6277    -0.0042   2.785977   2.786060   0.000083    34.1308    34.1367     7.6186    27.4338    27.4388         11  0.000e+00
       1950 309.766357  -62.16700  -58.37554      0.121       0.00      2.174      2.153    -0.6235    -0.6282    -0.0047    -0.6236    -0.6283    -0.0047   2.785959   2.786071   0.000112    34.1308    34.1376     7.6138    27.4338    27.4395         11  0.000e+00
       1951 309.766357  -62.16700  -58.37554      0.117       0.00      2.174      2.153    -0.6238    -0.6271    -0.0033    -0.6238    -0.6272    -0.0033   2.785953   2.786134   0.000182    34.1309    34.1372     7.6125    27.4340    27.4392         11  0.000e+00
       1952 309.766358  -62.16700  -58.37554      0.116       0.00      2.174      2.153    -0.6238    -0.6267    -0.0028    -0.6239    -0.6267    -0.0028   2.785953   2.786094   0.000141    34.1310    34.1361     7.6120    27.4340    27.4383         11  0.000e+00
       1953 309.766358  -62.16700  -58.37554      0.115       0.00      2.174      2.153    -0.6240    -0.6261    -0.0020    -0.6241    -0.6261    -0.0020   2.785911   2.786146   0.000235    34.1306    34.1361     7.6167    27.4337    27.4382         11  0.000e+00
       1954 309.766359  -62.16700  -58.37554      0.116       0.00      2.222      2.201    -0.6240    -0.6253    -0.0013    -0.6241    -0.6254    -0.0013   2.785935   2.786198   0.000263    34.1309    34.1359     7.6170    27.4340    27.4381         11  0.000e+00
