Pos-Processados/process_op38/operantar38_007.cnv
* Sea-Bird SBE 9 Data File:
* FileName = D:\OPERANTAR_XXXVIII\DADOS\OP38_007.hdr
* Software Version Seasave V 7.18c
* Temperature SN = 4808
* Conductivity SN = 3380
* Number of Bytes Per Scan = 31
* Number of Voltage Words = 2
* Number of Scans Averaged by the Deck Unit = 1
* NMEA Latitude = 44 52.70 S
* NMEA Longitude = 051 46.25 W
* NMEA UTC (Time) = Oct 19 2019 21:28:45
** H41
** NAVIO POLAR ALMIRANTE MAXIMIANO
** CRUZEIRO:
** OPERANTAR XXXVIII
** ESTAÇÃO: OP38_007
** LAT 44 52,70' S
** LONG 051 46,27' W
** 09P73767-1155
** PROFUNDIDADE: 5881
** DATA/HORA: 192130Z/OUT/2019
** OPERADOR: SO-HN CHAVES
# nquan = 30
# nvalues = 2139                        
# units = specified
# name 0 = scan: Scan Count
# name 1 = timeJ: Julian Days
# name 2 = latitude: Latitude [deg]
# name 3 = longitude: Longitude [deg]
# name 4 = dz/dtM: Descent Rate [m/s]
# name 5 = avgsvCM: Average Sound Velocity [Chen-Millero, m/s]
# name 6 = prDM: Pressure, Digiquartz [db]
# name 7 = depSM: Depth [salt water, m]
# name 8 = t090C: Temperature [ITS-90, deg C]
# name 9 = t190C: Temperature, 2 [ITS-90, deg C]
# name 10 = T2-T190C: Temperature Difference, 2 - 1 [ITS-90, deg C]
# name 11 = potemp090C: Potential Temperature [ITS-90, deg C]
# name 12 = potemp190C: Potential Temperature, 2 [ITS-90, deg C]
# name 13 = potemp90Cdiff: Potential Temperature, Diff, 2 - 1 [ITS-90, deg C]
# name 14 = c0S/m: Conductivity [S/m]
# name 15 = c1S/m: Conductivity, 2 [S/m]
# name 16 = C2-C1S/m: Conductivity Difference, 2 - 1 [S/m]
# name 17 = sal00: Salinity, Practical [PSU]
# name 18 = sal11: Salinity, Practical, 2 [PSU]
# name 19 = sbeox0ML/L: Oxygen, SBE 43 [ml/l]
# name 20 = sigma-é00: Density [sigma-theta, kg/m^3]
# name 21 = sigma-é11: Density, 2 [sigma-theta, kg/m^3]
# name 22 = sal00: Salinity, Practical [PSU]
# name 23 = sigma-é00: Density [sigma-theta, kg/m^3]
# name 24 = svCM: Sound Velocity [Chen-Millero, m/s]
# name 25 = svCM1: Sound Velocity, 2 [Chen-Millero, m/s]
# name 26 = gsw_ptA0: potential temperature [ITS-90, deg C]
# name 27 = gsw_densityA0: density, TEOS-10 [density, kg/m^3]
# name 28 = gsw_saA0: Absolute Salinity [g/kg]
# name 29 = flag:
# span 0 =       1755,      69557       
# span 1 = 292.895811, 292.928509       
# span 2 =  -44.87836,  -44.87830       
# span 3 =  -51.77098,  -51.77090       
# span 4 =     -1.749,      1.526       
# span 5 =       0.00,    1507.37       
# span 6 =      3.000,   1072.000       
# span 7 =      2.987,   1060.568       
# span 8 =     2.7695,     9.7519       
# span 9 =     2.7703,     9.7533       
# span 10 =    -0.1467,     0.0490      
# span 11 =     2.7056,     9.7514      
# span 12 =     2.7063,     9.7523      
# span 13 =    -0.1466,     0.0487      
# span 14 =   3.131096,   3.750973      
# span 15 =   3.131612,   3.751782      
# span 16 =  -0.014045,   0.005064      
# span 17 =    34.0959,    34.6418      
# span 18 =    34.1009,    34.6478      
# span 19 =     4.0736,     6.5747      
# span 20 =    26.7079,    27.4704      
# span 21 =    26.7125,    27.4746      
# span 22 =    34.0929,    34.6428      
# span 23 =    26.7079,    27.4702      
# span 24 =    1470.89,    1488.67      
# span 25 =    1470.90,    1488.66      
# span 26 =     2.7055,     9.7514      
# span 27 =  1026.7279,  1032.4372      
# span 28 =    34.2543,    34.8064      
# span 29 = 0.0000e+00, 0.0000e+00      
# interval = decibars: 1                
# start_time = Oct 19 2019 21:28:45 [NMEA time, header]
# bad_flag = -9.990e-29
*END*
[from data line 2031]
      56873 292.922392  -44.87832  -51.77093     -0.964    1474.80    110.000    109.079     8.4764     8.3698    -0.1066     8.4650     8.3585    -0.1065   3.630137   3.617117  -0.011975    34.4989    34.4763     6.2404    26.8096    26.8083    34.5703    26.8657    1485.54    1485.10     8.4649  1027.3670    34.7338 0.0000e+00
      56898 292.922404  -44.87833  -51.77092     -0.971    1474.80    109.000    108.088     8.8874     8.7456    -0.1418     8.8758     8.7341    -0.1417   3.670943   3.657984  -0.014045    34.5435    34.5339     6.2083    26.7804    26.7952    34.5996    26.8243    1487.08    1486.56     8.8757  1027.3203    34.7631 0.0000e+00
      56927 292.922418  -44.87834  -51.77092     -0.886    1474.80    108.000    107.099     9.1147     9.0170    -0.0977     9.1030     9.0053    -0.0976   3.694742   3.684200  -0.010474    34.5770    34.5624     6.2170    26.7703    26.7746    34.6279    26.8102    1487.94    1487.56     9.1030  1027.3012    34.7916 0.0000e+00
      56979 292.922443  -44.87834  -51.77092     -0.466    1474.80    107.000    106.105     9.2969     9.2663    -0.0306     9.2852     9.2546    -0.0306   3.712861   3.710447  -0.002680    34.6051    34.6068     6.1400    26.7628    26.7691    34.6403    26.7903    1488.61    1488.50     9.2851  1027.2764    34.8040 0.0000e+00
      57040 292.922473  -44.87834  -51.77093     -0.388    1474.80    106.000    105.114     9.3221     9.3062    -0.0158     9.3104     9.2946    -0.0158   3.714608   3.713746  -0.001015    34.6124    34.6172     6.1372    26.7644    26.7707    34.6345    26.7817    1488.67    1488.62     9.3104  1027.2632    34.7982 0.0000e+00
      57065 292.922484  -44.87834  -51.77094     -0.761    1474.80    105.000    104.122     9.3043     9.3086     0.0042     9.2928     9.2971     0.0042   3.712532   3.713920   0.001202    34.6114    34.6198     6.1553    26.7665    26.7724    34.6306    26.7815    1488.59    1488.62     9.2928  1027.2585    34.7943 0.0000e+00
      57085 292.922494  -44.87834  -51.77094     -1.046    1474.80    104.000    103.131     9.3078     9.3068    -0.0010     9.2964     9.2954    -0.0010   3.712882   3.713406   0.000460    34.6139    34.6197     6.1572    26.7679    26.7726    34.6313    26.7815    1488.59    1488.59     9.2963  1027.2540    34.7950 0.0000e+00
      57106 292.922504  -44.87834  -51.77094     -1.169    1474.80    103.000    102.139     9.3074     9.3076     0.0002     9.2961     9.2963     0.0002   3.712511   3.713303   0.000673    34.6135    34.6203     6.1517    26.7676    26.7728    34.6283    26.7792    1488.56    1488.58     9.2961  1027.2472    34.7920 0.0000e+00
      57132 292.922517  -44.87834  -51.77092     -1.040    1474.80    102.000    101.148     9.3050     9.3021    -0.0030     9.2938     9.2909    -0.0030   3.711954   3.712518   0.000491    34.6126    34.6205     6.1513    26.7673    26.7740    34.6253    26.7772    1488.54    1488.54     9.2938  1027.2407    34.7889 0.0000e+00
      57166 292.922533  -44.87834  -51.77092     -0.741    1474.80    101.000    100.157     9.3054     9.3039    -0.0014     9.2943     9.2928    -0.0014   3.711713   3.712356   0.000577    34.6124    34.6197     6.1640    26.7670    26.7730    34.6229    26.7753    1488.52    1488.52     9.2942  1027.2343    34.7866 0.0000e+00
      57204 292.922552  -44.87834  -51.77092     -0.631    1474.80    100.000     99.165     9.3059     9.3042    -0.0016     9.2949     9.2932    -0.0016   3.711590   3.712182   0.000530    34.6133    34.6204     6.1784    26.7676    26.7735    34.6216    26.7742    1488.50    1488.50     9.2949  1027.2286    34.7853 0.0000e+00
      57259 292.922578  -44.87834  -51.77092     -0.428    1474.80     99.000     98.177     9.3072     9.3064    -0.0008     9.2963     9.2955    -0.0008   3.711592   3.712238   0.000601    34.6146    34.6216     6.1861    26.7684    26.7741    34.6208    26.7733    1488.49    1488.49     9.2963  1027.2233    34.7845 0.0000e+00
      57312 292.922604  -44.87834  -51.77094     -0.430    1474.80     98.000     97.182     9.3078     9.3064    -0.0014     9.2971     9.2956    -0.0014   3.711493   3.712101   0.000568    34.6154    34.6227     6.1950    26.7689    26.7749    34.6197    26.7723    1488.47    1488.48     9.2970  1027.2177    34.7833 0.0000e+00
      57332 292.922613  -44.87834  -51.77094     -0.853    1474.80     97.000     96.191     9.3053     9.3053     0.0000     9.2947     9.2947     0.0000   3.711214   3.711948   0.000701    34.6159    34.6231     6.1999    26.7697    26.7753    34.6197    26.7727    1488.45    1488.46     9.2946  1027.2136    34.7833 0.0000e+00
      57350 292.922622  -44.87834  -51.77094     -1.172    1474.80     96.000     95.199     9.3048     9.3060     0.0011     9.2942     9.2954     0.0011   3.711113   3.711937   0.000790    34.6161    34.6232     6.2023    26.7700    26.7753    34.6196    26.7727    1488.43    1488.44     9.2942  1027.2091    34.7832 0.0000e+00
      57367 292.922630  -44.87832  -51.77094     -1.361    1474.80     95.000     94.208     9.3050     9.3054     0.0004     9.2946     9.2950     0.0004   3.711079   3.711787   0.000705    34.6164    34.6233     6.2123    26.7701    26.7755    34.6195    26.7725    1488.41    1488.42     9.2946  1027.2044    34.7831 0.0000e+00
      57391 292.922642  -44.87832  -51.77094     -1.208    1474.80     94.000     93.217     9.3030     9.3032     0.0002     9.2927     9.2929     0.0002   3.710688   3.711447   0.000722    34.6156    34.6229     6.2193    26.7698    26.7755    34.6179    26.7716    1488.39    1488.40     9.2927  1027.1989    34.7815 0.0000e+00
      57443 292.922667  -44.87834  -51.77094     -0.453    1474.80     93.000     92.225     9.2976     9.2976    -0.0001     9.2874     9.2874    -0.0001   3.709998   3.710705   0.000699    34.6146    34.6219     6.2137    26.7699    26.7756    34.6163    26.7712    1488.35    1488.36     9.2874  1027.1941    34.7799 0.0000e+00
      57494 292.922691  -44.87834  -51.77094     -0.486    1474.80     92.000     91.234     9.2943     9.2942    -0.0002     9.2843     9.2840    -0.0002   3.709548   3.710240   0.000677    34.6143    34.6215     6.2156    26.7702    26.7759    34.6153    26.7710    1488.32    1488.33     9.2842  1027.1893    34.7789 0.0000e+00
      57525 292.922706  -44.87834  -51.77094     -0.726    1474.80     91.000     90.242     9.2897     9.2910     0.0013     9.2797     9.2811     0.0013   3.708976   3.709866   0.000871    34.6137    34.6215     6.2174    26.7704    26.7763    34.6143    26.7709    1488.28    1488.30     9.2797  1027.1848    34.7779 0.0000e+00
      57555 292.922721  -44.87834  -51.77094     -0.789    1474.80     90.000     89.251     9.2865     9.2879     0.0014     9.2767     9.2781     0.0014   3.708583   3.709435   0.000852    34.6132    34.6207     6.2161    26.7706    26.7762    34.6138    26.7710    1488.26    1488.27     9.2767  1027.1804    34.7774 0.0000e+00
      57589 292.922737  -44.87834  -51.77094     -0.733    1474.80     89.000     88.259     9.2851     9.2849    -0.0002     9.2753     9.2751    -0.0002   3.708360   3.709050   0.000684    34.6130    34.6203     6.2305    26.7706    26.7763    34.6134    26.7709    1488.23    1488.24     9.2753  1027.1757    34.7769 0.0000e+00
      57621 292.922753  -44.87834  -51.77094     -0.734    1474.80     88.000     87.268     9.2841     9.2836    -0.0004     9.2744     9.2740    -0.0004   3.708231   3.708867   0.000637    34.6131    34.6202     6.2315    26.7709    26.7764    34.6135    26.7711    1488.21    1488.22     9.2744  1027.1714    34.7770 0.0000e+00
      57648 292.922766  -44.87834  -51.77094     -0.825    1474.80     87.000     86.277     9.2830     9.2829    -0.0000     9.2734     9.2734    -0.0000   3.708055   3.708754   0.000688    34.6130    34.6202     6.2350    26.7709    26.7766    34.6132    26.7710    1488.19    1488.20     9.2734  1027.1668    34.7767 0.0000e+00
      57675 292.922779  -44.87834  -51.77094     -0.902    1474.80     86.000     85.285     9.2805     9.2812     0.0007     9.2711     9.2717     0.0007   3.707708   3.708476   0.000760    34.6125    34.6197     6.2480    26.7709    26.7764    34.6124    26.7709    1488.17    1488.18     9.2710  1027.1621    34.7760 0.0000e+00
      57710 292.922795  -44.87834  -51.77094     -0.752    1474.80     85.000     84.296     9.2790     9.2789    -0.0001     9.2697     9.2696    -0.0001   3.707503   3.708171   0.000672    34.6121    34.6192     6.2426    26.7708    26.7764    34.6122    26.7709    1488.14    1488.15     9.2697  1027.1577    34.7757 0.0000e+00
      57756 292.922818  -44.87834  -51.77094     -0.495    1474.80     84.000     83.299     9.2791     9.2783    -0.0007     9.2698     9.2691    -0.0007   3.707468   3.708070   0.000601    34.6122    34.6192     6.2424    26.7709    26.7764    34.6122    26.7709    1488.13    1488.13     9.2699  1027.1532    34.7758 0.0000e+00
      57788 292.922833  -44.87834  -51.77094     -0.674    1474.80     83.000     82.311     9.2778     9.2776    -0.0002     9.2687     9.2685    -0.0002   3.707265   3.707949   0.000679    34.6120    34.6192     6.2255    26.7709    26.7766    34.6119    26.7708    1488.11    1488.11     9.2687  1027.1485    34.7754 0.0000e+00
      57813 292.922845  -44.87834  -51.77094     -0.903    1474.80     82.000     81.319     9.2768     9.2768     0.0001     9.2678     9.2678     0.0001   3.707153   3.707817   0.000664    34.6121    34.6190     6.2255    26.7711    26.7765    34.6121    26.7711    1488.09    1488.09     9.2678  1027.1444    34.7757 0.0000e+00
      57840 292.922858  -44.87834  -51.77094     -0.936    1474.80     81.000     80.327     9.2786     9.2769    -0.0016     9.2697     9.2681    -0.0016   3.707335   3.707806   0.000489    34.6124    34.6191     6.2433    26.7711    26.7766    34.6127    26.7713    1488.08    1488.08     9.2697  1027.1400    34.7763 0.0000e+00
      57882 292.922879  -44.87834  -51.77094     -0.593    1474.80     80.000     79.336     9.2861     9.2844    -0.0017     9.2773     9.2756    -0.0017   3.708073   3.708545   0.000469    34.6132    34.6197     6.2442    26.7704    26.7758    34.6136    26.7708    1488.09    1488.09     9.2773  1027.1349    34.7772 0.0000e+00
      57929 292.922901  -44.87834  -51.77094     -0.499    1474.80     79.000     78.345     9.2879     9.2864    -0.0016     9.2793     9.2777    -0.0016   3.708217   3.708708   0.000494    34.6135    34.6202     6.2554    26.7704    26.7758    34.6138    26.7706    1488.08    1488.08     9.2792  1027.1302    34.7773 0.0000e+00
      57959 292.922916  -44.87834  -51.77094     -0.730    1474.80     78.000     77.353     9.2881     9.2868    -0.0013     9.2796     9.2783    -0.0013   3.708213   3.708733   0.000517    34.6139    34.6205     6.2664    26.7706    26.7760    34.6140    26.7707    1488.06    1488.07     9.2796  1027.1259    34.7776 0.0000e+00
      57987 292.922929  -44.87834  -51.77094     -0.845    1474.80     77.000     76.361     9.2895     9.2878    -0.0016     9.2810     9.2794    -0.0016   3.708394   3.708813   0.000450    34.6145    34.6207     6.2556    26.7708    26.7760    34.6151    26.7713    1488.05    1488.06     9.2810  1027.1219    34.7786 0.0000e+00
      58014 292.922942  -44.87834  -51.77094     -0.871    1474.80     76.000     75.370     9.2943     9.2905    -0.0038     9.2860     9.2821    -0.0038   3.708840   3.709115   0.000270    34.6150    34.6216     6.2581    26.7704    26.7762    34.6155    26.7708    1488.06    1488.05     9.2860  1027.1169    34.7790 0.0000e+00
      58040 292.922955  -44.87834  -51.77094     -0.902    1474.80     75.000     74.379     9.2984     9.2951    -0.0033     9.2902     9.2869    -0.0033   3.709263   3.709579   0.000306    34.6157    34.6221     6.2604    26.7703    26.7758    34.6164    26.7708    1488.06    1488.05     9.2902  1027.1124    34.7799 0.0000e+00
      58067 292.922968  -44.87834  -51.77094     -0.917    1474.80     74.000     73.387     9.3083     9.3019    -0.0063     9.3001     9.2938    -0.0063   3.710402   3.710257  -0.000060    34.6173    34.6228     6.2625    26.7699    26.7752    34.6191    26.7713    1488.08    1488.06     9.3001  1027.1084    34.7827 0.0000e+00
      58104 292.922986  -44.87834  -51.77094     -0.699    1474.80     73.000     72.396     9.3442     9.3329    -0.0114     9.3362     9.3248    -0.0114   3.714221   3.713663  -0.000559    34.6215    34.6267     6.2716    26.7673    26.7732    34.6244    26.7696    1488.20    1488.17     9.3362  1027.1020    34.7880 0.0000e+00
      58168 292.923016  -44.87834  -51.77094     -0.329    1474.80     72.000     71.404     9.3656     9.3637    -0.0020     9.3577     9.3557    -0.0020   3.716114   3.716593   0.000461    34.6224    34.6291     6.2639    26.7645    26.7700    34.6238    26.7656    1488.26    1488.26     9.3577  1027.0935    34.7874 0.0000e+00
      58212 292.923038  -44.87834  -51.77094     -0.540    1474.80     71.000     70.412     9.3691     9.3674    -0.0017     9.3613     9.3596    -0.0017   3.716492   3.716931   0.000454    34.6232    34.6296     6.2411    26.7645    26.7698    34.6248    26.7658    1488.26    1488.26     9.3613  1027.0892    34.7884 0.0000e+00
      58244 292.923053  -44.87834  -51.77095     -0.737    1474.80     70.000     69.421     9.3760     9.3689    -0.0071     9.3682     9.3612    -0.0071   3.717144   3.717045  -0.000086    34.6238    34.6298     6.2354    26.7639    26.7697    34.6254    26.7651    1488.27    1488.25     9.3683  1027.0840    34.7890 0.0000e+00
      58280 292.923070  -44.87834  -51.77096     -0.690    1474.80     69.000     68.432     9.3843     9.3791    -0.0051     9.3766     9.3715    -0.0051   3.717953   3.718046   0.000099    34.6247    34.6306     6.2469    26.7632    26.7687    34.6263    26.7644    1488.28    1488.27     9.3766  1027.0788    34.7898 0.0000e+00
      58367 292.923113  -44.87834  -51.77095     -0.267    1474.80     68.000     67.437     9.4001     9.3996    -0.0005     9.3926     9.3921    -0.0005   3.719535   3.720117   0.000564    34.6265    34.6329     6.2322    26.7620    26.7670    34.6278    26.7630    1488.32    1488.33     9.3925  1027.0728    34.7914 0.0000e+00
      58507 292.923180  -44.87834  -51.77096     -0.319    1474.80     67.000     66.441     9.4061     9.4062     0.0001     9.3987     9.3988     0.0001   3.720059   3.720689   0.000631    34.6273    34.6338     6.2369    26.7616    26.7667    34.6279    26.7620    1488.33    1488.34     9.3987  1027.0673    34.7914 0.0000e+00
      58538 292.923195  -44.87834  -51.77096     -0.656    1474.80     66.000     65.454     9.4075     9.4061    -0.0014     9.4002     9.3988    -0.0014   3.720182   3.720664   0.000488    34.6276    34.6340     6.2405    26.7616    26.7669    34.6283    26.7621    1488.32    1488.32     9.4002  1027.0629    34.7918 0.0000e+00
      58646 292.923247  -44.87834  -51.77095     -0.534    1474.80     65.000     64.450     9.4117     9.4116    -0.0001     9.4045     9.4044    -0.0001   3.720596   3.721201   0.000597    34.6283    34.6346     6.2481    26.7614    26.7663    34.6290    26.7620    1488.32    1488.33     9.4045  1027.0582    34.7925 0.0000e+00
      58788 292.923315  -44.87834  -51.77096     -0.621    1474.80     64.000     63.471     9.4215     9.4213    -0.0002     9.4145     9.4142    -0.0002   3.721647   3.722214   0.000580    34.6299    34.6361     6.2480    26.7610    26.7659    34.6308    26.7618    1488.34    1488.35     9.4145  1027.0535    34.7944 0.0000e+00
