Pos-Processados/process_op38/operantar38_010.cnv
* Sea-Bird SBE 9 Data File:
* FileName = D:\OPERANTAR_XXXVIII\DADOS\OP38_010.hdr
* Software Version Seasave V 7.18c
* Temperature SN = 4808
* Conductivity SN = 3380
* Number of Bytes Per Scan = 31
* Number of Voltage Words = 2
* Number of Scans Averaged by the Deck Unit = 1
* NMEA Latitude = 43 58.12 S
* NMEA Longitude = 053 08.81 W
* NMEA UTC (Time) = Oct 20 2019 12:04:22
** H41
** NAVIO POLAR ALMIRANTE MAXIMIANO
** CRUZEIRO:
** OPERANTAR XXXVIII
** ESTAÇÃO: OP38_010
** LAT 43 58,10'S
** LONG 053 08,81'W
** 09P73767-1155
** PROFUNDIDADE: 5740
** DATA/HORA: 201205Z/OUT/19
** OPERADOR: SO-HN CHAVES
# nquan = 32
# nvalues = 2114                        
# units = specified
# name 0 = scan: Scan Count
# name 1 = timeJ: Julian Days
# name 2 = latitude: Latitude [deg]
# name 3 = longitude: Longitude [deg]
# name 4 = dz/dtM: Descent Rate [m/s]
# name 5 = avgsvCM: Average Sound Velocity [Chen-Millero, m/s]
# name 6 = prDM: Pressure, Digiquartz [db]
# name 7 = depSM: Depth [salt water, m]
# name 8 = t090C: Temperature [ITS-90, deg C]
# name 9 = t190C: Temperature, 2 [ITS-90, deg C]
# name 10 = T2-T190C: Temperature Difference, 2 - 1 [ITS-90, deg C]
# name 11 = potemp090C: Potential Temperature [ITS-90, deg C]
# name 12 = potemp190C: Potential Temperature, 2 [ITS-90, deg C]
# name 13 = potemp90Cdiff: Potential Temperature, Diff, 2 - 1 [ITS-90, deg C]
# name 14 = c0S/m: Conductivity [S/m]
# name 15 = c1S/m: Conductivity, 2 [S/m]
# name 16 = C2-C1S/m: Conductivity Difference, 2 - 1 [S/m]
# name 17 = sal00: Salinity, Practical [PSU]
# name 18 = sal11: Salinity, Practical, 2 [PSU]
# name 19 = sbeox0ML/L: Oxygen, SBE 43 [ml/l]
# name 20 = sbeox1ML/L: Oxygen, SBE 43, 2 [ml/l]
# name 21 = sbeox0ML/Ldiff: Oxygen, SBE 43, Diff, 2 - 1 [ml/l]
# name 22 = sigma-é00: Density [sigma-theta, kg/m^3]
# name 23 = sigma-é11: Density, 2 [sigma-theta, kg/m^3]
# name 24 = sal00: Salinity, Practical [PSU]
# name 25 = sigma-é00: Density [sigma-theta, kg/m^3]
# name 26 = svCM: Sound Velocity [Chen-Millero, m/s]
# name 27 = svCM1: Sound Velocity, 2 [Chen-Millero, m/s]
# name 28 = gsw_ptA0: potential temperature [ITS-90, deg C]
# name 29 = gsw_densityA0: density, TEOS-10 [density, kg/m^3]
# name 30 = gsw_saA0: Absolute Salinity [g/kg]
# name 31 = flag:
# span 0 =       2352,      69201       
# span 1 = 293.504166, 293.536404       
# span 2 =  -43.98455,  -43.96866       
# span 3 =  -53.14692,  -53.14225       
# span 4 =     -1.437,      1.453       
# span 5 =       0.00,    1508.42       
# span 6 =      2.000,   1059.000       
# span 7 =      2.030,   1047.827       
# span 8 =     3.7707,    14.2396       
# span 9 =     3.7720,    14.2437       
# span 10 =    -0.0510,     0.0271      
# span 11 =     3.6925,    14.2391      
# span 12 =     3.6937,    14.2432      
# span 13 =    -0.0508,     0.0269      
# span 14 =   3.216257,   4.299378      
# span 15 =   3.216731,   4.300119      
# span 16 =  -0.004643,   0.002914      
# span 17 =    34.1926,    35.6751      
# span 18 =    34.1978,    35.6808      
# span 19 =     4.8076,     5.8359      
# span 20 =     4.5977,     5.5663      
# span 21 =    -0.3055,    -0.1587      
# span 22 =    26.6565,    27.1971      
# span 23 =    26.6597,    27.2003      
# span 24 =    34.1902,    35.6743      
# span 25 =    26.6567,    27.1968      
# span 26 =    1481.80,    1511.03      
# span 27 =    1481.82,    1511.04      
# span 28 =     3.6923,    14.2391      
# span 29 =  1026.6710,  1032.0808      
# span 30 =    34.3548,    35.8431      
# span 31 = 0.0000e+00, 0.0000e+00      
# interval = decibars: 1                
# start_time = Oct 20 2019 12:04:22 [NMEA time, header]
# bad_flag = -9.990e-29
*END*
       2352 293.504166  -43.96866  -53.14692     -0.166       0.00      3.000      2.971    14.2095    14.2084    -0.0011    14.2091    14.2080    -0.0011   4.286591   4.287206   0.000520    35.6719    35.6778     5.3713     5.0927    -0.2787    26.6621    26.6670    35.6718    26.6621    1504.98    1504.99    14.2091  1026.6793    35.8403 0.0000e+00
       3495 293.504717  -43.96866  -53.14688      0.185       0.00      4.000      3.973    14.2003    14.2013     0.0011    14.1997    14.2007     0.0011   4.285562   4.286331   0.000760    35.6707    35.6768     5.3720     5.1018    -0.2702    26.6632    26.6677    35.6704    26.6629    1504.98    1504.99    14.1997  1026.6846    35.8388 0.0000e+00
       3587 293.504762  -43.96866  -53.14688      0.414       0.00      5.000      4.958    14.1988    14.1990     0.0002    14.1981    14.1983     0.0002   4.285501   4.286178   0.000701    35.6707    35.6770     5.3799     5.1119    -0.2680    26.6635    26.6684    35.6707    26.6636    1504.99    1505.00    14.1981  1026.6897    35.8392 0.0000e+00
       3663 293.504799  -43.96866  -53.14688      0.319       0.00      6.000      5.954    14.2022    14.2016    -0.0006    14.2013    14.2007    -0.0006   4.285883   4.286501   0.000614    35.6707    35.6770     5.3861     5.1184    -0.2677    26.6628    26.6678    35.6707    26.6628    1505.02    1505.02    14.2013  1026.6934    35.8391 0.0000e+00
       3726 293.504829  -43.96866  -53.14689      0.400       0.00      7.000      6.944    14.2025    14.2026     0.0000    14.2015    14.2015     0.0000   4.285950   4.286646   0.000693    35.6706    35.6771     5.3836     5.1160    -0.2676    26.6627    26.6677    35.6706    26.6627    1505.03    1505.04    14.2015  1026.6977    35.8390 0.0000e+00
       3764 293.504847  -43.96866  -53.14690      0.597       0.00      8.000      7.936    14.2004    14.2007     0.0003    14.1992    14.1995     0.0003   4.285796   4.286499   0.000705    35.6709    35.6772     5.3794     5.1185    -0.2610    26.6634    26.6682    35.6707    26.6633    1505.04    1505.05    14.1992  1026.7027    35.8392 0.0000e+00
       3808 293.504868  -43.96866  -53.14688      0.560       0.00      9.000      8.928    14.1990    14.1992     0.0002    14.1977    14.1979     0.0002   4.285705   4.286393   0.000687    35.6708    35.6770     5.3874     5.1093    -0.2781    26.6637    26.6684    35.6708    26.6637    1505.05    1505.06    14.1977  1026.7074    35.8392 0.0000e+00
       3859 293.504893  -43.96866  -53.14688      0.469       0.00     10.000      9.919    14.1994    14.1997     0.0004    14.1979    14.1983     0.0004   4.285802   4.286491   0.000690    35.6709    35.6770     5.3811     5.1193    -0.2618    26.6637    26.6683    35.6709    26.6637    1505.07    1505.08    14.1979  1026.7119    35.8393 0.0000e+00
       3911 293.504918  -43.96866  -53.14688      0.465 2.0003e-08     11.000     10.911    14.1999    14.2004     0.0005    14.1983    14.1988     0.0005   4.285901   4.286595   0.000693    35.6709    35.6769     5.3830     5.1227    -0.2603    26.6636    26.6681    35.6709    26.6636    1505.09    1505.10    14.1983  1026.7162    35.8393 0.0000e+00
       3967 293.504945  -43.96866  -53.14688      0.422       0.08     12.000     11.903    14.2001    14.2008     0.0006    14.1984    14.1990     0.0006   4.285991   4.286675   0.000681    35.6711    35.6769     5.3806     5.1120    -0.2686    26.6638    26.6681    35.6711    26.6638    1505.11    1505.12    14.1984  1026.7208    35.8395 0.0000e+00
       4023 293.504972  -43.96866  -53.14688      0.426      -0.00     13.000     12.897    14.1960    14.1968     0.0008    14.1941    14.1949     0.0008   4.285641   4.286347   0.000705    35.6715    35.6773     5.3810     5.1109    -0.2701    26.6650    26.6693    35.6712    26.6648    1505.11    1505.12    14.1941  1026.7262    35.8397 0.0000e+00
       4063 293.504991  -43.96866  -53.14688      0.595       0.06     14.000     13.887    14.1961    14.1969     0.0009    14.1940    14.1949     0.0009   4.285707   4.286430   0.000721    35.6714    35.6773     5.3758     5.1249    -0.2509    26.6650    26.6693    35.6714    26.6649    1505.13    1505.14    14.1940  1026.7308    35.8398 0.0000e+00
       4110 293.505014  -43.96866  -53.14688      0.508       0.00     15.000     14.879    14.1967    14.1974     0.0007    14.1945    14.1952     0.0007   4.285823   4.286512   0.000691    35.6715    35.6773     5.3828     5.1164    -0.2663    26.6649    26.6692    35.6714    26.6649    1505.15    1505.16    14.1945  1026.7351    35.8399 0.0000e+00
       4165 293.505041  -43.96866  -53.14688      0.424 1.2389e-21     16.000     15.872    14.1959    14.1966     0.0007    14.1936    14.1943     0.0007   4.285787   4.286499   0.000713    35.6715    35.6775     5.3791     5.1353    -0.2437    26.6651    26.6696    35.6714    26.6651    1505.16    1505.17    14.1936  1026.7397    35.8398 0.0000e+00
       4204 293.505059  -43.96866  -53.14688      0.597       0.18     17.000     16.863    14.1955    14.1961     0.0006    14.1930    14.1936     0.0006   4.285766   4.286490   0.000718    35.6713    35.6774     5.3870     5.1180    -0.2690    26.6651    26.6697    35.6712    26.6650    1505.18    1505.19    14.1930  1026.7441    35.8396 0.0000e+00
       4244 293.505079  -43.96866  -53.14688      0.610       0.01     18.000     17.849    14.1955    14.1960     0.0006    14.1928    14.1934     0.0006   4.285820   4.286553   0.000733    35.6713    35.6777     5.3790     5.1185    -0.2605    26.6652    26.6699    35.6713    26.6651    1505.19    1505.20    14.1928  1026.7486    35.8397 0.0000e+00
       4305 293.505108  -43.96866  -53.14688      0.366 3.9873e-13     19.000     18.848    14.1955    14.1959     0.0004    14.1927    14.1931     0.0004   4.285888   4.286594   0.000706    35.6715    35.6777     5.3869     5.1226    -0.2643    26.6653    26.6700    35.6715    26.6653    1505.21    1505.22    14.1927  1026.7532    35.8399 0.0000e+00
       4349 293.505129  -43.96866  -53.14688      0.541     761.76     20.000     19.845    14.1956    14.1961     0.0005    14.1927    14.1932     0.0005   4.285955   4.286667   0.000712    35.6716    35.6778     5.3840     5.1203    -0.2638    26.6654    26.6700    35.6716    26.6653    1505.23    1505.24    14.1927  1026.7576    35.8400 0.0000e+00
       4383 293.505146  -43.96866  -53.14688      0.695    1490.00     21.000     20.831    14.1967    14.1971     0.0004    14.1936    14.1940     0.0004   4.286140   4.286851   0.000707    35.6718    35.6780     5.3662     5.1327    -0.2335    26.6654    26.6701    35.6719    26.6654    1505.25    1505.26    14.1936  1026.7621    35.8403 0.0000e+00
       4422 293.505164  -43.96866  -53.14688      0.637    1505.23     22.000     21.820    14.1967    14.1974     0.0007    14.1934    14.1942     0.0007   4.286188   4.286933   0.000752    35.6719    35.6782     5.3869     5.1330    -0.2539    26.6654    26.6702    35.6719    26.6655    1505.26    1505.27    14.1935  1026.7666    35.8403 0.0000e+00
       4469 293.505187  -43.96866  -53.14688      0.512    1505.23     23.000     22.816    14.1966    14.1972     0.0007    14.1932    14.1939     0.0007   4.286251   4.286981   0.000727    35.6722    35.6783     5.3703     5.1292    -0.2411    26.6657    26.6703    35.6722    26.6657    1505.28    1505.29    14.1932  1026.7712    35.8406 0.0000e+00
       4514 293.505209  -43.96866  -53.14688      0.523    1505.23     24.000     23.806    14.1981    14.1987     0.0006    14.1946    14.1952     0.0006   4.286505   4.287230   0.000720    35.6726    35.6787     5.3756     5.1239    -0.2517    26.6657    26.6704    35.6727    26.6658    1505.30    1505.31    14.1946  1026.7757    35.8411 0.0000e+00
       4552 293.505227  -43.96866  -53.14688      0.630    1505.23     25.000     24.798    14.1976    14.1986     0.0010    14.1940    14.1949     0.0010   4.286511   4.287253   0.000745    35.6728    35.6788     5.3771     5.1365    -0.2406    26.6660    26.6705    35.6728    26.6660    1505.32    1505.33    14.1940  1026.7804    35.8412 0.0000e+00
       4587 293.505244  -43.96866  -53.14688      0.683    1505.23     26.000     25.790    14.1972    14.1977     0.0005    14.1934    14.1939     0.0005   4.286495   4.287196   0.000701    35.6726    35.6787     5.3856     5.1286    -0.2569    26.6660    26.6706    35.6726    26.6660    1505.33    1505.34    14.1934  1026.7848    35.8410 0.0000e+00
       4625 293.505262  -43.96866  -53.14688      0.637    1505.23     27.000     26.782    14.1968    14.1975     0.0008    14.1928    14.1936     0.0008   4.286503   4.287218   0.000714    35.6726    35.6786     5.3754     5.1273    -0.2482    26.6661    26.6706    35.6726    26.6662    1505.35    1505.36    14.1928  1026.7893    35.8411 0.0000e+00
       4664 293.505281  -43.96866  -53.14688      0.608    1505.23     28.000     27.773    14.1974    14.1982     0.0008    14.1933    14.1941     0.0008   4.286605   4.287317   0.000711    35.6726    35.6784     5.3769     5.1311    -0.2458    26.6660    26.6704    35.6726    26.6660    1505.37    1505.38    14.1933  1026.7936    35.8410 0.0000e+00
       4700 293.505298  -43.96866  -53.14688      0.662    1505.23     29.000     28.765    14.1974    14.1981     0.0007    14.1932    14.1938     0.0007   4.286641   4.287358   0.000718    35.6725    35.6785     5.3671     5.1380    -0.2291    26.6659    26.6705    35.6725    26.6659    1505.38    1505.39    14.1932  1026.7980    35.8409 0.0000e+00
       4737 293.505316  -43.96866  -53.14688      0.658    1505.23     30.000     29.757    14.1973    14.1981     0.0008    14.1929    14.1937     0.0008   4.286679   4.287399   0.000718    35.6725    35.6785     5.3651     5.1317    -0.2334    26.6660    26.6705    35.6725    26.6660    1505.40    1505.41    14.1929  1026.8025    35.8409 0.0000e+00
       4776 293.505335  -43.96866  -53.14688      0.605    1505.23     31.000     30.749    14.1977    14.1984     0.0007    14.1932    14.1939     0.0007   4.286773   4.287484   0.000713    35.6725    35.6786     5.3684     5.1351    -0.2333    26.6660    26.6705    35.6726    26.6660    1505.42    1505.43    14.1932  1026.8069    35.8410 0.0000e+00
       4810 293.505351  -43.96866  -53.14688      0.688    1505.23     32.000     31.741    14.1976    14.1983     0.0007    14.1929    14.1936     0.0007   4.286859   4.287564   0.000705    35.6731    35.6790     5.3677     5.1334    -0.2343    26.6665    26.6709    35.6731    26.6665    1505.43    1505.44    14.1929  1026.8117    35.8415 0.0000e+00
       4840 293.505366  -43.96866  -53.14688      0.783    1505.23     33.000     32.733    14.1975    14.1981     0.0006    14.1927    14.1933     0.0006   4.286847   4.287563   0.000718    35.6727    35.6788     5.3811     5.1286    -0.2526    26.6662    26.6708    35.6727    26.6662    1505.45    1505.46    14.1927  1026.8159    35.8411 0.0000e+00
       4874 293.505383  -43.96866  -53.14688      0.726    1505.23     34.000     33.721    14.1975    14.1980     0.0005    14.1925    14.1930     0.0005   4.286907   4.287593   0.000684    35.6728    35.6787     5.3811     5.1266    -0.2545    26.6663    26.6708    35.6728    26.6663    1505.47    1505.47    14.1925  1026.8204    35.8412 0.0000e+00
       4915 293.505402  -43.96866  -53.14688      0.596    1505.23     35.000     34.719    14.1976    14.1983     0.0007    14.1925    14.1932     0.0007   4.286962   4.287664   0.000705    35.6727    35.6787     5.3656     5.1258    -0.2399    26.6663    26.6707    35.6727    26.6663    1505.48    1505.49    14.1925  1026.8248    35.8412 0.0000e+00
       4950 293.505419  -43.96866  -53.14688      0.654    1505.23     36.000     35.708    14.1973    14.1977     0.0004    14.1920    14.1924     0.0004   4.286920   4.287594   0.000679    35.6723    35.6783     5.3716     5.1453    -0.2263    26.6661    26.6706    35.6723    26.6660    1505.50    1505.51    14.1920  1026.8289    35.8407 0.0000e+00
       4978 293.505433  -43.96866  -53.14688      0.808    1505.23     37.000     36.700    14.1959    14.1963     0.0005    14.1904    14.1909     0.0005   4.286787   4.287494   0.000703    35.6719    35.6780     5.3698     5.1362    -0.2336    26.6661    26.6707    35.6719    26.6661    1505.51    1505.52    14.1905  1026.8334    35.8403 0.0000e+00
       5007 293.505446  -43.96866  -53.14688      0.855    1505.23     38.000     37.692    14.1970    14.1976     0.0006    14.1915    14.1921     0.0006   4.286985   4.287691   0.000704    35.6722    35.6782     5.3645     5.1324    -0.2322    26.6661    26.6707    35.6722    26.6661    1505.53    1505.54    14.1915  1026.8379    35.8407 0.0000e+00
       5044 293.505465  -43.96866  -53.14688      0.672    1505.23     39.000     38.680    14.1969    14.1976     0.0007    14.1912    14.1919     0.0007   4.287003   4.287735   0.000737    35.6721    35.6783     5.3649     5.1209    -0.2440    26.6661    26.6707    35.6721    26.6661    1505.55    1505.56    14.1912  1026.8423    35.8406 0.0000e+00
       5088 293.505485  -43.96866  -53.14688      0.540    1505.23     40.000     39.680    14.1981    14.1989     0.0007    14.1923    14.1931     0.0007   4.287204   4.287947   0.000739    35.6724    35.6786     5.3472     5.1268    -0.2204    26.6661    26.6707    35.6724    26.6661    1505.57    1505.58    14.1923  1026.8467    35.8409 0.0000e+00
       5121 293.505502  -43.96866  -53.14688      0.682    1505.23     41.000     40.667    14.1974    14.1983     0.0009    14.1914    14.1923     0.0009   4.287144   4.287901   0.000751    35.6722    35.6783     5.3670     5.1311    -0.2359    26.6661    26.6707    35.6721    26.6661    1505.58    1505.59    14.1914  1026.8510    35.8406 0.0000e+00
       5151 293.505516  -43.96866  -53.14688      0.792    1505.23     42.000     41.659    14.1971    14.1979     0.0009    14.1909    14.1918     0.0009   4.287145   4.287863   0.000730    35.6720    35.6780     5.3732     5.1191    -0.2541    26.6661    26.6705    35.6720    26.6661    1505.60    1505.61    14.1909  1026.8555    35.8405 0.0000e+00
       5184 293.505532  -43.96866  -53.14688      0.756    1505.23     43.000     42.651    14.1969    14.1980     0.0010    14.1906    14.1917     0.0010   4.287174   4.287916   0.000734    35.6720    35.6779     5.3575     5.1188    -0.2387    26.6661    26.6704    35.6720    26.6661    1505.61    1505.62    14.1907  1026.8599    35.8404 0.0000e+00
       5220 293.505549  -43.96866  -53.14688      0.667    1505.23     44.000     43.642    14.1969    14.1973     0.0005    14.1904    14.1909     0.0005   4.287202   4.287867   0.000672    35.6719    35.6777     5.3525     5.1122    -0.2403    26.6661    26.6705    35.6719    26.6661    1505.63    1505.64    14.1904  1026.8643    35.8403 0.0000e+00
       5256 293.505567  -43.96866  -53.14688      0.661    1505.23     45.000     44.634    14.1968    14.1975     0.0007    14.1902    14.1909     0.0007   4.287258   4.287963   0.000692    35.6720    35.6778     5.3706     5.1072    -0.2634    26.6662    26.6706    35.6720    26.6662    1505.65    1505.65    14.1903  1026.8688    35.8405 0.0000e+00
       5289 293.505582  -43.96866  -53.14688      0.719    1505.23     46.000     45.626    14.1973    14.1980     0.0007    14.1906    14.1913     0.0007   4.287366   4.288054   0.000698    35.6721    35.6780     5.3676     5.1236    -0.2439    26.6662    26.6706    35.6722    26.6663    1505.66    1505.67    14.1906  1026.8733    35.8406 0.0000e+00
       5324 293.505599  -43.96866  -53.14688      0.703    1505.23     47.000     46.618    14.1964    14.1974     0.0010    14.1895    14.1905     0.0010   4.287268   4.288017   0.000749    35.6717    35.6778     5.3702     5.1354    -0.2348    26.6662    26.6706    35.6717    26.6662    1505.68    1505.69    14.1895  1026.8776    35.8402 0.0000e+00
