Pos-Processados/process_op38/operantar38_016.cnv
* Sea-Bird SBE 9 Data File:
* FileName = D:\OPERANTAR_XXXVIII\DADOS\OP38_016.hdr
* Software Version Seasave V 7.18c
* Temperature SN = 4808
* Conductivity SN = 3380
* Number of Bytes Per Scan = 34
* Number of Voltage Words = 3
* Number of Scans Averaged by the Deck Unit = 1
* NMEA Latitude = 62 13.34 S
* NMEA Longitude = 058 12.68 W
* NMEA UTC (Time) = Nov 05 2019 11:56:34
** H41
** NAVIO POLAR ALMIRANTE MAXIMIANO
** CRUZEIRO:
** OPERANTAR XXXVIII
** ESTAÇÃO: OP38_016
** LAT 62 13,33' S
** LONG 058 12,65' W
** 09P73767-1155_A
** PROFUNDIDADE: 310
** DATA/HORA: 051157Z/NOV/2019
** OPERADOR: SO-HN CHAVES
# nquan = 30
# nvalues = 568                         
# units = specified
# name 0 = scan: Scan Count
# name 1 = timeJ: Julian Days
# name 2 = latitude: Latitude [deg]
# name 3 = longitude: Longitude [deg]
# name 4 = dz/dtM: Descent Rate [m/s]
# name 5 = avgsvCM: Average Sound Velocity [Chen-Millero, m/s]
# name 6 = prDM: Pressure, Digiquartz [db]
# name 7 = depSM: Depth [salt water, m]
# name 8 = t090C: Temperature [ITS-90, deg C]
# name 9 = t190C: Temperature, 2 [ITS-90, deg C]
# name 10 = T2-T190C: Temperature Difference, 2 - 1 [ITS-90, deg C]
# name 11 = potemp090C: Potential Temperature [ITS-90, deg C]
# name 12 = potemp190C: Potential Temperature, 2 [ITS-90, deg C]
# name 13 = potemp90Cdiff: Potential Temperature, Diff, 2 - 1 [ITS-90, deg C]
# name 14 = c0S/m: Conductivity [S/m]
# name 15 = c1S/m: Conductivity, 2 [S/m]
# name 16 = C2-C1S/m: Conductivity Difference, 2 - 1 [S/m]
# name 17 = sal00: Salinity, Practical [PSU]
# name 18 = sal11: Salinity, Practical, 2 [PSU]
# name 19 = sbeox0ML/L: Oxygen, SBE 43 [ml/l]
# name 20 = sigma-é00: Density [sigma-theta, kg/m^3]
# name 21 = sigma-é11: Density, 2 [sigma-theta, kg/m^3]
# name 22 = sal00: Salinity, Practical [PSU]
# name 23 = sigma-é00: Density [sigma-theta, kg/m^3]
# name 24 = svCM: Sound Velocity [Chen-Millero, m/s]
# name 25 = svCM1: Sound Velocity, 2 [Chen-Millero, m/s]
# name 26 = gsw_ptA0: potential temperature [ITS-90, deg C]
# name 27 = gsw_densityA0: density, TEOS-10 [density, kg/m^3]
# name 28 = gsw_saA0: Absolute Salinity [g/kg]
# name 29 = flag:
# span 0 =       3411,      29939       
# span 1 = 309.499260, 309.512053       
# span 2 =  -62.22236,  -62.22234       
# span 3 =  -58.21135,  -58.21130       
# span 4 =     -1.094,      1.283       
# span 5 =       0.00,    1446.63       
# span 6 =      1.000,    285.000       
# span 7 =      0.986,    282.064       
# span 8 =    -0.9473,    -0.1654       
# span 9 =    -0.9467,    -0.1602       
# span 10 =    -0.0829,     0.0305      
# span 11 =    -0.9506,    -0.1757      
# span 12 =    -0.9501,    -0.1705      
# span 13 =    -0.0827,     0.0304      
# span 14 =   2.768794,   2.860464      
# span 15 =   2.769194,   2.861454      
# span 16 =  -0.009507,   0.003173      
# span 17 =    34.1572,    34.4456      
# span 18 =    34.1633,    34.4466      
# span 19 =     5.8553,     7.6371      
# span 20 =    27.4601,    27.6813      
# span 21 =    27.4647,    27.6683      
# span 22 =    34.1560,    34.4460      
# span 23 =    27.4596,    27.6817      
# span 24 =    1444.49,    1452.26      
# span 25 =    1444.50,    1452.30      
# span 26 =    -0.9505,    -0.1755      
# span 27 =  1027.4691,  1029.0243      
# span 28 =    34.3207,    34.6142      
# span 29 = 0.0000e+00, 0.0000e+00      
# interval = decibars: 1                
# start_time = Nov 05 2019 11:56:34 [NMEA time, header]
# bad_flag = -9.990e-29
*END*
[from data line 532]
      24181 309.509276  -62.22236  -58.21130     -0.527    1446.63     37.000     36.642    -0.8722    -0.8830    -0.0108    -0.8732    -0.8840    -0.0108   2.770271   2.770028  -0.000262    34.1776    34.1863     7.5302    27.4820    27.4894    34.1781    27.4824    1444.59    1444.55    -0.8732  1027.6647    34.3431 0.0000e+00
      24219 309.509295  -62.22236  -58.21130     -0.622    1446.63     36.000     35.651    -0.8692    -0.8688     0.0004    -0.8701    -0.8698     0.0004   2.770491   2.770884   0.000405    34.1774    34.1825     7.5445    27.4817    27.4858    34.1783    27.4824    1444.58    1444.59    -0.8701  1027.6599    34.3433 0.0000e+00
      24253 309.509311  -62.22236  -58.21130     -0.685    1446.63     35.000     34.661    -0.8626    -0.8645    -0.0019    -0.8636    -0.8655    -0.0019   2.770934   2.771198   0.000258    34.1766    34.1822     7.5359    27.4807    27.4854    34.1775    27.4815    1444.60    1444.60    -0.8635  1027.6542    34.3425 0.0000e+00
      24287 309.509328  -62.22236  -58.21130     -0.716    1446.63     34.000     33.671    -0.8583    -0.8597    -0.0014    -0.8592    -0.8606    -0.0014   2.771225   2.771528   0.000298    34.1764    34.1819     7.5393    27.4804    27.4850    34.1772    27.4811    1444.60    1444.60    -0.8592  1027.6489    34.3421 0.0000e+00
      24321 309.509344  -62.22236  -58.21130     -0.705    1446.63     33.000     32.681    -0.8566    -0.8568    -0.0002    -0.8575    -0.8577    -0.0002   2.771294   2.771677   0.000372    34.1761    34.1814     7.5472    27.4801    27.4844    34.1768    27.4807    1444.59    1444.60    -0.8575  1027.6437    34.3417 0.0000e+00
      24359 309.509362  -62.22236  -58.21130     -0.642    1446.63     32.000     31.690    -0.8527    -0.8526     0.0001    -0.8536    -0.8535     0.0001   2.771500   2.771927   0.000418    34.1751    34.1807     7.5477    27.4792    27.4837    34.1758    27.4797    1444.59    1444.60    -0.8535  1027.6380    34.3407 0.0000e+00
      24402 309.509383  -62.22236  -58.21130     -0.561    1446.63     31.000     30.700    -0.8497    -0.8494     0.0003    -0.8506    -0.8503     0.0003   2.771653   2.772072   0.000420    34.1744    34.1798     7.5532    27.4785    27.4828    34.1751    27.4791    1444.59    1444.60    -0.8505  1027.6325    34.3401 0.0000e+00
      24445 309.509404  -62.22236  -58.21130     -0.548    1446.63     30.000     29.716    -0.8454    -0.8473    -0.0018    -0.8463    -0.8481    -0.0018   2.771898   2.772169   0.000275    34.1736    34.1794     7.5449    27.4776    27.4824    34.1742    27.4782    1444.59    1444.59    -0.8462  1027.6268    34.3391 0.0000e+00
      24485 309.509423  -62.22236  -58.21130     -0.609    1446.63     29.000     28.714    -0.8414    -0.8430    -0.0016    -0.8422    -0.8438    -0.0016   2.772119   2.772416   0.000301    34.1724    34.1783     7.5501    27.4766    27.4814    34.1733    27.4772    1444.59    1444.59    -0.8422  1027.6211    34.3382 0.0000e+00
      24526 309.509443  -62.22236  -58.21130     -0.586    1446.63     28.000     27.729    -0.8360    -0.8379    -0.0019    -0.8368    -0.8386    -0.0019   2.772347   2.772648   0.000295    34.1702    34.1763     7.5604    27.4745    27.4796    34.1708    27.4750    1444.60    1444.60    -0.8367  1027.6141    34.3357 0.0000e+00
      24582 309.509470  -62.22236  -58.21130     -0.418    1446.63     27.000     26.739    -0.8358    -0.8395    -0.0037    -0.8365    -0.8402    -0.0037   2.772254   2.772430   0.000199    34.1695    34.1764     7.5619    27.4740    27.4797    34.1700    27.4743    1444.58    1444.57    -0.8365  1027.6085    34.3348 0.0000e+00
      24642 309.509499  -62.22236  -58.21130     -0.407    1446.63     26.000     25.749    -0.8313    -0.8335    -0.0023    -0.8320    -0.8343    -0.0023   2.772359   2.772670   0.000286    34.1665    34.1729     7.5650    27.4713    27.4766    34.1669    27.4717    1444.58    1444.58    -0.8320  1027.6011    34.3317 0.0000e+00
      24688 309.509521  -62.22236  -58.21130     -0.521    1446.63     25.000     24.759    -0.8309    -0.8314    -0.0005    -0.8315    -0.8321    -0.0005   2.772313   2.772712   0.000395    34.1661    34.1720     7.5758    27.4710    27.4758    34.1664    27.4713    1444.57    1444.57    -0.8315  1027.5959    34.3312 0.0000e+00
      24739 309.509546  -62.22236  -58.21132     -0.475    1446.63     24.000     23.772    -0.8285    -0.8304    -0.0019    -0.8292    -0.8310    -0.0019   2.772419   2.772684   0.000274    34.1655    34.1713     7.5828    27.4704    27.4752    34.1658    27.4707    1444.56    1444.56    -0.8291  1027.5905    34.3306 0.0000e+00
      25019 309.509681  -62.22236  -58.21131     -0.186    1446.63     23.000     22.776    -0.8180    -0.8198    -0.0018    -0.8186    -0.8205    -0.0018   2.773182   2.773463   0.000279    34.1644    34.1702     7.5837    27.4691    27.4739    34.1649    27.4695    1444.59    1444.59    -0.8186  1027.5845    34.3297 0.0000e+00
      25308 309.509820  -62.22236  -58.21132     -0.221    1446.63     22.000     21.786    -0.8110    -0.8100     0.0010    -0.8116    -0.8106     0.0010   2.773639   2.774112   0.000471    34.1638    34.1690     7.5929    27.4683    27.4725    34.1638    27.4683    1444.61    1444.62    -0.8116  1027.5785    34.3286 0.0000e+00
      25470 309.509898  -62.22236  -58.21132     -0.192    1446.63     21.000     20.797    -0.8114    -0.8112     0.0001    -0.8120    -0.8118     0.0001   2.773585   2.773993   0.000409    34.1640    34.1694     7.5888    27.4685    27.4729    34.1641    27.4686    1444.59    1444.60    -0.8120  1027.5740    34.3288 0.0000e+00
      25548 309.509936  -62.22236  -58.21132     -0.379    1446.63     20.000     19.811    -0.8094    -0.8092     0.0002    -0.8100    -0.8097     0.0002   2.773682   2.774102   0.000418    34.1638    34.1692     7.5882    27.4683    27.4726    34.1638    27.4683    1444.58    1444.59    -0.8099  1027.5689    34.3285 0.0000e+00
      26404 309.510349  -62.22236  -58.21130     -0.232    1446.63     19.000     18.817    -0.8118    -0.8120    -0.0002    -0.8123    -0.8125    -0.0002   2.773448   2.773833   0.000385    34.1640    34.1694     7.5886    27.4685    27.4729    34.1640    27.4685    1444.56    1444.56    -0.8123  1027.5643    34.3287 0.0000e+00
      29131 309.511664  -62.22236  -58.21132     -0.211    1446.63     18.000     17.825    -0.8157    -0.8161    -0.0003    -0.8162    -0.8166    -0.0003   2.773073   2.773440   0.000370    34.1639    34.1693     7.5916    27.4686    27.4730    34.1640    27.4687    1444.52    1444.53    -0.8162  1027.5597    34.3287 0.0000e+00
      28955 309.511579  -62.22236  -58.21130     -0.406    1446.63     17.000     16.834    -0.8162    -0.8158     0.0004    -0.8166    -0.8162     0.0004   2.773003   2.773431   0.000427    34.1641    34.1695     7.5916    27.4688    27.4731    34.1641    27.4688    1444.51    1444.51    -0.8166  1027.5550    34.3289 0.0000e+00
      29025 309.511612  -62.22236  -58.21131     -0.330    1446.63     16.000     15.846    -0.8153    -0.8129     0.0024    -0.8158    -0.8134     0.0024   2.773060   2.773635   0.000577    34.1643    34.1694     7.5866    27.4689    27.4729    34.1645    27.4691    1444.49    1444.51    -0.8157  1027.5506    34.3293 0.0000e+00
      29077 309.511638  -62.22236  -58.21132     -0.471    1446.63     15.000     14.855    -0.8056    -0.8062    -0.0006    -0.8060    -0.8066    -0.0006   2.773793   2.774159   0.000355    34.1636    34.1691     7.5802    27.4680    27.4725    34.1641    27.4684    1444.52    1444.53    -0.8060  1027.5450    34.3289 0.0000e+00
      29139 309.511668  -62.22236  -58.21132     -0.367    1446.63     14.000     13.866    -0.8008    -0.8014    -0.0006    -0.8012    -0.8018    -0.0006   2.774141   2.774500   0.000372    34.1635    34.1691     7.5886    27.4677    27.4723    34.1640    27.4681    1444.53    1444.53    -0.8012  1027.5400    34.3289 0.0000e+00
      29194 309.511694  -62.22236  -58.21132     -0.454    1446.63     13.000     12.875    -0.7927    -0.7967    -0.0040    -0.7931    -0.7971    -0.0040   2.774750   2.774816   0.000074    34.1631    34.1687     7.5924    27.4671    27.4717    34.1637    27.4675    1444.55    1444.54    -0.7930  1027.5346    34.3286 0.0000e+00
      29234 309.511714  -62.22236  -58.21132     -0.591    1446.63     12.000     11.885    -0.7905    -0.7901     0.0004    -0.7908    -0.7904     0.0004   2.774894   2.775319   0.000416    34.1630    34.1682     7.5912    27.4669    27.4711    34.1638    27.4675    1444.54    1444.55    -0.7908  1027.5298    34.3286 0.0000e+00
      29276 309.511734  -62.22236  -58.21132     -0.584    1446.63     11.000     10.894    -0.7850    -0.7849     0.0001    -0.7853    -0.7852     0.0001   2.775198   2.775592   0.000396    34.1617    34.1670     7.6008    27.4656    27.4698    34.1623    27.4661    1444.55    1444.56    -0.7853  1027.5236    34.3272 0.0000e+00
      29329 309.511759  -62.22236  -58.21132     -0.440    1446.63     10.000      9.904    -0.7831    -0.7844    -0.0013    -0.7834    -0.7847    -0.0013   2.775261   2.775566   0.000307    34.1612    34.1668     7.6052    27.4651    27.4697    34.1617    27.4655    1444.54    1444.54    -0.7834  1027.5182    34.3266 0.0000e+00
      29389 309.511788  -62.22236  -58.21132     -0.400    1446.63      9.000      8.915    -0.7826    -0.7822     0.0003    -0.7828    -0.7825     0.0003   2.775254   2.775674   0.000416    34.1612    34.1665     7.6007    27.4651    27.4694    34.1616    27.4654    1444.53    1444.54    -0.7828  1027.5133    34.3265 0.0000e+00
      29473 309.511829  -62.22236  -58.21132     -0.270    1446.63      8.000      7.923    -0.7740    -0.7735     0.0005    -0.7742    -0.7737     0.0005   2.775938   2.776367   0.000429    34.1610    34.1662     7.6010    27.4645    27.4688    34.1617    27.4651    1444.55    1444.56    -0.7742  1027.5083    34.3266 0.0000e+00
      29547 309.511864  -62.22236  -58.21132     -0.327    1446.63      7.000      6.931    -0.7675    -0.7732    -0.0057    -0.7677    -0.7734    -0.0057   2.776369   2.776273  -0.000063    34.1604    34.1660     7.6029    27.4638    27.4686    34.1609    27.4642    1444.57    1444.55    -0.7677  1027.5026    34.3258 0.0000e+00
      29605 309.511892  -62.22236  -58.21132     -0.417    1446.63      6.000      5.947    -0.7665    -0.7694    -0.0029    -0.7667    -0.7696    -0.0029   2.776361   2.776580   0.000198    34.1600    34.1660     7.6089    27.4635    27.4684    34.1603    27.4637    1444.55    1444.55    -0.7667  1027.4973    34.3252 0.0000e+00
      29706 309.511941  -62.22236  -58.21132     -0.201    1446.63      5.000      4.948    -0.7678    -0.7754    -0.0076    -0.7679    -0.7755    -0.0076   2.776236   2.776044  -0.000172    34.1603    34.1665     7.6086    27.4637    27.4691    34.1606    27.4640    1444.53    1444.51    -0.7679  1027.4927    34.3255 0.0000e+00
      29764 309.511969  -62.22236  -58.21132     -0.414    1446.63      4.000      3.962    -0.7541    -0.7644    -0.0103    -0.7542    -0.7646    -0.0103   2.777375   2.776907  -0.000445    34.1603    34.1660     7.6105    27.4632    27.4682    34.1612    27.4639    1444.58    1444.54    -0.7542  1027.4879    34.3261 0.0000e+00
      29846 309.512008  -62.22236  -58.21132     -0.255    1446.63      3.000      2.970    -0.7528    -0.7600    -0.0072    -0.7529    -0.7601    -0.0072   2.777374   2.777180  -0.000198    34.1600    34.1655     7.6078    27.4628    27.4676    34.1603    27.4631    1444.57    1444.54    -0.7529  1027.4823    34.3251 0.0000e+00
      29939 309.512053  -62.22236  -58.21132     -0.338    1446.63      2.000      1.985    -0.7531    -0.7567    -0.0035    -0.7532    -0.7567    -0.0035   2.777298   2.777421   0.000113    34.1599    34.1655     7.6060    27.4628    27.4675    34.1603    27.4631    1444.55    1444.54    -0.7532  1027.4775    34.3251 0.0000e+00
