Pos-Processados/process_op38/operantar38_002.cnv
* Sea-Bird SBE 9 Data File:
* FileName = D:\OPERANTAR_XXXVIII\DADOS\OP38_002.hdr
* Software Version Seasave V 7.12
* Temperature SN = 4808
* Conductivity SN = 3380
* Number of Bytes Per Scan = 31
* Number of Voltage Words = 2
* Number of Scans Averaged by the Deck Unit = 1
* NMEA Latitude = 38 26.99 S
* NMEA Longitude = 052 53.48 W
* NMEA UTC (Time) = Jan 16 2019 21:21:57
** H41
** NAVIO POLAR ALMIRANTE MAXIMIANO
** CRUZEIRO:
** OPERANTAR XXXVIII
** ESTAวรO: 002
** LAT 38บ 26,99'S
** LONG 052บ 53,46'W
** 09P73767-1155
** PROFUNDIDADE: 4158 m
** DATA/HORA: 162121Z/OUT/2019
** OPERADOR: SO-HN CHAVES
# nquan = 32
# nvalues = 2082                        
# units = specified
# name 0 = scan: Scan Count
# name 1 = timeJ: Julian Days
# name 2 = latitude: Latitude [deg]
# name 3 = longitude: Longitude [deg]
# name 4 = dz/dtM: Descent Rate [m/s]
# name 5 = avgsvCM: Average Sound Velocity [Chen-Millero, m/s]
# name 6 = prDM: Pressure, Digiquartz [db]
# name 7 = depSM: Depth [salt water, m]
# name 8 = t090C: Temperature [ITS-90, deg C]
# name 9 = t190C: Temperature, 2 [ITS-90, deg C]
# name 10 = T2-T190C: Temperature Difference, 2 - 1 [ITS-90, deg C]
# name 11 = potemp090C: Potential Temperature [ITS-90, deg C]
# name 12 = potemp190C: Potential Temperature, 2 [ITS-90, deg C]
# name 13 = potemp90Cdiff: Potential Temperature, Diff, 2 - 1 [ITS-90, deg C]
# name 14 = c0S/m: Conductivity [S/m]
# name 15 = c1S/m: Conductivity, 2 [S/m]
# name 16 = C2-C1S/m: Conductivity Difference, 2 - 1 [S/m]
# name 17 = sal00: Salinity, Practical [PSU]
# name 18 = sal11: Salinity, Practical, 2 [PSU]
# name 19 = sbeox0ML/L: Oxygen, SBE 43 [ml/l]
# name 20 = sbeox1ML/L: Oxygen, SBE 43, 2 [ml/l]
# name 21 = sbeox0ML/Ldiff: Oxygen, SBE 43, Diff, 2 - 1 [ml/l]
# name 22 = sigma-้00: Density [sigma-theta, kg/m^3]
# name 23 = sigma-้11: Density, 2 [sigma-theta, kg/m^3]
# name 24 = sal00: Salinity, Practical [PSU]
# name 25 = sigma-้00: Density [sigma-theta, kg/m^3]
# name 26 = svCM: Sound Velocity [Chen-Millero, m/s]
# name 27 = svCM1: Sound Velocity, 2 [Chen-Millero, m/s]
# name 28 = gsw_ptA0: potential temperature [ITS-90, deg C]
# name 29 = gsw_densityA0: density, TEOS-10 [density, kg/m^3]
# name 30 = gsw_saA0: Absolute Salinity [g/kg]
# name 31 = flag:
# span 0 =       2490,      70676       
# span 1 =  16.891444,  16.924326       
# span 2 =  -38.44988,  -38.44984       
# span 3 =  -52.89136,  -52.89132       
# span 4 =     -2.182,      1.603       
# span 5 =      -0.01,    1558.04       
# span 6 =      3.000,   1046.000       
# span 7 =      2.979,   1035.498       
# span 8 =     4.1705,    15.9893       
# span 9 =     4.1707,    15.9897       
# span 10 =    -0.0794,     0.1105      
# span 11 =     4.0901,    15.9677      
# span 12 =     4.0902,    15.9680      
# span 13 =    -0.0792,     0.1101      
# span 14 =   3.252788,   4.494979      
# span 15 =   3.253184,   4.495708      
# span 16 =  -0.008696,   0.012697      
# span 17 =    34.1924,    35.8894      
# span 18 =    34.1972,    35.8954      
# span 19 =     4.6399,     5.8123      
# span 20 =     4.4460,     5.5484      
# span 21 =    -0.3054,    -0.1544      
# span 22 =    26.2302,    27.1745      
# span 23 =    26.2371,    27.1782      
# span 24 =    34.1914,    35.8896      
# span 25 =    26.2305,    27.1744      
# span 26 =    1482.69,    1513.45      
# span 27 =    1482.70,    1513.45      
# span 28 =     4.0899,    15.9677      
# span 29 =  1026.2508,  1031.9848      
# span 30 =    34.3537,    36.0591      
# span 31 = 0.0000e+00, 0.0000e+00      
# interval = decibars: 1                
# start_time = Jan 16 2019 21:21:57 [NMEA time, header]
# bad_flag = -9.990e-29
*END*
[from data line 590]
      23525  16.901588  -38.44986 -9.990e-29      1.324    1507.75    598.000    592.645     7.3181     7.3188     0.0007     7.2596     7.2603     0.0007   3.527401   3.527879   0.000510    34.3896    34.3944     5.2584     4.9954    -0.2630    26.9018    26.9055    34.3770    26.8918    1488.94    1488.95     7.2595  1029.6101    34.5402 0.0000e+00
      23562  16.901605  -38.44986 -9.990e-29      0.766    1507.75    599.000    593.635     7.2538     7.2584     0.0046     7.1955     7.2001     0.0046   3.520999   3.521918   0.000883    34.3801    34.3852     5.3153     5.0351    -0.2802    26.9033    26.9066    34.3706    26.8958    1488.70    1488.73     7.1954  1029.6194    34.5338 0.0000e+00
      23605  16.901626  -38.44986 -9.990e-29      0.512    1507.75    600.000    594.625     7.2438     7.2422    -0.0015     7.1854     7.1839    -0.0015   3.520222   3.520464   0.000248    34.3776    34.3818     5.3805     5.1102    -0.2703    26.9027    26.9062    34.3716    26.8980    1488.68    1488.68     7.1853  1029.6262    34.5348 0.0000e+00
      23633  16.901640  -38.44986 -9.990e-29      0.770    1507.75    601.000    595.614     7.2441     7.2453     0.0013     7.1856     7.1869     0.0013   3.520062   3.520628   0.000555    34.3763    34.3811     5.4049     5.1371    -0.2678    26.9016    26.9052    34.3691    26.8960    1488.70    1488.71     7.1855  1029.6288    34.5323 0.0000e+00
      23656  16.901651  -38.44986 -9.990e-29      0.964    1507.75    602.000    596.604     7.2193     7.2204     0.0011     7.1609     7.1619     0.0011   3.517636   3.518137   0.000537    34.3726    34.3774     5.4114     5.1480    -0.2634    26.9022    26.9058    34.3667    26.8975    1488.61    1488.62     7.1607  1029.6352    34.5299 0.0000e+00
      23681  16.901663  -38.44986 -9.990e-29      1.005    1507.75    603.000    597.593     7.2197     7.2204     0.0008     7.1611     7.1619     0.0008   3.518005   3.518498   0.000479    34.3744    34.3788     5.4012     5.1409    -0.2603    26.9036    26.9070    34.3699    26.9000    1488.64    1488.65     7.1610  1029.6422    34.5331 0.0000e+00
      23709  16.901676  -38.44986 -9.990e-29      0.898    1507.75    604.000    598.583     7.2155     7.2173     0.0019     7.1569     7.1587     0.0018   3.517520   3.518118   0.000607    34.3732    34.3780     5.4080     5.1410    -0.2670    26.9033    26.9068    34.3683    26.8994    1488.64    1488.65     7.1567  1029.6461    34.5315 0.0000e+00
      23734  16.901689  -38.44986  -52.89134      0.886    1507.75    605.000    599.573     7.1784     7.1777    -0.0007     7.1199     7.1191    -0.0007   3.513121   3.513482   0.000372    34.3666    34.3714     5.4137     5.1565    -0.2572    26.9032    26.9070    34.3566    26.8953    1488.49    1488.50     7.1197  1029.6472    34.5197 0.0000e+00
      23755  16.901699  -38.44986  -52.89134      1.026    1507.75    606.000    600.562     7.1305     7.1306     0.0001     7.0721     7.0722     0.0001   3.508553   3.509032   0.000466    34.3616    34.3666     5.4138     5.1590    -0.2547    26.9059    26.9099    34.3538    26.8997    1488.32    1488.33     7.0719  1029.6568    34.5169 0.0000e+00
      23773  16.901707  -38.44986  -52.89134      1.201    1507.75    607.000    601.552     7.1171     7.1177     0.0006     7.0586     7.0593     0.0006   3.507491   3.508007   0.000511    34.3611    34.3660     5.3965     5.1453    -0.2512    26.9074    26.9112    34.3550    26.9025    1488.29    1488.30     7.0585  1029.6643    34.5181 0.0000e+00
      23790  16.901715  -38.44986  -52.89134      1.350    1507.75    608.000    602.541     7.1080     7.1091     0.0011     7.0495     7.0506     0.0011   3.506694   3.507234   0.000534    34.3604    34.3652     5.3851     5.1345    -0.2505    26.9081    26.9117    34.3548    26.9037    1488.27    1488.28     7.0494  1029.6701    34.5179 0.0000e+00
      23807  16.901724  -38.44986  -52.89134      1.408    1507.75    609.000    603.531     7.1084     7.1104     0.0020     7.0498     7.0517     0.0020   3.507079   3.507701   0.000610    34.3615    34.3663     5.3899     5.1341    -0.2558    26.9089    26.9124    34.3582    26.9063    1488.29    1488.30     7.0497  1029.6772    34.5213 0.0000e+00
      23832  16.901736  -38.44986  -52.89134      1.182    1507.75    610.000    604.520     7.1269     7.1278     0.0009     7.0680     7.0689     0.0009   3.509158   3.509645   0.000490    34.3651    34.3695     5.3989     5.1406    -0.2583    26.9092    26.9126    34.3621    26.9068    1488.38    1488.39     7.0679  1029.6820    34.5252 0.0000e+00
      23869  16.901754  -38.44986  -52.89133      0.668    1507.75    611.000    605.510     7.1093     7.1117     0.0024     7.0505     7.0528     0.0024   3.507376   3.508001   0.000627    34.3636    34.3682     5.4118     5.1506    -0.2612    26.9105    26.9137    34.3596    26.9073    1488.33    1488.34     7.0503  1029.6872    34.5227 0.0000e+00
      23902  16.901769  -38.44986  -52.89132      0.700    1507.75    612.000    606.500     7.1032     7.1039     0.0007     7.0443     7.0450     0.0007   3.506981   3.507478   0.000494    34.3635    34.3682     5.3957     5.1425    -0.2532    26.9113    26.9148    34.3609    26.9092    1488.32    1488.33     7.0442  1029.6937    34.5240 0.0000e+00
      23932  16.901784  -38.44986  -52.89132      0.802    1507.75    613.000    607.489     7.1012     7.1021     0.0009     7.0422     7.0431     0.0009   3.507006   3.507516   0.000518    34.3650    34.3697     5.3892     5.1375    -0.2517    26.9127    26.9163    34.3627    26.9109    1488.33    1488.34     7.0420  1029.6999    34.5258 0.0000e+00
      23969  16.901802  -38.44986 -9.990e-29      0.669    1507.75    614.000    608.479     7.1061     7.1069     0.0008     7.0470     7.0478     0.0008   3.507769   3.508278   0.000511    34.3671    34.3719     5.3871     5.1346    -0.2524    26.9137    26.9174    34.3656    26.9125    1488.37    1488.38     7.0469  1029.7060    34.5288 0.0000e+00
      24001  16.901817  -38.44986 -9.990e-29      0.677    1507.75    615.000    609.468     7.1093     7.1105     0.0012     7.0500     7.0512     0.0012   3.508474   3.509037   0.000558    34.3701    34.3750     5.3843     5.1316    -0.2527    26.9157    26.9193    34.3697    26.9153    1488.41    1488.42     7.0499  1029.7133    34.5329 0.0000e+00
      24022  16.901827  -38.44986 -9.990e-29      0.943    1507.75    616.000    610.458     7.1141     7.1153     0.0011     7.0548     7.0559     0.0011   3.509184   3.509671   0.000514    34.3725    34.3769     5.3774     5.1279    -0.2495    26.9169    26.9202    34.3722    26.9166    1488.45    1488.46     7.0546  1029.7190    34.5354 0.0000e+00
      24038  16.901835  -38.44986 -9.990e-29      1.211    1507.75    617.000    611.447     7.1214     7.1223     0.0010     7.0618     7.0628     0.0010   3.510163   3.510694   0.000503    34.3752    34.3797     5.3715     5.1219    -0.2496    26.9180    26.9214    34.3752    26.9180    1488.49    1488.50     7.0617  1029.7248    34.5384 0.0000e+00
      24054  16.901843  -38.44986 -9.990e-29      1.408    1507.75    618.000    612.437     7.1209     7.1222     0.0013     7.0613     7.0626     0.0013   3.510170   3.510696   0.000529    34.3764    34.3808     5.3658     5.1196    -0.2462    26.9190    26.9223    34.3753    26.9182    1488.51    1488.52     7.0611  1029.7295    34.5385 0.0000e+00
      24069  16.901850  -38.44986 -9.990e-29      1.512    1507.75    619.000    613.427     7.1048     7.1071     0.0023     7.0451     7.0474     0.0023   3.508005   3.508683   0.000663    34.3734    34.3783     5.3613     5.1154    -0.2459    26.9189    26.9225    34.3671    26.9140    1488.45    1488.47     7.0450  1029.7301    34.5304 0.0000e+00
      24085  16.901858  -38.44986 -9.990e-29      1.553    1507.75    620.000    614.416     7.0711     7.0720     0.0010     7.0115     7.0124     0.0009   3.505241   3.505743   0.000516    34.3727    34.3774     5.3567     5.1124    -0.2442    26.9230    26.9266    34.3699    26.9208    1488.34    1488.35     7.0114  1029.7419    34.5331 0.0000e+00
      24101  16.901865  -38.44986 -9.990e-29      1.550    1507.75    621.000    615.405     7.0663     7.0673     0.0010     7.0067     7.0077     0.0010   3.504941   3.505500   0.000540    34.3723    34.3772     5.3418     5.0979    -0.2439    26.9234    26.9271    34.3709    26.9222    1488.34    1488.35     7.0065  1029.7479    34.5341 0.0000e+00
      24147  16.901887  -38.44986  -52.89132      0.710    1507.75    622.000    616.392     7.0744     7.0752     0.0007     7.0146     7.0154     0.0007   3.505882   3.506340   0.000469    34.3738    34.3782     5.3244     5.0760    -0.2484    26.9234    26.9268    34.3726    26.9225    1488.39    1488.40     7.0145  1029.7526    34.5359 0.0000e+00
      24212  16.901919  -38.44986  -52.89134      0.352    1507.75    623.000    617.385     7.0762     7.0775     0.0013     7.0163     7.0176     0.0013   3.506160   3.506696   0.000534    34.3739    34.3784     5.3161     5.0788    -0.2373    26.9233    26.9267    34.3734    26.9229    1488.42    1488.43     7.0162  1029.7574    34.5366 0.0000e+00
      24236  16.901930  -38.44986  -52.89134      0.755    1507.75    624.000    618.374     7.0801     7.0796    -0.0005     7.0201     7.0196    -0.0005   3.506643   3.506974   0.000343    34.3749    34.3791     5.3235     5.0767    -0.2468    26.9235    26.9269    34.3744    26.9231    1488.45    1488.45     7.0199  1029.7622    34.5376 0.0000e+00
      24254  16.901939  -38.44986  -52.89134      1.060    1507.75    625.000    619.363     7.0813     7.0821     0.0009     7.0211     7.0220     0.0008   3.506830   3.507318   0.000477    34.3752    34.3796     5.3175     5.0777    -0.2397    26.9237    26.9270    34.3748    26.9233    1488.47    1488.48     7.0210  1029.7668    34.5380 0.0000e+00
      24271  16.901947  -38.44984  -52.89134      1.303    1507.75    626.000    620.353     7.0819     7.0843     0.0024     7.0217     7.0241     0.0024   3.506998   3.507690   0.000675    34.3755    34.3805     5.3085     5.0797    -0.2288    26.9238    26.9275    34.3755    26.9238    1488.49    1488.51     7.0215  1029.7718    34.5387 0.0000e+00
      24286  16.901955  -38.44984  -52.89134      1.463    1507.75    627.000    621.342     7.0821     7.0816    -0.0006     7.0218     7.0212    -0.0006   3.506934   3.507290   0.000351    34.3754    34.3798     5.3048     5.0727    -0.2321    26.9237    26.9273    34.3741    26.9227    1488.51    1488.51     7.0217  1029.7752    34.5374 0.0000e+00
      24302  16.901962  -38.44984  -52.89134      1.539    1507.75    628.000    622.332     7.0765     7.0782     0.0017     7.0161     7.0178     0.0017   3.506505   3.507088   0.000595    34.3748    34.3796     5.3082     5.0622    -0.2460    26.9241    26.9276    34.3745    26.9238    1488.50    1488.51     7.0160  1029.7809    34.5378 0.0000e+00
      24322  16.901972  -38.44986  -52.89134      1.435    1507.75    629.000    623.321     7.0842     7.0842    -0.0001     7.0237     7.0236    -0.0001   3.507528   3.507921   0.000409    34.3767    34.3812     5.3061     5.0533    -0.2529    26.9245    26.9280    34.3775    26.9251    1488.55    1488.56     7.0236  1029.7867    34.5408 0.0000e+00
      24361  16.901991  -38.44986  -52.89134      0.670    1507.75    630.000    624.311     7.0887     7.0900     0.0014     7.0280     7.0294     0.0014   3.507904   3.508465   0.000553    34.3772    34.3818     5.3127     5.0553    -0.2574    26.9243    26.9277    34.3768    26.9240    1488.58    1488.60     7.0278  1029.7899    34.5401 0.0000e+00
      24395  16.902007  -38.44986  -52.89134      0.643    1507.75    631.000    625.300     7.0897     7.0902     0.0005     7.0289     7.0295     0.0005   3.508181   3.508646   0.000468    34.3779    34.3825     5.3106     5.0611    -0.2496    26.9247    26.9282    34.3783    26.9250    1488.61    1488.61     7.0288  1029.7955    34.5416 0.0000e+00
      24417  16.902018  -38.44986  -52.89134      0.919    1507.75    632.000    626.290     7.0925     7.0939     0.0014     7.0316     7.0329     0.0014   3.508564   3.509136   0.000558    34.3789    34.3836     5.3026     5.0618    -0.2408    26.9252    26.9287    34.3793    26.9254    1488.64    1488.65     7.0314  1029.8004    34.5426 0.0000e+00
      24435  16.902026  -38.44986  -52.89134      1.148    1507.75    633.000    627.279     7.0884     7.0922     0.0038     7.0274     7.0312     0.0038   3.507941   3.508764   0.000820    34.3778    34.3830     5.3043     5.0593    -0.2451    26.9249    26.9284    34.3761    26.9235    1488.63    1488.65     7.0273  1029.8030    34.5394 0.0000e+00
      24452  16.902035  -38.44986  -52.89134      1.326    1507.75    634.000    628.269     7.0780     7.0791     0.0012     7.0170     7.0181     0.0011   3.507094   3.507601   0.000525    34.3771    34.3817     5.3035     5.0556    -0.2479    26.9257    26.9291    34.3766    26.9254    1488.61    1488.62     7.0168  1029.8096    34.5399 0.0000e+00
      24471  16.902044  -38.44986  -52.89134      1.369    1507.75    635.000    629.258     7.0784     7.0792     0.0008     7.0173     7.0181     0.0008   3.507189   3.507708   0.000504    34.3772    34.3819     5.2940     5.0477    -0.2463    26.9257    26.9293    34.3768    26.9254    1488.63    1488.64     7.0171  1029.8141    34.5401 0.0000e+00
      24507  16.902061  -38.44986  -52.89134      0.817    1507.75    636.000    630.248     7.0819     7.0833     0.0014     7.0206     7.0220     0.0014   3.507617   3.508240   0.000602    34.3777    34.3828     5.2931     5.0454    -0.2477    26.9257    26.9295    34.3776    26.9256    1488.66    1488.67     7.0205  1029.8188    34.5409 0.0000e+00
      24557  16.902085  -38.44986  -52.89134      0.425    1507.75    637.000    631.237     7.0934     7.0957     0.0023     7.0320     7.0343     0.0023   3.509297   3.509890   0.000645    34.3807    34.3854     5.2982     5.0588    -0.2394    26.9264    26.9299    34.3840    26.9291    1488.73    1488.74     7.0319  1029.8265    34.5473 0.0000e+00
      24583  16.902098  -38.44986  -52.89134      0.758    1507.75    638.000    632.226     7.1324     7.1327     0.0003     7.0707     7.0710     0.0003   3.513417   3.513900   0.000462    34.3879    34.3926     5.2894     5.0543    -0.2351    26.9268    26.9305    34.3897    26.9282    1488.90    1488.91     7.0706  1029.8296    34.5531 0.0000e+00
      24605  16.902108  -38.44986  -52.89134      0.995    1507.75    639.000    633.216     7.1256     7.1247    -0.0009     7.0638     7.0629    -0.0009   3.512486   3.512745   0.000304    34.3869    34.3911     5.2914     5.0532    -0.2381    26.9270    26.9304    34.3859    26.9261    1488.89    1488.89     7.0637  1029.8322    34.5492 0.0000e+00
      24625  16.902118  -38.44986  -52.89134      1.135    1507.75    640.000    634.205     7.1052     7.1063     0.0011     7.0434     7.0445     0.0011   3.510458   3.511076   0.000570    34.3849    34.3900     5.2813     5.0474    -0.2339    26.9282    26.9321    34.3836    26.9272    1488.82    1488.83     7.0433  1029.8380    34.5469 0.0000e+00
      24646  16.902128  -38.44986  -52.89134      1.176    1507.75    641.000    635.195     7.0734     7.0726    -0.0008     7.0117     7.0109    -0.0008   3.506858   3.507225   0.000353    34.3804    34.3850     5.2604     5.0295    -0.2309    26.9290    26.9328    34.3753    26.9250    1488.71    1488.71     7.0116  1029.8409    34.5386 0.0000e+00
