Pos-Processados/process_op38/operantar38_018.ros
* Sea-Bird SBE 9 Data File:
* FileName = D:\OPERANTAR_XXXVIII\DADOS\OP38_018.hdr
* Software Version Seasave V 7.18c
* Temperature SN = 4808
* Conductivity SN = 3380
* Number of Bytes Per Scan = 34
* Number of Voltage Words = 3
* Number of Scans Averaged by the Deck Unit = 1
* NMEA Latitude = 62 10.02 S
* NMEA Longitude = 058 22.53 W
* NMEA UTC (Time) = Nov 05 2019 17:24:22
** H41
** NAVIO POLAR ALMIRANTE MAXIMIANO
** CRUZEIRO:
** OPERANTAR XXXVIII
** ESTAÇÃO: OP38_018
** LAT 62 10,02' S
** LONG 058 22,49' W
** 09P73767-1155_A
** PROFUNDIDADE: 447
** DATA/HORA: 051724Z/NOV/2019
** OPERADOR: SO-HN CHAVES
# nquan = 27
# nvalues = 1954                                  
# units = specified
# name 0 = scan: Scan Count
# name 1 = timeJ: Julian Days
# name 2 = latitude: Latitude [deg]
# name 3 = longitude: Longitude [deg]
# name 4 = dz/dtM: Descent Rate [m/s]
# name 5 = avgsvCM: Average Sound Velocity [Chen-Millero, m/s]
# name 6 = prDM: Pressure, Digiquartz [db]
# name 7 = depSM: Depth [salt water, m]
# name 8 = t090C: Temperature [ITS-90, deg C]
# name 9 = t190C: Temperature, 2 [ITS-90, deg C]
# name 10 = T2-T190C: Temperature Difference, 2 - 1 [ITS-90, deg C]
# name 11 = potemp090C: Potential Temperature [ITS-90, deg C]
# name 12 = potemp190C: Potential Temperature, 2 [ITS-90, deg C]
# name 13 = potemp90Cdiff: Potential Temperature, Diff, 2 - 1 [ITS-90, deg C]
# name 14 = c0S/m: Conductivity [S/m]
# name 15 = c1S/m: Conductivity, 2 [S/m]
# name 16 = C2-C1S/m: Conductivity Difference, 2 - 1 [S/m]
# name 17 = sal00: Salinity, Practical [PSU]
# name 18 = sal11: Salinity, Practical, 2 [PSU]
# name 19 = sbeox0ML/L: Oxygen, SBE 43 [ml/l]
# name 20 = sigma-é00: Density [sigma-theta, kg/m^3]
# name 21 = sigma-é11: Density, 2 [sigma-theta, kg/m^3]
# name 22 = sbox0Mm/Kg: Oxygen, SBE 43 [umol/kg]
# name 23 = oxsolMm/Kg: Oxygen Saturation, Garcia & Gordon [umol/kg]
# name 24 = oxsatMm/Kg: Oxygen Saturation, Weiss [umol/kg]
# name 25 = nbf: Bottles Fired
# name 26 = flag:  0.000e+00
# interval = seconds: 0.0416667
# start_time = Nov 05 2019 17:24:22 [NMEA time, header]
# bad_flag = -9.990e-29
*END*
[from data line 1772]
      34851 309.742061  -62.16698  -58.37554     -0.059    1448.15     30.676     30.380    -0.7805    -0.7742     0.0063    -0.7813    -0.7750     0.0063   2.777646   2.778201   0.000555    34.1781    34.1785     7.5694    27.4787    27.4788    329.010  357.44203  359.08014         12  0.000e+00
      34852 309.742062  -62.16698  -58.37554     -0.053    1448.15     30.765     30.468    -0.7802    -0.7743     0.0058    -0.7810    -0.7752     0.0058   2.777658   2.778259   0.000601    34.1779    34.1794     7.5686    27.4785    27.4795    328.976  357.43990  359.07794         12  0.000e+00
      34853 309.742062  -62.16698  -58.37554     -0.052    1448.15     30.731     30.434    -0.7805    -0.7754     0.0050    -0.7813    -0.7763     0.0050   2.777640   2.778282   0.000641    34.1780    34.1810     7.5730    27.4786    27.4808    329.167  357.44235  359.08045         12  0.000e+00
      34854 309.742063  -62.16698  -58.37554     -0.052    1448.15     30.717     30.420    -0.7802    -0.7745     0.0057    -0.7810    -0.7753     0.0057   2.777652   2.778362   0.000710    34.1778    34.1810     7.5677    27.4785    27.4808    328.936  357.44005  359.07808         12  0.000e+00
      34855 309.742063  -62.16698  -58.37554     -0.051    1448.15     30.731     30.434    -0.7803    -0.7734     0.0069    -0.7812    -0.7743     0.0069   2.777640   2.778408   0.000768    34.1779    34.1804     7.5721    27.4785    27.4803    329.127  357.44162  359.07969         12  0.000e+00
      34856 309.742064  -62.16698  -58.37554     -0.046    1448.15     30.779     30.481    -0.7803    -0.7734     0.0069    -0.7811    -0.7743     0.0069   2.777634   2.778471   0.000837    34.1777    34.1812     7.5721    27.4784    27.4810    329.125  357.44157  359.07962         12  0.000e+00
      34857 309.742064  -62.16698  -58.37554     -0.042    1448.15     30.717     30.420    -0.7800    -0.7737     0.0063    -0.7809    -0.7746     0.0063   2.777634   2.778512   0.000877    34.1774    34.1822     7.5718    27.4781    27.4817    329.114  357.43963  359.07760         12  0.000e+00
      34858 309.742065  -62.16698  -58.37554     -0.043    1448.15     30.731     30.434    -0.7806    -0.7737     0.0069    -0.7815    -0.7746     0.0069   2.777634   2.778535   0.000900    34.1781    34.1825     7.5718    27.4787    27.4820    329.112  357.44367  359.08182         12  0.000e+00
      34859 309.742065  -62.16698  -58.37554     -0.038    1448.15     30.765     30.468    -0.7808    -0.7740     0.0068    -0.7817    -0.7749     0.0068   2.777610   2.778546   0.000936    34.1780    34.1830     7.5717    27.4786    27.4824    329.107  357.44574  359.08392         12  0.000e+00
      34860 309.742065  -62.16698  -58.37554     -0.036    1448.15     30.731     30.434    -0.7811    -0.7736     0.0075    -0.7820    -0.7744     0.0075   2.777622   2.778563   0.000941    34.1785    34.1827     7.5671    27.4790    27.4821    328.907  357.44705  359.08532         12  0.000e+00
      34861 309.742066  -62.16698  -58.37554     -0.034    1448.15     30.717     30.420    -0.7820    -0.7728     0.0092    -0.7829    -0.7737     0.0092   2.777634   2.778552   0.000918    34.1797    34.1817     7.5722    27.4801    27.4813    329.131  357.45241  359.09095         12  0.000e+00
      34862 309.742066  -62.16698  -58.37554     -0.029    1448.15     30.779     30.481    -0.7821    -0.7725     0.0097    -0.7830    -0.7733     0.0097   2.777634   2.778546   0.000912    34.1798    34.1812     7.5669    27.4801    27.4809    328.901  357.45325  359.09182         12  0.000e+00
      34863 309.742067  -62.16698  -58.37554     -0.026    1448.15     30.779     30.481    -0.7823    -0.7720     0.0102    -0.7831    -0.7729     0.0102   2.777634   2.778580   0.000946    34.1799    34.1811     7.5720    27.4803    27.4808    329.120  357.45398  359.09258         12  0.000e+00
      34864 309.742067  -62.16698  -58.37554     -0.024    1448.15     30.717     30.420    -0.7820    -0.7716     0.0105    -0.7829    -0.7724     0.0105   2.777610   2.778540   0.000930    34.1794    34.1801     7.5717    27.4798    27.4800    329.108  357.45332  359.09184         12  0.000e+00
      34865 309.742068  -62.16698  -58.37554     -0.024    1448.15     30.731     30.434    -0.7823    -0.7723     0.0100    -0.7832    -0.7732     0.0100   2.777622   2.778575   0.000953    34.1799    34.1815     7.5715    27.4802    27.4811    329.100  357.45471  359.09332         12  0.000e+00
      34866 309.742068  -62.16698  -58.37554     -0.018    1448.15     30.765     30.468    -0.7826    -0.7719     0.0108    -0.7835    -0.7727     0.0108   2.777616   2.778598   0.000982    34.1801    34.1812     7.5714    27.4804    27.4809    329.093  357.45682  359.09551         12  0.000e+00
      34867 309.742069  -62.16698  -58.37554     -0.016    1448.15     30.779     30.481    -0.7828    -0.7717     0.0111    -0.7837    -0.7726     0.0111   2.777628   2.778598   0.000970    34.1805    34.1810     7.5711    27.4807    27.4807    329.082  357.45785  359.09661         12  0.000e+00
      34868 309.742069  -62.16698  -58.37554     -0.009    1448.15     30.779     30.481    -0.7828    -0.7713     0.0115    -0.7836    -0.7722     0.0115   2.777652   2.778580   0.000928    34.1808    34.1803     7.5708    27.4810    27.4801    329.067  357.45658  359.09534         12  0.000e+00
      34869 309.742070  -62.16698  -58.37554     -0.007    1448.15     30.765     30.468    -0.7825    -0.7711     0.0114    -0.7834    -0.7719     0.0114   2.777598   2.778592   0.000994    34.1797    34.1803     7.5712    27.4801    27.4801    329.086  357.45678  359.09542         12  0.000e+00
      34870 309.742070  -62.16698  -58.37554     -0.006    1448.15     30.731     30.434    -0.7826    -0.7708     0.0118    -0.7835    -0.7716     0.0118   2.777580   2.778580   0.001000    34.1796    34.1798     7.5716    27.4800    27.4797    329.105  357.45813  359.09679         12  0.000e+00
      34871 309.742071  -62.16698  -58.37554     -0.004    1448.15     30.765     30.468    -0.7827    -0.7714     0.0113    -0.7836    -0.7723     0.0113   2.777640   2.778609   0.000969    34.1805    34.1808     7.5669    27.4808    27.4805    328.900  357.45664  359.09538         12  0.000e+00
      34872 309.742071  -62.16698  -58.37554     -0.001    1448.15     30.779     30.481    -0.7826    -0.7717     0.0109    -0.7835    -0.7726     0.0109   2.777616   2.778580   0.000964    34.1801    34.1808     7.5710    27.4804    27.4805    329.078  357.45685  359.09554         12  0.000e+00
      34873 309.742072  -62.16698  -58.37554      0.002    1448.15     30.765     30.468    -0.7825    -0.7716     0.0109    -0.7834    -0.7725     0.0109   2.777604   2.778609   0.001005    34.1798    34.1811     7.5654    27.4802    27.4807    328.836  357.45655  359.09520         12  0.000e+00
      34874 309.742072  -62.16698  -58.37554      0.005    1448.15     30.779     30.481    -0.7825    -0.7709     0.0116    -0.7834    -0.7718     0.0116   2.777604   2.778644   0.001039    34.1798    34.1808     7.5695    27.4801    27.4805    329.012  357.45657  359.09522         12  0.000e+00
      34875 309.742073  -62.16698  -58.37554      0.009    1448.15     30.779     30.481    -0.7824    -0.7705     0.0119    -0.7832    -0.7713     0.0119   2.777604   2.778632   0.001028    34.1797    34.1801     7.5691    27.4800    27.4799    328.995  357.45584  359.09446         12  0.000e+00
      34876 309.742073  -62.16698  -58.37554      0.012    1448.15     30.820     30.522    -0.7820    -0.7703     0.0117    -0.7829    -0.7712     0.0117   2.777586   2.778580   0.000994    34.1790    34.1792     7.5695    27.4795    27.4792    329.012  357.45441  359.09291         12  0.000e+00
      34877 309.742074  -62.16698  -58.37554      0.015    1448.15     30.779     30.481    -0.7817    -0.7714     0.0103    -0.7825    -0.7723     0.0103   2.777598   2.778512   0.000913    34.1788    34.1795     7.5689    27.4793    27.4795    328.989  357.45169  359.09010         12  0.000e+00
      34878 309.742074  -62.16698  -58.37554      0.018    1448.15     30.765     30.468    -0.7819    -0.7725     0.0094    -0.7827    -0.7733     0.0094   2.777586   2.778448   0.000862    34.1788    34.1799     7.5641    27.4793    27.4798    328.779  357.45322  359.09167         12  0.000e+00
      34879 309.742075  -62.16698  -58.37554      0.017    1448.15     30.779     30.481    -0.7817    -0.7725     0.0092    -0.7826    -0.7734     0.0092   2.777598   2.778460   0.000862    34.1788    34.1801     7.5629    27.4794    27.4800    328.726  357.45206  359.09049         12  0.000e+00
      34880 309.742075  -62.16698  -58.37554      0.021    1448.15     30.779     30.481    -0.7816    -0.7728     0.0088    -0.7824    -0.7736     0.0088   2.777604   2.778466   0.000861    34.1787    34.1805     7.5669    27.4793    27.4803    328.898  357.45073  359.08912         12  0.000e+00
      34881 309.742076  -62.16698  -58.37554      0.026    1448.15     30.820     30.522    -0.7817    -0.7731     0.0086    -0.7825    -0.7740     0.0086   2.777568   2.778425   0.000857    34.1784    34.1802     7.5621    27.4790    27.4801    328.692  357.45290  359.09129         12  0.000e+00
      34882 309.742076  -62.16698  -58.37554      0.026    1448.15     30.779     30.481    -0.7819    -0.7739     0.0080    -0.7827    -0.7747     0.0080   2.777556   2.778351   0.000794    34.1784    34.1801     7.5669    27.4790    27.4801    328.901  357.45438  359.09281         12  0.000e+00
      34883 309.742077  -62.16698  -58.37554      0.032    1448.15     30.820     30.522    -0.7821    -0.7759     0.0063    -0.7830    -0.7767     0.0063   2.777532   2.778333   0.000801    34.1784    34.1821     7.5674    27.4790    27.4818    328.922  357.45719  359.09568         12  0.000e+00
      34884 309.742077  -62.16698  -58.37554      0.034    1448.15     30.827     30.529    -0.7824    -0.7759     0.0065    -0.7832    -0.7767     0.0065   2.777526   2.778333   0.000807    34.1786    34.1821     7.5627    27.4792    27.4818    328.716  357.45889  359.09744         12  0.000e+00
      34885 309.742078  -62.16698  -58.37554      0.036    1448.15     30.820     30.522    -0.7831    -0.7761     0.0070    -0.7839    -0.7769     0.0070   2.777526   2.778276   0.000749    34.1794    34.1816     7.5676    27.4798    27.4813    328.931  357.46326  359.10200         12  0.000e+00
      34886 309.742078  -62.16698  -58.37554      0.038    1448.15     30.779     30.481    -0.7833    -0.7768     0.0064    -0.7841    -0.7777     0.0064   2.777526   2.778293   0.000767    34.1796    34.1827     7.5680    27.4800    27.4823    328.948  357.46428  359.10308         12  0.000e+00
      34887 309.742079  -62.16698  -58.37554      0.040    1448.15     30.827     30.529    -0.7833    -0.7771     0.0061    -0.7841    -0.7780     0.0061   2.777526   2.778270   0.000744    34.1796    34.1827     7.5685    27.4800    27.4823    328.969  357.46436  359.10316         12  0.000e+00
      34888 309.742079  -62.16698  -58.37554      0.042    1448.15     30.820     30.522    -0.7833    -0.7779     0.0054    -0.7842    -0.7788     0.0054   2.777544   2.778276   0.000731    34.1799    34.1837     7.5689    27.4803    27.4831    328.987  357.46403  359.10286         12  0.000e+00
      34889 309.742079  -62.16698  -58.37554      0.046    1448.15     30.827     30.529    -0.7835    -0.7780     0.0055    -0.7844    -0.7789     0.0055   2.777491   2.778259   0.000768    34.1794    34.1836     7.5694    27.4799    27.4830    329.009  357.46756  359.10641         12  0.000e+00
      34890 309.742080  -62.16698  -58.37554      0.047    1448.15     30.820     30.522    -0.7842    -0.7782     0.0060    -0.7850    -0.7791     0.0060   2.777497   2.778276   0.000779    34.1802    34.1840     7.5699    27.4806    27.4834    329.031  357.47133  359.11037         12  0.000e+00
      34891 309.742080  -62.16698  -58.37554      0.048    1448.15     30.827     30.529    -0.7843    -0.7784     0.0059    -0.7852    -0.7792     0.0059   2.777461   2.778322   0.000861    34.1799    34.1848     7.5704    27.4803    27.4840    329.052  357.47344  359.11248         12  0.000e+00
      34892 309.742081  -62.16698  -58.37554      0.052    1448.15     30.827     30.529    -0.7842    -0.7773     0.0070    -0.7851    -0.7781     0.0070   2.777467   2.778333   0.000867    34.1799    34.1837     7.5708    27.4803    27.4831    329.070  357.47285  359.11187         12  0.000e+00
      34893 309.742081  -62.16698  -58.37554      0.052    1448.15     30.820     30.522    -0.7842    -0.7771     0.0071    -0.7850    -0.7780     0.0070   2.777455   2.778374   0.000919    34.1796    34.1841     7.5712    27.4801    27.4834    329.088  357.47293  359.11193         12  0.000e+00
      34894 309.742082  -62.16698  -58.37554      0.053    1448.15     30.827     30.529    -0.7842    -0.7770     0.0072    -0.7850    -0.7778     0.0072   2.777491   2.778351   0.000860    34.1801    34.1836     7.5708    27.4805    27.4830    329.070  357.47157  359.11060         12  0.000e+00
      34895 309.742082  -62.16698  -58.37554      0.053    1448.15     30.820     30.522    -0.7840    -0.7770     0.0070    -0.7849    -0.7778     0.0070   2.777503   2.778333   0.000831    34.1801    34.1834     7.5660    27.4805    27.4828    328.859  357.47001  359.10900         12  0.000e+00
      34896 309.742083  -62.16698  -58.37554      0.059    1448.15     30.882     30.583    -0.7842    -0.7765     0.0077    -0.7851    -0.7774     0.0077   2.777461   2.778333   0.000873    34.1798    34.1828     7.5658    27.4802    27.4824    328.850  357.47317  359.11219         12  0.000e+00
      34897 309.742083  -62.16698  -58.37554      0.059    1448.15     30.827     30.529    -0.7842    -0.7763     0.0078    -0.7850    -0.7772     0.0078   2.777449   2.778316   0.000867    34.1796    34.1824     7.5706    27.4800    27.4820    329.059  357.47316  359.11216         12  0.000e+00
      34898 309.742084  -62.16698  -58.37554      0.061    1448.15     30.868     30.570    -0.7840    -0.7753     0.0088    -0.7849    -0.7761     0.0087   2.777467   2.778328   0.000861    34.1796    34.1813     7.5658    27.4800    27.4811    328.853  357.47146  359.11042         12  0.000e+00
      34899 309.742084  -62.16698  -58.37554      0.063    1448.15     30.827     30.529    -0.7835    -0.7740     0.0095    -0.7844    -0.7749     0.0095   2.777455   2.778293   0.000838    34.1789    34.1795     7.5698    27.4795    27.4796    329.026  357.46892  359.10775         12  0.000e+00
      34900 309.742085  -62.16698  -58.37554      0.059    1448.15     30.820     30.522    -0.7838    -0.7743     0.0094    -0.7846    -0.7752     0.0094   2.777467   2.778282   0.000815    34.1793    34.1797     7.5643    27.4798    27.4798    328.785  357.46991  359.10881         12  0.000e+00
      34901 309.742085  -62.16698  -58.37554      0.063    1448.15     30.882     30.583    -0.7842    -0.7755     0.0087    -0.7850    -0.7763     0.0087   2.777455   2.778264   0.000810    34.1796    34.1807     7.5633    27.4801    27.4806    328.742  357.47303  359.11203         12  0.000e+00
      34902 309.742086  -62.16698  -58.37554      0.062    1448.15     30.820     30.522    -0.7840    -0.7770     0.0070    -0.7849    -0.7778     0.0070   2.777449   2.778276   0.000827    34.1794    34.1826     7.5629    27.4799    27.4822    328.724  357.47206  359.11101         12  0.000e+00
      34903 309.742086  -62.16698  -58.37554      0.063    1448.15     30.882     30.583    -0.7837    -0.7777     0.0060    -0.7846    -0.7786     0.0060   2.777467   2.778264   0.000798    34.1792    34.1833     7.5618    27.4798    27.4828    328.676  357.46966  359.10854         12  0.000e+00
