Pos-Processados/process_op38/operantar38_003c.ros
* Sea-Bird SBE 9 Data File:
* FileName = D:\OPERANTAR_XXXVIII\DADOS\OP38_003c.hdr
* Software Version Seasave V 7.12
* Temperature SN = 4808
* Conductivity SN = 3380
* Number of Bytes Per Scan = 31
* Number of Voltage Words = 2
* Number of Scans Averaged by the Deck Unit = 1
* NMEA Latitude = 39 32.86 S
* NMEA Longitude = 054 23.47 W
* NMEA UTC (Time) = Oct 17 2019 10:25:40
** H41
** NAVIO POLAR ALMIRANTE MAXIMIANO
** CRUZEIRO:
** OPERANTAR XXXVIII
** ESTAÇÃO: OP38_003c
** LAT 39º32,87's
** LONG 054º23,45'w
** 09P73767-1155
** PROFUNDIDADE: 2920 m
** DATA/HORA: 171026Z/OUT/2019
** OPERADOR: SO-HN CHAVES
# nquan = 27
# nvalues = 1428                                  
# units = specified
# name 0 = scan: Scan Count
# name 1 = timeJ: Julian Days
# name 2 = latitude: Latitude [deg]
# name 3 = longitude: Longitude [deg]
# name 4 = dz/dtM: Descent Rate [m/s]
# name 5 = avgsvCM: Average Sound Velocity [Chen-Millero, m/s]
# name 6 = prDM: Pressure, Digiquartz [db]
# name 7 = depSM: Depth [salt water, m]
# name 8 = t090C: Temperature [ITS-90, deg C]
# name 9 = t190C: Temperature, 2 [ITS-90, deg C]
# name 10 = T2-T190C: Temperature Difference, 2 - 1 [ITS-90, deg C]
# name 11 = potemp090C: Potential Temperature [ITS-90, deg C]
# name 12 = potemp190C: Potential Temperature, 2 [ITS-90, deg C]
# name 13 = potemp90Cdiff: Potential Temperature, Diff, 2 - 1 [ITS-90, deg C]
# name 14 = c0S/m: Conductivity [S/m]
# name 15 = c1S/m: Conductivity, 2 [S/m]
# name 16 = C2-C1S/m: Conductivity Difference, 2 - 1 [S/m]
# name 17 = sal00: Salinity, Practical [PSU]
# name 18 = sal11: Salinity, Practical, 2 [PSU]
# name 19 = sbeox0ML/L: Oxygen, SBE 43 [ml/l]
# name 20 = sigma-é00: Density [sigma-theta, kg/m^3]
# name 21 = sigma-é11: Density, 2 [sigma-theta, kg/m^3]
# name 22 = sbox0Mm/Kg: Oxygen, SBE 43 [umol/kg]
# name 23 = oxsolMm/Kg: Oxygen Saturation, Garcia & Gordon [umol/kg]
# name 24 = oxsatMm/Kg: Oxygen Saturation, Weiss [umol/kg]
# name 25 = nbf: Bottles Fired
# name 26 = flag:  0.000e+00
# interval = seconds: 0.0416667
# start_time = Oct 17 2019 10:25:40 [NMEA time, header]
# bad_flag = -9.990e-29
*END*
[from data line 215]
       2682 290.435784  -39.54774  -54.39120     -0.386       0.00      2.628      2.608     6.6910     6.6886    -0.0024     6.6908     6.6884    -0.0024   3.418886   3.419087   0.000202    34.0987    34.1034     7.3622    26.7507    26.7547    320.230  297.49996  297.95770          2  0.000e+00
       2683 290.435784  -39.54774  -54.39120     -0.389       0.00      2.628      2.608     6.6935     6.6875    -0.0060     6.6932     6.6873    -0.0060   3.419099   3.419000  -0.000099    34.0987    34.1035     7.3615    26.7503    26.7550    320.197  297.48352  297.94098          2  0.000e+00
       2684 290.435785  -39.54774  -54.39120     -0.384       0.00      2.628      2.608     6.6946     6.6869    -0.0077     6.6944     6.6866    -0.0077   3.419093   3.418938  -0.000155    34.0975    34.1035     7.3610    26.7492    26.7550    320.176  297.47840  297.93571          2  0.000e+00
       2685 290.435785  -39.54774  -54.39120     -0.386       0.00      2.573      2.554     6.6943     6.6864    -0.0079     6.6940     6.6861    -0.0079   3.419022   3.418876  -0.000146    34.0971    34.1033     7.3611    26.7490    26.7550    320.182  297.48175  297.93909          2  0.000e+00
       2686 290.435786  -39.54774  -54.39120     -0.381       0.00      2.628      2.608     6.6938     6.6861    -0.0077     6.6936     6.6858    -0.0077   3.418989   3.418864  -0.000126    34.0972    34.1035     7.3613    26.7491    26.7551    320.191  297.48475  297.94214          2  0.000e+00
       2687 290.435786  -39.54774  -54.39120     -0.379       0.00      2.573      2.554     6.6931     6.6862    -0.0069     6.6929     6.6860    -0.0069   3.418950   3.418907  -0.000043    34.0974    34.1039     7.3614    26.7494    26.7554    320.196  297.48875  297.94622          2  0.000e+00
       2688 290.435787  -39.54774  -54.39120     -0.377       0.00      2.573      2.554     6.6927     6.6869    -0.0058     6.6924     6.6866    -0.0058   3.418950   3.418926  -0.000025    34.0979    34.1034     7.3611    26.7498    26.7549    320.180  297.49090  297.94844          2  0.000e+00
       2689 290.435787  -39.54774  -54.39120     -0.369       0.00      2.628      2.608     6.6927     6.6876    -0.0050     6.6924     6.6874    -0.0050   3.419009   3.418926  -0.000083    34.0985    34.1026     7.3611    26.7503    26.7542    320.181  297.48955  297.94710          2  0.000e+00
       2690 290.435788  -39.54774  -54.39120     -0.363       0.00      2.573      2.554     6.6936     6.6874    -0.0063     6.6934     6.6871    -0.0063   3.419112   3.418926  -0.000186    34.0987    34.1029     7.3608    26.7503    26.7545    320.169  297.48242  297.93987          2  0.000e+00
       2691 290.435788  -39.54774  -54.39120     -0.361       0.00      2.525      2.506     6.6946     6.6874    -0.0072     6.6944     6.6871    -0.0072   3.419145   3.418901  -0.000244    34.0981    34.1026     7.3606    26.7497    26.7543    320.159  297.47703  297.93436          2  0.000e+00
       2692 290.435788  -39.54774  -54.39120     -0.355       0.00      2.573      2.554     6.6948     6.6865    -0.0083     6.6945     6.6863    -0.0083   3.419145   3.418932  -0.000213    34.0979    34.1038     7.3601    26.7496    26.7553    320.138  297.47637  297.93367          2  0.000e+00
       2693 290.435789  -39.54774  -54.39120     -0.347       0.00      2.573      2.554     6.6941     6.6870    -0.0071     6.6939     6.6868    -0.0071   3.419125   3.418994  -0.000131    34.0984    34.1040     7.3596    26.7500    26.7554    320.118  297.47995  297.93734          2  0.000e+00
       2694 290.435789  -39.54774  -54.39120     -0.340       0.00      2.573      2.554     6.6938     6.6880    -0.0058     6.6936     6.6877    -0.0058   3.419022   3.419106   0.000084    34.0976    34.1043     7.3591    26.7494    26.7555    320.097  297.48390  297.94131          2  0.000e+00
       2695 290.435790  -39.54774  -54.39120     -0.332       0.00      2.525      2.506     6.6928     6.6903    -0.0025     6.6926     6.6900    -0.0025   3.418905   3.419206   0.000301    34.0973    34.1031     7.3591    26.7493    26.7543    320.096  297.49123  297.94874          2  0.000e+00
       2696 290.435790  -39.54774  -54.39120     -0.322       0.00      2.573      2.554     6.6914     6.6917     0.0004     6.6911     6.6915     0.0004   3.418750   3.419274   0.000524    34.0970    34.1024     7.3593    26.7493    26.7535    320.103  297.50176  297.95942          2  0.000e+00
       2697 290.435791  -39.54774  -54.39120     -0.311       0.00      2.573      2.554     6.6898     6.6927     0.0029     6.6895     6.6925     0.0029   3.418601   3.419361   0.000760    34.0969    34.1024     7.3594    26.7494    26.7534    320.107  297.51280  297.97064          2  0.000e+00
       2698 290.435791  -39.54774  -54.39120     -0.304       0.00      2.525      2.506     6.6888     6.6925     0.0037     6.6886     6.6923     0.0037   3.418510   3.419405   0.000894    34.0969    34.1031     7.3593    26.7496    26.7539    320.103  297.51951  297.97745          2  0.000e+00
       2699 290.435792  -39.54774  -54.39120     -0.292       0.00      2.573      2.554     6.6892     6.6927     0.0034     6.6890     6.6924     0.0034   3.418504   3.419436   0.000932    34.0963    34.1033     7.3586    26.7491    26.7540    320.072  297.51756  297.97544          2  0.000e+00
       2700 290.435792  -39.54774  -54.39120     -0.279       0.00      2.573      2.554     6.6896     6.6928     0.0033     6.6893     6.6926     0.0033   3.418614   3.419423   0.000809    34.0973    34.1029     7.3582    26.7497    26.7538    320.055  297.51345  297.97132          2  0.000e+00
       2701 290.435793  -39.54774  -54.39120     -0.269       0.00      2.573      2.554     6.6920     6.6933     0.0013     6.6918     6.6931     0.0013   3.419093   3.419417   0.000324    34.1001    34.1024     7.3573    26.7517    26.7533    320.016  297.49056  297.94823          2  0.000e+00
       2702 290.435793  -39.54774  -54.39120     -0.257       0.00      2.573      2.554     6.6980     6.6925    -0.0055     6.6977     6.6923    -0.0055   3.419669   3.419417  -0.000252    34.1006    34.1032     7.3558    26.7512    26.7540    319.953  297.44879  297.90580          2  0.000e+00
       2703 290.435794  -39.54774  -54.39120     -0.243       0.00      2.573      2.554     6.7038     6.6920    -0.0118     6.7036     6.6918    -0.0118   3.420187   3.419392  -0.000795    34.1005    34.1034     7.3544    26.7504    26.7542    319.892  297.40917  297.86552          2  0.000e+00
       2704 290.435794  -39.54774  -54.39120     -0.235       0.00      2.526      2.506     6.7079     6.6920    -0.0158     6.7077     6.6918    -0.0158   3.420452   3.419361  -0.001091    34.0994    34.1031     7.3533    26.7490    26.7540    319.844  297.38377  297.83964          2  0.000e+00
       2705 290.435795  -39.54774  -54.39120     -0.219       0.00      2.628      2.608     6.7092     6.6920    -0.0171     6.7089     6.6918    -0.0171   3.420498   3.419355  -0.001143    34.0985    34.1030     7.3529    26.7481    26.7539    319.824  297.37680  297.83250          2  0.000e+00
       2706 290.435795  -39.54774  -54.39120     -0.208       0.00      2.573      2.554     6.7100     6.6912    -0.0188     6.7098     6.6910    -0.0188   3.420517   3.419355  -0.001162    34.0980    34.1038     7.3523    26.7476    26.7547    319.799  297.37244  297.82804          2  0.000e+00
       2707 290.435796  -39.54774  -54.39120     -0.198       0.00      2.573      2.554     6.7098     6.6911    -0.0187     6.7096     6.6908    -0.0187   3.420459   3.419305  -0.001154    34.0975    34.1034     7.3524    26.7472    26.7544    319.805  297.37481  297.83042          2  0.000e+00
       2708 290.435796  -39.54774  -54.39120     -0.186       0.00      2.573      2.554     6.7095     6.6908    -0.0187     6.7093     6.6905    -0.0187   3.420394   3.419293  -0.001101    34.0971    34.1036     7.3525    26.7470    26.7546    319.810  297.37781  297.83345          2  0.000e+00
       2709 290.435797  -39.54774  -54.39120     -0.172       0.00      2.573      2.554     6.7080     6.6911    -0.0170     6.7078     6.6908    -0.0170   3.420239   3.419361  -0.000878    34.0968    34.1040     7.3524    26.7469    26.7549    319.805  297.38828  297.84408          2  0.000e+00
       2710 290.435797  -39.54774  -54.39120     -0.158       0.00      2.628      2.608     6.7056     6.6919    -0.0137     6.7054     6.6917    -0.0137   3.420032   3.419479  -0.000552    34.0969    34.1045     7.3525    26.7473    26.7551    319.808  297.40462  297.86069          2  0.000e+00
       2711 290.435798  -39.54774  -54.39120     -0.146       0.00      2.573      2.554     6.7038     6.6927    -0.0111     6.7036     6.6924    -0.0111   3.419857   3.419622  -0.000235    34.0968    34.1053     7.3528    26.7475    26.7557    319.821  297.41718  297.87345          2  0.000e+00
       2712 290.435798  -39.54774  -54.39120     -0.132       0.00      2.628      2.608     6.7019     6.6943    -0.0076     6.7017     6.6941    -0.0076   3.419682   3.419678  -0.000004    34.0968    34.1043     7.3487    26.7477    26.7546    319.645  297.43034  297.88682          2  0.000e+00
       2713 290.435799  -39.54774  -54.39120     -0.122       0.00      2.573      2.554     6.7014     6.6943    -0.0071     6.7012     6.6941    -0.0071   3.419611   3.419691   0.000080    34.0965    34.1044     7.3479    26.7476    26.7548    319.609  297.43440  297.89093          2  0.000e+00
       2714 290.435799  -39.54774  -54.39120     -0.107       0.00      2.628      2.608     6.7017     6.6951    -0.0066     6.7015     6.6949    -0.0066   3.419604   3.419709   0.000105    34.0961    34.1038     7.3475    26.7472    26.7542    319.591  297.43294  297.88942          2  0.000e+00
       2715 290.435800  -39.54774  -54.39120     -0.095       0.00      2.628      2.608     6.7022     6.6951    -0.0071     6.7020     6.6949    -0.0071   3.419721   3.419672  -0.000049    34.0969    34.1034     7.3465    26.7477    26.7538    319.547  297.42796  297.88441          2  0.000e+00
       2716 290.435800  -39.54774  -54.39120     -0.083       0.00      2.628      2.608     6.7058     6.6953    -0.0105     6.7055     6.6950    -0.0105   3.420012   3.419659  -0.000353    34.0966    34.1031     7.3454    26.7470    26.7536    319.502  297.40437  297.86041          2  0.000e+00
       2717 290.435801  -39.54774  -54.39120     -0.070       0.00      2.628      2.608     6.7092     6.6949    -0.0142     6.7089     6.6947    -0.0142   3.420420   3.419678  -0.000742    34.0977    34.1036     7.3444    26.7474    26.7541    319.455  297.37868  297.83437          2  0.000e+00
       2718 290.435801  -39.54774  -54.39120     -0.058       0.00      2.656      2.635     6.7108     6.6953    -0.0155     6.7105     6.6950    -0.0155   3.420595   3.419740  -0.000854    34.0980    34.1040     7.3437    26.7475    26.7543    319.426  297.36705  297.82257          2  0.000e+00
       2719 290.435802  -39.54774  -54.39120     -0.050       0.00      2.628      2.608     6.7085     6.6966    -0.0119     6.7083     6.6963    -0.0119   3.420485   3.419871  -0.000614    34.0991    34.1041     7.3437    26.7486    26.7542    319.426  297.38022  297.83602          2  0.000e+00
       2720 290.435802  -39.54774  -54.39120     -0.030       0.00      2.731      2.710     6.7058     6.6983    -0.0074     6.7055     6.6981    -0.0074   3.420180   3.420132  -0.000048    34.0984    34.1052     7.3440    26.7484    26.7548    319.439  297.40040  297.85648          2  0.000e+00
       2721 290.435802  -39.54774  -54.39120     -0.022       0.00      2.628      2.608     6.7045     6.7022    -0.0022     6.7042     6.7020    -0.0022   3.419980   3.420443   0.000463    34.0975    34.1048     7.3439    26.7479    26.7540    319.434  297.41114  297.86735          2  0.000e+00
       2722 290.435803  -39.54774  -54.39120     -0.010       0.00      2.676      2.656     6.7051     6.7052     0.0001     6.7049     6.7049     0.0001   3.420012   3.420704   0.000692    34.0972    34.1048     7.3435    26.7476    26.7536    319.418  297.40754  297.86367          2  0.000e+00
       2723 290.435803  -39.54774  -54.39120      0.001       0.00      2.731      2.710     6.7074     6.7079     0.0005     6.7071     6.7076     0.0005   3.420219   3.420928   0.000709    34.0972    34.1045     7.3469    26.7473    26.7530    319.565  297.39204  297.84792          2  0.000e+00
       2724 290.435804  -39.54774  -54.39120      0.016       0.00      2.731      2.710     6.7098     6.7087    -0.0011     6.7096     6.7085    -0.0011   3.420420   3.420934   0.000514    34.0970    34.1038     7.3431    26.7468    26.7523    319.399  297.37592  297.83152          2  0.000e+00
       2725 290.435804  -39.54774  -54.39120      0.027       0.00      2.731      2.710     6.7106     6.7079    -0.0027     6.7104     6.7076    -0.0027   3.420537   3.420872   0.000336    34.0975    34.1039     7.3471    26.7471    26.7525    319.575  297.36926  297.82479          2  0.000e+00
       2726 290.435805  -39.54774  -54.39120      0.038       0.00      2.731      2.710     6.7089     6.7087    -0.0001     6.7086     6.7085    -0.0001   3.420465   3.420928   0.000463    34.0984    34.1037     7.3436    26.7481    26.7522    319.422  297.37913  297.83487          2  0.000e+00
       2727 290.435805  -39.54774  -54.39120      0.052       0.00      2.779      2.758     6.7089     6.7094     0.0005     6.7086     6.7091     0.0005   3.420414   3.420953   0.000540    34.0978    34.1033     7.3475    26.7476    26.7519    319.591  297.38044  297.83616          2  0.000e+00
       2728 290.435806  -39.54774  -54.39120      0.063       0.00      2.779      2.758     6.7093     6.7090    -0.0003     6.7091     6.7088    -0.0003   3.420427   3.420903   0.000477    34.0975    34.1031     7.3437    26.7473    26.7517    319.424  297.37797  297.83364          2  0.000e+00
       2729 290.435806  -39.54774  -54.39120      0.076       0.00      2.779      2.758     6.7096     6.7083    -0.0014     6.7094     6.7080    -0.0014   3.420478   3.420841   0.000363    34.0978    34.1032     7.3434    26.7475    26.7519    319.413  297.37528  297.83092          2  0.000e+00
       2730 290.435807  -39.54774  -54.39120      0.089       0.00      2.827      2.805     6.7103     6.7081    -0.0022     6.7101     6.7078    -0.0022   3.420478   3.420829   0.000350    34.0971    34.1032     7.3432    26.7468    26.7520    319.404  297.37222  297.82776          2  0.000e+00
       2731 290.435807  -39.54774  -54.39120      0.101       0.00      2.827      2.805     6.7108     6.7082    -0.0026     6.7105     6.7080    -0.0026   3.420556   3.420897   0.000341    34.0975    34.1038     7.3429    26.7471    26.7524    319.393  297.36818  297.82368          2  0.000e+00
       2732 290.435808  -39.54772  -54.39120      0.113       0.00      2.827      2.805     6.7119     6.7095    -0.0024     6.7117     6.7093    -0.0024   3.420686   3.420941   0.000255    34.0978    34.1030     7.3426    26.7472    26.7516    319.377  297.35977  297.81516          2  0.000e+00
       2733 290.435808  -39.54772  -54.39120      0.127       0.00      2.881      2.859     6.7126     6.7099    -0.0027     6.7123     6.7096    -0.0027   3.420757   3.421022   0.000265    34.0979    34.1035     7.3464    26.7472    26.7519    319.544  297.35500  297.81031          2  0.000e+00
       2734 290.435809  -39.54772  -54.39120      0.138       0.00      2.881      2.859     6.7134     6.7110    -0.0024     6.7132     6.7107    -0.0024   3.420822   3.421090   0.000268    34.0978    34.1032     7.3466    26.7470    26.7515    319.552  297.34960  297.80481          2  0.000e+00
