Pos-Processados/process_op38/operantar38_017.ros
* Sea-Bird SBE 9 Data File:
* FileName = D:\OPERANTAR_XXXVIII\DADOS\OP38_017.hdr
* Software Version Seasave V 7.18c
* Temperature SN = 4808
* Conductivity SN = 3380
* Number of Bytes Per Scan = 34
* Number of Voltage Words = 3
* Number of Scans Averaged by the Deck Unit = 1
* NMEA Latitude = 62 16.17 S
* NMEA Longitude = 058 26.27 W
* NMEA UTC (Time) = Nov 05 2019 14:37:33
** H41
** NAVIO POLAR ALMIRANTE MAXIMIANO
** CRUZEIRO:
** OPERANTAR XXXVIII
** ESTAÇÃO: OP38_017
** LAT 62 16,18' S
** LONG 058 26,25' W
** 09P73767-1155_A
** PROFUNDIDADE: 110
** DATA/HORA: 051438Z/NOV/2019
** OPERADOR: SO-HN CHAVES
# nquan = 27
# nvalues = 1943                                  
# units = specified
# name 0 = scan: Scan Count
# name 1 = timeJ: Julian Days
# name 2 = latitude: Latitude [deg]
# name 3 = longitude: Longitude [deg]
# name 4 = dz/dtM: Descent Rate [m/s]
# name 5 = avgsvCM: Average Sound Velocity [Chen-Millero, m/s]
# name 6 = prDM: Pressure, Digiquartz [db]
# name 7 = depSM: Depth [salt water, m]
# name 8 = t090C: Temperature [ITS-90, deg C]
# name 9 = t190C: Temperature, 2 [ITS-90, deg C]
# name 10 = T2-T190C: Temperature Difference, 2 - 1 [ITS-90, deg C]
# name 11 = potemp090C: Potential Temperature [ITS-90, deg C]
# name 12 = potemp190C: Potential Temperature, 2 [ITS-90, deg C]
# name 13 = potemp90Cdiff: Potential Temperature, Diff, 2 - 1 [ITS-90, deg C]
# name 14 = c0S/m: Conductivity [S/m]
# name 15 = c1S/m: Conductivity, 2 [S/m]
# name 16 = C2-C1S/m: Conductivity Difference, 2 - 1 [S/m]
# name 17 = sal00: Salinity, Practical [PSU]
# name 18 = sal11: Salinity, Practical, 2 [PSU]
# name 19 = sbeox0ML/L: Oxygen, SBE 43 [ml/l]
# name 20 = sigma-é00: Density [sigma-theta, kg/m^3]
# name 21 = sigma-é11: Density, 2 [sigma-theta, kg/m^3]
# name 22 = sbox0Mm/Kg: Oxygen, SBE 43 [umol/kg]
# name 23 = oxsolMm/Kg: Oxygen Saturation, Garcia & Gordon [umol/kg]
# name 24 = oxsatMm/Kg: Oxygen Saturation, Weiss [umol/kg]
# name 25 = nbf: Bottles Fired
# name 26 = flag:  0.000e+00
# interval = seconds: 0.0416667
# start_time = Nov 05 2019 14:37:33 [NMEA time, header]
# bad_flag = -9.990e-29
*END*
[from data line 162]
      15176 309.616728  -62.26956  -58.43786     -0.019    1444.65     19.312     19.126    -0.8840    -0.8833     0.0007    -0.8845    -0.8838     0.0007   2.769481   2.769944   0.000463    34.1918    34.1973     7.5000    27.4940    27.4984    325.989  358.38541  360.04684          2  0.000e+00
      15177 309.616728  -62.26956  -58.43786     -0.022    1444.65     19.230     19.044    -0.8838    -0.8829     0.0008    -0.8843    -0.8835     0.0008   2.769517   2.769898   0.000381    34.1921    34.1963     7.4951    27.4942    27.4976    325.775  358.38243  360.04382          2  0.000e+00
      15178 309.616729  -62.26956  -58.43786     -0.020    1444.65     19.312     19.126    -0.8837    -0.8829     0.0009    -0.8842    -0.8834     0.0009   2.769529   2.769926   0.000398    34.1922    34.1966     7.5008    27.4942    27.4978    326.024  358.38174  360.04313          2  0.000e+00
      15179 309.616729  -62.26956  -58.43786     -0.020    1444.65     19.257     19.071    -0.8839    -0.8833     0.0006    -0.8844    -0.8838     0.0006   2.769529   2.769944   0.000415    34.1924    34.1973     7.5021    27.4944    27.4984    326.076  358.38275  360.04418          2  0.000e+00
      15180 309.616730  -62.26956  -58.43786     -0.023    1444.65     19.230     19.044    -0.8839    -0.8830     0.0009    -0.8844    -0.8835     0.0009   2.769511   2.769967   0.000456    34.1922    34.1974     7.4973    27.4942    27.4984    325.868  358.38339  360.04481          2  0.000e+00
      15181 309.616730  -62.26956  -58.43786     -0.020    1444.65     19.312     19.126    -0.8838    -0.8834     0.0004    -0.8843    -0.8839     0.0004   2.769505   2.769949   0.000445    34.1919    34.1975     7.4970    27.4940    27.4985    325.856  358.38303  360.04441          2  0.000e+00
      15182 309.616731  -62.26956  -58.43786     -0.023    1444.65     19.257     19.071    -0.8839    -0.8829     0.0010    -0.8844    -0.8834     0.0010   2.769505   2.769921   0.000416    34.1921    34.1965     7.4966    27.4941    27.4977    325.838  358.38367  360.04508          2  0.000e+00
      15183 309.616731  -62.26956  -58.43786     -0.025    1444.65     19.230     19.044    -0.8839    -0.8833     0.0006    -0.8844    -0.8838     0.0006   2.769505   2.769949   0.000445    34.1921    34.1974     7.5014    27.4941    27.4984    326.048  358.38362  360.04503          2  0.000e+00
      15184 309.616732  -62.26956  -58.43786     -0.026    1444.65     19.257     19.071    -0.8835    -0.8839    -0.0004    -0.8841    -0.8845    -0.0004   2.769469   2.769932   0.000463    34.1912    34.1979     7.5018    27.4934    27.4989    326.065  358.38284  360.04413          2  0.000e+00
      15185 309.616732  -62.26956  -58.43786     -0.028    1444.65     19.257     19.071    -0.8839    -0.8831     0.0008    -0.8844    -0.8836     0.0008   2.769493   2.769938   0.000445    34.1919    34.1970     7.4970    27.4940    27.4981    325.856  358.38412  360.04553          2  0.000e+00
      15186 309.616733  -62.26956  -58.43786     -0.027    1444.65     19.278     19.092    -0.8839    -0.8830     0.0009    -0.8844    -0.8836     0.0009   2.769505   2.769961   0.000456    34.1921    34.1973     7.4966    27.4941    27.4983    325.838  358.38370  360.04512          2  0.000e+00
      15187 309.616733  -62.26956  -58.43786     -0.027    1444.65     19.257     19.071    -0.8840    -0.8836     0.0004    -0.8845    -0.8841     0.0004   2.769505   2.769949   0.000445    34.1922    34.1977     7.5013    27.4942    27.4987    326.045  358.38440  360.04585          2  0.000e+00
      15188 309.616734  -62.26956  -58.43786     -0.029    1444.65     19.209     19.024    -0.8841    -0.8833     0.0008    -0.8846    -0.8838     0.0008   2.769505   2.769961   0.000456    34.1923    34.1976     7.5016    27.4943    27.4986    326.058  358.38468  360.04615          2  0.000e+00
      15189 309.616734  -62.26956  -58.43786     -0.029    1444.65     19.257     19.071    -0.8839    -0.8832     0.0007    -0.8844    -0.8837     0.0007   2.769445   2.769932   0.000487    34.1913    34.1971     7.5020    27.4935    27.4981    326.074  358.38596  360.04733          2  0.000e+00
      15190 309.616735  -62.26956  -58.43786     -0.027    1444.65     19.278     19.092    -0.8839    -0.8829     0.0010    -0.8844    -0.8835     0.0010   2.769487   2.769938   0.000451    34.1918    34.1969     7.4970    27.4939    27.4980    325.858  358.38439  360.04579          2  0.000e+00
      15191 309.616735  -62.26956  -58.43786     -0.029    1444.65     19.257     19.071    -0.8839    -0.8833     0.0006    -0.8844    -0.8838     0.0006   2.769505   2.769961   0.000456    34.1921    34.1976     7.4965    27.4941    27.4986    325.834  358.38367  360.04508          2  0.000e+00
      15192 309.616736  -62.26956  -58.43786     -0.031    1444.65     19.209     19.024    -0.8839    -0.8833     0.0006    -0.8844    -0.8838     0.0006   2.769523   2.769949   0.000427    34.1923    34.1974     7.4959    27.4944    27.4984    325.809  358.38289  360.04432          2  0.000e+00
      15193 309.616736  -62.26956  -58.43786     -0.029    1444.65     19.278     19.092    -0.8837    -0.8833     0.0004    -0.8842    -0.8838     0.0004   2.769511   2.769944   0.000433    34.1919    34.1974     7.4954    27.4940    27.4984    325.788  358.38237  360.04374          2  0.000e+00
      15194 309.616737  -62.26956  -58.43786     -0.030    1444.65     19.257     19.071    -0.8839    -0.8829     0.0010    -0.8844    -0.8835     0.0010   2.769505   2.769944   0.000439    34.1921    34.1970     7.4949    27.4941    27.4981    325.766  358.38367  360.04508          2  0.000e+00
      15195 309.616737  -62.26956  -58.43786     -0.032    1444.65     19.209     19.024    -0.8837    -0.8835     0.0002    -0.8842    -0.8840     0.0002   2.769523   2.769961   0.000438    34.1921    34.1978     7.4943    27.4942    27.4988    325.739  358.38179  360.04317          2  0.000e+00
      15196 309.616738  -62.26956  -58.43786     -0.033    1444.65     19.230     19.044    -0.8839    -0.8833     0.0006    -0.8844    -0.8838     0.0006   2.769493   2.769967   0.000474    34.1919    34.1976     7.4990    27.4940    27.4986    325.946  358.38408  360.04548          2  0.000e+00
      15197 309.616738  -62.26956  -58.43786     -0.031    1444.65     19.257     19.071    -0.8837    -0.8829     0.0009    -0.8842    -0.8834     0.0009   2.769499   2.769949   0.000450    34.1918    34.1969     7.4993    27.4939    27.4980    325.955  358.38279  360.04415          2  0.000e+00
      15198 309.616739  -62.26956  -58.43786     -0.032    1444.65     19.209     19.024    -0.8836    -0.8834     0.0002    -0.8841    -0.8839     0.0002   2.769505   2.769921   0.000416    34.1918    34.1972     7.4994    27.4939    27.4983    325.961  358.38175  360.04308          2  0.000e+00
      15199 309.616739  -62.26956  -58.43786     -0.032    1444.65     19.278     19.092    -0.8835    -0.8832     0.0004    -0.8841    -0.8837     0.0004   2.769505   2.769932   0.000427    34.1917    34.1970     7.4996    27.4938    27.4981    325.971  358.38150  360.04281          2  0.000e+00
      15200 309.616739  -62.26956  -58.43786     -0.033    1444.65     19.209     19.024    -0.8836    -0.8837    -0.0001    -0.8841    -0.8842    -0.0001   2.769505   2.769961   0.000456    34.1918    34.1981     7.4997    27.4939    27.4990    325.974  358.38175  360.04308          2  0.000e+00
      15201 309.616740  -62.26956  -58.43786     -0.033    1444.65     19.257     19.071    -0.8837    -0.8830     0.0007    -0.8842    -0.8835     0.0007   2.769493   2.769949   0.000456    34.1917    34.1971     7.4999    27.4938    27.4982    325.981  358.38302  360.04438          2  0.000e+00
      15202 309.616740  -62.26956  -58.43786     -0.033    1444.65     19.230     19.044    -0.8836    -0.8831     0.0005    -0.8841    -0.8836     0.0005   2.769499   2.769944   0.000445    34.1917    34.1971     7.4999    27.4938    27.4982    325.982  358.38201  360.04334          2  0.000e+00
      15203 309.616741  -62.26956  -58.43786     -0.033    1444.65     19.209     19.024    -0.8837    -0.8832     0.0005    -0.8842    -0.8837     0.0005   2.769523   2.769944   0.000421    34.1921    34.1972     7.4999    27.4942    27.4983    325.982  358.38179  360.04317          2  0.000e+00
      15204 309.616741  -62.26956  -58.43786     -0.033    1444.65     19.257     19.071    -0.8836    -0.8833     0.0003    -0.8841    -0.8838     0.0003   2.769493   2.769961   0.000468    34.1916    34.1975     7.4999    27.4937    27.4985    325.985  358.38229  360.04361          2  0.000e+00
      15205 309.616742  -62.26956  -58.43786     -0.032    1444.65     19.230     19.044    -0.8837    -0.8833     0.0004    -0.8842    -0.8838     0.0004   2.769481   2.769967   0.000486    34.1916    34.1977     7.4999    27.4937    27.4987    325.983  358.38343  360.04478          2  0.000e+00
      15206 309.616742  -62.26956  -58.43786     -0.033    1444.65     19.257     19.071    -0.8837    -0.8833     0.0005    -0.8842    -0.8838     0.0005   2.769499   2.769932   0.000433    34.1918    34.1972     7.4990    27.4939    27.4982    325.945  358.38279  360.04415          2  0.000e+00
      15207 309.616743  -62.26956  -58.43786     -0.032    1444.65     19.209     19.024    -0.8836    -0.8833     0.0003    -0.8841    -0.8838     0.0003   2.769487   2.769915   0.000428    34.1915    34.1970     7.4988    27.4937    27.4981    325.937  358.38243  360.04375          2  0.000e+00
      15208 309.616743  -62.26956  -58.43786     -0.035    1444.65     19.209     19.024    -0.8837    -0.8835     0.0002    -0.8842    -0.8840     0.0002   2.769499   2.769932   0.000433    34.1918    34.1974     7.4987    27.4939    27.4985    325.931  358.38271  360.04407          2  0.000e+00
      15209 309.616744  -62.26956  -58.43786     -0.031    1444.65     19.278     19.092    -0.8836    -0.8831     0.0005    -0.8841    -0.8836     0.0005   2.769523   2.769944   0.000421    34.1920    34.1971     7.4985    27.4940    27.4982    325.923  358.38118  360.04252          2  0.000e+00
      15210 309.616744  -62.26956  -58.43786     -0.032    1444.65     19.209     19.024    -0.8837    -0.8829     0.0009    -0.8842    -0.8834     0.0009   2.769529   2.769978   0.000449    34.1922    34.1974     7.4982    27.4943    27.4984    325.911  358.38156  360.04295          2  0.000e+00
      15211 309.616745  -62.26956  -58.43786     -0.032    1444.65     19.209     19.024    -0.8836    -0.8829     0.0007    -0.8841    -0.8835     0.0007   2.769553   2.769961   0.000408    34.1924    34.1972     7.4979    27.4944    27.4983    325.898  358.37991  360.04129          2  0.000e+00
      15212 309.616745  -62.26956  -58.43786     -0.030    1444.65     19.230     19.044    -0.8835    -0.8830     0.0005    -0.8841    -0.8835     0.0005   2.769535   2.769921   0.000386    34.1921    34.1968     7.4985    27.4941    27.4979    325.922  358.38027  360.04161          2  0.000e+00
      15213 309.616746  -62.26956  -58.43786     -0.034    1444.65     19.209     19.024    -0.8835    -0.8833     0.0002    -0.8840    -0.8838     0.0002   2.769529   2.769949   0.000421    34.1920    34.1974     7.4990    27.4940    27.4984    325.943  358.38010  360.04142          2  0.000e+00
      15214 309.616746  -62.26956  -58.43786     -0.030    1444.65     19.257     19.071    -0.8835    -0.8836    -0.0001    -0.8841    -0.8841    -0.0001   2.769529   2.769967   0.000438    34.1920    34.1980     7.4988    27.4941    27.4990    325.933  358.38055  360.04188          2  0.000e+00
      15215 309.616747  -62.26956  -58.43786     -0.031    1444.65     19.175     18.990    -0.8836    -0.8831     0.0005    -0.8841    -0.8836     0.0005   2.769529   2.769932   0.000403    34.1921    34.1970     7.4984    27.4942    27.4981    325.916  358.38077  360.04212          2  0.000e+00
      15216 309.616747  -62.26956  -58.43786     -0.028    1444.65     19.257     19.071    -0.8834    -0.8830     0.0004    -0.8839    -0.8835     0.0004   2.769529   2.769955   0.000426    34.1919    34.1972     7.4981    27.4939    27.4983    325.903  358.37981  360.04111          2  0.000e+00
      15217 309.616748  -62.26956  -58.43786     -0.030    1444.65     19.209     19.024    -0.8835    -0.8833     0.0002    -0.8840    -0.8838     0.0002   2.769529   2.769967   0.000438    34.1920    34.1977     7.4984    27.4940    27.4986    325.919  358.38010  360.04142          2  0.000e+00
      15218 309.616748  -62.26956  -58.43786     -0.030    1444.65     19.230     19.044    -0.8835    -0.8827     0.0008    -0.8841    -0.8832     0.0008   2.769535   2.769967   0.000432    34.1921    34.1970     7.4989    27.4941    27.4981    325.939  358.38027  360.04161          2  0.000e+00
      15219 309.616749  -62.26956  -58.43786     -0.029    1444.65     19.209     19.024    -0.8833    -0.8836    -0.0003    -0.8838    -0.8841    -0.0003   2.769529   2.769949   0.000421    34.1918    34.1978     7.4993    27.4939    27.4987    325.955  358.37900  360.04027          2  0.000e+00
      15220 309.616749  -62.26956  -58.43786     -0.029    1444.65     19.209     19.024    -0.8835    -0.8830     0.0005    -0.8841    -0.8835     0.0005   2.769493   2.769944   0.000451    34.1915    34.1971     7.4997    27.4937    27.4982    325.976  358.38184  360.04315          2  0.000e+00
      15221 309.616750  -62.26956  -58.43786     -0.029    1444.65     19.230     19.044    -0.8836    -0.8831     0.0005    -0.8841    -0.8836     0.0005   2.769517   2.769944   0.000427    34.1919    34.1971     7.5002    27.4940    27.4982    325.995  358.38132  360.04267          2  0.000e+00
      15222 309.616750  -62.26956  -58.43786     -0.030    1444.65     19.209     19.024    -0.8840    -0.8833     0.0007    -0.8845    -0.8838     0.0007   2.769511   2.769944   0.000433    34.1923    34.1974     7.5007    27.4943    27.4984    326.016  358.38409  360.04554          2  0.000e+00
      15223 309.616751  -62.26956  -58.43786     -0.029    1444.65     19.209     19.024    -0.8838    -0.8834     0.0004    -0.8843    -0.8839     0.0004   2.769463   2.769944   0.000481    34.1914    34.1975     7.5003    27.4936    27.4985    325.999  358.38445  360.04580          2  0.000e+00
      15224 309.616751  -62.26956  -58.43786     -0.029    1444.65     19.230     19.044    -0.8835    -0.8832     0.0004    -0.8841    -0.8837     0.0004   2.769475   2.769926   0.000451    34.1913    34.1970     7.4954    27.4935    27.4981    325.789  358.38256  360.04385          2  0.000e+00
      15225 309.616752  -62.26956  -58.43786     -0.024    1444.65     19.257     19.071    -0.8834    -0.8833     0.0001    -0.8839    -0.8838     0.0001   2.769499   2.769915   0.000416    34.1915    34.1970     7.5003    27.4936    27.4981    325.999  358.38096  360.04224          2  0.000e+00
      15226 309.616752  -62.26956  -58.43786     -0.026    1444.65     19.209     19.024    -0.8839    -0.8829     0.0010    -0.8844    -0.8835     0.0010   2.769523   2.769949   0.000427    34.1923    34.1971     7.4999    27.4944    27.4981    325.982  358.38289  360.04432          2  0.000e+00
      15227 309.616753  -62.26956  -58.43786     -0.023    1444.65     19.209     19.024    -0.8833    -0.8833    -0.0001    -0.8838    -0.8838    -0.0001   2.769529   2.769949   0.000421    34.1917    34.1975     7.5002    27.4938    27.4985    325.994  358.37863  360.03988          2  0.000e+00
