Pos-Processados/process_op38/operantar38_007.ros
* Sea-Bird SBE 9 Data File:
* FileName = D:\OPERANTAR_XXXVIII\DADOS\OP38_007.hdr
* Software Version Seasave V 7.18c
* Temperature SN = 4808
* Conductivity SN = 3380
* Number of Bytes Per Scan = 31
* Number of Voltage Words = 2
* Number of Scans Averaged by the Deck Unit = 1
* NMEA Latitude = 44 52.70 S
* NMEA Longitude = 051 46.25 W
* NMEA UTC (Time) = Oct 19 2019 21:28:45
** H41
** NAVIO POLAR ALMIRANTE MAXIMIANO
** CRUZEIRO:
** OPERANTAR XXXVIII
** ESTAÇÃO: OP38_007
** LAT 44 52,70' S
** LONG 051 46,27' W
** 09P73767-1155
** PROFUNDIDADE: 5881
** DATA/HORA: 192130Z/OUT/2019
** OPERADOR: SO-HN CHAVES
# nquan = 24
# nvalues = 4186                                  
# units = specified
# name 0 = scan: Scan Count
# name 1 = timeJ: Julian Days
# name 2 = latitude: Latitude [deg]
# name 3 = longitude: Longitude [deg]
# name 4 = dz/dtM: Descent Rate [m/s]
# name 5 = avgsvCM: Average Sound Velocity [Chen-Millero, m/s]
# name 6 = prDM: Pressure, Digiquartz [db]
# name 7 = depSM: Depth [salt water, m]
# name 8 = t090C: Temperature [ITS-90, deg C]
# name 9 = t190C: Temperature, 2 [ITS-90, deg C]
# name 10 = T2-T190C: Temperature Difference, 2 - 1 [ITS-90, deg C]
# name 11 = potemp090C: Potential Temperature [ITS-90, deg C]
# name 12 = potemp190C: Potential Temperature, 2 [ITS-90, deg C]
# name 13 = potemp90Cdiff: Potential Temperature, Diff, 2 - 1 [ITS-90, deg C]
# name 14 = c0S/m: Conductivity [S/m]
# name 15 = c1S/m: Conductivity, 2 [S/m]
# name 16 = C2-C1S/m: Conductivity Difference, 2 - 1 [S/m]
# name 17 = sal00: Salinity, Practical [PSU]
# name 18 = sal11: Salinity, Practical, 2 [PSU]
# name 19 = sbeox0ML/L: Oxygen, SBE 43 [ml/l]
# name 20 = sigma-é00: Density [sigma-theta, kg/m^3]
# name 21 = sigma-é11: Density, 2 [sigma-theta, kg/m^3]
# name 22 = nbf: Bottles Fired
# name 23 = flag:  0.000e+00
# interval = seconds: 0.0416667
# start_time = Oct 19 2019 21:28:45 [NMEA time, header]
# bad_flag = -9.990e-29
*END*
[from data line 423]
      62723 292.925213  -44.87834  -51.77096      0.376    1474.80     41.040     40.704     9.4882     9.4886     0.0004     9.4836     9.4840     0.0004   3.727284   3.727852   0.000568    34.6354    34.6409     6.2409    26.7540    26.7582          3  0.000e+00
      62724 292.925214  -44.87834  -51.77096      0.384    1474.80     41.143     40.806     9.4882     9.4883     0.0001     9.4836     9.4837     0.0001   3.727250   3.727859   0.000608    34.6350    34.6413     6.2410    26.7537    26.7585          3  0.000e+00
      62725 292.925214  -44.87834  -51.77096      0.393    1474.80     41.191     40.853     9.4880     9.4887     0.0007     9.4835     9.4842     0.0007   3.727210   3.727891   0.000681    34.6347    34.6411     6.2411    26.7535    26.7583          3  0.000e+00
      62726 292.925215  -44.87834  -51.77096      0.392    1474.80     41.095     40.758     9.4877     9.4884     0.0007     9.4831     9.4839     0.0007   3.727224   3.727878   0.000654    34.6353    34.6413     6.2411    26.7539    26.7585          3  0.000e+00
      62727 292.925215  -44.87834  -51.77096      0.397    1474.80     41.191     40.853     9.4879     9.4878    -0.0001     9.4833     9.4832    -0.0001   3.727210   3.727839   0.000629    34.6349    34.6415     6.2375    26.7536    26.7588          3  0.000e+00
      62728 292.925216  -44.87834  -51.77096      0.404    1474.80     41.191     40.853     9.4874     9.4878     0.0004     9.4828     9.4832     0.0004   3.727210   3.727781   0.000571    34.6354    34.6409     6.2409    26.7540    26.7583          3  0.000e+00
      62729 292.925216  -44.87834  -51.77096      0.406    1474.80     41.191     40.853     9.4875     9.4878     0.0002     9.4830     9.4832     0.0002   3.727204   3.727769   0.000565    34.6352    34.6408     6.2410    26.7539    26.7582          3  0.000e+00
      62730 292.925217  -44.87834  -51.77096      0.405    1474.80     41.191     40.853     9.4875     9.4873    -0.0003     9.4830     9.4827    -0.0003   3.727150   3.727769   0.000619    34.6346    34.6413     6.2410    26.7534    26.7587          3  0.000e+00
      62731 292.925217  -44.87834  -51.77096      0.406    1474.80     41.191     40.853     9.4874     9.4874     0.0001     9.4828     9.4829     0.0001   3.727183   3.727769   0.000585    34.6351    34.6411     6.2374    26.7538    26.7585          3  0.000e+00
      62732 292.925217  -44.87834  -51.77096      0.408    1474.80     41.246     40.907     9.4875     9.4869    -0.0006     9.4830     9.4824    -0.0006   3.727177   3.727769   0.000592    34.6349    34.6416     6.2371    26.7536    26.7590          3  0.000e+00
      62733 292.925218  -44.87834  -51.77096      0.415    1474.80     41.294     40.955     9.4872     9.4871    -0.0001     9.4826     9.4825    -0.0001   3.727170   3.727788   0.000618    34.6351    34.6416     6.2406    26.7539    26.7589          3  0.000e+00
      62734 292.925218  -44.87834  -51.77096      0.413    1474.80     41.246     40.907     9.4875     9.4874    -0.0001     9.4830     9.4829    -0.0001   3.727143   3.727749   0.000606    34.6345    34.6409     6.2369    26.7533    26.7583          3  0.000e+00
      62735 292.925219  -44.87834  -51.77096      0.415    1474.80     41.294     40.955     9.4874     9.4871    -0.0003     9.4828     9.4825    -0.0003   3.727157   3.727736   0.000580    34.6348    34.6410     6.2404    26.7536    26.7585          3  0.000e+00
      62736 292.925219  -44.87834  -51.77096      0.415    1474.80     41.294     40.955     9.4874     9.4868    -0.0006     9.4828     9.4822    -0.0006   3.727157   3.727737   0.000580    34.6348    34.6414     6.2405    26.7536    26.7588          3  0.000e+00
      62737 292.925220  -44.87834  -51.77096      0.410    1474.80     41.246     40.908     9.4870     9.4873     0.0002     9.4825     9.4827     0.0002   3.727190   3.727762   0.000572    34.6355    34.6412     6.2406    26.7542    26.7586          3  0.000e+00
      62738 292.925220  -44.87834  -51.77096      0.410    1474.80     41.349     41.009     9.4872     9.4871    -0.0001     9.4826     9.4825    -0.0001   3.727177   3.727743   0.000566    34.6351    34.6411     6.2407    26.7539    26.7586          3  0.000e+00
      62739 292.925221  -44.87834  -51.77096      0.408    1474.80     41.294     40.955     9.4870     9.4871     0.0000     9.4825     9.4825     0.0000   3.727170   3.727756   0.000586    34.6352    34.6413     6.2412    26.7540    26.7587          3  0.000e+00
      62740 292.925221  -44.87834  -51.77096      0.403    1474.80     41.294     40.955     9.4874     9.4871    -0.0003     9.4828     9.4825    -0.0003   3.727170   3.727743   0.000573    34.6349    34.6411     6.2412    26.7537    26.7586          3  0.000e+00
      62741 292.925222  -44.87834  -51.77096      0.406    1474.80     41.397     41.057     9.4872     9.4869    -0.0003     9.4826     9.4823    -0.0003   3.727170   3.727756   0.000586    34.6350    34.6414     6.2415    26.7538    26.7588          3  0.000e+00
      62742 292.925222  -44.87834  -51.77096      0.401    1474.80     41.294     40.955     9.4874     9.4869    -0.0005     9.4828     9.4824    -0.0005   3.727190   3.727769   0.000578    34.6351    34.6415     6.2381    26.7538    26.7589          3  0.000e+00
      62743 292.925223  -44.87834  -51.77096      0.400    1474.80     41.397     41.057     9.4874     9.4869    -0.0005     9.4828     9.4823    -0.0005   3.727177   3.727743   0.000566    34.6349    34.6412     6.2417    26.7537    26.7587          3  0.000e+00
      62744 292.925223  -44.87834  -51.77096      0.391    1474.80     41.294     40.955     9.4875     9.4874    -0.0001     9.4830     9.4829    -0.0001   3.727204   3.727782   0.000578    34.6351    34.6412     6.2417    26.7538    26.7586          3  0.000e+00
      62745 292.925224  -44.87834  -51.77096      0.386    1474.80     41.397     41.057     9.4877     9.4871    -0.0006     9.4831     9.4825    -0.0006   3.727177   3.727801   0.000624    34.6346    34.6417     6.2423    26.7534    26.7590          3  0.000e+00
      62746 292.925224  -44.87834  -51.77096      0.386    1474.80     41.397     41.057     9.4872     9.4873     0.0001     9.4826     9.4827     0.0001   3.727190   3.727775   0.000585    34.6353    34.6412     6.2425    26.7540    26.7587          3  0.000e+00
      62747 292.925225  -44.87834  -51.77096      0.378    1474.80     41.397     41.057     9.4874     9.4873    -0.0001     9.4828     9.4827    -0.0001   3.727150   3.727769   0.000619    34.6346    34.6412     6.2430    26.7535    26.7586          3  0.000e+00
      62748 292.925225  -44.87834  -51.77096      0.371    1474.80     41.349     41.009     9.4875     9.4869    -0.0006     9.4829     9.4824    -0.0006   3.727184   3.727769   0.000585    34.6349    34.6415     6.2431    26.7537    26.7589          3  0.000e+00
      62749 292.925226  -44.87834  -51.77096      0.362    1474.80     41.397     41.057     9.4874     9.4871    -0.0003     9.4828     9.4825    -0.0003   3.727177   3.727794   0.000618    34.6349    34.6416     6.2438    26.7537    26.7590          3  0.000e+00
      62750 292.925226  -44.87834  -51.77096      0.355    1474.80     41.349     41.010     9.4874     9.4876     0.0002     9.4828     9.4830     0.0002   3.727170   3.727775   0.000605    34.6349    34.6409     6.2439    26.7537    26.7584          3  0.000e+00
      62751 292.925227  -44.87834  -51.77096      0.346    1474.80     41.397     41.057     9.4874     9.4874     0.0001     9.4828     9.4829     0.0001   3.727204   3.727788   0.000584    34.6352    34.6412     6.2478    26.7539    26.7586          3  0.000e+00
      62752 292.925227  -44.87834  -51.77096      0.338    1474.80     41.397     41.057     9.4872     9.4874     0.0003     9.4826     9.4829     0.0003   3.727157   3.727820   0.000663    34.6349    34.6415     6.2451    26.7537    26.7589          3  0.000e+00
      62753 292.925228  -44.87834  -51.77096      0.322    1474.80     41.397     41.057     9.4874     9.4871    -0.0003     9.4828     9.4825    -0.0003   3.727157   3.727782   0.000625    34.6347    34.6415     6.2452    26.7535    26.7589          3  0.000e+00
      62754 292.925228  -44.87834  -51.77096      0.320    1474.80     41.397     41.057     9.4872     9.4874     0.0003     9.4826     9.4829     0.0003   3.727170   3.727749   0.000579    34.6350    34.6408     6.2454    26.7538    26.7583          3  0.000e+00
      62755 292.925229  -44.87834  -51.77096      0.311    1474.80     41.397     41.057     9.4874     9.4869    -0.0005     9.4828     9.4823    -0.0005   3.727190   3.727737   0.000546    34.6351    34.6412     6.2456    26.7538    26.7587          3  0.000e+00
      62756 292.925229  -44.87834  -51.77096      0.300    1474.80     41.349     41.010     9.4872     9.4871    -0.0001     9.4826     9.4825    -0.0001   3.727177   3.727807   0.000630    34.6351    34.6417     6.2491    26.7539    26.7591          3  0.000e+00
      62757 292.925230  -44.87834  -51.77096      0.288    1474.80     41.397     41.057     9.4870     9.4873     0.0002     9.4825     9.4827     0.0002   3.727170   3.727807   0.000637    34.6352    34.6416     6.2460    26.7540    26.7589          3  0.000e+00
      62758 292.925230  -44.87834  -51.77096      0.275    1474.80     41.349     41.010     9.4874     9.4873    -0.0001     9.4828     9.4827    -0.0001   3.727143   3.727775   0.000632    34.6346    34.6413     6.2460    26.7534    26.7587          3  0.000e+00
      62759 292.925231  -44.87834  -51.77096      0.263    1474.80     41.397     41.057     9.4872     9.4869    -0.0003     9.4826     9.4823    -0.0003   3.727197   3.727788   0.000591    34.6353    34.6417     6.2458    26.7540    26.7591          3  0.000e+00
      62760 292.925231  -44.87834  -51.77096      0.253    1474.80     41.397     41.057     9.4872     9.4874     0.0003     9.4826     9.4829     0.0003   3.727157   3.727749   0.000593    34.6349    34.6408     6.2460    26.7537    26.7583          3  0.000e+00
      62761 292.925231  -44.87834  -51.77096      0.239    1474.80     41.349     41.010     9.4874     9.4871    -0.0003     9.4828     9.4825    -0.0003   3.727157   3.727762   0.000606    34.6347    34.6413     6.2461    26.7536    26.7587          3  0.000e+00
      62762 292.925232  -44.87834  -51.77096      0.227    1474.80     41.349     41.010     9.4872     9.4873     0.0001     9.4826     9.4827     0.0001   3.727170   3.727769   0.000599    34.6351    34.6412     6.2462    26.7538    26.7586          3  0.000e+00
      62763 292.925232  -44.87834  -51.77096      0.214    1474.80     41.397     41.057     9.4875     9.4874    -0.0001     9.4830     9.4829    -0.0001   3.727170   3.727814   0.000644    34.6347    34.6415     6.2460    26.7535    26.7588          3  0.000e+00
      62764 292.925233  -44.87834  -51.77096      0.203    1474.80     41.349     41.010     9.4874     9.4873    -0.0001     9.4828     9.4827    -0.0001   3.727190   3.727807   0.000617    34.6351    34.6416     6.2494    26.7538    26.7589          3  0.000e+00
      62765 292.925233  -44.87834  -51.77096      0.188    1474.80     41.349     41.010     9.4874     9.4871    -0.0003     9.4828     9.4825    -0.0003   3.727177   3.727801   0.000624    34.6349    34.6417     6.2458    26.7537    26.7590          3  0.000e+00
      62766 292.925234  -44.87834  -51.77096      0.171    1474.80     41.294     40.955     9.4874     9.4874     0.0001     9.4828     9.4829     0.0001   3.727170   3.727801   0.000631    34.6349    34.6414     6.2454    26.7537    26.7587          3  0.000e+00
      62767 292.925234  -44.87834  -51.77096      0.158    1474.80     41.349     41.010     9.4874     9.4874     0.0001     9.4828     9.4829     0.0001   3.727177   3.727827   0.000650    34.6349    34.6416     6.2489    26.7537    26.7589          3  0.000e+00
      62768 292.925235  -44.87834  -51.77096      0.146    1474.80     41.349     41.010     9.4874     9.4879     0.0005     9.4828     9.4833     0.0005   3.727197   3.727833   0.000636    34.6352    34.6412     6.2492    26.7539    26.7585          3  0.000e+00
      62769 292.925235  -44.87834  -51.77096      0.130    1474.80     41.294     40.955     9.4875     9.4879     0.0004     9.4830     9.4834     0.0004   3.727177   3.727807   0.000630    34.6348    34.6410     6.2455    26.7536    26.7583          3  0.000e+00
      62770 292.925236  -44.87834  -51.77096      0.114    1474.80     41.294     40.955     9.4875     9.4878     0.0002     9.4830     9.4832     0.0002   3.727217   3.727852   0.000635    34.6352    34.6416     6.2492    26.7539    26.7589          3  0.000e+00
      62771 292.925236  -44.87834  -51.77096      0.097    1474.80     41.246     40.908     9.4875     9.4878     0.0002     9.4830     9.4832     0.0002   3.727210   3.727839   0.000629    34.6352    34.6415     6.2495    26.7539    26.7588          3  0.000e+00
      62772 292.925237  -44.87834  -51.77096      0.077    1474.80     41.246     40.908     9.4877     9.4883     0.0006     9.4831     9.4837     0.0006   3.727224   3.727833   0.000609    34.6352    34.6409     6.2498    26.7539    26.7583          3  0.000e+00
      62773 292.925237  -44.87834  -51.77096      0.063    1474.80     41.246     40.908     9.4880     9.4876    -0.0004     9.4835     9.4830    -0.0004   3.727257   3.727865   0.000608    34.6352    34.6419     6.2501    26.7538    26.7591          3  0.000e+00
      62774 292.925238  -44.87834  -51.77096      0.051    1474.80     41.246     40.908     9.4880     9.4881     0.0001     9.4835     9.4835     0.0001   3.727291   3.727839   0.000549    34.6356    34.6412     6.2467    26.7541    26.7585          3  0.000e+00
      62775 292.925238  -44.87834  -51.77096      0.034    1474.80     41.246     40.908     9.4882     9.4883     0.0001     9.4836     9.4837     0.0001   3.727284   3.727859   0.000575    34.6353    34.6412     6.2503    26.7539    26.7585          3  0.000e+00
      62776 292.925239  -44.87834  -51.77096      0.021    1474.80     41.246     40.908     9.4882     9.4879    -0.0003     9.4836     9.4834    -0.0003   3.727271   3.727872   0.000601    34.6352    34.6417     6.2502    26.7538    26.7589          3  0.000e+00
      62777 292.925239  -44.87834  -51.77096      0.006    1474.80     41.191     40.854     9.4887     9.4879    -0.0007     9.4841     9.4834    -0.0008   3.727271   3.727891   0.000620    34.6347    34.6419     6.2467    26.7533    26.7591          3  0.000e+00
      62778 292.925240  -44.87834  -51.77096     -0.010    1474.80     41.191     40.854     9.4884     9.4884     0.0000     9.4838     9.4838     0.0000   3.727244   3.727878   0.000634    34.6348    34.6413     6.2466    26.7534    26.7585          3  0.000e+00
      62779 292.925240  -44.87834  -51.77096     -0.025    1474.80     41.192     40.854     9.4885     9.4879    -0.0006     9.4840     9.4834    -0.0006   3.727284   3.727872   0.000588    34.6350    34.6417     6.2465    26.7536    26.7589          3  0.000e+00
      62780 292.925241  -44.87834  -51.77096     -0.043    1474.80     41.144     40.806     9.4884     9.4883    -0.0001     9.4838     9.4837    -0.0001   3.727277   3.727872   0.000594    34.6351    34.6414     6.2497    26.7537    26.7586          3  0.000e+00
      62781 292.925241  -44.87834  -51.77096     -0.056    1474.80     41.192     40.854     9.4885     9.4881    -0.0004     9.4840     9.4835    -0.0004   3.727271   3.727897   0.000627    34.6349    34.6418     6.2458    26.7535    26.7590          3  0.000e+00
      62782 292.925242  -44.87834  -51.77096     -0.070    1474.80     41.096     40.758     9.4884     9.4884     0.0000     9.4838     9.4839     0.0000   3.727277   3.727878   0.000601    34.6351    34.6413     6.2456    26.7537    26.7585          3  0.000e+00
