Pos-Processados/process_op38/operantar38_013b.ros
* Sea-Bird SBE 9 Data File:
* FileName = D:\OPERANTAR_XXXVIII\DADOS\OP38_013b.hdr
* Software Version Seasave V 7.18c
* Temperature SN = 4808
* Conductivity SN = 3380
* Number of Bytes Per Scan = 34
* Number of Voltage Words = 3
* Number of Scans Averaged by the Deck Unit = 1
* NMEA Latitude = 62 08.60 S
* NMEA Longitude = 058 24.70 W
* NMEA UTC (Time) = Nov 05 2019 03:39:39
** H41
** NAVIO POLAR ALMIRANTE MAXIMIANO
** CRUZEIRO:
** OPERANTAR XXXVIII
** ESTAÇÃO: OP38_013b
** LAT 62 08,60' S
** LONG 058 24,70' W
** 09P73767-1155_A
** PROFUNDIDADE: 420
** DATA/HORA: 050340Z/NOV/2019
** OPERADOR: SO-HN CHAVES
# nquan = 27
# nvalues = 1802                                  
# units = specified
# name 0 = scan: Scan Count
# name 1 = timeJ: Julian Days
# name 2 = latitude: Latitude [deg]
# name 3 = longitude: Longitude [deg]
# name 4 = dz/dtM: Descent Rate [m/s]
# name 5 = avgsvCM: Average Sound Velocity [Chen-Millero, m/s]
# name 6 = prDM: Pressure, Digiquartz [db]
# name 7 = depSM: Depth [salt water, m]
# name 8 = t090C: Temperature [ITS-90, deg C]
# name 9 = t190C: Temperature, 2 [ITS-90, deg C]
# name 10 = T2-T190C: Temperature Difference, 2 - 1 [ITS-90, deg C]
# name 11 = potemp090C: Potential Temperature [ITS-90, deg C]
# name 12 = potemp190C: Potential Temperature, 2 [ITS-90, deg C]
# name 13 = potemp90Cdiff: Potential Temperature, Diff, 2 - 1 [ITS-90, deg C]
# name 14 = c0S/m: Conductivity [S/m]
# name 15 = c1S/m: Conductivity, 2 [S/m]
# name 16 = C2-C1S/m: Conductivity Difference, 2 - 1 [S/m]
# name 17 = sal00: Salinity, Practical [PSU]
# name 18 = sal11: Salinity, Practical, 2 [PSU]
# name 19 = sbeox0ML/L: Oxygen, SBE 43 [ml/l]
# name 20 = sigma-é00: Density [sigma-theta, kg/m^3]
# name 21 = sigma-é11: Density, 2 [sigma-theta, kg/m^3]
# name 22 = sbox0Mm/Kg: Oxygen, SBE 43 [umol/kg]
# name 23 = oxsolMm/Kg: Oxygen Saturation, Garcia & Gordon [umol/kg]
# name 24 = oxsatMm/Kg: Oxygen Saturation, Weiss [umol/kg]
# name 25 = nbf: Bottles Fired
# name 26 = flag:  0.000e+00
# interval = seconds: 0.0416667
# start_time = Nov 05 2019 03:39:39 [NMEA time, header]
# bad_flag = -9.990e-29
*END*
[from data line 1611]
       5491 309.155182  -62.14340  -58.41182     -0.080       0.00      1.671      1.655    -0.6522    -0.6591    -0.0069    -0.6522    -0.6592    -0.0069   2.785013   2.784892  -0.000121    34.1507    34.1569     7.6116    27.4511    27.4564    330.850  356.30873  357.91771         12  0.000e+00
       5492 309.155183  -62.14340  -58.41182     -0.085       0.00      1.589      1.574    -0.6524    -0.6599    -0.0075    -0.6524    -0.6599    -0.0075   2.784965   2.784892  -0.000073    34.1503    34.1578     7.6113    27.4508    27.4572    330.838  356.31148  357.92048         12  0.000e+00
       5493 309.155183  -62.14340  -58.41182     -0.083       0.00      1.623      1.608    -0.6527    -0.6605    -0.0079    -0.6527    -0.6606    -0.0079   2.784971   2.784857  -0.000113    34.1507    34.1580     7.6154    27.4511    27.4574    331.018  356.31313  357.92221         12  0.000e+00
       5494 309.155184  -62.14340  -58.41182     -0.081       0.00      1.623      1.608    -0.6527    -0.6601    -0.0074    -0.6527    -0.6601    -0.0074   2.784959   2.784880  -0.000078    34.1505    34.1578     7.6107    27.4510    27.4573    330.811  356.31358  357.92265         12  0.000e+00
       5495 309.155184  -62.14340  -58.41182     -0.083       0.00      1.623      1.608    -0.6531    -0.6607    -0.0075    -0.6532    -0.6607    -0.0075   2.784971   2.784915  -0.000056    34.1512    34.1590     7.6155    27.4516    27.4582    331.019  356.31603  357.92523         12  0.000e+00
       5496 309.155185  -62.14340  -58.41182     -0.080       0.00      1.623      1.608    -0.6533    -0.6593    -0.0060    -0.6533    -0.6593    -0.0060   2.784977   2.784978   0.000002    34.1515    34.1582     7.6106    27.4518    27.4575    330.809  356.31689  357.92615         12  0.000e+00
       5497 309.155185  -62.14340  -58.41182     -0.081       0.00      1.623      1.608    -0.6530    -0.6588    -0.0058    -0.6531    -0.6589    -0.0058   2.784941   2.785076   0.000135    34.1506    34.1591     7.6152    27.4512    27.4582    331.010  356.31643  357.92559         12  0.000e+00
       5498 309.155186  -62.14340  -58.41182     -0.075       0.00      1.671      1.655    -0.6532    -0.6570    -0.0038    -0.6532    -0.6570    -0.0038   2.784983   2.785168   0.000185    34.1514    34.1582     7.6111    27.4518    27.4574    330.831  356.31602  357.92525         12  0.000e+00
       5499 309.155186  -62.14340  -58.41182     -0.072       0.00      1.623      1.608    -0.6530    -0.6564    -0.0034    -0.6531    -0.6564    -0.0034   2.784965   2.785162   0.000198    34.1510    34.1574     7.6113    27.4514    27.4568    330.838  356.31553  357.92470         12  0.000e+00
       5500 309.155187  -62.14340  -58.41182     -0.068       0.00      1.623      1.608    -0.6530    -0.6561    -0.0030    -0.6531    -0.6561    -0.0030   2.784971   2.785191   0.000220    34.1511    34.1575     7.6107    27.4515    27.4568    330.813  356.31530  357.92448         12  0.000e+00
       5501 309.155187  -62.14340  -58.41182     -0.070       0.00      1.671      1.655    -0.6535    -0.6557    -0.0023    -0.6535    -0.6558    -0.0023   2.784959   2.785191   0.000232    34.1514    34.1571     7.6102    27.4518    27.4565    330.793  356.31874  357.92803         12  0.000e+00
       5502 309.155188  -62.14340  -58.41182     -0.059       0.00      1.637      1.621    -0.6535    -0.6555    -0.0021    -0.6535    -0.6556    -0.0021   2.784935   2.785162   0.000228    34.1511    34.1565     7.6096    27.4515    27.4560    330.764  356.31958  357.92886         12  0.000e+00
       5503 309.155188  -62.14340  -58.41182     -0.055       0.00      1.671      1.655    -0.6539    -0.6557    -0.0018    -0.6540    -0.6558    -0.0018   2.784875   2.785191   0.000316    34.1508    34.1571     7.6091    27.4513    27.4565    330.742  356.32480  357.93416         12  0.000e+00
       5504 309.155189  -62.14340  -58.41182     -0.054       0.00      1.623      1.608    -0.6547    -0.6553    -0.0006    -0.6547    -0.6553    -0.0006   2.784845   2.785214   0.000369    34.1513    34.1569     7.6085    27.4517    27.4563    330.716  356.33056  357.94011         12  0.000e+00
       5505 309.155189  -62.14340  -58.41182     -0.047       0.00      1.671      1.655    -0.6552    -0.6551     0.0000    -0.6552    -0.6552     0.0000   2.784827   2.785133   0.000307    34.1515    34.1556     7.6130    27.4519    27.4553    330.913  356.33423  357.94388         12  0.000e+00
       5506 309.155190  -62.14340  -58.41182     -0.042       0.00      1.671      1.655    -0.6552    -0.6559    -0.0007    -0.6552    -0.6559    -0.0007   2.784857   2.785122   0.000265    34.1519    34.1563     7.6130    27.4523    27.4559    330.911  356.33310  357.94278         12  0.000e+00
       5507 309.155190  -62.14340  -58.41182     -0.037       0.00      1.671      1.655    -0.6549    -0.6565    -0.0016    -0.6549    -0.6566    -0.0016   2.784851   2.785076   0.000225    34.1515    34.1564     7.6128    27.4519    27.4560    330.905  356.33151  357.94111         12  0.000e+00
       5508 309.155190  -62.14340  -58.41182     -0.033       0.00      1.671      1.655    -0.6549    -0.6569    -0.0021    -0.6549    -0.6570    -0.0021   2.784845   2.785030   0.000185    34.1514    34.1563     7.6127    27.4519    27.4559    330.898  356.33174  357.94133         12  0.000e+00
       5509 309.155191  -62.14340  -58.41182     -0.028       0.00      1.671      1.655    -0.6547    -0.6581    -0.0034    -0.6547    -0.6581    -0.0034   2.784845   2.785041   0.000197    34.1512    34.1577     7.6132    27.4517    27.4571    330.922  356.33065  357.94019         12  0.000e+00
       5510 309.155191  -62.14340  -58.41182     -0.020       0.00      1.719      1.703    -0.6545    -0.6582    -0.0037    -0.6546    -0.6583    -0.0037   2.784845   2.785013   0.000168    34.1510    34.1574     7.6138    27.4515    27.4569    330.947  356.32964  357.93914         12  0.000e+00
       5511 309.155192  -62.14340  -58.41182     -0.015       0.00      1.671      1.655    -0.6544    -0.6579    -0.0035    -0.6544    -0.6579    -0.0035   2.784827   2.784938   0.000111    34.1507    34.1561     7.6142    27.4512    27.4558    330.966  356.32951  357.93896         12  0.000e+00
       5512 309.155192  -62.14340  -58.41182     -0.005       0.00      1.740      1.723    -0.6544    -0.6582    -0.0038    -0.6544    -0.6583    -0.0038   2.784857   2.784921   0.000064    34.1510    34.1562     7.6140    27.4515    27.4559    330.955  356.32850  357.93797         12  0.000e+00
       5513 309.155193  -62.14340  -58.41182      0.000       0.00      1.719      1.703    -0.6545    -0.6587    -0.0041    -0.6546    -0.6587    -0.0041   2.784851   2.784863   0.000012    34.1511    34.1559     7.6144    27.4516    27.4557    330.973  356.32942  357.93892         12  0.000e+00
       5514 309.155193  -62.14340  -58.41182      0.005       0.00      1.671      1.655    -0.6549    -0.6596    -0.0047    -0.6549    -0.6596    -0.0047   2.784863   2.784817  -0.000046    34.1517    34.1564     7.6148    27.4521    27.4561    330.989  356.33106  357.94066         12  0.000e+00
       5515 309.155194  -62.14340  -58.41182      0.013       0.00      1.719      1.703    -0.6545    -0.6593    -0.0048    -0.6546    -0.6593    -0.0048   2.784833   2.784869   0.000036    34.1508    34.1567     7.6151    27.4514    27.4563    331.005  356.33010  357.93958         12  0.000e+00
       5516 309.155194  -62.14340  -58.41182      0.022       0.00      1.774      1.757    -0.6547    -0.6587    -0.0040    -0.6547    -0.6587    -0.0040   2.784821   2.784938   0.000117    34.1508    34.1569     7.6147    27.4514    27.4565    330.989  356.33173  357.94125         12  0.000e+00
       5517 309.155195  -62.14340  -58.41182      0.030       0.00      1.774      1.757    -0.6549    -0.6579    -0.0030    -0.6549    -0.6579    -0.0030   2.784839   2.784944   0.000105    34.1513    34.1561     7.6150    27.4517    27.4558    331.000  356.33214  357.94172         12  0.000e+00
       5518 309.155195  -62.14340  -58.41182      0.037       0.00      1.719      1.703    -0.6550    -0.6585    -0.0035    -0.6550    -0.6586    -0.0035   2.784809   2.784944   0.000135    34.1510    34.1569     7.6152    27.4516    27.4564    331.009  356.33390  357.94350         12  0.000e+00
       5519 309.155196  -62.14340  -58.41182      0.045       0.00      1.774      1.757    -0.6550    -0.6585    -0.0035    -0.6550    -0.6585    -0.0035   2.784797   2.784926   0.000129    34.1508    34.1566     7.6155    27.4514    27.4562    331.021  356.33445  357.94403         12  0.000e+00
       5520 309.155196  -62.14340  -58.41182      0.052       0.00      1.774      1.757    -0.6552    -0.6593    -0.0041    -0.6552    -0.6593    -0.0041   2.784815   2.784823   0.000008    34.1513    34.1561     7.6157    27.4518    27.4558    331.028  356.33486  357.94450         12  0.000e+00
       5521 309.155197  -62.14340  -58.41182      0.062       0.00      1.822      1.804    -0.6552    -0.6624    -0.0072    -0.6552    -0.6624    -0.0072   2.784839   2.784685  -0.000154    34.1516    34.1577     7.6158    27.4520    27.4572    331.035  356.33403  357.94370         12  0.000e+00
       5522 309.155197  -62.14340  -58.41182      0.065       0.00      1.740      1.723    -0.6556    -0.6627    -0.0071    -0.6557    -0.6627    -0.0071   2.784773   2.784622  -0.000152    34.1513    34.1572     7.6160    27.4518    27.4569    331.041  356.33928  357.94903         12  0.000e+00
       5523 309.155198  -62.14340  -58.41182      0.074       0.00      1.822      1.804    -0.6560    -0.6621    -0.0061    -0.6560    -0.6621    -0.0061   2.784743   2.784702  -0.000041    34.1512    34.1576     7.6162    27.4517    27.4571    331.051  356.34273  357.95254         12  0.000e+00
       5524 309.155198  -62.14340  -58.41182      0.081       0.00      1.774      1.757    -0.6564    -0.6621    -0.0056    -0.6565    -0.6621    -0.0056   2.784683   2.784777   0.000094    34.1509    34.1586     7.6112    27.4515    27.4580    330.832  356.34781  357.95771         12  0.000e+00
       5525 309.155199  -62.14340  -58.41182      0.086       0.00      1.822      1.804    -0.6570    -0.6612    -0.0041    -0.6571    -0.6612    -0.0041   2.784683   2.784846   0.000163    34.1516    34.1585     7.6106    27.4521    27.4578    330.807  356.35152  357.96158         12  0.000e+00
       5526 309.155199  -62.14340  -58.41182      0.095       0.00      1.822      1.804    -0.6572    -0.6602    -0.0030    -0.6572    -0.6603    -0.0030   2.784689   2.784921   0.000231    34.1518    34.1584     7.6142    27.4523    27.4577    330.965  356.35238  357.96249         12  0.000e+00
       5527 309.155200  -62.14340  -58.41182      0.100       0.00      1.822      1.804    -0.6572    -0.6599    -0.0027    -0.6572    -0.6600    -0.0027   2.784707   2.784909   0.000202    34.1521    34.1579     7.6090    27.4525    27.4573    330.739  356.35170  357.96182         12  0.000e+00
       5528 309.155200  -62.14340  -58.41182      0.107       0.00      1.822      1.804    -0.6564    -0.6585    -0.0021    -0.6565    -0.6586    -0.0021   2.784713   2.784869   0.000156    34.1513    34.1558     7.6132    27.4518    27.4555    330.922  356.34676  357.95668         12  0.000e+00
       5529 309.155201  -62.14340  -58.41182      0.111       0.00      1.822      1.804    -0.6565    -0.6599    -0.0033    -0.6566    -0.6599    -0.0033   2.784773   2.784783   0.000010    34.1523    34.1562     7.6131    27.4526    27.4559    330.918  356.34522  357.95522         12  0.000e+00
       5530 309.155201  -62.14340  -58.41182      0.118       0.00      1.870      1.852    -0.6565    -0.6618    -0.0052    -0.6566    -0.6618    -0.0052   2.784755   2.784581  -0.000174    34.1520    34.1556     7.6131    27.4524    27.4555    330.917  356.34598  357.95597         12  0.000e+00
       5531 309.155202  -62.14340  -58.41182      0.122       0.00      1.822      1.804    -0.6565    -0.6652    -0.0086    -0.6566    -0.6652    -0.0086   2.784701   2.784386  -0.000315    34.1513    34.1568     7.6130    27.4518    27.4566    330.911  356.34794  357.95788         12  0.000e+00
       5532 309.155202  -62.14340  -58.41182      0.128       0.00      1.890      1.872    -0.6570    -0.6672    -0.0101    -0.6571    -0.6672    -0.0101   2.784689   2.784374  -0.000315    34.1516    34.1588     7.6138    27.4521    27.4584    330.946  356.35141  357.96147         12  0.000e+00
       5533 309.155203  -62.14340  -58.41182      0.136       0.00      1.870      1.852    -0.6574    -0.6661    -0.0087    -0.6574    -0.6661    -0.0087   2.784689   2.784414  -0.000275    34.1520    34.1582     7.6136    27.4524    27.4578    330.940  356.35355  357.96371         12  0.000e+00
       5534 309.155203  -62.14340  -58.41182      0.140       0.00      1.870      1.852    -0.6575    -0.6653    -0.0078    -0.6575    -0.6654    -0.0078   2.784671   2.784460  -0.000211    34.1519    34.1579     7.6135    27.4524    27.4576    330.933  356.35495  357.96513         12  0.000e+00
       5535 309.155204  -62.14340  -58.41182      0.141       0.00      1.822      1.804    -0.6574    -0.6649    -0.0075    -0.6574    -0.6649    -0.0075   2.784641   2.784506  -0.000135    34.1514    34.1581     7.6132    27.4519    27.4577    330.922  356.35528  357.96540         12  0.000e+00
       5536 309.155204  -62.14340  -58.41182      0.147       0.00      1.925      1.906    -0.6575    -0.6646    -0.0071    -0.6575    -0.6646    -0.0071   2.784635   2.784524  -0.000112    34.1514    34.1579     7.6139    27.4519    27.4575    330.951  356.35640  357.96655         12  0.000e+00
       5537 309.155204  -62.14340  -58.41182      0.147       0.00      1.870      1.852    -0.6574    -0.6639    -0.0066    -0.6574    -0.6640    -0.0066   2.784635   2.784483  -0.000152    34.1513    34.1567     7.6084    27.4519    27.4565    330.713  356.35558  357.96570         12  0.000e+00
       5538 309.155205  -62.14340  -58.41182      0.148       0.00      1.870      1.852    -0.6576    -0.6650    -0.0074    -0.6577    -0.6651    -0.0074   2.784599   2.784455  -0.000145    34.1511    34.1575     7.6126    27.4517    27.4572    330.895  356.35875  357.96893         12  0.000e+00
       5539 309.155205  -62.14340  -58.41182      0.149       0.00      1.870      1.852    -0.6576    -0.6656    -0.0080    -0.6577    -0.6657    -0.0080   2.784635   2.784363  -0.000273    34.1516    34.1570     7.6174    27.4521    27.4568    331.105  356.35740  357.96760         12  0.000e+00
       5540 309.155206  -62.14340  -58.41182      0.153       0.00      1.870      1.852    -0.6572    -0.6670    -0.0098    -0.6572    -0.6671    -0.0098   2.784635   2.784340  -0.000296    34.1511    34.1582     7.6126    27.4517    27.4579    330.896  356.35450  357.96457         12  0.000e+00
       5541 309.155206  -62.14340  -58.41182      0.151       0.00      1.870      1.852    -0.6572    -0.6670    -0.0098    -0.6572    -0.6671    -0.0098   2.784671   2.784380  -0.000291    34.1516    34.1588     7.6122    27.4521    27.4583    330.879  356.35314  357.96324         12  0.000e+00
       5542 309.155207  -62.14340  -58.41182      0.153       0.00      1.925      1.906    -0.6570    -0.6667    -0.0097    -0.6571    -0.6668    -0.0097   2.784707   2.784449  -0.000258    34.1518    34.1593     7.6126    27.4523    27.4587    330.895  356.35079  357.96086         12  0.000e+00
       5543 309.155207  -62.14340  -58.41182      0.150       0.00      1.842      1.825    -0.6565    -0.6656    -0.0091    -0.6566    -0.6657    -0.0091   2.784713   2.784506  -0.000207    34.1514    34.1589     7.6120    27.4519    27.4584    330.870  356.34752  357.95747         12  0.000e+00
