Pos-Processados/process_op38/operantar38_022.ros
* Sea-Bird SBE 9 Data File:
* FileName = D:\OPERANTAR_XXXVIII\DADOS\OP38_022.hdr
* Software Version Seasave V 7.18c
* Temperature SN = 4808
* Conductivity SN = 3380
* Number of Bytes Per Scan = 34
* Number of Voltage Words = 3
* Number of Scans Averaged by the Deck Unit = 1
* NMEA Latitude = 62 12.34 S
* NMEA Longitude = 058 18.00 W
* NMEA UTC (Time) = Nov 22 2019 17:26:52
** H41
** NAVIO POLAR ALMIRANTE MAXIMIANO
** CRUZEIRO:
** OPERANTAR XXXVIII
** ESTAÇÃO: OP38_022
** LAT 62 12,33'S
** LONG 058 18,01'W
** 09P73767-1155_A
** PROFUNDIDADE: 200
** DATA/HORA: 221727Z/NOV/2019
** OPERADOR: SO-HN CHAVES
# nquan = 26
# nvalues = 1406                                  
# units = specified
# name 0 = scan: Scan Count
# name 1 = timeJ: Julian Days
# name 2 = latitude: Latitude [deg]
# name 3 = longitude: Longitude [deg]
# name 4 = dz/dtM: Descent Rate [m/s]
# name 5 = avgsvCM: Average Sound Velocity [Chen-Millero, m/s]
# name 6 = prDM: Pressure, Digiquartz [db]
# name 7 = depSM: Depth [salt water, m]
# name 8 = t090C: Temperature [ITS-90, deg C]
# name 9 = t190C: Temperature, 2 [ITS-90, deg C]
# name 10 = T2-T190C: Temperature Difference, 2 - 1 [ITS-90, deg C]
# name 11 = potemp090C: Potential Temperature [ITS-90, deg C]
# name 12 = potemp190C: Potential Temperature, 2 [ITS-90, deg C]
# name 13 = potemp90Cdiff: Potential Temperature, Diff, 2 - 1 [ITS-90, deg C]
# name 14 = c0S/m: Conductivity [S/m]
# name 15 = c1S/m: Conductivity, 2 [S/m]
# name 16 = C2-C1S/m: Conductivity Difference, 2 - 1 [S/m]
# name 17 = sal00: Salinity, Practical [PSU]
# name 18 = sal11: Salinity, Practical, 2 [PSU]
# name 19 = sbeox0ML/L: Oxygen, SBE 43 [ml/l]
# name 20 = sbeox1ML/L: Oxygen, SBE 43, 2 [ml/l]
# name 21 = sbeox0ML/Ldiff: Oxygen, SBE 43, Diff, 2 - 1 [ml/l]
# name 22 = sigma-é00: Density [sigma-theta, kg/m^3]
# name 23 = sigma-é11: Density, 2 [sigma-theta, kg/m^3]
# name 24 = nbf: Bottles Fired
# name 25 = flag:  0.000e+00
# interval = seconds: 0.0416667
# start_time = Nov 22 2019 17:26:52 [NMEA time, header]
# bad_flag = -9.990e-29
*END*
[from data line 1394]
      24451 326.738782  -62.20580  -58.30018     -0.024    1447.10      3.794      3.757    -0.1618    -0.1585     0.0033    -0.1619    -0.1586     0.0033   2.824582   2.825169   0.000587    34.1285    34.1326     7.7085     7.4265    -0.2820    27.4108    27.4139          8  0.000e+00
      24452 326.738782  -62.20580  -58.30018     -0.027    1447.10      3.794      3.757    -0.1616    -0.1583     0.0033    -0.1617    -0.1584     0.0033   2.824594   2.825158   0.000564    34.1284    34.1322     7.7085     7.4265    -0.2821    27.4107    27.4136          8  0.000e+00
      24453 326.738783  -62.20580  -58.30018     -0.028    1447.10      3.794      3.757    -0.1616    -0.1581     0.0036    -0.1618    -0.1582     0.0036   2.824570   2.825088   0.000518    34.1281    34.1310     7.7086     7.4368    -0.2719    27.4105    27.4127          8  0.000e+00
      24454 326.738783  -62.20580  -58.30018     -0.031    1447.10      3.794      3.757    -0.1616    -0.1582     0.0034    -0.1617    -0.1583     0.0034   2.824600   2.825048   0.000448    34.1284    34.1306     7.7129     7.4320    -0.2809    27.4107    27.4123          8  0.000e+00
      24455 326.738784  -62.20580  -58.30018     -0.034    1447.10      3.794      3.757    -0.1616    -0.1580     0.0036    -0.1618    -0.1581     0.0036   2.824600   2.825123   0.000523    34.1285    34.1314     7.7137     7.4261    -0.2876    27.4108    27.4130          8  0.000e+00
      24456 326.738784  -62.20580  -58.30018     -0.037    1447.10      3.794      3.757    -0.1615    -0.1585     0.0029    -0.1616    -0.1586     0.0029   2.824612   2.825216   0.000603    34.1285    34.1332     7.7144     7.4317    -0.2827    27.4108    27.4145          8  0.000e+00
      24457 326.738785  -62.20580  -58.30018     -0.040    1447.10      3.746      3.710    -0.1612    -0.1582     0.0030    -0.1613    -0.1583     0.0030   2.824618   2.825169   0.000551    34.1283    34.1323     7.7142     7.4394    -0.2747    27.4106    27.4137          8  0.000e+00
      24458 326.738785  -62.20580  -58.30018     -0.042    1447.10      3.794      3.757    -0.1613    -0.1585     0.0028    -0.1614    -0.1586     0.0028   2.824600   2.825129   0.000529    34.1281    34.1320     7.7098     7.4359    -0.2739    27.4105    27.4135          8  0.000e+00
      24459 326.738786  -62.20580  -58.30018     -0.045    1447.10      3.794      3.757    -0.1613    -0.1586     0.0027    -0.1615    -0.1588     0.0027   2.824594   2.825123   0.000529    34.1281    34.1321     7.7097     7.4300    -0.2797    27.4105    27.4136          8  0.000e+00
      24460 326.738786  -62.20580  -58.30018     -0.047    1447.10      3.746      3.710    -0.1611    -0.1588     0.0023    -0.1612    -0.1589     0.0023   2.824630   2.825141   0.000510    34.1284    34.1326     7.7095     7.4287    -0.2808    27.4106    27.4140          8  0.000e+00
      24461 326.738787  -62.20580  -58.30018     -0.048    1447.10      3.794      3.757    -0.1612    -0.1591     0.0021    -0.1613    -0.1592     0.0021   2.824648   2.825198   0.000550    34.1286    34.1337     7.7094     7.4298    -0.2796    27.4109    27.4148          8  0.000e+00
      24462 326.738787  -62.20580  -58.30018     -0.050    1447.10      3.794      3.757    -0.1611    -0.1594     0.0017    -0.1612    -0.1595     0.0017   2.824624   2.825146   0.000522    34.1282    34.1333     7.7093     7.4298    -0.2795    27.4106    27.4146          8  0.000e+00
