Pos-Processados/process_op38/operantar38_022.ros
* Sea-Bird SBE 9 Data File:
* FileName = D:\OPERANTAR_XXXVIII\DADOS\OP38_022.hdr
* Software Version Seasave V 7.18c
* Temperature SN = 4808
* Conductivity SN = 3380
* Number of Bytes Per Scan = 34
* Number of Voltage Words = 3
* Number of Scans Averaged by the Deck Unit = 1
* NMEA Latitude = 62 12.34 S
* NMEA Longitude = 058 18.00 W
* NMEA UTC (Time) = Nov 22 2019 17:26:52
** H41
** NAVIO POLAR ALMIRANTE MAXIMIANO
** CRUZEIRO:
** OPERANTAR XXXVIII
** ESTAÇÃO: OP38_022
** LAT 62 12,33'S
** LONG 058 18,01'W
** 09P73767-1155_A
** PROFUNDIDADE: 200
** DATA/HORA: 221727Z/NOV/2019
** OPERADOR: SO-HN CHAVES
# nquan = 27
# nvalues = 1406                                  
# units = specified
# name 0 = scan: Scan Count
# name 1 = timeJ: Julian Days
# name 2 = latitude: Latitude [deg]
# name 3 = longitude: Longitude [deg]
# name 4 = dz/dtM: Descent Rate [m/s]
# name 5 = avgsvCM: Average Sound Velocity [Chen-Millero, m/s]
# name 6 = prDM: Pressure, Digiquartz [db]
# name 7 = depSM: Depth [salt water, m]
# name 8 = t090C: Temperature [ITS-90, deg C]
# name 9 = t190C: Temperature, 2 [ITS-90, deg C]
# name 10 = T2-T190C: Temperature Difference, 2 - 1 [ITS-90, deg C]
# name 11 = potemp090C: Potential Temperature [ITS-90, deg C]
# name 12 = potemp190C: Potential Temperature, 2 [ITS-90, deg C]
# name 13 = potemp90Cdiff: Potential Temperature, Diff, 2 - 1 [ITS-90, deg C]
# name 14 = c0S/m: Conductivity [S/m]
# name 15 = c1S/m: Conductivity, 2 [S/m]
# name 16 = C2-C1S/m: Conductivity Difference, 2 - 1 [S/m]
# name 17 = sal00: Salinity, Practical [PSU]
# name 18 = sal11: Salinity, Practical, 2 [PSU]
# name 19 = sbeox0ML/L: Oxygen, SBE 43 [ml/l]
# name 20 = sigma-é00: Density [sigma-theta, kg/m^3]
# name 21 = sigma-é11: Density, 2 [sigma-theta, kg/m^3]
# name 22 = sbox0Mm/Kg: Oxygen, SBE 43 [umol/kg]
# name 23 = oxsolMm/Kg: Oxygen Saturation, Garcia & Gordon [umol/kg]
# name 24 = oxsatMm/Kg: Oxygen Saturation, Weiss [umol/kg]
# name 25 = nbf: Bottles Fired
# name 26 = flag:  0.000e+00
# interval = seconds: 0.0416667
# start_time = Nov 22 2019 17:26:52 [NMEA time, header]
# bad_flag = -9.990e-29
*END*
[from data line 967]
      23963 326.738546  -62.20580  -58.30020      0.066    1447.10      3.893      3.855    -0.1734    -0.1739    -0.0005    -0.1736    -0.1740    -0.0005   2.823770   2.824071   0.000301    34.1306    34.1352     7.7103    27.4131    27.4168    335.155  351.90865  353.41640          6  0.000e+00
      23964 326.738547  -62.20580  -58.30020      0.071    1447.10      3.940      3.903    -0.1736    -0.1741    -0.0005    -0.1737    -0.1742    -0.0005   2.823770   2.824129   0.000359    34.1308    34.1361     7.7060    27.4132    27.4176    334.966  351.90979  353.41758          6  0.000e+00
      23965 326.738547  -62.20580  -58.30020      0.074    1447.10      3.940      3.903    -0.1734    -0.1737    -0.0002    -0.1736    -0.1738    -0.0002   2.823745   2.824117   0.000372    34.1302    34.1355     7.7058    27.4128    27.4170    334.960  351.90962  353.41734          6  0.000e+00
      23966 326.738548  -62.20580  -58.30020      0.072    1447.10      3.845      3.808    -0.1734    -0.1739    -0.0005    -0.1736    -0.1740    -0.0005   2.823739   2.824053   0.000314    34.1302    34.1350     7.7056    27.4128    27.4166    334.950  351.90968  353.41740          6  0.000e+00
      23967 326.738548  -62.20580  -58.30020      0.072    1447.10      3.941      3.903    -0.1734    -0.1737    -0.0002    -0.1736    -0.1738    -0.0002   2.823721   2.824088   0.000367    34.1299    34.1351     7.7056    27.4125    27.4167    334.950  351.91050  353.41821          6  0.000e+00
      23968 326.738549  -62.20580  -58.30020      0.079    1447.10      3.941      3.903    -0.1734    -0.1738    -0.0003    -0.1736    -0.1739    -0.0003   2.823751   2.824134   0.000383    34.1303    34.1358     7.7055    27.4128    27.4173    334.944  351.90940  353.41712          6  0.000e+00
      23969 326.738549  -62.20580  -58.30020      0.078    1447.10      3.941      3.903    -0.1734    -0.1735    -0.0001    -0.1736    -0.1736    -0.0001   2.823745   2.824100   0.000354    34.1302    34.1350     7.7053    27.4128    27.4167    334.939  351.90962  353.41734          6  0.000e+00
      23970 326.738550  -62.20580  -58.30020      0.078    1447.10      3.893      3.855    -0.1735    -0.1734     0.0002    -0.1737    -0.1735     0.0002   2.823721   2.824048   0.000326    34.1301    34.1342     7.7052    27.4127    27.4160    334.933  351.91112  353.41886          6  0.000e+00
      23971 326.738550  -62.20580  -58.30020      0.079    1447.10      3.941      3.903    -0.1738    -0.1739    -0.0001    -0.1739    -0.1741    -0.0001   2.823715   2.824071   0.000355    34.1302    34.1351     7.7052    27.4128    27.4168    334.931  351.91284  353.42063          6  0.000e+00
      23972 326.738551  -62.20580  -58.30020      0.084    1447.10      3.941      3.903    -0.1737    -0.1737     0.0000    -0.1738    -0.1738     0.0000   2.823715   2.824129   0.000413    34.1302    34.1356     7.7050    27.4127    27.4171    334.926  351.91248  353.42026          6  0.000e+00
      23973 326.738551  -62.20580  -58.30020      0.080    1447.10      3.893      3.855    -0.1741    -0.1739     0.0001    -0.1742    -0.1740     0.0001   2.823697   2.824077   0.000379    34.1303    34.1352     7.7049    27.4129    27.4168    334.921  351.91518  353.42304          6  0.000e+00
      23974 326.738552  -62.20580  -58.30020      0.081    1447.10      3.941      3.903    -0.1739    -0.1737     0.0002    -0.1740    -0.1738     0.0002   2.823667   2.824042   0.000375    34.1297    34.1345     7.7049    27.4124    27.4162    334.918  351.91530  353.42309          6  0.000e+00
      23975 326.738552  -62.20580  -58.30020      0.081    1447.10      3.941      3.903    -0.1742    -0.1737     0.0006    -0.1744    -0.1738     0.0006   2.823643   2.824053   0.000410    34.1298    34.1346     7.7056    27.4124    27.4163    334.949  351.91830  353.42617          6  0.000e+00
      23976 326.738553  -62.20580  -58.30020      0.081    1447.10      3.941      3.903    -0.1740    -0.1741    -0.0001    -0.1741    -0.1742    -0.0001   2.823673   2.824163   0.000490    34.1299    34.1365     7.7054    27.4125    27.4179    334.942  351.91579  353.42361          6  0.000e+00
      23977 326.738553  -62.20580  -58.30020      0.078    1447.10      3.893      3.855    -0.1745    -0.1732     0.0013    -0.1746    -0.1733     0.0013   2.823691   2.824111   0.000420    34.1308    34.1349     7.7054    27.4133    27.4165    334.939  351.91822  353.42620          6  0.000e+00
      23978 326.738554  -62.20580  -58.30020      0.078    1447.10      3.941      3.903    -0.1740    -0.1730     0.0010    -0.1741    -0.1732     0.0010   2.823727   2.824065   0.000338    34.1306    34.1341     7.7052    27.4131    27.4159    334.933  351.91381  353.42167          6  0.000e+00
      23979 326.738554  -62.20580  -58.30020      0.077    1447.10      3.941      3.903    -0.1742    -0.1731     0.0011    -0.1744    -0.1733     0.0011   2.823703   2.824077   0.000373    34.1306    34.1343     7.7052    27.4131    27.4161    334.931  351.91610  353.42400          6  0.000e+00
      23980 326.738555  -62.20580  -58.30020      0.076    1447.10      3.941      3.903    -0.1740    -0.1732     0.0008    -0.1741    -0.1733     0.0008   2.823691   2.824146   0.000455    34.1302    34.1353     7.7050    27.4127    27.4169    334.926  351.91513  353.42296          6  0.000e+00
      23981 326.738555  -62.20580  -58.30020      0.071    1447.10      3.893      3.855    -0.1742    -0.1730     0.0012    -0.1744    -0.1731     0.0012   2.823709   2.824152   0.000442    34.1307    34.1352     7.7049    27.4132    27.4168    334.921  351.91580  353.42371          6  0.000e+00
      23982 326.738556  -62.20580  -58.30020      0.069    1447.10      3.941      3.903    -0.1742    -0.1734     0.0008    -0.1743    -0.1735     0.0008   2.823697   2.824059   0.000362    34.1304    34.1344     7.7099    27.4130    27.4161    335.138  351.91597  353.42385          6  0.000e+00
      23983 326.738556  -62.20580  -58.30020      0.071    1447.10      3.941      3.903    -0.1743    -0.1735     0.0008    -0.1745    -0.1736     0.0008   2.823667   2.824036   0.000369    34.1302    34.1342     7.7055    27.4128    27.4160    334.948  351.91813  353.42604          6  0.000e+00
      23984 326.738557  -62.20580  -58.30020      0.068    1447.10      3.941      3.903    -0.1742    -0.1736     0.0006    -0.1744    -0.1737     0.0006   2.823661   2.824088   0.000427    34.1300    34.1350     7.7054    27.4126    27.4166    334.942  351.91764  353.42552          6  0.000e+00
      23985 326.738557  -62.20580  -58.30020      0.065    1447.10      3.941      3.903    -0.1742    -0.1737     0.0005    -0.1743    -0.1738     0.0005   2.823661   2.824134   0.000473    34.1300    34.1357     7.7053    27.4126    27.4172    334.936  351.91729  353.42515          6  0.000e+00
      23986 326.738558  -62.20580  -58.30020      0.063    1447.10      3.893      3.855    -0.1742    -0.1734     0.0008    -0.1744    -0.1736     0.0008   2.823619   2.824077   0.000458    34.1295    34.1347     7.7051    27.4122    27.4164    334.930  351.91911  353.42695          6  0.000e+00
      23987 326.738558  -62.20580  -58.30020      0.059    1447.10      3.941      3.903    -0.1742    -0.1734     0.0008    -0.1743    -0.1735     0.0008   2.823643   2.824059   0.000416    34.1297    34.1344     7.7050    27.4124    27.4161    334.926  351.91795  353.42580          6  0.000e+00
      23988 326.738559  -62.20580  -58.30020      0.059    1447.10      3.941      3.903    -0.1743    -0.1734     0.0010    -0.1745    -0.1735     0.0010   2.823643   2.824077   0.000433    34.1299    34.1346     7.7049    27.4126    27.4163    334.922  351.91901  353.42690          6  0.000e+00
      23989 326.738559  -62.20580  -58.30020      0.052    1447.10      3.893      3.855    -0.1743    -0.1741     0.0003    -0.1745    -0.1742     0.0003   2.823673   2.824105   0.000432    34.1303    34.1358     7.7048    27.4129    27.4173    334.913  351.91783  353.42574          6  0.000e+00
      23990 326.738560  -62.20580  -58.30020      0.048    1447.10      3.941      3.903    -0.1743    -0.1741     0.0002    -0.1745    -0.1742     0.0002   2.823667   2.824053   0.000386    34.1302    34.1351     7.7047    27.4128    27.4168    334.910  351.91813  353.42604          6  0.000e+00
      23991 326.738560  -62.20580  -58.30020      0.044    1447.10      3.893      3.855    -0.1745    -0.1738     0.0007    -0.1746    -0.1739     0.0007   2.823643   2.824053   0.000410    34.1301    34.1348     7.7104    27.4127    27.4165    335.158  351.91963  353.42756          6  0.000e+00
      23992 326.738560  -62.20580  -58.30020      0.043    1447.10      3.941      3.903    -0.1734    -0.1733     0.0001    -0.1736    -0.1734     0.0001   2.823673   2.824077   0.000403    34.1293    34.1345     7.7108    27.4120    27.4162    335.178  351.91226  353.41994          6  0.000e+00
      23993 326.738561  -62.20580  -58.30020      0.039    1447.10      3.893      3.855    -0.1723    -0.1735    -0.0012    -0.1725    -0.1736    -0.0012   2.823709   2.824105   0.000396    34.1286    34.1352     7.7061    27.4114    27.4167    334.973  351.90416  353.41157          6  0.000e+00
      23994 326.738561  -62.20580  -58.30020      0.037    1447.10      3.941      3.903    -0.1722    -0.1738    -0.0015    -0.1723    -0.1739    -0.0015   2.823733   2.824053   0.000320    34.1287    34.1347     7.7060    27.4115    27.4164    334.966  351.90265  353.41005          6  0.000e+00
      23995 326.738562  -62.20580  -58.30020      0.035    1447.10      3.941      3.903    -0.1723    -0.1741    -0.0018    -0.1725    -0.1742    -0.0018   2.823739   2.824013   0.000274    34.1289    34.1346     7.7058    27.4117    27.4163    334.960  351.90314  353.41057          6  0.000e+00
      23996 326.738562  -62.20580  -58.30018      0.030    1447.10      3.893      3.855    -0.1730    -0.1737    -0.0007    -0.1731    -0.1738    -0.0007   2.823703   2.824024   0.000321    34.1292    34.1343     7.7058    27.4119    27.4160    334.957  351.90826  353.41583          6  0.000e+00
      23997 326.738563  -62.20580  -58.30018      0.025    1447.10      3.893      3.856    -0.1730    -0.1739    -0.0010    -0.1731    -0.1740    -0.0010   2.823709   2.824036   0.000327    34.1293    34.1347     7.7107    27.4120    27.4164    335.170  351.90804  353.41562          6  0.000e+00
      23998 326.738563  -62.20580  -58.30018      0.023    1447.10      3.893      3.856    -0.1736    -0.1735     0.0001    -0.1737    -0.1736     0.0001   2.823733   2.823932   0.000199    34.1303    34.1328     7.7113    27.4128    27.4149    335.198  351.91104  353.41880          6  0.000e+00
      23999 326.738564  -62.20580  -58.30018      0.020    1447.10      3.941      3.903    -0.1740    -0.1744    -0.0004    -0.1741    -0.1745    -0.0004   2.823721   2.823816   0.000095    34.1306    34.1322     7.7119    27.4131    27.4144    335.226  351.91403  353.42188          6  0.000e+00
      24000 326.738564  -62.20580  -58.30018      0.015    1447.10      3.893      3.856    -0.1739    -0.1747    -0.0008    -0.1740    -0.1749    -0.0008   2.823697   2.823874   0.000177    34.1301    34.1335     7.7124    27.4127    27.4154    335.245  351.91412  353.42193          6  0.000e+00
      24001 326.738565  -62.20580  -58.30018      0.012    1447.10      3.893      3.856    -0.1743    -0.1763    -0.0019    -0.1745    -0.1764    -0.0019   2.823727   2.823984   0.000257    34.1311    34.1367     7.7079    27.4135    27.4181    335.048  351.91584  353.42380          6  0.000e+00
      24002 326.738565  -62.20580  -58.30018      0.007    1447.10      3.893      3.856    -0.1749    -0.1763    -0.0013    -0.1751    -0.1764    -0.0013   2.823721   2.823944   0.000222    34.1316    34.1361     7.7077    27.4140    27.4176    335.040  351.91959  353.42769          6  0.000e+00
      24003 326.738566  -62.20580  -58.30018      0.007    1447.10      3.941      3.903    -0.1749    -0.1755    -0.0007    -0.1750    -0.1757    -0.0007   2.823733   2.823909   0.000175    34.1317    34.1348     7.7074    27.4140    27.4165    335.029  351.91887  353.42697          6  0.000e+00
      24004 326.738566  -62.20580  -58.30018      0.004    1447.10      3.893      3.856    -0.1745    -0.1748    -0.0004    -0.1746    -0.1750    -0.0004   2.823739   2.824001   0.000262    34.1314    34.1353     7.7121    27.4137    27.4169    335.232  351.91611  353.42410          6  0.000e+00
      24005 326.738567  -62.20580  -58.30018      0.001    1447.10      3.893      3.856    -0.1742    -0.1750    -0.0008    -0.1744    -0.1752    -0.0008   2.823757   2.824053   0.000296    34.1313    34.1362     7.7074    27.4137    27.4177    335.029  351.91403  353.42198          6  0.000e+00
      24006 326.738567  -62.20580  -58.30018     -0.001    1447.10      3.893      3.856    -0.1740    -0.1761    -0.0021    -0.1741    -0.1763    -0.0021   2.823788   2.823961   0.000173    34.1315    34.1362     7.7070    27.4138    27.4177    335.013  351.91152  353.41943          6  0.000e+00
      24007 326.738568  -62.20580  -58.30018     -0.004    1447.10      3.893      3.856    -0.1734    -0.1766    -0.0031    -0.1736    -0.1767    -0.0031   2.823836   2.823909   0.000073    34.1315    34.1360     7.7066    27.4138    27.4176    334.993  351.90623  353.41402          6  0.000e+00
      24008 326.738568  -62.20580  -58.30018     -0.007    1447.10      3.893      3.856    -0.1734    -0.1755    -0.0021    -0.1736    -0.1757    -0.0021   2.823806   2.823978   0.000173    34.1311    34.1357     7.7063    27.4134    27.4173    334.981  351.90733  353.41510          6  0.000e+00
      24009 326.738569  -62.20580  -58.30018     -0.010    1447.10      3.893      3.856    -0.1738    -0.1739    -0.0001    -0.1739    -0.1740    -0.0001   2.823794   2.824146   0.000352    34.1313    34.1362     7.7111    27.4136    27.4176    335.190  351.90989  353.41774          6  0.000e+00
      24010 326.738569  -62.20580  -58.30018     -0.013    1447.10      3.893      3.856    -0.1737    -0.1720     0.0018    -0.1738    -0.1721     0.0018   2.823776   2.824152   0.000376    34.1310    34.1340     7.7065    27.4134    27.4158    334.988  351.91020  353.41802          6  0.000e+00
      24011 326.738570  -62.20580  -58.30018     -0.015    1447.10      3.893      3.856    -0.1738    -0.1727     0.0010    -0.1739    -0.1729     0.0010   2.823770   2.824019   0.000249    34.1310    34.1331     7.7069    27.4134    27.4151    335.008  351.91077  353.41860          6  0.000e+00
      24012 326.738570  -62.20580  -58.30018     -0.018    1447.10      3.893      3.856    -0.1740    -0.1744    -0.0004    -0.1741    -0.1745    -0.0004   2.823745   2.823938   0.000192    34.1309    34.1339     7.7125    27.4133    27.4158    335.250  351.91306  353.42094          6  0.000e+00
      24013 326.738571  -62.20580  -58.30018     -0.018    1447.10      3.893      3.856    -0.1739    -0.1754    -0.0015    -0.1740    -0.1755    -0.0015   2.823721   2.823967   0.000245    34.1305    34.1354     7.7129    27.4130    27.4170    335.269  351.91324  353.42107          6  0.000e+00
      24014 326.738571  -62.20580  -58.30018     -0.021    1447.10      3.845      3.808    -0.1735    -0.1758    -0.0022    -0.1737    -0.1759    -0.0022   2.823733   2.823938   0.000204    34.1303    34.1355     7.7082    27.4128    27.4171    335.061  351.91060  353.41835          6  0.000e+00
      24015 326.738572  -62.20580  -58.30018     -0.026    1447.10      3.893      3.856    -0.1739    -0.1760    -0.0021    -0.1740    -0.1761    -0.0021   2.823679   2.823909   0.000230    34.1299    34.1353     7.7130    27.4125    27.4170    335.273  351.91478  353.42258          6  0.000e+00
