Pos-Processados/process_op38/operantar38_011.cnv
* Sea-Bird SBE 9 Data File:
* FileName = D:\OPERANTAR_XXXVIII\DADOS\OP38_011.hdr
* Software Version Seasave V 7.18c
* Temperature SN = 4808
* Conductivity SN = 3380
* Number of Bytes Per Scan = 31
* Number of Voltage Words = 2
* Number of Scans Averaged by the Deck Unit = 1
* NMEA Latitude = 43 42.36 S
* NMEA Longitude = 053 22.51 W
* NMEA UTC (Time) = Oct 20 2019 16:07:37
** H41
** NAVIO POLAR ALMIRANTE MAXIMIANO
** CRUZEIRO:
** OPERANTAR XXXVIII
** ESTAÇÃO: OP38_011
** LAT 43 42,31' S
** LONG 053 22,49' W
** 09P73767-1155
** PROFUNDIDADE: 5269
** DATA/HORA: 201609Z/OUT/2019
** OPERADOR: SO-HN CHAVES
# nquan = 32
# nvalues = 2078                        
# units = specified
# name 0 = scan: Scan Count
# name 1 = timeJ: Julian Days
# name 2 = latitude: Latitude [deg]
# name 3 = longitude: Longitude [deg]
# name 4 = dz/dtM: Descent Rate [m/s]
# name 5 = avgsvCM: Average Sound Velocity [Chen-Millero, m/s]
# name 6 = prDM: Pressure, Digiquartz [db]
# name 7 = depSM: Depth [salt water, m]
# name 8 = t090C: Temperature [ITS-90, deg C]
# name 9 = t190C: Temperature, 2 [ITS-90, deg C]
# name 10 = T2-T190C: Temperature Difference, 2 - 1 [ITS-90, deg C]
# name 11 = potemp090C: Potential Temperature [ITS-90, deg C]
# name 12 = potemp190C: Potential Temperature, 2 [ITS-90, deg C]
# name 13 = potemp90Cdiff: Potential Temperature, Diff, 2 - 1 [ITS-90, deg C]
# name 14 = c0S/m: Conductivity [S/m]
# name 15 = c1S/m: Conductivity, 2 [S/m]
# name 16 = C2-C1S/m: Conductivity Difference, 2 - 1 [S/m]
# name 17 = sal00: Salinity, Practical [PSU]
# name 18 = sal11: Salinity, Practical, 2 [PSU]
# name 19 = sbeox0ML/L: Oxygen, SBE 43 [ml/l]
# name 20 = sbeox1ML/L: Oxygen, SBE 43, 2 [ml/l]
# name 21 = sbeox0ML/Ldiff: Oxygen, SBE 43, Diff, 2 - 1 [ml/l]
# name 22 = sigma-é00: Density [sigma-theta, kg/m^3]
# name 23 = sigma-é11: Density, 2 [sigma-theta, kg/m^3]
# name 24 = sal00: Salinity, Practical [PSU]
# name 25 = sigma-é00: Density [sigma-theta, kg/m^3]
# name 26 = svCM: Sound Velocity [Chen-Millero, m/s]
# name 27 = svCM1: Sound Velocity, 2 [Chen-Millero, m/s]
# name 28 = gsw_ptA0: potential temperature [ITS-90, deg C]
# name 29 = gsw_densityA0: density, TEOS-10 [density, kg/m^3]
# name 30 = gsw_saA0: Absolute Salinity [g/kg]
# name 31 = flag:
# span 0 =       2616,      59106       
# span 1 = 293.673217, 293.700460       
# span 2 =  -43.72024,  -43.70672       
# span 3 =  -53.37956,  -53.37532       
# span 4 =     -1.410,      1.405       
# span 5 =       0.00,    1506.55       
# span 6 =      2.000,   1041.000       
# span 7 =      1.993,   1030.091       
# span 8 =     3.3805,    13.9272       
# span 9 =     3.3821,    13.9273       
# span 10 =    -0.0359,     0.0270      
# span 11 =     3.3077,    13.9253      
# span 12 =     3.3093,    13.9257      
# span 13 =    -0.0359,     0.0269      
# span 14 =   3.181865,   4.252826      
# span 15 =   3.182382,   4.253483      
# span 16 =  -0.002807,   0.003461      
# span 17 =    34.1777,    35.6160      
# span 18 =    34.1829,    35.6215      
# span 19 =     5.0759,     5.8771      
# span 20 =     4.8677,     5.6387      
# span 21 =    -0.2922,    -0.1707      
# span 22 =    26.6745,    27.2485      
# span 23 =    26.6794,    27.2521      
# span 24 =    34.1790,    35.6184      
# span 25 =    26.6746,    27.2485      
# span 26 =    1479.02,    1505.74      
# span 27 =    1479.02,    1505.74      
# span 28 =     3.3075,    13.9253      
# span 29 =  1026.6923,  1032.0602      
# span 30 =    34.3433,    35.7866      
# span 31 = 0.0000e+00, 0.0000e+00      
# interval = decibars: 1                
# start_time = Oct 20 2019 16:07:37 [NMEA time, header]
# bad_flag = -9.990e-29
*END*
[from data line 499]
      15517 293.679439  -43.71028  -53.37578      1.009    1500.33    502.000    497.381     6.4456     6.4469     0.0014     6.4001     6.4015     0.0013   3.437793   3.438320   0.000538    34.3113    34.3159     5.4548     5.2232    -0.2316    26.9569    26.9604    34.3073    26.9537    1483.88    1483.89     6.4001  1029.2490    34.4705 0.0000e+00
      15538 293.679449  -43.71028  -53.37578      1.091    1500.33    503.000    498.371     6.4310     6.4315     0.0005     6.3856     6.3861     0.0005   3.436250   3.436752   0.000479    34.3093    34.3141     5.4506     5.2213    -0.2292    26.9573    26.9610    34.3042    26.9532    1483.83    1483.84     6.3854  1029.2532    34.4675 0.0000e+00
      15562 293.679460  -43.71030  -53.37578      1.069    1500.33    504.000    499.360     6.4210     6.4222     0.0012     6.3755     6.3767     0.0012   3.435464   3.435976   0.000515    34.3086    34.3131     5.4544     5.2207    -0.2337    26.9580    26.9614    34.3051    26.9552    1483.81    1483.82     6.3754  1029.2599    34.4683 0.0000e+00
      15590 293.679474  -43.71031  -53.37578      0.916    1500.33    505.000    500.350     6.4175     6.4184     0.0009     6.3719     6.3728     0.0009   3.435152   3.434574   0.000487    34.3078    34.3105     5.4605     5.2257    -0.2349    26.9578    26.9612    34.3047    26.9553    1483.81    1483.81     6.3718  1029.2646    34.4679 0.0000e+00
      15622 293.679489  -43.71032  -53.37578      0.775    1500.33    506.000    501.339     6.4123     6.4135     0.0012     6.3666     6.3678     0.0012   3.434614   3.435165   0.000529    34.3066    34.3113     5.4665     5.2272    -0.2393    26.9576    26.9611    34.3034    26.9550    1483.80    1483.82     6.3665  1029.2689    34.4666 0.0000e+00
      15649 293.679502  -43.71033  -53.37578      0.820    1500.33    507.000    502.329     6.3957     6.3967     0.0010     6.3500     6.3510     0.0010   3.432934   3.433444   0.000514    34.3050    34.3096     5.4749     5.2379    -0.2370    26.9584    26.9620    34.3008    26.9552    1483.75    1483.76     6.3499  1029.2738    34.4641 0.0000e+00
      15671 293.679513  -43.71034  -53.37578      0.975    1500.33    508.000    503.318     6.3676     6.3684     0.0008     6.3219     6.3227     0.0008   3.430050   3.430563   0.000507    34.3027    34.3076     5.4792     5.2411    -0.2381    26.9603    26.9641    34.2965    26.9554    1483.65    1483.66     6.3218  1029.2789    34.4597 0.0000e+00
      15690 293.679522  -43.71035  -53.37578      1.149    1500.33    509.000    504.308     6.3417     6.3430     0.0013     6.2961     6.2973     0.0013   3.427699   3.428226   0.000533    34.3014    34.3061     5.4745     5.2390    -0.2355    26.9627    26.9662    34.2957    26.9582    1483.57    1483.58     6.2959  1029.2866    34.4589 0.0000e+00
      15707 293.679530  -43.71036  -53.37578      1.289    1500.33    510.000    505.297     6.3203     6.3214     0.0011     6.2746     6.2757     0.0011   3.425667   3.426197   0.000526    34.3002    34.3049     5.4669     5.2332    -0.2337    26.9645    26.9681    34.2942    26.9597    1483.50    1483.51     6.2745  1029.2929    34.4574 0.0000e+00
      15726 293.679540  -43.71036  -53.37578      1.323    1500.33    511.000    506.287     6.2978     6.2990     0.0012     6.2521     6.2533     0.0012   3.423632   3.424158   0.000528    34.2992    34.3039     5.4742     5.2280    -0.2462    26.9666    26.9702    34.2935    26.9621    1483.42    1483.44     6.2520  1029.3002    34.4567 0.0000e+00
      15750 293.679551  -43.71038  -53.37578      1.145    1500.33    512.000    507.277     6.2838     6.2848     0.0010     6.2381     6.2391     0.0009   3.422461   3.422966   0.000505    34.2984    34.3031     5.4824     5.2341    -0.2482    26.9678    26.9714    34.2940    26.9643    1483.38    1483.40     6.2380  1029.3071    34.4572 0.0000e+00
      15780 293.679565  -43.71038  -53.37578      0.858    1500.33    513.000    508.266     6.2779     6.2792     0.0013     6.2321     6.2334     0.0013   3.421964   3.422484   0.000523    34.2977    34.3022     5.4699     5.2482    -0.2216    26.9680    26.9714    34.2939    26.9650    1483.38    1483.39     6.2320  1029.3124    34.4571 0.0000e+00
      15806 293.679578  -43.71039  -53.37578      0.849    1500.33    514.000    509.256     6.2668     6.2667    -0.0001     6.2210     6.2209    -0.0001   3.420685   3.421102   0.000416    34.2959    34.3006     5.4830     5.2406    -0.2425    26.9680    26.9718    34.2903    26.9636    1483.35    1483.35     6.2208  1029.3157    34.4535 0.0000e+00
      15830 293.679590  -43.71040  -53.37577      0.963    1500.33    515.000    510.245     6.2353     6.2361     0.0007     6.1895     6.1903     0.0007   3.417942   3.418435   0.000490    34.2956    34.3003     5.4971     5.2448    -0.2524    26.9719    26.9755    34.2908    26.9681    1483.24    1483.25     6.1894  1029.3251    34.4540 0.0000e+00
      15856 293.679602  -43.71041  -53.37576      0.979    1500.33    516.000    511.235     6.2240     6.2249     0.0009     6.1781     6.1790     0.0009   3.416926   3.417406   0.000480    34.2951    34.2996     5.4896     5.2483    -0.2413    26.9729    26.9763    34.2903    26.9692    1483.21    1483.22     6.1780  1029.3308    34.4535 0.0000e+00
      15885 293.679616  -43.71042  -53.37576      0.853    1500.33    517.000    512.224     6.1917     6.1925     0.0008     6.1459     6.1467     0.0008   3.413686   3.414143   0.000481    34.2926    34.2971     5.4879     5.2488    -0.2391    26.9750    26.9785    34.2861    26.9699    1483.10    1483.10     6.1458  1029.3366    34.4493 0.0000e+00
      15912 293.679629  -43.71043  -53.37576      0.849    1500.33    518.000    513.214     6.1155     6.1109    -0.0047     6.0699     6.0653    -0.0046   3.405421   3.405439   0.000017    34.2837    34.2886     5.4980     5.2585    -0.2395    26.9778    26.9822    34.2698    26.9668    1482.79    1482.78     6.0698  1029.3390    34.4329 0.0000e+00
      15932 293.679639  -43.71044  -53.37576      1.006    1500.33    519.000    514.203     6.0619     6.0634     0.0015     6.0164     6.0179     0.0015   3.401147   3.401714   0.000551    34.2825    34.2872     5.4987     5.2541    -0.2446    26.9836    26.9871    34.2754    26.9779    1482.60    1482.61     6.0163  1029.3554    34.4385 0.0000e+00
      15950 293.679647  -43.71044  -53.37576      1.201    1500.33    520.000    515.193     6.0559     6.0575     0.0015     6.0104     6.0119     0.0015   3.400372   3.401021   0.000609    34.2803    34.2856     5.4923     5.2389    -0.2534    26.9826    26.9866    34.2722    26.9762    1482.59    1482.60     6.0103  1029.3582    34.4353 0.0000e+00
      15967 293.679656  -43.71046  -53.37576      1.360    1500.33    521.000    516.183     6.0420     6.0436     0.0016     5.9964     5.9980     0.0016   3.399192   3.399717   0.000555    34.2787    34.2833     5.4958     5.2438    -0.2520    26.9831    26.9866    34.2725    26.9782    1482.55    1482.56     5.9963  1029.3650    34.4357 0.0000e+00
      15985 293.679664  -43.71046  -53.37576      1.405    1500.33    522.000    517.172     6.0205     6.0272     0.0067     5.9749     5.9815     0.0066   3.396759   3.397787   0.001051    34.2745    34.2796     5.5142     5.2641    -0.2501    26.9825    26.9857    34.2664    26.9761    1482.47    1482.50     5.9748  1029.3677    34.4295 0.0000e+00
      16010 293.679676  -43.71047  -53.37576      1.150    1500.33    523.000    518.162     6.0136     6.0146     0.0009     5.9680     5.9689     0.0009   3.396352   3.396852   0.000492    34.2739    34.2784     5.5333     5.2861    -0.2472    26.9829    26.9864    34.2682    26.9784    1482.46    1482.47     5.9679  1029.3747    34.4313 0.0000e+00
      16048 293.679695  -43.71049  -53.37576      0.642    1500.33    524.000    519.151     6.0090     6.0098     0.0009     5.9633     5.9641     0.0009   3.395954   3.396492   0.000498    34.2725    34.2772     5.5498     5.3033    -0.2465    26.9824    26.9860    34.2680    26.9788    1482.46    1482.47     5.9631  1029.3797    34.4311 0.0000e+00
      16079 293.679710  -43.71050  -53.37576      0.708    1500.33    525.000    520.141     5.9890     5.9933     0.0043     5.9433     5.9476     0.0043   3.393712   3.394513   0.000844    34.2686    34.2737     5.5574     5.3195    -0.2379    26.9818    26.9854    34.2624    26.9769    1482.39    1482.42     5.9432  1029.3826    34.4255 0.0000e+00
      16102 293.679721  -43.71051  -53.37576      0.923    1500.33    526.000    521.130     5.9664     5.9663    -0.0001     5.9207     5.9206    -0.0001   3.391500   3.391848   0.000392    34.2662    34.2707     5.5637     5.3217    -0.2420    26.9828    26.9864    34.2598    26.9777    1482.31    1482.32     5.9206  1029.3883    34.4229 0.0000e+00
      16124 293.679732  -43.71052  -53.37576      1.060    1500.33    527.000    522.120     5.9425     5.9411    -0.0014     5.8968     5.8954    -0.0014   3.389034   3.389356   0.000292    34.2628    34.2675     5.5665     5.3225    -0.2441    26.9831    26.9870    34.2557    26.9775    1482.23    1482.23     5.8967  1029.3929    34.4188 0.0000e+00
      16149 293.679743  -43.71053  -53.37576      1.039    1500.33    528.000    523.109     5.9254     5.9264     0.0010     5.8797     5.8807     0.0010   3.387678   3.388177   0.000494    34.2617    34.2662     5.5640     5.3204    -0.2436    26.9844    26.9878    34.2572    26.9808    1482.18    1482.19     5.8796  1029.4010    34.4203 0.0000e+00
      16175 293.679756  -43.71054  -53.37576      0.925    1500.33    529.000    524.098     5.9174     5.9161    -0.0012     5.8716     5.8703    -0.0012   3.386742   3.387012   0.000270    34.2598    34.2641     5.5682     5.3273    -0.2409    26.9838    26.9874    34.2543    26.9795    1482.16    1482.16     5.8715  1029.4044    34.4174 0.0000e+00
      16199 293.679768  -43.71055  -53.37576      0.947    1500.33    530.000    525.088     5.8923     5.8933     0.0011     5.8465     5.8475     0.0011   3.384240   3.384746   0.000503    34.2570    34.2616     5.5779     5.3412    -0.2367    26.9848    26.9883    34.2510    26.9800    1482.07    1482.08     5.8464  1029.4098    34.4140 0.0000e+00
      16219 293.679777  -43.71056  -53.37576      1.091    1500.33    531.000    526.078     5.8593     5.8590    -0.0004     5.8136     5.8132    -0.0004   3.380608   3.380986   0.000380    34.2526    34.2572     5.5845     5.3525    -0.2320    26.9854    26.9891    34.2428    26.9777    1481.95    1481.95     5.8134  1029.4125    34.4058 0.0000e+00
      16236 293.679785  -43.71056  -53.37576      1.259    1500.33    532.000    527.067     5.8257     5.8271     0.0013     5.7801     5.7814     0.0013   3.377731   3.378271   0.000534    34.2509    34.2556     5.5902     5.3532    -0.2370    26.9883    26.9917    34.2438    26.9826    1481.83    1481.84     5.7799  1029.4224    34.4068 0.0000e+00
      16253 293.679794  -43.71056  -53.37576      1.376    1500.33    533.000    528.056     5.8168     5.8182     0.0014     5.7710     5.7724     0.0014   3.377165   3.377698   0.000529    34.2506    34.2551     5.5901     5.3453    -0.2448    26.9891    26.9925    34.2459    26.9854    1481.82    1481.83     5.7709  1029.4298    34.4090 0.0000e+00
      16274 293.679804  -43.71058  -53.37576      1.300    1500.33    534.000    529.046     5.8220     5.8232     0.0013     5.7761     5.7774     0.0013   3.377858   3.378336   0.000498    34.2515    34.2559     5.5957     5.3395    -0.2562    26.9892    26.9925    34.2480    26.9865    1481.85    1481.87     5.7760  1029.4354    34.4112 0.0000e+00
      16310 293.679821  -43.71059 -9.990e-29      0.765    1500.33    535.000    530.035     5.8267     5.8288     0.0020     5.7808     5.7828     0.0020   3.378344   3.378960   0.000601    34.2515    34.2562     5.6139     5.3605    -0.2534    26.9886    26.9921    34.2482    26.9860    1481.89    1481.90     5.7807  1029.4395    34.4114 0.0000e+00
      16347 293.679839  -43.71060 -9.990e-29      0.613    1500.33    536.000    531.025     5.8319     5.8335     0.0016     5.7858     5.7874     0.0016   3.379020   3.379546   0.000529    34.2522    34.2566     5.6193     5.3742    -0.2450    26.9886    26.9918    34.2502    26.9869    1481.93    1481.94     5.7857  1029.4449    34.4133 0.0000e+00
      16373 293.679851  -43.71062  -53.37574      0.835    1499.18    537.000    532.014     5.8317     5.8325     0.0008     5.7855     5.7864     0.0008   3.379011   3.379487   0.000471    34.2521    34.2566     5.6199     5.3710    -0.2489    26.9885    26.9919    34.2498    26.9867    1481.95    1481.95     5.7854  1029.4491    34.4129 0.0000e+00
      16394 293.679862  -43.71062  -53.37574      1.023    1498.38    538.000    533.004     5.8243     5.8255     0.0012     5.7781     5.7793     0.0012   3.378230   3.378763   0.000534    34.2509    34.2557     5.6172     5.3597    -0.2574    26.9885    26.9922    34.2479    26.9861    1481.93    1481.94     5.7780  1029.4532    34.4110 0.0000e+00
      16415 293.679872  -43.71063  -53.37574      1.141    1498.39    539.000    533.993     5.8079     5.8081     0.0002     5.7617     5.7619     0.0002   3.376516   3.376928   0.000412    34.2487    34.2532     5.6108     5.3574    -0.2533    26.9888    26.9923    34.2446    26.9855    1481.88    1481.88     5.7615  1029.4574    34.4077 0.0000e+00
      16435 293.679881  -43.71064  -53.37574      1.178    1498.39    540.000    534.982     5.8025     5.8041     0.0016     5.7562     5.7578     0.0016   3.376411   3.376953   0.000538    34.2496    34.2541     5.6073     5.3617    -0.2456    26.9902    26.9935    34.2484    26.9892    1481.88    1481.89     5.7561  1029.4657    34.4114 0.0000e+00
      16457 293.679892  -43.71065  -53.37574      1.145    1498.39    541.000    535.972     5.8027     5.8043     0.0015     5.7564     5.7579     0.0015   3.376379   3.376875   0.000507    34.2497    34.2539     5.6017     5.3601    -0.2416    26.9902    26.9933    34.2473    26.9883    1481.89    1481.90     5.7562  1029.4694    34.4104 0.0000e+00
      16479 293.679903  -43.71066  -53.37574      1.100    1498.39    542.000    536.961     5.8074     5.8081     0.0007     5.7609     5.7616     0.0007   3.377183   3.377625   0.000433    34.2513    34.2555     5.5987     5.3647    -0.2340    26.9909    26.9942    34.2511    26.9908    1481.93    1481.94     5.7608  1029.4763    34.4142 0.0000e+00
      16502 293.679914  -43.71067  -53.37574      1.072    1498.39    543.000    537.951     5.8146     5.8155     0.0010     5.7679     5.7689     0.0010   3.377766   3.378233   0.000475    34.2518    34.2562     5.6127     5.3751    -0.2376    26.9904    26.9938    34.2500    26.9890    1481.98    1481.99     5.7678  1029.4790    34.4131 0.0000e+00
      16528 293.679926  -43.71068  -53.37574      0.991    1498.39    544.000    538.940     5.8051     5.8063     0.0012     5.7584     5.7596     0.0012   3.376945   3.377450   0.000498    34.2514    34.2558     5.6290     5.3817    -0.2473    26.9913    26.9947    34.2498    26.9901    1481.95    1481.97     5.7583  1029.4848    34.4130 0.0000e+00
      16556 293.679940  -43.71068  -53.37574      0.856    1498.39    545.000    539.929     5.7955     5.7960     0.0005     5.7488     5.7493     0.0005   3.375969   3.376391   0.000441    34.2505    34.2549     5.6206     5.3762    -0.2444    26.9918    26.9952    34.2480    26.9898    1481.93    1481.94     5.7487  1029.4892    34.4111 0.0000e+00
