Pos-Processados/process_op38/operantar38_018.cnv
* Sea-Bird SBE 9 Data File:
* FileName = D:\OPERANTAR_XXXVIII\DADOS\OP38_018.hdr
* Software Version Seasave V 7.18c
* Temperature SN = 4808
* Conductivity SN = 3380
* Number of Bytes Per Scan = 34
* Number of Voltage Words = 3
* Number of Scans Averaged by the Deck Unit = 1
* NMEA Latitude = 62 10.02 S
* NMEA Longitude = 058 22.53 W
* NMEA UTC (Time) = Nov 05 2019 17:24:22
** H41
** NAVIO POLAR ALMIRANTE MAXIMIANO
** CRUZEIRO:
** OPERANTAR XXXVIII
** ESTAÇÃO: OP38_018
** LAT 62 10,02' S
** LONG 058 22,49' W
** 09P73767-1155_A
** PROFUNDIDADE: 447
** DATA/HORA: 051724Z/NOV/2019
** OPERADOR: SO-HN CHAVES
# nquan = 30
# nvalues = 827                         
# units = specified
# name 0 = scan: Scan Count
# name 1 = timeJ: Julian Days
# name 2 = latitude: Latitude [deg]
# name 3 = longitude: Longitude [deg]
# name 4 = dz/dtM: Descent Rate [m/s]
# name 5 = avgsvCM: Average Sound Velocity [Chen-Millero, m/s]
# name 6 = prDM: Pressure, Digiquartz [db]
# name 7 = depSM: Depth [salt water, m]
# name 8 = t090C: Temperature [ITS-90, deg C]
# name 9 = t190C: Temperature, 2 [ITS-90, deg C]
# name 10 = T2-T190C: Temperature Difference, 2 - 1 [ITS-90, deg C]
# name 11 = potemp090C: Potential Temperature [ITS-90, deg C]
# name 12 = potemp190C: Potential Temperature, 2 [ITS-90, deg C]
# name 13 = potemp90Cdiff: Potential Temperature, Diff, 2 - 1 [ITS-90, deg C]
# name 14 = c0S/m: Conductivity [S/m]
# name 15 = c1S/m: Conductivity, 2 [S/m]
# name 16 = C2-C1S/m: Conductivity Difference, 2 - 1 [S/m]
# name 17 = sal00: Salinity, Practical [PSU]
# name 18 = sal11: Salinity, Practical, 2 [PSU]
# name 19 = sbeox0ML/L: Oxygen, SBE 43 [ml/l]
# name 20 = sigma-é00: Density [sigma-theta, kg/m^3]
# name 21 = sigma-é11: Density, 2 [sigma-theta, kg/m^3]
# name 22 = sal00: Salinity, Practical [PSU]
# name 23 = sigma-é00: Density [sigma-theta, kg/m^3]
# name 24 = svCM: Sound Velocity [Chen-Millero, m/s]
# name 25 = svCM1: Sound Velocity, 2 [Chen-Millero, m/s]
# name 26 = gsw_ptA0: potential temperature [ITS-90, deg C]
# name 27 = gsw_densityA0: density, TEOS-10 [density, kg/m^3]
# name 28 = gsw_saA0: Absolute Salinity [g/kg]
# name 29 = flag:
# span 0 =       1931,      37680       
# span 1 = 309.726185, 309.743425       
# span 2 =  -62.16702,  -62.16696       
# span 3 =  -58.37558,  -58.37548       
# span 4 =     -1.222,      1.212       
# span 5 =       0.00,    1448.62       
# span 6 =      2.000,    415.000       
# span 7 =      1.987,    410.600       
# span 8 =    -0.9287,    -0.5655       
# span 9 =    -0.9285,    -0.5653       
# span 10 =    -0.0086,     0.0061      
# span 11 =    -0.9316,    -0.5795      
# span 12 =    -0.9315,    -0.5793      
# span 13 =    -0.0086,     0.0060      
# span 14 =   2.771809,   2.835809      
# span 15 =   2.772210,   2.836213      
# span 16 =  -0.000859,   0.000986      
# span 17 =    34.1279,    34.4845      
# span 18 =    34.1336,    34.4899      
# span 19 =     6.0528,     7.6373      
# span 20 =    27.4323,    27.7182      
# span 21 =    27.4368,    27.7225      
# span 22 =    34.1278,    34.4848      
# span 23 =    27.4323,    27.7190      
# span 24 =    1444.61,    1452.57      
# span 25 =    1444.62,    1452.58      
# span 26 =    -0.9316,    -0.5792      
# span 27 =  1027.4466,  1029.7003      
# span 28 =    34.2924,    34.6536      
# span 29 = 0.0000e+00, 0.0000e+00      
# interval = decibars: 1                
# start_time = Nov 05 2019 17:24:22 [NMEA time, header]
# bad_flag = -9.990e-29
*END*
[from data line 146]
       7395 309.728820  -62.16702  -58.37554      0.813    1445.20    148.000    146.527    -0.8927    -0.8925     0.0002    -0.8968    -0.8967     0.0002   2.781346   2.781740   0.000395    34.2825    34.2876     7.0528    27.5679    27.5721    34.2828    27.5681    1446.43    1446.44    -0.8967  1028.2826    34.4496 0.0000e+00
       7423 309.728834  -62.16702  -58.37554      0.831    1445.20    149.000    147.517    -0.8926    -0.8927    -0.0001    -0.8968    -0.8969    -0.0001   2.781384   2.781750   0.000362    34.2824    34.2874     7.0460    27.5678    27.5718    34.2826    27.5680    1446.45    1446.45    -0.8967  1028.2873    34.4494 0.0000e+00
       7449 309.728846  -62.16702  -58.37554      0.906    1445.20    150.000    148.506    -0.8925    -0.8922     0.0003    -0.8967    -0.8964     0.0003   2.781455   2.781876   0.000422    34.2825    34.2879     7.0444    27.5679    27.5722    34.2828    27.5681    1446.47    1446.47    -0.8966  1028.2922    34.4496 0.0000e+00
       7472 309.728858  -62.16702  -58.37554      0.986    1445.20    151.000    149.496    -0.8924    -0.8921     0.0003    -0.8966    -0.8963     0.0003   2.781494   2.781914   0.000418    34.2824    34.2878     7.0405    27.5678    27.5721    34.2826    27.5680    1446.48    1446.49    -0.8965  1028.2968    34.4494 0.0000e+00
       7498 309.728870  -62.16702  -58.37554      0.983    1445.20    152.000    150.486    -0.8924    -0.8922     0.0002    -0.8967    -0.8965     0.0002   2.781532   2.781949   0.000421    34.2824    34.2878     7.0408    27.5678    27.5722    34.2826    27.5680    1446.50    1446.51    -0.8966  1028.3016    34.4494 0.0000e+00
       7529 309.728885  -62.16702  -58.37554      0.824    1445.20    153.000    151.476    -0.8924    -0.8922     0.0002    -0.8967    -0.8965     0.0002   2.781586   2.781986   0.000398    34.2825    34.2877     7.0448    27.5679    27.5721    34.2827    27.5680    1446.51    1446.52    -0.8966  1028.3064    34.4495 0.0000e+00
       7562 309.728901  -62.16702  -58.37554      0.705    1445.20    154.000    152.465    -0.8925    -0.8922     0.0004    -0.8969    -0.8965     0.0004   2.781607   2.782031   0.000422    34.2824    34.2877     7.0450    27.5678    27.5721    34.2825    27.5679    1446.53    1446.54    -0.8967  1028.3111    34.4493 0.0000e+00
       7590 309.728914  -62.16702  -58.37554      0.810    1445.20    155.000    153.455    -0.8928    -0.8927     0.0001    -0.8971    -0.8971     0.0001   2.781620   2.781999   0.000387    34.2822    34.2874     7.0493    27.5677    27.5718    34.2823    27.5677    1446.54    1446.55    -0.8970  1028.3157    34.4491 0.0000e+00
       7614 309.728926  -62.16702  -58.37554      0.956    1445.20    156.000    154.445    -0.8930    -0.8928     0.0001    -0.8974    -0.8972     0.0001   2.781628   2.782025   0.000387    34.2819    34.2870     7.0455    27.5674    27.5716    34.2820    27.5675    1446.56    1446.57    -0.8973  1028.3203    34.4489 0.0000e+00
       7639 309.728938  -62.16702  -58.37554      0.987    1445.20    157.000    155.434    -0.8926    -0.8923     0.0003    -0.8970    -0.8967     0.0003   2.781724   2.782133   0.000412    34.2821    34.2874     7.0445    27.5675    27.5718    34.2823    27.5677    1446.58    1446.59    -0.8969  1028.3253    34.4491 0.0000e+00
       7666 309.728951  -62.16702  -58.37554      0.898    1445.20    158.000    156.424    -0.8924    -0.8922     0.0002    -0.8969    -0.8967     0.0002   2.781789   2.782195   0.000404    34.2823    34.2875     7.0505    27.5677    27.5720    34.2824    27.5678    1446.59    1446.60    -0.8968  1028.3301    34.4492 0.0000e+00
       7694 309.728965  -62.16702  -58.37554      0.857    1445.20    159.000    157.413    -0.8924    -0.8922     0.0002    -0.8969    -0.8967     0.0002   2.781840   2.782245   0.000406    34.2823    34.2876     7.0530    27.5677    27.5720    34.2824    27.5678    1446.61    1446.62    -0.8968  1028.3349    34.4493 0.0000e+00
       7718 309.728976  -62.16702  -58.37554      0.938    1445.20    160.000    158.403    -0.8923    -0.8921     0.0002    -0.8968    -0.8966     0.0002   2.781897   2.782293   0.000395    34.2823    34.2875     7.0542    27.5677    27.5719    34.2824    27.5678    1446.63    1446.64    -0.8967  1028.3398    34.4493 0.0000e+00
       7741 309.728987  -62.16702  -58.37554      1.020    1445.20    161.000    159.393    -0.8923    -0.8922     0.0001    -0.8969    -0.8968     0.0001   2.781933   2.782319   0.000386    34.2823    34.2874     7.0474    27.5677    27.5719    34.2823    27.5677    1446.64    1446.65    -0.8967  1028.3444    34.4492 0.0000e+00
       7766 309.729000  -62.16702  -58.37554      0.997    1445.20    162.000    160.382    -0.8942    -0.8940     0.0002    -0.8988    -0.8986     0.0002   2.781882   2.782278   0.000397    34.2831    34.2884     7.0436    27.5685    27.5727    34.2831    27.5685    1446.65    1446.66    -0.8987  1028.3500    34.4500 0.0000e+00
       7795 309.729013  -62.16702  -58.37554      0.879    1445.20    163.000    161.372    -0.8945    -0.8943     0.0002    -0.8991    -0.8989     0.0002   2.781933   2.782328   0.000396    34.2834    34.2886     7.0471    27.5687    27.5729    34.2835    27.5688    1446.67    1446.68    -0.8990  1028.3551    34.4504 0.0000e+00
       7824 309.729027  -62.16702  -58.37554      0.824    1445.20    164.000    162.362    -0.8938    -0.8936     0.0002    -0.8984    -0.8982     0.0002   2.782112   2.782530   0.000419    34.2845    34.2899     7.0423    27.5695    27.5739    34.2846    27.5696    1446.69    1446.70    -0.8983  1028.3607    34.4515 0.0000e+00
       7849 309.729039  -62.16702  -58.37554      0.899    1445.20    165.000    163.351    -0.8933    -0.8932     0.0001    -0.8980    -0.8979     0.0001   2.782230   2.782625   0.000395    34.2849    34.2902     7.0350    27.5699    27.5741    34.2850    27.5700    1446.71    1446.71    -0.8978  1028.3658    34.4519 0.0000e+00
       7872 309.729050  -62.16702  -58.37554      0.999    1445.21    166.000    164.341    -0.8934    -0.8932     0.0002    -0.8981    -0.8979     0.0002   2.782283   2.782689   0.000408    34.2851    34.2904     7.0303    27.5700    27.5743    34.2852    27.5701    1446.72    1446.73    -0.8980  1028.3707    34.4521 0.0000e+00
       7895 309.729062  -62.16702  -58.37554      1.037    1445.56    167.000    165.331    -0.8932    -0.8931     0.0002    -0.8980    -0.8978     0.0002   2.782364   2.782769   0.000405    34.2854    34.2906     7.0234    27.5703    27.5745    34.2855    27.5703    1446.74    1446.75    -0.8978  1028.3758    34.4524 0.0000e+00
       7920 309.729074  -62.16702  -58.37553      0.998    1445.57    168.000    166.320    -0.8925    -0.8924     0.0001    -0.8972    -0.8971     0.0001   2.782512   2.782926   0.000415    34.2858    34.2914     7.0256    27.5706    27.5751    34.2860    27.5707    1446.76    1446.77    -0.8971  1028.3809    34.4529 0.0000e+00
       7945 309.729086  -62.16702  -58.37552      0.954    1445.57    169.000    167.310    -0.8922    -0.8920     0.0002    -0.8970    -0.8968     0.0002   2.782594   2.783008   0.000415    34.2861    34.2915     7.0207    27.5708    27.5752    34.2862    27.5709    1446.78    1446.79    -0.8969  1028.3859    34.4532 0.0000e+00
       7971 309.729098  -62.16702  -58.37552      0.949    1445.57    170.000    168.299    -0.8914    -0.8913     0.0001    -0.8963    -0.8961     0.0001   2.782768   2.783175   0.000406    34.2868    34.2922     7.0170    27.5714    27.5757    34.2871    27.5716    1446.80    1446.81    -0.8961  1028.3913    34.4540 0.0000e+00
       7995 309.729110  -62.16702  -58.37552      0.967    1445.57    171.000    169.289    -0.8896    -0.8892     0.0004    -0.8944    -0.8941     0.0004   2.783051   2.783469   0.000420    34.2878    34.2931     7.0221    27.5721    27.5764    34.2882    27.5724    1446.83    1446.84    -0.8943  1028.3969    34.4551 0.0000e+00
       8019 309.729122  -62.16702  -58.37552      0.983    1445.57    172.000    170.279    -0.8885    -0.8885    -0.0000    -0.8934    -0.8934    -0.0000   2.783214   2.783600   0.000385    34.2882    34.2935     7.0170    27.5724    27.5767    34.2886    27.5727    1446.85    1446.86    -0.8933  1028.4020    34.4556 0.0000e+00
       8044 309.729133  -62.16702  -58.37552      0.983    1445.57    173.000    171.268    -0.8849    -0.8849     0.0001    -0.8899    -0.8898     0.0001   2.783646   2.784034   0.000388    34.2891    34.2943     7.0060    27.5729    27.5771    34.2898    27.5735    1446.88    1446.89    -0.8897  1028.4075    34.4567 0.0000e+00
       8068 309.729145  -62.16702  -58.37552      0.984    1445.57    174.000    172.258    -0.8825    -0.8823     0.0002    -0.8875    -0.8873     0.0002   2.783906   2.784319   0.000412    34.2895    34.2948     6.9961    27.5732    27.5775    34.2899    27.5735    1446.91    1446.92    -0.8873  1028.4123    34.4569 0.0000e+00
       8092 309.729157  -62.16702  -58.37552      0.993    1445.57    175.000    173.247    -0.8807    -0.8815    -0.0007    -0.8857    -0.8865    -0.0007   2.784145   2.784466   0.000319    34.2899    34.2951     6.9975    27.5734    27.5776    34.2905    27.5739    1446.94    1446.94    -0.8856  1028.4175    34.4575 0.0000e+00
       8118 309.729169  -62.16702  -58.37552      0.958    1445.57    176.000    174.237    -0.8792    -0.8793    -0.0000    -0.8843    -0.8843    -0.0000   2.784296   2.784674   0.000383    34.2900    34.2952     6.9979    27.5735    27.5777    34.2902    27.5736    1446.96    1446.97    -0.8841  1028.4220    34.4572 0.0000e+00
       8145 309.729182  -62.16702  -58.37552      0.899    1445.57    177.000    175.226    -0.8794    -0.8791     0.0003    -0.8845    -0.8841     0.0003   2.784341   2.784772   0.000414    34.2901    34.2953     6.9990    27.5736    27.5778    34.2904    27.5738    1446.98    1446.99    -0.8843  1028.4270    34.4575 0.0000e+00
       8171 309.729195  -62.16702  -58.37552      0.906    1445.57    178.000    176.216    -0.8771    -0.8768     0.0002    -0.8822    -0.8819     0.0002   2.784662   2.785046   0.000402    34.2906    34.2958     7.0021    27.5739    27.5781    34.2915    27.5746    1447.00    1447.01    -0.8820  1028.4325    34.4585 0.0000e+00
       8194 309.729206  -62.16702  -58.37552      0.977    1445.57    179.000    177.206    -0.8728    -0.8721     0.0006    -0.8779    -0.8773     0.0006   2.785052   2.785506   0.000453    34.2907    34.2962     7.0034    27.5738    27.5782    34.2913    27.5743    1447.04    1447.05    -0.8778  1028.4369    34.4583 0.0000e+00
       8216 309.729217  -62.16702  -58.37552      1.056    1445.57    180.000    178.195    -0.8717    -0.8720    -0.0003    -0.8769    -0.8772    -0.0003   2.785209   2.785563   0.000367    34.2909    34.2961     7.0038    27.5739    27.5782    34.2916    27.5745    1447.06    1447.07    -0.8767  1028.4419    34.4586 0.0000e+00
       8238 309.729227  -62.16702  -58.37552      1.110    1445.57    181.000    179.184    -0.8678    -0.8682    -0.0003    -0.8730    -0.8734    -0.0003   2.785604   2.785981   0.000367    34.2913    34.2966     7.0013    27.5741    27.5784    34.2920    27.5746    1447.10    1447.10    -0.8729  1028.4468    34.4590 0.0000e+00
       8259 309.729237  -62.16702  -58.37552      1.126    1445.57    182.000    180.174    -0.8675    -0.8675     0.0001    -0.8727    -0.8727     0.0001   2.785675   2.786083   0.000403    34.2914    34.2968     7.0036    27.5742    27.5786    34.2919    27.5745    1447.12    1447.12    -0.8726  1028.4515    34.4589 0.0000e+00
       8281 309.729248  -62.16702  -58.37552      1.113    1445.57    183.000    181.164    -0.8680    -0.8678     0.0002    -0.8732    -0.8730     0.0002   2.785696   2.786085   0.000396    34.2917    34.2968     7.0034    27.5744    27.5785    34.2922    27.5748    1447.13    1447.14    -0.8731  1028.4565    34.4592 0.0000e+00
       8303 309.729258  -62.16702  -58.37552      1.085    1445.57    184.000    182.153    -0.8683    -0.8684    -0.0001    -0.8736    -0.8737    -0.0001   2.785726   2.786116   0.000389    34.2919    34.2973     7.0055    27.5746    27.5790    34.2923    27.5749    1447.14    1447.15    -0.8734  1028.4614    34.4593 0.0000e+00
       8327 309.729270  -62.16702  -58.37552      1.038    1445.57    185.000    183.143    -0.8684    -0.8681     0.0003    -0.8737    -0.8734     0.0003   2.785786   2.786217   0.000428    34.2922    34.2977     7.0083    27.5748    27.5793    34.2926    27.5752    1447.16    1447.17    -0.8736  1028.4665    34.4597 0.0000e+00
       8352 309.729282  -62.16702  -58.37552      0.986    1445.57    186.000    184.132    -0.8675    -0.8673     0.0002    -0.8728    -0.8727     0.0002   2.785927   2.786339   0.000410    34.2925    34.2978     7.0133    27.5750    27.5793    34.2928    27.5753    1447.18    1447.19    -0.8727  1028.4714    34.4599 0.0000e+00
       8378 309.729294  -62.16702  -58.37552      0.957    1445.57    187.000    185.122    -0.8668    -0.8668    -0.0000    -0.8721    -0.8722    -0.0000   2.786078   2.786468   0.000393    34.2930    34.2984     7.0041    27.5754    27.5798    34.2935    27.5758    1447.20    1447.21    -0.8720  1028.4766    34.4605 0.0000e+00
       8403 309.729307  -62.16702  -58.37552      0.926    1445.57    188.000    186.111    -0.8646    -0.8643     0.0003    -0.8700    -0.8697     0.0003   2.786373   2.786788   0.000413    34.2937    34.2990     6.9977    27.5759    27.5802    34.2943    27.5764    1447.23    1447.24    -0.8699  1028.4820    34.4614 0.0000e+00
       8429 309.729319  -62.16702  -58.37552      0.939    1445.57    189.000    187.101    -0.8623    -0.8622     0.0001    -0.8677    -0.8677     0.0001   2.786635   2.787042   0.000409    34.2944    34.2999     6.9924    27.5764    27.5808    34.2947    27.5766    1447.26    1447.27    -0.8676  1028.4870    34.4618 0.0000e+00
       8452 309.729330  -62.16700  -58.37552      0.986    1445.57    190.000    188.090    -0.8653    -0.8652     0.0001    -0.8707    -0.8707     0.0001   2.786499   2.786902   0.000398    34.2956    34.3009     6.9896    27.5775    27.5818    34.2956    27.5775    1447.26    1447.27    -0.8706  1028.4926    34.4627 0.0000e+00
       8475 309.729341  -62.16700  -58.37552      1.040    1445.57    191.000    189.080    -0.8642    -0.8652    -0.0010    -0.8697    -0.8707    -0.0010   2.786855   2.787142   0.000289    34.2977    34.3027     6.9864    27.5791    27.5832    34.2986    27.5799    1447.28    1447.29    -0.8696  1028.4998    34.4657 0.0000e+00
       8495 309.729351  -62.16700  -58.37552      1.103    1445.57    192.000    190.069    -0.8570    -0.8568     0.0001    -0.8625    -0.8624     0.0001   2.787738   2.788172   0.000422    34.3001    34.3057     6.9792    27.5808    27.5853    34.3018    27.5821    1447.34    1447.35    -0.8624  1028.5068    34.4689 0.0000e+00
       8515 309.729361  -62.16700  -58.37552      1.169    1445.57    193.000    191.059    -0.8512    -0.8476     0.0036    -0.8568    -0.8532     0.0036   2.788378   2.789152   0.000776    34.3018    34.3082     6.9724    27.5819    27.5870    34.3032    27.5831    1447.39    1447.41    -0.8566  1028.5125    34.4704 0.0000e+00
       8535 309.729370  -62.16700  -58.37552      1.212    1445.57    194.000    192.048    -0.8445    -0.8439     0.0006    -0.8501    -0.8495     0.0006   2.789161   2.789601   0.000448    34.3041    34.3095     6.9571    27.5836    27.5879    34.3056    27.5847    1447.44    1447.45    -0.8500  1028.5188    34.4728 0.0000e+00
