Pos-Processados/process_op38/operantar38_013a.ros
* Sea-Bird SBE 9 Data File:
* FileName = D:\OPERANTAR_XXXVIII\DADOS\OP38_013a.hdr
* Software Version Seasave V 7.18c
* Temperature SN = 4808
* Conductivity SN = 3380
* Number of Bytes Per Scan = 34
* Number of Voltage Words = 3
* Number of Scans Averaged by the Deck Unit = 1
* NMEA Latitude = 62 08.60 S
* NMEA Longitude = 058 24.70 W
* NMEA UTC (Time) = Nov 05 2019 03:14:19
** H41
** NAVIO POLAR ALMIRANTE MAXIMIANO
** CRUZEIRO:
** OPERANTAR XXXVIII
** ESTAÇÃO: OP38_013a
** LAT 62 08,60' S
** LONG 058 24,70' W
** 09P73767-1155_A
** PROFUNDIDADE: 420
** DATA/HORA: 050314Z/NOV/2019
** OPERADOR: SO-HN CHAVES
# nquan = 24
# nvalues = 193                                   
# units = specified
# name 0 = scan: Scan Count
# name 1 = timeJ: Julian Days
# name 2 = latitude: Latitude [deg]
# name 3 = longitude: Longitude [deg]
# name 4 = dz/dtM: Descent Rate [m/s]
# name 5 = avgsvCM: Average Sound Velocity [Chen-Millero, m/s]
# name 6 = prDM: Pressure, Digiquartz [db]
# name 7 = depSM: Depth [salt water, m]
# name 8 = t090C: Temperature [ITS-90, deg C]
# name 9 = t190C: Temperature, 2 [ITS-90, deg C]
# name 10 = T2-T190C: Temperature Difference, 2 - 1 [ITS-90, deg C]
# name 11 = potemp090C: Potential Temperature [ITS-90, deg C]
# name 12 = potemp190C: Potential Temperature, 2 [ITS-90, deg C]
# name 13 = potemp90Cdiff: Potential Temperature, Diff, 2 - 1 [ITS-90, deg C]
# name 14 = c0S/m: Conductivity [S/m]
# name 15 = c1S/m: Conductivity, 2 [S/m]
# name 16 = C2-C1S/m: Conductivity Difference, 2 - 1 [S/m]
# name 17 = sal00: Salinity, Practical [PSU]
# name 18 = sal11: Salinity, Practical, 2 [PSU]
# name 19 = sbeox0ML/L: Oxygen, SBE 43 [ml/l]
# name 20 = sigma-é00: Density [sigma-theta, kg/m^3]
# name 21 = sigma-é11: Density, 2 [sigma-theta, kg/m^3]
# name 22 = nbf: Bottles Fired
# name 23 = flag:  0.000e+00
# interval = seconds: 0.0416667
# start_time = Nov 05 2019 03:14:19 [NMEA time, header]
# bad_flag = -9.990e-29
*END*
[from data line 182]
       2260 309.136032  -62.14340  -58.41182     -0.017       0.00     10.732     10.629    -0.8184    -0.8126     0.0058    -0.8187    -0.8129     0.0058   2.772963   2.773708   0.000745    34.1701    34.1736     7.6101    27.4737    27.4763          1  0.000e+00
       2261 309.136032  -62.14340  -58.41182     -0.022       0.00     10.657     10.554    -0.8183    -0.8122     0.0061    -0.8185    -0.8125     0.0061   2.772987   2.773651   0.000663    34.1702    34.1724     7.6098    27.4738    27.4753          1  0.000e+00
       2262 309.136033  -62.14340  -58.41182     -0.021       0.00     10.705     10.602    -0.8168    -0.8122     0.0046    -0.8171    -0.8125     0.0046   2.773011   2.773605   0.000594    34.1689    34.1717     7.6095    27.4727    27.4748          1  0.000e+00
       2263 309.136033  -62.14340  -58.41182     -0.023       0.00     10.705     10.602    -0.8161    -0.8117     0.0044    -0.8164    -0.8120     0.0044   2.773035   2.773593   0.000558    34.1684    34.1711     7.6092    27.4723    27.4742          1  0.000e+00
       2264 309.136033  -62.14340  -58.41182     -0.024       0.00     10.657     10.554    -0.8165    -0.8134     0.0030    -0.8167    -0.8137     0.0030   2.773005   2.773524   0.000519    34.1684    34.1721     7.6091    27.4723    27.4751          1  0.000e+00
       2265 309.136034  -62.14340  -58.41182     -0.025       0.00     10.705     10.602    -0.8169    -0.8140     0.0029    -0.8172    -0.8143     0.0029   2.773029   2.773530   0.000501    34.1693    34.1728     7.6091    27.4730    27.4758          1  0.000e+00
       2266 309.136034  -62.14340  -58.41182     -0.027       0.00     10.705     10.602    -0.8169    -0.8142     0.0026    -0.8172    -0.8145     0.0026   2.773023   2.773478   0.000455    34.1691    34.1723     7.6090    27.4729    27.4753          1  0.000e+00
       2267 309.136035  -62.14340  -58.41182     -0.025       0.00     10.705     10.602    -0.8163    -0.8156     0.0007    -0.8166    -0.8159     0.0007   2.772999   2.773433   0.000433    34.1681    34.1733     7.6088    27.4720    27.4762          1  0.000e+00
       2268 309.136035  -62.14340  -58.41182     -0.028       0.00     10.657     10.554    -0.8165    -0.8156     0.0008    -0.8167    -0.8159     0.0008   2.773029   2.773427   0.000398    34.1688    34.1732     7.6086    27.4726    27.4761          1  0.000e+00
       2269 309.136036  -62.14340  -58.41182     -0.027       0.00     10.677     10.575    -0.8169    -0.8145     0.0024    -0.8172    -0.8148     0.0024   2.773065   2.773450   0.000385    34.1697    34.1723     7.6085    27.4733    27.4753          1  0.000e+00
       2270 309.136036  -62.14340  -58.41182     -0.025       0.00     10.705     10.602    -0.8155    -0.8144     0.0012    -0.8158    -0.8147     0.0012   2.773125   2.773455   0.000331    34.1690    34.1722     7.6082    27.4727    27.4752          1  0.000e+00
