Pos-Processados/process_op38/operantar38_019.cnv
* Sea-Bird SBE 9 Data File:
* FileName = D:\OPERANTAR_XXXVIII\DADOS\OP38_019.hdr
* Software Version Seasave V 7.18c
* Temperature SN = 4808
* Conductivity SN = 3380
* Number of Bytes Per Scan = 34
* Number of Voltage Words = 3
* Number of Scans Averaged by the Deck Unit = 1
* NMEA Latitude = 62 12.52 S
* NMEA Longitude = 058 17.99 W
* NMEA UTC (Time) = Nov 22 2019 11:08:24
** H41
** NAVIO POLAR ALMIRANTE MAXIMIANO
** CRUZEIRO:
** OPERANTAR XXXVIII
** ESTAÇÃO: OP38_019
** LAT 62 12,51'S
** LONG 058 18,00'W
** 09P73767-1155_A
** PROFUNDIDADE: 271
** DATA/HORA: 221109Z/NOV/2019
** OPERADOR: SO-HN CHAVES
# nquan = 33
# nvalues = 482                         
# units = specified
# name 0 = scan: Scan Count
# name 1 = timeJ: Julian Days
# name 2 = latitude: Latitude [deg]
# name 3 = longitude: Longitude [deg]
# name 4 = dz/dtM: Descent Rate [m/s]
# name 5 = avgsvCM: Average Sound Velocity [Chen-Millero, m/s]
# name 6 = prDM: Pressure, Digiquartz [db]
# name 7 = depSM: Depth [salt water, m]
# name 8 = t090C: Temperature [ITS-90, deg C]
# name 9 = t190C: Temperature, 2 [ITS-90, deg C]
# name 10 = T2-T190C: Temperature Difference, 2 - 1 [ITS-90, deg C]
# name 11 = potemp090C: Potential Temperature [ITS-90, deg C]
# name 12 = potemp190C: Potential Temperature, 2 [ITS-90, deg C]
# name 13 = potemp90Cdiff: Potential Temperature, Diff, 2 - 1 [ITS-90, deg C]
# name 14 = c0S/m: Conductivity [S/m]
# name 15 = c1S/m: Conductivity, 2 [S/m]
# name 16 = C2-C1S/m: Conductivity Difference, 2 - 1 [S/m]
# name 17 = sal00: Salinity, Practical [PSU]
# name 18 = sal11: Salinity, Practical, 2 [PSU]
# name 19 = sbeox0ML/L: Oxygen, SBE 43 [ml/l]
# name 20 = sigma-é00: Density [sigma-theta, kg/m^3]
# name 21 = sigma-é11: Density, 2 [sigma-theta, kg/m^3]
# name 22 = sbox0Mm/Kg: Oxygen, SBE 43 [umol/kg]
# name 23 = oxsolMm/Kg: Oxygen Saturation, Garcia & Gordon [umol/kg]
# name 24 = oxsatMm/Kg: Oxygen Saturation, Weiss [umol/kg]
# name 25 = sal00: Salinity, Practical [PSU]
# name 26 = sigma-é00: Density [sigma-theta, kg/m^3]
# name 27 = svCM: Sound Velocity [Chen-Millero, m/s]
# name 28 = svCM1: Sound Velocity, 2 [Chen-Millero, m/s]
# name 29 = gsw_ptA0: potential temperature [ITS-90, deg C]
# name 30 = gsw_densityA0: density, TEOS-10 [density, kg/m^3]
# name 31 = gsw_saA0: Absolute Salinity [g/kg]
# name 32 = flag:
# span 0 =       1186,      26705       
# span 1 = 326.464738, 326.477045       
# span 2 =  -62.20879,  -62.20864       
# span 3 =  -58.30025,  -58.29984       
# span 4 =     -0.903,      0.772       
# span 5 =       0.00,    1448.22       
# span 6 =      2.000,    243.000       
# span 7 =      1.987,    240.524       
# span 8 =    -0.6388,    -0.2172       
# span 9 =    -0.6385,    -0.2144       
# span 10 =    -0.0118,     0.0045      
# span 11 =    -0.6453,    -0.2173      
# span 12 =    -0.6449,    -0.2145      
# span 13 =    -0.0118,     0.0045      
# span 14 =   2.802622,   2.820561      
# span 15 =   2.803053,   2.821176      
# span 16 =  -0.000415,   0.000696      
# span 17 =    34.1379,    34.2982      
# span 18 =    34.1428,    34.3034      
# span 19 =     6.9417,     7.7122      
# span 20 =    27.4211,    27.5701      
# span 21 =    27.4250,    27.5743      
# span 22 =    301.699,    335.234      
# span 23 =  352.29214,  355.83950      
# span 24 =  353.80925,  357.45183      
# span 25 =    34.1380,    34.2982      
# span 26 =    27.4212,    27.5701      
# span 27 =    1446.82,    1449.21      
# span 28 =    1446.83,    1449.22      
# span 29 =    -0.6451,    -0.2173      
# span 30 =  1027.4352,  1028.7362      
# span 31 =    34.3027,    34.4655      
# span 32 = 0.0000e+00, 0.0000e+00      
# interval = decibars: 1                
# start_time = Nov 22 2019 11:08:24 [NMEA time, header]
# bad_flag = -9.990e-29
*END*
[from data line 220]
      10351 326.469158  -62.20876  -58.29988      0.416    1447.55    223.000    220.740    -0.6371    -0.6366     0.0004    -0.6440    -0.6436     0.0004   2.806747   2.807154   0.000409    34.2903    34.2953     6.9853    27.5638    27.5679    303.596  355.77699  357.39039    34.2904    27.5639    1448.86    1448.87    -0.6439  1028.6350    34.4576 0.0000e+00
      10415 326.469189  -62.20876  -58.29988      0.362    1447.55    224.000    221.729    -0.6370    -0.6367     0.0003    -0.6440    -0.6436     0.0003   2.806818   2.807217   0.000400    34.2906    34.2956     6.9851    27.5640    27.5681    303.587  355.77549  357.38889    34.2906    27.5641    1448.88    1448.88    -0.6438  1028.6399    34.4579 0.0000e+00
      10479 326.469220  -62.20876  -58.29988      0.378    1447.55    225.000    222.719    -0.6368    -0.6364     0.0004    -0.6438    -0.6434     0.0004   2.806901   2.807306   0.000403    34.2909    34.2959     6.9796    27.5642    27.5683    303.347  355.77242  357.38578    34.2909    27.5642    1448.89    1448.90    -0.6436  1028.6449    34.4581 0.0000e+00
      10546 326.469252  -62.20876  -58.29988      0.357    1447.55    226.000    223.709    -0.6366    -0.6362     0.0004    -0.6437    -0.6433     0.0004   2.806986   2.807405   0.000418    34.2912    34.2964     6.9827    27.5645    27.5687    303.484  355.77012  357.38347    34.2912    27.5645    1448.91    1448.92    -0.6435  1028.6496    34.4580 0.0000e+00
      10607 326.469281 -9.990e-29  -58.29988      0.403    1447.55    227.000    224.697    -0.6365    -0.6362     0.0003    -0.6436    -0.6432     0.0003   2.807091   2.807500   0.000410    34.2918    34.2969     6.9747    27.5650    27.5691    303.132  355.76723  357.38059    34.2919    27.5651    1448.93    1448.94    -0.6434  1028.6508    34.4536 0.0000e+00
      10675 326.469314  -62.20874  -58.29988      0.344    1447.55    228.000    225.687    -0.6362    -0.6359     0.0004    -0.6433    -0.6430     0.0004   2.807207   2.807634   0.000424    34.2925    34.2978     6.9724    27.5656    27.5698    303.032  355.76277  357.37611    34.2925    27.5656    1448.95    1448.96    -0.6432  1028.6584    34.4572 0.0000e+00
      10754 326.469352  -62.20876  -58.29988      0.289    1447.68    229.000    226.674    -0.6362    -0.6358     0.0005    -0.6434    -0.6429     0.0005   2.807267   2.807711   0.000447    34.2927    34.2982     6.9736    27.5657    27.5701    303.088  355.76242  357.37576    34.2927    27.5657    1448.96    1448.97    -0.6432  1028.6654    34.4600 0.0000e+00
      10850 326.469399  -62.20876  -58.29989      0.241    1447.69    230.000    227.666    -0.6362    -0.6359     0.0003    -0.6434    -0.6431     0.0003   2.807323   2.807728   0.000407    34.2928    34.2980     6.9645    27.5658    27.5700    302.691  355.76154  357.37489    34.2928    27.5658    1448.98    1448.99    -0.6432  1028.6703    34.4601 0.0000e+00
      10938 326.469441  -62.20876  -58.29990      0.310    1447.69    231.000    228.656    -0.6362    -0.6358     0.0004    -0.6434    -0.6430     0.0004   2.807362   2.807774   0.000415    34.2927    34.2978     6.9711    27.5657    27.5698    302.979  355.76160  357.37493    34.2927    27.5657    1449.00    1449.01    -0.6432  1028.6749    34.4600 0.0000e+00
      11016 326.469479  -62.20876  -58.29990      0.295    1447.69    232.000    229.645    -0.6361    -0.6358     0.0003    -0.6434    -0.6430     0.0003   2.807420   2.807829   0.000407    34.2928    34.2980     6.9691    27.5658    27.5700    302.890  355.76085  357.37418    34.2928    27.5658    1449.01    1449.02    -0.6432  1028.6798    34.4601 0.0000e+00
      11079 326.469509  -62.20876  -58.29990      0.407    1447.69    233.000    230.633    -0.6359    -0.6355     0.0004    -0.6432    -0.6428     0.0004   2.807509   2.807933   0.000422    34.2931    34.2984     6.9665    27.5661    27.5703    302.777  355.75773  357.37102    34.2932    27.5661    1449.03    1449.04    -0.6430  1028.6849    34.4605 0.0000e+00
      11144 326.469540  -62.20876  -58.29990      0.359    1447.69    234.000    231.622    -0.6357    -0.6353     0.0004    -0.6430    -0.6426     0.0004   2.807604   2.808034   0.000430    34.2935    34.2988     6.9668    27.5664    27.5707    302.792  355.75487  357.36814    34.2936    27.5665    1449.05    1449.06    -0.6428  1028.6900    34.4609 0.0000e+00
      11210 326.469572  -62.20876  -58.29990      0.365    1447.69    235.000    232.612    -0.6354    -0.6350     0.0004    -0.6428    -0.6424     0.0004   2.807697   2.808128   0.000431    34.2940    34.2993     6.9669    27.5667    27.5710    302.793  355.75140  357.36465    34.2940    27.5667    1449.07    1449.08    -0.6426  1028.6950    34.4613 0.0000e+00
      11277 326.469604  -62.20876  -58.29990      0.362    1447.69    236.000    233.601    -0.6355    -0.6351     0.0004    -0.6429    -0.6425     0.0004   2.807733   2.808149   0.000416    34.2938    34.2990     6.9636    27.5666    27.5708    302.651  355.75221  357.36546    34.2939    27.5667    1449.08    1449.09    -0.6427  1028.6997    34.4612 0.0000e+00
      11340 326.469635  -62.20876  -58.29990      0.382    1447.69    237.000    234.589    -0.6352    -0.6349     0.0003    -0.6426    -0.6423     0.0003   2.807844   2.808251   0.000407    34.2945    34.2996     6.9662    27.5671    27.5712    302.763  355.74796  357.36119    34.2945    27.5671    1449.10    1449.11    -0.6424  1028.7049    34.4618 0.0000e+00
      11408 326.469668  -62.20876  -58.29990      0.341    1447.69    238.000    235.578    -0.6354    -0.6349     0.0005    -0.6429    -0.6423     0.0005   2.807832   2.808293   0.000461    34.2939    34.2995     6.9601    27.5667    27.5712    302.499  355.75133  357.36457    34.2939    27.5667    1449.12    1449.13    -0.6427  1028.7093    34.4613 0.0000e+00
      11519 326.469721  -62.20876  -58.29992      0.197    1447.69    239.000    236.568    -0.6344    -0.6337     0.0007    -0.6419    -0.6412     0.0007   2.808185   2.808685   0.000501    34.2967    34.3027     6.9598    27.5689    27.5738    302.487  355.73354  357.34671    34.2969    27.5691    1449.14    1449.15    -0.6417  1028.7164    34.4642 0.0000e+00
      11646 326.469783  -62.20875  -58.29992      0.214    1447.69    240.000    237.560    -0.6338    -0.6334     0.0004    -0.6413    -0.6409     0.0004   2.808374   2.808801   0.000427    34.2982    34.3034     6.9444    27.5701    27.5743    301.816  355.72414  357.33726    34.2982    27.5701    1449.16    1449.17    -0.6411  1028.7222    34.4655 0.0000e+00
      11792 326.469853  -62.20874  -58.29992      0.173    1447.69    241.000    238.547    -0.6339    -0.6336     0.0003    -0.6415    -0.6411     0.0003   2.808385   2.808793   0.000410    34.2978    34.3029     6.9460    27.5697    27.5739    301.884  355.72632  357.33944    34.2978    27.5698    1449.18    1449.19    -0.6413  1028.7267    34.4652 0.0000e+00
      11906 326.469908  -62.20874  -58.29993      0.205    1447.69    242.000    239.534    -0.6339    -0.6336     0.0002    -0.6414    -0.6412     0.0002   2.808442   2.808830   0.000388    34.2979    34.3029     6.9417    27.5698    27.5739    301.699  355.72535  357.33847    34.2979    27.5699    1449.19    1449.20    -0.6413  1028.7315    34.4653 0.0000e+00
      12163 326.470032  -62.20874  -58.29995      0.032    1447.69    243.000    240.524    -0.6339    -0.6335     0.0004    -0.6415    -0.6411     0.0004   2.808475   2.808896   0.000422    34.2978    34.3030     6.9462    27.5698    27.5740    301.896  355.72609  357.33921    34.2978    27.5698    1449.21    1449.22    -0.6413  1028.7362    34.4652 0.0000e+00
      12508 326.470198  -62.20874  -58.29996     -0.164    1447.69    242.000    239.537    -0.6347    -0.6344     0.0002    -0.6422    -0.6420     0.0002   2.808209   2.808602   0.000392    34.2957    34.3007     6.9515    27.5681    27.5722    302.123  355.73888  357.35205    34.2957    27.5681    1449.19    1449.20    -0.6421  1028.7297    34.4631 0.0000e+00
      12579 326.470232  -62.20874  -58.29996     -0.355    1447.69    241.000    238.548    -0.6350    -0.6345     0.0004    -0.6425    -0.6421     0.0004   2.808066   2.808499   0.000434    34.2948    34.3001     6.9546    27.5673    27.5717    302.261  355.74443  357.35762    34.2947    27.5673    1449.17    1449.18    -0.6424  1028.7253    34.4634 0.0000e+00
      12652 326.470268  -62.20874  -58.29998     -0.320    1447.69    240.000    237.559    -0.6352    -0.6349     0.0004    -0.6427    -0.6424     0.0004   2.807966   2.808397   0.000432    34.2943    34.2997     6.9609    27.5670    27.5713    302.536  355.74829  357.36151    34.2942    27.5669    1449.15    1449.16    -0.6425  1028.7205    34.4634 0.0000e+00
      12732 326.470306  -62.20874  -58.29998     -0.293    1447.69    239.000    236.566    -0.6352    -0.6349     0.0003    -0.6427    -0.6423     0.0003   2.807919   2.808330   0.000410    34.2943    34.2995     6.9631    27.5670    27.5711    302.631  355.74823  357.36144    34.2942    27.5669    1449.13    1449.14    -0.6425  1028.7141    34.4614 0.0000e+00
      12782 326.470330  -62.20874  -58.29998     -0.494    1447.69    238.000    235.578    -0.6354    -0.6349     0.0005    -0.6428    -0.6424     0.0005   2.807830   2.808236   0.000407    34.2939    34.2989     6.9580    27.5667    27.5707    302.409  355.75095  357.36418    34.2938    27.5666    1449.12    1449.13    -0.6427  1028.7092    34.4612 0.0000e+00
      12820 326.470349  -62.20874  -58.29998     -0.627    1447.69    237.000    234.590    -0.6355    -0.6352     0.0003    -0.6429    -0.6426     0.0003   2.807752   2.808176   0.000423    34.2936    34.2989     6.9622    27.5664    27.5707    302.591  355.75287  357.36611    34.2936    27.5664    1449.10    1449.11    -0.6427  1028.7042    34.4609 0.0000e+00
      12861 326.470369  -62.20874  -58.29998     -0.586    1447.69    236.000    233.601    -0.6357    -0.6354     0.0003    -0.6430    -0.6427     0.0003   2.807680   2.808098   0.000419    34.2934    34.2987     6.9619    27.5663    27.5705    302.576  355.75482  357.36808    34.2934    27.5663    1449.08    1449.09    -0.6429  1028.6993    34.4607 0.0000e+00
      12905 326.470390  -62.20874  -58.29998     -0.544    1447.69    235.000    232.612    -0.6358    -0.6355     0.0003    -0.6431    -0.6428     0.0003   2.807596   2.808020   0.000424    34.2931    34.2985     6.9622    27.5660    27.5704    302.592  355.75714  357.37041    34.2930    27.5660    1449.07    1449.07    -0.6430  1028.6943    34.4603 0.0000e+00
      12945 326.470409  -62.20874  -58.29998     -0.595    1447.69    234.000    231.622    -0.6360    -0.6356     0.0004    -0.6433    -0.6429     0.0004   2.807527   2.807947   0.000421    34.2929    34.2982     6.9563    27.5659    27.5701    302.332  355.75905  357.37236    34.2929    27.5659    1449.05    1449.06    -0.6431  1028.6894    34.4602 0.0000e+00
      12987 326.470429  -62.20874  -58.29998     -0.589    1447.69    233.000    230.636    -0.6361    -0.6357     0.0004    -0.6433    -0.6430     0.0004   2.807453   2.807887   0.000432    34.2927    34.2981     6.9676    27.5657    27.5700    302.824  355.76094  357.37425    34.2926    27.5657    1449.03    1449.04    -0.6432  1028.6844    34.4599 0.0000e+00
      13035 326.470452  -62.20874  -58.29998     -0.489    1447.69    232.000    229.641    -0.6360    -0.6357     0.0004    -0.6432    -0.6429     0.0004   2.807439   2.807842   0.000406    34.2930    34.2981     6.9731    27.5659    27.5700    303.062  355.75919  357.37250    34.2930    27.5659    1449.02    1449.02    -0.6431  1028.6799    34.4603 0.0000e+00
      13074 326.470471  -62.20872  -58.30000     -0.601    1447.69    231.000    228.655    -0.6361    -0.6359     0.0002    -0.6433    -0.6431     0.0002   2.807322   2.807711   0.000388    34.2923    34.2972     6.9699    27.5654    27.5694    302.927  355.76249  357.37579    34.2921    27.5653    1449.00    1449.00    -0.6432  1028.6745    34.4594 0.0000e+00
      13107 326.470487  -62.20872  -58.30000     -0.712    1447.69    230.000    227.665    -0.6364    -0.6361     0.0004    -0.6436    -0.6433     0.0004   2.807181   2.807603   0.000419    34.2913    34.2965     6.9684    27.5646    27.5688    302.860  355.76816  357.38147    34.2912    27.5645    1448.98    1448.99    -0.6434  1028.6689    34.4584 0.0000e+00
      13151 326.470508  -62.20872  -58.30000     -0.564    1447.69    229.000    226.676    -0.6366    -0.6362     0.0004    -0.6437    -0.6433     0.0004   2.807098   2.807530   0.000432    34.2909    34.2963     6.9694    27.5643    27.5686    302.906  355.77064  357.38397    34.2908    27.5642    1448.96    1448.97    -0.6436  1028.6639    34.4581 0.0000e+00
      13198 326.470531  -62.20872  -58.30000     -0.500    1447.69    228.000    225.687    -0.6366    -0.6364     0.0002    -0.6437    -0.6435     0.0002   2.807024   2.807416   0.000394    34.2906    34.2957     6.9764    27.5641    27.5681    303.206  355.77192  357.38525    34.2905    27.5640    1448.94    1448.95    -0.6436  1028.6589    34.4578 0.0000e+00
      13235 326.470549  -62.20872  -58.30000     -0.633    1447.69    227.000    224.697    -0.6370    -0.6366     0.0003    -0.6440    -0.6437     0.0003   2.806918   2.807324   0.000402    34.2901    34.2952     6.9751    27.5637    27.5678    303.150  355.77597  357.38932    34.2901    27.5636    1448.92    1448.93    -0.6439  1028.6538    34.4573 0.0000e+00
      13275 326.470568  -62.20872  -58.30000     -0.607    1447.69    226.000    223.708    -0.6372    -0.6366     0.0005    -0.6442    -0.6437     0.0005   2.806828   2.807280   0.000451    34.2898    34.2953     6.9705    27.5634    27.5678    302.954  355.77920  357.39259    34.2897    27.5633    1448.91    1448.92    -0.6441  1028.6487    34.4570 0.0000e+00
      13323 326.470591  -62.20872  -58.30002     -0.496    1447.69    225.000    222.719    -0.6370    -0.6363     0.0007    -0.6440    -0.6433     0.0007   2.806840   2.807361   0.000522    34.2902    34.2965     6.9803    27.5637    27.5688    303.378  355.77596  357.38933    34.2903    27.5638    1448.89    1448.91    -0.6438  1028.6444    34.4575 0.0000e+00
      13366 326.470612  -62.20872  -58.30002     -0.559    1447.69    224.000    221.729    -0.6368    -0.6363     0.0005    -0.6438    -0.6433     0.0005   2.806859   2.807331   0.000472    34.2909    34.2967     6.9860    27.5643    27.5690    303.623  355.77252  357.38589    34.2910    27.5643    1448.88    1448.89    -0.6436  1028.6402    34.4582 0.0000e+00
      13406 326.470631  -62.20872  -58.30002     -0.600    1447.69    223.000    220.740    -0.6369    -0.6364     0.0004    -0.6438    -0.6434     0.0004   2.806815   2.807262   0.000445    34.2911    34.2966     6.9785    27.5644    27.5689    303.301  355.77268  357.38607    34.2910    27.5644    1448.86    1448.87    -0.6437  1028.6355    34.4583 0.0000e+00
      13451 326.470653  -62.20872  -58.30002     -0.529    1447.69    222.000    219.751    -0.6367    -0.6361     0.0005    -0.6436    -0.6430     0.0005   2.806822   2.807289   0.000471    34.2915    34.2972     6.9776    27.5647    27.5694    303.258  355.76968  357.38305    34.2915    27.5648    1448.85    1448.86    -0.6434  1028.6311    34.4587 0.0000e+00
      13495 326.470674  -62.20872  -58.30002     -0.540    1447.69    221.000    218.762    -0.6365    -0.6362     0.0003    -0.6434    -0.6431     0.0003   2.806787   2.807198   0.000412    34.2916    34.2968     6.9798    27.5648    27.5690    303.354  355.76833  357.38168    34.2915    27.5647    1448.83    1448.84    -0.6432  1028.6263    34.4587 0.0000e+00
