Pos-Processados/process_op38/operantar38_004b.ros
* Sea-Bird SBE 9 Data File:
* FileName = D:\OPERANTAR_XXXVIII\DADOS\OP38_004b.hdr
* Software Version Seasave V 7.12
* Temperature SN = 4808
* Conductivity SN = 3380
* Number of Bytes Per Scan = 31
* Number of Voltage Words = 2
* Number of Scans Averaged by the Deck Unit = 1
* NMEA Latitude = 39 58.14 S
* NMEA Longitude = 054 59.70 W
* NMEA UTC (Time) = Oct 17 2019 16:47:40
** H41
** NAVIO POLAR ALMIRANTE MAXIMIANO
** CRUZEIRO:
** OPERANTAR XXXVIII
** ESTAÇÃO: OP38_004b
** LAT 39º 58,17'S
** LONG 054º 59,68'W
** 09P73767-1155
** PROFUNDIDADE: 1620 m
** DATA/HORA: 171648Z/OUT/2019
** OPERADOR: SO-HN CHAVES
# nquan = 27
# nvalues = 3712                                  
# units = specified
# name 0 = scan: Scan Count
# name 1 = timeJ: Julian Days
# name 2 = latitude: Latitude [deg]
# name 3 = longitude: Longitude [deg]
# name 4 = dz/dtM: Descent Rate [m/s]
# name 5 = avgsvCM: Average Sound Velocity [Chen-Millero, m/s]
# name 6 = prDM: Pressure, Digiquartz [db]
# name 7 = depSM: Depth [salt water, m]
# name 8 = t090C: Temperature [ITS-90, deg C]
# name 9 = t190C: Temperature, 2 [ITS-90, deg C]
# name 10 = T2-T190C: Temperature Difference, 2 - 1 [ITS-90, deg C]
# name 11 = potemp090C: Potential Temperature [ITS-90, deg C]
# name 12 = potemp190C: Potential Temperature, 2 [ITS-90, deg C]
# name 13 = potemp90Cdiff: Potential Temperature, Diff, 2 - 1 [ITS-90, deg C]
# name 14 = c0S/m: Conductivity [S/m]
# name 15 = c1S/m: Conductivity, 2 [S/m]
# name 16 = C2-C1S/m: Conductivity Difference, 2 - 1 [S/m]
# name 17 = sal00: Salinity, Practical [PSU]
# name 18 = sal11: Salinity, Practical, 2 [PSU]
# name 19 = sbeox0ML/L: Oxygen, SBE 43 [ml/l]
# name 20 = sigma-é00: Density [sigma-theta, kg/m^3]
# name 21 = sigma-é11: Density, 2 [sigma-theta, kg/m^3]
# name 22 = sbox0Mm/Kg: Oxygen, SBE 43 [umol/kg]
# name 23 = oxsolMm/Kg: Oxygen Saturation, Garcia & Gordon [umol/kg]
# name 24 = oxsatMm/Kg: Oxygen Saturation, Weiss [umol/kg]
# name 25 = nbf: Bottles Fired
# name 26 = flag:  0.000e+00
# interval = seconds: 0.0416667
# start_time = Oct 17 2019 16:47:40 [NMEA time, header]
# bad_flag = -9.990e-29
*END*
[from data line 2524]
       4315 290.701849  -39.96866  -54.99504     -0.022       0.00      2.810      2.788     6.7825     6.7858     0.0033     6.7822     6.7855     0.0033   3.425025   3.425899   0.000874    34.0756    34.0819     7.1334    26.7202    26.7247    310.286  296.92814  297.37516         17  0.000e+00
       4316 290.701849  -39.96866  -54.99504     -0.031       0.00      2.810      2.788     6.7820     6.7853     0.0033     6.7817     6.7850     0.0033   3.425005   3.425861   0.000856    34.0758    34.0820     7.1333    26.7204    26.7249    310.281  296.93075  297.37784         17  0.000e+00
       4317 290.701850  -39.96866  -54.99504     -0.036       0.00      2.810      2.788     6.7814     6.7840     0.0025     6.7812     6.7837     0.0025   3.424979   3.425799   0.000820    34.0761    34.0826     7.1331    26.7207    26.7255    310.276  296.93400  297.38116         17  0.000e+00
       4318 290.701850  -39.96866  -54.99504     -0.044       0.00      2.810      2.788     6.7812     6.7835     0.0023     6.7809     6.7833     0.0023   3.425005   3.425737   0.000732    34.0766    34.0824     7.1330    26.7212    26.7254    310.268  296.93457  297.38176         17  0.000e+00
       4319 290.701851  -39.96866  -54.99504     -0.053       0.00      2.755      2.734     6.7812     6.7833     0.0021     6.7809     6.7831     0.0021   3.425050   3.425700   0.000649    34.0772    34.0822     7.1327    26.7216    26.7253    310.255  296.93342  297.38062         17  0.000e+00
       4320 290.701851  -39.96866  -54.99504     -0.064       0.00      2.755      2.734     6.7814     6.7830     0.0016     6.7812     6.7828     0.0016   3.425070   3.425693   0.000623    34.0771    34.0824     7.1324    26.7215    26.7255    310.245  296.93176  297.37893         17  0.000e+00
       4321 290.701852  -39.96866  -54.99504     -0.071       0.00      2.755      2.734     6.7815     6.7828     0.0014     6.7812     6.7826     0.0014   3.425076   3.425644   0.000567    34.0771    34.0821     7.1318    26.7215    26.7252    310.215  296.93136  297.37853         17  0.000e+00
       4322 290.701852  -39.96866  -54.99504     -0.079       0.00      2.755      2.734     6.7812     6.7824     0.0012     6.7809     6.7821     0.0012   3.425063   3.425631   0.000568    34.0773    34.0824     7.1276    26.7217    26.7256    310.034  296.93310  297.38031         17  0.000e+00
       4323 290.701853  -39.96866  -54.99504     -0.089       0.00      2.707      2.686     6.7813     6.7826     0.0012     6.7811     6.7823     0.0012   3.425141   3.425675   0.000534    34.0780    34.0827     7.1268    26.7223    26.7258    310.001  296.93046  297.37767         17  0.000e+00
       4324 290.701853  -39.96866  -54.99504     -0.098       0.00      2.707      2.686     6.7824     6.7828     0.0004     6.7822     6.7826     0.0004   3.425232   3.425668   0.000437    34.0780    34.0824     7.1260    26.7221    26.7255    309.965  296.92326  297.37035         17  0.000e+00
       4325 290.701854  -39.96866  -54.99504     -0.107       0.00      2.707      2.686     6.7833     6.7832    -0.0001     6.7830     6.7829    -0.0001   3.425271   3.425706   0.000435    34.0775    34.0824     7.1253    26.7216    26.7255    309.933  296.91827  297.36525         17  0.000e+00
       4326 290.701854  -39.96866  -54.99504     -0.115       0.00      2.707      2.686     6.7841     6.7832    -0.0009     6.7839     6.7829    -0.0009   3.425374   3.425768   0.000394    34.0778    34.0831     7.1245    26.7217    26.7260    309.900  296.91195  297.35884         17  0.000e+00
       4327 290.701855  -39.96866  -54.99504     -0.127       0.00      2.652      2.632     6.7849     6.7840    -0.0010     6.7847     6.7837    -0.0010   3.425368   3.425787   0.000419    34.0770    34.0826     7.1238    26.7209    26.7255    309.869  296.90823  297.35501         17  0.000e+00
       4328 290.701855  -39.96866  -54.99504     -0.134       0.00      2.652      2.632     6.7844     6.7833    -0.0011     6.7841     6.7831    -0.0011   3.425258   3.425762   0.000504    34.0763    34.0829     7.1234    26.7205    26.7259    309.851  296.91351  297.36034         17  0.000e+00
       4329 290.701856  -39.96866  -54.99504     -0.143       0.00      2.652      2.632     6.7843     6.7835    -0.0007     6.7840     6.7833    -0.0007   3.425264   3.425774   0.000510    34.0765    34.0829     7.1229    26.7207    26.7258    309.828  296.91383  297.36068         17  0.000e+00
       4330 290.701856  -39.96866  -54.99504     -0.149       0.00      2.652      2.632     6.7841     6.7838    -0.0003     6.7839     6.7836    -0.0003   3.425258   3.425787   0.000529    34.0766    34.0827     7.1228    26.7207    26.7256    309.827  296.91470  297.36157         17  0.000e+00
       4331 290.701857  -39.96866  -54.99504     -0.160       0.00      2.604      2.584     6.7844     6.7836    -0.0007     6.7841     6.7834    -0.0007   3.425277   3.425762   0.000485    34.0766    34.0826     7.1183    26.7207    26.7256    309.628  296.91299  297.35983         17  0.000e+00
       4332 290.701857  -39.96866  -54.99504     -0.171       0.00      2.604      2.584     6.7844     6.7838    -0.0006     6.7842     6.7836    -0.0006   3.425303   3.425756   0.000452    34.0768    34.0824     7.1214    26.7209    26.7254    309.763  296.91213  297.35896         17  0.000e+00
       4333 290.701858  -39.96866  -54.99504     -0.180       0.00      2.556      2.537     6.7849     6.7838    -0.0011     6.7847     6.7836    -0.0011   3.425316   3.425774   0.000458    34.0765    34.0826     7.1208    26.7205    26.7255    309.739  296.90938  297.35615         17  0.000e+00
       4334 290.701858  -39.96866  -54.99504     -0.185       0.00      2.604      2.584     6.7849     6.7837    -0.0012     6.7847     6.7835    -0.0012   3.425322   3.425805   0.000483    34.0765    34.0831     7.1204    26.7206    26.7259    309.723  296.90927  297.35604         17  0.000e+00
       4335 290.701859  -39.96866  -54.99504     -0.196       0.00      2.556      2.537     6.7848     6.7832    -0.0017     6.7846     6.7829    -0.0017   3.425309   3.425768   0.000458    34.0765    34.0832     7.1160    26.7206    26.7261    309.531  296.91001  297.35679         17  0.000e+00
       4336 290.701859  -39.96866  -54.99504     -0.203       0.00      2.556      2.537     6.7849     6.7841    -0.0008     6.7847     6.7839    -0.0008   3.425361   3.425824   0.000463    34.0770    34.0829     7.1152    26.7209    26.7257    309.495  296.90828  297.35507         17  0.000e+00
       4337 290.701860  -39.96866  -54.99504     -0.211       0.00      2.556      2.537     6.7852     6.7836    -0.0016     6.7850     6.7834    -0.0016   3.425335   3.425774   0.000439    34.0764    34.0828     7.1149    26.7204    26.7257    309.481  296.90748  297.35421         17  0.000e+00
       4338 290.701860  -39.96866  -54.99504     -0.219       0.00      2.501      2.482     6.7853     6.7838    -0.0015     6.7851     6.7836    -0.0015   3.425335   3.425774   0.000439    34.0763    34.0827     7.1141    26.7204    26.7256    309.448  296.90718  297.35391         17  0.000e+00
       4339 290.701861  -39.96866  -54.99504     -0.223       0.00      2.556      2.537     6.7849     6.7838    -0.0011     6.7847     6.7836    -0.0011   3.425322   3.425787   0.000464    34.0765    34.0827     7.1140    26.7206    26.7256    309.444  296.90922  297.35599         17  0.000e+00
       4340 290.701861  -39.96866  -54.99504     -0.232       0.00      2.501      2.482     6.7847     6.7835    -0.0012     6.7845     6.7833    -0.0012   3.425322   3.425805   0.000483    34.0768    34.0833     7.1139    26.7208    26.7261    309.436  296.91012  297.35692         17  0.000e+00
       4341 290.701861  -39.96866  -54.99504     -0.234       0.00      2.501      2.482     6.7844     6.7843    -0.0001     6.7842     6.7841    -0.0001   3.425264   3.425793   0.000529    34.0764    34.0824     7.1178    26.7206    26.7253    309.610  296.91295  297.35978         17  0.000e+00
       4342 290.701862  -39.96866  -54.99504     -0.241       0.00      2.501      2.482     6.7845     6.7843    -0.0002     6.7843     6.7841    -0.0002   3.425232   3.425787   0.000555    34.0760    34.0823     7.1142    26.7202    26.7252    309.453  296.91326  297.36007         17  0.000e+00
       4343 290.701862  -39.96866  -54.99504     -0.243       0.00      2.501      2.482     6.7841     6.7843     0.0002     6.7839     6.7841     0.0002   3.425232   3.425762   0.000530    34.0764    34.0820     7.1183    26.7206    26.7250    309.629  296.91517  297.36203         17  0.000e+00
       4344 290.701863  -39.96866  -54.99504     -0.249       0.00      2.453      2.435     6.7841     6.7838    -0.0003     6.7839     6.7836    -0.0003   3.425245   3.425824   0.000579    34.0765    34.0832     7.1142    26.7207    26.7260    309.453  296.91480  297.36167         17  0.000e+00
       4345 290.701863  -39.96866  -54.99504     -0.252       0.00      2.501      2.482     6.7840     6.7845     0.0005     6.7837     6.7842     0.0005   3.425232   3.425849   0.000617    34.0765    34.0829     7.1179    26.7207    26.7256    309.614  296.91588  297.36276         17  0.000e+00
       4346 290.701864  -39.96866  -54.99504     -0.255       0.00      2.453      2.435     6.7842     6.7843     0.0001     6.7839     6.7841     0.0001   3.425271   3.425824   0.000553    34.0768    34.0828     7.1179    26.7209    26.7256    309.613  296.91394  297.36080         17  0.000e+00
       4347 290.701864  -39.96866  -54.99504     -0.259       0.00      2.453      2.435     6.7841     6.7835    -0.0006     6.7839     6.7833    -0.0006   3.425258   3.425793   0.000535    34.0767    34.0832     7.1180    26.7208    26.7260    309.618  296.91449  297.36136         17  0.000e+00
       4348 290.701865  -39.96866  -54.99504     -0.256       0.00      2.501      2.482     6.7841     6.7833    -0.0008     6.7839     6.7831    -0.0008   3.425251   3.425712   0.000461    34.0766    34.0825     7.1182    26.7207    26.7255    309.625  296.91470  297.36156         17  0.000e+00
       4349 290.701865  -39.96866  -54.99504     -0.257       0.00      2.453      2.435     6.7840     6.7832    -0.0008     6.7838     6.7830    -0.0008   3.425258   3.425712   0.000454    34.0768    34.0826     7.1143    26.7209    26.7256    309.454  296.91497  297.36185         17  0.000e+00
       4350 290.701866  -39.96866  -54.99504     -0.258       0.00      2.453      2.435     6.7841     6.7830    -0.0011     6.7839     6.7828    -0.0011   3.425251   3.425743   0.000492    34.0766    34.0831     7.1140    26.7208    26.7261    309.442  296.91465  297.36151         17  0.000e+00
       4351 290.701866  -39.96866  -54.99504     -0.255       0.00      2.501      2.482     6.7843     6.7833    -0.0009     6.7840     6.7831    -0.0009   3.425251   3.425756   0.000504    34.0764    34.0830     7.1138    26.7206    26.7259    309.433  296.91398  297.36083         17  0.000e+00
       4352 290.701867  -39.96866  -54.99504     -0.254       0.00      2.453      2.435     6.7843     6.7841    -0.0001     6.7840     6.7839    -0.0001   3.425238   3.425774   0.000536    34.0763    34.0824     7.1140    26.7205    26.7253    309.442  296.91424  297.36109         17  0.000e+00
       4353 290.701867  -39.96866  -54.99504     -0.249       0.00      2.501      2.482     6.7842     6.7838    -0.0003     6.7839     6.7836    -0.0003   3.425264   3.425762   0.000498    34.0767    34.0825     7.1143    26.7208    26.7255    309.458  296.91415  297.36101         17  0.000e+00
       4354 290.701868  -39.96866  -54.99504     -0.245       0.00      2.453      2.435     6.7838     6.7837    -0.0001     6.7836     6.7835    -0.0001   3.425284   3.425731   0.000447    34.0773    34.0823     7.1147    26.7213    26.7253    309.473  296.91530  297.36221         17  0.000e+00
       4355 290.701868  -39.96866  -54.99504     -0.244       0.00      2.453      2.435     6.7841     6.7838    -0.0003     6.7839     6.7836    -0.0003   3.425219   3.425743   0.000524    34.0763    34.0823     7.1151    26.7205    26.7253    309.492  296.91543  297.36229         17  0.000e+00
       4356 290.701869  -39.96866  -54.99504     -0.236       0.00      2.501      2.482     6.7836     6.7833    -0.0003     6.7834     6.7831    -0.0003   3.425212   3.425756   0.000543    34.0767    34.0830     7.1157    26.7209    26.7259    309.517  296.91802  297.36495         17  0.000e+00
       4357 290.701869  -39.96866  -54.99504     -0.229       0.00      2.501      2.482     6.7835     6.7836     0.0001     6.7833     6.7834     0.0001   3.425154   3.425731   0.000577    34.0761    34.0824     7.1158    26.7204    26.7253    309.522  296.91967  297.36659         17  0.000e+00
       4358 290.701870  -39.96866  -54.99504     -0.222       0.00      2.501      2.482     6.7831     6.7838     0.0007     6.7829     6.7836     0.0007   3.425115   3.425743   0.000628    34.0761    34.0823     7.1160    26.7205    26.7253    309.530  296.92252  297.36948         17  0.000e+00
       4359 290.701870  -39.96866  -54.99504     -0.211       0.00      2.501      2.482     6.7831     6.7840     0.0009     6.7829     6.7838     0.0009   3.425141   3.425774   0.000633    34.0763    34.0825     7.1161    26.7207    26.7254    309.536  296.92189  297.36886         17  0.000e+00
       4360 290.701871  -39.96866  -54.99504     -0.199       0.00      2.556      2.536     6.7831     6.7848     0.0017     6.7829     6.7846     0.0017   3.425135   3.425805   0.000671    34.0763    34.0820     7.1204    26.7207    26.7249    309.721  296.92234  297.36932         17  0.000e+00
       4361 290.701871  -39.96866  -54.99504     -0.192       0.00      2.501      2.482     6.7834     6.7848     0.0013     6.7832     6.7846     0.0013   3.425180   3.425861   0.000681    34.0765    34.0827     7.1209    26.7207    26.7254    309.744  296.91952  297.36646         17  0.000e+00
       4362 290.701872  -39.96866  -54.99504     -0.184       0.00      2.453      2.435     6.7838     6.7846     0.0008     6.7836     6.7844     0.0008   3.425238   3.425880   0.000642    34.0768    34.0830     7.1175    26.7209    26.7258    309.593  296.91639  297.36330         17  0.000e+00
       4363 290.701872  -39.96866  -54.99504     -0.168       0.00      2.631      2.611     6.7838     6.7851     0.0013     6.7836     6.7849     0.0013   3.425232   3.425899   0.000667    34.0766    34.0827     7.1179    26.7208    26.7254    309.611  296.91674  297.36364         17  0.000e+00
       4364 290.701873  -39.96866  -54.99504     -0.156       0.00      2.556      2.536     6.7840     6.7853     0.0013     6.7838     6.7851     0.0013   3.425271   3.425911   0.000640    34.0769    34.0827     7.1181    26.7210    26.7254    309.619  296.91477  297.36165         17  0.000e+00
       4365 290.701873  -39.96866  -54.99504     -0.143       0.00      2.556      2.536     6.7846     6.7854     0.0009     6.7843     6.7852     0.0009   3.425303   3.425886   0.000583    34.0767    34.0823     7.1183    26.7207    26.7250    309.630  296.91136  297.35818         17  0.000e+00
       4366 290.701874  -39.96866  -54.99504     -0.129       0.00      2.556      2.536     6.7846     6.7845    -0.0001     6.7843     6.7842    -0.0001   3.425316   3.425855   0.000539    34.0768    34.0829     7.1227    26.7209    26.7257    309.819  296.91105  297.35787         17  0.000e+00
       4367 290.701874  -39.96866  -54.99504     -0.112       0.00      2.604      2.584     6.7846     6.7843    -0.0003     6.7843     6.7841    -0.0003   3.425322   3.425824   0.000502    34.0769    34.0827     7.1195    26.7209    26.7255    309.683  296.91094  297.35776         17  0.000e+00
