Pos-Processados/process_op38/operantar38_004.ros
* Sea-Bird SBE 9 Data File:
* FileName = D:\OPERANTAR_XXXVIII\DADOS\OP38_004.hdr
* Software Version Seasave V 7.12
* Temperature SN = 4808
* Conductivity SN = 3380
* Number of Bytes Per Scan = 31
* Number of Voltage Words = 2
* Number of Scans Averaged by the Deck Unit = 1
* NMEA Latitude = 39 58.92 S
* NMEA Longitude = 054 59.71 W
* NMEA UTC (Time) = Oct 17 2019 15:31:47
** H41
** NAVIO POLAR ALMIRANTE MAXIMIANO
** CRUZEIRO:
** OPERANTAR XXXVIII
** ESTAÇÃO: OP38_004
** LAT 39º 58,96'S
** LONG 054º 59,70'W
** 09P73767-1155
** PROFUNDIDADE: 1627 m
** DATA/HORA: 171533Z/OUT/2019
** OPERADOR: SO-HN CHAVES
# nquan = 26
# nvalues = 3988                                  
# units = specified
# name 0 = scan: Scan Count
# name 1 = timeJ: Julian Days
# name 2 = latitude: Latitude [deg]
# name 3 = longitude: Longitude [deg]
# name 4 = dz/dtM: Descent Rate [m/s]
# name 5 = avgsvCM: Average Sound Velocity [Chen-Millero, m/s]
# name 6 = prDM: Pressure, Digiquartz [db]
# name 7 = depSM: Depth [salt water, m]
# name 8 = t090C: Temperature [ITS-90, deg C]
# name 9 = t190C: Temperature, 2 [ITS-90, deg C]
# name 10 = T2-T190C: Temperature Difference, 2 - 1 [ITS-90, deg C]
# name 11 = potemp090C: Potential Temperature [ITS-90, deg C]
# name 12 = potemp190C: Potential Temperature, 2 [ITS-90, deg C]
# name 13 = potemp90Cdiff: Potential Temperature, Diff, 2 - 1 [ITS-90, deg C]
# name 14 = c0S/m: Conductivity [S/m]
# name 15 = c1S/m: Conductivity, 2 [S/m]
# name 16 = C2-C1S/m: Conductivity Difference, 2 - 1 [S/m]
# name 17 = sal00: Salinity, Practical [PSU]
# name 18 = sal11: Salinity, Practical, 2 [PSU]
# name 19 = sbeox0ML/L: Oxygen, SBE 43 [ml/l]
# name 20 = sbeox1ML/L: Oxygen, SBE 43, 2 [ml/l]
# name 21 = sbeox0ML/Ldiff: Oxygen, SBE 43, Diff, 2 - 1 [ml/l]
# name 22 = sigma-é00: Density [sigma-theta, kg/m^3]
# name 23 = sigma-é11: Density, 2 [sigma-theta, kg/m^3]
# name 24 = nbf: Bottles Fired
# name 25 = flag:  0.000e+00
# interval = seconds: 0.0416667
# start_time = Oct 17 2019 15:31:47 [NMEA time, header]
# bad_flag = -9.990e-29
*END*
[from data line 3847]
      62947 290.677428  -39.97442  -54.99514      0.224    1470.62     33.691     33.430     5.8538     5.8580     0.0042     5.8511     5.8553     0.0042   3.343905   3.344828   0.000922    34.0836    34.0897     7.3283     7.0292    -0.2991    26.8471    26.8515         24  0.000e+00
      62948 290.677428  -39.97442  -54.99514      0.222    1470.62     33.684     33.423     5.8537     5.8588     0.0052     5.8509     5.8561     0.0052   3.344091   3.344846   0.000755    34.0858    34.0891     7.3284     7.0284    -0.3000    26.8489    26.8509         24  0.000e+00
      62949 290.677429  -39.97442  -54.99514      0.220    1470.62     33.691     33.430     5.8554     5.8588     0.0033     5.8527     5.8560     0.0033   3.344303   3.344877   0.000574    34.0864    34.0896     7.3282     7.0284    -0.2998    26.8492    26.8512         24  0.000e+00
      62950 290.677429  -39.97442  -54.99514      0.219    1470.62     33.691     33.430     5.8572     5.8593     0.0021     5.8545     5.8565     0.0021   3.344451   3.344932   0.000482    34.0863    34.0896     7.3275     7.0237    -0.3039    26.8488    26.8512         24  0.000e+00
      62951 290.677430  -39.97442  -54.99514      0.214    1470.62     33.691     33.430     5.8590     5.8597     0.0007     5.8562     5.8569     0.0007   3.344406   3.344926   0.000520    34.0840    34.0892     7.3270     7.0229    -0.3040    26.8468    26.8509         24  0.000e+00
      62952 290.677430  -39.97442  -54.99514      0.210    1470.62     33.684     33.423     5.8588     5.8604     0.0016     5.8561     5.8577     0.0016   3.344341   3.344982   0.000640    34.0834    34.0891     7.3272     7.0221    -0.3050    26.8464    26.8506         24  0.000e+00
      62953 290.677431  -39.97442  -54.99514      0.210    1470.62     33.746     33.484     5.8583     5.8616     0.0033     5.8556     5.8589     0.0033   3.344284   3.345074   0.000790    34.0833    34.0889     7.3275     7.0214    -0.3061    26.8463    26.8503         24  0.000e+00
      62954 290.677431  -39.97442  -54.99514      0.205    1470.62     33.691     33.430     5.8580     5.8625     0.0045     5.8552     5.8598     0.0045   3.344213   3.345191   0.000978    34.0828    34.0893     7.3235     7.0206    -0.3029    26.8460    26.8506         24  0.000e+00
      62955 290.677432  -39.97442  -54.99514      0.205    1470.62     33.746     33.484     5.8562     5.8630     0.0068     5.8535     5.8602     0.0068   3.344072   3.345222   0.001150    34.0830    34.0891     7.3272     7.0200    -0.3072    26.8464    26.8504         24  0.000e+00
      62956 290.677432  -39.97442  -54.99514      0.201    1470.62     33.684     33.423     5.8564     5.8621     0.0057     5.8536     5.8594     0.0057   3.343899   3.345130   0.001231    34.0809    34.0890     7.3269     7.0195    -0.3073    26.8447    26.8504         24  0.000e+00
      62957 290.677432  -39.97442  -54.99514      0.196    1470.62     33.746     33.484     5.8548     5.8621     0.0073     5.8520     5.8593     0.0073   3.343584   3.344988   0.001404    34.0789    34.0875     7.3274     7.0192    -0.3083    26.8433    26.8492         24  0.000e+00
      62958 290.677433  -39.97442  -54.99514      0.193    1470.62     33.691     33.430     5.8520     5.8582     0.0061     5.8493     5.8554     0.0061   3.343327   3.344495   0.001167    34.0788    34.0858     7.3275     7.0194    -0.3081    26.8436    26.8483         24  0.000e+00
      62959 290.677433  -39.97442  -54.99514      0.190    1470.62     33.746     33.484     5.8503     5.8519     0.0016     5.8475     5.8491     0.0016   3.343283   3.343884   0.000602    34.0801    34.0852     7.3275     7.0202    -0.3073    26.8448    26.8487         24  0.000e+00
      62960 290.677434  -39.97442  -54.99514      0.188    1470.62     33.739     33.478     5.8490     5.8470    -0.0019     5.8462     5.8442    -0.0019   3.343212   3.343601   0.000389    34.0806    34.0870     7.3278     7.0206    -0.3072    26.8454    26.8506         24  0.000e+00
      62961 290.677434  -39.97442  -54.99514      0.183    1470.62     33.746     33.484     5.8472     5.8458    -0.0014     5.8444     5.8430    -0.0014   3.343141   3.343668   0.000527    34.0816    34.0890     7.3281     7.0203    -0.3078    26.8464    26.8524         24  0.000e+00
      62962 290.677435  -39.97442  -54.99514      0.177    1470.62     33.691     33.430     5.8464     5.8456    -0.0008     5.8437     5.8429    -0.0008   3.343109   3.343798   0.000689    34.0820    34.0906     7.3283     7.0199    -0.3084    26.8468    26.8537         24  0.000e+00
      62963 290.677435  -39.97442  -54.99514      0.173    1470.62     33.746     33.484     5.8454     5.8443    -0.0011     5.8426     5.8416    -0.0011   3.343032   3.343792   0.000760    34.0822    34.0918     7.3286     7.0198    -0.3088    26.8470    26.8548         24  0.000e+00
      62964 290.677436  -39.97442  -54.99514      0.168    1470.62     33.746     33.484     5.8443     5.8445     0.0002     5.8415     5.8417     0.0002   3.342949   3.343816   0.000868    34.0823    34.0920     7.3284     7.0195    -0.3089    26.8473    26.8549         24  0.000e+00
      62965 290.677436  -39.97442  -54.99514      0.165    1470.62     33.787     33.525     5.8429     5.8456     0.0027     5.8401     5.8429     0.0027   3.342853   3.343921   0.001069    34.0826    34.0920     7.3282     7.0190    -0.3092    26.8477    26.8548         24  0.000e+00
      62966 290.677437  -39.97442  -54.99514      0.161    1470.62     33.746     33.485     5.8418     5.8486     0.0068     5.8391     5.8459     0.0068   3.342731   3.344106   0.001376    34.0823    34.0910     7.3284     7.0136    -0.3148    26.8476    26.8537         24  0.000e+00
      62967 290.677437  -39.97442  -54.99514      0.157    1470.62     33.746     33.485     5.8407     5.8506     0.0099     5.8380     5.8479     0.0099   3.342666   3.344230   0.001563    34.0827    34.0904     7.3287     7.0124    -0.3163    26.8481    26.8529         24  0.000e+00
      62968 290.677438  -39.97442  -54.99514      0.151    1470.62     33.746     33.485     5.8408     5.8519     0.0111     5.8381     5.8491     0.0111   3.342692   3.344340   0.001648    34.0829    34.0904     7.3245     7.0160    -0.3086    26.8482    26.8527         24  0.000e+00
      62969 290.677438  -39.97442  -54.99514      0.145    1470.62     33.739     33.478     5.8411     5.8535     0.0125     5.8383     5.8507     0.0125   3.342737   3.344371   0.001634    34.0832    34.0891     7.3236     7.0157    -0.3079    26.8484    26.8515         24  0.000e+00
      62970 290.677439  -39.97442  -54.99514      0.142    1470.62     33.746     33.485     5.8407     5.8531     0.0124     5.8380     5.8504     0.0124   3.342711   3.344236   0.001524    34.0832    34.0880     7.3274     7.0157    -0.3116    26.8485    26.8507         24  0.000e+00
      62971 290.677439  -39.97442  -54.99514      0.131    1470.62     33.746     33.485     5.8399     5.8510     0.0111     5.8371     5.8482     0.0111   3.342622   3.343964   0.001343    34.0831    34.0871     7.3276     7.0161    -0.3115    26.8485    26.8503         24  0.000e+00
      62972 290.677440  -39.97442  -54.99514      0.132    1470.62     33.746     33.485     5.8396     5.8495     0.0099     5.8368     5.8467     0.0099   3.342583   3.343798   0.001215    34.0829    34.0867     7.3277     7.0164    -0.3113    26.8484    26.8501         24  0.000e+00
      62973 290.677440  -39.97442  -54.99514      0.127    1470.62     33.739     33.478     5.8393     5.8476     0.0083     5.8365     5.8448     0.0083   3.342583   3.343656   0.001073    34.0833    34.0870     7.3278     7.0121    -0.3157    26.8487    26.8506         24  0.000e+00
      62974 290.677441  -39.97442  -54.99514      0.121    1470.62     33.746     33.485     5.8391     5.8458     0.0067     5.8363     5.8430     0.0067   3.342589   3.343477   0.000888    34.0835    34.0868     7.3279     7.0119    -0.3160    26.8489    26.8507         24  0.000e+00
      62975 290.677441  -39.97442  -54.99514      0.118    1470.62     33.746     33.485     5.8390     5.8440     0.0051     5.8362     5.8413     0.0051   3.342583   3.343323   0.000740    34.0836    34.0868     7.3280     7.0116    -0.3164    26.8490    26.8509         24  0.000e+00
      62976 290.677442  -39.97442  -54.99514      0.110    1470.62     33.746     33.485     5.8393     5.8432     0.0039     5.8365     5.8404     0.0039   3.342564   3.343237   0.000673    34.0830    34.0867     7.3280     7.0113    -0.3167    26.8485    26.8509         24  0.000e+00
      62977 290.677442  -39.97442  -54.99514      0.105    1470.62     33.739     33.478     5.8391     5.8422     0.0031     5.8364     5.8395     0.0031   3.342602   3.343225   0.000622    34.0836    34.0875     7.3281     7.0110    -0.3171    26.8490    26.8517         24  0.000e+00
      62978 290.677443  -39.97442  -54.99514      0.103    1470.62     33.794     33.532     5.8391     5.8414     0.0024     5.8363     5.8387     0.0024   3.342551   3.343175   0.000624    34.0831    34.0877     7.3241     7.0154    -0.3087    26.8486    26.8520         24  0.000e+00
      62979 290.677443  -39.97442  -54.99514      0.097    1470.62     33.746     33.485     5.8388     5.8405     0.0017     5.8360     5.8377     0.0017   3.342551   3.343182   0.000631    34.0834    34.0888     7.3278     7.0158    -0.3120    26.8488    26.8529         24  0.000e+00
      62980 290.677444  -39.97442  -54.99514      0.091    1470.62     33.691     33.430     5.8391     5.8406     0.0015     5.8364     5.8379     0.0015   3.342596   3.343169   0.000573    34.0836    34.0886     7.3277     7.0115    -0.3162    26.8490    26.8527         24  0.000e+00
      62981 290.677444  -39.97442  -54.99514      0.084    1470.62     33.746     33.485     5.8392     5.8400     0.0008     5.8365     5.8372     0.0008   3.342622   3.343163   0.000541    34.0837    34.0891     7.3237     7.0114    -0.3123    26.8491    26.8532         24  0.000e+00
      62982 290.677445  -39.97442  -54.99514      0.080    1470.62     33.739     33.478     5.8396     5.8396     0.0000     5.8368     5.8369     0.0000   3.342641   3.343114   0.000473    34.0836    34.0889     7.3274     7.0112    -0.3162    26.8489    26.8531         24  0.000e+00
      62983 290.677445  -39.97442  -54.99514      0.073    1470.62     33.746     33.485     5.8399     5.8392    -0.0007     5.8371     5.8364    -0.0007   3.342673   3.343101   0.000428    34.0836    34.0892     7.3233     7.0112    -0.3121    26.8489    26.8534         24  0.000e+00
      62984 290.677446  -39.97442  -54.99514      0.071    1470.62     33.746     33.485     5.8405     5.8393    -0.0011     5.8377     5.8366    -0.0011   3.342743   3.343083   0.000339    34.0839    34.0888     7.3228     7.0111    -0.3118    26.8490    26.8531         24  0.000e+00
      62985 290.677446  -39.97442  -54.99514      0.062    1470.62     33.746     33.485     5.8411     5.8390    -0.0020     5.8383     5.8362    -0.0020   3.342782   3.343138   0.000356    34.0837    34.0898     7.3224     7.0110    -0.3113    26.8488    26.8539         24  0.000e+00
      62986 290.677446  -39.97442  -54.99514      0.060    1470.62     33.739     33.478     5.8414     5.8393    -0.0020     5.8386     5.8366    -0.0020   3.342801   3.343145   0.000343    34.0836    34.0895     7.3220     7.0110    -0.3110    26.8487    26.8536         24  0.000e+00
      62987 290.677447  -39.97442  -54.99514      0.051    1470.62     33.691     33.431     5.8419     5.8395    -0.0024     5.8392     5.8367    -0.0024   3.342865   3.343157   0.000291    34.0838    34.0896     7.3215     7.0110    -0.3105    26.8488    26.8536         24  0.000e+00
      62988 290.677447  -39.97442  -54.99514      0.044    1470.62     33.691     33.431     5.8422     5.8400    -0.0022     5.8394     5.8372    -0.0022   3.342865   3.343231   0.000365    34.0835    34.0899     7.3212     7.0111    -0.3102    26.8485    26.8538         24  0.000e+00
      62989 290.677448  -39.97442  -54.99514      0.038    1470.62     33.746     33.485     5.8427     5.8409    -0.0018     5.8399     5.8381    -0.0018   3.342904   3.343299   0.000395    34.0834    34.0897     7.3209     7.0112    -0.3098    26.8484    26.8536         24  0.000e+00
      62990 290.677448  -39.97442  -54.99514      0.034    1470.62     33.685     33.424     5.8429     5.8416    -0.0013     5.8401     5.8388    -0.0013   3.342936   3.343360   0.000424    34.0836    34.0897     7.3206     7.0113    -0.3093    26.8485    26.8535         24  0.000e+00
      62991 290.677449  -39.97442  -54.99514      0.031    1470.62     33.746     33.485     5.8435     5.8429    -0.0006     5.8407     5.8401    -0.0006   3.342975   3.343490   0.000515    34.0835    34.0899     7.3245     7.0114    -0.3131    26.8483    26.8535         24  0.000e+00
      62992 290.677449  -39.97442  -54.99514      0.023    1470.62     33.691     33.431     5.8438     5.8435    -0.0002     5.8410     5.8408    -0.0002   3.343026   3.343527   0.000501    34.0837    34.0897     7.3205     7.0116    -0.3088    26.8485    26.8532         24  0.000e+00
      62993 290.677450  -39.97442  -54.99514      0.016    1470.62     33.692     33.431     5.8444     5.8435    -0.0008     5.8416     5.8408    -0.0008   3.343045   3.343527   0.000482    34.0834    34.0897     7.3160     7.0121    -0.3040    26.8481    26.8532         24  0.000e+00
      62994 290.677450  -39.97442  -54.99514      0.009    1470.62     33.685     33.424     5.8443     5.8440    -0.0003     5.8415     5.8413    -0.0003   3.343058   3.343545   0.000487    34.0836    34.0894     7.3195     7.0125    -0.3070    26.8483    26.8529         24  0.000e+00
      62995 290.677451  -39.97442  -54.99514      0.005    1470.62     33.692     33.431     5.8443     5.8443    -0.0000     5.8415     5.8415    -0.0000   3.343045   3.343558   0.000512    34.0834    34.0893     7.3153     7.0130    -0.3022    26.8482    26.8528         24  0.000e+00
      62996 290.677451  -39.97442  -54.99514      0.001    1470.62     33.692     33.431     5.8447     5.8445    -0.0002     5.8419     5.8417    -0.0002   3.343045   3.343588   0.000543    34.0831    34.0894     7.3146     7.0136    -0.3010    26.8479    26.8529         24  0.000e+00
      62997 290.677452  -39.97442  -54.99514     -0.007    1470.62     33.644     33.383     5.8449     5.8447    -0.0003     5.8422     5.8419    -0.0003   3.343084   3.343588   0.000505    34.0833    34.0892     7.3181     7.0142    -0.3039    26.8480    26.8527         24  0.000e+00
      62998 290.677452  -39.97442  -54.99514     -0.011    1470.62     33.692     33.431     5.8452     5.8455     0.0002     5.8425     5.8427     0.0002   3.343103   3.343656   0.000553    34.0831    34.0892     7.3181     7.0148    -0.3032    26.8478    26.8526         24  0.000e+00
      62999 290.677453  -39.97442  -54.99514     -0.018    1470.62     33.637     33.376     5.8451     5.8463     0.0011     5.8424     5.8435     0.0011   3.343122   3.343810   0.000688    34.0835    34.0901     7.3139     7.0147    -0.2992    26.8481    26.8532         24  0.000e+00
      63000 290.677453  -39.97442  -54.99514     -0.022    1470.62     33.692     33.431     5.8456     5.8487     0.0031     5.8428     5.8459     0.0031   3.343161   3.343971   0.000810    34.0835    34.0895     7.3134     7.0144    -0.2990    26.8481    26.8524         24  0.000e+00
      63001 290.677454  -39.97442  -54.99514     -0.029    1470.62     33.644     33.383     5.8466     5.8510     0.0045     5.8438     5.8483     0.0045   3.343270   3.344051   0.000781    34.0837    34.0880     7.3127     7.0141    -0.2986    26.8481    26.8510         24  0.000e+00
