Pos-Processados/process_op38/operantar38_006.ros
* Sea-Bird SBE 9 Data File:
* FileName = D:\OPERANTAR_XXXVIII\DADOS\OP38_006.hdr
* Software Version Seasave V 7.18c
* Temperature SN = 4808
* Conductivity SN = 3380
* Number of Bytes Per Scan = 31
* Number of Voltage Words = 2
* Number of Scans Averaged by the Deck Unit = 1
* NMEA Latitude = 45 04.05 S
* NMEA Longitude = 051 28.82 W
* NMEA UTC (Time) = Oct 19 2019 17:49:21
** H41
** NAVIO POLAR ALMIRANTE MAXIMIANO
** CRUZEIRO:
** OPERANTAR XXXVIII
** ESTAÇÃO: OP38_006
** LAT 45º 04,05' S
** LONG 051º 28,85' W
** 09P73767-1155
** PROFUNDIDADE: 5872
** DATA/HORA: 191750Z/OUT/2019
** OPERADOR: SO-HN CHAVES
# nquan = 26
# nvalues = 4279                                  
# units = specified
# name 0 = scan: Scan Count
# name 1 = timeJ: Julian Days
# name 2 = latitude: Latitude [deg]
# name 3 = longitude: Longitude [deg]
# name 4 = dz/dtM: Descent Rate [m/s]
# name 5 = avgsvCM: Average Sound Velocity [Chen-Millero, m/s]
# name 6 = prDM: Pressure, Digiquartz [db]
# name 7 = depSM: Depth [salt water, m]
# name 8 = t090C: Temperature [ITS-90, deg C]
# name 9 = t190C: Temperature, 2 [ITS-90, deg C]
# name 10 = T2-T190C: Temperature Difference, 2 - 1 [ITS-90, deg C]
# name 11 = potemp090C: Potential Temperature [ITS-90, deg C]
# name 12 = potemp190C: Potential Temperature, 2 [ITS-90, deg C]
# name 13 = potemp90Cdiff: Potential Temperature, Diff, 2 - 1 [ITS-90, deg C]
# name 14 = c0S/m: Conductivity [S/m]
# name 15 = c1S/m: Conductivity, 2 [S/m]
# name 16 = C2-C1S/m: Conductivity Difference, 2 - 1 [S/m]
# name 17 = sal00: Salinity, Practical [PSU]
# name 18 = sal11: Salinity, Practical, 2 [PSU]
# name 19 = sbeox0ML/L: Oxygen, SBE 43 [ml/l]
# name 20 = sbeox1ML/L: Oxygen, SBE 43, 2 [ml/l]
# name 21 = sbeox0ML/Ldiff: Oxygen, SBE 43, Diff, 2 - 1 [ml/l]
# name 22 = sigma-é00: Density [sigma-theta, kg/m^3]
# name 23 = sigma-é11: Density, 2 [sigma-theta, kg/m^3]
# name 24 = nbf: Bottles Fired
# name 25 = flag:  0.000e+00
# interval = seconds: 0.0416667
# start_time = Oct 19 2019 17:49:21 [NMEA time, header]
# bad_flag = -9.990e-29
*END*
[from data line 3011]
      71803 292.777231  -45.06752  -51.48048     -0.093    1473.25      3.273      3.246     8.0195     8.0173    -0.0021     8.0191     8.0170    -0.0021   3.554182   3.554586   0.000403    34.2599    34.2663     6.6620     6.3805    -0.2815    26.6897    26.6951         17  0.000e+00
      71804 292.777231  -45.06752  -51.48048     -0.089    1473.25      3.273      3.246     8.0195     8.0176    -0.0018     8.0191     8.0173    -0.0018   3.554182   3.554617   0.000435    34.2599    34.2663     6.6616     6.3795    -0.2821    26.6897    26.6951         17  0.000e+00
      71805 292.777232  -45.06752  -51.48048     -0.086    1473.25      3.300      3.273     8.0197     8.0179    -0.0018     8.0194     8.0176    -0.0018   3.554202   3.554617   0.000415    34.2598    34.2660     6.6689     6.3791    -0.2898    26.6896    26.6948         17  0.000e+00
      71806 292.777232  -45.06752  -51.48048     -0.078    1473.25      3.321      3.294     8.0198     8.0183    -0.0016     8.0195     8.0179    -0.0016   3.554215   3.554636   0.000421    34.2599    34.2659     6.6689     6.3786    -0.2902    26.6896    26.6946         17  0.000e+00
      71807 292.777233  -45.06752  -51.48048     -0.076    1473.25      3.273      3.246     8.0203     8.0178    -0.0025     8.0200     8.0175    -0.0025   3.554215   3.554560   0.000345    34.2594    34.2655     6.6683     6.3782    -0.2901    26.6892    26.6944         17  0.000e+00
      71808 292.777233  -45.06752  -51.48048     -0.070    1473.25      3.273      3.246     8.0200     8.0179    -0.0020     8.0197     8.0176    -0.0020   3.554189   3.554548   0.000359    34.2595    34.2653     6.6683     6.3733    -0.2950    26.6893    26.6942         17  0.000e+00
      71809 292.777234  -45.06752  -51.48048     -0.064    1473.25      3.321      3.294     8.0201     8.0173    -0.0028     8.0197     8.0169    -0.0028   3.554156   3.554535   0.000379    34.2590    34.2658     6.6687     6.3766    -0.2921    26.6889    26.6947         17  0.000e+00
      71810 292.777234  -45.06752  -51.48048     -0.061    1473.25      3.273      3.246     8.0187     8.0165    -0.0022     8.0183     8.0161    -0.0022   3.554005   3.554497   0.000492    34.2588    34.2662     6.6654     6.3760    -0.2893    26.6890    26.6951         17  0.000e+00
      71811 292.777235  -45.06752  -51.48048     -0.057    1473.25      3.273      3.246     8.0175     8.0178     0.0003     8.0172     8.0175     0.0003   3.553913   3.554617   0.000704    34.2589    34.2662     6.6616     6.3751    -0.2865    26.6892    26.6949         17  0.000e+00
      71812 292.777235  -45.06752  -51.48048     -0.053    1473.25      3.321      3.294     8.0178     8.0196     0.0017     8.0175     8.0192     0.0017   3.554018   3.554718   0.000700    34.2597    34.2655     6.6650     6.3699    -0.2951    26.6898    26.6941         17  0.000e+00
      71813 292.777236  -45.06752  -51.48048     -0.049    1473.25      3.273      3.246     8.0188     8.0194     0.0006     8.0185     8.0191     0.0006   3.554104   3.554623   0.000520    34.2597    34.2647     6.6687     6.3735    -0.2952    26.6896    26.6935         17  0.000e+00
      71814 292.777236  -45.06752  -51.48048     -0.045    1473.25      3.273      3.246     8.0193     8.0183    -0.0010     8.0189     8.0179    -0.0010   3.554123   3.554497   0.000374    34.2594    34.2644     6.6690     6.3735    -0.2955    26.6894    26.6935         17  0.000e+00
      71815 292.777237  -45.06752  -51.48048     -0.043    1473.25      3.273      3.246     8.0192     8.0178    -0.0013     8.0188     8.0175    -0.0013   3.554143   3.554510   0.000367    34.2598    34.2650     6.6694     6.3734    -0.2960    26.6896    26.6940         17  0.000e+00
      71816 292.777237  -45.06752  -51.48048     -0.038    1473.25      3.321      3.294     8.0193     8.0155    -0.0038     8.0190     8.0152    -0.0038   3.554169   3.554503   0.000334    34.2599    34.2672     6.6698     6.3692    -0.3006    26.6897    26.6960         17  0.000e+00
      71817 292.777238  -45.06752  -51.48048     -0.035    1473.25      3.225      3.199     8.0195     8.0135    -0.0060     8.0192     8.0132    -0.0060   3.554156   3.554447   0.000291    34.2596    34.2686     6.6702     6.3729    -0.2973    26.6895    26.6974         17  0.000e+00
      71818 292.777238  -45.06752  -51.48048     -0.033    1473.25      3.321      3.294     8.0193     8.0139    -0.0055     8.0190     8.0135    -0.0055   3.554169   3.554402   0.000233    34.2599    34.2677     6.6707     6.3684    -0.3022    26.6897    26.6967         17  0.000e+00
      71819 292.777239  -45.06752  -51.48048     -0.030    1473.25      3.273      3.247     8.0194     8.0140    -0.0054     8.0191     8.0137    -0.0054   3.554156   3.554402   0.000246    34.2596    34.2676     6.6702     6.3676    -0.3026    26.6895    26.6966         17  0.000e+00
      71820 292.777239  -45.06752  -51.48048     -0.027    1473.25      3.273      3.247     8.0193     8.0155    -0.0038     8.0190     8.0152    -0.0038   3.554150   3.554491   0.000341    34.2597    34.2670     6.6697     6.3708    -0.2989    26.6896    26.6959         17  0.000e+00
      71821 292.777240  -45.06752  -51.48048     -0.024    1473.25      3.273      3.247     8.0193     8.0156    -0.0037     8.0190     8.0153    -0.0037   3.554150   3.554485   0.000335    34.2597    34.2669     6.6701     6.3705    -0.2995    26.6896    26.6958         17  0.000e+00
      71822 292.777240  -45.06752  -51.48048     -0.024    1473.25      3.273      3.247     8.0195     8.0155    -0.0040     8.0191     8.0152    -0.0040   3.554169   3.554415   0.000246    34.2597    34.2663     6.6704     6.3703    -0.3000    26.6896    26.6953         17  0.000e+00
      71823 292.777241  -45.06752  -51.48048     -0.026    1473.25      3.225      3.199     8.0200     8.0168    -0.0032     8.0197     8.0165    -0.0032   3.554182   3.554497   0.000315    34.2594    34.2659     6.6706     6.3655    -0.3051    26.6893    26.6948         17  0.000e+00
      71824 292.777241  -45.06752  -51.48048     -0.022    1473.25      3.273      3.247     8.0202     8.0177    -0.0026     8.0199     8.0173    -0.0026   3.554255   3.554712   0.000457    34.2599    34.2673     6.6709     6.3644    -0.3065    26.6896    26.6958         17  0.000e+00
      71825 292.777242  -45.06752  -51.48048     -0.022    1473.25      3.273      3.247     8.0204     8.0199    -0.0005     8.0201     8.0196    -0.0005   3.554301   3.554889   0.000588    34.2602    34.2670     6.6712     6.3638    -0.3074    26.6898    26.6953         17  0.000e+00
      71826 292.777242  -45.06752  -51.48048     -0.021    1473.25      3.225      3.199     8.0209     8.0210     0.0001     8.0206     8.0207     0.0001   3.554327   3.555034   0.000707    34.2600    34.2675     6.6787     6.3627    -0.3160    26.6896    26.6954         17  0.000e+00
      71827 292.777242  -45.06752  -51.48048     -0.023    1473.25      3.225      3.199     8.0209     8.0217     0.0008     8.0206     8.0214     0.0008   3.554314   3.554964   0.000650    34.2599    34.2661     6.6759     6.3618    -0.3141    26.6895    26.6942         17  0.000e+00
      71828 292.777243  -45.06752  -51.48048     -0.024    1473.25      3.225      3.199     8.0215     8.0212    -0.0003     8.0212     8.0209    -0.0003   3.554353   3.554895   0.000542    34.2597    34.2658     6.6727     6.3610    -0.3117    26.6893    26.6941         17  0.000e+00
      71829 292.777243  -45.06752  -51.48048     -0.026    1473.25      3.225      3.199     8.0216     8.0210    -0.0006     8.0213     8.0207    -0.0006   3.554347   3.554895   0.000548    34.2596    34.2660     6.6721     6.3608    -0.3113    26.6892    26.6943         17  0.000e+00
      71830 292.777244  -45.06752  -51.48048     -0.024    1473.25      3.273      3.247     8.0217     8.0210    -0.0007     8.0214     8.0207    -0.0007   3.554340   3.554907   0.000567    34.2593    34.2661     6.6719     6.3606    -0.3113    26.6889    26.6944         17  0.000e+00
      71831 292.777244  -45.06752  -51.48048     -0.031    1473.25      3.171      3.145     8.0219     8.0217    -0.0002     8.0216     8.0214    -0.0002   3.554386   3.554901   0.000515    34.2597    34.2654     6.6720     6.3596    -0.3124    26.6892    26.6937         17  0.000e+00
      71832 292.777245  -45.06752  -51.48048     -0.034    1473.25      3.171      3.145     8.0216     8.0212    -0.0004     8.0213     8.0209    -0.0004   3.554380   3.554920   0.000541    34.2600    34.2661     6.6723     6.3588    -0.3134    26.6894    26.6943         17  0.000e+00
      71833 292.777245  -45.06752  -51.48048     -0.033    1473.25      3.253      3.226     8.0212     8.0197    -0.0015     8.0209     8.0194    -0.0015   3.554373   3.554724   0.000351    34.2602    34.2654     6.6803     6.3583    -0.3220    26.6897    26.6940         17  0.000e+00
      71834 292.777246  -45.06752  -51.48048     -0.036    1473.25      3.225      3.199     8.0203     8.0186    -0.0017     8.0200     8.0183    -0.0017   3.554320   3.554623   0.000303    34.2606    34.2655     6.6814     6.3540    -0.3274    26.6901    26.6942         17  0.000e+00
      71835 292.777246  -45.06752  -51.48048     -0.039    1473.25      3.171      3.145     8.0196     8.0188    -0.0009     8.0193     8.0184    -0.0009   3.554288   3.554743   0.000456    34.2609    34.2666     6.6747     6.3574    -0.3173    26.6905    26.6951         17  0.000e+00
      71836 292.777247  -45.06752  -51.48048     -0.044    1473.25      3.171      3.145     8.0185     8.0206     0.0021     8.0182     8.0203     0.0021   3.554228   3.555034   0.000805    34.2614    34.2680     6.6751     6.3570    -0.3181    26.6910    26.6959         17  0.000e+00
      71837 292.777247  -45.06752  -51.48048     -0.047    1473.25      3.171      3.145     8.0190     8.0237     0.0047     8.0186     8.0233     0.0047   3.554307   3.555293   0.000985    34.2618    34.2677     6.6828     6.3521    -0.3307    26.6913    26.6952         17  0.000e+00
      71838 292.777248  -45.06752  -51.48048     -0.052    1473.25      3.171      3.145     8.0205     8.0250     0.0044     8.0202     8.0247     0.0044   3.554340   3.555324   0.000984    34.2606    34.2668     6.6797     6.3513    -0.3284    26.6901    26.6943         17  0.000e+00
      71839 292.777248  -45.06752  -51.48048     -0.057    1473.25      3.171      3.145     8.0208     8.0256     0.0048     8.0205     8.0253     0.0048   3.554314   3.555337   0.001023    34.2600    34.2663     6.6763     6.3506    -0.3257    26.6896    26.6938         17  0.000e+00
      71840 292.777249  -45.06752  -51.48048     -0.058    1473.25      3.171      3.145     8.0206     8.0253     0.0047     8.0203     8.0250     0.0047   3.554327   3.555330   0.001004    34.2603    34.2665     6.6829     6.3501    -0.3328    26.6899    26.6940         17  0.000e+00
      71841 292.777249  -45.06752  -51.48048     -0.065    1473.25      3.123      3.098     8.0208     8.0256     0.0048     8.0205     8.0253     0.0048   3.554360   3.555343   0.000983    34.2606    34.2664     6.6794     6.3538    -0.3255    26.6900    26.6939         17  0.000e+00
      71842 292.777250  -45.06752  -51.48048     -0.069    1473.25      3.171      3.145     8.0212     8.0253     0.0041     8.0209     8.0250     0.0041   3.554347   3.555305   0.000959    34.2600    34.2663     6.6797     6.3497    -0.3300    26.6895    26.6938         17  0.000e+00
      71843 292.777250  -45.06752  -51.48048     -0.073    1473.25      3.171      3.145     8.0213     8.0239     0.0026     8.0210     8.0235     0.0026   3.554360   3.555160   0.000800    34.2600    34.2661     6.6839     6.3495    -0.3344    26.6896    26.6939         17  0.000e+00
      71844 292.777251  -45.06752  -51.48048     -0.079    1473.25      3.075      3.050     8.0216     8.0228     0.0012     8.0213     8.0225     0.0012   3.554373   3.555128   0.000755    34.2599    34.2668     6.6807     6.3449    -0.3358    26.6894    26.6946         17  0.000e+00
      71845 292.777251  -45.06752  -51.48048     -0.081    1473.25      3.171      3.145     8.0217     8.0225     0.0008     8.0214     8.0222     0.0008   3.554393   3.555027   0.000635    34.2600    34.2660     6.6849     6.3442    -0.3408    26.6894    26.6941         17  0.000e+00
      71846 292.777252  -45.06752  -51.48048     -0.087    1473.25      3.123      3.098     8.0216     8.0214    -0.0002     8.0213     8.0210    -0.0002   3.554426   3.554945   0.000520    34.2605    34.2663     6.6817     6.3435    -0.3382    26.6899    26.6944         17  0.000e+00
      71847 292.777252  -45.06752  -51.48048     -0.089    1473.25      3.123      3.098     8.0218     8.0204    -0.0014     8.0215     8.0201    -0.0014   3.554458   3.554844   0.000386    34.2606    34.2661     6.6815     6.3472    -0.3344    26.6899    26.6944         17  0.000e+00
      71848 292.777253  -45.06752  -51.48048     -0.093    1473.25      3.123      3.098     8.0217     8.0197    -0.0020     8.0214     8.0194    -0.0020   3.554445   3.554781   0.000336    34.2605    34.2661     6.6848     6.3429    -0.3419    26.6899    26.6946         17  0.000e+00
      71855 292.777256  -45.06752  -51.48048     -0.113    1473.25      3.075      3.050     8.0203     8.0221     0.0018     8.0200     8.0217     0.0018   3.554314   3.554933   0.000619    34.2606    34.2655     6.6841     6.3397    -0.3444    26.6901    26.6937         18  0.000e+00
      71856 292.777256  -45.06752  -51.48048     -0.114    1473.25      3.123      3.098     8.0202     8.0228     0.0026     8.0199     8.0225     0.0026   3.554307   3.555008   0.000701    34.2605    34.2655     6.6807     6.3395    -0.3411    26.6901    26.6936         18  0.000e+00
      71857 292.777257  -45.06752  -51.48048     -0.117    1473.25      3.075      3.050     8.0203     8.0223     0.0021     8.0200     8.0220     0.0021   3.554288   3.555053   0.000765    34.2603    34.2665     6.6767     6.3389    -0.3378    26.6899    26.6945         18  0.000e+00
      71858 292.777257  -45.06752  -51.48048     -0.117    1473.25      3.075      3.050     8.0201     8.0227     0.0026     8.0198     8.0224     0.0026   3.554255   3.555091   0.000836    34.2601    34.2665     6.6839     6.3389    -0.3451    26.6898    26.6944         18  0.000e+00
      71859 292.777258  -45.06752  -51.48048     -0.119    1473.25      3.075      3.050     8.0201     8.0222     0.0020     8.0198     8.0219     0.0020   3.554288   3.555046   0.000759    34.2605    34.2666     6.6799     6.3390    -0.3409    26.6901    26.6946         18  0.000e+00
      71860 292.777258  -45.06752  -51.48048     -0.118    1473.25      3.123      3.098     8.0204     8.0228     0.0024     8.0201     8.0225     0.0024   3.554261   3.555002   0.000741    34.2599    34.2654     6.6751     6.3349    -0.3402    26.6895    26.6936         18  0.000e+00
      71861 292.777259  -45.06752  -51.48048     -0.116    1473.25      3.075      3.050     8.0204     8.0225     0.0021     8.0201     8.0222     0.0021   3.554268   3.555002   0.000734    34.2600    34.2658     6.6818     6.3382    -0.3435    26.6897    26.6939         18  0.000e+00
      71862 292.777259  -45.06752  -51.48048     -0.117    1473.25      3.075      3.050     8.0204     8.0242     0.0037     8.0201     8.0239     0.0037   3.554228   3.554971   0.000742    34.2595    34.2638     6.6781     6.3384    -0.3397    26.6893    26.6921         18  0.000e+00
      71863 292.777260  -45.06752  -51.48048     -0.115    1473.25      3.103      3.077     8.0203     8.0246     0.0043     8.0200     8.0243     0.0043   3.554235   3.555021   0.000786    34.2597    34.2639     6.6740     6.3387    -0.3353    26.6895    26.6921         18  0.000e+00
