Pos-Processados/process_op38/operantar38_003c.ros
* Sea-Bird SBE 9 Data File:
* FileName = D:\OPERANTAR_XXXVIII\DADOS\OP38_003c.hdr
* Software Version Seasave V 7.12
* Temperature SN = 4808
* Conductivity SN = 3380
* Number of Bytes Per Scan = 31
* Number of Voltage Words = 2
* Number of Scans Averaged by the Deck Unit = 1
* NMEA Latitude = 39 32.86 S
* NMEA Longitude = 054 23.47 W
* NMEA UTC (Time) = Oct 17 2019 10:25:40
** H41
** NAVIO POLAR ALMIRANTE MAXIMIANO
** CRUZEIRO:
** OPERANTAR XXXVIII
** ESTAÇÃO: OP38_003c
** LAT 39º32,87's
** LONG 054º23,45'w
** 09P73767-1155
** PROFUNDIDADE: 2920 m
** DATA/HORA: 171026Z/OUT/2019
** OPERADOR: SO-HN CHAVES
# nquan = 26
# nvalues = 1428                                  
# units = specified
# name 0 = scan: Scan Count
# name 1 = timeJ: Julian Days
# name 2 = latitude: Latitude [deg]
# name 3 = longitude: Longitude [deg]
# name 4 = dz/dtM: Descent Rate [m/s]
# name 5 = avgsvCM: Average Sound Velocity [Chen-Millero, m/s]
# name 6 = prDM: Pressure, Digiquartz [db]
# name 7 = depSM: Depth [salt water, m]
# name 8 = t090C: Temperature [ITS-90, deg C]
# name 9 = t190C: Temperature, 2 [ITS-90, deg C]
# name 10 = T2-T190C: Temperature Difference, 2 - 1 [ITS-90, deg C]
# name 11 = potemp090C: Potential Temperature [ITS-90, deg C]
# name 12 = potemp190C: Potential Temperature, 2 [ITS-90, deg C]
# name 13 = potemp90Cdiff: Potential Temperature, Diff, 2 - 1 [ITS-90, deg C]
# name 14 = c0S/m: Conductivity [S/m]
# name 15 = c1S/m: Conductivity, 2 [S/m]
# name 16 = C2-C1S/m: Conductivity Difference, 2 - 1 [S/m]
# name 17 = sal00: Salinity, Practical [PSU]
# name 18 = sal11: Salinity, Practical, 2 [PSU]
# name 19 = sbeox0ML/L: Oxygen, SBE 43 [ml/l]
# name 20 = sbeox1ML/L: Oxygen, SBE 43, 2 [ml/l]
# name 21 = sbeox0ML/Ldiff: Oxygen, SBE 43, Diff, 2 - 1 [ml/l]
# name 22 = sigma-é00: Density [sigma-theta, kg/m^3]
# name 23 = sigma-é11: Density, 2 [sigma-theta, kg/m^3]
# name 24 = nbf: Bottles Fired
# name 25 = flag:  0.000e+00
# interval = seconds: 0.0416667
# start_time = Oct 17 2019 10:25:40 [NMEA time, header]
# bad_flag = -9.990e-29
*END*
[from data line 1338]
       3805 290.436325  -39.54774  -54.39122      0.278       0.00      3.381      3.355     6.6296     6.6441     0.0145     6.6293     6.6438     0.0145   3.413100   3.414985   0.001884    34.0956    34.1020     7.3612     6.9951    -0.3661    26.7564    26.7595          9  0.000e+00
       3806 290.436326  -39.54774  -54.39122      0.268       0.00      3.381      3.355     6.6267     6.6407     0.0140     6.6264     6.6404     0.0140   3.412874   3.414624   0.001750    34.0959    34.1014     7.3616     6.9956    -0.3660    26.7571    26.7595          9  0.000e+00
       3807 290.436326  -39.54774  -54.39122      0.257       0.00      3.381      3.355     6.6239     6.6354     0.0115     6.6236     6.6351     0.0115   3.412673   3.414158   0.001485    34.0965    34.1015     7.3579     6.9965    -0.3614    26.7579    26.7603          9  0.000e+00
       3808 290.436327  -39.54774  -54.39122      0.245       0.00      3.333      3.307     6.6220     6.6311     0.0092     6.6217     6.6308     0.0092   3.412486   3.413648   0.001163    34.0963    34.1001     7.3617     6.9966    -0.3651    26.7580    26.7598          9  0.000e+00
       3809 290.436327  -39.54774  -54.39122      0.232       0.00      3.333      3.307     6.6192     6.6266     0.0073     6.6189     6.6263     0.0073   3.412208   3.413282   0.001074    34.0960    34.1006     7.3621     6.9923    -0.3698    26.7581    26.7608          9  0.000e+00
       3810 290.436328  -39.54774  -54.39122      0.221       0.00      3.381      3.355     6.6160     6.6240     0.0080     6.6157     6.6237     0.0080   3.411942   3.413139   0.001196    34.0963    34.1015     7.3630     6.9960    -0.3670    26.7588    26.7619          9  0.000e+00
       3811 290.436328  -39.54774  -54.39122      0.206       0.00      3.333      3.307     6.6130     6.6228     0.0099     6.6127     6.6226     0.0099   3.411638   3.413052   0.001413    34.0959    34.1017     7.3633     6.9963    -0.3670    26.7589    26.7622          9  0.000e+00
       3812 290.436329  -39.54774  -54.39122      0.193       0.00      3.333      3.307     6.6089     6.6221     0.0132     6.6086     6.6218     0.0132   3.411270   3.413052   0.001782    34.0959    34.1025     7.3643     6.9966    -0.3678    26.7594    26.7629          9  0.000e+00
       3813 290.436329  -39.54774  -54.39122      0.179       0.00      3.333      3.307     6.6058     6.6217     0.0159     6.6055     6.6214     0.0159   3.410992   3.413126   0.002135    34.0959    34.1037     7.3612     6.9923    -0.3688    26.7599    26.7639          9  0.000e+00
       3814 290.436330  -39.54774  -54.39122      0.164       0.00      3.333      3.307     6.6029     6.6225     0.0196     6.6026     6.6222     0.0196   3.410688   3.413307   0.002619    34.0954    34.1049     7.3615     6.9918    -0.3697    26.7599    26.7647          9  0.000e+00
       3815 290.436330  -39.54774  -54.39122      0.149       0.00      3.285      3.260     6.5996     6.6240     0.0244     6.5993     6.6237     0.0244   3.410248   3.413363   0.003115    34.0938    34.1041     7.3620     6.9906    -0.3714    26.7590    26.7639          9  0.000e+00
       3816 290.436331  -39.54774  -54.39122      0.133       0.00      3.285      3.260     6.5966     6.6232     0.0266     6.5963     6.6229     0.0266   3.410267   3.413269   0.003002    34.0971    34.1038     7.3623     6.9944    -0.3680    26.7620    26.7638          9  0.000e+00
       3817 290.436331  -39.54774  -54.39122      0.114       0.00      3.230      3.206     6.6004     6.6233     0.0229     6.6002     6.6230     0.0229   3.411018   3.413238   0.002221    34.1016    34.1034     7.3608     6.9941    -0.3666    26.7650    26.7634          9  0.000e+00
       3818 290.436332  -39.54774  -54.39122      0.100       0.00      3.285      3.260     6.6039     6.6241     0.0202     6.6036     6.6238     0.0202   3.411444   3.413307   0.001862    34.1029    34.1034     7.3595     6.9901    -0.3694    26.7656    26.7633          9  0.000e+00
       3819 290.436332  -39.54774  -54.39122      0.085       0.00      3.285      3.260     6.6051     6.6245     0.0193     6.6049     6.6242     0.0193   3.411302   3.413406   0.002104    34.1000    34.1041     7.3548     6.9892    -0.3656    26.7632    26.7638          9  0.000e+00
       3820 290.436332  -39.54774  -54.39122      0.069       0.00      3.230      3.206     6.6053     6.6246     0.0193     6.6050     6.6244     0.0193   3.411218   3.413400   0.002182    34.0989    34.1039     7.3542     6.9885    -0.3658    26.7623    26.7636          9  0.000e+00
       3821 290.436333  -39.54774  -54.39122      0.050       0.00      3.230      3.206     6.6089     6.6235     0.0146     6.6086     6.6232     0.0146   3.411664   3.413251   0.001586    34.1003    34.1033     7.3530     6.9881    -0.3650    26.7629    26.7634          9  0.000e+00
       3822 290.436333  -39.54774  -54.39122      0.032       0.00      3.182      3.158     6.6133     6.6203     0.0070     6.6130     6.6200     0.0070   3.412117   3.412928   0.000810    34.1010    34.1030     7.3512     6.9880    -0.3632    26.7629    26.7635          9  0.000e+00
       3823 290.436334  -39.54774  -54.39122      0.016       0.00      3.230      3.206     6.6156     6.6183     0.0027     6.6154     6.6180     0.0027   3.412246   3.412704   0.000457    34.1000    34.1024     7.3504     6.9879    -0.3625    26.7618    26.7633          9  0.000e+00
       3824 290.436334  -39.54774  -54.39122      0.000       0.00      3.182      3.158     6.6176     6.6172    -0.0004     6.6173     6.6169    -0.0004   3.412298   3.412660   0.000362    34.0987    34.1031     7.3496     6.9882    -0.3614    26.7605    26.7640          9  0.000e+00
       3825 290.436335  -39.54774  -54.39122     -0.018       0.00      3.134      3.110     6.6177     6.6166    -0.0010     6.6174     6.6164    -0.0010   3.412175   3.412636   0.000460    34.0973    34.1034     7.3493     6.9879    -0.3614    26.7593    26.7643          9  0.000e+00
       3826 290.436335  -39.54774  -54.39122     -0.037       0.00      3.134      3.110     6.6152     6.6148    -0.0004     6.6149     6.6145    -0.0004   3.411697   3.412462   0.000765    34.0944    34.1033     7.3491     6.9886    -0.3605    26.7574    26.7645          9  0.000e+00
       3827 290.436336  -39.54774  -54.39122     -0.052       0.00      3.134      3.110     6.6099     6.6141     0.0042     6.6096     6.6138     0.0042   3.411063   3.412412   0.001349    34.0927    34.1035     7.3498     6.9840    -0.3659    26.7568    26.7647          9  0.000e+00
       3828 290.436336  -39.54774  -54.39122     -0.070       0.00      3.080      3.056     6.6066     6.6154     0.0088     6.6063     6.6151     0.0088   3.410966   3.412754   0.001788    34.0949    34.1060     7.3460     6.9872    -0.3587    26.7590    26.7665          9  0.000e+00
       3829 290.436337  -39.54774  -54.39122     -0.088       0.00      3.080      3.056     6.6080     6.6201     0.0120     6.6078     6.6198     0.0120   3.411425   3.413356   0.001931    34.0986    34.1080     7.3449     6.9824    -0.3624    26.7617    26.7675          9  0.000e+00
       3830 290.436337  -39.54774  -54.39122     -0.109       0.00      3.032      3.009     6.6103     6.6245     0.0141     6.6101     6.6242     0.0141   3.411787   3.413723   0.001936    34.1003    34.1077     7.3437     6.9854    -0.3582    26.7627    26.7667          9  0.000e+00
       3831 290.436338  -39.54774  -54.39122     -0.125       0.00      3.032      3.009     6.6113     6.6266     0.0153     6.6110     6.6263     0.0153   3.411826   3.413704   0.001878    34.0998    34.1054     7.3430     6.9859    -0.3571    26.7622    26.7646          9  0.000e+00
       3832 290.436338  -39.54774  -54.39122     -0.145       0.00      2.977      2.954     6.6116     6.6256     0.0140     6.6114     6.6253     0.0140   3.411684   3.413394   0.001710    34.0979    34.1030     7.3420     6.9818    -0.3602    26.7607    26.7628          9  0.000e+00
       3833 290.436339  -39.54774  -54.39122     -0.160       0.00      3.032      3.009     6.6095     6.6233     0.0137     6.6093     6.6230     0.0137   3.411438   3.413164   0.001726    34.0972    34.1027     7.3375     6.9818    -0.3557    26.7604    26.7629          9  0.000e+00
       3834 290.436339  -39.54774  -54.39122     -0.180       0.00      2.929      2.907     6.6086     6.6225     0.0140     6.6083     6.6223     0.0140   3.411315   3.413095   0.001780    34.0969    34.1027     7.3403     6.9815    -0.3588    26.7603    26.7630          9  0.000e+00
       3835 290.436340  -39.54774  -54.39122     -0.195       0.00      2.977      2.954     6.6086     6.6207     0.0122     6.6083     6.6205     0.0122   3.411341   3.412809   0.001469    34.0972    34.1013     7.3395     6.9861    -0.3534    26.7605    26.7621          9  0.000e+00
       3836 290.436340  -39.54772  -54.39122     -0.216       0.00      2.881      2.859     6.6083     6.6162     0.0080     6.6080     6.6159     0.0080   3.411367   3.412368   0.001002    34.0978    34.1010     7.3386     6.9828    -0.3558    26.7610    26.7625          9  0.000e+00
       3837 290.436341  -39.54772  -54.39122     -0.232       0.00      2.908      2.886     6.6092     6.6146     0.0054     6.6089     6.6143     0.0054   3.411503   3.412300   0.000797    34.0984    34.1018     7.3377     6.9874    -0.3502    26.7613    26.7634          9  0.000e+00
       3838 290.436341  -39.54772  -54.39122     -0.246       0.00      2.881      2.859     6.6106     6.6183     0.0077     6.6104     6.6181     0.0077   3.411658   3.412785   0.001127    34.0987    34.1035     7.3371     6.9828    -0.3543    26.7614    26.7642          9  0.000e+00
       3839 290.436342  -39.54772  -54.39122     -0.262       0.00      2.881      2.859     6.6124     6.6253     0.0128     6.6122     6.6250     0.0128   3.411774   3.413580   0.001806    34.0982    34.1054     7.3366     6.9815    -0.3551    26.7607    26.7647          9  0.000e+00
       3840 290.436342  -39.54772  -54.39122     -0.277       0.00      2.826      2.805     6.6139     6.6302     0.0163     6.6137     6.6299     0.0163   3.411975   3.414071   0.002096    34.0989    34.1060     7.3361     6.9806    -0.3555    26.7611    26.7645          9  0.000e+00
       3841 290.436343  -39.54772  -54.39122     -0.290       0.00      2.826      2.805     6.6165     6.6337     0.0172     6.6162     6.6334     0.0172   3.412220   3.414344   0.002124    34.0991    34.1055     7.3355     6.9802    -0.3553    26.7610    26.7637          9  0.000e+00
       3842 290.436343  -39.54772  -54.39122     -0.305       0.00      2.826      2.805     6.6197     6.6350     0.0153     6.6194     6.6347     0.0153   3.412518   3.414425   0.001907    34.0992    34.1051     7.3349     6.9802    -0.3547    26.7606    26.7632          9  0.000e+00
       3843 290.436344  -39.54772  -54.39122     -0.318       0.00      2.778      2.757     6.6228     6.6358     0.0130     6.6225     6.6356     0.0130   3.412751   3.414469   0.001718    34.0987    34.1048     7.3343     6.9804    -0.3539    26.7598    26.7629          9  0.000e+00
       3844 290.436344  -39.54772  -54.39122     -0.330       0.00      2.778      2.757     6.6252     6.6378     0.0126     6.6249     6.6375     0.0126   3.412984   3.414630   0.001646    34.0989    34.1046     7.3299     6.9805    -0.3495    26.7597    26.7625          9  0.000e+00
       3845 290.436345  -39.54772  -54.39122     -0.344       0.00      2.730      2.710     6.6274     6.6415     0.0140     6.6272     6.6412     0.0140   3.413074   3.414978   0.001904    34.0977    34.1048     7.3292     6.9802    -0.3490    26.7584    26.7621          9  0.000e+00
       3846 290.436345  -39.54772  -54.39122     -0.356       0.00      2.730      2.710     6.6276     6.6447     0.0171     6.6273     6.6445     0.0171   3.413107   3.415264   0.002157    34.0979    34.1048     7.3330     6.9803    -0.3527    26.7585    26.7617          9  0.000e+00
       3847 290.436345  -39.54772  -54.39122     -0.369       0.00      2.676      2.655     6.6290     6.6470     0.0179     6.6288     6.6467     0.0179   3.413210   3.415463   0.002253    34.0976    34.1047     7.3325     6.9805    -0.3520    26.7581    26.7613          9  0.000e+00
       3848 290.436346  -39.54772  -54.39122     -0.378       0.00      2.676      2.655     6.6305     6.6491     0.0186     6.6303     6.6489     0.0186   3.413417   3.415594   0.002176    34.0984    34.1041     7.3320     6.9802    -0.3518    26.7585    26.7605          9  0.000e+00
       3849 290.436346  -39.54772  -54.39122     -0.390       0.00      2.676      2.655     6.6323     6.6501     0.0178     6.6321     6.6498     0.0178   3.413618   3.415587   0.001970    34.0989    34.1030     7.3320     6.9802    -0.3518    26.7587    26.7596          9  0.000e+00
       3850 290.436347  -39.54772  -54.39122     -0.395       0.00      2.676      2.655     6.6323     6.6494     0.0171     6.6321     6.6492     0.0171   3.413572   3.415575   0.002002    34.0984    34.1036     7.3324     6.9804    -0.3520    26.7583    26.7601          9  0.000e+00
       3851 290.436347  -39.54772  -54.39122     -0.405       0.00      2.628      2.608     6.6302     6.6494     0.0192     6.6299     6.6492     0.0192   3.413378   3.415525   0.002147    34.0984    34.1030     7.3333     6.9806    -0.3526    26.7586    26.7597          9  0.000e+00
       3852 290.436348  -39.54772  -54.39122     -0.417       0.00      2.573      2.553     6.6289     6.6504     0.0215     6.6287     6.6502     0.0215   3.413210   3.415606   0.002396    34.0978    34.1030     7.3340     6.9807    -0.3533    26.7583    26.7595          9  0.000e+00
       3853 290.436348  -39.54772  -54.39122     -0.422       0.00      2.628      2.608     6.6292     6.6513     0.0221     6.6290     6.6511     0.0221   3.413133   3.415712   0.002579    34.0966    34.1032     7.3386     6.9809    -0.3577    26.7573    26.7595          9  0.000e+00
       3854 290.436349  -39.54772  -54.39122     -0.426       0.00      2.628      2.608     6.6274     6.6523     0.0249     6.6272     6.6521     0.0249   3.413023   3.415749   0.002726    34.0972    34.1026     7.3400     6.9856    -0.3544    26.7580    26.7589          9  0.000e+00
       3855 290.436349  -39.54772  -54.39122     -0.431       0.00      2.573      2.553     6.6254     6.6536     0.0282     6.6251     6.6534     0.0282   3.412971   3.415730   0.002759    34.0987    34.1011     7.3414     6.9865    -0.3549    26.7594    26.7576          9  0.000e+00
       3856 290.436350  -39.54772  -54.39122     -0.434       0.00      2.573      2.553     6.6257     6.6538     0.0281     6.6255     6.6535     0.0281   3.413003   3.415743   0.002740    34.0987    34.1011     7.3420     6.9876    -0.3544    26.7594    26.7576          9  0.000e+00
       3857 290.436350  -39.54772  -54.39122     -0.438       0.00      2.573      2.553     6.6263     6.6528     0.0265     6.6261     6.6526     0.0265   3.412906   3.415712   0.002806    34.0971    34.1017     7.3471     6.9888    -0.3583    26.7580    26.7582          9  0.000e+00
       3858 290.436351  -39.54772  -54.39122     -0.443       0.00      2.525      2.506     6.6255     6.6510     0.0255     6.6252     6.6508     0.0255   3.412731   3.415525   0.002794    34.0960    34.1015     7.3449     6.9851    -0.3598    26.7573    26.7582          9  0.000e+00
       3859 290.436351  -39.54772  -54.39122     -0.443       0.00      2.525      2.506     6.6239     6.6460     0.0221     6.6236     6.6458     0.0221   3.412570   3.415015   0.002446    34.0958    34.1008     7.3464     6.9865    -0.3599    26.7573    26.7584          9  0.000e+00
