Pos-Processados/process_op38/operantar38_019.cnv
* Sea-Bird SBE 9 Data File:
* FileName = D:\OPERANTAR_XXXVIII\DADOS\OP38_019.hdr
* Software Version Seasave V 7.18c
* Temperature SN = 4808
* Conductivity SN = 3380
* Number of Bytes Per Scan = 34
* Number of Voltage Words = 3
* Number of Scans Averaged by the Deck Unit = 1
* NMEA Latitude = 62 12.52 S
* NMEA Longitude = 058 17.99 W
* NMEA UTC (Time) = Nov 22 2019 11:08:24
** H41
** NAVIO POLAR ALMIRANTE MAXIMIANO
** CRUZEIRO:
** OPERANTAR XXXVIII
** ESTAÇÃO: OP38_019
** LAT 62 12,51'S
** LONG 058 18,00'W
** 09P73767-1155_A
** PROFUNDIDADE: 271
** DATA/HORA: 221109Z/NOV/2019
** OPERADOR: SO-HN CHAVES
# nquan = 33
# nvalues = 482                         
# units = specified
# name 0 = scan: Scan Count
# name 1 = timeJ: Julian Days
# name 2 = latitude: Latitude [deg]
# name 3 = longitude: Longitude [deg]
# name 4 = dz/dtM: Descent Rate [m/s]
# name 5 = avgsvCM: Average Sound Velocity [Chen-Millero, m/s]
# name 6 = prDM: Pressure, Digiquartz [db]
# name 7 = depSM: Depth [salt water, m]
# name 8 = t090C: Temperature [ITS-90, deg C]
# name 9 = t190C: Temperature, 2 [ITS-90, deg C]
# name 10 = T2-T190C: Temperature Difference, 2 - 1 [ITS-90, deg C]
# name 11 = potemp090C: Potential Temperature [ITS-90, deg C]
# name 12 = potemp190C: Potential Temperature, 2 [ITS-90, deg C]
# name 13 = potemp90Cdiff: Potential Temperature, Diff, 2 - 1 [ITS-90, deg C]
# name 14 = c0S/m: Conductivity [S/m]
# name 15 = c1S/m: Conductivity, 2 [S/m]
# name 16 = C2-C1S/m: Conductivity Difference, 2 - 1 [S/m]
# name 17 = sal00: Salinity, Practical [PSU]
# name 18 = sal11: Salinity, Practical, 2 [PSU]
# name 19 = sbeox0ML/L: Oxygen, SBE 43 [ml/l]
# name 20 = sigma-é00: Density [sigma-theta, kg/m^3]
# name 21 = sigma-é11: Density, 2 [sigma-theta, kg/m^3]
# name 22 = sbox0Mm/Kg: Oxygen, SBE 43 [umol/kg]
# name 23 = oxsolMm/Kg: Oxygen Saturation, Garcia & Gordon [umol/kg]
# name 24 = oxsatMm/Kg: Oxygen Saturation, Weiss [umol/kg]
# name 25 = sal00: Salinity, Practical [PSU]
# name 26 = sigma-é00: Density [sigma-theta, kg/m^3]
# name 27 = svCM: Sound Velocity [Chen-Millero, m/s]
# name 28 = svCM1: Sound Velocity, 2 [Chen-Millero, m/s]
# name 29 = gsw_ptA0: potential temperature [ITS-90, deg C]
# name 30 = gsw_densityA0: density, TEOS-10 [density, kg/m^3]
# name 31 = gsw_saA0: Absolute Salinity [g/kg]
# name 32 = flag:
# span 0 =       1186,      26705       
# span 1 = 326.464738, 326.477045       
# span 2 =  -62.20879,  -62.20864       
# span 3 =  -58.30025,  -58.29984       
# span 4 =     -0.903,      0.772       
# span 5 =       0.00,    1448.22       
# span 6 =      2.000,    243.000       
# span 7 =      1.987,    240.524       
# span 8 =    -0.6388,    -0.2172       
# span 9 =    -0.6385,    -0.2144       
# span 10 =    -0.0118,     0.0045      
# span 11 =    -0.6453,    -0.2173      
# span 12 =    -0.6449,    -0.2145      
# span 13 =    -0.0118,     0.0045      
# span 14 =   2.802622,   2.820561      
# span 15 =   2.803053,   2.821176      
# span 16 =  -0.000415,   0.000696      
# span 17 =    34.1379,    34.2982      
# span 18 =    34.1428,    34.3034      
# span 19 =     6.9417,     7.7122      
# span 20 =    27.4211,    27.5701      
# span 21 =    27.4250,    27.5743      
# span 22 =    301.699,    335.234      
# span 23 =  352.29214,  355.83950      
# span 24 =  353.80925,  357.45183      
# span 25 =    34.1380,    34.2982      
# span 26 =    27.4212,    27.5701      
# span 27 =    1446.82,    1449.21      
# span 28 =    1446.83,    1449.22      
# span 29 =    -0.6451,    -0.2173      
# span 30 =  1027.4352,  1028.7362      
# span 31 =    34.3027,    34.4655      
# span 32 = 0.0000e+00, 0.0000e+00      
# interval = decibars: 1                
# start_time = Nov 22 2019 11:08:24 [NMEA time, header]
# bad_flag = -9.990e-29
*END*
[from data line 176]
       8217 326.468129  -62.20876  -58.29986      0.569    1447.37    179.000    177.205    -0.5984    -0.5982     0.0002    -0.6040    -0.6038     0.0002   2.803676   2.804088   0.000409    34.2324    34.2377     7.2709    27.5153    27.5195    316.025  355.57563  357.17759    34.2322    27.5151    1448.24    1448.25    -0.6038  1028.3762    34.3990 0.0000e+00
       8258 326.468149  -62.20876  -58.29986      0.586    1447.37    180.000    178.195    -0.6041    -0.6033     0.0008    -0.6096    -0.6088     0.0008   2.803445   2.803874   0.000433    34.2352    34.2401     7.2802    27.5177    27.5217    316.425  355.62081  357.22413    34.2349    27.5175    1448.24    1448.25    -0.6095  1028.3834    34.4017 0.0000e+00
       8297 326.468168  -62.20876  -58.29986      0.608    1447.37    181.000    179.184    -0.6070    -0.6062     0.0009    -0.6126    -0.6118     0.0009   2.803343   2.803778   0.000435    34.2366    34.2415     7.2628    27.5190    27.5229    315.669  355.64480  357.24884    34.2362    27.5187    1448.24    1448.25    -0.6125  1028.3894    34.4030 0.0000e+00
       8336 326.468186  -62.20876  -58.29986      0.620    1447.37    182.000    180.173    -0.6087    -0.6081     0.0005    -0.6143    -0.6137     0.0005   2.803319   2.803740   0.000421    34.2374    34.2425     7.2490    27.5197    27.5238    315.069  355.65763  357.26205    34.2371    27.5195    1448.25    1448.26    -0.6142  1028.3949    34.4039 0.0000e+00
       8377 326.468206  -62.20876  -58.29986      0.586    1447.37    183.000    181.163    -0.6084    -0.6077     0.0007    -0.6141    -0.6133     0.0007   2.803376   2.803801   0.000426    34.2372    34.2421     7.2377    27.5196    27.5235    314.578  355.65600  357.26036    34.2370    27.5194    1448.27    1448.28    -0.6139  1028.3996    34.4038 0.0000e+00
       8420 326.468227  -62.20876  -58.29986      0.567    1447.37    184.000    182.153    -0.6103    -0.6094     0.0008    -0.6159    -0.6151     0.0008   2.803325   2.803757   0.000432    34.2381    34.2430     7.2325    27.5204    27.5243    314.355  355.67090  357.27570    34.2378    27.5201    1448.28    1448.29    -0.6158  1028.4052    34.4047 0.0000e+00
       8462 326.468247  -62.20876  -58.29986      0.569    1447.37    185.000    183.142    -0.6134    -0.6127     0.0006    -0.6191    -0.6184     0.0006   2.803260   2.803679   0.000418    34.2401    34.2451     7.2345    27.5221    27.5261    314.439  355.69436  357.29994    34.2398    27.5219    1448.28    1448.29    -0.6190  1028.4117    34.4067 0.0000e+00
       8506 326.468268  -62.20876  -58.29986      0.540    1447.37    186.000    184.132    -0.6159    -0.6150     0.0008    -0.6216    -0.6208     0.0008   2.803223   2.803653   0.000431    34.2418    34.2467     7.2289    27.5236    27.5275    314.197  355.71290  357.31910    34.2415    27.5234    1448.29    1448.30    -0.6215  1028.4179    34.4084 0.0000e+00
       8546 326.468287  -62.20876  -58.29986      0.594    1447.37    187.000    185.121    -0.6193    -0.6185     0.0008    -0.6250    -0.6242     0.0008   2.803192   2.803630   0.000437    34.2447    34.2497     7.2135    27.5261    27.5301    313.525  355.73669  357.34377    34.2443    27.5258    1448.30    1448.31    -0.6249  1028.4252    34.4112 0.0000e+00
       8584 326.468306  -62.20876  -58.29986      0.634    1447.37    188.000    186.110    -0.6219    -0.6213     0.0006    -0.6277    -0.6271     0.0006   2.803182   2.803601   0.000421    34.2469    34.2519     7.2027    27.5280    27.5320    313.053  355.75530  357.36307    34.2466    27.5277    1448.30    1448.31    -0.6276  1028.4319    34.4135 0.0000e+00
       8625 326.468326  -62.20876  -58.29986      0.591    1447.37    189.000    187.100    -0.6217    -0.6211     0.0007    -0.6276    -0.6269     0.0007   2.803229   2.803655   0.000427    34.2466    34.2516     7.1939    27.5278    27.5318    312.673  355.75460  357.36232    34.2464    27.5276    1448.32    1448.33    -0.6274  1028.4365    34.4133 0.0000e+00
       8670 326.468348  -62.20876  -58.29986      0.527    1447.37    190.000    188.090    -0.6231    -0.6231 -4.972e-07    -0.6289    -0.6290 -5.027e-07   2.803233   2.803644   0.000411    34.2477    34.2532     7.1778    27.5287    27.5331    311.974  355.76441  357.37247    34.2474    27.5284    1448.33    1448.34    -0.6288  1028.4421    34.4142 0.0000e+00
       8714 326.468369  -62.20876  -58.29987      0.542    1447.37    191.000    189.079    -0.6253    -0.6247     0.0006    -0.6312    -0.6306     0.0006   2.803233   2.803654   0.000421    34.2495    34.2544     7.1770    27.5302    27.5342    311.938  355.78008  357.38872    34.2493    27.5300    1448.34    1448.35    -0.6310  1028.4485    34.4162 0.0000e+00
       8754 326.468388  -62.20876  -58.29988      0.608    1447.37    192.000    190.069    -0.6254    -0.6248     0.0005    -0.6313    -0.6307     0.0005   2.803285   2.803705   0.000421    34.2496    34.2547     7.1720    27.5303    27.5344    311.721  355.78041  357.38908    34.2494    27.5302    1448.35    1448.36    -0.6312  1028.4534    34.4163 0.0000e+00
       8793 326.468407  -62.20876  -58.29987      0.609    1447.37    193.000    191.057    -0.6257    -0.6250     0.0008    -0.6317    -0.6309     0.0008   2.803333   2.803757   0.000423    34.2500    34.2548     7.1699    27.5307    27.5345    311.629  355.78266  357.39142    34.2499    27.5306    1448.37    1448.38    -0.6315  1028.4586    34.4168 0.0000e+00
       8838 326.468428  -62.20876  -58.29986      0.540    1447.37    194.000    192.048    -0.6259    -0.6254     0.0005    -0.6319    -0.6314     0.0005   2.803425   2.803843   0.000419    34.2508    34.2559     7.1617    27.5313    27.5355    311.274  355.78209  357.39093    34.2507    27.5312    1448.39    1448.40    -0.6317  1028.4640    34.4176 0.0000e+00
       8886 326.468451  -62.20876  -58.29987      0.497    1447.37    195.000    193.037    -0.6258    -0.6252     0.0006    -0.6318    -0.6312     0.0006   2.803496   2.803922   0.000424    34.2510    34.2560     7.1535    27.5315    27.5355    310.915  355.78044  357.38926    34.2509    27.5314    1448.40    1448.41    -0.6317  1028.4690    34.4178 0.0000e+00
       8926 326.468471  -62.20876  -58.29988      0.583    1447.37    196.000    194.026    -0.6267    -0.6260     0.0007    -0.6327    -0.6321     0.0006   2.803560   2.803977   0.000418    34.2521    34.2571     7.1600    27.5324    27.5364    311.197  355.78534  357.39442    34.2521    27.5324    1448.42    1448.43    -0.6326  1028.4748    34.4191 0.0000e+00
       8964 326.468489  -62.20876  -58.29988      0.644    1447.37    197.000    195.016    -0.6311    -0.6307     0.0005    -0.6372    -0.6367     0.0005   2.803665   2.804093   0.000429    34.2582    34.2635     7.1584    27.5375    27.5418    311.126  355.81060  357.42096    34.2580    27.5374    1448.42    1448.43    -0.6370  1028.4845    34.4250 0.0000e+00
       9008 326.468510  -62.20876  -58.29988      0.545    1447.37    198.000    196.005    -0.6321    -0.6317     0.0004    -0.6382    -0.6379     0.0004   2.803724   2.804147   0.000424    34.2595    34.2648     7.1546    27.5386    27.5429    310.962  355.81617  357.42682    34.2593    27.5384    1448.43    1448.44    -0.6381  1028.4903    34.4262 0.0000e+00
       9055 326.468533  -62.20876  -58.29988      0.510    1447.37    199.000    196.995    -0.6327    -0.6321     0.0006    -0.6388    -0.6383     0.0006   2.803765   2.804186   0.000422    34.2601    34.2651     7.1270    27.5391    27.5431    309.760  355.82014  357.43094    34.2599    27.5390    1448.45    1448.46    -0.6387  1028.4956    34.4269 0.0000e+00
       9099 326.468554  -62.20876  -58.29988      0.541    1447.37    200.000    197.984    -0.6329    -0.6323     0.0006    -0.6391    -0.6385     0.0006   2.803816   2.804242   0.000426    34.2603    34.2654     7.1181    27.5394    27.5434    309.376  355.82127  357.43214    34.2602    27.5392    1448.46    1448.47    -0.6389  1028.5007    34.4272 0.0000e+00
       9144 326.468576  -62.20876  -58.29988      0.537    1447.37    201.000    198.974    -0.6333    -0.6325     0.0007    -0.6395    -0.6387     0.0007   2.803884   2.804303   0.000419    34.2609    34.2657     7.1127    27.5398    27.5437    309.141  355.82276  357.43372    34.2609    27.5398    1448.48    1448.49    -0.6393  1028.5060    34.4279 0.0000e+00
       9185 326.468595  -62.20876  -58.29988      0.584    1447.37    202.000    199.963    -0.6360    -0.6354     0.0006    -0.6422    -0.6417     0.0006   2.804078   2.804496   0.000418    34.2661    34.2711     7.1161    27.5441    27.5481    309.288  355.83420  357.44604    34.2660    27.5441    1448.49    1448.50    -0.6421  1028.5151    34.4330 0.0000e+00
       9225 326.468615  -62.20876  -58.29988      0.604    1447.37    203.000    200.946    -0.6375    -0.6369     0.0006    -0.6437    -0.6432     0.0006   2.804223   2.804648   0.000424    34.2692    34.2742     7.1073    27.5467    27.5508    308.903  355.83950  357.45183    34.2690    27.5466    1448.50    1448.51    -0.6436  1028.5223    34.4360 0.0000e+00
       9271 326.468637  -62.20876  -58.29988      0.518    1447.37    204.000    201.947    -0.6375    -0.6370     0.0005    -0.6438    -0.6433     0.0005   2.804331   2.804755   0.000422    34.2700    34.2751     7.0822    27.5474    27.5515    307.813  355.83775  357.45014    34.2700    27.5473    1448.52    1448.53    -0.6437  1028.5278    34.4370 0.0000e+00
       9318 326.468660  -62.20876  -58.29988      0.510 -9.990e-29    205.000    202.932    -0.6368    -0.6363     0.0006    -0.6432    -0.6426     0.0006   2.804664   2.805094   0.000432    34.2729    34.2781     7.0636    27.5497    27.5538    307.003  355.82314  357.43553    34.2730    27.5498    1448.54    1448.55    -0.6430  1028.5351    34.4401 0.0000e+00
       9361 326.468680  -62.20876  -58.29988      0.560    1447.54    206.000    203.921    -0.6360    -0.6354     0.0006    -0.6423    -0.6417     0.0006   2.804981   2.805412   0.000431    34.2756    34.2807     7.0678    27.5518    27.5559    307.185  355.80738  357.41973    34.2757    27.5519    1448.57    1448.58    -0.6422  1028.5420    34.4428 0.0000e+00
       9401 326.468700  -62.20876  -58.29988      0.596    1447.55    207.000    204.910    -0.6361    -0.6356     0.0005    -0.6425    -0.6420     0.0005   2.805130   2.805559   0.000428    34.2772    34.2824     7.0584    27.5531    27.5573    306.777  355.80390  357.41635    34.2772    27.5531    1448.59    1448.60    -0.6423  1028.5480    34.4443 0.0000e+00
       9446 326.468722  -62.20876  -58.29988      0.536    1447.55    208.000    205.900    -0.6361    -0.6358     0.0004    -0.6426    -0.6422     0.0004   2.805248   2.805673   0.000427    34.2782    34.2836     7.0516    27.5540    27.5583    306.478  355.80179  357.41433    34.2783    27.5540    1448.60    1448.61    -0.6424  1028.5536    34.4454 0.0000e+00
       9499 326.468747  -62.20876  -58.29988      0.452    1447.55    209.000    206.889    -0.6369    -0.6365     0.0004    -0.6434    -0.6430     0.0004   2.805364   2.805788   0.000424    34.2802    34.2853     7.0510    27.5556    27.5597    306.454  355.80398  357.41679    34.2801    27.5555    1448.62    1448.63    -0.6432  1028.5599    34.4472 0.0000e+00
       9547 326.468770  -62.20876  -58.29988      0.496    1447.55    210.000    207.878    -0.6373    -0.6368     0.0005    -0.6438    -0.6433     0.0005   2.805414   2.805841   0.000428    34.2806    34.2858     7.0420    27.5560    27.5601    306.060  355.80604  357.41895    34.2806    27.5560    1448.63    1448.64    -0.6437  1028.5651    34.4477 0.0000e+00
       9589 326.468791  -62.20876  -58.29988      0.566    1447.55    211.000    208.865    -0.6380    -0.6374     0.0006    -0.6445    -0.6439     0.0006   2.805454   2.805885   0.000431    34.2813    34.2864     7.0334    27.5565    27.5607    305.688  355.81029  357.42338    34.2813    27.5565    1448.65    1448.66    -0.6444  1028.5704    34.4484 0.0000e+00
       9636 326.468813  -62.20876  -58.29988      0.515    1447.55    212.000    209.858    -0.6385    -0.6380     0.0005    -0.6451    -0.6446     0.0005   2.805555   2.805973   0.000418    34.2827    34.2878     7.0312    27.5577    27.5618    305.590  355.81174  357.42503    34.2827    27.5577    1448.66    1448.67    -0.6449  1028.5763    34.4498 0.0000e+00
       9695 326.468842  -62.20876  -58.29988      0.391    1447.55    213.000    210.846    -0.6387    -0.6382     0.0004    -0.6453    -0.6448     0.0004   2.805664   2.806082   0.000419    34.2836    34.2888     7.0210    27.5585    27.5626    305.150  355.81021  357.42358    34.2837    27.5585    1448.68    1448.69    -0.6451  1028.5819    34.4508 0.0000e+00
       9750 326.468868  -62.20876  -58.29988      0.440    1447.55    214.000    211.836    -0.6384    -0.6380     0.0004    -0.6450    -0.6446     0.0004   2.805816   2.806234   0.000416    34.2847    34.2899     7.0170    27.5593    27.5635    304.972  355.80432  357.41768    34.2848    27.5594    1448.70    1448.71    -0.6449  1028.5876    34.4519 0.0000e+00
       9822 326.468903  -62.20876  -58.29988      0.313    1447.55    215.000    212.826    -0.6385    -0.6381     0.0004    -0.6451    -0.6448     0.0004   2.805967   2.806385   0.000418    34.2863    34.2915     7.0176    27.5606    27.5648    305.001  355.80127  357.41475    34.2863    27.5607    1448.72    1448.73    -0.6450  1028.5936    34.4535 0.0000e+00
       9886 326.468934  -62.20876  -58.29988      0.385    1447.55    216.000    213.815    -0.6383    -0.6379     0.0005    -0.6450    -0.6446     0.0005   2.806163   2.806585   0.000422    34.2881    34.2933     7.0057    27.5621    27.5662    304.484  355.79470  357.40824    34.2882    27.5621    1448.74    1448.75    -0.6449  1028.5999    34.4554 0.0000e+00
       9952 326.468966  -62.20876  -58.29988      0.357    1447.55    217.000    214.804    -0.6375    -0.6370     0.0004    -0.6442    -0.6437     0.0004   2.806368   2.806801   0.000432    34.2892    34.2946     6.9904    27.5630    27.5672    303.817  355.78322  357.39664    34.2893    27.5630    1448.76    1448.77    -0.6441  1028.6055    34.4566 0.0000e+00
      10021 326.468999  -62.20876  -58.29988      0.348    1447.55    218.000    215.793    -0.6367    -0.6363     0.0004    -0.6435    -0.6431     0.0004   2.806514   2.806945   0.000431    34.2898    34.2951     6.9886    27.5634    27.5677    303.740  355.77474  357.38802    34.2898    27.5634    1448.78    1448.79    -0.6433  1028.6107    34.4571 0.0000e+00
      10094 326.469034  -62.20876  -58.29988      0.326    1447.55    219.000    216.783    -0.6366    -0.6362     0.0004    -0.6434    -0.6430     0.0004   2.806588   2.807021   0.000432    34.2901    34.2954     6.9850    27.5636    27.5679    303.580  355.77293  357.38621    34.2901    27.5636    1448.80    1448.81    -0.6432  1028.6156    34.4573 0.0000e+00
      10163 326.469067  -62.20876  -58.29988      0.356    1447.55    220.000    217.772    -0.6366    -0.6361     0.0005    -0.6434    -0.6429     0.0005   2.806621   2.807056   0.000435    34.2899    34.2952     6.9818    27.5635    27.5678    303.441  355.77322  357.38649    34.2899    27.5635    1448.81    1448.82    -0.6433  1028.6202    34.4571 0.0000e+00
      10224 326.469097  -62.20876  -58.29988      0.395    1447.55    221.000    218.760    -0.6371    -0.6367     0.0004    -0.6440    -0.6436     0.0004   2.806600   2.807021   0.000423    34.2896    34.2949     6.9815    27.5632    27.5675    303.430  355.77909  357.39245    34.2896    27.5633    1448.83    1448.83    -0.6438  1028.6248    34.4569 0.0000e+00
