Pos-Processados/process_op38/operantar38_024.ros
* Sea-Bird SBE 9 Data File:
* FileName = D:\OPERANTAR_XXXVIII\DADOS\OP38_024.hdr
* Software Version Seasave V 7.18c
* Temperature SN = 4808
* Conductivity SN = 3380
* Number of Bytes Per Scan = 34
* Number of Voltage Words = 3
* Number of Scans Averaged by the Deck Unit = 1
* NMEA Latitude = 62 13.17 S
* NMEA Longitude = 058 22.76 W
* NMEA UTC (Time) = Nov 22 2019 19:55:17
** H41
** NAVIO POLAR ALMIRANTE MAXIMIANO
** CRUZEIRO:
** OPERANTAR XXXVIII
** ESTAÇÃO: OP38_024
** LAT 62 13,16'S
** LONG 058 22,74'W
** 09P73767-1155_A
** PROFUNDIDADE: 292
** DATA/HORA: 221955Z/NOV/2019
** OPERADOR: SO-HN CHAVES
# nquan = 26
# nvalues = 1425                                  
# units = specified
# name 0 = scan: Scan Count
# name 1 = timeJ: Julian Days
# name 2 = latitude: Latitude [deg]
# name 3 = longitude: Longitude [deg]
# name 4 = dz/dtM: Descent Rate [m/s]
# name 5 = avgsvCM: Average Sound Velocity [Chen-Millero, m/s]
# name 6 = prDM: Pressure, Digiquartz [db]
# name 7 = depSM: Depth [salt water, m]
# name 8 = t090C: Temperature [ITS-90, deg C]
# name 9 = t190C: Temperature, 2 [ITS-90, deg C]
# name 10 = T2-T190C: Temperature Difference, 2 - 1 [ITS-90, deg C]
# name 11 = potemp090C: Potential Temperature [ITS-90, deg C]
# name 12 = potemp190C: Potential Temperature, 2 [ITS-90, deg C]
# name 13 = potemp90Cdiff: Potential Temperature, Diff, 2 - 1 [ITS-90, deg C]
# name 14 = c0S/m: Conductivity [S/m]
# name 15 = c1S/m: Conductivity, 2 [S/m]
# name 16 = C2-C1S/m: Conductivity Difference, 2 - 1 [S/m]
# name 17 = sal00: Salinity, Practical [PSU]
# name 18 = sal11: Salinity, Practical, 2 [PSU]
# name 19 = sbeox0ML/L: Oxygen, SBE 43 [ml/l]
# name 20 = sbeox1ML/L: Oxygen, SBE 43, 2 [ml/l]
# name 21 = sbeox0ML/Ldiff: Oxygen, SBE 43, Diff, 2 - 1 [ml/l]
# name 22 = sigma-é00: Density [sigma-theta, kg/m^3]
# name 23 = sigma-é11: Density, 2 [sigma-theta, kg/m^3]
# name 24 = nbf: Bottles Fired
# name 25 = flag:  0.000e+00
# interval = seconds: 0.0416667
# start_time = Nov 22 2019 19:55:17 [NMEA time, header]
# bad_flag = -9.990e-29
*END*
[from data line 614]
      18917 326.839180  -62.21964  -58.37922      0.131    1448.21      3.167      3.136    -0.2450    -0.2458    -0.0009    -0.2451    -0.2459    -0.0009   2.820195   2.820700   0.000506    34.1636    34.1713     7.6578     7.3987    -0.2592    27.4432    27.4495          4  0.000e+00
      18918 326.839181  -62.21964  -58.37922      0.134    1448.21      3.214      3.184    -0.2457    -0.2455     0.0002    -0.2458    -0.2456     0.0002   2.820243   2.820677   0.000434    34.1650    34.1706     7.6469     7.4000    -0.2469    27.4444    27.4489          4  0.000e+00
      18919 326.839181  -62.21964  -58.37922      0.134    1448.21      3.214      3.184    -0.2460    -0.2458     0.0002    -0.2461    -0.2459     0.0002   2.820297   2.820637   0.000340    34.1661    34.1704     7.6554     7.3945    -0.2609    27.4453    27.4487          4  0.000e+00
      18920 326.839182  -62.21964  -58.37922      0.131    1448.21      3.167      3.136    -0.2458    -0.2460    -0.0002    -0.2459    -0.2461    -0.0002   2.820411   2.820683   0.000272    34.1675    34.1713     7.6552     7.3936    -0.2616    27.4463    27.4494          4  0.000e+00
      18921 326.839182  -62.21964  -58.37922      0.136    1448.21      3.269      3.238    -0.2454    -0.2463    -0.0009    -0.2455    -0.2464    -0.0009   2.820484   2.820631   0.000147    34.1679    34.1709     7.6559     7.3929    -0.2630    27.4467    27.4491          4  0.000e+00
      18922 326.839183  -62.21964  -58.37922      0.129    1448.21      3.167      3.136    -0.2441    -0.2463    -0.0022    -0.2442    -0.2464    -0.0022   2.820520   2.820608   0.000088    34.1670    34.1706     7.6512     7.3918    -0.2594    27.4459    27.4489          4  0.000e+00
      18923 326.839183  -62.21964  -58.37922      0.130    1448.21      3.214      3.184    -0.2433    -0.2463    -0.0030    -0.2434    -0.2464    -0.0030   2.820508   2.820660   0.000152    34.1659    34.1713     7.6556     7.3909    -0.2646    27.4450    27.4495          4  0.000e+00
      18924 326.839184  -62.21964  -58.37922      0.127    1448.21      3.214      3.184    -0.2432    -0.2467    -0.0035    -0.2433    -0.2468    -0.0035   2.820478   2.820602   0.000125    34.1654    34.1710     7.6557     7.3913    -0.2644    27.4446    27.4492          4  0.000e+00
      18925 326.839184  -62.21964  -58.37922      0.127    1448.21      3.214      3.184    -0.2423    -0.2454    -0.0031    -0.2424    -0.2455    -0.0031   2.820490   2.820596   0.000107    34.1645    34.1694     7.6607     7.3913    -0.2694    27.4438    27.4479          4  0.000e+00
      18926 326.839185  -62.21964  -58.37922      0.123    1448.21      3.214      3.184    -0.2424    -0.2454    -0.0030    -0.2425    -0.2455    -0.0030   2.820502   2.820677   0.000176    34.1648    34.1705     7.6515     7.3916    -0.2599    27.4440    27.4488          4  0.000e+00
      18927 326.839185  -62.21964  -58.37922      0.123    1448.21      3.235      3.204    -0.2424    -0.2451    -0.0026    -0.2425    -0.2452    -0.0026   2.820460   2.820608   0.000148    34.1642    34.1692     7.6510     7.3920    -0.2591    27.4436    27.4477          4  0.000e+00
      18928 326.839185  -62.21964  -58.37922      0.118    1448.21      3.214      3.184    -0.2425    -0.2457    -0.0032    -0.2426    -0.2458    -0.0032   2.820466   2.820596   0.000131    34.1644    34.1697     7.6549     7.3913    -0.2635    27.4437    27.4482          4  0.000e+00
      18929 326.839186  -62.21964  -58.37922      0.112    1448.21      3.167      3.136    -0.2429    -0.2462    -0.0033    -0.2430    -0.2463    -0.0033   2.820472   2.820637   0.000165    34.1650    34.1709     7.6501     7.3906    -0.2595    27.4442    27.4492          4  0.000e+00
      18930 326.839186  -62.21964  -58.37922      0.110    1448.21      3.215      3.184    -0.2422    -0.2458    -0.0036    -0.2423    -0.2459    -0.0036   2.820454   2.820614   0.000160    34.1640    34.1701     7.6547     7.3956    -0.2591    27.4434    27.4485          4  0.000e+00
      18931 326.839187  -62.21964  -58.37922      0.103    1448.21      3.215      3.184    -0.2437    -0.2458    -0.0021    -0.2438    -0.2459    -0.0021   2.820430   2.820568   0.000138    34.1653    34.1695     7.6604     7.3960    -0.2644    27.4445    27.4480          4  0.000e+00
      18932 326.839187  -62.21964  -58.37922      0.102    1448.21      3.215      3.184    -0.2443    -0.2464    -0.0021    -0.2444    -0.2465    -0.0021   2.820399   2.820562   0.000162    34.1656    34.1701     7.6515     7.3964    -0.2552    27.4448    27.4485          4  0.000e+00
      18933 326.839188  -62.21964  -58.37922      0.095    1448.21      3.167      3.136    -0.2444    -0.2466    -0.0022    -0.2445    -0.2467    -0.0022   2.820393   2.820498   0.000105    34.1657    34.1695     7.6512     7.3978    -0.2534    27.4448    27.4480          4  0.000e+00
      18934 326.839188  -62.21964  -58.37922      0.090    1448.21      3.215      3.184    -0.2438    -0.2468    -0.0030    -0.2439    -0.2469    -0.0030   2.820411   2.820475   0.000064    34.1652    34.1694     7.6610     7.3992    -0.2618    27.4444    27.4480          4  0.000e+00
      18935 326.839189  -62.21964  -58.37922      0.085    1448.21      3.215      3.184    -0.2429    -0.2477    -0.0048    -0.2430    -0.2478    -0.0048   2.820399   2.820504   0.000105    34.1640    34.1708     7.6621     7.4007    -0.2613    27.4434    27.4491          4  0.000e+00
      18936 326.839189  -62.21964  -58.37922      0.078    1448.21      3.167      3.136    -0.2431    -0.2495    -0.0065    -0.2432    -0.2496    -0.0065   2.820393   2.820383  -0.000011    34.1641    34.1712     7.6516     7.3967    -0.2549    27.4435    27.4496          4  0.000e+00
      18937 326.839190  -62.21964  -58.37922      0.072    1448.21      3.167      3.136    -0.2435    -0.2516    -0.0081    -0.2436    -0.2517    -0.0081   2.820417   2.820302  -0.000116    34.1649    34.1724     7.6550     7.4032    -0.2518    27.4442    27.4507          4  0.000e+00
      18938 326.839190  -62.21964  -58.37922      0.069    1448.21      3.215      3.184    -0.2443    -0.2514    -0.0072    -0.2444    -0.2515    -0.0072   2.820424   2.820273  -0.000151    34.1658    34.1719     7.6599     7.4047    -0.2552    27.4450    27.4502          4  0.000e+00
      18939 326.839191  -62.21964  -58.37922      0.063    1448.21      3.167      3.136    -0.2446    -0.2505    -0.0059    -0.2447    -0.2506    -0.0059   2.820399   2.820244  -0.000156    34.1659    34.1705     7.6510     7.3990    -0.2519    27.4451    27.4490          4  0.000e+00
      18940 326.839191  -62.21964  -58.37922      0.056    1448.21      3.167      3.136    -0.2448    -0.2512    -0.0064    -0.2449    -0.2513    -0.0064   2.820393   2.820273  -0.000121    34.1660    34.1716     7.6507     7.3983    -0.2525    27.4452    27.4500          4  0.000e+00
      18941 326.839192  -62.21964  -58.37922      0.052    1448.21      3.215      3.184    -0.2451    -0.2519    -0.0068    -0.2452    -0.2520    -0.0068   2.820393   2.820296  -0.000098    34.1663    34.1727     7.6608     7.3976    -0.2632    27.4454    27.4509          4  0.000e+00
      18942 326.839192  -62.21964  -58.37922      0.045    1448.21      3.167      3.136    -0.2451    -0.2527    -0.0076    -0.2452    -0.2528    -0.0076   2.820351   2.820290  -0.000061    34.1658    34.1735     7.6570     7.3980    -0.2590    27.4450    27.4516          4  0.000e+00
      18943 326.839193  -62.21964  -58.37922      0.040    1448.21      3.167      3.136    -0.2454    -0.2534    -0.0080    -0.2455    -0.2535    -0.0080   2.820375   2.820342  -0.000033    34.1665    34.1751     7.6526     7.3985    -0.2541    27.4456    27.4529          4  0.000e+00
      18944 326.839193  -62.21964  -58.37922      0.033    1448.21      3.167      3.136    -0.2455    -0.2534    -0.0079    -0.2456    -0.2535    -0.0079   2.820333   2.820313  -0.000020    34.1661    34.1747     7.6576     7.4035    -0.2541    27.4452    27.4526          4  0.000e+00
      18945 326.839194  -62.21964  -58.37922      0.028    1448.21      3.167      3.136    -0.2455    -0.2542    -0.0087    -0.2456    -0.2543    -0.0087   2.820333   2.820250  -0.000084    34.1661    34.1747     7.6583     7.3982    -0.2600    27.4452    27.4526          4  0.000e+00
      18946 326.839194  -62.21964  -58.37922      0.022    1448.21      3.167      3.136    -0.2455    -0.2541    -0.0086    -0.2456    -0.2542    -0.0086   2.820303   2.820244  -0.000059    34.1657    34.1745     7.6539     7.3975    -0.2565    27.4449    27.4525          4  0.000e+00
      18947 326.839195  -62.21964  -58.37922      0.017    1448.21      3.167      3.136    -0.2459    -0.2536    -0.0077    -0.2460    -0.2537    -0.0077   2.820309   2.820215  -0.000094    34.1661    34.1736     7.6591     7.4023    -0.2567    27.4453    27.4517          4  0.000e+00
      18948 326.839195  -62.21964  -58.37922      0.013    1448.21      3.187      3.157    -0.2457    -0.2539    -0.0082    -0.2458    -0.2540    -0.0082   2.820273   2.820186  -0.000087    34.1655    34.1735     7.6599     7.4027    -0.2572    27.4447    27.4516          4  0.000e+00
      18949 326.839196  -62.21964  -58.37922      0.004    1448.21      3.112      3.082    -0.2457    -0.2531    -0.0074    -0.2458    -0.2532    -0.0074   2.820279   2.820267  -0.000012    34.1656    34.1738     7.6556     7.4027    -0.2529    27.4448    27.4518          4  0.000e+00
      18950 326.839196  -62.21964  -58.37922     -0.001    1448.21      3.167      3.136    -0.2455    -0.2511    -0.0056    -0.2456    -0.2512    -0.0056   2.820291   2.820250  -0.000041    34.1655    34.1712     7.6601     7.4037    -0.2563    27.4448    27.4497          4  0.000e+00
      18951 326.839197  -62.21964  -58.37922     -0.004    1448.21      3.167      3.136    -0.2452    -0.2506    -0.0054    -0.2453    -0.2507    -0.0054   2.820291   2.820273  -0.000018    34.1652    34.1710     7.6543     7.4050    -0.2493    27.4445    27.4495          4  0.000e+00
      18952 326.839197  -62.21964  -58.37922     -0.013    1448.21      3.112      3.082    -0.2458    -0.2509    -0.0051    -0.2459    -0.2510    -0.0051   2.820309   2.820336   0.000027    34.1661    34.1722     7.6588     7.4051    -0.2537    27.4453    27.4505          4  0.000e+00
      18953 326.839198  -62.21964  -58.37922     -0.015    1448.21      3.167      3.136    -0.2460    -0.2509    -0.0049    -0.2461    -0.2510    -0.0049   2.820273   2.820302   0.000029    34.1658    34.1717     7.6598     7.4053    -0.2545    27.4450    27.4500          4  0.000e+00
      18954 326.839198  -62.21964  -58.37922     -0.021    1448.21      3.112      3.082    -0.2462    -0.2506    -0.0045    -0.2463    -0.2507    -0.0045   2.820261   2.820267   0.000006    34.1659    34.1710     7.6556     7.4008    -0.2549    27.4451    27.4494          4  0.000e+00
      18955 326.839198  -62.21964  -58.37922     -0.028    1448.21      3.167      3.136    -0.2460    -0.2506    -0.0046    -0.2461    -0.2507    -0.0046   2.820261   2.820348   0.000087    34.1656    34.1720     7.6610     7.4009    -0.2600    27.4449    27.4503          4  0.000e+00
      18956 326.839199  -62.21964  -58.37922     -0.030    1448.21      3.112      3.082    -0.2458    -0.2508    -0.0050    -0.2459    -0.2509    -0.0050   2.820261   2.820313   0.000052    34.1655    34.1718     7.6568     7.4000    -0.2568    27.4447    27.4501          4  0.000e+00
      18957 326.839199  -62.21964  -58.37922     -0.030    1448.21      3.167      3.136    -0.2454    -0.2505    -0.0051    -0.2455    -0.2506    -0.0051   2.820261   2.820325   0.000064    34.1649    34.1715     7.6614     7.3991    -0.2624    27.4443    27.4499          4  0.000e+00
      18958 326.839200  -62.21964  -58.37922     -0.035    1448.21      3.112      3.082    -0.2457    -0.2506    -0.0049    -0.2458    -0.2507    -0.0049   2.820261   2.820348   0.000087    34.1653    34.1720     7.6559     7.4039    -0.2521    27.4446    27.4503          4  0.000e+00
      18959 326.839200  -62.21964  -58.37922     -0.040    1448.21      3.112      3.082    -0.2455    -0.2504    -0.0049    -0.2456    -0.2505    -0.0049   2.820261   2.820284   0.000023    34.1651    34.1709     7.6613     7.4040    -0.2573    27.4445    27.4494          4  0.000e+00
      18960 326.839201  -62.21964  -58.37922     -0.042    1448.21      3.112      3.082    -0.2458    -0.2506    -0.0048    -0.2459    -0.2507    -0.0048   2.820243   2.820279   0.000036    34.1652    34.1711     7.6625     7.3996    -0.2629    27.4446    27.4495          4  0.000e+00
      18961 326.839201  -62.21964  -58.37922     -0.044    1448.21      3.167      3.136    -0.2462    -0.2514    -0.0053    -0.2463    -0.2515    -0.0053   2.820273   2.820255  -0.000018    34.1660    34.1717     7.6586     7.4045    -0.2541    27.4452    27.4500          4  0.000e+00
      18962 326.839202  -62.21964  -58.37922     -0.045    1448.21      3.112      3.082    -0.2462    -0.2516    -0.0054    -0.2463    -0.2517    -0.0054   2.820291   2.820215  -0.000076    34.1663    34.1713     7.6641     7.3989    -0.2652    27.4454    27.4497          4  0.000e+00
      18963 326.839202  -62.21964  -58.37922     -0.050    1448.21      3.112      3.082    -0.2462    -0.2524    -0.0062    -0.2463    -0.2525    -0.0062   2.820267   2.820227  -0.000041    34.1659    34.1724     7.6587     7.4049    -0.2539    27.4451    27.4506          4  0.000e+00
      18964 326.839203  -62.21964  -58.37922     -0.051    1448.21      3.112      3.082    -0.2463    -0.2522    -0.0058    -0.2464    -0.2523    -0.0058   2.820261   2.820221  -0.000040    34.1661    34.1721     7.6628     7.4049    -0.2578    27.4452    27.4504          4  0.000e+00
      18965 326.839203  -62.21964  -58.37922     -0.049    1448.21      3.167      3.136    -0.2463    -0.2529    -0.0065    -0.2464    -0.2530    -0.0065   2.820279   2.820169  -0.000110    34.1663    34.1721     7.6633     7.4052    -0.2581    27.4454    27.4505          4  0.000e+00
      18966 326.839204  -62.21964  -58.37922     -0.053    1448.21      3.112      3.082    -0.2455    -0.2531    -0.0076    -0.2456    -0.2532    -0.0076   2.820249   2.820227  -0.000022    34.1650    34.1732     7.6585     7.4063    -0.2522    27.4443    27.4513          4  0.000e+00
      18967 326.839204  -62.21964  -58.37922     -0.054    1448.21      3.112      3.082    -0.2455    -0.2531    -0.0076    -0.2456    -0.2532    -0.0076   2.820273   2.820215  -0.000058    34.1653    34.1731     7.6566     7.4017    -0.2549    27.4446    27.4512          4  0.000e+00
      18968 326.839205  -62.21964  -58.37922     -0.057    1448.21      3.084      3.055    -0.2455    -0.2528    -0.0073    -0.2456    -0.2529    -0.0073   2.820267   2.820186  -0.000081    34.1652    34.1723     7.6512     7.4063    -0.2449    27.4445    27.4506          4  0.000e+00
      18969 326.839205  -62.21964  -58.37922     -0.060    1448.21      3.112      3.082    -0.2454    -0.2530    -0.0076    -0.2455    -0.2531    -0.0076   2.820261   2.820250  -0.000011    34.1650    34.1734     7.6604     7.4063    -0.2540    27.4444    27.4515          4  0.000e+00
      18970 326.839206  -62.21964  -58.37922     -0.053    1448.21      3.167      3.136    -0.2454    -0.2530    -0.0076    -0.2455    -0.2531    -0.0076   2.820297   2.820221  -0.000076    34.1654    34.1729     7.6558     7.4064    -0.2494    27.4447    27.4511          4  0.000e+00
