Pos-Processados/process_op38/operantar38_024.cnv
* Sea-Bird SBE 9 Data File:
* FileName = D:\OPERANTAR_XXXVIII\DADOS\OP38_024.hdr
* Software Version Seasave V 7.18c
* Temperature SN = 4808
* Conductivity SN = 3380
* Number of Bytes Per Scan = 34
* Number of Voltage Words = 3
* Number of Scans Averaged by the Deck Unit = 1
* NMEA Latitude = 62 13.17 S
* NMEA Longitude = 058 22.76 W
* NMEA UTC (Time) = Nov 22 2019 19:55:17
** H41
** NAVIO POLAR ALMIRANTE MAXIMIANO
** CRUZEIRO:
** OPERANTAR XXXVIII
** ESTAÇÃO: OP38_024
** LAT 62 13,16'S
** LONG 058 22,74'W
** 09P73767-1155_A
** PROFUNDIDADE: 292
** DATA/HORA: 221955Z/NOV/2019
** OPERADOR: SO-HN CHAVES
# nquan = 32
# nvalues = 555                         
# units = specified
# name 0 = scan: Scan Count
# name 1 = timeJ: Julian Days
# name 2 = latitude: Latitude [deg]
# name 3 = longitude: Longitude [deg]
# name 4 = dz/dtM: Descent Rate [m/s]
# name 5 = avgsvCM: Average Sound Velocity [Chen-Millero, m/s]
# name 6 = prDM: Pressure, Digiquartz [db]
# name 7 = depSM: Depth [salt water, m]
# name 8 = t090C: Temperature [ITS-90, deg C]
# name 9 = t190C: Temperature, 2 [ITS-90, deg C]
# name 10 = T2-T190C: Temperature Difference, 2 - 1 [ITS-90, deg C]
# name 11 = potemp090C: Potential Temperature [ITS-90, deg C]
# name 12 = potemp190C: Potential Temperature, 2 [ITS-90, deg C]
# name 13 = potemp90Cdiff: Potential Temperature, Diff, 2 - 1 [ITS-90, deg C]
# name 14 = c0S/m: Conductivity [S/m]
# name 15 = c1S/m: Conductivity, 2 [S/m]
# name 16 = C2-C1S/m: Conductivity Difference, 2 - 1 [S/m]
# name 17 = sal00: Salinity, Practical [PSU]
# name 18 = sal11: Salinity, Practical, 2 [PSU]
# name 19 = sbeox0ML/L: Oxygen, SBE 43 [ml/l]
# name 20 = sbeox1ML/L: Oxygen, SBE 43, 2 [ml/l]
# name 21 = sbeox0ML/Ldiff: Oxygen, SBE 43, Diff, 2 - 1 [ml/l]
# name 22 = sigma-é00: Density [sigma-theta, kg/m^3]
# name 23 = sigma-é11: Density, 2 [sigma-theta, kg/m^3]
# name 24 = sal00: Salinity, Practical [PSU]
# name 25 = sigma-é00: Density [sigma-theta, kg/m^3]
# name 26 = svCM: Sound Velocity [Chen-Millero, m/s]
# name 27 = svCM1: Sound Velocity, 2 [Chen-Millero, m/s]
# name 28 = gsw_ptA0: potential temperature [ITS-90, deg C]
# name 29 = gsw_densityA0: density, TEOS-10 [density, kg/m^3]
# name 30 = gsw_saA0: Absolute Salinity [g/kg]
# name 31 = flag:
# span 0 =        317,      20305       
# span 1 = 326.830210, 326.839850       
# span 2 =  -62.21966,  -62.21962       
# span 3 =  -58.37934,  -58.37920       
# span 4 =     -1.192,      1.182       
# span 5 =       0.00,    1448.21       
# span 6 =      2.000,    279.000       
# span 7 =      1.984,    276.129       
# span 8 =    -0.5351,    -0.2786       
# span 9 =    -0.5349,    -0.2795       
# span 10 =    -0.0094,     0.0178      
# span 11 =    -0.5412,    -0.2786      
# span 12 =    -0.5411,    -0.2797      
# span 13 =    -0.0094,     0.0178      
# span 14 =   2.805642,   2.818352      
# span 15 =   2.806082,   2.818772      
# span 16 =  -0.000229,   0.001748      
# span 17 =    34.1700,    34.2931      
# span 18 =    34.1743,    34.2985      
# span 19 =     7.0001,     7.6497      
# span 20 =     6.7004,     7.3923      
# span 21 =    -0.3758,    -0.1935      
# span 22 =    27.4500,    27.5616      
# span 23 =    27.4535,    27.5659      
# span 24 =    34.1688,    34.2931      
# span 25 =    27.4502,    27.5616      
# span 26 =    1446.38,    1450.27      
# span 27 =    1446.39,    1450.28      
# span 28 =    -0.5411,    -0.2787      
# span 29 =  1027.4642,  1028.8984      
# span 30 =    34.3337,    34.4606      
# span 31 = 0.0000e+00, 0.0000e+00      
# interval = decibars: 1                
# start_time = Nov 22 2019 19:55:17 [NMEA time, header]
# bad_flag = -9.990e-29
*END*
[from data line 363]
      11373 326.835542  -62.21962  -58.37924     -1.020    1448.21    193.000    191.058    -0.5242    -0.5240     0.0002    -0.5303    -0.5301     0.0002   2.813970   2.814393   0.000421    34.2783    34.2837     7.1006     6.7895    -0.3111    27.5491    27.5535    34.2783    27.5491    1448.88    1448.89    -0.5302  1028.4764    34.4453 0.0000e+00
      11394 326.835552  -62.21962  -58.37924     -1.075    1448.21    192.000    190.068    -0.5240    -0.5240    -0.0000    -0.5300    -0.5301    -0.0000   2.813935   2.814335   0.000401    34.2782    34.2837     7.0967     6.7922    -0.3045    27.5491    27.5535    34.2782    27.5490    1448.87    1448.87    -0.5300  1028.4715    34.4452 0.0000e+00
      11415 326.835562  -62.21962  -58.37924     -1.126    1448.21    191.000    189.079    -0.5240    -0.5240     0.0000    -0.5301    -0.5301     0.0000   2.813886   2.814283   0.000396    34.2783    34.2836     7.0898     6.7967    -0.2931    27.5491    27.5534    34.2782    27.5491    1448.85    1448.86    -0.5299  1028.4668    34.4453 0.0000e+00
      11437 326.835573  -62.21962  -58.37924     -1.137    1448.21    190.000    188.089    -0.5239    -0.5239     0.0000    -0.5299    -0.5299     0.0000   2.813813   2.814236   0.000421    34.2778    34.2834     7.0894     6.7993    -0.2900    27.5487    27.5532    34.2777    27.5486    1448.83    1448.84    -0.5298  1028.4616    34.4447 0.0000e+00
      11459 326.835584  -62.21962  -58.37924     -1.100    1448.21    189.000    187.100    -0.5238    -0.5237     0.0001    -0.5298    -0.5297     0.0001   2.813758   2.814172   0.000415    34.2775    34.2830     7.0813     6.7975    -0.2838    27.5485    27.5529    34.2775    27.5484    1448.82    1448.83    -0.5297  1028.4566    34.4445 0.0000e+00
      11483 326.835595  -62.21962  -58.37924     -1.041    1448.21    188.000    186.110    -0.5238    -0.5238     0.0000    -0.5297    -0.5298     0.0000   2.813689   2.814107   0.000418    34.2772    34.2828     7.0885     6.7945    -0.2941    27.5482    27.5527    34.2772    27.5482    1448.80    1448.81    -0.5296  1028.4516    34.4442 0.0000e+00
      11507 326.835607  -62.21962  -58.37924     -0.999    1448.21    187.000    185.121    -0.5238    -0.5237     0.0001    -0.5297    -0.5296     0.0001   2.813635   2.814052   0.000418    34.2771    34.2825     7.0937     6.7974    -0.2963    27.5481    27.5525    34.2771    27.5481    1448.78    1448.79    -0.5296  1028.4468    34.4441 0.0000e+00
      11531 326.835618  -62.21962  -58.37924     -0.992    1448.21    186.000    184.131    -0.5239    -0.5238     0.0001    -0.5298    -0.5297     0.0001   2.813576   2.814005   0.000426    34.2770    34.2827     7.1056     6.7928    -0.3127    27.5481    27.5526    34.2770    27.5480    1448.77    1448.78    -0.5297  1028.4420    34.4440 0.0000e+00
      11555 326.835630  -62.21962  -58.37924     -1.005    1448.21    185.000    183.142    -0.5240    -0.5240    -0.0001    -0.5298    -0.5299    -0.0001   2.813510   2.813901   0.000393    34.2768    34.2822     7.1026     6.7954    -0.3071    27.5479    27.5522    34.2768    27.5479    1448.75    1448.76    -0.5297  1028.4383    34.4454 0.0000e+00
      11578 326.835641  -62.21962 -9.990e-29     -1.020    1448.21    184.000    182.153    -0.5241    -0.5241     0.0000    -0.5299    -0.5299     0.0000   2.813454   2.813860   0.000404    34.2768    34.2822     7.1059     6.8053    -0.3006    27.5479    27.5523    34.2767    27.5478    1448.73    1448.74    -0.5298  1028.4339    34.4458 0.0000e+00
      11601 326.835652  -62.21962 -9.990e-29     -1.036    1448.21    183.000    181.163    -0.5243    -0.5242     0.0001    -0.5301    -0.5300     0.0001   2.813360   2.813791   0.000434    34.2764    34.2821     7.1025     6.8147    -0.2877    27.5476    27.5522    34.2763    27.5475    1448.72    1448.72    -0.5300  1028.4288    34.4454 0.0000e+00
      11623 326.835663  -62.21962 -9.990e-29     -1.057    1448.21    182.000    180.173    -0.5247    -0.5244     0.0002    -0.5304    -0.5302     0.0002   2.813246   2.813677   0.000425    34.2760    34.2815     7.1084     6.8101    -0.2983    27.5473    27.5517    34.2758    27.5471    1448.70    1448.71    -0.5303  1028.4237    34.4449 0.0000e+00
      11645 326.835673  -62.21962  -58.37922     -1.082    1448.21    181.000    179.184    -0.5250    -0.5249    -0.0000    -0.5307    -0.5307    -0.0000   2.813108   2.813539   0.000434    34.2751    34.2809     7.1039     6.8062    -0.2977    27.5465    27.5512    34.2750    27.5464    1448.68    1448.69    -0.5306  1028.4176    34.4433 0.0000e+00
      11667 326.835684  -62.21962  -58.37922     -1.098    1448.21    180.000    178.194    -0.5252    -0.5251     0.0001    -0.5309    -0.5308     0.0001   2.813029   2.813437   0.000407    34.2749    34.2802     7.1073     6.8044    -0.3029    27.5464    27.5507    34.2747    27.5462    1448.66    1448.67    -0.5308  1028.4115    34.4417 0.0000e+00
      11689 326.835694  -62.21962  -58.37924     -1.101    1448.21    179.000    177.205    -0.5253    -0.5251     0.0002    -0.5309    -0.5307     0.0002   2.812968   2.813392   0.000427    34.2747    34.2802     7.1043     6.7947    -0.3096    27.5462    27.5507    34.2746    27.5462    1448.64    1448.65    -0.5308  1028.4067    34.4416 0.0000e+00
      11711 326.835705  -62.21962  -58.37924     -1.087    1448.21    178.000    176.215    -0.5253    -0.5252     0.0001    -0.5310    -0.5309     0.0001   2.812913   2.813335   0.000420    34.2747    34.2802     7.1097     6.7947    -0.3149    27.5462    27.5507    34.2746    27.5461    1448.63    1448.64    -0.5308  1028.4019    34.4415 0.0000e+00
      11734 326.835716  -62.21962  -58.37924     -1.059    1448.21    177.000    175.226    -0.5255    -0.5256 8.7856e-07    -0.5311    -0.5311 7.4678e-07   2.812793   2.813204   0.000411    34.2739    34.2795     7.1116     6.7987    -0.3130    27.5457    27.5501    34.2738    27.5455    1448.61    1448.62    -0.5310  1028.3966    34.4408 0.0000e+00
      11758 326.835728  -62.21962  -58.37924     -1.030    1448.21    176.000    174.236    -0.5259    -0.5258     0.0001    -0.5315    -0.5313     0.0001   2.812682   2.813105   0.000422    34.2734    34.2790     7.1079     6.8006    -0.3073    27.5452    27.5497    34.2733    27.5451    1448.59    1448.60    -0.5313  1028.3914    34.4402 0.0000e+00
      11782 326.835739  -62.21962  -58.37923     -1.009    1448.21    175.000    173.247    -0.5259    -0.5259    -0.0001    -0.5314    -0.5314    -0.0001   2.812648   2.813070   0.000423    34.2735    34.2792     7.1068     6.8074    -0.2995    27.5453    27.5499    34.2734    27.5452    1448.57    1448.58    -0.5313  1028.3867    34.4404 0.0000e+00
      11805 326.835750  -62.21962  -58.37922     -1.017    1448.21    174.000    172.257    -0.5258    -0.5257     0.0001    -0.5313    -0.5312     0.0000   2.812637   2.813057   0.000418    34.2738    34.2795     7.1093     6.8195    -0.2898    27.5456    27.5501    34.2738    27.5455    1448.56    1448.57    -0.5312  1028.3822    34.4407 0.0000e+00
      11828 326.835761  -62.21962  -58.37922     -1.046    1448.21    173.000    171.268    -0.5257    -0.5257     0.0001    -0.5312    -0.5311     0.0001   2.812593   2.813003   0.000412    34.2739    34.2794     7.1217     6.8311    -0.2906    27.5456    27.5500    34.2738    27.5455    1448.54    1448.55    -0.5311  1028.3774    34.4407 0.0000e+00
      11850 326.835772  -62.21962  -58.37922     -1.060    1448.21    172.000    170.278    -0.5260    -0.5260    -0.0000    -0.5314    -0.5314    -0.0000   2.812495   2.812909   0.000412    34.2735    34.2791     7.1176     6.8378    -0.2798    27.5453    27.5498    34.2734    27.5452    1448.53    1448.53    -0.5313  1028.3724    34.4403 0.0000e+00
      11873 326.835783  -62.21962  -58.37922     -1.052    1448.21    171.000    169.288    -0.5262    -0.5263    -0.0001    -0.5316    -0.5317    -0.0001   2.812406   2.812815   0.000409    34.2731    34.2788     7.1258     6.8396    -0.2862    27.5450    27.5496    34.2730    27.5449    1448.51    1448.51    -0.5315  1028.3673    34.4399 0.0000e+00
      11896 326.835794  -62.21962  -58.37922     -1.046    1448.21    170.000    168.299    -0.5268    -0.5266     0.0002    -0.5321    -0.5319     0.0002   2.812266   2.812704   0.000441    34.2725    34.2782     7.1240     6.8319    -0.2921    27.5445    27.5491    34.2724    27.5444    1448.49    1448.50    -0.5320  1028.3621    34.4393 0.0000e+00
      11919 326.835805  -62.21962  -58.37922     -1.058    1448.21    169.000    167.309    -0.5270    -0.5271    -0.0001    -0.5323    -0.5324    -0.0001   2.812151   2.812570   0.000412    34.2720    34.2777     7.1195     6.8200    -0.2995    27.5441    27.5487    34.2717    27.5439    1448.47    1448.48    -0.5322  1028.3567    34.4386 0.0000e+00
      11941 326.835816  -62.21962  -58.37922     -1.076    1448.21    168.000    166.319    -0.5276    -0.5272     0.0003    -0.5328    -0.5325     0.0003   2.812009   2.812499   0.000496    34.2711    34.2774     7.1196     6.8080    -0.3115    27.5434    27.5485    34.2711    27.5434    1448.45    1448.46    -0.5328  1028.3515    34.4380 0.0000e+00
      11963 326.835827  -62.21962  -58.37922     -1.074    1448.21    167.000    165.330    -0.5277    -0.5278    -0.0000    -0.5330    -0.5330    -0.0000   2.811937   2.812351   0.000414    34.2710    34.2767     7.1221     6.8007    -0.3214    27.5434    27.5479    34.2709    27.5433    1448.43    1448.44    -0.5329  1028.3466    34.4378 0.0000e+00
      11987 326.835838  -62.21962  -58.37922     -1.031    1448.21    166.000    164.340    -0.5281    -0.5280     0.0001    -0.5333    -0.5332     0.0001   2.811845   2.812261   0.000416    34.2707    34.2762     7.1325     6.8177    -0.3148    27.5431    27.5476    34.2706    27.5431    1448.41    1448.42    -0.5332  1028.3416    34.4375 0.0000e+00
      12012 326.835850  -62.21962  -58.37922     -0.993    1448.21    165.000    163.351    -0.5279    -0.5280    -0.0000    -0.5331    -0.5332    -0.0000   2.811812   2.812228   0.000417    34.2708    34.2765     7.1305     6.8235    -0.3069    27.5432    27.5478    34.2707    27.5431    1448.40    1448.41    -0.5330  1028.3368    34.4375 0.0000e+00
      12035 326.835861  -62.21962  -58.37922     -1.008    1448.21    164.000    162.361    -0.5281    -0.5282    -0.0001    -0.5333    -0.5334    -0.0001   2.811740   2.812140   0.000398    34.2707    34.2761     7.1338     6.8288    -0.3050    27.5430    27.5475    34.2705    27.5430    1448.38    1448.39    -0.5331  1028.3320    34.4374 0.0000e+00
      12057 326.835872  -62.21962  -58.37922     -1.064    1448.21    163.000    161.372    -0.5285    -0.5283     0.0002    -0.5336    -0.5335     0.0002   2.811528   2.812014   0.000472    34.2694    34.2755     7.1312     6.8308    -0.3004    27.5421    27.5470    34.2687    27.5415    1448.36    1448.37    -0.5335  1028.3258    34.4356 0.0000e+00
      12078 326.835882  -62.21962  -58.37920     -1.117    1448.21    162.000    160.382    -0.5304    -0.5300     0.0005    -0.5355    -0.5351     0.0005   2.811094   2.811615   0.000513    34.2663    34.2727     7.1391     6.8343    -0.3048    27.5396    27.5448    34.2657    27.5391    1448.33    1448.34    -0.5354  1028.3186    34.4325 0.0000e+00
      12098 326.835892  -62.21962  -58.37920     -1.149    1448.21    161.000    159.392    -0.5321    -0.5315     0.0006    -0.5372    -0.5365     0.0006   2.810722   2.811229   0.000523    34.2635    34.2698     7.1408     6.8371    -0.3038    27.5375    27.5426    34.2632    27.5372    1448.30    1448.32    -0.5371  1028.3120    34.4300 0.0000e+00
      12121 326.835903  -62.21962  -58.37920     -1.125    1448.21    160.000    158.403    -0.5324    -0.5316     0.0008    -0.5374    -0.5367     0.0008   2.810620   2.811213   0.000577    34.2630    34.2699     7.1349     6.8413    -0.2936    27.5371    27.5426    34.2627    27.5369    1448.29    1448.30    -0.5373  1028.3068    34.4295 0.0000e+00
      12145 326.835914  -62.21962  -58.37921     -1.039    1448.21    159.000    157.413    -0.5327    -0.5325     0.0002    -0.5377    -0.5375     0.0002   2.810523   2.810940   0.000433    34.2627    34.2683     7.1493     6.8367    -0.3126    27.5368    27.5413    34.2624    27.5366    1448.27    1448.28    -0.5376  1028.3018    34.4292 0.0000e+00
      12171 326.835927  -62.21962  -58.37920     -0.942    1448.21    158.000    156.423    -0.5332    -0.5334    -0.0002    -0.5381    -0.5383    -0.0002   2.810373   2.810732   0.000356    34.2617    34.2668     7.1604     6.8369    -0.3235    27.5361    27.5402    34.2615    27.5359    1448.25    1448.25    -0.5380  1028.2963    34.4283 0.0000e+00
      12197 326.835940  -62.21962  -58.37920     -0.910    1448.21    157.000    155.434    -0.5335    -0.5334     0.0001    -0.5384    -0.5384     0.0001   2.810252   2.810682   0.000426    34.2611    34.2668     7.1657     6.8502    -0.3155    27.5356    27.5401    34.2609    27.5354    1448.23    1448.24    -0.5383  1028.2911    34.4277 0.0000e+00
      12221 326.835951  -62.21962  -58.37920     -0.965    1448.21    156.000    154.444    -0.5337    -0.5334     0.0003    -0.5386    -0.5383     0.0003   2.810168   2.810686   0.000509    34.2608    34.2673     7.1679     6.8556    -0.3123    27.5353    27.5406    34.2605    27.5351    1448.21    1448.22    -0.5385  1028.2860    34.4273 0.0000e+00
      12242 326.835961  -62.21962  -58.37920     -1.058    1448.21    155.000    153.454    -0.5339    -0.5334     0.0006    -0.5388    -0.5382     0.0006   2.810043   2.810600   0.000555    34.2601    34.2668     7.1689     6.8618    -0.3071    27.5347    27.5402    34.2598    27.5345    1448.19    1448.21    -0.5387  1028.2806    34.4266 0.0000e+00
      12263 326.835971  -62.21962  -58.37920     -1.141    1448.21    154.000    152.465    -0.5339    -0.5337     0.0001    -0.5387    -0.5386     0.0001   2.809971   2.810408   0.000453    34.2596    34.2656     7.1791     6.8684    -0.3106    27.5344    27.5392    34.2594    27.5342    1448.18    1448.19    -0.5386  1028.2755    34.4261 0.0000e+00
      12283 326.835981  -62.21962  -58.37920     -1.172    1448.21    153.000    151.475    -0.5342    -0.5341     0.0001    -0.5390    -0.5389     0.0001   2.809829   2.810247   0.000417    34.2587    34.2642     7.1757     6.8716    -0.3041    27.5336    27.5381    34.2585    27.5335    1448.16    1448.17    -0.5389  1028.2700    34.4252 0.0000e+00
      12305 326.835991  -62.21962  -58.37920     -1.149    1448.21    152.000    150.485    -0.5342    -0.5343    -0.0001    -0.5389    -0.5390    -0.0001   2.809715   2.810127   0.000415    34.2577    34.2635     7.1744     6.8702    -0.3041    27.5329    27.5375    34.2575    27.5327    1448.14    1448.15    -0.5388  1028.2644    34.4242 0.0000e+00
      12327 326.836002  -62.21962  -58.37921     -1.093    1448.21    151.000    149.496    -0.5343    -0.5342     0.0000    -0.5390    -0.5389     0.0000   2.809557   2.809933   0.000374    34.2563    34.2612     7.1848     6.8767    -0.3081    27.5317    27.5357    34.2561    27.5315    1448.12    1448.13    -0.5389  1028.2585    34.4228 0.0000e+00
      12350 326.836013  -62.21962  -58.37922     -1.050    1448.21    150.000    148.506    -0.5342    -0.5342     0.0000    -0.5389    -0.5389     0.0000   2.809418   2.809819   0.000402    34.2550    34.2603     7.1832     6.8781    -0.3051    27.5306    27.5350    34.2548    27.5305    1448.10    1448.11    -0.5388  1028.2527    34.4215 0.0000e+00
