Pos-Processados/process_op38/operantar38_004b.ros
* Sea-Bird SBE 9 Data File:
* FileName = D:\OPERANTAR_XXXVIII\DADOS\OP38_004b.hdr
* Software Version Seasave V 7.12
* Temperature SN = 4808
* Conductivity SN = 3380
* Number of Bytes Per Scan = 31
* Number of Voltage Words = 2
* Number of Scans Averaged by the Deck Unit = 1
* NMEA Latitude = 39 58.14 S
* NMEA Longitude = 054 59.70 W
* NMEA UTC (Time) = Oct 17 2019 16:47:40
** H41
** NAVIO POLAR ALMIRANTE MAXIMIANO
** CRUZEIRO:
** OPERANTAR XXXVIII
** ESTAÇÃO: OP38_004b
** LAT 39º 58,17'S
** LONG 054º 59,68'W
** 09P73767-1155
** PROFUNDIDADE: 1620 m
** DATA/HORA: 171648Z/OUT/2019
** OPERADOR: SO-HN CHAVES
# nquan = 24
# nvalues = 3712                                  
# units = specified
# name 0 = scan: Scan Count
# name 1 = timeJ: Julian Days
# name 2 = latitude: Latitude [deg]
# name 3 = longitude: Longitude [deg]
# name 4 = dz/dtM: Descent Rate [m/s]
# name 5 = avgsvCM: Average Sound Velocity [Chen-Millero, m/s]
# name 6 = prDM: Pressure, Digiquartz [db]
# name 7 = depSM: Depth [salt water, m]
# name 8 = t090C: Temperature [ITS-90, deg C]
# name 9 = t190C: Temperature, 2 [ITS-90, deg C]
# name 10 = T2-T190C: Temperature Difference, 2 - 1 [ITS-90, deg C]
# name 11 = potemp090C: Potential Temperature [ITS-90, deg C]
# name 12 = potemp190C: Potential Temperature, 2 [ITS-90, deg C]
# name 13 = potemp90Cdiff: Potential Temperature, Diff, 2 - 1 [ITS-90, deg C]
# name 14 = c0S/m: Conductivity [S/m]
# name 15 = c1S/m: Conductivity, 2 [S/m]
# name 16 = C2-C1S/m: Conductivity Difference, 2 - 1 [S/m]
# name 17 = sal00: Salinity, Practical [PSU]
# name 18 = sal11: Salinity, Practical, 2 [PSU]
# name 19 = sbeox0ML/L: Oxygen, SBE 43 [ml/l]
# name 20 = sigma-é00: Density [sigma-theta, kg/m^3]
# name 21 = sigma-é11: Density, 2 [sigma-theta, kg/m^3]
# name 22 = nbf: Bottles Fired
# name 23 = flag:  0.000e+00
# interval = seconds: 0.0416667
# start_time = Oct 17 2019 16:47:40 [NMEA time, header]
# bad_flag = -9.990e-29
*END*
[from data line 363]
       2102 290.700782  -39.96886  -54.99504     -0.180       0.00      2.461      2.442     6.8114     6.8167     0.0053     6.8112     6.8165     0.0053   3.428070   3.428737   0.000667    34.0806    34.0827     7.1043    26.7202    26.7211          3  0.000e+00
       2103 290.700782  -39.96886  -54.99504     -0.160       0.00      2.461      2.442     6.8130     6.8163     0.0033     6.8128     6.8161     0.0033   3.428186   3.428731   0.000544    34.0803    34.0830     7.1037    26.7197    26.7215          3  0.000e+00
       2104 290.700783  -39.96886  -54.99504     -0.142       0.00      2.461      2.442     6.8130     6.8161     0.0030     6.8128     6.8159     0.0030   3.428096   3.428699   0.000604    34.0793    34.0829     7.1039    26.7189    26.7214          3  0.000e+00
       2105 290.700783  -39.96886  -54.99504     -0.123       0.00      2.509      2.490     6.8120     6.8153     0.0033     6.8117     6.8150     0.0033   3.427849   3.428706   0.000856    34.0776    34.0838     7.1039    26.7178    26.7222          3  0.000e+00
       2106 290.700784  -39.96886  -54.99504     -0.109       0.00      2.413      2.395     6.8109     6.8155     0.0046     6.8107     6.8153     0.0046   3.427687   3.428693   0.001006    34.0769    34.0834     7.1042    26.7174    26.7219          3  0.000e+00
       2107 290.700784  -39.96886  -54.99504     -0.089       0.00      2.509      2.490     6.8104     6.8161     0.0057     6.8102     6.8159     0.0057   3.427655   3.428687   0.001032    34.0770    34.0828     7.1045    26.7175    26.7213          3  0.000e+00
       2108 290.700785  -39.96886  -54.99504     -0.069       0.00      2.509      2.490     6.8098     6.8157     0.0058     6.8096     6.8154     0.0058   3.427610   3.428687   0.001077    34.0771    34.0832     7.1049    26.7176    26.7217          3  0.000e+00
       2109 290.700785  -39.96886  -54.99504     -0.051       0.00      2.509      2.490     6.8096     6.8161     0.0065     6.8094     6.8159     0.0065   3.427571   3.428743   0.001172    34.0769    34.0834     7.1052    26.7175    26.7218          3  0.000e+00
       2110 290.700786  -39.96886  -54.99504     -0.036       0.00      2.461      2.442     6.8097     6.8159     0.0062     6.8095     6.8157     0.0062   3.427584   3.428749   0.001166    34.0769    34.0836     7.1010    26.7176    26.7220          3  0.000e+00
       2111 290.700786  -39.96886  -54.99504     -0.014       0.00      2.564      2.544     6.8097     6.8157     0.0059     6.8095     6.8154     0.0059   3.427642   3.428724   0.001082    34.0775    34.0835     7.1005    26.7180    26.7220          3  0.000e+00
       2112 290.700787  -39.96886  -54.99504     -0.001       0.00      2.461      2.442     6.8103     6.8156     0.0053     6.8100     6.8154     0.0053   3.427681   3.428693   0.001012    34.0775    34.0833     7.1038    26.7179    26.7218          3  0.000e+00
       2113 290.700787  -39.96886  -54.99504      0.015       0.00      2.564      2.544     6.8098     6.8155     0.0057     6.8096     6.8153     0.0057   3.427642   3.428706   0.001064    34.0774    34.0835     7.0999    26.7179    26.7219          3  0.000e+00
       2114 290.700788  -39.96886  -54.99504      0.031       0.00      2.509      2.490     6.8099     6.8164     0.0065     6.8097     6.8162     0.0065   3.427648   3.428668   0.001020    34.0774    34.0822     7.0994    26.7179    26.7208          3  0.000e+00
       2115 290.700788  -39.96886  -54.99504      0.038       0.00      2.509      2.490     6.8097     6.8149     0.0052     6.8095     6.8147     0.0052   3.427661   3.428631   0.000969    34.0777    34.0833     7.0990    26.7182    26.7218          3  0.000e+00
       2116 290.700788  -39.96886  -54.99504      0.053       0.00      2.509      2.490     6.8100     6.8137     0.0037     6.8098     6.8135     0.0037   3.427661   3.428494   0.000833    34.0775    34.0830     7.0986    26.7179    26.7218          3  0.000e+00
       2117 290.700789  -39.96886  -54.99504      0.067       0.00      2.564      2.544     6.8106     6.8125     0.0019     6.8103     6.8123     0.0019   3.427681   3.428369   0.000689    34.0771    34.0828     7.0982    26.7176    26.7218          3  0.000e+00
       2118 290.700789  -39.96886  -54.99504      0.077       0.00      2.509      2.490     6.8107     6.8120     0.0012     6.8105     6.8117     0.0012   3.427687   3.428345   0.000657    34.0770    34.0831     7.1018    26.7175    26.7221          3  0.000e+00
       2119 290.700790  -39.96886  -54.99504      0.087       0.00      2.564      2.544     6.8108     6.8111     0.0002     6.8106     6.8108     0.0002   3.427687   3.428270   0.000583    34.0769    34.0831     7.1020    26.7174    26.7222          3  0.000e+00
       2120 290.700790  -39.96886  -54.99504      0.094       0.00      2.509      2.490     6.8109     6.8111     0.0001     6.8107     6.8108     0.0001   3.427687   3.428320   0.000632    34.0768    34.0837     7.1025    26.7173    26.7227          3  0.000e+00
       2121 290.700791  -39.96886  -54.99504      0.104       0.00      2.564      2.544     6.8107     6.8118     0.0011     6.8105     6.8116     0.0011   3.427642   3.428320   0.000678    34.0765    34.0829     7.1033    26.7171    26.7220          3  0.000e+00
       2122 290.700791  -39.96886  -54.99504      0.108       0.00      2.509      2.490     6.8100     6.8117     0.0017     6.8098     6.8115     0.0017   3.427629   3.428289   0.000660    34.0771    34.0827     7.1040    26.7177    26.7218          3  0.000e+00
       2123 290.700792  -39.96886  -54.99504      0.114       0.00      2.564      2.544     6.8096     6.8114     0.0018     6.8094     6.8111     0.0018   3.427603   3.428251   0.000648    34.0772    34.0826     7.1049    26.7178    26.7218          3  0.000e+00
       2124 290.700792  -39.96886  -54.99504      0.117       0.00      2.509      2.490     6.8092     6.8108     0.0017     6.8089     6.8106     0.0017   3.427571   3.428226   0.000656    34.0773    34.0829     7.1057    26.7179    26.7221          3  0.000e+00
       2125 290.700793  -39.96886  -54.99504      0.123       0.00      2.564      2.544     6.8094     6.8106     0.0011     6.8092     6.8103     0.0011   3.427564   3.428220   0.000656    34.0769    34.0831     7.1065    26.7176    26.7223          3  0.000e+00
       2126 290.700793  -39.96886  -54.99504      0.122       0.00      2.509      2.490     6.8096     6.8104     0.0008     6.8094     6.8101     0.0008   3.427584   3.428152   0.000568    34.0770    34.0825     7.1033    26.7176    26.7219          3  0.000e+00
       2127 290.700794  -39.96886  -54.99504      0.124       0.00      2.564      2.544     6.8095     6.8101     0.0005     6.8093     6.8098     0.0005   3.427571   3.428152   0.000581    34.0769    34.0828     7.1073    26.7176    26.7221          3  0.000e+00
       2128 290.700794  -39.96886  -54.99504      0.122       0.00      2.509      2.490     6.8094     6.8099     0.0005     6.8092     6.8097     0.0005   3.427564   3.428139   0.000575    34.0770    34.0828     7.1078    26.7176    26.7222          3  0.000e+00
       2129 290.700795  -39.96886  -54.99504      0.120       0.00      2.509      2.490     6.8094     6.8102     0.0007     6.8092     6.8100     0.0007   3.427584   3.428152   0.000568    34.0772    34.0827     7.1082    26.7178    26.7220          3  0.000e+00
       2130 290.700795  -39.96886  -54.99504      0.118       0.00      2.509      2.490     6.8092     6.8104     0.0012     6.8089     6.8102     0.0012   3.427551   3.428164   0.000613    34.0771    34.0826     7.1088    26.7177    26.7219          3  0.000e+00
       2131 290.700796  -39.96886  -54.99504      0.118       0.00      2.564      2.544     6.8090     6.8098     0.0008     6.8087     6.8095     0.0008   3.427512   3.428201   0.000689    34.0768    34.0837     7.1094    26.7176    26.7229          3  0.000e+00
       2132 290.700796  -39.96886  -54.99504      0.114       0.00      2.509      2.490     6.8081     6.8104     0.0022     6.8079     6.8101     0.0022   3.427480   3.428195   0.000715    34.0773    34.0830     7.1100    26.7181    26.7223          3  0.000e+00
       2133 290.700797  -39.96886  -54.99504      0.108       0.00      2.509      2.490     6.8074     6.8099     0.0025     6.8072     6.8097     0.0025   3.427448   3.428208   0.000760    34.0777    34.0836     7.1107    26.7185    26.7228          3  0.000e+00
       2134 290.700797  -39.96886  -54.99504      0.103       0.00      2.509      2.490     6.8075     6.8106     0.0031     6.8072     6.8103     0.0031   3.427461   3.428220   0.000760    34.0778    34.0831     7.1112    26.7185    26.7223          3  0.000e+00
       2135 290.700798  -39.96886  -54.99504      0.099       0.00      2.509      2.490     6.8077     6.8102     0.0025     6.8075     6.8100     0.0025   3.427422   3.428239   0.000817    34.0771    34.0837     7.1158    26.7180    26.7228          3  0.000e+00
       2136 290.700798  -39.96886  -54.99504      0.091       0.00      2.509      2.490     6.8079     6.8109     0.0030     6.8077     6.8107     0.0030   3.427480   3.428251   0.000771    34.0776    34.0831     7.1168    26.7183    26.7223          3  0.000e+00
       2137 290.700799  -39.96886  -54.99504      0.085       0.00      2.509      2.490     6.8073     6.8105     0.0032     6.8071     6.8103     0.0032   3.427409   3.428226   0.000818    34.0773    34.0832     7.1175    26.7182    26.7224          3  0.000e+00
       2138 290.700799  -39.96886  -54.99504      0.076       0.00      2.509      2.490     6.8075     6.8106     0.0031     6.8072     6.8103     0.0031   3.427422   3.428257   0.000836    34.0773    34.0835     7.1184    26.7182    26.7226          3  0.000e+00
       2139 290.700800  -39.96886  -54.99504      0.073       0.00      2.509      2.490     6.8074     6.8102     0.0028     6.8072     6.8100     0.0028   3.427461   3.428276   0.000816    34.0778    34.0840     7.1190    26.7186    26.7231          3  0.000e+00
       2140 290.700800  -39.96886  -54.99504      0.064       0.00      2.509      2.490     6.8075     6.8104     0.0029     6.8072     6.8101     0.0029   3.427448   3.428257   0.000810    34.0776    34.0837     7.1200    26.7184    26.7228          3  0.000e+00
       2141 290.700801  -39.96886  -54.99504      0.057       0.00      2.509      2.490     6.8072     6.8099     0.0027     6.8069     6.8097     0.0027   3.427441   3.428270   0.000829    34.0779    34.0843     7.1206    26.7186    26.7233          3  0.000e+00
       2142 290.700801  -39.96886  -54.99504      0.053       0.00      2.509      2.490     6.8077     6.8102     0.0025     6.8075     6.8100     0.0025   3.427396   3.428282   0.000887    34.0768    34.0841     7.1210    26.7177    26.7231          3  0.000e+00
       2143 290.700802  -39.96886  -54.99504      0.048       0.00      2.509      2.490     6.8077     6.8105     0.0028     6.8075     6.8103     0.0028   3.427402   3.428282   0.000880    34.0769    34.0838     7.1211    26.7178    26.7229          3  0.000e+00
       2144 290.700802  -39.96886  -54.99504      0.040       0.00      2.509      2.490     6.8076     6.8107     0.0032     6.8074     6.8105     0.0032   3.427409   3.428301   0.000892    34.0771    34.0838     7.1171    26.7180    26.7228          3  0.000e+00
       2145 290.700802  -39.96886  -54.99504      0.035       0.00      2.509      2.490     6.8077     6.8115     0.0038     6.8075     6.8112     0.0038   3.427415   3.428326   0.000911    34.0771    34.0834     7.1206    26.7179    26.7224          3  0.000e+00
       2146 290.700803  -39.96886  -54.99504      0.030       0.00      2.509      2.490     6.8078     6.8111     0.0032     6.8076     6.8108     0.0032   3.427409   3.428338   0.000930    34.0768    34.0839     7.1250    26.7177    26.7229          3  0.000e+00
       2147 290.700803  -39.96886  -54.99504      0.025       0.00      2.509      2.490     6.8077     6.8119     0.0041     6.8075     6.8116     0.0041   3.427454   3.428320   0.000866    34.0774    34.0829     7.1218    26.7182    26.7220          3  0.000e+00
       2148 290.700804  -39.96886  -54.99504      0.019       0.00      2.509      2.490     6.8075     6.8116     0.0042     6.8072     6.8114     0.0042   3.427402   3.428289   0.000886    34.0771    34.0828     7.1222    26.7180    26.7219          3  0.000e+00
       2149 290.700804  -39.96886  -54.99504      0.016       0.00      2.509      2.490     6.8078     6.8120     0.0042     6.8076     6.8118     0.0042   3.427422   3.428282   0.000861    34.0770    34.0823     7.1225    26.7178    26.7215          3  0.000e+00
       2150 290.700805  -39.96886  -54.99504      0.013       0.00      2.564      2.544     6.8076     6.8115     0.0040     6.8073     6.8113     0.0040   3.427441   3.428233   0.000791    34.0774    34.0822     7.1268    26.7182    26.7215          3  0.000e+00
       2151 290.700805  -39.96886  -54.99504      0.010       0.00      2.509      2.490     6.8075     6.8108     0.0034     6.8072     6.8106     0.0034   3.427441   3.428177   0.000735    34.0776    34.0823     7.1275    26.7183    26.7217          3  0.000e+00
       2152 290.700806  -39.96886  -54.99504      0.006       0.00      2.509      2.490     6.8073     6.8104     0.0031     6.8071     6.8102     0.0031   3.427396   3.428152   0.000756    34.0772    34.0825     7.1283    26.7181    26.7218          3  0.000e+00
       2153 290.700806  -39.96886  -54.99504      0.006       0.00      2.564      2.544     6.8076     6.8093     0.0017     6.8073     6.8090     0.0017   3.427422   3.428064   0.000643    34.0772    34.0826     7.1289    26.7181    26.7221          3  0.000e+00
       2154 290.700807  -39.96886  -54.99504      0.005       0.00      2.509      2.490     6.8075     6.8089     0.0014     6.8072     6.8087     0.0014   3.427422   3.428058   0.000637    34.0773    34.0830     7.1295    26.7182    26.7224          3  0.000e+00
       2155 290.700807  -39.96886  -54.99504      0.001       0.00      2.564      2.544     6.8075     6.8088     0.0013     6.8072     6.8085     0.0013   3.427435   3.428071   0.000636    34.0775    34.0832     7.1301    26.7183    26.7226          3  0.000e+00
       2156 290.700808  -39.96886  -54.99504     -0.000       0.00      2.509      2.490     6.8077     6.8089     0.0012     6.8075     6.8087     0.0012   3.427422   3.428021   0.000599    34.0771    34.0825     7.1305    26.7179    26.7221          3  0.000e+00
       2157 290.700808  -39.96886  -54.99504      0.001       0.00      2.564      2.544     6.8081     6.8085     0.0003     6.8079     6.8082     0.0003   3.427474   3.427984   0.000510    34.0772    34.0825     7.1310    26.7180    26.7221          3  0.000e+00
       2158 290.700809  -39.96886  -54.99504      0.003       0.00      2.564      2.544     6.8083     6.8085     0.0002     6.8081     6.8082     0.0002   3.427525   3.427952   0.000427    34.0776    34.0822     7.1354    26.7183    26.7219          3  0.000e+00
       2159 290.700809  -39.96886  -54.99504      0.002       0.00      2.564      2.544     6.8092     6.8089    -0.0003     6.8089     6.8087    -0.0003   3.427558   3.427990   0.000432    34.0771    34.0822     7.1317    26.7178    26.7218          3  0.000e+00
       2160 290.700810  -39.96886  -54.99504      0.007       0.00      2.564      2.544     6.8093     6.8089    -0.0003     6.8090     6.8087    -0.0003   3.427610   3.427971   0.000362    34.0776    34.0819     7.1315    26.7181    26.7216          3  0.000e+00
