Pos-Processados/process_op38/operantar38_004b.ros
* Sea-Bird SBE 9 Data File:
* FileName = D:\OPERANTAR_XXXVIII\DADOS\OP38_004b.hdr
* Software Version Seasave V 7.12
* Temperature SN = 4808
* Conductivity SN = 3380
* Number of Bytes Per Scan = 31
* Number of Voltage Words = 2
* Number of Scans Averaged by the Deck Unit = 1
* NMEA Latitude = 39 58.14 S
* NMEA Longitude = 054 59.70 W
* NMEA UTC (Time) = Oct 17 2019 16:47:40
** H41
** NAVIO POLAR ALMIRANTE MAXIMIANO
** CRUZEIRO:
** OPERANTAR XXXVIII
** ESTAÇÃO: OP38_004b
** LAT 39º 58,17'S
** LONG 054º 59,68'W
** 09P73767-1155
** PROFUNDIDADE: 1620 m
** DATA/HORA: 171648Z/OUT/2019
** OPERADOR: SO-HN CHAVES
# nquan = 24
# nvalues = 3712                                  
# units = specified
# name 0 = scan: Scan Count
# name 1 = timeJ: Julian Days
# name 2 = latitude: Latitude [deg]
# name 3 = longitude: Longitude [deg]
# name 4 = dz/dtM: Descent Rate [m/s]
# name 5 = avgsvCM: Average Sound Velocity [Chen-Millero, m/s]
# name 6 = prDM: Pressure, Digiquartz [db]
# name 7 = depSM: Depth [salt water, m]
# name 8 = t090C: Temperature [ITS-90, deg C]
# name 9 = t190C: Temperature, 2 [ITS-90, deg C]
# name 10 = T2-T190C: Temperature Difference, 2 - 1 [ITS-90, deg C]
# name 11 = potemp090C: Potential Temperature [ITS-90, deg C]
# name 12 = potemp190C: Potential Temperature, 2 [ITS-90, deg C]
# name 13 = potemp90Cdiff: Potential Temperature, Diff, 2 - 1 [ITS-90, deg C]
# name 14 = c0S/m: Conductivity [S/m]
# name 15 = c1S/m: Conductivity, 2 [S/m]
# name 16 = C2-C1S/m: Conductivity Difference, 2 - 1 [S/m]
# name 17 = sal00: Salinity, Practical [PSU]
# name 18 = sal11: Salinity, Practical, 2 [PSU]
# name 19 = sbeox0ML/L: Oxygen, SBE 43 [ml/l]
# name 20 = sigma-é00: Density [sigma-theta, kg/m^3]
# name 21 = sigma-é11: Density, 2 [sigma-theta, kg/m^3]
# name 22 = nbf: Bottles Fired
# name 23 = flag:  0.000e+00
# interval = seconds: 0.0416667
# start_time = Oct 17 2019 16:47:40 [NMEA time, header]
# bad_flag = -9.990e-29
*END*
[from data line 3321]
       5112 290.702233  -39.96858  -54.99504     -0.043       0.00      2.346      2.328     6.7789     6.7793     0.0004     6.7787     6.7791     0.0004   3.424713   3.425270   0.000557    34.0759    34.0817     7.1273    26.7209    26.7254         22  0.000e+00
       5113 290.702234  -39.96858  -54.99504     -0.033       0.00      2.243      2.226     6.7787     6.7785    -0.0003     6.7785     6.7783    -0.0003   3.424739   3.425239   0.000500    34.0764    34.0822     7.1266    26.7213    26.7259         22  0.000e+00
       5114 290.702234  -39.96858  -54.99504     -0.024       0.00      2.346      2.328     6.7788     6.7786    -0.0002     6.7786     6.7784    -0.0002   3.424739   3.425276   0.000537    34.0762    34.0824     7.1261    26.7212    26.7261         22  0.000e+00
       5115 290.702235  -39.96858  -54.99504     -0.011       0.00      2.298      2.280     6.7789     6.7785    -0.0004     6.7787     6.7783    -0.0004   3.424739   3.425270   0.000531    34.0762    34.0825     7.1255    26.7211    26.7261         22  0.000e+00
       5116 290.702235  -39.96858  -54.99504     -0.001       0.00      2.346      2.328     6.7787     6.7785    -0.0003     6.7785     6.7783    -0.0003   3.424746   3.425239   0.000493    34.0764    34.0821     7.1251    26.7213    26.7259         22  0.000e+00
       5117 290.702236  -39.96858  -54.99504      0.011       0.00      2.346      2.328     6.7792     6.7785    -0.0007     6.7790     6.7783    -0.0007   3.424739   3.425208   0.000468    34.0759    34.0818     7.1244    26.7208    26.7256         22  0.000e+00
       5118 290.702236  -39.96858  -54.99504      0.018       0.00      2.298      2.280     6.7790     6.7776    -0.0014     6.7788     6.7774    -0.0014   3.424759   3.425220   0.000462    34.0763    34.0828     7.1239    26.7212    26.7265         22  0.000e+00
       5119 290.702237  -39.96858  -54.99504      0.031       0.00      2.401      2.382     6.7791     6.7776    -0.0014     6.7788     6.7774    -0.0014   3.424752   3.425251   0.000499    34.0762    34.0831     7.1234    26.7211    26.7267         22  0.000e+00
       5120 290.702237  -39.96858  -54.99504      0.043       0.00      2.346      2.328     6.7792     6.7780    -0.0012     6.7790     6.7778    -0.0012   3.424785   3.425239   0.000454    34.0764    34.0826     7.1232    26.7212    26.7263         22  0.000e+00
       5121 290.702238  -39.96858  -54.99504      0.056       0.00      2.401      2.382     6.7792     6.7780    -0.0012     6.7790     6.7778    -0.0012   3.424798   3.425233   0.000435    34.0765    34.0825     7.1227    26.7213    26.7262         22  0.000e+00
       5122 290.702238  -39.96858  -54.99504      0.068       0.00      2.401      2.382     6.7792     6.7783    -0.0009     6.7790     6.7781    -0.0009   3.424785   3.425233   0.000448    34.0764    34.0822     7.1222    26.7212    26.7260         22  0.000e+00
       5123 290.702239  -39.96858  -54.99504      0.077       0.00      2.401      2.382     6.7791     6.7782    -0.0009     6.7788     6.7779    -0.0009   3.424746   3.425251   0.000506    34.0761    34.0826     7.1217    26.7210    26.7263         22  0.000e+00
       5124 290.702239  -39.96858  -54.99504      0.085       0.00      2.401      2.382     6.7786     6.7783    -0.0003     6.7784     6.7781    -0.0003   3.424739   3.425264   0.000524    34.0765    34.0826     7.1217    26.7214    26.7262         22  0.000e+00
       5125 290.702240  -39.96858  -54.99504      0.099       0.00      2.449      2.430     6.7786     6.7783    -0.0003     6.7784     6.7781    -0.0003   3.424746   3.425264   0.000518    34.0765    34.0825     7.1212    26.7214    26.7262         22  0.000e+00
       5126 290.702240  -39.96858  -54.99504      0.109       0.00      2.449      2.430     6.7782     6.7782    -0.0001     6.7780     6.7779    -0.0001   3.424694   3.425283   0.000589    34.0763    34.0829     7.1213    26.7213    26.7265         22  0.000e+00
       5127 290.702241  -39.96858  -54.99504      0.123       0.00      2.449      2.430     6.7781     6.7785     0.0004     6.7779     6.7783     0.0004   3.424675   3.425245   0.000571    34.0762    34.0822     7.1208    26.7213    26.7259         22  0.000e+00
       5128 290.702241  -39.96858  -54.99504      0.132       0.00      2.449      2.430     6.7779     6.7784     0.0004     6.7777     6.7781     0.0004   3.424713   3.425233   0.000519    34.0768    34.0821     7.1203    26.7218    26.7259         22  0.000e+00
       5129 290.702242  -39.96858  -54.99504      0.141       0.00      2.496      2.477     6.7779     6.7782     0.0002     6.7777     6.7779     0.0002   3.424688   3.425208   0.000520    34.0765    34.0820     7.1203    26.7215    26.7258         22  0.000e+00
       5130 290.702242  -39.96858  -54.99504      0.152       0.00      2.496      2.477     6.7779     6.7780     0.0001     6.7777     6.7778     0.0001   3.424688   3.425220   0.000533    34.0765    34.0824     7.1203    26.7215    26.7261         22  0.000e+00
       5131 290.702242  -39.96858  -54.99504      0.162       0.00      2.496      2.477     6.7778     6.7780     0.0002     6.7775     6.7778     0.0002   3.424675   3.425233   0.000558    34.0765    34.0825     7.1203    26.7216    26.7262         22  0.000e+00
       5132 290.702243  -39.96858  -54.99504      0.172       0.00      2.551      2.532     6.7776     6.7780     0.0004     6.7774     6.7777     0.0004   3.424675   3.425233   0.000558    34.0767    34.0825     7.1204    26.7217    26.7262         22  0.000e+00
       5133 290.702243  -39.96858  -54.99504      0.178       0.00      2.496      2.477     6.7775     6.7782     0.0007     6.7772     6.7779     0.0007   3.424616   3.425208   0.000592    34.0762    34.0820     7.1204    26.7213    26.7258         22  0.000e+00
       5134 290.702244  -39.96858  -54.99504      0.193       0.00      2.599      2.579     6.7774     6.7784     0.0009     6.7772     6.7781     0.0009   3.424636   3.425202   0.000566    34.0764    34.0817     7.1206    26.7215    26.7256         22  0.000e+00
       5135 290.702244  -39.96858  -54.99504      0.197       0.00      2.551      2.532     6.7776     6.7785     0.0009     6.7774     6.7783     0.0009   3.424668   3.425220   0.000552    34.0766    34.0818     7.1201    26.7216    26.7256         22  0.000e+00
       5136 290.702245  -39.96858  -54.99504      0.207       0.00      2.599      2.579     6.7775     6.7786     0.0012     6.7772     6.7784     0.0012   3.424636   3.425251   0.000616    34.0764    34.0820     7.1198    26.7215    26.7257         22  0.000e+00
       5137 290.702245  -39.96858  -54.99504      0.215       0.00      2.599      2.579     6.7773     6.7788     0.0015     6.7771     6.7785     0.0015   3.424642   3.425307   0.000665    34.0766    34.0825     7.1199    26.7217    26.7261         22  0.000e+00
       5138 290.702246  -39.96858  -54.99504      0.225       0.00      2.647      2.627     6.7773     6.7788     0.0015     6.7770     6.7785     0.0015   3.424649   3.425326   0.000677    34.0767    34.0826     7.1200    26.7217    26.7262         22  0.000e+00
       5139 290.702246  -39.96858  -54.99504      0.232       0.00      2.647      2.627     6.7769     6.7785     0.0015     6.7767     6.7782     0.0015   3.424590   3.425326   0.000736    34.0763    34.0829     7.1202    26.7215    26.7265         22  0.000e+00
       5140 290.702247  -39.96858  -54.99504      0.233       0.00      2.647      2.627     6.7768     6.7792     0.0024     6.7766     6.7789     0.0024   3.424578   3.425301   0.000724    34.0764    34.0820     7.1204    26.7215    26.7257         22  0.000e+00
       5141 290.702247  -39.96858  -54.99504      0.251       0.00      2.702      2.681     6.7766     6.7798     0.0031     6.7764     6.7795     0.0031   3.424558   3.425314   0.000756    34.0763    34.0815     7.1206    26.7215    26.7252         22  0.000e+00
       5142 290.702248  -39.96858  -54.99504      0.257       0.00      2.702      2.681     6.7764     6.7790     0.0025     6.7762     6.7787     0.0025   3.424513   3.425326   0.000813    34.0760    34.0824     7.1253    26.7213    26.7261         22  0.000e+00
       5143 290.702248  -39.96858  -54.99504      0.265       0.00      2.702      2.681     6.7763     6.7785     0.0022     6.7761     6.7782     0.0022   3.424519   3.425276   0.000757    34.0761    34.0824     7.1264    26.7214    26.7261         22  0.000e+00
       5144 290.702249  -39.96858  -54.99504      0.274       0.00      2.804      2.783     6.7758     6.7783     0.0025     6.7756     6.7781     0.0025   3.424474   3.425214   0.000740    34.0761    34.0818     7.1272    26.7215    26.7256         22  0.000e+00
       5145 290.702249  -39.96858  -54.99504      0.282       0.00      2.750      2.729     6.7752     6.7764     0.0012     6.7749     6.7761     0.0012   3.424422   3.425059   0.000637    34.0762    34.0820     7.1279    26.7216    26.7261         22  0.000e+00
       5146 290.702250  -39.96858  -54.99504      0.288       0.00      2.750      2.729     6.7750     6.7759     0.0010     6.7747     6.7757     0.0010   3.424377   3.425015   0.000638    34.0759    34.0820     7.1286    26.7214    26.7261         22  0.000e+00
       5147 290.702250  -39.96858  -54.99504      0.298       0.00      2.852      2.830     6.7747     6.7760     0.0014     6.7744     6.7758     0.0014   3.424370   3.425015   0.000645    34.0761    34.0818     7.1294    26.7216    26.7260         22  0.000e+00
       5148 290.702251  -39.96858  -54.99504      0.305       0.00      2.804      2.783     6.7745     6.7754     0.0009     6.7743     6.7751     0.0009   3.424429   3.424990   0.000562    34.0769    34.0822     7.1260    26.7223    26.7264         22  0.000e+00
       5149 290.702251  -39.96858  -54.99504      0.313       0.00      2.852      2.830     6.7752     6.7757     0.0005     6.7749     6.7755     0.0005   3.424526   3.425028   0.000502    34.0773    34.0823     7.1257    26.7225    26.7264         22  0.000e+00
       5150 290.702252  -39.96858  -54.99504      0.322       0.00      2.852      2.830     6.7777     6.7759    -0.0018     6.7775     6.7756    -0.0018   3.424804   3.424996   0.000192    34.0778    34.0818     7.1254    26.7226    26.7260         22  0.000e+00
       5151 290.702252  -39.96858  -54.99504      0.326       0.00      2.852      2.830     6.7797     6.7764    -0.0034     6.7795     6.7761    -0.0034   3.425089   3.425096   0.000007    34.0790    34.0824     7.1248    26.7232    26.7264         22  0.000e+00
       5152 290.702253  -39.96858  -54.99504      0.335       0.00      2.900      2.878     6.7823     6.7785    -0.0038     6.7820     6.7782    -0.0038   3.425323   3.425370   0.000047    34.0790    34.0833     7.1246    26.7229    26.7268         22  0.000e+00
       5153 290.702253  -39.96858  -54.99504      0.342       0.00      2.900      2.878     6.7847     6.7819    -0.0028     6.7844     6.7816    -0.0028   3.425452   3.425749   0.000297    34.0780    34.0841     7.1285    26.7218    26.7270         22  0.000e+00
       5154 290.702254  -39.96858  -54.99504      0.348       0.00      2.900      2.878     6.7857     6.7848    -0.0009     6.7855     6.7845    -0.0009   3.425439   3.426054   0.000615    34.0769    34.0846     7.1290    26.7208    26.7270         22  0.000e+00
       5155 290.702254  -39.96858  -54.99504      0.355       0.00      2.955      2.932     6.7859     6.7880     0.0022     6.7856     6.7878     0.0022   3.425465   3.426334   0.000869    34.0770    34.0844     7.1293    26.7208    26.7264         22  0.000e+00
       5156 290.702255  -39.96858  -54.99504      0.360       0.00      2.955      2.932     6.7864     6.7913     0.0049     6.7861     6.7910     0.0049   3.425543   3.426515   0.000972    34.0773    34.0832     7.1299    26.7210    26.7250         22  0.000e+00
       5157 290.702255  -39.96858  -54.99504      0.364       0.00      2.955      2.932     6.7879     6.7922     0.0044     6.7876     6.7920     0.0044   3.425698   3.426577   0.000879    34.0776    34.0829     7.1303    26.7210    26.7247         23  0.000e+00
       5158 290.702255  -39.96858  -54.99504      0.369       0.00      2.955      2.932     6.7901     6.7924     0.0023     6.7898     6.7922     0.0023   3.425860   3.426515   0.000655    34.0771    34.0821     7.1306    26.7204    26.7239         23  0.000e+00
       5159 290.702256  -39.96858  -54.99504      0.372       0.00      3.003      2.980     6.7914     6.7921     0.0007     6.7912     6.7918     0.0007   3.425951   3.426515   0.000564    34.0768    34.0824     7.1306    26.7199    26.7242         23  0.000e+00
       5160 290.702256  -39.96858  -54.99504      0.380       0.00      3.051      3.027     6.7921     6.7924     0.0003     6.7918     6.7921     0.0003   3.426009   3.426502   0.000493    34.0767    34.0819     7.1307    26.7198    26.7238         23  0.000e+00
       5161 290.702257  -39.96858  -54.99504      0.385       0.00      3.003      2.980     6.7926     6.7924    -0.0002     6.7923     6.7921    -0.0002   3.426003   3.426471   0.000468    34.0762    34.0816     7.1308    26.7193    26.7235         23  0.000e+00
       5162 290.702257  -39.96858  -54.99504      0.383       0.00      3.003      2.980     6.7926     6.7924    -0.0002     6.7923     6.7921    -0.0002   3.425951   3.426465   0.000514    34.0757    34.0815     7.1270    26.7189    26.7235         23  0.000e+00
       5163 290.702258  -39.96858  -54.99504      0.388       0.00      3.051      3.027     6.7924     6.7929     0.0005     6.7921     6.7926     0.0005   3.425906   3.426440   0.000535    34.0753    34.0807     7.1268    26.7187    26.7228         23  0.000e+00
       5164 290.702258  -39.96858  -54.99504      0.386       0.00      3.003      2.980     6.7920     6.7924     0.0005     6.7917     6.7921     0.0005   3.425925   3.426434   0.000509    34.0760    34.0811     7.1265    26.7192    26.7232         23  0.000e+00
       5165 290.702259  -39.96858  -54.99504      0.387       0.00      3.051      3.027     6.7926     6.7927     0.0001     6.7923     6.7924     0.0001   3.425938   3.426453   0.000515    34.0755    34.0810     7.1262    26.7187    26.7231         23  0.000e+00
       5166 290.702259  -39.96858  -54.99504      0.387       0.00      3.051      3.027     6.7927     6.7924    -0.0003     6.7925     6.7921    -0.0003   3.425977   3.426465   0.000488    34.0758    34.0815     7.1259    26.7189    26.7235         23  0.000e+00
       5167 290.702260  -39.96858  -54.99504      0.382       0.00      3.051      3.027     6.7903     6.7916     0.0013     6.7900     6.7913     0.0013   3.425692   3.426440   0.000748    34.0750    34.0820     7.1261    26.7187    26.7240         23  0.000e+00
       5168 290.702260  -39.96858  -54.99504      0.382       0.00      3.051      3.027     6.7880     6.7908     0.0028     6.7877     6.7905     0.0028   3.425361   3.426291   0.000929    34.0737    34.0812     7.1263    26.7179    26.7235         23  0.000e+00
       5169 290.702261  -39.96858  -54.99504      0.377       0.00      3.051      3.027     6.7872     6.7892     0.0020     6.7869     6.7889     0.0020   3.425368   3.426135   0.000767    34.0745    34.0811     7.1261    26.7187    26.7236         23  0.000e+00
       5170 290.702261  -39.96858  -54.99504      0.373       0.00      3.051      3.027     6.7869     6.7882     0.0013     6.7867     6.7879     0.0013   3.425381   3.426073   0.000692    34.0749    34.0813     7.1259    26.7191    26.7239         23  0.000e+00
       5171 290.702262  -39.96858  -54.99504      0.370       0.00      3.085      3.061     6.7865     6.7879     0.0013     6.7863     6.7876     0.0013   3.425400   3.426017   0.000617    34.0755    34.0810     7.1297    26.7196    26.7238         23  0.000e+00
