Pos-Processados/process_op38/operantar38_024.ros
* Sea-Bird SBE 9 Data File:
* FileName = D:\OPERANTAR_XXXVIII\DADOS\OP38_024.hdr
* Software Version Seasave V 7.18c
* Temperature SN = 4808
* Conductivity SN = 3380
* Number of Bytes Per Scan = 34
* Number of Voltage Words = 3
* Number of Scans Averaged by the Deck Unit = 1
* NMEA Latitude = 62 13.17 S
* NMEA Longitude = 058 22.76 W
* NMEA UTC (Time) = Nov 22 2019 19:55:17
** H41
** NAVIO POLAR ALMIRANTE MAXIMIANO
** CRUZEIRO:
** OPERANTAR XXXVIII
** ESTAÇÃO: OP38_024
** LAT 62 13,16'S
** LONG 058 22,74'W
** 09P73767-1155_A
** PROFUNDIDADE: 292
** DATA/HORA: 221955Z/NOV/2019
** OPERADOR: SO-HN CHAVES
# nquan = 26
# nvalues = 1425                                  
# units = specified
# name 0 = scan: Scan Count
# name 1 = timeJ: Julian Days
# name 2 = latitude: Latitude [deg]
# name 3 = longitude: Longitude [deg]
# name 4 = dz/dtM: Descent Rate [m/s]
# name 5 = avgsvCM: Average Sound Velocity [Chen-Millero, m/s]
# name 6 = prDM: Pressure, Digiquartz [db]
# name 7 = depSM: Depth [salt water, m]
# name 8 = t090C: Temperature [ITS-90, deg C]
# name 9 = t190C: Temperature, 2 [ITS-90, deg C]
# name 10 = T2-T190C: Temperature Difference, 2 - 1 [ITS-90, deg C]
# name 11 = potemp090C: Potential Temperature [ITS-90, deg C]
# name 12 = potemp190C: Potential Temperature, 2 [ITS-90, deg C]
# name 13 = potemp90Cdiff: Potential Temperature, Diff, 2 - 1 [ITS-90, deg C]
# name 14 = c0S/m: Conductivity [S/m]
# name 15 = c1S/m: Conductivity, 2 [S/m]
# name 16 = C2-C1S/m: Conductivity Difference, 2 - 1 [S/m]
# name 17 = sal00: Salinity, Practical [PSU]
# name 18 = sal11: Salinity, Practical, 2 [PSU]
# name 19 = sbeox0ML/L: Oxygen, SBE 43 [ml/l]
# name 20 = sbeox1ML/L: Oxygen, SBE 43, 2 [ml/l]
# name 21 = sbeox0ML/Ldiff: Oxygen, SBE 43, Diff, 2 - 1 [ml/l]
# name 22 = sigma-é00: Density [sigma-theta, kg/m^3]
# name 23 = sigma-é11: Density, 2 [sigma-theta, kg/m^3]
# name 24 = nbf: Bottles Fired
# name 25 = flag:  0.000e+00
# interval = seconds: 0.0416667
# start_time = Nov 22 2019 19:55:17 [NMEA time, header]
# bad_flag = -9.990e-29
*END*
[from data line 948]
      19370 326.839399  -62.21964  -58.37924     -0.068    1448.21      3.017      2.988    -0.2617    -0.2666    -0.0049    -0.2618    -0.2667    -0.0049   2.819046   2.819007  -0.000039    34.1672    34.1722     7.6596     7.3969    -0.2627    27.4469    27.4511          6  0.000e+00
      19371 326.839399  -62.21964  -58.37924     -0.065    1448.21      3.017      2.988    -0.2618    -0.2676    -0.0057    -0.2619    -0.2677    -0.0057   2.819022   2.819013  -0.000009    34.1670    34.1733     7.6685     7.3970    -0.2715    27.4467    27.4521          6  0.000e+00
      19372 326.839400  -62.21964  -58.37924     -0.059    1448.21      3.065      3.035    -0.2617    -0.2696    -0.0078    -0.2618    -0.2697    -0.0078   2.819034   2.818955  -0.000079    34.1670    34.1747     7.6730     7.3974    -0.2755    27.4467    27.4534          6  0.000e+00
      19373 326.839400  -62.21964  -58.37924     -0.055    1448.21      3.017      2.988    -0.2617    -0.2703    -0.0086    -0.2618    -0.2704    -0.0086   2.819058   2.818972  -0.000085    34.1673    34.1759     7.6687     7.3964    -0.2723    27.4470    27.4543          6  0.000e+00
      19374 326.839401  -62.21964  -58.37924     -0.050    1448.21      3.017      2.988    -0.2616    -0.2697    -0.0082    -0.2616    -0.2698    -0.0082   2.819064   2.818955  -0.000109    34.1672    34.1749     7.6630     7.3964    -0.2666    27.4469    27.4535          6  0.000e+00
      19375 326.839401  -62.21964  -58.37924     -0.049    1448.21      3.017      2.988    -0.2616    -0.2699    -0.0083    -0.2617    -0.2700    -0.0083   2.819046   2.818874  -0.000172    34.1670    34.1740     7.6667     7.3965    -0.2701    27.4468    27.4528          6  0.000e+00
      19376 326.839402  -62.21964  -58.37924     -0.047    1448.21      3.017      2.988    -0.2617    -0.2705    -0.0088    -0.2618    -0.2706    -0.0088   2.819040   2.818857  -0.000183    34.1671    34.1745     7.6668     7.4014    -0.2654    27.4468    27.4532          6  0.000e+00
      19377 326.839402  -62.21964  -58.37924     -0.041    1448.21      3.065      3.035    -0.2618    -0.2700    -0.0082    -0.2619    -0.2701    -0.0082   2.819022   2.818834  -0.000188    34.1669    34.1736     7.6611     7.4014    -0.2597    27.4467    27.4525          6  0.000e+00
      19378 326.839402  -62.21964  -58.37924     -0.039    1448.21      3.017      2.988    -0.2618    -0.2708    -0.0090    -0.2619    -0.2709    -0.0090   2.819034   2.818828  -0.000206    34.1671    34.1744     7.6655     7.3958    -0.2697    27.4469    27.4532          6  0.000e+00
      19379 326.839403  -62.21964  -58.37924     -0.037    1448.21      3.017      2.988    -0.2621    -0.2708    -0.0087    -0.2622    -0.2709    -0.0087   2.819040   2.818851  -0.000189    34.1675    34.1748     7.6664     7.3946    -0.2717    27.4471    27.4534          6  0.000e+00
      19380 326.839403  -62.21964  -58.37924     -0.034    1448.21      3.017      2.988    -0.2620    -0.2720    -0.0100    -0.2621    -0.2721    -0.0100   2.819040   2.818857  -0.000183    34.1674    34.1762     7.6606     7.3949    -0.2658    27.4471    27.4547          6  0.000e+00
      19381 326.839404  -62.21964  -58.37924     -0.032    1448.21      3.017      2.988    -0.2618    -0.2720    -0.0102    -0.2619    -0.2721    -0.0102   2.819058   2.818880  -0.000178    34.1675    34.1765     7.6693     7.4007    -0.2686    27.4471    27.4549          6  0.000e+00
      19382 326.839404  -62.21964  -58.37924     -0.029    1448.21      3.017      2.988    -0.2616    -0.2710    -0.0094    -0.2616    -0.2711    -0.0094   2.819064   2.818822  -0.000242    34.1672    34.1746     7.6607     7.4018    -0.2590    27.4469    27.4533          6  0.000e+00
      19383 326.839405  -62.21964  -58.37924     -0.028    1448.21      3.017      2.988    -0.2614    -0.2677    -0.0063    -0.2615    -0.2678    -0.0063   2.819046   2.818805  -0.000241    34.1668    34.1707     7.6644     7.3955    -0.2689    27.4465    27.4500          6  0.000e+00
      19384 326.839405  -62.21964  -58.37924     -0.025    1448.21      3.017      2.988    -0.2616    -0.2660    -0.0044    -0.2617    -0.2661    -0.0044   2.819040   2.818845  -0.000194    34.1670    34.1693     7.6696     7.4011    -0.2685    27.4467    27.4488          6  0.000e+00
      19385 326.839406  -62.21964  -58.37924     -0.023    1448.21      3.037      3.008    -0.2614    -0.2666    -0.0052    -0.2615    -0.2667    -0.0052   2.819040   2.818776  -0.000264    34.1667    34.1690     7.6661     7.4024    -0.2637    27.4465    27.4486          6  0.000e+00
      19386 326.839406  -62.21964  -58.37924     -0.023    1448.21      3.017      2.988    -0.2616    -0.2676    -0.0060    -0.2616    -0.2677    -0.0060   2.819076   2.818811  -0.000265    34.1674    34.1706     7.6611     7.3968    -0.2643    27.4470    27.4499          6  0.000e+00
      19387 326.839407  -62.21964  -58.37924     -0.019    1448.21      3.017      2.988    -0.2616    -0.2688    -0.0072    -0.2616    -0.2689    -0.0072   2.819052   2.818764  -0.000287    34.1670    34.1713     7.6699     7.3972    -0.2727    27.4468    27.4506          6  0.000e+00
      19388 326.839407  -62.21964  -58.37922     -0.021    1448.21      3.017      2.988    -0.2613    -0.2685    -0.0072    -0.2614    -0.2686    -0.0072   2.819040   2.818764  -0.000275    34.1666    34.1710     7.6656     7.3973    -0.2683    27.4464    27.4503          6  0.000e+00
      19389 326.839408  -62.21964  -58.37922     -0.017    1448.21      3.017      2.988    -0.2620    -0.2688    -0.0068    -0.2621    -0.2689    -0.0068   2.819058   2.818816  -0.000241    34.1676    34.1720     7.6614     7.3975    -0.2640    27.4473    27.4512          6  0.000e+00
      19390 326.839408  -62.21964  -58.37922     -0.016    1448.21      3.017      2.988    -0.2623    -0.2682    -0.0059    -0.2624    -0.2683    -0.0059   2.819064   2.818764  -0.000299    34.1681    34.1707     7.6652     7.3976    -0.2675    27.4476    27.4500          6  0.000e+00
      19391 326.839409  -62.21964  -58.37922     -0.014    1448.21      3.017      2.988    -0.2629    -0.2680    -0.0051    -0.2630    -0.2681    -0.0051   2.819046   2.818764  -0.000281    34.1685    34.1705     7.6704     7.3979    -0.2726    27.4480    27.4498          6  0.000e+00
      19392 326.839409  -62.21964  -58.37922     -0.016    1448.21      3.017      2.988    -0.2633    -0.2694    -0.0061    -0.2634    -0.2695    -0.0061   2.819040   2.818718  -0.000322    34.1688    34.1714     7.6619     7.3985    -0.2635    27.4483    27.4507          6  0.000e+00
      19393 326.839410  -62.21964  -58.37922     -0.011    1448.21      3.065      3.035    -0.2626    -0.2727    -0.0100    -0.2627    -0.2728    -0.0100   2.819040   2.818695  -0.000345    34.1681    34.1747     7.6656     7.3994    -0.2661    27.4477    27.4535          6  0.000e+00
      19394 326.839410  -62.21964  -58.37922     -0.010    1448.21      3.017      2.988    -0.2620    -0.2728    -0.0108    -0.2621    -0.2729    -0.0108   2.819040   2.818759  -0.000281    34.1674    34.1758     7.6706     7.3986    -0.2719    27.4471    27.4544          6  0.000e+00
      19395 326.839411  -62.21964  -58.37922     -0.011    1448.21      3.017      2.988    -0.2618    -0.2720    -0.0102    -0.2619    -0.2721    -0.0102   2.819040   2.818712  -0.000327    34.1672    34.1743     7.6670     7.3978    -0.2692    27.4469    27.4531          6  0.000e+00
      19396 326.839411  -62.21964  -58.37922     -0.008    1448.21      3.017      2.988    -0.2631    -0.2707    -0.0075    -0.2632    -0.2708    -0.0075   2.818998   2.818776  -0.000222    34.1681    34.1736     7.6631     7.4025    -0.2606    27.4477    27.4525          6  0.000e+00
      19397 326.839412  -62.21964  -58.37922     -0.009    1448.21      3.017      2.988    -0.2642    -0.2711    -0.0069    -0.2643    -0.2712    -0.0069   2.818944   2.818764  -0.000179    34.1686    34.1739     7.6721     7.3983    -0.2737    27.4481    27.4528          6  0.000e+00
      19398 326.839412  -62.21964  -58.37922     -0.008    1448.21      3.065      3.035    -0.2653    -0.2727    -0.0074    -0.2654    -0.2728    -0.0074   2.818913   2.818730  -0.000184    34.1694    34.1752     7.6732     7.4037    -0.2695    27.4488    27.4539          6  0.000e+00
      19399 326.839413  -62.21964  -58.37922     -0.006    1448.21      3.017      2.988    -0.2662    -0.2714    -0.0052    -0.2663    -0.2715    -0.0052   2.818847   2.818788  -0.000060    34.1696    34.1746     7.6648     7.3980    -0.2668    27.4490    27.4533          6  0.000e+00
      19400 326.839413  -62.21964  -58.37922     -0.004    1448.21      3.017      2.988    -0.2673    -0.2702    -0.0029    -0.2674    -0.2703    -0.0029   2.818811   2.818724  -0.000087    34.1703    34.1724     7.6702     7.3970    -0.2732    27.4497    27.4515          6  0.000e+00
      19401 326.839414  -62.21964  -58.37922     -0.005    1448.21      3.017      2.988    -0.2678    -0.2697    -0.0019    -0.2679    -0.2698    -0.0019   2.818805   2.818678  -0.000127    34.1707    34.1712     7.6748     7.3962    -0.2786    27.4501    27.4505          6  0.000e+00
      19402 326.839414  -62.21964  -58.37922     -0.003    1448.21      3.017      2.988    -0.2670    -0.2694    -0.0024    -0.2671    -0.2695    -0.0024   2.818781   2.818672  -0.000109    34.1695    34.1708     7.6653     7.3954    -0.2700    27.4490    27.4502          6  0.000e+00
      19403 326.839415  -62.21964  -58.37922     -0.001    1448.21      3.065      3.035    -0.2664    -0.2692    -0.0029    -0.2665    -0.2693    -0.0029   2.818757   2.818649  -0.000108    34.1685    34.1703     7.6705     7.3946    -0.2759    27.4482    27.4498          6  0.000e+00
      19404 326.839415  -62.21964  -58.37922      0.002    1448.21      3.037      3.008    -0.2665    -0.2707    -0.0041    -0.2666    -0.2708    -0.0041   2.818709   2.818684  -0.000025    34.1680    34.1723     7.6707     7.3940    -0.2767    27.4478    27.4515          6  0.000e+00
      19405 326.839416  -62.21964  -58.37922      0.001    1448.21      3.017      2.988    -0.2665    -0.2710    -0.0045    -0.2666    -0.2711    -0.0045   2.818733   2.818695  -0.000038    34.1684    34.1729     7.6599     7.4001    -0.2598    27.4481    27.4519          6  0.000e+00
      19406 326.839416  -62.21964  -58.37922      0.003    1448.21      3.065      3.035    -0.2662    -0.2714    -0.0052    -0.2663    -0.2715    -0.0052   2.818745   2.818730  -0.000015    34.1682    34.1738     7.6687     7.4017    -0.2670    27.4479    27.4527          6  0.000e+00
      19407 326.839416  -62.21964  -58.37922      0.002    1448.21      3.017      2.988    -0.2659    -0.2719    -0.0060    -0.2660    -0.2720    -0.0060   2.818769   2.818811   0.000042    34.1682    34.1754     7.6696     7.4032    -0.2664    27.4479    27.4541          6  0.000e+00
      19408 326.839417  -62.21964  -58.37922      0.006    1448.21      3.065      3.035    -0.2658    -0.2696    -0.0038    -0.2659    -0.2697    -0.0038   2.818775   2.818851   0.000076    34.1680    34.1733     7.6589     7.3985    -0.2604    27.4478    27.4522          6  0.000e+00
      19409 326.839417  -62.21964  -58.37922      0.005    1448.21      3.017      2.988    -0.2651    -0.2679    -0.0027    -0.2652    -0.2680    -0.0027   2.818793   2.818920   0.000127    34.1676    34.1724     7.6669     7.3986    -0.2683    27.4474    27.4514          6  0.000e+00
      19410 326.839418  -62.21964  -58.37922      0.007    1448.21      3.065      3.035    -0.2647    -0.2677    -0.0030    -0.2648    -0.2678    -0.0030   2.818859   2.818892   0.000032    34.1679    34.1718     7.6619     7.3991    -0.2629    27.4476    27.4509          6  0.000e+00
      19411 326.839418  -62.21964  -58.37922      0.012    1448.21      3.065      3.035    -0.2640    -0.2680    -0.0040    -0.2641    -0.2681    -0.0040   2.818919   2.818897  -0.000022    34.1680    34.1722     7.6613     7.3996    -0.2617    27.4477    27.4513          6  0.000e+00
      19412 326.839419  -62.21964  -58.37922      0.007    1448.21      3.017      2.988    -0.2637    -0.2683    -0.0046    -0.2638    -0.2684    -0.0046   2.818913   2.819013   0.000100    34.1677    34.1741     7.6650     7.4001    -0.2649    27.4474    27.4528          6  0.000e+00
      19413 326.839419  -62.21964  -58.37922      0.008    1448.21      3.065      3.035    -0.2629    -0.2679    -0.0049    -0.2630    -0.2680    -0.0049   2.818962   2.819019   0.000057    34.1674    34.1737     7.6601     7.4007    -0.2594    27.4471    27.4524          6  0.000e+00
      19414 326.839420  -62.21964  -58.37922      0.013    1448.21      3.065      3.035    -0.2620    -0.2674    -0.0054    -0.2621    -0.2675    -0.0054   2.818968   2.819111   0.000144    34.1664    34.1744     7.6602     7.4000    -0.2602    27.4463    27.4530          6  0.000e+00
      19415 326.839420  -62.21964  -58.37922      0.015    1448.21      3.065      3.035    -0.2616    -0.2668    -0.0052    -0.2616    -0.2669    -0.0052   2.819058   2.819111   0.000053    34.1671    34.1737     7.6647     7.3994    -0.2653    27.4468    27.4524          6  0.000e+00
      19416 326.839421  -62.21964  -58.37922      0.017    1448.21      3.065      3.035    -0.2607    -0.2660    -0.0053    -0.2608    -0.2661    -0.0053   2.819112   2.819117   0.000005    34.1669    34.1729     7.6591     7.3988    -0.2603    27.4466    27.4517          6  0.000e+00
      19417 326.839421  -62.21964  -58.37922      0.018    1448.21      3.065      3.035    -0.2602    -0.2657    -0.0055    -0.2603    -0.2658    -0.0055   2.819256   2.819244  -0.000012    34.1682    34.1742     7.6635     7.3981    -0.2654    27.4476    27.4528          6  0.000e+00
      19418 326.839422  -62.21964  -58.37922      0.019    1448.21      3.065      3.035    -0.2602    -0.2658    -0.0057    -0.2603    -0.2659    -0.0057   2.819323   2.819302  -0.000021    34.1691    34.1752     7.6646     7.3976    -0.2670    27.4484    27.4536          6  0.000e+00
      19419 326.839422  -62.21964  -58.37922      0.020    1448.21      3.065      3.035    -0.2597    -0.2654    -0.0057    -0.2598    -0.2655    -0.0057   2.819389   2.819325  -0.000064    34.1694    34.1750     7.6582     7.3970    -0.2612    27.4486    27.4533          6  0.000e+00
      19420 326.839423  -62.21964  -58.37922      0.021    1448.21      3.065      3.035    -0.2578    -0.2651    -0.0072    -0.2579    -0.2651    -0.0072   2.819431   2.819337  -0.000094    34.1679    34.1748     7.6625     7.3964    -0.2661    27.4473    27.4532          6  0.000e+00
      19421 326.839423  -62.21964  -58.37922      0.024    1448.21      3.065      3.035    -0.2562    -0.2651    -0.0089    -0.2563    -0.2652    -0.0089   2.819533   2.819331  -0.000202    34.1674    34.1747     7.6633     7.3959    -0.2674    27.4468    27.4531          6  0.000e+00
      19422 326.839424  -62.21964  -58.37922      0.028    1448.21      3.112      3.083    -0.2553    -0.2641    -0.0088    -0.2554    -0.2642    -0.0088   2.819629   2.819510  -0.000119    34.1677    34.1760     7.6584     7.3952    -0.2633    27.4470    27.4541          6  0.000e+00
      19423 326.839424  -62.21964  -58.37922      0.028    1448.21      3.065      3.035    -0.2547    -0.2620    -0.0073    -0.2548    -0.2621    -0.0073   2.819708   2.819620  -0.000088    34.1681    34.1751     7.6622     7.3942    -0.2680    27.4473    27.4533          6  0.000e+00
      19424 326.839425  -62.21964  -58.37922      0.033    1448.21      3.133      3.103    -0.2539    -0.2612    -0.0073    -0.2540    -0.2613    -0.0073   2.819732   2.819602  -0.000129    34.1675    34.1739     7.6625     7.3936    -0.2688    27.4468    27.4523          6  0.000e+00
