Pos-Processados/process_op38/operantar38_022.cnv
* Sea-Bird SBE 9 Data File:
* FileName = D:\OPERANTAR_XXXVIII\DADOS\OP38_022.hdr
* Software Version Seasave V 7.18c
* Temperature SN = 4808
* Conductivity SN = 3380
* Number of Bytes Per Scan = 34
* Number of Voltage Words = 3
* Number of Scans Averaged by the Deck Unit = 1
* NMEA Latitude = 62 12.34 S
* NMEA Longitude = 058 18.00 W
* NMEA UTC (Time) = Nov 22 2019 17:26:52
** H41
** NAVIO POLAR ALMIRANTE MAXIMIANO
** CRUZEIRO:
** OPERANTAR XXXVIII
** ESTAÇÃO: OP38_022
** LAT 62 12,33'S
** LONG 058 18,01'W
** 09P73767-1155_A
** PROFUNDIDADE: 200
** DATA/HORA: 221727Z/NOV/2019
** OPERADOR: SO-HN CHAVES
# nquan = 32
# nvalues = 319                         
# units = specified
# name 0 = scan: Scan Count
# name 1 = timeJ: Julian Days
# name 2 = latitude: Latitude [deg]
# name 3 = longitude: Longitude [deg]
# name 4 = dz/dtM: Descent Rate [m/s]
# name 5 = avgsvCM: Average Sound Velocity [Chen-Millero, m/s]
# name 6 = prDM: Pressure, Digiquartz [db]
# name 7 = depSM: Depth [salt water, m]
# name 8 = t090C: Temperature [ITS-90, deg C]
# name 9 = t190C: Temperature, 2 [ITS-90, deg C]
# name 10 = T2-T190C: Temperature Difference, 2 - 1 [ITS-90, deg C]
# name 11 = potemp090C: Potential Temperature [ITS-90, deg C]
# name 12 = potemp190C: Potential Temperature, 2 [ITS-90, deg C]
# name 13 = potemp90Cdiff: Potential Temperature, Diff, 2 - 1 [ITS-90, deg C]
# name 14 = c0S/m: Conductivity [S/m]
# name 15 = c1S/m: Conductivity, 2 [S/m]
# name 16 = C2-C1S/m: Conductivity Difference, 2 - 1 [S/m]
# name 17 = sal00: Salinity, Practical [PSU]
# name 18 = sal11: Salinity, Practical, 2 [PSU]
# name 19 = sbeox0ML/L: Oxygen, SBE 43 [ml/l]
# name 20 = sbeox1ML/L: Oxygen, SBE 43, 2 [ml/l]
# name 21 = sbeox0ML/Ldiff: Oxygen, SBE 43, Diff, 2 - 1 [ml/l]
# name 22 = sigma-é00: Density [sigma-theta, kg/m^3]
# name 23 = sigma-é11: Density, 2 [sigma-theta, kg/m^3]
# name 24 = sal00: Salinity, Practical [PSU]
# name 25 = sigma-é00: Density [sigma-theta, kg/m^3]
# name 26 = svCM: Sound Velocity [Chen-Millero, m/s]
# name 27 = svCM1: Sound Velocity, 2 [Chen-Millero, m/s]
# name 28 = gsw_ptA0: potential temperature [ITS-90, deg C]
# name 29 = gsw_densityA0: density, TEOS-10 [density, kg/m^3]
# name 30 = gsw_saA0: Absolute Salinity [g/kg]
# name 31 = flag:
# span 0 =       6928,      21572       
# span 1 = 326.730331, 326.737394       
# span 2 =  -62.20580,  -62.20578       
# span 3 =  -58.30022,  -58.30014       
# span 4 =     -0.792,      0.793       
# span 5 =       0.00,    1447.14       
# span 6 =      2.000,    161.000       
# span 7 =      1.984,    159.386       
# span 8 =    -0.6207,    -0.1534       
# span 9 =    -0.6204,    -0.1516       
# span 10 =    -0.0084,     0.0053      
# span 11 =    -0.6256,    -0.1535      
# span 12 =    -0.6252,    -0.1517      
# span 13 =    -0.0084,     0.0053      
# span 14 =   2.801078,   2.825232      
# span 15 =   2.801494,   2.825765      
# span 16 =  -0.000165,   0.000759      
# span 17 =    34.1280,    34.2507      
# span 18 =    34.1330,    34.2560      
# span 19 =     7.1906,     7.7114      
# span 20 =     6.8827,     7.4450      
# span 21 =    -0.3717,    -0.2159      
# span 22 =    27.4100,    27.5310      
# span 23 =    27.4139,    27.5352      
# span 24 =    34.1271,    34.2507      
# span 25 =    27.4098,    27.5309      
# span 26 =    1446.53,    1447.88      
# span 27 =    1446.53,    1447.88      
# span 28 =    -0.6254,    -0.1535      
# span 29 =  1027.4242,  1028.3062      
# span 30 =    34.2918,    34.4175      
# span 31 = 0.0000e+00, 0.0000e+00      
# interval = decibars: 1                
# start_time = Nov 22 2019 17:26:52 [NMEA time, header]
# bad_flag = -9.990e-29
*END*
[from data line 227]
      17290 326.735329  -62.20578  -58.30020     -0.639    1447.10     93.000     92.086    -0.5411    -0.5410     0.0001    -0.5439    -0.5439     0.0001   2.802288   2.802705   0.000414    34.2015    34.2070     7.4058     7.0879    -0.3179    27.4876    27.4921    34.2017    27.4877    1447.07    1447.08    -0.5439  1027.9375    34.3675 0.0000e+00
      17330 326.735348  -62.20578  -58.30020     -0.600    1447.10     92.000     91.097    -0.5405    -0.5404     0.0001    -0.5434    -0.5432     0.0001   2.802271   2.802686   0.000418    34.2013    34.2067     7.4051     7.1010    -0.3041    27.4874    27.4918    34.2014    27.4875    1447.06    1447.07    -0.5433  1027.9325    34.3672 0.0000e+00
      17373 326.735368  -62.20578  -58.30020     -0.570    1447.10     91.000     90.107    -0.5397    -0.5394     0.0002    -0.5424    -0.5422     0.0002   2.802276   2.802699   0.000419    34.2009    34.2063     7.4070     7.0927    -0.3143    27.4871    27.4914    34.2011    27.4872    1447.05    1447.06    -0.5424  1027.9274    34.3668 0.0000e+00
      17415 326.735389  -62.20578  -58.30020     -0.567    1447.10     90.000     89.117    -0.5385    -0.5372     0.0014    -0.5413    -0.5399     0.0014   2.802299   2.802797   0.000489    34.2006    34.2056     7.4113     7.0809    -0.3304    27.4867    27.4907    34.2007    27.4869    1447.04    1447.05    -0.5412  1027.9223    34.3665 0.0000e+00
      17453 326.735407  -62.20578  -58.30020     -0.620    1447.10     89.000     88.127    -0.5348    -0.5338     0.0010    -0.5375    -0.5365     0.0010   2.802504   2.802960   0.000464    34.1994    34.2045     7.4068     7.0956    -0.3112    27.4856    27.4897    34.1999    27.4860    1447.04    1447.05    -0.5374  1027.9166    34.3656 0.0000e+00
      17491 326.735425  -62.20578  -58.30020     -0.637    1447.10     88.000     87.137    -0.5318    -0.5314     0.0003    -0.5344    -0.5341     0.0003   2.802636   2.803056   0.000421    34.1985    34.2038     7.4104     7.0995    -0.3109    27.4848    27.4891    34.1989    27.4850    1447.03    1447.04    -0.5344  1027.9109    34.3646 0.0000e+00
      17529 326.735444  -62.20578  -58.30020     -0.631    1447.10     87.000     86.151    -0.5301    -0.5300     0.0001    -0.5327    -0.5326     0.0001   2.802701   2.803103   0.000407    34.1981    34.2035     7.4228     7.0988    -0.3239    27.4844    27.4887    34.1985    27.4846    1447.02    1447.03    -0.5327  1027.9057    34.3641 0.0000e+00
      17568 326.735462  -62.20578  -58.30020     -0.624    1447.10     86.000     85.153    -0.5254    -0.5245     0.0009    -0.5280    -0.5271     0.0009   2.802931   2.803391   0.000450    34.1963    34.2013     7.4278     7.1092    -0.3186    27.4827    27.4867    34.1969    27.4832    1447.03    1447.04    -0.5280  1027.8994    34.3625 0.0000e+00
      17609 326.735482  -62.20579  -58.30020     -0.577    1447.10     85.000     84.167    -0.5189    -0.5155     0.0034    -0.5215    -0.5181     0.0034   2.803219   2.803813   0.000591    34.1934    34.1975     7.4328     7.1128    -0.3200    27.4800    27.4832    34.1940    27.4805    1447.04    1447.06    -0.5214  1027.8920    34.3596 0.0000e+00
      17650 326.735502  -62.20580  -58.30020     -0.585    1447.10     84.000     83.177    -0.5138    -0.5143    -0.0006    -0.5163    -0.5169    -0.0006   2.803438   2.803819   0.000386    34.1912    34.1970     7.4484     7.1176    -0.3308    27.4781    27.4828    34.1918    27.4786    1447.04    1447.05    -0.5163  1027.8852    34.3574 0.0000e+00
      17686 326.735520  -62.20578  -58.30020     -0.652    1447.10     83.000     82.187    -0.5128    -0.5127     0.0000    -0.5153    -0.5153     0.0000   2.803423   2.803834   0.000415    34.1907    34.1963     7.4609     7.1274    -0.3335    27.4776    27.4821    34.1911    27.4779    1447.03    1447.04    -0.5153  1027.8798    34.3567 0.0000e+00
      17723 326.735537  -62.20578  -58.30020     -0.659    1447.10     82.000     81.197    -0.5138    -0.5138    -0.0001    -0.5163    -0.5164    -0.0001   2.803337   2.803740   0.000405    34.1914    34.1969     7.4644     7.1449    -0.3195    27.4782    27.4827    34.1917    27.4785    1447.01    1447.02    -0.5163  1027.8755    34.3573 0.0000e+00
      17763 326.735557  -62.20578  -58.30020     -0.599    1447.10     81.000     80.207    -0.5147    -0.5146     0.0001    -0.5172    -0.5171     0.0001   2.803247   2.803658   0.000412    34.1920    34.1974     7.4630     7.1464    -0.3166    27.4787    27.4831    34.1922    27.4789    1446.99    1447.00    -0.5171  1027.8711    34.3577 0.0000e+00
      17802 326.735575  -62.20578  -58.30020     -0.612    1447.10     80.000     79.217    -0.5151    -0.5148     0.0003    -0.5175    -0.5173     0.0003   2.803181   2.803606   0.000423    34.1922    34.1976     7.4597     7.1453    -0.3144    27.4789    27.4832    34.1924    27.4790    1446.97    1446.98    -0.5175  1027.8665    34.3579 0.0000e+00
      17837 326.735592  -62.20578  -58.30019     -0.675    1447.10     79.000     78.227    -0.5150    -0.5152    -0.0002    -0.5174    -0.5176    -0.0002   2.803159   2.803543   0.000389    34.1923    34.1978     7.4631     7.1469    -0.3162    27.4790    27.4834    34.1925    27.4791    1446.96    1446.96    -0.5174  1027.8618    34.3580 0.0000e+00
      17874 326.735610  -62.20578  -58.30020     -0.665    1447.10     78.000     77.237    -0.5139    -0.5136     0.0003    -0.5163    -0.5160     0.0003   2.803177   2.803610   0.000430    34.1920    34.1974     7.4659     7.1459    -0.3199    27.4787    27.4831    34.1921    27.4788    1446.95    1446.95    -0.5162  1027.8567    34.3576 0.0000e+00
      17914 326.735629  -62.20578  -58.30020     -0.599    1447.10     77.000     76.250    -0.5135    -0.5132     0.0004    -0.5159    -0.5156     0.0004   2.803156   2.803580   0.000424    34.1920    34.1973     7.4586     7.1335    -0.3252    27.4787    27.4830    34.1921    27.4787    1446.93    1446.94    -0.5158  1027.8518    34.3575 0.0000e+00
      17952 326.735648  -62.20578  -58.30020     -0.619    1447.10     76.000     75.252    -0.5137    -0.5136     0.0001    -0.5160    -0.5160     0.0001   2.803084   2.803498   0.000415    34.1919    34.1974     7.4550     7.1368    -0.3182    27.4786    27.4831    34.1919    27.4786    1446.91    1446.92    -0.5160  1027.8469    34.3574 0.0000e+00
      17986 326.735664  -62.20578  -58.30020     -0.694    1447.10     75.000     74.267    -0.5146    -0.5144     0.0003    -0.5169    -0.5166     0.0003   2.802971   2.803402   0.000431    34.1921    34.1976     7.4577     7.1390    -0.3187    27.4788    27.4832    34.1921    27.4788    1446.89    1446.90    -0.5169  1027.8423    34.3575 0.0000e+00
      18020 326.735680  -62.20578  -58.30020     -0.718    1447.10     74.000     73.277    -0.5150    -0.5149     0.0002    -0.5173    -0.5171     0.0002   2.802908   2.803324   0.000415    34.1922    34.1976     7.4573     7.1403    -0.3170    27.4789    27.4833    34.1923    27.4790    1446.87    1446.88    -0.5172  1027.8377    34.3577 0.0000e+00
      18057 326.735698  -62.20578  -58.30020     -0.666    1447.10     73.000     72.289    -0.5119    -0.5126    -0.0007    -0.5141    -0.5148    -0.0007   2.803047   2.803394   0.000354    34.1910    34.1966     7.4580     7.1350    -0.3231    27.4778    27.4823    34.1912    27.4780    1446.87    1446.88    -0.5141  1027.8319    34.3566 0.0000e+00
      18096 326.735717  -62.20578  -58.30020     -0.615    1447.10     72.000     71.294    -0.5040    -0.5050    -0.0010    -0.5062    -0.5072    -0.0010   2.803515   2.803843   0.000329    34.1884    34.1940     7.4563     7.1333    -0.3230    27.4754    27.4799    34.1892    27.4760    1446.89    1446.89    -0.5062  1027.8251    34.3546 0.0000e+00
      18131 326.735734  -62.20578  -58.30020     -0.661    1447.10     71.000     70.306    -0.4966    -0.4976    -0.0010    -0.4988    -0.4998    -0.0010   2.803848   2.804208   0.000359    34.1854    34.1913     7.4660     7.1367    -0.3294    27.4726    27.4774    34.1860    27.4730    1446.90    1446.91    -0.4987  1027.8174    34.3513 0.0000e+00
      18165 326.735750  -62.20578  -58.30020     -0.716    1447.10     70.000     69.316    -0.4937    -0.4987    -0.0050    -0.4958    -0.5008    -0.0050   2.803943   2.804040   0.000137    34.1841    34.1916     7.4816     7.1414    -0.3402    27.4714    27.4776    34.1846    27.4718    1446.90    1446.88    -0.4958  1027.8113    34.3499 0.0000e+00
      18199 326.735767  -62.20578  -58.30020     -0.697    1447.10     69.000     68.328    -0.4930    -0.4983    -0.0053    -0.4951    -0.5004    -0.0053   2.803950   2.804094   0.000131    34.1840    34.1917     7.4926     7.1471    -0.3454    27.4713    27.4777    34.1845    27.4717    1446.89    1446.87    -0.4951  1027.8064    34.3498 0.0000e+00
      18234 326.735784  -62.20578  -58.30020     -0.685    1447.10     68.000     67.334    -0.4910    -0.4913    -0.0004    -0.4931    -0.4934    -0.0004   2.804009   2.804394   0.000381    34.1831    34.1887     7.4987     7.1572    -0.3415    27.4705    27.4750    34.1836    27.4709    1446.88    1446.88    -0.4930  1027.8008    34.3489 0.0000e+00
      18268 326.735800  -62.20578  -58.30020     -0.708    1447.10     67.000     66.346    -0.4898    -0.4900    -0.0002    -0.4918    -0.4920    -0.0002   2.804012   2.804408   0.000390    34.1826    34.1880     7.4988     7.1668    -0.3320    27.4700    27.4744    34.1829    27.4703    1446.87    1446.87    -0.4918  1027.7954    34.3482 0.0000e+00
      18302 326.735817  -62.20578  -58.30020     -0.702    1447.10     66.000     65.356    -0.4900    -0.4897     0.0003    -0.4920    -0.4917     0.0003   2.803949   2.804374   0.000420    34.1827    34.1880     7.5032     7.1726    -0.3306    27.4701    27.4743    34.1830    27.4703    1446.85    1446.86    -0.4920  1027.7907    34.3483 0.0000e+00
      18339 326.735834  -62.20578  -58.30020     -0.662    1447.10     65.000     64.366    -0.4895    -0.4899    -0.0004    -0.4915    -0.4919    -0.0004   2.803920   2.804310   0.000389    34.1824    34.1881     7.5047     7.1780    -0.3268    27.4698    27.4744    34.1826    27.4700    1446.84    1446.84    -0.4914  1027.7856    34.3479 0.0000e+00
      18375 326.735852  -62.20578  -58.30020     -0.659    1447.10     64.000     63.376    -0.4889    -0.4887     0.0002    -0.4909    -0.4906     0.0002   2.803885   2.804313   0.000422    34.1819    34.1873     7.5034     7.1824    -0.3210    27.4694    27.4738    34.1821    27.4695    1446.82    1446.83    -0.4908  1027.7804    34.3474 0.0000e+00
      18408 326.735868  -62.20578  -58.30020     -0.712    1447.10     63.000     62.386    -0.4887    -0.4879     0.0008    -0.4906    -0.4898     0.0008   2.803853   2.804295   0.000441    34.1818    34.1868     7.4963     7.1828    -0.3134    27.4693    27.4733    34.1820    27.4695    1446.81    1446.81    -0.4906  1027.7755    34.3473 0.0000e+00
      18439 326.735882  -62.20578  -58.30020     -0.771    1447.10     62.000     61.396    -0.4882    -0.4877     0.0005    -0.4901    -0.4896     0.0005   2.803784   2.804231   0.000444    34.1811    34.1865     7.4969     7.1904    -0.3064    27.4687    27.4730    34.1812    27.4688    1446.79    1446.80    -0.4901  1027.7701    34.3465 0.0000e+00
      18470 326.735897  -62.20578  -58.30020     -0.776    1447.10     61.000     60.405    -0.4881    -0.4878     0.0003    -0.4899    -0.4897     0.0003   2.803723   2.804152   0.000430    34.1807    34.1862     7.5063     7.1957    -0.3107    27.4684    27.4728    34.1809    27.4685    1446.77    1446.78    -0.4899  1027.7650    34.3461 0.0000e+00
      18504 326.735914  -62.20578  -58.30020     -0.728    1447.10     60.000     59.415    -0.4882    -0.4879     0.0002    -0.4901    -0.4898     0.0002   2.803655   2.804085   0.000430    34.1806    34.1861     7.5093     7.1974    -0.3119    27.4683    27.4727    34.1807    27.4683    1446.76    1446.76    -0.4900  1027.7600    34.3459 0.0000e+00
      18540 326.735931  -62.20578  -58.30020     -0.674    1447.10     59.000     58.425    -0.4882    -0.4880     0.0002    -0.4900    -0.4898     0.0002   2.803598   2.804027   0.000427    34.1805    34.1859     7.5066     7.1963    -0.3102    27.4682    27.4726    34.1805    27.4682    1446.74    1446.75    -0.4900  1027.7551    34.3457 0.0000e+00
      18576 326.735949  -62.20578  -58.30020     -0.650    1447.10     58.000     57.435    -0.4881    -0.4881     0.0000    -0.4899    -0.4899     0.0000   2.803545   2.803969   0.000424    34.1803    34.1860     7.5075     7.1833    -0.3242    27.4681    27.4726    34.1803    27.4681    1446.72    1446.73    -0.4898  1027.7502    34.3456 0.0000e+00
      18610 326.735965  -62.20578  -58.30020     -0.694    1447.10     57.000     56.445    -0.4881    -0.4880     0.0001    -0.4898    -0.4897     0.0001   2.803496   2.803922   0.000424    34.1803    34.1859     7.5084     7.1844    -0.3239    27.4680    27.4725    34.1803    27.4680    1446.71    1446.72    -0.4898  1027.7453    34.3455 0.0000e+00
      18641 326.735980  -62.20578  -58.30020     -0.765    1447.10     56.000     55.455    -0.4886    -0.4883     0.0003    -0.4903    -0.4900     0.0003   2.803392   2.803824   0.000433    34.1801    34.1856     7.5005     7.1908    -0.3096    27.4679    27.4723    34.1801    27.4679    1446.69    1446.70    -0.4903  1027.7405    34.3453 0.0000e+00
      18671 326.735995  -62.20578  -58.30020     -0.792    1447.10     55.000     54.465    -0.4891    -0.4890     0.0002    -0.4908    -0.4906     0.0002   2.803296   2.803736   0.000438    34.1801    34.1858     7.5055     7.1902    -0.3153    27.4679    27.4725    34.1800    27.4678    1446.67    1446.68    -0.4908  1027.7356    34.3452 0.0000e+00
      18703 326.736010  -62.20578  -58.30020     -0.769    1447.10     54.000     53.480    -0.4884    -0.4877     0.0007    -0.4901    -0.4894     0.0007   2.803282   2.803749   0.000462    34.1796    34.1849     7.4985     7.1830    -0.3155    27.4674    27.4718    34.1796    27.4675    1446.66    1446.67    -0.4900  1027.7305    34.3448 0.0000e+00
      18736 326.736026  -62.20578  -58.30020     -0.732    1447.10     53.000     52.480    -0.4867    -0.4864     0.0003    -0.4883    -0.4880     0.0003   2.803352   2.803753   0.000417    34.1790    34.1843     7.4953     7.1816    -0.3137    27.4669    27.4712    34.1792    27.4671    1446.65    1446.66    -0.4883  1027.7253    34.3444 0.0000e+00
      18768 326.736041  -62.20578  -58.30020     -0.739    1447.10     52.000     51.494    -0.4835    -0.4834     0.0001    -0.4851    -0.4850     0.0001   2.803527   2.803953   0.000410    34.1784    34.1838     7.4998     7.1844    -0.3154    27.4663    27.4706    34.1786    27.4664    1446.65    1446.65    -0.4851  1027.7198    34.3438 0.0000e+00
      18799 326.736056  -62.20578  -58.30020     -0.767    1447.10     51.000     50.504    -0.4805    -0.4800     0.0006    -0.4821    -0.4816     0.0006   2.803703   2.804137   0.000440    34.1778    34.1831     7.5096     7.1942    -0.3154    27.4657    27.4699    34.1782    27.4660    1446.64    1446.65    -0.4820  1027.7146    34.3434 0.0000e+00
      18832 326.736072  -62.20578  -58.30020     -0.745    1447.10     50.000     49.514    -0.4770    -0.4781    -0.0011    -0.4785    -0.4797    -0.0011   2.803877   2.804205   0.000333    34.1769    34.1826     7.5169     7.2005    -0.3164    27.4648    27.4695    34.1772    27.4651    1446.64    1446.64    -0.4785  1027.7089    34.3424 0.0000e+00
