Pos-Processados/process_op38/operantar38_002.ros
* Sea-Bird SBE 9 Data File:
* FileName = D:\OPERANTAR_XXXVIII\DADOS\OP38_002.hdr
* Software Version Seasave V 7.12
* Temperature SN = 4808
* Conductivity SN = 3380
* Number of Bytes Per Scan = 31
* Number of Voltage Words = 2
* Number of Scans Averaged by the Deck Unit = 1
* NMEA Latitude = 38 26.99 S
* NMEA Longitude = 052 53.48 W
* NMEA UTC (Time) = Jan 16 2019 21:21:57
** H41
** NAVIO POLAR ALMIRANTE MAXIMIANO
** CRUZEIRO:
** OPERANTAR XXXVIII
** ESTAÇÃO: 002
** LAT 38º 26,99'S
** LONG 052º 53,46'W
** 09P73767-1155
** PROFUNDIDADE: 4158 m
** DATA/HORA: 162121Z/OUT/2019
** OPERADOR: SO-HN CHAVES
# nquan = 27
# nvalues = 3775                                  
# units = specified
# name 0 = scan: Scan Count
# name 1 = timeJ: Julian Days
# name 2 = latitude: Latitude [deg]
# name 3 = longitude: Longitude [deg]
# name 4 = dz/dtM: Descent Rate [m/s]
# name 5 = avgsvCM: Average Sound Velocity [Chen-Millero, m/s]
# name 6 = prDM: Pressure, Digiquartz [db]
# name 7 = depSM: Depth [salt water, m]
# name 8 = t090C: Temperature [ITS-90, deg C]
# name 9 = t190C: Temperature, 2 [ITS-90, deg C]
# name 10 = T2-T190C: Temperature Difference, 2 - 1 [ITS-90, deg C]
# name 11 = potemp090C: Potential Temperature [ITS-90, deg C]
# name 12 = potemp190C: Potential Temperature, 2 [ITS-90, deg C]
# name 13 = potemp90Cdiff: Potential Temperature, Diff, 2 - 1 [ITS-90, deg C]
# name 14 = c0S/m: Conductivity [S/m]
# name 15 = c1S/m: Conductivity, 2 [S/m]
# name 16 = C2-C1S/m: Conductivity Difference, 2 - 1 [S/m]
# name 17 = sal00: Salinity, Practical [PSU]
# name 18 = sal11: Salinity, Practical, 2 [PSU]
# name 19 = sbeox0ML/L: Oxygen, SBE 43 [ml/l]
# name 20 = sigma-é00: Density [sigma-theta, kg/m^3]
# name 21 = sigma-é11: Density, 2 [sigma-theta, kg/m^3]
# name 22 = sbox0Mm/Kg: Oxygen, SBE 43 [umol/kg]
# name 23 = oxsolMm/Kg: Oxygen Saturation, Garcia & Gordon [umol/kg]
# name 24 = oxsatMm/Kg: Oxygen Saturation, Weiss [umol/kg]
# name 25 = nbf: Bottles Fired
# name 26 = flag:  0.000e+00
# interval = seconds: 0.0416667
# start_time = Jan 16 2019 21:21:57 [NMEA time, header]
# bad_flag = -9.990e-29
*END*
[from data line 2631]
      66891  16.922501  -38.44986  -52.89132      0.033    1497.38     21.317     21.155    15.5190    15.5180    -0.0011    15.5157    15.5147    -0.0011   4.416532   4.416981   0.000449    35.6565    35.6615     5.5473    26.3631    26.3672    241.379  244.18191  243.95442         17  0.000e+00
      66892  16.922501  -38.44986  -52.89132      0.030    1497.38     21.255     21.094    15.5190    15.5182    -0.0008    15.5157    15.5149    -0.0008   4.416503   4.416981   0.000478    35.6563    35.6614     5.5502    26.3630    26.3671    241.504  244.18245  243.95496         17  0.000e+00
      66893  16.922502  -38.44986  -52.89132      0.025    1497.38     21.269     21.108    15.5192    15.5183    -0.0009    15.5159    15.5150    -0.0009   4.416518   4.416947   0.000429    35.6563    35.6609     5.5472    26.3629    26.3667    241.377  244.18166  243.95416         17  0.000e+00
      66894  16.922502  -38.44986  -52.89132      0.019    1497.38     21.269     21.108    15.5192    15.5180    -0.0012    15.5159    15.5147    -0.0012   4.416496   4.416968   0.000471    35.6561    35.6614     5.5473    26.3628    26.3671    241.377  244.18198  243.95448         17  0.000e+00
      66895  16.922503  -38.44986  -52.89132      0.020    1497.38     21.303     21.142    15.5190    15.5183    -0.0007    15.5157    15.5150    -0.0007   4.416453   4.416947   0.000494    35.6558    35.6609     5.5473    26.3626    26.3667    241.379  244.18310  243.95560         17  0.000e+00
      66896  16.922503  -38.44986  -52.89132      0.014    1497.38     21.214     21.053    15.5192    15.5180    -0.0012    15.5159    15.5147    -0.0012   4.416510   4.416940   0.000429    35.6562    35.6612     5.5472    26.3629    26.3670    241.376  244.18173  243.95423         17  0.000e+00
      66897  16.922504  -38.44986  -52.89132      0.011    1497.38     21.303     21.142    15.5193    15.5183    -0.0010    15.5160    15.5150    -0.0010   4.416439   4.416940   0.000501    35.6554    35.6608     5.5471    26.3622    26.3666    241.370  244.18244  243.95492         17  0.000e+00
      66898  16.922504  -38.44986  -52.89132      0.003    1497.38     21.214     21.054    15.5192    15.5180    -0.0012    15.5159    15.5147    -0.0012   4.416381   4.416940   0.000559    35.6550    35.6612     5.5471    26.3619    26.3670    241.370  244.18355  243.95603         17  0.000e+00
      66899  16.922505  -38.44986  -52.89132      0.002    1497.38     21.255     21.094    15.5192    15.5185    -0.0007    15.5159    15.5152    -0.0007   4.416439   4.416940   0.000501    35.6555    35.6607     5.5471    26.3624    26.3665    241.372  244.18285  243.95534         17  0.000e+00
      66900  16.922505  -38.44986  -52.89132     -0.003    1497.38     21.269     21.108    15.5193    15.5183    -0.0010    15.5160    15.5150    -0.0010   4.416446   4.416940   0.000494    35.6555    35.6609     5.5472    26.3623    26.3667    241.374  244.18231  243.95479         17  0.000e+00
      66901  16.922506  -38.44986  -52.89132     -0.007    1497.38     21.255     21.094    15.5193    15.5180    -0.0013    15.5160    15.5147    -0.0013   4.416446   4.416968   0.000522    35.6555    35.6614     5.5472    26.3623    26.3671    241.376  244.18230  243.95478         17  0.000e+00
      66902  16.922506  -38.44986  -52.89132     -0.012    1497.38     21.214     21.054    15.5194    15.5180    -0.0014    15.5161    15.5147    -0.0014   4.416453   4.417002   0.000549    35.6555    35.6617     5.5504    26.3623    26.3674    241.514  244.18187  243.95435         17  0.000e+00
      66903  16.922507  -38.44986  -52.89132     -0.015    1497.38     21.255     21.094    15.5193    15.5182    -0.0011    15.5160    15.5149    -0.0011   4.416482   4.416988   0.000506    35.6558    35.6614     5.5507    26.3625    26.3671    241.529  244.18176  243.95424         17  0.000e+00
      66904  16.922507  -38.44986  -52.89132     -0.020    1497.38     21.214     21.054    15.5193    15.5185    -0.0008    15.5160    15.5152    -0.0008   4.416539   4.416981   0.000442    35.6563    35.6611     5.5479    26.3630    26.3668    241.404  244.18086  243.95335         17  0.000e+00
      66905  16.922508  -38.44986  -52.89132     -0.020    1497.38     21.255     21.094    15.5193    15.5185    -0.0008    15.5160    15.5152    -0.0008   4.416482   4.416981   0.000500    35.6558    35.6611     5.5480    26.3625    26.3668    241.409  244.18176  243.95424         17  0.000e+00
      66906  16.922508  -38.44986  -52.89132     -0.028    1497.38     21.214     21.054    15.5192    15.5185    -0.0007    15.5159    15.5152    -0.0007   4.416482   4.417002   0.000520    35.6559    35.6613     5.5481    26.3626    26.3669    241.412  244.18202  243.95451         17  0.000e+00
      66907  16.922509  -38.44986  -52.89132     -0.032    1497.38     21.201     21.040    15.5195    15.5181    -0.0014    15.5162    15.5148    -0.0014   4.416489   4.416933   0.000444    35.6557    35.6610     5.5513    26.3624    26.3668    241.552  244.18103  243.95350         17  0.000e+00
      66908  16.922509  -38.44986  -52.89132     -0.033    1497.38     21.214     21.054    15.5193    15.5183    -0.0010    15.5160    15.5151    -0.0010   4.416510   4.416988   0.000478    35.6561    35.6613     5.5485    26.3628    26.3670    241.431  244.18129  243.95378         17  0.000e+00
      66909  16.922510  -38.44986  -52.89132     -0.041    1497.38     21.166     21.006    15.5194    15.5180    -0.0014    15.5161    15.5147    -0.0014   4.416525   4.417016   0.000491    35.6562    35.6619     5.5517    26.3628    26.3675    241.570  244.18075  243.95323         17  0.000e+00
      66910  16.922510  -38.44986  -52.89132     -0.046    1497.38     21.201     21.040    15.5195    15.5185    -0.0010    15.5162    15.5152    -0.0010   4.416496   4.417016   0.000520    35.6558    35.6614     5.5489    26.3625    26.3670    241.450  244.18092  243.95339         17  0.000e+00
      66911  16.922511  -38.44986  -52.89132     -0.051    1497.38     21.166     21.006    15.5195    15.5185    -0.0010    15.5162    15.5152    -0.0010   4.416489   4.417016   0.000527    35.6557    35.6614     5.5522    26.3625    26.3670    241.591  244.18100  243.95348         17  0.000e+00
      66912  16.922511  -38.44986  -52.89132     -0.058    1497.38     21.153     20.993    15.5193    15.5185    -0.0008    15.5160    15.5152    -0.0008   4.416467   4.417043   0.000576    35.6557    35.6617     5.5494    26.3625    26.3672    241.470  244.18190  243.95439         17  0.000e+00
      66913  16.922512  -38.44986  -52.89132     -0.058    1497.38     21.214     21.054    15.5194    15.5187    -0.0007    15.5161    15.5154    -0.0007   4.416446   4.417023   0.000577    35.6554    35.6613     5.5527    26.3622    26.3669    241.614  244.18198  243.95446         17  0.000e+00
      66914  16.922512  -38.44986  -52.89132     -0.068    1497.38     21.105     20.945    15.5193    15.5185    -0.0008    15.5160    15.5152    -0.0008   4.416446   4.417043   0.000597    35.6555    35.6617     5.5528    26.3623    26.3673    241.616  244.18220  243.95468         17  0.000e+00
      66915  16.922513  -38.44986  -52.89132     -0.068    1497.38     21.214     21.054    15.5192    15.5188    -0.0003    15.5159    15.5156    -0.0003   4.416453   4.417078   0.000625    35.6557    35.6616     5.5532    26.3625    26.3671    241.636  244.18260  243.95510         17  0.000e+00
      66916  16.922513  -38.44986  -52.89132     -0.072    1497.38     21.153     20.993    15.5193    15.5188    -0.0005    15.5160    15.5155    -0.0005   4.416446   4.417064   0.000618    35.6555    35.6616     5.5533    26.3623    26.3671    241.638  244.18223  243.95472         17  0.000e+00
      66917  16.922514  -38.44986  -52.89132     -0.079    1497.38     21.119     20.959    15.5192    15.5188    -0.0004    15.5159    15.5156    -0.0004   4.416446   4.417057   0.000611    35.6556    35.6615     5.5536    26.3624    26.3670    241.653  244.18250  243.95499         17  0.000e+00
      66918  16.922514  -38.44986  -52.89132     -0.082    1497.38     21.153     20.993    15.5190    15.5188    -0.0002    15.5157    15.5155    -0.0002   4.416417   4.417057   0.000640    35.6556    35.6615     5.5537    26.3624    26.3670    241.659  244.18369  243.95619         17  0.000e+00
      66919  16.922514  -38.44986  -52.89132     -0.086    1497.38     21.119     20.959    15.5190    15.5188    -0.0001    15.5157    15.5156    -0.0001   4.416446   4.417023   0.000577    35.6558    35.6612     5.5538    26.3626    26.3668    241.662  244.18323  243.95573         17  0.000e+00
      66920  16.922515  -38.44986  -52.89132     -0.091    1497.38     21.105     20.945    15.5192    15.5188    -0.0004    15.5159    15.5155    -0.0004   4.416446   4.417098   0.000653    35.6556    35.6619     5.5538    26.3624    26.3673    241.664  244.18249  243.95498         17  0.000e+00
      66921  16.922515  -38.44986  -52.89132     -0.094    1497.38     21.119     20.959    15.5188    15.5185    -0.0003    15.5155    15.5152    -0.0003   4.416388   4.417071   0.000682    35.6555    35.6619     5.5540    26.3624    26.3674    241.670  244.18469  243.95720         17  0.000e+00
      66922  16.922516  -38.44986  -52.89132     -0.101    1497.38     21.105     20.945    15.5190    15.5187    -0.0003    15.5157    15.5154    -0.0003   4.416410   4.417078   0.000668    35.6555    35.6618     5.5571    26.3624    26.3673    241.808  244.18377  243.95627         17  0.000e+00
      66923  16.922516  -38.44986  -52.89132     -0.103    1497.38     21.119     20.959    15.5190    15.5188    -0.0002    15.5157    15.5155    -0.0002   4.416410   4.417064   0.000654    35.6555    35.6616     5.5543    26.3624    26.3671    241.684  244.18378  243.95628         17  0.000e+00
      66924  16.922517  -38.44986  -52.89132     -0.110    1497.38     21.050     20.891    15.5190    15.5187    -0.0003    15.5158    15.5154    -0.0003   4.416431   4.417057   0.000626    35.6557    35.6617     5.5574    26.3625    26.3672    241.819  244.18326  243.95576         17  0.000e+00
      66925  16.922517  -38.44986  -52.89132     -0.114    1497.38     21.064     20.904    15.5192    15.5188    -0.0004    15.5159    15.5155    -0.0004   4.416424   4.417057   0.000633    35.6555    35.6615     5.5545    26.3623    26.3671    241.693  244.18294  243.95543         17  0.000e+00
      66926  16.922518  -38.44986  -52.89132     -0.122    1497.38     21.064     20.904    15.5192    15.5188    -0.0003    15.5159    15.5156    -0.0003   4.416439   4.417078   0.000639    35.6556    35.6617     5.5545    26.3624    26.3672    241.693  244.18272  243.95521         17  0.000e+00
      66927  16.922518  -38.44986  -52.89132     -0.123    1497.38     21.050     20.891    15.5192    15.5190    -0.0002    15.5159    15.5157    -0.0002   4.416417   4.417119   0.000702    35.6554    35.6619     5.5548    26.3623    26.3673    241.703  244.18304  243.95553         17  0.000e+00
      66928  16.922519  -38.44986  -52.89132     -0.128    1497.38     21.064     20.904    15.5192    15.5187    -0.0005    15.5159    15.5154    -0.0005   4.416417   4.417098   0.000681    35.6554    35.6620     5.5579    26.3622    26.3675    241.840  244.18290  243.95539         17  0.000e+00
      66929  16.922519  -38.44986  -52.89132     -0.131    1497.38     21.050     20.891    15.5192    15.5190    -0.0002    15.5159    15.5157    -0.0002   4.416439   4.417064   0.000625    35.6556    35.6614     5.5581    26.3624    26.3669    241.848  244.18271  243.95520         17  0.000e+00
      66930  16.922520  -38.44986  -52.89132     -0.133    1497.38     21.064     20.904    15.5193    15.5192    -0.0001    15.5160    15.5159    -0.0001   4.416417   4.417057   0.000640    35.6553    35.6612     5.5583    26.3621    26.3667    241.857  244.18261  243.95509         17  0.000e+00
      66931  16.922520  -38.44986  -52.89132     -0.138    1497.38     21.002     20.843    15.5190    15.5192     0.0002    15.5158    15.5159     0.0002   4.416431   4.417057   0.000626    35.6557    35.6612     5.5584    26.3625    26.3667    241.863  244.18322  243.95573         17  0.000e+00
      66932  16.922521  -38.44986  -52.89132     -0.143    1497.38     21.016     20.857    15.5190    15.5188    -0.0002    15.5157    15.5155    -0.0002   4.416424   4.417057   0.000633    35.6557    35.6616     5.5554    26.3625    26.3671    241.734  244.18349  243.95599         17  0.000e+00
      66933  16.922521  -38.44986  -52.89132     -0.144    1497.38     21.050     20.891    15.5192    15.5190    -0.0002    15.5159    15.5157    -0.0002   4.416381   4.417057   0.000676    35.6551    35.6614     5.5554    26.3620    26.3669    241.730  244.18358  243.95607         17  0.000e+00
      66934  16.922522  -38.44986  -52.89132     -0.148    1497.38     21.016     20.857    15.5188    15.5193     0.0005    15.5155    15.5161     0.0005   4.416345   4.417078   0.000732    35.6551    35.6613     5.5553    26.3621    26.3667    241.726  244.18527  243.95778         17  0.000e+00
      66935  16.922522  -38.44986  -52.89132     -0.154    1497.38     20.954     20.796    15.5188    15.5194     0.0005    15.5156    15.5161     0.0005   4.416424   4.417091   0.000667    35.6558    35.6614     5.5582    26.3626    26.3668    241.854  244.18389  243.95640         17  0.000e+00
      66936  16.922523  -38.44986  -52.89132     -0.160    1497.38     20.961     20.803    15.5185    15.5192     0.0007    15.5152    15.5159     0.0007   4.416417   4.417119   0.000702    35.6561    35.6618     5.5586    26.3629    26.3672    241.871  244.18517  243.95770         17  0.000e+00
      66937  16.922523  -38.44986  -52.89132     -0.161    1497.38     21.002     20.843    15.5185    15.5188     0.0004    15.5152    15.5156     0.0004   4.416381   4.417133   0.000752    35.6557    35.6622     5.5587    26.3627    26.3676    241.877  244.18574  243.95827         17  0.000e+00
      66938  16.922524  -38.44986  -52.89132     -0.165    1497.38     20.961     20.803    15.5183    15.5192     0.0009    15.5150    15.5159     0.0009   4.416374   4.417043   0.000669    35.6559    35.6611     5.5588    26.3628    26.3667    241.879  244.18641  243.95895         17  0.000e+00
      66939  16.922524  -38.44986  -52.89132     -0.168    1497.38     20.955     20.796    15.5187    15.5185    -0.0002    15.5155    15.5152    -0.0002   4.416403   4.417071   0.000668    35.6558    35.6620     5.5591    26.3626    26.3675    241.890  244.18465  243.95717         17  0.000e+00
      66940  16.922525  -38.44986  -52.89132     -0.168    1497.38     20.961     20.803    15.5186    15.5188     0.0002    15.5154    15.5156     0.0002   4.416381   4.417064   0.000683    35.6556    35.6616     5.5560    26.3626    26.3671    241.756  244.18527  243.95780         17  0.000e+00
      66941  16.922525  -38.44986  -52.89132     -0.171    1497.38     20.955     20.796    15.5186    15.5190     0.0004    15.5154    15.5157     0.0004   4.416374   4.417078   0.000704    35.6556    35.6616     5.5591    26.3625    26.3671    241.895  244.18538  243.95790         17  0.000e+00
      66942  16.922526  -38.44986  -52.89132     -0.172    1497.38     20.961     20.803    15.5187    15.5188     0.0001    15.5155    15.5156     0.0001   4.416353   4.417091   0.000739    35.6553    35.6618     5.5592    26.3623    26.3673    241.896  244.18542  243.95793         17  0.000e+00
      66943  16.922526  -38.44986  -52.89132     -0.179    1497.38     20.852     20.694    15.5190    15.5188    -0.0002    15.5157    15.5156    -0.0002   4.416338   4.417064   0.000726    35.6550    35.6617     5.5591    26.3620    26.3672    241.892  244.18469  243.95718         17  0.000e+00
