Pos-Processados/process_op38/operantar38_016b.ros
* Sea-Bird SBE 9 Data File:
* FileName = D:\OPERANTAR_XXXVIII\DADOS\OP38_016b.hdr
* Software Version Seasave V 7.18c
* Temperature SN = 4808
* Conductivity SN = 3380
* Number of Bytes Per Scan = 34
* Number of Voltage Words = 3
* Number of Scans Averaged by the Deck Unit = 1
* NMEA Latitude = 62 13.34 S
* NMEA Longitude = 058 12.67 W
* NMEA UTC (Time) = Nov 05 2019 12:41:07
** H41
** NAVIO POLAR ALMIRANTE MAXIMIANO
** CRUZEIRO:
** OPERANTAR XXXVIII
** ESTAÇÃO: OP38_016b
** LAT 62 13,33' S
** LONG 058 12,64' W
** 09P73767-1155_A
** PROFUNDIDADE: 310
** DATA/HORA: 051240Z/NOV/2019
** OPERADOR: SO-HN CHAVES
# nquan = 26
# nvalues = 2085                                  
# units = specified
# name 0 = scan: Scan Count
# name 1 = timeJ: Julian Days
# name 2 = latitude: Latitude [deg]
# name 3 = longitude: Longitude [deg]
# name 4 = dz/dtM: Descent Rate [m/s]
# name 5 = avgsvCM: Average Sound Velocity [Chen-Millero, m/s]
# name 6 = prDM: Pressure, Digiquartz [db]
# name 7 = depSM: Depth [salt water, m]
# name 8 = t090C: Temperature [ITS-90, deg C]
# name 9 = t190C: Temperature, 2 [ITS-90, deg C]
# name 10 = T2-T190C: Temperature Difference, 2 - 1 [ITS-90, deg C]
# name 11 = potemp090C: Potential Temperature [ITS-90, deg C]
# name 12 = potemp190C: Potential Temperature, 2 [ITS-90, deg C]
# name 13 = potemp90Cdiff: Potential Temperature, Diff, 2 - 1 [ITS-90, deg C]
# name 14 = c0S/m: Conductivity [S/m]
# name 15 = c1S/m: Conductivity, 2 [S/m]
# name 16 = C2-C1S/m: Conductivity Difference, 2 - 1 [S/m]
# name 17 = sal00: Salinity, Practical [PSU]
# name 18 = sal11: Salinity, Practical, 2 [PSU]
# name 19 = sbeox0ML/L: Oxygen, SBE 43 [ml/l]
# name 20 = sbeox1ML/L: Oxygen, SBE 43, 2 [ml/l]
# name 21 = sbeox0ML/Ldiff: Oxygen, SBE 43, Diff, 2 - 1 [ml/l]
# name 22 = sigma-é00: Density [sigma-theta, kg/m^3]
# name 23 = sigma-é11: Density, 2 [sigma-theta, kg/m^3]
# name 24 = nbf: Bottles Fired
# name 25 = flag:  0.000e+00
# interval = seconds: 0.0416667
# start_time = Nov 05 2019 12:41:07 [NMEA time, header]
# bad_flag = -9.990e-29
*END*
        347 309.528720  -62.22236  -58.21132      0.080       0.00      2.204      2.183    -0.7650    -0.7677    -0.0027    -0.7651    -0.7677    -0.0027   2.776352   2.776544   0.000192    34.1608    34.1664     7.5860     7.2878    -0.2982    27.4640    27.4687          1  0.000e+00
        348 309.528721  -62.22236  -58.21132      0.085       0.00      2.204      2.183    -0.7650    -0.7682    -0.0032    -0.7651    -0.7683    -0.0032   2.776322   2.776521   0.000199    34.1604    34.1667     7.5855     7.2876    -0.2980    27.4637    27.4690          1  0.000e+00
        349 309.528721  -62.22236  -58.21132      0.090       0.00      2.204      2.183    -0.7661    -0.7682    -0.0021    -0.7662    -0.7682    -0.0021   2.776274   2.776532   0.000258    34.1610    34.1668     7.5905     7.2872    -0.3033    27.4642    27.4690          1  0.000e+00
        350 309.528722  -62.22236  -58.21132      0.094       0.00      2.204      2.183    -0.7663    -0.7680    -0.0017    -0.7663    -0.7681    -0.0017   2.776238   2.776538   0.000300    34.1607    34.1667     7.5907     7.2867    -0.3040    27.4640    27.4689          1  0.000e+00
        351 309.528722  -62.22236  -58.21132      0.096       0.00      2.170      2.149    -0.7665    -0.7675    -0.0010    -0.7666    -0.7676    -0.0010   2.776232   2.776538   0.000306    34.1609    34.1662     7.5857     7.2861    -0.2996    27.4642    27.4685          1  0.000e+00
        352 309.528723  -62.22236  -58.21132      0.103       0.00      2.252      2.231    -0.7664    -0.7680    -0.0016    -0.7665    -0.7681    -0.0016   2.776232   2.776538   0.000306    34.1607    34.1667     7.5903     7.2858    -0.3046    27.4640    27.4689          1  0.000e+00
        353 309.528723  -62.22236  -58.21132      0.106       0.00      2.204      2.183    -0.7663    -0.7675    -0.0013    -0.7663    -0.7676    -0.0013   2.776214   2.776538   0.000324    34.1604    34.1662     7.5852     7.2851    -0.3001    27.4637    27.4685          1  0.000e+00
        354 309.528723  -62.22236  -58.21132      0.112       0.00      2.252      2.231    -0.7667    -0.7673    -0.0005    -0.7668    -0.7673    -0.0005   2.776208   2.776561   0.000353    34.1608    34.1662     7.5846     7.2844    -0.3001    27.4641    27.4685          1  0.000e+00
        355 309.528724  -62.22236  -58.21132      0.117       0.00      2.252      2.231    -0.7667    -0.7678    -0.0011    -0.7668    -0.7679    -0.0011   2.776226   2.776509   0.000283    34.1610    34.1661     7.5838     7.2839    -0.2999    27.4643    27.4685          1  0.000e+00
        356 309.528724  -62.22236  -58.21132      0.119       0.00      2.204      2.183    -0.7668    -0.7677    -0.0009    -0.7669    -0.7677    -0.0009   2.776197   2.776504   0.000307    34.1607    34.1659     7.5830     7.2831    -0.2999    27.4640    27.4683          1  0.000e+00
        357 309.528725  -62.22236  -58.21132      0.121       0.00      2.204      2.183    -0.7670    -0.7677    -0.0006    -0.7671    -0.7677    -0.0006   2.776185   2.776532   0.000348    34.1608    34.1663     7.5830     7.2835    -0.2995    27.4641    27.4686          1  0.000e+00
        358 309.528725  -62.22236  -58.21132      0.125       0.00      2.252      2.231    -0.7670    -0.7672    -0.0002    -0.7671    -0.7673    -0.0002   2.776185   2.776515   0.000331    34.1608    34.1655     7.5822     7.2839    -0.2983    27.4641    27.4679          1  0.000e+00
        359 309.528726  -62.22236  -58.21132      0.126       0.00      2.205      2.183    -0.7670    -0.7675    -0.0004    -0.7671    -0.7675    -0.0004   2.776185   2.776527   0.000342    34.1608    34.1659     7.5829     7.2831    -0.2997    27.4641    27.4683          1  0.000e+00
        360 309.528726  -62.22236  -58.21132      0.123       0.00      2.205      2.183    -0.7669    -0.7677    -0.0008    -0.7669    -0.7677    -0.0008   2.776202   2.776538   0.000336    34.1609    34.1664     7.5828     7.2835    -0.2993    27.4642    27.4686          1  0.000e+00
        361 309.528727  -62.22236  -58.21132      0.123       0.00      2.252      2.231    -0.7667    -0.7677    -0.0009    -0.7668    -0.7677    -0.0009   2.776191   2.776561   0.000371    34.1605    34.1666     7.5880     7.2840    -0.3040    27.4639    27.4689          1  0.000e+00
        362 309.528727  -62.22236  -58.21132      0.123       0.00      2.218      2.197    -0.7668    -0.7677    -0.0009    -0.7669    -0.7677    -0.0009   2.776185   2.776550   0.000365    34.1606    34.1665     7.5835     7.2843    -0.2992    27.4639    27.4688          1  0.000e+00
        363 309.528728  -62.22236  -58.21132      0.122       0.00      2.252      2.231    -0.7670    -0.7682    -0.0011    -0.7671    -0.7682    -0.0011   2.776185   2.776515   0.000331    34.1608    34.1666     7.5835     7.2848    -0.2987    27.4641    27.4688          1  0.000e+00
        364 309.528728  -62.22236  -58.21132      0.120       0.00      2.205      2.183    -0.7673    -0.7673     0.0000    -0.7674    -0.7673     0.0000   2.776202   2.776567   0.000364    34.1614    34.1663     7.5834     7.2779    -0.3055    27.4646    27.4686          1  0.000e+00
        365 309.528729  -62.22236  -58.21132      0.118       0.00      2.252      2.231    -0.7669    -0.7675    -0.0007    -0.7669    -0.7676    -0.0007   2.776191   2.776573   0.000382    34.1607    34.1666     7.5833     7.2819    -0.3014    27.4640    27.4689          1  0.000e+00
        366 309.528729  -62.22236  -58.21132      0.115       0.00      2.205      2.183    -0.7669    -0.7674    -0.0005    -0.7669    -0.7675    -0.0005   2.776220   2.776567   0.000347    34.1611    34.1664     7.5832     7.2751    -0.3081    27.4644    27.4687          1  0.000e+00
        367 309.528730  -62.22236  -58.21132      0.111       0.00      2.252      2.231    -0.7668    -0.7682    -0.0014    -0.7669    -0.7682    -0.0014   2.776214   2.776550   0.000335    34.1609    34.1670     7.5832     7.2804    -0.3028    27.4642    27.4692          1  0.000e+00
        368 309.528730  -62.22236  -58.21132      0.110       0.00      2.252      2.231    -0.7663    -0.7675    -0.0013    -0.7663    -0.7676    -0.0013   2.776226   2.776561   0.000335    34.1605    34.1665     7.5822     7.2806    -0.3016    27.4638    27.4687          1  0.000e+00
        369 309.528731  -62.22236  -58.21132      0.106       0.00      2.252      2.231    -0.7666    -0.7676    -0.0010    -0.7666    -0.7677    -0.0010   2.776214   2.776550   0.000335    34.1607    34.1664     7.5873     7.2809    -0.3064    27.4640    27.4687          1  0.000e+00
        370 309.528731  -62.22236  -58.21132      0.098       0.00      2.252      2.231    -0.7667    -0.7674    -0.0006    -0.7668    -0.7675    -0.0006   2.776191   2.776561   0.000371    34.1605    34.1663     7.5880     7.2812    -0.3068    27.4639    27.4686          1  0.000e+00
        371 309.528732  -62.22236  -58.21132      0.099       0.00      2.205      2.183    -0.7661    -0.7674    -0.0013    -0.7662    -0.7675    -0.0013   2.776238   2.776567   0.000329    34.1605    34.1664     7.5884     7.2815    -0.3069    27.4638    27.4687          1  0.000e+00
        372 309.528732  -62.22236  -58.21132      0.094       0.00      2.273      2.251    -0.7663    -0.7672    -0.0009    -0.7664    -0.7673    -0.0009   2.776220   2.776550   0.000329    34.1605    34.1660     7.5892     7.2819    -0.3073    27.4638    27.4683          1  0.000e+00
        373 309.528733  -62.22236  -58.21132      0.090       0.00      2.252      2.231    -0.7661    -0.7675    -0.0014    -0.7662    -0.7676    -0.0014   2.776208   2.776578   0.000370    34.1601    34.1667     7.5845     7.2822    -0.3022    27.4635    27.4689          1  0.000e+00
        374 309.528733  -62.22236  -58.21132      0.089       0.00      2.252      2.231    -0.7666    -0.7674    -0.0008    -0.7666    -0.7675    -0.0008   2.776208   2.776573   0.000364    34.1606    34.1665     7.5895     7.2826    -0.3069    27.4639    27.4687          1  0.000e+00
        375 309.528734  -62.22236  -58.21132      0.082       0.00      2.205      2.183    -0.7663    -0.7671    -0.0009    -0.7663    -0.7672    -0.0009   2.776191   2.776567   0.000376    34.1601    34.1661     7.5848     7.2828    -0.3020    27.4635    27.4684          1  0.000e+00
        376 309.528734  -62.22236  -58.21132      0.077       0.00      2.253      2.231    -0.7667    -0.7672    -0.0005    -0.7668    -0.7673    -0.0005   2.776202   2.776567   0.000364    34.1607    34.1662     7.5846     7.2832    -0.3014    27.4640    27.4685          1  0.000e+00
        377 309.528735  -62.22236  -58.21132      0.075       0.00      2.253      2.231    -0.7667    -0.7669    -0.0002    -0.7668    -0.7670    -0.0002   2.776208   2.776567   0.000358    34.1607    34.1658     7.5844     7.2835    -0.3009    27.4640    27.4682          1  0.000e+00
        378 309.528735  -62.22236  -58.21132      0.073       0.00      2.253      2.231    -0.7667    -0.7671    -0.0003    -0.7668    -0.7671    -0.0003   2.776226   2.776584   0.000358    34.1610    34.1663     7.5833     7.2885    -0.2948    27.4643    27.4685          1  0.000e+00
        379 309.528736  -62.22236  -58.21132      0.067       0.00      2.253      2.231    -0.7669    -0.7669    -0.0000    -0.7669    -0.7670    -0.0000   2.776197   2.776573   0.000376    34.1608    34.1659     7.5882     7.2840    -0.3042    27.4641    27.4683          1  0.000e+00
        380 309.528736  -62.22236  -58.21132      0.064       0.00      2.253      2.231    -0.7669    -0.7671    -0.0003    -0.7669    -0.7672    -0.0003   2.776185   2.776567   0.000382    34.1606    34.1661     7.5887     7.2843    -0.3044    27.4639    27.4684          1  0.000e+00
        381 309.528736  -62.22236  -58.21132      0.064       0.00      2.253      2.231    -0.7669    -0.7669    -0.0000    -0.7669    -0.7670    -0.0000   2.776220   2.776607   0.000387    34.1611    34.1664     7.5891     7.2845    -0.3046    27.4643    27.4686          1  0.000e+00
        382 309.528737  -62.22236  -58.21132      0.058       0.00      2.218      2.197    -0.7668    -0.7671    -0.0003    -0.7669    -0.7671    -0.0003   2.776214   2.776578   0.000364    34.1610    34.1662     7.5894     7.2847    -0.3047    27.4642    27.4685          1  0.000e+00
        383 309.528737  -62.22236  -58.21132      0.053       0.00      2.253      2.231    -0.7666    -0.7668    -0.0002    -0.7666    -0.7668    -0.0002   2.776208   2.776584   0.000376    34.1606    34.1659     7.5898     7.2849    -0.3048    27.4639    27.4682          1  0.000e+00
        384 309.528738  -62.22236  -58.21132      0.051       0.00      2.253      2.231    -0.7663    -0.7671    -0.0008    -0.7663    -0.7671    -0.0008   2.776226   2.776590   0.000364    34.1605    34.1663     7.5900     7.2852    -0.3048    27.4638    27.4686          1  0.000e+00
        385 309.528738  -62.22236  -58.21132      0.044       0.00      2.205      2.183    -0.7664    -0.7670    -0.0006    -0.7665    -0.7671    -0.0006   2.776250   2.776613   0.000363    34.1610    34.1666     7.5851     7.2842    -0.3009    27.4642    27.4688          1  0.000e+00
        386 309.528739  -62.22236  -58.21132      0.041       0.00      2.253      2.231    -0.7664    -0.7669    -0.0005    -0.7665    -0.7670    -0.0005   2.776238   2.776619   0.000380    34.1608    34.1665     7.5847     7.2832    -0.3015    27.4641    27.4688          1  0.000e+00
        387 309.528739  -62.22236  -58.21132      0.039       0.00      2.253      2.231    -0.7662    -0.7663    -0.0001    -0.7663    -0.7663    -0.0001   2.776250   2.776619   0.000368    34.1608    34.1658     7.5842     7.2833    -0.3009    27.4641    27.4682          1  0.000e+00
        388 309.528740  -62.22236  -58.21132      0.033       0.00      2.205      2.183    -0.7659    -0.7661    -0.0002    -0.7660    -0.7662    -0.0002   2.776238   2.776636   0.000398    34.1603    34.1659     7.5879     7.2833    -0.3046    27.4637    27.4682          1  0.000e+00
        389 309.528740  -62.22236  -58.21132      0.030       0.00      2.253      2.231    -0.7658    -0.7665    -0.0006    -0.7659    -0.7665    -0.0006   2.776214   2.776682   0.000467    34.1598    34.1669     7.5882     7.2835    -0.3047    27.4633    27.4690          1  0.000e+00
        390 309.528741  -62.22236  -58.21132      0.026       0.00      2.205      2.184    -0.7656    -0.7654     0.0002    -0.7657    -0.7655     0.0002   2.776244   2.776653   0.000409    34.1601    34.1654     7.5883     7.2835    -0.3048    27.4635    27.4677          1  0.000e+00
        391 309.528741  -62.22236  -58.21132      0.026       0.00      2.253      2.231    -0.7661    -0.7657     0.0004    -0.7662    -0.7658     0.0004   2.776262   2.776642   0.000379    34.1608    34.1655     7.5894     7.2837    -0.3057    27.4641    27.4678          1  0.000e+00
        392 309.528742  -62.22236  -58.21132      0.018       0.00      2.170      2.150    -0.7658    -0.7648     0.0010    -0.7658    -0.7648     0.0010   2.776262   2.776682   0.000420    34.1605    34.1650     7.5894     7.2824    -0.3070    27.4638    27.4674          1  0.000e+00
        393 309.528742  -62.22236  -58.21132      0.020       0.00      2.301      2.278    -0.7658    -0.7648     0.0011    -0.7659    -0.7648     0.0011   2.776262   2.776693   0.000431    34.1604    34.1651     7.5897     7.2814    -0.3083    27.4638    27.4675          1  0.000e+00
        394 309.528743  -62.22236  -58.21132      0.017       0.00      2.253      2.231    -0.7659    -0.7649     0.0010    -0.7660    -0.7650     0.0010   2.776262   2.776693   0.000431    34.1606    34.1653     7.5897     7.2814    -0.3083    27.4639    27.4676          1  0.000e+00
        395 309.528743  -62.22236  -58.21132      0.013       0.00      2.205      2.184    -0.7658    -0.7656     0.0002    -0.7659    -0.7657     0.0002   2.776262   2.776693   0.000431    34.1605    34.1661     7.5846     7.2816    -0.3030    27.4638    27.4683          1  0.000e+00
        396 309.528744  -62.22236  -58.21132      0.013       0.00      2.253      2.231    -0.7656    -0.7658    -0.0002    -0.7657    -0.7659    -0.0002   2.776262   2.776676   0.000414    34.1603    34.1661     7.5890     7.2817    -0.3073    27.4636    27.4684          1  0.000e+00
        397 309.528744  -62.22236  -58.21132      0.009       0.00      2.205      2.184    -0.7656    -0.7657    -0.0001    -0.7656    -0.7658    -0.0001   2.776280   2.776688   0.000407    34.1605    34.1661     7.5890     7.2817    -0.3073    27.4638    27.4684          1  0.000e+00
        398 309.528745  -62.22236  -58.21132      0.006       0.00      2.205      2.184    -0.7659    -0.7658     0.0001    -0.7660    -0.7659     0.0001   2.776244   2.776676   0.000432    34.1604    34.1661     7.5899     7.2818    -0.3081    27.4637    27.4684          1  0.000e+00
        399 309.528745  -62.22236  -58.21132      0.002       0.00      2.205      2.184    -0.7656    -0.7660    -0.0003    -0.7657    -0.7660    -0.0003   2.776214   2.776647   0.000433    34.1597    34.1659     7.5907     7.2818    -0.3088    27.4631    27.4682          1  0.000e+00
        400 309.528746  -62.22236  -58.21132     -0.003       0.00      2.205      2.184    -0.7659    -0.7662    -0.0003    -0.7660    -0.7663    -0.0003   2.776226   2.776642   0.000415    34.1601    34.1661     7.5907     7.2819    -0.3088    27.4635    27.4684          1  0.000e+00
        401 309.528746  -62.22236  -58.21132     -0.004       0.00      2.205      2.184    -0.7658    -0.7661    -0.0003    -0.7659    -0.7662    -0.0003   2.776268   2.776642   0.000373    34.1606    34.1660     7.5914     7.2820    -0.3095    27.4639    27.4683          1  0.000e+00
