Pos-Processados/process_op38/operantar38_017b.ros
* Sea-Bird SBE 9 Data File:
* FileName = D:\OPERANTAR_XXXVIII\DADOS\OP38_017b.hdr
* Software Version Seasave V 7.18c
* Temperature SN = 4808
* Conductivity SN = 3380
* Number of Bytes Per Scan = 34
* Number of Voltage Words = 3
* Number of Scans Averaged by the Deck Unit = 1
* NMEA Latitude = 62 16.17 S
* NMEA Longitude = 058 26.27 W
* NMEA UTC (Time) = Nov 05 2019 15:20:15
** H41
** NAVIO POLAR ALMIRANTE MAXIMIANO
** CRUZEIRO:
** OPERANTAR XXXVIII
** ESTAÇÃO: OP38_017b
** LAT 62 16,17' S
** LONG 058 26,24' W
** 09P73767-1155_A
** PROFUNDIDADE: 110
** DATA/HORA: 0511521Z/NOV/2019
** OPERADOR: SO-HN CHAVES
# nquan = 27
# nvalues = 1879                                  
# units = specified
# name 0 = scan: Scan Count
# name 1 = timeJ: Julian Days
# name 2 = latitude: Latitude [deg]
# name 3 = longitude: Longitude [deg]
# name 4 = dz/dtM: Descent Rate [m/s]
# name 5 = avgsvCM: Average Sound Velocity [Chen-Millero, m/s]
# name 6 = prDM: Pressure, Digiquartz [db]
# name 7 = depSM: Depth [salt water, m]
# name 8 = t090C: Temperature [ITS-90, deg C]
# name 9 = t190C: Temperature, 2 [ITS-90, deg C]
# name 10 = T2-T190C: Temperature Difference, 2 - 1 [ITS-90, deg C]
# name 11 = potemp090C: Potential Temperature [ITS-90, deg C]
# name 12 = potemp190C: Potential Temperature, 2 [ITS-90, deg C]
# name 13 = potemp90Cdiff: Potential Temperature, Diff, 2 - 1 [ITS-90, deg C]
# name 14 = c0S/m: Conductivity [S/m]
# name 15 = c1S/m: Conductivity, 2 [S/m]
# name 16 = C2-C1S/m: Conductivity Difference, 2 - 1 [S/m]
# name 17 = sal00: Salinity, Practical [PSU]
# name 18 = sal11: Salinity, Practical, 2 [PSU]
# name 19 = sbeox0ML/L: Oxygen, SBE 43 [ml/l]
# name 20 = sigma-é00: Density [sigma-theta, kg/m^3]
# name 21 = sigma-é11: Density, 2 [sigma-theta, kg/m^3]
# name 22 = sbox0Mm/Kg: Oxygen, SBE 43 [umol/kg]
# name 23 = oxsolMm/Kg: Oxygen Saturation, Garcia & Gordon [umol/kg]
# name 24 = oxsatMm/Kg: Oxygen Saturation, Weiss [umol/kg]
# name 25 = nbf: Bottles Fired
# name 26 = flag:  0.000e+00
# interval = seconds: 0.0416667
# start_time = Nov 05 2019 15:20:15 [NMEA time, header]
# bad_flag = -9.990e-29
*END*
[from data line 913]
       1287 309.639683  -62.26950  -58.43790      0.129       0.00      2.346      2.324    -0.8578    -0.8580    -0.0002    -0.8579    -0.8581    -0.0002   2.770725   2.771162   0.000436    34.1896    34.1958     7.4151    27.4911    27.4961    322.297  358.14281  359.79839          6  0.000e+00
       1288 309.639683  -62.26950  -58.43790      0.117       0.00      2.346      2.324    -0.8579    -0.8574     0.0005    -0.8579    -0.8575     0.0005   2.770714   2.771173   0.000460    34.1895    34.1953     7.4149    27.4910    27.4957    322.288  358.14364  359.79922          6  0.000e+00
       1289 309.639684  -62.26950  -58.43790      0.101       0.00      2.292      2.269    -0.8583    -0.8572     0.0010    -0.8583    -0.8573     0.0010   2.770666   2.771133   0.000468    34.1894    34.1946     7.4095    27.4909    27.4951    322.056  358.14793  359.80360          6  0.000e+00
       1290 309.639684  -62.26950  -58.43790      0.087       0.00      2.292      2.269    -0.8587    -0.8579     0.0008    -0.8588    -0.8580     0.0008   2.770654   2.771122   0.000468    34.1897    34.1951     7.4095    27.4912    27.4956    322.055  358.15096  359.80673          6  0.000e+00
       1291 309.639685  -62.26950  -58.43790      0.074       0.00      2.312      2.290    -0.8593    -0.8580     0.0013    -0.8594    -0.8581     0.0013   2.770636   2.771139   0.000503    34.1901    34.1955     7.4088    27.4916    27.4959    322.026  358.15571  359.81165          6  0.000e+00
       1292 309.639685  -62.26950  -58.43790      0.059       0.00      2.292      2.269    -0.8591    -0.8583     0.0008    -0.8592    -0.8584     0.0008   2.770612   2.771162   0.000550    34.1896    34.1962     7.4089    27.4911    27.4964    322.027  358.15512  359.81098          6  0.000e+00
       1293 309.639686  -62.26950  -58.43790      0.047       0.00      2.292      2.269    -0.8595    -0.8582     0.0013    -0.8596    -0.8583     0.0013   2.770624   2.771133   0.000509    34.1902    34.1957     7.4135    27.4916    27.4960    322.227  358.15723  359.81321          6  0.000e+00
       1294 309.639686  -62.26950  -58.43790      0.035       0.00      2.292      2.269    -0.8596    -0.8579     0.0017    -0.8596    -0.8580     0.0017   2.770570   2.771099   0.000529    34.1895    34.1948     7.4085    27.4911    27.4953    322.011  358.15966  359.81561          6  0.000e+00
       1295 309.639687  -62.26950  -58.43790      0.018       0.00      2.244      2.222    -0.8600    -0.8579     0.0021    -0.8600    -0.8579     0.0021   2.770570   2.771127   0.000557    34.1900    34.1952     7.4080    27.4915    27.4956    321.988  358.16214  359.81821          6  0.000e+00
       1296 309.639687  -62.26950  -58.43790      0.006       0.00      2.244      2.222    -0.8600    -0.8579     0.0021    -0.8601    -0.8580     0.0021   2.770558   2.771127   0.000569    34.1899    34.1952     7.4127    27.4914    27.4957    322.192  358.16296  359.81904          6  0.000e+00
       1297 309.639687  -62.26950  -58.43790     -0.007       0.00      2.292      2.269    -0.8600    -0.8587     0.0014    -0.8601    -0.8587     0.0014   2.770570   2.771105   0.000534    34.1901    34.1958     7.4070    27.4915    27.4961    321.948  358.16259  359.81867          6  0.000e+00
       1298 309.639688  -62.26950  -58.43790     -0.017       0.00      2.244      2.222    -0.8601    -0.8583     0.0018    -0.8602    -0.8584     0.0018   2.770576   2.771070   0.000494    34.1903    34.1950     7.4074    27.4917    27.4954    321.963  358.16301  359.81913          6  0.000e+00
       1299 309.639688  -62.26950  -58.43790     -0.029       0.00      2.244      2.222    -0.8602    -0.8585     0.0017    -0.8603    -0.8586     0.0017   2.770558   2.771082   0.000523    34.1901    34.1953     7.4079    27.4916    27.4957    321.985  358.16406  359.82019          6  0.000e+00
       1300 309.639689  -62.26950  -58.43790     -0.041       0.00      2.244      2.222    -0.8603    -0.8582     0.0021    -0.8603    -0.8583     0.0021   2.770534   2.771093   0.000559    34.1899    34.1951     7.4085    27.4914    27.4956    322.012  358.16534  359.82147          6  0.000e+00
       1301 309.639689  -62.26950  -58.43790     -0.051       0.00      2.244      2.222    -0.8600    -0.8583     0.0017    -0.8601    -0.8584     0.0017   2.770522   2.771070   0.000548    34.1894    34.1950     7.4092    27.4910    27.4954    322.040  358.16434  359.82039          6  0.000e+00
       1302 309.639690  -62.26950  -58.43790     -0.062       0.00      2.209      2.188    -0.8598    -0.8585     0.0013    -0.8599    -0.8586     0.0013   2.770558   2.771082   0.000523    34.1897    34.1953     7.4142    27.4912    27.4957    322.260  358.16144  359.81745          6  0.000e+00
       1303 309.639690  -62.26950  -58.43790     -0.071       0.00      2.244      2.222    -0.8602    -0.8585     0.0017    -0.8603    -0.8586     0.0017   2.770576   2.771093   0.000517    34.1904    34.1955     7.4151    27.4918    27.4959    322.297  358.16338  359.81952          6  0.000e+00
       1304 309.639691  -62.26950  -58.43790     -0.083       0.00      2.189      2.168    -0.8597    -0.8586     0.0010    -0.8597    -0.8587     0.0010   2.770576   2.771093   0.000517    34.1898    34.1957     7.4106    27.4913    27.4960    322.101  358.15998  359.81598          6  0.000e+00
       1305 309.639691  -62.26950  -58.43790     -0.092       0.00      2.189      2.168    -0.8599    -0.8590     0.0009    -0.8600    -0.8590     0.0009   2.770558   2.771053   0.000495    34.1898    34.1955     7.4107    27.4914    27.4959    322.108  358.16213  359.81818          6  0.000e+00
       1306 309.639692  -62.26950  -58.43790     -0.099       0.00      2.244      2.222    -0.8600    -0.8587     0.0013    -0.8600    -0.8587     0.0013   2.770570   2.771076   0.000506    34.1900    34.1954     7.4109    27.4915    27.4958    322.117  358.16214  359.81821          6  0.000e+00
       1307 309.639692  -62.26950  -58.43790     -0.107       0.00      2.189      2.168    -0.8600    -0.8589     0.0011    -0.8601    -0.8590     0.0011   2.770558   2.771070   0.000512    34.1900    34.1957     7.4119    27.4915    27.4961    322.161  358.16287  359.81895          6  0.000e+00
       1308 309.639693  -62.26950  -58.43790     -0.112       0.00      2.189      2.168    -0.8599    -0.8585     0.0014    -0.8600    -0.8586     0.0014   2.770552   2.771064   0.000512    34.1897    34.1951     7.4123    27.4913    27.4956    322.174  358.16236  359.81840          6  0.000e+00
       1309 309.639693  -62.26950  -58.43790     -0.119       0.00      2.189      2.168    -0.8598    -0.8585     0.0013    -0.8599    -0.8586     0.0013   2.770552   2.771064   0.000512    34.1896    34.1951     7.4126    27.4912    27.4956    322.190  358.16163  359.81764          6  0.000e+00
       1310 309.639694  -62.26950  -58.43790     -0.128       0.00      2.141      2.120    -0.8599    -0.8586     0.0013    -0.8600    -0.8587     0.0013   2.770570   2.771047   0.000477    34.1900    34.1951     7.4130    27.4915    27.4955    322.208  358.16159  359.81765          6  0.000e+00
       1311 309.639694  -62.26950  -58.43790     -0.132       0.00      2.189      2.168    -0.8601    -0.8582     0.0019    -0.8602    -0.8583     0.0019   2.770558   2.771059   0.000500    34.1901    34.1947     7.4188    27.4916    27.4952    322.460  358.16360  359.81971          6  0.000e+00
       1312 309.639695  -62.26950  -58.43790     -0.135       0.00      2.189      2.168    -0.8600    -0.8582     0.0018    -0.8601    -0.8583     0.0018   2.770570   2.771064   0.000494    34.1901    34.1948     7.4201    27.4916    27.4953    322.517  358.16241  359.81850          6  0.000e+00
       1313 309.639695  -62.26950  -58.43790     -0.141       0.00      2.161      2.141    -0.8600    -0.8582     0.0018    -0.8600    -0.8582     0.0018   2.770516   2.771064   0.000548    34.1893    34.1948     7.4207    27.4910    27.4953    322.541  358.16405  359.82009          6  0.000e+00
       1314 309.639696  -62.26950  -58.43790     -0.140       0.00      2.189      2.168    -0.8602    -0.8585     0.0017    -0.8603    -0.8586     0.0017   2.770516   2.771122   0.000605    34.1896    34.1959     7.4161    27.4912    27.4962    322.342  358.16557  359.82166          6  0.000e+00
       1315 309.639696  -62.26950  -58.43790     -0.144       0.00      2.141      2.120    -0.8600    -0.8579     0.0021    -0.8600    -0.8580     0.0021   2.770558   2.771082   0.000523    34.1899    34.1947     7.4158    27.4914    27.4952    322.329  358.16242  359.81848          6  0.000e+00
       1316 309.639697  -62.26952  -58.43790     -0.148       0.00      2.141      2.120    -0.8599    -0.8583     0.0016    -0.8600    -0.8584     0.0016   2.770558   2.771087   0.000529    34.1899    34.1952     7.4164    27.4914    27.4957    322.357  358.16205  359.81810          6  0.000e+00
       1317 309.639697  -62.26952  -58.43790     -0.147       0.00      2.189      2.168    -0.8603    -0.8580     0.0022    -0.8603    -0.8581     0.0022   2.770528   2.771093   0.000565    34.1898    34.1950     7.4173    27.4914    27.4954    322.393  358.16548  359.82160          7  0.000e+00
       1318 309.639698  -62.26952  -58.43790     -0.152       0.00      2.093      2.073    -0.8600    -0.8582     0.0018    -0.8601    -0.8583     0.0018   2.770540   2.771110   0.000570    34.1898    34.1955     7.4171    27.4913    27.4959    322.386  358.16338  359.81945          7  0.000e+00
       1319 309.639698  -62.26952  -58.43790     -0.153       0.00      2.141      2.120    -0.8601    -0.8583     0.0018    -0.8602    -0.8584     0.0018   2.770528   2.771099   0.000571    34.1897    34.1954     7.4180    27.4913    27.4958    322.424  358.16466  359.82075          7  0.000e+00
       1320 309.639699  -62.26952  -58.43790     -0.148       0.00      2.189      2.168    -0.8602    -0.8587     0.0015    -0.8603    -0.8587     0.0015   2.770522   2.771076   0.000554    34.1897    34.1955     7.4233    27.4912    27.4959    322.655  358.16534  359.82144          7  0.000e+00
       1321 309.639699  -62.26952  -58.43790     -0.151       0.00      2.093      2.073    -0.8602    -0.8587     0.0015    -0.8603    -0.8587     0.0015   2.770504   2.771064   0.000560    34.1895    34.1954     7.4241    27.4911    27.4958    322.688  358.16586  359.82195          7  0.000e+00
       1322 309.639700  -62.26952  -58.43790     -0.151       0.00      2.141      2.120    -0.8601    -0.8586     0.0015    -0.8602    -0.8587     0.0015   2.770534   2.771082   0.000547    34.1898    34.1955     7.4197    27.4913    27.4959    322.500  358.16443  359.82053          7  0.000e+00
       1323 309.639700  -62.26952  -58.43790     -0.147       0.00      2.141      2.120    -0.8600    -0.8587     0.0014    -0.8601    -0.8587     0.0014   2.770552   2.771076   0.000524    34.1899    34.1955     7.4250    27.4914    27.4959    322.728  358.16301  359.81909          7  0.000e+00
       1324 309.639701  -62.26952  -58.43790     -0.147       0.00      2.107      2.086    -0.8600    -0.8590     0.0010    -0.8600    -0.8590     0.0010   2.770534   2.771047   0.000513    34.1896    34.1955     7.4207    27.4912    27.4959    322.540  358.16327  359.81932          7  0.000e+00
       1325 309.639701  -62.26952  -58.43790     -0.145       0.00      2.141      2.120    -0.8600    -0.8586     0.0014    -0.8601    -0.8587     0.0014   2.770564   2.771041   0.000477    34.1901    34.1950     7.4216    27.4916    27.4955    322.581  358.16255  359.81864          7  0.000e+00
       1326 309.639701  -62.26952  -58.43790     -0.144       0.00      2.093      2.073    -0.8601    -0.8585     0.0017    -0.8602    -0.8586     0.0017   2.770558   2.771059   0.000500    34.1902    34.1951     7.4218    27.4916    27.4956    322.589  358.16343  359.81955          7  0.000e+00
       1327 309.639702  -62.26952  -58.43790     -0.143       0.00      2.093      2.073    -0.8604    -0.8588     0.0016    -0.8604    -0.8589     0.0016   2.770552   2.771047   0.000495    34.1903    34.1953     7.4221    27.4918    27.4957    322.600  358.16513  359.82130          7  0.000e+00
       1328 309.639702  -62.26952  -58.43790     -0.139       0.00      2.141      2.120    -0.8601    -0.8588     0.0013    -0.8602    -0.8589     0.0013   2.770552   2.771059   0.000506    34.1900    34.1954     7.4275    27.4915    27.4958    322.837  358.16374  359.81985          7  0.000e+00
       1329 309.639703  -62.26952  -58.43790     -0.138       0.00      2.093      2.073    -0.8600    -0.8590     0.0011    -0.8601    -0.8590     0.0011   2.770534   2.771064   0.000530    34.1897    34.1957     7.4233    27.4913    27.4961    322.655  358.16361  359.81968          7  0.000e+00
       1330 309.639703  -62.26952  -58.43790     -0.132       0.00      2.141      2.120    -0.8604    -0.8593     0.0012    -0.8605    -0.8593     0.0012   2.770546   2.771064   0.000518    34.1903    34.1960     7.4237    27.4918    27.4963    322.672  358.16581  359.82199          7  0.000e+00
       1331 309.639704  -62.26952  -58.43790     -0.129       0.00      2.093      2.073    -0.8604    -0.8589     0.0014    -0.8604    -0.8590     0.0014   2.770534   2.771047   0.000513    34.1901    34.1954     7.4232    27.4916    27.4959    322.649  358.16581  359.82198          7  0.000e+00
       1332 309.639704  -62.26952  -58.43790     -0.127       0.00      2.093      2.073    -0.8603    -0.8591     0.0011    -0.8603    -0.8592     0.0011   2.770546   2.771018   0.000472    34.1901    34.1952     7.4227    27.4916    27.4957    322.627  358.16462  359.82076          7  0.000e+00
       1333 309.639705  -62.26952  -58.43790     -0.125       0.00      2.093      2.073    -0.8602    -0.8588     0.0014    -0.8603    -0.8589     0.0014   2.770510   2.771030   0.000520    34.1896    34.1950     7.4222    27.4912    27.4955    322.606  358.16563  359.82172          7  0.000e+00
       1334 309.639705  -62.26952  -58.43790     -0.122       0.00      2.107      2.086    -0.8602    -0.8588     0.0014    -0.8603    -0.8589     0.0014   2.770516   2.771059   0.000542    34.1896    34.1954     7.4225    27.4912    27.4958    322.621  358.16542  359.82152          7  0.000e+00
       1335 309.639706  -62.26952  -58.43790     -0.118       0.00      2.093      2.073    -0.8603    -0.8585     0.0018    -0.8603    -0.8586     0.0018   2.770522   2.771030   0.000508    34.1898    34.1947     7.4229    27.4913    27.4952    322.636  358.16554  359.82166          7  0.000e+00
       1336 309.639706  -62.26952  -58.43790     -0.114       0.00      2.093      2.073    -0.8604    -0.8593     0.0011    -0.8604    -0.8593     0.0011   2.770522   2.771013   0.000490    34.1899    34.1953     7.4233    27.4915    27.4958    322.654  358.16627  359.82242          7  0.000e+00
       1337 309.639707  -62.26952  -58.43790     -0.107       0.00      2.141      2.120    -0.8601    -0.8589     0.0012    -0.8602    -0.8590     0.0012   2.770504   2.771047   0.000543    34.1894    34.1954     7.4289    27.4910    27.4958    322.898  358.16557  359.82165          7  0.000e+00
       1338 309.639707  -62.26952  -58.43790     -0.105       0.00      2.093      2.073    -0.8604    -0.8593     0.0011    -0.8604    -0.8593     0.0011   2.770498   2.771047   0.000549    34.1896    34.1958     7.4241    27.4912    27.4962    322.690  358.16719  359.82332          7  0.000e+00
       1339 309.639708  -62.26952  -58.43790     -0.103       0.00      2.093      2.073    -0.8603    -0.8591     0.0011    -0.8603    -0.8592     0.0011   2.770498   2.771024   0.000526    34.1895    34.1953     7.4237    27.4911    27.4958    322.672  358.16645  359.82256          7  0.000e+00
