Pos-Processados/process_op38/operantar38_016.ros
* Sea-Bird SBE 9 Data File:
* FileName = D:\OPERANTAR_XXXVIII\DADOS\OP38_016.hdr
* Software Version Seasave V 7.18c
* Temperature SN = 4808
* Conductivity SN = 3380
* Number of Bytes Per Scan = 34
* Number of Voltage Words = 3
* Number of Scans Averaged by the Deck Unit = 1
* NMEA Latitude = 62 13.34 S
* NMEA Longitude = 058 12.68 W
* NMEA UTC (Time) = Nov 05 2019 11:56:34
** H41
** NAVIO POLAR ALMIRANTE MAXIMIANO
** CRUZEIRO:
** OPERANTAR XXXVIII
** ESTAÇÃO: OP38_016
** LAT 62 13,33' S
** LONG 058 12,65' W
** 09P73767-1155_A
** PROFUNDIDADE: 310
** DATA/HORA: 051157Z/NOV/2019
** OPERADOR: SO-HN CHAVES
# nquan = 26
# nvalues = 1885                                  
# units = specified
# name 0 = scan: Scan Count
# name 1 = timeJ: Julian Days
# name 2 = latitude: Latitude [deg]
# name 3 = longitude: Longitude [deg]
# name 4 = dz/dtM: Descent Rate [m/s]
# name 5 = avgsvCM: Average Sound Velocity [Chen-Millero, m/s]
# name 6 = prDM: Pressure, Digiquartz [db]
# name 7 = depSM: Depth [salt water, m]
# name 8 = t090C: Temperature [ITS-90, deg C]
# name 9 = t190C: Temperature, 2 [ITS-90, deg C]
# name 10 = T2-T190C: Temperature Difference, 2 - 1 [ITS-90, deg C]
# name 11 = potemp090C: Potential Temperature [ITS-90, deg C]
# name 12 = potemp190C: Potential Temperature, 2 [ITS-90, deg C]
# name 13 = potemp90Cdiff: Potential Temperature, Diff, 2 - 1 [ITS-90, deg C]
# name 14 = c0S/m: Conductivity [S/m]
# name 15 = c1S/m: Conductivity, 2 [S/m]
# name 16 = C2-C1S/m: Conductivity Difference, 2 - 1 [S/m]
# name 17 = sal00: Salinity, Practical [PSU]
# name 18 = sal11: Salinity, Practical, 2 [PSU]
# name 19 = sbeox0ML/L: Oxygen, SBE 43 [ml/l]
# name 20 = sbeox1ML/L: Oxygen, SBE 43, 2 [ml/l]
# name 21 = sbeox0ML/Ldiff: Oxygen, SBE 43, Diff, 2 - 1 [ml/l]
# name 22 = sigma-é00: Density [sigma-theta, kg/m^3]
# name 23 = sigma-é11: Density, 2 [sigma-theta, kg/m^3]
# name 24 = nbf: Bottles Fired
# name 25 = flag:  0.000e+00
# interval = seconds: 0.0416667
# start_time = Nov 05 2019 11:56:34 [NMEA time, header]
# bad_flag = -9.990e-29
*END*
[from data line 614]
      27184 309.510725  -62.22236  -58.21130     -0.048    1446.63     18.863     18.681    -0.8163    -0.8164    -0.0001    -0.8168    -0.8169    -0.0001   2.773091   2.773492   0.000401    34.1643    34.1698     7.5863     7.2691    -0.3172    27.4689    27.4734          4  0.000e+00
      27185 309.510725  -62.22236  -58.21130     -0.047    1446.63     18.815     18.634    -0.8165    -0.8161     0.0004    -0.8170    -0.8166     0.0004   2.773055   2.773469   0.000414    34.1640    34.1692     7.5863     7.2698    -0.3165    27.4687    27.4729          4  0.000e+00
      27186 309.510726  -62.22236  -58.21130     -0.045    1446.63     18.836     18.654    -0.8165    -0.8164     0.0001    -0.8170    -0.8169     0.0001   2.773061   2.773475   0.000414    34.1641    34.1696     7.5856     7.2636    -0.3220    27.4688    27.4733          4  0.000e+00
      27187 309.510726  -62.22236  -58.21130     -0.039    1446.63     18.863     18.681    -0.8165    -0.8162     0.0002    -0.8170    -0.8167     0.0002   2.773055   2.773463   0.000408    34.1640    34.1693     7.5850     7.2621    -0.3228    27.4687    27.4730          4  0.000e+00
      27188 309.510727  -62.22236  -58.21130     -0.037    1446.63     18.863     18.681    -0.8163    -0.8164    -0.0001    -0.8168    -0.8169    -0.0001   2.773061   2.773463   0.000402    34.1639    34.1695     7.5842     7.2666    -0.3176    27.4686    27.4731          4  0.000e+00
      27189 309.510727  -62.22236  -58.21130     -0.035    1446.63     18.836     18.654    -0.8165    -0.8164     0.0001    -0.8170    -0.8169     0.0001   2.773085   2.773498   0.000413    34.1644    34.1699     7.5835     7.2662    -0.3172    27.4691    27.4735          4  0.000e+00
      27190 309.510728  -62.22236  -58.21130     -0.031    1446.63     18.815     18.634    -0.8165    -0.8154     0.0010    -0.8170    -0.8160     0.0010   2.773079   2.773475   0.000396    34.1643    34.1686     7.5827     7.2658    -0.3170    27.4690    27.4724          4  0.000e+00
      27191 309.510728  -62.22236  -58.21130     -0.030    1446.63     18.863     18.681    -0.8160    -0.8159     0.0001    -0.8165    -0.8164     0.0001   2.773067   2.773463   0.000396    34.1636    34.1689     7.5820     7.2656    -0.3164    27.4684    27.4727          5  0.000e+00
      27192 309.510729  -62.22236  -58.21130     -0.025    1446.63     18.863     18.681    -0.8165    -0.8159     0.0006    -0.8170    -0.8164     0.0006   2.773073   2.773475   0.000402    34.1642    34.1690     7.5814     7.2665    -0.3148    27.4689    27.4728          5  0.000e+00
      27193 309.510729  -62.22236  -58.21130     -0.023    1446.63     18.836     18.654    -0.8165    -0.8165    -0.0001    -0.8170    -0.8170    -0.0001   2.773091   2.773486   0.000395    34.1645    34.1699     7.5814     7.2664    -0.3151    27.4691    27.4735          5  0.000e+00
      27194 309.510730  -62.22236  -58.21130     -0.018    1446.63     18.863     18.681    -0.8163    -0.8164    -0.0001    -0.8168    -0.8169    -0.0001   2.773097   2.773469   0.000372    34.1644    34.1695     7.5807     7.2673    -0.3134    27.4690    27.4732          5  0.000e+00
      27195 309.510730  -62.22236  -58.21130     -0.018    1446.63     18.815     18.634    -0.8163    -0.8161     0.0002    -0.8168    -0.8166     0.0002   2.773061   2.773498   0.000437    34.1639    34.1696     7.5808     7.2611    -0.3197    27.4686    27.4732          5  0.000e+00
      27196 309.510731  -62.22236  -58.21130     -0.018    1446.63     18.836     18.654    -0.8165    -0.8161     0.0004    -0.8170    -0.8166     0.0004   2.773085   2.773492   0.000407    34.1644    34.1695     7.5810     7.2670    -0.3141    27.4691    27.4732          5  0.000e+00
      27197 309.510731  -62.22236  -58.21130     -0.014    1446.63     18.863     18.681    -0.8162    -0.8162    -0.0000    -0.8167    -0.8167    -0.0000   2.773097   2.773509   0.000412    34.1642    34.1699     7.5812     7.2669    -0.3143    27.4689    27.4735          5  0.000e+00
      27198 309.510732  -62.22236  -58.21130     -0.010    1446.63     18.863     18.681    -0.8163    -0.8161     0.0002    -0.8168    -0.8166     0.0002   2.773079   2.773469   0.000390    34.1641    34.1692     7.5866     7.2680    -0.3186    27.4688    27.4729          5  0.000e+00
      27199 309.510732  -62.22236  -58.21130     -0.010    1446.63     18.836     18.654    -0.8166    -0.8161     0.0005    -0.8171    -0.8166     0.0005   2.773091   2.773458   0.000366    34.1646    34.1690     7.5825     7.2691    -0.3133    27.4692    27.4728          5  0.000e+00
      27200 309.510733  -62.22236  -58.21130     -0.008    1446.63     18.863     18.681    -0.8165    -0.8161     0.0004    -0.8170    -0.8166     0.0004   2.773061   2.773463   0.000402    34.1641    34.1691     7.5828     7.2692    -0.3136    27.4688    27.4728          5  0.000e+00
      27201 309.510733  -62.22236  -58.21130     -0.006    1446.63     18.863     18.681    -0.8161    -0.8165    -0.0004    -0.8166    -0.8170    -0.0004   2.773085   2.773475   0.000390    34.1640    34.1698     7.5830     7.2692    -0.3137    27.4687    27.4734          5  0.000e+00
      27202 309.510734  -62.22236  -58.21130     -0.003    1446.63     18.863     18.681    -0.8163    -0.8159     0.0004    -0.8168    -0.8164     0.0004   2.773073   2.773486   0.000413    34.1640    34.1692     7.5833     7.2691    -0.3142    27.4687    27.4729          5  0.000e+00
      27203 309.510734  -62.22236  -58.21130      0.000    1446.63     18.884     18.702    -0.8163    -0.8164    -0.0001    -0.8168    -0.8169    -0.0001   2.773055   2.773492   0.000437    34.1638    34.1698     7.5829     7.2633    -0.3196    27.4685    27.4734          5  0.000e+00
      27204 309.510734  -62.22236  -58.21130     -0.001    1446.63     18.815     18.634    -0.8163    -0.8161     0.0002    -0.8168    -0.8166     0.0002   2.773043   2.773463   0.000420    34.1637    34.1691     7.5832     7.2680    -0.3152    27.4684    27.4729          5  0.000e+00
      27205 309.510735  -62.22236  -58.21130      0.005    1446.63     18.911     18.729    -0.8165    -0.8159     0.0006    -0.8170    -0.8164     0.0006   2.773079   2.773458   0.000378    34.1643    34.1688     7.5837     7.2681    -0.3156    27.4690    27.4726          5  0.000e+00
      27206 309.510735  -62.22236  -58.21130      0.006    1446.63     18.836     18.654    -0.8165    -0.8164     0.0001    -0.8170    -0.8169     0.0001   2.773097   2.773481   0.000383    34.1646    34.1697     7.5840     7.2682    -0.3159    27.4692    27.4733          5  0.000e+00
      27207 309.510736  -62.22236  -58.21130      0.008    1446.63     18.863     18.681    -0.8161    -0.8164    -0.0003    -0.8166    -0.8169    -0.0003   2.773073   2.773504   0.000430    34.1638    34.1700     7.5845     7.2694    -0.3151    27.4686    27.4736          5  0.000e+00
      27208 309.510736  -62.22236  -58.21130      0.008    1446.63     18.863     18.681    -0.8163    -0.8162     0.0001    -0.8168    -0.8167     0.0001   2.773073   2.773492   0.000419    34.1640    34.1696     7.5850     7.2636    -0.3214    27.4687    27.4733          5  0.000e+00
      27209 309.510737  -62.22236  -58.21130      0.009    1446.63     18.836     18.654    -0.8162    -0.8164    -0.0002    -0.8167    -0.8169    -0.0002   2.773091   2.773492   0.000401    34.1642    34.1699     7.5847     7.2685    -0.3162    27.4688    27.4735          5  0.000e+00
      27210 309.510737  -62.22236  -58.21130      0.011    1446.63     18.911     18.729    -0.8161    -0.8162    -0.0001    -0.8166    -0.8167    -0.0001   2.773073   2.773481   0.000407    34.1638    34.1695     7.5904     7.2699    -0.3205    27.4686    27.4731          5  0.000e+00
      27211 309.510738  -62.22236  -58.21130      0.013    1446.63     18.863     18.681    -0.8163    -0.8165    -0.0002    -0.8168    -0.8170    -0.0002   2.773091   2.773463   0.000372    34.1643    34.1696     7.5865     7.2701    -0.3164    27.4689    27.4733          5  0.000e+00
      27212 309.510738  -62.22236  -58.21130      0.016    1446.63     18.863     18.681    -0.8162    -0.8162    -0.0000    -0.8167    -0.8167    -0.0000   2.773115   2.773481   0.000366    34.1645    34.1695     7.5870     7.2702    -0.3168    27.4691    27.4732          5  0.000e+00
      27213 309.510739  -62.22236  -58.21130      0.016    1446.63     18.884     18.702    -0.8163    -0.8162     0.0001    -0.8168    -0.8167     0.0001   2.773103   2.773463   0.000360    34.1644    34.1692     7.5877     7.2705    -0.3172    27.4691    27.4730          5  0.000e+00
      27214 309.510739  -62.22236  -58.21130      0.018    1446.63     18.863     18.681    -0.8163    -0.8164    -0.0001    -0.8168    -0.8169    -0.0001   2.773061   2.773458   0.000396    34.1639    34.1693     7.5883     7.2707    -0.3176    27.4686    27.4730          5  0.000e+00
      27215 309.510740  -62.22236  -58.21130      0.018    1446.63     18.863     18.681    -0.8163    -0.8161     0.0002    -0.8168    -0.8166     0.0002   2.773061   2.773481   0.000419    34.1639    34.1693     7.5889     7.2708    -0.3181    27.4686    27.4730          5  0.000e+00
      27216 309.510740  -62.22236  -58.21130      0.020    1446.63     18.884     18.702    -0.8161    -0.8159     0.0002    -0.8166    -0.8164     0.0002   2.773085   2.773481   0.000395    34.1640    34.1691     7.5896     7.2710    -0.3186    27.4687    27.4728          5  0.000e+00
      27217 309.510741  -62.22236  -58.21130      0.019    1446.63     18.863     18.681    -0.8161    -0.8158     0.0004    -0.8166    -0.8163     0.0004   2.773061   2.773486   0.000425    34.1637    34.1691     7.5895     7.2723    -0.3172    27.4684    27.4728          5  0.000e+00
      27218 309.510741  -62.22236  -58.21130      0.019    1446.63     18.863     18.681    -0.8162    -0.8164    -0.0002    -0.8167    -0.8169    -0.0002   2.773085   2.773492   0.000407    34.1641    34.1698     7.5902     7.2668    -0.3234    27.4688    27.4734          5  0.000e+00
      27219 309.510742  -62.22236  -58.21130      0.022    1446.63     18.884     18.702    -0.8165    -0.8165    -0.0001    -0.8170    -0.8170    -0.0001   2.773079   2.773481   0.000401    34.1643    34.1698     7.5902     7.2719    -0.3184    27.4690    27.4734          5  0.000e+00
      27220 309.510742  -62.22236  -58.21130      0.020    1446.63     18.863     18.681    -0.8163    -0.8164    -0.0001    -0.8168    -0.8169    -0.0001   2.773109   2.773504   0.000395    34.1645    34.1700     7.5901     7.2721    -0.3180    27.4691    27.4736          5  0.000e+00
      27221 309.510743  -62.22236  -58.21130      0.024    1446.63     18.911     18.729    -0.8160    -0.8158     0.0002    -0.8165    -0.8163     0.0002   2.773103   2.773515   0.000412    34.1641    34.1694     7.5900     7.2723    -0.3177    27.4688    27.4731          5  0.000e+00
      27222 309.510743  -62.22236  -58.21130      0.024    1446.63     18.863     18.681    -0.8163    -0.8165    -0.0002    -0.8168    -0.8170    -0.0002   2.773097   2.773486   0.000389    34.1644    34.1699     7.5900     7.2727    -0.3173    27.4690    27.4735          5  0.000e+00
      27223 309.510744  -62.22236  -58.21130      0.023    1446.63     18.884     18.702    -0.8158    -0.8162    -0.0004    -0.8163    -0.8167    -0.0004   2.773097   2.773463   0.000366    34.1638    34.1692     7.5846     7.2730    -0.3117    27.4685    27.4730          5  0.000e+00
      27224 309.510744  -62.22236  -58.21130      0.024    1446.63     18.863     18.681    -0.8160    -0.8162    -0.0002    -0.8165    -0.8167    -0.0002   2.773073   2.773481   0.000407    34.1637    34.1695     7.5891     7.2732    -0.3158    27.4685    27.4732          5  0.000e+00
      27225 309.510745  -62.22236  -58.21130      0.026    1446.63     18.911     18.729    -0.8158    -0.8161    -0.0003    -0.8163    -0.8166    -0.0003   2.773091   2.773481   0.000389    34.1637    34.1693     7.5890     7.2677    -0.3214    27.4685    27.4730          5  0.000e+00
      27226 309.510745  -62.22236  -58.21130      0.025    1446.63     18.884     18.702    -0.8160    -0.8160    -0.0001    -0.8165    -0.8166    -0.0001   2.773115   2.773486   0.000371    34.1643    34.1694     7.5890     7.2668    -0.3222    27.4689    27.4730          5  0.000e+00
      27227 309.510746  -62.22236  -58.21130      0.028    1446.63     18.911     18.729    -0.8162    -0.8161     0.0001    -0.8167    -0.8166     0.0001   2.773085   2.773469   0.000384    34.1640    34.1691     7.5890     7.2720    -0.3171    27.4687    27.4729          5  0.000e+00
      27228 309.510746  -62.22236  -58.21130      0.027    1446.63     18.863     18.681    -0.8161    -0.8162    -0.0001    -0.8166    -0.8167    -0.0001   2.773127   2.773475   0.000348    34.1646    34.1694     7.5889     7.2723    -0.3166    27.4692    27.4731          5  0.000e+00
      27229 309.510747  -62.22236  -58.21130      0.029    1446.63     18.884     18.702    -0.8158    -0.8161    -0.0003    -0.8163    -0.8166    -0.0003   2.773109   2.773486   0.000377    34.1640    34.1694     7.5889     7.2727    -0.3162    27.4687    27.4731          5  0.000e+00
      27230 309.510747  -62.22236  -58.21130      0.029    1446.63     18.911     18.729    -0.8162    -0.8162    -0.0000    -0.8167    -0.8167    -0.0000   2.773079   2.773492   0.000413    34.1640    34.1696     7.5889     7.2731    -0.3158    27.4687    27.4733          5  0.000e+00
      27231 309.510747  -62.22236  -58.21130      0.029    1446.63     18.863     18.681    -0.8160    -0.8159     0.0001    -0.8165    -0.8164     0.0001   2.773049   2.773481   0.000431    34.1634    34.1691     7.5888     7.2734    -0.3154    27.4682    27.4729          5  0.000e+00
      27232 309.510748  -62.22236  -58.21130      0.027    1446.63     18.911     18.729    -0.8165    -0.8162     0.0002    -0.8170    -0.8167     0.0002   2.773097   2.773446   0.000349    34.1645    34.1690     7.5889     7.2739    -0.3150    27.4691    27.4728          5  0.000e+00
      27233 309.510748  -62.22236  -58.21130      0.028    1446.63     18.884     18.702    -0.8162    -0.8161     0.0001    -0.8167    -0.8166     0.0001   2.773103   2.773475   0.000372    34.1643    34.1692     7.5888     7.2743    -0.3145    27.4690    27.4729          5  0.000e+00
      27234 309.510749  -62.22236  -58.21130      0.024    1446.63     18.863     18.681    -0.8160    -0.8165    -0.0005    -0.8165    -0.8170    -0.0005   2.773097   2.773504   0.000406    34.1640    34.1702     7.5887     7.2747    -0.3140    27.4687    27.4737          5  0.000e+00
      27235 309.510749  -62.22236  -58.21130      0.025    1446.63     18.911     18.729    -0.8163    -0.8164    -0.0001    -0.8168    -0.8169    -0.0001   2.773079   2.773492   0.000413    34.1641    34.1698     7.5888     7.2739    -0.3149    27.4688    27.4734          5  0.000e+00
      27236 309.510750  -62.22236  -58.21130      0.026    1446.63     18.884     18.702    -0.8162    -0.8159     0.0003    -0.8167    -0.8164     0.0003   2.773091   2.773527   0.000435    34.1641    34.1697     7.5887     7.2729    -0.3158    27.4688    27.4734          5  0.000e+00
      27237 309.510750  -62.22236  -58.21130      0.028    1446.63     18.911     18.729    -0.8161    -0.8159     0.0002    -0.8166    -0.8164     0.0002   2.773115   2.773475   0.000360    34.1644    34.1690     7.5887     7.2732    -0.3154    27.4690    27.4727          5  0.000e+00
