Pos-Processados/process_op38/operantar38_008.cnv
* Sea-Bird SBE 9 Data File:
* FileName = D:\OPERANTAR_XXXVIII\DADOS\OP38_008.hdr
* Software Version Seasave V 7.18c
* Temperature SN = 4808
* Conductivity SN = 3380
* Number of Bytes Per Scan = 31
* Number of Voltage Words = 2
* Number of Scans Averaged by the Deck Unit = 1
* NMEA Latitude = 44 37.30 S
* NMEA Longitude = 052 09.37 W
* NMEA UTC (Time) = Oct 20 2019 01:25:54
** H41
** NAVIO POLAR ALMIRANTE MAXIMIANO
** CRUZEIRO:
** OPERANTAR XXXVIII
** ESTAวรO: OP38_008
** LAT 44บ 37,32'S
** LONG 052บ 09,39'W
** 09P73767-1155
** PROFUNDIDADE: 5784
** DATA/HORA: 200126Z/OUT/19
** OPERADOR: CT TECCHIO
# nquan = 32
# nvalues = 2081                        
# units = specified
# name 0 = scan: Scan Count
# name 1 = timeJ: Julian Days
# name 2 = latitude: Latitude [deg]
# name 3 = longitude: Longitude [deg]
# name 4 = dz/dtM: Descent Rate [m/s]
# name 5 = avgsvCM: Average Sound Velocity [Chen-Millero, m/s]
# name 6 = prDM: Pressure, Digiquartz [db]
# name 7 = depSM: Depth [salt water, m]
# name 8 = t090C: Temperature [ITS-90, deg C]
# name 9 = t190C: Temperature, 2 [ITS-90, deg C]
# name 10 = T2-T190C: Temperature Difference, 2 - 1 [ITS-90, deg C]
# name 11 = potemp090C: Potential Temperature [ITS-90, deg C]
# name 12 = potemp190C: Potential Temperature, 2 [ITS-90, deg C]
# name 13 = potemp90Cdiff: Potential Temperature, Diff, 2 - 1 [ITS-90, deg C]
# name 14 = c0S/m: Conductivity [S/m]
# name 15 = c1S/m: Conductivity, 2 [S/m]
# name 16 = C2-C1S/m: Conductivity Difference, 2 - 1 [S/m]
# name 17 = sal00: Salinity, Practical [PSU]
# name 18 = sal11: Salinity, Practical, 2 [PSU]
# name 19 = sbeox0ML/L: Oxygen, SBE 43 [ml/l]
# name 20 = sbeox1ML/L: Oxygen, SBE 43, 2 [ml/l]
# name 21 = sbeox0ML/Ldiff: Oxygen, SBE 43, Diff, 2 - 1 [ml/l]
# name 22 = sigma-้00: Density [sigma-theta, kg/m^3]
# name 23 = sigma-้11: Density, 2 [sigma-theta, kg/m^3]
# name 24 = sal00: Salinity, Practical [PSU]
# name 25 = sigma-้00: Density [sigma-theta, kg/m^3]
# name 26 = svCM: Sound Velocity [Chen-Millero, m/s]
# name 27 = svCM1: Sound Velocity, 2 [Chen-Millero, m/s]
# name 28 = gsw_ptA0: potential temperature [ITS-90, deg C]
# name 29 = gsw_densityA0: density, TEOS-10 [density, kg/m^3]
# name 30 = gsw_saA0: Absolute Salinity [g/kg]
# name 31 = flag:
# span 0 =       2031,      73448       
# span 1 = 293.060632, 293.095073       
# span 2 =  -44.62184,  -44.60889       
# span 3 =  -52.15622,  -52.14131       
# span 4 =     -1.531,      1.567       
# span 5 =      -0.01,    1505.03       
# span 6 =      3.000,   1044.000       
# span 7 =      3.012,   1032.954       
# span 8 =     3.0030,    13.3732       
# span 9 =     3.0035,    13.3738       
# span 10 =    -0.1966,     0.2897      
# span 11 =     2.9321,    13.3637      
# span 12 =     2.9327,    13.3643      
# span 13 =    -0.1963,     0.2892      
# span 14 =   3.152741,   4.168399      
# span 15 =   3.153316,   4.168763      
# span 16 =  -0.020591,   0.033213      
# span 17 =    34.1211,    35.3067      
# span 18 =    34.1265,    35.3122      
# span 19 =     4.6656,     6.4668      
# span 20 =     4.4676,     6.1679      
# span 21 =    -0.4697,    -0.1304      
# span 22 =    26.4486,    27.3387      
# span 23 =    26.4540,    27.3427      
# span 24 =    34.1172,    35.3098      
# span 25 =    26.4489,    27.3386      
# span 26 =    1475.02,    1502.92      
# span 27 =    1475.03,    1502.92      
# span 28 =     2.9319,    13.3637      
# span 29 =  1026.4749,  1032.1748      
# span 30 =    34.2794,    35.4766      
# span 31 = 0.0000e+00, 0.0000e+00      
# interval = decibars: 1                
# start_time = Oct 20 2019 01:25:54 [NMEA time, header]
# bad_flag = -9.990e-29
*END*
[from data line 1224]
      39980 293.078933  -44.61846  -52.15240     -0.866    1479.61    859.000    850.296     3.2618     3.2609    -0.0009     3.2031     3.2022    -0.0009   3.162761   3.163091   0.000334    34.2154    34.2203     5.2881     5.0531    -0.2351    27.2401    27.2441    34.2144    27.2393    1476.61    1476.61     3.2030  1031.2210    34.3786 0.0000e+00
      40010 293.078947  -44.61845  -52.15239     -0.819    1479.61    858.000    849.309     3.2608     3.2609     0.0001     3.2022     3.2023     0.0001   3.162609   3.163047   0.000443    34.2148    34.2200     5.2888     5.0592    -0.2296    27.2398    27.2438    34.2141    27.2392    1476.59    1476.60     3.2020  1031.2163    34.3783 0.0000e+00
      40042 293.078962  -44.61844  -52.15238     -0.764    1479.61    857.000    848.321     3.2634     3.2628    -0.0006     3.2048     3.2042    -0.0006   3.162806   3.163206   0.000387    34.2148    34.2201     5.2872     5.0665    -0.2207    27.2395    27.2437    34.2143    27.2390    1476.58    1476.59     3.2047  1031.2115    34.3785 0.0000e+00
      40068 293.078975  -44.61842  -52.15238     -0.836    1479.61    856.000    847.333     3.2654     3.2664     0.0010     3.2069     3.2079     0.0010   3.162979   3.163529   0.000535    34.2148    34.2201     5.2863     5.0711    -0.2152    27.2393    27.2434    34.2148    27.2393    1476.58    1476.59     3.2068  1031.2071    34.3790 0.0000e+00
      40090 293.078986  -44.61842  -52.15238     -0.999    1479.61    855.000    846.345     3.2758     3.2751    -0.0007     3.2173     3.2166    -0.0007   3.164041   3.164296   0.000334    34.2158    34.2206     5.2874     5.0735    -0.2139    27.2391    27.2430    34.2171    27.2402    1476.61    1476.61     3.2172  1031.2032    34.3814 0.0000e+00
      40109 293.078995  -44.61842  -52.15236     -1.152    1479.61    854.000    845.357     3.2887     3.2873    -0.0014     3.2302     3.2288    -0.0014   3.165189   3.165568   0.000326    34.2164    34.2218     5.2885     5.0715    -0.2170    27.2384    27.2428    34.2179    27.2395    1476.65    1476.65     3.2301  1031.1977    34.3821 0.0000e+00
      40128 293.079004  -44.61840  -52.15236     -1.239    1479.61    853.000    844.370     3.3041     3.3032    -0.0009     3.2455     3.2446    -0.0009   3.166653   3.167014   0.000333    34.2178    34.2228     5.2885     5.0697    -0.2189    27.2381    27.2421    34.2199    27.2397    1476.70    1476.70     3.2454  1031.1929    34.3841 0.0000e+00
      40150 293.079015  -44.61840  -52.15235     -1.200    1479.61    852.000    843.382     3.3142     3.3164     0.0022     3.2556     3.2578     0.0022   3.167530   3.168141   0.000648    34.2181    34.2236     5.2891     5.0663    -0.2228    27.2374    27.2415    34.2204    27.2392    1476.73    1476.74     3.2555  1031.1875    34.3846 0.0000e+00
      40178 293.079028  -44.61839  -52.15234     -0.968    1479.61    851.000    842.394     3.3293     3.3188    -0.0105     3.2708     3.2603    -0.0104   3.168740   3.167941  -0.000686    34.2185    34.2213     5.2773     5.0570    -0.2203    27.2363    27.2394    34.2195    27.2370    1476.77    1476.73     3.2706  1031.1805    34.3837 0.0000e+00
      40210 293.079044  -44.61838  -52.15232     -0.744    1479.61    850.000    841.406     3.3098     3.3063    -0.0035     3.2514     3.2479    -0.0035   3.167248   3.167341   0.000055    34.2207    34.2251     5.2555     5.0506    -0.2049    27.2398    27.2436    34.2226    27.2413    1476.68    1476.67     3.2513  1031.1806    34.3868 0.0000e+00
      40237 293.079057  -44.61838  -52.15231     -0.816    1479.61    849.000    840.418     3.3477     3.3432    -0.0045     3.2892     3.2847    -0.0045   3.170620   3.170743   0.000070    34.2208    34.2264     5.2345     5.0279    -0.2066    27.2364    27.2412    34.2238    27.2387    1476.82    1476.81     3.2891  1031.1725    34.3881 0.0000e+00
      40261 293.079068  -44.61837  -52.15230     -0.954    1479.61    848.000    839.430     3.3635     3.3602    -0.0033     3.3049     3.3017    -0.0033   3.171955   3.172099   0.000144    34.2212    34.2263     5.2381     5.0166    -0.2215    27.2351    27.2396    34.2238    27.2373    1476.87    1476.87     3.3048  1031.1661    34.3880 0.0000e+00
      40286 293.079080  -44.61836  -52.15230     -0.991    1479.61    847.000    838.442     3.3667     3.3666    -0.0002     3.3082     3.3081    -0.0002   3.172129   3.172580   0.000428    34.2213    34.2266     5.2433     5.0229    -0.2204    27.2350    27.2392    34.2230    27.2363    1476.87    1476.88     3.3081  1031.1605    34.3872 0.0000e+00
      40315 293.079094  -44.61835  -52.15229     -0.886    1479.61    846.000    837.454     3.3690     3.3689    -0.0001     3.3105     3.3104    -0.0001   3.172300   3.172741   0.000440    34.2217    34.2270     5.2249     5.0120    -0.2130    27.2350    27.2393    34.2233    27.2363    1476.86    1476.87     3.3104  1031.1558    34.3875 0.0000e+00
      40344 293.079108  -44.61834  -52.15228     -0.806    1479.61    845.000    836.466     3.3714     3.3716     0.0002     3.3130     3.3132     0.0002   3.172466   3.172926   0.000450    34.2219    34.2271     5.2094     4.9920    -0.2174    27.2350    27.2391    34.2232    27.2361    1476.86    1476.87     3.3129  1031.1509    34.3875 0.0000e+00
      40367 293.079119  -44.61834  -52.15227     -0.925    1479.61    844.000    835.478     3.3732     3.3737     0.0005     3.3149     3.3153     0.0005   3.172612   3.173097   0.000482    34.2221    34.2274     5.2050     4.9827    -0.2223    27.2350    27.2391    34.2236    27.2362    1476.85    1476.86     3.3147  1031.1464    34.3878 0.0000e+00
      40387 293.079129  -44.61833  -52.15226     -1.094    1479.61    843.000    834.491     3.3779     3.3766    -0.0013     3.3196     3.3183    -0.0013   3.172983   3.173306   0.000327    34.2221    34.2274     5.1996     4.9802    -0.2195    27.2346    27.2389    34.2237    27.2358    1476.85    1476.85     3.3195  1031.1413    34.3878 0.0000e+00
      40409 293.079140  -44.61832  -52.15225     -1.149    1479.61    842.000    833.503     3.3809     3.3814     0.0005     3.3227     3.3231     0.0005   3.173164   3.173671   0.000495    34.2220    34.2274     5.1990     4.9804    -0.2186    27.2341    27.2384    34.2232    27.2351    1476.85    1476.86     3.3225  1031.1360    34.3874 0.0000e+00
      40444 293.079157  -44.61832  -52.15224     -0.804    1479.61    841.000    832.515     3.3809     3.3802    -0.0007     3.3227     3.3220    -0.0007   3.173091   3.173468   0.000380    34.2219    34.2272     5.2072     4.9901    -0.2171    27.2341    27.2384    34.2228    27.2348    1476.83    1476.83     3.3226  1031.1311    34.3870 0.0000e+00
      40483 293.079175  -44.61830  -52.15223     -0.554    1479.61    840.000    831.525     3.3791     3.3795     0.0004     3.3211     3.3215     0.0004   3.172864   3.173350   0.000469    34.2219    34.2272     5.2107     4.9843    -0.2263    27.2342    27.2384    34.2225    27.2347    1476.80    1476.81     3.3210  1031.1264    34.3866 0.0000e+00
      40506 293.079187  -44.61829  -52.15222     -0.851    1479.61    839.000    830.539     3.3841     3.3849     0.0008     3.3261     3.3268     0.0008   3.173339   3.173818   0.000500    34.2219    34.2271     5.2183     4.9841    -0.2342    27.2338    27.2378    34.2235    27.2350    1476.81    1476.82     3.3259  1031.1221    34.3877 0.0000e+00
      40526 293.079196  -44.61828  -52.15222     -1.107    1479.61    838.000    829.551     3.3916     3.3901    -0.0015     3.3336     3.3321    -0.0015   3.173777   3.174150   0.000368    34.2202    34.2261     5.2177     4.9859    -0.2318    27.2317    27.2366    34.2214    27.2327    1476.82    1476.82     3.3334  1031.1150    34.3856 0.0000e+00
      40544 293.079205  -44.61828  -52.15222     -1.254    1479.61    837.000    828.563     3.3961     3.3950    -0.0012     3.3382     3.3370    -0.0012   3.174107   3.174456   0.000366    34.2199    34.2255     5.2162     4.9890    -0.2271    27.2310    27.2356    34.2211    27.2320    1476.83    1476.83     3.3380  1031.1096    34.3853 0.0000e+00
      40566 293.079215  -44.61828  -52.15220     -1.229    1479.61    836.000    827.575     3.3986     3.3986     0.0001     3.3407     3.3407     0.0001   3.174229   3.174718   0.000464    34.2197    34.2251     5.2251     4.9910    -0.2341    27.2306    27.2349    34.2206    27.2313    1476.82    1476.83     3.3405  1031.1043    34.3847 0.0000e+00
      40599 293.079231  -44.61827  -52.15219     -0.838    1479.61    835.000    826.588     3.3948     3.3927    -0.0021     3.3371     3.3349    -0.0021   3.173859   3.174140   0.000288    34.2200    34.2257     5.2276     5.0015    -0.2261    27.2312    27.2359    34.2206    27.2316    1476.79    1476.79     3.3369  1031.1001    34.3847 0.0000e+00
      40642 293.079252  -44.61826  -52.15218     -0.540    1479.61    834.000    825.598     3.3969     3.3963    -0.0006     3.3392     3.3385    -0.0006   3.173992   3.174385   0.000395    34.2200    34.2254     5.2305     5.0127    -0.2178    27.2310    27.2354    34.2205    27.2314    1476.78    1476.78     3.3390  1031.0952    34.3847 0.0000e+00
      40673 293.079267  -44.61824  -52.15216     -0.704    1479.61    833.000    824.611     3.3962     3.3948    -0.0014     3.3386     3.3372    -0.0014   3.173872   3.174256   0.000381    34.2197    34.2257     5.2326     5.0132    -0.2194    27.2308    27.2357    34.2203    27.2313    1476.76    1476.76     3.3384  1031.0905    34.3844 0.0000e+00
      40700 293.079280  -44.61824  -52.15216     -0.864    1479.61    832.000    823.623     3.3950     3.3977     0.0026     3.3375     3.3401     0.0026   3.173362   3.174140   0.000768    34.2161    34.2225     5.2351     5.0119    -0.2232    27.2280    27.2329    34.2159    27.2279    1476.73    1476.75     3.3374  1031.0826    34.3800 0.0000e+00
      40723 293.079291  -44.61823  -52.15215     -0.964    1479.61    831.000    822.635     3.3922     3.3938     0.0016     3.3347     3.3363     0.0016   3.172982   3.173612   0.000630    34.2152    34.2211     5.2376     5.0147    -0.2229    27.2276    27.2321    34.2149    27.2273    1476.70    1476.72     3.3346  1031.0775    34.3790 0.0000e+00
      40745 293.079302  -44.61822  -52.15214     -1.061    1479.61    830.000    821.647     3.3889     3.3891     0.0001     3.3315     3.3317     0.0001   3.172584   3.173061   0.000466    34.2144    34.2198     5.2513     5.0210    -0.2304    27.2272    27.2315    34.2141    27.2270    1476.67    1476.68     3.3314  1031.0726    34.3782 0.0000e+00
      40764 293.079311  -44.61822  -52.15214     -1.158    1479.61    829.000    820.659     3.3875     3.3880     0.0005     3.3303     3.3307     0.0005   3.172373   3.172864   0.000494    34.2135    34.2189     5.2641     5.0301    -0.2340    27.2267    27.2309    34.2135    27.2266    1476.65    1476.66     3.3301  1031.0677    34.3776 0.0000e+00
      40785 293.079321  -44.61820  -52.15214     -1.185    1479.61    828.000    819.671     3.3871     3.3876     0.0006     3.3298     3.3304     0.0006   3.172194   3.172721   0.000525    34.2126    34.2183     5.2762     5.0440    -0.2323    27.2260    27.2304    34.2124    27.2258    1476.63    1476.64     3.3297  1031.0623    34.3764 0.0000e+00
      40820 293.079338  -44.61820  -52.15211     -0.844    1479.61    827.000    818.684     3.3850     3.3861     0.0011     3.3279     3.3289     0.0011   3.171973   3.172522   0.000548    34.2124    34.2179     5.2914     5.0580    -0.2335    27.2260    27.2302    34.2124    27.2260    1476.60    1476.61     3.3277  1031.0580    34.3765 0.0000e+00
      40875 293.079364  -44.61819  -52.15209     -0.329    1479.61    826.000    817.694     3.3879     3.3886     0.0007     3.3308     3.3315     0.0007   3.172290   3.172820   0.000542    34.2136    34.2194     5.2913     5.0647    -0.2266    27.2267    27.2312    34.2137    27.2267    1476.60    1476.61     3.3307  1031.0541    34.3778 0.0000e+00
      40901 293.079377  -44.61818  -52.15208     -0.731    1479.61    825.000    816.707     3.3815     3.3817     0.0003     3.3245     3.3248     0.0003   3.171166   3.171707   0.000513    34.2105    34.2163     5.2941     5.0744    -0.2197    27.2248    27.2294    34.2075    27.2224    1476.55    1476.56     3.3244  1031.0453    34.3715 0.0000e+00
      40922 293.079387  -44.61818  -52.15208     -1.013    1479.61    824.000    815.719     3.3270     3.3367     0.0096     3.2705     3.2801     0.0096   3.164893   3.166267   0.001409    34.1980    34.2048     5.3030     5.0825    -0.2205    27.2199    27.2244    34.1897    27.2133    1476.28    1476.33     3.2704  1031.0330    34.3537 0.0000e+00
      40943 293.079397  -44.61817  -52.15208     -1.157    1479.61    823.000    814.732     3.2884     3.2907     0.0023     3.2323     3.2345     0.0023   3.161289   3.161991   0.000682    34.1926    34.1984     5.3004     5.0834    -0.2170    27.2191    27.2236    34.1875    27.2151    1476.09    1476.11     3.2321  1031.0310    34.3514 0.0000e+00
      40966 293.079408  -44.61816  -52.15207     -1.107    1479.61    822.000    813.743     3.2624     3.2628     0.0003     3.2065     3.2069     0.0003   3.158702   3.159058   0.000405    34.1886    34.1931     5.3046     5.0755    -0.2291    27.2184    27.2220    34.1841    27.2148    1475.96    1475.97     3.2064  1031.0267    34.3480 0.0000e+00
      40996 293.079423  -44.61814  -52.15206     -0.858    1479.61    821.000    812.756     3.2744     3.2642    -0.0102     3.2185     3.2083    -0.0102   3.160447   3.159595  -0.000722    34.1938    34.1959     5.3836     5.1095    -0.2741    27.2214    27.2240    34.1930    27.2208    1476.01    1475.96     3.2184  1031.0278    34.3570 0.0000e+00
      41024 293.079436  -44.61814  -52.15204     -0.807    1479.61    820.000    811.768     3.2526     3.2469    -0.0058     3.1970     3.1912    -0.0058   3.156990   3.157321   0.000059    34.1825    34.1893     5.4876     5.1894    -0.2983    27.2144    27.2204    34.1748    27.2083    1475.87    1475.86     3.1969  1031.0113    34.3387 0.0000e+00
      41047 293.079447  -44.61814  -52.15204     -0.957    1479.61    819.000    810.778     3.2316     3.2342     0.0027     3.1761     3.1787     0.0026   3.155394   3.156080   0.000701    34.1814    34.1871     5.5268     5.2476    -0.2792    27.2155    27.2197    34.1782    27.2130    1475.77    1475.79     3.1760  1031.0118    34.3421 0.0000e+00
      41072 293.079459  -44.61812  -52.15202     -1.026    1479.61    818.000    809.791     3.2323     3.2327     0.0004     3.1769     3.1773     0.0004   3.155443   3.155882   0.000460    34.1810    34.1861     5.5110     5.2706    -0.2404    27.2151    27.2191    34.1786    27.2131    1475.76    1475.77     3.1768  1031.0074    34.3424 0.0000e+00
      41111 293.079478  -44.61812  -52.15202     -0.680    1479.61    817.000    808.805     3.2361     3.2367     0.0006     3.1807     3.1814     0.0006   3.155857   3.156332   0.000482    34.1816    34.1868     5.5332     5.2947    -0.2385    27.2152    27.2193    34.1801    27.2140    1475.76    1475.77     3.1806  1031.0035    34.3440 0.0000e+00
      41154 293.079499  -44.61810  -52.15200     -0.505    1479.61    816.000    807.815     3.2411     3.2381    -0.0030     3.1858     3.1828    -0.0030   3.156300   3.156437   0.000125    34.1820    34.1867     5.5535     5.3218    -0.2317    27.2151    27.2191    34.1807    27.2140    1475.77    1475.76     3.1857  1030.9988    34.3445 0.0000e+00
      41178 293.079510  -44.61810  -52.15199     -0.833    1479.61    815.000    806.828     3.2395     3.2373    -0.0021     3.1843     3.1821    -0.0021   3.156004   3.156219   0.000193    34.1810    34.1856     5.5544     5.3264    -0.2280    27.2144    27.2182    34.1793    27.2131    1475.74    1475.74     3.1841  1030.9933    34.3432 0.0000e+00
