Pos-Processados/process_op38/operantar38_023.cnv
* Sea-Bird SBE 9 Data File:
* FileName = D:\OPERANTAR_XXXVIII\DADOS\OP38_023.hdr
* Software Version Seasave V 7.18c
* Temperature SN = 4808
* Conductivity SN = 3380
* Number of Bytes Per Scan = 34
* Number of Voltage Words = 3
* Number of Scans Averaged by the Deck Unit = 1
* NMEA Latitude = 62 12.78 S
* NMEA Longitude = 058 20.56 W
* NMEA UTC (Time) = Nov 22 2019 18:35:31
** H41
** NAVIO POLAR ALMIRANTE MAXIMIANO
** CRUZEIRO:
** OPERANTAR XXXVIII
** ESTAÇÃO: OP38_023
** LAT 62 12,77'S
** LONG 058 20,58'W
** 09P73767-1155_A
** PROFUNDIDADE: 500
** DATA/HORA: 221836Z/NOV2019
** OPERADOR: SO-HN CHAVES
# nquan = 33
# nvalues = 921                         
# units = specified
# name 0 = scan: Scan Count
# name 1 = timeJ: Julian Days
# name 2 = latitude: Latitude [deg]
# name 3 = longitude: Longitude [deg]
# name 4 = dz/dtM: Descent Rate [m/s]
# name 5 = avgsvCM: Average Sound Velocity [Chen-Millero, m/s]
# name 6 = prDM: Pressure, Digiquartz [db]
# name 7 = depSM: Depth [salt water, m]
# name 8 = t090C: Temperature [ITS-90, deg C]
# name 9 = t190C: Temperature, 2 [ITS-90, deg C]
# name 10 = T2-T190C: Temperature Difference, 2 - 1 [ITS-90, deg C]
# name 11 = potemp090C: Potential Temperature [ITS-90, deg C]
# name 12 = potemp190C: Potential Temperature, 2 [ITS-90, deg C]
# name 13 = potemp90Cdiff: Potential Temperature, Diff, 2 - 1 [ITS-90, deg C]
# name 14 = c0S/m: Conductivity [S/m]
# name 15 = c1S/m: Conductivity, 2 [S/m]
# name 16 = C2-C1S/m: Conductivity Difference, 2 - 1 [S/m]
# name 17 = sal00: Salinity, Practical [PSU]
# name 18 = sal11: Salinity, Practical, 2 [PSU]
# name 19 = sbeox0ML/L: Oxygen, SBE 43 [ml/l]
# name 20 = sigma-é00: Density [sigma-theta, kg/m^3]
# name 21 = sigma-é11: Density, 2 [sigma-theta, kg/m^3]
# name 22 = sbox0Mm/Kg: Oxygen, SBE 43 [umol/kg]
# name 23 = oxsolMm/Kg: Oxygen Saturation, Garcia & Gordon [umol/kg]
# name 24 = oxsatMm/Kg: Oxygen Saturation, Weiss [umol/kg]
# name 25 = sal00: Salinity, Practical [PSU]
# name 26 = sigma-é00: Density [sigma-theta, kg/m^3]
# name 27 = svCM: Sound Velocity [Chen-Millero, m/s]
# name 28 = svCM1: Sound Velocity, 2 [Chen-Millero, m/s]
# name 29 = gsw_ptA0: potential temperature [ITS-90, deg C]
# name 30 = gsw_densityA0: density, TEOS-10 [density, kg/m^3]
# name 31 = gsw_saA0: Absolute Salinity [g/kg]
# name 32 = flag:
# span 0 =        268,      32504       
# span 1 = 326.774793, 326.790339       
# span 2 =  -62.21311,  -62.21304       
# span 3 =  -58.34280,  -58.34256       
# span 4 =     -1.315,      0.932       
# span 5 =       0.00,    1454.46       
# span 6 =      2.000,    462.000       
# span 7 =      1.983,    456.989       
# span 8 =    -1.0192,    -0.1856       
# span 9 =    -1.0274,    -0.1860       
# span 10 =    -0.0261,     0.0174      
# span 11 =    -1.0333,    -0.1993      
# span 12 =    -1.0414,    -0.1997      
# span 13 =    -0.0260,     0.0174      
# span 14 =   2.805037,   2.865412      
# span 15 =   2.803308,   2.865780      
# span 16 =  -0.001641,   0.002026      
# span 17 =    34.1682,    34.5289      
# span 18 =    34.1732,    34.5242      
# span 19 =     5.8474,     7.6529      
# span 20 =    27.4474,    27.7731      
# span 21 =    27.4518,    27.7693      
# span 22 =    254.100,    332.645      
# span 23 =  351.08124,  358.71846      
# span 24 =  352.60931,  360.42872      
# span 25 =    34.1671,    34.5557      
# span 26 =    27.4471,    27.7948      
# span 27 =    1446.45,    1454.16      
# span 28 =    1446.46,    1454.17      
# span 29 =    -1.0329,    -0.1991      
# span 30 =  1027.4632,  1030.0064      
# span 31 =    34.3320,    34.7248      
# span 32 = 0.0000e+00, 0.0000e+00      
# interval = decibars: 1                
# start_time = Nov 22 2019 18:35:31 [NMEA time, header]
# bad_flag = -9.990e-29
*END*
[from data line 836]
      26163 326.787281  -62.21306  -58.34258     -1.083    1449.93     86.000     85.157    -0.4391    -0.4408    -0.0017    -0.4418    -0.4435    -0.0017   2.809818   2.810099   0.000286    34.1912    34.1969     7.5017    27.4747    27.4794    326.069  354.20167  355.76769    34.1922    27.4755    1447.42    1447.42    -0.4417  1027.8914    34.3578 0.0000e+00
      26186 326.787292  -62.21306  -58.34258     -1.075    1449.93     85.000     84.167    -0.4370    -0.4378    -0.0008    -0.4396    -0.4404    -0.0008   2.809900   2.810263   0.000367    34.1907    34.1966     7.5041    27.4742    27.4790    326.173  354.18276  355.74830    34.1915    27.4748    1447.42    1447.42    -0.4396  1027.8860    34.3571 0.0000e+00
      26208 326.787303  -62.21306  -58.34258     -1.084    1449.93     84.000     83.177    -0.4371    -0.4378    -0.0007    -0.4398    -0.4404    -0.0007   2.809840   2.810220   0.000380    34.1909    34.1967     7.5135    27.4743    27.4791    326.578  354.18379  355.74937    34.1914    27.4748    1447.40    1447.40    -0.4397  1027.8811    34.3570 0.0000e+00
      26229 326.787313  -62.21306  -58.34258     -1.107    1449.93     83.000     82.187    -0.4362    -0.4361     0.0001    -0.4388    -0.4387     0.0001   2.809894   2.810327   0.000431    34.1909    34.1966     7.5204    27.4744    27.4789    326.879  354.17528  355.74068    34.1918    27.4750    1447.39    1447.39    -0.4388  1027.8766    34.3573 0.0000e+00
      26250 326.787323  -62.21306  -58.34258     -1.122    1449.93     82.000     81.197    -0.4317    -0.4318    -0.0000    -0.4343    -0.4343    -0.0000   2.810254   2.810647   0.000404    34.1909    34.1964     7.5237    27.4741    27.4785    327.025  354.13353  355.69798    34.1921    27.4751    1447.39    1447.40    -0.4342  1027.8719    34.3577 0.0000e+00
      26272 326.787334  -62.21306  -58.34258     -1.115    1449.93     81.000     80.207    -0.4263    -0.4259     0.0004    -0.4288    -0.4285     0.0004   2.810588   2.811063   0.000456    34.1903    34.1960     7.5259    27.4734    27.4780    327.119  354.08441  355.64769    34.1911    27.4740    1447.40    1447.41    -0.4288  1027.8660    34.3566 0.0000e+00
      26294 326.787344  -62.21306  -58.34258     -1.093    1449.93     80.000     79.217    -0.4229    -0.4232    -0.0003    -0.4254    -0.4257    -0.0003   2.810855   2.811257   0.000400    34.1903    34.1960     7.5274    27.4733    27.4779    327.185  354.05315  355.61572    34.1915    27.4742    1447.40    1447.41    -0.4254  1027.8614    34.3570 0.0000e+00
      26318 326.787356  -62.21306  -58.34258     -1.056    1449.93     79.000     78.227    -0.4190    -0.4181     0.0009    -0.4215    -0.4206     0.0009   2.811115   2.811620   0.000508    34.1903    34.1961     7.5233    27.4730    27.4776    327.008  354.01672  355.57846    34.1912    27.4737    1447.40    1447.42    -0.4214  1027.8561    34.3566 0.0000e+00
      26341 326.787367  -62.21306  -58.34258     -1.027    1449.93     78.000     77.236    -0.4170    -0.4169     0.0001    -0.4194    -0.4193     0.0001   2.811241   2.811671   0.000438    34.1903    34.1961     7.5251    27.4729    27.4776    327.085  353.99769  355.55900    34.1912    27.4737    1447.39    1447.40    -0.4194  1027.8513    34.3567 0.0000e+00
      26364 326.787378  -62.21306  -58.34258     -1.032    1449.93     77.000     76.247    -0.4141    -0.4140     0.0001    -0.4165    -0.4164     0.0001   2.811438   2.811878   0.000438    34.1902    34.1960     7.5290    27.4727    27.4774    327.253  353.97143  355.53214    34.1912    27.4736    1447.39    1447.40    -0.4165  1027.8464    34.3567 0.0000e+00
      26387 326.787389  -62.21306  -58.34258     -1.052    1449.93     76.000     75.257    -0.4108    -0.4091     0.0017    -0.4132    -0.4115     0.0017   2.811625   2.812202   0.000560    34.1898    34.1954     7.5330    27.4722    27.4767    327.429  353.94146  355.50144    34.1906    27.4729    1447.39    1447.41    -0.4131  1027.8409    34.3560 0.0000e+00
      26409 326.787400  -62.21306  -58.34258     -1.072    1449.93     75.000     74.267    -0.4083    -0.4075     0.0008    -0.4106    -0.4099     0.0008   2.811774   2.812240   0.000479    34.1894    34.1950     7.5383    27.4718    27.4763    327.661  353.91924  355.47869    34.1904    27.4726    1447.39    1447.40    -0.4106  1027.8358    34.3558 0.0000e+00
      26431 326.787410  -62.21306  -58.34258     -1.078    1449.93     74.000     73.277    -0.4065    -0.4064     0.0001    -0.4089    -0.4087     0.0001   2.811832   2.812234   0.000407    34.1892    34.1945     7.5464    27.4716    27.4759    328.013  353.90399  355.46307    34.1899    27.4721    1447.37    1447.38    -0.4088  1027.8305    34.3553 0.0000e+00
      26453 326.787421  -62.21306  -58.34258     -1.079    1449.93     73.000     72.287    -0.4058    -0.4063    -0.0005    -0.4080    -0.4086    -0.0005   2.811830   2.812224   0.000390    34.1889    34.1947     7.5479    27.4713    27.4760    328.079  353.89726  355.45615    34.1896    27.4718    1447.36    1447.37    -0.4080  1027.8255    34.3549 0.0000e+00
      26475 326.787431  -62.21306  -58.34258     -1.101    1449.93     72.000     71.296    -0.4056    -0.4064    -0.0008    -0.4079    -0.4087    -0.0008   2.811784   2.812136   0.000364    34.1888    34.1946     7.5469    27.4712    27.4759    328.032  353.89601  355.45487    34.1893    27.4716    1447.35    1447.35    -0.4078  1027.8205    34.3547 0.0000e+00
      26496 326.787442  -62.21306  -58.34258     -1.113    1449.93     71.000     70.306    -0.4051    -0.4055    -0.0004    -0.4074    -0.4078    -0.0004   2.811774   2.812196   0.000414    34.1888    34.1948     7.5417    27.4712    27.4761    327.808  353.89165  355.45040    34.1893    27.4716    1447.33    1447.34    -0.4073  1027.8157    34.3547 0.0000e+00
      26519 326.787453  -62.21306  -58.34258     -1.093    1449.93     70.000     69.316    -0.4048    -0.4051    -0.0002    -0.4070    -0.4073    -0.0002   2.811757   2.812156   0.000403    34.1889    34.1945     7.5485    27.4712    27.4758    328.102  353.88884  355.44754    34.1894    27.4716    1447.32    1447.32    -0.4070  1027.8109    34.3547 0.0000e+00
      26543 326.787464  -62.21306  -58.34258     -1.036    1449.93     69.000     68.326    -0.4041    -0.4047    -0.0006    -0.4063    -0.4068    -0.0006   2.811745   2.812145   0.000400    34.1887    34.1947     7.5549    27.4710    27.4759    328.380  353.88288  355.44143    34.1890    27.4713    1447.30    1447.31    -0.4062  1027.8058    34.3544 0.0000e+00
      26568 326.787477  -62.21306  -58.34258     -0.966    1449.93     68.000     67.336    -0.4037    -0.4040    -0.0003    -0.4058    -0.4062    -0.0003   2.811736   2.812144   0.000401    34.1888    34.1945     7.5589    27.4711    27.4758    328.553  353.87873  355.43719    34.1891    27.4713    1447.29    1447.30    -0.4058  1027.8011    34.3544 0.0000e+00
      26594 326.787489  -62.21306  -58.34258     -0.941    1449.93     67.000     66.346    -0.4056    -0.4052     0.0004    -0.4076    -0.4073     0.0004   2.811502   2.811957   0.000469    34.1885    34.1944     7.5632    27.4710    27.4757    328.744  353.89659  355.45542    34.1886    27.4710    1447.26    1447.27    -0.4076  1027.7960    34.3540 0.0000e+00
      26617 326.787500  -62.21306  -58.34256     -0.991    1449.93     66.000     65.356    -0.4081    -0.4088    -0.0007    -0.4101    -0.4109    -0.0007   2.811228   2.811599   0.000377    34.1885    34.1944     7.5566    27.4711    27.4759    328.456  353.91999  355.47935    34.1884    27.4710    1447.24    1447.24    -0.4101  1027.7912    34.3537 0.0000e+00
      26639 326.787510  -62.21306  -58.34256     -1.066    1449.93     65.000     64.366    -0.4093    -0.4104    -0.0011    -0.4113    -0.4124    -0.0011   2.811078   2.811430   0.000345    34.1884    34.1943     7.5554    27.4711    27.4759    328.405  353.93136  355.49097    34.1883    27.4710    1447.21    1447.22    -0.4113  1027.7864    34.3536 0.0000e+00
      26660 326.787521  -62.21306  -58.34256     -1.115    1449.93     64.000     63.376    -0.4105    -0.4107    -0.0002    -0.4125    -0.4127    -0.0002   2.810935   2.811348   0.000412    34.1885    34.1942     7.5606    27.4711    27.4758    328.628  353.94245  355.50231    34.1884    27.4711    1447.19    1447.20    -0.4125  1027.7817    34.3537 0.0000e+00
      26681 326.787531  -62.21306  -58.34256     -1.128    1449.93     63.000     62.386    -0.4102    -0.4104    -0.0001    -0.4122    -0.4124    -0.0001   2.810885   2.811301   0.000416    34.1881    34.1938     7.5573    27.4708    27.4755    328.486  353.94159  355.50139    34.1881    27.4708    1447.18    1447.18    -0.4121  1027.7767    34.3534 0.0000e+00
      26704 326.787542  -62.21306  -58.34256     -1.099    1449.93     62.000     61.396    -0.4095    -0.4098    -0.0003    -0.4115    -0.4118    -0.0003   2.810907   2.811298   0.000392    34.1880    34.1936     7.5514    27.4707    27.4753    328.228  353.93477  355.49441    34.1882    27.4709    1447.16    1447.17    -0.4114  1027.7719    34.3535 0.0000e+00
      26728 326.787553  -62.21306  -58.34256     -1.035    1449.93     61.000     60.406    -0.4061    -0.4059     0.0002    -0.4080    -0.4078     0.0002   2.811106   2.811568   0.000452    34.1872    34.1931     7.5538    27.4700    27.4747    328.334  353.90488  355.46376    34.1876    27.4702    1447.16    1447.17    -0.4080  1027.7665    34.3529 0.0000e+00
      26755 326.787566  -62.21306  -58.34256     -0.926    1449.93     60.000     59.416    -0.4037    -0.4027     0.0010    -0.4056    -0.4046     0.0010   2.811254   2.811732   0.000484    34.1871    34.1925     7.5592    27.4697    27.4740    328.568  353.88332  355.44169    34.1875    27.4701    1447.16    1447.17    -0.4055  1027.7615    34.3528 0.0000e+00
      26782 326.787580  -62.21306  -58.34256     -0.876    1449.93     59.000     58.425    -0.4008    -0.4006     0.0002    -0.4026    -0.4024     0.0002   2.811422   2.811873   0.000442    34.1867    34.1924     7.5652    27.4693    27.4739    328.827  353.85714  355.41489    34.1871    27.4696    1447.15    1447.16    -0.4026  1027.7563    34.3524 0.0000e+00
      26811 326.787594  -62.21306  -58.34256     -0.843    1449.93     58.000     57.435    -0.3971    -0.3975    -0.0004    -0.3989    -0.3993    -0.0004   2.811688   2.812082   0.000403    34.1865    34.1924     7.5672    27.4690    27.4737    328.914  353.82365  355.38061    34.1872    27.4695    1447.16    1447.16    -0.3989  1027.7513    34.3524 0.0000e+00
      26840 326.787608  -62.21306  -58.34256     -0.820    1449.93     57.000     56.445    -0.3947    -0.3955    -0.0009    -0.3965    -0.3973    -0.0009   2.811815   2.812169   0.000358    34.1863    34.1921     7.5659    27.4687    27.4734    328.861  353.80140  355.35784    34.1867    27.4690    1447.15    1447.16    -0.3964  1027.7461    34.3519 0.0000e+00
      26868 326.787621  -62.21306  -58.34256     -0.852    1449.93     56.000     55.455    -0.3940    -0.3934     0.0006    -0.3958    -0.3952     0.0006   2.811842   2.812316   0.000466    34.1865    34.1921     7.5681    27.4688    27.4733    328.956  353.79472  355.35103    34.1869    27.4691    1447.14    1447.15    -0.3957  1027.7414    34.3521 0.0000e+00
      26895 326.787634  -62.21306  -58.34256     -0.884    1449.93     55.000     54.465    -0.3925    -0.3928    -0.0003    -0.3943    -0.3946    -0.0003   2.811906   2.812308   0.000404    34.1864    34.1921     7.5630    27.4686    27.4733    328.735  353.78150  355.33750    34.1867    27.4689    1447.13    1447.14    -0.3942  1027.7364    34.3520 0.0000e+00
      26924 326.787648  -62.21306  -58.34256     -0.843    1449.93     54.000     53.475    -0.3922    -0.3922    -0.0001    -0.3939    -0.3939    -0.0001   2.811888   2.812301   0.000411    34.1864    34.1920     7.5680    27.4687    27.4732    328.953  353.77787  355.33379    34.1867    27.4689    1447.11    1447.12    -0.3939  1027.7316    34.3519 0.0000e+00
      26957 326.787664  -62.21306  -58.34256     -0.766    1449.93     53.000     52.485    -0.3915    -0.3918    -0.0003    -0.3932    -0.3935    -0.0003   2.811890   2.812293   0.000404    34.1863    34.1921     7.5747    27.4685    27.4732    329.244  353.77198  355.32776    34.1866    27.4688    1447.10    1447.11    -0.3931  1027.7267    34.3518 0.0000e+00
      26991 326.787680  -62.21306  -58.34256     -0.706    1449.93     52.000     51.494    -0.3911    -0.3913    -0.0002    -0.3927    -0.3930    -0.0002   2.811863   2.812277   0.000415    34.1862    34.1920     7.5722    27.4684    27.4731    329.132  353.76860  355.32429    34.1864    27.4685    1447.09    1447.09    -0.3927  1027.7217    34.3516 0.0000e+00
      27023 326.787696  -62.21306  -58.34256     -0.734    1449.93     51.000     50.504    -0.3913    -0.3913    -0.0001    -0.3929    -0.3930    -0.0001   2.811807   2.812234   0.000425    34.1863    34.1921     7.5786    27.4685    27.4732    329.412  353.76984  355.32556    34.1865    27.4686    1447.07    1447.08    -0.3929  1027.7170    34.3516 0.0000e+00
      27053 326.787710  -62.21306  -58.34256     -0.787    1449.93     50.000     49.514    -0.3904    -0.3909    -0.0004    -0.3920    -0.3924    -0.0004   2.811845   2.812233   0.000395    34.1863    34.1922     7.5746    27.4685    27.4732    329.240  353.76203  355.31759    34.1867    27.4687    1447.06    1447.06    -0.3920  1027.7123    34.3518 0.0000e+00
      27084 326.787725  -62.21306  -58.34256     -0.789    1449.93     49.000     48.524    -0.3890    -0.3896    -0.0007    -0.3905    -0.3912    -0.0007   2.811902   2.812282   0.000376    34.1862    34.1920     7.5710    27.4683    27.4730    329.079  353.74901  355.30426    34.1864    27.4685    1447.05    1447.05    -0.3905  1027.7073    34.3516 0.0000e+00
      27116 326.787741  -62.21306  -58.34256     -0.750    1449.93     48.000     47.534    -0.3886    -0.3889    -0.0003    -0.3901    -0.3904    -0.0003   2.811880   2.812283   0.000402    34.1861    34.1919     7.5760    27.4682    27.4729    329.297  353.74567  355.30084    34.1863    27.4684    1447.03    1447.04    -0.3901  1027.7024    34.3515 0.0000e+00
      27149 326.787756  -62.21306  -58.34256     -0.735    1449.93     47.000     46.544    -0.3885    -0.3886    -0.0002    -0.3899    -0.3901    -0.0002   2.811850   2.812256   0.000406    34.1862    34.1918     7.5759    27.4683    27.4728    329.294  353.74407  355.29921    34.1863    27.4684    1447.02    1447.02    -0.3899  1027.6976    34.3515 0.0000e+00
      27181 326.787772  -62.21306  -58.34256     -0.744    1449.93     46.000     45.553    -0.3885    -0.3885    -0.0000    -0.3899    -0.3899    -0.0000   2.811781   2.812216   0.000433    34.1860    34.1918     7.5706    27.4681    27.4728    329.064  353.74485  355.29998    34.1861    27.4682    1447.00    1447.01    -0.3899  1027.6926    34.3512 0.0000e+00
      27212 326.787787  -62.21306  -58.34256     -0.761    1449.93     45.000     44.563    -0.3888    -0.3887     0.0001    -0.3903    -0.3901     0.0001   2.811694   2.812150   0.000457    34.1858    34.1918     7.5623    27.4680    27.4729    328.701  353.74853  355.30373    34.1859    27.4680    1446.98    1446.99    -0.3902  1027.6877    34.3510 0.0000e+00
      27243 326.787802  -62.21306  -58.34256     -0.778    1449.93     44.000     43.576    -0.3890    -0.3892    -0.0001    -0.3904    -0.3905    -0.0001   2.811634   2.812052   0.000417    34.1859    34.1916     7.5651    27.4680    27.4727    328.827  353.74992  355.30515    34.1859    27.4680    1446.96    1446.97    -0.3903  1027.6829    34.3509 0.0000e+00
