Pos-Processados/process_op38/operantar38_012.ros
* Sea-Bird SBE 9 Data File:
* FileName = D:\OPERANTAR_XXXVIII\DADOS\OP38_012.hdr
* Software Version Seasave V 7.18c
* Temperature SN = 4808
* Conductivity SN = 3380
* Number of Bytes Per Scan = 31
* Number of Voltage Words = 2
* Number of Scans Averaged by the Deck Unit = 1
* NMEA Latitude = 43 26.50 S
* NMEA Longitude = 053 36.73 W
* NMEA UTC (Time) = Oct 20 2019 19:38:05
** H41
** NAVIO POLAR ALMIRANTE MAXIMIANO
** CRUZEIRO:
** OPERANTAR XXXVIII
** ESTAÇÃO: OP38_012
** LAT 43 26,49' S
** LONG 053 36,73'  W
** 09P73767-1155
** PROFUNDIDADE: 5647
** DATA/HORA: 201939Z/OUT/2019
** OPERADOR: SO-HN CHAVES
# nquan = 27
# nvalues = 2234                                  
# units = specified
# name 0 = scan: Scan Count
# name 1 = timeJ: Julian Days
# name 2 = latitude: Latitude [deg]
# name 3 = longitude: Longitude [deg]
# name 4 = dz/dtM: Descent Rate [m/s]
# name 5 = avgsvCM: Average Sound Velocity [Chen-Millero, m/s]
# name 6 = prDM: Pressure, Digiquartz [db]
# name 7 = depSM: Depth [salt water, m]
# name 8 = t090C: Temperature [ITS-90, deg C]
# name 9 = t190C: Temperature, 2 [ITS-90, deg C]
# name 10 = T2-T190C: Temperature Difference, 2 - 1 [ITS-90, deg C]
# name 11 = potemp090C: Potential Temperature [ITS-90, deg C]
# name 12 = potemp190C: Potential Temperature, 2 [ITS-90, deg C]
# name 13 = potemp90Cdiff: Potential Temperature, Diff, 2 - 1 [ITS-90, deg C]
# name 14 = c0S/m: Conductivity [S/m]
# name 15 = c1S/m: Conductivity, 2 [S/m]
# name 16 = C2-C1S/m: Conductivity Difference, 2 - 1 [S/m]
# name 17 = sal00: Salinity, Practical [PSU]
# name 18 = sal11: Salinity, Practical, 2 [PSU]
# name 19 = sbeox0ML/L: Oxygen, SBE 43 [ml/l]
# name 20 = sigma-é00: Density [sigma-theta, kg/m^3]
# name 21 = sigma-é11: Density, 2 [sigma-theta, kg/m^3]
# name 22 = sbox0Mm/Kg: Oxygen, SBE 43 [umol/kg]
# name 23 = oxsolMm/Kg: Oxygen Saturation, Garcia & Gordon [umol/kg]
# name 24 = oxsatMm/Kg: Oxygen Saturation, Weiss [umol/kg]
# name 25 = nbf: Bottles Fired
# name 26 = flag:  0.000e+00
# interval = seconds: 0.0416667
# start_time = Oct 20 2019 19:38:05 [NMEA time, header]
# bad_flag = -9.990e-29
*END*
[from data line 1182]
      61923 293.847976  -43.44174  -53.61228      0.044    1476.15     15.024     14.904     9.4783     9.4784     0.0000     9.4767     9.4767     0.0000   3.678213   3.678772   0.000559    34.1494    34.1551     6.7147    26.3750    26.3795    292.171  279.43599  279.61667          7  0.000e+00
      61924 293.847976  -43.44174  -53.61228      0.052    1476.15     15.093     14.972     9.4776     9.4781     0.0004     9.4760     9.4764     0.0004   3.678113   3.678785   0.000671    34.1490    34.1555     6.7110    26.3748    26.3799    292.010  279.44102  279.62175          7  0.000e+00
      61925 293.847976  -43.44174  -53.61228      0.053    1476.15     15.024     14.904     9.4773     9.4782     0.0009     9.4757     9.4766     0.0009   3.678093   3.678772   0.000679    34.1491    34.1553     6.7141    26.3750    26.3796    292.148  279.44261  279.62336          7  0.000e+00
      61926 293.847977  -43.44174  -53.61228      0.061    1476.15     15.072     14.952     9.4773     9.4781     0.0007     9.4757     9.4764     0.0007   3.678093   3.678714   0.000621    34.1491    34.1548     6.7141    26.3749    26.3793    292.145  279.44265  279.62341          7  0.000e+00
      61927 293.847977  -43.44174  -53.61228      0.059    1476.15     14.990     14.870     9.4771     9.4769    -0.0002     9.4755     9.4752    -0.0002   3.678093   3.678625   0.000531    34.1493    34.1550     6.7140    26.3751    26.3797    292.140  279.44340  279.62418          7  0.000e+00
      61928 293.847978  -43.44174  -53.61228      0.066    1476.15     15.120     14.999     9.4773     9.4767    -0.0006     9.4757     9.4751    -0.0006   3.678167   3.678599   0.000432    34.1498    34.1549     6.7140    26.3755    26.3796    292.140  279.44117  279.62194          7  0.000e+00
      61929 293.847978  -43.44174  -53.61228      0.069    1476.15     15.038     14.918     9.4775     9.4766    -0.0009     9.4758     9.4749    -0.0009   3.678167   3.678574   0.000407    34.1497    34.1548     6.7135    26.3754    26.3795    292.119  279.44048  279.62123          7  0.000e+00
      61930 293.847979  -43.44174  -53.61228      0.075    1476.15     15.073     14.952     9.4776     9.4762    -0.0014     9.4760     9.4746    -0.0014   3.678160   3.678567   0.000407    34.1495    34.1550     6.7098    26.3752    26.3798    291.959  279.44003  279.62077          7  0.000e+00
      61931 293.847979  -43.44174  -53.61228      0.077    1476.15     15.073     14.952     9.4775     9.4762    -0.0012     9.4758     9.4746    -0.0012   3.678133   3.678612   0.000479    34.1494    34.1555     6.7132    26.3751    26.3801    292.107  279.44120  279.62195          7  0.000e+00
      61932 293.847980  -43.44174  -53.61228      0.077    1476.15     15.038     14.918     9.4770     9.4758    -0.0012     9.4753     9.4741    -0.0012   3.678027   3.678631   0.000604    34.1487    34.1562     6.7096    26.3747    26.3807    291.953  279.44545  279.62623          7  0.000e+00
      61933 293.847980  -43.44174  -53.61228      0.082    1476.15     15.121     14.999     9.4763     9.4766     0.0002     9.4747     9.4749     0.0002   3.677900   3.678631   0.000731    34.1480    34.1553     6.7133    26.3743    26.3800    292.112  279.45083  279.63166          7  0.000e+00
      61934 293.847981  -43.44174  -53.61228      0.087    1476.15     15.073     14.952     9.4755     9.4764     0.0009     9.4739     9.4748     0.0009   3.677814   3.678580   0.000766    34.1479    34.1550     6.7136    26.3743    26.3797    292.123  279.45610  279.63700          7  0.000e+00
      61935 293.847981  -43.44174  -53.61228      0.089    1476.15     15.093     14.972     9.4749     9.4759     0.0010     9.4732     9.4742     0.0010   3.677780   3.678490   0.000710    34.1482    34.1546     6.7139    26.3747    26.3794    292.136  279.45949  279.64045          7  0.000e+00
      61936 293.847982  -43.44174  -53.61228      0.089    1476.15     15.073     14.952     9.4745     9.4752     0.0007     9.4729     9.4736     0.0007   3.677794   3.678420   0.000626    34.1487    34.1545     6.7141    26.3751    26.3795    292.145  279.46063  279.64164          7  0.000e+00
      61937 293.847982  -43.44174  -53.61228      0.087    1476.15     15.073     14.952     9.4745     9.4746     0.0001     9.4729     9.4729     0.0001   3.677780   3.678350   0.000569    34.1485    34.1544     6.7106    26.3750    26.3795    291.995  279.46091  279.64191          7  0.000e+00
      61938 293.847983  -43.44174  -53.61228      0.094    1476.15     15.141     15.020     9.4744     9.4743    -0.0001     9.4727     9.4726    -0.0001   3.677814   3.678362   0.000549    34.1490    34.1548     6.7106    26.3754    26.3799    291.994  279.46090  279.64192          7  0.000e+00
      61939 293.847983  -43.44174  -53.61228      0.090    1476.15     15.073     14.952     9.4742     9.4743     0.0000     9.4726     9.4726     0.0000   3.677760   3.678375   0.000615    34.1486    34.1549     6.7143    26.3751    26.3800    292.154  279.46256  279.64359          7  0.000e+00
      61940 293.847984  -43.44174  -53.61228      0.097    1476.15     15.141     15.020     9.4741     9.4743     0.0002     9.4724     9.4726     0.0002   3.677740   3.678446   0.000705    34.1485    34.1556     6.7147    26.3750    26.3806    292.173  279.46366  279.64470          7  0.000e+00
      61941 293.847984  -43.44174  -53.61228      0.095    1476.15     15.073     14.952     9.4735     9.4743     0.0007     9.4719     9.4726     0.0007   3.677714   3.678446   0.000732    34.1488    34.1557     6.7114    26.3753    26.3806    292.030  279.46642  279.64751          7  0.000e+00
      61942 293.847985  -43.44174  -53.61228      0.094    1476.15     15.073     14.952     9.4735     9.4741     0.0006     9.4719     9.4725     0.0006   3.677680   3.678382   0.000701    34.1485    34.1551     6.7111    26.3751    26.3802    292.017  279.46711  279.64820          7  0.000e+00
      61943 293.847985  -43.44174  -53.61228      0.092    1476.15     15.093     14.972     9.4732     9.4743     0.0010     9.4716     9.4726     0.0010   3.677674   3.678420   0.000746    34.1487    34.1554     6.7146    26.3753    26.3804    292.169  279.46851  279.64962          7  0.000e+00
      61944 293.847986  -43.44174  -53.61228      0.095    1476.15     15.121     15.000     9.4730     9.4743     0.0012     9.4714     9.4726     0.0012   3.677674   3.678362   0.000689    34.1488    34.1548     6.7152    26.3755    26.3799    292.192  279.46936  279.65049          7  0.000e+00
      61945 293.847986  -43.44174  -53.61228      0.096    1476.15     15.121     15.000     9.4730     9.4741     0.0011     9.4714     9.4724     0.0011   3.677674   3.678337   0.000663    34.1488    34.1547     6.7157    26.3755    26.3798    292.215  279.46936  279.65049          7  0.000e+00
      61946 293.847987  -43.44174  -53.61228      0.093    1476.15     15.093     14.972     9.4725     9.4744     0.0019     9.4709     9.4728     0.0019   3.677620   3.678388   0.000768    34.1488    34.1549     6.7126    26.3755    26.3800    292.080  279.47250  279.65368          7  0.000e+00
      61947 293.847987  -43.44174  -53.61228      0.098    1476.15     15.176     15.054     9.4725     9.4743     0.0017     9.4709     9.4726     0.0017   3.677607   3.678426   0.000819    34.1486    34.1554     6.7166    26.3753    26.3804    292.255  279.47285  279.65403          7  0.000e+00
      61948 293.847988  -43.44174  -53.61228      0.089    1476.15     14.970     14.850     9.4725     9.4743     0.0017     9.4709     9.4726     0.0017   3.677580   3.678458   0.000878    34.1484    34.1558     6.7170    26.3752    26.3807    292.274  279.47322  279.65439          7  0.000e+00
      61949 293.847988  -43.44174  -53.61228      0.094    1476.15     15.244     15.122     9.4724     9.4744     0.0020     9.4707     9.4728     0.0020   3.677574   3.678414   0.000840    34.1484    34.1551     6.7176    26.3752    26.3801    292.298  279.47423  279.65541          7  0.000e+00
      61950 293.847989  -43.44174  -53.61228      0.091    1476.15     15.121     15.000     9.4720     9.4744     0.0024     9.4704     9.4728     0.0024   3.677594   3.678356   0.000762    34.1490    34.1546     6.7178    26.3757    26.3797    292.307  279.47514  279.65637          7  0.000e+00
      61951 293.847989  -43.44174  -53.61228      0.091    1476.15     15.094     14.973     9.4722     9.4744     0.0022     9.4706     9.4728     0.0022   3.677580   3.678388   0.000808    34.1486    34.1549     6.7181    26.3754    26.3800    292.318  279.47457  279.65577          7  0.000e+00
      61952 293.847989  -43.44174  -53.61228      0.090    1476.15     15.121     15.000     9.4720     9.4746     0.0026     9.4704     9.4729     0.0026   3.677594   3.678426   0.000833    34.1490    34.1551     6.7184    26.3757    26.3801    292.334  279.47514  279.65637          7  0.000e+00
      61953 293.847990  -43.44174  -53.61228      0.088    1476.15     15.121     15.000     9.4722     9.4743     0.0020     9.4706     9.4726     0.0020   3.677607   3.678414   0.000806    34.1489    34.1553     6.7150    26.3756    26.3803    292.186  279.47404  279.65525          7  0.000e+00
      61954 293.847990  -43.44174  -53.61228      0.085    1476.15     15.094     14.973     9.4720     9.4743     0.0022     9.4704     9.4726     0.0022   3.677580   3.678375   0.000795    34.1488    34.1549     6.7187    26.3756    26.3800    292.348  279.47539  279.65662          7  0.000e+00
      61955 293.847991  -43.44174  -53.61228      0.083    1476.15     15.121     15.000     9.4719     9.4746     0.0027     9.4702     9.4729     0.0027   3.677574   3.678394   0.000821    34.1489    34.1548     6.7192    26.3757    26.3799    292.366  279.47618  279.65741          7  0.000e+00
      61956 293.847991  -43.44174  -53.61228      0.079    1476.15     15.121     15.000     9.4719     9.4743     0.0024     9.4702     9.4726     0.0024   3.677574   3.678407   0.000833    34.1489    34.1553     6.7196    26.3757    26.3803    292.384  279.47618  279.65741          7  0.000e+00
      61957 293.847992  -43.44174  -53.61228      0.075    1476.15     15.094     14.973     9.4727     9.4746     0.0019     9.4711     9.4729     0.0019   3.677694   3.678426   0.000733    34.1493    34.1551     6.7198    26.3759    26.3801    292.394  279.47015  279.65132          7  0.000e+00
      61958 293.847992  -43.44174  -53.61228      0.073    1476.15     15.121     15.000     9.4737     9.4748     0.0010     9.4721     9.4731     0.0010   3.677807   3.678458   0.000651    34.1496    34.1553     6.7201    26.3759    26.3802    292.406  279.46370  279.64479          7  0.000e+00
      61959 293.847993  -43.44174  -53.61228      0.069    1476.15     15.094     14.973     9.4744     9.4748     0.0004     9.4727     9.4731     0.0004   3.677854   3.678490   0.000637    34.1494    34.1556     6.7167    26.3757    26.3805    292.259  279.46002  279.64105          7  0.000e+00
      61960 293.847993  -43.44174  -53.61228      0.066    1476.15     15.121     15.000     9.4745     9.4752     0.0007     9.4729     9.4736     0.0007   3.677867   3.678522   0.000655    34.1494    34.1555     6.7205    26.3757    26.3803    292.425  279.45915  279.64017          7  0.000e+00
      61961 293.847994  -43.44174  -53.61228      0.059    1476.15     15.073     14.952     9.4749     9.4752     0.0004     9.4732     9.4736     0.0004   3.677867   3.678510   0.000643    34.1491    34.1554     6.7209    26.3754    26.3802    292.443  279.45767  279.63865          7  0.000e+00
      61962 293.847994  -43.44174  -53.61228      0.055    1476.15     15.094     14.973     9.4747     9.4751     0.0004     9.4731     9.4734     0.0004   3.677840   3.678503   0.000663    34.1490    34.1555     6.7215    26.3753    26.3803    292.467  279.45886  279.63985          7  0.000e+00
      61963 293.847995  -43.44174  -53.61228      0.054    1476.15     15.121     15.000     9.4747     9.4754     0.0007     9.4731     9.4738     0.0007   3.677787   3.678478   0.000691    34.1484    34.1549     6.7216    26.3748    26.3798    292.475  279.45999  279.64097          7  0.000e+00
      61964 293.847995  -43.44174  -53.61228      0.044    1476.15     15.121     15.000     9.4744     9.4754     0.0010     9.4727     9.4738     0.0010   3.677747   3.678490   0.000743    34.1483    34.1550     6.7222    26.3748    26.3799    292.500  279.46227  279.64328          7  0.000e+00
      61965 293.847996  -43.44174  -53.61228      0.045    1476.15     15.094     14.973     9.4749     9.4752     0.0004     9.4732     9.4736     0.0004   3.677834   3.678522   0.000689    34.1488    34.1555     6.7223    26.3751    26.3803    292.501  279.45838  279.63935          7  0.000e+00
      61966 293.847996  -43.44174  -53.61228      0.040    1476.15     15.073     14.953     9.4754     9.4756     0.0002     9.4737     9.4739     0.0002   3.677967   3.678535   0.000568    34.1497    34.1553     6.7186    26.3757    26.3801    292.340  279.45353  279.63447          7  0.000e+00
      61967 293.847997  -43.44174  -53.61228      0.039    1476.15     15.121     15.000     9.4759     9.4758    -0.0001     9.4742     9.4741    -0.0001   3.678020   3.678606   0.000585    34.1497    34.1559     6.7183    26.3757    26.3805    292.330  279.45040  279.63130          7  0.000e+00
      61968 293.847997  -43.44174  -53.61228      0.032    1476.15     15.039     14.919     9.4762     9.4772     0.0011     9.4745     9.4756     0.0011   3.678033   3.678708   0.000674    34.1496    34.1556     6.7217    26.3755    26.3800    292.478  279.44881  279.62968          7  0.000e+00
      61969 293.847998  -43.44174  -53.61228      0.030    1476.15     15.121     15.000     9.4760     9.4775     0.0015     9.4743     9.4759     0.0015   3.677980   3.678753   0.000773    34.1492    34.1557     6.7183    26.3752    26.3801    292.330  279.45062  279.63149          7  0.000e+00
      61970 293.847998  -43.44174  -53.61228      0.024    1476.15     15.039     14.919     9.4755     9.4785     0.0030     9.4739     9.4769     0.0030   3.677887   3.678932   0.001045    34.1487    34.1566     6.7182    26.3749    26.3806    292.324  279.45454  279.63546          7  0.000e+00
      61971 293.847999  -43.44174  -53.61228      0.019    1476.15     15.073     14.953     9.4752     9.4794     0.0042     9.4736     9.4777     0.0042   3.677840   3.678868   0.001028    34.1485    34.1552     6.7181    26.3748    26.3794    292.321  279.45678  279.63772          7  0.000e+00
      61972 293.847999  -43.44174  -53.61228      0.014    1476.15     15.073     14.953     9.4749     9.4784     0.0035     9.4732     9.4767     0.0035   3.677834   3.678804   0.000970    34.1488    34.1554     6.7180    26.3751    26.3797    292.317  279.45836  279.63933          7  0.000e+00
      61973 293.848000  -43.44174  -53.61228      0.011    1476.15     15.039     14.919     9.4747     9.4777     0.0030     9.4731     9.4761     0.0030   3.677807   3.678772   0.000965    34.1486    34.1558     6.7212    26.3750    26.3801    292.456  279.45950  279.64049          7  0.000e+00
      61974 293.848000  -43.44174  -53.61228      0.006    1476.15     15.073     14.953     9.4757     9.4781     0.0023     9.4740     9.4764     0.0023   3.678020   3.678734   0.000713    34.1499    34.1550     6.7176    26.3758    26.3795    292.297  279.45098  279.63189          7  0.000e+00
