Pos-Processados/process_op38/operantar38_018Bb.ros
* Sea-Bird SBE 9 Data File:
* FileName = D:\OPERANTAR_XXXVIII\DADOS\OP38_018Bb.hdr
* Software Version Seasave V 7.18c
* Temperature SN = 4808
* Conductivity SN = 3380
* Number of Bytes Per Scan = 34
* Number of Voltage Words = 3
* Number of Scans Averaged by the Deck Unit = 1
* NMEA Latitude = 62 10.02 S
* NMEA Longitude = 058 22.53 W
* NMEA UTC (Time) = Nov 05 2019 18:22:12
** H41
** NAVIO POLAR ALMIRANTE MAXIMIANO
** CRUZEIRO:
** OPERANTAR XXXVIII
** ESTAÇÃO: OP38_018b
** LAT 62 10,01' S
** LONG 058 22,50' W
** 09P73767-1155_A
** PROFUNDIDADE: 440
** DATA/HORA: 051823Z/NOV/2019
** OPERADOR: SO-HN CHAVES
# nquan = 27
# nvalues = 1843                                  
# units = specified
# name 0 = scan: Scan Count
# name 1 = timeJ: Julian Days
# name 2 = latitude: Latitude [deg]
# name 3 = longitude: Longitude [deg]
# name 4 = dz/dtM: Descent Rate [m/s]
# name 5 = avgsvCM: Average Sound Velocity [Chen-Millero, m/s]
# name 6 = prDM: Pressure, Digiquartz [db]
# name 7 = depSM: Depth [salt water, m]
# name 8 = t090C: Temperature [ITS-90, deg C]
# name 9 = t190C: Temperature, 2 [ITS-90, deg C]
# name 10 = T2-T190C: Temperature Difference, 2 - 1 [ITS-90, deg C]
# name 11 = potemp090C: Potential Temperature [ITS-90, deg C]
# name 12 = potemp190C: Potential Temperature, 2 [ITS-90, deg C]
# name 13 = potemp90Cdiff: Potential Temperature, Diff, 2 - 1 [ITS-90, deg C]
# name 14 = c0S/m: Conductivity [S/m]
# name 15 = c1S/m: Conductivity, 2 [S/m]
# name 16 = C2-C1S/m: Conductivity Difference, 2 - 1 [S/m]
# name 17 = sal00: Salinity, Practical [PSU]
# name 18 = sal11: Salinity, Practical, 2 [PSU]
# name 19 = sbeox0ML/L: Oxygen, SBE 43 [ml/l]
# name 20 = sigma-é00: Density [sigma-theta, kg/m^3]
# name 21 = sigma-é11: Density, 2 [sigma-theta, kg/m^3]
# name 22 = sbox0Mm/Kg: Oxygen, SBE 43 [umol/kg]
# name 23 = oxsolMm/Kg: Oxygen Saturation, Garcia & Gordon [umol/kg]
# name 24 = oxsatMm/Kg: Oxygen Saturation, Weiss [umol/kg]
# name 25 = nbf: Bottles Fired
# name 26 = flag:  0.000e+00
# interval = seconds: 0.0416667
# start_time = Nov 05 2019 18:22:12 [NMEA time, header]
# bad_flag = -9.990e-29
*END*
[from data line 1504]
       1950 309.766357  -62.16700  -58.37554      0.121       0.00      2.174      2.153    -0.6235    -0.6282    -0.0047    -0.6236    -0.6283    -0.0047   2.785959   2.786071   0.000112    34.1308    34.1376     7.6138    27.4338    27.4395    330.951  356.09495  357.69672         11  0.000e+00
       1951 309.766357  -62.16700  -58.37554      0.117       0.00      2.174      2.153    -0.6238    -0.6271    -0.0033    -0.6238    -0.6272    -0.0033   2.785953   2.786134   0.000182    34.1309    34.1372     7.6125    27.4340    27.4392    330.896  356.09662  357.69845         11  0.000e+00
       1952 309.766358  -62.16700  -58.37554      0.116       0.00      2.174      2.153    -0.6238    -0.6267    -0.0028    -0.6239    -0.6267    -0.0028   2.785953   2.786094   0.000141    34.1310    34.1361     7.6120    27.4340    27.4383    330.875  356.09698  357.69883         11  0.000e+00
       1953 309.766358  -62.16700  -58.37554      0.115       0.00      2.174      2.153    -0.6240    -0.6261    -0.0020    -0.6241    -0.6261    -0.0020   2.785911   2.786146   0.000235    34.1306    34.1361     7.6167    27.4337    27.4382    331.080  356.09965  357.70151         11  0.000e+00
       1954 309.766359  -62.16700  -58.37554      0.116       0.00      2.222      2.201    -0.6240    -0.6253    -0.0013    -0.6241    -0.6254    -0.0013   2.785935   2.786198   0.000263    34.1309    34.1359     7.6170    27.4340    27.4381    331.094  356.09883  357.70071         11  0.000e+00
       1955 309.766359  -62.16700  -58.37554      0.113       0.00      2.174      2.153    -0.6235    -0.6256    -0.0021    -0.6236    -0.6257    -0.0021   2.785971   2.786261   0.000290    34.1309    34.1372     7.6172    27.4339    27.4391    331.099  356.09413  357.69590         11  0.000e+00
       1956 309.766359  -62.16700  -58.37554      0.108       0.00      2.174      2.153    -0.6232    -0.6250    -0.0018    -0.6233    -0.6250    -0.0018   2.786013   2.786273   0.000260    34.1311    34.1366     7.6122    27.4341    27.4386    330.885  356.09074  357.69246         11  0.000e+00
       1957 309.766360  -62.16700  -58.37554      0.108       0.00      2.195      2.174    -0.6229    -0.6250    -0.0021    -0.6230    -0.6250    -0.0021   2.786067   2.786278   0.000212    34.1315    34.1367     7.6117    27.4344    27.4387    330.862  356.08694  357.68861         11  0.000e+00
       1958 309.766360  -62.16700  -58.37554      0.107       0.00      2.222      2.201    -0.6227    -0.6244    -0.0016    -0.6228    -0.6244    -0.0016   2.786025   2.786284   0.000259    34.1307    34.1360     7.6113    27.4337    27.4381    330.846  356.08748  357.68907         11  0.000e+00
       1959 309.766361  -62.16700  -58.37554      0.103       0.00      2.174      2.153    -0.6227    -0.6247    -0.0019    -0.6228    -0.6247    -0.0019   2.786025   2.786273   0.000248    34.1307    34.1363     7.6152    27.4337    27.4383    331.016  356.08740  357.68899         11  0.000e+00
       1960 309.766361  -62.16700  -58.37554      0.100       0.00      2.222      2.201    -0.6227    -0.6248    -0.0021    -0.6228    -0.6249    -0.0021   2.786013   2.786301   0.000289    34.1305    34.1368     7.6149    27.4336    27.4387    330.999  356.08793  357.68951         11  0.000e+00
       1961 309.766362  -62.16700  -58.37554      0.097       0.00      2.174      2.153    -0.6229    -0.6247    -0.0018    -0.6230    -0.6247    -0.0018   2.786007   2.786290   0.000283    34.1307    34.1365     7.6100    27.4337    27.4385    330.789  356.08916  357.69079         11  0.000e+00
       1962 309.766362  -62.16700  -58.37554      0.097       0.00      2.222      2.201    -0.6227    -0.6254    -0.0027    -0.6228    -0.6255    -0.0027   2.786025   2.786215   0.000190    34.1307    34.1363     7.6096    27.4337    27.4384    330.771  356.08748  357.68907         11  0.000e+00
       1963 309.766363  -62.16700  -58.37554      0.093       0.00      2.174      2.153    -0.6232    -0.6265    -0.0033    -0.6233    -0.6266    -0.0033   2.786013   2.786123   0.000110    34.1311    34.1363     7.6144    27.4341    27.4384    330.979  356.09074  357.69246         11  0.000e+00
       1964 309.766363  -62.16700  -58.37554      0.089       0.00      2.222      2.201    -0.6232    -0.6259    -0.0027    -0.6233    -0.6260    -0.0027   2.785965   2.786100   0.000135    34.1304    34.1353     7.6149    27.4335    27.4376    331.000  356.09263  357.69431         11  0.000e+00
       1965 309.766364  -62.16700  -58.37554      0.090       0.00      2.222      2.201    -0.6235    -0.6261    -0.0026    -0.6236    -0.6261    -0.0026   2.785953   2.786129   0.000176    34.1306    34.1359     7.6153    27.4337    27.4380    331.019  356.09489  357.69664         11  0.000e+00
       1966 309.766364  -62.16700  -58.37554      0.083       0.00      2.174      2.153    -0.6235    -0.6254    -0.0019    -0.6236    -0.6255    -0.0019   2.785953   2.786169   0.000216    34.1307    34.1357     7.6105    27.4337    27.4379    330.810  356.09517  357.69694         11  0.000e+00
       1967 309.766365  -62.16700  -58.37554      0.084       0.00      2.222      2.201    -0.6235    -0.6261    -0.0025    -0.6236    -0.6261    -0.0025   2.785989   2.786140   0.000151    34.1311    34.1360     7.6102    27.4341    27.4382    330.796  356.09390  357.69569         11  0.000e+00
       1968 309.766365  -62.16700  -58.37554      0.082       0.00      2.243      2.221    -0.6238    -0.6270    -0.0031    -0.6239    -0.6271    -0.0031   2.785965   2.786065   0.000101    34.1311    34.1360     7.6100    27.4341    27.4382    330.786  356.09665  357.69850         11  0.000e+00
       1969 309.766366  -62.16700  -58.37554      0.078       0.00      2.222      2.201    -0.6238    -0.6279    -0.0041    -0.6239    -0.6280    -0.0041   2.785953   2.785962   0.000009    34.1310    34.1357     7.6097    27.4340    27.4380    330.773  356.09707  357.69891         11  0.000e+00
       1970 309.766366  -62.16700  -58.37554      0.074       0.00      2.174      2.153    -0.6238    -0.6287    -0.0049    -0.6238    -0.6287    -0.0049   2.785971   2.785916  -0.000055    34.1312    34.1360     7.6093    27.4342    27.4383    330.759  356.09594  357.69779         11  0.000e+00
       1971 309.766367  -62.16700  -58.37554      0.073       0.00      2.222      2.201    -0.6235    -0.6298    -0.0062    -0.6236    -0.6298    -0.0062   2.785959   2.785899  -0.000060    34.1307    34.1369     7.6091    27.4338    27.4391    330.750  356.09503  357.69680         11  0.000e+00
       1972 309.766367  -62.16700  -58.37554      0.071       0.00      2.222      2.201    -0.6235    -0.6302    -0.0067    -0.6236    -0.6303    -0.0067   2.785953   2.785876  -0.000077    34.1307    34.1371     7.6089    27.4337    27.4393    330.742  356.09526  357.69702         11  0.000e+00
       1973 309.766368  -62.16700  -58.37554      0.066       0.00      2.222      2.201    -0.6234    -0.6308    -0.0075    -0.6234    -0.6309    -0.0075   2.785971   2.785847  -0.000124    34.1307    34.1375     7.6139    27.4337    27.4395    330.956  356.09349  357.69522         11  0.000e+00
       1974 309.766368  -62.16700  -58.37554      0.064       0.00      2.222      2.201    -0.6234    -0.6311    -0.0078    -0.6234    -0.6312    -0.0078   2.785941   2.785858  -0.000082    34.1303    34.1380     7.6145    27.4334    27.4400    330.984  356.09462  357.69633         11  0.000e+00
       1975 309.766369  -62.16700  -58.37554      0.064       0.00      2.222      2.201    -0.6235    -0.6308    -0.0073    -0.6236    -0.6309    -0.0073   2.785965   2.785830  -0.000135    34.1307    34.1372     7.6151    27.4338    27.4393    331.010  356.09444  357.69620         11  0.000e+00
       1976 309.766369  -62.16700  -58.37554      0.059       0.00      2.222      2.201    -0.6238    -0.6306    -0.0067    -0.6239    -0.6306    -0.0067   2.785899   2.785812  -0.000087    34.1303    34.1367     7.6107    27.4334    27.4389    330.818  356.09910  357.70090         11  0.000e+00
       1977 309.766370  -62.16700  -58.37554      0.056       0.00      2.174      2.153    -0.6245    -0.6305    -0.0061    -0.6245    -0.6306    -0.0061   2.785875   2.785830  -0.000045    34.1307    34.1369     7.6106    27.4338    27.4391    330.815  356.10390  357.70586         11  0.000e+00
       1978 309.766370  -62.16700  -58.37554      0.054       0.00      2.243      2.221    -0.6252    -0.6307    -0.0055    -0.6253    -0.6308    -0.0055   2.785851   2.785807  -0.000044    34.1312    34.1367     7.6108    27.4342    27.4390    330.821  356.10963  357.71178         11  0.000e+00
       1979 309.766371  -62.16700  -58.37554      0.050       0.00      2.174      2.153    -0.6251    -0.6308    -0.0057    -0.6252    -0.6309    -0.0057   2.785863   2.785807  -0.000056    34.1312    34.1369     7.6106    27.4343    27.4391    330.813  356.10834  357.71046         11  0.000e+00
       1980 309.766371  -62.16700  -58.37554      0.046       0.00      2.222      2.201    -0.6247    -0.6313    -0.0066    -0.6248    -0.6314    -0.0066   2.785875   2.785812  -0.000063    34.1309    34.1375     7.6105    27.4340    27.4396    330.811  356.10543  357.70746         11  0.000e+00
       1981 309.766372  -62.16700  -58.37554      0.045       0.00      2.222      2.201    -0.6248    -0.6319    -0.0072    -0.6248    -0.6320    -0.0072   2.785875   2.785778  -0.000097    34.1310    34.1378     7.6105    27.4340    27.4398    330.811  356.10579  357.70783         11  0.000e+00
       1982 309.766372  -62.16700  -58.37554      0.040       0.00      2.174      2.153    -0.6243    -0.6321    -0.0078    -0.6244    -0.6321    -0.0078   2.785875   2.785761  -0.000114    34.1305    34.1377     7.6104    27.4336    27.4398    330.807  356.10282  357.70473         11  0.000e+00
       1983 309.766372  -62.16700  -58.37554      0.039       0.00      2.222      2.201    -0.6245    -0.6324    -0.0079    -0.6245    -0.6325    -0.0079   2.785875   2.785795  -0.000080    34.1306    34.1385     7.6106    27.4338    27.4405    330.813  356.10398  357.70594         11  0.000e+00
       1984 309.766373  -62.16700  -58.37554      0.034       0.00      2.174      2.153    -0.6245    -0.6310    -0.0065    -0.6245    -0.6311    -0.0065   2.785869   2.785841  -0.000028    34.1306    34.1376     7.6106    27.4337    27.4397    330.816  356.10413  357.70609         11  0.000e+00
       1985 309.766373  -62.16700  -58.37554      0.032       0.00      2.222      2.201    -0.6247    -0.6308    -0.0061    -0.6248    -0.6309    -0.0061   2.785869   2.785841  -0.000028    34.1308    34.1374     7.6160    27.4339    27.4395    331.048  356.10566  357.70768         11  0.000e+00
       1986 309.766374  -62.16700  -58.37554      0.028       0.00      2.174      2.153    -0.6246    -0.6305    -0.0059    -0.6247    -0.6306    -0.0059   2.785911   2.785876  -0.000035    34.1314    34.1375     7.6109    27.4343    27.4396    330.825  356.10363  357.70567         11  0.000e+00
       1987 309.766374  -62.16700  -58.37554      0.028       0.00      2.222      2.201    -0.6249    -0.6304    -0.0054    -0.6250    -0.6304    -0.0054   2.785887   2.785858  -0.000029    34.1313    34.1371     7.6162    27.4343    27.4392    331.059  356.10643  357.70853         11  0.000e+00
       1988 309.766375  -62.16700  -58.37554      0.024       0.00      2.195      2.174    -0.6243    -0.6296    -0.0053    -0.6244    -0.6297    -0.0053   2.785875   2.785899   0.000024    34.1305    34.1368     7.6119    27.4336    27.4390    330.869  356.10285  357.70476         11  0.000e+00
       1989 309.766375  -62.16700  -58.37554      0.022       0.00      2.174      2.153    -0.6249    -0.6290    -0.0041    -0.6250    -0.6291    -0.0041   2.785833   2.785956   0.000123    34.1306    34.1369     7.6121    27.4338    27.4390    330.881  356.10838  357.71044         11  0.000e+00
       1990 309.766376  -62.16700  -58.37554      0.019       0.00      2.174      2.153    -0.6251    -0.6295    -0.0044    -0.6251    -0.6295    -0.0044   2.785839   2.785956   0.000117    34.1308    34.1374     7.6124    27.4339    27.4394    330.890  356.10888  357.71097         11  0.000e+00
       1991 309.766376  -62.16700  -58.37554      0.017       0.00      2.222      2.201    -0.6251    -0.6285    -0.0034    -0.6252    -0.6286    -0.0034   2.785863   2.785968   0.000105    34.1312    34.1365     7.6118    27.4342    27.4386    330.867  356.10842  357.71055         11  0.000e+00
       1992 309.766377  -62.16700  -58.37554      0.011       0.00      2.126      2.106    -0.6252    -0.6285    -0.0033    -0.6253    -0.6286    -0.0033   2.785833   2.785991   0.000158    34.1310    34.1368     7.6112    27.4341    27.4389    330.839  356.11011  357.71225         11  0.000e+00
       1993 309.766377  -62.16700  -58.37554      0.012       0.00      2.222      2.201    -0.6252    -0.6287    -0.0035    -0.6253    -0.6287    -0.0035   2.785839   2.786014   0.000175    34.1310    34.1373     7.6107    27.4341    27.4393    330.819  356.11005  357.71219         11  0.000e+00
       1994 309.766378  -62.16700  -58.37554      0.006       0.00      2.174      2.153    -0.6251    -0.6288    -0.0037    -0.6252    -0.6289    -0.0037   2.785827   2.785933   0.000106    34.1308    34.1364     7.6160    27.4339    27.4386    331.049  356.10969  357.71179         11  0.000e+00
       1995 309.766378  -62.16700  -58.37554      0.003       0.00      2.126      2.106    -0.6253    -0.6291    -0.0038    -0.6254    -0.6292    -0.0038   2.785821   2.785893   0.000072    34.1310    34.1362     7.6170    27.4340    27.4385    331.092  356.11128  357.71345         11  0.000e+00
       1996 309.766379  -62.16700  -58.37554      0.001       0.00      2.222      2.201    -0.6254    -0.6282    -0.0028    -0.6255    -0.6283    -0.0028   2.785803   2.785968   0.000165    34.1307    34.1361     7.6130    27.4339    27.4384    330.917  356.11249  357.71465         11  0.000e+00
       1997 309.766379  -62.16700  -58.37554     -0.004       0.00      2.126      2.106    -0.6256    -0.6279    -0.0023    -0.6256    -0.6280    -0.0023   2.785797   2.786100   0.000303    34.1309    34.1376     7.6132    27.4340    27.4396    330.925  356.11363  357.71584         11  0.000e+00
       1998 309.766380  -62.16700  -58.37554     -0.007       0.00      2.174      2.153    -0.6259    -0.6265    -0.0006    -0.6259    -0.6266    -0.0006   2.785773   2.786192   0.000419    34.1309    34.1373     7.6136    27.4340    27.4392    330.942  356.11643  357.71870         11  0.000e+00
       1999 309.766380  -62.16700  -58.37554     -0.012       0.00      2.140      2.119    -0.6257    -0.6251     0.0006    -0.6258    -0.6252     0.0006   2.785767   2.786307   0.000540    34.1306    34.1373     7.6130    27.4338    27.4391    330.919  356.11551  357.71773         11  0.000e+00
       2000 309.766381  -62.16700  -58.37554     -0.014       0.00      2.174      2.153    -0.6258    -0.6250     0.0008    -0.6259    -0.6250     0.0008   2.785785   2.786290   0.000505    34.1310    34.1368     7.6126    27.4341    27.4388    330.900  356.11562  357.71788         11  0.000e+00
       2001 309.766381  -62.16700  -58.37554     -0.020       0.00      2.126      2.106    -0.6256    -0.6248     0.0008    -0.6256    -0.6249     0.0008   2.785797   2.786261   0.000464    34.1309    34.1363     7.6120    27.4340    27.4383    330.875  356.11363  357.71584         11  0.000e+00
       2002 309.766382  -62.16700  -58.37554     -0.025       0.00      2.126      2.106    -0.6257    -0.6247     0.0010    -0.6258    -0.6247     0.0010   2.785773   2.786238   0.000465    34.1307    34.1358     7.6124    27.4339    27.4380    330.891  356.11526  357.71749         11  0.000e+00
