Pos-Processados/process_op38/operantar38_018.ros
* Sea-Bird SBE 9 Data File:
* FileName = D:\OPERANTAR_XXXVIII\DADOS\OP38_018.hdr
* Software Version Seasave V 7.18c
* Temperature SN = 4808
* Conductivity SN = 3380
* Number of Bytes Per Scan = 34
* Number of Voltage Words = 3
* Number of Scans Averaged by the Deck Unit = 1
* NMEA Latitude = 62 10.02 S
* NMEA Longitude = 058 22.53 W
* NMEA UTC (Time) = Nov 05 2019 17:24:22
** H41
** NAVIO POLAR ALMIRANTE MAXIMIANO
** CRUZEIRO:
** OPERANTAR XXXVIII
** ESTAÇÃO: OP38_018
** LAT 62 10,02' S
** LONG 058 22,49' W
** 09P73767-1155_A
** PROFUNDIDADE: 447
** DATA/HORA: 051724Z/NOV/2019
** OPERADOR: SO-HN CHAVES
# nquan = 26
# nvalues = 1954                                  
# units = specified
# name 0 = scan: Scan Count
# name 1 = timeJ: Julian Days
# name 2 = latitude: Latitude [deg]
# name 3 = longitude: Longitude [deg]
# name 4 = dz/dtM: Descent Rate [m/s]
# name 5 = avgsvCM: Average Sound Velocity [Chen-Millero, m/s]
# name 6 = prDM: Pressure, Digiquartz [db]
# name 7 = depSM: Depth [salt water, m]
# name 8 = t090C: Temperature [ITS-90, deg C]
# name 9 = t190C: Temperature, 2 [ITS-90, deg C]
# name 10 = T2-T190C: Temperature Difference, 2 - 1 [ITS-90, deg C]
# name 11 = potemp090C: Potential Temperature [ITS-90, deg C]
# name 12 = potemp190C: Potential Temperature, 2 [ITS-90, deg C]
# name 13 = potemp90Cdiff: Potential Temperature, Diff, 2 - 1 [ITS-90, deg C]
# name 14 = c0S/m: Conductivity [S/m]
# name 15 = c1S/m: Conductivity, 2 [S/m]
# name 16 = C2-C1S/m: Conductivity Difference, 2 - 1 [S/m]
# name 17 = sal00: Salinity, Practical [PSU]
# name 18 = sal11: Salinity, Practical, 2 [PSU]
# name 19 = sbeox0ML/L: Oxygen, SBE 43 [ml/l]
# name 20 = sbeox1ML/L: Oxygen, SBE 43, 2 [ml/l]
# name 21 = sbeox0ML/Ldiff: Oxygen, SBE 43, Diff, 2 - 1 [ml/l]
# name 22 = sigma-é00: Density [sigma-theta, kg/m^3]
# name 23 = sigma-é11: Density, 2 [sigma-theta, kg/m^3]
# name 24 = nbf: Bottles Fired
# name 25 = flag:  0.000e+00
# interval = seconds: 0.0416667
# start_time = Nov 05 2019 17:24:22 [NMEA time, header]
# bad_flag = -9.990e-29
*END*
[from data line 1896]
      34975 309.742121  -62.16698  -58.37554     -0.055    1448.15     30.765     30.468    -0.7806    -0.7787     0.0020    -0.7815    -0.7795     0.0020   2.777688   2.778069   0.000381    34.1788    34.1818     7.5650     7.2344    -0.3306    27.4793    27.4816         12  0.000e+00
      34976 309.742121  -62.16698  -58.37554     -0.052    1448.15     30.779     30.481    -0.7806    -0.7757     0.0049    -0.7815    -0.7766     0.0049   2.777682   2.778086   0.000404    34.1787    34.1787     7.5648     7.2344    -0.3304    27.4792    27.4790         12  0.000e+00
      34977 309.742122  -62.16698  -58.37554     -0.055    1448.15     30.717     30.420    -0.7805    -0.7753     0.0052    -0.7813    -0.7761     0.0052   2.777682   2.778155   0.000473    34.1786    34.1791     7.5698     7.2348    -0.3350    27.4791    27.4793         12  0.000e+00
      34978 309.742122  -62.16698  -58.37554     -0.052    1448.15     30.779     30.481    -0.7805    -0.7749     0.0056    -0.7814    -0.7758     0.0056   2.777688   2.778178   0.000490    34.1787    34.1790     7.5645     7.2353    -0.3292    27.4792    27.4792         12  0.000e+00
      34979 309.742123  -62.16698  -58.37554     -0.051    1448.15     30.779     30.481    -0.7803    -0.7768     0.0035    -0.7811    -0.7777     0.0035   2.777706   2.778195   0.000489    34.1787    34.1814     7.5687     7.2361    -0.3326    27.4791    27.4812         12  0.000e+00
      34980 309.742123  -62.16698  -58.37554     -0.051    1448.15     30.717     30.420    -0.7805    -0.7794     0.0010    -0.7813    -0.7803     0.0010   2.777712   2.778201   0.000489    34.1790    34.1844     7.5693     7.2370    -0.3323    27.4794    27.4838         12  0.000e+00
      34981 309.742124  -62.16698  -58.37554     -0.050    1448.15     30.779     30.481    -0.7806    -0.7797     0.0009    -0.7815    -0.7806     0.0009   2.777688   2.778167   0.000479    34.1788    34.1843     7.5692     7.2377    -0.3315    27.4793    27.4837         12  0.000e+00
      34982 309.742124  -62.16698  -58.37554     -0.046    1448.15     30.765     30.468    -0.7809    -0.7805     0.0004    -0.7818    -0.7814     0.0004   2.777706   2.778132   0.000426    34.1794    34.1847     7.5698     7.2371    -0.3327    27.4798    27.4841         12  0.000e+00
      34983 309.742125  -62.16698  -58.37554     -0.047    1448.15     30.731     30.434    -0.7807    -0.7805     0.0002    -0.7815    -0.7814     0.0002   2.777688   2.778126   0.000438    34.1789    34.1846     7.5695     7.2376    -0.3319    27.4794    27.4840         12  0.000e+00
      34984 309.742125  -62.16698  -58.37554     -0.045    1448.15     30.779     30.481    -0.7803    -0.7808    -0.0005    -0.7811    -0.7817    -0.0005   2.777700   2.778144   0.000444    34.1786    34.1852     7.5700     7.2323    -0.3378    27.4791    27.4845         12  0.000e+00
      34985 309.742126  -62.16698  -58.37554     -0.044    1448.15     30.765     30.468    -0.7802    -0.7810    -0.0008    -0.7810    -0.7818    -0.0008   2.777688   2.778149   0.000461    34.1783    34.1855     7.5706     7.2317    -0.3389    27.4788    27.4847         12  0.000e+00
      34986 309.742126  -62.16698  -58.37554     -0.042    1448.15     30.731     30.434    -0.7802    -0.7808    -0.0006    -0.7810    -0.7817    -0.0007   2.777688   2.778190   0.000502    34.1783    34.1859     7.5703     7.2369    -0.3334    27.4789    27.4850         12  0.000e+00
      34987 309.742127  -62.16698  -58.37554     -0.040    1448.15     30.765     30.468    -0.7802    -0.7794     0.0008    -0.7811    -0.7803     0.0008   2.777682   2.778218   0.000536    34.1783    34.1846     7.5709     7.2360    -0.3348    27.4788    27.4840         12  0.000e+00
      34988 309.742127  -62.16698  -58.37554     -0.040    1448.15     30.731     30.434    -0.7805    -0.7779     0.0026    -0.7813    -0.7788     0.0026   2.777682   2.778247   0.000565    34.1786    34.1833     7.5714     7.2350    -0.3363    27.4791    27.4828         12  0.000e+00
      34989 309.742128  -62.16698  -58.37554     -0.038    1448.15     30.779     30.481    -0.7806    -0.7768     0.0038    -0.7815    -0.7777     0.0038   2.777682   2.778276   0.000594    34.1787    34.1825     7.5668     7.2354    -0.3314    27.4792    27.4821         12  0.000e+00
      34990 309.742128  -62.16698  -58.37554     -0.036    1448.15     30.765     30.468    -0.7806    -0.7762     0.0044    -0.7815    -0.7771     0.0044   2.777664   2.778282   0.000618    34.1785    34.1819     7.5666     7.2357    -0.3308    27.4790    27.4816         12  0.000e+00
      34991 309.742129  -62.16698  -58.37554     -0.035    1448.15     30.731     30.434    -0.7808    -0.7773     0.0035    -0.7817    -0.7781     0.0035   2.777676   2.778264   0.000588    34.1789    34.1828     7.5655     7.2364    -0.3292    27.4793    27.4824         12  0.000e+00
      34992 309.742129  -62.16698  -58.37554     -0.033    1448.15     30.765     30.468    -0.7806    -0.7779     0.0027    -0.7815    -0.7788     0.0027   2.777664   2.778293   0.000629    34.1785    34.1839     7.5697     7.2370    -0.3328    27.4790    27.4833         12  0.000e+00
      34993 309.742130  -62.16698  -58.37554     -0.029    1448.15     30.779     30.481    -0.7806    -0.7787     0.0020    -0.7815    -0.7795     0.0020   2.777676   2.778310   0.000634    34.1787    34.1850     7.5643     7.2376    -0.3267    27.4792    27.4842         12  0.000e+00
      34994 309.742130  -62.16698  -58.37554     -0.029    1448.15     30.717     30.420    -0.7806    -0.7784     0.0023    -0.7815    -0.7792     0.0023   2.777646   2.778328   0.000682    34.1783    34.1849     7.5632     7.2379    -0.3252    27.4789    27.4842         12  0.000e+00
      34995 309.742131  -62.16698  -58.37554     -0.026    1448.15     30.779     30.481    -0.7807    -0.7791     0.0016    -0.7816    -0.7800     0.0016   2.777670   2.778293   0.000623    34.1786    34.1853     7.5622     7.2386    -0.3236    27.4791    27.4845         12  0.000e+00
      34996 309.742131  -62.16698  -58.37554     -0.025    1448.15     30.779     30.481    -0.7809    -0.7776     0.0033    -0.7818    -0.7784     0.0033   2.777664   2.778299   0.000635    34.1788    34.1836     7.5620     7.2389    -0.3232    27.4793    27.4831         12  0.000e+00
      34997 309.742132  -62.16698  -58.37554     -0.025    1448.15     30.765     30.468    -0.7811    -0.7774     0.0037    -0.7820    -0.7783     0.0037   2.777694   2.778310   0.000616    34.1794    34.1836     7.5662     7.2381    -0.3281    27.4798    27.4831         12  0.000e+00
      34998 309.742132  -62.16698  -58.37554     -0.018    1448.15     30.779     30.481    -0.7812    -0.7776     0.0036    -0.7821    -0.7785     0.0036   2.777658   2.778270   0.000612    34.1791    34.1833     7.5616     7.2327    -0.3289    27.4795    27.4828         12  0.000e+00
      34999 309.742133  -62.16698  -58.37554     -0.014    1448.15     30.765     30.468    -0.7810    -0.7776     0.0034    -0.7818    -0.7784     0.0034   2.777652   2.778276   0.000624    34.1787    34.1833     7.5606     7.2379    -0.3227    27.4792    27.4828         12  0.000e+00
      35000 309.742133  -62.16698  -58.37554     -0.014    1448.15     30.779     30.481    -0.7811    -0.7773     0.0038    -0.7820    -0.7781     0.0038   2.777676   2.778299   0.000623    34.1792    34.1833     7.5656     7.2383    -0.3272    27.4796    27.4828         12  0.000e+00
      35001 309.742133  -62.16698  -58.37554     -0.012    1448.15     30.731     30.434    -0.7811    -0.7771     0.0040    -0.7820    -0.7780     0.0040   2.777682   2.778310   0.000628    34.1793    34.1833     7.5661     7.2375    -0.3286    27.4797    27.4828         12  0.000e+00
      35002 309.742134  -62.16698  -58.37554     -0.009    1448.15     30.820     30.522    -0.7806    -0.7766     0.0040    -0.7815    -0.7775     0.0040   2.777706   2.778310   0.000604    34.1790    34.1827     7.5607     7.2380    -0.3227    27.4795    27.4823         12  0.000e+00
      35003 309.742134  -62.16698  -58.37554     -0.010    1448.15     30.731     30.434    -0.7795    -0.7765     0.0030    -0.7804    -0.7774     0.0030   2.777730   2.778328   0.000598    34.1782    34.1828     7.5594     7.2383    -0.3211    27.4787    27.4824         12  0.000e+00
      35004 309.742135  -62.16698  -58.37554     -0.003    1448.15     30.820     30.522    -0.7794    -0.7763     0.0031    -0.7803    -0.7772     0.0031   2.777736   2.778316   0.000580    34.1781    34.1824     7.5644     7.2376    -0.3269    27.4786    27.4820         12  0.000e+00
      35005 309.742135  -62.16698  -58.37554     -0.002    1448.15     30.779     30.481    -0.7798    -0.7770     0.0028    -0.7807    -0.7778     0.0028   2.777754   2.778328   0.000574    34.1788    34.1834     7.5650     7.2368    -0.3282    27.4792    27.4828         12  0.000e+00
      35006 309.742136  -62.16698  -58.37554     -0.001    1448.15     30.765     30.468    -0.7795    -0.7773     0.0023    -0.7804    -0.7781     0.0023   2.777766   2.778333   0.000568    34.1786    34.1838     7.5656     7.2360    -0.3296    27.4791    27.4832         12  0.000e+00
      35007 309.742136  -62.16698  -58.37554     -0.000    1448.15     30.779     30.481    -0.7797    -0.7770     0.0027    -0.7806    -0.7778     0.0027   2.777766   2.778333   0.000568    34.1788    34.1834     7.5662     7.2362    -0.3300    27.4792    27.4828         12  0.000e+00
      35008 309.742137  -62.16698  -58.37554      0.004    1448.15     30.779     30.481    -0.7798    -0.7763     0.0034    -0.7806    -0.7772     0.0034   2.777742   2.778316   0.000574    34.1786    34.1825     7.5668     7.2364    -0.3304    27.4790    27.4821         12  0.000e+00
      35009 309.742137  -62.16698  -58.37554      0.005    1448.15     30.765     30.468    -0.7798    -0.7766     0.0032    -0.7807    -0.7775     0.0032   2.777736   2.778345   0.000609    34.1785    34.1832     7.5674     7.2367    -0.3307    27.4790    27.4827         12  0.000e+00
      35010 309.742138  -62.16698  -58.37554      0.006    1448.15     30.779     30.481    -0.7802    -0.7757     0.0044    -0.7810    -0.7766     0.0044   2.777736   2.778379   0.000643    34.1789    34.1826     7.5680     7.2369    -0.3312    27.4794    27.4822         12  0.000e+00
      35011 309.742138  -62.16698  -58.37554      0.011    1448.15     30.820     30.522    -0.7802    -0.7759     0.0043    -0.7810    -0.7767     0.0043   2.777760   2.778425   0.000666    34.1792    34.1834     7.5687     7.2372    -0.3315    27.4796    27.4828         12  0.000e+00
      35012 309.742139  -62.16698  -58.37554      0.012    1448.15     30.779     30.481    -0.7803    -0.7756     0.0047    -0.7812    -0.7765     0.0047   2.777742   2.778460   0.000718    34.1792    34.1836     7.5692     7.2432    -0.3260    27.4796    27.4829         12  0.000e+00
      35013 309.742139  -62.16698  -58.37554      0.013    1448.15     30.779     30.481    -0.7805    -0.7749     0.0055    -0.7813    -0.7758     0.0055   2.777736   2.778506   0.000770    34.1793    34.1835     7.5699     7.2433    -0.3266    27.4796    27.4828         12  0.000e+00
      35014 309.742140  -62.16698  -58.37554      0.016    1448.15     30.820     30.522    -0.7803    -0.7736     0.0067    -0.7811    -0.7744     0.0067   2.777700   2.778494   0.000794    34.1786    34.1817     7.5653     7.2373    -0.3280    27.4791    27.4813         12  0.000e+00
      35015 309.742140  -62.16698  -58.37554      0.018    1448.15     30.779     30.481    -0.7805    -0.7734     0.0071    -0.7813    -0.7743     0.0070   2.777724   2.778529   0.000805    34.1791    34.1820     7.5651     7.2373    -0.3278    27.4795    27.4816         12  0.000e+00
      35016 309.742141  -62.16698  -58.37554      0.022    1448.15     30.820     30.522    -0.7802    -0.7733     0.0070    -0.7811    -0.7741     0.0070   2.777718   2.778563   0.000845    34.1787    34.1823     7.5702     7.2374    -0.3327    27.4792    27.4818         12  0.000e+00
      35017 309.742141  -62.16698  -58.37554      0.020    1448.15     30.779     30.481    -0.7803    -0.7736     0.0067    -0.7811    -0.7744     0.0067   2.777730   2.778512   0.000782    34.1790    34.1820     7.5648     7.2376    -0.3272    27.4794    27.4815         12  0.000e+00
      35018 309.742142  -62.16698  -58.37554      0.021    1448.15     30.779     30.481    -0.7803    -0.7731     0.0072    -0.7811    -0.7740     0.0072   2.777718   2.778471   0.000753    34.1788    34.1809     7.5698     7.2376    -0.3322    27.4793    27.4807         12  0.000e+00
      35019 309.742142  -62.16698  -58.37554      0.024    1448.15     30.820     30.522    -0.7805    -0.7736     0.0069    -0.7813    -0.7745     0.0069   2.777712   2.778425   0.000713    34.1789    34.1808     7.5646     7.2379    -0.3267    27.4794    27.4806         12  0.000e+00
      35020 309.742143  -62.16698  -58.37554      0.028    1448.15     30.827     30.529    -0.7805    -0.7743     0.0061    -0.7813    -0.7752     0.0061   2.777688   2.778448   0.000760    34.1786    34.1820     7.5636     7.2381    -0.3256    27.4791    27.4816         12  0.000e+00
      35021 309.742143  -62.16698  -58.37554      0.025    1448.15     30.765     30.468    -0.7803    -0.7736     0.0068    -0.7812    -0.7744     0.0068   2.777682   2.778448   0.000766    34.1784    34.1811     7.5626     7.2380    -0.3246    27.4789    27.4809         12  0.000e+00
      35022 309.742144  -62.16698  -58.37554      0.025    1448.15     30.779     30.481    -0.7802    -0.7734     0.0068    -0.7810    -0.7743     0.0068   2.777688   2.778460   0.000772    34.1783    34.1811     7.5677     7.2369    -0.3308    27.4788    27.4808         12  0.000e+00
      35023 309.742144  -62.16698  -58.37554      0.026    1448.15     30.820     30.522    -0.7798    -0.7736     0.0063    -0.7807    -0.7744     0.0063   2.777682   2.778466   0.000784    34.1778    34.1813     7.5683     7.2428    -0.3254    27.4784    27.4810         12  0.000e+00
      35024 309.742145  -62.16698  -58.37554      0.025    1448.15     30.779     30.481    -0.7800    -0.7740     0.0060    -0.7809    -0.7749     0.0060   2.777700   2.778466   0.000766    34.1783    34.1819     7.5681     7.2440    -0.3241    27.4788    27.4815         12  0.000e+00
      35025 309.742145  -62.16698  -58.37554      0.029    1448.15     30.827     30.529    -0.7798    -0.7742     0.0055    -0.7806    -0.7751     0.0055   2.777670   2.778466   0.000796    34.1776    34.1821     7.5679     7.2452    -0.3227    27.4782    27.4817         12  0.000e+00
      35026 309.742146  -62.16698  -58.37554      0.028    1448.15     30.820     30.522    -0.7800    -0.7733     0.0067    -0.7809    -0.7741     0.0067   2.777700   2.778466   0.000766    34.1782    34.1810     7.5685     7.2402    -0.3283    27.4788    27.4807         12  0.000e+00
      35027 309.742146  -62.16698  -58.37554      0.031    1448.15     30.827     30.529    -0.7802    -0.7730     0.0072    -0.7810    -0.7738     0.0072   2.777712   2.778443   0.000731    34.1786    34.1803     7.5683     7.2401    -0.3282    27.4791    27.4802         12  0.000e+00
      35028 309.742147  -62.16698  -58.37554      0.034    1448.15     30.820     30.522    -0.7805    -0.7730     0.0075    -0.7813    -0.7738     0.0075   2.777712   2.778477   0.000765    34.1789    34.1808     7.5689     7.2400    -0.3289    27.4794    27.4806         12  0.000e+00
      35029 309.742147  -62.16698  -58.37554      0.030    1448.15     30.779     30.481    -0.7808    -0.7734     0.0074    -0.7817    -0.7743     0.0074   2.777688   2.778512   0.000824    34.1790    34.1818     7.5695     7.2399    -0.3296    27.4795    27.4814         12  0.000e+00
