Pos-Processados/process_op38/operantar38_001.ros
* Sea-Bird SBE 9 Data File:
* FileName = D:\OPERANTAR_XXXVIII\DADOS\OP38_002.hdr
* Software Version Seasave V 7.12
* Temperature SN = 4808
* Conductivity SN = 3380
* Number of Bytes Per Scan = 31
* Number of Voltage Words = 2
* Number of Scans Averaged by the Deck Unit = 1
* NMEA Latitude = 38 26.99 S
* NMEA Longitude = 052 53.48 W
* NMEA UTC (Time) = Jan 16 2019 21:21:57
** H41
** NAVIO POLAR ALMIRANTE MAXIMIANO
** CRUZEIRO:
** OPERANTAR XXXVIII
** ESTAÇÃO: 002
** LAT 38º 26,99'S
** LONG 052º 53,46'W
** 09P73767-1155
** PROFUNDIDADE: 4158 m
** DATA/HORA: 162121Z/OUT/2019
** OPERADOR: SO-HN CHAVES
# nquan = 27
# nvalues = 3792                                  
# units = specified
# name 0 = scan: Scan Count
# name 1 = timeJ: Julian Days
# name 2 = latitude: Latitude [deg]
# name 3 = longitude: Longitude [deg]
# name 4 = dz/dtM: Descent Rate [m/s]
# name 5 = avgsvCM: Average Sound Velocity [Chen-Millero, m/s]
# name 6 = prDM: Pressure, Digiquartz [db]
# name 7 = depSM: Depth [salt water, m]
# name 8 = t090C: Temperature [ITS-90, deg C]
# name 9 = t190C: Temperature, 2 [ITS-90, deg C]
# name 10 = T2-T190C: Temperature Difference, 2 - 1 [ITS-90, deg C]
# name 11 = potemp090C: Potential Temperature [ITS-90, deg C]
# name 12 = potemp190C: Potential Temperature, 2 [ITS-90, deg C]
# name 13 = potemp90Cdiff: Potential Temperature, Diff, 2 - 1 [ITS-90, deg C]
# name 14 = c0S/m: Conductivity [S/m]
# name 15 = c1S/m: Conductivity, 2 [S/m]
# name 16 = C2-C1S/m: Conductivity Difference, 2 - 1 [S/m]
# name 17 = sal00: Salinity, Practical [PSU]
# name 18 = sal11: Salinity, Practical, 2 [PSU]
# name 19 = sbeox0ML/L: Oxygen, SBE 43 [ml/l]
# name 20 = sigma-é00: Density [sigma-theta, kg/m^3]
# name 21 = sigma-é11: Density, 2 [sigma-theta, kg/m^3]
# name 22 = sbox0Mm/Kg: Oxygen, SBE 43 [umol/kg]
# name 23 = oxsolMm/Kg: Oxygen Saturation, Garcia & Gordon [umol/kg]
# name 24 = oxsatMm/Kg: Oxygen Saturation, Weiss [umol/kg]
# name 25 = nbf: Bottles Fired
# name 26 = flag:  0.000e+00
# interval = seconds: 0.0416667
# start_time = Jan 16 2019 21:21:57 [NMEA time, header]
# bad_flag = -9.990e-29
*END*
[from data line 1611]
      77882  16.927801  -38.22398  -52.57268      0.143    1498.22     11.519     11.433    15.6490    15.6493     0.0003    15.6472    15.6475     0.0003   4.424829   4.425020   0.000191    35.6176    35.6191     5.6219    26.3035    26.3045    244.637  243.63138  243.39658         10  0.000e+00
      77883  16.927802  -38.22398  -52.57268      0.141    1498.22     11.472     11.385    15.6492    15.6492     0.0000    15.6474    15.6474     0.0000   4.424829   4.424999   0.000170    35.6175    35.6191     5.6220    26.3033    26.3045    244.643  243.63091  243.39610         10  0.000e+00
      77884  16.927802  -38.22398  -52.57268      0.141    1498.22     11.492     11.406    15.6493    15.6489    -0.0004    15.6475    15.6472    -0.0004   4.424894   4.425061   0.000167    35.6180    35.6198     5.6222    26.3036    26.3051    244.652  243.62937  243.39456         10  0.000e+00
      77885  16.927803  -38.22398  -52.57268      0.141    1498.22     11.519     11.433    15.6496    15.6488    -0.0008    15.6479    15.6470    -0.0008   4.425023   4.425109   0.000086    35.6188    35.6203     5.6255    26.3042    26.3056    244.796  243.62642  243.39160         10  0.000e+00
      77886  16.927803  -38.22398  -52.57268      0.141    1498.22     11.519     11.433    15.6498    15.6491    -0.0007    15.6480    15.6473    -0.0007   4.425066   4.425123   0.000057    35.6190    35.6202     5.6229    26.3044    26.3054    244.681  243.62519  243.39036         10  0.000e+00
      77887  16.927804  -38.22398  -52.57268      0.138    1498.22     11.492     11.406    15.6499    15.6488    -0.0010    15.6481    15.6470    -0.0010   4.425030   4.425123   0.000093    35.6187    35.6205     5.6232    26.3041    26.3057    244.694  243.62557  243.39073         10  0.000e+00
      77888  16.927804  -38.22398  -52.57268      0.140    1498.22     11.519     11.433    15.6496    15.6495    -0.0001    15.6479    15.6477    -0.0001   4.425023   4.425144   0.000121    35.6188    35.6200     5.6235    26.3042    26.3052    244.709  243.62642  243.39160         10  0.000e+00
      77889  16.927805  -38.22398  -52.57268      0.138    1498.22     11.519     11.433    15.6496    15.6493    -0.0004    15.6479    15.6475    -0.0004   4.424937   4.425185   0.000248    35.6180    35.6206     5.6239    26.3036    26.3057    244.726  243.62772  243.39289         10  0.000e+00
      77890  16.927805  -38.22398  -52.57268      0.138    1498.22     11.520     11.433    15.6495    15.6495     0.0001    15.6477    15.6477     0.0001   4.424944   4.425254   0.000310    35.6183    35.6210     5.6243    26.3038    26.3059    244.744  243.62819  243.39337         10  0.000e+00
      77891  16.927806  -38.22398  -52.57268      0.136    1498.22     11.540     11.453    15.6495    15.6495    -0.0000    15.6477    15.6477    -0.0000   4.424944   4.425234   0.000290    35.6183    35.6209     5.6247    26.3038    26.3059    244.762  243.62821  243.39339         10  0.000e+00
      77892  16.927806  -38.22398  -52.57268      0.134    1498.22     11.520     11.433    15.6494    15.6495     0.0001    15.6476    15.6477     0.0001   4.424980   4.425227   0.000247    35.6187    35.6208     5.6252    26.3042    26.3058    244.781  243.62794  243.39313         10  0.000e+00
      77893  16.927807  -38.22398  -52.57268      0.133    1498.22     11.520     11.433    15.6498    15.6495    -0.0004    15.6480    15.6477    -0.0004   4.425066   4.425151   0.000085    35.6190    35.6202     5.6253    26.3044    26.3053    244.788  243.62519  243.39036         10  0.000e+00
      77894  16.927807  -38.22398  -52.57268      0.129    1498.22     11.492     11.406    15.6502    15.6497    -0.0005    15.6484    15.6479    -0.0005   4.425159   4.425123  -0.000036    35.6196    35.6197     5.6255    26.3047    26.3049    244.795  243.62260  243.38775         10  0.000e+00
      77895  16.927808  -38.22398  -52.57268      0.129    1498.22     11.574     11.487    15.6503    15.6497    -0.0007    15.6485    15.6479    -0.0007   4.425202   4.425206   0.000004    35.6198    35.6204     5.6229    26.3048    26.3055    244.683  243.62157  243.38672         10  0.000e+00
      77896  16.927808  -38.22398  -52.57268      0.127    1498.22     11.520     11.433    15.6503    15.6496    -0.0007    15.6485    15.6478    -0.0007   4.425159   4.425261   0.000102    35.6194    35.6210     5.6261    26.3045    26.3059    244.821  243.62218  243.38733         10  0.000e+00
      77897  16.927809  -38.22398  -52.57268      0.126    1498.22     11.540     11.453    15.6502    15.6495    -0.0007    15.6484    15.6477    -0.0007   4.425102   4.425330   0.000228    35.6190    35.6217     5.6264    26.3042    26.3065    244.837  243.62335  243.38850         10  0.000e+00
      77898  16.927809  -38.22398  -52.57268      0.125    1498.22     11.574     11.487    15.6502    15.6500    -0.0002    15.6484    15.6482    -0.0002   4.425044   4.425351   0.000306    35.6185    35.6215     5.6268    26.3039    26.3062    244.854  243.62439  243.38953         10  0.000e+00
      77899  16.927810  -38.22398  -52.57268      0.120    1498.22     11.520     11.433    15.6502    15.6502     0.0000    15.6484    15.6484     0.0000   4.425073   4.425399   0.000326    35.6188    35.6217     5.6269    26.3041    26.3063    244.857  243.62392  243.38907         10  0.000e+00
      77900  16.927810  -38.22398  -52.57268      0.120    1498.22     11.520     11.433    15.6500    15.6502     0.0002    15.6482    15.6484     0.0002   4.425016   4.425447   0.000432    35.6184    35.6221     5.6273    26.3038    26.3067    244.875  243.62537  243.39052         10  0.000e+00
      77901  16.927811  -38.22398  -52.57268      0.120    1498.22     11.595     11.508    15.6502    15.6501    -0.0001    15.6484    15.6483    -0.0001   4.424980   4.425344   0.000364    35.6179    35.6212     5.6278    26.3034    26.3060    244.894  243.62538  243.39052         10  0.000e+00
      77902  16.927811  -38.22398  -52.57268      0.113    1498.22     11.520     11.433    15.6501    15.6499    -0.0002    15.6483    15.6481    -0.0002   4.424958   4.425165   0.000206    35.6179    35.6199     5.6279    26.3034    26.3050    244.900  243.62609  243.39124         10  0.000e+00
      77903  16.927812  -38.22398  -52.57268      0.109    1498.22     11.520     11.433    15.6498    15.6488    -0.0011    15.6480    15.6470    -0.0011   4.424973   4.424923  -0.000049    35.6182    35.6187     5.6281    26.3037    26.3043    244.908  243.62660  243.39176         10  0.000e+00
      77904  16.927812  -38.22398  -52.57268      0.108    1498.22     11.540     11.453    15.6498    15.6492    -0.0007    15.6480    15.6474    -0.0007   4.424987   4.424861  -0.000126    35.6183    35.6178     5.6283    26.3038    26.3035    244.917  243.62640  243.39156         10  0.000e+00
      77905  16.927813  -38.22398  -52.57268      0.106    1498.22     11.574     11.487    15.6500    15.6492    -0.0008    15.6482    15.6474    -0.0008   4.425016   4.424861  -0.000155    35.6184    35.6178     5.6285    26.3038    26.3035    244.925  243.62540  243.39056         10  0.000e+00
      77906  16.927813  -38.22398  -52.57268      0.104    1498.22     11.574     11.487    15.6500    15.6488    -0.0012    15.6482    15.6470    -0.0012   4.425023   4.424827  -0.000196    35.6185    35.6178     5.6287    26.3039    26.3037    244.934  243.62530  243.39045         10  0.000e+00
      77907  16.927813  -38.22398  -52.57268      0.101    1498.22     11.540     11.453    15.6502    15.6480    -0.0023    15.6484    15.6462    -0.0023   4.425073   4.424841  -0.000233    35.6187    35.6187     5.6288    26.3040    26.3045    244.941  243.62379  243.38893         10  0.000e+00
      77908  16.927814  -38.22398  -52.57268      0.094    1498.22     11.520     11.433    15.6503    15.6486    -0.0017    15.6485    15.6468    -0.0017   4.425159   4.424937  -0.000222    35.6194    35.6190     5.6321    26.3045    26.3046    245.085  243.62218  243.38733         10  0.000e+00
      77909  16.927814  -38.22398  -52.57268      0.092    1498.22     11.520     11.433    15.6509    15.6483    -0.0026    15.6491    15.6465    -0.0026   4.425339   4.424889  -0.000450    35.6206    35.6188     5.6294    26.3053    26.3045    244.964  243.61773  243.38286         10  0.000e+00
      77910  16.927815  -38.22398  -52.57268      0.083    1498.22     11.540     11.453    15.6515    15.6485    -0.0031    15.6497    15.6467    -0.0031   4.425461   4.424965  -0.000496    35.6210    35.6193     5.6293    26.3055    26.3049    244.960  243.61372  243.37882         11  0.000e+00
      77911  16.927815  -38.22398  -52.57268      0.081    1498.22     11.520     11.433    15.6520    15.6488    -0.0033    15.6502    15.6470    -0.0033   4.425525   4.425061  -0.000464    35.6212    35.6200     5.6292    26.3055    26.3053    244.957  243.61114  243.37621         11  0.000e+00
      77912  16.927816  -38.22398  -52.57268      0.075    1498.22     11.520     11.433    15.6519    15.6488    -0.0031    15.6501    15.6470    -0.0031   4.425612   4.425054  -0.000557    35.6221    35.6198     5.6292    26.3062    26.3052    244.955  243.61027  243.37535         11  0.000e+00
      77913  16.927816  -38.22398  -52.57268      0.070    1498.22     11.520     11.433    15.6519    15.6489    -0.0029    15.6501    15.6472    -0.0029   4.425597   4.424965  -0.000633    35.6220    35.6189     5.6292    26.3062    26.3045    244.955  243.61063  243.37572         11  0.000e+00
      77914  16.927817  -38.22398  -52.57268      0.064    1498.22     11.540     11.453    15.6519    15.6485    -0.0034    15.6501    15.6467    -0.0034   4.425569   4.424751  -0.000818    35.6217    35.6174     5.6292    26.3060    26.3034    244.956  243.61108  243.37616         11  0.000e+00
      77915  16.927817  -38.22398  -52.57268      0.060    1498.22     11.520     11.433    15.6520    15.6482    -0.0039    15.6502    15.6464    -0.0039   4.425604   4.424613  -0.000992    35.6219    35.6165     5.6291    26.3060    26.3028    244.954  243.60995  243.37502         11  0.000e+00
      77916  16.927818  -38.22398  -52.57268      0.054    1498.22     11.520     11.433    15.6524    15.6478    -0.0047    15.6506    15.6460    -0.0047   4.425626   4.424675  -0.000951    35.6218    35.6174     5.6260    26.3059    26.3036    244.816  243.60846  243.37351         11  0.000e+00
      77917  16.927818  -38.22398  -52.57268      0.048    1498.22     11.492     11.406    15.6519    15.6482    -0.0038    15.6501    15.6464    -0.0038   4.425569   4.424709  -0.000859    35.6217    35.6174     5.6289    26.3059    26.3034    244.943  243.61090  243.37598         11  0.000e+00
      77918  16.927819  -38.22398  -52.57268      0.044    1498.22     11.520     11.433    15.6517    15.6486    -0.0031    15.6499    15.6468    -0.0031   4.425525   4.424647  -0.000878    35.6215    35.6164     5.6258    26.3058    26.3026    244.809  243.61215  243.37724         11  0.000e+00
      77919  16.927819  -38.22398  -52.57268      0.036    1498.22     11.472     11.386    15.6514    15.6480    -0.0034    15.6496    15.6462    -0.0034   4.425425   4.424634  -0.000791    35.6209    35.6168     5.6256    26.3054    26.3031    244.801  243.61480  243.37990         11  0.000e+00
      77920  16.927820  -38.22398  -52.57268      0.031    1498.22     11.493     11.406    15.6515    15.6480    -0.0036    15.6498    15.6462    -0.0036   4.425403   4.424599  -0.000804    35.6205    35.6165     5.6254    26.3051    26.3028    244.791  243.61456  243.37965         11  0.000e+00
      77921  16.927820  -38.22398  -52.57268      0.023    1498.22     11.472     11.386    15.6512    15.6478    -0.0034    15.6494    15.6460    -0.0034   4.425346   4.424468  -0.000878    35.6204    35.6156     5.6284    26.3051    26.3021    244.920  243.61657  243.38168         11  0.000e+00
      77922  16.927821  -38.22398  -52.57268      0.018    1498.22     11.472     11.386    15.6512    15.6476    -0.0036    15.6494    15.6458    -0.0036   4.425324   4.424434  -0.000891    35.6201    35.6154     5.6284    26.3049    26.3020    244.921  243.61675  243.38186         11  0.000e+00
      77923  16.927821  -38.22398  -52.57268      0.012    1498.22     11.472     11.386    15.6511    15.6476    -0.0035    15.6493    15.6458    -0.0035   4.425296   4.424413  -0.000883    35.6200    35.6152     5.6284    26.3048    26.3019    244.924  243.61777  243.38288         11  0.000e+00
      77924  16.927822  -38.22398  -52.57268      0.005    1498.22     11.445     11.358    15.6509    15.6473    -0.0036    15.6491    15.6455    -0.0036   4.425202   4.424489  -0.000714    35.6194    35.6162     5.6285    26.3044    26.3027    244.926  243.61974  243.38486         11  0.000e+00
      77925  16.927822  -38.22398  -52.57268     -0.003    1498.22     11.472     11.386    15.6511    15.6475    -0.0036    15.6493    15.6457    -0.0036   4.425174   4.424572  -0.000602    35.6189    35.6167     5.6285    26.3040    26.3031    244.928  243.61961  243.38471         11  0.000e+00
      77926  16.927823  -38.22398  -52.57268     -0.009    1498.22     11.424     11.338    15.6507    15.6476    -0.0031    15.6489    15.6458    -0.0031   4.425174   4.424675  -0.000499    35.6193    35.6176     5.6286    26.3043    26.3037    244.929  243.62074  243.38587         11  0.000e+00
      77927  16.927823  -38.22398  -52.57268     -0.013    1498.22     11.445     11.358    15.6507    15.6480    -0.0028    15.6490    15.6462    -0.0028   4.425174   4.424903  -0.000271    35.6192    35.6193     5.6286    26.3043    26.3050    244.931  243.62061  243.38573         11  0.000e+00
      77928  16.927824  -38.22398  -52.57268     -0.023    1498.22     11.424     11.338    15.6509    15.6491    -0.0017    15.6491    15.6473    -0.0017   4.425174   4.425109  -0.000064    35.6191    35.6201     5.6286    26.3042    26.3053    244.931  243.62016  243.38527         11  0.000e+00
      77929  16.927824  -38.22398  -52.57268     -0.031    1498.22     11.369     11.284    15.6507    15.6493    -0.0013    15.6489    15.6476    -0.0013   4.425116   4.425296   0.000179    35.6188    35.6216     5.6286    26.3040    26.3064    244.932  243.62157  243.38669         11  0.000e+00
      77930  16.927825  -38.22398  -52.57268     -0.042    1498.22     11.390     11.304    15.6503    15.6499    -0.0005    15.6486    15.6481    -0.0005   4.425016   4.425371   0.000356    35.6182    35.6218     5.6287    26.3036    26.3065    244.937  243.62426  243.38940         11  0.000e+00
      77931  16.927825  -38.22398  -52.57268     -0.046    1498.22     11.424     11.338    15.6505    15.6505    -0.0000    15.6487    15.6487    -0.0000   4.424980   4.425385   0.000405    35.6177    35.6214     5.6288    26.3032    26.3060    244.939  243.62425  243.38937         11  0.000e+00
      77932  16.927826  -38.22398  -52.57268     -0.056    1498.22     11.369     11.284    15.6502    15.6502    -0.0000    15.6485    15.6484    -0.0000   4.424937   4.425440   0.000504    35.6176    35.6221     5.6257    26.3031    26.3066    244.804  243.62573  243.39087         11  0.000e+00
      77933  16.927826  -38.22398  -52.57268     -0.065    1498.22     11.369     11.284    15.6500    15.6505     0.0005    15.6482    15.6487     0.0005   4.424908   4.425399   0.000491    35.6175    35.6215     5.6286    26.3031    26.3061    244.933  243.62689  243.39204         11  0.000e+00
      77934  16.927826  -38.22398  -52.57268     -0.070    1498.22     11.390     11.304    15.6502    15.6504     0.0002    15.6484    15.6486     0.0002   4.424915   4.425385   0.000470    35.6174    35.6215     5.6289    26.3030    26.3061    244.945  243.62622  243.39135         11  0.000e+00
