Pos-Processados/process_op38/operantar38_003c.ros
* Sea-Bird SBE 9 Data File:
* FileName = D:\OPERANTAR_XXXVIII\DADOS\OP38_003c.hdr
* Software Version Seasave V 7.12
* Temperature SN = 4808
* Conductivity SN = 3380
* Number of Bytes Per Scan = 31
* Number of Voltage Words = 2
* Number of Scans Averaged by the Deck Unit = 1
* NMEA Latitude = 39 32.86 S
* NMEA Longitude = 054 23.47 W
* NMEA UTC (Time) = Oct 17 2019 10:25:40
** H41
** NAVIO POLAR ALMIRANTE MAXIMIANO
** CRUZEIRO:
** OPERANTAR XXXVIII
** ESTAÇÃO: OP38_003c
** LAT 39º32,87's
** LONG 054º23,45'w
** 09P73767-1155
** PROFUNDIDADE: 2920 m
** DATA/HORA: 171026Z/OUT/2019
** OPERADOR: SO-HN CHAVES
# nquan = 27
# nvalues = 1428                                  
# units = specified
# name 0 = scan: Scan Count
# name 1 = timeJ: Julian Days
# name 2 = latitude: Latitude [deg]
# name 3 = longitude: Longitude [deg]
# name 4 = dz/dtM: Descent Rate [m/s]
# name 5 = avgsvCM: Average Sound Velocity [Chen-Millero, m/s]
# name 6 = prDM: Pressure, Digiquartz [db]
# name 7 = depSM: Depth [salt water, m]
# name 8 = t090C: Temperature [ITS-90, deg C]
# name 9 = t190C: Temperature, 2 [ITS-90, deg C]
# name 10 = T2-T190C: Temperature Difference, 2 - 1 [ITS-90, deg C]
# name 11 = potemp090C: Potential Temperature [ITS-90, deg C]
# name 12 = potemp190C: Potential Temperature, 2 [ITS-90, deg C]
# name 13 = potemp90Cdiff: Potential Temperature, Diff, 2 - 1 [ITS-90, deg C]
# name 14 = c0S/m: Conductivity [S/m]
# name 15 = c1S/m: Conductivity, 2 [S/m]
# name 16 = C2-C1S/m: Conductivity Difference, 2 - 1 [S/m]
# name 17 = sal00: Salinity, Practical [PSU]
# name 18 = sal11: Salinity, Practical, 2 [PSU]
# name 19 = sbeox0ML/L: Oxygen, SBE 43 [ml/l]
# name 20 = sigma-é00: Density [sigma-theta, kg/m^3]
# name 21 = sigma-é11: Density, 2 [sigma-theta, kg/m^3]
# name 22 = sbox0Mm/Kg: Oxygen, SBE 43 [umol/kg]
# name 23 = oxsolMm/Kg: Oxygen Saturation, Garcia & Gordon [umol/kg]
# name 24 = oxsatMm/Kg: Oxygen Saturation, Weiss [umol/kg]
# name 25 = nbf: Bottles Fired
# name 26 = flag:  0.000e+00
# interval = seconds: 0.0416667
# start_time = Oct 17 2019 10:25:40 [NMEA time, header]
# bad_flag = -9.990e-29
*END*
[from data line 1182]
       3649 290.436250  -39.54772  -54.39120     -0.251       0.00      2.477      2.459     6.6645     6.6696     0.0051     6.6643     6.6694     0.0051   3.416471   3.417446   0.000975    34.0985    34.1043     7.3701    26.7541    26.7579    320.574  297.68168  298.14238          8  0.000e+00
       3650 290.436250  -39.54772  -54.39120     -0.232       0.00      2.477      2.459     6.6643     6.6690     0.0047     6.6641     6.6688     0.0047   3.416465   3.417371   0.000907    34.0986    34.1040     7.3740    26.7542    26.7578    320.741  297.68256  298.14328          8  0.000e+00
       3651 290.436251  -39.54772  -54.39120     -0.209       0.00      2.525      2.506     6.6645     6.6675     0.0029     6.6643     6.6673     0.0029   3.416432   3.417284   0.000852    34.0980    34.1046     7.3742    26.7537    26.7584    320.751  297.68244  298.14312          8  0.000e+00
       3652 290.436251  -39.54772  -54.39120     -0.185       0.00      2.477      2.459     6.6642     6.6677     0.0035     6.6640     6.6675     0.0035   3.416452   3.417210   0.000758    34.0986    34.1035     7.3744    26.7542    26.7576    320.758  297.68359  298.14433          8  0.000e+00
       3653 290.436252  -39.54772  -54.39120     -0.166       0.00      2.525      2.506     6.6645     6.6667     0.0022     6.6643     6.6665     0.0022   3.416432   3.417179   0.000746    34.0981    34.1041     7.3745    26.7537    26.7582    320.765  297.68268  298.14337          8  0.000e+00
       3654 290.436252  -39.54772  -54.39120     -0.141       0.00      2.573      2.554     6.6642     6.6664     0.0022     6.6640     6.6661     0.0022   3.416426   3.417123   0.000697    34.0983    34.1038     7.3747    26.7540    26.7580    320.773  297.68433  298.14506          8  0.000e+00
       3655 290.436253  -39.54772  -54.39120     -0.118       0.00      2.525      2.506     6.6645     6.6659     0.0014     6.6643     6.6657     0.0014   3.416445   3.417110   0.000665    34.0982    34.1042     7.3747    26.7539    26.7583    320.771  297.68236  298.14306          8  0.000e+00
       3656 290.436253  -39.54772  -54.39120     -0.094       0.00      2.573      2.554     6.6645     6.6659     0.0014     6.6643     6.6656     0.0014   3.416458   3.417085   0.000627    34.0983    34.1039     7.3747    26.7539    26.7582    320.773  297.68210  298.14280          8  0.000e+00
       3657 290.436254  -39.54772  -54.39120     -0.073       0.00      2.573      2.554     6.6646     6.6653     0.0006     6.6644     6.6651     0.0006   3.416478   3.417079   0.000601    34.0984    34.1044     7.3747    26.7540    26.7587    320.771  297.68091  298.14159          8  0.000e+00
       3658 290.436254  -39.54772  -54.39120     -0.052       0.00      2.628      2.608     6.6645     6.6654     0.0009     6.6643     6.6651     0.0009   3.416465   3.417054   0.000589    34.0984    34.1040     7.3747    26.7540    26.7583    320.772  297.68200  298.14270          8  0.000e+00
       3659 290.436255  -39.54772  -54.39120     -0.025       0.00      2.628      2.608     6.6645     6.6655     0.0010     6.6643     6.6652     0.0010   3.416439   3.417017   0.000578    34.0981    34.1036     7.3746    26.7538    26.7579    320.769  297.68263  298.14332          8  0.000e+00
       3660 290.436255  -39.54772  -54.39120      0.003       0.00      2.676      2.656     6.6641     6.6655     0.0014     6.6638     6.6652     0.0014   3.416355   3.417011   0.000656    34.0976    34.1035     7.3746    26.7534    26.7579    320.770  297.68665  298.14737          8  0.000e+00
       3661 290.436256  -39.54772  -54.39120      0.025       0.00      2.676      2.656     6.6638     6.6651     0.0012     6.6636     6.6648     0.0012   3.416361   3.417017   0.000656    34.0979    34.1039     7.3745    26.7537    26.7583    320.764  297.68769  298.14845          8  0.000e+00
       3662 290.436256  -39.54772  -54.39120      0.050       0.00      2.676      2.656     6.6640     6.6653     0.0013     6.6637     6.6650     0.0013   3.416387   3.417036   0.000648    34.0980    34.1039     7.3743    26.7538    26.7582    320.753  297.68634  298.14709          8  0.000e+00
       3663 290.436257  -39.54772  -54.39120      0.071       0.00      2.676      2.656     6.6635     6.6649     0.0014     6.6633     6.6647     0.0014   3.416374   3.417023   0.000649    34.0983    34.1042     7.3741    26.7541    26.7585    320.746  297.68881  298.14962          8  0.000e+00
       3664 290.436257  -39.54772  -54.39120      0.093       0.00      2.731      2.710     6.6635     6.6651     0.0016     6.6633     6.6649     0.0016   3.416361   3.417036   0.000674    34.0982    34.1040     7.3743    26.7539    26.7584    320.757  297.68919  298.14999          8  0.000e+00
       3665 290.436258  -39.54772  -54.39120      0.114       0.00      2.731      2.710     6.6637     6.6649     0.0012     6.6634     6.6647     0.0012   3.416387   3.417042   0.000655    34.0983    34.1043     7.3740    26.7540    26.7586    320.742  297.68784  298.14863          8  0.000e+00
       3666 290.436258  -39.54772  -54.39120      0.138       0.00      2.779      2.757     6.6642     6.6646     0.0004     6.6639     6.6644     0.0004   3.416439   3.417023   0.000584    34.0983    34.1044     7.3736    26.7540    26.7587    320.725  297.68423  298.14497          8  0.000e+00
       3667 290.436259  -39.54772  -54.39120      0.155       0.00      2.731      2.710     6.6646     6.6648     0.0002     6.6644     6.6646     0.0002   3.416458   3.417036   0.000577    34.0981    34.1044     7.3731    26.7537    26.7587    320.704  297.68155  298.14222          8  0.000e+00
       3668 290.436259  -39.54772  -54.39122      0.175       0.00      2.779      2.757     6.6643     6.6649     0.0006     6.6641     6.6647     0.0006   3.416439   3.417023   0.000584    34.0982    34.1041     7.3728    26.7538    26.7584    320.691  297.68351  298.14422          8  0.000e+00
       3669 290.436260  -39.54772  -54.39122      0.196       0.00      2.826      2.805     6.6634     6.6648     0.0014     6.6631     6.6646     0.0014   3.416310   3.417036   0.000726    34.0977    34.1043     7.3731    26.7536    26.7586    320.702  297.69127  298.15208          8  0.000e+00
       3670 290.436260  -39.54772  -54.39122      0.214       0.00      2.826      2.805     6.6621     6.6656     0.0034     6.6619     6.6653     0.0034   3.416180   3.417067   0.000887    34.0975    34.1039     7.3729    26.7536    26.7582    320.693  297.70018  298.16112          8  0.000e+00
       3671 290.436261  -39.54772  -54.39122      0.232       0.00      2.826      2.805     6.6615     6.6653     0.0037     6.6613     6.6650     0.0037   3.416174   3.417079   0.000906    34.0980    34.1043     7.3725    26.7541    26.7586    320.674  297.70297  298.16399          8  0.000e+00
       3672 290.436261  -39.54772  -54.39122      0.248       0.00      2.826      2.805     6.6614     6.6649     0.0035     6.6611     6.6647     0.0035   3.416206   3.416980   0.000774    34.0985    34.1036     7.3724    26.7545    26.7580    320.671  297.70291  298.16396          8  0.000e+00
       3673 290.436262  -39.54772  -54.39122      0.267       0.00      2.929      2.907     6.6618     6.6635     0.0018     6.6615     6.6633     0.0018   3.416232   3.416855   0.000624    34.0984    34.1036     7.3723    26.7544    26.7582    320.669  297.70071  298.16171          8  0.000e+00
       3674 290.436262  -39.54772  -54.39122      0.278       0.00      2.826      2.805     6.6621     6.6619    -0.0002     6.6618     6.6616    -0.0002   3.416264   3.416694   0.000430    34.0985    34.1034     7.3721    26.7544    26.7583    320.657  297.69837  298.15934          8  0.000e+00
       3675 290.436263  -39.54772  -54.39122      0.291       0.00      2.881      2.859     6.6625     6.6602    -0.0023     6.6623     6.6599    -0.0023   3.416316   3.416601   0.000285    34.0986    34.1041     7.3719    26.7544    26.7590    320.650  297.69501  298.15594          8  0.000e+00
       3676 290.436263  -39.54772  -54.39122      0.303       0.00      2.929      2.907     6.6628     6.6596    -0.0032     6.6626     6.6594    -0.0032   3.416381   3.416514   0.000133    34.0990    34.1036     7.3717    26.7547    26.7588    320.642  297.69205  298.15295          8  0.000e+00
       3677 290.436264  -39.54772  -54.39122      0.311       0.00      2.881      2.859     6.6628     6.6592    -0.0036     6.6626     6.6590    -0.0036   3.416355   3.416420   0.000065    34.0987    34.1030     7.3715    26.7544    26.7583    320.633  297.69263  298.15352          8  0.000e+00
       3678 290.436264  -39.54772  -54.39122      0.323       0.00      2.929      2.907     6.6634     6.6585    -0.0049     6.6631     6.6582    -0.0049   3.416355   3.416395   0.000041    34.0982    34.1035     7.3713    26.7540    26.7588    320.624  297.69028  298.15110          8  0.000e+00
       3679 290.436264  -39.54772  -54.39122      0.328       0.00      2.929      2.907     6.6633     6.6578    -0.0054     6.6630     6.6576    -0.0054   3.416342   3.416377   0.000035    34.0981    34.1039     7.3711    26.7539    26.7592    320.616  297.69108  298.15191          8  0.000e+00
       3680 290.436265  -39.54772  -54.39122      0.336       0.00      2.957      2.934     6.6634     6.6581    -0.0052     6.6631     6.6578    -0.0052   3.416310   3.416414   0.000104    34.0976    34.1040     7.3705    26.7535    26.7593    320.588  297.69141  298.15222          8  0.000e+00
       3681 290.436265  -39.54772  -54.39122      0.342       0.00      2.929      2.907     6.6630     6.6583    -0.0047     6.6628     6.6581    -0.0047   3.416329   3.416451   0.000122    34.0982    34.1043     7.3662    26.7540    26.7594    320.402  297.69235  298.15321          8  0.000e+00
       3682 290.436266  -39.54772  -54.39122      0.345       0.00      2.977      2.954     6.6632     6.6593    -0.0039     6.6629     6.6590    -0.0039   3.416284   3.416557   0.000273    34.0975    34.1044     7.3655    26.7535    26.7594    320.373  297.69278  298.15361          8  0.000e+00
       3683 290.436266  -39.54772  -54.39122      0.350       0.00      2.977      2.954     6.6630     6.6607    -0.0023     6.6628     6.6604    -0.0023   3.416323   3.416694   0.000371    34.0981    34.1045     7.3648    26.7539    26.7593    320.342  297.69256  298.15341          8  0.000e+00
       3684 290.436267  -39.54772  -54.39122      0.354       0.00      2.977      2.954     6.6630     6.6611    -0.0020     6.6628     6.6608    -0.0020   3.416336   3.416756   0.000421    34.0982    34.1049     7.3641    26.7541    26.7596    320.311  297.69224  298.15310          8  0.000e+00
       3685 290.436267  -39.54772  -54.39122      0.353       0.00      2.977      2.954     6.6627     6.6621    -0.0005     6.6624     6.6619    -0.0005   3.416290   3.416768   0.000478    34.0981    34.1039     7.3635    26.7540    26.7587    320.284  297.69503  298.15592          8  0.000e+00
       3686 290.436268  -39.54772  -54.39122      0.354       0.00      2.977      2.954     6.6625     6.6630     0.0005     6.6623     6.6627     0.0005   3.416277   3.416862   0.000584    34.0981    34.1041     7.3628    26.7540    26.7587    320.255  297.69606  298.15697          8  0.000e+00
       3687 290.436268  -39.54772  -54.39122      0.353       0.00      2.977      2.954     6.6624     6.6633     0.0009     6.6621     6.6630     0.0009   3.416245   3.416911   0.000667    34.0979    34.1044     7.3621    26.7539    26.7589    320.226  297.69757  298.15849          8  0.000e+00
       3688 290.436269  -39.54772  -54.39122      0.348       0.00      2.977      2.954     6.6624     6.6645     0.0021     6.6621     6.6642     0.0021   3.416219   3.416967   0.000748    34.0976    34.1038     7.3614    26.7537    26.7583    320.196  297.69820  298.15911          8  0.000e+00
       3689 290.436269  -39.54772  -54.39122      0.350       0.00      3.032      3.009     6.6620     6.6641     0.0022     6.6617     6.6639     0.0022   3.416258   3.416961   0.000703    34.0984    34.1040     7.3613    26.7543    26.7585    320.189  297.69923  298.16021          8  0.000e+00
       3690 290.436270  -39.54772  -54.39122      0.341       0.00      2.977      2.954     6.6622     6.6644     0.0022     6.6620     6.6642     0.0022   3.416251   3.416949   0.000697    34.0981    34.1037     7.3570    26.7541    26.7581    320.001  297.69813  298.15908          8  0.000e+00
       3691 290.436270  -39.54772  -54.39122      0.334       0.00      2.977      2.954     6.6622     6.6641     0.0019     6.6620     6.6639     0.0019   3.416238   3.416930   0.000692    34.0980    34.1037     7.3563    26.7540    26.7582    319.973  297.69844  298.15939          8  0.000e+00
       3692 290.436271  -39.54772  -54.39122      0.332       0.00      3.032      3.009     6.6622     6.6642     0.0020     6.6620     6.6640     0.0020   3.416245   3.416924   0.000679    34.0980    34.1035     7.3558    26.7540    26.7581    319.950  297.69835  298.15929          8  0.000e+00
       3693 290.436271  -39.54772  -54.39122      0.322       0.00      2.977      2.954     6.6622     6.6638     0.0016     6.6620     6.6636     0.0016   3.416290   3.416849   0.000559    34.0986    34.1032     7.3552    26.7544    26.7578    319.922  297.69719  298.15814          8  0.000e+00
       3694 290.436272  -39.54772  -54.39122      0.317       0.00      3.032      3.009     6.6625     6.6630     0.0005     6.6623     6.6627     0.0005   3.416303   3.416806   0.000503    34.0984    34.1035     7.3546    26.7542    26.7582    319.900  297.69549  298.15641          8  0.000e+00
       3695 290.436272  -39.54772  -54.39122      0.310       0.00      3.032      3.009     6.6625     6.6625    -0.0001     6.6623     6.6622    -0.0001   3.416238   3.416800   0.000561    34.0976    34.1039     7.3502    26.7537    26.7586    319.705  297.69706  298.15796          8  0.000e+00
       3696 290.436273  -39.54772  -54.39122      0.302       0.00      2.977      2.954     6.6619     6.6624     0.0005     6.6616     6.6621     0.0005   3.416258   3.416793   0.000535    34.0985    34.1040     7.3489    26.7544    26.7587    319.648  297.69941  298.16040          8  0.000e+00
       3697 290.436273  -39.54772  -54.39122      0.292       0.00      3.032      3.009     6.6622     6.6620    -0.0002     6.6620     6.6617    -0.0002   3.416251   3.416775   0.000523    34.0981    34.1041     7.3476    26.7541    26.7588    319.592  297.69819  298.15914          8  0.000e+00
       3698 290.436274  -39.54772  -54.39122      0.284       0.00      3.032      3.009     6.6621     6.6620    -0.0001     6.6618     6.6618    -0.0001   3.416238   3.416725   0.000486    34.0981    34.1035     7.3463    26.7540    26.7584    319.538  297.69898  298.15994          8  0.000e+00
       3699 290.436274  -39.54772  -54.39122      0.272       0.00      2.977      2.954     6.6624     6.6610    -0.0014     6.6621     6.6607    -0.0014   3.416245   3.416619   0.000374    34.0979    34.1034     7.3455    26.7539    26.7584    319.501  297.69757  298.15849          8  0.000e+00
       3700 290.436275  -39.54772  -54.39122      0.262       0.00      2.977      2.954     6.6625     6.6611    -0.0015     6.6623     6.6608    -0.0015   3.416290   3.416607   0.000317    34.0982    34.1032     7.3447    26.7541    26.7582    319.468  297.69575  298.15666          8  0.000e+00
