Pos-Processados/process_op38/operantar38_016.ros
* Sea-Bird SBE 9 Data File:
* FileName = D:\OPERANTAR_XXXVIII\DADOS\OP38_016.hdr
* Software Version Seasave V 7.18c
* Temperature SN = 4808
* Conductivity SN = 3380
* Number of Bytes Per Scan = 34
* Number of Voltage Words = 3
* Number of Scans Averaged by the Deck Unit = 1
* NMEA Latitude = 62 13.34 S
* NMEA Longitude = 058 12.68 W
* NMEA UTC (Time) = Nov 05 2019 11:56:34
** H41
** NAVIO POLAR ALMIRANTE MAXIMIANO
** CRUZEIRO:
** OPERANTAR XXXVIII
** ESTAÇÃO: OP38_016
** LAT 62 13,33' S
** LONG 058 12,65' W
** 09P73767-1155_A
** PROFUNDIDADE: 310
** DATA/HORA: 051157Z/NOV/2019
** OPERADOR: SO-HN CHAVES
# nquan = 27
# nvalues = 1885                                  
# units = specified
# name 0 = scan: Scan Count
# name 1 = timeJ: Julian Days
# name 2 = latitude: Latitude [deg]
# name 3 = longitude: Longitude [deg]
# name 4 = dz/dtM: Descent Rate [m/s]
# name 5 = avgsvCM: Average Sound Velocity [Chen-Millero, m/s]
# name 6 = prDM: Pressure, Digiquartz [db]
# name 7 = depSM: Depth [salt water, m]
# name 8 = t090C: Temperature [ITS-90, deg C]
# name 9 = t190C: Temperature, 2 [ITS-90, deg C]
# name 10 = T2-T190C: Temperature Difference, 2 - 1 [ITS-90, deg C]
# name 11 = potemp090C: Potential Temperature [ITS-90, deg C]
# name 12 = potemp190C: Potential Temperature, 2 [ITS-90, deg C]
# name 13 = potemp90Cdiff: Potential Temperature, Diff, 2 - 1 [ITS-90, deg C]
# name 14 = c0S/m: Conductivity [S/m]
# name 15 = c1S/m: Conductivity, 2 [S/m]
# name 16 = C2-C1S/m: Conductivity Difference, 2 - 1 [S/m]
# name 17 = sal00: Salinity, Practical [PSU]
# name 18 = sal11: Salinity, Practical, 2 [PSU]
# name 19 = sbeox0ML/L: Oxygen, SBE 43 [ml/l]
# name 20 = sigma-é00: Density [sigma-theta, kg/m^3]
# name 21 = sigma-é11: Density, 2 [sigma-theta, kg/m^3]
# name 22 = sbox0Mm/Kg: Oxygen, SBE 43 [umol/kg]
# name 23 = oxsolMm/Kg: Oxygen Saturation, Garcia & Gordon [umol/kg]
# name 24 = oxsatMm/Kg: Oxygen Saturation, Weiss [umol/kg]
# name 25 = nbf: Bottles Fired
# name 26 = flag:  0.000e+00
# interval = seconds: 0.0416667
# start_time = Nov 05 2019 11:56:34 [NMEA time, header]
# bad_flag = -9.990e-29
*END*
[from data line 1074]
      27644 309.510947  -62.22236  -58.21130     -0.126    1446.63     18.911     18.729    -0.8158    -0.8151     0.0007    -0.8163    -0.8156     0.0007   2.773151   2.773521   0.000370    34.1645    34.1688     7.5900    27.4691    27.4725    329.908  357.81489  359.45992          7  0.000e+00
      27645 309.510947  -62.22236  -58.21130     -0.130    1446.63     18.884     18.702    -0.8158    -0.8154     0.0004    -0.8163    -0.8160     0.0004   2.773127   2.773509   0.000382    34.1642    34.1690     7.5850    27.4689    27.4727    329.688  357.81576  359.46077          7  0.000e+00
      27646 309.510948  -62.22236  -58.21130     -0.128    1446.63     18.911     18.729    -0.8160    -0.8154     0.0005    -0.8165    -0.8160     0.0005   2.773103   2.773515   0.000412    34.1641    34.1691     7.5844    27.4688    27.4728    329.665  357.81782  359.46285          7  0.000e+00
      27647 309.510948  -62.22236  -58.21130     -0.126    1446.63     18.911     18.729    -0.8161    -0.8151     0.0010    -0.8166    -0.8156     0.0010   2.773073   2.773509   0.000436    34.1638    34.1686     7.5839    27.4686    27.4724    329.641  357.81969  359.46474          7  0.000e+00
      27648 309.510949  -62.22236  -58.21130     -0.130    1446.63     18.836     18.654    -0.8166    -0.8150     0.0016    -0.8171    -0.8155     0.0016   2.773049   2.773509   0.000460    34.1641    34.1685     7.5833    27.4688    27.4723    329.618  357.82376  359.46894          7  0.000e+00
      27649 309.510949  -62.22236  -58.21130     -0.130    1446.63     18.911     18.729    -0.8166    -0.8151     0.0015    -0.8171    -0.8156     0.0015   2.773049   2.773532   0.000483    34.1640    34.1689     7.5829    27.4687    27.4726    329.598  357.82353  359.46869          7  0.000e+00
      27650 309.510950  -62.22236  -58.21130     -0.132    1446.63     18.863     18.681    -0.8167    -0.8151     0.0016    -0.8173    -0.8156     0.0016   2.773043   2.773532   0.000489    34.1642    34.1690     7.5824    27.4689    27.4727    329.577  357.82477  359.46998          7  0.000e+00
      27651 309.510950  -62.22236  -58.21130     -0.130    1446.63     18.884     18.702    -0.8168    -0.8153     0.0015    -0.8173    -0.8158     0.0015   2.773043   2.773515   0.000472    34.1642    34.1689     7.5820    27.4689    27.4727    329.558  357.82517  359.47039          7  0.000e+00
      27652 309.510951  -62.22236  -58.21130     -0.131    1446.63     18.863     18.681    -0.8166    -0.8154     0.0011    -0.8171    -0.8160     0.0011   2.773049   2.773515   0.000466    34.1640    34.1691     7.5815    27.4688    27.4728    329.537  357.82344  359.46861          7  0.000e+00
      27653 309.510951  -62.22236  -58.21130     -0.131    1446.63     18.863     18.681    -0.8161    -0.8150     0.0011    -0.8166    -0.8155     0.0011   2.773085   2.773509   0.000424    34.1640    34.1685     7.5862    27.4687    27.4723    329.741  357.81915  359.46421          7  0.000e+00
      27654 309.510951  -62.22236  -58.21130     -0.129    1446.63     18.863     18.681    -0.8158    -0.8154     0.0004    -0.8163    -0.8160     0.0004   2.773061   2.773509   0.000448    34.1633    34.1690     7.5813    27.4682    27.4727    329.531  357.81823  359.46319          7  0.000e+00
      27655 309.510952  -62.22236  -58.21130     -0.130    1446.63     18.884     18.702    -0.8156    -0.8151     0.0005    -0.8162    -0.8156     0.0005   2.773121   2.773515   0.000394    34.1639    34.1687     7.5801    27.4686    27.4725    329.478  357.81489  359.45984          7  0.000e+00
      27656 309.510952  -62.22236  -58.21130     -0.128    1446.63     18.863     18.681    -0.8158    -0.8153     0.0005    -0.8163    -0.8158     0.0005   2.773109   2.773509   0.000400    34.1640    34.1688     7.5790    27.4687    27.4726    329.428  357.81641  359.46140          7  0.000e+00
      27657 309.510953  -62.22236  -58.21130     -0.135    1446.63     18.815     18.634    -0.8158    -0.8151     0.0007    -0.8163    -0.8156     0.0007   2.773097   2.773532   0.000435    34.1639    34.1690     7.5786    27.4686    27.4727    329.410  357.81678  359.46177          7  0.000e+00
      27658 309.510953  -62.22236  -58.21130     -0.130    1446.63     18.836     18.654    -0.8158    -0.8150     0.0008    -0.8163    -0.8155     0.0008   2.773073   2.773544   0.000471    34.1635    34.1690     7.5783    27.4683    27.4727    329.398  357.81773  359.46270          8  0.000e+00
      27659 309.510954  -62.22236  -58.21130     -0.126    1446.63     18.863     18.681    -0.8160    -0.8153     0.0007    -0.8165    -0.8158     0.0007   2.773085   2.773532   0.000447    34.1639    34.1692     7.5780    27.4686    27.4729    329.387  357.81842  359.46344          8  0.000e+00
      27660 309.510954  -62.22236  -58.21130     -0.125    1446.63     18.863     18.681    -0.8162    -0.8154     0.0007    -0.8167    -0.8160     0.0007   2.773097   2.773538   0.000441    34.1642    34.1694     7.5778    27.4689    27.4731    329.377  357.81906  359.46414          8  0.000e+00
      27661 309.510955  -62.22236  -58.21130     -0.124    1446.63     18.836     18.654    -0.8161    -0.8148     0.0013    -0.8166    -0.8153     0.0013   2.773073   2.773544   0.000471    34.1639    34.1688     7.5776    27.4686    27.4725    329.366  357.81956  359.46461          8  0.000e+00
      27662 309.510955  -62.22236  -58.21130     -0.124    1446.63     18.815     18.634    -0.8161    -0.8148     0.0013    -0.8166    -0.8153     0.0013   2.773091   2.773532   0.000441    34.1641    34.1686     7.5773    27.4688    27.4724    329.356  357.81884  359.46390          8  0.000e+00
      27663 309.510956  -62.22236  -58.21130     -0.121    1446.63     18.863     18.681    -0.8158    -0.8151     0.0007    -0.8163    -0.8156     0.0007   2.773133   2.773538   0.000405    34.1643    34.1690     7.5771    27.4690    27.4728    329.348  357.81549  359.46051          8  0.000e+00
      27664 309.510956  -62.22236  -58.21130     -0.120    1446.63     18.815     18.634    -0.8155    -0.8151     0.0004    -0.8160    -0.8156     0.0004   2.773145   2.773561   0.000416    34.1642    34.1694     7.5769    27.4688    27.4730    329.337  357.81312  359.45807          8  0.000e+00
      27665 309.510957  -62.22236  -58.21130     -0.114    1446.63     18.884     18.702    -0.8156    -0.8151     0.0005    -0.8162    -0.8156     0.0005   2.773133   2.773584   0.000451    34.1641    34.1697     7.5769    27.4688    27.4732    329.338  357.81443  359.45939          8  0.000e+00
      27666 309.510957  -62.22236  -58.21130     -0.112    1446.63     18.815     18.634    -0.8152    -0.8144     0.0009    -0.8157    -0.8149     0.0009   2.773139   2.773573   0.000434    34.1638    34.1687     7.5767    27.4685    27.4724    329.329  357.81152  359.45638          8  0.000e+00
      27667 309.510958  -62.22236  -58.21130     -0.112    1446.63     18.815     18.634    -0.8155    -0.8147     0.0008    -0.8160    -0.8152     0.0008   2.773145   2.773601   0.000456    34.1642    34.1694     7.5759    27.4688    27.4730    329.294  357.81312  359.45807          8  0.000e+00
      27668 309.510958  -62.22236  -58.21130     -0.108    1446.63     18.836     18.654    -0.8152    -0.8144     0.0008    -0.8157    -0.8149     0.0008   2.773133   2.773596   0.000462    34.1636    34.1690     7.5758    27.4684    27.4727    329.291  357.81142  359.45626          8  0.000e+00
      27669 309.510959  -62.22236  -58.21130     -0.108    1446.63     18.815     18.634    -0.8155    -0.8147     0.0008    -0.8160    -0.8152     0.0008   2.773103   2.773630   0.000527    34.1636    34.1698     7.5759    27.4684    27.4734    329.294  357.81472  359.45963          8  0.000e+00
      27670 309.510959  -62.22236  -58.21130     -0.104    1446.63     18.863     18.681    -0.8158    -0.8144     0.0015    -0.8163    -0.8149     0.0015   2.773121   2.773624   0.000503    34.1642    34.1693     7.5760    27.4688    27.4730    329.299  357.81595  359.46095          8  0.000e+00
      27671 309.510960  -62.22236  -58.21130     -0.101    1446.63     18.836     18.654    -0.8158    -0.8145     0.0013    -0.8163    -0.8150     0.0013   2.773103   2.773653   0.000550    34.1639    34.1699     7.5760    27.4686    27.4734    329.301  357.81659  359.46158          8  0.000e+00
      27672 309.510960  -62.22236  -58.21130     -0.096    1446.63     18.815     18.634    -0.8158    -0.8144     0.0015    -0.8163    -0.8149     0.0015   2.773115   2.773630   0.000515    34.1641    34.1695     7.5761    27.4688    27.4731    329.304  357.81609  359.46110          8  0.000e+00
      27673 309.510961  -62.22236  -58.21130     -0.091    1446.63     18.863     18.681    -0.8156    -0.8137     0.0019    -0.8162    -0.8143     0.0019   2.773127   2.773636   0.000509    34.1640    34.1688     7.5763    27.4687    27.4725    329.310  357.81462  359.45958          8  0.000e+00
      27674 309.510961  -62.22236  -58.21130     -0.090    1446.63     18.815     18.634    -0.8155    -0.8139     0.0017    -0.8160    -0.8144     0.0017   2.773139   2.773641   0.000502    34.1641    34.1690     7.5763    27.4688    27.4727    329.314  357.81335  359.45829          8  0.000e+00
      27675 309.510962  -62.22236  -58.21130     -0.086    1446.63     18.836     18.654    -0.8152    -0.8142     0.0010    -0.8157    -0.8147     0.0010   2.773145   2.773624   0.000479    34.1638    34.1692     7.5765    27.4685    27.4728    329.321  357.81133  359.45619          8  0.000e+00
      27676 309.510962  -62.22236  -58.21130     -0.082    1446.63     18.815     18.634    -0.8153    -0.8142     0.0011    -0.8159    -0.8147     0.0011   2.773109   2.773618   0.000509    34.1635    34.1691     7.5768    27.4683    27.4728    329.332  357.81340  359.45826          8  0.000e+00
      27677 309.510963  -62.22236  -58.21130     -0.077    1446.63     18.863     18.681    -0.8153    -0.8140     0.0013    -0.8159    -0.8146     0.0013   2.773115   2.773636   0.000521    34.1636    34.1691     7.5771    27.4683    27.4728    329.345  357.81325  359.45812          8  0.000e+00
      27678 309.510963  -62.22236  -58.21130     -0.075    1446.63     18.836     18.654    -0.8152    -0.8136     0.0016    -0.8157    -0.8141     0.0016   2.773169   2.773641   0.000473    34.1642    34.1687     7.5773    27.4688    27.4724    329.354  357.81042  359.45530          8  0.000e+00
      27679 309.510964  -62.22236  -58.21130     -0.068    1446.63     18.863     18.681    -0.8151    -0.8131     0.0019    -0.8156    -0.8137     0.0019   2.773133   2.773624   0.000491    34.1635    34.1680     7.5776    27.4682    27.4718    329.369  357.81074  359.45554          8  0.000e+00
      27680 309.510964  -62.22236  -58.21130     -0.069    1446.63     18.815     18.634    -0.8152    -0.8134     0.0017    -0.8157    -0.8139     0.0017   2.773121   2.773653   0.000532    34.1635    34.1687     7.5831    27.4682    27.4724    329.609  357.81184  359.45667          8  0.000e+00
      27681 309.510965  -62.22236  -58.21130     -0.064    1446.63     18.836     18.654    -0.8151    -0.8136     0.0015    -0.8156    -0.8141     0.0015   2.773145   2.773647   0.000502    34.1636    34.1688     7.5783    27.4684    27.4725    329.397  357.81023  359.45504          8  0.000e+00
      27682 309.510965  -62.22236  -58.21130     -0.059    1446.63     18.863     18.681    -0.8151    -0.8139     0.0012    -0.8156    -0.8144     0.0011   2.773169   2.773624   0.000455    34.1640    34.1688     7.5786    27.4686    27.4725    329.413  357.80937  359.45420          8  0.000e+00
      27683 309.510965  -62.22236  -58.21130     -0.056    1446.63     18.815     18.634    -0.8151    -0.8139     0.0012    -0.8156    -0.8144     0.0011   2.773175   2.773636   0.000461    34.1641    34.1690     7.5790    27.4687    27.4727    329.428  357.80906  359.45389          8  0.000e+00
      27684 309.510966  -62.22236  -58.21130     -0.049    1446.63     18.863     18.681    -0.8148    -0.8140     0.0007    -0.8153    -0.8146     0.0007   2.773181   2.773624   0.000443    34.1638    34.1690     7.5794    27.4685    27.4727    329.446  357.80708  359.45184          8  0.000e+00
      27685 309.510966  -62.22236  -58.21130     -0.044    1446.63     18.836     18.654    -0.8149    -0.8145     0.0004    -0.8154    -0.8150     0.0004   2.773217   2.773618   0.000402    34.1644    34.1694     7.5850    27.4690    27.4731    329.690  357.80640  359.45121          8  0.000e+00
      27686 309.510967  -62.22236  -58.21130     -0.041    1446.63     18.863     18.681    -0.8146    -0.8137     0.0009    -0.8151    -0.8143     0.0009   2.773205   2.773636   0.000431    34.1639    34.1688     7.5810    27.4686    27.4725    329.517  357.80507  359.44980          8  0.000e+00
      27687 309.510967  -62.22236  -58.21130     -0.034    1446.63     18.911     18.729    -0.8144    -0.8140     0.0004    -0.8149    -0.8145     0.0004   2.773187   2.773624   0.000437    34.1634    34.1689     7.5815    27.4682    27.4726    329.540  357.80474  359.44940          8  0.000e+00
      27688 309.510968  -62.22236  -58.21130     -0.032    1446.63     18.836     18.654    -0.8142    -0.8144    -0.0001    -0.8148    -0.8149    -0.0001   2.773193   2.773636   0.000443    34.1634    34.1695     7.5820    27.4681    27.4731    329.558  357.80329  359.44791          8  0.000e+00
      27689 309.510968  -62.22236  -58.21130     -0.028    1446.63     18.863     18.681    -0.8144    -0.8142     0.0002    -0.8149    -0.8147     0.0002   2.773205   2.773618   0.000414    34.1637    34.1691     7.5826    27.4684    27.4728    329.584  357.80398  359.44865          8  0.000e+00
      27690 309.510969  -62.22236  -58.21130     -0.021    1446.63     18.911     18.729    -0.8143    -0.8139     0.0004    -0.8148    -0.8144     0.0004   2.773181   2.773596   0.000415    34.1632    34.1684     7.5884    27.4680    27.4722    329.837  357.80424  359.44886          8  0.000e+00
      27691 309.510969  -62.22236  -58.21130     -0.018    1446.63     18.836     18.654    -0.8144    -0.8145    -0.0001    -0.8149    -0.8150    -0.0001   2.773175   2.773613   0.000438    34.1633    34.1694     7.5845    27.4681    27.4730    329.669  357.80507  359.44972          8  0.000e+00
      27692 309.510970  -62.22236  -58.21130     -0.014    1446.63     18.863     18.681    -0.8141    -0.8145    -0.0004    -0.8146    -0.8150    -0.0004   2.773217   2.773613   0.000396    34.1635    34.1694     7.5851    27.4683    27.4730    329.693  357.80169  359.44629          8  0.000e+00
      27693 309.510970  -62.22236  -58.21130     -0.008    1446.63     18.911     18.729    -0.8144    -0.8142     0.0002    -0.8149    -0.8147     0.0002   2.773187   2.773596   0.000409    34.1634    34.1688     7.5858    27.4682    27.4725    329.727  357.80474  359.44940          8  0.000e+00
      27694 309.510971  -62.22236  -58.21130     -0.005    1446.63     18.863     18.681    -0.8146    -0.8134     0.0012    -0.8151    -0.8139     0.0012   2.773151   2.773653   0.000502    34.1632    34.1687     7.5857    27.4680    27.4724    329.721  357.80713  359.45181          8  0.000e+00
      27695 309.510971  -62.22236  -58.21130      0.000    1446.63     18.884     18.702    -0.8147    -0.8137     0.0010    -0.8152    -0.8143     0.0010   2.773193   2.773647   0.000454    34.1639    34.1689     7.5856    27.4685    27.4726    329.716  357.80630  359.45104          8  0.000e+00
      27696 309.510972  -62.22236  -58.21130      0.007    1446.63     18.911     18.729    -0.8151    -0.8136     0.0015    -0.8156    -0.8141     0.0015   2.773157   2.773641   0.000485    34.1638    34.1687     7.5856    27.4685    27.4724    329.715  357.80991  359.45473          8  0.000e+00
