Pos-Processados/process_op38/operantar38_021.ros
* Sea-Bird SBE 9 Data File:
* FileName = D:\OPERANTAR_XXXVIII\DADOS\OP38_021.hdr
* Software Version Seasave V 7.18c
* Temperature SN = 4808
* Conductivity SN = 3380
* Number of Bytes Per Scan = 34
* Number of Voltage Words = 3
* Number of Scans Averaged by the Deck Unit = 1
* NMEA Latitude = 62 13.30 S
* NMEA Longitude = 058 22.74 W
* NMEA UTC (Time) = Nov 22 2019 13:35:38
** H41
** NAVIO POLAR ALMIRANTE MAXIMIANO
** CRUZEIRO:
** OPERANTAR XXXVIII
** ESTAÇÃO: OP38_021
** LAT 62 13,29'S
** LONG 058 22,75'W
** 09P73767-1155_A
** PROFUNDIDADE: 271
** DATA/HORA: 221336Z/NOV/2019
** OPERADOR: SO-HN CHAVES
# nquan = 27
# nvalues = 1423                                  
# units = specified
# name 0 = scan: Scan Count
# name 1 = timeJ: Julian Days
# name 2 = latitude: Latitude [deg]
# name 3 = longitude: Longitude [deg]
# name 4 = dz/dtM: Descent Rate [m/s]
# name 5 = avgsvCM: Average Sound Velocity [Chen-Millero, m/s]
# name 6 = prDM: Pressure, Digiquartz [db]
# name 7 = depSM: Depth [salt water, m]
# name 8 = t090C: Temperature [ITS-90, deg C]
# name 9 = t190C: Temperature, 2 [ITS-90, deg C]
# name 10 = T2-T190C: Temperature Difference, 2 - 1 [ITS-90, deg C]
# name 11 = potemp090C: Potential Temperature [ITS-90, deg C]
# name 12 = potemp190C: Potential Temperature, 2 [ITS-90, deg C]
# name 13 = potemp90Cdiff: Potential Temperature, Diff, 2 - 1 [ITS-90, deg C]
# name 14 = c0S/m: Conductivity [S/m]
# name 15 = c1S/m: Conductivity, 2 [S/m]
# name 16 = C2-C1S/m: Conductivity Difference, 2 - 1 [S/m]
# name 17 = sal00: Salinity, Practical [PSU]
# name 18 = sal11: Salinity, Practical, 2 [PSU]
# name 19 = sbeox0ML/L: Oxygen, SBE 43 [ml/l]
# name 20 = sigma-é00: Density [sigma-theta, kg/m^3]
# name 21 = sigma-é11: Density, 2 [sigma-theta, kg/m^3]
# name 22 = sbox0Mm/Kg: Oxygen, SBE 43 [umol/kg]
# name 23 = oxsolMm/Kg: Oxygen Saturation, Garcia & Gordon [umol/kg]
# name 24 = oxsatMm/Kg: Oxygen Saturation, Weiss [umol/kg]
# name 25 = nbf: Bottles Fired
# name 26 = flag:  0.000e+00
# interval = seconds: 0.0416667
# start_time = Nov 22 2019 13:35:38 [NMEA time, header]
# bad_flag = -9.990e-29
*END*
[from data line 591]
      20951 326.576515  -62.22180  -58.37914     -0.038    1447.92      2.819      2.792    -0.3952    -0.3912     0.0040    -0.3953    -0.3913     0.0040   2.809024   2.809686   0.000662    34.1832    34.1877     7.5669    27.4661    27.4695    328.905  353.81484  355.37122          4  0.000e+00
      20952 326.576516  -62.22180  -58.37914     -0.032    1447.92      2.819      2.792    -0.3948    -0.3912     0.0036    -0.3949    -0.3913     0.0036   2.809012   2.809675   0.000663    34.1827    34.1875     7.5669    27.4657    27.4694    328.906  353.81314  355.36943          4  0.000e+00
      20953 326.576516  -62.22180  -58.37914     -0.025    1447.92      2.874      2.846    -0.3947    -0.3914     0.0033    -0.3948    -0.3915     0.0033   2.809042   2.809675   0.000633    34.1829    34.1876     7.5670    27.4658    27.4695    328.909  353.81105  355.36731          4  0.000e+00
      20954 326.576517  -62.22180  -58.37914     -0.025    1447.92      2.771      2.745    -0.3946    -0.3914     0.0032    -0.3946    -0.3915     0.0032   2.809060   2.809698   0.000638    34.1830    34.1880     7.5618    27.4659    27.4698    328.684  353.80949  355.36573          4  0.000e+00
      20955 326.576517  -62.22180  -58.37914     -0.018    1447.92      2.874      2.846    -0.3944    -0.3914     0.0031    -0.3945    -0.3915     0.0031   2.809060   2.809634   0.000574    34.1828    34.1871     7.5664    27.4658    27.4691    328.881  353.80896  355.36516          4  0.000e+00
      20956 326.576518  -62.22180  -58.37914     -0.016    1447.92      2.792      2.765    -0.3939    -0.3911     0.0029    -0.3940    -0.3912     0.0029   2.809096   2.809663   0.000567    34.1828    34.1872     7.5612    27.4657    27.4691    328.655  353.80427  355.36036          4  0.000e+00
      20957 326.576518  -62.22180  -58.37914     -0.006    1447.92      2.874      2.846    -0.3937    -0.3911     0.0027    -0.3938    -0.3912     0.0027   2.809144   2.809681   0.000536    34.1832    34.1874     7.5656    27.4660    27.4693    328.850  353.80155  355.35763          4  0.000e+00
      20958 326.576519  -62.22180  -58.37914     -0.006    1447.92      2.819      2.792    -0.3935    -0.3908     0.0027    -0.3935    -0.3908     0.0027   2.809216   2.809663   0.000447    34.1839    34.1868     7.5656    27.4666    27.4688    328.848  353.79700  355.35305          4  0.000e+00
      20959 326.576519  -62.22180  -58.37914     -0.002    1447.92      2.819      2.792    -0.3930    -0.3909     0.0021    -0.3931    -0.3910     0.0021   2.809240   2.809698   0.000457    34.1837    34.1875     7.5656    27.4664    27.4694    328.849  353.79325  355.34920          4  0.000e+00
      20960 326.576520  -62.22180  -58.37914     -0.001    1447.92      2.819      2.792    -0.3928    -0.3909     0.0019    -0.3929    -0.3910     0.0019   2.809301   2.809727   0.000426    34.1843    34.1879     7.5606    27.4669    27.4697    328.630  353.78995  355.34589          4  0.000e+00
      20961 326.576520  -62.22180  -58.37914      0.006    1447.92      2.874      2.846    -0.3921    -0.3911     0.0010    -0.3922    -0.3912     0.0010   2.809379   2.809704   0.000325    34.1844    34.1877     7.5599    27.4670    27.4695    328.599  353.78250  355.33830          4  0.000e+00
      20962 326.576521  -62.22180  -58.37914      0.006    1447.92      2.819      2.792    -0.3918    -0.3903     0.0015    -0.3919    -0.3904     0.0015   2.809361   2.809727   0.000366    34.1840    34.1872     7.5643    27.4666    27.4691    328.792  353.78165  355.33738          4  0.000e+00
      20963 326.576521  -62.22180  -58.37914      0.007    1447.92      2.819      2.792    -0.3913    -0.3909     0.0003    -0.3913    -0.3910     0.0003   2.809349   2.809756   0.000407    34.1832    34.1883     7.5644    27.4659    27.4700    328.797  353.77853  355.33409          4  0.000e+00
      20964 326.576522  -62.22180  -58.37914      0.014    1447.92      2.874      2.846    -0.3913    -0.3904     0.0008    -0.3913    -0.3905     0.0008   2.809367   2.809767   0.000401    34.1834    34.1878     7.5596    27.4661    27.4696    328.585  353.77796  355.33353          4  0.000e+00
      20965 326.576522  -62.22180  -58.37914      0.015    1447.92      2.819      2.792    -0.3907    -0.3904     0.0002    -0.3908    -0.3905     0.0002   2.809391   2.809784   0.000394    34.1831    34.1881     7.5640    27.4658    27.4698    328.776  353.77341  355.32884          4  0.000e+00
      20966 326.576522  -62.22180  -58.37914      0.015    1447.92      2.819      2.792    -0.3902    -0.3903    -0.0001    -0.3903    -0.3904    -0.0001   2.809439   2.809790   0.000351    34.1832    34.1880     7.5641    27.4659    27.4698    328.781  353.76877  355.32411          4  0.000e+00
      20967 326.576523  -62.22180  -58.37914      0.019    1447.92      2.874      2.846    -0.3899    -0.3904    -0.0006    -0.3900    -0.3905    -0.0006   2.809493   2.809808   0.000315    34.1835    34.1884     7.5642    27.4661    27.4701    328.789  353.76471  355.32000          4  0.000e+00
      20968 326.576523  -62.22180  -58.37914      0.023    1447.92      2.874      2.846    -0.3896    -0.3906    -0.0010    -0.3897    -0.3907    -0.0010   2.809487   2.809831   0.000344    34.1831    34.1889     7.5644    27.4658    27.4705    328.796  353.76315  355.31836          4  0.000e+00
      20969 326.576524  -62.22180  -58.37914      0.023    1447.92      2.819      2.792    -0.3893    -0.3903    -0.0010    -0.3894    -0.3904    -0.0010   2.809499   2.809842   0.000343    34.1830    34.1887     7.5645    27.4656    27.4703    328.801  353.76083  355.31597          4  0.000e+00
      20970 326.576524  -62.22180  -58.37914      0.027    1447.92      2.874      2.846    -0.3891    -0.3904    -0.0013    -0.3892    -0.3905    -0.0013   2.809547   2.809865   0.000318    34.1834    34.1891     7.5647    27.4660    27.4707    328.810  353.75807  355.31319          4  0.000e+00
      20971 326.576525  -62.22180  -58.37914      0.028    1447.92      2.874      2.846    -0.3888    -0.3904    -0.0016    -0.3889    -0.3905    -0.0016   2.809559   2.809888   0.000329    34.1832    34.1895     7.5649    27.4658    27.4709    328.817  353.75584  355.31090          4  0.000e+00
      20972 326.576525  -62.22180  -58.37914      0.028    1447.92      2.819      2.792    -0.3888    -0.3900    -0.0012    -0.3889    -0.3901    -0.0012   2.809595   2.809860   0.000265    34.1837    34.1886     7.5643    27.4662    27.4702    328.789  353.75441  355.30949          4  0.000e+00
      20973 326.576526  -62.22180  -58.37914      0.034    1447.92      2.922      2.894    -0.3880    -0.3898    -0.0018    -0.3881    -0.3899    -0.0018   2.809613   2.809900   0.000287    34.1830    34.1889     7.5636    27.4656    27.4704    328.761  353.74892  355.30380          4  0.000e+00
      20974 326.576526  -62.22180  -58.37914      0.035    1447.92      2.840      2.812    -0.3880    -0.3900    -0.0020    -0.3881    -0.3901    -0.0020   2.809655   2.809923   0.000268    34.1836    34.1894     7.5637    27.4661    27.4709    328.763  353.74722  355.30213          4  0.000e+00
      20975 326.576527  -62.22180  -58.37914      0.035    1447.92      2.874      2.846    -0.3873    -0.3898    -0.0026    -0.3874    -0.3899    -0.0025   2.809703   2.809906   0.000203    34.1834    34.1890     7.5637    27.4659    27.4705    328.765  353.74086  355.29560          4  0.000e+00
      20976 326.576527  -62.22180  -58.37914      0.038    1447.92      2.874      2.846    -0.3866    -0.3900    -0.0034    -0.3867    -0.3901    -0.0034   2.809757   2.809935   0.000177    34.1834    34.1896     7.5637    27.4659    27.4710    328.765  353.73493  355.28954          4  0.000e+00
      20977 326.576528  -62.22180  -58.37914      0.037    1447.92      2.874      2.846    -0.3860    -0.3900    -0.0040    -0.3861    -0.3901    -0.0040   2.809769   2.809946   0.000177    34.1829    34.1897     7.5637    27.4654    27.4711    328.767  353.73056  355.28501          4  0.000e+00
      20978 326.576528  -62.22180  -58.37914      0.040    1447.92      2.874      2.846    -0.3859    -0.3900    -0.0041    -0.3860    -0.3901    -0.0041   2.809793   2.809929   0.000136    34.1830    34.1895     7.5639    27.4655    27.4709    328.772  353.72896  355.28339          4  0.000e+00
      20979 326.576529  -62.22180  -58.37914      0.042    1447.92      2.874      2.846    -0.3857    -0.3900    -0.0043    -0.3858    -0.3901    -0.0043   2.809799   2.809963   0.000164    34.1829    34.1900     7.5640    27.4654    27.4713    328.777  353.72766  355.28205          4  0.000e+00
      20980 326.576529  -62.22180  -58.37914      0.041    1447.92      2.874      2.846    -0.3855    -0.3898    -0.0043    -0.3856    -0.3899    -0.0043   2.809817   2.809958   0.000140    34.1830    34.1897     7.5641    27.4655    27.4711    328.782  353.72592  355.28028          4  0.000e+00
      20981 326.576530  -62.22180  -58.37914      0.045    1447.92      2.922      2.894    -0.3853    -0.3898    -0.0046    -0.3853    -0.3899    -0.0046   2.809823   2.809929   0.000105    34.1827    34.1893     7.5643    27.4652    27.4708    328.789  353.72400  355.27828          4  0.000e+00
      20982 326.576530  -62.22180  -58.37914      0.047    1447.92      2.874      2.846    -0.3850    -0.3897    -0.0047    -0.3851    -0.3898    -0.0047   2.809883   2.809958   0.000074    34.1832    34.1895     7.5643    27.4656    27.4710    328.790  353.71991  355.27415          4  0.000e+00
      20983 326.576531  -62.22180  -58.37914      0.045    1447.92      2.874      2.846    -0.3844    -0.3897    -0.0052    -0.3845    -0.3898    -0.0052   2.809980   2.809958  -0.000022    34.1839    34.1895     7.5643    27.4662    27.4710    328.790  353.71313  355.26730          4  0.000e+00
      20984 326.576531  -62.22180  -58.37914      0.049    1447.92      2.922      2.894    -0.3839    -0.3895    -0.0056    -0.3840    -0.3896    -0.0056   2.810028   2.809992  -0.000035    34.1839    34.1898     7.5643    27.4661    27.4712    328.793  353.70786  355.26191          4  0.000e+00
      20985 326.576532  -62.22180  -58.37914      0.047    1447.92      2.874      2.846    -0.3832    -0.3895    -0.0063    -0.3833    -0.3896    -0.0063   2.810076   2.810021  -0.000055    34.1838    34.1902     7.5643    27.4661    27.4715    328.791  353.70207  355.25599          4  0.000e+00
      20986 326.576532  -62.22180  -58.37914      0.051    1447.92      2.922      2.894    -0.3829    -0.3895    -0.0066    -0.3830    -0.3896    -0.0066   2.810052   2.809975  -0.000077    34.1832    34.1895     7.5645    27.4655    27.4710    328.799  353.70127  355.25509          4  0.000e+00
      20987 326.576533  -62.22180  -58.37914      0.054    1447.92      2.922      2.894    -0.3828    -0.3891    -0.0063    -0.3829    -0.3892    -0.0063   2.810094   2.810010  -0.000084    34.1835    34.1895     7.5697    27.4658    27.4709    329.024  353.69863  355.25244          4  0.000e+00
      20988 326.576533  -62.22180  -58.37914      0.052    1447.92      2.874      2.846    -0.3826    -0.3898    -0.0072    -0.3827    -0.3899    -0.0072   2.810094   2.810010  -0.000084    34.1834    34.1904     7.5654    27.4657    27.4717    328.838  353.69748  355.25124          4  0.000e+00
      20989 326.576534  -62.22180  -58.37914      0.055    1447.92      2.922      2.894    -0.3826    -0.3897    -0.0071    -0.3827    -0.3898    -0.0071   2.810070   2.809969  -0.000100    34.1830    34.1897     7.5707    27.4654    27.4711    329.068  353.69846  355.25220          4  0.000e+00
      20990 326.576534  -62.22180  -58.37914      0.054    1447.92      2.922      2.894    -0.3828    -0.3895    -0.0067    -0.3829    -0.3896    -0.0067   2.810040   2.810010  -0.000030    34.1828    34.1900     7.5716    27.4652    27.4713    329.107  353.70064  355.25441          4  0.000e+00
      20991 326.576535  -62.22180  -58.37914      0.057    1447.92      2.922      2.894    -0.3828    -0.3895    -0.0067    -0.3829    -0.3896    -0.0067   2.810034   2.810044   0.000011    34.1827    34.1905     7.5673    27.4651    27.4717    328.921  353.70086  355.25463          4  0.000e+00
      20992 326.576535  -62.22180  -58.37914      0.056    1447.92      2.888      2.860    -0.3826    -0.3897    -0.0071    -0.3827    -0.3898    -0.0071   2.810016   2.810021   0.000006    34.1823    34.1904     7.5673    27.4648    27.4716    328.921  353.70041  355.25411          4  0.000e+00
      20993 326.576535  -62.22180  -58.37914      0.058    1447.92      2.922      2.894    -0.3828    -0.3895    -0.0067    -0.3829    -0.3896    -0.0067   2.810010   2.810021   0.000012    34.1824    34.1902     7.5674    27.4649    27.4715    328.927  353.70176  355.25550          4  0.000e+00
      20994 326.576536  -62.22180  -58.37914      0.059    1447.92      2.970      2.941    -0.3835    -0.3895    -0.0060    -0.3836    -0.3896    -0.0060   2.809913   2.810033   0.000119    34.1819    34.1903     7.5677    27.4645    27.4716    328.941  353.71004  355.26392          4  0.000e+00
      20995 326.576536  -62.22180  -58.37914      0.060    1447.92      2.922      2.894    -0.3837    -0.3889    -0.0052    -0.3838    -0.3890    -0.0052   2.809919   2.810027   0.000107    34.1822    34.1895     7.5678    27.4648    27.4709    328.942  353.71081  355.26473          4  0.000e+00
      20996 326.576537  -62.22180  -58.37914      0.061    1447.92      2.922      2.894    -0.3832    -0.3895    -0.0063    -0.3833    -0.3896    -0.0063   2.809931   2.810010   0.000078    34.1819    34.1900     7.5677    27.4645    27.4713    328.941  353.70751  355.26132          4  0.000e+00
      20997 326.576537  -62.22180  -58.37914      0.061    1447.92      2.922      2.894    -0.3835    -0.3892    -0.0057    -0.3836    -0.3893    -0.0057   2.809931   2.809987   0.000055    34.1822    34.1893     7.5679    27.4648    27.4708    328.946  353.70929  355.26318          4  0.000e+00
      20998 326.576538  -62.22180  -58.37914      0.064    1447.92      2.970      2.941    -0.3837    -0.3891    -0.0054    -0.3838    -0.3892    -0.0054   2.809931   2.810033   0.000101    34.1824    34.1898     7.5680    27.4649    27.4711    328.952  353.71044  355.26438          4  0.000e+00
      20999 326.576538  -62.22180  -58.37914      0.061    1447.92      2.922      2.894    -0.3839    -0.3891    -0.0052    -0.3840    -0.3892    -0.0052   2.809931   2.810033   0.000101    34.1826    34.1898     7.5680    27.4651    27.4712    328.954  353.71143  355.26541          4  0.000e+00
      21000 326.576539  -62.22180  -58.37914      0.064    1447.92      2.970      2.941    -0.3840    -0.3891    -0.0051    -0.3841    -0.3892    -0.0051   2.809931   2.810010   0.000078    34.1827    34.1895     7.5682    27.4652    27.4709    328.959  353.71222  355.26624          4  0.000e+00
      21001 326.576539  -62.22180  -58.37914      0.063    1447.92      2.922      2.894    -0.3834    -0.3891    -0.0057    -0.3835    -0.3892    -0.0057   2.809974   2.810044   0.000071    34.1826    34.1900     7.5731    27.4651    27.4713    329.176  353.70702  355.26091          4  0.000e+00
      21002 326.576540  -62.22180  -58.37914      0.068    1447.92      2.970      2.941    -0.3834    -0.3891    -0.0057    -0.3835    -0.3892    -0.0057   2.810004   2.810015   0.000012    34.1830    34.1895     7.5740    27.4654    27.4709    329.211  353.70598  355.25989          4  0.000e+00
      21003 326.576540  -62.22180  -58.37914      0.063    1447.92      2.922      2.894    -0.3837    -0.3888    -0.0051    -0.3838    -0.3888    -0.0051   2.809992   2.809987  -0.000005    34.1832    34.1888     7.5688    27.4656    27.4704    328.989  353.70813  355.26211          4  0.000e+00
