Pos-Processados/process_op38/operantar38_017b.ros
* Sea-Bird SBE 9 Data File:
* FileName = D:\OPERANTAR_XXXVIII\DADOS\OP38_017b.hdr
* Software Version Seasave V 7.18c
* Temperature SN = 4808
* Conductivity SN = 3380
* Number of Bytes Per Scan = 34
* Number of Voltage Words = 3
* Number of Scans Averaged by the Deck Unit = 1
* NMEA Latitude = 62 16.17 S
* NMEA Longitude = 058 26.27 W
* NMEA UTC (Time) = Nov 05 2019 15:20:15
** H41
** NAVIO POLAR ALMIRANTE MAXIMIANO
** CRUZEIRO:
** OPERANTAR XXXVIII
** ESTAÇÃO: OP38_017b
** LAT 62 16,17' S
** LONG 058 26,24' W
** 09P73767-1155_A
** PROFUNDIDADE: 110
** DATA/HORA: 0511521Z/NOV/2019
** OPERADOR: SO-HN CHAVES
# nquan = 27
# nvalues = 1879                                  
# units = specified
# name 0 = scan: Scan Count
# name 1 = timeJ: Julian Days
# name 2 = latitude: Latitude [deg]
# name 3 = longitude: Longitude [deg]
# name 4 = dz/dtM: Descent Rate [m/s]
# name 5 = avgsvCM: Average Sound Velocity [Chen-Millero, m/s]
# name 6 = prDM: Pressure, Digiquartz [db]
# name 7 = depSM: Depth [salt water, m]
# name 8 = t090C: Temperature [ITS-90, deg C]
# name 9 = t190C: Temperature, 2 [ITS-90, deg C]
# name 10 = T2-T190C: Temperature Difference, 2 - 1 [ITS-90, deg C]
# name 11 = potemp090C: Potential Temperature [ITS-90, deg C]
# name 12 = potemp190C: Potential Temperature, 2 [ITS-90, deg C]
# name 13 = potemp90Cdiff: Potential Temperature, Diff, 2 - 1 [ITS-90, deg C]
# name 14 = c0S/m: Conductivity [S/m]
# name 15 = c1S/m: Conductivity, 2 [S/m]
# name 16 = C2-C1S/m: Conductivity Difference, 2 - 1 [S/m]
# name 17 = sal00: Salinity, Practical [PSU]
# name 18 = sal11: Salinity, Practical, 2 [PSU]
# name 19 = sbeox0ML/L: Oxygen, SBE 43 [ml/l]
# name 20 = sigma-é00: Density [sigma-theta, kg/m^3]
# name 21 = sigma-é11: Density, 2 [sigma-theta, kg/m^3]
# name 22 = sbox0Mm/Kg: Oxygen, SBE 43 [umol/kg]
# name 23 = oxsolMm/Kg: Oxygen Saturation, Garcia & Gordon [umol/kg]
# name 24 = oxsatMm/Kg: Oxygen Saturation, Weiss [umol/kg]
# name 25 = nbf: Bottles Fired
# name 26 = flag:  0.000e+00
# interval = seconds: 0.0416667
# start_time = Nov 05 2019 15:20:15 [NMEA time, header]
# bad_flag = -9.990e-29
*END*
[from data line 1021]
       1395 309.639735  -62.26952  -58.43788      0.161       0.00      2.394      2.371    -0.8611    -0.8625    -0.0014    -0.8611    -0.8626    -0.0014   2.770451   2.770737   0.000287    34.1896    34.1951     7.4185    27.4912    27.4957    322.444  358.17394  359.83023          7  0.000e+00
       1396 309.639735  -62.26952  -58.43788      0.163       0.00      2.497      2.473    -0.8610    -0.8627    -0.0017    -0.8610    -0.8627    -0.0017   2.770468   2.770766   0.000297    34.1896    34.1956     7.4140    27.4912    27.4961    322.252  358.17270  359.82896          7  0.000e+00
       1397 309.639736  -62.26952  -58.43788      0.164       0.00      2.442      2.419    -0.8611    -0.8624    -0.0013    -0.8611    -0.8624    -0.0013   2.770433   2.770754   0.000322    34.1893    34.1951     7.4132    27.4910    27.4957    322.215  358.17471  359.83098          7  0.000e+00
       1398 309.639736  -62.26952  -58.43788      0.165       0.00      2.442      2.419    -0.8611    -0.8622    -0.0011    -0.8612    -0.8623    -0.0011   2.770457   2.770772   0.000315    34.1897    34.1952     7.4132    27.4913    27.4958    322.214  358.17416  359.83047          7  0.000e+00
       1399 309.639737  -62.26952  -58.43788      0.164       0.00      2.442      2.419    -0.8613    -0.8622    -0.0009    -0.8614    -0.8623    -0.0009   2.770433   2.770800   0.000368    34.1896    34.1956     7.4185    27.4912    27.4961    322.445  358.17618  359.83251          7  0.000e+00
       1400 309.639737  -62.26952  -58.43788      0.164       0.00      2.463      2.439    -0.8614    -0.8625    -0.0011    -0.8614    -0.8626    -0.0011   2.770439   2.770783   0.000344    34.1897    34.1957     7.4186    27.4913    27.4962    322.448  358.17635  359.83271          7  0.000e+00
       1401 309.639738  -62.26952  -58.43788      0.162       0.00      2.497      2.473    -0.8613    -0.8622    -0.0009    -0.8614    -0.8623    -0.0009   2.770385   2.770795   0.000410    34.1889    34.1954     7.4187    27.4906    27.4960    322.454  358.17810  359.83440          7  0.000e+00
       1402 309.639738  -62.26952  -58.43788      0.162       0.00      2.442      2.419    -0.8614    -0.8620    -0.0007    -0.8614    -0.8621    -0.0007   2.770421   2.770766   0.000345    34.1895    34.1949     7.4187    27.4911    27.4956    322.454  358.17700  359.83334          7  0.000e+00
       1403 309.639739  -62.26952  -58.43788      0.162       0.00      2.497      2.473    -0.8614    -0.8624    -0.0009    -0.8615    -0.8624    -0.0009   2.770427   2.770749   0.000322    34.1896    34.1950     7.4188    27.4912    27.4956    322.459  358.17724  359.83360          7  0.000e+00
       1404 309.639739  -62.26952  -58.43788      0.156       0.00      2.497      2.473    -0.8611    -0.8622    -0.0011    -0.8611    -0.8623    -0.0011   2.770439   2.770789   0.000350    34.1893    34.1954     7.4196    27.4910    27.4959    322.494  358.17458  359.83085          7  0.000e+00
       1405 309.639740  -62.26952  -58.43788      0.163       0.00      2.497      2.473    -0.8605    -0.8628    -0.0023    -0.8606    -0.8629    -0.0023   2.770486   2.770783   0.000297    34.1893    34.1960     7.4152    27.4910    27.4965    322.303  358.16908  359.82523          7  0.000e+00
       1406 309.639740  -62.26952  -58.43788      0.160       0.00      2.497      2.473    -0.8595    -0.8625    -0.0030    -0.8596    -0.8626    -0.0030   2.770534   2.770777   0.000243    34.1888    34.1956     7.4152    27.4905    27.4961    322.303  358.16102  359.81693          7  0.000e+00
       1407 309.639741  -62.26952  -58.43788      0.159       0.00      2.497      2.473    -0.8594    -0.8624    -0.0029    -0.8595    -0.8624    -0.0029   2.770570   2.770754   0.000184    34.1893    34.1951     7.4206    27.4909    27.4957    322.538  358.15928  359.81520          7  0.000e+00
       1408 309.639741  -62.26952  -58.43788      0.160       0.00      2.545      2.520    -0.8597    -0.8625    -0.0028    -0.8598    -0.8626    -0.0028   2.770558   2.770766   0.000208    34.1893    34.1954     7.4218    27.4910    27.4959    322.589  358.16129  359.81726          7  0.000e+00
       1409 309.639742  -62.26952  -58.43788      0.158       0.00      2.497      2.473    -0.8600    -0.8625    -0.0025    -0.8601    -0.8626    -0.0025   2.770570   2.770777   0.000207    34.1899    34.1956     7.4221    27.4914    27.4961    322.601  358.16295  359.81903          7  0.000e+00
       1410 309.639742  -62.26952  -58.43788      0.155       0.00      2.497      2.473    -0.8601    -0.8619    -0.0018    -0.8602    -0.8620    -0.0018   2.770594   2.770754   0.000160    34.1904    34.1946     7.4224    27.4918    27.4953    322.614  358.16277  359.81890          7  0.000e+00
       1411 309.639742  -62.26952  -58.43788      0.157       0.00      2.545      2.520    -0.8593    -0.8624    -0.0031    -0.8593    -0.8624    -0.0031   2.770642   2.770766   0.000124    34.1900    34.1952     7.4225    27.4915    27.4958    322.621  358.15552  359.81144          7  0.000e+00
       1412 309.639743  -62.26952  -58.43788      0.153       0.00      2.511      2.486    -0.8582    -0.8625    -0.0043    -0.8583    -0.8626    -0.0043   2.770654   2.770795   0.000141    34.1890    34.1958     7.4226    27.4906    27.4963    322.624  358.14841  359.80404          7  0.000e+00
       1413 309.639743  -62.26952  -58.43788      0.151       0.00      2.545      2.520    -0.8578    -0.8622    -0.0044    -0.8579    -0.8623    -0.0044   2.770696   2.770789   0.000093    34.1891    34.1954     7.4228    27.4907    27.4959    322.634  358.14430  359.79985          7  0.000e+00
       1414 309.639744  -62.26952  -58.43788      0.151       0.00      2.545      2.520    -0.8571    -0.8625    -0.0054    -0.8572    -0.8626    -0.0054   2.770743   2.770777   0.000034    34.1890    34.1955     7.4230    27.4905    27.4961    322.640  358.13808  359.79346          7  0.000e+00
       1415 309.639744  -62.26952  -58.43788      0.148       0.00      2.497      2.473    -0.8572    -0.8624    -0.0052    -0.8572    -0.8624    -0.0052   2.770720   2.770795   0.000075    34.1887    34.1956     7.4232    27.4904    27.4962    322.652  358.13927  359.79466          7  0.000e+00
       1416 309.639745  -62.26952  -58.43788      0.147       0.00      2.545      2.520    -0.8579    -0.8617    -0.0039    -0.8579    -0.8618    -0.0039   2.770708   2.770823   0.000116    34.1893    34.1953     7.4297    27.4909    27.4958    322.933  358.14421  359.79979          7  0.000e+00
       1417 309.639745  -62.26952  -58.43788      0.145       0.00      2.497      2.473    -0.8583    -0.8620    -0.0038    -0.8584    -0.8621    -0.0038   2.770648   2.770795   0.000147    34.1890    34.1953     7.4257    27.4906    27.4959    322.757  358.14898  359.80463          7  0.000e+00
       1418 309.639746  -62.26952  -58.43788      0.145       0.00      2.593      2.568    -0.8587    -0.8624    -0.0037    -0.8588    -0.8624    -0.0037   2.770612   2.770777   0.000165    34.1889    34.1953     7.4313    27.4906    27.4959    323.003  358.15309  359.80882          7  0.000e+00
       1419 309.639746  -62.26952  -58.43788      0.139       0.00      2.497      2.473    -0.8589    -0.8625    -0.0036    -0.8589    -0.8626    -0.0036   2.770606   2.770795   0.000189    34.1891    34.1958     7.4271    27.4907    27.4963    322.820  358.15425  359.81002          7  0.000e+00
       1420 309.639747  -62.26952  -58.43788      0.137       0.00      2.545      2.520    -0.8590    -0.8620    -0.0031    -0.8591    -0.8621    -0.0031   2.770582   2.770806   0.000224    34.1889    34.1954     7.4266    27.4905    27.4960    322.800  358.15598  359.81177          7  0.000e+00
       1421 309.639747  -62.26952  -58.43788      0.136       0.00      2.545      2.520    -0.8590    -0.8624    -0.0033    -0.8591    -0.8624    -0.0033   2.770612   2.770766   0.000154    34.1893    34.1952     7.4277    27.4909    27.4958    322.844  358.15520  359.81103          7  0.000e+00
       1422 309.639748  -62.26952  -58.43788      0.127       0.00      2.497      2.473    -0.8594    -0.8625    -0.0031    -0.8595    -0.8626    -0.0031   2.770630   2.770749   0.000119    34.1901    34.1952     7.4279    27.4915    27.4958    322.856  358.15700  359.81296          7  0.000e+00
       1423 309.639748  -62.26952  -58.43788      0.121       0.00      2.497      2.473    -0.8593    -0.8625    -0.0032    -0.8593    -0.8626    -0.0032   2.770588   2.770766   0.000178    34.1893    34.1954     7.4334    27.4909    27.4960    323.093  358.15750  359.81338          7  0.000e+00
       1424 309.639749  -62.26952  -58.43788      0.116       0.00      2.511      2.486    -0.8588    -0.8620    -0.0033    -0.8588    -0.8621    -0.0033   2.770612   2.770714   0.000102    34.1890    34.1942     7.4343    27.4907    27.4950    323.132  358.15331  359.80906          7  0.000e+00
       1425 309.639749  -62.26952  -58.43788      0.112       0.00      2.497      2.473    -0.8582    -0.8627    -0.0044    -0.8583    -0.8627    -0.0044   2.770666   2.770737   0.000071    34.1892    34.1952     7.4351    27.4908    27.4958    323.169  358.14793  359.80357          7  0.000e+00
       1426 309.639750  -62.26952  -58.43788      0.109       0.00      2.545      2.520    -0.8583    -0.8622    -0.0039    -0.8584    -0.8623    -0.0039   2.770666   2.770749   0.000083    34.1892    34.1948     7.4353    27.4908    27.4955    323.177  358.14838  359.80403          7  0.000e+00
       1427 309.639750  -62.26952  -58.43788      0.105       0.00      2.497      2.473    -0.8583    -0.8625    -0.0042    -0.8584    -0.8626    -0.0042   2.770678   2.770731   0.000054    34.1895    34.1949     7.4353    27.4910    27.4956    323.177  358.14820  359.80389          7  0.000e+00
       1428 309.639751  -62.26952  -58.43788      0.100       0.00      2.497      2.473    -0.8583    -0.8628    -0.0045    -0.8584    -0.8629    -0.0045   2.770684   2.770760   0.000076    34.1895    34.1957     7.4361    27.4910    27.4962    323.212  358.14761  359.80328          7  0.000e+00
       1429 309.639751  -62.26952  -58.43788      0.088       0.00      2.442      2.419    -0.8585    -0.8625    -0.0040    -0.8586    -0.8626    -0.0040   2.770624   2.770743   0.000119    34.1890    34.1951     7.4361    27.4906    27.4957    323.212  358.15127  359.80696          7  0.000e+00
       1430 309.639752  -62.26952  -58.43788      0.079       0.00      2.442      2.419    -0.8586    -0.8628    -0.0042    -0.8586    -0.8629    -0.0042   2.770642   2.770726   0.000084    34.1893    34.1952     7.4368    27.4909    27.4959    323.243  358.15095  359.80667          7  0.000e+00
       1431 309.639752  -62.26952  -58.43788      0.073       0.00      2.497      2.473    -0.8583    -0.8630    -0.0046    -0.8584    -0.8631    -0.0046   2.770654   2.770743   0.000089    34.1892    34.1956     7.4375    27.4907    27.4962    323.273  358.14912  359.80478          7  0.000e+00
       1432 309.639753  -62.26952  -58.43788      0.064       0.00      2.442      2.419    -0.8584    -0.8627    -0.0043    -0.8585    -0.8627    -0.0043   2.770654   2.770789   0.000135    34.1893    34.1959     7.4381    27.4908    27.4964    323.299  358.14939  359.80507          7  0.000e+00
       1433 309.639753  -62.26952  -58.43788      0.057       0.00      2.442      2.419    -0.8583    -0.8617    -0.0034    -0.8584    -0.8618    -0.0034   2.770654   2.770823   0.000169    34.1892    34.1953     7.4387    27.4908    27.4959    323.325  358.14902  359.80469          7  0.000e+00
       1434 309.639754  -62.26952  -58.43788      0.050       0.00      2.442      2.419    -0.8579    -0.8608    -0.0029    -0.8579    -0.8609    -0.0029   2.770714   2.770886   0.000173    34.1895    34.1952     7.4392    27.4910    27.4957    323.345  358.14380  359.79939          7  0.000e+00
       1435 309.639754  -62.26952  -58.43788      0.033       0.00      2.312      2.290    -0.8572    -0.8599    -0.0027    -0.8572    -0.8599    -0.0027   2.770809   2.771024   0.000215    34.1901    34.1961     7.4394    27.4914    27.4964    323.355  358.13552  359.79098          7  0.000e+00
       1436 309.639755  -62.26952  -58.43788      0.026       0.00      2.497      2.473    -0.8559    -0.8591    -0.0032    -0.8560    -0.8592    -0.0032   2.770935   2.771145   0.000210    34.1902    34.1967     7.4398    27.4915    27.4969    323.373  358.12298  359.77817          7  0.000e+00
       1437 309.639755  -62.26952  -58.43788      0.019       0.00      2.394      2.371    -0.8556    -0.8579    -0.0023    -0.8557    -0.8580    -0.0023   2.770911   2.771231   0.000320    34.1896    34.1966     7.4394    27.4910    27.4967    323.353  358.12188  359.77698          7  0.000e+00
       1438 309.639755  -62.26952  -58.43788      0.007       0.00      2.394      2.371    -0.8559    -0.8574    -0.0015    -0.8560    -0.8575    -0.0015   2.770929   2.771231   0.000302    34.1902    34.1960     7.4390    27.4915    27.4963    323.337  358.12303  359.77822          7  0.000e+00
       1439 309.639756  -62.26952  -58.43788     -0.006       0.00      2.346      2.324    -0.8550    -0.8571    -0.0021    -0.8551    -0.8572    -0.0021   2.771000   2.771283   0.000282    34.1902    34.1964     7.4391    27.4915    27.4966    323.342  358.11470  359.76970          7  0.000e+00
       1440 309.639756  -62.26952  -58.43788     -0.019       0.00      2.346      2.324    -0.8536    -0.8559    -0.0023    -0.8536    -0.8559    -0.0023   2.771096   2.771323   0.000227    34.1898    34.1955     7.4391    27.4911    27.4958    323.343  358.10188  359.75655          7  0.000e+00
       1441 309.639757  -62.26952  -58.43788     -0.028       0.00      2.346      2.324    -0.8528    -0.8560    -0.0032    -0.8529    -0.8561    -0.0032   2.771126   2.771328   0.000203    34.1894    34.1958     7.4393    27.4907    27.4960    323.349  358.09598  359.75045          7  0.000e+00
       1442 309.639757  -62.26952  -58.43788     -0.044       0.00      2.292      2.270    -0.8523    -0.8550    -0.0026    -0.8524    -0.8550    -0.0026   2.771126   2.771351   0.000225    34.1889    34.1949     7.4394    27.4903    27.4953    323.355  358.09295  359.74729          7  0.000e+00
       1443 309.639758  -62.26952  -58.43788     -0.053       0.00      2.346      2.324    -0.8522    -0.8550    -0.0028    -0.8522    -0.8550    -0.0028   2.771126   2.771392   0.000266    34.1887    34.1954     7.4448    27.4901    27.4957    323.591  358.09195  359.74624          7  0.000e+00
       1444 309.639758  -62.26952  -58.43788     -0.071       0.00      2.244      2.222    -0.8522    -0.8545    -0.0023    -0.8523    -0.8545    -0.0023   2.771168   2.771369   0.000201    34.1894    34.1947     7.4457    27.4907    27.4950    323.626  358.09053  359.74488          7  0.000e+00
       1445 309.639759  -62.26952  -58.43788     -0.080       0.00      2.292      2.270    -0.8526    -0.8545    -0.0018    -0.8527    -0.8545    -0.0018   2.771138   2.771455   0.000317    34.1894    34.1958     7.4459    27.4907    27.4959    323.635  358.09433  359.74876          7  0.000e+00
       1446 309.639759  -62.26952  -58.43788     -0.094       0.00      2.244      2.222    -0.8527    -0.8534    -0.0007    -0.8528    -0.8535    -0.0007   2.771126   2.771466   0.000340    34.1893    34.1948     7.4458    27.4907    27.4951    323.632  358.09507  359.74951          7  0.000e+00
