Pos-Processados/process_op38/operantar38_018.ros
* Sea-Bird SBE 9 Data File:
* FileName = D:\OPERANTAR_XXXVIII\DADOS\OP38_018.hdr
* Software Version Seasave V 7.18c
* Temperature SN = 4808
* Conductivity SN = 3380
* Number of Bytes Per Scan = 34
* Number of Voltage Words = 3
* Number of Scans Averaged by the Deck Unit = 1
* NMEA Latitude = 62 10.02 S
* NMEA Longitude = 058 22.53 W
* NMEA UTC (Time) = Nov 05 2019 17:24:22
** H41
** NAVIO POLAR ALMIRANTE MAXIMIANO
** CRUZEIRO:
** OPERANTAR XXXVIII
** ESTAÇÃO: OP38_018
** LAT 62 10,02' S
** LONG 058 22,49' W
** 09P73767-1155_A
** PROFUNDIDADE: 447
** DATA/HORA: 051724Z/NOV/2019
** OPERADOR: SO-HN CHAVES
# nquan = 26
# nvalues = 1954                                  
# units = specified
# name 0 = scan: Scan Count
# name 1 = timeJ: Julian Days
# name 2 = latitude: Latitude [deg]
# name 3 = longitude: Longitude [deg]
# name 4 = dz/dtM: Descent Rate [m/s]
# name 5 = avgsvCM: Average Sound Velocity [Chen-Millero, m/s]
# name 6 = prDM: Pressure, Digiquartz [db]
# name 7 = depSM: Depth [salt water, m]
# name 8 = t090C: Temperature [ITS-90, deg C]
# name 9 = t190C: Temperature, 2 [ITS-90, deg C]
# name 10 = T2-T190C: Temperature Difference, 2 - 1 [ITS-90, deg C]
# name 11 = potemp090C: Potential Temperature [ITS-90, deg C]
# name 12 = potemp190C: Potential Temperature, 2 [ITS-90, deg C]
# name 13 = potemp90Cdiff: Potential Temperature, Diff, 2 - 1 [ITS-90, deg C]
# name 14 = c0S/m: Conductivity [S/m]
# name 15 = c1S/m: Conductivity, 2 [S/m]
# name 16 = C2-C1S/m: Conductivity Difference, 2 - 1 [S/m]
# name 17 = sal00: Salinity, Practical [PSU]
# name 18 = sal11: Salinity, Practical, 2 [PSU]
# name 19 = sbeox0ML/L: Oxygen, SBE 43 [ml/l]
# name 20 = sbeox1ML/L: Oxygen, SBE 43, 2 [ml/l]
# name 21 = sbeox0ML/Ldiff: Oxygen, SBE 43, Diff, 2 - 1 [ml/l]
# name 22 = sigma-é00: Density [sigma-theta, kg/m^3]
# name 23 = sigma-é11: Density, 2 [sigma-theta, kg/m^3]
# name 24 = nbf: Bottles Fired
# name 25 = flag:  0.000e+00
# interval = seconds: 0.0416667
# start_time = Nov 05 2019 17:24:22 [NMEA time, header]
# bad_flag = -9.990e-29
*END*
[from data line 1729]
      34808 309.742040  -62.16698  -58.37554     -0.041    1448.15     30.868     30.570    -0.7830    -0.7825     0.0004    -0.7838    -0.7834     0.0004   2.777580   2.778012   0.000431    34.1799    34.1853     7.5634     7.2371    -0.3263    27.4803    27.4846         11  0.000e+00
      34809 309.742041  -62.16698  -58.37554     -0.045    1448.15     30.779     30.481    -0.7826    -0.7811     0.0014    -0.7834    -0.7820     0.0014   2.777598   2.778017   0.000419    34.1798    34.1838     7.5636     7.2366    -0.3270    27.4801    27.4834         11  0.000e+00
      34810 309.742041  -62.16698  -58.37554     -0.045    1448.15     30.827     30.529    -0.7825    -0.7810     0.0015    -0.7834    -0.7818     0.0015   2.777568   2.777977   0.000409    34.1793    34.1831     7.5633     7.2307    -0.3326    27.4797    27.4828         11  0.000e+00
      34811 309.742042  -62.16698  -58.37554     -0.049    1448.15     30.820     30.522    -0.7821    -0.7816     0.0005    -0.7830    -0.7825     0.0005   2.777592   2.777966   0.000373    34.1792    34.1837     7.5680     7.2355    -0.3325    27.4797    27.4833         11  0.000e+00
      34812 309.742042  -62.16698  -58.37554     -0.049    1448.15     30.827     30.529    -0.7823    -0.7818     0.0006    -0.7832    -0.7826     0.0006   2.777604   2.778006   0.000402    34.1796    34.1844     7.5684     7.2413    -0.3271    27.4800    27.4838         11  0.000e+00
      34813 309.742043  -62.16698  -58.37554     -0.052    1448.15     30.820     30.522    -0.7821    -0.7819     0.0002    -0.7829    -0.7828     0.0002   2.777568   2.778000   0.000432    34.1788    34.1845     7.5635     7.2365    -0.3270    27.4793    27.4839         11  0.000e+00
      34814 309.742043  -62.16698  -58.37554     -0.054    1448.15     30.779     30.481    -0.7825    -0.7822     0.0003    -0.7834    -0.7831     0.0003   2.777538   2.777954   0.000416    34.1789    34.1842     7.5683     7.2365    -0.3318    27.4794    27.4837         11  0.000e+00
      34815 309.742044  -62.16698  -58.37554     -0.053    1448.15     30.827     30.529    -0.7830    -0.7826     0.0004    -0.7838    -0.7834     0.0004   2.777509   2.777977   0.000469    34.1790    34.1849     7.5643     7.2365    -0.3279    27.4795    27.4843         11  0.000e+00
      34816 309.742044  -62.16698  -58.37554     -0.056    1448.15     30.765     30.468    -0.7830    -0.7822     0.0007    -0.7838    -0.7831     0.0007   2.777503   2.777994   0.000492    34.1789    34.1848     7.5646     7.2362    -0.3284    27.4795    27.4842         11  0.000e+00
      34817 309.742045  -62.16698  -58.37554     -0.058    1448.15     30.827     30.529    -0.7830    -0.7822     0.0008    -0.7839    -0.7831     0.0008   2.777479   2.777994   0.000516    34.1786    34.1847     7.5643     7.2303    -0.3340    27.4792    27.4841         11  0.000e+00
      34818 309.742045  -62.16698  -58.37554     -0.060    1448.15     30.765     30.468    -0.7828    -0.7824     0.0004    -0.7836    -0.7832     0.0004   2.777473   2.777994   0.000522    34.1783    34.1850     7.5646     7.2350    -0.3297    27.4790    27.4843         11  0.000e+00
      34819 309.742046  -62.16698  -58.37554     -0.061    1448.15     30.827     30.529    -0.7833    -0.7821     0.0012    -0.7841    -0.7829     0.0012   2.777497   2.777971   0.000475    34.1792    34.1843     7.5643     7.2349    -0.3294    27.4797    27.4837         11  0.000e+00
      34820 309.742046  -62.16698  -58.37554     -0.062    1448.15     30.765     30.468    -0.7834    -0.7813     0.0021    -0.7842    -0.7822     0.0021   2.777520   2.778000   0.000480    34.1796    34.1838     7.5691     7.2288    -0.3403    27.4801    27.4834         11  0.000e+00
      34821 309.742047  -62.16698  -58.37554     -0.066    1448.15     30.779     30.481    -0.7837    -0.7810     0.0027    -0.7845    -0.7818     0.0027   2.777509   2.778035   0.000526    34.1798    34.1839     7.5695     7.2334    -0.3361    27.4802    27.4834         11  0.000e+00
      34822 309.742047  -62.16698  -58.37554     -0.066    1448.15     30.779     30.481    -0.7831    -0.7808     0.0023    -0.7839    -0.7817     0.0023   2.777544   2.778023   0.000479    34.1796    34.1836     7.5705     7.2334    -0.3371    27.4800    27.4831         11  0.000e+00
      34823 309.742048  -62.16698  -58.37554     -0.070    1448.15     30.765     30.468    -0.7825    -0.7814     0.0011    -0.7834    -0.7823     0.0011   2.777556   2.778000   0.000444    34.1791    34.1840     7.5664     7.2335    -0.3328    27.4796    27.4835         11  0.000e+00
      34824 309.742048  -62.16698  -58.37554     -0.070    1448.15     30.779     30.481    -0.7819    -0.7818     0.0001    -0.7827    -0.7826     0.0001   2.777592   2.778012   0.000419    34.1789    34.1845     7.5666     7.2336    -0.3330    27.4794    27.4839         11  0.000e+00
      34825 309.742049  -62.16698  -58.37554     -0.072    1448.15     30.765     30.468    -0.7813    -0.7822    -0.0009    -0.7821    -0.7831    -0.0009   2.777604   2.778000   0.000396    34.1784    34.1848     7.5661     7.2337    -0.3324    27.4790    27.4842         11  0.000e+00
      34826 309.742049  -62.16698  -58.37554     -0.071    1448.15     30.779     30.481    -0.7809    -0.7818    -0.0008    -0.7818    -0.7826    -0.0008   2.777604   2.778012   0.000407    34.1780    34.1845     7.5657     7.2336    -0.3321    27.4786    27.4839         11  0.000e+00
      34827 309.742050  -62.16698  -58.37554     -0.073    1448.15     30.731     30.434    -0.7806    -0.7821    -0.0014    -0.7815    -0.7829    -0.0014   2.777628   2.777977   0.000349    34.1780    34.1844     7.5704     7.2336    -0.3367    27.4787    27.4839         11  0.000e+00
      34828 309.742050  -62.16698  -58.37554     -0.075    1448.15     30.765     30.468    -0.7808    -0.7819    -0.0011    -0.7816    -0.7828    -0.0011   2.777610   2.778006   0.000396    34.1779    34.1846     7.5656     7.2336    -0.3320    27.4785    27.4840         11  0.000e+00
      34829 309.742051  -62.16698  -58.37554     -0.073    1448.15     30.779     30.481    -0.7806    -0.7822    -0.0016    -0.7815    -0.7831    -0.0016   2.777604   2.778058   0.000453    34.1777    34.1856     7.5704     7.2336    -0.3367    27.4784    27.4849         11  0.000e+00
      34830 309.742051  -62.16698  -58.37554     -0.076    1448.15     30.717     30.420    -0.7816    -0.7821    -0.0004    -0.7825    -0.7829    -0.0004   2.777604   2.778069   0.000465    34.1788    34.1856     7.5656     7.2335    -0.3321    27.4793    27.4849         11  0.000e+00
      34831 309.742052  -62.16698  -58.37554     -0.077    1448.15     30.779     30.481    -0.7820    -0.7816     0.0004    -0.7829    -0.7825     0.0004   2.777628   2.778069   0.000441    34.1796    34.1851     7.5653     7.2394    -0.3258    27.4800    27.4844         11  0.000e+00
      34832 309.742052  -62.16698  -58.37554     -0.077    1448.15     30.765     30.468    -0.7820    -0.7802     0.0018    -0.7829    -0.7811     0.0018   2.777610   2.778132   0.000522    34.1793    34.1844     7.5700     7.2344    -0.3356    27.4798    27.4838         11  0.000e+00
      34833 309.742052  -62.16698  -58.37554     -0.077    1448.15     30.731     30.434    -0.7820    -0.7786     0.0035    -0.7829    -0.7794     0.0035   2.777622   2.778190   0.000567    34.1795    34.1833     7.5702     7.2352    -0.3351    27.4799    27.4828         11  0.000e+00
      34834 309.742053  -62.16698  -58.37554     -0.076    1448.15     30.779     30.481    -0.7826    -0.7788     0.0037    -0.7834    -0.7797     0.0037   2.777598   2.778201   0.000603    34.1798    34.1837     7.5707     7.2352    -0.3354    27.4801    27.4832         11  0.000e+00
      34835 309.742053  -62.16698  -58.37554     -0.075    1448.15     30.717     30.420    -0.7825    -0.7787     0.0038    -0.7834    -0.7795     0.0038   2.777622   2.778241   0.000619    34.1801    34.1841     7.5708     7.2351    -0.3357    27.4804    27.4835         11  0.000e+00
      34836 309.742054  -62.16698  -58.37554     -0.076    1448.15     30.731     30.434    -0.7823    -0.7794     0.0029    -0.7832    -0.7803     0.0029   2.777634   2.778253   0.000619    34.1800    34.1851     7.5710     7.2353    -0.3357    27.4803    27.4844         11  0.000e+00
      34837 309.742054  -62.16698  -58.37554     -0.075    1448.15     30.765     30.468    -0.7825    -0.7794     0.0031    -0.7834    -0.7803     0.0031   2.777634   2.778253   0.000619    34.1802    34.1851     7.5712     7.2353    -0.3359    27.4805    27.4843         11  0.000e+00
      34838 309.742055  -62.16698  -58.37554     -0.072    1448.15     30.731     30.434    -0.7826    -0.7790     0.0036    -0.7834    -0.7798     0.0036   2.777616   2.778236   0.000619    34.1800    34.1844     7.5713     7.2352    -0.3361    27.4804    27.4837         11  0.000e+00
      34839 309.742055  -62.16698  -58.37554     -0.075    1448.15     30.731     30.434    -0.7821    -0.7787     0.0035    -0.7830    -0.7795     0.0035   2.777628   2.778213   0.000584    34.1797    34.1837     7.5721     7.2352    -0.3370    27.4801    27.4832         11  0.000e+00
      34840 309.742056  -62.16698  -58.37554     -0.070    1448.15     30.765     30.468    -0.7823    -0.7790     0.0033    -0.7832    -0.7798     0.0033   2.777634   2.778184   0.000550    34.1800    34.1837     7.5731     7.2353    -0.3378    27.4803    27.4831         12  0.000e+00
      34841 309.742056  -62.16698  -58.37554     -0.073    1448.15     30.731     30.434    -0.7820    -0.7799     0.0021    -0.7829    -0.7808     0.0021   2.777652   2.778178   0.000526    34.1799    34.1847     7.5739     7.2354    -0.3385    27.4803    27.4840         12  0.000e+00
      34842 309.742057  -62.16698  -58.37554     -0.073    1448.15     30.717     30.420    -0.7823    -0.7799     0.0024    -0.7831    -0.7808     0.0024   2.777640   2.778195   0.000555    34.1800    34.1849     7.5741     7.2413    -0.3328    27.4804    27.4842         12  0.000e+00
      34843 309.742057  -62.16698  -58.37554     -0.069    1448.15     30.779     30.481    -0.7819    -0.7784     0.0035    -0.7827    -0.7792     0.0035   2.777610   2.778201   0.000591    34.1791    34.1832     7.5741     7.2363    -0.3379    27.4796    27.4827         12  0.000e+00
      34844 309.742058  -62.16698  -58.37554     -0.068    1448.15     30.717     30.420    -0.7816    -0.7782     0.0034    -0.7824    -0.7791     0.0034   2.777640   2.778241   0.000601    34.1793    34.1836     7.5740     7.2361    -0.3379    27.4797    27.4831         12  0.000e+00
      34845 309.742058  -62.16698  -58.37554     -0.067    1448.15     30.731     30.434    -0.7816    -0.7774     0.0041    -0.7824    -0.7783     0.0041   2.777640   2.778236   0.000596    34.1792    34.1827     7.5689     7.2418    -0.3270    27.4797    27.4823         12  0.000e+00
      34846 309.742059  -62.16698  -58.37554     -0.064    1448.15     30.731     30.434    -0.7819    -0.7754     0.0065    -0.7828    -0.7763     0.0065   2.777652   2.778207   0.000555    34.1798    34.1800     7.5741     7.2367    -0.3374    27.4801    27.4800         12  0.000e+00
      34847 309.742059  -62.16698  -58.37554     -0.063    1448.15     30.765     30.468    -0.7817    -0.7743     0.0073    -0.7825    -0.7752     0.0073   2.777640   2.778201   0.000561    34.1794    34.1787     7.5750     7.2365    -0.3385    27.4798    27.4789         12  0.000e+00
      34848 309.742060  -62.16698  -58.37554     -0.061    1448.15     30.731     30.434    -0.7814    -0.7733     0.0081    -0.7822    -0.7742     0.0081   2.777652   2.778224   0.000572    34.1792    34.1778     7.5757     7.2420    -0.3336    27.4796    27.4782         12  0.000e+00
      34849 309.742060  -62.16698  -58.37554     -0.062    1448.15     30.717     30.420    -0.7808    -0.7734     0.0073    -0.7816    -0.7743     0.0073   2.777640   2.778213   0.000572    34.1783    34.1778     7.5756     7.2372    -0.3384    27.4789    27.4781         12  0.000e+00
      34850 309.742061  -62.16698  -58.37554     -0.056    1448.15     30.779     30.481    -0.7805    -0.7742     0.0063    -0.7814    -0.7750     0.0063   2.777616   2.778201   0.000585    34.1777    34.1785     7.5704     7.2372    -0.3332    27.4784    27.4787         12  0.000e+00
      34851 309.742061  -62.16698  -58.37554     -0.059    1448.15     30.676     30.380    -0.7805    -0.7742     0.0063    -0.7813    -0.7750     0.0063   2.777646   2.778201   0.000555    34.1781    34.1785     7.5694     7.2370    -0.3324    27.4787    27.4788         12  0.000e+00
      34852 309.742062  -62.16698  -58.37554     -0.053    1448.15     30.765     30.468    -0.7802    -0.7743     0.0058    -0.7810    -0.7752     0.0058   2.777658   2.778259   0.000601    34.1779    34.1794     7.5686     7.2369    -0.3317    27.4785    27.4795         12  0.000e+00
      34853 309.742062  -62.16698  -58.37554     -0.052    1448.15     30.731     30.434    -0.7805    -0.7754     0.0050    -0.7813    -0.7763     0.0050   2.777640   2.778282   0.000641    34.1780    34.1810     7.5730     7.2381    -0.3349    27.4786    27.4808         12  0.000e+00
      34854 309.742063  -62.16698  -58.37554     -0.052    1448.15     30.717     30.420    -0.7802    -0.7745     0.0057    -0.7810    -0.7753     0.0057   2.777652   2.778362   0.000710    34.1778    34.1810     7.5677     7.2437    -0.3241    27.4785    27.4808         12  0.000e+00
      34855 309.742063  -62.16698  -58.37554     -0.051    1448.15     30.731     30.434    -0.7803    -0.7734     0.0069    -0.7812    -0.7743     0.0069   2.777640   2.778408   0.000768    34.1779    34.1804     7.5721     7.2386    -0.3335    27.4785    27.4803         12  0.000e+00
      34856 309.742064  -62.16698  -58.37554     -0.046    1448.15     30.779     30.481    -0.7803    -0.7734     0.0069    -0.7811    -0.7743     0.0069   2.777634   2.778471   0.000837    34.1777    34.1812     7.5721     7.2385    -0.3336    27.4784    27.4810         12  0.000e+00
      34857 309.742064  -62.16698  -58.37554     -0.042    1448.15     30.717     30.420    -0.7800    -0.7737     0.0063    -0.7809    -0.7746     0.0063   2.777634   2.778512   0.000877    34.1774    34.1822     7.5718     7.2383    -0.3335    27.4781    27.4817         12  0.000e+00
      34858 309.742065  -62.16698  -58.37554     -0.043    1448.15     30.731     30.434    -0.7806    -0.7737     0.0069    -0.7815    -0.7746     0.0069   2.777634   2.778535   0.000900    34.1781    34.1825     7.5718     7.2381    -0.3337    27.4787    27.4820         12  0.000e+00
      34859 309.742065  -62.16698  -58.37554     -0.038    1448.15     30.765     30.468    -0.7808    -0.7740     0.0068    -0.7817    -0.7749     0.0068   2.777610   2.778546   0.000936    34.1780    34.1830     7.5717     7.2369    -0.3348    27.4786    27.4824         12  0.000e+00
      34860 309.742065  -62.16698  -58.37554     -0.036    1448.15     30.731     30.434    -0.7811    -0.7736     0.0075    -0.7820    -0.7744     0.0075   2.777622   2.778563   0.000941    34.1785    34.1827     7.5671     7.2365    -0.3305    27.4790    27.4821         12  0.000e+00
      34861 309.742066  -62.16698  -58.37554     -0.034    1448.15     30.717     30.420    -0.7820    -0.7728     0.0092    -0.7829    -0.7737     0.0092   2.777634   2.778552   0.000918    34.1797    34.1817     7.5722     7.2374    -0.3348    27.4801    27.4813         12  0.000e+00
