Pos-Processados/process_op38/operantar38_018.cnv
* Sea-Bird SBE 9 Data File:
* FileName = D:\OPERANTAR_XXXVIII\DADOS\OP38_018.hdr
* Software Version Seasave V 7.18c
* Temperature SN = 4808
* Conductivity SN = 3380
* Number of Bytes Per Scan = 34
* Number of Voltage Words = 3
* Number of Scans Averaged by the Deck Unit = 1
* NMEA Latitude = 62 10.02 S
* NMEA Longitude = 058 22.53 W
* NMEA UTC (Time) = Nov 05 2019 17:24:22
** H41
** NAVIO POLAR ALMIRANTE MAXIMIANO
** CRUZEIRO:
** OPERANTAR XXXVIII
** ESTAÇÃO: OP38_018
** LAT 62 10,02' S
** LONG 058 22,49' W
** 09P73767-1155_A
** PROFUNDIDADE: 447
** DATA/HORA: 051724Z/NOV/2019
** OPERADOR: SO-HN CHAVES
# nquan = 30
# nvalues = 827                         
# units = specified
# name 0 = scan: Scan Count
# name 1 = timeJ: Julian Days
# name 2 = latitude: Latitude [deg]
# name 3 = longitude: Longitude [deg]
# name 4 = dz/dtM: Descent Rate [m/s]
# name 5 = avgsvCM: Average Sound Velocity [Chen-Millero, m/s]
# name 6 = prDM: Pressure, Digiquartz [db]
# name 7 = depSM: Depth [salt water, m]
# name 8 = t090C: Temperature [ITS-90, deg C]
# name 9 = t190C: Temperature, 2 [ITS-90, deg C]
# name 10 = T2-T190C: Temperature Difference, 2 - 1 [ITS-90, deg C]
# name 11 = potemp090C: Potential Temperature [ITS-90, deg C]
# name 12 = potemp190C: Potential Temperature, 2 [ITS-90, deg C]
# name 13 = potemp90Cdiff: Potential Temperature, Diff, 2 - 1 [ITS-90, deg C]
# name 14 = c0S/m: Conductivity [S/m]
# name 15 = c1S/m: Conductivity, 2 [S/m]
# name 16 = C2-C1S/m: Conductivity Difference, 2 - 1 [S/m]
# name 17 = sal00: Salinity, Practical [PSU]
# name 18 = sal11: Salinity, Practical, 2 [PSU]
# name 19 = sbeox0ML/L: Oxygen, SBE 43 [ml/l]
# name 20 = sigma-é00: Density [sigma-theta, kg/m^3]
# name 21 = sigma-é11: Density, 2 [sigma-theta, kg/m^3]
# name 22 = sal00: Salinity, Practical [PSU]
# name 23 = sigma-é00: Density [sigma-theta, kg/m^3]
# name 24 = svCM: Sound Velocity [Chen-Millero, m/s]
# name 25 = svCM1: Sound Velocity, 2 [Chen-Millero, m/s]
# name 26 = gsw_ptA0: potential temperature [ITS-90, deg C]
# name 27 = gsw_densityA0: density, TEOS-10 [density, kg/m^3]
# name 28 = gsw_saA0: Absolute Salinity [g/kg]
# name 29 = flag:
# span 0 =       1931,      37680       
# span 1 = 309.726185, 309.743425       
# span 2 =  -62.16702,  -62.16696       
# span 3 =  -58.37558,  -58.37548       
# span 4 =     -1.222,      1.212       
# span 5 =       0.00,    1448.62       
# span 6 =      2.000,    415.000       
# span 7 =      1.987,    410.600       
# span 8 =    -0.9287,    -0.5655       
# span 9 =    -0.9285,    -0.5653       
# span 10 =    -0.0086,     0.0061      
# span 11 =    -0.9316,    -0.5795      
# span 12 =    -0.9315,    -0.5793      
# span 13 =    -0.0086,     0.0060      
# span 14 =   2.771809,   2.835809      
# span 15 =   2.772210,   2.836213      
# span 16 =  -0.000859,   0.000986      
# span 17 =    34.1279,    34.4845      
# span 18 =    34.1336,    34.4899      
# span 19 =     6.0528,     7.6373      
# span 20 =    27.4323,    27.7182      
# span 21 =    27.4368,    27.7225      
# span 22 =    34.1278,    34.4848      
# span 23 =    27.4323,    27.7190      
# span 24 =    1444.61,    1452.57      
# span 25 =    1444.62,    1452.58      
# span 26 =    -0.9316,    -0.5792      
# span 27 =  1027.4466,  1029.7003      
# span 28 =    34.2924,    34.6536      
# span 29 = 0.0000e+00, 0.0000e+00      
# interval = decibars: 1                
# start_time = Nov 05 2019 17:24:22 [NMEA time, header]
# bad_flag = -9.990e-29
*END*
[from data line 774]
      29834 309.739642  -62.16698  -58.37554     -0.691    1448.15     54.000     53.475    -0.8866    -0.8864     0.0002    -0.8881    -0.8879     0.0002   2.772638   2.773047   0.000409    34.2160    34.2214     7.4234    27.5137    27.5180    34.2161    27.5137    1444.84    1444.85    -0.8880  1027.7775    34.3814 0.0000e+00
      29878 309.739663  -62.16698  -58.37554     -0.547    1448.15     53.000     52.485    -0.8873    -0.8864     0.0009    -0.8887    -0.8878     0.0009   2.772554   2.772994   0.000435    34.2163    34.2212     7.4265    27.5139    27.5178    34.2163    27.5139    1444.82    1444.84    -0.8887  1027.7730    34.3816 0.0000e+00
      29918 309.739682  -62.16698  -58.37554     -0.582    1448.15     52.000     51.499    -0.8875    -0.8858     0.0017    -0.8889    -0.8872     0.0017   2.772501   2.772965   0.000462    34.2164    34.2208     7.4246    27.5141    27.5175    34.2164    27.5140    1444.81    1444.82    -0.8889  1027.7683    34.3817 0.0000e+00
      29951 309.739698  -62.16698  -58.37554     -0.699    1448.15     51.000     50.499    -0.8859    -0.8855     0.0004    -0.8872    -0.8869     0.0004   2.772501   2.772926   0.000428    34.2151    34.2205     7.4229    27.5129    27.5173    34.2152    27.5130    1444.80    1444.81    -0.8872  1027.7624    34.3805 0.0000e+00
      29981 309.739713  -62.16698  -58.37554     -0.787    1448.15     50.000     49.514    -0.8851    -0.8850     0.0000    -0.8865    -0.8864     0.0000   2.772448   2.772862   0.000416    34.2142    34.2198     7.4195    27.5121    27.5167    34.2142    27.5122    1444.78    1444.79    -0.8864  1027.7568    34.3795 0.0000e+00
      30014 309.739728  -62.16698  -58.37554     -0.755    1448.15     49.000     48.524    -0.8838    -0.8853    -0.0015    -0.8852    -0.8866    -0.0015   2.772416   2.772813   0.000401    34.2129    34.2200     7.4258    27.5111    27.5169    34.2130    27.5111    1444.77    1444.77    -0.8851  1027.7509    34.3782 0.0000e+00
      30054 309.739748  -62.16698  -58.37554     -0.624    1448.15     48.000     47.534    -0.8839    -0.8849    -0.0010    -0.8852    -0.8862    -0.0010   2.772374   2.772767   0.000395    34.2130    34.2196     7.4343    27.5111    27.5165    34.2131    27.5112    1444.75    1444.76    -0.8852  1027.7462    34.3783 0.0000e+00
      30097 309.739769  -62.16698  -58.37554     -0.540    1448.15     47.000     46.544    -0.8834    -0.8832     0.0002    -0.8847    -0.8845     0.0002   2.772339   2.772742   0.000403    34.2126    34.2179     7.4388    27.5108    27.5151    34.2127    27.5108    1444.74    1444.75    -0.8846  1027.7411    34.3779 0.0000e+00
      30134 309.739786  -62.16698  -58.37554     -0.635    1448.15     46.000     45.553    -0.8820    -0.8808     0.0012    -0.8832    -0.8820     0.0012   2.772310   2.772733   0.000419    34.2113    34.2156     7.4433    27.5096    27.5131    34.2114    27.5097    1444.73    1444.74    -0.8832  1027.7351    34.3766 0.0000e+00
      30164 309.739801  -62.16698  -58.37554     -0.766    1448.15     45.000     44.563    -0.8796    -0.8801    -0.0005    -0.8809    -0.8813    -0.0005   2.772283   2.772693   0.000412    34.2088    34.2149     7.4480    27.5075    27.5125    34.2089    27.5077    1444.72    1444.73    -0.8808  1027.7283    34.3741 0.0000e+00
      30194 309.739816  -62.16698  -58.37554     -0.804    1448.15     44.000     43.573    -0.8789    -0.8793    -0.0003    -0.8801    -0.8805    -0.0003   2.772243   2.772638   0.000395    34.2081    34.2138     7.4488    27.5070    27.5116    34.2082    27.5071    1444.71    1444.71    -0.8801  1027.7229    34.3734 0.0000e+00
      30231 309.739833  -62.16698  -58.37554     -0.688    1448.15     43.000     42.583    -0.8791    -0.8797    -0.0006    -0.8803    -0.8809    -0.0006   2.772183   2.772592   0.000408    34.2081    34.2143     7.4551    27.5070    27.5120    34.2082    27.5070    1444.69    1444.70    -0.8802  1027.7181    34.3733 0.0000e+00
      30272 309.739853  -62.16698  -58.37554     -0.572    1448.15     42.000     41.593    -0.8805    -0.8801     0.0004    -0.8816    -0.8812     0.0004   2.772124   2.772534   0.000409    34.2095    34.2147     7.4650    27.5082    27.5123    34.2096    27.5082    1444.67    1444.68    -0.8816  1027.7144    34.3747 0.0000e+00
      30307 309.739870  -62.16698  -58.37554     -0.664    1448.15     41.000     40.603    -0.8769    -0.8776    -0.0007    -0.8780    -0.8787    -0.0007   2.772124   2.772510   0.000388    34.2060    34.2120     7.4650    27.5052    27.5101    34.2062    27.5053    1444.67    1444.67    -0.8780  1027.7067    34.3713 0.0000e+00
      30338 309.739885  -62.16698  -58.37554     -0.776    1448.15     40.000     39.612    -0.8750    -0.8730     0.0020    -0.8761    -0.8741     0.0020   2.772149   2.772606   0.000455    34.2046    34.2085     7.4641    27.5040    27.5071    34.2050    27.5043    1444.66    1444.67    -0.8761  1027.7009    34.3701 0.0000e+00
      30376 309.739903  -62.16698  -58.37554     -0.661    1448.15     39.000     38.628    -0.8690    -0.8701    -0.0011    -0.8701    -0.8711    -0.0011   2.772397   2.772693   0.000299    34.2018    34.2071     7.4709    27.5015    27.5058    34.2021    27.5017    1444.66    1444.67    -0.8700  1027.6935    34.3672 0.0000e+00
      30482 309.739954  -62.16698  -58.37554     -0.362    1448.15     38.000     37.632    -0.8735    -0.8741    -0.0006    -0.8745    -0.8751    -0.0006   2.772140   2.772501   0.000368    34.2042    34.2098     7.4895    27.5035    27.5082    34.2043    27.5037    1444.63    1444.64    -0.8745  1027.6907    34.3694 0.0000e+00
      31024 309.740216  -62.16698  -58.37554     -0.130    1448.15     37.000     36.640    -0.8557    -0.8582    -0.0025    -0.8567    -0.8592    -0.0025   2.772931   2.773198   0.000252    34.1954    34.2017     7.5231    27.4957    27.5009    34.1955    27.4958    1444.69    1444.68    -0.8567  1027.6780    34.3605 0.0000e+00
      31098 309.740251  -62.16698  -58.37554     -0.279    1448.15     36.000     35.651    -0.8555    -0.8550     0.0005    -0.8564    -0.8559     0.0005   2.772906   2.773330   0.000421    34.1954    34.2006     7.5215    27.4957    27.4999    34.1956    27.4958    1444.67    1444.68    -0.8564  1027.6732    34.3605 0.0000e+00
      31189 309.740295  -62.16698  -58.37556     -0.249    1448.15     35.000     34.661    -0.8540    -0.8540    -0.0001    -0.8549    -0.8550    -0.0001   2.772950   2.773347   0.000395    34.1949    34.2003     7.5222    27.4952    27.4996    34.1951    27.4954    1444.66    1444.67    -0.8549  1027.6680    34.3601 0.0000e+00
      31267 309.740333  -62.16698  -58.37554     -0.355    1448.15     34.000     33.671    -0.8510    -0.8487     0.0022    -0.8519    -0.8497     0.0022   2.773120   2.773673   0.000547    34.1943    34.1992     7.5314    27.4947    27.4986    34.1946    27.4949    1444.66    1444.68    -0.8519  1027.6627    34.3596 0.0000e+00
      31323 309.740360  -62.16699  -58.37555     -0.426    1448.15     33.000     32.682    -0.8503    -0.8471     0.0032    -0.8512    -0.8480     0.0032   2.773194   2.773775   0.000579    34.1950    34.1993     7.5337    27.4952    27.4986    34.1954    27.4955    1444.65    1444.67    -0.8512  1027.6585    34.3604 0.0000e+00
      31391 309.740392  -62.16698  -58.37556     -0.341    1448.15     32.000     31.690    -0.8356    -0.8357    -0.0001    -0.8365    -0.8366    -0.0001   2.774224   2.774632   0.000410    34.1927    34.1984     7.5370    27.4927    27.4974    34.1934    27.4933    1444.70    1444.70    -0.8364  1027.6514    34.3583 0.0000e+00
      31471 309.740431  -62.16698  -58.37556     -0.295    1448.15     31.000     30.701    -0.8240    -0.8196     0.0043    -0.8248    -0.8205     0.0043   2.774986   2.775709   0.000701    34.1904    34.1950     7.5408    27.4904    27.4940    34.1912    27.4910    1444.73    1444.76    -0.8248  1027.6448    34.3567 0.0000e+00
      31569 309.740479  -62.16699  -58.37554     -0.218    1448.15     30.000     29.711    -0.8134    -0.8129     0.0005    -0.8142    -0.8137     0.0005   2.775610   2.776032   0.000429    34.1875    34.1927     7.5445    27.4877    27.4919    34.1883    27.4883    1444.76    1444.77    -0.8142  1027.6370    34.3535 0.0000e+00
      34743 309.742009  -62.16698  -58.37556     -0.256    1448.15     29.000     28.713    -0.7543    -0.7566    -0.0023    -0.7551    -0.7574    -0.0023   2.779300   2.779475   0.000175    34.1708    34.1758     7.5747    27.4717    27.4759    34.1719    27.4726    1445.00    1445.00    -0.7551  1027.6162    34.3367 0.0000e+00
      35618 309.742431  -62.16698  -58.37557     -0.296    1448.15     28.000     27.730    -0.7240    -0.7255    -0.0015    -0.7248    -0.7263    -0.0015   2.780896   2.781223   0.000336    34.1583    34.1646     7.5825    27.4604    27.4655    34.1598    27.4616    1445.11    1445.11    -0.7248  1027.6004    34.3246 0.0000e+00
      35756 309.742498  -62.16697  -58.37558     -0.264    1448.15     27.000     26.738    -0.6955    -0.6943     0.0012    -0.6963    -0.6951     0.0012   2.782278   2.782749   0.000448    34.1455    34.1502     7.5987    27.4488    27.4526    34.1470    27.4500    1445.21    1445.22    -0.6963  1027.5840    34.3116 0.0000e+00
      35827 309.742532  -62.16698  -58.37558     -0.337    1448.15     26.000     25.749    -0.6964    -0.6970    -0.0006    -0.6971    -0.6977    -0.0006   2.782194   2.782567   0.000374    34.1464    34.1522     7.6011    27.4496    27.4543    34.1474    27.4503    1445.19    1445.19    -0.6971  1027.5795    34.3120 0.0000e+00
      35910 309.742572  -62.16698  -58.37558     -0.278    1448.15     25.000     24.759    -0.6860    -0.6878    -0.0018    -0.6867    -0.6885    -0.0018   2.782523   2.782860   0.000340    34.1397    34.1464     7.6078    27.4437    27.4492    34.1407    27.4445    1445.21    1445.21    -0.6867  1027.5689    34.3053 0.0000e+00
      35984 309.742607  -62.16698  -58.37557     -0.341    1448.15     24.000     23.768    -0.6795    -0.6809    -0.0015    -0.6802    -0.6816    -0.0015   2.782731   2.783081   0.000351    34.1360    34.1424     7.6194    27.4405    27.4457    34.1368    27.4411    1445.22    1445.22    -0.6802  1027.5606    34.3014 0.0000e+00
      36054 309.742641  -62.16698  -58.37557     -0.337    1448.15     23.000     22.779    -0.6718    -0.6736    -0.0018    -0.6725    -0.6743    -0.0018   2.783149   2.783434   0.000304    34.1332    34.1394     7.6120    27.4379    27.4429    34.1344    27.4388    1445.24    1445.24    -0.6724  1027.5535    34.2989 0.0000e+00
      36125 309.742676  -62.16698  -58.37557     -0.341    1448.15     22.000     21.787    -0.6570    -0.6568     0.0001    -0.6576    -0.6574     0.0001   2.784067   2.784526   0.000426    34.1297    34.1353     7.6216    27.4344    27.4389    34.1306    27.4351    1445.29    1445.29    -0.6576  1027.5451    34.2952 0.0000e+00
      36185 309.742705  -62.16698  -58.37557     -0.409    1448.15     21.000     20.800    -0.6524    -0.6514     0.0010    -0.6530    -0.6520     0.0010   2.784373   2.784838   0.000466    34.1295    34.1346     7.6276    27.4340    27.4381    34.1303    27.4347    1445.29    1445.30    -0.6530  1027.5398    34.2948 0.0000e+00
      36250 309.742736  -62.16698  -58.37556     -0.360    1448.15     20.000     19.806    -0.6514    -0.6508     0.0006    -0.6520    -0.6514     0.0006   2.784357   2.784801   0.000446    34.1289    34.1342     7.6317    27.4335    27.4378    34.1295    27.4340    1445.28    1445.29    -0.6520  1027.5343    34.2940 0.0000e+00
      36325 309.742772  -62.16698  -58.37556     -0.323    1448.15     19.000     18.816    -0.6489    -0.6506    -0.0017    -0.6494    -0.6512    -0.0017   2.784529   2.784744   0.000210    34.1293    34.1340     7.6326    27.4337    27.4376    34.1297    27.4340    1445.27    1445.27    -0.6494  1027.5296    34.2942 0.0000e+00
      36392 309.742804  -62.16698  -58.37556     -0.352    1448.15     18.000     17.827    -0.6479    -0.6468     0.0011    -0.6484    -0.6473     0.0011   2.784632   2.785140   0.000506    34.1301    34.1356     7.6323    27.4343    27.4388    34.1305    27.4346    1445.26    1445.27    -0.6484  1027.5254    34.2950 0.0000e+00
      36464 309.742839  -62.16698  -58.37556     -0.334    1448.15     17.000     16.835    -0.6457    -0.6459    -0.0002    -0.6462    -0.6464    -0.0002   2.784782   2.785160   0.000380    34.1304    34.1359     7.6308    27.4345    27.4389    34.1307    27.4347    1445.26    1445.26    -0.6462  1027.5207    34.2952 0.0000e+00
      36525 309.742868  -62.16698  -58.37556     -0.401    1448.15     16.000     15.850    -0.6457    -0.6460    -0.0003    -0.6462    -0.6465    -0.0003   2.784721   2.785073   0.000355    34.1303    34.1354     7.6373    27.4344    27.4386    34.1305    27.4345    1445.24    1445.25    -0.6461  1027.5158    34.2950 0.0000e+00
      36602 309.742906  -62.16698  -58.37556     -0.290    1448.15     15.000     14.853    -0.6503    -0.6504    -0.0000    -0.6508    -0.6508    -0.0000   2.784200   2.784577   0.000388    34.1293    34.1346     7.6366    27.4338    27.4380    34.1293    27.4338    1445.20    1445.21    -0.6507  1027.5102    34.2939 0.0000e+00
      36678 309.742942  -62.16698  -58.37555     -0.328    1448.15     14.000     13.868    -0.6501    -0.6506    -0.0005    -0.6505    -0.6510    -0.0005   2.784112   2.784488   0.000368    34.1288    34.1343     7.6334    27.4333    27.4378    34.1285    27.4331    1445.19    1445.19    -0.6505  1027.5048    34.2931 0.0000e+00
      36751 309.742978  -62.16698  -58.37554     -0.334    1448.15     13.000     12.871    -0.6525    -0.6529    -0.0004    -0.6529    -0.6532    -0.0004   2.783820   2.784208   0.000390    34.1279    34.1336     7.6307    27.4327    27.4374    34.1278    27.4327    1445.16    1445.16    -0.6529  1027.4996    34.2924 0.0000e+00
      36813 309.743007  -62.16698  -58.37554     -0.394    1448.15     12.000     11.886    -0.6496    -0.6484     0.0012    -0.6499    -0.6487     0.0012   2.784118   2.784659   0.000537    34.1289    34.1348     7.6303    27.4334    27.4381    34.1292    27.4336    1445.16    1445.17    -0.6499  1027.4958    34.2938 0.0000e+00
      36897 309.743048  -62.16698  -58.37554     -0.256    1448.15     11.000     10.895    -0.6433    -0.6431     0.0002    -0.6436    -0.6434     0.0002   2.784714   2.785141   0.000426    34.1305    34.1360     7.6310    27.4345    27.4389    34.1308    27.4347    1445.17    1445.18    -0.6436  1027.4920    34.2954 0.0000e+00
      36973 309.743084  -62.16698  -58.37554     -0.361    1448.15     10.000      9.903    -0.6405    -0.6413    -0.0008    -0.6408    -0.6416    -0.0008   2.784875   2.785233   0.000362    34.1302    34.1360     7.6363    27.4341    27.4388    34.1305    27.4343    1445.17    1445.17    -0.6408  1027.4869    34.2951 0.0000e+00
      37040 309.743117  -62.16698  -58.37554     -0.343    1448.15      9.000      8.914    -0.6412    -0.6411     0.0001    -0.6414    -0.6413     0.0001   2.784789   2.785189   0.000409    34.1305    34.1359     7.6314    27.4344    27.4387    34.1306    27.4345    1445.15    1445.16    -0.6414  1027.4823    34.2953 0.0000e+00
      37114 309.743153  -62.16698  -58.37554     -0.335    1448.15      8.000      7.923    -0.6397    -0.6413    -0.0017    -0.6399    -0.6415    -0.0017   2.784789   2.785077   0.000278    34.1295    34.1351     7.6306    27.4335    27.4381    34.1295    27.4335    1445.14    1445.14    -0.6399  1027.4765    34.2942 0.0000e+00
