Pos-Processados/process_op38/operantar38_018.ros
* Sea-Bird SBE 9 Data File:
* FileName = D:\OPERANTAR_XXXVIII\DADOS\OP38_018.hdr
* Software Version Seasave V 7.18c
* Temperature SN = 4808
* Conductivity SN = 3380
* Number of Bytes Per Scan = 34
* Number of Voltage Words = 3
* Number of Scans Averaged by the Deck Unit = 1
* NMEA Latitude = 62 10.02 S
* NMEA Longitude = 058 22.53 W
* NMEA UTC (Time) = Nov 05 2019 17:24:22
** H41
** NAVIO POLAR ALMIRANTE MAXIMIANO
** CRUZEIRO:
** OPERANTAR XXXVIII
** ESTAÇÃO: OP38_018
** LAT 62 10,02' S
** LONG 058 22,49' W
** 09P73767-1155_A
** PROFUNDIDADE: 447
** DATA/HORA: 051724Z/NOV/2019
** OPERADOR: SO-HN CHAVES
# nquan = 27
# nvalues = 1954                                  
# units = specified
# name 0 = scan: Scan Count
# name 1 = timeJ: Julian Days
# name 2 = latitude: Latitude [deg]
# name 3 = longitude: Longitude [deg]
# name 4 = dz/dtM: Descent Rate [m/s]
# name 5 = avgsvCM: Average Sound Velocity [Chen-Millero, m/s]
# name 6 = prDM: Pressure, Digiquartz [db]
# name 7 = depSM: Depth [salt water, m]
# name 8 = t090C: Temperature [ITS-90, deg C]
# name 9 = t190C: Temperature, 2 [ITS-90, deg C]
# name 10 = T2-T190C: Temperature Difference, 2 - 1 [ITS-90, deg C]
# name 11 = potemp090C: Potential Temperature [ITS-90, deg C]
# name 12 = potemp190C: Potential Temperature, 2 [ITS-90, deg C]
# name 13 = potemp90Cdiff: Potential Temperature, Diff, 2 - 1 [ITS-90, deg C]
# name 14 = c0S/m: Conductivity [S/m]
# name 15 = c1S/m: Conductivity, 2 [S/m]
# name 16 = C2-C1S/m: Conductivity Difference, 2 - 1 [S/m]
# name 17 = sal00: Salinity, Practical [PSU]
# name 18 = sal11: Salinity, Practical, 2 [PSU]
# name 19 = sbeox0ML/L: Oxygen, SBE 43 [ml/l]
# name 20 = sigma-é00: Density [sigma-theta, kg/m^3]
# name 21 = sigma-é11: Density, 2 [sigma-theta, kg/m^3]
# name 22 = sbox0Mm/Kg: Oxygen, SBE 43 [umol/kg]
# name 23 = oxsolMm/Kg: Oxygen Saturation, Garcia & Gordon [umol/kg]
# name 24 = oxsatMm/Kg: Oxygen Saturation, Weiss [umol/kg]
# name 25 = nbf: Bottles Fired
# name 26 = flag:  0.000e+00
# interval = seconds: 0.0416667
# start_time = Nov 05 2019 17:24:22 [NMEA time, header]
# bad_flag = -9.990e-29
*END*
[from data line 1504]
      34583 309.741932  -62.16698  -58.37554     -0.082    1448.15     30.765     30.468    -0.7838    -0.7794     0.0044    -0.7847    -0.7803     0.0044   2.777503   2.778103   0.000601    34.1799    34.1831     7.5749    27.4803    27.4827    329.247  357.46882  359.10776         10  0.000e+00
      34584 309.741932  -62.16698  -58.37554     -0.084    1448.15     30.731     30.434    -0.7833    -0.7791     0.0042    -0.7842    -0.7800     0.0042   2.777520   2.778155   0.000635    34.1796    34.1835     7.5697    27.4800    27.4830    329.023  357.46479  359.10360         10  0.000e+00
      34585 309.741933  -62.16698  -58.37554     -0.082    1448.15     30.731     30.434    -0.7828    -0.7793     0.0035    -0.7836    -0.7802     0.0035   2.777526   2.778098   0.000571    34.1791    34.1829     7.5690    27.4796    27.4825    328.990  357.46128  359.09995         10  0.000e+00
      34586 309.741933  -62.16698  -58.37554     -0.084    1448.15     30.717     30.420    -0.7820    -0.7796     0.0024    -0.7829    -0.7805     0.0024   2.777526   2.778149   0.000623    34.1782    34.1839     7.5682    27.4789    27.4834    328.955  357.45651  359.09497         10  0.000e+00
      34587 309.741934  -62.16698  -58.37554     -0.082    1448.15     30.731     30.434    -0.7816    -0.7801     0.0015    -0.7824    -0.7809     0.0015   2.777586   2.778161   0.000575    34.1785    34.1846     7.5673    27.4791    27.4839    328.919  357.45133  359.08971         10  0.000e+00
      34588 309.741934  -62.16698  -58.37554     -0.086    1448.15     30.717     30.420    -0.7812    -0.7801     0.0011    -0.7820    -0.7809     0.0011   2.777604   2.778132   0.000528    34.1783    34.1842     7.5665    27.4789    27.4836    328.882  357.44807  359.08634         10  0.000e+00
      34589 309.741935  -62.16698  -58.37554     -0.082    1448.15     30.731     30.434    -0.7808    -0.7799     0.0008    -0.7816    -0.7808     0.0008   2.777604   2.778144   0.000539    34.1778    34.1842     7.5665    27.4785    27.4836    328.881  357.44554  359.08370         10  0.000e+00
      34590 309.741935  -62.16698  -58.37554     -0.079    1448.15     30.765     30.468    -0.7788    -0.7796    -0.0008    -0.7796    -0.7805    -0.0008   2.777670   2.778172   0.000502    34.1765    34.1842     7.5661    27.4773    27.4836    328.868  357.43069  359.06834         10  0.000e+00
      34591 309.741936  -62.16698  -58.37554     -0.079    1448.15     30.731     30.434    -0.7758    -0.7797    -0.0039    -0.7767    -0.7806    -0.0039   2.777682   2.778138   0.000456    34.1733    34.1839     7.5656    27.4746    27.4834    328.846  357.41156  359.04840         10  0.000e+00
      34592 309.741936  -62.16698  -58.37554     -0.077    1448.15     30.731     30.434    -0.7746    -0.7796    -0.0050    -0.7754    -0.7805    -0.0050   2.777802   2.778144   0.000342    34.1735    34.1839     7.5646    27.4748    27.4833    328.799  357.39934  359.03593         10  0.000e+00
      34593 309.741937  -62.16698  -58.37554     -0.079    1448.15     30.669     30.373    -0.7744    -0.7793    -0.0049    -0.7753    -0.7801    -0.0049   2.777915   2.778172   0.000257    34.1749    34.1839     7.5644    27.4759    27.4834    328.791  357.39382  359.03044         10  0.000e+00
      34594 309.741937  -62.16698  -58.37554     -0.077    1448.15     30.731     30.434    -0.7746    -0.7798    -0.0052    -0.7754    -0.7806    -0.0052   2.777927   2.778178   0.000251    34.1752    34.1845     7.5645    27.4761    27.4839    328.795  357.39456  359.03124         10  0.000e+00
      34595 309.741938  -62.16698  -58.37554     -0.075    1448.15     30.717     30.420    -0.7729    -0.7799    -0.0070    -0.7738    -0.7808    -0.0070   2.777939   2.778155   0.000216    34.1735    34.1844     7.5642    27.4747    27.4838    328.782  357.38350  359.01972         10  0.000e+00
      34596 309.741938  -62.16698  -58.37554     -0.072    1448.15     30.731     30.434    -0.7709    -0.7796    -0.0087    -0.7717    -0.7805    -0.0087   2.778041   2.778167   0.000126    34.1726    34.1842     7.5638    27.4738    27.4836    328.765  357.36689  359.00261         10  0.000e+00
      34597 309.741939  -62.16698  -58.37554     -0.072    1448.15     30.731     30.434    -0.7701    -0.7793    -0.0092    -0.7710    -0.7801    -0.0092   2.778035   2.778155   0.000120    34.1716    34.1837     7.5636    27.4730    27.4831    328.760  357.36237  358.99788         10  0.000e+00
      34598 309.741939  -62.16698  -58.37554     -0.070    1448.15     30.717     30.420    -0.7697    -0.7799    -0.0103    -0.7705    -0.7808    -0.0103   2.778071   2.778109   0.000038    34.1716    34.1837     7.5627    27.4730    27.4832    328.719  357.35806  358.99347         10  0.000e+00
      34599 309.741940  -62.16698  -58.37554     -0.072    1448.15     30.676     30.379    -0.7692    -0.7796    -0.0104    -0.7700    -0.7805    -0.0104   2.778077   2.778132   0.000055    34.1712    34.1837     7.5625    27.4726    27.4832    328.712  357.35485  358.99013         10  0.000e+00
      34600 309.741940  -62.16698  -58.37554     -0.068    1448.15     30.717     30.420    -0.7689    -0.7796    -0.0107    -0.7698    -0.7805    -0.0107   2.778077   2.778132   0.000055    34.1708    34.1837     7.5625    27.4723    27.4832    328.711  357.35309  358.98829         10  0.000e+00
      34601 309.741941  -62.16698  -58.37554     -0.067    1448.15     30.731     30.434    -0.7694    -0.7793    -0.0099    -0.7702    -0.7801    -0.0099   2.778077   2.778161   0.000084    34.1713    34.1837     7.5626    27.4728    27.4832    328.713  357.35604  358.99137         10  0.000e+00
      34602 309.741941  -62.16698  -58.37554     -0.066    1448.15     30.717     30.420    -0.7707    -0.7793    -0.0086    -0.7716    -0.7802    -0.0086   2.778023   2.778161   0.000138    34.1721    34.1838     7.5628    27.4735    27.4832    328.722  357.36645  359.00212         10  0.000e+00
      34603 309.741942  -62.16698  -58.37554     -0.064    1448.15     30.676     30.379    -0.7729    -0.7791    -0.0062    -0.7738    -0.7800    -0.0062   2.778041   2.778172   0.000131    34.1749    34.1837     7.5631    27.4758    27.4832    328.734  357.37956  359.01586         10  0.000e+00
      34604 309.741942  -62.16698  -58.37554     -0.062    1448.15     30.731     30.434    -0.7748    -0.7790    -0.0042    -0.7756    -0.7798    -0.0042   2.778071   2.778138   0.000067    34.1774    34.1831     7.5634    27.4779    27.4827    328.747  357.39019  359.02703         10  0.000e+00
      34605 309.741943  -62.16698  -58.37554     -0.059    1448.15     30.669     30.373    -0.7755    -0.7790    -0.0035    -0.7764    -0.7798    -0.0035   2.778035   2.778184   0.000149    34.1778    34.1837     7.5634    27.4782    27.4832    328.750  357.39619  359.03322         10  0.000e+00
      34606 309.741943  -62.16698  -58.37554     -0.060    1448.15     30.731     30.434    -0.7765    -0.7793    -0.0028    -0.7773    -0.7801    -0.0028   2.778041   2.778184   0.000143    34.1789    34.1840     7.5688    27.4792    27.4835    328.983  357.40191  359.03920         10  0.000e+00
      34607 309.741943  -62.16698  -58.37554     -0.054    1448.15     30.717     30.420    -0.7771    -0.7787    -0.0016    -0.7779    -0.7795    -0.0016   2.778095   2.778213   0.000118    34.1804    34.1837     7.5644    27.4804    27.4832    328.791  357.40385  359.04136         10  0.000e+00
      34608 309.741944  -62.16698  -58.37554     -0.054    1448.15     30.731     30.434    -0.7765    -0.7787    -0.0022    -0.7773    -0.7795    -0.0022   2.778083   2.778207   0.000124    34.1795    34.1836     7.5642    27.4796    27.4831    328.784  357.40032  359.03764         10  0.000e+00
      34609 309.741944  -62.16698  -58.37554     -0.053    1448.15     30.676     30.379    -0.7766    -0.7785    -0.0019    -0.7775    -0.7794    -0.0019   2.778095   2.778201   0.000106    34.1798    34.1834     7.5641    27.4800    27.4829    328.780  357.40086  359.03824         10  0.000e+00
      34610 309.741945  -62.16698  -58.37554     -0.053    1448.15     30.717     30.420    -0.7766    -0.7786    -0.0019    -0.7775    -0.7794    -0.0019   2.778107   2.778224   0.000117    34.1800    34.1838     7.5633    27.4801    27.4832    328.743  357.40048  359.03786         10  0.000e+00
      34611 309.741945  -62.16698  -58.37554     -0.045    1448.15     30.731     30.434    -0.7755    -0.7782    -0.0027    -0.7764    -0.7791    -0.0027   2.778149   2.778230   0.000081    34.1793    34.1834     7.5630    27.4795    27.4829    328.730  357.39198  359.02908         10  0.000e+00
      34612 309.741946  -62.16698  -58.37554     -0.044    1448.15     30.717     30.420    -0.7746    -0.7782    -0.0036    -0.7754    -0.7791    -0.0036   2.778137   2.778230   0.000093    34.1781    34.1835     7.5627    27.4784    27.4829    328.719  357.38657  359.02341         10  0.000e+00
      34613 309.741946  -62.16698  -58.37554     -0.043    1448.15     30.676     30.379    -0.7737    -0.7776    -0.0039    -0.7745    -0.7784    -0.0039   2.778113   2.778270   0.000157    34.1767    34.1833     7.5625    27.4773    27.4828    328.707  357.38157  359.01813         10  0.000e+00
      34614 309.741947  -62.16698  -58.37554     -0.047    1448.15     30.614     30.318    -0.7732    -0.7776    -0.0044    -0.7741    -0.7784    -0.0044   2.778107   2.778282   0.000175    34.1762    34.1835     7.5622    27.4768    27.4830    328.697  357.37877  359.01520         10  0.000e+00
      34615 309.741947  -62.16698  -58.37554     -0.040    1448.15     30.827     30.529    -0.7730    -0.7776    -0.0046    -0.7739    -0.7784    -0.0046   2.778071   2.778264   0.000194    34.1753    34.1831     7.5623    27.4762    27.4827    328.703  357.37941  359.01576         10  0.000e+00
      34616 309.741948  -62.16698  -58.37554     -0.034    1448.15     30.731     30.434    -0.7730    -0.7782    -0.0052    -0.7739    -0.7791    -0.0052   2.778053   2.778253   0.000200    34.1752    34.1838     7.5622    27.4760    27.4832    328.695  357.37993  359.01627         10  0.000e+00
      34617 309.741948  -62.16698  -58.37554     -0.035    1448.15     30.669     30.373    -0.7743    -0.7778    -0.0035    -0.7752    -0.7786    -0.0035   2.778029   2.778218   0.000189    34.1763    34.1828     7.5622    27.4770    27.4824    328.697  357.38876  359.02544         10  0.000e+00
      34618 309.741949  -62.16698  -58.37554     -0.033    1448.15     30.731     30.434    -0.7732    -0.7780    -0.0048    -0.7741    -0.7789    -0.0048   2.777987   2.778224   0.000237    34.1745    34.1832     7.5620    27.4755    27.4827    328.690  357.38353  359.01986         10  0.000e+00
      34619 309.741949  -62.16698  -58.37554     -0.030    1448.15     30.717     30.420    -0.7718    -0.7784    -0.0065    -0.7727    -0.7792    -0.0065   2.777975   2.778207   0.000232    34.1727    34.1833     7.5617    27.4740    27.4828    328.675  357.37520  359.01114         10  0.000e+00
      34620 309.741950  -62.16698  -58.37554     -0.028    1448.15     30.731     30.434    -0.7704    -0.7785    -0.0081    -0.7713    -0.7794    -0.0081   2.777975   2.778167   0.000192    34.1711    34.1829     7.5614    27.4727    27.4825    328.662  357.36647  359.00202         10  0.000e+00
      34621 309.741950  -62.16698  -58.37554     -0.027    1448.15     30.676     30.379    -0.7708    -0.7788    -0.0081    -0.7716    -0.7797    -0.0081   2.777933   2.778149   0.000216    34.1710    34.1831     7.5613    27.4726    27.4827    328.659  357.37016  359.00577         10  0.000e+00
      34622 309.741951  -62.16698  -58.37554     -0.024    1448.15     30.717     30.420    -0.7726    -0.7797    -0.0071    -0.7735    -0.7806    -0.0071   2.777939   2.778149   0.000210    34.1732    34.1841     7.5616    27.4744    27.4835    328.670  357.38168  359.01781         10  0.000e+00
      34623 309.741951  -62.16698  -58.37554     -0.021    1448.15     30.731     30.434    -0.7748    -0.7802    -0.0055    -0.7756    -0.7811    -0.0055   2.777927   2.778109   0.000182    34.1754    34.1841     7.5627    27.4763    27.4835    328.717  357.39566  359.03239         10  0.000e+00
      34624 309.741952  -62.16698  -58.37554     -0.018    1448.15     30.717     30.420    -0.7765    -0.7807    -0.0042    -0.7773    -0.7815    -0.0042   2.777903   2.778115   0.000212    34.1770    34.1847     7.5629    27.4777    27.4840    328.726  357.40713  359.04431         10  0.000e+00
      34625 309.741952  -62.16698  -58.37554     -0.018    1448.15     30.731     30.434    -0.7776    -0.7799    -0.0024    -0.7784    -0.7808    -0.0024   2.777915   2.778126   0.000211    34.1784    34.1840     7.5630    27.4789    27.4834    328.732  357.41363  359.05113         10  0.000e+00
      34626 309.741953  -62.16698  -58.37554     -0.014    1448.15     30.731     30.434    -0.7776    -0.7804    -0.0028    -0.7784    -0.7812    -0.0028   2.777921   2.778126   0.000205    34.1785    34.1845     7.5630    27.4789    27.4839    328.728  357.41340  359.05090         10  0.000e+00
      34627 309.741953  -62.16698  -58.37554     -0.012    1448.15     30.765     30.468    -0.7786    -0.7801    -0.0015    -0.7795    -0.7809    -0.0015   2.777885   2.778103   0.000218    34.1792    34.1838     7.5631    27.4795    27.4833    328.736  357.42139  359.05916         10  0.000e+00
      34628 309.741954  -62.16698  -58.37554     -0.011    1448.15     30.676     30.379    -0.7797    -0.7807    -0.0010    -0.7806    -0.7815    -0.0010   2.777850   2.778080   0.000231    34.1800    34.1843     7.5684    27.4802    27.4837    328.964  357.42954  359.06759         10  0.000e+00
      34629 309.741954  -62.16698  -58.37554     -0.007    1448.15     30.765     30.468    -0.7798    -0.7804    -0.0006    -0.7806    -0.7812    -0.0006   2.777844   2.778092   0.000248    34.1799    34.1840     7.5692    27.4802    27.4835    328.998  357.43029  359.06835         10  0.000e+00
      34630 309.741955  -62.16698  -58.37554     -0.004    1448.15     30.731     30.434    -0.7802    -0.7808    -0.0006    -0.7810    -0.7817    -0.0006   2.777844   2.778098   0.000254    34.1804    34.1846     7.5699    27.4806    27.4840    329.028  357.43278  359.07096         10  0.000e+00
      34631 309.741955  -62.16698  -58.37554     -0.003    1448.15     30.717     30.420    -0.7803    -0.7807    -0.0004    -0.7811    -0.7815    -0.0004   2.777820   2.778115   0.000295    34.1802    34.1847     7.5705    27.4804    27.4840    329.056  357.43440  359.07259         10  0.000e+00
      34632 309.741956  -62.16698  -58.37554      0.003    1448.15     30.779     30.481    -0.7805    -0.7805    -0.0000    -0.7813    -0.7814    -0.0000   2.777778   2.778144   0.000366    34.1798    34.1849     7.5668    27.4801    27.4842    328.896  357.43719  359.07540         10  0.000e+00
      34633 309.741956  -62.16698  -58.37554      0.001    1448.15     30.676     30.379    -0.7802    -0.7805    -0.0003    -0.7811    -0.7814    -0.0003   2.777766   2.778190   0.000424    34.1795    34.1855     7.5665    27.4798    27.4847    328.883  357.43601  359.07415         10  0.000e+00
      34634 309.741957  -62.16698  -58.37554      0.005    1448.15     30.765     30.468    -0.7798    -0.7799    -0.0001    -0.7807    -0.7808    -0.0001   2.777766   2.778224   0.000458    34.1790    34.1853     7.5664    27.4794    27.4845    328.877  357.43361  359.07163         10  0.000e+00
      34635 309.741957  -62.16698  -58.37554      0.005    1448.15     30.731     30.434    -0.7797    -0.7788     0.0009    -0.7806    -0.7797     0.0009   2.777784   2.778247   0.000463    34.1791    34.1844     7.5662    27.4795    27.4837    328.867  357.43214  359.07014         10  0.000e+00
