Pos-Processados/process_op38/operantar38_016b.ros
* Sea-Bird SBE 9 Data File:
* FileName = D:\OPERANTAR_XXXVIII\DADOS\OP38_016b.hdr
* Software Version Seasave V 7.18c
* Temperature SN = 4808
* Conductivity SN = 3380
* Number of Bytes Per Scan = 34
* Number of Voltage Words = 3
* Number of Scans Averaged by the Deck Unit = 1
* NMEA Latitude = 62 13.34 S
* NMEA Longitude = 058 12.67 W
* NMEA UTC (Time) = Nov 05 2019 12:41:07
** H41
** NAVIO POLAR ALMIRANTE MAXIMIANO
** CRUZEIRO:
** OPERANTAR XXXVIII
** ESTAÇÃO: OP38_016b
** LAT 62 13,33' S
** LONG 058 12,64' W
** 09P73767-1155_A
** PROFUNDIDADE: 310
** DATA/HORA: 051240Z/NOV/2019
** OPERADOR: SO-HN CHAVES
# nquan = 27
# nvalues = 2085                                  
# units = specified
# name 0 = scan: Scan Count
# name 1 = timeJ: Julian Days
# name 2 = latitude: Latitude [deg]
# name 3 = longitude: Longitude [deg]
# name 4 = dz/dtM: Descent Rate [m/s]
# name 5 = avgsvCM: Average Sound Velocity [Chen-Millero, m/s]
# name 6 = prDM: Pressure, Digiquartz [db]
# name 7 = depSM: Depth [salt water, m]
# name 8 = t090C: Temperature [ITS-90, deg C]
# name 9 = t190C: Temperature, 2 [ITS-90, deg C]
# name 10 = T2-T190C: Temperature Difference, 2 - 1 [ITS-90, deg C]
# name 11 = potemp090C: Potential Temperature [ITS-90, deg C]
# name 12 = potemp190C: Potential Temperature, 2 [ITS-90, deg C]
# name 13 = potemp90Cdiff: Potential Temperature, Diff, 2 - 1 [ITS-90, deg C]
# name 14 = c0S/m: Conductivity [S/m]
# name 15 = c1S/m: Conductivity, 2 [S/m]
# name 16 = C2-C1S/m: Conductivity Difference, 2 - 1 [S/m]
# name 17 = sal00: Salinity, Practical [PSU]
# name 18 = sal11: Salinity, Practical, 2 [PSU]
# name 19 = sbeox0ML/L: Oxygen, SBE 43 [ml/l]
# name 20 = sigma-é00: Density [sigma-theta, kg/m^3]
# name 21 = sigma-é11: Density, 2 [sigma-theta, kg/m^3]
# name 22 = sbox0Mm/Kg: Oxygen, SBE 43 [umol/kg]
# name 23 = oxsolMm/Kg: Oxygen Saturation, Garcia & Gordon [umol/kg]
# name 24 = oxsatMm/Kg: Oxygen Saturation, Weiss [umol/kg]
# name 25 = nbf: Bottles Fired
# name 26 = flag:  0.000e+00
# interval = seconds: 0.0416667
# start_time = Nov 05 2019 12:41:07 [NMEA time, header]
# bad_flag = -9.990e-29
*END*
[from data line 215]
        562 309.528824  -62.22236  -58.21132     -0.050       0.00      2.103      2.083    -0.7640    -0.7621     0.0018    -0.7640    -0.7622     0.0018   2.776442   2.777004   0.000562    34.1609    34.1664     7.5751    27.4641    27.4685    329.260  357.33423  358.96782          2  0.000e+00
        563 309.528824  -62.22236  -58.21132     -0.055       0.00      2.103      2.083    -0.7636    -0.7620     0.0016    -0.7637    -0.7620     0.0016   2.776460   2.776992   0.000532    34.1607    34.1661     7.5753    27.4639    27.4682    329.268  357.33136  358.96486          2  0.000e+00
        564 309.528825  -62.22236  -58.21132     -0.057       0.00      2.055      2.035    -0.7636    -0.7624     0.0012    -0.7637    -0.7624     0.0012   2.776508   2.776986   0.000479    34.1614    34.1665     7.5762    27.4645    27.4685    329.310  357.32946  358.96299          2  0.000e+00
        565 309.528825  -62.22236  -58.21132     -0.060       0.00      2.069      2.049    -0.7629    -0.7621     0.0008    -0.7630    -0.7622     0.0008   2.776484   2.776986   0.000503    34.1603    34.1662     7.5764    27.4635    27.4683    329.319  357.32602  358.95934          2  0.000e+00
        566 309.528826  -62.22236  -58.21132     -0.068       0.00      2.055      2.035    -0.7629    -0.7621     0.0007    -0.7629    -0.7622     0.0007   2.776508   2.776963   0.000456    34.1606    34.1659     7.5715    27.4637    27.4680    329.105  357.32472  358.95804          2  0.000e+00
        567 309.528826  -62.22236  -58.21132     -0.069       0.00      2.103      2.083    -0.7621    -0.7626    -0.0005    -0.7622    -0.7627    -0.0005   2.776543   2.776940   0.000397    34.1602    34.1661     7.5761    27.4634    27.4682    329.306  357.31870  358.95183          2  0.000e+00
        568 309.528827  -62.22236  -58.21132     -0.072       0.00      2.055      2.035    -0.7610    -0.7634    -0.0025    -0.7610    -0.7635    -0.0025   2.776627   2.776935   0.000308    34.1601    34.1670     7.5710    27.4633    27.4690    329.083  357.30850  358.94139          2  0.000e+00
        569 309.528827  -62.22236  -58.21132     -0.075       0.00      2.055      2.035    -0.7602    -0.7627    -0.0025    -0.7603    -0.7628    -0.0025   2.776675   2.776952   0.000277    34.1599    34.1665     7.5704    27.4631    27.4685    329.057  357.30194  358.93466          2  0.000e+00
        570 309.528828  -62.22236  -58.21132     -0.078       0.00      2.055      2.035    -0.7603    -0.7623    -0.0020    -0.7604    -0.7623    -0.0020   2.776699   2.776981   0.000282    34.1603    34.1663     7.5700    27.4634    27.4684    329.040  357.30139  358.93415          2  0.000e+00
        571 309.528828  -62.22236  -58.21132     -0.084       0.00      2.055      2.035    -0.7596    -0.7613    -0.0017    -0.7597    -0.7614    -0.0017   2.776723   2.776963   0.000241    34.1598    34.1650     7.5695    27.4630    27.4673    329.019  357.29611  358.92869          2  0.000e+00
        572 309.528829  -62.22236  -58.21132     -0.089       0.00      2.000      1.981    -0.7587    -0.7615    -0.0028    -0.7587    -0.7615    -0.0028   2.776735   2.776958   0.000223    34.1589    34.1652     7.5690    27.4623    27.4674    328.995  357.28972  358.92205          2  0.000e+00
        573 309.528829  -62.22236  -58.21132     -0.091       0.00      2.055      2.035    -0.7584    -0.7611    -0.0027    -0.7584    -0.7612    -0.0027   2.776807   2.776958   0.000151    34.1595    34.1647     7.5686    27.4627    27.4670    328.981  357.28526  358.91757          2  0.000e+00
        574 309.528830  -62.22236  -58.21132     -0.098       0.00      2.000      1.981    -0.7579    -0.7613    -0.0034    -0.7580    -0.7614    -0.0034   2.776854   2.776940   0.000086    34.1597    34.1648     7.5682    27.4628    27.4671    328.962  357.28043  358.91264          2  0.000e+00
        575 309.528830  -62.22236  -58.21132     -0.098       0.00      2.021      2.001    -0.7579    -0.7618    -0.0039    -0.7580    -0.7619    -0.0039   2.776842   2.776935   0.000092    34.1595    34.1652     7.5740    27.4627    27.4674    329.213  357.28092  358.91312          2  0.000e+00
        576 309.528831  -62.22236  -58.21132     -0.098       0.00      2.055      2.035    -0.7576    -0.7621    -0.0045    -0.7577    -0.7622    -0.0045   2.776872   2.776917   0.000045    34.1596    34.1653     7.5694    27.4627    27.4675    329.012  357.27802  358.91016          2  0.000e+00
        577 309.528831  -62.22236  -58.21132     -0.101       0.00      2.000      1.981    -0.7576    -0.7627    -0.0051    -0.7577    -0.7627    -0.0051   2.776890   2.776929   0.000039    34.1599    34.1661     7.5691    27.4630    27.4682    329.002  357.27725  358.90940          2  0.000e+00
        578 309.528832  -62.22236  -58.21132     -0.107       0.00      2.000      1.981    -0.7574    -0.7634    -0.0059    -0.7575    -0.7634    -0.0059   2.776908   2.776871  -0.000037    34.1599    34.1661     7.5690    27.4630    27.4683    328.995  357.27547  358.90759          2  0.000e+00
        579 309.528832  -62.22236  -58.21132     -0.103       0.00      2.055      2.035    -0.7576    -0.7632    -0.0056    -0.7577    -0.7632    -0.0056   2.776896   2.776894  -0.000002    34.1599    34.1662     7.5690    27.4630    27.4683    328.995  357.27711  358.90927          2  0.000e+00
        580 309.528832  -62.22236  -58.21132     -0.109       0.00      2.000      1.981    -0.7573    -0.7637    -0.0064    -0.7573    -0.7637    -0.0064   2.776872   2.776906   0.000034    34.1592    34.1669     7.5688    27.4624    27.4689    328.988  357.27574  358.90778          2  0.000e+00
        581 309.528833  -62.22236  -58.21132     -0.113       0.00      1.952      1.934    -0.7573    -0.7637    -0.0064    -0.7573    -0.7637    -0.0064   2.776884   2.776871  -0.000013    34.1594    34.1665     7.5635    27.4626    27.4686    328.759  357.27520  358.90726          2  0.000e+00
        582 309.528833  -62.22236  -58.21132     -0.111       0.00      2.055      2.035    -0.7572    -0.7633    -0.0061    -0.7572    -0.7633    -0.0061   2.776908   2.776854  -0.000054    34.1595    34.1657     7.5680    27.4627    27.4680    328.955  357.27374  358.90578          2  0.000e+00
        583 309.528834  -62.22236  -58.21132     -0.108       0.00      2.000      1.981    -0.7574    -0.7634    -0.0059    -0.7575    -0.7634    -0.0059   2.776896   2.776854  -0.000042    34.1597    34.1659     7.5673    27.4629    27.4681    328.922  357.27592  358.90803          2  0.000e+00
        584 309.528834  -62.22236  -58.21132     -0.109       0.00      2.021      2.001    -0.7577    -0.7634    -0.0056    -0.7578    -0.7634    -0.0056   2.776890   2.776831  -0.000059    34.1600    34.1655     7.5726    27.4631    27.4678    329.153  357.27801  358.91020          2  0.000e+00
        585 309.528835  -62.22236  -58.21132     -0.111       0.00      1.952      1.934    -0.7577    -0.7629    -0.0052    -0.7578    -0.7630    -0.0052   2.776908   2.776785  -0.000123    34.1603    34.1645     7.5734    27.4633    27.4669    329.185  357.27721  358.90941          2  0.000e+00
        586 309.528835  -62.22236  -58.21132     -0.110       0.00      2.000      1.981    -0.7576    -0.7631    -0.0054    -0.7577    -0.7631    -0.0054   2.776914   2.776791  -0.000123    34.1602    34.1647     7.5742    27.4632    27.4671    329.223  357.27634  358.90851          2  0.000e+00
        587 309.528836  -62.22236  -58.21132     -0.109       0.00      2.055      2.035    -0.7573    -0.7634    -0.0061    -0.7574    -0.7635    -0.0061   2.776914   2.776802  -0.000112    34.1598    34.1652     7.5699    27.4629    27.4676    329.035  357.27461  358.90670          2  0.000e+00
        588 309.528836  -62.22236  -58.21132     -0.110       0.00      1.952      1.934    -0.7573    -0.7635    -0.0062    -0.7573    -0.7636    -0.0062   2.776938   2.776820  -0.000118    34.1601    34.1656     7.5699    27.4632    27.4679    329.034  357.27315  358.90525          2  0.000e+00
        589 309.528837  -62.22236  -58.21132     -0.107       0.00      2.000      1.981    -0.7572    -0.7638    -0.0067    -0.7572    -0.7639    -0.0067   2.776944   2.776825  -0.000119    34.1601    34.1660     7.5692    27.4631    27.4682    329.005  357.27228  358.90435          2  0.000e+00
        590 309.528837  -62.22236  -58.21132     -0.107       0.00      2.000      1.981    -0.7572    -0.7632    -0.0060    -0.7572    -0.7632    -0.0060   2.776962   2.776889  -0.000073    34.1603    34.1661     7.5693    27.4633    27.4683    329.010  357.27160  358.90368          2  0.000e+00
        591 309.528838  -62.22236  -58.21132     -0.104       0.00      2.000      1.981    -0.7572    -0.7627    -0.0055    -0.7572    -0.7627    -0.0055   2.776908   2.776889  -0.000020    34.1596    34.1656     7.5687    27.4627    27.4678    328.984  357.27365  358.90568          2  0.000e+00
        592 309.528838  -62.22236  -58.21132     -0.104       0.00      2.000      1.981    -0.7570    -0.7632    -0.0062    -0.7570    -0.7632    -0.0062   2.776926   2.776883  -0.000043    34.1596    34.1661     7.5688    27.4627    27.4682    328.989  357.27187  358.90387          2  0.000e+00
        593 309.528839  -62.22236  -58.21132     -0.099       0.00      2.000      1.981    -0.7575    -0.7643    -0.0068    -0.7576    -0.7644    -0.0068   2.776902   2.776779  -0.000123    34.1599    34.1659     7.5683    27.4630    27.4681    328.967  357.27606  358.90819          2  0.000e+00
        594 309.528839  -62.22236  -58.21132     -0.096       0.00      2.021      2.001    -0.7581    -0.7652    -0.0071    -0.7581    -0.7653    -0.0071   2.776872   2.776728  -0.000145    34.1601    34.1662     7.5687    27.4632    27.4684    328.982  357.28088  358.91315          2  0.000e+00
        595 309.528840  -62.22236  -58.21132     -0.090       0.00      2.000      1.981    -0.7584    -0.7657    -0.0073    -0.7584    -0.7657    -0.0073   2.776783   2.776647  -0.000135    34.1593    34.1657     7.5690    27.4625    27.4680    328.996  357.28608  358.91836          2  0.000e+00
        596 309.528840  -62.22236  -58.21132     -0.088       0.00      2.000      1.981    -0.7591    -0.7668    -0.0077    -0.7592    -0.7669    -0.0077   2.776717   2.776596  -0.000121    34.1592    34.1663     7.5694    27.4625    27.4685    329.015  357.29332  358.92577          2  0.000e+00
        597 309.528841  -62.22236  -58.21132     -0.086       0.00      2.000      1.981    -0.7604    -0.7668    -0.0064    -0.7605    -0.7668    -0.0064   2.776627   2.776630   0.000003    34.1594    34.1667     7.5700    27.4627    27.4689    329.040  357.30476  358.93749          2  0.000e+00
        598 309.528841  -62.22236  -58.21132     -0.079       0.00      2.000      1.981    -0.7612    -0.7668    -0.0056    -0.7612    -0.7668    -0.0056   2.776561   2.776601   0.000040    34.1594    34.1663     7.5705    27.4627    27.4686    329.061  357.31200  358.94490          2  0.000e+00
        599 309.528842  -62.22236  -58.21132     -0.073       0.00      2.055      2.035    -0.7617    -0.7669    -0.0052    -0.7617    -0.7670    -0.0052   2.776549   2.776624   0.000075    34.1598    34.1667     7.5710    27.4631    27.4689    329.083  357.31583  358.94886          2  0.000e+00
        600 309.528842  -62.22236  -58.21132     -0.075       0.00      1.952      1.934    -0.7624    -0.7652    -0.0028    -0.7624    -0.7653    -0.0028   2.776490   2.776705   0.000215    34.1599    34.1660     7.5706    27.4632    27.4682    329.067  357.32231  358.95549          2  0.000e+00
        601 309.528843  -62.22236  -58.21132     -0.067       0.00      2.055      2.035    -0.7629    -0.7648    -0.0020    -0.7629    -0.7649    -0.0020   2.776472   2.776762   0.000291    34.1601    34.1663     7.5704    27.4634    27.4684    329.058  357.32608  358.95938          2  0.000e+00
        602 309.528843  -62.22236  -58.21132     -0.063       0.00      2.000      1.981    -0.7633    -0.7649    -0.0016    -0.7634    -0.7650    -0.0016   2.776430   2.776757   0.000327    34.1601    34.1663     7.5701    27.4634    27.4685    329.042  357.33050  358.96390          2  0.000e+00
        603 309.528844  -62.22236  -58.21132     -0.061       0.00      2.000      1.981    -0.7633    -0.7652    -0.0019    -0.7634    -0.7653    -0.0019   2.776436   2.776728   0.000292    34.1601    34.1663     7.5645    27.4634    27.4685    328.799  357.33027  358.96367          2  0.000e+00
        604 309.528844  -62.22236  -58.21132     -0.054       0.00      2.021      2.001    -0.7628    -0.7646    -0.0018    -0.7629    -0.7646    -0.0018   2.776460   2.776682   0.000222    34.1599    34.1649     7.5692    27.4632    27.4673    329.004  357.32611  358.95939          2  0.000e+00
        605 309.528845  -62.22236  -58.21132     -0.048       0.00      2.055      2.035    -0.7621    -0.7649    -0.0028    -0.7622    -0.7650    -0.0028   2.776508   2.776653   0.000146    34.1597    34.1648     7.5695    27.4630    27.4673    329.019  357.31998  358.95309          2  0.000e+00
        606 309.528845  -62.22236  -58.21132     -0.042       0.00      2.055      2.035    -0.7619    -0.7657    -0.0038    -0.7620    -0.7658    -0.0038   2.776543   2.776601   0.000058    34.1600    34.1651     7.5699    27.4632    27.4676    329.037  357.31752  358.95061          2  0.000e+00
        607 309.528845  -62.22236  -58.21132     -0.040       0.00      2.000      1.981    -0.7613    -0.7671    -0.0058    -0.7613    -0.7671    -0.0058   2.776567   2.776555  -0.000012    34.1596    34.1660     7.5703    27.4629    27.4684    329.052  357.31250  358.94544          2  0.000e+00
        608 309.528846  -62.22236  -58.21132     -0.034       0.00      2.055      2.035    -0.7608    -0.7675    -0.0067    -0.7609    -0.7676    -0.0067   2.776591   2.776538  -0.000053    34.1594    34.1663     7.5708    27.4627    27.4686    329.074  357.30877  358.94159          2  0.000e+00
        609 309.528846  -62.22236  -58.21132     -0.028       0.00      2.055      2.035    -0.7609    -0.7677    -0.0068    -0.7609    -0.7677    -0.0068   2.776621   2.776521  -0.000100    34.1599    34.1662     7.5706    27.4631    27.4685    329.064  357.30800  358.94086          2  0.000e+00
        610 309.528847  -62.22236  -58.21132     -0.021       0.00      2.055      2.035    -0.7605    -0.7683    -0.0078    -0.7606    -0.7684    -0.0078   2.776627   2.776492  -0.000135    34.1595    34.1665     7.5703    27.4628    27.4688    329.051  357.30558  358.93835          2  0.000e+00
        611 309.528847  -62.22236  -58.21132     -0.012       0.00      2.103      2.083    -0.7608    -0.7679    -0.0071    -0.7609    -0.7680    -0.0071   2.776627   2.776486  -0.000141    34.1598    34.1660     7.5709    27.4631    27.4683    329.081  357.30749  358.94033          2  0.000e+00
        612 309.528848  -62.22236  -58.21132     -0.009       0.00      2.000      1.981    -0.7610    -0.7682    -0.0072    -0.7610    -0.7682    -0.0072   2.776591   2.776504  -0.000088    34.1596    34.1666     7.5715    27.4629    27.4688    329.105  357.30977  358.94264          2  0.000e+00
        613 309.528848  -62.22236  -58.21132     -0.002       0.00      2.103      2.083    -0.7610    -0.7675    -0.0065    -0.7611    -0.7676    -0.0065   2.776573   2.776532  -0.000041    34.1593    34.1662     7.5723    27.4627    27.4685    329.138  357.31063  358.94348          2  0.000e+00
        614 309.528849  -62.22236  -58.21132      0.003       0.00      2.069      2.049    -0.7615    -0.7678    -0.0064    -0.7615    -0.7679    -0.0064   2.776555   2.776521  -0.000034    34.1596    34.1664     7.5730    27.4629    27.4687    329.170  357.31417  358.94714          2  0.000e+00
