Pos-Processados/process_op38/operantar38_024.ros
* Sea-Bird SBE 9 Data File:
* FileName = D:\OPERANTAR_XXXVIII\DADOS\OP38_024.hdr
* Software Version Seasave V 7.18c
* Temperature SN = 4808
* Conductivity SN = 3380
* Number of Bytes Per Scan = 34
* Number of Voltage Words = 3
* Number of Scans Averaged by the Deck Unit = 1
* NMEA Latitude = 62 13.17 S
* NMEA Longitude = 058 22.76 W
* NMEA UTC (Time) = Nov 22 2019 19:55:17
** H41
** NAVIO POLAR ALMIRANTE MAXIMIANO
** CRUZEIRO:
** OPERANTAR XXXVIII
** ESTAÇÃO: OP38_024
** LAT 62 13,16'S
** LONG 058 22,74'W
** 09P73767-1155_A
** PROFUNDIDADE: 292
** DATA/HORA: 221955Z/NOV/2019
** OPERADOR: SO-HN CHAVES
# nquan = 27
# nvalues = 1425                                  
# units = specified
# name 0 = scan: Scan Count
# name 1 = timeJ: Julian Days
# name 2 = latitude: Latitude [deg]
# name 3 = longitude: Longitude [deg]
# name 4 = dz/dtM: Descent Rate [m/s]
# name 5 = avgsvCM: Average Sound Velocity [Chen-Millero, m/s]
# name 6 = prDM: Pressure, Digiquartz [db]
# name 7 = depSM: Depth [salt water, m]
# name 8 = t090C: Temperature [ITS-90, deg C]
# name 9 = t190C: Temperature, 2 [ITS-90, deg C]
# name 10 = T2-T190C: Temperature Difference, 2 - 1 [ITS-90, deg C]
# name 11 = potemp090C: Potential Temperature [ITS-90, deg C]
# name 12 = potemp190C: Potential Temperature, 2 [ITS-90, deg C]
# name 13 = potemp90Cdiff: Potential Temperature, Diff, 2 - 1 [ITS-90, deg C]
# name 14 = c0S/m: Conductivity [S/m]
# name 15 = c1S/m: Conductivity, 2 [S/m]
# name 16 = C2-C1S/m: Conductivity Difference, 2 - 1 [S/m]
# name 17 = sal00: Salinity, Practical [PSU]
# name 18 = sal11: Salinity, Practical, 2 [PSU]
# name 19 = sbeox0ML/L: Oxygen, SBE 43 [ml/l]
# name 20 = sigma-é00: Density [sigma-theta, kg/m^3]
# name 21 = sigma-é11: Density, 2 [sigma-theta, kg/m^3]
# name 22 = sbox0Mm/Kg: Oxygen, SBE 43 [umol/kg]
# name 23 = oxsolMm/Kg: Oxygen Saturation, Garcia & Gordon [umol/kg]
# name 24 = oxsatMm/Kg: Oxygen Saturation, Weiss [umol/kg]
# name 25 = nbf: Bottles Fired
# name 26 = flag:  0.000e+00
# interval = seconds: 0.0416667
# start_time = Nov 22 2019 19:55:17 [NMEA time, header]
# bad_flag = -9.990e-29
*END*
[from data line 537]
      18840 326.839143  -62.21964  -58.37922      0.021    1448.21      3.112      3.082    -0.2539    -0.2582    -0.0043    -0.2540    -0.2583    -0.0043   2.819786   2.819747  -0.000039    34.1683    34.1726     7.6707    27.4474    27.4511    333.422  352.54753  354.07378          4  0.000e+00
      18841 326.839144  -62.21964  -58.37922      0.013    1448.21      3.112      3.082    -0.2533    -0.2592    -0.0059    -0.2534    -0.2593    -0.0059   2.819822   2.819712  -0.000110    34.1680    34.1731     7.6705    27.4471    27.4516    333.412  352.54195  354.06805          4  0.000e+00
      18842 326.839144  -62.21964  -58.37922      0.008    1448.21      3.166      3.136    -0.2527    -0.2589    -0.0062    -0.2528    -0.2590    -0.0062   2.819816   2.819712  -0.000104    34.1672    34.1728     7.6703    27.4465    27.4513    333.407  352.53873  354.06466          4  0.000e+00
      18843 326.839144  -62.21964  -58.37922      0.003    1448.21      3.112      3.082    -0.2527    -0.2593    -0.0067    -0.2528    -0.2594    -0.0067   2.819810   2.819649  -0.000161    34.1671    34.1725     7.6702    27.4464    27.4511    333.400  352.53886  354.06479          4  0.000e+00
      18844 326.839145  -62.21964  -58.37922     -0.006    1448.21      3.112      3.082    -0.2527    -0.2592    -0.0065    -0.2528    -0.2593    -0.0065   2.819864   2.819625  -0.000238    34.1679    34.1720     7.6701    27.4470    27.4506    333.394  352.53686  354.06283          4  0.000e+00
      18845 326.839145  -62.21964  -58.37922     -0.014    1448.21      3.112      3.082    -0.2522    -0.2592    -0.0070    -0.2523    -0.2593    -0.0070   2.819852   2.819695  -0.000157    34.1671    34.1729     7.6699    27.4464    27.4514    333.387  352.53412  354.05995          4  0.000e+00
      18846 326.839146  -62.21964  -58.37922     -0.019    1448.21      3.112      3.082    -0.2509    -0.2593    -0.0084    -0.2510    -0.2594    -0.0084   2.819936   2.819608  -0.000328    34.1669    34.1719     7.6695    27.4461    27.4506    333.372  352.52359  354.04915          4  0.000e+00
      18847 326.839146  -62.21964  -58.37922     -0.028    1448.21      3.112      3.082    -0.2488    -0.2590    -0.0102    -0.2489    -0.2591    -0.0102   2.820087   2.819649  -0.000438    34.1665    34.1721     7.6791    27.4457    27.4508    333.788  352.50496  354.03006          4  0.000e+00
      18848 326.839147  -62.21964  -58.37922     -0.036    1448.21      3.064      3.034    -0.2471    -0.2595    -0.0124    -0.2472    -0.2596    -0.0124   2.820207   2.819660  -0.000547    34.1662    34.1728     7.6800    27.4454    27.4513    333.827  352.48984  354.01457          4  0.000e+00
      18849 326.839147  -62.21964  -58.37922     -0.042    1448.21      3.084      3.055    -0.2457    -0.2601    -0.0144    -0.2458    -0.2602    -0.0144   2.820291   2.819573  -0.000718    34.1658    34.1723     7.6709    27.4450    27.4510    333.430  352.47828  354.00270          4  0.000e+00
      18850 326.839148  -62.21964  -58.37922     -0.049    1448.21      3.064      3.034    -0.2451    -0.2596    -0.0146    -0.2452    -0.2597    -0.0146   2.820333   2.819631  -0.000702    34.1656    34.1726     7.6705    27.4448    27.4512    333.414  352.47280  353.99709          4  0.000e+00
      18851 326.839148  -62.21964  -58.37922     -0.056    1448.21      3.064      3.034    -0.2444    -0.2604    -0.0160    -0.2445    -0.2605    -0.0160   2.820339   2.819573  -0.000766    34.1650    34.1727     7.6702    27.4443    27.4513    333.399  352.46869  353.99281          4  0.000e+00
      18852 326.839149  -62.21964  -58.37922     -0.063    1448.21      3.064      3.034    -0.2440    -0.2607    -0.0167    -0.2441    -0.2608    -0.0167   2.820357   2.819527  -0.000830    34.1648    34.1724     7.6699    27.4441    27.4511    333.386  352.46555  353.98958          4  0.000e+00
      18853 326.839149  -62.21964  -58.37922     -0.070    1448.21      3.064      3.034    -0.2440    -0.2609    -0.0169    -0.2441    -0.2610    -0.0169   2.820405   2.819585  -0.000820    34.1654    34.1734     7.6696    27.4446    27.4519    333.375  352.46343  353.98747          4  0.000e+00
      18854 326.839150  -62.21964  -58.37922     -0.076    1448.21      3.064      3.034    -0.2443    -0.2607    -0.0165    -0.2444    -0.2608    -0.0165   2.820423   2.819539  -0.000885    34.1659    34.1726     7.6702    27.4450    27.4512    333.401  352.46453  353.98867          4  0.000e+00
      18855 326.839150  -62.21964  -58.37922     -0.085    1448.21      3.016      2.987    -0.2438    -0.2606    -0.0168    -0.2439    -0.2607    -0.0168   2.820399   2.819573  -0.000826    34.1651    34.1729     7.6714    27.4444    27.4515    333.455  352.46251  353.98650          4  0.000e+00
      18856 326.839151  -62.21964  -58.37922     -0.088    1448.21      3.064      3.034    -0.2436    -0.2603    -0.0167    -0.2437    -0.2604    -0.0167   2.820393   2.819643  -0.000751    34.1647    34.1735     7.6713    27.4441    27.4519    333.451  352.46139  353.98532          4  0.000e+00
      18857 326.839151  -62.21964  -58.37922     -0.094    1448.21      3.016      2.987    -0.2441    -0.2592    -0.0150    -0.2442    -0.2593    -0.0150   2.820351   2.819631  -0.000720    34.1649    34.1721     7.6713    27.4442    27.4508    333.449  352.46640  353.99045          4  0.000e+00
      18858 326.839152  -62.21964  -58.37922     -0.099    1448.21      3.016      2.987    -0.2452    -0.2579    -0.0127    -0.2453    -0.2580    -0.0127   2.820303   2.819741  -0.000562    34.1654    34.1722     7.6714    27.4447    27.4508    333.453  352.47489  353.99920          4  0.000e+00
      18859 326.839152  -62.21964  -58.37922     -0.104    1448.21      3.016      2.987    -0.2457    -0.2578    -0.0121    -0.2458    -0.2579    -0.0121   2.820225   2.819810  -0.000415    34.1649    34.1730     7.6815    27.4443    27.4514    333.894  352.48060  354.00498          4  0.000e+00
      18860 326.839153  -62.21964  -58.37922     -0.110    1448.21      3.016      2.987    -0.2463    -0.2581    -0.0118    -0.2464    -0.2582    -0.0118   2.820171   2.819753  -0.000418    34.1649    34.1725     7.6771    27.4443    27.4510    333.703  352.48648  354.01099          4  0.000e+00
      18861 326.839153  -62.21964  -58.37922     -0.114    1448.21      3.016      2.987    -0.2485    -0.2585    -0.0101    -0.2486    -0.2586    -0.0101   2.820056   2.819718  -0.000339    34.1658    34.1726     7.6730    27.4451    27.4511    333.523  352.50378  354.02878          4  0.000e+00
      18862 326.839154  -62.21964  -58.37922     -0.117    1448.21      3.016      2.987    -0.2550    -0.2590    -0.0040    -0.2551    -0.2591    -0.0040   2.819900   2.819706  -0.000194    34.1711    34.1730     7.6740    27.4497    27.4514    333.564  352.54988  354.07651          4  0.000e+00
      18863 326.839154  -62.21964  -58.37922     -0.122    1448.21      2.961      2.933    -0.2587    -0.2595    -0.0008    -0.2588    -0.2596    -0.0008   2.819846   2.819660  -0.000186    34.1745    34.1729     7.6685    27.4527    27.4514    333.325  352.57444  354.10201          4  0.000e+00
      18864 326.839155  -62.21964  -58.37922     -0.124    1448.21      3.016      2.987    -0.2560    -0.2592    -0.0031    -0.2561    -0.2593    -0.0031   2.819954   2.819701  -0.000254    34.1729    34.1730     7.6713    27.4512    27.4515    333.448  352.55391  354.08083          4  0.000e+00
      18865 326.839155  -62.21964  -58.37922     -0.129    1448.21      2.961      2.933    -0.2518    -0.2590    -0.0073    -0.2518    -0.2591    -0.0073   2.820050   2.819683  -0.000367    34.1694    34.1727     7.6702    27.4482    27.4512    333.400  352.52408  354.04994          4  0.000e+00
      18866 326.839156  -62.21964  -58.37922     -0.130    1448.21      3.016      2.987    -0.2493    -0.2592    -0.0099    -0.2494    -0.2593    -0.0099   2.820014   2.819677  -0.000337    34.1661    34.1727     7.6711    27.4454    27.4513    333.441  352.51029  354.03547          4  0.000e+00
      18867 326.839156  -62.21964  -58.37922     -0.133    1448.21      2.961      2.933    -0.2496    -0.2595    -0.0099    -0.2497    -0.2596    -0.0099   2.819954   2.819683  -0.000271    34.1657    34.1732     7.6717    27.4451    27.4516    333.467  352.51418  354.03939          4  0.000e+00
      18868 326.839157  -62.21964  -58.37922     -0.135    1448.21      2.982      2.953    -0.2516    -0.2598    -0.0082    -0.2517    -0.2599    -0.0082   2.819924   2.819620  -0.000304    34.1675    34.1727     7.6669    27.4467    27.4512    333.255  352.52771  354.05343          4  0.000e+00
      18869 326.839157  -62.21964  -58.37922     -0.134    1448.21      3.016      2.987    -0.2544    -0.2595    -0.0051    -0.2545    -0.2596    -0.0051   2.819918   2.819695  -0.000223    34.1706    34.1733     7.6657    27.4493    27.4517    333.204  352.54533  354.07180          4  0.000e+00
      18870 326.839158  -62.21964  -58.37922     -0.136    1448.21      2.961      2.933    -0.2549    -0.2596    -0.0048    -0.2550    -0.2597    -0.0048   2.819936   2.819637  -0.000299    34.1714    34.1728     7.6691    27.4500    27.4513    333.352  352.54740  354.07401          4  0.000e+00
      18871 326.839158  -62.21964  -58.37922     -0.137    1448.21      2.961      2.933    -0.2535    -0.2594    -0.0059    -0.2536    -0.2595    -0.0059   2.819960   2.819620  -0.000341    34.1702    34.1722     7.6687    27.4489    27.4508    333.333  352.53802  354.06428          4  0.000e+00
      18872 326.839158  -62.21964  -58.37922     -0.137    1448.21      3.016      2.987    -0.2525    -0.2596    -0.0071    -0.2526    -0.2597    -0.0071   2.820026   2.819695  -0.000332    34.1699    34.1735     7.6726    27.4487    27.4519    333.505  352.52966  354.05570          4  0.000e+00
      18873 326.839159  -62.21964  -58.37922     -0.140    1448.21      2.913      2.885    -0.2513    -0.2590    -0.0077    -0.2514    -0.2591    -0.0077   2.820129   2.819666  -0.000463    34.1700    34.1725     7.6727    27.4486    27.4510    333.510  352.51829  354.04409          4  0.000e+00
      18874 326.839159  -62.21964  -58.37922     -0.136    1448.21      3.016      2.987    -0.2496    -0.2592    -0.0096    -0.2497    -0.2593    -0.0096   2.820213   2.819631  -0.000582    34.1691    34.1721     7.6671    27.4479    27.4508    333.266  352.50475  354.03014          4  0.000e+00
      18875 326.839160  -62.21964  -58.37922     -0.135    1448.21      2.961      2.933    -0.2482    -0.2592    -0.0110    -0.2483    -0.2593    -0.0110   2.820273   2.819672  -0.000601    34.1684    34.1727     7.6665    27.4472    27.4512    333.238  352.49395  354.01902          4  0.000e+00
      18876 326.839160  -62.21964  -58.37922     -0.131    1448.21      3.016      2.987    -0.2469    -0.2593    -0.0124    -0.2470    -0.2594    -0.0124   2.820309   2.819579  -0.000730    34.1674    34.1716     7.6660    27.4464    27.4504    333.217  352.48493  354.00969          4  0.000e+00
      18877 326.839161  -62.21964  -58.37922     -0.128    1448.21      2.961      2.933    -0.2460    -0.2596    -0.0137    -0.2461    -0.2597    -0.0137   2.820333   2.819620  -0.000714    34.1667    34.1725     7.6662    27.4458    27.4511    333.227  352.47829  354.00282          4  0.000e+00
      18878 326.839161  -62.21964  -58.37922     -0.124    1448.21      3.016      2.987    -0.2457    -0.2603    -0.0146    -0.2458    -0.2604    -0.0146   2.820339   2.819654  -0.000685    34.1664    34.1737     7.6667    27.4455    27.4521    333.249  352.47639  354.00085          4  0.000e+00
      18879 326.839162  -62.21964  -58.37922     -0.121    1448.21      2.961      2.933    -0.2458    -0.2609    -0.0151    -0.2459    -0.2610    -0.0151   2.820303   2.819631  -0.000672    34.1661    34.1741     7.6614    27.4453    27.4524    333.017  352.47834  354.00280          4  0.000e+00
      18880 326.839162  -62.21964  -58.37922     -0.117    1448.21      3.016      2.987    -0.2460    -0.2595    -0.0135    -0.2461    -0.2596    -0.0135   2.820309   2.819730  -0.000580    34.1664    34.1738     7.6656    27.4455    27.4521    333.199  352.47927  354.00378          4  0.000e+00
      18881 326.839163  -62.21964  -58.37922     -0.109    1448.21      3.016      2.987    -0.2465    -0.2578    -0.0113    -0.2465    -0.2579    -0.0113   2.820273   2.819822  -0.000451    34.1664    34.1731     7.6655    27.4455    27.4515    333.194  352.48343  354.00804          4  0.000e+00
      18882 326.839163  -62.21964  -58.37922     -0.108    1448.21      2.961      2.933    -0.2465    -0.2576    -0.0112    -0.2465    -0.2577    -0.0112   2.820279   2.819839  -0.000440    34.1665    34.1732     7.6652    27.4456    27.4515    333.182  352.48311  354.00773          4  0.000e+00
      18883 326.839164  -62.21964  -58.37922     -0.097    1448.21      3.064      3.034    -0.2463    -0.2571    -0.0108    -0.2464    -0.2572    -0.0108   2.820309   2.819886  -0.000424    34.1667    34.1732     7.6650    27.4458    27.4515    333.176  352.48147  354.00608          4  0.000e+00
      18884 326.839164  -62.21964  -58.37922     -0.091    1448.21      3.016      2.987    -0.2458    -0.2576    -0.0118    -0.2459    -0.2577    -0.0118   2.820273   2.819851  -0.000422    34.1657    34.1733     7.6647    27.4449    27.4516    333.162  352.47954  354.00398          4  0.000e+00
      18885 326.839165  -62.21964  -58.37922     -0.085    1448.21      3.016      2.987    -0.2463    -0.2571    -0.0108    -0.2464    -0.2572    -0.0108   2.820201   2.819857  -0.000344    34.1653    34.1728     7.6646    27.4446    27.4513    333.158  352.48538  354.00991          4  0.000e+00
      18886 326.839165  -62.21964  -58.37922     -0.078    1448.21      3.016      2.987    -0.2473    -0.2568    -0.0096    -0.2474    -0.2569    -0.0096   2.820081   2.819891  -0.000189    34.1647    34.1730     7.6646    27.4442    27.4513    333.160  352.49547  354.02016          4  0.000e+00
      18887 326.839166  -62.21964  -58.37922     -0.070    1448.21      3.036      3.007    -0.2474    -0.2565    -0.0091    -0.2475    -0.2566    -0.0091   2.820087   2.819851  -0.000236    34.1649    34.1721     7.6551    27.4444    27.4506    332.745  352.49599  354.02071          4  0.000e+00
      18888 326.839166  -62.21964  -58.37922     -0.060    1448.21      3.064      3.034    -0.2474    -0.2555    -0.0081    -0.2475    -0.2556    -0.0081   2.820159   2.819914  -0.000244    34.1659    34.1718     7.6542    27.4452    27.4503    332.707  352.49338  354.01815          4  0.000e+00
      18889 326.839167  -62.21964  -58.37922     -0.053    1448.21      3.064      3.034    -0.2471    -0.2556    -0.0085    -0.2472    -0.2557    -0.0085   2.820219   2.819926  -0.000293    34.1664    34.1720     7.6577    27.4455    27.4505    332.858  352.48939  354.01413          4  0.000e+00
      18890 326.839167  -62.21964  -58.37922     -0.046    1448.21      3.064      3.034    -0.2469    -0.2561    -0.0092    -0.2470    -0.2562    -0.0092   2.820213   2.819857  -0.000356    34.1661    34.1716     7.6620    27.4453    27.4502    333.045  352.48855  354.01324          4  0.000e+00
      18891 326.839168  -62.21964  -58.37922     -0.035    1448.21      3.064      3.034    -0.2477    -0.2564    -0.0087    -0.2478    -0.2565    -0.0087   2.820171   2.819891  -0.000279    34.1664    34.1724     7.6622    27.4456    27.4509    333.052  352.49506  354.01993          4  0.000e+00
      18892 326.839168  -62.21964  -58.37922     -0.028    1448.21      3.064      3.034    -0.2480    -0.2568    -0.0088    -0.2481    -0.2569    -0.0088   2.820135   2.819845  -0.000290    34.1663    34.1723     7.6622    27.4455    27.4508    333.055  352.49815  354.02308          4  0.000e+00
