Pos-Processados/process_op38/operantar38_014b.ros
* Sea-Bird SBE 9 Data File:
* FileName = D:\OPERANTAR_XXXVIII\DADOS\OP38_014b.hdr
* Software Version Seasave V 7.18c
* Temperature SN = 4808
* Conductivity SN = 3380
* Number of Bytes Per Scan = 34
* Number of Voltage Words = 3
* Number of Scans Averaged by the Deck Unit = 1
* NMEA Latitude = 62 11.38 S
* NMEA Longitude = 058 03.45 W
* NMEA UTC (Time) = Nov 05 2019 06:44:07
** H41
** NAVIO POLAR ALMIRANTE MAXIMIANO
** CRUZEIRO:
** OPERANTAR XXXVIII
** ESTAÇÃO: OP38_014b
** LAT 62 11,38' S
** LONG 058 03,42' W
** 09P73767-1155_A
** PROFUNDIDADE: 480
** DATA/HORA: 050645Z/NOV/2019
** OPERADOR: SO-HN CHAVES
# nquan = 27
# nvalues = 1836                                  
# units = specified
# name 0 = scan: Scan Count
# name 1 = timeJ: Julian Days
# name 2 = latitude: Latitude [deg]
# name 3 = longitude: Longitude [deg]
# name 4 = dz/dtM: Descent Rate [m/s]
# name 5 = avgsvCM: Average Sound Velocity [Chen-Millero, m/s]
# name 6 = prDM: Pressure, Digiquartz [db]
# name 7 = depSM: Depth [salt water, m]
# name 8 = t090C: Temperature [ITS-90, deg C]
# name 9 = t190C: Temperature, 2 [ITS-90, deg C]
# name 10 = T2-T190C: Temperature Difference, 2 - 1 [ITS-90, deg C]
# name 11 = potemp090C: Potential Temperature [ITS-90, deg C]
# name 12 = potemp190C: Potential Temperature, 2 [ITS-90, deg C]
# name 13 = potemp90Cdiff: Potential Temperature, Diff, 2 - 1 [ITS-90, deg C]
# name 14 = c0S/m: Conductivity [S/m]
# name 15 = c1S/m: Conductivity, 2 [S/m]
# name 16 = C2-C1S/m: Conductivity Difference, 2 - 1 [S/m]
# name 17 = sal00: Salinity, Practical [PSU]
# name 18 = sal11: Salinity, Practical, 2 [PSU]
# name 19 = sbeox0ML/L: Oxygen, SBE 43 [ml/l]
# name 20 = sigma-é00: Density [sigma-theta, kg/m^3]
# name 21 = sigma-é11: Density, 2 [sigma-theta, kg/m^3]
# name 22 = sbox0Mm/Kg: Oxygen, SBE 43 [umol/kg]
# name 23 = oxsolMm/Kg: Oxygen Saturation, Garcia & Gordon [umol/kg]
# name 24 = oxsatMm/Kg: Oxygen Saturation, Weiss [umol/kg]
# name 25 = nbf: Bottles Fired
# name 26 = flag:  0.000e+00
# interval = seconds: 0.0416667
# start_time = Nov 05 2019 06:44:07 [NMEA time, header]
# bad_flag = -9.990e-29
*END*
[from data line 376]
       2622 309.281901  -62.18966  -58.05752     -0.104       0.00      1.659      1.643    -0.7188    -0.7154     0.0034    -0.7189    -0.7154     0.0034   2.779553   2.780268   0.000715    34.1522    34.1580     7.6598    27.4552    27.4597    332.944  356.93224  358.55560          3  0.000e+00
       2623 309.281901  -62.18966  -58.05752     -0.116       0.00      1.659      1.643    -0.7184    -0.7150     0.0033    -0.7184    -0.7151     0.0033   2.779511   2.780303   0.000792    34.1511    34.1581     7.6600    27.4543    27.4598    332.953  356.93092  358.55412          3  0.000e+00
       2624 309.281902  -62.18966  -58.05752     -0.128       0.00      1.605      1.589    -0.7184    -0.7143     0.0041    -0.7184    -0.7144     0.0041   2.779529   2.780349   0.000820    34.1514    34.1579     7.6549    27.4545    27.4596    332.734  356.93014  358.55336          3  0.000e+00
       2625 309.281902  -62.18966  -58.05752     -0.139       0.00      1.605      1.589    -0.7184    -0.7144     0.0039    -0.7184    -0.7145     0.0039   2.779559   2.780349   0.000790    34.1518    34.1580     7.6551    27.4548    27.4597    332.742  356.92901  358.55225          3  0.000e+00
       2626 309.281902  -62.18966  -58.05752     -0.151       0.00      1.625      1.609    -0.7177    -0.7144     0.0033    -0.7178    -0.7145     0.0033   2.779601   2.780297   0.000696    34.1516    34.1573     7.6552    27.4546    27.4591    332.745  356.92345  358.54654          3  0.000e+00
       2627 309.281903  -62.18966  -58.05752     -0.163       0.00      1.557      1.542    -0.7168    -0.7142     0.0025    -0.7168    -0.7143     0.0025   2.779732   2.780308   0.000576    34.1524    34.1573     7.6594    27.4552    27.4591    332.928  356.91252  358.53545          3  0.000e+00
       2628 309.281903  -62.18966  -58.05752     -0.175       0.00      1.557      1.542    -0.7165    -0.7144     0.0021    -0.7165    -0.7145     0.0021   2.779702   2.780326   0.000623    34.1517    34.1578     7.6603    27.4546    27.4595    332.966  356.91183  358.53467          3  0.000e+00
       2629 309.281904  -62.18966  -58.05752     -0.186       0.00      1.557      1.542    -0.7171    -0.7153     0.0018    -0.7171    -0.7154     0.0018   2.779631   2.780343   0.000712    34.1513    34.1590     7.6605    27.4544    27.4605    332.976  356.91819  358.54113          3  0.000e+00
       2630 309.281904  -62.18966  -58.05752     -0.204       0.00      1.509      1.494    -0.7179    -0.7152     0.0027    -0.7179    -0.7153     0.0027   2.779601   2.780274   0.000673    34.1519    34.1580     7.6554    27.4549    27.4597    332.756  356.92434  358.54748          3  0.000e+00
       2631 309.281905  -62.18966  -58.05752     -0.210       0.00      1.509      1.494    -0.7166    -0.7150     0.0016    -0.7167    -0.7151     0.0016   2.779690   2.780280   0.000589    34.1517    34.1579     7.6552    27.4546    27.4596    332.744  356.91293  358.53579          3  0.000e+00
       2632 309.281905  -62.18966  -58.05752     -0.220       0.00      1.509      1.494    -0.7154    -0.7148     0.0006    -0.7154    -0.7148     0.0006   2.779798   2.780320   0.000522    34.1517    34.1581     7.6541    27.4546    27.4598    332.696  356.90121  358.52381          3  0.000e+00
       2633 309.281906  -62.18966  -58.05752     -0.233       0.00      1.454      1.440    -0.7146    -0.7139     0.0007    -0.7147    -0.7140     0.0007   2.779858   2.780383   0.000525    34.1517    34.1580     7.6530    27.4546    27.4597    332.650  356.89411  358.51655          3  0.000e+00
       2634 309.281906  -62.18966  -58.05752     -0.243       0.00      1.474      1.460    -0.7149    -0.7135     0.0014    -0.7150    -0.7136     0.0014   2.779816   2.780406   0.000590    34.1515    34.1579     7.6574    27.4544    27.4595    332.841  356.89756  358.52004          3  0.000e+00
       2635 309.281907  -62.18966  -58.05752     -0.251       0.00      1.454      1.440    -0.7160    -0.7135     0.0026    -0.7161    -0.7135     0.0026   2.779720   2.780418   0.000697    34.1514    34.1580     7.6583    27.4544    27.4596    332.879  356.90806  358.53078          3  0.000e+00
       2636 309.281907  -62.18966  -58.05752     -0.261       0.00      1.454      1.440    -0.7170    -0.7140     0.0030    -0.7170    -0.7140     0.0030   2.779654   2.780389   0.000734    34.1516    34.1582     7.6591    27.4546    27.4598    332.915  356.91638  358.53931          3  0.000e+00
       2637 309.281908  -62.18966  -58.05752     -0.269       0.00      1.454      1.440    -0.7182    -0.7137     0.0045    -0.7182    -0.7137     0.0045   2.779523   2.780354   0.000832    34.1512    34.1573     7.6600    27.4543    27.4591    332.953  356.92901  358.55218          3  0.000e+00
       2638 309.281908  -62.18966  -58.05752     -0.279       0.00      1.406      1.392    -0.7186    -0.7140     0.0047    -0.7187    -0.7140     0.0047   2.779535   2.780372   0.000837    34.1519    34.1580     7.6605    27.4549    27.4596    332.978  356.93139  358.55470          3  0.000e+00
       2639 309.281909  -62.18966  -58.05752     -0.296       0.00      1.358      1.345    -0.7185    -0.7144     0.0041    -0.7185    -0.7145     0.0041   2.779583   2.780372   0.000789    34.1524    34.1585     7.6609    27.4553    27.4601    332.995  356.92840  358.55170          3  0.000e+00
       2640 309.281909  -62.18966  -58.05752     -0.294       0.00      1.406      1.392    -0.7175    -0.7148     0.0028    -0.7176    -0.7148     0.0028   2.779690   2.780337   0.000647    34.1528    34.1584     7.6612    27.4556    27.4600    333.008  356.91857  358.54169          3  0.000e+00
       2641 309.281910  -62.18966  -58.05752     -0.300       0.00      1.406      1.392    -0.7157    -0.7146     0.0011    -0.7157    -0.7146     0.0011   2.779858   2.780280   0.000422    34.1529    34.1574     7.6604    27.4556    27.4592    332.973  356.90058  358.52331          3  0.000e+00
       2642 309.281910  -62.18966  -58.05752     -0.307       0.00      1.372      1.359    -0.7135    -0.7149    -0.0014    -0.7136    -0.7149    -0.0014   2.780002   2.780274   0.000272    34.1525    34.1577     7.6595    27.4552    27.4595    332.933  356.88161  358.50385          3  0.000e+00
       2643 309.281911  -62.18966  -58.05752     -0.310       0.00      1.358      1.345    -0.7124    -0.7152    -0.0028    -0.7125    -0.7152    -0.0028   2.780073   2.780245   0.000172    34.1522    34.1576     7.6588    27.4549    27.4594    332.901  356.87196  358.49394          3  0.000e+00
       2644 309.281911  -62.18966  -58.05752     -0.315       0.00      1.358      1.345    -0.7119    -0.7152    -0.0034    -0.7119    -0.7153    -0.0034   2.780049   2.780239   0.000190    34.1512    34.1576     7.6581    27.4541    27.4594    332.874  356.86923  358.49104          3  0.000e+00
       2645 309.281912  -62.18966  -58.05752     -0.318       0.00      1.358      1.345    -0.7124    -0.7158    -0.0034    -0.7125    -0.7158    -0.0034   2.780020   2.780228   0.000208    34.1515    34.1581     7.6585    27.4543    27.4598    332.887  356.87400  358.49595          3  0.000e+00
       2646 309.281912  -62.18966  -58.05752     -0.320       0.00      1.358      1.345    -0.7123    -0.7157    -0.0034    -0.7124    -0.7157    -0.0034   2.779972   2.780234   0.000262    34.1507    34.1581     7.6594    27.4537    27.4598    332.930  356.87509  358.49697          3  0.000e+00
       2647 309.281913  -62.18966  -58.05752     -0.321       0.00      1.358      1.345    -0.7129    -0.7161    -0.0032    -0.7129    -0.7162    -0.0032   2.779960   2.780205   0.000245    34.1512    34.1582     7.6649    27.4541    27.4599    333.166  356.87918  358.50121          3  0.000e+00
       2648 309.281913  -62.18966  -58.05752     -0.326       0.00      1.358      1.345    -0.7128    -0.7154    -0.0026    -0.7128    -0.7154    -0.0026   2.779978   2.780228   0.000250    34.1513    34.1576     7.6605    27.4542    27.4594    332.978  356.87777  358.49978          3  0.000e+00
       2649 309.281914  -62.18966  -58.05752     -0.318       0.00      1.358      1.345    -0.7126    -0.7156    -0.0030    -0.7126    -0.7157    -0.0030   2.780020   2.780245   0.000226    34.1517    34.1582     7.6605    27.4545    27.4599    332.978  356.87509  358.49709          3  0.000e+00
       2650 309.281914  -62.18966  -58.05752     -0.317       0.00      1.372      1.358    -0.7129    -0.7154    -0.0025    -0.7129    -0.7154    -0.0025   2.780073   2.780262   0.000189    34.1527    34.1581     7.6606    27.4553    27.4598    332.980  356.87489  358.49701          3  0.000e+00
       2651 309.281915  -62.18966  -58.05752     -0.313       0.00      1.358      1.345    -0.7123    -0.7152    -0.0029    -0.7124    -0.7152    -0.0029   2.780073   2.780216   0.000143    34.1521    34.1573     7.6597    27.4548    27.4591    332.940  356.87123  358.49318          3  0.000e+00
       2652 309.281915  -62.18966  -58.05752     -0.307       0.00      1.358      1.345    -0.7121    -0.7152    -0.0031    -0.7122    -0.7153    -0.0031   2.780085   2.780268   0.000183    34.1520    34.1580     7.6596    27.4548    27.4597    332.936  356.86968  358.49160          3  0.000e+00
       2653 309.281916  -62.18966  -58.05752     -0.303       0.00      1.358      1.345    -0.7115    -0.7158    -0.0043    -0.7115    -0.7158    -0.0043   2.780073   2.780239   0.000166    34.1512    34.1583     7.6594    27.4540    27.4600    332.928  356.86614  358.48787          3  0.000e+00
       2654 309.281916  -62.18966  -58.05752     -0.291       0.00      1.406      1.392    -0.7114    -0.7154    -0.0040    -0.7114    -0.7154    -0.0040   2.780115   2.780257   0.000141    34.1516    34.1580     7.6584    27.4543    27.4597    332.887  356.86390  358.48563          3  0.000e+00
       2655 309.281916  -62.18966  -58.05752     -0.282       0.00      1.406      1.392    -0.7115    -0.7148    -0.0033    -0.7115    -0.7148    -0.0033   2.780139   2.780314   0.000175    34.1520    34.1581     7.6583    27.4547    27.4597    332.879  356.86372  358.48550          3  0.000e+00
       2656 309.281917  -62.18966  -58.05752     -0.269       0.00      1.454      1.440    -0.7109    -0.7152    -0.0043    -0.7110    -0.7152    -0.0043   2.780145   2.780320   0.000175    34.1514    34.1586     7.6588    27.4542    27.4602    332.901  356.85994  358.48156          3  0.000e+00
       2657 309.281917  -62.18966  -58.05752     -0.257       0.00      1.454      1.440    -0.7117    -0.7143    -0.0026    -0.7117    -0.7143    -0.0026   2.780085   2.780349   0.000263    34.1515    34.1580     7.6587    27.4543    27.4597    332.899  356.86694  358.48872          3  0.000e+00
       2658 309.281918  -62.18966  -58.05752     -0.247       0.00      1.419      1.406    -0.7124    -0.7141    -0.0017    -0.7125    -0.7141    -0.0017   2.780085   2.780366   0.000281    34.1523    34.1580     7.6637    27.4550    27.4597    333.116  356.87161  358.49360          3  0.000e+00
       2659 309.281918  -62.18966  -58.05752     -0.231       0.00      1.454      1.440    -0.7112    -0.7144    -0.0032    -0.7113    -0.7145    -0.0032   2.780145   2.780337   0.000192    34.1517    34.1580     7.6596    27.4545    27.4597    332.937  356.86176  358.48346          3  0.000e+00
       2660 309.281919  -62.18966  -58.05752     -0.213       0.00      1.508      1.494    -0.7109    -0.7141    -0.0032    -0.7110    -0.7142    -0.0032   2.780223   2.780360   0.000137    34.1524    34.1579     7.6644    27.4550    27.4596    333.145  356.85709  358.47876          3  0.000e+00
       2661 309.281919  -62.18966  -58.05752     -0.195       0.00      1.508      1.494    -0.7105    -0.7138    -0.0034    -0.7105    -0.7139    -0.0034   2.780265   2.780377   0.000112    34.1525    34.1578     7.6595    27.4550    27.4595    332.933  356.85259  358.47417          3  0.000e+00
       2662 309.281920  -62.18966  -58.05752     -0.174       0.00      1.556      1.541    -0.7101    -0.7132    -0.0031    -0.7102    -0.7132    -0.0031   2.780235   2.780452   0.000217    34.1516    34.1580     7.6591    27.4543    27.4597    332.915  356.85163  358.47308          3  0.000e+00
       2663 309.281920  -62.18966  -58.05752     -0.155       0.00      1.556      1.541    -0.7100    -0.7124    -0.0024    -0.7100    -0.7125    -0.0024   2.780277   2.780527   0.000250    34.1521    34.1582     7.6578    27.4547    27.4598    332.859  356.84931  358.47077          3  0.000e+00
       2664 309.281921  -62.18966  -58.05752     -0.135       0.00      1.556      1.541    -0.7096    -0.7121    -0.0024    -0.7097    -0.7121    -0.0024   2.780283   2.780573   0.000290    34.1518    34.1585     7.6572    27.4544    27.4600    332.834  356.84690  358.46827          3  0.000e+00
       2665 309.281921  -62.18966  -58.05752     -0.112       0.00      1.556      1.541    -0.7092    -0.7112    -0.0020    -0.7092    -0.7112    -0.0020   2.780313   2.780630   0.000318    34.1516    34.1582     7.6566    27.4543    27.4597    332.806  356.84286  358.46412          3  0.000e+00
       2666 309.281922  -62.18966  -58.05752     -0.092       0.00      1.577      1.562    -0.7092    -0.7107    -0.0015    -0.7092    -0.7107    -0.0015   2.780319   2.780636   0.000317    34.1517    34.1577     7.6568    27.4544    27.4593    332.816  356.84267  358.46393          3  0.000e+00
       2667 309.281922  -62.18966  -58.05752     -0.066       0.00      1.707      1.690    -0.7086    -0.7104    -0.0018    -0.7086    -0.7104    -0.0018   2.780319   2.780734   0.000415    34.1510    34.1586     7.6563    27.4537    27.4600    332.793  356.83926  358.46035          3  0.000e+00
       2668 309.281923  -62.18966  -58.05752     -0.039       0.00      1.707      1.690    -0.7086    -0.7100    -0.0014    -0.7086    -0.7100    -0.0014   2.780385   2.780717   0.000332    34.1519    34.1579     7.6556    27.4545    27.4594    332.764  356.83676  358.45791          3  0.000e+00
       2669 309.281923  -62.18966  -58.05752     -0.018       0.00      1.604      1.589    -0.7087    -0.7096    -0.0009    -0.7088    -0.7097    -0.0009   2.780409   2.780768   0.000360    34.1524    34.1583     7.6557    27.4549    27.4597    332.766  356.83640  358.45760          3  0.000e+00
       2670 309.281924  -62.18966  -58.05752      0.006       0.00      1.707      1.690    -0.7086    -0.7093    -0.0007    -0.7086    -0.7094    -0.0007   2.780367   2.780803   0.000436    34.1516    34.1584     7.6603    27.4543    27.4598    332.968  356.83744  358.45857          3  0.000e+00
       2671 309.281924  -62.18966  -58.05752      0.030       0.00      1.707      1.690    -0.7089    -0.7092    -0.0003    -0.7089    -0.7092    -0.0003   2.780349   2.780774   0.000425    34.1517    34.1578     7.6612    27.4544    27.4593    333.008  356.83994  358.46114          3  0.000e+00
       2672 309.281925  -62.18966  -58.05752      0.056       0.00      1.755      1.738    -0.7095    -0.7083     0.0013    -0.7096    -0.7083     0.0013   2.780295   2.780837   0.000542    34.1517    34.1576     7.6571    27.4543    27.4591    332.829  356.84607  358.46740          3  0.000e+00
       2673 309.281925  -62.18966  -58.05752      0.080       0.00      1.755      1.738    -0.7101    -0.7082     0.0019    -0.7102    -0.7083     0.0019   2.780235   2.780843   0.000608    34.1515    34.1576     7.6565    27.4542    27.4591    332.803  356.85197  358.47342          3  0.000e+00
       2674 309.281926  -62.18966  -58.05752      0.102       0.00      1.755      1.738    -0.7105    -0.7090     0.0014    -0.7105    -0.7091     0.0014   2.780199   2.780791   0.000592    34.1514    34.1578     7.6558    27.4542    27.4593    332.773  356.85551  358.47703          3  0.000e+00
