Pos-Processados/process_op38/operantar38_017b.ros
* Sea-Bird SBE 9 Data File:
* FileName = D:\OPERANTAR_XXXVIII\DADOS\OP38_017b.hdr
* Software Version Seasave V 7.18c
* Temperature SN = 4808
* Conductivity SN = 3380
* Number of Bytes Per Scan = 34
* Number of Voltage Words = 3
* Number of Scans Averaged by the Deck Unit = 1
* NMEA Latitude = 62 16.17 S
* NMEA Longitude = 058 26.27 W
* NMEA UTC (Time) = Nov 05 2019 15:20:15
** H41
** NAVIO POLAR ALMIRANTE MAXIMIANO
** CRUZEIRO:
** OPERANTAR XXXVIII
** ESTAÇÃO: OP38_017b
** LAT 62 16,17' S
** LONG 058 26,24' W
** 09P73767-1155_A
** PROFUNDIDADE: 110
** DATA/HORA: 0511521Z/NOV/2019
** OPERADOR: SO-HN CHAVES
# nquan = 27
# nvalues = 1879                                  
# units = specified
# name 0 = scan: Scan Count
# name 1 = timeJ: Julian Days
# name 2 = latitude: Latitude [deg]
# name 3 = longitude: Longitude [deg]
# name 4 = dz/dtM: Descent Rate [m/s]
# name 5 = avgsvCM: Average Sound Velocity [Chen-Millero, m/s]
# name 6 = prDM: Pressure, Digiquartz [db]
# name 7 = depSM: Depth [salt water, m]
# name 8 = t090C: Temperature [ITS-90, deg C]
# name 9 = t190C: Temperature, 2 [ITS-90, deg C]
# name 10 = T2-T190C: Temperature Difference, 2 - 1 [ITS-90, deg C]
# name 11 = potemp090C: Potential Temperature [ITS-90, deg C]
# name 12 = potemp190C: Potential Temperature, 2 [ITS-90, deg C]
# name 13 = potemp90Cdiff: Potential Temperature, Diff, 2 - 1 [ITS-90, deg C]
# name 14 = c0S/m: Conductivity [S/m]
# name 15 = c1S/m: Conductivity, 2 [S/m]
# name 16 = C2-C1S/m: Conductivity Difference, 2 - 1 [S/m]
# name 17 = sal00: Salinity, Practical [PSU]
# name 18 = sal11: Salinity, Practical, 2 [PSU]
# name 19 = sbeox0ML/L: Oxygen, SBE 43 [ml/l]
# name 20 = sigma-é00: Density [sigma-theta, kg/m^3]
# name 21 = sigma-é11: Density, 2 [sigma-theta, kg/m^3]
# name 22 = sbox0Mm/Kg: Oxygen, SBE 43 [umol/kg]
# name 23 = oxsolMm/Kg: Oxygen Saturation, Garcia & Gordon [umol/kg]
# name 24 = oxsatMm/Kg: Oxygen Saturation, Weiss [umol/kg]
# name 25 = nbf: Bottles Fired
# name 26 = flag:  0.000e+00
# interval = seconds: 0.0416667
# start_time = Nov 05 2019 15:20:15 [NMEA time, header]
# bad_flag = -9.990e-29
*END*
        374 309.639242  -62.26952  -58.43788      0.043       0.00      2.394      2.371    -0.8513    -0.8490     0.0023    -0.8514    -0.8491     0.0023   2.771269   2.771891   0.000622    34.1896    34.1955     7.4516    27.4908    27.4955    323.884  358.08105  359.73520          1  0.000e+00
        375 309.639243  -62.26952  -58.43788      0.039       0.00      2.292      2.270    -0.8514    -0.8489     0.0025    -0.8515    -0.8490     0.0025   2.771240   2.771926   0.000686    34.1894    34.1959     7.4457    27.4907    27.4958    323.628  358.08275  359.73691          1  0.000e+00
        376 309.639243  -62.26952  -58.43788      0.035       0.00      2.346      2.324    -0.8519    -0.8493     0.0026    -0.8519    -0.8493     0.0026   2.771234   2.771931   0.000698    34.1898    34.1963     7.4444    27.4910    27.4962    323.572  358.08600  359.74029          1  0.000e+00
        377 309.639244  -62.26952  -58.43788      0.029       0.00      2.346      2.324    -0.8521    -0.8491     0.0030    -0.8521    -0.8491     0.0030   2.771252   2.771914   0.000663    34.1902    34.1959     7.4430    27.4914    27.4958    323.510  358.08641  359.74077          1  0.000e+00
        378 309.639244  -62.26952  -58.43788      0.021       0.00      2.292      2.270    -0.8519    -0.8487     0.0032    -0.8519    -0.8488     0.0032   2.771275   2.771943   0.000668    34.1904    34.1959     7.4466    27.4915    27.4958    323.669  358.08430  359.73863          1  0.000e+00
        379 309.639245  -62.26952  -58.43788      0.021       0.00      2.346      2.324    -0.8521    -0.8491     0.0030    -0.8521    -0.8491     0.0030   2.771263   2.771920   0.000656    34.1904    34.1959     7.4469    27.4915    27.4959    323.679  358.08596  359.74032          1  0.000e+00
        380 309.639245  -62.26952  -58.43790      0.013       0.00      2.346      2.324    -0.8522    -0.8499     0.0023    -0.8522    -0.8499     0.0023   2.771257   2.771845   0.000588    34.1904    34.1958     7.4462    27.4915    27.4958    323.650  358.08692  359.74131          1  0.000e+00
        381 309.639246  -62.26952  -58.43790      0.006       0.00      2.292      2.270    -0.8522    -0.8501     0.0021    -0.8523    -0.8502     0.0021   2.771275   2.771811   0.000535    34.1908    34.1957     7.4462    27.4918    27.4957    323.652  358.08650  359.74093          1  0.000e+00
        382 309.639246  -62.26952  -58.43790      0.006       0.00      2.360      2.337    -0.8521    -0.8500     0.0020    -0.8521    -0.8501     0.0020   2.771287   2.771840   0.000552    34.1907    34.1959     7.4412    27.4918    27.4959    323.432  358.08507  359.73945          1  0.000e+00
        383 309.639247  -62.26952  -58.43790     -0.002       0.00      2.292      2.270    -0.8519    -0.8506     0.0012    -0.8519    -0.8507     0.0012   2.771287   2.771817   0.000529    34.1906    34.1964     7.4396    27.4916    27.4963    323.364  358.08385  359.73818          1  0.000e+00
        384 309.639247  -62.26952  -58.43790     -0.009       0.00      2.292      2.270    -0.8519    -0.8506     0.0012    -0.8519    -0.8507     0.0012   2.771305   2.771822   0.000517    34.1908    34.1964     7.4390    27.4918    27.4963    323.336  358.08316  359.73751          1  0.000e+00
        385 309.639248  -62.26952  -58.43790     -0.014       0.00      2.292      2.270    -0.8514    -0.8504     0.0010    -0.8515    -0.8505     0.0010   2.771347   2.771811   0.000464    34.1908    34.1960     7.4391    27.4918    27.4960    323.339  358.07863  359.73288          1  0.000e+00
        386 309.639248  -62.26952  -58.43790     -0.020       0.00      2.292      2.270    -0.8510    -0.8508     0.0002    -0.8510    -0.8509     0.0002   2.771365   2.771805   0.000440    34.1906    34.1964     7.4384    27.4916    27.4963    323.312  358.07501  359.72915          1  0.000e+00
        387 309.639249  -62.26952  -58.43790     -0.021       0.00      2.346      2.324    -0.8507    -0.8508    -0.0001    -0.8507    -0.8509    -0.0001   2.771383   2.771822   0.000439    34.1904    34.1966     7.4431    27.4915    27.4964    323.514  358.07259  359.72665          1  0.000e+00
        388 309.639249  -62.26952  -58.43790     -0.028       0.00      2.292      2.270    -0.8505    -0.8507    -0.0002    -0.8505    -0.8508    -0.0002   2.771389   2.771788   0.000399    34.1904    34.1961     7.4432    27.4914    27.4960    323.521  358.07117  359.72519          1  0.000e+00
        389 309.639250  -62.26952  -58.43790     -0.032       0.00      2.292      2.270    -0.8500    -0.8509    -0.0009    -0.8501    -0.8510    -0.0009   2.771449   2.771794   0.000345    34.1906    34.1964     7.4382    27.4916    27.4963    323.302  358.06595  359.71989          1  0.000e+00
        390 309.639250  -62.26952  -58.43790     -0.036       0.00      2.292      2.270    -0.8499    -0.8508    -0.0009    -0.8500    -0.8509    -0.0009   2.771449   2.771782   0.000333    34.1905    34.1960     7.4377    27.4915    27.4960    323.280  358.06522  359.71912          1  0.000e+00
        391 309.639251  -62.26952  -58.43790     -0.037       0.00      2.346      2.324    -0.8494    -0.8505    -0.0010    -0.8495    -0.8505    -0.0010   2.771479   2.771759   0.000280    34.1903    34.1953     7.4372    27.4914    27.4954    323.259  358.06124  359.71503          1  0.000e+00
        392 309.639251  -62.26952  -58.43790     -0.043       0.00      2.244      2.222    -0.8494    -0.8509    -0.0015    -0.8495    -0.8510    -0.0015   2.771497   2.771771   0.000274    34.1907    34.1960     7.4367    27.4916    27.4960    323.235  358.06038  359.71418          1  0.000e+00
        393 309.639252  -62.26952  -58.43790     -0.046       0.00      2.312      2.290    -0.8494    -0.8511    -0.0017    -0.8495    -0.8512    -0.0017   2.771497   2.771811   0.000314    34.1906    34.1968     7.4372    27.4916    27.4966    323.257  358.06050  359.71430          1  0.000e+00
        394 309.639252  -62.26952  -58.43790     -0.049       0.00      2.292      2.270    -0.8491    -0.8508    -0.0017    -0.8492    -0.8509    -0.0017   2.771497   2.771811   0.000314    34.1902    34.1964     7.4368    27.4912    27.4963    323.239  358.05826  359.71197          1  0.000e+00
        395 309.639253  -62.26952  -58.43790     -0.052       0.00      2.292      2.270    -0.8488    -0.8503    -0.0015    -0.8489    -0.8503    -0.0015   2.771515   2.771822   0.000308    34.1901    34.1960     7.4364    27.4912    27.4960    323.224  358.05575  359.70938          1  0.000e+00
        396 309.639253  -62.26952  -58.43790     -0.053       0.00      2.292      2.270    -0.8486    -0.8505    -0.0019    -0.8487    -0.8505    -0.0019   2.771520   2.771828   0.000308    34.1900    34.1963     7.4361    27.4911    27.4962    323.211  358.05442  359.70801          1  0.000e+00
        397 309.639253  -62.26952  -58.43790     -0.055       0.00      2.292      2.270    -0.8486    -0.8505    -0.0019    -0.8487    -0.8505    -0.0019   2.771556   2.771845   0.000289    34.1905    34.1965     7.4359    27.4915    27.4964    323.200  358.05305  359.70667          1  0.000e+00
        398 309.639254  -62.26952  -58.43790     -0.057       0.00      2.292      2.270    -0.8486    -0.8505    -0.0019    -0.8487    -0.8505    -0.0019   2.771532   2.771834   0.000301    34.1902    34.1964     7.4357    27.4912    27.4963    323.192  358.05396  359.70756          1  0.000e+00
        399 309.639254  -62.26952  -58.43790     -0.057       0.00      2.292      2.270    -0.8485    -0.8500    -0.0015    -0.8486    -0.8500    -0.0015   2.771538   2.771828   0.000290    34.1901    34.1957     7.4355    27.4912    27.4957    323.184  358.05300  359.70658          1  0.000e+00
        400 309.639255  -62.26952  -58.43790     -0.060       0.00      2.292      2.270    -0.8486    -0.8503    -0.0017    -0.8487    -0.8504    -0.0017   2.771526   2.771845   0.000319    34.1901    34.1964     7.4406    27.4911    27.4963    323.405  358.05419  359.70779          1  0.000e+00
        401 309.639255  -62.26952  -58.43790     -0.056       0.00      2.346      2.324    -0.8486    -0.8500    -0.0014    -0.8487    -0.8501    -0.0014   2.771538   2.771857   0.000318    34.1902    34.1962     7.4361    27.4912    27.4961    323.210  358.05383  359.70743          1  0.000e+00
        402 309.639256  -62.26952  -58.43790     -0.058       0.00      2.244      2.222    -0.8483    -0.8500    -0.0016    -0.8484    -0.8500    -0.0016   2.771544   2.771834   0.000289    34.1900    34.1958     7.4358    27.4911    27.4958    323.199  358.05159  359.70512          1  0.000e+00
        403 309.639256  -62.26952  -58.43790     -0.056       0.00      2.346      2.324    -0.8483    -0.8494    -0.0011    -0.8484    -0.8495    -0.0011   2.771568   2.771828   0.000260    34.1903    34.1951     7.4359    27.4913    27.4952    323.200  358.05085  359.70440          1  0.000e+00
        404 309.639257  -62.26952  -58.43790     -0.057       0.00      2.264      2.242    -0.8482    -0.8499    -0.0017    -0.8482    -0.8499    -0.0017   2.771550   2.771863   0.000312    34.1899    34.1961     7.4357    27.4910    27.4960    323.194  358.05030  359.70378          1  0.000e+00
        405 309.639257  -62.26952  -58.43790     -0.055       0.00      2.292      2.270    -0.8482    -0.8496    -0.0014    -0.8482    -0.8496    -0.0014   2.771562   2.771863   0.000300    34.1901    34.1957     7.4409    27.4911    27.4957    323.420  358.04989  359.70338          1  0.000e+00
        406 309.639258  -62.26952  -58.43790     -0.056       0.00      2.292      2.270    -0.8482    -0.8497    -0.0015    -0.8482    -0.8497    -0.0015   2.771574   2.771857   0.000282    34.1902    34.1958     7.4373    27.4912    27.4958    323.264  358.04943  359.70294          1  0.000e+00
        407 309.639258  -62.26952  -58.43790     -0.054       0.00      2.292      2.270    -0.8483    -0.8499    -0.0015    -0.8484    -0.8499    -0.0015   2.771556   2.771891   0.000335    34.1902    34.1965     7.4374    27.4912    27.4963    323.268  358.05122  359.70476          1  0.000e+00
        408 309.639259  -62.26952  -58.43790     -0.051       0.00      2.292      2.270    -0.8480    -0.8496    -0.0015    -0.8481    -0.8496    -0.0015   2.771568   2.771885   0.000317    34.1900    34.1961     7.4375    27.4910    27.4960    323.270  358.04893  359.70239          1  0.000e+00
        409 309.639259  -62.26952  -58.43790     -0.049       0.00      2.292      2.270    -0.8482    -0.8493    -0.0011    -0.8482    -0.8493    -0.0011   2.771556   2.771880   0.000323    34.1900    34.1956     7.4368    27.4910    27.4956    323.242  358.05012  359.70361          1  0.000e+00
        410 309.639260  -62.26952  -58.43790     -0.049       0.00      2.292      2.270    -0.8483    -0.8498    -0.0015    -0.8484    -0.8499    -0.0015   2.771586   2.771863   0.000276    34.1906    34.1960     7.4378    27.4915    27.4960    323.283  358.05007  359.70364          1  0.000e+00
        411 309.639260  -62.26952  -58.43790     -0.043       0.00      2.346      2.324    -0.8482    -0.8497    -0.0016    -0.8482    -0.8498    -0.0016   2.771538   2.771874   0.000336    34.1897    34.1960     7.4380    27.4908    27.4960    323.294  358.05090  359.70437          1  0.000e+00
        412 309.639261  -62.26952  -58.43790     -0.040       0.00      2.292      2.270    -0.8483    -0.8502    -0.0018    -0.8484    -0.8502    -0.0018   2.771538   2.771863   0.000324    34.1899    34.1964     7.4382    27.4910    27.4963    323.303  358.05190  359.70543          1  0.000e+00
        413 309.639261  -62.26952  -58.43790     -0.040       0.00      2.292      2.270    -0.8483    -0.8493    -0.0010    -0.8484    -0.8494    -0.0010   2.771544   2.771834   0.000289    34.1900    34.1951     7.4385    27.4910    27.4952    323.314  358.05167  359.70520          1  0.000e+00
        414 309.639262  -62.26952  -58.43790     -0.036       0.00      2.292      2.270    -0.8483    -0.8494    -0.0011    -0.8484    -0.8495    -0.0011   2.771562   2.771845   0.000283    34.1903    34.1953     7.4388    27.4912    27.4954    323.326  358.05099  359.70453          1  0.000e+00
        415 309.639262  -62.26952  -58.43790     -0.035       0.00      2.312      2.290    -0.8486    -0.8497    -0.0011    -0.8487    -0.8498    -0.0011   2.771515   2.771874   0.000359    34.1899    34.1961     7.4392    27.4910    27.4960    323.345  358.05468  359.70827          1  0.000e+00
        416 309.639263  -62.26952  -58.43790     -0.031       0.00      2.292      2.270    -0.8488    -0.8502    -0.0014    -0.8489    -0.8502    -0.0014   2.771532   2.771863   0.000330    34.1904    34.1964     7.4439    27.4914    27.4963    323.550  358.05506  359.70871          1  0.000e+00
        417 309.639263  -62.26952  -58.43790     -0.027       0.00      2.292      2.270    -0.8490    -0.8500    -0.0010    -0.8490    -0.8500    -0.0010   2.771526   2.771857   0.000330    34.1905    34.1961     7.4390    27.4915    27.4961    323.339  358.05639  359.71008          1  0.000e+00
        418 309.639264  -62.26952  -58.43790     -0.026       0.00      2.292      2.270    -0.8488    -0.8500    -0.0012    -0.8489    -0.8501    -0.0012   2.771520   2.771874   0.000354    34.1902    34.1964     7.4393    27.4912    27.4963    323.352  358.05552  359.70916          1  0.000e+00
        419 309.639264  -62.26952  -58.43790     -0.024       0.00      2.292      2.270    -0.8491    -0.8499    -0.0008    -0.8492    -0.8499    -0.0008   2.771521   2.771880   0.000359    34.1906    34.1963     7.4398    27.4915    27.4962    323.369  358.05735  359.71107          1  0.000e+00
        420 309.639265  -62.26952  -58.43790     -0.022       0.00      2.292      2.270    -0.8493    -0.8500    -0.0007    -0.8493    -0.8500    -0.0007   2.771538   2.771880   0.000341    34.1910    34.1964     7.4402    27.4919    27.4963    323.387  358.05776  359.71155          1  0.000e+00
        421 309.639265  -62.26952  -58.43790     -0.020       0.00      2.292      2.270    -0.8494    -0.8499    -0.0004    -0.8495    -0.8499    -0.0004   2.771544   2.771863   0.000318    34.1913    34.1961     7.4406    27.4921    27.4960    323.406  358.05863  359.71247          1  0.000e+00
        422 309.639266  -62.26952  -58.43790     -0.015       0.00      2.346      2.324    -0.8494    -0.8497    -0.0003    -0.8495    -0.8498    -0.0003   2.771526   2.771874   0.000348    34.1910    34.1960     7.4411    27.4919    27.4960    323.429  358.05941  359.71324          1  0.000e+00
        423 309.639266  -62.26952  -58.43790     -0.011       0.00      2.292      2.270    -0.8493    -0.8494    -0.0001    -0.8493    -0.8495    -0.0001   2.771521   2.771880   0.000359    34.1908    34.1958     7.4415    27.4917    27.4958    323.447  358.05845  359.71222          1  0.000e+00
        424 309.639266  -62.26952  -58.43790     -0.012       0.00      2.292      2.270    -0.8490    -0.8497    -0.0007    -0.8490    -0.8497    -0.0007   2.771538   2.771880   0.000341    34.1907    34.1961     7.4412    27.4916    27.4960    323.431  358.05593  359.70964          1  0.000e+00
        425 309.639267  -62.26952  -58.43790     -0.010       0.00      2.292      2.270    -0.8490    -0.8494    -0.0004    -0.8490    -0.8495    -0.0004   2.771544   2.771914   0.000370    34.1907    34.1963     7.4409    27.4917    27.4961    323.418  358.05570  359.70941          1  0.000e+00
        426 309.639267  -62.26952  -58.43790     -0.007       0.00      2.312      2.290    -0.8488    -0.8489    -0.0001    -0.8489    -0.8490    -0.0001   2.771562   2.771914   0.000352    34.1908    34.1957     7.4406    27.4917    27.4957    323.405  358.05395  359.70763          1  0.000e+00
