Pos-Processados/process_op38/operantar38_014.cnv
* Sea-Bird SBE 9 Data File:
* FileName = D:\OPERANTAR_XXXVIII\DADOS\OP38_014.hdr
* Software Version Seasave V 7.18c
* Temperature SN = 4808
* Conductivity SN = 3380
* Number of Bytes Per Scan = 34
* Number of Voltage Words = 3
* Number of Scans Averaged by the Deck Unit = 1
* NMEA Latitude = 62 11.37 S
* NMEA Longitude = 058 03.45 W
* NMEA UTC (Time) = Nov 05 2019 06:03:04
** H41
** NAVIO POLAR ALMIRANTE MAXIMIANO
** CRUZEIRO:
** OPERANTAR XXXVIII
** ESTAÇÃO: OP38_014
** LAT 62 11,38' S
** LONG 058 03,41' W
** 09P73767-1155_A
** PROFUNDIDADE: 480
** DATA/HORA: 050604Z/NOV/2019
** OPERADOR: SO-HN CHAVES
# nquan = 33
# nvalues = 815                         
# units = specified
# name 0 = scan: Scan Count
# name 1 = timeJ: Julian Days
# name 2 = latitude: Latitude [deg]
# name 3 = longitude: Longitude [deg]
# name 4 = dz/dtM: Descent Rate [m/s]
# name 5 = avgsvCM: Average Sound Velocity [Chen-Millero, m/s]
# name 6 = prDM: Pressure, Digiquartz [db]
# name 7 = depSM: Depth [salt water, m]
# name 8 = t090C: Temperature [ITS-90, deg C]
# name 9 = t190C: Temperature, 2 [ITS-90, deg C]
# name 10 = T2-T190C: Temperature Difference, 2 - 1 [ITS-90, deg C]
# name 11 = potemp090C: Potential Temperature [ITS-90, deg C]
# name 12 = potemp190C: Potential Temperature, 2 [ITS-90, deg C]
# name 13 = potemp90Cdiff: Potential Temperature, Diff, 2 - 1 [ITS-90, deg C]
# name 14 = c0S/m: Conductivity [S/m]
# name 15 = c1S/m: Conductivity, 2 [S/m]
# name 16 = C2-C1S/m: Conductivity Difference, 2 - 1 [S/m]
# name 17 = sal00: Salinity, Practical [PSU]
# name 18 = sal11: Salinity, Practical, 2 [PSU]
# name 19 = sbeox0ML/L: Oxygen, SBE 43 [ml/l]
# name 20 = sigma-é00: Density [sigma-theta, kg/m^3]
# name 21 = sigma-é11: Density, 2 [sigma-theta, kg/m^3]
# name 22 = sbox0Mm/Kg: Oxygen, SBE 43 [umol/kg]
# name 23 = oxsolMm/Kg: Oxygen Saturation, Garcia & Gordon [umol/kg]
# name 24 = oxsatMm/Kg: Oxygen Saturation, Weiss [umol/kg]
# name 25 = sal00: Salinity, Practical [PSU]
# name 26 = sigma-é00: Density [sigma-theta, kg/m^3]
# name 27 = svCM: Sound Velocity [Chen-Millero, m/s]
# name 28 = svCM1: Sound Velocity, 2 [Chen-Millero, m/s]
# name 29 = gsw_ptA0: potential temperature [ITS-90, deg C]
# name 30 = gsw_densityA0: density, TEOS-10 [density, kg/m^3]
# name 31 = gsw_saA0: Absolute Salinity [g/kg]
# name 32 = flag:
# span 0 =       2185,      28732       
# span 1 = 309.253183, 309.265985       
# span 2 =  -62.18964,  -62.18960       
# span 3 =  -58.05758,  -58.05752       
# span 4 =     -1.429,      1.554       
# span 5 =       0.00,    1448.27       
# span 6 =      1.000,    408.000       
# span 7 =      0.983,    403.687       
# span 8 =    -0.9709,    -0.4058       
# span 9 =    -0.9709,    -0.4078       
# span 10 =    -0.0113,     0.0434      
# span 11 =    -0.9733,    -0.4179      
# span 12 =    -0.9733,    -0.4199      
# span 13 =    -0.0113,     0.0434      
# span 14 =   2.766477,   2.844366      
# span 15 =   2.766943,   2.844664      
# span 16 =  -0.000648,   0.003753      
# span 17 =    34.1502,    34.4896      
# span 18 =    34.1574,    34.4948      
# span 19 =     6.0019,     7.6921      
# span 20 =    27.4565,    27.7183      
# span 21 =    27.4607,    27.7225      
# span 22 =    260.818,    334.346      
# span 23 =  353.15751,  359.07497      
# span 24 =  354.73071,  360.75828      
# span 25 =    34.1465,    34.4897      
# span 26 =    27.4540,    27.7184      
# span 27 =    1444.16,    1452.90      
# span 28 =    1444.17,    1452.92      
# span 29 =    -0.9732,    -0.4176      
# span 30 =  1027.4664,  1029.6667      
# span 31 =    34.3113,    34.6584      
# span 32 = 0.0000e+00, 0.0000e+00      
# interval = decibars: 1                
# start_time = Nov 05 2019 06:03:04 [NMEA time, header]
# bad_flag = -9.990e-29
*END*
[from data line 528]
      16710 309.260188  -62.18964  -58.05754     -1.078    1448.26    287.000    284.048    -0.7047    -0.7042     0.0005    -0.7137    -0.7132     0.0005   2.810782   2.811248   0.000468    34.3830    34.3888     6.4566    27.6418    27.6465    280.597  356.15366  357.78671    34.3823    27.6412    1449.71    1449.72    -0.7135  1029.0176    34.5503 0.0000e+00
      16729 309.260197  -62.18962  -58.05754     -1.155    1448.26    286.000    283.059    -0.7049    -0.7049     0.0000    -0.7139    -0.7138     0.0000   2.810728   2.811121   0.000400    34.3830    34.3884     6.4614    27.6418    27.6462    280.802  356.15555  357.78865    34.3824    27.6413    1449.69    1449.70    -0.7137  1029.0130    34.5504 0.0000e+00
      16747 309.260206  -62.18962  -58.05754     -1.249    1448.26    285.000    282.070    -0.7066    -0.7059     0.0008    -0.7155    -0.7148     0.0007   2.810473   2.810952   0.000486    34.3824    34.3881     6.4633    27.6414    27.6460    280.885  356.17347  357.80691    34.3815    27.6407    1449.67    1449.68    -0.7153  1029.0076    34.5495 0.0000e+00
      16765 309.260214  -62.18962  -58.05754     -1.324    1448.26    284.000    281.081    -0.7081    -0.7081     0.0001    -0.7170    -0.7170     0.0000   2.810304   2.810693   0.000400    34.3821    34.3875     6.4658    27.6413    27.6456    280.997  356.18795  357.82169    34.3815    27.6407    1449.64    1449.65    -0.7168  1029.0029    34.5495 0.0000e+00
      16783 309.260223  -62.18962  -58.05756     -1.358    1448.26    283.000    280.092    -0.7080    -0.7078     0.0002    -0.7168    -0.7166     0.0002   2.810269   2.810717   0.000429    34.3821    34.3876     6.4619    27.6412    27.6457    280.824  356.18693  357.82064    34.3815    27.6407    1449.63    1449.64    -0.7166  1028.9981    34.5495 0.0000e+00
      16802 309.260232  -62.18962  -58.05756     -1.330    1448.26    282.000    279.103    -0.7087    -0.7083     0.0003    -0.7174    -0.7171     0.0003   2.810154   2.810572   0.000431    34.3818    34.3873     6.4600    27.6410    27.6454    280.744  356.19400  357.82784    34.3813    27.6406    1449.61    1449.62    -0.7173  1028.9932    34.5493 0.0000e+00
      16822 309.260242  -62.18962  -58.05756     -1.241    1448.26    281.000    278.114    -0.7126    -0.7109     0.0016    -0.7213    -0.7197     0.0016   2.809628   2.810233   0.000578    34.3807    34.3867     6.4678    27.6403    27.6451    281.084  356.23384  357.86847    34.3793    27.6391    1449.57    1449.59    -0.7211  1028.9870    34.5472 0.0000e+00
      16845 309.260253  -62.18962  -58.05756     -1.122    1448.26    280.000    277.125    -0.7180    -0.7167     0.0013    -0.7267    -0.7254     0.0013   2.809137   2.809612   0.000506    34.3801    34.3854     6.4740    27.6400    27.6443    281.352  356.28671  357.92247    34.3794    27.6395    1449.53    1449.54    -0.7265  1028.9826    34.5474 0.0000e+00
      16870 309.260265  -62.18962  -58.05755     -0.999    1448.26    279.000    276.136    -0.7151    -0.7178    -0.0026    -0.7238    -0.7264    -0.0026   2.809369   2.809465   0.000115    34.3805    34.3851     6.4661    27.6402    27.6440    281.008  356.25874  357.89392    34.3799    27.6397    1449.53    1449.52    -0.7236  1028.9781    34.5479 0.0000e+00
      16897 309.260278  -62.18962  -58.05754     -0.921    1448.26    278.000    275.147    -0.7197    -0.7209    -0.0012    -0.7283    -0.7295    -0.0012   2.808845   2.809142   0.000280    34.3796    34.3847     6.4695    27.6397    27.6439    281.159  356.30428  357.94039    34.3786    27.6389    1449.49    1449.49    -0.7281  1028.9726    34.5466 0.0000e+00
      16923 309.260290  -62.18962  -58.05754     -0.909    1448.26    277.000    274.158    -0.7204    -0.7207    -0.0003    -0.7290    -0.7293    -0.0003   2.808779   2.809142   0.000360    34.3796    34.3848     6.4755    27.6397    27.6440    281.416  356.31080  357.94706    34.3791    27.6393    1449.47    1449.47    -0.7288  1028.9682    34.5471 0.0000e+00
      16947 309.260302  -62.18962  -58.05754     -0.959    1448.26    276.000    273.168    -0.7189    -0.7197    -0.0007    -0.7275    -0.7282    -0.0007   2.808872   2.809203   0.000342    34.3796    34.3851     6.4778    27.6397    27.6441    281.519  356.29694  357.93289    34.3794    27.6394    1449.46    1449.46    -0.7273  1028.9636    34.5473 0.0000e+00
      16969 309.260312  -62.18962  -58.05754     -1.037    1448.26    275.000    272.179    -0.7198    -0.7197     0.0002    -0.7284    -0.7282     0.0002   2.808682   2.809109   0.000420    34.3793    34.3848     6.4773    27.6395    27.6439    281.494  356.30618  357.94230    34.3784    27.6387    1449.44    1449.45    -0.7281  1028.9581    34.5463 0.0000e+00
      16990 309.260323  -62.18962  -58.05754     -1.111    1448.26    274.000    271.190    -0.7239    -0.7239    -0.0000    -0.7323    -0.7324    -0.0000   2.808268   2.808663   0.000401    34.3786    34.3840     6.4831    27.6390    27.6434    281.747  356.34603  357.98298    34.3780    27.6386    1449.40    1449.41    -0.7322  1028.9532    34.5459 0.0000e+00
      17010 309.260332  -62.18962  -58.05754     -1.155    1448.26    273.000    270.201    -0.7247    -0.7242     0.0005    -0.7331    -0.7326     0.0005   2.808161   2.808601   0.000439    34.3786    34.3840     6.4857    27.6391    27.6434    281.862  356.35373  357.99087    34.3781    27.6387    1449.38    1449.39    -0.7329  1028.9486    34.5460 0.0000e+00
      17031 309.260342  -62.18962  -58.05754     -1.158    1448.26    272.000    269.212    -0.7252    -0.7247     0.0004    -0.7336    -0.7332     0.0004   2.808058   2.808483   0.000424    34.3784    34.3836     6.4819    27.6389    27.6432    281.694  356.35897  357.99620    34.3779    27.6385    1449.36    1449.37    -0.7334  1028.9437    34.5458 0.0000e+00
      17053 309.260353  -62.18962  -58.05754     -1.137    1448.26    271.000    268.223    -0.7253    -0.7254    -0.0001    -0.7337    -0.7337    -0.0001   2.807995   2.808376   0.000378    34.3783    34.3834     6.4783    27.6388    27.6430    281.539  356.36055  357.99780    34.3778    27.6385    1449.35    1449.35    -0.7335  1028.9388    34.5457 0.0000e+00
      17075 309.260364  -62.18962  -58.05754     -1.098    1448.26    270.000    267.234    -0.7272    -0.7256     0.0016    -0.7355    -0.7340     0.0015   2.807722   2.808321   0.000583    34.3775    34.3836     6.4853    27.6383    27.6432    281.843  356.38042  358.01803    34.3768    27.6378    1449.32    1449.34    -0.7353  1028.9334    34.5447 0.0000e+00
      17098 309.260375  -62.18962  -58.05754     -1.042    1448.26    269.000    266.245    -0.7281    -0.7277     0.0004    -0.7364    -0.7360     0.0004   2.807589   2.807984   0.000418    34.3772    34.3825     6.4903    27.6381    27.6423    282.061  356.38974  358.02754    34.3767    27.6377    1449.30    1449.31    -0.7362  1028.9285    34.5446 0.0000e+00
      17118 309.260384  -62.18962  -58.05754     -1.103    1448.26    268.000    265.255    -0.7306    -0.7303     0.0003    -0.7389    -0.7385     0.0003   2.807209   2.807666   0.000438    34.3760    34.3815     6.4901    27.6372    27.6417    282.051  356.41676  358.05503    34.3750    27.6364    1449.27    1449.28    -0.7387  1028.9225    34.5429 0.0000e+00
      17139 309.260394  -62.18962  -58.05754     -1.181    1448.26    267.000    264.266    -0.7287    -0.7308    -0.0021    -0.7369    -0.7390    -0.0021   2.807334   2.807617   0.000313    34.3748    34.3814     6.4936    27.6361    27.6416    282.208  356.40213  358.03992    34.3752    27.6365    1449.26    1449.26    -0.7367  1028.9178    34.5430 0.0000e+00
      17160 309.260405  -62.18962  -58.05754     -1.168    1448.26    266.000    263.277    -0.7241    -0.7239     0.0002    -0.7323    -0.7321     0.0002   2.807524   2.808014   0.000472    34.3733    34.3795     6.4924    27.6347    27.6397    282.153  356.36301  357.99972    34.3731    27.6346    1449.27    1449.28    -0.7321  1028.9111    34.5410 0.0000e+00
      17182 309.260415  -62.18962  -58.05754     -1.115    1448.26    265.000    262.288    -0.7235    -0.7241    -0.0007    -0.7316    -0.7323    -0.0007   2.807477   2.807845   0.000391    34.3724    34.3785     6.4907    27.6340    27.6389    282.077  356.35946  357.99599    34.3724    27.6340    1449.25    1449.26    -0.7315  1028.9058    34.5402 0.0000e+00
      17206 309.260427  -62.18962  -58.05754     -1.028    1448.26    264.000    261.299    -0.7224    -0.7253    -0.0029    -0.7306    -0.7335    -0.0029   2.807457   2.807679   0.000232    34.3715    34.3779     6.4949    27.6332    27.6386    282.260  356.35229  357.98854    34.3715    27.6332    1449.24    1449.23    -0.7304  1028.9002    34.5394 0.0000e+00
      17232 309.260439  -62.18962  -58.05754     -0.953    1448.26    263.000    260.310    -0.7189    -0.7218    -0.0029    -0.7270    -0.7299    -0.0029   2.807557   2.807792   0.000231    34.3694    34.3758     6.4958    27.6314    27.6367    282.300  356.32504  357.96042    34.3695    27.6314    1449.24    1449.23    -0.7268  1028.8937    34.5373 0.0000e+00
      17258 309.260452  -62.18962  -58.05754     -0.936    1448.26    262.000    259.321    -0.7186    -0.7194    -0.0007    -0.7267    -0.7275    -0.0007   2.807485   2.807836   0.000347    34.3688    34.3744     6.5109    27.6309    27.6354    282.957  356.32429  357.95959    34.3688    27.6309    1449.22    1449.22    -0.7265  1028.8884    34.5367 0.0000e+00
      17282 309.260463  -62.18962  -58.05754     -0.968    1448.26    261.000    258.332    -0.7193    -0.7188     0.0004    -0.7274    -0.7269     0.0004   2.807342   2.807747   0.000405    34.3683    34.3733     6.5223    27.6305    27.6345    283.455  356.33206  357.96746    34.3683    27.6305    1449.20    1449.21    -0.7272  1028.8832    34.5361 0.0000e+00
      17305 309.260474  -62.18962  -58.05754     -1.017    1448.26    260.000    257.343    -0.7187    -0.7187    -0.0001    -0.7267    -0.7268    -0.0001   2.807419   2.807764   0.000352    34.3689    34.3737     6.5222    27.6309    27.6348    283.448  356.32473  357.96002    34.3693    27.6313    1449.19    1449.19    -0.7265  1028.8792    34.5371 0.0000e+00
      17326 309.260485  -62.18962  -58.05754     -1.068    1448.26    259.000    256.353    -0.7139    -0.7145    -0.0007    -0.7219    -0.7225    -0.0007   2.807641   2.808119   0.000430    34.3677    34.3743     6.5210    27.6298    27.6352    283.400  356.28230  357.91649    34.3674    27.6295    1449.19    1449.20    -0.7217  1028.8727    34.5352 0.0000e+00
      17347 309.260495  -62.18962  -58.05754     -1.132    1448.26    258.000    255.364    -0.7224    -0.7190     0.0034    -0.7303    -0.7270     0.0034   2.806555   2.807295   0.000757    34.3642    34.3706     6.5273    27.6273    27.6323    283.673  356.37258  358.00843    34.3630    27.6263    1449.13    1449.15    -0.7302  1028.8648    34.5308 0.0000e+00
      17366 309.260504  -62.18962  -58.05754     -1.200    1448.26    257.000    254.375    -0.7265    -0.7258     0.0008    -0.7345    -0.7337     0.0007   2.806187   2.806633   0.000469    34.3634    34.3689     6.5263    27.6268    27.6313    283.628  356.41393  358.05063    34.3634    27.6268    1449.09    1449.10    -0.7342  1028.8605    34.5312 0.0000e+00
      17385 309.260513  -62.18962  -58.05754     -1.247    1448.26    256.000    253.386    -0.7251    -0.7253    -0.0002    -0.7330    -0.7331    -0.0002   2.806249   2.806645   0.000379    34.3636    34.3689     6.5242    27.6269    27.6312    283.538  356.39965  358.03604    34.3631    27.6266    1449.08    1449.09    -0.7328  1028.8555    34.5309 0.0000e+00
      17405 309.260523  -62.18962  -58.05754     -1.235    1448.26    255.000    252.397    -0.7272    -0.7264     0.0009    -0.7350    -0.7342     0.0008   2.805972   2.806454   0.000484    34.3629    34.3685     6.5266    27.6265    27.6309    283.644  356.42149  358.05830    34.3624    27.6261    1449.06    1449.07    -0.7349  1028.8503    34.5302 0.0000e+00
      17427 309.260534  -62.18962  -58.05754     -1.147    1448.26    254.000    251.407    -0.7286    -0.7283     0.0003    -0.7364    -0.7361     0.0003   2.805814   2.806248   0.000428    34.3628    34.3683     6.5374    27.6264    27.6309    284.111  356.43474  358.07185    34.3625    27.6262    1449.03    1449.04    -0.7362  1028.8456    34.5303 0.0000e+00
      17452 309.260545  -62.18962  -58.05754     -1.025    1448.26    253.000    250.418    -0.7276    -0.7279    -0.0003    -0.7354    -0.7357    -0.0003   2.805920   2.806246   0.000360    34.3632    34.3685     6.5462    27.6267    27.6310    284.493  356.42435  358.06127    34.3634    27.6269    1449.02    1449.03    -0.7352  1028.8415    34.5312 0.0000e+00
      17478 309.260558  -62.18962  -58.05754     -0.946    1448.26    252.000    249.429    -0.7281    -0.7289    -0.0008    -0.7358    -0.7367    -0.0008   2.805728   2.806076   0.000299    34.3630    34.3680     6.5542    27.6266    27.6306    284.843  356.42946  358.06647    34.3620    27.6257    1449.00    1449.01    -0.7356  1028.8356    34.5297 0.0000e+00
      17503 309.260570  -62.18962  -58.05754     -0.933    1448.26    251.000    248.444    -0.7350    -0.7338     0.0012    -0.7427    -0.7415     0.0012   2.805018   2.805481   0.000500    34.3613    34.3667     6.5615    27.6255    27.6298    285.157  356.49975  358.13817    34.3609    27.6251    1448.95    1448.97    -0.7425  1028.8303    34.5286 0.0000e+00
      17527 309.260582  -62.18962  -58.05754     -0.974    1448.26    250.000    247.446    -0.7353    -0.7419    -0.0065    -0.7430    -0.7495    -0.0065   2.804911   2.804644  -0.000240    34.3613    34.3655     6.5539    27.6255    27.6291    284.830  356.50245  358.14094    34.3604    27.6247    1448.94    1448.91    -0.7428  1028.8252    34.5281 0.0000e+00
      17549 309.260592  -62.18962  -58.05754     -1.046    1448.26    249.000    246.461    -0.7452    -0.7418     0.0034    -0.7528    -0.7494     0.0034   2.803776   2.804672   0.000795    34.3587    34.3656     6.5542    27.6238    27.6292    284.842  356.60292  358.24341    34.3569    27.6223    1448.87    1448.89    -0.7526  1028.8181    34.5246 0.0000e+00
      17570 309.260602  -62.18962  -58.05754     -1.122    1448.26    248.000    245.472    -0.7514    -0.7485     0.0029    -0.7589    -0.7560     0.0029   2.803208   2.803781   0.000637    34.3579    34.3632     6.5574    27.6234    27.6275    284.981  356.66361  358.30539    34.3569    27.6225    1448.82    1448.84    -0.7588  1028.8136    34.5246 0.0000e+00
      17590 309.260612  -62.18962  -58.05754     -1.165    1448.26    247.000    244.483    -0.7550    -0.7544     0.0005    -0.7625    -0.7619     0.0005   2.802779   2.803274   0.000478    34.3571    34.3630     6.5557    27.6229    27.6276    284.907  356.69933  358.34185    34.3557    27.6217    1448.79    1448.80    -0.7623  1028.8081    34.5234 0.0000e+00
      17612 309.260623  -62.18962  -58.05754     -1.129    1448.26    246.000    243.494    -0.7578    -0.7579    -0.0001    -0.7652    -0.7654    -0.0001   2.802487   2.802872   0.000390    34.3566    34.3621     6.5669    27.6226    27.6270    285.395  356.72724  358.37034    34.3555    27.6217    1448.76    1448.76    -0.7651  1028.8033    34.5232 0.0000e+00
      17636 309.260634  -62.18962  -58.05754     -1.059    1448.26    245.000    242.505    -0.7606    -0.7596     0.0010    -0.7681    -0.7671     0.0010   2.802134   2.802659   0.000511    34.3557    34.3616     6.5837    27.6220    27.6267    286.125  356.75663  358.40030    34.3546    27.6211    1448.73    1448.74    -0.7679  1028.7979    34.5223 0.0000e+00
