Pos-Processados/process_op38/operantar38_015.ros
* Sea-Bird SBE 9 Data File:
* FileName = D:\OPERANTAR_XXXVIII\DADOS\OP38_015.hdr
* Software Version Seasave V 7.18c
* Temperature SN = 4808
* Conductivity SN = 3380
* Number of Bytes Per Scan = 34
* Number of Voltage Words = 3
* Number of Scans Averaged by the Deck Unit = 1
* NMEA Latitude = 62 18.48 S
* NMEA Longitude = 058 32.77 W
* NMEA UTC (Time) = Nov 05 2019 09:00:03
** H41
** NAVIO POLAR ALMIRANTE MAXIMIANO
** CRUZEIRO:
** OPERANTAR XXXVIII
** ESTAÇÃO: OP38_015
** LAT 62 18,48' S
** LONG 058 32,80' W
** 09P73767-1155_A
** PROFUNDIDADE: 353
** DATA/HORA: 050900Z/NOV/2019
** OPERADOR: SO-HN CHAVES
# nquan = 26
# nvalues = 2077                                  
# units = specified
# name 0 = scan: Scan Count
# name 1 = timeJ: Julian Days
# name 2 = latitude: Latitude [deg]
# name 3 = longitude: Longitude [deg]
# name 4 = dz/dtM: Descent Rate [m/s]
# name 5 = avgsvCM: Average Sound Velocity [Chen-Millero, m/s]
# name 6 = prDM: Pressure, Digiquartz [db]
# name 7 = depSM: Depth [salt water, m]
# name 8 = t090C: Temperature [ITS-90, deg C]
# name 9 = t190C: Temperature, 2 [ITS-90, deg C]
# name 10 = T2-T190C: Temperature Difference, 2 - 1 [ITS-90, deg C]
# name 11 = potemp090C: Potential Temperature [ITS-90, deg C]
# name 12 = potemp190C: Potential Temperature, 2 [ITS-90, deg C]
# name 13 = potemp90Cdiff: Potential Temperature, Diff, 2 - 1 [ITS-90, deg C]
# name 14 = c0S/m: Conductivity [S/m]
# name 15 = c1S/m: Conductivity, 2 [S/m]
# name 16 = C2-C1S/m: Conductivity Difference, 2 - 1 [S/m]
# name 17 = sal00: Salinity, Practical [PSU]
# name 18 = sal11: Salinity, Practical, 2 [PSU]
# name 19 = sbeox0ML/L: Oxygen, SBE 43 [ml/l]
# name 20 = sbeox1ML/L: Oxygen, SBE 43, 2 [ml/l]
# name 21 = sbeox0ML/Ldiff: Oxygen, SBE 43, Diff, 2 - 1 [ml/l]
# name 22 = sigma-é00: Density [sigma-theta, kg/m^3]
# name 23 = sigma-é11: Density, 2 [sigma-theta, kg/m^3]
# name 24 = nbf: Bottles Fired
# name 25 = flag:  0.000e+00
# interval = seconds: 0.0416667
# start_time = Nov 05 2019 09:00:03 [NMEA time, header]
# bad_flag = -9.990e-29
*END*
[from data line 725]
      24728 309.386959  -62.30810  -58.54616      0.000    1447.29      2.194      2.173    -0.8141    -0.8178    -0.0036    -0.8142    -0.8178    -0.0036   2.771478   2.771477 -8.980e-07    34.1504    34.1545     7.6724     7.4032    -0.2691    27.4576    27.4610          5  0.000e+00
      24729 309.386960  -62.30810  -58.54616     -0.003    1447.29      2.249      2.228    -0.8132    -0.8178    -0.0046    -0.8133    -0.8178    -0.0046   2.771532   2.771489  -0.000043    34.1500    34.1546     7.6721     7.4031    -0.2691    27.4572    27.4611          5  0.000e+00
      24730 309.386960  -62.30810  -58.54616     -0.003    1447.29      2.249      2.228    -0.8123    -0.8178    -0.0055    -0.8123    -0.8178    -0.0055   2.771544   2.771489  -0.000055    34.1491    34.1546     7.6719     7.4028    -0.2691    27.4565    27.4611          5  0.000e+00
      24731 309.386961  -62.30810  -58.54616     -0.010    1447.29      2.194      2.173    -0.8127    -0.8184    -0.0056    -0.8128    -0.8184    -0.0056   2.771568   2.771489  -0.000079    34.1500    34.1553     7.6770     7.4026    -0.2744    27.4572    27.4617          5  0.000e+00
      24732 309.386961  -62.30810  -58.54616     -0.007    1447.29      2.297      2.275    -0.8118    -0.8184    -0.0066    -0.8119    -0.8184    -0.0066   2.771592   2.771466  -0.000126    34.1492    34.1549     7.6725     7.4037    -0.2688    27.4565    27.4614          5  0.000e+00
      24733 309.386962  -62.30810  -58.54616     -0.010    1447.29      2.194      2.173    -0.8121    -0.8179    -0.0058    -0.8122    -0.8180    -0.0058   2.771580   2.771477  -0.000103    34.1494    34.1546     7.6717     7.4033    -0.2684    27.4567    27.4612          5  0.000e+00
      24734 309.386962  -62.30810  -58.54616     -0.010    1447.29      2.249      2.228    -0.8124    -0.8179    -0.0055    -0.8125    -0.8180    -0.0055   2.771550   2.771506  -0.000044    34.1494    34.1550     7.6718     7.4032    -0.2687    27.4567    27.4615          5  0.000e+00
      24735 309.386963  -62.30810  -58.54616     -0.009    1447.29      2.263      2.241    -0.8121    -0.8176    -0.0055    -0.8122    -0.8176    -0.0055   2.771586   2.771495  -0.000091    34.1495    34.1544     7.6718     7.4029    -0.2688    27.4568    27.4610          5  0.000e+00
      24736 309.386963  -62.30810  -58.54616     -0.011    1447.29      2.194      2.173    -0.8116    -0.8176    -0.0060    -0.8117    -0.8177    -0.0060   2.771622   2.771489  -0.000133    34.1495    34.1544     7.6708     7.4027    -0.2682    27.4567    27.4610          5  0.000e+00
      24737 309.386964  -62.30810  -58.54616     -0.014    1447.29      2.194      2.173    -0.8113    -0.8178    -0.0064    -0.8114    -0.8178    -0.0064   2.771604   2.771489  -0.000115    34.1489    34.1546     7.6761     7.4025    -0.2735    27.4563    27.4612          5  0.000e+00
      24738 309.386964  -62.30810  -58.54616     -0.014    1447.29      2.249      2.228    -0.8118    -0.8181    -0.0063    -0.8119    -0.8181    -0.0063   2.771544   2.771466  -0.000078    34.1486    34.1546     7.6763     7.4036    -0.2726    27.4560    27.4612          5  0.000e+00
      24739 309.386965  -62.30810  -58.54616     -0.017    1447.29      2.194      2.173    -0.8135    -0.8181    -0.0046    -0.8135    -0.8181    -0.0046   2.771341   2.771460   0.000119    34.1478    34.1546     7.6715     7.4035    -0.2680    27.4554    27.4611          5  0.000e+00
      24740 309.386965  -62.30810  -58.54616     -0.017    1447.29      2.249      2.228    -0.8153    -0.8181    -0.0027    -0.8154    -0.8181    -0.0027   2.771185   2.771477   0.000292    34.1477    34.1548     7.6720     7.4046    -0.2674    27.4555    27.4613          5  0.000e+00
      24741 309.386966  -62.30810  -58.54616     -0.019    1447.29      2.194      2.173    -0.8165    -0.8179    -0.0015    -0.8165    -0.8180    -0.0015   2.771132   2.771466   0.000334    34.1483    34.1545     7.6774     7.4044    -0.2730    27.4560    27.4610          5  0.000e+00
      24742 309.386966  -62.30810  -58.54616     -0.019    1447.29      2.249      2.228    -0.8173    -0.8178    -0.0005    -0.8173    -0.8178    -0.0005   2.771108   2.771477   0.000370    34.1488    34.1544     7.6725     7.4043    -0.2682    27.4565    27.4610          5  0.000e+00
      24743 309.386967  -62.30810  -58.54616     -0.019    1447.29      2.194      2.173    -0.8175    -0.8178    -0.0003    -0.8176    -0.8178    -0.0003   2.771084   2.771489   0.000405    34.1488    34.1546     7.6769     7.4042    -0.2728    27.4564    27.4612          5  0.000e+00
      24744 309.386967  -62.30810  -58.54616     -0.021    1447.29      2.194      2.173    -0.8178    -0.8181    -0.0003    -0.8179    -0.8181    -0.0003   2.771054   2.771506   0.000452    34.1487    34.1552     7.6718     7.4041    -0.2677    27.4564    27.4616          5  0.000e+00
      24745 309.386968  -62.30810  -58.54616     -0.022    1447.29      2.215      2.194    -0.8180    -0.8181    -0.0000    -0.8181    -0.8181    -0.0000   2.771066   2.771472   0.000406    34.1492    34.1547     7.6771     7.4040    -0.2730    27.4567    27.4612          5  0.000e+00
      24746 309.386968  -62.30810  -58.54616     -0.023    1447.29      2.194      2.173    -0.8175    -0.8179    -0.0004    -0.8176    -0.8180    -0.0004   2.771114   2.771477   0.000364    34.1492    34.1546     7.6726     7.4039    -0.2687    27.4568    27.4612          5  0.000e+00
      24747 309.386969  -62.30810  -58.54616     -0.025    1447.29      2.194      2.173    -0.8180    -0.8181    -0.0001    -0.8180    -0.8181    -0.0001   2.771108   2.771506   0.000398    34.1497    34.1552     7.6727     7.4038    -0.2689    27.4572    27.4616          5  0.000e+00
      24748 309.386969  -62.30810  -58.54616     -0.024    1447.29      2.194      2.173    -0.8182    -0.8176     0.0006    -0.8183    -0.8177     0.0006   2.771084   2.771512   0.000428    34.1496    34.1547     7.6729     7.4036    -0.2692    27.4571    27.4613          5  0.000e+00
      24749 309.386970  -62.30810  -58.54616     -0.026    1447.29      2.194      2.173    -0.8181    -0.8173     0.0009    -0.8182    -0.8173     0.0009   2.771078   2.771512   0.000434    34.1495    34.1544     7.6730     7.4035    -0.2695    27.4570    27.4610          5  0.000e+00
      24750 309.386970  -62.30810  -58.54616     -0.031    1447.29      2.194      2.173    -0.8181    -0.8175     0.0007    -0.8182    -0.8175     0.0007   2.771114   2.771546   0.000433    34.1499    34.1551     7.6731     7.4034    -0.2697    27.4574    27.4615          5  0.000e+00
      24751 309.386970  -62.30810  -58.54616     -0.032    1447.29      2.194      2.173    -0.8178    -0.8175     0.0004    -0.8179    -0.8175     0.0004   2.771144   2.771581   0.000437    34.1500    34.1555     7.6732     7.4045    -0.2688    27.4574    27.4619          5  0.000e+00
      24752 309.386971  -62.30810  -58.54616     -0.031    1447.29      2.194      2.173    -0.8170    -0.8168     0.0002    -0.8171    -0.8169     0.0002   2.771173   2.771592   0.000419    34.1495    34.1550     7.6785     7.4043    -0.2742    27.4570    27.4614          5  0.000e+00
      24753 309.386971  -62.30810  -58.54616     -0.034    1447.29      2.147      2.126    -0.8167    -0.8164     0.0004    -0.8168    -0.8164     0.0004   2.771179   2.771667   0.000488    34.1493    34.1555     7.6794     7.4041    -0.2753    27.4568    27.4618          5  0.000e+00
      24754 309.386972  -62.30810  -58.54616     -0.034    1447.29      2.167      2.146    -0.8171    -0.8154     0.0017    -0.8172    -0.8155     0.0017   2.771161   2.771730   0.000569    34.1494    34.1553     7.6805     7.4038    -0.2766    27.4569    27.4616          5  0.000e+00
      24755 309.386972  -62.30810  -58.54616     -0.038    1447.29      2.194      2.173    -0.8173    -0.8150     0.0023    -0.8174    -0.8150     0.0023   2.771173   2.771747   0.000574    34.1498    34.1550     7.6756     7.3979    -0.2777    27.4573    27.4613          5  0.000e+00
      24756 309.386973  -62.30810  -58.54616     -0.037    1447.29      2.194      2.173    -0.8175    -0.8145     0.0030    -0.8176    -0.8145     0.0030   2.771144   2.771770   0.000627    34.1496    34.1547     7.6758     7.3966    -0.2792    27.4571    27.4611          5  0.000e+00
      24757 309.386973  -62.30810  -58.54616     -0.041    1447.29      2.146      2.126    -0.8177    -0.8142     0.0035    -0.8178    -0.8143     0.0035   2.771108   2.771776   0.000668    34.1494    34.1545     7.6753     7.4013    -0.2740    27.4570    27.4609          5  0.000e+00
      24758 309.386974  -62.30810  -58.54616     -0.041    1447.29      2.194      2.173    -0.8177    -0.8147     0.0030    -0.8177    -0.8147     0.0030   2.771102   2.771753   0.000651    34.1493    34.1547     7.6800     7.4015    -0.2785    27.4568    27.4611          5  0.000e+00
      24759 309.386974  -62.30810  -58.54616     -0.046    1447.29      2.099      2.078    -0.8175    -0.8148     0.0027    -0.8176    -0.8149     0.0027   2.771138   2.771747   0.000610    34.1496    34.1548     7.6756     7.4014    -0.2742    27.4571    27.4612          5  0.000e+00
      24760 309.386975  -62.30810  -58.54616     -0.046    1447.29      2.194      2.173    -0.8171    -0.8147     0.0024    -0.8172    -0.8147     0.0024   2.771173   2.771747   0.000574    34.1496    34.1546     7.6751     7.4016    -0.2735    27.4570    27.4610          5  0.000e+00
      24761 309.386975  -62.30810  -58.54616     -0.048    1447.29      2.146      2.126    -0.8167    -0.8150     0.0018    -0.8168    -0.8150     0.0018   2.771197   2.771707   0.000510    34.1495    34.1545     7.6744     7.4016    -0.2728    27.4570    27.4609          5  0.000e+00
      24762 309.386976  -62.30810  -58.54616     -0.050    1447.29      2.146      2.126    -0.8167    -0.8151     0.0016    -0.8168    -0.8152     0.0016   2.771209   2.771753   0.000544    34.1497    34.1552     7.6790     7.3958    -0.2832    27.4571    27.4616          5  0.000e+00
      24763 309.386976  -62.30810  -58.54616     -0.052    1447.29      2.146      2.126    -0.8165    -0.8151     0.0013    -0.8165    -0.8152     0.0013   2.771209   2.771696   0.000486    34.1494    34.1545     7.6792     7.3948    -0.2844    27.4568    27.4609          5  0.000e+00
      24764 309.386977  -62.30810  -58.54616     -0.052    1447.29      2.167      2.146    -0.8166    -0.8150     0.0016    -0.8166    -0.8150     0.0016   2.771227   2.771690   0.000463    34.1497    34.1542     7.6802     7.3997    -0.2805    27.4571    27.4607          5  0.000e+00
      24765 309.386977  -62.30810  -58.54616     -0.053    1447.29      2.146      2.126    -0.8166    -0.8148     0.0018    -0.8166    -0.8149     0.0018   2.771215   2.771713   0.000498    34.1496    34.1543     7.6811     7.3997    -0.2814    27.4570    27.4608          5  0.000e+00
      24766 309.386978  -62.30810  -58.54616     -0.057    1447.29      2.146      2.126    -0.8162    -0.8145     0.0017    -0.8162    -0.8146     0.0017   2.771209   2.771701   0.000492    34.1490    34.1538     7.6761     7.3998    -0.2762    27.4566    27.4604          5  0.000e+00
      24767 309.386978  -62.30810  -58.54616     -0.058    1447.29      2.146      2.126    -0.8165    -0.8151     0.0013    -0.8165    -0.8152     0.0013   2.771209   2.771713   0.000504    34.1494    34.1547     7.6755     7.3942    -0.2813    27.4568    27.4611          5  0.000e+00
      24768 309.386979  -62.30810  -58.54616     -0.059    1447.29      2.146      2.126    -0.8163    -0.8157     0.0006    -0.8163    -0.8158     0.0006   2.771245   2.771701   0.000456    34.1497    34.1552     7.6756     7.3992    -0.2764    27.4571    27.4616          5  0.000e+00
      24769 309.386979  -62.30810  -58.54616     -0.059    1447.29      2.146      2.126    -0.8165    -0.8159     0.0006    -0.8165    -0.8160     0.0006   2.771239   2.771678   0.000439    34.1498    34.1551     7.6759     7.3995    -0.2764    27.4572    27.4615          5  0.000e+00
      24770 309.386980  -62.30810  -58.54616     -0.059    1447.29      2.146      2.126    -0.8160    -0.8159     0.0001    -0.8160    -0.8160     0.0001   2.771251   2.771632   0.000381    34.1494    34.1545     7.6752     7.3997    -0.2756    27.4569    27.4610          5  0.000e+00
      24771 309.386980  -62.30810  -58.54616     -0.059    1447.29      2.146      2.126    -0.8160    -0.8158     0.0002    -0.8160    -0.8158     0.0002   2.771239   2.771615   0.000376    34.1492    34.1541     7.6747     7.4011    -0.2736    27.4567    27.4606          5  0.000e+00
      24772 309.386981  -62.30810  -58.54616     -0.059    1447.29      2.146      2.126    -0.8158    -0.8168    -0.0010    -0.8159    -0.8169    -0.0010   2.771215   2.771615   0.000400    34.1487    34.1553     7.6793     7.4015    -0.2778    27.4563    27.4617          5  0.000e+00
      24773 309.386981  -62.30810  -58.54616     -0.057    1447.29      2.167      2.146    -0.8165    -0.8164     0.0001    -0.8165    -0.8164     0.0001   2.771209   2.771673   0.000463    34.1494    34.1556     7.6797     7.4016    -0.2780    27.4568    27.4619          5  0.000e+00
      24774 309.386982  -62.30810  -58.54616     -0.056    1447.29      2.146      2.126    -0.8163    -0.8162     0.0001    -0.8163    -0.8163     0.0001   2.771209   2.771696   0.000486    34.1492    34.1557     7.6806     7.4018    -0.2788    27.4567    27.4620          5  0.000e+00
      24775 309.386982  -62.30810  -58.54616     -0.055    1447.29      2.194      2.173    -0.8169    -0.8168     0.0001    -0.8170    -0.8169     0.0001   2.771167   2.771696   0.000528    34.1493    34.1564     7.6817     7.4022    -0.2795    27.4568    27.4625          5  0.000e+00
      24776 309.386983  -62.30810  -58.54616     -0.051    1447.29      2.146      2.126    -0.8167    -0.8164     0.0004    -0.8168    -0.8164     0.0004   2.771155   2.771678   0.000523    34.1490    34.1557     7.6775     7.4023    -0.2751    27.4565    27.4619          5  0.000e+00
      24777 309.386983  -62.30810  -58.54616     -0.053    1447.29      2.146      2.126    -0.8172    -0.8158     0.0015    -0.8173    -0.8158     0.0015   2.771155   2.771673   0.000517    34.1495    34.1549     7.6770     7.4025    -0.2745    27.4570    27.4613          5  0.000e+00
      24778 309.386984  -62.30810  -58.54616     -0.048    1447.29      2.194      2.173    -0.8169    -0.8156     0.0013    -0.8170    -0.8157     0.0013   2.771138   2.771673   0.000535    34.1489    34.1547     7.6764     7.4027    -0.2736    27.4565    27.4611          5  0.000e+00
      24779 309.386984  -62.30810  -58.54616     -0.046    1447.29      2.146      2.126    -0.8170    -0.8162     0.0008    -0.8171    -0.8163     0.0008   2.771126   2.771650   0.000524    34.1489    34.1551     7.6758     7.4030    -0.2727    27.4565    27.4615          5  0.000e+00
      24780 309.386984  -62.30810  -58.54616     -0.045    1447.29      2.194      2.173    -0.8169    -0.8167     0.0003    -0.8170    -0.8167     0.0003   2.771144   2.771627   0.000483    34.1490    34.1552     7.6760     7.4034    -0.2726    27.4565    27.4616          5  0.000e+00
      24781 309.386985  -62.30810  -58.54616     -0.037    1447.29      2.194      2.173    -0.8170    -0.8165     0.0005    -0.8171    -0.8166     0.0005   2.771155   2.771598   0.000443    34.1493    34.1547     7.6755     7.4037    -0.2718    27.4568    27.4612          5  0.000e+00
      24782 309.386985  -62.30810  -58.54616     -0.037    1447.29      2.167      2.146    -0.8175    -0.8159     0.0016    -0.8176    -0.8160     0.0016   2.771138   2.771609   0.000472    34.1496    34.1542     7.6750     7.3979    -0.2771    27.4571    27.4607          5  0.000e+00
