Pos-Processados/process_op38/operantar38_007.ros
* Sea-Bird SBE 9 Data File:
* FileName = D:\OPERANTAR_XXXVIII\DADOS\OP38_007.hdr
* Software Version Seasave V 7.18c
* Temperature SN = 4808
* Conductivity SN = 3380
* Number of Bytes Per Scan = 31
* Number of Voltage Words = 2
* Number of Scans Averaged by the Deck Unit = 1
* NMEA Latitude = 44 52.70 S
* NMEA Longitude = 051 46.25 W
* NMEA UTC (Time) = Oct 19 2019 21:28:45
** H41
** NAVIO POLAR ALMIRANTE MAXIMIANO
** CRUZEIRO:
** OPERANTAR XXXVIII
** ESTAÇÃO: OP38_007
** LAT 44 52,70' S
** LONG 051 46,27' W
** 09P73767-1155
** PROFUNDIDADE: 5881
** DATA/HORA: 192130Z/OUT/2019
** OPERADOR: SO-HN CHAVES
# nquan = 27
# nvalues = 4186                                  
# units = specified
# name 0 = scan: Scan Count
# name 1 = timeJ: Julian Days
# name 2 = latitude: Latitude [deg]
# name 3 = longitude: Longitude [deg]
# name 4 = dz/dtM: Descent Rate [m/s]
# name 5 = avgsvCM: Average Sound Velocity [Chen-Millero, m/s]
# name 6 = prDM: Pressure, Digiquartz [db]
# name 7 = depSM: Depth [salt water, m]
# name 8 = t090C: Temperature [ITS-90, deg C]
# name 9 = t190C: Temperature, 2 [ITS-90, deg C]
# name 10 = T2-T190C: Temperature Difference, 2 - 1 [ITS-90, deg C]
# name 11 = potemp090C: Potential Temperature [ITS-90, deg C]
# name 12 = potemp190C: Potential Temperature, 2 [ITS-90, deg C]
# name 13 = potemp90Cdiff: Potential Temperature, Diff, 2 - 1 [ITS-90, deg C]
# name 14 = c0S/m: Conductivity [S/m]
# name 15 = c1S/m: Conductivity, 2 [S/m]
# name 16 = C2-C1S/m: Conductivity Difference, 2 - 1 [S/m]
# name 17 = sal00: Salinity, Practical [PSU]
# name 18 = sal11: Salinity, Practical, 2 [PSU]
# name 19 = sbeox0ML/L: Oxygen, SBE 43 [ml/l]
# name 20 = sigma-é00: Density [sigma-theta, kg/m^3]
# name 21 = sigma-é11: Density, 2 [sigma-theta, kg/m^3]
# name 22 = sbox0Mm/Kg: Oxygen, SBE 43 [umol/kg]
# name 23 = oxsolMm/Kg: Oxygen Saturation, Garcia & Gordon [umol/kg]
# name 24 = oxsatMm/Kg: Oxygen Saturation, Weiss [umol/kg]
# name 25 = nbf: Bottles Fired
# name 26 = flag:  0.000e+00
# interval = seconds: 0.0416667
# start_time = Oct 19 2019 21:28:45 [NMEA time, header]
# bad_flag = -9.990e-29
*END*
[from data line 3383]
      65923 292.926756  -44.87832  -51.77094     -0.090    1474.80     40.738     40.404     9.4972     9.4960    -0.0012     9.4927     9.4915    -0.0012   3.728195   3.728721   0.000526    34.6362    34.6429     6.2437    26.7531    26.7585    271.578  278.34349  278.53056         20  0.000e+00
      65924 292.926757  -44.87832  -51.77094     -0.087    1474.80     40.786     40.451     9.4971     9.4963    -0.0008     9.4926     9.4918    -0.0008   3.728215   3.728727   0.000512    34.6366    34.6426     6.2437    26.7534    26.7582    271.580  278.34373  278.53082         20  0.000e+00
      65925 292.926757  -44.87832  -51.77094     -0.090    1474.80     40.683     40.350     9.4972     9.4962    -0.0011     9.4927     9.4916    -0.0011   3.728221   3.728695   0.000473    34.6365    34.6425     6.2474    26.7533    26.7582    271.738  278.34288  278.52996         20  0.000e+00
      65926 292.926758  -44.87832  -51.77094     -0.089    1474.80     40.738     40.404     9.4972     9.4962    -0.0011     9.4927     9.4916    -0.0011   3.728221   3.728740   0.000518    34.6365    34.6429     6.2441    26.7533    26.7585    271.594  278.34293  278.53001         20  0.000e+00
      65927 292.926758  -44.87832  -51.77094     -0.087    1474.80     40.738     40.404     9.4972     9.4963    -0.0010     9.4927     9.4918    -0.0010   3.728195   3.728759   0.000565    34.6362    34.6430     6.2441    26.7531    26.7586    271.595  278.34349  278.53056         20  0.000e+00
      65928 292.926759  -44.87832  -51.77094     -0.085    1474.80     40.786     40.451     9.4971     9.4962    -0.0009     9.4926     9.4916    -0.0009   3.728208   3.728759   0.000551    34.6365    34.6431     6.2441    26.7533    26.7586    271.597  278.34387  278.53095         20  0.000e+00
      65929 292.926759  -44.87832  -51.77094     -0.088    1474.80     40.635     40.302     9.4971     9.4960    -0.0011     9.4926     9.4915    -0.0011   3.728181   3.728727   0.000546    34.6363    34.6430     6.2477    26.7532    26.7586    271.753  278.34428  278.53137         20  0.000e+00
      65930 292.926760  -44.87832  -51.77094     -0.088    1474.80     40.738     40.404     9.4972     9.4965    -0.0007     9.4927     9.4920    -0.0007   3.728228   3.728746   0.000518    34.6366    34.6427     6.2444    26.7534    26.7582    271.609  278.34280  278.52987         20  0.000e+00
      65931 292.926760  -44.87832  -51.77094     -0.091    1474.80     40.683     40.350     9.4971     9.4960    -0.0011     9.4926     9.4915    -0.0011   3.728201   3.728701   0.000500    34.6365    34.6427     6.2444    26.7533    26.7583    271.608  278.34391  278.53100         20  0.000e+00
      65932 292.926761  -44.87832  -51.77094     -0.087    1474.80     40.738     40.404     9.4972     9.4958    -0.0014     9.4927     9.4913    -0.0014   3.728161   3.728721   0.000559    34.6359    34.6430     6.2481    26.7528    26.7586    271.771  278.34419  278.53125         20  0.000e+00
      65933 292.926761  -44.87832  -51.77094     -0.091    1474.80     40.683     40.350     9.4972     9.4957    -0.0016     9.4927     9.4912    -0.0016   3.728175   3.728772   0.000598    34.6361    34.6438     6.2484    26.7529    26.7592    271.783  278.34386  278.53092         20  0.000e+00
      65934 292.926762  -44.87832  -51.77094     -0.090    1474.80     40.683     40.350     9.4972     9.4963    -0.0009     9.4927     9.4918    -0.0009   3.728188   3.728766   0.000578    34.6362    34.6431     6.2450    26.7531    26.7586    271.636  278.34358  278.53065         20  0.000e+00
      65935 292.926762  -44.87832  -51.77094     -0.094    1474.80     40.683     40.350     9.4972     9.4965    -0.0007     9.4927     9.4920    -0.0007   3.728208   3.728727   0.000519    34.6364    34.6425     6.2487    26.7532    26.7581    271.794  278.34316  278.53023         20  0.000e+00
      65936 292.926763  -44.87832  -51.77094     -0.094    1474.80     40.683     40.350     9.4974     9.4963    -0.0011     9.4929     9.4918    -0.0011   3.728201   3.728721   0.000519    34.6361    34.6426     6.2490    26.7530    26.7582    271.807  278.34249  278.52954         20  0.000e+00
      65937 292.926763  -44.87832  -51.77094     -0.096    1474.80     40.635     40.302     9.4972     9.4968    -0.0004     9.4927     9.4923    -0.0004   3.728215   3.728772   0.000557    34.6365    34.6427     6.2492    26.7533    26.7582    271.819  278.34298  278.53005         20  0.000e+00
      65938 292.926764  -44.87832  -51.77094     -0.099    1474.80     40.683     40.350     9.4972     9.4962    -0.0011     9.4927     9.4916    -0.0011   3.728221   3.728766   0.000544    34.6365    34.6432     6.2495    26.7533    26.7587    271.832  278.34288  278.52996         20  0.000e+00
      65939 292.926764  -44.87832  -51.77094     -0.100    1474.80     40.635     40.302     9.4974     9.4968    -0.0006     9.4929     9.4923    -0.0006   3.728221   3.728740   0.000518    34.6364    34.6423     6.2497    26.7532    26.7579    271.841  278.34203  278.52908         20  0.000e+00
      65940 292.926765  -44.87832  -51.77094     -0.102    1474.80     40.683     40.350     9.4972     9.4966    -0.0007     9.4927     9.4921    -0.0007   3.728221   3.728753   0.000531    34.6365    34.6427     6.2500    26.7533    26.7582    271.854  278.34288  278.52996         20  0.000e+00
      65941 292.926765  -44.87832  -51.77094     -0.102    1474.80     40.636     40.302     9.4974     9.4967    -0.0008     9.4929     9.4922    -0.0008   3.728195   3.728759   0.000565    34.6361    34.6427     6.2465    26.7529    26.7582    271.701  278.34258  278.52963         20  0.000e+00
      65942 292.926766  -44.87832  -51.77094     -0.106    1474.80     40.636     40.302     9.4972     9.4967    -0.0006     9.4927     9.4922    -0.0006   3.728221   3.728759   0.000538    34.6366    34.6427     6.2464    26.7533    26.7582    271.695  278.34284  278.52991         20  0.000e+00
      65943 292.926766  -44.87832  -51.77094     -0.109    1474.80     40.636     40.302     9.4974     9.4967    -0.0008     9.4929     9.4922    -0.0008   3.728195   3.728778   0.000584    34.6361    34.6429     6.2499    26.7529    26.7584    271.850  278.34258  278.52963         20  0.000e+00
      65944 292.926766  -44.87832  -51.77094     -0.107    1474.80     40.636     40.302     9.4974     9.4965    -0.0009     9.4929     9.4920    -0.0009   3.728188   3.728766   0.000578    34.6360    34.6429     6.2502    26.7529    26.7584    271.859  278.34272  278.52977         20  0.000e+00
      65945 292.926767  -44.87832  -51.77094     -0.112    1474.80     40.588     40.255     9.4972     9.4967    -0.0006     9.4927     9.4922    -0.0006   3.728208   3.728778   0.000570    34.6364    34.6429     6.2466    26.7533    26.7584    271.706  278.34307  278.53015         20  0.000e+00
      65946 292.926767  -44.87832  -51.77094     -0.110    1474.80     40.683     40.350     9.4971     9.4968    -0.0003     9.4926     9.4923    -0.0003   3.728195   3.728766   0.000571    34.6364    34.6426     6.2466    26.7532    26.7581    271.703  278.34405  278.53114         20  0.000e+00
      65947 292.926768  -44.87832  -51.77094     -0.114    1474.80     40.588     40.255     9.4972     9.4967    -0.0006     9.4927     9.4922    -0.0006   3.728188   3.728714   0.000526    34.6362    34.6422     6.2463    26.7531    26.7579    271.691  278.34349  278.53056         20  0.000e+00
      65948 292.926768  -44.87832  -51.77094     -0.114    1474.80     40.636     40.302     9.4972     9.4965    -0.0007     9.4927     9.4920    -0.0007   3.728188   3.728740   0.000552    34.6362    34.6427     6.2499    26.7531    26.7582    271.847  278.34353  278.53060         20  0.000e+00
      65949 292.926769  -44.87832  -51.77094     -0.116    1474.80     40.533     40.200     9.4972     9.4967    -0.0006     9.4927     9.4922    -0.0006   3.728195   3.728759   0.000565    34.6363    34.6427     6.2500    26.7532    26.7583    271.851  278.34330  278.53037         20  0.000e+00
      65950 292.926769  -44.87832  -51.77094     -0.118    1474.80     40.636     40.302     9.4972     9.4970    -0.0003     9.4927     9.4925    -0.0003   3.728215   3.728804   0.000590    34.6365    34.6429     6.2465    26.7533    26.7583    271.700  278.34298  278.53005         20  0.000e+00
      65951 292.926770  -44.87832  -51.77094     -0.119    1474.80     40.588     40.255     9.4976     9.4967    -0.0009     9.4931     9.4922    -0.0009   3.728195   3.728772   0.000577    34.6360    34.6428     6.2500    26.7528    26.7584    271.850  278.34193  278.52896         20  0.000e+00
      65952 292.926770  -44.87832  -51.77094     -0.120    1474.80     40.588     40.255     9.4971     9.4971    -0.0000     9.4926     9.4926    -0.0000   3.728235   3.728778   0.000544    34.6369    34.6425     6.2498    26.7536    26.7580    271.842  278.34313  278.53022         20  0.000e+00
      65953 292.926771  -44.87832  -51.77094     -0.126    1474.80     40.533     40.200     9.4974     9.4971    -0.0003     9.4929     9.4926    -0.0003   3.728201   3.728791   0.000590    34.6362    34.6426     6.2461    26.7530    26.7581    271.683  278.34235  278.52940         20  0.000e+00
      65954 292.926771  -44.87832  -51.77094     -0.125    1474.80     40.588     40.255     9.4972     9.4971    -0.0001     9.4927     9.4926    -0.0001   3.728208   3.728791   0.000583    34.6364    34.6426     6.2496    26.7533    26.7581    271.836  278.34307  278.53015         20  0.000e+00
      65955 292.926772  -44.87832  -51.77094     -0.124    1474.80     40.588     40.255     9.4971     9.4970    -0.0001     9.4926     9.4925    -0.0001   3.728195   3.728791   0.000597    34.6365    34.6427     6.2498    26.7533    26.7582    271.842  278.34396  278.53105         20  0.000e+00
      65956 292.926772  -44.87832  -51.77094     -0.128    1474.80     40.533     40.200     9.4972     9.4973     0.0001     9.4927     9.4928     0.0001   3.728195   3.728791   0.000597    34.6363    34.6424     6.2498    26.7532    26.7579    271.843  278.34330  278.53037         20  0.000e+00
      65957 292.926773  -44.87832  -51.77094     -0.126    1474.80     40.588     40.255     9.4974     9.4970    -0.0005     9.4929     9.4925    -0.0005   3.728215   3.728791   0.000577    34.6363    34.6427     6.2462    26.7531    26.7582    271.686  278.34212  278.52917         20  0.000e+00
      65958 292.926773  -44.87832  -51.77094     -0.129    1474.80     40.533     40.200     9.4972     9.4971    -0.0001     9.4927     9.4926    -0.0001   3.728195   3.728791   0.000597    34.6363    34.6426     6.2459    26.7532    26.7581    271.672  278.34330  278.53037         20  0.000e+00
      65959 292.926774  -44.87832  -51.77094     -0.132    1474.80     40.533     40.200     9.4974     9.4967    -0.0008     9.4929     9.4922    -0.0008   3.728161   3.728811   0.000650    34.6358    34.6433     6.2493    26.7527    26.7587    271.821  278.34318  278.53023         20  0.000e+00
      65960 292.926774  -44.87832  -51.77094     -0.130    1474.80     40.533     40.200     9.4972     9.4975     0.0002     9.4927     9.4930     0.0002   3.728174   3.728823   0.000649    34.6361    34.6426     6.2456    26.7530    26.7580    271.663  278.34372  278.53078         20  0.000e+00
      65961 292.926775  -44.87832  -51.77094     -0.132    1474.80     40.533     40.200     9.4972     9.4970    -0.0003     9.4927     9.4925    -0.0003   3.728208   3.728823   0.000616    34.6365    34.6431     6.2453    26.7533    26.7585    271.649  278.34302  278.53010         20  0.000e+00
      65962 292.926775  -44.87832  -51.77094     -0.135    1474.80     40.485     40.153     9.4972     9.4973     0.0001     9.4928     9.4928     0.0001   3.728228   3.728778   0.000550    34.6367    34.6423     6.2450    26.7534    26.7578    271.633  278.34256  278.52964         20  0.000e+00
      65963 292.926776  -44.87832  -51.77094     -0.138    1474.80     40.533     40.200     9.4976     9.4970    -0.0006     9.4931     9.4925    -0.0006   3.728221   3.728785   0.000564    34.6363    34.6427     6.2447    26.7531    26.7582    271.620  278.34132  278.52836         20  0.000e+00
      65964 292.926776  -44.87832  -51.77094     -0.137    1474.80     40.485     40.153     9.4972     9.4970    -0.0003     9.4928     9.4925    -0.0003   3.728221   3.728811   0.000589    34.6366    34.6430     6.2407    26.7534    26.7584    271.445  278.34270  278.52978         20  0.000e+00
      65965 292.926777  -44.87832  -51.77094     -0.138    1474.80     40.533     40.200     9.4974     9.4972    -0.0002     9.4929     9.4927    -0.0002   3.728195   3.728772   0.000577    34.6361    34.6423     6.2437    26.7530    26.7578    271.579  278.34249  278.52954         20  0.000e+00
      65966 292.926777  -44.87832  -51.77094     -0.139    1474.80     40.485     40.153     9.4976     9.4970    -0.0006     9.4931     9.4925    -0.0006   3.728235   3.728804   0.000569    34.6364    34.6429     6.2434    26.7532    26.7584    271.564  278.34100  278.52804         20  0.000e+00
      65967 292.926778  -44.87832  -51.77094     -0.139    1474.80     40.485     40.153     9.4974     9.4970    -0.0005     9.4929     9.4925    -0.0005   3.728255   3.728798   0.000543    34.6368    34.6429     6.2431    26.7535    26.7583    271.551  278.34119  278.52825         20  0.000e+00
      65968 292.926778  -44.87832  -51.77094     -0.138    1474.80     40.533     40.200     9.4976     9.4971    -0.0004     9.4931     9.4926    -0.0004   3.728255   3.728811   0.000556    34.6366    34.6428     6.2428    26.7533    26.7582    271.540  278.34063  278.52767         20  0.000e+00
      65969 292.926779  -44.87832  -51.77094     -0.137    1474.80     40.485     40.153     9.4976     9.4968    -0.0008     9.4931     9.4923    -0.0008   3.728215   3.728778   0.000564    34.6362    34.6428     6.2425    26.7530    26.7583    271.526  278.34142  278.52845         20  0.000e+00
      65970 292.926779  -44.87832  -51.77094     -0.138    1474.80     40.485     40.153     9.4974     9.4968    -0.0006     9.4929     9.4923    -0.0006   3.728215   3.728785   0.000570    34.6364    34.6429     6.2422    26.7532    26.7583    271.514  278.34203  278.52908         20  0.000e+00
      65971 292.926780  -44.87832  -51.77094     -0.138    1474.80     40.485     40.153     9.4976     9.4970    -0.0006     9.4931     9.4925    -0.0006   3.728195   3.728811   0.000616    34.6360    34.6430     6.2419    26.7529    26.7584    271.501  278.34183  278.52887         20  0.000e+00
      65972 292.926780  -44.87834  -51.77094     -0.138    1474.80     40.485     40.153     9.4974     9.4970    -0.0005     9.4929     9.4925    -0.0005   3.728208   3.728798   0.000590    34.6363    34.6429     6.2379    26.7531    26.7583    271.328  278.34217  278.52922         20  0.000e+00
      65973 292.926780  -44.87834  -51.77094     -0.134    1474.80     40.485     40.153     9.4972     9.4970    -0.0003     9.4928     9.4925    -0.0003   3.728221   3.728791   0.000570    34.6366    34.6428     6.2373    26.7534    26.7583    271.300  278.34270  278.52978         20  0.000e+00
      65974 292.926781  -44.87834  -51.77094     -0.139    1474.80     40.430     40.099     9.4977     9.4971    -0.0006     9.4933     9.4927    -0.0006   3.728221   3.728791   0.000570    34.6362    34.6427     6.2407    26.7530    26.7581    271.447  278.34062  278.52764         20  0.000e+00
      65975 292.926781  -44.87834  -51.77094     -0.137    1474.80     40.485     40.153     9.4974     9.4973    -0.0001     9.4929     9.4928    -0.0001   3.728228   3.728791   0.000563    34.6365    34.6425     6.2368    26.7533    26.7579    271.278  278.34175  278.52880         20  0.000e+00
