Pos-Processados/process_op38/operantar38_011.cnv
* Sea-Bird SBE 9 Data File:
* FileName = D:\OPERANTAR_XXXVIII\DADOS\OP38_011.hdr
* Software Version Seasave V 7.18c
* Temperature SN = 4808
* Conductivity SN = 3380
* Number of Bytes Per Scan = 31
* Number of Voltage Words = 2
* Number of Scans Averaged by the Deck Unit = 1
* NMEA Latitude = 43 42.36 S
* NMEA Longitude = 053 22.51 W
* NMEA UTC (Time) = Oct 20 2019 16:07:37
** H41
** NAVIO POLAR ALMIRANTE MAXIMIANO
** CRUZEIRO:
** OPERANTAR XXXVIII
** ESTAÇÃO: OP38_011
** LAT 43 42,31' S
** LONG 053 22,49' W
** 09P73767-1155
** PROFUNDIDADE: 5269
** DATA/HORA: 201609Z/OUT/2019
** OPERADOR: SO-HN CHAVES
# nquan = 32
# nvalues = 2078                        
# units = specified
# name 0 = scan: Scan Count
# name 1 = timeJ: Julian Days
# name 2 = latitude: Latitude [deg]
# name 3 = longitude: Longitude [deg]
# name 4 = dz/dtM: Descent Rate [m/s]
# name 5 = avgsvCM: Average Sound Velocity [Chen-Millero, m/s]
# name 6 = prDM: Pressure, Digiquartz [db]
# name 7 = depSM: Depth [salt water, m]
# name 8 = t090C: Temperature [ITS-90, deg C]
# name 9 = t190C: Temperature, 2 [ITS-90, deg C]
# name 10 = T2-T190C: Temperature Difference, 2 - 1 [ITS-90, deg C]
# name 11 = potemp090C: Potential Temperature [ITS-90, deg C]
# name 12 = potemp190C: Potential Temperature, 2 [ITS-90, deg C]
# name 13 = potemp90Cdiff: Potential Temperature, Diff, 2 - 1 [ITS-90, deg C]
# name 14 = c0S/m: Conductivity [S/m]
# name 15 = c1S/m: Conductivity, 2 [S/m]
# name 16 = C2-C1S/m: Conductivity Difference, 2 - 1 [S/m]
# name 17 = sal00: Salinity, Practical [PSU]
# name 18 = sal11: Salinity, Practical, 2 [PSU]
# name 19 = sbeox0ML/L: Oxygen, SBE 43 [ml/l]
# name 20 = sbeox1ML/L: Oxygen, SBE 43, 2 [ml/l]
# name 21 = sbeox0ML/Ldiff: Oxygen, SBE 43, Diff, 2 - 1 [ml/l]
# name 22 = sigma-é00: Density [sigma-theta, kg/m^3]
# name 23 = sigma-é11: Density, 2 [sigma-theta, kg/m^3]
# name 24 = sal00: Salinity, Practical [PSU]
# name 25 = sigma-é00: Density [sigma-theta, kg/m^3]
# name 26 = svCM: Sound Velocity [Chen-Millero, m/s]
# name 27 = svCM1: Sound Velocity, 2 [Chen-Millero, m/s]
# name 28 = gsw_ptA0: potential temperature [ITS-90, deg C]
# name 29 = gsw_densityA0: density, TEOS-10 [density, kg/m^3]
# name 30 = gsw_saA0: Absolute Salinity [g/kg]
# name 31 = flag:
# span 0 =       2616,      59106       
# span 1 = 293.673217, 293.700460       
# span 2 =  -43.72024,  -43.70672       
# span 3 =  -53.37956,  -53.37532       
# span 4 =     -1.410,      1.405       
# span 5 =       0.00,    1506.55       
# span 6 =      2.000,   1041.000       
# span 7 =      1.993,   1030.091       
# span 8 =     3.3805,    13.9272       
# span 9 =     3.3821,    13.9273       
# span 10 =    -0.0359,     0.0270      
# span 11 =     3.3077,    13.9253      
# span 12 =     3.3093,    13.9257      
# span 13 =    -0.0359,     0.0269      
# span 14 =   3.181865,   4.252826      
# span 15 =   3.182382,   4.253483      
# span 16 =  -0.002807,   0.003461      
# span 17 =    34.1777,    35.6160      
# span 18 =    34.1829,    35.6215      
# span 19 =     5.0759,     5.8771      
# span 20 =     4.8677,     5.6387      
# span 21 =    -0.2922,    -0.1707      
# span 22 =    26.6745,    27.2485      
# span 23 =    26.6794,    27.2521      
# span 24 =    34.1790,    35.6184      
# span 25 =    26.6746,    27.2485      
# span 26 =    1479.02,    1505.74      
# span 27 =    1479.02,    1505.74      
# span 28 =     3.3075,    13.9253      
# span 29 =  1026.6923,  1032.0602      
# span 30 =    34.3433,    35.7866      
# span 31 = 0.0000e+00, 0.0000e+00      
# interval = decibars: 1                
# start_time = Oct 20 2019 16:07:37 [NMEA time, header]
# bad_flag = -9.990e-29
*END*
[from data line 227]
       9000 293.676296  -43.70812  -53.37554      1.002    1504.33    230.000    228.033    12.5807    12.5751    -0.0055    12.5496    12.5440    -0.0056   4.102494   4.102517  -0.000048    35.3545    35.3592     5.5760     5.3570    -0.2190    26.7575    26.7623    35.3498    26.7539    1503.01    1503.00    12.5496  1027.7787    35.5173 0.0000e+00
       9020 293.676305  -43.70812  -53.37554      1.168    1504.33    231.000    229.024    12.5817    12.5858     0.0041    12.5505    12.5545     0.0040   4.103112   4.104138   0.001024    35.3574    35.3635     5.5652     5.3649    -0.2003    26.7596    26.7635    35.3544    26.7573    1503.03    1503.05    12.5505  1027.7865    35.5218 0.0000e+00
       9042 293.676316  -43.70813  -53.37554      1.173    1504.33    232.000    230.015    12.5721    12.5760     0.0039    12.5407    12.5446     0.0039   4.102362   4.103319   0.000971    35.3556    35.3613     5.5713     5.3583    -0.2130    26.7601    26.7637    35.3557    26.7602    1503.02    1503.04    12.5408  1027.7939    35.5232 0.0000e+00
       9075 293.676332  -43.70814  -53.37554      0.833    1504.33    233.000    231.006    12.5740    12.5776     0.0036    12.5425    12.5461     0.0036   4.102250   4.103175   0.000937    35.3546    35.3602     5.5846     5.3471    -0.2375    26.7590    26.7626    35.3525    26.7573    1503.04    1503.06    12.5425  1027.7953    35.5196 0.0000e+00
       9109 293.676349 -9.990e-29  -53.37554      0.652    1504.33    234.000    231.997    12.5570    12.5680     0.0110    12.5254    12.5364     0.0110   4.100520   4.102228   0.001685    35.3527    35.3586     5.5821     5.3543    -0.2277    26.7609    26.7634    35.3513    26.7598    1503.00    1503.04    12.5254  1027.8021    35.5183 0.0000e+00
       9134 293.676360 -9.990e-29  -53.37554      0.857    1504.33    235.000    232.988    12.5650    12.5645    -0.0004    12.5332    12.5328    -0.0004   4.101418   4.101867   0.000437    35.3531    35.3578     5.5788     5.3572    -0.2217    26.7597    26.7634    35.3521    26.7589    1503.04    1503.04    12.5332  1027.8056    35.5191 0.0000e+00
       9154 293.676370 -9.990e-29  -53.37554      1.068    1504.33    236.000    233.978    12.5607    12.5644     0.0037    12.5288    12.5325     0.0037   4.100650   4.101832   0.000969    35.3512    35.3571     5.5823     5.3464    -0.2358    26.7591    26.7629    35.3482    26.7567    1503.04    1503.06    12.5288  1027.8079    35.5153 0.0000e+00
       9175 293.676380  -43.70816  -53.37554      1.179    1504.31    237.000    234.969    12.5329    12.5543     0.0214    12.5009    12.5223     0.0214   4.097024   4.100263   0.003178    35.3437    35.3543     5.5821     5.3468    -0.2353    26.7588    26.7628    35.3390    26.7551    1502.95    1503.04    12.5009  1027.8111    35.5063 0.0000e+00
       9199 293.676392  -43.70816  -53.37554      1.081 -9.990e-29    238.000    235.960    12.5163    12.5171     0.0008    12.4843    12.4850     0.0008   4.095557   4.095862   0.000518    35.3409    35.3452     5.5811     5.3542    -0.2269    26.7599    26.7630    35.3399    26.7591    1502.91    1502.92    12.4843  1027.8196    35.5073 0.0000e+00
       9229 293.676406  -43.70817  -53.37554      0.839 -9.990e-29    239.000    236.951    12.5230    12.5233     0.0002    12.4908    12.4910     0.0002   4.096385   4.096882   0.000507    35.3423    35.3470     5.5808     5.3513    -0.2296    26.7597    26.7633    35.3412    26.7588    1502.95    1502.96    12.4908  1027.8237    35.5086 0.0000e+00
       9259 293.676421  -43.70818  -53.37554      0.792    1504.20    240.000    237.942    12.5160    12.5198     0.0038    12.4836    12.4874     0.0038   4.095350   4.096343   0.000924    35.3401    35.3454     5.5801     5.3646    -0.2155    26.7594    26.7628    35.3374    26.7573    1502.94    1502.96    12.4836  1027.8267    35.5048 0.0000e+00
       9285 293.676433  -43.70818  -53.37554      0.876    1504.19    241.000    238.933    12.5162    12.5159    -0.0003    12.4838    12.4834    -0.0003   4.095824   4.096264   0.000454    35.3413    35.3460     5.5809     5.3580    -0.2229    26.7603    26.7640    35.3413    26.7603    1502.96    1502.97    12.4837  1027.8341    35.5087 0.0000e+00
       9310 293.676445  -43.70819  -53.37554      0.951    1504.19    242.000    239.924    12.5239    12.5271     0.0033    12.4912    12.4945     0.0033   4.096787   4.097718   0.000907    35.3435    35.3492     5.5841     5.3551    -0.2291    26.7605    26.7642    35.3430    26.7601    1503.01    1503.03    12.4912  1027.8383    35.5104 0.0000e+00
       9335 293.676457  -43.70820  -53.37554      0.964    1504.19    243.000    240.914    12.5272    12.5288     0.0016    12.4944    12.4960     0.0016   4.097226   4.097869   0.000660    35.3446    35.3495     5.5952     5.3579    -0.2373    26.7607    26.7642    35.3436    26.7600    1503.04    1503.05    12.4944  1027.8426    35.5111 0.0000e+00
       9360 293.676470  -43.70820  -53.37554      0.950    1504.19    244.000    241.905    12.5204    12.5247     0.0043    12.4874    12.4918     0.0043   4.096453   4.097475   0.001044    35.3427    35.3487     5.6052     5.3608    -0.2443    26.7606    26.7644    35.3422    26.7602    1503.03    1503.05    12.4874  1027.8472    35.5095 0.0000e+00
       9386 293.676482 -9.990e-29  -53.37554      0.948    1504.19    245.000    242.896    12.5335    12.5312    -0.0022    12.5004    12.4982    -0.0022   4.098442   4.098619   0.000187    35.3472    35.3511     5.5946     5.3668    -0.2278    26.7616    26.7650    35.3486    26.7627    1503.10    1503.09    12.5004  1027.8538    35.5157 0.0000e+00
       9410 293.676494 -9.990e-29  -53.37554      0.969    1504.19    246.000    243.887    12.5479    12.5510     0.0031    12.5147    12.5178     0.0031   4.100108   4.101039   0.000917    35.3499    35.3559     5.5863     5.3721    -0.2141    26.7609    26.7649    35.3507    26.7615    1503.16    1503.18    12.5146  1027.8570    35.5178 0.0000e+00
       9434 293.676505 -9.990e-29  -53.37554      0.987    1504.19    247.000    244.878    12.5581    12.5601     0.0019    12.5248    12.5267     0.0019   4.102043   4.102855   0.000800    35.3541    35.3601     5.6009     5.3653    -0.2356    26.7621    26.7664    35.3593    26.7662    1503.22    1503.24    12.5248  1027.8660    35.5264 0.0000e+00
       9459 293.676517  -43.70822  -53.37554      0.978    1504.19    248.000    245.869    12.6064    12.6080     0.0016    12.5728    12.5744     0.0015   4.107703   4.108364   0.000684    35.3660    35.3711     5.5966     5.3689    -0.2277    26.7619    26.7656    35.3681    26.7635    1503.41    1503.42    12.5728  1027.8676    35.5353 0.0000e+00
       9484 293.676529  -43.70824  -53.37554      0.970    1504.19    249.000    246.859    12.6074    12.6087     0.0012    12.5737    12.5749     0.0012   4.107748   4.108391   0.000648    35.3659    35.3710     5.5960     5.3736    -0.2224    26.7616    26.7654    35.3671    26.7626    1503.43    1503.44    12.5737  1027.8713    35.5347 0.0000e+00
       9508 293.676541  -43.70824  -53.37554      0.979    1504.19    250.000    247.850    12.6040    12.6054     0.0014    12.5701    12.5715     0.0014   4.107383   4.108060   0.000671    35.3655    35.3706     5.6061     5.3833    -0.2229    26.7620    26.7657    35.3664    26.7627    1503.44    1503.45    12.5701  1027.8759    35.5339 0.0000e+00
       9532 293.676553  -43.70824  -53.37554      0.990    1504.19    251.000    248.841    12.6022    12.6035     0.0013    12.5682    12.5695     0.0013   4.107208   4.107875   0.000663    35.3653    35.3705     5.6039     5.3802    -0.2236    26.7622    26.7660    35.3660    26.7627    1503.45    1503.46    12.5682  1027.8804    35.5335 0.0000e+00
       9560 293.676566  -43.70824  -53.37554      0.930    1504.19    252.000    249.832    12.5923    12.5946     0.0023    12.5581    12.5605     0.0023   4.105986   4.106753   0.000767    35.3633    35.3685     5.5920     5.3773    -0.2147    26.7627    26.7663    35.3631    26.7625    1503.43    1503.44    12.5582  1027.8846    35.5306 0.0000e+00
       9592 293.676582  -43.70826  -53.37554      0.758    1504.19    253.000    250.823    12.5854    12.5884     0.0029    12.5512    12.5541     0.0029   4.105219   4.106070   0.000868    35.3620    35.3676     5.6055     5.3775    -0.2279    26.7630    26.7668    35.3617    26.7628    1503.42    1503.44    12.5512  1027.8894    35.5292 0.0000e+00
       9623 293.676596  -43.70827  -53.37554      0.755    1504.19    254.000    251.813    12.5741    12.5756     0.0015    12.5398    12.5413     0.0015   4.103897   4.104604   0.000688    35.3598    35.3650     5.6239     5.3936    -0.2303    26.7635    26.7673    35.3592    26.7631    1503.39    1503.40    12.5398  1027.8941    35.5267 0.0000e+00
       9648 293.676608  -43.70828  -53.37554      0.885    1504.19    255.000    252.804    12.5713    12.5731     0.0018    12.5367    12.5385     0.0018   4.103652   4.104375   0.000726    35.3592    35.3644     5.6240     5.3911    -0.2328    26.7637    26.7674    35.3591    26.7636    1503.40    1503.41    12.5368  1027.8991    35.5266 0.0000e+00
       9671 293.676619  -43.70828  -53.37555      1.002    1504.19    256.000    253.795    12.5691    12.5708     0.0017    12.5344    12.5361     0.0017   4.103360   4.104093   0.000731    35.3585    35.3639     5.6118     5.3856    -0.2263    26.7636    26.7675    35.3579    26.7631    1503.41    1503.42    12.5344  1027.9031    35.5254 0.0000e+00
       9693 293.676630  -43.70828  -53.37556      1.057    1504.19    257.000    254.786    12.5659    12.5666     0.0007    12.5311    12.5319     0.0007   4.103068   4.103668   0.000615    35.3579    35.3631     5.6233     5.3923    -0.2309    26.7638    26.7677    35.3577    26.7636    1503.41    1503.42    12.5311  1027.9080    35.5252 0.0000e+00
       9717 293.676642  -43.70829  -53.37555      1.035    1504.19    258.000    255.776    12.5654    12.5666     0.0012    12.5305    12.5317     0.0012   4.103067   4.103732   0.000664    35.3578    35.3631     5.6344     5.3984    -0.2361    26.7639    26.7677    35.3576    26.7637    1503.43    1503.44    12.5305  1027.9125    35.5251 0.0000e+00
       9742 293.676654  -43.70830  -53.37554      0.982    1504.19    259.000    256.767    12.5646    12.5669     0.0022    12.5296    12.5318     0.0022   4.103013   4.103793   0.000777    35.3576    35.3630     5.6262     5.3983    -0.2279    26.7639    26.7676    35.3575    26.7638    1503.44    1503.46    12.5296  1027.9170    35.5250 0.0000e+00
       9769 293.676667  -43.70830  -53.37554      0.924    1504.19    260.000    257.758    12.5644    12.5661     0.0017    12.5292    12.5309     0.0017   4.103012   4.103722   0.000714    35.3575    35.3628     5.6244     5.4021    -0.2223    26.7639    26.7677    35.3572    26.7637    1503.46    1503.47    12.5292  1027.9213    35.5247 0.0000e+00
       9796 293.676680  -43.70832  -53.37554      0.882    1504.19    261.000    258.749    12.5614    12.5623     0.0009    12.5261    12.5270     0.0009   4.102665   4.103279   0.000614    35.3568    35.3618     5.6247     5.4007    -0.2240    26.7639    26.7677    35.3562    26.7635    1503.46    1503.47    12.5261  1027.9256    35.5237 0.0000e+00
       9822 293.676692  -43.70832  -53.37556      0.906    1504.19    262.000    259.739    12.5592    12.5597     0.0005    12.5237    12.5243     0.0005   4.102472   4.103021   0.000585    35.3562    35.3613     5.6265     5.4026    -0.2240    26.7640    26.7678    35.3560    26.7638    1503.47    1503.48    12.5237  1027.9304    35.5235 0.0000e+00
       9846 293.676704  -43.70832  -53.37556      0.968    1504.19    263.000    260.730    12.5617    12.5626     0.0009    12.5261    12.5270     0.0009   4.102852   4.103507   0.000629    35.3568    35.3620     5.6299     5.4002    -0.2297    26.7640    26.7679    35.3569    26.7640    1503.50    1503.51    12.5261  1027.9350    35.5244 0.0000e+00
       9873 293.676717  -43.70834  -53.37556      0.936    1504.19    264.000    261.721    12.5624    12.5632     0.0008    12.5267    12.5275     0.0008   4.102936   4.103536   0.000598    35.3568    35.3618     5.6369     5.3997    -0.2372    26.7638    26.7676    35.3566    26.7637    1503.52    1503.52    12.5267  1027.9391    35.5241 0.0000e+00
       9907 293.676733  -43.70834  -53.37554      0.753    1504.19    265.000    262.712    12.5616    12.5631     0.0015    12.5258    12.5273     0.0015   4.102902   4.103586   0.000675    35.3567    35.3618     5.6266     5.4058    -0.2208    26.7640    26.7676    35.3566    26.7639    1503.53    1503.54    12.5258  1027.9437    35.5241 0.0000e+00
       9938 293.676748  -43.70835  -53.37554      0.727    1504.19    266.000    263.702    12.5615    12.5625     0.0010    12.5255    12.5265     0.0010   4.102930   4.103521   0.000607    35.3566    35.3615     5.6108     5.3937    -0.2170    26.7639    26.7675    35.3566    26.7639    1503.55    1503.55    12.5255  1027.9482    35.5241 0.0000e+00
       9962 293.676760  -43.70836  -53.37556      0.896    1504.19    267.000    264.693    12.5575    12.5598     0.0022    12.5214    12.5236     0.0022   4.102426   4.103201   0.000781    35.3555    35.3609     5.6129     5.3951    -0.2177    26.7638    26.7676    35.3550    26.7635    1503.55    1503.56    12.5214  1027.9522    35.5225 0.0000e+00
       9983 293.676770  -43.70836  -53.37556      1.058    1504.19    268.000    265.684    12.5494    12.5523     0.0029    12.5131    12.5160     0.0029   4.101259   4.102144   0.000851    35.3533    35.3587     5.6260     5.3948    -0.2312    26.7637    26.7675    35.3510    26.7620    1503.53    1503.55    12.5132  1027.9551    35.5184 0.0000e+00
      10004 293.676780  -43.70837  -53.37556      1.133    1504.19    269.000    266.675    12.5305    12.5376     0.0070    12.4942    12.5012     0.0070   4.099087   4.100381   0.001294    35.3497    35.3555     5.6355     5.3975    -0.2380    26.7647    26.7679    35.3473    26.7628    1503.48    1503.51    12.4942  1027.9605    35.5148 0.0000e+00
      10027 293.676791  -43.70838  -53.37556      1.094    1504.19    270.000    267.665    12.5188    12.5189     0.0001    12.4823    12.4824     0.0001   4.097789   4.098247   0.000470    35.3472    35.3517     5.6317     5.4046    -0.2271    26.7651    26.7686    35.3454    26.7637    1503.46    1503.46    12.4823  1027.9659    35.5129 0.0000e+00
      10051 293.676803  -43.70838  -53.37556      1.028    1504.19    271.000    268.656    12.5088    12.5105     0.0017    12.4722    12.4739     0.0017   4.096500   4.097247   0.000724    35.3443    35.3497     5.6263     5.4039    -0.2223    26.7648    26.7687    35.3419    26.7630    1503.43    1503.45    12.4723  1027.9697    35.5093 0.0000e+00
      10073 293.676813  -43.70838  -53.37556      1.045    1504.19    272.000    269.647    12.4983    12.5012     0.0029    12.4616    12.4645     0.0029   4.095430   4.096136   0.000792    35.3425    35.3475     5.6253     5.4073    -0.2180    26.7656    26.7688    35.3410    26.7643    1503.41    1503.43    12.4617  1027.9755    35.5084 0.0000e+00
      10096 293.676824  -43.70839  -53.37556      1.070    1504.19    273.000    270.637    12.4792    12.4839     0.0047    12.4424    12.4471     0.0047   4.092792   4.094046   0.001128    35.3368    35.3434     5.6279     5.4082    -0.2197    26.7649    26.7691    35.3330    26.7620    1503.36    1503.38    12.4424  1027.9777    35.5005 0.0000e+00
