Pos-Processados/process_op38/operantar38_004.cnv
* Sea-Bird SBE 9 Data File:
* FileName = D:\OPERANTAR_XXXVIII\DADOS\OP38_004.hdr
* Software Version Seasave V 7.12
* Temperature SN = 4808
* Conductivity SN = 3380
* Number of Bytes Per Scan = 31
* Number of Voltage Words = 2
* Number of Scans Averaged by the Deck Unit = 1
* NMEA Latitude = 39 58.92 S
* NMEA Longitude = 054 59.71 W
* NMEA UTC (Time) = Oct 17 2019 15:31:47
** H41
** NAVIO POLAR ALMIRANTE MAXIMIANO
** CRUZEIRO:
** OPERANTAR XXXVIII
** ESTAวรO: OP38_004
** LAT 39บ 58,96'S
** LONG 054บ 59,70'W
** 09P73767-1155
** PROFUNDIDADE: 1627 m
** DATA/HORA: 171533Z/OUT/2019
** OPERADOR: SO-HN CHAVES
# nquan = 33
# nvalues = 2034                        
# units = specified
# name 0 = scan: Scan Count
# name 1 = timeJ: Julian Days
# name 2 = latitude: Latitude [deg]
# name 3 = longitude: Longitude [deg]
# name 4 = dz/dtM: Descent Rate [m/s]
# name 5 = avgsvCM: Average Sound Velocity [Chen-Millero, m/s]
# name 6 = prDM: Pressure, Digiquartz [db]
# name 7 = depSM: Depth [salt water, m]
# name 8 = t090C: Temperature [ITS-90, deg C]
# name 9 = t190C: Temperature, 2 [ITS-90, deg C]
# name 10 = T2-T190C: Temperature Difference, 2 - 1 [ITS-90, deg C]
# name 11 = potemp090C: Potential Temperature [ITS-90, deg C]
# name 12 = potemp190C: Potential Temperature, 2 [ITS-90, deg C]
# name 13 = potemp90Cdiff: Potential Temperature, Diff, 2 - 1 [ITS-90, deg C]
# name 14 = c0S/m: Conductivity [S/m]
# name 15 = c1S/m: Conductivity, 2 [S/m]
# name 16 = C2-C1S/m: Conductivity Difference, 2 - 1 [S/m]
# name 17 = sal00: Salinity, Practical [PSU]
# name 18 = sal11: Salinity, Practical, 2 [PSU]
# name 19 = sbeox0ML/L: Oxygen, SBE 43 [ml/l]
# name 20 = sigma-้00: Density [sigma-theta, kg/m^3]
# name 21 = sigma-้11: Density, 2 [sigma-theta, kg/m^3]
# name 22 = sbox0Mm/Kg: Oxygen, SBE 43 [umol/kg]
# name 23 = oxsolMm/Kg: Oxygen Saturation, Garcia & Gordon [umol/kg]
# name 24 = oxsatMm/Kg: Oxygen Saturation, Weiss [umol/kg]
# name 25 = sal00: Salinity, Practical [PSU]
# name 26 = sigma-้00: Density [sigma-theta, kg/m^3]
# name 27 = svCM: Sound Velocity [Chen-Millero, m/s]
# name 28 = svCM1: Sound Velocity, 2 [Chen-Millero, m/s]
# name 29 = gsw_ptA0: potential temperature [ITS-90, deg C]
# name 30 = gsw_densityA0: density, TEOS-10 [density, kg/m^3]
# name 31 = gsw_saA0: Absolute Salinity [g/kg]
# name 32 = flag:
# span 0 =       2045,      65770       
# span 1 = 290.648058, 290.678789       
# span 2 =  -39.98184,  -39.97412       
# span 3 =  -54.99528,  -54.99512       
# span 4 =     -1.536,      1.573       
# span 5 =       0.00,    1475.01       
# span 6 =      3.000,   1020.000       
# span 7 =      2.997,   1009.706       
# span 8 =     2.5350,     6.8426       
# span 9 =     2.5356,     6.8372       
# span 10 =    -0.0550,     0.0591      
# span 11 =     2.4693,     6.8423      
# span 12 =     2.4698,     6.8369      
# span 13 =    -0.0548,     0.0591      
# span 14 =   3.104826,   3.430987      
# span 15 =   3.105302,   3.431200      
# span 16 =  -0.004683,   0.005548      
# span 17 =    34.0568,    34.5223      
# span 18 =    34.0613,    34.5271      
# span 19 =     3.8559,     7.5355      
# span 20 =    26.7142,    27.5506      
# span 21 =    26.7221,    27.5544      
# span 22 =    167.588,    327.728      
# span 23 =  296.51392,  327.45680      
# span 24 =  296.95436,  328.48851      
# span 25 =    34.0526,    34.5223      
# span 26 =    26.7163,    27.5506      
# span 27 =    1466.52,    1476.96      
# span 28 =    1466.53,    1476.95      
# span 29 =     2.4692,     6.8423      
# span 30 =  1026.7336,  1032.2880      
# span 31 =    34.2138,    34.6890      
# span 32 = 0.0000e+00, 0.0000e+00      
# interval = decibars: 1                
# start_time = Oct 17 2019 15:31:47 [NMEA time, header]
# bad_flag = -9.990e-29
*END*
[from data line 1671]
      46464 290.669479  -39.97636  -54.99518     -0.960    1470.62    365.000    361.884     3.3983     3.4063     0.0079     3.3745     3.3823     0.0079   3.146969   3.148186   0.001158    34.1391    34.1448     5.9350    27.1632    27.1669    258.047  321.50929  322.39317    34.1412    27.1648    1468.96    1469.00     3.3744  1028.8647    34.3031 0.0000e+00
      46486 290.669489  -39.97635  -54.99518     -1.034    1470.62    364.000    360.894     3.4025     3.4141     0.0117     3.3786     3.3903     0.0116   3.147353   3.148844   0.001479    34.1396    34.1451     5.9300    27.1631    27.1664    257.830  321.47607  322.35935    34.1420    27.1651    1468.96    1469.02     3.3786  1028.8602    34.3039 0.0000e+00
      46509 290.669500  -39.97634  -54.99518     -1.080    1470.62    363.000    359.904     3.4132     3.4207     0.0076     3.3894     3.3969     0.0076   3.148279   3.149336   0.001087    34.1399    34.1450     5.9250    27.1623    27.1657    257.612  321.39141  322.27312    34.1425    27.1644    1468.99    1469.03     3.3894  1028.8549    34.3044 0.0000e+00
      46532 290.669511  -39.97634  -54.99518     -1.067    1470.62    362.000    358.913     3.4199     3.4235     0.0037     3.3961     3.3998     0.0037   3.148749   3.149541   0.000799    34.1395    34.1452     5.9281    27.1614    27.1656    257.748  321.33976  322.22046    34.1417    27.1631    1469.00    1469.02     3.3961  1028.8489    34.3035 0.0000e+00
      46557 290.669523  -39.97634  -54.99518     -0.996    1470.62    361.000    357.922     3.4234     3.4261     0.0028     3.3997     3.4025     0.0028   3.148985   3.149706   0.000719    34.1395    34.1453     5.9258    27.1611    27.1654    257.647  321.31220  322.19238    34.1413    27.1625    1469.00    1469.02     3.3997  1028.8436    34.3032 0.0000e+00
      46582 290.669536  -39.97634  -54.99518     -0.950    1470.62    360.000    356.931     3.4267     3.4286     0.0019     3.4030     3.4050     0.0019   3.149225   3.149857   0.000635    34.1396    34.1452     5.9342    27.1608    27.1651    258.014  321.28625  322.16595    34.1413    27.1621    1469.00    1469.01     3.4030  1028.8385    34.3032 0.0000e+00
      46606 290.669547  -39.97633  -54.99518     -0.968    1470.62    359.000    355.941     3.4300     3.4328     0.0028     3.4064     3.4092     0.0028   3.149462   3.150158   0.000703    34.1395    34.1450     5.9416    27.1604    27.1645    258.338  321.26048  322.13969    34.1412    27.1618    1469.00    1469.01     3.4064  1028.8335    34.3031 0.0000e+00
      46632 290.669560  -39.97632  -54.99518     -0.971    1470.62    358.000    354.950     3.4332     3.4351     0.0019     3.4097     3.4116     0.0019   3.149661   3.150279   0.000622    34.1394    34.1448     5.9407    27.1600    27.1642    258.297  321.23563  322.11436    34.1408    27.1611    1468.99    1469.01     3.4096  1028.8282    34.3026 0.0000e+00
      46661 290.669574  -39.97632  -54.99518     -0.869    1470.62    357.000    353.960     3.4356     3.4360     0.0004     3.4121     3.4125     0.0004   3.149809   3.150292   0.000505    34.1392    34.1448     5.9348    27.1597    27.1641    258.040  321.21730  322.09567    34.1406    27.1607    1468.99    1468.99     3.4121  1028.8231    34.3024 0.0000e+00
      46695 290.669590  -39.97632  -54.99518     -0.721    1470.62    356.000    352.969     3.4392     3.4373    -0.0018     3.4158     3.4140    -0.0018   3.150051   3.150380   0.000341    34.1391    34.1451     5.9398    27.1592    27.1641    258.259  321.18943  322.06726    34.1402    27.1601    1468.98    1468.98     3.4158  1028.8178    34.3021 0.0000e+00
      46724 290.669604  -39.97632  -54.99518     -0.765    1470.62    355.000    351.979     3.4408     3.4403    -0.0005     3.4175     3.4170    -0.0005   3.150155   3.150606   0.000440    34.1392    34.1451     5.9407    27.1591    27.1639    258.298  321.17602  322.05361    34.1403    27.1600    1468.98    1468.98     3.4175  1028.8131    34.3022 0.0000e+00
      46746 290.669615  -39.97632  -54.99518     -0.945    1470.62    354.000    350.988     3.4425     3.4434     0.0008     3.4193     3.4201     0.0008   3.150247   3.150773   0.000531    34.1392    34.1447     5.9483    27.1589    27.1633    258.628  321.16270  322.04003    34.1401    27.1597    1468.96    1468.98     3.4192  1028.8081    34.3020 0.0000e+00
      46766 290.669624  -39.97632  -54.99518     -1.125    1470.62    353.000    349.997     3.4424     3.4437     0.0013     3.4192     3.4205     0.0013   3.150150   3.150744   0.000584    34.1390    34.1447     5.9512    27.1588    27.1632    258.754  321.16427  322.04162    34.1397    27.1593    1468.95    1468.96     3.4192  1028.8031    34.3015 0.0000e+00
      46783 290.669633  -39.97632  -54.99518     -1.270    1470.62    352.000    349.007     3.4434     3.4442     0.0008     3.4203     3.4211     0.0008   3.150207   3.150746   0.000550    34.1389    34.1447     5.9505    27.1586    27.1631    258.723  321.15665  322.03385    34.1398    27.1593    1468.94    1468.95     3.4202  1028.7985    34.3017 0.0000e+00
      46800 290.669641  -39.97632  -54.99518     -1.364    1470.62    351.000    348.016     3.4448     3.4463     0.0015     3.4217     3.4232     0.0015   3.150284   3.150884   0.000602    34.1388    34.1445     5.9522    27.1584    27.1628    258.795  321.14596  322.02295    34.1398    27.1592    1468.92    1468.94     3.4217  1028.7937    34.3017 0.0000e+00
      46820 290.669650  -39.97631  -54.99518     -1.330    1470.62    350.000    347.025     3.4490     3.4503     0.0014     3.4260     3.4273     0.0013   3.150564   3.151165   0.000583    34.1385    34.1441     5.9551    27.1577    27.1620    258.924  321.11415  321.99051    34.1393    27.1584    1468.93    1468.94     3.4259  1028.7882    34.3012 0.0000e+00
      46847 290.669663  -39.97630  -54.99518     -1.060    1470.62    349.000    346.038     3.4519     3.4547     0.0029     3.4290     3.4318     0.0029   3.150803   3.151424   0.000660    34.1385    34.1434     5.9528    27.1575    27.1611    258.822  321.09137  321.96730    34.1397    27.1584    1468.92    1468.94     3.4289  1028.7836    34.3015 0.0000e+00
      46889 290.669684  -39.97630  -54.99518     -0.573    1470.62    348.000    345.042     3.4683     3.4638    -0.0044     3.4454     3.4409    -0.0044   3.151916   3.152085   0.000173    34.1351    34.1418     5.9578    27.1532    27.1590    259.044  320.97123  321.84462    34.1364    27.1542    1468.97    1468.96     3.4453  1028.7746    34.2982 0.0000e+00
      46926 290.669701  -39.97628  -54.99518     -0.601    1470.62    347.000    344.049     3.4696     3.4666    -0.0030     3.4467     3.4438    -0.0030   3.151901   3.152218   0.000299    34.1346    34.1413     5.9726    27.1526    27.1582    259.687  320.96221  321.83540    34.1354    27.1533    1468.96    1468.95     3.4467  1028.7690    34.2972 0.0000e+00
      46949 290.669712  -39.97630  -54.99518     -0.876    1470.62    346.000    343.063     3.4694     3.4716     0.0023     3.4466     3.4488     0.0022   3.151859   3.152509   0.000633    34.1348    34.1401     5.9874    27.1529    27.1568    260.328  320.96304  321.83626    34.1356    27.1535    1468.94    1468.96     3.4466  1028.7646    34.2974 0.0000e+00
      46967 290.669721  -39.97630  -54.99518     -1.132    1470.62    345.000    342.072     3.4699     3.4731     0.0032     3.4472     3.4504     0.0032   3.151834   3.152553   0.000709    34.1346    34.1397     6.0028    27.1526    27.1564    260.996  320.95980  321.83294    34.1353    27.1532    1468.93    1468.95     3.4471  1028.7596    34.2971 0.0000e+00
      46984 290.669729  -39.97630  -54.99518     -1.321    1470.62    344.000    341.081     3.4723     3.4737     0.0014     3.4496     3.4510     0.0014   3.151948   3.152513   0.000580    34.1340    34.1394     6.0071    27.1518    27.1561    261.186  320.94284  321.81561    34.1347    27.1525    1468.92    1468.93     3.4496  1028.7543    34.2966 0.0000e+00
      47002 290.669738  -39.97630  -54.99518     -1.391    1470.62    343.000    340.090     3.4733     3.4738     0.0004     3.4507     3.4512     0.0004   3.151943   3.152437   0.000496    34.1335    34.1390     6.0073    27.1514    27.1557    261.195  320.93556  321.80815    34.1341    27.1519    1468.91    1468.92     3.4507  1028.7490    34.2959 0.0000e+00
      47021 290.669747  -39.97628  -54.99518     -1.312    1470.62    342.000    339.100     3.4735     3.4740     0.0005     3.4510     3.4515     0.0005   3.151902   3.152414   0.000509    34.1334    34.1390     6.0106    27.1513    27.1557    261.337  320.93448  321.80704    34.1340    27.1517    1468.89    1468.90     3.4509  1028.7443    34.2958 0.0000e+00
      47044 290.669758  -39.97628  -54.99518     -1.158    1470.62    341.000    338.109     3.4742     3.4749     0.0007     3.4518     3.4524     0.0007   3.151886   3.152410   0.000525    34.1330    34.1386     6.0169    27.1509    27.1553    261.613  320.92985  321.80229    34.1336    27.1513    1468.88    1468.89     3.4517  1028.7392    34.2954 0.0000e+00
      47071 290.669771  -39.97628  -54.99518     -0.965    1470.62    340.000    337.118     3.4755     3.4759     0.0004     3.4531     3.4535     0.0004   3.151928   3.152430   0.000508    34.1327    34.1384     6.0230    27.1505    27.1550    261.879  320.92064  321.79289    34.1333    27.1510    1468.87    1468.88     3.4531  1028.7342    34.2951 0.0000e+00
      47105 290.669788  -39.97627  -54.99518     -0.748    1470.62    339.000    336.128     3.4769     3.4765    -0.0004     3.4546     3.4541    -0.0004   3.151952   3.152423   0.000472    34.1322    34.1383     6.0233    27.1500    27.1549    261.889  320.91097  321.78299    34.1326    27.1503    1468.85    1468.86     3.4545  1028.7289    34.2944 0.0000e+00
      47141 290.669805  -39.97626  -54.99518     -0.654    1470.62    338.000    335.136     3.4777     3.4773    -0.0004     3.4554     3.4550    -0.0004   3.151944   3.152412   0.000468    34.1319    34.1379     6.0295    27.1496    27.1544    262.162  320.90552  321.77741    34.1322    27.1499    1468.84    1468.85     3.4554  1028.7238    34.2940 0.0000e+00
      47169 290.669819  -39.97626  -54.99518     -0.775    1470.62    337.000    334.146     3.4778     3.4780     0.0002     3.4556     3.4558     0.0002   3.151919   3.152412   0.000493    34.1320    34.1378     6.0366    27.1497    27.1543    262.467  320.90414  321.77603    34.1323    27.1500    1468.82    1468.83     3.4556  1028.7193    34.2941 0.0000e+00
      47193 290.669830  -39.97626  -54.99518     -0.931    1470.62    336.000    333.155     3.4778     3.4784     0.0006     3.4557     3.4563     0.0006   3.151881   3.152388   0.000503    34.1321    34.1376     6.0377    27.1498    27.1541    262.516  320.90364  321.77552    34.1324    27.1500    1468.81    1468.82     3.4557  1028.7147    34.2942 0.0000e+00
      47215 290.669841  -39.97626  -54.99518     -1.058    1470.62    335.000    332.165     3.4783     3.4793     0.0010     3.4562     3.4573     0.0010   3.151849   3.152390   0.000538    34.1318    34.1372     6.0402    27.1495    27.1537    262.622  320.90106  321.77287    34.1321    27.1497    1468.79    1468.81     3.4562  1028.7097    34.2938 0.0000e+00
      47236 290.669851  -39.97626  -54.99518     -1.135    1470.62    334.000    331.174     3.4791     3.4809     0.0019     3.4571     3.4590     0.0019   3.151839   3.152490   0.000619    34.1314    34.1369     6.0402    27.1491    27.1533    262.626  320.89574  321.76742    34.1316    27.1493    1468.78    1468.80     3.4571  1028.7046    34.2934 0.0000e+00
      47257 290.669861  -39.97626  -54.99518     -1.136    1470.62    333.000    330.183     3.4805     3.4856     0.0050     3.4586     3.4636     0.0050   3.151926   3.152835   0.000903    34.1312    34.1368     6.0403    27.1488    27.1528    262.630  320.88462  321.75607    34.1317    27.1492    1468.77    1468.80     3.4586  1028.6999    34.2934 0.0000e+00
      47281 290.669873  -39.97625  -54.99518     -1.072    1470.62    332.000    329.193     3.4844     3.4884     0.0041     3.4625     3.4666     0.0041   3.152250   3.153085   0.000821    34.1314    34.1370     6.0399    27.1486    27.1526    262.614  320.85440  321.72529    34.1321    27.1491    1468.77    1468.80     3.4625  1028.6952    34.2939 0.0000e+00
      47309 290.669886  -39.97624  -54.99518     -0.920    1470.62    331.000    328.202     3.4953     3.5004     0.0051     3.4735     3.4786     0.0050   3.153288   3.154190   0.000918    34.1318    34.1375     6.0494    27.1479    27.1519    263.027  320.76766  321.63695    34.1336    27.1493    1468.80    1468.83     3.4735  1028.6905    34.2954 0.0000e+00
      47342 290.669902  -39.97624  -54.99518     -0.747    1470.62    330.000    327.211     3.5254     3.5135    -0.0120     3.5036     3.4917    -0.0119   3.156033   3.155349  -0.000614    34.1329    34.1380     6.0520    27.1458    27.1511    263.141  320.52998  321.39489    34.1355    27.1479    1468.92    1468.87     3.5035  1028.6843    34.2973 0.0000e+00
      47375 290.669918  -39.97624  -54.99518     -0.716    1470.62    329.000    326.220     3.5312     3.5282    -0.0030     3.5094     3.5065    -0.0029   3.156231   3.156546   0.000278    34.1313    34.1377     6.0521    27.1440    27.1494    263.144  320.48874  321.35275    34.1324    27.1449    1468.92    1468.92     3.5094  1028.6766    34.2942 0.0000e+00
      47402 290.669931  -39.97622  -54.99518     -0.822    1470.62    328.000    325.230     3.5285     3.5268    -0.0017     3.5068     3.5051    -0.0017   3.155832   3.156119   0.000281    34.1305    34.1357     6.0375    27.1436    27.1479    262.510  320.51174  321.37612    34.1310    27.1440    1468.89    1468.89     3.5068  1028.6711    34.2927 0.0000e+00
      47422 290.669941  -39.97623  -54.99518     -1.003    1470.62    327.000    324.239     3.5248     3.5234    -0.0014     3.5032     3.5018    -0.0014   3.155396   3.155666   0.000318    34.1295    34.1348     6.0304    27.1432    27.1475    262.203  320.54311  321.40800    34.1302    27.1437    1468.86    1468.86     3.5031  1028.6662    34.2919 0.0000e+00
      47440 290.669949  -39.97624  -54.99518     -1.204    1470.62    326.000    323.248     3.5222     3.5184    -0.0037     3.5006     3.4969    -0.0037   3.155013   3.155065   0.000067    34.1290    34.1337     6.0352    27.1430    27.1471    262.409  320.56462  321.42988    34.1289    27.1429    1468.83    1468.82     3.5006  1028.6608    34.2906 0.0000e+00
      47457 290.669957  -39.97624  -54.99518     -1.360    1470.62    325.000    322.257     3.5149     3.5101    -0.0048     3.4934     3.4887    -0.0048   3.154210   3.154174  -0.000016    34.1278    34.1326     6.0495    27.1427    27.1470    263.033  320.62478  321.49107    34.1274    27.1424    1468.78    1468.76     3.4934  1028.6557    34.2891 0.0000e+00
      47475 290.669966  -39.97624  -54.99518     -1.399    1470.62    324.000    321.266     3.5092     3.5045    -0.0047     3.4879     3.4832    -0.0047   3.153578   3.153615   0.000012    34.1270    34.1321     6.0616    27.1427    27.1472    263.558  320.67044  321.53753    34.1262    27.1420    1468.74    1468.72     3.4878  1028.6507    34.2880 0.0000e+00
      47500 290.669978  -39.97622  -54.99518     -1.163    1470.62    323.000    320.276     3.5036     3.5013    -0.0024     3.4824     3.4800    -0.0024   3.152976   3.153278   0.000248    34.1262    34.1317     6.0708    27.1425    27.1471    263.957  320.71620  321.58409    34.1254    27.1419    1468.70    1468.69     3.4823  1028.6460    34.2871 0.0000e+00
