Pos-Processados/process_op38/operantar38_014.ros
* Sea-Bird SBE 9 Data File:
* FileName = D:\OPERANTAR_XXXVIII\DADOS\OP38_014.hdr
* Software Version Seasave V 7.18c
* Temperature SN = 4808
* Conductivity SN = 3380
* Number of Bytes Per Scan = 34
* Number of Voltage Words = 3
* Number of Scans Averaged by the Deck Unit = 1
* NMEA Latitude = 62 11.37 S
* NMEA Longitude = 058 03.45 W
* NMEA UTC (Time) = Nov 05 2019 06:03:04
** H41
** NAVIO POLAR ALMIRANTE MAXIMIANO
** CRUZEIRO:
** OPERANTAR XXXVIII
** ESTAÇÃO: OP38_014
** LAT 62 11,38' S
** LONG 058 03,41' W
** 09P73767-1155_A
** PROFUNDIDADE: 480
** DATA/HORA: 050604Z/NOV/2019
** OPERADOR: SO-HN CHAVES
# nquan = 27
# nvalues = 2172                                  
# units = specified
# name 0 = scan: Scan Count
# name 1 = timeJ: Julian Days
# name 2 = latitude: Latitude [deg]
# name 3 = longitude: Longitude [deg]
# name 4 = dz/dtM: Descent Rate [m/s]
# name 5 = avgsvCM: Average Sound Velocity [Chen-Millero, m/s]
# name 6 = prDM: Pressure, Digiquartz [db]
# name 7 = depSM: Depth [salt water, m]
# name 8 = t090C: Temperature [ITS-90, deg C]
# name 9 = t190C: Temperature, 2 [ITS-90, deg C]
# name 10 = T2-T190C: Temperature Difference, 2 - 1 [ITS-90, deg C]
# name 11 = potemp090C: Potential Temperature [ITS-90, deg C]
# name 12 = potemp190C: Potential Temperature, 2 [ITS-90, deg C]
# name 13 = potemp90Cdiff: Potential Temperature, Diff, 2 - 1 [ITS-90, deg C]
# name 14 = c0S/m: Conductivity [S/m]
# name 15 = c1S/m: Conductivity, 2 [S/m]
# name 16 = C2-C1S/m: Conductivity Difference, 2 - 1 [S/m]
# name 17 = sal00: Salinity, Practical [PSU]
# name 18 = sal11: Salinity, Practical, 2 [PSU]
# name 19 = sbeox0ML/L: Oxygen, SBE 43 [ml/l]
# name 20 = sigma-é00: Density [sigma-theta, kg/m^3]
# name 21 = sigma-é11: Density, 2 [sigma-theta, kg/m^3]
# name 22 = sbox0Mm/Kg: Oxygen, SBE 43 [umol/kg]
# name 23 = oxsolMm/Kg: Oxygen Saturation, Garcia & Gordon [umol/kg]
# name 24 = oxsatMm/Kg: Oxygen Saturation, Weiss [umol/kg]
# name 25 = nbf: Bottles Fired
# name 26 = flag:  0.000e+00
# interval = seconds: 0.0416667
# start_time = Nov 05 2019 06:03:04 [NMEA time, header]
# bad_flag = -9.990e-29
*END*
[from data line 1665]
      27195 309.265244  -62.18962  -58.05752      0.072    1448.26     13.110     12.983    -0.7528    -0.7537    -0.0009    -0.7532    -0.7541    -0.0009   2.777420   2.777754   0.000334    34.1546    34.1602     7.6760    27.4586    27.4631    333.649  357.24628  358.87711         10  0.000e+00
      27196 309.265245  -62.18962  -58.05752      0.068    1448.26     13.082     12.956    -0.7528    -0.7535    -0.0007    -0.7532    -0.7538    -0.0007   2.777396   2.777731   0.000335    34.1543    34.1596     7.6754    27.4583    27.4626    333.624  357.24715  358.87795         10  0.000e+00
      27197 309.265245  -62.18962  -58.05752      0.071    1448.26     13.137     13.011    -0.7523    -0.7535    -0.0011    -0.7527    -0.7538    -0.0011   2.777408   2.777708   0.000300    34.1539    34.1593     7.6749    27.4580    27.4623    333.599  357.24387  358.87455         10  0.000e+00
      27198 309.265245  -62.18962  -58.05752      0.074    1448.26     13.137     13.011    -0.7523    -0.7535    -0.0011    -0.7527    -0.7538    -0.0011   2.777420   2.777639   0.000219    34.1541    34.1583     7.6699    27.4581    27.4616    333.385  357.24342  358.87411         10  0.000e+00
      27199 309.265246  -62.18962  -58.05752      0.074    1448.26     13.082     12.956    -0.7523    -0.7541    -0.0017    -0.7527    -0.7544    -0.0017   2.777420   2.777639   0.000219    34.1541    34.1590     7.6694    27.4581    27.4622    333.363  357.24332  358.87402         10  0.000e+00
      27200 309.265246  -62.18962  -58.05752      0.073    1448.26     13.137     13.011    -0.7525    -0.7535    -0.0009    -0.7529    -0.7538    -0.0009   2.777396   2.777644   0.000249    34.1540    34.1584     7.6743    27.4580    27.4616    333.576  357.24542  358.87614         10  0.000e+00
      27201 309.265247  -62.18962  -58.05752      0.073    1448.26     13.110     12.983    -0.7523    -0.7538    -0.0014    -0.7527    -0.7541    -0.0014   2.777408   2.777662   0.000254    34.1540    34.1590     7.6739    27.4580    27.4621    333.556  357.24382  358.87451         10  0.000e+00
      27202 309.265247  -62.18962  -58.05752      0.074    1448.26     13.137     13.011    -0.7527    -0.7538    -0.0011    -0.7530    -0.7541    -0.0011   2.777402   2.777673   0.000271    34.1542    34.1592     7.6736    27.4582    27.4623    333.543  357.24628  358.87706         10  0.000e+00
      27203 309.265248  -62.18962  -58.05752      0.075    1448.26     13.137     13.011    -0.7525    -0.7539    -0.0014    -0.7529    -0.7542    -0.0014   2.777414   2.777708   0.000294    34.1542    34.1598     7.6739    27.4582    27.4627    333.560  357.24474  358.87547         10  0.000e+00
      27204 309.265248  -62.18962  -58.05752      0.076    1448.26     13.137     13.011    -0.7522    -0.7542    -0.0020    -0.7526    -0.7546    -0.0020   2.777420   2.777644   0.000225    34.1540    34.1593     7.6735    27.4580    27.4624    333.542  357.24269  358.87335         10  0.000e+00
      27205 309.265249  -62.18962  -58.05752      0.074    1448.26     13.082     12.956    -0.7525    -0.7544    -0.0019    -0.7529    -0.7548    -0.0019   2.777420   2.777639   0.000219    34.1543    34.1594     7.6732    27.4583    27.4625    333.526  357.24441  358.87516         10  0.000e+00
      27206 309.265249  -62.18962  -58.05752      0.074    1448.26     13.137     13.011    -0.7523    -0.7551    -0.0028    -0.7527    -0.7555    -0.0028   2.777402   2.777604   0.000202    34.1539    34.1598     7.6729    27.4579    27.4628    333.512  357.24410  358.87478         10  0.000e+00
      27207 309.265250  -62.18962  -58.05752      0.074    1448.26     13.137     13.011    -0.7530    -0.7562    -0.0033    -0.7533    -0.7566    -0.0033   2.777372   2.777553   0.000181    34.1542    34.1603     7.6683    27.4582    27.4633    333.313  357.24924  358.88008         10  0.000e+00
      27208 309.265250  -62.18962  -58.05752      0.074    1448.26     13.158     13.031    -0.7534    -0.7567    -0.0033    -0.7538    -0.7571    -0.0033   2.777324   2.777501   0.000177    34.1540    34.1602     7.6682    27.4581    27.4632    333.308  357.25402  358.88494         10  0.000e+00
      27209 309.265251  -62.18962  -58.05752      0.073    1448.26     13.137     13.011    -0.7539    -0.7569    -0.0030    -0.7543    -0.7572    -0.0030   2.777294   2.777489   0.000195    34.1542    34.1602     7.6732    27.4582    27.4632    333.528  357.25803  358.88907         10  0.000e+00
      27210 309.265251  -62.18962  -58.05752      0.071    1448.26     13.082     12.956    -0.7545    -0.7571    -0.0026    -0.7548    -0.7575    -0.0026   2.777270   2.777524   0.000254    34.1545    34.1610     7.6739    27.4585    27.4638    333.557  357.26249  358.89368         10  0.000e+00
      27211 309.265252  -62.18962  -58.05752      0.070    1448.26     13.137     13.011    -0.7556    -0.7575    -0.0019    -0.7560    -0.7579    -0.0019   2.777157   2.777558   0.000402    34.1542    34.1618     7.6741    27.4583    27.4646    333.564  357.27384  358.90524         10  0.000e+00
      27212 309.265252  -62.18962  -58.05752      0.069    1448.26     13.137     13.011    -0.7581    -0.7576     0.0005    -0.7585    -0.7580     0.0005   2.777025   2.777622   0.000597    34.1553    34.1628     7.6701    27.4593    27.4654    333.390  357.29452  358.92652         10  0.000e+00
      27213 309.265253  -62.18962  -58.05752      0.067    1448.26     13.137     13.011    -0.7586    -0.7572     0.0014    -0.7589    -0.7575     0.0014   2.776959   2.777662   0.000703    34.1549    34.1629     7.6693    27.4590    27.4654    333.358  357.29994  358.93202         10  0.000e+00
      27214 309.265253  -62.18962  -58.05752      0.065    1448.26     13.110     12.983    -0.7598    -0.7562     0.0036    -0.7601    -0.7566     0.0036   2.776947   2.777731   0.000784    34.1561    34.1627     7.6687    27.4600    27.4652    333.329  357.30801  358.94042         10  0.000e+00
      27215 309.265254  -62.18962  -58.05752      0.062    1448.26     13.137     13.011    -0.7603    -0.7539     0.0064    -0.7607    -0.7543     0.0064   2.777001   2.777869   0.000868    34.1574    34.1620     7.6739    27.4611    27.4645    333.557  357.30929  358.94189         10  0.000e+00
      27216 309.265254  -62.18962  -58.05752      0.062    1448.26     13.137     13.011    -0.7595    -0.7525     0.0070    -0.7598    -0.7529     0.0070   2.777121   2.777943   0.000823    34.1581    34.1614     7.6745    27.4617    27.4640    333.582  357.29964  358.93210         10  0.000e+00
      27217 309.265255  -62.18962  -58.05752      0.058    1448.26     13.137     13.011    -0.7588    -0.7516     0.0072    -0.7592    -0.7520     0.0072   2.777157   2.778099   0.000942    34.1579    34.1625     7.6744    27.4614    27.4649    333.578  357.29426  358.92657         10  0.000e+00
      27218 309.265255  -62.18962  -58.05752      0.056    1448.26     13.137     13.011    -0.7568    -0.7502     0.0066    -0.7572    -0.7506     0.0066   2.777157   2.778340   0.001183    34.1556    34.1641     7.6741    27.4595    27.4661    333.564  357.28150  358.91324         10  0.000e+00
      27219 309.265256  -62.18962  -58.05752      0.058    1448.26     13.137     13.011    -0.7539    -0.7468     0.0071    -0.7543    -0.7472     0.0071   2.777210   2.778484   0.001273    34.1530    34.1623     7.6736    27.4573    27.4645    333.543  357.26122  358.89219         10  0.000e+00
      27220 309.265256  -62.18962  -58.05752      0.047    1448.26     13.034     12.909    -0.7509    -0.7451     0.0058    -0.7513    -0.7455     0.0058   2.777390   2.778576   0.001186    34.1522    34.1616     7.6685    27.4565    27.4639    333.322  357.23562  358.86591         10  0.000e+00
      27221 309.265257  -62.18962  -58.05752      0.050    1448.26     13.212     13.085    -0.7482    -0.7432     0.0049    -0.7485    -0.7436     0.0049   2.777527   2.778570   0.001042    34.1508    34.1593     7.6726    27.4552    27.4620    333.501  357.21321  358.84281         10  0.000e+00
      27222 309.265257  -62.18962  -58.05752      0.048    1448.26     13.137     13.011    -0.7483    -0.7412     0.0071    -0.7487    -0.7416     0.0071   2.777509   2.778443   0.000934    34.1508    34.1554     7.6734    27.4552    27.4587    333.539  357.21485  358.84450         10  0.000e+00
      27223 309.265258  -62.18962  -58.05752      0.046    1448.26     13.137     13.011    -0.7497    -0.7425     0.0072    -0.7501    -0.7428     0.0072   2.777396   2.778386   0.000990    34.1508    34.1560     7.6739    27.4553    27.4592    333.558  357.22792  358.85787         10  0.000e+00
      27224 309.265258  -62.18962  -58.05752      0.046    1448.26     13.137     13.011    -0.7516    -0.7430     0.0086    -0.7519    -0.7433     0.0086   2.777282   2.778242   0.000960    34.1514    34.1546     7.6752    27.4559    27.4581    333.616  357.24391  358.87428         10  0.000e+00
      27225 309.265258  -62.18962  -58.05752      0.042    1448.26     13.137     13.011    -0.7536    -0.7431     0.0105    -0.7540    -0.7435     0.0105   2.777222   2.778156   0.000934    34.1529    34.1536     7.6714    27.4572    27.4573    333.450  357.25894  358.88984         10  0.000e+00
      27226 309.265259  -62.18962  -58.05752      0.036    1448.26     13.082     12.956    -0.7556    -0.7437     0.0119    -0.7560    -0.7441     0.0119   2.777109   2.778104   0.000996    34.1536    34.1537     7.6764    27.4578    27.4574    333.667  357.27556  358.90693         10  0.000e+00
      27227 309.265259  -62.18962  -58.05752      0.037    1448.26     13.158     13.031    -0.7564    -0.7442     0.0122    -0.7568    -0.7445     0.0122   2.777115   2.778035   0.000921    34.1546    34.1532     7.6777    27.4586    27.4570    333.721  357.28057  358.91217         10  0.000e+00
      27228 309.265260  -62.18962  -58.05752      0.034    1448.26     13.082     12.956    -0.7558    -0.7457     0.0101    -0.7561    -0.7461     0.0101   2.777067   2.777932   0.000865    34.1532    34.1536     7.6786    27.4575    27.4574    333.761  357.27825  358.90963         10  0.000e+00
      27229 309.265260  -62.18962  -58.05752      0.031    1448.26     13.137     13.011    -0.7565    -0.7477     0.0088    -0.7569    -0.7481     0.0088   2.777049   2.777869   0.000820    34.1538    34.1550     7.6799    27.4580    27.4586    333.817  357.28377  358.91535         10  0.000e+00
      27230 309.265261  -62.18962  -58.05752      0.030    1448.26     13.137     13.011    -0.7574    -0.7501     0.0074    -0.7578    -0.7504     0.0074   2.777031   2.777892   0.000861    34.1546    34.1579     7.6812    27.4587    27.4611    333.874  357.29028  358.92211         10  0.000e+00
      27231 309.265261  -62.18962  -58.05752      0.024    1448.26     13.082     12.956    -0.7579    -0.7513     0.0066    -0.7583    -0.7516     0.0066   2.776983   2.777869   0.000886    34.1545    34.1590     7.6816    27.4587    27.4620    333.892  357.29493  358.92685         10  0.000e+00
      27232 309.265262  -62.18962  -58.05752      0.021    1448.26     13.137     13.011    -0.7586    -0.7516     0.0069    -0.7589    -0.7520     0.0069   2.776989   2.777857   0.000868    34.1553    34.1592     7.6821    27.4593    27.4622    333.914  357.29880  358.93091         10  0.000e+00
      27233 309.265262  -62.18962  -58.05752      0.021    1448.26     13.158     13.031    -0.7584    -0.7527     0.0057    -0.7588    -0.7531     0.0057   2.777013   2.777817   0.000804    34.1555    34.1599     7.6825    27.4595    27.4628    333.929  357.29720  358.92929         10  0.000e+00
      27234 309.265263  -62.18962  -58.05752      0.017    1448.26     13.082     12.956    -0.7579    -0.7528     0.0051    -0.7583    -0.7532     0.0051   2.777043   2.777823   0.000780    34.1553    34.1601     7.6774    27.4593    27.4630    333.711  357.29265  358.92462         10  0.000e+00
      27235 309.265263  -62.18962  -58.05752      0.016    1448.26     13.137     13.011    -0.7579    -0.7525     0.0054    -0.7583    -0.7529     0.0054   2.777049   2.777788   0.000739    34.1554    34.1593     7.6823    27.4594    27.4623    333.921  357.29252  358.92449         10  0.000e+00
      27236 309.265264  -62.18962  -58.05752      0.011    1448.26     13.082     12.956    -0.7574    -0.7528     0.0046    -0.7578    -0.7532     0.0046   2.777067   2.777811   0.000744    34.1551    34.1600     7.6825    27.4591    27.4629    333.932  357.28882  358.92068         10  0.000e+00
      27237 309.265264  -62.18962  -58.05752      0.010    1448.26     13.137     13.011    -0.7568    -0.7528     0.0040    -0.7572    -0.7532     0.0040   2.777061   2.777788   0.000727    34.1543    34.1597     7.6829    27.4584    27.4626    333.947  357.28514  358.91681         10  0.000e+00
      27238 309.265265  -62.18962  -58.05752      0.010    1448.26     13.137     13.011    -0.7567    -0.7519     0.0048    -0.7571    -0.7523     0.0048   2.777091   2.777794   0.000703    34.1546    34.1587     7.6824    27.4587    27.4618    333.927  357.28327  358.91493         10  0.000e+00
      27239 309.265265  -62.18962  -58.05752      0.005    1448.26     13.082     12.956    -0.7561    -0.7525     0.0035    -0.7564    -0.7529     0.0035   2.777157   2.777765   0.000609    34.1548    34.1590     7.6825    27.4588    27.4621    333.933  357.27666  358.90819         10  0.000e+00
      27240 309.265266  -62.18962  -58.05752      0.002    1448.26     13.110     12.983    -0.7561    -0.7525     0.0035    -0.7564    -0.7529     0.0035   2.777180   2.777771   0.000590    34.1551    34.1591     7.6829    27.4590    27.4621    333.948  357.27580  358.90735         10  0.000e+00
      27241 309.265266  -62.18962  -58.05752      0.001    1448.26     13.137     13.011    -0.7558    -0.7525     0.0033    -0.7561    -0.7529     0.0033   2.777204   2.777794   0.000589    34.1551    34.1593     7.6824    27.4590    27.4624    333.927  357.27311  358.90460         10  0.000e+00
      27242 309.265267  -62.18962  -58.05752     -0.001    1448.26     13.082     12.956    -0.7561    -0.7522     0.0038    -0.7564    -0.7526     0.0038   2.777145   2.777765   0.000621    34.1546    34.1587     7.6828    27.4587    27.4618    333.943  357.27712  358.90864         10  0.000e+00
      27243 309.265267  -62.18962  -58.05752     -0.003    1448.26     13.137     13.011    -0.7574    -0.7530     0.0044    -0.7578    -0.7534     0.0044   2.777145   2.777771   0.000626    34.1562    34.1596     7.6834    27.4600    27.4626    333.969  357.28596  358.91787         10  0.000e+00
      27244 309.265268  -62.18962  -58.05752     -0.006    1448.26     13.082     12.956    -0.7572    -0.7524     0.0048    -0.7575    -0.7527     0.0048   2.777121   2.777777   0.000656    34.1555    34.1590     7.6836    27.4595    27.4621    333.980  357.28495  358.91677         10  0.000e+00
      27245 309.265268  -62.18962  -58.05752     -0.007    1448.26     13.137     13.011    -0.7570    -0.7527     0.0043    -0.7573    -0.7530     0.0043   2.777145   2.777759   0.000615    34.1556    34.1591     7.6840    27.4595    27.4621    333.994  357.28304  358.91483         10  0.000e+00
      27246 309.265269  -62.18962  -58.05752     -0.007    1448.26     13.110     12.983    -0.7562    -0.7528     0.0034    -0.7566    -0.7532     0.0034   2.777210   2.777754   0.000543    34.1557    34.1592     7.6841    27.4595    27.4623    333.999  357.27576  358.90738         10  0.000e+00
      27247 309.265269  -62.18962  -58.05752     -0.006    1448.26     13.137     13.011    -0.7542    -0.7530     0.0012    -0.7546    -0.7534     0.0012   2.777306   2.777771   0.000465    34.1547    34.1596     7.6832    27.4586    27.4626    333.961  357.25940  358.89053         10  0.000e+00
