Pos-Processados/process_op38/operantar38_012.ros
* Sea-Bird SBE 9 Data File:
* FileName = D:\OPERANTAR_XXXVIII\DADOS\OP38_012.hdr
* Software Version Seasave V 7.18c
* Temperature SN = 4808
* Conductivity SN = 3380
* Number of Bytes Per Scan = 31
* Number of Voltage Words = 2
* Number of Scans Averaged by the Deck Unit = 1
* NMEA Latitude = 43 26.50 S
* NMEA Longitude = 053 36.73 W
* NMEA UTC (Time) = Oct 20 2019 19:38:05
** H41
** NAVIO POLAR ALMIRANTE MAXIMIANO
** CRUZEIRO:
** OPERANTAR XXXVIII
** ESTAÇÃO: OP38_012
** LAT 43 26,49' S
** LONG 053 36,73'  W
** 09P73767-1155
** PROFUNDIDADE: 5647
** DATA/HORA: 201939Z/OUT/2019
** OPERADOR: SO-HN CHAVES
# nquan = 24
# nvalues = 2234                                  
# units = specified
# name 0 = scan: Scan Count
# name 1 = timeJ: Julian Days
# name 2 = latitude: Latitude [deg]
# name 3 = longitude: Longitude [deg]
# name 4 = dz/dtM: Descent Rate [m/s]
# name 5 = avgsvCM: Average Sound Velocity [Chen-Millero, m/s]
# name 6 = prDM: Pressure, Digiquartz [db]
# name 7 = depSM: Depth [salt water, m]
# name 8 = t090C: Temperature [ITS-90, deg C]
# name 9 = t190C: Temperature, 2 [ITS-90, deg C]
# name 10 = T2-T190C: Temperature Difference, 2 - 1 [ITS-90, deg C]
# name 11 = potemp090C: Potential Temperature [ITS-90, deg C]
# name 12 = potemp190C: Potential Temperature, 2 [ITS-90, deg C]
# name 13 = potemp90Cdiff: Potential Temperature, Diff, 2 - 1 [ITS-90, deg C]
# name 14 = c0S/m: Conductivity [S/m]
# name 15 = c1S/m: Conductivity, 2 [S/m]
# name 16 = C2-C1S/m: Conductivity Difference, 2 - 1 [S/m]
# name 17 = sal00: Salinity, Practical [PSU]
# name 18 = sal11: Salinity, Practical, 2 [PSU]
# name 19 = sbeox0ML/L: Oxygen, SBE 43 [ml/l]
# name 20 = sigma-é00: Density [sigma-theta, kg/m^3]
# name 21 = sigma-é11: Density, 2 [sigma-theta, kg/m^3]
# name 22 = nbf: Bottles Fired
# name 23 = flag:  0.000e+00
# interval = seconds: 0.0416667
# start_time = Oct 20 2019 19:38:05 [NMEA time, header]
# bad_flag = -9.990e-29
*END*
[from data line 1268]
      62009 293.848017  -43.44174  -53.61228     -0.131    1476.15     14.841     14.723     9.5020     9.4991    -0.0030     9.5004     9.4974    -0.0030   3.680819   3.681076   0.000257    34.1538    34.1593     6.7211    26.3746    26.3794          7  0.000e+00
      62010 293.848017  -43.44174  -53.61228     -0.134    1476.15     14.869     14.750     9.5020     9.5006    -0.0014     9.5004     9.4990    -0.0014   3.680732   3.681217   0.000485    34.1529    34.1593     6.7183    26.3739    26.3791          7  0.000e+00
      62011 293.848018  -43.44174  -53.61228     -0.135    1476.15     14.869     14.750     9.5004     9.5011     0.0007     9.4988     9.4995     0.0007   3.680452   3.681287   0.000835    34.1516    34.1595     6.7228    26.3731    26.3792          7  0.000e+00
      62012 293.848018  -43.44174  -53.61228     -0.135    1476.15     14.842     14.723     9.4986     9.5018     0.0032     9.4969     9.5001     0.0032   3.680199   3.681255   0.001056    34.1507    34.1586     6.7240    26.3727    26.3783          7  0.000e+00
      62013 293.848019  -43.44174  -53.61228     -0.135    1476.15     14.821     14.702     9.4972     9.5013     0.0040     9.4956     9.4996     0.0040   3.680066   3.681236   0.001170    34.1506    34.1588     6.7250    26.3729    26.3786          7  0.000e+00
      62014 293.848019  -43.44174  -53.61228     -0.134    1476.15     14.869     14.750     9.4962     9.5016     0.0053     9.4946     9.5000     0.0053   3.680092   3.681236   0.001144    34.1518    34.1585     6.7223    26.3740    26.3783          7  0.000e+00
      62015 293.848020  -43.44174  -53.61228     -0.135    1476.15     14.842     14.723     9.4966     9.5013     0.0047     9.4950     9.4996     0.0047   3.680159   3.681217   0.001058    34.1522    34.1586     6.7259    26.3742    26.3785          7  0.000e+00
      62016 293.848020  -43.44174  -53.61228     -0.134    1476.15     14.821     14.702     9.4969     9.5004     0.0035     9.4953     9.4988     0.0035   3.680225   3.681082   0.000857    34.1525    34.1581     6.7262    26.3744    26.3782          7  0.000e+00
      62017 293.848021  -43.44174  -53.61228     -0.137    1476.15     14.821     14.702     9.4976     9.4990     0.0014     9.4960     9.4973     0.0014   3.680292   3.680890   0.000598    34.1526    34.1575     6.7269    26.3744    26.3780          7  0.000e+00
      62018 293.848021  -43.44174  -53.61228     -0.130    1476.15     14.890     14.770     9.4982     9.4980    -0.0003     9.4966     9.4963    -0.0003   3.680405   3.680801   0.000395    34.1531    34.1575     6.7272    26.3747    26.3781          7  0.000e+00
      62019 293.848022  -43.44174  -53.61228     -0.132    1476.15     14.821     14.702     9.4994     9.4969    -0.0025     9.4978     9.4953    -0.0025   3.680512   3.680807   0.000295    34.1531    34.1586     6.7272    26.3745    26.3791          7  0.000e+00
      62020 293.848022  -43.44174  -53.61228     -0.133    1476.15     14.787     14.669     9.4997     9.4970    -0.0027     9.4981     9.4953    -0.0027   3.680605   3.680813   0.000208    34.1538    34.1586     6.7274    26.3750    26.3791          7  0.000e+00
      62021 293.848023  -43.44174  -53.61228     -0.132    1476.15     14.821     14.702     9.5001     9.4971    -0.0029     9.4984     9.4955    -0.0029   3.680585   3.680813   0.000228    34.1533    34.1584     6.7277    26.3745    26.3790          7  0.000e+00
      62022 293.848023  -43.44174  -53.61228     -0.132    1476.15     14.821     14.702     9.4996     9.4973    -0.0023     9.4979     9.4957    -0.0023   3.680492   3.680813   0.000321    34.1528    34.1583     6.7284    26.3742    26.3788          7  0.000e+00
      62023 293.848024  -43.44174  -53.61228     -0.128    1476.15     14.842     14.723     9.4992     9.4993     0.0001     9.4976     9.4977     0.0001   3.680419   3.680954   0.000536    34.1524    34.1578     6.7287    26.3739    26.3782          7  0.000e+00
      62024 293.848024  -43.44174  -53.61228     -0.128    1476.15     14.773     14.655     9.4984     9.5013     0.0029     9.4968     9.4997     0.0029   3.680305   3.681159   0.000854    34.1520    34.1581     6.7290    26.3737    26.3780          7  0.000e+00
      62025 293.848025  -43.44174  -53.61228     -0.120    1476.15     14.869     14.750     9.4972     9.5013     0.0040     9.4956     9.4996     0.0040   3.680079   3.680980   0.000901    34.1507    34.1562     6.7294    26.3729    26.3765          7  0.000e+00
      62026 293.848025  -43.44174  -53.61228     -0.120    1476.15     14.787     14.669     9.4950     9.4993     0.0043     9.4933     9.4977     0.0043   3.679839   3.680692   0.000853    34.1504    34.1551     6.7299    26.3731    26.3761          7  0.000e+00
      62027 293.848026  -43.44174  -53.61228     -0.118    1476.15     14.821     14.703     9.4936     9.4970     0.0033     9.4920     9.4953     0.0033   3.679712   3.680545   0.000832    34.1504    34.1558     6.7302    26.3733    26.3770          7  0.000e+00
      62028 293.848026  -43.44174  -53.61228     -0.115    1476.15     14.821     14.703     9.4928     9.4957     0.0028     9.4912     9.4940     0.0028   3.679639   3.680442   0.000803    34.1504    34.1560     6.7304    26.3734    26.3773          7  0.000e+00
      62029 293.848027  -43.44174  -53.61228     -0.110    1476.15     14.842     14.723     9.4921     9.4939     0.0017     9.4905     9.4922     0.0017   3.679672   3.680276   0.000603    34.1514    34.1560     6.7309    26.3743    26.3776          7  0.000e+00
      62030 293.848027  -43.44174  -53.61228     -0.109    1476.15     14.821     14.703     9.4921     9.4925     0.0004     9.4905     9.4909     0.0004   3.679639   3.680129   0.000490    34.1511    34.1557     6.7309    26.3740    26.3776          7  0.000e+00
      62031 293.848028  -43.44174  -53.61228     -0.105    1476.15     14.821     14.703     9.4920     9.4918    -0.0002     9.4904     9.4902    -0.0002   3.679546   3.680167   0.000621    34.1502    34.1568     6.7309    26.3734    26.3786          7  0.000e+00
      62032 293.848028  -43.44174  -53.61228     -0.099    1476.15     14.842     14.723     9.4907     9.4920     0.0014     9.4890     9.4904     0.0014   3.679499   3.680289   0.000789    34.1510    34.1579     6.7274    26.3743    26.3794          7  0.000e+00
      62033 293.848029  -43.44174  -53.61228     -0.096    1476.15     14.821     14.703     9.4904     9.4925     0.0022     9.4887     9.4909     0.0022   3.679592   3.680346   0.000754    34.1523    34.1580     6.7269    26.3753    26.3794          7  0.000e+00
      62034 293.848029  -43.44174  -53.61228     -0.089    1476.15     14.842     14.723     9.4918     9.4924     0.0005     9.4902     9.4907     0.0005   3.679799   3.680257   0.000458    34.1530    34.1572     6.7262    26.3756    26.3788          7  0.000e+00
      62035 293.848030  -43.44174  -53.61228     -0.084    1476.15     14.869     14.750     9.4925     9.4920    -0.0004     9.4909     9.4904    -0.0004   3.679852   3.680276   0.000424    34.1529    34.1577     6.7257    26.3754    26.3793          7  0.000e+00
      62036 293.848030  -43.44174  -53.61228     -0.080    1476.15     14.822     14.703     9.4925     9.4925     0.0001     9.4909     9.4909     0.0001   3.679706   3.680314   0.000609    34.1514    34.1576     6.7252    26.3743    26.3791          7  0.000e+00
      62037 293.848030  -43.44174  -53.61228     -0.072    1476.15     14.842     14.723     9.4916     9.4922     0.0006     9.4900     9.4906     0.0006   3.679659   3.680276   0.000617    34.1517    34.1576     6.7249    26.3747    26.3791          7  0.000e+00
      62038 293.848031  -43.44174  -53.61228     -0.069    1476.15     14.822     14.703     9.4918     9.4922     0.0004     9.4902     9.4906     0.0004   3.679659   3.680231   0.000572    34.1515    34.1571     6.7244    26.3745    26.3788          7  0.000e+00
      62039 293.848031  -43.44174  -53.61228     -0.061    1476.15     14.870     14.750     9.4923     9.4914    -0.0010     9.4907     9.4898    -0.0010   3.679752   3.680225   0.000472    34.1520    34.1578     6.7238    26.3748    26.3794          7  0.000e+00
      62040 293.848032  -43.44174  -53.61228     -0.055    1476.15     14.842     14.723     9.4926     9.4916    -0.0011     9.4910     9.4899    -0.0011   3.679712   3.680250   0.000538    34.1513    34.1579     6.7236    26.3742    26.3795          7  0.000e+00
      62041 293.848032  -43.44174  -53.61228     -0.048    1476.15     14.870     14.750     9.4918     9.4922     0.0004     9.4902     9.4906     0.0004   3.679612   3.680404   0.000791    34.1510    34.1589     6.7232    26.3741    26.3801          7  0.000e+00
      62042 293.848033  -43.44174  -53.61228     -0.042    1476.15     14.870     14.750     9.4909     9.4929     0.0020     9.4892     9.4912     0.0020   3.679419   3.680551   0.001132    34.1500    34.1598     6.7229    26.3734    26.3807          7  0.000e+00
      62043 293.848033  -43.44174  -53.61228     -0.036    1476.15     14.890     14.771     9.4890     9.4934     0.0043     9.4874     9.4917     0.0043   3.679166   3.680442   0.001276    34.1491    34.1582     6.7226    26.3730    26.3794          7  0.000e+00
      62044 293.848034  -43.44174  -53.61228     -0.033    1476.15     14.870     14.751     9.4869     9.4922     0.0053     9.4853     9.4906     0.0053   3.679006   3.680071   0.001065    34.1495    34.1554     6.7224    26.3737    26.3775          7  0.000e+00
      62045 293.848034  -43.44174  -53.61228     -0.025    1476.15     14.870     14.751     9.4856     9.4886     0.0030     9.4839     9.4869     0.0030   3.678853   3.679693   0.000841    34.1492    34.1550     6.7220    26.3737    26.3777          7  0.000e+00
      62046 293.848035  -43.44174  -53.61228     -0.016    1476.15     14.938     14.818     9.4842     9.4861     0.0019     9.4826     9.4845     0.0019   3.678733   3.679431   0.000698    34.1492    34.1546     6.7180    26.3739    26.3778          7  0.000e+00
      62048 293.848036  -43.44174  -53.61228     -0.006    1476.15     14.890     14.771     9.4829     9.4840     0.0010     9.4813     9.4823     0.0010   3.678680   3.677908  -0.000772    34.1499    34.1409     6.7206    26.3746    26.3675          8  0.000e+00
      62049 293.848036  -43.44174  -53.61228      0.002    1476.15     14.924     14.805     9.4826     9.4827     0.0001     9.4809     9.4810     0.0001   3.678653   3.678842   0.000189    34.1499    34.1518     6.7201    26.3747    26.3762          8  0.000e+00
      62050 293.848037  -43.44174  -53.61228      0.012    1476.15     14.925     14.805     9.4823     9.4827     0.0004     9.4807     9.4810     0.0004   3.678646   3.679252   0.000606    34.1501    34.1561     6.7157    26.3750    26.3795          8  0.000e+00
      62051 293.848037  -43.44174  -53.61228      0.018    1476.15     14.938     14.819     9.4824     9.4820    -0.0004     9.4808     9.4804    -0.0004   3.678666   3.679252   0.000586    34.1502    34.1567     6.7147    26.3750    26.3801          8  0.000e+00
      62052 293.848038  -43.44174  -53.61228      0.026    1476.15     14.925     14.805     9.4823     9.4820    -0.0003     9.4807     9.4804    -0.0003   3.678606   3.679201   0.000594    34.1497    34.1562     6.7137    26.3746    26.3797          8  0.000e+00
      62053 293.848038  -43.44174  -53.61228      0.035    1476.15     14.973     14.853     9.4819     9.4815    -0.0004     9.4803     9.4799    -0.0004   3.678560   3.679162   0.000603    34.1496    34.1562     6.7132    26.3746    26.3798          8  0.000e+00
      62054 293.848039  -43.44174  -53.61228      0.041    1476.15     14.938     14.819     9.4814     9.4817     0.0002     9.4798     9.4800     0.0002   3.678553   3.679156   0.000603    34.1500    34.1560     6.7126    26.3750    26.3796          8  0.000e+00
      62055 293.848039  -43.44174  -53.61228      0.047    1476.15     14.973     14.853     9.4813     9.4817     0.0004     9.4797     9.4800     0.0004   3.678553   3.679130   0.000577    34.1501    34.1557     6.7158    26.3751    26.3794          8  0.000e+00
      62056 293.848040  -43.44174  -53.61228      0.057    1476.15     15.027     14.907     9.4813     9.4810    -0.0003     9.4796     9.4794    -0.0003   3.678526   3.679047   0.000521    34.1498    34.1555     6.7156    26.3749    26.3793          8  0.000e+00
      62057 293.848040  -43.44174  -53.61228      0.062    1476.15     14.938     14.819     9.4808     9.4804    -0.0005     9.4792     9.4787    -0.0005   3.678440   3.678970   0.000530    34.1494    34.1553     6.7117    26.3746    26.3793          8  0.000e+00
      62058 293.848041  -43.44174  -53.61228      0.070    1476.15     15.027     14.907     9.4798     9.4789    -0.0009     9.4782     9.4772    -0.0009   3.678247   3.678862   0.000615    34.1483    34.1556     6.7118    26.3739    26.3798          8  0.000e+00
      62059 293.848041  -43.44174  -53.61228      0.078    1476.15     14.993     14.873     9.4781     9.4787     0.0006     9.4765     9.4771     0.0006   3.678093   3.678778   0.000685    34.1484    34.1549     6.7152    26.3742    26.3793          8  0.000e+00
      62060 293.848042  -43.44174  -53.61228      0.087    1476.15     15.027     14.907     9.4771     9.4781     0.0009     9.4755     9.4764     0.0009   3.677987   3.678766   0.000779    34.1482    34.1554     6.7119    26.3743    26.3797          8  0.000e+00
      62061 293.848042  -43.44174  -53.61228      0.094    1476.15     15.027     14.907     9.4763     9.4777     0.0014     9.4747     9.4761     0.0014   3.677914   3.678734   0.000820    34.1482    34.1554     6.7119    26.3744    26.3798          8  0.000e+00
      62062 293.848043  -43.44174  -53.61228      0.098    1476.15     14.993     14.873     9.4757     9.4777     0.0020     9.4741     9.4761     0.0020   3.677900   3.678753   0.000853    34.1487    34.1556     6.7118    26.3749    26.3800          8  0.000e+00
      62063 293.848043  -43.44174  -53.61228      0.108    1476.15     15.075     14.955     9.4755     9.4774     0.0019     9.4739     9.4757     0.0019   3.677947   3.678689   0.000742    34.1493    34.1552     6.7151    26.3754    26.3797          8  0.000e+00
      62064 293.848043  -43.44174  -53.61228      0.114    1476.15     15.028     14.907     9.4755     9.4766     0.0011     9.4739     9.4749     0.0011   3.677914   3.678586   0.000673    34.1490    34.1549     6.7117    26.3752    26.3796          8  0.000e+00
      62065 293.848044  -43.44174  -53.61228      0.119    1476.15     15.041     14.921     9.4749     9.4756     0.0007     9.4732     9.4739     0.0007   3.677847   3.678490   0.000643    34.1489    34.1549     6.7118    26.3752    26.3798          8  0.000e+00
      62066 293.848044  -43.44174  -53.61228      0.125    1476.15     15.075     14.955     9.4742     9.4746     0.0004     9.4726     9.4729     0.0004   3.677734   3.678343   0.000609    34.1483    34.1543     6.7119    26.3749    26.3795          8  0.000e+00
      62067 293.848045  -43.44174  -53.61228      0.138    1476.15     15.123     15.002     9.4734     9.4739     0.0005     9.4717     9.4723     0.0005   3.677627   3.678286   0.000658    34.1480    34.1543     6.7121    26.3748    26.3796          8  0.000e+00
      62068 293.848045  -43.44174  -53.61228      0.144    1476.15     15.096     14.975     9.4727     9.4729     0.0002     9.4711     9.4713     0.0002   3.677580   3.678273   0.000692    34.1482    34.1551     6.7122    26.3750    26.3804          8  0.000e+00
      62069 293.848046  -43.44174  -53.61228      0.146    1476.15     15.076     14.955     9.4722     9.4728     0.0005     9.4706     9.4711     0.0005   3.677547   3.678298   0.000751    34.1483    34.1556     6.7124    26.3752    26.3807          8  0.000e+00
