Pos-Processados/process_op38/operantar38_003c.ros
* Sea-Bird SBE 9 Data File:
* FileName = D:\OPERANTAR_XXXVIII\DADOS\OP38_003c.hdr
* Software Version Seasave V 7.12
* Temperature SN = 4808
* Conductivity SN = 3380
* Number of Bytes Per Scan = 31
* Number of Voltage Words = 2
* Number of Scans Averaged by the Deck Unit = 1
* NMEA Latitude = 39 32.86 S
* NMEA Longitude = 054 23.47 W
* NMEA UTC (Time) = Oct 17 2019 10:25:40
** H41
** NAVIO POLAR ALMIRANTE MAXIMIANO
** CRUZEIRO:
** OPERANTAR XXXVIII
** ESTAÇÃO: OP38_003c
** LAT 39º32,87's
** LONG 054º23,45'w
** 09P73767-1155
** PROFUNDIDADE: 2920 m
** DATA/HORA: 171026Z/OUT/2019
** OPERADOR: SO-HN CHAVES
# nquan = 27
# nvalues = 1428                                  
# units = specified
# name 0 = scan: Scan Count
# name 1 = timeJ: Julian Days
# name 2 = latitude: Latitude [deg]
# name 3 = longitude: Longitude [deg]
# name 4 = dz/dtM: Descent Rate [m/s]
# name 5 = avgsvCM: Average Sound Velocity [Chen-Millero, m/s]
# name 6 = prDM: Pressure, Digiquartz [db]
# name 7 = depSM: Depth [salt water, m]
# name 8 = t090C: Temperature [ITS-90, deg C]
# name 9 = t190C: Temperature, 2 [ITS-90, deg C]
# name 10 = T2-T190C: Temperature Difference, 2 - 1 [ITS-90, deg C]
# name 11 = potemp090C: Potential Temperature [ITS-90, deg C]
# name 12 = potemp190C: Potential Temperature, 2 [ITS-90, deg C]
# name 13 = potemp90Cdiff: Potential Temperature, Diff, 2 - 1 [ITS-90, deg C]
# name 14 = c0S/m: Conductivity [S/m]
# name 15 = c1S/m: Conductivity, 2 [S/m]
# name 16 = C2-C1S/m: Conductivity Difference, 2 - 1 [S/m]
# name 17 = sal00: Salinity, Practical [PSU]
# name 18 = sal11: Salinity, Practical, 2 [PSU]
# name 19 = sbeox0ML/L: Oxygen, SBE 43 [ml/l]
# name 20 = sigma-é00: Density [sigma-theta, kg/m^3]
# name 21 = sigma-é11: Density, 2 [sigma-theta, kg/m^3]
# name 22 = sbox0Mm/Kg: Oxygen, SBE 43 [umol/kg]
# name 23 = oxsolMm/Kg: Oxygen Saturation, Garcia & Gordon [umol/kg]
# name 24 = oxsatMm/Kg: Oxygen Saturation, Weiss [umol/kg]
# name 25 = nbf: Bottles Fired
# name 26 = flag:  0.000e+00
# interval = seconds: 0.0416667
# start_time = Oct 17 2019 10:25:40 [NMEA time, header]
# bad_flag = -9.990e-29
*END*
[from data line 1235]
       3702 290.436276  -39.54772  -54.39122      0.237       0.00      2.977      2.954     6.6634     6.6623    -0.0010     6.6631     6.6621    -0.0010   3.416381   3.416781   0.000400    34.0984    34.1039     7.3433    26.7542    26.7586    319.407  297.68970  298.15053          9  0.000e+00
       3703 290.436276  -39.54772  -54.39122      0.226       0.00      2.977      2.954     6.6638     6.6625    -0.0013     6.6636     6.6623    -0.0013   3.416387   3.416793   0.000406    34.0980    34.1038     7.3427    26.7538    26.7585    319.381  297.68739  298.14815          9  0.000e+00
       3704 290.436277  -39.54772  -54.39122      0.214       0.00      3.032      3.009     6.6638     6.6628    -0.0010     6.6636     6.6625    -0.0010   3.416446   3.416843   0.000398    34.0986    34.1041     7.3423    26.7543    26.7587    319.361  297.68603  298.14681          9  0.000e+00
       3705 290.436277  -39.54772  -54.39122      0.198       0.00      2.929      2.907     6.6640     6.6633    -0.0006     6.6637     6.6631    -0.0006   3.416387   3.416880   0.000493    34.0979    34.1040     7.3417    26.7537    26.7586    319.339  297.68661  298.14736          9  0.000e+00
       3706 290.436277  -39.54772  -54.39122      0.183       0.00      2.977      2.954     6.6638     6.6640     0.0002     6.6636     6.6637     0.0002   3.416413   3.416936   0.000523    34.0983    34.1039     7.3414    26.7540    26.7584    319.325  297.68676  298.14753          9  0.000e+00
       3707 290.436278  -39.54772  -54.39122      0.172       0.00      2.977      2.954     6.6642     6.6641    -0.0001     6.6640     6.6638    -0.0001   3.416446   3.416955   0.000509    34.0983    34.1041     7.3370    26.7539    26.7585    319.133  297.68405  298.14478          9  0.000e+00
       3708 290.436278  -39.54772  -54.39122      0.156       0.00      2.929      2.907     6.6643     6.6641    -0.0002     6.6641     6.6639    -0.0002   3.416433   3.416974   0.000541    34.0980    34.1042     7.3363    26.7537    26.7586    319.101  297.68383  298.14454          9  0.000e+00
       3709 290.436279  -39.54772  -54.39122      0.143       0.00      2.929      2.907     6.6646     6.6642    -0.0004     6.6644     6.6640    -0.0004   3.416491   3.417005   0.000514    34.0984    34.1045     7.3356    26.7540    26.7588    319.071  297.68098  298.14166          9  0.000e+00
       3710 290.436279  -39.54772  -54.39122      0.129       0.00      2.929      2.907     6.6648     6.6643    -0.0005     6.6645     6.6641    -0.0005   3.416478   3.416992   0.000514    34.0981    34.1043     7.3350    26.7537    26.7586    319.047  297.68057  298.14123          9  0.000e+00
       3711 290.436280  -39.54772  -54.39122      0.114       0.00      2.929      2.907     6.6650     6.6642    -0.0007     6.6647     6.6640    -0.0007   3.416478   3.416961   0.000483    34.0979    34.1040     7.3346    26.7536    26.7584    319.026  297.67985  298.14049          9  0.000e+00
       3712 290.436280  -39.54772  -54.39122      0.099       0.00      2.929      2.907     6.6651     6.6641    -0.0010     6.6649     6.6639    -0.0010   3.416491   3.416974   0.000483    34.0979    34.1042     7.3341    26.7535    26.7586    319.008  297.67882  298.13944          9  0.000e+00
       3713 290.436281  -39.54772  -54.39122      0.086       0.00      2.929      2.907     6.6646     6.6640    -0.0007     6.6644     6.6637    -0.0007   3.416471   3.416961   0.000490    34.0982    34.1042     7.3339    26.7538    26.7587    318.997  297.68145  298.14213          9  0.000e+00
       3714 290.436281  -39.54772  -54.39122      0.073       0.00      2.929      2.907     6.6646     6.6642    -0.0004     6.6644     6.6640    -0.0004   3.416433   3.416974   0.000541    34.0977    34.1041     7.3337    26.7534    26.7585    318.988  297.68239  298.14306          9  0.000e+00
       3715 290.436282  -39.54772  -54.39122      0.060       0.00      2.881      2.859     6.6645     6.6648     0.0003     6.6642     6.6645     0.0003   3.416452   3.416955   0.000503    34.0981    34.1034     7.3335    26.7538    26.7579    318.979  297.68259  298.14328          9  0.000e+00
       3716 290.436282  -39.54772  -54.39122      0.043       0.00      2.881      2.859     6.6642     6.6642     0.0001     6.6639     6.6640     0.0001   3.416478   3.416949   0.000471    34.0987    34.1039     7.3334    26.7543    26.7583    318.976  297.68340  298.14414          9  0.000e+00
       3717 290.436283  -39.54772  -54.39122      0.029       0.00      2.881      2.859     6.6644     6.6648     0.0004     6.6641     6.6645     0.0004   3.416446   3.416974   0.000528    34.0982    34.1036     7.3334    26.7538    26.7581    318.975  297.68323  298.14393          9  0.000e+00
       3718 290.436283  -39.54772  -54.39122      0.015       0.00      2.826      2.805     6.6642     6.6651     0.0009     6.6639     6.6649     0.0009   3.416446   3.417030   0.000584    34.0984    34.1039     7.3334    26.7540    26.7583    318.976  297.68413  298.14486          9  0.000e+00
       3719 290.436284  -39.54772  -54.39122      0.003       0.00      2.881      2.859     6.6645     6.6647     0.0003     6.6642     6.6645     0.0003   3.416413   3.417048   0.000635    34.0977    34.1045     7.3336    26.7534    26.7588    318.983  297.68353  298.14422          9  0.000e+00
       3720 290.436284  -39.54772  -54.39122     -0.012       0.00      2.826      2.805     6.6643     6.6648     0.0005     6.6641     6.6646     0.0005   3.416439   3.417048   0.000609    34.0982    34.1045     7.3337    26.7538    26.7587    318.990  297.68357  298.14428          9  0.000e+00
       3721 290.436285  -39.54772  -54.39122     -0.026       0.00      2.826      2.805     6.6643     6.6652     0.0009     6.6641     6.6650     0.0009   3.416433   3.417042   0.000609    34.0981    34.1040     7.3340    26.7538    26.7583    319.002  297.68372  298.14443          9  0.000e+00
       3722 290.436285  -39.54772  -54.39122     -0.037       0.00      2.779      2.757     6.6645     6.6653     0.0008     6.6642     6.6650     0.0008   3.416407   3.417023   0.000617    34.0977    34.1037     7.3343    26.7534    26.7581    319.015  297.68358  298.14426          9  0.000e+00
       3723 290.436286  -39.54772  -54.39122     -0.050       0.00      2.854      2.832     6.6637     6.6641     0.0004     6.6634     6.6638     0.0004   3.416348   3.416943   0.000594    34.0978    34.1040     7.3309    26.7536    26.7584    318.868  297.68892  298.14969          9  0.000e+00
       3724 290.436286  -39.54772  -54.39122     -0.064       0.00      2.779      2.757     6.6622     6.6645     0.0023     6.6620     6.6642     0.0023   3.416200   3.416924   0.000724    34.0976    34.1034     7.3352    26.7537    26.7580    319.055  297.69917  298.16011          9  0.000e+00
       3725 290.436287  -39.54772  -54.39122     -0.072       0.00      2.826      2.805     6.6603     6.6637     0.0034     6.6600     6.6634     0.0034   3.416012   3.416874   0.000862    34.0975    34.1037     7.3322    26.7538    26.7582    318.924  297.71291  298.17406          9  0.000e+00
       3726 290.436287  -39.54772  -54.39122     -0.085       0.00      2.779      2.757     6.6582     6.6631     0.0049     6.6579     6.6629     0.0049   3.415850   3.416812   0.000962    34.0978    34.1035     7.3328    26.7544    26.7582    318.949  297.72639  298.18778          9  0.000e+00
       3727 290.436288  -39.54772  -54.39122     -0.092       0.00      2.826      2.805     6.6569     6.6619     0.0050     6.6566     6.6616     0.0050   3.415766   3.416744   0.000978    34.0981    34.1040     7.3334    26.7548    26.7588    318.975  297.73449  298.19603          9  0.000e+00
       3728 290.436288  -39.54772  -54.39122     -0.105       0.00      2.731      2.710     6.6567     6.6623     0.0056     6.6565     6.6621     0.0056   3.415753   3.416756   0.001003    34.0982    34.1037     7.3338    26.7549    26.7585    318.991  297.73566  298.19723          9  0.000e+00
       3729 290.436289  -39.54772  -54.39122     -0.113       0.00      2.779      2.757     6.6571     6.6624     0.0053     6.6568     6.6621     0.0053   3.415850   3.416725   0.000875    34.0989    34.1033     7.3342    26.7554    26.7581    319.011  297.73167  298.19322          9  0.000e+00
       3730 290.436289  -39.54772  -54.39122     -0.122       0.00      2.779      2.757     6.6583     6.6617     0.0033     6.6581     6.6614     0.0033   3.416038   3.416663   0.000625    34.0997    34.1033     7.3341    26.7558    26.7583    319.005  297.72111  298.18252          9  0.000e+00
       3731 290.436290  -39.54772  -54.39122     -0.130       0.00      2.731      2.710     6.6604     6.6609     0.0005     6.6602     6.6607     0.0005   3.416206   3.416625   0.000419    34.0995    34.1037     7.3339    26.7554    26.7586    318.997  297.70736  298.16855          9  0.000e+00
       3732 290.436290  -39.54772  -54.39122     -0.136       0.00      2.779      2.757     6.6621     6.6599    -0.0021     6.6618     6.6597    -0.0021   3.416238   3.416569   0.000331    34.0982    34.1040     7.3340    26.7542    26.7590    319.001  297.69895  298.15992          9  0.000e+00
       3733 290.436291  -39.54772  -54.39122     -0.143       0.00      2.731      2.710     6.6622     6.6594    -0.0028     6.6620     6.6592    -0.0028   3.416102   3.416551   0.000448    34.0966    34.1044     7.3344    26.7529    26.7594    319.018  297.70148  298.16239          9  0.000e+00
       3734 290.436291  -39.54772  -54.39122     -0.150       0.00      2.731      2.710     6.6609     6.6586    -0.0023     6.6607     6.6584    -0.0023   3.416031   3.416532   0.000501    34.0971    34.1049     7.3350    26.7534    26.7599    319.047  297.70921  298.17028          9  0.000e+00
       3735 290.436291  -39.54772  -54.39122     -0.156       0.00      2.731      2.710     6.6598     6.6591    -0.0007     6.6596     6.6589    -0.0007   3.415934   3.416526   0.000592    34.0971    34.1044     7.3357    26.7536    26.7594    319.078  297.71661  298.17780          9  0.000e+00
       3736 290.436292  -39.54772  -54.39122     -0.159       0.00      2.779      2.757     6.6585     6.6591     0.0006     6.6583     6.6588     0.0006   3.415902   3.416526   0.000624    34.0981    34.1044     7.3366    26.7545    26.7594    319.114  297.72369  298.18505          9  0.000e+00
       3737 290.436292  -39.54772  -54.39122     -0.164       0.00      2.731      2.710     6.6585     6.6594     0.0009     6.6583     6.6592     0.0009   3.415863   3.416545   0.000682    34.0976    34.1043     7.3372    26.7542    26.7593    319.142  297.72458  298.18594          9  0.000e+00
       3738 290.436293  -39.54772  -54.39122     -0.165       0.00      2.731      2.710     6.6583     6.6594     0.0011     6.6581     6.6592     0.0011   3.415889   3.416507   0.000618    34.0981    34.1039     7.3380    26.7546    26.7590    319.175  297.72467  298.18605          9  0.000e+00
       3739 290.436293  -39.54772  -54.39122     -0.169       0.00      2.731      2.710     6.6595     6.6596     0.0001     6.6592     6.6594     0.0001   3.416018   3.416514   0.000495    34.0984    34.1037     7.3341    26.7547    26.7589    319.006  297.71625  298.17751          9  0.000e+00
       3740 290.436294  -39.54772  -54.39122     -0.172       0.00      2.731      2.710     6.6608     6.6596    -0.0012     6.6605     6.6594    -0.0012   3.416128   3.416520   0.000391    34.0983    34.1038     7.3379    26.7544    26.7589    319.169  297.70757  298.16868          9  0.000e+00
       3741 290.436294  -39.54772  -54.39122     -0.168       0.00      2.779      2.757     6.6622     6.6596    -0.0026     6.6620     6.6593    -0.0026   3.416264   3.416476   0.000212    34.0984    34.1034     7.3381    26.7543    26.7586    319.181  297.69760  298.15855          9  0.000e+00
       3742 290.436295  -39.54772  -54.39122     -0.170       0.00      2.731      2.710     6.6627     6.6594    -0.0032     6.6624     6.6592    -0.0032   3.416329   3.416464   0.000135    34.0986    34.1034     7.3385    26.7544    26.7586    319.198  297.69381  298.15472          9  0.000e+00
       3743 290.436295  -39.54772  -54.39122     -0.165       0.00      2.779      2.757     6.6632     6.6591    -0.0041     6.6630     6.6588    -0.0041   3.416310   3.416464   0.000154    34.0979    34.1037     7.3391    26.7538    26.7589    319.223  297.69194  298.15277          9  0.000e+00
       3744 290.436296  -39.54772  -54.39122     -0.163       0.00      2.731      2.710     6.6628     6.6590    -0.0038     6.6625     6.6587    -0.0038   3.416212   3.416482   0.000270    34.0972    34.1040     7.3393    26.7533    26.7592    319.234  297.69617  298.15703          9  0.000e+00
       3745 290.436296  -39.54772  -54.39122     -0.163       0.00      2.731      2.710     6.6608     6.6596    -0.0012     6.6605     6.6594    -0.0012   3.416038   3.416532   0.000494    34.0973    34.1039     7.3399    26.7536    26.7590    319.260  297.70977  298.17086          9  0.000e+00
       3746 290.436297  -39.54772  -54.39122     -0.153       0.00      2.826      2.805     6.6601     6.6597    -0.0004     6.6599     6.6595    -0.0004   3.415973   3.416551   0.000578    34.0972    34.1040     7.3404    26.7536    26.7590    319.281  297.71457  298.17573          9  0.000e+00
       3747 290.436297  -39.54772  -54.39122     -0.149       0.00      2.731      2.710     6.6595     6.6599     0.0004     6.6592     6.6597     0.0004   3.415902   3.416557   0.000655    34.0971    34.1039     7.3407    26.7536    26.7590    319.295  297.71908  298.18031          9  0.000e+00
       3748 290.436298  -39.54772  -54.39122     -0.144       0.00      2.779      2.757     6.6588     6.6602     0.0014     6.6586     6.6600     0.0014   3.415921   3.416557   0.000636    34.0980    34.1036     7.3412    26.7544    26.7587    319.315  297.72178  298.18310          9  0.000e+00
       3749 290.436298  -39.54772  -54.39122     -0.139       0.00      2.779      2.757     6.6585     6.6599     0.0014     6.6583     6.6597     0.0014   3.415895   3.416557   0.000662    34.0980    34.1039     7.3416    26.7545    26.7589    319.333  297.72385  298.18521          9  0.000e+00
       3750 290.436299  -39.54772  -54.39122     -0.127       0.00      2.826      2.805     6.6578     6.6607     0.0029     6.6576     6.6605     0.0029   3.415824   3.416625   0.000801    34.0978    34.1038     7.3462    26.7544    26.7588    319.534  297.72875  298.19018          9  0.000e+00
       3751 290.436299  -39.54772  -54.39122     -0.118       0.00      2.826      2.805     6.6575     6.6618     0.0043     6.6573     6.6616     0.0043   3.415772   3.416706   0.000934    34.0976    34.1036     7.3432    26.7543    26.7585    319.400  297.73145  298.19291          9  0.000e+00
       3752 290.436300  -39.54772  -54.39122     -0.112       0.00      2.779      2.757     6.6564     6.6622     0.0058     6.6562     6.6620     0.0058   3.415727   3.416781   0.001054    34.0982    34.1041     7.3437    26.7549    26.7588    319.425  297.73754  298.19914          9  0.000e+00
       3753 290.436300  -39.54772  -54.39122     -0.098       0.00      2.826      2.805     6.6562     6.6623     0.0061     6.6560     6.6621     0.0061   3.415675   3.416800   0.001124    34.0978    34.1042     7.3443    26.7546    26.7588    319.452  297.73981  298.20142          9  0.000e+00
       3754 290.436301  -39.54772  -54.39122     -0.091       0.00      2.826      2.805     6.6569     6.6632     0.0063     6.6566     6.6629     0.0063   3.415779   3.416843   0.001064    34.0983    34.1038     7.3447    26.7549    26.7584    319.469  297.73417  298.19572          9  0.000e+00
