Pos-Processados/process_op38/operantar38_009B.ros
* Sea-Bird SBE 9 Data File:
* FileName = D:\OPERANTAR_XXXVIII\DADOS\OP38_009B.hdr
* Software Version Seasave V 7.18c
* Temperature SN = 4808
* Conductivity SN = 3380
* Number of Bytes Per Scan = 31
* Number of Voltage Words = 2
* Number of Scans Averaged by the Deck Unit = 1
* NMEA Latitude = 44 15.92 S
* NMEA Longitude = 052 42.25 W
* NMEA UTC (Time) = Oct 20 2019 08:24:01
** H41
** NAVIO POLAR ALMIRANTE MAXIMIANO
** CRUZEIRO:
** OPERANTAR XXXVIII
** ESTAÇÃO: OP38_009
** LAT 44º 15,92'S
** LONG 052º 42,27'W
** 09P73767-1155
** PROFUNDIDADE: 5806
** DATA/HORA: 200825Z/OUT/19
** OPERADOR: CTTECCHIO
** COLETA DE SUPERFÍCIE
# nquan = 26
# nvalues = 86                                    
# units = specified
# name 0 = scan: Scan Count
# name 1 = timeJ: Julian Days
# name 2 = latitude: Latitude [deg]
# name 3 = longitude: Longitude [deg]
# name 4 = dz/dtM: Descent Rate [m/s]
# name 5 = avgsvCM: Average Sound Velocity [Chen-Millero, m/s]
# name 6 = prDM: Pressure, Digiquartz [db]
# name 7 = depSM: Depth [salt water, m]
# name 8 = t090C: Temperature [ITS-90, deg C]
# name 9 = t190C: Temperature, 2 [ITS-90, deg C]
# name 10 = T2-T190C: Temperature Difference, 2 - 1 [ITS-90, deg C]
# name 11 = potemp090C: Potential Temperature [ITS-90, deg C]
# name 12 = potemp190C: Potential Temperature, 2 [ITS-90, deg C]
# name 13 = potemp90Cdiff: Potential Temperature, Diff, 2 - 1 [ITS-90, deg C]
# name 14 = c0S/m: Conductivity [S/m]
# name 15 = c1S/m: Conductivity, 2 [S/m]
# name 16 = C2-C1S/m: Conductivity Difference, 2 - 1 [S/m]
# name 17 = sal00: Salinity, Practical [PSU]
# name 18 = sal11: Salinity, Practical, 2 [PSU]
# name 19 = sbeox0ML/L: Oxygen, SBE 43 [ml/l]
# name 20 = sbeox1ML/L: Oxygen, SBE 43, 2 [ml/l]
# name 21 = sbeox0ML/Ldiff: Oxygen, SBE 43, Diff, 2 - 1 [ml/l]
# name 22 = sigma-é00: Density [sigma-theta, kg/m^3]
# name 23 = sigma-é11: Density, 2 [sigma-theta, kg/m^3]
# name 24 = nbf: Bottles Fired
# name 25 = flag:  0.000e+00
# interval = seconds: 0.0416667
# start_time = Oct 20 2019 08:24:01 [NMEA time, header]
# bad_flag = -9.990e-29
*END*
       2224 293.351084  -44.26540  -52.70418 9.7748e-13       0.00      2.983      2.959    14.1215    14.1205    -0.0010    14.1211    14.1201    -0.0010   4.275367   4.275976   0.000609    35.6487    35.6553     5.2517     5.0170    -0.2347    26.6630    26.6683          1  0.000e+00
       2225 293.351084  -44.26540  -52.70418     -0.003       0.00      2.935      2.912    14.1213    14.1205    -0.0008    14.1209    14.1201    -0.0008   4.275367   4.275997   0.000629    35.6489    35.6555     5.2517     5.0134    -0.2383    26.6632    26.6684          1  0.000e+00
       2226 293.351085  -44.26540  -52.70418     -0.006       0.00      2.935      2.912    14.1215    14.1205    -0.0010    14.1211    14.1201    -0.0010   4.275389   4.275990   0.000601    35.6489    35.6555     5.2517     5.0130    -0.2387    26.6631    26.6684          1  0.000e+00
       2227 293.351085  -44.26540  -52.70418     -0.008       0.00      2.935      2.912    14.1212    14.1202    -0.0010    14.1207    14.1197    -0.0010   4.275374   4.276003   0.000629    35.6491    35.6559     5.2517     5.0163    -0.2354    26.6633    26.6688          1  0.000e+00
       2228 293.351086  -44.26540  -52.70418     -0.011       0.00      2.935      2.912    14.1211    14.1209    -0.0003    14.1207    14.1204    -0.0003   4.275367   4.275956   0.000588    35.6491    35.6548     5.2517     5.0127    -0.2390    26.6633    26.6678          1  0.000e+00
       2229 293.351086  -44.26540  -52.70418     -0.013       0.00      2.935      2.912    14.1211    14.1207    -0.0004    14.1207    14.1203    -0.0004   4.275367   4.275969   0.000602    35.6491    35.6551     5.2517     5.0160    -0.2358    26.6633    26.6681          1  0.000e+00
       2230 293.351087  -44.26540  -52.70418     -0.012       0.00      2.983      2.959    14.1211    14.1203    -0.0008    14.1207    14.1199    -0.0008   4.275367   4.276004   0.000636    35.6491    35.6557     5.2518     5.0125    -0.2393    26.6633    26.6686          1  0.000e+00
       2231 293.351087  -44.26540  -52.70418     -0.017       0.00      2.888      2.864    14.1212    14.1210    -0.0001    14.1208    14.1206    -0.0001   4.275367   4.276017   0.000650    35.6491    35.6553     5.2517     5.0120    -0.2397    26.6633    26.6681          1  0.000e+00
       2232 293.351087  -44.26540  -52.70418     -0.017       0.00      2.983      2.959    14.1210    14.1210     0.0000    14.1206    14.1206     0.0000   4.275360   4.276017   0.000657    35.6491    35.6552     5.2518     5.0118    -0.2400    26.6634    26.6681          1  0.000e+00
       2233 293.351088  -44.26540  -52.70418     -0.021       0.00      2.888      2.864    14.1213    14.1207    -0.0006    14.1209    14.1203    -0.0006   4.275360   4.276017   0.000657    35.6489    35.6556     5.2517     5.0114    -0.2403    26.6631    26.6684          1  0.000e+00
       2234 293.351088  -44.26540  -52.70418     -0.020       0.00      2.983      2.959    14.1210    14.1212     0.0002    14.1206    14.1207     0.0002   4.275367   4.276065   0.000697    35.6492    35.6555     5.2518     5.0148    -0.2370    26.6634    26.6683          1  0.000e+00
       2235 293.351089  -44.26540  -52.70418     -0.022       0.00      2.935      2.912    14.1214    14.1209    -0.0005    14.1209    14.1204    -0.0005   4.275339   4.276065   0.000726    35.6486    35.6558     5.2517     5.0113    -0.2404    26.6629    26.6686          1  0.000e+00
       2236 293.351089  -44.26540  -52.70418     -0.024       0.00      2.935      2.912    14.1210    14.1210     0.0000    14.1206    14.1206     0.0000   4.275353   4.276024   0.000671    35.6491    35.6553     5.2518     5.0110    -0.2407    26.6633    26.6681          1  0.000e+00
       2237 293.351090  -44.26540  -52.70418     -0.025       0.00      2.935      2.912    14.1210    14.1212     0.0002    14.1206    14.1207     0.0002   4.275339   4.276017   0.000678    35.6489    35.6551     5.2518     5.0108    -0.2410    26.6632    26.6680          1  0.000e+00
       2238 293.351090  -44.26540  -52.70418     -0.027       0.00      2.935      2.912    14.1211    14.1209    -0.0003    14.1207    14.1204    -0.0003   4.275353   4.276017   0.000664    35.6489    35.6554     5.2517     5.0106    -0.2412    26.6632    26.6683          1  0.000e+00
       2239 293.351091  -44.26540  -52.70418     -0.028       0.00      2.935      2.912    14.1208    14.1207    -0.0002    14.1204    14.1203    -0.0002   4.275367   4.276044   0.000677    35.6493    35.6558     5.2550     5.0068    -0.2482    26.6636    26.6686          1  0.000e+00
       2240 293.351091  -44.26540  -52.70418     -0.029       0.00      2.935      2.912    14.1210    14.1210     0.0000    14.1206    14.1206     0.0000   4.275339   4.276024   0.000685    35.6489    35.6553     5.2553     5.0062    -0.2491    26.6632    26.6681          1  0.000e+00
       2241 293.351092  -44.26540  -52.70418     -0.029       0.00      2.963      2.939    14.1206    14.1212     0.0006    14.1202    14.1207     0.0006   4.275382   4.276017   0.000636    35.6497    35.6551     5.2523     5.0057    -0.2466    26.6639    26.6680          1  0.000e+00
       2242 293.351092  -44.26540  -52.70418     -0.027       0.00      2.983      2.959    14.1208    14.1207    -0.0001    14.1204    14.1203    -0.0001   4.275318   4.276017   0.000699    35.6489    35.6555     5.2523     5.0052    -0.2471    26.6633    26.6684          1  0.000e+00
       2243 293.351093  -44.26540  -52.70418     -0.028       0.00      2.935      2.912    14.1207    14.1207     0.0000    14.1202    14.1203     0.0000   4.275374   4.276017   0.000643    35.6496    35.6555     5.2555     5.0047    -0.2508    26.6638    26.6684          1  0.000e+00
       2244 293.351093  -44.26540  -52.70418     -0.029       0.00      2.935      2.912    14.1206    14.1205    -0.0001    14.1202    14.1201    -0.0001   4.275367   4.275990   0.000622    35.6496    35.6555     5.2557     5.0043    -0.2514    26.6638    26.6684          1  0.000e+00
       2245 293.351094  -44.26540  -52.70418     -0.029       0.00      2.935      2.912    14.1205    14.1207     0.0002    14.1200    14.1203     0.0002   4.275304   4.276003   0.000700    35.6491    35.6554     5.2560     5.0039    -0.2521    26.6635    26.6683          1  0.000e+00
       2246 293.351094  -44.26540  -52.70418     -0.027       0.00      2.983      2.959    14.1206    14.1209     0.0002    14.1202    14.1204     0.0002   4.275290   4.276065   0.000775    35.6488    35.6558     5.2562     5.0035    -0.2527    26.6632    26.6686          1  0.000e+00
       2247 293.351095  -44.26540  -52.70418     -0.025       0.00      2.983      2.959    14.1205    14.1204    -0.0001    14.1200    14.1199    -0.0001   4.275318   4.276004   0.000686    35.6492    35.6557     5.2564     4.9996    -0.2568    26.6636    26.6686          1  0.000e+00
       2248 293.351095  -44.26540  -52.70418     -0.023       0.00      2.983      2.959    14.1206    14.1208     0.0002    14.1202    14.1204     0.0002   4.275332   4.276004   0.000671    35.6492    35.6553     5.2566     4.9989    -0.2576    26.6635    26.6682          1  0.000e+00
       2249 293.351096  -44.26540  -52.70418     -0.024       0.00      2.935      2.912    14.1205    14.1204    -0.0001    14.1200    14.1199    -0.0001   4.275332   4.276037   0.000705    35.6494    35.6560     5.2567     4.9983    -0.2584    26.6637    26.6689          1  0.000e+00
       2250 293.351096  -44.26540  -52.70418     -0.021       0.00      2.983      2.959    14.1203    14.1209     0.0006    14.1199    14.1204     0.0006   4.275332   4.276024   0.000692    35.6495    35.6554     5.2569     4.9977    -0.2592    26.6638    26.6683          1  0.000e+00
       2251 293.351097  -44.26540  -52.70418     -0.019       0.00      2.983      2.959    14.1203    14.1209     0.0005    14.1199    14.1204     0.0005   4.275268   4.276044   0.000776    35.6489    35.6556     5.2571     4.9971    -0.2599    26.6633    26.6684          1  0.000e+00
       2252 293.351097  -44.26540  -52.70418     -0.014       0.00      3.038      3.014    14.1201    14.1207     0.0006    14.1197    14.1202     0.0006   4.275275   4.276051   0.000776    35.6491    35.6558     5.2605     4.9967    -0.2638    26.6636    26.6686          1  0.000e+00
       2253 293.351098  -44.26540  -52.70418     -0.011       0.00      2.983      2.959    14.1201    14.1209     0.0007    14.1197    14.1204     0.0007   4.275261   4.275997   0.000735    35.6490    35.6552     5.2576     4.9926    -0.2650    26.6635    26.6681          1  0.000e+00
       2254 293.351098  -44.26540  -52.70418     -0.009       0.00      2.983      2.959    14.1200    14.1205     0.0005    14.1195    14.1201     0.0005   4.275275   4.275983   0.000708    35.6493    35.6554     5.2610     4.9955    -0.2655    26.6637    26.6683          1  0.000e+00
       2255 293.351099  -44.26540  -52.70418     -0.004       0.00      3.038      3.014    14.1200    14.1208     0.0009    14.1195    14.1204     0.0009   4.275233   4.276031   0.000798    35.6489    35.6555     5.2614     4.9952    -0.2662    26.6634    26.6684          1  0.000e+00
       2256 293.351099  -44.26540  -52.70418     -0.002       0.00      2.983      2.959    14.1196    14.1207     0.0011    14.1192    14.1203     0.0011   4.275240   4.276024   0.000784    35.6493    35.6556     5.2617     4.9913    -0.2704    26.6638    26.6684          1  0.000e+00
       2257 293.351100  -44.26540  -52.70418      0.000       0.00      2.983      2.959    14.1188    14.1207     0.0019    14.1183    14.1203     0.0019   4.275169   4.275990   0.000821    35.6494    35.6553     5.2653     4.9907    -0.2747    26.6641    26.6682          1  0.000e+00
       2258 293.351100  -44.26540  -52.70418      0.005       0.00      3.038      3.014    14.1186    14.1205     0.0019    14.1181    14.1201     0.0019   4.275113   4.276031   0.000918    35.6490    35.6558     5.2627     4.9902    -0.2725    26.6638    26.6686          1  0.000e+00
       2259 293.351101  -44.26540  -52.70418      0.010       0.00      3.038      3.014    14.1184    14.1208     0.0024    14.1180    14.1204     0.0024   4.275134   4.276024   0.000890    35.6493    35.6554     5.2630     4.9933    -0.2697    26.6641    26.6683          1  0.000e+00
       2260 293.351101  -44.26540  -52.70418      0.014       0.00      3.011      2.987    14.1188    14.1202     0.0014    14.1183    14.1197     0.0014   4.275148   4.275990   0.000842    35.6492    35.6557     5.2664     4.9933    -0.2731    26.6639    26.6687          1  0.000e+00
       2261 293.351101  -44.26540  -52.70418      0.019       0.00      3.038      3.014    14.1186    14.1205     0.0019    14.1181    14.1201     0.0019   4.275169   4.276004   0.000834    35.6495    35.6555     5.2669     4.9933    -0.2736    26.6642    26.6684          1  0.000e+00
       2262 293.351102  -44.26540  -52.70418      0.020       0.00      2.983      2.959    14.1191    14.1204     0.0013    14.1187    14.1199     0.0013   4.275183   4.275990   0.000807    35.6492    35.6556     5.2640     4.9933    -0.2706    26.6639    26.6685          1  0.000e+00
       2263 293.351102  -44.26540  -52.70418      0.025       0.00      3.038      3.014    14.1191    14.1203     0.0012    14.1187    14.1199     0.0012   4.275205   4.276004   0.000799    35.6494    35.6557     5.2641     4.9935    -0.2707    26.6640    26.6686          1  0.000e+00
       2264 293.351103  -44.26540  -52.70418      0.030       0.00      3.038      3.014    14.1193    14.1205     0.0012    14.1188    14.1201     0.0012   4.275219   4.275983   0.000764    35.6494    35.6554     5.2643     4.9936    -0.2706    26.6639    26.6683          1  0.000e+00
       2265 293.351103  -44.26540  -52.70418      0.031       0.00      2.983      2.959    14.1196    14.1202     0.0006    14.1192    14.1197     0.0006   4.275219   4.275956   0.000737    35.6491    35.6554     5.2675     4.9939    -0.2737    26.6637    26.6684          1  0.000e+00
       2266 293.351104  -44.26540  -52.70418      0.035       0.00      3.038      3.014    14.1195    14.1201     0.0007    14.1190    14.1197     0.0007   4.275219   4.275970   0.000751    35.6492    35.6556     5.2647     4.9941    -0.2705    26.6638    26.6685          1  0.000e+00
       2267 293.351104  -44.26540  -52.70418      0.040       0.00      3.038      3.014    14.1195    14.1200     0.0006    14.1190    14.1196     0.0006   4.275219   4.275976   0.000758    35.6492    35.6557     5.2647     4.9945    -0.2702    26.6638    26.6687          1  0.000e+00
       2268 293.351105  -44.26540  -52.70418      0.041       0.00      2.983      2.959    14.1195    14.1200     0.0006    14.1190    14.1196     0.0006   4.275190   4.275956   0.000765    35.6490    35.6556     5.2647     4.9948    -0.2699    26.6636    26.6686          1  0.000e+00
       2269 293.351105  -44.26540  -52.70418      0.045       0.00      3.038      3.014    14.1196    14.1198     0.0002    14.1192    14.1194     0.0002   4.275226   4.275949   0.000723    35.6491    35.6557     5.2680     4.9953    -0.2727    26.6637    26.6687          1  0.000e+00
       2270 293.351106  -44.26540  -52.70418      0.046       0.00      2.983      2.959    14.1193    14.1197     0.0004    14.1188    14.1192     0.0004   4.275226   4.275942   0.000716    35.6495    35.6558     5.2649     4.9957    -0.2692    26.6640    26.6688          1  0.000e+00
       2271 293.351106  -44.26540  -52.70418      0.050       0.00      3.038      3.014    14.1193    14.1198     0.0005    14.1189    14.1194     0.0005   4.275190   4.275942   0.000752    35.6491    35.6556     5.2649     4.9962    -0.2687    26.6637    26.6686          1  0.000e+00
       2272 293.351107  -44.26540  -52.70418      0.051       0.00      2.983      2.959    14.1193    14.1197     0.0004    14.1188    14.1192     0.0004   4.275205   4.275888   0.000683    35.6493    35.6553     5.2648     4.9968    -0.2681    26.6639    26.6684          1  0.000e+00
       2273 293.351107  -44.26540  -52.70418      0.049       0.00      2.935      2.912    14.1191    14.1195     0.0004    14.1187    14.1191     0.0004   4.275219   4.275949   0.000730    35.6496    35.6560     5.2647     4.9973    -0.2674    26.6641    26.6690          1  0.000e+00
       2274 293.351108  -44.26540  -52.70418      0.047       0.00      2.983      2.959    14.1191    14.1198     0.0007    14.1187    14.1194     0.0007   4.275219   4.275895   0.000676    35.6496    35.6552     5.2646     4.9976    -0.2670    26.6641    26.6683          1  0.000e+00
       2275 293.351108  -44.26540  -52.70418      0.044       0.00      2.983      2.959    14.1191    14.1195     0.0004    14.1187    14.1191     0.0004   4.275134   4.275895   0.000761    35.6487    35.6555     5.2645     5.0015    -0.2630    26.6635    26.6686          1  0.000e+00
       2276 293.351109  -44.26540  -52.70418      0.039       0.00      2.935      2.912    14.1193    14.1193     0.0001    14.1188    14.1189     0.0001   4.275162   4.275874   0.000712    35.6489    35.6555     5.2643     5.0025    -0.2617    26.6636    26.6686          1  0.000e+00
       2277 293.351109  -44.26540  -52.70418      0.031       0.00      2.888      2.864    14.1193    14.1193     0.0000    14.1189    14.1189     0.0000   4.275155   4.275895   0.000740    35.6488    35.6557     5.2673     5.0032    -0.2641    26.6635    26.6688          1  0.000e+00
       2278 293.351110  -44.26540  -52.70418      0.029       0.00      2.983      2.959    14.1191    14.1190    -0.0001    14.1187    14.1186    -0.0001   4.275198   4.275881   0.000684    35.6494    35.6558     5.2642     5.0045    -0.2597    26.6640    26.6690          1  0.000e+00
