Pos-Processados/process_op38/operantar38_016b.ros
* Sea-Bird SBE 9 Data File:
* FileName = D:\OPERANTAR_XXXVIII\DADOS\OP38_016b.hdr
* Software Version Seasave V 7.18c
* Temperature SN = 4808
* Conductivity SN = 3380
* Number of Bytes Per Scan = 34
* Number of Voltage Words = 3
* Number of Scans Averaged by the Deck Unit = 1
* NMEA Latitude = 62 13.34 S
* NMEA Longitude = 058 12.67 W
* NMEA UTC (Time) = Nov 05 2019 12:41:07
** H41
** NAVIO POLAR ALMIRANTE MAXIMIANO
** CRUZEIRO:
** OPERANTAR XXXVIII
** ESTAÇÃO: OP38_016b
** LAT 62 13,33' S
** LONG 058 12,64' W
** 09P73767-1155_A
** PROFUNDIDADE: 310
** DATA/HORA: 051240Z/NOV/2019
** OPERADOR: SO-HN CHAVES
# nquan = 26
# nvalues = 2085                                  
# units = specified
# name 0 = scan: Scan Count
# name 1 = timeJ: Julian Days
# name 2 = latitude: Latitude [deg]
# name 3 = longitude: Longitude [deg]
# name 4 = dz/dtM: Descent Rate [m/s]
# name 5 = avgsvCM: Average Sound Velocity [Chen-Millero, m/s]
# name 6 = prDM: Pressure, Digiquartz [db]
# name 7 = depSM: Depth [salt water, m]
# name 8 = t090C: Temperature [ITS-90, deg C]
# name 9 = t190C: Temperature, 2 [ITS-90, deg C]
# name 10 = T2-T190C: Temperature Difference, 2 - 1 [ITS-90, deg C]
# name 11 = potemp090C: Potential Temperature [ITS-90, deg C]
# name 12 = potemp190C: Potential Temperature, 2 [ITS-90, deg C]
# name 13 = potemp90Cdiff: Potential Temperature, Diff, 2 - 1 [ITS-90, deg C]
# name 14 = c0S/m: Conductivity [S/m]
# name 15 = c1S/m: Conductivity, 2 [S/m]
# name 16 = C2-C1S/m: Conductivity Difference, 2 - 1 [S/m]
# name 17 = sal00: Salinity, Practical [PSU]
# name 18 = sal11: Salinity, Practical, 2 [PSU]
# name 19 = sbeox0ML/L: Oxygen, SBE 43 [ml/l]
# name 20 = sbeox1ML/L: Oxygen, SBE 43, 2 [ml/l]
# name 21 = sbeox0ML/Ldiff: Oxygen, SBE 43, Diff, 2 - 1 [ml/l]
# name 22 = sigma-é00: Density [sigma-theta, kg/m^3]
# name 23 = sigma-é11: Density, 2 [sigma-theta, kg/m^3]
# name 24 = nbf: Bottles Fired
# name 25 = flag:  0.000e+00
# interval = seconds: 0.0416667
# start_time = Nov 05 2019 12:41:07 [NMEA time, header]
# bad_flag = -9.990e-29
*END*
[from data line 669]
       1016 309.529043  -62.22236  -58.21132      0.063       0.00      2.151      2.131    -0.7642    -0.7634     0.0008    -0.7642    -0.7634     0.0008   2.776412   2.776826   0.000414    34.1607    34.1654     7.5753     7.2998    -0.2755    27.4639    27.4677          4  0.000e+00
       1017 309.529043  -62.22236  -58.21132      0.062       0.00      2.103      2.083    -0.7641    -0.7635     0.0006    -0.7641    -0.7636     0.0006   2.776400   2.776808   0.000408    34.1605    34.1653     7.5748     7.2998    -0.2749    27.4637    27.4676          4  0.000e+00
       1018 309.529044  -62.22236  -58.21132      0.061       0.00      2.151      2.131    -0.7642    -0.7637     0.0006    -0.7643    -0.7637     0.0006   2.776352   2.776803   0.000451    34.1600    34.1654     7.5744     7.2999    -0.2745    27.4633    27.4677          4  0.000e+00
       1019 309.529044  -62.22236  -58.21132      0.060       0.00      2.103      2.083    -0.7652    -0.7639     0.0013    -0.7652    -0.7640     0.0013   2.776298   2.776820   0.000522    34.1603    34.1660     7.5792     7.2999    -0.2793    27.4636    27.4682          4  0.000e+00
       1020 309.529045  -62.22236  -58.21132      0.065       0.00      2.151      2.131    -0.7655    -0.7648     0.0007    -0.7655    -0.7648     0.0007   2.776286   2.776751   0.000465    34.1605    34.1660     7.5804     7.3001    -0.2803    27.4638    27.4682          4  0.000e+00
       1021 309.529045  -62.22236  -58.21132      0.066       0.00      2.206      2.185    -0.7658    -0.7655     0.0002    -0.7658    -0.7656     0.0002   2.776268   2.776722   0.000454    34.1605    34.1664     7.5764     7.3003    -0.2761    27.4638    27.4686          4  0.000e+00
       1022 309.529046  -62.22236  -58.21132      0.063       0.00      2.103      2.083    -0.7661    -0.7657     0.0004    -0.7662    -0.7657     0.0004   2.776262   2.776722   0.000460    34.1609    34.1667     7.5767     7.3061    -0.2706    27.4641    27.4688          4  0.000e+00
       1023 309.529046  -62.22236  -58.21132      0.070       0.00      2.206      2.185    -0.7661    -0.7671    -0.0010    -0.7662    -0.7671    -0.0010   2.776220   2.776642   0.000421    34.1603    34.1671     7.5764     7.3076    -0.2688    27.4636    27.4692          4  0.000e+00
       1024 309.529047  -62.22236  -58.21132      0.065       0.00      2.151      2.131    -0.7664    -0.7678    -0.0014    -0.7665    -0.7678    -0.0014   2.776208   2.776636   0.000427    34.1605    34.1678     7.5811     7.3087    -0.2724    27.4638    27.4698          4  0.000e+00
       1025 309.529047  -62.22236  -58.21132      0.071       0.00      2.172      2.151    -0.7667    -0.7683    -0.0016    -0.7668    -0.7684    -0.0016   2.776208   2.776544   0.000335    34.1608    34.1672     7.5815     7.3040    -0.2774    27.4641    27.4693          4  0.000e+00
       1026 309.529048  -62.22236  -58.21132      0.074       0.00      2.151      2.131    -0.7673    -0.7689    -0.0017    -0.7673    -0.7690    -0.0017   2.776149   2.776532   0.000384    34.1606    34.1677     7.5767     7.3098    -0.2668    27.4640    27.4698          4  0.000e+00
       1027 309.529048  -62.22236  -58.21132      0.076       0.00      2.206      2.185    -0.7673    -0.7688    -0.0015    -0.7674    -0.7688    -0.0015   2.776107   2.776521   0.000414    34.1601    34.1674     7.5762     7.3050    -0.2713    27.4636    27.4695          4  0.000e+00
       1028 309.529049  -62.22236  -58.21132      0.074       0.00      2.151      2.131    -0.7678    -0.7688    -0.0010    -0.7679    -0.7688    -0.0010   2.776101   2.776509   0.000409    34.1606    34.1673     7.5757     7.3047    -0.2710    27.4640    27.4694          4  0.000e+00
       1029 309.529049  -62.22236  -58.21132      0.078       0.00      2.206      2.185    -0.7680    -0.7685    -0.0005    -0.7680    -0.7685    -0.0005   2.776101   2.776550   0.000449    34.1607    34.1674     7.5813     7.3045    -0.2768    27.4641    27.4695          4  0.000e+00
       1030 309.529049  -62.22236  -58.21132      0.082       0.00      2.206      2.185    -0.7676    -0.7681    -0.0005    -0.7677    -0.7681    -0.0005   2.776137   2.776527   0.000390    34.1608    34.1666     7.5763     7.3101    -0.2662    27.4642    27.4689          4  0.000e+00
       1031 309.529050  -62.22236  -58.21132      0.083       0.00      2.206      2.185    -0.7673    -0.7682    -0.0009    -0.7673    -0.7682    -0.0009   2.776155   2.776532   0.000378    34.1607    34.1668     7.5757     7.3052    -0.2705    27.4640    27.4690          4  0.000e+00
       1032 309.529050  -62.22236  -58.21132      0.086       0.00      2.206      2.185    -0.7670    -0.7680    -0.0010    -0.7671    -0.7681    -0.0010   2.776173   2.776521   0.000348    34.1607    34.1665     7.5803     7.3049    -0.2754    27.4640    27.4687          4  0.000e+00
       1033 309.529051  -62.22236  -58.21132      0.085       0.00      2.206      2.185    -0.7669    -0.7678    -0.0010    -0.7669    -0.7679    -0.0010   2.776202   2.776492   0.000290    34.1609    34.1659     7.5805     7.3047    -0.2758    27.4642    27.4683          4  0.000e+00
       1034 309.529051  -62.22236  -58.21132      0.089       0.00      2.206      2.185    -0.7664    -0.7671    -0.0007    -0.7665    -0.7671    -0.0007   2.776208   2.776527   0.000318    34.1604    34.1655     7.5806     7.3043    -0.2763    27.4638    27.4679          4  0.000e+00
       1035 309.529052  -62.22236  -58.21132      0.089       0.00      2.172      2.151    -0.7663    -0.7673    -0.0010    -0.7663    -0.7673    -0.0010   2.776208   2.776561   0.000353    34.1603    34.1662     7.5755     7.3040    -0.2715    27.4637    27.4685          4  0.000e+00
       1036 309.529052  -62.22236  -58.21132      0.087       0.00      2.206      2.185    -0.7662    -0.7675    -0.0013    -0.7663    -0.7676    -0.0013   2.776226   2.776544   0.000318    34.1605    34.1663     7.5749     7.3039    -0.2710    27.4638    27.4686          4  0.000e+00
       1037 309.529053  -62.22236  -58.21132      0.094       0.00      2.254      2.232    -0.7658    -0.7672    -0.0014    -0.7659    -0.7673    -0.0014   2.776214   2.776555   0.000341    34.1598    34.1660     7.5743     7.3036    -0.2707    27.4633    27.4684          4  0.000e+00
       1038 309.529053  -62.22236  -58.21132      0.091       0.00      2.206      2.185    -0.7661    -0.7675    -0.0014    -0.7662    -0.7676    -0.0014   2.776208   2.776567   0.000358    34.1601    34.1666     7.5745     7.3093    -0.2653    27.4635    27.4688          4  0.000e+00
       1039 309.529054  -62.22236  -58.21132      0.092       0.00      2.206      2.185    -0.7663    -0.7674    -0.0011    -0.7663    -0.7675    -0.0011   2.776208   2.776550   0.000341    34.1603    34.1662     7.5799     7.3089    -0.2710    27.4637    27.4685          4  0.000e+00
       1040 309.529054  -62.22236  -58.21132      0.095       0.00      2.254      2.232    -0.7661    -0.7679    -0.0018    -0.7662    -0.7680    -0.0018   2.776244   2.776538   0.000294    34.1606    34.1666     7.5809     7.3040    -0.2770    27.4639    27.4688          4  0.000e+00
       1041 309.529055  -62.22236  -58.21132      0.094       0.00      2.206      2.185    -0.7662    -0.7677    -0.0015    -0.7663    -0.7677    -0.0015   2.776220   2.776573   0.000352    34.1604    34.1668     7.5819     7.3035    -0.2784    27.4637    27.4690          4  0.000e+00
       1042 309.529055  -62.22236  -58.21132      0.096       0.00      2.254      2.232    -0.7663    -0.7675    -0.0013    -0.7663    -0.7676    -0.0013   2.776226   2.776573   0.000346    34.1605    34.1666     7.5778     7.3031    -0.2747    27.4638    27.4689          4  0.000e+00
       1043 309.529056  -62.22236  -58.21132      0.095       0.00      2.206      2.185    -0.7661    -0.7672    -0.0011    -0.7662    -0.7673    -0.0011   2.776232   2.776584   0.000352    34.1604    34.1665     7.5772     7.3026    -0.2746    27.4638    27.4687          4  0.000e+00
       1044 309.529056  -62.22236  -58.21132      0.094       0.00      2.254      2.232    -0.7658    -0.7675    -0.0017    -0.7659    -0.7676    -0.0017   2.776250   2.776590   0.000340    34.1603    34.1669     7.5766     7.3023    -0.2743    27.4637    27.4690          4  0.000e+00
       1045 309.529057  -62.22236  -58.21132      0.095       0.00      2.220      2.198    -0.7659    -0.7675    -0.0015    -0.7660    -0.7675    -0.0015   2.776238   2.776590   0.000352    34.1603    34.1668     7.5760     7.3019    -0.2742    27.4637    27.4690          4  0.000e+00
       1046 309.529057  -62.22236  -58.21132      0.095       0.00      2.254      2.232    -0.7660    -0.7672    -0.0012    -0.7661    -0.7673    -0.0012   2.776214   2.776573   0.000358    34.1601    34.1663     7.5756     7.3015    -0.2741    27.4635    27.4686          4  0.000e+00
       1047 309.529058  -62.22236  -58.21132      0.092       0.00      2.206      2.185    -0.7656    -0.7674    -0.0018    -0.7657    -0.7675    -0.0018   2.776244   2.776584   0.000340    34.1601    34.1667     7.5800     7.3011    -0.2789    27.4635    27.4689          4  0.000e+00
       1048 309.529058  -62.22236  -58.21132      0.094       0.00      2.254      2.232    -0.7656    -0.7668    -0.0011    -0.7657    -0.7668    -0.0011   2.776280   2.776573   0.000292    34.1605    34.1658     7.5759     7.3007    -0.2752    27.4638    27.4681          4  0.000e+00
       1049 309.529059  -62.22236  -58.21132      0.093       0.00      2.254      2.232    -0.7655    -0.7675    -0.0021    -0.7655    -0.7676    -0.0021   2.776286   2.776550   0.000263    34.1604    34.1663     7.5813     7.3063    -0.2750    27.4637    27.4686          4  0.000e+00
       1050 309.529059  -62.22236  -58.21132      0.092       0.00      2.254      2.232    -0.7656    -0.7686    -0.0030    -0.7657    -0.7687    -0.0030   2.776244   2.776498   0.000254    34.1600    34.1668     7.5824     7.3014    -0.2810    27.4634    27.4691          4  0.000e+00
       1051 309.529060  -62.22236  -58.21132      0.090       0.00      2.254      2.232    -0.7670    -0.7693    -0.0023    -0.7670    -0.7694    -0.0023   2.776155   2.776469   0.000315    34.1603    34.1672     7.5837     7.3069    -0.2768    27.4637    27.4694          4  0.000e+00
       1052 309.529060  -62.22236  -58.21132      0.090       0.00      2.254      2.232    -0.7673    -0.7700    -0.0027    -0.7674    -0.7701    -0.0027   2.776107   2.776515   0.000408    34.1601    34.1686     7.5840     7.3018    -0.2822    27.4635    27.4706          4  0.000e+00
       1053 309.529061  -62.22236  -58.21132      0.090       0.00      2.254      2.232    -0.7676    -0.7694    -0.0018    -0.7677    -0.7694    -0.0018   2.776101   2.776555   0.000455    34.1603    34.1685     7.5843     7.3012    -0.2831    27.4637    27.4704          4  0.000e+00
       1054 309.529061  -62.22236  -58.21132      0.088       0.00      2.254      2.232    -0.7678    -0.7686    -0.0008    -0.7679    -0.7687    -0.0008   2.776101   2.776567   0.000466    34.1605    34.1678     7.5793     7.3006    -0.2787    27.4639    27.4698          4  0.000e+00
       1055 309.529062  -62.22236  -58.21132      0.085       0.00      2.220      2.198    -0.7680    -0.7685    -0.0005    -0.7680    -0.7685    -0.0005   2.776101   2.776584   0.000483    34.1607    34.1679     7.5787     7.3001    -0.2786    27.4641    27.4699          4  0.000e+00
       1056 309.529062  -62.22236  -58.21132      0.084       0.00      2.302      2.280    -0.7681    -0.7678     0.0003    -0.7681    -0.7678     0.0003   2.776119   2.776573   0.000454    34.1611    34.1669     7.5833     7.3054    -0.2779    27.4644    27.4690          4  0.000e+00
       1057 309.529063  -62.22236  -58.21132      0.085       0.00      2.302      2.280    -0.7676    -0.7675     0.0001    -0.7677    -0.7676     0.0001   2.776107   2.776567   0.000460    34.1604    34.1665     7.5782     7.3013    -0.2769    27.4638    27.4688          4  0.000e+00
       1058 309.529063  -62.22236  -58.21132      0.083       0.00      2.254      2.232    -0.7676    -0.7674     0.0002    -0.7677    -0.7675     0.0002   2.776119   2.776567   0.000448    34.1606    34.1664     7.5775     7.3008    -0.2767    27.4639    27.4687          4  0.000e+00
       1059 309.529063  -62.22236  -58.21132      0.081       0.00      2.254      2.232    -0.7675    -0.7677    -0.0002    -0.7676    -0.7677    -0.0002   2.776149   2.776544   0.000395    34.1608    34.1664     7.5828     7.3004    -0.2824    27.4642    27.4687          4  0.000e+00
       1060 309.529064  -62.22236  -58.21132      0.081       0.00      2.302      2.280    -0.7678    -0.7677     0.0001    -0.7679    -0.7677     0.0001   2.776155   2.776555   0.000401    34.1612    34.1665     7.5838     7.2999    -0.2839    27.4645    27.4688          4  0.000e+00
       1061 309.529064  -62.22236  -58.21132      0.077       0.00      2.254      2.232    -0.7677    -0.7678    -0.0000    -0.7678    -0.7678    -0.0000   2.776155   2.776584   0.000430    34.1612    34.1670     7.5787     7.2994    -0.2793    27.4644    27.4692          4  0.000e+00
       1062 309.529065  -62.22236  -58.21132      0.077       0.00      2.254      2.232    -0.7675    -0.7677    -0.0002    -0.7676    -0.7677    -0.0002   2.776137   2.776590   0.000453    34.1607    34.1670     7.5832     7.2989    -0.2843    27.4640    27.4692          4  0.000e+00
       1063 309.529065  -62.22236  -58.21132      0.073       0.00      2.254      2.232    -0.7678    -0.7680    -0.0002    -0.7679    -0.7681    -0.0002   2.776131   2.776573   0.000442    34.1609    34.1671     7.5834     7.2985    -0.2849    27.4642    27.4693          4  0.000e+00
       1064 309.529066  -62.22236  -58.21132      0.073       0.00      2.302      2.280    -0.7678    -0.7677     0.0001    -0.7679    -0.7677     0.0001   2.776131   2.776544   0.000413    34.1609    34.1664     7.5783     7.2980    -0.2803    27.4642    27.4686          4  0.000e+00
       1065 309.529066  -62.22236  -58.21132      0.071       0.00      2.254      2.232    -0.7676    -0.7678    -0.0002    -0.7677    -0.7679    -0.0002   2.776107   2.776538   0.000431    34.1604    34.1665     7.5827     7.3034    -0.2793    27.4638    27.4688          4  0.000e+00
       1066 309.529067  -62.22236  -58.21132      0.070       0.00      2.322      2.300    -0.7681    -0.7677     0.0004    -0.7681    -0.7677     0.0004   2.776101   2.776578   0.000478    34.1608    34.1668     7.5777     7.3040    -0.2737    27.4642    27.4690          4  0.000e+00
       1067 309.529067  -62.22236  -58.21132      0.067       0.00      2.254      2.232    -0.7680    -0.7671     0.0008    -0.7680    -0.7672     0.0008   2.776083   2.776590   0.000507    34.1605    34.1664     7.5769     7.2986    -0.2784    27.4639    27.4687          4  0.000e+00
       1068 309.529068  -62.22236  -58.21132      0.064       0.00      2.302      2.280    -0.7680    -0.7675     0.0004    -0.7680    -0.7676     0.0004   2.776095   2.776613   0.000518    34.1606    34.1671     7.5770     7.2981    -0.2789    27.4640    27.4693          4  0.000e+00
       1069 309.529068  -62.22236  -58.21132      0.061       0.00      2.254      2.232    -0.7681    -0.7666     0.0015    -0.7681    -0.7667     0.0015   2.776101   2.776619   0.000518    34.1608    34.1662     7.5823     7.2973    -0.2849    27.4642    27.4685          4  0.000e+00
       1070 309.529069  -62.22236  -58.21132      0.061       0.00      2.254      2.232    -0.7684    -0.7668     0.0017    -0.7685    -0.7668     0.0017   2.776065   2.776659   0.000594    34.1608    34.1669     7.5824     7.2967    -0.2857    27.4641    27.4691          4  0.000e+00
