Pos-Processados/process_op38/operantar38_016.ros
* Sea-Bird SBE 9 Data File:
* FileName = D:\OPERANTAR_XXXVIII\DADOS\OP38_016.hdr
* Software Version Seasave V 7.18c
* Temperature SN = 4808
* Conductivity SN = 3380
* Number of Bytes Per Scan = 34
* Number of Voltage Words = 3
* Number of Scans Averaged by the Deck Unit = 1
* NMEA Latitude = 62 13.34 S
* NMEA Longitude = 058 12.68 W
* NMEA UTC (Time) = Nov 05 2019 11:56:34
** H41
** NAVIO POLAR ALMIRANTE MAXIMIANO
** CRUZEIRO:
** OPERANTAR XXXVIII
** ESTAÇÃO: OP38_016
** LAT 62 13,33' S
** LONG 058 12,65' W
** 09P73767-1155_A
** PROFUNDIDADE: 310
** DATA/HORA: 051157Z/NOV/2019
** OPERADOR: SO-HN CHAVES
# nquan = 27
# nvalues = 1885                                  
# units = specified
# name 0 = scan: Scan Count
# name 1 = timeJ: Julian Days
# name 2 = latitude: Latitude [deg]
# name 3 = longitude: Longitude [deg]
# name 4 = dz/dtM: Descent Rate [m/s]
# name 5 = avgsvCM: Average Sound Velocity [Chen-Millero, m/s]
# name 6 = prDM: Pressure, Digiquartz [db]
# name 7 = depSM: Depth [salt water, m]
# name 8 = t090C: Temperature [ITS-90, deg C]
# name 9 = t190C: Temperature, 2 [ITS-90, deg C]
# name 10 = T2-T190C: Temperature Difference, 2 - 1 [ITS-90, deg C]
# name 11 = potemp090C: Potential Temperature [ITS-90, deg C]
# name 12 = potemp190C: Potential Temperature, 2 [ITS-90, deg C]
# name 13 = potemp90Cdiff: Potential Temperature, Diff, 2 - 1 [ITS-90, deg C]
# name 14 = c0S/m: Conductivity [S/m]
# name 15 = c1S/m: Conductivity, 2 [S/m]
# name 16 = C2-C1S/m: Conductivity Difference, 2 - 1 [S/m]
# name 17 = sal00: Salinity, Practical [PSU]
# name 18 = sal11: Salinity, Practical, 2 [PSU]
# name 19 = sbeox0ML/L: Oxygen, SBE 43 [ml/l]
# name 20 = sigma-é00: Density [sigma-theta, kg/m^3]
# name 21 = sigma-é11: Density, 2 [sigma-theta, kg/m^3]
# name 22 = sbox0Mm/Kg: Oxygen, SBE 43 [umol/kg]
# name 23 = oxsolMm/Kg: Oxygen Saturation, Garcia & Gordon [umol/kg]
# name 24 = oxsatMm/Kg: Oxygen Saturation, Weiss [umol/kg]
# name 25 = nbf: Bottles Fired
# name 26 = flag:  0.000e+00
# interval = seconds: 0.0416667
# start_time = Nov 05 2019 11:56:34 [NMEA time, header]
# bad_flag = -9.990e-29
*END*
[from data line 1504]
      28074 309.511154  -62.22236  -58.21132      0.028    1446.63     18.911     18.729    -0.8140    -0.8139     0.0000    -0.8145    -0.8144     0.0000   2.773229   2.773641   0.000413    34.1635    34.1690     7.5914    27.4682    27.4727    329.970  357.80022  359.44478         10  0.000e+00
      28075 309.511155  -62.22236  -58.21132      0.029    1446.63     18.884     18.701    -0.8138    -0.8139    -0.0001    -0.8143    -0.8144    -0.0001   2.773229   2.773664   0.000436    34.1633    34.1694     7.5912    27.4680    27.4730    329.960  357.79908  359.44359         10  0.000e+00
      28076 309.511155  -62.22236  -58.21132      0.031    1446.63     18.863     18.681    -0.8141    -0.8136     0.0005    -0.8146    -0.8141     0.0005   2.773247   2.773664   0.000418    34.1640    34.1690     7.5919    27.4686    27.4727    329.988  357.80055  359.44518         10  0.000e+00
      28077 309.511155  -62.22236  -58.21132      0.035    1446.63     18.911     18.729    -0.8138    -0.8137     0.0000    -0.8143    -0.8143     0.0000   2.773235   2.773647   0.000413    34.1634    34.1689     7.5925    27.4681    27.4726    330.015  357.79889  359.44341         10  0.000e+00
      28078 309.511156  -62.22236  -58.21132      0.032    1446.63     18.884     18.701    -0.8140    -0.8140    -0.0001    -0.8145    -0.8146    -0.0001   2.773229   2.773705   0.000476    34.1635    34.1701     7.5931    27.4682    27.4735    330.042  357.80017  359.44473         10  0.000e+00
      28079 309.511156  -62.22236  -58.21132      0.036    1446.63     18.911     18.729    -0.8140    -0.8133     0.0007    -0.8145    -0.8138     0.0007   2.773229   2.773659   0.000430    34.1635    34.1686     7.5937    27.4682    27.4723    330.070  357.80022  359.44478         10  0.000e+00
      28080 309.511157  -62.22236  -58.21132      0.035    1446.63     18.863     18.681    -0.8138    -0.8137     0.0000    -0.8143    -0.8143     0.0000   2.773253   2.773664   0.000412    34.1636    34.1692     7.5943    27.4683    27.4728    330.093  357.79813  359.44266         10  0.000e+00
      28081 309.511157  -62.22236  -58.21132      0.038    1446.63     18.911     18.729    -0.8140    -0.8140    -0.0001    -0.8145    -0.8146    -0.0001   2.773271   2.773653   0.000382    34.1640    34.1694     7.5949    27.4687    27.4730    330.122  357.79862  359.44322         10  0.000e+00
      28082 309.511158  -62.22236  -58.21132      0.038    1446.63     18.884     18.702    -0.8140    -0.8140    -0.0001    -0.8145    -0.8146    -0.0001   2.773259   2.773641   0.000383    34.1639    34.1692     7.5955    27.4685    27.4728    330.148  357.79903  359.44362         10  0.000e+00
      28083 309.511158  -62.22236  -58.21132      0.039    1446.63     18.911     18.729    -0.8138    -0.8134     0.0004    -0.8143    -0.8139     0.0004   2.773259   2.773624   0.000366    34.1637    34.1683     7.5910    27.4684    27.4720    329.950  357.79798  359.44252         10  0.000e+00
      28084 309.511159  -62.22236  -58.21132      0.041    1446.63     18.911     18.729    -0.8138    -0.8137     0.0001    -0.8143    -0.8142     0.0001   2.773294   2.773659   0.000364    34.1642    34.1690     7.5952    27.4688    27.4727    330.133  357.79661  359.44118         10  0.000e+00
      28085 309.511159  -62.22236  -58.21132      0.040    1446.63     18.884     18.702    -0.8137    -0.8139    -0.0002    -0.8142    -0.8144    -0.0002   2.773271   2.773687   0.000417    34.1637    34.1697     7.5958    27.4684    27.4732    330.159  357.79675  359.44126         10  0.000e+00
      28086 309.511160  -62.22236  -58.21132      0.044    1446.63     18.911     18.729    -0.8138    -0.8133     0.0005    -0.8143    -0.8138     0.0005   2.773271   2.773693   0.000423    34.1639    34.1690     7.5964    27.4685    27.4727    330.187  357.79753  359.44207         10  0.000e+00
      28087 309.511160  -62.22236  -58.21132      0.042    1446.63     18.911     18.729    -0.8137    -0.8136     0.0001    -0.8142    -0.8141     0.0001   2.773330   2.773682   0.000351    34.1645    34.1692     7.5970    27.4690    27.4728    330.211  357.79451  359.43907         10  0.000e+00
      28088 309.511161  -62.22236  -58.21132      0.041    1446.63     18.884     18.702    -0.8137    -0.8142    -0.0006    -0.8142    -0.8147    -0.0006   2.773283   2.773647   0.000365    34.1639    34.1695     7.5976    27.4685    27.4731    330.239  357.79629  359.44081         10  0.000e+00
      28089 309.511161  -62.22236  -58.21132      0.044    1446.63     18.911     18.729    -0.8130    -0.8139    -0.0009    -0.8135    -0.8144    -0.0009   2.773312   2.773641   0.000329    34.1636    34.1690     7.5929    27.4682    27.4727    330.036  357.79117  359.43554         10  0.000e+00
      28090 309.511162  -62.22236  -58.21132      0.047    1446.63     18.966     18.783    -0.8132    -0.8136    -0.0004    -0.8137    -0.8141    -0.0004   2.773312   2.773682   0.000369    34.1637    34.1692     7.5929    27.4684    27.4728    330.034  357.79237  359.43678         10  0.000e+00
      28091 309.511162  -62.22236  -58.21132      0.047    1446.63     18.911     18.729    -0.8132    -0.8136    -0.0004    -0.8137    -0.8141    -0.0004   2.773289   2.773653   0.000364    34.1634    34.1688     7.5928    27.4681    27.4725    330.028  357.79318  359.43758         10  0.000e+00
      28092 309.511163  -62.22236  -58.21132      0.048    1446.63     18.884     18.702    -0.8132    -0.8136    -0.0004    -0.8137    -0.8141    -0.0004   2.773300   2.773641   0.000341    34.1636    34.1687     7.5919    27.4683    27.4724    329.988  357.79268  359.43708         10  0.000e+00
      28093 309.511163  -62.22236  -58.21132      0.051    1446.63     18.966     18.783    -0.8132    -0.8133    -0.0001    -0.8137    -0.8138    -0.0001   2.773283   2.773647   0.000365    34.1633    34.1684     7.5919    27.4680    27.4721    329.990  357.79351  359.43790         10  0.000e+00
      28094 309.511164  -62.22236  -58.21132      0.051    1446.63     18.911     18.729    -0.8133    -0.8131     0.0002    -0.8138    -0.8137     0.0002   2.773283   2.773641   0.000359    34.1635    34.1682     7.5918    27.4682    27.4720    329.986  357.79414  359.43857         10  0.000e+00
      28095 309.511164  -62.22236  -58.21132      0.048    1446.63     18.884     18.702    -0.8137    -0.8136     0.0001    -0.8142    -0.8141     0.0001   2.773300   2.773641   0.000341    34.1641    34.1687     7.5918    27.4687    27.4724    329.987  357.79561  359.44014         10  0.000e+00
      28096 309.511165  -62.22236  -58.21132      0.050    1446.63     18.966     18.783    -0.8137    -0.8139    -0.0002    -0.8142    -0.8144    -0.0002   2.773253   2.773647   0.000395    34.1634    34.1691     7.5912    27.4682    27.4727    329.959  357.79757  359.44207         10  0.000e+00
      28097 309.511165  -62.22236  -58.21132      0.049    1446.63     18.911     18.729    -0.8135    -0.8136    -0.0001    -0.8140    -0.8141    -0.0001   2.773265   2.773659   0.000394    34.1634    34.1689     7.5903    27.4681    27.4726    329.921  357.79593  359.44038         10  0.000e+00
      28098 309.511166  -62.22236  -58.21132      0.051    1446.63     18.932     18.749    -0.8138    -0.8143    -0.0005    -0.8144    -0.8149    -0.0005   2.773241   2.773670   0.000430    34.1635    34.1699     7.5896    27.4682    27.4734    329.891  357.79907  359.44361         10  0.000e+00
      28099 309.511166  -62.22236  -58.21132      0.049    1446.63     18.911     18.729    -0.8141    -0.8136     0.0005    -0.8146    -0.8141     0.0005   2.773229   2.773693   0.000464    34.1637    34.1694     7.5889    27.4684    27.4730    329.858  357.80132  359.44593         10  0.000e+00
      28100 309.511167  -62.22236  -58.21132      0.053    1446.63     18.966     18.783    -0.8141    -0.8136     0.0005    -0.8146    -0.8141     0.0005   2.773205   2.773670   0.000465    34.1633    34.1690     7.5882    27.4681    27.4727    329.828  357.80233  359.44692         10  0.000e+00
      28101 309.511167  -62.22236  -58.21132      0.051    1446.63     18.966     18.783    -0.8140    -0.8136     0.0004    -0.8145    -0.8141     0.0004   2.773217   2.773670   0.000453    34.1633    34.1690     7.5882    27.4680    27.4727    329.828  357.80077  359.44532         10  0.000e+00
      28102 309.511168  -62.22236  -58.21132      0.055    1446.63     18.932     18.749    -0.8141    -0.8140     0.0001    -0.8146    -0.8146     0.0001   2.773211   2.773676   0.000465    34.1634    34.1697     7.5874    27.4682    27.4732    329.795  357.80204  359.44663         10  0.000e+00
      28103 309.511168  -62.22236  -58.21132      0.052    1446.63     18.911     18.729    -0.8146    -0.8139     0.0007    -0.8151    -0.8144     0.0007   2.773181   2.773664   0.000484    34.1636    34.1693     7.5867    27.4683    27.4729    329.766  357.80607  359.45077         10  0.000e+00
      28104 309.511168  -62.22236  -58.21132      0.050    1446.63     18.966     18.783    -0.8148    -0.8137     0.0010    -0.8153    -0.8143     0.0010   2.773181   2.773613   0.000432    34.1637    34.1684     7.5861    27.4684    27.4722    329.737  357.80726  359.45201         10  0.000e+00
      28105 309.511169  -62.22236  -58.21132      0.050    1446.63     18.932     18.749    -0.8146    -0.8139     0.0007    -0.8151    -0.8144     0.0007   2.773193   2.773630   0.000437    34.1637    34.1689     7.5905    27.4684    27.4726    329.927  357.80565  359.45036         10  0.000e+00
      28106 309.511169  -62.22236  -58.21132      0.052    1446.63     18.966     18.783    -0.8142    -0.8144    -0.0001    -0.8148    -0.8149    -0.0001   2.773181   2.773619   0.000438    34.1631    34.1692     7.5904    27.4679    27.4729    329.927  357.80397  359.44857         10  0.000e+00
      28107 309.511170  -62.22236  -58.21132      0.055    1446.63     18.966     18.783    -0.8141    -0.8142    -0.0001    -0.8146    -0.8147    -0.0001   2.773199   2.773613   0.000414    34.1632    34.1690     7.5860    27.4680    27.4727    329.733  357.80255  359.44714         11  0.000e+00
      28108 309.511170  -62.22236  -58.21132      0.052    1446.63     18.932     18.749    -0.8141    -0.8145    -0.0004    -0.8146    -0.8150    -0.0004   2.773199   2.773636   0.000437    34.1633    34.1696     7.5904    27.4680    27.4732    329.924  357.80249  359.44708         11  0.000e+00
      28109 309.511171  -62.22236  -58.21132      0.050    1446.63     18.966     18.783    -0.8142    -0.8142     0.0000    -0.8148    -0.8147     0.0000   2.773199   2.773619   0.000420    34.1634    34.1690     7.5852    27.4681    27.4727    329.699  357.80329  359.44790         11  0.000e+00
      28110 309.511171  -62.22236  -58.21132      0.051    1446.63     18.966     18.783    -0.8143    -0.8142     0.0001    -0.8148    -0.8147     0.0001   2.773187   2.773636   0.000449    34.1633    34.1693     7.5844    27.4680    27.4729    329.664  357.80411  359.44873         11  0.000e+00
      28111 309.511172  -62.22236  -58.21132      0.053    1446.63     18.966     18.783    -0.8144    -0.8143     0.0001    -0.8149    -0.8149     0.0001   2.773193   2.773624   0.000431    34.1635    34.1693     7.5896    27.4682    27.4729    329.891  357.80461  359.44927         11  0.000e+00
      28112 309.511172  -62.22236  -58.21132      0.055    1446.63     18.986     18.803    -0.8147    -0.8144     0.0003    -0.8152    -0.8149     0.0003   2.773181   2.773636   0.000455    34.1636    34.1694     7.5897    27.4684    27.4730    329.893  357.80693  359.45167         11  0.000e+00
      28113 309.511173  -62.22236  -58.21132      0.049    1446.63     18.911     18.729    -0.8148    -0.8147     0.0001    -0.8153    -0.8152     0.0001   2.773157   2.773641   0.000485    34.1634    34.1699     7.5895    27.4682    27.4734    329.888  357.80808  359.45281         11  0.000e+00
      28114 309.511173  -62.22236  -58.21132      0.051    1446.63     18.966     18.783    -0.8146    -0.8142     0.0004    -0.8151    -0.8147     0.0004   2.773187   2.773647   0.000460    34.1636    34.1694     7.5895    27.4683    27.4730    329.884  357.80594  359.45064         11  0.000e+00
      28115 309.511174  -62.22236  -58.21132      0.052    1446.63     18.986     18.803    -0.8146    -0.8142     0.0004    -0.8151    -0.8147     0.0004   2.773205   2.773619   0.000414    34.1638    34.1690     7.5850    27.4685    27.4727    329.688  357.80529  359.45001         11  0.000e+00
      28116 309.511174  -62.22236  -58.21132      0.051    1446.63     18.966     18.783    -0.8141    -0.8142    -0.0001    -0.8146    -0.8147    -0.0001   2.773241   2.773613   0.000372    34.1638    34.1690     7.5891    27.4685    27.4727    329.870  357.80096  359.44557         11  0.000e+00
      28117 309.511175  -62.22236  -58.21132      0.055    1446.63     19.014     18.830    -0.8138    -0.8142    -0.0004    -0.8143    -0.8147    -0.0004   2.773253   2.773619   0.000366    34.1635    34.1690     7.5846    27.4682    27.4727    329.673  357.79839  359.44292         11  0.000e+00
      28118 309.511175  -62.22236  -58.21132      0.051    1446.63     18.932     18.749    -0.8137    -0.8144    -0.0007    -0.8142    -0.8149    -0.0007   2.773259   2.773613   0.000354    34.1635    34.1691     7.5844    27.4682    27.4728    329.666  357.79729  359.44179         11  0.000e+00
      28119 309.511176  -62.22236  -58.21132      0.050    1446.63     18.966     18.783    -0.8134    -0.8136    -0.0002    -0.8139    -0.8141    -0.0002   2.773253   2.773596   0.000343    34.1631    34.1680     7.5896    27.4679    27.4719    329.890  357.79575  359.44016         11  0.000e+00
      28120 309.511176  -62.22236  -58.21132      0.052    1446.63     18.966     18.783    -0.8137    -0.8140    -0.0004    -0.8142    -0.8146    -0.0004   2.773253   2.773653   0.000400    34.1634    34.1693     7.5852    27.4682    27.4729    329.699  357.79757  359.44207         11  0.000e+00
      28121 309.511177  -62.22236  -58.21132      0.048    1446.63     18.966     18.783    -0.8140    -0.8139     0.0000    -0.8145    -0.8144     0.0000   2.773235   2.773647   0.000413    34.1635    34.1691     7.5853    27.4682    27.4727    329.701  357.80009  359.44465         11  0.000e+00
      28122 309.511177  -62.22236  -58.21132      0.051    1446.63     19.034     18.851    -0.8141    -0.8142    -0.0001    -0.8146    -0.8147    -0.0001   2.773289   2.773607   0.000319    34.1644    34.1688     7.5854    27.4690    27.4726    329.705  357.79925  359.44390         11  0.000e+00
      28123 309.511178  -62.22236  -58.21132      0.054    1446.63     19.014     18.830    -0.8137    -0.8142    -0.0006    -0.8142    -0.8147    -0.0006   2.773271   2.773630   0.000359    34.1637    34.1692     7.5905    27.4683    27.4728    329.930  357.79697  359.44148         11  0.000e+00
      28124 309.511178  -62.22236  -58.21132      0.053    1446.63     18.966     18.783    -0.8133    -0.8143    -0.0010    -0.8138    -0.8149    -0.0010   2.773271   2.773659   0.000388    34.1633    34.1697     7.5913    27.4680    27.4733    329.962  357.79470  359.43911         11  0.000e+00
      28125 309.511179  -62.22236  -58.21132      0.051    1446.63     18.986     18.803    -0.8137    -0.8140    -0.0004    -0.8142    -0.8146    -0.0004   2.773277   2.773647   0.000371    34.1638    34.1692     7.5922    27.4684    27.4729    330.002  357.79670  359.44121         11  0.000e+00
      28126 309.511179  -62.22236  -58.21132      0.051    1446.63     18.966     18.783    -0.8135    -0.8139    -0.0004    -0.8140    -0.8144    -0.0004   2.773241   2.773647   0.000407    34.1631    34.1691     7.5930    27.4679    27.4727    330.038  357.79693  359.44137         11  0.000e+00
