Pos-Processados/process_op38/operantar38_009.ros
* Sea-Bird SBE 9 Data File:
* FileName = D:\OPERANTAR_XXXVIII\DADOS\OP38_009.hdr
* Software Version Seasave V 7.18c
* Temperature SN = 4808
* Conductivity SN = 3380
* Number of Bytes Per Scan = 31
* Number of Voltage Words = 2
* Number of Scans Averaged by the Deck Unit = 1
* NMEA Latitude = 44 15.92 S
* NMEA Longitude = 052 42.25 W
* NMEA UTC (Time) = Oct 20 2019 07:17:42
** H41
** NAVIO POLAR ALMIRANTE MAXIMIANO
** CRUZEIRO:
** OPERANTAR XXXVIII
** ESTAÇÃO: OP38_009
** LAT 44º 15,92'S
** LONG 052º 42,27'W
** 09P73767-1155
** PROFUNDIDADE: 5806
** DATA/HORA: 200718Z/OUT/19
** OPERADOR: CTTECCHIO
# nquan = 27
# nvalues = 2170                                  
# units = specified
# name 0 = scan: Scan Count
# name 1 = timeJ: Julian Days
# name 2 = latitude: Latitude [deg]
# name 3 = longitude: Longitude [deg]
# name 4 = dz/dtM: Descent Rate [m/s]
# name 5 = avgsvCM: Average Sound Velocity [Chen-Millero, m/s]
# name 6 = prDM: Pressure, Digiquartz [db]
# name 7 = depSM: Depth [salt water, m]
# name 8 = t090C: Temperature [ITS-90, deg C]
# name 9 = t190C: Temperature, 2 [ITS-90, deg C]
# name 10 = T2-T190C: Temperature Difference, 2 - 1 [ITS-90, deg C]
# name 11 = potemp090C: Potential Temperature [ITS-90, deg C]
# name 12 = potemp190C: Potential Temperature, 2 [ITS-90, deg C]
# name 13 = potemp90Cdiff: Potential Temperature, Diff, 2 - 1 [ITS-90, deg C]
# name 14 = c0S/m: Conductivity [S/m]
# name 15 = c1S/m: Conductivity, 2 [S/m]
# name 16 = C2-C1S/m: Conductivity Difference, 2 - 1 [S/m]
# name 17 = sal00: Salinity, Practical [PSU]
# name 18 = sal11: Salinity, Practical, 2 [PSU]
# name 19 = sbeox0ML/L: Oxygen, SBE 43 [ml/l]
# name 20 = sigma-é00: Density [sigma-theta, kg/m^3]
# name 21 = sigma-é11: Density, 2 [sigma-theta, kg/m^3]
# name 22 = sbox0Mm/Kg: Oxygen, SBE 43 [umol/kg]
# name 23 = oxsolMm/Kg: Oxygen Saturation, Garcia & Gordon [umol/kg]
# name 24 = oxsatMm/Kg: Oxygen Saturation, Weiss [umol/kg]
# name 25 = nbf: Bottles Fired
# name 26 = flag:  0.000e+00
# interval = seconds: 0.0416667
# start_time = Oct 20 2019 07:17:42 [NMEA time, header]
# bad_flag = -9.990e-29
*END*
[from data line 1933]
      60937 293.333345  -44.26540  -52.70418     -0.017    1497.43     21.611     21.436    14.1115    14.1115     0.0000    14.1084    14.1084     0.0000   4.275028   4.275637   0.000609    35.6469    35.6526     5.2802    26.6643    26.6686    229.689  251.05809  250.91190         11  0.000e+00
      60938 293.333345  -44.26540  -52.70418     -0.021    1497.43     21.597     21.422    14.1116    14.1115    -0.0001    14.1085    14.1084    -0.0001   4.274986   4.275644   0.000658    35.6464    35.6526     5.2797    26.6638    26.6687    229.669  251.05830  250.91210         11  0.000e+00
      60939 293.333346  -44.26540  -52.70418     -0.020    1497.43     21.611     21.436    14.1116    14.1119     0.0002    14.1085    14.1087     0.0002   4.274993   4.275658   0.000665    35.6465    35.6525     5.2793    26.6639    26.6685    229.650  251.05819  250.91200         11  0.000e+00
      60940 293.333346  -44.26540  -52.70418     -0.024    1497.43     21.597     21.422    14.1116    14.1115    -0.0001    14.1085    14.1084    -0.0001   4.275007   4.275658   0.000651    35.6466    35.6528     5.2788    26.6640    26.6688    229.629  251.05795  250.91176         11  0.000e+00
      60941 293.333347  -44.26540  -52.70418     -0.023    1497.43     21.611     21.436    14.1116    14.1120     0.0004    14.1085    14.1089     0.0004   4.275057   4.275685   0.000628    35.6471    35.6526     5.2783    26.6644    26.6685    229.608  251.05715  250.91096         11  0.000e+00
      60942 293.333347  -44.26540  -52.70418     -0.023    1497.43     21.597     21.422    14.1123    14.1119    -0.0005    14.1092    14.1087    -0.0005   4.275050   4.275664   0.000615    35.6464    35.6525     5.2745    26.6637    26.6685    229.443  251.05491  250.90867         11  0.000e+00
      60943 293.333348  -44.26540  -52.70418     -0.025    1497.43     21.563     21.388    14.1123    14.1124     0.0000    14.1092    14.1092     0.0000   4.275042   4.275678   0.000636    35.6463    35.6522     5.2770    26.6636    26.6682    229.551  251.05500  250.90876         11  0.000e+00
      60944 293.333348  -44.26540  -52.70418     -0.025    1497.43     21.597     21.422    14.1123    14.1119    -0.0005    14.1092    14.1087    -0.0005   4.275064   4.275692   0.000628    35.6465    35.6528     5.2765    26.6638    26.6687    229.530  251.05468  250.90844         11  0.000e+00
      60945 293.333349  -44.26540  -52.70418     -0.024    1497.43     21.611     21.436    14.1122    14.1122     0.0001    14.1090    14.1091     0.0001   4.275021   4.275698   0.000677    35.6463    35.6525     5.2728    26.6636    26.6685    229.368  251.05601  250.90978         11  0.000e+00
      60946 293.333349  -44.26540  -52.70418     -0.026    1497.43     21.597     21.422    14.1120    14.1122     0.0002    14.1088    14.1091     0.0002   4.275028   4.275719   0.000691    35.6465    35.6527     5.2721    26.6639    26.6686    229.335  251.05651  250.91029         11  0.000e+00
      60947 293.333350  -44.26540  -52.70418     -0.028    1497.43     21.563     21.388    14.1120    14.1124     0.0004    14.1089    14.1092     0.0004   4.275042   4.275705   0.000663    35.6466    35.6525     5.2713    26.6639    26.6684    229.300  251.05610  250.90988         11  0.000e+00
      60948 293.333350  -44.26540  -52.70418     -0.027    1497.43     21.597     21.422    14.1125    14.1119    -0.0006    14.1094    14.1087    -0.0006   4.275064   4.275698   0.000635    35.6463    35.6528     5.2707    26.6636    26.6688    229.278  251.05406  250.90780         11  0.000e+00
      60949 293.333351  -44.26540  -52.70418     -0.025    1497.43     21.611     21.436    14.1127    14.1120    -0.0006    14.1095    14.1089    -0.0006   4.275078   4.275692   0.000614    35.6463    35.6526     5.2702    26.6636    26.6686    229.256  251.05336  250.90710         11  0.000e+00
      60950 293.333351  -44.26540  -52.70418     -0.031    1497.43     21.549     21.375    14.1127    14.1119    -0.0008    14.1095    14.1087    -0.0008   4.275071   4.275692   0.000621    35.6463    35.6528     5.2697    26.6635    26.6687    229.234  251.05344  250.90717         11  0.000e+00
      60951 293.333352  -44.26540  -52.70418     -0.031    1497.43     21.563     21.388    14.1127    14.1117    -0.0010    14.1095    14.1086    -0.0010   4.275099   4.275719   0.000620    35.6465    35.6532     5.2690    26.6637    26.6691    229.202  251.05298  250.90673         11  0.000e+00
      60952 293.333352  -44.26540  -52.70418     -0.028    1497.43     21.645     21.470    14.1127    14.1119    -0.0008    14.1095    14.1087    -0.0008   4.275085   4.275732   0.000648    35.6464    35.6531     5.2686    26.6636    26.6690    229.184  251.05327  250.90701         11  0.000e+00
      60953 293.333353  -44.26540  -52.70418     -0.031    1497.43     21.563     21.388    14.1127    14.1117    -0.0010    14.1095    14.1086    -0.0010   4.275078   4.275671   0.000593    35.6463    35.6528     5.2681    26.6636    26.6688    229.162  251.05333  250.90707         11  0.000e+00
      60954 293.333353  -44.26540  -52.70418     -0.030    1497.43     21.597     21.422    14.1123    14.1120    -0.0003    14.1092    14.1089    -0.0003   4.275050   4.275658   0.000608    35.6464    35.6523     5.2677    26.6637    26.6683    229.146  251.05491  250.90867         11  0.000e+00
      60955 293.333354  -44.26540  -52.70418     -0.030    1497.43     21.563     21.388    14.1123    14.1120    -0.0003    14.1092    14.1089    -0.0003   4.275064   4.275739   0.000676    35.6465    35.6531     5.2672    26.6638    26.6689    229.126  251.05466  250.90842         11  0.000e+00
      60956 293.333354  -44.26540  -52.70418     -0.032    1497.43     21.597     21.422    14.1127    14.1124    -0.0003    14.1095    14.1092    -0.0003   4.275078   4.275766   0.000689    35.6463    35.6530     5.2668    26.6636    26.6688    229.107  251.05335  250.90709         11  0.000e+00
      60957 293.333355  -44.26540  -52.70418     -0.032    1497.43     21.563     21.388    14.1130    14.1131     0.0001    14.1099    14.1099     0.0001   4.275078   4.275773   0.000695    35.6460    35.6525     5.2631    26.6633    26.6682    228.946  251.05223  250.90595         11  0.000e+00
      60958 293.333355  -44.26540  -52.70418     -0.030    1497.43     21.597     21.422    14.1128    14.1131     0.0002    14.1097    14.1099     0.0002   4.275099   4.275821   0.000722    35.6463    35.6529     5.2625    26.6635    26.6686    228.919  251.05238  250.90611         11  0.000e+00
      60959 293.333356  -44.26540  -52.70418     -0.033    1497.43     21.563     21.388    14.1130    14.1129    -0.0001    14.1099    14.1098    -0.0001   4.275113   4.275787   0.000674    35.6463    35.6527     5.2651    26.6635    26.6685    229.031  251.05150  250.90522         11  0.000e+00
      60960 293.333356  -44.26540  -52.70418     -0.031    1497.43     21.597     21.422    14.1125    14.1131     0.0006    14.1093    14.1099     0.0006   4.275057   4.275773   0.000717    35.6463    35.6524     5.2648    26.6636    26.6682    229.020  251.05433  250.90808         11  0.000e+00
      60961 293.333356  -44.26540  -52.70418     -0.033    1497.43     21.563     21.388    14.1128    14.1132     0.0004    14.1097    14.1101     0.0004   4.275064   4.275766   0.000703    35.6460    35.6522     5.2644    26.6633    26.6680    229.002  251.05293  250.90666         11  0.000e+00
      60962 293.333357  -44.26540  -52.70418     -0.028    1497.43     21.597     21.422    14.1125    14.1129     0.0004    14.1094    14.1098     0.0004   4.275078   4.275766   0.000689    35.6464    35.6525     5.2641    26.6637    26.6683    228.990  251.05382  250.90757         11  0.000e+00
      60963 293.333357  -44.26540  -52.70418     -0.030    1497.43     21.563     21.388    14.1130    14.1129    -0.0001    14.1099    14.1098    -0.0001   4.275134   4.275739   0.000605    35.6465    35.6523     5.2640    26.6636    26.6681    228.984  251.05116  250.90487         11  0.000e+00
      60964 293.333358  -44.26540  -52.70418     -0.027    1497.43     21.597     21.422    14.1130    14.1131     0.0001    14.1098    14.1099     0.0001   4.275113   4.275753   0.000640    35.6463    35.6523     5.2640    26.6635    26.6681    228.985  251.05168  250.90540         11  0.000e+00
      60965 293.333358  -44.26540  -52.70418     -0.033    1497.43     21.611     21.436    14.1132    14.1127    -0.0005    14.1100    14.1096    -0.0005   4.275106   4.275794   0.000687    35.6461    35.6529     5.2640    26.6633    26.6687    228.985  251.05118  250.90489         11  0.000e+00
      60966 293.333359  -44.26540  -52.70418     -0.030    1497.43     21.549     21.375    14.1132    14.1127    -0.0005    14.1100    14.1096    -0.0005   4.275170   4.275746   0.000576    35.6467    35.6525     5.2640    26.6638    26.6684    228.983  251.05010  250.90381         11  0.000e+00
      60967 293.333359  -44.26540  -52.70418     -0.026    1497.43     21.611     21.436    14.1132    14.1126    -0.0006    14.1100    14.1094    -0.0006   4.275127   4.275732   0.000605    35.6463    35.6525     5.2641    26.6634    26.6684    228.987  251.05084  250.90454         11  0.000e+00
      60968 293.333360  -44.26540  -52.70418     -0.025    1497.43     21.549     21.375    14.1134    14.1131    -0.0003    14.1102    14.1099    -0.0003   4.275113   4.275760   0.000646    35.6460    35.6523     5.2641    26.6632    26.6681    228.988  251.05040  250.90409         11  0.000e+00
      60969 293.333360  -44.26540  -52.70418     -0.025    1497.43     21.611     21.436    14.1134    14.1131    -0.0003    14.1102    14.1099    -0.0003   4.275142   4.275739   0.000598    35.6463    35.6521     5.2642    26.6634    26.6680    228.993  251.04998  250.90367         11  0.000e+00
      60970 293.333361  -44.26540  -52.70418     -0.021    1497.43     21.597     21.422    14.1132    14.1129    -0.0003    14.1100    14.1098    -0.0003   4.275120   4.275760   0.000639    35.6462    35.6525     5.2646    26.6634    26.6683    229.010  251.05094  250.90465         11  0.000e+00
      60971 293.333361  -44.26540  -52.70418     -0.020    1497.43     21.611     21.436    14.1132    14.1129    -0.0003    14.1100    14.1098    -0.0003   4.275085   4.275766   0.000682    35.6459    35.6525     5.2648    26.6631    26.6683    229.018  251.05153  250.90523         11  0.000e+00
      60972 293.333362  -44.26540  -52.70418     -0.016    1497.43     21.597     21.422    14.1134    14.1131    -0.0003    14.1102    14.1099    -0.0003   4.275163   4.275766   0.000604    35.6465    35.6524     5.2651    26.6635    26.6682    229.035  251.04962  250.90332         11  0.000e+00
      60973 293.333362  -44.26540  -52.70418     -0.018    1497.43     21.563     21.388    14.1134    14.1126    -0.0008    14.1102    14.1094    -0.0008   4.275106   4.275773   0.000667    35.6460    35.6529     5.2653    26.6631    26.6687    229.043  251.05052  250.90421         11  0.000e+00
      60974 293.333363  -44.26540  -52.70418     -0.017    1497.43     21.597     21.422    14.1132    14.1132     0.0001    14.1100    14.1101     0.0001   4.275163   4.275794   0.000631    35.6466    35.6525     5.2656    26.6637    26.6682    229.053  251.05025  250.90396         11  0.000e+00
      60975 293.333363  -44.26540  -52.70418     -0.013    1497.43     21.611     21.436    14.1134    14.1132    -0.0001    14.1102    14.1101    -0.0001   4.275163   4.275800   0.000638    35.6465    35.6525     5.2661    26.6635    26.6682    229.076  251.04963  250.90333         11  0.000e+00
      60976 293.333364  -44.26540  -52.70418     -0.011    1497.43     21.597     21.422    14.1135    14.1134    -0.0002    14.1104    14.1103    -0.0002   4.275120   4.275807   0.000687    35.6459    35.6525     5.2634    26.6631    26.6681    228.958  251.04969  250.90337         11  0.000e+00
      60977 293.333364  -44.26540  -52.70418     -0.013    1497.43     21.563     21.388    14.1135    14.1131    -0.0005    14.1104    14.1099    -0.0005   4.275134   4.275800   0.000666    35.6460    35.6527     5.2637    26.6632    26.6684    228.971  251.04943  250.90312         11  0.000e+00
      60978 293.333365  -44.26540  -52.70418     -0.008    1497.43     21.597     21.422    14.1135    14.1131    -0.0005    14.1104    14.1099    -0.0005   4.275149   4.275780   0.000631    35.6462    35.6525     5.2638    26.6633    26.6683    228.976  251.04923  250.90291         11  0.000e+00
      60979 293.333365  -44.26540  -52.70418     -0.014    1497.43     21.494     21.320    14.1135    14.1136     0.0001    14.1104    14.1104     0.0001   4.275120   4.275794   0.000673    35.6460    35.6522     5.2671    26.6631    26.6679    229.121  251.04977  250.90346         11  0.000e+00
      60980 293.333366  -44.26540  -52.70418     -0.005    1497.43     21.714     21.538    14.1137    14.1137     0.0000    14.1105    14.1106     0.0000   4.275170   4.275828   0.000658    35.6462    35.6523     5.2647    26.6632    26.6679    229.015  251.04850  250.90217         11  0.000e+00
      60981 293.333366  -44.26540  -52.70418     -0.001    1497.43     21.597     21.422    14.1137    14.1136    -0.0001    14.1105    14.1104    -0.0001   4.275163   4.275814   0.000651    35.6462    35.6523     5.2648    26.6632    26.6680    229.020  251.04853  250.90220         12  0.000e+00
      60982 293.333367  -44.26540  -52.70418      0.001    1497.43     21.611     21.436    14.1137    14.1137     0.0000    14.1105    14.1106     0.0000   4.275156   4.275807   0.000652    35.6461    35.6521     5.2650    26.6632    26.6678    229.030  251.04865  250.90233         12  0.000e+00
      60983 293.333367  -44.26540  -52.70418      0.002    1497.43     21.597     21.422    14.1137    14.1137     0.0000    14.1105    14.1106     0.0000   4.275156   4.275828   0.000672    35.6461    35.6523     5.2650    26.6632    26.6680    229.029  251.04864  250.90232         12  0.000e+00
      60984 293.333368  -44.26540  -52.70418      0.001    1497.43     21.611     21.436    14.1135    14.1137     0.0002    14.1104    14.1106     0.0002   4.275156   4.275841   0.000686    35.6462    35.6524     5.2651    26.6633    26.6681    229.031  251.04912  250.90281         12  0.000e+00
      60985 293.333368  -44.26540  -52.70418      0.005    1497.43     21.645     21.470    14.1139    14.1139     0.0000    14.1107    14.1108     0.0000   4.275156   4.275814   0.000658    35.6459    35.6520     5.2651    26.6630    26.6677    229.032  251.04805  250.90171         12  0.000e+00
      60986 293.333369  -44.26540  -52.70418      0.004    1497.43     21.563     21.388    14.1137    14.1139     0.0002    14.1105    14.1108     0.0002   4.275120   4.275800   0.000680    35.6458    35.6519     5.2651    26.6629    26.6676    229.033  251.04919  250.90287         12  0.000e+00
      60987 293.333369  -44.26540  -52.70418      0.008    1497.43     21.645     21.470    14.1139    14.1139     0.0000    14.1107    14.1108     0.0000   4.275085   4.275828   0.000743    35.6453    35.6521     5.2652    26.6625    26.6678    229.039  251.04920  250.90286         12  0.000e+00
      60988 293.333370  -44.26540  -52.70418      0.010    1497.43     21.611     21.436    14.1137    14.1139     0.0002    14.1105    14.1108     0.0002   4.275134   4.275841   0.000707    35.6459    35.6523     5.2653    26.6630    26.6679    229.042  251.04900  250.90267         12  0.000e+00
      60989 293.333370  -44.26540  -52.70418      0.011    1497.43     21.597     21.422    14.1137    14.1139     0.0002    14.1105    14.1108     0.0002   4.275177   4.275841   0.000664    35.6463    35.6523     5.2654    26.6633    26.6679    229.046  251.04830  250.90197         12  0.000e+00
