Pos-Processados/process_op38/operantar38_012.ros
* Sea-Bird SBE 9 Data File:
* FileName = D:\OPERANTAR_XXXVIII\DADOS\OP38_012.hdr
* Software Version Seasave V 7.18c
* Temperature SN = 4808
* Conductivity SN = 3380
* Number of Bytes Per Scan = 31
* Number of Voltage Words = 2
* Number of Scans Averaged by the Deck Unit = 1
* NMEA Latitude = 43 26.50 S
* NMEA Longitude = 053 36.73 W
* NMEA UTC (Time) = Oct 20 2019 19:38:05
** H41
** NAVIO POLAR ALMIRANTE MAXIMIANO
** CRUZEIRO:
** OPERANTAR XXXVIII
** ESTAÇÃO: OP38_012
** LAT 43 26,49' S
** LONG 053 36,73'  W
** 09P73767-1155
** PROFUNDIDADE: 5647
** DATA/HORA: 201939Z/OUT/2019
** OPERADOR: SO-HN CHAVES
# nquan = 24
# nvalues = 2234                                  
# units = specified
# name 0 = scan: Scan Count
# name 1 = timeJ: Julian Days
# name 2 = latitude: Latitude [deg]
# name 3 = longitude: Longitude [deg]
# name 4 = dz/dtM: Descent Rate [m/s]
# name 5 = avgsvCM: Average Sound Velocity [Chen-Millero, m/s]
# name 6 = prDM: Pressure, Digiquartz [db]
# name 7 = depSM: Depth [salt water, m]
# name 8 = t090C: Temperature [ITS-90, deg C]
# name 9 = t190C: Temperature, 2 [ITS-90, deg C]
# name 10 = T2-T190C: Temperature Difference, 2 - 1 [ITS-90, deg C]
# name 11 = potemp090C: Potential Temperature [ITS-90, deg C]
# name 12 = potemp190C: Potential Temperature, 2 [ITS-90, deg C]
# name 13 = potemp90Cdiff: Potential Temperature, Diff, 2 - 1 [ITS-90, deg C]
# name 14 = c0S/m: Conductivity [S/m]
# name 15 = c1S/m: Conductivity, 2 [S/m]
# name 16 = C2-C1S/m: Conductivity Difference, 2 - 1 [S/m]
# name 17 = sal00: Salinity, Practical [PSU]
# name 18 = sal11: Salinity, Practical, 2 [PSU]
# name 19 = sbeox0ML/L: Oxygen, SBE 43 [ml/l]
# name 20 = sigma-é00: Density [sigma-theta, kg/m^3]
# name 21 = sigma-é11: Density, 2 [sigma-theta, kg/m^3]
# name 22 = nbf: Bottles Fired
# name 23 = flag:  0.000e+00
# interval = seconds: 0.0416667
# start_time = Oct 20 2019 19:38:05 [NMEA time, header]
# bad_flag = -9.990e-29
*END*
[from data line 785]
      61372 293.847710  -43.44174  -53.61228     -0.070    1476.15     14.977     14.857     9.6910     9.6900    -0.0010     9.6894     9.6883    -0.0010   3.696585   3.697066   0.000481    34.1363    34.1422     6.7201    26.3297    26.3345          5  0.000e+00
      61373 293.847710  -43.44174  -53.61228     -0.063    1476.15     15.011     14.891     9.6921     9.6902    -0.0019     9.6904     9.6885    -0.0019   3.696612   3.697092   0.000480    34.1356    34.1423     6.7199    26.3289    26.3345          5  0.000e+00
      61374 293.847711  -43.44174  -53.61228     -0.058    1476.15     14.957     14.837     9.6932     9.6897    -0.0035     9.6915     9.6880    -0.0035   3.696705   3.697015   0.000310    34.1355    34.1420     6.7200    26.3287    26.3343          5  0.000e+00
      61375 293.847711  -43.44174  -53.61228     -0.055    1476.15     14.977     14.857     9.6940     9.6892    -0.0049     9.6924     9.6875    -0.0049   3.696752   3.696996   0.000244    34.1352    34.1423     6.7202    26.3283    26.3346          5  0.000e+00
      61376 293.847712  -43.44174  -53.61228     -0.050    1476.15     14.957     14.837     9.6947     9.6882    -0.0065     9.6931     9.6866    -0.0065   3.696792   3.696944   0.000152    34.1349    34.1427     6.7199    26.3280    26.3351          5  0.000e+00
      61377 293.847712  -43.44174  -53.61228     -0.046    1476.15     14.977     14.857     9.6955     9.6881    -0.0075     9.6939     9.6864    -0.0075   3.696792   3.696951   0.000159    34.1342    34.1429     6.7201    26.3272    26.3353          5  0.000e+00
      61378 293.847713  -43.44174  -53.61228     -0.037    1476.15     15.011     14.891     9.6960     9.6885    -0.0075     9.6943     9.6869    -0.0075   3.696832   3.696951   0.000119    34.1341    34.1424     6.7166    26.3271    26.3349          5  0.000e+00
      61379 293.847713  -43.44174  -53.61228     -0.030    1476.15     15.012     14.891     9.6962     9.6890    -0.0072     9.6945     9.6874    -0.0072   3.696839   3.697028   0.000189    34.1340    34.1427     6.7201    26.3270    26.3350          5  0.000e+00
      61380 293.847714  -43.44174  -53.61228     -0.027    1476.15     15.025     14.905     9.6964     9.6899    -0.0065     9.6947     9.6882    -0.0065   3.696846   3.697060   0.000214    34.1339    34.1423     6.7199    26.3269    26.3345          5  0.000e+00
      61381 293.847714  -43.44174  -53.61228     -0.021    1476.15     14.957     14.837     9.6958     9.6899    -0.0060     9.6942     9.6882    -0.0060   3.696872   3.697079   0.000207    34.1347    34.1425     6.7200    26.3276    26.3347          5  0.000e+00
      61382 293.847715  -43.44174  -53.61228     -0.020    1476.15     15.012     14.891     9.6969     9.6900    -0.0068     9.6952     9.6884    -0.0068   3.696899   3.697111   0.000212    34.1340    34.1427     6.7164    26.3269    26.3348          5  0.000e+00
      61383 293.847715  -43.44174  -53.61228     -0.013    1476.15     14.977     14.857     9.6972     9.6907    -0.0065     9.6955     9.6890    -0.0065   3.696912   3.697098   0.000186    34.1338    34.1419     6.7194    26.3267    26.3341          5  0.000e+00
      61384 293.847716  -43.44174  -53.61228     -0.009    1476.15     15.012     14.891     9.6976     9.6910    -0.0066     9.6960     9.6893    -0.0066   3.696932   3.697092   0.000160    34.1336    34.1415     6.7195    26.3264    26.3337          5  0.000e+00
      61385 293.847716  -43.44174  -53.61228     -0.001    1476.15     15.012     14.891     9.6983     9.6900    -0.0083     9.6967     9.6883    -0.0083   3.696899   3.696669  -0.000230    34.1326    34.1381     6.7192    26.3255    26.3313          5  0.000e+00
      61386 293.847717  -43.44174  -53.61228      0.003    1476.15     15.025     14.905     9.6983     9.6900    -0.0083     9.6967     9.6884    -0.0083   3.696906   3.696752  -0.000154    34.1326    34.1390     6.7193    26.3256    26.3319          5  0.000e+00
      61387 293.847717  -43.44174  -53.61228      0.010    1476.15     15.060     14.939     9.6980     9.6897    -0.0083     9.6963     9.6880    -0.0083   3.696879   3.697021   0.000142    34.1327    34.1420     6.7157    26.3257    26.3344          5  0.000e+00
      61388 293.847717  -43.44174  -53.61228      0.012    1476.15     14.977     14.857     9.6975     9.6900    -0.0075     9.6958     9.6883    -0.0075   3.696879   3.697111   0.000232    34.1332    34.1427     6.7150    26.3261    26.3348          5  0.000e+00
      61389 293.847718  -43.44174  -53.61228      0.019    1476.15     15.060     14.939     9.6978     9.6910    -0.0068     9.6962     9.6893    -0.0068   3.696926   3.697169   0.000243    34.1333    34.1423     6.7144    26.3262    26.3343          5  0.000e+00
      61390 293.847718  -43.44174  -53.61228      0.023    1476.15     15.012     14.891     9.6983     9.6913    -0.0070     9.6967     9.6897    -0.0070   3.696946   3.697137   0.000191    34.1331    34.1417     6.7139    26.3259    26.3338          5  0.000e+00
      61391 293.847719  -43.44174  -53.61228      0.027    1476.15     15.080     14.959     9.6978     9.6914    -0.0065     9.6962     9.6897    -0.0065   3.696872   3.697143   0.000271    34.1327    34.1417     6.7134    26.3257    26.3338          5  0.000e+00
      61392 293.847719  -43.44174  -53.61228      0.028    1476.15     14.957     14.837     9.6957     9.6912    -0.0045     9.6941     9.6895    -0.0045   3.696812   3.697130   0.000318    34.1342    34.1418     6.7169    26.3272    26.3339          5  0.000e+00
      61393 293.847720  -43.44174  -53.61228      0.035    1476.15     15.108     14.987     9.6947     9.6915    -0.0032     9.6930     9.6898    -0.0032   3.696745   3.697143   0.000398    34.1344    34.1415     6.7098    26.3276    26.3337          5  0.000e+00
      61394 293.847720  -43.44174  -53.61228      0.039    1476.15     15.025     14.905     9.6933     9.6920    -0.0012     9.6916     9.6903    -0.0012   3.696565   3.697175   0.000610    34.1340    34.1414     6.7129    26.3275    26.3335          5  0.000e+00
      61395 293.847721  -43.44174  -53.61228      0.041    1476.15     15.060     14.939     9.6911     9.6917     0.0006     9.6894     9.6900     0.0006   3.696472   3.697162   0.000691    34.1351    34.1416     6.7129    26.3287    26.3337          5  0.000e+00
      61396 293.847721  -43.44174  -53.61228      0.048    1476.15     15.060     14.939     9.6898     9.6917     0.0018     9.6882     9.6900     0.0018   3.696438   3.697207   0.000769    34.1359    34.1421     6.7090    26.3295    26.3341          5  0.000e+00
      61397 293.847722  -43.44174  -53.61228      0.045    1476.15     15.026     14.905     9.6890     9.6920     0.0031     9.6873     9.6903     0.0031   3.696392   3.697246   0.000854    34.1363    34.1422     6.7084    26.3300    26.3341          5  0.000e+00
      61398 293.847722  -43.44174  -53.61228      0.053    1476.15     15.108     14.987     9.6883     9.6930     0.0047     9.6866     9.6913     0.0047   3.696345   3.697329   0.000984    34.1364    34.1421     6.7112    26.3302    26.3338          5  0.000e+00
      61399 293.847723  -43.44174  -53.61228      0.054    1476.15     15.026     14.905     9.6877     9.6938     0.0061     9.6861     9.6921     0.0061   3.696278   3.697329   0.001051    34.1363    34.1413     6.7073    26.3302    26.3331          5  0.000e+00
      61400 293.847723  -43.44174  -53.61228      0.056    1476.15     15.060     14.939     9.6858     9.6927     0.0068     9.6842     9.6910     0.0068   3.696205   3.697271   0.001067    34.1373    34.1418     6.7069    26.3313    26.3337          5  0.000e+00
      61401 293.847724  -43.44174  -53.61228      0.061    1476.15     15.108     14.987     9.6832     9.6931     0.0099     9.6816     9.6915     0.0099   3.695924   3.697201   0.001276    34.1369    34.1406     6.7067    26.3314    26.3326          5  0.000e+00
      61402 293.847724  -43.44174  -53.61228      0.066    1476.15     15.128     15.007     9.6738     9.6925     0.0187     9.6721     9.6908     0.0187   3.695317   3.697239   0.001922    34.1396    34.1416     6.7070    26.3351    26.3335          5  0.000e+00
      61403 293.847725  -43.44174  -53.61228      0.067    1476.15     15.060     14.939     9.6663     9.6918     0.0256     9.6646     9.6901     0.0256   3.695050   3.697156   0.002106    34.1440    34.1414     6.7073    26.3398    26.3335          5  0.000e+00
      61404 293.847725  -43.44174  -53.61228      0.071    1476.15     15.108     14.987     9.6627     9.6907     0.0280     9.6610     9.6890     0.0280   3.694923   3.697098   0.002175    34.1461    34.1419     6.7072    26.3420    26.3341          5  0.000e+00
      61405 293.847726  -43.44174  -53.61228      0.072    1476.15     15.080     14.960     9.6593     9.6899     0.0305     9.6577     9.6882     0.0305   3.694683   3.697111   0.002428    34.1468    34.1428     6.7034    26.3431    26.3349          5  0.000e+00
      61406 293.847726  -43.44174  -53.61228      0.072    1476.15     15.108     14.987     9.6568     9.6902     0.0334     9.6551     9.6885     0.0334   3.694623   3.697124   0.002501    34.1486    34.1426     6.7068    26.3450    26.3347          5  0.000e+00
      61407 293.847727  -43.44174  -53.61228      0.072    1476.15     15.060     14.939     9.6576     9.6899     0.0323     9.6559     9.6882     0.0323   3.694870   3.697073   0.002203    34.1505    34.1424     6.7060    26.3463    26.3346          5  0.000e+00
      61408 293.847727  -43.44174  -53.61228      0.076    1476.15     15.080     14.960     9.6606     9.6889     0.0283     9.6589     9.6872     0.0283   3.695070   3.697034   0.001964    34.1496    34.1429     6.7014    26.3451    26.3352          5  0.000e+00
      61409 293.847728  -43.44174  -53.61228      0.078    1476.15     15.163     15.041     9.6612     9.6879     0.0267     9.6595     9.6862     0.0267   3.694990   3.696919   0.001929    34.1482    34.1426     6.7009    26.3439    26.3351          5  0.000e+00
      61410 293.847728  -43.44174  -53.61228      0.079    1476.15     15.081     14.960     9.6604     9.6831     0.0227     9.6587     9.6814     0.0227   3.694837   3.696669   0.001832    34.1474    34.1447     6.7006    26.3434    26.3375          5  0.000e+00
      61411 293.847729  -43.44174  -53.61228      0.080    1476.15     15.108     14.987     9.6569     9.6795     0.0226     9.6552     9.6778     0.0226   3.694763   3.696329   0.001566    34.1500    34.1446     6.7006    26.3460    26.3380          5  0.000e+00
      61412 293.847729  -43.44174  -53.61228      0.080    1476.15     15.108     14.987     9.6612     9.6706     0.0094     9.6595     9.6689     0.0094   3.695077   3.695425   0.000348    34.1491    34.1438     6.6996    26.3446    26.3389          5  0.000e+00
      61413 293.847730  -43.44174  -53.61228      0.083    1476.15     15.129     15.007     9.6660     9.6522    -0.0138     9.6643     9.6506    -0.0138   3.695331   3.694399  -0.000931    34.1471    34.1506     6.6986    26.3423    26.3473          5  0.000e+00
      61414 293.847730  -43.44174  -53.61228      0.082    1476.15     15.108     14.987     9.6686     9.6442    -0.0244     9.6669     9.6425    -0.0244   3.695371   3.694150  -0.001221    34.1451    34.1558     6.7017    26.3403    26.3526          5  0.000e+00
      61415 293.847731  -43.44174  -53.61228      0.083    1476.15     15.108     14.987     9.6668     9.6437    -0.0232     9.6652     9.6420    -0.0232   3.695230   3.694220  -0.001010    34.1453    34.1569     6.6984    26.3407    26.3537          5  0.000e+00
      61416 293.847731  -43.44174  -53.61228      0.083    1476.15     15.129     15.007     9.6628     9.6476    -0.0152     9.6611     9.6460    -0.0152   3.694863   3.694592  -0.000272    34.1454    34.1570     6.6989    26.3414    26.3530          5  0.000e+00
      61417 293.847731  -43.44174  -53.61228      0.082    1476.15     15.108     14.987     9.6586     9.6542    -0.0044     9.6569     9.6525    -0.0044   3.694556   3.694996   0.000439    34.1462    34.1549     6.6990    26.3428    26.3503          5  0.000e+00
      61418 293.847732  -43.44174  -53.61228      0.087    1476.15     15.163     15.041     9.6531     9.6578     0.0047     9.6514     9.6562     0.0047   3.693909   3.695291   0.001382    34.1447    34.1545     6.6961    26.3425    26.3494          5  0.000e+00
      61419 293.847732  -43.44174  -53.61228      0.084    1476.15     15.081     14.960     9.6447     9.6612     0.0166     9.6430     9.6595     0.0165   3.693075   3.695406   0.002331    34.1442    34.1525     6.6970    26.3435    26.3472          5  0.000e+00
      61420 293.847733  -43.44174  -53.61228      0.081    1476.15     15.108     14.987     9.6358     9.6620     0.0261     9.6342     9.6603     0.0261   3.691981   3.695271   0.003291    34.1414    34.1504     6.6982    26.3428    26.3455          5  0.000e+00
      61421 293.847733  -43.44174  -53.61228      0.081    1476.15     15.129     15.007     9.6207     9.6582     0.0375     9.6190     9.6565     0.0375   3.690413   3.694438   0.004025    34.1396    34.1454     6.7003    26.3439    26.3422          5  0.000e+00
      61422 293.847734  -43.44174  -53.61228      0.081    1476.15     15.108     14.987     9.6020     9.6371     0.0351     9.6003     9.6354     0.0351   3.689152   3.692605   0.003453    34.1444    34.1466     6.6991    26.3508    26.3466          5  0.000e+00
      61423 293.847734  -43.44174  -53.61228      0.078    1476.15     15.108     14.987     9.5934     9.6155     0.0221     9.5918     9.6138     0.0221   3.689199   3.691400   0.002201    34.1530    34.1547     6.6996    26.3589    26.3566          5  0.000e+00
      61424 293.847735  -43.44174  -53.61228      0.077    1476.15     15.129     15.008     9.5969     9.6097     0.0128     9.5952     9.6081     0.0128   3.688592   3.691432   0.002840    34.1435    34.1605     6.6990    26.3509    26.3621          5  0.000e+00
      61425 293.847735  -43.44174  -53.61228      0.072    1476.15     15.108     14.987     9.6009     9.6071     0.0062     9.5992     9.6054     0.0062   3.690160   3.691067   0.000907    34.1559    34.1593     6.6974    26.3599    26.3615          5  0.000e+00
      61426 293.847736  -43.44174  -53.61228      0.069    1476.15     15.108     14.987     9.6034     9.5963    -0.0071     9.6017     9.5946    -0.0071   3.691234   3.690401  -0.000833    34.1646    34.1627     6.6927    26.3663    26.3660          5  0.000e+00
      61427 293.847736  -43.44174  -53.61228      0.066    1476.15     15.081     14.960     9.6078     9.5977    -0.0101     9.6061     9.5960    -0.0101   3.691274   3.690843  -0.000431    34.1607    34.1659     6.6912    26.3626    26.3683          5  0.000e+00
      61428 293.847737  -43.44174  -53.61228      0.065    1476.15     15.108     14.987     9.6001     9.5997    -0.0004     9.5984     9.5980    -0.0004   3.690346   3.691317   0.000971    34.1586    34.1689     6.6920    26.3621    26.3703          5  0.000e+00
      61429 293.847737  -43.44174  -53.61228      0.064    1476.15     15.108     14.987     9.5895     9.5990     0.0095     9.5878     9.5974     0.0095   3.689332   3.691477   0.002145    34.1582    34.1712     6.6896    26.3636    26.3722          5  0.000e+00
      61430 293.847738  -43.44174  -53.61228      0.059    1476.15     15.129     15.008     9.5817     9.6017     0.0200     9.5801     9.6001     0.0200   3.688585   3.691477   0.002892    34.1579    34.1686     6.6902    26.3646    26.3697          5  0.000e+00
      61431 293.847738  -43.44174  -53.61228      0.054    1476.15     15.060     14.940     9.5761     9.5997     0.0236     9.5744     9.5980     0.0236   3.688279   3.691054   0.002776    34.1601    34.1662     6.6899    26.3673    26.3682          5  0.000e+00
