Pos-Processados/process_op38/operantar38_003.cnv
* Sea-Bird SBE 9 Data File:
* FileName = D:\OPERANTAR_XXXVIII\DADOS\OP38_003.hdr
* Software Version Seasave V 7.12
* Temperature SN = 4808
* Conductivity SN = 3380
* Number of Bytes Per Scan = 31
* Number of Voltage Words = 2
* Number of Scans Averaged by the Deck Unit = 1
* NMEA Latitude = 39 32.86 S
* NMEA Longitude = 054 23.47 W
* NMEA UTC (Time) = Jan 17 2019 09:09:24
** H41
** NAVIO POLAR ALMIRANTE MAXIMIANO
** CRUZEIRO:
** OPERANTAR XXXVIII
** ESTAวรO: OP38_003
** LAT 39บ 32,87' S
** LONG 054บ 23,45' W
** 09P73767-1155
** PROFUNDIDADE: 2920 m
** DATA/HORA: 170909Z/OUT/2019
** OPERADOR: SO-HN CHAVES
# nquan = 33
# nvalues = 2037                        
# units = specified
# name 0 = scan: Scan Count
# name 1 = timeJ: Julian Days
# name 2 = latitude: Latitude [deg]
# name 3 = longitude: Longitude [deg]
# name 4 = dz/dtM: Descent Rate [m/s]
# name 5 = avgsvCM: Average Sound Velocity [Chen-Millero, m/s]
# name 6 = prDM: Pressure, Digiquartz [db]
# name 7 = depSM: Depth [salt water, m]
# name 8 = t090C: Temperature [ITS-90, deg C]
# name 9 = t190C: Temperature, 2 [ITS-90, deg C]
# name 10 = T2-T190C: Temperature Difference, 2 - 1 [ITS-90, deg C]
# name 11 = potemp090C: Potential Temperature [ITS-90, deg C]
# name 12 = potemp190C: Potential Temperature, 2 [ITS-90, deg C]
# name 13 = potemp90Cdiff: Potential Temperature, Diff, 2 - 1 [ITS-90, deg C]
# name 14 = c0S/m: Conductivity [S/m]
# name 15 = c1S/m: Conductivity, 2 [S/m]
# name 16 = C2-C1S/m: Conductivity Difference, 2 - 1 [S/m]
# name 17 = sal00: Salinity, Practical [PSU]
# name 18 = sal11: Salinity, Practical, 2 [PSU]
# name 19 = sbeox0ML/L: Oxygen, SBE 43 [ml/l]
# name 20 = sigma-้00: Density [sigma-theta, kg/m^3]
# name 21 = sigma-้11: Density, 2 [sigma-theta, kg/m^3]
# name 22 = sbox0Mm/Kg: Oxygen, SBE 43 [umol/kg]
# name 23 = oxsolMm/Kg: Oxygen Saturation, Garcia & Gordon [umol/kg]
# name 24 = oxsatMm/Kg: Oxygen Saturation, Weiss [umol/kg]
# name 25 = sal00: Salinity, Practical [PSU]
# name 26 = sigma-้00: Density [sigma-theta, kg/m^3]
# name 27 = svCM: Sound Velocity [Chen-Millero, m/s]
# name 28 = svCM1: Sound Velocity, 2 [Chen-Millero, m/s]
# name 29 = gsw_ptA0: potential temperature [ITS-90, deg C]
# name 30 = gsw_densityA0: density, TEOS-10 [density, kg/m^3]
# name 31 = gsw_saA0: Absolute Salinity [g/kg]
# name 32 = flag:
# span 0 =       2637,      55419       
# span 1 =  17.382799,  17.408253       
# span 2 =  -39.54778,  -39.54770       
# span 3 =  -54.39123,  -54.39118       
# span 4 =     -1.648,      1.572       
# span 5 =      -0.02,    1474.64       
# span 6 =      5.000,   1027.000       
# span 7 =      4.983,   1016.654       
# span 8 =     2.5646,     6.7340       
# span 9 =     2.5661,     6.7344       
# span 10 =    -0.0598,     0.0480      
# span 11 =     2.4982,     6.7336      
# span 12 =     2.4996,     6.7340      
# span 13 =    -0.0598,     0.0480      
# span 14 =   3.109510,   3.423164      
# span 15 =   3.109967,   3.423747      
# span 16 =  -0.004577,   0.004732      
# span 17 =    34.0578,    34.5114      
# span 18 =    34.0634,    34.5159      
# span 19 =     3.8602,     7.5169      
# span 20 =    26.7475,    27.5394      
# span 21 =    26.7519,    27.5428      
# span 22 =    167.775,    326.939      
# span 23 =  297.20034,  327.24321      
# span 24 =  297.65337,  328.26970      
# span 25 =    34.0512,    34.5112      
# span 26 =    26.7468,    27.5392      
# span 27 =    1466.67,    1476.79      
# span 28 =    1466.68,    1476.80      
# span 29 =     2.4981,     6.7335      
# span 30 =  1026.7721,  1032.3077      
# span 31 =    34.2120,    34.6774      
# span 32 = 0.0000e+00, 0.0000e+00      
# interval = decibars: 1                
# start_time = Jan 17 2019 09:09:24 [NMEA time, header]
# bad_flag = -9.990e-29
*END*
[from data line 1363]
      37728  17.399722  -39.54774  -54.39120     -0.870    1470.86    686.000    679.647     2.8439     2.8453     0.0014     2.8001     2.8015     0.0014   3.126589   3.127088   0.000500    34.3080    34.3126     4.7012    27.3506    27.3541    204.367  325.49607  326.47053    34.3083    27.3508    1472.09    1472.10     2.8000  1030.5435    34.4719 0.0000e+00
      37749  17.399732  -39.54774  -54.39120     -1.051    1470.86    685.000    678.658     2.8448     2.8460     0.0012     2.8011     2.8023     0.0012   3.126584   3.127065   0.000482    34.3075    34.3121     4.7001    27.3501    27.3537    204.319  325.48969  326.46399    34.3077    27.3503    1472.08    1472.09     2.8010  1030.5383    34.4713 0.0000e+00
      37769  17.399741  -39.54774  -54.39120     -1.176    1470.86    684.000    677.669     2.8459     2.8474     0.0015     2.8023     2.8038     0.0015   3.126569   3.127068   0.000498    34.3067    34.3111     4.7018    27.3493    27.3528    204.392  325.48285  326.45694    34.3069    27.3495    1472.06    1472.07     2.8022  1030.5329    34.4705 0.0000e+00
      37791  17.399752  -39.54774  -54.39120     -1.171    1470.86    683.000    676.679     2.8470     2.8486     0.0015     2.8034     2.8049     0.0015   3.126553   3.127053   0.000499    34.3059    34.3103     4.7063    27.3486    27.3520    204.587  325.47611  326.45000    34.3061    27.3488    1472.05    1472.06     2.8033  1030.5275    34.4697 0.0000e+00
      37824  17.399768  -39.54774  -54.39120     -0.852    1470.86    682.000    675.690     2.8489     2.8491     0.0002     2.8054     2.8056     0.0002   3.126640   3.127050   0.000422    34.3051    34.3101     4.7083    27.3478    27.3518    204.674  325.46249  326.43605    34.3057    27.3482    1472.04    1472.05     2.8053  1030.5223    34.4692 0.0000e+00
      37869  17.399790  -39.54774  -54.39120     -0.473    1470.86    681.000    674.700     2.8615     2.8599    -0.0016     2.8179     2.8163    -0.0016   3.127383   3.127696   0.000324    34.3012    34.3069     4.7199    27.3436    27.3482    205.179  325.37156  326.34302    34.3019    27.3442    1472.07    1472.07     2.8179  1030.5134    34.4655 0.0000e+00
      37895  17.399802  -39.54774  -54.39120     -0.746    1470.86    680.000    673.712     2.8596     2.8609     0.0013     2.8162     2.8174     0.0012   3.127213   3.127786   0.000520    34.3019    34.3069     4.7273    27.3443    27.3482    205.500  325.38470  326.35647    34.3023    27.3446    1472.05    1472.06     2.8161  1030.5093    34.4659 0.0000e+00
      37913  17.399811  -39.54774  -54.39120     -1.059    1470.86    679.000    672.722     2.8645     2.8688     0.0043     2.8211     2.8254     0.0043   3.127517   3.128210   0.000692    34.3005    34.3044     4.7299    27.3428    27.3455    205.616  325.34873  326.31968    34.3014    27.3435    1472.05    1472.08     2.8210  1030.5035    34.4649 0.0000e+00
      37929  17.399819  -39.54774  -54.39120     -1.309    1470.86    678.000    671.734     2.8688     2.8721     0.0034     2.8254     2.8287     0.0034   3.127702   3.128295   0.000595    34.2990    34.3026     4.7390    27.3411    27.3437    206.011  325.31884  326.28907    34.2997    27.3417    1472.05    1472.07     2.8254  1030.4970    34.4632 0.0000e+00
      37946  17.399827  -39.54774  -54.39120     -1.449    1470.86    677.000    670.745     2.8713     2.8731     0.0017     2.8280     2.8298     0.0017   3.127764   3.128279   0.000519    34.2976    34.3020     4.7443    27.3398    27.3432    206.242  325.30155  326.27133    34.2983    27.3403    1472.04    1472.06     2.8279  1030.4910    34.4618 0.0000e+00
      37965  17.399836  -39.54774  -54.39120     -1.395    1470.86    676.000    669.755     2.8723     2.8735     0.0012     2.8290     2.8302     0.0012   3.127758   3.128234   0.000480    34.2971    34.3017     4.7473    27.3394    27.3429    206.371  325.29506  326.26468    34.2977    27.3398    1472.03    1472.04     2.8290  1030.4858    34.4612 0.0000e+00
      37995  17.399851  -39.54774  -54.39120     -0.961    1470.86    675.000    668.766     2.8725     2.8728     0.0003     2.8293     2.8296     0.0003   3.127695   3.128146   0.000451    34.2968    34.3020     4.7570    27.3391    27.3432    206.794  325.29439  326.26397    34.2973    27.3394    1472.02    1472.02     2.8292  1030.4808    34.4608 0.0000e+00
      38034  17.399870  -39.54774  -54.39120     -0.591    1470.86    674.000    667.776     2.8728     2.8735     0.0007     2.8298     2.8304     0.0006   3.127589   3.128074   0.000486    34.2957    34.3010     4.7631    27.3382    27.3423    207.061  325.29394  326.26342    34.2961    27.3385    1472.00    1472.01     2.8297  1030.4752    34.4596 0.0000e+00
      38064  17.399884  -39.54774  -54.39119     -0.748    1470.86    673.000    666.788     2.8731     2.8742     0.0011     2.8300     2.8311     0.0011   3.127544   3.127995   0.000451    34.2955    34.2999     4.7696    27.3380    27.3413    207.341  325.29251  326.26194    34.2959    27.3382    1471.98    1471.99     2.8300  1030.4704    34.4593 0.0000e+00
      38089  17.399896  -39.54774  -54.39119     -0.908    1470.86    672.000    665.799     2.8736     2.8753     0.0017     2.8307     2.8323     0.0016   3.127480   3.127950   0.000469    34.2947    34.2987     4.7777    27.3372    27.3403    207.695  325.29001  326.25933    34.2950    27.3375    1471.97    1471.98     2.8306  1030.4650    34.4585 0.0000e+00
      38111  17.399906  -39.54774  -54.39120     -1.011    1470.86    671.000    664.809     2.8736     2.8759     0.0023     2.8307     2.8329     0.0023   3.127435   3.127906   0.000466    34.2949    34.2981     4.7816    27.3374    27.3398    207.864  325.29042  326.25976    34.2951    27.3375    1471.95    1471.97     2.8306  1030.4604    34.4586 0.0000e+00
      38131  17.399916  -39.54774  -54.39120     -1.124    1470.86    670.000    663.820     2.8748     2.8763     0.0014     2.8320     2.8334     0.0014   3.127370   3.127841   0.000474    34.2932    34.2974     4.7803    27.3359    27.3392    207.806  325.28409  326.25316    34.2935    27.3361    1471.94    1471.95     2.8319  1030.4544    34.4569 0.0000e+00
      38151  17.399926  -39.54774  -54.39120     -1.208    1470.86    669.000    662.831     2.8753     2.8764     0.0011     2.8326     2.8336     0.0010   3.127309   3.127788   0.000477    34.2925    34.2972     4.7838    27.3353    27.3390    207.960  325.28179  326.25076    34.2927    27.3355    1471.92    1471.93     2.8325  1030.4491    34.4562 0.0000e+00
      38170  17.399935  -39.54774  -54.39120     -1.234    1470.86    668.000    661.842     2.8754     2.8764     0.0010     2.8328     2.8337     0.0009   3.127261   3.127721   0.000460    34.2924    34.2970     4.7874    27.3352    27.3388    208.116  325.28139  326.25034    34.2926    27.3354    1471.91    1471.92     2.8327  1030.4444    34.4560 0.0000e+00
      38191  17.399945  -39.54774  -54.39118     -1.200    1470.86    667.000    660.853     2.8754     2.8764     0.0010     2.8328     2.8337     0.0009   3.127195   3.127665   0.000471    34.2922    34.2969     4.7929    27.3350    27.3387    208.356  325.28221  326.25115    34.2923    27.3352    1471.89    1471.90     2.8327  1030.4396    34.4558 0.0000e+00
      38215  17.399957  -39.54774  -54.39118     -1.079    1470.86    666.000    659.863     2.8754     2.8763     0.0009     2.8328     2.8338     0.0009   3.127136   3.127603   0.000470    34.2920    34.2967     4.8022    27.3349    27.3386    208.758  325.28267  326.25161    34.2922    27.3350    1471.87    1471.88     2.8328  1030.4348    34.4556 0.0000e+00
      38245  17.399971  -39.54773  -54.39118     -0.876    1470.86    665.000    658.874     2.8755     2.8764     0.0009     2.8330     2.8339     0.0008   3.127072   3.127545   0.000473    34.2917    34.2965     4.8043    27.3346    27.3384    208.850  325.28268  326.25159    34.2918    27.3347    1471.86    1471.87     2.8329  1030.4299    34.4552 0.0000e+00
      38276  17.399986  -39.54772  -54.39118     -0.751    1470.86    664.000    657.885     2.8754     2.8762     0.0007     2.8330     2.8337     0.0007   3.127012   3.127484   0.000475    34.2916    34.2966     4.8042    27.3345    27.3385    208.848  325.28345  326.25236    34.2917    27.3346    1471.84    1471.85     2.8329  1030.4252    34.4551 0.0000e+00
      38302  17.399999  -39.54773  -54.39118     -0.849    1470.86    663.000    656.896     2.8754     2.8762     0.0009     2.8330     2.8339     0.0009   3.126959   3.127427   0.000468    34.2916    34.2963     4.8054    27.3346    27.3383    208.901  325.28413  326.25306    34.2916    27.3346    1471.82    1471.83     2.8330  1030.4205    34.4551 0.0000e+00
      38323  17.400009  -39.54774  -54.39118     -1.018    1470.86    662.000    655.907     2.8753     2.8764     0.0010     2.8330     2.8340     0.0010   3.126897   3.127348   0.000451    34.2914    34.2959     4.8054    27.3344    27.3379    208.897  325.28464  326.25357    34.2915    27.3345    1471.81    1471.82     2.8330  1030.4157    34.4549 0.0000e+00
      38342  17.400018  -39.54774  -54.39118     -1.182    1470.86    661.000    654.917     2.8754     2.8764     0.0010     2.8332     2.8342     0.0010   3.126818   3.127269   0.000452    34.2910    34.2954     4.8070    27.3340    27.3374    208.970  325.28520  326.25410    34.2909    27.3340    1471.79    1471.80     2.8331  1030.4107    34.4543 0.0000e+00
      38359  17.400026  -39.54774  -54.39118     -1.304    1470.86    660.000    653.928     2.8755     2.8766     0.0011     2.8334     2.8344     0.0011   3.126740   3.127174   0.000437    34.2904    34.2946     4.8100    27.3336    27.3368    209.101  325.28581  326.25468    34.2904    27.3336    1471.77    1471.78     2.8333  1030.4056    34.4538 0.0000e+00
      38378  17.400035  -39.54774  -54.39120     -1.344    1470.86    659.000    652.939     2.8754     2.8763     0.0008     2.8334     2.8342     0.0008   3.126621   3.127064   0.000442    34.2897    34.2941     4.8113    27.3330    27.3365    209.158  325.28825  326.25710    34.2896    27.3329    1471.76    1471.76     2.8333  1030.4004    34.4530 0.0000e+00
      38399  17.400045  -39.54774  -54.39120     -1.244    1470.86    658.000    651.950     2.8751     2.8758     0.0007     2.8331     2.8338     0.0007   3.126489   3.126921   0.000430    34.2890    34.2935     4.8136    27.3325    27.3360    209.256  325.29288  326.26176    34.2889    27.3324    1471.74    1471.74     2.8330  1030.3952    34.4523 0.0000e+00
      38426  17.400058  -39.54774  -54.39120     -0.984    1470.86    657.000    650.961     2.8745     2.8754     0.0009     2.8326     2.8335     0.0009   3.126313   3.126793   0.000477    34.2880    34.2928     4.8159    27.3317    27.3355    209.358  325.29979  326.26873    34.2879    27.3316    1471.71    1471.73     2.8325  1030.3899    34.4513 0.0000e+00
      38458  17.400074  -39.54772  -54.39118     -0.780    1470.86    656.000    649.978     2.8739     2.8749     0.0010     2.8320     2.8331     0.0010   3.126115   3.126678   0.000564    34.2867    34.2925     4.8212    27.3308    27.3353    209.587  325.30783  326.27681    34.2867    27.3307    1471.69    1471.71     2.8320  1030.3843    34.4500 0.0000e+00
      38487  17.400088  -39.54772  -54.39118     -0.800    1470.86    655.000    648.974     2.8736     2.8743     0.0006     2.8318     2.8325     0.0006   3.126039   3.126470   0.000437    34.2866    34.2913     4.8225    27.3307    27.3343    209.643  325.31037  326.27940    34.2866    27.3306    1471.68    1471.69     2.8318  1030.3796    34.4499 0.0000e+00
      38513  17.400100  -39.54773  -54.39118     -0.881    1470.86    654.000    647.993     2.8732     2.8738     0.0006     2.8315     2.8321     0.0006   3.125910   3.126350   0.000438    34.2861    34.2907     4.8332    27.3303    27.3340    210.110  325.31506  326.28413    34.2860    27.3302    1471.66    1471.67     2.8314  1030.3746    34.4493 0.0000e+00
      38537  17.400112  -39.54774  -54.39118     -0.952    1470.86    653.000    647.003     2.8730     2.8738     0.0007     2.8314     2.8321     0.0007   3.125844   3.126269   0.000426    34.2860    34.2904     4.8371    27.3302    27.3337    210.276  325.31667  326.28576    34.2859    27.3301    1471.64    1471.65     2.8313  1030.3699    34.4492 0.0000e+00
      38560  17.400123  -39.54774  -54.39119     -1.015    1470.86    652.000    646.014     2.8728     2.8734     0.0006     2.8312     2.8319     0.0006   3.125742   3.126192   0.000450    34.2855    34.2903     4.8419    27.3299    27.3336    210.486  325.31982  326.28893    34.2855    27.3298    1471.62    1471.63     2.8311  1030.3650    34.4488 0.0000e+00
      38580  17.400133  -39.54774  -54.39120     -1.104    1470.86    651.000    645.025     2.8725     2.8733     0.0008     2.8310     2.8318     0.0008   3.125674   3.126129   0.000454    34.2855    34.2902     4.8460    27.3298    27.3335    210.668  325.32182  326.29096    34.2854    27.3298    1471.61    1471.62     2.8310  1030.3603    34.4487 0.0000e+00
      38599  17.400142  -39.54774  -54.39120     -1.209    1470.86    650.000    644.036     2.8725     2.8732     0.0008     2.8310     2.8318     0.0008   3.125620   3.126079   0.000463    34.2854    34.2902     4.8468    27.3298    27.3336    210.701  325.32249  326.29164    34.2853    27.3297    1471.59    1471.60     2.8310  1030.3556    34.4487 0.0000e+00
      38616  17.400150  -39.54774  -54.39120     -1.311    1470.86    649.000    643.046     2.8724     2.8733     0.0009     2.8310     2.8320     0.0009   3.125554   3.126024   0.000467    34.2853    34.2900     4.8453    27.3297    27.3333    210.634  325.32347  326.29263    34.2851    27.3296    1471.57    1471.58     2.8310  1030.3509    34.4485 0.0000e+00
      38633  17.400158  -39.54774  -54.39120     -1.383    1470.86    648.000    642.057     2.8722     2.8732     0.0009     2.8309     2.8319     0.0009   3.125493   3.125962   0.000466    34.2852    34.2899     4.8429    27.3297    27.3333    210.529  325.32481  326.29399    34.2851    27.3295    1471.55    1471.56     2.8309  1030.3462    34.4484 0.0000e+00
      38652  17.400167  -39.54774  -54.39120     -1.357    1470.86    647.000    641.068     2.8721     2.8730     0.0009     2.8309     2.8317     0.0009   3.125425   3.125891   0.000470    34.2850    34.2899     4.8447    27.3295    27.3333    210.609  325.32631  326.29551    34.2849    27.3294    1471.54    1471.55     2.8308  1030.3415    34.4483 0.0000e+00
      38677  17.400180  -39.54773  -54.39118     -1.121    1470.86    646.000    640.078     2.8720     2.8727     0.0007     2.8308     2.8315     0.0007   3.125369   3.125812   0.000441    34.2850    34.2896     4.8500    27.3295    27.3331    210.841  325.32746  326.29668    34.2849    27.3294    1471.52    1471.53     2.8308  1030.3369    34.4483 0.0000e+00
      38717  17.400199  -39.54772  -54.39118     -0.635    1470.86    645.000    639.089     2.8708     2.8721     0.0013     2.8297     2.8310     0.0013   3.125102   3.125654   0.000549    34.2837    34.2890     4.8476    27.3286    27.3327    210.735  325.34037  326.30973    34.2835    27.3284    1471.50    1471.51     2.8296  1030.3312    34.4468 0.0000e+00
      38751  17.400215  -39.54773  -54.39120     -0.639    1470.86    644.000    638.100     2.8701     2.8710     0.0009     2.8290     2.8299     0.0009   3.124977   3.125447   0.000480    34.2834    34.2883     4.8481    27.3284    27.3322    210.755  325.34686  326.31631    34.2832    27.3282    1471.48    1471.49     2.8290  1030.3265    34.4466 0.0000e+00
