Pos-Processados/process_op38/operantar38_006.ros
* Sea-Bird SBE 9 Data File:
* FileName = D:\OPERANTAR_XXXVIII\DADOS\OP38_006.hdr
* Software Version Seasave V 7.18c
* Temperature SN = 4808
* Conductivity SN = 3380
* Number of Bytes Per Scan = 31
* Number of Voltage Words = 2
* Number of Scans Averaged by the Deck Unit = 1
* NMEA Latitude = 45 04.05 S
* NMEA Longitude = 051 28.82 W
* NMEA UTC (Time) = Oct 19 2019 17:49:21
** H41
** NAVIO POLAR ALMIRANTE MAXIMIANO
** CRUZEIRO:
** OPERANTAR XXXVIII
** ESTAÇÃO: OP38_006
** LAT 45º 04,05' S
** LONG 051º 28,85' W
** 09P73767-1155
** PROFUNDIDADE: 5872
** DATA/HORA: 191750Z/OUT/2019
** OPERADOR: SO-HN CHAVES
# nquan = 27
# nvalues = 4279                                  
# units = specified
# name 0 = scan: Scan Count
# name 1 = timeJ: Julian Days
# name 2 = latitude: Latitude [deg]
# name 3 = longitude: Longitude [deg]
# name 4 = dz/dtM: Descent Rate [m/s]
# name 5 = avgsvCM: Average Sound Velocity [Chen-Millero, m/s]
# name 6 = prDM: Pressure, Digiquartz [db]
# name 7 = depSM: Depth [salt water, m]
# name 8 = t090C: Temperature [ITS-90, deg C]
# name 9 = t190C: Temperature, 2 [ITS-90, deg C]
# name 10 = T2-T190C: Temperature Difference, 2 - 1 [ITS-90, deg C]
# name 11 = potemp090C: Potential Temperature [ITS-90, deg C]
# name 12 = potemp190C: Potential Temperature, 2 [ITS-90, deg C]
# name 13 = potemp90Cdiff: Potential Temperature, Diff, 2 - 1 [ITS-90, deg C]
# name 14 = c0S/m: Conductivity [S/m]
# name 15 = c1S/m: Conductivity, 2 [S/m]
# name 16 = C2-C1S/m: Conductivity Difference, 2 - 1 [S/m]
# name 17 = sal00: Salinity, Practical [PSU]
# name 18 = sal11: Salinity, Practical, 2 [PSU]
# name 19 = sbeox0ML/L: Oxygen, SBE 43 [ml/l]
# name 20 = sigma-é00: Density [sigma-theta, kg/m^3]
# name 21 = sigma-é11: Density, 2 [sigma-theta, kg/m^3]
# name 22 = sbox0Mm/Kg: Oxygen, SBE 43 [umol/kg]
# name 23 = oxsolMm/Kg: Oxygen Saturation, Garcia & Gordon [umol/kg]
# name 24 = oxsatMm/Kg: Oxygen Saturation, Weiss [umol/kg]
# name 25 = nbf: Bottles Fired
# name 26 = flag:  0.000e+00
# interval = seconds: 0.0416667
# start_time = Oct 19 2019 17:49:21 [NMEA time, header]
# bad_flag = -9.990e-29
*END*
[from data line 2417]
      71209 292.776944  -45.06752  -51.48048     -0.339    1473.25      3.015      2.991     8.0214     8.0104    -0.0110     8.0211     8.0101    -0.0110   3.554182   3.554024  -0.000159    34.2581    34.2672     6.6615    26.6880    26.6968    289.770  288.33505  288.65528         14  0.000e+00
      71210 292.776945  -45.06752  -51.48048     -0.349    1473.25      2.919      2.895     8.0198     8.0109    -0.0089     8.0195     8.0106    -0.0089   3.554130   3.554099  -0.000030    34.2591    34.2675     6.6691    26.6891    26.6970    290.101  288.34324  288.66366         14  0.000e+00
      71211 292.776945  -45.06752  -51.48048     -0.345    1473.25      3.015      2.991     8.0187     8.0114    -0.0072     8.0184     8.0111    -0.0072   3.554123   3.554061  -0.000062    34.2602    34.2666     6.6661    26.6900    26.6962    289.969  288.34859  288.66915         14  0.000e+00
      71212 292.776946  -45.06752  -51.48048     -0.348    1473.25      2.967      2.943     8.0180     8.0116    -0.0064     8.0177     8.0113    -0.0064   3.554143   3.554150   0.000007    34.2610    34.2674     6.6702    26.6908    26.6968    290.148  288.35099  288.67163         14  0.000e+00
      71213 292.776946  -45.06752  -51.48048     -0.348    1473.25      2.967      2.943     8.0174     8.0126    -0.0048     8.0172     8.0123    -0.0048   3.554130   3.554200   0.000071    34.2614    34.2669     6.6710    26.6912    26.6963    290.180  288.35373  288.67443         14  0.000e+00
      71214 292.776947  -45.06752  -51.48048     -0.346    1473.25      2.967      2.943     8.0173     8.0126    -0.0048     8.0171     8.0123    -0.0048   3.554123   3.554207   0.000083    34.2615    34.2671     6.6678    26.6913    26.6964    290.042  288.35432  288.67503         14  0.000e+00
      71215 292.776947  -45.06752  -51.48048     -0.343    1473.25      2.967      2.943     8.0175     8.0127    -0.0048     8.0172     8.0124    -0.0048   3.554097   3.554213   0.000116    34.2610    34.2670     6.6719    26.6909    26.6963    290.223  288.35424  288.67493         14  0.000e+00
      71216 292.776948  -45.06752  -51.48048     -0.338    1473.25      2.967      2.943     8.0177     8.0135    -0.0042     8.0174     8.0132    -0.0042   3.554110   3.554207   0.000097    34.2610    34.2661     6.6688    26.6908    26.6955    290.085  288.35306  288.67373         14  0.000e+00
      71217 292.776948  -45.06752  -51.48048     -0.338    1473.25      2.919      2.896     8.0178     8.0134    -0.0045     8.0176     8.0131    -0.0045   3.554143   3.554282   0.000140    34.2612    34.2671     6.6729    26.6910    26.6963    290.265  288.35161  288.67226         14  0.000e+00
      71218 292.776949  -45.06752  -51.48048     -0.330    1473.25      2.967      2.943     8.0183     8.0142    -0.0040     8.0180     8.0139    -0.0040   3.554248   3.554301   0.000053    34.2619    34.2664     6.6698    26.6915    26.6956    290.128  288.34751  288.66814         14  0.000e+00
      71219 292.776949  -45.06752  -51.48048     -0.321    1473.25      2.967      2.943     8.0198     8.0142    -0.0056     8.0195     8.0139    -0.0056   3.554347   3.554301  -0.000045    34.2614    34.2665     6.6734    26.6909    26.6957    290.285  288.33840  288.65887         14  0.000e+00
      71220 292.776950  -45.06752  -51.48048     -0.315    1473.25      2.947      2.923     8.0203     8.0140    -0.0063     8.0200     8.0137    -0.0063   3.554347   3.554308  -0.000039    34.2610    34.2667     6.6737    26.6905    26.6959    290.299  288.33638  288.65679         14  0.000e+00
      71221 292.776950  -45.06752  -51.48048     -0.303    1473.25      3.015      2.991     8.0196     8.0143    -0.0053     8.0193     8.0140    -0.0053   3.554314   3.554301  -0.000012    34.2613    34.2663     6.6747    26.6908    26.6955    290.341  288.34008  288.66056         14  0.000e+00
      71222 292.776951  -45.06752  -51.48048     -0.295    1473.25      2.967      2.943     8.0189     8.0147    -0.0042     8.0186     8.0144    -0.0042   3.554261   3.554377   0.000116    34.2614    34.2668     6.6717    26.6910    26.6958    290.212  288.34433  288.66488         14  0.000e+00
      71223 292.776951  -45.06752  -51.48048     -0.284    1473.25      2.967      2.943     8.0187     8.0150    -0.0037     8.0184     8.0147    -0.0037   3.554294   3.554371   0.000077    34.2620    34.2664     6.6756    26.6915    26.6955    290.382  288.34470  288.66529         14  0.000e+00
      71224 292.776952  -45.06752  -51.48048     -0.274    1473.25      2.967      2.943     8.0196     8.0156    -0.0040     8.0193     8.0154    -0.0040   3.554452   3.554459   0.000007    34.2628    34.2667     6.6724    26.6919    26.6957    290.243  288.33692  288.65743         14  0.000e+00
      71225 292.776952  -45.06752  -51.48048     -0.260    1473.25      3.015      2.991     8.0211     8.0158    -0.0053     8.0208     8.0155    -0.0053   3.554518   3.554472  -0.000046    34.2620    34.2667     6.6766    26.6911    26.6956    290.425  288.32905  288.64940         14  0.000e+00
      71226 292.776953  -45.06752  -51.48048     -0.245    1473.25      3.015      2.991     8.0223     8.0160    -0.0063     8.0220     8.0157    -0.0063   3.554577   3.554484  -0.000092    34.2615    34.2667     6.6731    26.6906    26.6956    290.271  288.32261  288.64283         14  0.000e+00
      71227 292.776953  -45.06752  -51.48048     -0.235    1473.25      3.015      2.991     8.0232     8.0159    -0.0073     8.0229     8.0156    -0.0073   3.554662   3.554472  -0.000190    34.2615    34.2666     6.6769    26.6904    26.6955    290.437  288.31669  288.63682         14  0.000e+00
      71228 292.776954  -45.06754  -51.48048     -0.218    1473.25      3.015      2.991     8.0241     8.0161    -0.0079     8.0238     8.0158    -0.0079   3.554734   3.554484  -0.000250    34.2614    34.2665     6.6734    26.6902    26.6954    290.285  288.31107  288.63110         14  0.000e+00
      71229 292.776954  -45.06754  -51.48048     -0.203    1473.25      3.015      2.991     8.0249     8.0161    -0.0087     8.0246     8.0158    -0.0087   3.554774   3.554548  -0.000226    34.2610    34.2672     6.6772    26.6898    26.6959    290.453  288.30663  288.62657         14  0.000e+00
      71230 292.776955  -45.06754  -51.48048     -0.190    1473.25      3.015      2.991     8.0258     8.0176    -0.0082     8.0255     8.0173    -0.0082   3.554826   3.554743  -0.000083    34.2607    34.2678     6.6776    26.6894    26.6962    290.469  288.30122  288.62107         14  0.000e+00
      71231 292.776955  -45.06754  -51.48048     -0.176    1473.25      3.015      2.991     8.0264     8.0201    -0.0063     8.0261     8.0198    -0.0063   3.554918   3.554920   0.000002    34.2611    34.2673     6.6737    26.6896    26.6954    290.301  288.29671  288.61651         14  0.000e+00
      71232 292.776956  -45.06754  -51.48048     -0.158    1473.25      3.070      3.045     8.0268     8.0215    -0.0053     8.0265     8.0212    -0.0053   3.554925   3.555065   0.000140    34.2607    34.2674     6.6777    26.6893    26.6953    290.474  288.29484  288.61459         14  0.000e+00
      71233 292.776956  -45.06754  -51.48048     -0.143    1473.25      3.070      3.045     8.0277     8.0212    -0.0065     8.0274     8.0209    -0.0065   3.555004   3.555065   0.000061    34.2607    34.2677     6.6738    26.6892    26.6956    290.304  288.28929  288.60895         14  0.000e+00
      71234 292.776957  -45.06754  -51.48048     -0.124    1473.25      3.070      3.045     8.0281     8.0207    -0.0074     8.0278     8.0204    -0.0074   3.555057   3.554971  -0.000086    34.2609    34.2672     6.6777    26.6892    26.6953    290.474  288.28611  288.60573         14  0.000e+00
      71235 292.776957  -45.06754  -51.48048     -0.110    1473.25      3.070      3.045     8.0281     8.0201    -0.0080     8.0278     8.0198    -0.0080   3.555070   3.554888  -0.000181    34.2610    34.2669     6.6739    26.6893    26.6951    290.310  288.28581  288.60544         14  0.000e+00
      71236 292.776957  -45.06754  -51.48048     -0.093    1473.25      3.070      3.045     8.0287     8.0204    -0.0083     8.0284     8.0201    -0.0083   3.555116   3.554901  -0.000215    34.2610    34.2668     6.6701    26.6892    26.6950    290.144  288.28234  288.60190         14  0.000e+00
      71237 292.776958  -45.06754  -51.48048     -0.074    1473.25      3.118      3.092     8.0289     8.0219    -0.0071     8.0286     8.0215    -0.0071   3.555057   3.555021  -0.000035    34.2601    34.2666     6.6772    26.6884    26.6946    290.452  288.28261  288.60213         14  0.000e+00
      71238 292.776958  -45.06754  -51.48048     -0.058    1473.25      3.118      3.092     8.0285     8.0217    -0.0068     8.0282     8.0214    -0.0068   3.555037   3.554983  -0.000054    34.2603    34.2663     6.6731    26.6887    26.6944    290.274  288.28505  288.60462         14  0.000e+00
      71239 292.776959  -45.06754  -51.48048     -0.040    1473.25      3.118      3.092     8.0285     8.0216    -0.0069     8.0282     8.0213    -0.0069   3.555037   3.554901  -0.000136    34.2603    34.2656     6.6771    26.6887    26.6939    290.446  288.28505  288.60462         14  0.000e+00
      71240 292.776959  -45.06754  -51.48048     -0.022    1473.25      3.166      3.140     8.0287     8.0204    -0.0083     8.0284     8.0201    -0.0083   3.555109   3.554731  -0.000378    34.2608    34.2649     6.6772    26.6891    26.6935    290.450  288.28258  288.60214         14  0.000e+00
      71241 292.776960  -45.06754  -51.48048     -0.009    1473.25      3.118      3.092     8.0288     8.0191    -0.0097     8.0285     8.0188    -0.0097   3.555135   3.554566  -0.000569    34.2610    34.2645     6.6733    26.6892    26.6933    290.283  288.28150  288.60105         14  0.000e+00
      71242 292.776960  -45.06754  -51.48048      0.010    1473.25      3.166      3.140     8.0294     8.0166    -0.0128     8.0291     8.0163    -0.0128   3.555057   3.554402  -0.000654    34.2595    34.2651     6.6773    26.6879    26.6942    290.455  288.28044  288.59990         14  0.000e+00
      71243 292.776961  -45.06754  -51.48048      0.028    1473.25      3.220      3.194     8.0291     8.0139    -0.0152     8.0288     8.0136    -0.0152   3.555089   3.554245  -0.000845    34.2602    34.2660     6.6732    26.6885    26.6953    290.276  288.28108  288.60059         14  0.000e+00
      71244 292.776961  -45.06754  -51.48048      0.044    1473.25      3.166      3.140     8.0287     8.0130    -0.0156     8.0284     8.0127    -0.0156   3.555076   3.554188  -0.000889    34.2605    34.2663     6.6767    26.6888    26.6957    290.429  288.28332  288.60288         14  0.000e+00
      71245 292.776962  -45.06754  -51.48048      0.060    1473.25      3.220      3.194     8.0286     8.0132    -0.0154     8.0283     8.0129    -0.0154   3.555017   3.554320  -0.000697    34.2599    34.2675     6.6734    26.6883    26.6966    290.286  288.28493  288.60448         14  0.000e+00
      71246 292.776962  -45.06754  -51.48048      0.075    1473.25      3.220      3.194     8.0281     8.0163    -0.0118     8.0278     8.0160    -0.0118   3.555004   3.554680  -0.000324    34.2602    34.2683     6.6765    26.6887    26.6968    290.424  288.28745  288.60705         14  0.000e+00
      71247 292.776963  -45.06754  -51.48048      0.093    1473.25      3.268      3.242     8.0273     8.0195    -0.0079     8.0270     8.0191    -0.0079   3.554905   3.555034   0.000128    34.2599    34.2690     6.6768    26.6886    26.6969    290.433  288.29326  288.61295         14  0.000e+00
      71248 292.776963  -45.06754  -51.48048      0.105    1473.25      3.220      3.194     8.0257     8.0217    -0.0040     8.0254     8.0214    -0.0040   3.554708   3.555128   0.000420    34.2594    34.2679     6.6736    26.6884    26.6956    290.295  288.30454  288.62437         14  0.000e+00
      71249 292.776964  -45.06754  -51.48048      0.122    1473.25      3.268      3.242     8.0237     8.0220    -0.0017     8.0234     8.0217    -0.0017   3.554583   3.555053   0.000469    34.2600    34.2667     6.6736    26.6892    26.6947    290.294  288.31628  288.63632         14  0.000e+00
      71250 292.776964  -45.06754  -51.48048      0.136    1473.25      3.316      3.289     8.0244     8.0217    -0.0027     8.0241     8.0214    -0.0027   3.554656   3.555002   0.000347    34.2601    34.2665     6.6731    26.6892    26.6945    290.274  288.31181  288.63179         14  0.000e+00
      71251 292.776965  -45.06754  -51.48048      0.151    1473.25      3.296      3.269     8.0244     8.0229    -0.0015     8.0241     8.0225    -0.0015   3.554643   3.555147   0.000505    34.2600    34.2669     6.6770    26.6891    26.6947    290.444  288.31209  288.63207         14  0.000e+00
      71252 292.776965  -45.06754  -51.48048      0.160    1473.25      3.268      3.242     8.0221     8.0237     0.0016     8.0218     8.0233     0.0016   3.554314   3.555160   0.000846    34.2587    34.2663     6.6732    26.6884    26.6941    290.277  288.32945  288.64963         14  0.000e+00
      71253 292.776966  -45.06754  -51.48048      0.172    1473.25      3.316      3.289     8.0186     8.0215     0.0029     8.0183     8.0212     0.0029   3.553952   3.554996   0.001044    34.2582    34.2666     6.6773    26.6885    26.6946    290.455  288.35297  288.67349         14  0.000e+00
      71254 292.776966  -45.06754  -51.48048      0.186    1473.25      3.371      3.344     8.0160     8.0193     0.0032     8.0157     8.0189     0.0032   3.553722   3.554769   0.001046    34.2583    34.2663     6.6743    26.6890    26.6948    290.326  288.36953  288.69031         14  0.000e+00
      71255 292.776967  -45.06754  -51.48048      0.199    1473.25      3.371      3.344     8.0146     8.0180     0.0034     8.0142     8.0177     0.0034   3.553650   3.554623   0.000973    34.2589    34.2660     6.6776    26.6897    26.6947    290.468  288.37760  288.69854         14  0.000e+00
      71256 292.776967  -45.06754  -51.48048      0.208    1473.25      3.316      3.289     8.0134     8.0181     0.0046     8.0131     8.0178     0.0046   3.553643   3.554586   0.000942    34.2600    34.2655     6.6742    26.6907    26.6943    290.321  288.38258  288.70366         14  0.000e+00
      71257 292.776968  -45.06754  -51.48048      0.219    1473.25      3.419      3.391     8.0128     8.0173     0.0045     8.0124     8.0169     0.0045   3.553598   3.554510   0.000912    34.2601    34.2655     6.6783    26.6909    26.6944    290.498  288.38661  288.70775         14  0.000e+00
      71258 292.776968  -45.06754  -51.48048      0.230    1473.25      3.371      3.344     8.0129     8.0173     0.0043     8.0126     8.0169     0.0043   3.553604   3.554617   0.001013    34.2600    34.2666     6.6778    26.6908    26.6953    290.477  288.38575  288.70687         14  0.000e+00
      71259 292.776969  -45.06754  -51.48048      0.236    1473.25      3.419      3.391     8.0137     8.0180     0.0042     8.0134     8.0177     0.0042   3.553683   3.554718   0.001035    34.2601    34.2670     6.6781    26.6907    26.6955    290.490  288.38046  288.70151         14  0.000e+00
      71260 292.776969  -45.06754  -51.48048      0.247    1473.25      3.419      3.391     8.0143     8.0184     0.0042     8.0139     8.0181     0.0042   3.553729   3.554750   0.001021    34.2601    34.2669     6.6780    26.6906    26.6954    290.484  288.37720  288.69820         14  0.000e+00
