Pos-Processados/process_op38/operantar38_016b.ros
* Sea-Bird SBE 9 Data File:
* FileName = D:\OPERANTAR_XXXVIII\DADOS\OP38_016b.hdr
* Software Version Seasave V 7.18c
* Temperature SN = 4808
* Conductivity SN = 3380
* Number of Bytes Per Scan = 34
* Number of Voltage Words = 3
* Number of Scans Averaged by the Deck Unit = 1
* NMEA Latitude = 62 13.34 S
* NMEA Longitude = 058 12.67 W
* NMEA UTC (Time) = Nov 05 2019 12:41:07
** H41
** NAVIO POLAR ALMIRANTE MAXIMIANO
** CRUZEIRO:
** OPERANTAR XXXVIII
** ESTAÇÃO: OP38_016b
** LAT 62 13,33' S
** LONG 058 12,64' W
** 09P73767-1155_A
** PROFUNDIDADE: 310
** DATA/HORA: 051240Z/NOV/2019
** OPERADOR: SO-HN CHAVES
# nquan = 27
# nvalues = 2085                                  
# units = specified
# name 0 = scan: Scan Count
# name 1 = timeJ: Julian Days
# name 2 = latitude: Latitude [deg]
# name 3 = longitude: Longitude [deg]
# name 4 = dz/dtM: Descent Rate [m/s]
# name 5 = avgsvCM: Average Sound Velocity [Chen-Millero, m/s]
# name 6 = prDM: Pressure, Digiquartz [db]
# name 7 = depSM: Depth [salt water, m]
# name 8 = t090C: Temperature [ITS-90, deg C]
# name 9 = t190C: Temperature, 2 [ITS-90, deg C]
# name 10 = T2-T190C: Temperature Difference, 2 - 1 [ITS-90, deg C]
# name 11 = potemp090C: Potential Temperature [ITS-90, deg C]
# name 12 = potemp190C: Potential Temperature, 2 [ITS-90, deg C]
# name 13 = potemp90Cdiff: Potential Temperature, Diff, 2 - 1 [ITS-90, deg C]
# name 14 = c0S/m: Conductivity [S/m]
# name 15 = c1S/m: Conductivity, 2 [S/m]
# name 16 = C2-C1S/m: Conductivity Difference, 2 - 1 [S/m]
# name 17 = sal00: Salinity, Practical [PSU]
# name 18 = sal11: Salinity, Practical, 2 [PSU]
# name 19 = sbeox0ML/L: Oxygen, SBE 43 [ml/l]
# name 20 = sigma-é00: Density [sigma-theta, kg/m^3]
# name 21 = sigma-é11: Density, 2 [sigma-theta, kg/m^3]
# name 22 = sbox0Mm/Kg: Oxygen, SBE 43 [umol/kg]
# name 23 = oxsolMm/Kg: Oxygen Saturation, Garcia & Gordon [umol/kg]
# name 24 = oxsatMm/Kg: Oxygen Saturation, Weiss [umol/kg]
# name 25 = nbf: Bottles Fired
# name 26 = flag:  0.000e+00
# interval = seconds: 0.0416667
# start_time = Nov 05 2019 12:41:07 [NMEA time, header]
# bad_flag = -9.990e-29
*END*
[from data line 1665]
       2060 309.529546  -62.22236  -58.21134      0.214       0.00      2.403      2.380    -0.7791    -0.7819    -0.0028    -0.7791    -0.7820    -0.0028   2.775252   2.775378   0.000126    34.1617    34.1666     7.5893    27.4653    27.4694    329.876  357.47493  359.11182         10  0.000e+00
       2061 309.529547  -62.22236  -58.21134      0.217       0.00      2.403      2.380    -0.7792    -0.7819    -0.0027    -0.7793    -0.7820    -0.0027   2.775216   2.775418   0.000202    34.1614    34.1672     7.5894    27.4651    27.4699    329.881  357.47739  359.11430         10  0.000e+00
       2062 309.529547  -62.22236  -58.21134      0.220       0.00      2.423      2.400    -0.7790    -0.7819    -0.0029    -0.7790    -0.7820    -0.0029   2.775150   2.775383   0.000234    34.1602    34.1667     7.5893    27.4641    27.4695    329.880  357.47810  359.11489         10  0.000e+00
       2063 309.529548  -62.22236  -58.21134      0.221       0.00      2.403      2.380    -0.7802    -0.7821    -0.0019    -0.7802    -0.7821    -0.0019   2.775096   2.775395   0.000299    34.1608    34.1670     7.5894    27.4647    27.4698    329.881  357.48778  359.12487         10  0.000e+00
       2064 309.529548  -62.22236  -58.21134      0.222       0.00      2.403      2.380    -0.7811    -0.7822    -0.0011    -0.7812    -0.7823    -0.0011   2.775060   2.775429   0.000369    34.1614    34.1677     7.5892    27.4652    27.4703    329.875  357.49499  359.13231         10  0.000e+00
       2065 309.529549  -62.22236  -58.21134      0.218       0.00      2.403      2.380    -0.7820    -0.7816     0.0004    -0.7821    -0.7817     0.0004   2.775030   2.775412   0.000382    34.1620    34.1668     7.5949    27.4657    27.4695    330.123  357.50197  359.13953         10  0.000e+00
       2066 309.529549  -62.22236  -58.21134      0.216       0.00      2.403      2.380    -0.7823    -0.7818     0.0005    -0.7823    -0.7818     0.0005   2.775024   2.775406   0.000382    34.1622    34.1668     7.5908    27.4659    27.4696    329.943  357.50366  359.14128         10  0.000e+00
       2067 309.529550  -62.22236  -58.21134      0.214       0.00      2.403      2.380    -0.7821    -0.7811     0.0010    -0.7822    -0.7812     0.0010   2.775030   2.775452   0.000422    34.1622    34.1668     7.5901    27.4658    27.4695    329.913  357.50270  359.14029         10  0.000e+00
       2068 309.529550  -62.22236  -58.21134      0.208       0.00      2.355      2.332    -0.7823    -0.7814     0.0009    -0.7824    -0.7815     0.0009   2.775000   2.775458   0.000458    34.1620    34.1672     7.5953    27.4657    27.4699    330.138  357.50485  359.14247         10  0.000e+00
       2069 309.529551  -62.22236  -58.21134      0.204       0.00      2.403      2.380    -0.7826    -0.7818     0.0009    -0.7827    -0.7818     0.0009   2.774994   2.775464   0.000469    34.1622    34.1676     7.5960    27.4659    27.4702    330.170  357.50699  359.14468         10  0.000e+00
       2070 309.529551  -62.22236  -58.21134      0.197       0.00      2.403      2.380    -0.7823    -0.7813     0.0010    -0.7823    -0.7814     0.0010   2.775000   2.775441   0.000441    34.1619    34.1668     7.5957    27.4656    27.4695    330.155  357.50457  359.14217         10  0.000e+00
       2071 309.529552  -62.22236  -58.21134      0.191       0.00      2.403      2.380    -0.7820    -0.7811     0.0009    -0.7821    -0.7812     0.0009   2.775054   2.775470   0.000415    34.1624    34.1670     7.5959    27.4660    27.4697    330.167  357.50106  359.13863         10  0.000e+00
       2072 309.529552  -62.22236  -58.21134      0.185       0.00      2.403      2.380    -0.7819    -0.7811     0.0007    -0.7819    -0.7812     0.0007   2.775078   2.775435   0.000357    34.1625    34.1665     7.5953    27.4661    27.4693    330.139  357.49905  359.13660         10  0.000e+00
       2073 309.529552  -62.22236  -58.21134      0.178       0.00      2.368      2.346    -0.7816    -0.7818    -0.0002    -0.7816    -0.7818    -0.0002   2.775084   2.775406   0.000322    34.1623    34.1669     7.5953    27.4659    27.4696    330.138  357.49694  359.13441         10  0.000e+00
       2074 309.529553  -62.22236  -58.21134      0.167       0.00      2.355      2.332    -0.7814    -0.7819    -0.0005    -0.7815    -0.7820    -0.0005   2.775078   2.775424   0.000346    34.1620    34.1673     7.5952    27.4657    27.4699    330.134  357.49605  359.13346         10  0.000e+00
       2075 309.529553  -62.22236  -58.21134      0.162       0.00      2.403      2.380    -0.7815    -0.7818    -0.0003    -0.7815    -0.7818    -0.0003   2.775078   2.775418   0.000340    34.1620    34.1670     7.5951    27.4657    27.4697    330.128  357.49650  359.13393         10  0.000e+00
       2076 309.529554  -62.22236  -58.21134      0.146       0.00      2.252      2.230    -0.7816    -0.7814     0.0001    -0.7816    -0.7815     0.0001   2.775084   2.775447   0.000363    34.1623    34.1671     7.5954    27.4659    27.4698    330.143  357.49674  359.13421         10  0.000e+00
       2077 309.529554  -62.22236  -58.21134      0.142       0.00      2.451      2.427    -0.7819    -0.7822    -0.0004    -0.7819    -0.7823    -0.0004   2.775054   2.775424   0.000369    34.1621    34.1676     7.5961    27.4658    27.4702    330.172  357.50005  359.13757         10  0.000e+00
       2078 309.529555  -62.22236  -58.21134      0.125       0.00      2.300      2.278    -0.7816    -0.7819    -0.0003    -0.7816    -0.7820    -0.0003   2.775072   2.775429   0.000357    34.1621    34.1674     7.5910    27.4658    27.4700    329.950  357.49728  359.13474         10  0.000e+00
       2079 309.529555  -62.22236  -58.21134      0.117       0.00      2.355      2.332    -0.7817    -0.7819    -0.0002    -0.7818    -0.7820    -0.0002   2.775042   2.775452   0.000410    34.1619    34.1677     7.5957    27.4656    27.4703    330.156  357.49961  359.13709         10  0.000e+00
       2080 309.529556  -62.22236  -58.21134      0.106       0.00      2.355      2.332    -0.7823    -0.7819     0.0004    -0.7824    -0.7820     0.0004   2.774982   2.775441   0.000458    34.1618    34.1675     7.5960    27.4655    27.4701    330.168  357.50553  359.14314         10  0.000e+00
       2081 309.529556  -62.22236  -58.21134      0.097       0.00      2.355      2.332    -0.7831    -0.7818     0.0013    -0.7831    -0.7818     0.0013   2.774935   2.775452   0.000518    34.1620    34.1675     7.5962    27.4657    27.4701    330.176  357.51210  359.14988         10  0.000e+00
       2082 309.529557  -62.22236  -58.21134      0.087       0.00      2.355      2.332    -0.7837    -0.7822     0.0015    -0.7838    -0.7823     0.0015   2.774887   2.775464   0.000577    34.1620    34.1682     7.5962    27.4658    27.4707    330.180  357.51794  359.15586         10  0.000e+00
       2083 309.529557  -62.22236  -58.21134      0.075       0.00      2.320      2.298    -0.7835    -0.7821     0.0014    -0.7835    -0.7821     0.0014   2.774905   2.775458   0.000553    34.1620    34.1679     7.6012    27.4658    27.4705    330.393  357.51574  359.15361         10  0.000e+00
       2084 309.529558  -62.22238  -58.21134      0.064       0.00      2.355      2.332    -0.7833    -0.7821     0.0012    -0.7833    -0.7821     0.0012   2.774917   2.775441   0.000524    34.1619    34.1677     7.5965    27.4657    27.4703    330.189  357.51388  359.15170         10  0.000e+00
       2085 309.529558  -62.22238  -58.21134      0.053       0.00      2.300      2.278    -0.7830    -0.7824     0.0006    -0.7830    -0.7824     0.0006   2.774923   2.775418   0.000495    34.1617    34.1678     7.5952    27.4655    27.4704    330.133  357.51173  359.14947         10  0.000e+00
       2086 309.529559  -62.22238  -58.21134      0.044       0.00      2.355      2.332    -0.7830    -0.7822     0.0007    -0.7830    -0.7823     0.0007   2.774994   2.775383   0.000389    34.1626    34.1671     7.5946    27.4663    27.4698    330.110  357.50909  359.14689         10  0.000e+00
       2087 309.529559  -62.22238  -58.21134      0.035       0.00      2.300      2.278    -0.7828    -0.7822     0.0006    -0.7829    -0.7823     0.0006   2.774970   2.775378   0.000407    34.1622    34.1670     7.5991    27.4659    27.4698    330.306  357.50918  359.14692         10  0.000e+00
       2088 309.529560  -62.22238  -58.21134      0.024       0.00      2.300      2.278    -0.7826    -0.7822     0.0004    -0.7827    -0.7823     0.0004   2.774952   2.775366   0.000414    34.1617    34.1669     7.5940    27.4655    27.4696    330.081  357.50840  359.14607         10  0.000e+00
       2089 309.529560  -62.22238  -58.21134      0.014       0.00      2.300      2.278    -0.7831    -0.7828     0.0002    -0.7831    -0.7829     0.0002   2.774970   2.775355   0.000384    34.1625    34.1674     7.5984    27.4661    27.4701    330.272  357.51064  359.14845         10  0.000e+00
       2090 309.529561  -62.22238  -58.21134      0.006       0.00      2.355      2.332    -0.7831    -0.7830     0.0001    -0.7831    -0.7831     0.0001   2.774970   2.775337   0.000367    34.1624    34.1673     7.5982    27.4661    27.4701    330.266  357.51074  359.14854         10  0.000e+00
       2091 309.529561  -62.22238  -58.21134     -0.006       0.00      2.252      2.230    -0.7832    -0.7830     0.0002    -0.7833    -0.7831     0.0002   2.774952   2.775309   0.000356    34.1624    34.1670     7.5978    27.4661    27.4698    330.249  357.51197  359.14980         10  0.000e+00
       2092 309.529562  -62.22238  -58.21134     -0.013       0.00      2.300      2.278    -0.7834    -0.7831     0.0002    -0.7834    -0.7832     0.0002   2.774952   2.775303   0.000350    34.1626    34.1671     7.5975    27.4662    27.4698    330.233  357.51315  359.15103         10  0.000e+00
       2093 309.529562  -62.22238  -58.21134     -0.023       0.00      2.300      2.278    -0.7833    -0.7831     0.0001    -0.7833    -0.7832     0.0001   2.774946   2.775303   0.000356    34.1624    34.1671     7.5925    27.4660    27.4698    330.017  357.51265  359.15049         10  0.000e+00
       2094 309.529563  -62.22238  -58.21134     -0.028       0.00      2.320      2.298    -0.7831    -0.7831    -0.0001    -0.7831    -0.7832    -0.0001   2.774964   2.775303   0.000339    34.1624    34.1671     7.5962    27.4661    27.4698    330.180  357.51090  359.14871         10  0.000e+00
       2095 309.529563  -62.22238  -58.21134     -0.035       0.00      2.300      2.278    -0.7832    -0.7836    -0.0004    -0.7833    -0.7837    -0.0004   2.774958   2.775366   0.000408    34.1625    34.1684     7.5963    27.4661    27.4710    330.181  357.51183  359.14966         10  0.000e+00
       2096 309.529564  -62.22238  -58.21134     -0.039       0.00      2.300      2.278    -0.7828    -0.7830    -0.0002    -0.7829    -0.7831    -0.0002   2.774964   2.775337   0.000373    34.1621    34.1674     7.5961    27.4658    27.4701    330.175  357.50904  359.14677         10  0.000e+00
       2097 309.529564  -62.22238  -58.21134     -0.048       0.00      2.252      2.230    -0.7831    -0.7830     0.0001    -0.7831    -0.7831     0.0001   2.774970   2.775360   0.000390    34.1625    34.1677     7.5960    27.4662    27.4704    330.168  357.51056  359.14837         10  0.000e+00
       2098 309.529565  -62.22238  -58.21134     -0.052       0.00      2.300      2.278    -0.7830    -0.7830    -0.0000    -0.7830    -0.7831    -0.0000   2.774958   2.775366   0.000408    34.1622    34.1678     7.5958    27.4659    27.4704    330.158  357.51037  359.14813         10  0.000e+00
       2099 309.529565  -62.22238  -58.21134     -0.058       0.00      2.300      2.278    -0.7832    -0.7831     0.0000    -0.7833    -0.7832     0.0000   2.774964   2.775355   0.000390    34.1625    34.1678     7.6006    27.4662    27.4704    330.369  357.51160  359.14944         10  0.000e+00
       2100 309.529565  -62.22238  -58.21134     -0.063       0.00      2.252      2.230    -0.7830    -0.7825     0.0004    -0.7830    -0.7826     0.0004   2.774970   2.775355   0.000384    34.1624    34.1671     7.5956    27.4660    27.4698    330.153  357.50983  359.14760         10  0.000e+00
       2101 309.529566  -62.22238  -58.21134     -0.066       0.00      2.300      2.278    -0.7830    -0.7830    -0.0000    -0.7830    -0.7831    -0.0000   2.774976   2.775337   0.000361    34.1624    34.1674     7.5951    27.4661    27.4701    330.130  357.50968  359.14746         10  0.000e+00
       2102 309.529566  -62.22238  -58.21134     -0.072       0.00      2.252      2.230    -0.7828    -0.7828    -0.0000    -0.7828    -0.7829    -0.0001   2.774952   2.775326   0.000373    34.1619    34.1671     7.5995    27.4657    27.4698    330.322  357.50942  359.14713         10  0.000e+00
       2103 309.529567  -62.22238  -58.21134     -0.071       0.00      2.300      2.278    -0.7826    -0.7828    -0.0003    -0.7826    -0.7829    -0.0003   2.775006   2.775332   0.000325    34.1624    34.1671     7.5943    27.4660    27.4699    330.095  357.50599  359.14368         10  0.000e+00
       2104 309.529567  -62.22238  -58.21134     -0.075       0.00      2.273      2.251    -0.7826    -0.7827    -0.0001    -0.7827    -0.7828    -0.0001   2.774988   2.775268   0.000280    34.1622    34.1661     7.5934    27.4659    27.4690    330.055  357.50699  359.14468         10  0.000e+00
       2105 309.529568  -62.22238  -58.21134     -0.077       0.00      2.252      2.230    -0.7825    -0.7833    -0.0008    -0.7826    -0.7834    -0.0008   2.774988   2.775263   0.000274    34.1621    34.1667     7.5923    27.4658    27.4696    330.010  357.50622  359.14388         10  0.000e+00
       2106 309.529568  -62.22238  -58.21134     -0.076       0.00      2.300      2.278    -0.7823    -0.7833    -0.0010    -0.7824    -0.7834    -0.0010   2.774994   2.775222   0.000228    34.1620    34.1661     7.5913    27.4657    27.4691    329.963  357.50498  359.14260         10  0.000e+00
       2107 309.529569  -62.22238  -58.21134     -0.077       0.00      2.252      2.230    -0.7823    -0.7833    -0.0010    -0.7823    -0.7834    -0.0010   2.775036   2.775154   0.000117    34.1625    34.1652     7.5960    27.4661    27.4684    330.167  357.50294  359.14057         10  0.000e+00
       2108 309.529569  -62.22238  -58.21134     -0.081       0.00      2.252      2.230    -0.7821    -0.7839    -0.0018    -0.7822    -0.7840    -0.0018   2.775006   2.775159   0.000153    34.1619    34.1660     7.5911    27.4657    27.4690    329.955  357.50335  359.14093         10  0.000e+00
       2109 309.529570  -62.22238  -58.21134     -0.082       0.00      2.252      2.230    -0.7820    -0.7841    -0.0021    -0.7821    -0.7841    -0.0021   2.775018   2.775176   0.000158    34.1620    34.1665     7.5957    27.4657    27.4694    330.155  357.50216  359.13972         10  0.000e+00
       2110 309.529570  -62.22238  -58.21134     -0.082       0.00      2.252      2.230    -0.7817    -0.7850    -0.0033    -0.7817    -0.7851    -0.0033   2.775066   2.775148   0.000082    34.1622    34.1671     7.5957    27.4659    27.4699    330.156  357.49815  359.13564         10  0.000e+00
       2111 309.529571  -62.22238  -58.21134     -0.081       0.00      2.252      2.230    -0.7814    -0.7852    -0.0038    -0.7815    -0.7852    -0.0038   2.775096   2.775108   0.000012    34.1623    34.1667     7.5957    27.4659    27.4697    330.154  357.49519  359.13262         10  0.000e+00
       2112 309.529571  -62.22238  -58.21134     -0.080       0.00      2.252      2.230    -0.7810    -0.7858    -0.0048    -0.7810    -0.7858    -0.0048   2.775120   2.775050  -0.000070    34.1622    34.1666     7.5955    27.4658    27.4696    330.148  357.49172  359.12906         10  0.000e+00
