Pos-Processados/process_op38/operantar38_002.ros
* Sea-Bird SBE 9 Data File:
* FileName = D:\OPERANTAR_XXXVIII\DADOS\OP38_002.hdr
* Software Version Seasave V 7.12
* Temperature SN = 4808
* Conductivity SN = 3380
* Number of Bytes Per Scan = 31
* Number of Voltage Words = 2
* Number of Scans Averaged by the Deck Unit = 1
* NMEA Latitude = 38 26.99 S
* NMEA Longitude = 052 53.48 W
* NMEA UTC (Time) = Jan 16 2019 21:21:57
** H41
** NAVIO POLAR ALMIRANTE MAXIMIANO
** CRUZEIRO:
** OPERANTAR XXXVIII
** ESTAÇÃO: 002
** LAT 38º 26,99'S
** LONG 052º 53,46'W
** 09P73767-1155
** PROFUNDIDADE: 4158 m
** DATA/HORA: 162121Z/OUT/2019
** OPERADOR: SO-HN CHAVES
# nquan = 24
# nvalues = 3775                                  
# units = specified
# name 0 = scan: Scan Count
# name 1 = timeJ: Julian Days
# name 2 = latitude: Latitude [deg]
# name 3 = longitude: Longitude [deg]
# name 4 = dz/dtM: Descent Rate [m/s]
# name 5 = avgsvCM: Average Sound Velocity [Chen-Millero, m/s]
# name 6 = prDM: Pressure, Digiquartz [db]
# name 7 = depSM: Depth [salt water, m]
# name 8 = t090C: Temperature [ITS-90, deg C]
# name 9 = t190C: Temperature, 2 [ITS-90, deg C]
# name 10 = T2-T190C: Temperature Difference, 2 - 1 [ITS-90, deg C]
# name 11 = potemp090C: Potential Temperature [ITS-90, deg C]
# name 12 = potemp190C: Potential Temperature, 2 [ITS-90, deg C]
# name 13 = potemp90Cdiff: Potential Temperature, Diff, 2 - 1 [ITS-90, deg C]
# name 14 = c0S/m: Conductivity [S/m]
# name 15 = c1S/m: Conductivity, 2 [S/m]
# name 16 = C2-C1S/m: Conductivity Difference, 2 - 1 [S/m]
# name 17 = sal00: Salinity, Practical [PSU]
# name 18 = sal11: Salinity, Practical, 2 [PSU]
# name 19 = sbeox0ML/L: Oxygen, SBE 43 [ml/l]
# name 20 = sigma-é00: Density [sigma-theta, kg/m^3]
# name 21 = sigma-é11: Density, 2 [sigma-theta, kg/m^3]
# name 22 = nbf: Bottles Fired
# name 23 = flag:  0.000e+00
# interval = seconds: 0.0416667
# start_time = Jan 16 2019 21:21:57 [NMEA time, header]
# bad_flag = -9.990e-29
*END*
[from data line 3563]
      67879  16.922977  -38.44984  -52.89134      0.471    1497.38     21.733     21.569    15.5175    15.5177     0.0002    15.5141    15.5143     0.0002   4.416001   4.416754   0.000753    35.6529    35.6596     5.5535    26.3607    26.3658         23  0.000e+00
      67880  16.922978  -38.44984  -52.89134      0.456    1497.38     21.720     21.555    15.5173    15.5175     0.0002    15.5139    15.5141     0.0002   4.415994   4.416754   0.000760    35.6531    35.6597     5.5528    26.3609    26.3660         23  0.000e+00
      67881  16.922978  -38.44984  -52.89134      0.441    1497.38     21.685     21.521    15.5174    15.5178     0.0004    15.5141    15.5144     0.0004   4.416001   4.416720   0.000718    35.6530    35.6592     5.5521    26.3608    26.3655         23  0.000e+00
      67882  16.922979  -38.44984  -52.89134      0.425    1497.38     21.720     21.555    15.5173    15.5177     0.0004    15.5139    15.5143     0.0004   4.415994   4.416768   0.000774    35.6530    35.6597     5.5515    26.3609    26.3659         23  0.000e+00
      67883  16.922979  -38.44984  -52.89134      0.413    1497.38     21.685     21.521    15.5174    15.5175     0.0000    15.5141    15.5141     0.0000   4.415965   4.416761   0.000795    35.6527    35.6598     5.5540    26.3605    26.3661         23  0.000e+00
      67884  16.922980  -38.44984  -52.89134      0.395    1497.38     21.672     21.507    15.5171    15.5178     0.0007    15.5137    15.5144     0.0007   4.415980   4.416720   0.000740    35.6531    35.6591     5.5505    26.3610    26.3655         23  0.000e+00
      67885  16.922980  -38.44984  -52.89134      0.380    1497.38     21.685     21.521    15.5173    15.5175     0.0002    15.5139    15.5141     0.0002   4.416001   4.416740   0.000739    35.6531    35.6596     5.5498    26.3610    26.3659         23  0.000e+00
      67886  16.922981  -38.44984  -52.89134      0.362    1497.38     21.720     21.555    15.5172    15.5177     0.0005    15.5138    15.5143     0.0005   4.416030   4.416720   0.000690    35.6535    35.6593     5.5494    26.3612    26.3656         23  0.000e+00
      67887  16.922981  -38.44984  -52.89134      0.343    1497.38     21.631     21.467    15.5173    15.5175     0.0002    15.5139    15.5141     0.0002   4.416037   4.416713   0.000676    35.6535    35.6594     5.5490    26.3612    26.3658         23  0.000e+00
      67888  16.922982  -38.44984  -52.89134      0.324    1497.38     21.672     21.508    15.5174    15.5177     0.0002    15.5141    15.5143     0.0002   4.416016   4.416740   0.000725    35.6531    35.6595     5.5518    26.3609    26.3657         23  0.000e+00
      67889  16.922982  -38.44984  -52.89134      0.308    1497.38     21.685     21.521    15.5175    15.5177     0.0002    15.5141    15.5143     0.0002   4.416030   4.416692   0.000662    35.6532    35.6590     5.5485    26.3610    26.3654         23  0.000e+00
      67890  16.922983  -38.44984  -52.89134      0.287    1497.38     21.631     21.467    15.5174    15.5176     0.0002    15.5141    15.5143     0.0002   4.416001   4.416699   0.000698    35.6530    35.6592     5.5512    26.3608    26.3655         23  0.000e+00
      67891  16.922983  -38.44984  -52.89134      0.267    1497.38     21.672     21.508    15.5176    15.5175    -0.0001    15.5143    15.5141    -0.0001   4.416030   4.416713   0.000683    35.6531    35.6594     5.5480    26.3608    26.3657         23  0.000e+00
      67892  16.922984  -38.44986  -52.89134      0.247    1497.38     21.583     21.419    15.5174    15.5178     0.0004    15.5141    15.5144     0.0004   4.416037   4.416740   0.000703    35.6533    35.6594     5.5509    26.3611    26.3656         23  0.000e+00
      67893  16.922984  -38.44986  -52.89134      0.225    1497.38     21.617     21.453    15.5173    15.5177     0.0004    15.5139    15.5143     0.0004   4.416037   4.416692   0.000655    35.6535    35.6591     5.5509    26.3612    26.3654         23  0.000e+00
      67894  16.922985  -38.44986  -52.89134      0.208    1497.38     21.631     21.467    15.5176    15.5178     0.0002    15.5143    15.5144     0.0002   4.416037   4.416761   0.000724    35.6532    35.6596     5.5510    26.3609    26.3658         23  0.000e+00
      67895  16.922985  -38.44986  -52.89134      0.184    1497.38     21.569     21.406    15.5174    15.5182     0.0007    15.5141    15.5148     0.0007   4.416037   4.416761   0.000724    35.6533    35.6592     5.5511    26.3611    26.3654         23  0.000e+00
      67896  16.922986  -38.44986  -52.89134      0.165    1497.38     21.583     21.419    15.5173    15.5178     0.0005    15.5140    15.5145     0.0005   4.416037   4.416720   0.000682    35.6535    35.6592     5.5510    26.3612    26.3655         23  0.000e+00
      67897  16.922986  -38.44986  -52.89134      0.142    1497.38     21.569     21.406    15.5176    15.5180     0.0003    15.5143    15.5146     0.0003   4.416037   4.416713   0.000676    35.6532    35.6590     5.5512    26.3609    26.3653         23  0.000e+00
      67898  16.922987  -38.44986  -52.89134      0.122    1497.38     21.535     21.372    15.5174    15.5177     0.0002    15.5141    15.5143     0.0002   4.416037   4.416713   0.000676    35.6534    35.6593     5.5513    26.3611    26.3656         24  0.000e+00
      67899  16.922987  -38.44986  -52.89134      0.105    1497.38     21.569     21.406    15.5174    15.5180     0.0005    15.5141    15.5146     0.0005   4.416037   4.416740   0.000703    35.6533    35.6592     5.5547    26.3611    26.3655         24  0.000e+00
      67900  16.922988  -38.44986  -52.89134      0.080    1497.38     21.480     21.317    15.5173    15.5180     0.0007    15.5140    15.5147     0.0007   4.416037   4.416754   0.000717    35.6535    35.6594     5.5519    26.3612    26.3656         24  0.000e+00
      67901  16.922988  -38.44986  -52.89134      0.058    1497.38     21.466     21.304    15.5176    15.5180     0.0003    15.5143    15.5146     0.0003   4.416037   4.416720   0.000682    35.6532    35.6591     5.5520    26.3609    26.3654         24  0.000e+00
      67902  16.922989  -38.44986  -52.89134      0.034    1497.38     21.480     21.317    15.5174    15.5180     0.0006    15.5141    15.5147     0.0006   4.416016   4.416685   0.000669    35.6532    35.6587     5.5554    26.3610    26.3651         24  0.000e+00
      67903  16.922989  -38.44986  -52.89134      0.015    1497.38     21.480     21.318    15.5171    15.5175     0.0004    15.5137    15.5141     0.0004   4.415965   4.416678   0.000713    35.6531    35.6592     5.5528    26.3609    26.3656         24  0.000e+00
      67904  16.922989  -38.44986  -52.89134     -0.005    1497.38     21.467     21.304    15.5172    15.5173     0.0001    15.5138    15.5140     0.0001   4.415930   4.416678   0.000749    35.6527    35.6593     5.5561    26.3606    26.3657         24  0.000e+00
      67905  16.922990  -38.44986  -52.89134     -0.027    1497.38     21.378     21.216    15.5168    15.5171     0.0004    15.5134    15.5138     0.0004   4.415901   4.416644   0.000743    35.6528    35.6592     5.5565    26.3608    26.3656         24  0.000e+00
      67906  16.922990  -38.44986  -52.89134     -0.049    1497.38     21.419     21.256    15.5171    15.5173     0.0002    15.5137    15.5140     0.0002   4.415886   4.416637   0.000750    35.6524    35.6590     5.5570    26.3604    26.3654         24  0.000e+00
      67907  16.922991  -38.44986  -52.89134     -0.068    1497.38     21.378     21.216    15.5168    15.5170     0.0002    15.5135    15.5137     0.0002   4.415908   4.416644   0.000736    35.6528    35.6593     5.5574    26.3608    26.3658         24  0.000e+00
      67908  16.922991  -38.44986  -52.89134     -0.089    1497.38     21.371     21.209    15.5171    15.5173     0.0002    15.5138    15.5140     0.0002   4.415901   4.416692   0.000791    35.6525    35.6595     5.5578    26.3605    26.3658         24  0.000e+00
      67909  16.922992  -38.44986  -52.89134     -0.110    1497.38     21.330     21.168    15.5168    15.5175     0.0007    15.5134    15.5142     0.0007   4.415628   4.416685   0.001057    35.6504    35.6593     5.5584    26.3589    26.3656         24  0.000e+00
      67910  16.922992  -38.44986  -52.89134     -0.131    1497.38     21.316     21.155    15.5169    15.5176     0.0007    15.5136    15.5143     0.0007   4.415822   4.416678   0.000856    35.6520    35.6591     5.5619    26.3601    26.3655         24  0.000e+00
      67911  16.922993  -38.44986  -52.89134     -0.148    1497.38     21.330     21.168    15.5170    15.5170    -0.0000    15.5137    15.5137    -0.0000   4.415944   4.416616   0.000672    35.6530    35.6591     5.5625    26.3609    26.3656         24  0.000e+00
      67912  16.922993  -38.44986  -52.89134     -0.171    1497.38     21.268     21.107    15.5171    15.5165    -0.0006    15.5138    15.5132    -0.0006   4.415937   4.416520   0.000583    35.6529    35.6587     5.5632    26.3608    26.3654         24  0.000e+00
      67913  16.922994  -38.44986  -52.89134     -0.190    1497.38     21.227     21.066    15.5169    15.5164    -0.0005    15.5136    15.5131    -0.0005   4.415894   4.416458   0.000564    35.6526    35.6582     5.5638    26.3606    26.3650         24  0.000e+00
      67914  16.922994  -38.44986  -52.89134     -0.207    1497.38     21.268     21.107    15.5168    15.5165    -0.0003    15.5135    15.5132    -0.0003   4.415886   4.416416   0.000530    35.6527    35.6578     5.5645    26.3607    26.3647         24  0.000e+00
      67915  16.922995  -38.44986  -52.89134     -0.224    1497.38     21.227     21.066    15.5169    15.5161    -0.0009    15.5136    15.5128    -0.0009   4.415886   4.416409   0.000523    35.6526    35.6581     5.5651    26.3606    26.3650         24  0.000e+00
      67916  16.922995  -38.44986  -52.89134     -0.246    1497.38     21.118     20.958    15.5166    15.5158    -0.0008    15.5133    15.5125    -0.0008   4.415886   4.416416   0.000530    35.6530    35.6585     5.5654    26.3609    26.3654         24  0.000e+00
      67917  16.922996  -38.44986  -52.89134     -0.261    1497.38     21.227     21.066    15.5164    15.5163    -0.0001    15.5131    15.5130    -0.0001   4.415800   4.416409   0.000609    35.6523    35.6579     5.5659    26.3605    26.3649         24  0.000e+00
      67918  16.922996  -38.44986  -52.89134     -0.274    1497.38     21.179     21.019    15.5159    15.5158    -0.0002    15.5127    15.5125    -0.0002   4.415707   4.416382   0.000675    35.6519    35.6581     5.5665    26.3603    26.3651         24  0.000e+00
      67919  16.922997  -38.44986  -52.89134     -0.293    1497.38     21.118     20.958    15.5157    15.5154    -0.0003    15.5124    15.5121    -0.0003   4.415650   4.416347   0.000698    35.6516    35.6582     5.5669    26.3601    26.3652         24  0.000e+00
      67920  16.922997  -38.44986  -52.89134     -0.310    1497.38     21.076     20.917    15.5156    15.5156    -0.0000    15.5123    15.5123    -0.0000   4.415592   4.416278   0.000686    35.6512    35.6574     5.5674    26.3598    26.3646         24  0.000e+00
      67921  16.922998  -38.44986  -52.89134     -0.322    1497.38     21.118     20.958    15.5153    15.5153     0.0000    15.5120    15.5120     0.0000   4.415607   4.416285   0.000679    35.6516    35.6577     5.5678    26.3602    26.3649         24  0.000e+00
      67922  16.922998  -38.44986  -52.89134     -0.337    1497.38     21.077     20.917    15.5150    15.5151     0.0000    15.5118    15.5118     0.0000   4.415571   4.416216   0.000646    35.6515    35.6573     5.5712    26.3602    26.3647         24  0.000e+00
      67923  16.922999  -38.44986  -52.89134     -0.352    1497.38     21.015     20.856    15.5150    15.5151     0.0001    15.5118    15.5118     0.0001   4.415542   4.416127   0.000585    35.6513    35.6565     5.5685    26.3600    26.3640         24  0.000e+00
      67924  16.922999  -38.44986  -52.89134     -0.363    1497.38     21.029     20.869    15.5148    15.5149     0.0000    15.5116    15.5116     0.0000   4.415564   4.416079   0.000515    35.6516    35.6563     5.5688    26.3603    26.3639         24  0.000e+00
      67925  16.923000  -38.44986  -52.89134     -0.375    1497.38     21.015     20.856    15.5148    15.5144    -0.0004    15.5115    15.5111    -0.0004   4.415549   4.416017   0.000467    35.6516    35.6561     5.5690    26.3603    26.3639         24  0.000e+00
      67926  16.923000  -38.44986  -52.89134     -0.389    1497.38     20.926     20.767    15.5147    15.5142    -0.0005    15.5115    15.5110    -0.0005   4.415549   4.415961   0.000412    35.6517    35.6558     5.5688    26.3604    26.3637         24  0.000e+00
      67927  16.923001  -38.44986  -52.89134     -0.401    1497.38     20.967     20.808    15.5145    15.5140    -0.0005    15.5113    15.5108    -0.0005   4.415427   4.415934   0.000507    35.6507    35.6557     5.5688    26.3597    26.3637         24  0.000e+00
      67928  16.923001  -38.44986  -52.89134     -0.407    1497.38     20.974     20.815    15.5146    15.5142    -0.0004    15.5113    15.5110    -0.0004   4.415413   4.415865   0.000452    35.6505    35.6550     5.5687    26.3595    26.3630         24  0.000e+00
      67929  16.923002  -38.44986  -52.89134     -0.416    1497.38     20.912     20.754    15.5144    15.5142    -0.0002    15.5111    15.5110    -0.0002   4.415384   4.415899   0.000515    35.6505    35.6553     5.5686    26.3596    26.3633         24  0.000e+00
      67930  16.923002  -38.44986  -52.89134     -0.427    1497.38     20.878     20.720    15.5142    15.5142     0.0000    15.5109    15.5110     0.0000   4.415355   4.415837   0.000482    35.6504    35.6547     5.5684    26.3595    26.3629         24  0.000e+00
      67931  16.923003  -38.44986  -52.89134     -0.432    1497.38     20.912     20.754    15.5144    15.5139    -0.0005    15.5111    15.5106    -0.0005   4.415291   4.415893   0.000602    35.6497    35.6555     5.5682    26.3589    26.3635         24  0.000e+00
      67932  16.923003  -38.44986  -52.89134     -0.443    1497.38     20.823     20.666    15.5142    15.5140    -0.0002    15.5110    15.5108    -0.0002   4.415334   4.415920   0.000586    35.6502    35.6557     5.5650    26.3594    26.3636         24  0.000e+00
      67933  16.923003  -38.44986  -52.89134     -0.449    1497.38     20.864     20.706    15.5140    15.5141     0.0000    15.5108    15.5108     0.0000   4.415334   4.415893   0.000559    35.6504    35.6554     5.5677    26.3595    26.3634         24  0.000e+00
      67934  16.923004  -38.44986  -52.89134     -0.456    1497.38     20.823     20.666    15.5140    15.5140     0.0000    15.5108    15.5108     0.0000   4.415291   4.415858   0.000567    35.6500    35.6551     5.5643    26.3592    26.3632         24  0.000e+00
      67935  16.923004  -38.44986  -52.89134     -0.458    1497.38     20.810     20.652    15.5140    15.5141     0.0000    15.5108    15.5108     0.0000   4.415248   4.415810   0.000562    35.6496    35.6547     5.5637    26.3589    26.3628         24  0.000e+00
      67936  16.923005  -38.44986  -52.89134     -0.467    1497.38     20.775     20.618    15.5140    15.5141     0.0000    15.5108    15.5108     0.0000   4.415248   4.415837   0.000590    35.6496    35.6549     5.5631    26.3589    26.3630         24  0.000e+00
      67937  16.923005  -38.44986  -52.89134     -0.470    1497.38     20.775     20.618    15.5139    15.5137    -0.0002    15.5106    15.5105    -0.0002   4.415241   4.415817   0.000576    35.6497    35.6551     5.5628    26.3591    26.3632         24  0.000e+00
