Pos-Processados/process_op38/operantar38_003b.ros
* Sea-Bird SBE 9 Data File:
* FileName = D:\OPERANTAR_XXXVIII\DADOS\OP38_003b.hdr
* Software Version Seasave V 7.12
* Temperature SN = 4808
* Conductivity SN = 3380
* Number of Bytes Per Scan = 31
* Number of Voltage Words = 2
* Number of Scans Averaged by the Deck Unit = 1
* NMEA Latitude = 39 32.86 S
* NMEA Longitude = 054 23.47 W
* NMEA UTC (Time) = Jan 17 2019 09:51:02
** H41
** NAVIO POLAR ALMIRANTE MAXIMIANO
** CRUZEIRO:
** OPERANTAR XXXVIII
** ESTAÇÃO: OP38_003b
** LAT 39º 32,86'S
** LONG 054º 23,47'W
** 09P73767-1155
** PROFUNDIDADE: 2920 m
** DATA/HORA: 170950Z/OUT/2019
** OPERADOR: SO-HN CHAVES
# nquan = 26
# nvalues = 1649                                  
# units = specified
# name 0 = scan: Scan Count
# name 1 = timeJ: Julian Days
# name 2 = latitude: Latitude [deg]
# name 3 = longitude: Longitude [deg]
# name 4 = dz/dtM: Descent Rate [m/s]
# name 5 = avgsvCM: Average Sound Velocity [Chen-Millero, m/s]
# name 6 = prDM: Pressure, Digiquartz [db]
# name 7 = depSM: Depth [salt water, m]
# name 8 = t090C: Temperature [ITS-90, deg C]
# name 9 = t190C: Temperature, 2 [ITS-90, deg C]
# name 10 = T2-T190C: Temperature Difference, 2 - 1 [ITS-90, deg C]
# name 11 = potemp090C: Potential Temperature [ITS-90, deg C]
# name 12 = potemp190C: Potential Temperature, 2 [ITS-90, deg C]
# name 13 = potemp90Cdiff: Potential Temperature, Diff, 2 - 1 [ITS-90, deg C]
# name 14 = c0S/m: Conductivity [S/m]
# name 15 = c1S/m: Conductivity, 2 [S/m]
# name 16 = C2-C1S/m: Conductivity Difference, 2 - 1 [S/m]
# name 17 = sal00: Salinity, Practical [PSU]
# name 18 = sal11: Salinity, Practical, 2 [PSU]
# name 19 = sbeox0ML/L: Oxygen, SBE 43 [ml/l]
# name 20 = sbeox1ML/L: Oxygen, SBE 43, 2 [ml/l]
# name 21 = sbeox0ML/Ldiff: Oxygen, SBE 43, Diff, 2 - 1 [ml/l]
# name 22 = sigma-é00: Density [sigma-theta, kg/m^3]
# name 23 = sigma-é11: Density, 2 [sigma-theta, kg/m^3]
# name 24 = nbf: Bottles Fired
# name 25 = flag:  0.000e+00
# interval = seconds: 0.0416667
# start_time = Jan 17 2019 09:51:02 [NMEA time, header]
# bad_flag = -9.990e-29
*END*
[from data line 1060]
       3646  17.412198  -39.54772  -54.39120      0.105    1474.69     35.627     35.352     6.0228     6.0656     0.0428     6.0198     6.0626     0.0427   3.358384   3.363356   0.004972    34.0756    34.0886     7.4003     7.0652    -0.3351    26.8197    26.8245          7  0.000e+00
       3647  17.412198  -39.54772  -54.39120      0.096    1474.69     35.579     35.305     6.0135     6.0648     0.0513     6.0105     6.0618     0.0513   3.357484   3.363233   0.005749    34.0749    34.0880     7.4022     7.0649    -0.3373    26.8203    26.8242          7  0.000e+00
       3648  17.412199  -39.54772  -54.39120      0.087    1474.69     35.579     35.305     6.0064     6.0583     0.0520     6.0034     6.0554     0.0519   3.357041   3.362399   0.005358    34.0771    34.0851     7.4035     7.0612    -0.3423    26.8229    26.8227          7  0.000e+00
       3649  17.412199  -39.54772  -54.39120      0.074    1474.69     35.531     35.257     6.0011     6.0393     0.0382     5.9981     6.0363     0.0382   3.356809   3.360366   0.003557    34.0798    34.0815     7.4045     7.0684    -0.3361    26.8257    26.8222          7  0.000e+00
       3650  17.412200  -39.54772  -54.39120      0.065    1474.69     35.579     35.305     5.9961     6.0193     0.0232     5.9931     6.0163     0.0232   3.356436   3.358452   0.002015    34.0806    34.0800     7.4056     7.0672    -0.3384    26.8270    26.8236          7  0.000e+00
       3651  17.412200  -39.54772  -54.39120      0.054    1474.69     35.572     35.298     5.9896     6.0067     0.0170     5.9867     6.0037     0.0170   3.355871   3.357600   0.001729    34.0808    34.0831     7.4070     7.0684    -0.3386    26.8280    26.8276          7  0.000e+00
       3652  17.412201  -39.54772  -54.39120      0.044    1474.69     35.531     35.257     5.9866     6.0011     0.0145     5.9836     5.9981     0.0145   3.356282   3.357816   0.001534    34.0885    34.0912     7.4074     7.0681    -0.3392    26.8344    26.8347          7  0.000e+00
       3653  17.412201  -39.54772  -54.39120      0.034    1474.69     35.531     35.257     6.0062     6.0152     0.0090     6.0033     6.0123     0.0090   3.358616   3.360323   0.001708    34.0950    34.1052     7.4035     7.0641    -0.3394    26.8371    26.8440          7  0.000e+00
       3654  17.412201  -39.54772  -54.39120      0.023    1474.69     35.531     35.257     6.0277     6.0451     0.0174     6.0248     6.0421     0.0174   3.361143   3.363573   0.002430    34.1018    34.1117     7.3988     7.0576    -0.3412    26.8398    26.8454          7  0.000e+00
       3655  17.412202  -39.54772  -54.39120      0.009    1474.69     35.476     35.203     6.0467     6.0688     0.0221     6.0437     6.0658     0.0221   3.362963   3.365445   0.002482    34.1033    34.1089     7.3954     7.0527    -0.3426    26.8385    26.8402          7  0.000e+00
       3656  17.412202  -39.54772  -54.39120      0.005    1474.69     35.572     35.298     6.0630     6.0832     0.0202     6.0600     6.0802     0.0202   3.364166   3.366261   0.002095    34.1003    34.1036     7.3927     7.0498    -0.3429    26.8341    26.8342          7  0.000e+00
       3657  17.412203  -39.54772  -54.39120     -0.012    1474.69     35.428     35.155     6.0748     6.0931     0.0182     6.0718     6.0901     0.0182   3.364880   3.366564   0.001684    34.0965    34.0971     7.3867     7.0477    -0.3391    26.8296    26.8278          7  0.000e+00
       3658  17.412203  -39.54772  -54.39120     -0.023    1474.69     35.476     35.203     6.0832     6.0986     0.0154     6.0802     6.0956     0.0154   3.365349   3.366854   0.001505    34.0934    34.0948     7.3852     7.0463    -0.3389    26.8261    26.8252          7  0.000e+00
       3659  17.412204  -39.54772  -54.39120     -0.033    1474.69     35.476     35.203     6.0906     6.1015     0.0110     6.0876     6.0985     0.0109   3.365890   3.367015   0.001125    34.0920    34.0936     7.3837     7.0453    -0.3384    26.8241    26.8240          7  0.000e+00
       3660  17.412204  -39.54772  -54.39120     -0.046    1474.69     35.429     35.156     6.0970     6.1036     0.0066     6.0941     6.1006     0.0066   3.366308   3.367138   0.000830    34.0902    34.0930     7.3825     7.0446    -0.3379    26.8218    26.8232          7  0.000e+00
       3661  17.412205  -39.54772  -54.39120     -0.059    1474.69     35.422     35.149     6.1016     6.1051     0.0035     6.0986     6.1021     0.0035   3.366424   3.367213   0.000789    34.0870    34.0923     7.3817     7.0394    -0.3423    26.8187    26.8225          7  0.000e+00
       3662  17.412205  -39.54772  -54.39120     -0.069    1474.69     35.429     35.156     6.1040     6.1064     0.0024     6.1010     6.1034     0.0024   3.366501   3.367213   0.000712    34.0854    34.0910     7.3772     7.0428    -0.3344    26.8172    26.8213          7  0.000e+00
       3663  17.412206  -39.54772  -54.39120     -0.081    1474.69     35.381     35.108     6.1056     6.1079     0.0024     6.1026     6.1050     0.0024   3.366617   3.367336   0.000719    34.0851    34.0909     7.3760     7.0423    -0.3337    26.8167    26.8209          7  0.000e+00
       3664  17.412206  -39.54772  -54.39120     -0.096    1474.69     35.381     35.108     6.1074     6.1094     0.0021     6.1044     6.1064     0.0021   3.366668   3.367497   0.000829    34.0839    34.0912     7.3753     7.0419    -0.3334    26.8156    26.8210          7  0.000e+00
       3665  17.412207  -39.54772  -54.39120     -0.107    1474.69     35.381     35.108     6.1080     6.1109     0.0028     6.1051     6.1079     0.0028   3.366655   3.367485   0.000829    34.0831    34.0896     7.3745     7.0370    -0.3374    26.8148    26.8196          7  0.000e+00
       3666  17.412207  -39.54772  -54.39120     -0.121    1474.69     35.326     35.054     6.1085     6.1094     0.0009     6.1055     6.1064     0.0009   3.366668   3.367268   0.000600    34.0828    34.0886     7.3736     7.0412    -0.3324    26.8145    26.8190          7  0.000e+00
       3667  17.412208  -39.54772  -54.39120     -0.131    1474.69     35.374     35.101     6.1085     6.1088     0.0003     6.1055     6.1058     0.0003   3.366655   3.367200   0.000545    34.0826    34.0885     7.3729     7.0368    -0.3361    26.8144    26.8190          7  0.000e+00
       3668  17.412208  -39.54772  -54.39120     -0.141    1474.69     35.326     35.054     6.1083     6.1078    -0.0005     6.1054     6.1048    -0.0005   3.366713   3.367157   0.000444    34.0835    34.0890     7.3681     7.0364    -0.3317    26.8151    26.8195          7  0.000e+00
       3669  17.412209  -39.54772  -54.39120     -0.156    1474.69     35.278     35.006     6.1088     6.1086    -0.0002     6.1058     6.1056    -0.0002   3.366758   3.367330   0.000572    34.0835    34.0902     7.3668     7.0357    -0.3312    26.8150    26.8203          7  0.000e+00
       3670  17.412209  -39.54772  -54.39120     -0.167    1474.69     35.278     35.006     6.1093     6.1099     0.0005     6.1064     6.1069     0.0005   3.366765   3.367522   0.000757    34.0831    34.0910     7.3657     7.0350    -0.3307    26.8146    26.8208          7  0.000e+00
       3671  17.412210  -39.54772  -54.39120     -0.178    1474.69     35.278     35.006     6.1088     6.1107     0.0019     6.1058     6.1077     0.0019   3.366630   3.367472   0.000842    34.0821    34.0896     7.3649     7.0346    -0.3302    26.8139    26.8196          7  0.000e+00
       3672  17.412210  -39.54772  -54.39120     -0.191    1474.69     35.271     34.999     6.1059     6.1096     0.0036     6.1030     6.1066     0.0036   3.366308   3.367188   0.000880    34.0814    34.0876     7.3645     7.0347    -0.3298    26.8137    26.8182          7  0.000e+00
       3673  17.412211  -39.54772  -54.39120     -0.202    1474.69     35.230     34.959     6.1024     6.1068     0.0045     6.0994     6.1039     0.0045   3.365896   3.366675   0.000779    34.0804    34.0846     7.3644     7.0306    -0.3337    26.8134    26.8161          7  0.000e+00
       3674  17.412211  -39.54772  -54.39120     -0.216    1474.69     35.175     34.904     6.0990     6.1033     0.0043     6.0960     6.1003     0.0043   3.365536   3.366298   0.000762    34.0797    34.0840     7.3642     7.0351    -0.3290    26.8133    26.8161          7  0.000e+00
       3675  17.412212  -39.54772  -54.39120     -0.225    1474.69     35.230     34.959     6.0963     6.1009     0.0046     6.0933     6.0979     0.0046   3.365253   3.366254   0.001002    34.0793    34.0859     7.3640     7.0356    -0.3284    26.8133    26.8179          7  0.000e+00
       3676  17.412212  -39.54772  -54.39120     -0.237    1474.69     35.175     34.904     6.0935     6.0982     0.0047     6.0905     6.0953     0.0047   3.365137   3.366026   0.000889    34.0808    34.0860     7.3596     7.0362    -0.3234    26.8148    26.8183          7  0.000e+00
       3677  17.412213  -39.54772  -54.39120     -0.251    1474.69     35.121     34.850     6.0919     6.0954     0.0035     6.0889     6.0924     0.0035   3.365040   3.365840   0.000800    34.0813    34.0868     7.3588     7.0369    -0.3219    26.8155    26.8193          7  0.000e+00
       3678  17.412213  -39.54772  -54.39120     -0.260    1474.69     35.127     34.857     6.0906     6.0930     0.0024     6.0876     6.0900     0.0024   3.364892   3.365636   0.000744    34.0810    34.0869     7.3622     7.0377    -0.3245    26.8153    26.8197          7  0.000e+00
       3679  17.412214  -39.54772  -54.39120     -0.271    1474.69     35.127     34.857     6.0857     6.0928     0.0071     6.0828     6.0899     0.0071   3.364307   3.365593   0.001286    34.0793    34.0866     7.3586     7.0382    -0.3204    26.8146    26.8195          7  0.000e+00
       3680  17.412214  -39.54772  -54.39120     -0.280    1474.69     35.127     34.857     6.0793     6.0939     0.0146     6.0763     6.0909     0.0146   3.363303   3.365970   0.002667    34.0745    34.0898     7.3596     7.0383    -0.3213    26.8117    26.8219          7  0.000e+00
       3681  17.412215  -39.54772  -54.39120     -0.288    1474.69     35.073     34.802     6.0705     6.0989     0.0284     6.0676     6.0960     0.0284   3.362409   3.366656   0.004247    34.0732    34.0924     7.3605     7.0379    -0.3227    26.8118    26.8233          7  0.000e+00
       3682  17.412215  -39.54772  -54.39120     -0.299    1474.69     35.073     34.802     6.0652     6.1044     0.0392     6.0623     6.1015     0.0392   3.362191   3.367194   0.005003    34.0761    34.0929     7.3612     7.0376    -0.3236    26.8147    26.8230          7  0.000e+00
       3683  17.412215  -39.54772  -54.39120     -0.310    1474.69     35.025     34.755     6.0641     6.1081     0.0440     6.0611     6.1052     0.0440   3.362474   3.367553   0.005079    34.0805    34.0933     7.3606     7.0376    -0.3230    26.8183    26.8228          7  0.000e+00
       3684  17.412216  -39.54772  -54.39120     -0.320    1474.69     35.025     34.755     6.0654     6.1118     0.0464     6.0624     6.1089     0.0464   3.362892   3.367781   0.004889    34.0839    34.0921     7.3596     7.0379    -0.3218    26.8208    26.8214          7  0.000e+00
       3685  17.412216  -39.54772  -54.39120     -0.328    1474.69     34.977     34.707     6.0670     6.1139     0.0469     6.0641     6.1110     0.0469   3.363136   3.367837   0.004701    34.0850    34.0907     7.3588     7.0385    -0.3203    26.8215    26.8200          7  0.000e+00
       3686  17.412217  -39.54772  -54.39120     -0.338    1474.69     34.977     34.707     6.0685     6.1141     0.0456     6.0655     6.1112     0.0456   3.363271   3.367812   0.004541    34.0851    34.0902     7.3587     7.0388    -0.3199    26.8214    26.8196          7  0.000e+00
       3687  17.412217  -39.54772  -54.39120     -0.347    1474.69     35.018     34.748     6.0704     6.1149     0.0445     6.0675     6.1119     0.0445   3.363426   3.367899   0.004473    34.0848    34.0904     7.3586     7.0390    -0.3195    26.8209    26.8197          7  0.000e+00
       3688  17.412218  -39.54772  -54.39120     -0.353    1474.69     34.922     34.653     6.0709     6.1160     0.0452     6.0679     6.1131     0.0452   3.363413   3.367911   0.004498    34.0843    34.0894     7.3583     7.0392    -0.3191    26.8204    26.8188          7  0.000e+00
       3689  17.412218  -39.54772  -54.39120     -0.361    1474.69     34.922     34.653     6.0699     6.1159     0.0459     6.0670     6.1129     0.0459   3.363188   3.367305   0.004118    34.0827    34.0828     7.3543     7.0401    -0.3143    26.8193    26.8136          7  0.000e+00
       3690  17.412219  -39.54772  -54.39120     -0.371    1474.69     34.874     34.605     6.0668     6.1038     0.0369     6.0639     6.1008     0.0369   3.362937   3.365927   0.002990    34.0830    34.0795     7.3544     7.0429    -0.3115    26.8199    26.8125          7  0.000e+00
       3691  17.412219  -39.54772  -54.39120     -0.375    1474.69     34.922     34.653     6.0657     6.0933     0.0276     6.0628     6.0904     0.0276   3.362879   3.365136   0.002257    34.0834    34.0811     7.3543     7.0408    -0.3135    26.8205    26.8151          7  0.000e+00
       3692  17.412220  -39.54772  -54.39120     -0.384    1474.69     34.867     34.599     6.0654     6.0881     0.0228     6.0625     6.0852     0.0228   3.362924   3.364901   0.001977    34.0843    34.0836     7.3540     7.0461    -0.3079    26.8212    26.8178          7  0.000e+00
       3693  17.412220  -39.54772  -54.39120     -0.388    1474.69     34.874     34.606     6.0651     6.0843     0.0193     6.0621     6.0814     0.0192   3.362962   3.364722   0.001759    34.0850    34.0855     7.3580     7.0475    -0.3105    26.8218    26.8197          7  0.000e+00
       3694  17.412221  -39.54772  -54.39120     -0.396    1474.69     34.826     34.558     6.0662     6.0806     0.0144     6.0633     6.0777     0.0144   3.363104   3.364505   0.001401    34.0855    34.0868     7.3540     7.0489    -0.3051    26.8220    26.8212          7  0.000e+00
       3695  17.412221  -39.54772  -54.39120     -0.399    1474.69     34.826     34.558     6.0677     6.0762     0.0085     6.0648     6.0733     0.0085   3.363291   3.364153   0.000863    34.0861    34.0872     7.3537     7.0505    -0.3032    26.8223    26.8221          7  0.000e+00
       3696  17.412222  -39.54772  -54.39120     -0.406    1474.69     34.772     34.504     6.0696     6.0732     0.0036     6.0667     6.0702     0.0036   3.363400   3.364011   0.000611    34.0854    34.0887     7.3534     7.0519    -0.3016    26.8215    26.8237          7  0.000e+00
       3697  17.412222  -39.54772  -54.39120     -0.412    1474.69     34.765     34.497     6.0707     6.0748     0.0041     6.0678     6.0719     0.0041   3.363574   3.364468   0.000895    34.0863    34.0923     7.3534     7.0517    -0.3017    26.8221    26.8263          7  0.000e+00
       3698  17.412223  -39.54772  -54.39120     -0.415    1474.69     34.826     34.558     6.0736     6.0804     0.0068     6.0707     6.0775     0.0068   3.363972   3.365210   0.001238    34.0878    34.0949     7.3532     7.0516    -0.3016    26.8229    26.8277          7  0.000e+00
       3699  17.412223  -39.54772  -54.39120     -0.419    1474.69     34.724     34.456     6.0785     6.0847     0.0062     6.0756     6.0817     0.0062   3.364436   3.365550   0.001114    34.0882    34.0945     7.3525     7.0465    -0.3060    26.8226    26.8268          7  0.000e+00
