Pos-Processados/process_op38/operantar38_022.ros
* Sea-Bird SBE 9 Data File:
* FileName = D:\OPERANTAR_XXXVIII\DADOS\OP38_022.hdr
* Software Version Seasave V 7.18c
* Temperature SN = 4808
* Conductivity SN = 3380
* Number of Bytes Per Scan = 34
* Number of Voltage Words = 3
* Number of Scans Averaged by the Deck Unit = 1
* NMEA Latitude = 62 12.34 S
* NMEA Longitude = 058 18.00 W
* NMEA UTC (Time) = Nov 22 2019 17:26:52
** H41
** NAVIO POLAR ALMIRANTE MAXIMIANO
** CRUZEIRO:
** OPERANTAR XXXVIII
** ESTAÇÃO: OP38_022
** LAT 62 12,33'S
** LONG 058 18,01'W
** 09P73767-1155_A
** PROFUNDIDADE: 200
** DATA/HORA: 221727Z/NOV/2019
** OPERADOR: SO-HN CHAVES
# nquan = 26
# nvalues = 1406                                  
# units = specified
# name 0 = scan: Scan Count
# name 1 = timeJ: Julian Days
# name 2 = latitude: Latitude [deg]
# name 3 = longitude: Longitude [deg]
# name 4 = dz/dtM: Descent Rate [m/s]
# name 5 = avgsvCM: Average Sound Velocity [Chen-Millero, m/s]
# name 6 = prDM: Pressure, Digiquartz [db]
# name 7 = depSM: Depth [salt water, m]
# name 8 = t090C: Temperature [ITS-90, deg C]
# name 9 = t190C: Temperature, 2 [ITS-90, deg C]
# name 10 = T2-T190C: Temperature Difference, 2 - 1 [ITS-90, deg C]
# name 11 = potemp090C: Potential Temperature [ITS-90, deg C]
# name 12 = potemp190C: Potential Temperature, 2 [ITS-90, deg C]
# name 13 = potemp90Cdiff: Potential Temperature, Diff, 2 - 1 [ITS-90, deg C]
# name 14 = c0S/m: Conductivity [S/m]
# name 15 = c1S/m: Conductivity, 2 [S/m]
# name 16 = C2-C1S/m: Conductivity Difference, 2 - 1 [S/m]
# name 17 = sal00: Salinity, Practical [PSU]
# name 18 = sal11: Salinity, Practical, 2 [PSU]
# name 19 = sbeox0ML/L: Oxygen, SBE 43 [ml/l]
# name 20 = sbeox1ML/L: Oxygen, SBE 43, 2 [ml/l]
# name 21 = sbeox0ML/Ldiff: Oxygen, SBE 43, Diff, 2 - 1 [ml/l]
# name 22 = sigma-é00: Density [sigma-theta, kg/m^3]
# name 23 = sigma-é11: Density, 2 [sigma-theta, kg/m^3]
# name 24 = nbf: Bottles Fired
# name 25 = flag:  0.000e+00
# interval = seconds: 0.0416667
# start_time = Nov 22 2019 17:26:52 [NMEA time, header]
# bad_flag = -9.990e-29
*END*
[from data line 614]
      23597 326.738370  -62.20580  -58.30020      0.034    1447.10      3.841      3.805    -0.1574    -0.1566     0.0007    -0.1575    -0.1568     0.0007   2.825016   2.825476   0.000460    34.1292    34.1346     7.7115     7.4295    -0.2820    27.4112    27.4154          4  0.000e+00
      23598 326.738370  -62.20580  -58.30020      0.033    1447.10      3.841      3.805    -0.1571    -0.1569     0.0002    -0.1573    -0.1571     0.0002   2.825016   2.825430   0.000414    34.1290    34.1343     7.7113     7.4337    -0.2777    27.4110    27.4152          4  0.000e+00
      23599 326.738371  -62.20580  -58.30020      0.036    1447.10      3.889      3.852    -0.1572    -0.1568     0.0004    -0.1573    -0.1569     0.0004   2.824998   2.825395   0.000397    34.1288    34.1336     7.7113     7.4388    -0.2724    27.4108    27.4147          4  0.000e+00
      23600 326.738371  -62.20580  -58.30020      0.035    1447.10      3.842      3.805    -0.1575    -0.1576    -0.0001    -0.1576    -0.1577    -0.0001   2.825028   2.825424   0.000396    34.1295    34.1349     7.7110     7.4301    -0.2809    27.4114    27.4158          4  0.000e+00
      23601 326.738372  -62.20580  -58.30020      0.037    1447.10      3.842      3.805    -0.1572    -0.1569     0.0003    -0.1573    -0.1571     0.0003   2.825004   2.825488   0.000484    34.1289    34.1351     7.7108     7.4352    -0.2756    27.4109    27.4159          4  0.000e+00
      23602 326.738372  -62.20580  -58.30020      0.036    1447.10      3.842      3.805    -0.1576    -0.1577    -0.0001    -0.1577    -0.1578    -0.0001   2.825010   2.825453   0.000443    34.1294    34.1354     7.7106     7.4404    -0.2702    27.4113    27.4162          4  0.000e+00
      23603 326.738373  -62.20580  -58.30020      0.035    1447.10      3.842      3.805    -0.1575    -0.1573     0.0003    -0.1577    -0.1574     0.0003   2.824998   2.825383   0.000386    34.1292    34.1340     7.7103     7.4340    -0.2764    27.4112    27.4151          4  0.000e+00
      23604 326.738373  -62.20580  -58.30020      0.033    1447.10      3.842      3.805    -0.1576    -0.1576     0.0000    -0.1577    -0.1577     0.0000   2.824992   2.825418   0.000427    34.1292    34.1348     7.7108     7.4275    -0.2833    27.4111    27.4157          4  0.000e+00
      23605 326.738374  -62.20580  -58.30020      0.035    1447.10      3.889      3.852    -0.1574    -0.1571     0.0003    -0.1575    -0.1572     0.0003   2.825010   2.825482   0.000472    34.1291    34.1351     7.7156     7.4278    -0.2877    27.4111    27.4159          4  0.000e+00
      23606 326.738374  -62.20580  -58.30020      0.036    1447.10      3.842      3.805    -0.1578    -0.1567     0.0011    -0.1579    -0.1568     0.0011   2.824998   2.825499   0.000502    34.1295    34.1349     7.7109     7.4385    -0.2724    27.4114    27.4157          4  0.000e+00
      23607 326.738375  -62.20580  -58.30020      0.035    1447.10      3.842      3.805    -0.1577    -0.1566     0.0011    -0.1578    -0.1568     0.0011   2.825010   2.825476   0.000466    34.1295    34.1346     7.7113     7.4332    -0.2781    27.4114    27.4154          4  0.000e+00
      23608 326.738375  -62.20580  -58.30020      0.035    1447.10      3.889      3.852    -0.1578    -0.1566     0.0011    -0.1579    -0.1568     0.0011   2.824998   2.825407   0.000409    34.1294    34.1336     7.7109     7.4268    -0.2842    27.4113    27.4147          4  0.000e+00
      23609 326.738376  -62.20580  -58.30020      0.030    1447.10      3.787      3.750    -0.1577    -0.1565     0.0013    -0.1578    -0.1566     0.0013   2.825010   2.825424   0.000414    34.1296    34.1337     7.7053     7.4385    -0.2668    27.4115    27.4147          4  0.000e+00
      23610 326.738376  -62.20580  -58.30020      0.028    1447.10      3.890      3.852    -0.1576    -0.1562     0.0014    -0.1577    -0.1563     0.0014   2.825016   2.825499   0.000483    34.1295    34.1343     7.7093     7.4399    -0.2693    27.4114    27.4152          4  0.000e+00
      23611 326.738377  -62.20580  -58.30020      0.026    1447.10      3.787      3.750    -0.1575    -0.1568     0.0008    -0.1577    -0.1569     0.0008   2.824998   2.825505   0.000507    34.1292    34.1351     7.7087     7.4288    -0.2800    27.4112    27.4159          4  0.000e+00
      23612 326.738377  -62.20580  -58.30020      0.026    1447.10      3.890      3.852    -0.1575    -0.1568     0.0007    -0.1576    -0.1569     0.0007   2.825010   2.825453   0.000443    34.1293    34.1344     7.7091     7.4281    -0.2810    27.4112    27.4153          4  0.000e+00
      23613 326.738378  -62.20580  -58.30020      0.027    1447.10      3.842      3.805    -0.1577    -0.1567     0.0011    -0.1578    -0.1568     0.0011   2.825034   2.825424   0.000390    34.1299    34.1339     7.7093     7.4399    -0.2694    27.4117    27.4149          4  0.000e+00
      23614 326.738378  -62.20580  -58.30020      0.021    1447.10      3.842      3.805    -0.1575    -0.1568     0.0007    -0.1576    -0.1569     0.0007   2.825046   2.825418   0.000372    34.1298    34.1339     7.7096     7.4357    -0.2739    27.4116    27.4149          4  0.000e+00
      23615 326.738379  -62.20580  -58.30020      0.022    1447.10      3.842      3.805    -0.1572    -0.1571     0.0001    -0.1573    -0.1572     0.0001   2.825046   2.825493   0.000448    34.1295    34.1353     7.7098     7.4292    -0.2806    27.4113    27.4160          4  0.000e+00
      23616 326.738379  -62.20580  -58.30020      0.019    1447.10      3.842      3.805    -0.1570    -0.1571    -0.0001    -0.1572    -0.1572    -0.0001   2.825082   2.825505   0.000423    34.1297    34.1354     7.7100     7.4296    -0.2804    27.4116    27.4162          4  0.000e+00
      23617 326.738380  -62.20580  -58.30020      0.019    1447.10      3.842      3.805    -0.1569    -0.1567     0.0002    -0.1570    -0.1568     0.0002   2.825076   2.825453   0.000377    34.1295    34.1343     7.7095     7.4346    -0.2749    27.4114    27.4152          5  0.000e+00
      23618 326.738380  -62.20580  -58.30020      0.016    1447.10      3.842      3.805    -0.1567    -0.1566     0.0000    -0.1568    -0.1568     0.0000   2.825088   2.825401   0.000313    34.1294    34.1335     7.7089     7.4340    -0.2749    27.4113    27.4146          5  0.000e+00
      23619 326.738381  -62.20580  -58.30020      0.013    1447.10      3.842      3.805    -0.1567    -0.1574    -0.0007    -0.1569    -0.1575    -0.0007   2.825100   2.825407   0.000307    34.1297    34.1345     7.7084     7.4277    -0.2807    27.4115    27.4154          5  0.000e+00
      23620 326.738381  -62.20580  -58.30020      0.013    1447.10      3.842      3.805    -0.1567    -0.1573    -0.0006    -0.1568    -0.1574    -0.0006   2.825076   2.825453   0.000377    34.1293    34.1350     7.7128     7.4258    -0.2871    27.4112    27.4158          5  0.000e+00
      23621 326.738382  -62.20580  -58.30020      0.010    1447.10      3.842      3.805    -0.1566    -0.1574    -0.0008    -0.1567    -0.1575    -0.0008   2.825088   2.825476   0.000388    34.1294    34.1354     7.7129     7.4262    -0.2867    27.4112    27.4162          5  0.000e+00
      23622 326.738382  -62.20580  -58.30020      0.010    1447.10      3.842      3.805    -0.1564    -0.1574    -0.0010    -0.1565    -0.1575    -0.0010   2.825100   2.825412   0.000312    34.1293    34.1346     7.7129     7.4371    -0.2758    27.4112    27.4155          5  0.000e+00
      23623 326.738383  -62.20580  -58.30020      0.007    1447.10      3.842      3.805    -0.1563    -0.1571    -0.0008    -0.1564    -0.1572    -0.0008   2.825100   2.825349   0.000249    34.1291    34.1334     7.7129     7.4318    -0.2810    27.4110    27.4145          5  0.000e+00
      23624 326.738383  -62.20580  -58.30020      0.006    1447.10      3.842      3.805    -0.1562    -0.1584    -0.0022    -0.1563    -0.1585    -0.0022   2.825076   2.825355   0.000279    34.1288    34.1349     7.7135     7.4336    -0.2800    27.4107    27.4158          5  0.000e+00
      23625 326.738383  -62.20580  -58.30020      0.006    1447.10      3.842      3.805    -0.1562    -0.1585    -0.0023    -0.1563    -0.1586    -0.0023   2.825088   2.825441   0.000353    34.1289    34.1362     7.7091     7.4397    -0.2694    27.4109    27.4168          5  0.000e+00
      23626 326.738384  -62.20580  -58.30020     -0.000    1447.10      3.787      3.751    -0.1563    -0.1577    -0.0014    -0.1564    -0.1578    -0.0014   2.825100   2.825435   0.000336    34.1292    34.1352     7.7090     7.4342    -0.2748    27.4111    27.4160          5  0.000e+00
      23627 326.738384  -62.20580  -58.30020     -0.001    1447.10      3.842      3.805    -0.1561    -0.1579    -0.0018    -0.1562    -0.1580    -0.0018   2.825118   2.825395   0.000277    34.1292    34.1349     7.7140     7.4278    -0.2862    27.4111    27.4158          5  0.000e+00
      23628 326.738385  -62.20580  -58.30020     -0.001    1447.10      3.842      3.805    -0.1563    -0.1579    -0.0016    -0.1564    -0.1580    -0.0016   2.825106   2.825349   0.000243    34.1292    34.1342     7.7146     7.4271    -0.2875    27.4111    27.4152          5  0.000e+00
      23629 326.738385  -62.20580  -58.30020     -0.001    1447.10      3.842      3.805    -0.1561    -0.1583    -0.0022    -0.1562    -0.1584    -0.0022   2.825136   2.825395   0.000259    34.1294    34.1354     7.7101     7.4333    -0.2768    27.4113    27.4162          5  0.000e+00
      23630 326.738386  -62.20580  -58.30020     -0.002    1447.10      3.890      3.852    -0.1561    -0.1579    -0.0018    -0.1562    -0.1580    -0.0018   2.825112   2.825436   0.000324    34.1291    34.1354     7.7100     7.4383    -0.2717    27.4110    27.4162          5  0.000e+00
      23631 326.738386  -62.20580  -58.30020     -0.002    1447.10      3.842      3.805    -0.1561    -0.1583    -0.0022    -0.1562    -0.1584    -0.0022   2.825136   2.825407   0.000271    34.1294    34.1355     7.7148     7.4272    -0.2876    27.4113    27.4163          5  0.000e+00
      23632 326.738387  -62.20580  -58.30020     -0.002    1447.10      3.842      3.805    -0.1561    -0.1586    -0.0025    -0.1562    -0.1588    -0.0025   2.825130   2.825331   0.000201    34.1293    34.1349     7.7154     7.4266    -0.2888    27.4112    27.4158          5  0.000e+00
      23633 326.738387  -62.20580  -58.30020     -0.006    1447.10      3.787      3.751    -0.1564    -0.1585    -0.0021    -0.1565    -0.1586    -0.0021   2.825082   2.825308   0.000226    34.1291    34.1344     7.7159     7.4258    -0.2901    27.4110    27.4154          5  0.000e+00
      23634 326.738388  -62.20580  -58.30020     -0.004    1447.10      3.890      3.852    -0.1561    -0.1585    -0.0024    -0.1562    -0.1586    -0.0024   2.825088   2.825366   0.000278    34.1288    34.1352     7.7114     7.4356    -0.2759    27.4107    27.4160          5  0.000e+00
      23635 326.738388  -62.20580  -58.30020     -0.004    1447.10      3.842      3.805    -0.1564    -0.1585    -0.0021    -0.1565    -0.1586    -0.0021   2.825076   2.825372   0.000296    34.1289    34.1352     7.7162     7.4313    -0.2850    27.4109    27.4161          5  0.000e+00
      23636 326.738389  -62.20580  -58.30020     -0.004    1447.10      3.842      3.805    -0.1565    -0.1586    -0.0022    -0.1566    -0.1588    -0.0022   2.825088   2.825320   0.000232    34.1292    34.1347     7.7167     7.4260    -0.2907    27.4111    27.4157          5  0.000e+00
      23637 326.738389  -62.20580  -58.30020     -0.005    1447.10      3.842      3.805    -0.1566    -0.1591    -0.0026    -0.1567    -0.1593    -0.0026   2.825058   2.825268   0.000210    34.1289    34.1346     7.7164     7.4243    -0.2922    27.4109    27.4156          5  0.000e+00
      23638 326.738390  -62.20580  -58.30020     -0.002    1447.10      3.890      3.852    -0.1565    -0.1588    -0.0023    -0.1566    -0.1589    -0.0023   2.825082   2.825256   0.000174    34.1291    34.1340     7.7160     7.4339    -0.2822    27.4110    27.4151          5  0.000e+00
      23639 326.738390  -62.20580  -58.30020     -0.003    1447.10      3.842      3.805    -0.1566    -0.1594    -0.0029    -0.1567    -0.1595    -0.0029   2.825076   2.825314   0.000238    34.1291    34.1355     7.7163     7.4296    -0.2867    27.4111    27.4163          5  0.000e+00
      23640 326.738391  -62.20580  -58.30020     -0.003    1447.10      3.842      3.805    -0.1567    -0.1599    -0.0032    -0.1569    -0.1600    -0.0032   2.825070   2.825343   0.000273    34.1293    34.1365     7.7166     7.4254    -0.2912    27.4112    27.4171          5  0.000e+00
      23641 326.738391  -62.20580  -58.30020     -0.001    1447.10      3.890      3.852    -0.1566    -0.1596    -0.0030    -0.1567    -0.1597    -0.0030   2.825070   2.825297   0.000227    34.1290    34.1354     7.7169     7.4247    -0.2922    27.4110    27.4163          5  0.000e+00
      23642 326.738392  -62.20580  -58.30020     -0.002    1447.10      3.842      3.805    -0.1566    -0.1589    -0.0023    -0.1567    -0.1591    -0.0023   2.825070   2.825262   0.000192    34.1291    34.1343     7.7171     7.4171    -0.3000    27.4110    27.4153          5  0.000e+00
      23643 326.738392  -62.20580  -58.30020      0.003    1447.10      3.890      3.852    -0.1566    -0.1591    -0.0025    -0.1567    -0.1592    -0.0025   2.825070   2.825274   0.000204    34.1290    34.1346     7.7173     7.4269    -0.2904    27.4110    27.4156          5  0.000e+00
      23644 326.738393  -62.20580  -58.30020      0.003    1447.10      3.842      3.805    -0.1567    -0.1593    -0.0026    -0.1569    -0.1594    -0.0026   2.825052   2.825320   0.000268    34.1290    34.1355     7.7174     7.4342    -0.2832    27.4110    27.4163          5  0.000e+00
      23645 326.738393  -62.20580  -58.30020      0.005    1447.10      3.890      3.852    -0.1571    -0.1592    -0.0021    -0.1573    -0.1594    -0.0021   2.825046   2.825360   0.000315    34.1294    34.1359     7.7126     7.4301    -0.2825    27.4113    27.4167          5  0.000e+00
      23646 326.738394  -62.20580  -58.30020      0.004    1447.10      3.842      3.805    -0.1572    -0.1589    -0.0017    -0.1573    -0.1591    -0.0017   2.825046   2.825285   0.000239    34.1295    34.1346     7.7120     7.4237    -0.2883    27.4113    27.4156          5  0.000e+00
      23647 326.738394  -62.20580  -58.30020      0.006    1447.10      3.890      3.852    -0.1573    -0.1591    -0.0018    -0.1574    -0.1593    -0.0018   2.825046   2.825256   0.000210    34.1296    34.1344     7.7114     7.4232    -0.2882    27.4114    27.4154          5  0.000e+00
      23648 326.738395  -62.20580  -58.30020      0.011    1447.10      3.890      3.852    -0.1572    -0.1589    -0.0017    -0.1573    -0.1591    -0.0017   2.825046   2.825239   0.000193    34.1294    34.1339     7.7108     7.4238    -0.2870    27.4113    27.4151          5  0.000e+00
      23649 326.738395  -62.20580  -58.30020      0.013    1447.10      3.890      3.852    -0.1573    -0.1591    -0.0018    -0.1574    -0.1592    -0.0018   2.825004   2.825285   0.000282    34.1290    34.1348     7.7102     7.4336    -0.2766    27.4110    27.4157          5  0.000e+00
      23650 326.738396  -62.20580  -58.30020      0.015    1447.10      3.890      3.852    -0.1577    -0.1593    -0.0016    -0.1578    -0.1594    -0.0016   2.824992   2.825274   0.000282    34.1293    34.1348     7.7097     7.4296    -0.2801    27.4112    27.4158          5  0.000e+00
