Pos-Processados/process_op38/operantar38_015.ros
* Sea-Bird SBE 9 Data File:
* FileName = D:\OPERANTAR_XXXVIII\DADOS\OP38_015.hdr
* Software Version Seasave V 7.18c
* Temperature SN = 4808
* Conductivity SN = 3380
* Number of Bytes Per Scan = 34
* Number of Voltage Words = 3
* Number of Scans Averaged by the Deck Unit = 1
* NMEA Latitude = 62 18.48 S
* NMEA Longitude = 058 32.77 W
* NMEA UTC (Time) = Nov 05 2019 09:00:03
** H41
** NAVIO POLAR ALMIRANTE MAXIMIANO
** CRUZEIRO:
** OPERANTAR XXXVIII
** ESTAÇÃO: OP38_015
** LAT 62 18,48' S
** LONG 058 32,80' W
** 09P73767-1155_A
** PROFUNDIDADE: 353
** DATA/HORA: 050900Z/NOV/2019
** OPERADOR: SO-HN CHAVES
# nquan = 27
# nvalues = 2077                                  
# units = specified
# name 0 = scan: Scan Count
# name 1 = timeJ: Julian Days
# name 2 = latitude: Latitude [deg]
# name 3 = longitude: Longitude [deg]
# name 4 = dz/dtM: Descent Rate [m/s]
# name 5 = avgsvCM: Average Sound Velocity [Chen-Millero, m/s]
# name 6 = prDM: Pressure, Digiquartz [db]
# name 7 = depSM: Depth [salt water, m]
# name 8 = t090C: Temperature [ITS-90, deg C]
# name 9 = t190C: Temperature, 2 [ITS-90, deg C]
# name 10 = T2-T190C: Temperature Difference, 2 - 1 [ITS-90, deg C]
# name 11 = potemp090C: Potential Temperature [ITS-90, deg C]
# name 12 = potemp190C: Potential Temperature, 2 [ITS-90, deg C]
# name 13 = potemp90Cdiff: Potential Temperature, Diff, 2 - 1 [ITS-90, deg C]
# name 14 = c0S/m: Conductivity [S/m]
# name 15 = c1S/m: Conductivity, 2 [S/m]
# name 16 = C2-C1S/m: Conductivity Difference, 2 - 1 [S/m]
# name 17 = sal00: Salinity, Practical [PSU]
# name 18 = sal11: Salinity, Practical, 2 [PSU]
# name 19 = sbeox0ML/L: Oxygen, SBE 43 [ml/l]
# name 20 = sigma-é00: Density [sigma-theta, kg/m^3]
# name 21 = sigma-é11: Density, 2 [sigma-theta, kg/m^3]
# name 22 = sbox0Mm/Kg: Oxygen, SBE 43 [umol/kg]
# name 23 = oxsolMm/Kg: Oxygen Saturation, Garcia & Gordon [umol/kg]
# name 24 = oxsatMm/Kg: Oxygen Saturation, Weiss [umol/kg]
# name 25 = nbf: Bottles Fired
# name 26 = flag:  0.000e+00
# interval = seconds: 0.0416667
# start_time = Nov 05 2019 09:00:03 [NMEA time, header]
# bad_flag = -9.990e-29
*END*
[from data line 323]
      24326 309.386766  -62.30810  -58.54616     -0.012    1447.29      2.045      2.025    -0.8042    -0.8040     0.0002    -0.8043    -0.8041     0.0002   2.772220   2.772672   0.000452    34.1493    34.1552     7.6768    27.4563    27.4611    333.683  357.74804  359.38970          2  0.000e+00
      24327 309.386766  -62.30810  -58.54616     -0.009    1447.29      2.113      2.093    -0.8041    -0.8039     0.0002    -0.8041    -0.8039     0.0002   2.772244   2.772678   0.000434    34.1494    34.1550     7.6768    27.4564    27.4609    333.684  357.74615  359.38778          2  0.000e+00
      24328 309.386766  -62.30810  -58.54616     -0.004    1447.29      2.100      2.079    -0.8042    -0.8034     0.0008    -0.8042    -0.8035     0.0008   2.772232   2.772672   0.000440    34.1494    34.1545     7.6768    27.4564    27.4604    333.685  357.74731  359.38896          2  0.000e+00
      24329 309.386767  -62.30810  -58.54616     -0.002    1447.29      2.100      2.079    -0.8042    -0.8037     0.0005    -0.8043    -0.8038     0.0005   2.772208   2.772689   0.000481    34.1491    34.1550     7.6768    27.4561    27.4609    333.686  357.74859  359.39024          2  0.000e+00
      24330 309.386767  -62.30810  -58.54616      0.001    1447.29      2.099      2.079    -0.8044    -0.8029     0.0015    -0.8045    -0.8030     0.0015   2.772202   2.772712   0.000510    34.1492    34.1545     7.6769    27.4562    27.4604    333.688  357.74992  359.39161          2  0.000e+00
      24331 309.386768  -62.30810  -58.54616      0.004    1447.29      2.100      2.079    -0.8041    -0.8031     0.0010    -0.8041    -0.8031     0.0010   2.772202   2.772683   0.000482    34.1488    34.1543     7.6768    27.4559    27.4603    333.685  357.74772  359.38932          2  0.000e+00
      24332 309.386768  -62.30810  -58.54616      0.006    1447.29      2.099      2.079    -0.8044    -0.8028     0.0016    -0.8044    -0.8028     0.0016   2.772178   2.772706   0.000529    34.1488    34.1542     7.6769    27.4559    27.4602    333.688  357.75046  359.39212          2  0.000e+00
      24333 309.386769  -62.30810  -58.54616      0.008    1447.29      2.099      2.079    -0.8041    -0.8026     0.0014    -0.8041    -0.8027     0.0014   2.772190   2.772718   0.000528    34.1487    34.1542     7.6768    27.4558    27.4602    333.685  357.74818  359.38976          2  0.000e+00
      24334 309.386769  -62.30810  -58.54616      0.011    1447.29      2.099      2.079    -0.8039    -0.8031     0.0009    -0.8040    -0.8031     0.0009   2.772202   2.772701   0.000499    34.1487    34.1545     7.6768    27.4558    27.4605    333.684  357.74699  359.38855          2  0.000e+00
      24335 309.386770  -62.30810  -58.54616      0.016    1447.29      2.147      2.127    -0.8045    -0.8028     0.0017    -0.8045    -0.8028     0.0017   2.772202   2.772729   0.000528    34.1493    34.1545     7.6769    27.4563    27.4605    333.690  357.75036  359.39207          2  0.000e+00
      24336 309.386770  -62.30810  -58.54616      0.015    1447.29      2.113      2.093    -0.8041    -0.8031     0.0010    -0.8041    -0.8031     0.0010   2.772220   2.772724   0.000504    34.1491    34.1548     7.6768    27.4561    27.4607    333.685  357.74706  359.38867          2  0.000e+00
      24337 309.386771  -62.30810  -58.54616      0.017    1447.29      2.099      2.079    -0.8041    -0.8026     0.0014    -0.8041    -0.8027     0.0014   2.772208   2.772718   0.000510    34.1489    34.1542     7.6768    27.4560    27.4602    333.685  357.74749  359.38909          2  0.000e+00
      24338 309.386771  -62.30810  -58.54616      0.022    1447.29      2.147      2.127    -0.8040    -0.8025     0.0015    -0.8041    -0.8025     0.0015   2.772220   2.772701   0.000481    34.1490    34.1537     7.6768    27.4560    27.4598    333.686  357.74675  359.38835          2  0.000e+00
      24339 309.386772  -62.30810  -58.54616      0.022    1447.29      2.099      2.079    -0.8044    -0.8026     0.0018    -0.8045    -0.8027     0.0018   2.772226   2.772729   0.000504    34.1495    34.1544     7.6769    27.4565    27.4603    333.687  357.74900  359.39072          2  0.000e+00
      24340 309.386772  -62.30810  -58.54616      0.027    1447.29      2.147      2.127    -0.8042    -0.8029     0.0013    -0.8043    -0.8030     0.0013   2.772208   2.772729   0.000522    34.1491    34.1547     7.6769    27.4561    27.4606    333.688  357.74867  359.39032          2  0.000e+00
      24341 309.386773  -62.30810  -58.54616      0.028    1447.29      2.099      2.079    -0.8044    -0.8026     0.0018    -0.8045    -0.8027     0.0018   2.772184   2.772701   0.000517    34.1490    34.1540     7.6769    27.4560    27.4600    333.688  357.75060  359.39228          2  0.000e+00
      24342 309.386773  -62.30810  -58.54616      0.030    1447.29      2.147      2.127    -0.8045    -0.8029     0.0015    -0.8045    -0.8030     0.0015   2.772172   2.772729   0.000558    34.1488    34.1547     7.6770    27.4559    27.4606    333.691  357.75150  359.39319          2  0.000e+00
      24343 309.386774  -62.30810  -58.54616      0.031    1447.29      2.147      2.127    -0.8050    -0.8032     0.0018    -0.8051    -0.8032     0.0018   2.772136   2.772706   0.000570    34.1490    34.1546     7.6771    27.4561    27.4606    333.696  357.75616  359.39797          2  0.000e+00
      24344 309.386774  -62.30810  -58.54616      0.035    1447.29      2.147      2.127    -0.8049    -0.8031     0.0018    -0.8049    -0.8031     0.0018   2.772124   2.772712   0.000588    34.1487    34.1546     7.6771    27.4558    27.4606    333.696  357.75589  359.39765          2  0.000e+00
      24345 309.386775  -62.30810  -58.54616      0.039    1447.29      2.147      2.127    -0.8044    -0.8025     0.0019    -0.8044    -0.8025     0.0019   2.772160   2.772701   0.000541    34.1486    34.1537     7.6769    27.4557    27.4598    333.691  357.75123  359.39287          2  0.000e+00
      24346 309.386775  -62.30810  -58.54616      0.037    1447.29      2.113      2.093    -0.8044    -0.8031     0.0013    -0.8045    -0.8031     0.0013   2.772178   2.772712   0.000534    34.1489    34.1546     7.6769    27.4560    27.4606    333.689  357.75085  359.39253          2  0.000e+00
      24347 309.386776  -62.30810  -58.54616      0.041    1447.29      2.147      2.127    -0.8041    -0.8031     0.0010    -0.8041    -0.8031     0.0010   2.772214   2.772683   0.000470    34.1490    34.1542     7.6769    27.4560    27.4602    333.687  357.74735  359.38895          2  0.000e+00
      24348 309.386776  -62.30810  -58.54616      0.045    1447.29      2.195      2.174    -0.8039    -0.8034     0.0005    -0.8040    -0.8035     0.0005   2.772208   2.772672   0.000464    34.1486    34.1544     7.6769    27.4558    27.4604    333.688  357.74656  359.38811          2  0.000e+00
      24349 309.386777  -62.30810  -58.54616      0.045    1447.29      2.147      2.127    -0.8035    -0.8039    -0.0004    -0.8035    -0.8039    -0.0004   2.772261   2.772643   0.000382    34.1489    34.1545     7.6767    27.4560    27.4605    333.681  357.74187  359.38334          2  0.000e+00
      24350 309.386777  -62.30810  -58.54616      0.048    1447.29      2.147      2.127    -0.8035    -0.8040    -0.0005    -0.8035    -0.8041    -0.0005   2.772279   2.772620   0.000341    34.1492    34.1544     7.6767    27.4562    27.4604    333.680  357.74118  359.38267          2  0.000e+00
      24351 309.386778  -62.30810  -58.54616      0.050    1447.29      2.195      2.174    -0.8031    -0.8045    -0.0013    -0.8032    -0.8045    -0.0013   2.772279   2.772597   0.000318    34.1488    34.1546     7.6767    27.4558    27.4606    333.680  357.73907  359.38046          2  0.000e+00
      24352 309.386778  -62.30810  -58.54616      0.052    1447.29      2.195      2.174    -0.8033    -0.8040    -0.0008    -0.8033    -0.8041    -0.0008   2.772297   2.772569   0.000271    34.1491    34.1537     7.6767    27.4561    27.4599    333.680  357.73912  359.38056          2  0.000e+00
      24353 309.386779  -62.30810  -58.54616      0.054    1447.29      2.147      2.127    -0.8033    -0.8046    -0.0013    -0.8034    -0.8047    -0.0013   2.772303   2.772563   0.000259    34.1493    34.1543     7.6767    27.4563    27.4604    333.678  357.73917  359.38063          2  0.000e+00
      24354 309.386779  -62.30810  -58.54616      0.059    1447.29      2.250      2.228    -0.8033    -0.8045    -0.0012    -0.8034    -0.8045    -0.0012   2.772285   2.772580   0.000295    34.1490    34.1543     7.6768    27.4560    27.4604    333.683  357.74004  359.38148          2  0.000e+00
      24355 309.386780  -62.30810  -58.54616      0.061    1447.29      2.168      2.147    -0.8029    -0.8043    -0.0014    -0.8030    -0.8044    -0.0014   2.772321   2.772592   0.000270    34.1491    34.1544     7.6766    27.4561    27.4604    333.675  357.73597  359.37733          2  0.000e+00
      24356 309.386780  -62.30810  -58.54616      0.062    1447.29      2.195      2.174    -0.8031    -0.8048    -0.0017    -0.8032    -0.8048    -0.0017   2.772315   2.772586   0.000271    34.1493    34.1548     7.6767    27.4562    27.4608    333.679  357.73771  359.37912          2  0.000e+00
      24357 309.386780  -62.30810  -58.54616      0.066    1447.29      2.195      2.174    -0.8030    -0.8045    -0.0015    -0.8031    -0.8045    -0.0015   2.772285   2.772586   0.000300    34.1487    34.1544     7.6767    27.4558    27.4605    333.679  357.73811  359.37948          2  0.000e+00
      24358 309.386781  -62.30810  -58.54616      0.067    1447.29      2.195      2.174    -0.8029    -0.8042    -0.0013    -0.8030    -0.8042    -0.0013   2.772297   2.772551   0.000254    34.1487    34.1536     7.6766    27.4558    27.4598    333.678  357.73693  359.37827          2  0.000e+00
      24359 309.386781  -62.30810  -58.54616      0.067    1447.29      2.195      2.174    -0.8031    -0.8039    -0.0007    -0.8032    -0.8039    -0.0007   2.772285   2.772592   0.000306    34.1488    34.1538     7.6767    27.4559    27.4599    333.680  357.73885  359.38024          2  0.000e+00
      24360 309.386782  -62.30810  -58.54616      0.070    1447.29      2.195      2.174    -0.8030    -0.8043    -0.0013    -0.8031    -0.8044    -0.0013   2.772279   2.772597   0.000318    34.1486    34.1544     7.6767    27.4557    27.4605    333.679  357.73834  359.37970          2  0.000e+00
      24361 309.386782  -62.30810  -58.54616      0.076    1447.29      2.250      2.228    -0.8031    -0.8042    -0.0011    -0.8031    -0.8042    -0.0011   2.772321   2.772592   0.000270    34.1492    34.1541     7.6767    27.4562    27.4602    333.680  357.73721  359.37861          2  0.000e+00
      24362 309.386783  -62.30810  -58.54616      0.075    1447.29      2.195      2.174    -0.8035    -0.8045    -0.0010    -0.8035    -0.8045    -0.0010   2.772291   2.772586   0.000294    34.1493    34.1544     7.6767    27.4563    27.4605    333.682  357.74081  359.38231          2  0.000e+00
      24363 309.386783  -62.30810  -58.54616      0.076    1447.29      2.250      2.228    -0.8033    -0.8045    -0.0012    -0.8034    -0.8045    -0.0012   2.772297   2.772569   0.000271    34.1492    34.1542     7.6768    27.4562    27.4603    333.683  357.73958  359.38103          2  0.000e+00
      24364 309.386784  -62.30810  -58.54616      0.078    1447.29      2.195      2.174    -0.8031    -0.8049    -0.0018    -0.8032    -0.8050    -0.0018   2.772309   2.772597   0.000288    34.1492    34.1551     7.6767    27.4562    27.4610    333.679  357.73793  359.37935          2  0.000e+00
      24365 309.386784  -62.30810  -58.54616      0.083    1447.29      2.264      2.242    -0.8034    -0.8046    -0.0012    -0.8035    -0.8047    -0.0012   2.772267   2.772649   0.000382    34.1489    34.1554     7.6768    27.4559    27.4613    333.685  357.74148  359.38294          2  0.000e+00
      24366 309.386785  -62.30810  -58.54616      0.080    1447.29      2.195      2.174    -0.8038    -0.8037     0.0001    -0.8038    -0.8038     0.0001   2.772238   2.772626   0.000388    34.1489    34.1541     7.6768    27.4560    27.4602    333.686  357.74469  359.38623          2  0.000e+00
      24367 309.386785  -62.30810  -58.54616      0.082    1447.29      2.250      2.228    -0.8044    -0.8040     0.0004    -0.8045    -0.8041     0.0004   2.772250   2.772614   0.000365    34.1498    34.1543     7.6718    27.4567    27.4603    333.468  357.74835  359.39008          3  0.000e+00
      24368 309.386786  -62.30810  -58.54616      0.085    1447.29      2.250      2.228    -0.8040    -0.8040    -0.0000    -0.8041    -0.8041    -0.0000   2.772232   2.772597   0.000366    34.1491    34.1541     7.6710    27.4561    27.4601    333.433  357.74648  359.38808          3  0.000e+00
      24369 309.386786  -62.30810  -58.54616      0.088    1447.29      2.250      2.228    -0.8045    -0.8045     0.0001    -0.8046    -0.8045     0.0001   2.772130   2.772586   0.000456    34.1483    34.1544     7.6757    27.4555    27.4605    333.634  357.75365  359.39531          3  0.000e+00
      24370 309.386787  -62.30810  -58.54616      0.087    1447.29      2.250      2.228    -0.8053    -0.8043     0.0010    -0.8053    -0.8044     0.0010   2.772076   2.772603   0.000527    34.1484    34.1545     7.6759    27.4556    27.4605    333.645  357.76045  359.40229          3  0.000e+00
      24371 309.386787  -62.30810  -58.54616      0.089    1447.29      2.250      2.228    -0.8054    -0.8046     0.0008    -0.8055    -0.8047     0.0008   2.772088   2.772597   0.000509    34.1487    34.1547     7.6760    27.4559    27.4607    333.648  357.76073  359.40261          3  0.000e+00
      24372 309.386788  -62.30810  -58.54616      0.090    1447.29      2.250      2.228    -0.8055    -0.8043     0.0011    -0.8055    -0.8044     0.0011   2.772118   2.772586   0.000468    34.1492    34.1543     7.6760    27.4563    27.4603    333.650  357.75995  359.40187          3  0.000e+00
      24373 309.386788  -62.30810  -58.54616      0.088    1447.29      2.250      2.228    -0.8053    -0.8042     0.0011    -0.8053    -0.8042     0.0011   2.772124   2.772569   0.000445    34.1491    34.1538     7.6760    27.4562    27.4600    333.651  357.75863  359.40050          3  0.000e+00
      24374 309.386789  -62.30810  -58.54616      0.092    1447.29      2.264      2.242    -0.8053    -0.8043     0.0010    -0.8053    -0.8044     0.0010   2.772124   2.772563   0.000439    34.1491    34.1539     7.6761    27.4561    27.4601    333.655  357.75865  359.40053          3  0.000e+00
      24375 309.386789  -62.30810  -58.54616      0.092    1447.29      2.298      2.276    -0.8058    -0.8042     0.0016    -0.8058    -0.8042     0.0016   2.772124   2.772615   0.000491    34.1496    34.1544     7.6763    27.4566    27.4604    333.662  357.76164  359.40364          3  0.000e+00
      24376 309.386790  -62.30810  -58.54616      0.093    1447.29      2.250      2.228    -0.8061    -0.8035     0.0026    -0.8062    -0.8036     0.0026   2.772088   2.772620   0.000532    34.1495    34.1538     7.6764    27.4565    27.4599    333.667  357.76512  359.40719          3  0.000e+00
      24377 309.386790  -62.30810  -58.54616      0.092    1447.29      2.250      2.228    -0.8062    -0.8037     0.0025    -0.8063    -0.8038     0.0025   2.772088   2.772597   0.000509    34.1496    34.1537     7.6713    27.4566    27.4598    333.446  357.76585  359.40796          3  0.000e+00
