Pos-Processados/process_op38/operantar38_017b.ros
* Sea-Bird SBE 9 Data File:
* FileName = D:\OPERANTAR_XXXVIII\DADOS\OP38_017b.hdr
* Software Version Seasave V 7.18c
* Temperature SN = 4808
* Conductivity SN = 3380
* Number of Bytes Per Scan = 34
* Number of Voltage Words = 3
* Number of Scans Averaged by the Deck Unit = 1
* NMEA Latitude = 62 16.17 S
* NMEA Longitude = 058 26.27 W
* NMEA UTC (Time) = Nov 05 2019 15:20:15
** H41
** NAVIO POLAR ALMIRANTE MAXIMIANO
** CRUZEIRO:
** OPERANTAR XXXVIII
** ESTAÇÃO: OP38_017b
** LAT 62 16,17' S
** LONG 058 26,24' W
** 09P73767-1155_A
** PROFUNDIDADE: 110
** DATA/HORA: 0511521Z/NOV/2019
** OPERADOR: SO-HN CHAVES
# nquan = 26
# nvalues = 1879                                  
# units = specified
# name 0 = scan: Scan Count
# name 1 = timeJ: Julian Days
# name 2 = latitude: Latitude [deg]
# name 3 = longitude: Longitude [deg]
# name 4 = dz/dtM: Descent Rate [m/s]
# name 5 = avgsvCM: Average Sound Velocity [Chen-Millero, m/s]
# name 6 = prDM: Pressure, Digiquartz [db]
# name 7 = depSM: Depth [salt water, m]
# name 8 = t090C: Temperature [ITS-90, deg C]
# name 9 = t190C: Temperature, 2 [ITS-90, deg C]
# name 10 = T2-T190C: Temperature Difference, 2 - 1 [ITS-90, deg C]
# name 11 = potemp090C: Potential Temperature [ITS-90, deg C]
# name 12 = potemp190C: Potential Temperature, 2 [ITS-90, deg C]
# name 13 = potemp90Cdiff: Potential Temperature, Diff, 2 - 1 [ITS-90, deg C]
# name 14 = c0S/m: Conductivity [S/m]
# name 15 = c1S/m: Conductivity, 2 [S/m]
# name 16 = C2-C1S/m: Conductivity Difference, 2 - 1 [S/m]
# name 17 = sal00: Salinity, Practical [PSU]
# name 18 = sal11: Salinity, Practical, 2 [PSU]
# name 19 = sbeox0ML/L: Oxygen, SBE 43 [ml/l]
# name 20 = sbeox1ML/L: Oxygen, SBE 43, 2 [ml/l]
# name 21 = sbeox0ML/Ldiff: Oxygen, SBE 43, Diff, 2 - 1 [ml/l]
# name 22 = sigma-é00: Density [sigma-theta, kg/m^3]
# name 23 = sigma-é11: Density, 2 [sigma-theta, kg/m^3]
# name 24 = nbf: Bottles Fired
# name 25 = flag:  0.000e+00
# interval = seconds: 0.0416667
# start_time = Nov 05 2019 15:20:15 [NMEA time, header]
# bad_flag = -9.990e-29
*END*
[from data line 56]
        430 309.639269  -62.26952  -58.43788     -0.004       0.00      2.292      2.270    -0.8496    -0.8491     0.0005    -0.8496    -0.8491     0.0005   2.771521   2.771885   0.000365    34.1911    34.1955     7.4430     7.2375    -0.2055    27.4920    27.4955          1  0.000e+00
        431 309.639270  -62.26952  -58.43788     -0.003       0.00      2.244      2.222    -0.8493    -0.8490     0.0002    -0.8493    -0.8491     0.0002   2.771503   2.771914   0.000412    34.1905    34.1959     7.4427     7.2367    -0.2060    27.4915    27.4958          1  0.000e+00
        432 309.639270  -62.26952  -58.43788     -0.004       0.00      2.292      2.270    -0.8493    -0.8486     0.0006    -0.8493    -0.8487     0.0006   2.771515   2.771914   0.000400    34.1907    34.1954     7.4426     7.2371    -0.2055    27.4916    27.4954          1  0.000e+00
        433 309.639271  -62.26952  -58.43788     -0.004       0.00      2.292      2.270    -0.8496    -0.8493     0.0003    -0.8496    -0.8493     0.0003   2.771556   2.771926   0.000369    34.1916    34.1963     7.4425     7.2365    -0.2060    27.4924    27.4961          1  0.000e+00
        434 309.639271  -62.26952  -58.43788     -0.008       0.00      2.244      2.222    -0.8493    -0.8491     0.0002    -0.8493    -0.8491     0.0002   2.771497   2.771931   0.000435    34.1905    34.1962     7.4422     7.2368    -0.2055    27.4914    27.4961          1  0.000e+00
        435 309.639272  -62.26952  -58.43788     -0.008       0.00      2.292      2.270    -0.8493    -0.8486     0.0007    -0.8493    -0.8486     0.0007   2.771509   2.771931   0.000423    34.1906    34.1956     7.4421     7.2371    -0.2050    27.4915    27.4955          1  0.000e+00
        436 309.639272  -62.26952  -58.43788     -0.005       0.00      2.292      2.270    -0.8491    -0.8489     0.0001    -0.8492    -0.8490     0.0001   2.771521   2.771914   0.000394    34.1906    34.1957     7.4376     7.2364    -0.2012    27.4915    27.4957          1  0.000e+00
        437 309.639273  -62.26952  -58.43788     -0.007       0.00      2.264      2.242    -0.8493    -0.8488     0.0005    -0.8493    -0.8488     0.0005   2.771503   2.771926   0.000423    34.1905    34.1957     7.4375     7.2354    -0.2021    27.4915    27.4957          1  0.000e+00
        438 309.639273  -62.26952  -58.43788     -0.007       0.00      2.292      2.270    -0.8493    -0.8486     0.0007    -0.8493    -0.8486     0.0007   2.771497   2.771931   0.000435    34.1904    34.1956     7.4419     7.2357    -0.2062    27.4914    27.4955          1  0.000e+00
        439 309.639274  -62.26952  -58.43788     -0.007       0.00      2.292      2.270    -0.8494    -0.8488     0.0007    -0.8495    -0.8488     0.0007   2.771515   2.771931   0.000417    34.1909    34.1958     7.4419     7.2360    -0.2059    27.4918    27.4957          1  0.000e+00
        440 309.639274  -62.26952  -58.43788     -0.007       0.00      2.244      2.222    -0.8490    -0.8485     0.0005    -0.8490    -0.8485     0.0005   2.771538   2.771931   0.000393    34.1907    34.1955     7.4417     7.2362    -0.2055    27.4916    27.4955          1  0.000e+00
        441 309.639275  -62.26952  -58.43788     -0.010       0.00      2.292      2.270    -0.8490    -0.8486     0.0003    -0.8490    -0.8487     0.0003   2.771526   2.771914   0.000388    34.1905    34.1954     7.4417     7.2354    -0.2063    27.4915    27.4954          1  0.000e+00
        442 309.639275  -62.26952  -58.43788     -0.012       0.00      2.244      2.222    -0.8490    -0.8489     0.0001    -0.8490    -0.8489     0.0001   2.771562   2.771908   0.000346    34.1910    34.1956     7.4416     7.2344    -0.2072    27.4919    27.4956          1  0.000e+00
        443 309.639276  -62.26952  -58.43788     -0.014       0.00      2.244      2.222    -0.8490    -0.8488     0.0002    -0.8490    -0.8488     0.0002   2.771538   2.771926   0.000387    34.1907    34.1957     7.4416     7.2346    -0.2070    27.4916    27.4957          1  0.000e+00
        444 309.639276  -62.26952  -58.43788     -0.014       0.00      2.292      2.270    -0.8486    -0.8491    -0.0005    -0.8487    -0.8491    -0.0005   2.771538   2.771914   0.000376    34.1903    34.1959     7.4364     7.2408    -0.1956    27.4913    27.4958          1  0.000e+00
        445 309.639277  -62.26952  -58.43788     -0.017       0.00      2.244      2.222    -0.8485    -0.8493    -0.0007    -0.8486    -0.8493    -0.0007   2.771544   2.771908   0.000364    34.1902    34.1960     7.4355     7.2362    -0.1994    27.4912    27.4960          1  0.000e+00
        446 309.639277  -62.26952  -58.43788     -0.019       0.00      2.244      2.222    -0.8486    -0.8495    -0.0009    -0.8487    -0.8496    -0.0009   2.771526   2.771868   0.000342    34.1901    34.1958     7.4400     7.2364    -0.2036    27.4912    27.4958          1  0.000e+00
        447 309.639278  -62.26952  -58.43788     -0.019       0.00      2.292      2.270    -0.8486    -0.8494    -0.0008    -0.8487    -0.8495    -0.0008   2.771538   2.771834   0.000295    34.1903    34.1952     7.4401     7.2366    -0.2035    27.4913    27.4953          1  0.000e+00
        448 309.639278  -62.26952  -58.43788     -0.023       0.00      2.209      2.188    -0.8486    -0.8496    -0.0009    -0.8487    -0.8496    -0.0009   2.771544   2.771811   0.000266    34.1904    34.1951     7.4400     7.2367    -0.2033    27.4914    27.4952          1  0.000e+00
        449 309.639279  -62.26952  -58.43788     -0.019       0.00      2.346      2.324    -0.8486    -0.8495    -0.0009    -0.8487    -0.8496    -0.0009   2.771526   2.771840   0.000313    34.1901    34.1953     7.4410     7.2357    -0.2053    27.4911    27.4954          1  0.000e+00
        450 309.639279  -62.26952  -58.43788     -0.018       0.00      2.244      2.222    -0.8486    -0.8497    -0.0011    -0.8487    -0.8498    -0.0011   2.771520   2.771857   0.000336    34.1901    34.1959     7.4358     7.2346    -0.2013    27.4911    27.4958          1  0.000e+00
        451 309.639280  -62.26952  -58.43788     -0.021       0.00      2.292      2.270    -0.8483    -0.8489    -0.0006    -0.8484    -0.8490    -0.0006   2.771538   2.771874   0.000336    34.1899    34.1952     7.4351     7.2345    -0.2006    27.4910    27.4953          1  0.000e+00
        452 309.639280  -62.26952  -58.43788     -0.019       0.00      2.244      2.222    -0.8482    -0.8494    -0.0012    -0.8482    -0.8495    -0.0012   2.771544   2.771840   0.000295    34.1899    34.1953     7.4344     7.2346    -0.1998    27.4909    27.4953          1  0.000e+00
        453 309.639280  -62.26952  -58.43788     -0.020       0.00      2.292      2.270    -0.8486    -0.8492    -0.0006    -0.8487    -0.8493    -0.0006   2.771562   2.771811   0.000248    34.1906    34.1946     7.4391     7.2347    -0.2044    27.4915    27.4948          1  0.000e+00
        454 309.639281  -62.26952  -58.43788     -0.019       0.00      2.292      2.270    -0.8485    -0.8496    -0.0011    -0.8486    -0.8496    -0.0011   2.771550   2.771765   0.000214    34.1903    34.1944     7.4348     7.2348    -0.2000    27.4913    27.4947          1  0.000e+00
        455 309.639281  -62.26952  -58.43788     -0.021       0.00      2.244      2.222    -0.8491    -0.8494    -0.0003    -0.8492    -0.8495    -0.0003   2.771526   2.771730   0.000204    34.1907    34.1938     7.4395     7.2348    -0.2047    27.4916    27.4941          1  0.000e+00
        456 309.639282  -62.26952  -58.43788     -0.020       0.00      2.292      2.270    -0.8490    -0.8493    -0.0004    -0.8490    -0.8494    -0.0004   2.771521   2.771684   0.000164    34.1904    34.1931     7.4398     7.2408    -0.1990    27.4914    27.4936          1  0.000e+00
        457 309.639282  -62.26952  -58.43788     -0.019       0.00      2.292      2.270    -0.8493    -0.8491     0.0002    -0.8493    -0.8491     0.0002   2.771538   2.771673   0.000135    34.1910    34.1926     7.4401     7.2407    -0.1993    27.4919    27.4932          1  0.000e+00
        458 309.639283  -62.26952  -58.43788     -0.021       0.00      2.244      2.222    -0.8491    -0.8491     0.0000    -0.8492    -0.8491     0.0000   2.771509   2.771673   0.000164    34.1904    34.1927     7.4350     7.2418    -0.1933    27.4914    27.4932          1  0.000e+00
        459 309.639283  -62.26952  -58.43788     -0.025       0.00      2.209      2.188    -0.8494    -0.8489     0.0005    -0.8495    -0.8490     0.0005   2.771515   2.771707   0.000193    34.1909    34.1930     7.4346     7.2368    -0.1977    27.4918    27.4935          1  0.000e+00
        460 309.639284  -62.26952  -58.43788     -0.017       0.00      2.346      2.324    -0.8491    -0.8492    -0.0001    -0.8492    -0.8493    -0.0001   2.771503   2.771742   0.000239    34.1903    34.1937     7.4342     7.2415    -0.1927    27.4913    27.4940          1  0.000e+00
        461 309.639284  -62.26952  -58.43788     -0.016       0.00      2.292      2.270    -0.8493    -0.8500    -0.0008    -0.8493    -0.8501    -0.0008   2.771473   2.771730   0.000258    34.1901    34.1945     7.4337     7.2425    -0.1912    27.4912    27.4947          1  0.000e+00
        462 309.639285  -62.26952  -58.43788     -0.015       0.00      2.292      2.270    -0.8493    -0.8505    -0.0012    -0.8493    -0.8505    -0.0012   2.771485   2.771742   0.000257    34.1903    34.1951     7.4333     7.2434    -0.1898    27.4913    27.4953          1  0.000e+00
        463 309.639285  -62.26952  -58.43788     -0.014       0.00      2.292      2.270    -0.8494    -0.8503    -0.0008    -0.8495    -0.8503    -0.0008   2.771497   2.771771   0.000274    34.1906    34.1953     7.4381     7.2442    -0.1939    27.4916    27.4954          1  0.000e+00
        464 309.639286  -62.26952  -58.43788     -0.011       0.00      2.292      2.270    -0.8493    -0.8499    -0.0006    -0.8493    -0.8499    -0.0006   2.771455   2.771776   0.000322    34.1899    34.1949     7.4385     7.2390    -0.1994    27.4910    27.4951          1  0.000e+00
        465 309.639286  -62.26952  -58.43788     -0.013       0.00      2.244      2.222    -0.8494    -0.8509    -0.0015    -0.8495    -0.8510    -0.0015   2.771503   2.771759   0.000257    34.1907    34.1959     7.4396     7.2388    -0.2008    27.4917    27.4959          1  0.000e+00
        466 309.639287  -62.26952  -58.43788     -0.011       0.00      2.292      2.270    -0.8493    -0.8500    -0.0008    -0.8493    -0.8501    -0.0008   2.771503   2.771748   0.000245    34.1905    34.1947     7.4401     7.2383    -0.2018    27.4915    27.4949          1  0.000e+00
        467 309.639287  -62.26952  -58.43788     -0.010       0.00      2.292      2.270    -0.8493    -0.8504    -0.0012    -0.8493    -0.8505    -0.0012   2.771497   2.771748   0.000251    34.1904    34.1952     7.4405     7.2380    -0.2025    27.4914    27.4953          1  0.000e+00
        468 309.639288  -62.26952  -58.43788     -0.008       0.00      2.292      2.270    -0.8491    -0.8511    -0.0020    -0.8492    -0.8512    -0.0020   2.771515   2.771748   0.000233    34.1905    34.1959     7.4409     7.2377    -0.2032    27.4914    27.4959          1  0.000e+00
        469 309.639288  -62.26952  -58.43788     -0.004       0.00      2.346      2.324    -0.8490    -0.8522    -0.0032    -0.8490    -0.8522    -0.0032   2.771503   2.771730   0.000228    34.1901    34.1969     7.4361     7.2434    -0.1927    27.4912    27.4968          1  0.000e+00
        470 309.639289  -62.26952  -58.43788     -0.005       0.00      2.244      2.222    -0.8486    -0.8526    -0.0040    -0.8487    -0.8527    -0.0040   2.771515   2.771725   0.000210    34.1900    34.1974     7.4356     7.2441    -0.1915    27.4910    27.4972          1  0.000e+00
        471 309.639289  -62.26952  -58.43788      0.001       0.00      2.312      2.290    -0.8488    -0.8525    -0.0037    -0.8489    -0.8526    -0.0037   2.771521   2.771702   0.000181    34.1902    34.1969     7.4355     7.2449    -0.1906    27.4912    27.4968          1  0.000e+00
        472 309.639290  -62.26952  -58.43788     -0.001       0.00      2.244      2.222    -0.8488    -0.8523    -0.0035    -0.8489    -0.8524    -0.0035   2.771503   2.771696   0.000193    34.1900    34.1966     7.4403     7.2395    -0.2008    27.4911    27.4966          1  0.000e+00
        473 309.639290  -62.26952  -58.43788      0.001       0.00      2.292      2.270    -0.8485    -0.8523    -0.0038    -0.8486    -0.8524    -0.0038   2.771497   2.771696   0.000199    34.1896    34.1966     7.4408     7.2391    -0.2018    27.4907    27.4966          1  0.000e+00
        474 309.639291  -62.26952  -58.43788      0.003       0.00      2.292      2.270    -0.8485    -0.8520    -0.0035    -0.8486    -0.8520    -0.0035   2.771515   2.771713   0.000199    34.1898    34.1965     7.4413     7.2385    -0.2029    27.4909    27.4964          1  0.000e+00
        475 309.639291  -62.26952  -58.43788      0.009       0.00      2.346      2.324    -0.8486    -0.8520    -0.0034    -0.8487    -0.8521    -0.0034   2.771503   2.771685   0.000182    34.1897    34.1961     7.4368     7.2380    -0.1988    27.4908    27.4961          1  0.000e+00
        476 309.639292  -62.26952  -58.43788      0.004       0.00      2.189      2.168    -0.8491    -0.8516    -0.0025    -0.8491    -0.8516    -0.0025   2.771532   2.771690   0.000158    34.1908    34.1957     7.4416     7.2372    -0.2044    27.4917    27.4958          1  0.000e+00
        477 309.639292  -62.26952  -58.43788      0.009       0.00      2.346      2.324    -0.8490    -0.8526    -0.0036    -0.8490    -0.8527    -0.0036   2.771526   2.771616   0.000089    34.1905    34.1958     7.4371     7.2430    -0.1942    27.4914    27.4959          1  0.000e+00
        478 309.639293  -62.26952  -58.43788      0.008       0.00      2.244      2.222    -0.8486    -0.8547    -0.0060    -0.8487    -0.8547    -0.0060   2.771503   2.771512   0.000010    34.1898    34.1968     7.4420     7.2380    -0.2040    27.4909    27.4968          1  0.000e+00
        479 309.639293  -62.26952  -58.43788      0.010       0.00      2.292      2.270    -0.8488    -0.8562    -0.0074    -0.8489    -0.8563    -0.0074   2.771335   2.771369   0.000034    34.1877    34.1966     7.4376     7.2378    -0.1998    27.4892    27.4967          1  0.000e+00
        480 309.639293  -62.26952  -58.43788      0.009       0.00      2.292      2.270    -0.8490    -0.8577    -0.0087    -0.8490    -0.8578    -0.0087   2.771341   2.771231  -0.000110    34.1880    34.1964     7.4426     7.2376    -0.2050    27.4894    27.4966          1  0.000e+00
        481 309.639294  -62.26952  -58.43788      0.008       0.00      2.244      2.222    -0.8493    -0.8585    -0.0092    -0.8493    -0.8586    -0.0092   2.771479   2.771156  -0.000322    34.1902    34.1963     7.4431     7.2371    -0.2060    27.4912    27.4966          1  0.000e+00
        482 309.639294  -62.26952  -58.43788      0.008       0.00      2.264      2.242    -0.8491    -0.8582    -0.0091    -0.8492    -0.8583    -0.0091   2.771503   2.771162  -0.000341    34.1903    34.1961     7.4437     7.2424    -0.2013    27.4913    27.4963          1  0.000e+00
        483 309.639295  -62.26952  -58.43788      0.004       0.00      2.244      2.222    -0.8493    -0.8583    -0.0091    -0.8493    -0.8584    -0.0091   2.771473   2.771191  -0.000282    34.1901    34.1966     7.4444     7.2370    -0.2073    27.4912    27.4968          1  0.000e+00
        484 309.639295  -62.26952  -58.43788      0.003       0.00      2.244      2.222    -0.8493    -0.8587    -0.0094    -0.8493    -0.8587    -0.0094   2.771449   2.771156  -0.000293    34.1898    34.1965     7.4450     7.2424    -0.2026    27.4909    27.4967          1  0.000e+00
