Pos-Processados/process_op38/operantar38_015b.ros
* Sea-Bird SBE 9 Data File:
* FileName = D:\OPERANTAR_XXXVIII\DADOS\OP38_015b.hdr
* Software Version Seasave V 7.18c
* Temperature SN = 4808
* Conductivity SN = 3380
* Number of Bytes Per Scan = 34
* Number of Voltage Words = 3
* Number of Scans Averaged by the Deck Unit = 1
* NMEA Latitude = 62 18.48 S
* NMEA Longitude = 058 32.77 W
* NMEA UTC (Time) = Nov 05 2019 09:48:22
** H41
** NAVIO POLAR ALMIRANTE MAXIMIANO
** CRUZEIRO:
** OPERANTAR XXXVIII
** ESTAÇÃO: OP38_015b
** LAT 62 18,48' S
** LONG 058 32,80' W
** 09P73767-1155_A
** PROFUNDIDADE: 353
** DATA/HORA: 050949Z/NOV/2019
** OPERADOR: SO-HN CHAVES
# nquan = 24
# nvalues = 1844                                  
# units = specified
# name 0 = scan: Scan Count
# name 1 = timeJ: Julian Days
# name 2 = latitude: Latitude [deg]
# name 3 = longitude: Longitude [deg]
# name 4 = dz/dtM: Descent Rate [m/s]
# name 5 = avgsvCM: Average Sound Velocity [Chen-Millero, m/s]
# name 6 = prDM: Pressure, Digiquartz [db]
# name 7 = depSM: Depth [salt water, m]
# name 8 = t090C: Temperature [ITS-90, deg C]
# name 9 = t190C: Temperature, 2 [ITS-90, deg C]
# name 10 = T2-T190C: Temperature Difference, 2 - 1 [ITS-90, deg C]
# name 11 = potemp090C: Potential Temperature [ITS-90, deg C]
# name 12 = potemp190C: Potential Temperature, 2 [ITS-90, deg C]
# name 13 = potemp90Cdiff: Potential Temperature, Diff, 2 - 1 [ITS-90, deg C]
# name 14 = c0S/m: Conductivity [S/m]
# name 15 = c1S/m: Conductivity, 2 [S/m]
# name 16 = C2-C1S/m: Conductivity Difference, 2 - 1 [S/m]
# name 17 = sal00: Salinity, Practical [PSU]
# name 18 = sal11: Salinity, Practical, 2 [PSU]
# name 19 = sbeox0ML/L: Oxygen, SBE 43 [ml/l]
# name 20 = sigma-é00: Density [sigma-theta, kg/m^3]
# name 21 = sigma-é11: Density, 2 [sigma-theta, kg/m^3]
# name 22 = nbf: Bottles Fired
# name 23 = flag:  0.000e+00
# interval = seconds: 0.0416667
# start_time = Nov 05 2019 09:48:22 [NMEA time, header]
# bad_flag = -9.990e-29
*END*
[from data line 725]
       4854 309.410928  -62.30810  -58.54616      0.085       0.00     18.194     18.018    -0.8010    -0.8009     0.0001    -0.8015    -0.8014     0.0001   2.773462   2.773825   0.000363    34.1524    34.1573     7.6704    27.4587    27.4626          5  0.000e+00
       4855 309.410929  -62.30810  -58.54616      0.084       0.00     18.194     18.018    -0.8008    -0.8014    -0.0006    -0.8013    -0.8019    -0.0006   2.773486   2.773808   0.000322    34.1524    34.1575     7.6704    27.4587    27.4629          5  0.000e+00
       4856 309.410929  -62.30810  -58.54616      0.081       0.00     18.112     17.937    -0.8010    -0.8016    -0.0006    -0.8015    -0.8020    -0.0006   2.773468   2.773836   0.000369    34.1525    34.1582     7.6756    27.4588    27.4634          5  0.000e+00
       4857 309.410930  -62.30810  -58.54616      0.080       0.00     18.194     18.018    -0.8007    -0.8019    -0.0012    -0.8012    -0.8024    -0.0012   2.773444   2.773814   0.000370    34.1518    34.1582     7.6764    27.4582    27.4634          5  0.000e+00
       4858 309.410930  -62.30810  -58.54616      0.078       0.00     18.194     18.018    -0.8006    -0.8025    -0.0019    -0.8011    -0.8030    -0.0019   2.773462   2.773842   0.000381    34.1519    34.1592     7.6712    27.4583    27.4643          5  0.000e+00
       4859 309.410931  -62.30810  -58.54616      0.076       0.00     18.167     17.991    -0.8007    -0.8025    -0.0018    -0.8012    -0.8030    -0.0018   2.773480   2.773831   0.000351    34.1523    34.1591     7.6755    27.4586    27.4642          5  0.000e+00
       4860 309.410931  -62.30810  -58.54616      0.076       0.00     18.194     18.018    -0.8009    -0.8034    -0.0025    -0.8014    -0.8039    -0.0025   2.773503   2.773825   0.000322    34.1528    34.1601     7.6702    27.4590    27.4650          5  0.000e+00
       4861 309.410932  -62.30810  -58.54616      0.071       0.00     18.146     17.971    -0.8007    -0.8034    -0.0027    -0.8012    -0.8039    -0.0027   2.773480   2.773848   0.000368    34.1523    34.1604     7.6700    27.4586    27.4653          5  0.000e+00
       4862 309.410932  -62.30810  -58.54616      0.071       0.00     18.194     18.018    -0.8009    -0.8035    -0.0026    -0.8014    -0.8040    -0.0026   2.773503   2.773808   0.000304    34.1529    34.1600     7.6700    27.4591    27.4649          5  0.000e+00
       4863 309.410933  -62.30810  -58.54616      0.068       0.00     18.167     17.991    -0.8004    -0.8032    -0.0028    -0.8009    -0.8037    -0.0028   2.773551   2.773745   0.000193    34.1530    34.1588     7.6697    27.4591    27.4640          5  0.000e+00
       4864 309.410933  -62.30810  -58.54616      0.064       0.00     18.146     17.971    -0.8004    -0.8028    -0.0024    -0.8009    -0.8033    -0.0024   2.773551   2.773779   0.000228    34.1530    34.1588     7.6695    27.4591    27.4639          5  0.000e+00
       4865 309.410934  -62.30810  -58.54616      0.063       0.00     18.194     18.018    -0.8008    -0.8028    -0.0020    -0.8013    -0.8033    -0.0020   2.773498   2.773819   0.000322    34.1526    34.1593     7.6748    27.4589    27.4643          5  0.000e+00
       4866 309.410934  -62.30810  -58.54616      0.061       0.00     18.194     18.018    -0.8010    -0.8023    -0.0013    -0.8015    -0.8028    -0.0013   2.773486   2.773865   0.000380    34.1527    34.1594     7.6702    27.4590    27.4644          5  0.000e+00
       4867 309.410935  -62.30810  -58.54616      0.057       0.00     18.167     17.991    -0.8010    -0.8019    -0.0009    -0.8015    -0.8024    -0.0009   2.773474   2.773882   0.000409    34.1526    34.1591     7.6752    27.4588    27.4642          5  0.000e+00
       4868 309.410935  -62.30810  -58.54616      0.056       0.00     18.194     18.018    -0.8009    -0.8014    -0.0005    -0.8014    -0.8019    -0.0005   2.773480   2.773917   0.000437    34.1526    34.1590     7.6758    27.4588    27.4641          5  0.000e+00
       4869 309.410936  -62.30810  -58.54616      0.053       0.00     18.146     17.971    -0.8005    -0.8006    -0.0001    -0.8010    -0.8011    -0.0001   2.773492   2.773911   0.000420    34.1523    34.1581     7.6763    27.4586    27.4633          5  0.000e+00
       4870 309.410936  -62.30810  -58.54616      0.051       0.00     18.167     17.991    -0.8007    -0.8006     0.0001    -0.8012    -0.8011     0.0001   2.773527   2.773969   0.000441    34.1530    34.1589     7.6768    27.4591    27.4639          5  0.000e+00
       4871 309.410937  -62.30810  -58.54616      0.048       0.00     18.146     17.971    -0.8005    -0.8003     0.0002    -0.8010    -0.8008     0.0002   2.773497   2.773957   0.000460    34.1524    34.1584     7.6765    27.4587    27.4635          5  0.000e+00
       4872 309.410937  -62.30810  -58.54616      0.045       0.00     18.194     18.018    -0.8005    -0.8002     0.0003    -0.8010    -0.8007     0.0003   2.773474   2.773957   0.000484    34.1520    34.1582     7.6761    27.4583    27.4633          5  0.000e+00
       4873 309.410937  -62.30810  -58.54616      0.042       0.00     18.146     17.971    -0.8005    -0.8000     0.0005    -0.8010    -0.8005     0.0005   2.773462   2.773980   0.000518    34.1519    34.1583     7.6764    27.4583    27.4635          5  0.000e+00
       4874 309.410938  -62.30810  -58.54616      0.036       0.00     18.166     17.991    -0.8005    -0.8003     0.0002    -0.8010    -0.8008     0.0002   2.773480   2.773957   0.000478    34.1521    34.1584     7.6768    27.4585    27.4635          5  0.000e+00
       4875 309.410938  -62.30810  -58.54616      0.032       0.00     18.146     17.971    -0.8005    -0.8005    -0.0000    -0.8010    -0.8010    -0.0000   2.773456   2.773934   0.000479    34.1517    34.1582     7.6719    27.4581    27.4634          5  0.000e+00
       4876 309.410939  -62.30810  -58.54616      0.026       0.00     18.146     17.971    -0.8005    -0.8002     0.0004    -0.8010    -0.8007     0.0004   2.773497   2.773946   0.000448    34.1524    34.1580     7.6765    27.4587    27.4632          5  0.000e+00
       4877 309.410939  -62.30810  -58.54616      0.028       0.00     18.194     18.018    -0.8005    -0.7998     0.0007    -0.8010    -0.8003     0.0007   2.773492   2.773957   0.000466    34.1523    34.1578     7.6769    27.4586    27.4630          5  0.000e+00
       4878 309.410940  -62.30810  -58.54616      0.021       0.00     18.112     17.937    -0.8007    -0.7998     0.0008    -0.8012    -0.8003     0.0008   2.773533   2.773940   0.000407    34.1531    34.1576     7.6822    27.4592    27.4629          5  0.000e+00
       4879 309.410940  -62.30810  -58.54616      0.021       0.00     18.194     18.018    -0.8003    -0.8003    -0.0000    -0.8008    -0.8008    -0.0000   2.773539   2.773969   0.000429    34.1526    34.1585     7.6831    27.4589    27.4636          5  0.000e+00
       4880 309.410941  -62.30810  -58.54616      0.016       0.00     18.146     17.971    -0.8004    -0.8002     0.0002    -0.8009    -0.8007     0.0002   2.773545   2.773963   0.000418    34.1529    34.1583     7.6788    27.4591    27.4634          5  0.000e+00
       4881 309.410941  -62.30810  -58.54616      0.012       0.00     18.112     17.937    -0.8002    -0.8006    -0.0004    -0.8007    -0.8011    -0.0004   2.773563   2.773940   0.000377    34.1530    34.1585     7.6788    27.4591    27.4636          5  0.000e+00
       4882 309.410942  -62.30810  -58.54616      0.008       0.00     18.146     17.971    -0.7998    -0.8000    -0.0002    -0.8003    -0.8005    -0.0002   2.773569   2.773969   0.000399    34.1526    34.1582     7.6788    27.4588    27.4633          5  0.000e+00
       4883 309.410942  -62.30810  -58.54616      0.001       0.00     18.091     17.917    -0.7995    -0.8000    -0.0005    -0.8000    -0.8005    -0.0005   2.773593   2.773946   0.000352    34.1525    34.1579     7.6786    27.4587    27.4631          5  0.000e+00
       4884 309.410943  -62.30810  -58.54616     -0.001       0.00     18.146     17.971    -0.7998    -0.8003    -0.0005    -0.8003    -0.8008    -0.0005   2.773593   2.773934   0.000341    34.1528    34.1581     7.6795    27.4590    27.4633          5  0.000e+00
       4885 309.410943  -62.30810  -58.54616     -0.005       0.00     18.112     17.937    -0.7996    -0.7998    -0.0002    -0.8001    -0.8003    -0.0002   2.773611   2.773946   0.000335    34.1529    34.1577     7.6794    27.4591    27.4630          5  0.000e+00
       4886 309.410944  -62.30810  -58.54616     -0.006       0.00     18.146     17.971    -0.7995    -0.8006    -0.0011    -0.8000    -0.8011    -0.0011   2.773605   2.773917   0.000312    34.1526    34.1582     7.6794    27.4588    27.4634          5  0.000e+00
       4887 309.410944  -62.30810  -58.54616     -0.013       0.00     18.091     17.916    -0.7996    -0.8008    -0.0012    -0.8001    -0.8013    -0.0012   2.773593   2.773911   0.000318    34.1527    34.1583     7.6792    27.4588    27.4635          5  0.000e+00
       4888 309.410945  -62.30810  -58.54616     -0.014       0.00     18.146     17.971    -0.7995    -0.8008    -0.0013    -0.8000    -0.8013    -0.0013   2.773611   2.773882   0.000271    34.1527    34.1579     7.6791    27.4589    27.4631          5  0.000e+00
       4889 309.410945  -62.30810  -58.54616     -0.021       0.00     18.064     17.889    -0.7994    -0.8003    -0.0009    -0.7999    -0.8008    -0.0009   2.773605   2.773842   0.000237    34.1526    34.1569     7.6789    27.4588    27.4623          5  0.000e+00
       4890 309.410946  -62.30810  -58.54616     -0.024       0.00     18.146     17.971    -0.7995    -0.8008    -0.0013    -0.8000    -0.8013    -0.0013   2.773593   2.773848   0.000255    34.1525    34.1574     7.6788    27.4587    27.4627          6  0.000e+00
       4891 309.410946  -62.30810  -58.54616     -0.026       0.00     18.091     17.916    -0.7995    -0.8008    -0.0013    -0.8000    -0.8013    -0.0013   2.773611   2.773871   0.000260    34.1528    34.1577     7.6785    27.4589    27.4630          6  0.000e+00
       4892 309.410947  -62.30810  -58.54616     -0.032       0.00     18.064     17.889    -0.7992    -0.8006    -0.0014    -0.7997    -0.8011    -0.0014   2.773605   2.773842   0.000237    34.1524    34.1572     7.6782    27.4586    27.4626          6  0.000e+00
       4893 309.410947  -62.30810  -58.54616     -0.036       0.00     18.091     17.916    -0.7993    -0.8009    -0.0016    -0.7998    -0.8014    -0.0016   2.773611   2.773865   0.000254    34.1526    34.1579     7.6779    27.4588    27.4631          6  0.000e+00
       4894 309.410948  -62.30810  -58.54616     -0.042       0.00     18.091     17.916    -0.7993    -0.8009    -0.0016    -0.7998    -0.8014    -0.0016   2.773629   2.773854   0.000225    34.1528    34.1577     7.6776    27.4590    27.4630          6  0.000e+00
       4895 309.410948  -62.30810  -58.54616     -0.039       0.00     18.091     17.916    -0.7991    -0.8012    -0.0021    -0.7996    -0.8017    -0.0021   2.773617   2.773854   0.000237    34.1524    34.1581     7.6780    27.4587    27.4633          6  0.000e+00
       4896 309.410949  -62.30810  -58.54616     -0.047       0.00     18.016     17.842    -0.7989    -0.8011    -0.0022    -0.7994    -0.8016    -0.0022   2.773617   2.773836   0.000219    34.1522    34.1577     7.6783    27.4585    27.4630          6  0.000e+00
       4897 309.410949  -62.30810  -58.54616     -0.054       0.00     18.091     17.916    -0.7991    -0.8014    -0.0023    -0.7996    -0.8019    -0.0023   2.773587   2.773842   0.000255    34.1520    34.1581     7.6781    27.4583    27.4633          6  0.000e+00
       4898 309.410950  -62.30810  -58.54616     -0.053       0.00     18.091     17.916    -0.7991    -0.8009    -0.0018    -0.7996    -0.8014    -0.0018   2.773647   2.773854   0.000207    34.1529    34.1577     7.6777    27.4590    27.4630          6  0.000e+00
       4899 309.410950  -62.30810  -58.54616     -0.059       0.00     18.043     17.869    -0.7991    -0.8012    -0.0022    -0.7996    -0.8017    -0.0022   2.773611   2.773859   0.000248    34.1523    34.1582     7.6772    27.4586    27.4634          6  0.000e+00
       4900 309.410951  -62.30810  -58.54616     -0.060       0.00     18.064     17.889    -0.7993    -0.8009    -0.0016    -0.7998    -0.8014    -0.0016   2.773581   2.773871   0.000290    34.1522    34.1580     7.6821    27.4585    27.4632          6  0.000e+00
       4901 309.410951  -62.30810  -58.54616     -0.064       0.00     18.043     17.869    -0.7993    -0.8016    -0.0023    -0.7998    -0.8020    -0.0023   2.773605   2.773842   0.000237    34.1525    34.1583     7.6823    27.4587    27.4635          6  0.000e+00
       4902 309.410951  -62.30810  -58.54616     -0.069       0.00     18.043     17.869    -0.7993    -0.8012    -0.0019    -0.7998    -0.8017    -0.0019   2.773635   2.773865   0.000230    34.1529    34.1582     7.6824    27.4591    27.4634          6  0.000e+00
       4903 309.410952  -62.30810  -58.54616     -0.072       0.00     18.016     17.842    -0.7994    -0.8011    -0.0017    -0.7999    -0.8016    -0.0017   2.773611   2.773854   0.000243    34.1527    34.1579     7.6826    27.4589    27.4632          6  0.000e+00
       4904 309.410952  -62.30810  -58.54616     -0.073       0.00     18.043     17.869    -0.7993    -0.8014    -0.0021    -0.7998    -0.8019    -0.0021   2.773611   2.773871   0.000260    34.1526    34.1585     7.6775    27.4588    27.4636          6  0.000e+00
       4905 309.410953  -62.30810  -58.54616     -0.082       0.00     17.995     17.821    -0.7990    -0.8012    -0.0022    -0.7995    -0.8017    -0.0022   2.773605   2.773900   0.000295    34.1522    34.1587     7.6774    27.4585    27.4638          6  0.000e+00
       4906 309.410953  -62.30810  -58.54616     -0.083       0.00     18.043     17.869    -0.7991    -0.8014    -0.0023    -0.7996    -0.8019    -0.0023   2.773635   2.773842   0.000207    34.1527    34.1581     7.6827    27.4588    27.4633          6  0.000e+00
       4907 309.410954  -62.30810  -58.54616     -0.084       0.00     18.016     17.842    -0.7993    -0.8009    -0.0016    -0.7998    -0.8014    -0.0016   2.773605   2.773888   0.000283    34.1525    34.1582     7.6776    27.4587    27.4634          6  0.000e+00
       4908 309.410954  -62.30810  -58.54616     -0.089       0.00     17.995     17.821    -0.7993    -0.8009    -0.0016    -0.7998    -0.8014    -0.0016   2.773581   2.773911   0.000330    34.1522    34.1585     7.6776    27.4585    27.4637          6  0.000e+00
       4909 309.410955  -62.30810  -58.54616     -0.088       0.00     18.043     17.869    -0.7995    -0.8006    -0.0011    -0.8000    -0.8011    -0.0011   2.773587   2.773923   0.000335    34.1525    34.1583     7.6768    27.4587    27.4635          6  0.000e+00
       4910 309.410955  -62.30810  -58.54616     -0.093       0.00     17.995     17.821    -0.7992    -0.8006    -0.0014    -0.7997    -0.8011    -0.0014   2.773611   2.773951   0.000340    34.1525    34.1587     7.6759    27.4587    27.4638          6  0.000e+00
       4911 309.410956  -62.30810  -58.54616     -0.096       0.00     17.961     17.787    -0.7991    -0.7998    -0.0007    -0.7996    -0.8003    -0.0007   2.773605   2.773997   0.000392    34.1524    34.1585     7.6801    27.4586    27.4636          6  0.000e+00
       4912 309.410956  -62.30810  -58.54616     -0.099       0.00     17.995     17.821    -0.7988    -0.8003    -0.0015    -0.7993    -0.8008    -0.0015   2.773635   2.773986   0.000351    34.1524    34.1588     7.6799    27.4586    27.4639          6  0.000e+00
