Pos-Processados/process_op38/operantar38_014.ros
* Sea-Bird SBE 9 Data File:
* FileName = D:\OPERANTAR_XXXVIII\DADOS\OP38_014.hdr
* Software Version Seasave V 7.18c
* Temperature SN = 4808
* Conductivity SN = 3380
* Number of Bytes Per Scan = 34
* Number of Voltage Words = 3
* Number of Scans Averaged by the Deck Unit = 1
* NMEA Latitude = 62 11.37 S
* NMEA Longitude = 058 03.45 W
* NMEA UTC (Time) = Nov 05 2019 06:03:04
** H41
** NAVIO POLAR ALMIRANTE MAXIMIANO
** CRUZEIRO:
** OPERANTAR XXXVIII
** ESTAÇÃO: OP38_014
** LAT 62 11,38' S
** LONG 058 03,41' W
** 09P73767-1155_A
** PROFUNDIDADE: 480
** DATA/HORA: 050604Z/NOV/2019
** OPERADOR: SO-HN CHAVES
# nquan = 26
# nvalues = 2172                                  
# units = specified
# name 0 = scan: Scan Count
# name 1 = timeJ: Julian Days
# name 2 = latitude: Latitude [deg]
# name 3 = longitude: Longitude [deg]
# name 4 = dz/dtM: Descent Rate [m/s]
# name 5 = avgsvCM: Average Sound Velocity [Chen-Millero, m/s]
# name 6 = prDM: Pressure, Digiquartz [db]
# name 7 = depSM: Depth [salt water, m]
# name 8 = t090C: Temperature [ITS-90, deg C]
# name 9 = t190C: Temperature, 2 [ITS-90, deg C]
# name 10 = T2-T190C: Temperature Difference, 2 - 1 [ITS-90, deg C]
# name 11 = potemp090C: Potential Temperature [ITS-90, deg C]
# name 12 = potemp190C: Potential Temperature, 2 [ITS-90, deg C]
# name 13 = potemp90Cdiff: Potential Temperature, Diff, 2 - 1 [ITS-90, deg C]
# name 14 = c0S/m: Conductivity [S/m]
# name 15 = c1S/m: Conductivity, 2 [S/m]
# name 16 = C2-C1S/m: Conductivity Difference, 2 - 1 [S/m]
# name 17 = sal00: Salinity, Practical [PSU]
# name 18 = sal11: Salinity, Practical, 2 [PSU]
# name 19 = sbeox0ML/L: Oxygen, SBE 43 [ml/l]
# name 20 = sbeox1ML/L: Oxygen, SBE 43, 2 [ml/l]
# name 21 = sbeox0ML/Ldiff: Oxygen, SBE 43, Diff, 2 - 1 [ml/l]
# name 22 = sigma-é00: Density [sigma-theta, kg/m^3]
# name 23 = sigma-é11: Density, 2 [sigma-theta, kg/m^3]
# name 24 = nbf: Bottles Fired
# name 25 = flag:  0.000e+00
# interval = seconds: 0.0416667
# start_time = Nov 05 2019 06:03:04 [NMEA time, header]
# bad_flag = -9.990e-29
*END*
[from data line 56]
      25512 309.264432  -62.18962  -58.05754      0.003    1448.26     13.235     13.107    -0.7285    -0.7264     0.0022    -0.7289    -0.7267     0.0022   2.779442   2.779823   0.000381    34.1545    34.1572     7.6765     7.3667    -0.3098    27.4574    27.4595          1  0.000e+00
      25513 309.264433  -62.18962  -58.05754      0.001    1448.26     13.235     13.107    -0.7282    -0.7262     0.0020    -0.7286    -0.7266     0.0020   2.779412   2.779811   0.000399    34.1537    34.1569     7.6810     7.3623    -0.3187    27.4568    27.4593          1  0.000e+00
      25514 309.264433  -62.18962  -58.05754     -0.002    1448.26     13.235     13.107    -0.7284    -0.7266     0.0018    -0.7288    -0.7270     0.0018   2.779424   2.779840   0.000416    34.1541    34.1577     7.6768     7.3686    -0.3082    27.4571    27.4599          1  0.000e+00
      25515 309.264434  -62.18962  -58.05754     -0.001    1448.26     13.235     13.107    -0.7281    -0.7262     0.0018    -0.7284    -0.7266     0.0018   2.779436   2.779834   0.000398    34.1539    34.1572     7.6812     7.3641    -0.3171    27.4569    27.4595          1  0.000e+00
      25516 309.264434  -62.18962  -58.05754     -0.005    1448.26     13.235     13.107    -0.7282    -0.7264     0.0018    -0.7286    -0.7268     0.0018   2.779454   2.779846   0.000392    34.1543    34.1576     7.6762     7.3632    -0.3130    27.4573    27.4599          1  0.000e+00
      25517 309.264435  -62.18962  -58.05754     -0.009    1448.26     13.214     13.087    -0.7281    -0.7268     0.0012    -0.7284    -0.7272     0.0012   2.779424   2.779817   0.000393    34.1537    34.1577     7.6763     7.3623    -0.3139    27.4568    27.4599          1  0.000e+00
      25518 309.264435  -62.18962  -58.05754     -0.008    1448.26     13.289     13.161    -0.7282    -0.7275     0.0008    -0.7286    -0.7278     0.0008   2.779418   2.779840   0.000422    34.1538    34.1586     7.6766     7.3627    -0.3139    27.4568    27.4607          1  0.000e+00
      25519 309.264436  -62.18962  -58.05754     -0.011    1448.26     13.187     13.060    -0.7283    -0.7277     0.0007    -0.7287    -0.7280     0.0007   2.779430   2.779800   0.000370    34.1541    34.1584     7.6810     7.3616    -0.3194    27.4571    27.4605          1  0.000e+00
      25520 309.264436  -62.18962  -58.05754     -0.013    1448.26     13.235     13.107    -0.7284    -0.7290    -0.0006    -0.7288    -0.7294    -0.0006   2.779418   2.779811   0.000393    34.1540    34.1600     7.6760     7.3609    -0.3152    27.4570    27.4619          1  0.000e+00
      25521 309.264437  -62.18962  -58.05754     -0.012    1448.26     13.235     13.107    -0.7285    -0.7299    -0.0013    -0.7289    -0.7302    -0.0013   2.779430   2.779788   0.000358    34.1543    34.1607     7.6754     7.3611    -0.3143    27.4573    27.4625          1  0.000e+00
      25522 309.264437  -62.18962  -58.05754     -0.019    1448.26     13.187     13.060    -0.7284    -0.7296    -0.0012    -0.7288    -0.7300    -0.0012   2.779454   2.779771   0.000317    34.1545    34.1602     7.6747     7.3611    -0.3135    27.4575    27.4621          1  0.000e+00
      25523 309.264438  -62.18962  -58.05754     -0.019    1448.26     13.214     13.087    -0.7282    -0.7312    -0.0030    -0.7286    -0.7316    -0.0030   2.779454   2.779719   0.000265    34.1543    34.1613     7.6740     7.3616    -0.3125    27.4573    27.4631          1  0.000e+00
      25524 309.264438  -62.18962  -58.05754     -0.021    1448.26     13.235     13.107    -0.7281    -0.7326    -0.0045    -0.7284    -0.7329    -0.0045   2.779460   2.779616   0.000156    34.1542    34.1614     7.6742     7.3620    -0.3122    27.4572    27.4632          1  0.000e+00
      25525 309.264439  -62.18962  -58.05754     -0.022    1448.26     13.187     13.060    -0.7279    -0.7335    -0.0055    -0.7283    -0.7339    -0.0055   2.779484   2.779513   0.000028    34.1544    34.1611     7.6735     7.3623    -0.3112    27.4573    27.4630          1  0.000e+00
      25526 309.264439  -62.18962  -58.05754     -0.027    1448.26     13.187     13.060    -0.7279    -0.7343    -0.0064    -0.7283    -0.7347    -0.0064   2.779472   2.779461  -0.000011    34.1542    34.1613     7.6729     7.3625    -0.3103    27.4572    27.4632          1  0.000e+00
      25527 309.264440  -62.18962  -58.05754     -0.032    1448.26     13.187     13.060    -0.7273    -0.7347    -0.0074    -0.7277    -0.7351    -0.0074   2.779484   2.779403  -0.000081    34.1537    34.1610     7.6721     7.3686    -0.3035    27.4567    27.4630          1  0.000e+00
      25528 309.264440  -62.18962  -58.05754     -0.036    1448.26     13.235     13.107    -0.7275    -0.7347    -0.0073    -0.7278    -0.7351    -0.0073   2.779460   2.779421  -0.000040    34.1535    34.1612     7.6716     7.3640    -0.3077    27.4566    27.4631          1  0.000e+00
      25529 309.264441  -62.18962  -58.05754     -0.036    1448.26     13.187     13.060    -0.7273    -0.7343    -0.0070    -0.7277    -0.7347    -0.0070   2.779418   2.779455   0.000037    34.1528    34.1612     7.6710     7.3627    -0.3083    27.4560    27.4631          1  0.000e+00
      25530 309.264441  -62.18962  -58.05754     -0.038    1448.26     13.159     13.033    -0.7272    -0.7337    -0.0064    -0.7276    -0.7340    -0.0064   2.779430   2.779495   0.000065    34.1529    34.1610     7.6711     7.3613    -0.3098    27.4561    27.4630          1  0.000e+00
      25531 309.264442  -62.18962  -58.05754     -0.042    1448.26     13.187     13.060    -0.7284    -0.7314    -0.0030    -0.7288    -0.7318    -0.0030   2.779394   2.779455   0.000061    34.1537    34.1579     7.6708     7.3609    -0.3099    27.4568    27.4603          1  0.000e+00
      25532 309.264442  -62.18962  -58.05754     -0.043    1448.26     13.187     13.060    -0.7293    -0.7313    -0.0020    -0.7297    -0.7317    -0.0020   2.779382   2.779472   0.000090    34.1546    34.1581     7.6712     7.3667    -0.3045    27.4576    27.4605          1  0.000e+00
      25533 309.264443  -62.18962  -58.05754     -0.043    1448.26     13.187     13.060    -0.7298    -0.7307    -0.0009    -0.7302    -0.7311    -0.0009   2.779376   2.779432   0.000056    34.1551    34.1568     7.6767     7.3677    -0.3090    27.4579    27.4594          1  0.000e+00
      25534 309.264443  -62.18962  -58.05754     -0.049    1448.26     13.139     13.012    -0.7310    -0.7317    -0.0007    -0.7314    -0.7321    -0.0007   2.779376   2.779386   0.000010    34.1565    34.1574     7.6727     7.3689    -0.3039    27.4591    27.4599          1  0.000e+00
      25535 309.264443  -62.18962  -58.05754     -0.050    1448.26     13.187     13.060    -0.7322    -0.7332    -0.0010    -0.7326    -0.7336    -0.0010   2.779364   2.779346  -0.000019    34.1577    34.1585     7.6725     7.3631    -0.3094    27.4601    27.4609          1  0.000e+00
      25536 309.264444  -62.18962  -58.05754     -0.052    1448.26     13.159     13.033    -0.7319    -0.7337    -0.0017    -0.7323    -0.7340    -0.0017   2.779376   2.779306  -0.000071    34.1575    34.1585     7.6727     7.3629    -0.3097    27.4600    27.4609          1  0.000e+00
      25537 309.264444  -62.18962  -58.05754     -0.057    1448.26     13.139     13.012    -0.7312    -0.7346    -0.0034    -0.7316    -0.7350    -0.0034   2.779382   2.779248  -0.000134    34.1567    34.1588     7.6720     7.3629    -0.3092    27.4594    27.4611          1  0.000e+00
      25538 309.264445  -62.18962  -58.05754     -0.056    1448.26     13.187     13.060    -0.7308    -0.7350    -0.0042    -0.7312    -0.7354    -0.0042   2.779376   2.779260  -0.000117    34.1562    34.1594     7.6723     7.3627    -0.3096    27.4589    27.4617          1  0.000e+00
      25539 309.264445  -62.18962  -58.05754     -0.061    1448.26     13.139     13.012    -0.7306    -0.7348    -0.0042    -0.7309    -0.7352    -0.0042   2.779400   2.779254  -0.000147    34.1563    34.1591     7.6726     7.3624    -0.3102    27.4590    27.4614          1  0.000e+00
      25540 309.264446  -62.18962  -58.05754     -0.062    1448.26     13.139     13.012    -0.7299    -0.7354    -0.0054    -0.7303    -0.7357    -0.0054   2.779412   2.779248  -0.000164    34.1557    34.1596     7.6728     7.3623    -0.3106    27.4585    27.4619          1  0.000e+00
      25541 309.264446  -62.18962  -58.05754     -0.065    1448.26     13.139     13.012    -0.7293    -0.7347    -0.0055    -0.7296    -0.7351    -0.0055   2.779448   2.779231  -0.000217    34.1555    34.1587     7.6723     7.3619    -0.3104    27.4583    27.4611          1  0.000e+00
      25542 309.264447  -62.18962  -58.05754     -0.067    1448.26     13.159     13.033    -0.7289    -0.7343    -0.0054    -0.7292    -0.7347    -0.0054   2.779424   2.779260  -0.000165    34.1547    34.1586     7.6719     7.3616    -0.3103    27.4576    27.4610          1  0.000e+00
      25543 309.264447  -62.18962  -58.05754     -0.068    1448.26     13.139     13.012    -0.7284    -0.7332    -0.0048    -0.7288    -0.7336    -0.0048   2.779460   2.779294  -0.000166    34.1546    34.1578     7.6714     7.3612    -0.3102    27.4575    27.4603          1  0.000e+00
      25544 309.264448  -62.18962  -58.05754     -0.071    1448.26     13.084     12.958    -0.7284    -0.7332    -0.0048    -0.7288    -0.7336    -0.0048   2.779484   2.779300  -0.000184    34.1550    34.1580     7.6709     7.3609    -0.3101    27.4578    27.4604          1  0.000e+00
      25545 309.264448  -62.18962  -58.05754     -0.074    1448.26     13.139     13.012    -0.7281    -0.7340    -0.0059    -0.7284    -0.7343    -0.0059   2.779472   2.779283  -0.000190    34.1544    34.1585     7.6706     7.3608    -0.3097    27.4573    27.4609          1  0.000e+00
      25546 309.264449  -62.18962  -58.05754     -0.073    1448.26     13.139     13.012    -0.7279    -0.7340    -0.0060    -0.7283    -0.7343    -0.0060   2.779424   2.779231  -0.000193    34.1536    34.1578     7.6702     7.3606    -0.3096    27.4567    27.4604          1  0.000e+00
      25547 309.264449  -62.18962  -58.05754     -0.077    1448.26     13.084     12.958    -0.7279    -0.7345    -0.0065    -0.7283    -0.7348    -0.0065   2.779466   2.779202  -0.000264    34.1542    34.1581     7.6697     7.3604    -0.3093    27.4572    27.4606          1  0.000e+00
      25548 309.264450  -62.18962  -58.05754     -0.076    1448.26     13.139     13.012    -0.7275    -0.7346    -0.0071    -0.7278    -0.7350    -0.0071   2.779478   2.779173  -0.000305    34.1538    34.1578     7.6701     7.3603    -0.3098    27.4569    27.4603          1  0.000e+00
      25549 309.264450  -62.18962  -58.05754     -0.079    1448.26     13.111     12.985    -0.7265    -0.7354    -0.0088    -0.7269    -0.7357    -0.0088   2.779502   2.779150  -0.000352    34.1531    34.1584     7.6703     7.3602    -0.3102    27.4562    27.4609          1  0.000e+00
      25550 309.264451  -62.18962  -58.05754     -0.080    1448.26     13.084     12.958    -0.7259    -0.7357    -0.0098    -0.7263    -0.7360    -0.0098   2.779514   2.779145  -0.000369    34.1526    34.1586     7.6707     7.3600    -0.3107    27.4558    27.4611          1  0.000e+00
      25551 309.264451  -62.18962  -58.05754     -0.081    1448.26     13.139     13.012    -0.7256    -0.7358    -0.0102    -0.7260    -0.7362    -0.0102   2.779550   2.779110  -0.000440    34.1527    34.1583     7.6704     7.3610    -0.3094    27.4559    27.4608          1  0.000e+00
      25552 309.264452  -62.18962  -58.05754     -0.084    1448.26     13.084     12.958    -0.7257    -0.7352    -0.0096    -0.7260    -0.7356    -0.0096   2.779550   2.779173  -0.000377    34.1528    34.1585     7.6700     7.3606    -0.3094    27.4559    27.4610          1  0.000e+00
      25553 309.264452  -62.18962  -58.05754     -0.086    1448.26     13.084     12.958    -0.7259    -0.7357    -0.0098    -0.7263    -0.7360    -0.0098   2.779574   2.779156  -0.000418    34.1534    34.1588     7.6706     7.3652    -0.3054    27.4564    27.4612          1  0.000e+00
      25554 309.264453  -62.18962  -58.05754     -0.086    1448.26     13.139     13.012    -0.7254    -0.7364    -0.0110    -0.7258    -0.7368    -0.0110   2.779532   2.779162  -0.000370    34.1523    34.1597     7.6703     7.3592    -0.3111    27.4555    27.4620          1  0.000e+00
      25555 309.264453  -62.18962  -58.05754     -0.087    1448.26     13.057     12.931    -0.7256    -0.7359    -0.0102    -0.7260    -0.7362    -0.0102   2.779550   2.779150  -0.000400    34.1527    34.1589     7.6708     7.3587    -0.3121    27.4559    27.4613          1  0.000e+00
      25556 309.264454  -62.18962  -58.05754     -0.089    1448.26     13.084     12.958    -0.7259    -0.7361    -0.0102    -0.7263    -0.7365    -0.0102   2.779604   2.779145  -0.000459    34.1538    34.1591     7.6706     7.3584    -0.3122    27.4568    27.4615          1  0.000e+00
      25557 309.264454  -62.18962  -58.05754     -0.087    1448.26     13.084     12.958    -0.7259    -0.7366    -0.0107    -0.7263    -0.7370    -0.0107   2.779604   2.779145  -0.000459    34.1538    34.1597     7.6660     7.3581    -0.3079    27.4568    27.4620          1  0.000e+00
      25558 309.264455  -62.18962  -58.05754     -0.088    1448.26     13.084     12.958    -0.7257    -0.7354    -0.0097    -0.7261    -0.7357    -0.0096   2.779604   2.779145  -0.000459    34.1536    34.1583     7.6651     7.3576    -0.3075    27.4566    27.4608          1  0.000e+00
      25559 309.264455  -62.18962  -58.05754     -0.089    1448.26     13.084     12.958    -0.7257    -0.7352    -0.0095    -0.7261    -0.7356    -0.0095   2.779598   2.779219  -0.000378    34.1535    34.1591     7.6701     7.3572    -0.3129    27.4565    27.4614          1  0.000e+00
      25560 309.264456  -62.18962  -58.05754     -0.088    1448.26     13.084     12.958    -0.7259    -0.7346    -0.0087    -0.7263    -0.7350    -0.0087   2.779574   2.779311  -0.000263    34.1534    34.1597     7.6709     7.3567    -0.3142    27.4564    27.4619          1  0.000e+00
      25561 309.264456  -62.18962  -58.05754     -0.090    1448.26     13.057     12.931    -0.7259    -0.7354    -0.0094    -0.7263    -0.7357    -0.0094   2.779568   2.779346  -0.000222    34.1533    34.1610     7.6708     7.3576    -0.3132    27.4564    27.4630          1  0.000e+00
      25562 309.264457  -62.18962  -58.05754     -0.089    1448.26     13.084     12.958    -0.7261    -0.7347    -0.0086    -0.7264    -0.7351    -0.0086   2.779568   2.779357  -0.000211    34.1535    34.1604     7.6716     7.3572    -0.3143    27.4565    27.4625          1  0.000e+00
      25563 309.264457  -62.18962  -58.05754     -0.088    1448.26     13.084     12.958    -0.7262    -0.7345    -0.0083    -0.7266    -0.7348    -0.0083   2.779556   2.779334  -0.000222    34.1535    34.1598     7.6716     7.3581    -0.3135    27.4565    27.4620          1  0.000e+00
      25564 309.264457  -62.18962  -58.05754     -0.090    1448.26     13.036     12.911    -0.7263    -0.7337    -0.0073    -0.7267    -0.7340    -0.0073   2.779544   2.779409  -0.000135    34.1535    34.1600     7.6723     7.3577    -0.3147    27.4565    27.4621          1  0.000e+00
      25565 309.264458  -62.18962  -58.05754     -0.088    1448.26     13.084     12.958    -0.7265    -0.7323    -0.0058    -0.7269    -0.7327    -0.0058   2.779562   2.779432  -0.000130    34.1539    34.1587     7.6673     7.3572    -0.3100    27.4569    27.4610          1  0.000e+00
      25566 309.264458  -62.18962  -58.05754     -0.088    1448.26     13.084     12.958    -0.7265    -0.7307    -0.0042    -0.7269    -0.7311    -0.0042   2.779568   2.779495  -0.000073    34.1540    34.1578     7.6717     7.3567    -0.3150    27.4570    27.4602          1  0.000e+00
