Pos-Processados/process_op38/operantar38_017.ros
* Sea-Bird SBE 9 Data File:
* FileName = D:\OPERANTAR_XXXVIII\DADOS\OP38_017.hdr
* Software Version Seasave V 7.18c
* Temperature SN = 4808
* Conductivity SN = 3380
* Number of Bytes Per Scan = 34
* Number of Voltage Words = 3
* Number of Scans Averaged by the Deck Unit = 1
* NMEA Latitude = 62 16.17 S
* NMEA Longitude = 058 26.27 W
* NMEA UTC (Time) = Nov 05 2019 14:37:33
** H41
** NAVIO POLAR ALMIRANTE MAXIMIANO
** CRUZEIRO:
** OPERANTAR XXXVIII
** ESTAÇÃO: OP38_017
** LAT 62 16,18' S
** LONG 058 26,25' W
** 09P73767-1155_A
** PROFUNDIDADE: 110
** DATA/HORA: 051438Z/NOV/2019
** OPERADOR: SO-HN CHAVES
# nquan = 26
# nvalues = 1943                                  
# units = specified
# name 0 = scan: Scan Count
# name 1 = timeJ: Julian Days
# name 2 = latitude: Latitude [deg]
# name 3 = longitude: Longitude [deg]
# name 4 = dz/dtM: Descent Rate [m/s]
# name 5 = avgsvCM: Average Sound Velocity [Chen-Millero, m/s]
# name 6 = prDM: Pressure, Digiquartz [db]
# name 7 = depSM: Depth [salt water, m]
# name 8 = t090C: Temperature [ITS-90, deg C]
# name 9 = t190C: Temperature, 2 [ITS-90, deg C]
# name 10 = T2-T190C: Temperature Difference, 2 - 1 [ITS-90, deg C]
# name 11 = potemp090C: Potential Temperature [ITS-90, deg C]
# name 12 = potemp190C: Potential Temperature, 2 [ITS-90, deg C]
# name 13 = potemp90Cdiff: Potential Temperature, Diff, 2 - 1 [ITS-90, deg C]
# name 14 = c0S/m: Conductivity [S/m]
# name 15 = c1S/m: Conductivity, 2 [S/m]
# name 16 = C2-C1S/m: Conductivity Difference, 2 - 1 [S/m]
# name 17 = sal00: Salinity, Practical [PSU]
# name 18 = sal11: Salinity, Practical, 2 [PSU]
# name 19 = sbeox0ML/L: Oxygen, SBE 43 [ml/l]
# name 20 = sbeox1ML/L: Oxygen, SBE 43, 2 [ml/l]
# name 21 = sbeox0ML/Ldiff: Oxygen, SBE 43, Diff, 2 - 1 [ml/l]
# name 22 = sigma-é00: Density [sigma-theta, kg/m^3]
# name 23 = sigma-é11: Density, 2 [sigma-theta, kg/m^3]
# name 24 = nbf: Bottles Fired
# name 25 = flag:  0.000e+00
# interval = seconds: 0.0416667
# start_time = Nov 05 2019 14:37:33 [NMEA time, header]
# bad_flag = -9.990e-29
*END*
      15014 309.616650  -62.26956  -58.43788      0.123    1444.65     19.429     19.242    -0.8826    -0.8831    -0.0005    -0.8831    -0.8836    -0.0005   2.769654   2.770047   0.000393    34.1925    34.1984     7.5014     7.1626    -0.3388    27.4945    27.4992          1  0.000e+00
      15015 309.616650  -62.26956  -58.43788      0.122    1444.65     19.463     19.276    -0.8829    -0.8830    -0.0002    -0.8834    -0.8836    -0.0002   2.769642   2.770047   0.000405    34.1926    34.1983     7.5016     7.1627    -0.3389    27.4945    27.4992          1  0.000e+00
      15016 309.616651  -62.26956  -58.43788      0.119    1444.65     19.463     19.276    -0.8826    -0.8825     0.0001    -0.8831    -0.8830     0.0001   2.769636   2.770081   0.000445    34.1923    34.1982     7.5016     7.1628    -0.3389    27.4942    27.4990          1  0.000e+00
      15017 309.616651  -62.26956  -58.43788      0.115    1444.65     19.429     19.242    -0.8829    -0.8825     0.0003    -0.8834    -0.8831     0.0003   2.769618   2.770076   0.000457    34.1923    34.1982     7.5017     7.1629    -0.3388    27.4943    27.4990          1  0.000e+00
      15018 309.616652  -62.26956  -58.43788      0.113    1444.65     19.463     19.276    -0.8826    -0.8820     0.0006    -0.8831    -0.8825     0.0006   2.769630   2.770076   0.000445    34.1922    34.1976     7.5016     7.1630    -0.3387    27.4942    27.4985          1  0.000e+00
      15019 309.616652  -62.26956  -58.43788      0.114    1444.65     19.463     19.276    -0.8829    -0.8829    -0.0000    -0.8834    -0.8834    -0.0000   2.769654   2.770070   0.000416    34.1928    34.1984     7.5016     7.1633    -0.3384    27.4947    27.4993          1  0.000e+00
      15020 309.616653  -62.26958  -58.43788      0.109    1444.65     19.429     19.242    -0.8830    -0.8825     0.0005    -0.8835    -0.8830     0.0005   2.769630   2.770013   0.000382    34.1926    34.1973     7.5016     7.1634    -0.3382    27.4945    27.4983          1  0.000e+00
      15021 309.616653  -62.26958  -58.43788      0.108    1444.65     19.463     19.276    -0.8829    -0.8825     0.0003    -0.8834    -0.8831     0.0003   2.769648   2.770013   0.000364    34.1927    34.1973     7.5023     7.1635    -0.3387    27.4946    27.4983          1  0.000e+00
      15022 309.616654  -62.26958  -58.43788      0.102    1444.65     19.409     19.221    -0.8825    -0.8828    -0.0003    -0.8830    -0.8833    -0.0003   2.769684   2.770024   0.000340    34.1928    34.1978     7.5029     7.1637    -0.3392    27.4947    27.4987          1  0.000e+00
      15023 309.616654  -62.26958  -58.43788      0.101    1444.65     19.484     19.296    -0.8826    -0.8827    -0.0002    -0.8831    -0.8832    -0.0002   2.769708   2.770018   0.000310    34.1932    34.1976     7.5028     7.1639    -0.3390    27.4950    27.4985          1  0.000e+00
      15024 309.616655  -62.26958  -58.43788      0.096    1444.65     19.463     19.276    -0.8822    -0.8829    -0.0007    -0.8827    -0.8834    -0.0007   2.769696   2.770018   0.000322    34.1926    34.1977     7.5026     7.1640    -0.3386    27.4945    27.4987          1  0.000e+00
      15025 309.616655  -62.26958  -58.43788      0.094    1444.65     19.463     19.276    -0.8817    -0.8828    -0.0010    -0.8823    -0.8833    -0.0010   2.769708   2.769978   0.000270    34.1923    34.1971     7.5024     7.1642    -0.3382    27.4942    27.4982          1  0.000e+00
      15026 309.616656  -62.26958  -58.43788      0.088    1444.65     19.429     19.242    -0.8820    -0.8832    -0.0011    -0.8826    -0.8837    -0.0011   2.769678   2.769903   0.000225    34.1922    34.1966     7.5022     7.1644    -0.3378    27.4942    27.4977          1  0.000e+00
      15027 309.616656  -62.26958  -58.43788      0.088    1444.65     19.463     19.276    -0.8819    -0.8837    -0.0018    -0.8824    -0.8842    -0.0018   2.769702   2.769915   0.000213    34.1924    34.1973     7.5020     7.1647    -0.3373    27.4943    27.4984          1  0.000e+00
      15028 309.616657  -62.26958  -58.43788      0.089    1444.65     19.511     19.323    -0.8822    -0.8841    -0.0020    -0.8827    -0.8846    -0.0020   2.769696   2.769858   0.000161    34.1925    34.1970     7.5018     7.1650    -0.3369    27.4944    27.4981          1  0.000e+00
      15029 309.616657  -62.26958  -58.43788      0.077    1444.65     19.361     19.174    -0.8824    -0.8839    -0.0015    -0.8829    -0.8844    -0.0015   2.769690   2.769835   0.000144    34.1928    34.1965     7.5014     7.1637    -0.3377    27.4947    27.4977          1  0.000e+00
      15030 309.616658  -62.26958  -58.43788      0.079    1444.65     19.532     19.343    -0.8825    -0.8844    -0.0019    -0.8830    -0.8849    -0.0019   2.769690   2.769869   0.000179    34.1928    34.1974     7.5013     7.1641    -0.3372    27.4947    27.4985          1  0.000e+00
      15031 309.616658  -62.26958  -58.43788      0.077    1444.65     19.463     19.276    -0.8821    -0.8839    -0.0018    -0.8826    -0.8844    -0.0018   2.769708   2.769932   0.000224    34.1927    34.1977     7.5008     7.1640    -0.3368    27.4945    27.4987          1  0.000e+00
      15032 309.616658  -62.26958  -58.43788      0.075    1444.65     19.463     19.276    -0.8825    -0.8836    -0.0011    -0.8830    -0.8842    -0.0011   2.769660   2.769961   0.000301    34.1925    34.1978     7.5013     7.1640    -0.3373    27.4944    27.4988          1  0.000e+00
      15033 309.616659  -62.26958  -58.43788      0.070    1444.65     19.429     19.242    -0.8826    -0.8831    -0.0005    -0.8831    -0.8836    -0.0005   2.769660   2.769949   0.000289    34.1926    34.1971     7.5017     7.1640    -0.3377    27.4945    27.4982          1  0.000e+00
      15034 309.616659  -62.26958  -58.43788      0.067    1444.65     19.463     19.276    -0.8827    -0.8830    -0.0004    -0.8832    -0.8836    -0.0004   2.769624   2.769961   0.000336    34.1922    34.1972     7.5022     7.1629    -0.3393    27.4942    27.4982          1  0.000e+00
      15035 309.616660  -62.26958  -58.43788      0.067    1444.65     19.511     19.323    -0.8826    -0.8833    -0.0006    -0.8831    -0.8838    -0.0006   2.769612   2.769949   0.000337    34.1919    34.1972     7.5019     7.1630    -0.3388    27.4940    27.4983          1  0.000e+00
      15036 309.616660  -62.26958  -58.43788      0.061    1444.65     19.429     19.242    -0.8830    -0.8833    -0.0003    -0.8835    -0.8838    -0.0003   2.769612   2.769921   0.000308    34.1924    34.1970     7.5014     7.1630    -0.3384    27.4944    27.4981          1  0.000e+00
      15037 309.616661  -62.26958  -58.43788      0.059    1444.65     19.463     19.276    -0.8828    -0.8836    -0.0008    -0.8833    -0.8841    -0.0008   2.769612   2.769949   0.000337    34.1921    34.1976     7.5010     7.1631    -0.3378    27.4942    27.4986          1  0.000e+00
      15038 309.616661  -62.26958  -58.43788      0.055    1444.65     19.463     19.276    -0.8831    -0.8833    -0.0002    -0.8837    -0.8838    -0.0002   2.769589   2.769949   0.000361    34.1922    34.1973     7.5014     7.1619    -0.3395    27.4942    27.4984          1  0.000e+00
      15039 309.616662  -62.26958  -58.43788      0.051    1444.65     19.429     19.242    -0.8830    -0.8834    -0.0004    -0.8835    -0.8839    -0.0004   2.769606   2.769944   0.000337    34.1923    34.1974     7.5008     7.1619    -0.3389    27.4943    27.4984          1  0.000e+00
      15040 309.616662  -62.26958  -58.43788      0.049    1444.65     19.463     19.276    -0.8836    -0.8832     0.0004    -0.8841    -0.8837     0.0004   2.769547   2.769967   0.000420    34.1922    34.1974     7.5013     7.1619    -0.3394    27.4942    27.4984          1  0.000e+00
      15041 309.616663  -62.26958  -58.43788      0.048    1444.65     19.463     19.276    -0.8839    -0.8834     0.0005    -0.8844    -0.8839     0.0005   2.769553   2.769949   0.000397    34.1926    34.1974     7.5008     7.1619    -0.3389    27.4946    27.4985          1  0.000e+00
      15042 309.616663  -62.26958  -58.43788      0.043    1444.65     19.429     19.242    -0.8838    -0.8827     0.0011    -0.8843    -0.8832     0.0011   2.769517   2.769961   0.000444    34.1920    34.1968     7.5054     7.1618    -0.3436    27.4941    27.4979          1  0.000e+00
      15043 309.616664  -62.26958  -58.43788      0.040    1444.65     19.463     19.275    -0.8837    -0.8829     0.0009    -0.8842    -0.8834     0.0009   2.769505   2.769984   0.000479    34.1917    34.1973     7.5056     7.1618    -0.3438    27.4939    27.4983          1  0.000e+00
      15044 309.616664  -62.26958  -58.43788      0.035    1444.65     19.463     19.276    -0.8838    -0.8828     0.0010    -0.8843    -0.8833     0.0010   2.769487   2.770018   0.000531    34.1916    34.1976     7.5005     7.1618    -0.3388    27.4937    27.4986          1  0.000e+00
      15045 309.616665  -62.26958  -58.43788      0.032    1444.65     19.429     19.242    -0.8837    -0.8830     0.0007    -0.8842    -0.8836     0.0007   2.769499   2.770001   0.000502    34.1917    34.1977     7.5050     7.1618    -0.3432    27.4938    27.4987          1  0.000e+00
      15046 309.616665  -62.26958  -58.43788      0.026    1444.65     19.409     19.221    -0.8839    -0.8826     0.0013    -0.8844    -0.8832     0.0013   2.769523   2.770013   0.000490    34.1922    34.1974     7.5006     7.1617    -0.3389    27.4943    27.4984          1  0.000e+00
      15047 309.616666  -62.26958  -58.43788      0.026    1444.65     19.463     19.276    -0.8840    -0.8832     0.0008    -0.8845    -0.8837     0.0008   2.769511   2.770035   0.000525    34.1922    34.1983     7.5059     7.1618    -0.3441    27.4942    27.4992          1  0.000e+00
      15048 309.616666  -62.26958  -58.43788      0.021    1444.65     19.429     19.242    -0.8841    -0.8823     0.0018    -0.8846    -0.8828     0.0018   2.769463   2.770047   0.000584    34.1916    34.1975     7.5059     7.1617    -0.3442    27.4937    27.4985          1  0.000e+00
      15049 309.616667  -62.26958  -58.43788      0.016    1444.65     19.409     19.221    -0.8842    -0.8829     0.0013    -0.8847    -0.8834     0.0013   2.769493   2.770047   0.000554    34.1921    34.1982     7.5057     7.1617    -0.3440    27.4942    27.4990          1  0.000e+00
      15050 309.616667  -62.26958  -58.43788      0.014    1444.65     19.463     19.276    -0.8842    -0.8825     0.0018    -0.8848    -0.8830     0.0018   2.769451   2.770024   0.000573    34.1916    34.1974     7.5065     7.1617    -0.3448    27.4938    27.4984          1  0.000e+00
      15051 309.616668  -62.26958  -58.43788      0.011    1444.65     19.429     19.242    -0.8840    -0.8833     0.0007    -0.8845    -0.8838     0.0007   2.769469   2.770018   0.000549    34.1916    34.1983     7.5070     7.1677    -0.3393    27.4938    27.4991          1  0.000e+00
      15052 309.616668  -62.26958  -58.43788      0.006    1444.65     19.409     19.221    -0.8842    -0.8828     0.0015    -0.8848    -0.8833     0.0015   2.769481   2.770001   0.000520    34.1920    34.1974     7.5068     7.1688    -0.3381    27.4941    27.4984          1  0.000e+00
      15053 309.616669  -62.26958  -58.43788      0.005    1444.65     19.463     19.275    -0.8840    -0.8830     0.0010    -0.8845    -0.8836     0.0010   2.769481   2.769978   0.000497    34.1917    34.1974     7.5065     7.1699    -0.3366    27.4939    27.4984          1  0.000e+00
      15054 309.616669  -62.26958  -58.43788      0.003    1444.65     19.429     19.242    -0.8840    -0.8826     0.0014    -0.8845    -0.8832     0.0014   2.769481   2.769967   0.000486    34.1918    34.1968     7.5070     7.1650    -0.3420    27.4939    27.4979          1  0.000e+00
      15055 309.616670  -62.26958  -58.43788     -0.001    1444.65     19.409     19.221    -0.8839    -0.8832     0.0007    -0.8844    -0.8837     0.0007   2.769481   2.770001   0.000520    34.1916    34.1979     7.5073     7.1649    -0.3425    27.4938    27.4988          1  0.000e+00
      15056 309.616670  -62.26958  -58.43788     -0.006    1444.65     19.409     19.221    -0.8839    -0.8828     0.0011    -0.8844    -0.8833     0.0011   2.769463   2.770001   0.000538    34.1914    34.1974     7.5077     7.1647    -0.3431    27.4936    27.4984          1  0.000e+00
      15057 309.616671  -62.26958  -58.43788     -0.009    1444.65     19.409     19.221    -0.8841    -0.8827     0.0014    -0.8846    -0.8832     0.0014   2.769493   2.769995   0.000502    34.1920    34.1973     7.5081     7.1645    -0.3436    27.4941    27.4983          1  0.000e+00
      15058 309.616671  -62.26958  -58.43788     -0.012    1444.65     19.429     19.242    -0.8840    -0.8826     0.0014    -0.8845    -0.8832     0.0014   2.769469   2.769972   0.000503    34.1916    34.1969     7.5085     7.1644    -0.3441    27.4938    27.4980          1  0.000e+00
      15059 309.616671  -62.26958  -58.43788     -0.014    1444.65     19.409     19.221    -0.8841    -0.8825     0.0015    -0.8846    -0.8831     0.0015   2.769475   2.769984   0.000509    34.1918    34.1970     7.5087     7.1642    -0.3446    27.4939    27.4980          1  0.000e+00
      15060 309.616672  -62.26958  -58.43788     -0.017    1444.65     19.409     19.221    -0.8839    -0.8827     0.0012    -0.8844    -0.8832     0.0012   2.769481   2.769995   0.000514    34.1916    34.1973     7.5090     7.1641    -0.3449    27.4938    27.4983          1  0.000e+00
      15061 309.616672  -62.26958  -58.43788     -0.020    1444.65     19.429     19.242    -0.8841    -0.8829     0.0011    -0.8846    -0.8835     0.0011   2.769481   2.769932   0.000451    34.1918    34.1967     7.5093     7.1640    -0.3452    27.4939    27.4978          1  0.000e+00
      15062 309.616673  -62.26958  -58.43788     -0.024    1444.65     19.361     19.174    -0.8839    -0.8835     0.0004    -0.8844    -0.8840     0.0004   2.769463   2.769898   0.000435    34.1914    34.1969     7.5094     7.1698    -0.3395    27.4936    27.4980          1  0.000e+00
      15063 309.616673  -62.26958  -58.43788     -0.029    1444.65     19.361     19.174    -0.8839    -0.8834     0.0005    -0.8844    -0.8839     0.0005   2.769493   2.769909   0.000416    34.1918    34.1969     7.5095     7.1708    -0.3387    27.4939    27.4981          1  0.000e+00
      15064 309.616674  -62.26958  -58.43788     -0.029    1444.65     19.429     19.242    -0.8839    -0.8835     0.0004    -0.8844    -0.8840     0.0004   2.769505   2.769892   0.000387    34.1920    34.1968     7.5045     7.1659    -0.3386    27.4940    27.4979          1  0.000e+00
      15065 309.616674  -62.26958  -58.43788     -0.029    1444.65     19.408     19.221    -0.8839    -0.8837     0.0002    -0.8844    -0.8842     0.0002   2.769523   2.769926   0.000404    34.1922    34.1975     7.5038     7.1656    -0.3382    27.4943    27.4985          1  0.000e+00
      15066 309.616675  -62.26958  -58.43788     -0.032    1444.65     19.408     19.221    -0.8837    -0.8833     0.0004    -0.8842    -0.8838     0.0004   2.769529   2.769909   0.000380    34.1921    34.1968     7.5031     7.1653    -0.3378    27.4941    27.4980          1  0.000e+00
      15067 309.616675  -62.26958  -58.43788     -0.037    1444.65     19.326     19.140    -0.8838    -0.8836     0.0002    -0.8843    -0.8841     0.0002   2.769517   2.769909   0.000392    34.1921    34.1972     7.5024     7.1710    -0.3314    27.4941    27.4982          1  0.000e+00
      15068 309.616676  -62.26958  -58.43788     -0.037    1444.65     19.408     19.221    -0.8837    -0.8835     0.0002    -0.8842    -0.8840     0.0002   2.769523   2.769915   0.000392    34.1920    34.1971     7.5018     7.1719    -0.3299    27.4941    27.4982          1  0.000e+00
