Pos-Processados/process_op38/operantar38_014.ros
* Sea-Bird SBE 9 Data File:
* FileName = D:\OPERANTAR_XXXVIII\DADOS\OP38_014.hdr
* Software Version Seasave V 7.18c
* Temperature SN = 4808
* Conductivity SN = 3380
* Number of Bytes Per Scan = 34
* Number of Voltage Words = 3
* Number of Scans Averaged by the Deck Unit = 1
* NMEA Latitude = 62 11.37 S
* NMEA Longitude = 058 03.45 W
* NMEA UTC (Time) = Nov 05 2019 06:03:04
** H41
** NAVIO POLAR ALMIRANTE MAXIMIANO
** CRUZEIRO:
** OPERANTAR XXXVIII
** ESTAÇÃO: OP38_014
** LAT 62 11,38' S
** LONG 058 03,41' W
** 09P73767-1155_A
** PROFUNDIDADE: 480
** DATA/HORA: 050604Z/NOV/2019
** OPERADOR: SO-HN CHAVES
# nquan = 26
# nvalues = 2172                                  
# units = specified
# name 0 = scan: Scan Count
# name 1 = timeJ: Julian Days
# name 2 = latitude: Latitude [deg]
# name 3 = longitude: Longitude [deg]
# name 4 = dz/dtM: Descent Rate [m/s]
# name 5 = avgsvCM: Average Sound Velocity [Chen-Millero, m/s]
# name 6 = prDM: Pressure, Digiquartz [db]
# name 7 = depSM: Depth [salt water, m]
# name 8 = t090C: Temperature [ITS-90, deg C]
# name 9 = t190C: Temperature, 2 [ITS-90, deg C]
# name 10 = T2-T190C: Temperature Difference, 2 - 1 [ITS-90, deg C]
# name 11 = potemp090C: Potential Temperature [ITS-90, deg C]
# name 12 = potemp190C: Potential Temperature, 2 [ITS-90, deg C]
# name 13 = potemp90Cdiff: Potential Temperature, Diff, 2 - 1 [ITS-90, deg C]
# name 14 = c0S/m: Conductivity [S/m]
# name 15 = c1S/m: Conductivity, 2 [S/m]
# name 16 = C2-C1S/m: Conductivity Difference, 2 - 1 [S/m]
# name 17 = sal00: Salinity, Practical [PSU]
# name 18 = sal11: Salinity, Practical, 2 [PSU]
# name 19 = sbeox0ML/L: Oxygen, SBE 43 [ml/l]
# name 20 = sbeox1ML/L: Oxygen, SBE 43, 2 [ml/l]
# name 21 = sbeox0ML/Ldiff: Oxygen, SBE 43, Diff, 2 - 1 [ml/l]
# name 22 = sigma-é00: Density [sigma-theta, kg/m^3]
# name 23 = sigma-é11: Density, 2 [sigma-theta, kg/m^3]
# name 24 = nbf: Bottles Fired
# name 25 = flag:  0.000e+00
# interval = seconds: 0.0416667
# start_time = Nov 05 2019 06:03:04 [NMEA time, header]
# bad_flag = -9.990e-29
*END*
[from data line 1004]
      26511 309.264914  -62.18962  -58.05752     -0.036    1448.26     13.083     12.957    -0.7293    -0.7296    -0.0003    -0.7297    -0.7300    -0.0003   2.779305   2.779702   0.000398    34.1536    34.1593     7.6831     7.3608    -0.3223    27.4568    27.4614          6  0.000e+00
      26512 309.264915  -62.18962  -58.05752     -0.032    1448.26     13.083     12.957    -0.7296    -0.7294     0.0003    -0.7300    -0.7297     0.0003   2.779293   2.779714   0.000421    34.1538    34.1592     7.6823     7.3601    -0.3223    27.4569    27.4613          6  0.000e+00
      26513 309.264915  -62.18962  -58.05752     -0.029    1448.26     13.110     12.984    -0.7296    -0.7295     0.0001    -0.7300    -0.7298     0.0001   2.779323   2.779702   0.000380    34.1542    34.1592     7.6823     7.3536    -0.3287    27.4572    27.4613          6  0.000e+00
      26514 309.264916  -62.18962  -58.05752     -0.027    1448.26     13.083     12.957    -0.7294    -0.7293     0.0001    -0.7298    -0.7297     0.0001   2.779311   2.779714   0.000403    34.1538    34.1591     7.6822     7.3587    -0.3235    27.4569    27.4612          6  0.000e+00
      26515 309.264916  -62.18962  -58.05752     -0.022    1448.26     13.137     13.011    -0.7296    -0.7291     0.0006    -0.7300    -0.7294     0.0006   2.779323   2.779702   0.000380    34.1542    34.1587     7.6874     7.3592    -0.3282    27.4572    27.4608          6  0.000e+00
      26516 309.264917  -62.18962  -58.05752     -0.023    1448.26     13.035     12.909    -0.7294    -0.7298    -0.0003    -0.7298    -0.7301    -0.0003   2.779311   2.779691   0.000380    34.1539    34.1594     7.6879     7.3597    -0.3282    27.4570    27.4614          6  0.000e+00
      26517 309.264917  -62.18962  -58.05752     -0.021    1448.26     13.137     13.011    -0.7296    -0.7294     0.0002    -0.7299    -0.7297     0.0002   2.779317   2.779696   0.000380    34.1540    34.1589     7.6835     7.3543    -0.3292    27.4571    27.4611          6  0.000e+00
      26518 309.264918  -62.18962  -58.05752     -0.011    1448.26     13.137     13.011    -0.7294    -0.7296    -0.0002    -0.7298    -0.7300    -0.0002   2.779329   2.779714   0.000385    34.1540    34.1595     7.6833     7.3537    -0.3296    27.4571    27.4615          6  0.000e+00
      26519 309.264918  -62.18962  -58.05752     -0.012    1448.26     13.083     12.957    -0.7294    -0.7296    -0.0002    -0.7298    -0.7300    -0.0002   2.779334   2.779702   0.000368    34.1542    34.1593     7.6883     7.3590    -0.3294    27.4572    27.4614          6  0.000e+00
      26520 309.264918  -62.18962  -58.05752     -0.009    1448.26     13.110     12.984    -0.7294    -0.7295    -0.0001    -0.7298    -0.7299    -0.0001   2.779352   2.779714   0.000361    34.1544    34.1594     7.6838     7.3584    -0.3254    27.4574    27.4614          6  0.000e+00
      26521 309.264919  -62.18962  -58.05752     -0.007    1448.26     13.083     12.957    -0.7294    -0.7296    -0.0002    -0.7298    -0.7300    -0.0002   2.779340   2.779702   0.000362    34.1542    34.1593     7.6828     7.3518    -0.3310    27.4573    27.4614          6  0.000e+00
      26522 309.264919  -62.18962  -58.05752     -0.001    1448.26     13.137     13.011    -0.7293    -0.7297    -0.0003    -0.7297    -0.7300    -0.0003   2.779299   2.779714   0.000415    34.1535    34.1595     7.6827     7.3571    -0.3256    27.4567    27.4616          6  0.000e+00
      26523 309.264920  -62.18962  -58.05752      0.005    1448.26     13.137     13.011    -0.7293    -0.7296    -0.0003    -0.7297    -0.7300    -0.0003   2.779323   2.779725   0.000403    34.1538    34.1596     7.6825     7.3576    -0.3248    27.4569    27.4616          6  0.000e+00
      26524 309.264920  -62.18962  -58.05752      0.008    1448.26     13.137     13.011    -0.7292    -0.7293    -0.0002    -0.7295    -0.7297    -0.0002   2.779334   2.779696   0.000362    34.1538    34.1589     7.6874     7.3523    -0.3351    27.4569    27.4610          6  0.000e+00
      26525 309.264921  -62.18962  -58.05752      0.014    1448.26     13.137     13.011    -0.7294    -0.7299    -0.0004    -0.7298    -0.7302    -0.0004   2.779334   2.779696   0.000362    34.1541    34.1595     7.6880     7.3506    -0.3374    27.4572    27.4615          6  0.000e+00
      26526 309.264921  -62.18962  -58.05752      0.014    1448.26     13.110     12.984    -0.7292    -0.7296    -0.0005    -0.7295    -0.7300    -0.0005   2.779334   2.779714   0.000379    34.1538    34.1595     7.6833     7.3558    -0.3275    27.4569    27.4615          6  0.000e+00
      26527 309.264922  -62.18962  -58.05752      0.020    1448.26     13.137     13.011    -0.7292    -0.7297    -0.0005    -0.7295    -0.7300    -0.0005   2.779364   2.779685   0.000321    34.1542    34.1591     7.6822     7.3506    -0.3317    27.4572    27.4612          6  0.000e+00
      26528 309.264922  -62.18962  -58.05752      0.022    1448.26     13.137     13.011    -0.7293    -0.7298    -0.0005    -0.7296    -0.7301    -0.0005   2.779358   2.779708   0.000350    34.1542    34.1595     7.6811     7.3500    -0.3311    27.4573    27.4616          6  0.000e+00
      26529 309.264923  -62.18962  -58.05752      0.027    1448.26     13.137     13.011    -0.7292    -0.7296    -0.0005    -0.7295    -0.7300    -0.0005   2.779358   2.779702   0.000344    34.1541    34.1593     7.6860     7.3554    -0.3306    27.4572    27.4614          6  0.000e+00
      26530 309.264923  -62.18962  -58.05752      0.030    1448.26     13.185     13.058    -0.7292    -0.7292    -0.0001    -0.7295    -0.7296    -0.0001   2.779317   2.779691   0.000374    34.1535    34.1587     7.6865     7.3560    -0.3304    27.4567    27.4608          6  0.000e+00
      26531 309.264924  -62.18962  -58.05752      0.032    1448.26     13.137     13.011    -0.7292    -0.7293    -0.0002    -0.7295    -0.7297    -0.0002   2.779358   2.779696   0.000338    34.1541    34.1589     7.6816     7.3567    -0.3249    27.4572    27.4610          6  0.000e+00
      26532 309.264924  -62.18962  -58.05752      0.035    1448.26     13.158     13.031    -0.7293    -0.7294    -0.0000    -0.7297    -0.7297    -0.0000   2.779352   2.779737   0.000384    34.1542    34.1595     7.6813     7.3562    -0.3251    27.4572    27.4615          6  0.000e+00
      26533 309.264925  -62.18962  -58.05752      0.042    1448.26     13.185     13.058    -0.7290    -0.7301    -0.0011    -0.7294    -0.7304    -0.0011   2.779352   2.779673   0.000321    34.1538    34.1594     7.6809     7.3558    -0.3251    27.4569    27.4615          6  0.000e+00
      26534 309.264925  -62.18962  -58.05752      0.040    1448.26     13.137     13.011    -0.7292    -0.7316    -0.0025    -0.7295    -0.7320    -0.0025   2.779340   2.779622   0.000281    34.1539    34.1605     7.6805     7.3495    -0.3309    27.4570    27.4624          6  0.000e+00
      26535 309.264926  -62.18962  -58.05752      0.044    1448.26     13.185     13.058    -0.7292    -0.7309    -0.0018    -0.7295    -0.7313    -0.0018   2.779335   2.779662   0.000327    34.1538    34.1602     7.6801     7.3547    -0.3254    27.4569    27.4622          6  0.000e+00
      26536 309.264926  -62.18962  -58.05752      0.048    1448.26     13.137     13.011    -0.7289    -0.7309    -0.0020    -0.7292    -0.7312    -0.0020   2.779352   2.779668   0.000315    34.1537    34.1602     7.6796     7.3540    -0.3256    27.4568    27.4622          6  0.000e+00
      26537 309.264927  -62.18962  -58.05752      0.050    1448.26     13.185     13.058    -0.7292    -0.7301    -0.0010    -0.7295    -0.7305    -0.0010   2.779329   2.779633   0.000305    34.1537    34.1589     7.6845     7.3545    -0.3300    27.4568    27.4611          6  0.000e+00
      26538 309.264927  -62.18962  -58.05752      0.053    1448.26     13.185     13.058    -0.7292    -0.7306    -0.0014    -0.7295    -0.7309    -0.0014   2.779329   2.779633   0.000305    34.1537    34.1594     7.6797     7.3551    -0.3246    27.4568    27.4615          6  0.000e+00
      26539 309.264928  -62.18962  -58.05752      0.058    1448.26     13.213     13.085    -0.7291    -0.7304    -0.0013    -0.7295    -0.7308    -0.0013   2.779335   2.779645   0.000310    34.1537    34.1594     7.6793     7.3556    -0.3237    27.4568    27.4615          6  0.000e+00
      26540 309.264928  -62.18962  -58.05752      0.060    1448.26     13.185     13.058    -0.7290    -0.7306    -0.0016    -0.7294    -0.7309    -0.0016   2.779335   2.779622   0.000287    34.1536    34.1592     7.6788     7.3562    -0.3227    27.4567    27.4614          6  0.000e+00
      26541 309.264929  -62.18962  -58.05752      0.062    1448.26     13.185     13.058    -0.7292    -0.7307    -0.0015    -0.7295    -0.7311    -0.0015   2.779335   2.779639   0.000304    34.1538    34.1596     7.6784     7.3509    -0.3276    27.4569    27.4617          6  0.000e+00
      26542 309.264929  -62.18962  -58.05752      0.067    1448.26     13.233     13.106    -0.7293    -0.7312    -0.0019    -0.7297    -0.7316    -0.0019   2.779341   2.779581   0.000241    34.1540    34.1594     7.6789     7.3563    -0.3226    27.4571    27.4616          6  0.000e+00
      26543 309.264930  -62.18962  -58.05752      0.067    1448.26     13.185     13.058    -0.7290    -0.7310    -0.0020    -0.7294    -0.7314    -0.0020   2.779352   2.779604   0.000252    34.1538    34.1595     7.6792     7.3509    -0.3283    27.4569    27.4616          6  0.000e+00
      26544 309.264930  -62.18962  -58.05752      0.069    1448.26     13.185     13.058    -0.7293    -0.7311    -0.0017    -0.7297    -0.7314    -0.0017   2.779358   2.779616   0.000258    34.1543    34.1597     7.6789     7.3504    -0.3285    27.4573    27.4618          6  0.000e+00
      26545 309.264931  -62.18962  -58.05752      0.072    1448.26     13.213     13.085    -0.7292    -0.7307    -0.0015    -0.7295    -0.7311    -0.0015   2.779317   2.779639   0.000322    34.1535    34.1596     7.6786     7.3557    -0.3228    27.4567    27.4617          6  0.000e+00
      26546 309.264931  -62.18962  -58.05752      0.075    1448.26     13.233     13.106    -0.7290    -0.7304    -0.0014    -0.7294    -0.7308    -0.0014   2.779323   2.779599   0.000276    34.1534    34.1587     7.6782     7.3552    -0.3230    27.4565    27.4609          6  0.000e+00
      26547 309.264932  -62.18962  -58.05752      0.079    1448.26     13.233     13.106    -0.7293    -0.7306    -0.0013    -0.7297    -0.7310    -0.0013   2.779364   2.779633   0.000269    34.1543    34.1594     7.6787     7.3558    -0.3229    27.4573    27.4615          6  0.000e+00
      26548 309.264932  -62.18962  -58.05752      0.079    1448.26     13.233     13.106    -0.7292    -0.7302    -0.0011    -0.7295    -0.7306    -0.0011   2.779358   2.779639   0.000281    34.1541    34.1591     7.6783     7.3564    -0.3219    27.4571    27.4612          6  0.000e+00
      26549 309.264932  -62.18962  -58.05752      0.072    1448.26     13.185     13.058    -0.7288    -0.7301    -0.0013    -0.7292    -0.7305    -0.0013   2.779376   2.779645   0.000268    34.1539    34.1591     7.6787     7.3570    -0.3218    27.4570    27.4612          6  0.000e+00
      26550 309.264933  -62.18962  -58.05752      0.085    1448.26     13.288     13.160    -0.7292    -0.7306    -0.0014    -0.7295    -0.7309    -0.0014   2.779347   2.779639   0.000292    34.1539    34.1594     7.6786     7.3519    -0.3267    27.4570    27.4615          6  0.000e+00
      26551 309.264933  -62.18962  -58.05752      0.086    1448.26     13.213     13.085    -0.7289    -0.7304    -0.0015    -0.7292    -0.7308    -0.0015   2.779335   2.779645   0.000310    34.1534    34.1593     7.6782     7.3513    -0.3269    27.4566    27.4614          6  0.000e+00
      26552 309.264934  -62.18962  -58.05752      0.088    1448.26     13.288     13.160    -0.7292    -0.7303    -0.0011    -0.7295    -0.7307    -0.0011   2.779341   2.779639   0.000298    34.1538    34.1591     7.6780     7.3580    -0.3200    27.4569    27.4613          6  0.000e+00
      26553 309.264934  -62.18962  -58.05752      0.089    1448.26     13.233     13.106    -0.7292    -0.7310    -0.0019    -0.7295    -0.7314    -0.0019   2.779394   2.779668   0.000273    34.1545    34.1603     7.6776     7.3588    -0.3188    27.4575    27.4623          6  0.000e+00
      26554 309.264935  -62.18962  -58.05752      0.089    1448.26     13.233     13.106    -0.7290    -0.7304    -0.0015    -0.7294    -0.7308    -0.0015   2.779352   2.779668   0.000315    34.1538    34.1597     7.6774     7.3595    -0.3179    27.4569    27.4617          6  0.000e+00
      26555 309.264935  -62.18962  -58.05752      0.092    1448.26     13.288     13.160    -0.7290    -0.7304    -0.0014    -0.7294    -0.7308    -0.0014   2.779335   2.779691   0.000356    34.1535    34.1599     7.6771     7.3591    -0.3181    27.4567    27.4619          6  0.000e+00
      26556 309.264936  -62.18962  -58.05752      0.090    1448.26     13.233     13.106    -0.7290    -0.7299    -0.0010    -0.7294    -0.7303    -0.0010   2.779364   2.779691   0.000326    34.1539    34.1594     7.6768     7.3538    -0.3230    27.4570    27.4615          6  0.000e+00
      26557 309.264936  -62.18962  -58.05752      0.096    1448.26     13.288     13.160    -0.7292    -0.7300    -0.0008    -0.7295    -0.7304    -0.0008   2.779400   2.779679   0.000279    34.1546    34.1593     7.6765     7.3523    -0.3242    27.4575    27.4614          6  0.000e+00
      26558 309.264937  -62.18962  -58.05752      0.096    1448.26     13.260     13.133    -0.7292    -0.7301    -0.0009    -0.7295    -0.7304    -0.0009   2.779352   2.779685   0.000332    34.1540    34.1595     7.6771     7.3519    -0.3252    27.4570    27.4616          6  0.000e+00
      26559 309.264937  -62.18962  -58.05752      0.098    1448.26     13.288     13.160    -0.7292    -0.7297    -0.0005    -0.7295    -0.7301    -0.0005   2.779352   2.779760   0.000407    34.1539    34.1601     7.6768     7.3573    -0.3195    27.4570    27.4620          6  0.000e+00
      26560 309.264938  -62.18962  -58.05752      0.096    1448.26     13.233     13.106    -0.7290    -0.7296    -0.0006    -0.7294    -0.7300    -0.0006   2.779358   2.779696   0.000338    34.1539    34.1592     7.6765     7.3581    -0.3184    27.4569    27.4613          6  0.000e+00
      26561 309.264938  -62.18962  -58.05752      0.096    1448.26     13.288     13.160    -0.7290    -0.7299    -0.0010    -0.7294    -0.7303    -0.0010   2.779329   2.779714   0.000385    34.1534    34.1597     7.6763     7.3532    -0.3231    27.4566    27.4617          6  0.000e+00
      26562 309.264939  -62.18962  -58.05752      0.098    1448.26     13.288     13.160    -0.7293    -0.7297    -0.0003    -0.7297    -0.7301    -0.0003   2.779305   2.779719   0.000415    34.1535    34.1595     7.6761     7.3516    -0.3245    27.4567    27.4615          6  0.000e+00
      26563 309.264939  -62.18962  -58.05752      0.098    1448.26     13.288     13.160    -0.7296    -0.7295     0.0001    -0.7300    -0.7299     0.0001   2.779269   2.779725   0.000457    34.1533    34.1594     7.6759     7.3572    -0.3188    27.4565    27.4614          6  0.000e+00
      26564 309.264940  -62.18962  -58.05752      0.099    1448.26     13.260     13.133    -0.7296    -0.7292     0.0004    -0.7300    -0.7296     0.0004   2.779257   2.779719   0.000463    34.1532    34.1590     7.6765     7.3521    -0.3244    27.4564    27.4611          6  0.000e+00
      26565 309.264940  -62.18962  -58.05752      0.098    1448.26     13.336     13.207    -0.7299    -0.7293     0.0006    -0.7303    -0.7297     0.0006   2.779233   2.779725   0.000492    34.1531    34.1591     7.6772     7.3520    -0.3252    27.4564    27.4612          6  0.000e+00
