Pos-Processados/process_op38/operantar38_023.ros
* Sea-Bird SBE 9 Data File:
* FileName = D:\OPERANTAR_XXXVIII\DADOS\OP38_023.hdr
* Software Version Seasave V 7.18c
* Temperature SN = 4808
* Conductivity SN = 3380
* Number of Bytes Per Scan = 34
* Number of Voltage Words = 3
* Number of Scans Averaged by the Deck Unit = 1
* NMEA Latitude = 62 12.78 S
* NMEA Longitude = 058 20.56 W
* NMEA UTC (Time) = Nov 22 2019 18:35:31
** H41
** NAVIO POLAR ALMIRANTE MAXIMIANO
** CRUZEIRO:
** OPERANTAR XXXVIII
** ESTAÇÃO: OP38_023
** LAT 62 12,77'S
** LONG 058 20,58'W
** 09P73767-1155_A
** PROFUNDIDADE: 500
** DATA/HORA: 221836Z/NOV2019
** OPERADOR: SO-HN CHAVES
# nquan = 26
# nvalues = 1477                                  
# units = specified
# name 0 = scan: Scan Count
# name 1 = timeJ: Julian Days
# name 2 = latitude: Latitude [deg]
# name 3 = longitude: Longitude [deg]
# name 4 = dz/dtM: Descent Rate [m/s]
# name 5 = avgsvCM: Average Sound Velocity [Chen-Millero, m/s]
# name 6 = prDM: Pressure, Digiquartz [db]
# name 7 = depSM: Depth [salt water, m]
# name 8 = t090C: Temperature [ITS-90, deg C]
# name 9 = t190C: Temperature, 2 [ITS-90, deg C]
# name 10 = T2-T190C: Temperature Difference, 2 - 1 [ITS-90, deg C]
# name 11 = potemp090C: Potential Temperature [ITS-90, deg C]
# name 12 = potemp190C: Potential Temperature, 2 [ITS-90, deg C]
# name 13 = potemp90Cdiff: Potential Temperature, Diff, 2 - 1 [ITS-90, deg C]
# name 14 = c0S/m: Conductivity [S/m]
# name 15 = c1S/m: Conductivity, 2 [S/m]
# name 16 = C2-C1S/m: Conductivity Difference, 2 - 1 [S/m]
# name 17 = sal00: Salinity, Practical [PSU]
# name 18 = sal11: Salinity, Practical, 2 [PSU]
# name 19 = sbeox0ML/L: Oxygen, SBE 43 [ml/l]
# name 20 = sbeox1ML/L: Oxygen, SBE 43, 2 [ml/l]
# name 21 = sbeox0ML/Ldiff: Oxygen, SBE 43, Diff, 2 - 1 [ml/l]
# name 22 = sigma-é00: Density [sigma-theta, kg/m^3]
# name 23 = sigma-é11: Density, 2 [sigma-theta, kg/m^3]
# name 24 = nbf: Bottles Fired
# name 25 = flag:  0.000e+00
# interval = seconds: 0.0416667
# start_time = Nov 22 2019 18:35:31 [NMEA time, header]
# bad_flag = -9.990e-29
*END*
[from data line 614]
      30948 326.789589  -62.21308  -58.34258     -0.124    1449.93      3.430      3.397    -0.2550    -0.2467     0.0083    -0.2551    -0.2468     0.0083   2.819738   2.820903   0.001165    34.1686    34.1748     7.6530     7.3516    -0.3014    27.4478    27.4524          4  0.000e+00
      30949 326.789589  -62.21308  -58.34258     -0.126    1449.93      3.409      3.376    -0.2553    -0.2460     0.0093    -0.2554    -0.2461     0.0093   2.819750   2.820926   0.001176    34.1691    34.1744     7.6531     7.3514    -0.3017    27.4482    27.4519          4  0.000e+00
      30950 326.789590  -62.21308  -58.34258     -0.127    1449.93      3.409      3.376    -0.2556    -0.2461     0.0094    -0.2557    -0.2462     0.0094   2.819696   2.820886   0.001190    34.1687    34.1740     7.6532     7.3514    -0.3018    27.4478    27.4516          4  0.000e+00
      30951 326.789590  -62.21308  -58.34258     -0.127    1449.93      3.409      3.376    -0.2560    -0.2457     0.0103    -0.2561    -0.2458     0.0103   2.819714   2.820961   0.001247    34.1694    34.1745     7.6532     7.3512    -0.3020    27.4484    27.4520          4  0.000e+00
      30952 326.789591  -62.21308  -58.34258     -0.126    1449.93      3.464      3.431    -0.2550    -0.2451     0.0100    -0.2551    -0.2452     0.0100   2.819810   2.820961   0.001151    34.1696    34.1738     7.6530     7.3454    -0.3077    27.4485    27.4514          4  0.000e+00
      30953 326.789591  -62.21308  -58.34258     -0.126    1449.93      3.409      3.376    -0.2528    -0.2448     0.0080    -0.2530    -0.2449     0.0080   2.819858   2.820972   0.001114    34.1678    34.1737     7.6474     7.3499    -0.2975    27.4470    27.4513          4  0.000e+00
      30954 326.789592  -62.21308  -58.34258     -0.124    1449.93      3.409      3.376    -0.2520    -0.2437     0.0084    -0.2522    -0.2438     0.0084   2.819960   2.821076   0.001116    34.1683    34.1738     7.6472     7.3496    -0.2976    27.4473    27.4513          4  0.000e+00
      30955 326.789592  -62.21308  -58.34258     -0.125    1449.93      3.409      3.376    -0.2516    -0.2437     0.0079    -0.2517    -0.2438     0.0079   2.820075   2.821123   0.001048    34.1693    34.1744     7.6513     7.3438    -0.3075    27.4481    27.4518          4  0.000e+00
      30956 326.789592  -62.21308  -58.34258     -0.123    1449.93      3.409      3.376    -0.2505    -0.2440     0.0065    -0.2506    -0.2441     0.0065   2.820201   2.821094   0.000893    34.1697    34.1743     7.6510     7.3486    -0.3024    27.4484    27.4518          4  0.000e+00
      30957 326.789593  -62.21308  -58.34258     -0.123    1449.93      3.409      3.376    -0.2497    -0.2433     0.0064    -0.2498    -0.2435     0.0064   2.820237   2.821140   0.000903    34.1694    34.1743     7.6507     7.3485    -0.3022    27.4481    27.4517          4  0.000e+00
      30958 326.789593  -62.21308  -58.34258     -0.119    1449.93      3.409      3.376    -0.2496    -0.2437     0.0058    -0.2497    -0.2439     0.0058   2.820351   2.821117   0.000765    34.1707    34.1744     7.6505     7.3486    -0.3019    27.4492    27.4519          4  0.000e+00
      30959 326.789594  -62.21308  -58.34258     -0.118    1449.93      3.409      3.376    -0.2480    -0.2432     0.0048    -0.2481    -0.2433     0.0048   2.820538   2.821047   0.000509    34.1715    34.1728     7.6499     7.3544    -0.2956    27.4497    27.4506          4  0.000e+00
      30960 326.789594  -62.21308  -58.34258     -0.116    1449.93      3.409      3.376    -0.2462    -0.2437     0.0025    -0.2463    -0.2438     0.0025   2.820676   2.821111   0.000435    34.1712    34.1742     7.6501     7.3567    -0.2935    27.4494    27.4517          4  0.000e+00
      30961 326.789595  -62.21308  -58.34258     -0.114    1449.93      3.409      3.376    -0.2452    -0.2433     0.0019    -0.2454    -0.2435     0.0019   2.820749   2.821088   0.000339    34.1712    34.1736     7.6497     7.3531    -0.2966    27.4493    27.4512          4  0.000e+00
      30962 326.789595  -62.21308  -58.34258     -0.110    1449.93      3.409      3.376    -0.2443    -0.2437     0.0006    -0.2444    -0.2439     0.0006   2.820767   2.821042   0.000275    34.1704    34.1734     7.6493     7.3533    -0.2961    27.4486    27.4510          4  0.000e+00
      30963 326.789596  -62.21308  -58.34258     -0.107    1449.93      3.409      3.376    -0.2437    -0.2448    -0.0011    -0.2438    -0.2449    -0.0011   2.820785   2.821030   0.000245    34.1699    34.1744     7.6540     7.3535    -0.3005    27.4482    27.4519          4  0.000e+00
      30964 326.789596  -62.21308  -58.34258     -0.103    1449.93      3.409      3.376    -0.2426    -0.2443    -0.0017    -0.2427    -0.2444    -0.0017   2.820791   2.821024   0.000234    34.1687    34.1738     7.6500     7.3592    -0.2908    27.4472    27.4514          4  0.000e+00
      30965 326.789597  -62.21308  -58.34258     -0.098    1449.93      3.409      3.376    -0.2424    -0.2449    -0.0025    -0.2425    -0.2450    -0.0025   2.820755   2.820949   0.000195    34.1681    34.1734     7.6497     7.3547    -0.2949    27.4467    27.4511          4  0.000e+00
      30966 326.789597  -62.21308  -58.34258     -0.097    1449.93      3.409      3.376    -0.2428    -0.2452    -0.0024    -0.2429    -0.2453    -0.0024   2.820743   2.820984   0.000241    34.1683    34.1743     7.6494     7.3548    -0.2946    27.4469    27.4518          4  0.000e+00
      30967 326.789598  -62.21308  -58.34258     -0.089    1449.93      3.464      3.431    -0.2433    -0.2457    -0.0023    -0.2435    -0.2458    -0.0023   2.820676   2.820955   0.000279    34.1680    34.1744     7.6551     7.3549    -0.3002    27.4467    27.4519          4  0.000e+00
      30968 326.789598  -62.21308  -58.34258     -0.086    1449.93      3.409      3.377    -0.2433    -0.2453    -0.0019    -0.2435    -0.2454    -0.0019   2.820640   2.820787   0.000147    34.1676    34.1717     7.6562     7.3538    -0.3024    27.4463    27.4498          4  0.000e+00
      30969 326.789599  -62.21308  -58.34258     -0.080    1449.93      3.409      3.377    -0.2440    -0.2469    -0.0029    -0.2441    -0.2470    -0.0029   2.820592   2.820701   0.000108    34.1677    34.1724     7.6523     7.3540    -0.2983    27.4465    27.4504          4  0.000e+00
      30970 326.789599  -62.21308  -58.34258     -0.074    1449.93      3.464      3.431    -0.2455    -0.2488    -0.0032    -0.2456    -0.2489    -0.0032   2.820496   2.820597   0.000101    34.1681    34.1731     7.6530     7.3544    -0.2986    27.4468    27.4510          4  0.000e+00
      30971 326.789600  -62.21308  -58.34258     -0.071    1449.93      3.409      3.377    -0.2468    -0.2500    -0.0032    -0.2469    -0.2501    -0.0032   2.820418   2.820475   0.000058    34.1685    34.1729     7.6528     7.3546    -0.2982    27.4472    27.4509          4  0.000e+00
      30972 326.789600  -62.21308  -58.34258     -0.064    1449.93      3.464      3.431    -0.2488    -0.2508    -0.0020    -0.2489    -0.2509    -0.0020   2.820351   2.820481   0.000130    34.1698    34.1738     7.6528     7.3548    -0.2980    27.4484    27.4517          4  0.000e+00
      30973 326.789601  -62.21308  -58.34258     -0.060    1449.93      3.409      3.377    -0.2508    -0.2516    -0.0008    -0.2509    -0.2517    -0.0008   2.820303   2.820510   0.000207    34.1714    34.1751     7.6534     7.3548    -0.2986    27.4498    27.4528          4  0.000e+00
      30974 326.789601  -62.21308  -58.34258     -0.055    1449.93      3.464      3.431    -0.2519    -0.2509     0.0010    -0.2520    -0.2511     0.0010   2.820345   2.820481   0.000136    34.1732    34.1740     7.6531     7.3547    -0.2984    27.4513    27.4519          4  0.000e+00
      30975 326.789602  -62.21308  -58.34258     -0.048    1449.93      3.464      3.431    -0.2509    -0.2516    -0.0006    -0.2511    -0.2517    -0.0006   2.820442   2.820493   0.000051    34.1734    34.1748     7.6531     7.3547    -0.2984    27.4514    27.4526          4  0.000e+00
      30976 326.789602  -62.21308  -58.34258     -0.046    1449.93      3.409      3.377    -0.2485    -0.2516    -0.0031    -0.2486    -0.2517    -0.0031   2.820574   2.820487  -0.000087    34.1725    34.1748     7.6520     7.3546    -0.2974    27.4505    27.4525          4  0.000e+00
      30977 326.789603  -62.21308  -58.34258     -0.038    1449.93      3.464      3.431    -0.2466    -0.2514    -0.0048    -0.2467    -0.2515    -0.0048   2.820646   2.820435  -0.000212    34.1713    34.1739     7.6512     7.3547    -0.2965    27.4495    27.4518          4  0.000e+00
      30978 326.789603  -62.21308  -58.34258     -0.033    1449.93      3.464      3.431    -0.2454    -0.2516    -0.0062    -0.2455    -0.2517    -0.0062   2.820640   2.820452  -0.000188    34.1698    34.1743     7.6504     7.3604    -0.2900    27.4482    27.4521          4  0.000e+00
      30979 326.789604  -62.21308  -58.34258     -0.024    1449.93      3.512      3.478    -0.2452    -0.2519    -0.0067    -0.2454    -0.2520    -0.0067   2.820574   2.820429  -0.000145    34.1688    34.1743     7.6549     7.3615    -0.2934    27.4474    27.4522          4  0.000e+00
      30980 326.789604  -62.21308  -58.34258     -0.021    1449.93      3.382      3.350    -0.2446    -0.2524    -0.0077    -0.2447    -0.2525    -0.0077   2.820532   2.820336  -0.000195    34.1676    34.1737     7.6547     7.3625    -0.2923    27.4464    27.4517          4  0.000e+00
      30981 326.789605  -62.21308  -58.34258     -0.012    1449.93      3.560      3.526    -0.2448    -0.2528    -0.0080    -0.2449    -0.2529    -0.0080   2.820508   2.820383  -0.000125    34.1673    34.1747     7.6507     7.3636    -0.2871    27.4462    27.4525          4  0.000e+00
      30982 326.789605  -62.21308  -58.34258     -0.003    1449.93      3.512      3.478    -0.2454    -0.2531    -0.0078    -0.2455    -0.2532    -0.0078   2.820424   2.820319  -0.000104    34.1669    34.1742     7.6508     7.3588    -0.2920    27.4459    27.4522          4  0.000e+00
      30983 326.789606  -62.21308  -58.34258      0.002    1449.93      3.464      3.431    -0.2468    -0.2534    -0.0066    -0.2469    -0.2535    -0.0066   2.820333   2.820250  -0.000084    34.1673    34.1737     7.6511     7.3644    -0.2867    27.4463    27.4517          4  0.000e+00
      30984 326.789606  -62.21308  -58.34258      0.008    1449.93      3.512      3.478    -0.2477    -0.2534    -0.0057    -0.2478    -0.2535    -0.0057   2.820273   2.820325   0.000052    34.1675    34.1746     7.6506     7.3652    -0.2854    27.4465    27.4525          4  0.000e+00
      30985 326.789606  -62.21308  -58.34258      0.017    1449.93      3.512      3.478    -0.2484    -0.2537    -0.0054    -0.2485    -0.2538    -0.0054   2.820261   2.820244  -0.000017    34.1681    34.1739     7.6500     7.3661    -0.2839    27.4470    27.4519          4  0.000e+00
      30986 326.789607  -62.21308  -58.34258      0.019    1449.93      3.464      3.431    -0.2482    -0.2543    -0.0061    -0.2483    -0.2544    -0.0061   2.820261   2.820186  -0.000075    34.1679    34.1738     7.6499     7.3612    -0.2887    27.4468    27.4518          4  0.000e+00
      30987 326.789607  -62.21308  -58.34258      0.025    1449.93      3.512      3.478    -0.2480    -0.2547    -0.0067    -0.2481    -0.2548    -0.0067   2.820315   2.820192  -0.000123    34.1684    34.1742     7.6498     7.3666    -0.2832    27.4472    27.4523          4  0.000e+00
      30988 326.789608  -62.21308  -58.34258      0.031    1449.93      3.512      3.479    -0.2478    -0.2553    -0.0074    -0.2479    -0.2554    -0.0074   2.820357   2.820146  -0.000212    34.1688    34.1743     7.6489     7.3675    -0.2815    27.4475    27.4524          4  0.000e+00
      30989 326.789608  -62.21308  -58.34258      0.039    1449.93      3.560      3.526    -0.2478    -0.2558    -0.0079    -0.2479    -0.2559    -0.0079   2.820406   2.820146  -0.000260    34.1694    34.1748     7.6438     7.3682    -0.2756    27.4480    27.4528          4  0.000e+00
      30990 326.789609  -62.21308  -58.34258      0.044    1449.93      3.512      3.479    -0.2474    -0.2556    -0.0082    -0.2475    -0.2557    -0.0082   2.820442   2.820163  -0.000279    34.1694    34.1749     7.6480     7.3630    -0.2850    27.4480    27.4528          4  0.000e+00
      30991 326.789609  -62.21308  -58.34258      0.052    1449.93      3.560      3.526    -0.2469    -0.2562    -0.0093    -0.2470    -0.2563    -0.0093   2.820466   2.820059  -0.000407    34.1692    34.1742     7.6479     7.3627    -0.2852    27.4478    27.4523          4  0.000e+00
      30992 326.789610  -62.21308  -58.34258      0.059    1449.93      3.560      3.526    -0.2466    -0.2565    -0.0099    -0.2467    -0.2566    -0.0099   2.820490   2.820042  -0.000448    34.1692    34.1743     7.6470     7.3623    -0.2847    27.4478    27.4524          4  0.000e+00
      30993 326.789610  -62.21308  -58.34258      0.064    1449.93      3.512      3.479    -0.2465    -0.2569    -0.0104    -0.2466    -0.2570    -0.0104   2.820520   2.819995  -0.000524    34.1694    34.1741     7.6469     7.3676    -0.2793    27.4479    27.4523          4  0.000e+00
      30994 326.789611  -62.21308  -58.34258      0.068    1449.93      3.560      3.526    -0.2465    -0.2585    -0.0121    -0.2466    -0.2587    -0.0121   2.820490   2.819891  -0.000598    34.1690    34.1746     7.6469     7.3628    -0.2841    27.4476    27.4527          4  0.000e+00
      30995 326.789611  -62.21308  -58.34258      0.075    1449.93      3.560      3.526    -0.2462    -0.2589    -0.0127    -0.2463    -0.2590    -0.0127   2.820496   2.819880  -0.000616    34.1687    34.1748     7.6467     7.3680    -0.2787    27.4474    27.4529          4  0.000e+00
      30996 326.789612  -62.21308  -58.34258      0.078    1449.93      3.560      3.526    -0.2468    -0.2595    -0.0127    -0.2469    -0.2596    -0.0127   2.820376   2.819799  -0.000577    34.1678    34.1744     7.6469     7.3629    -0.2839    27.4467    27.4526          4  0.000e+00
      30997 326.789612  -62.21308  -58.34258      0.085    1449.93      3.615      3.580    -0.2486    -0.2604    -0.0118    -0.2488    -0.2605    -0.0118   2.820177   2.819759  -0.000418    34.1672    34.1748     7.6473     7.3683    -0.2790    27.4463    27.4530          4  0.000e+00
      30998 326.789613  -62.21308  -58.34258      0.088    1449.93      3.560      3.526    -0.2505    -0.2603    -0.0098    -0.2506    -0.2604    -0.0098   2.820069   2.819845  -0.000223    34.1679    34.1759     7.6476     7.3629    -0.2847    27.4469    27.4538          4  0.000e+00
      30999 326.789613  -62.21308  -58.34258      0.090    1449.93      3.560      3.526    -0.2520    -0.2595    -0.0074    -0.2522    -0.2596    -0.0074   2.819966   2.819805  -0.000162    34.1683    34.1744     7.6479     7.3679    -0.2800    27.4473    27.4527          4  0.000e+00
      31000 326.789614  -62.21308  -58.34258      0.092    1449.93      3.560      3.526    -0.2530    -0.2589    -0.0059    -0.2531    -0.2590    -0.0059   2.819864   2.819822  -0.000042    34.1679    34.1740     7.6480     7.3682    -0.2798    27.4471    27.4522          4  0.000e+00
      31001 326.789614  -62.21308  -58.34258      0.103    1449.93      3.663      3.628    -0.2535    -0.2596    -0.0062    -0.2536    -0.2598    -0.0062   2.819840   2.819805  -0.000035    34.1681    34.1746     7.6431     7.3677    -0.2755    27.4473    27.4528          4  0.000e+00
