Pos-Processados/process_op38/operantar38_024.ros
* Sea-Bird SBE 9 Data File:
* FileName = D:\OPERANTAR_XXXVIII\DADOS\OP38_024.hdr
* Software Version Seasave V 7.18c
* Temperature SN = 4808
* Conductivity SN = 3380
* Number of Bytes Per Scan = 34
* Number of Voltage Words = 3
* Number of Scans Averaged by the Deck Unit = 1
* NMEA Latitude = 62 13.17 S
* NMEA Longitude = 058 22.76 W
* NMEA UTC (Time) = Nov 22 2019 19:55:17
** H41
** NAVIO POLAR ALMIRANTE MAXIMIANO
** CRUZEIRO:
** OPERANTAR XXXVIII
** ESTAÇÃO: OP38_024
** LAT 62 13,16'S
** LONG 058 22,74'W
** 09P73767-1155_A
** PROFUNDIDADE: 292
** DATA/HORA: 221955Z/NOV/2019
** OPERADOR: SO-HN CHAVES
# nquan = 27
# nvalues = 1425                                  
# units = specified
# name 0 = scan: Scan Count
# name 1 = timeJ: Julian Days
# name 2 = latitude: Latitude [deg]
# name 3 = longitude: Longitude [deg]
# name 4 = dz/dtM: Descent Rate [m/s]
# name 5 = avgsvCM: Average Sound Velocity [Chen-Millero, m/s]
# name 6 = prDM: Pressure, Digiquartz [db]
# name 7 = depSM: Depth [salt water, m]
# name 8 = t090C: Temperature [ITS-90, deg C]
# name 9 = t190C: Temperature, 2 [ITS-90, deg C]
# name 10 = T2-T190C: Temperature Difference, 2 - 1 [ITS-90, deg C]
# name 11 = potemp090C: Potential Temperature [ITS-90, deg C]
# name 12 = potemp190C: Potential Temperature, 2 [ITS-90, deg C]
# name 13 = potemp90Cdiff: Potential Temperature, Diff, 2 - 1 [ITS-90, deg C]
# name 14 = c0S/m: Conductivity [S/m]
# name 15 = c1S/m: Conductivity, 2 [S/m]
# name 16 = C2-C1S/m: Conductivity Difference, 2 - 1 [S/m]
# name 17 = sal00: Salinity, Practical [PSU]
# name 18 = sal11: Salinity, Practical, 2 [PSU]
# name 19 = sbeox0ML/L: Oxygen, SBE 43 [ml/l]
# name 20 = sigma-é00: Density [sigma-theta, kg/m^3]
# name 21 = sigma-é11: Density, 2 [sigma-theta, kg/m^3]
# name 22 = sbox0Mm/Kg: Oxygen, SBE 43 [umol/kg]
# name 23 = oxsolMm/Kg: Oxygen Saturation, Garcia & Gordon [umol/kg]
# name 24 = oxsatMm/Kg: Oxygen Saturation, Weiss [umol/kg]
# name 25 = nbf: Bottles Fired
# name 26 = flag:  0.000e+00
# interval = seconds: 0.0416667
# start_time = Nov 22 2019 19:55:17 [NMEA time, header]
# bad_flag = -9.990e-29
*END*
[from data line 806]
      19195 326.839314  -62.21964  -58.37922      0.056    1448.21      3.215      3.184    -0.2597    -0.2589     0.0008    -0.2598    -0.2590     0.0008   2.819232   2.819730   0.000497    34.1673    34.1730     7.6604    27.4469    27.4514    332.973  352.60348  354.13087          5  0.000e+00
      19196 326.839315  -62.21964  -58.37922      0.048    1448.21      3.215      3.184    -0.2606    -0.2590     0.0016    -0.2607    -0.2591     0.0016   2.819214   2.819764   0.000550    34.1681    34.1736     7.6650    27.4475    27.4520    333.176  352.60981  354.13744          5  0.000e+00
      19197 326.839315  -62.21964  -58.37922      0.047    1448.21      3.270      3.238    -0.2605    -0.2590     0.0014    -0.2606    -0.2591     0.0014   2.819178   2.819660   0.000482    34.1674    34.1722     7.6704    27.4470    27.4508    333.408  352.61017  354.13772          5  0.000e+00
      19198 326.839316  -62.21964  -58.37922      0.039    1448.21      3.215      3.184    -0.2600    -0.2590     0.0010    -0.2601    -0.2591     0.0010   2.819190   2.819683   0.000493    34.1670    34.1725     7.6704    27.4467    27.4511    333.410  352.60680  354.13424          5  0.000e+00
      19199 326.839316  -62.21964  -58.37922      0.035    1448.21      3.215      3.184    -0.2588    -0.2593    -0.0005    -0.2589    -0.2594    -0.0005   2.819256   2.819672   0.000415    34.1666    34.1727     7.6594    27.4463    27.4513    332.932  352.59729  354.12446          5  0.000e+00
      19200 326.839317  -62.21964  -58.37922      0.030    1448.21      3.215      3.184    -0.2582    -0.2596    -0.0015    -0.2583    -0.2597    -0.0015   2.819335   2.819631   0.000297    34.1669    34.1725     7.6630    27.4465    27.4511    333.087  352.59016  354.11721          5  0.000e+00
      19201 326.839317  -62.21964  -58.37922      0.021    1448.21      3.215      3.184    -0.2577    -0.2597    -0.0020    -0.2578    -0.2598    -0.0020   2.819359   2.819695   0.000336    34.1667    34.1734     7.6681    27.4463    27.4518    333.311  352.58644  354.11338          5  0.000e+00
      19202 326.839318  -62.21964  -58.37922      0.013    1448.21      3.167      3.137    -0.2572    -0.2600    -0.0028    -0.2573    -0.2601    -0.0028   2.819359   2.819666   0.000307    34.1661    34.1734     7.6689    27.4458    27.4518    333.346  352.58317  354.10998          5  0.000e+00
      19203 326.839318  -62.21964  -58.37922      0.011    1448.21      3.215      3.184    -0.2576    -0.2595    -0.0019    -0.2577    -0.2596    -0.0019   2.819341   2.819649   0.000308    34.1663    34.1726     7.6700    27.4460    27.4511    333.392  352.58640  354.11330          5  0.000e+00
      19204 326.839319  -62.21964  -58.37922      0.006    1448.21      3.215      3.184    -0.2571    -0.2589    -0.0018    -0.2572    -0.2590    -0.0018   2.819353   2.819701   0.000348    34.1659    34.1726     7.6708    27.4456    27.4511    333.428  352.58277  354.10954          5  0.000e+00
      19205 326.839319  -62.21964  -58.37922     -0.002    1448.21      3.167      3.137    -0.2569    -0.2584    -0.0015    -0.2570    -0.2585    -0.0015   2.819413   2.819706   0.000294    34.1665    34.1722     7.6615    27.4461    27.4508    333.022  352.57941  354.10618          5  0.000e+00
      19206 326.839320  -62.21964  -58.37922     -0.005    1448.21      3.215      3.184    -0.2564    -0.2582    -0.0018    -0.2565    -0.2583    -0.0018   2.819455   2.819758   0.000304    34.1665    34.1726     7.6660    27.4461    27.4511    333.219  352.57511  354.10178          5  0.000e+00
      19207 326.839320  -62.21964  -58.37922     -0.012    1448.21      3.133      3.103    -0.2562    -0.2582    -0.0020    -0.2563    -0.2583    -0.0020   2.819521   2.819787   0.000266    34.1672    34.1731     7.6712    27.4467    27.4515    333.443  352.57112  354.09778          5  0.000e+00
      19208 326.839321  -62.21964  -58.37922     -0.017    1448.21      3.215      3.184    -0.2562    -0.2584    -0.0022    -0.2564    -0.2585    -0.0022   2.819503   2.819724   0.000221    34.1670    34.1724     7.6723    27.4465    27.4509    333.493  352.57227  354.09893          5  0.000e+00
      19209 326.839321  -62.21964  -58.37922     -0.023    1448.21      3.167      3.137    -0.2560    -0.2580    -0.0020    -0.2561    -0.2581    -0.0020   2.819473   2.819730   0.000257    34.1663    34.1720     7.6733    27.4459    27.4506    333.534  352.57153  354.09810          5  0.000e+00
      19210 326.839321  -62.21964  -58.37922     -0.028    1448.21      3.167      3.137    -0.2561    -0.2587    -0.0026    -0.2562    -0.2588    -0.0026   2.819503   2.819654   0.000151    34.1669    34.1718     7.6626    27.4464    27.4505    333.071  352.57148  354.09812          5  0.000e+00
      19211 326.839322  -62.21964  -58.37922     -0.036    1448.21      3.167      3.137    -0.2562    -0.2592    -0.0029    -0.2564    -0.2593    -0.0029   2.819497   2.819643   0.000146    34.1669    34.1722     7.6665    27.4464    27.4508    333.238  352.57241  354.09907          5  0.000e+00
      19212 326.839322  -62.21964  -58.37922     -0.037    1448.21      3.167      3.137    -0.2559    -0.2581    -0.0022    -0.2560    -0.2582    -0.0022   2.819509   2.819735   0.000226    34.1667    34.1722     7.6717    27.4462    27.4508    333.468  352.56985  354.09642          5  0.000e+00
      19213 326.839323  -62.21964  -58.37922     -0.042    1448.21      3.167      3.137    -0.2560    -0.2589    -0.0029    -0.2561    -0.2590    -0.0029   2.819539   2.819660   0.000121    34.1672    34.1721     7.6728    27.4466    27.4507    333.511  352.56909  354.09571          5  0.000e+00
      19214 326.839323  -62.21964  -58.37922     -0.048    1448.21      3.112      3.082    -0.2562    -0.2595    -0.0032    -0.2563    -0.2596    -0.0032   2.819461   2.819625   0.000165    34.1665    34.1723     7.6637    27.4461    27.4509    333.117  352.57365  354.10029          5  0.000e+00
      19215 326.839324  -62.21964  -58.37922     -0.053    1448.21      3.167      3.137    -0.2562    -0.2603    -0.0040    -0.2564    -0.2604    -0.0040   2.819437   2.819631   0.000194    34.1661    34.1733     7.6634    27.4458    27.4517    333.103  352.57463  354.10125          5  0.000e+00
      19216 326.839324  -62.21964  -58.37922     -0.057    1448.21      3.167      3.137    -0.2559    -0.2616    -0.0057    -0.2560    -0.2617    -0.0057   2.819377   2.819527   0.000151    34.1650    34.1734     7.6681    27.4448    27.4519    333.308  352.57472  354.10120          5  0.000e+00
      19217 326.839325  -62.21964  -58.37922     -0.061    1448.21      3.112      3.082    -0.2555    -0.2623    -0.0068    -0.2556    -0.2624    -0.0068   2.819359   2.819550   0.000192    34.1643    34.1745     7.6711    27.4443    27.4528    333.442  352.57281  354.09918          5  0.000e+00
      19218 326.839325  -62.21964  -58.37922     -0.068    1448.21      3.112      3.082    -0.2553    -0.2625    -0.0071    -0.2554    -0.2626    -0.0071   2.819280   2.819521   0.000241    34.1630    34.1743     7.6715    27.4432    27.4527    333.457  352.57463  354.10090          5  0.000e+00
      19219 326.839326  -62.21964  -58.37922     -0.068    1448.21      3.167      3.137    -0.2553    -0.2610    -0.0057    -0.2554    -0.2611    -0.0057   2.819232   2.819493   0.000260    34.1624    34.1723     7.6718    27.4427    27.4510    333.473  352.57650  354.10273          5  0.000e+00
      19220 326.839326  -62.21964  -58.37922     -0.074    1448.21      3.112      3.082    -0.2569    -0.2603    -0.0033    -0.2570    -0.2604    -0.0033   2.819184   2.819556   0.000372    34.1636    34.1723     7.6731    27.4437    27.4509    333.528  352.58809  354.11471          5  0.000e+00
      19221 326.839327  -62.21964  -58.37922     -0.077    1448.21      3.112      3.082    -0.2611    -0.2606     0.0005    -0.2612    -0.2607     0.0005   2.819028   2.819550   0.000523    34.1661    34.1726     7.6750    27.4460    27.4512    333.607  352.61934  354.14696          5  0.000e+00
      19222 326.839327  -62.21964  -58.37922     -0.076    1448.21      3.167      3.137    -0.2631    -0.2603     0.0028    -0.2632    -0.2604     0.0028   2.818925   2.819504   0.000579    34.1670    34.1716     7.6655    27.4468    27.4504    333.198  352.63559  354.16367          5  0.000e+00
      19223 326.839328  -62.21964  -58.37922     -0.078    1448.21      3.112      3.082    -0.2645    -0.2615     0.0030    -0.2646    -0.2616     0.0030   2.818829   2.819516   0.000686    34.1673    34.1731     7.6638    27.4471    27.4517    333.122  352.64755  354.17593          5  0.000e+00
      19224 326.839328  -62.21964  -58.37922     -0.083    1448.21      3.064      3.035    -0.2653    -0.2616     0.0037    -0.2654    -0.2617     0.0037   2.818805   2.819423   0.000618    34.1679    34.1721     7.6721    27.4477    27.4509    333.481  352.65331  354.18189          5  0.000e+00
      19225 326.839329  -62.21964  -58.37922     -0.084    1448.21      3.167      3.137    -0.2644    -0.2620     0.0024    -0.2645    -0.2621     0.0024   2.818859   2.819423   0.000564    34.1676    34.1724     7.6722    27.4473    27.4511    333.487  352.64582  354.17419          5  0.000e+00
      19226 326.839329  -62.21964  -58.37922     -0.085    1448.21      3.112      3.082    -0.2628    -0.2620     0.0009    -0.2629    -0.2621     0.0009   2.818956   2.819441   0.000485    34.1671    34.1726     7.6576    27.4469    27.4513    332.851  352.63262  354.16065          5  0.000e+00
      19227 326.839330  -62.21964  -58.37922     -0.090    1448.21      3.037      3.008    -0.2613    -0.2618    -0.0006    -0.2614    -0.2619    -0.0006   2.819082   2.819400   0.000318    34.1671    34.1720     7.6610    27.4468    27.4508    333.001  352.61828  354.14599          5  0.000e+00
      19228 326.839330  -62.21964  -58.37922     -0.090    1448.21      3.112      3.082    -0.2603    -0.2620    -0.0017    -0.2604    -0.2621    -0.0017   2.819196   2.819429   0.000233    34.1675    34.1725     7.6698    27.4471    27.4512    333.384  352.60818  354.13570          5  0.000e+00
      19229 326.839331  -62.21964  -58.37922     -0.090    1448.21      3.112      3.082    -0.2587    -0.2629    -0.0042    -0.2588    -0.2630    -0.0042   2.819304   2.819377   0.000073    34.1671    34.1728     7.6639    27.4467    27.4515    333.129  352.59428  354.12145          5  0.000e+00
      19230 326.839331  -62.21964  -58.37922     -0.093    1448.21      3.112      3.082    -0.2580    -0.2631    -0.0051    -0.2581    -0.2632    -0.0051   2.819310   2.819377   0.000067    34.1664    34.1730     7.6532    27.4461    27.4517    332.663  352.58981  354.11680          5  0.000e+00
      19231 326.839332  -62.21964  -58.37922     -0.095    1448.21      3.064      3.035    -0.2577    -0.2632    -0.0055    -0.2578    -0.2633    -0.0055   2.819341   2.819429   0.000088    34.1665    34.1739     7.6621    27.4462    27.4524    333.050  352.58685  354.11379          5  0.000e+00
      19232 326.839332  -62.21964  -58.37922     -0.096    1448.21      3.064      3.035    -0.2575    -0.2621    -0.0046    -0.2576    -0.2622    -0.0046   2.819316   2.819458   0.000141    34.1660    34.1731     7.6676    27.4458    27.4517    333.287  352.58667  354.11355          5  0.000e+00
      19233 326.839333  -62.21964  -58.37922     -0.097    1448.21      3.064      3.035    -0.2582    -0.2620    -0.0037    -0.2583    -0.2621    -0.0037   2.819341   2.819481   0.000140    34.1671    34.1732     7.6630    27.4467    27.4518    333.087  352.59004  354.11711          5  0.000e+00
      19234 326.839333  -62.21964  -58.37922     -0.095    1448.21      3.112      3.082    -0.2582    -0.2618    -0.0037    -0.2583    -0.2619    -0.0037   2.819341   2.819498   0.000158    34.1670    34.1733     7.6568    27.4466    27.4518    332.819  352.58976  354.11682          5  0.000e+00
      19235 326.839334  -62.21964  -58.37922     -0.100    1448.21      3.064      3.035    -0.2580    -0.2616    -0.0037    -0.2581    -0.2617    -0.0037   2.819310   2.819435   0.000124    34.1665    34.1722     7.6615    27.4461    27.4510    333.022  352.58973  354.11672          5  0.000e+00
      19236 326.839334  -62.21964  -58.37922     -0.100    1448.21      3.016      2.987    -0.2586    -0.2615    -0.0029    -0.2587    -0.2616    -0.0029   2.819286   2.819481   0.000195    34.1669    34.1727     7.6671    27.4465    27.4514    333.264  352.59443  354.12157          5  0.000e+00
      19237 326.839334  -62.21964  -58.37922     -0.096    1448.21      3.112      3.082    -0.2592    -0.2612    -0.0020    -0.2593    -0.2613    -0.0020   2.819220   2.819469   0.000249    34.1666    34.1722     7.6634    27.4463    27.4509    333.106  352.60057  354.12781          5  0.000e+00
      19238 326.839335  -62.21964  -58.37922     -0.101    1448.21      3.016      2.987    -0.2602    -0.2614    -0.0011    -0.2603    -0.2615    -0.0011   2.819160   2.819446   0.000286    34.1670    34.1721     7.6574    27.4467    27.4509    332.843  352.60899  354.13648          5  0.000e+00
      19239 326.839335  -62.21964  -58.37922     -0.096    1448.21      3.112      3.082    -0.2606    -0.2610    -0.0004    -0.2607    -0.2611    -0.0004   2.819148   2.819527   0.000379    34.1672    34.1728     7.6616    27.4469    27.4514    333.025  352.61208  354.13966          5  0.000e+00
      19240 326.839336  -62.21964  -58.37922     -0.094    1448.21      3.064      3.035    -0.2611    -0.2609     0.0002    -0.2612    -0.2610     0.0002   2.819124   2.819446   0.000322    34.1675    34.1715     7.6672    27.4471    27.4504    333.268  352.61572  354.14340          5  0.000e+00
      19241 326.839336  -62.21964  -58.37922     -0.097    1448.21      3.016      2.987    -0.2626    -0.2623     0.0004    -0.2627    -0.2624     0.0004   2.819076   2.819446   0.000370    34.1686    34.1731     7.6686    27.4481    27.4517    333.331  352.62697  354.15504          5  0.000e+00
      19242 326.839337  -62.21964  -58.37922     -0.094    1448.21      3.064      3.035    -0.2642    -0.2620     0.0022    -0.2643    -0.2621     0.0022   2.819064   2.819493   0.000429    34.1702    34.1734     7.6600    27.4494    27.4519    332.956  352.63705  354.16552          5  0.000e+00
      19243 326.839337  -62.21964  -58.37922     -0.094    1448.21      3.064      3.035    -0.2650    -0.2623     0.0027    -0.2651    -0.2624     0.0027   2.819088   2.819452   0.000364    34.1713    34.1732     7.6650    27.4504    27.4518    333.172  352.64077  354.16946          5  0.000e+00
      19244 326.839338  -62.21964  -58.37922     -0.093    1448.21      3.064      3.035    -0.2642    -0.2621     0.0021    -0.2643    -0.2622     0.0021   2.819094   2.819487   0.000393    34.1706    34.1735     7.6689    27.4497    27.4520    333.343  352.63594  354.16444          5  0.000e+00
      19245 326.839338  -62.21964  -58.37922     -0.095    1448.21      3.016      2.987    -0.2640    -0.2613     0.0027    -0.2641    -0.2614     0.0027   2.819148   2.819493   0.000344    34.1711    34.1727     7.6693    27.4502    27.4513    333.358  352.63281  354.16129          5  0.000e+00
      19246 326.839339  -62.21964  -58.37922     -0.090    1448.21      3.064      3.035    -0.2636    -0.2613     0.0022    -0.2637    -0.2614     0.0022   2.819172   2.819452   0.000280    34.1709    34.1721     7.6603    27.4500    27.4509    332.968  352.62917  354.15755          5  0.000e+00
      19247 326.839339  -62.21964  -58.37922     -0.089    1448.21      3.037      3.008    -0.2630    -0.2612     0.0018    -0.2631    -0.2613     0.0018   2.819154   2.819545   0.000391    34.1700    34.1732     7.6650    27.4492    27.4517    333.174  352.62625  354.15446          5  0.000e+00
