Pos-Processados/process_op38/operantar38_003c.ros
* Sea-Bird SBE 9 Data File:
* FileName = D:\OPERANTAR_XXXVIII\DADOS\OP38_003c.hdr
* Software Version Seasave V 7.12
* Temperature SN = 4808
* Conductivity SN = 3380
* Number of Bytes Per Scan = 31
* Number of Voltage Words = 2
* Number of Scans Averaged by the Deck Unit = 1
* NMEA Latitude = 39 32.86 S
* NMEA Longitude = 054 23.47 W
* NMEA UTC (Time) = Oct 17 2019 10:25:40
** H41
** NAVIO POLAR ALMIRANTE MAXIMIANO
** CRUZEIRO:
** OPERANTAR XXXVIII
** ESTAÇÃO: OP38_003c
** LAT 39º32,87's
** LONG 054º23,45'w
** 09P73767-1155
** PROFUNDIDADE: 2920 m
** DATA/HORA: 171026Z/OUT/2019
** OPERADOR: SO-HN CHAVES
# nquan = 26
# nvalues = 1428                                  
# units = specified
# name 0 = scan: Scan Count
# name 1 = timeJ: Julian Days
# name 2 = latitude: Latitude [deg]
# name 3 = longitude: Longitude [deg]
# name 4 = dz/dtM: Descent Rate [m/s]
# name 5 = avgsvCM: Average Sound Velocity [Chen-Millero, m/s]
# name 6 = prDM: Pressure, Digiquartz [db]
# name 7 = depSM: Depth [salt water, m]
# name 8 = t090C: Temperature [ITS-90, deg C]
# name 9 = t190C: Temperature, 2 [ITS-90, deg C]
# name 10 = T2-T190C: Temperature Difference, 2 - 1 [ITS-90, deg C]
# name 11 = potemp090C: Potential Temperature [ITS-90, deg C]
# name 12 = potemp190C: Potential Temperature, 2 [ITS-90, deg C]
# name 13 = potemp90Cdiff: Potential Temperature, Diff, 2 - 1 [ITS-90, deg C]
# name 14 = c0S/m: Conductivity [S/m]
# name 15 = c1S/m: Conductivity, 2 [S/m]
# name 16 = C2-C1S/m: Conductivity Difference, 2 - 1 [S/m]
# name 17 = sal00: Salinity, Practical [PSU]
# name 18 = sal11: Salinity, Practical, 2 [PSU]
# name 19 = sbeox0ML/L: Oxygen, SBE 43 [ml/l]
# name 20 = sbeox1ML/L: Oxygen, SBE 43, 2 [ml/l]
# name 21 = sbeox0ML/Ldiff: Oxygen, SBE 43, Diff, 2 - 1 [ml/l]
# name 22 = sigma-é00: Density [sigma-theta, kg/m^3]
# name 23 = sigma-é11: Density, 2 [sigma-theta, kg/m^3]
# name 24 = nbf: Bottles Fired
# name 25 = flag:  0.000e+00
# interval = seconds: 0.0416667
# start_time = Oct 17 2019 10:25:40 [NMEA time, header]
# bad_flag = -9.990e-29
*END*
[from data line 1283]
       3750 290.436299  -39.54772  -54.39122     -0.127       0.00      2.826      2.805     6.6578     6.6607     0.0029     6.6576     6.6605     0.0029   3.415824   3.416625   0.000801    34.0978    34.1038     7.3462     7.0057    -0.3406    26.7544    26.7588          9  0.000e+00
       3751 290.436299  -39.54772  -54.39122     -0.118       0.00      2.826      2.805     6.6575     6.6618     0.0043     6.6573     6.6616     0.0043   3.415772   3.416706   0.000934    34.0976    34.1036     7.3432     7.0086    -0.3345    26.7543    26.7585          9  0.000e+00
       3752 290.436300  -39.54772  -54.39122     -0.112       0.00      2.779      2.757     6.6564     6.6622     0.0058     6.6562     6.6620     0.0058   3.415727   3.416781   0.001054    34.0982    34.1041     7.3437     7.0085    -0.3352    26.7549    26.7588          9  0.000e+00
       3753 290.436300  -39.54772  -54.39122     -0.098       0.00      2.826      2.805     6.6562     6.6623     0.0061     6.6560     6.6621     0.0061   3.415675   3.416800   0.001124    34.0978    34.1042     7.3443     7.0078    -0.3365    26.7546    26.7588          9  0.000e+00
       3754 290.436301  -39.54772  -54.39122     -0.091       0.00      2.826      2.805     6.6569     6.6632     0.0063     6.6566     6.6629     0.0063   3.415779   3.416843   0.001064    34.0983    34.1038     7.3447     7.0070    -0.3377    26.7549    26.7584          9  0.000e+00
       3755 290.436301  -39.54772  -54.39122     -0.080       0.00      2.826      2.805     6.6577     6.6633     0.0057     6.6574     6.6631     0.0057   3.415837   3.416905   0.001068    34.0981    34.1043     7.3452     7.0024    -0.3428    26.7547    26.7588          9  0.000e+00
       3756 290.436302  -39.54772  -54.39122     -0.066       0.00      2.881      2.859     6.6583     6.6638     0.0054     6.6581     6.6635     0.0054   3.415889   3.416924   0.001035    34.0980    34.1041     7.3453     7.0062    -0.3391    26.7545    26.7586          9  0.000e+00
       3757 290.436302  -39.54772  -54.39122     -0.055       0.00      2.881      2.859     6.6582     6.6633     0.0051     6.6579     6.6631     0.0051   3.415883   3.416943   0.001060    34.0981    34.1047     7.3454     7.0062    -0.3392    26.7546    26.7591          9  0.000e+00
       3758 290.436303  -39.54772  -54.39122     -0.043       0.00      2.881      2.859     6.6577     6.6636     0.0059     6.6574     6.6634     0.0059   3.415876   3.416905   0.001029    34.0985    34.1040     7.3457     7.0055    -0.3402    26.7550    26.7585          9  0.000e+00
       3759 290.436303  -39.54772  -54.39122     -0.029       0.00      2.929      2.907     6.6575     6.6641     0.0066     6.6573     6.6639     0.0066   3.415921   3.416911   0.000990    34.0992    34.1035     7.3460     7.0009    -0.3451    26.7555    26.7581          9  0.000e+00
       3760 290.436304  -39.54772  -54.39122     -0.014       0.00      2.929      2.907     6.6577     6.6642     0.0065     6.6575     6.6640     0.0065   3.415915   3.416943   0.001028    34.0989    34.1038     7.3462     7.0002    -0.3460    26.7553    26.7583          9  0.000e+00
       3761 290.436304  -39.54772  -54.39122      0.000       0.00      2.929      2.907     6.6575     6.6645     0.0070     6.6573     6.6642     0.0070   3.415908   3.416955   0.001047    34.0990    34.1037     7.3504     6.9995    -0.3510    26.7554    26.7582          9  0.000e+00
       3762 290.436304  -39.54772  -54.39122      0.015       0.00      2.929      2.907     6.6583     6.6640     0.0056     6.6581     6.6637     0.0056   3.415928   3.416955   0.001027    34.0984    34.1042     7.3470     7.0034    -0.3436    26.7548    26.7586          9  0.000e+00
       3763 290.436305  -39.54772  -54.39122      0.032       0.00      2.977      2.954     6.6590     6.6646     0.0056     6.6587     6.6643     0.0056   3.415986   3.416974   0.000988    34.0984    34.1038     7.3512     7.0034    -0.3478    26.7548    26.7582          9  0.000e+00
       3764 290.436305  -39.54774  -54.39122      0.046       0.00      2.977      2.954     6.6590     6.6648     0.0058     6.6587     6.6645     0.0058   3.416018   3.416980   0.000961    34.0988    34.1036     7.3519     7.0034    -0.3485    26.7550    26.7581          9  0.000e+00
       3765 290.436306  -39.54774  -54.39122      0.061       0.00      2.977      2.954     6.6598     6.6651     0.0053     6.6595     6.6648     0.0053   3.416025   3.417005   0.000980    34.0980    34.1036     7.3525     7.0034    -0.3491    26.7543    26.7581          9  0.000e+00
       3766 290.436306  -39.54774  -54.39122      0.078       0.00      3.032      3.009     6.6598     6.6650     0.0052     6.6595     6.6647     0.0052   3.416070   3.416967   0.000897    34.0985    34.1033     7.3532     6.9990    -0.3542    26.7547    26.7578          9  0.000e+00
       3767 290.436307  -39.54774  -54.39122      0.091       0.00      3.032      3.009     6.6608     6.6642     0.0035     6.6605     6.6640     0.0035   3.416116   3.416930   0.000815    34.0980    34.1036     7.3538     6.9985    -0.3553    26.7542    26.7581          9  0.000e+00
       3768 290.436307  -39.54774  -54.39122      0.107       0.00      3.032      3.009     6.6611     6.6633     0.0023     6.6608     6.6631     0.0023   3.416167   3.416806   0.000638    34.0983    34.1031     7.3504     6.9981    -0.3523    26.7544    26.7579          9  0.000e+00
       3769 290.436308  -39.54774  -54.39122      0.122       0.00      3.080      3.056     6.6618     6.6622     0.0004     6.6615     6.6619     0.0004   3.416232   3.416700   0.000468    34.0983    34.1031     7.3506     7.0023    -0.3483    26.7542    26.7580          9  0.000e+00
       3770 290.436308  -39.54774  -54.39122      0.137       0.00      3.080      3.056     6.6621     6.6613    -0.0007     6.6618     6.6611    -0.0007   3.416290   3.416601   0.000310    34.0987    34.1028     7.3508     6.9981    -0.3527    26.7545    26.7579          9  0.000e+00
       3771 290.436309  -39.54774  -54.39122      0.150       0.00      3.107      3.083     6.6625     6.6604    -0.0021     6.6623     6.6602    -0.0021   3.416277   3.416539   0.000261    34.0980    34.1030     7.3551     6.9977    -0.3574    26.7540    26.7582          9  0.000e+00
       3772 290.436309  -39.54774  -54.39122      0.164       0.00      3.080      3.056     6.6625     6.6602    -0.0023     6.6623     6.6599    -0.0023   3.416271   3.416526   0.000255    34.0980    34.1031     7.3554     6.9972    -0.3581    26.7539    26.7583          9  0.000e+00
       3773 290.436310  -39.54774  -54.39122      0.177       0.00      3.134      3.110     6.6625     6.6598    -0.0028     6.6623     6.6595    -0.0028   3.416271   3.416501   0.000230    34.0979    34.1033     7.3521     6.9969    -0.3553    26.7539    26.7584          9  0.000e+00
       3774 290.436310  -39.54774  -54.39122      0.192       0.00      3.134      3.110     6.6625     6.6601    -0.0024     6.6623     6.6598    -0.0024   3.416271   3.416563   0.000293    34.0979    34.1036     7.3560     6.9964    -0.3597    26.7539    26.7587          9  0.000e+00
       3775 290.436311  -39.54774  -54.39122      0.207       0.00      3.182      3.158     6.6624     6.6599    -0.0025     6.6621     6.6596    -0.0025   3.416271   3.416588   0.000317    34.0981    34.1041     7.3564     7.0005    -0.3559    26.7540    26.7591          9  0.000e+00
       3776 290.436311  -39.54774  -54.39122      0.223       0.00      3.182      3.158     6.6622     6.6607    -0.0015     6.6619     6.6605    -0.0015   3.416251   3.416626   0.000374    34.0980    34.1036     7.3567     6.9961    -0.3605    26.7540    26.7586          9  0.000e+00
       3777 290.436312  -39.54774  -54.39122      0.232       0.00      3.182      3.158     6.6618     6.6612    -0.0006     6.6615     6.6609    -0.0006   3.416174   3.416694   0.000520    34.0976    34.1040     7.3530     7.0001    -0.3528    26.7537    26.7588          9  0.000e+00
       3778 290.436312  -39.54774  -54.39122      0.246       0.00      3.230      3.206     6.6611     6.6625     0.0014     6.6609     6.6622     0.0014   3.416103   3.416750   0.000647    34.0974    34.1032     7.3570     6.9958    -0.3612    26.7537    26.7581          9  0.000e+00
       3779 290.436313  -39.54774  -54.39122      0.259       0.00      3.230      3.206     6.6599     6.6629     0.0029     6.6597     6.6626     0.0029   3.415999   3.416787   0.000788    34.0975    34.1033     7.3574     6.9953    -0.3621    26.7539    26.7581          9  0.000e+00
       3780 290.436313  -39.54774  -54.39122      0.268       0.00      3.230      3.206     6.6595     6.6628     0.0033     6.6592     6.6625     0.0033   3.415967   3.416818   0.000852    34.0976    34.1037     7.3577     7.0002    -0.3575    26.7540    26.7584          9  0.000e+00
       3781 290.436314  -39.54774  -54.39122      0.278       0.00      3.230      3.206     6.6591     6.6630     0.0039     6.6588     6.6627     0.0039   3.415921   3.416806   0.000884    34.0974    34.1034     7.3580     6.9960    -0.3619    26.7539    26.7581          9  0.000e+00
       3782 290.436314  -39.54774  -54.39122      0.288       0.00      3.285      3.260     6.6575     6.6620     0.0045     6.6572     6.6617     0.0045   3.415714   3.416607   0.000893    34.0967    34.1021     7.3585     7.0005    -0.3580    26.7536    26.7573          9  0.000e+00
       3783 290.436315  -39.54774  -54.39122      0.296       0.00      3.285      3.260     6.6545     6.6585     0.0040     6.6542     6.6582     0.0040   3.415404   3.416277   0.000874    34.0963    34.1020     7.3552     6.9977    -0.3575    26.7537    26.7576          9  0.000e+00
       3784 290.436315  -39.54774  -54.39122      0.303       0.00      3.285      3.260     6.6511     6.6538     0.0027     6.6508     6.6535     0.0027   3.415067   3.415836   0.000769    34.0960    34.1018     7.3556     6.9990    -0.3565    26.7539    26.7581          9  0.000e+00
       3785 290.436316  -39.54774  -54.39122      0.312       0.00      3.285      3.260     6.6478     6.6504     0.0026     6.6475     6.6501     0.0026   3.414873   3.415612   0.000739    34.0971    34.1027     7.3558     7.0001    -0.3557    26.7552    26.7593          9  0.000e+00
       3786 290.436316  -39.54774  -54.39122      0.319       0.00      3.333      3.307     6.6478     6.6509     0.0031     6.6475     6.6506     0.0031   3.414925   3.415731   0.000806    34.0976    34.1035     7.3556     6.9999    -0.3556    26.7556    26.7598          9  0.000e+00
       3787 290.436317  -39.54774  -54.39122      0.322       0.00      3.285      3.260     6.6480     6.6513     0.0034     6.6477     6.6511     0.0034   3.415022   3.415842   0.000820    34.0986    34.1043     7.3551     6.9997    -0.3554    26.7563    26.7604          9  0.000e+00
       3788 290.436317  -39.54774  -54.39122      0.326       0.00      3.333      3.307     6.6473     6.6521     0.0048     6.6470     6.6519     0.0048   3.414951   3.415923   0.000972    34.0984    34.1043     7.3545     6.9995    -0.3550    26.7563    26.7603          9  0.000e+00
       3789 290.436318  -39.54774  -54.39122      0.332       0.00      3.381      3.355     6.6454     6.6525     0.0071     6.6451     6.6522     0.0071   3.414711   3.415867   0.001156    34.0976    34.1034     7.3587     6.9995    -0.3592    26.7560    26.7595          9  0.000e+00
       3790 290.436318  -39.54774  -54.39122      0.336       0.00      3.333      3.307     6.6433     6.6521     0.0088     6.6430     6.6519     0.0088   3.414511   3.415824   0.001313    34.0975    34.1032     7.3592     6.9996    -0.3596    26.7561    26.7595          9  0.000e+00
       3791 290.436318  -39.54774  -54.39122      0.339       0.00      3.381      3.355     6.6412     6.6520     0.0108     6.6409     6.6517     0.0108   3.414323   3.415836   0.001513    34.0975    34.1035     7.3597     6.9997    -0.3600    26.7564    26.7597          9  0.000e+00
       3792 290.436319  -39.54774  -54.39122      0.343       0.00      3.381      3.355     6.6390     6.6528     0.0138     6.6387     6.6525     0.0138   3.414207   3.415799   0.001592    34.0984    34.1023     7.3601     7.0003    -0.3598    26.7574    26.7586          9  0.000e+00
       3793 290.436319  -39.54774  -54.39122      0.340       0.00      3.333      3.307     6.6365     6.6515     0.0150     6.6362     6.6512     0.0150   3.414000   3.415774   0.001774    34.0986    34.1033     7.3606     7.0006    -0.3600    26.7579    26.7596          9  0.000e+00
       3794 290.436320  -39.54774  -54.39122      0.338       0.00      3.381      3.355     6.6349     6.6517     0.0168     6.6346     6.6514     0.0168   3.413709   3.415780   0.002072    34.0970    34.1032     7.3611     7.0007    -0.3604    26.7568    26.7595          9  0.000e+00
       3795 290.436320  -39.54774  -54.39122      0.341       0.00      3.381      3.355     6.6353     6.6513     0.0160     6.6350     6.6510     0.0160   3.413728   3.415650   0.001922    34.0967    34.1021     7.3610     7.0010    -0.3600    26.7566    26.7587          9  0.000e+00
       3796 290.436321  -39.54774  -54.39122      0.336       0.00      3.381      3.355     6.6366     6.6488     0.0121     6.6363     6.6485     0.0121   3.413916   3.415438   0.001523    34.0975    34.1023     7.3607     7.0016    -0.3591    26.7570    26.7592          9  0.000e+00
       3797 290.436321  -39.54774  -54.39122      0.333       0.00      3.381      3.355     6.6368     6.6465     0.0096     6.6365     6.6462     0.0096   3.414039   3.415271   0.001232    34.0987    34.1027     7.3606     7.0015    -0.3591    26.7579    26.7598          9  0.000e+00
       3798 290.436322  -39.54774  -54.39122      0.328       0.00      3.381      3.355     6.6383     6.6462     0.0079     6.6380     6.6459     0.0079   3.414110   3.415221   0.001111    34.0980    34.1025     7.3563     7.0018    -0.3545    26.7572    26.7597          9  0.000e+00
       3799 290.436322  -39.54774  -54.39122      0.328       0.00      3.436      3.409     6.6396     6.6463     0.0067     6.6393     6.6460     0.0067   3.414239   3.415345   0.001106    34.0982    34.1037     7.3561     6.9969    -0.3592    26.7571    26.7606          9  0.000e+00
       3800 290.436323  -39.54774  -54.39122      0.320       0.00      3.333      3.307     6.6399     6.6468     0.0069     6.6396     6.6465     0.0069   3.414258   3.415389   0.001130    34.0981    34.1037     7.3595     6.9963    -0.3632    26.7571    26.7606          9  0.000e+00
       3801 290.436323  -39.54774  -54.39122      0.314       0.00      3.436      3.409     6.6396     6.6457     0.0061     6.6393     6.6454     0.0061   3.414200   3.415389   0.001188    34.0977    34.1048     7.3596     6.9962    -0.3634    26.7568    26.7616          9  0.000e+00
       3802 290.436324  -39.54774  -54.39122      0.307       0.00      3.381      3.355     6.6385     6.6470     0.0085     6.6382     6.6467     0.0085   3.414071   3.415407   0.001336    34.0974    34.1038     7.3598     6.9957    -0.3641    26.7567    26.7606          9  0.000e+00
       3803 290.436324  -39.54774  -54.39122      0.296       0.00      3.360      3.335     6.6368     6.6468     0.0100     6.6365     6.6465     0.0100   3.413844   3.415382   0.001538    34.0965    34.1037     7.3600     6.9955    -0.3645    26.7562    26.7605          9  0.000e+00
