Pos-Processados/process_op38/operantar38_009.ros
* Sea-Bird SBE 9 Data File:
* FileName = D:\OPERANTAR_XXXVIII\DADOS\OP38_009.hdr
* Software Version Seasave V 7.18c
* Temperature SN = 4808
* Conductivity SN = 3380
* Number of Bytes Per Scan = 31
* Number of Voltage Words = 2
* Number of Scans Averaged by the Deck Unit = 1
* NMEA Latitude = 44 15.92 S
* NMEA Longitude = 052 42.25 W
* NMEA UTC (Time) = Oct 20 2019 07:17:42
** H41
** NAVIO POLAR ALMIRANTE MAXIMIANO
** CRUZEIRO:
** OPERANTAR XXXVIII
** ESTAÇÃO: OP38_009
** LAT 44º 15,92'S
** LONG 052º 42,27'W
** 09P73767-1155
** PROFUNDIDADE: 5806
** DATA/HORA: 200718Z/OUT/19
** OPERADOR: CTTECCHIO
# nquan = 27
# nvalues = 2170                                  
# units = specified
# name 0 = scan: Scan Count
# name 1 = timeJ: Julian Days
# name 2 = latitude: Latitude [deg]
# name 3 = longitude: Longitude [deg]
# name 4 = dz/dtM: Descent Rate [m/s]
# name 5 = avgsvCM: Average Sound Velocity [Chen-Millero, m/s]
# name 6 = prDM: Pressure, Digiquartz [db]
# name 7 = depSM: Depth [salt water, m]
# name 8 = t090C: Temperature [ITS-90, deg C]
# name 9 = t190C: Temperature, 2 [ITS-90, deg C]
# name 10 = T2-T190C: Temperature Difference, 2 - 1 [ITS-90, deg C]
# name 11 = potemp090C: Potential Temperature [ITS-90, deg C]
# name 12 = potemp190C: Potential Temperature, 2 [ITS-90, deg C]
# name 13 = potemp90Cdiff: Potential Temperature, Diff, 2 - 1 [ITS-90, deg C]
# name 14 = c0S/m: Conductivity [S/m]
# name 15 = c1S/m: Conductivity, 2 [S/m]
# name 16 = C2-C1S/m: Conductivity Difference, 2 - 1 [S/m]
# name 17 = sal00: Salinity, Practical [PSU]
# name 18 = sal11: Salinity, Practical, 2 [PSU]
# name 19 = sbeox0ML/L: Oxygen, SBE 43 [ml/l]
# name 20 = sigma-é00: Density [sigma-theta, kg/m^3]
# name 21 = sigma-é11: Density, 2 [sigma-theta, kg/m^3]
# name 22 = sbox0Mm/Kg: Oxygen, SBE 43 [umol/kg]
# name 23 = oxsolMm/Kg: Oxygen Saturation, Garcia & Gordon [umol/kg]
# name 24 = oxsatMm/Kg: Oxygen Saturation, Weiss [umol/kg]
# name 25 = nbf: Bottles Fired
# name 26 = flag:  0.000e+00
# interval = seconds: 0.0416667
# start_time = Oct 20 2019 07:17:42 [NMEA time, header]
# bad_flag = -9.990e-29
*END*
[from data line 806]
      59793 293.332793  -44.26542  -52.70418     -0.079    1497.43     21.508     21.334    14.1116    14.1120     0.0004    14.1085    14.1089     0.0004   4.274873   4.275617   0.000744    35.6454    35.6520     5.2531    26.6631    26.6681    228.512  251.06008  250.91387          5  0.000e+00
      59794 293.332794  -44.26542  -52.70418     -0.074    1497.43     21.446     21.273    14.1118    14.1117    -0.0001    14.1087    14.1086    -0.0001   4.274915   4.275624   0.000709    35.6456    35.6524     5.2528    26.6632    26.6684    228.497  251.05872  250.91250          5  0.000e+00
      59795 293.332794  -44.26542  -52.70418     -0.070    1497.43     21.460     21.286    14.1118    14.1120     0.0002    14.1087    14.1089     0.0002   4.274901   4.275617   0.000716    35.6455    35.6520     5.2558    26.6631    26.6681    228.628  251.05896  250.91274          5  0.000e+00
      59796 293.332795  -44.26542  -52.70418     -0.064    1497.43     21.446     21.273    14.1118    14.1114    -0.0005    14.1087    14.1082    -0.0005   4.274865   4.275617   0.000751    35.6452    35.6526     5.2526    26.6628    26.6687    228.488  251.05952  250.91330          5  0.000e+00
      59797 293.332795  -44.26542  -52.70418     -0.054    1497.43     21.508     21.334    14.1118    14.1120     0.0002    14.1087    14.1089     0.0002   4.274936   4.275624   0.000687    35.6458    35.6520     5.2556    26.6633    26.6681    228.620  251.05841  250.91220          5  0.000e+00
      59798 293.332796  -44.26542  -52.70418     -0.051    1497.43     21.446     21.273    14.1116    14.1119     0.0002    14.1085    14.1088     0.0002   4.274943   4.275671   0.000728    35.6461    35.6526     5.2524    26.6636    26.6686    228.480  251.05888  250.91268          5  0.000e+00
      59799 293.332796  -44.26542  -52.70418     -0.043    1497.43     21.508     21.334    14.1120    14.1120     0.0000    14.1089    14.1089     0.0000   4.274957   4.275664   0.000707    35.6458    35.6524     5.2555    26.6633    26.6684    228.614  251.05744  250.91122          5  0.000e+00
      59800 293.332797  -44.26542  -52.70418     -0.036    1497.43     21.494     21.320    14.1118    14.1119     0.0000    14.1087    14.1088     0.0000   4.274943   4.275658   0.000714    35.6459    35.6525     5.2556    26.6634    26.6685    228.618  251.05829  250.91207          5  0.000e+00
      59801 293.332797  -44.26542  -52.70418     -0.028    1497.43     21.508     21.334    14.1116    14.1120     0.0004    14.1085    14.1089     0.0004   4.274957   4.275624   0.000666    35.6462    35.6520     5.2557    26.6637    26.6681    228.623  251.05869  250.91249          5  0.000e+00
      59802 293.332798  -44.26542  -52.70418     -0.024    1497.43     21.446     21.273    14.1118    14.1120     0.0002    14.1087    14.1089     0.0002   4.274943   4.275617   0.000674    35.6459    35.6520     5.2557    26.6634    26.6681    228.626  251.05825  250.91204          5  0.000e+00
      59803 293.332798  -44.26542  -52.70418     -0.018    1497.43     21.508     21.334    14.1116    14.1124     0.0007    14.1085    14.1092     0.0007   4.274936   4.275624   0.000687    35.6460    35.6517     5.2559    26.6635    26.6678    228.633  251.05904  250.91284          5  0.000e+00
      59804 293.332799  -44.26542  -52.70418     -0.011    1497.43     21.494     21.320    14.1118    14.1120     0.0002    14.1087    14.1089     0.0002   4.274851   4.275644   0.000793    35.6450    35.6522     5.2561    26.6627    26.6683    228.639  251.05979  250.91357          5  0.000e+00
      59805 293.332799  -44.26542  -52.70418      0.001    1497.43     21.563     21.388    14.1118    14.1122     0.0004    14.1087    14.1091     0.0004   4.274908   4.275658   0.000750    35.6455    35.6522     5.2562    26.6631    26.6682    228.647  251.05891  250.91270          5  0.000e+00
      59806 293.332799  -44.26542  -52.70418      0.005    1497.43     21.494     21.320    14.1115    14.1119     0.0004    14.1084    14.1088     0.0004   4.274957   4.275596   0.000639    35.6463    35.6519     5.2531    26.6638    26.6681    228.510  251.05915  250.91296          5  0.000e+00
      59807 293.332800  -44.26542  -52.70418      0.013    1497.43     21.563     21.388    14.1116    14.1119     0.0002    14.1085    14.1087     0.0002   4.274943   4.275610   0.000667    35.6460    35.6520     5.2563    26.6635    26.6681    228.650  251.05896  250.91276          5  0.000e+00
      59808 293.332800  -44.26542  -52.70418      0.024    1497.43     21.549     21.375    14.1118    14.1120     0.0002    14.1087    14.1089     0.0002   4.274901   4.275617   0.000716    35.6455    35.6520     5.2565    26.6631    26.6681    228.657  251.05902  250.91280          5  0.000e+00
      59809 293.332801  -44.26542  -52.70418      0.029    1497.43     21.563     21.388    14.1116    14.1124     0.0007    14.1085    14.1092     0.0007   4.274922   4.275617   0.000695    35.6458    35.6516     5.2567    26.6634    26.6677    228.667  251.05931  250.91311          5  0.000e+00
      59810 293.332801  -44.26542  -52.70418      0.039    1497.43     21.549     21.375    14.1116    14.1120     0.0004    14.1085    14.1089     0.0004   4.274901   4.275590   0.000689    35.6456    35.6517     5.2569    26.6632    26.6679    228.676  251.05965  250.91344          5  0.000e+00
      59811 293.332802  -44.26542  -52.70418      0.045    1497.43     21.563     21.388    14.1118    14.1122     0.0004    14.1087    14.1091     0.0004   4.274915   4.275603   0.000688    35.6456    35.6517     5.2571    26.6632    26.6678    228.685  251.05880  250.91258          5  0.000e+00
      59812 293.332802  -44.26542  -52.70418      0.054    1497.43     21.597     21.422    14.1115    14.1119     0.0004    14.1084    14.1087     0.0004   4.274929   4.275590   0.000660    35.6460    35.6518     5.2606    26.6636    26.6680    228.838  251.05969  250.91350          5  0.000e+00
      59813 293.332803  -44.26542  -52.70418      0.059    1497.43     21.563     21.388    14.1118    14.1119     0.0000    14.1087    14.1087     0.0000   4.274936   4.275664   0.000728    35.6458    35.6525     5.2611    26.6633    26.6685    228.857  251.05845  250.91224          5  0.000e+00
      59814 293.332803  -44.26542  -52.70418      0.068    1497.43     21.597     21.422    14.1118    14.1115    -0.0003    14.1087    14.1084    -0.0003   4.274958   4.275664   0.000707    35.6460    35.6528     5.2583    26.6635    26.6688    228.738  251.05813  250.91192          5  0.000e+00
      59815 293.332804  -44.26542  -52.70418      0.072    1497.43     21.611     21.436    14.1118    14.1119     0.0000    14.1087    14.1087     0.0000   4.274943   4.275630   0.000687    35.6458    35.6522     5.2586    26.6634    26.6683    228.749  251.05837  250.91216          5  0.000e+00
      59816 293.332804  -44.26542  -52.70418      0.083    1497.43     21.645     21.470    14.1118    14.1120     0.0002    14.1087    14.1089     0.0002   4.274936   4.275624   0.000687    35.6457    35.6520     5.2621    26.6633    26.6681    228.903  251.05851  250.91230          5  0.000e+00
      59817 293.332805  -44.26542  -52.70418      0.086    1497.43     21.563     21.388    14.1116    14.1119     0.0002    14.1085    14.1087     0.0002   4.274936   4.275644   0.000708    35.6460    35.6523     5.2626    26.6635    26.6684    228.924  251.05908  250.91288          5  0.000e+00
      59818 293.332805  -44.26542  -52.70418      0.094    1497.43     21.645     21.470    14.1118    14.1122     0.0004    14.1087    14.1091     0.0004   4.274936   4.275658   0.000721    35.6457    35.6521     5.2632    26.6633    26.6681    228.948  251.05851  250.91230          5  0.000e+00
      59819 293.332806  -44.26542  -52.70418      0.102    1497.43     21.659     21.483    14.1116    14.1119     0.0002    14.1085    14.1087     0.0002   4.274936   4.275630   0.000694    35.6459    35.6522     5.2637    26.6635    26.6683    228.971  251.05915  250.91295          5  0.000e+00
      59820 293.332806  -44.26542  -52.70418      0.108    1497.43     21.645     21.470    14.1116    14.1120     0.0004    14.1085    14.1089     0.0004   4.274958   4.275644   0.000687    35.6461    35.6522     5.2642    26.6636    26.6682    228.993  251.05879  250.91259          5  0.000e+00
      59821 293.332807  -44.26542  -52.70418      0.116    1497.43     21.659     21.483    14.1118    14.1122     0.0004    14.1087    14.1091     0.0004   4.274887   4.275630   0.000744    35.6453    35.6519     5.2615    26.6629    26.6679    228.875  251.05933  250.91311          5  0.000e+00
      59822 293.332807  -44.26542  -52.70418      0.121    1497.43     21.645     21.470    14.1116    14.1119     0.0002    14.1085    14.1087     0.0002   4.274915   4.275644   0.000729    35.6457    35.6523     5.2647    26.6633    26.6684    229.016  251.05949  250.91328          5  0.000e+00
      59823 293.332808  -44.26542  -52.70418      0.126    1497.43     21.645     21.470    14.1118    14.1119     0.0000    14.1087    14.1087     0.0000   4.274901   4.275624   0.000723    35.6454    35.6521     5.2652    26.6630    26.6682    229.038  251.05909  250.91287          5  0.000e+00
      59824 293.332808  -44.26542  -52.70418      0.132    1497.43     21.714     21.538    14.1116    14.1120     0.0004    14.1085    14.1089     0.0004   4.274950   4.275617   0.000666    35.6460    35.6519     5.2658    26.6636    26.6680    229.062  251.05896  250.91276          5  0.000e+00
      59825 293.332809  -44.26542  -52.70418      0.136    1497.43     21.645     21.470    14.1118    14.1120     0.0002    14.1087    14.1089     0.0002   4.274936   4.275624   0.000687    35.6457    35.6520     5.2660    26.6633    26.6681    229.070  251.05851  250.91230          5  0.000e+00
      59826 293.332809  -44.26542  -52.70418      0.147    1497.43     21.761     21.585    14.1118    14.1119     0.0000    14.1087    14.1087     0.0000   4.274901   4.275644   0.000743    35.6454    35.6523     5.2663    26.6630    26.6683    229.084  251.05917  250.91295          5  0.000e+00
      59827 293.332810  -44.26542  -52.70418      0.152    1497.43     21.700     21.524    14.1118    14.1120     0.0002    14.1087    14.1089     0.0002   4.274922   4.275631   0.000708    35.6456    35.6520     5.2665    26.6632    26.6681    229.092  251.05878  250.91257          5  0.000e+00
      59828 293.332810  -44.26542  -52.70418      0.156    1497.43     21.761     21.585    14.1118    14.1119     0.0000    14.1087    14.1087     0.0000   4.274936   4.275624   0.000687    35.6457    35.6521     5.2670    26.6633    26.6682    229.114  251.05860  250.91238          5  0.000e+00
      59829 293.332811  -44.26542  -52.70418      0.160    1497.43     21.700     21.524    14.1116    14.1120     0.0004    14.1085    14.1089     0.0004   4.274958   4.275644   0.000687    35.6461    35.6521     5.2672    26.6636    26.6682    229.122  251.05883  250.91263          5  0.000e+00
      59830 293.332811  -44.26542  -52.70418      0.164    1497.43     21.761     21.585    14.1116    14.1120     0.0004    14.1085    14.1089     0.0004   4.274943   4.275624   0.000680    35.6459    35.6519     5.2641    26.6635    26.6680    228.991  251.05911  250.91291          5  0.000e+00
      59831 293.332812  -44.26542  -52.70418      0.173    1497.43     21.803     21.626    14.1120    14.1119    -0.0001    14.1088    14.1087    -0.0001   4.274958   4.275617   0.000659    35.6458    35.6520     5.2641    26.6633    26.6681    228.988  251.05781  250.91159          5  0.000e+00
      59832 293.332812  -44.26542  -52.70418      0.176    1497.43     21.761     21.585    14.1116    14.1124     0.0007    14.1085    14.1092     0.0007   4.274972   4.275624   0.000652    35.6462    35.6516     5.2640    26.6637    26.6677    228.985  251.05865  250.91245          5  0.000e+00
      59833 293.332812  -44.26542  -52.70418      0.183    1497.43     21.803     21.626    14.1118    14.1117    -0.0001    14.1087    14.1085    -0.0001   4.274908   4.275617   0.000709    35.6454    35.6522     5.2640    26.6631    26.6683    228.984  251.05909  250.91287          5  0.000e+00
      59834 293.332813  -44.26542  -52.70418      0.185    1497.43     21.761     21.585    14.1118    14.1117    -0.0001    14.1087    14.1085    -0.0001   4.274922   4.275644   0.000722    35.6456    35.6524     5.2668    26.6632    26.6685    229.109  251.05883  250.91261          5  0.000e+00
      59835 293.332813  -44.26542  -52.70418      0.192    1497.43     21.850     21.673    14.1118    14.1120     0.0002    14.1087    14.1089     0.0002   4.274936   4.275685   0.000749    35.6457    35.6525     5.2636    26.6632    26.6685    228.965  251.05866  250.91245          5  0.000e+00
      59836 293.332814  -44.26542  -52.70418      0.192    1497.43     21.761     21.585    14.1118    14.1120     0.0002    14.1087    14.1089     0.0002   4.274936   4.275637   0.000701    35.6457    35.6521     5.2634    26.6633    26.6681    228.958  251.05860  250.91238          5  0.000e+00
      59837 293.332814  -44.26542  -52.70418      0.198    1497.43     21.850     21.673    14.1118    14.1120     0.0002    14.1087    14.1089     0.0002   4.274936   4.275644   0.000708    35.6457    35.6521     5.2663    26.6632    26.6682    229.086  251.05866  250.91245          5  0.000e+00
      59838 293.332815  -44.26542  -52.70418      0.202    1497.43     21.816     21.639    14.1118    14.1119     0.0000    14.1087    14.1087     0.0000   4.274958   4.275658   0.000700    35.6459    35.6524     5.2662    26.6634    26.6684    229.079  251.05829  250.91208          5  0.000e+00
      59839 293.332815  -44.26542  -52.70418      0.194    1497.43     21.803     21.626    14.1118    14.1119     0.0000    14.1087    14.1087     0.0000   4.274908   4.275658   0.000750    35.6454    35.6524     5.2663    26.6631    26.6684    229.085  251.05909  250.91287          5  0.000e+00
      59840 293.332816  -44.26542  -52.70418      0.205    1497.43     21.864     21.687    14.1118    14.1120     0.0002    14.1087    14.1089     0.0002   4.274951   4.275658   0.000707    35.6458    35.6522     5.2664    26.6633    26.6683    229.091  251.05844  250.91223          5  0.000e+00
      59841 293.332816  -44.26542  -52.70418      0.207    1497.43     21.850     21.673    14.1116    14.1120     0.0004    14.1085    14.1089     0.0004   4.274972   4.275631   0.000659    35.6462    35.6520     5.2665    26.6637    26.6681    229.095  251.05871  250.91251          5  0.000e+00
      59842 293.332817  -44.26542  -52.70418      0.213    1497.43     21.864     21.687    14.1118    14.1122     0.0004    14.1087    14.1090     0.0004   4.274943   4.275644   0.000701    35.6457    35.6519     5.2663    26.6633    26.6680    229.087  251.05856  250.91234          5  0.000e+00
      59843 293.332817  -44.26542  -52.70418      0.216    1497.43     21.898     21.721    14.1118    14.1120     0.0002    14.1086    14.1089     0.0002   4.274936   4.275658   0.000721    35.6456    35.6522     5.2662    26.6632    26.6682    229.079  251.05870  250.91248          5  0.000e+00
      59844 293.332818  -44.26542  -52.70418      0.217    1497.43     21.864     21.687    14.1118    14.1114    -0.0005    14.1087    14.1082    -0.0005   4.274936   4.275631   0.000694    35.6457    35.6526     5.2662    26.6632    26.6687    229.080  251.05867  250.91246          5  0.000e+00
      59845 293.332818  -44.26542  -52.70418      0.219    1497.43     21.898     21.721    14.1120    14.1120     0.0001    14.1088    14.1089     0.0001   4.274936   4.275644   0.000708    35.6455    35.6521     5.2660    26.6631    26.6681    229.070  251.05823  250.91200          5  0.000e+00
