Pos-Processados/process_op38/operantar38_016b.ros
* Sea-Bird SBE 9 Data File:
* FileName = D:\OPERANTAR_XXXVIII\DADOS\OP38_016b.hdr
* Software Version Seasave V 7.18c
* Temperature SN = 4808
* Conductivity SN = 3380
* Number of Bytes Per Scan = 34
* Number of Voltage Words = 3
* Number of Scans Averaged by the Deck Unit = 1
* NMEA Latitude = 62 13.34 S
* NMEA Longitude = 058 12.67 W
* NMEA UTC (Time) = Nov 05 2019 12:41:07
** H41
** NAVIO POLAR ALMIRANTE MAXIMIANO
** CRUZEIRO:
** OPERANTAR XXXVIII
** ESTAÇÃO: OP38_016b
** LAT 62 13,33' S
** LONG 058 12,64' W
** 09P73767-1155_A
** PROFUNDIDADE: 310
** DATA/HORA: 051240Z/NOV/2019
** OPERADOR: SO-HN CHAVES
# nquan = 26
# nvalues = 2085                                  
# units = specified
# name 0 = scan: Scan Count
# name 1 = timeJ: Julian Days
# name 2 = latitude: Latitude [deg]
# name 3 = longitude: Longitude [deg]
# name 4 = dz/dtM: Descent Rate [m/s]
# name 5 = avgsvCM: Average Sound Velocity [Chen-Millero, m/s]
# name 6 = prDM: Pressure, Digiquartz [db]
# name 7 = depSM: Depth [salt water, m]
# name 8 = t090C: Temperature [ITS-90, deg C]
# name 9 = t190C: Temperature, 2 [ITS-90, deg C]
# name 10 = T2-T190C: Temperature Difference, 2 - 1 [ITS-90, deg C]
# name 11 = potemp090C: Potential Temperature [ITS-90, deg C]
# name 12 = potemp190C: Potential Temperature, 2 [ITS-90, deg C]
# name 13 = potemp90Cdiff: Potential Temperature, Diff, 2 - 1 [ITS-90, deg C]
# name 14 = c0S/m: Conductivity [S/m]
# name 15 = c1S/m: Conductivity, 2 [S/m]
# name 16 = C2-C1S/m: Conductivity Difference, 2 - 1 [S/m]
# name 17 = sal00: Salinity, Practical [PSU]
# name 18 = sal11: Salinity, Practical, 2 [PSU]
# name 19 = sbeox0ML/L: Oxygen, SBE 43 [ml/l]
# name 20 = sbeox1ML/L: Oxygen, SBE 43, 2 [ml/l]
# name 21 = sbeox0ML/Ldiff: Oxygen, SBE 43, Diff, 2 - 1 [ml/l]
# name 22 = sigma-é00: Density [sigma-theta, kg/m^3]
# name 23 = sigma-é11: Density, 2 [sigma-theta, kg/m^3]
# name 24 = nbf: Bottles Fired
# name 25 = flag:  0.000e+00
# interval = seconds: 0.0416667
# start_time = Nov 05 2019 12:41:07 [NMEA time, header]
# bad_flag = -9.990e-29
*END*
[from data line 1952]
       2347 309.529685  -62.22236  -58.21134      0.017       0.00      2.053      2.034    -0.7821    -0.7844    -0.0023    -0.7821    -0.7845    -0.0023   2.774910   2.775263   0.000352    34.1607    34.1681     7.5281     7.2845    -0.2436    27.4646    27.4707         12  0.000e+00
       2348 309.529685  -62.22236  -58.21134      0.016       0.00      2.101      2.081    -0.7840    -0.7845    -0.0005    -0.7841    -0.7846    -0.0005   2.774821   2.775240   0.000419    34.1616    34.1679     7.5293     7.2888    -0.2404    27.4655    27.4706         12  0.000e+00
       2349 309.529686  -62.22236  -58.21134      0.008       0.00      2.053      2.034    -0.7899    -0.7847     0.0052    -0.7899    -0.7847     0.0052   2.774671   2.775240   0.000568    34.1663    34.1681     7.5303     7.2882    -0.2421    27.4695    27.4707         12  0.000e+00
       2350 309.529686  -62.22236  -58.21134      0.005       0.00      2.101      2.081    -0.7920    -0.7842     0.0078    -0.7921    -0.7843     0.0078   2.774546   2.775251   0.000705    34.1670    34.1677     7.5310     7.2887    -0.2422    27.4701    27.4704         12  0.000e+00
       2351 309.529687  -62.22236  -58.21134     -0.000       0.00      2.101      2.081    -0.7908    -0.7842     0.0066    -0.7909    -0.7843     0.0066   2.774588   2.775228   0.000641    34.1662    34.1674     7.5310     7.2880    -0.2429    27.4694    27.4702         12  0.000e+00
       2352 309.529687  -62.22236  -58.21134      0.000       0.00      2.101      2.081    -0.7897    -0.7855     0.0042    -0.7898    -0.7855     0.0042   2.774629   2.775142   0.000513    34.1655    34.1677     7.5311     7.2875    -0.2436    27.4688    27.4704         12  0.000e+00
       2353 309.529688  -62.22236  -58.21134     -0.003       0.00      2.122      2.101    -0.7882    -0.7869     0.0013    -0.7883    -0.7869     0.0013   2.774647   2.774987   0.000339    34.1640    34.1671     7.5312     7.2881    -0.2431    27.4676    27.4700         12  0.000e+00
       2354 309.529688  -62.22236  -58.21134     -0.003       0.00      2.101      2.081    -0.7876    -0.7879    -0.0004    -0.7876    -0.7880    -0.0004   2.774677   2.774929   0.000252    34.1637    34.1676     7.5368     7.2886    -0.2482    27.4673    27.4704         12  0.000e+00
       2355 309.529688  -62.22236  -58.21134     -0.005       0.00      2.101      2.081    -0.7872    -0.7887    -0.0015    -0.7873    -0.7888    -0.0015   2.774689   2.774970   0.000280    34.1635    34.1690     7.5373     7.2947    -0.2425    27.4671    27.4716         12  0.000e+00
       2356 309.529689  -62.22236  -58.21134     -0.008       0.00      2.101      2.081    -0.7865    -0.7881    -0.0016    -0.7866    -0.7881    -0.0016   2.774701   2.775010   0.000309    34.1628    34.1688     7.5385     7.2900    -0.2485    27.4666    27.4715         12  0.000e+00
       2357 309.529689  -62.22236  -58.21134     -0.008       0.00      2.149      2.129    -0.7862    -0.7886    -0.0024    -0.7862    -0.7886    -0.0024   2.774707   2.775033   0.000326    34.1625    34.1697     7.5340     7.2901    -0.2438    27.4663    27.4722         12  0.000e+00
       2358 309.529690  -62.22236  -58.21134     -0.009       0.00      2.101      2.081    -0.7868    -0.7878    -0.0010    -0.7869    -0.7878    -0.0010   2.774653   2.775085   0.000431    34.1625    34.1695     7.5348     7.2899    -0.2449    27.4663    27.4720         12  0.000e+00
       2359 309.529690  -62.22236  -58.21134     -0.003       0.00      2.204      2.183    -0.7874    -0.7869     0.0005    -0.7874    -0.7869     0.0005   2.774588   2.775113   0.000526    34.1622    34.1688     7.5359     7.2898    -0.2461    27.4661    27.4714         12  0.000e+00
       2360 309.529691  -62.22236  -58.21134     -0.003       0.00      2.149      2.129    -0.7877    -0.7873     0.0004    -0.7878    -0.7874     0.0004   2.774576   2.774975   0.000400    34.1625    34.1675     7.5420     7.2898    -0.2522    27.4663    27.4703         12  0.000e+00
       2361 309.529691  -62.22236  -58.21134      0.002       0.00      2.204      2.183    -0.7883    -0.7895    -0.0012    -0.7884    -0.7895    -0.0012   2.774522   2.774843   0.000321    34.1624    34.1681     7.5440     7.2890    -0.2550    27.4663    27.4709         12  0.000e+00
       2362 309.529692  -62.22236  -58.21134      0.004       0.00      2.149      2.129    -0.7885    -0.7907    -0.0022    -0.7885    -0.7908    -0.0022   2.774516   2.774682   0.000167    34.1625    34.1673     7.5458     7.2949    -0.2509    27.4664    27.4704         12  0.000e+00
       2363 309.529692  -62.22236  -58.21134      0.011       0.00      2.218      2.196    -0.7888    -0.7915    -0.0027    -0.7888    -0.7915    -0.0027   2.774528   2.774717   0.000189    34.1630    34.1686     7.5478     7.2959    -0.2520    27.4668    27.4714         12  0.000e+00
       2364 309.529693  -62.22236  -58.21134      0.015       0.00      2.204      2.183    -0.7887    -0.7904    -0.0018    -0.7887    -0.7905    -0.0018   2.774552   2.774832   0.000280    34.1632    34.1690     7.5489     7.2904    -0.2585    27.4669    27.4717         12  0.000e+00
       2365 309.529693  -62.22236  -58.21134      0.023       0.00      2.252      2.230    -0.7879    -0.7898    -0.0019    -0.7880    -0.7899    -0.0019   2.774588   2.774895   0.000307    34.1628    34.1691     7.5500     7.2899    -0.2602    27.4666    27.4718         12  0.000e+00
       2366 309.529694  -62.22236  -58.21134      0.030       0.00      2.252      2.230    -0.7874    -0.7895    -0.0021    -0.7874    -0.7895    -0.0021   2.774665   2.774924   0.000258    34.1633    34.1691     7.5511     7.2893    -0.2618    27.4669    27.4718         12  0.000e+00
       2367 309.529694  -62.22236  -58.21134      0.036       0.00      2.252      2.230    -0.7873    -0.7889    -0.0016    -0.7873    -0.7889    -0.0016   2.774647   2.774941   0.000294    34.1629    34.1687     7.5523     7.2886    -0.2638    27.4666    27.4714         12  0.000e+00
       2368 309.529695  -62.22236  -58.21134      0.042       0.00      2.204      2.183    -0.7874    -0.7883    -0.0008    -0.7875    -0.7883    -0.0008   2.774606   2.774952   0.000347    34.1625    34.1682     7.5537     7.2890    -0.2647    27.4663    27.4709         12  0.000e+00
       2369 309.529695  -62.22236  -58.21134      0.051       0.00      2.300      2.278    -0.7880    -0.7884    -0.0004    -0.7881    -0.7885    -0.0004   2.774564   2.774987   0.000423    34.1626    34.1687     7.5552     7.2885    -0.2667    27.4664    27.4714         12  0.000e+00
       2370 309.529696  -62.22236  -58.21134      0.060       0.00      2.300      2.278    -0.7883    -0.7887    -0.0004    -0.7884    -0.7888    -0.0004   2.774540   2.774964   0.000424    34.1626    34.1688     7.5566     7.2867    -0.2700    27.4664    27.4715         12  0.000e+00
       2371 309.529696  -62.22236  -58.21134      0.071       0.00      2.300      2.278    -0.7888    -0.7884     0.0004    -0.7888    -0.7885     0.0004   2.774480   2.774975   0.000495    34.1623    34.1686     7.5581     7.2870    -0.2711    27.4662    27.4713         12  0.000e+00
       2372 309.529697  -62.22236  -58.21134      0.078       0.00      2.300      2.278    -0.7892    -0.7883     0.0010    -0.7893    -0.7883     0.0010   2.774450   2.775033   0.000583    34.1624    34.1692     7.5597     7.2862    -0.2735    27.4663    27.4718         12  0.000e+00
       2373 309.529697  -62.22236  -58.21134      0.089       0.00      2.300      2.278    -0.7896    -0.7876     0.0020    -0.7897    -0.7877     0.0020   2.774450   2.775079   0.000629    34.1628    34.1691     7.5663     7.2852    -0.2811    27.4667    27.4717         12  0.000e+00
       2374 309.529698  -62.22236  -58.21134      0.097       0.00      2.320      2.298    -0.7899    -0.7875     0.0024    -0.7899    -0.7875     0.0024   2.774444   2.775090   0.000646    34.1630    34.1691     7.5627     7.2902    -0.2724    27.4669    27.4716         12  0.000e+00
       2375 309.529698  -62.22236  -58.21134      0.109       0.00      2.355      2.332    -0.7905    -0.7872     0.0033    -0.7906    -0.7872     0.0033   2.774390   2.775096   0.000706    34.1630    34.1688     7.5687     7.2845    -0.2841    27.4669    27.4714         12  0.000e+00
       2376 309.529699  -62.22236  -58.21134      0.118       0.00      2.355      2.332    -0.7908    -0.7872     0.0036    -0.7909    -0.7872     0.0036   2.774390   2.775090   0.000700    34.1633    34.1687     7.5649     7.2835    -0.2814    27.4671    27.4714         12  0.000e+00
       2377 309.529699  -62.22236  -58.21134      0.132       0.00      2.402      2.379    -0.7908    -0.7878     0.0030    -0.7909    -0.7878     0.0030   2.774390   2.775073   0.000683    34.1633    34.1691     7.5656     7.2838    -0.2817    27.4671    27.4717         12  0.000e+00
       2378 309.529700  -62.22236  -58.21134      0.140       0.00      2.355      2.332    -0.7905    -0.7875     0.0030    -0.7905    -0.7875     0.0030   2.774414   2.775004   0.000590    34.1633    34.1679     7.5661     7.2898    -0.2763    27.4671    27.4707         12  0.000e+00
       2379 309.529700  -62.22236  -58.21134      0.150       0.00      2.355      2.332    -0.7903    -0.7879     0.0024    -0.7904    -0.7880     0.0024   2.774426   2.775004   0.000578    34.1633    34.1684     7.5667     7.2841    -0.2826    27.4671    27.4711         12  0.000e+00
       2380 309.529701  -62.22236  -58.21134      0.162       0.00      2.450      2.427    -0.7901    -0.7879     0.0021    -0.7901    -0.7880     0.0021   2.774438   2.774998   0.000560    34.1631    34.1683     7.5725     7.2842    -0.2883    27.4669    27.4710         12  0.000e+00
       2381 309.529701  -62.22236  -58.21134      0.171       0.00      2.402      2.379    -0.7897    -0.7902    -0.0005    -0.7898    -0.7903    -0.0005   2.774444   2.774803   0.000359    34.1628    34.1683     7.5737     7.2894    -0.2843    27.4666    27.4711         12  0.000e+00
       2382 309.529701  -62.22236  -58.21134      0.176       0.00      2.355      2.332    -0.7895    -0.7947    -0.0052    -0.7896    -0.7948    -0.0052   2.774390   2.774527   0.000137    34.1619    34.1697     7.5750     7.2902    -0.2848    27.4659    27.4724         12  0.000e+00
       2383 309.529702  -62.22236  -58.21134      0.184       0.00      2.402      2.379    -0.7894    -0.7946    -0.0052    -0.7895    -0.7947    -0.0052   2.774444   2.774510   0.000066    34.1625    34.1692     7.5763     7.2842    -0.2921    27.4664    27.4721         12  0.000e+00
       2384 309.529702  -62.22236  -58.21134      0.194       0.00      2.471      2.447    -0.7891    -0.7933    -0.0042    -0.7892    -0.7934    -0.0042   2.774474   2.774591   0.000117    34.1625    34.1689     7.5775     7.2838    -0.2937    27.4664    27.4717         12  0.000e+00
       2385 309.529703  -62.22236  -58.21134      0.200       0.00      2.355      2.332    -0.7889    -0.7921    -0.0032    -0.7890    -0.7922    -0.0032   2.774534   2.774642   0.000108    34.1632    34.1683     7.5778     7.2820    -0.2957    27.4669    27.4712         12  0.000e+00
       2386 309.529703  -62.22236  -58.21134      0.205       0.00      2.450      2.427    -0.7880    -0.7938    -0.0058    -0.7881    -0.7939    -0.0058   2.774588   2.774619   0.000032    34.1628    34.1698     7.5780     7.2822    -0.2958    27.4666    27.4725         12  0.000e+00
       2387 309.529704  -62.22236  -58.21134      0.209       0.00      2.402      2.379    -0.7874    -0.7933    -0.0059    -0.7875    -0.7934    -0.0059   2.774582   2.774533  -0.000049    34.1621    34.1681     7.5782     7.2819    -0.2963    27.4660    27.4711         12  0.000e+00
       2388 309.529704  -62.22236  -58.21134      0.215       0.00      2.450      2.427    -0.7883    -0.7926    -0.0043    -0.7884    -0.7926    -0.0043   2.774504   2.774458  -0.000046    34.1620    34.1662     7.5787     7.2816    -0.2970    27.4659    27.4695         12  0.000e+00
       2389 309.529705  -62.22236  -58.21134      0.215       0.00      2.402      2.379    -0.7891    -0.7952    -0.0062    -0.7891    -0.7953    -0.0062   2.774468   2.774292  -0.000176    34.1624    34.1670     7.5789     7.2878    -0.2912    27.4663    27.4703         12  0.000e+00
       2390 309.529705  -62.22236  -58.21134      0.222       0.00      2.505      2.481    -0.7894    -0.7981    -0.0087    -0.7895    -0.7982    -0.0087   2.774432   2.774108  -0.000324    34.1622    34.1677     7.5792     7.2893    -0.2899    27.4662    27.4710         12  0.000e+00
       2391 309.529706  -62.22236  -58.21134      0.220       0.00      2.402      2.379    -0.7894    -0.7995    -0.0101    -0.7895    -0.7996    -0.0101   2.774444   2.774033  -0.000411    34.1625    34.1684     7.5791     7.2845    -0.2946    27.4664    27.4716         12  0.000e+00
       2392 309.529706  -62.22236  -58.21134      0.215       0.00      2.402      2.379    -0.7882    -0.8003    -0.0121    -0.7883    -0.8004    -0.0121   2.774522   2.773976  -0.000546    34.1621    34.1685     7.5788     7.2831    -0.2957    27.4661    27.4717         12  0.000e+00
       2393 309.529707  -62.22236  -58.21134      0.223       0.00      2.505      2.481    -0.7872    -0.8014    -0.0142    -0.7873    -0.8014    -0.0142   2.774612   2.773976  -0.000636    34.1622    34.1696     7.5838     7.2830    -0.3008    27.4660    27.4726         12  0.000e+00
       2394 309.529707  -62.22236  -58.21134      0.218       0.00      2.402      2.379    -0.7873    -0.8029    -0.0157    -0.7873    -0.8030    -0.0157   2.774636   2.773878  -0.000757    34.1626    34.1701     7.5842     7.2829    -0.3014    27.4664    27.4731         12  0.000e+00
       2395 309.529708  -62.22236  -58.21134      0.219       0.00      2.471      2.447    -0.7870    -0.8034    -0.0164    -0.7870    -0.8035    -0.0164   2.774630   2.773792  -0.000837    34.1622    34.1694     7.5847     7.2827    -0.3021    27.4660    27.4726         12  0.000e+00
       2396 309.529708  -62.22236  -58.21134      0.215       0.00      2.450      2.427    -0.7863    -0.8029    -0.0166    -0.7864    -0.8030    -0.0166   2.774630   2.773890  -0.000740    34.1615    34.1703     7.5850     7.2809    -0.3041    27.4654    27.4732         12  0.000e+00
       2397 309.529709  -62.22236  -58.21134      0.210       0.00      2.402      2.379    -0.7872    -0.8003    -0.0131    -0.7873    -0.8004    -0.0131   2.774618   2.774177  -0.000441    34.1623    34.1712     7.5854     7.2798    -0.3056    27.4662    27.4739         12  0.000e+00
       2398 309.529709  -62.22236  -58.21134      0.204       0.00      2.450      2.427    -0.7870    -0.7980    -0.0110    -0.7870    -0.7981    -0.0110   2.774641   2.774522  -0.000120    34.1623    34.1732     7.5856     7.2788    -0.3068    27.4662    27.4754         12  0.000e+00
       2399 309.529710  -62.22236  -58.21134      0.198       0.00      2.402      2.379    -0.7874    -0.7927    -0.0053    -0.7875    -0.7928    -0.0053   2.774618   2.774889   0.000272    34.1626    34.1723     7.5857     7.2772    -0.3086    27.4664    27.4745         12  0.000e+00
       2400 309.529710  -62.22236  -58.21134      0.193       0.00      2.450      2.427    -0.7876    -0.7900    -0.0024    -0.7876    -0.7900    -0.0024   2.774570   2.775090   0.000521    34.1620    34.1718     7.5858     7.2762    -0.3096    27.4659    27.4740         12  0.000e+00
