Pos-Processados/process_op38/operantar38_024.cnv
* Sea-Bird SBE 9 Data File:
* FileName = D:\OPERANTAR_XXXVIII\DADOS\OP38_024.hdr
* Software Version Seasave V 7.18c
* Temperature SN = 4808
* Conductivity SN = 3380
* Number of Bytes Per Scan = 34
* Number of Voltage Words = 3
* Number of Scans Averaged by the Deck Unit = 1
* NMEA Latitude = 62 13.17 S
* NMEA Longitude = 058 22.76 W
* NMEA UTC (Time) = Nov 22 2019 19:55:17
** H41
** NAVIO POLAR ALMIRANTE MAXIMIANO
** CRUZEIRO:
** OPERANTAR XXXVIII
** ESTAÇÃO: OP38_024
** LAT 62 13,16'S
** LONG 058 22,74'W
** 09P73767-1155_A
** PROFUNDIDADE: 292
** DATA/HORA: 221955Z/NOV/2019
** OPERADOR: SO-HN CHAVES
# nquan = 32
# nvalues = 555                         
# units = specified
# name 0 = scan: Scan Count
# name 1 = timeJ: Julian Days
# name 2 = latitude: Latitude [deg]
# name 3 = longitude: Longitude [deg]
# name 4 = dz/dtM: Descent Rate [m/s]
# name 5 = avgsvCM: Average Sound Velocity [Chen-Millero, m/s]
# name 6 = prDM: Pressure, Digiquartz [db]
# name 7 = depSM: Depth [salt water, m]
# name 8 = t090C: Temperature [ITS-90, deg C]
# name 9 = t190C: Temperature, 2 [ITS-90, deg C]
# name 10 = T2-T190C: Temperature Difference, 2 - 1 [ITS-90, deg C]
# name 11 = potemp090C: Potential Temperature [ITS-90, deg C]
# name 12 = potemp190C: Potential Temperature, 2 [ITS-90, deg C]
# name 13 = potemp90Cdiff: Potential Temperature, Diff, 2 - 1 [ITS-90, deg C]
# name 14 = c0S/m: Conductivity [S/m]
# name 15 = c1S/m: Conductivity, 2 [S/m]
# name 16 = C2-C1S/m: Conductivity Difference, 2 - 1 [S/m]
# name 17 = sal00: Salinity, Practical [PSU]
# name 18 = sal11: Salinity, Practical, 2 [PSU]
# name 19 = sbeox0ML/L: Oxygen, SBE 43 [ml/l]
# name 20 = sbeox1ML/L: Oxygen, SBE 43, 2 [ml/l]
# name 21 = sbeox0ML/Ldiff: Oxygen, SBE 43, Diff, 2 - 1 [ml/l]
# name 22 = sigma-é00: Density [sigma-theta, kg/m^3]
# name 23 = sigma-é11: Density, 2 [sigma-theta, kg/m^3]
# name 24 = sal00: Salinity, Practical [PSU]
# name 25 = sigma-é00: Density [sigma-theta, kg/m^3]
# name 26 = svCM: Sound Velocity [Chen-Millero, m/s]
# name 27 = svCM1: Sound Velocity, 2 [Chen-Millero, m/s]
# name 28 = gsw_ptA0: potential temperature [ITS-90, deg C]
# name 29 = gsw_densityA0: density, TEOS-10 [density, kg/m^3]
# name 30 = gsw_saA0: Absolute Salinity [g/kg]
# name 31 = flag:
# span 0 =        317,      20305       
# span 1 = 326.830210, 326.839850       
# span 2 =  -62.21966,  -62.21962       
# span 3 =  -58.37934,  -58.37920       
# span 4 =     -1.192,      1.182       
# span 5 =       0.00,    1448.21       
# span 6 =      2.000,    279.000       
# span 7 =      1.984,    276.129       
# span 8 =    -0.5351,    -0.2786       
# span 9 =    -0.5349,    -0.2795       
# span 10 =    -0.0094,     0.0178      
# span 11 =    -0.5412,    -0.2786      
# span 12 =    -0.5411,    -0.2797      
# span 13 =    -0.0094,     0.0178      
# span 14 =   2.805642,   2.818352      
# span 15 =   2.806082,   2.818772      
# span 16 =  -0.000229,   0.001748      
# span 17 =    34.1700,    34.2931      
# span 18 =    34.1743,    34.2985      
# span 19 =     7.0001,     7.6497      
# span 20 =     6.7004,     7.3923      
# span 21 =    -0.3758,    -0.1935      
# span 22 =    27.4500,    27.5616      
# span 23 =    27.4535,    27.5659      
# span 24 =    34.1688,    34.2931      
# span 25 =    27.4502,    27.5616      
# span 26 =    1446.38,    1450.27      
# span 27 =    1446.39,    1450.28      
# span 28 =    -0.5411,    -0.2787      
# span 29 =  1027.4642,  1028.8984      
# span 30 =    34.3337,    34.4606      
# span 31 = 0.0000e+00, 0.0000e+00      
# interval = decibars: 1                
# start_time = Nov 22 2019 19:55:17 [NMEA time, header]
# bad_flag = -9.990e-29
*END*
[from data line 136]
       4024 326.831998  -62.21962 -9.990e-29      1.029    1447.15    138.000    136.630    -0.5342    -0.5340     0.0002    -0.5385    -0.5383     0.0002   2.808458   2.808831   0.000378    34.2490    34.2539     7.2556     7.0348    -0.2207    27.5258    27.5297    34.2492    27.5260    1447.90    1447.91    -0.5384  1028.1922    34.4174 0.0000e+00
       4047 326.832009  -62.21962  -58.37932      1.038    1447.15    139.000    137.619    -0.5343    -0.5341     0.0002    -0.5386    -0.5384     0.0002   2.808562   2.808980   0.000410    34.2500    34.2554     7.2480     7.0272    -0.2208    27.5266    27.5310    34.2501    27.5267    1447.92    1447.93    -0.5385  1028.1973    34.4178 0.0000e+00
       4069 326.832020  -62.21962  -58.37932      1.051    1447.15    140.000    138.609    -0.5342    -0.5340     0.0002    -0.5386    -0.5383     0.0002   2.808681   2.809088   0.000406    34.2509    34.2561     7.2458     7.0164    -0.2294    27.5274    27.5315    34.2510    27.5274    1447.94    1447.95    -0.5385  1028.2019    34.4176 0.0000e+00
       4092 326.832031  -62.21962  -58.37932      1.051    1447.15    141.000    139.599    -0.5345    -0.5342     0.0003    -0.5389    -0.5386     0.0003   2.808721   2.809152   0.000431    34.2512    34.2567     7.2476     7.0088    -0.2388    27.5276    27.5320    34.2512    27.5276    1447.95    1447.96    -0.5388  1028.2069    34.4178 0.0000e+00
       4116 326.832042  -62.21962  -58.37932      1.032    1447.15    142.000    140.588    -0.5348    -0.5346     0.0002    -0.5393    -0.5391     0.0002   2.808701   2.809115   0.000416    34.2508    34.2561     7.2415     7.0165    -0.2250    27.5273    27.5316    34.2508    27.5272    1447.97    1447.97    -0.5391  1028.2113    34.4174 0.0000e+00
       4140 326.832054  -62.21962  -58.37932      1.004    1447.15    143.000    141.578    -0.5349    -0.5346     0.0003    -0.5394    -0.5390     0.0003   2.808727   2.809145   0.000416    34.2505    34.2558     7.2374     7.0132    -0.2242    27.5271    27.5313    34.2505    27.5271    1447.98    1447.99    -0.5393  1028.2159    34.4171 0.0000e+00
       4165 326.832066  -62.21962  -58.37932      0.970    1447.15    144.000    142.568    -0.5347    -0.5347     0.0001    -0.5392    -0.5391     0.0001   2.808868   2.809273   0.000404    34.2514    34.2568     7.2277     7.0169    -0.2109    27.5278    27.5321    34.2516    27.5279    1448.00    1448.01    -0.5391  1028.2215    34.4182 0.0000e+00
       4190 326.832078  -62.21962  -58.37932      0.971    1447.15    145.000    143.558    -0.5346    -0.5344     0.0002    -0.5391    -0.5389     0.0002   2.809034   2.809449   0.000418    34.2528    34.2582     7.2287     7.0178    -0.2108    27.5289    27.5333    34.2531    27.5292    1448.02    1448.03    -0.5390  1028.2275    34.4198 0.0000e+00
       4214 326.832090  -62.21962  -58.37932      0.979    1447.15    146.000    144.547    -0.5343    -0.5342     0.0000    -0.5388    -0.5388     0.0000   2.809308   2.809731   0.000422    34.2558    34.2614     7.2344     7.0146    -0.2197    27.5313    27.5358    34.2558    27.5313    1448.04    1448.05    -0.5387  1028.2344    34.4225 0.0000e+00
       4239 326.832101  -62.21962  -58.37932      0.986    1447.15    147.000    145.537    -0.5344    -0.5342     0.0002    -0.5390    -0.5388     0.0002   2.809370   2.809808   0.000436    34.2561    34.2618     7.2367     7.0160    -0.2207    27.5316    27.5361    34.2562    27.5316    1448.06    1448.07    -0.5389  1028.2398    34.4232 0.0000e+00
       4262 326.832113  -62.21962  -58.37934      0.995    1447.15    148.000    146.527    -0.5341    -0.5339     0.0001    -0.5387    -0.5385     0.0001   2.809484   2.809886   0.000404    34.2566    34.2619     7.2366     7.0107    -0.2260    27.5319    27.5362    34.2567    27.5320    1448.07    1448.08    -0.5386  1028.2447    34.4234 0.0000e+00
       4286 326.832124  -62.21962  -58.37934      1.012    1447.15    149.000    147.516    -0.5338    -0.5337     0.0002    -0.5385    -0.5383     0.0002   2.809568   2.809954   0.000388    34.2569    34.2619     7.2266     7.0022    -0.2244    27.5322    27.5362    34.2570    27.5322    1448.09    1448.10    -0.5384  1028.2497    34.4237 0.0000e+00
       4310 326.832136  -62.21962  -58.37933      1.010    1447.15    150.000    148.506    -0.5338    -0.5337     0.0002    -0.5385    -0.5384     0.0002   2.809625   2.810038   0.000409    34.2571    34.2624     7.2131     6.9891    -0.2241    27.5323    27.5366    34.2571    27.5323    1448.11    1448.12    -0.5384  1028.2546    34.4238 0.0000e+00
       4336 326.832148  -62.21962  -58.37932      0.966    1447.15    151.000    149.496    -0.5336    -0.5333     0.0004    -0.5384    -0.5380     0.0004   2.809723   2.810127   0.000404    34.2575    34.2625     7.2055     6.9842    -0.2212    27.5326    27.5367    34.2576    27.5327    1448.13    1448.13    -0.5382  1028.2597    34.4243 0.0000e+00
       4362 326.832161  -62.21962  -58.37932      0.916    1447.15    152.000    150.486    -0.5334    -0.5332     0.0002    -0.5381    -0.5379     0.0002   2.809780   2.810184   0.000414    34.2574    34.2628     7.2084     6.9846    -0.2238    27.5326    27.5369    34.2575    27.5326    1448.14    1448.15    -0.5380  1028.2644    34.4242 0.0000e+00
       4388 326.832174  -62.21962  -58.37933      0.912    1447.15    153.000    151.475    -0.5341    -0.5342    -0.0000    -0.5389    -0.5389    -0.0000   2.809786   2.810167   0.000372    34.2578    34.2628     7.2043     6.9922    -0.2121    27.5329    27.5370    34.2577    27.5329    1448.16    1448.16    -0.5388  1028.2694    34.4245 0.0000e+00
       4412 326.832185  -62.21962  -58.37934      0.959    1447.15    154.000    152.465    -0.5343    -0.5340     0.0003    -0.5391    -0.5388     0.0003   2.809892   2.810304   0.000408    34.2587    34.2638     7.2009     6.9895    -0.2114    27.5336    27.5378    34.2588    27.5338    1448.17    1448.18    -0.5390  1028.2751    34.4256 0.0000e+00
       4435 326.832196  -62.21962  -58.37933      1.027    1447.15    155.000    153.454    -0.5344    -0.5341     0.0003    -0.5393    -0.5390     0.0003   2.810036   2.810439   0.000415    34.2601    34.2653     7.2075     6.9887    -0.2189    27.5348    27.5390    34.2603    27.5349    1448.19    1448.20    -0.5392  1028.2810    34.4270 0.0000e+00
       4459 326.832208  -62.21962  -58.37932      1.035    1447.15    156.000    154.444    -0.5341    -0.5338     0.0002    -0.5390    -0.5387     0.0002   2.810285   2.810694   0.000403    34.2624    34.2676     7.2005     6.9937    -0.2068    27.5367    27.5408    34.2626    27.5368    1448.21    1448.22    -0.5389  1028.2877    34.4294 0.0000e+00
       4484 326.832220  -62.21962  -58.37932      0.963    1447.15    157.000    155.434    -0.5339    -0.5337     0.0002    -0.5388    -0.5386     0.0002   2.810354   2.810733   0.000379    34.2626    34.2675     7.1952     6.9816    -0.2136    27.5368    27.5408    34.2627    27.5369    1448.23    1448.24    -0.5387  1028.2925    34.4295 0.0000e+00
       4510 326.832232  -62.21962  -58.37932      0.943    1447.15    158.000    156.423    -0.5338    -0.5337     0.0001    -0.5387    -0.5386     0.0001   2.810373   2.810759   0.000391    34.2622    34.2674     7.1898     6.9725    -0.2172    27.5365    27.5407    34.2622    27.5365    1448.25    1448.25    -0.5386  1028.2969    34.4290 0.0000e+00
       4535 326.832244  -62.21962  -58.37932      0.941    1447.15    159.000    157.413    -0.5339    -0.5337     0.0002    -0.5389    -0.5387     0.0002   2.810305   2.810733   0.000426    34.2608    34.2664     7.1815     6.9620    -0.2195    27.5354    27.5398    34.2609    27.5354    1448.26    1448.27    -0.5388  1028.3006    34.4276 0.0000e+00
       4559 326.832256  -62.21962  -58.37932      0.977    1447.15    160.000    158.403    -0.5335    -0.5334     0.0001    -0.5385    -0.5384     0.0001   2.810502   2.810861   0.000344    34.2622    34.2667     7.1745     6.9612    -0.2134    27.5365    27.5401    34.2624    27.5366    1448.28    1448.29    -0.5384  1028.3066    34.4292 0.0000e+00
       4583 326.832267  -62.21962  -58.37932      1.017    1447.15    161.000    159.392    -0.5336    -0.5331     0.0005    -0.5386    -0.5381     0.0005   2.810536   2.811005   0.000479    34.2621    34.2679     7.1740     6.9631    -0.2109    27.5363    27.5411    34.2623    27.5366    1448.30    1448.31    -0.5385  1028.3113    34.4291 0.0000e+00
       4608 326.832279  -62.21962  -58.37932      0.991    1447.15    162.000    160.382    -0.5323    -0.5319     0.0004    -0.5373    -0.5370     0.0004   2.810930   2.811349   0.000424    34.2652    34.2705     7.1802     6.9616    -0.2186    27.5388    27.5431    34.2656    27.5391    1448.32    1448.33    -0.5373  1028.3186    34.4324 0.0000e+00
       4633 326.832292  -62.21962  -58.37932      0.943    1447.15    163.000    161.372    -0.5309    -0.5306     0.0003    -0.5360    -0.5357     0.0003   2.811260   2.811690   0.000435    34.2671    34.2726     7.1850     6.9672    -0.2178    27.5403    27.5448    34.2678    27.5409    1448.35    1448.36    -0.5359  1028.3252    34.4347 0.0000e+00
       4659 326.832304  -62.21962  -58.37932      0.940    1447.15    164.000    162.361    -0.5287    -0.5284     0.0003    -0.5338    -0.5336     0.0003   2.811681   2.812090   0.000417    34.2702    34.2755     7.1801     6.9722    -0.2079    27.5427    27.5470    34.2704    27.5429    1448.38    1448.39    -0.5337  1028.3319    34.4372 0.0000e+00
       4683 326.832316  -62.21962  -58.37932      0.966    1447.15    165.000    163.351    -0.5305    -0.5302     0.0003    -0.5357    -0.5354     0.0003   2.811289   2.811762   0.000442    34.2671    34.2727     7.1714     6.9648    -0.2066    27.5403    27.5448    34.2666    27.5399    1448.38    1448.39    -0.5356  1028.3337    34.4334 0.0000e+00
       4706 326.832327  -62.21962  -58.37932      1.011    1447.15    166.000    164.341    -0.5309    -0.5304     0.0005    -0.5361    -0.5356     0.0005   2.811369   2.811774   0.000444    34.2668    34.2723     7.1619     6.9598    -0.2021    27.5401    27.5445    34.2675    27.5406    1448.40    1448.41    -0.5360  1028.3392    34.4343 0.0000e+00
       4729 326.832338  -62.21962  -58.37932      1.048    1447.15    167.000    165.330    -0.5280    -0.5280     0.0000    -0.5333    -0.5332     0.0000   2.811907   2.812322   0.000394    34.2704    34.2757     7.1510     6.9575    -0.1935    27.5428    27.5471    34.2708    27.5432    1448.43    1448.44    -0.5331  1028.3465    34.4377 0.0000e+00
       4752 326.832349  -62.21962  -58.37932      1.052    1447.15    168.000    166.319    -0.5276    -0.5275     0.0002    -0.5329    -0.5327     0.0002   2.812008   2.812410   0.000402    34.2710    34.2762     7.1530     6.9504    -0.2026    27.5433    27.5475    34.2711    27.5434    1448.45    1448.46    -0.5328  1028.3515    34.4380 0.0000e+00
       4776 326.832361  -62.21962  -58.37932      1.006    1447.15    169.000    167.309    -0.5277    -0.5274     0.0003    -0.5330    -0.5327     0.0003   2.812019   2.812464   0.000445    34.2706    34.2762     7.1604     6.9396    -0.2208    27.5430    27.5476    34.2708    27.5432    1448.47    1448.47    -0.5329  1028.3560    34.4377 0.0000e+00
       4802 326.832373  -62.21962  -58.37932      0.952    1447.15    170.000    168.299    -0.5275    -0.5270     0.0005    -0.5328    -0.5324     0.0005   2.812150   2.812616   0.000462    34.2714    34.2771     7.1575     6.9221    -0.2354    27.5437    27.5482    34.2716    27.5439    1448.48    1448.49    -0.5327  1028.3615    34.4385 0.0000e+00
       4827 326.832385  -62.21962  -58.37932      0.942    1447.15    171.000    169.288    -0.5272    -0.5271     0.0000    -0.5325    -0.5325     0.0000   2.812216   2.812598   0.000388    34.2715    34.2767     7.1527     6.9112    -0.2415    27.5437    27.5479    34.2716    27.5438    1448.50    1448.51    -0.5325  1028.3662    34.4385 0.0000e+00
       4852 326.832397  -62.21962  -58.37932      0.966    1447.15    172.000    170.278    -0.5277    -0.5276     0.0002    -0.5332    -0.5330     0.0002   2.812149   2.812562   0.000409    34.2706    34.2759     7.1482     6.9158    -0.2325    27.5430    27.5473    34.2707    27.5431    1448.51    1448.52    -0.5330  1028.3703    34.4376 0.0000e+00
       4876 326.832409  -62.21962  -58.37932      0.984    1447.15    173.000    171.267    -0.5278    -0.5276     0.0002    -0.5332    -0.5330     0.0002   2.812184   2.812612   0.000427    34.2705    34.2760     7.1466     6.9193    -0.2273    27.5429    27.5474    34.2706    27.5431    1448.53    1448.54    -0.5331  1028.3750    34.4376 0.0000e+00
       4900 326.832421  -62.21962  -58.37932      0.991    1447.15    174.000    172.257    -0.5278    -0.5276     0.0002    -0.5333    -0.5331     0.0002   2.812214   2.812624   0.000410    34.2704    34.2757     7.1430     6.9147    -0.2283    27.5428    27.5471    34.2704    27.5429    1448.55    1448.55    -0.5332  1028.3796    34.4373 0.0000e+00
       4924 326.832432  -62.21962  -58.37932      0.999    1447.15    175.000    173.247    -0.5277    -0.5274     0.0003    -0.5333    -0.5330     0.0003   2.812284   2.812695   0.000411    34.2705    34.2757     7.1464     6.9145    -0.2320    27.5429    27.5471    34.2707    27.5431    1448.56    1448.57    -0.5331  1028.3846    34.4376 0.0000e+00
       4949 326.832444  -62.21962  -58.37932      0.992    1447.15    176.000    174.236    -0.5274    -0.5272     0.0002    -0.5329    -0.5327     0.0002   2.812399   2.812818   0.000420    34.2711    34.2765     7.1532     6.9193    -0.2339    27.5434    27.5478    34.2712    27.5435    1448.58    1448.59    -0.5328  1028.3898    34.4381 0.0000e+00
       4974 326.832456  -62.21962  -58.37932      0.965    1447.15    177.000    175.226    -0.5274    -0.5272     0.0002    -0.5330    -0.5328     0.0002   2.812415   2.812830   0.000415    34.2708    34.2761     7.1541     6.9237    -0.2303    27.5432    27.5475    34.2709    27.5432    1448.60    1448.61    -0.5329  1028.3943    34.4378 0.0000e+00
       5000 326.832469  -62.21962  -58.37932      0.938    1447.15    178.000    176.216    -0.5277    -0.5275     0.0002    -0.5333    -0.5331     0.0002   2.812400   2.812820   0.000420    34.2704    34.2758     7.1436     6.9146    -0.2289    27.5428    27.5473    34.2703    27.5428    1448.61    1448.62    -0.5332  1028.3986    34.4372 0.0000e+00
       5025 326.832481  -62.21962  -58.37932      0.943    1447.15    179.000    177.205    -0.5287    -0.5280     0.0007    -0.5343    -0.5337     0.0007   2.812251   2.812754   0.000505    34.2688    34.2748     7.1392     6.9102    -0.2290    27.5416    27.5465    34.2688    27.5417    1448.62    1448.63    -0.5342  1028.4022    34.4358 0.0000e+00
       5048 326.832492  -62.21962  -58.37932      0.985    1447.15    180.000    178.194    -0.5280    -0.5278     0.0002    -0.5337    -0.5335     0.0002   2.812472   2.812868   0.000400    34.2702    34.2753     7.1383     6.9140    -0.2243    27.5427    27.5469    34.2704    27.5429    1448.64    1448.65    -0.5336  1028.4082    34.4374 0.0000e+00
       5071 326.832503  -62.21962  -58.37932      1.044    1447.15    181.000    179.184    -0.5275    -0.5271     0.0003    -0.5332    -0.5328     0.0003   2.812590   2.813052   0.000458    34.2706    34.2764     7.1419     6.9111    -0.2308    27.5431    27.5477    34.2708    27.5432    1448.66    1448.67    -0.5331  1028.4133    34.4377 0.0000e+00
       5093 326.832514  -62.21962  -58.37932      1.072    1447.15    182.000    180.173    -0.5273    -0.5271     0.0002    -0.5330    -0.5328     0.0002   2.812645   2.813067   0.000422    34.2707    34.2762     7.1459     6.9029    -0.2429    27.5431    27.5475    34.2707    27.5431    1448.68    1448.69    -0.5329  1028.4180    34.4377 0.0000e+00
