Pos-Processados/process_op38/operantar38_018Bb.ros
* Sea-Bird SBE 9 Data File:
* FileName = D:\OPERANTAR_XXXVIII\DADOS\OP38_018Bb.hdr
* Software Version Seasave V 7.18c
* Temperature SN = 4808
* Conductivity SN = 3380
* Number of Bytes Per Scan = 34
* Number of Voltage Words = 3
* Number of Scans Averaged by the Deck Unit = 1
* NMEA Latitude = 62 10.02 S
* NMEA Longitude = 058 22.53 W
* NMEA UTC (Time) = Nov 05 2019 18:22:12
** H41
** NAVIO POLAR ALMIRANTE MAXIMIANO
** CRUZEIRO:
** OPERANTAR XXXVIII
** ESTAÇÃO: OP38_018b
** LAT 62 10,01' S
** LONG 058 22,50' W
** 09P73767-1155_A
** PROFUNDIDADE: 440
** DATA/HORA: 051823Z/NOV/2019
** OPERADOR: SO-HN CHAVES
# nquan = 27
# nvalues = 1843                                  
# units = specified
# name 0 = scan: Scan Count
# name 1 = timeJ: Julian Days
# name 2 = latitude: Latitude [deg]
# name 3 = longitude: Longitude [deg]
# name 4 = dz/dtM: Descent Rate [m/s]
# name 5 = avgsvCM: Average Sound Velocity [Chen-Millero, m/s]
# name 6 = prDM: Pressure, Digiquartz [db]
# name 7 = depSM: Depth [salt water, m]
# name 8 = t090C: Temperature [ITS-90, deg C]
# name 9 = t190C: Temperature, 2 [ITS-90, deg C]
# name 10 = T2-T190C: Temperature Difference, 2 - 1 [ITS-90, deg C]
# name 11 = potemp090C: Potential Temperature [ITS-90, deg C]
# name 12 = potemp190C: Potential Temperature, 2 [ITS-90, deg C]
# name 13 = potemp90Cdiff: Potential Temperature, Diff, 2 - 1 [ITS-90, deg C]
# name 14 = c0S/m: Conductivity [S/m]
# name 15 = c1S/m: Conductivity, 2 [S/m]
# name 16 = C2-C1S/m: Conductivity Difference, 2 - 1 [S/m]
# name 17 = sal00: Salinity, Practical [PSU]
# name 18 = sal11: Salinity, Practical, 2 [PSU]
# name 19 = sbeox0ML/L: Oxygen, SBE 43 [ml/l]
# name 20 = sigma-é00: Density [sigma-theta, kg/m^3]
# name 21 = sigma-é11: Density, 2 [sigma-theta, kg/m^3]
# name 22 = sbox0Mm/Kg: Oxygen, SBE 43 [umol/kg]
# name 23 = oxsolMm/Kg: Oxygen Saturation, Garcia & Gordon [umol/kg]
# name 24 = oxsatMm/Kg: Oxygen Saturation, Weiss [umol/kg]
# name 25 = nbf: Bottles Fired
# name 26 = flag:  0.000e+00
# interval = seconds: 0.0416667
# start_time = Nov 05 2019 18:22:12 [NMEA time, header]
# bad_flag = -9.990e-29
*END*
[from data line 162]
        608 309.765709  -62.16700  -58.37554      0.071       0.00      1.976      1.957    -0.6302    -0.6281     0.0022    -0.6303    -0.6281     0.0022   2.785408   2.786025   0.000617    34.1310    34.1369     7.6138    27.4343    27.4390    330.952  356.15703  357.76023          2  0.000e+00
        609 309.765710  -62.16700  -58.37554      0.073       0.00      1.976      1.957    -0.6300    -0.6284     0.0017    -0.6301    -0.6284     0.0017   2.785420   2.786008   0.000588    34.1309    34.1370     7.6093    27.4342    27.4391    330.756  356.15549  357.75865          2  0.000e+00
        610 309.765710  -62.16700  -58.37554      0.074       0.00      2.024      2.005    -0.6303    -0.6284     0.0019    -0.6303    -0.6284     0.0019   2.785378   2.785979   0.000601    34.1306    34.1366     7.6144    27.4340    27.4387    330.980  356.15860  357.76180          2  0.000e+00
        611 309.765711  -62.16700  -58.37554      0.078       0.00      2.024      2.005    -0.6314    -0.6285     0.0029    -0.6315    -0.6286     0.0029   2.785312   2.785991   0.000679    34.1310    34.1369     7.6102    27.4344    27.4390    330.795  356.16833  357.77179          2  0.000e+00
        612 309.765711  -62.16700  -58.37554      0.076       0.00      1.976      1.957    -0.6332    -0.6288     0.0043    -0.6332    -0.6289     0.0043   2.785174   2.786002   0.000828    34.1312    34.1374     7.6104    27.4345    27.4394    330.805  356.18431  357.78815          2  0.000e+00
        613 309.765712  -62.16700  -58.37554      0.077       0.00      1.990      1.971    -0.6336    -0.6290     0.0046    -0.6337    -0.6291     0.0046   2.784994   2.785979   0.000985    34.1292    34.1373     7.6105    27.4330    27.4393    330.809  356.19401  357.79785          2  0.000e+00
        614 309.765712  -62.16700  -58.37554      0.077       0.00      2.024      2.005    -0.6344    -0.6287     0.0057    -0.6344    -0.6287     0.0057   2.784893   2.786008   0.001115    34.1287    34.1373     7.6157    27.4326    27.4393    331.038  356.20262  357.80659          2  0.000e+00
        615 309.765713  -62.16700  -58.37554      0.080       0.00      2.024      2.005    -0.6358    -0.6285     0.0073    -0.6358    -0.6286     0.0073   2.784791   2.785956   0.001165    34.1289    34.1364     7.6167    27.4328    27.4386    331.077  356.21515  357.81943          2  0.000e+00
        616 309.765713  -62.16700  -58.37554      0.082       0.00      2.024      2.005    -0.6371    -0.6284     0.0087    -0.6371    -0.6284     0.0087   2.784767   2.785939   0.001172    34.1300    34.1360     7.6175    27.4338    27.4383    331.112  356.22403  357.82864          2  0.000e+00
        617 309.765714  -62.16700  -58.37554      0.080       0.00      2.024      2.005    -0.6378    -0.6285     0.0093    -0.6379    -0.6286     0.0093   2.784767   2.786002   0.001235    34.1309    34.1371     7.6130    27.4345    27.4391    330.918  356.22874  357.83356          2  0.000e+00
        618 309.765714  -62.16700  -58.37554      0.081       0.00      2.024      2.005    -0.6383    -0.6287     0.0096    -0.6383    -0.6287     0.0096   2.784767   2.786008   0.001241    34.1314    34.1373     7.6129    27.4349    27.4393    330.911  356.23164  357.83658          2  0.000e+00
        619 309.765715  -62.16700  -58.37554      0.082       0.00      2.024      2.005    -0.6381    -0.6288     0.0093    -0.6382    -0.6289     0.0093   2.784749   2.785996   0.001247    34.1310    34.1373     7.6126    27.4346    27.4393    330.901  356.23123  357.83611          2  0.000e+00
        620 309.765715  -62.16700  -58.37554      0.083       0.00      2.024      2.005    -0.6387    -0.6285     0.0102    -0.6388    -0.6286     0.0102   2.784761   2.785956   0.001195    34.1318    34.1364     7.6125    27.4353    27.4386    330.895  356.23476  357.83983          2  0.000e+00
        621 309.765716  -62.16700  -58.37554      0.083       0.00      2.024      2.005    -0.6381    -0.6287     0.0094    -0.6382    -0.6287     0.0094   2.784821   2.785962   0.001141    34.1319    34.1367     7.6121    27.4354    27.4388    330.879  356.22852  357.83345          2  0.000e+00
        622 309.765716  -62.16700  -58.37554      0.082       0.00      2.024      2.005    -0.6375    -0.6287     0.0088    -0.6376    -0.6287     0.0088   2.784845   2.785939   0.001094    34.1316    34.1364     7.6118    27.4351    27.4386    330.864  356.22399  357.82879          2  0.000e+00
        623 309.765717  -62.16700  -58.37554      0.075       0.00      2.045      2.025    -0.6373    -0.6287     0.0087    -0.6374    -0.6287     0.0087   2.784845   2.785939   0.001094    34.1314    34.1364     7.6115    27.4349    27.4386    330.854  356.22294  357.82769          2  0.000e+00
        624 309.765717  -62.16700  -58.37554      0.085       0.00      2.072      2.052    -0.6370    -0.6288     0.0082    -0.6371    -0.6289     0.0082   2.784863   2.785962   0.001099    34.1312    34.1368     7.6113    27.4347    27.4389    330.843  356.22013  357.82480          2  0.000e+00
        625 309.765718  -62.16700  -58.37554      0.084       0.00      2.024      2.005    -0.6375    -0.6291     0.0083    -0.6375    -0.6292     0.0083   2.784875   2.785956   0.001081    34.1319    34.1371     7.6111    27.4353    27.4392    330.834  356.22250  357.82730          2  0.000e+00
        626 309.765718  -62.16700  -58.37554      0.082       0.00      2.024      2.005    -0.6376    -0.6288     0.0088    -0.6377    -0.6289     0.0088   2.784833   2.785904   0.001071    34.1316    34.1361     7.6109    27.4351    27.4383    330.827  356.22517  357.82999          2  0.000e+00
        627 309.765719  -62.16700  -58.37554      0.085       0.00      2.072      2.052    -0.6376    -0.6295     0.0082    -0.6377    -0.6295     0.0082   2.784821   2.785927   0.001106    34.1314    34.1371     7.6159    27.4349    27.4392    331.043  356.22570  357.83051          2  0.000e+00
        628 309.765719  -62.16700  -58.37554      0.083       0.00      2.024      2.005    -0.6379    -0.6295     0.0085    -0.6380    -0.6295     0.0085   2.784821   2.785876   0.001055    34.1317    34.1364     7.6113    27.4352    27.4386    330.842  356.22743  357.83232          2  0.000e+00
        629 309.765720  -62.16700  -58.37554      0.082       0.00      2.072      2.052    -0.6376    -0.6299     0.0077    -0.6377    -0.6300     0.0077   2.784767   2.785899   0.001132    34.1306    34.1372     7.6110    27.4343    27.4393    330.833  356.22773  357.83250          2  0.000e+00
        630 309.765720  -62.16700  -58.37554      0.082       0.00      2.024      2.005    -0.6375    -0.6301     0.0074    -0.6375    -0.6301     0.0074   2.784821   2.785899   0.001078    34.1312    34.1374     7.6107    27.4348    27.4395    330.816  356.22453  357.82929          2  0.000e+00
        631 309.765720  -62.16700  -58.37554      0.078       0.00      2.024      2.005    -0.6370    -0.6298     0.0072    -0.6371    -0.6298     0.0072   2.784881   2.785899   0.001018    34.1315    34.1371     7.6103    27.4350    27.4392    330.800  356.21937  357.82405          2  0.000e+00
        632 309.765721  -62.16700  -58.37554      0.080       0.00      2.072      2.052    -0.6369    -0.6296     0.0073    -0.6369    -0.6297     0.0073   2.784935   2.785910   0.000975    34.1321    34.1370     7.6100    27.4354    27.4391    330.788  356.21670  357.82138          2  0.000e+00
        633 309.765721  -62.16700  -58.37554      0.077       0.00      2.045      2.025    -0.6364    -0.6298     0.0067    -0.6365    -0.6298     0.0067   2.785007   2.785916   0.000909    34.1325    34.1373     7.6096    27.4358    27.4393    330.770  356.21104  357.81565          2  0.000e+00
        634 309.765722  -62.16700  -58.37554      0.075       0.00      2.024      2.005    -0.6361    -0.6298     0.0064    -0.6362    -0.6298     0.0064   2.785030   2.785864   0.000834    34.1325    34.1366     7.6093    27.4358    27.4388    330.755  356.20829  357.81284          2  0.000e+00
        635 309.765722  -62.16700  -58.37554      0.073       0.00      2.024      2.005    -0.6362    -0.6307     0.0055    -0.6363    -0.6308     0.0055   2.785012   2.785743   0.000731    34.1324    34.1360     7.6098    27.4357    27.4384    330.780  356.20969  357.81426          2  0.000e+00
        636 309.765723  -62.16700  -58.37554      0.070       0.00      2.072      2.052    -0.6361    -0.6325     0.0035    -0.6361    -0.6326     0.0035   2.784947   2.785588   0.000641    34.1313    34.1360     7.6097    27.4348    27.4384    330.774  356.21117  357.81564          2  0.000e+00
        637 309.765723  -62.16700  -58.37554      0.068       0.00      2.024      2.005    -0.6356    -0.6344     0.0012    -0.6357    -0.6345     0.0012   2.784947   2.785456   0.000509    34.1308    34.1363     7.6093    27.4344    27.4388    330.759  356.20819  357.81254          2  0.000e+00
        638 309.765724  -62.16700  -58.37554      0.068       0.00      2.024      2.005    -0.6356    -0.6344     0.0012    -0.6357    -0.6345     0.0012   2.784953   2.785438   0.000486    34.1309    34.1361     7.6091    27.4344    27.4386    330.749  356.20797  357.81232          2  0.000e+00
        639 309.765724  -62.16700  -58.37554      0.061       0.00      2.024      2.005    -0.6358    -0.6349     0.0009    -0.6358    -0.6349     0.0009   2.784971   2.785444   0.000473    34.1313    34.1367     7.6089    27.4348    27.4391    330.740  356.20837  357.81279          2  0.000e+00
        640 309.765725  -62.16700  -58.37554      0.058       0.00      2.024      2.005    -0.6357    -0.6349     0.0008    -0.6357    -0.6349     0.0008   2.784977   2.785467   0.000491    34.1313    34.1370     7.6035    27.4347    27.4393    330.505  356.20742  357.81181          2  0.000e+00
        641 309.765725  -62.16700  -58.37554      0.060       0.00      2.072      2.052    -0.6358    -0.6347     0.0011    -0.6358    -0.6348     0.0011   2.784941   2.785427   0.000486    34.1309    34.1363     7.6026    27.4344    27.4387    330.468  356.20959  357.81397          2  0.000e+00
        642 309.765726  -62.16700  -58.37554      0.053       0.00      1.976      1.957    -0.6358    -0.6350     0.0008    -0.6358    -0.6351     0.0008   2.784929   2.785456   0.000527    34.1308    34.1371     7.6008    27.4344    27.4394    330.389  356.20987  357.81426          2  0.000e+00
        643 309.765726  -62.16700  -58.37554      0.048       0.00      2.045      2.025    -0.6361    -0.6347     0.0014    -0.6361    -0.6348     0.0014   2.784965   2.785438   0.000474    34.1316    34.1364     7.6051    27.4350    27.4389    330.576  356.21045  357.81493          2  0.000e+00
        644 309.765727  -62.16700  -58.37554      0.047       0.00      2.024      2.005    -0.6358    -0.6352     0.0006    -0.6358    -0.6352     0.0006   2.784959   2.785461   0.000503    34.1312    34.1373     7.6049    27.4347    27.4396    330.567  356.20883  357.81323          2  0.000e+00
        645 309.765727  -62.16700  -58.37554      0.042       0.00      2.024      2.005    -0.6358    -0.6352     0.0006    -0.6358    -0.6352     0.0006   2.784971   2.785490   0.000520    34.1313    34.1377     7.6048    27.4348    27.4399    330.559  356.20837  357.81279          2  0.000e+00
        646 309.765728  -62.16700  -58.37554      0.040       0.00      2.024      2.005    -0.6358    -0.6352     0.0006    -0.6358    -0.6352     0.0006   2.784977   2.785479   0.000502    34.1314    34.1375     7.6046    27.4349    27.4398    330.552  356.20815  357.81256          2  0.000e+00
        647 309.765728  -62.16700  -58.37554      0.035       0.00      2.024      2.005    -0.6358    -0.6350     0.0008    -0.6358    -0.6351     0.0008   2.784977   2.785450   0.000473    34.1314    34.1370     7.6044    27.4349    27.4393    330.545  356.20815  357.81256          2  0.000e+00
        648 309.765729  -62.16700  -58.37554      0.033       0.00      2.024      2.005    -0.6361    -0.6350     0.0010    -0.6361    -0.6351     0.0010   2.784995   2.785479   0.000484    34.1320    34.1373     7.5992    27.4353    27.4396    330.316  356.20928  357.81379          2  0.000e+00
        649 309.765729  -62.16700  -58.37554      0.024       0.00      1.976      1.957    -0.6360    -0.6349     0.0011    -0.6360    -0.6349     0.0011   2.784977   2.785461   0.000485    34.1316    34.1369     7.5982    27.4350    27.4393    330.275  356.20915  357.81362          2  0.000e+00
        650 309.765730  -62.16700  -58.37554      0.025       0.00      2.072      2.052    -0.6358    -0.6350     0.0008    -0.6358    -0.6351     0.0008   2.784971   2.785444   0.000473    34.1313    34.1368     7.5974    27.4348    27.4392    330.241  356.20846  357.81287          2  0.000e+00
        651 309.765730  -62.16700  -58.37554      0.020       0.00      1.976      1.957    -0.6358    -0.6353     0.0004    -0.6358    -0.6354     0.0004   2.784995   2.785404   0.000409    34.1317    34.1367     7.5957    27.4351    27.4391    330.165  356.20739  357.81182          2  0.000e+00
        652 309.765731  -62.16700  -58.37554      0.017       0.00      2.024      2.005    -0.6355    -0.6367    -0.0012    -0.6355    -0.6368    -0.0012   2.785006   2.785260   0.000253    34.1315    34.1363     7.5948    27.4349    27.4389    330.129  356.20521  357.80956          2  0.000e+00
        653 309.765731  -62.16700  -58.37554      0.013       0.00      1.990      1.971    -0.6356    -0.6372    -0.0016    -0.6357    -0.6372    -0.0016   2.784983   2.785225   0.000243    34.1313    34.1364     7.5992    27.4348    27.4389    330.318  356.20678  357.81115          2  0.000e+00
        654 309.765732  -62.16700  -58.37554      0.007       0.00      2.024      2.005    -0.6356    -0.6374    -0.0018    -0.6357    -0.6374    -0.0018   2.785012   2.785271   0.000259    34.1317    34.1372     7.6000    27.4351    27.4396    330.352  356.20571  357.81010          2  0.000e+00
        655 309.765732  -62.16700  -58.37554      0.001       0.00      1.976      1.957    -0.6353    -0.6372    -0.0019    -0.6354    -0.6372    -0.0019   2.784989   2.785271   0.000283    34.1311    34.1370     7.6007    27.4346    27.4394    330.383  356.20472  357.80901          2  0.000e+00
        656 309.765733  -62.16700  -58.37554      0.002       0.00      2.024      2.005    -0.6355    -0.6372    -0.0017    -0.6355    -0.6372    -0.0017   2.784977   2.785300   0.000324    34.1311    34.1374     7.6016    27.4346    27.4397    330.423  356.20634  357.81067          2  0.000e+00
        657 309.765733  -62.16700  -58.37554     -0.004       0.00      1.976      1.957    -0.6355    -0.6372    -0.0017    -0.6355    -0.6372    -0.0017   2.784959   2.785346   0.000388    34.1309    34.1380     7.6024    27.4344    27.4403    330.459  356.20693  357.81126          2  0.000e+00
        658 309.765734  -62.16700  -58.37554     -0.007       0.00      2.024      2.005    -0.6358    -0.6366    -0.0008    -0.6358    -0.6366    -0.0008   2.784911   2.785346   0.000436    34.1305    34.1373     7.5975    27.4341    27.4396    330.245  356.21063  357.81500          2  0.000e+00
        659 309.765734  -62.16700  -58.37554     -0.010       0.00      1.976      1.957    -0.6360    -0.6366    -0.0006    -0.6360    -0.6366    -0.0006   2.784917   2.785340   0.000424    34.1308    34.1372     7.5977    27.4344    27.4396    330.251  356.21141  357.81583          2  0.000e+00
