Pos-Processados/process_op38/operantar38_004.ros
* Sea-Bird SBE 9 Data File:
* FileName = D:\OPERANTAR_XXXVIII\DADOS\OP38_004.hdr
* Software Version Seasave V 7.12
* Temperature SN = 4808
* Conductivity SN = 3380
* Number of Bytes Per Scan = 31
* Number of Voltage Words = 2
* Number of Scans Averaged by the Deck Unit = 1
* NMEA Latitude = 39 58.92 S
* NMEA Longitude = 054 59.71 W
* NMEA UTC (Time) = Oct 17 2019 15:31:47
** H41
** NAVIO POLAR ALMIRANTE MAXIMIANO
** CRUZEIRO:
** OPERANTAR XXXVIII
** ESTAÇÃO: OP38_004
** LAT 39º 58,96'S
** LONG 054º 59,70'W
** 09P73767-1155
** PROFUNDIDADE: 1627 m
** DATA/HORA: 171533Z/OUT/2019
** OPERADOR: SO-HN CHAVES
# nquan = 27
# nvalues = 3988                                  
# units = specified
# name 0 = scan: Scan Count
# name 1 = timeJ: Julian Days
# name 2 = latitude: Latitude [deg]
# name 3 = longitude: Longitude [deg]
# name 4 = dz/dtM: Descent Rate [m/s]
# name 5 = avgsvCM: Average Sound Velocity [Chen-Millero, m/s]
# name 6 = prDM: Pressure, Digiquartz [db]
# name 7 = depSM: Depth [salt water, m]
# name 8 = t090C: Temperature [ITS-90, deg C]
# name 9 = t190C: Temperature, 2 [ITS-90, deg C]
# name 10 = T2-T190C: Temperature Difference, 2 - 1 [ITS-90, deg C]
# name 11 = potemp090C: Potential Temperature [ITS-90, deg C]
# name 12 = potemp190C: Potential Temperature, 2 [ITS-90, deg C]
# name 13 = potemp90Cdiff: Potential Temperature, Diff, 2 - 1 [ITS-90, deg C]
# name 14 = c0S/m: Conductivity [S/m]
# name 15 = c1S/m: Conductivity, 2 [S/m]
# name 16 = C2-C1S/m: Conductivity Difference, 2 - 1 [S/m]
# name 17 = sal00: Salinity, Practical [PSU]
# name 18 = sal11: Salinity, Practical, 2 [PSU]
# name 19 = sbeox0ML/L: Oxygen, SBE 43 [ml/l]
# name 20 = sigma-é00: Density [sigma-theta, kg/m^3]
# name 21 = sigma-é11: Density, 2 [sigma-theta, kg/m^3]
# name 22 = sbox0Mm/Kg: Oxygen, SBE 43 [umol/kg]
# name 23 = oxsolMm/Kg: Oxygen Saturation, Garcia & Gordon [umol/kg]
# name 24 = oxsatMm/Kg: Oxygen Saturation, Weiss [umol/kg]
# name 25 = nbf: Bottles Fired
# name 26 = flag:  0.000e+00
# interval = seconds: 0.0416667
# start_time = Oct 17 2019 15:31:47 [NMEA time, header]
# bad_flag = -9.990e-29
*END*
[from data line 860]
      59888 290.675952  -39.97478  -54.99514      0.149    1470.62     33.386     33.127     5.9381     5.9371    -0.0010     5.9353     5.9343    -0.0010   3.351186   3.351643   0.000457    34.0810    34.0872     7.3355    26.8346    26.8396    319.043  302.75884  303.30298          6  0.000e+00
      59889 290.675953  -39.97478  -54.99514      0.156    1470.62     33.441     33.182     5.9380     5.9369    -0.0010     5.9352     5.9342    -0.0010   3.351115   3.351593   0.000478    34.0803    34.0867     7.3397    26.8340    26.8392    319.225  302.76119  303.30532          6  0.000e+00
      59890 290.675953  -39.97478  -54.99514      0.157    1470.62     33.386     33.127     5.9376     5.9372    -0.0004     5.9349     5.9344    -0.0004   3.351064   3.351618   0.000554    34.0800    34.0867     7.3360    26.8339    26.8392    319.063  302.76393  303.30809          6  0.000e+00
      59891 290.675954  -39.97478  -54.99514      0.162    1470.62     33.434     33.175     5.9373     5.9374     0.0001     5.9345     5.9346     0.0001   3.351038   3.351680   0.000641    34.0801    34.0872     7.3360    26.8340    26.8396    319.062  302.76638  303.31059          6  0.000e+00
      59892 290.675954  -39.97478  -54.99514      0.164    1470.62     33.441     33.182     5.9367     5.9380     0.0013     5.9339     5.9353     0.0013   3.351038   3.351717   0.000678    34.0807    34.0870     7.3359    26.8345    26.8393    319.060  302.76914  303.31343          6  0.000e+00
      59893 290.675955  -39.97478  -54.99514      0.169    1470.62     33.441     33.182     5.9366     5.9379     0.0013     5.9338     5.9351     0.0013   3.351013   3.351729   0.000717    34.0805    34.0873     7.3358    26.8344    26.8395    319.054  302.77029  303.31459          6  0.000e+00
      59894 290.675955  -39.97478  -54.99514      0.172    1470.62     33.441     33.182     5.9362     5.9380     0.0018     5.9335     5.9353     0.0018   3.350961   3.351735   0.000774    34.0803    34.0872     7.3357    26.8342    26.8395    319.050  302.77334  303.31768          6  0.000e+00
      59895 290.675956  -39.97478  -54.99514      0.171    1470.62     33.379     33.121     5.9359     5.9382     0.0023     5.9331     5.9354     0.0023   3.350910   3.351704   0.000795    34.0801    34.0867     7.3355    26.8341    26.8391    319.042  302.77632  303.32070          6  0.000e+00
      59896 290.675956  -39.97478  -54.99514      0.179    1470.62     33.591     33.331     5.9350     5.9367     0.0018     5.9322     5.9339     0.0017   3.350865   3.351538   0.000673    34.0804    34.0862     7.3351    26.8345    26.8389    319.027  302.78194  303.32644          6  0.000e+00
      59897 290.675957  -39.97478  -54.99514      0.186    1470.62     33.489     33.229     5.9341     5.9355     0.0013     5.9314     5.9327     0.0013   3.350781   3.351396   0.000615    34.0803    34.0859     7.3350    26.8345    26.8388    319.018  302.78794  303.33253          6  0.000e+00
      59898 290.675957  -39.97478  -54.99514      0.184    1470.62     33.441     33.182     5.9339     5.9343     0.0004     5.9312     5.9316     0.0004   3.350781   3.351340   0.000559    34.0806    34.0865     7.3388    26.8347    26.8394    319.185  302.78889  303.33351          6  0.000e+00
      59899 290.675958  -39.97478  -54.99514      0.186    1470.62     33.489     33.230     5.9336     5.9334    -0.0002     5.9308     5.9306    -0.0002   3.350794   3.351260   0.000466    34.0811    34.0865     7.3390    26.8352    26.8395    319.196  302.79037  303.33504          6  0.000e+00
      59900 290.675958  -39.97478  -54.99514      0.190    1470.62     33.537     33.277     5.9336     5.9325    -0.0011     5.9308     5.9298    -0.0011   3.350833   3.351199   0.000366    34.0814    34.0866     7.3350    26.8355    26.8397    319.022  302.78919  303.33388          6  0.000e+00
      59901 290.675959  -39.97478  -54.99514      0.194    1470.62     33.489     33.230     5.9337     5.9327    -0.0010     5.9310     5.9299    -0.0010   3.350846   3.351205   0.000359    34.0815    34.0865     7.3346    26.8355    26.8396    319.003  302.78831  303.33299          6  0.000e+00
      59902 290.675959  -39.97478  -54.99514      0.196    1470.62     33.537     33.277     5.9338     5.9316    -0.0022     5.9310     5.9288    -0.0022   3.350852   3.351180   0.000328    34.0815    34.0874     7.3342    26.8355    26.8404    318.987  302.78796  303.33262          6  0.000e+00
      59903 290.675960  -39.97478  -54.99514      0.195    1470.62     33.489     33.230     5.9341     5.9313    -0.0029     5.9314     5.9285    -0.0029   3.350871   3.351131   0.000259    34.0813    34.0872     7.3337    26.8353    26.8403    318.964  302.78566  303.33028          6  0.000e+00
      59904 290.675960  -39.97478  -54.99514      0.195    1470.62     33.537     33.277     5.9345     5.9303    -0.0042     5.9317     5.9275    -0.0042   3.350871   3.351075   0.000204    34.0810    34.0875     7.3333    26.8350    26.8407    318.945  302.78397  303.32853          6  0.000e+00
      59905 290.675961  -39.97478  -54.99514      0.198    1470.62     33.537     33.277     5.9346     5.9300    -0.0046     5.9318     5.9272    -0.0046   3.350904   3.350970   0.000067    34.0812    34.0866     7.3328    26.8352    26.8400    318.924  302.78266  303.32721          6  0.000e+00
      59906 290.675961  -39.97478  -54.99514      0.200    1470.62     33.592     33.332     5.9350     5.9297    -0.0053     5.9322     5.9269    -0.0053   3.350955   3.350983   0.000028    34.0814    34.0871     7.3323    26.8353    26.8404    318.902  302.77967  303.32419          6  0.000e+00
      59907 290.675962  -39.97478  -54.99514      0.201    1470.62     33.537     33.277     5.9354     5.9293    -0.0061     5.9326     5.9265    -0.0061   3.350929   3.350976   0.000047    34.0807    34.0874     7.3317    26.8347    26.8407    318.877  302.77826  303.32271          6  0.000e+00
      59908 290.675962  -39.97478  -54.99514      0.201    1470.62     33.537     33.277     5.9349     5.9292    -0.0058     5.9321     5.9264    -0.0058   3.350865   3.350970   0.000105    34.0805    34.0875     7.3318    26.8345    26.8408    318.880  302.78213  303.32663          6  0.000e+00
      59909 290.675963  -39.97478  -54.99514      0.203    1470.62     33.592     33.332     5.9344     5.9298    -0.0045     5.9316     5.9270    -0.0045   3.350775   3.351063   0.000288    34.0800    34.0878     7.3319    26.8342    26.8410    318.887  302.78722  303.33178          6  0.000e+00
      59910 290.675963  -39.97478  -54.99514      0.201    1470.62     33.592     33.332     5.9339     5.9304    -0.0035     5.9312     5.9277    -0.0035   3.350781   3.351137   0.000355    34.0805    34.0880     7.3315    26.8347    26.8411    318.867  302.78906  303.33368          6  0.000e+00
      59911 290.675964  -39.97478  -54.99514      0.205    1470.62     33.592     33.332     5.9339     5.9314    -0.0025     5.9311     5.9286    -0.0025   3.350814   3.351211   0.000397    34.0809    34.0879     7.3309    26.8350    26.8408    318.843  302.78849  303.33313          6  0.000e+00
      59912 290.675964  -39.97478  -54.99514      0.203    1470.62     33.585     33.325     5.9335     5.9323    -0.0012     5.9307     5.9295    -0.0012   3.350775   3.351236   0.000461    34.0809    34.0873     7.3309    26.8351    26.8403    318.844  302.79146  303.33615          6  0.000e+00
      59913 290.675965  -39.97478  -54.99514      0.202    1470.62     33.592     33.332     5.9330     5.9322    -0.0008     5.9302     5.9295    -0.0008   3.350781   3.351310   0.000528    34.0814    34.0882     7.3310    26.8356    26.8410    318.844  302.79356  303.33831          6  0.000e+00
      59914 290.675965  -39.97478  -54.99514      0.202    1470.62     33.592     33.332     5.9330     5.9334     0.0003     5.9303     5.9306     0.0003   3.350756   3.351334   0.000579    34.0811    34.0873     7.3304    26.8353    26.8402    318.821  302.79396  303.33870          6  0.000e+00
      59915 290.675965  -39.97478  -54.99514      0.199    1470.62     33.592     33.332     5.9330     5.9335     0.0005     5.9302     5.9308     0.0005   3.350756   3.351353   0.000597    34.0811    34.0873     7.3303    26.8353    26.8402    318.817  302.79421  303.33896          6  0.000e+00
      59916 290.675966  -39.97478  -54.99514      0.199    1470.62     33.633     33.373     5.9332     5.9342     0.0010     5.9304     5.9314     0.0010   3.350762   3.351384   0.000621    34.0810    34.0870     7.3303    26.8352    26.8398    318.815  302.79334  303.33807          6  0.000e+00
      59917 290.675966  -39.97478  -54.99514      0.197    1470.62     33.592     33.332     5.9336     5.9340     0.0004     5.9308     5.9312     0.0004   3.350807   3.351347   0.000540    34.0811    34.0868     7.3301    26.8353    26.8397    318.806  302.79016  303.33484          6  0.000e+00
      59918 290.675967  -39.97478  -54.99514      0.197    1470.62     33.640     33.379     5.9336     5.9332    -0.0004     5.9308     5.9304    -0.0004   3.350826   3.351334   0.000508    34.0813    34.0875     7.3300    26.8354    26.8403    318.804  302.78947  303.33415          6  0.000e+00
      59919 290.675967  -39.97478  -54.99514      0.195    1470.62     33.640     33.379     5.9337     5.9329    -0.0008     5.9309     5.9301    -0.0008   3.350814   3.351334   0.000521    34.0810    34.0877     7.3299    26.8352    26.8406    318.800  302.78930  303.33396          6  0.000e+00
      59920 290.675968  -39.97478  -54.99514      0.192    1470.62     33.640     33.379     5.9333     5.9334     0.0001     5.9305     5.9306     0.0001   3.350730   3.351297   0.000567    34.0805    34.0869     7.3300    26.8348    26.8398    318.801  302.79341  303.33811          6  0.000e+00
      59921 290.675968  -39.97478  -54.99514      0.192    1470.62     33.633     33.373     5.9321     5.9325     0.0005     5.9293     5.9298     0.0005   3.350447   3.351162   0.000714    34.0786    34.0862     7.3302    26.8334    26.8393    318.812  302.80656  303.35136          6  0.000e+00
      59922 290.675969  -39.97478  -54.99514      0.191    1470.62     33.640     33.379     5.9289     5.9311     0.0022     5.9261     5.9283     0.0022   3.350075   3.351125   0.001050    34.0776    34.0872     7.3308    26.8330    26.8403    318.837  302.83126  303.37641          6  0.000e+00
      59923 290.675969  -39.97478  -54.99514      0.189    1470.62     33.695     33.434     5.9259     5.9318     0.0058     5.9231     5.9290     0.0058   3.349799   3.351168   0.001369    34.0774    34.0870     7.3313    26.8333    26.8401    318.861  302.85232  303.39781          6  0.000e+00
      59924 290.675970  -39.97478  -54.99514      0.192    1470.62     33.695     33.434     5.9237     5.9319     0.0082     5.9209     5.9291     0.0082   3.349670   3.351186   0.001516    34.0782    34.0871     7.3316    26.8342    26.8401    318.874  302.86632  303.41211          6  0.000e+00
      59925 290.675970  -39.97478  -54.99514      0.184    1470.62     33.633     33.373     5.9224     5.9316     0.0092     5.9196     5.9288     0.0092   3.349600   3.351094   0.001494    34.0788    34.0864     7.3317    26.8348    26.8396    318.877  302.87430  303.42025          6  0.000e+00
      59926 290.675971  -39.97478  -54.99514      0.182    1470.62     33.640     33.379     5.9203     5.9295     0.0092     5.9175     5.9267     0.0092   3.349426   3.350878   0.001451    34.0789    34.0860     7.3320    26.8352    26.8396    318.891  302.88870  303.43491          6  0.000e+00
      59927 290.675971  -39.97478  -54.99514      0.180    1470.62     33.695     33.434     5.9173     5.9276     0.0103     5.9145     5.9248     0.0103   3.349195   3.350822   0.001627    34.0793    34.0873     7.3325    26.8359    26.8409    318.913  302.90913  303.45571          6  0.000e+00
      59928 290.675972  -39.97478  -54.99514      0.179    1470.62     33.695     33.434     5.9155     5.9280     0.0126     5.9127     5.9253     0.0126   3.349131   3.350865   0.001735    34.0804    34.0873     7.3328    26.8369    26.8408    318.922  302.91927  303.46608          6  0.000e+00
      59929 290.675972  -39.97478  -54.99514      0.177    1470.62     33.688     33.427     5.9144     5.9279     0.0134     5.9117     5.9251     0.0134   3.349221   3.350847   0.001626    34.0825    34.0873     7.3328    26.8387    26.8408    318.922  302.92198  303.46898          6  0.000e+00
      59930 290.675973  -39.97478  -54.99514      0.175    1470.62     33.695     33.434     5.9146     5.9289     0.0142     5.9119     5.9261     0.0142   3.349343   3.350933   0.001590    34.0836    34.0873     7.3326    26.8396    26.8407    318.914  302.91789  303.46489          6  0.000e+00
      59931 290.675973  -39.97478  -54.99514      0.175    1470.62     33.743     33.481     5.9153     5.9288     0.0136     5.9125     5.9260     0.0136   3.349426   3.351014   0.001587    34.0839    34.0882     7.3324    26.8397    26.8414    318.907  302.91283  303.45976          6  0.000e+00
      59932 290.675974  -39.97478  -54.99514      0.174    1470.62     33.695     33.434     5.9166     5.9293     0.0127     5.9138     5.9265     0.0127   3.349484   3.350940   0.001455    34.0833    34.0869     7.3321    26.8391    26.8403    318.892  302.90506  303.45182          6  0.000e+00
      59933 290.675974  -39.97478  -54.99514      0.168    1470.62     33.688     33.427     5.9172     5.9272     0.0100     5.9144     5.9244     0.0100   3.349561   3.350613   0.001051    34.0835    34.0853     7.3324    26.8392    26.8393    318.904  302.90009  303.44679          6  0.000e+00
      59934 290.675975  -39.97478  -54.99514      0.169    1470.62     33.743     33.482     5.9188     5.9213     0.0025     5.9160     5.9185     0.0024   3.349741   3.350057   0.000316    34.0839    34.0850     7.3320    26.8393    26.8398    318.890  302.88784  303.43435          6  0.000e+00
      59935 290.675975  -39.97478  -54.99514      0.168    1470.62     33.743     33.482     5.9205     5.9157    -0.0048     5.9177     5.9129    -0.0048   3.349889   3.349632  -0.000257    34.0839    34.0859     7.3275    26.8391    26.8412    318.694  302.87635  303.42266          6  0.000e+00
      59936 290.675976  -39.97478  -54.99514      0.166    1470.62     33.743     33.482     5.9222     5.9129    -0.0094     5.9194     5.9101    -0.0093   3.349947   3.349360  -0.000586    34.0828    34.0856     7.3267    26.8380    26.8414    318.660  302.86638  303.41245          6  0.000e+00
      59937 290.675976  -39.97478  -54.99514      0.163    1470.62     33.743     33.482     5.9230     5.9103    -0.0127     5.9202     5.9076    -0.0127   3.349998   3.349169  -0.000829    34.0826    34.0860     7.3261    26.8377    26.8420    318.632  302.86133  303.40730          6  0.000e+00
      59938 290.675977  -39.97478  -54.99514      0.163    1470.62     33.736     33.475     5.9235     5.9087    -0.0147     5.9207     5.9060    -0.0147   3.350011   3.349126  -0.000885    34.0823    34.0871     7.3260    26.8374    26.8431    318.630  302.85874  303.40465          6  0.000e+00
      59939 290.675977  -39.97478  -54.99514      0.162    1470.62     33.791     33.529     5.9227     5.9071    -0.0156     5.9199     5.9043    -0.0156   3.349870   3.349212  -0.000657    34.0814    34.0898     7.3258    26.8368    26.8454    318.622  302.86614  303.41212          6  0.000e+00
