Pos-Processados/process_op38/operantar38_015b.ros
* Sea-Bird SBE 9 Data File:
* FileName = D:\OPERANTAR_XXXVIII\DADOS\OP38_015b.hdr
* Software Version Seasave V 7.18c
* Temperature SN = 4808
* Conductivity SN = 3380
* Number of Bytes Per Scan = 34
* Number of Voltage Words = 3
* Number of Scans Averaged by the Deck Unit = 1
* NMEA Latitude = 62 18.48 S
* NMEA Longitude = 058 32.77 W
* NMEA UTC (Time) = Nov 05 2019 09:48:22
** H41
** NAVIO POLAR ALMIRANTE MAXIMIANO
** CRUZEIRO:
** OPERANTAR XXXVIII
** ESTAÇÃO: OP38_015b
** LAT 62 18,48' S
** LONG 058 32,80' W
** 09P73767-1155_A
** PROFUNDIDADE: 353
** DATA/HORA: 050949Z/NOV/2019
** OPERADOR: SO-HN CHAVES
# nquan = 24
# nvalues = 1844                                  
# units = specified
# name 0 = scan: Scan Count
# name 1 = timeJ: Julian Days
# name 2 = latitude: Latitude [deg]
# name 3 = longitude: Longitude [deg]
# name 4 = dz/dtM: Descent Rate [m/s]
# name 5 = avgsvCM: Average Sound Velocity [Chen-Millero, m/s]
# name 6 = prDM: Pressure, Digiquartz [db]
# name 7 = depSM: Depth [salt water, m]
# name 8 = t090C: Temperature [ITS-90, deg C]
# name 9 = t190C: Temperature, 2 [ITS-90, deg C]
# name 10 = T2-T190C: Temperature Difference, 2 - 1 [ITS-90, deg C]
# name 11 = potemp090C: Potential Temperature [ITS-90, deg C]
# name 12 = potemp190C: Potential Temperature, 2 [ITS-90, deg C]
# name 13 = potemp90Cdiff: Potential Temperature, Diff, 2 - 1 [ITS-90, deg C]
# name 14 = c0S/m: Conductivity [S/m]
# name 15 = c1S/m: Conductivity, 2 [S/m]
# name 16 = C2-C1S/m: Conductivity Difference, 2 - 1 [S/m]
# name 17 = sal00: Salinity, Practical [PSU]
# name 18 = sal11: Salinity, Practical, 2 [PSU]
# name 19 = sbeox0ML/L: Oxygen, SBE 43 [ml/l]
# name 20 = sigma-é00: Density [sigma-theta, kg/m^3]
# name 21 = sigma-é11: Density, 2 [sigma-theta, kg/m^3]
# name 22 = nbf: Bottles Fired
# name 23 = flag:  0.000e+00
# interval = seconds: 0.0416667
# start_time = Nov 05 2019 09:48:22 [NMEA time, header]
# bad_flag = -9.990e-29
*END*
[from data line 1570]
       5699 309.411336  -62.30810  -58.54616     -0.115       0.00     17.759     17.588    -0.8107    -0.8102     0.0005    -0.8112    -0.8107     0.0005   2.772290   2.772739   0.000450    34.1478    34.1533     7.6818    27.4553    27.4598         11  0.000e+00
       5700 309.411336  -62.30810  -58.54616     -0.114       0.00     17.787     17.615    -0.8106    -0.8102     0.0004    -0.8111    -0.8107     0.0004   2.772308   2.772745   0.000438    34.1478    34.1533     7.6816    27.4554    27.4598         11  0.000e+00
       5701 309.411337  -62.30810  -58.54616     -0.113       0.00     17.787     17.615    -0.8104    -0.8102     0.0002    -0.8109    -0.8107     0.0002   2.772308   2.772734   0.000426    34.1477    34.1532     7.6821    27.4552    27.4597         11  0.000e+00
       5702 309.411337  -62.30810  -58.54616     -0.115       0.00     17.739     17.568    -0.8106    -0.8099     0.0007    -0.8111    -0.8104     0.0007   2.772313   2.772762   0.000449    34.1480    34.1533     7.6827    27.4555    27.4597         11  0.000e+00
       5703 309.411338  -62.30810  -58.54616     -0.117       0.00     17.759     17.588    -0.8104    -0.8102     0.0002    -0.8109    -0.8107     0.0002   2.772308   2.772757   0.000449    34.1477    34.1535     7.6824    27.4552    27.4600         11  0.000e+00
       5704 309.411338  -62.30810  -58.54616     -0.111       0.00     17.787     17.615    -0.8106    -0.8100     0.0005    -0.8111    -0.8105     0.0005   2.772308   2.772734   0.000426    34.1478    34.1530     7.6822    27.4554    27.4596         11  0.000e+00
       5705 309.411339  -62.30810  -58.54616     -0.109       0.00     17.787     17.615    -0.8106    -0.8096     0.0010    -0.8111    -0.8100     0.0010   2.772290   2.772745   0.000455    34.1476    34.1526     7.6820    27.4552    27.4592         11  0.000e+00
       5706 309.411339  -62.30810  -58.54616     -0.108       0.00     17.739     17.568    -0.8112    -0.8100     0.0011    -0.8116    -0.8105     0.0011   2.772266   2.772785   0.000520    34.1480    34.1538     7.6825    27.4555    27.4602         11  0.000e+00
       5707 309.411340  -62.30810  -58.54616     -0.110       0.00     17.759     17.588    -0.8115    -0.8097     0.0018    -0.8120    -0.8102     0.0018   2.772242   2.772762   0.000521    34.1480    34.1531     7.6771    27.4556    27.4596         11  0.000e+00
       5708 309.411340  -62.30810  -58.54616     -0.109       0.00     17.739     17.568    -0.8115    -0.8097     0.0018    -0.8120    -0.8102     0.0018   2.772272   2.772768   0.000496    34.1484    34.1532     7.6760    27.4559    27.4597         11  0.000e+00
       5709 309.411341  -62.30810  -58.54616     -0.104       0.00     17.787     17.615    -0.8115    -0.8104     0.0012    -0.8120    -0.8108     0.0012   2.772284   2.772774   0.000490    34.1486    34.1539     7.6801    27.4560    27.4603         11  0.000e+00
       5710 309.411341  -62.30810  -58.54616     -0.104       0.00     17.739     17.568    -0.8110    -0.8099     0.0012    -0.8115    -0.8104     0.0012   2.772266   2.772774   0.000508    34.1478    34.1534     7.6796    27.4554    27.4599         11  0.000e+00
       5711 309.411342  -62.30810  -58.54616     -0.102       0.00     17.759     17.588    -0.8110    -0.8096     0.0015    -0.8115    -0.8100     0.0015   2.772260   2.772779   0.000520    34.1477    34.1531     7.6792    27.4553    27.4596         11  0.000e+00
       5712 309.411342  -62.30810  -58.54616     -0.102       0.00     17.739     17.568    -0.8110    -0.8099     0.0012    -0.8115    -0.8104     0.0012   2.772260   2.772797   0.000537    34.1478    34.1537     7.6796    27.4553    27.4601         11  0.000e+00
       5713 309.411343  -62.30810  -58.54616     -0.101       0.00     17.739     17.568    -0.8109    -0.8099     0.0010    -0.8114    -0.8104     0.0010   2.772296   2.772802   0.000507    34.1480    34.1538     7.6799    27.4556    27.4602         11  0.000e+00
       5714 309.411343  -62.30810  -58.54616     -0.098       0.00     17.759     17.588    -0.8107    -0.8098     0.0009    -0.8112    -0.8103     0.0009   2.772290   2.772820   0.000530    34.1478    34.1540     7.6803    27.4553    27.4603         11  0.000e+00
       5715 309.411344  -62.30810  -58.54616     -0.095       0.00     17.739     17.568    -0.8106    -0.8097     0.0008    -0.8111    -0.8102     0.0008   2.772307   2.772831   0.000524    34.1479    34.1540     7.6807    27.4554    27.4604         11  0.000e+00
       5716 309.411344  -62.30810  -58.54616     -0.093       0.00     17.739     17.568    -0.8104    -0.8096     0.0008    -0.8109    -0.8100     0.0008   2.772272   2.772866   0.000594    34.1472    34.1543     7.6802    27.4549    27.4606         11  0.000e+00
       5717 309.411345  -62.30810  -58.54616     -0.093       0.00     17.739     17.568    -0.8104    -0.8091     0.0013    -0.8109    -0.8096     0.0013   2.772302   2.772843   0.000541    34.1476    34.1535     7.6806    27.4552    27.4599         11  0.000e+00
       5718 309.411345  -62.30810  -58.54616     -0.090       0.00     17.759     17.588    -0.8106    -0.8093     0.0013    -0.8111    -0.8098     0.0013   2.772308   2.772808   0.000501    34.1479    34.1532     7.6802    27.4554    27.4597         11  0.000e+00
       5719 309.411345  -62.30810  -58.54616     -0.087       0.00     17.739     17.568    -0.8106    -0.8094     0.0012    -0.8111    -0.8099     0.0012   2.772307   2.772820   0.000512    34.1479    34.1535     7.6805    27.4554    27.4599         11  0.000e+00
       5720 309.411346  -62.30810  -58.54616     -0.080       0.00     17.787     17.615    -0.8104    -0.8091     0.0013    -0.8109    -0.8096     0.0013   2.772290   2.772791   0.000501    34.1474    34.1527     7.6748    27.4550    27.4593         11  0.000e+00
       5721 309.411346  -62.30810  -58.54616     -0.078       0.00     17.739     17.568    -0.8104    -0.8097     0.0007    -0.8109    -0.8102     0.0007   2.772302   2.772779   0.000478    34.1476    34.1533     7.6795    27.4552    27.4598         11  0.000e+00
       5722 309.411347  -62.30810  -58.54616     -0.080       0.00     17.711     17.540    -0.8106    -0.8097     0.0008    -0.8111    -0.8102     0.0008   2.772307   2.772797   0.000489    34.1479    34.1536     7.6790    27.4554    27.4600         11  0.000e+00
       5723 309.411347  -62.30810  -58.54616     -0.075       0.00     17.787     17.615    -0.8101    -0.8104    -0.0002    -0.8106    -0.8108    -0.0002   2.772290   2.772745   0.000455    34.1471    34.1535     7.6785    27.4548    27.4600         11  0.000e+00
       5724 309.411348  -62.30810  -58.54616     -0.076       0.00     17.684     17.513    -0.8106    -0.8104     0.0002    -0.8111    -0.8108     0.0002   2.772242   2.772779   0.000538    34.1470    34.1541     7.6788    27.4547    27.4604         11  0.000e+00
       5725 309.411348  -62.30810  -58.54616     -0.067       0.00     17.787     17.615    -0.8106    -0.8100     0.0005    -0.8111    -0.8105     0.0005   2.772272   2.772745   0.000473    34.1474    34.1532     7.6791    27.4550    27.4597         11  0.000e+00
       5726 309.411349  -62.30810  -58.54616     -0.067       0.00     17.711     17.540    -0.8104    -0.8102     0.0002    -0.8109    -0.8107     0.0002   2.772302   2.772762   0.000461    34.1476    34.1536     7.6792    27.4552    27.4601         11  0.000e+00
       5727 309.411349  -62.30810  -58.54616     -0.066       0.00     17.739     17.568    -0.8102    -0.8100     0.0002    -0.8107    -0.8105     0.0002   2.772307   2.772757   0.000449    34.1475    34.1534     7.6743    27.4551    27.4598         11  0.000e+00
       5728 309.411350  -62.30810  -58.54616     -0.059       0.00     17.787     17.615    -0.8104    -0.8097     0.0007    -0.8109    -0.8102     0.0007   2.772290   2.772808   0.000519    34.1474    34.1537     7.6783    27.4550    27.4601         11  0.000e+00
       5729 309.411350  -62.30810  -58.54616     -0.062       0.00     17.739     17.568    -0.8106    -0.8094     0.0012    -0.8111    -0.8099     0.0012   2.772284   2.772785   0.000502    34.1476    34.1530     7.6785    27.4552    27.4596         11  0.000e+00
       5730 309.411351  -62.30810  -58.54616     -0.055       0.00     17.759     17.588    -0.8107    -0.8091     0.0016    -0.8112    -0.8096     0.0016   2.772266   2.772814   0.000548    34.1474    34.1531     7.6789    27.4551    27.4596         11  0.000e+00
       5731 309.411351  -62.30810  -58.54616     -0.050       0.00     17.739     17.568    -0.8104    -0.8097     0.0007    -0.8109    -0.8102     0.0007   2.772296   2.772808   0.000513    34.1475    34.1537     7.6738    27.4551    27.4601         11  0.000e+00
       5732 309.411352  -62.30810  -58.54616     -0.048       0.00     17.739     17.568    -0.8107    -0.8093     0.0014    -0.8112    -0.8098     0.0014   2.772290   2.772837   0.000547    34.1478    34.1536     7.6726    27.4553    27.4600         11  0.000e+00
       5733 309.411352  -62.30810  -58.54616     -0.043       0.00     17.759     17.588    -0.8104    -0.8097     0.0007    -0.8109    -0.8102     0.0007   2.772284   2.772797   0.000513    34.1473    34.1535     7.6765    27.4550    27.4600         11  0.000e+00
       5734 309.411353  -62.30810  -58.54616     -0.038       0.00     17.787     17.615    -0.8107    -0.8100     0.0007    -0.8112    -0.8105     0.0007   2.772266   2.772757   0.000491    34.1474    34.1533     7.6760    27.4551    27.4598         11  0.000e+00
       5735 309.411353  -62.30810  -58.54616     -0.038       0.00     17.739     17.568    -0.8107    -0.8102     0.0005    -0.8112    -0.8107     0.0005   2.772278   2.772751   0.000473    34.1476    34.1535     7.6762    27.4552    27.4599         11  0.000e+00
       5736 309.411354  -62.30810  -58.54616     -0.030       0.00     17.787     17.615    -0.8109    -0.8105     0.0004    -0.8114    -0.8110     0.0004   2.772266   2.772751   0.000485    34.1476    34.1538     7.6765    27.4552    27.4602         11  0.000e+00
       5737 309.411354  -62.30810  -58.54616     -0.030       0.00     17.711     17.540    -0.8107    -0.8105     0.0002    -0.8112    -0.8110     0.0002   2.772296   2.772751   0.000455    34.1479    34.1538     7.6766    27.4554    27.4602         11  0.000e+00
       5738 309.411355  -62.30810  -58.54616     -0.027       0.00     17.787     17.615    -0.8104    -0.8102     0.0002    -0.8109    -0.8107     0.0002   2.772290   2.772734   0.000444    34.1474    34.1532     7.6768    27.4550    27.4597         11  0.000e+00
       5739 309.411355  -62.30810  -58.54616     -0.024       0.00     17.739     17.568    -0.8107    -0.8107     0.0000    -0.8112    -0.8112     0.0000   2.772284   2.772745   0.000461    34.1477    34.1539     7.6771    27.4553    27.4603         11  0.000e+00
       5740 309.411356  -62.30810  -58.54616     -0.018       0.00     17.787     17.615    -0.8109    -0.8102     0.0007    -0.8114    -0.8107     0.0007   2.772266   2.772734   0.000468    34.1476    34.1532     7.6722    27.4552    27.4597         11  0.000e+00
       5741 309.411356  -62.30810  -58.54616     -0.018       0.00     17.759     17.588    -0.8106    -0.8100     0.0005    -0.8111    -0.8105     0.0005   2.772296   2.772728   0.000432    34.1477    34.1530     7.6716    27.4553    27.4595         11  0.000e+00
       5742 309.411357  -62.30810  -58.54616     -0.011       0.00     17.787     17.615    -0.8104    -0.8104     0.0000    -0.8109    -0.8108     0.0000   2.772290   2.772745   0.000455    34.1474    34.1535     7.6711    27.4550    27.4600         11  0.000e+00
       5743 309.411357  -62.30810  -58.54616     -0.008       0.00     17.787     17.615    -0.8109    -0.8105     0.0004    -0.8114    -0.8110     0.0004   2.772308   2.772734   0.000426    34.1482    34.1535     7.6707    27.4557    27.4600         11  0.000e+00
       5744 309.411358  -62.30810  -58.54616     -0.005       0.00     17.787     17.615    -0.8106    -0.8102     0.0004    -0.8111    -0.8107     0.0004   2.772272   2.772728   0.000456    34.1474    34.1531     7.6754    27.4550    27.4596         11  0.000e+00
       5745 309.411358  -62.30810  -58.54616     -0.002       0.00     17.759     17.588    -0.8107    -0.8107     0.0000    -0.8112    -0.8112     0.0000   2.772278   2.772762   0.000485    34.1476    34.1541     7.6750    27.4552    27.4605         11  0.000e+00
       5746 309.411359  -62.30810  -58.54616     -0.001       0.00     17.787     17.615    -0.8109    -0.8104     0.0005    -0.8114    -0.8108     0.0005   2.772284   2.772716   0.000433    34.1479    34.1531     7.6702    27.4554    27.4597         11  0.000e+00
       5747 309.411359  -62.30810  -58.54616      0.006       0.00     17.787     17.615    -0.8107    -0.8105     0.0002    -0.8112    -0.8110     0.0002   2.772302   2.772716   0.000415    34.1479    34.1533     7.6697    27.4554    27.4598         11  0.000e+00
       5748 309.411359  -62.30810  -58.54616      0.009       0.00     17.807     17.635    -0.8109    -0.8104     0.0005    -0.8114    -0.8108     0.0005   2.772272   2.772745   0.000473    34.1477    34.1535     7.6746    27.4553    27.4600         11  0.000e+00
       5749 309.411360  -62.30810  -58.54616      0.012       0.00     17.787     17.615    -0.8107    -0.8105     0.0002    -0.8112    -0.8110     0.0002   2.772296   2.772734   0.000438    34.1478    34.1535     7.6749    27.4554    27.4600         11  0.000e+00
       5750 309.411360  -62.30810  -58.54616      0.015       0.00     17.787     17.615    -0.8106    -0.8105     0.0001    -0.8111    -0.8110     0.0001   2.772290   2.772728   0.000438    34.1476    34.1535     7.6753    27.4552    27.4599         11  0.000e+00
       5751 309.411361  -62.30810  -58.54616      0.016       0.00     17.787     17.615    -0.8106    -0.8105     0.0001    -0.8111    -0.8110     0.0001   2.772284   2.772705   0.000421    34.1475    34.1532     7.6757    27.4551    27.4597         11  0.000e+00
       5752 309.411361  -62.30810  -58.54616      0.019       0.00     17.807     17.635    -0.8104    -0.8108    -0.0003    -0.8109    -0.8112    -0.0003   2.772302   2.772699   0.000398    34.1476    34.1534     7.6708    27.4552    27.4599         11  0.000e+00
       5753 309.411362  -62.30810  -58.54616      0.022       0.00     17.787     17.615    -0.8104    -0.8107    -0.0003    -0.8109    -0.8112    -0.0003   2.772290   2.772716   0.000427    34.1474    34.1535     7.6757    27.4550    27.4600         11  0.000e+00
       5754 309.411362  -62.30810  -58.54616      0.028       0.00     17.841     17.669    -0.8104    -0.8107    -0.0003    -0.8109    -0.8112    -0.0003   2.772302   2.772705   0.000403    34.1475    34.1533     7.6761    27.4551    27.4598         11  0.000e+00
       5755 309.411363  -62.30810  -58.54616      0.028       0.00     17.787     17.615    -0.8109    -0.8108     0.0001    -0.8114    -0.8113     0.0001   2.772290   2.772699   0.000410    34.1479    34.1534     7.6766    27.4555    27.4599         11  0.000e+00
       5756 309.411363  -62.30810  -58.54616      0.030       0.00     17.807     17.635    -0.8107    -0.8105     0.0002    -0.8112    -0.8110     0.0002   2.772284   2.772699   0.000415    34.1476    34.1531     7.6762    27.4552    27.4596         11  0.000e+00
       5757 309.411364  -62.30810  -58.54616      0.033       0.00     17.841     17.669    -0.8106    -0.8111    -0.0005    -0.8111    -0.8116    -0.0005   2.772284   2.772699   0.000416    34.1475    34.1537     7.6758    27.4551    27.4602         11  0.000e+00
       5758 309.411364  -62.30810  -58.54616      0.039       0.00     17.841     17.669    -0.8107    -0.8111    -0.0004    -0.8112    -0.8116    -0.0004   2.772266   2.772699   0.000433    34.1474    34.1537     7.6762    27.4550    27.4602         11  0.000e+00
