Pos-Processados/process_op38/operantar38_006.ros
* Sea-Bird SBE 9 Data File:
* FileName = D:\OPERANTAR_XXXVIII\DADOS\OP38_006.hdr
* Software Version Seasave V 7.18c
* Temperature SN = 4808
* Conductivity SN = 3380
* Number of Bytes Per Scan = 31
* Number of Voltage Words = 2
* Number of Scans Averaged by the Deck Unit = 1
* NMEA Latitude = 45 04.05 S
* NMEA Longitude = 051 28.82 W
* NMEA UTC (Time) = Oct 19 2019 17:49:21
** H41
** NAVIO POLAR ALMIRANTE MAXIMIANO
** CRUZEIRO:
** OPERANTAR XXXVIII
** ESTAÇÃO: OP38_006
** LAT 45º 04,05' S
** LONG 051º 28,85' W
** 09P73767-1155
** PROFUNDIDADE: 5872
** DATA/HORA: 191750Z/OUT/2019
** OPERADOR: SO-HN CHAVES
# nquan = 26
# nvalues = 4279                                  
# units = specified
# name 0 = scan: Scan Count
# name 1 = timeJ: Julian Days
# name 2 = latitude: Latitude [deg]
# name 3 = longitude: Longitude [deg]
# name 4 = dz/dtM: Descent Rate [m/s]
# name 5 = avgsvCM: Average Sound Velocity [Chen-Millero, m/s]
# name 6 = prDM: Pressure, Digiquartz [db]
# name 7 = depSM: Depth [salt water, m]
# name 8 = t090C: Temperature [ITS-90, deg C]
# name 9 = t190C: Temperature, 2 [ITS-90, deg C]
# name 10 = T2-T190C: Temperature Difference, 2 - 1 [ITS-90, deg C]
# name 11 = potemp090C: Potential Temperature [ITS-90, deg C]
# name 12 = potemp190C: Potential Temperature, 2 [ITS-90, deg C]
# name 13 = potemp90Cdiff: Potential Temperature, Diff, 2 - 1 [ITS-90, deg C]
# name 14 = c0S/m: Conductivity [S/m]
# name 15 = c1S/m: Conductivity, 2 [S/m]
# name 16 = C2-C1S/m: Conductivity Difference, 2 - 1 [S/m]
# name 17 = sal00: Salinity, Practical [PSU]
# name 18 = sal11: Salinity, Practical, 2 [PSU]
# name 19 = sbeox0ML/L: Oxygen, SBE 43 [ml/l]
# name 20 = sbeox1ML/L: Oxygen, SBE 43, 2 [ml/l]
# name 21 = sbeox0ML/Ldiff: Oxygen, SBE 43, Diff, 2 - 1 [ml/l]
# name 22 = sigma-é00: Density [sigma-theta, kg/m^3]
# name 23 = sigma-é11: Density, 2 [sigma-theta, kg/m^3]
# name 24 = nbf: Bottles Fired
# name 25 = flag:  0.000e+00
# interval = seconds: 0.0416667
# start_time = Oct 19 2019 17:49:21 [NMEA time, header]
# bad_flag = -9.990e-29
*END*
[from data line 2230]
      71022 292.776854  -45.06754  -51.48048     -0.034    1473.25      3.117      3.092     8.0223     8.0209    -0.0014     8.0219     8.0206    -0.0014   3.554550   3.554876   0.000325    34.2612    34.2660     6.6708     6.3703    -0.3005    26.6903    26.6943         13  0.000e+00
      71023 292.776855  -45.06754  -51.48048     -0.031    1473.25      3.165      3.139     8.0228     8.0198    -0.0030     8.0224     8.0195    -0.0030   3.554564   3.554750   0.000186    34.2608    34.2657     6.6677     6.3750    -0.2926    26.6899    26.6942         13  0.000e+00
      71024 292.776855  -45.06754  -51.48048     -0.023    1473.25      3.165      3.139     8.0229     8.0181    -0.0048     8.0226     8.0178    -0.0048   3.554537   3.554623   0.000086    34.2604    34.2660     6.6642     6.3711    -0.2930    26.6896    26.6947         13  0.000e+00
      71025 292.776856  -45.06754  -51.48048     -0.022    1473.25      3.117      3.092     8.0233     8.0178    -0.0055     8.0230     8.0175    -0.0055   3.554603   3.554560  -0.000043    34.2607    34.2657     6.6640     6.3712    -0.2928    26.6898    26.6945         13  0.000e+00
      71026 292.776856  -45.06754  -51.48048     -0.018    1473.25      3.165      3.139     8.0234     8.0166    -0.0068     8.0231     8.0163    -0.0068   3.554669   3.554535  -0.000134    34.2613    34.2665     6.6641     6.3758    -0.2883    26.6902    26.6953         13  0.000e+00
      71027 292.776857  -45.06754  -51.48048     -0.014    1473.25      3.165      3.139     8.0236     8.0157    -0.0079     8.0233     8.0154    -0.0079   3.554662   3.554548  -0.000115    34.2611    34.2675     6.6723     6.3722    -0.3000    26.6900    26.6963         13  0.000e+00
      71028 292.776857  -45.06754  -51.48048     -0.010    1473.25      3.117      3.092     8.0239     8.0151    -0.0087     8.0236     8.0148    -0.0087   3.554675   3.554516  -0.000159    34.2609    34.2678     6.6692     6.3723    -0.2969    26.6899    26.6965         13  0.000e+00
      71029 292.776858  -45.06754  -51.48048     -0.006    1473.25      3.165      3.139     8.0239     8.0139    -0.0100     8.0236     8.0136    -0.0100   3.554708   3.554396  -0.000312    34.2613    34.2677     6.6659     6.3719    -0.2940    26.6901    26.6967         13  0.000e+00
      71030 292.776858  -45.06754  -51.48048      0.000    1473.25      3.192      3.166     8.0238     8.0135    -0.0103     8.0235     8.0132    -0.0103   3.554669   3.554289  -0.000380    34.2609    34.2669     6.6661     6.3719    -0.2942    26.6898    26.6961         13  0.000e+00
      71031 292.776859  -45.06754  -51.48048      0.005    1473.25      3.165      3.139     8.0232     8.0132    -0.0100     8.0229     8.0129    -0.0100   3.554675   3.554276  -0.000399    34.2615    34.2671     6.6740     6.3718    -0.3022    26.6905    26.6963         13  0.000e+00
      71032 292.776859  -45.06754  -51.48048      0.006    1473.25      3.165      3.139     8.0234     8.0118    -0.0116     8.0231     8.0115    -0.0116   3.554688   3.554226  -0.000463    34.2615    34.2679     6.6749     6.3719    -0.3031    26.6904    26.6971         13  0.000e+00
      71033 292.776860  -45.06754  -51.48048      0.010    1473.25      3.165      3.139     8.0232     8.0117    -0.0115     8.0229     8.0114    -0.0115   3.554642   3.554169  -0.000474    34.2612    34.2674     6.6678     6.3717    -0.2961    26.6902    26.6967         13  0.000e+00
      71034 292.776860  -45.06754  -51.48048      0.014    1473.25      3.165      3.139     8.0232     8.0109    -0.0122     8.0229     8.0106    -0.0122   3.554649   3.554118  -0.000531    34.2613    34.2676     6.6676     6.3717    -0.2959    26.6903    26.6971         13  0.000e+00
      71035 292.776861  -45.06754  -51.48048      0.015    1473.25      3.117      3.092     8.0229     8.0112    -0.0117     8.0226     8.0109    -0.0117   3.554583   3.554200  -0.000383    34.2609    34.2682     6.6674     6.3757    -0.2917    26.6900    26.6975         13  0.000e+00
      71036 292.776861  -45.06754  -51.48048      0.023    1473.25      3.220      3.193     8.0226     8.0139    -0.0087     8.0222     8.0135    -0.0087   3.554537   3.554503  -0.000034    34.2607    34.2688     6.6755     6.3757    -0.2998    26.6899    26.6976         13  0.000e+00
      71037 292.776861  -45.06754  -51.48048      0.024    1473.25      3.165      3.139     8.0217     8.0157    -0.0060     8.0214     8.0154    -0.0060   3.554458   3.554636   0.000178    34.2607    34.2685     6.6727     6.3757    -0.2971    26.6900    26.6970         13  0.000e+00
      71038 292.776862  -45.06754  -51.48048      0.025    1473.25      3.117      3.092     8.0206     8.0161    -0.0045     8.0203     8.0158    -0.0045   3.554268   3.554630   0.000362    34.2597    34.2680     6.6689     6.3715    -0.2973    26.6894    26.6966         13  0.000e+00
      71039 292.776862  -45.06754  -51.48048      0.029    1473.25      3.165      3.139     8.0201     8.0179    -0.0021     8.0198     8.0176    -0.0021   3.554261   3.554857   0.000596    34.2602    34.2687     6.6769     6.3709    -0.3060    26.6898    26.6968         13  0.000e+00
      71040 292.776863  -45.06754  -51.48048      0.033    1473.25      3.220      3.194     8.0192     8.0199     0.0007     8.0188     8.0196     0.0007   3.554255   3.555046   0.000792    34.2610    34.2687     6.6777     6.3702    -0.3075    26.6906    26.6966         13  0.000e+00
      71041 292.776863  -45.06754  -51.48048      0.034    1473.25      3.117      3.092     8.0193     8.0217     0.0024     8.0190     8.0214     0.0024   3.554314   3.555192   0.000878    34.2615    34.2686     6.6705     6.3701    -0.3004    26.6910    26.6962         13  0.000e+00
      71042 292.776864  -45.06754  -51.48048      0.035    1473.25      3.165      3.139     8.0203     8.0223     0.0021     8.0200     8.0220     0.0021   3.554458   3.555248   0.000790    34.2621    34.2685     6.6744     6.3696    -0.3048    26.6913    26.6961         13  0.000e+00
      71043 292.776864  -45.06754  -51.48048      0.036    1473.25      3.165      3.139     8.0213     8.0237     0.0024     8.0210     8.0233     0.0024   3.554544   3.555280   0.000736    34.2620    34.2676     6.6783     6.3690    -0.3094    26.6911    26.6951         13  0.000e+00
      71044 292.776865  -45.06754  -51.48048      0.037    1473.25      3.165      3.139     8.0218     8.0232     0.0013     8.0215     8.0229     0.0013   3.554491   3.555217   0.000726    34.2609    34.2674     6.6708     6.3692    -0.3016    26.6902    26.6950         13  0.000e+00
      71045 292.776865  -45.06754  -51.48048      0.035    1473.25      3.117      3.092     8.0213     8.0232     0.0019     8.0210     8.0229     0.0019   3.554445   3.555147   0.000702    34.2610    34.2667     6.6711     6.3687    -0.3024    26.6903    26.6945         13  0.000e+00
      71046 292.776866  -45.06754  -51.48048      0.033    1473.25      3.117      3.092     8.0216     8.0227     0.0011     8.0213     8.0224     0.0011   3.554458   3.555147   0.000689    34.2608    34.2672     6.6786     6.3683    -0.3103    26.6901    26.6949         13  0.000e+00
      71047 292.776866  -45.06754  -51.48048      0.034    1473.25      3.117      3.092     8.0217     8.0233     0.0016     8.0214     8.0230     0.0016   3.554511   3.555229   0.000718    34.2612    34.2674     6.6749     6.3676    -0.3073    26.6904    26.6950         13  0.000e+00
      71048 292.776867  -45.06754  -51.48048      0.033    1473.25      3.165      3.139     8.0220     8.0237     0.0017     8.0217     8.0234     0.0017   3.554550   3.555280   0.000730    34.2614    34.2676     6.6708     6.3671    -0.3038    26.6905    26.6951         13  0.000e+00
      71049 292.776867  -45.06754  -51.48048      0.031    1473.25      3.117      3.092     8.0224     8.0240     0.0016     8.0221     8.0237     0.0016   3.554583   3.555261   0.000678    34.2614    34.2671     6.6744     6.3670    -0.3074    26.6904    26.6947         13  0.000e+00
      71050 292.776868  -45.06754  -51.48048      0.029    1473.25      3.117      3.092     8.0226     8.0242     0.0016     8.0222     8.0238     0.0016   3.554596   3.555255   0.000658    34.2614    34.2669     6.6789     6.3671    -0.3118    26.6904    26.6945         13  0.000e+00
      71051 292.776868  -45.06754  -51.48048      0.023    1473.25      3.117      3.092     8.0228     8.0245     0.0017     8.0225     8.0242     0.0017   3.554570   3.555280   0.000710    34.2609    34.2668     6.6718     6.3671    -0.3047    26.6900    26.6944         13  0.000e+00
      71052 292.776869  -45.06754  -51.48048      0.021    1473.25      3.117      3.092     8.0224     8.0245     0.0021     8.0221     8.0242     0.0021   3.554564   3.555286   0.000723    34.2612    34.2669     6.6747     6.3671    -0.3075    26.6903    26.6944         13  0.000e+00
      71053 292.776869  -45.06754  -51.48048      0.019    1473.25      3.165      3.139     8.0224     8.0250     0.0026     8.0220     8.0247     0.0026   3.554537   3.555312   0.000774    34.2609    34.2666     6.6784     6.3665    -0.3118    26.6901    26.6942         13  0.000e+00
      71054 292.776870  -45.06754  -51.48048      0.013    1473.25      3.069      3.044     8.0221     8.0248     0.0027     8.0218     8.0245     0.0027   3.554504   3.555318   0.000813    34.2608    34.2669     6.6746     6.3616    -0.3131    26.6901    26.6944         13  0.000e+00
      71055 292.776870  -45.06754  -51.48048      0.011    1473.25      3.117      3.092     8.0221     8.0245     0.0024     8.0218     8.0242     0.0024   3.554498   3.555248   0.000751    34.2608    34.2665     6.6791     6.3648    -0.3143    26.6900    26.6941         13  0.000e+00
      71056 292.776871  -45.06754  -51.48048      0.008    1473.25      3.117      3.092     8.0223     8.0233     0.0011     8.0219     8.0230     0.0011   3.554544   3.555147   0.000604    34.2611    34.2665     6.6758     6.3606    -0.3151    26.6902    26.6943         13  0.000e+00
      71057 292.776871  -45.06754  -51.48048      0.003    1473.25      3.117      3.092     8.0227     8.0225    -0.0001     8.0223     8.0222    -0.0001   3.554583   3.555059   0.000476    34.2611    34.2664     6.6793     6.3602    -0.3191    26.6902    26.6943         13  0.000e+00
      71058 292.776872  -45.06754  -51.48048     -0.002    1473.25      3.069      3.044     8.0229     8.0219    -0.0011     8.0226     8.0215    -0.0011   3.554636   3.555027   0.000392    34.2615    34.2667     6.6754     6.3597    -0.3157    26.6904    26.6947         13  0.000e+00
      71059 292.776872  -45.06754  -51.48048     -0.002    1473.25      3.165      3.139     8.0232     8.0216    -0.0016     8.0229     8.0213    -0.0016   3.554656   3.555034   0.000378    34.2613    34.2670     6.6751     6.3630    -0.3122    26.6903    26.6950         13  0.000e+00
      71060 292.776873  -45.06754  -51.48048     -0.006    1473.25      3.097      3.071     8.0236     8.0212    -0.0024     8.0233     8.0209    -0.0024   3.554656   3.555002   0.000347    34.2610    34.2670     6.6786     6.3624    -0.3162    26.6900    26.6951         13  0.000e+00
      71061 292.776873  -45.06754  -51.48048     -0.011    1473.25      3.069      3.044     8.0236     8.0210    -0.0025     8.0233     8.0207    -0.0025   3.554656   3.554958   0.000302    34.2610    34.2668     6.6755     6.3581    -0.3174    26.6900    26.6949         13  0.000e+00
      71062 292.776874  -45.06754  -51.48048     -0.014    1473.25      3.165      3.139     8.0238     8.0209    -0.0029     8.0235     8.0206    -0.0029   3.554656   3.554983   0.000328    34.2607    34.2671     6.6795     6.3577    -0.3219    26.6897    26.6952         13  0.000e+00
      71063 292.776874  -45.06754  -51.48048     -0.019    1473.25      3.069      3.044     8.0237     8.0204    -0.0033     8.0234     8.0201    -0.0033   3.554675   3.555015   0.000339    34.2611    34.2679     6.6718     6.3571    -0.3147    26.6900    26.6959         13  0.000e+00
      71064 292.776875  -45.06754  -51.48048     -0.022    1473.25      3.117      3.092     8.0239     8.0205    -0.0033     8.0236     8.0202    -0.0033   3.554688   3.555008   0.000320    34.2611    34.2678     6.6787     6.3566    -0.3221    26.6900    26.6957         13  0.000e+00
      71065 292.776875  -45.06754  -51.48048     -0.021    1473.25      3.117      3.092     8.0237     8.0204    -0.0033     8.0234     8.0201    -0.0033   3.554642   3.555021   0.000379    34.2607    34.2680     6.6749     6.3605    -0.3144    26.6897    26.6960         13  0.000e+00
      71066 292.776875  -45.06754  -51.48048     -0.026    1473.25      3.069      3.044     8.0235     8.0210    -0.0024     8.0232     8.0207    -0.0024   3.554649   3.555008   0.000359    34.2611    34.2673     6.6753     6.3556    -0.3197    26.6900    26.6953         13  0.000e+00
      71067 292.776876  -45.06754  -51.48048     -0.029    1473.25      3.117      3.092     8.0234     8.0208    -0.0027     8.0231     8.0205    -0.0027   3.554636   3.555046   0.000410    34.2609    34.2679     6.6797     6.3545    -0.3251    26.6900    26.6958         13  0.000e+00
      71068 292.776876  -45.06754  -51.48048     -0.028    1473.25      3.165      3.139     8.0234     8.0210    -0.0024     8.0231     8.0207    -0.0024   3.554577   3.555021   0.000444    34.2603    34.2674     6.6759     6.3541    -0.3218    26.6894    26.6954         13  0.000e+00
      71069 292.776877  -45.06754  -51.48048     -0.031    1473.25      3.117      3.092     8.0231     8.0212    -0.0019     8.0228     8.0209    -0.0019   3.554583   3.555021   0.000438    34.2607    34.2672     6.6793     6.3536    -0.3258    26.6898    26.6952         13  0.000e+00
      71070 292.776877  -45.06754  -51.48048     -0.030    1473.25      3.117      3.092     8.0232     8.0219    -0.0013     8.0229     8.0216    -0.0013   3.554636   3.555046   0.000410    34.2611    34.2668     6.6754     6.3530    -0.3223    26.6901    26.6948         13  0.000e+00
      71071 292.776878  -45.06754  -51.48048     -0.032    1473.25      3.117      3.092     8.0236     8.0212    -0.0024     8.0233     8.0209    -0.0024   3.554656   3.555065   0.000410    34.2610    34.2677     6.6795     6.3527    -0.3268    26.6899    26.6956         13  0.000e+00
      71072 292.776878  -45.06754  -51.48048     -0.032    1473.25      3.117      3.092     8.0237     8.0215    -0.0022     8.0234     8.0212    -0.0022   3.554656   3.555059   0.000403    34.2609    34.2673     6.6760     6.3529    -0.3231    26.6898    26.6952         13  0.000e+00
      71073 292.776879  -45.06754  -51.48048     -0.028    1473.25      3.165      3.139     8.0236     8.0219    -0.0017     8.0233     8.0215    -0.0017   3.554636   3.555040   0.000404    34.2608    34.2668     6.6795     6.3526    -0.3268    26.6898    26.6948         13  0.000e+00
      71074 292.776879  -45.06754  -51.48048     -0.030    1473.25      3.117      3.092     8.0236     8.0217    -0.0018     8.0233     8.0214    -0.0018   3.554603   3.555002   0.000399    34.2604    34.2665     6.6755     6.3523    -0.3232    26.6895    26.6946         13  0.000e+00
      71075 292.776880  -45.06754  -51.48048     -0.027    1473.25      3.165      3.140     8.0235     8.0214    -0.0021     8.0232     8.0210    -0.0021   3.554636   3.555072   0.000436    34.2609    34.2676     6.6788     6.3527    -0.3261    26.6899    26.6955         13  0.000e+00
      71076 292.776880  -45.06754  -51.48048     -0.023    1473.25      3.165      3.140     8.0232     8.0214    -0.0019     8.0229     8.0210    -0.0019   3.554636   3.555091   0.000455    34.2611    34.2678     6.6757     6.3525    -0.3232    26.6901    26.6957         13  0.000e+00
