Pos-Processados/process_op38/operantar38_021.ros
* Sea-Bird SBE 9 Data File:
* FileName = D:\OPERANTAR_XXXVIII\DADOS\OP38_021.hdr
* Software Version Seasave V 7.18c
* Temperature SN = 4808
* Conductivity SN = 3380
* Number of Bytes Per Scan = 34
* Number of Voltage Words = 3
* Number of Scans Averaged by the Deck Unit = 1
* NMEA Latitude = 62 13.30 S
* NMEA Longitude = 058 22.74 W
* NMEA UTC (Time) = Nov 22 2019 13:35:38
** H41
** NAVIO POLAR ALMIRANTE MAXIMIANO
** CRUZEIRO:
** OPERANTAR XXXVIII
** ESTAÇÃO: OP38_021
** LAT 62 13,29'S
** LONG 058 22,75'W
** 09P73767-1155_A
** PROFUNDIDADE: 271
** DATA/HORA: 221336Z/NOV/2019
** OPERADOR: SO-HN CHAVES
# nquan = 26
# nvalues = 1423                                  
# units = specified
# name 0 = scan: Scan Count
# name 1 = timeJ: Julian Days
# name 2 = latitude: Latitude [deg]
# name 3 = longitude: Longitude [deg]
# name 4 = dz/dtM: Descent Rate [m/s]
# name 5 = avgsvCM: Average Sound Velocity [Chen-Millero, m/s]
# name 6 = prDM: Pressure, Digiquartz [db]
# name 7 = depSM: Depth [salt water, m]
# name 8 = t090C: Temperature [ITS-90, deg C]
# name 9 = t190C: Temperature, 2 [ITS-90, deg C]
# name 10 = T2-T190C: Temperature Difference, 2 - 1 [ITS-90, deg C]
# name 11 = potemp090C: Potential Temperature [ITS-90, deg C]
# name 12 = potemp190C: Potential Temperature, 2 [ITS-90, deg C]
# name 13 = potemp90Cdiff: Potential Temperature, Diff, 2 - 1 [ITS-90, deg C]
# name 14 = c0S/m: Conductivity [S/m]
# name 15 = c1S/m: Conductivity, 2 [S/m]
# name 16 = C2-C1S/m: Conductivity Difference, 2 - 1 [S/m]
# name 17 = sal00: Salinity, Practical [PSU]
# name 18 = sal11: Salinity, Practical, 2 [PSU]
# name 19 = sbeox0ML/L: Oxygen, SBE 43 [ml/l]
# name 20 = sbeox1ML/L: Oxygen, SBE 43, 2 [ml/l]
# name 21 = sbeox0ML/Ldiff: Oxygen, SBE 43, Diff, 2 - 1 [ml/l]
# name 22 = sigma-é00: Density [sigma-theta, kg/m^3]
# name 23 = sigma-é11: Density, 2 [sigma-theta, kg/m^3]
# name 24 = nbf: Bottles Fired
# name 25 = flag:  0.000e+00
# interval = seconds: 0.0416667
# start_time = Nov 22 2019 13:35:38 [NMEA time, header]
# bad_flag = -9.990e-29
*END*
[from data line 614]
      20974 326.576526  -62.22180  -58.37914      0.035    1447.92      2.840      2.812    -0.3880    -0.3900    -0.0020    -0.3881    -0.3901    -0.0020   2.809655   2.809923   0.000268    34.1836    34.1894     7.5637     8.7071     1.1435    27.4661    27.4709          4  0.000e+00
      20975 326.576527  -62.22180  -58.37914      0.035    1447.92      2.874      2.846    -0.3873    -0.3898    -0.0026    -0.3874    -0.3899    -0.0025   2.809703   2.809906   0.000203    34.1834    34.1890     7.5637     8.7044     1.1407    27.4659    27.4705          4  0.000e+00
      20976 326.576527  -62.22180  -58.37914      0.038    1447.92      2.874      2.846    -0.3866    -0.3900    -0.0034    -0.3867    -0.3901    -0.0034   2.809757   2.809935   0.000177    34.1834    34.1896     7.5637     8.7017     1.1380    27.4659    27.4710          4  0.000e+00
      20977 326.576528  -62.22180  -58.37914      0.037    1447.92      2.874      2.846    -0.3860    -0.3900    -0.0040    -0.3861    -0.3901    -0.0040   2.809769   2.809946   0.000177    34.1829    34.1897     7.5637     8.6990     1.1353    27.4654    27.4711          4  0.000e+00
      20978 326.576528  -62.22180  -58.37914      0.040    1447.92      2.874      2.846    -0.3859    -0.3900    -0.0041    -0.3860    -0.3901    -0.0041   2.809793   2.809929   0.000136    34.1830    34.1895     7.5639     8.6976     1.1338    27.4655    27.4709          4  0.000e+00
      20979 326.576529  -62.22180  -58.37914      0.042    1447.92      2.874      2.846    -0.3857    -0.3900    -0.0043    -0.3858    -0.3901    -0.0043   2.809799   2.809963   0.000164    34.1829    34.1900     7.5640     8.6962     1.1323    27.4654    27.4713          4  0.000e+00
      20980 326.576529  -62.22180  -58.37914      0.041    1447.92      2.874      2.846    -0.3855    -0.3898    -0.0043    -0.3856    -0.3899    -0.0043   2.809817   2.809958   0.000140    34.1830    34.1897     7.5641     8.6950     1.1309    27.4655    27.4711          4  0.000e+00
      20981 326.576530  -62.22180  -58.37914      0.045    1447.92      2.922      2.894    -0.3853    -0.3898    -0.0046    -0.3853    -0.3899    -0.0046   2.809823   2.809929   0.000105    34.1827    34.1893     7.5643     8.6881     1.1239    27.4652    27.4708          4  0.000e+00
      20982 326.576530  -62.22180  -58.37914      0.047    1447.92      2.874      2.846    -0.3850    -0.3897    -0.0047    -0.3851    -0.3898    -0.0047   2.809883   2.809958   0.000074    34.1832    34.1895     7.5643     8.6859     1.1216    27.4656    27.4710          4  0.000e+00
      20983 326.576531  -62.22180  -58.37914      0.045    1447.92      2.874      2.846    -0.3844    -0.3897    -0.0052    -0.3845    -0.3898    -0.0052   2.809980   2.809958  -0.000022    34.1839    34.1895     7.5643     8.6839     1.1196    27.4662    27.4710          4  0.000e+00
      20984 326.576531  -62.22180  -58.37914      0.049    1447.92      2.922      2.894    -0.3839    -0.3895    -0.0056    -0.3840    -0.3896    -0.0056   2.810028   2.809992  -0.000035    34.1839    34.1898     7.5643     8.6820     1.1177    27.4661    27.4712          4  0.000e+00
      20985 326.576532  -62.22180  -58.37914      0.047    1447.92      2.874      2.846    -0.3832    -0.3895    -0.0063    -0.3833    -0.3896    -0.0063   2.810076   2.810021  -0.000055    34.1838    34.1902     7.5643     8.6814     1.1171    27.4661    27.4715          4  0.000e+00
      20986 326.576532  -62.22180  -58.37914      0.051    1447.92      2.922      2.894    -0.3829    -0.3895    -0.0066    -0.3830    -0.3896    -0.0066   2.810052   2.809975  -0.000077    34.1832    34.1895     7.5645     8.6741     1.1097    27.4655    27.4710          4  0.000e+00
      20987 326.576533  -62.22180  -58.37914      0.054    1447.92      2.922      2.894    -0.3828    -0.3891    -0.0063    -0.3829    -0.3892    -0.0063   2.810094   2.810010  -0.000084    34.1835    34.1895     7.5697     8.6716     1.1019    27.4658    27.4709          4  0.000e+00
      20988 326.576533  -62.22180  -58.37914      0.052    1447.92      2.874      2.846    -0.3826    -0.3898    -0.0072    -0.3827    -0.3899    -0.0072   2.810094   2.810010  -0.000084    34.1834    34.1904     7.5654     8.6694     1.1040    27.4657    27.4717          4  0.000e+00
      20989 326.576534  -62.22180  -58.37914      0.055    1447.92      2.922      2.894    -0.3826    -0.3897    -0.0071    -0.3827    -0.3898    -0.0071   2.810070   2.809969  -0.000100    34.1830    34.1897     7.5707     8.6674     1.0967    27.4654    27.4711          4  0.000e+00
      20990 326.576534  -62.22180  -58.37914      0.054    1447.92      2.922      2.894    -0.3828    -0.3895    -0.0067    -0.3829    -0.3896    -0.0067   2.810040   2.810010  -0.000030    34.1828    34.1900     7.5716     8.6712     1.0996    27.4652    27.4713          4  0.000e+00
      20991 326.576535  -62.22180  -58.37914      0.057    1447.92      2.922      2.894    -0.3828    -0.3895    -0.0067    -0.3829    -0.3896    -0.0067   2.810034   2.810044   0.000011    34.1827    34.1905     7.5673     8.6647     1.0974    27.4651    27.4717          4  0.000e+00
      20992 326.576535  -62.22180  -58.37914      0.056    1447.92      2.888      2.860    -0.3826    -0.3897    -0.0071    -0.3827    -0.3898    -0.0071   2.810016   2.810021   0.000006    34.1823    34.1904     7.5673     8.6631     1.0958    27.4648    27.4716          4  0.000e+00
      20993 326.576535  -62.22180  -58.37914      0.058    1447.92      2.922      2.894    -0.3828    -0.3895    -0.0067    -0.3829    -0.3896    -0.0067   2.810010   2.810021   0.000012    34.1824    34.1902     7.5674     8.6617     1.0943    27.4649    27.4715          4  0.000e+00
      20994 326.576536  -62.22180  -58.37914      0.059    1447.92      2.970      2.941    -0.3835    -0.3895    -0.0060    -0.3836    -0.3896    -0.0060   2.809913   2.810033   0.000119    34.1819    34.1903     7.5677     8.6606     1.0929    27.4645    27.4716          4  0.000e+00
      20995 326.576536  -62.22180  -58.37914      0.060    1447.92      2.922      2.894    -0.3837    -0.3889    -0.0052    -0.3838    -0.3890    -0.0052   2.809919   2.810027   0.000107    34.1822    34.1895     7.5678     8.6594     1.0916    27.4648    27.4709          4  0.000e+00
      20996 326.576537  -62.22180  -58.37914      0.061    1447.92      2.922      2.894    -0.3832    -0.3895    -0.0063    -0.3833    -0.3896    -0.0063   2.809931   2.810010   0.000078    34.1819    34.1900     7.5677     8.6587     1.0909    27.4645    27.4713          4  0.000e+00
      20997 326.576537  -62.22180  -58.37914      0.061    1447.92      2.922      2.894    -0.3835    -0.3892    -0.0057    -0.3836    -0.3893    -0.0057   2.809931   2.809987   0.000055    34.1822    34.1893     7.5679     8.6522     1.0844    27.4648    27.4708          4  0.000e+00
      20998 326.576538  -62.22180  -58.37914      0.064    1447.92      2.970      2.941    -0.3837    -0.3891    -0.0054    -0.3838    -0.3892    -0.0054   2.809931   2.810033   0.000101    34.1824    34.1898     7.5680     8.6507     1.0827    27.4649    27.4711          4  0.000e+00
      20999 326.576538  -62.22180  -58.37914      0.061    1447.92      2.922      2.894    -0.3839    -0.3891    -0.0052    -0.3840    -0.3892    -0.0052   2.809931   2.810033   0.000101    34.1826    34.1898     7.5680     8.6493     1.0813    27.4651    27.4712          4  0.000e+00
      21000 326.576539  -62.22180  -58.37914      0.064    1447.92      2.970      2.941    -0.3840    -0.3891    -0.0051    -0.3841    -0.3892    -0.0051   2.809931   2.810010   0.000078    34.1827    34.1895     7.5682     8.6483     1.0802    27.4652    27.4709          4  0.000e+00
      21001 326.576539  -62.22180  -58.37914      0.063    1447.92      2.922      2.894    -0.3834    -0.3891    -0.0057    -0.3835    -0.3892    -0.0057   2.809974   2.810044   0.000071    34.1826    34.1900     7.5731     8.6416     1.0685    27.4651    27.4713          4  0.000e+00
      21002 326.576540  -62.22180  -58.37914      0.068    1447.92      2.970      2.941    -0.3834    -0.3891    -0.0057    -0.3835    -0.3892    -0.0057   2.810004   2.810015   0.000012    34.1830    34.1895     7.5740     8.6400     1.0661    27.4654    27.4709          4  0.000e+00
      21003 326.576540  -62.22180  -58.37914      0.063    1447.92      2.922      2.894    -0.3837    -0.3888    -0.0051    -0.3838    -0.3888    -0.0051   2.809992   2.809987  -0.000005    34.1832    34.1888     7.5688     8.6386     1.0697    27.4656    27.4704          4  0.000e+00
      21004 326.576541  -62.22180  -58.37914      0.068    1447.92      2.970      2.941    -0.3823    -0.3892    -0.0069    -0.3824    -0.3893    -0.0069   2.810040   2.810073   0.000033    34.1823    34.1905     7.5737     8.6433     1.0696    27.4647    27.4717          4  0.000e+00
      21005 326.576541  -62.22180  -58.37914      0.064    1447.92      2.922      2.894    -0.3823    -0.3886    -0.0063    -0.3824    -0.3887    -0.0063   2.810064   2.810073   0.000009    34.1826    34.1898     7.5684     8.6376     1.0691    27.4650    27.4711          4  0.000e+00
      21006 326.576542  -62.22180  -58.37914      0.068    1447.92      2.970      2.941    -0.3823    -0.3889    -0.0066    -0.3824    -0.3890    -0.0066   2.810082   2.810073  -0.000009    34.1828    34.1901     7.5735     8.6371     1.0636    27.4652    27.4714          4  0.000e+00
      21007 326.576542  -62.22180  -58.37914      0.068    1447.92      2.970      2.941    -0.3826    -0.3881    -0.0055    -0.3827    -0.3882    -0.0055   2.810046   2.810062   0.000016    34.1827    34.1891     7.5691     8.6366     1.0675    27.4651    27.4706          4  0.000e+00
      21008 326.576543  -62.22180  -58.37914      0.065    1447.92      2.922      2.894    -0.3831    -0.3884    -0.0054    -0.3831    -0.3885    -0.0054   2.809998   2.810038   0.000041    34.1826    34.1892     7.5690     8.6366     1.0676    27.4650    27.4706          4  0.000e+00
      21009 326.576543  -62.22180  -58.37914      0.065    1447.92      2.970      2.941    -0.3828    -0.3888    -0.0060    -0.3829    -0.3888    -0.0060   2.809986   2.810067   0.000082    34.1821    34.1899     7.5732     8.6358     1.0626    27.4646    27.4712          4  0.000e+00
      21010 326.576544  -62.22180  -58.37914      0.066    1447.92      2.942      2.914    -0.3828    -0.3886    -0.0058    -0.3829    -0.3887    -0.0058   2.809986   2.810079   0.000093    34.1821    34.1899     7.5730     8.6361     1.0632    27.4646    27.4712          4  0.000e+00
      21011 326.576544  -62.22180  -58.37914      0.068    1447.92      3.024      2.995    -0.3831    -0.3884    -0.0054    -0.3832    -0.3885    -0.0054   2.809986   2.810027   0.000041    34.1823    34.1890     7.5736     8.6370     1.0634    27.4648    27.4705          4  0.000e+00
      21012 326.576545  -62.22180  -58.37914      0.064    1447.92      2.922      2.894    -0.3831    -0.3886    -0.0055    -0.3831    -0.3887    -0.0055   2.809943   2.810062   0.000118    34.1818    34.1897     7.5740     8.6379     1.0639    27.4644    27.4710          4  0.000e+00
      21013 326.576545  -62.22180  -58.37914      0.063    1447.92      2.922      2.894    -0.3839    -0.3883    -0.0044    -0.3840    -0.3884    -0.0044   2.809895   2.810119   0.000224    34.1821    34.1901     7.5738     8.6391     1.0653    27.4647    27.4713          4  0.000e+00
      21014 326.576546  -62.22180  -58.37914      0.061    1447.92      2.970      2.941    -0.3842    -0.3881    -0.0040    -0.3842    -0.3882    -0.0040   2.809895   2.810079   0.000183    34.1824    34.1893     7.5743     8.6338     1.0595    27.4649    27.4707          4  0.000e+00
      21015 326.576546  -62.22180  -58.37914      0.056    1447.92      2.922      2.894    -0.3848    -0.3888    -0.0040    -0.3849    -0.3888    -0.0040   2.809865   2.810096   0.000231    34.1827    34.1903     7.5747     8.6392     1.0645    27.4653    27.4716          4  0.000e+00
      21016 326.576547  -62.22180  -58.37914      0.057    1447.92      2.970      2.941    -0.3850    -0.3883    -0.0033    -0.3851    -0.3884    -0.0033   2.809853   2.810090   0.000237    34.1828    34.1897     7.5751     8.6401     1.0650    27.4653    27.4710          4  0.000e+00
      21017 326.576547  -62.22180  -58.37914      0.055    1447.92      2.922      2.894    -0.3851    -0.3883    -0.0032    -0.3852    -0.3884    -0.0032   2.809787   2.810102   0.000315    34.1820    34.1898     7.5754     8.6354     1.0600    27.4647    27.4712          4  0.000e+00
      21018 326.576548  -62.22180  -58.37914      0.052    1447.92      2.970      2.941    -0.3859    -0.3883    -0.0024    -0.3860    -0.3884    -0.0024   2.809769   2.810125   0.000356    34.1827    34.1901     7.5759     8.6416     1.0657    27.4652    27.4714          4  0.000e+00
      21019 326.576548  -62.22180  -58.37914      0.050    1447.92      2.922      2.894    -0.3862    -0.3886    -0.0024    -0.3863    -0.3887    -0.0024   2.809751   2.810102   0.000351    34.1828    34.1902     7.5761     8.6375     1.0614    27.4653    27.4715          4  0.000e+00
      21020 326.576549  -62.22180  -58.37914      0.047    1447.92      2.922      2.894    -0.3869    -0.3883    -0.0013    -0.3870    -0.3884    -0.0013   2.809703   2.810102   0.000399    34.1830    34.1898     7.5764     8.6383     1.0618    27.4655    27.4712          4  0.000e+00
      21021 326.576549  -62.22180  -58.37914      0.041    1447.92      2.922      2.894    -0.3876    -0.3884    -0.0009    -0.3877    -0.3885    -0.0009   2.809637   2.810125   0.000488    34.1828    34.1903     7.5767     8.6394     1.0627    27.4654    27.4716          4  0.000e+00
      21022 326.576549  -62.22180  -58.37914      0.041    1447.92      2.922      2.894    -0.3884    -0.3880     0.0004    -0.3885    -0.3881     0.0004   2.809613   2.810119   0.000506    34.1834    34.1897     7.5770     8.6407     1.0637    27.4659    27.4710          4  0.000e+00
      21023 326.576550  -62.22180  -58.37914      0.035    1447.92      2.922      2.894    -0.3882    -0.3881     0.0001    -0.3883    -0.3882     0.0001   2.809631   2.810148   0.000517    34.1834    34.1903     7.5771     8.6412     1.0642    27.4660    27.4715          4  0.000e+00
      21024 326.576550  -62.22180  -58.37914      0.032    1447.92      2.922      2.894    -0.3879    -0.3880    -0.0001    -0.3880    -0.3881    -0.0001   2.809619   2.810119   0.000500    34.1830    34.1897     7.5771     8.6420     1.0649    27.4656    27.4710          4  0.000e+00
      21025 326.576551  -62.22180  -58.37914      0.029    1447.92      2.922      2.894    -0.3874    -0.3880    -0.0006    -0.3875    -0.3881    -0.0006   2.809595   2.810090   0.000495    34.1820    34.1893     7.5771     8.6430     1.0659    27.4648    27.4707          4  0.000e+00
      21026 326.576551  -62.22180  -58.37914      0.025    1447.92      2.922      2.894    -0.3874    -0.3881    -0.0007    -0.3875    -0.3882    -0.0007   2.809589   2.810142   0.000553    34.1820    34.1902     7.5771     8.6442     1.0671    27.4647    27.4715          4  0.000e+00
      21027 326.576552  -62.22180  -58.37914      0.022    1447.92      2.922      2.894    -0.3874    -0.3884    -0.0011    -0.3875    -0.3885    -0.0011   2.809589   2.810142   0.000553    34.1820    34.1906     7.5770     8.6457     1.0686    27.4647    27.4718          4  0.000e+00
