Pos-Processados/process_op38/operantar38_018.ros
* Sea-Bird SBE 9 Data File:
* FileName = D:\OPERANTAR_XXXVIII\DADOS\OP38_018.hdr
* Software Version Seasave V 7.18c
* Temperature SN = 4808
* Conductivity SN = 3380
* Number of Bytes Per Scan = 34
* Number of Voltage Words = 3
* Number of Scans Averaged by the Deck Unit = 1
* NMEA Latitude = 62 10.02 S
* NMEA Longitude = 058 22.53 W
* NMEA UTC (Time) = Nov 05 2019 17:24:22
** H41
** NAVIO POLAR ALMIRANTE MAXIMIANO
** CRUZEIRO:
** OPERANTAR XXXVIII
** ESTAÇÃO: OP38_018
** LAT 62 10,02' S
** LONG 058 22,49' W
** 09P73767-1155_A
** PROFUNDIDADE: 447
** DATA/HORA: 051724Z/NOV/2019
** OPERADOR: SO-HN CHAVES
# nquan = 27
# nvalues = 1954                                  
# units = specified
# name 0 = scan: Scan Count
# name 1 = timeJ: Julian Days
# name 2 = latitude: Latitude [deg]
# name 3 = longitude: Longitude [deg]
# name 4 = dz/dtM: Descent Rate [m/s]
# name 5 = avgsvCM: Average Sound Velocity [Chen-Millero, m/s]
# name 6 = prDM: Pressure, Digiquartz [db]
# name 7 = depSM: Depth [salt water, m]
# name 8 = t090C: Temperature [ITS-90, deg C]
# name 9 = t190C: Temperature, 2 [ITS-90, deg C]
# name 10 = T2-T190C: Temperature Difference, 2 - 1 [ITS-90, deg C]
# name 11 = potemp090C: Potential Temperature [ITS-90, deg C]
# name 12 = potemp190C: Potential Temperature, 2 [ITS-90, deg C]
# name 13 = potemp90Cdiff: Potential Temperature, Diff, 2 - 1 [ITS-90, deg C]
# name 14 = c0S/m: Conductivity [S/m]
# name 15 = c1S/m: Conductivity, 2 [S/m]
# name 16 = C2-C1S/m: Conductivity Difference, 2 - 1 [S/m]
# name 17 = sal00: Salinity, Practical [PSU]
# name 18 = sal11: Salinity, Practical, 2 [PSU]
# name 19 = sbeox0ML/L: Oxygen, SBE 43 [ml/l]
# name 20 = sigma-é00: Density [sigma-theta, kg/m^3]
# name 21 = sigma-é11: Density, 2 [sigma-theta, kg/m^3]
# name 22 = sbox0Mm/Kg: Oxygen, SBE 43 [umol/kg]
# name 23 = oxsolMm/Kg: Oxygen Saturation, Garcia & Gordon [umol/kg]
# name 24 = oxsatMm/Kg: Oxygen Saturation, Weiss [umol/kg]
# name 25 = nbf: Bottles Fired
# name 26 = flag:  0.000e+00
# interval = seconds: 0.0416667
# start_time = Nov 05 2019 17:24:22 [NMEA time, header]
# bad_flag = -9.990e-29
*END*
[from data line 1450]
      34529 309.741906  -62.16698  -58.37554      0.001    1448.15     30.929     30.630    -0.7846    -0.7831     0.0015    -0.7855    -0.7840     0.0015   2.777449   2.777920   0.000471    34.1800    34.1847     7.5605    27.4804    27.4842    328.622  357.47626  359.11539          9  0.000e+00
      34530 309.741906  -62.16698  -58.37554      0.003    1448.15     30.922     30.623    -0.7843    -0.7828     0.0015    -0.7852    -0.7837     0.0015   2.777431   2.777920   0.000489    34.1794    34.1844     7.5608    27.4799    27.4839    328.636  357.47474  359.11376          9  0.000e+00
      34531 309.741907  -62.16698  -58.37554     -0.002    1448.15     30.881     30.583    -0.7838    -0.7827     0.0011    -0.7846    -0.7836     0.0011   2.777443   2.777948   0.000506    34.1790    34.1846     7.5610    27.4795    27.4841    328.645  357.47093  359.10981          9  0.000e+00
      34532 309.741907  -62.16698  -58.37554     -0.002    1448.15     30.922     30.623    -0.7835    -0.7836    -0.0001    -0.7844    -0.7845    -0.0001   2.777485   2.777925   0.000441    34.1793    34.1853     7.5614    27.4798    27.4847    328.659  357.46795  359.10679          9  0.000e+00
      34533 309.741908  -62.16698  -58.37554     -0.002    1448.15     30.929     30.630    -0.7834    -0.7831     0.0002    -0.7842    -0.7840     0.0002   2.777503   2.777931   0.000429    34.1793    34.1849     7.5617    27.4798    27.4843    328.673  357.46618  359.10499          9  0.000e+00
      34534 309.741908  -62.16698  -58.37554     -0.004    1448.15     30.881     30.583    -0.7831    -0.7833    -0.0002    -0.7839    -0.7842    -0.0002   2.777503   2.777943   0.000440    34.1790    34.1852     7.5628    27.4795    27.4846    328.720  357.46427  359.10300          9  0.000e+00
      34535 309.741909  -62.16698  -58.37554     -0.011    1448.15     30.868     30.569    -0.7837    -0.7825     0.0011    -0.7845    -0.7834     0.0011   2.777461   2.777960   0.000499    34.1791    34.1846     7.5581    27.4796    27.4840    328.516  357.46949  359.10835          9  0.000e+00
      34536 309.741909  -62.16698  -58.37554     -0.010    1448.15     30.929     30.630    -0.7835    -0.7818     0.0018    -0.7844    -0.7826     0.0018   2.777485   2.777948   0.000464    34.1793    34.1835     7.5578    27.4798    27.4831    328.502  357.46796  359.10680          9  0.000e+00
      34537 309.741910  -62.16698  -58.37554     -0.013    1448.15     30.868     30.569    -0.7834    -0.7814     0.0019    -0.7842    -0.7823     0.0019   2.777503   2.777960   0.000457    34.1793    34.1834     7.5573    27.4798    27.4830    328.483  357.46608  359.10488          9  0.000e+00
      34538 309.741910  -62.16698  -58.37554     -0.012    1448.15     30.929     30.630    -0.7834    -0.7816     0.0018    -0.7842    -0.7825     0.0018   2.777485   2.777983   0.000498    34.1791    34.1838     7.5571    27.4796    27.4834    328.474  357.46687  359.10566          9  0.000e+00
      34539 309.741911  -62.16698  -58.37554     -0.018    1448.15     30.827     30.529    -0.7835    -0.7813     0.0022    -0.7843    -0.7822     0.0022   2.777473   2.777994   0.000522    34.1791    34.1837     7.5568    27.4796    27.4833    328.459  357.46787  359.10669         10  0.000e+00
      34540 309.741911  -62.16698  -58.37554     -0.017    1448.15     30.923     30.623    -0.7837    -0.7821     0.0016    -0.7846    -0.7829     0.0016   2.777509   2.778012   0.000503    34.1798    34.1847     7.5618    27.4802    27.4841    328.680  357.46813  359.10704         10  0.000e+00
      34541 309.741912  -62.16698  -58.37554     -0.019    1448.15     30.881     30.583    -0.7838    -0.7818     0.0021    -0.7847    -0.7826     0.0021   2.777527   2.777977   0.000451    34.1802    34.1839     7.5624    27.4805    27.4835    328.702  357.46811  359.10707         10  0.000e+00
      34542 309.741912  -62.16698  -58.37554     -0.022    1448.15     30.868     30.569    -0.7837    -0.7808     0.0029    -0.7846    -0.7817     0.0029   2.777491   2.778000   0.000509    34.1796    34.1832     7.5621    27.4800    27.4828    328.691  357.46872  359.10762         10  0.000e+00
      34543 309.741913  -62.16698  -58.37554     -0.023    1448.15     30.881     30.583    -0.7837    -0.7811     0.0025    -0.7845    -0.7820     0.0025   2.777497   2.777960   0.000463    34.1796    34.1830     7.5566    27.4800    27.4827    328.452  357.46815  359.10704         10  0.000e+00
      34544 309.741913  -62.16698  -58.37554     -0.028    1448.15     30.881     30.583    -0.7835    -0.7824     0.0012    -0.7844    -0.7832     0.0012   2.777461   2.777977   0.000516    34.1790    34.1847     7.5615    27.4795    27.4841    328.667  357.46879  359.10761         10  0.000e+00
      34545 309.741914  -62.16698  -58.37554     -0.027    1448.15     30.868     30.569    -0.7840    -0.7824     0.0016    -0.7849    -0.7832     0.0016   2.777467   2.777931   0.000464    34.1796    34.1840     7.5621    27.4800    27.4836    328.692  357.47146  359.11042         10  0.000e+00
      34546 309.741914  -62.16698  -58.37554     -0.029    1448.15     30.881     30.583    -0.7842    -0.7833     0.0009    -0.7850    -0.7842     0.0009   2.777455   2.777948   0.000494    34.1796    34.1853     7.5627    27.4801    27.4846    328.717  357.47303  359.11203         10  0.000e+00
      34547 309.741915  -62.16698  -58.37554     -0.031    1448.15     30.868     30.569    -0.7844    -0.7828     0.0016    -0.7853    -0.7837     0.0016   2.777467   2.777966   0.000499    34.1800    34.1850     7.5632    27.4804    27.4844    328.740  357.47401  359.11309         10  0.000e+00
      34548 309.741915  -62.16698  -58.37554     -0.035    1448.15     30.827     30.529    -0.7845    -0.7833     0.0012    -0.7853    -0.7841     0.0012   2.777455   2.777908   0.000453    34.1800    34.1848     7.5637    27.4804    27.4842    328.762  357.47476  359.11385         10  0.000e+00
      34549 309.741916  -62.16698  -58.37554     -0.036    1448.15     30.868     30.569    -0.7843    -0.7838     0.0005    -0.7852    -0.7846     0.0005   2.777467   2.777908   0.000441    34.1799    34.1853     7.5591    27.4803    27.4847    328.559  357.47328  359.11233         10  0.000e+00
      34550 309.741916  -62.16698  -58.37554     -0.040    1448.15     30.827     30.529    -0.7842    -0.7847    -0.0005    -0.7850    -0.7855    -0.0005   2.777455   2.777874   0.000419    34.1796    34.1859     7.5640    27.4801    27.4852    328.772  357.47294  359.11194         10  0.000e+00
      34551 309.741916  -62.16698  -58.37554     -0.041    1448.15     30.881     30.583    -0.7844    -0.7856    -0.0012    -0.7853    -0.7865    -0.0012   2.777467   2.777822   0.000355    34.1800    34.1862     7.5646    27.4804    27.4855    328.800  357.47404  359.11311         10  0.000e+00
      34552 309.741917  -62.16698  -58.37554     -0.045    1448.15     30.820     30.522    -0.7837    -0.7859    -0.0022    -0.7846    -0.7868    -0.0022   2.777491   2.777810   0.000320    34.1796    34.1865     7.5650    27.4800    27.4857    328.816  357.46864  359.10754         10  0.000e+00
      34553 309.741917  -62.16698  -58.37554     -0.048    1448.15     30.827     30.529    -0.7837    -0.7861    -0.0024    -0.7846    -0.7869    -0.0024   2.777521   2.777787   0.000267    34.1800    34.1863     7.5655    27.4804    27.4856    328.839  357.46751  359.10643         10  0.000e+00
      34554 309.741918  -62.16698  -58.37554     -0.045    1448.15     30.868     30.569    -0.7833    -0.7862    -0.0030    -0.7841    -0.7871    -0.0030   2.777526   2.777764   0.000238    34.1795    34.1862     7.5660    27.4800    27.4855    328.861  357.46443  359.10323         10  0.000e+00
      34555 309.741918  -62.16698  -58.37554     -0.051    1448.15     30.827     30.529    -0.7830    -0.7859    -0.0029    -0.7839    -0.7868    -0.0029   2.777526   2.777776   0.000249    34.1793    34.1860     7.5665    27.4798    27.4853    328.882  357.46290  359.10163         10  0.000e+00
      34556 309.741919  -62.16698  -58.37554     -0.050    1448.15     30.881     30.583    -0.7828    -0.7859    -0.0031    -0.7836    -0.7868    -0.0031   2.777544   2.777764   0.000220    34.1792    34.1858     7.5670    27.4797    27.4852    328.906  357.46085  359.09953         10  0.000e+00
      34557 309.741919  -62.16698  -58.37554     -0.054    1448.15     30.765     30.468    -0.7831    -0.7855    -0.0024    -0.7839    -0.7863    -0.0024   2.777532   2.777759   0.000226    34.1795    34.1853     7.5675    27.4799    27.4847    328.927  357.46293  359.10169         10  0.000e+00
      34558 309.741920  -62.16698  -58.37554     -0.053    1448.15     30.881     30.583    -0.7831    -0.7859    -0.0029    -0.7839    -0.7868    -0.0029   2.777509   2.777776   0.000267    34.1791    34.1859     7.5682    27.4796    27.4853    328.958  357.46405  359.10278         10  0.000e+00
      34559 309.741920  -62.16698  -58.37554     -0.058    1448.15     30.765     30.468    -0.7835    -0.7856    -0.0021    -0.7843    -0.7865    -0.0021   2.777520   2.777799   0.000278    34.1798    34.1860     7.5687    27.4802    27.4853    328.979  357.46594  359.10480         10  0.000e+00
      34560 309.741921  -62.16698  -58.37554     -0.060    1448.15     30.827     30.529    -0.7835    -0.7861    -0.0025    -0.7844    -0.7869    -0.0025   2.777509   2.777810   0.000302    34.1796    34.1866     7.5694    27.4801    27.4858    329.006  357.46687  359.10574         10  0.000e+00
      34561 309.741921  -62.16698  -58.37554     -0.064    1448.15     30.765     30.468    -0.7842    -0.7859    -0.0017    -0.7850    -0.7868    -0.0017   2.777520   2.777810   0.000290    34.1806    34.1865     7.5648    27.4809    27.4857    328.806  357.47032  359.10938         10  0.000e+00
      34562 309.741922  -62.16698  -58.37554     -0.062    1448.15     30.881     30.583    -0.7838    -0.7855    -0.0016    -0.7847    -0.7863    -0.0016   2.777509   2.777810   0.000302    34.1799    34.1859     7.5698    27.4803    27.4852    329.027  357.46879  359.10774         10  0.000e+00
      34563 309.741922  -62.16698  -58.37554     -0.066    1448.15     30.779     30.481    -0.7838    -0.7853    -0.0015    -0.7846    -0.7862    -0.0015   2.777479   2.777828   0.000349    34.1795    34.1860     7.5695    27.4800    27.4853    329.013  357.46939  359.10830         10  0.000e+00
      34564 309.741923  -62.16698  -58.37554     -0.067    1448.15     30.820     30.522    -0.7837    -0.7849    -0.0011    -0.7846    -0.7857    -0.0011   2.777491   2.777931   0.000440    34.1796    34.1869     7.5693    27.4800    27.4860    329.002  357.46864  359.10754         10  0.000e+00
      34565 309.741923  -62.16698  -58.37554     -0.069    1448.15     30.779     30.481    -0.7835    -0.7850    -0.0015    -0.7844    -0.7859    -0.0015   2.777520   2.777948   0.000428    34.1798    34.1873     7.5689    27.4802    27.4863    328.985  357.46633  359.10521         10  0.000e+00
      34566 309.741924  -62.16698  -58.37554     -0.073    1448.15     30.765     30.468    -0.7834    -0.7850    -0.0016    -0.7842    -0.7859    -0.0016   2.777491   2.777994   0.000504    34.1792    34.1879     7.5685    27.4797    27.4868    328.971  357.46635  359.10516         10  0.000e+00
      34567 309.741924  -62.16698  -58.37554     -0.072    1448.15     30.827     30.529    -0.7832    -0.7852    -0.0020    -0.7841    -0.7860    -0.0020   2.777473   2.777960   0.000487    34.1788    34.1876     7.5682    27.4793    27.4866    328.957  357.46605  359.10479         10  0.000e+00
      34568 309.741925  -62.16698  -58.37554     -0.071    1448.15     30.779     30.481    -0.7831    -0.7849    -0.0018    -0.7839    -0.7857    -0.0018   2.777509   2.777977   0.000469    34.1791    34.1875     7.5685    27.4797    27.4865    328.971  357.46387  359.10260         10  0.000e+00
      34569 309.741925  -62.16698  -58.37554     -0.073    1448.15     30.765     30.468    -0.7831    -0.7828     0.0002    -0.7839    -0.7837     0.0002   2.777485   2.777994   0.000510    34.1788    34.1855     7.5690    27.4794    27.4848    328.990  357.46475  359.10347         10  0.000e+00
      34570 309.741926  -62.16698  -58.37554     -0.077    1448.15     30.779     30.481    -0.7828    -0.7828    -0.0000    -0.7836    -0.7837    -0.0001   2.777538   2.777971   0.000433    34.1792    34.1852     7.5685    27.4797    27.4845    328.970  357.46090  359.09958         10  0.000e+00
      34571 309.741926  -62.16698  -58.37554     -0.078    1448.15     30.765     30.468    -0.7826    -0.7828    -0.0003    -0.7834    -0.7837    -0.0003   2.777532   2.777966   0.000433    34.1789    34.1851     7.5680    27.4794    27.4845    328.949  357.45965  359.09826         10  0.000e+00
      34572 309.741927  -62.16698  -58.37554     -0.079    1448.15     30.779     30.481    -0.7826    -0.7822     0.0004    -0.7835    -0.7831     0.0004   2.777526   2.777948   0.000422    34.1789    34.1841     7.5676    27.4794    27.4837    328.931  357.46026  359.09888         10  0.000e+00
      34573 309.741927  -62.16698  -58.37554     -0.079    1448.15     30.779     30.481    -0.7825    -0.7830    -0.0005    -0.7834    -0.7839    -0.0005   2.777509   2.777943   0.000434    34.1785    34.1850     7.5679    27.4791    27.4844    328.944  357.46022  359.09879         10  0.000e+00
      34574 309.741928  -62.16698  -58.37554     -0.079    1448.15     30.765     30.468    -0.7830    -0.7831    -0.0002    -0.7838    -0.7840    -0.0002   2.777503   2.777943   0.000440    34.1789    34.1851     7.5727    27.4795    27.4845    329.152  357.46334  359.10204         10  0.000e+00
      34575 309.741928  -62.16698  -58.37554     -0.082    1448.15     30.779     30.481    -0.7831    -0.7831    -0.0001    -0.7839    -0.7840    -0.0001   2.777520   2.777960   0.000439    34.1793    34.1854     7.5678    27.4798    27.4847    328.937  357.46341  359.10216         10  0.000e+00
      34576 309.741929  -62.16698  -58.37554     -0.088    1448.15     30.717     30.420    -0.7828    -0.7819     0.0009    -0.7837    -0.7828     0.0009   2.777544   2.778006   0.000461    34.1794    34.1846     7.5679    27.4799    27.4840    328.941  357.46093  359.09963         10  0.000e+00
      34577 309.741929  -62.16698  -58.37554     -0.083    1448.15     30.779     30.481    -0.7831    -0.7805     0.0025    -0.7839    -0.7814     0.0025   2.777532   2.778115   0.000583    34.1795    34.1845     7.5682    27.4799    27.4839    328.956  357.46296  359.10171         10  0.000e+00
      34578 309.741929  -62.16698  -58.37554     -0.085    1448.15     30.717     30.420    -0.7831    -0.7790     0.0041    -0.7839    -0.7798     0.0041   2.777509   2.778167   0.000658    34.1792    34.1835     7.5684    27.4797    27.4830    328.964  357.46376  359.10250         10  0.000e+00
      34579 309.741930  -62.16698  -58.37554     -0.082    1448.15     30.779     30.481    -0.7831    -0.7787     0.0044    -0.7839    -0.7795     0.0044   2.777503   2.778178   0.000676    34.1791    34.1832     7.5687    27.4796    27.4828    328.977  357.46410  359.10283         10  0.000e+00
      34580 309.741930  -62.16698  -58.37554     -0.085    1448.15     30.731     30.434    -0.7837    -0.7784     0.0053    -0.7845    -0.7792     0.0053   2.777503   2.778155   0.000653    34.1798    34.1826     7.5690    27.4802    27.4822    328.989  357.46766  359.10656         10  0.000e+00
      34581 309.741931  -62.16698  -58.37554     -0.083    1448.15     30.765     30.468    -0.7835    -0.7787     0.0049    -0.7844    -0.7795     0.0049   2.777503   2.778149   0.000647    34.1796    34.1828     7.5692    27.4800    27.4825    329.000  357.46699  359.10585         10  0.000e+00
