Pos-Processados/process_op38/operantar38_004.cnv
* Sea-Bird SBE 9 Data File:
* FileName = D:\OPERANTAR_XXXVIII\DADOS\OP38_004.hdr
* Software Version Seasave V 7.12
* Temperature SN = 4808
* Conductivity SN = 3380
* Number of Bytes Per Scan = 31
* Number of Voltage Words = 2
* Number of Scans Averaged by the Deck Unit = 1
* NMEA Latitude = 39 58.92 S
* NMEA Longitude = 054 59.71 W
* NMEA UTC (Time) = Oct 17 2019 15:31:47
** H41
** NAVIO POLAR ALMIRANTE MAXIMIANO
** CRUZEIRO:
** OPERANTAR XXXVIII
** ESTAวรO: OP38_004
** LAT 39บ 58,96'S
** LONG 054บ 59,70'W
** 09P73767-1155
** PROFUNDIDADE: 1627 m
** DATA/HORA: 171533Z/OUT/2019
** OPERADOR: SO-HN CHAVES
# nquan = 33
# nvalues = 2034                        
# units = specified
# name 0 = scan: Scan Count
# name 1 = timeJ: Julian Days
# name 2 = latitude: Latitude [deg]
# name 3 = longitude: Longitude [deg]
# name 4 = dz/dtM: Descent Rate [m/s]
# name 5 = avgsvCM: Average Sound Velocity [Chen-Millero, m/s]
# name 6 = prDM: Pressure, Digiquartz [db]
# name 7 = depSM: Depth [salt water, m]
# name 8 = t090C: Temperature [ITS-90, deg C]
# name 9 = t190C: Temperature, 2 [ITS-90, deg C]
# name 10 = T2-T190C: Temperature Difference, 2 - 1 [ITS-90, deg C]
# name 11 = potemp090C: Potential Temperature [ITS-90, deg C]
# name 12 = potemp190C: Potential Temperature, 2 [ITS-90, deg C]
# name 13 = potemp90Cdiff: Potential Temperature, Diff, 2 - 1 [ITS-90, deg C]
# name 14 = c0S/m: Conductivity [S/m]
# name 15 = c1S/m: Conductivity, 2 [S/m]
# name 16 = C2-C1S/m: Conductivity Difference, 2 - 1 [S/m]
# name 17 = sal00: Salinity, Practical [PSU]
# name 18 = sal11: Salinity, Practical, 2 [PSU]
# name 19 = sbeox0ML/L: Oxygen, SBE 43 [ml/l]
# name 20 = sigma-้00: Density [sigma-theta, kg/m^3]
# name 21 = sigma-้11: Density, 2 [sigma-theta, kg/m^3]
# name 22 = sbox0Mm/Kg: Oxygen, SBE 43 [umol/kg]
# name 23 = oxsolMm/Kg: Oxygen Saturation, Garcia & Gordon [umol/kg]
# name 24 = oxsatMm/Kg: Oxygen Saturation, Weiss [umol/kg]
# name 25 = sal00: Salinity, Practical [PSU]
# name 26 = sigma-้00: Density [sigma-theta, kg/m^3]
# name 27 = svCM: Sound Velocity [Chen-Millero, m/s]
# name 28 = svCM1: Sound Velocity, 2 [Chen-Millero, m/s]
# name 29 = gsw_ptA0: potential temperature [ITS-90, deg C]
# name 30 = gsw_densityA0: density, TEOS-10 [density, kg/m^3]
# name 31 = gsw_saA0: Absolute Salinity [g/kg]
# name 32 = flag:
# span 0 =       2045,      65770       
# span 1 = 290.648058, 290.678789       
# span 2 =  -39.98184,  -39.97412       
# span 3 =  -54.99528,  -54.99512       
# span 4 =     -1.536,      1.573       
# span 5 =       0.00,    1475.01       
# span 6 =      3.000,   1020.000       
# span 7 =      2.997,   1009.706       
# span 8 =     2.5350,     6.8426       
# span 9 =     2.5356,     6.8372       
# span 10 =    -0.0550,     0.0591      
# span 11 =     2.4693,     6.8423      
# span 12 =     2.4698,     6.8369      
# span 13 =    -0.0548,     0.0591      
# span 14 =   3.104826,   3.430987      
# span 15 =   3.105302,   3.431200      
# span 16 =  -0.004683,   0.005548      
# span 17 =    34.0568,    34.5223      
# span 18 =    34.0613,    34.5271      
# span 19 =     3.8559,     7.5355      
# span 20 =    26.7142,    27.5506      
# span 21 =    26.7221,    27.5544      
# span 22 =    167.588,    327.728      
# span 23 =  296.51392,  327.45680      
# span 24 =  296.95436,  328.48851      
# span 25 =    34.0526,    34.5223      
# span 26 =    26.7163,    27.5506      
# span 27 =    1466.52,    1476.96      
# span 28 =    1466.53,    1476.95      
# span 29 =     2.4692,     6.8423      
# span 30 =  1026.7336,  1032.2880      
# span 31 =    34.2138,    34.6890      
# span 32 = 0.0000e+00, 0.0000e+00      
# interval = decibars: 1                
# start_time = Oct 17 2019 15:31:47 [NMEA time, header]
# bad_flag = -9.990e-29
*END*
[from data line 1143]
      33457 290.663206  -39.97798  -54.99522     -0.603    1470.62    893.000    884.257     2.6197     2.6204     0.0007     2.5626     2.5633     0.0007   3.130379   3.130840   0.000462    34.4830    34.4880     3.9320    27.5112    27.5151    170.903  326.86756  327.88410    34.4831    27.5112    1474.77    1474.78     2.5625  1031.6625    34.6488 0.0000e+00
      33485 290.663219  -39.97798  -54.99522     -0.733    1470.62    892.000    883.269     2.6198     2.6204     0.0006     2.5627     2.5632     0.0006   3.130341   3.130797   0.000454    34.4831    34.4880     3.9353    27.5112    27.5151    171.044  326.86723  327.88377    34.4831    27.5113    1474.75    1474.76     2.5626  1031.6579    34.6488 0.0000e+00
      33504 290.663229  -39.97798  -54.99522     -1.012    1470.62    891.000    882.280     2.6213     2.6213     0.0000     2.5642     2.5643    -0.0000   3.130392   3.130802   0.000420    34.4824    34.4876     3.9339    27.5105    27.5146    170.984  326.85656  327.87283    34.4827    27.5107    1474.74    1474.75     2.5642  1031.6528    34.6483 0.0000e+00
      33521 290.663237  -39.97798  -54.99522     -1.268    1470.62    890.000    881.292     2.6235     2.6232    -0.0003     2.5666     2.5662    -0.0003   3.130463   3.130886   0.000419    34.4814    34.4868     3.9370    27.5095    27.5139    171.119  326.84099  327.85686    34.4817    27.5097    1474.73    1474.74     2.5665  1031.6471    34.6473 0.0000e+00
      33536 290.663244  -39.97798  -54.99522     -1.447    1470.62    889.000    880.304     2.6249     2.6255     0.0006     2.5680     2.5685     0.0006   3.130488   3.130944   0.000459    34.4809    34.4859     3.9396    27.5090    27.5129    171.232  326.83143  327.84707    34.4811    27.5091    1474.72    1474.73     2.5679  1031.6414    34.6460 0.0000e+00
      33552 290.663252 -9.990e-29  -54.99522     -1.520    1470.62    888.000    879.316     2.6251     2.6257     0.0006     2.5682     2.5688     0.0006   3.130446   3.130902   0.000454    34.4808    34.4857     3.9410    27.5088    27.5128    171.295  326.83025  327.84585    34.4809    27.5090    1474.71    1474.72     2.5681  1031.6351    34.6439 0.0000e+00
      33572 290.663261 -9.990e-29  -54.99522     -1.412    1470.62    887.000    878.328     2.6254     2.6260     0.0007     2.5686     2.5692     0.0007   3.130417   3.130873   0.000457    34.4807    34.4855     3.9433    27.5088    27.5125    171.395  326.82839  327.84394    34.4807    27.5088    1474.69    1474.70     2.5685  1031.6303    34.6437 0.0000e+00
      33600 290.663275 -9.990e-29  -54.99522     -1.005    1470.62    886.000    877.340     2.6252     2.6253     0.0002     2.5685     2.5686     0.0002   3.130359   3.130793   0.000435    34.4807    34.4858     3.9407    27.5088    27.5129    171.282  326.82968  327.84526    34.4808    27.5088    1474.67    1474.68     2.5684  1031.6257    34.6437 0.0000e+00
      33631 290.663290 -9.990e-29  -54.99522     -0.746    1470.62    885.000    876.351     2.6246     2.6252     0.0005     2.5680     2.5685     0.0005   3.130297   3.130748   0.000450    34.4811    34.4860     3.9382    27.5091    27.5131    171.172  326.83329  327.84898    34.4812    27.5092    1474.66    1474.66     2.5679  1031.6215    34.6441 0.0000e+00
      33656 290.663302 -9.990e-29  -54.99522     -0.887    1470.62    884.000    875.364     2.6261     2.6266     0.0005     2.5696     2.5700     0.0005   3.130322   3.130772   0.000452    34.4802    34.4852     3.9360    27.5083    27.5123    171.075  326.82314  327.83855    34.4803    27.5084    1474.65    1474.65     2.5695  1031.6160    34.6433 0.0000e+00
      33678 290.663313 -9.990e-29  -54.99522     -1.031    1470.62    883.000    874.375     2.6273     2.6277     0.0005     2.5707     2.5712     0.0005   3.130330   3.130775   0.000445    34.4796    34.4846     3.9359    27.5077    27.5116    171.073  326.81555  327.83076    34.4798    27.5079    1474.63    1474.64     2.5707  1031.6109    34.6427 0.0000e+00
      33702 290.663324 -9.990e-29  -54.99522     -1.039    1470.62    882.000    873.387     2.6279     2.6286     0.0007     2.5715     2.5721     0.0006   3.130312   3.130768   0.000452    34.4793    34.4841     3.9422    27.5074    27.5112    171.343  326.81087  327.82596    34.4794    27.5075    1474.62    1474.63     2.5714  1031.6058    34.6423 0.0000e+00
      33732 290.663339  -39.97794  -54.99522     -0.862    1470.62    881.000    872.399     2.6287     2.6298     0.0011     2.5723     2.5734     0.0011   3.130304   3.130777   0.000474    34.4788    34.4835     3.9454    27.5070    27.5106    171.485  326.80588  327.82083    34.4790    27.5071    1474.60    1474.61     2.5722  1031.6014    34.6427 0.0000e+00
      33763 290.663353  -39.97794  -54.99522     -0.761    1470.62    880.000    871.411     2.6298     2.6302     0.0003     2.5735     2.5739     0.0003   3.130311   3.130755   0.000446    34.4782    34.4833     3.9519    27.5064    27.5104    171.765  326.79805  327.81279    34.4784    27.5065    1474.59    1474.60     2.5734  1031.5978    34.6440 0.0000e+00
      33786 290.663365  -39.97794  -54.99522     -0.909    1470.62    879.000    870.423     2.6305     2.6307     0.0002     2.5742     2.5744     0.0001   3.130303   3.130734   0.000430    34.4780    34.4831     3.9459    27.5062    27.5102    171.508  326.79326  327.80789    34.4781    27.5062    1474.58    1474.58     2.5742  1031.5928    34.6437 0.0000e+00
      33805 290.663374  -39.97794  -54.99522     -1.112    1470.62    878.000    869.435     2.6314     2.6313    -0.0001     2.5752     2.5751    -0.0001   3.130302   3.130715   0.000418    34.4775    34.4827     3.9478    27.5057    27.5098    171.590  326.78725  327.80172    34.4777    27.5058    1474.57    1474.57     2.5751  1031.5878    34.6432 0.0000e+00
      33822 290.663382  -39.97794  -54.99522     -1.276    1470.62    877.000    868.447     2.6316     2.6321     0.0004     2.5755     2.5760     0.0004   3.130268   3.130727   0.000453    34.4774    34.4824     3.9498    27.5055    27.5095    171.676  326.78555  327.79997    34.4775    27.5056    1474.55    1474.56     2.5754  1031.5830    34.6431 0.0000e+00
      33840 290.663391  -39.97794  -54.99522     -1.374    1470.62    876.000    867.459     2.6323     2.6330     0.0006     2.5763     2.5769     0.0006   3.130260   3.130728   0.000470    34.4770    34.4821     3.9505    27.5052    27.5092    171.705  326.78071  327.79501    34.4772    27.5053    1474.53    1474.54     2.5762  1031.5781    34.6427 0.0000e+00
      33859 290.663400  -39.97793  -54.99522     -1.350    1470.62    875.000    866.470     2.6326     2.6334     0.0008     2.5766     2.5774     0.0008   3.130236   3.130697   0.000457    34.4770    34.4818     3.9483    27.5052    27.5089    171.611  326.77881  327.79307    34.4772    27.5053    1474.52    1474.53     2.5765  1031.5734    34.6427 0.0000e+00
      33882 290.663411  -39.97792  -54.99522     -1.167    1470.62    874.000    865.482     2.6337     2.6347     0.0010     2.5778     2.5788     0.0010   3.130260   3.130725   0.000467    34.4766    34.4812     3.9464    27.5047    27.5083    171.529  326.77059  327.78465    34.4768    27.5048    1474.51    1474.52     2.5777  1031.5684    34.6423 0.0000e+00
      33911 290.663425  -39.97792  -54.99522     -0.900    1470.62    873.000    864.494     2.6347     2.6341    -0.0007     2.5789     2.5782    -0.0007   3.130263   3.130642   0.000387    34.4761    34.4815     3.9513    27.5042    27.5086    171.741  326.76385  327.77773    34.4763    27.5044    1474.50    1474.50     2.5788  1031.5632    34.6418 0.0000e+00
      33938 290.663438  -39.97792  -54.99522     -0.837    1470.62    872.000    863.506     2.6366     2.6356    -0.0010     2.5808     2.5798    -0.0010   3.130318   3.130696   0.000380    34.4752    34.4810     3.9511    27.5034    27.5080    171.730  326.75113  327.76468    34.4755    27.5036    1474.49    1474.49     2.5807  1031.5578    34.6410 0.0000e+00
      33963 290.663450  -39.97792  -54.99522     -0.931    1470.62    871.000    862.517     2.6384     2.6386     0.0002     2.5827     2.5829     0.0002   3.130367   3.130814   0.000440    34.4744    34.4795     3.9485    27.5025    27.5066    171.618  326.73818  327.75140    34.4747    27.5027    1474.47    1474.48     2.5826  1031.5523    34.6401 0.0000e+00
      33987 290.663462  -39.97790  -54.99522     -0.993    1470.62    870.000    861.529     2.6406     2.6412     0.0006     2.5850     2.5855     0.0006   3.130430   3.130867   0.000442    34.4733    34.4781     3.9565    27.5015    27.5053    171.966  326.72290  327.73572    34.4736    27.5017    1474.47    1474.47     2.5849  1031.5466    34.6391 0.0000e+00
      34012 290.663473  -39.97790  -54.99522     -0.983    1470.62    869.000    860.541     2.6419     2.6416    -0.0004     2.5863     2.5859    -0.0004   3.130433   3.130844   0.000407    34.4726    34.4779     3.9590    27.5007    27.5051    172.078  326.71446  327.72705    34.4728    27.5009    1474.46    1474.46     2.5862  1031.5412    34.6383 0.0000e+00
      34036 290.663485  -39.97790  -54.99522     -0.961    1470.62    868.000    859.553     2.6424     2.6429     0.0006     2.5868     2.5874     0.0006   3.130395   3.130857   0.000460    34.4722    34.4772     3.9599    27.5004    27.5043    172.115  326.71185  327.72436    34.4724    27.5006    1474.44    1474.45     2.5868  1031.5363    34.6379 0.0000e+00
      34060 290.663497  -39.97790  -54.99522     -0.997    1470.62    867.000    858.564     2.6429     2.6438     0.0009     2.5874     2.5883     0.0009   3.130376   3.130837   0.000462    34.4720    34.4766     3.9633    27.5001    27.5038    172.265  326.70839  327.72081    34.4722    27.5003    1474.42    1474.44     2.5873  1031.5314    34.6376 0.0000e+00
      34082 290.663507  -39.97790  -54.99520     -1.054    1470.62    866.000    857.576     2.6437     2.6444     0.0007     2.5884     2.5890     0.0007   3.130354   3.130822   0.000463    34.4713    34.4762     3.9689    27.4996    27.5034    172.505  326.70295  327.71520    34.4715    27.4997    1474.41    1474.42     2.5882  1031.5262    34.6370 0.0000e+00
      34104 290.663518  -39.97790  -54.99520     -1.083    1470.62    865.000    856.588     2.6450     2.6463     0.0012     2.5897     2.5909     0.0012   3.130367   3.130855   0.000486    34.4705    34.4751     3.9669    27.4988    27.5024    172.420  326.69432  327.70633    34.4708    27.4990    1474.40    1474.41     2.5896  1031.5209    34.6362 0.0000e+00
      34129 290.663530  -39.97790  -54.99520     -1.025    1470.62    864.000    855.600     2.6463     2.6475     0.0012     2.5910     2.5922     0.0012   3.130369   3.130859   0.000488    34.4698    34.4744     3.9676    27.4981    27.5017    172.452  326.68598  327.69777    34.4700    27.4983    1474.39    1474.40     2.5909  1031.5155    34.6355 0.0000e+00
      34157 290.663543  -39.97788  -54.99520     -0.904    1470.62    863.000    854.616     2.6473     2.6467    -0.0006     2.5921     2.5915    -0.0006   3.130374   3.130771   0.000411    34.4692    34.4749     3.9733    27.4976    27.5022    172.699  326.67917  327.69077    34.4695    27.4978    1474.37    1474.38     2.5920  1031.5104    34.6349 0.0000e+00
      34183 290.663556  -39.97788  -54.99520     -0.870    1470.62    862.000    853.619     2.6492     2.6484    -0.0008     2.5941     2.5933    -0.0008   3.130414   3.130817   0.000398    34.4682    34.4739     3.9750    27.4966    27.5013    172.771  326.66613  327.67738    34.4685    27.4968    1474.36    1474.37     2.5940  1031.5048    34.6339 0.0000e+00
      34206 290.663567  -39.97788  -54.99520     -0.970    1470.62    861.000    852.635     2.6495     2.6502     0.0007     2.5944     2.5952     0.0007   3.130389   3.130853   0.000463    34.4681    34.4730     3.9723    27.4965    27.5003    172.656  326.66406  327.67527    34.4684    27.4967    1474.35    1474.36     2.5943  1031.5000    34.6338 0.0000e+00
      34225 290.663576  -39.97788  -54.99520     -1.120    1470.62    860.000    851.647     2.6504     2.6513     0.0009     2.5954     2.5962     0.0009   3.130380   3.130841   0.000456    34.4677    34.4724     3.9719    27.4961    27.4997    172.637  326.65814  327.66919    34.4679    27.4962    1474.34    1474.35     2.5953  1031.4949    34.6333 0.0000e+00
      34243 290.663585  -39.97788  -54.99520     -1.261    1470.62    859.000    850.659     2.6510     2.6517     0.0006     2.5961     2.5967     0.0006   3.130359   3.130809   0.000450    34.4673    34.4721     3.9770    27.4957    27.4995    172.862  326.65385  327.66478    34.4675    27.4958    1474.32    1474.33     2.5960  1031.4899    34.6329 0.0000e+00
      34261 290.663594  -39.97788  -54.99520     -1.341    1470.62    858.000    849.670     2.6515     2.6523     0.0008     2.5967     2.5974     0.0008   3.130337   3.130799   0.000464    34.4670    34.4718     3.9797    27.4954    27.4992    172.979  326.65077  327.66161    34.4672    27.4956    1474.31    1474.32     2.5966  1031.4851    34.6326 0.0000e+00
      34280 290.663603  -39.97788  -54.99520     -1.331    1470.62    857.000    848.682     2.6520     2.6530     0.0010     2.5972     2.5981     0.0010   3.130303   3.130785   0.000475    34.4667    34.4714     3.9816    27.4951    27.4988    173.060  326.64780  327.65857    34.4668    27.4952    1474.29    1474.30     2.5971  1031.4801    34.6322 0.0000e+00
      34302 290.663613  -39.97786  -54.99520     -1.200    1470.62    856.000    847.694     2.6524     2.6543     0.0018     2.5977     2.5995     0.0018   3.130277   3.130788   0.000509    34.4664    34.4706     3.9820    27.4949    27.4981    173.078  326.64491  327.65559    34.4666    27.4950    1474.28    1474.29     2.5976  1031.4752    34.6320 0.0000e+00
      34334 290.663629  -39.97786  -54.99520     -0.866    1470.62    855.000    846.706     2.6544     2.6537    -0.0007     2.5997     2.5990    -0.0007   3.130345   3.130725   0.000387    34.4656    34.4710     3.9841    27.4940    27.4984    173.169  326.63106  327.64140    34.4659    27.4942    1474.27    1474.27     2.5996  1031.4698    34.6312 0.0000e+00
      34379 290.663651  -39.97786  -54.99520     -0.498    1470.62    854.000    845.717     2.6561     2.6553    -0.0007     2.6014     2.6007    -0.0008   3.130400   3.130776   0.000379    34.4650    34.4705     3.9828    27.4934    27.4978    173.112  326.61902  327.62906    34.4653    27.4936    1474.26    1474.26     2.6014  1031.4645    34.6306 0.0000e+00
      34411 290.663666  -39.97786  -54.99520     -0.677    1470.62    853.000    844.729     2.6576     2.6570    -0.0006     2.6031     2.6025    -0.0006   3.130463   3.130842   0.000379    34.4645    34.4698     3.9861    27.4929    27.4971    173.256  326.60745  327.61722    34.4649    27.4932    1474.25    1474.25     2.6030  1031.4594    34.6302 0.0000e+00
      34433 290.663677  -39.97786  -54.99520     -0.936    1470.62    852.000    843.741     2.6597     2.6606     0.0009     2.6052     2.6060     0.0009   3.130529   3.131001   0.000469    34.4638    34.4685     3.9910    27.4921    27.4958    173.471  326.59280  327.60222    34.4641    27.4923    1474.24    1474.25     2.6051  1031.4540    34.6294 0.0000e+00
      34453 290.663686  -39.97786  -54.99520     -1.131    1470.62    851.000    842.752     2.6609     2.6620     0.0010     2.6065     2.6075     0.0010   3.130545   3.131023   0.000475    34.4632    34.4678     3.9909    27.4915    27.4952    173.467  326.58419  327.59339    34.4635    27.4917    1474.23    1474.24     2.6064  1031.4487    34.6288 0.0000e+00
