Pos-Processados/process_op38/operantar38_020.ros
* Sea-Bird SBE 9 Data File:
* FileName = D:\OPERANTAR_XXXVIII\DADOS\OP38_020.hdr
* Software Version Seasave V 7.18c
* Temperature SN = 4808
* Conductivity SN = 3380
* Number of Bytes Per Scan = 34
* Number of Voltage Words = 3
* Number of Scans Averaged by the Deck Unit = 1
* NMEA Latitude = 62 13.02 S
* NMEA Longitude = 058 20.27 W
* NMEA UTC (Time) = Nov 22 2019 12:22:40
** H41
** NAVIO POLAR ALMIRANTE MAXIMIANO
** CRUZEIRO:
** OPERANTAR XXXVIII
** ESTAÇÃO: OP38_020
** LAT 62 13,00'S
** LONG 058 20,28'W
** 09P73767-1155_A
** PROFUNDIDADE: 497
** DATA/HORA: 221223Z/NOV/2019
** OPERADOR: SO-HN CHAVES
# nquan = 26
# nvalues = 1034                                  
# units = specified
# name 0 = scan: Scan Count
# name 1 = timeJ: Julian Days
# name 2 = latitude: Latitude [deg]
# name 3 = longitude: Longitude [deg]
# name 4 = dz/dtM: Descent Rate [m/s]
# name 5 = avgsvCM: Average Sound Velocity [Chen-Millero, m/s]
# name 6 = prDM: Pressure, Digiquartz [db]
# name 7 = depSM: Depth [salt water, m]
# name 8 = t090C: Temperature [ITS-90, deg C]
# name 9 = t190C: Temperature, 2 [ITS-90, deg C]
# name 10 = T2-T190C: Temperature Difference, 2 - 1 [ITS-90, deg C]
# name 11 = potemp090C: Potential Temperature [ITS-90, deg C]
# name 12 = potemp190C: Potential Temperature, 2 [ITS-90, deg C]
# name 13 = potemp90Cdiff: Potential Temperature, Diff, 2 - 1 [ITS-90, deg C]
# name 14 = c0S/m: Conductivity [S/m]
# name 15 = c1S/m: Conductivity, 2 [S/m]
# name 16 = C2-C1S/m: Conductivity Difference, 2 - 1 [S/m]
# name 17 = sal00: Salinity, Practical [PSU]
# name 18 = sal11: Salinity, Practical, 2 [PSU]
# name 19 = sbeox0ML/L: Oxygen, SBE 43 [ml/l]
# name 20 = sbeox1ML/L: Oxygen, SBE 43, 2 [ml/l]
# name 21 = sbeox0ML/Ldiff: Oxygen, SBE 43, Diff, 2 - 1 [ml/l]
# name 22 = sigma-é00: Density [sigma-theta, kg/m^3]
# name 23 = sigma-é11: Density, 2 [sigma-theta, kg/m^3]
# name 24 = nbf: Bottles Fired
# name 25 = flag:  0.000e+00
# interval = seconds: 0.0416667
# start_time = Nov 22 2019 12:22:40 [NMEA time, header]
# bad_flag = -9.990e-29
*END*
[from data line 1004]
      39441 326.534761  -62.21706  -58.33796      0.024    1449.76      2.940      2.912    -0.4105    -0.4005     0.0100    -0.4106    -0.4006     0.0100   2.806802   2.808324   0.001523    34.1706    34.1798     7.6218     5.9225    -1.6993    27.4566    27.4636          6  0.000e+00
      39442 326.534761  -62.21706  -58.33796      0.031    1449.76      2.988      2.959    -0.4107    -0.4006     0.0100    -0.4108    -0.4007     0.0100   2.806766   2.808342   0.001576    34.1703    34.1801     7.6219     5.9230    -1.6989    27.4563    27.4639          6  0.000e+00
      39443 326.534762  -62.21706  -58.33796      0.035    1449.76      2.940      2.912    -0.4111    -0.4010     0.0101    -0.4112    -0.4011     0.0101   2.806772   2.808371   0.001599    34.1709    34.1809     7.6220     5.9234    -1.6986    27.4569    27.4645          6  0.000e+00
      39444 326.534762  -62.21706  -58.33796      0.034    1449.76      2.906      2.878    -0.4112    -0.4012     0.0101    -0.4113    -0.4013     0.0101   2.806760   2.808359   0.001599    34.1709    34.1810     7.6220     5.9235    -1.6985    27.4569    27.4646          6  0.000e+00
      39445 326.534763  -62.21706  -58.33796      0.047    1449.76      3.091      3.061    -0.4114    -0.4009     0.0105    -0.4115    -0.4010     0.0105   2.806748   2.808342   0.001594    34.1708    34.1804     7.6223     5.9236    -1.6987    27.4568    27.4641          6  0.000e+00
      39446 326.534763  -62.21706  -58.33796      0.050    1449.76      2.988      2.959    -0.4114    -0.4015     0.0099    -0.4115    -0.4016     0.0099   2.806754   2.808371   0.001617    34.1709    34.1815     7.6222     5.9291    -1.6931    27.4569    27.4650          6  0.000e+00
      39447 326.534764  -62.21706  -58.33796      0.053    1449.76      2.988      2.959    -0.4110    -0.4009     0.0102    -0.4111    -0.4009     0.0102   2.806778   2.808382   0.001605    34.1708    34.1809     7.6221     5.9297    -1.6925    27.4568    27.4645          6  0.000e+00
      39448 326.534764  -62.21706  -58.33796      0.059    1449.76      2.988      2.959    -0.4100    -0.4008     0.0092    -0.4101    -0.4009     0.0092   2.806778   2.808347   0.001570    34.1697    34.1804     7.6220     5.9301    -1.6919    27.4559    27.4641          6  0.000e+00
      39449 326.534765  -62.21706  -58.33796      0.061    1449.76      2.988      2.959    -0.4107    -0.4010     0.0097    -0.4108    -0.4011     0.0097   2.806742   2.808330   0.001589    34.1699    34.1804     7.6229     5.9303    -1.6926    27.4561    27.4641          6  0.000e+00
      39450 326.534765  -62.21706  -58.33796      0.063    1449.76      2.988      2.959    -0.4108    -0.4015     0.0093    -0.4109    -0.4016     0.0093   2.806742   2.808347   0.001606    34.1701    34.1811     7.6230     5.9315    -1.6915    27.4562    27.4647          6  0.000e+00
      39451 326.534766  -62.21706  -58.33796      0.072    1449.76      3.043      3.014    -0.4110    -0.4015     0.0095    -0.4111    -0.4016     0.0095   2.806754   2.808342   0.001588    34.1704    34.1810     7.6232     5.9313    -1.6919    27.4565    27.4646          6  0.000e+00
      39452 326.534766  -62.21706  -58.33796      0.071    1449.76      2.988      2.959    -0.4108    -0.4009     0.0099    -0.4109    -0.4010     0.0099   2.806772   2.808330   0.001559    34.1705    34.1803     7.6231     5.9307    -1.6924    27.4566    27.4640          6  0.000e+00
      39453 326.534767  -62.21706  -58.33796      0.076    1449.76      3.043      3.014    -0.4110    -0.4015     0.0095    -0.4111    -0.4016     0.0095   2.806778   2.808365   0.001587    34.1707    34.1813     7.6233     5.9301    -1.6932    27.4567    27.4649          6  0.000e+00
      39454 326.534767  -62.21706  -58.33796      0.077    1449.76      2.988      2.959    -0.4110    -0.4010     0.0100    -0.4111    -0.4011     0.0100   2.806778   2.808330   0.001553    34.1708    34.1804     7.6233     5.9303    -1.6930    27.4568    27.4641          6  0.000e+00
      39455 326.534768  -62.21706  -58.33796      0.081    1449.76      3.043      3.014    -0.4112    -0.4017     0.0095    -0.4113    -0.4018     0.0095   2.806760   2.808324   0.001565    34.1708    34.1811     7.6235     5.9351    -1.6884    27.4568    27.4647          6  0.000e+00
      39456 326.534768  -62.21706  -58.33796      0.082    1449.76      2.988      2.959    -0.4114    -0.4015     0.0099    -0.4115    -0.4016     0.0099   2.806772   2.808330   0.001559    34.1712    34.1809     7.6235     5.9301    -1.6934    27.4571    27.4645          6  0.000e+00
      39457 326.534769  -62.21706  -58.33796      0.085    1449.76      3.043      3.014    -0.4112    -0.4015     0.0097    -0.4113    -0.4016     0.0097   2.806802   2.808319   0.001517    34.1713    34.1807     7.6235     5.9355    -1.6880    27.4572    27.4644          6  0.000e+00
      39458 326.534769  -62.21706  -58.33796      0.088    1449.76      3.043      3.014    -0.4111    -0.4018     0.0093    -0.4112    -0.4019     0.0093   2.806850   2.808324   0.001475    34.1719    34.1811     7.6236     5.9360    -1.6876    27.4577    27.4647          6  0.000e+00
      39459 326.534769  -62.21706  -58.33796      0.087    1449.76      2.988      2.959    -0.4111    -0.4019     0.0093    -0.4112    -0.4020     0.0093   2.806874   2.808347   0.001474    34.1722    34.1816     7.6236     5.9362    -1.6874    27.4580    27.4651          6  0.000e+00
      39460 326.534770  -62.21706  -58.33796      0.087    1449.76      3.043      3.014    -0.4110    -0.4015     0.0095    -0.4111    -0.4016     0.0095   2.806928   2.808342   0.001414    34.1727    34.1810     7.6236     5.9362    -1.6874    27.4584    27.4646          6  0.000e+00
      39461 326.534770  -62.21706  -58.33796      0.088    1449.76      3.043      3.014    -0.4111    -0.4016     0.0095    -0.4112    -0.4017     0.0095   2.806994   2.808307   0.001313    34.1738    34.1807     7.6229     5.9360    -1.6869    27.4592    27.4644          6  0.000e+00
      39462 326.534771  -62.21706  -58.33796      0.087    1449.76      2.988      2.959    -0.4090    -0.4017     0.0073    -0.4091    -0.4018     0.0073   2.807078   2.808359   0.001281    34.1726    34.1816     7.6224     5.9355    -1.6869    27.4581    27.4651          6  0.000e+00
      39463 326.534771  -62.21706  -58.33796      0.088    1449.76      3.043      3.014    -0.4065    -0.4016     0.0048    -0.4065    -0.4017     0.0048   2.807234   2.808319   0.001085    34.1718    34.1809     7.6220     5.9360    -1.6860    27.4574    27.4645          6  0.000e+00
      39464 326.534772  -62.21706  -58.33796      0.089    1449.76      3.043      3.014    -0.4052    -0.4016     0.0036    -0.4053    -0.4017     0.0036   2.807246   2.808272   0.001026    34.1706    34.1803     7.6218     5.9351    -1.6867    27.4563    27.4640          6  0.000e+00
      39465 326.534772  -62.21706  -58.33796      0.086    1449.76      3.043      3.014    -0.4062    -0.4019     0.0043    -0.4063    -0.4020     0.0043   2.807126   2.808313   0.001187    34.1700    34.1811     7.6221     5.9352    -1.6869    27.4559    27.4647          6  0.000e+00
      39466 326.534773  -62.21706  -58.33796      0.084    1449.76      3.009      2.980    -0.4073    -0.4013     0.0060    -0.4074    -0.4014     0.0060   2.807060   2.808330   0.001270    34.1704    34.1807     7.6223     5.9349    -1.6874    27.4563    27.4644          6  0.000e+00
      39467 326.534773  -62.21706  -58.33796      0.083    1449.76      3.043      3.014    -0.4084    -0.4016     0.0067    -0.4085    -0.4017     0.0067   2.807042   2.808296   0.001254    34.1713    34.1806     7.6225     5.9347    -1.6879    27.4571    27.4643          6  0.000e+00
      39468 326.534774  -62.21706  -58.33796      0.083    1449.76      2.988      2.959    -0.4088    -0.4021     0.0067    -0.4089    -0.4022     0.0067   2.807006   2.808319   0.001313    34.1713    34.1815     7.6226     5.9342    -1.6884    27.4571    27.4650          6  0.000e+00
      39469 326.534774  -62.21706  -58.33796      0.079    1449.76      3.043      3.014    -0.4094    -0.4016     0.0078    -0.4095    -0.4017     0.0078   2.806958   2.808348   0.001390    34.1714    34.1812     7.6228     5.9392    -1.6836    27.4572    27.4648          6  0.000e+00
      39470 326.534775  -62.21706  -58.33796      0.074    1449.76      2.988      2.959    -0.4094    -0.4016     0.0078    -0.4095    -0.4017     0.0078   2.806934   2.808284   0.001350    34.1711    34.1804     7.6177     5.9394    -1.6783    27.4570    27.4642          6  0.000e+00
