Pos-Processados/process_op38/operantar38_015b.ros
* Sea-Bird SBE 9 Data File:
* FileName = D:\OPERANTAR_XXXVIII\DADOS\OP38_015b.hdr
* Software Version Seasave V 7.18c
* Temperature SN = 4808
* Conductivity SN = 3380
* Number of Bytes Per Scan = 34
* Number of Voltage Words = 3
* Number of Scans Averaged by the Deck Unit = 1
* NMEA Latitude = 62 18.48 S
* NMEA Longitude = 058 32.77 W
* NMEA UTC (Time) = Nov 05 2019 09:48:22
** H41
** NAVIO POLAR ALMIRANTE MAXIMIANO
** CRUZEIRO:
** OPERANTAR XXXVIII
** ESTAÇÃO: OP38_015b
** LAT 62 18,48' S
** LONG 058 32,80' W
** 09P73767-1155_A
** PROFUNDIDADE: 353
** DATA/HORA: 050949Z/NOV/2019
** OPERADOR: SO-HN CHAVES
# nquan = 24
# nvalues = 1844                                  
# units = specified
# name 0 = scan: Scan Count
# name 1 = timeJ: Julian Days
# name 2 = latitude: Latitude [deg]
# name 3 = longitude: Longitude [deg]
# name 4 = dz/dtM: Descent Rate [m/s]
# name 5 = avgsvCM: Average Sound Velocity [Chen-Millero, m/s]
# name 6 = prDM: Pressure, Digiquartz [db]
# name 7 = depSM: Depth [salt water, m]
# name 8 = t090C: Temperature [ITS-90, deg C]
# name 9 = t190C: Temperature, 2 [ITS-90, deg C]
# name 10 = T2-T190C: Temperature Difference, 2 - 1 [ITS-90, deg C]
# name 11 = potemp090C: Potential Temperature [ITS-90, deg C]
# name 12 = potemp190C: Potential Temperature, 2 [ITS-90, deg C]
# name 13 = potemp90Cdiff: Potential Temperature, Diff, 2 - 1 [ITS-90, deg C]
# name 14 = c0S/m: Conductivity [S/m]
# name 15 = c1S/m: Conductivity, 2 [S/m]
# name 16 = C2-C1S/m: Conductivity Difference, 2 - 1 [S/m]
# name 17 = sal00: Salinity, Practical [PSU]
# name 18 = sal11: Salinity, Practical, 2 [PSU]
# name 19 = sbeox0ML/L: Oxygen, SBE 43 [ml/l]
# name 20 = sigma-é00: Density [sigma-theta, kg/m^3]
# name 21 = sigma-é11: Density, 2 [sigma-theta, kg/m^3]
# name 22 = nbf: Bottles Fired
# name 23 = flag:  0.000e+00
# interval = seconds: 0.0416667
# start_time = Nov 05 2019 09:48:22 [NMEA time, header]
# bad_flag = -9.990e-29
*END*
[from data line 1148]
       5277 309.411132  -62.30810  -58.54616     -0.034       0.00     17.890     17.717    -0.7990    -0.8002    -0.0012    -0.7995    -0.8007    -0.0012   2.773593   2.773911   0.000318    34.1521    34.1577     7.6674    27.4584    27.4630          8  0.000e+00
       5278 309.411133  -62.30810  -58.54616     -0.033       0.00     17.890     17.717    -0.7992    -0.8000    -0.0008    -0.7997    -0.8005    -0.0008   2.773581   2.773911   0.000330    34.1522    34.1575     7.6676    27.4584    27.4628          8  0.000e+00
       5279 309.411133  -62.30810  -58.54616     -0.034       0.00     17.911     17.738    -0.7991    -0.7995    -0.0004    -0.7996    -0.8000    -0.0004   2.773569   2.773940   0.000371    34.1519    34.1574     7.6678    27.4582    27.4627          8  0.000e+00
       5280 309.411134  -62.30810  -58.54616     -0.028       0.00     17.938     17.765    -0.7993    -0.8002    -0.0009    -0.7998    -0.8007    -0.0009   2.773587   2.773917   0.000330    34.1523    34.1578     7.6680    27.4586    27.4630          8  0.000e+00
       5281 309.411134  -62.30810  -58.54616     -0.030       0.00     17.890     17.717    -0.7991    -0.7997    -0.0006    -0.7996    -0.8002    -0.0006   2.773581   2.773928   0.000347    34.1521    34.1574     7.6629    27.4584    27.4627          8  0.000e+00
       5282 309.411135  -62.30810  -58.54616     -0.026       0.00     17.938     17.765    -0.7995    -0.8002    -0.0006    -0.8000    -0.8007    -0.0006   2.773569   2.773905   0.000336    34.1524    34.1576     7.6625    27.4586    27.4629          8  0.000e+00
       5283 309.411135  -62.30810  -58.54616     -0.026       0.00     17.911     17.738    -0.7993    -0.7998    -0.0005    -0.7998    -0.8003    -0.0005   2.773587   2.773923   0.000335    34.1524    34.1575     7.6618    27.4586    27.4628          8  0.000e+00
       5284 309.411136  -62.30810  -58.54616     -0.026       0.00     17.890     17.717    -0.7996    -0.7998    -0.0003    -0.8001    -0.8003    -0.0003   2.773599   2.773974   0.000375    34.1529    34.1582     7.6673    27.4590    27.4634          8  0.000e+00
       5285 309.411136  -62.30810  -58.54616     -0.028       0.00     17.890     17.717    -0.7994    -0.7997    -0.0003    -0.7998    -0.8002    -0.0003   2.773575   2.773957   0.000382    34.1523    34.1578     7.6624    27.4585    27.4630          8  0.000e+00
       5286 309.411137  -62.30810  -58.54616     -0.023       0.00     17.938     17.765    -0.7995    -0.7998    -0.0004    -0.8000    -0.8003    -0.0004   2.773545   2.773934   0.000389    34.1520    34.1577     7.6620    27.4583    27.4629          8  0.000e+00
       5287 309.411137  -62.30810  -58.54616     -0.021       0.00     17.910     17.738    -0.7995    -0.8005    -0.0010    -0.8000    -0.8010    -0.0010   2.773569   2.773917   0.000348    34.1523    34.1582     7.6616    27.4586    27.4633          8  0.000e+00
       5288 309.411138  -62.30810  -58.54616     -0.022       0.00     17.890     17.717    -0.7994    -0.8002    -0.0008    -0.7998    -0.8007    -0.0008   2.773587   2.773963   0.000376    34.1524    34.1584     7.6663    27.4587    27.4636          8  0.000e+00
       5289 309.411138  -62.30810  -58.54616     -0.020       0.00     17.938     17.765    -0.7993    -0.7998    -0.0005    -0.7998    -0.8003    -0.0005   2.773581   2.773946   0.000364    34.1523    34.1578     7.6668    27.4585    27.4630          8  0.000e+00
       5290 309.411139  -62.30810  -58.54616     -0.020       0.00     17.842     17.670    -0.7993    -0.8000    -0.0007    -0.7998    -0.8005    -0.0007   2.773605   2.773928   0.000323    34.1526    34.1578     7.6662    27.4588    27.4630          8  0.000e+00
       5291 309.411139  -62.30810  -58.54616     -0.019       0.00     17.958     17.785    -0.7995    -0.8003    -0.0008    -0.8000    -0.8008    -0.0008   2.773557   2.773928   0.000371    34.1521    34.1581     7.6668    27.4584    27.4633          8  0.000e+00
       5292 309.411140  -62.30810  -58.54616     -0.016       0.00     17.938     17.765    -0.7992    -0.8003    -0.0011    -0.7997    -0.8008    -0.0011   2.773587   2.773917   0.000330    34.1522    34.1579     7.6670    27.4585    27.4632          8  0.000e+00
       5293 309.411140  -62.30810  -58.54616     -0.017       0.00     17.890     17.717    -0.7995    -0.8005    -0.0010    -0.8000    -0.8010    -0.0010   2.773575   2.773963   0.000388    34.1524    34.1588     7.6674    27.4586    27.4639          8  0.000e+00
       5294 309.411141  -62.30810  -58.54616     -0.013       0.00     17.910     17.738    -0.7993    -0.8002    -0.0009    -0.7998    -0.8007    -0.0009   2.773587   2.773928   0.000341    34.1524    34.1580     7.6625    27.4586    27.4632          8  0.000e+00
       5295 309.411141  -62.30810  -58.54616     -0.012       0.00     17.938     17.765    -0.7992    -0.8000    -0.0008    -0.7997    -0.8005    -0.0008   2.773581   2.773928   0.000347    34.1521    34.1578     7.6673    27.4584    27.4630          8  0.000e+00
       5296 309.411141  -62.30810  -58.54616     -0.010       0.00     17.938     17.765    -0.7993    -0.7998    -0.0005    -0.7998    -0.8003    -0.0005   2.773587   2.773928   0.000341    34.1523    34.1576     7.6626    27.4586    27.4629          8  0.000e+00
       5297 309.411142  -62.30810  -58.54616     -0.010       0.00     17.890     17.717    -0.7993    -0.8002    -0.0009    -0.7998    -0.8007    -0.0009   2.773593   2.773951   0.000358    34.1524    34.1583     7.6622    27.4587    27.4634          8  0.000e+00
       5298 309.411142  -62.30810  -58.54616     -0.012       0.00     17.958     17.785    -0.7990    -0.8000    -0.0010    -0.7995    -0.8005    -0.0010   2.773599   2.773940   0.000341    34.1522    34.1579     7.6618    27.4584    27.4631          8  0.000e+00
       5299 309.411143  -62.30810  -58.54616     -0.008       0.00     17.890     17.717    -0.7991    -0.8000    -0.0009    -0.7996    -0.8005    -0.0009   2.773635   2.773928   0.000293    34.1528    34.1578     7.6667    27.4589    27.4630          8  0.000e+00
       5300 309.411143  -62.30810  -58.54616     -0.002       0.00     17.938     17.765    -0.7991    -0.7998    -0.0007    -0.7996    -0.8003    -0.0007   2.773611   2.773911   0.000300    34.1525    34.1574     7.6672    27.4587    27.4627          8  0.000e+00
       5301 309.411144  -62.30810  -58.54616     -0.002       0.00     17.938     17.765    -0.7993    -0.7998    -0.0005    -0.7998    -0.8003    -0.0005   2.773635   2.773928   0.000293    34.1530    34.1576     7.6677    27.4591    27.4629          8  0.000e+00
       5302 309.411144  -62.30810  -58.54616      0.000       0.00     17.910     17.738    -0.7992    -0.8002    -0.0010    -0.7997    -0.8007    -0.0010   2.773623   2.773969   0.000346    34.1527    34.1585     7.6682    27.4589    27.4636          8  0.000e+00
       5303 309.411145  -62.30810  -58.54616      0.000       0.00     17.890     17.717    -0.7988    -0.7998    -0.0010    -0.7993    -0.8003    -0.0010   2.773629   2.773946   0.000317    34.1524    34.1579     7.6634    27.4586    27.4631          8  0.000e+00
       5304 309.411145  -62.30810  -58.54616      0.000       0.00     17.938     17.765    -0.7987    -0.8000    -0.0013    -0.7992    -0.8005    -0.0013   2.773641   2.773951   0.000310    34.1523    34.1581     7.6631    27.4586    27.4632          8  0.000e+00
       5305 309.411146  -62.30810  -58.54616      0.001       0.00     17.910     17.738    -0.7987    -0.8000    -0.0013    -0.7992    -0.8005    -0.0013   2.773623   2.773934   0.000311    34.1521    34.1578     7.6681    27.4584    27.4631          8  0.000e+00
       5306 309.411146  -62.30810  -58.54616      0.002       0.00     17.938     17.765    -0.7986    -0.8000    -0.0014    -0.7991    -0.8005    -0.0014   2.773647   2.773928   0.000281    34.1524    34.1578     7.6686    27.4586    27.4630          8  0.000e+00
       5307 309.411147  -62.30810  -58.54616      0.005       0.00     17.938     17.765    -0.7984    -0.8000    -0.0016    -0.7989    -0.8005    -0.0016   2.773647   2.773917   0.000270    34.1521    34.1576     7.6640    27.4583    27.4629          8  0.000e+00
       5308 309.411147  -62.30810  -58.54616      0.008       0.00     17.938     17.765    -0.7987    -0.7995    -0.0009    -0.7992    -0.8000    -0.0009   2.773647   2.773963   0.000316    34.1524    34.1577     7.6638    27.4586    27.4629          8  0.000e+00
       5309 309.411148  -62.30810  -58.54616      0.006       0.00     17.910     17.738    -0.7987    -0.7997    -0.0010    -0.7992    -0.8002    -0.0010   2.773653   2.773986   0.000333    34.1526    34.1582     7.6636    27.4588    27.4633          8  0.000e+00
       5310 309.411148  -62.30810  -58.54616      0.004       0.00     17.890     17.717    -0.7988    -0.8000    -0.0012    -0.7993    -0.8005    -0.0012   2.773605   2.773992   0.000386    34.1521    34.1586     7.6687    27.4584    27.4637          8  0.000e+00
       5311 309.411149  -62.30810  -58.54616      0.010       0.00     17.993     17.819    -0.7987    -0.7998    -0.0012    -0.7992    -0.8003    -0.0012   2.773611   2.773980   0.000369    34.1519    34.1583     7.6694    27.4582    27.4634          8  0.000e+00
       5312 309.411149  -62.30810  -58.54616      0.007       0.00     17.890     17.717    -0.7990    -0.7992    -0.0002    -0.7995    -0.7997    -0.0002   2.773629   2.773986   0.000357    34.1526    34.1577     7.6700    27.4588    27.4629          8  0.000e+00
       5313 309.411150  -62.30810  -58.54616      0.009       0.00     17.910     17.738    -0.7987    -0.7992    -0.0005    -0.7992    -0.7997    -0.0005   2.773617   2.773969   0.000352    34.1521    34.1574     7.6698    27.4584    27.4627          8  0.000e+00
       5314 309.411150  -62.30810  -58.54616      0.012       0.00     17.993     17.819    -0.7987    -0.7997    -0.0010    -0.7992    -0.8002    -0.0010   2.773629   2.773974   0.000345    34.1521    34.1580     7.6705    27.4584    27.4632          8  0.000e+00
       5315 309.411151  -62.30810  -58.54616      0.012       0.00     17.890     17.717    -0.7988    -0.7992    -0.0004    -0.7993    -0.7997    -0.0004   2.773617   2.773986   0.000369    34.1522    34.1577     7.6711    27.4585    27.4629          8  0.000e+00
       5316 309.411151  -62.30810  -58.54616      0.012       0.00     17.938     17.765    -0.7986    -0.7994    -0.0008    -0.7991    -0.7999    -0.0008   2.773617   2.773946   0.000329    34.1520    34.1573     7.6717    27.4582    27.4626          8  0.000e+00
       5317 309.411152  -62.30810  -58.54616      0.014       0.00     17.958     17.785    -0.7987    -0.7995    -0.0009    -0.7992    -0.8000    -0.0009   2.773629   2.773969   0.000340    34.1522    34.1578     7.6723    27.4584    27.4630          8  0.000e+00
       5318 309.411152  -62.30810  -58.54616      0.016       0.00     17.938     17.765    -0.7987    -0.8002    -0.0015    -0.7992    -0.8007    -0.0015   2.773617   2.773986   0.000369    34.1520    34.1587     7.6721    27.4583    27.4638          8  0.000e+00
       5319 309.411153  -62.30810  -58.54616      0.016       0.00     17.938     17.765    -0.7991    -0.7997    -0.0006    -0.7996    -0.8002    -0.0006   2.773617   2.773992   0.000374    34.1525    34.1583     7.6720    27.4587    27.4634          8  0.000e+00
       5320 309.411153  -62.30810  -58.54616      0.013       0.00     17.910     17.738    -0.7989    -0.7995    -0.0006    -0.7994    -0.8000    -0.0006   2.773605   2.773980   0.000375    34.1521    34.1580     7.6717    27.4584    27.4631          8  0.000e+00
       5321 309.411154  -62.30810  -58.54616      0.014       0.00     17.938     17.765    -0.7988    -0.7994    -0.0005    -0.7993    -0.7999    -0.0005   2.773593   2.773963   0.000370    34.1519    34.1575     7.6722    27.4582    27.4628          8  0.000e+00
       5322 309.411154  -62.30810  -58.54616      0.016       0.00     17.938     17.765    -0.7990    -0.7994    -0.0004    -0.7995    -0.7999    -0.0004   2.773611   2.773980   0.000369    34.1523    34.1577     7.6727    27.4586    27.4630          8  0.000e+00
       5323 309.411155  -62.30810  -58.54616      0.018       0.00     17.938     17.765    -0.7986    -0.7997    -0.0011    -0.7991    -0.8002    -0.0011   2.773605   2.774020   0.000415    34.1518    34.1586     7.6732    27.4581    27.4637          8  0.000e+00
       5324 309.411155  -62.30810  -58.54616      0.018       0.00     17.958     17.785    -0.7990    -0.7994    -0.0004    -0.7995    -0.7999    -0.0004   2.773611   2.773980   0.000369    34.1523    34.1577     7.6730    27.4586    27.4630          8  0.000e+00
       5325 309.411155  -62.30810  -58.54616      0.019       0.00     17.938     17.765    -0.7988    -0.7995    -0.0007    -0.7993    -0.8000    -0.0007   2.773617   2.774020   0.000403    34.1522    34.1585     7.6734    27.4585    27.4636          8  0.000e+00
       5326 309.411156  -62.30810  -58.54616      0.018       0.00     17.938     17.765    -0.7992    -0.7998    -0.0007    -0.7997    -0.8003    -0.0007   2.773605   2.773992   0.000386    34.1524    34.1584     7.6740    27.4587    27.4636          8  0.000e+00
       5327 309.411156  -62.30810  -58.54616      0.014       0.00     17.890     17.717    -0.7991    -0.7995    -0.0004    -0.7996    -0.8000    -0.0004   2.773575   2.773986   0.000411    34.1520    34.1580     7.6744    27.4583    27.4632          8  0.000e+00
       5328 309.411157  -62.30810  -58.54616      0.015       0.00     17.958     17.785    -0.7991    -0.7991     0.0000    -0.7996    -0.7996     0.0000   2.773575   2.773997   0.000422    34.1520    34.1576     7.6750    27.4583    27.4629          8  0.000e+00
       5329 309.411157  -62.30810  -58.54616      0.017       0.00     17.938     17.765    -0.7993    -0.7994    -0.0001    -0.7998    -0.7999    -0.0001   2.773569   2.773992   0.000422    34.1521    34.1579     7.6755    27.4584    27.4631          8  0.000e+00
       5330 309.411158  -62.30810  -58.54616      0.015       0.00     17.938     17.765    -0.7991    -0.7997    -0.0006    -0.7996    -0.8002    -0.0006   2.773587   2.773969   0.000381    34.1521    34.1579     7.6699    27.4584    27.4631          8  0.000e+00
       5331 309.411158  -62.30810  -58.54616      0.018       0.00     17.958     17.785    -0.7991    -0.7994    -0.0002    -0.7996    -0.7999    -0.0002   2.773557   2.773992   0.000434    34.1517    34.1579     7.6689    27.4581    27.4631          8  0.000e+00
       5332 309.411159  -62.30810  -58.54616      0.015       0.00     17.890     17.717    -0.7995    -0.7997    -0.0002    -0.8000    -0.8002    -0.0002   2.773539   2.773934   0.000395    34.1519    34.1575     7.6678    27.4582    27.4628          8  0.000e+00
       5333 309.411159  -62.30810  -58.54616      0.014       0.00     17.938     17.765    -0.7994    -0.7992     0.0001    -0.7998    -0.7997     0.0001   2.773575   2.773986   0.000411    34.1522    34.1577     7.6727    27.4585    27.4629          8  0.000e+00
       5334 309.411160  -62.30810  -58.54616      0.015       0.00     17.993     17.819    -0.7996    -0.7992     0.0004    -0.8001    -0.7997     0.0004   2.773557   2.774026   0.000469    34.1522    34.1582     7.6725    27.4585    27.4633          8  0.000e+00
       5335 309.411160  -62.30810  -58.54616      0.015       0.00     17.910     17.738    -0.7996    -0.7995     0.0001    -0.8001    -0.8000     0.0001   2.773521   2.773957   0.000436    34.1518    34.1576     7.6720    27.4582    27.4629          8  0.000e+00
