Pos-Processados/process_op38/operantar38_012.ros
* Sea-Bird SBE 9 Data File:
* FileName = D:\OPERANTAR_XXXVIII\DADOS\OP38_012.hdr
* Software Version Seasave V 7.18c
* Temperature SN = 4808
* Conductivity SN = 3380
* Number of Bytes Per Scan = 31
* Number of Voltage Words = 2
* Number of Scans Averaged by the Deck Unit = 1
* NMEA Latitude = 43 26.50 S
* NMEA Longitude = 053 36.73 W
* NMEA UTC (Time) = Oct 20 2019 19:38:05
** H41
** NAVIO POLAR ALMIRANTE MAXIMIANO
** CRUZEIRO:
** OPERANTAR XXXVIII
** ESTAÇÃO: OP38_012
** LAT 43 26,49' S
** LONG 053 36,73'  W
** 09P73767-1155
** PROFUNDIDADE: 5647
** DATA/HORA: 201939Z/OUT/2019
** OPERADOR: SO-HN CHAVES
# nquan = 24
# nvalues = 2234                                  
# units = specified
# name 0 = scan: Scan Count
# name 1 = timeJ: Julian Days
# name 2 = latitude: Latitude [deg]
# name 3 = longitude: Longitude [deg]
# name 4 = dz/dtM: Descent Rate [m/s]
# name 5 = avgsvCM: Average Sound Velocity [Chen-Millero, m/s]
# name 6 = prDM: Pressure, Digiquartz [db]
# name 7 = depSM: Depth [salt water, m]
# name 8 = t090C: Temperature [ITS-90, deg C]
# name 9 = t190C: Temperature, 2 [ITS-90, deg C]
# name 10 = T2-T190C: Temperature Difference, 2 - 1 [ITS-90, deg C]
# name 11 = potemp090C: Potential Temperature [ITS-90, deg C]
# name 12 = potemp190C: Potential Temperature, 2 [ITS-90, deg C]
# name 13 = potemp90Cdiff: Potential Temperature, Diff, 2 - 1 [ITS-90, deg C]
# name 14 = c0S/m: Conductivity [S/m]
# name 15 = c1S/m: Conductivity, 2 [S/m]
# name 16 = C2-C1S/m: Conductivity Difference, 2 - 1 [S/m]
# name 17 = sal00: Salinity, Practical [PSU]
# name 18 = sal11: Salinity, Practical, 2 [PSU]
# name 19 = sbeox0ML/L: Oxygen, SBE 43 [ml/l]
# name 20 = sigma-é00: Density [sigma-theta, kg/m^3]
# name 21 = sigma-é11: Density, 2 [sigma-theta, kg/m^3]
# name 22 = nbf: Bottles Fired
# name 23 = flag:  0.000e+00
# interval = seconds: 0.0416667
# start_time = Oct 20 2019 19:38:05 [NMEA time, header]
# bad_flag = -9.990e-29
*END*
[from data line 2114]
      62992 293.848491  -43.44174  -53.61228     -0.013    1476.15     15.063     14.942     9.4326     9.4328     0.0003     9.4309     9.4312     0.0003   3.673371   3.674012   0.000641    34.1430    34.1493     6.7100    26.3775    26.3824         12  0.000e+00
      62993 293.848492  -43.44174  -53.61228     -0.015    1476.15     15.049     14.929     9.4329     9.4326    -0.0003     9.4313     9.4310    -0.0003   3.673385   3.674025   0.000640    34.1428    34.1497     6.7134    26.3773    26.3827         12  0.000e+00
      62994 293.848492  -43.44174  -53.61228     -0.014    1476.15     15.049     14.929     9.4324     9.4320    -0.0004     9.4308     9.4303    -0.0004   3.673431   3.674018   0.000587    34.1437    34.1502     6.7139    26.3781    26.3833         12  0.000e+00
      62995 293.848492  -43.44174  -53.61228     -0.017    1476.15     15.015     14.895     9.4329     9.4325    -0.0004     9.4313     9.4309    -0.0004   3.673491   3.673980   0.000489    34.1439    34.1494     6.7139    26.3782    26.3825         12  0.000e+00
      62996 293.848493  -43.44174  -53.61228     -0.019    1476.15     15.049     14.929     9.4334     9.4323    -0.0011     9.4318     9.4307    -0.0011   3.673571   3.673967   0.000396    34.1442    34.1494     6.7101    26.3783    26.3826         12  0.000e+00
      62997 293.848493  -43.44174  -53.61228     -0.016    1476.15     15.049     14.929     9.4337     9.4323    -0.0014     9.4320     9.4307    -0.0014   3.673551   3.673929   0.000378    34.1438    34.1490     6.7138    26.3780    26.3822         12  0.000e+00
      62998 293.848494  -43.44174  -53.61228     -0.020    1476.15     15.015     14.895     9.4337     9.4322    -0.0015     9.4321     9.4305    -0.0015   3.673518   3.673954   0.000437    34.1434    34.1494     6.7142    26.3777    26.3826         12  0.000e+00
      62999 293.848494  -43.44174  -53.61228     -0.019    1476.15     15.049     14.929     9.4337     9.4321    -0.0016     9.4321     9.4305    -0.0016   3.673464   3.673929   0.000464    34.1429    34.1492     6.7146    26.3772    26.3824         12  0.000e+00
      63000 293.848495  -43.44174  -53.61228     -0.022    1476.15     14.995     14.875     9.4336     9.4321    -0.0014     9.4319     9.4305    -0.0014   3.673491   3.673929   0.000438    34.1433    34.1492     6.7145    26.3776    26.3824         12  0.000e+00
      63001 293.848495  -43.44174  -53.61228     -0.017    1476.15     15.063     14.943     9.4334     9.4315    -0.0019     9.4318     9.4299    -0.0019   3.673511   3.673897   0.000386    34.1436    34.1494     6.7149    26.3779    26.3827         12  0.000e+00
      63002 293.848496  -43.44174  -53.61228     -0.024    1476.15     14.995     14.875     9.4338     9.4317    -0.0022     9.4322     9.4300    -0.0022   3.673544   3.673948   0.000404    34.1436    34.1499     6.7151    26.3778    26.3830         12  0.000e+00
      63003 293.848496  -43.44174  -53.61228     -0.027    1476.15     14.947     14.827     9.4337     9.4325    -0.0012     9.4321     9.4309    -0.0012   3.673498   3.674025   0.000527    34.1433    34.1499     6.7150    26.3775    26.3829         12  0.000e+00
      63004 293.848497  -43.44174  -53.61228     -0.027    1476.15     15.063     14.943     9.4334     9.4331    -0.0003     9.4318     9.4315    -0.0003   3.673478   3.674108   0.000630    34.1433    34.1501     6.7154    26.3776    26.3829         12  0.000e+00
      63005 293.848497  -43.44174  -53.61228     -0.028    1476.15     14.995     14.875     9.4334     9.4338     0.0004     9.4318     9.4321     0.0004   3.673498   3.674165   0.000668    34.1435    34.1501     6.7156    26.3778    26.3828         12  0.000e+00
      63006 293.848498  -43.44174  -53.61228     -0.030    1476.15     15.015     14.895     9.4334     9.4341     0.0007     9.4318     9.4325     0.0007   3.673438   3.674165   0.000728    34.1429    34.1497     6.7159    26.3773    26.3825         12  0.000e+00
      63007 293.848498  -43.44174  -53.61228     -0.036    1476.15     14.947     14.827     9.4330     9.4336     0.0007     9.4313     9.4320     0.0007   3.673418   3.674197   0.000780    34.1431    34.1506     6.7161    26.3776    26.3832         12  0.000e+00
      63008 293.848499  -43.44174  -53.61228     -0.035    1476.15     15.050     14.929     9.4324     9.4343     0.0019     9.4308     9.4326     0.0019   3.673365   3.674172   0.000807    34.1431    34.1496     6.7165    26.3776    26.3824         12  0.000e+00
      63009 293.848499  -43.44174  -53.61228     -0.038    1476.15     14.961     14.841     9.4326     9.4340     0.0014     9.4309     9.4324     0.0014   3.673351   3.674178   0.000827    34.1428    34.1500     6.7203    26.3774    26.3828         12  0.000e+00
      63010 293.848500  -43.44174  -53.61228     -0.040    1476.15     14.995     14.875     9.4326     9.4343     0.0017     9.4309     9.4326     0.0017   3.673398   3.674140   0.000742    34.1433    34.1493     6.7208    26.3777    26.3822         12  0.000e+00
      63011 293.848500  -43.44174  -53.61228     -0.045    1476.15     14.947     14.827     9.4329     9.4340     0.0010     9.4313     9.4323     0.0010   3.673484   3.674089   0.000604    34.1439    34.1491     6.7175    26.3781    26.3821         12  0.000e+00
      63012 293.848501  -43.44174  -53.61228     -0.043    1476.15     15.016     14.895     9.4337     9.4335    -0.0002     9.4320     9.4318    -0.0002   3.673584   3.674089   0.000504    34.1442    34.1495     6.7212    26.3782    26.3825         12  0.000e+00
      63013 293.848501  -43.44174  -53.61228     -0.049    1476.15     14.947     14.827     9.4342     9.4333    -0.0009     9.4326     9.4317    -0.0009   3.673711   3.674108   0.000397    34.1450    34.1500     6.7215    26.3788    26.3828         12  0.000e+00
      63014 293.848502  -43.44174  -53.61228     -0.056    1476.15     14.892     14.773     9.4352     9.4338    -0.0014     9.4336     9.4322    -0.0014   3.673791   3.674146   0.000356    34.1449    34.1499     6.7217    26.3786    26.3827         12  0.000e+00
      63015 293.848502  -43.44174  -53.61228     -0.053    1476.15     15.016     14.895     9.4360     9.4337    -0.0024     9.4344     9.4320    -0.0024   3.673851   3.674197   0.000347    34.1446    34.1505     6.7220    26.3782    26.3832         12  0.000e+00
      63016 293.848503  -43.44174  -53.61228     -0.055    1476.15     14.995     14.875     9.4362     9.4341    -0.0021     9.4345     9.4325    -0.0021   3.673817   3.674249   0.000431    34.1442    34.1506     6.7220    26.3778    26.3832         12  0.000e+00
      63017 293.848503  -43.44174  -53.61228     -0.057    1476.15     14.961     14.841     9.4358     9.4349    -0.0008     9.4341     9.4333    -0.0008   3.673751   3.674300   0.000549    34.1439    34.1504     6.7223    26.3777    26.3829         12  0.000e+00
      63018 293.848504  -43.44174  -53.61228     -0.061    1476.15     14.893     14.773     9.4353     9.4350    -0.0004     9.4337     9.4333    -0.0004   3.673697   3.674293   0.000596    34.1438    34.1503     6.7226    26.3777    26.3828         12  0.000e+00
      63019 293.848504  -43.44174  -53.61228     -0.057    1476.15     14.995     14.875     9.4353     9.4354     0.0001     9.4337     9.4338     0.0001   3.673724   3.674351   0.000627    34.1440    34.1504     6.7230    26.3778    26.3828         12  0.000e+00
      63020 293.848505  -43.44174  -53.61228     -0.066    1476.15     14.913     14.794     9.4353     9.4361     0.0007     9.4337     9.4344     0.0007   3.673691   3.674479   0.000788    34.1437    34.1512     6.7231    26.3776    26.3833         12  0.000e+00
      63021 293.848505  -43.44174  -53.61228     -0.063    1476.15     14.995     14.875     9.4352     9.4371     0.0019     9.4336     9.4355     0.0019   3.673651   3.674568   0.000918    34.1434    34.1510     6.7234    26.3774    26.3831         12  0.000e+00
      63022 293.848505  -43.44174  -53.61228     -0.068    1476.15     14.893     14.773     9.4345     9.4377     0.0032     9.4329     9.4361     0.0032   3.673591   3.674600   0.001009    34.1434    34.1508     6.7236    26.3775    26.3828         12  0.000e+00
      63023 293.848506  -43.44174  -53.61228     -0.072    1476.15     14.913     14.794     9.4348     9.4376     0.0028     9.4332     9.4359     0.0028   3.673598   3.674568   0.000971    34.1433    34.1506     6.7237    26.3773    26.3827         12  0.000e+00
      63024 293.848506  -43.44174  -53.61228     -0.071    1476.15     14.947     14.828     9.4342     9.4376     0.0034     9.4326     9.4360     0.0034   3.673571   3.674536   0.000965    34.1435    34.1503     6.7198    26.3777    26.3824         12  0.000e+00
      63025 293.848507  -43.44174  -53.61228     -0.078    1476.15     14.893     14.773     9.4342     9.4374     0.0032     9.4326     9.4358     0.0032   3.673598   3.674498   0.000900    34.1438    34.1501     6.7231    26.3779    26.3823         12  0.000e+00
      63026 293.848507  -43.44174  -53.61228     -0.078    1476.15     14.913     14.794     9.4344     9.4374     0.0030     9.4328     9.4358     0.0030   3.673611   3.674402   0.000791    34.1438    34.1491     6.7231    26.3778    26.3815         12  0.000e+00
      63027 293.848508  -43.44174  -53.61228     -0.082    1476.15     14.893     14.773     9.4344     9.4371     0.0027     9.4328     9.4355     0.0027   3.673631   3.674383   0.000752    34.1440    34.1492     6.7231    26.3780    26.3816         12  0.000e+00
      63028 293.848508  -43.44174  -53.61228     -0.080    1476.15     14.961     14.841     9.4343     9.4371     0.0028     9.4327     9.4354     0.0028   3.673618   3.674351   0.000733    34.1439    34.1489     6.7191    26.3779    26.3814         12  0.000e+00
      63029 293.848509  -43.44174  -53.61228     -0.084    1476.15     14.893     14.773     9.4348     9.4364     0.0016     9.4332     9.4348     0.0016   3.673751   3.674306   0.000555    34.1448    34.1490     6.7185    26.3785    26.3816         12  0.000e+00
      63030 293.848509  -43.44174  -53.61228     -0.083    1476.15     14.948     14.828     9.4365     9.4361    -0.0004     9.4349     9.4345    -0.0004   3.673984   3.674281   0.000297    34.1456    34.1490     6.7215    26.3789    26.3816         12  0.000e+00
      63031 293.848510  -43.44174  -53.61228     -0.084    1476.15     14.865     14.746     9.4378     9.4356    -0.0022     9.4362     9.4340    -0.0022   3.674057   3.674261   0.000204    34.1452    34.1494     6.7170    26.3783    26.3820         12  0.000e+00
      63032 293.848510  -43.44174  -53.61228     -0.083    1476.15     14.948     14.828     9.4388     9.4353    -0.0035     9.4372     9.4336    -0.0035   3.674137   3.674300   0.000163    34.1450    34.1500     6.7164    26.3780    26.3826         12  0.000e+00
      63033 293.848511  -43.44174  -53.61228     -0.086    1476.15     14.893     14.774     9.4395     9.4356    -0.0038     9.4378     9.4340    -0.0038   3.674164   3.674389   0.000226    34.1447    34.1506     6.7195    26.3777    26.3830         12  0.000e+00
      63034 293.848511  -43.44174  -53.61228     -0.087    1476.15     14.866     14.746     9.4393     9.4363    -0.0031     9.4377     9.4346    -0.0031   3.674064   3.674460   0.000396    34.1438    34.1508     6.7193    26.3770    26.3830         12  0.000e+00
      63035 293.848512  -43.44174  -53.61228     -0.088    1476.15     14.893     14.774     9.4387     9.4374    -0.0012     9.4370     9.4358    -0.0012   3.673930   3.674556   0.000625    34.1430    34.1507     6.7156    26.3765    26.3827         12  0.000e+00
      63036 293.848512  -43.44174  -53.61228     -0.093    1476.15     14.845     14.726     9.4370     9.4379     0.0009     9.4354     9.4363     0.0009   3.673811   3.674645   0.000835    34.1434    34.1511     6.7189    26.3771    26.3830         12  0.000e+00
      63037 293.848513  -43.44174  -53.61228     -0.086    1476.15     14.961     14.842     9.4367     9.4387     0.0020     9.4350     9.4371     0.0020   3.673724   3.674677   0.000953    34.1428    34.1507     6.7151    26.3766    26.3825         12  0.000e+00
      63038 293.848513  -43.44174  -53.61228     -0.092    1476.15     14.797     14.679     9.4365     9.4389     0.0024     9.4349     9.4373     0.0024   3.673831   3.674671   0.000840    34.1441    34.1505     6.7143    26.3777    26.3823         12  0.000e+00
      63039 293.848514  -43.44174  -53.61228     -0.090    1476.15     14.893     14.774     9.4370     9.4394     0.0024     9.4353     9.4377     0.0024   3.673871   3.674747   0.000877    34.1440    34.1508     6.7136    26.3776    26.3825         12  0.000e+00
      63040 293.848514  -43.44174  -53.61228     -0.094    1476.15     14.866     14.747     9.4375     9.4396     0.0021     9.4359     9.4380     0.0021   3.673891   3.674767   0.000876    34.1437    34.1508     6.7132    26.3773    26.3825         12  0.000e+00
      63041 293.848515  -43.44174  -53.61228     -0.091    1476.15     14.893     14.774     9.4377     9.4397     0.0020     9.4360     9.4381     0.0020   3.673851   3.674747   0.000897    34.1431    34.1505     6.7163    26.3768    26.3822         12  0.000e+00
      63042 293.848515  -43.44174  -53.61228     -0.091    1476.15     14.866     14.747     9.4382     9.4404     0.0022     9.4365     9.4387     0.0022   3.673944   3.674786   0.000842    34.1436    34.1503     6.7125    26.3771    26.3819         12  0.000e+00
      63043 293.848516  -43.44174  -53.61228     -0.088    1476.15     14.893     14.774     9.4383     9.4402     0.0019     9.4367     9.4386     0.0019   3.674017   3.674779   0.000762    34.1443    34.1503     6.7122    26.3775    26.3820         12  0.000e+00
      63044 293.848516  -43.44174  -53.61228     -0.090    1476.15     14.845     14.726     9.4388     9.4404     0.0016     9.4372     9.4387     0.0016   3.674050   3.674818   0.000767    34.1441    34.1506     6.7117    26.3774    26.3822         12  0.000e+00
      63045 293.848517  -43.44174  -53.61228     -0.089    1476.15     14.866     14.747     9.4391     9.4402     0.0011     9.4375     9.4386     0.0011   3.674084   3.674811   0.000728    34.1442    34.1507     6.7110    26.3774    26.3823         12  0.000e+00
      63046 293.848517  -43.44174  -53.61228     -0.085    1476.15     14.893     14.774     9.4390     9.4404     0.0015     9.4373     9.4388     0.0015   3.674117   3.674799   0.000682    34.1447    34.1503     6.7107    26.3778    26.3820         12  0.000e+00
      63047 293.848518  -43.44174  -53.61228     -0.086    1476.15     14.845     14.726     9.4390     9.4404     0.0014     9.4373     9.4387     0.0014   3.674130   3.674760   0.000630    34.1448    34.1500     6.7103    26.3779    26.3817         12  0.000e+00
      63048 293.848518  -43.44174  -53.61228     -0.083    1476.15     14.866     14.747     9.4392     9.4402     0.0010     9.4375     9.4386     0.0010   3.674110   3.674690   0.000580    34.1444    34.1494     6.7100    26.3775    26.3813         12  0.000e+00
      63049 293.848519  -43.44174  -53.61228     -0.081    1476.15     14.893     14.774     9.4395     9.4394    -0.0001     9.4378     9.4377    -0.0001   3.674124   3.674632   0.000509    34.1443    34.1496     6.7096    26.3774    26.3816         12  0.000e+00
      63050 293.848519  -43.44174  -53.61228     -0.078    1476.15     14.845     14.726     9.4393     9.4389    -0.0003     9.4376     9.4373    -0.0003   3.674077   3.674530   0.000453    34.1440    34.1490     6.7093    26.3772    26.3811         12  0.000e+00
