Pos-Processados/process_op38/operantar38_020.ros
* Sea-Bird SBE 9 Data File:
* FileName = D:\OPERANTAR_XXXVIII\DADOS\OP38_020.hdr
* Software Version Seasave V 7.18c
* Temperature SN = 4808
* Conductivity SN = 3380
* Number of Bytes Per Scan = 34
* Number of Voltage Words = 3
* Number of Scans Averaged by the Deck Unit = 1
* NMEA Latitude = 62 13.02 S
* NMEA Longitude = 058 20.27 W
* NMEA UTC (Time) = Nov 22 2019 12:22:40
** H41
** NAVIO POLAR ALMIRANTE MAXIMIANO
** CRUZEIRO:
** OPERANTAR XXXVIII
** ESTAÇÃO: OP38_020
** LAT 62 13,00'S
** LONG 058 20,28'W
** 09P73767-1155_A
** PROFUNDIDADE: 497
** DATA/HORA: 221223Z/NOV/2019
** OPERADOR: SO-HN CHAVES
# nquan = 24
# nvalues = 1034                                  
# units = specified
# name 0 = scan: Scan Count
# name 1 = timeJ: Julian Days
# name 2 = latitude: Latitude [deg]
# name 3 = longitude: Longitude [deg]
# name 4 = dz/dtM: Descent Rate [m/s]
# name 5 = avgsvCM: Average Sound Velocity [Chen-Millero, m/s]
# name 6 = prDM: Pressure, Digiquartz [db]
# name 7 = depSM: Depth [salt water, m]
# name 8 = t090C: Temperature [ITS-90, deg C]
# name 9 = t190C: Temperature, 2 [ITS-90, deg C]
# name 10 = T2-T190C: Temperature Difference, 2 - 1 [ITS-90, deg C]
# name 11 = potemp090C: Potential Temperature [ITS-90, deg C]
# name 12 = potemp190C: Potential Temperature, 2 [ITS-90, deg C]
# name 13 = potemp90Cdiff: Potential Temperature, Diff, 2 - 1 [ITS-90, deg C]
# name 14 = c0S/m: Conductivity [S/m]
# name 15 = c1S/m: Conductivity, 2 [S/m]
# name 16 = C2-C1S/m: Conductivity Difference, 2 - 1 [S/m]
# name 17 = sal00: Salinity, Practical [PSU]
# name 18 = sal11: Salinity, Practical, 2 [PSU]
# name 19 = sbeox0ML/L: Oxygen, SBE 43 [ml/l]
# name 20 = sigma-é00: Density [sigma-theta, kg/m^3]
# name 21 = sigma-é11: Density, 2 [sigma-theta, kg/m^3]
# name 22 = nbf: Bottles Fired
# name 23 = flag:  0.000e+00
# interval = seconds: 0.0416667
# start_time = Nov 22 2019 12:22:40 [NMEA time, header]
# bad_flag = -9.990e-29
*END*
[from data line 544]
      38888 326.534494  -62.21706  -58.33796      0.002    1449.76      2.858      2.830    -0.4082    -0.3835     0.0247    -0.4083    -0.3836     0.0247   2.807000   2.808717   0.001717    34.1707    34.1659     7.6209    27.4566    27.4516          4  0.000e+00
      38889 326.534495  -62.21706  -58.33796      0.002    1449.76      2.885      2.857    -0.4080    -0.3835     0.0245    -0.4081    -0.3836     0.0245   2.807000   2.808676   0.001676    34.1705    34.1653     7.6207    27.4564    27.4511          4  0.000e+00
      38890 326.534495  -62.21706  -58.33796      0.005    1449.76      2.940      2.912    -0.4080    -0.3843     0.0237    -0.4081    -0.3844     0.0237   2.806988   2.808711   0.001723    34.1703    34.1667     7.6205    27.4562    27.4522          4  0.000e+00
      38891 326.534496  -62.21706  -58.33796      0.002    1449.76      2.837      2.810    -0.4085    -0.3844     0.0241    -0.4086    -0.3845     0.0241   2.806970   2.808763   0.001793    34.1707    34.1676     7.6203    27.4566    27.4530          4  0.000e+00
      38892 326.534496  -62.21706  -58.33796      0.002    1449.76      2.940      2.912    -0.4086    -0.3841     0.0246    -0.4087    -0.3842     0.0245   2.806952   2.808711   0.001759    34.1705    34.1665     7.6202    27.4565    27.4521          4  0.000e+00
      38893 326.534497  -62.21706  -58.33796      0.002    1449.76      2.885      2.857    -0.4088    -0.3845     0.0242    -0.4089    -0.3846     0.0242   2.806916   2.808676   0.001761    34.1702    34.1665     7.6200    27.4562    27.4521          4  0.000e+00
      38894 326.534497  -62.21706  -58.33796      0.002    1449.76      2.885      2.857    -0.4091    -0.3842     0.0249    -0.4092    -0.3843     0.0249   2.806934   2.808751   0.001818    34.1708    34.1672     7.6198    27.4567    27.4527          4  0.000e+00
      38895 326.534497  -62.21706  -58.33796      0.001    1449.76      2.885      2.857    -0.4088    -0.3850     0.0237    -0.4089    -0.3851     0.0237   2.806994   2.808728   0.001734    34.1712    34.1678     7.6203    27.4571    27.4532          4  0.000e+00
      38896 326.534498  -62.21706  -58.33796      0.001    1449.76      2.885      2.857    -0.4084    -0.3853     0.0230    -0.4084    -0.3854     0.0230   2.807018   2.808699   0.001682    34.1711    34.1677     7.6208    27.4569    27.4531          4  0.000e+00
      38897 326.534498  -62.21706  -58.33796     -0.001    1449.76      2.940      2.912    -0.4077    -0.3852     0.0225    -0.4078    -0.3853     0.0225   2.807054   2.808757   0.001703    34.1708    34.1683     7.6206    27.4567    27.4536          4  0.000e+00
      38898 326.534499  -62.21706  -58.33796      0.008    1449.76      2.940      2.912    -0.4080    -0.3852     0.0228    -0.4081    -0.3853     0.0228   2.806994   2.808746   0.001752    34.1704    34.1681     7.6205    27.4563    27.4535          4  0.000e+00
      38899 326.534499  -62.21706  -58.33796      0.008    1449.76      2.885      2.857    -0.4076    -0.3853     0.0222    -0.4076    -0.3854     0.0222   2.807060   2.808705   0.001645    34.1708    34.1678     7.6202    27.4566    27.4532          4  0.000e+00
      38900 326.534500  -62.21706  -58.33796      0.011    1449.76      2.940      2.912    -0.4071    -0.3856     0.0214    -0.4072    -0.3857     0.0214   2.807120   2.808717   0.001597    34.1710    34.1683     7.6199    27.4568    27.4536          4  0.000e+00
      38901 326.534500  -62.21706  -58.33796      0.010    1449.76      2.940      2.912    -0.4068    -0.3852     0.0216    -0.4069    -0.3853     0.0216   2.807162   2.808717   0.001555    34.1713    34.1678     7.6197    27.4570    27.4531          4  0.000e+00
      38902 326.534501  -62.21706  -58.33796      0.013    1449.76      2.940      2.912    -0.4057    -0.3856     0.0201    -0.4058    -0.3857     0.0201   2.807198   2.808740   0.001542    34.1705    34.1686     7.6193    27.4563    27.4539          4  0.000e+00
      38903 326.534501  -62.21706  -58.33796      0.015    1449.76      2.940      2.912    -0.4049    -0.3852     0.0197    -0.4050    -0.3853     0.0197   2.807210   2.808751   0.001541    34.1698    34.1682     7.6190    27.4557    27.4535          4  0.000e+00
      38904 326.534502  -62.21706  -58.33796      0.017    1449.76      2.940      2.912    -0.4051    -0.3849     0.0202    -0.4052    -0.3850     0.0202   2.807180   2.808751   0.001571    34.1695    34.1679     7.6197    27.4555    27.4532          4  0.000e+00
      38905 326.534502  -62.21706  -58.33796      0.022    1449.76      2.988      2.959    -0.4059    -0.3855     0.0204    -0.4060    -0.3856     0.0204   2.807156   2.808740   0.001584    34.1701    34.1684     7.6147    27.4560    27.4537          4  0.000e+00
      38906 326.534503  -62.21706  -58.33796      0.027    1449.76      2.940      2.912    -0.4062    -0.3858     0.0204    -0.4063    -0.3859     0.0204   2.807126   2.808746   0.001620    34.1701    34.1688     7.6139    27.4560    27.4541          4  0.000e+00
      38907 326.534503  -62.21706  -58.33796      0.031    1449.76      2.988      2.959    -0.4065    -0.3856     0.0209    -0.4066    -0.3857     0.0209   2.807126   2.808734   0.001608    34.1704    34.1685     7.6183    27.4563    27.4538          4  0.000e+00
      38908 326.534504  -62.21706  -58.33796      0.031    1449.76      2.906      2.878    -0.4065    -0.3852     0.0213    -0.4065    -0.3853     0.0213   2.807120   2.808717   0.001597    34.1703    34.1678     7.6138    27.4562    27.4532          4  0.000e+00
      38909 326.534504  -62.21706  -58.33796      0.041    1449.76      3.090      3.061    -0.4065    -0.3856     0.0208    -0.4065    -0.3857     0.0208   2.807126   2.808763   0.001637    34.1703    34.1688     7.6183    27.4562    27.4540          4  0.000e+00
      38910 326.534505  -62.21706  -58.33796      0.042    1449.76      2.988      2.959    -0.4066    -0.3856     0.0210    -0.4067    -0.3857     0.0210   2.807144   2.808757   0.001613    34.1708    34.1688     7.6182    27.4566    27.4540          4  0.000e+00
      38911 326.534505  -62.21706  -58.33796      0.045    1449.76      2.988      2.959    -0.4063    -0.3858     0.0205    -0.4064    -0.3859     0.0205   2.807150   2.808740   0.001590    34.1705    34.1687     7.6182    27.4564    27.4540          4  0.000e+00
      38912 326.534506  -62.21706  -58.33796      0.055    1449.76      3.042      3.013    -0.4063    -0.3855     0.0209    -0.4064    -0.3856     0.0209   2.807156   2.808746   0.001590    34.1706    34.1684     7.6139    27.4564    27.4537          4  0.000e+00
      38913 326.534506  -62.21706  -58.33796      0.058    1449.76      2.988      2.959    -0.4060    -0.3861     0.0199    -0.4061    -0.3862     0.0199   2.807150   2.808769   0.001619    34.1702    34.1695     7.6190    27.4560    27.4546          4  0.000e+00
      38914 326.534507  -62.21706  -58.33796      0.064    1449.76      3.042      3.013    -0.4062    -0.3860     0.0202    -0.4063    -0.3861     0.0202   2.807132   2.808746   0.001614    34.1701    34.1690     7.6141    27.4560    27.4542          4  0.000e+00
      38915 326.534507  -62.21706  -58.33796      0.069    1449.76      3.042      3.013    -0.4062    -0.3860     0.0202    -0.4063    -0.3861     0.0202   2.807120   2.808769   0.001649    34.1699    34.1693     7.6135    27.4559    27.4544          4  0.000e+00
      38916 326.534508  -62.21706  -58.33796      0.074    1449.76      3.042      3.013    -0.4066    -0.3863     0.0204    -0.4067    -0.3864     0.0204   2.807102   2.808780   0.001678    34.1702    34.1698     7.6130    27.4561    27.4548          4  0.000e+00
      38917 326.534508  -62.21706  -58.33796      0.077    1449.76      3.042      3.013    -0.4076    -0.3861     0.0214    -0.4076    -0.3862     0.0214   2.807012   2.808769   0.001757    34.1700    34.1694     7.6126    27.4560    27.4546          4  0.000e+00
      38918 326.534509  -62.21706  -58.33796      0.085    1449.76      3.042      3.013    -0.4078    -0.3861     0.0217    -0.4079    -0.3862     0.0217   2.806970   2.808774   0.001805    34.1698    34.1695     7.6122    27.4558    27.4546          4  0.000e+00
      38919 326.534509  -62.21706  -58.33796      0.091    1449.76      3.090      3.061    -0.4088    -0.3863     0.0225    -0.4089    -0.3864     0.0225   2.806940   2.808780   0.001840    34.1704    34.1698     7.6119    27.4564    27.4548          4  0.000e+00
      38920 326.534510  -62.21706  -58.33796      0.095    1449.76      3.042      3.013    -0.4094    -0.3871     0.0223    -0.4095    -0.3872     0.0223   2.806940   2.808746   0.001806    34.1711    34.1702     7.6115    27.4570    27.4552          4  0.000e+00
      38921 326.534510  -62.21706  -58.33796      0.101    1449.76      3.090      3.061    -0.4094    -0.3866     0.0228    -0.4095    -0.3867     0.0228   2.806934   2.808769   0.001835    34.1710    34.1699     7.6111    27.4569    27.4550          4  0.000e+00
      38922 326.534511  -62.21706  -58.33796      0.106    1449.76      3.090      3.061    -0.4091    -0.3866     0.0225    -0.4092    -0.3867     0.0225   2.806940   2.808815   0.001875    34.1708    34.1706     7.6107    27.4567    27.4555          4  0.000e+00
      38923 326.534511  -62.21706  -58.33796      0.108    1449.76      3.042      3.013    -0.4084    -0.3869     0.0215    -0.4085    -0.3870     0.0215   2.806982   2.808780   0.001798    34.1705    34.1705     7.6101    27.4565    27.4554          4  0.000e+00
      38924 326.534511  -62.21706  -58.33796      0.113    1449.76      3.090      3.061    -0.4085    -0.3864     0.0221    -0.4086    -0.3865     0.0221   2.807030   2.808774   0.001745    34.1713    34.1698     7.6149    27.4571    27.4549          4  0.000e+00
      38925 326.534512  -62.21706  -58.33796      0.117    1449.76      3.090      3.061    -0.4094    -0.3872     0.0222    -0.4095    -0.3873     0.0222   2.806970   2.808815   0.001845    34.1715    34.1713     7.6162    27.4573    27.4561          4  0.000e+00
      38926 326.534512  -62.21706  -58.33796      0.120    1449.76      3.090      3.061    -0.4094    -0.3872     0.0222    -0.4095    -0.3873     0.0222   2.806934   2.808780   0.001846    34.1710    34.1708     7.6167    27.4569    27.4557          4  0.000e+00
      38927 326.534513  -62.21706  -58.33796      0.123    1449.76      3.090      3.061    -0.4085    -0.3867     0.0218    -0.4086    -0.3868     0.0218   2.806958   2.808798   0.001840    34.1703    34.1705     7.6119    27.4563    27.4554          4  0.000e+00
      38928 326.534513  -62.21706  -58.33796      0.128    1449.76      3.138      3.108    -0.4082    -0.3873     0.0208    -0.4083    -0.3874     0.0208   2.806964   2.808809   0.001845    34.1700    34.1713     7.6116    27.4560    27.4561          4  0.000e+00
      38929 326.534514  -62.21706  -58.33796      0.130    1449.76      3.090      3.061    -0.4085    -0.3872     0.0213    -0.4086    -0.3873     0.0213   2.806946   2.808774   0.001829    34.1701    34.1707     7.6114    27.4562    27.4556          4  0.000e+00
      38930 326.534514  -62.21706  -58.33796      0.130    1449.76      3.056      3.027    -0.4085    -0.3875     0.0210    -0.4086    -0.3876     0.0210   2.806958   2.808798   0.001840    34.1703    34.1714     7.6111    27.4563    27.4562          4  0.000e+00
      38931 326.534515  -62.21706  -58.33796      0.133    1449.76      3.138      3.108    -0.4085    -0.3866     0.0219    -0.4086    -0.3867     0.0219   2.806964   2.808809   0.001845    34.1704    34.1705     7.6110    27.4563    27.4554          4  0.000e+00
      38932 326.534515  -62.21706  -58.33796      0.137    1449.76      3.138      3.108    -0.4085    -0.3872     0.0213    -0.4086    -0.3873     0.0213   2.806964   2.808792   0.001828    34.1704    34.1709     7.6108    27.4563    27.4558          4  0.000e+00
      38933 326.534516  -62.21706  -58.33796      0.136    1449.76      3.090      3.061    -0.4088    -0.3869     0.0219    -0.4089    -0.3870     0.0219   2.806964   2.808803   0.001840    34.1708    34.1708     7.6107    27.4567    27.4557          4  0.000e+00
      38934 326.534516  -62.21706  -58.33796      0.138    1449.76      3.138      3.108    -0.4092    -0.3878     0.0214    -0.4093    -0.3879     0.0214   2.806910   2.808809   0.001899    34.1705    34.1719     7.6108    27.4565    27.4566          4  0.000e+00
      38935 326.534517  -62.21706  -58.33796      0.134    1449.76      3.090      3.061    -0.4096    -0.3875     0.0221    -0.4097    -0.3876     0.0221   2.806880   2.808774   0.001895    34.1705    34.1711     7.6107    27.4565    27.4559          4  0.000e+00
      38936 326.534517  -62.21706  -58.33796      0.135    1449.76      3.090      3.061    -0.4097    -0.3877     0.0221    -0.4098    -0.3877     0.0221   2.806868   2.808815   0.001947    34.1705    34.1718     7.6158    27.4565    27.4565          4  0.000e+00
      38937 326.534518  -62.21706  -58.33796      0.134    1449.76      3.138      3.108    -0.4108    -0.3872     0.0236    -0.4109    -0.3873     0.0236   2.806856   2.808832   0.001976    34.1715    34.1715     7.6168    27.4574    27.4562          4  0.000e+00
      38938 326.534518  -62.21706  -58.33796      0.131    1449.76      3.090      3.061    -0.4117    -0.3877     0.0240    -0.4117    -0.3877     0.0240   2.806862   2.808821   0.001959    34.1726    34.1719     7.6176    27.4583    27.4566          4  0.000e+00
      38939 326.534519  -62.21706  -58.33796      0.133    1449.76      3.138      3.108    -0.4111    -0.3877     0.0235    -0.4112    -0.3877     0.0235   2.806916   2.808809   0.001893    34.1727    34.1717     7.6132    27.4583    27.4564          4  0.000e+00
      38940 326.534519  -62.21706  -58.33796      0.126    1449.76      3.090      3.061    -0.4091    -0.3881     0.0210    -0.4092    -0.3882     0.0210   2.807018   2.808826   0.001809    34.1718    34.1725     7.6127    27.4575    27.4571          4  0.000e+00
      38941 326.534520  -62.21706  -58.33796      0.128    1449.76      3.138      3.108    -0.4073    -0.3881     0.0191    -0.4074    -0.3882     0.0191   2.807102   2.808821   0.001719    34.1708    34.1724     7.6124    27.4567    27.4570          4  0.000e+00
      38942 326.534520  -62.21706  -58.33796      0.123    1449.76      3.090      3.061    -0.4069    -0.3883     0.0186    -0.4070    -0.3884     0.0186   2.807144   2.808809   0.001665    34.1710    34.1724     7.6123    27.4568    27.4570          4  0.000e+00
      38943 326.534521  -62.21706  -58.33796      0.117    1449.76      3.090      3.061    -0.4066    -0.3884     0.0182    -0.4067    -0.3885     0.0182   2.807138   2.808826   0.001688    34.1706    34.1728     7.6124    27.4565    27.4574          4  0.000e+00
      38944 326.534521  -62.21706  -58.33796      0.114    1449.76      3.138      3.108    -0.4069    -0.3883     0.0186    -0.4070    -0.3884     0.0186   2.807162   2.808798   0.001636    34.1713    34.1722     7.6126    27.4570    27.4569          4  0.000e+00
      38945 326.534522  -62.21706  -58.33796      0.110    1449.76      3.138      3.108    -0.4062    -0.3889     0.0173    -0.4063    -0.3890     0.0173   2.807198   2.808821   0.001623    34.1709    34.1732     7.6126    27.4567    27.4577          4  0.000e+00
      38946 326.534522  -62.21706  -58.33796      0.105    1449.76      3.090      3.061    -0.4051    -0.3889     0.0162    -0.4052    -0.3890     0.0162   2.807264   2.808832   0.001568    34.1706    34.1734     7.6125    27.4563    27.4579          4  0.000e+00
