Pos-Processados/process_op38/operantar38_002.cnv
* Sea-Bird SBE 9 Data File:
* FileName = D:\OPERANTAR_XXXVIII\DADOS\OP38_002.hdr
* Software Version Seasave V 7.12
* Temperature SN = 4808
* Conductivity SN = 3380
* Number of Bytes Per Scan = 31
* Number of Voltage Words = 2
* Number of Scans Averaged by the Deck Unit = 1
* NMEA Latitude = 38 26.99 S
* NMEA Longitude = 052 53.48 W
* NMEA UTC (Time) = Jan 16 2019 21:21:57
** H41
** NAVIO POLAR ALMIRANTE MAXIMIANO
** CRUZEIRO:
** OPERANTAR XXXVIII
** ESTAวรO: 002
** LAT 38บ 26,99'S
** LONG 052บ 53,46'W
** 09P73767-1155
** PROFUNDIDADE: 4158 m
** DATA/HORA: 162121Z/OUT/2019
** OPERADOR: SO-HN CHAVES
# nquan = 32
# nvalues = 2082                        
# units = specified
# name 0 = scan: Scan Count
# name 1 = timeJ: Julian Days
# name 2 = latitude: Latitude [deg]
# name 3 = longitude: Longitude [deg]
# name 4 = dz/dtM: Descent Rate [m/s]
# name 5 = avgsvCM: Average Sound Velocity [Chen-Millero, m/s]
# name 6 = prDM: Pressure, Digiquartz [db]
# name 7 = depSM: Depth [salt water, m]
# name 8 = t090C: Temperature [ITS-90, deg C]
# name 9 = t190C: Temperature, 2 [ITS-90, deg C]
# name 10 = T2-T190C: Temperature Difference, 2 - 1 [ITS-90, deg C]
# name 11 = potemp090C: Potential Temperature [ITS-90, deg C]
# name 12 = potemp190C: Potential Temperature, 2 [ITS-90, deg C]
# name 13 = potemp90Cdiff: Potential Temperature, Diff, 2 - 1 [ITS-90, deg C]
# name 14 = c0S/m: Conductivity [S/m]
# name 15 = c1S/m: Conductivity, 2 [S/m]
# name 16 = C2-C1S/m: Conductivity Difference, 2 - 1 [S/m]
# name 17 = sal00: Salinity, Practical [PSU]
# name 18 = sal11: Salinity, Practical, 2 [PSU]
# name 19 = sbeox0ML/L: Oxygen, SBE 43 [ml/l]
# name 20 = sbeox1ML/L: Oxygen, SBE 43, 2 [ml/l]
# name 21 = sbeox0ML/Ldiff: Oxygen, SBE 43, Diff, 2 - 1 [ml/l]
# name 22 = sigma-้00: Density [sigma-theta, kg/m^3]
# name 23 = sigma-้11: Density, 2 [sigma-theta, kg/m^3]
# name 24 = sal00: Salinity, Practical [PSU]
# name 25 = sigma-้00: Density [sigma-theta, kg/m^3]
# name 26 = svCM: Sound Velocity [Chen-Millero, m/s]
# name 27 = svCM1: Sound Velocity, 2 [Chen-Millero, m/s]
# name 28 = gsw_ptA0: potential temperature [ITS-90, deg C]
# name 29 = gsw_densityA0: density, TEOS-10 [density, kg/m^3]
# name 30 = gsw_saA0: Absolute Salinity [g/kg]
# name 31 = flag:
# span 0 =       2490,      70676       
# span 1 =  16.891444,  16.924326       
# span 2 =  -38.44988,  -38.44984       
# span 3 =  -52.89136,  -52.89132       
# span 4 =     -2.182,      1.603       
# span 5 =      -0.01,    1558.04       
# span 6 =      3.000,   1046.000       
# span 7 =      2.979,   1035.498       
# span 8 =     4.1705,    15.9893       
# span 9 =     4.1707,    15.9897       
# span 10 =    -0.0794,     0.1105      
# span 11 =     4.0901,    15.9677      
# span 12 =     4.0902,    15.9680      
# span 13 =    -0.0792,     0.1101      
# span 14 =   3.252788,   4.494979      
# span 15 =   3.253184,   4.495708      
# span 16 =  -0.008696,   0.012697      
# span 17 =    34.1924,    35.8894      
# span 18 =    34.1972,    35.8954      
# span 19 =     4.6399,     5.8123      
# span 20 =     4.4460,     5.5484      
# span 21 =    -0.3054,    -0.1544      
# span 22 =    26.2302,    27.1745      
# span 23 =    26.2371,    27.1782      
# span 24 =    34.1914,    35.8896      
# span 25 =    26.2305,    27.1744      
# span 26 =    1482.69,    1513.45      
# span 27 =    1482.70,    1513.45      
# span 28 =     4.0899,    15.9677      
# span 29 =  1026.2508,  1031.9848      
# span 30 =    34.3537,    36.0591      
# span 31 = 0.0000e+00, 0.0000e+00      
# interval = decibars: 1                
# start_time = Jan 16 2019 21:21:57 [NMEA time, header]
# bad_flag = -9.990e-29
*END*
[from data line 726]
      27015  16.903270  -38.44986  -52.89134      0.391    1504.33    734.000    727.191     5.5290     5.5306     0.0016     5.4666     5.4682     0.0016   3.358173   3.358715   0.000553    34.2243    34.2289     5.7325     5.4610    -0.2715    27.0054    27.0089    34.2232    27.0045    1483.95    1483.96     5.4665  1030.3680    34.3861 0.0000e+00
      27049  16.903287  -38.44986  -52.89134      0.625    1504.33    735.000    728.179     5.4926     5.4938     0.0012     5.4303     5.4315     0.0012   3.354367   3.354913   0.000521    34.2200    34.2247     5.7378     5.4688    -0.2690    27.0064    27.0100    34.2164    27.0035    1483.81    1483.82     5.4302  1030.3722    34.3792 0.0000e+00
      27071  16.903298  -38.44986  -52.89134      0.928    1504.33    736.000    729.168     5.4857     5.4862     0.0005     5.4234     5.4239     0.0005   3.353909   3.354353   0.000442    34.2200    34.2245     5.7331     5.4673    -0.2659    27.0072    27.0107    34.2177    27.0054    1483.80    1483.81     5.4232  1030.3787    34.3805 0.0000e+00
      27088  16.903306  -38.44986  -52.89134      1.165    1504.33    737.000    730.157     5.4760     5.4783     0.0023     5.4137     5.4159     0.0023   3.352940   3.353542   0.000605    34.2188    34.2233     5.7309     5.4661    -0.2649    27.0074    27.0107    34.2159    27.0052    1483.77    1483.79     5.4135  1030.3832    34.3788 0.0000e+00
      27104  16.903314  -38.44986  -52.89134      1.359    1504.33    738.000    731.147     5.4571     5.4577     0.0006     5.3947     5.3954     0.0006   3.350799   3.351259   0.000464    34.2162    34.2209     5.7439     5.4739    -0.2700    27.0076    27.0113    34.2103    27.0030    1483.71    1483.72     5.3946  1030.3860    34.3732 0.0000e+00
      27120  16.903321  -38.44986  -52.89134      1.488    1504.33    739.000    732.135     5.4363     5.4373     0.0010     5.3740     5.3750     0.0010   3.349256   3.349741   0.000479    34.2163    34.2206     5.7565     5.4813    -0.2753    27.0101    27.0135    34.2133    27.0078    1483.64    1483.65     5.3738  1030.3957    34.3762 0.0000e+00
      27135  16.903329  -38.44986  -52.89134      1.552    1504.33    740.000    733.124     5.4345     5.4354     0.0010     5.3721     5.3730     0.0010   3.349178   3.349667   0.000485    34.2162    34.2207     5.7611     5.4798    -0.2813    27.0103    27.0138    34.2138    27.0084    1483.65    1483.66     5.3719  1030.4009    34.3767 0.0000e+00
      27151  16.903336  -38.44986  -52.89134      1.558    1504.33    741.000    734.113     5.4342     5.4349     0.0008     5.3717     5.3725     0.0008   3.349197   3.349657   0.000466    34.2159    34.2204     5.7638     5.4772    -0.2866    27.0101    27.0136    34.2138    27.0085    1483.67    1483.68     5.3716  1030.4055    34.3767 0.0000e+00
      27173  16.903347  -38.44986  -52.89134      1.365    1504.33    742.000    735.097     5.4342     5.4353     0.0011     5.3717     5.3727     0.0010   3.349248   3.349726   0.000477    34.2157    34.2201     5.7718     5.4809    -0.2909    27.0100    27.0133    34.2138    27.0085    1483.68    1483.69     5.3715  1030.4101    34.3767 0.0000e+00
      27236  16.903377  -38.44988  -52.89134      0.293    1504.33    743.000    736.091     5.4348     5.4358     0.0009     5.3722     5.3731     0.0009   3.349357   3.349832   0.000477    34.2153    34.2197     5.7870     5.5103    -0.2766    27.0096    27.0130    34.2140    27.0086    1483.70    1483.71     5.3720  1030.4148    34.3769 0.0000e+00
      27282  16.903400  -38.44986  -52.89134      0.537    1504.33    744.000    737.080     5.4350     5.4358     0.0008     5.3722     5.3730     0.0008   3.349466   3.349899   0.000443    34.2155    34.2198     5.7837     5.5107    -0.2730    27.0098    27.0131    34.2146    27.0091    1483.72    1483.73     5.3721  1030.4197    34.3775 0.0000e+00
      27305  16.903410  -38.44986  -52.89134      0.891    1504.33    745.000    738.069     5.4326     5.4320    -0.0005     5.3697     5.3692    -0.0006   3.349156   3.349464   0.000314    34.2151    34.2192     5.7797     5.5169    -0.2629    27.0097    27.0130    34.2130    27.0081    1483.73    1483.73     5.3696  1030.4234    34.3759 0.0000e+00
      27323  16.903419  -38.44986  -52.89134      1.129    1504.33    746.000    739.058     5.4070     5.4086     0.0016     5.3442     5.3458     0.0016   3.346390   3.346987   0.000575    34.2121    34.2169     5.7824     5.5186    -0.2638    27.0104    27.0140    34.2070    27.0064    1483.63    1483.65     5.3440  1030.4267    34.3699 0.0000e+00
      27340  16.903427  -38.44984  -52.89134      1.311    1504.33    747.000    740.047     5.3828     5.3869     0.0040     5.3201     5.3241     0.0040   3.344180   3.344966   0.000790    34.2105    34.2154     5.7851     5.5134    -0.2718    27.0120    27.0154    34.2059    27.0083    1483.55    1483.57     5.3199  1030.4337    34.3687 0.0000e+00
      27356  16.903435  -38.44984  -52.89134      1.427    1504.33    748.000    741.036     5.3660     5.3674     0.0014     5.3032     5.3047     0.0014   3.342822   3.343336   0.000502    34.2101    34.2143     5.7815     5.5108    -0.2707    27.0136    27.0168    34.2070    27.0112    1483.50    1483.51     5.3031  1030.4414    34.3698 0.0000e+00
      27373  16.903443  -38.44984  -52.89134      1.457    1504.33    749.000    742.025     5.3638     5.3646     0.0008     5.3010     5.3018     0.0008   3.342704   3.343161   0.000463    34.2098    34.2143     5.7749     5.5038    -0.2711    27.0137    27.0172    34.2074    27.0118    1483.51    1483.52     5.3008  1030.4466    34.3702 0.0000e+00
      27390  16.903451  -38.44986  -52.89134      1.434    1504.33    750.000    743.013     5.3620     5.3633     0.0013     5.2991     5.3005     0.0013   3.342614   3.343117   0.000504    34.2098    34.2142     5.7777     5.5035    -0.2742    27.0139    27.0172    34.2077    27.0122    1483.52    1483.53     5.2990  1030.4516    34.3705 0.0000e+00
      27408  16.903460  -38.44986  -52.89134      1.382    1504.33    751.000    744.002     5.3597     5.3612     0.0015     5.2968     5.2982     0.0014   3.342409   3.342947   0.000525    34.2095    34.2139     5.7942     5.5143    -0.2799    27.0139    27.0173    34.2072    27.0121    1483.52    1483.54     5.2966  1030.4561    34.3701 0.0000e+00
      27427  16.903469  -38.44986  -52.89134      1.308    1504.33    752.000    744.991     5.3567     5.3590     0.0024     5.2936     5.2960     0.0024   3.342221   3.342792   0.000579    34.2096    34.2138     5.8098     5.5211    -0.2887    27.0144    27.0174    34.2076    27.0128    1483.53    1483.54     5.2935  1030.4614    34.3705 0.0000e+00
      27458  16.903484  -38.44987  -52.89134      0.961    1504.33    753.000    745.972     5.3564     5.3575     0.0011     5.2933     5.2944     0.0011   3.342319   3.342803   0.000485    34.2100    34.2144     5.8123     5.5327    -0.2796    27.0148    27.0181    34.2085    27.0136    1483.55    1483.56     5.2931  1030.4667    34.3714 0.0000e+00
      27532  16.903520  -38.44986  -52.89134      0.143    1504.33    754.000    746.984     5.3581     5.3590     0.0009     5.2949     5.2958     0.0008   3.342591   3.343047   0.000453    34.2102    34.2145     5.8074     5.5444    -0.2630    27.0147    27.0180    34.2094    27.0141    1483.57    1483.58     5.2948  1030.4717    34.3723 0.0000e+00
      27556  16.903532  -38.44986  -52.89134      0.708    1504.33    755.000    747.958     5.3596     5.3607     0.0011     5.2963     5.2974     0.0011   3.342833   3.343316   0.000478    34.2107    34.2149     5.8118     5.5334    -0.2784    27.0150    27.0182    34.2101    27.0145    1483.59    1483.60     5.2961  1030.4766    34.3730 0.0000e+00
      27575  16.903541  -38.44986  -52.89134      1.045    1504.33    756.000    748.947     5.3622     5.3637     0.0015     5.2988     5.3003     0.0015   3.343197   3.343723   0.000528    34.2112    34.2157     5.8102     5.5285    -0.2817    27.0151    27.0185    34.2111    27.0150    1483.62    1483.63     5.2987  1030.4816    34.3740 0.0000e+00
      27592  16.903549  -38.44986  -52.89134      1.271    1504.33    757.000    749.935     5.3668     5.3679     0.0011     5.3033     5.3044     0.0011   3.343788   3.344252   0.000466    34.2124    34.2166     5.8054     5.5283    -0.2771    27.0155    27.0187    34.2127    27.0157    1483.66    1483.67     5.3031  1030.4868    34.3756 0.0000e+00
      27610  16.903558  -38.44986  -52.89134      1.373    1504.33    758.000    750.924     5.3711     5.3721     0.0010     5.3075     5.3085     0.0010   3.344293   3.344715   0.000450    34.2132    34.2173     5.8018     5.5297    -0.2721    27.0156    27.0188    34.2136    27.0159    1483.69    1483.70     5.3073  1030.4914    34.3765 0.0000e+00
      27632  16.903568  -38.44986  -52.89134      1.262    1504.33    759.000    751.914     5.4021     5.4038     0.0018     5.3382     5.3399     0.0018   3.348301   3.348896   0.000572    34.2222    34.2269     5.7900     5.5200    -0.2700    27.0191    27.0226    34.2274    27.0232    1483.85    1483.87     5.3380  1030.5026    34.3903 0.0000e+00
      27658  16.903581  -38.44986  -52.89134      0.982    1504.33    760.000    752.902     5.4276     5.4290     0.0014     5.3635     5.3649     0.0014   3.350809   3.351299   0.000494    34.2277    34.2319     5.7791     5.5129    -0.2662    27.0205    27.0236    34.2295    27.0219    1483.98    1483.99     5.3633  1030.5053    34.3925 0.0000e+00
      27684  16.903593  -38.44986  -52.89134      0.896    1504.33    761.000    753.891     5.4269     5.4282     0.0013     5.3626     5.3639     0.0013   3.350753   3.351259   0.000501    34.2285    34.2328     5.7688     5.5167    -0.2521    27.0212    27.0245    34.2291    27.0217    1483.99    1484.00     5.3625  1030.5097    34.3921 0.0000e+00
      27706  16.903604  -38.44986  -52.89134      1.004    1503.04    762.000    754.880     5.4294     5.4303     0.0009     5.3651     5.3660     0.0009   3.351644   3.352072   0.000429    34.2322    34.2361     5.7290     5.4901    -0.2389    27.0238    27.0268    34.2361    27.0269    1484.02    1484.03     5.3649  1030.5194    34.3992 0.0000e+00
      27726  16.903614  -38.44986  -52.89134      1.121    1502.75    763.000    755.869     5.4484     5.4496     0.0012     5.3839     5.3851     0.0012   3.353365   3.353908   0.000493    34.2355    34.2398     5.6940     5.4520    -0.2420    27.0242    27.0275    34.2360    27.0246    1484.12    1484.13     5.3837  1030.5212    34.3990 0.0000e+00
      27746  16.903623  -38.44986  -52.89134      1.199    1502.75    764.000    756.857     5.4265     5.4287     0.0023     5.3620     5.3642     0.0022   3.350933   3.351493   0.000603    34.2320    34.2366     5.6845     5.4286    -0.2560    27.0241    27.0274    34.2301    27.0225    1484.04    1484.05     5.3618  1030.5242    34.3931 0.0000e+00
      27765  16.903632  -38.44986  -52.89134      1.233    1502.75    765.000    757.846     5.4071     5.4079     0.0009     5.3426     5.3435     0.0008   3.349155   3.349624   0.000470    34.2304    34.2349     5.6764     5.4196    -0.2568    27.0251    27.0285    34.2290    27.0240    1483.97    1483.98     5.3424  1030.5306    34.3920 0.0000e+00
      27788  16.903643  -38.44986  -52.89133      1.163    1502.75    766.000    758.836     5.3940     5.3952     0.0012     5.3295     5.3307     0.0012   3.347944   3.348451   0.000505    34.2292    34.2337     5.6560     5.3967    -0.2593    27.0256    27.0291    34.2280    27.0247    1483.94    1483.95     5.3293  1030.5361    34.3910 0.0000e+00
      27858  16.903677  -38.44986  -52.89133      0.347    1502.75    767.000    759.826     5.3845     5.3885     0.0040     5.3199     5.3239     0.0040   3.347110   3.347831   0.000756    34.2283    34.2328     5.6831     5.4082    -0.2750    27.0261    27.0292    34.2277    27.0256    1483.91    1483.94     5.3198  1030.5418    34.3907 0.0000e+00
      27909  16.903702  -38.44985  -52.89134      0.573    1502.75    768.000    760.813     5.3789     5.3803     0.0014     5.3143     5.3157     0.0014   3.346587   3.347091   0.000509    34.2278    34.2322     5.7012     5.4400    -0.2612    27.0264    27.0297    34.2269    27.0257    1483.91    1483.92     5.3141  1030.5465    34.3899 0.0000e+00
      27927  16.903710  -38.44984  -52.89134      1.020    1502.75    769.000    761.802     5.3748     5.3760     0.0012     5.3102     5.3114     0.0012   3.346225   3.346716   0.000490    34.2275    34.2318     5.7027     5.4329    -0.2698    27.0266    27.0299    34.2265    27.0258    1483.91    1483.92     5.3100  1030.5512    34.3895 0.0000e+00
      27943  16.903718  -38.44984  -52.89134      1.300    1502.75    770.000    762.791     5.3721     5.3735     0.0015     5.3073     5.3088     0.0015   3.346042   3.346551   0.000513    34.2274    34.2318     5.7017     5.4266    -0.2751    27.0269    27.0302    34.2266    27.0263    1483.91    1483.92     5.3072  1030.5563    34.3897 0.0000e+00
      27959  16.903726  -38.44984  -52.89134      1.464    1502.75    771.000    763.779     5.3710     5.3722     0.0012     5.3062     5.3074     0.0012   3.346011   3.346503   0.000496    34.2274    34.2318     5.6994     5.4289    -0.2704    27.0270    27.0304    34.2269    27.0266    1483.92    1483.93     5.3060  1030.5612    34.3899 0.0000e+00
      27974  16.903733  -38.44984  -52.89134      1.550    1502.75    772.000    764.768     5.3707     5.3721     0.0014     5.3058     5.3072     0.0013   3.346028   3.346545   0.000521    34.2275    34.2320     5.6976     5.4304    -0.2672    27.0271    27.0306    34.2269    27.0266    1483.94    1483.95     5.3057  1030.5658    34.3899 0.0000e+00
      27989  16.903740  -38.44984  -52.89134      1.582    1502.75    773.000    765.757     5.3688     5.3701     0.0013     5.3038     5.3051     0.0013   3.345883   3.346390   0.000503    34.2276    34.2320     5.6999     5.4303    -0.2696    27.0275    27.0309    34.2267    27.0267    1483.95    1483.96     5.3037  1030.5704    34.3897 0.0000e+00
      28004  16.903748  -38.44985  -52.89134      1.591    1502.75    774.000    766.746     5.3596     5.3605     0.0009     5.2946     5.2955     0.0009   3.345136   3.345596   0.000473    34.2278    34.2322     5.7068     5.4297    -0.2771    27.0287    27.0321    34.2270    27.0281    1483.93    1483.94     5.2944  1030.5765    34.3900 0.0000e+00
      28020  16.903755  -38.44986  -52.89134      1.581    1502.75    775.000    767.735     5.3658     5.3669     0.0011     5.3007     5.3018     0.0011   3.346050   3.346538   0.000492    34.2307    34.2351     5.7075     5.4285    -0.2791    27.0303    27.0337    34.2306    27.0302    1483.97    1483.99     5.3005  1030.5830    34.3937 0.0000e+00
      28058  16.903774  -38.44987  -52.89133      0.845    1502.75    776.000    768.714     5.3675     5.3686     0.0011     5.3023     5.3034     0.0011   3.346286   3.346780   0.000493    34.2314    34.2359     5.7013     5.4368    -0.2645    27.0307    27.0341    34.2311    27.0304    1484.00    1484.01     5.3021  1030.5878    34.3942 0.0000e+00
      28115  16.903801  -38.44987  -52.89133      0.426    1502.75    777.000    769.715     5.3646     5.3669     0.0024     5.2993     5.3016     0.0023   3.345960   3.346630   0.000666    34.2308    34.2360     5.6708     5.4225    -0.2483    27.0306    27.0344    34.2298    27.0298    1484.00    1484.02     5.2991  1030.5917    34.3929 0.0000e+00
