Pos-Processados/process_op38/operantar38_021.ros
* Sea-Bird SBE 9 Data File:
* FileName = D:\OPERANTAR_XXXVIII\DADOS\OP38_021.hdr
* Software Version Seasave V 7.18c
* Temperature SN = 4808
* Conductivity SN = 3380
* Number of Bytes Per Scan = 34
* Number of Voltage Words = 3
* Number of Scans Averaged by the Deck Unit = 1
* NMEA Latitude = 62 13.30 S
* NMEA Longitude = 058 22.74 W
* NMEA UTC (Time) = Nov 22 2019 13:35:38
** H41
** NAVIO POLAR ALMIRANTE MAXIMIANO
** CRUZEIRO:
** OPERANTAR XXXVIII
** ESTAÇÃO: OP38_021
** LAT 62 13,29'S
** LONG 058 22,75'W
** 09P73767-1155_A
** PROFUNDIDADE: 271
** DATA/HORA: 221336Z/NOV/2019
** OPERADOR: SO-HN CHAVES
# nquan = 26
# nvalues = 1423                                  
# units = specified
# name 0 = scan: Scan Count
# name 1 = timeJ: Julian Days
# name 2 = latitude: Latitude [deg]
# name 3 = longitude: Longitude [deg]
# name 4 = dz/dtM: Descent Rate [m/s]
# name 5 = avgsvCM: Average Sound Velocity [Chen-Millero, m/s]
# name 6 = prDM: Pressure, Digiquartz [db]
# name 7 = depSM: Depth [salt water, m]
# name 8 = t090C: Temperature [ITS-90, deg C]
# name 9 = t190C: Temperature, 2 [ITS-90, deg C]
# name 10 = T2-T190C: Temperature Difference, 2 - 1 [ITS-90, deg C]
# name 11 = potemp090C: Potential Temperature [ITS-90, deg C]
# name 12 = potemp190C: Potential Temperature, 2 [ITS-90, deg C]
# name 13 = potemp90Cdiff: Potential Temperature, Diff, 2 - 1 [ITS-90, deg C]
# name 14 = c0S/m: Conductivity [S/m]
# name 15 = c1S/m: Conductivity, 2 [S/m]
# name 16 = C2-C1S/m: Conductivity Difference, 2 - 1 [S/m]
# name 17 = sal00: Salinity, Practical [PSU]
# name 18 = sal11: Salinity, Practical, 2 [PSU]
# name 19 = sbeox0ML/L: Oxygen, SBE 43 [ml/l]
# name 20 = sbeox1ML/L: Oxygen, SBE 43, 2 [ml/l]
# name 21 = sbeox0ML/Ldiff: Oxygen, SBE 43, Diff, 2 - 1 [ml/l]
# name 22 = sigma-é00: Density [sigma-theta, kg/m^3]
# name 23 = sigma-é11: Density, 2 [sigma-theta, kg/m^3]
# name 24 = nbf: Bottles Fired
# name 25 = flag:  0.000e+00
# interval = seconds: 0.0416667
# start_time = Nov 22 2019 13:35:38 [NMEA time, header]
# bad_flag = -9.990e-29
*END*
[from data line 1171]
      21556 326.576807  -62.22180  -58.37914     -0.061    1447.92      2.771      2.745    -0.3566    -0.3662    -0.0097    -0.3566    -0.3663    -0.0097   2.812149   2.811972  -0.000177    34.1817    34.1902     7.5773     8.7224     1.1451    27.4631    27.4704          7  0.000e+00
      21557 326.576807  -62.22180  -58.37914     -0.054    1447.92      2.819      2.792    -0.3581    -0.3654    -0.0073    -0.3582    -0.3655    -0.0073   2.812035   2.811995  -0.000039    34.1819    34.1895     7.5779     8.7226     1.1446    27.4633    27.4698          7  0.000e+00
      21558 326.576808  -62.22180  -58.37914     -0.052    1447.92      2.771      2.745    -0.3594    -0.3649    -0.0055    -0.3595    -0.3649    -0.0055   2.811975   2.812013   0.000038    34.1825    34.1892     7.5784     8.7169     1.1385    27.4639    27.4695          7  0.000e+00
      21559 326.576808  -62.22180  -58.37914     -0.047    1447.92      2.819      2.792    -0.3586    -0.3645    -0.0059    -0.3587    -0.3646    -0.0059   2.811945   2.812036   0.000091    34.1812    34.1890     7.5786     8.7207     1.1421    27.4628    27.4694          7  0.000e+00
      21560 326.576809  -62.22180  -58.37914     -0.039    1447.92      2.819      2.792    -0.3579    -0.3650    -0.0071    -0.3580    -0.3651    -0.0071   2.812011   2.812082   0.000071    34.1813    34.1902     7.5786     8.7209     1.1423    27.4629    27.4704          7  0.000e+00
      21561 326.576809  -62.22180  -58.37914     -0.037    1447.92      2.771      2.745    -0.3574    -0.3643    -0.0070    -0.3575    -0.3644    -0.0070   2.812119   2.812117  -0.000002    34.1822    34.1900     7.5793     8.7151     1.1358    27.4635    27.4702          7  0.000e+00
      21562 326.576810  -62.22180  -58.37914     -0.031    1447.92      2.819      2.792    -0.3560    -0.3646    -0.0086    -0.3561    -0.3646    -0.0086   2.812227   2.812128  -0.000099    34.1820    34.1904     7.5800     8.7142     1.1342    27.4633    27.4705          7  0.000e+00
      21563 326.576810  -62.22180  -58.37914     -0.026    1447.92      2.819      2.792    -0.3545    -0.3642    -0.0096    -0.3546    -0.3642    -0.0096   2.812329   2.812163  -0.000166    34.1818    34.1904     7.5798     8.7131     1.1333    27.4631    27.4705          7  0.000e+00
      21564 326.576811  -62.22180  -58.37914     -0.019    1447.92      2.819      2.792    -0.3540    -0.3642    -0.0103    -0.3540    -0.3643    -0.0103   2.812359   2.812180  -0.000179    34.1815    34.1907     7.5798     8.7121     1.1323    27.4628    27.4707          7  0.000e+00
      21565 326.576811  -62.22180  -58.37914     -0.013    1447.92      2.819      2.792    -0.3540    -0.3642    -0.0102    -0.3540    -0.3642    -0.0102   2.812401   2.812197  -0.000204    34.1821    34.1908     7.5799     8.7111     1.1312    27.4633    27.4708          7  0.000e+00
      21566 326.576812  -62.22180  -58.37914     -0.011    1447.92      2.819      2.792    -0.3537    -0.3646    -0.0109    -0.3538    -0.3646    -0.0109   2.812347   2.812267  -0.000081    34.1810    34.1922     7.5799     8.7102     1.1302    27.4624    27.4720          7  0.000e+00
      21567 326.576812  -62.22180  -58.37914     -0.007    1447.92      2.840      2.812    -0.3532    -0.3643    -0.0112    -0.3532    -0.3644    -0.0112   2.812329   2.812244  -0.000086    34.1802    34.1916     7.5799     8.7092     1.1293    27.4617    27.4715          7  0.000e+00
      21568 326.576813  -62.22180  -58.37914      0.003    1447.92      2.874      2.846    -0.3530    -0.3647    -0.0117    -0.3531    -0.3648    -0.0117   2.812299   2.812272  -0.000027    34.1796    34.1924     7.5799     8.7083     1.1284    27.4613    27.4721          7  0.000e+00
      21569 326.576813  -62.22180  -58.37914      0.005    1447.92      2.819      2.792    -0.3540    -0.3648    -0.0108    -0.3540    -0.3649    -0.0108   2.812251   2.812261   0.000010    34.1801    34.1924     7.5808     8.7073     1.1265    27.4617    27.4721          7  0.000e+00
      21570 326.576814  -62.22180  -58.37914      0.017    1447.92      2.922      2.894    -0.3564    -0.3649    -0.0084    -0.3565    -0.3650    -0.0084   2.812053   2.812296   0.000243    34.1802    34.1929     7.5815     8.7053     1.1238    27.4618    27.4725          7  0.000e+00
      21571 326.576814  -62.22180  -58.37914      0.020    1447.92      2.819      2.792    -0.3601    -0.3649    -0.0048    -0.3602    -0.3650    -0.0048   2.811848   2.812313   0.000464    34.1816    34.1933     7.5821     8.7041     1.1221    27.4632    27.4729          7  0.000e+00
      21572 326.576815  -62.22180  -58.37914      0.026    1447.92      2.874      2.846    -0.3600    -0.3655    -0.0055    -0.3601    -0.3656    -0.0055   2.811842   2.812313   0.000471    34.1813    34.1939     7.5820     8.7033     1.1213    27.4630    27.4733          7  0.000e+00
      21573 326.576815  -62.22180  -58.37914      0.031    1447.92      2.874      2.846    -0.3587    -0.3654    -0.0066    -0.3588    -0.3655    -0.0066   2.811890   2.812313   0.000422    34.1806    34.1938     7.5809     8.6965     1.1156    27.4623    27.4733          7  0.000e+00
      21574 326.576816  -62.22180  -58.37914      0.034    1447.92      2.874      2.846    -0.3583    -0.3653    -0.0070    -0.3584    -0.3654    -0.0070   2.811951   2.812290   0.000339    34.1809    34.1934     7.5806     8.7002     1.1196    27.4625    27.4729          7  0.000e+00
      21575 326.576816  -62.22180  -58.37914      0.042    1447.92      2.922      2.894    -0.3578    -0.3653    -0.0074    -0.3579    -0.3653    -0.0074   2.811969   2.812284   0.000315    34.1806    34.1932     7.5803     8.6992     1.1189    27.4623    27.4728          7  0.000e+00
      21576 326.576817  -62.22180  -58.37914      0.047    1447.92      2.874      2.846    -0.3583    -0.3656    -0.0073    -0.3584    -0.3657    -0.0073   2.811999   2.812221   0.000222    34.1815    34.1928     7.5801     8.6983     1.1183    27.4630    27.4725          7  0.000e+00
      21577 326.576817  -62.22180  -58.37914      0.055    1447.92      2.922      2.894    -0.3577    -0.3654    -0.0077    -0.3577    -0.3655    -0.0077   2.812053   2.812244   0.000191    34.1815    34.1928     7.5789     8.6916     1.1127    27.4630    27.4725          7  0.000e+00
      21578 326.576818  -62.22180  -58.37914      0.056    1447.92      2.874      2.846    -0.3578    -0.3658    -0.0080    -0.3579    -0.3659    -0.0080   2.812011   2.812197   0.000187    34.1812    34.1927     7.5786     8.6896     1.1110    27.4627    27.4724          7  0.000e+00
      21579 326.576818  -62.22180  -58.37914      0.063    1447.92      2.922      2.894    -0.3587    -0.3654    -0.0066    -0.3588    -0.3655    -0.0066   2.811963   2.812163   0.000200    34.1815    34.1917     7.5784     8.6876     1.1092    27.4631    27.4716          7  0.000e+00
      21580 326.576819  -62.22180  -58.37914      0.067    1447.92      2.922      2.894    -0.3601    -0.3656    -0.0055    -0.3602    -0.3657    -0.0055   2.811866   2.812134   0.000267    34.1818    34.1916     7.5783     8.6857     1.1074    27.4634    27.4715          7  0.000e+00
      21581 326.576819  -62.22180  -58.37914      0.072    1447.92      2.922      2.894    -0.3615    -0.3651    -0.0036    -0.3616    -0.3652    -0.0036   2.811734   2.812082   0.000348    34.1816    34.1903     7.5782     8.6838     1.1056    27.4632    27.4704          7  0.000e+00
      21582 326.576820  -62.22180  -58.37914      0.078    1447.92      2.922      2.894    -0.3623    -0.3656    -0.0033    -0.3624    -0.3657    -0.0033   2.811632   2.812053   0.000421    34.1811    34.1905     7.5780     8.6763     1.0983    27.4629    27.4706          7  0.000e+00
      21583 326.576820  -62.22180  -58.37914      0.082    1447.92      2.922      2.894    -0.3629    -0.3656    -0.0027    -0.3630    -0.3657    -0.0027   2.811500   2.811943   0.000444    34.1800    34.1890     7.5776     8.6746     1.0970    27.4620    27.4694          7  0.000e+00
      21584 326.576821  -62.22180  -58.37914      0.084    1447.92      2.922      2.894    -0.3634    -0.3655    -0.0021    -0.3635    -0.3656    -0.0021   2.811404   2.811932   0.000528    34.1792    34.1887     7.5773     8.6719     1.0946    27.4614    27.4692          7  0.000e+00
      21585 326.576821  -62.22180  -58.37914      0.093    1447.92      2.990      2.962    -0.3642    -0.3649    -0.0008    -0.3643    -0.3650    -0.0008   2.811350   2.811897   0.000548    34.1794    34.1876     7.5769     8.6704     1.0935    27.4616    27.4683          7  0.000e+00
      21586 326.576821  -62.22180  -58.37914      0.095    1447.92      2.922      2.894    -0.3657    -0.3650     0.0007    -0.3658    -0.3651     0.0007   2.811332   2.811828   0.000496    34.1809    34.1868     7.5766     8.6691     1.0925    27.4629    27.4676          7  0.000e+00
      21587 326.576822  -62.22180  -58.37914      0.100    1447.92      2.970      2.941    -0.3659    -0.3646     0.0012    -0.3659    -0.3647     0.0012   2.811314   2.811828   0.000514    34.1808    34.1863     7.5760     8.6621     1.0861    27.4628    27.4672          7  0.000e+00
      21588 326.576822  -62.22180  -58.37914      0.101    1447.92      2.922      2.894    -0.3659    -0.3653     0.0006    -0.3659    -0.3653     0.0006   2.811314   2.811753   0.000439    34.1808    34.1861     7.5804     8.6658     1.0854    27.4628    27.4670          7  0.000e+00
      21589 326.576823  -62.22180  -58.37914      0.104    1447.92      2.970      2.941    -0.3659    -0.3647     0.0012    -0.3659    -0.3648     0.0012   2.811308   2.811730   0.000422    34.1807    34.1851     7.5805     8.6649     1.0844    27.4627    27.4662          7  0.000e+00
      21590 326.576823  -62.22180  -58.37914      0.107    1447.92      2.970      2.941    -0.3669    -0.3646     0.0023    -0.3670    -0.3647     0.0023   2.811265   2.811747   0.000482    34.1814    34.1853     7.5756     8.6630     1.0874    27.4633    27.4663          7  0.000e+00
      21591 326.576824  -62.22180  -58.37914      0.110    1447.92      2.970      2.941    -0.3674    -0.3647     0.0027    -0.3675    -0.3648     0.0027   2.811278   2.811672   0.000395    34.1821    34.1843     7.5756     8.6566     1.0810    27.4639    27.4656          7  0.000e+00
      21592 326.576824  -62.22180  -58.37914      0.112    1447.92      2.970      2.941    -0.3673    -0.3645     0.0028    -0.3674    -0.3646     0.0028   2.811259   2.811684   0.000424    34.1817    34.1842     7.5756     8.6550     1.0794    27.4636    27.4655          7  0.000e+00
      21593 326.576825  -62.22180  -58.37914      0.113    1447.92      2.970      2.941    -0.3667    -0.3642     0.0024    -0.3668    -0.3643     0.0024   2.811308   2.811660   0.000353    34.1816    34.1836     7.5746     8.6524     1.0778    27.4635    27.4650          7  0.000e+00
      21594 326.576825  -62.22180  -58.37914      0.114    1447.92      2.970      2.941    -0.3663    -0.3645     0.0018    -0.3664    -0.3646     0.0018   2.811338   2.811666   0.000329    34.1817    34.1840     7.5745     8.6501     1.0756    27.4635    27.4653          7  0.000e+00
      21595 326.576826  -62.22180  -58.37914      0.121    1447.92      3.024      2.995    -0.3663    -0.3646     0.0018    -0.3664    -0.3646     0.0018   2.811374   2.811655   0.000281    34.1821    34.1839     7.5744     8.6490     1.0746    27.4639    27.4652          7  0.000e+00
      21596 326.576826  -62.22180  -58.37914      0.118    1447.92      2.970      2.941    -0.3659    -0.3643     0.0015    -0.3659    -0.3644     0.0015   2.811404   2.811684   0.000280    34.1820    34.1841     7.5742     8.6480     1.0737    27.4638    27.4654          7  0.000e+00
      21597 326.576827  -62.22180  -58.37914      0.117    1447.92      2.970      2.941    -0.3659    -0.3650     0.0008    -0.3659    -0.3651     0.0008   2.811440   2.811684   0.000244    34.1825    34.1848     7.5741     8.6474     1.0732    27.4642    27.4660          7  0.000e+00
      21598 326.576827  -62.22180  -58.37914      0.117    1447.92      3.024      2.995    -0.3656    -0.3649     0.0006    -0.3657    -0.3650     0.0006   2.811440   2.811655   0.000215    34.1821    34.1843     7.5741     8.6469     1.0728    27.4639    27.4656          7  0.000e+00
      21599 326.576828  -62.22180  -58.37914      0.119    1447.92      2.970      2.941    -0.3653    -0.3647     0.0006    -0.3654    -0.3648     0.0006   2.811476   2.811707   0.000231    34.1823    34.1848     7.5739     8.6464     1.0725    27.4640    27.4660          7  0.000e+00
      21600 326.576828  -62.22180  -58.37914      0.119    1447.92      2.970      2.941    -0.3651    -0.3648     0.0003    -0.3652    -0.3649     0.0003   2.811458   2.811666   0.000208    34.1819    34.1843     7.5738     8.6462     1.0724    27.4637    27.4656          7  0.000e+00
      21601 326.576829  -62.22180  -58.37914      0.120    1447.92      3.024      2.995    -0.3651    -0.3649     0.0002    -0.3652    -0.3650     0.0002   2.811500   2.811707   0.000207    34.1824    34.1849     7.5738     8.6405     1.0667    27.4641    27.4661          7  0.000e+00
      21602 326.576829  -62.22180  -58.37914      0.117    1447.92      2.970      2.941    -0.3657    -0.3648     0.0010    -0.3658    -0.3649     0.0010   2.811458   2.811730   0.000272    34.1826    34.1852     7.5738     8.6395     1.0657    27.4643    27.4663          7  0.000e+00
      21603 326.576830  -62.22180  -58.37914      0.118    1447.92      3.045      3.016    -0.3671    -0.3650     0.0021    -0.3672    -0.3651     0.0021   2.811464   2.811707   0.000243    34.1842    34.1851     7.5740     8.6390     1.0650    27.4656    27.4662          7  0.000e+00
      21604 326.576830  -62.22180  -58.37914      0.117    1447.92      2.970      2.941    -0.3676    -0.3651     0.0025    -0.3677    -0.3652     0.0025   2.811446   2.811736   0.000290    34.1845    34.1856     7.5740     8.6385     1.0645    27.4659    27.4667          7  0.000e+00
      21605 326.576831  -62.22180  -58.37914      0.112    1447.92      2.970      2.941    -0.3693    -0.3655     0.0038    -0.3693    -0.3656     0.0038   2.811416   2.811712   0.000297    34.1860    34.1857     7.5742     8.6384     1.0642    27.4672    27.4668          7  0.000e+00
      21606 326.576831  -62.22180  -58.37914      0.113    1447.92      3.024      2.995    -0.3724    -0.3653     0.0071    -0.3725    -0.3654     0.0071   2.811356   2.811684   0.000328    34.1887    34.1851     7.5697     8.6327     1.0630    27.4695    27.4662          7  0.000e+00
      21607 326.576832  -62.22180  -58.37914      0.111    1447.92      3.024      2.995    -0.3750    -0.3658     0.0092    -0.3751    -0.3659     0.0092   2.811314   2.811678   0.000364    34.1911    34.1856     7.5745     8.6309     1.0564    27.4716    27.4667          7  0.000e+00
      21608 326.576832  -62.22180  -58.37914      0.107    1447.92      2.970      2.941    -0.3749    -0.3654     0.0095    -0.3750    -0.3655     0.0095   2.811308   2.811678   0.000370    34.1909    34.1852     7.5744     8.6302     1.0558    27.4714    27.4663          7  0.000e+00
      21609 326.576833  -62.22180  -58.37914      0.104    1447.92      2.970      2.941    -0.3728    -0.3656     0.0072    -0.3729    -0.3657     0.0072   2.811290   2.811695   0.000406    34.1884    34.1857     7.5740     8.6357     1.0617    27.4692    27.4667          7  0.000e+00
      21610 326.576833  -62.22180  -58.37914      0.097    1447.92      2.970      2.941    -0.3710    -0.3653     0.0057    -0.3711    -0.3653     0.0057   2.811260   2.811597   0.000337    34.1859    34.1839     7.5737     8.6356     1.0619    27.4671    27.4653          7  0.000e+00
