Pos-Processados/process_op38/operantar38_008B.ros
* Sea-Bird SBE 9 Data File:
* FileName = D:\OPERANTAR_XXXVIII\DADOS\OP38_008B.hdr
* Software Version Seasave V 7.18c
* Temperature SN = 4808
* Conductivity SN = 3380
* Number of Bytes Per Scan = 31
* Number of Voltage Words = 2
* Number of Scans Averaged by the Deck Unit = 1
* NMEA Latitude = 44 36.43 S
* NMEA Longitude = 052 08.36 W
* NMEA UTC (Time) = Oct 20 2019 02:21:12
** H41
** NAVIO POLAR ALMIRANTE MAXIMIANO
** CRUZEIRO:
** OPERANTAR XXXVIII
** ESTAÇÃO:
** LAT
** LONG
** 09P73767-1155
** PROFUNDIDADE:
** DATA/HORA: 20022Z/OUT/19
** OPERADOR: CTTECCHIO
# nquan = 27
# nvalues = 579                                   
# units = specified
# name 0 = scan: Scan Count
# name 1 = timeJ: Julian Days
# name 2 = latitude: Latitude [deg]
# name 3 = longitude: Longitude [deg]
# name 4 = dz/dtM: Descent Rate [m/s]
# name 5 = avgsvCM: Average Sound Velocity [Chen-Millero, m/s]
# name 6 = prDM: Pressure, Digiquartz [db]
# name 7 = depSM: Depth [salt water, m]
# name 8 = t090C: Temperature [ITS-90, deg C]
# name 9 = t190C: Temperature, 2 [ITS-90, deg C]
# name 10 = T2-T190C: Temperature Difference, 2 - 1 [ITS-90, deg C]
# name 11 = potemp090C: Potential Temperature [ITS-90, deg C]
# name 12 = potemp190C: Potential Temperature, 2 [ITS-90, deg C]
# name 13 = potemp90Cdiff: Potential Temperature, Diff, 2 - 1 [ITS-90, deg C]
# name 14 = c0S/m: Conductivity [S/m]
# name 15 = c1S/m: Conductivity, 2 [S/m]
# name 16 = C2-C1S/m: Conductivity Difference, 2 - 1 [S/m]
# name 17 = sal00: Salinity, Practical [PSU]
# name 18 = sal11: Salinity, Practical, 2 [PSU]
# name 19 = sbeox0ML/L: Oxygen, SBE 43 [ml/l]
# name 20 = sigma-é00: Density [sigma-theta, kg/m^3]
# name 21 = sigma-é11: Density, 2 [sigma-theta, kg/m^3]
# name 22 = sbox0Mm/Kg: Oxygen, SBE 43 [umol/kg]
# name 23 = oxsolMm/Kg: Oxygen Saturation, Garcia & Gordon [umol/kg]
# name 24 = oxsatMm/Kg: Oxygen Saturation, Weiss [umol/kg]
# name 25 = nbf: Bottles Fired
# name 26 = flag:  0.000e+00
# interval = seconds: 0.0416667
# start_time = Oct 20 2019 02:21:12 [NMEA time, header]
# bad_flag = -9.990e-29
*END*
[from data line 430]
      10628 293.103180  -44.60464  -52.13640     -0.071       0.00      3.195      3.169    11.7824    11.7829     0.0006    11.7820    11.7825     0.0006   3.957257   3.957891   0.000634    34.7856    34.7913     6.2036    26.4639    26.4683    269.911  264.85373  264.85616          3  0.000e+00
      10629 293.103181  -44.60464  -52.13640     -0.065       0.00      3.195      3.169    11.7817    11.7830     0.0013    11.7813    11.7826     0.0013   3.957223   3.957924   0.000702    34.7858    34.7915     6.2030    26.4643    26.4685    269.882  264.85670  264.85918          3  0.000e+00
      10630 293.103181  -44.60464  -52.13640     -0.057       0.00      3.250      3.224    11.7814    11.7832     0.0018    11.7809    11.7827     0.0018   3.957140   3.957891   0.000751    34.7853    34.7910     6.1989    26.4640    26.4680    269.704  264.85969  264.86220          3  0.000e+00
      10631 293.103182  -44.60464  -52.13640     -0.056       0.00      3.147      3.122    11.7814    11.7828     0.0014    11.7810    11.7824     0.0014   3.957168   3.957891   0.000724    34.7857    34.7914     6.1974    26.4642    26.4684    269.642  264.85910  264.86162          3  0.000e+00
      10632 293.103182  -44.60464  -52.13640     -0.045       0.00      3.250      3.224    11.7812    11.7832     0.0019    11.7808    11.7827     0.0019   3.957154   3.957878   0.000724    34.7856    34.7909     6.1965    26.4642    26.4679    269.602  264.85998  264.86250          3  0.000e+00
      10633 293.103183  -44.60464  -52.13640     -0.040       0.00      3.195      3.169    11.7817    11.7832     0.0015    11.7813    11.7827     0.0015   3.957175   3.957891   0.000717    34.7854    34.7910     6.1920    26.4639    26.4681    269.405  264.85776  264.86024          3  0.000e+00
      10634 293.103183  -44.60464  -52.13640     -0.031       0.00      3.250      3.224    11.7815    11.7830     0.0015    11.7811    11.7826     0.0015   3.957161   3.957878   0.000717    34.7854    34.7910     6.1908    26.4640    26.4681    269.353  264.85877  264.86127          3  0.000e+00
      10635 293.103184  -44.60464  -52.13640     -0.029       0.00      3.147      3.122    11.7814    11.7826     0.0012    11.7810    11.7822     0.0012   3.957147   3.957891   0.000744    34.7854    34.7916     6.1930    26.4640    26.4686    269.448  264.85930  264.86181          3  0.000e+00
      10636 293.103184  -44.60464  -52.13640     -0.020       0.00      3.250      3.224    11.7814    11.7825     0.0011    11.7809    11.7821     0.0011   3.957175   3.957872   0.000697    34.7857    34.7914     6.1887    26.4642    26.4685    269.263  264.85906  264.86157          3  0.000e+00
      10637 293.103185  -44.60464  -52.13640     -0.017       0.00      3.195      3.169    11.7817    11.7823     0.0006    11.7813    11.7819     0.0006   3.957209   3.957845   0.000636    34.7857    34.7914     6.1875    26.4642    26.4685    269.209  264.85695  264.85943          3  0.000e+00
      10638 293.103185  -44.60464  -52.13640     -0.008       0.00      3.250      3.224    11.7817    11.7824     0.0007    11.7813    11.7820     0.0007   3.957188   3.957806   0.000617    34.7855    34.7909     6.1864    26.4640    26.4680    269.163  264.85755  264.86003          3  0.000e+00
      10639 293.103186  -44.60464  -52.13640     -0.005       0.00      3.195      3.169    11.7817    11.7822     0.0005    11.7813    11.7818     0.0005   3.957209   3.957779   0.000570    34.7857    34.7909     6.1853    26.4642    26.4681    269.114  264.85713  264.85961          3  0.000e+00
      10640 293.103186  -44.60464  -52.13640      0.000       0.00      3.195      3.169    11.7817    11.7817    -0.0001    11.7813    11.7813    -0.0001   3.957195   3.957760   0.000564    34.7856    34.7912     6.1811    26.4640    26.4684    268.933  264.85720  264.85968          3  0.000e+00
      10641 293.103187  -44.60464  -52.13640      0.007       0.00      3.250      3.224    11.7820    11.7818    -0.0002    11.7816    11.7814    -0.0002   3.957182   3.957812   0.000631    34.7851    34.7915     6.1802    26.4637    26.4687    268.892  264.85642  264.85887          3  0.000e+00
      10642 293.103187  -44.60464  -52.13640      0.007       0.00      3.195      3.169    11.7817    11.7819     0.0002    11.7813    11.7815     0.0002   3.957209   3.957786   0.000577    34.7857    34.7912     6.1790    26.4642    26.4684    268.839  264.85713  264.85961          3  0.000e+00
      10643 293.103188  -44.60464  -52.13640      0.014       0.00      3.250      3.224    11.7817    11.7817    -0.0001    11.7813    11.7812    -0.0001   3.957195   3.957760   0.000564    34.7855    34.7911     6.1782    26.4640    26.4684    268.804  264.85724  264.85973          3  0.000e+00
      10644 293.103188  -44.60464  -52.13640      0.017       0.00      3.195      3.169    11.7817    11.7813    -0.0004    11.7813    11.7809    -0.0004   3.957182   3.957766   0.000585    34.7855    34.7915     6.1774    26.4640    26.4688    268.769  264.85763  264.86012          3  0.000e+00
      10645 293.103189  -44.60464  -52.13640      0.018       0.00      3.195      3.169    11.7814    11.7814     0.0001    11.7809    11.7810     0.0001   3.957161   3.957760   0.000599    34.7856    34.7914     6.1767    26.4641    26.4686    268.740  264.85927  264.86178          3  0.000e+00
      10646 293.103189  -44.60464  -52.13640      0.021       0.00      3.195      3.169    11.7814    11.7815     0.0001    11.7810    11.7811     0.0001   3.957147   3.957786   0.000639    34.7854    34.7916     6.1761    26.4640    26.4688    268.712  264.85934  264.86185          3  0.000e+00
      10647 293.103190  -44.60464  -52.13640      0.025       0.00      3.250      3.223    11.7814    11.7817     0.0003    11.7809    11.7812     0.0003   3.957147   3.957779   0.000632    34.7854    34.7913     6.1755    26.4640    26.4686    268.689  264.85957  264.86207          3  0.000e+00
      10648 293.103190  -44.60464  -52.13640      0.025       0.00      3.195      3.169    11.7814    11.7817     0.0003    11.7809    11.7813     0.0003   3.957127   3.957760   0.000633    34.7852    34.7912     6.1750    26.4639    26.4684    268.665  264.85990  264.86241          3  0.000e+00
      10649 293.103191  -44.60464  -52.13640      0.025       0.00      3.195      3.169    11.7812    11.7814     0.0002    11.7808    11.7810     0.0002   3.955185   3.957740   0.002554    34.7663    34.7912     6.1756    26.4492    26.4685    268.696  264.89612  264.89840          3  0.000e+00
      10650 293.103191  -44.60464  -52.13640      0.026       0.00      3.195      3.169    11.7812    11.7813     0.0002    11.7808    11.7809     0.0002   3.953636   3.957779   0.004144    34.7512    34.7917     6.1758    26.4374    26.4689    268.709  264.92480  264.92689          3  0.000e+00
      10651 293.103192  -44.60464  -52.13640      0.022       0.00      3.174      3.149    11.7810    11.7817     0.0006    11.7806    11.7813     0.0006   3.955371   3.957740   0.002369    34.7683    34.7910     6.1749    26.4508    26.4683    268.663  264.89342  264.89574          3  0.000e+00
      10652 293.103192  -44.60462  -52.13640      0.022       0.00      3.195      3.169    11.7804    11.7817     0.0013    11.7799    11.7813     0.0013   3.956818   3.957760   0.000942    34.7831    34.7912     6.1745    26.4624    26.4684    268.643  264.86935  264.87191          3  0.000e+00
      10653 293.103193  -44.60462  -52.13640      0.025       0.00      3.250      3.223    11.7807    11.7816     0.0009    11.7803    11.7812     0.0009   3.957079   3.957760   0.000681    34.7854    34.7912     6.1780    26.4641    26.4685    268.796  264.86335  264.86590          3  0.000e+00
      10654 293.103193  -44.60462  -52.13640      0.023       0.00      3.195      3.169    11.7808    11.7817     0.0008    11.7804    11.7813     0.0008   3.957106   3.957720   0.000614    34.7855    34.7908     6.1785    26.4642    26.4681    268.816  264.86226  264.86481          3  0.000e+00
      10655 293.103193  -44.60462  -52.13640      0.023       0.00      3.195      3.169    11.7807    11.7813     0.0006    11.7803    11.7809     0.0006   3.957140   3.957694   0.000553    34.7860    34.7908     6.1756    26.4646    26.4682    268.691  264.86199  264.86455          3  0.000e+00
      10656 293.103194  -44.60462  -52.13640      0.020       0.00      3.195      3.169    11.7807    11.7809     0.0002    11.7803    11.7805     0.0002   3.957099   3.957648   0.000548    34.7856    34.7907     6.1760    26.4643    26.4682    268.707  264.86292  264.86548          3  0.000e+00
      10657 293.103194  -44.60462  -52.13640      0.019       0.00      3.195      3.169    11.7805    11.7805    -0.0000    11.7801    11.7801    -0.0000   3.957024   3.957674   0.000650    34.7850    34.7914     6.1764    26.4639    26.4688    268.729  264.86503  264.86760          3  0.000e+00
      10658 293.103195  -44.60462  -52.13640      0.019       0.00      3.195      3.169    11.7800    11.7803     0.0003    11.7796    11.7799     0.0003   3.957038   3.957641   0.000604    34.7856    34.7912     6.1767    26.4644    26.4687    268.739  264.86658  264.86919          3  0.000e+00
      10659 293.103195  -44.60462  -52.13640      0.016       0.00      3.195      3.169    11.7805    11.7803    -0.0002    11.7801    11.7798    -0.0002   3.957072   3.957654   0.000582    34.7855    34.7914     6.1803    26.4642    26.4689    268.898  264.86415  264.86672          3  0.000e+00
      10660 293.103196  -44.60462  -52.13640      0.013       0.00      3.147      3.122    11.7805    11.7807     0.0002    11.7801    11.7803     0.0002   3.957079   3.957661   0.000582    34.7856    34.7912     6.1812    26.4643    26.4686    268.937  264.86398  264.86656          3  0.000e+00
      10661 293.103196  -44.60462  -52.13640      0.013       0.00      3.250      3.223    11.7805    11.7802    -0.0004    11.7801    11.7797    -0.0004   3.957079   3.957661   0.000582    34.7855    34.7916     6.1855    26.4642    26.4690    269.121  264.86389  264.86645          3  0.000e+00
      10662 293.103197  -44.60462  -52.13640      0.010       0.00      3.195      3.169    11.7808    11.7800    -0.0008    11.7804    11.7796    -0.0008   3.957106   3.957661   0.000555    34.7855    34.7917     6.1830    26.4642    26.4692    269.011  264.86226  264.86481          3  0.000e+00
      10663 293.103197  -44.60462  -52.13640      0.009       0.00      3.195      3.169    11.7805    11.7797    -0.0008    11.7801    11.7793    -0.0008   3.957086   3.957635   0.000549    34.7856    34.7917     6.1838    26.4644    26.4692    269.047  264.86389  264.86647          3  0.000e+00
      10664 293.103198  -44.60462  -52.13640      0.009       0.00      3.195      3.169    11.7807    11.7797    -0.0011    11.7803    11.7793    -0.0011   3.957079   3.957628   0.000549    34.7853    34.7917     6.1846    26.4641    26.4692    269.082  264.86312  264.86567          3  0.000e+00
      10665 293.103198  -44.60462  -52.13640      0.005       0.00      3.195      3.169    11.7808    11.7798    -0.0010    11.7804    11.7794    -0.0010   3.956983   3.957628   0.000645    34.7843    34.7916     6.1889    26.4633    26.4691    269.272  264.86453  264.86706          3  0.000e+00
      10666 293.103199  -44.60462  -52.13640      0.005       0.00      3.195      3.169    11.7805    11.7799    -0.0006    11.7801    11.7795    -0.0006   3.956448   3.957654   0.001207    34.7793    34.7917     6.1873    26.4594    26.4692    269.200  264.87544  264.87793          3  0.000e+00
      10667 293.103199  -44.60462  -52.13640      0.004       0.00      3.195      3.169    11.7807    11.7805    -0.0002    11.7803    11.7801    -0.0002   3.956674   3.957661   0.000987    34.7814    34.7913     6.1881    26.4610    26.4687    269.238  264.87074  264.87325          3  0.000e+00
      10668 293.103200  -44.60462  -52.13640      0.000       0.00      3.195      3.169    11.7804    11.7805     0.0001    11.7799    11.7801     0.0001   3.956990   3.957641   0.000652    34.7848    34.7911     6.1922    26.4638    26.4686    269.415  264.86620  264.86877          3  0.000e+00
      10669 293.103200  -44.60462  -52.13640     -0.003       0.00      3.147      3.121    11.7802    11.7805     0.0003    11.7798    11.7801     0.0003   3.957017   3.957654   0.000637    34.7853    34.7912     6.1932    26.4641    26.4687    269.459  264.86620  264.86879          3  0.000e+00
      10670 293.103201  -44.60462  -52.13640     -0.002       0.00      3.250      3.223    11.7802    11.7803     0.0001    11.7797    11.7798     0.0001   3.957010   3.957635   0.000624    34.7852    34.7912     6.1947    26.4641    26.4687    269.523  264.86659  264.86918          3  0.000e+00
      10671 293.103201  -44.60462  -52.13640     -0.003       0.00      3.195      3.169    11.7802    11.7797    -0.0005    11.7798    11.7793    -0.0005   3.957038   3.957608   0.000571    34.7855    34.7915     6.1958    26.4643    26.4691    269.569  264.86604  264.86863          3  0.000e+00
      10672 293.103202  -44.60462  -52.13640     -0.009       0.00      3.147      3.121    11.7799    11.7795    -0.0004    11.7795    11.7791    -0.0004   3.957017   3.957562   0.000545    34.7856    34.7913     6.1969    26.4644    26.4689    269.618  264.86746  264.87008          3  0.000e+00
      10673 293.103202  -44.60462  -52.13640     -0.007       0.00      3.250      3.223    11.7797    11.7796    -0.0001    11.7793    11.7792    -0.0001   3.957038   3.957562   0.000524    34.7859    34.7911     6.1982    26.4647    26.4688    269.673  264.86788  264.87052          3  0.000e+00
      10674 293.103203  -44.60462  -52.13640     -0.008       0.00      3.195      3.169    11.7798    11.7795    -0.0003    11.7794    11.7791    -0.0003   3.957017   3.957555   0.000538    34.7856    34.7912     6.1993    26.4644    26.4688    269.722  264.86767  264.87030          3  0.000e+00
      10675 293.103203  -44.60462  -52.13640     -0.009       0.00      3.195      3.169    11.7799    11.7790    -0.0009    11.7795    11.7786    -0.0009   3.956990   3.957529   0.000540    34.7853    34.7914     6.2005    26.4642    26.4691    269.775  264.86800  264.87062          3  0.000e+00
      10676 293.103204  -44.60462  -52.13638     -0.010       0.00      3.195      3.169    11.7797    11.7793    -0.0004    11.7793    11.7788    -0.0004   3.956983   3.957522   0.000540    34.7854    34.7911     6.2014    26.4643    26.4688    269.816  264.86884  264.87148          3  0.000e+00
      10677 293.103204  -44.60462  -52.13638     -0.011       0.00      3.195      3.169    11.7798    11.7795    -0.0003    11.7794    11.7791    -0.0003   3.957024   3.957549   0.000525    34.7857    34.7911     6.2023    26.4645    26.4688    269.855  264.86755  264.87017          3  0.000e+00
      10678 293.103205  -44.60462  -52.13638     -0.012       0.00      3.195      3.169    11.7797    11.7788    -0.0009    11.7793    11.7784    -0.0009   3.956996   3.957536   0.000539    34.7855    34.7916     6.2033    26.4644    26.4693    269.897  264.86859  264.87123          3  0.000e+00
      10679 293.103205  -44.60462  -52.13638     -0.009       0.00      3.195      3.169    11.7795    11.7792    -0.0003    11.7791    11.7788    -0.0003   3.957003   3.957549   0.000546    34.7858    34.7914     6.2040    26.4646    26.4691    269.925  264.86919  264.87184          3  0.000e+00
      10680 293.103206  -44.60462  -52.13638     -0.013       0.00      3.195      3.169    11.7797    11.7794    -0.0003    11.7793    11.7790    -0.0003   3.956983   3.957529   0.000546    34.7854    34.7910     6.2046    26.4643    26.4687    269.952  264.86884  264.87148          3  0.000e+00
