Pos-Processados/process_op38/operantar38_003.cnv
* Sea-Bird SBE 9 Data File:
* FileName = D:\OPERANTAR_XXXVIII\DADOS\OP38_003.hdr
* Software Version Seasave V 7.12
* Temperature SN = 4808
* Conductivity SN = 3380
* Number of Bytes Per Scan = 31
* Number of Voltage Words = 2
* Number of Scans Averaged by the Deck Unit = 1
* NMEA Latitude = 39 32.86 S
* NMEA Longitude = 054 23.47 W
* NMEA UTC (Time) = Jan 17 2019 09:09:24
** H41
** NAVIO POLAR ALMIRANTE MAXIMIANO
** CRUZEIRO:
** OPERANTAR XXXVIII
** ESTAวรO: OP38_003
** LAT 39บ 32,87' S
** LONG 054บ 23,45' W
** 09P73767-1155
** PROFUNDIDADE: 2920 m
** DATA/HORA: 170909Z/OUT/2019
** OPERADOR: SO-HN CHAVES
# nquan = 33
# nvalues = 2037                        
# units = specified
# name 0 = scan: Scan Count
# name 1 = timeJ: Julian Days
# name 2 = latitude: Latitude [deg]
# name 3 = longitude: Longitude [deg]
# name 4 = dz/dtM: Descent Rate [m/s]
# name 5 = avgsvCM: Average Sound Velocity [Chen-Millero, m/s]
# name 6 = prDM: Pressure, Digiquartz [db]
# name 7 = depSM: Depth [salt water, m]
# name 8 = t090C: Temperature [ITS-90, deg C]
# name 9 = t190C: Temperature, 2 [ITS-90, deg C]
# name 10 = T2-T190C: Temperature Difference, 2 - 1 [ITS-90, deg C]
# name 11 = potemp090C: Potential Temperature [ITS-90, deg C]
# name 12 = potemp190C: Potential Temperature, 2 [ITS-90, deg C]
# name 13 = potemp90Cdiff: Potential Temperature, Diff, 2 - 1 [ITS-90, deg C]
# name 14 = c0S/m: Conductivity [S/m]
# name 15 = c1S/m: Conductivity, 2 [S/m]
# name 16 = C2-C1S/m: Conductivity Difference, 2 - 1 [S/m]
# name 17 = sal00: Salinity, Practical [PSU]
# name 18 = sal11: Salinity, Practical, 2 [PSU]
# name 19 = sbeox0ML/L: Oxygen, SBE 43 [ml/l]
# name 20 = sigma-้00: Density [sigma-theta, kg/m^3]
# name 21 = sigma-้11: Density, 2 [sigma-theta, kg/m^3]
# name 22 = sbox0Mm/Kg: Oxygen, SBE 43 [umol/kg]
# name 23 = oxsolMm/Kg: Oxygen Saturation, Garcia & Gordon [umol/kg]
# name 24 = oxsatMm/Kg: Oxygen Saturation, Weiss [umol/kg]
# name 25 = sal00: Salinity, Practical [PSU]
# name 26 = sigma-้00: Density [sigma-theta, kg/m^3]
# name 27 = svCM: Sound Velocity [Chen-Millero, m/s]
# name 28 = svCM1: Sound Velocity, 2 [Chen-Millero, m/s]
# name 29 = gsw_ptA0: potential temperature [ITS-90, deg C]
# name 30 = gsw_densityA0: density, TEOS-10 [density, kg/m^3]
# name 31 = gsw_saA0: Absolute Salinity [g/kg]
# name 32 = flag:
# span 0 =       2637,      55419       
# span 1 =  17.382799,  17.408253       
# span 2 =  -39.54778,  -39.54770       
# span 3 =  -54.39123,  -54.39118       
# span 4 =     -1.648,      1.572       
# span 5 =      -0.02,    1474.64       
# span 6 =      5.000,   1027.000       
# span 7 =      4.983,   1016.654       
# span 8 =     2.5646,     6.7340       
# span 9 =     2.5661,     6.7344       
# span 10 =    -0.0598,     0.0480      
# span 11 =     2.4982,     6.7336      
# span 12 =     2.4996,     6.7340      
# span 13 =    -0.0598,     0.0480      
# span 14 =   3.109510,   3.423164      
# span 15 =   3.109967,   3.423747      
# span 16 =  -0.004577,   0.004732      
# span 17 =    34.0578,    34.5114      
# span 18 =    34.0634,    34.5159      
# span 19 =     3.8602,     7.5169      
# span 20 =    26.7475,    27.5394      
# span 21 =    26.7519,    27.5428      
# span 22 =    167.775,    326.939      
# span 23 =  297.20034,  327.24321      
# span 24 =  297.65337,  328.26970      
# span 25 =    34.0512,    34.5112      
# span 26 =    26.7468,    27.5392      
# span 27 =    1466.67,    1476.79      
# span 28 =    1466.68,    1476.80      
# span 29 =     2.4981,     6.7335      
# span 30 =  1026.7721,  1032.3077      
# span 31 =    34.2120,    34.6774      
# span 32 = 0.0000e+00, 0.0000e+00      
# interval = decibars: 1                
# start_time = Jan 17 2019 09:09:24 [NMEA time, header]
# bad_flag = -9.990e-29
*END*
[from data line 308]
      10717  17.386695  -39.54776  -54.39122      1.098    1468.35    313.000    310.379     3.4669     3.4680     0.0011     3.4464     3.4475     0.0011   3.148534   3.149025   0.000492    34.1170    34.1217     6.1791    27.1386    27.1423    268.667  321.02581  321.89878    34.1159    27.1378    1468.36    1468.37     3.4464  1028.5958    34.2775 0.0000e+00
      10747  17.386710  -39.54776  -54.39122      0.847    1468.35    314.000    311.370     3.4648     3.4659     0.0011     3.4443     3.4454     0.0011   3.148375   3.148878   0.000503    34.1168    34.1216     6.1759    27.1387    27.1425    268.528  321.04262  321.91589    34.1157    27.1378    1468.37    1468.38     3.4442  1028.6004    34.2772 0.0000e+00
      10781  17.386726  -39.54776  -54.39122      0.715    1468.35    315.000    312.361     3.4587     3.4597     0.0010     3.4381     3.4391     0.0010   3.147921   3.148415   0.000493    34.1171    34.1220     6.1656    27.1395    27.1433    268.079  321.08958  321.96376    34.1161    27.1387    1468.36    1468.37     3.4381  1028.6061    34.2776 0.0000e+00
      10809  17.386740  -39.54776  -54.39122      0.788    1468.35    316.000    313.352     3.4540     3.4553     0.0013     3.4333     3.4346     0.0013   3.147504   3.148012   0.000511    34.1170    34.1218     6.1625    27.1399    27.1436    267.943  321.12707  322.00195    34.1155    27.1387    1468.36    1468.37     3.4333  1028.6107    34.2770 0.0000e+00
      10835  17.386752 -9.990e-29  -54.39122      0.909    1468.35    317.000    314.343     3.4454     3.4464     0.0010     3.4246     3.4257     0.0010   3.146876   3.147362   0.000480    34.1177    34.1224     6.1646    27.1413    27.1450    268.036  321.19277  322.06895    34.1164    27.1403    1468.34    1468.35     3.4246  1028.6168    34.2776 0.0000e+00
      10857  17.386763 -9.990e-29  -54.39122      1.004    1468.35    318.000    315.334     3.4416     3.4430     0.0014     3.4208     3.4222     0.0014   3.146576   3.147097   0.000514    34.1178    34.1225     6.1620    27.1417    27.1453    267.922  321.22233  322.09907    34.1163    27.1405    1468.34    1468.35     3.4208  1028.6217    34.2775 0.0000e+00
      10879  17.386774 -9.990e-29  -54.39122      1.073    1468.35    319.000    316.325     3.4355     3.4368     0.0013     3.4147     3.4160     0.0013   3.146113   3.146620   0.000514    34.1180    34.1228     6.1597    27.1424    27.1462    267.823  321.26969  322.14733    34.1166    27.1413    1468.33    1468.34     3.4146  1028.6272    34.2778 0.0000e+00
      10901  17.386784 -9.990e-29  -54.39122      1.105    1468.35    320.000    317.315     3.4234     3.4248     0.0014     3.4025     3.4039     0.0014   3.145094   3.145615   0.000524    34.1193    34.1241     6.1538    27.1447    27.1484    267.568  321.36148  322.24096    34.1165    27.1424    1468.30    1468.31     3.4025  1028.6330    34.2777 0.0000e+00
      10926  17.386797  -39.54776  -54.39122      1.025    1468.35    321.000    318.306     3.4083     3.4094     0.0011     3.3874     3.3885     0.0011   3.144096   3.144584   0.000489    34.1216    34.1264     6.1506    27.1479    27.1516    267.425  321.47383  322.35562    34.1197    27.1465    1468.25    1468.26     3.3874  1028.6420    34.2812 0.0000e+00
      10965  17.386815  -39.54776  -54.39122      0.677    1468.35    322.000    319.297     3.4050     3.4060     0.0010     3.3841     3.3850     0.0010   3.143899   3.144394   0.000496    34.1217    34.1267     6.1335    27.1483    27.1522    266.683  321.49945  322.38173    34.1203    27.1472    1468.26    1468.27     3.3840  1028.6475    34.2819 0.0000e+00
      11002  17.386833  -39.54776  -54.39122      0.599    1468.35    323.000    320.288     3.4034     3.4043     0.0008     3.3824     3.3832     0.0008   3.143851   3.144318   0.000468    34.1220    34.1268     6.1192    27.1487    27.1525    266.060  321.51133  322.39386    34.1209    27.1478    1468.27    1468.27     3.3824  1028.6528    34.2825 0.0000e+00
      11026  17.386845  -39.54776  -54.39122      0.851    1468.35    324.000    321.279     3.4030     3.4041     0.0011     3.3819     3.3830     0.0010   3.143910   3.144401   0.000490    34.1224    34.1272     6.1137    27.1491    27.1528    265.820  321.51361  322.39622    34.1215    27.1484    1468.28    1468.29     3.3819  1028.6579    34.2831 0.0000e+00
      11045  17.386854  -39.54776  -54.39122      1.084    1468.35    325.000    322.270     3.4048     3.4058     0.0010     3.3837     3.3847     0.0010   3.144207   3.144695   0.000486    34.1230    34.1278     6.1103    27.1495    27.1532    265.672  321.49763  322.37999    34.1226    27.1491    1468.31    1468.32     3.3836  1028.6633    34.2842 0.0000e+00
      11065  17.386863  -39.54774  -54.39122      1.211    1468.35    326.000    323.261     3.4046     3.4058     0.0011     3.3834     3.3845     0.0011   3.144235   3.144731   0.000495    34.1234    34.1282     6.1109    27.1498    27.1535    265.700  321.49842  322.38082    34.1226    27.1492    1468.32    1468.33     3.3833  1028.6680    34.2842 0.0000e+00
      11090  17.386876  -39.54774  -54.39122      1.100    1468.35    327.000    324.251     3.4027     3.4035     0.0008     3.3814     3.3822     0.0008   3.144132   3.144610   0.000480    34.1237    34.1286     6.1078    27.1502    27.1541    265.566  321.51318  322.39588    34.1229    27.1496    1468.33    1468.34     3.3813  1028.6731    34.2845 0.0000e+00
      11128  17.386894  -39.54774  -54.39123      0.676    1468.35    328.000    325.242     3.4010     3.4018     0.0008     3.3797     3.3804     0.0008   3.144081   3.144564   0.000482    34.1241    34.1291     6.0989    27.1507    27.1546    265.178  321.52509  322.40805    34.1235    27.1502    1468.34    1468.35     3.3796  1028.6784    34.2851 0.0000e+00
      11164  17.386911  -39.54776  -54.39122      0.626    1468.35    329.000    326.233     3.3980     3.3990     0.0011     3.3766     3.3776     0.0011   3.143825   3.144316   0.000491    34.1241    34.1290     6.0967    27.1510    27.1548    265.080  321.54893  322.43235    34.1231    27.1502    1468.35    1468.36     3.3765  1028.6830    34.2847 0.0000e+00
      11190  17.386924  -39.54776  -54.39122      0.832    1468.35    330.000    327.224     3.3849     3.3865     0.0016     3.3635     3.3650     0.0015   3.142569   3.143122   0.000553    34.1232    34.1282     6.0893    27.1515    27.1553    264.761  321.65364  322.53895    34.1211    27.1498    1468.30    1468.32     3.3634  1028.6874    34.2827 0.0000e+00
      11211  17.386934  -39.54776  -54.39122      1.028    1468.35    331.000    328.214     3.3769     3.3782     0.0013     3.3554     3.3566     0.0013   3.142037   3.142548   0.000513    34.1235    34.1283     6.0871    27.1525    27.1562    264.665  321.71611  322.60263    34.1226    27.1518    1468.29    1468.30     3.3554  1028.6941    34.2842 0.0000e+00
      11232  17.386944  -39.54776  -54.39122      1.139    1468.35    332.000    329.205     3.3796     3.3809     0.0012     3.3581     3.3593     0.0012   3.142407   3.142897   0.000486    34.1241    34.1287     6.0830    27.1528    27.1563    264.486  321.69264  322.57878    34.1236    27.1524    1468.32    1468.33     3.3580  1028.6993    34.2852 0.0000e+00
      11254  17.386955  -39.54776  -54.39122      1.130    1468.35    333.000    330.196     3.3811     3.3822     0.0011     3.3594     3.3606     0.0011   3.142584   3.143066   0.000485    34.1243    34.1290     6.0846    27.1528    27.1564    264.555  321.68105  322.56698    34.1237    27.1523    1468.34    1468.35     3.3594  1028.7038    34.2853 0.0000e+00
      11277  17.386966  -39.54776  -54.39122      1.054    1468.35    334.000    331.187     3.3802     3.3812     0.0010     3.3585     3.3595     0.0010   3.142560   3.143038   0.000477    34.1245    34.1291     6.0881    27.1530    27.1566    264.707  321.68761  322.57367    34.1238    27.1524    1468.35    1468.36     3.3585  1028.7086    34.2854 0.0000e+00
      11302  17.386978  -39.54776  -54.39122      0.993    1468.35    335.000    332.178     3.3783     3.3794     0.0010     3.3566     3.3576     0.0010   3.142470   3.142945   0.000476    34.1248    34.1294     6.0965    27.1534    27.1570    265.072  321.70166  322.58801    34.1242    27.1529    1468.36    1468.37     3.3565  1028.7138    34.2858 0.0000e+00
      11330  17.386991  -39.54776  -54.39122      0.919    1468.35    336.000    333.168     3.3773     3.3781     0.0007     3.3555     3.3562     0.0007   3.142436   3.142909   0.000474    34.1248    34.1298     6.0912    27.1536    27.1574    264.840  321.70952  322.59603    34.1243    27.1531    1468.37    1468.38     3.3554  1028.7186    34.2859 0.0000e+00
      11366  17.387008  -39.54776  -54.39122      0.711    1468.35    337.000    334.159     3.3766     3.3773     0.0008     3.3547     3.3554     0.0007   3.142430   3.142918   0.000489    34.1249    34.1300     6.0866    27.1537    27.1577    264.643  321.71514  322.60176    34.1244    27.1533    1468.39    1468.40     3.3546  1028.7235    34.2861 0.0000e+00
      11404  17.387027  -39.54776  -54.39122      0.599    1468.35    338.000    335.150     3.3759     3.3766     0.0008     3.3539     3.3546     0.0008   3.142417   3.142886   0.000470    34.1249    34.1297     6.0867    27.1538    27.1576    264.644  321.72079  322.60751    34.1245    27.1534    1468.40    1468.41     3.3539  1028.7282    34.2861 0.0000e+00
      11430  17.387039  -39.54776  -54.39122      0.798    1468.35    339.000    336.141     3.3750     3.3760     0.0010     3.3530     3.3540     0.0010   3.142387   3.142880   0.000487    34.1250    34.1298     6.0815    27.1539    27.1577    264.418  321.72717  322.61402    34.1245    27.1535    1468.41    1468.42     3.3529  1028.7330    34.2861 0.0000e+00
      11450  17.387049  -39.54776  -54.39122      1.028    1468.35    340.000    337.131     3.3703     3.3714     0.0010     3.3482     3.3493     0.0010   3.141963   3.142447   0.000491    34.1249    34.1298     6.0827    27.1543    27.1581    264.472  321.76400  322.65155    34.1238    27.1534    1468.41    1468.42     3.3482  1028.7375    34.2854 0.0000e+00
      11469  17.387058  -39.54776  -54.39122      1.207    1468.35    341.000    338.122     3.3596     3.3603     0.0008     3.3375     3.3382     0.0008   3.140984   3.141476   0.000488    34.1249    34.1299     6.0873    27.1553    27.1593    264.673  321.84897  322.73812    34.1228    27.1536    1468.38    1468.39     3.3374  1028.7425    34.2844 0.0000e+00
      11488  17.387067  -39.54776  -54.39122      1.289    1468.35    342.000    339.113     3.3498     3.3512     0.0013     3.3277     3.3290     0.0013   3.140284   3.140797   0.000511    34.1256    34.1303     6.0829    27.1568    27.1605    264.479  321.92366  322.81428    34.1240    27.1555    1468.35    1468.37     3.3276  1028.7491    34.2857 0.0000e+00
      11512  17.387079  -39.54776  -54.39122      1.125    1468.35    343.000    340.104     3.3348     3.3360     0.0013     3.3126     3.3138     0.0013   3.138964   3.139480   0.000513    34.1257    34.1306     6.0778    27.1583    27.1621    264.259  322.04198  322.93485    34.1234    27.1565    1468.30    1468.32     3.3126  1028.7548    34.2851 0.0000e+00
      11542  17.387094  -39.54776  -54.39122      0.833    1468.35    344.000    341.094     3.3172     3.3195     0.0023     3.2950     3.2973     0.0023   3.137504   3.138106   0.000599    34.1261    34.1309     6.0765    27.1602    27.1639    264.202  322.17914  323.07464    34.1237    27.1583    1468.25    1468.26     3.2950  1028.7615    34.2853 0.0000e+00
      11571  17.387107  -39.54776  -54.39122      0.820    1468.35    345.000    342.085     3.3107     3.3115     0.0008     3.2884     3.2893     0.0008   3.137029   3.137512   0.000486    34.1260    34.1310     6.0753    27.1608    27.1647    264.148  322.23086  323.12734    34.1243    27.1594    1468.24    1468.25     3.2884  1028.7673    34.2859 0.0000e+00
      11597  17.387120  -39.54776  -54.39122      0.886    1468.35    346.000    343.076     3.3090     3.3100     0.0010     3.2867     3.2877     0.0010   3.136968   3.137446   0.000480    34.1261    34.1308     6.0706    27.1610    27.1647    263.946  322.24386  323.14059    34.1248    27.1600    1468.25    1468.26     3.2866  1028.7725    34.2864 0.0000e+00
      11624  17.387133  -39.54774  -54.39122      0.907    1468.35    347.000    344.067     3.3091     3.3097     0.0006     3.2867     3.2873     0.0006   3.137016   3.137475   0.000459    34.1260    34.1308     6.0671    27.1609    27.1648    263.794  322.24384  323.14055    34.1247    27.1600    1468.27    1468.27     3.2867  1028.7772    34.2864 0.0000e+00
      11652  17.387146  -39.54776  -54.39122      0.876    1468.35    348.000    345.057     3.3070     3.3081     0.0011     3.2845     3.2856     0.0011   3.136889   3.137385   0.000499    34.1260    34.1309     6.0657    27.1612    27.1650    263.729  322.26022  323.15725    34.1249    27.1603    1468.27    1468.28     3.2845  1028.7821    34.2866 0.0000e+00
      11681  17.387160  -39.54776  -54.39122      0.841    1468.35    349.000    346.048     3.3046     3.3049     0.0003     3.2821     3.2824     0.0003   3.136742   3.137165   0.000422    34.1262    34.1310     6.0645    27.1616    27.1654    263.679  322.27833  323.17573    34.1251    27.1607    1468.28    1468.29     3.2820  1028.7872    34.2867 0.0000e+00
      11709  17.387174  -39.54776  -54.39122      0.827    1468.35    350.000    347.039     3.3003     3.3013     0.0010     3.2777     3.2787     0.0009   3.136411   3.136893   0.000479    34.1263    34.1311     6.0641    27.1620    27.1658    263.662  322.31202  323.21006    34.1250    27.1610    1468.28    1468.29     3.2777  1028.7922    34.2867 0.0000e+00
      11734  17.387186  -39.54775  -54.39122      0.902    1468.35    351.000    348.029     3.2928     3.2937     0.0008     3.2702     3.2710     0.0008   3.135801   3.136267   0.000467    34.1267    34.1315     6.0590    27.1631    27.1668    263.441  322.37000  323.26917    34.1250    27.1617    1468.26    1468.27     3.2702  1028.7976    34.2867 0.0000e+00
      11755  17.387196  -39.54774  -54.39122      1.043    1468.35    352.000    349.020     3.2866     3.2877     0.0011     3.2639     3.2651     0.0011   3.135349   3.135843   0.000494    34.1270    34.1318     6.0629    27.1639    27.1676    263.609  322.41842  323.31854    34.1256    27.1628    1468.25    1468.26     3.2639  1028.8034    34.2873 0.0000e+00
      11773  17.387205  -39.54774  -54.39122      1.204    1468.35    353.000    350.011     3.2834     3.2849     0.0014     3.2607     3.2621     0.0014   3.135164   3.135667   0.000499    34.1274    34.1320     6.0642    27.1646    27.1680    263.664  322.44235  323.34295    34.1261    27.1635    1468.26    1468.27     3.2607  1028.8088    34.2878 0.0000e+00
      11790  17.387213  -39.54776  -54.39122      1.327    1468.35    354.000    351.001     3.2804     3.2818     0.0014     3.2576     3.2590     0.0014   3.134961   3.135458   0.000500    34.1276    34.1321     6.0625    27.1650    27.1685    263.589  322.46605  323.36712    34.1264    27.1640    1468.26    1468.27     3.2576  1028.8139    34.2881 0.0000e+00
      11809  17.387222  -39.54776  -54.39122      1.338    1468.35    355.000    351.992     3.2792     3.2807     0.0015     3.2564     3.2579     0.0015   3.134923   3.135438   0.000512    34.1276    34.1323     6.0607    27.1651    27.1687    263.512  322.47485  323.37609    34.1266    27.1643    1468.27    1468.28     3.2563  1028.8188    34.2883 0.0000e+00
