Pos-Processados/process_op38/operantar38_007.ros
* Sea-Bird SBE 9 Data File:
* FileName = D:\OPERANTAR_XXXVIII\DADOS\OP38_007.hdr
* Software Version Seasave V 7.18c
* Temperature SN = 4808
* Conductivity SN = 3380
* Number of Bytes Per Scan = 31
* Number of Voltage Words = 2
* Number of Scans Averaged by the Deck Unit = 1
* NMEA Latitude = 44 52.70 S
* NMEA Longitude = 051 46.25 W
* NMEA UTC (Time) = Oct 19 2019 21:28:45
** H41
** NAVIO POLAR ALMIRANTE MAXIMIANO
** CRUZEIRO:
** OPERANTAR XXXVIII
** ESTAÇÃO: OP38_007
** LAT 44 52,70' S
** LONG 051 46,27' W
** 09P73767-1155
** PROFUNDIDADE: 5881
** DATA/HORA: 192130Z/OUT/2019
** OPERADOR: SO-HN CHAVES
# nquan = 27
# nvalues = 4186                                  
# units = specified
# name 0 = scan: Scan Count
# name 1 = timeJ: Julian Days
# name 2 = latitude: Latitude [deg]
# name 3 = longitude: Longitude [deg]
# name 4 = dz/dtM: Descent Rate [m/s]
# name 5 = avgsvCM: Average Sound Velocity [Chen-Millero, m/s]
# name 6 = prDM: Pressure, Digiquartz [db]
# name 7 = depSM: Depth [salt water, m]
# name 8 = t090C: Temperature [ITS-90, deg C]
# name 9 = t190C: Temperature, 2 [ITS-90, deg C]
# name 10 = T2-T190C: Temperature Difference, 2 - 1 [ITS-90, deg C]
# name 11 = potemp090C: Potential Temperature [ITS-90, deg C]
# name 12 = potemp190C: Potential Temperature, 2 [ITS-90, deg C]
# name 13 = potemp90Cdiff: Potential Temperature, Diff, 2 - 1 [ITS-90, deg C]
# name 14 = c0S/m: Conductivity [S/m]
# name 15 = c1S/m: Conductivity, 2 [S/m]
# name 16 = C2-C1S/m: Conductivity Difference, 2 - 1 [S/m]
# name 17 = sal00: Salinity, Practical [PSU]
# name 18 = sal11: Salinity, Practical, 2 [PSU]
# name 19 = sbeox0ML/L: Oxygen, SBE 43 [ml/l]
# name 20 = sigma-é00: Density [sigma-theta, kg/m^3]
# name 21 = sigma-é11: Density, 2 [sigma-theta, kg/m^3]
# name 22 = sbox0Mm/Kg: Oxygen, SBE 43 [umol/kg]
# name 23 = oxsolMm/Kg: Oxygen Saturation, Garcia & Gordon [umol/kg]
# name 24 = oxsatMm/Kg: Oxygen Saturation, Weiss [umol/kg]
# name 25 = nbf: Bottles Fired
# name 26 = flag:  0.000e+00
# interval = seconds: 0.0416667
# start_time = Oct 19 2019 21:28:45 [NMEA time, header]
# bad_flag = -9.990e-29
*END*
[from data line 3490]
      66056 292.926821  -44.87832  -51.77094      0.349    1474.80     41.294     40.955     9.4962     9.4960    -0.0002     9.4917     9.4914    -0.0002   3.728155   3.728792   0.000637    34.6365    34.6434     6.2403    26.7535    26.7589    271.431  278.34891  278.53607         21  0.000e+00
      66057 292.926821  -44.87832  -51.77094      0.345    1474.80     41.191     40.853     9.4962     9.4960    -0.0002     9.4917     9.4914    -0.0002   3.728155   3.728792   0.000637    34.6366    34.6434     6.2402    26.7535    26.7589    271.424  278.34881  278.53597         21  0.000e+00
      66058 292.926821  -44.87832  -51.77094      0.348    1474.80     41.294     40.955     9.4962     9.4960    -0.0002     9.4917     9.4914    -0.0002   3.728155   3.728792   0.000637    34.6365    34.6434     6.2402    26.7535    26.7589    271.425  278.34891  278.53607         21  0.000e+00
      66059 292.926822  -44.87832  -51.77094      0.350    1474.80     41.294     40.955     9.4961     9.4957    -0.0004     9.4915     9.4911    -0.0004   3.728175   3.728721   0.000546    34.6369    34.6429     6.2405    26.7538    26.7586    271.438  278.34910  278.53628         21  0.000e+00
      66060 292.926822  -44.87832  -51.77094      0.350    1474.80     41.294     40.955     9.4961     9.4962     0.0001     9.4915     9.4916     0.0001   3.728168   3.728740   0.000572    34.6368    34.6427     6.2445    26.7537    26.7583    271.614  278.34924  278.53642         21  0.000e+00
      66061 292.926823  -44.87832  -51.77094      0.351    1474.80     41.294     40.955     9.4962     9.4963     0.0001     9.4917     9.4917     0.0001   3.728155   3.728779   0.000624    34.6365    34.6429     6.2411    26.7535    26.7585    271.465  278.34891  278.53607         21  0.000e+00
      66062 292.926823  -44.87832  -51.77094      0.351    1474.80     41.294     40.955     9.4962     9.4958    -0.0004     9.4917     9.4913    -0.0004   3.728155   3.728792   0.000637    34.6365    34.6435     6.2410    26.7535    26.7590    271.463  278.34891  278.53607         21  0.000e+00
      66063 292.926824  -44.87832  -51.77094      0.352    1474.80     41.342     41.003     9.4962     9.4963     0.0001     9.4917     9.4917     0.0001   3.728175   3.728766   0.000591    34.6367    34.6428     6.2410    26.7536    26.7584    271.461  278.34853  278.53570         21  0.000e+00
      66064 292.926824  -44.87832  -51.77094      0.348    1474.80     41.294     40.955     9.4961     9.4962     0.0001     9.4915     9.4916     0.0001   3.728161   3.728779   0.000617    34.6367    34.6431     6.2413    26.7537    26.7586    271.475  278.34938  278.53656         21  0.000e+00
      66065 292.926825  -44.87832  -51.77094      0.352    1474.80     41.397     41.057     9.4962     9.4959    -0.0003     9.4917     9.4913    -0.0003   3.728135   3.728766   0.000631    34.6363    34.6431     6.2414    26.7533    26.7587    271.476  278.34942  278.53658         21  0.000e+00
      66066 292.926825  -44.87832  -51.77094      0.350    1474.80     41.342     41.003     9.4961     9.4960    -0.0001     9.4915     9.4914    -0.0001   3.728168   3.728740   0.000572    34.6368    34.6428     6.2413    26.7537    26.7584    271.472  278.34928  278.53646         21  0.000e+00
      66067 292.926826  -44.87832  -51.77094      0.344    1474.80     41.342     41.003     9.4962     9.4960    -0.0002     9.4917     9.4914    -0.0002   3.728168   3.728721   0.000553    34.6366    34.6426     6.2412    26.7536    26.7583    271.469  278.34867  278.53584         21  0.000e+00
      66068 292.926826  -44.87832  -51.77094      0.340    1474.80     41.342     41.003     9.4962     9.4958    -0.0004     9.4917     9.4913    -0.0004   3.728135   3.728747   0.000612    34.6363    34.6430     6.2416    26.7533    26.7586    271.485  278.34937  278.53653         21  0.000e+00
      66069 292.926827  -44.87832  -51.77094      0.337    1474.80     41.342     41.003     9.4962     9.4960    -0.0002     9.4917     9.4914    -0.0002   3.728148   3.728779   0.000631    34.6364    34.6432     6.2415    26.7534    26.7587    271.483  278.34909  278.53625         21  0.000e+00
      66070 292.926827  -44.87832  -51.77094      0.336    1474.80     41.397     41.057     9.4961     9.4957    -0.0004     9.4915     9.4911    -0.0004   3.728135   3.728792   0.000657    34.6364    34.6436     6.2416    26.7534    26.7591    271.485  278.35003  278.53720         21  0.000e+00
      66071 292.926828  -44.87832  -51.77094      0.333    1474.80     41.397     41.057     9.4961     9.4958    -0.0003     9.4915     9.4912    -0.0003   3.728168   3.728766   0.000598    34.6368    34.6432     6.2415    26.7537    26.7588    271.483  278.34933  278.53651         21  0.000e+00
      66072 292.926828  -44.87832  -51.77094      0.328    1474.80     41.397     41.057     9.4964     9.4958    -0.0006     9.4919     9.4912    -0.0006   3.728141   3.728779   0.000637    34.6361    34.6433     6.2415    26.7532    26.7589    271.480  278.34846  278.53560         21  0.000e+00
      66073 292.926829  -44.87832  -51.77094      0.322    1474.80     41.397     41.057     9.4961     9.4958    -0.0003     9.4915     9.4912    -0.0003   3.728208   3.728734   0.000525    34.6372    34.6429     6.2414    26.7540    26.7585    271.479  278.34850  278.53569         21  0.000e+00
      66074 292.926829  -44.87832  -51.77094      0.318    1474.80     41.397     41.057     9.4962     9.4963     0.0001     9.4917     9.4917     0.0001   3.728195   3.728779   0.000584    34.6369    34.6429     6.2414    26.7538    26.7584    271.477  278.34817  278.53534         21  0.000e+00
      66075 292.926830  -44.87832  -51.77094      0.311    1474.80     41.397     41.057     9.4961     9.4958    -0.0003     9.4915     9.4912    -0.0003   3.728208   3.728766   0.000558    34.6372    34.6432     6.2451    26.7540    26.7588    271.638  278.34850  278.53569         21  0.000e+00
      66076 292.926830  -44.87832  -51.77094      0.310    1474.80     41.445     41.105     9.4962     9.4960    -0.0002     9.4917     9.4914    -0.0002   3.728168   3.728759   0.000591    34.6366    34.6429     6.2417    26.7535    26.7586    271.492  278.34877  278.53593         21  0.000e+00
      66077 292.926831  -44.87832  -51.77094      0.300    1474.80     41.397     41.057     9.4964     9.4962    -0.0003     9.4919     9.4916    -0.0003   3.728202   3.728759   0.000558    34.6368    34.6428     6.2416    26.7536    26.7584    271.487  278.34721  278.53436         21  0.000e+00
      66078 292.926831  -44.87832  -51.77094      0.296    1474.80     41.397     41.057     9.4964     9.4961    -0.0003     9.4919     9.4915    -0.0003   3.728222   3.728779   0.000557    34.6370    34.6431     6.2416    26.7538    26.7586    271.485  278.34680  278.53395         21  0.000e+00
      66079 292.926832  -44.87832  -51.77094      0.290    1474.80     41.445     41.105     9.4962     9.4960    -0.0002     9.4917     9.4914    -0.0002   3.728168   3.728792   0.000624    34.6366    34.6433     6.2453    26.7535    26.7588    271.648  278.34877  278.53593         21  0.000e+00
      66080 292.926832  -44.87832  -51.77094      0.283    1474.80     41.397     41.057     9.4964     9.4955    -0.0009     9.4919     9.4909    -0.0009   3.728188   3.728792   0.000603    34.6366    34.6438     6.2418    26.7535    26.7593    271.497  278.34749  278.53464         21  0.000e+00
      66081 292.926833  -44.87832  -51.77094      0.271    1474.80     41.397     41.057     9.4962     9.4963     0.0001     9.4917     9.4917     0.0001   3.728188   3.728792   0.000603    34.6368    34.6430     6.2414    26.7537    26.7585    271.478  278.34831  278.53547         21  0.000e+00
      66082 292.926833  -44.87832  -51.77094      0.264    1474.80     41.445     41.105     9.4964     9.4963    -0.0001     9.4919     9.4917    -0.0001   3.728188   3.728792   0.000603    34.6366    34.6430     6.2413    26.7535    26.7585    271.476  278.34754  278.53468         21  0.000e+00
      66083 292.926834  -44.87832  -51.77094      0.256    1474.80     41.397     41.057     9.4962     9.4965     0.0002     9.4917     9.4919     0.0002   3.728208   3.728811   0.000603    34.6370    34.6430     6.2412    26.7539    26.7585    271.471  278.34789  278.53506         21  0.000e+00
      66084 292.926834  -44.87832  -51.77094      0.247    1474.80     41.397     41.057     9.4966     9.4968     0.0002     9.4920     9.4922     0.0002   3.728195   3.728824   0.000629    34.6366    34.6428     6.2411    26.7535    26.7583    271.466  278.34674  278.53387         21  0.000e+00
      66085 292.926834  -44.87832  -51.77094      0.236    1474.80     41.397     41.057     9.4964     9.4962    -0.0003     9.4919     9.4916    -0.0003   3.728188   3.728824   0.000636    34.6366    34.6435     6.2411    26.7535    26.7590    271.464  278.34749  278.53464         21  0.000e+00
      66086 292.926835  -44.87832  -51.77094      0.228    1474.80     41.397     41.057     9.4964     9.4967     0.0002     9.4919     9.4921     0.0002   3.728168   3.728824   0.000656    34.6364    34.6430     6.2410    26.7534    26.7585    271.461  278.34791  278.53505         21  0.000e+00
      66087 292.926835  -44.87832  -51.77094      0.216    1474.80     41.397     41.057     9.4964     9.4967     0.0002     9.4919     9.4921     0.0002   3.728208   3.728824   0.000616    34.6368    34.6430     6.2409    26.7537    26.7585    271.457  278.34708  278.53423         21  0.000e+00
      66088 292.926836  -44.87832  -51.77094      0.205    1474.80     41.397     41.057     9.4964     9.4965     0.0000     9.4919     9.4919     0.0000   3.728168   3.728824   0.000656    34.6364    34.6432     6.2409    26.7534    26.7586    271.454  278.34791  278.53505         21  0.000e+00
      66089 292.926836  -44.87832  -51.77094      0.194    1474.80     41.342     41.003     9.4962     9.4968     0.0006     9.4917     9.4922     0.0006   3.728202   3.728804   0.000603    34.6370    34.6427     6.2407    26.7539    26.7582    271.449  278.34798  278.53515         21  0.000e+00
      66090 292.926837  -44.87832  -51.77094      0.185    1474.80     41.445     41.105     9.4962     9.4967     0.0004     9.4917     9.4921     0.0004   3.728195   3.728817   0.000622    34.6369    34.6429     6.2407    26.7538    26.7584    271.450  278.34821  278.53538         21  0.000e+00
      66091 292.926837  -44.87832  -51.77094      0.171    1474.80     41.342     41.003     9.4964     9.4971     0.0006     9.4919     9.4925     0.0006   3.728188   3.728824   0.000636    34.6367    34.6426     6.2406    26.7536    26.7581    271.442  278.34744  278.53459         21  0.000e+00
      66092 292.926838  -44.87832  -51.77094      0.163    1474.80     41.397     41.057     9.4964     9.4963    -0.0001     9.4919     9.4917    -0.0001   3.728188   3.728824   0.000636    34.6366    34.6433     6.2405    26.7535    26.7588    271.440  278.34749  278.53464         21  0.000e+00
      66093 292.926838  -44.87832  -51.77094      0.148    1474.80     41.342     41.003     9.4964     9.4967     0.0002     9.4919     9.4921     0.0002   3.728195   3.728843   0.000648    34.6367    34.6432     6.2404    26.7536    26.7587    271.435  278.34730  278.53445         21  0.000e+00
      66094 292.926839  -44.87832  -51.77094      0.136    1474.80     41.342     41.003     9.4964     9.4968     0.0004     9.4919     9.4922     0.0004   3.728242   3.728830   0.000588    34.6372    34.6429     6.2403    26.7540    26.7584    271.431  278.34633  278.53349         21  0.000e+00
      66095 292.926839  -44.87832  -51.77094      0.125    1474.80     41.397     41.057     9.4962     9.4965     0.0002     9.4917     9.4919     0.0002   3.728175   3.728798   0.000623    34.6367    34.6429     6.2403    26.7536    26.7584    271.432  278.34858  278.53575         21  0.000e+00
      66096 292.926840  -44.87832  -51.77094      0.115    1474.80     41.342     41.003     9.4964     9.4970     0.0005     9.4919     9.4924     0.0005   3.728202   3.728824   0.000622    34.6368    34.6427     6.2402    26.7537    26.7582    271.425  278.34716  278.53431         21  0.000e+00
      66097 292.926840  -44.87832  -51.77094      0.100    1474.80     41.342     41.003     9.4961     9.4965     0.0004     9.4915     9.4919     0.0004   3.728222   3.728798   0.000576    34.6373    34.6429     6.2405    26.7542    26.7585    271.439  278.34817  278.53536         21  0.000e+00
      66098 292.926841  -44.87832  -51.77094      0.089    1474.80     41.294     40.956     9.4966     9.4965    -0.0001     9.4920     9.4919    -0.0001   3.728195   3.728792   0.000597    34.6366    34.6429     6.2408    26.7535    26.7584    271.450  278.34665  278.53378         21  0.000e+00
      66099 292.926841  -44.87832  -51.77094      0.076    1474.80     41.342     41.003     9.4964     9.4962    -0.0003     9.4919     9.4916    -0.0003   3.728168   3.728792   0.000624    34.6364    34.6432     6.2408    26.7534    26.7587    271.451  278.34786  278.53500         21  0.000e+00
      66100 292.926842  -44.87832  -51.77094      0.061    1474.80     41.294     40.956     9.4964     9.4963    -0.0001     9.4919     9.4917    -0.0001   3.728208   3.728792   0.000583    34.6369    34.6430     6.2407    26.7537    26.7586    271.446  278.34698  278.53413         21  0.000e+00
      66101 292.926842  -44.87832  -51.77094      0.051    1474.80     41.342     41.003     9.4964     9.4962    -0.0003     9.4919     9.4916    -0.0003   3.728195   3.728792   0.000597    34.6367    34.6432     6.2407    26.7536    26.7587    271.446  278.34730  278.53445         21  0.000e+00
      66102 292.926843  -44.87832  -51.77094      0.035    1474.80     41.240     40.901     9.4961     9.4965     0.0004     9.4915     9.4919     0.0004   3.728161   3.728766   0.000604    34.6368    34.6426     6.2406    26.7537    26.7582    271.443  278.34933  278.53651         21  0.000e+00
      66103 292.926843  -44.87832  -51.77094      0.024    1474.80     41.294     40.956     9.4962     9.4962    -0.0001     9.4917     9.4916    -0.0001   3.728175   3.728785   0.000610    34.6367    34.6431     6.2406    26.7537    26.7587    271.442  278.34849  278.53565         21  0.000e+00
      66104 292.926844  -44.87832  -51.77094      0.011    1474.80     41.294     40.956     9.4966     9.4961    -0.0005     9.4920     9.4915    -0.0005   3.728188   3.728766   0.000578    34.6365    34.6430     6.2405    26.7534    26.7586    271.438  278.34679  278.53392         21  0.000e+00
      66105 292.926844  -44.87832  -51.77094      0.000    1474.80     41.240     40.901     9.4962     9.4963     0.0001     9.4917     9.4917     0.0001   3.728188   3.728779   0.000591    34.6369    34.6429     6.2404    26.7538    26.7585    271.436  278.34816  278.53533         21  0.000e+00
      66106 292.926845  -44.87832  -51.77094     -0.017    1474.80     41.240     40.901     9.4962     9.4958    -0.0004     9.4917     9.4913    -0.0004   3.728195   3.728766   0.000571    34.6370    34.6433     6.2404    26.7538    26.7588    271.433  278.34802  278.53519         21  0.000e+00
      66107 292.926845  -44.87832  -51.77094     -0.027    1474.80     41.240     40.901     9.4964     9.4965     0.0000     9.4919     9.4919     0.0000   3.728161   3.728804   0.000643    34.6364    34.6430     6.2403    26.7534    26.7585    271.431  278.34790  278.53505         21  0.000e+00
      66108 292.926846  -44.87832  -51.77094     -0.040    1474.80     41.192     40.854     9.4962     9.4962    -0.0001     9.4917     9.4916    -0.0001   3.728175   3.728824   0.000649    34.6368    34.6436     6.2403    26.7537    26.7590    271.428  278.34839  278.53556         21  0.000e+00
