Pos-Processados/process_op38/operantar38_018Bb.ros
* Sea-Bird SBE 9 Data File:
* FileName = D:\OPERANTAR_XXXVIII\DADOS\OP38_018Bb.hdr
* Software Version Seasave V 7.18c
* Temperature SN = 4808
* Conductivity SN = 3380
* Number of Bytes Per Scan = 34
* Number of Voltage Words = 3
* Number of Scans Averaged by the Deck Unit = 1
* NMEA Latitude = 62 10.02 S
* NMEA Longitude = 058 22.53 W
* NMEA UTC (Time) = Nov 05 2019 18:22:12
** H41
** NAVIO POLAR ALMIRANTE MAXIMIANO
** CRUZEIRO:
** OPERANTAR XXXVIII
** ESTAÇÃO: OP38_018b
** LAT 62 10,01' S
** LONG 058 22,50' W
** 09P73767-1155_A
** PROFUNDIDADE: 440
** DATA/HORA: 051823Z/NOV/2019
** OPERADOR: SO-HN CHAVES
# nquan = 27
# nvalues = 1843                                  
# units = specified
# name 0 = scan: Scan Count
# name 1 = timeJ: Julian Days
# name 2 = latitude: Latitude [deg]
# name 3 = longitude: Longitude [deg]
# name 4 = dz/dtM: Descent Rate [m/s]
# name 5 = avgsvCM: Average Sound Velocity [Chen-Millero, m/s]
# name 6 = prDM: Pressure, Digiquartz [db]
# name 7 = depSM: Depth [salt water, m]
# name 8 = t090C: Temperature [ITS-90, deg C]
# name 9 = t190C: Temperature, 2 [ITS-90, deg C]
# name 10 = T2-T190C: Temperature Difference, 2 - 1 [ITS-90, deg C]
# name 11 = potemp090C: Potential Temperature [ITS-90, deg C]
# name 12 = potemp190C: Potential Temperature, 2 [ITS-90, deg C]
# name 13 = potemp90Cdiff: Potential Temperature, Diff, 2 - 1 [ITS-90, deg C]
# name 14 = c0S/m: Conductivity [S/m]
# name 15 = c1S/m: Conductivity, 2 [S/m]
# name 16 = C2-C1S/m: Conductivity Difference, 2 - 1 [S/m]
# name 17 = sal00: Salinity, Practical [PSU]
# name 18 = sal11: Salinity, Practical, 2 [PSU]
# name 19 = sbeox0ML/L: Oxygen, SBE 43 [ml/l]
# name 20 = sigma-é00: Density [sigma-theta, kg/m^3]
# name 21 = sigma-é11: Density, 2 [sigma-theta, kg/m^3]
# name 22 = sbox0Mm/Kg: Oxygen, SBE 43 [umol/kg]
# name 23 = oxsolMm/Kg: Oxygen Saturation, Garcia & Gordon [umol/kg]
# name 24 = oxsatMm/Kg: Oxygen Saturation, Weiss [umol/kg]
# name 25 = nbf: Bottles Fired
# name 26 = flag:  0.000e+00
# interval = seconds: 0.0416667
# start_time = Nov 05 2019 18:22:12 [NMEA time, header]
# bad_flag = -9.990e-29
*END*
        446 309.765631  -62.16700  -58.37554      0.004       0.00      2.127      2.106    -0.6258    -0.6240     0.0018    -0.6259    -0.6241     0.0018   2.785845   2.786411   0.000566    34.1318    34.1375     7.6116    27.4347    27.4392    330.856  356.11328  357.71559          1  0.000e+00
        447 309.765632  -62.16700  -58.37554      0.001       0.00      2.093      2.073    -0.6257    -0.6234     0.0023    -0.6258    -0.6235     0.0023   2.785863   2.786416   0.000553    34.1319    34.1368     7.6161    27.4349    27.4387    331.051  356.11182  357.71411          1  0.000e+00
        448 309.765632  -62.16700  -58.37554     -0.003       0.00      2.072      2.052    -0.6256    -0.6237     0.0018    -0.6256    -0.6238     0.0018   2.785875   2.786405   0.000530    34.1320    34.1371     7.6162    27.4349    27.4389    331.056  356.11060  357.71287          1  0.000e+00
        449 309.765633  -62.16700  -58.37554     -0.003       0.00      2.127      2.106    -0.6257    -0.6242     0.0015    -0.6258    -0.6243     0.0015   2.785893   2.786370   0.000477    34.1323    34.1371     7.6112    27.4352    27.4390    330.841  356.11075  357.71306          1  0.000e+00
        450 309.765633  -62.16700  -58.37554     -0.004       0.00      2.127      2.106    -0.6254    -0.6239     0.0015    -0.6255    -0.6240     0.0015   2.785857   2.786399   0.000542    34.1315    34.1371     7.6106    27.4345    27.4390    330.813  356.11029  357.71250          1  0.000e+00
        451 309.765634  -62.16700  -58.37554     -0.004       0.00      2.127      2.106    -0.6258    -0.6244     0.0015    -0.6259    -0.6244     0.0015   2.785863   2.786399   0.000536    34.1321    34.1376     7.6100    27.4349    27.4394    330.788  356.11260  357.71492          1  0.000e+00
        452 309.765634  -62.16700  -58.37554     -0.008       0.00      2.072      2.052    -0.6257    -0.6244     0.0013    -0.6258    -0.6244     0.0013   2.785833   2.786359   0.000526    34.1316    34.1371     7.6144    27.4345    27.4390    330.981  356.11291  357.71518          1  0.000e+00
        453 309.765635  -62.16700  -58.37554     -0.012       0.00      2.072      2.052    -0.6259    -0.6248     0.0011    -0.6259    -0.6249     0.0011   2.785803   2.786359   0.000556    34.1313    34.1377     7.6146    27.4344    27.4394    330.987  356.11512  357.71742          1  0.000e+00
        454 309.765635  -62.16700  -58.37554     -0.012       0.00      2.127      2.107    -0.6262    -0.6251     0.0010    -0.6262    -0.6252     0.0010   2.785791   2.786347   0.000556    34.1315    34.1378     7.6148    27.4345    27.4396    330.995  356.11748  357.71985          1  0.000e+00
        455 309.765636  -62.16700  -58.37554     -0.015       0.00      2.072      2.052    -0.6266    -0.6253     0.0013    -0.6267    -0.6253     0.0013   2.785755   2.786273   0.000517    34.1315    34.1370     7.6149    27.4346    27.4390    330.999  356.12164  357.72411          1  0.000e+00
        456 309.765636  -62.16700  -58.37554     -0.019       0.00      2.072      2.052    -0.6266    -0.6256     0.0010    -0.6266    -0.6257     0.0010   2.785761   2.786232   0.000471    34.1316    34.1368     7.6148    27.4346    27.4388    330.998  356.12105  357.72351          1  0.000e+00
        457 309.765637  -62.16700  -58.37554     -0.018       0.00      2.141      2.120    -0.6266    -0.6259     0.0007    -0.6267    -0.6260     0.0007   2.785749   2.786232   0.000483    34.1314    34.1371     7.6149    27.4345    27.4391    331.001  356.12198  357.72444          1  0.000e+00
        458 309.765637  -62.16700  -58.37554     -0.021       0.00      2.072      2.052    -0.6265    -0.6264     0.0001    -0.6266    -0.6264     0.0001   2.785761   2.786204   0.000442    34.1315    34.1373     7.6147    27.4345    27.4392    330.993  356.12069  357.72313          1  0.000e+00
        459 309.765638  -62.16700  -58.37554     -0.024       0.00      2.072      2.052    -0.6268    -0.6268    -0.0000    -0.6269    -0.6269    -0.0000   2.785749   2.786146   0.000397    34.1317    34.1370     7.6096    27.4347    27.4390    330.768  356.12295  357.72546          1  0.000e+00
        460 309.765638  -62.16700  -58.37554     -0.027       0.00      2.072      2.052    -0.6265    -0.6271    -0.0006    -0.6266    -0.6272    -0.0006   2.785761   2.786106   0.000345    34.1315    34.1369     7.6086    27.4345    27.4389    330.728  356.12069  357.72313          1  0.000e+00
        461 309.765639  -62.16700  -58.37554     -0.030       0.00      2.072      2.052    -0.6266    -0.6273    -0.0007    -0.6266    -0.6274    -0.0007   2.785767   2.786088   0.000321    34.1316    34.1368     7.6129    27.4346    27.4389    330.915  356.12082  357.72329          1  0.000e+00
        462 309.765639  -62.16700  -58.37554     -0.033       0.00      2.072      2.052    -0.6266    -0.6273    -0.0007    -0.6267    -0.6274    -0.0007   2.785767   2.786037   0.000270    34.1317    34.1361     7.6128    27.4347    27.4383    330.910  356.12119  357.72366          1  0.000e+00
        463 309.765639  -62.16700  -58.37554     -0.036       0.00      2.072      2.052    -0.6265    -0.6278    -0.0012    -0.6266    -0.6278    -0.0012   2.785749   2.786042   0.000293    34.1313    34.1367     7.6126    27.4344    27.4388    330.902  356.12114  357.72357          1  0.000e+00
        464 309.765640  -62.16700  -58.37554     -0.038       0.00      2.072      2.052    -0.6265    -0.6284    -0.0019    -0.6266    -0.6284    -0.0019   2.785761   2.786083   0.000322    34.1315    34.1380     7.6124    27.4345    27.4398    330.894  356.12069  357.72313          1  0.000e+00
        465 309.765640  -62.16700  -58.37554     -0.040       0.00      2.072      2.052    -0.6268    -0.6281    -0.0013    -0.6269    -0.6281    -0.0013   2.785725   2.786048   0.000323    34.1313    34.1371     7.6072    27.4344    27.4392    330.664  356.12385  357.72635          1  0.000e+00
        466 309.765641  -62.16700  -58.37554     -0.043       0.00      2.072      2.052    -0.6272    -0.6279    -0.0007    -0.6273    -0.6280    -0.0007   2.785713   2.786042   0.000329    34.1316    34.1369     7.6062    27.4347    27.4390    330.624  356.12684  357.72944          1  0.000e+00
        467 309.765641  -62.16700  -58.37554     -0.044       0.00      2.093      2.073    -0.6274    -0.6284    -0.0009    -0.6275    -0.6284    -0.0009   2.785677   2.786065   0.000388    34.1314    34.1377     7.6053    27.4345    27.4396    330.585  356.12968  357.73231          1  0.000e+00
        468 309.765642  -62.16700  -58.37554     -0.045       0.00      2.072      2.052    -0.6275    -0.6278    -0.0002    -0.6276    -0.6278    -0.0002   2.785665   2.786025   0.000360    34.1314    34.1365     7.6095    27.4345    27.4386    330.766  356.13082  357.73348          1  0.000e+00
        469 309.765642  -62.16700  -58.37554     -0.044       0.00      2.072      2.052    -0.6277    -0.6281    -0.0003    -0.6278    -0.6281    -0.0003   2.785665   2.786019   0.000354    34.1316    34.1367     7.6049    27.4346    27.4388    330.567  356.13191  357.73461          1  0.000e+00
        470 309.765643  -62.16700  -58.37554     -0.046       0.00      2.072      2.052    -0.6279    -0.6281    -0.0002    -0.6280    -0.6281    -0.0002   2.785665   2.786060   0.000394    34.1318    34.1373     7.6048    27.4348    27.4393    330.560  356.13299  357.73574          1  0.000e+00
        471 309.765643  -62.16700  -58.37554     -0.045       0.00      2.072      2.052    -0.6280    -0.6285    -0.0006    -0.6280    -0.6286    -0.0006   2.785665   2.786083   0.000417    34.1318    34.1381     7.6090    27.4349    27.4400    330.742  356.13335  357.73612          1  0.000e+00
        472 309.765644  -62.16700  -58.37554     -0.046       0.00      2.072      2.052    -0.6280    -0.6282    -0.0002    -0.6281    -0.6283    -0.0002   2.785623   2.786077   0.000454    34.1313    34.1377     7.6104    27.4345    27.4396    330.804  356.13530  357.73805          1  0.000e+00
        473 309.765644  -62.16700  -58.37554     -0.047       0.00      2.072      2.052    -0.6285    -0.6282     0.0002    -0.6285    -0.6283     0.0002   2.785569   2.786077   0.000507    34.1311    34.1377     7.6111    27.4343    27.4396    330.835  356.14023  357.74307          1  0.000e+00
        474 309.765645  -62.16700  -58.37554     -0.042       0.00      2.127      2.107    -0.6299    -0.6281     0.0018    -0.6299    -0.6281     0.0018   2.785516   2.786083   0.000567    34.1319    34.1376     7.6069    27.4350    27.4395    330.653  356.15105  357.75423          1  0.000e+00
        475 309.765645  -62.16700  -58.37554     -0.044       0.00      2.024      2.005    -0.6302    -0.6282     0.0020    -0.6303    -0.6283     0.0020   2.785486   2.786094   0.000609    34.1320    34.1380     7.6067    27.4351    27.4398    330.646  356.15417  357.75743          1  0.000e+00
        476 309.765646  -62.16700  -58.37554     -0.042       0.00      2.127      2.107    -0.6302    -0.6278     0.0025    -0.6303    -0.6278     0.0025   2.785498   2.786100   0.000602    34.1321    34.1374     7.6067    27.4352    27.4394    330.646  356.15390  357.75716          1  0.000e+00
        477 309.765646  -62.16700  -58.37554     -0.041       0.00      2.045      2.025    -0.6296    -0.6273     0.0023    -0.6297    -0.6274     0.0023   2.785540   2.786129   0.000589    34.1321    34.1374     7.6065    27.4351    27.4393    330.634  356.14855  357.75169          1  0.000e+00
        478 309.765647  -62.16700  -58.37554     -0.041       0.00      2.072      2.052    -0.6293    -0.6271     0.0022    -0.6293    -0.6272     0.0022   2.785593   2.786129   0.000535    34.1324    34.1372     7.6064    27.4354    27.4391    330.629  356.14439  357.74748          1  0.000e+00
        479 309.765647  -62.16700  -58.37554     -0.038       0.00      2.127      2.107    -0.6293    -0.6274     0.0018    -0.6293    -0.6275     0.0018   2.785569   2.786146   0.000576    34.1320    34.1377     7.6056    27.4351    27.4396    330.598  356.14539  357.74845          1  0.000e+00
        480 309.765648  -62.16700  -58.37554     -0.035       0.00      2.072      2.052    -0.6298    -0.6274     0.0023    -0.6298    -0.6275     0.0023   2.785498   2.786186   0.000689    34.1316    34.1383     7.6101    27.4348    27.4401    330.790  356.15091  357.75404          1  0.000e+00
        481 309.765648  -62.16700  -58.37554     -0.035       0.00      2.072      2.052    -0.6310    -0.6271     0.0038    -0.6310    -0.6272     0.0038   2.785438   2.786163   0.000726    34.1322    34.1376     7.6059    27.4353    27.4395    330.609  356.16077  357.76420          1  0.000e+00
        482 309.765649  -62.16700  -58.37554     -0.035       0.00      2.072      2.052    -0.6310    -0.6265     0.0045    -0.6311    -0.6266     0.0045   2.785384   2.786175   0.000791    34.1315    34.1371     7.6111    27.4347    27.4390    330.835  356.16316  357.76657          1  0.000e+00
        483 309.765649  -62.16700  -58.37554     -0.031       0.00      2.127      2.107    -0.6318    -0.6267     0.0051    -0.6318    -0.6267     0.0051   2.785372   2.786163   0.000791    34.1322    34.1371     7.6061    27.4353    27.4391    330.619  356.16842  357.77202          1  0.000e+00
        484 309.765650  -62.16700  -58.37554     -0.028       0.00      2.072      2.052    -0.6313    -0.6268     0.0045    -0.6314    -0.6269     0.0045   2.785390   2.786163   0.000773    34.1319    34.1373     7.6052    27.4351    27.4392    330.578  356.16475  357.76824          1  0.000e+00
        485 309.765650  -62.16700  -58.37554     -0.027       0.00      2.072      2.052    -0.6309    -0.6271     0.0037    -0.6309    -0.6272     0.0037   2.785420   2.786134   0.000715    34.1318    34.1372     7.6051    27.4350    27.4392    330.573  356.16072  357.76411          1  0.000e+00
        486 309.765651  -62.16700  -58.37554     -0.025       0.00      2.072      2.052    -0.6307    -0.6270     0.0037    -0.6307    -0.6270     0.0037   2.785438   2.786146   0.000708    34.1318    34.1372     7.6051    27.4350    27.4392    330.573  356.15896  357.76231          1  0.000e+00
        487 309.765651  -62.16700  -58.37554     -0.023       0.00      2.093      2.073    -0.6309    -0.6271     0.0037    -0.6309    -0.6272     0.0037   2.785390   2.786140   0.000750    34.1314    34.1373     7.6044    27.4346    27.4393    330.545  356.16189  357.76525          1  0.000e+00
        488 309.765652  -62.16700  -58.37554     -0.019       0.00      2.127      2.107    -0.6318    -0.6270     0.0048    -0.6318    -0.6270     0.0048   2.785336   2.786088   0.000753    34.1317    34.1364     7.6039    27.4349    27.4385    330.523  356.16977  357.77335          1  0.000e+00
        489 309.765652  -62.16700  -58.37554     -0.021       0.00      2.024      2.005    -0.6321    -0.6271     0.0049    -0.6321    -0.6272     0.0049   2.785300   2.786134   0.000835    34.1316    34.1373     7.6031    27.4348    27.4392    330.490  356.17276  357.77640          1  0.000e+00
        490 309.765652  -62.16700  -58.37554     -0.016       0.00      2.127      2.107    -0.6322    -0.6271     0.0051    -0.6323    -0.6272     0.0051   2.785252   2.786140   0.000888    34.1311    34.1373     7.6077    27.4344    27.4392    330.689  356.17584  357.77948          1  0.000e+00
        491 309.765653  -62.16700  -58.37554     -0.015       0.00      2.072      2.052    -0.6330    -0.6274     0.0056    -0.6331    -0.6275     0.0056   2.785204   2.786088   0.000884    34.1313    34.1370     7.6035    27.4347    27.4390    330.504  356.18226  357.78607          1  0.000e+00
        492 309.765653  -62.16700  -58.37554     -0.013       0.00      2.072      2.052    -0.6333    -0.6276     0.0057    -0.6333    -0.6277     0.0057   2.785192   2.786111   0.000919    34.1315    34.1375     7.6036    27.4348    27.4394    330.510  356.18452  357.78841          1  0.000e+00
        493 309.765654  -62.16700  -58.37554     -0.012       0.00      2.072      2.052    -0.6333    -0.6281     0.0053    -0.6334    -0.6281     0.0053   2.785168   2.786094   0.000926    34.1312    34.1378     7.6037    27.4346    27.4397    330.515  356.18579  357.78967          1  0.000e+00
        494 309.765654  -62.16700  -58.37554     -0.010       0.00      2.072      2.052    -0.6341    -0.6282     0.0059    -0.6342    -0.6283     0.0059   2.785102   2.786019   0.000917    34.1312    34.1369     7.6040    27.4346    27.4390    330.528  356.19298  357.79702          1  0.000e+00
        495 309.765655  -62.16700  -58.37554     -0.005       0.00      2.127      2.107    -0.6349    -0.6290     0.0059    -0.6349    -0.6291     0.0059   2.785001   2.786014   0.001013    34.1306    34.1377     7.6037    27.4342    27.4396    330.512  356.20163  357.80580          1  0.000e+00
        496 309.765655  -62.16700  -58.37554     -0.008       0.00      2.024      2.005    -0.6361    -0.6293     0.0068    -0.6361    -0.6294     0.0068   2.784899   2.785973   0.001075    34.1307    34.1376     7.6040    27.4343    27.4396    330.526  356.21290  357.81733          1  0.000e+00
        497 309.765656  -62.16700  -58.37554     -0.008       0.00      2.093      2.073    -0.6364    -0.6291     0.0073    -0.6365    -0.6292     0.0073   2.784875   2.785945   0.001070    34.1307    34.1369     7.6043    27.4343    27.4390    330.541  356.21609  357.82061          1  0.000e+00
        498 309.765656  -62.16700  -58.37554     -0.006       0.00      2.072      2.052    -0.6364    -0.6290     0.0074    -0.6365    -0.6291     0.0074   2.784911   2.785904   0.000994    34.1312    34.1362     7.6037    27.4347    27.4385    330.514  356.21470  357.81924          1  0.000e+00
