Pos-Processados/process_op38/operantar38_008.cnv
* Sea-Bird SBE 9 Data File:
* FileName = D:\OPERANTAR_XXXVIII\DADOS\OP38_008.hdr
* Software Version Seasave V 7.18c
* Temperature SN = 4808
* Conductivity SN = 3380
* Number of Bytes Per Scan = 31
* Number of Voltage Words = 2
* Number of Scans Averaged by the Deck Unit = 1
* NMEA Latitude = 44 37.30 S
* NMEA Longitude = 052 09.37 W
* NMEA UTC (Time) = Oct 20 2019 01:25:54
** H41
** NAVIO POLAR ALMIRANTE MAXIMIANO
** CRUZEIRO:
** OPERANTAR XXXVIII
** ESTAวรO: OP38_008
** LAT 44บ 37,32'S
** LONG 052บ 09,39'W
** 09P73767-1155
** PROFUNDIDADE: 5784
** DATA/HORA: 200126Z/OUT/19
** OPERADOR: CT TECCHIO
# nquan = 32
# nvalues = 2081                        
# units = specified
# name 0 = scan: Scan Count
# name 1 = timeJ: Julian Days
# name 2 = latitude: Latitude [deg]
# name 3 = longitude: Longitude [deg]
# name 4 = dz/dtM: Descent Rate [m/s]
# name 5 = avgsvCM: Average Sound Velocity [Chen-Millero, m/s]
# name 6 = prDM: Pressure, Digiquartz [db]
# name 7 = depSM: Depth [salt water, m]
# name 8 = t090C: Temperature [ITS-90, deg C]
# name 9 = t190C: Temperature, 2 [ITS-90, deg C]
# name 10 = T2-T190C: Temperature Difference, 2 - 1 [ITS-90, deg C]
# name 11 = potemp090C: Potential Temperature [ITS-90, deg C]
# name 12 = potemp190C: Potential Temperature, 2 [ITS-90, deg C]
# name 13 = potemp90Cdiff: Potential Temperature, Diff, 2 - 1 [ITS-90, deg C]
# name 14 = c0S/m: Conductivity [S/m]
# name 15 = c1S/m: Conductivity, 2 [S/m]
# name 16 = C2-C1S/m: Conductivity Difference, 2 - 1 [S/m]
# name 17 = sal00: Salinity, Practical [PSU]
# name 18 = sal11: Salinity, Practical, 2 [PSU]
# name 19 = sbeox0ML/L: Oxygen, SBE 43 [ml/l]
# name 20 = sbeox1ML/L: Oxygen, SBE 43, 2 [ml/l]
# name 21 = sbeox0ML/Ldiff: Oxygen, SBE 43, Diff, 2 - 1 [ml/l]
# name 22 = sigma-้00: Density [sigma-theta, kg/m^3]
# name 23 = sigma-้11: Density, 2 [sigma-theta, kg/m^3]
# name 24 = sal00: Salinity, Practical [PSU]
# name 25 = sigma-้00: Density [sigma-theta, kg/m^3]
# name 26 = svCM: Sound Velocity [Chen-Millero, m/s]
# name 27 = svCM1: Sound Velocity, 2 [Chen-Millero, m/s]
# name 28 = gsw_ptA0: potential temperature [ITS-90, deg C]
# name 29 = gsw_densityA0: density, TEOS-10 [density, kg/m^3]
# name 30 = gsw_saA0: Absolute Salinity [g/kg]
# name 31 = flag:
# span 0 =       2031,      73448       
# span 1 = 293.060632, 293.095073       
# span 2 =  -44.62184,  -44.60889       
# span 3 =  -52.15622,  -52.14131       
# span 4 =     -1.531,      1.567       
# span 5 =      -0.01,    1505.03       
# span 6 =      3.000,   1044.000       
# span 7 =      3.012,   1032.954       
# span 8 =     3.0030,    13.3732       
# span 9 =     3.0035,    13.3738       
# span 10 =    -0.1966,     0.2897      
# span 11 =     2.9321,    13.3637      
# span 12 =     2.9327,    13.3643      
# span 13 =    -0.1963,     0.2892      
# span 14 =   3.152741,   4.168399      
# span 15 =   3.153316,   4.168763      
# span 16 =  -0.020591,   0.033213      
# span 17 =    34.1211,    35.3067      
# span 18 =    34.1265,    35.3122      
# span 19 =     4.6656,     6.4668      
# span 20 =     4.4676,     6.1679      
# span 21 =    -0.4697,    -0.1304      
# span 22 =    26.4486,    27.3387      
# span 23 =    26.4540,    27.3427      
# span 24 =    34.1172,    35.3098      
# span 25 =    26.4489,    27.3386      
# span 26 =    1475.02,    1502.92      
# span 27 =    1475.03,    1502.92      
# span 28 =     2.9319,    13.3637      
# span 29 =  1026.4749,  1032.1748      
# span 30 =    34.2794,    35.4766      
# span 31 = 0.0000e+00, 0.0000e+00      
# interval = decibars: 1                
# start_time = Oct 20 2019 01:25:54 [NMEA time, header]
# bad_flag = -9.990e-29
*END*
[from data line 1043]
      34554 293.076316  -44.62004  -52.15418     -0.748    1479.61   1040.000   1029.018     3.0062     3.0070     0.0008     2.9355     2.9363     0.0008   3.155882   3.156359   0.000475    34.3066    34.3115     4.6739     4.4808    -0.1931    27.3374    27.3412    34.3067    27.3374    1478.63    1478.64     2.9354  1032.1552    34.4722 0.0000e+00
      34579 293.076328  -44.62003  -52.15417     -0.933    1479.61   1039.000   1028.031     3.0064     3.0070     0.0007     2.9358     2.9365     0.0007   3.155845   3.156318   0.000474    34.3065    34.3115     4.6827     4.4858    -0.1970    27.3372    27.3412    34.3065    27.3373    1478.62    1478.63     2.9357  1032.1505    34.4720 0.0000e+00
      34605 293.076341  -44.62002  -52.15416     -0.952    1479.61   1038.000   1027.044     3.0071     3.0077     0.0006     2.9366     2.9372     0.0006   3.155866   3.156346   0.000475    34.3064    34.3115     4.6817     4.4789    -0.2028    27.3371    27.3412    34.3065    27.3372    1478.60    1478.61     2.9365  1032.1458    34.4720 0.0000e+00
      34640 293.076358  -44.62002  -52.15414     -0.744    1479.61   1037.000   1026.060     3.0088     3.0099     0.0011     2.9384     2.9395     0.0010   3.155948   3.156448   0.000501    34.3061    34.3110     4.6817     4.4763    -0.2054    27.3367    27.3405    34.3062    27.3368    1478.59    1478.61     2.9383  1032.1407    34.4717 0.0000e+00
      34695 293.076384  -44.62000  -52.15412     -0.408    1479.61   1036.000   1025.066     3.0131     3.0138     0.0007     2.9427     2.9434     0.0007   3.156183   3.156669   0.000481    34.3048    34.3098     4.6761     4.4776    -0.1985    27.3353    27.3393    34.3050    27.3355    1478.60    1478.61     2.9426  1032.1347    34.4705 0.0000e+00
      34739 293.076405  -44.61998  -52.15412     -0.545    1479.61   1035.000   1024.083     3.0134     3.0146     0.0012     2.9431     2.9442     0.0012   3.156161   3.156667   0.000506    34.3049    34.3097     4.6826     4.4827    -0.1999    27.3353    27.3391    34.3050    27.3354    1478.58    1478.59     2.9429  1032.1301    34.4705 0.0000e+00
      34785 293.076427  -44.61996  -52.15411     -0.523    1479.61   1034.000   1023.096     3.0136     3.0143     0.0008     2.9433     2.9441     0.0007   3.156128   3.156612   0.000484    34.3048    34.3098     4.6870     4.4827    -0.2042    27.3352    27.3392    34.3049    27.3353    1478.56    1478.57     2.9432  1032.1254    34.4704 0.0000e+00
      34822 293.076445  -44.61996  -52.15410     -0.598    1479.61   1033.000   1022.109     3.0140     3.0147     0.0007     2.9438     2.9445     0.0007   3.156125   3.156598   0.000478    34.3048    34.3098     4.6893     4.4886    -0.2008    27.3352    27.3391    34.3049    27.3353    1478.55    1478.56     2.9437  1032.1208    34.4704 0.0000e+00
      34846 293.076457  -44.61996  -52.15409     -0.859    1479.61   1032.000   1021.122     3.0152     3.0151    -0.0000     2.9451     2.9450    -0.0001   3.156197   3.156601   0.000407    34.3049    34.3098     4.6891     4.4884    -0.2008    27.3352    27.3391    34.3051    27.3353    1478.54    1478.54     2.9450  1032.1146    34.4686 0.0000e+00
      34867 293.076467 -9.990e-29  -52.15408     -1.070    1479.61   1031.000   1020.135     3.0170     3.0173     0.0003     2.9469     2.9472     0.0003   3.156309   3.156765   0.000453    34.3048    34.3099     4.6883     4.4863    -0.2020    27.3349    27.3390    34.3051    27.3351    1478.53    1478.54     2.9468  1032.1087    34.4672 0.0000e+00
      34890 293.076478 -9.990e-29  -52.15407     -1.107    1479.61   1030.000   1019.148     3.0188     3.0191     0.0004     2.9488     2.9491     0.0003   3.156430   3.156880   0.000452    34.3049    34.3099     4.6862     4.4877    -0.1985    27.3348    27.3388    34.3051    27.3350    1478.52    1478.53     2.9487  1032.1040    34.4672 0.0000e+00
      34942 293.076503  -44.61992  -52.15405     -0.489    1479.61   1029.000   1018.162     3.0203     3.0209     0.0006     2.9504     2.9510     0.0006   3.156520   3.156993   0.000472    34.3049    34.3100     4.6878     4.4866    -0.2012    27.3347    27.3387    34.3051    27.3348    1478.51    1478.52     2.9503  1032.1005    34.4689 0.0000e+00
      34998 293.076530  -44.61990  -52.15404     -0.466    1479.61   1028.000   1017.174     3.0215     3.0224     0.0010     2.9516     2.9525     0.0009   3.156563   3.157065   0.000499    34.3048    34.3098     4.6845     4.4851    -0.1994    27.3345    27.3384    34.3049    27.3346    1478.50    1478.51     2.9515  1032.0970    34.4704 0.0000e+00
      35028 293.076544  -44.61990  -52.15402     -0.747    1479.61   1027.000   1016.187     3.0216     3.0223     0.0007     2.9518     2.9525     0.0007   3.156547   3.157026   0.000481    34.3050    34.3101     4.6836     4.4950    -0.1885    27.3346    27.3386    34.3052    27.3348    1478.48    1478.49     2.9517  1032.0925    34.4706 0.0000e+00
      35057 293.076559  -44.61989  -52.15402     -0.821    1479.61   1026.000   1015.200     3.0231     3.0238     0.0007     2.9534     2.9541     0.0007   3.156647   3.157133   0.000485    34.3050    34.3101     4.6879     4.4904    -0.1976    27.3345    27.3385    34.3053    27.3347    1478.47    1478.48     2.9533  1032.0879    34.4707 0.0000e+00
      35091 293.076575  -44.61988  -52.15401     -0.725    1479.61   1025.000   1014.213     3.0257     3.0269     0.0012     2.9561     2.9572     0.0011   3.156843   3.157374   0.000524    34.3051    34.3102     4.6922     4.4880    -0.2042    27.3343    27.3383    34.3054    27.3346    1478.47    1478.48     2.9559  1032.0831    34.4709 0.0000e+00
      35125 293.076592  -44.61987  -52.15399     -0.696    1479.61   1024.000   1013.225     3.0276     3.0288     0.0012     2.9580     2.9592     0.0012   3.156962   3.157483   0.000521    34.3051    34.3101     4.6882     4.4857    -0.2025    27.3341    27.3381    34.3053    27.3343    1478.46    1478.47     2.9579  1032.0782    34.4708 0.0000e+00
      35155 293.076606  -44.61986  -52.15398     -0.771    1479.61   1023.000   1012.239     3.0288     3.0292     0.0005     2.9593     2.9597     0.0005   3.157043   3.157495   0.000456    34.3053    34.3103     4.6880     4.4901    -0.1980    27.3342    27.3381    34.3056    27.3345    1478.45    1478.46     2.9591  1032.0737    34.4711 0.0000e+00
      35186 293.076621  -44.61986  -52.15398     -0.791    1479.61   1022.000   1011.251     3.0301     3.0307     0.0006     2.9606     2.9613     0.0006   3.157103   3.157589   0.000481    34.3052    34.3103     4.6834     4.4914    -0.1920    27.3340    27.3380    34.3055    27.3343    1478.44    1478.45     2.9605  1032.0689    34.4709 0.0000e+00
      35222 293.076638  -44.61985  -52.15396     -0.702    1479.61   1021.000   1010.264     3.0324     3.0343     0.0019     2.9630     2.9649     0.0019   3.157297   3.157897   0.000588    34.3054    34.3105     4.6840     4.4855    -0.1985    27.3340    27.3378    34.3059    27.3344    1478.43    1478.45     2.9629  1032.0643    34.4713 0.0000e+00
      35259 293.076656  -44.61984  -52.15396     -0.637    1479.61   1020.000   1009.277     3.0394     3.0438     0.0043     2.9701     2.9743     0.0043   3.157931   3.158728   0.000795    34.3058    34.3108     4.6838     4.4896    -0.1942    27.3336    27.3372    34.3067    27.3343    1478.44    1478.47     2.9699  1032.0595    34.4721 0.0000e+00
      35290 293.076671  -44.61982  -52.15394     -0.724    1479.61   1019.000   1008.290     3.0468     3.0491     0.0023     2.9774     2.9797     0.0023   3.158510   3.159123   0.000609    34.3057    34.3106     4.6824     4.4870    -0.1954    27.3328    27.3366    34.3064    27.3335    1478.46    1478.48     2.9773  1032.0539    34.4719 0.0000e+00
      35317 293.076684  -44.61982  -52.15394     -0.855    1479.61   1018.000   1007.303     3.0502     3.0512     0.0010     2.9809     2.9819     0.0010   3.158719   3.159217   0.000504    34.3052    34.3102     4.6901     4.4905    -0.1996    27.3322    27.3361    34.3059    27.3327    1478.46    1478.47     2.9807  1032.0485    34.4713 0.0000e+00
      35343 293.076697  -44.61981  -52.15394     -0.920    1479.61   1017.000   1006.316     3.0523     3.0528     0.0005     2.9830     2.9835     0.0005   3.158811   3.159271   0.000473    34.3047    34.3098     4.6913     4.4963    -0.1950    27.3315    27.3356    34.3053    27.3321    1478.45    1478.46     2.9829  1032.0432    34.4707 0.0000e+00
      35371 293.076710  -44.61980  -52.15393     -0.887    1479.61   1016.000   1005.329     3.0541     3.0543     0.0002     2.9849     2.9851     0.0002   3.158862   3.159314   0.000453    34.3040    34.3092     4.6929     4.4897    -0.2031    27.3308    27.3350    34.3045    27.3312    1478.44    1478.45     2.9848  1032.0377    34.4699 0.0000e+00
      35410 293.076729  -44.61979  -52.15391     -0.661    1479.61   1015.000   1004.342     3.0553     3.0563     0.0009     2.9862     2.9871     0.0009   3.158911   3.159413   0.000505    34.3038    34.3089     4.6906     4.4888    -0.2018    27.3305    27.3345    34.3043    27.3310    1478.43    1478.44     2.9861  1032.0329    34.4697 0.0000e+00
      35460 293.076753  -44.61978  -52.15389     -0.446    1479.61   1014.000   1003.355     3.0604     3.0611     0.0007     2.9913     2.9920     0.0007   3.159217   3.159728   0.000503    34.3026    34.3079     4.6932     4.4946    -0.1986    27.3292    27.3333    34.3032    27.3296    1478.43    1478.44     2.9912  1032.0268    34.4686 0.0000e+00
      35490 293.076767  -44.61977  -52.15388     -0.696    1479.61   1013.000   1002.368     3.0607     3.0619     0.0012     2.9917     2.9929     0.0012   3.159194   3.159705   0.000519    34.3028    34.3077     4.6929     4.4980    -0.1949    27.3292    27.3331    34.3031    27.3296    1478.41    1478.43     2.9915  1032.0221    34.4685 0.0000e+00
      35514 293.076779  -44.61976  -52.15388     -0.929    1479.61   1012.000   1001.380     3.0612     3.0619     0.0007     2.9922     2.9929     0.0007   3.159139   3.159613   0.000478    34.3022    34.3072     4.7007     4.5050    -0.1957    27.3287    27.3327    34.3025    27.3289    1478.40    1478.41     2.9921  1032.0169    34.4678 0.0000e+00
      35537 293.076790  -44.61976  -52.15387     -1.022    1479.61   1011.000   1000.393     3.0615     3.0621     0.0005     2.9927     2.9932     0.0005   3.159099   3.159567   0.000467    34.3018    34.3068     4.7005     4.4998    -0.2007    27.3284    27.3324    34.3021    27.3286    1478.39    1478.40     2.9925  1032.0120    34.4675 0.0000e+00
      35565 293.076804  -44.61975  -52.15386     -0.933    1479.61   1010.000    999.406     3.0622     3.0634     0.0012     2.9934     2.9946     0.0012   3.159048   3.159532   0.000483    34.3011    34.3056     4.7056     4.4936    -0.2120    27.3277    27.3313    34.3013    27.3279    1478.37    1478.38     2.9933  1032.0067    34.4667 0.0000e+00
      35595 293.076818  -44.61974  -52.15386     -0.813    1479.61   1009.000    998.419     3.0626     3.0641     0.0015     2.9939     2.9954     0.0015   3.158998   3.159493   0.000495    34.3006    34.3049     4.7116     4.5043    -0.2072    27.3273    27.3306    34.3008    27.3275    1478.35    1478.37     2.9937  1032.0017    34.4662 0.0000e+00
      35623 293.076831  -44.61974  -52.15384     -0.839    1479.61   1008.000    997.437     3.0634     3.0641     0.0007     2.9948     2.9954     0.0007   3.158923   3.159388   0.000467    34.2994    34.3044     4.7121     4.5056    -0.2066    27.3263    27.3302    34.2996    27.3264    1478.34    1478.35     2.9946  1031.9960    34.4649 0.0000e+00
      35654 293.076847  -44.61972  -52.15383     -0.809    1479.61   1007.000    996.448     3.0613     3.0615     0.0002     2.9927     2.9930     0.0002   3.158585   3.159032   0.000443    34.2983    34.3034     4.7144     4.5119    -0.2025    27.3256    27.3296    34.2983    27.3256    1478.31    1478.32     2.9926  1031.9907    34.4636 0.0000e+00
      35702 293.076870  -44.61970  -52.15381     -0.491    1479.61   1006.000    995.454     3.0638     3.0654     0.0016     2.9953     2.9969     0.0016   3.158662   3.159244   0.000581    34.2969    34.3022     4.7134     4.5184    -0.1951    27.3242    27.3283    34.2971    27.3244    1478.31    1478.32     2.9952  1031.9848    34.4624 0.0000e+00
      35742 293.076889  -44.61970  -52.15380     -0.574    1479.61   1005.000    994.471     3.0638     3.0643     0.0004     2.9954     2.9958     0.0004   3.158536   3.158952   0.000423    34.2960    34.3006     4.7179     4.5159    -0.2020    27.3235    27.3271    34.2960    27.3235    1478.29    1478.30     2.9953  1031.9794    34.4613 0.0000e+00
      35769 293.076902  -44.61968  -52.15380     -0.818    1479.61   1004.000    993.483     3.0609     3.0616     0.0007     2.9926     2.9933     0.0007   3.158033   3.158543   0.000497    34.2944    34.2997     4.7024     4.5066    -0.1958    27.3225    27.3267    34.2935    27.3218    1478.25    1478.26     2.9924  1031.9732    34.4588 0.0000e+00
      35795 293.076915  -44.61968  -52.15379     -0.916    1479.61   1003.000    992.496     3.0532     3.0541     0.0009     2.9851     2.9859     0.0008   3.157202   3.157715   0.000524    34.2926    34.2980     4.7047     4.5058    -0.1989    27.3217    27.3260    34.2921    27.3213    1478.20    1478.21     2.9849  1031.9684    34.4574 0.0000e+00
      35827 293.076930  -44.61967  -52.15378     -0.792    1479.61   1002.000    991.509     3.0522     3.0524     0.0003     2.9841     2.9843     0.0003   3.157079   3.157464   0.000386    34.2924    34.2968     4.7163     4.5101    -0.2062    27.3217    27.3251    34.2922    27.3215    1478.18    1478.19     2.9840  1031.9640    34.4575 0.0000e+00
      35861 293.076946  -44.61966  -52.15376     -0.696    1479.61   1001.000    990.522     3.0544     3.0564     0.0020     2.9864     2.9883     0.0020   3.157248   3.157819   0.000555    34.2924    34.2970     4.7357     4.5164    -0.2193    27.3215    27.3250    34.2924    27.3215    1478.18    1478.19     2.9862  1031.9593    34.4577 0.0000e+00
      35887 293.076959  -44.61966  -52.15376     -0.842    1479.61   1000.000    989.535     3.0572     3.0588     0.0017     2.9892     2.9909     0.0017   3.157428   3.157985   0.000566    34.2920    34.2970     4.7415     4.5307    -0.2108    27.3209    27.3247    34.2922    27.3211    1478.17    1478.18     2.9891  1031.9542    34.4575 0.0000e+00
      35913 293.076971  -44.61966  -52.15374     -0.939    1479.61    999.000    988.547     3.0605     3.0619     0.0014     2.9926     2.9940     0.0014   3.157686   3.158254   0.000566    34.2921    34.2974     4.7455     4.5400    -0.2055    27.3206    27.3248    34.2924    27.3209    1478.17    1478.18     2.9924  1031.9494    34.4577 0.0000e+00
      35956 293.076992  -44.61964  -52.15374     -0.604    1479.61    998.000    987.560     3.0645     3.0660     0.0015     2.9966     2.9980     0.0014   3.158017   3.158554   0.000536    34.2922    34.2971     4.7462     4.5399    -0.2063    27.3204    27.3242    34.2926    27.3207    1478.17    1478.18     2.9965  1031.9445    34.4579 0.0000e+00
      36001 293.077014  -44.61962  -52.15373     -0.482    1479.61    997.000    986.573     3.0701     3.0711     0.0010     3.0023     3.0032     0.0010   3.158271   3.158789   0.000518    34.2903    34.2955     4.7433     4.5387    -0.2045    27.3183    27.3224    34.2903    27.3183    1478.18    1478.19     3.0022  1031.9374    34.4556 0.0000e+00
