Pos-Processados/process_op38/operantar38_019.ros
* Sea-Bird SBE 9 Data File:
* FileName = D:\OPERANTAR_XXXVIII\DADOS\OP38_019.hdr
* Software Version Seasave V 7.18c
* Temperature SN = 4808
* Conductivity SN = 3380
* Number of Bytes Per Scan = 34
* Number of Voltage Words = 3
* Number of Scans Averaged by the Deck Unit = 1
* NMEA Latitude = 62 12.52 S
* NMEA Longitude = 058 17.99 W
* NMEA UTC (Time) = Nov 22 2019 11:08:24
** H41
** NAVIO POLAR ALMIRANTE MAXIMIANO
** CRUZEIRO:
** OPERANTAR XXXVIII
** ESTAÇÃO: OP38_019
** LAT 62 12,51'S
** LONG 058 18,00'W
** 09P73767-1155_A
** PROFUNDIDADE: 271
** DATA/HORA: 221109Z/NOV/2019
** OPERADOR: SO-HN CHAVES
# nquan = 27
# nvalues = 1074                                  
# units = specified
# name 0 = scan: Scan Count
# name 1 = timeJ: Julian Days
# name 2 = latitude: Latitude [deg]
# name 3 = longitude: Longitude [deg]
# name 4 = dz/dtM: Descent Rate [m/s]
# name 5 = avgsvCM: Average Sound Velocity [Chen-Millero, m/s]
# name 6 = prDM: Pressure, Digiquartz [db]
# name 7 = depSM: Depth [salt water, m]
# name 8 = t090C: Temperature [ITS-90, deg C]
# name 9 = t190C: Temperature, 2 [ITS-90, deg C]
# name 10 = T2-T190C: Temperature Difference, 2 - 1 [ITS-90, deg C]
# name 11 = potemp090C: Potential Temperature [ITS-90, deg C]
# name 12 = potemp190C: Potential Temperature, 2 [ITS-90, deg C]
# name 13 = potemp90Cdiff: Potential Temperature, Diff, 2 - 1 [ITS-90, deg C]
# name 14 = c0S/m: Conductivity [S/m]
# name 15 = c1S/m: Conductivity, 2 [S/m]
# name 16 = C2-C1S/m: Conductivity Difference, 2 - 1 [S/m]
# name 17 = sal00: Salinity, Practical [PSU]
# name 18 = sal11: Salinity, Practical, 2 [PSU]
# name 19 = sbeox0ML/L: Oxygen, SBE 43 [ml/l]
# name 20 = sigma-é00: Density [sigma-theta, kg/m^3]
# name 21 = sigma-é11: Density, 2 [sigma-theta, kg/m^3]
# name 22 = sbox0Mm/Kg: Oxygen, SBE 43 [umol/kg]
# name 23 = oxsolMm/Kg: Oxygen Saturation, Garcia & Gordon [umol/kg]
# name 24 = oxsatMm/Kg: Oxygen Saturation, Weiss [umol/kg]
# name 25 = nbf: Bottles Fired
# name 26 = flag:  0.000e+00
# interval = seconds: 0.0416667
# start_time = Nov 22 2019 11:08:24 [NMEA time, header]
# bad_flag = -9.990e-29
*END*
[from data line 323]
      24391 326.475929  -62.20874  -58.30018     -0.084    1447.69      3.359      3.327    -0.2244    -0.2255    -0.0011    -0.2245    -0.2256    -0.0011   2.820068   2.820411   0.000343    34.1387    34.1445     7.7013    27.4221    27.4268    334.759  352.35606  353.87468          2  0.000e+00
      24392 326.475929  -62.20874  -58.30018     -0.078    1447.69      3.462      3.429    -0.2242    -0.2255    -0.0013    -0.2243    -0.2256    -0.0013   2.820056   2.820365   0.000309    34.1383    34.1438     7.7008    27.4217    27.4263    334.738  352.35562  353.87417          2  0.000e+00
      24393 326.475930  -62.20874  -58.30018     -0.084    1447.69      3.311      3.279    -0.2241    -0.2258    -0.0017    -0.2242    -0.2259    -0.0017   2.820086   2.820319   0.000232    34.1386    34.1437     7.7000    27.4220    27.4262    334.703  352.35355  353.87210          2  0.000e+00
      24394 326.475930  -62.20874  -58.30018     -0.083    1447.69      3.359      3.327    -0.2242    -0.2253    -0.0011    -0.2243    -0.2254    -0.0011   2.820062   2.820400   0.000337    34.1384    34.1442     7.7003    27.4218    27.4266    334.715  352.35522  353.87379          2  0.000e+00
      24395 326.475931  -62.20874  -58.30018     -0.085    1447.69      3.359      3.327    -0.2244    -0.2249    -0.0005    -0.2245    -0.2250    -0.0005   2.820050   2.820400   0.000349    34.1384    34.1437     7.7005    27.4219    27.4261    334.726  352.35673  353.87533          2  0.000e+00
      24396 326.475931  -62.20874  -58.30018     -0.084    1447.69      3.359      3.327    -0.2243    -0.2244    -0.0002    -0.2244    -0.2245    -0.0002   2.820026   2.820354   0.000327    34.1380    34.1425     7.7008    27.4215    27.4252    334.737  352.35690  353.87546          2  0.000e+00
      24397 326.475932  -62.20874  -58.30018     -0.085    1447.69      3.359      3.327    -0.2244    -0.2244    -0.0000    -0.2245    -0.2245    -0.0000   2.820038   2.820446   0.000408    34.1383    34.1438     7.7011    27.4217    27.4262    334.750  352.35717  353.87576          2  0.000e+00
      24398 326.475932  -62.20874  -58.30018     -0.083    1447.69      3.359      3.327    -0.2245    -0.2243     0.0002    -0.2246    -0.2244     0.0002   2.820008   2.820417   0.000409    34.1380    34.1432     7.7014    27.4215    27.4257    334.765  352.35898  353.87759          2  0.000e+00
      24399 326.475933  -62.20874  -58.30018     -0.083    1447.69      3.359      3.327    -0.2250    -0.2244     0.0006    -0.2251    -0.2245     0.0006   2.819996   2.820411   0.000415    34.1384    34.1433     7.7018    27.4219    27.4258    334.784  352.36261  353.88134          2  0.000e+00
      24400 326.475933  -62.20874  -58.30018     -0.086    1447.69      3.311      3.279    -0.2248    -0.2249    -0.0000    -0.2250    -0.2250    -0.0000   2.819996   2.820429   0.000432    34.1383    34.1441     7.7014    27.4218    27.4265    334.763  352.36147  353.88015          2  0.000e+00
      24401 326.475934  -62.20874  -58.30018     -0.086    1447.69      3.359      3.327    -0.2248    -0.2249    -0.0000    -0.2250    -0.2250    -0.0000   2.819978   2.820382   0.000404    34.1380    34.1434     7.7010    27.4215    27.4259    334.748  352.36221  353.88088          2  0.000e+00
      24402 326.475934  -62.20874  -58.30018     -0.083    1447.69      3.332      3.300    -0.2248    -0.2250    -0.0002    -0.2250    -0.2251    -0.0002   2.819972   2.820382   0.000410    34.1379    34.1436     7.7006    27.4215    27.4261    334.730  352.36238  353.88105          2  0.000e+00
      24403 326.475935  -62.20874  -58.30018     -0.085    1447.69      3.359      3.327    -0.2250    -0.2249     0.0001    -0.2251    -0.2250     0.0001   2.819972   2.820446   0.000474    34.1381    34.1443     7.7002    27.4216    27.4266    334.715  352.36349  353.88221          2  0.000e+00
      24404 326.475935  -62.20874  -58.30018     -0.086    1447.69      3.311      3.279    -0.2255    -0.2252     0.0003    -0.2256    -0.2253     0.0003   2.819972   2.820371   0.000399    34.1387    34.1437     7.6999    27.4221    27.4261    334.698  352.36624  353.88508          2  0.000e+00
      24405 326.475936  -62.20874  -58.30018     -0.084    1447.69      3.359      3.327    -0.2251    -0.2243     0.0009    -0.2252    -0.2244     0.0009   2.819972   2.820417   0.000445    34.1382    34.1432     7.6995    27.4217    27.4257    334.681  352.36420  353.88294          2  0.000e+00
      24406 326.475936  -62.20874  -58.30018     -0.084    1447.69      3.311      3.279    -0.2252    -0.2244     0.0008    -0.2253    -0.2245     0.0008   2.819990   2.820434   0.000444    34.1386    34.1437     7.6990    27.4220    27.4261    334.661  352.36381  353.88258          2  0.000e+00
      24407 326.475937  -62.20874  -58.30018     -0.081    1447.69      3.359      3.327    -0.2250    -0.2244     0.0006    -0.2251    -0.2245     0.0006   2.819996   2.820365   0.000369    34.1384    34.1427     7.6994    27.4219    27.4253    334.678  352.36261  353.88134          2  0.000e+00
      24408 326.475937  -62.20874  -58.30018     -0.087    1447.69      3.311      3.279    -0.2251    -0.2250     0.0001    -0.2252    -0.2251     0.0001   2.820014   2.820440   0.000426    34.1388    34.1444     7.6990    27.4222    27.4267    334.659  352.36257  353.88135          2  0.000e+00
      24409 326.475937  -62.20874  -58.30018     -0.082    1447.69      3.311      3.279    -0.2250    -0.2247     0.0003    -0.2251    -0.2249     0.0003   2.819984   2.820440   0.000456    34.1383    34.1441     7.6994    27.4218    27.4264    334.677  352.36297  353.88169          2  0.000e+00
      24410 326.475938  -62.20874  -58.30018     -0.081    1447.69      3.359      3.327    -0.2251    -0.2249     0.0002    -0.2252    -0.2250     0.0002   2.819972   2.820365   0.000393    34.1382    34.1432     7.6999    27.4217    27.4257    334.699  352.36420  353.88294          2  0.000e+00
      24411 326.475938  -62.20874  -58.30018     -0.083    1447.69      3.311      3.279    -0.2251    -0.2250     0.0001    -0.2252    -0.2251     0.0001   2.819990   2.820440   0.000450    34.1385    34.1444     7.6995    27.4220    27.4267    334.683  352.36346  353.88221          2  0.000e+00
      24412 326.475939  -62.20874  -58.30018     -0.078    1447.69      3.359      3.327    -0.2252    -0.2246     0.0006    -0.2253    -0.2247     0.0006   2.819996   2.820423   0.000427    34.1386    34.1436     7.7000    27.4221    27.4261    334.706  352.36367  353.88244          2  0.000e+00
      24413 326.475939  -62.20874  -58.30018     -0.078    1447.69      3.311      3.279    -0.2250    -0.2247     0.0003    -0.2251    -0.2248     0.0003   2.820014   2.820359   0.000345    34.1387    34.1430     7.7004    27.4221    27.4255    334.723  352.36186  353.88061          2  0.000e+00
      24414 326.475940  -62.20874  -58.30018     -0.076    1447.69      3.359      3.327    -0.2250    -0.2247     0.0003    -0.2251    -0.2248     0.0003   2.819984   2.820411   0.000427    34.1383    34.1436     7.7010    27.4218    27.4261    334.749  352.36305  353.88177          2  0.000e+00
      24415 326.475940  -62.20874  -58.30018     -0.076    1447.69      3.311      3.280    -0.2247    -0.2249    -0.0002    -0.2248    -0.2250    -0.0002   2.820008   2.820400   0.000392    34.1383    34.1437     7.7015    27.4218    27.4261    334.768  352.36032  353.87898          2  0.000e+00
      24416 326.475941  -62.20874  -58.30018     -0.072    1447.69      3.359      3.327    -0.2250    -0.2253    -0.0003    -0.2251    -0.2254    -0.0003   2.819984   2.820354   0.000369    34.1383    34.1436     7.6963    27.4218    27.4261    334.545  352.36305  353.88177          2  0.000e+00
      24417 326.475941  -62.20874  -58.30018     -0.072    1447.69      3.311      3.280    -0.2250    -0.2250    -0.0000    -0.2251    -0.2251    -0.0000   2.819990   2.820429   0.000439    34.1384    34.1442     7.6954    27.4219    27.4266    334.504  352.36275  353.88148          2  0.000e+00
      24418 326.475942  -62.20874  -58.30018     -0.068    1447.69      3.359      3.327    -0.2250    -0.2246     0.0004    -0.2251    -0.2247     0.0004   2.820014   2.820429   0.000414    34.1387    34.1437     7.6946    27.4221    27.4261    334.468  352.36194  353.88069          2  0.000e+00
      24419 326.475942  -62.20874  -58.30018     -0.067    1447.69      3.359      3.327    -0.2250    -0.2247     0.0003    -0.2251    -0.2249     0.0003   2.820002   2.820377   0.000374    34.1385    34.1432     7.6988    27.4220    27.4257    334.652  352.36239  353.88112          2  0.000e+00
      24420 326.475943  -62.20874  -58.30018     -0.060    1447.69      3.359      3.327    -0.2248    -0.2249    -0.0000    -0.2250    -0.2250    -0.0000   2.819996   2.820452   0.000456    34.1382    34.1444     7.6987    27.4217    27.4267    334.647  352.36155  353.88023          2  0.000e+00
      24421 326.475943  -62.20874  -58.30018     -0.058    1447.69      3.359      3.327    -0.2250    -0.2247     0.0003    -0.2251    -0.2248     0.0003   2.820014   2.820434   0.000420    34.1387    34.1439     7.6986    27.4221    27.4263    334.643  352.36194  353.88069          2  0.000e+00
      24422 326.475944  -62.20874  -58.30018     -0.055    1447.69      3.359      3.327    -0.2248    -0.2246     0.0003    -0.2250    -0.2247     0.0003   2.819984   2.820400   0.000416    34.1381    34.1433     7.6993    27.4216    27.4258    334.673  352.36199  353.88067          2  0.000e+00
      24423 326.475944  -62.20874  -58.30018     -0.050    1447.69      3.359      3.327    -0.2250    -0.2250    -0.0000    -0.2251    -0.2251    -0.0000   2.819990   2.820446   0.000456    34.1384    34.1444     7.7000    27.4218    27.4268    334.705  352.36283  353.88156          2  0.000e+00
      24424 326.475945  -62.20874  -58.30018     -0.048    1447.69      3.359      3.327    -0.2248    -0.2252    -0.0003    -0.2250    -0.2253    -0.0003   2.819996   2.820388   0.000392    34.1382    34.1439     7.7007    27.4217    27.4263    334.735  352.36155  353.88023          2  0.000e+00
      24425 326.475945  -62.20874  -58.30018     -0.042    1447.69      3.359      3.327    -0.2250    -0.2246     0.0004    -0.2251    -0.2247     0.0004   2.820032   2.820382   0.000350    34.1389    34.1431     7.7007    27.4223    27.4256    334.735  352.36128  353.88004          2  0.000e+00
      24426 326.475946  -62.20874  -58.30018     -0.040    1447.69      3.359      3.327    -0.2250    -0.2247     0.0003    -0.2251    -0.2248     0.0003   2.820008   2.820423   0.000415    34.1386    34.1438     7.7007    27.4220    27.4262    334.736  352.36216  353.88090          2  0.000e+00
      24427 326.475946  -62.20874  -58.30018     -0.031    1447.69      3.414      3.381    -0.2250    -0.2252    -0.0002    -0.2251    -0.2253    -0.0002   2.819996   2.820400   0.000404    34.1384    34.1440     7.7016    27.4219    27.4264    334.773  352.36270  353.88143          2  0.000e+00
      24428 326.475947  -62.20874  -58.30018     -0.028    1447.69      3.359      3.327    -0.2250    -0.2249     0.0001    -0.2251    -0.2250     0.0001   2.819996   2.820394   0.000398    34.1384    34.1436     7.7023    27.4219    27.4261    334.805  352.36261  353.88134          2  0.000e+00
      24429 326.475947  -62.20874  -58.30018     -0.022    1447.69      3.414      3.381    -0.2248    -0.2249    -0.0000    -0.2250    -0.2250    -0.0000   2.819996   2.820423   0.000427    34.1382    34.1439     7.7032    27.4217    27.4263    334.843  352.36164  353.88032          2  0.000e+00
      24492 326.475978  -62.20874  -58.30018      0.024    1447.69      3.483      3.449    -0.2281    -0.2278     0.0003    -0.2282    -0.2280     0.0003   2.819786   2.820278   0.000493    34.1390    34.1453     7.7087    27.4225    27.4276    335.083  352.38965  353.90905          3  0.000e+00
      24493 326.475978  -62.20874  -58.30018      0.027    1447.69      3.510      3.476    -0.2284    -0.2278     0.0006    -0.2285    -0.2279     0.0006   2.819762   2.820250   0.000488    34.1390    34.1449     7.7044    27.4225    27.4272    334.894  352.39235  353.91181          3  0.000e+00
      24494 326.475978  -62.20874  -58.30018      0.024    1447.69      3.462      3.429    -0.2286    -0.2274     0.0012    -0.2287    -0.2275     0.0012   2.819774   2.820238   0.000464    34.1394    34.1442     7.7086    27.4229    27.4267    335.075  352.39289  353.91240          3  0.000e+00
      24495 326.475979  -62.20874  -58.30018      0.026    1447.69      3.510      3.476    -0.2291    -0.2277     0.0014    -0.2292    -0.2278     0.0014   2.819786   2.820307   0.000522    34.1401    34.1455     7.7085    27.4234    27.4277    335.074  352.39536  353.91500          3  0.000e+00
      24496 326.475979  -62.20874  -58.30018      0.026    1447.69      3.462      3.429    -0.2291    -0.2278     0.0012    -0.2292    -0.2280     0.0012   2.819762   2.820261   0.000500    34.1398    34.1451     7.7083    27.4232    27.4274    335.064  352.39616  353.91579          3  0.000e+00
      24497 326.475980  -62.20874  -58.30018      0.025    1447.69      3.510      3.476    -0.2286    -0.2277     0.0009    -0.2287    -0.2278     0.0009   2.819792   2.820273   0.000481    34.1396    34.1450     7.7080    27.4230    27.4273    335.053  352.39231  353.91183          3  0.000e+00
      24498 326.475980  -62.20874  -58.30018      0.024    1447.69      3.462      3.429    -0.2281    -0.2280     0.0001    -0.2282    -0.2281     0.0001   2.819768   2.820296   0.000528    34.1388    34.1457     7.7084    27.4223    27.4279    335.071  352.39028  353.90967          3  0.000e+00
      24499 326.475981  -62.20874  -58.30018      0.027    1447.69      3.510      3.476    -0.2278    -0.2272     0.0006    -0.2279    -0.2273     0.0006   2.819792   2.820290   0.000498    34.1387    34.1447     7.7082    27.4223    27.4271    335.059  352.38735  353.90667          3  0.000e+00
      24500 326.475981  -62.20874  -58.30018      0.023    1447.69      3.462      3.429    -0.2278    -0.2269     0.0009    -0.2279    -0.2270     0.0009   2.819864   2.820307   0.000443    34.1397    34.1446     7.7078    27.4231    27.4270    335.042  352.38462  353.90399          3  0.000e+00
      24501 326.475982  -62.20874  -58.30018      0.025    1447.69      3.510      3.476    -0.2275    -0.2269     0.0006    -0.2276    -0.2270     0.0006   2.819888   2.820325   0.000437    34.1397    34.1448     7.7075    27.4230    27.4271    335.028  352.38205  353.90135          3  0.000e+00
      24502 326.475982  -62.20874  -58.30018      0.024    1447.69      3.462      3.429    -0.2273    -0.2260     0.0013    -0.2274    -0.2261     0.0013   2.819888   2.820296   0.000408    34.1395    34.1435     7.7078    27.4229    27.4260    335.043  352.38091  353.90017          3  0.000e+00
      24503 326.475983  -62.20874  -58.30018      0.025    1447.69      3.510      3.476    -0.2270    -0.2256     0.0014    -0.2271    -0.2258     0.0014   2.819888   2.820307   0.000419    34.1392    34.1432     7.7083    27.4226    27.4258    335.062  352.37922  353.89840          3  0.000e+00
      24504 326.475983  -62.20874  -58.30018      0.021    1447.69      3.462      3.429    -0.2266    -0.2260     0.0006    -0.2267    -0.2261     0.0006   2.819870   2.820325   0.000455    34.1384    34.1438     7.7078    27.4220    27.4263    335.043  352.37697  353.89602          3  0.000e+00
