Pos-Processados/process_op38/operantar38_015b.ros
* Sea-Bird SBE 9 Data File:
* FileName = D:\OPERANTAR_XXXVIII\DADOS\OP38_015b.hdr
* Software Version Seasave V 7.18c
* Temperature SN = 4808
* Conductivity SN = 3380
* Number of Bytes Per Scan = 34
* Number of Voltage Words = 3
* Number of Scans Averaged by the Deck Unit = 1
* NMEA Latitude = 62 18.48 S
* NMEA Longitude = 058 32.77 W
* NMEA UTC (Time) = Nov 05 2019 09:48:22
** H41
** NAVIO POLAR ALMIRANTE MAXIMIANO
** CRUZEIRO:
** OPERANTAR XXXVIII
** ESTAÇÃO: OP38_015b
** LAT 62 18,48' S
** LONG 058 32,80' W
** 09P73767-1155_A
** PROFUNDIDADE: 353
** DATA/HORA: 050949Z/NOV/2019
** OPERADOR: SO-HN CHAVES
# nquan = 24
# nvalues = 1844                                  
# units = specified
# name 0 = scan: Scan Count
# name 1 = timeJ: Julian Days
# name 2 = latitude: Latitude [deg]
# name 3 = longitude: Longitude [deg]
# name 4 = dz/dtM: Descent Rate [m/s]
# name 5 = avgsvCM: Average Sound Velocity [Chen-Millero, m/s]
# name 6 = prDM: Pressure, Digiquartz [db]
# name 7 = depSM: Depth [salt water, m]
# name 8 = t090C: Temperature [ITS-90, deg C]
# name 9 = t190C: Temperature, 2 [ITS-90, deg C]
# name 10 = T2-T190C: Temperature Difference, 2 - 1 [ITS-90, deg C]
# name 11 = potemp090C: Potential Temperature [ITS-90, deg C]
# name 12 = potemp190C: Potential Temperature, 2 [ITS-90, deg C]
# name 13 = potemp90Cdiff: Potential Temperature, Diff, 2 - 1 [ITS-90, deg C]
# name 14 = c0S/m: Conductivity [S/m]
# name 15 = c1S/m: Conductivity, 2 [S/m]
# name 16 = C2-C1S/m: Conductivity Difference, 2 - 1 [S/m]
# name 17 = sal00: Salinity, Practical [PSU]
# name 18 = sal11: Salinity, Practical, 2 [PSU]
# name 19 = sbeox0ML/L: Oxygen, SBE 43 [ml/l]
# name 20 = sigma-é00: Density [sigma-theta, kg/m^3]
# name 21 = sigma-é11: Density, 2 [sigma-theta, kg/m^3]
# name 22 = nbf: Bottles Fired
# name 23 = flag:  0.000e+00
# interval = seconds: 0.0416667
# start_time = Nov 05 2019 09:48:22 [NMEA time, header]
# bad_flag = -9.990e-29
*END*
[from data line 544]
       4673 309.410841  -62.30810  -58.54616     -0.001       0.00     17.942     17.769    -0.7996    -0.8039    -0.0043    -0.8001    -0.8043    -0.0043   2.773521   2.773595   0.000074    34.1518    34.1576     7.6647    27.4581    27.4630          4  0.000e+00
       4674 309.410842  -62.30810  -58.54616      0.001       0.00     18.018     17.844    -0.7996    -0.8039    -0.0043    -0.8001    -0.8043    -0.0043   2.773497   2.773589   0.000092    34.1514    34.1575     7.6650    27.4578    27.4629          4  0.000e+00
       4675 309.410842  -62.30810  -58.54616     -0.004       0.00     17.942     17.769    -0.7995    -0.8037    -0.0042    -0.8000    -0.8042    -0.0042   2.773551   2.773555   0.000004    34.1521    34.1569     7.6651    27.4584    27.4625          4  0.000e+00
       4676 309.410842  -62.30810  -58.54616     -0.004       0.00     17.942     17.769    -0.7998    -0.8043    -0.0046    -0.8003    -0.8048    -0.0046   2.773575   2.773595   0.000020    34.1527    34.1582     7.6653    27.4589    27.4635          4  0.000e+00
       4677 309.410843  -62.30810  -58.54616     -0.007       0.00     17.963     17.789    -0.7996    -0.8034    -0.0038    -0.8001    -0.8039    -0.0038   2.773587   2.773595   0.000008    34.1527    34.1571     7.6648    27.4588    27.4626          4  0.000e+00
       4678 309.410843  -62.30810  -58.54616     -0.010       0.00     17.942     17.769    -0.7994    -0.8040    -0.0047    -0.7998    -0.8045    -0.0047   2.773611   2.773572  -0.000039    34.1527    34.1575     7.6650    27.4589    27.4629          4  0.000e+00
       4679 309.410844  -62.30810  -58.54616     -0.007       0.00     17.997     17.823    -0.7993    -0.8039    -0.0046    -0.7998    -0.8043    -0.0046   2.773605   2.773601  -0.000004    34.1525    34.1576     7.6654    27.4587    27.4631          4  0.000e+00
       4680 309.410844  -62.30810  -58.54616     -0.011       0.00     17.942     17.769    -0.7993    -0.8037    -0.0044    -0.7998    -0.8042    -0.0044   2.773611   2.773612   0.000001    34.1527    34.1577     7.6605    27.4588    27.4631          4  0.000e+00
       4681 309.410845  -62.30810  -58.54616     -0.011       0.00     17.963     17.789    -0.7990    -0.8042    -0.0052    -0.7995    -0.8047    -0.0052   2.773635   2.773618  -0.000017    34.1526    34.1583     7.6645    27.4588    27.4636          4  0.000e+00
       4682 309.410845  -62.30810  -58.54616     -0.010       0.00     17.942     17.769    -0.7987    -0.8040    -0.0053    -0.7992    -0.8045    -0.0053   2.773635   2.773653   0.000018    34.1523    34.1586     7.6596    27.4585    27.4638          4  0.000e+00
       4683 309.410846  -62.30810  -58.54616     -0.014       0.00     17.942     17.769    -0.7991    -0.8037    -0.0046    -0.7996    -0.8042    -0.0046   2.773617   2.773710   0.000093    34.1525    34.1590     7.6646    27.4587    27.4642          4  0.000e+00
       4684 309.410846  -62.30810  -58.54616     -0.011       0.00     17.997     17.823    -0.7990    -0.8029    -0.0039    -0.7995    -0.8034    -0.0039   2.773617   2.773704   0.000087    34.1524    34.1580     7.6652    27.4586    27.4633          4  0.000e+00
       4685 309.410847  -62.30810  -58.54616     -0.019       0.00     17.915     17.742    -0.7991    -0.8032    -0.0042    -0.7996    -0.8037    -0.0042   2.773563   2.773790   0.000227    34.1518    34.1596     7.6649    27.4581    27.4646          4  0.000e+00
       4686 309.410847  -62.30810  -58.54616     -0.016       0.00     17.942     17.769    -0.7996    -0.8023    -0.0027    -0.8001    -0.8028    -0.0027   2.773539   2.773825   0.000286    34.1520    34.1590     7.6647    27.4583    27.4641          4  0.000e+00
       4687 309.410848  -62.30810  -58.54616     -0.019       0.00     17.942     17.769    -0.7998    -0.8009    -0.0012    -0.8003    -0.8014    -0.0012   2.773521   2.773888   0.000367    34.1520    34.1583     7.6645    27.4583    27.4634          4  0.000e+00
       4688 309.410848  -62.30810  -58.54616     -0.021       0.00     17.915     17.742    -0.7998    -0.8008    -0.0009    -0.8003    -0.8012    -0.0009   2.773497   2.773900   0.000402    34.1517    34.1582     7.6591    27.4581    27.4634          4  0.000e+00
       4689 309.410849  -62.30810  -58.54616     -0.023       0.00     17.942     17.769    -0.8001    -0.8006    -0.0006    -0.8005    -0.8011    -0.0006   2.773468   2.773923   0.000455    34.1516    34.1584     7.6642    27.4580    27.4635          4  0.000e+00
       4690 309.410849  -62.30810  -58.54616     -0.023       0.00     17.942     17.769    -0.7999    -0.8005    -0.0005    -0.8004    -0.8010    -0.0005   2.773468   2.773905   0.000438    34.1514    34.1580     7.6648    27.4579    27.4632          4  0.000e+00
       4691 309.410850  -62.30810  -58.54616     -0.023       0.00     17.942     17.769    -0.8001    -0.8002    -0.0001    -0.8005    -0.8007    -0.0001   2.773521   2.773882   0.000361    34.1523    34.1573     7.6654    27.4586    27.4627          4  0.000e+00
       4692 309.410850  -62.30810  -58.54616     -0.027       0.00     17.915     17.742    -0.8001    -0.8002    -0.0000    -0.8006    -0.8007    -0.0000   2.773462   2.773882   0.000421    34.1516    34.1573     7.6661    27.4580    27.4627          4  0.000e+00
       4693 309.410851  -62.30810  -58.54616     -0.028       0.00     17.894     17.722    -0.8005    -0.8002     0.0004    -0.8010    -0.8007     0.0004   2.773384   2.773934   0.000550    34.1510    34.1580     7.6661    27.4575    27.4632          4  0.000e+00
       4694 309.410851  -62.30810  -58.54616     -0.031       0.00     17.942     17.769    -0.8004    -0.8000     0.0004    -0.8009    -0.8005     0.0004   2.773354   2.773917   0.000563    34.1504    34.1576     7.6661    27.4571    27.4629          4  0.000e+00
       4695 309.410852  -62.30810  -58.54616     -0.033       0.00     17.894     17.722    -0.8012    -0.8003     0.0009    -0.8017    -0.8008     0.0009   2.773318   2.773911   0.000593    34.1509    34.1579     7.6661    27.4575    27.4631          4  0.000e+00
       4696 309.410852  -62.30810  -58.54616     -0.031       0.00     17.963     17.789    -0.8017    -0.8002     0.0016    -0.8022    -0.8007     0.0016   2.773270   2.773963   0.000693    34.1508    34.1584     7.6662    27.4574    27.4635          4  0.000e+00
       4697 309.410853  -62.30810  -58.54616     -0.034       0.00     17.894     17.722    -0.8021    -0.7997     0.0024    -0.8026    -0.8002     0.0024   2.773294   2.773928   0.000634    34.1516    34.1574     7.6669    27.4581    27.4627          4  0.000e+00
       4698 309.410853  -62.30810  -58.54616     -0.033       0.00     17.942     17.769    -0.8026    -0.8000     0.0026    -0.8030    -0.8005     0.0026   2.773264   2.773946   0.000681    34.1516    34.1580     7.6670    27.4582    27.4632          4  0.000e+00
       4699 309.410854  -62.30810  -58.54616     -0.035       0.00     17.894     17.722    -0.8028    -0.7997     0.0031    -0.8033    -0.8002     0.0031   2.773234   2.773951   0.000717    34.1515    34.1577     7.6669    27.4581    27.4630          4  0.000e+00
       4700 309.410854  -62.30810  -58.54616     -0.037       0.00     17.915     17.742    -0.8028    -0.7998     0.0030    -0.8033    -0.8003     0.0030   2.773228   2.773980   0.000752    34.1515    34.1583     7.6677    27.4580    27.4634          4  0.000e+00
       4701 309.410855  -62.30810  -58.54616     -0.038       0.00     17.894     17.721    -0.8028    -0.8003     0.0025    -0.8033    -0.8008     0.0025   2.773192   2.773969   0.000776    34.1510    34.1587     7.6685    27.4577    27.4638          4  0.000e+00
       4702 309.410855  -62.30810  -58.54616     -0.039       0.00     17.894     17.721    -0.8034    -0.8000     0.0034    -0.8039    -0.8005     0.0034   2.773175   2.773911   0.000737    34.1514    34.1575     7.6686    27.4580    27.4628          4  0.000e+00
       4703 309.410856  -62.30810  -58.54616     -0.041       0.00     17.915     17.742    -0.8035    -0.7998     0.0036    -0.8040    -0.8003     0.0036   2.773210   2.773923   0.000712    34.1520    34.1575     7.6694    27.4585    27.4628          4  0.000e+00
       4704 309.410856  -62.30810  -58.54616     -0.044       0.00     17.894     17.721    -0.8031    -0.8003     0.0028    -0.8036    -0.8008     0.0028   2.773228   2.773917   0.000688    34.1518    34.1580     7.6693    27.4583    27.4632          4  0.000e+00
       4705 309.410856  -62.30810  -58.54616     -0.044       0.00     17.894     17.721    -0.8028    -0.8002     0.0026    -0.8033    -0.8007     0.0026   2.773264   2.773923   0.000658    34.1519    34.1579     7.6693    27.4584    27.4631          4  0.000e+00
       4706 309.410857  -62.30810  -58.54616     -0.044       0.00     17.894     17.721    -0.8027    -0.7998     0.0028    -0.8032    -0.8003     0.0028   2.773312   2.773911   0.000599    34.1525    34.1574     7.6693    27.4588    27.4627          4  0.000e+00
       4707 309.410857  -62.30810  -58.54616     -0.049       0.00     17.867     17.694    -0.8022    -0.8000     0.0022    -0.8027    -0.8005     0.0022   2.773318   2.773928   0.000610    34.1520    34.1578     7.6692    27.4584    27.4630          4  0.000e+00
       4708 309.410858  -62.30810  -58.54616     -0.047       0.00     17.894     17.721    -0.8024    -0.8006     0.0018    -0.8029    -0.8011     0.0018   2.773306   2.773928   0.000622    34.1520    34.1585     7.6693    27.4585    27.4636          4  0.000e+00
       4709 309.410858  -62.30810  -58.54616     -0.050       0.00     17.894     17.721    -0.8021    -0.7997     0.0025    -0.8026    -0.8002     0.0025   2.773348   2.773877   0.000529    34.1523    34.1567     7.6692    27.4587    27.4621          4  0.000e+00
       4710 309.410859  -62.30810  -58.54616     -0.052       0.00     17.846     17.674    -0.8017    -0.8005     0.0013    -0.8022    -0.8010     0.0013   2.773354   2.773877   0.000523    34.1520    34.1577     7.6700    27.4584    27.4629          4  0.000e+00
       4711 309.410859  -62.30810  -58.54616     -0.052       0.00     17.915     17.742    -0.8014    -0.8000     0.0015    -0.8019    -0.8005     0.0015   2.773372   2.773854   0.000482    34.1519    34.1568     7.6657    27.4583    27.4622          4  0.000e+00
       4712 309.410860  -62.30810  -58.54616     -0.053       0.00     17.846     17.674    -0.8014    -0.8008     0.0006    -0.8019    -0.8012     0.0006   2.773408   2.773831   0.000423    34.1523    34.1574     7.6709    27.4587    27.4627          4  0.000e+00
       4713 309.410860  -62.30810  -58.54616     -0.052       0.00     17.894     17.721    -0.8013    -0.8005     0.0008    -0.8018    -0.8010     0.0008   2.773408   2.773848   0.000440    34.1522    34.1572     7.6719    27.4585    27.4626          4  0.000e+00
       4714 309.410861  -62.30810  -58.54616     -0.056       0.00     17.846     17.674    -0.8014    -0.8006     0.0008    -0.8019    -0.8011     0.0008   2.773408   2.773831   0.000423    34.1524    34.1572     7.6721    27.4587    27.4626          4  0.000e+00
       4715 309.410861  -62.30810  -58.54616     -0.054       0.00     17.867     17.694    -0.8014    -0.8016    -0.0002    -0.8019    -0.8020    -0.0002   2.773438   2.773767   0.000330    34.1527    34.1574     7.6723    27.4590    27.4628          4  0.000e+00
       4716 309.410862  -62.30810  -58.54616     -0.055       0.00     17.894     17.721    -0.8010    -0.8014    -0.0004    -0.8015    -0.8019    -0.0004   2.773456   2.773750   0.000295    34.1525    34.1569     7.6724    27.4588    27.4624          4  0.000e+00
       4717 309.410862  -62.30810  -58.54616     -0.059       0.00     17.846     17.674    -0.8009    -0.8016    -0.0007    -0.8014    -0.8020    -0.0007   2.773462   2.773762   0.000300    34.1525    34.1573     7.6725    27.4588    27.4627          4  0.000e+00
       4718 309.410863  -62.30810  -58.54616     -0.057       0.00     17.867     17.694    -0.8007    -0.8017    -0.0010    -0.8012    -0.8022    -0.0010   2.773485   2.773790   0.000305    34.1526    34.1579     7.6727    27.4588    27.4631          4  0.000e+00
       4719 309.410863  -62.30810  -58.54616     -0.059       0.00     17.846     17.674    -0.8005    -0.8011    -0.0006    -0.8010    -0.8016    -0.0006   2.773509   2.773802   0.000293    34.1527    34.1573     7.6720    27.4589    27.4627          4  0.000e+00
       4720 309.410864  -62.30810  -58.54616     -0.062       0.00     17.846     17.674    -0.8002    -0.8017    -0.0015    -0.8007    -0.8022    -0.0015   2.773497   2.773773   0.000276    34.1522    34.1576     7.6713    27.4585    27.4630          4  0.000e+00
       4721 309.410864  -62.30810  -58.54616     -0.061       0.00     17.846     17.674    -0.8005    -0.8014    -0.0009    -0.8010    -0.8019    -0.0009   2.773468   2.773750   0.000283    34.1522    34.1570     7.6715    27.4585    27.4624          4  0.000e+00
       4722 309.410865  -62.30810  -58.54616     -0.062       0.00     17.867     17.694    -0.8001    -0.8017    -0.0016    -0.8006    -0.8022    -0.0016   2.773444   2.773767   0.000324    34.1514    34.1575     7.6716    27.4578    27.4629          4  0.000e+00
       4723 309.410865  -62.30810  -58.54616     -0.059       0.00     17.846     17.674    -0.8010    -0.8019    -0.0009    -0.8015    -0.8024    -0.0009   2.773384   2.773767   0.000384    34.1515    34.1578     7.6719    27.4580    27.4631          4  0.000e+00
       4724 309.410866  -62.30810  -58.54616     -0.061       0.00     17.846     17.674    -0.8014    -0.8019    -0.0004    -0.8019    -0.8024    -0.0004   2.773378   2.773750   0.000372    34.1520    34.1575     7.6721    27.4584    27.4629          4  0.000e+00
       4725 309.410866  -62.30810  -58.54616     -0.062       0.00     17.846     17.674    -0.8013    -0.8017    -0.0004    -0.8018    -0.8022    -0.0004   2.773402   2.773785   0.000383    34.1521    34.1578     7.6722    27.4585    27.4631          4  0.000e+00
       4726 309.410867  -62.30810  -58.54616     -0.064       0.00     17.812     17.640    -0.8010    -0.8017    -0.0007    -0.8015    -0.8022    -0.0007   2.773438   2.773773   0.000336    34.1524    34.1577     7.6774    27.4587    27.4630          4  0.000e+00
       4727 309.410867  -62.30810  -58.54616     -0.064       0.00     17.846     17.674    -0.8009    -0.8020    -0.0011    -0.8014    -0.8025    -0.0011   2.773414   2.773773   0.000360    34.1518    34.1580     7.6731    27.4582    27.4633          4  0.000e+00
       4728 309.410868  -62.30810  -58.54616     -0.062       0.00     17.846     17.674    -0.8012    -0.8017    -0.0005    -0.8016    -0.8022    -0.0005   2.773408   2.773716   0.000308    34.1521    34.1569     7.6681    27.4584    27.4623          4  0.000e+00
       4729 309.410868  -62.30810  -58.54616     -0.062       0.00     17.846     17.674    -0.8015    -0.8021    -0.0006    -0.8020    -0.8026    -0.0006   2.773300   2.773733   0.000433    34.1510    34.1576     7.6720    27.4576    27.4630          4  0.000e+00
       4730 309.410869  -62.30810  -58.54616     -0.062       0.00     17.812     17.640    -0.8019    -0.8021    -0.0002    -0.8024    -0.8026    -0.0002   2.773252   2.773727   0.000475    34.1508    34.1575     7.6721    27.4575    27.4629          4  0.000e+00
       4731 309.410869  -62.30810  -58.54616     -0.062       0.00     17.846     17.674    -0.8024    -0.8025    -0.0001    -0.8029    -0.8030    -0.0001   2.773258   2.773744   0.000486    34.1514    34.1581     7.6715    27.4580    27.4634          4  0.000e+00
