Pos-Processados/process_op38/operantar38_013a.ros
* Sea-Bird SBE 9 Data File:
* FileName = D:\OPERANTAR_XXXVIII\DADOS\OP38_013a.hdr
* Software Version Seasave V 7.18c
* Temperature SN = 4808
* Conductivity SN = 3380
* Number of Bytes Per Scan = 34
* Number of Voltage Words = 3
* Number of Scans Averaged by the Deck Unit = 1
* NMEA Latitude = 62 08.60 S
* NMEA Longitude = 058 24.70 W
* NMEA UTC (Time) = Nov 05 2019 03:14:19
** H41
** NAVIO POLAR ALMIRANTE MAXIMIANO
** CRUZEIRO:
** OPERANTAR XXXVIII
** ESTAÇÃO: OP38_013a
** LAT 62 08,60' S
** LONG 058 24,70' W
** 09P73767-1155_A
** PROFUNDIDADE: 420
** DATA/HORA: 050314Z/NOV/2019
** OPERADOR: SO-HN CHAVES
# nquan = 24
# nvalues = 193                                   
# units = specified
# name 0 = scan: Scan Count
# name 1 = timeJ: Julian Days
# name 2 = latitude: Latitude [deg]
# name 3 = longitude: Longitude [deg]
# name 4 = dz/dtM: Descent Rate [m/s]
# name 5 = avgsvCM: Average Sound Velocity [Chen-Millero, m/s]
# name 6 = prDM: Pressure, Digiquartz [db]
# name 7 = depSM: Depth [salt water, m]
# name 8 = t090C: Temperature [ITS-90, deg C]
# name 9 = t190C: Temperature, 2 [ITS-90, deg C]
# name 10 = T2-T190C: Temperature Difference, 2 - 1 [ITS-90, deg C]
# name 11 = potemp090C: Potential Temperature [ITS-90, deg C]
# name 12 = potemp190C: Potential Temperature, 2 [ITS-90, deg C]
# name 13 = potemp90Cdiff: Potential Temperature, Diff, 2 - 1 [ITS-90, deg C]
# name 14 = c0S/m: Conductivity [S/m]
# name 15 = c1S/m: Conductivity, 2 [S/m]
# name 16 = C2-C1S/m: Conductivity Difference, 2 - 1 [S/m]
# name 17 = sal00: Salinity, Practical [PSU]
# name 18 = sal11: Salinity, Practical, 2 [PSU]
# name 19 = sbeox0ML/L: Oxygen, SBE 43 [ml/l]
# name 20 = sigma-é00: Density [sigma-theta, kg/m^3]
# name 21 = sigma-é11: Density, 2 [sigma-theta, kg/m^3]
# name 22 = nbf: Bottles Fired
# name 23 = flag:  0.000e+00
# interval = seconds: 0.0416667
# start_time = Nov 05 2019 03:14:19 [NMEA time, header]
# bad_flag = -9.990e-29
*END*
[from data line 61]
       2139 309.135973  -62.14340  -58.41182     -0.043       0.00     10.602     10.500    -0.8106    -0.8087     0.0019    -0.8109    -0.8089     0.0019   2.773585   2.773806   0.000221    34.1697    34.1705     7.6105    27.4731    27.4737          1  0.000e+00
       2140 309.135974  -62.14340  -58.41182     -0.045       0.00     10.554     10.453    -0.8089    -0.8096    -0.0007    -0.8092    -0.8098    -0.0007   2.773693   2.773794   0.000101    34.1693    34.1714     7.6103    27.4727    27.4744          1  0.000e+00
       2141 309.135974  -62.14340  -58.41182     -0.041       0.00     10.602     10.500    -0.8074    -0.8104    -0.0029    -0.8077    -0.8106    -0.0029   2.773729   2.773783   0.000054    34.1681    34.1721     7.6102    27.4716    27.4750          1  0.000e+00
       2142 309.135975  -62.14340  -58.41182     -0.042       0.00     10.554     10.453    -0.8062    -0.8108    -0.0045    -0.8065    -0.8110    -0.0045   2.773765   2.773725  -0.000039    34.1672    34.1718     7.6101    27.4709    27.4748          1  0.000e+00
       2143 309.135975  -62.14340  -58.41182     -0.041       0.00     10.581     10.480    -0.8050    -0.8107    -0.0057    -0.8053    -0.8110    -0.0057   2.773812   2.773679  -0.000133    34.1665    34.1711     7.6100    27.4702    27.4742          1  0.000e+00
       2144 309.135976  -62.14340  -58.41182     -0.038       0.00     10.602     10.500    -0.8044    -0.8131    -0.0088    -0.8046    -0.8134    -0.0088   2.773795   2.773588  -0.000207    34.1655    34.1726     7.6101    27.4694    27.4756          1  0.000e+00
       2145 309.135976  -62.14340  -58.41182     -0.039       0.00     10.554     10.453    -0.8042    -0.8161    -0.0118    -0.8045    -0.8164    -0.0118   2.773735   2.773519  -0.000216    34.1646    34.1750     7.6103    27.4687    27.4776          1  0.000e+00
       2146 309.135977  -62.14340  -58.41182     -0.036       0.00     10.602     10.500    -0.8042    -0.8161    -0.0118    -0.8045    -0.8164    -0.0118   2.773669   2.773507  -0.000162    34.1636    34.1749     7.6113    27.4679    27.4775          1  0.000e+00
       2147 309.135977  -62.14340  -58.41182     -0.035       0.00     10.554     10.453    -0.8046    -0.8159    -0.0112    -0.8049    -0.8162    -0.0112   2.773603   2.773530  -0.000073    34.1632    34.1750     7.6116    27.4676    27.4776          1  0.000e+00
       2148 309.135978  -62.14340  -58.41182     -0.035       0.00     10.602     10.500    -0.8055    -0.8147    -0.0092    -0.8058    -0.8150    -0.0092   2.773573   2.773530  -0.000043    34.1637    34.1736     7.6060    27.4680    27.4764          1  0.000e+00
       2149 309.135978  -62.14340  -58.41182     -0.036       0.00     10.602     10.500    -0.8058    -0.8144    -0.0086    -0.8060    -0.8147    -0.0086   2.773573   2.773513  -0.000060    34.1640    34.1730     7.6106    27.4683    27.4759          1  0.000e+00
       2150 309.135978  -62.14340  -58.41182     -0.034       0.00     10.554     10.453    -0.8056    -0.8140    -0.0084    -0.8059    -0.8143    -0.0084   2.773627   2.773547  -0.000080    34.1647    34.1731     7.6047    27.4688    27.4760          1  0.000e+00
       2151 309.135979  -62.14340  -58.41182     -0.030       0.00     10.602     10.500    -0.8051    -0.8145    -0.0094    -0.8054    -0.8148    -0.0094   2.773603   2.773559  -0.000044    34.1637    34.1738     7.6093    27.4680    27.4766          1  0.000e+00
       2152 309.135979  -62.14340  -58.41182     -0.028       0.00     10.581     10.480    -0.8058    -0.8144    -0.0086    -0.8060    -0.8147    -0.0086   2.773555   2.773542  -0.000014    34.1638    34.1734     7.6045    27.4681    27.4762          1  0.000e+00
       2153 309.135980  -62.14340  -58.41182     -0.024       0.00     10.602     10.500    -0.8059    -0.8140    -0.0081    -0.8062    -0.8143    -0.0081   2.773478   2.773519   0.000041    34.1629    34.1727     7.6040    27.4674    27.4757          1  0.000e+00
       2154 309.135980  -62.14340  -58.41182     -0.020       0.00     10.602     10.500    -0.8074    -0.8142    -0.0068    -0.8077    -0.8145    -0.0068   2.773460   2.773547   0.000088    34.1644    34.1733     7.6089    27.4687    27.4762          1  0.000e+00
       2155 309.135981  -62.14340  -58.41182     -0.022       0.00     10.554     10.453    -0.8080    -0.8137    -0.0057    -0.8083    -0.8140    -0.0057   2.773424   2.773542   0.000118    34.1646    34.1727     7.6085    27.4688    27.4756          1  0.000e+00
       2156 309.135981  -62.14340  -58.41182     -0.021       0.00     10.602     10.500    -0.8073    -0.8133    -0.0060    -0.8076    -0.8136    -0.0060   2.773430   2.773576   0.000146    34.1639    34.1726     7.6086    27.4682    27.4756          1  0.000e+00
       2157 309.135982  -62.14340  -58.41182     -0.016       0.00     10.602     10.500    -0.8073    -0.8120    -0.0048    -0.8076    -0.8123    -0.0048   2.773454   2.773605   0.000151    34.1641    34.1716     7.6088    27.4685    27.4747          1  0.000e+00
       2158 309.135982  -62.14340  -58.41182     -0.014       0.00     10.602     10.500    -0.8076    -0.8122    -0.0046    -0.8079    -0.8125    -0.0046   2.773508   2.773656   0.000149    34.1653    34.1725     7.6091    27.4694    27.4754          1  0.000e+00
       2159 309.135983  -62.14340  -58.41182     -0.012       0.00     10.602     10.500    -0.8078    -0.8117    -0.0040    -0.8081    -0.8120    -0.0040   2.773490   2.773691   0.000201    34.1652    34.1724     7.6093    27.4694    27.4754          1  0.000e+00
       2160 309.135983  -62.14340  -58.41182     -0.013       0.00     10.581     10.480    -0.8084    -0.8110    -0.0026    -0.8087    -0.8112    -0.0026   2.773454   2.773708   0.000254    34.1654    34.1718     7.6097    27.4695    27.4748          1  0.000e+00
       2161 309.135984  -62.14340  -58.41182     -0.008       0.00     10.602     10.500    -0.8101    -0.8117    -0.0016    -0.8104    -0.8120    -0.0016   2.773358   2.773737   0.000379    34.1661    34.1731     7.6103    27.4701    27.4759          1  0.000e+00
       2162 309.135984  -62.14340  -58.41182     -0.007       0.00     10.602     10.500    -0.8115    -0.8108     0.0007    -0.8118    -0.8111     0.0007   2.773346   2.773731   0.000385    34.1675    34.1719     7.6108    27.4713    27.4749          1  0.000e+00
       2163 309.135985  -62.14340  -58.41182     -0.005       0.00     10.602     10.500    -0.8110    -0.8110     0.0001    -0.8113    -0.8112     0.0001   2.773424   2.773754   0.000330    34.1680    34.1724     7.6109    27.4718    27.4753          1  0.000e+00
       2164 309.135985  -62.14340  -58.41182     -0.001       0.00     10.602     10.500    -0.8107    -0.8110    -0.0003    -0.8110    -0.8112    -0.0003   2.773514   2.773771   0.000258    34.1688    34.1726     7.6058    27.4724    27.4755          1  0.000e+00
       2165 309.135986  -62.14340  -58.41182      0.001       0.00     10.602     10.500    -0.8092    -0.8100    -0.0009    -0.8095    -0.8103    -0.0009   2.773555   2.773835   0.000279    34.1677    34.1725     7.6050    27.4714    27.4753          1  0.000e+00
       2166 309.135986  -62.14340  -58.41182      0.001       0.00     10.602     10.500    -0.8084    -0.8097    -0.0014    -0.8087    -0.8100    -0.0014   2.773513   2.773846   0.000333    34.1662    34.1723     7.6044    27.4702    27.4751          1  0.000e+00
       2167 309.135987  -62.14340  -58.41182      0.006       0.00     10.657     10.554    -0.8076    -0.8091    -0.0015    -0.8079    -0.8094    -0.0015   2.773406   2.773852   0.000446    34.1639    34.1716     7.6039    27.4682    27.4746          1  0.000e+00
       2168 309.135987  -62.14340  -58.41182      0.007       0.00     10.602     10.500    -0.8080    -0.8083    -0.0004    -0.8083    -0.8086    -0.0004   2.773322   2.773875   0.000553    34.1631    34.1711     7.6036    27.4677    27.4741          1  0.000e+00
       2169 309.135988  -62.14340  -58.41182      0.010       0.00     10.629     10.527    -0.8096    -0.8077     0.0019    -0.8099    -0.8080     0.0019   2.773268   2.773852   0.000583    34.1643    34.1700     7.6087    27.4687    27.4733          1  0.000e+00
       2170 309.135988  -62.14340  -58.41182      0.011       0.00     10.602     10.500    -0.8090    -0.8083     0.0007    -0.8093    -0.8086     0.0007   2.773232   2.773812   0.000579    34.1631    34.1702     7.6038    27.4677    27.4734          1  0.000e+00
       2171 309.135989  -62.14340  -58.41182      0.016       0.00     10.657     10.554    -0.8084    -0.8088    -0.0004    -0.8087    -0.8091    -0.0004   2.773226   2.773783   0.000556    34.1623    34.1703     7.6034    27.4670    27.4735          1  0.000e+00
       2172 309.135989  -62.14340  -58.41182      0.017       0.00     10.602     10.500    -0.8085    -0.8097    -0.0012    -0.8088    -0.8100    -0.0012   2.773286   2.773748   0.000462    34.1633    34.1709     7.6030    27.4678    27.4741          1  0.000e+00
       2173 309.135990  -62.14340  -58.41182      0.018       0.00     10.602     10.500    -0.8087    -0.8097    -0.0010    -0.8090    -0.8100    -0.0010   2.773340   2.773806   0.000466    34.1642    34.1717     7.6079    27.4685    27.4746          1  0.000e+00
       2174 309.135990  -62.14340  -58.41182      0.022       0.00     10.657     10.554    -0.8089    -0.8099    -0.0010    -0.8092    -0.8102    -0.0010   2.773424   2.773829   0.000405    34.1655    34.1722     7.6084    27.4697    27.4751          1  0.000e+00
       2175 309.135991  -62.14340  -58.41182      0.025       0.00     10.657     10.554    -0.8087    -0.8096    -0.0008    -0.8090    -0.8099    -0.0008   2.773454   2.773881   0.000427    34.1658    34.1725     7.6088    27.4698    27.4753          1  0.000e+00
       2176 309.135991  -62.14340  -58.41182      0.029       0.00     10.657     10.554    -0.8082    -0.8099    -0.0017    -0.8085    -0.8102    -0.0017   2.773514   2.773904   0.000390    34.1660    34.1732     7.6092    27.4700    27.4759          1  0.000e+00
       2177 309.135992  -62.14340  -58.41182      0.028       0.00     10.629     10.527    -0.8076    -0.8090    -0.0014    -0.8079    -0.8093    -0.0014   2.773609   2.773967   0.000358    34.1666    34.1730     7.6095    27.4705    27.4757          1  0.000e+00
       2178 309.135992  -62.14340  -58.41182      0.029       0.00     10.602     10.500    -0.8071    -0.8073    -0.0001    -0.8074    -0.8076    -0.0001   2.773657   2.774041   0.000384    34.1668    34.1721     7.6098    27.4706    27.4749          1  0.000e+00
       2179 309.135992  -62.14340  -58.41182      0.032       0.00     10.657     10.554    -0.8067    -0.8056     0.0011    -0.8070    -0.8058     0.0011   2.773669   2.774082   0.000413    34.1664    34.1707     7.6103    27.4702    27.4737          1  0.000e+00
       2180 309.135993  -62.14340  -58.41182      0.033       0.00     10.657     10.554    -0.8062    -0.8045     0.0017    -0.8065    -0.8048     0.0017   2.773639   2.774053   0.000414    34.1654    34.1691     7.6055    27.4695    27.4723          1  0.000e+00
       2181 309.135993  -62.14340  -58.41182      0.036       0.00     10.657     10.554    -0.8058    -0.8048     0.0010    -0.8060    -0.8051     0.0010   2.773639   2.774007   0.000368    34.1649    34.1688     7.6104    27.4690    27.4721          1  0.000e+00
       2182 309.135994  -62.14340  -58.41182      0.039       0.00     10.657     10.554    -0.8060    -0.8057     0.0003    -0.8063    -0.8060     0.0003   2.773651   2.774007   0.000356    34.1654    34.1698     7.6057    27.4694    27.4730          1  0.000e+00
       2183 309.135994  -62.14340  -58.41182      0.037       0.00     10.657     10.554    -0.8062    -0.8060     0.0002    -0.8065    -0.8063     0.0002   2.773645   2.773972   0.000327    34.1655    34.1697     7.6099    27.4695    27.4729          1  0.000e+00
       2184 309.135995  -62.14340  -58.41182      0.044       0.00     10.705     10.602    -0.8064    -0.8063     0.0001    -0.8067    -0.8066     0.0001   2.773603   2.773932   0.000329    34.1651    34.1695     7.6046    27.4692    27.4728          1  0.000e+00
       2185 309.135995  -62.14340  -58.41182      0.040       0.00     10.554     10.453    -0.8067    -0.8071    -0.0004    -0.8070    -0.8074    -0.0004   2.773597   2.773852   0.000255    34.1655    34.1694     7.6042    27.4695    27.4727          1  0.000e+00
       2186 309.135996  -62.14340  -58.41182      0.047       0.00     10.780     10.676    -0.8068    -0.8082    -0.0014    -0.8071    -0.8085    -0.0014   2.773651   2.773846   0.000195    34.1662    34.1704     7.6034    27.4701    27.4736          1  0.000e+00
       2187 309.135996  -62.14340  -58.41182      0.049       0.00     10.657     10.554    -0.8069    -0.8094    -0.0026    -0.8071    -0.8097    -0.0026   2.773609   2.773829   0.000220    34.1658    34.1716     7.6082    27.4697    27.4746          1  0.000e+00
       2188 309.135997  -62.14340  -58.41182      0.051       0.00     10.657     10.554    -0.8070    -0.8090    -0.0019    -0.8073    -0.8093    -0.0019   2.773597   2.773846   0.000249    34.1658    34.1714     7.6088    27.4698    27.4744          1  0.000e+00
       2189 309.135997  -62.14340  -58.41182      0.053       0.00     10.705     10.602    -0.8073    -0.8093    -0.0020    -0.8076    -0.8096    -0.0020   2.773609   2.773932   0.000323    34.1662    34.1729     7.6095    27.4701    27.4756          1  0.000e+00
       2190 309.135998  -62.14340  -58.41182      0.054       0.00     10.657     10.554    -0.8071    -0.8090    -0.0018    -0.8074    -0.8093    -0.0018   2.773579   2.773972   0.000393    34.1657    34.1731     7.6100    27.4697    27.4758          1  0.000e+00
       2191 309.135998  -62.14340  -58.41182      0.055       0.00     10.705     10.602    -0.8073    -0.8085    -0.0012    -0.8076    -0.8088    -0.0012   2.773549   2.773961   0.000412    34.1654    34.1723     7.6054    27.4695    27.4751          1  0.000e+00
       2192 309.135999  -62.14340  -58.41182      0.055       0.00     10.657     10.554    -0.8074    -0.8090    -0.0015    -0.8077    -0.8093    -0.0015   2.773442   2.773938   0.000496    34.1641    34.1726     7.6105    27.4685    27.4754          1  0.000e+00
       2193 309.135999  -62.14340  -58.41182      0.058       0.00     10.705     10.602    -0.8075    -0.8080    -0.0005    -0.8078    -0.8083    -0.0005   2.773370   2.773967   0.000597    34.1632    34.1719     7.6112    27.4677    27.4748          1  0.000e+00
       2194 309.136000  -62.14340  -58.41182      0.057       0.00     10.677     10.575    -0.8081    -0.8080     0.0001    -0.8084    -0.8083     0.0001   2.773418   2.774041   0.000624    34.1645    34.1729     7.6118    27.4688    27.4756          1  0.000e+00
       2195 309.136000  -62.14340  -58.41182      0.063       0.00     10.759     10.656    -0.8084    -0.8082     0.0002    -0.8087    -0.8085     0.0002   2.773454   2.774064   0.000611    34.1653    34.1734     7.6125    27.4694    27.4760          1  0.000e+00
       2196 309.136001  -62.14340  -58.41182      0.060       0.00     10.657     10.554    -0.8092    -0.8071     0.0021    -0.8095    -0.8074     0.0021   2.773424   2.774076   0.000652    34.1659    34.1724     7.6079    27.4699    27.4751          1  0.000e+00
       2197 309.136001  -62.14340  -58.41182      0.062       0.00     10.705     10.602    -0.8098    -0.8066     0.0031    -0.8101    -0.8069     0.0031   2.773406   2.774064   0.000658    34.1663    34.1717     7.6071    27.4703    27.4745          1  0.000e+00
