Pos-Processados/process_op38/operantar38_021.cnv
* Sea-Bird SBE 9 Data File:
* FileName = D:\OPERANTAR_XXXVIII\DADOS\OP38_021.hdr
* Software Version Seasave V 7.18c
* Temperature SN = 4808
* Conductivity SN = 3380
* Number of Bytes Per Scan = 34
* Number of Voltage Words = 3
* Number of Scans Averaged by the Deck Unit = 1
* NMEA Latitude = 62 13.30 S
* NMEA Longitude = 058 22.74 W
* NMEA UTC (Time) = Nov 22 2019 13:35:38
** H41
** NAVIO POLAR ALMIRANTE MAXIMIANO
** CRUZEIRO:
** OPERANTAR XXXVIII
** ESTAÇÃO: OP38_021
** LAT 62 13,29'S
** LONG 058 22,75'W
** 09P73767-1155_A
** PROFUNDIDADE: 271
** DATA/HORA: 221336Z/NOV/2019
** OPERADOR: SO-HN CHAVES
# nquan = 30
# nvalues = 460                         
# units = specified
# name 0 = scan: Scan Count
# name 1 = timeJ: Julian Days
# name 2 = latitude: Latitude [deg]
# name 3 = longitude: Longitude [deg]
# name 4 = dz/dtM: Descent Rate [m/s]
# name 5 = avgsvCM: Average Sound Velocity [Chen-Millero, m/s]
# name 6 = prDM: Pressure, Digiquartz [db]
# name 7 = depSM: Depth [salt water, m]
# name 8 = t090C: Temperature [ITS-90, deg C]
# name 9 = t190C: Temperature, 2 [ITS-90, deg C]
# name 10 = T2-T190C: Temperature Difference, 2 - 1 [ITS-90, deg C]
# name 11 = potemp090C: Potential Temperature [ITS-90, deg C]
# name 12 = potemp190C: Potential Temperature, 2 [ITS-90, deg C]
# name 13 = potemp90Cdiff: Potential Temperature, Diff, 2 - 1 [ITS-90, deg C]
# name 14 = c0S/m: Conductivity [S/m]
# name 15 = c1S/m: Conductivity, 2 [S/m]
# name 16 = C2-C1S/m: Conductivity Difference, 2 - 1 [S/m]
# name 17 = sal00: Salinity, Practical [PSU]
# name 18 = sal11: Salinity, Practical, 2 [PSU]
# name 19 = sbeox0ML/L: Oxygen, SBE 43 [ml/l]
# name 20 = sigma-é00: Density [sigma-theta, kg/m^3]
# name 21 = sigma-é11: Density, 2 [sigma-theta, kg/m^3]
# name 22 = sal00: Salinity, Practical [PSU]
# name 23 = sigma-é00: Density [sigma-theta, kg/m^3]
# name 24 = svCM: Sound Velocity [Chen-Millero, m/s]
# name 25 = svCM1: Sound Velocity, 2 [Chen-Millero, m/s]
# name 26 = gsw_ptA0: potential temperature [ITS-90, deg C]
# name 27 = gsw_densityA0: density, TEOS-10 [density, kg/m^3]
# name 28 = gsw_saA0: Absolute Salinity [g/kg]
# name 29 = flag:
# span 0 =        115,      19423       
# span 1 = 326.566467, 326.575778       
# span 2 =  -62.22180,  -62.22178       
# span 3 =  -58.37916,  -58.37914       
# span 4 =     -0.934,      0.944       
# span 5 =       0.00,    1447.94       
# span 6 =      2.000,    232.000       
# span 7 =      1.984,    229.637       
# span 8 =    -0.5713,    -0.3351       
# span 9 =    -0.5726,    -0.3220       
# span 10 =    -0.0168,     0.0269      
# span 11 =    -0.5786,    -0.3352      
# span 12 =    -0.5799,    -0.3221      
# span 13 =    -0.0168,     0.0269      
# span 14 =   2.807432,   2.814514      
# span 15 =   2.807944,   2.815082      
# span 16 =  -0.000374,   0.001569      
# span 17 =    34.1829,    34.3150      
# span 18 =    34.1721,    34.3230      
# span 19 =     6.8985,     7.5991      
# span 20 =    27.4639,    27.5810      
# span 21 =    27.4552,    27.5875      
# span 22 =    34.1828,    34.3150      
# span 23 =    27.4637,    27.5809      
# span 24 =    1446.28,    1449.35      
# span 25 =    1446.30,    1449.36      
# span 26 =    -0.5785,    -0.3352      
# span 27 =  1027.4779,  1028.6944      
# span 28 =    34.3475,    34.4824      
# span 29 = 0.0000e+00, 0.0000e+00      
# interval = decibars: 1                
# start_time = Nov 22 2019 13:35:38 [NMEA time, header]
# bad_flag = -9.990e-29
*END*
[from data line 242]
      11713 326.572060  -62.22180  -58.37914     -0.436    1447.92    220.000    217.772    -0.5646    -0.5675    -0.0028    -0.5716    -0.5744    -0.0028   2.814050   2.814470   0.000421    34.3085    34.3174     6.9209    27.5754    27.5827    34.3086    27.5754    1449.17    1449.17    -0.5714  1028.6316    34.4759 0.0000e+00
      11767 326.572086  -62.22180  -58.37914     -0.446    1447.92    219.000    216.783    -0.5645    -0.5665    -0.0020    -0.5714    -0.5734    -0.0020   2.813994   2.814424   0.000428    34.3082    34.3162     6.9273    27.5751    27.5817    34.3083    27.5752    1449.16    1449.16    -0.5713  1028.6266    34.4756 0.0000e+00
      11819 326.572111  -62.22180  -58.37914     -0.460    1447.92    218.000    215.793    -0.5642    -0.5659    -0.0017    -0.5711    -0.5728    -0.0017   2.813937   2.814368   0.000431    34.3077    34.3154     6.9292    27.5747    27.5811    34.3077    27.5747    1449.14    1449.14    -0.5709  1028.6214    34.4750 0.0000e+00
      11873 326.572137  -62.22180  -58.37914     -0.443    1447.92    217.000    214.805    -0.5638    -0.5653    -0.0016    -0.5706    -0.5722    -0.0016   2.813871   2.814301   0.000427    34.3070    34.3145     6.9330    27.5741    27.5803    34.3070    27.5742    1449.13    1449.13    -0.5705  1028.6160    34.4743 0.0000e+00
      11926 326.572163  -62.22180  -58.37914     -0.458    1447.92    216.000    213.814    -0.5635    -0.5649    -0.0014    -0.5703    -0.5718    -0.0014   2.813804   2.814243   0.000438    34.3064    34.3139     6.9367    27.5736    27.5797    34.3064    27.5736    1449.11    1449.11    -0.5702  1028.6108    34.4737 0.0000e+00
      11976 326.572187  -62.22180  -58.37914     -0.474    1447.92    215.000    212.825    -0.5635    -0.5644    -0.0010    -0.5703    -0.5712    -0.0010   2.813753   2.814184   0.000429    34.3063    34.3132     6.9430    27.5735    27.5792    34.3063    27.5736    1449.09    1449.10    -0.5702  1028.6059    34.4736 0.0000e+00
      12022 326.572209  -62.22180  -58.37914     -0.526    1447.92    214.000    211.836    -0.5634    -0.5642    -0.0008    -0.5702    -0.5710    -0.0008   2.813688   2.814119   0.000429    34.3060    34.3127     6.9348    27.5733    27.5787    34.3060    27.5733    1449.08    1449.08    -0.5700  1028.6009    34.4732 0.0000e+00
      12066 326.572230  -62.22180  -58.37914     -0.548    1447.92    213.000    210.846    -0.5632    -0.5640    -0.0009    -0.5699    -0.5708    -0.0009   2.813623   2.814049   0.000425    34.3054    34.3121     6.9428    27.5728    27.5783    34.3055    27.5729    1449.06    1449.07    -0.5698  1028.5957    34.4727 0.0000e+00
      12114 326.572254  -62.22180  -58.37914     -0.493    1447.92    212.000    209.857    -0.5629    -0.5639    -0.0010    -0.5696    -0.5706    -0.0010   2.813584   2.814008   0.000424    34.3052    34.3120     6.9390    27.5726    27.5782    34.3052    27.5726    1449.05    1449.05    -0.5695  1028.5907    34.4725 0.0000e+00
      12161 326.572276  -62.22180  -58.37914     -0.517    1447.92    211.000    208.868    -0.5625    -0.5637    -0.0012    -0.5692    -0.5704    -0.0012   2.813531   2.813956   0.000424    34.3047    34.3118     6.9415    27.5722    27.5780    34.3047    27.5722    1449.03    1449.04    -0.5690  1028.5855    34.4720 0.0000e+00
      12206 326.572298  -62.22180  -58.37915     -0.534    1447.92    210.000    207.878    -0.5623    -0.5635    -0.0012    -0.5689    -0.5701    -0.0012   2.813476   2.813898   0.000422    34.3043    34.3113     6.9418    27.5719    27.5776    34.3043    27.5719    1449.02    1449.02    -0.5688  1028.5814    34.4728 0.0000e+00
      12260 326.572324  -62.22180 -9.990e-29     -0.432    1447.92    209.000    206.889    -0.5624    -0.5632    -0.0009    -0.5690    -0.5699    -0.0009   2.813434   2.813853   0.000418    34.3045    34.3111     6.9481    27.5720    27.5774    34.3045    27.5720    1449.00    1449.00    -0.5689  1028.5776    34.4740 0.0000e+00
      12307 326.572346  -62.22180  -58.37914     -0.518    1447.92    208.000    205.899    -0.5623    -0.5631    -0.0008    -0.5688    -0.5696    -0.0008   2.813379   2.813811   0.000429    34.3043    34.3109     6.9519    27.5718    27.5773    34.3042    27.5718    1448.98    1448.99    -0.5687  1028.5716    34.4724 0.0000e+00
      12351 326.572368  -62.22180  -58.37914     -0.544    1447.92    207.000    204.910    -0.5620    -0.5629    -0.0010    -0.5685    -0.5695    -0.0010   2.813325   2.813755   0.000429    34.3038    34.3106     6.9438    27.5714    27.5770    34.3038    27.5714    1448.97    1448.97    -0.5684  1028.5656    34.4710 0.0000e+00
      12402 326.572392  -62.22180  -58.37915     -0.468    1447.92    206.000    203.920    -0.5617    -0.5628    -0.0012    -0.5682    -0.5694    -0.0012   2.813280   2.813701   0.000422    34.3034    34.3104     6.9521    27.5711    27.5769    34.3034    27.5711    1448.95    1448.96    -0.5681  1028.5606    34.4706 0.0000e+00
      12446 326.572414  -62.22180  -58.37916     -0.536    1447.92    205.000    202.931    -0.5615    -0.5627    -0.0012    -0.5679    -0.5692    -0.0012   2.813230   2.813651   0.000422    34.3031    34.3102     6.9497    27.5709    27.5767    34.3031    27.5709    1448.94    1448.94    -0.5678  1028.5556    34.4703 0.0000e+00
      12485 326.572432  -62.22180  -58.37916     -0.617    1447.92    204.000    201.942    -0.5615    -0.5625    -0.0010    -0.5679    -0.5689    -0.0010   2.813161   2.813593   0.000431    34.3029    34.3098     6.9537    27.5707    27.5763    34.3029    27.5707    1448.92    1448.93    -0.5678  1028.5506    34.4701 0.0000e+00
      12530 326.572454  -62.22180  -58.37916     -0.540    1447.92    203.000    200.954    -0.5615    -0.5623    -0.0008    -0.5679    -0.5687    -0.0008   2.813099   2.813533   0.000433    34.3026    34.3094     6.9540    27.5705    27.5760    34.3026    27.5705    1448.90    1448.91    -0.5678  1028.5456    34.4698 0.0000e+00
      12574 326.572476  -62.22180  -58.37916     -0.527    1447.92    202.000    199.961    -0.5614    -0.5622    -0.0008    -0.5678    -0.5686    -0.0008   2.813047   2.813483   0.000437    34.3025    34.3093     6.9555    27.5704    27.5759    34.3025    27.5704    1448.89    1448.89    -0.5677  1028.5407    34.4697 0.0000e+00
      12609 326.572492  -62.22180  -58.37916     -0.671    1447.92    201.000    198.974    -0.5614    -0.5622    -0.0007    -0.5678    -0.5685    -0.0007   2.812995   2.813428   0.000431    34.3024    34.3091     6.9490    27.5703    27.5757    34.3024    27.5703    1448.87    1448.88    -0.5676  1028.5359    34.4696 0.0000e+00
      12640 326.572507  -62.22180  -58.37916     -0.758    1447.92    200.000    198.010    -0.5613    -0.5622    -0.0009    -0.5676    -0.5685    -0.0009   2.812919   2.813376   0.000458    34.3018    34.3090     6.9628    27.5698    27.5757    34.3018    27.5698    1448.85    1448.86    -0.5675  1028.5306    34.4690 0.0000e+00
      12678 326.572526  -62.22180  -58.37916     -0.657    1447.92    199.000    196.976    -0.5610    -0.5621    -0.0011    -0.5672    -0.5684    -0.0011   2.812868   2.813300   0.000439    34.3013    34.3085     6.9592    27.5694    27.5752    34.3014    27.5695    1448.84    1448.84    -0.5671  1028.5255    34.4686 0.0000e+00
      12716 326.572544  -62.22180  -58.37916     -0.621    1447.92    198.000    196.005    -0.5608    -0.5620    -0.0011    -0.5671    -0.5682    -0.0011   2.812813   2.813241   0.000428    34.3011    34.3082     6.9612    27.5692    27.5750    34.3011    27.5692    1448.82    1448.83    -0.5669  1028.5205    34.4683 0.0000e+00
      12748 326.572559  -62.22180  -58.37916     -0.725    1447.92    197.000    195.016    -0.5606    -0.5619    -0.0013    -0.5668    -0.5681    -0.0013   2.812750   2.813191   0.000444    34.3006    34.3080     6.9638    27.5688    27.5748    34.3006    27.5688    1448.81    1448.81    -0.5667  1028.5154    34.4678 0.0000e+00
      12780 326.572575  -62.22180  -58.37916     -0.757    1447.92    196.000    194.026    -0.5574    -0.5616    -0.0042    -0.5636    -0.5678    -0.0042   2.812599   2.813092   0.000500    34.2955    34.3071     6.9602    27.5645    27.5741    34.2955    27.5645    1448.80    1448.80    -0.5634  1028.5063    34.4627 0.0000e+00
      12817 326.572592  -62.22180  -58.37916     -0.674    1447.92    195.000    193.044    -0.5523    -0.5602    -0.0078    -0.5585    -0.5663    -0.0078   2.812410   2.812861   0.000463    34.2878    34.3029     6.9759    27.5581    27.5706    34.2879    27.5581    1448.80    1448.78    -0.5583  1028.4951    34.4550 0.0000e+00
      12855 326.572611  -62.22180  -58.37916     -0.626    1447.92    194.000    192.040    -0.5442    -0.5575    -0.0133    -0.5503    -0.5636    -0.0133   2.812180   2.812725   0.000565    34.2759    34.2985     6.9976    27.5481    27.5670    34.2762    27.5483    1448.80    1448.77    -0.5502  1028.4805    34.4433 0.0000e+00
      12888 326.572627  -62.22180  -58.37916     -0.699    1447.92    193.000    191.058    -0.5391    -0.5555    -0.0164    -0.5452    -0.5616    -0.0164   2.812051   2.812636   0.000621    34.2689    34.2958     7.0300    27.5422    27.5646    34.2693    27.5425    1448.80    1448.76    -0.5451  1028.4699    34.4363 0.0000e+00
      12916 326.572640  -62.22180  -58.37916     -0.809    1447.92    192.000    190.068    -0.5383    -0.5530    -0.0147    -0.5444    -0.5590    -0.0147   2.812003   2.812377   0.000397    34.2680    34.2899     7.0799    27.5414    27.5598    34.2684    27.5417    1448.79    1448.75    -0.5442  1028.4644    34.4354 0.0000e+00
      12945 326.572654  -62.22178  -58.37916     -0.854    1447.92    191.000    189.079    -0.5326    -0.5493    -0.0168    -0.5386    -0.5554    -0.0168   2.811872   2.812277   0.000426    34.2603    34.2849     7.1165    27.5349    27.5556    34.2608    27.5353    1448.79    1448.74    -0.5385  1028.4532    34.4277 0.0000e+00
      12979 326.572671  -62.22178  -58.37916     -0.732    1447.92    190.000    188.089    -0.5347    -0.5451    -0.0104    -0.5407    -0.5511    -0.0104   2.811868   2.812195   0.000336    34.2632    34.2795     7.1372    27.5374    27.5510    34.2637    27.5378    1448.76    1448.74    -0.5406  1028.4509    34.4307 0.0000e+00
      13022 326.572691  -62.22180  -58.37916     -0.567    1447.92    189.000    187.103    -0.5403    -0.5417    -0.0014    -0.5463    -0.5477    -0.0014   2.811896   2.812193   0.000272    34.2710    34.2762     7.1572    27.5439    27.5482    34.2711    27.5440    1448.73    1448.73    -0.5461  1028.4523    34.4381 0.0000e+00
      13063 326.572711  -62.22178  -58.37916     -0.581    1447.92    188.000    186.107    -0.5360    -0.5402    -0.0041    -0.5420    -0.5461    -0.0041   2.811759   2.812103   0.000333    34.2649    34.2740     7.1458    27.5388    27.5464    34.2650    27.5389    1448.73    1448.72    -0.5418  1028.4425    34.4320 0.0000e+00
      13105 326.572732  -62.22178  -58.37916     -0.565    1447.92    187.000    185.121    -0.5295    -0.5381    -0.0086    -0.5354    -0.5440    -0.0085   2.811625   2.811973   0.000355    34.2561    34.2705     7.1200    27.5314    27.5434    34.2564    27.5317    1448.73    1448.71    -0.5353  1028.4304    34.4233 0.0000e+00
      13148 326.572752  -62.22178  -58.37916     -0.560    1447.92    186.000    184.134    -0.5298    -0.5353    -0.0055    -0.5357    -0.5411    -0.0055   2.811549   2.811879   0.000321    34.2561    34.2667     7.1534    27.5314    27.5402    34.2563    27.5316    1448.71    1448.70    -0.5355  1028.4256    34.4233 0.0000e+00
      13186 326.572771  -62.22178  -58.37916     -0.622    1447.92    185.000    183.139    -0.5290    -0.5334    -0.0044    -0.5349    -0.5393    -0.0044   2.811420   2.811792   0.000366    34.2542    34.2641     7.1827    27.5298    27.5380    34.2544    27.5300    1448.70    1448.69    -0.5347  1028.4192    34.4212 0.0000e+00
      13222 326.572788  -62.22178  -58.37916     -0.667    1447.92    184.000    182.152    -0.5291    -0.5323    -0.0032    -0.5349    -0.5381    -0.0032   2.811381   2.811713   0.000321    34.2544    34.2624     7.1818    27.5300    27.5366    34.2545    27.5301    1448.68    1448.68    -0.5348  1028.4145    34.4214 0.0000e+00
      13261 326.572807  -62.22178  -58.37916     -0.620    1447.92    183.000    181.163    -0.5278    -0.5311    -0.0034    -0.5335    -0.5369    -0.0034   2.811274   2.811611   0.000332    34.2520    34.2603     7.1850    27.5280    27.5348    34.2522    27.5282    1448.67    1448.66    -0.5334  1028.4078    34.4191 0.0000e+00
      13306 326.572828  -62.22178  -58.37916     -0.538    1447.92    182.000    180.173    -0.5276    -0.5300    -0.0025    -0.5333    -0.5358    -0.0025   2.811229   2.811543   0.000308    34.2519    34.2588     7.1926    27.5279    27.5336    34.2520    27.5280    1448.65    1448.65    -0.5332  1028.4029    34.4189 0.0000e+00
      13347 326.572848  -62.22178  -58.37916     -0.572    1447.92    181.000    179.184    -0.5273    -0.5294    -0.0021    -0.5330    -0.5351    -0.0021   2.811178   2.811499   0.000315    34.2515    34.2581     7.1944    27.5276    27.5330    34.2517    27.5277    1448.64    1448.64    -0.5329  1028.3978    34.4185 0.0000e+00
      13386 326.572867  -62.22178  -58.37916     -0.615    1447.92    180.000    178.198    -0.5275    -0.5290    -0.0015    -0.5332    -0.5347    -0.0015   2.811105   2.811457   0.000340    34.2515    34.2577     7.1963    27.5276    27.5327    34.2515    27.5276    1448.62    1448.62    -0.5331  1028.3930    34.4184 0.0000e+00
      13422 326.572884  -62.22178  -58.37916     -0.668    1447.92    179.000    177.200    -0.5283    -0.5287    -0.0004    -0.5339    -0.5344    -0.0004   2.810929   2.811344   0.000412    34.2506    34.2566     7.2013    27.5269    27.5318    34.2506    27.5269    1448.60    1448.60    -0.5338  1028.3875    34.4175 0.0000e+00
      13455 326.572900  -62.22178  -58.37916     -0.712    1447.92    178.000    176.215    -0.5286    -0.5288    -0.0002    -0.5342    -0.5344    -0.0002   2.810784   2.811222   0.000426    34.2498    34.2557     7.2013    27.5262    27.5310    34.2497    27.5261    1448.58    1448.59    -0.5341  1028.3820    34.4165 0.0000e+00
      13490 326.572917  -62.22178  -58.37916     -0.699    1447.92    177.000    175.226    -0.5289    -0.5289    -0.0001    -0.5344    -0.5345    -0.0001   2.810697   2.811131   0.000428    34.2494    34.2552     7.1951    27.5259    27.5306    34.2494    27.5259    1448.56    1448.57    -0.5343  1028.3770    34.4162 0.0000e+00
      13529 326.572936  -62.22178  -58.37916     -0.628    1447.92    176.000    174.238    -0.5289    -0.5291    -0.0002    -0.5345    -0.5347    -0.0002   2.810646   2.811052   0.000403    34.2494    34.2551     7.1969    27.5259    27.5305    34.2494    27.5259    1448.54    1448.55    -0.5343  1028.3722    34.4162 0.0000e+00
      13569 326.572955  -62.22178  -58.37916     -0.593    1447.92    175.000    173.244    -0.5289    -0.5293    -0.0004    -0.5344    -0.5348    -0.0004   2.810596   2.810978   0.000380    34.2493    34.2549     7.2066    27.5259    27.5304    34.2493    27.5259    1448.53    1448.53    -0.5343  1028.3674    34.4161 0.0000e+00
      13604 326.572972  -62.22178  -58.37916     -0.667    1447.92    174.000    172.257    -0.5291    -0.5293    -0.0003    -0.5346    -0.5348    -0.0003   2.810469   2.810927   0.000450    34.2485    34.2548     7.2112    27.5252    27.5304    34.2484    27.5251    1448.51    1448.52    -0.5344  1028.3619    34.4152 0.0000e+00
      13636 326.572987  -62.22178  -58.37916     -0.742    1447.92    173.000    171.267    -0.5295    -0.5295     0.0000    -0.5349    -0.5350 -4.976e-07   2.810315   2.810794   0.000480    34.2475    34.2540     7.2072    27.5244    27.5296    34.2474    27.5243    1448.49    1448.50    -0.5348  1028.3564    34.4142 0.0000e+00
