Pos-Processados/process_op38/operantar38_011.cnv
* Sea-Bird SBE 9 Data File:
* FileName = D:\OPERANTAR_XXXVIII\DADOS\OP38_011.hdr
* Software Version Seasave V 7.18c
* Temperature SN = 4808
* Conductivity SN = 3380
* Number of Bytes Per Scan = 31
* Number of Voltage Words = 2
* Number of Scans Averaged by the Deck Unit = 1
* NMEA Latitude = 43 42.36 S
* NMEA Longitude = 053 22.51 W
* NMEA UTC (Time) = Oct 20 2019 16:07:37
** H41
** NAVIO POLAR ALMIRANTE MAXIMIANO
** CRUZEIRO:
** OPERANTAR XXXVIII
** ESTAÇÃO: OP38_011
** LAT 43 42,31' S
** LONG 053 22,49' W
** 09P73767-1155
** PROFUNDIDADE: 5269
** DATA/HORA: 201609Z/OUT/2019
** OPERADOR: SO-HN CHAVES
# nquan = 32
# nvalues = 2078                        
# units = specified
# name 0 = scan: Scan Count
# name 1 = timeJ: Julian Days
# name 2 = latitude: Latitude [deg]
# name 3 = longitude: Longitude [deg]
# name 4 = dz/dtM: Descent Rate [m/s]
# name 5 = avgsvCM: Average Sound Velocity [Chen-Millero, m/s]
# name 6 = prDM: Pressure, Digiquartz [db]
# name 7 = depSM: Depth [salt water, m]
# name 8 = t090C: Temperature [ITS-90, deg C]
# name 9 = t190C: Temperature, 2 [ITS-90, deg C]
# name 10 = T2-T190C: Temperature Difference, 2 - 1 [ITS-90, deg C]
# name 11 = potemp090C: Potential Temperature [ITS-90, deg C]
# name 12 = potemp190C: Potential Temperature, 2 [ITS-90, deg C]
# name 13 = potemp90Cdiff: Potential Temperature, Diff, 2 - 1 [ITS-90, deg C]
# name 14 = c0S/m: Conductivity [S/m]
# name 15 = c1S/m: Conductivity, 2 [S/m]
# name 16 = C2-C1S/m: Conductivity Difference, 2 - 1 [S/m]
# name 17 = sal00: Salinity, Practical [PSU]
# name 18 = sal11: Salinity, Practical, 2 [PSU]
# name 19 = sbeox0ML/L: Oxygen, SBE 43 [ml/l]
# name 20 = sbeox1ML/L: Oxygen, SBE 43, 2 [ml/l]
# name 21 = sbeox0ML/Ldiff: Oxygen, SBE 43, Diff, 2 - 1 [ml/l]
# name 22 = sigma-é00: Density [sigma-theta, kg/m^3]
# name 23 = sigma-é11: Density, 2 [sigma-theta, kg/m^3]
# name 24 = sal00: Salinity, Practical [PSU]
# name 25 = sigma-é00: Density [sigma-theta, kg/m^3]
# name 26 = svCM: Sound Velocity [Chen-Millero, m/s]
# name 27 = svCM1: Sound Velocity, 2 [Chen-Millero, m/s]
# name 28 = gsw_ptA0: potential temperature [ITS-90, deg C]
# name 29 = gsw_densityA0: density, TEOS-10 [density, kg/m^3]
# name 30 = gsw_saA0: Absolute Salinity [g/kg]
# name 31 = flag:
# span 0 =       2616,      59106       
# span 1 = 293.673217, 293.700460       
# span 2 =  -43.72024,  -43.70672       
# span 3 =  -53.37956,  -53.37532       
# span 4 =     -1.410,      1.405       
# span 5 =       0.00,    1506.55       
# span 6 =      2.000,   1041.000       
# span 7 =      1.993,   1030.091       
# span 8 =     3.3805,    13.9272       
# span 9 =     3.3821,    13.9273       
# span 10 =    -0.0359,     0.0270      
# span 11 =     3.3077,    13.9253      
# span 12 =     3.3093,    13.9257      
# span 13 =    -0.0359,     0.0269      
# span 14 =   3.181865,   4.252826      
# span 15 =   3.182382,   4.253483      
# span 16 =  -0.002807,   0.003461      
# span 17 =    34.1777,    35.6160      
# span 18 =    34.1829,    35.6215      
# span 19 =     5.0759,     5.8771      
# span 20 =     4.8677,     5.6387      
# span 21 =    -0.2922,    -0.1707      
# span 22 =    26.6745,    27.2485      
# span 23 =    26.6794,    27.2521      
# span 24 =    34.1790,    35.6184      
# span 25 =    26.6746,    27.2485      
# span 26 =    1479.02,    1505.74      
# span 27 =    1479.02,    1505.74      
# span 28 =     3.3075,    13.9253      
# span 29 =  1026.6923,  1032.0602      
# span 30 =    34.3433,    35.7866      
# span 31 = 0.0000e+00, 0.0000e+00      
# interval = decibars: 1                
# start_time = Oct 20 2019 16:07:37 [NMEA time, header]
# bad_flag = -9.990e-29
*END*
[from data line 408]
      13394 293.678415  -43.70944  -53.37570      1.049    1502.98    411.000    407.307     9.6246     9.6306     0.0060     9.5777     9.5836     0.0060   3.769218   3.770337   0.001140    34.7758    34.7817     5.4616     5.2226    -0.2390    26.8481    26.8518    34.7662    26.8406    1494.96    1494.99     9.5776  1028.6915    34.9313 0.0000e+00
      13421 293.678428  -43.70946  -53.37570      0.901    1502.98    412.000    408.297     9.6170     9.6171     0.0001     9.5700     9.5701     0.0001   3.768592   3.769030   0.000464    34.7742    34.7788     5.4611     5.2100    -0.2510    26.8481    26.8518    34.7666    26.8422    1494.95    1494.96     9.5699  1028.6977    34.9317 0.0000e+00
      13444 293.678439  -43.70946  -53.37570      0.949    1502.98    413.000    409.288     9.6194     9.6219     0.0025     9.5723     9.5748     0.0025   3.768978   3.769782   0.000771    34.7741    34.7796     5.4654     5.2101    -0.2553    26.8477    26.8516    34.7678    26.8427    1494.98    1495.00     9.5722  1028.7026    34.9329 0.0000e+00
      13463 293.678448  -43.70947  -53.37570      1.103    1502.98    414.000    410.278     9.6214     9.6222     0.0008     9.5741     9.5749     0.0008   3.768968   3.769420   0.000533    34.7733    34.7780     5.4615     5.2198    -0.2417    26.8468    26.8503    34.7653    26.8406    1495.00    1495.01     9.5740  1028.7050    34.9305 0.0000e+00
      13482 293.678457  -43.70948  -53.37572      1.232    1502.98    415.000    411.268     9.5566     9.5409    -0.0157     9.5093     9.4937    -0.0156   3.760431   3.759393  -0.001088    34.7581    34.7620     5.4678     5.2356    -0.2322    26.8456    26.8513    34.7395    26.8311    1494.75    1494.70     9.5093  1028.7006    34.9046 0.0000e+00
      13502 293.678467  -43.70949  -53.37572      1.259    1502.24    416.000    412.257     9.4777     9.4788     0.0011     9.4307     9.4317     0.0011   3.753078   3.753707   0.000634    34.7501    34.7556     5.4725     5.2371    -0.2354    26.8524    26.8565    34.7394    26.8440    1494.48    1494.49     9.4306  1028.7187    34.9044 0.0000e+00
      13526 293.678478  -43.70950  -53.37572      1.122    1502.01    417.000    413.247     9.4624     9.4635     0.0011     9.4153     9.4163     0.0011   3.751697   3.752281   0.000589    34.7476    34.7526     5.4470     5.2117    -0.2354    26.8530    26.8567    34.7395    26.8466    1494.44    1494.45     9.4152  1028.7259    34.9045 0.0000e+00
      13551 293.678491  -43.70951  -53.37572      0.953    1502.01    418.000    414.238     9.4506     9.4516     0.0010     9.4033     9.4044     0.0010   3.750174   3.750795   0.000590    34.7441    34.7493     5.4213     5.1878    -0.2335    26.8522    26.8561    34.7347    26.8449    1494.41    1494.42     9.4033  1028.7288    34.8997 0.0000e+00
      13575 293.678502  -43.70952  -53.37572      0.971    1502.01    419.000    415.227     9.4138     9.4146     0.0008     9.3666     9.3674     0.0008   3.745637   3.746644   0.001148    34.7314    34.7425     5.4151     5.1969    -0.2181    26.8483    26.8569    34.7230    26.8417    1494.28    1494.29     9.3665  1028.7305    34.8879 0.0000e+00
      13595 293.678512  -43.70952  -53.37572      1.088    1502.01    420.000    416.217     9.3869     9.3856    -0.0013     9.3396     9.3384    -0.0013   3.743073   3.743404   0.000360    34.7323    34.7372     5.4098     5.1932    -0.2166    26.8535    26.8575    34.7220    26.8454    1494.19    1494.19     9.3396  1028.7389    34.8870 0.0000e+00
      13616 293.678522  -43.70954  -53.37572      1.153    1502.01    421.000    417.208     9.3266     9.3257    -0.0009     9.2794     9.2785    -0.0009   3.735681   3.736191   0.000448    34.7195    34.7250     5.4055     5.1887    -0.2168    26.8533    26.8577    34.7034    26.8407    1493.96    1493.97     9.2793  1028.7392    34.8682 0.0000e+00
      13642 293.678534  -43.70954  -53.37572      1.043    1502.01    422.000    418.198     9.2250     9.2265     0.0015     9.1780     9.1795     0.0015   3.724614   3.725227   0.000643    34.7042    34.7095     5.3974     5.1891    -0.2084    26.8578    26.8617    34.6865    26.8439    1493.59    1493.60     9.1780  1028.7479    34.8513 0.0000e+00
      13672 293.678549  -43.70955  -53.37572      0.827    1502.01    423.000    419.188     9.0689     9.0719     0.0030     9.0223     9.0253     0.0030   3.707160   3.708087   0.000822    34.6791    34.6847     5.3789     5.1691    -0.2097    26.8633    26.8672    34.6558    26.8450    1493.00    1493.01     9.0222  1028.7550    34.8205 0.0000e+00
      13698 293.678562  -43.70956  -53.37573      0.844    1502.01    424.000    420.177     8.9388     8.9439     0.0051     8.8925     8.8976     0.0051   3.693506   3.694376   0.000975    34.6601    34.6652     5.3518     5.1353    -0.2165    26.8691    26.8723    34.6392    26.8527    1492.51    1492.53     8.8924  1028.7684    34.8037 0.0000e+00
      13719 293.678572  -43.70957  -53.37574      1.015    1502.01    425.000    421.167     8.8725     8.8718    -0.0007     8.8263     8.8256    -0.0007   3.685828   3.686320   0.000486    34.6474    34.6531     5.3184     5.1043    -0.2142    26.8697    26.8743    34.6228    26.8504    1492.26    1492.27     8.8262  1028.7713    34.7873 0.0000e+00
      13737 293.678580  -43.70958  -53.37574      1.189    1502.01    426.000    422.157     8.7761     8.7775     0.0014     8.7301     8.7315     0.0014   3.675699   3.676387   0.000681    34.6334    34.6391     5.2930     5.0809    -0.2121    26.8739    26.8782    34.6099    26.8555    1491.91    1491.92     8.7301  1028.7817    34.7743 0.0000e+00
      13754 293.678589  -43.70958  -53.37574      1.327    1502.01    427.000    423.148     8.7148     8.7153     0.0005     8.6689     8.6694     0.0005   3.669488   3.670049   0.000584    34.6248    34.6304     5.2661     5.0555    -0.2106    26.8767    26.8811    34.6040    26.8605    1491.69    1491.70     8.6688  1028.7918    34.7684 0.0000e+00
      13772 293.678597  -43.70959  -53.37574      1.383    1502.01    428.000    424.138     8.6615     8.6622     0.0007     8.6157     8.6163     0.0007   3.662985   3.663625   0.000630    34.6133    34.6192     5.2394     5.0185    -0.2208    26.8761    26.8806    34.5871    26.8555    1491.48    1491.50     8.6156  1028.7918    34.7514 0.0000e+00
      13793 293.678607  -43.70960  -53.37574      1.284    1502.01    429.000    425.127     8.5596     8.5581    -0.0015     8.5140     8.5125    -0.0015   3.652664   3.652876   0.000253    34.5992    34.6033     5.2154     4.9819    -0.2336    26.8808    26.8843    34.5772    26.8636    1491.11    1491.11     8.5140  1028.8054    34.7415 0.0000e+00
      13820 293.678620  -43.70961  -53.37574      1.011    1502.01    430.000    426.117     8.5054     8.5043    -0.0011     8.4599     8.4588    -0.0011   3.647221   3.647597   0.000332    34.5904    34.5950     5.1766     4.9479    -0.2287    26.8823    26.8860    34.5722    26.8680    1490.92    1490.92     8.4598  1028.8149    34.7365 0.0000e+00
      13847 293.678633  -43.70962  -53.37574      0.858    1502.01    431.000    427.107     8.4525     8.4560     0.0034     8.4071     8.4105     0.0034   3.641098   3.641918   0.000864    34.5789    34.5847     5.1381     4.9304    -0.2077    26.8814    26.8854    34.5587    26.8656    1490.72    1490.74     8.4070  1028.8175    34.7229 0.0000e+00
      13870 293.678644  -43.70963  -53.37574      0.950    1502.01    432.000    428.097     8.4115     8.4122     0.0007     8.3661     8.3668     0.0007   3.637345   3.638043   0.000582    34.5745    34.5800     5.1205     4.9102    -0.2102    26.8842    26.8884    34.5586    26.8718    1490.58    1490.59     8.3660  1028.8286    34.7228 0.0000e+00
      13891 293.678654  -43.70964  -53.37575      1.090    1502.01    433.000    429.087     8.3738     8.3752     0.0013     8.3284     8.3297     0.0013   3.632755   3.633312   0.000638    34.5657    34.5712     5.1122     4.8917    -0.2204    26.8831    26.8872    34.5464    26.8680    1490.44    1490.45     8.3284  1028.8297    34.7105 0.0000e+00
      13912 293.678664  -43.70965  -53.37576      1.166    1502.01    434.000    430.077     8.3164     8.3181     0.0017     8.2710     8.2728     0.0017   3.626751   3.627328   0.000614    34.5573    34.5621     5.1105     4.8888    -0.2216    26.8853    26.8888    34.5385    26.8705    1490.23    1490.25     8.2710  1028.8373    34.7026 0.0000e+00
      13937 293.678677  -43.70966  -53.37576      1.055    1502.01    435.000    431.067     8.2616     8.2625     0.0009     8.2163     8.2172     0.0009   3.621335   3.621883   0.000515    34.5500    34.5546     5.1060     4.8784    -0.2276    26.8879    26.8913    34.5341    26.8754    1490.04    1490.05     8.2163  1028.8472    34.6982 0.0000e+00
      13967 293.678691  -43.70967  -53.37576      0.819    1502.01    436.000    432.057     8.2086     8.2105     0.0019     8.1635     8.1654     0.0019   3.615481   3.616135   0.000658    34.5405    34.5456     5.1001     4.8694    -0.2307    26.8884    26.8922    34.5233    26.8749    1489.84    1489.86     8.1634  1028.8517    34.6873 0.0000e+00
      13993 293.678704  -43.70968  -53.37576      0.850    1502.01    437.000    433.047     8.1340     8.1342     0.0003     8.0889     8.0892     0.0002   3.607594   3.608076   0.000482    34.5298    34.5347     5.1135     4.8791    -0.2345    26.8912    26.8950    34.5120    26.8773    1489.56    1489.57     8.0889  1028.8594    34.6760 0.0000e+00
      14013 293.678713  -43.70969  -53.37576      1.039    1502.01    438.000    434.037     8.0938     8.0924    -0.0014     8.0488     8.0473    -0.0014   3.603429   3.603703   0.000310    34.5242    34.5289     5.1210     4.8742    -0.2468    26.8929    26.8968    34.5066    26.8790    1489.42    1489.42     8.0487  1028.8661    34.6706 0.0000e+00
      14031 293.678722  -43.70970  -53.37576      1.226    1502.01    439.000    435.027     8.0440     8.0462     0.0022     7.9991     8.0012     0.0022   3.598369   3.599113   0.000705    34.5177    34.5231     5.1258     4.8783    -0.2475    26.8952    26.8991    34.5009    26.8820    1489.24    1489.26     7.9990  1028.8741    34.6649 0.0000e+00
      14048 293.678730  -43.70970  -53.37576      1.353    1502.01    440.000    436.016     8.0130     8.0163     0.0033     7.9680     7.9714     0.0033   3.595289   3.596146   0.000828    34.5136    34.5192     5.1363     4.8865    -0.2498    26.8966    26.9005    34.4981    26.8844    1489.14    1489.16     7.9680  1028.8813    34.6620 0.0000e+00
      14066 293.678739  -43.70970  -53.37578      1.378    1502.01    441.000    437.006     7.9906     7.9922     0.0016     7.9456     7.9472     0.0016   3.593147   3.593603   0.000541    34.5105    34.5147     5.1522     4.9028    -0.2495    26.8975    26.9006    34.4967    26.8866    1489.07    1489.08     7.9455  1028.8883    34.6606 0.0000e+00
      14086 293.678748  -43.70971  -53.37578      1.293    1502.01    442.000    437.996     7.9560     7.9579     0.0019     7.9110     7.9129     0.0019   3.589081   3.589891   0.000725    34.5033    34.5091     5.1678     4.9316    -0.2361    26.8969    26.9012    34.4867    26.8839    1488.94    1488.96     7.9109  1028.8905    34.6506 0.0000e+00
      14109 293.678760  -43.70972  -53.37577      1.136    1502.01    443.000    438.986     7.9109     7.9140     0.0030     7.8660     7.8690     0.0030   3.584830   3.585480   0.000729    34.4983    34.5031     5.1915     4.9656    -0.2259    26.8997    26.9030    34.4850    26.8893    1488.79    1488.80     7.8659  1028.9007    34.6489 0.0000e+00
      14135 293.678772  -43.70973  -53.37576      0.969    1502.01    444.000    439.976     7.8572     7.8581     0.0009     7.8123     7.8132     0.0009   3.578904   3.579463   0.000526    34.4892    34.4939     5.2192     4.9861    -0.2331    26.9004    26.9040    34.4739    26.8884    1488.59    1488.59     7.8122  1028.9050    34.6377 0.0000e+00
      14168 293.678788  -43.70976  -53.37576      0.780    1502.01    445.000    440.966     7.8245     7.8265     0.0020     7.7797     7.7817     0.0020   3.576008   3.576645   0.000615    34.4855    34.4901     5.2444     5.0003    -0.2441    26.9023    26.9057    34.4745    26.8937    1488.48    1488.49     7.7796  1028.9151    34.6383 0.0000e+00
      14199 293.678803  -43.70976  -53.37577      0.729    1502.01    446.000    441.956     7.8009     7.8023     0.0014     7.7560     7.7574     0.0014   3.573495   3.573996   0.000520    34.4809    34.4851     5.2597     5.0295    -0.2303    26.9022    26.9053    34.4703    26.8939    1488.40    1488.41     7.7559  1028.9201    34.6342 0.0000e+00
      14223 293.678814  -43.70977  -53.37578      0.894    1502.01    447.000    442.946     7.7780     7.7795     0.0015     7.7331     7.7346     0.0015   3.571057   3.571673   0.000599    34.4770    34.4820     5.2739     5.0423    -0.2315    26.9025    26.9062    34.4662    26.8940    1488.32    1488.34     7.7330  1028.9249    34.6300 0.0000e+00
      14242 293.678824  -43.70978  -53.37578      1.097    1502.01    448.000    443.935     7.7299     7.7308     0.0008     7.6851     7.6860     0.0009   3.565555   3.566067   0.000527    34.4691    34.4739     5.2798     5.0493    -0.2306    26.9033    26.9070    34.4539    26.8913    1488.14    1488.15     7.6850  1028.9273    34.6176 0.0000e+00
      14260 293.678832  -43.70978  -53.37578      1.251    1502.01    449.000    444.925     7.6950     7.6954     0.0004     7.6502     7.6506     0.0004   3.561883   3.562289   0.000451    34.4650    34.4695     5.2775     5.0510    -0.2265    26.9052    26.9086    34.4483    26.8920    1488.02    1488.03     7.6501  1028.9329    34.6121 0.0000e+00
      14278 293.678841  -43.70979  -53.37578      1.333    1502.01    450.000    445.915     7.5998     7.6003     0.0005     7.5553     7.5558     0.0005   3.552120   3.552694   0.000519    34.4526    34.4577     5.2798     5.0547    -0.2251    26.9091    26.9130    34.4364    26.8964    1487.66    1487.67     7.5552  1028.9428    34.6001 0.0000e+00
      14296 293.678850  -43.70980  -53.37578      1.341    1502.01    451.000    446.905     7.5748     7.5748     0.0000     7.5302     7.5303     0.0000   3.549892   3.550267   0.000412    34.4507    34.4551     5.2711     5.0422    -0.2289    26.9112    26.9147    34.4366    26.9001    1487.58    1487.58     7.5301  1028.9513    34.6003 0.0000e+00
      14316 293.678860  -43.70980  -53.37578      1.271    1502.01    452.000    447.895     7.5144     7.5148     0.0003     7.4699     7.4703     0.0003   3.542674   3.543140   0.000476    34.4392    34.4440     5.2726     5.0349    -0.2377    26.9108    26.9146    34.4177    26.8940    1487.34    1487.35     7.4698  1028.9503    34.5813 0.0000e+00
      14340 293.678871  -43.70982  -53.37578      1.122    1502.01    453.000    448.885     7.4177     7.4130    -0.0047     7.3734     7.3687    -0.0047   3.533338   3.533289  -0.000041    34.4279    34.4321     5.2930     5.0495    -0.2435    26.9157    26.9197    34.4118    26.9031    1486.98    1486.97     7.3734  1028.9649    34.5753 0.0000e+00
      14368 293.678884  -43.70983  -53.37578      0.916    1502.01    454.000    449.875     7.3531     7.3546     0.0016     7.3090     7.3105     0.0016   3.526679   3.527324   0.000624    34.4183    34.4235     5.3125     5.0648    -0.2478    26.9173    26.9212    34.4030    26.9053    1486.74    1486.75     7.3089  1028.9724    34.5665 0.0000e+00
      14396 293.678898  -43.70984  -53.37578      0.831    1502.01    455.000    450.864     7.3238     7.3252     0.0014     7.2797     7.2811     0.0014   3.524070   3.524590   0.000561    34.4150    34.4197     5.3403     5.0836    -0.2567    26.9188    26.9224    34.4031    26.9095    1486.64    1486.65     7.2796  1028.9815    34.5666 0.0000e+00
