Pos-Processados/process_op38/operantar38_001.ros
* Sea-Bird SBE 9 Data File:
* FileName = D:\OPERANTAR_XXXVIII\DADOS\OP38_002.hdr
* Software Version Seasave V 7.12
* Temperature SN = 4808
* Conductivity SN = 3380
* Number of Bytes Per Scan = 31
* Number of Voltage Words = 2
* Number of Scans Averaged by the Deck Unit = 1
* NMEA Latitude = 38 26.99 S
* NMEA Longitude = 052 53.48 W
* NMEA UTC (Time) = Jan 16 2019 21:21:57
** H41
** NAVIO POLAR ALMIRANTE MAXIMIANO
** CRUZEIRO:
** OPERANTAR XXXVIII
** ESTAÇÃO: 002
** LAT 38º 26,99'S
** LONG 052º 53,46'W
** 09P73767-1155
** PROFUNDIDADE: 4158 m
** DATA/HORA: 162121Z/OUT/2019
** OPERADOR: SO-HN CHAVES
# nquan = 27
# nvalues = 3792                                  
# units = specified
# name 0 = scan: Scan Count
# name 1 = timeJ: Julian Days
# name 2 = latitude: Latitude [deg]
# name 3 = longitude: Longitude [deg]
# name 4 = dz/dtM: Descent Rate [m/s]
# name 5 = avgsvCM: Average Sound Velocity [Chen-Millero, m/s]
# name 6 = prDM: Pressure, Digiquartz [db]
# name 7 = depSM: Depth [salt water, m]
# name 8 = t090C: Temperature [ITS-90, deg C]
# name 9 = t190C: Temperature, 2 [ITS-90, deg C]
# name 10 = T2-T190C: Temperature Difference, 2 - 1 [ITS-90, deg C]
# name 11 = potemp090C: Potential Temperature [ITS-90, deg C]
# name 12 = potemp190C: Potential Temperature, 2 [ITS-90, deg C]
# name 13 = potemp90Cdiff: Potential Temperature, Diff, 2 - 1 [ITS-90, deg C]
# name 14 = c0S/m: Conductivity [S/m]
# name 15 = c1S/m: Conductivity, 2 [S/m]
# name 16 = C2-C1S/m: Conductivity Difference, 2 - 1 [S/m]
# name 17 = sal00: Salinity, Practical [PSU]
# name 18 = sal11: Salinity, Practical, 2 [PSU]
# name 19 = sbeox0ML/L: Oxygen, SBE 43 [ml/l]
# name 20 = sigma-é00: Density [sigma-theta, kg/m^3]
# name 21 = sigma-é11: Density, 2 [sigma-theta, kg/m^3]
# name 22 = sbox0Mm/Kg: Oxygen, SBE 43 [umol/kg]
# name 23 = oxsolMm/Kg: Oxygen Saturation, Garcia & Gordon [umol/kg]
# name 24 = oxsatMm/Kg: Oxygen Saturation, Weiss [umol/kg]
# name 25 = nbf: Bottles Fired
# name 26 = flag:  0.000e+00
# interval = seconds: 0.0416667
# start_time = Jan 16 2019 21:21:57 [NMEA time, header]
# bad_flag = -9.990e-29
*END*
[from data line 2309]
      78580  16.928138  -38.22396  -52.57268      0.086    1498.22     10.877     10.795    15.6434    15.6442     0.0008    15.6417    15.6425     0.0008   4.422726   4.422930   0.000205    35.6040    35.6052     5.6317    26.2942    26.2949    245.068  243.68073  243.44612         15  0.000e+00
      78581  16.928139  -38.22396  -52.57268      0.091    1498.22     10.877     10.795    15.6435    15.6442     0.0007    15.6418    15.6425     0.0007   4.422783   4.423061   0.000278    35.6044    35.6063     5.6319    26.2945    26.2958    245.075  243.67957  243.44496         15  0.000e+00
      78582  16.928139  -38.22396  -52.57268      0.100    1498.22     10.877     10.795    15.6437    15.6442     0.0005    15.6420    15.6425     0.0005   4.422819   4.423123   0.000304    35.6046    35.6069     5.6317    26.2946    26.2963    245.070  243.67845  243.44382         15  0.000e+00
      78583  16.928139  -38.22396  -52.57268      0.108    1498.22     10.898     10.816    15.6437    15.6442     0.0005    15.6420    15.6425     0.0005   4.422898   4.423323   0.000425    35.6053    35.6087     5.6319    26.2951    26.2976    245.076  243.67727  243.44265         15  0.000e+00
      78584  16.928140  -38.22396  -52.57268      0.112    1498.22     10.877     10.796    15.6439    15.6442     0.0004    15.6422    15.6425     0.0004   4.422934   4.423441   0.000507    35.6055    35.6097     5.6320    26.2952    26.2984    245.080  243.67613  243.44151         15  0.000e+00
      78585  16.928140  -38.22396  -52.57268      0.115    1498.22     10.925     10.843    15.6438    15.6443     0.0006    15.6421    15.6426     0.0006   4.423006   4.423482   0.000476    35.6062    35.6100     5.6319    26.2958    26.2986    245.076  243.67537  243.44076         15  0.000e+00
      78586  16.928141  -38.22396  -52.57268      0.127    1498.22     10.898     10.816    15.6440    15.6442     0.0002    15.6423    15.6425     0.0002   4.423013   4.423523   0.000511    35.6061    35.6105     5.6317    26.2957    26.2990    245.068  243.67452  243.43989         15  0.000e+00
      78587  16.928141  -38.22396  -52.57268      0.135    1498.22     10.973     10.891    15.6437    15.6442     0.0005    15.6420    15.6425     0.0005   4.422984   4.423558   0.000574    35.6061    35.6107     5.6316    26.2957    26.2992    245.065  243.67602  243.44141         15  0.000e+00
      78588  16.928142  -38.22396  -52.57268      0.142    1498.22     10.925     10.843    15.6437    15.6443     0.0007    15.6420    15.6426     0.0007   4.422848   4.423447   0.000600    35.6048    35.6097     5.6315    26.2948    26.2983    245.058  243.67805  243.44343         15  0.000e+00
      78589  16.928142  -38.22396  -52.57268      0.144    1498.22     10.925     10.843    15.6431    15.6445     0.0014    15.6414    15.6428     0.0014   4.422647   4.423413   0.000766    35.6035    35.6092     5.6314    26.2939    26.2979    245.054  243.68283  243.44822         15  0.000e+00
      78590  16.928143  -38.22396  -52.57268      0.151    1498.22     10.946     10.864    15.6431    15.6440     0.0009    15.6414    15.6423     0.0009   4.422553   4.423365   0.000811    35.6027    35.6092     5.6312    26.2932    26.2981    245.046  243.68425  243.44964         15  0.000e+00
      78591  16.928143  -38.22396  -52.57268      0.157    1498.22     10.973     10.891    15.6432    15.6439     0.0006    15.6415    15.6422     0.0006   4.422611   4.423372   0.000761    35.6031    35.6094     5.6310    26.2935    26.2982    245.036  243.68311  243.44850         15  0.000e+00
      78592  16.928144  -38.22396  -52.57268      0.161    1498.22     10.973     10.891    15.6433    15.6442     0.0009    15.6416    15.6425     0.0009   4.422683   4.423323   0.000641    35.6037    35.6086     5.6338    26.2940    26.2976    245.159  243.68174  243.44712         15  0.000e+00
      78593  16.928144  -38.22396  -52.57268      0.165    1498.22     10.994     10.911    15.6433    15.6438     0.0005    15.6416    15.6421     0.0005   4.422762   4.423282   0.000520    35.6044    35.6086     5.6340    26.2945    26.2977    245.167  243.68056  243.44595         15  0.000e+00
      78594  16.928145  -38.22396  -52.57268      0.168    1498.22     10.973     10.891    15.6433    15.6440     0.0007    15.6416    15.6423     0.0007   4.422805   4.423289   0.000484    35.6048    35.6085     5.6339    26.2948    26.2975    245.163  243.67989  243.44529         15  0.000e+00
      78595  16.928145  -38.22396  -52.57268      0.174    1498.22     11.028     10.945    15.6435    15.6440     0.0005    15.6418    15.6423     0.0005   4.422876   4.423220   0.000344    35.6052    35.6078     5.6338    26.2951    26.2970    245.159  243.67826  243.44365         15  0.000e+00
      78596  16.928146  -38.22396  -52.57268      0.178    1498.22     10.994     10.911    15.6437    15.6438     0.0001    15.6420    15.6421     0.0001   4.422905   4.423254   0.000349    35.6053    35.6084     5.6339    26.2952    26.2975    245.162  243.67723  243.44261         15  0.000e+00
      78597  16.928146  -38.22396  -52.57268      0.181    1498.22     11.028     10.945    15.6436    15.6439     0.0003    15.6419    15.6421     0.0003   4.422948   4.423241   0.000292    35.6058    35.6082     5.6337    26.2955    26.2973    245.156  243.67689  243.44228         15  0.000e+00
      78598  16.928147  -38.22396  -52.57268      0.185    1498.22     11.028     10.945    15.6437    15.6439     0.0002    15.6420    15.6421     0.0002   4.422941   4.423172   0.000231    35.6056    35.6076     5.6367    26.2954    26.2968    245.284  243.67671  243.44209         15  0.000e+00
      78599  16.928147  -38.22396  -52.57268      0.187    1498.22     11.028     10.945    15.6437    15.6437    -0.0000    15.6420    15.6419    -0.0000   4.422955   4.423185   0.000230    35.6058    35.6079     5.6369    26.2955    26.2971    245.295  243.67649  243.44188         15  0.000e+00
      78600  16.928148  -38.22396  -52.57268      0.187    1498.22     10.994     10.911    15.6435    15.6439     0.0004    15.6418    15.6421     0.0004   4.422970   4.423130   0.000161    35.6061    35.6072     5.6372    26.2958    26.2966    245.305  243.67683  243.44223         15  0.000e+00
      78601  16.928148  -38.22396  -52.57268      0.191    1498.22     11.076     10.993    15.6437    15.6435    -0.0002    15.6420    15.6418    -0.0002   4.422876   4.423117   0.000240    35.6050    35.6074     5.6374    26.2949    26.2968    245.317  243.67771  243.44309         15  0.000e+00
      78602  16.928149  -38.22396  -52.57268      0.193    1498.22     11.028     10.945    15.6433    15.6440     0.0007    15.6416    15.6423     0.0007   4.422855   4.423234   0.000379    35.6052    35.6080     5.6376    26.2951    26.2971    245.325  243.67917  243.44457         15  0.000e+00
      78603  16.928149  -38.22396  -52.57268      0.192    1498.22     11.049     10.966    15.6434    15.6435     0.0001    15.6417    15.6418     0.0001   4.422819   4.423275   0.000456    35.6048    35.6088     5.6378    26.2948    26.2979    245.332  243.67943  243.44483         15  0.000e+00
      78604  16.928150  -38.22396  -52.57268      0.195    1498.22     11.076     10.993    15.6435    15.6438     0.0003    15.6418    15.6421     0.0003   4.422819   4.423296   0.000477    35.6047    35.6087     5.6413    26.2947    26.2977    245.485  243.67916  243.44455         15  0.000e+00
      78605  16.928150  -38.22396  -52.57268      0.195    1498.22     11.076     10.993    15.6433    15.6440     0.0007    15.6416    15.6423     0.0007   4.422869   4.423310   0.000440    35.6053    35.6086     5.6416    26.2952    26.2976    245.499  243.67898  243.44439         15  0.000e+00
      78606  16.928151  -38.22396  -52.57268      0.197    1498.22     11.076     10.993    15.6435    15.6439     0.0004    15.6418    15.6421     0.0004   4.422862   4.423268   0.000406    35.6051    35.6084     5.6388    26.2950    26.2975    245.375  243.67851  243.44390         15  0.000e+00
      78607  16.928151  -38.22396  -52.57268      0.198    1498.22     11.097     11.013    15.6435    15.6440     0.0005    15.6418    15.6423     0.0005   4.422805   4.423268   0.000464    35.6046    35.6083     5.6419    26.2946    26.2974    245.513  243.67939  243.44478         15  0.000e+00
      78608  16.928152  -38.22396  -52.57268      0.195    1498.22     11.028     10.945    15.6434    15.6442     0.0008    15.6417    15.6425     0.0008   4.422776   4.423241   0.000465    35.6044    35.6079     5.6390    26.2945    26.2970    245.385  243.68007  243.44546         15  0.000e+00
      78609  16.928152  -38.22396  -52.57268      0.197    1498.22     11.124     11.040    15.6433    15.6442     0.0009    15.6416    15.6425     0.0009   4.422754   4.423261   0.000507    35.6043    35.6080     5.6422    26.2944    26.2971    245.523  243.68075  243.44614         15  0.000e+00
      78610  16.928152  -38.22396  -52.57268      0.194    1498.22     11.097     11.013    15.6437    15.6437    -0.0000    15.6420    15.6419    -0.0000   4.422769   4.423186   0.000417    35.6041    35.6078     5.6394    26.2942    26.2971    245.402  243.67935  243.44473         15  0.000e+00
      78611  16.928153  -38.22396  -52.57268      0.194    1498.22     11.124     11.040    15.6435    15.6439     0.0004    15.6418    15.6421     0.0004   4.422841   4.423144   0.000304    35.6049    35.6073     5.6393    26.2949    26.2966    245.397  243.67887  243.44426         15  0.000e+00
      78612  16.928153  -38.22396  -52.57268      0.194    1498.22     11.076     10.993    15.6437    15.6437    -0.0000    15.6420    15.6419    -0.0000   4.422876   4.423151   0.000275    35.6050    35.6075     5.6424    26.2949    26.2969    245.535  243.67771  243.44309         15  0.000e+00
      78613  16.928154  -38.22396  -52.57268      0.189    1498.22     11.124     11.040    15.6435    15.6437     0.0002    15.6418    15.6420     0.0002   4.422898   4.423186   0.000288    35.6054    35.6078     5.6397    26.2953    26.2971    245.415  243.67800  243.44339         15  0.000e+00
      78614  16.928154  -38.22396  -52.57268      0.189    1498.22     11.097     11.013    15.6436    15.6437     0.0001    15.6419    15.6420     0.0001   4.422884   4.423137   0.000254    35.6052    35.6074     5.6428    26.2951    26.2967    245.553  243.67791  243.44330         15  0.000e+00
      78615  16.928155  -38.22396  -52.57268      0.192    1498.22     11.179     11.095    15.6435    15.6440     0.0005    15.6418    15.6423     0.0005   4.422862   4.423179   0.000317    35.6050    35.6074     5.6432    26.2950    26.2967    245.567  243.67858  243.44397         15  0.000e+00
      78616  16.928155  -38.22396  -52.57268      0.188    1498.22     11.124     11.040    15.6437    15.6439     0.0002    15.6419    15.6421     0.0002   4.422891   4.423137   0.000246    35.6052    35.6072     5.6434    26.2950    26.2966    245.575  243.67753  243.44291         15  0.000e+00
      78617  16.928156  -38.22396  -52.57268      0.185    1498.22     11.097     11.013    15.6439    15.6439 8.0017e-07    15.6421    15.6421 7.7333e-07   4.422920   4.423137   0.000218    35.6053    35.6072     5.6435    26.2951    26.2966    245.582  243.67650  243.44187         15  0.000e+00
      78618  16.928156  -38.22396  -52.57268      0.182    1498.22     11.124     11.040    15.6439    15.6438    -0.0000    15.6421    15.6421    -0.0000   4.422934   4.423151   0.000217    35.6054    35.6074     5.6435    26.2952    26.2967    245.580  243.67630  243.44167         15  0.000e+00
      78619  16.928157  -38.22396  -52.57268      0.179    1498.22     11.124     11.040    15.6437    15.6440     0.0004    15.6419    15.6423     0.0004   4.422955   4.423158   0.000203    35.6057    35.6072     5.6436    26.2955    26.2966    245.586  243.67655  243.44194         15  0.000e+00
      78620  16.928157  -38.22396  -52.57268      0.174    1498.22     11.124     11.041    15.6436    15.6439     0.0003    15.6419    15.6421     0.0003   4.422884   4.423158   0.000274    35.6052    35.6074     5.6438    26.2951    26.2967    245.592  243.67793  243.44331         15  0.000e+00
      78621  16.928158  -38.22396  -52.57268      0.171    1498.22     11.145     11.061    15.6437    15.6442     0.0005    15.6419    15.6424     0.0005   4.422876   4.423186   0.000309    35.6050    35.6074     5.6438    26.2949    26.2966    245.596  243.67776  243.44314         15  0.000e+00
      78622  16.928158  -38.22396  -52.57268      0.167    1498.22     11.124     11.041    15.6437    15.6439     0.0002    15.6419    15.6421     0.0002   4.422927   4.423137   0.000211    35.6055    35.6072     5.6439    26.2953    26.2966    245.597  243.67699  243.44237         15  0.000e+00
      78623  16.928159  -38.22396  -52.57268      0.166    1498.22     11.179     11.095    15.6437    15.6438     0.0001    15.6419    15.6421     0.0001   4.422955   4.423165   0.000209    35.6057    35.6075     5.6470    26.2955    26.2968    245.735  243.67659  243.44198         15  0.000e+00
      78624  16.928159  -38.22396  -52.57268      0.160    1498.22     11.097     11.013    15.6439    15.6440     0.0002    15.6421    15.6423     0.0002   4.422941   4.423192   0.000251    35.6055    35.6076     5.6441    26.2952    26.2968    245.605  243.67617  243.44154         15  0.000e+00
      78625  16.928160  -38.22396  -52.57268      0.152    1498.22     11.124     11.041    15.6436    15.6440     0.0004    15.6419    15.6423     0.0004   4.422927   4.423220   0.000293    35.6056    35.6078     5.6441    26.2954    26.2970    245.605  243.67728  243.44267         15  0.000e+00
      78626  16.928160  -38.22396  -52.57268      0.153    1498.22     11.179     11.095    15.6435    15.6442     0.0007    15.6418    15.6424     0.0007   4.422934   4.423234   0.000300    35.6057    35.6078     5.6471    26.2955    26.2969    245.740  243.67750  243.44289         15  0.000e+00
      78627  16.928161  -38.22396  -52.57268      0.147    1498.22     11.145     11.061    15.6437    15.6444     0.0007    15.6419    15.6426     0.0007   4.422963   4.423234   0.000271    35.6058    35.6076     5.6441    26.2955    26.2968    245.607  243.67646  243.44184         15  0.000e+00
      78628  16.928161  -38.22396  -52.57268      0.143    1498.22     11.124     11.041    15.6437    15.6440     0.0004    15.6419    15.6423     0.0004   4.422963   4.423234   0.000271    35.6058    35.6079     5.6439    26.2955    26.2971    245.599  243.67645  243.44183         15  0.000e+00
      78629  16.928162  -38.22396  -52.57268      0.138    1498.22     11.124     11.041    15.6437    15.6440     0.0003    15.6419    15.6423     0.0003   4.422941   4.423254   0.000313    35.6056    35.6082     5.6469    26.2954    26.2973    245.728  243.67677  243.44215         15  0.000e+00
      78630  16.928162  -38.22396  -52.57268      0.132    1498.22     11.124     11.041    15.6437    15.6440     0.0004    15.6419    15.6423     0.0004   4.422927   4.423241   0.000314    35.6055    35.6080     5.6438    26.2953    26.2971    245.593  243.67699  243.44237         15  0.000e+00
      78631  16.928163  -38.22396  -52.57268      0.127    1498.22     11.145     11.061    15.6436    15.6442     0.0006    15.6419    15.6424     0.0006   4.422905   4.423261   0.000356    35.6054    35.6080     5.6436    26.2952    26.2971    245.584  243.67762  243.44300         15  0.000e+00
      78632  16.928163  -38.22396  -52.57268      0.121    1498.22     11.124     11.041    15.6437    15.6437     0.0000    15.6419    15.6420     0.0000   4.422920   4.423275   0.000356    35.6054    35.6086     5.6464    26.2952    26.2977    245.706  243.67710  243.44248         15  0.000e+00
