Pos-Processados/process_op38/operantar38_007.ros
* Sea-Bird SBE 9 Data File:
* FileName = D:\OPERANTAR_XXXVIII\DADOS\OP38_007.hdr
* Software Version Seasave V 7.18c
* Temperature SN = 4808
* Conductivity SN = 3380
* Number of Bytes Per Scan = 31
* Number of Voltage Words = 2
* Number of Scans Averaged by the Deck Unit = 1
* NMEA Latitude = 44 52.70 S
* NMEA Longitude = 051 46.25 W
* NMEA UTC (Time) = Oct 19 2019 21:28:45
** H41
** NAVIO POLAR ALMIRANTE MAXIMIANO
** CRUZEIRO:
** OPERANTAR XXXVIII
** ESTAÇÃO: OP38_007
** LAT 44 52,70' S
** LONG 051 46,27' W
** 09P73767-1155
** PROFUNDIDADE: 5881
** DATA/HORA: 192130Z/OUT/2019
** OPERADOR: SO-HN CHAVES
# nquan = 24
# nvalues = 4186                                  
# units = specified
# name 0 = scan: Scan Count
# name 1 = timeJ: Julian Days
# name 2 = latitude: Latitude [deg]
# name 3 = longitude: Longitude [deg]
# name 4 = dz/dtM: Descent Rate [m/s]
# name 5 = avgsvCM: Average Sound Velocity [Chen-Millero, m/s]
# name 6 = prDM: Pressure, Digiquartz [db]
# name 7 = depSM: Depth [salt water, m]
# name 8 = t090C: Temperature [ITS-90, deg C]
# name 9 = t190C: Temperature, 2 [ITS-90, deg C]
# name 10 = T2-T190C: Temperature Difference, 2 - 1 [ITS-90, deg C]
# name 11 = potemp090C: Potential Temperature [ITS-90, deg C]
# name 12 = potemp190C: Potential Temperature, 2 [ITS-90, deg C]
# name 13 = potemp90Cdiff: Potential Temperature, Diff, 2 - 1 [ITS-90, deg C]
# name 14 = c0S/m: Conductivity [S/m]
# name 15 = c1S/m: Conductivity, 2 [S/m]
# name 16 = C2-C1S/m: Conductivity Difference, 2 - 1 [S/m]
# name 17 = sal00: Salinity, Practical [PSU]
# name 18 = sal11: Salinity, Practical, 2 [PSU]
# name 19 = sbeox0ML/L: Oxygen, SBE 43 [ml/l]
# name 20 = sigma-é00: Density [sigma-theta, kg/m^3]
# name 21 = sigma-é11: Density, 2 [sigma-theta, kg/m^3]
# name 22 = nbf: Bottles Fired
# name 23 = flag:  0.000e+00
# interval = seconds: 0.0416667
# start_time = Oct 19 2019 21:28:45 [NMEA time, header]
# bad_flag = -9.990e-29
*END*
[from data line 1027]
      63385 292.925532  -44.87834  -51.77096     -0.272    1474.80     40.344     40.013     9.4895     9.4894    -0.0001     9.4850     9.4849    -0.0001   3.727384   3.727948   0.000564    34.6355    34.6415     6.2396    26.7538    26.7585          6  0.000e+00
      63386 292.925533  -44.87834  -51.77096     -0.273    1474.80     40.344     40.013     9.4897     9.4893    -0.0004     9.4852     9.4848    -0.0004   3.727371   3.727955   0.000584    34.6352    34.6417     6.2394    26.7535    26.7586          6  0.000e+00
      63387 292.925533  -44.87834  -51.77096     -0.273    1474.80     40.344     40.013     9.4895     9.4894    -0.0001     9.4850     9.4849    -0.0001   3.727391   3.727987   0.000596    34.6356    34.6419     6.2393    26.7538    26.7588          6  0.000e+00
      63388 292.925534  -44.87834  -51.77096     -0.275    1474.80     40.344     40.013     9.4895     9.4894    -0.0001     9.4850     9.4849    -0.0001   3.727397   3.727948   0.000551    34.6356    34.6415     6.2391    26.7539    26.7585          6  0.000e+00
      63389 292.925534  -44.87834  -51.77096     -0.272    1474.80     40.344     40.013     9.4899     9.4887    -0.0011     9.4854     9.4843    -0.0011   3.727411   3.727961   0.000550    34.6354    34.6422     6.2389    26.7537    26.7592          6  0.000e+00
      63390 292.925535  -44.87834  -51.77096     -0.274    1474.80     40.296     39.966     9.4899     9.4893    -0.0006     9.4854     9.4848    -0.0006   3.727397   3.727968   0.000570    34.6353    34.6418     6.2387    26.7536    26.7588          6  0.000e+00
      63391 292.925535  -44.87834  -51.77096     -0.271    1474.80     40.344     40.013     9.4895     9.4897     0.0002     9.4850     9.4853     0.0002   3.727377   3.727968   0.000590    34.6354    34.6413     6.2387    26.7537    26.7583          6  0.000e+00
      63392 292.925536  -44.87834  -51.77096     -0.270    1474.80     40.296     39.966     9.4895     9.4893    -0.0003     9.4851     9.4848    -0.0003   3.727344   3.727987   0.000643    34.6351    34.6420     6.2385    26.7535    26.7589          6  0.000e+00
      63393 292.925536  -44.87834  -51.77096     -0.275    1474.80     40.242     39.912     9.4897     9.4896    -0.0001     9.4852     9.4851    -0.0001   3.727357   3.727974   0.000617    34.6351    34.6416     6.2346    26.7535    26.7585          6  0.000e+00
      63394 292.925537  -44.87834  -51.77096     -0.271    1474.80     40.296     39.966     9.4897     9.4896    -0.0001     9.4852     9.4851    -0.0001   3.727411   3.727968   0.000557    34.6357    34.6415     6.2378    26.7539    26.7585          6  0.000e+00
      63395 292.925537  -44.87834  -51.77096     -0.273    1474.80     40.242     39.912     9.4897     9.4896    -0.0001     9.4852     9.4851    -0.0001   3.727357   3.727942   0.000585    34.6351    34.6413     6.2376    26.7535    26.7583          6  0.000e+00
      63396 292.925538  -44.87834  -51.77096     -0.270    1474.80     40.297     39.966     9.4897     9.4896    -0.0001     9.4852     9.4851    -0.0001   3.727357   3.727916   0.000559    34.6351    34.6410     6.2375    26.7534    26.7581          6  0.000e+00
      63397 292.925538  -44.87834  -51.77096     -0.272    1474.80     40.242     39.912     9.4895     9.4897     0.0002     9.4851     9.4853     0.0002   3.727404   3.727948   0.000544    34.6358    34.6412     6.2374    26.7540    26.7582          6  0.000e+00
      63398 292.925539  -44.87834  -51.77096     -0.270    1474.80     40.242     39.912     9.4897     9.4893    -0.0004     9.4852     9.4848    -0.0004   3.727377   3.727987   0.000610    34.6353    34.6420     6.2372    26.7536    26.7589          6  0.000e+00
      63457 292.925567  -44.87834  -51.77096      0.310    1474.80     40.798     40.463     9.4897     9.4899     0.0002     9.4851     9.4854     0.0002   3.727445   3.728000   0.000556    34.6358    34.6413     6.2381    26.7540    26.7583          7  0.000e+00
      63458 292.925568  -44.87834  -51.77096      0.320    1474.80     40.798     40.463     9.4899     9.4897    -0.0001     9.4853     9.4852    -0.0001   3.727438   3.728019   0.000582    34.6355    34.6417     6.2382    26.7537    26.7586          7  0.000e+00
      63459 292.925568  -44.87834  -51.77096      0.331    1474.80     40.853     40.518     9.4895     9.4899     0.0004     9.4850     9.4854     0.0004   3.727404   3.728007   0.000602    34.6355    34.6413     6.2385    26.7538    26.7583          7  0.000e+00
      63460 292.925569  -44.87834  -51.77096      0.340    1474.80     40.853     40.518     9.4899     9.4896    -0.0003     9.4853     9.4850    -0.0003   3.727398   3.728000   0.000602    34.6351    34.6416     6.2386    26.7534    26.7585          7  0.000e+00
      63461 292.925569  -44.87834  -51.77096      0.351    1474.80     40.853     40.518     9.4897     9.4897     0.0001     9.4851     9.4852     0.0001   3.727418   3.728000   0.000582    34.6355    34.6414     6.2424    26.7537    26.7584          7  0.000e+00
      63462 292.925570  -44.87834  -51.77096      0.360    1474.80     40.901     40.565     9.4897     9.4896    -0.0001     9.4851     9.4850    -0.0001   3.727404   3.728000   0.000596    34.6353    34.6416     6.2392    26.7536    26.7585          7  0.000e+00
      63463 292.925570  -44.87834  -51.77096      0.371    1474.80     40.901     40.565     9.4897     9.4893    -0.0004     9.4851     9.4847    -0.0004   3.727418   3.728000   0.000582    34.6354    34.6419     6.2394    26.7537    26.7588          7  0.000e+00
      63464 292.925571  -44.87834  -51.77096      0.377    1474.80     40.901     40.565     9.4897     9.4896    -0.0001     9.4851     9.4850    -0.0001   3.727418   3.728019   0.000602    34.6354    34.6418     6.2395    26.7537    26.7587          7  0.000e+00
      63465 292.925571  -44.87834  -51.77096      0.387    1474.80     41.004     40.667     9.4899     9.4899     0.0000     9.4853     9.4854     0.0000   3.727425   3.727981   0.000556    34.6353    34.6410     6.2434    26.7536    26.7580          7  0.000e+00
      63466 292.925571  -44.87834  -51.77096      0.395    1474.80     40.956     40.620     9.4899     9.4893    -0.0006     9.4853     9.4847    -0.0006   3.727431   3.728039   0.000608    34.6354    34.6422     6.2434    26.7536    26.7591          7  0.000e+00
      63467 292.925572  -44.87834  -51.77096      0.402    1474.80     41.004     40.667     9.4899     9.4896    -0.0003     9.4853     9.4850    -0.0003   3.727451   3.728045   0.000594    34.6356    34.6420     6.2402    26.7538    26.7589          7  0.000e+00
      63468 292.925572  -44.87834  -51.77096      0.409    1474.80     41.004     40.667     9.4899     9.4899    -0.0000     9.4853     9.4853    -0.0000   3.727411   3.728032   0.000621    34.6351    34.6416     6.2440    26.7535    26.7585          7  0.000e+00
      63469 292.925573  -44.87834  -51.77096      0.412    1474.80     41.004     40.667     9.4895     9.4899     0.0004     9.4850     9.4854     0.0004   3.727418   3.728052   0.000634    34.6355    34.6417     6.2445    26.7538    26.7586          7  0.000e+00
      63470 292.925573  -44.87834  -51.77096      0.418    1474.80     41.052     40.715     9.4899     9.4897    -0.0001     9.4853     9.4852    -0.0001   3.727451   3.728039   0.000587    34.6355    34.6417     6.2412    26.7538    26.7586          7  0.000e+00
      63471 292.925574  -44.87834  -51.77096      0.417    1474.80     40.956     40.620     9.4895     9.4896     0.0001     9.4850     9.4850     0.0001   3.727451   3.728052   0.000600    34.6359    34.6421     6.2412    26.7541    26.7589          7  0.000e+00
      63472 292.925574  -44.87834  -51.77096      0.429    1474.80     41.202     40.864     9.4897     9.4896    -0.0001     9.4851     9.4850    -0.0001   3.727391   3.728039   0.000648    34.6350    34.6418     6.2451    26.7534    26.7587          7  0.000e+00
      63473 292.925575  -44.87834  -51.77096      0.432    1474.80     41.052     40.715     9.4897     9.4896    -0.0001     9.4851     9.4850    -0.0001   3.727391   3.728007   0.000616    34.6351    34.6416     6.2454    26.7535    26.7585          7  0.000e+00
      63474 292.925575  -44.87834  -51.77096      0.434    1474.80     41.107     40.769     9.4895     9.4896     0.0001     9.4850     9.4850     0.0001   3.727418   3.727981   0.000563    34.6355    34.6413     6.2458    26.7538    26.7583          7  0.000e+00
      63475 292.925576  -44.87834  -51.77096      0.437    1474.80     41.107     40.769     9.4894     9.4896     0.0002     9.4848     9.4850     0.0002   3.727404   3.727968   0.000564    34.6355    34.6411     6.2462    26.7538    26.7582          7  0.000e+00
      63476 292.925576  -44.87834  -51.77094      0.438    1474.80     41.155     40.817     9.4894     9.4889    -0.0005     9.4848     9.4844    -0.0005   3.727378   3.727987   0.000610    34.6352    34.6419     6.2466    26.7536    26.7589          7  0.000e+00
      63477 292.925577  -44.87834  -51.77094      0.439    1474.80     41.155     40.817     9.4892     9.4887    -0.0004     9.4846     9.4842    -0.0004   3.727344   3.728020   0.000675    34.6350    34.6424     6.2503    26.7535    26.7594          7  0.000e+00
      63478 292.925577  -44.87834  -51.77094      0.442    1474.80     41.155     40.817     9.4892     9.4893     0.0001     9.4846     9.4847     0.0001   3.727378   3.728007   0.000629    34.6354    34.6418     6.2469    26.7538    26.7588          7  0.000e+00
      63479 292.925578  -44.87834  -51.77094      0.442    1474.80     41.155     40.817     9.4894     9.4894     0.0000     9.4848     9.4848     0.0000   3.727438   3.727974   0.000537    34.6358    34.6413     6.2471    26.7541    26.7584          7  0.000e+00
      63480 292.925578  -44.87834  -51.77094      0.438    1474.80     41.155     40.817     9.4892     9.4893     0.0001     9.4846     9.4847     0.0001   3.727391   3.727949   0.000558    34.6355    34.6412     6.2474    26.7539    26.7583          7  0.000e+00
      63481 292.925579  -44.87834  -51.77094      0.440    1474.80     41.257     40.919     9.4892     9.4887    -0.0004     9.4846     9.4842    -0.0004   3.727391   3.727936   0.000545    34.6355    34.6415     6.2514    26.7538    26.7586          7  0.000e+00
      63482 292.925579  -44.87834  -51.77094      0.437    1474.80     41.155     40.817     9.4894     9.4893    -0.0001     9.4848     9.4847    -0.0001   3.727418   3.727955   0.000537    34.6356    34.6413     6.2481    26.7539    26.7584          7  0.000e+00
      63483 292.925580  -44.87834  -51.77094      0.435    1474.80     41.203     40.865     9.4895     9.4886    -0.0009     9.4850     9.4840    -0.0009   3.727431   3.727968   0.000537    34.6356    34.6421     6.2520    26.7539    26.7591          7  0.000e+00
      63484 292.925580  -44.87834  -51.77094      0.431    1474.80     41.203     40.865     9.4894     9.4893    -0.0001     9.4848     9.4847    -0.0001   3.727431   3.727987   0.000556    34.6357    34.6416     6.2489    26.7540    26.7586          7  0.000e+00
      63485 292.925581  -44.87834  -51.77094      0.428    1474.80     41.258     40.919     9.4894     9.4887    -0.0006     9.4848     9.4842    -0.0006   3.727431   3.727975   0.000543    34.6357    34.6419     6.2528    26.7540    26.7590          7  0.000e+00
      63486 292.925581  -44.87834  -51.77094      0.423    1474.80     41.258     40.919     9.4895     9.4884    -0.0011     9.4849     9.4838    -0.0011   3.727391   3.727968   0.000577    34.6351    34.6422     6.2532    26.7535    26.7592          7  0.000e+00
      63487 292.925582  -44.87834  -51.77094      0.417    1474.80     41.203     40.865     9.4897     9.4891    -0.0006     9.4851     9.4845    -0.0006   3.727418   3.727994   0.000576    34.6353    34.6418     6.2536    26.7536    26.7588          7  0.000e+00
      63488 292.925582  -44.87834  -51.77094      0.408    1474.80     41.203     40.865     9.4895     9.4893    -0.0003     9.4850     9.4847    -0.0003   3.727404   3.728026   0.000621    34.6353    34.6420     6.2537    26.7537    26.7589          7  0.000e+00
      63489 292.925583  -44.87834  -51.77094      0.404    1474.80     41.306     40.967     9.4894     9.4894     0.0000     9.4848     9.4848     0.0000   3.727398   3.728007   0.000609    34.6353    34.6416     6.2541    26.7537    26.7586          7  0.000e+00
      63490 292.925583  -44.87834  -51.77094      0.397    1474.80     41.203     40.865     9.4897     9.4896    -0.0001     9.4851     9.4850    -0.0001   3.727418   3.728020   0.000602    34.6353    34.6416     6.2543    26.7536    26.7586          7  0.000e+00
      63491 292.925584  -44.87834  -51.77094      0.383    1474.80     41.203     40.865     9.4897     9.4894    -0.0003     9.4851     9.4848    -0.0003   3.727451   3.728032   0.000581    34.6357    34.6419     6.2546    26.7539    26.7588          7  0.000e+00
      63492 292.925584  -44.87834  -51.77094      0.379    1474.80     41.306     40.967     9.4895     9.4893    -0.0003     9.4849     9.4847    -0.0003   3.727391   3.728032   0.000641    34.6351    34.6420     6.2547    26.7535    26.7589          7  0.000e+00
      63493 292.925584  -44.87834  -51.77094      0.371    1474.80     41.258     40.919     9.4895     9.4894    -0.0001     9.4849     9.4848    -0.0001   3.727411   3.728013   0.000602    34.6354    34.6417     6.2548    26.7537    26.7587          7  0.000e+00
      63494 292.925585  -44.87834  -51.77094      0.358    1474.80     41.203     40.865     9.4898     9.4896    -0.0002     9.4852     9.4850    -0.0002   3.727418   3.728026   0.000608    34.6352    34.6417     6.2546    26.7535    26.7586          7  0.000e+00
      63495 292.925585  -44.87834  -51.77094      0.346    1474.80     41.258     40.919     9.4897     9.4894    -0.0003     9.4851     9.4848    -0.0003   3.727478   3.728052   0.000574    34.6359    34.6421     6.2548    26.7541    26.7590          7  0.000e+00
      63496 292.925586  -44.87834  -51.77094      0.336    1474.80     41.258     40.919     9.4899     9.4893    -0.0006     9.4853     9.4847    -0.0006   3.727471   3.728039   0.000567    34.6356    34.6421     6.2549    26.7539    26.7590          7  0.000e+00
      63497 292.925586  -44.87834  -51.77094      0.326    1474.80     41.258     40.919     9.4900     9.4891    -0.0009     9.4854     9.4845    -0.0009   3.727485   3.728007   0.000522    34.6356    34.6419     6.2586    26.7538    26.7589          7  0.000e+00
      63498 292.925587  -44.87834  -51.77094      0.316    1474.80     41.306     40.967     9.4899     9.4894    -0.0005     9.4853     9.4848    -0.0005   3.727472   3.727975   0.000503    34.6356    34.6413     6.2554    26.7538    26.7583          7  0.000e+00
      63499 292.925587  -44.87834  -51.77094      0.303    1474.80     41.203     40.865     9.4899     9.4891    -0.0008     9.4853     9.4845    -0.0008   3.727465   3.728039   0.000574    34.6356    34.6423     6.2550    26.7538    26.7592          7  0.000e+00
      63500 292.925588  -44.87834  -51.77094      0.290    1474.80     41.258     40.919     9.4899     9.4893    -0.0006     9.4853     9.4847    -0.0006   3.727465   3.728045   0.000581    34.6356    34.6422     6.2583    26.7538    26.7591          7  0.000e+00
      63501 292.925588  -44.87834  -51.77094      0.275    1474.80     41.203     40.865     9.4900     9.4894    -0.0006     9.4854     9.4848    -0.0006   3.727471   3.728058   0.000587    34.6355    34.6422     6.2548    26.7537    26.7590          7  0.000e+00
