Pos-Processados/process_op38/operantar38_015.ros
* Sea-Bird SBE 9 Data File:
* FileName = D:\OPERANTAR_XXXVIII\DADOS\OP38_015.hdr
* Software Version Seasave V 7.18c
* Temperature SN = 4808
* Conductivity SN = 3380
* Number of Bytes Per Scan = 34
* Number of Voltage Words = 3
* Number of Scans Averaged by the Deck Unit = 1
* NMEA Latitude = 62 18.48 S
* NMEA Longitude = 058 32.77 W
* NMEA UTC (Time) = Nov 05 2019 09:00:03
** H41
** NAVIO POLAR ALMIRANTE MAXIMIANO
** CRUZEIRO:
** OPERANTAR XXXVIII
** ESTAÇÃO: OP38_015
** LAT 62 18,48' S
** LONG 058 32,80' W
** 09P73767-1155_A
** PROFUNDIDADE: 353
** DATA/HORA: 050900Z/NOV/2019
** OPERADOR: SO-HN CHAVES
# nquan = 27
# nvalues = 2077                                  
# units = specified
# name 0 = scan: Scan Count
# name 1 = timeJ: Julian Days
# name 2 = latitude: Latitude [deg]
# name 3 = longitude: Longitude [deg]
# name 4 = dz/dtM: Descent Rate [m/s]
# name 5 = avgsvCM: Average Sound Velocity [Chen-Millero, m/s]
# name 6 = prDM: Pressure, Digiquartz [db]
# name 7 = depSM: Depth [salt water, m]
# name 8 = t090C: Temperature [ITS-90, deg C]
# name 9 = t190C: Temperature, 2 [ITS-90, deg C]
# name 10 = T2-T190C: Temperature Difference, 2 - 1 [ITS-90, deg C]
# name 11 = potemp090C: Potential Temperature [ITS-90, deg C]
# name 12 = potemp190C: Potential Temperature, 2 [ITS-90, deg C]
# name 13 = potemp90Cdiff: Potential Temperature, Diff, 2 - 1 [ITS-90, deg C]
# name 14 = c0S/m: Conductivity [S/m]
# name 15 = c1S/m: Conductivity, 2 [S/m]
# name 16 = C2-C1S/m: Conductivity Difference, 2 - 1 [S/m]
# name 17 = sal00: Salinity, Practical [PSU]
# name 18 = sal11: Salinity, Practical, 2 [PSU]
# name 19 = sbeox0ML/L: Oxygen, SBE 43 [ml/l]
# name 20 = sigma-é00: Density [sigma-theta, kg/m^3]
# name 21 = sigma-é11: Density, 2 [sigma-theta, kg/m^3]
# name 22 = sbox0Mm/Kg: Oxygen, SBE 43 [umol/kg]
# name 23 = oxsolMm/Kg: Oxygen Saturation, Garcia & Gordon [umol/kg]
# name 24 = oxsatMm/Kg: Oxygen Saturation, Weiss [umol/kg]
# name 25 = nbf: Bottles Fired
# name 26 = flag:  0.000e+00
# interval = seconds: 0.0416667
# start_time = Nov 05 2019 09:00:03 [NMEA time, header]
# bad_flag = -9.990e-29
*END*
[from data line 1235]
      25238 309.387205  -62.30810  -58.54616     -0.020    1447.29      2.193      2.172    -0.8173    -0.8175    -0.0001    -0.8174    -0.8175    -0.0001   2.771108   2.771518   0.000410    34.1489    34.1547     7.6807    27.4565    27.4612    333.855  357.87304  359.51752          8  0.000e+00
      25239 309.387206  -62.30810  -58.54616     -0.022    1447.29      2.214      2.193    -0.8178    -0.8175     0.0003    -0.8179    -0.8175     0.0003   2.771120   2.771495   0.000375    34.1496    34.1543     7.6758    27.4571    27.4609    333.641  357.87555  359.52017          8  0.000e+00
      25240 309.387206  -62.30810  -58.54616     -0.027    1447.29      2.145      2.125    -0.8176    -0.8178    -0.0002    -0.8176    -0.8178    -0.0002   2.771090   2.771489   0.000399    34.1490    34.1547     7.6803    27.4566    27.4612    333.835  357.87510  359.51964          8  0.000e+00
      25241 309.387207  -62.30810  -58.54616     -0.027    1447.29      2.193      2.172    -0.8172    -0.8179    -0.0007    -0.8173    -0.8180    -0.0007   2.771114   2.771489   0.000375    34.1489    34.1548     7.6752    27.4565    27.4613    333.615  357.87208  359.51653          8  0.000e+00
      25242 309.387207  -62.30810  -58.54616     -0.030    1447.29      2.193      2.172    -0.8170    -0.8182    -0.0012    -0.8171    -0.8183    -0.0012   2.771150   2.771443   0.000293    34.1492    34.1545     7.6745    27.4567    27.4611    333.584  357.86961  359.51404          8  0.000e+00
      25243 309.387208  -62.30810  -58.54616     -0.033    1447.29      2.193      2.172    -0.8169    -0.8185    -0.0016    -0.8170    -0.8186    -0.0016   2.771173   2.771414   0.000241    34.1494    34.1545     7.6738    27.4569    27.4611    333.554  357.86797  359.51238          8  0.000e+00
      25244 309.387208  -62.30810  -58.54616     -0.036    1447.29      2.145      2.125    -0.8172    -0.8185    -0.0013    -0.8173    -0.8186    -0.0013   2.771120   2.771408   0.000289    34.1490    34.1544     7.6732    27.4566    27.4610    333.528  357.87177  359.51623          8  0.000e+00
      25245 309.387209  -62.30810  -58.54616     -0.039    1447.29      2.193      2.172    -0.8173    -0.8189    -0.0015    -0.8174    -0.8189    -0.0015   2.771060   2.771443   0.000383    34.1483    34.1552     7.6727    27.4560    27.4617    333.505  357.87486  359.51931          8  0.000e+00
      25246 309.387209  -62.30810  -58.54616     -0.038    1447.29      2.193      2.172    -0.8182    -0.8178     0.0004    -0.8183    -0.8178     0.0004   2.771048   2.771495   0.000447    34.1491    34.1547     7.6722    27.4567    27.4612    333.484  357.88081  359.52549          8  0.000e+00
      25247 309.387210  -62.30810  -58.54616     -0.038    1447.29      2.193      2.172    -0.8181    -0.8181     0.0001    -0.8182    -0.8181     0.0001   2.771084   2.771529   0.000445    34.1495    34.1555     7.6723    27.4571    27.4619    333.489  357.87907  359.52377          8  0.000e+00
      25248 309.387210  -62.30810  -58.54616     -0.042    1447.29      2.166      2.145    -0.8181    -0.8178     0.0004    -0.8182    -0.8178     0.0004   2.771084   2.771523   0.000440    34.1496    34.1551     7.6717    27.4571    27.4616    333.461  357.87903  359.52372          8  0.000e+00
      25249 309.387211  -62.30810  -58.54616     -0.041    1447.29      2.193      2.172    -0.8180    -0.8175     0.0006    -0.8181    -0.8175     0.0006   2.771078   2.771512   0.000434    34.1493    34.1546     7.6711    27.4569    27.4611    333.435  357.87857  359.52323          8  0.000e+00
      25250 309.387211  -62.30810  -58.54616     -0.040    1447.29      2.193      2.172    -0.8181    -0.8175     0.0007    -0.8182    -0.8175     0.0007   2.771054   2.771512   0.000458    34.1491    34.1546     7.6757    27.4567    27.4611    333.635  357.88022  359.52489          8  0.000e+00
      25251 309.387212  -62.30810  -58.54616     -0.038    1447.29      2.193      2.172    -0.8189    -0.8171     0.0018    -0.8190    -0.8172     0.0018   2.771030   2.771495   0.000465    34.1497    34.1540     7.6768    27.4572    27.4606    333.682  357.88589  359.53075          8  0.000e+00
      25252 309.387212  -62.30810  -58.54616     -0.043    1447.29      2.145      2.125    -0.8188    -0.8179     0.0009    -0.8188    -0.8180     0.0009   2.771060   2.771489   0.000429    34.1500    34.1548     7.6776    27.4574    27.4613    333.719  357.88393  359.52879          8  0.000e+00
      25253 309.387213  -62.30810  -58.54616     -0.039    1447.29      2.193      2.172    -0.8186    -0.8174     0.0012    -0.8187    -0.8175     0.0012   2.771078   2.771489   0.000411    34.1500    34.1542     7.6734    27.4574    27.4608    333.535  357.88223  359.52705          8  0.000e+00
      25254 309.387213  -62.30810  -58.54616     -0.041    1447.29      2.193      2.172    -0.8186    -0.8181     0.0006    -0.8187    -0.8181     0.0006   2.771096   2.771466   0.000370    34.1502    34.1546     7.6787    27.4576    27.4612    333.768  357.88155  359.52638          8  0.000e+00
      25255 309.387214  -62.30810  -58.54616     -0.039    1447.29      2.193      2.172    -0.8182    -0.8184    -0.0002    -0.8183    -0.8184    -0.0002   2.771102   2.771460   0.000358    34.1499    34.1549     7.6788    27.4573    27.4614    333.771  357.87876  359.52348          8  0.000e+00
      25256 309.387214  -62.30810  -58.54616     -0.038    1447.29      2.193      2.172    -0.8180    -0.8179     0.0001    -0.8180    -0.8180     0.0001   2.771084   2.771500   0.000417    34.1493    34.1549     7.6797    27.4569    27.4614    333.811  357.87798  359.52262          8  0.000e+00
      25257 309.387215  -62.30810  -58.54616     -0.036    1447.29      2.193      2.172    -0.8180    -0.8178     0.0002    -0.8180    -0.8178     0.0002   2.771054   2.771449   0.000395    34.1489    34.1541     7.6799    27.4566    27.4607    333.818  357.87912  359.52374          8  0.000e+00
      25258 309.387215  -62.30810  -58.54616     -0.033    1447.29      2.214      2.193    -0.8178    -0.8178     0.0001    -0.8179    -0.8178     0.0001   2.771048   2.771489   0.000441    34.1487    34.1546     7.6748    27.4564    27.4612    333.597  357.87865  359.52323          8  0.000e+00
      25259 309.387215  -62.30810  -58.54616     -0.030    1447.29      2.193      2.172    -0.8173    -0.8173     0.0000    -0.8174    -0.8173     0.0000   2.771066   2.771495   0.000429    34.1484    34.1542     7.6740    27.4561    27.4608    333.563  357.87464  359.51909          8  0.000e+00
      25260 309.387216  -62.30810  -58.54616     -0.028    1447.29      2.193      2.172    -0.8175    -0.8176    -0.0001    -0.8176    -0.8177    -0.0001   2.771054   2.771506   0.000452    34.1484    34.1547     7.6742    27.4561    27.4612    333.570  357.87619  359.52068          8  0.000e+00
      25261 309.387216  -62.30810  -58.54616     -0.022    1447.29      2.248      2.226    -0.8176    -0.8178    -0.0002    -0.8176    -0.8178    -0.0002   2.771048   2.771472   0.000424    34.1484    34.1544     7.6796    27.4561    27.4609    333.805  357.87688  359.52138          8  0.000e+00
      25262 309.387217  -62.30810  -58.54616     -0.020    1447.29      2.193      2.172    -0.8178    -0.8179    -0.0001    -0.8179    -0.8180    -0.0001   2.771048   2.771518   0.000470    34.1487    34.1552     7.6805    27.4563    27.4616    333.845  357.87825  359.52282          8  0.000e+00
      25263 309.387217  -62.30810  -58.54616     -0.021    1447.29      2.193      2.172    -0.8177    -0.8177    -0.0000    -0.8178    -0.8178    -0.0000   2.771048   2.771523   0.000475    34.1486    34.1551     7.6814    27.4563    27.4615    333.885  357.87788  359.52243          8  0.000e+00
      25264 309.387218  -62.30810  -58.54616     -0.015    1447.29      2.248      2.226    -0.8184    -0.8176     0.0008    -0.8185    -0.8177     0.0008   2.771012   2.771552   0.000540    34.1489    34.1553     7.6826    27.4565    27.4617    333.935  357.88374  359.52846          8  0.000e+00
      25265 309.387218  -62.30810  -58.54616     -0.012    1447.29      2.193      2.172    -0.8186    -0.8164     0.0022    -0.8187    -0.8164     0.0022   2.771018   2.771546   0.000528    34.1492    34.1538     7.6827    27.4568    27.4605    333.939  357.88451  359.52929          8  0.000e+00
      25266 309.387219  -62.30810  -58.54616     -0.007    1447.29      2.248      2.226    -0.8191    -0.8165     0.0026    -0.8192    -0.8166     0.0026   2.771024   2.771558   0.000534    34.1498    34.1541     7.6837    27.4573    27.4607    333.984  357.88767  359.53260          8  0.000e+00
      25267 309.387219  -62.30810  -58.54616     -0.003    1447.29      2.214      2.193    -0.8189    -0.8164     0.0025    -0.8190    -0.8164     0.0025   2.770982   2.771564   0.000581    34.1490    34.1541     7.6846    27.4567    27.4606    334.022  357.88775  359.53257          8  0.000e+00
      25268 309.387220  -62.30810  -58.54616      0.003    1447.29      2.248      2.226    -0.8189    -0.8161     0.0028    -0.8190    -0.8161     0.0028   2.771024   2.771546   0.000522    34.1496    34.1534     7.6847    27.4571    27.4601    334.026  357.88621  359.53107          8  0.000e+00
      25269 309.387220  -62.30810  -58.54616      0.004    1447.29      2.193      2.172    -0.8190    -0.8161     0.0029    -0.8190    -0.8161     0.0029   2.771030   2.771518   0.000488    34.1497    34.1531     7.6855    27.4572    27.4598    334.062  357.88625  359.53113          8  0.000e+00
      25270 309.387221  -62.30810  -58.54616      0.006    1447.29      2.248      2.226    -0.8186    -0.8165     0.0021    -0.8187    -0.8166     0.0021   2.771042   2.771512   0.000470    34.1495    34.1535     7.6864    27.4570    27.4602    334.099  357.88370  359.52848          8  0.000e+00
      25271 309.387221  -62.30810  -58.54616      0.012    1447.29      2.248      2.226    -0.8186    -0.8173     0.0013    -0.8187    -0.8173     0.0013   2.771084   2.771472   0.000388    34.1500    34.1538     7.6872    27.4575    27.4605    334.136  357.88210  359.52692          8  0.000e+00
      25272 309.387222  -62.30810  -58.54616      0.015    1447.29      2.248      2.226    -0.8174    -0.8175    -0.0001    -0.8174    -0.8175    -0.0001   2.771120   2.771437   0.000318    34.1491    34.1535     7.6870    27.4567    27.4603    334.129  357.87304  359.51755          8  0.000e+00
      25273 309.387222  -62.30810  -58.54616      0.017    1447.29      2.193      2.172    -0.8172    -0.8181    -0.0008    -0.8173    -0.8181    -0.0008   2.771161   2.771431   0.000270    34.1495    34.1542     7.6869    27.4570    27.4608    334.125  357.87025  359.51474          8  0.000e+00
      25274 309.387223  -62.30810  -58.54616      0.020    1447.29      2.248      2.226    -0.8170    -0.8182    -0.0012    -0.8171    -0.8183    -0.0012   2.771144   2.771449   0.000305    34.1491    34.1545     7.6870    27.4566    27.4611    334.127  357.86993  359.51436          8  0.000e+00
      25275 309.387223  -62.30810  -58.54616      0.025    1447.29      2.296      2.274    -0.8171    -0.8176    -0.0005    -0.8172    -0.8177    -0.0005   2.771126   2.771495   0.000369    34.1489    34.1544     7.6870    27.4565    27.4610    334.128  357.87107  359.51550          8  0.000e+00
      25276 309.387224  -62.30810  -58.54616      0.027    1447.29      2.193      2.172    -0.8172    -0.8164     0.0008    -0.8173    -0.8164     0.0008   2.771090   2.771650   0.000560    34.1486    34.1552     7.6869    27.4562    27.4616    334.123  357.87299  359.51743          8  0.000e+00
      25277 309.387224  -62.30810  -58.54616      0.030    1447.29      2.262      2.240    -0.8173    -0.8154     0.0019    -0.8174    -0.8155     0.0019   2.771114   2.771713   0.000599    34.1490    34.1550     7.6869    27.4566    27.4614    334.122  357.87293  359.51741          8  0.000e+00
      25278 309.387225  -62.30810  -58.54616      0.027    1447.29      2.248      2.226    -0.8178    -0.8154     0.0024    -0.8179    -0.8155     0.0024   2.771090   2.771742   0.000652    34.1493    34.1554     7.6868    27.4568    27.4617    334.120  357.87711  359.52173          8  0.000e+00
      25279 309.387225  -62.30810  -58.54616      0.035    1447.29      2.248      2.226    -0.8180    -0.8148     0.0031    -0.8180    -0.8149     0.0031   2.771054   2.771707   0.000653    34.1489    34.1542     7.6867    27.4565    27.4607    334.115  357.87921  359.52383          8  0.000e+00
      25280 309.387226  -62.30810  -58.54616      0.040    1447.29      2.296      2.274    -0.8177    -0.8145     0.0032    -0.8177    -0.8146     0.0032   2.771144   2.771730   0.000587    34.1498    34.1541     7.6865    27.4572    27.4606    334.104  357.87404  359.51865          8  0.000e+00
      25281 309.387226  -62.30810  -58.54616      0.041    1447.29      2.248      2.226    -0.8162    -0.8150     0.0012    -0.8162    -0.8150     0.0012   2.771239   2.771765   0.000525    34.1494    34.1552     7.6859    27.4568    27.4615    334.078  357.86079  359.50505          8  0.000e+00
      25282 309.387227  -62.30810  -58.54616      0.043    1447.29      2.248      2.226    -0.8153    -0.8147     0.0007    -0.8154    -0.8147     0.0007   2.771317   2.771736   0.000419    34.1495    34.1544     7.6854    27.4569    27.4609    334.058  357.85271  359.49679          8  0.000e+00
      25283 309.387227  -62.30810  -58.54616      0.047    1447.29      2.296      2.274    -0.8146    -0.8147    -0.0001    -0.8147    -0.8147    -0.0001   2.771335   2.771724   0.000390    34.1489    34.1543     7.6850    27.4564    27.4607    334.041  357.84735  359.49123          8  0.000e+00
      25284 309.387228  -62.30810  -58.54616      0.048    1447.29      2.248      2.226    -0.8143    -0.8142     0.0001    -0.8144    -0.8143     0.0001   2.771359   2.771724   0.000366    34.1489    34.1538     7.6854    27.4564    27.4603    334.057  357.84452  359.48834          8  0.000e+00
      25285 309.387228  -62.30810  -58.54616      0.052    1447.29      2.296      2.274    -0.8146    -0.8148    -0.0002    -0.8147    -0.8149    -0.0002   2.771305   2.771724   0.000419    34.1485    34.1544     7.6860    27.4560    27.4609    334.084  357.84849  359.49235          8  0.000e+00
      25286 309.387228  -62.30810  -58.54616      0.050    1447.29      2.248      2.226    -0.8156    -0.8154     0.0002    -0.8157    -0.8155     0.0002   2.771227   2.771684   0.000457    34.1486    34.1546     7.6859    27.4562    27.4610    334.078  357.85796  359.50205          8  0.000e+00
      25287 309.387229  -62.30810  -58.54616      0.051    1447.29      2.262      2.240    -0.8165    -0.8158     0.0007    -0.8165    -0.8158     0.0007   2.771209   2.771673   0.000463    34.1493    34.1548     7.6865    27.4568    27.4612    334.105  357.86379  359.50810          8  0.000e+00
      25288 309.387229  -62.30810  -58.54616      0.052    1447.29      2.248      2.226    -0.8169    -0.8151     0.0017    -0.8169    -0.8152     0.0017   2.771167   2.771650   0.000482    34.1492    34.1538     7.6862    27.4567    27.4604    334.094  357.86792  359.51232          8  0.000e+00
      25289 309.387230  -62.30810  -58.54616      0.052    1447.29      2.296      2.274    -0.8170    -0.8153     0.0017    -0.8171    -0.8154     0.0017   2.771114   2.771661   0.000548    34.1486    34.1541     7.6868    27.4563    27.4606    334.117  357.87116  359.51556          8  0.000e+00
      25290 309.387230  -62.30810  -58.54616      0.052    1447.29      2.248      2.226    -0.8173    -0.8154     0.0018    -0.8173    -0.8155     0.0018   2.771138   2.771609   0.000472    34.1493    34.1536     7.6863    27.4568    27.4602    334.099  357.87163  359.51611          8  0.000e+00
