Pos-Processados/process_op38/operantar38_009.ros
* Sea-Bird SBE 9 Data File:
* FileName = D:\OPERANTAR_XXXVIII\DADOS\OP38_009.hdr
* Software Version Seasave V 7.18c
* Temperature SN = 4808
* Conductivity SN = 3380
* Number of Bytes Per Scan = 31
* Number of Voltage Words = 2
* Number of Scans Averaged by the Deck Unit = 1
* NMEA Latitude = 44 15.92 S
* NMEA Longitude = 052 42.25 W
* NMEA UTC (Time) = Oct 20 2019 07:17:42
** H41
** NAVIO POLAR ALMIRANTE MAXIMIANO
** CRUZEIRO:
** OPERANTAR XXXVIII
** ESTAÇÃO: OP38_009
** LAT 44º 15,92'S
** LONG 052º 42,27'W
** 09P73767-1155
** PROFUNDIDADE: 5806
** DATA/HORA: 200718Z/OUT/19
** OPERADOR: CTTECCHIO
# nquan = 24
# nvalues = 2170                                  
# units = specified
# name 0 = scan: Scan Count
# name 1 = timeJ: Julian Days
# name 2 = latitude: Latitude [deg]
# name 3 = longitude: Longitude [deg]
# name 4 = dz/dtM: Descent Rate [m/s]
# name 5 = avgsvCM: Average Sound Velocity [Chen-Millero, m/s]
# name 6 = prDM: Pressure, Digiquartz [db]
# name 7 = depSM: Depth [salt water, m]
# name 8 = t090C: Temperature [ITS-90, deg C]
# name 9 = t190C: Temperature, 2 [ITS-90, deg C]
# name 10 = T2-T190C: Temperature Difference, 2 - 1 [ITS-90, deg C]
# name 11 = potemp090C: Potential Temperature [ITS-90, deg C]
# name 12 = potemp190C: Potential Temperature, 2 [ITS-90, deg C]
# name 13 = potemp90Cdiff: Potential Temperature, Diff, 2 - 1 [ITS-90, deg C]
# name 14 = c0S/m: Conductivity [S/m]
# name 15 = c1S/m: Conductivity, 2 [S/m]
# name 16 = C2-C1S/m: Conductivity Difference, 2 - 1 [S/m]
# name 17 = sal00: Salinity, Practical [PSU]
# name 18 = sal11: Salinity, Practical, 2 [PSU]
# name 19 = sbeox0ML/L: Oxygen, SBE 43 [ml/l]
# name 20 = sigma-é00: Density [sigma-theta, kg/m^3]
# name 21 = sigma-é11: Density, 2 [sigma-theta, kg/m^3]
# name 22 = nbf: Bottles Fired
# name 23 = flag:  0.000e+00
# interval = seconds: 0.0416667
# start_time = Oct 20 2019 07:17:42 [NMEA time, header]
# bad_flag = -9.990e-29
*END*
[from data line 61]
      59022 293.332421  -44.26542  -52.70420      0.061    1497.43     21.090     20.919    14.1135    14.1142     0.0007    14.1105    14.1112     0.0007   4.275014   4.275732   0.000718    35.6451    35.6512     5.2626    26.6624    26.6670          1  0.000e+00
      59023 293.332422  -44.26542  -52.70420      0.064    1497.43     21.056     20.885    14.1134    14.1144     0.0011    14.1103    14.1113     0.0011   4.275028   4.275814   0.000786    35.6454    35.6518     5.2655    26.6627    26.6674          1  0.000e+00
      59024 293.332422  -44.26542  -52.70420      0.070    1497.43     21.090     20.919    14.1134    14.1139     0.0006    14.1103    14.1108     0.0006   4.275042   4.275787   0.000744    35.6456    35.6520     5.2622    26.6628    26.6677          1  0.000e+00
      59025 293.332423  -44.26542  -52.70420      0.076    1497.43     21.104     20.933    14.1135    14.1146     0.0010    14.1105    14.1115     0.0010   4.275063   4.275773   0.000710    35.6456    35.6512     5.2618    26.6628    26.6669          1  0.000e+00
      59026 293.332423  -44.26542  -52.70420      0.081    1497.43     21.090     20.919    14.1134    14.1142     0.0009    14.1103    14.1112     0.0009   4.275078   4.275793   0.000716    35.6459    35.6517     5.2615    26.6631    26.6674          1  0.000e+00
      59027 293.332424  -44.26542  -52.70420      0.086    1497.43     21.104     20.933    14.1137    14.1141     0.0004    14.1106    14.1110     0.0004   4.275099   4.275780   0.000681    35.6458    35.6518     5.2614    26.6629    26.6675          1  0.000e+00
      59028 293.332424  -44.26542  -52.70420      0.091    1497.43     21.090     20.919    14.1137    14.1142     0.0006    14.1106    14.1112     0.0006   4.275106   4.275793   0.000687    35.6459    35.6517     5.2610    26.6630    26.6674          1  0.000e+00
      59029 293.332425  -44.26542  -52.70420      0.095    1497.43     21.104     20.933    14.1142    14.1144     0.0002    14.1111    14.1113     0.0002   4.275141   4.275827   0.000686    35.6457    35.6519     5.2606    26.6628    26.6675          1  0.000e+00
      59030 293.332425  -44.26542  -52.70420      0.099    1497.43     21.145     20.974    14.1141    14.1142     0.0002    14.1110    14.1112     0.0002   4.275156   4.275841   0.000686    35.6460    35.6522     5.2603    26.6630    26.6677          1  0.000e+00
      59031 293.332426  -44.26542  -52.70420      0.106    1497.43     21.159     20.987    14.1144    14.1144     0.0000    14.1113    14.1113     0.0000   4.275156   4.275841   0.000686    35.6456    35.6520     5.2600    26.6627    26.6676          1  0.000e+00
      59032 293.332426  -44.26542  -52.70420      0.109    1497.43     21.145     20.974    14.1142    14.1144     0.0002    14.1111    14.1113     0.0002   4.275120   4.275814   0.000694    35.6455    35.6518     5.2596    26.6626    26.6674          1  0.000e+00
      59033 293.332427  -44.26542  -52.70420      0.114    1497.43     21.159     20.987    14.1142    14.1147     0.0006    14.1111    14.1117     0.0006   4.275170   4.275827   0.000658    35.6459    35.6516     5.2593    26.6629    26.6672          1  0.000e+00
      59034 293.332427  -44.26542  -52.70420      0.116    1497.43     21.145     20.974    14.1144    14.1142    -0.0001    14.1113    14.1112    -0.0001   4.275163   4.275841   0.000678    35.6457    35.6522     5.2589    26.6627    26.6677          1  0.000e+00
      59035 293.332428  -44.26542  -52.70420      0.123    1497.43     21.207     21.035    14.1144    14.1146     0.0002    14.1113    14.1115     0.0002   4.275120   4.275841   0.000721    35.6453    35.6518     5.2619    26.6624    26.6674          1  0.000e+00
      59036 293.332428  -44.26542  -52.70420      0.127    1497.43     21.145     20.974    14.1142    14.1142     0.0001    14.1111    14.1112     0.0001   4.275141   4.275841   0.000700    35.6457    35.6522     5.2618    26.6627    26.6677          1  0.000e+00
      59037 293.332429  -44.26542  -52.70420      0.133    1497.43     21.207     21.035    14.1144    14.1144     0.0000    14.1113    14.1113     0.0000   4.275156   4.275787   0.000631    35.6456    35.6515     5.2587    26.6627    26.6672          1  0.000e+00
      59038 293.332429  -44.26542  -52.70420      0.138    1497.43     21.241     21.069    14.1142    14.1146     0.0004    14.1111    14.1115     0.0004   4.275120   4.275773   0.000653    35.6455    35.6512     5.2617    26.6626    26.6669          1  0.000e+00
      59039 293.332430  -44.26542  -52.70420      0.146    1497.43     21.207     21.035    14.1142    14.1146     0.0004    14.1111    14.1115     0.0004   4.275113   4.275821   0.000708    35.6454    35.6516     5.2618    26.6625    26.6672          1  0.000e+00
      59040 293.332430  -44.26542  -52.70420      0.147    1497.43     21.193     21.021    14.1139    14.1142     0.0004    14.1108    14.1112     0.0004   4.275134   4.275868   0.000734    35.6459    35.6524     5.2617    26.6630    26.6679          1  0.000e+00
      59041 293.332431  -44.26542  -52.70420      0.146    1497.43     21.145     20.974    14.1141    14.1142     0.0002    14.1110    14.1112     0.0002   4.275120   4.275821   0.000701    35.6456    35.6520     5.2616    26.6627    26.6676          1  0.000e+00
      59042 293.332431  -44.26542  -52.70420      0.156    1497.43     21.309     21.137    14.1137    14.1144     0.0007    14.1106    14.1113     0.0007   4.275085   4.275882   0.000797    35.6456    35.6523     5.2619    26.6628    26.6678          1  0.000e+00
      59043 293.332432  -44.26542  -52.70420      0.160    1497.43     21.296     21.123    14.1137    14.1144     0.0007    14.1106    14.1113     0.0007   4.275078   4.275827   0.000750    35.6455    35.6518     5.2620    26.6627    26.6674          1  0.000e+00
      59044 293.332432  -44.26542  -52.70420      0.164    1497.43     21.261     21.089    14.1137    14.1146     0.0009    14.1106    14.1115     0.0009   4.275134   4.275827   0.000693    35.6460    35.6517     5.2619    26.6631    26.6673          1  0.000e+00
      59045 293.332432  -44.26542  -52.70420      0.167    1497.43     21.241     21.069    14.1139    14.1141     0.0002    14.1108    14.1110     0.0002   4.275120   4.275807   0.000687    35.6458    35.6520     5.2620    26.6629    26.6676          1  0.000e+00
      59046 293.332433  -44.26542  -52.70420      0.172    1497.43     21.309     21.137    14.1137    14.1141     0.0004    14.1106    14.1110     0.0004   4.275056   4.275800   0.000744    35.6453    35.6519     5.2619    26.6625    26.6676          1  0.000e+00
      59047 293.332433  -44.26542  -52.70420      0.174    1497.43     21.296     21.123    14.1135    14.1144     0.0009    14.1104    14.1113     0.0009   4.275064   4.275827   0.000764    35.6455    35.6518     5.2621    26.6628    26.6674          1  0.000e+00
      59048 293.332434  -44.26542  -52.70420      0.181    1497.43     21.309     21.137    14.1130    14.1141     0.0010    14.1099    14.1110     0.0010   4.275021   4.275780   0.000759    35.6456    35.6517     5.2620    26.6629    26.6674          1  0.000e+00
      59049 293.332434  -44.26542  -52.70420      0.181    1497.43     21.296     21.123    14.1130    14.1137     0.0007    14.1099    14.1106     0.0007   4.274979   4.275766   0.000788    35.6452    35.6519     5.2621    26.6626    26.6676          1  0.000e+00
      59050 293.332435  -44.26542  -52.70420      0.186    1497.43     21.309     21.137    14.1127    14.1134     0.0007    14.1096    14.1103     0.0007   4.274993   4.275739   0.000746    35.6456    35.6519     5.2623    26.6630    26.6677          1  0.000e+00
      59051 293.332435  -44.26542  -52.70420      0.190    1497.43     21.344     21.171    14.1130    14.1131     0.0000    14.1099    14.1100     0.0000   4.275007   4.275753   0.000746    35.6454    35.6524     5.2656    26.6628    26.6681          1  0.000e+00
      59052 293.332436  -44.26542  -52.70420      0.193    1497.43     21.357     21.184    14.1127    14.1132     0.0006    14.1096    14.1101     0.0006   4.275007   4.275712   0.000705    35.6458    35.6518     5.2660    26.6631    26.6677          1  0.000e+00
      59053 293.332436  -44.26542  -52.70420      0.198    1497.43     21.344     21.171    14.1128    14.1134     0.0005    14.1097    14.1103     0.0005   4.275028   4.275698   0.000670    35.6458    35.6515     5.2664    26.6631    26.6674          1  0.000e+00
      59054 293.332437  -44.26542  -52.70420      0.199    1497.43     21.357     21.184    14.1130    14.1132     0.0002    14.1099    14.1101     0.0002   4.275092   4.275692   0.000600    35.6463    35.6516     5.2667    26.6634    26.6675          1  0.000e+00
      59055 293.332437  -44.26542  -52.70420      0.199    1497.43     21.344     21.171    14.1128    14.1132     0.0004    14.1097    14.1101     0.0004   4.275057   4.275719   0.000662    35.6461    35.6519     5.2671    26.6633    26.6677          1  0.000e+00
      59056 293.332438  -44.26542  -52.70420      0.205    1497.43     21.412     21.239    14.1132    14.1134     0.0002    14.1101    14.1103     0.0002   4.275042   4.275760   0.000717    35.6456    35.6521     5.2677    26.6629    26.6679          1  0.000e+00
      59057 293.332438  -44.26542  -52.70420      0.209    1497.43     21.398     21.225    14.1130    14.1132     0.0002    14.1099    14.1101     0.0002   4.275042   4.275739   0.000697    35.6457    35.6520     5.2680    26.6630    26.6679          1  0.000e+00
      59058 293.332439  -44.26542  -52.70420      0.213    1497.43     21.412     21.239    14.1130    14.1132     0.0002    14.1099    14.1101     0.0002   4.275042   4.275671   0.000629    35.6458    35.6514     5.2684    26.6631    26.6674          1  0.000e+00
      59059 293.332439  -44.26542  -52.70420      0.216    1497.43     21.398     21.225    14.1130    14.1131     0.0000    14.1099    14.1099     0.0000   4.275042   4.275658   0.000615    35.6457    35.6515     5.2689    26.6630    26.6674          1  0.000e+00
      59060 293.332440  -44.26540  -52.70420      0.214    1497.43     21.412     21.239    14.1132    14.1122    -0.0010    14.1101    14.1091    -0.0010   4.275014   4.275658   0.000644    35.6453    35.6522     5.2692    26.6627    26.6682          1  0.000e+00
      59061 293.332440  -44.26540  -52.70420      0.218    1497.43     21.446     21.273    14.1134    14.1126    -0.0008    14.1102    14.1094    -0.0008   4.275057   4.275596   0.000540    35.6455    35.6513     5.2695    26.6628    26.6675          1  0.000e+00
      59062 293.332441  -44.26540  -52.70420      0.223    1497.43     21.460     21.286    14.1134    14.1122    -0.0011    14.1102    14.1091    -0.0011   4.275021   4.275556   0.000534    35.6452    35.6513     5.2701    26.6626    26.6675          1  0.000e+00
      59063 293.332441  -44.26540  -52.70420      0.224    1497.43     21.446     21.273    14.1134    14.1120    -0.0013    14.1102    14.1089    -0.0013   4.274979   4.275569   0.000591    35.6448    35.6516     5.2704    26.6622    26.6677          1  0.000e+00
      59064 293.332442  -44.26540  -52.70420      0.224    1497.43     21.460     21.286    14.1130    14.1119    -0.0012    14.1099    14.1088    -0.0012   4.274993   4.275637   0.000644    35.6452    35.6523     5.2707    26.6626    26.6684          1  0.000e+00
      59065 293.332442  -44.26540  -52.70420      0.225    1497.43     21.446     21.273    14.1130    14.1120    -0.0010    14.1099    14.1089    -0.0010   4.275028   4.275630   0.000602    35.6456    35.6521     5.2710    26.6629    26.6682          1  0.000e+00
      59066 293.332443  -44.26540  -52.70420      0.224    1497.43     21.460     21.286    14.1130    14.1124    -0.0007    14.1099    14.1093    -0.0007   4.275014   4.275624   0.000610    35.6454    35.6517     5.2712    26.6628    26.6678          1  0.000e+00
      59067 293.332443  -44.26540  -52.70420      0.223    1497.43     21.446     21.273    14.1127    14.1124    -0.0003    14.1095    14.1093    -0.0003   4.274972   4.275671   0.000700    35.6454    35.6522     5.2715    26.6628    26.6682          1  0.000e+00
      59068 293.332444  -44.26540  -52.70420      0.229    1497.43     21.563     21.388    14.1123    14.1127     0.0004    14.1092    14.1096     0.0004   4.274943   4.275637   0.000694    35.6454    35.6515     5.2718    26.6629    26.6676          1  0.000e+00
      59069 293.332444  -44.26540  -52.70420      0.229    1497.43     21.494     21.320    14.1122    14.1127     0.0006    14.1090    14.1096     0.0006   4.274901   4.275624   0.000723    35.6452    35.6514     5.2718    26.6628    26.6675          1  0.000e+00
      59070 293.332445  -44.26540  -52.70420      0.229    1497.43     21.508     21.334    14.1120    14.1122     0.0002    14.1089    14.1091     0.0002   4.274922   4.275617   0.000695    35.6455    35.6518     5.2720    26.6631    26.6679          1  0.000e+00
      59071 293.332445  -44.26540  -52.70420      0.229    1497.43     21.494     21.320    14.1120    14.1122     0.0002    14.1089    14.1091     0.0002   4.274936   4.275590   0.000653    35.6456    35.6516     5.2719    26.6632    26.6677          1  0.000e+00
      59072 293.332446  -44.26540  -52.70420      0.231    1497.43     21.563     21.388    14.1118    14.1117    -0.0001    14.1087    14.1086    -0.0001   4.274901   4.275583   0.000682    35.6455    35.6519     5.2721    26.6631    26.6681          1  0.000e+00
      59073 293.332446  -44.26540  -52.70420      0.229    1497.43     21.494     21.320    14.1115    14.1119     0.0004    14.1084    14.1088     0.0004   4.274922   4.275603   0.000681    35.6460    35.6520     5.2720    26.6635    26.6681          1  0.000e+00
      59074 293.332446  -44.26540  -52.70420      0.231    1497.43     21.563     21.388    14.1116    14.1119     0.0002    14.1085    14.1087     0.0002   4.274873   4.275644   0.000771    35.6454    35.6523     5.2719    26.6630    26.6684          1  0.000e+00
      59075 293.332447  -44.26540  -52.70420      0.230    1497.43     21.549     21.374    14.1118    14.1126     0.0007    14.1087    14.1094     0.0007   4.274943   4.275712   0.000769    35.6459    35.6524     5.2717    26.6634    26.6683          1  0.000e+00
      59076 293.332447  -44.26540  -52.70420      0.227    1497.43     21.508     21.334    14.1120    14.1131     0.0011    14.1088    14.1099     0.0011   4.274972   4.275753   0.000781    35.6460    35.6523     5.2714    26.6635    26.6681          1  0.000e+00
      59077 293.332448  -44.26540  -52.70420      0.227    1497.43     21.597     21.422    14.1125    14.1131     0.0005    14.1094    14.1099     0.0005   4.274993   4.275685   0.000692    35.6457    35.6516     5.2712    26.6631    26.6676          1  0.000e+00
      59078 293.332448  -44.26540  -52.70420      0.224    1497.43     21.563     21.388    14.1128    14.1124    -0.0005    14.1097    14.1092    -0.0005   4.275007   4.275658   0.000651    35.6455    35.6520     5.2709    26.6629    26.6680          1  0.000e+00
      59079 293.332449  -44.26540  -52.70420      0.225    1497.43     21.597     21.422    14.1127    14.1120    -0.0006    14.1095    14.1089    -0.0006   4.275028   4.275624   0.000595    35.6459    35.6520     5.2707    26.6632    26.6681          1  0.000e+00
      59080 293.332449  -44.26540  -52.70420      0.224    1497.43     21.563     21.388    14.1130    14.1126    -0.0005    14.1099    14.1094    -0.0005   4.275035   4.275562   0.000527    35.6456    35.6510     5.2704    26.6629    26.6672          1  0.000e+00
