Pos-Processados/process_op38/operantar38_010.cnv
* Sea-Bird SBE 9 Data File:
* FileName = D:\OPERANTAR_XXXVIII\DADOS\OP38_010.hdr
* Software Version Seasave V 7.18c
* Temperature SN = 4808
* Conductivity SN = 3380
* Number of Bytes Per Scan = 31
* Number of Voltage Words = 2
* Number of Scans Averaged by the Deck Unit = 1
* NMEA Latitude = 43 58.12 S
* NMEA Longitude = 053 08.81 W
* NMEA UTC (Time) = Oct 20 2019 12:04:22
** H41
** NAVIO POLAR ALMIRANTE MAXIMIANO
** CRUZEIRO:
** OPERANTAR XXXVIII
** ESTAÇÃO: OP38_010
** LAT 43 58,10'S
** LONG 053 08,81'W
** 09P73767-1155
** PROFUNDIDADE: 5740
** DATA/HORA: 201205Z/OUT/19
** OPERADOR: SO-HN CHAVES
# nquan = 32
# nvalues = 2114                        
# units = specified
# name 0 = scan: Scan Count
# name 1 = timeJ: Julian Days
# name 2 = latitude: Latitude [deg]
# name 3 = longitude: Longitude [deg]
# name 4 = dz/dtM: Descent Rate [m/s]
# name 5 = avgsvCM: Average Sound Velocity [Chen-Millero, m/s]
# name 6 = prDM: Pressure, Digiquartz [db]
# name 7 = depSM: Depth [salt water, m]
# name 8 = t090C: Temperature [ITS-90, deg C]
# name 9 = t190C: Temperature, 2 [ITS-90, deg C]
# name 10 = T2-T190C: Temperature Difference, 2 - 1 [ITS-90, deg C]
# name 11 = potemp090C: Potential Temperature [ITS-90, deg C]
# name 12 = potemp190C: Potential Temperature, 2 [ITS-90, deg C]
# name 13 = potemp90Cdiff: Potential Temperature, Diff, 2 - 1 [ITS-90, deg C]
# name 14 = c0S/m: Conductivity [S/m]
# name 15 = c1S/m: Conductivity, 2 [S/m]
# name 16 = C2-C1S/m: Conductivity Difference, 2 - 1 [S/m]
# name 17 = sal00: Salinity, Practical [PSU]
# name 18 = sal11: Salinity, Practical, 2 [PSU]
# name 19 = sbeox0ML/L: Oxygen, SBE 43 [ml/l]
# name 20 = sbeox1ML/L: Oxygen, SBE 43, 2 [ml/l]
# name 21 = sbeox0ML/Ldiff: Oxygen, SBE 43, Diff, 2 - 1 [ml/l]
# name 22 = sigma-é00: Density [sigma-theta, kg/m^3]
# name 23 = sigma-é11: Density, 2 [sigma-theta, kg/m^3]
# name 24 = sal00: Salinity, Practical [PSU]
# name 25 = sigma-é00: Density [sigma-theta, kg/m^3]
# name 26 = svCM: Sound Velocity [Chen-Millero, m/s]
# name 27 = svCM1: Sound Velocity, 2 [Chen-Millero, m/s]
# name 28 = gsw_ptA0: potential temperature [ITS-90, deg C]
# name 29 = gsw_densityA0: density, TEOS-10 [density, kg/m^3]
# name 30 = gsw_saA0: Absolute Salinity [g/kg]
# name 31 = flag:
# span 0 =       2352,      69201       
# span 1 = 293.504166, 293.536404       
# span 2 =  -43.98455,  -43.96866       
# span 3 =  -53.14692,  -53.14225       
# span 4 =     -1.437,      1.453       
# span 5 =       0.00,    1508.42       
# span 6 =      2.000,   1059.000       
# span 7 =      2.030,   1047.827       
# span 8 =     3.7707,    14.2396       
# span 9 =     3.7720,    14.2437       
# span 10 =    -0.0510,     0.0271      
# span 11 =     3.6925,    14.2391      
# span 12 =     3.6937,    14.2432      
# span 13 =    -0.0508,     0.0269      
# span 14 =   3.216257,   4.299378      
# span 15 =   3.216731,   4.300119      
# span 16 =  -0.004643,   0.002914      
# span 17 =    34.1926,    35.6751      
# span 18 =    34.1978,    35.6808      
# span 19 =     4.8076,     5.8359      
# span 20 =     4.5977,     5.5663      
# span 21 =    -0.3055,    -0.1587      
# span 22 =    26.6565,    27.1971      
# span 23 =    26.6597,    27.2003      
# span 24 =    34.1902,    35.6743      
# span 25 =    26.6567,    27.1968      
# span 26 =    1481.80,    1511.03      
# span 27 =    1481.82,    1511.04      
# span 28 =     3.6923,    14.2391      
# span 29 =  1026.6710,  1032.0808      
# span 30 =    34.3548,    35.8431      
# span 31 = 0.0000e+00, 0.0000e+00      
# interval = decibars: 1                
# start_time = Oct 20 2019 12:04:22 [NMEA time, header]
# bad_flag = -9.990e-29
*END*
[from data line 1542]
      46635 293.525522  -43.97738  -53.14434     -1.130    1496.44    573.000    567.617     9.0402     9.0122    -0.0280     8.9768     8.9489    -0.0279   3.709938   3.707569  -0.002359    34.6328    34.6353     4.8656     4.6749    -0.1906    26.8343    26.8407    34.6441    26.8432    1495.35    1495.25     8.9766  1029.4260    34.8092 0.0000e+00
      46654 293.525531  -43.97739  -53.14434     -1.206    1496.44    572.000    566.627     9.0716     9.0584    -0.0131     9.0081     8.9950    -0.0131   3.713044   3.712349  -0.000760    34.6368    34.6416     4.8542     4.6728    -0.1814    26.8324    26.8383    34.6465    26.8400    1495.45    1495.41     9.0080  1029.4180    34.8116 0.0000e+00
      46674 293.525540  -43.97740  -53.14434     -1.259    1496.44    571.000    565.638     9.0923     9.0789    -0.0134     9.0288     9.0155    -0.0133   3.715081   3.714348  -0.000807    34.6396    34.6442     4.8540     4.6726    -0.1814    26.8312    26.8370    34.6481    26.8379    1495.51    1495.47     9.0287  1029.4111    34.8132 0.0000e+00
      46695 293.525551  -43.97740  -53.14434     -1.213    1496.44    570.000    564.649     9.1004     9.0950    -0.0054     9.0371     9.0316    -0.0054   3.715883   3.715935  -0.000028    34.6414    34.6463     4.8601     4.6714    -0.1887    26.8313    26.8361    34.6490    26.8373    1495.53    1495.52     9.0369  1029.4060    34.8141 0.0000e+00
      46720 293.525563  -43.97740  -53.14434     -1.053    1496.44    569.000    563.660     9.1127     9.1092    -0.0035     9.0494     9.0459    -0.0035   3.717120   3.717355   0.000199    34.6438    34.6492     4.8543     4.6637    -0.1906    26.8313    26.8361    34.6504    26.8365    1495.56    1495.55     9.0493  1029.4005    34.8155 0.0000e+00
      46747 293.525576  -43.97741  -53.14434     -0.893    1496.44    568.000    562.670     9.1259     9.1215    -0.0044     9.0626     9.0582    -0.0044   3.718829   3.718817   0.000005    34.6476    34.6519     4.8349     4.6571    -0.1778    26.8321    26.8362    34.6559    26.8386    1495.60    1495.59     9.0625  1029.3980    34.8211 0.0000e+00
      46774 293.525589  -43.97742  -53.14434     -0.864    1496.44    567.000    561.681     9.1737     9.1671    -0.0066     9.1103     9.1037    -0.0066   3.724031   3.723848  -0.000146    34.6545    34.6594     4.8236     4.6484    -0.1752    26.8299    26.8348    34.6642    26.8374    1495.77    1495.75     9.1102  1029.3917    34.8293 0.0000e+00
      46798 293.525601  -43.97743  -53.14434     -0.944    1496.44    566.000    560.692     9.2276     9.2082    -0.0194     9.1641     9.1448    -0.0193   3.729860   3.728218  -0.001553    34.6629    34.6655     4.8250     4.6444    -0.1806    26.8277    26.8329    34.6729    26.8356    1495.96    1495.89     9.1640  1029.3847    34.8381 0.0000e+00
      46819 293.525610  -43.97744  -53.14434     -1.076    1496.44    565.000    559.702     9.2525     9.2336    -0.0189     9.1890     9.1702    -0.0188   3.732293   3.731069  -0.001348    34.6663    34.6705     4.8369     4.6379    -0.1991    26.8263    26.8327    34.6746    26.8328    1496.04    1495.97     9.1889  1029.3771    34.8398 0.0000e+00
      46837 293.525619  -43.97744  -53.14434     -1.214    1496.44    564.000    558.713     9.2663     9.2615    -0.0049     9.2029     9.1981    -0.0048   3.733724   3.733884   0.000075    34.6691    34.6745     4.8371     4.6304    -0.2066    26.8262    26.8313    34.6764    26.8320    1496.07    1496.06     9.2028  1029.3717    34.8416 0.0000e+00
      46855 293.525628  -43.97744  -53.14434     -1.297    1496.44    563.000    557.724     9.2784     9.2758    -0.0026     9.2150     9.2125    -0.0026   3.735064   3.735268   0.000254    34.6717    34.6768     4.8288     4.6390    -0.1898    26.8263    26.8307    34.6791    26.8322    1496.10    1496.10     9.2150  1029.3672    34.8443 0.0000e+00
      46875 293.525638  -43.97746  -53.14434     -1.276    1496.44    562.000    556.735     9.2872     9.2837    -0.0035     9.2239     9.2204    -0.0035   3.735829   3.736092   0.000207    34.6730    34.6785     4.8227     4.6468    -0.1758    26.8259    26.8308    34.6790    26.8306    1496.12    1496.11     9.2239  1029.3611    34.8442 0.0000e+00
      46898 293.525648  -43.97746  -53.14432     -1.156    1496.44    561.000    555.745     9.2942     9.2911    -0.0031     9.2310     9.2279    -0.0031   3.736652   3.736777   0.000182    34.6749    34.6797     4.8220     4.6448    -0.1772    26.8263    26.8305    34.6812    26.8312    1496.13    1496.12     9.2309  1029.3571    34.8465 0.0000e+00
      46924 293.525661  -43.97746  -53.14432     -0.977    1496.44    560.000    554.756     9.3348     9.3296    -0.0052     9.2715     9.2664    -0.0051   3.741350   3.741489   0.000035    34.6825    34.6878     4.8240     4.6365    -0.1875    26.8256    26.8306    34.6911    26.8323    1496.28    1496.26     9.2715  1029.3532    34.8563 0.0000e+00
      46951 293.525674  -43.97748  -53.14432     -0.888    1496.44    559.000    553.767     9.3669     9.3588    -0.0081     9.3037     9.2956    -0.0080   3.744712   3.744186  -0.000368    34.6871    34.6911     4.8237     4.6350    -0.1887    26.8240    26.8284    34.6952    26.8303    1496.38    1496.36     9.3036  1029.3463    34.8605 0.0000e+00
      46974 293.525685  -43.97748  -53.14432     -0.952    1496.44    558.000    552.777     9.4392     9.4078    -0.0314     9.3758     9.3445    -0.0313   3.753722   3.750885  -0.002620    34.7017    34.7049     4.8160     4.6283    -0.1878    26.8236    26.8313    34.7190    26.8371    1496.66    1496.55     9.3757  1029.3477    34.8843 0.0000e+00
      46995 293.525695  -43.97748  -53.14432     -1.081    1496.44    557.000    551.788     9.5413     9.5098    -0.0315     9.4776     9.4462    -0.0314   3.764514   3.761495  -0.002682    34.7152    34.7180     4.8076     4.6148    -0.1928    26.8173    26.8247    34.7322    26.8307    1497.03    1496.91     9.4774  1029.3355    34.8977 0.0000e+00
      47014 293.525705  -43.97749  -53.14432     -1.190    1496.44    556.000    550.799     9.5939     9.5730    -0.0208     9.5300     9.5093    -0.0208   3.769248   3.768566  -0.001304    34.7198    34.7265     4.8185     4.6204    -0.1981    26.8123    26.8209    34.7307    26.8208    1497.20    1497.14     9.5300  1029.3205    34.8961 0.0000e+00
      47035 293.525715  -43.97750  -53.14432     -1.211    1496.44    555.000    549.809     9.6226     9.6079    -0.0147     9.5587     9.5441    -0.0146   3.772586   3.771414  -0.001114    34.7260    34.7287     4.8321     4.6346    -0.1975    26.8124    26.8169    34.7378    26.8216    1497.30    1497.25     9.5587  1029.3166    34.9033 0.0000e+00
      47058 293.525726  -43.97751  -53.14432     -1.113    1496.44    554.000    548.820     9.6597     9.6496    -0.0101     9.5958     9.5858    -0.0100   3.777232   3.776272  -0.000661    34.7341    34.7370     4.8391     4.6425    -0.1966    26.8125    26.8164    34.7503    26.8251    1497.43    1497.40     9.5957  1029.3151    34.9158 0.0000e+00
      47084 293.525738  -43.97752  -53.14432     -0.969    1496.44    553.000    547.831     9.7559     9.7377    -0.0182     9.6917     9.6737    -0.0181   3.787334   3.786395  -0.001270    34.7487    34.7531     4.8402     4.6491    -0.1911    26.8079    26.8144    34.7617    26.8181    1497.78    1497.72     9.6917  1029.3024    34.9273 0.0000e+00
      47109 293.525751  -43.97752  -53.14431     -0.923    1496.44    552.000    546.842     9.7926     9.7859    -0.0067     9.7284     9.7218    -0.0067   3.791550   3.791302  -0.000133    34.7565    34.7616     4.8522     4.6617    -0.1905    26.8078    26.8129    34.7701    26.8184    1497.90    1497.89     9.7283  1029.2980    34.9359 0.0000e+00
      47134 293.525762  -43.97753 -9.990e-29     -0.964    1496.44    551.000    545.852     9.8211     9.8153    -0.0059     9.7570     9.7511    -0.0058   3.794389   3.794410  -0.000014    34.7613    34.7668     4.8620     4.6778    -0.1842    26.8068    26.8120    34.7721    26.8152    1497.99    1497.98     9.7568  1029.2900    34.9379 0.0000e+00
      47156 293.525773  -43.97754 -9.990e-29     -1.024    1496.44    550.000    544.863     9.8483     9.8384    -0.0099     9.7842     9.7743    -0.0099   3.797480   3.797022  -0.000470    34.7674    34.7721     4.8755     4.6875    -0.1880    26.8070    26.8123    34.7781    26.8153    1498.08    1498.05     9.7840  1029.2853    34.9439 0.0000e+00
      47179 293.525784  -43.97754 -9.990e-29     -1.064    1496.44    549.000    543.873     9.8763     9.8564    -0.0199     9.8121     9.7923    -0.0198   3.801075   3.799237  -0.001719    34.7746    34.7761     4.8840     4.6900    -0.1940    26.8079    26.8124    34.7884    26.8186    1498.18    1498.11     9.8120  1029.2838    34.9543 0.0000e+00
      47202 293.525795  -43.97755  -53.14430     -1.047    1496.44    548.000    542.884     9.9799     9.9288    -0.0510     9.9154     9.8645    -0.0508   3.813176   3.808704  -0.004643    34.7935    34.7951     4.8843     4.6914    -0.1929    26.8051    26.8150    34.8129    26.8203    1498.57    1498.39     9.9153  1029.2796    34.9787 0.0000e+00
      47227 293.525807  -43.97756  -53.14430     -0.998    1496.44    547.000    541.895    10.0794    10.0646    -0.0148    10.0147     9.9999    -0.0147   3.823771   3.822416  -0.001092    34.8088    34.8118     4.8982     4.6943    -0.2039    26.8001    26.8051    34.8257    26.8133    1498.92    1498.87    10.0146  1029.2670    34.9915 0.0000e+00
      47253 293.525820  -43.97756  -53.14430     -0.954    1496.44    546.000    540.905    10.1341    10.1092    -0.0249    10.0693    10.0444    -0.0248   3.829863   3.827502  -0.002180    34.8196    34.8213     4.9326     4.7234    -0.2091    26.7992    26.8048    34.8356    26.8117    1499.12    1499.03    10.0692  1029.2603    35.0015 0.0000e+00
      47280 293.525833  -43.97757  -53.14430     -0.895    1496.44    545.000    539.916    10.2030    10.1674    -0.0356    10.1380    10.1025    -0.0355   3.837768   3.834486  -0.003343    34.8336    34.8338     4.9689     4.7487    -0.2202    26.7984    26.8046    34.8503    26.8114    1499.36    1499.24    10.1379  1029.2546    35.0163 0.0000e+00
      47306 293.525846  -43.97758  -53.14430     -0.881    1496.44    544.000    538.926    10.3169    10.2836    -0.0332    10.2515    10.2184    -0.0331   3.851426   3.848208  -0.003119    34.8559    34.8561     4.9919     4.7715    -0.2203    26.7961    26.8020    34.8801    26.8150    1499.79    1499.67    10.2514  1029.2524    35.0462 0.0000e+00
      47329 293.525856  -43.97758  -53.14430     -0.983    1496.44    543.000    537.937    10.4220    10.3762    -0.0459    10.3564    10.3107    -0.0457   3.862363   3.858015  -0.004406    34.8709    34.8702     5.0131     4.7963    -0.2168    26.7895    26.7970    34.8905    26.8048    1500.16    1500.00    10.3563  1029.2366    35.0566 0.0000e+00
      47349 293.525866  -43.97759  -53.14430     -1.116    1496.44    542.000    536.948    10.4706    10.4475    -0.0231    10.4049    10.3819    -0.0230   3.867370   3.865557  -0.001872    34.8784    34.8815     5.0427     4.8212    -0.2215    26.7869    26.7934    34.8950    26.7999    1500.32    1500.25    10.4048  1029.2266    35.0612 0.0000e+00
      47369 293.525876  -43.97760  -53.14430     -1.186    1496.44    541.000    535.958    10.5031    10.4846    -0.0185    10.4374    10.4189    -0.0184   3.871106   3.869717  -0.001474    34.8857    34.8885     5.0775     4.8461    -0.2313    26.7869    26.7924    34.9021    26.7997    1500.43    1500.37    10.4373  1029.2216    35.0683 0.0000e+00
      47393 293.525888  -43.97761  -53.14430     -1.095    1496.44    540.000    534.969    10.5389    10.5235    -0.0154    10.4732    10.4578    -0.0154   3.875086   3.873911  -0.001187    34.8928    34.8956     5.1110     4.8805    -0.2305    26.7862    26.7910    34.9084    26.7983    1500.55    1500.50    10.4731  1029.2154    35.0746 0.0000e+00
      47424 293.525902  -43.97762  -53.14430     -0.850    1496.44    539.000    533.980    10.5855    10.5739    -0.0116    10.5196    10.5081    -0.0116   3.880147   3.879452  -0.000783    34.9018    34.9051     5.1333     4.9121    -0.2212    26.7850    26.7896    34.9154    26.7956    1500.71    1500.67    10.5196  1029.2076    35.0816 0.0000e+00
      47457 293.525918  -43.97762  -53.14430     -0.724    1496.44    538.000    532.990    10.6331    10.6165    -0.0166    10.5672    10.5507    -0.0165   3.886125   3.884428  -0.001513    34.9144    34.9151     5.1375     4.9377    -0.1999    26.7865    26.7899    34.9304    26.7989    1500.88    1500.82    10.5671  1029.2059    35.0968 0.0000e+00
      47486 293.525932  -43.97764  -53.14429     -0.786    1496.44    537.000    532.001    10.7226    10.7057    -0.0169    10.6564    10.6396    -0.0168   3.896296   3.895349  -0.001030    34.9298    34.9356     5.1373     4.9317    -0.2056    26.7826    26.7901    34.9477    26.7965    1501.20    1501.14    10.6564  1029.1980    35.1141 0.0000e+00
      47511 293.525944  -43.97764  -53.14428     -0.899    1496.44    536.000    531.011    10.8131    10.7963    -0.0168    10.7468    10.7300    -0.0168   3.906489   3.905446  -0.001182    34.9467    34.9509     5.1434     4.9395    -0.2039    26.7797    26.7859    34.9639    26.7931    1501.52    1501.47    10.7467  1029.1891    35.1304 0.0000e+00
      47533 293.525955  -43.97764  -53.14428     -1.014    1496.44    535.000    530.022    10.8535    10.8462    -0.0073    10.7871    10.7798    -0.0073   3.910478   3.910460  -0.000125    34.9525    34.9581     5.1654     4.9574    -0.2080    26.7769    26.7827    34.9659    26.7874    1501.65    1501.63    10.7870  1029.1785    35.1323 0.0000e+00
      47555 293.525966  -43.97766  -53.14428     -1.088    1496.44    534.000    529.033    10.8699    10.8675    -0.0023    10.8035    10.8012    -0.0023   3.912163   3.912577   0.000386    34.9556    34.9617     5.1928     4.9725    -0.2203    26.7764    26.7816    34.9675    26.7857    1501.69    1501.69    10.8035  1029.1722    35.1340 0.0000e+00
      47577 293.525976  -43.97766  -53.14428     -1.106    1496.44    533.000    528.043    10.8782    10.8776    -0.0007    10.8120    10.8113    -0.0007   3.912984   3.913533   0.000528    34.9582    34.9641     5.2044     4.9879    -0.2165    26.7769    26.7816    34.9682    26.7847    1501.70    1501.71    10.8120  1029.1667    35.1347 0.0000e+00
      47600 293.525987  -43.97766  -53.14428     -1.078    1496.44    532.000    527.054    10.8942    10.8864    -0.0077    10.8280    10.8203    -0.0077   3.915013   3.914662  -0.000298    34.9629    34.9672     5.1990     4.9988    -0.2002    26.7777    26.7825    34.9738    26.7862    1501.75    1501.73    10.8280  1029.1635    35.1403 0.0000e+00
      47625 293.525999  -43.97768  -53.14428     -1.007    1496.44    531.000    526.065    10.9161    10.9068    -0.0094    10.8500    10.8407    -0.0093   3.917416   3.917063  -0.000398    34.9673    34.9723     5.1912     4.9957    -0.1955    26.7772    26.7827    34.9773    26.7850    1501.82    1501.79    10.8499  1029.1576    35.1438 0.0000e+00
      47653 293.526013  -43.97769  -53.14428     -0.885    1496.44    530.000    525.075    10.9492    10.9426    -0.0066    10.8831    10.8765    -0.0066   3.921291   3.921131  -0.000155    34.9749    34.9796     5.1987     4.9989    -0.1998    26.7771    26.7820    34.9849    26.7850    1501.92    1501.91    10.8830  1029.1528    35.1515 0.0000e+00
