Pos-Processados/process_op38/operantar38_005.ros
* Sea-Bird SBE 9 Data File:
* FileName = D:\OPERANTAR_XXXVIII\DADOS\OP38_005.hdr
* Software Version Seasave V 7.18c
* Temperature SN = 4808
* Conductivity SN = 3380
* Number of Bytes Per Scan = 31
* Number of Voltage Words = 2
* Number of Scans Averaged by the Deck Unit = 1
* NMEA Latitude = 45 12.86 S
* NMEA Longitude = 051 09.01 W
* NMEA UTC (Time) = Oct 19 2019 13:59:02
** H41
** NAVIO POLAR ALMIRANTE MAXIMIANO
** CRUZEIRO:
** OPERANTAR XXXVIII
** ESTAÇÃO: OP38_005
** LAT 045º 12,86' S
** LONG 051º 09,03' W
** 09P73767-1155
** PROFUNDIDADE: 5853
** DATA/HORA: 191400Z/OUT/2019
** OPERADOR: SO-HN CHAVES
# nquan = 26
# nvalues = 4255                                  
# units = specified
# name 0 = scan: Scan Count
# name 1 = timeJ: Julian Days
# name 2 = latitude: Latitude [deg]
# name 3 = longitude: Longitude [deg]
# name 4 = dz/dtM: Descent Rate [m/s]
# name 5 = avgsvCM: Average Sound Velocity [Chen-Millero, m/s]
# name 6 = prDM: Pressure, Digiquartz [db]
# name 7 = depSM: Depth [salt water, m]
# name 8 = t090C: Temperature [ITS-90, deg C]
# name 9 = t190C: Temperature, 2 [ITS-90, deg C]
# name 10 = T2-T190C: Temperature Difference, 2 - 1 [ITS-90, deg C]
# name 11 = potemp090C: Potential Temperature [ITS-90, deg C]
# name 12 = potemp190C: Potential Temperature, 2 [ITS-90, deg C]
# name 13 = potemp90Cdiff: Potential Temperature, Diff, 2 - 1 [ITS-90, deg C]
# name 14 = c0S/m: Conductivity [S/m]
# name 15 = c1S/m: Conductivity, 2 [S/m]
# name 16 = C2-C1S/m: Conductivity Difference, 2 - 1 [S/m]
# name 17 = sal00: Salinity, Practical [PSU]
# name 18 = sal11: Salinity, Practical, 2 [PSU]
# name 19 = sbeox0ML/L: Oxygen, SBE 43 [ml/l]
# name 20 = sbeox1ML/L: Oxygen, SBE 43, 2 [ml/l]
# name 21 = sbeox0ML/Ldiff: Oxygen, SBE 43, Diff, 2 - 1 [ml/l]
# name 22 = sigma-é00: Density [sigma-theta, kg/m^3]
# name 23 = sigma-é11: Density, 2 [sigma-theta, kg/m^3]
# name 24 = nbf: Bottles Fired
# name 25 = flag:  0.000e+00
# interval = seconds: 0.0416667
# start_time = Oct 19 2019 13:59:02 [NMEA time, header]
# bad_flag = -9.990e-29
*END*
[from data line 1004]
      64797 292.613910  -45.21438  -51.15018     -0.139    1476.21     29.541     29.298    10.2693    10.2703     0.0010    10.2659    10.2669     0.0010   3.817230   3.817962   0.000732    34.8107    34.8172     6.1417     5.8904    -0.2513    26.7583    26.7632          6  0.000e+00
      64798 292.613911  -45.21438  -51.15018     -0.140    1476.21     29.602     29.359    10.2694    10.2697     0.0003    10.2659    10.2662     0.0003   3.817264   3.817897   0.000634    34.8109    34.8171     6.1418     5.8947    -0.2471    26.7585    26.7633          6  0.000e+00
      64799 292.613911  -45.21438  -51.15018     -0.137    1476.21     29.548     29.305    10.2700    10.2698    -0.0001    10.2665    10.2664    -0.0001   3.817277   3.817884   0.000607    34.8105    34.8168     6.1453     5.8913    -0.2540    26.7581    26.7630          6  0.000e+00
      64800 292.613912  -45.21438  -51.15018     -0.137    1476.21     29.541     29.298    10.2700    10.2689    -0.0012    10.2666    10.2654    -0.0012   3.817324   3.817884   0.000560    34.8110    34.8178     6.1423     5.8915    -0.2508    26.7584    26.7639          6  0.000e+00
      64801 292.613912  -45.21438  -51.15018     -0.139    1476.21     29.548     29.305    10.2703    10.2693    -0.0010    10.2669    10.2659    -0.0010   3.817304   3.817858   0.000554    34.8105    34.8171     6.1422     5.8917    -0.2505    26.7580    26.7633          6  0.000e+00
      64802 292.613913  -45.21438  -51.15018     -0.140    1476.21     29.548     29.305    10.2705    10.2689    -0.0017    10.2671    10.2654    -0.0017   3.817331   3.817852   0.000520    34.8106    34.8175     6.1421     5.8914    -0.2507    26.7580    26.7637          6  0.000e+00
      64803 292.613913  -45.21438  -51.15018     -0.138    1476.21     29.541     29.298    10.2702    10.2689    -0.0013    10.2667    10.2654    -0.0013   3.817345   3.817871   0.000526    34.8110    34.8177     6.1420     5.8916    -0.2504    26.7585    26.7638          6  0.000e+00
      64804 292.613913  -45.21438  -51.15018     -0.138    1476.21     29.548     29.305    10.2702    10.2690    -0.0012    10.2667    10.2656    -0.0012   3.817331   3.817832   0.000501    34.8109    34.8171     6.1419     5.8919    -0.2500    26.7583    26.7634          6  0.000e+00
      64805 292.613914  -45.21438  -51.15018     -0.137    1476.21     29.548     29.305    10.2700    10.2692    -0.0008    10.2666    10.2657    -0.0008   3.817311   3.817858   0.000547    34.8108    34.8172     6.1417     5.8916    -0.2502    26.7583    26.7634          6  0.000e+00
      64806 292.613914  -45.21438  -51.15018     -0.136    1476.21     29.541     29.298    10.2697    10.2693    -0.0004    10.2662    10.2659    -0.0004   3.817257   3.817852   0.000595    34.8106    34.8170     6.1416     5.8913    -0.2503    26.7582    26.7632          6  0.000e+00
      64807 292.613915  -45.21438  -51.15018     -0.134    1476.21     29.548     29.305    10.2695    10.2690    -0.0005    10.2661    10.2656    -0.0005   3.817257   3.817871   0.000614    34.8108    34.8175     6.1414     5.8916    -0.2498    26.7583    26.7637          6  0.000e+00
      64808 292.613915  -45.21438  -51.15018     -0.131    1476.21     29.548     29.305    10.2698    10.2694    -0.0005    10.2664    10.2659    -0.0005   3.817324   3.817904   0.000579    34.8112    34.8175     6.1374     5.8912    -0.2462    26.7586    26.7636          6  0.000e+00
      64809 292.613916  -45.21438  -51.15018     -0.134    1476.21     29.493     29.251    10.2695    10.2693    -0.0002    10.2661    10.2659    -0.0002   3.817291   3.817936   0.000645    34.8111    34.8179     6.1368     5.8909    -0.2459    26.7586    26.7639          6  0.000e+00
      64810 292.613916  -45.21438  -51.15018     -0.130    1476.21     29.548     29.305    10.2699    10.2697    -0.0002    10.2664    10.2662    -0.0002   3.817264   3.817897   0.000634    34.8105    34.8171     6.1362     5.8912    -0.2449    26.7581    26.7633          6  0.000e+00
      64811 292.613917  -45.21438  -51.15018     -0.125    1476.21     29.548     29.305    10.2697    10.2697    -0.0000    10.2662    10.2662    -0.0000   3.817270   3.817904   0.000633    34.8107    34.8172     6.1356     5.8910    -0.2446    26.7583    26.7633          6  0.000e+00
      64812 292.613917  -45.21438  -51.15018     -0.124    1476.21     29.541     29.298    10.2694    10.2698     0.0004    10.2659    10.2664     0.0004   3.817250   3.817917   0.000667    34.8108    34.8172     6.1349     5.8907    -0.2442    26.7584    26.7633          6  0.000e+00
      64813 292.613918  -45.21438  -51.15018     -0.121    1476.21     29.548     29.305    10.2695    10.2700     0.0005    10.2660    10.2666     0.0005   3.817291   3.817917   0.000626    34.8111    34.8170     6.1342     5.8905    -0.2437    26.7587    26.7631          6  0.000e+00
      64814 292.613918  -45.21438  -51.15018     -0.121    1476.21     29.500     29.258    10.2697    10.2700     0.0003    10.2662    10.2666     0.0003   3.817250   3.817930   0.000680    34.8106    34.8172     6.1335     5.8902    -0.2433    26.7582    26.7633          6  0.000e+00
      64815 292.613919  -45.21438  -51.15018     -0.117    1476.21     29.541     29.298    10.2693    10.2698     0.0005    10.2659    10.2664     0.0005   3.817291   3.817917   0.000626    34.8113    34.8172     6.1328     5.8900    -0.2428    26.7588    26.7633          6  0.000e+00
      64816 292.613919  -45.21438  -51.15018     -0.110    1476.21     29.548     29.305    10.2699    10.2700     0.0001    10.2664    10.2666     0.0001   3.817358   3.817891   0.000532    34.8115    34.8167     6.1320     5.8898    -0.2422    26.7588    26.7629          6  0.000e+00
      64817 292.613920  -45.21438  -51.15018     -0.111    1476.21     29.500     29.258    10.2707    10.2692    -0.0015    10.2673    10.2657    -0.0015   3.817493   3.817884   0.000391    34.8121    34.8175     6.1311     5.8901    -0.2410    26.7591    26.7637          6  0.000e+00
      64818 292.613920  -45.21438  -51.15018     -0.103    1476.21     29.589     29.346    10.2721    10.2694    -0.0028    10.2687    10.2659    -0.0028   3.817764   3.817904   0.000140    34.8134    34.8175     6.1302     5.8900    -0.2402    26.7600    26.7636          6  0.000e+00
      64819 292.613921  -45.21438  -51.15018     -0.101    1476.21     29.500     29.258    10.2758    10.2693    -0.0065    10.2724    10.2659    -0.0065   3.818149   3.817936  -0.000213    34.8138    34.8179     6.1292     5.8857    -0.2435    26.7597    26.7639          6  0.000e+00
      64820 292.613921  -45.21438  -51.15018     -0.095    1476.21     29.603     29.360    10.2791    10.2692    -0.0100    10.2757    10.2657    -0.0100   3.818433   3.817897  -0.000536    34.8135    34.8176     6.1280     5.8856    -0.2424    26.7588    26.7637          6  0.000e+00
      64821 292.613922  -45.21438  -51.15018     -0.088    1476.21     29.541     29.298    10.2811    10.2694    -0.0117    10.2776    10.2659    -0.0117   3.818508   3.817962  -0.000546    34.8124    34.8181     6.1270     5.8889    -0.2381    26.7576    26.7641          6  0.000e+00
      64822 292.613922  -45.21438  -51.15018     -0.085    1476.21     29.548     29.305    10.2824    10.2720    -0.0104    10.2790    10.2685    -0.0104   3.818562   3.818339  -0.000223    34.8117    34.8194     6.1264     5.8843    -0.2421    26.7568    26.7647          6  0.000e+00
      64823 292.613923  -45.21438  -51.15018     -0.080    1476.21     29.548     29.305    10.2828    10.2761    -0.0067    10.2793    10.2727    -0.0067   3.818596   3.818813   0.000217    34.8116    34.8202     6.1259     5.8836    -0.2423    26.7567    26.7646          6  0.000e+00
      64824 292.613923  -45.21438  -51.15018     -0.073    1476.21     29.589     29.346    10.2832    10.2796    -0.0036    10.2798    10.2761    -0.0036   3.818609   3.819053   0.000444    34.8113    34.8193     6.1254     5.8831    -0.2423    26.7564    26.7633          6  0.000e+00
      64825 292.613924  -45.21438  -51.15018     -0.069    1476.21     29.548     29.305    10.2838    10.2811    -0.0027    10.2803    10.2776    -0.0027   3.818636   3.819138   0.000501    34.8111    34.8188     6.1249     5.8824    -0.2425    26.7561    26.7626          6  0.000e+00
      64826 292.613924  -45.21438  -51.15018     -0.063    1476.21     29.603     29.360    10.2837    10.2821    -0.0016    10.2803    10.2786    -0.0016   3.818609   3.819183   0.000574    34.8108    34.8182     6.1245     5.8817    -0.2428    26.7560    26.7620          6  0.000e+00
      64827 292.613925  -45.21438  -51.15018     -0.058    1476.21     29.541     29.298    10.2836    10.2826    -0.0010    10.2801    10.2791    -0.0010   3.818609   3.819196   0.000587    34.8110    34.8180     6.1241     5.8811    -0.2429    26.7561    26.7617          6  0.000e+00
      64828 292.613925  -45.21438  -51.15018     -0.052    1476.21     29.603     29.360    10.2836    10.2814    -0.0022    10.2802    10.2780    -0.0022   3.818616   3.819118   0.000502    34.8110    34.8182     6.1237     5.8808    -0.2428    26.7561    26.7621          6  0.000e+00
      64829 292.613926  -45.21438  -51.15018     -0.043    1476.21     29.603     29.360    10.2837    10.2817    -0.0020    10.2803    10.2783    -0.0020   3.818555   3.819112   0.000557    34.8103    34.8179     6.1232     5.8803    -0.2429    26.7555    26.7618          6  0.000e+00
      64830 292.613926  -45.21438  -51.15018     -0.034    1476.21     29.644     29.400    10.2821    10.2806    -0.0015    10.2786    10.2771    -0.0015   3.818373   3.818858   0.000486    34.8100    34.8164     6.1234     5.8807    -0.2428    26.7556    26.7608          6  0.000e+00
      64831 292.613927  -45.21438  -51.15018     -0.029    1476.21     29.548     29.305    10.2813    10.2780    -0.0033    10.2778    10.2745    -0.0033   3.818318   3.818534   0.000215    34.8103    34.8156     6.1231     5.8811    -0.2420    26.7559    26.7607          6  0.000e+00
      64832 292.613927  -45.21438  -51.15018     -0.019    1476.21     29.651     29.407    10.2813    10.2758    -0.0055    10.2778    10.2723    -0.0055   3.818332   3.818456   0.000124    34.8104    34.8169     6.1231     5.8811    -0.2420    26.7560    26.7620          6  0.000e+00
      64833 292.613927  -45.21438  -51.15018     -0.013    1476.21     29.589     29.346    10.2800    10.2761    -0.0038    10.2765    10.2727    -0.0038   3.818217   3.818651   0.000434    34.8105    34.8186     6.1232     5.8806    -0.2426    26.7563    26.7633          6  0.000e+00
      64834 292.613928  -45.21438  -51.15018     -0.004    1476.21     29.651     29.407    10.2796    10.2780    -0.0016    10.2762    10.2745    -0.0016   3.818231   3.818897   0.000667    34.8109    34.8193     6.1232     5.8805    -0.2427    26.7567    26.7635          6  0.000e+00
      64835 292.613928  -45.21438  -51.15018      0.000    1476.21     29.603     29.360    10.2804    10.2791    -0.0014    10.2770    10.2756    -0.0014   3.818359   3.818878   0.000519    34.8115    34.8180     6.1230     5.8801    -0.2429    26.7570    26.7624          6  0.000e+00
      64836 292.613929  -45.21438  -51.15018      0.013    1476.21     29.692     29.448    10.2800    10.2789    -0.0010    10.2765    10.2755    -0.0010   3.818210   3.818806   0.000596    34.8104    34.8174     6.1268     5.8800    -0.2469    26.7562    26.7619          6  0.000e+00
      64837 292.613929  -45.21438  -51.15018      0.018    1476.21     29.651     29.407    10.2776    10.2783     0.0007    10.2741    10.2748     0.0007   3.817919   3.818735   0.000816    34.8097    34.8173     6.1239     5.8758    -0.2481    26.7561    26.7620          6  0.000e+00
      64838 292.613930  -45.21438  -51.15018      0.028    1476.21     29.651     29.407    10.2752    10.2771     0.0020    10.2717    10.2737     0.0020   3.817636   3.818586   0.000950    34.8091    34.8169     6.1279     5.8758    -0.2521    26.7561    26.7618          6  0.000e+00
      64839 292.613930  -45.21438  -51.15018      0.037    1476.21     29.692     29.448    10.2736    10.2765     0.0028    10.2702    10.2730     0.0028   3.817548   3.818547   0.000999    34.8097    34.8171     6.1285     5.8758    -0.2527    26.7568    26.7621          6  0.000e+00
      64840 292.613931  -45.21438  -51.15018      0.042    1476.21     29.651     29.407    10.2740    10.2760     0.0020    10.2705    10.2725     0.0020   3.817690   3.818605   0.000916    34.8108    34.8182     6.1287     5.8752    -0.2535    26.7576    26.7631          6  0.000e+00
      64841 292.613931  -45.21438  -51.15018      0.051    1476.21     29.699     29.455    10.2747    10.2778     0.0031    10.2712    10.2743     0.0031   3.817784   3.818748   0.000964    34.8111    34.8179     6.1294     5.8745    -0.2549    26.7577    26.7625          6  0.000e+00
      64842 292.613932  -45.21438  -51.15018      0.060    1476.21     29.692     29.448    10.2748    10.2784     0.0036    10.2714    10.2750     0.0036   3.817859   3.818761   0.000902    34.8117    34.8174     6.1261     5.8744    -0.2516    26.7582    26.7620          6  0.000e+00
      64843 292.613932  -45.21438  -51.15018      0.071    1476.21     29.753     29.509    10.2752    10.2778     0.0026    10.2717    10.2743     0.0026   3.817852   3.818553   0.000701    34.8113    34.8159     6.1301     5.8742    -0.2559    26.7578    26.7609          6  0.000e+00
      64844 292.613933  -45.21438  -51.15018      0.079    1476.21     29.753     29.509    10.2750    10.2763     0.0013    10.2715    10.2728     0.0013   3.817784   3.818384   0.000600    34.8108    34.8156     6.1306     5.8740    -0.2565    26.7574    26.7610          6  0.000e+00
      64845 292.613933  -45.21438  -51.15018      0.086    1476.21     29.692     29.448    10.2743    10.2748     0.0005    10.2709    10.2713     0.0005   3.817723   3.818352   0.000628    34.8108    34.8168     6.1314     5.8738    -0.2576    26.7576    26.7621          6  0.000e+00
      64846 292.613934  -45.21438  -51.15018      0.096    1476.21     29.801     29.557    10.2736    10.2748     0.0012    10.2702    10.2713     0.0012   3.817710   3.818410   0.000700    34.8113    34.8173     6.1319     5.8735    -0.2584    26.7581    26.7625          6  0.000e+00
      64847 292.613934  -45.21438  -51.15018      0.106    1476.21     29.753     29.509    10.2740    10.2755     0.0015    10.2705    10.2720     0.0015   3.817798   3.818449   0.000651    34.8119    34.8171     6.1322     5.8777    -0.2545    26.7585    26.7622          6  0.000e+00
      64848 292.613935  -45.21438  -51.15018      0.111    1476.21     29.740     29.496    10.2745    10.2745    -0.0000    10.2710    10.2710    -0.0000   3.817865   3.818326   0.000460    34.8121    34.8168     6.1329     5.8741    -0.2588    26.7585    26.7622          6  0.000e+00
      64849 292.613935  -45.21438  -51.15018      0.122    1476.21     29.849     29.604    10.2750    10.2728    -0.0021    10.2715    10.2693    -0.0021   3.817852   3.818131   0.000279    34.8114    34.8163     6.1334     5.8743    -0.2591    26.7579    26.7621          6  0.000e+00
      64850 292.613936  -45.21438  -51.15018      0.127    1476.21     29.753     29.509    10.2748    10.2715    -0.0033    10.2713    10.2680    -0.0033   3.817832   3.817982   0.000150    34.8114    34.8162     6.1338     5.8743    -0.2595    26.7580    26.7622          6  0.000e+00
      64851 292.613936  -45.21438  -51.15018      0.137    1476.21     29.842     29.598    10.2745    10.2710    -0.0035    10.2710    10.2675    -0.0035   3.817710   3.818001   0.000291    34.8105    34.8168     6.1380     5.8743    -0.2637    26.7573    26.7628          6  0.000e+00
