Pos-Processados/process_op38/operantar38_023.ros
* Sea-Bird SBE 9 Data File:
* FileName = D:\OPERANTAR_XXXVIII\DADOS\OP38_023.hdr
* Software Version Seasave V 7.18c
* Temperature SN = 4808
* Conductivity SN = 3380
* Number of Bytes Per Scan = 34
* Number of Voltage Words = 3
* Number of Scans Averaged by the Deck Unit = 1
* NMEA Latitude = 62 12.78 S
* NMEA Longitude = 058 20.56 W
* NMEA UTC (Time) = Nov 22 2019 18:35:31
** H41
** NAVIO POLAR ALMIRANTE MAXIMIANO
** CRUZEIRO:
** OPERANTAR XXXVIII
** ESTAÇÃO: OP38_023
** LAT 62 12,77'S
** LONG 058 20,58'W
** 09P73767-1155_A
** PROFUNDIDADE: 500
** DATA/HORA: 221836Z/NOV2019
** OPERADOR: SO-HN CHAVES
# nquan = 27
# nvalues = 1477                                  
# units = specified
# name 0 = scan: Scan Count
# name 1 = timeJ: Julian Days
# name 2 = latitude: Latitude [deg]
# name 3 = longitude: Longitude [deg]
# name 4 = dz/dtM: Descent Rate [m/s]
# name 5 = avgsvCM: Average Sound Velocity [Chen-Millero, m/s]
# name 6 = prDM: Pressure, Digiquartz [db]
# name 7 = depSM: Depth [salt water, m]
# name 8 = t090C: Temperature [ITS-90, deg C]
# name 9 = t190C: Temperature, 2 [ITS-90, deg C]
# name 10 = T2-T190C: Temperature Difference, 2 - 1 [ITS-90, deg C]
# name 11 = potemp090C: Potential Temperature [ITS-90, deg C]
# name 12 = potemp190C: Potential Temperature, 2 [ITS-90, deg C]
# name 13 = potemp90Cdiff: Potential Temperature, Diff, 2 - 1 [ITS-90, deg C]
# name 14 = c0S/m: Conductivity [S/m]
# name 15 = c1S/m: Conductivity, 2 [S/m]
# name 16 = C2-C1S/m: Conductivity Difference, 2 - 1 [S/m]
# name 17 = sal00: Salinity, Practical [PSU]
# name 18 = sal11: Salinity, Practical, 2 [PSU]
# name 19 = sbeox0ML/L: Oxygen, SBE 43 [ml/l]
# name 20 = sigma-é00: Density [sigma-theta, kg/m^3]
# name 21 = sigma-é11: Density, 2 [sigma-theta, kg/m^3]
# name 22 = sbox0Mm/Kg: Oxygen, SBE 43 [umol/kg]
# name 23 = oxsolMm/Kg: Oxygen Saturation, Garcia & Gordon [umol/kg]
# name 24 = oxsatMm/Kg: Oxygen Saturation, Weiss [umol/kg]
# name 25 = nbf: Bottles Fired
# name 26 = flag:  0.000e+00
# interval = seconds: 0.0416667
# start_time = Nov 22 2019 18:35:31 [NMEA time, header]
# bad_flag = -9.990e-29
*END*
[from data line 484]
      30818 326.789526  -62.21308  -58.34258     -0.067    1449.93      3.462      3.429    -0.2785    -0.2696     0.0089    -0.2786    -0.2697     0.0089   2.817855   2.818874   0.001019    34.1698    34.1734     7.6468    27.4498    27.4523    332.380  352.77014  354.30155          3  0.000e+00
      30819 326.789526  -62.21308  -58.34258     -0.064    1449.93      3.407      3.375    -0.2780    -0.2720     0.0060    -0.2781    -0.2721     0.0060   2.817825   2.818857   0.001032    34.1689    34.1760     7.6459    27.4491    27.4545    332.343  352.76833  354.29959          3  0.000e+00
      30820 326.789527  -62.21308  -58.34258     -0.070    1449.93      3.407      3.375    -0.2787    -0.2728     0.0058    -0.2788    -0.2729     0.0058   2.817837   2.818759   0.000922    34.1698    34.1756     7.6452    27.4498    27.4542    332.315  352.77178  354.30322          3  0.000e+00
      30821 326.789527  -62.21308  -58.34258     -0.060    1449.93      3.462      3.429    -0.2787    -0.2742     0.0045    -0.2788    -0.2743     0.0045   2.817795   2.818782   0.000987    34.1692    34.1774     7.6446    27.4493    27.4557    332.286  352.77343  354.30484          3  0.000e+00
      30822 326.789528  -62.21308  -58.34258     -0.057    1449.93      3.407      3.375    -0.2786    -0.2734     0.0051    -0.2787    -0.2736     0.0051   2.817807   2.818747   0.000941    34.1693    34.1761     7.6445    27.4494    27.4547    332.284  352.77218  354.30357          3  0.000e+00
      30823 326.789528  -62.21308  -58.34258     -0.053    1449.93      3.462      3.429    -0.2787    -0.2722     0.0065    -0.2788    -0.2723     0.0065   2.817819   2.818684   0.000865    34.1695    34.1738     7.6447    27.4496    27.4528    332.290  352.77254  354.30397          3  0.000e+00
      30824 326.789529  -62.21308  -58.34258     -0.050    1449.93      3.407      3.375    -0.2788    -0.2720     0.0068    -0.2789    -0.2721     0.0068   2.817801   2.818730   0.000929    34.1695    34.1743     7.6490    27.4495    27.4531    332.479  352.77382  354.30527          3  0.000e+00
      30825 326.789529  -62.21308  -58.34258     -0.052    1449.93      3.407      3.375    -0.2785    -0.2731     0.0054    -0.2786    -0.2732     0.0054   2.817795   2.818707   0.000912    34.1690    34.1752     7.6498    27.4492    27.4539    332.513  352.77227  354.30364          3  0.000e+00
      30826 326.789530  -62.21308  -58.34258     -0.044    1449.93      3.462      3.429    -0.2787    -0.2744     0.0043    -0.2788    -0.2745     0.0043   2.817777   2.818730   0.000953    34.1690    34.1769     7.6507    27.4491    27.4553    332.552  352.77409  354.30549          3  0.000e+00
      30827 326.789530  -62.21308  -58.34258     -0.043    1449.93      3.407      3.375    -0.2788    -0.2741     0.0047    -0.2789    -0.2742     0.0047   2.817801   2.818713   0.000912    34.1695    34.1763     7.6515    27.4495    27.4549    332.585  352.77382  354.30527          3  0.000e+00
      30828 326.789531  -62.21308  -58.34258     -0.038    1449.93      3.462      3.429    -0.2790    -0.2744     0.0046    -0.2791    -0.2745     0.0046   2.817813   2.818580   0.000767    34.1698    34.1749     7.6473    27.4499    27.4537    332.403  352.77489  354.30640          3  0.000e+00
      30829 326.789531  -62.21308  -58.34258     -0.037    1449.93      3.407      3.375    -0.2791    -0.2748     0.0043    -0.2792    -0.2749     0.0043   2.817801   2.818580   0.000779    34.1698    34.1754     7.6473    27.4499    27.4542    332.406  352.77595  354.30749          3  0.000e+00
      30830 326.789532  -62.21308  -58.34258     -0.031    1449.93      3.462      3.429    -0.2794    -0.2745     0.0049    -0.2795    -0.2746     0.0049   2.817795   2.818528   0.000733    34.1701    34.1743     7.6476    27.4501    27.4533    332.416  352.77803  354.30964          3  0.000e+00
      30831 326.789532  -62.21308  -58.34258     -0.026    1449.93      3.462      3.429    -0.2788    -0.2742     0.0046    -0.2789    -0.2743     0.0046   2.817813   2.818585   0.000773    34.1696    34.1748     7.6468    27.4496    27.4536    332.384  352.77347  354.30492          3  0.000e+00
      30832 326.789533  -62.21308  -58.34258     -0.023    1449.93      3.462      3.429    -0.2782    -0.2733     0.0049    -0.2783    -0.2734     0.0049   2.817855   2.818637   0.000783    34.1694    34.1744     7.6468    27.4495    27.4533    332.384  352.76802  354.29933          3  0.000e+00
      30833 326.789533  -62.21308  -58.34258     -0.018    1449.93      3.462      3.429    -0.2782    -0.2725     0.0056    -0.2783    -0.2726     0.0056   2.817891   2.818620   0.000729    34.1699    34.1733     7.6462    27.4499    27.4524    332.358  352.76669  354.29803          3  0.000e+00
      30834 326.789534  -62.21308  -58.34258     -0.012    1449.93      3.462      3.429    -0.2776    -0.2727     0.0050    -0.2777    -0.2728     0.0050   2.817873   2.818718   0.000845    34.1691    34.1748     7.6463    27.4492    27.4536    332.363  352.76416  354.29535          3  0.000e+00
      30835 326.789534  -62.21308  -58.34258     -0.010    1449.93      3.462      3.429    -0.2774    -0.2725     0.0049    -0.2775    -0.2726     0.0049   2.817909   2.818747   0.000838    34.1693    34.1750     7.6457    27.4494    27.4537    332.335  352.76142  354.29257          3  0.000e+00
      30836 326.789535  -62.21308  -58.34258     -0.007    1449.93      3.462      3.429    -0.2777    -0.2720     0.0057    -0.2778    -0.2721     0.0057   2.817867   2.818747   0.000880    34.1691    34.1745     7.6452    27.4492    27.4533    332.315  352.76474  354.29594          3  0.000e+00
      30837 326.789535  -62.21308  -58.34258     -0.001    1449.93      3.462      3.429    -0.2777    -0.2722     0.0055    -0.2778    -0.2723     0.0055   2.817885   2.818851   0.000966    34.1693    34.1761     7.6454    27.4494    27.4546    332.323  352.76407  354.29529          3  0.000e+00
      30838 326.789536  -62.21308  -58.34258      0.003    1449.93      3.483      3.449    -0.2782    -0.2711     0.0070    -0.2783    -0.2712     0.0070   2.817921   2.818863   0.000942    34.1703    34.1750     7.6458    27.4502    27.4536    332.337  352.76561  354.29698          3  0.000e+00
      30839 326.789536  -62.21308  -58.34258      0.006    1449.93      3.462      3.429    -0.2776    -0.2705     0.0071    -0.2777    -0.2706     0.0071   2.817945   2.818932   0.000987    34.1700    34.1752     7.6459    27.4499    27.4538    332.343  352.76115  354.29237          3  0.000e+00
      30840 326.789537  -62.21308  -58.34258      0.011    1449.93      3.510      3.476    -0.2776    -0.2703     0.0073    -0.2777    -0.2704     0.0073   2.817987   2.818926   0.000939    34.1706    34.1749     7.6455    27.4504    27.4536    332.324  352.76003  354.29130          3  0.000e+00
      30841 326.789537  -62.21308  -58.34258      0.014    1449.93      3.462      3.429    -0.2776    -0.2713     0.0063    -0.2777    -0.2714     0.0063   2.817999   2.818811   0.000812    34.1707    34.1745     7.6457    27.4505    27.4532    332.335  352.75915  354.29042          3  0.000e+00
      30842 326.789538  -62.21308  -58.34258      0.019    1449.93      3.510      3.476    -0.2774    -0.2717     0.0057    -0.2775    -0.2718     0.0057   2.817987   2.818799   0.000812    34.1703    34.1748     7.6461    27.4502    27.4535    332.351  352.75861  354.28982          3  0.000e+00
      30843 326.789538  -62.21308  -58.34258      0.022    1449.93      3.462      3.429    -0.2771    -0.2725     0.0046    -0.2772    -0.2726     0.0046   2.817957   2.818724   0.000767    34.1696    34.1747     7.6464    27.4496    27.4535    332.364  352.75787  354.28898          3  0.000e+00
      30844 326.789538  -62.21308  -58.34258      0.027    1449.93      3.510      3.477    -0.2772    -0.2728     0.0044    -0.2773    -0.2729     0.0044   2.817933   2.818695   0.000762    34.1694    34.1746     7.6469    27.4494    27.4535    332.385  352.75955  354.29067          3  0.000e+00
      30845 326.789539  -62.21308  -58.34258      0.033    1449.93      3.510      3.477    -0.2776    -0.2734     0.0042    -0.2777    -0.2736     0.0042   2.817927   2.818661   0.000734    34.1698    34.1749     7.6474    27.4497    27.4537    332.407  352.76225  354.29348          3  0.000e+00
      30846 326.789539  -62.21308  -58.34258      0.035    1449.93      3.510      3.477    -0.2772    -0.2736     0.0036    -0.2773    -0.2737     0.0036   2.817963   2.818620   0.000657    34.1698    34.1745     7.6470    27.4498    27.4534    332.390  352.75844  354.28958          3  0.000e+00
      30847 326.789540  -62.21308  -58.34258      0.039    1449.93      3.510      3.477    -0.2768    -0.2733     0.0035    -0.2769    -0.2734     0.0035   2.818035   2.818678   0.000643    34.1703    34.1749     7.6465    27.4501    27.4537    332.370  352.75294  354.28401          3  0.000e+00
      30848 326.789540  -62.21308  -58.34258      0.044    1449.93      3.510      3.477    -0.2761    -0.2744     0.0018    -0.2762    -0.2745     0.0018   2.818071   2.818655   0.000583    34.1700    34.1758     7.6461    27.4499    27.4545    332.351  352.74771  354.27864          3  0.000e+00
      30849 326.789541  -62.21308  -58.34258      0.052    1449.93      3.558      3.524    -0.2758    -0.2731     0.0027    -0.2760    -0.2732     0.0027   2.818047   2.818718   0.000671    34.1694    34.1753     7.6458    27.4493    27.4540    332.339  352.74691  354.27774          3  0.000e+00
      30850 326.789541  -62.21308  -58.34258      0.050    1449.93      3.510      3.477    -0.2756    -0.2733     0.0023    -0.2757    -0.2734     0.0023   2.818071   2.818811   0.000739    34.1694    34.1767     7.6454    27.4493    27.4551    332.320  352.74417  354.27494          3  0.000e+00
      30851 326.789542  -62.21308  -58.34258      0.057    1449.93      3.558      3.524    -0.2755    -0.2730     0.0025    -0.2756    -0.2731     0.0025   2.818083   2.818747   0.000664    34.1694    34.1755     7.6451    27.4494    27.4541    332.308  352.74345  354.27422          3  0.000e+00
      30852 326.789542  -62.21308  -58.34258      0.061    1449.93      3.510      3.477    -0.2754    -0.2725     0.0029    -0.2755    -0.2726     0.0029   2.818047   2.818828   0.000781    34.1689    34.1761     7.6447    27.4489    27.4546    332.293  352.74399  354.27471          3  0.000e+00
      30853 326.789543  -62.21308  -58.34258      0.064    1449.93      3.558      3.524    -0.2757    -0.2728     0.0029    -0.2758    -0.2729     0.0029   2.818083   2.818759   0.000675    34.1696    34.1755     7.6445    27.4495    27.4541    332.282  352.74451  354.27533          3  0.000e+00
      30854 326.789543  -62.21308  -58.34258      0.062    1449.93      3.510      3.477    -0.2754    -0.2722     0.0032    -0.2755    -0.2723     0.0032   2.818065   2.818759   0.000693    34.1691    34.1748     7.6441    27.4491    27.4535    332.265  352.74333  354.27405          3  0.000e+00
      30855 326.789544  -62.21308  -58.34258      0.068    1449.93      3.558      3.524    -0.2751    -0.2710     0.0041    -0.2752    -0.2711     0.0041   2.818077   2.818799   0.000722    34.1689    34.1739     7.6446    27.4489    27.4528    332.285  352.74119  354.27185          3  0.000e+00
      30856 326.789544  -62.21308  -58.34258      0.070    1449.93      3.558      3.524    -0.2752    -0.2711     0.0041    -0.2753    -0.2712     0.0041   2.818047   2.818822   0.000775    34.1686    34.1744     7.6443    27.4487    27.4532    332.274  352.74266  354.27331          3  0.000e+00
      30857 326.789545  -62.21308  -58.34258      0.076    1449.93      3.558      3.524    -0.2754    -0.2713     0.0041    -0.2755    -0.2714     0.0041   2.818035   2.818874   0.000839    34.1687    34.1753     7.6499    27.4487    27.4539    332.519  352.74452  354.27522          3  0.000e+00
      30858 326.789545  -62.21308  -58.34258      0.077    1449.93      3.558      3.524    -0.2752    -0.2714     0.0038    -0.2753    -0.2715     0.0038   2.818071   2.818822   0.000751    34.1690    34.1747     7.6460    27.4490    27.4535    332.350  352.74212  354.27281          3  0.000e+00
      30859 326.789546  -62.21308  -58.34258      0.078    1449.93      3.558      3.524    -0.2752    -0.2714     0.0038    -0.2753    -0.2715     0.0038   2.818083   2.818759   0.000675    34.1691    34.1739     7.6466    27.4491    27.4528    332.372  352.74168  354.27237          3  0.000e+00
      30860 326.789546  -62.21308  -58.34258      0.083    1449.93      3.558      3.524    -0.2754    -0.2719     0.0035    -0.2755    -0.2720     0.0035   2.818059   2.818770   0.000711    34.1690    34.1746     7.6421    27.4490    27.4534    332.178  352.74363  354.27435          3  0.000e+00
      30861 326.789547  -62.21308  -58.34258      0.087    1449.93      3.613      3.578    -0.2754    -0.2719     0.0035    -0.2755    -0.2720     0.0035   2.818035   2.818695   0.000660    34.1686    34.1735     7.6471    27.4487    27.4525    332.396  352.74461  354.27531          3  0.000e+00
      30862 326.789547  -62.21308  -58.34258      0.087    1449.93      3.558      3.524    -0.2760    -0.2720     0.0039    -0.2761    -0.2721     0.0039   2.818035   2.818753   0.000718    34.1693    34.1745     7.6470    27.4493    27.4533    332.392  352.74806  354.27892          3  0.000e+00
      30863 326.789548  -62.21308  -58.34258      0.087    1449.93      3.558      3.524    -0.2765    -0.2728     0.0037    -0.2766    -0.2729     0.0037   2.818035   2.818753   0.000718    34.1699    34.1754     7.6470    27.4498    27.4541    332.391  352.75125  354.28224          3  0.000e+00
      30864 326.789548  -62.21308  -58.34258      0.089    1449.93      3.613      3.578    -0.2765    -0.2728     0.0037    -0.2766    -0.2729     0.0037   2.817993   2.818765   0.000771    34.1693    34.1755     7.6419    27.4493    27.4542    332.169  352.75289  354.28386          3  0.000e+00
      30865 326.789549  -62.21308  -58.34258      0.088    1449.93      3.558      3.524    -0.2765    -0.2716     0.0049    -0.2766    -0.2717     0.0049   2.817999   2.818799   0.000800    34.1694    34.1746     7.6461    27.4494    27.4533    332.350  352.75258  354.28355          3  0.000e+00
      30866 326.789549  -62.21308  -58.34258      0.090    1449.93      3.613      3.578    -0.2765    -0.2722     0.0043    -0.2766    -0.2723     0.0043   2.818017   2.818759   0.000742    34.1696    34.1747     7.6460    27.4496    27.4535    332.348  352.75201  354.28299          3  0.000e+00
      30867 326.789550  -62.21308  -58.34258      0.095    1449.93      3.613      3.578    -0.2763    -0.2722     0.0040    -0.2764    -0.2723     0.0040   2.818005   2.818805   0.000800    34.1692    34.1754     7.6459    27.4492    27.4540    332.343  352.75103  354.28194          3  0.000e+00
      30868 326.789550  -62.21308  -58.34258      0.096    1449.93      3.613      3.579    -0.2763    -0.2720     0.0043    -0.2764    -0.2722     0.0043   2.817987   2.818794   0.000806    34.1690    34.1750     7.6458    27.4491    27.4537    332.340  352.75205  354.28297          3  0.000e+00
      30869 326.789551  -62.21308  -58.34258      0.096    1449.93      3.613      3.579    -0.2768    -0.2720     0.0047    -0.2769    -0.2722     0.0047   2.817999   2.818753   0.000754    34.1697    34.1745     7.6458    27.4497    27.4533    332.338  352.75444  354.28549          3  0.000e+00
