Pos-Processados/process_op38/operantar38_008B.ros
* Sea-Bird SBE 9 Data File:
* FileName = D:\OPERANTAR_XXXVIII\DADOS\OP38_008B.hdr
* Software Version Seasave V 7.18c
* Temperature SN = 4808
* Conductivity SN = 3380
* Number of Bytes Per Scan = 31
* Number of Voltage Words = 2
* Number of Scans Averaged by the Deck Unit = 1
* NMEA Latitude = 44 36.43 S
* NMEA Longitude = 052 08.36 W
* NMEA UTC (Time) = Oct 20 2019 02:21:12
** H41
** NAVIO POLAR ALMIRANTE MAXIMIANO
** CRUZEIRO:
** OPERANTAR XXXVIII
** ESTAÇÃO:
** LAT
** LONG
** 09P73767-1155
** PROFUNDIDADE:
** DATA/HORA: 20022Z/OUT/19
** OPERADOR: CTTECCHIO
# nquan = 26
# nvalues = 579                                   
# units = specified
# name 0 = scan: Scan Count
# name 1 = timeJ: Julian Days
# name 2 = latitude: Latitude [deg]
# name 3 = longitude: Longitude [deg]
# name 4 = dz/dtM: Descent Rate [m/s]
# name 5 = avgsvCM: Average Sound Velocity [Chen-Millero, m/s]
# name 6 = prDM: Pressure, Digiquartz [db]
# name 7 = depSM: Depth [salt water, m]
# name 8 = t090C: Temperature [ITS-90, deg C]
# name 9 = t190C: Temperature, 2 [ITS-90, deg C]
# name 10 = T2-T190C: Temperature Difference, 2 - 1 [ITS-90, deg C]
# name 11 = potemp090C: Potential Temperature [ITS-90, deg C]
# name 12 = potemp190C: Potential Temperature, 2 [ITS-90, deg C]
# name 13 = potemp90Cdiff: Potential Temperature, Diff, 2 - 1 [ITS-90, deg C]
# name 14 = c0S/m: Conductivity [S/m]
# name 15 = c1S/m: Conductivity, 2 [S/m]
# name 16 = C2-C1S/m: Conductivity Difference, 2 - 1 [S/m]
# name 17 = sal00: Salinity, Practical [PSU]
# name 18 = sal11: Salinity, Practical, 2 [PSU]
# name 19 = sbeox0ML/L: Oxygen, SBE 43 [ml/l]
# name 20 = sbeox1ML/L: Oxygen, SBE 43, 2 [ml/l]
# name 21 = sbeox0ML/Ldiff: Oxygen, SBE 43, Diff, 2 - 1 [ml/l]
# name 22 = sigma-é00: Density [sigma-theta, kg/m^3]
# name 23 = sigma-é11: Density, 2 [sigma-theta, kg/m^3]
# name 24 = nbf: Bottles Fired
# name 25 = flag:  0.000e+00
# interval = seconds: 0.0416667
# start_time = Oct 20 2019 02:21:12 [NMEA time, header]
# bad_flag = -9.990e-29
*END*
[from data line 223]
      10054 293.102904  -44.60478  -52.13656     -0.342       0.00      2.494      2.474    11.7738    11.7778     0.0039    11.7735    11.7774     0.0039   3.956317   3.957285   0.000968    34.7846    34.7905     6.2204     6.0456    -0.1747    26.4648    26.4686          2  0.000e+00
      10055 293.102904  -44.60478  -52.13656     -0.321       0.00      2.549      2.528    11.7738    11.7783     0.0045    11.7735    11.7780     0.0045   3.956345   3.957311   0.000967    34.7849    34.7902     6.2210     6.0463    -0.1747    26.4650    26.4683          2  0.000e+00
      10056 293.102905  -44.60478  -52.13656     -0.304       0.00      2.549      2.528    11.7742    11.7778     0.0036    11.7739    11.7775     0.0036   3.956386   3.957285   0.000899    34.7850    34.7904     6.2218     6.0465    -0.1753    26.4650    26.4685          2  0.000e+00
      10057 293.102905  -44.60478  -52.13656     -0.285       0.00      2.597      2.576    11.7747    11.7776     0.0029    11.7743    11.7772     0.0029   3.956447   3.957278   0.000831    34.7851    34.7905     6.2187     6.0428    -0.1759    26.4650    26.4687          2  0.000e+00
      10058 293.102906  -44.60478  -52.13656     -0.265       0.00      2.549      2.528    11.7750    11.7778     0.0028    11.7747    11.7775     0.0028   3.956509   3.957285   0.000776    34.7854    34.7904     6.2188     6.0424    -0.1763    26.4652    26.4685          2  0.000e+00
      10059 293.102906  -44.60478  -52.13656     -0.244       0.00      2.597      2.576    11.7752    11.7778     0.0026    11.7749    11.7775     0.0026   3.956502   3.957278   0.000776    34.7852    34.7903     6.2223     6.0460    -0.1763    26.4650    26.4685          2  0.000e+00
      10060 293.102907  -44.60478  -52.13656     -0.223       0.00      2.597      2.576    11.7750    11.7770     0.0020    11.7747    11.7767     0.0020   3.956002   3.957232   0.001231    34.7804    34.7906     6.2229     6.0424    -0.1805    26.4613    26.4689          2  0.000e+00
      10061 293.102907  -44.60478  -52.13656     -0.200       0.00      2.645      2.623    11.7745    11.7767     0.0022    11.7742    11.7764     0.0022   3.955912   3.957160   0.001247    34.7800    34.7901     6.2233     6.0421    -0.1812    26.4611    26.4685          2  0.000e+00
      10062 293.102908  -44.60478  -52.13656     -0.176       0.00      2.645      2.623    11.7748    11.7755     0.0006    11.7745    11.7751     0.0006   3.956310   3.956547   0.000237    34.7836    34.7853     6.2234     6.0460    -0.1774    26.4638    26.4650          2  0.000e+00
      10063 293.102908  -44.60478  -52.13656     -0.157       0.00      2.645      2.623    11.7745    11.7757     0.0011    11.7742    11.7753     0.0011   3.956454   3.956429  -0.000026    34.7853    34.7840     6.2235     6.0461    -0.1775    26.4652    26.4640          2  0.000e+00
      10064 293.102908  -44.60478  -52.13656     -0.132       0.00      2.699      2.678    11.7750    11.7752     0.0002    11.7746    11.7749     0.0002   3.956482   3.956916   0.000434    34.7851    34.7891     6.2237     6.0461    -0.1776    26.4650    26.4680          2  0.000e+00
      10065 293.102909  -44.60478  -52.13656     -0.106       0.00      2.699      2.678    11.7748    11.7752     0.0003    11.7745    11.7748     0.0003   3.956495   3.957055   0.000559    34.7854    34.7906     6.2238     6.0461    -0.1777    26.4652    26.4692          2  0.000e+00
      10066 293.102909  -44.60478  -52.13656     -0.085       0.00      2.699      2.678    11.7748    11.7753     0.0005    11.7745    11.7750     0.0005   3.956461   3.957068   0.000606    34.7850    34.7905     6.2238     6.0461    -0.1777    26.4649    26.4691          2  0.000e+00
      10067 293.102910  -44.60478  -52.13656     -0.059       0.00      2.795      2.773    11.7748    11.7752     0.0004    11.7745    11.7749     0.0004   3.956434   3.957055   0.000621    34.7847    34.7904     6.2239     6.0467    -0.1772    26.4647    26.4691          2  0.000e+00
      10068 293.102910  -44.60478  -52.13656     -0.035       0.00      2.747      2.725    11.7747    11.7752     0.0005    11.7743    11.7748     0.0005   3.956434   3.957068   0.000634    34.7849    34.7907     6.2238     6.0428    -0.1810    26.4649    26.4693          2  0.000e+00
      10069 293.102911  -44.60478  -52.13656     -0.011       0.00      2.795      2.773    11.7745    11.7752     0.0006    11.7742    11.7748     0.0006   3.956420   3.957074   0.000654    34.7849    34.7907     6.2238     6.0424    -0.1813    26.4649    26.4693          2  0.000e+00
      10070 293.102911  -44.60478  -52.13656      0.016       0.00      2.795      2.773    11.7743    11.7752     0.0009    11.7740    11.7749     0.0009   3.956427   3.957074   0.000647    34.7851    34.7906     6.2236     6.0458    -0.1778    26.4651    26.4692          2  0.000e+00
      10071 293.102912  -44.60478  -52.13656      0.036       0.00      2.795      2.773    11.7743    11.7752     0.0008    11.7740    11.7748     0.0008   3.956434   3.957074   0.000641    34.7852    34.7907     6.2234     6.0458    -0.1776    26.4652    26.4693          2  0.000e+00
      10072 293.102912  -44.60478  -52.13656      0.060       0.00      2.850      2.827    11.7745    11.7745    -0.0000    11.7742    11.7741    -0.0000   3.956420   3.957055   0.000634    34.7849    34.7911     6.2231     6.0464    -0.1768    26.4649    26.4697          2  0.000e+00
      10073 293.102913  -44.60478  -52.13656      0.084       0.00      2.898      2.874    11.7743    11.7737    -0.0006    11.7740    11.7734    -0.0006   3.956372   3.956989   0.000617    34.7846    34.7912     6.2229     6.0465    -0.1764    26.4647    26.4699          2  0.000e+00
      10074 293.102913  -44.60478  -52.13656      0.107       0.00      2.850      2.827    11.7745    11.7743    -0.0002    11.7742    11.7740    -0.0002   3.956427   3.956969   0.000542    34.7849    34.7904     6.2224     6.0430    -0.1794    26.4649    26.4692          2  0.000e+00
      10075 293.102914  -44.60478  -52.13656      0.133       0.00      2.953      2.929    11.7740    11.7740     0.0000    11.7736    11.7736     0.0000   3.956434   3.956995   0.000561    34.7855    34.7910     6.2187     6.0470    -0.1717    26.4654    26.4697          2  0.000e+00
      10076 293.102914  -44.60478  -52.13654      0.155       0.00      2.953      2.929    11.7740    11.7746     0.0006    11.7736    11.7742     0.0006   3.956372   3.957035   0.000663    34.7848    34.7908     6.2214     6.0469    -0.1745    26.4650    26.4695          2  0.000e+00
      10077 293.102915  -44.60478  -52.13654      0.179       0.00      2.953      2.929    11.7742    11.7747     0.0005    11.7738    11.7743     0.0005   3.956400   3.957068   0.000668    34.7849    34.7910     6.2174     6.0468    -0.1706    26.4650    26.4696          2  0.000e+00
      10078 293.102915  -44.60478  -52.13654      0.200       0.00      2.953      2.929    11.7742    11.7745     0.0003    11.7738    11.7741     0.0003   3.956427   3.957015   0.000588    34.7852    34.7907     6.2165     6.0473    -0.1693    26.4652    26.4694          2  0.000e+00
      10079 293.102916  -44.60478  -52.13654      0.220       0.00      3.000      2.976    11.7740    11.7742     0.0002    11.7736    11.7738     0.0002   3.956406   3.956284  -0.000123    34.7852    34.7837     6.2191     6.0475    -0.1716    26.4652    26.4641          2  0.000e+00
      10080 293.102916  -44.60478  -52.13654      0.241       0.00      3.000      2.976    11.7742    11.7737    -0.0005    11.7738    11.7733    -0.0005   3.956358   3.956224  -0.000134    34.7845    34.7837     6.2185     6.0475    -0.1710    26.4647    26.4641          2  0.000e+00
      10081 293.102917  -44.60478  -52.13654      0.262       0.00      3.048      3.024    11.7737    11.7737    -0.0000    11.7733    11.7733    -0.0000   3.956386   3.956804   0.000418    34.7852    34.7893     6.2144     6.0473    -0.1671    26.4653    26.4685          2  0.000e+00
      10082 293.102917  -44.60478  -52.13654      0.282       0.00      3.048      3.024    11.7740    11.7741     0.0001    11.7736    11.7737     0.0001   3.956400   3.956995   0.000596    34.7851    34.7909     6.2133     6.0475    -0.1658    26.4651    26.4696          2  0.000e+00
      10083 293.102918  -44.60478  -52.13654      0.300       0.00      3.103      3.078    11.7738    11.7743     0.0005    11.7734    11.7739     0.0005   3.956413   3.957035   0.000622    34.7853    34.7910     6.2126     6.0474    -0.1652    26.4654    26.4697          2  0.000e+00
      10084 293.102918  -44.60478  -52.13654      0.318       0.00      3.103      3.078    11.7738    11.7747     0.0008    11.7734    11.7743     0.0008   3.956400   3.957009   0.000609    34.7852    34.7904     6.2119     6.0477    -0.1641    26.4652    26.4691          2  0.000e+00
      10085 293.102919  -44.60478  -52.13654      0.334       0.00      3.103      3.078    11.7742    11.7742     0.0000    11.7738    11.7738     0.0000   3.956413   3.957028   0.000615    34.7850    34.7910     6.2110     6.0476    -0.1634    26.4650    26.4697          2  0.000e+00
      10086 293.102919  -44.60478  -52.13654      0.351       0.00      3.151      3.125    11.7740    11.7740     0.0000    11.7736    11.7736     0.0000   3.956427   3.957022   0.000595    34.7853    34.7911     6.2102     6.0475    -0.1627    26.4653    26.4698          2  0.000e+00
      10087 293.102920  -44.60478  -52.13654      0.364       0.00      3.151      3.125    11.7742    11.7737    -0.0005    11.7738    11.7733    -0.0005   3.956455   3.956976   0.000521    34.7854    34.7910     6.2096     6.0479    -0.1617    26.4653    26.4698          2  0.000e+00
      10088 293.102920  -44.60478  -52.13654      0.379       0.00      3.151      3.125    11.7742    11.7736    -0.0006    11.7738    11.7732    -0.0006   3.956427   3.956949   0.000522    34.7851    34.7908     6.2056     6.0439    -0.1617    26.4651    26.4697          2  0.000e+00
      10089 293.102921  -44.60478  -52.13654      0.394       0.00      3.254      3.227    11.7742    11.7735    -0.0007    11.7738    11.7731    -0.0007   3.956427   3.956936   0.000509    34.7851    34.7907     6.2083     6.0434    -0.1649    26.4651    26.4696          2  0.000e+00
      10090 293.102921  -44.60478  -52.13654      0.405       0.00      3.199      3.173    11.7742    11.7733    -0.0008    11.7738    11.7729    -0.0008   3.956455   3.956916   0.000462    34.7854    34.7907     6.2077     6.0466    -0.1611    26.4653    26.4696          2  0.000e+00
      10091 293.102921  -44.60478  -52.13654      0.414       0.00      3.199      3.173    11.7740    11.7736    -0.0004    11.7736    11.7732    -0.0004   3.956455   3.956976   0.000521    34.7855    34.7911     6.2037     6.0425    -0.1612    26.4655    26.4699          2  0.000e+00
      10092 293.102922  -44.60478  -52.13654      0.422       0.00      3.226      3.200    11.7743    11.7742    -0.0002    11.7739    11.7737    -0.0002   3.956413   3.957028   0.000615    34.7848    34.7910     6.2028     6.0456    -0.1572    26.4649    26.4697          2  0.000e+00
      10093 293.102922  -44.60478  -52.13654      0.434       0.00      3.301      3.275    11.7743    11.7747     0.0003    11.7739    11.7742     0.0003   3.956448   3.957042   0.000594    34.7851    34.7906     6.2023     6.0454    -0.1569    26.4651    26.4693          2  0.000e+00
      10094 293.102923  -44.60478  -52.13654      0.440       0.00      3.254      3.227    11.7745    11.7746     0.0001    11.7741    11.7742     0.0001   3.956482   3.957114   0.000632    34.7853    34.7914     6.2016     6.0418    -0.1599    26.4652    26.4700          2  0.000e+00
      10095 293.102923  -44.60478  -52.13654      0.445       0.00      3.301      3.275    11.7745    11.7753     0.0008    11.7741    11.7749     0.0008   3.956496   3.957147   0.000651    34.7854    34.7910     6.2011     6.0449    -0.1562    26.4653    26.4695          2  0.000e+00
      10096 293.102924  -44.60478  -52.13654      0.453       0.00      3.349      3.322    11.7747    11.7758     0.0012    11.7742    11.7754     0.0012   3.956489   3.956732   0.000243    34.7852    34.7865     6.2041     6.0448    -0.1593    26.4651    26.4659          2  0.000e+00
      10097 293.102924  -44.60478  -52.13654      0.456       0.00      3.301      3.275    11.7747    11.7767     0.0021    11.7742    11.7763     0.0021   3.956523   3.956389  -0.000134    34.7855    34.7823     6.1969     6.0450    -0.1519    26.4654    26.4624          2  0.000e+00
      10098 293.102925  -44.60478  -52.13654      0.460       0.00      3.349      3.322    11.7748    11.7767     0.0018    11.7744    11.7762     0.0018   3.956509   3.957061   0.000552    34.7852    34.7889     6.1996     6.0450    -0.1545    26.4651    26.4676          2  0.000e+00
      10099 293.102925  -44.60478  -52.13654      0.463       0.00      3.349      3.322    11.7748    11.7768     0.0020    11.7744    11.7764     0.0020   3.956489   3.957312   0.000823    34.7850    34.7912     6.1991     6.0452    -0.1539    26.4649    26.4694          2  0.000e+00
      10100 293.102926  -44.60476  -52.13654      0.463       0.00      3.349      3.322    11.7748    11.7771     0.0022    11.7744    11.7766     0.0022   3.956523   3.957318   0.000795    34.7853    34.7911     6.1951     6.0454    -0.1498    26.4652    26.4692          2  0.000e+00
      10101 293.102926  -44.60476  -52.13654      0.465       0.00      3.404      3.377    11.7752    11.7768     0.0016    11.7747    11.7764     0.0016   3.956509   3.957285   0.000776    34.7849    34.7910     6.1944     6.0457    -0.1487    26.4648    26.4692          2  0.000e+00
      10102 293.102927  -44.60476  -52.13654      0.464       0.00      3.404      3.377    11.7753    11.7773     0.0020    11.7749    11.7769     0.0020   3.956544   3.957285   0.000742    34.7851    34.7905     6.1974     6.0454    -0.1520    26.4649    26.4687          2  0.000e+00
      10103 293.102927  -44.60476  -52.13654      0.461       0.00      3.404      3.377    11.7755    11.7767     0.0012    11.7751    11.7763     0.0012   3.956544   3.957332   0.000788    34.7849    34.7915     6.1938     6.0456    -0.1482    26.4647    26.4696          2  0.000e+00
      10104 293.102928  -44.60476  -52.13654      0.459       0.00      3.404      3.377    11.7757    11.7765     0.0008    11.7752    11.7761     0.0008   3.956578   3.957272   0.000694    34.7851    34.7911     6.1935     6.0459    -0.1476    26.4648    26.4694          2  0.000e+00
      10105 293.102928  -44.60476  -52.13654      0.457       0.00      3.452      3.424    11.7757    11.7765     0.0008    11.7752    11.7761     0.0008   3.956551   3.957246   0.000695    34.7848    34.7909     6.1967     6.0461    -0.1505    26.4646    26.4692          2  0.000e+00
      10106 293.102929  -44.60476  -52.13654      0.454       0.00      3.404      3.376    11.7757    11.7764     0.0007    11.7752    11.7760     0.0007   3.956585   3.957246   0.000661    34.7852    34.7910     6.1929     6.0459    -0.1470    26.4649    26.4693          2  0.000e+00
      10107 293.102929  -44.60476  -52.13654      0.451       0.00      3.507      3.478    11.7759    11.7763     0.0005    11.7754    11.7759     0.0005   3.956599   3.957246   0.000647    34.7851    34.7910     6.1923     6.0457    -0.1467    26.4648    26.4693          2  0.000e+00
      10108 293.102930  -44.60476  -52.13654      0.446       0.00      3.452      3.424    11.7759    11.7763     0.0005    11.7754    11.7759     0.0005   3.956626   3.957272   0.000646    34.7854    34.7913     6.1921     6.0458    -0.1463    26.4650    26.4695          2  0.000e+00
