Pos-Processados/process_op38/operantar38_004b.ros
* Sea-Bird SBE 9 Data File:
* FileName = D:\OPERANTAR_XXXVIII\DADOS\OP38_004b.hdr
* Software Version Seasave V 7.12
* Temperature SN = 4808
* Conductivity SN = 3380
* Number of Bytes Per Scan = 31
* Number of Voltage Words = 2
* Number of Scans Averaged by the Deck Unit = 1
* NMEA Latitude = 39 58.14 S
* NMEA Longitude = 054 59.70 W
* NMEA UTC (Time) = Oct 17 2019 16:47:40
** H41
** NAVIO POLAR ALMIRANTE MAXIMIANO
** CRUZEIRO:
** OPERANTAR XXXVIII
** ESTAÇÃO: OP38_004b
** LAT 39º 58,17'S
** LONG 054º 59,68'W
** 09P73767-1155
** PROFUNDIDADE: 1620 m
** DATA/HORA: 171648Z/OUT/2019
** OPERADOR: SO-HN CHAVES
# nquan = 27
# nvalues = 3712                                  
# units = specified
# name 0 = scan: Scan Count
# name 1 = timeJ: Julian Days
# name 2 = latitude: Latitude [deg]
# name 3 = longitude: Longitude [deg]
# name 4 = dz/dtM: Descent Rate [m/s]
# name 5 = avgsvCM: Average Sound Velocity [Chen-Millero, m/s]
# name 6 = prDM: Pressure, Digiquartz [db]
# name 7 = depSM: Depth [salt water, m]
# name 8 = t090C: Temperature [ITS-90, deg C]
# name 9 = t190C: Temperature, 2 [ITS-90, deg C]
# name 10 = T2-T190C: Temperature Difference, 2 - 1 [ITS-90, deg C]
# name 11 = potemp090C: Potential Temperature [ITS-90, deg C]
# name 12 = potemp190C: Potential Temperature, 2 [ITS-90, deg C]
# name 13 = potemp90Cdiff: Potential Temperature, Diff, 2 - 1 [ITS-90, deg C]
# name 14 = c0S/m: Conductivity [S/m]
# name 15 = c1S/m: Conductivity, 2 [S/m]
# name 16 = C2-C1S/m: Conductivity Difference, 2 - 1 [S/m]
# name 17 = sal00: Salinity, Practical [PSU]
# name 18 = sal11: Salinity, Practical, 2 [PSU]
# name 19 = sbeox0ML/L: Oxygen, SBE 43 [ml/l]
# name 20 = sigma-é00: Density [sigma-theta, kg/m^3]
# name 21 = sigma-é11: Density, 2 [sigma-theta, kg/m^3]
# name 22 = sbox0Mm/Kg: Oxygen, SBE 43 [umol/kg]
# name 23 = oxsolMm/Kg: Oxygen Saturation, Garcia & Gordon [umol/kg]
# name 24 = oxsatMm/Kg: Oxygen Saturation, Weiss [umol/kg]
# name 25 = nbf: Bottles Fired
# name 26 = flag:  0.000e+00
# interval = seconds: 0.0416667
# start_time = Oct 17 2019 16:47:40 [NMEA time, header]
# bad_flag = -9.990e-29
*END*
[from data line 913]
       2652 290.701047  -39.96882  -54.99504      0.012       0.00      3.061      3.037     6.7900     6.7825    -0.0075     6.7897     6.7822    -0.0075   3.425867   3.425693  -0.000173    34.0773    34.0828     7.1180    26.7205    26.7259    309.616  296.87326  297.31949          7  0.000e+00
       2653 290.701047  -39.96882  -54.99504     -0.006       0.00      3.013      2.990     6.7902     6.7832    -0.0071     6.7900     6.7829    -0.0071   3.425893   3.425762  -0.000131    34.0773    34.0829     7.1222    26.7205    26.7259    309.801  296.87139  297.31759          7  0.000e+00
       2654 290.701048  -39.96882  -54.99504     -0.025       0.00      3.061      3.037     6.7906     6.7833    -0.0073     6.7903     6.7830    -0.0073   3.425880   3.425762  -0.000118    34.0768    34.0827     7.1226    26.7200    26.7257    309.816  296.87008  297.31623          7  0.000e+00
       2655 290.701048  -39.96882  -54.99504     -0.038       0.00      2.965      2.942     6.7901     6.7837    -0.0064     6.7899     6.7834    -0.0064   3.425796   3.425774  -0.000021    34.0764    34.0826     7.1234    26.7198    26.7255    309.851  296.87416  297.32035          7  0.000e+00
       2656 290.701049  -39.96882  -54.99504     -0.056       0.00      2.965      2.942     6.7890     6.7838    -0.0051     6.7887     6.7836    -0.0051   3.425659   3.425899   0.000239    34.0760    34.0838     7.1204    26.7197    26.7265    309.722  296.88293  297.32924          7  0.000e+00
       2657 290.701049  -39.96882  -54.99504     -0.068       0.00      3.013      2.990     6.7882     6.7854    -0.0028     6.7879     6.7852    -0.0028   3.425556   3.426011   0.000455    34.0756    34.0834     7.1210    26.7195    26.7259    309.748  296.88906  297.33545          7  0.000e+00
       2658 290.701050  -39.96882  -54.99504     -0.088       0.00      2.910      2.888     6.7882     6.7864    -0.0018     6.7879     6.7862    -0.0018   3.425640   3.426123   0.000483    34.0766    34.0837     7.1249    26.7202    26.7261    309.915  296.88691  297.33333          7  0.000e+00
       2659 290.701050  -39.96882  -54.99504     -0.102       0.00      2.965      2.942     6.7890     6.7869    -0.0021     6.7887     6.7866    -0.0021   3.425757   3.426173   0.000416    34.0771    34.0838     7.1212    26.7205    26.7260    309.754  296.88034  297.32668          7  0.000e+00
       2660 290.701051  -39.96882  -54.99504     -0.119       0.00      2.910      2.888     6.7893     6.7881    -0.0013     6.7891     6.7878    -0.0013   3.425802   3.426204   0.000402    34.0773    34.0830     7.1210    26.7206    26.7253    309.749  296.87776  297.32406          7  0.000e+00
       2661 290.701051  -39.96882  -54.99504     -0.132       0.00      2.910      2.888     6.7898     6.7885    -0.0013     6.7895     6.7882    -0.0013   3.425834   3.426235   0.000400    34.0772    34.0829     7.1250    26.7205    26.7251    309.921  296.87483  297.32108          7  0.000e+00
       2662 290.701052  -39.96882  -54.99504     -0.147       0.00      2.862      2.840     6.7905     6.7882    -0.0023     6.7902     6.7879    -0.0023   3.425906   3.426247   0.000342    34.0773    34.0834     7.1213    26.7205    26.7255    309.759  296.86996  297.31614          7  0.000e+00
       2663 290.701052  -39.96882  -54.99504     -0.162       0.00      2.862      2.840     6.7917     6.7877    -0.0040     6.7915     6.7874    -0.0040   3.426048   3.426154   0.000106    34.0776    34.0828     7.1251    26.7205    26.7252    309.924  296.86056  297.30660          7  0.000e+00
       2664 290.701053  -39.96882  -54.99504     -0.176       0.00      2.862      2.840     6.7932     6.7885    -0.0047     6.7929     6.7883    -0.0047   3.426230   3.426216  -0.000013    34.0782    34.0827     7.1253    26.7208    26.7250    309.933  296.84950  297.29540          7  0.000e+00
       2665 290.701053  -39.96882  -54.99504     -0.192       0.00      2.814      2.793     6.7947     6.7892    -0.0055     6.7944     6.7889    -0.0055   3.426314   3.426291  -0.000023    34.0777    34.0829     7.1255    26.7202    26.7250    309.941  296.84051  297.28623          7  0.000e+00
       2666 290.701054  -39.96882  -54.99504     -0.207       0.00      2.759      2.738     6.7958     6.7893    -0.0065     6.7956     6.7891    -0.0065   3.426379   3.426353  -0.000026    34.0773    34.0835     7.1257    26.7197    26.7255    309.952  296.83364  297.27923          7  0.000e+00
       2667 290.701054  -39.96882  -54.99504     -0.218       0.00      2.814      2.793     6.7967     6.7910    -0.0058     6.7965     6.7907    -0.0058   3.426463   3.426509   0.000046    34.0773    34.0835     7.1301    26.7196    26.7253    310.142  296.82738  297.27286          7  0.000e+00
       2668 290.701055  -39.96882  -54.99504     -0.237       0.00      2.712      2.691     6.7976     6.7942    -0.0034     6.7973     6.7939    -0.0034   3.426547   3.426876   0.000329    34.0774    34.0844     7.1267    26.7196    26.7256    309.996  296.82142  297.26682          7  0.000e+00
       2669 290.701055  -39.96882  -54.99504     -0.249       0.00      2.759      2.738     6.7992     6.7976    -0.0016     6.7989     6.7973    -0.0016   3.426690   3.427212   0.000522    34.0774    34.0847     7.1309    26.7193    26.7253    310.180  296.81065  297.25586          7  0.000e+00
       2670 290.701056  -39.96882  -54.99504     -0.265       0.00      2.657      2.636     6.8002     6.7998    -0.0004     6.8000     6.7996    -0.0004   3.426709   3.427386   0.000677    34.0766    34.0844     7.1316    26.7186    26.7248    310.207  296.80530  297.25038          7  0.000e+00
       2671 290.701056  -39.96882  -54.99504     -0.278       0.00      2.711      2.691     6.8007     6.8010     0.0003     6.8004     6.8007     0.0003   3.426748   3.427467   0.000719    34.0766    34.0842     7.1284    26.7185    26.7245    310.070  296.80228  297.24731          7  0.000e+00
       2672 290.701057  -39.96882  -54.99504     -0.292       0.00      2.657      2.636     6.8008     6.8026     0.0018     6.8006     6.8024     0.0018   3.426787   3.427573   0.000786    34.0769    34.0838     7.1327    26.7187    26.7239    310.258  296.80056  297.24559          7  0.000e+00
       2673 290.701057  -39.96882  -54.99504     -0.307       0.00      2.609      2.589     6.8013     6.8036     0.0022     6.8011     6.8033     0.0022   3.426839   3.427604   0.000765    34.0769    34.0832     7.1330    26.7187    26.7233    310.269  296.79688  297.24185          7  0.000e+00
       2674 290.701058  -39.96882  -54.99504     -0.316       0.00      2.657      2.636     6.8013     6.8034     0.0021     6.8011     6.8032     0.0021   3.426813   3.427579   0.000766    34.0766    34.0830     7.1334    26.7185    26.7232    310.287  296.79756  297.24252          7  0.000e+00
       2675 290.701058  -39.96882  -54.99504     -0.331       0.00      2.561      2.541     6.8013     6.8026     0.0013     6.8011     6.8024     0.0013   3.426793   3.427504   0.000711    34.0765    34.0831     7.1336    26.7184    26.7234    310.297  296.79816  297.24312          7  0.000e+00
       2676 290.701059  -39.96882  -54.99504     -0.342       0.00      2.609      2.589     6.8011     6.8024     0.0013     6.8009     6.8022     0.0013   3.426793   3.427436   0.000643    34.0766    34.0824     7.1340    26.7185    26.7229    310.312  296.79893  297.24391          7  0.000e+00
       2677 290.701059  -39.96882  -54.99504     -0.357       0.00      2.506      2.487     6.8010     6.8024     0.0015     6.8008     6.8022     0.0015   3.426800   3.427398   0.000599    34.0769    34.0821     7.1346    26.7187    26.7226    310.339  296.79937  297.24438          7  0.000e+00
       2678 290.701060  -39.96882  -54.99504     -0.365       0.00      2.561      2.541     6.8011     6.8019     0.0008     6.8009     6.8017     0.0008   3.426741   3.427380   0.000639    34.0761    34.0823     7.1349    26.7181    26.7229    310.351  296.80013  297.24510          7  0.000e+00
       2679 290.701060  -39.96882  -54.99504     -0.377       0.00      2.506      2.487     6.8008     6.8015     0.0007     6.8006     6.8013     0.0007   3.426728   3.427361   0.000633    34.0763    34.0826     7.1355    26.7183    26.7232    310.379  296.80181  297.24682          7  0.000e+00
       2680 290.701060  -39.96882  -54.99504     -0.390       0.00      2.458      2.439     6.8007     6.8010     0.0003     6.8004     6.8008     0.0003   3.426754   3.427311   0.000557    34.0768    34.0826     7.1361    26.7186    26.7232    310.404  296.80185  297.24688          7  0.000e+00
       2681 290.701061  -39.96882  -54.99504     -0.399       0.00      2.506      2.487     6.8007     6.8005    -0.0002     6.8004     6.8003    -0.0002   3.426741   3.427274   0.000533    34.0766    34.0826     7.1363    26.7185    26.7233    310.413  296.80221  297.24724          7  0.000e+00
       2682 290.701061  -39.96882  -54.99504     -0.408       0.00      2.458      2.439     6.8005     6.8002    -0.0004     6.8003     6.7999    -0.0004   3.426728   3.427243   0.000515    34.0766    34.0827     7.1364    26.7186    26.7234    310.417  296.80319  297.24824          7  0.000e+00
       2683 290.701062  -39.96882  -54.99504     -0.416       0.00      2.410      2.392     6.8004     6.8005     0.0001     6.8001     6.8003     0.0001   3.426709   3.427255   0.000546    34.0766    34.0825     7.1364    26.7185    26.7232    310.420  296.80432  297.24939          7  0.000e+00
       2684 290.701062  -39.96882  -54.99504     -0.424       0.00      2.410      2.392     6.8005     6.8008     0.0004     6.8002     6.8006     0.0004   3.426683   3.427286   0.000603    34.0762    34.0825     7.1405    26.7182    26.7231    310.595  296.80447  297.24951          7  0.000e+00
       2685 290.701063  -39.96882  -54.99504     -0.430       0.00      2.410      2.392     6.8002     6.8005     0.0003     6.8000     6.8003     0.0003   3.426696   3.427367   0.000671    34.0766    34.0837     7.1414    26.7186    26.7242    310.635  296.80535  297.25043          7  0.000e+00
       2686 290.701063  -39.96882  -54.99504     -0.438       0.00      2.355      2.337     6.7998     6.8004     0.0005     6.7996     6.8001     0.0005   3.426702   3.427299   0.000596    34.0771    34.0831     7.1422    26.7190    26.7237    310.671  296.80680  297.25193          7  0.000e+00
       2687 290.701064  -39.96882  -54.99504     -0.444       0.00      2.355      2.337     6.8003     6.8004     0.0000     6.8001     6.8001     0.0000   3.426702   3.427193   0.000491    34.0766    34.0820     7.1385    26.7186    26.7228    310.510  296.80466  297.24973          7  0.000e+00
       2688 290.701064  -39.96882  -54.99504     -0.450       0.00      2.355      2.337     6.8002     6.7990    -0.0012     6.8000     6.7988    -0.0012   3.426702   3.427125   0.000422    34.0767    34.0825     7.1389    26.7187    26.7234    310.525  296.80513  297.25022          7  0.000e+00
       2689 290.701065  -39.96882  -54.99504     -0.458       0.00      2.308      2.290     6.8002     6.7984    -0.0018     6.8000     6.7982    -0.0018   3.426702   3.427062   0.000360    34.0767    34.0825     7.1387    26.7187    26.7234    310.516  296.80508  297.25017          7  0.000e+00
       2690 290.701065  -39.96882  -54.99504     -0.460       0.00      2.307      2.290     6.8005     6.7981    -0.0024     6.8003     6.7979    -0.0024   3.426683   3.427025   0.000342    34.0762    34.0824     7.1385    26.7183    26.7234    310.507  296.80436  297.24940          7  0.000e+00
       2691 290.701066  -39.96882  -54.99504     -0.466       0.00      2.307      2.290     6.8004     6.7984    -0.0019     6.8001     6.7982    -0.0019   3.426696   3.426969   0.000273    34.0765    34.0814     7.1382    26.7185    26.7226    310.498  296.80452  297.24959          7  0.000e+00
       2692 290.701066  -39.96882  -54.99504     -0.466       0.00      2.307      2.290     6.7998     6.7981    -0.0018     6.7996     6.7979    -0.0018   3.426651   3.427025   0.000374    34.0765    34.0824     7.1381    26.7186    26.7234    310.491  296.80800  297.25312          7  0.000e+00
       2693 290.701067  -39.96882  -54.99504     -0.468       0.00      2.253      2.235     6.7995     6.7984    -0.0011     6.7993     6.7982    -0.0011   3.426618   3.427050   0.000432    34.0765    34.0824     7.1378    26.7186    26.7234    310.478  296.81015  297.25531          7  0.000e+00
       2694 290.701067  -39.96882  -54.99504     -0.465       0.00      2.307      2.290     6.7987     6.7987     0.0000     6.7985     6.7985     0.0000   3.426540   3.427050   0.000509    34.0764    34.0820     7.1417    26.7186    26.7231    310.647  296.81590  297.26114          7  0.000e+00
       2695 290.701068  -39.96882  -54.99504     -0.466       0.00      2.253      2.235     6.7986     6.7985    -0.0000     6.7983     6.7983    -0.0000   3.426489   3.427118   0.000630    34.0760    34.0830     7.1417    26.7183    26.7238    310.649  296.81781  297.26306          7  0.000e+00
       2696 290.701068  -39.96882  -54.99504     -0.465       0.00      2.253      2.235     6.7979     6.7989     0.0010     6.7977     6.7987     0.0010   3.426463   3.427137   0.000674    34.0764    34.0828     7.1423    26.7187    26.7237    310.674  296.82153  297.26687          7  0.000e+00
       2697 290.701069  -39.96882  -54.99504     -0.464       0.00      2.205      2.188     6.7976     6.7990     0.0015     6.7974     6.7988     0.0015   3.426437   3.427118   0.000682    34.0765    34.0825     7.1423    26.7188    26.7234    310.672  296.82353  297.26890          7  0.000e+00
       2698 290.701069  -39.96882  -54.99504     -0.459       0.00      2.253      2.235     6.7970     6.7987     0.0018     6.7968     6.7985     0.0018   3.426352   3.427131   0.000778    34.0761    34.0830     7.1423    26.7186    26.7238    310.676  296.82848  297.27391          7  0.000e+00
       2699 290.701070  -39.96882  -54.99504     -0.458       0.00      2.205      2.188     6.7967     6.7990     0.0023     6.7965     6.7988     0.0023   3.426352   3.427162   0.000809    34.0763    34.0830     7.1426    26.7188    26.7238    310.689  296.82938  297.27484          7  0.000e+00
       2700 290.701070  -39.96882  -54.99504     -0.451       0.00      2.253      2.235     6.7963     6.7992     0.0029     6.7961     6.7990     0.0029   3.426359   3.427149   0.000790    34.0768    34.0827     7.1425    26.7193    26.7235    310.685  296.83142  297.27694          7  0.000e+00
       2701 290.701071  -39.96882  -54.99504     -0.446       0.00      2.205      2.188     6.7966     6.7990     0.0025     6.7964     6.7988     0.0025   3.426365   3.427118   0.000753    34.0766    34.0825     7.1422    26.7191    26.7234    310.671  296.82978  297.27527          7  0.000e+00
       2702 290.701071  -39.96882  -54.99504     -0.441       0.00      2.205      2.188     6.7964     6.7993     0.0029     6.7962     6.7991     0.0029   3.426404   3.427131   0.000726    34.0772    34.0824     7.1424    26.7196    26.7232    310.678  296.82956  297.27507          7  0.000e+00
       2703 290.701072  -39.96882  -54.99504     -0.429       0.00      2.253      2.235     6.7966     6.7995     0.0030     6.7964     6.7993     0.0030   3.426404   3.427143   0.000739    34.0770    34.0823     7.1385    26.7194    26.7231    310.510  296.82889  297.27439          7  0.000e+00
       2704 290.701072  -39.96882  -54.99504     -0.423       0.00      2.205      2.188     6.7966     6.7990     0.0025     6.7964     6.7988     0.0025   3.426417   3.427162   0.000745    34.0772    34.0830     7.1382    26.7195    26.7238    310.494  296.82853  297.27403          7  0.000e+00
