Pos-Processados/process_op38/operantar38_020.ros
* Sea-Bird SBE 9 Data File:
* FileName = D:\OPERANTAR_XXXVIII\DADOS\OP38_020.hdr
* Software Version Seasave V 7.18c
* Temperature SN = 4808
* Conductivity SN = 3380
* Number of Bytes Per Scan = 34
* Number of Voltage Words = 3
* Number of Scans Averaged by the Deck Unit = 1
* NMEA Latitude = 62 13.02 S
* NMEA Longitude = 058 20.27 W
* NMEA UTC (Time) = Nov 22 2019 12:22:40
** H41
** NAVIO POLAR ALMIRANTE MAXIMIANO
** CRUZEIRO:
** OPERANTAR XXXVIII
** ESTAÇÃO: OP38_020
** LAT 62 13,00'S
** LONG 058 20,28'W
** 09P73767-1155_A
** PROFUNDIDADE: 497
** DATA/HORA: 221223Z/NOV/2019
** OPERADOR: SO-HN CHAVES
# nquan = 27
# nvalues = 1034                                  
# units = specified
# name 0 = scan: Scan Count
# name 1 = timeJ: Julian Days
# name 2 = latitude: Latitude [deg]
# name 3 = longitude: Longitude [deg]
# name 4 = dz/dtM: Descent Rate [m/s]
# name 5 = avgsvCM: Average Sound Velocity [Chen-Millero, m/s]
# name 6 = prDM: Pressure, Digiquartz [db]
# name 7 = depSM: Depth [salt water, m]
# name 8 = t090C: Temperature [ITS-90, deg C]
# name 9 = t190C: Temperature, 2 [ITS-90, deg C]
# name 10 = T2-T190C: Temperature Difference, 2 - 1 [ITS-90, deg C]
# name 11 = potemp090C: Potential Temperature [ITS-90, deg C]
# name 12 = potemp190C: Potential Temperature, 2 [ITS-90, deg C]
# name 13 = potemp90Cdiff: Potential Temperature, Diff, 2 - 1 [ITS-90, deg C]
# name 14 = c0S/m: Conductivity [S/m]
# name 15 = c1S/m: Conductivity, 2 [S/m]
# name 16 = C2-C1S/m: Conductivity Difference, 2 - 1 [S/m]
# name 17 = sal00: Salinity, Practical [PSU]
# name 18 = sal11: Salinity, Practical, 2 [PSU]
# name 19 = sbeox0ML/L: Oxygen, SBE 43 [ml/l]
# name 20 = sigma-é00: Density [sigma-theta, kg/m^3]
# name 21 = sigma-é11: Density, 2 [sigma-theta, kg/m^3]
# name 22 = sbox0Mm/Kg: Oxygen, SBE 43 [umol/kg]
# name 23 = oxsolMm/Kg: Oxygen Saturation, Garcia & Gordon [umol/kg]
# name 24 = oxsatMm/Kg: Oxygen Saturation, Weiss [umol/kg]
# name 25 = nbf: Bottles Fired
# name 26 = flag:  0.000e+00
# interval = seconds: 0.0416667
# start_time = Nov 22 2019 12:22:40 [NMEA time, header]
# bad_flag = -9.990e-29
*END*
[from data line 645]
      38989 326.534543  -62.21706  -58.33796     -0.150    1449.76      2.837      2.810    -0.4096    -0.3914     0.0182    -0.4097    -0.3915     0.0182   2.806898   2.808861   0.001963    34.1709    34.1767     7.6184    27.4568    27.4607    331.143  353.98278  355.54151          4  0.000e+00
      38990 326.534543  -62.21706  -58.33796     -0.151    1449.76      2.837      2.810    -0.4095    -0.3914     0.0181    -0.4095    -0.3915     0.0181   2.806904   2.808826   0.001923    34.1708    34.1763     7.6180    27.4568    27.4603    331.129  353.98184  355.54054          4  0.000e+00
      38991 326.534544  -62.21706  -58.33796     -0.155    1449.76      2.837      2.810    -0.4091    -0.3917     0.0174    -0.4092    -0.3918     0.0174   2.806934   2.808826   0.001893    34.1709    34.1766     7.6176    27.4568    27.4606    331.112  353.97858  355.53721          4  0.000e+00
      38992 326.534544  -62.21706  -58.33796     -0.158    1449.76      2.837      2.810    -0.4091    -0.3914     0.0177    -0.4092    -0.3915     0.0177   2.806934   2.808890   0.001956    34.1709    34.1771     7.6173    27.4568    27.4610    331.098  353.97858  355.53721          4  0.000e+00
      38993 326.534545  -62.21706  -58.33796     -0.156    1449.76      2.858      2.830    -0.4086    -0.3917     0.0170    -0.4087    -0.3918     0.0170   2.806940   2.808844   0.001904    34.1704    34.1768     7.6169    27.4564    27.4608    331.082  353.97553  355.53405          4  0.000e+00
      38994 326.534545  -62.21706  -58.33796     -0.157    1449.76      2.789      2.763    -0.4091    -0.3920     0.0171    -0.4092    -0.3921     0.0171   2.806916   2.808826   0.001911    34.1706    34.1770     7.6166    27.4566    27.4609    331.069  353.97917  355.53779          4  0.000e+00
      38995 326.534546  -62.21706  -58.33796     -0.161    1449.76      2.789      2.763    -0.4093    -0.3914     0.0179    -0.4094    -0.3915     0.0179   2.806910   2.808890   0.001980    34.1708    34.1772     7.6215    27.4567    27.4610    331.279  353.98046  355.53913          4  0.000e+00
      38996 326.534546  -62.21706  -58.33796     -0.161    1449.76      2.837      2.810    -0.4100    -0.3925     0.0176    -0.4101    -0.3926     0.0176   2.806916   2.808861   0.001945    34.1717    34.1780     7.6177    27.4574    27.4618    331.116  353.98496  355.54383          4  0.000e+00
      38997 326.534547  -62.21706  -58.33796     -0.163    1449.76      2.789      2.763    -0.4103    -0.3917     0.0186    -0.4104    -0.3918     0.0186   2.806868   2.808855   0.001988    34.1714    34.1770     7.6225    27.4572    27.4610    331.326  353.98845  355.54737          4  0.000e+00
      38998 326.534547  -62.21706  -58.33796     -0.162    1449.76      2.837      2.810    -0.4107    -0.3923     0.0184    -0.4108    -0.3924     0.0184   2.806862   2.808878   0.002017    34.1716    34.1780     7.6180    27.4575    27.4618    331.126  353.99090  355.54991          4  0.000e+00
      38999 326.534548  -62.21706  -58.33796     -0.163    1449.76      2.789      2.763    -0.4112    -0.3925     0.0188    -0.4113    -0.3926     0.0188   2.806814   2.808849   0.002036    34.1717    34.1779     7.6236    27.4575    27.4617    331.371  353.99618  355.55530          4  0.000e+00
      39000 326.534548  -62.21706  -58.33796     -0.157    1449.76      2.837      2.810    -0.4115    -0.3921     0.0193    -0.4116    -0.3922     0.0193   2.806808   2.808832   0.002025    34.1718    34.1772     7.6190    27.4577    27.4611    331.171  353.99791  355.55709          4  0.000e+00
      39001 326.534549  -62.21706  -58.33796     -0.159    1449.76      2.789      2.763    -0.4116    -0.3917     0.0199    -0.4117    -0.3918     0.0199   2.806826   2.808913   0.002087    34.1722    34.1778     7.6186    27.4580    27.4616    331.154  353.99787  355.55710          4  0.000e+00
      39002 326.534549  -62.21706  -58.33796     -0.157    1449.76      2.789      2.763    -0.4114    -0.3917     0.0197    -0.4115    -0.3918     0.0197   2.806814   2.808867   0.002053    34.1719    34.1772     7.6182    27.4577    27.4611    331.138  353.99725  355.55642          4  0.000e+00
      39003 326.534550  -62.21706  -58.33796     -0.155    1449.76      2.789      2.763    -0.4111    -0.3920     0.0191    -0.4112    -0.3921     0.0191   2.806802   2.808855   0.002054    34.1714    34.1774     7.6178    27.4573    27.4613    331.121  353.99591  355.55500          4  0.000e+00
      39004 326.534550  -62.21706  -58.33796     -0.153    1449.76      2.837      2.810    -0.4105    -0.3920     0.0185    -0.4106    -0.3921     0.0185   2.806808   2.808878   0.002071    34.1707    34.1777     7.6174    27.4567    27.4615    331.104  353.99184  355.55076          4  0.000e+00
      39005 326.534551  -62.21706  -58.33796     -0.147    1449.76      2.789      2.763    -0.4101    -0.3925     0.0176    -0.4102    -0.3926     0.0176   2.806826   2.808873   0.002047    34.1705    34.1782     7.6170    27.4565    27.4619    331.083  353.98859  355.54741          4  0.000e+00
      39006 326.534551  -62.21706  -58.33796     -0.146    1449.76      2.789      2.763    -0.4102    -0.3921     0.0181    -0.4103    -0.3922     0.0181   2.806814   2.808838   0.002024    34.1705    34.1773     7.6166    27.4565    27.4612    331.070  353.98975  355.54860          4  0.000e+00
      39007 326.534552  -62.21706  -58.33796     -0.144    1449.76      2.789      2.763    -0.4099    -0.3923     0.0176    -0.4099    -0.3924     0.0176   2.806814   2.808867   0.002053    34.1701    34.1779     7.6162    27.4562    27.4617    331.052  353.98761  355.54636          4  0.000e+00
      39008 326.534552  -62.21706  -58.33796     -0.138    1449.76      2.789      2.763    -0.4099    -0.3922     0.0177    -0.4099    -0.3923     0.0177   2.806826   2.808849   0.002024    34.1703    34.1775     7.6167    27.4563    27.4614    331.071  353.98716  355.54592          4  0.000e+00
      39009 326.534552  -62.21706  -58.33796     -0.133    1449.76      2.837      2.810    -0.4097    -0.3928     0.0170    -0.4098    -0.3928     0.0170   2.806832   2.808855   0.002024    34.1702    34.1782     7.6223    27.4563    27.4620    331.314  353.98630  355.54504          4  0.000e+00
      39010 326.534553  -62.21706  -58.33796     -0.132    1449.76      2.735      2.708    -0.4101    -0.3922     0.0179    -0.4102    -0.3923     0.0179   2.806832   2.808878   0.002047    34.1707    34.1779     7.6234    27.4566    27.4617    331.365  353.98827  355.54710          4  0.000e+00
      39011 326.534553  -62.21706  -58.33796     -0.125    1449.76      2.837      2.810    -0.4100    -0.3922     0.0179    -0.4101    -0.3923     0.0179   2.806832   2.808873   0.002041    34.1705    34.1778     7.6240    27.4565    27.4616    331.388  353.98809  355.54690          4  0.000e+00
      39012 326.534554  -62.21706  -58.33796     -0.119    1449.76      2.810      2.783    -0.4103    -0.3924     0.0179    -0.4104    -0.3925     0.0179   2.806832   2.808838   0.002006    34.1709    34.1777     7.6252    27.4568    27.4615    331.441  353.98983  355.54872          4  0.000e+00
      39013 326.534554  -62.21706  -58.33796     -0.117    1449.76      2.789      2.763    -0.4105    -0.3922     0.0183    -0.4106    -0.3923     0.0183   2.806832   2.808867   0.002035    34.1711    34.1777     7.6205    27.4570    27.4615    331.237  353.99087  355.54980          4  0.000e+00
      39014 326.534555  -62.21706  -58.33796     -0.108    1449.76      2.837      2.810    -0.4105    -0.3922     0.0183    -0.4106    -0.3923     0.0183   2.806850   2.808849   0.002000    34.1713    34.1775     7.6202    27.4572    27.4613    331.224  353.99028  355.54923          4  0.000e+00
      39015 326.534555  -62.21706  -58.33796     -0.105    1449.76      2.789      2.763    -0.4104    -0.3918     0.0186    -0.4105    -0.3919     0.0186   2.806838   2.808873   0.002035    34.1710    34.1774     7.6198    27.4570    27.4613    331.206  353.98993  355.54884          4  0.000e+00
      39016 326.534556  -62.21706  -58.33796     -0.095    1449.76      2.837      2.810    -0.4102    -0.3920     0.0182    -0.4103    -0.3921     0.0182   2.806892   2.808901   0.002010    34.1715    34.1780     7.6194    27.4574    27.4617    331.190  353.98693  355.54583          4  0.000e+00
      39017 326.534556  -62.21706  -58.33796     -0.088    1449.76      2.789      2.763    -0.4102    -0.3921     0.0181    -0.4103    -0.3922     0.0181   2.806892   2.808861   0.001969    34.1716    34.1776     7.6241    27.4574    27.4615    331.395  353.98685  355.54575          4  0.000e+00
      39018 326.534557  -62.21706  -58.33796     -0.083    1449.76      2.837      2.810    -0.4100    -0.3923     0.0177    -0.4101    -0.3924     0.0177   2.806910   2.808855   0.001946    34.1716    34.1777     7.6194    27.4574    27.4615    331.190  353.98519  355.54405          4  0.000e+00
      39019 326.534557  -62.21706  -58.33796     -0.078    1449.76      2.789      2.763    -0.4099    -0.3920     0.0179    -0.4099    -0.3921     0.0179   2.806928   2.808878   0.001951    34.1717    34.1777     7.6240    27.4574    27.4615    331.391  353.98336  355.54220          4  0.000e+00
      39020 326.534558  -62.21706  -58.33796     -0.073    1449.76      2.837      2.810    -0.4097    -0.3921     0.0176    -0.4098    -0.3922     0.0176   2.806940   2.808832   0.001892    34.1717    34.1772     7.6193    27.4574    27.4611    331.185  353.98228  355.54109          4  0.000e+00
      39021 326.534558  -62.21706  -58.33796     -0.067    1449.76      2.837      2.810    -0.4091    -0.3922     0.0169    -0.4092    -0.3923     0.0169   2.806976   2.808849   0.001874    34.1714    34.1775     7.6239    27.4572    27.4613    331.383  353.97702  355.53568          4  0.000e+00
      39022 326.534559  -62.21706  -58.33796     -0.060    1449.76      2.837      2.810    -0.4091    -0.3922     0.0169    -0.4092    -0.3923     0.0169   2.806952   2.808919   0.001967    34.1711    34.1784     7.6242    27.4570    27.4621    331.398  353.97791  355.53656          4  0.000e+00
      39023 326.534559  -62.21706  -58.33796     -0.051    1449.76      2.837      2.810    -0.4086    -0.3921     0.0165    -0.4087    -0.3922     0.0165   2.806934   2.808867   0.001933    34.1703    34.1777     7.6252    27.4563    27.4615    331.441  353.97572  355.53423          4  0.000e+00
      39024 326.534560  -62.21706  -58.33796     -0.045    1449.76      2.837      2.810    -0.4091    -0.3926     0.0165    -0.4092    -0.3927     0.0165   2.806958   2.808855   0.001898    34.1712    34.1781     7.6263    27.4570    27.4618    331.490  353.97769  355.53634          4  0.000e+00
      39025 326.534560  -62.21706  -58.33796     -0.038    1449.76      2.837      2.810    -0.4091    -0.3923     0.0168    -0.4092    -0.3924     0.0168   2.806964   2.808896   0.001932    34.1713    34.1783     7.6215    27.4571    27.4620    331.281  353.97746  355.53612          4  0.000e+00
      39026 326.534561  -62.21706  -58.33796     -0.034    1449.76      2.837      2.810    -0.4091    -0.3926     0.0165    -0.4092    -0.3927     0.0165   2.806928   2.808861   0.001933    34.1708    34.1781     7.6262    27.4567    27.4619    331.483  353.97880  355.53743          4  0.000e+00
      39027 326.534561  -62.21706  -58.33796     -0.027    1449.76      2.837      2.810    -0.4094    -0.3925     0.0169    -0.4095    -0.3926     0.0169   2.806928   2.808832   0.001904    34.1711    34.1776     7.6214    27.4570    27.4614    331.274  353.98059  355.53930          4  0.000e+00
      39028 326.534562  -62.21706  -58.33796     -0.017    1449.76      2.885      2.857    -0.4088    -0.3925     0.0163    -0.4089    -0.3926     0.0163   2.806958   2.808913   0.001955    34.1708    34.1787     7.6259    27.4567    27.4623    331.471  353.97562  355.53418          4  0.000e+00
      39029 326.534562  -62.21706  -58.33796     -0.013    1449.76      2.837      2.810    -0.4091    -0.3929     0.0162    -0.4092    -0.3930     0.0162   2.806910   2.808867   0.001957    34.1705    34.1786     7.6261    27.4565    27.4623    331.482  353.97947  355.53809          4  0.000e+00
      39030 326.534563  -62.21706  -58.33796     -0.009    1449.76      2.837      2.810    -0.4089    -0.3929     0.0160    -0.4090    -0.3930     0.0160   2.806922   2.808832   0.001910    34.1705    34.1781     7.6263    27.4565    27.4619    331.489  353.97795  355.53653          4  0.000e+00
      39031 326.534563  -62.21706  -58.33796     -0.002    1449.76      2.885      2.857    -0.4088    -0.3931     0.0157    -0.4089    -0.3932     0.0157   2.806958   2.808890   0.001932    34.1708    34.1790     7.6265    27.4567    27.4626    331.496  353.97598  355.53455          4  0.000e+00
      39032 326.534564  -62.21706  -58.33796      0.004    1449.76      2.858      2.830    -0.4082    -0.3931     0.0151    -0.4083    -0.3932     0.0151   2.806982   2.808873   0.001891    34.1704    34.1788     7.6264    27.4564    27.4624    331.495  353.97111  355.52953          4  0.000e+00
      39033 326.534564  -62.21706  -58.33796      0.012    1449.76      2.940      2.912    -0.4078    -0.3926     0.0152    -0.4079    -0.3927     0.0152   2.807054   2.808844   0.001790    34.1710    34.1778     7.6222    27.4568    27.4617    331.310  353.96643  355.52481          4  0.000e+00
      39034 326.534565  -62.21706  -58.33796      0.016    1449.76      2.837      2.810    -0.4078    -0.3932     0.0146    -0.4079    -0.3933     0.0146   2.807024   2.808873   0.001849    34.1706    34.1790     7.6215    27.4565    27.4626    331.279  353.96737  355.52573          4  0.000e+00
      39035 326.534565  -62.21706  -58.33796      0.026    1449.76      2.940      2.912    -0.4082    -0.3932     0.0149    -0.4083    -0.3933     0.0149   2.807018   2.808844   0.001826    34.1709    34.1785     7.6261    27.4567    27.4622    331.481  353.96991  355.52836          4  0.000e+00
      39036 326.534565  -62.21706  -58.33796      0.030    1449.76      2.885      2.857    -0.4085    -0.3934     0.0151    -0.4086    -0.3935     0.0151   2.806994   2.808838   0.001844    34.1710    34.1787     7.6270    27.4568    27.4624    331.520  353.97286  355.53138          4  0.000e+00
      39037 326.534566  -62.21706  -58.33796      0.034    1449.76      2.885      2.857    -0.4080    -0.3937     0.0143    -0.4081    -0.3938     0.0143   2.807030   2.808930   0.001900    34.1709    34.1803     7.6270    27.4567    27.4637    331.519  353.96830  355.52671          4  0.000e+00
      39038 326.534566  -62.21706  -58.33796      0.038    1449.76      2.885      2.857    -0.4077    -0.3934     0.0143    -0.4078    -0.3935     0.0143   2.807042   2.808861   0.001819    34.1707    34.1790     7.6219    27.4566    27.4626    331.297  353.96607  355.52441          4  0.000e+00
      39039 326.534567  -62.21706  -58.33796      0.045    1449.76      2.940      2.912    -0.4082    -0.3939     0.0143    -0.4083    -0.3940     0.0143   2.807024   2.808838   0.001814    34.1710    34.1792     7.6264    27.4568    27.4628    331.495  353.96969  355.52814          4  0.000e+00
      39040 326.534567  -62.21706  -58.33796      0.052    1449.76      2.940      2.912    -0.4086    -0.3934     0.0152    -0.4087    -0.3935     0.0152   2.806982   2.808873   0.001891    34.1709    34.1791     7.6266    27.4568    27.4627    331.501  353.97411  355.53265          4  0.000e+00
