Pos-Processados/process_op38/operantar38_005.ros
* Sea-Bird SBE 9 Data File:
* FileName = D:\OPERANTAR_XXXVIII\DADOS\OP38_005.hdr
* Software Version Seasave V 7.18c
* Temperature SN = 4808
* Conductivity SN = 3380
* Number of Bytes Per Scan = 31
* Number of Voltage Words = 2
* Number of Scans Averaged by the Deck Unit = 1
* NMEA Latitude = 45 12.86 S
* NMEA Longitude = 051 09.01 W
* NMEA UTC (Time) = Oct 19 2019 13:59:02
** H41
** NAVIO POLAR ALMIRANTE MAXIMIANO
** CRUZEIRO:
** OPERANTAR XXXVIII
** ESTAÇÃO: OP38_005
** LAT 045º 12,86' S
** LONG 051º 09,03' W
** 09P73767-1155
** PROFUNDIDADE: 5853
** DATA/HORA: 191400Z/OUT/2019
** OPERADOR: SO-HN CHAVES
# nquan = 26
# nvalues = 4255                                  
# units = specified
# name 0 = scan: Scan Count
# name 1 = timeJ: Julian Days
# name 2 = latitude: Latitude [deg]
# name 3 = longitude: Longitude [deg]
# name 4 = dz/dtM: Descent Rate [m/s]
# name 5 = avgsvCM: Average Sound Velocity [Chen-Millero, m/s]
# name 6 = prDM: Pressure, Digiquartz [db]
# name 7 = depSM: Depth [salt water, m]
# name 8 = t090C: Temperature [ITS-90, deg C]
# name 9 = t190C: Temperature, 2 [ITS-90, deg C]
# name 10 = T2-T190C: Temperature Difference, 2 - 1 [ITS-90, deg C]
# name 11 = potemp090C: Potential Temperature [ITS-90, deg C]
# name 12 = potemp190C: Potential Temperature, 2 [ITS-90, deg C]
# name 13 = potemp90Cdiff: Potential Temperature, Diff, 2 - 1 [ITS-90, deg C]
# name 14 = c0S/m: Conductivity [S/m]
# name 15 = c1S/m: Conductivity, 2 [S/m]
# name 16 = C2-C1S/m: Conductivity Difference, 2 - 1 [S/m]
# name 17 = sal00: Salinity, Practical [PSU]
# name 18 = sal11: Salinity, Practical, 2 [PSU]
# name 19 = sbeox0ML/L: Oxygen, SBE 43 [ml/l]
# name 20 = sbeox1ML/L: Oxygen, SBE 43, 2 [ml/l]
# name 21 = sbeox0ML/Ldiff: Oxygen, SBE 43, Diff, 2 - 1 [ml/l]
# name 22 = sigma-é00: Density [sigma-theta, kg/m^3]
# name 23 = sigma-é11: Density, 2 [sigma-theta, kg/m^3]
# name 24 = nbf: Bottles Fired
# name 25 = flag:  0.000e+00
# interval = seconds: 0.0416667
# start_time = Oct 19 2019 13:59:02 [NMEA time, header]
# bad_flag = -9.990e-29
*END*
[from data line 2844]
      66637 292.614797  -45.21432  -51.15020     -0.268    1476.21     29.463     29.221    10.2882    10.2886     0.0004    10.2847    10.2851     0.0004   3.819218   3.819930   0.000712    34.8128    34.8197     6.1543     5.9043    -0.2500    26.7567    26.7620         17  0.000e+00
      66638 292.614798  -45.21432  -51.15020     -0.277    1476.21     29.456     29.215    10.2878    10.2886     0.0008    10.2843    10.2851     0.0008   3.819197   3.819904   0.000707    34.8130    34.8194     6.1541     5.9050    -0.2492    26.7569    26.7618         17  0.000e+00
      66639 292.614798  -45.21432  -51.15020     -0.287    1476.21     29.415     29.174    10.2877    10.2885     0.0008    10.2843    10.2851     0.0008   3.819225   3.819898   0.000673    34.8134    34.8194     6.1542     5.9056    -0.2486    26.7572    26.7618         17  0.000e+00
      66640 292.614799  -45.21432  -51.15020     -0.295    1476.21     29.415     29.174    10.2874    10.2881     0.0006    10.2840    10.2846     0.0006   3.819150   3.819904   0.000754    34.8129    34.8199     6.1507     5.9063    -0.2444    26.7569    26.7623         17  0.000e+00
      66641 292.614799  -45.21432  -51.15020     -0.300    1476.21     29.456     29.215    10.2873    10.2880     0.0007    10.2839    10.2846     0.0007   3.819123   3.819852   0.000729    34.8127    34.8194     6.1537     5.9064    -0.2472    26.7567    26.7619         17  0.000e+00
      66642 292.614800  -45.21432  -51.15020     -0.306    1476.21     29.415     29.174    10.2873    10.2879     0.0005    10.2839    10.2845     0.0005   3.819157   3.819878   0.000721    34.8130    34.8198     6.1496     5.9065    -0.2431    26.7570    26.7622         17  0.000e+00
      66643 292.614800  -45.21432  -51.15020     -0.311    1476.21     29.415     29.174    10.2874    10.2878     0.0004    10.2840    10.2844     0.0004   3.819157   3.819898   0.000741    34.8129    34.8201     6.1492     5.9066    -0.2427    26.7569    26.7624         17  0.000e+00
      66644 292.614801  -45.21432  -51.15020     -0.314    1476.21     29.409     29.167    10.2879    10.2879     0.0000    10.2844    10.2845     0.0000   3.819218   3.819820   0.000602    34.8131    34.8192     6.1487     5.9066    -0.2421    26.7570    26.7618         17  0.000e+00
      66645 292.614801  -45.21432  -51.15020     -0.316    1476.21     29.367     29.126    10.2877    10.2877     0.0000    10.2843    10.2843     0.0000   3.819197   3.819800   0.000603    34.8131    34.8192     6.1519     5.9066    -0.2453    26.7570    26.7618         17  0.000e+00
      66646 292.614802  -45.21432  -51.15020     -0.322    1476.21     29.368     29.126    10.2876    10.2878     0.0003    10.2842    10.2844     0.0003   3.819211   3.819781   0.000570    34.8134    34.8189     6.1482     5.9066    -0.2416    26.7572    26.7615         17  0.000e+00
      66647 292.614802  -45.21432  -51.15020     -0.324    1476.21     29.354     29.113    10.2875    10.2876     0.0000    10.2841    10.2841     0.0000   3.819157   3.819794   0.000637    34.8129    34.8193     6.1478     5.9066    -0.2412    26.7569    26.7619         17  0.000e+00
      66648 292.614803  -45.21432  -51.15020     -0.325    1476.21     29.368     29.126    10.2878    10.2873    -0.0004    10.2844    10.2839    -0.0004   3.819096   3.819800   0.000704    34.8120    34.8196     6.1473     5.9066    -0.2407    26.7561    26.7621         17  0.000e+00
      66649 292.614803  -45.21432  -51.15020     -0.324    1476.21     29.368     29.127    10.2873    10.2874     0.0000    10.2839    10.2840     0.0000   3.819110   3.819846   0.000736    34.8126    34.8200     6.1501     5.9065    -0.2436    26.7567    26.7625         17  0.000e+00
      66650 292.614804  -45.21432  -51.15020     -0.325    1476.21     29.354     29.113    10.2873    10.2872    -0.0001    10.2839    10.2838    -0.0001   3.819130   3.819787   0.000657    34.8128    34.8196     6.1463     5.9070    -0.2393    26.7568    26.7622         17  0.000e+00
      66651 292.614804  -45.21432  -51.15020     -0.324    1476.21     29.313     29.072    10.2873    10.2872    -0.0001    10.2839    10.2838    -0.0001   3.819150   3.819787   0.000637    34.8131    34.8196     6.1457     5.9074    -0.2383    26.7570    26.7621         17  0.000e+00
      66652 292.614805  -45.21432  -51.15020     -0.321    1476.21     29.368     29.127    10.2873    10.2872    -0.0001    10.2839    10.2838    -0.0001   3.819157   3.819800   0.000643    34.8130    34.8197     6.1452     5.9039    -0.2413    26.7570    26.7622         17  0.000e+00
      66653 292.614805  -45.21432  -51.15020     -0.320    1476.21     29.306     29.065    10.2872    10.2877     0.0005    10.2838    10.2842     0.0005   3.819137   3.819781   0.000644    34.8130    34.8191     6.1482     5.9072    -0.2410    26.7570    26.7617         17  0.000e+00
      66654 292.614806  -45.21432  -51.15020     -0.315    1476.21     29.368     29.127    10.2873    10.2876     0.0003    10.2839    10.2841     0.0003   3.819150   3.819813   0.000663    34.8130    34.8195     6.1443     5.9077    -0.2366    26.7570    26.7620         17  0.000e+00
      66655 292.614806  -45.21432  -51.15020     -0.311    1476.21     29.313     29.072    10.2872    10.2873     0.0001    10.2838    10.2839     0.0001   3.819130   3.819833   0.000703    34.8129    34.8199     6.1437     5.9076    -0.2361    26.7570    26.7624         17  0.000e+00
      66656 292.614807  -45.21432  -51.15020     -0.306    1476.21     29.306     29.065    10.2870    10.2877     0.0008    10.2835    10.2843     0.0008   3.819082   3.819852   0.000770    34.8127    34.8198     6.1471     5.9075    -0.2396    26.7568    26.7622         17  0.000e+00
      66657 292.614807  -45.21432  -51.15020     -0.300    1476.21     29.368     29.127    10.2871    10.2875     0.0005    10.2836    10.2841     0.0005   3.819082   3.819885   0.000802    34.8126    34.8203     6.1436     5.9074    -0.2362    26.7567    26.7627         17  0.000e+00
      66658 292.614808  -45.21432  -51.15020     -0.296    1476.21     29.306     29.065    10.2869    10.2879     0.0010    10.2834    10.2845     0.0010   3.819110   3.819846   0.000736    34.8131    34.8196     6.1432     5.9072    -0.2361    26.7571    26.7620         17  0.000e+00
      66659 292.614808  -45.21432  -51.15020     -0.289    1476.21     29.313     29.072    10.2866    10.2879     0.0013    10.2832    10.2845     0.0013   3.819103   3.819833   0.000730    34.8132    34.8194     6.1430     5.9070    -0.2360    26.7573    26.7619         17  0.000e+00
      66660 292.614809  -45.21432  -51.15020     -0.282    1476.21     29.313     29.072    10.2872    10.2880     0.0008    10.2838    10.2846     0.0008   3.819143   3.819859   0.000715    34.8131    34.8196     6.1426     5.9068    -0.2358    26.7571    26.7620         17  0.000e+00
      66661 292.614809  -45.21432  -51.15020     -0.277    1476.21     29.354     29.113    10.2871    10.2881     0.0010    10.2836    10.2846     0.0010   3.819116   3.819885   0.000768    34.8129    34.8198     6.1424     5.9066    -0.2358    26.7570    26.7622         17  0.000e+00
      66662 292.614810  -45.21432  -51.15020     -0.267    1476.21     29.313     29.072    10.2874    10.2878     0.0004    10.2840    10.2844     0.0004   3.819143   3.819872   0.000728    34.8128    34.8199     6.1420     5.9063    -0.2357    26.7569    26.7623         17  0.000e+00
      66663 292.614810  -45.21432  -51.15020     -0.256    1476.21     29.368     29.127    10.2875    10.2882     0.0007    10.2841    10.2848     0.0007   3.819177   3.819885   0.000707    34.8131    34.8196     6.1414     5.9061    -0.2353    26.7570    26.7620         17  0.000e+00
      66664 292.614810  -45.21432  -51.15020     -0.247    1476.21     29.354     29.113    10.2877    10.2882     0.0005    10.2843    10.2847     0.0005   3.819197   3.819820   0.000622    34.8131    34.8190     6.1410     5.9058    -0.2352    26.7570    26.7615         17  0.000e+00
      66665 292.614811  -45.21432  -51.15020     -0.237    1476.21     29.313     29.072    10.2876    10.2874    -0.0002    10.2842    10.2840    -0.0002   3.819116   3.819781   0.000664    34.8124    34.8194     6.1407     5.9056    -0.2352    26.7565    26.7620         17  0.000e+00
      66666 292.614811  -45.21432  -51.15020     -0.223    1476.21     29.368     29.127    10.2873    10.2873    -0.0000    10.2839    10.2839    -0.0000   3.819110   3.819794   0.000684    34.8126    34.8195     6.1405     5.9053    -0.2352    26.7567    26.7621         17  0.000e+00
      66667 292.614812  -45.21432  -51.15020     -0.210    1476.21     29.354     29.113    10.2874    10.2874    -0.0001    10.2840    10.2840    -0.0001   3.819082   3.819768   0.000685    34.8122    34.8192     6.1402     5.9055    -0.2347    26.7564    26.7618         17  0.000e+00
      66668 292.614812  -45.21432  -51.15020     -0.200    1476.21     29.368     29.127    10.2873    10.2874     0.0000    10.2839    10.2840     0.0000   3.819055   3.819787   0.000732    34.8120    34.8194     6.1399     5.9052    -0.2348    26.7562    26.7620         17  0.000e+00
      66669 292.614813  -45.21432  -51.15020     -0.186    1476.21     29.368     29.127    10.2873    10.2877     0.0003    10.2839    10.2842     0.0003   3.819076   3.819846   0.000770    34.8122    34.8197     6.1400     5.9053    -0.2347    26.7564    26.7622         17  0.000e+00
      66670 292.614813  -45.21432  -51.15020     -0.174    1476.21     29.354     29.113    10.2873    10.2874     0.0001    10.2839    10.2840     0.0001   3.819096   3.819813   0.000717    34.8125    34.8197     6.1397     5.9055    -0.2342    26.7566    26.7622         17  0.000e+00
      66671 292.614814  -45.21432  -51.15020     -0.164    1476.21     29.368     29.127    10.2871    10.2878     0.0008    10.2836    10.2844     0.0008   3.819116   3.819846   0.000729    34.8129    34.8196     6.1394     5.9051    -0.2343    26.7570    26.7620         17  0.000e+00
      66672 292.614814  -45.21432  -51.15020     -0.147    1476.21     29.416     29.174    10.2875    10.2879     0.0003    10.2841    10.2845     0.0003   3.819143   3.819846   0.000702    34.8127    34.8195     6.1395     5.9047    -0.2347    26.7567    26.7620         17  0.000e+00
      66673 292.614815  -45.21432  -51.15020     -0.133    1476.21     29.409     29.167    10.2883    10.2878    -0.0004    10.2848    10.2844    -0.0004   3.819218   3.819833   0.000615    34.8128    34.8194     6.1394     5.9043    -0.2351    26.7566    26.7619         17  0.000e+00
      66674 292.614815  -45.21432  -51.15020     -0.121    1476.21     29.416     29.174    10.2887    10.2877    -0.0009    10.2852    10.2843    -0.0009   3.819279   3.819807   0.000528    34.8130    34.8193     6.1395     5.9044    -0.2350    26.7568    26.7618         17  0.000e+00
      66675 292.614816  -45.21432  -51.15020     -0.105    1476.21     29.416     29.174    10.2884    10.2872    -0.0012    10.2850    10.2838    -0.0012   3.819265   3.819742   0.000477    34.8131    34.8191     6.1396     5.9046    -0.2350    26.7569    26.7618         17  0.000e+00
      66676 292.614816  -45.21432  -51.15020     -0.095    1476.21     29.409     29.168    10.2884    10.2877    -0.0007    10.2849    10.2842    -0.0007   3.819218   3.819748   0.000530    34.8127    34.8187     6.1398     5.9047    -0.2351    26.7566    26.7614         17  0.000e+00
      66677 292.614817  -45.21432  -51.15020     -0.081    1476.21     29.416     29.174    10.2882    10.2872    -0.0009    10.2847    10.2838    -0.0009   3.819218   3.819735   0.000518    34.8128    34.8190     6.1399     5.9043    -0.2356    26.7567    26.7617         17  0.000e+00
      66678 292.614817  -45.21432  -51.15020     -0.065    1476.21     29.464     29.222    10.2884    10.2872    -0.0012    10.2850    10.2838    -0.0012   3.819258   3.819761   0.000503    34.8130    34.8193     6.1401     5.9044    -0.2357    26.7568    26.7619         17  0.000e+00
      66679 292.614818  -45.21432  -51.15020     -0.051    1476.21     29.457     29.215    10.2887    10.2876    -0.0011    10.2852    10.2841    -0.0011   3.819285   3.819735   0.000450    34.8130    34.8187     6.1402     5.9039    -0.2363    26.7568    26.7614         17  0.000e+00
      66680 292.614818  -45.21432  -51.15020     -0.037    1476.21     29.464     29.222    10.2887    10.2877    -0.0010    10.2852    10.2842    -0.0010   3.819265   3.819807   0.000542    34.8128    34.8193     6.1401     5.9040    -0.2361    26.7566    26.7619         17  0.000e+00
      66681 292.614819  -45.21432  -51.15020     -0.023    1476.21     29.464     29.222    10.2888    10.2877    -0.0010    10.2853    10.2843    -0.0010   3.819265   3.819833   0.000568    34.8127    34.8195     6.1402     5.9040    -0.2362    26.7566    26.7620         17  0.000e+00
      66682 292.614819  -45.21432  -51.15020     -0.008    1476.21     29.512     29.269    10.2887    10.2881    -0.0006    10.2852    10.2846    -0.0006   3.819285   3.819852   0.000567    34.8130    34.8194     6.1401     5.9041    -0.2360    26.7568    26.7618         17  0.000e+00
      66683 292.614820  -45.21432  -51.15020      0.008    1476.21     29.519     29.276    10.2890    10.2880    -0.0010    10.2856    10.2846    -0.0010   3.819312   3.819865   0.000553    34.8130    34.8195     6.1403     5.9036    -0.2367    26.7567    26.7620         17  0.000e+00
      66684 292.614820  -45.21432  -51.15020      0.019    1476.21     29.464     29.222    10.2893    10.2882    -0.0010    10.2858    10.2848    -0.0010   3.819306   3.819872   0.000566    34.8127    34.8194     6.1404     5.9031    -0.2374    26.7564    26.7619         17  0.000e+00
      66685 292.614821  -45.21432  -51.15020      0.037    1476.21     29.560     29.317    10.2894    10.2878    -0.0015    10.2859    10.2844    -0.0015   3.819292   3.819865   0.000573    34.8124    34.8197     6.1407     5.9032    -0.2375    26.7562    26.7621         17  0.000e+00
      66686 292.614821  -45.21432  -51.15020      0.049    1476.21     29.519     29.276    10.2894    10.2881    -0.0014    10.2860    10.2846    -0.0014   3.819333   3.819885   0.000552    34.8127    34.8197     6.1409     5.9032    -0.2378    26.7564    26.7621         17  0.000e+00
      66687 292.614822  -45.21432  -51.15020      0.060    1476.21     29.519     29.276    10.2895    10.2883    -0.0012    10.2860    10.2849    -0.0012   3.819340   3.819917   0.000578    34.8128    34.8197     6.1412     5.9031    -0.2380    26.7564    26.7621         17  0.000e+00
      66688 292.614822  -45.21432  -51.15020      0.071    1476.21     29.560     29.317    10.2894    10.2882    -0.0011    10.2859    10.2848    -0.0011   3.819326   3.819930   0.000604    34.8128    34.8200     6.1451     5.9032    -0.2419    26.7565    26.7623         17  0.000e+00
      66689 292.614823  -45.21432  -51.15020      0.086    1476.21     29.621     29.378    10.2894    10.2884    -0.0011    10.2860    10.2849    -0.0011   3.819326   3.819878   0.000552    34.8126    34.8193     6.1418     5.9033    -0.2385    26.7563    26.7617         17  0.000e+00
      66690 292.614823  -45.21432  -51.15020      0.096    1476.21     29.519     29.276    10.2894    10.2885    -0.0008    10.2859    10.2851    -0.0008   3.819306   3.819885   0.000579    34.8126    34.8193     6.1420     5.8992    -0.2428    26.7563    26.7617         17  0.000e+00
