Pos-Processados/process_op38/operantar38_007.ros
* Sea-Bird SBE 9 Data File:
* FileName = D:\OPERANTAR_XXXVIII\DADOS\OP38_007.hdr
* Software Version Seasave V 7.18c
* Temperature SN = 4808
* Conductivity SN = 3380
* Number of Bytes Per Scan = 31
* Number of Voltage Words = 2
* Number of Scans Averaged by the Deck Unit = 1
* NMEA Latitude = 44 52.70 S
* NMEA Longitude = 051 46.25 W
* NMEA UTC (Time) = Oct 19 2019 21:28:45
** H41
** NAVIO POLAR ALMIRANTE MAXIMIANO
** CRUZEIRO:
** OPERANTAR XXXVIII
** ESTAÇÃO: OP38_007
** LAT 44 52,70' S
** LONG 051 46,27' W
** 09P73767-1155
** PROFUNDIDADE: 5881
** DATA/HORA: 192130Z/OUT/2019
** OPERADOR: SO-HN CHAVES
# nquan = 27
# nvalues = 4186                                  
# units = specified
# name 0 = scan: Scan Count
# name 1 = timeJ: Julian Days
# name 2 = latitude: Latitude [deg]
# name 3 = longitude: Longitude [deg]
# name 4 = dz/dtM: Descent Rate [m/s]
# name 5 = avgsvCM: Average Sound Velocity [Chen-Millero, m/s]
# name 6 = prDM: Pressure, Digiquartz [db]
# name 7 = depSM: Depth [salt water, m]
# name 8 = t090C: Temperature [ITS-90, deg C]
# name 9 = t190C: Temperature, 2 [ITS-90, deg C]
# name 10 = T2-T190C: Temperature Difference, 2 - 1 [ITS-90, deg C]
# name 11 = potemp090C: Potential Temperature [ITS-90, deg C]
# name 12 = potemp190C: Potential Temperature, 2 [ITS-90, deg C]
# name 13 = potemp90Cdiff: Potential Temperature, Diff, 2 - 1 [ITS-90, deg C]
# name 14 = c0S/m: Conductivity [S/m]
# name 15 = c1S/m: Conductivity, 2 [S/m]
# name 16 = C2-C1S/m: Conductivity Difference, 2 - 1 [S/m]
# name 17 = sal00: Salinity, Practical [PSU]
# name 18 = sal11: Salinity, Practical, 2 [PSU]
# name 19 = sbeox0ML/L: Oxygen, SBE 43 [ml/l]
# name 20 = sigma-é00: Density [sigma-theta, kg/m^3]
# name 21 = sigma-é11: Density, 2 [sigma-theta, kg/m^3]
# name 22 = sbox0Mm/Kg: Oxygen, SBE 43 [umol/kg]
# name 23 = oxsolMm/Kg: Oxygen Saturation, Garcia & Gordon [umol/kg]
# name 24 = oxsatMm/Kg: Oxygen Saturation, Weiss [umol/kg]
# name 25 = nbf: Bottles Fired
# name 26 = flag:  0.000e+00
# interval = seconds: 0.0416667
# start_time = Oct 19 2019 21:28:45 [NMEA time, header]
# bad_flag = -9.990e-29
*END*
[from data line 323]
      62618 292.925163  -44.87834  -51.77096     -0.140    1474.80     40.485     40.152     9.4890     9.4887    -0.0003     9.4845     9.4843    -0.0003   3.727304   3.727936   0.000632    34.6351    34.6419     6.2383    26.7535    26.7589    271.345  278.39551  278.58330          2  0.000e+00
      62619 292.925163  -44.87834  -51.77096     -0.142    1474.80     40.485     40.152     9.4890     9.4887    -0.0003     9.4845     9.4843    -0.0003   3.727304   3.727936   0.000632    34.6351    34.6419     6.2386    26.7535    26.7589    271.355  278.39551  278.58330          2  0.000e+00
      62620 292.925163  -44.87834  -51.77096     -0.147    1474.80     40.437     40.105     9.4890     9.4891     0.0001     9.4845     9.4846     0.0001   3.727324   3.727884   0.000560    34.6353    34.6411     6.2351    26.7537    26.7582    271.202  278.39505  278.58284          2  0.000e+00
      62621 292.925164  -44.87834  -51.77096     -0.147    1474.80     40.485     40.152     9.4892     9.4887    -0.0004     9.4847     9.4843    -0.0004   3.727297   3.727897   0.000600    34.6349    34.6415     6.2387    26.7533    26.7586    271.361  278.39504  278.58281          2  0.000e+00
      62627 292.925167  -44.87834  -51.77096     -0.158    1474.80     40.437     40.105     9.4889     9.4889     0.0000     9.4844     9.4844     0.0000   3.727277   3.727884   0.000607    34.6350    34.6412     6.2399    26.7535    26.7584    271.413  278.39664  278.58443          3  0.000e+00
      62628 292.925167  -44.87834  -51.77096     -0.159    1474.80     40.382     40.051     9.4887     9.4887     0.0001     9.4842     9.4843     0.0001   3.727270   3.727871   0.000601    34.6351    34.6413     6.2403    26.7536    26.7584    271.428  278.39754  278.58536          3  0.000e+00
      62629 292.925168  -44.87834  -51.77096     -0.160    1474.80     40.382     40.051     9.4890     9.4891     0.0001     9.4845     9.4846     0.0001   3.727277   3.727891   0.000614    34.6349    34.6411     6.2406    26.7534    26.7583    271.444  278.39597  278.58376          3  0.000e+00
      62630 292.925168  -44.87834  -51.77096     -0.163    1474.80     40.382     40.051     9.4889     9.4891     0.0002     9.4844     9.4846     0.0002   3.727270   3.727923   0.000652    34.6349    34.6415     6.2411    26.7534    26.7585    271.463  278.39672  278.58452          3  0.000e+00
      62631 292.925169  -44.87834  -51.77096     -0.165    1474.80     40.382     40.051     9.4889     9.4887    -0.0001     9.4844     9.4843    -0.0001   3.727290   3.727910   0.000620    34.6351    34.6417     6.2378    26.7536    26.7587    271.320  278.39631  278.58411          3  0.000e+00
      62632 292.925169  -44.87834  -51.77096     -0.164    1474.80     40.382     40.051     9.4887     9.4887     0.0001     9.4842     9.4843     0.0001   3.727277   3.727878   0.000601    34.6352    34.6413     6.2416    26.7537    26.7585    271.486  278.39740  278.58522          3  0.000e+00
      62633 292.925170  -44.87834  -51.77096     -0.167    1474.80     40.334     40.003     9.4892     9.4889    -0.0003     9.4847     9.4844    -0.0003   3.727290   3.727871   0.000581    34.6349    34.6411     6.2416    26.7533    26.7583    271.486  278.39504  278.58281          3  0.000e+00
      62634 292.925170  -44.87834  -51.77096     -0.167    1474.80     40.382     40.051     9.4887     9.4889     0.0002     9.4842     9.4844     0.0002   3.727324   3.727871   0.000547    34.6357    34.6411     6.2418    26.7541    26.7583    271.493  278.39643  278.58425          3  0.000e+00
      62635 292.925171  -44.87834  -51.77096     -0.168    1474.80     40.334     40.003     9.4890     9.4889    -0.0001     9.4846     9.4844    -0.0001   3.727284   3.727871   0.000588    34.6349    34.6411     6.2422    26.7534    26.7583    271.511  278.39579  278.58358          3  0.000e+00
      62636 292.925171  -44.87834  -51.77096     -0.172    1474.80     40.334     40.003     9.4890     9.4886    -0.0004     9.4846     9.4841    -0.0004   3.727317   3.727891   0.000573    34.6353    34.6417     6.2423    26.7537    26.7588    271.515  278.39510  278.58289          3  0.000e+00
      62637 292.925172  -44.87834  -51.77096     -0.170    1474.80     40.382     40.051     9.4889     9.4886    -0.0003     9.4844     9.4841    -0.0003   3.727270   3.727903   0.000633    34.6349    34.6418     6.2424    26.7534    26.7588    271.523  278.39672  278.58452          3  0.000e+00
      62638 292.925172  -44.87834  -51.77096     -0.172    1474.80     40.286     39.956     9.4890     9.4887    -0.0003     9.4846     9.4843    -0.0003   3.727290   3.727903   0.000613    34.6350    34.6416     6.2424    26.7535    26.7587    271.523  278.39561  278.58339          3  0.000e+00
      62639 292.925173  -44.87834  -51.77096     -0.174    1474.80     40.334     40.003     9.4892     9.4889    -0.0003     9.4847     9.4844    -0.0003   3.727304   3.727878   0.000574    34.6350    34.6412     6.2426    26.7535    26.7583    271.529  278.39476  278.58254          3  0.000e+00
      62640 292.925173  -44.87834  -51.77096     -0.171    1474.80     40.334     40.003     9.4890     9.4889    -0.0001     9.4846     9.4844    -0.0001   3.727324   3.727871   0.000547    34.6354    34.6411     6.2427    26.7538    26.7583    271.534  278.39496  278.58275          3  0.000e+00
      62641 292.925174  -44.87834  -51.77096     -0.174    1474.80     40.286     39.956     9.4890     9.4889    -0.0001     9.4846     9.4845    -0.0001   3.727310   3.727916   0.000606    34.6352    34.6416     6.2428    26.7537    26.7587    271.537  278.39519  278.58298          3  0.000e+00
      62642 292.925174  -44.87834  -51.77096     -0.173    1474.80     40.334     40.003     9.4894     9.4887    -0.0006     9.4849     9.4843    -0.0006   3.727304   3.727910   0.000606    34.6348    34.6417     6.2429    26.7533    26.7588    271.542  278.39395  278.58170          3  0.000e+00
      62643 292.925175  -44.87834  -51.77096     -0.175    1474.80     40.286     39.956     9.4890     9.4889    -0.0001     9.4846     9.4845    -0.0001   3.727304   3.727903   0.000600    34.6352    34.6415     6.2430    26.7536    26.7586    271.546  278.39533  278.58312          3  0.000e+00
      62644 292.925175  -44.87834  -51.77096     -0.175    1474.80     40.286     39.956     9.4890     9.4887    -0.0003     9.4846     9.4843    -0.0003   3.727284   3.727923   0.000639    34.6350    34.6418     6.2431    26.7534    26.7589    271.552  278.39575  278.58353          3  0.000e+00
      62645 292.925176  -44.87834  -51.77096     -0.172    1474.80     40.334     40.003     9.4889     9.4891     0.0002     9.4844     9.4846     0.0002   3.727297   3.727910   0.000613    34.6352    34.6414     6.2432    26.7537    26.7584    271.558  278.39612  278.58393          3  0.000e+00
      62646 292.925176  -44.87834  -51.77096     -0.171    1474.80     40.286     39.956     9.4892     9.4887    -0.0004     9.4847     9.4843    -0.0004   3.727304   3.727884   0.000580    34.6350    34.6414     6.2429    26.7535    26.7586    271.543  278.39472  278.58249          3  0.000e+00
      62647 292.925177  -44.87834  -51.77096     -0.169    1474.80     40.286     39.956     9.4890     9.4887    -0.0003     9.4846     9.4843    -0.0003   3.727304   3.727897   0.000593    34.6352    34.6416     6.2430    26.7536    26.7587    271.548  278.39533  278.58312          3  0.000e+00
      62648 292.925177  -44.87834  -51.77096     -0.169    1474.80     40.286     39.956     9.4890     9.4891     0.0001     9.4846     9.4846     0.0001   3.727277   3.727923   0.000646    34.6349    34.6415     6.2431    26.7534    26.7586    271.552  278.39589  278.58367          3  0.000e+00
      62649 292.925177  -44.87834  -51.77096     -0.168    1474.80     40.286     39.956     9.4890     9.4887    -0.0003     9.4846     9.4843    -0.0003   3.727270   3.727936   0.000665    34.6348    34.6420     6.2432    26.7533    26.7590    271.556  278.39603  278.58381          3  0.000e+00
      62650 292.925178  -44.87834  -51.77096     -0.161    1474.80     40.334     40.003     9.4890     9.4891     0.0001     9.4846     9.4846     0.0001   3.727317   3.727910   0.000593    34.6353    34.6414     6.2466    26.7537    26.7584    271.706  278.39510  278.58289          3  0.000e+00
      62651 292.925178  -44.87834  -51.77096     -0.162    1474.80     40.231     39.901     9.4892     9.4887    -0.0004     9.4847     9.4843    -0.0004   3.727310   3.727878   0.000567    34.6351    34.6414     6.2470    26.7535    26.7585    271.720  278.39453  278.58230          3  0.000e+00
      62652 292.925179  -44.87834  -51.77096     -0.159    1474.80     40.286     39.956     9.4890     9.4894     0.0004     9.4846     9.4849     0.0004   3.727284   3.727897   0.000613    34.6350    34.6409     6.2434    26.7534    26.7581    271.563  278.39575  278.58353          3  0.000e+00
      62653 292.925179  -44.87834  -51.77096     -0.156    1474.80     40.286     39.956     9.4892     9.4891    -0.0001     9.4847     9.4846    -0.0001   3.727324   3.727903   0.000580    34.6352    34.6413     6.2471    26.7536    26.7584    271.725  278.39430  278.58208          3  0.000e+00
      62654 292.925180  -44.87834  -51.77096     -0.154    1474.80     40.286     39.956     9.4890     9.4891     0.0001     9.4846     9.4846     0.0001   3.727310   3.727923   0.000612    34.6352    34.6415     6.2475    26.7537    26.7586    271.742  278.39519  278.58298          3  0.000e+00
      62655 292.925180  -44.87834  -51.77096     -0.149    1474.80     40.286     39.956     9.4892     9.4889    -0.0003     9.4847     9.4845    -0.0003   3.727351   3.727936   0.000585    34.6355    34.6418     6.2478    26.7539    26.7588    271.757  278.39375  278.58153          3  0.000e+00
      62656 292.925181  -44.87834  -51.77096     -0.146    1474.80     40.286     39.956     9.4895     9.4887    -0.0008     9.4851     9.4843    -0.0008   3.727290   3.727936   0.000645    34.6346    34.6420     6.2444    26.7530    26.7590    271.610  278.39357  278.58131          3  0.000e+00
      62657 292.925181  -44.87834  -51.77096     -0.140    1474.80     40.286     39.956     9.4894     9.4891    -0.0003     9.4849     9.4846    -0.0003   3.727317   3.727955   0.000638    34.6350    34.6419     6.2481    26.7534    26.7588    271.771  278.39363  278.58138          3  0.000e+00
      62658 292.925182  -44.87834  -51.77096     -0.139    1474.80     40.286     39.956     9.4895     9.4891    -0.0004     9.4851     9.4846    -0.0004   3.727357   3.727942   0.000585    34.6353    34.6417     6.2484    26.7536    26.7587    271.784  278.39218  278.57993          3  0.000e+00
      62659 292.925182  -44.87834  -51.77096     -0.137    1474.80     40.231     39.901     9.4894     9.4891    -0.0003     9.4849     9.4846    -0.0003   3.727371   3.727936   0.000565    34.6356    34.6417     6.2487    26.7539    26.7587    271.797  278.39247  278.58023          3  0.000e+00
      62660 292.925183  -44.87834  -51.77096     -0.129    1474.80     40.334     40.003     9.4895     9.4891    -0.0004     9.4850     9.4846    -0.0004   3.727351   3.727961   0.000611    34.6352    34.6419     6.2491    26.7535    26.7589    271.813  278.39237  278.58011          3  0.000e+00
      62661 292.925183  -44.87834  -51.77096     -0.126    1474.80     40.232     39.901     9.4897     9.4890    -0.0006     9.4852     9.4846    -0.0006   3.727337   3.727916   0.000579    34.6349    34.6415     6.2493    26.7533    26.7586    271.822  278.39194  278.57967          3  0.000e+00
      62662 292.925184  -44.87834  -51.77096     -0.117    1474.80     40.334     40.003     9.4895     9.4894    -0.0001     9.4850     9.4849    -0.0001   3.727337   3.727903   0.000566    34.6351    34.6410     6.2460    26.7535    26.7581    271.677  278.39285  278.58059          3  0.000e+00
      62663 292.925184  -44.87834  -51.77096     -0.113    1474.80     40.286     39.956     9.4892     9.4894     0.0002     9.4847     9.4849     0.0002   3.727337   3.727923   0.000586    34.6354    34.6412     6.2459    26.7537    26.7583    271.673  278.39402  278.58180          3  0.000e+00
      62664 292.925185  -44.87834  -51.77096     -0.108    1474.80     40.286     39.956     9.4894     9.4893    -0.0001     9.4849     9.4848    -0.0001   3.727357   3.727910   0.000553    34.6354    34.6412     6.2458    26.7537    26.7583    271.667  278.39279  278.58055          3  0.000e+00
      62665 292.925185  -44.87834  -51.77096     -0.101    1474.80     40.334     40.003     9.4894     9.4891    -0.0003     9.4849     9.4846    -0.0003   3.727317   3.727884   0.000567    34.6350    34.6411     6.2490    26.7534    26.7582    271.811  278.39367  278.58143          3  0.000e+00
      62666 292.925186  -44.87834  -51.77096     -0.095    1474.80     40.286     39.956     9.4897     9.4896    -0.0001     9.4852     9.4851    -0.0001   3.727324   3.727916   0.000592    34.6348    34.6410     6.2455    26.7532    26.7581    271.657  278.39227  278.57999          3  0.000e+00
      62667 292.925186  -44.87834  -51.77096     -0.090    1474.80     40.286     39.956     9.4899     9.4889    -0.0009     9.4854     9.4845    -0.0009   3.727317   3.727936   0.000618    34.6345    34.6418     6.2454    26.7529    26.7588    271.651  278.39159  278.57929          3  0.000e+00
      62668 292.925187  -44.87834  -51.77096     -0.081    1474.80     40.334     40.003     9.4897     9.4891    -0.0006     9.4852     9.4846    -0.0006   3.727357   3.727910   0.000553    34.6351    34.6414     6.2453    26.7534    26.7584    271.647  278.39162  278.57935          3  0.000e+00
      62669 292.925187  -44.87834  -51.77096     -0.074    1474.80     40.334     40.003     9.4899     9.4893    -0.0006     9.4854     9.4848    -0.0006   3.727371   3.727948   0.000578    34.6350    34.6416     6.2448    26.7534    26.7586    271.624  278.39053  278.57824          3  0.000e+00
      62670 292.925188  -44.87834  -51.77096     -0.065    1474.80     40.334     40.003     9.4900     9.4896    -0.0004     9.4855     9.4851    -0.0004   3.727371   3.727968   0.000597    34.6349    34.6415     6.2446    26.7532    26.7585    271.617  278.38991  278.57761          3  0.000e+00
      62671 292.925188  -44.87834  -51.77096     -0.060    1474.80     40.286     39.956     9.4900     9.4893    -0.0008     9.4855     9.4848    -0.0008   3.727371   3.727942   0.000571    34.6349    34.6416     6.2444    26.7532    26.7586    271.610  278.38987  278.57757          3  0.000e+00
      62672 292.925189  -44.87834  -51.77096     -0.053    1474.80     40.334     40.003     9.4899     9.4893    -0.0006     9.4854     9.4848    -0.0006   3.727371   3.727936   0.000565    34.6350    34.6415     6.2443    26.7534    26.7585    271.606  278.39053  278.57824          3  0.000e+00
      62673 292.925189  -44.87834  -51.77096     -0.045    1474.80     40.334     40.003     9.4897     9.4894    -0.0003     9.4852     9.4849    -0.0003   3.727391   3.727936   0.000545    34.6354    34.6413     6.2438    26.7537    26.7584    271.584  278.39092  278.57866          3  0.000e+00
      62674 292.925190  -44.87834  -51.77096     -0.037    1474.80     40.334     40.003     9.4900     9.4894    -0.0006     9.4855     9.4849    -0.0006   3.727418   3.727955   0.000537    34.6354    34.6415     6.2436    26.7536    26.7585    271.575  278.38894  278.57664          3  0.000e+00
