Pos-Processados/process_op38/operantar38_010.ros
* Sea-Bird SBE 9 Data File:
* FileName = D:\OPERANTAR_XXXVIII\DADOS\OP38_010.hdr
* Software Version Seasave V 7.18c
* Temperature SN = 4808
* Conductivity SN = 3380
* Number of Bytes Per Scan = 31
* Number of Voltage Words = 2
* Number of Scans Averaged by the Deck Unit = 1
* NMEA Latitude = 43 58.12 S
* NMEA Longitude = 053 08.81 W
* NMEA UTC (Time) = Oct 20 2019 12:04:22
** H41
** NAVIO POLAR ALMIRANTE MAXIMIANO
** CRUZEIRO:
** OPERANTAR XXXVIII
** ESTAÇÃO: OP38_010
** LAT 43 58,10'S
** LONG 053 08,81'W
** 09P73767-1155
** PROFUNDIDADE: 5740
** DATA/HORA: 201205Z/OUT/19
** OPERADOR: SO-HN CHAVES
# nquan = 24
# nvalues = 2055                                  
# units = specified
# name 0 = scan: Scan Count
# name 1 = timeJ: Julian Days
# name 2 = latitude: Latitude [deg]
# name 3 = longitude: Longitude [deg]
# name 4 = dz/dtM: Descent Rate [m/s]
# name 5 = avgsvCM: Average Sound Velocity [Chen-Millero, m/s]
# name 6 = prDM: Pressure, Digiquartz [db]
# name 7 = depSM: Depth [salt water, m]
# name 8 = t090C: Temperature [ITS-90, deg C]
# name 9 = t190C: Temperature, 2 [ITS-90, deg C]
# name 10 = T2-T190C: Temperature Difference, 2 - 1 [ITS-90, deg C]
# name 11 = potemp090C: Potential Temperature [ITS-90, deg C]
# name 12 = potemp190C: Potential Temperature, 2 [ITS-90, deg C]
# name 13 = potemp90Cdiff: Potential Temperature, Diff, 2 - 1 [ITS-90, deg C]
# name 14 = c0S/m: Conductivity [S/m]
# name 15 = c1S/m: Conductivity, 2 [S/m]
# name 16 = C2-C1S/m: Conductivity Difference, 2 - 1 [S/m]
# name 17 = sal00: Salinity, Practical [PSU]
# name 18 = sal11: Salinity, Practical, 2 [PSU]
# name 19 = sbeox0ML/L: Oxygen, SBE 43 [ml/l]
# name 20 = sigma-é00: Density [sigma-theta, kg/m^3]
# name 21 = sigma-é11: Density, 2 [sigma-theta, kg/m^3]
# name 22 = nbf: Bottles Fired
# name 23 = flag:  0.000e+00
# interval = seconds: 0.0416667
# start_time = Oct 20 2019 12:04:22 [NMEA time, header]
# bad_flag = -9.990e-29
*END*
[from data line 302]
      63180 293.533501  -43.98262  -53.14280     -0.139    1496.44     48.205     47.813    14.1953    14.1961     0.0008    14.1882    14.1891     0.0008   4.287412   4.288118   0.000706    35.6735    35.6793     5.3793    26.6678    26.6721          2  0.000e+00
      63181 293.533501  -43.98262  -53.14280     -0.128    1496.44     48.253     47.860    14.1953    14.1961     0.0008    14.1882    14.1891     0.0008   4.287419   4.288084   0.000665    35.6736    35.6790     5.3789    26.6679    26.6719          2  0.000e+00
      63182 293.533502  -43.98262  -53.14280     -0.120    1496.44     48.205     47.813    14.1951    14.1963     0.0012    14.1881    14.1893     0.0012   4.287412   4.288056   0.000645    35.6737    35.6786     5.3784    26.6680    26.6715          2  0.000e+00
      63183 293.533502  -43.98262  -53.14280     -0.121    1496.44     48.103     47.711    14.1953    14.1966     0.0014    14.1883    14.1896     0.0014   4.287433   4.288090   0.000658    35.6738    35.6786     5.3779    26.6680    26.6715          2  0.000e+00
      63184 293.533503  -43.98262  -53.14280     -0.106    1496.44     48.301     47.908    14.1951    14.1957     0.0005    14.1881    14.1886     0.0005   4.287426   4.288111   0.000685    35.6738    35.6796     5.3776    26.6680    26.6725          2  0.000e+00
      63185 293.533503  -43.98262  -53.14280     -0.094    1496.44     48.253     47.861    14.1951    14.1961     0.0010    14.1881    14.1891     0.0010   4.287412   4.288118   0.000706    35.6736    35.6793     5.3774    26.6679    26.6721          2  0.000e+00
      63186 293.533504  -43.98262  -53.14280     -0.086    1496.44     48.205     47.813    14.1953    14.1961     0.0008    14.1882    14.1891     0.0008   4.287412   4.288138   0.000727    35.6735    35.6795     5.3769    26.6678    26.6723          2  0.000e+00
      63187 293.533504  -43.98262  -53.14280     -0.079    1496.44     48.253     47.861    14.1955    14.1965     0.0010    14.1884    14.1894     0.0010   4.287447   4.288145   0.000698    35.6737    35.6793     5.3765    26.6679    26.6720          2  0.000e+00
      63188 293.533505  -43.98264  -53.14278     -0.068    1496.44     48.253     47.861    14.1951    14.1961     0.0010    14.1881    14.1891     0.0010   4.287447   4.288125   0.000678    35.6740    35.6794     5.3760    26.6682    26.6722          2  0.000e+00
      63189 293.533505  -43.98264  -53.14278     -0.066    1496.44     48.157     47.765    14.1955    14.1963     0.0008    14.1884    14.1893     0.0008   4.287404   4.288138   0.000734    35.6733    35.6794     5.3725    26.6676    26.6721          2  0.000e+00
      63190 293.533505  -43.98264  -53.14278     -0.049    1496.44     48.349     47.956    14.1955    14.1965     0.0011    14.1884    14.1895     0.0011   4.287433   4.288159   0.000726    35.6735    35.6793     5.3752    26.6678    26.6720          2  0.000e+00
      63191 293.533506  -43.98264  -53.14278     -0.041    1496.44     48.253     47.861    14.1953    14.1965     0.0012    14.1882    14.1894     0.0012   4.287447   4.288125   0.000678    35.6739    35.6791     5.3718    26.6681    26.6719          2  0.000e+00
      63192 293.533506  -43.98264  -53.14278     -0.032    1496.44     48.253     47.861    14.1955    14.1961     0.0007    14.1884    14.1891     0.0007   4.287454   4.288111   0.000657    35.6737    35.6793     5.3714    26.6679    26.6721          2  0.000e+00
      63193 293.533507  -43.98264  -53.14278     -0.023    1496.44     48.253     47.861    14.1953    14.1966     0.0014    14.1882    14.1896     0.0014   4.287447   4.288091   0.000644    35.6739    35.6786     5.3710    26.6681    26.6714          2  0.000e+00
      63194 293.533507  -43.98264  -53.14278     -0.013    1496.44     48.308     47.915    14.1957    14.1960     0.0003    14.1886    14.1889     0.0003   4.287447   4.288131   0.000684    35.6735    35.6796     5.3674    26.6677    26.6723          2  0.000e+00
      63195 293.533508  -43.98264  -53.14278     -0.013    1496.44     48.158     47.766    14.1953    14.1964     0.0011    14.1882    14.1893     0.0011   4.287426   4.288125   0.000699    35.6737    35.6792     5.3668    26.6679    26.6720          2  0.000e+00
      63196 293.533508  -43.98264  -53.14278      0.002    1496.44     48.404     48.010    14.1955    14.1963     0.0008    14.1884    14.1892     0.0008   4.287440   4.288165   0.000726    35.6736    35.6795     5.3664    26.6678    26.6722          2  0.000e+00
      63197 293.533509  -43.98264  -53.14278      0.012    1496.44     48.308     47.915    14.1955    14.1963     0.0008    14.1884    14.1892     0.0008   4.287447   4.288152   0.000705    35.6737    35.6794     5.3658    26.6679    26.6722          2  0.000e+00
      63198 293.533509  -43.98264  -53.14278      0.022    1496.44     48.308     47.915    14.1953    14.1961     0.0008    14.1882    14.1891     0.0008   4.287454   4.288125   0.000671    35.6739    35.6794     5.3654    26.6681    26.6722          2  0.000e+00
      63199 293.533510  -43.98264  -53.14278      0.028    1496.44     48.308     47.915    14.1955    14.1961     0.0007    14.1884    14.1891     0.0007   4.287447   4.288138   0.000691    35.6737    35.6795     5.3649    26.6679    26.6722          2  0.000e+00
      63200 293.533510  -43.98264  -53.14278      0.037    1496.44     48.356     47.963    14.1953    14.1965     0.0012    14.1882    14.1894     0.0012   4.287426   4.288145   0.000719    35.6736    35.6792     5.3646    26.6679    26.6720          2  0.000e+00
      63201 293.533511  -43.98264  -53.14278      0.046    1496.44     48.301     47.908    14.1955    14.1965     0.0011    14.1884    14.1895     0.0011   4.287412   4.288159   0.000747    35.6733    35.6793     5.3641    26.6676    26.6720          2  0.000e+00
      63202 293.533511  -43.98264  -53.14278      0.054    1496.44     48.356     47.963    14.1953    14.1968     0.0015    14.1882    14.1897     0.0015   4.287412   4.288179   0.000767    35.6735    35.6792     5.3641    26.6678    26.6719          2  0.000e+00
      63203 293.533512  -43.98264  -53.14278      0.063    1496.44     48.356     47.963    14.1951    14.1963     0.0012    14.1881    14.1892     0.0012   4.287419   4.288138   0.000720    35.6737    35.6793     5.3641    26.6680    26.6721          2  0.000e+00
      63204 293.533512  -43.98264  -53.14278      0.071    1496.44     48.356     47.963    14.1953    14.1961     0.0008    14.1882    14.1891     0.0008   4.287412   4.288138   0.000727    35.6735    35.6795     5.3638    26.6678    26.6722          2  0.000e+00
      63205 293.533513  -43.98264  -53.14278      0.076    1496.44     48.356     47.963    14.1953    14.1966     0.0014    14.1882    14.1896     0.0014   4.287412   4.288172   0.000761    35.6735    35.6793     5.3636    26.6678    26.6720          2  0.000e+00
      63206 293.533513  -43.98264  -53.14278      0.081    1496.44     48.356     47.963    14.1951    14.1965     0.0014    14.1881    14.1895     0.0014   4.287390   4.288138   0.000748    35.6734    35.6791     5.3635    26.6678    26.6719          2  0.000e+00
      63207 293.533514  -43.98264  -53.14278      0.087    1496.44     48.350     47.956    14.1951    14.1961     0.0010    14.1881    14.1891     0.0010   4.287404   4.288138   0.000734    35.6735    35.6795     5.3633    26.6679    26.6722          2  0.000e+00
      63208 293.533514  -43.98264  -53.14278      0.094    1496.44     48.356     47.963    14.1953    14.1965     0.0012    14.1882    14.1894     0.0012   4.287433   4.288145   0.000712    35.6737    35.6792     5.3634    26.6679    26.6720          2  0.000e+00
      63209 293.533515  -43.98264  -53.14278      0.101    1496.44     48.411     48.017    14.1951    14.1965     0.0013    14.1881    14.1894     0.0013   4.287405   4.288159   0.000754    35.6735    35.6793     5.3604    26.6678    26.6721          2  0.000e+00
      63210 293.533515  -43.98264  -53.14278      0.107    1496.44     48.411     48.017    14.1951    14.1963     0.0012    14.1881    14.1892     0.0012   4.287454   4.288179   0.000725    35.6740    35.6797     5.3637    26.6682    26.6723          2  0.000e+00
      63211 293.533516  -43.98264  -53.14278      0.113    1496.44     48.411     48.017    14.1953    14.1965     0.0012    14.1882    14.1894     0.0012   4.287426   4.288138   0.000712    35.6736    35.6791     5.3637    26.6679    26.6719          2  0.000e+00
      63212 293.533516  -43.98264  -53.14278      0.119    1496.44     48.411     48.017    14.1955    14.1967     0.0012    14.1884    14.1896     0.0012   4.287447   4.288138   0.000691    35.6736    35.6789     5.3637    26.6679    26.6717          2  0.000e+00
      63213 293.533517  -43.98264  -53.14278      0.121    1496.44     48.404     48.010    14.1955    14.1963     0.0008    14.1884    14.1892     0.0008   4.287419   4.288172   0.000754    35.6734    35.6796     5.3605    26.6676    26.6723          2  0.000e+00
      63214 293.533517  -43.98264  -53.14278      0.130    1496.44     48.459     48.065    14.1951    14.1966     0.0015    14.1881    14.1896     0.0015   4.287390   4.288138   0.000748    35.6734    35.6789     5.3605    26.6677    26.6717          2  0.000e+00
      63215 293.533518  -43.98264  -53.14278      0.131    1496.44     48.411     48.017    14.1951    14.1965     0.0013    14.1881    14.1894     0.0013   4.287405   4.288138   0.000734    35.6735    35.6791     5.3604    26.6678    26.6719          2  0.000e+00
      63216 293.533518  -43.98264  -53.14278      0.134    1496.44     48.459     48.065    14.1950    14.1965     0.0015    14.1879    14.1894     0.0015   4.287355   4.288125   0.000770    35.6732    35.6790     5.3636    26.6676    26.6718          2  0.000e+00
      63217 293.533519  -43.98264  -53.14278      0.143    1496.44     48.459     48.065    14.1951    14.1970     0.0018    14.1881    14.1899     0.0018   4.287376   4.288138   0.000762    35.6732    35.6786     5.3639    26.6676    26.6714          2  0.000e+00
      63218 293.533519  -43.98264  -53.14278      0.142    1496.44     48.411     48.017    14.1950    14.1969     0.0019    14.1879    14.1898     0.0019   4.287376   4.288145   0.000769    35.6734    35.6788     5.3609    26.6678    26.6716          2  0.000e+00
      63219 293.533519  -43.98264  -53.14278      0.146    1496.44     48.452     48.058    14.1950    14.1966     0.0017    14.1879    14.1896     0.0017   4.287376   4.288159   0.000782    35.6734    35.6791     5.3610    26.6678    26.6719          2  0.000e+00
      63220 293.533520  -43.98264  -53.14278      0.146    1496.44     48.459     48.065    14.1950    14.1968     0.0018    14.1879    14.1897     0.0018   4.287383   4.288179   0.000796    35.6735    35.6792     5.3611    26.6679    26.6719          2  0.000e+00
      63221 293.533520  -43.98264  -53.14278      0.149    1496.44     48.459     48.065    14.1950    14.1965     0.0015    14.1879    14.1894     0.0015   4.287405   4.288125   0.000720    35.6736    35.6790     5.3612    26.6680    26.6718          2  0.000e+00
      63222 293.533521  -43.98264  -53.14278      0.151    1496.44     48.459     48.065    14.1948    14.1965     0.0017    14.1877    14.1894     0.0017   4.287383   4.288152   0.000769    35.6736    35.6792     5.3615    26.6680    26.6720          2  0.000e+00
      63223 293.533521  -43.98264  -53.14278      0.155    1496.44     48.507     48.112    14.1948    14.1962     0.0014    14.1877    14.1891     0.0014   4.287334   4.288179   0.000845    35.6732    35.6797     5.3650    26.6677    26.6724          3  0.000e+00
      63224 293.533522  -43.98264  -53.14278      0.153    1496.44     48.459     48.065    14.1950    14.1963     0.0013    14.1879    14.1892     0.0013   4.287383   4.288111   0.000728    35.6735    35.6790     5.3652    26.6679    26.6718          3  0.000e+00
      63225 293.533522  -43.98264  -53.14278      0.159    1496.44     48.500     48.106    14.1948    14.1961     0.0013    14.1877    14.1890     0.0013   4.287383   4.288131   0.000748    35.6736    35.6793     5.3623    26.6680    26.6721          3  0.000e+00
      63226 293.533523  -43.98264  -53.14278      0.158    1496.44     48.459     48.065    14.1950    14.1963     0.0013    14.1879    14.1892     0.0013   4.287412   4.288145   0.000733    35.6737    35.6793     5.3623    26.6681    26.6721          3  0.000e+00
      63227 293.533523  -43.98264  -53.14278      0.160    1496.44     48.507     48.112    14.1948    14.1960     0.0012    14.1877    14.1889     0.0012   4.287383   4.288159   0.000775    35.6736    35.6797     5.3627    26.6680    26.6725          3  0.000e+00
      63228 293.533524  -43.98264  -53.14278      0.155    1496.44     48.459     48.065    14.1950    14.1961     0.0012    14.1879    14.1890     0.0012   4.287383   4.288145   0.000762    35.6735    35.6795     5.3660    26.6679    26.6723          3  0.000e+00
      63229 293.533524  -43.98264  -53.14278      0.155    1496.44     48.507     48.113    14.1948    14.1965     0.0018    14.1877    14.1894     0.0018   4.287376   4.288159   0.000782    35.6736    35.6792     5.3665    26.6680    26.6720          3  0.000e+00
      63230 293.533525  -43.98264  -53.14278      0.157    1496.44     48.507     48.113    14.1950    14.1963     0.0013    14.1879    14.1892     0.0013   4.287376   4.288145   0.000769    35.6734    35.6793     5.3669    26.6678    26.6721          3  0.000e+00
      63231 293.533525  -43.98264  -53.14278      0.156    1496.44     48.501     48.106    14.1950    14.1963     0.0013    14.1879    14.1892     0.0013   4.287383   4.288118   0.000735    35.6735    35.6791     5.3674    26.6678    26.6719          3  0.000e+00
      63232 293.533526  -43.98264  -53.14278      0.148    1496.44     48.507     48.113    14.1950    14.1961     0.0012    14.1879    14.1890     0.0012   4.287376   4.288091   0.000714    35.6734    35.6790     5.3679    26.6678    26.6718          3  0.000e+00
      63233 293.533526  -43.98264  -53.14278      0.151    1496.44     48.507     48.113    14.1950    14.1961     0.0012    14.1879    14.1890     0.0012   4.287376   4.288104   0.000728    35.6734    35.6791     5.3684    26.6678    26.6719          3  0.000e+00
      63234 293.533527  -43.98264  -53.14278      0.150    1496.44     48.507     48.113    14.1950    14.1960     0.0010    14.1879    14.1889     0.0010   4.287355   4.288131   0.000777    35.6732    35.6795     5.3689    26.6676    26.6723          3  0.000e+00
      63235 293.533527  -43.98264  -53.14278      0.147    1496.44     48.508     48.113    14.1948    14.1959     0.0011    14.1877    14.1888     0.0011   4.287397   4.288070   0.000673    35.6738    35.6790     5.3695    26.6681    26.6720          3  0.000e+00
      63236 293.533528  -43.98264  -53.14278      0.144    1496.44     48.501     48.106    14.1946    14.1958     0.0011    14.1876    14.1887     0.0011   4.287383   4.288118   0.000735    35.6738    35.6795     5.3701    26.6681    26.6724          3  0.000e+00
      63237 293.533528  -43.98264  -53.14278      0.142    1496.44     48.508     48.113    14.1948    14.1961     0.0013    14.1877    14.1890     0.0013   4.287355   4.288104   0.000749    35.6734    35.6791     5.3707    26.6678    26.6719          3  0.000e+00
      63238 293.533529  -43.98264  -53.14278      0.133    1496.44     48.508     48.113    14.1948    14.1961     0.0013    14.1877    14.1890     0.0013   4.287341   4.288104   0.000763    35.6732    35.6791     5.3710    26.6677    26.6719          3  0.000e+00
      63239 293.533529  -43.98264  -53.14278      0.135    1496.44     48.508     48.113    14.1948    14.1963     0.0015    14.1877    14.1892     0.0015   4.287320   4.288131   0.000812    35.6730    35.6792     5.3716    26.6675    26.6720          3  0.000e+00
