Pos-Processados/process_op38/operantar38_016.ros
* Sea-Bird SBE 9 Data File:
* FileName = D:\OPERANTAR_XXXVIII\DADOS\OP38_016.hdr
* Software Version Seasave V 7.18c
* Temperature SN = 4808
* Conductivity SN = 3380
* Number of Bytes Per Scan = 34
* Number of Voltage Words = 3
* Number of Scans Averaged by the Deck Unit = 1
* NMEA Latitude = 62 13.34 S
* NMEA Longitude = 058 12.68 W
* NMEA UTC (Time) = Nov 05 2019 11:56:34
** H41
** NAVIO POLAR ALMIRANTE MAXIMIANO
** CRUZEIRO:
** OPERANTAR XXXVIII
** ESTAÇÃO: OP38_016
** LAT 62 13,33' S
** LONG 058 12,65' W
** 09P73767-1155_A
** PROFUNDIDADE: 310
** DATA/HORA: 051157Z/NOV/2019
** OPERADOR: SO-HN CHAVES
# nquan = 27
# nvalues = 1885                                  
# units = specified
# name 0 = scan: Scan Count
# name 1 = timeJ: Julian Days
# name 2 = latitude: Latitude [deg]
# name 3 = longitude: Longitude [deg]
# name 4 = dz/dtM: Descent Rate [m/s]
# name 5 = avgsvCM: Average Sound Velocity [Chen-Millero, m/s]
# name 6 = prDM: Pressure, Digiquartz [db]
# name 7 = depSM: Depth [salt water, m]
# name 8 = t090C: Temperature [ITS-90, deg C]
# name 9 = t190C: Temperature, 2 [ITS-90, deg C]
# name 10 = T2-T190C: Temperature Difference, 2 - 1 [ITS-90, deg C]
# name 11 = potemp090C: Potential Temperature [ITS-90, deg C]
# name 12 = potemp190C: Potential Temperature, 2 [ITS-90, deg C]
# name 13 = potemp90Cdiff: Potential Temperature, Diff, 2 - 1 [ITS-90, deg C]
# name 14 = c0S/m: Conductivity [S/m]
# name 15 = c1S/m: Conductivity, 2 [S/m]
# name 16 = C2-C1S/m: Conductivity Difference, 2 - 1 [S/m]
# name 17 = sal00: Salinity, Practical [PSU]
# name 18 = sal11: Salinity, Practical, 2 [PSU]
# name 19 = sbeox0ML/L: Oxygen, SBE 43 [ml/l]
# name 20 = sigma-é00: Density [sigma-theta, kg/m^3]
# name 21 = sigma-é11: Density, 2 [sigma-theta, kg/m^3]
# name 22 = sbox0Mm/Kg: Oxygen, SBE 43 [umol/kg]
# name 23 = oxsolMm/Kg: Oxygen Saturation, Garcia & Gordon [umol/kg]
# name 24 = oxsatMm/Kg: Oxygen Saturation, Weiss [umol/kg]
# name 25 = nbf: Bottles Fired
# name 26 = flag:  0.000e+00
# interval = seconds: 0.0416667
# start_time = Nov 05 2019 11:56:34 [NMEA time, header]
# bad_flag = -9.990e-29
*END*
[from data line 1665]
      28235 309.511232  -62.22236  -58.21132     -0.033    1446.63     19.068     18.885    -0.8155    -0.8158    -0.0002    -0.8160    -0.8163    -0.0002   2.773145   2.773498   0.000353    34.1640    34.1691     7.5956    27.4687    27.4728    330.149  357.81357  359.45850         11  0.000e+00
      28236 309.511232  -62.22236  -58.21132     -0.034    1446.63     19.034     18.851    -0.8157    -0.8161    -0.0004    -0.8162    -0.8166    -0.0004   2.773169   2.773509   0.000340    34.1646    34.1696     7.5909    27.4692    27.4733    329.948  357.81369  359.45869         11  0.000e+00
      28237 309.511233  -62.22236  -58.21132     -0.041    1446.63     19.014     18.830    -0.8158    -0.8164    -0.0006    -0.8163    -0.8169    -0.0006   2.773157   2.773498   0.000341    34.1646    34.1698     7.5907    27.4691    27.4734    329.939  357.81484  359.45987         11  0.000e+00
      28238 309.511233  -62.22236  -58.21132     -0.038    1446.63     19.068     18.885    -0.8158    -0.8164    -0.0006    -0.8163    -0.8169    -0.0006   2.773127   2.773463   0.000336    34.1641    34.1693     7.5906    27.4688    27.4730    329.935  357.81608  359.46108         11  0.000e+00
      28239 309.511234  -62.22236  -58.21132     -0.043    1446.63     19.014     18.830    -0.8162    -0.8164    -0.0002    -0.8167    -0.8169    -0.0002   2.773121   2.773481   0.000360    34.1645    34.1696     7.5904    27.4691    27.4732    329.926  357.81841  359.46350         11  0.000e+00
      28240 309.511234  -62.22236  -58.21132     -0.044    1446.63     19.034     18.851    -0.8160    -0.8165    -0.0005    -0.8165    -0.8170    -0.0005   2.773127   2.773509   0.000382    34.1643    34.1701     7.5902    27.4690    27.4737    329.917  357.81712  359.46217         11  0.000e+00
      28241 309.511235  -62.22236  -58.21132     -0.047    1446.63     19.014     18.830    -0.8160    -0.8164    -0.0004    -0.8165    -0.8169    -0.0004   2.773121   2.773486   0.000365    34.1643    34.1697     7.5900    27.4689    27.4733    329.908  357.81731  359.46236         11  0.000e+00
      28242 309.511235  -62.22236  -58.21132     -0.049    1446.63     19.014     18.830    -0.8157    -0.8162    -0.0005    -0.8162    -0.8167    -0.0005   2.773139   2.773486   0.000347    34.1642    34.1695     7.5950    27.4688    27.4731    330.122  357.81480  359.45978         11  0.000e+00
      28243 309.511236  -62.22236  -58.21132     -0.052    1446.63     19.034     18.851    -0.8156    -0.8167    -0.0011    -0.8162    -0.8172    -0.0011   2.773133   2.773469   0.000336    34.1640    34.1698     7.5903    27.4687    27.4734    329.922  357.81469  359.45965         11  0.000e+00
      28244 309.511236  -62.22236  -58.21132     -0.051    1446.63     19.014     18.830    -0.8158    -0.8162    -0.0004    -0.8163    -0.8167    -0.0004   2.773139   2.773458   0.000319    34.1643    34.1691     7.5953    27.4689    27.4728    330.137  357.81553  359.46054         11  0.000e+00
      28245 309.511236  -62.22236  -58.21132     -0.055    1446.63     18.966     18.783    -0.8158    -0.8167    -0.0009    -0.8163    -0.8172    -0.0009   2.773133   2.773498   0.000365    34.1643    34.1702     7.5906    27.4689    27.4738    329.932  357.81567  359.46068         11  0.000e+00
      28246 309.511237  -62.22236  -58.21132     -0.060    1446.63     18.986     18.803    -0.8158    -0.8167    -0.0009    -0.8163    -0.8172    -0.0009   2.773139   2.773498   0.000359    34.1643    34.1702     7.5903    27.4690    27.4737    329.922  357.81548  359.46049         11  0.000e+00
      28247 309.511237  -62.22236  -58.21132     -0.061    1446.63     19.014     18.830    -0.8158    -0.8164    -0.0006    -0.8163    -0.8169    -0.0006   2.773163   2.773504   0.000341    34.1646    34.1699     7.5953    27.4692    27.4735    330.137  357.81462  359.45965         11  0.000e+00
      28248 309.511238  -62.22236  -58.21132     -0.059    1446.63     19.014     18.830    -0.8155    -0.8162    -0.0007    -0.8160    -0.8167    -0.0007   2.773139   2.773452   0.000313    34.1640    34.1690     7.5905    27.4687    27.4728    329.931  357.81370  359.45863         11  0.000e+00
      28249 309.511238  -62.22236  -58.21132     -0.063    1446.63     18.986     18.803    -0.8152    -0.8165    -0.0013    -0.8157    -0.8170    -0.0013   2.773139   2.773475   0.000336    34.1636    34.1697     7.5902    27.4683    27.4733    329.915  357.81146  359.45629         11  0.000e+00
      28250 309.511239  -62.22236  -58.21132     -0.065    1446.63     18.966     18.783    -0.8155    -0.8169    -0.0014    -0.8160    -0.8175    -0.0014   2.773145   2.773504   0.000359    34.1641    34.1706     7.5951    27.4688    27.4741    330.129  357.81339  359.45832         11  0.000e+00
      28251 309.511239  -62.22236  -58.21132     -0.071    1446.63     18.966     18.783    -0.8152    -0.8162    -0.0010    -0.8158    -0.8167    -0.0010   2.773175   2.773475   0.000300    34.1642    34.1693     7.5955    27.4688    27.4730    330.145  357.81042  359.45529         11  0.000e+00
      28252 309.511240  -62.22236  -58.21132     -0.070    1446.63     18.966     18.783    -0.8153    -0.8167    -0.0013    -0.8159    -0.8172    -0.0013   2.773133   2.773463   0.000330    34.1637    34.1697     7.5908    27.4685    27.4734    329.940  357.81275  359.45762         11  0.000e+00
      28253 309.511240  -62.22236  -58.21132     -0.073    1446.63     18.986     18.803    -0.8152    -0.8165    -0.0013    -0.8157    -0.8170    -0.0013   2.773169   2.773475   0.000306    34.1640    34.1697     7.5956    27.4687    27.4733    330.149  357.81032  359.45517         11  0.000e+00
      28254 309.511241  -62.22236  -58.21132     -0.074    1446.63     18.966     18.783    -0.8157    -0.8165    -0.0008    -0.8162    -0.8170    -0.0008   2.773193   2.773463   0.000271    34.1649    34.1695     7.5960    27.4694    27.4732    330.168  357.81266  359.45768         11  0.000e+00
      28255 309.511241  -62.22236  -58.21132     -0.076    1446.63     18.966     18.783    -0.8153    -0.8165    -0.0012    -0.8159    -0.8170    -0.0012   2.773181   2.773481   0.000300    34.1644    34.1698     7.5963    27.4690    27.4734    330.181  357.81092  359.45584         11  0.000e+00
      28256 309.511242  -62.22236  -58.21132     -0.081    1446.63     18.932     18.749    -0.8146    -0.8161    -0.0015    -0.8151    -0.8166    -0.0015   2.773157   2.773481   0.000324    34.1632    34.1693     7.5973    27.4680    27.4730    330.225  357.80702  359.45170         11  0.000e+00
      28257 309.511242  -62.22236  -58.21132     -0.081    1446.63     18.966     18.783    -0.8146    -0.8164    -0.0018    -0.8151    -0.8169    -0.0018   2.773187   2.773486   0.000300    34.1636    34.1697     7.5984    27.4683    27.4733    330.275  357.80594  359.45064         11  0.000e+00
      28258 309.511243  -62.22236  -58.21132     -0.081    1446.63     18.966     18.783    -0.8151    -0.8161    -0.0010    -0.8156    -0.8166    -0.0010   2.773181   2.773469   0.000288    34.1641    34.1691     7.5937    27.4687    27.4728    330.067  357.80909  359.45392         11  0.000e+00
      28259 309.511243  -62.22236  -58.21132     -0.085    1446.63     18.932     18.749    -0.8152    -0.8161    -0.0009    -0.8157    -0.8166    -0.0009   2.773181   2.773475   0.000294    34.1642    34.1692     7.5932    27.4688    27.4729    330.046  357.80976  359.45463         11  0.000e+00
      28260 309.511244  -62.22236  -58.21132     -0.087    1446.63     18.911     18.729    -0.8157    -0.8167    -0.0010    -0.8162    -0.8172    -0.0010   2.773193   2.773504   0.000311    34.1650    34.1703     7.5928    27.4695    27.4738    330.029  357.81256  359.45759         11  0.000e+00
      28261 309.511244  -62.22236  -58.21132     -0.089    1446.63     18.966     18.783    -0.8155    -0.8167    -0.0012    -0.8160    -0.8172    -0.0012   2.773163   2.773498   0.000335    34.1643    34.1702     7.5924    27.4690    27.4738    330.011  357.81270  359.45765         11  0.000e+00
      28262 309.511245  -62.22236  -58.21132     -0.090    1446.63     18.911     18.729    -0.8151    -0.8165    -0.0014    -0.8156    -0.8170    -0.0014   2.773211   2.773481   0.000270    34.1645    34.1698     7.5918    27.4691    27.4734    329.984  357.80786  359.45271         12  0.000e+00
      28263 309.511245  -62.22236  -58.21132     -0.093    1446.63     18.884     18.701    -0.8152    -0.8164    -0.0011    -0.8157    -0.8169    -0.0011   2.773229   2.773446   0.000217    34.1649    34.1692     7.5913    27.4694    27.4729    329.964  357.80822  359.45314         12  0.000e+00
      28264 309.511246  -62.22236  -58.21132     -0.090    1446.63     18.966     18.783    -0.8149    -0.8164    -0.0015    -0.8154    -0.8169    -0.0015   2.773211   2.773492   0.000281    34.1643    34.1698     7.5917    27.4689    27.4734    329.981  357.80685  359.45166         12  0.000e+00
      28265 309.511246  -62.22236  -58.21132     -0.093    1446.63     18.911     18.729    -0.8147    -0.8165    -0.0018    -0.8152    -0.8170    -0.0018   2.773199   2.773486   0.000288    34.1639    34.1699     7.5972    27.4686    27.4735    330.220  357.80612  359.45087         12  0.000e+00
      28266 309.511247  -62.22236  -58.21132     -0.094    1446.63     18.884     18.701    -0.8151    -0.8167    -0.0016    -0.8156    -0.8172    -0.0016   2.773181   2.773463   0.000283    34.1641    34.1698     7.5924    27.4687    27.4734    330.012  357.80895  359.45378         12  0.000e+00
      28267 309.511247  -62.22236  -58.21132     -0.096    1446.63     18.911     18.729    -0.8152    -0.8164    -0.0012    -0.8157    -0.8169    -0.0012   2.773181   2.773498   0.000317    34.1642    34.1699     7.5920    27.4688    27.4735    329.996  357.80973  359.45460         12  0.000e+00
      28268 309.511248  -62.22236  -58.21132     -0.100    1446.63     18.863     18.681    -0.8153    -0.8164    -0.0010    -0.8159    -0.8169    -0.0010   2.773193   2.773469   0.000276    34.1646    34.1695     7.5916    27.4692    27.4732    329.976  357.81029  359.45521         12  0.000e+00
      28269 309.511248  -62.22236  -58.21132     -0.100    1446.63     18.932     18.749    -0.8149    -0.8165    -0.0016    -0.8154    -0.8170    -0.0016   2.773181   2.773458   0.000277    34.1639    34.1695     7.5912    27.4686    27.4732    329.958  357.80793  359.45272         12  0.000e+00
      28270 309.511249  -62.22236  -58.21132     -0.098    1446.63     18.911     18.729    -0.8147    -0.8162    -0.0015    -0.8152    -0.8167    -0.0015   2.773241   2.773481   0.000240    34.1645    34.1695     7.5906    27.4691    27.4731    329.935  357.80452  359.44930         12  0.000e+00
      28271 309.511249  -62.22236  -58.21132     -0.101    1446.63     18.863     18.681    -0.8138    -0.8164    -0.0026    -0.8143    -0.8169    -0.0026   2.773312   2.773504   0.000191    34.1644    34.1700     7.5900    27.4690    27.4736    329.906  357.79585  359.44042         12  0.000e+00
      28272 309.511250  -62.22236  -58.21132     -0.103    1446.63     18.863     18.681    -0.8137    -0.8165    -0.0029    -0.8142    -0.8170    -0.0029   2.773294   2.773509   0.000215    34.1641    34.1702     7.5895    27.4687    27.4738    329.887  357.79580  359.44033         12  0.000e+00
      28273 309.511250  -62.22236  -58.21132     -0.101    1446.63     18.884     18.701    -0.8132    -0.8164    -0.0032    -0.8137    -0.8169    -0.0032   2.773318   2.773515   0.000197    34.1639    34.1701     7.5890    27.4685    27.4737    329.865  357.79200  359.43641         12  0.000e+00
      28274 309.511250  -62.22236  -58.21132     -0.103    1446.63     18.863     18.681    -0.8124    -0.8164    -0.0039    -0.8130    -0.8169    -0.0039   2.773348   2.773509   0.000161    34.1634    34.1701     7.5884    27.4681    27.4736    329.840  357.78606  359.43029         12  0.000e+00
      28275 309.511251  -62.22236  -58.21132     -0.106    1446.63     18.863     18.681    -0.8120    -0.8161    -0.0041    -0.8125    -0.8166    -0.0041   2.773360   2.773492   0.000132    34.1631    34.1695     7.5879    27.4678    27.4731    329.818  357.78268  359.42679         12  0.000e+00
      28276 309.511251  -62.22236  -58.21132     -0.106    1446.63     18.884     18.701    -0.8118    -0.8162    -0.0044    -0.8123    -0.8167    -0.0044   2.773420   2.773527   0.000107    34.1637    34.1701     7.5875    27.4683    27.4737    329.797  357.77934  359.42344         12  0.000e+00
      28277 309.511252  -62.22236  -58.21132     -0.106    1446.63     18.863     18.681    -0.8121    -0.8156    -0.0035    -0.8126    -0.8161    -0.0035   2.773414   2.773515   0.000101    34.1639    34.1693     7.5871    27.4685    27.4730    329.780  357.78136  359.42554         12  0.000e+00
      28278 309.511252  -62.22236  -58.21132     -0.106    1446.63     18.863     18.681    -0.8116    -0.8161    -0.0044    -0.8121    -0.8166    -0.0044   2.773396   2.773550   0.000153    34.1631    34.1703     7.5918    27.4678    27.4738    329.984  357.77912  359.42316         12  0.000e+00
      28279 309.511253  -62.22236  -58.21132     -0.103    1446.63     18.884     18.701    -0.8121    -0.8148    -0.0027    -0.8126    -0.8153    -0.0027   2.773402   2.773584   0.000182    34.1637    34.1693     7.5870    27.4683    27.4729    329.777  357.78185  359.42602         12  0.000e+00
      28280 309.511253  -62.22236  -58.21132     -0.105    1446.63     18.815     18.634    -0.8124    -0.8148    -0.0024    -0.8130    -0.8153    -0.0024   2.773408   2.773607   0.000199    34.1643    34.1697     7.5917    27.4688    27.4732    329.982  357.78370  359.42798         12  0.000e+00
      28281 309.511254  -62.22236  -58.21132     -0.106    1446.63     18.863     18.681    -0.8118    -0.8151    -0.0033    -0.8123    -0.8156    -0.0033   2.773456   2.773578   0.000122    34.1642    34.1696     7.5919    27.4687    27.4732    329.990  357.77793  359.42207         12  0.000e+00
      28282 309.511254  -62.22236  -58.21132     -0.103    1446.63     18.863     18.681    -0.8118    -0.8151    -0.0033    -0.8123    -0.8156    -0.0033   2.773444   2.773601   0.000157    34.1640    34.1699     7.5870    27.4685    27.4734    329.777  357.77839  359.42251         12  0.000e+00
      28283 309.511255  -62.22236  -58.21132     -0.105    1446.63     18.836     18.654    -0.8120    -0.8144    -0.0024    -0.8125    -0.8149    -0.0024   2.773402   2.773613   0.000211    34.1636    34.1692     7.5873    27.4682    27.4729    329.791  357.78104  359.42518         12  0.000e+00
      28284 309.511255  -62.22236  -58.21132     -0.105    1446.63     18.815     18.634    -0.8126    -0.8147    -0.0021    -0.8131    -0.8152    -0.0021   2.773360   2.773596   0.000235    34.1637    34.1693     7.5878    27.4684    27.4730    329.810  357.78626  359.43053         12  0.000e+00
      28285 309.511256  -62.22236  -58.21132     -0.103    1446.63     18.863     18.681    -0.8128    -0.8145    -0.0016    -0.8134    -0.8150    -0.0016   2.773336   2.773613   0.000276    34.1637    34.1693     7.5926    27.4683    27.4729    330.020  357.78908  359.43341         12  0.000e+00
      28286 309.511256  -62.22236  -58.21132     -0.107    1446.63     18.781     18.600    -0.8132    -0.8147    -0.0015    -0.8137    -0.8152    -0.0015   2.773318   2.773613   0.000294    34.1639    34.1696     7.5877    27.4685    27.4732    329.807  357.79182  359.43624         12  0.000e+00
      28287 309.511257  -62.22236  -58.21132     -0.103    1446.63     18.863     18.681    -0.8135    -0.8142    -0.0007    -0.8140    -0.8147    -0.0007   2.773306   2.773596   0.000289    34.1640    34.1688     7.5925    27.4686    27.4725    330.018  357.79424  359.43874         12  0.000e+00
