Pos-Processados/process_op38/operantar38_014b.ros
* Sea-Bird SBE 9 Data File:
* FileName = D:\OPERANTAR_XXXVIII\DADOS\OP38_014b.hdr
* Software Version Seasave V 7.18c
* Temperature SN = 4808
* Conductivity SN = 3380
* Number of Bytes Per Scan = 34
* Number of Voltage Words = 3
* Number of Scans Averaged by the Deck Unit = 1
* NMEA Latitude = 62 11.38 S
* NMEA Longitude = 058 03.45 W
* NMEA UTC (Time) = Nov 05 2019 06:44:07
** H41
** NAVIO POLAR ALMIRANTE MAXIMIANO
** CRUZEIRO:
** OPERANTAR XXXVIII
** ESTAÇÃO: OP38_014b
** LAT 62 11,38' S
** LONG 058 03,42' W
** 09P73767-1155_A
** PROFUNDIDADE: 480
** DATA/HORA: 050645Z/NOV/2019
** OPERADOR: SO-HN CHAVES
# nquan = 24
# nvalues = 1836                                  
# units = specified
# name 0 = scan: Scan Count
# name 1 = timeJ: Julian Days
# name 2 = latitude: Latitude [deg]
# name 3 = longitude: Longitude [deg]
# name 4 = dz/dtM: Descent Rate [m/s]
# name 5 = avgsvCM: Average Sound Velocity [Chen-Millero, m/s]
# name 6 = prDM: Pressure, Digiquartz [db]
# name 7 = depSM: Depth [salt water, m]
# name 8 = t090C: Temperature [ITS-90, deg C]
# name 9 = t190C: Temperature, 2 [ITS-90, deg C]
# name 10 = T2-T190C: Temperature Difference, 2 - 1 [ITS-90, deg C]
# name 11 = potemp090C: Potential Temperature [ITS-90, deg C]
# name 12 = potemp190C: Potential Temperature, 2 [ITS-90, deg C]
# name 13 = potemp90Cdiff: Potential Temperature, Diff, 2 - 1 [ITS-90, deg C]
# name 14 = c0S/m: Conductivity [S/m]
# name 15 = c1S/m: Conductivity, 2 [S/m]
# name 16 = C2-C1S/m: Conductivity Difference, 2 - 1 [S/m]
# name 17 = sal00: Salinity, Practical [PSU]
# name 18 = sal11: Salinity, Practical, 2 [PSU]
# name 19 = sbeox0ML/L: Oxygen, SBE 43 [ml/l]
# name 20 = sigma-é00: Density [sigma-theta, kg/m^3]
# name 21 = sigma-é11: Density, 2 [sigma-theta, kg/m^3]
# name 22 = nbf: Bottles Fired
# name 23 = flag:  0.000e+00
# interval = seconds: 0.0416667
# start_time = Nov 05 2019 06:44:07 [NMEA time, header]
# bad_flag = -9.990e-29
*END*
[from data line 967]
       3213 309.282186  -62.18966  -58.05752      0.027       0.00      1.503      1.489    -0.7001    -0.7007    -0.0006    -0.7001    -0.7007    -0.0006   2.781073   2.781487   0.000414    34.1516    34.1579     7.6612    27.4539    27.4590          7  0.000e+00
       3214 309.282186  -62.18966  -58.05752      0.049       0.00      1.599      1.584    -0.7019    -0.7011     0.0008    -0.7020    -0.7012     0.0008   2.780899   2.781435   0.000536    34.1513    34.1577     7.6614    27.4538    27.4589          7  0.000e+00
       3215 309.282187  -62.18966  -58.05752      0.068       0.00      1.551      1.536    -0.7049    -0.7027     0.0022    -0.7049    -0.7027     0.0022   2.780630   2.781355   0.000725    34.1511    34.1584     7.6616    27.4537    27.4595          7  0.000e+00
       3216 309.282187  -62.18966  -58.05752      0.090       0.00      1.599      1.584    -0.7070    -0.7039     0.0031    -0.7071    -0.7040     0.0031   2.780444   2.781223   0.000778    34.1510    34.1580     7.6617    27.4537    27.4592          7  0.000e+00
       3217 309.282188  -62.18966  -58.05752      0.108       0.00      1.599      1.584    -0.7089    -0.7058     0.0031    -0.7089    -0.7058     0.0031   2.780343   2.781062   0.000719    34.1517    34.1579     7.6624    27.4543    27.4592          7  0.000e+00
       3218 309.282188  -62.18966  -58.05752      0.131       0.00      1.654      1.638    -0.7096    -0.7063     0.0034    -0.7097    -0.7063     0.0034   2.780301   2.780970   0.000669    34.1519    34.1572     7.6630    27.4546    27.4587          7  0.000e+00
       3219 309.282188  -62.18966  -58.05752      0.147       0.00      1.620      1.604    -0.7100    -0.7068     0.0031    -0.7100    -0.7069     0.0031   2.780313   2.780952   0.000640    34.1525    34.1576     7.6633    27.4551    27.4591          7  0.000e+00
       3220 309.282189  -62.18966  -58.05752      0.167       0.00      1.654      1.638    -0.7092    -0.7081     0.0011    -0.7092    -0.7081     0.0011   2.780343   2.780883   0.000541    34.1520    34.1581     7.6687    27.4546    27.4595          7  0.000e+00
       3221 309.282189  -62.18966  -58.05752      0.189       0.00      1.702      1.685    -0.7087    -0.7089    -0.0001    -0.7088    -0.7089    -0.0001   2.780391   2.780889   0.000498    34.1521    34.1590     7.6645    27.4546    27.4602          7  0.000e+00
       3222 309.282190  -62.18966  -58.05752      0.204       0.00      1.654      1.638    -0.7087    -0.7081     0.0006    -0.7088    -0.7081     0.0006   2.780409   2.780866   0.000458    34.1524    34.1578     7.6639    27.4549    27.4593          7  0.000e+00
       3223 309.282190  -62.18966  -58.05752      0.222       0.00      1.702      1.685    -0.7091    -0.7082     0.0008    -0.7091    -0.7083     0.0008   2.780385   2.780889   0.000504    34.1524    34.1583     7.6635    27.4549    27.4597          7  0.000e+00
       3224 309.282191  -62.18966  -58.05752      0.238       0.00      1.702      1.685    -0.7091    -0.7084     0.0007    -0.7091    -0.7085     0.0007   2.780331   2.780809   0.000478    34.1517    34.1574     7.6681    27.4543    27.4589          7  0.000e+00
       3225 309.282191  -62.18966  -58.05752      0.254       0.00      1.750      1.733    -0.7095    -0.7092     0.0004    -0.7096    -0.7092     0.0004   2.780343   2.780809   0.000466    34.1523    34.1582     7.6632    27.4549    27.4596          7  0.000e+00
       3226 309.282192  -62.18966  -58.05752      0.268       0.00      1.750      1.733    -0.7096    -0.7089     0.0008    -0.7097    -0.7089     0.0008   2.780373   2.780826   0.000453    34.1529    34.1581     7.6625    27.4553    27.4595          7  0.000e+00
       3227 309.282192  -62.18966  -58.05752      0.281       0.00      1.750      1.733    -0.7095    -0.7087     0.0008    -0.7096    -0.7088     0.0008   2.780379   2.780883   0.000505    34.1528    34.1587     7.6626    27.4553    27.4600          7  0.000e+00
       3228 309.282193  -62.18966  -58.05752      0.292       0.00      1.722      1.706    -0.7088    -0.7085     0.0003    -0.7089    -0.7086     0.0003   2.780397   2.780906   0.000510    34.1523    34.1589     7.6574    27.4548    27.4601          7  0.000e+00
       3229 309.282193  -62.18966  -58.05752      0.303       0.00      1.804      1.787    -0.7084    -0.7081     0.0003    -0.7085    -0.7081     0.0003   2.780445   2.780918   0.000473    34.1524    34.1584     7.6611    27.4549    27.4598          7  0.000e+00
       3230 309.282194  -62.18966  -58.05752      0.316       0.00      1.804      1.787    -0.7080    -0.7076     0.0003    -0.7080    -0.7077     0.0003   2.780451   2.780975   0.000525    34.1520    34.1587     7.6662    27.4545    27.4600          7  0.000e+00
       3231 309.282194  -62.18966  -58.05752      0.325       0.00      1.804      1.787    -0.7081    -0.7076     0.0005    -0.7082    -0.7077     0.0005   2.780451   2.780975   0.000525    34.1522    34.1587     7.6620    27.4547    27.4599          7  0.000e+00
       3232 309.282195  -62.18966  -58.05752      0.332       0.00      1.750      1.733    -0.7081    -0.7070     0.0011    -0.7082    -0.7071     0.0011   2.780457   2.781010   0.000553    34.1523    34.1585     7.6663    27.4548    27.4598          7  0.000e+00
       3233 309.282195  -62.18966  -58.05752      0.337       0.00      1.852      1.834    -0.7080    -0.7067     0.0013    -0.7080    -0.7068     0.0013   2.780474   2.780975   0.000501    34.1523    34.1576     7.6620    27.4548    27.4591          7  0.000e+00
       3234 309.282196  -62.18966  -58.05752      0.345       0.00      1.804      1.787    -0.7075    -0.7061     0.0014    -0.7075    -0.7061     0.0014   2.780463   2.781033   0.000570    34.1516    34.1577     7.6619    27.4542    27.4591          7  0.000e+00
       3235 309.282196  -62.18966  -58.05752      0.347       0.00      1.852      1.834    -0.7078    -0.7059     0.0018    -0.7078    -0.7060     0.0018   2.780457   2.781067   0.000611    34.1518    34.1580     7.6612    27.4544    27.4593          7  0.000e+00
       3236 309.282197  -62.18966  -58.05752      0.353       0.00      1.852      1.834    -0.7086    -0.7056     0.0030    -0.7087    -0.7057     0.0030   2.780433   2.781119   0.000687    34.1524    34.1584     7.6613    27.4549    27.4596          7  0.000e+00
       3237 309.282197  -62.18966  -58.05752      0.354       0.00      1.818      1.800    -0.7084    -0.7056     0.0028    -0.7085    -0.7057     0.0028   2.780391   2.781102   0.000711    34.1517    34.1581     7.6612    27.4543    27.4594          7  0.000e+00
       3238 309.282198  -62.18966  -58.05752      0.352       0.00      1.852      1.834    -0.7089    -0.7059     0.0030    -0.7089    -0.7060     0.0030   2.780397   2.781079   0.000682    34.1523    34.1582     7.6613    27.4548    27.4595          7  0.000e+00
       3239 309.282198  -62.18966  -58.05752      0.352       0.00      1.852      1.834    -0.7087    -0.7059     0.0028    -0.7088    -0.7060     0.0028   2.780409   2.781050   0.000642    34.1522    34.1578     7.6612    27.4548    27.4591          7  0.000e+00
       3240 309.282199  -62.18966  -58.05752      0.351       0.00      1.852      1.834    -0.7089    -0.7061     0.0028    -0.7089    -0.7061     0.0028   2.780385   2.781050   0.000665    34.1521    34.1579     7.6613    27.4547    27.4593          7  0.000e+00
       3241 309.282199  -62.18966  -58.05752      0.344       0.00      1.852      1.834    -0.7087    -0.7055     0.0033    -0.7088    -0.7055     0.0033   2.780397   2.781067   0.000671    34.1521    34.1575     7.6663    27.4546    27.4589          7  0.000e+00
       3242 309.282200  -62.18966  -58.05752      0.343       0.00      1.907      1.889    -0.7086    -0.7056     0.0030    -0.7087    -0.7057     0.0030   2.780403   2.781136   0.000734    34.1520    34.1585     7.6619    27.4546    27.4598          7  0.000e+00
       3243 309.282200  -62.18966  -58.05752      0.337       0.00      1.852      1.834    -0.7091    -0.7050     0.0041    -0.7091    -0.7051     0.0041   2.780385   2.781148   0.000763    34.1523    34.1580     7.6619    27.4548    27.4593          7  0.000e+00
       3244 309.282201  -62.18966  -58.05752      0.333       0.00      1.907      1.889    -0.7096    -0.7053     0.0043    -0.7097    -0.7054     0.0043   2.780361   2.781096   0.000735    34.1526    34.1577     7.6620    27.4551    27.4590          7  0.000e+00
       3245 309.282201  -62.18966  -58.05752      0.319       0.00      1.770      1.753    -0.7103    -0.7059     0.0043    -0.7103    -0.7060     0.0043   2.780295   2.781062   0.000767    34.1525    34.1580     7.6620    27.4551    27.4593          7  0.000e+00
       3246 309.282201  -62.18966  -58.05752      0.321       0.00      2.003      1.983    -0.7101    -0.7061     0.0040    -0.7102    -0.7061     0.0040   2.780295   2.781027   0.000732    34.1522    34.1575     7.6621    27.4548    27.4589          7  0.000e+00
       3247 309.282202  -62.18966  -58.05752      0.312       0.00      1.907      1.888    -0.7103    -0.7064     0.0039    -0.7103    -0.7064     0.0039   2.780295   2.781004   0.000709    34.1524    34.1576     7.6612    27.4550    27.4590          7  0.000e+00
       3248 309.282202  -62.18966  -58.05752      0.307       0.00      1.907      1.888    -0.7101    -0.7063     0.0039    -0.7102    -0.7063     0.0039   2.780295   2.781016   0.000721    34.1522    34.1576     7.6610    27.4548    27.4590          7  0.000e+00
       3249 309.282203  -62.18966  -58.05752      0.298       0.00      1.907      1.888    -0.7095    -0.7064     0.0031    -0.7096    -0.7064     0.0031   2.780319   2.781004   0.000685    34.1519    34.1576     7.6608    27.4545    27.4590          7  0.000e+00
       3250 309.282203  -62.18966  -58.05752      0.288       0.00      1.907      1.888    -0.7095    -0.7061     0.0034    -0.7096    -0.7061     0.0034   2.780307   2.780970   0.000663    34.1517    34.1568     7.6607    27.4544    27.4584          7  0.000e+00
       3251 309.282204  -62.18966  -58.05752      0.282       0.00      1.907      1.888    -0.7100    -0.7064     0.0036    -0.7100    -0.7064     0.0036   2.780283   2.780970   0.000687    34.1519    34.1572     7.6607    27.4546    27.4587          7  0.000e+00
       3252 309.282204  -62.18966  -58.05752      0.273       0.00      1.907      1.888    -0.7103    -0.7068     0.0034    -0.7103    -0.7069     0.0034   2.780253   2.780947   0.000694    34.1519    34.1574     7.6607    27.4545    27.4588          7  0.000e+00
       3253 309.282205  -62.18966  -58.05752      0.255       0.00      1.852      1.834    -0.7108    -0.7068     0.0039    -0.7108    -0.7069     0.0039   2.780241   2.780947   0.000706    34.1523    34.1574     7.6607    27.4549    27.4589          7  0.000e+00
       3254 309.282205  -62.18966  -58.05752      0.244       0.00      1.873      1.855    -0.7113    -0.7073     0.0040    -0.7114    -0.7074     0.0040   2.780187   2.780958   0.000771    34.1522    34.1581     7.6607    27.4548    27.4595          7  0.000e+00
       3255 309.282206  -62.18966  -58.05752      0.239       0.00      1.955      1.936    -0.7119    -0.7064     0.0055    -0.7119    -0.7064     0.0055   2.780151   2.780993   0.000841    34.1522    34.1574     7.6608    27.4549    27.4589          7  0.000e+00
       3256 309.282206  -62.18966  -58.05752      0.230       0.00      1.907      1.888    -0.7115    -0.7053     0.0062    -0.7116    -0.7054     0.0062   2.780217   2.781021   0.000804    34.1528    34.1566     7.6598    27.4553    27.4582          7  0.000e+00
       3257 309.282207  -62.18966  -58.05752      0.217       0.00      1.907      1.888    -0.7115    -0.7059     0.0056    -0.7116    -0.7060     0.0056   2.780205   2.780958   0.000753    34.1526    34.1565     7.6588    27.4552    27.4581          7  0.000e+00
       3258 309.282207  -62.18966  -58.05752      0.205       0.00      1.907      1.888    -0.7110    -0.7061     0.0050    -0.7111    -0.7061     0.0050   2.780229   2.780987   0.000758    34.1524    34.1570     7.6586    27.4550    27.4586          7  0.000e+00
       3259 309.282208  -62.18966  -58.05752      0.196       0.00      1.852      1.834    -0.7112    -0.7070     0.0042    -0.7113    -0.7071     0.0042   2.780283   2.780970   0.000687    34.1534    34.1579     7.6592    27.4558    27.4593          7  0.000e+00
       3260 309.282208  -62.18966  -58.05752      0.184       0.00      1.907      1.888    -0.7110    -0.7072     0.0039    -0.7111    -0.7072     0.0039   2.780241   2.780993   0.000752    34.1526    34.1583     7.6591    27.4551    27.4597          7  0.000e+00
       3261 309.282209  -62.18966  -58.05752      0.175       0.00      1.907      1.888    -0.7106    -0.7068     0.0037    -0.7106    -0.7069     0.0037   2.780259   2.780952   0.000693    34.1523    34.1574     7.6589    27.4549    27.4589          7  0.000e+00
       3262 309.282209  -62.18966  -58.05752      0.164       0.00      1.907      1.888    -0.7095    -0.7064     0.0031    -0.7096    -0.7064     0.0031   2.780331   2.780924   0.000593    34.1521    34.1565     7.6585    27.4547    27.4582          7  0.000e+00
       3263 309.282210  -62.18966  -58.05752      0.155       0.00      1.872      1.854    -0.7095    -0.7080     0.0016    -0.7096    -0.7080     0.0016   2.780391   2.780837   0.000447    34.1529    34.1572     7.6583    27.4553    27.4587          7  0.000e+00
       3264 309.282210  -62.18966  -58.05752      0.141       0.00      1.852      1.834    -0.7091    -0.7098    -0.0007    -0.7091    -0.7098    -0.0007   2.780439   2.780717   0.000278    34.1530    34.1576     7.6580    27.4554    27.4592          7  0.000e+00
       3265 309.282211  -62.18966  -58.05752      0.132       0.00      1.907      1.888    -0.7089    -0.7112    -0.0023    -0.7089    -0.7112    -0.0023   2.780415   2.780579   0.000164    34.1525    34.1573     7.6580    27.4550    27.4590          7  0.000e+00
       3266 309.282211  -62.18966  -58.05752      0.120       0.00      1.852      1.834    -0.7087    -0.7116    -0.0029    -0.7088    -0.7117    -0.0029   2.780427   2.780550   0.000123    34.1525    34.1575     7.6577    27.4550    27.4591          7  0.000e+00
       3267 309.282212  -62.18966  -58.05752      0.110       0.00      1.852      1.834    -0.7083    -0.7123    -0.0040    -0.7083    -0.7123    -0.0040   2.780469   2.780607   0.000139    34.1525    34.1590     7.6575    27.4550    27.4604          7  0.000e+00
       3268 309.282212  -62.18966  -58.05752      0.098       0.00      1.852      1.834    -0.7080    -0.7116    -0.0037    -0.7080    -0.7117    -0.0037   2.780486   2.780630   0.000144    34.1524    34.1585     7.6573    27.4549    27.4600          7  0.000e+00
       3269 309.282213  -62.18966  -58.05752      0.087       0.00      1.852      1.834    -0.7081    -0.7112    -0.0030    -0.7082    -0.7112    -0.0030   2.780463   2.780711   0.000248    34.1523    34.1591     7.6529    27.4548    27.4604          7  0.000e+00
       3270 309.282213  -62.18966  -58.05752      0.079       0.00      1.852      1.834    -0.7083    -0.7101    -0.0018    -0.7083    -0.7101    -0.0018   2.780451   2.780768   0.000318    34.1523    34.1586     7.6572    27.4548    27.4600          7  0.000e+00
       3271 309.282214  -62.18966  -58.05752      0.067       0.00      1.852      1.834    -0.7081    -0.7095    -0.0013    -0.7082    -0.7095    -0.0013   2.780433   2.780809   0.000376    34.1519    34.1585     7.6571    27.4545    27.4599          7  0.000e+00
