Pos-Processados/process_op38/operantar38_006.ros
* Sea-Bird SBE 9 Data File:
* FileName = D:\OPERANTAR_XXXVIII\DADOS\OP38_006.hdr
* Software Version Seasave V 7.18c
* Temperature SN = 4808
* Conductivity SN = 3380
* Number of Bytes Per Scan = 31
* Number of Voltage Words = 2
* Number of Scans Averaged by the Deck Unit = 1
* NMEA Latitude = 45 04.05 S
* NMEA Longitude = 051 28.82 W
* NMEA UTC (Time) = Oct 19 2019 17:49:21
** H41
** NAVIO POLAR ALMIRANTE MAXIMIANO
** CRUZEIRO:
** OPERANTAR XXXVIII
** ESTAÇÃO: OP38_006
** LAT 45º 04,05' S
** LONG 051º 28,85' W
** 09P73767-1155
** PROFUNDIDADE: 5872
** DATA/HORA: 191750Z/OUT/2019
** OPERADOR: SO-HN CHAVES
# nquan = 27
# nvalues = 4279                                  
# units = specified
# name 0 = scan: Scan Count
# name 1 = timeJ: Julian Days
# name 2 = latitude: Latitude [deg]
# name 3 = longitude: Longitude [deg]
# name 4 = dz/dtM: Descent Rate [m/s]
# name 5 = avgsvCM: Average Sound Velocity [Chen-Millero, m/s]
# name 6 = prDM: Pressure, Digiquartz [db]
# name 7 = depSM: Depth [salt water, m]
# name 8 = t090C: Temperature [ITS-90, deg C]
# name 9 = t190C: Temperature, 2 [ITS-90, deg C]
# name 10 = T2-T190C: Temperature Difference, 2 - 1 [ITS-90, deg C]
# name 11 = potemp090C: Potential Temperature [ITS-90, deg C]
# name 12 = potemp190C: Potential Temperature, 2 [ITS-90, deg C]
# name 13 = potemp90Cdiff: Potential Temperature, Diff, 2 - 1 [ITS-90, deg C]
# name 14 = c0S/m: Conductivity [S/m]
# name 15 = c1S/m: Conductivity, 2 [S/m]
# name 16 = C2-C1S/m: Conductivity Difference, 2 - 1 [S/m]
# name 17 = sal00: Salinity, Practical [PSU]
# name 18 = sal11: Salinity, Practical, 2 [PSU]
# name 19 = sbeox0ML/L: Oxygen, SBE 43 [ml/l]
# name 20 = sigma-é00: Density [sigma-theta, kg/m^3]
# name 21 = sigma-é11: Density, 2 [sigma-theta, kg/m^3]
# name 22 = sbox0Mm/Kg: Oxygen, SBE 43 [umol/kg]
# name 23 = oxsolMm/Kg: Oxygen Saturation, Garcia & Gordon [umol/kg]
# name 24 = oxsatMm/Kg: Oxygen Saturation, Weiss [umol/kg]
# name 25 = nbf: Bottles Fired
# name 26 = flag:  0.000e+00
# interval = seconds: 0.0416667
# start_time = Oct 19 2019 17:49:21 [NMEA time, header]
# bad_flag = -9.990e-29
*END*
[from data line 2739]
      71531 292.777100  -45.06752  -51.48048      0.380    1473.25      3.475      3.447     8.0186     8.0199     0.0013     8.0183     8.0196     0.0013   3.554130   3.554857   0.000727    34.2601    34.2665     6.6761    26.6900    26.6949    290.404  288.34913  288.66969         16  0.000e+00
      71532 292.777100  -45.06752  -51.48048      0.379    1473.25      3.653      3.623     8.0187     8.0202     0.0016     8.0183     8.0199     0.0016   3.554143   3.554870   0.000727    34.2601    34.2663     6.6725    26.6900    26.6947    290.247  288.34879  288.66934         16  0.000e+00
      71533 292.777101  -45.06752  -51.48048      0.372    1473.25      3.571      3.542     8.0183     8.0201     0.0018     8.0180     8.0197     0.0018   3.554150   3.554870   0.000720    34.2605    34.2665     6.6761    26.6904    26.6948    290.402  288.35011  288.67071         16  0.000e+00
      71534 292.777101  -45.06752  -51.48048      0.363    1473.25      3.571      3.542     8.0187     8.0201     0.0014     8.0183     8.0197     0.0014   3.554150   3.554870   0.000720    34.2602    34.2665     6.6723    26.6901    26.6948    290.238  288.34856  288.66911         16  0.000e+00
      71535 292.777102  -45.06752  -51.48048      0.359    1473.25      3.626      3.596     8.0192     8.0203     0.0011     8.0188     8.0199     0.0011   3.554169   3.554876   0.000707    34.2599    34.2664     6.6759    26.6897    26.6947    290.394  288.34595  288.66645         16  0.000e+00
      71536 292.777102  -45.06752  -51.48048      0.350    1473.25      3.571      3.542     8.0194     8.0196     0.0002     8.0191     8.0192     0.0002   3.554229   3.554844   0.000616    34.2603    34.2667     6.6759    26.6900    26.6951    290.396  288.34345  288.66393         16  0.000e+00
      71537 292.777103  -45.06752  -51.48048      0.339    1473.25      3.571      3.542     8.0196     8.0196    -0.0000     8.0193     8.0192    -0.0000   3.554288   3.554819   0.000532    34.2607    34.2665     6.6760    26.6903    26.6949    290.400  288.34123  288.66170         16  0.000e+00
      71538 292.777103  -45.06752  -51.48048      0.331    1473.25      3.626      3.596     8.0200     8.0193    -0.0007     8.0196     8.0189    -0.0007   3.554288   3.554807   0.000519    34.2603    34.2666     6.6762    26.6900    26.6950    290.407  288.33973  288.66016         16  0.000e+00
      71539 292.777104  -45.06752  -51.48048      0.317    1473.25      3.571      3.542     8.0206     8.0190    -0.0017     8.0203     8.0186    -0.0017   3.554301   3.554838   0.000537    34.2599    34.2673     6.6762    26.6895    26.6956    290.408  288.33649  288.65684         16  0.000e+00
      71540 292.777104  -45.06752  -51.48048      0.310    1473.25      3.626      3.596     8.0209     8.0189    -0.0020     8.0206     8.0186    -0.0020   3.554288   3.554838   0.000551    34.2594    34.2673     6.6764    26.6891    26.6956    290.416  288.33551  288.65582         16  0.000e+00
      71541 292.777105  -45.06752  -51.48048      0.293    1473.25      3.571      3.542     8.0204     8.0194    -0.0010     8.0200     8.0191    -0.0010   3.554301   3.554838   0.000537    34.2601    34.2668     6.6765    26.6898    26.6952    290.423  288.33760  288.65798         16  0.000e+00
      71542 292.777105  -45.06752  -51.48048      0.287    1473.25      3.626      3.596     8.0203     8.0194    -0.0009     8.0199     8.0190    -0.0009   3.554235   3.554844   0.000609    34.2595    34.2669     6.6768    26.6893    26.6952    290.433  288.33958  288.65996         16  0.000e+00
      71543 292.777106  -45.06752  -51.48048      0.276    1473.25      3.626      3.596     8.0198     8.0193    -0.0005     8.0195     8.0189    -0.0005   3.554235   3.554838   0.000603    34.2599    34.2669     6.6770    26.6897    26.6953    290.442  288.34158  288.66201         16  0.000e+00
      71544 292.777106  -45.06752  -51.48048      0.264    1473.25      3.626      3.596     8.0198     8.0193    -0.0006     8.0195     8.0189    -0.0006   3.554248   3.554819   0.000571    34.2601    34.2667     6.6771    26.6898    26.6951    290.448  288.34128  288.66172         16  0.000e+00
      71545 292.777106  -45.06752  -51.48048      0.253    1473.25      3.626      3.596     8.0196     8.0193    -0.0004     8.0193     8.0189    -0.0004   3.554248   3.554807   0.000558    34.2603    34.2666     6.6769    26.6900    26.6950    290.438  288.34217  288.66263         16  0.000e+00
      71546 292.777107  -45.06752  -51.48048      0.244    1473.25      3.626      3.596     8.0194     8.0191    -0.0003     8.0191     8.0187    -0.0003   3.554248   3.554769   0.000520    34.2605    34.2664     6.6770    26.6902    26.6949    290.444  288.34306  288.66355         16  0.000e+00
      71547 292.777107  -45.06752  -51.48048      0.228    1473.25      3.571      3.542     8.0196     8.0186    -0.0010     8.0193     8.0183    -0.0010   3.554248   3.554769   0.000520    34.2603    34.2668     6.6771    26.6900    26.6953    290.447  288.34212  288.66258         16  0.000e+00
      71548 292.777108  -45.06752  -51.48048      0.220    1473.25      3.626      3.596     8.0195     8.0188    -0.0007     8.0191     8.0184    -0.0007   3.554268   3.554775   0.000507    34.2606    34.2668     6.6773    26.6903    26.6952    290.455  288.34240  288.66288         16  0.000e+00
      71549 292.777108  -45.06752  -51.48048      0.210    1473.25      3.626      3.596     8.0200     8.0189    -0.0011     8.0196     8.0186    -0.0011   3.554281   3.554781   0.000500    34.2603    34.2667     6.6774    26.6899    26.6951    290.458  288.33988  288.66030         16  0.000e+00
      71550 292.777109  -45.06752  -51.48048      0.199    1473.25      3.626      3.596     8.0201     8.0191    -0.0010     8.0197     8.0187    -0.0010   3.554281   3.554750   0.000469    34.2602    34.2662     6.6736    26.6898    26.6947    290.296  288.33943  288.65985         16  0.000e+00
      71551 292.777109  -45.06752  -51.48048      0.191    1473.25      3.626      3.596     8.0201     8.0185    -0.0016     8.0198     8.0181    -0.0016   3.554255   3.554775   0.000520    34.2598    34.2670     6.6777    26.6896    26.6955    290.471  288.33980  288.66021         16  0.000e+00
      71552 292.777110  -45.06752  -51.48048      0.181    1473.25      3.626      3.596     8.0203     8.0194    -0.0009     8.0199     8.0190    -0.0009   3.554248   3.554775   0.000527    34.2596    34.2661     6.6778    26.6894    26.6946    290.478  288.33929  288.65967         16  0.000e+00
      71553 292.777110  -45.06752  -51.48048      0.174    1473.25      3.626      3.596     8.0201     8.0194    -0.0007     8.0198     8.0190    -0.0007   3.554248   3.554807   0.000558    34.2598    34.2665     6.6780    26.6895    26.6949    290.486  288.33995  288.66035         16  0.000e+00
      71554 292.777111  -45.06752  -51.48048      0.158    1473.25      3.599      3.569     8.0198     8.0196    -0.0002     8.0195     8.0192    -0.0002   3.554222   3.554832   0.000610    34.2598    34.2666     6.6782    26.6896    26.6950    290.495  288.34185  288.66228         16  0.000e+00
      71555 292.777111  -45.06752  -51.48048      0.151    1473.25      3.626      3.596     8.0201     8.0198    -0.0003     8.0197     8.0194    -0.0003   3.554261   3.554788   0.000526    34.2600    34.2659     6.6783    26.6897    26.6944    290.501  288.33988  288.66029         16  0.000e+00
      71556 292.777112  -45.06752  -51.48048      0.143    1473.25      3.626      3.597     8.0198     8.0194    -0.0004     8.0195     8.0190    -0.0004   3.554255   3.554756   0.000501    34.2601    34.2659     6.6785    26.6899    26.6945    290.510  288.34114  288.66157         16  0.000e+00
      71557 292.777112  -45.06752  -51.48048      0.135    1473.25      3.626      3.597     8.0203     8.0193    -0.0010     8.0199     8.0189    -0.0010   3.554196   3.554794   0.000598    34.2591    34.2665     6.6783    26.6889    26.6949    290.498  288.34047  288.66084         16  0.000e+00
      71558 292.777113  -45.06752  -51.48048      0.126    1473.25      3.626      3.597     8.0196     8.0191    -0.0005     8.0193     8.0187    -0.0005   3.554183   3.554813   0.000630    34.2596    34.2668     6.6823    26.6894    26.6952    290.676  288.34365  288.66410         16  0.000e+00
      71559 292.777113  -45.06752  -51.48048      0.122    1473.25      3.674      3.644     8.0198     8.0195    -0.0004     8.0195     8.0191    -0.0004   3.554183   3.554807   0.000624    34.2593    34.2664     6.6829    26.6892    26.6948    290.700  288.34281  288.66323         16  0.000e+00
      71560 292.777114  -45.06752  -51.48048      0.112    1473.25      3.571      3.542     8.0199     8.0194    -0.0005     8.0196     8.0191    -0.0005   3.554202   3.554743   0.000541    34.2595    34.2658     6.6829    26.6893    26.6944    290.699  288.34182  288.66224         16  0.000e+00
      71561 292.777114  -45.06752  -51.48048      0.105    1473.25      3.626      3.597     8.0203     8.0189    -0.0014     8.0199     8.0186    -0.0014   3.554215   3.554762   0.000547    34.2593    34.2665     6.6795    26.6891    26.6950    290.553  288.34003  288.66040         16  0.000e+00
      71562 292.777115  -45.06752  -51.48048      0.102    1473.25      3.674      3.644     8.0204     8.0189    -0.0015     8.0201     8.0185    -0.0015   3.554235   3.554775   0.000540    34.2593    34.2666     6.6831    26.6891    26.6951    290.706  288.33896  288.65932         16  0.000e+00
      71563 292.777115  -45.06752  -51.48048      0.094    1473.25      3.626      3.597     8.0200     8.0190    -0.0010     8.0196     8.0186    -0.0010   3.554169   3.554756   0.000587    34.2591    34.2664     6.6836    26.6890    26.6949    290.728  288.34239  288.66280         16  0.000e+00
      71564 292.777116  -45.06752  -51.48048      0.087    1473.25      3.626      3.597     8.0188     8.0186    -0.0002     8.0184     8.0182    -0.0002   3.554005   3.554769   0.000764    34.2585    34.2669     6.6842    26.6887    26.6953    290.757  288.35143  288.67194         16  0.000e+00
      71565 292.777116  -45.06752  -51.48048      0.084    1473.25      3.626      3.597     8.0172     8.0186     0.0014     8.0168     8.0182     0.0014   3.553860   3.554687   0.000826    34.2585    34.2660     6.6849    26.6890    26.6946    290.786  288.36157  288.68224         16  0.000e+00
      71566 292.777117  -45.06752  -51.48048      0.077    1473.25      3.626      3.597     8.0159     8.0178     0.0019     8.0155     8.0174     0.0019   3.553762   3.554624   0.000862    34.2587    34.2661     6.6812    26.6893    26.6948    290.627  288.36956  288.69037         16  0.000e+00
      71567 292.777117  -45.06752  -51.48048      0.072    1473.25      3.626      3.597     8.0151     8.0175     0.0024     8.0147     8.0171     0.0024   3.553762   3.554617   0.000855    34.2595    34.2663     6.6852    26.6901    26.6950    290.798  288.37312  288.69402         16  0.000e+00
      71568 292.777118  -45.06752  -51.48048      0.068    1473.25      3.626      3.597     8.0147     8.0175     0.0027     8.0144     8.0171     0.0027   3.553768   3.554649   0.000880    34.2599    34.2667     6.6851    26.6905    26.6954    290.797  288.37453  288.69547         16  0.000e+00
      71569 292.777118  -45.06752  -51.48048      0.062    1473.25      3.626      3.597     8.0158     8.0178     0.0019     8.0155     8.0174     0.0019   3.553867   3.554699   0.000832    34.2599    34.2669     6.6853    26.6903    26.6955    290.804  288.36742  288.68825         16  0.000e+00
      71570 292.777119  -45.06752  -51.48048      0.060    1473.25      3.674      3.644     8.0164     8.0176     0.0012     8.0160     8.0173     0.0012   3.553900   3.554693   0.000793    34.2597    34.2670     6.6856    26.6900    26.6956    290.816  288.36428  288.68506         16  0.000e+00
      71571 292.777119  -45.06752  -51.48048      0.053    1473.25      3.571      3.542     8.0164     8.0178     0.0014     8.0160     8.0174     0.0014   3.553900   3.554611   0.000711    34.2597    34.2660     6.6858    26.6901    26.6948    290.826  288.36418  288.68495         16  0.000e+00
      71572 292.777120  -45.06752  -51.48048      0.050    1473.25      3.626      3.597     8.0160     8.0154    -0.0006     8.0157     8.0150    -0.0006   3.553939   3.554472   0.000533    34.2605    34.2668     6.6862    26.6907    26.6958    290.841  288.36490  288.68573         16  0.000e+00
      71573 292.777120  -45.06752  -51.48048      0.041    1473.25      3.571      3.542     8.0164     8.0139    -0.0025     8.0160     8.0135    -0.0025   3.553979   3.554308   0.000329    34.2606    34.2666     6.6863    26.6907    26.6958    290.848  288.36240  288.68319         16  0.000e+00
      71574 292.777120  -45.06752  -51.48048      0.040    1473.25      3.674      3.644     8.0165     8.0135    -0.0030     8.0161     8.0132    -0.0030   3.553966   3.554314   0.000349    34.2603    34.2669     6.6867    26.6905    26.6961    290.863  288.36236  288.68313         16  0.000e+00
      71575 292.777121  -45.06752  -51.48048      0.033    1473.25      3.571      3.542     8.0164     8.0143    -0.0020     8.0160     8.0140    -0.0020   3.553979   3.554390   0.000411    34.2606    34.2670     6.6864    26.6907    26.6961    290.851  288.36240  288.68319         16  0.000e+00
      71576 292.777121  -45.06752  -51.48048      0.031    1473.25      3.626      3.597     8.0168     8.0142    -0.0026     8.0165     8.0139    -0.0026   3.554064   3.554396   0.000332    34.2610    34.2671     6.6865    26.6910    26.6962    290.857  288.35853  288.67929         16  0.000e+00
      71577 292.777122  -45.06752  -51.48048      0.026    1473.25      3.599      3.570     8.0178     8.0145    -0.0033     8.0175     8.0142    -0.0033   3.554156   3.554428   0.000272    34.2610    34.2672     6.6865    26.6909    26.6962    290.857  288.35199  288.67264         16  0.000e+00
      71578 292.777122  -45.06752  -51.48048      0.018    1473.25      3.571      3.542     8.0187     8.0143    -0.0043     8.0183     8.0140    -0.0043   3.554229   3.554428   0.000199    34.2610    34.2674     6.6865    26.6907    26.6964    290.858  288.34678  288.66735         16  0.000e+00
      71579 292.777123  -45.06752  -51.48048      0.013    1473.25      3.571      3.542     8.0199     8.0150    -0.0049     8.0196     8.0146    -0.0049   3.554314   3.554428   0.000114    34.2607    34.2667     6.6899    26.6903    26.6958    291.006  288.33931  288.65974         16  0.000e+00
      71580 292.777123  -45.06752  -51.48048      0.002    1473.25      3.571      3.542     8.0200     8.0150    -0.0050     8.0196     8.0146    -0.0050   3.554314   3.554485   0.000171    34.2606    34.2674     6.6904    26.6902    26.6962    291.027  288.33908  288.65952         16  0.000e+00
      71581 292.777124  -45.06752  -51.48048      0.002    1473.25      3.571      3.542     8.0196     8.0155    -0.0041     8.0193     8.0152    -0.0041   3.554209   3.554560   0.000352    34.2599    34.2676     6.6867    26.6897    26.6964    290.866  288.34301  288.66346         16  0.000e+00
      71582 292.777124  -45.06752  -51.48048     -0.006    1473.25      3.524      3.495     8.0188     8.0161    -0.0027     8.0185     8.0158    -0.0027   3.554084   3.554567   0.000483    34.2593    34.2671     6.6869    26.6894    26.6959    290.872  288.34932  288.66985         16  0.000e+00
