Pos-Processados/process_op38/operantar38_021.ros
* Sea-Bird SBE 9 Data File:
* FileName = D:\OPERANTAR_XXXVIII\DADOS\OP38_021.hdr
* Software Version Seasave V 7.18c
* Temperature SN = 4808
* Conductivity SN = 3380
* Number of Bytes Per Scan = 34
* Number of Voltage Words = 3
* Number of Scans Averaged by the Deck Unit = 1
* NMEA Latitude = 62 13.30 S
* NMEA Longitude = 058 22.74 W
* NMEA UTC (Time) = Nov 22 2019 13:35:38
** H41
** NAVIO POLAR ALMIRANTE MAXIMIANO
** CRUZEIRO:
** OPERANTAR XXXVIII
** ESTAÇÃO: OP38_021
** LAT 62 13,29'S
** LONG 058 22,75'W
** 09P73767-1155_A
** PROFUNDIDADE: 271
** DATA/HORA: 221336Z/NOV/2019
** OPERADOR: SO-HN CHAVES
# nquan = 27
# nvalues = 1423                                  
# units = specified
# name 0 = scan: Scan Count
# name 1 = timeJ: Julian Days
# name 2 = latitude: Latitude [deg]
# name 3 = longitude: Longitude [deg]
# name 4 = dz/dtM: Descent Rate [m/s]
# name 5 = avgsvCM: Average Sound Velocity [Chen-Millero, m/s]
# name 6 = prDM: Pressure, Digiquartz [db]
# name 7 = depSM: Depth [salt water, m]
# name 8 = t090C: Temperature [ITS-90, deg C]
# name 9 = t190C: Temperature, 2 [ITS-90, deg C]
# name 10 = T2-T190C: Temperature Difference, 2 - 1 [ITS-90, deg C]
# name 11 = potemp090C: Potential Temperature [ITS-90, deg C]
# name 12 = potemp190C: Potential Temperature, 2 [ITS-90, deg C]
# name 13 = potemp90Cdiff: Potential Temperature, Diff, 2 - 1 [ITS-90, deg C]
# name 14 = c0S/m: Conductivity [S/m]
# name 15 = c1S/m: Conductivity, 2 [S/m]
# name 16 = C2-C1S/m: Conductivity Difference, 2 - 1 [S/m]
# name 17 = sal00: Salinity, Practical [PSU]
# name 18 = sal11: Salinity, Practical, 2 [PSU]
# name 19 = sbeox0ML/L: Oxygen, SBE 43 [ml/l]
# name 20 = sigma-é00: Density [sigma-theta, kg/m^3]
# name 21 = sigma-é11: Density, 2 [sigma-theta, kg/m^3]
# name 22 = sbox0Mm/Kg: Oxygen, SBE 43 [umol/kg]
# name 23 = oxsolMm/Kg: Oxygen Saturation, Garcia & Gordon [umol/kg]
# name 24 = oxsatMm/Kg: Oxygen Saturation, Weiss [umol/kg]
# name 25 = nbf: Bottles Fired
# name 26 = flag:  0.000e+00
# interval = seconds: 0.0416667
# start_time = Nov 22 2019 13:35:38 [NMEA time, header]
# bad_flag = -9.990e-29
*END*
[from data line 162]
      20142 326.576125  -62.22180  -58.37916      0.011    1447.92      2.874      2.846    -0.4021    -0.3956     0.0065    -0.4022    -0.3957     0.0065   2.808466   2.809282   0.000817    34.1835    34.1871     7.5733    27.4667    27.4693    329.183  353.87851  355.43635          1  0.000e+00
      20143 326.576126  -62.22180  -58.37916      0.018    1447.92      2.874      2.846    -0.4021    -0.3957     0.0064    -0.4022    -0.3958     0.0064   2.808496   2.809323   0.000827    34.1839    34.1878     7.5739    27.4670    27.4698    329.206  353.87739  355.43526          1  0.000e+00
      20144 326.576126  -62.22180  -58.37916      0.021    1447.92      2.819      2.792    -0.4023    -0.3956     0.0067    -0.4024    -0.3957     0.0067   2.808556   2.809305   0.000750    34.1850    34.1875     7.5743    27.4678    27.4696    329.226  353.87613  355.43410          1  0.000e+00
      20145 326.576127  -62.22180  -58.37916      0.024    1447.92      2.874      2.846    -0.4023    -0.3953     0.0070    -0.4024    -0.3954     0.0070   2.808580   2.809305   0.000726    34.1852    34.1871     7.5698    27.4681    27.4692    329.028  353.87533  355.43331          1  0.000e+00
      20146 326.576127  -62.22180  -58.37916      0.027    1447.92      2.874      2.846    -0.4017    -0.3952     0.0064    -0.4017    -0.3953     0.0064   2.808598   2.809346   0.000748    34.1848    34.1876     7.5745    27.4677    27.4696    329.233  353.87074  355.42856          1  0.000e+00
      20147 326.576128  -62.22180  -58.37916      0.032    1447.92      2.922      2.894    -0.4010    -0.3956     0.0054    -0.4011    -0.3957     0.0054   2.808628   2.809311   0.000684    34.1844    34.1875     7.5749    27.4674    27.4696    329.250  353.86578  355.42345          1  0.000e+00
      20148 326.576128  -62.22180  -58.37916      0.035    1447.92      2.874      2.846    -0.4007    -0.3948     0.0059    -0.4008    -0.3949     0.0059   2.808592   2.809329   0.000737    34.1837    34.1868     7.5701    27.4667    27.4690    329.045  353.86525  355.42282          1  0.000e+00
      20149 326.576128  -62.22180  -58.37916      0.041    1447.92      2.874      2.846    -0.4010    -0.3954     0.0056    -0.4011    -0.3955     0.0056   2.808580   2.809357   0.000778    34.1838    34.1879     7.5750    27.4669    27.4699    329.255  353.86748  355.42512          1  0.000e+00
      20150 326.576129  -62.22180  -58.37916      0.041    1447.92      2.874      2.846    -0.4008    -0.3953     0.0056    -0.4009    -0.3954     0.0056   2.808544   2.809329   0.000785    34.1831    34.1874     7.5754    27.4663    27.4695    329.273  353.86775  355.42531          1  0.000e+00
      20151 326.576129  -62.22180  -58.37916      0.044    1447.92      2.874      2.846    -0.4010    -0.3954     0.0056    -0.4011    -0.3955     0.0056   2.808526   2.809334   0.000809    34.1831    34.1876     7.5758    27.4663    27.4697    329.291  353.86949  355.42709          1  0.000e+00
      20152 326.576130  -62.22180  -58.37916      0.048    1447.92      2.922      2.894    -0.4006    -0.3951     0.0055    -0.4007    -0.3952     0.0055   2.808586   2.809375   0.000789    34.1833    34.1878     7.5718    27.4665    27.4698    329.116  353.86449  355.42200          1  0.000e+00
      20153 326.576130  -62.22180  -58.37916      0.045    1447.92      2.840      2.812    -0.4001    -0.3951     0.0050    -0.4002    -0.3952     0.0050   2.808586   2.809357   0.000772    34.1829    34.1876     7.5712    27.4661    27.4697    329.092  353.86149  355.41888          1  0.000e+00
      20154 326.576131  -62.22180  -58.37916      0.053    1447.92      2.970      2.941    -0.4001    -0.3957     0.0044    -0.4002    -0.3958     0.0044   2.808640   2.809381   0.000741    34.1835    34.1885     7.5717    27.4666    27.4704    329.114  353.85970  355.41713          1  0.000e+00
      20155 326.576131  -62.22180  -58.37916      0.054    1447.92      2.874      2.846    -0.3996    -0.3956     0.0041    -0.3997    -0.3956     0.0041   2.808682   2.809369   0.000687    34.1836    34.1882     7.5720    27.4666    27.4702    329.124  353.85512  355.41246          1  0.000e+00
      20156 326.576132  -62.22180  -58.37916      0.058    1447.92      2.922      2.894    -0.3996    -0.3954     0.0042    -0.3997    -0.3955     0.0042   2.808706   2.809369   0.000663    34.1839    34.1881     7.5717    27.4669    27.4700    329.112  353.85431  355.41166          1  0.000e+00
      20157 326.576132  -62.22180  -58.37916      0.062    1447.92      2.922      2.894    -0.3991    -0.3953     0.0038    -0.3991    -0.3954     0.0038   2.808676   2.809404   0.000728    34.1829    34.1884     7.5713    27.4660    27.4703    329.095  353.85186  355.40903          1  0.000e+00
      20158 326.576133  -62.22180  -58.37916      0.062    1447.92      2.922      2.894    -0.4000    -0.3956     0.0044    -0.4001    -0.3956     0.0044   2.808640   2.809398   0.000758    34.1834    34.1886     7.5712    27.4665    27.4705    329.089  353.85891  355.41631          1  0.000e+00
      20159 326.576133  -62.22180  -58.37916      0.065    1447.92      2.922      2.894    -0.3998    -0.3954     0.0044    -0.3999    -0.3955     0.0044   2.808652   2.809375   0.000723    34.1834    34.1881     7.5708    27.4665    27.4701    329.074  353.85739  355.41475          1  0.000e+00
      20160 326.576134  -62.22180  -58.37916      0.065    1447.92      2.922      2.894    -0.3995    -0.3951     0.0044    -0.3996    -0.3952     0.0044   2.808640   2.809404   0.000764    34.1829    34.1882     7.5705    27.4661    27.4701    329.059  353.85605  355.41333          1  0.000e+00
      20161 326.576134  -62.22180  -58.37916      0.068    1447.92      2.922      2.894    -0.3995    -0.3959     0.0037    -0.3996    -0.3960     0.0037   2.808634   2.809375   0.000741    34.1828    34.1886     7.5702    27.4660    27.4705    329.045  353.85628  355.41355          1  0.000e+00
      20162 326.576135  -62.22180  -58.37916      0.067    1447.92      2.874      2.846    -0.3993    -0.3953     0.0040    -0.3994    -0.3954     0.0040   2.808616   2.809346   0.000730    34.1823    34.1876     7.5698    27.4656    27.4697    329.029  353.85544  355.41263          1  0.000e+00
      20163 326.576135  -62.22180  -58.37916      0.069    1447.92      2.970      2.941    -0.3987    -0.3956     0.0031    -0.3988    -0.3957     0.0031   2.808664   2.809398   0.000734    34.1823    34.1886     7.5694    27.4655    27.4705    329.014  353.85025  355.40732          1  0.000e+00
      20164 326.576136  -62.22180  -58.37916      0.071    1447.92      2.922      2.894    -0.3989    -0.3957     0.0032    -0.3990    -0.3958     0.0032   2.808724   2.809398   0.000674    34.1833    34.1888     7.5690    27.4664    27.4706    328.997  353.84900  355.40617          1  0.000e+00
      20165 326.576136  -62.22180  -58.37916      0.069    1447.92      2.922      2.894    -0.3993    -0.3956     0.0038    -0.3994    -0.3957     0.0038   2.808700   2.809357   0.000658    34.1835    34.1881     7.5688    27.4665    27.4701    328.987  353.85275  355.41002          1  0.000e+00
      20166 326.576137  -62.22180  -58.37916      0.070    1447.92      2.922      2.894    -0.3989    -0.3953     0.0036    -0.3990    -0.3954     0.0036   2.808688   2.809381   0.000693    34.1828    34.1881     7.5684    27.4660    27.4700    328.971  353.85034  355.40748          1  0.000e+00
      20167 326.576137  -62.22180  -58.37916      0.069    1447.92      2.922      2.894    -0.3991    -0.3956     0.0035    -0.3991    -0.3956     0.0035   2.808670   2.809352   0.000682    34.1828    34.1880     7.5682    27.4659    27.4700    328.959  353.85208  355.40925          1  0.000e+00
      20168 326.576138  -62.22180  -58.37916      0.072    1447.92      2.970      2.941    -0.3990    -0.3954     0.0036    -0.3991    -0.3955     0.0036   2.808658   2.809305   0.000648    34.1825    34.1872     7.5679    27.4657    27.4693    328.948  353.85226  355.40940          1  0.000e+00
      20169 326.576138  -62.22180  -58.37916      0.072    1447.92      2.922      2.894    -0.3992    -0.3956     0.0036    -0.3993    -0.3957     0.0036   2.808658   2.809346   0.000688    34.1828    34.1879     7.5676    27.4659    27.4699    328.933  353.85324  355.41044          1  0.000e+00
      20170 326.576139  -62.22180  -58.37916      0.072    1447.92      2.970      2.941    -0.3995    -0.3954     0.0041    -0.3996    -0.3955     0.0041   2.808640   2.809369   0.000729    34.1829    34.1880     7.5674    27.4660    27.4700    328.925  353.85614  355.41341          1  0.000e+00
      20171 326.576139  -62.22180  -58.37916      0.071    1447.92      2.922      2.894    -0.3995    -0.3957     0.0038    -0.3996    -0.3958     0.0038   2.808652   2.809305   0.000654    34.1831    34.1876     7.5670    27.4662    27.4696    328.909  353.85561  355.41289          1  0.000e+00
      20172 326.576140  -62.22180  -58.37916      0.072    1447.92      2.942      2.914    -0.3991    -0.3957     0.0033    -0.3991    -0.3958     0.0033   2.808694   2.809340   0.000646    34.1831    34.1880     7.5666    27.4662    27.4700    328.891  353.85123  355.40841          1  0.000e+00
      20507 326.576301  -62.22180  -58.37914     -0.082    1447.92      2.771      2.745    -0.3769    -0.3917    -0.0148    -0.3770    -0.3918    -0.0148   2.810232   2.809571  -0.000661    34.1788    34.1867     7.5735    27.4617    27.4687    329.194  353.65690  355.20922          2  0.000e+00
      20508 326.576302  -62.22180  -58.37914     -0.084    1447.92      2.716      2.690    -0.3769    -0.3912    -0.0143    -0.3770    -0.3913    -0.0143   2.810202   2.809617  -0.000585    34.1785    34.1868     7.5734    27.4614    27.4688    329.187  353.65792  355.21022          2  0.000e+00
      20509 326.576302  -62.22180  -58.37914     -0.082    1447.92      2.771      2.745    -0.3772    -0.3915    -0.0144    -0.3773    -0.3916    -0.0144   2.810196   2.809634  -0.000561    34.1787    34.1874     7.5690    27.4616    27.4693    328.998  353.66002  355.21239          2  0.000e+00
      20510 326.576303  -62.22180  -58.37914     -0.085    1447.92      2.689      2.663    -0.3776    -0.3912    -0.0136    -0.3777    -0.3913    -0.0136   2.810172   2.809669  -0.000503    34.1789    34.1875     7.5682    27.4618    27.4694    328.960  353.66362  355.21611          2  0.000e+00
      20511 326.576303  -62.22180  -58.37914     -0.079    1447.92      2.874      2.846    -0.3783    -0.3915    -0.0133    -0.3784    -0.3916    -0.0133   2.810130   2.809738  -0.000391    34.1790    34.1887     7.5727    27.4619    27.4703    329.158  353.66941  355.22203          2  0.000e+00
      20512 326.576304  -62.22180  -58.37914     -0.080    1447.92      2.716      2.690    -0.3789    -0.3909    -0.0120    -0.3790    -0.3910    -0.0120   2.810094   2.809767  -0.000326    34.1793    34.1885     7.5725    27.4622    27.4702    329.150  353.67440  355.22718          2  0.000e+00
      20513 326.576304  -62.22180  -58.37914     -0.077    1447.92      2.771      2.745    -0.3792    -0.3911    -0.0119    -0.3793    -0.3912    -0.0119   2.810088   2.809784  -0.000303    34.1795    34.1888     7.5724    27.4624    27.4705    329.146  353.67650  355.22935          2  0.000e+00
      20514 326.576304  -62.22180  -58.37914     -0.076    1447.92      2.771      2.745    -0.3798    -0.3914    -0.0116    -0.3799    -0.3915    -0.0116   2.810052   2.809865  -0.000186    34.1797    34.1903     7.5724    27.4626    27.4716    329.142  353.68176  355.23475          2  0.000e+00
      20515 326.576305  -62.22180  -58.37914     -0.076    1447.92      2.716      2.690    -0.3806    -0.3914    -0.0108    -0.3807    -0.3915    -0.0108   2.809997   2.809842  -0.000155    34.1799    34.1900     7.5722    27.4628    27.4714    329.136  353.68831  355.24146          2  0.000e+00
      20516 326.576305  -62.22180  -58.37914     -0.075    1447.92      2.771      2.745    -0.3823    -0.3908    -0.0084    -0.3824    -0.3908    -0.0084   2.809919   2.809877  -0.000043    34.1808    34.1897     7.5723    27.4635    27.4712    329.141  353.70199  355.25556          2  0.000e+00
      20517 326.576306  -62.22180  -58.37914     -0.076    1447.92      2.716      2.690    -0.3828    -0.3912    -0.0084    -0.3829    -0.3913    -0.0084   2.809847   2.809911   0.000064    34.1804    34.1907     7.5721    27.4632    27.4720    329.131  353.70743  355.26107          2  0.000e+00
      20518 326.576306  -62.22180  -58.37914     -0.069    1447.92      2.819      2.792    -0.3831    -0.3912    -0.0082    -0.3831    -0.3913    -0.0082   2.809781   2.809888   0.000107    34.1797    34.1904     7.5720    27.4627    27.4717    329.125  353.71184  355.26550          2  0.000e+00
      20519 326.576307  -62.22180  -58.37914     -0.070    1447.92      2.716      2.690    -0.3840    -0.3911    -0.0071    -0.3841    -0.3912    -0.0071   2.809769   2.809929   0.000160    34.1807    34.1908     7.5716    27.4635    27.4721    329.111  353.71782  355.27172          2  0.000e+00
      20520 326.576307  -62.22180  -58.37914     -0.067    1447.92      2.771      2.745    -0.3850    -0.3908    -0.0058    -0.3851    -0.3908    -0.0058   2.809793   2.809929   0.000136    34.1821    34.1904     7.5714    27.4647    27.4717    329.102  353.72308  355.27726          2  0.000e+00
      20521 326.576308  -62.22180  -58.37914     -0.064    1447.92      2.771      2.745    -0.3853    -0.3904    -0.0052    -0.3853    -0.3905    -0.0052   2.809799   2.809888   0.000089    34.1825    34.1895     7.5718    27.4651    27.4710    329.119  353.72464  355.27890          2  0.000e+00
      20522 326.576308  -62.22180  -58.37914     -0.061    1447.92      2.771      2.745    -0.3850    -0.3908    -0.0058    -0.3851    -0.3908    -0.0058   2.809739   2.809888   0.000149    34.1813    34.1899     7.5714    27.4641    27.4713    329.100  353.72508  355.27923          2  0.000e+00
      20523 326.576309  -62.22180  -58.37914     -0.058    1447.92      2.716      2.690    -0.3848    -0.3904    -0.0057    -0.3849    -0.3905    -0.0057   2.809679   2.809900   0.000221    34.1804    34.1897     7.5666    27.4633    27.4711    328.890  353.72615  355.28021          2  0.000e+00
      20524 326.576309  -62.22180  -58.37914     -0.058    1447.92      2.771      2.745    -0.3860    -0.3904    -0.0044    -0.3861    -0.3905    -0.0044   2.809643   2.809854   0.000211    34.1812    34.1891     7.5657    27.4641    27.4706    328.851  353.73507  355.28943          2  0.000e+00
      20525 326.576310  -62.22180  -58.37914     -0.050    1447.92      2.819      2.792    -0.3869    -0.3904    -0.0035    -0.3870    -0.3905    -0.0035   2.809619   2.809877   0.000258    34.1819    34.1893     7.5698    27.4647    27.4708    329.030  353.74175  355.29634          2  0.000e+00
      20526 326.576310  -62.22180  -58.37914     -0.046    1447.92      2.771      2.745    -0.3868    -0.3901    -0.0033    -0.3869    -0.3902    -0.0033   2.809613   2.809842   0.000229    34.1817    34.1886     7.5693    27.4645    27.4702    329.007  353.74118  355.29573          2  0.000e+00
      20527 326.576311  -62.22180  -58.37914     -0.050    1447.92      2.689      2.663    -0.3865    -0.3904    -0.0040    -0.3865    -0.3905    -0.0040   2.809595   2.809813   0.000218    34.1812    34.1886     7.5686    27.4640    27.4702    328.980  353.73957  355.29402          2  0.000e+00
