Pos-Processados/process_op38/operantar38_011.cnv
* Sea-Bird SBE 9 Data File:
* FileName = D:\OPERANTAR_XXXVIII\DADOS\OP38_011.hdr
* Software Version Seasave V 7.18c
* Temperature SN = 4808
* Conductivity SN = 3380
* Number of Bytes Per Scan = 31
* Number of Voltage Words = 2
* Number of Scans Averaged by the Deck Unit = 1
* NMEA Latitude = 43 42.36 S
* NMEA Longitude = 053 22.51 W
* NMEA UTC (Time) = Oct 20 2019 16:07:37
** H41
** NAVIO POLAR ALMIRANTE MAXIMIANO
** CRUZEIRO:
** OPERANTAR XXXVIII
** ESTAÇÃO: OP38_011
** LAT 43 42,31' S
** LONG 053 22,49' W
** 09P73767-1155
** PROFUNDIDADE: 5269
** DATA/HORA: 201609Z/OUT/2019
** OPERADOR: SO-HN CHAVES
# nquan = 32
# nvalues = 2078                        
# units = specified
# name 0 = scan: Scan Count
# name 1 = timeJ: Julian Days
# name 2 = latitude: Latitude [deg]
# name 3 = longitude: Longitude [deg]
# name 4 = dz/dtM: Descent Rate [m/s]
# name 5 = avgsvCM: Average Sound Velocity [Chen-Millero, m/s]
# name 6 = prDM: Pressure, Digiquartz [db]
# name 7 = depSM: Depth [salt water, m]
# name 8 = t090C: Temperature [ITS-90, deg C]
# name 9 = t190C: Temperature, 2 [ITS-90, deg C]
# name 10 = T2-T190C: Temperature Difference, 2 - 1 [ITS-90, deg C]
# name 11 = potemp090C: Potential Temperature [ITS-90, deg C]
# name 12 = potemp190C: Potential Temperature, 2 [ITS-90, deg C]
# name 13 = potemp90Cdiff: Potential Temperature, Diff, 2 - 1 [ITS-90, deg C]
# name 14 = c0S/m: Conductivity [S/m]
# name 15 = c1S/m: Conductivity, 2 [S/m]
# name 16 = C2-C1S/m: Conductivity Difference, 2 - 1 [S/m]
# name 17 = sal00: Salinity, Practical [PSU]
# name 18 = sal11: Salinity, Practical, 2 [PSU]
# name 19 = sbeox0ML/L: Oxygen, SBE 43 [ml/l]
# name 20 = sbeox1ML/L: Oxygen, SBE 43, 2 [ml/l]
# name 21 = sbeox0ML/Ldiff: Oxygen, SBE 43, Diff, 2 - 1 [ml/l]
# name 22 = sigma-é00: Density [sigma-theta, kg/m^3]
# name 23 = sigma-é11: Density, 2 [sigma-theta, kg/m^3]
# name 24 = sal00: Salinity, Practical [PSU]
# name 25 = sigma-é00: Density [sigma-theta, kg/m^3]
# name 26 = svCM: Sound Velocity [Chen-Millero, m/s]
# name 27 = svCM1: Sound Velocity, 2 [Chen-Millero, m/s]
# name 28 = gsw_ptA0: potential temperature [ITS-90, deg C]
# name 29 = gsw_densityA0: density, TEOS-10 [density, kg/m^3]
# name 30 = gsw_saA0: Absolute Salinity [g/kg]
# name 31 = flag:
# span 0 =       2616,      59106       
# span 1 = 293.673217, 293.700460       
# span 2 =  -43.72024,  -43.70672       
# span 3 =  -53.37956,  -53.37532       
# span 4 =     -1.410,      1.405       
# span 5 =       0.00,    1506.55       
# span 6 =      2.000,   1041.000       
# span 7 =      1.993,   1030.091       
# span 8 =     3.3805,    13.9272       
# span 9 =     3.3821,    13.9273       
# span 10 =    -0.0359,     0.0270      
# span 11 =     3.3077,    13.9253      
# span 12 =     3.3093,    13.9257      
# span 13 =    -0.0359,     0.0269      
# span 14 =   3.181865,   4.252826      
# span 15 =   3.182382,   4.253483      
# span 16 =  -0.002807,   0.003461      
# span 17 =    34.1777,    35.6160      
# span 18 =    34.1829,    35.6215      
# span 19 =     5.0759,     5.8771      
# span 20 =     4.8677,     5.6387      
# span 21 =    -0.2922,    -0.1707      
# span 22 =    26.6745,    27.2485      
# span 23 =    26.6794,    27.2521      
# span 24 =    34.1790,    35.6184      
# span 25 =    26.6746,    27.2485      
# span 26 =    1479.02,    1505.74      
# span 27 =    1479.02,    1505.74      
# span 28 =     3.3075,    13.9253      
# span 29 =  1026.6923,  1032.0602      
# span 30 =    34.3433,    35.7866      
# span 31 = 0.0000e+00, 0.0000e+00      
# interval = decibars: 1                
# start_time = Oct 20 2019 16:07:37 [NMEA time, header]
# bad_flag = -9.990e-29
*END*
[from data line 816]
      23449 293.683264  -43.71325  -53.37542      0.726    1492.89    819.000    810.847     4.2029     4.2041     0.0012     4.1412     4.1424     0.0012   3.241593   3.242082   0.000492    34.1928    34.1974     5.6609     5.4087    -0.2522    27.1294    27.1329    34.1916    27.1285    1479.88    1479.89     4.1410  1030.9064    34.3557 0.0000e+00
      23483 293.683280  -43.71326  -53.37542      0.672    1492.89    820.000    811.835     4.2079     4.2085     0.0006     4.1460     4.1467     0.0006   3.242172   3.242592   0.000423    34.1936    34.1979     5.6688     5.4197    -0.2491    27.1295    27.1328    34.1928    27.1289    1479.92    1479.93     4.1459  1030.9113    34.3569 0.0000e+00
      23509 293.683293  -43.71329  -53.37542      0.826    1492.89    821.000    812.823     4.2114     4.2125     0.0011     4.1495     4.1505     0.0011   3.242586   3.243068   0.000477    34.1942    34.1986     5.6747     5.4306    -0.2441    27.1297    27.1331    34.1935    27.1291    1479.95    1479.96     4.1493  1030.9160    34.3576 0.0000e+00
      23533 293.683304  -43.71330  -53.37542      0.966    1492.89    822.000    813.811     4.2120     4.2129     0.0008     4.1500     4.1508     0.0008   3.242772   3.243223   0.000451    34.1949    34.1993     5.6688     5.4254    -0.2435    27.1301    27.1335    34.1945    27.1298    1479.97    1479.98     4.1499  1030.9213    34.3586 0.0000e+00
      23557 293.683316  -43.71330  -53.37542      1.009    1492.87    823.000    814.799     4.2130     4.2134     0.0004     4.1509     4.1512     0.0004   3.242886   3.243290   0.000411    34.1955    34.2000     5.6587     5.4199    -0.2387    27.1306    27.1340    34.1944    27.1296    1479.99    1480.00     4.1507  1030.9256    34.3585 0.0000e+00
      23581 293.683328  -43.71330  -53.37542      0.998    1492.02    824.000    815.787     4.2040     4.2051     0.0011     4.1419     4.1430     0.0011   3.242103   3.242589   0.000480    34.1951    34.1996     5.6511     5.4150    -0.2361    27.1311    27.1346    34.1939    27.1302    1479.97    1479.98     4.1417  1030.9310    34.3581 0.0000e+00
      23603 293.683338  -43.71332  -53.37542      1.042    1492.00    825.000    816.776     4.2003     4.2013     0.0011     4.1381     4.1391     0.0011   3.241798   3.242271   0.000475    34.1951    34.1996     5.6377     5.4057    -0.2320    27.1316    27.1350    34.1937    27.1304    1479.97    1479.98     4.1379  1030.9359    34.3579 0.0000e+00
      23622 293.683347  -43.71332  -53.37542      1.148    1492.00    826.000    817.764     4.1861     4.1873     0.0012     4.1240     4.1251     0.0011   3.240380   3.240877   0.000490    34.1939    34.1984     5.6310     5.4014    -0.2296    27.1320    27.1355    34.1912    27.1299    1479.93    1479.94     4.1238  1030.9402    34.3553 0.0000e+00
      23641 293.683357  -43.71332  -53.37542      1.241    1492.00    827.000    818.752     4.1833     4.1854     0.0021     4.1211     4.1231     0.0021   3.240598   3.241154   0.000567    34.1957    34.2001     5.6313     5.3967    -0.2346    27.1338    27.1371    34.1961    27.1341    1479.94    1479.95     4.1209  1030.9490    34.3603 0.0000e+00
      23662 293.683367  -43.71333  -53.37542      1.236    1492.00    828.000    819.740     4.1946     4.1961     0.0016     4.1322     4.1337     0.0015   3.241776   3.242294   0.000513    34.1979    34.2023     5.6362     5.3846    -0.2516    27.1344    27.1378    34.1978    27.1343    1480.00    1480.02     4.1320  1030.9536    34.3620 0.0000e+00
      23690 293.683380  -43.71334  -53.37542      0.996    1492.00    829.000    820.728     4.1947     4.1959     0.0013     4.1322     4.1334     0.0013   3.241804   3.242297   0.000491    34.1982    34.2026     5.6371     5.3905    -0.2466    27.1346    27.1380    34.1976    27.1341    1480.02    1480.03     4.1320  1030.9579    34.3617 0.0000e+00
      23726 293.683397  -43.71336  -53.37541      0.677    1492.00    830.000    821.716     4.1943     4.1955     0.0012     4.1318     4.1330     0.0012   3.241902   3.242379   0.000480    34.1988    34.2032     5.6255     5.3888    -0.2367    27.1352    27.1385    34.1986    27.1350    1480.04    1480.05     4.1316  1030.9633    34.3628 0.0000e+00
      23758 293.683413  -43.71337  -53.37541      0.717    1492.00    831.000    822.704     4.1949     4.1963     0.0014     4.1322     4.1337     0.0014   3.242018   3.242526   0.000502    34.1995    34.2038     5.5968     5.3654    -0.2314    27.1356    27.1389    34.1988    27.1352    1480.05    1480.07     4.1321  1030.9681    34.3630 0.0000e+00
      23785 293.683426  -43.71338  -53.37542      0.834    1492.00    832.000    823.692     4.1894     4.1908     0.0015     4.1267     4.1281     0.0014   3.241568   3.242075   0.000505    34.1995    34.2039     5.5890     5.3565    -0.2325    27.1362    27.1396    34.1987    27.1356    1480.05    1480.06     4.1265  1030.9732    34.3629 0.0000e+00
      23810 293.683438  -43.71338  -53.37542      0.918    1492.00    833.000    824.680     4.1868     4.1883     0.0016     4.1240     4.1256     0.0015   3.241396   3.241914   0.000519    34.1995    34.2040     5.5826     5.3503    -0.2323    27.1365    27.1399    34.1989    27.1361    1480.05    1480.07     4.1238  1030.9783    34.3631 0.0000e+00
      23834 293.683449  -43.71340  -53.37540      0.988    1492.00    834.000    825.668     4.1842     4.1855     0.0014     4.1213     4.1227     0.0013   3.241194   3.241670   0.000485    34.1995    34.2038     5.5781     5.3472    -0.2309    27.1368    27.1400    34.1987    27.1362    1480.06    1480.07     4.1212  1030.9831    34.3629 0.0000e+00
      23855 293.683460  -43.71340  -53.37540      1.066    1492.00    835.000    826.656     4.1777     4.1782     0.0006     4.1148     4.1154     0.0006   3.240506   3.240930   0.000420    34.1986    34.2029     5.5788     5.3458    -0.2329    27.1368    27.1401    34.1968    27.1354    1480.05    1480.06     4.1147  1030.9870    34.3611 0.0000e+00
      23875 293.683469  -43.71341  -53.37540      1.145    1492.00    836.000    827.644     4.1649     4.1659     0.0010     4.1021     4.1030     0.0010   3.239372   3.239852   0.000483    34.1979    34.2026     5.5823     5.3460    -0.2362    27.1375    27.1411    34.1962    27.1362    1480.01    1480.02     4.1019  1030.9926    34.3604 0.0000e+00
      23896 293.683480  -43.71342  -53.37540      1.170    1492.00    837.000    828.632     4.1556     4.1564     0.0008     4.0927     4.0935     0.0008   3.238560   3.239023   0.000462    34.1975    34.2021     5.5826     5.3441    -0.2384    27.1382    27.1417    34.1958    27.1368    1479.99    1480.00     4.0926  1030.9981    34.3600 0.0000e+00
      23921 293.683491  -43.71342  -53.37540      1.067    1492.00    838.000    829.620     4.1520     4.1532     0.0013     4.0890     4.0903     0.0013   3.238338   3.238836   0.000497    34.1976    34.2021     5.5821     5.3406    -0.2415    27.1386    27.1421    34.1964    27.1377    1479.99    1480.00     4.0889  1031.0036    34.3606 0.0000e+00
      23948 293.683504  -43.71343  -53.37540      0.921    1492.00    839.000    830.608     4.1507     4.1520     0.0013     4.0877     4.0890     0.0012   3.238291   3.238781   0.000490    34.1976    34.2020     5.5876     5.3407    -0.2469    27.1388    27.1422    34.1967    27.1380    1480.00    1480.01     4.0875  1031.0085    34.3609 0.0000e+00
      23973 293.683517  -43.71344  -53.37540      0.916    1492.00    840.000    831.596     4.1509     4.1521     0.0012     4.0878     4.0890     0.0012   3.238379   3.238879   0.000501    34.1977    34.2023     5.5889     5.3410    -0.2479    27.1388    27.1424    34.1970    27.1383    1480.02    1480.03     4.0877  1031.0133    34.3612 0.0000e+00
      23998 293.683528  -43.71345  -53.37540      0.969    1492.00    841.000    832.584     4.1484     4.1498     0.0013     4.0853     4.0866     0.0013   3.238208   3.238696   0.000488    34.1981    34.2024     5.5962     5.3425    -0.2536    27.1394    27.1427    34.1970    27.1386    1480.02    1480.04     4.0851  1031.0183    34.3613 0.0000e+00
      24026 293.683542  -43.71346  -53.37540      0.902    1492.00    842.000    833.572     4.1460     4.1473     0.0013     4.0827     4.0840     0.0013   3.238106   3.238596   0.000491    34.1985    34.2029     5.5911     5.3430    -0.2480    27.1400    27.1434    34.1979    27.1395    1480.03    1480.04     4.0826  1031.0238    34.3621 0.0000e+00
      24057 293.683557  -43.71348  -53.37540      0.775    1492.00    843.000    834.560     4.1492     4.1504     0.0012     4.0859     4.0871     0.0012   3.238521   3.239017   0.000495    34.1992    34.2038     5.5825     5.3426    -0.2399    27.1403    27.1438    34.1989    27.1400    1480.06    1480.08     4.0857  1031.0288    34.3632 0.0000e+00
      24083 293.683569  -43.71348  -53.37540      0.857    1492.00    844.000    835.548     4.1494     4.1504     0.0011     4.0859     4.0870     0.0011   3.238603   3.239081   0.000478    34.1997    34.2042     5.5796     5.3461    -0.2335    27.1406    27.1441    34.1992    27.1402    1480.08    1480.09     4.0858  1031.0336    34.3635 0.0000e+00
      24105 293.683580  -43.71348  -53.37540      1.009    1492.00    845.000    836.536     4.1340     4.1275    -0.0065     4.0706     4.0642    -0.0064   3.236956   3.236686  -0.000252    34.1986    34.2023     5.5799     5.3436    -0.2364    27.1414    27.1450    34.1952    27.1387    1480.03    1480.00     4.0704  1031.0369    34.3595 0.0000e+00
      24127 293.683591  -43.71350  -53.37540      1.097    1492.00    846.000    837.524     4.1203     4.1218     0.0015     4.0569     4.0584     0.0015   3.235893   3.236470   0.000544    34.1981    34.2029     5.5787     5.3385    -0.2402    27.1424    27.1460    34.1964    27.1411    1479.99    1480.00     4.0567  1031.0442    34.3607 0.0000e+00
      24152 293.683603  -43.71350  -53.37540      1.030    1492.00    847.000    838.512     4.1080     4.1069    -0.0011     4.0446     4.0435    -0.0011   3.234560   3.234772   0.000232    34.1964    34.2003     5.5742     5.3300    -0.2441    27.1423    27.1455    34.1929    27.1395    1479.95    1479.95     4.0445  1031.0475    34.3572 0.0000e+00
      24179 293.683616  -43.71352  -53.37540      0.892    1492.00    848.000    839.500     4.0849     4.0816    -0.0033     4.0216     4.0183    -0.0033   3.232520   3.232559   0.000068    34.1943    34.1985     5.5716     5.3313    -0.2404    27.1430    27.1467    34.1923    27.1414    1479.87    1479.86     4.0214  1031.0545    34.3566 0.0000e+00
      24203 293.683627  -43.71352  -53.37540      0.928    1492.00    849.000    840.488     4.0780     4.0787     0.0007     4.0147     4.0154     0.0007   3.231935   3.232384   0.000421    34.1938    34.1981     5.5682     5.3243    -0.2439    27.1434    27.1467    34.1920    27.1419    1479.86    1479.87     4.0145  1031.0597    34.3563 0.0000e+00
      24223 293.683637  -43.71354  -53.37540      1.071    1492.00    850.000    841.476     4.0796     4.0796     0.0000     4.0162     4.0162     0.0000   3.232158   3.232453   0.000331    34.1939    34.1977     5.5808     5.3320    -0.2488    27.1432    27.1463    34.1925    27.1421    1479.88    1479.89     4.0160  1031.0645    34.3568 0.0000e+00
      24243 293.683647  -43.71354  -53.37540      1.184    1492.00    851.000    842.464     4.0803     4.0806     0.0003     4.0168     4.0170     0.0003   3.232186   3.232635   0.000410    34.1933    34.1978     5.5979     5.3441    -0.2538    27.1427    27.1463    34.1916    27.1414    1479.90    1479.91     4.0166  1031.0683    34.3559 0.0000e+00
      24267 293.683658  -43.71354  -53.37540      1.135    1492.00    852.000    843.452     4.0742     4.0779     0.0037     4.0106     4.0143     0.0037   3.231554   3.232387   0.000750    34.1924    34.1974     5.6131     5.3622    -0.2509    27.1426    27.1462    34.1900    27.1407    1479.89    1479.91     4.0105  1031.0723    34.3542 0.0000e+00
      24304 293.683676  -43.71356  -53.37540      0.696    1492.00    853.000    844.440     4.0615     4.0685     0.0070     3.9979     4.0049     0.0069   3.230446   3.231419   0.001019    34.1912    34.1960     5.6181     5.3683    -0.2499    27.1430    27.1461    34.1896    27.1417    1479.85    1479.89     3.9978  1031.0782    34.3538 0.0000e+00
      24338 293.683693  -43.71357  -53.37540      0.644    1492.00    854.000    845.428     4.0539     4.0554     0.0015     3.9903     3.9918     0.0015   3.229806   3.230325   0.000520    34.1910    34.1955     5.6194     5.3704    -0.2490    27.1436    27.1470    34.1894    27.1423    1479.84    1479.85     3.9901  1031.0836    34.3537 0.0000e+00
      24360 293.683703  -43.71358  -53.37540      0.910    1492.00    855.000    846.416     4.0535     4.0544     0.0009     3.9898     3.9907     0.0009   3.229903   3.230332   0.000434    34.1915    34.1957     5.6212     5.3730    -0.2482    27.1440    27.1473    34.1905    27.1432    1479.85    1479.86     3.9896  1031.0891    34.3548 0.0000e+00
      24380 293.683713  -43.71359 -9.990e-29      1.131    1492.00    856.000    847.404     4.0540     4.0553     0.0013     3.9903     3.9916     0.0013   3.229975   3.230461   0.000482    34.1916    34.1959     5.6234     5.3756    -0.2479    27.1440    27.1473    34.1903    27.1430    1479.87    1479.88     3.9901  1031.0934    34.3545 0.0000e+00
      24400 293.683722  -43.71360 -9.990e-29      1.224    1492.00    857.000    848.392     4.0446     4.0460     0.0013     3.9809     3.9822     0.0013   3.229098   3.229598   0.000501    34.1916    34.1960     5.6287     5.3828    -0.2459    27.1450    27.1484    34.1892    27.1431    1479.85    1479.86     3.9807  1031.0982    34.3534 0.0000e+00
      24426 293.683735  -43.71360 -9.990e-29      1.058    1492.00    858.000    849.380     4.0324     4.0329     0.0005     3.9686     3.9691     0.0005   3.228059   3.228472   0.000419    34.1910    34.1954     5.6227     5.3791    -0.2436    27.1458    27.1493    34.1891    27.1443    1479.81    1479.82     3.9685  1031.1043    34.3533 0.0000e+00
      24454 293.683748  -43.71361 -9.990e-29      0.842    1492.00    859.000    850.368     4.0286     4.0299     0.0014     3.9647     3.9661     0.0013   3.227799   3.228291   0.000490    34.1909    34.1952     5.6132     5.3707    -0.2425    27.1461    27.1495    34.1895    27.1450    1479.81    1479.82     3.9646  1031.1096    34.3537 0.0000e+00
      24477 293.683760  -43.71362  -53.37538      0.942    1492.00    860.000    851.355     4.0260     4.0276     0.0016     3.9622     3.9637     0.0016   3.227534   3.228050   0.000515    34.1904    34.1948     5.6147     5.3724    -0.2422    27.1460    27.1493    34.1884    27.1444    1479.82    1479.83     3.9620  1031.1137    34.3527 0.0000e+00
      24497 293.683769  -43.71363  -53.37538      1.111    1492.00    861.000    852.343     4.0133     4.0145     0.0012     3.9494     3.9506     0.0012   3.226247   3.226722   0.000479    34.1887    34.1931     5.6188     5.3802    -0.2386    27.1460    27.1493    34.1860    27.1438    1479.78    1479.79     3.9493  1031.1179    34.3502 0.0000e+00
      24520 293.683780  -43.71364  -53.37538      1.132    1492.00    862.000    853.331     3.9979     3.9984     0.0005     3.9340     3.9346     0.0005   3.224665   3.225080   0.000417    34.1867    34.1911     5.6245     5.3845    -0.2399    27.1459    27.1494    34.1828    27.1428    1479.72    1479.73     3.9339  1031.1219    34.3471 0.0000e+00
      24554 293.683797  -43.71364  -53.37538      0.775    1492.00    863.000    854.319     3.9657     3.9669     0.0012     3.9020     3.9031     0.0012   3.221856   3.222319   0.000469    34.1847    34.1890     5.6336     5.3841    -0.2495    27.1476    27.1509    34.1824    27.1458    1479.61    1479.62     3.9019  1031.1302    34.3467 0.0000e+00
