Pos-Processados/process_op38/operantar38_020.ros
* Sea-Bird SBE 9 Data File:
* FileName = D:\OPERANTAR_XXXVIII\DADOS\OP38_020.hdr
* Software Version Seasave V 7.18c
* Temperature SN = 4808
* Conductivity SN = 3380
* Number of Bytes Per Scan = 34
* Number of Voltage Words = 3
* Number of Scans Averaged by the Deck Unit = 1
* NMEA Latitude = 62 13.02 S
* NMEA Longitude = 058 20.27 W
* NMEA UTC (Time) = Nov 22 2019 12:22:40
** H41
** NAVIO POLAR ALMIRANTE MAXIMIANO
** CRUZEIRO:
** OPERANTAR XXXVIII
** ESTAÇÃO: OP38_020
** LAT 62 13,00'S
** LONG 058 20,28'W
** 09P73767-1155_A
** PROFUNDIDADE: 497
** DATA/HORA: 221223Z/NOV/2019
** OPERADOR: SO-HN CHAVES
# nquan = 26
# nvalues = 1034                                  
# units = specified
# name 0 = scan: Scan Count
# name 1 = timeJ: Julian Days
# name 2 = latitude: Latitude [deg]
# name 3 = longitude: Longitude [deg]
# name 4 = dz/dtM: Descent Rate [m/s]
# name 5 = avgsvCM: Average Sound Velocity [Chen-Millero, m/s]
# name 6 = prDM: Pressure, Digiquartz [db]
# name 7 = depSM: Depth [salt water, m]
# name 8 = t090C: Temperature [ITS-90, deg C]
# name 9 = t190C: Temperature, 2 [ITS-90, deg C]
# name 10 = T2-T190C: Temperature Difference, 2 - 1 [ITS-90, deg C]
# name 11 = potemp090C: Potential Temperature [ITS-90, deg C]
# name 12 = potemp190C: Potential Temperature, 2 [ITS-90, deg C]
# name 13 = potemp90Cdiff: Potential Temperature, Diff, 2 - 1 [ITS-90, deg C]
# name 14 = c0S/m: Conductivity [S/m]
# name 15 = c1S/m: Conductivity, 2 [S/m]
# name 16 = C2-C1S/m: Conductivity Difference, 2 - 1 [S/m]
# name 17 = sal00: Salinity, Practical [PSU]
# name 18 = sal11: Salinity, Practical, 2 [PSU]
# name 19 = sbeox0ML/L: Oxygen, SBE 43 [ml/l]
# name 20 = sbeox1ML/L: Oxygen, SBE 43, 2 [ml/l]
# name 21 = sbeox0ML/Ldiff: Oxygen, SBE 43, Diff, 2 - 1 [ml/l]
# name 22 = sigma-é00: Density [sigma-theta, kg/m^3]
# name 23 = sigma-é11: Density, 2 [sigma-theta, kg/m^3]
# name 24 = nbf: Bottles Fired
# name 25 = flag:  0.000e+00
# interval = seconds: 0.0416667
# start_time = Nov 22 2019 12:22:40 [NMEA time, header]
# bad_flag = -9.990e-29
*END*
[from data line 446]
      38790 326.534447  -62.21706  -58.33796      0.020    1449.76      2.987      2.959    -0.4052    -0.3819     0.0233    -0.4053    -0.3820     0.0233   2.807174   2.808428   0.001254    34.1696    34.1602     7.6202     5.7304    -1.8898    27.4556    27.4469          3  0.000e+00
      38791 326.534447  -62.21706  -58.33796      0.020    1449.76      3.042      3.013    -0.4051    -0.3819     0.0231    -0.4052    -0.3820     0.0231   2.807198   2.808469   0.001271    34.1697    34.1607     7.6204     5.7293    -1.8912    27.4557    27.4473          3  0.000e+00
      38792 326.534448  -62.21706  -58.33796      0.014    1449.76      2.988      2.959    -0.4049    -0.3818     0.0231    -0.4050    -0.3819     0.0231   2.807210   2.808486   0.001276    34.1697    34.1608     7.6147     5.7337    -1.8810    27.4556    27.4474          3  0.000e+00
      38793 326.534448  -62.21706  -58.33796      0.014    1449.76      3.042      3.013    -0.4051    -0.3816     0.0235    -0.4052    -0.3817     0.0235   2.807222   2.808457   0.001235    34.1700    34.1602     7.6142     5.7344    -1.8798    27.4559    27.4469          3  0.000e+00
      38794 326.534449  -62.21706  -58.33796      0.012    1449.76      2.988      2.959    -0.4049    -0.3823     0.0226    -0.4050    -0.3824     0.0226   2.807210   2.808474   0.001264    34.1697    34.1612     7.6187     5.7350    -1.8837    27.4556    27.4477          3  0.000e+00
      38795 326.534449  -62.21706  -58.33796      0.006    1449.76      2.988      2.959    -0.4046    -0.3813     0.0233    -0.4047    -0.3814     0.0233   2.807222   2.808503   0.001281    34.1696    34.1605     7.6138     5.7353    -1.8786    27.4555    27.4471          3  0.000e+00
      38796 326.534450  -62.21706  -58.33796      0.006    1449.76      3.042      3.013    -0.4046    -0.3818     0.0228    -0.4047    -0.3819     0.0228   2.807228   2.808503   0.001275    34.1696    34.1610     7.6134     5.7344    -1.8790    27.4555    27.4475          3  0.000e+00
      38797 326.534450  -62.21706  -58.33796      0.003    1449.76      2.988      2.959    -0.4046    -0.3818     0.0228    -0.4047    -0.3818     0.0228   2.807204   2.808532   0.001328    34.1693    34.1614     7.6129     5.7343    -1.8787    27.4553    27.4479          3  0.000e+00
      38798 326.534451  -62.21706  -58.33796     -0.001    1449.76      2.988      2.959    -0.4041    -0.3816     0.0225    -0.4042    -0.3817     0.0225   2.807204   2.808520   0.001316    34.1688    34.1611     7.6175     5.7340    -1.8835    27.4549    27.4476          3  0.000e+00
      38799 326.534451  -62.21706  -58.33796     -0.001    1449.76      3.042      3.013    -0.4044    -0.3820     0.0225    -0.4045    -0.3820     0.0225   2.807180   2.808480   0.001300    34.1688    34.1609     7.6129     5.7337    -1.8792    27.4549    27.4475          3  0.000e+00
      38800 326.534452  -62.21706  -58.33796     -0.001    1449.76      2.988      2.959    -0.4044    -0.3819     0.0225    -0.4045    -0.3820     0.0225   2.807216   2.808480   0.001264    34.1693    34.1609     7.6176     5.7331    -1.8845    27.4553    27.4475          3  0.000e+00
      38801 326.534452  -62.21706  -58.33796     -0.005    1449.76      2.988      2.959    -0.4041    -0.3821     0.0220    -0.4042    -0.3822     0.0220   2.807216   2.808503   0.001287    34.1690    34.1614     7.6179     5.7335    -1.8844    27.4550    27.4479          3  0.000e+00
      38802 326.534453  -62.21706  -58.33796     -0.008    1449.76      2.988      2.959    -0.4043    -0.3821     0.0222    -0.4044    -0.3822     0.0222   2.807240   2.808480   0.001240    34.1695    34.1611     7.6183     5.7337    -1.8846    27.4554    27.4476          3  0.000e+00
      38803 326.534453  -62.21706  -58.33796     -0.008    1449.76      2.988      2.959    -0.4044    -0.3821     0.0224    -0.4045    -0.3822     0.0224   2.807198   2.808463   0.001265    34.1690    34.1608     7.6187     5.7326    -1.8861    27.4551    27.4474          3  0.000e+00
      38804 326.534454  -62.21706  -58.33796     -0.012    1449.76      2.988      2.959    -0.4043    -0.3816     0.0227    -0.4044    -0.3817     0.0227   2.807192   2.808520   0.001328    34.1688    34.1611     7.6140     5.7325    -1.8815    27.4549    27.4476          3  0.000e+00
      38805 326.534454  -62.21706  -58.33796     -0.015    1449.76      2.988      2.959    -0.4043    -0.3818     0.0226    -0.4044    -0.3818     0.0226   2.807222   2.808509   0.001287    34.1692    34.1611     7.6136     5.7322    -1.8813    27.4552    27.4476          3  0.000e+00
      38806 326.534455  -62.21706  -58.33796     -0.015    1449.76      2.988      2.959    -0.4044    -0.3820     0.0225    -0.4045    -0.3820     0.0225   2.807204   2.808469   0.001265    34.1691    34.1608     7.6133     5.7377    -1.8756    27.4551    27.4474          3  0.000e+00
      38807 326.534455  -62.21706  -58.33796     -0.018    1449.76      2.988      2.959    -0.4048    -0.3819     0.0229    -0.4049    -0.3820     0.0229   2.807204   2.808561   0.001357    34.1695    34.1620     7.6131     5.7382    -1.8749    27.4555    27.4483          3  0.000e+00
      38808 326.534456  -62.21706  -58.33796     -0.023    1449.76      2.905      2.877    -0.4049    -0.3816     0.0233    -0.4050    -0.3817     0.0233   2.807162   2.808526   0.001364    34.1691    34.1612     7.6128     5.7327    -1.8801    27.4552    27.4477          3  0.000e+00
      38809 326.534456  -62.21706  -58.33796     -0.019    1449.76      3.042      3.013    -0.4051    -0.3820     0.0231    -0.4052    -0.3820     0.0231   2.807168   2.808486   0.001318    34.1693    34.1610     7.6178     5.7378    -1.8801    27.4553    27.4475          3  0.000e+00
      38810 326.534457  -62.21706  -58.33796     -0.025    1449.76      2.940      2.911    -0.4051    -0.3821     0.0230    -0.4052    -0.3822     0.0230   2.807162   2.808544   0.001382    34.1693    34.1619     7.6183     5.7377    -1.8806    27.4553    27.4483          3  0.000e+00
      38811 326.534457  -62.21706  -58.33796     -0.024    1449.76      2.988      2.959    -0.4049    -0.3816     0.0232    -0.4050    -0.3817     0.0232   2.807150   2.808549   0.001399    34.1689    34.1615     7.6188     5.7376    -1.8813    27.4550    27.4479          3  0.000e+00
      38812 326.534457  -62.21706  -58.33796     -0.029    1449.76      2.940      2.911    -0.4048    -0.3816     0.0232    -0.4049    -0.3817     0.0232   2.807192   2.808492   0.001300    34.1694    34.1607     7.6193     5.7372    -1.8820    27.4554    27.4473          3  0.000e+00
      38813 326.534458  -62.21706  -58.33796     -0.031    1449.76      2.940      2.911    -0.4048    -0.3819     0.0229    -0.4049    -0.3820     0.0229   2.807198   2.808526   0.001328    34.1695    34.1615     7.6198     5.7310    -1.8888    27.4554    27.4480          3  0.000e+00
      38814 326.534458  -62.21706  -58.33796     -0.033    1449.76      2.940      2.911    -0.4043    -0.3813     0.0230    -0.4044    -0.3814     0.0230   2.807204   2.808544   0.001340    34.1690    34.1611     7.6202     5.7349    -1.8854    27.4551    27.4476          3  0.000e+00
      38815 326.534459  -62.21706  -58.33796     -0.034    1449.76      2.988      2.959    -0.4041    -0.3811     0.0230    -0.4042    -0.3812     0.0230   2.807180   2.808509   0.001329    34.1685    34.1604     7.6208     5.7283    -1.8925    27.4546    27.4470          3  0.000e+00
      38816 326.534459  -62.21706  -58.33796     -0.035    1449.76      2.940      2.911    -0.4043    -0.3810     0.0233    -0.4044    -0.3811     0.0233   2.807198   2.808549   0.001351    34.1689    34.1608     7.6213     5.7331    -1.8882    27.4550    27.4474          3  0.000e+00
      38817 326.534460  -62.21706  -58.33796     -0.040    1449.76      2.940      2.911    -0.4043    -0.3808     0.0235    -0.4044    -0.3809     0.0235   2.807198   2.808549   0.001351    34.1689    34.1606     7.6211     5.7319    -1.8891    27.4550    27.4472          3  0.000e+00
      38818 326.534460  -62.21706  -58.33796     -0.041    1449.76      2.940      2.911    -0.4043    -0.3810     0.0233    -0.4044    -0.3811     0.0233   2.807204   2.808509   0.001305    34.1690    34.1603     7.6208     5.7318    -1.8889    27.4551    27.4469          3  0.000e+00
      38819 326.534461  -62.21706  -58.33796     -0.041    1449.76      2.940      2.911    -0.4043    -0.3808     0.0235    -0.4044    -0.3809     0.0235   2.807180   2.808532   0.001352    34.1687    34.1604     7.6213     5.7315    -1.8897    27.4548    27.4470          3  0.000e+00
      38820 326.534461  -62.21706  -58.33796     -0.045    1449.76      2.940      2.911    -0.4044    -0.3808     0.0236    -0.4045    -0.3809     0.0236   2.807198   2.808578   0.001380    34.1691    34.1610     7.6217     5.7311    -1.8907    27.4551    27.4475          3  0.000e+00
      38821 326.534462  -62.21706  -58.33796     -0.046    1449.76      2.940      2.911    -0.4048    -0.3810     0.0238    -0.4049    -0.3811     0.0238   2.807168   2.808544   0.001376    34.1691    34.1608     7.6223     5.7306    -1.8917    27.4551    27.4473          3  0.000e+00
      38822 326.534462  -62.21706  -58.33796     -0.052    1449.76      2.885      2.857    -0.4052    -0.3810     0.0242    -0.4053    -0.3811     0.0242   2.807168   2.808538   0.001370    34.1696    34.1607     7.6228     5.7298    -1.8930    27.4556    27.4472          3  0.000e+00
      38823 326.534463  -62.21706  -58.33796     -0.052    1449.76      2.940      2.911    -0.4051    -0.3816     0.0234    -0.4052    -0.3817     0.0234   2.807156   2.808561   0.001405    34.1692    34.1617     7.6225     5.7291    -1.8934    27.4552    27.4481          3  0.000e+00
      38824 326.534463  -62.21706  -58.33796     -0.055    1449.76      2.885      2.857    -0.4054    -0.3811     0.0242    -0.4054    -0.3812     0.0242   2.807150   2.808532   0.001382    34.1695    34.1608     7.6229     5.7280    -1.8949    27.4555    27.4473          3  0.000e+00
      38825 326.534464  -62.21706  -58.33796     -0.055    1449.76      2.940      2.911    -0.4057    -0.3816     0.0241    -0.4058    -0.3817     0.0241   2.807114   2.808538   0.001424    34.1694    34.1614     7.6235     5.7270    -1.8965    27.4554    27.4478          3  0.000e+00
      38826 326.534464  -62.21706  -58.33796     -0.060    1449.76      2.885      2.857    -0.4068    -0.3818     0.0250    -0.4069    -0.3819     0.0250   2.807054   2.808578   0.001524    34.1698    34.1621     7.6241     5.7257    -1.8984    27.4558    27.4484          3  0.000e+00
      38827 326.534465  -62.21706  -58.33796     -0.059    1449.76      2.940      2.911    -0.4068    -0.3813     0.0255    -0.4069    -0.3814     0.0255   2.807024   2.808584   0.001560    34.1694    34.1616     7.6247     5.7243    -1.9003    27.4555    27.4480          3  0.000e+00
      38828 326.534465  -62.21706  -58.33796     -0.067    1449.76      2.837      2.810    -0.4068    -0.3821     0.0247    -0.4069    -0.3822     0.0247   2.806952   2.808567   0.001615    34.1685    34.1623     7.6250     5.7240    -1.9011    27.4547    27.4486          3  0.000e+00
      38829 326.534466  -62.21706  -58.33796     -0.064    1449.76      2.960      2.932    -0.4071    -0.3819     0.0252    -0.4072    -0.3820     0.0252   2.806958   2.808584   0.001626    34.1688    34.1623     7.6256     5.7236    -1.9021    27.4550    27.4486          3  0.000e+00
      38830 326.534466  -62.21706  -58.33796     -0.068    1449.76      2.885      2.857    -0.4077    -0.3821     0.0257    -0.4078    -0.3822     0.0257   2.806970   2.808584   0.001614    34.1697    34.1625     7.6261     5.7230    -1.9031    27.4558    27.4488          3  0.000e+00
      38831 326.534467  -62.21706  -58.33796     -0.069    1449.76      2.885      2.857    -0.4082    -0.3821     0.0261    -0.4083    -0.3822     0.0261   2.806964   2.808549   0.001586    34.1702    34.1621     7.6266     5.7281    -1.8985    27.4562    27.4484          3  0.000e+00
      38832 326.534467  -62.21706  -58.33796     -0.073    1449.76      2.885      2.857    -0.4086    -0.3825     0.0261    -0.4087    -0.3826     0.0261   2.806946   2.808595   0.001650    34.1705    34.1632     7.6264     5.7227    -1.9037    27.4564    27.4493          3  0.000e+00
      38833 326.534468  -62.21706  -58.33796     -0.073    1449.76      2.885      2.857    -0.4086    -0.3826     0.0261    -0.4087    -0.3827     0.0261   2.806958   2.808590   0.001632    34.1706    34.1632     7.6260     5.7218    -1.9042    27.4566    27.4493          3  0.000e+00
      38834 326.534468  -62.21706  -58.33796     -0.070    1449.76      2.940      2.911    -0.4088    -0.3824     0.0264    -0.4089    -0.3825     0.0264   2.806964   2.808549   0.001586    34.1709    34.1624     7.6264     5.7220    -1.9044    27.4568    27.4487          3  0.000e+00
      38835 326.534469  -62.21706  -58.33796     -0.076    1449.76      2.837      2.810    -0.4088    -0.3825     0.0262    -0.4089    -0.3826     0.0262   2.806982   2.808595   0.001614    34.1711    34.1632     7.6267     5.7209    -1.9058    27.4569    27.4494          3  0.000e+00
      38836 326.534469  -62.21706  -58.33796     -0.077    1449.76      2.940      2.911    -0.4083    -0.3820     0.0263    -0.4084    -0.3820     0.0263   2.806994   2.808619   0.001625    34.1707    34.1628     7.6263     5.7198    -1.9065    27.4566    27.4490          3  0.000e+00
      38837 326.534470  -62.21706  -58.33796     -0.076    1449.76      2.837      2.810    -0.4074    -0.3813     0.0261    -0.4075    -0.3814     0.0261   2.806970   2.808590   0.001620    34.1694    34.1618     7.6264     5.7185    -1.9079    27.4555    27.4481          3  0.000e+00
      38838 326.534470  -62.21706  -58.33796     -0.074    1449.76      2.885      2.857    -0.4066    -0.3813     0.0253    -0.4067    -0.3814     0.0253   2.807024   2.808607   0.001583    34.1692    34.1620     7.6317     5.7172    -1.9145    27.4553    27.4483          3  0.000e+00
      38839 326.534470  -62.21706  -58.33796     -0.076    1449.76      2.885      2.857    -0.4066    -0.3808     0.0258    -0.4067    -0.3809     0.0258   2.807042   2.808578   0.001536    34.1695    34.1610     7.6328     5.7157    -1.9170    27.4555    27.4475          3  0.000e+00
      38840 326.534471  -62.21706  -58.33796     -0.074    1449.76      2.885      2.857    -0.4060    -0.3809     0.0251    -0.4061    -0.3809     0.0251   2.807066   2.808578   0.001512    34.1691    34.1611     7.6286     5.7200    -1.9086    27.4552    27.4475          3  0.000e+00
      38841 326.534471  -62.21706  -58.33796     -0.075    1449.76      2.885      2.857    -0.4060    -0.3805     0.0255    -0.4061    -0.3806     0.0255   2.806994   2.808607   0.001613    34.1681    34.1611     7.6281     5.7149    -1.9133    27.4544    27.4475          3  0.000e+00
      38842 326.534472  -62.21706  -58.33796     -0.072    1449.76      2.885      2.857    -0.4068    -0.3810     0.0258    -0.4069    -0.3811     0.0258   2.807000   2.808659   0.001659    34.1691    34.1623     7.6277     5.7201    -1.9076    27.4552    27.4486          3  0.000e+00
      38843 326.534472  -62.21706  -58.33796     -0.075    1449.76      2.837      2.810    -0.4074    -0.3809     0.0265    -0.4075    -0.3809     0.0265   2.807000   2.808607   0.001607    34.1698    34.1615     7.6280     5.7206    -1.9074    27.4558    27.4479          3  0.000e+00
      38844 326.534473  -62.21706  -58.33796     -0.075    1449.76      2.885      2.857    -0.4082    -0.3811     0.0271    -0.4083    -0.3812     0.0270   2.806970   2.808607   0.001637    34.1703    34.1618     7.6277     5.7211    -1.9065    27.4562    27.4481          3  0.000e+00
