Pos-Processados/process_op38/operantar38_007.cnv
* Sea-Bird SBE 9 Data File:
* FileName = D:\OPERANTAR_XXXVIII\DADOS\OP38_007.hdr
* Software Version Seasave V 7.18c
* Temperature SN = 4808
* Conductivity SN = 3380
* Number of Bytes Per Scan = 31
* Number of Voltage Words = 2
* Number of Scans Averaged by the Deck Unit = 1
* NMEA Latitude = 44 52.70 S
* NMEA Longitude = 051 46.25 W
* NMEA UTC (Time) = Oct 19 2019 21:28:45
** H41
** NAVIO POLAR ALMIRANTE MAXIMIANO
** CRUZEIRO:
** OPERANTAR XXXVIII
** ESTAÇÃO: OP38_007
** LAT 44 52,70' S
** LONG 051 46,27' W
** 09P73767-1155
** PROFUNDIDADE: 5881
** DATA/HORA: 192130Z/OUT/2019
** OPERADOR: SO-HN CHAVES
# nquan = 30
# nvalues = 2139                        
# units = specified
# name 0 = scan: Scan Count
# name 1 = timeJ: Julian Days
# name 2 = latitude: Latitude [deg]
# name 3 = longitude: Longitude [deg]
# name 4 = dz/dtM: Descent Rate [m/s]
# name 5 = avgsvCM: Average Sound Velocity [Chen-Millero, m/s]
# name 6 = prDM: Pressure, Digiquartz [db]
# name 7 = depSM: Depth [salt water, m]
# name 8 = t090C: Temperature [ITS-90, deg C]
# name 9 = t190C: Temperature, 2 [ITS-90, deg C]
# name 10 = T2-T190C: Temperature Difference, 2 - 1 [ITS-90, deg C]
# name 11 = potemp090C: Potential Temperature [ITS-90, deg C]
# name 12 = potemp190C: Potential Temperature, 2 [ITS-90, deg C]
# name 13 = potemp90Cdiff: Potential Temperature, Diff, 2 - 1 [ITS-90, deg C]
# name 14 = c0S/m: Conductivity [S/m]
# name 15 = c1S/m: Conductivity, 2 [S/m]
# name 16 = C2-C1S/m: Conductivity Difference, 2 - 1 [S/m]
# name 17 = sal00: Salinity, Practical [PSU]
# name 18 = sal11: Salinity, Practical, 2 [PSU]
# name 19 = sbeox0ML/L: Oxygen, SBE 43 [ml/l]
# name 20 = sigma-é00: Density [sigma-theta, kg/m^3]
# name 21 = sigma-é11: Density, 2 [sigma-theta, kg/m^3]
# name 22 = sal00: Salinity, Practical [PSU]
# name 23 = sigma-é00: Density [sigma-theta, kg/m^3]
# name 24 = svCM: Sound Velocity [Chen-Millero, m/s]
# name 25 = svCM1: Sound Velocity, 2 [Chen-Millero, m/s]
# name 26 = gsw_ptA0: potential temperature [ITS-90, deg C]
# name 27 = gsw_densityA0: density, TEOS-10 [density, kg/m^3]
# name 28 = gsw_saA0: Absolute Salinity [g/kg]
# name 29 = flag:
# span 0 =       1755,      69557       
# span 1 = 292.895811, 292.928509       
# span 2 =  -44.87836,  -44.87830       
# span 3 =  -51.77098,  -51.77090       
# span 4 =     -1.749,      1.526       
# span 5 =       0.00,    1507.37       
# span 6 =      3.000,   1072.000       
# span 7 =      2.987,   1060.568       
# span 8 =     2.7695,     9.7519       
# span 9 =     2.7703,     9.7533       
# span 10 =    -0.1467,     0.0490      
# span 11 =     2.7056,     9.7514      
# span 12 =     2.7063,     9.7523      
# span 13 =    -0.1466,     0.0487      
# span 14 =   3.131096,   3.750973      
# span 15 =   3.131612,   3.751782      
# span 16 =  -0.014045,   0.005064      
# span 17 =    34.0959,    34.6418      
# span 18 =    34.1009,    34.6478      
# span 19 =     4.0736,     6.5747      
# span 20 =    26.7079,    27.4704      
# span 21 =    26.7125,    27.4746      
# span 22 =    34.0929,    34.6428      
# span 23 =    26.7079,    27.4702      
# span 24 =    1470.89,    1488.67      
# span 25 =    1470.90,    1488.66      
# span 26 =     2.7055,     9.7514      
# span 27 =  1026.7279,  1032.4372      
# span 28 =    34.2543,    34.8064      
# span 29 = 0.0000e+00, 0.0000e+00      
# interval = decibars: 1                
# start_time = Oct 19 2019 21:28:45 [NMEA time, header]
# bad_flag = -9.990e-29
*END*
[from data line 532]
      18600 292.903935  -44.87834  -51.77096      1.041    1475.28    535.000    529.978     3.3326     3.3337     0.0011     3.2971     3.2982     0.0011   3.150807   3.151338   0.000534    34.1678    34.1731     5.7231    27.1933    27.1974    34.1659    27.1918    1471.50    1471.52     3.2971  1029.6795    34.3285 0.0000e+00
      18621 292.903945  -44.87834  -51.77095      1.124    1475.28    536.000    530.967     3.3243     3.3253     0.0010     3.2888     3.2898     0.0010   3.150205   3.150720   0.000512    34.1679    34.1730     5.6980    27.1942    27.1981    34.1669    27.1934    1471.49    1471.50     3.2887  1029.6858    34.3295 0.0000e+00
      18643 292.903955  -44.87834  -51.77094      1.133    1475.28    537.000    531.957     3.3202     3.3215     0.0013     3.2846     3.2859     0.0013   3.149812   3.150362   0.000541    34.1673    34.1724     5.6782    27.1941    27.1981    34.1659    27.1930    1471.49    1471.50     3.2846  1029.6905    34.3290 0.0000e+00
      18669 292.903968  -44.87834 -9.990e-29      1.006    1475.28    538.000    532.946     3.3053     3.3067     0.0014     3.2697     3.2711     0.0014   3.148408   3.148945   0.000547    34.1660    34.1711     5.6786    27.1945    27.1984    34.1641    27.1930    1471.44    1471.45     3.2697  1029.6954    34.3273 0.0000e+00
      18698 292.903982  -44.87834 -9.990e-29      0.853    1475.28    539.000    533.935     3.2968     3.2975     0.0006     3.2612     3.2619     0.0006   3.147612   3.148099   0.000486    34.1651    34.1703     5.6838    27.1946    27.1986    34.1629    27.1928    1471.41    1471.42     3.2612  1029.6999    34.3260 0.0000e+00
      18725 292.903995  -44.87834 -9.990e-29      0.854    1475.28    540.000    534.924     3.2801     3.2813     0.0011     3.2445     3.2457     0.0011   3.146023   3.146570   0.000543    34.1636    34.1690     5.6904    27.1950    27.1991    34.1608    27.1927    1471.36    1471.37     3.2445  1029.7047    34.3239 0.0000e+00
      18747 292.904006  -44.87834 -9.990e-29      0.972    1475.28    541.000    535.914     3.2678     3.2687     0.0009     3.2322     3.2331     0.0009   3.145024   3.145534   0.000508    34.1633    34.1684     5.6985    27.1958    27.1998    34.1612    27.1941    1471.32    1471.33     3.2321  1029.7110    34.3243 0.0000e+00
      18768 292.904016  -44.87834 -9.990e-29      1.092    1475.28    542.000    536.903     3.2597     3.2613     0.0016     3.2241     3.2256     0.0016   3.144225   3.144793   0.000567    34.1623    34.1674     5.7046    27.1957    27.1998    34.1595    27.1936    1471.30    1471.31     3.2240  1029.7151    34.3226 0.0000e+00
      18790 292.904026  -44.87834 -9.990e-29      1.132    1475.28    543.000    537.893     3.2483     3.2493     0.0010     3.2127     3.2136     0.0009   3.143269   3.143751   0.000492    34.1618    34.1668     5.7185    27.1965    27.2003    34.1594    27.1945    1471.27    1471.28     3.2126  1029.7209    34.3225 0.0000e+00
      18815 292.904038  -44.87834 -9.990e-29      1.045    1475.28    544.000    538.882     3.2443     3.2454     0.0011     3.2087     3.2097     0.0011   3.142995   3.143509   0.000509    34.1617    34.1667     5.7298    27.1967    27.2006    34.1598    27.1952    1471.27    1471.28     3.2086  1029.7262    34.3229 0.0000e+00
      18844 292.904052  -44.87834  -51.77094      0.863    1475.28    545.000    539.871     3.2418     3.2427     0.0009     3.2060     3.2070     0.0009   3.142851   3.143346   0.000499    34.1617    34.1667     5.7322    27.1970    27.2009    34.1602    27.1958    1471.27    1471.28     3.2060  1029.7311    34.3229 0.0000e+00
      18873 292.904066  -44.87834  -51.77094      0.806    1475.28    546.000    540.860     3.2419     3.2427     0.0008     3.2060     3.2069     0.0008   3.142997   3.143500   0.000499    34.1624    34.1675     5.7325    27.1975    27.2015    34.1613    27.1967    1471.29    1471.30     3.2060  1029.7365    34.3239 0.0000e+00
      18898 292.904079  -44.87834  -51.77094      0.901    1475.28    547.000    541.850     3.2417     3.2426     0.0009     3.2058     3.2067     0.0009   3.143095   3.143586   0.000491    34.1633    34.1683     5.7259    27.1983    27.2022    34.1622    27.1974    1471.31    1471.32     3.2057  1029.7419    34.3248 0.0000e+00
      18921 292.904090  -44.87834  -51.77094      1.007    1475.28    548.000    542.839     3.2381     3.2404     0.0023     3.2022     3.2045     0.0023   3.142718   3.143367   0.000637    34.1629    34.1681     5.7322    27.1983    27.2022    34.1608    27.1967    1471.31    1471.33     3.2021  1029.7459    34.3234 0.0000e+00
      18943 292.904100  -44.87834  -51.77094      1.069    1475.28    549.000    543.828     3.2300     3.2312     0.0011     3.1940     3.1952     0.0011   3.142099   3.142610   0.000515    34.1626    34.1676     5.7335    27.1988    27.2027    34.1613    27.1978    1471.29    1471.30     3.1940  1029.7517    34.3239 0.0000e+00
      18966 292.904111  -44.87834  -51.77094      1.061    1475.28    550.000    544.817     3.2293     3.2302     0.0009     3.1932     3.1941     0.0009   3.142098   3.142587   0.000494    34.1626    34.1675     5.7200    27.1988    27.2028    34.1616    27.1981    1471.31    1471.32     3.1932  1029.7566    34.3241 0.0000e+00
      18990 292.904123  -44.87834  -51.77094      1.020    1474.88    551.000    545.807     3.2294     3.2305     0.0011     3.1933     3.1944     0.0011   3.142156   3.142658   0.000500    34.1625    34.1674     5.7202    27.1988    27.2026    34.1616    27.1981    1471.32    1471.33     3.1932  1029.7613    34.3242 0.0000e+00
      19012 292.904134  -44.87832  -51.77096      1.033    1474.84    552.000    546.796     3.2301     3.2313     0.0013     3.1939     3.1951     0.0013   3.142307   3.142836   0.000525    34.1627    34.1677     5.7257    27.1989    27.2028    34.1622    27.1985    1471.34    1471.36     3.1938  1029.7663    34.3248 0.0000e+00
      19033 292.904143  -44.87832  -51.77096      1.118    1474.84    553.000    547.785     3.2343     3.2347     0.0004     3.1979     3.1984     0.0004   3.142936   3.143342   0.000410    34.1646    34.1691     5.7264    27.2000    27.2036    34.1649    27.2003    1471.38    1471.39     3.1979  1029.7732    34.3283 0.0000e+00
      19052 292.904153 -9.990e-29 -9.990e-29      1.199    1474.84    554.000    548.775     3.2332     3.2349     0.0017     3.1969     3.1985     0.0016   3.142799   3.143367   0.000561    34.1653    34.1703     5.7260    27.2007    27.2045    34.1638    27.1995    1471.39    1471.41     3.1968  1029.7780    34.3283 0.0000e+00
      19075 292.904164 -9.990e-29 -9.990e-29      1.164    1474.84    555.000    549.764     3.2219     3.2233     0.0014     3.1855     3.1869     0.0013   3.141857   3.142380   0.000530    34.1651    34.1701     5.7201    27.2016    27.2054    34.1638    27.2005    1471.36    1471.37     3.1855  1029.7839    34.3284 0.0000e+00
      19103 292.904177 -9.990e-29 -9.990e-29      0.922    1474.84    556.000    550.753     3.2188     3.2198     0.0010     3.1823     3.1833     0.0010   3.141660   3.142155   0.000498    34.1650    34.1699     5.7077    27.2018    27.2056    34.1642    27.2012    1471.36    1471.37     3.1823  1029.7892    34.3288 0.0000e+00
      19132 292.904191  -44.87834  -51.77094      0.811    1474.84    557.000    551.742     3.2180     3.2188     0.0008     3.1815     3.1823     0.0008   3.141630   3.142106   0.000474    34.1649    34.1698     5.6916    27.2018    27.2056    34.1641    27.2012    1471.38    1471.39     3.1814  1029.7932    34.3279 0.0000e+00
      19154 292.904202  -44.87834  -51.77094      0.950    1474.84    558.000    552.732     3.2160     3.2169     0.0009     3.1794     3.1804     0.0009   3.141545   3.142051   0.000504    34.1652    34.1703     5.6862    27.2023    27.2062    34.1646    27.2018    1471.38    1471.39     3.1794  1029.7975    34.3273 0.0000e+00
      19174 292.904211  -44.87834  -51.77094      1.129    1474.84    559.000    553.721     3.2166     3.2178     0.0011     3.1800     3.1811     0.0011   3.141712   3.142216   0.000504    34.1658    34.1707     5.6896    27.2027    27.2065    34.1655    27.2024    1471.41    1471.42     3.1799  1029.8028    34.3281 0.0000e+00
      19192 292.904220  -44.87834  -51.77094      1.249    1474.84    560.000    554.710     3.2175     3.2185     0.0010     3.1808     3.1818     0.0010   3.141886   3.142376   0.000492    34.1663    34.1712     5.6917    27.2030    27.2068    34.1661    27.2028    1471.43    1471.44     3.1808  1029.8077    34.3287 0.0000e+00
      19212 292.904230  -44.87834  -51.77094      1.255    1474.84    561.000    555.700     3.2225     3.2234     0.0009     3.1857     3.1866     0.0009   3.142578   3.143058   0.000478    34.1677    34.1726     5.6961    27.2037    27.2075    34.1686    27.2044    1471.47    1471.48     3.1857  1029.8139    34.3313 0.0000e+00
      19237 292.904242  -44.87834  -51.77094      1.084    1474.84    562.000    556.688     3.2305     3.2315     0.0010     3.1935     3.1946     0.0010   3.143360   3.143812   0.000450    34.1691    34.1735     5.6910    27.2041    27.2074    34.1692    27.2041    1471.52    1471.53     3.1935  1029.8181    34.3319 0.0000e+00
      19268 292.904257  -44.87834  -51.77094      0.830    1474.84    563.000    557.678     3.2355     3.2364     0.0009     3.1985     3.1994     0.0009   3.144043   3.144524   0.000484    34.1707    34.1756     5.6778    27.2049    27.2087    34.1716    27.2056    1471.56    1471.57     3.1984  1029.8241    34.3343 0.0000e+00
      19299 292.904272  -44.87834  -51.77094      0.770    1474.84    564.000    558.667     3.2417     3.2426     0.0009     3.2046     3.2055     0.0009   3.144737   3.145233   0.000496    34.1726    34.1775     5.6617    27.2058    27.2097    34.1729    27.2061    1471.60    1471.62     3.2045  1029.8291    34.3356 0.0000e+00
      19330 292.904287  -44.87834  -51.77094      0.786    1474.84    565.000    559.656     3.2390     3.2400     0.0010     3.2018     3.2029     0.0010   3.144626   3.145138   0.000507    34.1740    34.1790     5.6429    27.2072    27.2111    34.1739    27.2071    1471.61    1471.62     3.2018  1029.8348    34.3366 0.0000e+00
      19363 292.904302  -44.87833  -51.77094      0.725    1474.84    566.000    560.646     3.2175     3.2192     0.0016     3.1804     3.1820     0.0016   3.142533   3.143117   0.000588    34.1727    34.1781     5.6212    27.2081    27.2123    34.1707    27.2065    1471.53    1471.55     3.1803  1029.8392    34.3334 0.0000e+00
      19392 292.904317  -44.87832  -51.77094      0.791    1474.84    567.000    561.635     3.2071     3.2079     0.0008     3.1699     3.1707     0.0008   3.141746   3.142234   0.000490    34.1725    34.1776     5.6103    27.2090    27.2129    34.1716    27.2083    1471.50    1471.51     3.1699  1029.8457    34.3343 0.0000e+00
      19425 292.904333  -44.87834  -51.77094      0.759    1474.84    568.000    562.624     3.2015     3.2025     0.0010     3.1643     3.1653     0.0010   3.141218   3.141730   0.000509    34.1720    34.1770     5.6190    27.2091    27.2130    34.1706    27.2080    1471.50    1471.51     3.1642  1029.8502    34.3333 0.0000e+00
      19460 292.904349  -44.87834  -51.77094      0.689    1474.84    569.000    563.613     3.1923     3.1935     0.0012     3.1551     3.1563     0.0012   3.140439   3.140963   0.000525    34.1715    34.1766     5.6317    27.2095    27.2134    34.1703    27.2086    1471.47    1471.48     3.1550  1029.8555    34.3330 0.0000e+00
      19491 292.904364  -44.87834  -51.77094      0.743    1474.84    570.000    564.602     3.1920     3.1929     0.0009     3.1547     3.1556     0.0009   3.140482   3.140971   0.000494    34.1714    34.1764     5.6302    27.2095    27.2134    34.1707    27.2089    1471.49    1471.50     3.1546  1029.8605    34.3334 0.0000e+00
      19522 292.904379  -44.87834  -51.77094      0.781    1474.84    571.000    565.591     3.1895     3.1911     0.0016     3.1522     3.1537     0.0016   3.140276   3.140830   0.000549    34.1711    34.1762     5.6301    27.2095    27.2134    34.1702    27.2088    1471.49    1471.51     3.1521  1029.8652    34.3333 0.0000e+00
      19560 292.904398 -9.990e-29  -51.77094      0.658    1474.84    572.000    566.580     3.1815     3.1839     0.0024     3.1441     3.1465     0.0024   3.139505   3.140148   0.000642    34.1705    34.1758     5.6408    27.2098    27.2137    34.1689    27.2084    1471.47    1471.49     3.1440  1029.8711    34.3337 0.0000e+00
      19598 292.904416 -9.990e-29  -51.77094      0.613    1474.84    573.000    567.569     3.1676     3.1682     0.0006     3.1302     3.1307     0.0005   3.138352   3.138821   0.000470    34.1702    34.1752     5.6430    27.2107    27.2148    34.1690    27.2098    1471.43    1471.44     3.1301  1029.8773    34.3339 0.0000e+00
      19632 292.904432  -44.87832  -51.77094      0.701    1474.84    574.000    568.559     3.1655     3.1667     0.0012     3.1280     3.1292     0.0012   3.138169   3.138724   0.000533    34.1698    34.1750     5.6384    27.2107    27.2147    34.1685    27.2097    1471.44    1471.45     3.1280  1029.8811    34.3325 0.0000e+00
      19664 292.904448  -44.87832  -51.77094      0.749    1474.84    575.000    569.548     3.1589     3.1607     0.0018     3.1214     3.1232     0.0018   3.137585   3.138123   0.000570    34.1694    34.1743     5.6475    27.2109    27.2147    34.1679    27.2097    1471.43    1471.44     3.1213  1029.8849    34.3306 0.0000e+00
      19695 292.904463  -44.87834  -51.77093      0.747    1474.84    576.000    570.537     3.1409     3.1417     0.0008     3.1034     3.1042     0.0008   3.135961   3.136458   0.000493    34.1686    34.1737     5.6504    27.2119    27.2159    34.1666    27.2104    1471.36    1471.37     3.1034  1029.8905    34.3293 0.0000e+00
      19723 292.904476  -44.87834  -51.77092      0.821    1474.84    577.000    571.526     3.1356     3.1363     0.0008     3.0980     3.0988     0.0008   3.135565   3.136044   0.000480    34.1686    34.1736     5.6397    27.2124    27.2163    34.1669    27.2111    1471.36    1471.37     3.0980  1029.8959    34.3297 0.0000e+00
      19746 292.904487  -44.87834  -51.77094      0.960    1474.84    578.000    572.515     3.1329     3.1338     0.0009     3.0953     3.0962     0.0009   3.135424   3.135926   0.000500    34.1687    34.1738     5.6473    27.2128    27.2168    34.1675    27.2118    1471.36    1471.38     3.0953  1029.9016    34.3306 0.0000e+00
      19768 292.904498  -44.87834  -51.77094      1.068    1474.84    579.000    573.504     3.1322     3.1332     0.0010     3.0945     3.0955     0.0010   3.135412   3.135909   0.000498    34.1687    34.1737     5.6587    27.2129    27.2167    34.1676    27.2120    1471.38    1471.39     3.0945  1029.9061    34.3303 0.0000e+00
      19793 292.904510  -44.87834  -51.77094      1.036    1474.84    580.000    574.493     3.1312     3.1315     0.0003     3.0934     3.0937     0.0003   3.135389   3.135811   0.000425    34.1688    34.1736     5.6621    27.2130    27.2169    34.1679    27.2123    1471.39    1471.40     3.0934  1029.9110    34.3306 0.0000e+00
      19831 292.904529  -44.87834  -51.77094      0.682    1474.84    581.000    575.483     3.1324     3.1331     0.0007     3.0946     3.0953     0.0007   3.135646   3.136124   0.000480    34.1695    34.1746     5.6547    27.2135    27.2175    34.1692    27.2132    1471.41    1471.42     3.0945  1029.9166    34.3319 0.0000e+00
      19878 292.904551  -44.87834  -51.77094      0.492    1474.84    582.000    576.472     3.1396     3.1403     0.0007     3.1017     3.1024     0.0007   3.136450   3.136931   0.000485    34.1710    34.1761     5.6535    27.2140    27.2180    34.1707    27.2138    1471.46    1471.47     3.1016  1029.9217    34.3335 0.0000e+00
