Pos-Processados/process_op38/operantar38_003b.ros
* Sea-Bird SBE 9 Data File:
* FileName = D:\OPERANTAR_XXXVIII\DADOS\OP38_003b.hdr
* Software Version Seasave V 7.12
* Temperature SN = 4808
* Conductivity SN = 3380
* Number of Bytes Per Scan = 31
* Number of Voltage Words = 2
* Number of Scans Averaged by the Deck Unit = 1
* NMEA Latitude = 39 32.86 S
* NMEA Longitude = 054 23.47 W
* NMEA UTC (Time) = Jan 17 2019 09:51:02
** H41
** NAVIO POLAR ALMIRANTE MAXIMIANO
** CRUZEIRO:
** OPERANTAR XXXVIII
** ESTAÇÃO: OP38_003b
** LAT 39º 32,86'S
** LONG 054º 23,47'W
** 09P73767-1155
** PROFUNDIDADE: 2920 m
** DATA/HORA: 170950Z/OUT/2019
** OPERADOR: SO-HN CHAVES
# nquan = 26
# nvalues = 1649                                  
# units = specified
# name 0 = scan: Scan Count
# name 1 = timeJ: Julian Days
# name 2 = latitude: Latitude [deg]
# name 3 = longitude: Longitude [deg]
# name 4 = dz/dtM: Descent Rate [m/s]
# name 5 = avgsvCM: Average Sound Velocity [Chen-Millero, m/s]
# name 6 = prDM: Pressure, Digiquartz [db]
# name 7 = depSM: Depth [salt water, m]
# name 8 = t090C: Temperature [ITS-90, deg C]
# name 9 = t190C: Temperature, 2 [ITS-90, deg C]
# name 10 = T2-T190C: Temperature Difference, 2 - 1 [ITS-90, deg C]
# name 11 = potemp090C: Potential Temperature [ITS-90, deg C]
# name 12 = potemp190C: Potential Temperature, 2 [ITS-90, deg C]
# name 13 = potemp90Cdiff: Potential Temperature, Diff, 2 - 1 [ITS-90, deg C]
# name 14 = c0S/m: Conductivity [S/m]
# name 15 = c1S/m: Conductivity, 2 [S/m]
# name 16 = C2-C1S/m: Conductivity Difference, 2 - 1 [S/m]
# name 17 = sal00: Salinity, Practical [PSU]
# name 18 = sal11: Salinity, Practical, 2 [PSU]
# name 19 = sbeox0ML/L: Oxygen, SBE 43 [ml/l]
# name 20 = sbeox1ML/L: Oxygen, SBE 43, 2 [ml/l]
# name 21 = sbeox0ML/Ldiff: Oxygen, SBE 43, Diff, 2 - 1 [ml/l]
# name 22 = sigma-é00: Density [sigma-theta, kg/m^3]
# name 23 = sigma-é11: Density, 2 [sigma-theta, kg/m^3]
# name 24 = nbf: Bottles Fired
# name 25 = flag:  0.000e+00
# interval = seconds: 0.0416667
# start_time = Jan 17 2019 09:51:02 [NMEA time, header]
# bad_flag = -9.990e-29
*END*
[from data line 781]
       3367  17.412063  -39.54770  -54.39120      0.109    1474.69     35.218     34.947     6.0682     6.1096     0.0414     6.0652     6.1066     0.0414   3.363162   3.367293   0.004131    34.0840    34.0888     7.3942     7.0830    -0.3112    26.8206    26.8191          5  0.000e+00
       3368  17.412064  -39.54770  -54.39120      0.115    1474.69     35.225     34.954     6.0686     6.1089     0.0403     6.0657     6.1060     0.0403   3.363271   3.367200   0.003929    34.0848    34.0884     7.3937     7.0791    -0.3146    26.8211    26.8189          5  0.000e+00
       3369  17.412064  -39.54770  -54.39120      0.116    1474.69     35.171     34.900     6.0686     6.1066     0.0380     6.0657     6.1037     0.0380   3.363258   3.367039   0.003781    34.0847    34.0889     7.3934     7.0794    -0.3140    26.8210    26.8196          5  0.000e+00
       3370  17.412065  -39.54770  -54.39120      0.121    1474.69     35.225     34.954     6.0686     6.1044     0.0358     6.0657     6.1015     0.0358   3.363175   3.366805   0.003630    34.0837    34.0885     7.3892     7.0798    -0.3094    26.8203    26.8195          5  0.000e+00
       3371  17.412065  -39.54770  -54.39120      0.127    1474.69     35.225     34.954     6.0678     6.1039     0.0361     6.0649     6.1010     0.0361   3.363104   3.366706   0.003602    34.0837    34.0879     7.3887     7.0799    -0.3088    26.8204    26.8191          5  0.000e+00
       3372  17.412065  -39.54770  -54.39120      0.132    1474.69     35.321     35.049     6.0661     6.1012     0.0351     6.0631     6.0982     0.0351   3.362988   3.366520   0.003532    34.0841    34.0885     7.3927     7.0797    -0.3130    26.8209    26.8199          5  0.000e+00
       3373  17.412066  -39.54770  -54.39120      0.134    1474.69     35.171     34.900     6.0659     6.0978     0.0319     6.0629     6.0948     0.0319   3.363078   3.366131   0.003053    34.0854    34.0876     7.3925     7.0801    -0.3124    26.8220    26.8197          5  0.000e+00
       3374  17.412066  -39.54770  -54.39120      0.139    1474.69     35.273     35.002     6.0673     6.0901     0.0228     6.0644     6.0872     0.0228   3.363233   3.365389   0.002156    34.0856    34.0869     7.3923     7.0815    -0.3107    26.8220    26.8201          5  0.000e+00
       3375  17.412067  -39.54770  -54.39120      0.143    1474.69     35.273     35.002     6.0665     6.0828     0.0163     6.0636     6.0799     0.0163   3.363091   3.364740   0.001649    34.0848    34.0870     7.3883     7.0828    -0.3056    26.8214    26.8211          5  0.000e+00
       3376  17.412067  -39.54770  -54.39120      0.145    1474.69     35.273     35.002     6.0631     6.0777     0.0145     6.0602     6.0747     0.0145   3.362712   3.364376   0.001664    34.0840    34.0881     7.3886     7.0836    -0.3051    26.8212    26.8226          5  0.000e+00
       3377  17.412068  -39.54770  -54.39120      0.153    1474.69     35.321     35.049     6.0609     6.0769     0.0160     6.0579     6.0739     0.0160   3.362422   3.364363   0.001941    34.0829    34.0887     7.3888     7.0837    -0.3052    26.8207    26.8232          5  0.000e+00
       3378  17.412068  -39.54770  -54.39120      0.155    1474.69     35.273     35.002     6.0593     6.0738     0.0145     6.0563     6.0708     0.0145   3.362178   3.364141   0.001963    34.0818    34.0893     7.3848     7.0841    -0.3007    26.8200    26.8241          5  0.000e+00
       3379  17.412069  -39.54770  -54.39120      0.159    1474.69     35.273     35.002     6.0568     6.0683     0.0115     6.0539     6.0654     0.0115   3.361843   3.363758   0.001915    34.0805    34.0905     7.3846     7.0849    -0.2997    26.8193    26.8257          5  0.000e+00
       3380  17.412069  -39.54770  -54.39120      0.162    1474.69     35.321     35.049     6.0538     6.0661     0.0123     6.0508     6.0631     0.0123   3.361522   3.363505   0.001983    34.0800    34.0899     7.3847     7.0853    -0.2994    26.8192    26.8255          5  0.000e+00
       3381  17.412070  -39.54770  -54.39120      0.164    1474.69     35.273     35.002     6.0520     6.0649     0.0130     6.0490     6.0620     0.0130   3.361451   3.363585   0.002134    34.0810    34.0920     7.3844     7.0853    -0.2991    26.8203    26.8273          5  0.000e+00
       3382  17.412070  -39.54770  -54.39120      0.169    1474.69     35.376     35.104     6.0533     6.0648     0.0115     6.0503     6.0618     0.0115   3.361605   3.363196   0.001590    34.0814    34.0877     7.3838     7.0855    -0.2983    26.8204    26.8239          5  0.000e+00
       3383  17.412071  -39.54770  -54.39120      0.172    1474.69     35.321     35.049     6.0551     6.0555     0.0004     6.0521     6.0525     0.0004   3.361914   3.362189   0.000274    34.0831    34.0858     7.3830     7.0872    -0.2958    26.8215    26.8236          5  0.000e+00
       3384  17.412071  -39.54770  -54.39120      0.175    1474.69     35.321     35.049     6.0578     6.0478    -0.0100     6.0549     6.0449    -0.0100   3.362294   3.361534  -0.000760    34.0846    34.0861     7.3821     7.0885    -0.2937    26.8224    26.8248          5  0.000e+00
       3385  17.412072  -39.54770  -54.39120      0.177    1474.69     35.376     35.104     6.0589     6.0443    -0.0146     6.0560     6.0414    -0.0146   3.362454   3.361342  -0.001112    34.0853    34.0874     7.3817     7.0890    -0.2927    26.8227    26.8263          5  0.000e+00
       3386  17.412072  -39.54770  -54.39120      0.178    1474.69     35.321     35.049     6.0593     6.0427    -0.0166     6.0563     6.0397    -0.0166   3.362345   3.361281  -0.001065    34.0837    34.0884     7.3816     7.0891    -0.2925    26.8215    26.8273          5  0.000e+00
       3387  17.412073  -39.54770  -54.39120      0.184    1474.69     35.424     35.151     6.0575     6.0406    -0.0169     6.0545     6.0377    -0.0169   3.361959   3.361194  -0.000765    34.0811    34.0894     7.3816     7.0902    -0.2914    26.8196    26.8284          5  0.000e+00
       3388  17.412073  -39.54770  -54.39120      0.184    1474.69     35.322     35.049     6.0536     6.0409    -0.0127     6.0506     6.0379    -0.0127   3.361477   3.361441  -0.000036    34.0796    34.0920     7.3782     7.0906    -0.2876    26.8190    26.8304          5  0.000e+00
       3389  17.412074  -39.54770  -54.39120      0.185    1474.69     35.376     35.104     6.0468     6.0450    -0.0018     6.0439     6.0420    -0.0018   3.360853   3.361738   0.000885    34.0794    34.0912     7.3792     7.0899    -0.2893    26.8197    26.8292          5  0.000e+00
       3390  17.412074  -39.54770  -54.39120      0.189    1474.69     35.424     35.151     6.0401     6.0462     0.0061     6.0371     6.0432     0.0061   3.360281   3.361942   0.001661    34.0797    34.0923     7.3803     7.0896    -0.2906    26.8208    26.8299          5  0.000e+00
       3391  17.412075  -39.54770  -54.39120      0.192    1474.69     35.376     35.104     6.0369     6.0489     0.0120     6.0339     6.0459     0.0120   3.360075   3.362213   0.002138    34.0807    34.0927     7.3801     7.0891    -0.2911    26.8219    26.8299          5  0.000e+00
       3392  17.412075  -39.54770  -54.39120      0.194    1474.69     35.424     35.151     6.0391     6.0517     0.0126     6.0361     6.0487     0.0126   3.360326   3.362454   0.002129    34.0812    34.0925     7.3792     7.0840    -0.2952    26.8221    26.8294          5  0.000e+00
       3393  17.412076  -39.54770  -54.39120      0.192    1474.69     35.370     35.097     6.0422     6.0537     0.0115     6.0392     6.0507     0.0115   3.360737   3.362603   0.001865    34.0828    34.0922     7.3780     7.0875    -0.2905    26.8229    26.8289          5  0.000e+00
       3394  17.412076  -39.54770  -54.39120      0.192    1474.69     35.424     35.151     6.0430     6.0546     0.0116     6.0400     6.0516     0.0116   3.360962   3.362671   0.001708    34.0845    34.0920     7.3732     7.0874    -0.2859    26.8242    26.8286          5  0.000e+00
       3395  17.412077  -39.54770  -54.39120      0.194    1474.69     35.424     35.151     6.0430     6.0561     0.0131     6.0400     6.0531     0.0131   3.361001   3.362825   0.001824    34.0849    34.0923     7.3766     7.0825    -0.2941    26.8245    26.8286          5  0.000e+00
       3396  17.412077  -39.54770  -54.39120      0.195    1474.69     35.424     35.151     6.0436     6.0577     0.0140     6.0407     6.0547     0.0140   3.361136   3.362961   0.001825    34.0858    34.0922     7.3720     7.0861    -0.2859    26.8251    26.8284          5  0.000e+00
       3397  17.412078  -39.54770  -54.39120      0.196    1474.69     35.424     35.151     6.0456     6.0575     0.0120     6.0426     6.0546     0.0120   3.361335   3.362831   0.001496    34.0861    34.0909     7.3710     7.0816    -0.2894    26.8251    26.8273          5  0.000e+00
       3398  17.412078  -39.54770  -54.39120      0.192    1474.69     35.418     35.145     6.0481     6.0551     0.0070     6.0452     6.0521     0.0070   3.361593   3.362621   0.001028    34.0864    34.0910     7.3659     7.0814    -0.2845    26.8250    26.8278          5  0.000e+00
       3399  17.412079  -39.54770  -54.39120      0.190    1474.69     35.424     35.151     6.0512     6.0535     0.0023     6.0482     6.0506     0.0023   3.361914   3.362318   0.000404    34.0869    34.0891     7.3645     7.0812    -0.2833    26.8250    26.8265          5  0.000e+00
       3400  17.412079  -39.54770  -54.39120      0.194    1474.69     35.472     35.199     6.0557     6.0499    -0.0058     6.0528     6.0470    -0.0058   3.362268   3.361775  -0.000493    34.0863    34.0866     7.3670     7.0814    -0.2856    26.8240    26.8250          5  0.000e+00
       3401  17.412079  -39.54770  -54.39120      0.194    1474.69     35.472     35.199     6.0568     6.0423    -0.0146     6.0539     6.0393    -0.0146   3.362319   3.361126  -0.001193    34.0858    34.0870     7.3621     7.0823    -0.2798    26.8234    26.8263          5  0.000e+00
       3402  17.412080  -39.54770  -54.39120      0.187    1474.69     35.377     35.104     6.0561     6.0388    -0.0173     6.0531     6.0358    -0.0173   3.362107   3.360984  -0.001123    34.0842    34.0890     7.3617     7.0776    -0.2841    26.8223    26.8282          5  0.000e+00
       3403  17.412080  -39.54770  -54.39120      0.185    1474.69     35.472     35.199     6.0543     6.0346    -0.0197     6.0513     6.0316    -0.0197   3.361895   3.360669  -0.001226    34.0836    34.0896     7.3617     7.0818    -0.2799    26.8220    26.8293          5  0.000e+00
       3404  17.412081  -39.54770  -54.39120      0.185    1474.69     35.472     35.199     6.0522     6.0326    -0.0196     6.0492     6.0296    -0.0196   3.361753   3.360589  -0.001165    34.0841    34.0907     7.3617     7.0771    -0.2846    26.8227    26.8304          5  0.000e+00
       3405  17.412081  -39.54770  -54.39120      0.182    1474.69     35.425     35.152     6.0518     6.0346    -0.0172     6.0489     6.0316    -0.0172   3.361908   3.360842  -0.001066    34.0862    34.0916     7.3615     7.0756    -0.2859    26.8244    26.8308          5  0.000e+00
       3406  17.412082  -39.54770  -54.39120      0.177    1474.69     35.425     35.152     6.0517     6.0374    -0.0142     6.0487     6.0345    -0.0142   3.361991   3.360996  -0.000995    34.0873    34.0905     7.3614     7.0741    -0.2873    26.8253    26.8296          5  0.000e+00
       3407  17.412082  -39.54770  -54.39120      0.175    1474.69     35.473     35.199     6.0515     6.0370    -0.0145     6.0485     6.0340    -0.0145   3.361953   3.360929  -0.001024    34.0870    34.0901     7.3569     7.0733    -0.2836    26.8251    26.8293          5  0.000e+00
       3408  17.412083  -39.54770  -54.39120      0.172    1474.69     35.473     35.199     6.0506     6.0349    -0.0157     6.0476     6.0319    -0.0157   3.361708   3.360780  -0.000928    34.0852    34.0905     7.3568     7.0681    -0.2887    26.8238    26.8300          5  0.000e+00
       3409  17.412083  -39.54770  -54.39120      0.168    1474.69     35.473     35.199     6.0506     6.0356    -0.0149     6.0476     6.0327    -0.0149   3.361676   3.360947  -0.000729    34.0849    34.0917     7.3567     7.0664    -0.2903    26.8235    26.8308          5  0.000e+00
       3410  17.412084  -39.54770  -54.39120      0.161    1474.69     35.425     35.152     6.0515     6.0409    -0.0106     6.0485     6.0379    -0.0106   3.361831   3.361429  -0.000402    34.0857    34.0919     7.3564     7.0640    -0.2924    26.8240    26.8302          5  0.000e+00
       3411  17.412084  -39.54770  -54.39120      0.158    1474.69     35.473     35.199     6.0552     6.0406    -0.0146     6.0522     6.0377    -0.0146   3.362377   3.361750  -0.000627    34.0881    34.0957     7.3557     7.0672    -0.2885    26.8254    26.8333          5  0.000e+00
       3412  17.412085  -39.54770  -54.39120      0.154    1474.69     35.473     35.199     6.0602     6.0436    -0.0166     6.0572     6.0407    -0.0166   3.362770   3.362127  -0.000643    34.0874    34.0969     7.3550     7.0660    -0.2890    26.8243    26.8339          5  0.000e+00
       3413  17.412085  -39.54770  -54.39120      0.150    1474.69     35.473     35.199     6.0618     6.0539    -0.0080     6.0589     6.0509    -0.0080   3.362712   3.362874   0.000163    34.0852    34.0950     7.3547     7.0591    -0.2956    26.8223    26.8311          5  0.000e+00
       3414  17.412086  -39.54770  -54.39120      0.143    1474.69     35.418     35.145     6.0605     6.0609     0.0004     6.0576     6.0579     0.0004   3.362409   3.363424   0.001015    34.0831    34.0942     7.3550     7.0613    -0.2937    26.8208    26.8295          5  0.000e+00
       3415  17.412086  -39.54770  -54.39120      0.134    1474.69     35.425     35.152     6.0543     6.0661     0.0118     6.0513     6.0631     0.0118   3.361670   3.363653   0.001983    34.0811    34.0915     7.3523     7.0555    -0.2968    26.8200    26.8268          5  0.000e+00
       3416  17.412087  -39.54770  -54.39120      0.131    1474.69     35.473     35.199     6.0465     6.0643     0.0178     6.0435     6.0613     0.0178   3.360995   3.363468   0.002473    34.0813    34.0912     7.3536     7.0556    -0.2979    26.8212    26.8268          5  0.000e+00
       3417  17.412087  -39.54770  -54.39120      0.125    1474.69     35.425     35.152     6.0425     6.0628     0.0204     6.0395     6.0599     0.0204   3.360750   3.363431   0.002680    34.0826    34.0923     7.3541     7.0549    -0.2992    26.8227    26.8278          5  0.000e+00
       3418  17.412088  -39.54770  -54.39120      0.118    1474.69     35.473     35.199     6.0376     6.0658     0.0281     6.0347     6.0628     0.0281   3.360519   3.363770   0.003252    34.0848    34.0931     7.3551     7.0536    -0.3014    26.8251    26.8281          5  0.000e+00
       3419  17.412088  -39.54770  -54.39120      0.111    1474.69     35.418     35.145     6.0355     6.0662     0.0307     6.0326     6.0633     0.0307   3.360178   3.363529   0.003351    34.0831    34.0900     7.3552     7.0529    -0.3022    26.8240    26.8255          5  0.000e+00
       3420  17.412089  -39.54770  -54.39120      0.103    1474.69     35.425     35.152     6.0328     6.0633     0.0305     6.0299     6.0604     0.0305   3.359831   3.363004   0.003173    34.0820    34.0870     7.3556     7.0530    -0.3026    26.8234    26.8236          5  0.000e+00
       3421  17.412089  -39.54770  -54.39120      0.101    1474.69     35.425     35.152     6.0299     6.0598     0.0299     6.0270     6.0568     0.0298   3.359573   3.362757   0.003184    34.0820    34.0878     7.3566     7.0531    -0.3035    26.8238    26.8246          6  0.000e+00
