Pos-Processados/process_op38/operantar38_017.ros
* Sea-Bird SBE 9 Data File:
* FileName = D:\OPERANTAR_XXXVIII\DADOS\OP38_017.hdr
* Software Version Seasave V 7.18c
* Temperature SN = 4808
* Conductivity SN = 3380
* Number of Bytes Per Scan = 34
* Number of Voltage Words = 3
* Number of Scans Averaged by the Deck Unit = 1
* NMEA Latitude = 62 16.17 S
* NMEA Longitude = 058 26.27 W
* NMEA UTC (Time) = Nov 05 2019 14:37:33
** H41
** NAVIO POLAR ALMIRANTE MAXIMIANO
** CRUZEIRO:
** OPERANTAR XXXVIII
** ESTAÇÃO: OP38_017
** LAT 62 16,18' S
** LONG 058 26,25' W
** 09P73767-1155_A
** PROFUNDIDADE: 110
** DATA/HORA: 051438Z/NOV/2019
** OPERADOR: SO-HN CHAVES
# nquan = 26
# nvalues = 1943                                  
# units = specified
# name 0 = scan: Scan Count
# name 1 = timeJ: Julian Days
# name 2 = latitude: Latitude [deg]
# name 3 = longitude: Longitude [deg]
# name 4 = dz/dtM: Descent Rate [m/s]
# name 5 = avgsvCM: Average Sound Velocity [Chen-Millero, m/s]
# name 6 = prDM: Pressure, Digiquartz [db]
# name 7 = depSM: Depth [salt water, m]
# name 8 = t090C: Temperature [ITS-90, deg C]
# name 9 = t190C: Temperature, 2 [ITS-90, deg C]
# name 10 = T2-T190C: Temperature Difference, 2 - 1 [ITS-90, deg C]
# name 11 = potemp090C: Potential Temperature [ITS-90, deg C]
# name 12 = potemp190C: Potential Temperature, 2 [ITS-90, deg C]
# name 13 = potemp90Cdiff: Potential Temperature, Diff, 2 - 1 [ITS-90, deg C]
# name 14 = c0S/m: Conductivity [S/m]
# name 15 = c1S/m: Conductivity, 2 [S/m]
# name 16 = C2-C1S/m: Conductivity Difference, 2 - 1 [S/m]
# name 17 = sal00: Salinity, Practical [PSU]
# name 18 = sal11: Salinity, Practical, 2 [PSU]
# name 19 = sbeox0ML/L: Oxygen, SBE 43 [ml/l]
# name 20 = sbeox1ML/L: Oxygen, SBE 43, 2 [ml/l]
# name 21 = sbeox0ML/Ldiff: Oxygen, SBE 43, Diff, 2 - 1 [ml/l]
# name 22 = sigma-é00: Density [sigma-theta, kg/m^3]
# name 23 = sigma-é11: Density, 2 [sigma-theta, kg/m^3]
# name 24 = nbf: Bottles Fired
# name 25 = flag:  0.000e+00
# interval = seconds: 0.0416667
# start_time = Nov 05 2019 14:37:33 [NMEA time, header]
# bad_flag = -9.990e-29
*END*
[from data line 1171]
      16185 309.617215  -62.26954  -58.43786      0.010    1444.65     19.317     19.130    -0.8867    -0.8843     0.0024    -0.8872    -0.8848     0.0024   2.769290   2.769869   0.000579    34.1923    34.1974     7.5018     7.1738    -0.3280    27.4944    27.4985          8  0.000e+00
      16186 309.617215  -62.26954  -58.43786      0.007    1444.65     19.303     19.117    -0.8863    -0.8845     0.0019    -0.8869    -0.8850     0.0019   2.769296   2.769869   0.000573    34.1920    34.1977     7.5014     7.1688    -0.3326    27.4941    27.4987          8  0.000e+00
      16187 309.617215  -62.26954  -58.43786      0.007    1444.65     19.303     19.117    -0.8864    -0.8843     0.0021    -0.8869    -0.8848     0.0021   2.769296   2.769880   0.000585    34.1920    34.1976     7.5019     7.1744    -0.3275    27.4942    27.4986          8  0.000e+00
      16188 309.617216  -62.26954  -58.43786      0.002    1444.65     19.269     19.083    -0.8862    -0.8843     0.0019    -0.8867    -0.8849     0.0019   2.769272   2.769886   0.000614    34.1915    34.1978     7.5023     7.1694    -0.3329    27.4938    27.4988          8  0.000e+00
      16189 309.617216  -62.26954  -58.43786      0.002    1444.65     19.303     19.117    -0.8859    -0.8838     0.0021    -0.8865    -0.8843     0.0021   2.769272   2.769875   0.000603    34.1912    34.1970     7.5028     7.1751    -0.3277    27.4935    27.4981          8  0.000e+00
      16190 309.617217  -62.26954  -58.43786      0.002    1444.65     19.303     19.117    -0.8858    -0.8838     0.0020    -0.8863    -0.8843     0.0020   2.769278   2.769880   0.000603    34.1911    34.1970     7.5033     7.1701    -0.3331    27.4934    27.4982          8  0.000e+00
      16191 309.617217  -62.26954  -58.43786     -0.007    1444.65     19.200     19.015    -0.8858    -0.8836     0.0022    -0.8863    -0.8841     0.0022   2.769331   2.769903   0.000572    34.1919    34.1972     7.5036     7.1757    -0.3279    27.4940    27.4982          8  0.000e+00
      16192 309.617218  -62.26954  -58.43786     -0.003    1444.65     19.371     19.184    -0.8858    -0.8836     0.0021    -0.8863    -0.8842     0.0021   2.769332   2.769892   0.000560    34.1918    34.1970     7.5035     7.1757    -0.3277    27.4940    27.4981          8  0.000e+00
      16193 309.617218  -62.26954  -58.43786     -0.003    1444.65     19.303     19.117    -0.8853    -0.8834     0.0019    -0.8858    -0.8839     0.0019   2.769320   2.769852   0.000532    34.1911    34.1962     7.5030     7.1754    -0.3276    27.4934    27.4975          8  0.000e+00
      16194 309.617219  -62.26954  -58.43786     -0.003    1444.65     19.303     19.117    -0.8849    -0.8836     0.0013    -0.8855    -0.8841     0.0013   2.769320   2.769875   0.000555    34.1907    34.1968     7.5033     7.1763    -0.3270    27.4931    27.4979          8  0.000e+00
      16195 309.617219  -62.26954  -58.43786     -0.002    1444.65     19.316     19.130    -0.8851    -0.8831     0.0020    -0.8856    -0.8836     0.0020   2.769343   2.769869   0.000525    34.1912    34.1961     7.5038     7.1760    -0.3278    27.4935    27.4973          8  0.000e+00
      16196 309.617220  -62.26954  -58.43786     -0.008    1444.65     19.248     19.062    -0.8853    -0.8835     0.0018    -0.8858    -0.8840     0.0018   2.769349   2.769880   0.000531    34.1915    34.1967     7.5042     7.1756    -0.3285    27.4938    27.4979          8  0.000e+00
      16197 309.617220  -62.26954  -58.43786     -0.008    1444.65     19.303     19.116    -0.8853    -0.8834     0.0019    -0.8858    -0.8839     0.0019   2.769308   2.769886   0.000579    34.1909    34.1967     7.5038     7.1753    -0.3286    27.4933    27.4978          8  0.000e+00
      16198 309.617221  -62.26954  -58.43786     -0.010    1444.65     19.269     19.083    -0.8853    -0.8825     0.0027    -0.8858    -0.8831     0.0027   2.769314   2.769892   0.000578    34.1910    34.1958     7.5034     7.1759    -0.3275    27.4934    27.4971          8  0.000e+00
      16199 309.617221  -62.26954  -58.43786     -0.010    1444.65     19.303     19.116    -0.8853    -0.8829     0.0023    -0.8858    -0.8835     0.0023   2.769320   2.769869   0.000549    34.1911    34.1959     7.5030     7.1768    -0.3262    27.4934    27.4972          8  0.000e+00
      16200 309.617222  -62.26954  -58.43786     -0.009    1444.65     19.303     19.116    -0.8853    -0.8829     0.0024    -0.8858    -0.8834     0.0024   2.769361   2.769898   0.000536    34.1917    34.1962     7.5024     7.1775    -0.3249    27.4939    27.4974          8  0.000e+00
      16201 309.617222  -62.26954  -58.43786     -0.011    1444.65     19.269     19.083    -0.8853    -0.8828     0.0025    -0.8858    -0.8833     0.0025   2.769314   2.769932   0.000619    34.1910    34.1966     7.5019     7.1782    -0.3237    27.4934    27.4978          8  0.000e+00
      16202 309.617223  -62.26954  -58.43786     -0.014    1444.65     19.248     19.062    -0.8852    -0.8825     0.0026    -0.8857    -0.8831     0.0026   2.769355   2.769909   0.000554    34.1915    34.1960     7.5013     7.1777    -0.3235    27.4937    27.4973          8  0.000e+00
      16203 309.617223  -62.26954  -58.43786     -0.013    1444.65     19.303     19.116    -0.8849    -0.8829     0.0020    -0.8855    -0.8835     0.0020   2.769373   2.769886   0.000513    34.1914    34.1961     7.5015     7.1774    -0.3241    27.4937    27.4974          8  0.000e+00
      16204 309.617224  -62.26954  -58.43786     -0.015    1444.65     19.268     19.083    -0.8850    -0.8829     0.0021    -0.8855    -0.8834     0.0021   2.769355   2.769903   0.000548    34.1913    34.1963     7.4957     7.1768    -0.3189    27.4935    27.4975          8  0.000e+00
      16205 309.617224  -62.26954  -58.43786     -0.018    1444.65     19.248     19.062    -0.8849    -0.8829     0.0020    -0.8855    -0.8835     0.0020   2.769367   2.769892   0.000525    34.1914    34.1963     7.4995     7.1762    -0.3233    27.4936    27.4975          8  0.000e+00
      16206 309.617225  -62.26954  -58.43786     -0.017    1444.65     19.303     19.116    -0.8848    -0.8830     0.0018    -0.8853    -0.8836     0.0018   2.769397   2.769875   0.000477    34.1916    34.1961     7.4989     7.1757    -0.3232    27.4938    27.4974          8  0.000e+00
      16207 309.617225  -62.26954  -58.43786     -0.018    1444.65     19.268     19.083    -0.8845    -0.8831     0.0014    -0.8850    -0.8836     0.0014   2.769379   2.769840   0.000461    34.1910    34.1957     7.4982     7.1762    -0.3220    27.4933    27.4970          8  0.000e+00
      16208 309.617226  -62.26954  -58.43786     -0.018    1444.65     19.303     19.116    -0.8848    -0.8830     0.0018    -0.8853    -0.8836     0.0018   2.769415   2.769892   0.000477    34.1919    34.1963     7.4975     7.1767    -0.3208    27.4940    27.4975          8  0.000e+00
      16209 309.617226  -62.26954  -58.43786     -0.019    1444.65     19.248     19.062    -0.8848    -0.8832     0.0017    -0.8853    -0.8837     0.0017   2.769391   2.769892   0.000501    34.1916    34.1965     7.4976     7.1772    -0.3204    27.4938    27.4977          8  0.000e+00
      16210 309.617227  -62.26954  -58.43786     -0.021    1444.65     19.268     19.083    -0.8852    -0.8834     0.0018    -0.8857    -0.8839     0.0018   2.769391   2.769903   0.000512    34.1920    34.1969     7.4970     7.1778    -0.3192    27.4941    27.4980          8  0.000e+00
      16211 309.617227  -62.26954  -58.43786     -0.020    1444.65     19.303     19.116    -0.8853    -0.8836     0.0017    -0.8858    -0.8841     0.0017   2.769361   2.769898   0.000536    34.1917    34.1971     7.4971     7.1784    -0.3187    27.4939    27.4982          8  0.000e+00
      16212 309.617228  -62.26954  -58.43786     -0.021    1444.65     19.248     19.062    -0.8851    -0.8836     0.0015    -0.8856    -0.8841     0.0015   2.769367   2.769909   0.000542    34.1916    34.1972     7.4971     7.1718    -0.3253    27.4938    27.4983          8  0.000e+00
      16213 309.617228  -62.26954  -58.43786     -0.024    1444.65     19.248     19.062    -0.8852    -0.8835     0.0017    -0.8857    -0.8840     0.0017   2.769355   2.769915   0.000559    34.1915    34.1972     7.4963     7.1699    -0.3264    27.4937    27.4983          8  0.000e+00
      16214 309.617228  -62.26954  -58.43786     -0.025    1444.65     19.268     19.083    -0.8853    -0.8837     0.0016    -0.8858    -0.8842     0.0016   2.769349   2.769892   0.000542    34.1915    34.1971     7.4964     7.1681    -0.3283    27.4938    27.4982          8  0.000e+00
      16215 309.617229  -62.26954  -58.43786     -0.026    1444.65     19.248     19.062    -0.8858    -0.8836     0.0021    -0.8863    -0.8841     0.0021   2.769331   2.769875   0.000543    34.1918    34.1968     7.4957     7.1722    -0.3235    27.4940    27.4980          8  0.000e+00
      16216 309.617229  -62.26954  -58.43786     -0.024    1444.65     19.303     19.116    -0.8856    -0.8837     0.0019    -0.8861    -0.8842     0.0019   2.769278   2.769863   0.000586    34.1909    34.1967     7.4898     7.1727    -0.3170    27.4932    27.4979          8  0.000e+00
      16217 309.617230  -62.26954  -58.43786     -0.028    1444.65     19.221     19.035    -0.8859    -0.8838     0.0021    -0.8865    -0.8843     0.0021   2.769331   2.769880   0.000549    34.1920    34.1971     7.4941     7.1731    -0.3210    27.4942    27.4982          8  0.000e+00
      16218 309.617230  -62.26954  -58.43786     -0.032    1444.65     19.303     19.116    -0.8856    -0.8840     0.0016    -0.8861    -0.8845     0.0016   2.769349   2.769869   0.000520    34.1918    34.1971     7.4941     7.1725    -0.3216    27.4940    27.4982          8  0.000e+00
      16219 309.617231  -62.26954  -58.43786     -0.024    1444.65     19.248     19.062    -0.8855    -0.8836     0.0018    -0.8860    -0.8841     0.0018   2.769331   2.769898   0.000566    34.1915    34.1971     7.4993     7.1716    -0.3276    27.4937    27.4982          8  0.000e+00
      16220 309.617231  -62.26954  -58.43786     -0.030    1444.65     19.221     19.035    -0.8858    -0.8839     0.0019    -0.8863    -0.8844     0.0019   2.769302   2.769880   0.000579    34.1914    34.1972     7.4949     7.1720    -0.3228    27.4937    27.4983          8  0.000e+00
      16221 309.617232  -62.26954  -58.43786     -0.028    1444.65     19.303     19.116    -0.8852    -0.8836     0.0015    -0.8857    -0.8841     0.0015   2.769296   2.769903   0.000608    34.1906    34.1972     7.4948     7.1712    -0.3236    27.4930    27.4982          8  0.000e+00
      16222 309.617232  -62.26954  -58.43786     -0.029    1444.65     19.248     19.062    -0.8849    -0.8839     0.0011    -0.8855    -0.8844     0.0011   2.769314   2.769892   0.000578    34.1907    34.1973     7.4947     7.1716    -0.3231    27.4930    27.4984          8  0.000e+00
      16223 309.617233  -62.26954  -58.43786     -0.026    1444.65     19.268     19.082    -0.8855    -0.8832     0.0023    -0.8860    -0.8837     0.0023   2.769302   2.769903   0.000602    34.1911    34.1967     7.4948     7.1659    -0.3289    27.4934    27.4978          8  0.000e+00
      16224 309.617233  -62.26954  -58.43786     -0.027    1444.65     19.248     19.062    -0.8854    -0.8837     0.0017    -0.8859    -0.8842     0.0017   2.769296   2.769880   0.000585    34.1909    34.1970     7.4947     7.1711    -0.3236    27.4933    27.4981          8  0.000e+00
      16225 309.617234  -62.26954  -58.43786     -0.029    1444.65     19.248     19.062    -0.8856    -0.8838     0.0018    -0.8862    -0.8843     0.0018   2.769296   2.769880   0.000585    34.1912    34.1971     7.4955     7.1715    -0.3240    27.4935    27.4982          8  0.000e+00
      16226 309.617234  -62.26954  -58.43786     -0.026    1444.65     19.268     19.082    -0.8858    -0.8837     0.0020    -0.8863    -0.8842     0.0020   2.769272   2.769903   0.000632    34.1910    34.1973     7.4956     7.1719    -0.3237    27.4933    27.4983          8  0.000e+00
      16227 309.617235  -62.26954  -58.43786     -0.027    1444.65     19.248     19.062    -0.8854    -0.8833     0.0021    -0.8859    -0.8838     0.0021   2.769272   2.769932   0.000660    34.1906    34.1972     7.4955     7.1710    -0.3245    27.4930    27.4983          8  0.000e+00
      16228 309.617235  -62.26954  -58.43786     -0.029    1444.65     19.248     19.062    -0.8856    -0.8836     0.0020    -0.8862    -0.8841     0.0020   2.769290   2.769944   0.000654    34.1911    34.1977     7.4955     7.1713    -0.3242    27.4934    27.4987          8  0.000e+00
      16229 309.617236  -62.26954  -58.43786     -0.028    1444.65     19.220     19.035    -0.8859    -0.8834     0.0025    -0.8864    -0.8839     0.0025   2.769260   2.769898   0.000638    34.1910    34.1969     7.4956     7.1716    -0.3239    27.4933    27.4980          8  0.000e+00
      16230 309.617236  -62.26954  -58.43786     -0.028    1444.65     19.248     19.062    -0.8859    -0.8833     0.0026    -0.8865    -0.8838     0.0026   2.769266   2.769886   0.000620    34.1911    34.1966     7.4956     7.1720    -0.3236    27.4935    27.4978          8  0.000e+00
      16231 309.617237  -62.26954  -58.43786     -0.030    1444.65     19.248     19.062    -0.8859    -0.8831     0.0028    -0.8864    -0.8836     0.0028   2.769290   2.769903   0.000614    34.1914    34.1966     7.4956     7.1664    -0.3292    27.4937    27.4978          8  0.000e+00
      16232 309.617237  -62.26954  -58.43786     -0.029    1444.65     19.268     19.082    -0.8861    -0.8836     0.0024    -0.8866    -0.8841     0.0024   2.769314   2.769915   0.000601    34.1919    34.1973     7.4964     7.1716    -0.3248    27.4941    27.4984          8  0.000e+00
      16233 309.617238  -62.26954  -58.43786     -0.028    1444.65     19.248     19.062    -0.8859    -0.8834     0.0025    -0.8864    -0.8839     0.0025   2.769361   2.769938   0.000576    34.1924    34.1974     7.4964     7.1660    -0.3303    27.4945    27.4984          8  0.000e+00
      16234 309.617238  -62.26954  -58.43786     -0.027    1444.65     19.248     19.062    -0.8861    -0.8835     0.0026    -0.8866    -0.8840     0.0026   2.769373   2.769921   0.000547    34.1927    34.1973     7.4964     7.1712    -0.3252    27.4948    27.4983          8  0.000e+00
      16235 309.617239  -62.26954  -58.43786     -0.027    1444.65     19.248     19.062    -0.8859    -0.8829     0.0029    -0.8864    -0.8835     0.0029   2.769391   2.769949   0.000558    34.1928    34.1970     7.4964     7.1704    -0.3261    27.4948    27.4981          9  0.000e+00
      16236 309.617239  -62.26954  -58.43786     -0.028    1444.65     19.220     19.035    -0.8858    -0.8833     0.0024    -0.8863    -0.8838     0.0024   2.769421   2.769949   0.000528    34.1931    34.1975     7.4964     7.1649    -0.3315    27.4950    27.4985          9  0.000e+00
      16237 309.617240  -62.26954  -58.43786     -0.029    1444.65     19.248     19.062    -0.8862    -0.8833     0.0030    -0.8867    -0.8838     0.0030   2.769403   2.769944   0.000540    34.1933    34.1973     7.4965     7.1630    -0.3336    27.4953    27.4984          9  0.000e+00
      16238 309.617240  -62.26954  -58.43786     -0.028    1444.65     19.248     19.062    -0.8861    -0.8835     0.0026    -0.8866    -0.8840     0.0026   2.769379   2.769984   0.000604    34.1928    34.1981     7.4965     7.1622    -0.3343    27.4948    27.4990          9  0.000e+00
      16239 309.617241  -62.26954  -58.43786     -0.026    1444.65     19.268     19.082    -0.8858    -0.8840     0.0017    -0.8863    -0.8845     0.0017   2.769391   2.769972   0.000581    34.1926    34.1986     7.4965     7.1605    -0.3361    27.4947    27.4994          9  0.000e+00
