Pos-Processados/process_op38/operantar38_010.ros
* Sea-Bird SBE 9 Data File:
* FileName = D:\OPERANTAR_XXXVIII\DADOS\OP38_010.hdr
* Software Version Seasave V 7.18c
* Temperature SN = 4808
* Conductivity SN = 3380
* Number of Bytes Per Scan = 31
* Number of Voltage Words = 2
* Number of Scans Averaged by the Deck Unit = 1
* NMEA Latitude = 43 58.12 S
* NMEA Longitude = 053 08.81 W
* NMEA UTC (Time) = Oct 20 2019 12:04:22
** H41
** NAVIO POLAR ALMIRANTE MAXIMIANO
** CRUZEIRO:
** OPERANTAR XXXVIII
** ESTAÇÃO: OP38_010
** LAT 43 58,10'S
** LONG 053 08,81'W
** 09P73767-1155
** PROFUNDIDADE: 5740
** DATA/HORA: 201205Z/OUT/19
** OPERADOR: SO-HN CHAVES
# nquan = 24
# nvalues = 2055                                  
# units = specified
# name 0 = scan: Scan Count
# name 1 = timeJ: Julian Days
# name 2 = latitude: Latitude [deg]
# name 3 = longitude: Longitude [deg]
# name 4 = dz/dtM: Descent Rate [m/s]
# name 5 = avgsvCM: Average Sound Velocity [Chen-Millero, m/s]
# name 6 = prDM: Pressure, Digiquartz [db]
# name 7 = depSM: Depth [salt water, m]
# name 8 = t090C: Temperature [ITS-90, deg C]
# name 9 = t190C: Temperature, 2 [ITS-90, deg C]
# name 10 = T2-T190C: Temperature Difference, 2 - 1 [ITS-90, deg C]
# name 11 = potemp090C: Potential Temperature [ITS-90, deg C]
# name 12 = potemp190C: Potential Temperature, 2 [ITS-90, deg C]
# name 13 = potemp90Cdiff: Potential Temperature, Diff, 2 - 1 [ITS-90, deg C]
# name 14 = c0S/m: Conductivity [S/m]
# name 15 = c1S/m: Conductivity, 2 [S/m]
# name 16 = C2-C1S/m: Conductivity Difference, 2 - 1 [S/m]
# name 17 = sal00: Salinity, Practical [PSU]
# name 18 = sal11: Salinity, Practical, 2 [PSU]
# name 19 = sbeox0ML/L: Oxygen, SBE 43 [ml/l]
# name 20 = sigma-é00: Density [sigma-theta, kg/m^3]
# name 21 = sigma-é11: Density, 2 [sigma-theta, kg/m^3]
# name 22 = nbf: Bottles Fired
# name 23 = flag:  0.000e+00
# interval = seconds: 0.0416667
# start_time = Oct 20 2019 12:04:22 [NMEA time, header]
# bad_flag = -9.990e-29
*END*
[from data line 1570]
      64480 293.534128  -43.98302  -53.14266     -0.244    1496.44     48.475     48.081    14.1957    14.1970     0.0014    14.1886    14.1900     0.0014   4.287440   4.288227   0.000787    35.6733    35.6794     5.3939    26.6676    26.6720         10  0.000e+00
      64481 293.534128  -43.98302  -53.14266     -0.251    1496.44     48.469     48.074    14.1958    14.1975     0.0017    14.1887    14.1904     0.0017   4.287468   4.288200   0.000731    35.6735    35.6787     5.3972    26.6677    26.6714         10  0.000e+00
      64482 293.534129  -43.98302  -53.14266     -0.254    1496.44     48.475     48.081    14.1958    14.1973     0.0015    14.1887    14.1902     0.0015   4.287497   4.288186   0.000689    35.6737    35.6788     5.3975    26.6679    26.6714         10  0.000e+00
      64483 293.534129  -43.98302  -53.14266     -0.261    1496.44     48.427     48.033    14.1958    14.1973     0.0015    14.1887    14.1902     0.0015   4.287461   4.288193   0.000731    35.6734    35.6788     5.3978    26.6676    26.6715         10  0.000e+00
      64484 293.534130  -43.98304  -53.14266     -0.264    1496.44     48.427     48.033    14.1957    14.1973     0.0017    14.1886    14.1902     0.0017   4.287447   4.288213   0.000766    35.6734    35.6790     5.3981    26.6677    26.6716         10  0.000e+00
      64485 293.534130  -43.98304  -53.14266     -0.270    1496.44     48.427     48.033    14.1958    14.1970     0.0013    14.1887    14.1900     0.0013   4.287490   4.288200   0.000710    35.6737    35.6792     5.3983    26.6679    26.6718         10  0.000e+00
      64486 293.534130  -43.98304  -53.14266     -0.270    1496.44     48.427     48.033    14.1960    14.1975     0.0015    14.1889    14.1904     0.0015   4.287482   4.288186   0.000703    35.6735    35.6786     5.3985    26.6676    26.6713         10  0.000e+00
      64487 293.534131  -43.98304  -53.14266     -0.273    1496.44     48.421     48.026    14.1958    14.1970     0.0012    14.1887    14.1899     0.0012   4.287482   4.288186   0.000703    35.6736    35.6791     5.3986    26.6678    26.6718         10  0.000e+00
      64488 293.534131  -43.98304  -53.14266     -0.280    1496.44     48.373     47.979    14.1958    14.1970     0.0012    14.1887    14.1899     0.0012   4.287497   4.288165   0.000669    35.6738    35.6789     5.3987    26.6679    26.6716         10  0.000e+00
      64489 293.534132  -43.98304  -53.14266     -0.280    1496.44     48.373     47.979    14.1960    14.1966     0.0007    14.1889    14.1896     0.0007   4.287482   4.288206   0.000724    35.6735    35.6796     5.3988    26.6676    26.6722         10  0.000e+00
      64490 293.534132  -43.98304  -53.14266     -0.284    1496.44     48.373     47.979    14.1958    14.1973     0.0015    14.1887    14.1903     0.0015   4.287482   4.288179   0.000697    35.6737    35.6787     5.3989    26.6678    26.6714         10  0.000e+00
      64491 293.534133  -43.98304  -53.14266     -0.288    1496.44     48.325     47.931    14.1958    14.1969     0.0011    14.1887    14.1898     0.0011   4.287497   4.288179   0.000682    35.6738    35.6792     5.3989    26.6679    26.6718         10  0.000e+00
      64492 293.534133  -43.98304  -53.14266     -0.290    1496.44     48.325     47.931    14.1960    14.1971     0.0012    14.1889    14.1901     0.0012   4.287482   4.288186   0.000703    35.6735    35.6790     5.3989    26.6677    26.6716         10  0.000e+00
      64493 293.534134  -43.98304  -53.14266     -0.290    1496.44     48.366     47.972    14.1958    14.1973     0.0015    14.1888    14.1903     0.0015   4.287454   4.288193   0.000739    35.6734    35.6789     5.3986    26.6676    26.6715         10  0.000e+00
      64494 293.534134  -43.98304  -53.14266     -0.296    1496.44     48.270     47.877    14.1958    14.1973     0.0015    14.1887    14.1903     0.0015   4.287489   4.288186   0.000696    35.6738    35.6788     5.3985    26.6679    26.6715         10  0.000e+00
      64495 293.534135  -43.98304  -53.14266     -0.299    1496.44     48.270     47.877    14.1958    14.1970     0.0012    14.1887    14.1899     0.0012   4.287482   4.288186   0.000703    35.6737    35.6792     5.3984    26.6678    26.6718         10  0.000e+00
      64496 293.534135  -43.98304  -53.14266     -0.299    1496.44     48.325     47.931    14.1958    14.1968     0.0010    14.1887    14.1897     0.0010   4.287461   4.288165   0.000704    35.6735    35.6791     5.3983    26.6677    26.6718         10  0.000e+00
      64497 293.534136  -43.98304  -53.14266     -0.299    1496.44     48.270     47.877    14.1962    14.1970     0.0009    14.1891    14.1900     0.0009   4.287447   4.288206   0.000759    35.6730    35.6793     5.3980    26.6672    26.6719         10  0.000e+00
      64498 293.534136  -43.98304  -53.14266     -0.299    1496.44     48.270     47.877    14.1957    14.1970     0.0013    14.1886    14.1899     0.0013   4.287468   4.288233   0.000765    35.6737    35.6796     5.3979    26.6679    26.6721         10  0.000e+00
      64499 293.534137  -43.98304  -53.14266     -0.303    1496.44     48.215     47.823    14.1960    14.1971     0.0012    14.1889    14.1901     0.0012   4.287461   4.288165   0.000704    35.6734    35.6788     5.3976    26.6675    26.6715         10  0.000e+00
      64500 293.534137  -43.98304  -53.14266     -0.305    1496.44     48.222     47.830    14.1960    14.1971     0.0012    14.1889    14.1901     0.0012   4.287475   4.288199   0.000724    35.6735    35.6792     5.3973    26.6676    26.6718         10  0.000e+00
      64501 293.534138  -43.98304  -53.14266     -0.302    1496.44     48.270     47.877    14.1960    14.1975     0.0015    14.1889    14.1904     0.0015   4.287482   4.288179   0.000697    35.6735    35.6786     5.3970    26.6677    26.6713         10  0.000e+00
      64502 293.534138  -43.98304  -53.14266     -0.302    1496.44     48.222     47.830    14.1960    14.1971     0.0012    14.1889    14.1901     0.0012   4.287461   4.288145   0.000684    35.6734    35.6786     5.3966    26.6675    26.6714         10  0.000e+00
      64503 293.534139  -43.98304  -53.14266     -0.303    1496.44     48.174     47.782    14.1962    14.1974     0.0012    14.1891    14.1903     0.0012   4.287447   4.288199   0.000752    35.6731    35.6789     5.3965    26.6673    26.6716         10  0.000e+00
      64504 293.534139  -43.98304  -53.14266     -0.302    1496.44     48.222     47.830    14.1958    14.1971     0.0013    14.1887    14.1901     0.0013   4.287504   4.288179   0.000675    35.6739    35.6790     5.3961    26.6680    26.6716         10  0.000e+00
      64505 293.534140  -43.98304  -53.14266     -0.303    1496.44     48.167     47.775    14.1960    14.1970     0.0010    14.1889    14.1899     0.0010   4.287504   4.288206   0.000703    35.6738    35.6794     5.3992    26.6679    26.6720         10  0.000e+00
      64506 293.534140  -43.98304  -53.14266     -0.300    1496.44     48.222     47.830    14.1958    14.1973     0.0015    14.1887    14.1903     0.0015   4.287482   4.288199   0.000717    35.6737    35.6790     5.3958    26.6679    26.6716         10  0.000e+00
      64507 293.534141  -43.98304  -53.14266     -0.298    1496.44     48.174     47.782    14.1958    14.1970     0.0012    14.1888    14.1899     0.0012   4.287497   4.288186   0.000689    35.6739    35.6792     5.3955    26.6680    26.6718         10  0.000e+00
      64508 293.534141  -43.98304  -53.14266     -0.301    1496.44     48.119     47.728    14.1960    14.1971     0.0012    14.1889    14.1901     0.0012   4.287482   4.288206   0.000724    35.6736    35.6793     5.3952    26.6677    26.6718         10  0.000e+00
      64509 293.534142  -43.98304  -53.14266     -0.300    1496.44     48.119     47.728    14.1958    14.1974     0.0016    14.1888    14.1904     0.0016   4.287454   4.288179   0.000725    35.6735    35.6788     5.3950    26.6677    26.6714         10  0.000e+00
      64510 293.534142  -43.98304  -53.14266     -0.296    1496.44     48.174     47.782    14.1958    14.1971     0.0013    14.1888    14.1901     0.0013   4.287454   4.288179   0.000725    35.6735    35.6790     5.3947    26.6677    26.6716         10  0.000e+00
      64511 293.534143  -43.98304  -53.14266     -0.295    1496.44     48.167     47.775    14.1960    14.1971     0.0012    14.1889    14.1901     0.0012   4.287475   4.288165   0.000690    35.6735    35.6789     5.3944    26.6677    26.6715         10  0.000e+00
      64512 293.534143  -43.98304  -53.14266     -0.295    1496.44     48.072     47.680    14.1958    14.1970     0.0012    14.1888    14.1900     0.0012   4.287482   4.288206   0.000724    35.6738    35.6794     5.3940    26.6679    26.6720         10  0.000e+00
      64513 293.534144  -43.98304  -53.14266     -0.291    1496.44     48.120     47.728    14.1958    14.1968     0.0010    14.1888    14.1898     0.0010   4.287497   4.288159   0.000662    35.6739    35.6791     5.3937    26.6680    26.6718         10  0.000e+00
      64514 293.534144  -43.98304  -53.14266     -0.291    1496.44     48.120     47.728    14.1960    14.1970     0.0011    14.1889    14.1900     0.0011   4.287482   4.288186   0.000703    35.6736    35.6792     5.3901    26.6677    26.6718         10  0.000e+00
      64515 293.534144  -43.98304  -53.14266     -0.280    1496.44     48.174     47.782    14.1958    14.1971     0.0013    14.1888    14.1901     0.0013   4.287426   4.288186   0.000760    35.6732    35.6790     5.3895    26.6675    26.6717         10  0.000e+00
      64516 293.534145  -43.98304  -53.14266     -0.284    1496.44     48.017     47.626    14.1958    14.1970     0.0012    14.1888    14.1900     0.0012   4.287475   4.288206   0.000731    35.6737    35.6794     5.3887    26.6679    26.6720         10  0.000e+00
      64517 293.534145  -43.98304  -53.14266     -0.278    1496.44     48.113     47.721    14.1958    14.1971     0.0013    14.1888    14.1901     0.0013   4.287482   4.288179   0.000697    35.6738    35.6790     5.3881    26.6679    26.6717         10  0.000e+00
      64518 293.534146  -43.98304  -53.14266     -0.278    1496.44     48.072     47.680    14.1957    14.1970     0.0013    14.1886    14.1900     0.0013   4.287440   4.288179   0.000739    35.6735    35.6792     5.3844    26.6677    26.6718         10  0.000e+00
      64519 293.534146  -43.98304  -53.14266     -0.269    1496.44     48.120     47.728    14.1955    14.1970     0.0015    14.1884    14.1900     0.0015   4.287440   4.288193   0.000753    35.6737    35.6793     5.3838    26.6679    26.6719         10  0.000e+00
      64520 293.534147  -43.98304  -53.14266     -0.267    1496.44     48.072     47.680    14.1957    14.1974     0.0017    14.1886    14.1904     0.0017   4.287447   4.288159   0.000712    35.6736    35.6786     5.3831    26.6678    26.6713         10  0.000e+00
      64521 293.534147  -43.98304  -53.14266     -0.264    1496.44     48.017     47.626    14.1957    14.1971     0.0015    14.1886    14.1901     0.0015   4.287454   4.288199   0.000745    35.6737    35.6792     5.3824    26.6678    26.6718         10  0.000e+00
      64522 293.534148  -43.98304  -53.14266     -0.260    1496.44     48.072     47.680    14.1955    14.1970     0.0015    14.1884    14.1900     0.0015   4.287475   4.288145   0.000670    35.6740    35.6789     5.3818    26.6682    26.6716         10  0.000e+00
      64523 293.534148  -43.98304  -53.14266     -0.257    1496.44     48.065     47.674    14.1957    14.1970     0.0013    14.1886    14.1900     0.0013   4.287482   4.288165   0.000683    35.6739    35.6790     5.3782    26.6680    26.6717         10  0.000e+00
      64524 293.534149  -43.98304  -53.14266     -0.254    1496.44     48.017     47.626    14.1957    14.1970     0.0013    14.1886    14.1900     0.0013   4.287440   4.288152   0.000712    35.6735    35.6789     5.3809    26.6677    26.6716         10  0.000e+00
      64525 293.534149  -43.98304  -53.14266     -0.245    1496.44     48.072     47.680    14.1955    14.1971     0.0017    14.1884    14.1901     0.0017   4.287411   4.288124   0.000713    35.6734    35.6785     5.3771    26.6677    26.6713         10  0.000e+00
      64526 293.534150  -43.98304  -53.14266     -0.242    1496.44     48.072     47.680    14.1957    14.1969     0.0012    14.1886    14.1898     0.0012   4.287461   4.288165   0.000704    35.6737    35.6792     5.3763    26.6679    26.6718         10  0.000e+00
      64527 293.534150  -43.98304  -53.14266     -0.238    1496.44     48.017     47.626    14.1958    14.1968     0.0010    14.1888    14.1898     0.0010   4.287461   4.288165   0.000704    35.6736    35.6792     5.3725    26.6678    26.6719         10  0.000e+00
      64528 293.534151  -43.98304  -53.14266     -0.232    1496.44     48.017     47.626    14.1958    14.1970     0.0012    14.1888    14.1900     0.0012   4.287504   4.288145   0.000641    35.6740    35.6789     5.3747    26.6681    26.6716         10  0.000e+00
      64529 293.534151  -43.98304  -53.14266     -0.225    1496.44     48.072     47.680    14.1957    14.1970     0.0013    14.1886    14.1900     0.0013   4.287440   4.288145   0.000705    35.6735    35.6789     5.3741    26.6677    26.6716         10  0.000e+00
      64530 293.534152  -43.98304  -53.14266     -0.221    1496.44     48.017     47.626    14.1957    14.1973     0.0017    14.1886    14.1903     0.0017   4.287447   4.288186   0.000739    35.6736    35.6789     5.3703    26.6678    26.6716         10  0.000e+00
      64531 293.534152  -43.98304  -53.14266     -0.215    1496.44     48.017     47.626    14.1958    14.1970     0.0012    14.1888    14.1900     0.0012   4.287475   4.288159   0.000683    35.6737    35.6790     5.3697    26.6679    26.6717         10  0.000e+00
      64532 293.534153  -43.98306  -53.14266     -0.211    1496.44     48.017     47.626    14.1958    14.1969     0.0011    14.1888    14.1899     0.0011   4.287461   4.288186   0.000725    35.6736    35.6794     5.3691    26.6678    26.6720         10  0.000e+00
      64533 293.534153  -43.98306  -53.14266     -0.206    1496.44     48.017     47.626    14.1957    14.1973     0.0017    14.1886    14.1903     0.0017   4.287447   4.288131   0.000684    35.6736    35.6784     5.3686    26.6678    26.6712         10  0.000e+00
      64534 293.534154  -43.98306  -53.14266     -0.200    1496.44     48.017     47.626    14.1958    14.1968     0.0010    14.1888    14.1898     0.0010   4.287468   4.288193   0.000724    35.6737    35.6795     5.3680    26.6678    26.6721         10  0.000e+00
      64535 293.534154  -43.98306  -53.14266     -0.190    1496.44     48.072     47.680    14.1957    14.1971     0.0015    14.1886    14.1901     0.0015   4.287440   4.288179   0.000739    35.6735    35.6790     5.3676    26.6677    26.6717         10  0.000e+00
      64536 293.534155  -43.98306  -53.14266     -0.186    1496.44     47.962     47.572    14.1957    14.1971     0.0015    14.1886    14.1901     0.0015   4.287440   4.288206   0.000766    35.6736    35.6793     5.3671    26.6678    26.6719         10  0.000e+00
      64537 293.534155  -43.98306  -53.14266     -0.177    1496.44     48.072     47.680    14.1957    14.1968     0.0011    14.1886    14.1898     0.0011   4.287468   4.288193   0.000724    35.6738    35.6795     5.3668    26.6679    26.6721         10  0.000e+00
      64538 293.534156  -43.98306  -53.14266     -0.174    1496.44     47.969     47.579    14.1957    14.1970     0.0014    14.1886    14.1900     0.0014   4.287440   4.288138   0.000698    35.6736    35.6788     5.3664    26.6678    26.6715         10  0.000e+00
      64539 293.534156  -43.98306  -53.14266     -0.163    1496.44     48.072     47.680    14.1957    14.1973     0.0017    14.1886    14.1903     0.0017   4.287411   4.288165   0.000754    35.6733    35.6787     5.3662    26.6675    26.6714         10  0.000e+00
