Pos-Processados/process_op38/operantar38_013a.ros
* Sea-Bird SBE 9 Data File:
* FileName = D:\OPERANTAR_XXXVIII\DADOS\OP38_013a.hdr
* Software Version Seasave V 7.18c
* Temperature SN = 4808
* Conductivity SN = 3380
* Number of Bytes Per Scan = 34
* Number of Voltage Words = 3
* Number of Scans Averaged by the Deck Unit = 1
* NMEA Latitude = 62 08.60 S
* NMEA Longitude = 058 24.70 W
* NMEA UTC (Time) = Nov 05 2019 03:14:19
** H41
** NAVIO POLAR ALMIRANTE MAXIMIANO
** CRUZEIRO:
** OPERANTAR XXXVIII
** ESTAÇÃO: OP38_013a
** LAT 62 08,60' S
** LONG 058 24,70' W
** 09P73767-1155_A
** PROFUNDIDADE: 420
** DATA/HORA: 050314Z/NOV/2019
** OPERADOR: SO-HN CHAVES
# nquan = 24
# nvalues = 193                                   
# units = specified
# name 0 = scan: Scan Count
# name 1 = timeJ: Julian Days
# name 2 = latitude: Latitude [deg]
# name 3 = longitude: Longitude [deg]
# name 4 = dz/dtM: Descent Rate [m/s]
# name 5 = avgsvCM: Average Sound Velocity [Chen-Millero, m/s]
# name 6 = prDM: Pressure, Digiquartz [db]
# name 7 = depSM: Depth [salt water, m]
# name 8 = t090C: Temperature [ITS-90, deg C]
# name 9 = t190C: Temperature, 2 [ITS-90, deg C]
# name 10 = T2-T190C: Temperature Difference, 2 - 1 [ITS-90, deg C]
# name 11 = potemp090C: Potential Temperature [ITS-90, deg C]
# name 12 = potemp190C: Potential Temperature, 2 [ITS-90, deg C]
# name 13 = potemp90Cdiff: Potential Temperature, Diff, 2 - 1 [ITS-90, deg C]
# name 14 = c0S/m: Conductivity [S/m]
# name 15 = c1S/m: Conductivity, 2 [S/m]
# name 16 = C2-C1S/m: Conductivity Difference, 2 - 1 [S/m]
# name 17 = sal00: Salinity, Practical [PSU]
# name 18 = sal11: Salinity, Practical, 2 [PSU]
# name 19 = sbeox0ML/L: Oxygen, SBE 43 [ml/l]
# name 20 = sigma-é00: Density [sigma-theta, kg/m^3]
# name 21 = sigma-é11: Density, 2 [sigma-theta, kg/m^3]
# name 22 = nbf: Bottles Fired
# name 23 = flag:  0.000e+00
# interval = seconds: 0.0416667
# start_time = Nov 05 2019 03:14:19 [NMEA time, header]
# bad_flag = -9.990e-29
*END*
[from data line 121]
       2199 309.136002  -62.14340  -58.41182      0.063       0.00     10.705     10.602    -0.8099    -0.8064     0.0035    -0.8102    -0.8067     0.0035   2.773406   2.774110   0.000704    34.1665    34.1720     7.6061    27.4704    27.4748          1  0.000e+00
       2200 309.136003  -62.14340  -58.41182      0.065       0.00     10.705     10.602    -0.8098    -0.8066     0.0031    -0.8101    -0.8069     0.0031   2.773388   2.774093   0.000705    34.1660    34.1720     7.6059    27.4701    27.4748          1  0.000e+00
       2201 309.136003  -62.14340  -58.41182      0.065       0.00     10.705     10.602    -0.8098    -0.8059     0.0039    -0.8101    -0.8062     0.0039   2.773418   2.774082   0.000664    34.1664    34.1710     7.6050    27.4704    27.4740          1  0.000e+00
       2202 309.136004  -62.14340  -58.41182      0.067       0.00     10.732     10.629    -0.8099    -0.8065     0.0034    -0.8102    -0.8068     0.0034   2.773400   2.774064   0.000664    34.1664    34.1715     7.6041    27.4704    27.4744          1  0.000e+00
       2203 309.136004  -62.14340  -58.41182      0.068       0.00     10.705     10.602    -0.8095    -0.8066     0.0028    -0.8098    -0.8069     0.0028   2.773424   2.774099   0.000675    34.1662    34.1721     7.6039    27.4702    27.4749          1  0.000e+00
       2204 309.136005  -62.14340  -58.41182      0.065       0.00     10.705     10.602    -0.8098    -0.8062     0.0036    -0.8101    -0.8065     0.0036   2.773400   2.774087   0.000687    34.1662    34.1714     7.6091    27.4702    27.4743          1  0.000e+00
       2205 309.136005  -62.14340  -58.41182      0.065       0.00     10.705     10.602    -0.8095    -0.8065     0.0030    -0.8098    -0.8068     0.0030   2.773382   2.774087   0.000705    34.1656    34.1718     7.6046    27.4697    27.4746          1  0.000e+00
       2206 309.136005  -62.14340  -58.41182      0.065       0.00     10.705     10.602    -0.8098    -0.8060     0.0038    -0.8101    -0.8063     0.0038   2.773358   2.774053   0.000695    34.1656    34.1708     7.6098    27.4697    27.4738          1  0.000e+00
       2207 309.136006  -62.14340  -58.41182      0.068       0.00     10.759     10.656    -0.8101    -0.8063     0.0038    -0.8104    -0.8066     0.0038   2.773358   2.774070   0.000712    34.1660    34.1713     7.6107    27.4701    27.4743          1  0.000e+00
       2208 309.136006  -62.14340  -58.41182      0.067       0.00     10.705     10.602    -0.8102    -0.8065     0.0037    -0.8105    -0.8068     0.0037   2.773334   2.774030   0.000696    34.1658    34.1710     7.6114    27.4699    27.4740          1  0.000e+00
       2209 309.136007  -62.14340  -58.41182      0.068       0.00     10.759     10.656    -0.8106    -0.8057     0.0049    -0.8109    -0.8060     0.0049   2.773328   2.774030   0.000702    34.1661    34.1701     7.6123    27.4702    27.4732          1  0.000e+00
       2210 309.136007  -62.14340  -58.41182      0.063       0.00     10.657     10.554    -0.8107    -0.8065     0.0042    -0.8110    -0.8068     0.0042   2.773292   2.774093   0.000801    34.1658    34.1719     7.6130    27.4699    27.4747          1  0.000e+00
       2211 309.136008  -62.14340  -58.41182      0.066       0.00     10.780     10.676    -0.8110    -0.8066     0.0044    -0.8113    -0.8069     0.0044   2.773274   2.774036   0.000761    34.1659    34.1712     7.6139    27.4700    27.4742          1  0.000e+00
       2212 309.136008  -62.14340  -58.41182      0.064       0.00     10.705     10.602    -0.8109    -0.8063     0.0045    -0.8112    -0.8066     0.0045   2.773274   2.773995   0.000721    34.1657    34.1704     7.6094    27.4699    27.4735          1  0.000e+00
       2213 309.136009  -62.14340  -58.41182      0.064       0.00     10.759     10.656    -0.8115    -0.8060     0.0055    -0.8118    -0.8063     0.0055   2.773304   2.773978   0.000674    34.1668    34.1697     7.6087    27.4708    27.4729          1  0.000e+00
       2214 309.136009  -62.14340  -58.41182      0.062       0.00     10.705     10.602    -0.8110    -0.8073     0.0038    -0.8113    -0.8076     0.0038   2.773304   2.773926   0.000622    34.1663    34.1705     7.6077    27.4704    27.4736          1  0.000e+00
       2215 309.136010  -62.14340  -58.41182      0.062       0.00     10.759     10.656    -0.8113    -0.8073     0.0041    -0.8116    -0.8076     0.0041   2.773286   2.773886   0.000600    34.1664    34.1699     7.6071    27.4704    27.4731          1  0.000e+00
       2216 309.136010  -62.14340  -58.41182      0.062       0.00     10.705     10.602    -0.8112    -0.8074     0.0038    -0.8115    -0.8077     0.0038   2.773298   2.773875   0.000577    34.1664    34.1699     7.6061    27.4704    27.4732          1  0.000e+00
       2217 309.136011  -62.14340  -58.41182      0.058       0.00     10.705     10.602    -0.8112    -0.8080     0.0031    -0.8115    -0.8083     0.0031   2.773304   2.773817   0.000513    34.1665    34.1699     7.6053    27.4705    27.4731          1  0.000e+00
       2218 309.136011  -62.14340  -58.41182      0.059       0.00     10.759     10.656    -0.8107    -0.8087     0.0020    -0.8110    -0.8089     0.0020   2.773346   2.773800   0.000454    34.1665    34.1703     7.6053    27.4705    27.4735          1  0.000e+00
       2219 309.136012  -62.14340  -58.41182      0.057       0.00     10.732     10.629    -0.8106    -0.8088     0.0018    -0.8109    -0.8091     0.0018   2.773376   2.773817   0.000441    34.1668    34.1707     7.6044    27.4707    27.4739          1  0.000e+00
       2220 309.136012  -62.14340  -58.41182      0.059       0.00     10.759     10.656    -0.8101    -0.8090     0.0011    -0.8104    -0.8093     0.0011   2.773418   2.773806   0.000388    34.1668    34.1708     7.6036    27.4707    27.4739          1  0.000e+00
       2221 309.136013  -62.14340  -58.41182      0.057       0.00     10.759     10.656    -0.8099    -0.8096     0.0004    -0.8102    -0.8099     0.0004   2.773382   2.773800   0.000418    34.1661    34.1714     7.6028    27.4702    27.4744          1  0.000e+00
       2222 309.136013  -62.14340  -58.41182      0.052       0.00     10.705     10.602    -0.8098    -0.8100    -0.0003    -0.8101    -0.8103    -0.0003   2.773352   2.773771   0.000419    34.1655    34.1715     7.6028    27.4697    27.4746          1  0.000e+00
       2223 309.136014  -62.14340  -58.41182      0.053       0.00     10.759     10.656    -0.8098    -0.8099    -0.0001    -0.8101    -0.8102    -0.0001   2.773370   2.773748   0.000378    34.1657    34.1710     7.6029    27.4699    27.4741          1  0.000e+00
       2224 309.136014  -62.14340  -58.41182      0.051       0.00     10.705     10.602    -0.8104    -0.8102     0.0002    -0.8107    -0.8105     0.0002   2.773406   2.773731   0.000325    34.1670    34.1712     7.6030    27.4709    27.4743          1  0.000e+00
       2225 309.136015  -62.14340  -58.41182      0.052       0.00     10.759     10.656    -0.8106    -0.8111    -0.0005    -0.8109    -0.8114    -0.0005   2.773406   2.773697   0.000291    34.1672    34.1717     7.6032    27.4710    27.4747          1  0.000e+00
       2226 309.136015  -62.14340  -58.41182      0.048       0.00     10.705     10.602    -0.8106    -0.8116    -0.0010    -0.8109    -0.8119    -0.0010   2.773394   2.773714   0.000320    34.1670    34.1725     7.6033    27.4709    27.4754          1  0.000e+00
       2227 309.136016  -62.14340  -58.41182      0.043       0.00     10.732     10.629    -0.8102    -0.8113    -0.0010    -0.8105    -0.8116    -0.0010   2.773424   2.773685   0.000261    34.1670    34.1717     7.6086    27.4709    27.4748          1  0.000e+00
       2228 309.136016  -62.14340  -58.41182      0.043       0.00     10.759     10.656    -0.8101    -0.8113    -0.0012    -0.8104    -0.8116    -0.0012   2.773394   2.773702   0.000309    34.1665    34.1720     7.6045    27.4705    27.4749          1  0.000e+00
       2229 309.136017  -62.14340  -58.41182      0.040       0.00     10.705     10.602    -0.8099    -0.8110    -0.0010    -0.8102    -0.8112    -0.0010   2.773346   2.773697   0.000351    34.1656    34.1716     7.6038    27.4698    27.4746          1  0.000e+00
       2230 309.136017  -62.14340  -58.41182      0.040       0.00     10.759     10.656    -0.8101    -0.8113    -0.0012    -0.8104    -0.8116    -0.0012   2.773346   2.773731   0.000385    34.1658    34.1723     7.6041    27.4699    27.4753          1  0.000e+00
       2231 309.136018  -62.14340  -58.41182      0.036       0.00     10.705     10.602    -0.8102    -0.8110    -0.0007    -0.8105    -0.8112    -0.0007   2.773352   2.773720   0.000368    34.1661    34.1719     7.6036    27.4701    27.4749          1  0.000e+00
       2232 309.136018  -62.14340  -58.41182      0.032       0.00     10.705     10.602    -0.8106    -0.8116    -0.0010    -0.8109    -0.8119    -0.0010   2.773322   2.773737   0.000415    34.1660    34.1728     7.6039    27.4701    27.4757          1  0.000e+00
       2233 309.136019  -62.14340  -58.41182      0.034       0.00     10.759     10.656    -0.8107    -0.8105     0.0002    -0.8110    -0.8108     0.0002   2.773340   2.773748   0.000408    34.1664    34.1717     7.6034    27.4704    27.4747          1  0.000e+00
       2234 309.136019  -62.14340  -58.41182      0.024       0.00     10.705     10.602    -0.8109    -0.8099     0.0010    -0.8112    -0.8102     0.0010   2.773352   2.773783   0.000431    34.1668    34.1715     7.6029    27.4707    27.4745          1  0.000e+00
       2235 309.136019  -62.14340  -58.41182      0.028       0.00     10.732     10.629    -0.8109    -0.8100     0.0008    -0.8112    -0.8103     0.0008   2.773322   2.773777   0.000455    34.1664    34.1716     7.6024    27.4704    27.4746          1  0.000e+00
       2236 309.136020  -62.14340  -58.41182      0.027       0.00     10.759     10.656    -0.8113    -0.8094     0.0019    -0.8116    -0.8097     0.0019   2.773280   2.773794   0.000514    34.1663    34.1711     7.6028    27.4704    27.4742          1  0.000e+00
       2237 309.136020  -62.14340  -58.41182      0.023       0.00     10.705     10.602    -0.8123    -0.8093     0.0030    -0.8126    -0.8096     0.0030   2.773280   2.773817   0.000537    34.1674    34.1713     7.6033    27.4713    27.4743          1  0.000e+00
       2238 309.136021  -62.14340  -58.41182      0.024       0.00     10.759     10.656    -0.8128    -0.8094     0.0034    -0.8131    -0.8097     0.0034   2.773256   2.773766   0.000509    34.1677    34.1707     7.6038    27.4716    27.4739          1  0.000e+00
       2239 309.136021  -62.14340  -58.41182      0.019       0.00     10.705     10.602    -0.8132    -0.8097     0.0035    -0.8135    -0.8100     0.0035   2.773233   2.773783   0.000550    34.1678    34.1713     7.6042    27.4717    27.4744          1  0.000e+00
       2240 309.136022  -62.14340  -58.41182      0.017       0.00     10.705     10.602    -0.8138    -0.8100     0.0037    -0.8141    -0.8103     0.0037   2.773227   2.773771   0.000545    34.1684    34.1715     7.6039    27.4722    27.4746          1  0.000e+00
       2241 309.136022  -62.14340  -58.41182      0.015       0.00     10.759     10.656    -0.8147    -0.8107     0.0040    -0.8150    -0.8110     0.0040   2.773185   2.773771   0.000587    34.1688    34.1722     7.6098    27.4726    27.4751          1  0.000e+00
       2242 309.136023  -62.14340  -58.41182      0.013       0.00     10.705     10.602    -0.8163    -0.8110     0.0053    -0.8166    -0.8112     0.0053   2.773149   2.773754   0.000605    34.1702    34.1723     7.6060    27.4737    27.4752          1  0.000e+00
       2243 309.136023  -62.14340  -58.41182      0.009       0.00     10.705     10.602    -0.8165    -0.8109     0.0055    -0.8167    -0.8112     0.0055   2.773173   2.773760   0.000587    34.1707    34.1724     7.6117    27.4741    27.4753          1  0.000e+00
       2244 309.136024  -62.14340  -58.41182      0.009       0.00     10.677     10.575    -0.8169    -0.8110     0.0059    -0.8172    -0.8112     0.0059   2.773113   2.773748   0.000635    34.1704    34.1723     7.6078    27.4739    27.4752          1  0.000e+00
       2245 309.136024  -62.14340  -58.41182      0.007       0.00     10.759     10.656    -0.8178    -0.8107     0.0072    -0.8181    -0.8110     0.0072   2.773077   2.773783   0.000706    34.1709    34.1724     7.6078    27.4744    27.4753          1  0.000e+00
       2246 309.136025  -62.14340  -58.41182      0.004       0.00     10.705     10.602    -0.8206    -0.8113     0.0093    -0.8209    -0.8116     0.0093   2.773065   2.773794   0.000729    34.1739    34.1732     7.6079    27.4769    27.4760          1  0.000e+00
       2247 309.136025  -62.14340  -58.41182      0.002       0.00     10.705     10.602    -0.8222    -0.8105     0.0117    -0.8224    -0.8108     0.0117   2.773005   2.773760   0.000755    34.1749    34.1719     7.6079    27.4778    27.4749          1  0.000e+00
       2248 309.136026  -62.14340  -58.41182     -0.001       0.00     10.705     10.602    -0.8222    -0.8111     0.0111    -0.8225    -0.8114     0.0111   2.772969   2.773766   0.000796    34.1745    34.1727     7.6076    27.4774    27.4755          1  0.000e+00
       2249 309.136026  -62.14340  -58.41182     -0.003       0.00     10.705     10.602    -0.8212    -0.8110     0.0103    -0.8215    -0.8112     0.0103   2.772940   2.773748   0.000809    34.1729    34.1723     7.6071    27.4761    27.4752          1  0.000e+00
       2250 309.136027  -62.14340  -58.41182     -0.005       0.00     10.705     10.602    -0.8187    -0.8110     0.0077    -0.8190    -0.8112     0.0077   2.772916   2.773743   0.000827    34.1697    34.1722     7.6064    27.4734    27.4751          1  0.000e+00
       2251 309.136027  -62.14340  -58.41182     -0.003       0.00     10.759     10.656    -0.8172    -0.8113     0.0059    -0.8175    -0.8116     0.0059   2.772934   2.773731   0.000798    34.1683    34.1723     7.6058    27.4722    27.4753          1  0.000e+00
       2252 309.136028  -62.14340  -58.41182     -0.007       0.00     10.677     10.575    -0.8166    -0.8110     0.0056    -0.8169    -0.8112     0.0056   2.772957   2.773754   0.000797    34.1679    34.1724     7.6053    27.4719    27.4753          1  0.000e+00
       2253 309.136028  -62.14340  -58.41182     -0.012       0.00     10.657     10.554    -0.8169    -0.8105     0.0064    -0.8172    -0.8108     0.0064   2.772945   2.773771   0.000826    34.1682    34.1721     7.6058    27.4721    27.4750          1  0.000e+00
       2254 309.136029  -62.14340  -58.41182     -0.011       0.00     10.759     10.656    -0.8161    -0.8110     0.0052    -0.8164    -0.8112     0.0052   2.772957   2.773754   0.000797    34.1673    34.1723     7.6055    27.4714    27.4752          1  0.000e+00
       2255 309.136029  -62.14340  -58.41182     -0.017       0.00     10.657     10.554    -0.8153    -0.8110     0.0044    -0.8156    -0.8112     0.0044   2.772904   2.773783   0.000879    34.1658    34.1728     7.6058    27.4701    27.4756          1  0.000e+00
       2256 309.136030  -62.14340  -58.41182     -0.016       0.00     10.705     10.602    -0.8149    -0.8104     0.0045    -0.8152    -0.8106     0.0045   2.772850   2.773760   0.000910    34.1645    34.1717     7.6116    27.4691    27.4747          1  0.000e+00
       2257 309.136030  -62.14340  -58.41182     -0.014       0.00     10.759     10.656    -0.8165    -0.8107     0.0058    -0.8167    -0.8110     0.0058   2.772874   2.773766   0.000892    34.1666    34.1721     7.6080    27.4708    27.4751          1  0.000e+00
       2258 309.136031  -62.14340  -58.41182     -0.013       0.00     10.705     10.602    -0.8167    -0.8108     0.0059    -0.8170    -0.8111     0.0059   2.772922   2.773748   0.000827    34.1676    34.1721     7.6085    27.4716    27.4750          1  0.000e+00
