Pos-Processados/process_op38/operantar38_013a.ros
* Sea-Bird SBE 9 Data File:
* FileName = D:\OPERANTAR_XXXVIII\DADOS\OP38_013a.hdr
* Software Version Seasave V 7.18c
* Temperature SN = 4808
* Conductivity SN = 3380
* Number of Bytes Per Scan = 34
* Number of Voltage Words = 3
* Number of Scans Averaged by the Deck Unit = 1
* NMEA Latitude = 62 08.60 S
* NMEA Longitude = 058 24.70 W
* NMEA UTC (Time) = Nov 05 2019 03:14:19
** H41
** NAVIO POLAR ALMIRANTE MAXIMIANO
** CRUZEIRO:
** OPERANTAR XXXVIII
** ESTAÇÃO: OP38_013a
** LAT 62 08,60' S
** LONG 058 24,70' W
** 09P73767-1155_A
** PROFUNDIDADE: 420
** DATA/HORA: 050314Z/NOV/2019
** OPERADOR: SO-HN CHAVES
# nquan = 24
# nvalues = 193                                   
# units = specified
# name 0 = scan: Scan Count
# name 1 = timeJ: Julian Days
# name 2 = latitude: Latitude [deg]
# name 3 = longitude: Longitude [deg]
# name 4 = dz/dtM: Descent Rate [m/s]
# name 5 = avgsvCM: Average Sound Velocity [Chen-Millero, m/s]
# name 6 = prDM: Pressure, Digiquartz [db]
# name 7 = depSM: Depth [salt water, m]
# name 8 = t090C: Temperature [ITS-90, deg C]
# name 9 = t190C: Temperature, 2 [ITS-90, deg C]
# name 10 = T2-T190C: Temperature Difference, 2 - 1 [ITS-90, deg C]
# name 11 = potemp090C: Potential Temperature [ITS-90, deg C]
# name 12 = potemp190C: Potential Temperature, 2 [ITS-90, deg C]
# name 13 = potemp90Cdiff: Potential Temperature, Diff, 2 - 1 [ITS-90, deg C]
# name 14 = c0S/m: Conductivity [S/m]
# name 15 = c1S/m: Conductivity, 2 [S/m]
# name 16 = C2-C1S/m: Conductivity Difference, 2 - 1 [S/m]
# name 17 = sal00: Salinity, Practical [PSU]
# name 18 = sal11: Salinity, Practical, 2 [PSU]
# name 19 = sbeox0ML/L: Oxygen, SBE 43 [ml/l]
# name 20 = sigma-é00: Density [sigma-theta, kg/m^3]
# name 21 = sigma-é11: Density, 2 [sigma-theta, kg/m^3]
# name 22 = nbf: Bottles Fired
# name 23 = flag:  0.000e+00
# interval = seconds: 0.0416667
# start_time = Nov 05 2019 03:14:19 [NMEA time, header]
# bad_flag = -9.990e-29
*END*
       2078 309.135944  -62.14340  -58.41184     -0.020       0.00     10.705     10.602    -0.8098    -0.8100    -0.0003    -0.8101    -0.8103    -0.0003   2.773352   2.773794   0.000442    34.1655    34.1719     7.6110    27.4697    27.4748          1  0.000e+00
       2079 309.135944  -62.14340  -58.41184     -0.022       0.00     10.657     10.554    -0.8077    -0.8100    -0.0023    -0.8080    -0.8103    -0.0023   2.773597   2.773794   0.000197    34.1666    34.1719     7.6105    27.4705    27.4748          1  0.000e+00
       2080 309.135945  -62.14340  -58.41184     -0.022       0.00     10.705     10.602    -0.8044    -0.8100    -0.0056    -0.8047    -0.8103    -0.0056   2.773807   2.773794  -0.000012    34.1656    34.1719     7.6151    27.4695    27.4748          1  0.000e+00
       2081 309.135945  -62.14340  -58.41184     -0.021       0.00     10.657     10.554    -0.8026    -0.8103    -0.0077    -0.8028    -0.8106    -0.0077   2.773920   2.773777  -0.000143    34.1651    34.1719     7.6103    27.4690    27.4749          1  0.000e+00
       2082 309.135946  -62.14340  -58.41184     -0.023       0.00     10.657     10.554    -0.8010    -0.8104    -0.0093    -0.8013    -0.8106    -0.0093   2.773992   2.773737  -0.000255    34.1644    34.1715     7.6100    27.4684    27.4745          1  0.000e+00
       2083 309.135946  -62.14340  -58.41184     -0.021       0.00     10.705     10.602    -0.8005    -0.8117    -0.0112    -0.8008    -0.8120    -0.0112   2.774046   2.773754  -0.000292    34.1645    34.1732     7.6100    27.4684    27.4760          1  0.000e+00
       2084 309.135947  -62.14340  -58.41184     -0.022       0.00     10.677     10.575    -0.8019    -0.8119    -0.0100    -0.8022    -0.8122    -0.0100   2.773956   2.774007   0.000051    34.1648    34.1769     7.6104    27.4688    27.4789          1  0.000e+00
       2085 309.135947  -62.14340  -58.41184     -0.021       0.00     10.657     10.554    -0.8038    -0.8087    -0.0049    -0.8041    -0.8089    -0.0049   2.773830   2.774306   0.000475    34.1653    34.1772     7.6108    27.4692    27.4791          1  0.000e+00
       2086 309.135948  -62.14340  -58.41184     -0.023       0.00     10.657     10.554    -0.8046    -0.8003     0.0043    -0.8049    -0.8006     0.0043   2.773771   2.774507   0.000736    34.1654    34.1705     7.6059    27.4694    27.4733          1  0.000e+00
       2087 309.135948  -62.14340  -58.41184     -0.021       0.00     10.705     10.602    -0.8049    -0.7972     0.0077    -0.8052    -0.7975     0.0077   2.773711   2.774461   0.000750    34.1649    34.1663     7.6105    27.4689    27.4698          1  0.000e+00
       2088 309.135949  -62.14340  -58.41184     -0.020       0.00     10.657     10.554    -0.8056    -0.8006     0.0050    -0.8059    -0.8009     0.0050   2.773633   2.774237   0.000604    34.1647    34.1672     7.6056    27.4688    27.4707          1  0.000e+00
       2089 309.135949  -62.14340  -58.41184     -0.024       0.00     10.657     10.554    -0.8065    -0.8048     0.0017    -0.8068    -0.8051     0.0017   2.773585   2.774041   0.000456    34.1650    34.1693     7.6103    27.4691    27.4725          1  0.000e+00
       2090 309.135950  -62.14340  -58.41184     -0.022       0.00     10.657     10.554    -0.8075    -0.8069     0.0005    -0.8078    -0.8072     0.0005   2.773543   2.773967   0.000423    34.1656    34.1707     7.6106    27.4696    27.4738          1  0.000e+00
       2091 309.135950  -62.14340  -58.41184     -0.025       0.00     10.657     10.554    -0.8084    -0.8090    -0.0005    -0.8087    -0.8093    -0.0005   2.773460   2.773881   0.000421    34.1655    34.1718     7.6110    27.4696    27.4748          1  0.000e+00
       2092 309.135951  -62.14340  -58.41184     -0.022       0.00     10.677     10.575    -0.8093    -0.8105    -0.0012    -0.8096    -0.8108    -0.0012   2.773442   2.773846   0.000404    34.1662    34.1731     7.6113    27.4702    27.4758          1  0.000e+00
       2093 309.135951  -62.14340  -58.41184     -0.025       0.00     10.657     10.554    -0.8087    -0.8119    -0.0032    -0.8090    -0.8122    -0.0032   2.773514   2.773794   0.000281    34.1666    34.1740     7.6113    27.4705    27.4766          1  0.000e+00
       2094 309.135951  -62.14340  -58.41184     -0.026       0.00     10.657     10.554    -0.8080    -0.8114    -0.0035    -0.8083    -0.8117    -0.0035   2.773615   2.773754   0.000139    34.1671    34.1729     7.6112    27.4709    27.4757          1  0.000e+00
       2095 309.135952  -62.14340  -58.41184     -0.024       0.00     10.657     10.554    -0.8076    -0.8108    -0.0032    -0.8079    -0.8111    -0.0032   2.773693   2.773783   0.000090    34.1677    34.1726     7.6112    27.4714    27.4754          1  0.000e+00
       2096 309.135952  -62.14340  -58.41184     -0.024       0.00     10.657     10.554    -0.8075    -0.8077    -0.0002    -0.8078    -0.8080    -0.0002   2.773639   2.773915   0.000276    34.1669    34.1709     7.6113    27.4707    27.4739          1  0.000e+00
       2097 309.135953  -62.14340  -58.41184     -0.025       0.00     10.657     10.554    -0.8075    -0.8049     0.0026    -0.8078    -0.8052     0.0026   2.773597   2.774076   0.000479    34.1663    34.1699     7.6167    27.4702    27.4730          1  0.000e+00
       2098 309.135953  -62.14340  -58.41184     -0.025       0.00     10.657     10.554    -0.8081    -0.8032     0.0049    -0.8084    -0.8035     0.0049   2.773597   2.774150   0.000553    34.1670    34.1690     7.6125    27.4708    27.4722          1  0.000e+00
       2099 309.135954  -62.14340  -58.41184     -0.030       0.00     10.602     10.500    -0.8073    -0.8052     0.0021    -0.8076    -0.8055     0.0021   2.773591   2.774110   0.000519    34.1661    34.1708     7.6072    27.4700    27.4737          1  0.000e+00
       2100 309.135954  -62.14340  -58.41184     -0.033       0.00     10.602     10.500    -0.8073    -0.8071     0.0002    -0.8076    -0.8074     0.0002   2.773579   2.774070   0.000491    34.1659    34.1723     7.6118    27.4699    27.4751          1  0.000e+00
       2101 309.135955  -62.14340  -58.41184     -0.032       0.00     10.677     10.575    -0.8071    -0.8069     0.0002    -0.8074    -0.8072     0.0002   2.773543   2.774099   0.000555    34.1652    34.1725     7.6060    27.4693    27.4752          1  0.000e+00
       2102 309.135955  -62.14340  -58.41184     -0.032       0.00     10.657     10.554    -0.8071    -0.8065     0.0007    -0.8074    -0.8068     0.0007   2.773519   2.774133   0.000614    34.1649    34.1725     7.6105    27.4690    27.4752          1  0.000e+00
       2103 309.135956  -62.14340  -58.41184     -0.031       0.00     10.657     10.554    -0.8071    -0.8057     0.0015    -0.8074    -0.8060     0.0014   2.773496   2.774122   0.000626    34.1645    34.1714     7.6106    27.4688    27.4743          1  0.000e+00
       2104 309.135956  -62.14340  -58.41184     -0.031       0.00     10.657     10.554    -0.8076    -0.8048     0.0028    -0.8079    -0.8051     0.0028   2.773484   2.774087   0.000604    34.1649    34.1699     7.6109    27.4691    27.4730          1  0.000e+00
       2105 309.135957  -62.14340  -58.41184     -0.030       0.00     10.657     10.554    -0.8077    -0.8051     0.0026    -0.8080    -0.8054     0.0026   2.773406   2.774013   0.000607    34.1640    34.1692     7.6111    27.4683    27.4725          1  0.000e+00
       2106 309.135957  -62.14340  -58.41184     -0.033       0.00     10.602     10.500    -0.8087    -0.8069     0.0018    -0.8090    -0.8072     0.0018   2.773346   2.773990   0.000644    34.1643    34.1711     7.6062    27.4687    27.4740          1  0.000e+00
       2107 309.135958  -62.14340  -58.41184     -0.035       0.00     10.602     10.500    -0.8096    -0.8079     0.0018    -0.8099    -0.8082     0.0018   2.773310   2.773903   0.000593    34.1649    34.1710     7.6109    27.4692    27.4740          1  0.000e+00
       2108 309.135958  -62.14340  -58.41182     -0.035       0.00     10.657     10.554    -0.8110    -0.8087     0.0024    -0.8113    -0.8089     0.0024   2.773262   2.773858   0.000595    34.1658    34.1712     7.6114    27.4699    27.4742          1  0.000e+00
       2109 309.135959  -62.14340  -58.41182     -0.035       0.00     10.629     10.527    -0.8123    -0.8100     0.0023    -0.8126    -0.8103     0.0023   2.773137   2.773875   0.000738    34.1655    34.1729     7.6118    27.4698    27.4757          1  0.000e+00
       2110 309.135959  -62.14340  -58.41182     -0.037       0.00     10.602     10.500    -0.8133    -0.8102     0.0031    -0.8136    -0.8105     0.0031   2.773053   2.773812   0.000758    34.1656    34.1723     7.6122    27.4698    27.4752          1  0.000e+00
       2111 309.135960  -62.14340  -58.41182     -0.039       0.00     10.602     10.500    -0.8138    -0.8096     0.0043    -0.8141    -0.8099     0.0043   2.773005   2.773858   0.000852    34.1655    34.1722     7.6125    27.4698    27.4751          1  0.000e+00
       2112 309.135960  -62.14340  -58.41182     -0.039       0.00     10.657     10.554    -0.8141    -0.8097     0.0044    -0.8144    -0.8100     0.0044   2.773011   2.773840   0.000829    34.1659    34.1722     7.6128    27.4701    27.4750          1  0.000e+00
       2113 309.135961  -62.14340  -58.41182     -0.037       0.00     10.602     10.500    -0.8151    -0.8099     0.0052    -0.8153    -0.8102     0.0052   2.773053   2.773840   0.000787    34.1675    34.1723     7.6130    27.4715    27.4752          1  0.000e+00
       2114 309.135961  -62.14340  -58.41182     -0.041       0.00     10.602     10.500    -0.8166    -0.8097     0.0069    -0.8169    -0.8100     0.0069   2.773029   2.773812   0.000782    34.1690    34.1718     7.6135    27.4728    27.4748          1  0.000e+00
       2115 309.135962  -62.14340  -58.41182     -0.039       0.00     10.657     10.554    -0.8178    -0.8102     0.0076    -0.8181    -0.8105     0.0076   2.773017   2.773771   0.000754    34.1701    34.1717     7.6139    27.4737    27.4747          1  0.000e+00
       2116 309.135962  -62.14340  -58.41182     -0.041       0.00     10.602     10.500    -0.8166    -0.8105     0.0061    -0.8169    -0.8108     0.0061   2.773107   2.773731   0.000624    34.1700    34.1716     7.6137    27.4736    27.4746          1  0.000e+00
       2117 309.135963  -62.14340  -58.41182     -0.042       0.00     10.581     10.480    -0.8160    -0.8114     0.0046    -0.8163    -0.8117     0.0046   2.773089   2.773662   0.000573    34.1691    34.1717     7.6138    27.4728    27.4748          1  0.000e+00
       2118 309.135963  -62.14340  -58.41182     -0.042       0.00     10.602     10.500    -0.8177    -0.8123     0.0053    -0.8180    -0.8126     0.0053   2.772969   2.773616   0.000647    34.1694    34.1721     7.6143    27.4731    27.4751          1  0.000e+00
       2119 309.135964  -62.14340  -58.41182     -0.045       0.00     10.602     10.500    -0.8198    -0.8128     0.0070    -0.8201    -0.8131     0.0070   2.772802   2.773536   0.000734    34.1695    34.1716     7.6142    27.4733    27.4747          1  0.000e+00
       2120 309.135964  -62.14340  -58.41182     -0.045       0.00     10.602     10.500    -0.8219    -0.8148     0.0071    -0.8222    -0.8151     0.0071   2.772694   2.773473   0.000778    34.1705    34.1730     7.6139    27.4742    27.4759          1  0.000e+00
       2121 309.135965  -62.14340  -58.41182     -0.044       0.00     10.602     10.500    -0.8222    -0.8148     0.0073    -0.8224    -0.8151     0.0073   2.772653   2.773461   0.000809    34.1702    34.1728     7.6141    27.4739    27.4758          1  0.000e+00
       2122 309.135965  -62.14340  -58.41182     -0.047       0.00     10.602     10.500    -0.8217    -0.8151     0.0066    -0.8220    -0.8154     0.0066   2.772688   2.773415   0.000727    34.1701    34.1725     7.6141    27.4739    27.4756          1  0.000e+00
       2123 309.135965  -62.14340  -58.41182     -0.046       0.00     10.602     10.500    -0.8201    -0.8159     0.0042    -0.8203    -0.8162     0.0042   2.772796   2.773387   0.000591    34.1697    34.1730     7.6138    27.4735    27.4760          1  0.000e+00
       2124 309.135966  -62.14340  -58.41182     -0.046       0.00     10.602     10.500    -0.8181    -0.8161     0.0021    -0.8184    -0.8164     0.0021   2.772904   2.773415   0.000512    34.1690    34.1736     7.6135    27.4728    27.4765          1  0.000e+00
       2125 309.135966  -62.14340  -58.41182     -0.045       0.00     10.602     10.500    -0.8172    -0.8151     0.0021    -0.8175    -0.8154     0.0021   2.773023   2.773547   0.000524    34.1696    34.1743     7.6134    27.4733    27.4770          1  0.000e+00
       2126 309.135967  -62.14340  -58.41182     -0.047       0.00     10.581     10.480    -0.8169    -0.8144     0.0026    -0.8172    -0.8147     0.0026   2.773059   2.773651   0.000592    34.1697    34.1749     7.6134    27.4734    27.4774          1  0.000e+00
       2127 309.135967  -62.14340  -58.41182     -0.045       0.00     10.602     10.500    -0.8165    -0.8131     0.0033    -0.8167    -0.8134     0.0033   2.773053   2.773748   0.000695    34.1691    34.1748     7.6134    27.4729    27.4773          1  0.000e+00
       2128 309.135968  -62.14340  -58.41182     -0.049       0.00     10.554     10.453    -0.8163    -0.8128     0.0035    -0.8166    -0.8131     0.0035   2.773041   2.773789   0.000747    34.1688    34.1750     7.6134    27.4726    27.4775          1  0.000e+00
       2129 309.135968  -62.14340  -58.41182     -0.047       0.00     10.602     10.500    -0.8162    -0.8123     0.0038    -0.8165    -0.8126     0.0038   2.773023   2.773777   0.000754    34.1684    34.1743     7.6144    27.4723    27.4769          1  0.000e+00
       2130 309.135969  -62.14340  -58.41182     -0.047       0.00     10.602     10.500    -0.8152    -0.8128     0.0023    -0.8155    -0.8131     0.0023   2.773041   2.773794   0.000753    34.1675    34.1751     7.6143    27.4715    27.4775          1  0.000e+00
       2131 309.135969  -62.14340  -58.41182     -0.050       0.00     10.554     10.453    -0.8152    -0.8127     0.0025    -0.8155    -0.8129     0.0025   2.773083   2.773771   0.000688    34.1681    34.1746     7.6144    27.4720    27.4771          1  0.000e+00
       2132 309.135970  -62.14340  -58.41182     -0.047       0.00     10.602     10.500    -0.8144    -0.8117     0.0027    -0.8147    -0.8120     0.0027   2.773131   2.773748   0.000618    34.1679    34.1732     7.6144    27.4718    27.4760          1  0.000e+00
       2133 309.135970  -62.14340  -58.41182     -0.046       0.00     10.602     10.500    -0.8142    -0.8104     0.0039    -0.8145    -0.8106     0.0039   2.773173   2.773800   0.000627    34.1682    34.1724     7.6145    27.4721    27.4752          1  0.000e+00
       2134 309.135971  -62.14340  -58.41182     -0.051       0.00     10.506     10.405    -0.8141    -0.8090     0.0052    -0.8144    -0.8093     0.0052   2.773191   2.773846   0.000655    34.1684    34.1715     7.6093    27.4722    27.4744          1  0.000e+00
       2135 309.135971  -62.14340  -58.41182     -0.048       0.00     10.629     10.527    -0.8135    -0.8069     0.0065    -0.8138    -0.8072     0.0065   2.773286   2.773858   0.000571    34.1689    34.1692     7.6078    27.4726    27.4726          1  0.000e+00
       2136 309.135972  -62.14340  -58.41182     -0.045       0.00     10.602     10.500    -0.8126    -0.8062     0.0064    -0.8128    -0.8065     0.0064   2.773382   2.773909   0.000527    34.1692    34.1691     7.6121    27.4727    27.4724          1  0.000e+00
       2137 309.135972  -62.14340  -58.41182     -0.046       0.00     10.554     10.453    -0.8120    -0.8071     0.0049    -0.8123    -0.8074     0.0049   2.773442   2.773875   0.000433    34.1694    34.1697     7.6061    27.4729    27.4729          1  0.000e+00
