Pos-Processados/process_op38/operantar38_016b.ros
* Sea-Bird SBE 9 Data File:
* FileName = D:\OPERANTAR_XXXVIII\DADOS\OP38_016b.hdr
* Software Version Seasave V 7.18c
* Temperature SN = 4808
* Conductivity SN = 3380
* Number of Bytes Per Scan = 34
* Number of Voltage Words = 3
* Number of Scans Averaged by the Deck Unit = 1
* NMEA Latitude = 62 13.34 S
* NMEA Longitude = 058 12.67 W
* NMEA UTC (Time) = Nov 05 2019 12:41:07
** H41
** NAVIO POLAR ALMIRANTE MAXIMIANO
** CRUZEIRO:
** OPERANTAR XXXVIII
** ESTAÇÃO: OP38_016b
** LAT 62 13,33' S
** LONG 058 12,64' W
** 09P73767-1155_A
** PROFUNDIDADE: 310
** DATA/HORA: 051240Z/NOV/2019
** OPERADOR: SO-HN CHAVES
# nquan = 26
# nvalues = 2085                                  
# units = specified
# name 0 = scan: Scan Count
# name 1 = timeJ: Julian Days
# name 2 = latitude: Latitude [deg]
# name 3 = longitude: Longitude [deg]
# name 4 = dz/dtM: Descent Rate [m/s]
# name 5 = avgsvCM: Average Sound Velocity [Chen-Millero, m/s]
# name 6 = prDM: Pressure, Digiquartz [db]
# name 7 = depSM: Depth [salt water, m]
# name 8 = t090C: Temperature [ITS-90, deg C]
# name 9 = t190C: Temperature, 2 [ITS-90, deg C]
# name 10 = T2-T190C: Temperature Difference, 2 - 1 [ITS-90, deg C]
# name 11 = potemp090C: Potential Temperature [ITS-90, deg C]
# name 12 = potemp190C: Potential Temperature, 2 [ITS-90, deg C]
# name 13 = potemp90Cdiff: Potential Temperature, Diff, 2 - 1 [ITS-90, deg C]
# name 14 = c0S/m: Conductivity [S/m]
# name 15 = c1S/m: Conductivity, 2 [S/m]
# name 16 = C2-C1S/m: Conductivity Difference, 2 - 1 [S/m]
# name 17 = sal00: Salinity, Practical [PSU]
# name 18 = sal11: Salinity, Practical, 2 [PSU]
# name 19 = sbeox0ML/L: Oxygen, SBE 43 [ml/l]
# name 20 = sbeox1ML/L: Oxygen, SBE 43, 2 [ml/l]
# name 21 = sbeox0ML/Ldiff: Oxygen, SBE 43, Diff, 2 - 1 [ml/l]
# name 22 = sigma-é00: Density [sigma-theta, kg/m^3]
# name 23 = sigma-é11: Density, 2 [sigma-theta, kg/m^3]
# name 24 = nbf: Bottles Fired
# name 25 = flag:  0.000e+00
# interval = seconds: 0.0416667
# start_time = Nov 05 2019 12:41:07 [NMEA time, header]
# bad_flag = -9.990e-29
*END*
[from data line 1617]
       2012 309.529523  -62.22236  -58.21134     -0.157       0.00      2.054      2.034    -0.7760    -0.7900    -0.0140    -0.7760    -0.7900    -0.0140   2.775425   2.774838  -0.000587    34.1608    34.1686     7.5295     7.2527    -0.2768    27.4644    27.4714         10  0.000e+00
       2013 309.529524  -62.22236  -58.21134     -0.163       0.00      2.054      2.034    -0.7767    -0.7906    -0.0138    -0.7768    -0.7906    -0.0138   2.775383   2.774855  -0.000528    34.1611    34.1696     7.5313     7.2531    -0.2781    27.4647    27.4722         10  0.000e+00
       2014 309.529524  -62.22236  -58.21134     -0.165       0.00      2.054      2.034    -0.7772    -0.7909    -0.0137    -0.7773    -0.7909    -0.0137   2.775305   2.774803  -0.000502    34.1605    34.1692     7.5323     7.2477    -0.2846    27.4643    27.4719         10  0.000e+00
       2015 309.529524  -62.22236  -58.21134     -0.169       0.00      2.054      2.034    -0.7776    -0.7920    -0.0144    -0.7776    -0.7920    -0.0144   2.775251   2.774774  -0.000477    34.1602    34.1700     7.5342     7.2530    -0.2812    27.4640    27.4726         10  0.000e+00
       2016 309.529525  -62.22236  -58.21134     -0.172       0.00      1.999      1.980    -0.7800    -0.7920    -0.0120    -0.7801    -0.7920    -0.0120   2.774964   2.774751  -0.000213    34.1591    34.1698     7.5410     7.2475    -0.2935    27.4633    27.4724         10  0.000e+00
       2017 309.529525  -62.22236  -58.21134     -0.175       0.00      2.054      2.034    -0.7843    -0.7915    -0.0072    -0.7844    -0.7916    -0.0072   2.774605   2.774717   0.000111    34.1591    34.1687     7.5439     7.2468    -0.2971    27.4634    27.4715         10  0.000e+00
       2018 309.529526  -62.22236  -58.21134     -0.174       0.00      2.054      2.034    -0.7885    -0.7907    -0.0022    -0.7885    -0.7908    -0.0022   2.774330   2.774815   0.000484    34.1601    34.1692     7.5415     7.2518    -0.2898    27.4644    27.4719         10  0.000e+00
       2019 309.529526  -62.22236  -58.21134     -0.171       0.00      2.054      2.034    -0.7914    -0.7900     0.0014    -0.7914    -0.7900     0.0014   2.774169   2.774838   0.000669    34.1612    34.1686     7.5485     7.2521    -0.2964    27.4654    27.4714         10  0.000e+00
       2020 309.529527  -62.22236  -58.21134     -0.172       0.00      2.054      2.034    -0.7925    -0.7892     0.0033    -0.7926    -0.7892     0.0033   2.774109   2.774849   0.000740    34.1616    34.1679     7.5507     7.2524    -0.2983    27.4658    27.4708         10  0.000e+00
       2021 309.529527  -62.22236  -58.21134     -0.171       0.00      2.019      2.000    -0.7914    -0.7881     0.0034    -0.7915    -0.7881     0.0034   2.774283   2.774952   0.000670    34.1628    34.1681     7.5465     7.2526    -0.2938    27.4667    27.4709         10  0.000e+00
       2022 309.529528  -62.22236  -58.21134     -0.167       0.00      2.054      2.034    -0.7882    -0.7881     0.0001    -0.7883    -0.7881     0.0001   2.774582   2.775033   0.000451    34.1632    34.1692     7.5514     7.2531    -0.2983    27.4669    27.4717         10  0.000e+00
       2023 309.529528  -62.22236  -58.21134     -0.165       0.00      2.054      2.034    -0.7853    -0.7873    -0.0020    -0.7854    -0.7874    -0.0020   2.774833   2.775119   0.000286    34.1633    34.1695     7.5468     7.2534    -0.2934    27.4669    27.4720         10  0.000e+00
       2024 309.529529  -62.22236  -58.21134     -0.160       0.00      2.101      2.081    -0.7840    -0.7870    -0.0030    -0.7841    -0.7871    -0.0030   2.774952   2.775159   0.000207    34.1634    34.1696     7.5522     7.2550    -0.2972    27.4669    27.4721         10  0.000e+00
       2025 309.529529  -62.22236  -58.21134     -0.154       0.00      2.054      2.034    -0.7823    -0.7872    -0.0049    -0.7824    -0.7872    -0.0049   2.774994   2.775176   0.000182    34.1621    34.1701     7.5539     7.2555    -0.2984    27.4658    27.4725         10  0.000e+00
       2026 309.529530  -62.22236  -58.21134     -0.148       0.00      2.101      2.081    -0.7819    -0.7866    -0.0047    -0.7819    -0.7866    -0.0047   2.775054   2.775131   0.000076    34.1624    34.1687     7.5552     7.2560    -0.2992    27.4660    27.4713         10  0.000e+00
       2027 309.529530  -62.22236  -58.21134     -0.142       0.00      2.101      2.081    -0.7810    -0.7864    -0.0054    -0.7810    -0.7864    -0.0054   2.775060   2.775142   0.000082    34.1615    34.1687     7.5615     7.2565    -0.3050    27.4652    27.4713         10  0.000e+00
       2028 309.529531  -62.22236  -58.21134     -0.131       0.00      2.101      2.081    -0.7808    -0.7867    -0.0059    -0.7808    -0.7868    -0.0059   2.775072   2.775102   0.000030    34.1613    34.1685     7.5627     7.2571    -0.3056    27.4651    27.4711         10  0.000e+00
       2029 309.529531  -62.22236  -58.21134     -0.126       0.00      2.054      2.034    -0.7805    -0.7866    -0.0061    -0.7805    -0.7866    -0.0061   2.775138   2.775090  -0.000047    34.1619    34.1682     7.5646     7.2517    -0.3129    27.4656    27.4709         10  0.000e+00
       2030 309.529532  -62.22236  -58.21134     -0.117       0.00      2.149      2.129    -0.7806    -0.7866    -0.0059    -0.7807    -0.7866    -0.0059   2.775120   2.775096  -0.000024    34.1618    34.1682     7.5659     7.2571    -0.3088    27.4655    27.4709         10  0.000e+00
       2031 309.529532  -62.22236  -58.21134     -0.107       0.00      2.122      2.102    -0.7810    -0.7872    -0.0062    -0.7810    -0.7872    -0.0062   2.775126   2.775090  -0.000036    34.1623    34.1689     7.5678     7.2519    -0.3159    27.4659    27.4715         10  0.000e+00
       2032 309.529533  -62.22236  -58.21134     -0.095       0.00      2.149      2.129    -0.7811    -0.7864    -0.0053    -0.7812    -0.7864    -0.0053   2.775168   2.775090  -0.000077    34.1630    34.1680     7.5689     7.2513    -0.3177    27.4665    27.4707         10  0.000e+00
       2033 309.529533  -62.22236  -58.21134     -0.086       0.00      2.149      2.129    -0.7808    -0.7864    -0.0056    -0.7808    -0.7864    -0.0056   2.775180   2.775096  -0.000084    34.1628    34.1680     7.5698     7.2508    -0.3191    27.4663    27.4708         10  0.000e+00
       2034 309.529534  -62.22236  -58.21134     -0.073       0.00      2.149      2.129    -0.7805    -0.7861    -0.0056    -0.7805    -0.7861    -0.0056   2.775204   2.775171  -0.000033    34.1628    34.1687     7.5715     7.2490    -0.3225    27.4663    27.4713         10  0.000e+00
       2035 309.529534  -62.22236  -58.21134     -0.064       0.00      2.149      2.129    -0.7811    -0.7853    -0.0042    -0.7812    -0.7854    -0.0042   2.775132   2.775240   0.000108    34.1625    34.1688     7.5726     7.2484    -0.3241    27.4661    27.4713         10  0.000e+00
       2036 309.529535  -62.22236  -58.21134     -0.050       0.00      2.204      2.183    -0.7802    -0.7849    -0.0046    -0.7803    -0.7849    -0.0046   2.775162   2.775245   0.000084    34.1619    34.1683     7.5681     7.2480    -0.3201    27.4655    27.4709         10  0.000e+00
       2037 309.529535  -62.22236  -58.21134     -0.037       0.00      2.204      2.183    -0.7769    -0.7853    -0.0084    -0.7770    -0.7854    -0.0084   2.775437   2.775205  -0.000232    34.1619    34.1683     7.5726     7.2537    -0.3189    27.4654    27.4709         10  0.000e+00
       2038 309.529536  -62.22236  -58.21134     -0.020       0.00      2.252      2.230    -0.7753    -0.7849    -0.0095    -0.7754    -0.7849    -0.0095   2.775604   2.775240  -0.000365    34.1623    34.1682     7.5730     7.2544    -0.3186    27.4657    27.4708         10  0.000e+00
       2039 309.529536  -62.22236  -58.21134     -0.009       0.00      2.204      2.183    -0.7734    -0.7841    -0.0107    -0.7734    -0.7841    -0.0107   2.775706   2.775291  -0.000415    34.1615    34.1680     7.5732     7.2550    -0.3182    27.4650    27.4707         10  0.000e+00
       2040 309.529537  -62.22236  -58.21134      0.005       0.00      2.252      2.230    -0.7723    -0.7827    -0.0104    -0.7723    -0.7828    -0.0104   2.775694   2.775355  -0.000339    34.1601    34.1673     7.5737     7.2556    -0.3181    27.4637    27.4700         10  0.000e+00
       2041 309.529537  -62.22236  -58.21134      0.016       0.00      2.218      2.197    -0.7722    -0.7821    -0.0099    -0.7722    -0.7821    -0.0099   2.775682   2.775383  -0.000299    34.1598    34.1670     7.5742     7.2563    -0.3179    27.4635    27.4697         10  0.000e+00
       2042 309.529538  -62.22236  -58.21134      0.033       0.00      2.252      2.230    -0.7730    -0.7822    -0.0092    -0.7731    -0.7823    -0.0092   2.775658   2.775378  -0.000281    34.1604    34.1671     7.5749     7.2559    -0.3189    27.4641    27.4698         10  0.000e+00
       2043 309.529538  -62.22236  -58.21134      0.045       0.00      2.300      2.278    -0.7757    -0.7825    -0.0068    -0.7758    -0.7826    -0.0068   2.775515   2.775366  -0.000149    34.1615    34.1672     7.5759     7.2510    -0.3249    27.4650    27.4699         10  0.000e+00
       2044 309.529538  -62.22236  -58.21134      0.058       0.00      2.252      2.230    -0.7762    -0.7830    -0.0068    -0.7762    -0.7831    -0.0068   2.775473   2.775314  -0.000158    34.1615    34.1671     7.5815     7.2507    -0.3308    27.4650    27.4699         10  0.000e+00
       2045 309.529539  -62.22236  -58.21134      0.071       0.00      2.300      2.278    -0.7754    -0.7833    -0.0079    -0.7755    -0.7834    -0.0079   2.775509   2.775320  -0.000189    34.1611    34.1675     7.5772     7.2505    -0.3267    27.4647    27.4702         10  0.000e+00
       2046 309.529539  -62.22236  -58.21134      0.083       0.00      2.300      2.278    -0.7751    -0.7835    -0.0084    -0.7751    -0.7835    -0.0084   2.775503   2.775291  -0.000211    34.1606    34.1673     7.5825     7.2562    -0.3264    27.4643    27.4700         10  0.000e+00
       2047 309.529540  -62.22236  -58.21134      0.101       0.00      2.355      2.332    -0.7755    -0.7835    -0.0079    -0.7756    -0.7835    -0.0079   2.775461   2.775314  -0.000146    34.1605    34.1676     7.5836     7.2559    -0.3277    27.4642    27.4702         10  0.000e+00
       2048 309.529540  -62.22236  -58.21134      0.109       0.00      2.300      2.278    -0.7757    -0.7833    -0.0076    -0.7758    -0.7834    -0.0076   2.775485   2.775355  -0.000130    34.1611    34.1679     7.5843     7.2555    -0.3288    27.4647    27.4706         10  0.000e+00
       2049 309.529541  -62.22236  -58.21134      0.123       0.00      2.355      2.332    -0.7755    -0.7828    -0.0073    -0.7756    -0.7829    -0.0073   2.775497   2.775372  -0.000125    34.1610    34.1676     7.5842     7.2550    -0.3291    27.4646    27.4703         10  0.000e+00
       2050 309.529541  -62.22236  -58.21134      0.132       0.00      2.300      2.278    -0.7755    -0.7828    -0.0073    -0.7756    -0.7829    -0.0073   2.775461   2.775360  -0.000100    34.1606    34.1675     7.5847     7.2558    -0.3289    27.4643    27.4702         10  0.000e+00
       2051 309.529542  -62.22236  -58.21134      0.146       0.00      2.368      2.346    -0.7757    -0.7825    -0.0068    -0.7758    -0.7826    -0.0068   2.775431   2.775418  -0.000013    34.1603    34.1679     7.5853     7.2507    -0.3346    27.4641    27.4705         10  0.000e+00
       2052 309.529542  -62.22236  -58.21134      0.155       0.00      2.355      2.332    -0.7763    -0.7824    -0.0061    -0.7763    -0.7824    -0.0061   2.775419   2.775412  -0.000007    34.1608    34.1677     7.5849     7.2503    -0.3346    27.4645    27.4703         10  0.000e+00
       2053 309.529543  -62.22236  -58.21134      0.164       0.00      2.355      2.332    -0.7771    -0.7819    -0.0048    -0.7772    -0.7820    -0.0048   2.775359   2.775424   0.000064    34.1609    34.1673     7.5845     7.2558    -0.3288    27.4646    27.4699         10  0.000e+00
       2054 309.529543  -62.22236  -58.21134      0.176       0.00      2.403      2.380    -0.7782    -0.7816    -0.0034    -0.7783    -0.7817    -0.0034   2.775281   2.775458   0.000177    34.1611    34.1674     7.5841     7.2554    -0.3287    27.4648    27.4700         10  0.000e+00
       2055 309.529544  -62.22236  -58.21134      0.183       0.00      2.355      2.332    -0.7786    -0.7812    -0.0026    -0.7787    -0.7812    -0.0026   2.775281   2.775441   0.000159    34.1616    34.1667     7.5841     7.2549    -0.3292    27.4652    27.4694         10  0.000e+00
       2056 309.529544  -62.22236  -58.21134      0.193       0.00      2.403      2.380    -0.7788    -0.7816    -0.0028    -0.7788    -0.7817    -0.0028   2.775287   2.775458   0.000171    34.1618    34.1674     7.5840     7.2487    -0.3353    27.4654    27.4700         10  0.000e+00
       2057 309.529545  -62.22236  -58.21134      0.199       0.00      2.403      2.380    -0.7788    -0.7819    -0.0031    -0.7788    -0.7820    -0.0031   2.775311   2.775441   0.000130    34.1622    34.1675     7.5838     7.2543    -0.3295    27.4657    27.4701         10  0.000e+00
       2058 309.529545  -62.22236  -58.21134      0.207       0.00      2.403      2.380    -0.7787    -0.7816    -0.0030    -0.7787    -0.7817    -0.0030   2.775269   2.775435   0.000166    34.1615    34.1671     7.5887     7.2550    -0.3337    27.4651    27.4698         10  0.000e+00
       2059 309.529546  -62.22236  -58.21134      0.209       0.00      2.355      2.332    -0.7789    -0.7822    -0.0033    -0.7790    -0.7823    -0.0033   2.775281   2.775401   0.000119    34.1619    34.1673     7.5890     7.2558    -0.3331    27.4655    27.4700         10  0.000e+00
       2060 309.529546  -62.22236  -58.21134      0.214       0.00      2.403      2.380    -0.7791    -0.7819    -0.0028    -0.7791    -0.7820    -0.0028   2.775252   2.775378   0.000126    34.1617    34.1666     7.5893     7.2566    -0.3326    27.4653    27.4694         10  0.000e+00
       2061 309.529547  -62.22236  -58.21134      0.217       0.00      2.403      2.380    -0.7792    -0.7819    -0.0027    -0.7793    -0.7820    -0.0027   2.775216   2.775418   0.000202    34.1614    34.1672     7.5894     7.2574    -0.3320    27.4651    27.4699         10  0.000e+00
       2062 309.529547  -62.22236  -58.21134      0.220       0.00      2.423      2.400    -0.7790    -0.7819    -0.0029    -0.7790    -0.7820    -0.0029   2.775150   2.775383   0.000234    34.1602    34.1667     7.5893     7.2582    -0.3312    27.4641    27.4695         10  0.000e+00
       2063 309.529548  -62.22236  -58.21134      0.221       0.00      2.403      2.380    -0.7802    -0.7821    -0.0019    -0.7802    -0.7821    -0.0019   2.775096   2.775395   0.000299    34.1608    34.1670     7.5894     7.2577    -0.3316    27.4647    27.4698         10  0.000e+00
       2064 309.529548  -62.22236  -58.21134      0.222       0.00      2.403      2.380    -0.7811    -0.7822    -0.0011    -0.7812    -0.7823    -0.0011   2.775060   2.775429   0.000369    34.1614    34.1677     7.5892     7.2585    -0.3308    27.4652    27.4703         10  0.000e+00
       2065 309.529549  -62.22236  -58.21134      0.218       0.00      2.403      2.380    -0.7820    -0.7816     0.0004    -0.7821    -0.7817     0.0004   2.775030   2.775412   0.000382    34.1620    34.1668     7.5949     7.2520    -0.3429    27.4657    27.4695         10  0.000e+00
       2066 309.529549  -62.22236  -58.21134      0.216       0.00      2.403      2.380    -0.7823    -0.7818     0.0005    -0.7823    -0.7818     0.0005   2.775024   2.775406   0.000382    34.1622    34.1668     7.5908     7.2563    -0.3345    27.4659    27.4696         10  0.000e+00
