Pos-Processados/process_op38/operantar38_017.ros
* Sea-Bird SBE 9 Data File:
* FileName = D:\OPERANTAR_XXXVIII\DADOS\OP38_017.hdr
* Software Version Seasave V 7.18c
* Temperature SN = 4808
* Conductivity SN = 3380
* Number of Bytes Per Scan = 34
* Number of Voltage Words = 3
* Number of Scans Averaged by the Deck Unit = 1
* NMEA Latitude = 62 16.17 S
* NMEA Longitude = 058 26.27 W
* NMEA UTC (Time) = Nov 05 2019 14:37:33
** H41
** NAVIO POLAR ALMIRANTE MAXIMIANO
** CRUZEIRO:
** OPERANTAR XXXVIII
** ESTAÇÃO: OP38_017
** LAT 62 16,18' S
** LONG 058 26,25' W
** 09P73767-1155_A
** PROFUNDIDADE: 110
** DATA/HORA: 051438Z/NOV/2019
** OPERADOR: SO-HN CHAVES
# nquan = 26
# nvalues = 1943                                  
# units = specified
# name 0 = scan: Scan Count
# name 1 = timeJ: Julian Days
# name 2 = latitude: Latitude [deg]
# name 3 = longitude: Longitude [deg]
# name 4 = dz/dtM: Descent Rate [m/s]
# name 5 = avgsvCM: Average Sound Velocity [Chen-Millero, m/s]
# name 6 = prDM: Pressure, Digiquartz [db]
# name 7 = depSM: Depth [salt water, m]
# name 8 = t090C: Temperature [ITS-90, deg C]
# name 9 = t190C: Temperature, 2 [ITS-90, deg C]
# name 10 = T2-T190C: Temperature Difference, 2 - 1 [ITS-90, deg C]
# name 11 = potemp090C: Potential Temperature [ITS-90, deg C]
# name 12 = potemp190C: Potential Temperature, 2 [ITS-90, deg C]
# name 13 = potemp90Cdiff: Potential Temperature, Diff, 2 - 1 [ITS-90, deg C]
# name 14 = c0S/m: Conductivity [S/m]
# name 15 = c1S/m: Conductivity, 2 [S/m]
# name 16 = C2-C1S/m: Conductivity Difference, 2 - 1 [S/m]
# name 17 = sal00: Salinity, Practical [PSU]
# name 18 = sal11: Salinity, Practical, 2 [PSU]
# name 19 = sbeox0ML/L: Oxygen, SBE 43 [ml/l]
# name 20 = sbeox1ML/L: Oxygen, SBE 43, 2 [ml/l]
# name 21 = sbeox0ML/Ldiff: Oxygen, SBE 43, Diff, 2 - 1 [ml/l]
# name 22 = sigma-é00: Density [sigma-theta, kg/m^3]
# name 23 = sigma-é11: Density, 2 [sigma-theta, kg/m^3]
# name 24 = nbf: Bottles Fired
# name 25 = flag:  0.000e+00
# interval = seconds: 0.0416667
# start_time = Nov 05 2019 14:37:33 [NMEA time, header]
# bad_flag = -9.990e-29
*END*
[from data line 1115]
      16129 309.617188  -62.26956  -58.43786      0.010    1444.65     19.269     19.083    -0.8858    -0.8858    -0.0000    -0.8863    -0.8863    -0.0000   2.769272   2.769697   0.000425    34.1910    34.1968     7.5033     7.1739    -0.3294    27.4933    27.4981          8  0.000e+00
      16130 309.617188  -62.26956  -58.43786      0.009    1444.65     19.248     19.063    -0.8859    -0.8858     0.0001    -0.8864    -0.8863     0.0001   2.769290   2.769702   0.000413    34.1914    34.1969     7.5042     7.1738    -0.3304    27.4937    27.4981          8  0.000e+00
      16131 309.617188  -62.26956  -58.43786      0.011    1444.65     19.303     19.117    -0.8858    -0.8862    -0.0004    -0.8863    -0.8867    -0.0004   2.769296   2.769651   0.000355    34.1913    34.1966     7.5051     7.1680    -0.3371    27.4936    27.4979          8  0.000e+00
      16132 309.617189  -62.26956  -58.43786      0.011    1444.65     19.269     19.083    -0.8859    -0.8858     0.0001    -0.8864    -0.8863     0.0001   2.769296   2.769685   0.000390    34.1915    34.1967     7.5059     7.1666    -0.3393    27.4937    27.4979          8  0.000e+00
      16133 309.617189  -62.26956  -58.43786      0.014    1444.65     19.303     19.117    -0.8859    -0.8859 9.8511e-07    -0.8864    -0.8864 7.8755e-07   2.769296   2.769685   0.000390    34.1914    34.1967     7.5067     7.1713    -0.3354    27.4937    27.4980          8  0.000e+00
      16134 309.617190  -62.26956  -58.43786      0.015    1444.65     19.248     19.063    -0.8859    -0.8860    -0.0000    -0.8865    -0.8865    -0.0000   2.769296   2.769697   0.000401    34.1915    34.1970     7.5022     7.1723    -0.3299    27.4938    27.4982          8  0.000e+00
      16135 309.617190  -62.26956  -58.43786      0.018    1444.65     19.317     19.130    -0.8859    -0.8862    -0.0003    -0.8864    -0.8867    -0.0003   2.769278   2.769668   0.000390    34.1912    34.1969     7.5014     7.1676    -0.3338    27.4935    27.4981          8  0.000e+00
      16136 309.617191  -62.26956  -58.43786      0.019    1444.65     19.303     19.117    -0.8855    -0.8860    -0.0005    -0.8860    -0.8865    -0.0005   2.769248   2.769651   0.000403    34.1903    34.1964     7.5013     7.1722    -0.3291    27.4928    27.4977          8  0.000e+00
      16137 309.617191  -62.26956  -58.43786      0.015    1444.65     19.248     19.063    -0.8859    -0.8859 9.8511e-07    -0.8864    -0.8864 8.0854e-07   2.769302   2.769651   0.000349    34.1916    34.1963     7.5012     7.1720    -0.3292    27.4938    27.4976          8  0.000e+00
      16138 309.617192  -62.26956  -58.43786      0.021    1444.65     19.317     19.130    -0.8859    -0.8862    -0.0003    -0.8865    -0.8868    -0.0003   2.769260   2.769668   0.000408    34.1910    34.1969     7.5056     7.1719    -0.3337    27.4934    27.4982          8  0.000e+00
      16139 309.617192  -62.26956  -58.43786      0.019    1444.65     19.248     19.063    -0.8859    -0.8868    -0.0009    -0.8864    -0.8873    -0.0009   2.769284   2.769657   0.000373    34.1913    34.1975     7.5062     7.1717    -0.3345    27.4936    27.4986          8  0.000e+00
      16140 309.617193  -62.26956  -58.43786      0.018    1444.65     19.303     19.117    -0.8858    -0.8864    -0.0007    -0.8863    -0.8869    -0.0007   2.769272   2.769657   0.000385    34.1910    34.1970     7.5069     7.1726    -0.3343    27.4933    27.4982          8  0.000e+00
      16141 309.617193  -62.26956  -58.43786      0.023    1444.65     19.317     19.130    -0.8859    -0.8862    -0.0003    -0.8864    -0.8867    -0.0003   2.769272   2.769674   0.000402    34.1911    34.1969     7.5075     7.1735    -0.3340    27.4934    27.4982          8  0.000e+00
      16142 309.617194  -62.26956  -58.43786      0.018    1444.65     19.248     19.063    -0.8855    -0.8864    -0.0009    -0.8860    -0.8869    -0.0009   2.769290   2.769639   0.000350    34.1909    34.1968     7.5079     7.1744    -0.3335    27.4933    27.4980          8  0.000e+00
      16143 309.617194  -62.26956  -58.43786      0.023    1444.65     19.303     19.117    -0.8856    -0.8862    -0.0006    -0.8861    -0.8867    -0.0006   2.769296   2.769662   0.000367    34.1911    34.1968     7.5025     7.1694    -0.3330    27.4934    27.4980          8  0.000e+00
      16144 309.617195  -62.26956  -58.43786      0.022    1444.65     19.317     19.130    -0.8858    -0.8866    -0.0008    -0.8863    -0.8871    -0.0008   2.769314   2.769645   0.000331    34.1915    34.1970     7.5014     7.1693    -0.3321    27.4938    27.4982          8  0.000e+00
      16145 309.617195  -62.26956  -58.43786      0.026    1444.65     19.303     19.117    -0.8858    -0.8864    -0.0006    -0.8863    -0.8869    -0.0006   2.769302   2.769668   0.000366    34.1914    34.1971     7.5054     7.1750    -0.3304    27.4937    27.4983          8  0.000e+00
      16146 309.617196  -62.26956  -58.43786      0.025    1444.65     19.303     19.117    -0.8856    -0.8861    -0.0005    -0.8862    -0.8866    -0.0005   2.769296   2.769657   0.000361    34.1912    34.1966     7.5058     7.1701    -0.3357    27.4935    27.4979          8  0.000e+00
      16147 309.617196  -62.26956  -58.43786      0.023    1444.65     19.269     19.083    -0.8856    -0.8859    -0.0003    -0.8861    -0.8864    -0.0003   2.769314   2.769685   0.000372    34.1914    34.1968     7.5053     7.1699    -0.3354    27.4936    27.4980          8  0.000e+00
      16148 309.617197  -62.26954  -58.43786      0.023    1444.65     19.303     19.117    -0.8858    -0.8860    -0.0002    -0.8863    -0.8865    -0.0002   2.769308   2.769702   0.000395    34.1915    34.1971     7.4996     7.1687    -0.3310    27.4937    27.4983          8  0.000e+00
      16149 309.617197  -62.26954  -58.43786      0.025    1444.65     19.303     19.117    -0.8856    -0.8857    -0.0001    -0.8862    -0.8863    -0.0001   2.769314   2.769691   0.000377    34.1914    34.1967     7.4983     7.1733    -0.3250    27.4937    27.4979          8  0.000e+00
      16150 309.617198  -62.26954  -58.43786      0.025    1444.65     19.303     19.117    -0.8858    -0.8855     0.0003    -0.8863    -0.8860     0.0003   2.769284   2.769679   0.000396    34.1911    34.1962     7.4978     7.1743    -0.3234    27.4935    27.4976          8  0.000e+00
      16151 309.617198  -62.26954  -58.43786      0.026    1444.65     19.317     19.130    -0.8855    -0.8857    -0.0003    -0.8860    -0.8863    -0.0003   2.769308   2.769714   0.000406    34.1911    34.1970     7.4963     7.1754    -0.3209    27.4934    27.4982          8  0.000e+00
      16152 309.617199  -62.26954  -58.43786      0.027    1444.65     19.303     19.117    -0.8856    -0.8858    -0.0002    -0.8861    -0.8863    -0.0002   2.769302   2.769708   0.000407    34.1912    34.1970     7.4958     7.1765    -0.3193    27.4935    27.4982          8  0.000e+00
      16153 309.617199  -62.26954  -58.43786      0.026    1444.65     19.303     19.117    -0.8858    -0.8857     0.0000    -0.8863    -0.8863     0.0000   2.769314   2.769708   0.000395    34.1916    34.1969     7.4952     7.1704    -0.3248    27.4938    27.4981          8  0.000e+00
      16154 309.617200  -62.26954  -58.43786      0.027    1444.65     19.317     19.130    -0.8858    -0.8858    -0.0000    -0.8863    -0.8863    -0.0000   2.769343   2.769702   0.000359    34.1920    34.1969     7.4998     7.1691    -0.3307    27.4941    27.4981          8  0.000e+00
      16155 309.617200  -62.26954  -58.43786      0.026    1444.65     19.303     19.117    -0.8855    -0.8857    -0.0003    -0.8860    -0.8863    -0.0003   2.769367   2.769702   0.000335    34.1920    34.1968     7.4947     7.1678    -0.3269    27.4941    27.4980          8  0.000e+00
      16156 309.617201  -62.26954  -58.43786      0.027    1444.65     19.303     19.117    -0.8856    -0.8855     0.0001    -0.8861    -0.8860     0.0001   2.769397   2.769743   0.000345    34.1925    34.1971     7.4941     7.1664    -0.3276    27.4945    27.4982          8  0.000e+00
      16157 309.617201  -62.26954  -58.43786      0.027    1444.65     19.317     19.130    -0.8856    -0.8859    -0.0002    -0.8862    -0.8864    -0.0002   2.769361   2.769714   0.000353    34.1921    34.1971     7.4935     7.1652    -0.3283    27.4942    27.4983          8  0.000e+00
      16158 309.617201  -62.26954  -58.43786      0.026    1444.65     19.303     19.117    -0.8854    -0.8861    -0.0007    -0.8859    -0.8866    -0.0007   2.769367   2.769708   0.000341    34.1919    34.1973     7.4920     7.1698    -0.3222    27.4940    27.4985          8  0.000e+00
      16159 309.617202  -62.26954  -58.43786      0.026    1444.65     19.303     19.117    -0.8848    -0.8854    -0.0006    -0.8853    -0.8859    -0.0006   2.769373   2.769748   0.000375    34.1913    34.1971     7.4912     7.1695    -0.3217    27.4936    27.4983          8  0.000e+00
      16160 309.617202  -62.26954  -58.43786      0.026    1444.65     19.317     19.130    -0.8844    -0.8855    -0.0011    -0.8849    -0.8860    -0.0011   2.769373   2.769737   0.000364    34.1908    34.1970     7.4957     7.1705    -0.3252    27.4931    27.4982          8  0.000e+00
      16161 309.617203  -62.26954  -58.43786      0.028    1444.65     19.303     19.117    -0.8842    -0.8853    -0.0010    -0.8848    -0.8858    -0.0010   2.769355   2.769789   0.000433    34.1904    34.1975     7.4906     7.1702    -0.3204    27.4928    27.4986          8  0.000e+00
      16162 309.617203  -62.26954  -58.43786      0.024    1444.65     19.303     19.117    -0.8848    -0.8858    -0.0010    -0.8853    -0.8863    -0.0010   2.769349   2.769777   0.000428    34.1910    34.1979     7.4952     7.1712    -0.3240    27.4933    27.4989          8  0.000e+00
      16163 309.617204  -62.26954  -58.43786      0.024    1444.65     19.317     19.130    -0.8850    -0.8853    -0.0003    -0.8855    -0.8858    -0.0003   2.769308   2.769800   0.000492    34.1906    34.1976     7.4953     7.1661    -0.3292    27.4930    27.4987          8  0.000e+00
      16164 309.617204  -62.26954  -58.43786      0.025    1444.65     19.303     19.117    -0.8853    -0.8853    -0.0000    -0.8858    -0.8859    -0.0000   2.769314   2.769829   0.000515    34.1910    34.1981     7.4902     7.1659    -0.3243    27.4933    27.4991          8  0.000e+00
      16165 309.617205  -62.26954  -58.43786      0.025    1444.65     19.303     19.117    -0.8854    -0.8857    -0.0003    -0.8859    -0.8863    -0.0003   2.769278   2.769869   0.000591    34.1907    34.1991     7.4947     7.1646    -0.3301    27.4931    27.4999          8  0.000e+00
      16166 309.617205  -62.26954  -58.43786      0.024    1444.65     19.317     19.130    -0.8859    -0.8861    -0.0002    -0.8865    -0.8866    -0.0002   2.769290   2.769926   0.000637    34.1914    34.2003     7.4896     7.1645    -0.3251    27.4937    27.5009          8  0.000e+00
      16167 309.617206  -62.26954  -58.43786      0.022    1444.65     19.303     19.117    -0.8862    -0.8850     0.0013    -0.8867    -0.8855     0.0013   2.769272   2.769984   0.000712    34.1915    34.1998     7.4889     7.1688    -0.3200    27.4938    27.5004          8  0.000e+00
      16168 309.617206  -62.26954  -58.43786      0.021    1444.65     19.303     19.117    -0.8861    -0.8846     0.0015    -0.8866    -0.8851     0.0015   2.769272   2.770012   0.000741    34.1913    34.1997     7.4941     7.1698    -0.3243    27.4936    27.5003          8  0.000e+00
      16169 309.617207  -62.26954  -58.43786      0.016    1444.65     19.200     19.015    -0.8859    -0.8841     0.0018    -0.8864    -0.8846     0.0018   2.769296   2.770018   0.000723    34.1915    34.1993     7.4947     7.1647    -0.3300    27.4938    27.5000          8  0.000e+00
      16170 309.617207  -62.26954  -58.43786      0.024    1444.65     19.474     19.286    -0.8861    -0.8837     0.0023    -0.8866    -0.8842     0.0023   2.769272   2.769978   0.000706    34.1912    34.1982     7.4951     7.1648    -0.3302    27.4935    27.4991          8  0.000e+00
      16171 309.617208  -62.26954  -58.43786      0.020    1444.65     19.248     19.062    -0.8861    -0.8832     0.0029    -0.8866    -0.8837     0.0029   2.769272   2.769949   0.000678    34.1913    34.1973     7.4948     7.1704    -0.3244    27.4936    27.4983          8  0.000e+00
      16172 309.617208  -62.26954  -58.43786      0.017    1444.65     19.303     19.117    -0.8858    -0.8833     0.0025    -0.8863    -0.8838     0.0025   2.769290   2.769944   0.000654    34.1912    34.1973     7.4955     7.1645    -0.3311    27.4935    27.4983          8  0.000e+00
      16173 309.617209  -62.26954  -58.43786      0.019    1444.65     19.317     19.130    -0.8862    -0.8829     0.0034    -0.8867    -0.8834     0.0034   2.769278   2.769944   0.000666    34.1916    34.1968     7.4956     7.1690    -0.3265    27.4938    27.4979          8  0.000e+00
      16174 309.617209  -62.26954  -58.43786      0.020    1444.65     19.351     19.164    -0.8862    -0.8831     0.0031    -0.8867    -0.8836     0.0031   2.769266   2.769921   0.000655    34.1914    34.1967     7.4955     7.1690    -0.3265    27.4937    27.4979          8  0.000e+00
      16175 309.617210  -62.26954  -58.43786      0.018    1444.65     19.303     19.117    -0.8867    -0.8830     0.0037    -0.8872    -0.8836     0.0037   2.769248   2.769863   0.000615    34.1917    34.1959     7.4962     7.1700    -0.3263    27.4940    27.4972          8  0.000e+00
      16176 309.617210  -62.26954  -58.43786      0.016    1444.65     19.269     19.083    -0.8862    -0.8831     0.0031    -0.8867    -0.8836     0.0031   2.769284   2.769794   0.000511    34.1917    34.1951     7.5020     7.1698    -0.3322    27.4939    27.4965          8  0.000e+00
      16177 309.617211  -62.26954  -58.43786      0.019    1444.65     19.351     19.164    -0.8865    -0.8839     0.0026    -0.8870    -0.8845     0.0026   2.769296   2.769800   0.000504    34.1921    34.1961     7.4984     7.1710    -0.3273    27.4943    27.4974          8  0.000e+00
      16178 309.617211  -62.26954  -58.43786      0.018    1444.65     19.303     19.117    -0.8865    -0.8839     0.0026    -0.8870    -0.8844     0.0026   2.769272   2.769829   0.000557    34.1918    34.1964     7.4990     7.1660    -0.3330    27.4941    27.4977          8  0.000e+00
      16179 309.617212  -62.26954  -58.43786      0.012    1444.65     19.269     19.083    -0.8865    -0.8843     0.0023    -0.8870    -0.8848     0.0023   2.769290   2.769852   0.000562    34.1921    34.1972     7.4996     7.1718    -0.3278    27.4943    27.4983          8  0.000e+00
      16180 309.617212  -62.26954  -58.43786      0.016    1444.65     19.351     19.164    -0.8863    -0.8847     0.0017    -0.8869    -0.8852     0.0017   2.769272   2.769829   0.000557    34.1916    34.1973     7.5003     7.1717    -0.3286    27.4939    27.4984          8  0.000e+00
      16181 309.617213  -62.26954  -58.43786      0.014    1444.65     19.303     19.117    -0.8867    -0.8856     0.0010    -0.8872    -0.8862     0.0010   2.769248   2.769852   0.000604    34.1917    34.1987     7.5010     7.1716    -0.3294    27.4940    27.4996          8  0.000e+00
      16182 309.617213  -62.26954  -58.43786      0.012    1444.65     19.269     19.083    -0.8863    -0.8853     0.0011    -0.8869    -0.8858     0.0011   2.769284   2.769840   0.000557    34.1918    34.1982     7.5015     7.1724    -0.3291    27.4940    27.4991          8  0.000e+00
      16183 309.617214  -62.26954  -58.43786      0.008    1444.65     19.303     19.117    -0.8869    -0.8847     0.0022    -0.8874    -0.8852     0.0022   2.769260   2.769835   0.000575    34.1921    34.1974     7.5067     7.1733    -0.3334    27.4943    27.4985          8  0.000e+00
