Pos-Processados/process_op38/operantar38_008.cnv
* Sea-Bird SBE 9 Data File:
* FileName = D:\OPERANTAR_XXXVIII\DADOS\OP38_008.hdr
* Software Version Seasave V 7.18c
* Temperature SN = 4808
* Conductivity SN = 3380
* Number of Bytes Per Scan = 31
* Number of Voltage Words = 2
* Number of Scans Averaged by the Deck Unit = 1
* NMEA Latitude = 44 37.30 S
* NMEA Longitude = 052 09.37 W
* NMEA UTC (Time) = Oct 20 2019 01:25:54
** H41
** NAVIO POLAR ALMIRANTE MAXIMIANO
** CRUZEIRO:
** OPERANTAR XXXVIII
** ESTAวรO: OP38_008
** LAT 44บ 37,32'S
** LONG 052บ 09,39'W
** 09P73767-1155
** PROFUNDIDADE: 5784
** DATA/HORA: 200126Z/OUT/19
** OPERADOR: CT TECCHIO
# nquan = 32
# nvalues = 2081                        
# units = specified
# name 0 = scan: Scan Count
# name 1 = timeJ: Julian Days
# name 2 = latitude: Latitude [deg]
# name 3 = longitude: Longitude [deg]
# name 4 = dz/dtM: Descent Rate [m/s]
# name 5 = avgsvCM: Average Sound Velocity [Chen-Millero, m/s]
# name 6 = prDM: Pressure, Digiquartz [db]
# name 7 = depSM: Depth [salt water, m]
# name 8 = t090C: Temperature [ITS-90, deg C]
# name 9 = t190C: Temperature, 2 [ITS-90, deg C]
# name 10 = T2-T190C: Temperature Difference, 2 - 1 [ITS-90, deg C]
# name 11 = potemp090C: Potential Temperature [ITS-90, deg C]
# name 12 = potemp190C: Potential Temperature, 2 [ITS-90, deg C]
# name 13 = potemp90Cdiff: Potential Temperature, Diff, 2 - 1 [ITS-90, deg C]
# name 14 = c0S/m: Conductivity [S/m]
# name 15 = c1S/m: Conductivity, 2 [S/m]
# name 16 = C2-C1S/m: Conductivity Difference, 2 - 1 [S/m]
# name 17 = sal00: Salinity, Practical [PSU]
# name 18 = sal11: Salinity, Practical, 2 [PSU]
# name 19 = sbeox0ML/L: Oxygen, SBE 43 [ml/l]
# name 20 = sbeox1ML/L: Oxygen, SBE 43, 2 [ml/l]
# name 21 = sbeox0ML/Ldiff: Oxygen, SBE 43, Diff, 2 - 1 [ml/l]
# name 22 = sigma-้00: Density [sigma-theta, kg/m^3]
# name 23 = sigma-้11: Density, 2 [sigma-theta, kg/m^3]
# name 24 = sal00: Salinity, Practical [PSU]
# name 25 = sigma-้00: Density [sigma-theta, kg/m^3]
# name 26 = svCM: Sound Velocity [Chen-Millero, m/s]
# name 27 = svCM1: Sound Velocity, 2 [Chen-Millero, m/s]
# name 28 = gsw_ptA0: potential temperature [ITS-90, deg C]
# name 29 = gsw_densityA0: density, TEOS-10 [density, kg/m^3]
# name 30 = gsw_saA0: Absolute Salinity [g/kg]
# name 31 = flag:
# span 0 =       2031,      73448       
# span 1 = 293.060632, 293.095073       
# span 2 =  -44.62184,  -44.60889       
# span 3 =  -52.15622,  -52.14131       
# span 4 =     -1.531,      1.567       
# span 5 =      -0.01,    1505.03       
# span 6 =      3.000,   1044.000       
# span 7 =      3.012,   1032.954       
# span 8 =     3.0030,    13.3732       
# span 9 =     3.0035,    13.3738       
# span 10 =    -0.1966,     0.2897      
# span 11 =     2.9321,    13.3637      
# span 12 =     2.9327,    13.3643      
# span 13 =    -0.1963,     0.2892      
# span 14 =   3.152741,   4.168399      
# span 15 =   3.153316,   4.168763      
# span 16 =  -0.020591,   0.033213      
# span 17 =    34.1211,    35.3067      
# span 18 =    34.1265,    35.3122      
# span 19 =     4.6656,     6.4668      
# span 20 =     4.4676,     6.1679      
# span 21 =    -0.4697,    -0.1304      
# span 22 =    26.4486,    27.3387      
# span 23 =    26.4540,    27.3427      
# span 24 =    34.1172,    35.3098      
# span 25 =    26.4489,    27.3386      
# span 26 =    1475.02,    1502.92      
# span 27 =    1475.03,    1502.92      
# span 28 =     2.9319,    13.3637      
# span 29 =  1026.4749,  1032.1748      
# span 30 =    34.2794,    35.4766      
# span 31 = 0.0000e+00, 0.0000e+00      
# interval = decibars: 1                
# start_time = Oct 20 2019 01:25:54 [NMEA time, header]
# bad_flag = -9.990e-29
*END*
[from data line 1542]
      47968 293.082785  -44.61600  -52.14962     -1.040    1479.61    541.000    535.927     4.4567     4.4589     0.0022     4.4160     4.4182     0.0022   3.250081   3.250662   0.000592    34.1695    34.1741     5.8921     5.6372    -0.2549    27.0817    27.0852    34.1707    27.0827    1476.32    1476.34     4.4159  1029.5821    34.3333 0.0000e+00
      47991 293.082796  -44.61599  -52.14961     -1.047    1479.61    540.000    534.937     4.4586     4.4593     0.0007     4.4181     4.4187     0.0006   3.250082   3.250591   0.000512    34.1682    34.1735     5.8991     5.6402    -0.2589    27.0805    27.0846    34.1692    27.0812    1476.31    1476.32     4.4179  1029.5761    34.3317 0.0000e+00
      48014 293.082807  -44.61598  -52.14960     -1.046    1479.61    539.000    533.948     4.4590     4.4599     0.0009     4.4185     4.4193     0.0009   3.250007   3.250505   0.000502    34.1676    34.1726     5.9103     5.6516    -0.2587    27.0799    27.0838    34.1684    27.0806    1476.30    1476.31     4.4184  1029.5709    34.3310 0.0000e+00
      48037 293.082818  -44.61598  -52.14960     -1.046    1479.61    538.000    532.959     4.4592     4.4596     0.0004     4.4188     4.4192     0.0004   3.249927   3.250399   0.000473    34.1670    34.1722     5.9115     5.6599    -0.2516    27.0795    27.0835    34.1678    27.0801    1476.28    1476.29     4.4187  1029.5657    34.3304 0.0000e+00
      48059 293.082829  -44.61598  -52.14958     -1.064    1479.61    537.000    531.970     4.4604     4.4630     0.0025     4.4201     4.4226     0.0025   3.249936   3.250680   0.000705    34.1664    34.1720     5.9189     5.6768    -0.2421    27.0788    27.0830    34.1672    27.0794    1476.27    1476.28     4.4199  1029.5605    34.3297 0.0000e+00
      48081 293.082839  -44.61596  -52.14958     -1.096    1479.61    536.000    530.980     4.4646     4.4705     0.0059     4.4243     4.4302     0.0059   3.250291   3.251298   0.001000    34.1662    34.1718     5.9245     5.6899    -0.2346    27.0782    27.0820    34.1675    27.0792    1476.27    1476.30     4.4242  1029.5556    34.3301 0.0000e+00
      48102 293.082850  -44.61596  -52.14956     -1.110    1479.61    535.000    529.991     4.4715     4.4757     0.0042     4.4313     4.4354     0.0041   3.250866   3.251697   0.000839    34.1662    34.1717     5.9317     5.6904    -0.2412    27.0775    27.0814    34.1676    27.0786    1476.28    1476.30     4.4312  1029.5503    34.3301 0.0000e+00
      48125 293.082861  -44.61596  -52.14956     -1.093    1479.61    534.000    529.001     4.4760     4.4783     0.0023     4.4357     4.4380     0.0023   3.251165   3.251833   0.000676    34.1661    34.1715     5.9467     5.6944    -0.2523    27.0769    27.0810    34.1670    27.0776    1476.28    1476.30     4.4357  1029.5447    34.3296 0.0000e+00
      48148 293.082872  -44.61594  -52.14954     -1.050    1479.61    533.000    528.012     4.4778     4.4789     0.0011     4.4376     4.4388     0.0011   3.251257   3.251819   0.000572    34.1659    34.1714     5.9608     5.7051    -0.2557    27.0765    27.0808    34.1668    27.0772    1476.27    1476.28     4.4375  1029.5397    34.3293 0.0000e+00
      48174 293.082884  -44.61594  -52.14954     -0.975    1479.61    532.000    527.023     4.4785     4.4794     0.0009     4.4384     4.4393     0.0009   3.251273   3.251823   0.000547    34.1660    34.1715     5.9629     5.7107    -0.2522    27.0765    27.0808    34.1667    27.0771    1476.26    1476.27     4.4383  1029.5349    34.3293 0.0000e+00
      48205 293.082899  -44.61593  -52.14953     -0.825    1479.61    531.000    526.036     4.4831     4.4808    -0.0023     4.4431     4.4408    -0.0022   3.251676   3.251890   0.000263    34.1661    34.1714     5.9535     5.7171    -0.2364    27.0761    27.0806    34.1672    27.0770    1476.26    1476.26     4.4430  1029.5302    34.3298 0.0000e+00
      48240 293.082916  -44.61592  -52.14952     -0.678    1479.61    530.000    525.041     4.4940     4.4846    -0.0095     4.4541     4.4447    -0.0095   3.252692   3.252245  -0.000397    34.1667    34.1718     5.9605     5.7210    -0.2395    27.0754    27.0805    34.1683    27.0766    1476.29    1476.26     4.4540  1029.5252    34.3310 0.0000e+00
      48266 293.082929  -44.61590 -9.990e-29     -0.802    1479.61    529.000    524.055     4.4972     4.4973     0.0001     4.4573     4.4574     0.0001   3.252891   3.253514   0.000524    34.1668    34.1729     5.9712     5.7224    -0.2488    27.0751    27.0799    34.1678    27.0759    1476.29    1476.30     4.4572  1029.5201    34.3309 0.0000e+00
      48287 293.082939  -44.61590 -9.990e-29     -1.031    1479.61    528.000    523.065     4.5030     4.5069     0.0039     4.4632     4.4670     0.0038   3.253459   3.254333   0.000855    34.1674    34.1734     5.9699     5.7202    -0.2497    27.0750    27.0793    34.1690    27.0762    1476.30    1476.32     4.4631  1029.5157    34.3320 0.0000e+00
      48305 293.082948  -44.61590 -9.990e-29     -1.211    1479.61    527.000    522.076     4.5084     4.5149     0.0064     4.4687     4.4751     0.0064   3.253951   3.255134   0.001112    34.1681    34.1744     5.9678     5.7229    -0.2449    27.0749    27.0793    34.1697    27.0762    1476.30    1476.34     4.4685  1029.5110    34.3327 0.0000e+00
      48324 293.082957  -44.61590 -9.990e-29     -1.288    1479.61    526.000    521.086     4.5193     4.5286     0.0092     4.4796     4.4888     0.0092   3.255135   3.256374   0.001306    34.1698    34.1755     5.9674     5.7244    -0.2431    27.0751    27.0786    34.1728    27.0775    1476.34    1476.38     4.4794  1029.5076    34.3358 0.0000e+00
      48345 293.082967  -44.61588  -52.14950     -1.230    1479.61    525.000    520.097     4.5332     4.5449     0.0117     4.4935     4.5052     0.0117   3.256311   3.257953   0.001577    34.1706    34.1769     5.9691     5.7223    -0.2468    27.0742    27.0780    34.1727    27.0759    1476.38    1476.43     4.4934  1029.5010    34.3355 0.0000e+00
      48368 293.082978  -44.61588  -52.14948     -1.086    1479.61    524.000    519.108     4.5475     4.5562     0.0086     4.5078     4.5164     0.0086   3.257789   3.259024   0.001271    34.1722    34.1781     5.9672     5.7175    -0.2497    27.0739    27.0777    34.1757    27.0767    1476.42    1476.47     4.5077  1029.4969    34.3383 0.0000e+00
      48394 293.082990  -44.61586  -52.14946     -0.983    1479.61    523.000    518.118     4.5644     4.5654     0.0010     4.5247     4.5257     0.0009   3.259244   3.259877   0.000607    34.1733    34.1793     5.9603     5.7102    -0.2502    27.0729    27.0777    34.1759    27.0750    1476.48    1476.49     4.5246  1029.4903    34.3384 0.0000e+00
      48419 293.083003  -44.61586  -52.14946     -0.938    1479.61    522.000    517.129     4.5706     4.5758     0.0052     4.5309     4.5361     0.0052   3.259796   3.260794   0.000978    34.1740    34.1801     5.9438     5.7027    -0.2411    27.0729    27.0771    34.1764    27.0748    1476.49    1476.52     4.5308  1029.4854    34.3390 0.0000e+00
      48446 293.083015  -44.61586  -52.14944     -0.920    1479.61    521.000    516.139     4.5779     4.5818     0.0039     4.5383     4.5422     0.0039   3.260410   3.261264   0.000847    34.1746    34.1804     5.9325     5.6959    -0.2367    27.0725    27.0767    34.1766    27.0741    1476.50    1476.52     4.5382  1029.4801    34.3392 0.0000e+00
      48473 293.083028  -44.61585  -52.14944     -0.898    1479.61    520.000    515.150     4.5827     4.5880     0.0054     4.5431     4.5485     0.0053   3.260870   3.261838   0.000986    34.1751    34.1811     5.9217     5.6851    -0.2366    27.0724    27.0765    34.1775    27.0743    1476.50    1476.53     4.5430  1029.4756    34.3401 0.0000e+00
      48499 293.083041  -44.61584  -52.14943     -0.899    1479.61    519.000    514.161     4.5914     4.5948     0.0034     4.5519     4.5553     0.0034   3.261593   3.262375   0.000779    34.1754    34.1810     5.9134     5.6757    -0.2377    27.0717    27.0758    34.1775    27.0733    1476.53    1476.54     4.5518  1029.4699    34.3400 0.0000e+00
      48525 293.083053  -44.61583  -52.14942     -0.922    1479.61    518.000    513.171     4.5946     4.6011     0.0066     4.5552     4.5617     0.0065   3.261845   3.262898   0.001054    34.1757    34.1812     5.9104     5.6740    -0.2363    27.0715    27.0752    34.1776    27.0731    1476.52    1476.56     4.5551  1029.4650    34.3402 0.0000e+00
      48550 293.083066  -44.61582  -52.14941     -0.934    1479.61    517.000    512.182     4.6021     4.6054     0.0033     4.5627     4.5659     0.0033   3.262476   3.263241   0.000771    34.1759    34.1815     5.9100     5.6692    -0.2409    27.0709    27.0750    34.1778    27.0724    1476.54    1476.56     4.5626  1029.4596    34.3403 0.0000e+00
      48575 293.083078  -44.61582  -52.14940     -0.942    1479.61    516.000    511.192     4.6061     4.6091     0.0029     4.5668     4.5698     0.0029   3.262786   3.263556   0.000759    34.1760    34.1818     5.9120     5.6631    -0.2490    27.0705    27.0748    34.1777    27.0719    1476.54    1476.55     4.5667  1029.4545    34.3403 0.0000e+00
      48598 293.083089  -44.61581  -52.14940     -1.009    1479.61    515.000    510.203     4.6097     4.6143     0.0046     4.5704     4.5750     0.0046   3.263074   3.263965   0.000893    34.1763    34.1819     5.9092     5.6569    -0.2522    27.0703    27.0743    34.1780    27.0717    1476.53    1476.56     4.5703  1029.4497    34.3405 0.0000e+00
      48618 293.083098  -44.61580  -52.14940     -1.115    1479.61    514.000    509.213     4.6149     4.6190     0.0041     4.5757     4.5798     0.0041   3.263517   3.264344   0.000838    34.1765    34.1820     5.9051     5.6547    -0.2503    27.0699    27.0739    34.1783    27.0713    1476.54    1476.56     4.5756  1029.4447    34.3408 0.0000e+00
      48638 293.083108  -44.61580  -52.14940     -1.199    1479.61    513.000    508.224     4.6186     4.6210     0.0024     4.5795     4.5818     0.0023   3.263762   3.264454   0.000695    34.1762    34.1819     5.9101     5.6572    -0.2528    27.0693    27.0735    34.1778    27.0706    1476.54    1476.55     4.5794  1029.4392    34.3404 0.0000e+00
      48659 293.083118  -44.61578  -52.14938     -1.188    1479.61    512.000    507.234     4.6222     4.6260     0.0039     4.5831     4.5870     0.0038   3.264043   3.264889   0.000850    34.1763    34.1822     5.9101     5.6563    -0.2538    27.0690    27.0732    34.1779    27.0702    1476.54    1476.56     4.5830  1029.4343    34.3404 0.0000e+00
      48688 293.083132  -44.61578  -52.14936     -0.940    1479.61    511.000    506.246     4.6309     4.6282    -0.0027     4.5919     4.5892    -0.0027   3.264908   3.265091   0.000194    34.1775    34.1825     5.9071     5.6558    -0.2513    27.0690    27.0733    34.1795    27.0706    1476.56    1476.55     4.5918  1029.4299    34.3421 0.0000e+00
      48731 293.083153  -44.61576  -52.14935     -0.536    1479.61    510.000    505.255     4.6568     4.6529    -0.0038     4.6177     4.6139    -0.0038   3.267359   3.267401   0.000108    34.1792    34.1844     5.9036     5.6574    -0.2462    27.0675    27.0720    34.1819    27.0696    1476.65    1476.64     4.6176  1029.4240    34.3445 0.0000e+00
      48762 293.083168  -44.61576  -52.14934     -0.682    1479.61    509.000    504.266     4.6591     4.6539    -0.0052     4.6201     4.6149    -0.0052   3.267456   3.267582   0.000063    34.1795    34.1856     5.9034     5.6642    -0.2392    27.0675    27.0729    34.1812    27.0688    1476.64    1476.63     4.6200  1029.4186    34.3437 0.0000e+00
      48782 293.083178  -44.61576  -52.14934     -0.973    1479.61    508.000    503.276     4.6634     4.6642     0.0008     4.6245     4.6253     0.0008   3.267890   3.268403   0.000530    34.1804    34.1857     5.8891     5.6618    -0.2273    27.0677    27.0718    34.1824    27.0692    1476.65    1476.66     4.6244  1029.4144    34.3449 0.0000e+00
      48799 293.083186  -44.61574  -52.14932     -1.236    1479.61    507.000    502.287     4.6633     4.6679     0.0046     4.6245     4.6291     0.0046   3.267750   3.268755   0.000952    34.1801    34.1865     5.8804     5.6573    -0.2231    27.0674    27.0720    34.1813    27.0683    1476.63    1476.66     4.6244  1029.4089    34.3438 0.0000e+00
      48814 293.083193  -44.61574  -52.14932     -1.421    1479.61    506.000    501.297     4.6662     4.6692     0.0030     4.6274     4.6304     0.0030   3.268077   3.268783   0.000751    34.1808    34.1865     5.8800     5.6569    -0.2232    27.0676    27.0718    34.1826    27.0691    1476.63    1476.64     4.6273  1029.4050    34.3452 0.0000e+00
      48831 293.083201  -44.61574  -52.14931     -1.501    1479.61    505.000    500.308     4.6676     4.6658    -0.0018     4.6289     4.6271    -0.0018   3.268039   3.268213   0.000268    34.1807    34.1856     5.8798     5.6553    -0.2245    27.0674    27.0715    34.1812    27.0678    1476.61    1476.61     4.6288  1029.3991    34.3438 0.0000e+00
      48850 293.083210  -44.61574  -52.14930     -1.406    1479.61    504.000    499.318     4.6597     4.6522    -0.0076     4.6212     4.6136    -0.0075   3.267090   3.266712  -0.000300    34.1786    34.1829     5.8846     5.6462    -0.2385    27.0666    27.0708    34.1788    27.0668    1476.56    1476.53     4.6211  1029.3936    34.3413 0.0000e+00
      48878 293.083224  -44.61572  -52.14930     -1.024    1479.61    503.000    498.329     4.6388     4.6448     0.0060     4.6004     4.6063     0.0060   3.264462   3.266142   0.001341    34.1737    34.1831     5.8970     5.6386    -0.2584    27.0650    27.0718    34.1703    27.0623    1476.45    1476.49     4.6003  1029.3848    34.3328 0.0000e+00
      48918 293.083243  -44.61572  -52.14928     -0.608    1479.61    502.000    497.339     4.5944     4.6179     0.0236     4.5562     4.5796     0.0234   3.260017   3.262777   0.002943    34.1658    34.1758     5.9127     5.6650    -0.2477    27.0635    27.0689    34.1648    27.0628    1476.24    1476.35     4.5561  1029.3813    34.3272 0.0000e+00
      48952 293.083260  -44.61570  -52.14928     -0.666    1479.61    501.000    496.350     4.5932     4.5952     0.0021     4.5551     4.5572     0.0021   3.259709   3.260317   0.000657    34.1649    34.1704     5.9675     5.6946    -0.2729    27.0630    27.0671    34.1629    27.0614    1476.22    1476.23     4.5550  1029.3756    34.3257 0.0000e+00
      48978 293.083272  -44.61569 -9.990e-29     -0.841    1479.61    500.000    495.360     4.5875     4.5839    -0.0036     4.5496     4.5460    -0.0036   3.259182   3.259227   0.000113    34.1641    34.1691     6.0435     5.7080    -0.3355    27.0629    27.0673    34.1631    27.0622    1476.18    1476.17     4.5495  1029.3720    34.3260 0.0000e+00
      49003 293.083284  -44.61568 -9.990e-29     -0.955    1479.61    499.000    494.371     4.5883     4.5801    -0.0082     4.5504     4.5422    -0.0082   3.259227   3.258807  -0.000380    34.1641    34.1682     6.0616     5.7457    -0.3159    27.0629    27.0670    34.1633    27.0622    1476.16    1476.13     4.5504  1029.3674    34.3262 0.0000e+00
      49026 293.083295  -44.61568 -9.990e-29     -1.005    1479.61    498.000    493.381     4.5840     4.5829    -0.0010     4.5462     4.5452    -0.0010   3.258580   3.259075   0.000366    34.1627    34.1680     6.0710     5.7839    -0.2871    27.0622    27.0665    34.1608    27.0607    1476.13    1476.13     4.5461  1029.3613    34.3237 0.0000e+00
