Pos-Processados/process_op38/operantar38_014b.ros
* Sea-Bird SBE 9 Data File:
* FileName = D:\OPERANTAR_XXXVIII\DADOS\OP38_014b.hdr
* Software Version Seasave V 7.18c
* Temperature SN = 4808
* Conductivity SN = 3380
* Number of Bytes Per Scan = 34
* Number of Voltage Words = 3
* Number of Scans Averaged by the Deck Unit = 1
* NMEA Latitude = 62 11.38 S
* NMEA Longitude = 058 03.45 W
* NMEA UTC (Time) = Nov 05 2019 06:44:07
** H41
** NAVIO POLAR ALMIRANTE MAXIMIANO
** CRUZEIRO:
** OPERANTAR XXXVIII
** ESTAÇÃO: OP38_014b
** LAT 62 11,38' S
** LONG 058 03,42' W
** 09P73767-1155_A
** PROFUNDIDADE: 480
** DATA/HORA: 050645Z/NOV/2019
** OPERADOR: SO-HN CHAVES
# nquan = 27
# nvalues = 1836                                  
# units = specified
# name 0 = scan: Scan Count
# name 1 = timeJ: Julian Days
# name 2 = latitude: Latitude [deg]
# name 3 = longitude: Longitude [deg]
# name 4 = dz/dtM: Descent Rate [m/s]
# name 5 = avgsvCM: Average Sound Velocity [Chen-Millero, m/s]
# name 6 = prDM: Pressure, Digiquartz [db]
# name 7 = depSM: Depth [salt water, m]
# name 8 = t090C: Temperature [ITS-90, deg C]
# name 9 = t190C: Temperature, 2 [ITS-90, deg C]
# name 10 = T2-T190C: Temperature Difference, 2 - 1 [ITS-90, deg C]
# name 11 = potemp090C: Potential Temperature [ITS-90, deg C]
# name 12 = potemp190C: Potential Temperature, 2 [ITS-90, deg C]
# name 13 = potemp90Cdiff: Potential Temperature, Diff, 2 - 1 [ITS-90, deg C]
# name 14 = c0S/m: Conductivity [S/m]
# name 15 = c1S/m: Conductivity, 2 [S/m]
# name 16 = C2-C1S/m: Conductivity Difference, 2 - 1 [S/m]
# name 17 = sal00: Salinity, Practical [PSU]
# name 18 = sal11: Salinity, Practical, 2 [PSU]
# name 19 = sbeox0ML/L: Oxygen, SBE 43 [ml/l]
# name 20 = sigma-é00: Density [sigma-theta, kg/m^3]
# name 21 = sigma-é11: Density, 2 [sigma-theta, kg/m^3]
# name 22 = sbox0Mm/Kg: Oxygen, SBE 43 [umol/kg]
# name 23 = oxsolMm/Kg: Oxygen Saturation, Garcia & Gordon [umol/kg]
# name 24 = oxsatMm/Kg: Oxygen Saturation, Weiss [umol/kg]
# name 25 = nbf: Bottles Fired
# name 26 = flag:  0.000e+00
# interval = seconds: 0.0416667
# start_time = Nov 05 2019 06:44:07 [NMEA time, header]
# bad_flag = -9.990e-29
*END*
[from data line 269]
       2515 309.281849  -62.18966  -58.05752     -0.296       0.00      1.304      1.291    -0.7233    -0.7236    -0.0003    -0.7233    -0.7236    -0.0003   2.779158   2.779584   0.000426    34.1521    34.1582     7.6413    27.4553    27.4602    332.142  356.97462  358.59895          2  0.000e+00
       2516 309.281849  -62.18966  -58.05752     -0.284       0.00      1.256      1.244    -0.7231    -0.7235    -0.0004    -0.7232    -0.7236    -0.0004   2.779194   2.779607   0.000413    34.1524    34.1585     7.6469    27.4555    27.4605    332.385  356.97209  358.59639          2  0.000e+00
       2517 309.281850  -62.18966  -58.05752     -0.271       0.00      1.304      1.291    -0.7230    -0.7230     0.0000    -0.7230    -0.7230     0.0000   2.779200   2.779630   0.000430    34.1524    34.1581     7.6482    27.4555    27.4602    332.443  356.97122  358.59549          2  0.000e+00
       2518 309.281850  -62.18966  -58.05752     -0.256       0.00      1.304      1.291    -0.7235    -0.7234     0.0001    -0.7235    -0.7234     0.0001   2.779176   2.779641   0.000466    34.1526    34.1588     7.6497    27.4557    27.4607    332.505  356.97504  358.59942          2  0.000e+00
       2519 309.281851  -62.18966  -58.05752     -0.238       0.00      1.304      1.291    -0.7235    -0.7230     0.0005    -0.7235    -0.7230     0.0005   2.779134   2.779636   0.000502    34.1520    34.1582     7.6502    27.4552    27.4602    332.529  356.97662  358.60098          2  0.000e+00
       2520 309.281851  -62.18966  -58.05752     -0.219       0.00      1.359      1.346    -0.7238    -0.7229     0.0009    -0.7238    -0.7229     0.0009   2.779110   2.779636   0.000526    34.1520    34.1581     7.6457    27.4552    27.4601    332.331  356.97945  358.60386          2  0.000e+00
       2521 309.281852  -62.18966  -58.05752     -0.201       0.00      1.359      1.346    -0.7238    -0.7230     0.0008    -0.7238    -0.7230     0.0008   2.779092   2.779619   0.000527    34.1517    34.1580     7.6505    27.4550    27.4600    332.543  356.98013  358.60453          2  0.000e+00
       2522 309.281852  -62.18966  -58.05752     -0.185       0.00      1.324      1.312    -0.7240    -0.7231     0.0009    -0.7240    -0.7232     0.0009   2.779110   2.779630   0.000520    34.1523    34.1583     7.6458    27.4554    27.4603    332.338  356.98084  358.60532          2  0.000e+00
       2523 309.281853  -62.18966  -58.05752     -0.162       0.00      1.359      1.346    -0.7236    -0.7230     0.0005    -0.7236    -0.7231     0.0005   2.779122   2.779619   0.000497    34.1519    34.1581     7.6455    27.4551    27.4601    332.322  356.97790  358.60227          2  0.000e+00
       2524 309.281853  -62.18966  -58.05752     -0.139       0.00      1.407      1.393    -0.7238    -0.7233     0.0005    -0.7238    -0.7233     0.0005   2.779140   2.779653   0.000513    34.1523    34.1587     7.6452    27.4555    27.4607    332.311  356.97840  358.60283          2  0.000e+00
       2525 309.281854  -62.18966  -58.05752     -0.122       0.00      1.359      1.346    -0.7233    -0.7230     0.0003    -0.7233    -0.7231     0.0003   2.779194   2.779670   0.000477    34.1526    34.1588     7.6455    27.4557    27.4606    332.324  356.97336  358.59770          2  0.000e+00
       2526 309.281854  -62.18966  -58.05752     -0.098       0.00      1.407      1.393    -0.7228    -0.7220     0.0008    -0.7229    -0.7221     0.0008   2.779218   2.779665   0.000447    34.1524    34.1575     7.6511    27.4555    27.4596    332.569  356.96962  358.59385          2  0.000e+00
       2527 309.281855  -62.18966  -58.05752     -0.080       0.00      1.407      1.393    -0.7231    -0.7226     0.0005    -0.7232    -0.7226     0.0005   2.779206   2.779688   0.000482    34.1525    34.1584     7.6517    27.4556    27.4604    332.592  356.97189  358.59620          2  0.000e+00
       2528 309.281855  -62.18966  -58.05752     -0.055       0.00      1.455      1.441    -0.7228    -0.7225     0.0003    -0.7229    -0.7225     0.0003   2.779218   2.779688   0.000470    34.1523    34.1583     7.6521    27.4554    27.4603    332.612  356.96970  358.59394          2  0.000e+00
       2529 309.281856  -62.18966  -58.05752     -0.036       0.00      1.407      1.393    -0.7230    -0.7226     0.0004    -0.7230    -0.7226     0.0004   2.779224   2.779653   0.000429    34.1526    34.1580     7.6533    27.4557    27.4600    332.663  356.97049  358.59477          2  0.000e+00
       2530 309.281856  -62.18966  -58.05752     -0.019       0.00      1.420      1.407    -0.7227    -0.7220     0.0006    -0.7227    -0.7221     0.0006   2.779194   2.779676   0.000482    34.1518    34.1577     7.6545    27.4550    27.4597    332.716  356.96946  358.59363          2  0.000e+00
       2531 309.281857  -62.18966  -58.05752      0.001       0.00      1.455      1.441    -0.7230    -0.7226     0.0004    -0.7230    -0.7227     0.0004   2.779212   2.779693   0.000482    34.1524    34.1586     7.6550    27.4555    27.4605    332.737  356.97102  358.59530          2  0.000e+00
       2532 309.281857  -62.18966  -58.05752      0.027       0.00      1.509      1.495    -0.7230    -0.7224     0.0006    -0.7230    -0.7225     0.0006   2.779224   2.779670   0.000447    34.1526    34.1580     7.6554    27.4556    27.4600    332.756  356.97066  358.59495          2  0.000e+00
       2533 309.281858  -62.18966  -58.05752      0.044       0.00      1.455      1.441    -0.7228    -0.7231    -0.0003    -0.7229    -0.7232    -0.0003   2.779206   2.779630   0.000424    34.1522    34.1582     7.6506    27.4553    27.4602    332.544  356.97016  358.59438          2  0.000e+00
       2534 309.281858  -62.18966  -58.05752      0.063       0.00      1.509      1.495    -0.7230    -0.7234    -0.0004    -0.7230    -0.7234    -0.0004   2.779218   2.779630   0.000412    34.1525    34.1585     7.6502    27.4556    27.4604    332.529  356.97089  358.59517          2  0.000e+00
       2535 309.281859  -62.18966  -58.05752      0.080       0.00      1.509      1.495    -0.7234    -0.7236    -0.0002    -0.7234    -0.7236    -0.0002   2.779152   2.779601   0.000450    34.1520    34.1583     7.6499    27.4552    27.4603    332.516  356.97557  358.59990          2  0.000e+00
       2536 309.281859  -62.18966  -58.05752      0.099       0.00      1.509      1.495    -0.7239    -0.7232     0.0007    -0.7239    -0.7233     0.0007   2.779122   2.779607   0.000485    34.1522    34.1580     7.6548    27.4554    27.4600    332.727  356.97998  358.60443          2  0.000e+00
       2537 309.281860  -62.18966  -58.05752      0.118       0.00      1.557      1.542    -0.7243    -0.7238     0.0006    -0.7244    -0.7238     0.0006   2.779080   2.779578   0.000498    34.1521    34.1582     7.6552    27.4553    27.4602    332.748  356.98457  358.60911          3  0.000e+00
       2538 309.281860  -62.18966  -58.05752      0.132       0.00      1.523      1.508    -0.7247    -0.7240     0.0007    -0.7247    -0.7240     0.0007   2.779044   2.779578   0.000534    34.1520    34.1585     7.6556    27.4553    27.4605    332.762  356.98805  358.61267          3  0.000e+00
       2539 309.281861  -62.18966  -58.05752      0.148       0.00      1.557      1.542    -0.7248    -0.7236     0.0012    -0.7248    -0.7236     0.0012   2.779038   2.779590   0.000552    34.1521    34.1582     7.6559    27.4553    27.4602    332.776  356.98907  358.61371          3  0.000e+00
       2540 309.281861  -62.18966  -58.05752      0.163       0.00      1.557      1.542    -0.7248    -0.7242     0.0006    -0.7248    -0.7242     0.0006   2.779050   2.779544   0.000494    34.1522    34.1582     7.6561    27.4554    27.4603    332.786  356.98861  358.61326          3  0.000e+00
       2541 309.281861  -62.18966  -58.05752      0.177       0.00      1.605      1.590    -0.7248    -0.7249    -0.0001    -0.7248    -0.7250    -0.0001   2.779038   2.779458   0.000419    34.1520    34.1578     7.6564    27.4553    27.4600    332.797  356.98915  358.61379          3  0.000e+00
       2542 309.281862  -62.18966  -58.05752      0.187       0.00      1.557      1.542    -0.7250    -0.7255    -0.0005    -0.7250    -0.7255    -0.0005   2.779038   2.779446   0.000408    34.1523    34.1583     7.6565    27.4555    27.4604    332.803  356.99016  358.61485          3  0.000e+00
       2543 309.281862  -62.18966  -58.05752      0.200       0.00      1.605      1.590    -0.7252    -0.7257    -0.0005    -0.7252    -0.7257    -0.0005   2.779020   2.779435   0.000414    34.1522    34.1584     7.6567    27.4554    27.4605    332.812  356.99202  358.61674          3  0.000e+00
       2544 309.281863  -62.18966  -58.05752      0.208       0.00      1.605      1.590    -0.7254    -0.7253     0.0002    -0.7255    -0.7253     0.0002   2.779020   2.779446   0.000426    34.1525    34.1581     7.6517    27.4557    27.4602    332.594  356.99384  358.61864          3  0.000e+00
       2545 309.281863  -62.18966  -58.05752      0.216       0.00      1.605      1.590    -0.7252    -0.7254    -0.0002    -0.7252    -0.7254    -0.0002   2.778996   2.779417   0.000421    34.1519    34.1578     7.6510    27.4552    27.4600    332.564  356.99292  358.61763          3  0.000e+00
       2546 309.281864  -62.18966  -58.05752      0.230       0.00      1.673      1.657    -0.7252    -0.7253    -0.0001    -0.7252    -0.7253    -0.0001   2.779026   2.779440   0.000414    34.1522    34.1580     7.6555    27.4554    27.4601    332.761  356.99191  358.61663          3  0.000e+00
       2547 309.281864  -62.18966  -58.05752      0.238       0.00      1.660      1.644    -0.7252    -0.7259    -0.0008    -0.7252    -0.7260    -0.0008   2.779056   2.779435   0.000379    34.1526    34.1586     7.6556    27.4558    27.4607    332.762  356.99075  358.61550          3  0.000e+00
       2548 309.281865  -62.18966  -58.05752      0.243       0.00      1.605      1.590    -0.7249    -0.7252    -0.0003    -0.7250    -0.7253    -0.0003   2.779044   2.779429   0.000385    34.1522    34.1578     7.6555    27.4555    27.4600    332.760  356.98965  358.61433          3  0.000e+00
       2549 309.281865  -62.18966  -58.05752      0.250       0.00      1.708      1.691    -0.7248    -0.7248    -0.0000    -0.7249    -0.7249    -0.0000   2.779050   2.779429   0.000379    34.1521    34.1573     7.6556    27.4554    27.4595    332.763  356.98887  358.61352          3  0.000e+00
       2550 309.281866  -62.18966  -58.05752      0.259       0.00      1.708      1.691    -0.7245    -0.7260    -0.0015    -0.7246    -0.7260    -0.0015   2.779038   2.779446   0.000408    34.1516    34.1588     7.6555    27.4549    27.4608    332.760  356.98751  358.61207          3  0.000e+00
       2551 309.281866  -62.18966  -58.05752      0.261       0.00      1.660      1.644    -0.7247    -0.7259    -0.0012    -0.7247    -0.7260    -0.0012   2.779056   2.779417   0.000361    34.1521    34.1584     7.6554    27.4553    27.4605    332.756  356.98784  358.61246          3  0.000e+00
       2552 309.281867  -62.18966  -58.05752      0.264       0.00      1.708      1.691    -0.7248    -0.7257    -0.0009    -0.7249    -0.7257    -0.0009   2.779044   2.779463   0.000419    34.1520    34.1587     7.6554    27.4553    27.4607    332.755  356.98910  358.61374          3  0.000e+00
       2553 309.281867  -62.18966  -58.05752      0.273       0.00      1.756      1.739    -0.7248    -0.7255    -0.0007    -0.7249    -0.7255    -0.0007   2.779056   2.779527   0.000471    34.1522    34.1593     7.6553    27.4554    27.4612    332.751  356.98873  358.61338          3  0.000e+00
       2554 309.281868  -62.18966  -58.05752      0.274       0.00      1.708      1.691    -0.7252    -0.7250     0.0002    -0.7252    -0.7250     0.0002   2.779032   2.779532   0.000500    34.1523    34.1589     7.6552    27.4555    27.4608    332.745  356.99174  358.61647          3  0.000e+00
       2555 309.281868  -62.18966  -58.05752      0.273       0.00      1.728      1.712    -0.7245    -0.7247    -0.0002    -0.7246    -0.7248    -0.0002   2.779074   2.779515   0.000441    34.1521    34.1584     7.6497    27.4553    27.4604    332.508  356.98618  358.61077          3  0.000e+00
       2556 309.281869  -62.18966  -58.05752      0.278       0.00      1.756      1.739    -0.7242    -0.7247    -0.0004    -0.7243    -0.7247    -0.0004   2.779146   2.779550   0.000404    34.1527    34.1587     7.6546    27.4558    27.4607    332.722  356.98169  358.60624          3  0.000e+00
       2557 309.281869  -62.18966  -58.05752      0.278       0.00      1.756      1.739    -0.7240    -0.7243    -0.0002    -0.7241    -0.7243    -0.0002   2.779170   2.779561   0.000391    34.1529    34.1584     7.6544    27.4559    27.4604    332.711  356.97969  358.60421          3  0.000e+00
       2558 309.281870  -62.18966  -58.05752      0.279       0.00      1.810      1.793    -0.7243    -0.7248    -0.0005    -0.7244    -0.7249    -0.0005   2.779134   2.779601   0.000467    34.1527    34.1596     7.6543    27.4558    27.4614    332.707  356.98296  358.60754          3  0.000e+00
       2559 309.281870  -62.18966  -58.05752      0.280       0.00      1.756      1.739    -0.7242    -0.7247    -0.0005    -0.7243    -0.7248    -0.0005   2.779110   2.779578   0.000468    34.1523    34.1592     7.6540    27.4554    27.4611    332.693  356.98305  358.60758          3  0.000e+00
       2560 309.281871  -62.18966  -58.05752      0.283       0.00      1.810      1.793    -0.7245    -0.7241     0.0004    -0.7245    -0.7241     0.0004   2.779092   2.779561   0.000469    34.1522    34.1582     7.6538    27.4554    27.4602    332.686  356.98528  358.60986          3  0.000e+00
       2561 309.281871  -62.18966  -58.05752      0.277       0.00      1.756      1.739    -0.7242    -0.7240     0.0002    -0.7243    -0.7240     0.0002   2.779110   2.779561   0.000451    34.1523    34.1581     7.6534    27.4554    27.4601    332.667  356.98305  358.60758          3  0.000e+00
       2562 309.281872  -62.18966  -58.05752      0.280       0.00      1.858      1.840    -0.7243    -0.7243    -0.0000    -0.7244    -0.7244    -0.0000   2.779122   2.779561   0.000439    34.1525    34.1584     7.6480    27.4556    27.4604    332.433  356.98350  358.60807          3  0.000e+00
       2563 309.281872  -62.18966  -58.05752      0.279       0.00      1.810      1.793    -0.7240    -0.7245    -0.0005    -0.7241    -0.7246    -0.0005   2.779128   2.779544   0.000416    34.1523    34.1584     7.6519    27.4554    27.4604    332.603  356.98137  358.60586          3  0.000e+00
       2564 309.281873  -62.18966  -58.05752      0.277       0.00      1.776      1.759    -0.7239    -0.7247    -0.0009    -0.7239    -0.7248    -0.0009   2.779140   2.779532   0.000392    34.1523    34.1586     7.6463    27.4554    27.4606    332.359  356.97976  358.60422          3  0.000e+00
       2565 309.281873  -62.18966  -58.05752      0.275       0.00      1.858      1.840    -0.7240    -0.7242    -0.0002    -0.7241    -0.7243    -0.0002   2.779128   2.779538   0.000410    34.1522    34.1580     7.6461    27.4554    27.4601    332.349  356.98145  358.60594          3  0.000e+00
       2566 309.281874  -62.18966  -58.05752      0.273       0.00      1.810      1.793    -0.7240    -0.7246    -0.0006    -0.7241    -0.7247    -0.0006   2.779122   2.779573   0.000451    34.1522    34.1589     7.6509    27.4554    27.4608    332.558  356.98160  358.60608          3  0.000e+00
       2567 309.281874  -62.18966  -58.05752      0.272       0.00      1.858      1.840    -0.7242    -0.7247    -0.0004    -0.7243    -0.7247    -0.0004   2.779122   2.779509   0.000387    34.1524    34.1581     7.6514    27.4555    27.4602    332.581  356.98277  358.60731          3  0.000e+00
