Pos-Processados/process_op38/operantar38_002.cnv
* Sea-Bird SBE 9 Data File:
* FileName = D:\OPERANTAR_XXXVIII\DADOS\OP38_002.hdr
* Software Version Seasave V 7.12
* Temperature SN = 4808
* Conductivity SN = 3380
* Number of Bytes Per Scan = 31
* Number of Voltage Words = 2
* Number of Scans Averaged by the Deck Unit = 1
* NMEA Latitude = 38 26.99 S
* NMEA Longitude = 052 53.48 W
* NMEA UTC (Time) = Jan 16 2019 21:21:57
** H41
** NAVIO POLAR ALMIRANTE MAXIMIANO
** CRUZEIRO:
** OPERANTAR XXXVIII
** ESTAวรO: 002
** LAT 38บ 26,99'S
** LONG 052บ 53,46'W
** 09P73767-1155
** PROFUNDIDADE: 4158 m
** DATA/HORA: 162121Z/OUT/2019
** OPERADOR: SO-HN CHAVES
# nquan = 32
# nvalues = 2082                        
# units = specified
# name 0 = scan: Scan Count
# name 1 = timeJ: Julian Days
# name 2 = latitude: Latitude [deg]
# name 3 = longitude: Longitude [deg]
# name 4 = dz/dtM: Descent Rate [m/s]
# name 5 = avgsvCM: Average Sound Velocity [Chen-Millero, m/s]
# name 6 = prDM: Pressure, Digiquartz [db]
# name 7 = depSM: Depth [salt water, m]
# name 8 = t090C: Temperature [ITS-90, deg C]
# name 9 = t190C: Temperature, 2 [ITS-90, deg C]
# name 10 = T2-T190C: Temperature Difference, 2 - 1 [ITS-90, deg C]
# name 11 = potemp090C: Potential Temperature [ITS-90, deg C]
# name 12 = potemp190C: Potential Temperature, 2 [ITS-90, deg C]
# name 13 = potemp90Cdiff: Potential Temperature, Diff, 2 - 1 [ITS-90, deg C]
# name 14 = c0S/m: Conductivity [S/m]
# name 15 = c1S/m: Conductivity, 2 [S/m]
# name 16 = C2-C1S/m: Conductivity Difference, 2 - 1 [S/m]
# name 17 = sal00: Salinity, Practical [PSU]
# name 18 = sal11: Salinity, Practical, 2 [PSU]
# name 19 = sbeox0ML/L: Oxygen, SBE 43 [ml/l]
# name 20 = sbeox1ML/L: Oxygen, SBE 43, 2 [ml/l]
# name 21 = sbeox0ML/Ldiff: Oxygen, SBE 43, Diff, 2 - 1 [ml/l]
# name 22 = sigma-้00: Density [sigma-theta, kg/m^3]
# name 23 = sigma-้11: Density, 2 [sigma-theta, kg/m^3]
# name 24 = sal00: Salinity, Practical [PSU]
# name 25 = sigma-้00: Density [sigma-theta, kg/m^3]
# name 26 = svCM: Sound Velocity [Chen-Millero, m/s]
# name 27 = svCM1: Sound Velocity, 2 [Chen-Millero, m/s]
# name 28 = gsw_ptA0: potential temperature [ITS-90, deg C]
# name 29 = gsw_densityA0: density, TEOS-10 [density, kg/m^3]
# name 30 = gsw_saA0: Absolute Salinity [g/kg]
# name 31 = flag:
# span 0 =       2490,      70676       
# span 1 =  16.891444,  16.924326       
# span 2 =  -38.44988,  -38.44984       
# span 3 =  -52.89136,  -52.89132       
# span 4 =     -2.182,      1.603       
# span 5 =      -0.01,    1558.04       
# span 6 =      3.000,   1046.000       
# span 7 =      2.979,   1035.498       
# span 8 =     4.1705,    15.9893       
# span 9 =     4.1707,    15.9897       
# span 10 =    -0.0794,     0.1105      
# span 11 =     4.0901,    15.9677      
# span 12 =     4.0902,    15.9680      
# span 13 =    -0.0792,     0.1101      
# span 14 =   3.252788,   4.494979      
# span 15 =   3.253184,   4.495708      
# span 16 =  -0.008696,   0.012697      
# span 17 =    34.1924,    35.8894      
# span 18 =    34.1972,    35.8954      
# span 19 =     4.6399,     5.8123      
# span 20 =     4.4460,     5.5484      
# span 21 =    -0.3054,    -0.1544      
# span 22 =    26.2302,    27.1745      
# span 23 =    26.2371,    27.1782      
# span 24 =    34.1914,    35.8896      
# span 25 =    26.2305,    27.1744      
# span 26 =    1482.69,    1513.45      
# span 27 =    1482.70,    1513.45      
# span 28 =     4.0899,    15.9677      
# span 29 =  1026.2508,  1031.9848      
# span 30 =    34.3537,    36.0591      
# span 31 = 0.0000e+00, 0.0000e+00      
# interval = decibars: 1                
# start_time = Jan 16 2019 21:21:57 [NMEA time, header]
# bad_flag = -9.990e-29
*END*
[from data line 1814]
      54834  16.916686  -38.44986  -52.89134     -1.097    1497.38    270.000    267.794    14.8861    14.8850    -0.0011    14.8451    14.8440    -0.0011   4.362621   4.363013   0.000516    35.6366    35.6424     5.0772     4.8929    -0.1843    26.4971    26.5018    35.6408    26.5003    1511.54    1511.54    14.8451  1027.6900    35.8093 0.0000e+00
      54871  16.916704  -38.44986  -52.89134     -0.659    1497.38    269.000    266.803    14.8883    14.8859    -0.0024    14.8474    14.8451    -0.0024   4.362548   4.363272   0.000761    35.6345    35.6436     5.0867     4.8917    -0.1950    26.4970    26.5025    35.6386    26.4981    1511.52    1511.53    14.8474  1027.6833    35.8070 0.0000e+00
      54906  16.916721  -38.44986  -52.89134     -0.661    1497.38    268.000    265.813    14.9068    14.8984    -0.0083    14.8660    14.8577    -0.0083   4.365308   4.364981  -0.000290    35.6429    35.6478     5.0857     4.8720    -0.2137    26.4973    26.5030    35.6473    26.5007    1511.57    1511.55    14.8661  1027.6815    35.8158 0.0000e+00
      54935  16.916735  -38.44986  -52.89134     -0.787    1497.38    267.000    264.818    14.9279    14.9283     0.0004    14.8872    14.8877     0.0004   4.367875   4.368694   0.000687    35.6489    35.6548     5.0897     4.8806    -0.2092    26.4973    26.5018    35.6519    26.4996    1511.63    1511.64    14.8873  1027.6760    35.8205 0.0000e+00
      54958  16.916746  -38.44986  -52.89134     -0.937    1497.38    266.000    263.829    14.9272    14.9510     0.0238    14.8867    14.9105     0.0238   4.368148   4.371993   0.003628    35.6493    35.6608     5.0830     4.8870    -0.1959    26.4978    26.5013    35.6554    26.5025    1511.62    1511.71    14.8867  1027.6744    35.8240 0.0000e+00
      54977  16.916755  -38.44986  -52.89134     -1.115    1497.38    265.000    262.838    14.9639    14.9872     0.0234    14.9235    14.9468     0.0233   4.372652   4.376014   0.003499    35.6573    35.6680     5.0764     4.8835    -0.1929    26.4958    26.4989    35.6635    26.5006    1511.72    1511.81    14.9235  1027.6680    35.8321 0.0000e+00
      54995  16.916764  -38.44986  -52.89134     -1.267    1497.38    264.000    261.846    14.9873    14.9878     0.0005    14.9470    14.9476     0.0005   4.375254   4.375480   0.000537    35.6617    35.6661     5.0847     4.8855    -0.1993    26.4940    26.4973    35.6663    26.4976    1511.79    1511.79    14.9470  1027.6605    35.8349 0.0000e+00
      55013  16.916773  -38.44986  -52.89132     -1.340    1497.38    263.000    260.856    14.9883    14.9794    -0.0089    14.9481    14.9392    -0.0089   4.374912   4.374402  -0.000512    35.6607    35.6641     5.0958     4.8911    -0.2047    26.4930    26.4976    35.6627    26.4946    1511.77    1511.74    14.9482  1027.6530    35.8313 0.0000e+00
      55031  16.916782  -38.44986  -52.89132     -1.335    1497.38    262.000    259.864    14.9805    14.9726    -0.0079    14.9405    14.9327    -0.0079   4.373849   4.373462  -0.000373    35.6586    35.6624     5.1013     4.8981    -0.2031    26.4930    26.4977    35.6605    26.4945    1511.72    1511.70    14.9406  1027.6487    35.8291 0.0000e+00
      55051  16.916791  -38.44986  -52.89133     -1.269    1497.38    261.000    258.873    14.9746    14.9718    -0.0028    14.9349    14.9321    -0.0028   4.373023   4.373405   0.000350    35.6570    35.6627     5.0972     4.8985    -0.1987    26.4930    26.4981    35.6587    26.4944    1511.69    1511.69    14.9349  1027.6442    35.8273 0.0000e+00
      55072  16.916801  -38.44986  -52.89134     -1.182    1497.38    260.000    257.882    14.9720    14.9719    -0.0001    14.9323    14.9322    -0.0001   4.372667   4.373402   0.000690    35.6565    35.6629     5.0874     4.8902    -0.1972    26.4932    26.4982    35.6583    26.4947    1511.66    1511.67    14.9324  1027.6401    35.8269 0.0000e+00
      55094  16.916812  -38.44986  -52.89134     -1.126    1497.38    259.000    256.890    14.9751    14.9891     0.0140    14.9356    14.9496     0.0140   4.373219   4.375895   0.002509    35.6583    35.6684     5.0894     4.8778    -0.2116    26.4939    26.4986    35.6609    26.4959    1511.66    1511.71    14.9356  1027.6370    35.8295 0.0000e+00
      55115  16.916822  -38.44986  -52.89134     -1.108    1497.38    258.000    255.899    14.9919    15.0111     0.0191    14.9526    14.9717     0.0191   4.375927   4.379104   0.003102    35.6646    35.6755     5.0914     4.8847    -0.2067    26.4951    26.4992    35.6707    26.4997    1511.70    1511.78    14.9526  1027.6363    35.8393 0.0000e+00
      55141  16.916834  -38.44986  -52.89134     -1.060    1497.38    257.000    254.911    15.0254    15.0407     0.0153    14.9862    15.0014     0.0153   4.379966   4.382366   0.002555    35.6728    35.6821     5.0907     4.8935    -0.1972    26.4939    26.4978    35.6774    26.4975    1511.80    1511.86    14.9862  1027.6295    35.8461 0.0000e+00
      55203  16.916864  -38.44985  -52.89134     -0.228    1497.38    256.000    253.906    15.0697    15.0654    -0.0043    15.0305    15.0263    -0.0043   4.385533   4.385669   0.000128    35.6846    35.6897     5.0904     4.8880    -0.2024    26.4933    26.4981    35.6882    26.4960    1511.94    1511.93    15.0306  1027.6234    35.8569 0.0000e+00
      55237  16.916881  -38.44986  -52.89134     -0.635    1497.38    255.000    252.924    15.0727    15.0761     0.0034    15.0337    15.0370     0.0034   4.385771   4.386888   0.001105    35.6853    35.6924     5.0961     4.8890    -0.2071    26.4931    26.4978    35.6880    26.4952    1511.93    1511.95    15.0337  1027.6182    35.8567 0.0000e+00
      55257  16.916891  -38.44986  -52.89134     -0.932    1497.38    254.000    251.934    15.0689    15.0806     0.0117    15.0300    15.0417     0.0117   4.384967   4.387480   0.002270    35.6840    35.6940     5.0951     4.8912    -0.2039    26.4929    26.4981    35.6846    26.4934    1511.90    1511.95    15.0300  1027.6121    35.8533 0.0000e+00
      55275  16.916899  -38.44986  -52.89134     -1.191    1497.38    253.000    250.943    15.0778    15.0924     0.0146    15.0391    15.0537     0.0146   4.386686   4.388944   0.002372    35.6882    35.6965     5.0860     4.8904    -0.1956    26.4941    26.4973    35.6925    26.4974    1511.92    1511.97    15.0391  1027.6117    35.8612 0.0000e+00
      55292  16.916907  -38.44986  -52.89134     -1.351    1497.38    252.000    249.951    15.0907    15.1028     0.0121    15.0521    15.0642     0.0120   4.388015   4.390116   0.002094    35.6902    35.6983     5.0821     4.8909    -0.1912    26.4927    26.4964    35.6933    26.4951    1511.94    1511.99    15.0522  1027.6049    35.8620 0.0000e+00
      55310  16.916916  -38.44986  -52.89134     -1.392    1497.38    251.000    248.960    15.1013    15.1142     0.0129    15.0629    15.0757     0.0129   4.389233   4.391542   0.002253    35.6917    35.7005     5.0885     4.8846    -0.2040    26.4916    26.4955    35.6951    26.4942    1511.96    1512.01    15.0629  1027.5996    35.8638 0.0000e+00
      55329  16.916925  -38.44986  -52.89134     -1.321    1497.38    250.000    247.969    15.1150    15.1232     0.0082    15.0767    15.0849     0.0082   4.390910   4.392470   0.001641    35.6948    35.7023     5.0920     4.8773    -0.2147    26.4909    26.4948    35.6983    26.4936    1511.99    1512.02    15.0767  1027.5945    35.8671 0.0000e+00
      55355  16.916938  -38.44986  -52.89134     -1.093    1497.38    249.000    246.978    15.1278    15.1283     0.0005    15.0896    15.0901     0.0005   4.392404   4.393015   0.000704    35.6975    35.7034     5.0798     4.8791    -0.2007    26.4901    26.4945    35.7007    26.4926    1512.02    1512.03    15.0896  1027.5891    35.8694 0.0000e+00
      55390  16.916954  -38.44986  -52.89134     -0.730    1497.38    248.000    245.987    15.1468    15.1398    -0.0070    15.1087    15.1017    -0.0070   4.394617   4.394412  -0.000139    35.7009    35.7060     5.0687     4.8772    -0.1915    26.4885    26.4940    35.7039    26.4908    1512.07    1512.05    15.1087  1027.5828    35.8727 0.0000e+00
      55424  16.916971  -38.44986  -52.89134     -0.666    1497.38    247.000    244.995    15.1544    15.1527    -0.0017    15.1165    15.1148    -0.0017   4.395375   4.396001   0.000549    35.7021    35.7087     5.0760     4.8753    -0.2007    26.4877    26.4931    35.7043    26.4893    1512.07    1512.08    15.1165  1027.5770    35.8730 0.0000e+00
      55450  16.916983  -38.44986  -52.89134     -0.840    1497.38    246.000    244.004    15.1553    15.1567     0.0014    15.1175    15.1189     0.0014   4.395399   4.396268   0.000869    35.7024    35.7091     5.0793     4.8797    -0.1996    26.4877    26.4925    35.7041    26.4889    1512.06    1512.07    15.1176  1027.5722    35.8728 0.0000e+00
      55471  16.916994  -38.44986  -52.89134     -1.024    1497.38    245.000    243.013    15.1509    15.1584     0.0076    15.1132    15.1208     0.0076   4.394885   4.396487   0.001581    35.7022    35.7097     5.0857     4.8776    -0.2081    26.4884    26.4925    35.7039    26.4898    1512.03    1512.06    15.1132  1027.5687    35.8726 0.0000e+00
      55491  16.917003  -38.44986  -52.89134     -1.140    1497.38    244.000    242.021    15.1575    15.1600     0.0025    15.1200    15.1225     0.0025   4.395650   4.396600   0.000965    35.7035    35.7100     5.0790     4.8719    -0.2072    26.4880    26.4924    35.7052    26.4893    1512.03    1512.05    15.1200  1027.5638    35.8740 0.0000e+00
      55511  16.917013  -38.44986  -52.89134     -1.203    1497.38    243.000    241.030    15.1590    15.1601     0.0011    15.1217    15.1229     0.0011   4.395749   4.396557   0.000827    35.7038    35.7102     5.0714     4.8649    -0.2065    26.4878    26.4925    35.7051    26.4888    1512.02    1512.03    15.1217  1027.5590    35.8739 0.0000e+00
      55531  16.917023  -38.44986  -52.89134     -1.216    1497.38    242.000    240.039    15.1590    15.1583    -0.0007    15.1219    15.1211    -0.0007   4.395664   4.396188   0.000554    35.7037    35.7094     5.0710     4.8690    -0.2020    26.4877    26.4923    35.7047    26.4885    1512.01    1512.01    15.1219  1027.5543    35.8735 0.0000e+00
      55552  16.917033  -38.44986  -52.89134     -1.180    1497.38    241.000    239.047    15.1583    15.1560    -0.0022    15.1212    15.1190    -0.0022   4.395473   4.395860   0.000396    35.7033    35.7090     5.0719     4.8712    -0.2007    26.4876    26.4924    35.7041    26.4881    1511.99    1511.99    15.1213  1027.5495    35.8729 0.0000e+00
      55574  16.917043  -38.44986  -52.89134     -1.126    1497.38    240.000    238.056    15.1559    15.1551    -0.0008    15.1190    15.1183    -0.0008   4.395112   4.395729   0.000607    35.7026    35.7089     5.0705     4.8719    -0.1987    26.4875    26.4925    35.7034    26.4881    1511.96    1511.97    15.1191  1027.5451    35.8721 0.0000e+00
      55598  16.917055  -38.44986  -52.89134     -1.052    1497.38    239.000    237.065    15.1550    15.1556     0.0006    15.1183    15.1189     0.0006   4.394962   4.395711   0.000749    35.7026    35.7089     5.0586     4.8650    -0.1935    26.4877    26.4924    35.7032    26.4881    1511.94    1511.95    15.1184  1027.5407    35.8720 0.0000e+00
      55628  16.917069  -38.44986  -52.89134     -0.861    1497.38    238.000    236.076    15.1547    15.1542    -0.0004    15.1181    15.1177    -0.0004   4.394839   4.395491   0.000676    35.7022    35.7087     5.0594     4.8587    -0.2007    26.4874    26.4925    35.7028    26.4879    1511.92    1511.93    15.1181  1027.5361    35.8716 0.0000e+00
      55663  16.917086  -38.44986  -52.89134     -0.691    1497.38    237.000    235.080    15.1621    15.1560    -0.0061    15.1257    15.1196    -0.0061   4.395774   4.395749  -0.000007    35.7038    35.7093     5.0516     4.8583    -0.1933    26.4869    26.4925    35.7050    26.4879    1511.93    1511.92    15.1257  1027.5317    35.8738 0.0000e+00
      55692  16.917100  -38.44986  -52.89134     -0.760    1497.38    236.000    234.091    15.1695    15.1691    -0.0004    15.1332    15.1328    -0.0004   4.396598   4.397334   0.000683    35.7051    35.7117     5.0500     4.8690    -0.1810    26.4863    26.4915    35.7062    26.4871    1511.94    1511.95    15.1332  1027.5265    35.8749 0.0000e+00
      55715  16.917111  -38.44986  -52.89134     -0.945    1497.38    235.000    233.100    15.1708    15.1757     0.0049    15.1347    15.1396     0.0049   4.396716   4.397946   0.001232    35.7054    35.7122     5.0648     4.8705    -0.1943    26.4862    26.4903    35.7064    26.4870    1511.93    1511.95    15.1347  1027.5220    35.8752 0.0000e+00
      55737  16.917122  -38.44986  -52.89134     -1.082    1497.38    234.000    232.108    15.1739    15.1784     0.0045    15.1380    15.1424     0.0045   4.397002   4.398209   0.001200    35.7057    35.7126     5.0585     4.8762    -0.1823    26.4857    26.4900    35.7066    26.4864    1511.92    1511.95    15.1380  1027.5171    35.8754 0.0000e+00
      55761  16.917134  -38.44986  -52.89134     -1.054    1497.38    233.000    231.117    15.1806    15.1795    -0.0011    15.1448    15.1437    -0.0011   4.397910   4.398291   0.000513    35.7072    35.7129     5.0549     4.8786    -0.1763    26.4853    26.4899    35.7092    26.4869    1511.93    1511.93    15.1448  1027.5131    35.8780 0.0000e+00
      55788  16.917147  -38.44986  -52.89134     -0.921    1497.38    232.000    230.125    15.2053    15.1842    -0.0211    15.1696    15.1486    -0.0210   4.401044   4.398991  -0.001894    35.7124    35.7143     5.0623     4.8636    -0.1988    26.4838    26.4900    35.7156    26.4863    1512.00    1511.93    15.1696  1027.5081    35.8844 0.0000e+00
      55819  16.917161  -38.44986  -52.89134     -0.812    1497.38    231.000    229.134    15.2393    15.2115    -0.0278    15.2037    15.1760    -0.0278   4.405162   4.402534  -0.002609    35.7187    35.7203     5.0709     4.8524    -0.2185    26.4811    26.4885    35.7224    26.4839    1512.10    1512.01    15.2037  1027.5012    35.8913 0.0000e+00
      55847  16.917175  -38.44986  -52.89134     -0.819    1497.38    230.000    228.143    15.2650    15.2551    -0.0099    15.2295    15.2197    -0.0099   4.408231   4.408023  -0.000378    35.7237    35.7293     5.0686     4.8510    -0.2175    26.4792    26.4857    35.7273    26.4820    1512.17    1512.14    15.2295  1027.4947    35.8962 0.0000e+00
      55874  16.917188  -38.44986  -52.89134     -0.883    1497.38    229.000    227.151    15.2799    15.2820     0.0020    15.2446    15.2466     0.0020   4.409991   4.410897   0.000911    35.7269    35.7333     5.0723     4.8622    -0.2100    26.4783    26.4828    35.7301    26.4807    1512.20    1512.21    15.2446  1027.4890    35.8990 0.0000e+00
      55900  16.917201  -38.44986  -52.89134     -0.895    1497.38    228.000    226.160    15.2864    15.2833    -0.0030    15.2512    15.2481    -0.0030   4.410661   4.411028   0.000345    35.7282    35.7341     5.0717     4.8735    -0.1983    26.4778    26.4830    35.7307    26.4798    1512.20    1512.20    15.2512  1027.4837    35.8996 0.0000e+00
      55927  16.917214  -38.44986  -52.89134     -0.904    1497.38    227.000    225.169    15.2943    15.2943    -0.0000    15.2592    15.2592    -0.0000   4.411645   4.412272   0.000662    35.7302    35.7362     5.0766     4.8769    -0.1997    26.4775    26.4822    35.7328    26.4796    1512.22    1512.22    15.2593  1027.4791    35.9017 0.0000e+00
