Pos-Processados/process_op38/operantar38_023.cnv
* Sea-Bird SBE 9 Data File:
* FileName = D:\OPERANTAR_XXXVIII\DADOS\OP38_023.hdr
* Software Version Seasave V 7.18c
* Temperature SN = 4808
* Conductivity SN = 3380
* Number of Bytes Per Scan = 34
* Number of Voltage Words = 3
* Number of Scans Averaged by the Deck Unit = 1
* NMEA Latitude = 62 12.78 S
* NMEA Longitude = 058 20.56 W
* NMEA UTC (Time) = Nov 22 2019 18:35:31
** H41
** NAVIO POLAR ALMIRANTE MAXIMIANO
** CRUZEIRO:
** OPERANTAR XXXVIII
** ESTAÇÃO: OP38_023
** LAT 62 12,77'S
** LONG 058 20,58'W
** 09P73767-1155_A
** PROFUNDIDADE: 500
** DATA/HORA: 221836Z/NOV2019
** OPERADOR: SO-HN CHAVES
# nquan = 33
# nvalues = 921                         
# units = specified
# name 0 = scan: Scan Count
# name 1 = timeJ: Julian Days
# name 2 = latitude: Latitude [deg]
# name 3 = longitude: Longitude [deg]
# name 4 = dz/dtM: Descent Rate [m/s]
# name 5 = avgsvCM: Average Sound Velocity [Chen-Millero, m/s]
# name 6 = prDM: Pressure, Digiquartz [db]
# name 7 = depSM: Depth [salt water, m]
# name 8 = t090C: Temperature [ITS-90, deg C]
# name 9 = t190C: Temperature, 2 [ITS-90, deg C]
# name 10 = T2-T190C: Temperature Difference, 2 - 1 [ITS-90, deg C]
# name 11 = potemp090C: Potential Temperature [ITS-90, deg C]
# name 12 = potemp190C: Potential Temperature, 2 [ITS-90, deg C]
# name 13 = potemp90Cdiff: Potential Temperature, Diff, 2 - 1 [ITS-90, deg C]
# name 14 = c0S/m: Conductivity [S/m]
# name 15 = c1S/m: Conductivity, 2 [S/m]
# name 16 = C2-C1S/m: Conductivity Difference, 2 - 1 [S/m]
# name 17 = sal00: Salinity, Practical [PSU]
# name 18 = sal11: Salinity, Practical, 2 [PSU]
# name 19 = sbeox0ML/L: Oxygen, SBE 43 [ml/l]
# name 20 = sigma-é00: Density [sigma-theta, kg/m^3]
# name 21 = sigma-é11: Density, 2 [sigma-theta, kg/m^3]
# name 22 = sbox0Mm/Kg: Oxygen, SBE 43 [umol/kg]
# name 23 = oxsolMm/Kg: Oxygen Saturation, Garcia & Gordon [umol/kg]
# name 24 = oxsatMm/Kg: Oxygen Saturation, Weiss [umol/kg]
# name 25 = sal00: Salinity, Practical [PSU]
# name 26 = sigma-é00: Density [sigma-theta, kg/m^3]
# name 27 = svCM: Sound Velocity [Chen-Millero, m/s]
# name 28 = svCM1: Sound Velocity, 2 [Chen-Millero, m/s]
# name 29 = gsw_ptA0: potential temperature [ITS-90, deg C]
# name 30 = gsw_densityA0: density, TEOS-10 [density, kg/m^3]
# name 31 = gsw_saA0: Absolute Salinity [g/kg]
# name 32 = flag:
# span 0 =        268,      32504       
# span 1 = 326.774793, 326.790339       
# span 2 =  -62.21311,  -62.21304       
# span 3 =  -58.34280,  -58.34256       
# span 4 =     -1.315,      0.932       
# span 5 =       0.00,    1454.46       
# span 6 =      2.000,    462.000       
# span 7 =      1.983,    456.989       
# span 8 =    -1.0192,    -0.1856       
# span 9 =    -1.0274,    -0.1860       
# span 10 =    -0.0261,     0.0174      
# span 11 =    -1.0333,    -0.1993      
# span 12 =    -1.0414,    -0.1997      
# span 13 =    -0.0260,     0.0174      
# span 14 =   2.805037,   2.865412      
# span 15 =   2.803308,   2.865780      
# span 16 =  -0.001641,   0.002026      
# span 17 =    34.1682,    34.5289      
# span 18 =    34.1732,    34.5242      
# span 19 =     5.8474,     7.6529      
# span 20 =    27.4474,    27.7731      
# span 21 =    27.4518,    27.7693      
# span 22 =    254.100,    332.645      
# span 23 =  351.08124,  358.71846      
# span 24 =  352.60931,  360.42872      
# span 25 =    34.1671,    34.5557      
# span 26 =    27.4471,    27.7948      
# span 27 =    1446.45,    1454.16      
# span 28 =    1446.46,    1454.17      
# span 29 =    -1.0329,    -0.1991      
# span 30 =  1027.4632,  1030.0064      
# span 31 =    34.3320,    34.7248      
# span 32 = 0.0000e+00, 0.0000e+00      
# interval = decibars: 1                
# start_time = Nov 22 2019 18:35:31 [NMEA time, header]
# bad_flag = -9.990e-29
*END*
[from data line 308]
      10313 326.779637  -62.21310  -58.34278      0.768    1448.47    310.000    306.794    -0.5535    -0.5533     0.0001    -0.5636    -0.5635     0.0001   2.823087   2.823497   0.000412    34.3624    34.3677     6.6244    27.6186    27.6230    287.895  354.79285  356.39229    34.3626    27.6188    1450.77    1450.77    -0.5634  1029.1032    34.5305 0.0000e+00
      10344 326.779652  -62.21311  -58.34278      0.771    1448.47    311.000    307.783    -0.5515    -0.5512     0.0004    -0.5617    -0.5614     0.0004   2.823484   2.823940   0.000451    34.3643    34.3700     6.6114    27.6201    27.6247    287.329  354.76964  356.36878    34.3651    27.6208    1450.80    1450.80    -0.5615  1029.1099    34.5331 0.0000e+00
      10374 326.779667  -62.21310  -58.34278      0.788    1448.47    312.000    308.772    -0.5476    -0.5471     0.0005    -0.5578    -0.5574     0.0005   2.824015   2.824460   0.000447    34.3668    34.3723     6.6003    27.6219    27.6264    286.847  354.72570  356.32412    34.3672    27.6223    1450.83    1450.84    -0.5576  1029.1161    34.5351 0.0000e+00
      10403 326.779681  -62.21310  -58.34278      0.820    1448.47    313.000    309.760    -0.5471    -0.5468     0.0003    -0.5574    -0.5571     0.0003   2.824195   2.824630   0.000423    34.3676    34.3729     6.5932    27.6226    27.6268    286.540  354.71940  356.31778    34.3685    27.6233    1450.85    1450.86    -0.5572  1029.1219    34.5365 0.0000e+00
      10432 326.779695  -62.21310  -58.34278      0.833    1448.47    314.000    310.749    -0.5326    -0.5315     0.0011    -0.5429    -0.5419     0.0011   2.825769   2.826280   0.000503    34.3710    34.3766     6.5934    27.6247    27.6292    286.543  354.57371  356.16916    34.3725    27.6260    1450.94    1450.96    -0.5427  1029.1291    34.5405 0.0000e+00
      10462 326.779709  -62.21310  -58.34278      0.805    1448.47    315.000    311.738    -0.5299    -0.5296     0.0003    -0.5403    -0.5400     0.0003   2.825997   2.826454   0.000462    34.3713    34.3772     6.5823    27.6248    27.6295    286.061  354.54852  356.14343    34.3720    27.6254    1450.97    1450.98    -0.5401  1029.1333    34.5400 0.0000e+00
      10495 326.779725  -62.21310  -58.34278      0.752    1448.47    316.000    312.727    -0.5261    -0.5274    -0.0012    -0.5366    -0.5378    -0.0012   2.826486   2.826777   0.000298    34.3725    34.3779     6.5600    27.6256    27.6300    285.092  354.50978  356.10395    34.3737    27.6266    1451.01    1451.01    -0.5364  1029.1392    34.5417 0.0000e+00
      10529 326.779741  -62.21310  -58.34278      0.718    1448.47    317.000    313.716    -0.5224    -0.5216     0.0008    -0.5329    -0.5321     0.0007   2.826859   2.827329   0.000478    34.3729    34.3785     6.5468    27.6258    27.6303    284.519  354.47325  356.06664    34.3738    27.6265    1451.04    1451.05    -0.5327  1029.1438    34.5418 0.0000e+00
      10563 326.779758  -62.21310  -58.34278      0.703    1448.47    318.000    314.705    -0.5192    -0.5200    -0.0008    -0.5298    -0.5306    -0.0008   2.827195   2.827529   0.000324    34.3736    34.3788     6.5302    27.6262    27.6305    283.797  354.44234  356.03510    34.3742    27.6267    1451.07    1451.07    -0.5295  1029.1487    34.5422 0.0000e+00
      10595 326.779773  -62.21310  -58.34278      0.729    1448.47    319.000    315.694    -0.5213    -0.5210     0.0003    -0.5319    -0.5315     0.0003   2.827070   2.827494   0.000431    34.3737    34.3791     6.5343    27.6264    27.6307    283.978  354.46116  356.05436    34.3742    27.6268    1451.08    1451.09    -0.5317  1029.1536    34.5422 0.0000e+00
      10627 326.779789  -62.21310  -58.34278      0.751    1448.47    320.000    316.683    -0.5198    -0.5198    -0.0000    -0.5304    -0.5304    -0.0000   2.827229   2.827623   0.000383    34.3737    34.3789     6.5357    27.6264    27.6305    284.038  354.44697  356.03986    34.3741    27.6266    1451.10    1451.11    -0.5302  1029.1581    34.5421 0.0000e+00
      10658 326.779804  -62.21310  -58.34278      0.771    1448.47    321.000    317.672    -0.5189    -0.5181     0.0009    -0.5296    -0.5287     0.0009   2.827370   2.827860   0.000485    34.3738    34.3793     6.5211    27.6263    27.6308    283.405  354.43902  356.03173    34.3744    27.6268    1451.12    1451.14    -0.5294  1029.1631    34.5424 0.0000e+00
      10690 326.779819  -62.21310  -58.34278      0.766    1448.47    322.000    318.661    -0.5154    -0.5175    -0.0020    -0.5261    -0.5281    -0.0021   2.827703   2.827929   0.000224    34.3739    34.3792     6.5227    27.6263    27.6307    283.474  354.40551  355.99747    34.3742    27.6266    1451.16    1451.15    -0.5259  1029.1675    34.5422 0.0000e+00
      10722 326.779835  -62.21310  -58.34278      0.740    1448.47    323.000    319.649    -0.5183    -0.5173     0.0010    -0.5290    -0.5280     0.0010   2.827552   2.828038   0.000493    34.3742    34.3797     6.5358    27.6267    27.6311    284.040  354.43177  356.02437    34.3749    27.6272    1451.16    1451.17    -0.5288  1029.1730    34.5429 0.0000e+00
      10755 326.779850  -62.21310  -58.34278      0.731    1448.47    324.000    320.638    -0.5153    -0.5143     0.0010    -0.5261    -0.5251     0.0010   2.827836   2.828329   0.000490    34.3744    34.3798     6.5240    27.6267    27.6310    283.530  354.40366  355.99563    34.3747    27.6270    1451.19    1451.20    -0.5259  1029.1774    34.5427 0.0000e+00
      10785 326.779865  -62.21310  -58.34278      0.768    1448.47    325.000    321.627    -0.5095    -0.5085     0.0010    -0.5203    -0.5193     0.0010   2.828518   2.829014   0.000472    34.3751    34.3803     6.5237    27.6270    27.6311    283.517  354.34739  355.93816    34.3767    27.6283    1451.23    1451.25    -0.5201  1029.1835    34.5447 0.0000e+00
      10816 326.779880  -62.21310  -58.34278      0.794    1448.47    326.000    322.616    -0.4979    -0.4954     0.0025    -0.5088    -0.5063     0.0025   2.829499   2.830094   0.000600    34.3752    34.3804     6.5352    27.6266    27.6307    284.014  354.23925  355.82757    34.3762    27.6273    1451.30    1451.32    -0.5086  1029.1871    34.5442 0.0000e+00
      10848 326.779895  -62.21310  -58.34278      0.753    1448.47    327.000    323.605    -0.4903    -0.4910    -0.0007    -0.5013    -0.5020    -0.0007   2.830281   2.830625   0.000346    34.3759    34.3813     6.5232    27.6268    27.6312    283.493  354.16639  355.75314    34.3775    27.6281    1451.36    1451.36    -0.5011  1029.1925    34.5455 0.0000e+00
      10880 326.779911  -62.21310  -58.34278      0.740    1448.47    328.000    324.594    -0.4868    -0.4846     0.0022    -0.4978    -0.4956     0.0022   2.830615   2.831261   0.000624    34.3761    34.3820     6.5175    27.6268    27.6315    283.245  354.13260  355.71860    34.3773    27.6278    1451.39    1451.41    -0.4976  1029.1969    34.5453 0.0000e+00
      10910 326.779925  -62.21310  -58.34278      0.788    1448.47    329.000    325.582    -0.4735    -0.4729     0.0006    -0.4846    -0.4839     0.0006   2.831954   2.832354   0.000431    34.3778    34.3829     6.5165    27.6276    27.6317    283.202  354.00430  355.58758    34.3797    27.6291    1451.47    1451.48    -0.4844  1029.2028    34.5477 0.0000e+00
      10939 326.779939  -62.21310  -58.34278      0.836    1448.47    330.000    326.571    -0.4701    -0.4713    -0.0011    -0.4813    -0.4824    -0.0011   2.832311   2.832629   0.000328    34.3786    34.3842     6.5179    27.6280    27.6327    283.264  353.97093  355.55355    34.3801    27.6292    1451.51    1451.51    -0.4810  1029.2077    34.5481 0.0000e+00
      10968 326.779953  -62.21310  -58.34278      0.821    1448.47    331.000    327.560    -0.4683    -0.4678     0.0005    -0.4795    -0.4790     0.0005   2.832509   2.833011   0.000505    34.3791    34.3852     6.5043    27.6283    27.6334    282.674  353.95288  355.53514    34.3800    27.6291    1451.53    1451.54    -0.4793  1029.2123    34.5481 0.0000e+00
      11000 326.779969  -62.21310  -58.34279      0.761    1448.47    332.000    328.549    -0.4730    -0.4726     0.0003    -0.4842    -0.4838     0.0003   2.832035   2.832571   0.000499    34.3788    34.3851     6.4982    27.6283    27.6334    282.409  353.99678  355.58000    34.3784    27.6280    1451.52    1451.53    -0.4840  1029.2177    34.5485 0.0000e+00
      11032 326.779984  -62.21310 -9.990e-29      0.758    1448.47    333.000    329.538    -0.4834    -0.4863    -0.0029    -0.4946    -0.4975    -0.0029   2.831281   2.831397   0.000149    34.3794    34.3847     6.4993    27.6293    27.6337    282.456  354.09222  355.67769    34.3794    27.6293    1451.49    1451.48    -0.4944  1029.2242    34.5500 0.0000e+00
      11062 326.779998  -62.21310 -9.990e-29      0.789    1448.47    334.000    330.527    -0.4940    -0.4921     0.0019    -0.5052    -0.5033     0.0019   2.830327   2.830888   0.000568    34.3788    34.3842     6.4836    27.6293    27.6336    281.774  354.19289  355.78057    34.3780    27.6287    1451.46    1451.47    -0.5050  1029.2284    34.5485 0.0000e+00
      11091 326.780013  -62.21310  -58.34278      0.816    1448.47    335.000    331.515    -0.5012    -0.5011    -0.0000    -0.5124    -0.5124     0.0000   2.829728   2.830139   0.000410    34.3788    34.3843     6.4821    27.6296    27.6341    281.707  354.25915  355.84835    34.3774    27.6285    1451.44    1451.45    -0.5122  1029.2320    34.5466 0.0000e+00
      11121 326.780027  -62.21310  -58.34278      0.811    1448.47    336.000    332.504    -0.5093    -0.5091     0.0002    -0.5205    -0.5203     0.0002   2.829208   2.829629   0.000428    34.3795    34.3850     6.4956    27.6305    27.6350    282.295  354.33325  355.92421    34.3791    27.6302    1451.42    1451.43    -0.5203  1029.2376    34.5471 0.0000e+00
      11152 326.780042  -62.21310  -58.34278      0.788    1448.47    337.000    333.493    -0.5103    -0.5103     0.0000    -0.5216    -0.5216    -0.0000   2.829215   2.829624   0.000413    34.3802    34.3857     6.5042    27.6312    27.6356    282.666  354.34093  355.93215    34.3797    27.6308    1451.43    1451.44    -0.5214  1029.2429    34.5478 0.0000e+00
      11183 326.780057  -62.21310  -58.34278      0.771    1448.47    338.000    334.482    -0.5120    -0.5118     0.0002    -0.5233    -0.5231     0.0002   2.829196   2.829618   0.000417    34.3814    34.3868     6.5226    27.6322    27.6366    283.466  354.35323  355.94487    34.3807    27.6317    1451.44    1451.45    -0.5231  1029.2486    34.5488 0.0000e+00
      11213 326.780071  -62.21310  -58.34278      0.786    1448.47    339.000    335.470    -0.5151    -0.5149     0.0002    -0.5264    -0.5262     0.0002   2.829128   2.829551   0.000419    34.3832    34.3885     6.5164    27.6338    27.6381    283.198  354.37714  355.96953    34.3827    27.6335    1451.45    1451.45    -0.5262  1029.2551    34.5508 0.0000e+00
      11243 326.780086  -62.21310  -58.34278      0.799    1448.47    340.000    336.459    -0.5081    -0.5076     0.0005    -0.5195    -0.5190     0.0005   2.830042   2.830457   0.000432    34.3850    34.3903     6.5088    27.6350    27.6392    282.865  354.30665  355.89766    34.3865    27.6361    1451.50    1451.51    -0.5193  1029.2625    34.5545 0.0000e+00
      11275 326.780101  -62.21310  -58.34278      0.767    1448.47    341.000    337.448    -0.4920    -0.4912     0.0007    -0.5034    -0.5027     0.0007   2.831509   2.832025   0.000498    34.3872    34.3930     6.5076    27.6360    27.6407    282.815  354.15035  355.73804    34.3873    27.6361    1451.59    1451.60    -0.5032  1029.2670    34.5554 0.0000e+00
      11308 326.780117  -62.21310  -58.34278      0.731    1448.47    342.000    338.437    -0.5025    -0.5027    -0.0002    -0.5140    -0.5142    -0.0002   2.830760   2.831132   0.000373    34.3885    34.3938     6.5128    27.6376    27.6418    283.038  354.24461  355.83462    34.3886    27.6376    1451.56    1451.57    -0.5137  1029.2733    34.5566 0.0000e+00
      11339 326.780132  -62.21310  -58.34278      0.757    1448.47    343.000    339.425    -0.4924    -0.4926    -0.0002    -0.5039    -0.5041    -0.0002   2.832080   2.832474   0.000398    34.3928    34.3983     6.4812    27.6406    27.6451    281.664  354.13843  355.72651    34.3942    27.6417    1451.63    1451.64    -0.5037  1029.2821    34.5623 0.0000e+00
      11368 326.780146  -62.21310  -58.34278      0.815    1448.47    344.000    340.415    -0.4843    -0.4842     0.0001    -0.4959    -0.4958     0.0001   2.832937   2.833388   0.000448    34.3950    34.4009     6.4652    27.6420    27.6467    280.968  354.05743  355.64393    34.3960    27.6428    1451.69    1451.70    -0.4957  1029.2878    34.5641 0.0000e+00
      11396 326.780160  -62.21310  -58.34278      0.836    1448.47    345.000    341.403    -0.4797    -0.4794     0.0003    -0.4914    -0.4910     0.0003   2.833538   2.833976   0.000435    34.3972    34.4027     6.4568    27.6436    27.6480    280.604  354.00830  355.59395    34.3982    27.6444    1451.73    1451.74    -0.4911  1029.2941    34.5664 0.0000e+00
      11427 326.780174  -62.21310  -58.34278      0.810    1448.47    346.000    342.392    -0.4775    -0.4775    -0.0000    -0.4892    -0.4892    -0.0000   2.833819   2.834202   0.000397    34.3981    34.4034     6.4273    27.6442    27.6485    279.320  353.98540  355.57062    34.3989    27.6448    1451.76    1451.76    -0.4890  1029.2993    34.5670 0.0000e+00
      11458 326.780189  -62.21310  -58.34278      0.776    1448.47    347.000    343.381    -0.4749    -0.4753    -0.0004    -0.4867    -0.4871    -0.0004   2.834190   2.834541   0.000344    34.3996    34.4047     6.4064    27.6453    27.6495    278.415  353.95704  355.54179    34.4004    27.6459    1451.79    1451.79    -0.4864  1029.3050    34.5685 0.0000e+00
      11488 326.780204  -62.21310  -58.34278      0.780    1448.49    348.000    344.369    -0.4742    -0.4739     0.0003    -0.4860    -0.4857     0.0003   2.834352   2.834787   0.000445    34.4003    34.4059     6.3942    27.6458    27.6504    277.884  353.94831  355.53294    34.4010    27.6464    1451.81    1451.82    -0.4858  1029.3103    34.5692 0.0000e+00
      11517 326.780218  -62.21310  -58.34278      0.812    1448.86    349.000    345.358    -0.4697    -0.4702    -0.0004    -0.4816    -0.4820    -0.0004   2.834965   2.835329   0.000359    34.4029    34.4081     6.3801    27.6477    27.6520    277.268  353.89987  355.48370    34.4037    27.6484    1451.85    1451.85    -0.4813  1029.3169    34.5718 0.0000e+00
      11547 326.780233  -62.21310  -58.34278      0.810    1448.86    350.000    346.347    -0.4701    -0.4701     0.0000    -0.4820    -0.4820     0.0000   2.835020   2.835428   0.000407    34.4037    34.4092     6.3801    27.6484    27.6528    277.271  353.90103  355.48498    34.4042    27.6488    1451.86    1451.87    -0.4818  1029.3221    34.5724 0.0000e+00
      11579 326.780248  -62.21310  -58.34278      0.762    1448.86    351.000    347.335    -0.4713    -0.4712     0.0001    -0.4832    -0.4831     0.0001   2.835095   2.835526   0.000426    34.4056    34.4112     6.3697    27.6500    27.6545    276.817  353.90669  355.49099    34.4059    27.6503    1451.88    1451.89    -0.4830  1029.3283    34.5741 0.0000e+00
      11611 326.780263  -62.21310  -58.34278      0.746    1448.86    352.000    348.324    -0.4754    -0.4756    -0.0001    -0.4873    -0.4875    -0.0001   2.834848   2.835251   0.000409    34.4070    34.4126     6.3658    27.6513    27.6559    276.646  353.94132  355.52657    34.4067    27.6511    1451.88    1451.88    -0.4871  1029.3339    34.5749 0.0000e+00
