Pos-Processados/process_op38/operantar38_012.ros
* Sea-Bird SBE 9 Data File:
* FileName = D:\OPERANTAR_XXXVIII\DADOS\OP38_012.hdr
* Software Version Seasave V 7.18c
* Temperature SN = 4808
* Conductivity SN = 3380
* Number of Bytes Per Scan = 31
* Number of Voltage Words = 2
* Number of Scans Averaged by the Deck Unit = 1
* NMEA Latitude = 43 26.50 S
* NMEA Longitude = 053 36.73 W
* NMEA UTC (Time) = Oct 20 2019 19:38:05
** H41
** NAVIO POLAR ALMIRANTE MAXIMIANO
** CRUZEIRO:
** OPERANTAR XXXVIII
** ESTAÇÃO: OP38_012
** LAT 43 26,49' S
** LONG 053 36,73'  W
** 09P73767-1155
** PROFUNDIDADE: 5647
** DATA/HORA: 201939Z/OUT/2019
** OPERADOR: SO-HN CHAVES
# nquan = 24
# nvalues = 2234                                  
# units = specified
# name 0 = scan: Scan Count
# name 1 = timeJ: Julian Days
# name 2 = latitude: Latitude [deg]
# name 3 = longitude: Longitude [deg]
# name 4 = dz/dtM: Descent Rate [m/s]
# name 5 = avgsvCM: Average Sound Velocity [Chen-Millero, m/s]
# name 6 = prDM: Pressure, Digiquartz [db]
# name 7 = depSM: Depth [salt water, m]
# name 8 = t090C: Temperature [ITS-90, deg C]
# name 9 = t190C: Temperature, 2 [ITS-90, deg C]
# name 10 = T2-T190C: Temperature Difference, 2 - 1 [ITS-90, deg C]
# name 11 = potemp090C: Potential Temperature [ITS-90, deg C]
# name 12 = potemp190C: Potential Temperature, 2 [ITS-90, deg C]
# name 13 = potemp90Cdiff: Potential Temperature, Diff, 2 - 1 [ITS-90, deg C]
# name 14 = c0S/m: Conductivity [S/m]
# name 15 = c1S/m: Conductivity, 2 [S/m]
# name 16 = C2-C1S/m: Conductivity Difference, 2 - 1 [S/m]
# name 17 = sal00: Salinity, Practical [PSU]
# name 18 = sal11: Salinity, Practical, 2 [PSU]
# name 19 = sbeox0ML/L: Oxygen, SBE 43 [ml/l]
# name 20 = sigma-é00: Density [sigma-theta, kg/m^3]
# name 21 = sigma-é11: Density, 2 [sigma-theta, kg/m^3]
# name 22 = nbf: Bottles Fired
# name 23 = flag:  0.000e+00
# interval = seconds: 0.0416667
# start_time = Oct 20 2019 19:38:05 [NMEA time, header]
# bad_flag = -9.990e-29
*END*
[from data line 1510]
      62344 293.848179  -43.44174  -53.61228     -0.012    1476.15     15.032     14.912     9.4518     9.4535     0.0017     9.4502     9.4519     0.0017   3.675402   3.676168   0.000765    34.1456    34.1519     6.7194    26.3764    26.3810          9  0.000e+00
      62345 293.848179  -43.44174  -53.61228     -0.008    1476.15     15.128     15.007     9.4513     9.4530     0.0016     9.4497     9.4513     0.0016   3.675369   3.676161   0.000792    34.1457    34.1523     6.7195    26.3766    26.3815          9  0.000e+00
      62346 293.848179  -43.44174  -53.61228     -0.009    1476.15     15.046     14.925     9.4518     9.4529     0.0010     9.4502     9.4512     0.0010   3.675409   3.676174   0.000765    34.1457    34.1526     6.7192    26.3765    26.3817          9  0.000e+00
      62347 293.848180  -43.44174  -53.61228     -0.008    1476.15     15.128     15.007     9.4518     9.4532     0.0014     9.4502     9.4515     0.0014   3.675469   3.676142   0.000673    34.1463    34.1519     6.7192    26.3769    26.3811          9  0.000e+00
      62348 293.848180  -43.44174  -53.61228     -0.011    1476.15     15.032     14.912     9.4520     9.4530     0.0010     9.4504     9.4514     0.0010   3.675462   3.676142   0.000680    34.1460    34.1521     6.7190    26.3767    26.3813          9  0.000e+00
      62349 293.848181  -43.44174  -53.61228     -0.010    1476.15     15.101     14.980     9.4523     9.4533     0.0010     9.4507     9.4516     0.0010   3.675462   3.676206   0.000744    34.1457    34.1525     6.7188    26.3764    26.3816          9  0.000e+00
      62350 293.848181  -43.44174  -53.61228     -0.009    1476.15     15.080     14.959     9.4521     9.4529     0.0007     9.4505     9.4512     0.0007   3.675409   3.676168   0.000759    34.1454    34.1525     6.7191    26.3762    26.3816          9  0.000e+00
      62351 293.848182  -43.44174  -53.61228     -0.012    1476.15     15.080     14.959     9.4520     9.4530     0.0010     9.4503     9.4514     0.0010   3.675416   3.676155   0.000739    34.1456    34.1522     6.7190    26.3764    26.3814          9  0.000e+00
      62352 293.848182  -43.44174  -53.61228     -0.002    1476.15     15.149     15.027     9.4518     9.4527     0.0009     9.4502     9.4511     0.0009   3.675402   3.676104   0.000701    34.1456    34.1520     6.7189    26.3764    26.3812          9  0.000e+00
      62353 293.848183  -43.44174  -53.61228     -0.009    1476.15     15.032     14.912     9.4520     9.4527     0.0007     9.4503     9.4511     0.0007   3.675416   3.676091   0.000675    34.1456    34.1519     6.7190    26.3764    26.3812          9  0.000e+00
      62354 293.848183  -43.44174  -53.61228     -0.005    1476.15     15.101     14.980     9.4518     9.4525     0.0006     9.4502     9.4508     0.0006   3.675402   3.676059   0.000657    34.1456    34.1518     6.7189    26.3764    26.3811          9  0.000e+00
      62355 293.848184  -43.44174  -53.61228     -0.008    1476.15     15.032     14.912     9.4516     9.4524     0.0007     9.4500     9.4507     0.0007   3.675409   3.676129   0.000720    34.1459    34.1526     6.7186    26.3766    26.3818          9  0.000e+00
      62356 293.848184  -43.44174  -53.61228     -0.006    1476.15     15.128     15.007     9.4518     9.4525     0.0007     9.4502     9.4509     0.0007   3.675396   3.676136   0.000740    34.1455    34.1525     6.7189    26.3763    26.3817          9  0.000e+00
      62357 293.848185  -43.44174  -53.61228     -0.011    1476.15     14.998     14.878     9.4516     9.4532     0.0016     9.4500     9.4516     0.0016   3.675442   3.676193   0.000751    34.1462    34.1525     6.7185    26.3769    26.3816          9  0.000e+00
      62358 293.848185  -43.44174  -53.61228     -0.005    1476.15     15.183     15.061     9.4520     9.4533     0.0013     9.4503     9.4516     0.0013   3.675436   3.676174   0.000738    34.1457    34.1521     6.7184    26.3765    26.3813          9  0.000e+00
      62359 293.848186  -43.44174  -53.61228     -0.008    1476.15     15.032     14.912     9.4523     9.4529     0.0005     9.4507     9.4512     0.0005   3.675476   3.676149   0.000673    34.1459    34.1524     6.7180    26.3765    26.3815          9  0.000e+00
      62360 293.848186  -43.44174  -53.61228     -0.007    1476.15     15.101     14.980     9.4521     9.4530     0.0009     9.4505     9.4514     0.0009   3.675516   3.676155   0.000639    34.1465    34.1522     6.7178    26.3770    26.3814          9  0.000e+00
      62361 293.848187  -43.44174  -53.61228     -0.005    1476.15     15.080     14.960     9.4526     9.4529     0.0002     9.4510     9.4512     0.0002   3.675529   3.676123   0.000594    34.1461    34.1521     6.7174    26.3767    26.3813          9  0.000e+00
      62362 293.848187  -43.44174  -53.61228     -0.004    1476.15     15.080     14.960     9.4530     9.4530     0.0001     9.4513     9.4514     0.0001   3.675502   3.676149   0.000646    34.1455    34.1522     6.7171    26.3762    26.3813          9  0.000e+00
      62363 293.848188  -43.44174  -53.61228     -0.001    1476.15     15.101     14.980     9.4526     9.4526     0.0000     9.4510     9.4510     0.0000   3.675482   3.676149   0.000666    34.1457    34.1525     6.7169    26.3763    26.3817          9  0.000e+00
      62364 293.848188  -43.44174  -53.61228     -0.007    1476.15     15.032     14.912     9.4527     9.4532     0.0005     9.4510     9.4515     0.0005   3.675542   3.676129   0.000587    34.1463    34.1518     6.7165    26.3768    26.3810          9  0.000e+00
      62365 293.848189  -43.44174  -53.61228     -0.002    1476.15     15.101     14.980     9.4526     9.4529     0.0002     9.4510     9.4512     0.0002   3.675509   3.676091   0.000582    34.1459    34.1517     6.7162    26.3765    26.3810          9  0.000e+00
      62366 293.848189  -43.44174  -53.61228     -0.005    1476.15     15.033     14.912     9.4525     9.4532     0.0007     9.4508     9.4515     0.0007   3.675469   3.676117   0.000648    34.1457    34.1517     6.7158    26.3764    26.3809          9  0.000e+00
      62367 293.848190  -43.44174  -53.61228     -0.003    1476.15     15.128     15.007     9.4523     9.4527     0.0004     9.4507     9.4511     0.0004   3.675482   3.676117   0.000634    34.1459    34.1521     6.7159    26.3766    26.3813          9  0.000e+00
      62368 293.848190  -43.44174  -53.61228     -0.004    1476.15     15.046     14.926     9.4523     9.4530     0.0006     9.4507     9.4513     0.0006   3.675496   3.676149   0.000653    34.1461    34.1523     6.7159    26.3767    26.3814          9  0.000e+00
      62369 293.848191  -43.44174  -53.61228     -0.007    1476.15     15.081     14.960     9.4523     9.4532     0.0009     9.4507     9.4515     0.0009   3.675496   3.676123   0.000627    34.1461    34.1517     6.7159    26.3767    26.3810          9  0.000e+00
      62370 293.848191  -43.44174  -53.61228     -0.006    1476.15     15.033     14.912     9.4521     9.4534     0.0012     9.4505     9.4517     0.0012   3.675482   3.676149   0.000666    34.1462    34.1519     6.7159    26.3768    26.3810          9  0.000e+00
      62371 293.848192  -43.44174  -53.61228     -0.008    1476.15     15.101     14.980     9.4522     9.4532     0.0010     9.4505     9.4515     0.0010   3.675462   3.676174   0.000712    34.1459    34.1523     6.7160    26.3765    26.3814          9  0.000e+00
      62372 293.848192  -43.44174  -53.61228     -0.008    1476.15     15.033     14.912     9.4523     9.4531     0.0008     9.4507     9.4515     0.0008   3.675462   3.676187   0.000725    34.1458    34.1525     6.7159    26.3764    26.3816          9  0.000e+00
      62373 293.848193  -43.44174  -53.61228     -0.010    1476.15     15.081     14.960     9.4526     9.4530     0.0004     9.4510     9.4514     0.0004   3.675536   3.676168   0.000632    34.1462    34.1524     6.7159    26.3767    26.3815          9  0.000e+00
      62374 293.848193  -43.44174  -53.61228     -0.009    1476.15     15.046     14.926     9.4528     9.4535     0.0008     9.4511     9.4519     0.0008   3.675536   3.676149   0.000613    34.1461    34.1517     6.7159    26.3766    26.3809          9  0.000e+00
      62375 293.848193  -43.44174  -53.61228     -0.009    1476.15     15.081     14.960     9.4528     9.4532     0.0004     9.4511     9.4515     0.0004   3.675502   3.676181   0.000678    34.1457    34.1523     6.7160    26.3763    26.3814          9  0.000e+00
      62376 293.848194  -43.44174  -53.61228     -0.010    1476.15     15.046     14.926     9.4525     9.4532     0.0007     9.4508     9.4515     0.0007   3.675469   3.676155   0.000686    34.1457    34.1521     6.7193    26.3763    26.3812          9  0.000e+00
      62377 293.848194  -43.44174  -53.61228     -0.012    1476.15     15.033     14.912     9.4523     9.4536     0.0013     9.4507     9.4520     0.0013   3.675482   3.676155   0.000673    34.1460    34.1517     6.7160    26.3766    26.3809          9  0.000e+00
      62378 293.848195  -43.44174  -53.61228     -0.012    1476.15     15.081     14.960     9.4521     9.4535     0.0014     9.4505     9.4519     0.0014   3.675436   3.676174   0.000738    34.1457    34.1519     6.7160    26.3764    26.3811          9  0.000e+00
      62379 293.848195  -43.44174  -53.61228     -0.015    1476.15     14.999     14.878     9.4525     9.4532     0.0007     9.4509     9.4516     0.0007   3.675476   3.676161   0.000686    34.1457    34.1522     6.7196    26.3764    26.3813          9  0.000e+00
      62380 293.848196  -43.44174  -53.61228     -0.018    1476.15     15.081     14.960     9.4523     9.4530     0.0007     9.4507     9.4514     0.0007   3.675496   3.676123   0.000627    34.1461    34.1519     6.7163    26.3767    26.3811          9  0.000e+00
      62381 293.848196  -43.44174  -53.61228     -0.022    1476.15     14.978     14.858     9.4525     9.4532     0.0007     9.4508     9.4516     0.0007   3.675469   3.676148   0.000680    34.1457    34.1521     6.7199    26.3764    26.3812          9  0.000e+00
      62382 293.848197  -43.44174  -53.61228     -0.023    1476.15     15.047     14.926     9.4528     9.4531     0.0003     9.4511     9.4515     0.0003   3.675509   3.676149   0.000640    34.1458    34.1521     6.7202    26.3764    26.3813          9  0.000e+00
      62383 293.848197  -43.44174  -53.61228     -0.022    1476.15     15.033     14.913     9.4526     9.4534     0.0007     9.4510     9.4517     0.0007   3.675549   3.676232   0.000683    34.1464    34.1527     6.7205    26.3769    26.3817          9  0.000e+00
      62384 293.848198  -43.44174  -53.61228     -0.026    1476.15     15.033     14.913     9.4530     9.4535     0.0006     9.4513     9.4519     0.0006   3.675509   3.676251   0.000742    34.1456    34.1528     6.7208    26.3762    26.3817          9  0.000e+00
      62385 293.848198  -43.44174  -53.61228     -0.024    1476.15     15.047     14.926     9.4528     9.4539     0.0011     9.4511     9.4522     0.0011   3.675542   3.676308   0.000766    34.1462    34.1531     6.7211    26.3767    26.3819          9  0.000e+00
      62386 293.848199  -43.44174  -53.61228     -0.028    1476.15     15.033     14.913     9.4530     9.4540     0.0010     9.4514     9.4524     0.0010   3.675549   3.676289   0.000740    34.1460    34.1527     6.7213    26.3765    26.3816          9  0.000e+00
      62387 293.848199  -43.44174  -53.61228     -0.028    1476.15     15.047     14.926     9.4535     9.4545     0.0010     9.4518     9.4528     0.0010   3.675529   3.676315   0.000786    34.1454    34.1525     6.7215    26.3759    26.3814          9  0.000e+00
      62388 293.848200  -43.44174  -53.61228     -0.032    1476.15     14.978     14.858     9.4533     9.4547     0.0014     9.4516     9.4530     0.0014   3.675529   3.676347   0.000818    34.1456    34.1527     6.7217    26.3761    26.3815          9  0.000e+00
      62389 293.848200  -43.44174  -53.61228     -0.033    1476.15     15.033     14.913     9.4528     9.4547     0.0019     9.4511     9.4530     0.0019   3.675529   3.676347   0.000818    34.1460    34.1527     6.7220    26.3766    26.3815          9  0.000e+00
      62390 293.848201  -43.44174  -53.61228     -0.038    1476.15     14.944     14.824     9.4531     9.4550     0.0019     9.4515     9.4534     0.0019   3.675549   3.676353   0.000804    34.1459    34.1525     6.7221    26.3764    26.3812          9  0.000e+00
      62391 293.848201  -43.44174  -53.61228     -0.039    1476.15     15.081     14.960     9.4535     9.4551     0.0016     9.4518     9.4535     0.0016   3.675602   3.676398   0.000796    34.1461    34.1528     6.7223    26.3765    26.3815          9  0.000e+00
      62392 293.848202  -43.44174  -53.61228     -0.041    1476.15     14.930     14.811     9.4538     9.4565     0.0027     9.4521     9.4549     0.0027   3.675669   3.676564   0.000896    34.1466    34.1532     6.7223    26.3768    26.3816          9  0.000e+00
      62393 293.848202  -43.44174  -53.61228     -0.044    1476.15     15.047     14.926     9.4543     9.4578     0.0035     9.4526     9.4561     0.0035   3.675702   3.676705   0.001003    34.1464    34.1534     6.7225    26.3766    26.3815          9  0.000e+00
      62394 293.848203  -43.44174  -53.61228     -0.044    1476.15     14.978     14.858     9.4544     9.4588     0.0044     9.4527     9.4571     0.0044   3.675689   3.676769   0.001080    34.1462    34.1531     6.7225    26.3764    26.3811          9  0.000e+00
      62395 293.848203  -43.44174  -53.61228     -0.046    1476.15     15.033     14.913     9.4545     9.4596     0.0052     9.4528     9.4580     0.0052   3.675662   3.676699   0.001037    34.1458    34.1516     6.7227    26.3761    26.3798          9  0.000e+00
      62396 293.848204  -43.44174  -53.61228     -0.045    1476.15     14.999     14.879     9.4543     9.4585     0.0042     9.4526     9.4568     0.0042   3.675675   3.676603   0.000927    34.1461    34.1517     6.7228    26.3764    26.3801          9  0.000e+00
      62397 293.848204  -43.44174  -53.61228     -0.051    1476.15     14.979     14.859     9.4546     9.4577     0.0031     9.4530     9.4561     0.0031   3.675689   3.676577   0.000888    34.1460    34.1521     6.7228    26.3762    26.3805          9  0.000e+00
      62398 293.848205  -43.44174  -53.61228     -0.058    1476.15     14.876     14.757     9.4548     9.4580     0.0032     9.4531     9.4563     0.0032   3.675735   3.676577   0.000842    34.1463    34.1520     6.7265    26.3765    26.3804          9  0.000e+00
      62399 293.848205  -43.44174  -53.61228     -0.056    1476.15     15.047     14.927     9.4551     9.4577     0.0025     9.4535     9.4560     0.0025   3.675729   3.676577   0.000848    34.1459    34.1522     6.7233    26.3761    26.3806          9  0.000e+00
      62400 293.848206  -43.44174  -53.61228     -0.055    1476.15     15.033     14.913     9.4550     9.4573     0.0024     9.4533     9.4557     0.0024   3.675742   3.676603   0.000861    34.1461    34.1528     6.7233    26.3763    26.3811          9  0.000e+00
      62401 293.848206  -43.44174  -53.61228     -0.057    1476.15     14.897     14.777     9.4550     9.4573     0.0024     9.4533     9.4557     0.0024   3.675715   3.676564   0.000849    34.1459    34.1525     6.7232    26.3761    26.3809          9  0.000e+00
      62402 293.848207  -43.44174  -53.61228     -0.058    1476.15     15.033     14.913     9.4547     9.4566     0.0019     9.4530     9.4549     0.0019   3.675689   3.676494   0.000805    34.1459    34.1524     6.7234    26.3761    26.3809          9  0.000e+00
