Pos-Processados/process_op38/operantar38_004b.ros
* Sea-Bird SBE 9 Data File:
* FileName = D:\OPERANTAR_XXXVIII\DADOS\OP38_004b.hdr
* Software Version Seasave V 7.12
* Temperature SN = 4808
* Conductivity SN = 3380
* Number of Bytes Per Scan = 31
* Number of Voltage Words = 2
* Number of Scans Averaged by the Deck Unit = 1
* NMEA Latitude = 39 58.14 S
* NMEA Longitude = 054 59.70 W
* NMEA UTC (Time) = Oct 17 2019 16:47:40
** H41
** NAVIO POLAR ALMIRANTE MAXIMIANO
** CRUZEIRO:
** OPERANTAR XXXVIII
** ESTAÇÃO: OP38_004b
** LAT 39º 58,17'S
** LONG 054º 59,68'W
** 09P73767-1155
** PROFUNDIDADE: 1620 m
** DATA/HORA: 171648Z/OUT/2019
** OPERADOR: SO-HN CHAVES
# nquan = 24
# nvalues = 3712                                  
# units = specified
# name 0 = scan: Scan Count
# name 1 = timeJ: Julian Days
# name 2 = latitude: Latitude [deg]
# name 3 = longitude: Longitude [deg]
# name 4 = dz/dtM: Descent Rate [m/s]
# name 5 = avgsvCM: Average Sound Velocity [Chen-Millero, m/s]
# name 6 = prDM: Pressure, Digiquartz [db]
# name 7 = depSM: Depth [salt water, m]
# name 8 = t090C: Temperature [ITS-90, deg C]
# name 9 = t190C: Temperature, 2 [ITS-90, deg C]
# name 10 = T2-T190C: Temperature Difference, 2 - 1 [ITS-90, deg C]
# name 11 = potemp090C: Potential Temperature [ITS-90, deg C]
# name 12 = potemp190C: Potential Temperature, 2 [ITS-90, deg C]
# name 13 = potemp90Cdiff: Potential Temperature, Diff, 2 - 1 [ITS-90, deg C]
# name 14 = c0S/m: Conductivity [S/m]
# name 15 = c1S/m: Conductivity, 2 [S/m]
# name 16 = C2-C1S/m: Conductivity Difference, 2 - 1 [S/m]
# name 17 = sal00: Salinity, Practical [PSU]
# name 18 = sal11: Salinity, Practical, 2 [PSU]
# name 19 = sbeox0ML/L: Oxygen, SBE 43 [ml/l]
# name 20 = sigma-é00: Density [sigma-theta, kg/m^3]
# name 21 = sigma-é11: Density, 2 [sigma-theta, kg/m^3]
# name 22 = nbf: Bottles Fired
# name 23 = flag:  0.000e+00
# interval = seconds: 0.0416667
# start_time = Oct 17 2019 16:47:40 [NMEA time, header]
# bad_flag = -9.990e-29
*END*
[from data line 242]
       1981 290.700723  -39.96888  -54.99504      0.061       0.00      2.564      2.544     6.8137     6.8184     0.0047     6.8135     6.8182     0.0047   3.427985   3.428905   0.000919    34.0773    34.0828     7.1016    26.7173    26.7210          2  0.000e+00
       1982 290.700724  -39.96888  -54.99504      0.072       0.00      2.564      2.544     6.8138     6.8206     0.0068     6.8136     6.8204     0.0068   3.428044   3.429135   0.001091    34.0779    34.0832     7.1050    26.7177    26.7210          2  0.000e+00
       1983 290.700724  -39.96888  -54.99504      0.086       0.00      2.612      2.592     6.8163     6.8226     0.0063     6.8161     6.8224     0.0063   3.428238   3.429322   0.001084    34.0775    34.0832     7.1045    26.7171    26.7208          2  0.000e+00
       1984 290.700725  -39.96888  -54.99504      0.096       0.00      2.564      2.544     6.8220     6.8229     0.0009     6.8217     6.8227     0.0009   3.428718   3.429366   0.000648    34.0772    34.0834     7.1034    26.7161    26.7209          2  0.000e+00
       1985 290.700725  -39.96888  -54.99504      0.106       0.00      2.612      2.592     6.8283     6.8231    -0.0052     6.8281     6.8228    -0.0052   3.429366   3.429372   0.000006    34.0780    34.0833     7.1023    26.7159    26.7208          2  0.000e+00
       1986 290.700726  -39.96888  -54.99504      0.119       0.00      2.612      2.592     6.8334     6.8251    -0.0083     6.8332     6.8248    -0.0083   3.429904   3.429484  -0.000420    34.0789    34.0826     7.1013    26.7159    26.7199          2  0.000e+00
       1987 290.700726  -39.96888  -54.99504      0.128       0.00      2.612      2.592     6.8359     6.8253    -0.0106     6.8357     6.8251    -0.0106   3.430072   3.429540  -0.000533    34.0783    34.0829     7.1009    26.7151    26.7202          2  0.000e+00
       1988 290.700727  -39.96888  -54.99504      0.137       0.00      2.660      2.639     6.8361     6.8259    -0.0102     6.8358     6.8256    -0.0102   3.430066   3.429615  -0.000451    34.0780    34.0832     7.1009    26.7148    26.7203          2  0.000e+00
       1989 290.700727  -39.96888  -54.99504      0.141       0.00      2.660      2.639     6.8371     6.8274    -0.0097     6.8369     6.8272    -0.0097   3.430059   3.429752  -0.000308    34.0769    34.0831     7.1048    26.7138    26.7201          2  0.000e+00
       1990 290.700728  -39.96888  -54.99504      0.156       0.00      2.660      2.639     6.8380     6.8298    -0.0083     6.8378     6.8295    -0.0083   3.430124   3.429945  -0.000180    34.0767    34.0830     7.1012    26.7136    26.7196          2  0.000e+00
       1991 290.700728  -39.96888  -54.99504      0.166       0.00      2.715      2.694     6.8382     6.8308    -0.0074     6.8380     6.8306    -0.0074   3.430105   3.430050  -0.000054    34.0763    34.0830     7.1012    26.7132    26.7195          2  0.000e+00
       1992 290.700729  -39.96888  -54.99504      0.174       0.00      2.660      2.639     6.8374     6.8314    -0.0060     6.8371     6.8311    -0.0060   3.429949   3.430075   0.000126    34.0754    34.0828     7.1055    26.7127    26.7193          2  0.000e+00
       1993 290.700729  -39.96888  -54.99504      0.185       0.00      2.762      2.741     6.8355     6.8304    -0.0052     6.8353     6.8301    -0.0052   3.429768   3.430001   0.000233    34.0752    34.0829     7.1024    26.7127    26.7195          2  0.000e+00
       1994 290.700730  -39.96888  -54.99504      0.192       0.00      2.715      2.694     6.8335     6.8281    -0.0054     6.8333     6.8279    -0.0054   3.429651   3.429907   0.000256    34.0760    34.0842     7.1023    26.7136    26.7208          2  0.000e+00
       1995 290.700730  -39.96888  -54.99504      0.199       0.00      2.715      2.694     6.8323     6.8284    -0.0038     6.8320     6.8282    -0.0038   3.429489   3.429814   0.000325    34.0754    34.0828     7.0982    26.7133    26.7197          2  0.000e+00
       1996 290.700731  -39.96888  -54.99504      0.207       0.00      2.762      2.741     6.8320     6.8284    -0.0036     6.8318     6.8282    -0.0036   3.429508   3.429714   0.000206    34.0759    34.0817     7.0979    26.7137    26.7188          2  0.000e+00
       1997 290.700731  -39.96888  -54.99504      0.214       0.00      2.762      2.741     6.8325     6.8265    -0.0061     6.8323     6.8262    -0.0061   3.429554   3.429583   0.000030    34.0758    34.0822     7.1016    26.7136    26.7195          2  0.000e+00
       1998 290.700732  -39.96888  -54.99504      0.223       0.00      2.817      2.796     6.8314     6.8241    -0.0074     6.8312     6.8238    -0.0074   3.429450   3.429384  -0.000066    34.0758    34.0823     7.1020    26.7137    26.7199          2  0.000e+00
       1999 290.700732  -39.96888  -54.99504      0.235       0.00      2.817      2.796     6.8299     6.8224    -0.0075     6.8296     6.8221    -0.0075   3.429275   3.429260  -0.000015    34.0754    34.0826     7.1020    26.7136    26.7203          2  0.000e+00
       2000 290.700733  -39.96888  -54.99504      0.239       0.00      2.817      2.796     6.8290     6.8212    -0.0079     6.8288     6.8209    -0.0079   3.429230   3.429191  -0.000039    34.0757    34.0831     7.1023    26.7140    26.7209          2  0.000e+00
       2001 290.700733  -39.96888  -54.99504      0.245       0.00      2.817      2.796     6.8289     6.8205    -0.0085     6.8287     6.8202    -0.0085   3.429249   3.429085  -0.000164    34.0760    34.0826     7.0981    26.7143    26.7206          2  0.000e+00
       2002 290.700734  -39.96888  -54.99504      0.253       0.00      2.865      2.843     6.8291     6.8190    -0.0101     6.8289     6.8187    -0.0101   3.429282   3.428949  -0.000333    34.0762    34.0826     7.1018    26.7143    26.7207          2  0.000e+00
       2003 290.700734  -39.96888  -54.99504      0.262       0.00      2.913      2.891     6.8292     6.8194    -0.0098     6.8290     6.8191    -0.0098   3.429353   3.428973  -0.000380    34.0768    34.0824     7.1021    26.7148    26.7206          2  0.000e+00
       2004 290.700734  -39.96888  -54.99504      0.267       0.00      2.865      2.843     6.8286     6.8205    -0.0081     6.8284     6.8202    -0.0081   3.429282   3.429179  -0.000103    34.0767    34.0837     7.1024    26.7148    26.7214          2  0.000e+00
       2005 290.700735  -39.96888  -54.99504      0.271       0.00      2.865      2.843     6.8287     6.8220    -0.0067     6.8285     6.8217    -0.0067   3.429301   3.429241  -0.000060    34.0768    34.0828     7.1027    26.7149    26.7205          2  0.000e+00
       2006 290.700735  -39.96888  -54.99504      0.277       0.00      2.913      2.891     6.8288     6.8200    -0.0088     6.8285     6.8197    -0.0088   3.429359   3.429166  -0.000193    34.0774    34.0840     7.1030    26.7153    26.7217          2  0.000e+00
       2007 290.700736  -39.96888  -54.99504      0.281       0.00      2.913      2.891     6.8286     6.8196    -0.0090     6.8283     6.8193    -0.0090   3.429262   3.429073  -0.000189    34.0765    34.0834     7.1033    26.7147    26.7213          2  0.000e+00
       2008 290.700736  -39.96888  -54.99504      0.284       0.00      2.913      2.891     6.8270     6.8188    -0.0082     6.8267     6.8186    -0.0082   3.429087   3.428998  -0.000089    34.0761    34.0832     7.1040    26.7146    26.7213          2  0.000e+00
       2009 290.700737  -39.96888  -54.99504      0.292       0.00      2.968      2.945     6.8259     6.8182    -0.0077     6.8256     6.8179    -0.0077   3.428971   3.428942  -0.000028    34.0759    34.0832     7.1046    26.7146    26.7214          2  0.000e+00
       2010 290.700737  -39.96888  -54.99504      0.295       0.00      2.968      2.945     6.8239     6.8187    -0.0051     6.8236     6.8185    -0.0051   3.428899   3.428973   0.000074    34.0771    34.0830     7.1048    26.7158    26.7212          3  0.000e+00
       2011 290.700738  -39.96888  -54.99504      0.300       0.00      2.968      2.945     6.8208     6.8205    -0.0004     6.8206     6.8202    -0.0004   3.428679   3.429179   0.000500    34.0777    34.0836     7.1052    26.7167    26.7214          3  0.000e+00
       2012 290.700738  -39.96888  -54.99504      0.303       0.00      3.016      2.993     6.8187     6.8234     0.0047     6.8184     6.8232     0.0047   3.428517   3.429496   0.000979    34.0780    34.0841     7.1015    26.7172    26.7214          3  0.000e+00
       2013 290.700739  -39.96888  -54.99504      0.308       0.00      2.968      2.945     6.8182     6.8263     0.0081     6.8179     6.8260     0.0081   3.428413   3.429764   0.001351    34.0774    34.0843     7.1051    26.7168    26.7211          3  0.000e+00
       2014 290.700739  -39.96888  -54.99504      0.309       0.00      3.016      2.993     6.8177     6.8278     0.0101     6.8175     6.8275     0.0101   3.428374   3.429926   0.001552    34.0774    34.0845     7.1052    26.7169    26.7211          3  0.000e+00
       2015 290.700740  -39.96888  -54.99504      0.311       0.00      3.016      2.993     6.8168     6.8286     0.0118     6.8165     6.8283     0.0118   3.428316   3.429976   0.001660    34.0777    34.0843     7.1092    26.7172    26.7208          3  0.000e+00
       2016 290.700740  -39.96888  -54.99504      0.311       0.00      3.016      2.993     6.8184     6.8304     0.0120     6.8181     6.8301     0.0120   3.428459   3.430050   0.001592    34.0777    34.0833     7.1053    26.7170    26.7198          3  0.000e+00
       2017 290.700741  -39.96888  -54.99504      0.313       0.00      3.016      2.993     6.8211     6.8320     0.0108     6.8209     6.8317     0.0108   3.428634   3.430119   0.001485    34.0769    34.0825     7.1047    26.7160    26.7190          3  0.000e+00
       2018 290.700741  -39.96888  -54.99504      0.316       0.00      3.043      3.020     6.8220     6.8326     0.0107     6.8217     6.8324     0.0107   3.428718   3.430138   0.001420    34.0770    34.0820     7.1045    26.7160    26.7185          3  0.000e+00
       2019 290.700742  -39.96888  -54.99504      0.318       0.00      3.064      3.040     6.8210     6.8333     0.0123     6.8207     6.8330     0.0123   3.428711   3.430075   0.001364    34.0779    34.0807     7.1091    26.7168    26.7174          3  0.000e+00
       2020 290.700742  -39.96888  -54.99504      0.313       0.00      3.016      2.993     6.8205     6.8309     0.0104     6.8202     6.8306     0.0104   3.428705   3.429857   0.001153    34.0783    34.0807     7.1094    26.7172    26.7177          3  0.000e+00
       2021 290.700743  -39.96888  -54.99504      0.315       0.00      3.118      3.094     6.8211     6.8263     0.0052     6.8209     6.8260     0.0052   3.428744   3.429584   0.000840    34.0781    34.0822     7.1102    26.7169    26.7195          3  0.000e+00
       2022 290.700743  -39.96888  -54.99504      0.313       0.00      3.016      2.993     6.8232     6.8249     0.0016     6.8230     6.8246     0.0016   3.428899   3.429378   0.000479    34.0777    34.0814     7.1105    26.7164    26.7190          3  0.000e+00
       2023 290.700744  -39.96888  -54.99504      0.312       0.00      3.064      3.040     6.8248     6.8248    -0.0000     6.8246     6.8246    -0.0000   3.429023   3.429310   0.000287    34.0775    34.0806     7.1111    26.7159    26.7184          3  0.000e+00
       2024 290.700744  -39.96888  -54.99504      0.307       0.00      3.064      3.040     6.8251     6.8260     0.0009     6.8248     6.8257     0.0009   3.428971   3.429303   0.000333    34.0767    34.0794     7.1119    26.7153    26.7173          3  0.000e+00
       2025 290.700745  -39.96888  -54.99504      0.304       0.00      3.064      3.040     6.8224     6.8275     0.0051     6.8221     6.8272     0.0051   3.428621   3.429471   0.000851    34.0754    34.0798     7.1172    26.7147    26.7174          3  0.000e+00
       2026 290.700745  -39.96888  -54.99504      0.302       0.00      3.118      3.094     6.8190     6.8287     0.0097     6.8187     6.8284     0.0097   3.428238   3.429727   0.001488    34.0746    34.0814     7.1151    26.7144    26.7185          3  0.000e+00
       2027 290.700746  -39.96888  -54.99504      0.295       0.00      3.064      3.040     6.8187     6.8296     0.0109     6.8184     6.8293     0.0109   3.428219   3.429839   0.001620    34.0747    34.0818     7.1154    26.7146    26.7187          3  0.000e+00
       2028 290.700746  -39.96888  -54.99504      0.291       0.00      3.064      3.040     6.8202     6.8289     0.0087     6.8199     6.8286     0.0087   3.428472   3.429857   0.001386    34.0760    34.0827     7.1154    26.7155    26.7195          3  0.000e+00
       2029 290.700747  -39.96888  -54.99504      0.285       0.00      3.064      3.040     6.8218     6.8288     0.0070     6.8215     6.8285     0.0070   3.428640   3.429857   0.001217    34.0763    34.0828     7.1154    26.7154    26.7196          3  0.000e+00
       2030 290.700747  -39.96888  -54.99504      0.282       0.00      3.118      3.094     6.8226     6.8282     0.0057     6.8223     6.8280     0.0057   3.428789   3.429858   0.001068    34.0771    34.0833     7.1150    26.7160    26.7201          3  0.000e+00
       2031 290.700747  -39.96888  -54.99504      0.274       0.00      3.064      3.040     6.8232     6.8291     0.0059     6.8230     6.8288     0.0059   3.428925   3.429864   0.000938    34.0780    34.0825     7.1150    26.7166    26.7194          3  0.000e+00
       2032 290.700748  -39.96888  -54.99504      0.264       0.00      3.016      2.993     6.8244     6.8294     0.0050     6.8241     6.8291     0.0050   3.428997   3.429857   0.000861    34.0777    34.0822     7.1150    26.7162    26.7191          3  0.000e+00
       2033 290.700748  -39.96888  -54.99504      0.254       0.00      3.064      3.040     6.8250     6.8268     0.0018     6.8247     6.8266     0.0018   3.429029   3.429714   0.000685    34.0774    34.0831     7.1151    26.7159    26.7201          3  0.000e+00
       2034 290.700749  -39.96888  -54.99504      0.245       0.00      3.064      3.040     6.8249     6.8247    -0.0002     6.8246     6.8244    -0.0002   3.429042   3.429534   0.000492    34.0776    34.0833     7.1193    26.7161    26.7206          3  0.000e+00
       2035 290.700749  -39.96888  -54.99504      0.235       0.00      3.064      3.040     6.8240     6.8244     0.0004     6.8237     6.8241     0.0004   3.428925   3.429509   0.000584    34.0772    34.0833     7.1201    26.7159    26.7206          3  0.000e+00
       2036 290.700750  -39.96888  -54.99504      0.224       0.00      3.064      3.040     6.8239     6.8252     0.0013     6.8236     6.8249     0.0013   3.428912   3.429565   0.000653    34.0772    34.0831     7.1206    26.7158    26.7204          3  0.000e+00
       2037 290.700750  -39.96888  -54.99504      0.212       0.00      3.016      2.993     6.8249     6.8272     0.0023     6.8246     6.8269     0.0023   3.428964   3.429727   0.000763    34.0768    34.0830     7.1209    26.7154    26.7200          3  0.000e+00
       2038 290.700751  -39.96888  -54.99504      0.202       0.00      3.064      3.040     6.8250     6.8289     0.0039     6.8247     6.8286     0.0039   3.429048   3.429951   0.000902    34.0776    34.0837     7.1218    26.7160    26.7203          3  0.000e+00
       2039 290.700751  -39.96888  -54.99504      0.188       0.00      3.016      2.993     6.8252     6.8299     0.0047     6.8249     6.8296     0.0047   3.429023   3.430057   0.001034    34.0771    34.0839     7.1222    26.7156    26.7203          3  0.000e+00
