Pos-Processados/process_op38/operantar38_012.ros
* Sea-Bird SBE 9 Data File:
* FileName = D:\OPERANTAR_XXXVIII\DADOS\OP38_012.hdr
* Software Version Seasave V 7.18c
* Temperature SN = 4808
* Conductivity SN = 3380
* Number of Bytes Per Scan = 31
* Number of Voltage Words = 2
* Number of Scans Averaged by the Deck Unit = 1
* NMEA Latitude = 43 26.50 S
* NMEA Longitude = 053 36.73 W
* NMEA UTC (Time) = Oct 20 2019 19:38:05
** H41
** NAVIO POLAR ALMIRANTE MAXIMIANO
** CRUZEIRO:
** OPERANTAR XXXVIII
** ESTAÇÃO: OP38_012
** LAT 43 26,49' S
** LONG 053 36,73'  W
** 09P73767-1155
** PROFUNDIDADE: 5647
** DATA/HORA: 201939Z/OUT/2019
** OPERADOR: SO-HN CHAVES
# nquan = 27
# nvalues = 2234                                  
# units = specified
# name 0 = scan: Scan Count
# name 1 = timeJ: Julian Days
# name 2 = latitude: Latitude [deg]
# name 3 = longitude: Longitude [deg]
# name 4 = dz/dtM: Descent Rate [m/s]
# name 5 = avgsvCM: Average Sound Velocity [Chen-Millero, m/s]
# name 6 = prDM: Pressure, Digiquartz [db]
# name 7 = depSM: Depth [salt water, m]
# name 8 = t090C: Temperature [ITS-90, deg C]
# name 9 = t190C: Temperature, 2 [ITS-90, deg C]
# name 10 = T2-T190C: Temperature Difference, 2 - 1 [ITS-90, deg C]
# name 11 = potemp090C: Potential Temperature [ITS-90, deg C]
# name 12 = potemp190C: Potential Temperature, 2 [ITS-90, deg C]
# name 13 = potemp90Cdiff: Potential Temperature, Diff, 2 - 1 [ITS-90, deg C]
# name 14 = c0S/m: Conductivity [S/m]
# name 15 = c1S/m: Conductivity, 2 [S/m]
# name 16 = C2-C1S/m: Conductivity Difference, 2 - 1 [S/m]
# name 17 = sal00: Salinity, Practical [PSU]
# name 18 = sal11: Salinity, Practical, 2 [PSU]
# name 19 = sbeox0ML/L: Oxygen, SBE 43 [ml/l]
# name 20 = sigma-é00: Density [sigma-theta, kg/m^3]
# name 21 = sigma-é11: Density, 2 [sigma-theta, kg/m^3]
# name 22 = sbox0Mm/Kg: Oxygen, SBE 43 [umol/kg]
# name 23 = oxsolMm/Kg: Oxygen Saturation, Garcia & Gordon [umol/kg]
# name 24 = oxsatMm/Kg: Oxygen Saturation, Weiss [umol/kg]
# name 25 = nbf: Bottles Fired
# name 26 = flag:  0.000e+00
# interval = seconds: 0.0416667
# start_time = Oct 20 2019 19:38:05 [NMEA time, header]
# bad_flag = -9.990e-29
*END*
[from data line 376]
      60887 293.847476  -43.44172  -53.61230     -0.065    1476.15     14.966     14.846     9.4739     9.4677    -0.0062     9.4722     9.4660    -0.0062   3.677760   3.677754  -0.000006    34.1490    34.1549     6.7163    26.3754    26.3810    292.241  279.46391  279.64497          3  0.000e+00
      60888 293.847476  -43.44172  -53.61230     -0.063    1476.15     15.000     14.880     9.4741     9.4682    -0.0059     9.4724     9.4665    -0.0059   3.677747   3.677850   0.000103    34.1487    34.1553     6.7165    26.3751    26.3813    292.250  279.46339  279.64443          3  0.000e+00
      60889 293.847477  -43.44172  -53.61230     -0.062    1476.15     14.911     14.792     9.4735     9.4693    -0.0042     9.4719     9.4677    -0.0042   3.677740   3.677959   0.000219    34.1491    34.1554     6.7167    26.3756    26.3812    292.258  279.46572  279.64681          3  0.000e+00
      60890 293.847477  -43.44172  -53.61230     -0.063    1476.15     14.946     14.826     9.4732     9.4701    -0.0031     9.4716     9.4685    -0.0031   3.677687   3.678004   0.000317    34.1489    34.1551     6.7169    26.3754    26.3808    292.269  279.46809  279.64921          3  0.000e+00
      60891 293.847478  -43.44172  -53.61230     -0.059    1476.15     15.000     14.880     9.4732     9.4703    -0.0029     9.4716     9.4687    -0.0029   3.677674   3.677966   0.000292    34.1487    34.1545     6.7171    26.3753    26.3803    292.278  279.46842  279.64954          3  0.000e+00
      60892 293.847478  -43.44172  -53.61230     -0.058    1476.15     14.911     14.792     9.4727     9.4700    -0.0028     9.4711     9.4683    -0.0028   3.677620   3.677946   0.000326    34.1487    34.1547     6.7169    26.3754    26.3805    292.267  279.47151  279.65267          3  0.000e+00
      60893 293.847479  -43.44172  -53.61230     -0.058    1476.15     14.946     14.826     9.4727     9.4698    -0.0029     9.4711     9.4682    -0.0029   3.677627   3.677946   0.000319    34.1487    34.1548     6.7170    26.3754    26.3806    292.273  279.47140  279.65256          3  0.000e+00
      60894 293.847479  -43.44172  -53.61230     -0.056    1476.15     14.946     14.826     9.4725     9.4703    -0.0022     9.4709     9.4687    -0.0022   3.677640   3.677972   0.000332    34.1490    34.1546     6.7175    26.3757    26.3804    292.294  279.47195  279.65313          3  0.000e+00
      60895 293.847480  -43.44172  -53.61230     -0.054    1476.15     14.966     14.846     9.4724     9.4711    -0.0013     9.4707     9.4695    -0.0013   3.677587   3.678074   0.000487    34.1486    34.1549     6.7177    26.3754    26.3805    292.301  279.47370  279.65489          3  0.000e+00
      60896 293.847480  -43.44172  -53.61230     -0.050    1476.15     14.946     14.826     9.4724     9.4723    -0.0001     9.4707     9.4707    -0.0001   3.677574   3.678234   0.000661    34.1485    34.1554     6.7173    26.3753    26.3807    292.287  279.47395  279.65514          3  0.000e+00
      60897 293.847481  -43.44172  -53.61230     -0.054    1476.15     14.898     14.778     9.4722     9.4721    -0.0001     9.4706     9.4705    -0.0001   3.677574   3.678202   0.000629    34.1487    34.1553     6.7174    26.3754    26.3806    292.288  279.47453  279.65573          3  0.000e+00
      60898 293.847481  -43.44172  -53.61230     -0.051    1476.15     14.966     14.846     9.4727     9.4715    -0.0013     9.4711     9.4698    -0.0013   3.677647   3.678100   0.000453    34.1489    34.1548     6.7174    26.3756    26.3804    292.288  279.47101  279.65217          3  0.000e+00
      60899 293.847482  -43.44172  -53.61230     -0.049    1476.15     14.946     14.826     9.4729     9.4711    -0.0017     9.4712     9.4695    -0.0017   3.677747   3.678004   0.000257    34.1498    34.1541     6.7173    26.3762    26.3799    292.285  279.46829  279.64946          3  0.000e+00
      60900 293.847482  -43.44172  -53.61230     -0.048    1476.15     14.912     14.792     9.4739     9.4706    -0.0032     9.4722     9.4690    -0.0032   3.677794   3.678004   0.000210    34.1494    34.1546     6.7205    26.3757    26.3804    292.423  279.46317  279.64424          3  0.000e+00
      60901 293.847483  -43.44172  -53.61230     -0.046    1476.15     14.946     14.826     9.4742     9.4706    -0.0036     9.4726     9.4690    -0.0036   3.677874   3.677985   0.000111    34.1498    34.1544     6.7207    26.3760    26.3802    292.434  279.46009  279.64114          3  0.000e+00
      60902 293.847483  -43.44172  -53.61230     -0.045    1476.15     14.946     14.826     9.4750     9.4713    -0.0037     9.4734     9.4697    -0.0037   3.677947   3.678055   0.000108    34.1499    34.1545     6.7209    26.3759    26.3802    292.442  279.45527  279.63625          3  0.000e+00
      60903 293.847484  -43.44172  -53.61230     -0.044    1476.15     14.912     14.792     9.4757     9.4710    -0.0047     9.4741     9.4693    -0.0047   3.677987   3.678081   0.000094    34.1496    34.1551     6.7210    26.3756    26.3807    292.447  279.45152  279.63243          3  0.000e+00
      60904 293.847484  -43.44172  -53.61230     -0.047    1476.15     14.946     14.826     9.4761     9.4713    -0.0047     9.4744     9.4697    -0.0047   3.678000   3.678074   0.000074    34.1494    34.1547     6.7212    26.3754    26.3803    292.457  279.44983  279.63071          3  0.000e+00
      60905 293.847485  -43.44172  -53.61230     -0.046    1476.15     14.898     14.779     9.4760     9.4716    -0.0044     9.4744     9.4700    -0.0044   3.677920   3.678126   0.000205    34.1487    34.1550     6.7214    26.3748    26.3805    292.465  279.45166  279.63253          3  0.000e+00
      60906 293.847485  -43.44172  -53.61230     -0.047    1476.15     14.912     14.792     9.4752     9.4720    -0.0033     9.4736     9.4703    -0.0033   3.677800   3.678113   0.000313    34.1482    34.1545     6.7218    26.3746    26.3800    292.480  279.45746  279.63839          3  0.000e+00
      60907 293.847486  -43.44172  -53.61230     -0.043    1476.15     14.946     14.826     9.4747     9.4718    -0.0029     9.4731     9.4701    -0.0029   3.677814   3.678087   0.000274    34.1488    34.1544     6.7220    26.3751    26.3800    292.489  279.45928  279.64026          3  0.000e+00
      60908 293.847486  -43.44172  -53.61230     -0.041    1476.15     14.946     14.826     9.4750     9.4718    -0.0032     9.4734     9.4701    -0.0032   3.677880   3.678126   0.000245    34.1492    34.1548     6.7220    26.3754    26.3803    292.491  279.45666  279.63762          3  0.000e+00
      60909 293.847486  -43.44172  -53.61230     -0.042    1476.15     14.912     14.792     9.4757     9.4721    -0.0036     9.4741     9.4705    -0.0036   3.677973   3.678215   0.000242    34.1495    34.1554     6.7219    26.3755    26.3807    292.487  279.45180  279.63271          3  0.000e+00
      60910 293.847487  -43.44172  -53.61230     -0.040    1476.15     14.946     14.826     9.4766     9.4729    -0.0037     9.4750     9.4713    -0.0037   3.678093   3.678337   0.000243    34.1498    34.1559     6.7218    26.3756    26.3809    292.483  279.44542  279.62625          3  0.000e+00
      60911 293.847487  -43.44172  -53.61230     -0.040    1476.15     14.912     14.792     9.4778     9.4736    -0.0042     9.4762     9.4720    -0.0042   3.678227   3.678369   0.000142    34.1501    34.1556     6.7216    26.3756    26.3806    292.474  279.43767  279.61840          3  0.000e+00
      60912 293.847488  -43.44172  -53.61230     -0.038    1476.15     14.898     14.779     9.4781     9.4734    -0.0047     9.4765     9.4718    -0.0047   3.678180   3.678324   0.000144    34.1493    34.1553     6.7253    26.3750    26.3804    292.634  279.43739  279.61808          3  0.000e+00
      60913 293.847488  -43.44172  -53.61230     -0.038    1476.15     14.946     14.826     9.4773     9.4733    -0.0041     9.4757     9.4716    -0.0041   3.678013   3.678330   0.000317    34.1483    34.1555     6.7221    26.3743    26.3806    292.495  279.44420  279.62494          3  0.000e+00
      60914 293.847489  -43.44172  -53.61230     -0.037    1476.15     14.912     14.792     9.4763     9.4734    -0.0029     9.4747     9.4718    -0.0029   3.677913   3.678318   0.000404    34.1482    34.1552     6.7221    26.3744    26.3804    292.497  279.45037  279.63120          3  0.000e+00
      60915 293.847489  -43.44172  -53.61230     -0.038    1476.15     14.898     14.779     9.4755     9.4729    -0.0026     9.4739     9.4713    -0.0026   3.677820   3.678254   0.000433    34.1481    34.1550     6.7259    26.3745    26.3803    292.658  279.45580  279.63670          3  0.000e+00
      60916 293.847490  -43.44172  -53.61230     -0.037    1476.15     14.946     14.826     9.4755     9.4729    -0.0026     9.4739     9.4713    -0.0026   3.677847   3.678241   0.000394    34.1483    34.1549     6.7224    26.3747    26.3802    292.507  279.45529  279.63620          3  0.000e+00
      60917 293.847490  -43.44172  -53.61230     -0.036    1476.15     14.912     14.792     9.4755     9.4726    -0.0029     9.4739     9.4710    -0.0029   3.677867   3.678190   0.000323    34.1486    34.1547     6.7221    26.3748    26.3801    292.496  279.45484  279.63575          3  0.000e+00
      60918 293.847491  -43.44172  -53.61230     -0.036    1476.15     14.898     14.779     9.4754     9.4724    -0.0029     9.4737     9.4708    -0.0029   3.677867   3.678177   0.000310    34.1487    34.1547     6.7219    26.3750    26.3801    292.487  279.45545  279.63637          3  0.000e+00
      60919 293.847491  -43.44172  -53.61230     -0.032    1476.15     14.946     14.826     9.4755     9.4724    -0.0031     9.4739     9.4708    -0.0031   3.677914   3.678177   0.000263    34.1490    34.1547     6.7254    26.3752    26.3801    292.637  279.45390  279.63482          3  0.000e+00
      60920 293.847492  -43.44172  -53.61230     -0.033    1476.15     14.864     14.745     9.4763     9.4724    -0.0039     9.4747     9.4708    -0.0039   3.678073   3.678177   0.000103    34.1499    34.1547     6.7256    26.3757    26.3801    292.645  279.44700  279.62786          3  0.000e+00
      60921 293.847492  -43.44172  -53.61230     -0.033    1476.15     14.946     14.827     9.4770     9.4726    -0.0044     9.4754     9.4710    -0.0044   3.678173   3.678222   0.000048    34.1503    34.1550     6.7222    26.3759    26.3803    292.500  279.44231  279.62312          3  0.000e+00
      60922 293.847493  -43.44172  -53.61230     -0.034    1476.15     14.898     14.779     9.4773     9.4733    -0.0041     9.4757     9.4717    -0.0041   3.678140   3.678362   0.000222    34.1496    34.1558     6.7255    26.3754    26.3809    292.643  279.44152  279.62229          3  0.000e+00
      60923 293.847493  -43.44172  -53.61230     -0.028    1476.15     14.967     14.847     9.4772     9.4748    -0.0024     9.4755     9.4731    -0.0024   3.678100   3.678522   0.000422    34.1493    34.1560     6.7260    26.3752    26.3808    292.662  279.44303  279.62381          3  0.000e+00
      60924 293.847494  -43.44172  -53.61230     -0.029    1476.15     14.898     14.779     9.4768     9.4756    -0.0013     9.4752     9.4739    -0.0013   3.678020   3.678644   0.000624    34.1489    34.1565     6.7263    26.3749    26.3810    292.677  279.44608  279.62687          3  0.000e+00
      60925 293.847494  -43.44172  -53.61230     -0.027    1476.15     14.912     14.793     9.4766     9.4766    -0.0001     9.4750     9.4749    -0.0001   3.678020   3.678714   0.000694    34.1491    34.1563     6.7262    26.3750    26.3807    292.675  279.44691  279.62773          3  0.000e+00
      60926 293.847495  -43.44172  -53.61230     -0.029    1476.15     14.898     14.779     9.4768     9.4771     0.0002     9.4752     9.4754     0.0002   3.678053   3.678753   0.000699    34.1492    34.1562     6.7261    26.3751    26.3806    292.666  279.44538  279.62619          3  0.000e+00
      60927 293.847495  -43.44172  -53.61230     -0.029    1476.15     14.898     14.779     9.4770     9.4777     0.0007     9.4754     9.4761     0.0007   3.678067   3.678765   0.000699    34.1492    34.1558     6.7262    26.3751    26.3801    292.674  279.44449  279.62528          3  0.000e+00
      60928 293.847496  -43.44172  -53.61230     -0.030    1476.15     14.912     14.793     9.4765     9.4777     0.0012     9.4749     9.4761     0.0012   3.678040   3.678733   0.000693    34.1494    34.1554     6.7265    26.3753    26.3798    292.685  279.44712  279.62795          3  0.000e+00
      60929 293.847496  -43.44172  -53.61230     -0.028    1476.15     14.899     14.779     9.4766     9.4774     0.0008     9.4750     9.4758     0.0008   3.678033   3.678682   0.000649    34.1492    34.1552     6.7266    26.3751    26.3797    292.690  279.44662  279.62744          3  0.000e+00
      60930 293.847497  -43.44172  -53.61230     -0.025    1476.15     14.946     14.827     9.4770     9.4771     0.0001     9.4754     9.4754     0.0001   3.678100   3.678612   0.000512    34.1495    34.1548     6.7304    26.3754    26.3794    292.854  279.44384  279.62463          3  0.000e+00
      60931 293.847497  -43.44172  -53.61230     -0.025    1476.15     14.912     14.793     9.4776     9.4769    -0.0007     9.4760     9.4753    -0.0007   3.678147   3.678548   0.000401    34.1494    34.1543     6.7270    26.3752    26.3791    292.706  279.44016  279.62090          3  0.000e+00
      60932 293.847498  -43.44172  -53.61230     -0.026    1476.15     14.899     14.779     9.4776     9.4762    -0.0014     9.4760     9.4746    -0.0014   3.678133   3.678554   0.000421    34.1493    34.1550     6.7270    26.3751    26.3797    292.707  279.44042  279.62116          3  0.000e+00
      60933 293.847498  -43.44172  -53.61230     -0.023    1476.15     14.947     14.827     9.4780     9.4756    -0.0024     9.4763     9.4739    -0.0024   3.678173   3.678567   0.000394    34.1494    34.1557     6.7266    26.3750    26.3804    292.690  279.43819  279.61890          3  0.000e+00
      60934 293.847499  -43.44172  -53.61230     -0.023    1476.15     14.912     14.793     9.4776     9.4762    -0.0014     9.4760     9.4746    -0.0014   3.678213   3.678612   0.000399    34.1501    34.1556     6.7265    26.3757    26.3802    292.687  279.43877  279.61952          3  0.000e+00
      60935 293.847499  -43.44172  -53.61230     -0.023    1476.15     14.899     14.779     9.4781     9.4759    -0.0022     9.4765     9.4743    -0.0022   3.678227   3.678580   0.000353    34.1498    34.1556     6.7264    26.3754    26.3802    292.681  279.43642  279.61712          3  0.000e+00
      60936 293.847500  -43.44172  -53.61230     -0.022    1476.15     14.912     14.793     9.4783     9.4758    -0.0026     9.4767     9.4741    -0.0026   3.678173   3.678516   0.000343    34.1490    34.1550     6.7263    26.3747    26.3799    292.677  279.43672  279.61739          3  0.000e+00
      60937 293.847500  -43.44172  -53.61230     -0.019    1476.15     14.899     14.779     9.4776     9.4754    -0.0022     9.4760     9.4738    -0.0022   3.678133   3.678503   0.000370    34.1493    34.1552     6.7262    26.3751    26.3801    292.675  279.44042  279.62116          3  0.000e+00
      60938 293.847500  -43.44172  -53.61230     -0.018    1476.15     14.947     14.827     9.4775     9.4761    -0.0014     9.4758     9.4744    -0.0014   3.678080   3.678574   0.000493    34.1489    34.1553     6.7262    26.3747    26.3800    292.671  279.44219  279.62293          3  0.000e+00
      60939 293.847501  -43.44172  -53.61230     -0.018    1476.15     14.912     14.793     9.4773     9.4759    -0.0014     9.4757     9.4743    -0.0014   3.678087   3.678618   0.000532    34.1491    34.1560     6.7259    26.3749    26.3805    292.662  279.44264  279.62340          3  0.000e+00
