Pos-Processados/process_op38/operantar38_020.ros
* Sea-Bird SBE 9 Data File:
* FileName = D:\OPERANTAR_XXXVIII\DADOS\OP38_020.hdr
* Software Version Seasave V 7.18c
* Temperature SN = 4808
* Conductivity SN = 3380
* Number of Bytes Per Scan = 34
* Number of Voltage Words = 3
* Number of Scans Averaged by the Deck Unit = 1
* NMEA Latitude = 62 13.02 S
* NMEA Longitude = 058 20.27 W
* NMEA UTC (Time) = Nov 22 2019 12:22:40
** H41
** NAVIO POLAR ALMIRANTE MAXIMIANO
** CRUZEIRO:
** OPERANTAR XXXVIII
** ESTAÇÃO: OP38_020
** LAT 62 13,00'S
** LONG 058 20,28'W
** 09P73767-1155_A
** PROFUNDIDADE: 497
** DATA/HORA: 221223Z/NOV/2019
** OPERADOR: SO-HN CHAVES
# nquan = 26
# nvalues = 1034                                  
# units = specified
# name 0 = scan: Scan Count
# name 1 = timeJ: Julian Days
# name 2 = latitude: Latitude [deg]
# name 3 = longitude: Longitude [deg]
# name 4 = dz/dtM: Descent Rate [m/s]
# name 5 = avgsvCM: Average Sound Velocity [Chen-Millero, m/s]
# name 6 = prDM: Pressure, Digiquartz [db]
# name 7 = depSM: Depth [salt water, m]
# name 8 = t090C: Temperature [ITS-90, deg C]
# name 9 = t190C: Temperature, 2 [ITS-90, deg C]
# name 10 = T2-T190C: Temperature Difference, 2 - 1 [ITS-90, deg C]
# name 11 = potemp090C: Potential Temperature [ITS-90, deg C]
# name 12 = potemp190C: Potential Temperature, 2 [ITS-90, deg C]
# name 13 = potemp90Cdiff: Potential Temperature, Diff, 2 - 1 [ITS-90, deg C]
# name 14 = c0S/m: Conductivity [S/m]
# name 15 = c1S/m: Conductivity, 2 [S/m]
# name 16 = C2-C1S/m: Conductivity Difference, 2 - 1 [S/m]
# name 17 = sal00: Salinity, Practical [PSU]
# name 18 = sal11: Salinity, Practical, 2 [PSU]
# name 19 = sbeox0ML/L: Oxygen, SBE 43 [ml/l]
# name 20 = sbeox1ML/L: Oxygen, SBE 43, 2 [ml/l]
# name 21 = sbeox0ML/Ldiff: Oxygen, SBE 43, Diff, 2 - 1 [ml/l]
# name 22 = sigma-é00: Density [sigma-theta, kg/m^3]
# name 23 = sigma-é11: Density, 2 [sigma-theta, kg/m^3]
# name 24 = nbf: Bottles Fired
# name 25 = flag:  0.000e+00
# interval = seconds: 0.0416667
# start_time = Nov 22 2019 12:22:40 [NMEA time, header]
# bad_flag = -9.990e-29
*END*
[from data line 948]
      39385 326.534734  -62.21706  -58.33796     -0.037    1449.76      2.988      2.959    -0.4091    -0.3987     0.0104    -0.4092    -0.3988     0.0104   2.806856   2.808474   0.001619    34.1697    34.1797     7.6212     5.8862    -1.7350    27.4558    27.4634          6  0.000e+00
      39386 326.534734  -62.21706  -58.33796     -0.039    1449.76      2.940      2.912    -0.4093    -0.3983     0.0110    -0.4094    -0.3984     0.0110   2.806856   2.808544   0.001688    34.1699    34.1802     7.6214     5.8864    -1.7350    27.4560    27.4639          6  0.000e+00
      39387 326.534735  -62.21706  -58.33796     -0.038    1449.76      2.988      2.959    -0.4091    -0.3985     0.0106    -0.4092    -0.3986     0.0106   2.806898   2.808549   0.001652    34.1703    34.1805     7.6208     5.8855    -1.7353    27.4563    27.4641          6  0.000e+00
      39388 326.534735  -62.21706  -58.33796     -0.042    1449.76      2.940      2.912    -0.4089    -0.3982     0.0107    -0.4090    -0.3983     0.0107   2.806898   2.808509   0.001611    34.1701    34.1797     7.6202     5.8912    -1.7290    27.4561    27.4634          6  0.000e+00
      39389 326.534736  -62.21706  -58.33796     -0.043    1449.76      2.988      2.959    -0.4091    -0.3985     0.0106    -0.4092    -0.3986     0.0106   2.806922   2.808509   0.001587    34.1706    34.1799     7.6205     5.8922    -1.7282    27.4566    27.4636          6  0.000e+00
      39390 326.534736  -62.21706  -58.33796     -0.044    1449.76      2.940      2.912    -0.4091    -0.3987     0.0104    -0.4092    -0.3988     0.0104   2.806898   2.808532   0.001634    34.1703    34.1805     7.6207     5.8929    -1.7277    27.4563    27.4641          6  0.000e+00
      39391 326.534737  -62.21706  -58.33796     -0.047    1449.76      2.940      2.912    -0.4091    -0.3988     0.0103    -0.4092    -0.3989     0.0103   2.806880   2.808492   0.001612    34.1701    34.1801     7.6261     5.8878    -1.7383    27.4561    27.4638          6  0.000e+00
      39392 326.534737  -62.21706  -58.33796     -0.050    1449.76      2.940      2.912    -0.4094    -0.3986     0.0108    -0.4095    -0.3987     0.0108   2.806886   2.808503   0.001618    34.1705    34.1801     7.6221     5.8870    -1.7350    27.4565    27.4637          6  0.000e+00
      39393 326.534738  -62.21706  -58.33796     -0.053    1449.76      2.940      2.912    -0.4096    -0.3988     0.0107    -0.4097    -0.3989     0.0107   2.806862   2.808515   0.001653    34.1703    34.1804     7.6216     5.8920    -1.7296    27.4564    27.4640          6  0.000e+00
      39394 326.534738  -62.21706  -58.33796     -0.056    1449.76      2.940      2.912    -0.4096    -0.3993     0.0103    -0.4097    -0.3994     0.0103   2.806880   2.808480   0.001601    34.1706    34.1805     7.6211     5.8922    -1.7290    27.4566    27.4641          6  0.000e+00
      39395 326.534739  -62.21706  -58.33796     -0.059    1449.76      2.885      2.858    -0.4097    -0.3988     0.0109    -0.4098    -0.3989     0.0109   2.806862   2.808463   0.001601    34.1706    34.1797     7.6207     5.8920    -1.7287    27.4566    27.4635          6  0.000e+00
      39396 326.534739  -62.21706  -58.33796     -0.064    1449.76      2.940      2.912    -0.4097    -0.3993     0.0104    -0.4098    -0.3994     0.0104   2.806880   2.808521   0.001641    34.1708    34.1810     7.6202     5.8929    -1.7273    27.4567    27.4645          6  0.000e+00
      39397 326.534740  -62.21706  -58.33796     -0.066    1449.76      2.885      2.858    -0.4099    -0.3991     0.0107    -0.4100    -0.3992     0.0107   2.806880   2.808451   0.001572    34.1709    34.1800     7.6197     5.8937    -1.7261    27.4569    27.4637          6  0.000e+00
      39398 326.534740  -62.21706  -58.33796     -0.071    1449.76      2.885      2.858    -0.4097    -0.3994     0.0103    -0.4098    -0.3995     0.0103   2.806868   2.808451   0.001584    34.1707    34.1803     7.6192     5.8943    -1.7250    27.4566    27.4640          6  0.000e+00
      39399 326.534741  -62.21706  -58.33796     -0.072    1449.76      2.940      2.912    -0.4100    -0.3992     0.0108    -0.4101    -0.3993     0.0108   2.806844   2.808498   0.001654    34.1706    34.1807     7.6189     5.8948    -1.7241    27.4566    27.4642          6  0.000e+00
      39400 326.534741  -62.21706  -58.33796     -0.075    1449.76      2.885      2.858    -0.4100    -0.3994     0.0106    -0.4101    -0.3995     0.0106   2.806850   2.808463   0.001613    34.1707    34.1805     7.6235     5.8951    -1.7284    27.4567    27.4641          6  0.000e+00
      39401 326.534742  -62.21706  -58.33796     -0.079    1449.76      2.885      2.858    -0.4101    -0.3996     0.0105    -0.4102    -0.3997     0.0105   2.806838   2.808457   0.001620    34.1706    34.1806     7.6194     5.9011    -1.7184    27.4566    27.4642          6  0.000e+00
      39402 326.534742  -62.21706  -58.33796     -0.079    1449.76      2.940      2.912    -0.4099    -0.3997     0.0101    -0.4100    -0.3998     0.0101   2.806832   2.808498   0.001666    34.1703    34.1812     7.6190     5.8964    -1.7225    27.4563    27.4647          6  0.000e+00
      39403 326.534742  -62.21706  -58.33796     -0.085    1449.76      2.837      2.810    -0.4100    -0.3996     0.0104    -0.4101    -0.3997     0.0104   2.806856   2.808463   0.001607    34.1709    34.1807     7.6192     5.8962    -1.7230    27.4568    27.4643          6  0.000e+00
      39404 326.534743  -62.21706  -58.33796     -0.086    1449.76      2.906      2.878    -0.4103    -0.3998     0.0106    -0.4104    -0.3998     0.0106   2.806838   2.808434   0.001596    34.1709    34.1804     7.6197     5.8960    -1.7236    27.4568    27.4641          6  0.000e+00
      39405 326.534743  -62.21706  -58.33796     -0.088    1449.76      2.885      2.858    -0.4102    -0.3994     0.0108    -0.4103    -0.3995     0.0108   2.806832   2.808469   0.001637    34.1707    34.1805     7.6200     5.9025    -1.7175    27.4567    27.4641          6  0.000e+00
      39406 326.534744  -62.21706  -58.33796     -0.090    1449.76      2.885      2.858    -0.4102    -0.3998     0.0105    -0.4103    -0.3998     0.0105   2.806832   2.808469   0.001637    34.1707    34.1809     7.6196     5.8973    -1.7223    27.4567    27.4644          6  0.000e+00
      39407 326.534744  -62.21706  -58.33796     -0.091    1449.76      2.885      2.858    -0.4102    -0.3999     0.0103    -0.4103    -0.4000     0.0103   2.806856   2.808451   0.001596    34.1710    34.1808     7.6192     5.9024    -1.7168    27.4569    27.4644          6  0.000e+00
      39408 326.534745  -62.21706  -58.33796     -0.092    1449.76      2.885      2.858    -0.4100    -0.3997     0.0103    -0.4101    -0.3998     0.0103   2.806838   2.808474   0.001637    34.1706    34.1809     7.6188     5.9026    -1.7162    27.4566    27.4645          6  0.000e+00
      39409 326.534745  -62.21706  -58.33796     -0.092    1449.76      2.885      2.858    -0.4099    -0.4005     0.0093    -0.4100    -0.4006     0.0093   2.806832   2.808469   0.001637    34.1703    34.1818     7.6184     5.9028    -1.7157    27.4563    27.4652          6  0.000e+00
      39410 326.534746  -62.21706  -58.33796     -0.092    1449.76      2.885      2.858    -0.4102    -0.4002     0.0100    -0.4103    -0.4003     0.0100   2.806850   2.808428   0.001579    34.1709    34.1809     7.6189     5.9026    -1.7163    27.4569    27.4645          6  0.000e+00
      39411 326.534746  -62.21706  -58.33796     -0.095    1449.76      2.837      2.810    -0.4101    -0.4001     0.0100    -0.4102    -0.4002     0.0100   2.806838   2.808428   0.001591    34.1707    34.1807     7.6193     5.9022    -1.7171    27.4567    27.4643          6  0.000e+00
      39412 326.534747  -62.21706  -58.33796     -0.096    1449.76      2.885      2.858    -0.4100    -0.4003     0.0097    -0.4101    -0.4004     0.0097   2.806838   2.808469   0.001631    34.1706    34.1815     7.6139     5.9018    -1.7121    27.4566    27.4650          6  0.000e+00
      39413 326.534747  -62.21706  -58.33796     -0.095    1449.76      2.885      2.858    -0.4102    -0.4005     0.0097    -0.4103    -0.4006     0.0097   2.806808   2.808417   0.001609    34.1704    34.1811     7.6188     5.9023    -1.7165    27.4564    27.4646          6  0.000e+00
      39414 326.534748  -62.21706  -58.33796     -0.094    1449.76      2.885      2.858    -0.4103    -0.4005     0.0098    -0.4104    -0.4006     0.0098   2.806808   2.808463   0.001655    34.1705    34.1817     7.6194     5.9084    -1.7110    27.4565    27.4651          6  0.000e+00
      39415 326.534748  -62.21706  -58.33796     -0.092    1449.76      2.885      2.858    -0.4102    -0.4005     0.0097    -0.4103    -0.4006     0.0097   2.806826   2.808428   0.001603    34.1706    34.1812     7.6191     5.9039    -1.7153    27.4566    27.4647          6  0.000e+00
      39416 326.534749  -62.21706  -58.33796     -0.093    1449.76      2.837      2.810    -0.4104    -0.4005     0.0098    -0.4105    -0.4006     0.0098   2.806814   2.808376   0.001563    34.1707    34.1806     7.6189     5.9085    -1.7104    27.4567    27.4642          6  0.000e+00
      39417 326.534749  -62.21706  -58.33796     -0.093    1449.76      2.885      2.858    -0.4105    -0.4004     0.0101    -0.4106    -0.4005     0.0101   2.806826   2.808417   0.001591    34.1709    34.1809     7.6195     5.9093    -1.7102    27.4569    27.4645          6  0.000e+00
      39418 326.534750  -62.21706  -58.33796     -0.090    1449.76      2.885      2.858    -0.4105    -0.4005     0.0100    -0.4106    -0.4006     0.0100   2.806796   2.808451   0.001656    34.1705    34.1815     7.6193     5.9100    -1.7093    27.4566    27.4650          6  0.000e+00
      39419 326.534750  -62.21706  -58.33796     -0.084    1449.76      2.940      2.912    -0.4105    -0.4005     0.0100    -0.4106    -0.4006     0.0100   2.806796   2.808451   0.001656    34.1705    34.1815     7.6192     5.9106    -1.7086    27.4565    27.4650          6  0.000e+00
      39420 326.534751  -62.21706  -58.33796     -0.086    1449.76      2.837      2.810    -0.4107    -0.4007     0.0100    -0.4108    -0.4008     0.0100   2.806808   2.808399   0.001592    34.1709    34.1810     7.6189     5.9109    -1.7080    27.4569    27.4646          6  0.000e+00
      39421 326.534751  -62.21706  -58.33796     -0.082    1449.76      2.885      2.858    -0.4107    -0.4005     0.0101    -0.4108    -0.4006     0.0101   2.806802   2.808399   0.001598    34.1708    34.1809     7.6196     5.9110    -1.7085    27.4568    27.4644          6  0.000e+00
      39422 326.534752  -62.21706  -58.33796     -0.081    1449.76      2.885      2.858    -0.4107    -0.4005     0.0102    -0.4108    -0.4006     0.0102   2.806808   2.808417   0.001609    34.1709    34.1810     7.6194     5.9110    -1.7084    27.4569    27.4646          6  0.000e+00
      39423 326.534752  -62.21706  -58.33796     -0.074    1449.76      2.885      2.858    -0.4107    -0.4007     0.0100    -0.4108    -0.4008     0.0100   2.806772   2.808411   0.001639    34.1704    34.1812     7.6201     5.9108    -1.7093    27.4565    27.4647          6  0.000e+00
      39424 326.534753  -62.21706  -58.33796     -0.071    1449.76      2.961      2.932    -0.4110    -0.4007     0.0103    -0.4111    -0.4008     0.0103   2.806790   2.808411   0.001621    34.1709    34.1811     7.6201     5.9104    -1.7096    27.4569    27.4647          6  0.000e+00
      39425 326.534753  -62.21706  -58.33796     -0.065    1449.76      2.837      2.810    -0.4110    -0.4006     0.0103    -0.4110    -0.4007     0.0103   2.806784   2.808417   0.001633    34.1709    34.1812     7.6206     5.9097    -1.7109    27.4569    27.4647          6  0.000e+00
      39426 326.534754  -62.21706  -58.33796     -0.060    1449.76      2.940      2.912    -0.4108    -0.4012     0.0096    -0.4109    -0.4013     0.0096   2.806778   2.808388   0.001610    34.1706    34.1814     7.6206     5.9149    -1.7057    27.4566    27.4649          6  0.000e+00
      39427 326.534754  -62.21706  -58.33796     -0.057    1449.76      2.885      2.858    -0.4108    -0.4009     0.0100    -0.4109    -0.4009     0.0100   2.806760   2.808399   0.001640    34.1704    34.1812     7.6204     5.9149    -1.7056    27.4565    27.4647          6  0.000e+00
      39428 326.534755  -62.21706  -58.33796     -0.055    1449.76      2.885      2.858    -0.4108    -0.4009     0.0098    -0.4109    -0.4010     0.0098   2.806790   2.808411   0.001621    34.1708    34.1815     7.6211     5.9147    -1.7064    27.4568    27.4649          6  0.000e+00
      39429 326.534755  -62.21706  -58.33796     -0.048    1449.76      2.940      2.912    -0.4111    -0.4013     0.0098    -0.4112    -0.4014     0.0098   2.806748   2.808376   0.001629    34.1706    34.1814     7.6220     5.9145    -1.7075    27.4566    27.4649          6  0.000e+00
      39430 326.534755  -62.21706  -58.33796     -0.042    1449.76      2.885      2.858    -0.4108    -0.4007     0.0101    -0.4109    -0.4008     0.0101   2.806741   2.808376   0.001635    34.1701    34.1807     7.6218     5.9149    -1.7069    27.4562    27.4643          6  0.000e+00
      39431 326.534756  -62.21706  -58.33796     -0.035    1449.76      2.940      2.912    -0.4108    -0.4007     0.0101    -0.4109    -0.4008     0.0101   2.806754   2.808399   0.001646    34.1703    34.1810     7.6218     5.9153    -1.7065    27.4564    27.4646          6  0.000e+00
      39432 326.534756  -62.21706  -58.33796     -0.029    1449.76      2.940      2.912    -0.4108    -0.4011     0.0097    -0.4109    -0.4012     0.0097   2.806790   2.808359   0.001569    34.1708    34.1809     7.6167     5.9156    -1.7011    27.4568    27.4645          6  0.000e+00
      39433 326.534757  -62.21706  -58.33796     -0.023    1449.76      2.940      2.912    -0.4110    -0.4012     0.0098    -0.4110    -0.4013     0.0098   2.806784   2.808371   0.001587    34.1709    34.1811     7.6211     5.9156    -1.7055    27.4568    27.4647          6  0.000e+00
      39434 326.534757  -62.21706  -58.33796     -0.016    1449.76      2.940      2.912    -0.4110    -0.4016     0.0093    -0.4110    -0.4017     0.0093   2.806766   2.808382   0.001617    34.1706    34.1818     7.6211     5.9154    -1.7056    27.4566    27.4653          6  0.000e+00
      39435 326.534758  -62.21706  -58.33796     -0.012    1449.76      2.940      2.912    -0.4110    -0.4011     0.0098    -0.4110    -0.4012     0.0098   2.806772   2.808394   0.001622    34.1707    34.1814     7.6211     5.9150    -1.7061    27.4567    27.4649          6  0.000e+00
      39436 326.534758  -62.21706  -58.33796     -0.005    1449.76      2.940      2.912    -0.4110    -0.4012     0.0098    -0.4110    -0.4013     0.0098   2.806778   2.808365   0.001587    34.1708    34.1811     7.6211     5.9145    -1.7066    27.4568    27.4646          6  0.000e+00
      39437 326.534759  -62.21706  -58.33796      0.002    1449.76      2.988      2.959    -0.4107    -0.4009     0.0098    -0.4108    -0.4009     0.0098   2.806778   2.808371   0.001593    34.1704    34.1808     7.6211     5.9206    -1.7004    27.4565    27.4644          6  0.000e+00
      39438 326.534759  -62.21706  -58.33796      0.009    1449.76      2.940      2.912    -0.4107    -0.4009     0.0097    -0.4108    -0.4010     0.0097   2.806802   2.808347   0.001546    34.1708    34.1806     7.6210     5.9220    -1.6990    27.4568    27.4642          6  0.000e+00
      39439 326.534760  -62.21706  -58.33796      0.013    1449.76      2.940      2.912    -0.4107    -0.4015     0.0092    -0.4108    -0.4016     0.0092   2.806802   2.808347   0.001546    34.1708    34.1812     7.6210     5.9232    -1.6978    27.4568    27.4647          6  0.000e+00
