Pos-Processados/process_op38/operantar38_024.cnv
* Sea-Bird SBE 9 Data File:
* FileName = D:\OPERANTAR_XXXVIII\DADOS\OP38_024.hdr
* Software Version Seasave V 7.18c
* Temperature SN = 4808
* Conductivity SN = 3380
* Number of Bytes Per Scan = 34
* Number of Voltage Words = 3
* Number of Scans Averaged by the Deck Unit = 1
* NMEA Latitude = 62 13.17 S
* NMEA Longitude = 058 22.76 W
* NMEA UTC (Time) = Nov 22 2019 19:55:17
** H41
** NAVIO POLAR ALMIRANTE MAXIMIANO
** CRUZEIRO:
** OPERANTAR XXXVIII
** ESTAÇÃO: OP38_024
** LAT 62 13,16'S
** LONG 058 22,74'W
** 09P73767-1155_A
** PROFUNDIDADE: 292
** DATA/HORA: 221955Z/NOV/2019
** OPERADOR: SO-HN CHAVES
# nquan = 32
# nvalues = 555                         
# units = specified
# name 0 = scan: Scan Count
# name 1 = timeJ: Julian Days
# name 2 = latitude: Latitude [deg]
# name 3 = longitude: Longitude [deg]
# name 4 = dz/dtM: Descent Rate [m/s]
# name 5 = avgsvCM: Average Sound Velocity [Chen-Millero, m/s]
# name 6 = prDM: Pressure, Digiquartz [db]
# name 7 = depSM: Depth [salt water, m]
# name 8 = t090C: Temperature [ITS-90, deg C]
# name 9 = t190C: Temperature, 2 [ITS-90, deg C]
# name 10 = T2-T190C: Temperature Difference, 2 - 1 [ITS-90, deg C]
# name 11 = potemp090C: Potential Temperature [ITS-90, deg C]
# name 12 = potemp190C: Potential Temperature, 2 [ITS-90, deg C]
# name 13 = potemp90Cdiff: Potential Temperature, Diff, 2 - 1 [ITS-90, deg C]
# name 14 = c0S/m: Conductivity [S/m]
# name 15 = c1S/m: Conductivity, 2 [S/m]
# name 16 = C2-C1S/m: Conductivity Difference, 2 - 1 [S/m]
# name 17 = sal00: Salinity, Practical [PSU]
# name 18 = sal11: Salinity, Practical, 2 [PSU]
# name 19 = sbeox0ML/L: Oxygen, SBE 43 [ml/l]
# name 20 = sbeox1ML/L: Oxygen, SBE 43, 2 [ml/l]
# name 21 = sbeox0ML/Ldiff: Oxygen, SBE 43, Diff, 2 - 1 [ml/l]
# name 22 = sigma-é00: Density [sigma-theta, kg/m^3]
# name 23 = sigma-é11: Density, 2 [sigma-theta, kg/m^3]
# name 24 = sal00: Salinity, Practical [PSU]
# name 25 = sigma-é00: Density [sigma-theta, kg/m^3]
# name 26 = svCM: Sound Velocity [Chen-Millero, m/s]
# name 27 = svCM1: Sound Velocity, 2 [Chen-Millero, m/s]
# name 28 = gsw_ptA0: potential temperature [ITS-90, deg C]
# name 29 = gsw_densityA0: density, TEOS-10 [density, kg/m^3]
# name 30 = gsw_saA0: Absolute Salinity [g/kg]
# name 31 = flag:
# span 0 =        317,      20305       
# span 1 = 326.830210, 326.839850       
# span 2 =  -62.21966,  -62.21962       
# span 3 =  -58.37934,  -58.37920       
# span 4 =     -1.192,      1.182       
# span 5 =       0.00,    1448.21       
# span 6 =      2.000,    279.000       
# span 7 =      1.984,    276.129       
# span 8 =    -0.5351,    -0.2786       
# span 9 =    -0.5349,    -0.2795       
# span 10 =    -0.0094,     0.0178      
# span 11 =    -0.5412,    -0.2786      
# span 12 =    -0.5411,    -0.2797      
# span 13 =    -0.0094,     0.0178      
# span 14 =   2.805642,   2.818352      
# span 15 =   2.806082,   2.818772      
# span 16 =  -0.000229,   0.001748      
# span 17 =    34.1700,    34.2931      
# span 18 =    34.1743,    34.2985      
# span 19 =     7.0001,     7.6497      
# span 20 =     6.7004,     7.3923      
# span 21 =    -0.3758,    -0.1935      
# span 22 =    27.4500,    27.5616      
# span 23 =    27.4535,    27.5659      
# span 24 =    34.1688,    34.2931      
# span 25 =    27.4502,    27.5616      
# span 26 =    1446.38,    1450.27      
# span 27 =    1446.39,    1450.28      
# span 28 =    -0.5411,    -0.2787      
# span 29 =  1027.4642,  1028.8984      
# span 30 =    34.3337,    34.4606      
# span 31 = 0.0000e+00, 0.0000e+00      
# interval = decibars: 1                
# start_time = Nov 22 2019 19:55:17 [NMEA time, header]
# bad_flag = -9.990e-29
*END*
[from data line 182]
       5142 326.832537  -62.21962  -58.37932      0.974    1447.15    184.000    182.152    -0.5277    -0.5276     0.0001    -0.5335    -0.5334     0.0001   2.812693   2.813109   0.000414    34.2703    34.2758     7.1450     6.9188    -0.2262    27.5428    27.5472    34.2706    27.5430    1448.71    1448.72    -0.5334  1028.4274    34.4375 0.0000e+00
       5168 326.832549  -62.21962  -58.37932      0.948    1447.15    185.000    183.142    -0.5265    -0.5264     0.0002    -0.5324    -0.5323     0.0002   2.812987   2.813400   0.000413    34.2723    34.2777     7.1436     6.9182    -0.2254    27.5443    27.5487    34.2726    27.5446    1448.73    1448.74    -0.5322  1028.4338    34.4396 0.0000e+00
       5192 326.832561  -62.21962  -58.37932      0.968    1447.15    186.000    184.131    -0.5259    -0.5257     0.0003    -0.5318    -0.5316     0.0002   2.813174   2.813596   0.000422    34.2737    34.2791     7.1455     6.9172    -0.2283    27.5455    27.5498    34.2738    27.5456    1448.75    1448.76    -0.5317  1028.4395    34.4408 0.0000e+00
       5215 326.832572  -62.21962  -58.37932      1.005    1447.15    187.000    185.121    -0.5257    -0.5255     0.0001    -0.5316    -0.5315     0.0001   2.813262   2.813682   0.000422    34.2740    34.2795     7.1459     6.9248    -0.2212    27.5457    27.5502    34.2741    27.5458    1448.77    1448.78    -0.5315  1028.4445    34.4411 0.0000e+00
       5239 326.832584  -62.21962  -58.37932      1.027    1447.15    188.000    186.110    -0.5252    -0.5250     0.0001    -0.5311    -0.5310     0.0001   2.813413   2.813817   0.000410    34.2747    34.2800     7.1406     6.9238    -0.2168    27.5462    27.5506    34.2750    27.5465    1448.79    1448.80    -0.5310  1028.4499    34.4420 0.0000e+00
       5263 326.832595  -62.21962  -58.37932      1.013    1447.15    189.000    187.100    -0.5250    -0.5248     0.0001    -0.5309    -0.5308     0.0001   2.813505   2.813913   0.000399    34.2752    34.2804     7.1270     6.9191    -0.2078    27.5466    27.5509    34.2754    27.5468    1448.81    1448.82    -0.5308  1028.4550    34.4424 0.0000e+00
       5288 326.832608  -62.21962  -58.37932      0.974    1447.15    190.000    188.090    -0.5249    -0.5246     0.0002    -0.5309    -0.5307     0.0002   2.813487   2.813933   0.000442    34.2745    34.2802     7.1237     6.9066    -0.2170    27.5461    27.5507    34.2744    27.5460    1448.82    1448.83    -0.5308  1028.4590    34.4414 0.0000e+00
       5314 326.832620  -62.21962  -58.37932      0.926    1447.15    191.000    189.079    -0.5247    -0.5243     0.0005    -0.5308    -0.5303     0.0005   2.813531   2.813976   0.000444    34.2741    34.2795     7.1168     6.8964    -0.2203    27.5457    27.5502    34.2742    27.5459    1448.84    1448.85    -0.5306  1028.4636    34.4412 0.0000e+00
       5342 326.832633  -62.21962  -58.37932      0.888    1447.15    192.000    190.068    -0.5250    -0.5247     0.0003    -0.5311    -0.5308     0.0003   2.813565   2.813975   0.000409    34.2743    34.2795     7.1189     6.8839    -0.2350    27.5459    27.5501    34.2744    27.5460    1448.86    1448.87    -0.5310  1028.4685    34.4414 0.0000e+00
       5367 326.832646  -62.21962  -58.37932      0.906    1447.15    193.000    191.058    -0.5250    -0.5248     0.0003    -0.5311    -0.5309     0.0003   2.813637   2.814076   0.000444    34.2746    34.2803     7.1223     6.8895    -0.2329    27.5462    27.5508    34.2748    27.5463    1448.87    1448.88    -0.5310  1028.4736    34.4418 0.0000e+00
       5390 326.832657  -62.21962  -58.37932      0.997    1447.15    194.000    192.047    -0.5249    -0.5247     0.0002    -0.5311    -0.5309     0.0002   2.813737   2.814127   0.000391    34.2752    34.2803     7.1224     6.8872    -0.2352    27.5467    27.5507    34.2754    27.5468    1448.89    1448.90    -0.5309  1028.4789    34.4424 0.0000e+00
       5410 326.832666  -62.21962  -58.37932      1.105    1447.15    195.000    193.036    -0.5242    -0.5239     0.0003    -0.5304    -0.5301     0.0003   2.813960   2.814403   0.000429    34.2766    34.2821     7.1245     6.8783    -0.2463    27.5478    27.5522    34.2770    27.5480    1448.91    1448.92    -0.5303  1028.4848    34.4440 0.0000e+00
       5430 326.832676  -62.21962  -58.37932      1.178    1447.46    196.000    194.026    -0.5235    -0.5229     0.0006    -0.5297    -0.5291     0.0006   2.814187   2.814654   0.000479    34.2782    34.2840     7.1250     6.8843    -0.2406    27.5490    27.5537    34.2786    27.5493    1448.93    1448.94    -0.5296  1028.4909    34.4456 0.0000e+00
       5451 326.832686  -62.21962  -58.37932      1.182    1447.57    197.000    195.016    -0.5231    -0.5229     0.0003    -0.5294    -0.5291     0.0003   2.814215   2.814655   0.000438    34.2779    34.2835     7.1247     6.8822    -0.2424    27.5488    27.5533    34.2779    27.5488    1448.95    1448.96    -0.5292  1028.4951    34.4450 0.0000e+00
       5474 326.832697  -62.21962  -58.37932      1.104    1447.57    198.000    196.005    -0.5234    -0.5229     0.0005    -0.5297    -0.5292     0.0005   2.814195   2.814634   0.000434    34.2774    34.2827     7.1194     6.8847    -0.2347    27.5484    27.5526    34.2774    27.5484    1448.97    1448.98    -0.5296  1028.4995    34.4444 0.0000e+00
       5499 326.832709  -62.21962  -58.37932      0.991    1447.57    199.000    196.995    -0.5238    -0.5232     0.0005    -0.5301    -0.5296     0.0005   2.814205   2.814678   0.000480    34.2771    34.2830     7.1081     6.8766    -0.2315    27.5481    27.5529    34.2774    27.5484    1448.98    1448.99    -0.5300  1028.5042    34.4444 0.0000e+00
       5524 326.832721  -62.21962  -58.37932      0.963    1447.57    200.000    197.984    -0.5236    -0.5235     0.0002    -0.5300    -0.5298     0.0002   2.814289   2.814682   0.000395    34.2775    34.2826     7.1020     6.8778    -0.2242    27.5485    27.5526    34.2777    27.5486    1449.00    1449.01    -0.5298  1028.5093    34.4448 0.0000e+00
       5547 326.832732  -62.21964  -58.37932      1.009    1447.57    201.000    198.974    -0.5233    -0.5229     0.0004    -0.5297    -0.5293     0.0004   2.814443   2.814873   0.000428    34.2787    34.2841     7.1077     6.8734    -0.2343    27.5495    27.5537    34.2788    27.5495    1449.02    1449.03    -0.5296  1028.5149    34.4458 0.0000e+00
       5570 326.832744  -62.21964  -58.37932      1.039    1447.57    202.000    199.963    -0.5239    -0.5234     0.0005    -0.5303    -0.5298     0.0005   2.814305   2.814814   0.000500    34.2772    34.2834     7.1172     6.8703    -0.2468    27.5482    27.5532    34.2769    27.5480    1449.03    1449.04    -0.5302  1028.5182    34.4440 0.0000e+00
       5596 326.832756  -62.21964  -58.37932      0.966    1447.57    203.000    200.952    -0.5246    -0.5243     0.0003    -0.5310    -0.5308     0.0003   2.814179   2.814594   0.000427    34.2754    34.2808     7.1116     6.8695    -0.2421    27.5468    27.5512    34.2754    27.5468    1449.04    1449.05    -0.5309  1028.5218    34.4425 0.0000e+00
       5623 326.832769  -62.21964  -58.37932      0.917    1447.57    204.000    201.942    -0.5238    -0.5235     0.0004    -0.5303    -0.5300     0.0004   2.814478   2.814921   0.000439    34.2776    34.2831     7.1043     6.8625    -0.2418    27.5485    27.5530    34.2780    27.5489    1449.06    1449.07    -0.5302  1028.5286    34.4451 0.0000e+00
       5648 326.832781  -62.21964  -58.37932      0.913    1447.57    205.000    202.931    -0.5229    -0.5225     0.0004    -0.5294    -0.5291     0.0003   2.814694   2.815107   0.000412    34.2792    34.2843     7.1083     6.8534    -0.2548    27.5498    27.5539    34.2792    27.5498    1449.08    1449.09    -0.5293  1028.5343    34.4463 0.0000e+00
       5672 326.832793  -62.21964  -58.37932      0.976    1447.57    206.000    203.920    -0.5229    -0.5225     0.0003    -0.5294    -0.5291     0.0003   2.814687   2.815108   0.000422    34.2785    34.2838     7.1134     6.8510    -0.2624    27.5493    27.5535    34.2785    27.5493    1449.10    1449.11    -0.5293  1028.5385    34.4456 0.0000e+00
       5695 326.832804  -62.21964  -58.37932      1.036    1447.57    207.000    204.910    -0.5234    -0.5232     0.0002    -0.5300    -0.5298     0.0002   2.814576   2.815003   0.000430    34.2772    34.2828     7.1103     6.8600    -0.2503    27.5482    27.5527    34.2770    27.5481    1449.11    1449.12    -0.5299  1028.5421    34.4441 0.0000e+00
       5718 326.832815  -62.21964  -58.37932      1.037    1447.57    208.000    205.899    -0.5248    -0.5246     0.0002    -0.5314    -0.5313     0.0002   2.814412   2.814841   0.000425    34.2758    34.2813     7.1049     6.8686    -0.2363    27.5471    27.5516    34.2758    27.5472    1449.12    1449.13    -0.5313  1028.5460    34.4429 0.0000e+00
       5744 326.832827  -62.21964  -58.37932      0.983    1447.57    209.000    206.889    -0.5249    -0.5247     0.0002    -0.5316    -0.5314     0.0002   2.814508   2.814934   0.000430    34.2765    34.2821     7.1014     6.8463    -0.2550    27.5478    27.5522    34.2766    27.5478    1449.14    1449.15    -0.5314  1028.5513    34.4437 0.0000e+00
       5770 326.832840  -62.21964  -58.37932      0.925    1447.57    210.000    207.878    -0.5249    -0.5246     0.0003    -0.5316    -0.5313     0.0003   2.814558   2.814972   0.000414    34.2766    34.2819     7.1073     6.8202    -0.2871    27.5478    27.5521    34.2766    27.5478    1449.15    1449.16    -0.5315  1028.5561    34.4437 0.0000e+00
       5795 326.832852  -62.21964  -58.37930      0.944    1447.57    211.000    208.867    -0.5249    -0.5247     0.0002    -0.5316    -0.5314     0.0002   2.814592   2.814993   0.000409    34.2763    34.2815     7.1080     6.8083    -0.2997    27.5475    27.5518    34.2765    27.5477    1449.17    1449.18    -0.5315  1028.5608    34.4436 0.0000e+00
       5818 326.832863  -62.21964  -58.37932      0.991    1447.57    212.000    209.857    -0.5245    -0.5245    -0.0000    -0.5312    -0.5313    -0.0000   2.814854   2.815187   0.000329    34.2788    34.2832     7.0974     6.7952    -0.3022    27.5496    27.5531    34.2789    27.5496    1449.19    1449.20    -0.5311  1028.5675    34.4460 0.0000e+00
       5843 326.832875  -62.21962  -58.37932      0.994    1447.57    213.000    210.846    -0.5247    -0.5246     0.0001    -0.5315    -0.5314     0.0001   2.814826   2.815238   0.000407    34.2782    34.2835     7.1022     6.7918    -0.3104    27.5491    27.5534    34.2781    27.5491    1449.20    1449.21    -0.5314  1028.5717    34.4453 0.0000e+00
       5870 326.832888  -62.21962  -58.37932      0.932    1447.57    214.000    211.836    -0.5247    -0.5244     0.0003    -0.5315    -0.5312     0.0003   2.814890   2.815302   0.000416    34.2783    34.2836     7.0999     6.7907    -0.3093    27.5492    27.5534    34.2784    27.5493    1449.22    1449.23    -0.5314  1028.5767    34.4455 0.0000e+00
       5897 326.832901  -62.21962  -58.37932      0.876    1447.57    215.000    212.825    -0.5247    -0.5243     0.0003    -0.5316    -0.5312     0.0003   2.814935   2.815369   0.000430    34.2784    34.2838     7.0928     6.7853    -0.3075    27.5493    27.5536    34.2784    27.5492    1449.24    1449.25    -0.5314  1028.5814    34.4455 0.0000e+00
       5923 326.832914  -62.21962  -58.37932      0.899    1447.57    216.000    213.815    -0.5245    -0.5244     0.0002    -0.5315    -0.5313     0.0002   2.815046   2.815436   0.000394    34.2789    34.2840     7.0931     6.7753    -0.3179    27.5497    27.5538    34.2791    27.5498    1449.26    1449.26    -0.5313  1028.5867    34.4462 0.0000e+00
       5948 326.832926  -62.21962  -58.37932      0.957    1447.57    217.000    214.804    -0.5244    -0.5242     0.0002    -0.5313    -0.5311     0.0002   2.815172   2.815582   0.000411    34.2799    34.2852     7.0974     6.7671    -0.3303    27.5504    27.5547    34.2800    27.5505    1449.27    1449.28    -0.5312  1028.5922    34.4471 0.0000e+00
       5972 326.832937  -62.21962  -58.37932      0.987    1447.57    218.000    215.793    -0.5244    -0.5242     0.0002    -0.5313    -0.5311     0.0002   2.815220   2.815615   0.000396    34.2800    34.2851     7.0942     6.7687    -0.3255    27.5506    27.5547    34.2800    27.5506    1449.29    1449.30    -0.5312  1028.5970    34.4472 0.0000e+00
       5997 326.832950  -62.21962  -58.37932      0.967    1447.57    219.000    216.783    -0.5244    -0.5244    -0.0000    -0.5314    -0.5314    -0.0000   2.815195   2.815580   0.000386    34.2791    34.2843     7.0892     6.7684    -0.3207    27.5498    27.5540    34.2791    27.5498    1449.30    1449.31    -0.5313  1028.6010    34.4463 0.0000e+00
       6023 326.832962  -62.21962  -58.37932      0.939    1447.57    220.000    217.772    -0.5245    -0.5242     0.0003    -0.5316    -0.5312     0.0003   2.815203   2.815606   0.000403    34.2787    34.2837     7.0863     6.7658    -0.3205    27.5495    27.5535    34.2787    27.5495    1449.32    1449.33    -0.5314  1028.6055    34.4459 0.0000e+00
       6047 326.832974  -62.21962  -58.37932      0.957    1447.57    221.000    218.762    -0.5244    -0.5242     0.0002    -0.5315    -0.5313     0.0002   2.815289   2.815724   0.000429    34.2792    34.2847     7.0821     6.7716    -0.3105    27.5499    27.5543    34.2792    27.5499    1449.34    1449.35    -0.5313  1028.6106    34.4463 0.0000e+00
       6071 326.832985  -62.21962  -58.37932      1.005    1447.57    222.000    219.751    -0.5243    -0.5241     0.0002    -0.5314    -0.5312     0.0002   2.815371   2.815776   0.000411    34.2795    34.2848     7.0843     6.7692    -0.3151    27.5501    27.5544    34.2796    27.5502    1449.35    1449.36    -0.5313  1028.6157    34.4467 0.0000e+00
       6093 326.832996  -62.21962  -58.37932      1.044    1447.57    223.000    220.740    -0.5242    -0.5239     0.0003    -0.5313    -0.5311     0.0003   2.815413   2.815780   0.000374    34.2792    34.2839     7.0863     6.7626    -0.3237    27.5499    27.5537    34.2793    27.5500    1449.37    1449.38    -0.5312  1028.6203    34.4465 0.0000e+00
       6117 326.833007  -62.21962  -58.37931      1.043    1447.57    224.000    221.729    -0.5242    -0.5241     0.0000    -0.5313    -0.5313     0.0000   2.815582   2.815942   0.000351    34.2808    34.2855     7.0903     6.7707    -0.3196    27.5512    27.5550    34.2810    27.5513    1449.39    1449.40    -0.5312  1028.6264    34.4482 0.0000e+00
       6141 326.833019  -62.21962  -58.37930      1.000    1447.57    225.000    222.719    -0.5245    -0.5243     0.0001    -0.5317    -0.5315     0.0001   2.815642   2.816049   0.000409    34.2816    34.2869     7.0902     6.7667    -0.3235    27.5518    27.5561    34.2816    27.5518    1449.41    1449.41    -0.5316  1028.6316    34.4488 0.0000e+00
       6167 326.833032  -62.21962  -58.37930      0.947    1447.57    226.000    223.708    -0.5243    -0.5242     0.0001    -0.5315    -0.5314     0.0001   2.815667   2.816084   0.000413    34.2810    34.2864     7.0899     6.7684    -0.3214    27.5514    27.5558    34.2811    27.5514    1449.42    1449.43    -0.5314  1028.6360    34.4483 0.0000e+00
       6195 326.833045  -62.21962  -58.37930      0.895    1447.57    227.000    224.697    -0.5240    -0.5237     0.0003    -0.5313    -0.5310     0.0003   2.815709   2.816229   0.000515    34.2806    34.2872     7.0785     6.7642    -0.3142    27.5510    27.5563    34.2807    27.5511    1449.44    1449.45    -0.5311  1028.6404    34.4479 0.0000e+00
