Pos-Processados/process_op38/operantar38_003b.ros
* Sea-Bird SBE 9 Data File:
* FileName = D:\OPERANTAR_XXXVIII\DADOS\OP38_003b.hdr
* Software Version Seasave V 7.12
* Temperature SN = 4808
* Conductivity SN = 3380
* Number of Bytes Per Scan = 31
* Number of Voltage Words = 2
* Number of Scans Averaged by the Deck Unit = 1
* NMEA Latitude = 39 32.86 S
* NMEA Longitude = 054 23.47 W
* NMEA UTC (Time) = Jan 17 2019 09:51:02
** H41
** NAVIO POLAR ALMIRANTE MAXIMIANO
** CRUZEIRO:
** OPERANTAR XXXVIII
** ESTAÇÃO: OP38_003b
** LAT 39º 32,86'S
** LONG 054º 23,47'W
** 09P73767-1155
** PROFUNDIDADE: 2920 m
** DATA/HORA: 170950Z/OUT/2019
** OPERADOR: SO-HN CHAVES
# nquan = 27
# nvalues = 1649                                  
# units = specified
# name 0 = scan: Scan Count
# name 1 = timeJ: Julian Days
# name 2 = latitude: Latitude [deg]
# name 3 = longitude: Longitude [deg]
# name 4 = dz/dtM: Descent Rate [m/s]
# name 5 = avgsvCM: Average Sound Velocity [Chen-Millero, m/s]
# name 6 = prDM: Pressure, Digiquartz [db]
# name 7 = depSM: Depth [salt water, m]
# name 8 = t090C: Temperature [ITS-90, deg C]
# name 9 = t190C: Temperature, 2 [ITS-90, deg C]
# name 10 = T2-T190C: Temperature Difference, 2 - 1 [ITS-90, deg C]
# name 11 = potemp090C: Potential Temperature [ITS-90, deg C]
# name 12 = potemp190C: Potential Temperature, 2 [ITS-90, deg C]
# name 13 = potemp90Cdiff: Potential Temperature, Diff, 2 - 1 [ITS-90, deg C]
# name 14 = c0S/m: Conductivity [S/m]
# name 15 = c1S/m: Conductivity, 2 [S/m]
# name 16 = C2-C1S/m: Conductivity Difference, 2 - 1 [S/m]
# name 17 = sal00: Salinity, Practical [PSU]
# name 18 = sal11: Salinity, Practical, 2 [PSU]
# name 19 = sbeox0ML/L: Oxygen, SBE 43 [ml/l]
# name 20 = sigma-é00: Density [sigma-theta, kg/m^3]
# name 21 = sigma-é11: Density, 2 [sigma-theta, kg/m^3]
# name 22 = sbox0Mm/Kg: Oxygen, SBE 43 [umol/kg]
# name 23 = oxsolMm/Kg: Oxygen Saturation, Garcia & Gordon [umol/kg]
# name 24 = oxsatMm/Kg: Oxygen Saturation, Weiss [umol/kg]
# name 25 = nbf: Bottles Fired
# name 26 = flag:  0.000e+00
# interval = seconds: 0.0416667
# start_time = Jan 17 2019 09:51:02 [NMEA time, header]
# bad_flag = -9.990e-29
*END*
[from data line 913]
       3499  17.412127  -39.54770  -54.39120     -0.167    1474.69     34.762     34.494     6.1256     6.1255    -0.0001     6.1227     6.1226    -0.0001   3.368226   3.368721   0.000495    34.0834    34.0890     7.3751    26.8128    26.8173    320.771  301.43766  301.95971          6  0.000e+00
       3500  17.412127  -39.54770  -54.39120     -0.161    1474.69     34.769     34.501     6.1260     6.1246    -0.0014     6.1230     6.1216    -0.0014   3.368245   3.368678   0.000433    34.0833    34.0895     7.3759    26.8126    26.8178    320.804  301.43570  301.95771          6  0.000e+00
       3501  17.412128  -39.54770  -54.39120     -0.154    1474.69     34.823     34.555     6.1259     6.1249    -0.0010     6.1229     6.1220    -0.0010   3.368277   3.368684   0.000407    34.0837    34.0892     7.3766    26.8130    26.8175    320.838  301.43545  301.95749          6  0.000e+00
       3502  17.412128  -39.54770  -54.39120     -0.143    1474.69     34.823     34.555     6.1261     6.1244    -0.0017     6.1232     6.1215    -0.0017   3.368264   3.368671   0.000407    34.0833    34.0896     7.3773    26.8127    26.8178    320.867  301.43454  301.95653          6  0.000e+00
       3503  17.412129  -39.54770  -54.39120     -0.138    1474.69     34.769     34.501     6.1264     6.1244    -0.0020     6.1235     6.1215    -0.0020   3.368296   3.368684   0.000387    34.0834    34.0897     7.3778    26.8127    26.8180    320.889  301.43218  301.95415          6  0.000e+00
       3504  17.412129  -39.54770  -54.39120     -0.129    1474.69     34.817     34.548     6.1268     6.1252    -0.0016     6.1239     6.1223    -0.0016   3.368309   3.368640   0.000331    34.0831    34.0884     7.3784    26.8124    26.8168    320.913  301.43019  301.95210          6  0.000e+00
       3505  17.412130  -39.54770  -54.39120     -0.123    1474.69     34.769     34.501     6.1260     6.1244    -0.0015     6.1230     6.1215    -0.0015   3.368219   3.368628   0.000409    34.0830    34.0891     7.3790    26.8124    26.8174    320.940  301.43635  301.95835          6  0.000e+00
       3506  17.412130  -39.54770  -54.39120     -0.112    1474.69     34.823     34.555     6.1246     6.1242    -0.0003     6.1216     6.1213    -0.0003   3.367987   3.368653   0.000665    34.0817    34.0895     7.3839    26.8116    26.8178    321.155  301.44889  301.97103          6  0.000e+00
       3507  17.412131  -39.54770  -54.39120     -0.107    1474.69     34.769     34.501     6.1185     6.1247     0.0062     6.1156     6.1218     0.0062   3.367460   3.368684   0.001224    34.0819    34.0894     7.3859    26.8125    26.8177    321.239  301.49074  302.01360          6  0.000e+00
       3508  17.412131  -39.54770  -54.39120     -0.099    1474.69     34.817     34.548     6.1135     6.1254     0.0119     6.1106     6.1224     0.0119   3.367054   3.368733   0.001679    34.0824    34.0893     7.3876    26.8135    26.8175    321.314  301.52471  302.04816          6  0.000e+00
       3509  17.412132  -39.54770  -54.39120     -0.090    1474.69     34.824     34.555     6.1132     6.1251     0.0119     6.1103     6.1221     0.0119   3.367093   3.368770   0.001677    34.0831    34.0900     7.3883    26.8142    26.8181    321.345  301.52523  302.04874          6  0.000e+00
       3510  17.412132  -39.54770  -54.39120     -0.083    1474.69     34.824     34.555     6.1124     6.1252     0.0128     6.1095     6.1223     0.0128   3.367132   3.368851   0.001719    34.0843    34.0908     7.3931    26.8152    26.8187    321.554  301.52798  302.05161          6  0.000e+00
       3511  17.412133  -39.54770  -54.39120     -0.076    1474.69     34.824     34.555     6.1113     6.1255     0.0143     6.1083     6.1226     0.0143   3.366739   3.368801   0.002062    34.0811    34.0899     7.3904    26.8128    26.8180    321.434  301.54326  302.06695          6  0.000e+00
       3512  17.412133  -39.54770  -54.39120     -0.069    1474.69     34.769     34.501     6.1069     6.1255     0.0186     6.1040     6.1226     0.0186   3.366404   3.368851   0.002446    34.0817    34.0905     7.3915    26.8138    26.8184    321.485  301.57214  302.09634          6  0.000e+00
       3513  17.412133  -39.54770  -54.39120     -0.062    1474.69     34.865     34.596     6.1082     6.1265     0.0183     6.1053     6.1236     0.0183   3.366726   3.368919   0.002193    34.0840    34.0902     7.3916    26.8155    26.8181    321.489  301.55823  302.08235          6  0.000e+00
       3514  17.412134  -39.54770  -54.39120     -0.054    1474.69     34.824     34.555     6.1129     6.1270     0.0141     6.1099     6.1240     0.0141   3.367222   3.368820   0.001598    34.0849    34.0887     7.3950    26.8156    26.8168    321.637  301.52349  302.04708          6  0.000e+00
       3515  17.412134  -39.54770  -54.39120     -0.049    1474.69     34.824     34.555     6.1148     6.1246     0.0098     6.1119     6.1216     0.0098   3.367273   3.368480   0.001207    34.0835    34.0873     7.3954    26.8143    26.8160    321.652  301.51305  302.03637          6  0.000e+00
       3516  17.412135  -39.54770  -54.39120     -0.040    1474.69     34.824     34.555     6.1140     6.1205     0.0065     6.1111     6.1176     0.0065   3.367119   3.368201   0.001083    34.0826    34.0882     7.3961    26.8136    26.8172    321.685  301.52063  302.04403          6  0.000e+00
       3517  17.412135  -39.54770  -54.39120     -0.037    1474.69     34.824     34.555     6.1111     6.1199     0.0088     6.1082     6.1169     0.0088   3.366797   3.368164   0.001368    34.0819    34.0884     7.3971    26.8135    26.8175    321.730  301.54255  302.06628          6  0.000e+00
       3518  17.412136  -39.54770  -54.39120     -0.025    1474.69     34.865     34.596     6.1083     6.1199     0.0115     6.1054     6.1169     0.0115   3.366591   3.368214   0.001623    34.0823    34.0890     7.4022    26.8142    26.8179    321.947  301.56088  302.08494          6  0.000e+00
       3519  17.412136  -39.54770  -54.39120     -0.022    1474.69     34.824     34.555     6.1066     6.1192     0.0127     6.1036     6.1163     0.0127   3.366533   3.368232   0.001699    34.0835    34.0898     7.4031    26.8153    26.8187    321.988  301.57070  302.09500          6  0.000e+00
       3520  17.412137  -39.54770  -54.39120     -0.013    1474.69     34.872     34.603     6.1043     6.1184     0.0141     6.1014     6.1155     0.0141   3.366411   3.368208   0.001797    34.0843    34.0904     7.4041    26.8163    26.8192    322.032  301.58447  302.10904          6  0.000e+00
       3521  17.412137  -39.54770  -54.39120     -0.007    1474.69     34.872     34.603     6.1030     6.1175     0.0144     6.1001     6.1145     0.0144   3.366346   3.368047   0.001700    34.0849    34.0895     7.4048    26.8169    26.8187    322.062  301.59227  302.11702          6  0.000e+00
       3522  17.412138  -39.54770  -54.39120     -0.003    1474.69     34.824     34.555     6.1041     6.1154     0.0113     6.1012     6.1124     0.0112   3.366456   3.367713   0.001257    34.0851    34.0879     7.4049    26.8169    26.8177    322.066  301.58427  302.10889          6  0.000e+00
       3523  17.412138  -39.54770  -54.39120      0.009    1474.69     34.920     34.651     6.1056     6.1113     0.0057     6.1026     6.1084     0.0057   3.366585   3.367423   0.000838    34.0850    34.0886     7.4054    26.8166    26.8188    322.089  301.57422  302.09867          6  0.000e+00
       3524  17.412139  -39.54770  -54.39120      0.012    1474.69     34.824     34.555     6.1070     6.1094     0.0024     6.1041     6.1065     0.0024   3.366707   3.367348   0.000642    34.0850    34.0898     7.4093    26.8164    26.8199    322.258  301.56412  302.08839          6  0.000e+00
       3525  17.412139  -39.54770  -54.39120      0.016    1474.69     34.872     34.603     6.1080     6.1084     0.0004     6.1051     6.1055     0.0004   3.366829   3.367330   0.000501    34.0853    34.0905     7.4055    26.8166    26.8206    322.093  301.55640  302.08057          6  0.000e+00
       3526  17.412140  -39.54770  -54.39120      0.022    1474.69     34.872     34.603     6.1093     6.1081    -0.0012     6.1064     6.1052    -0.0012   3.366971   3.367237   0.000267    34.0856    34.0898     7.4051    26.8166    26.8201    322.076  301.54667  302.07069          6  0.000e+00
       3527  17.412140  -39.54770  -54.39120      0.029    1474.69     34.920     34.651     6.1104     6.1084    -0.0020     6.1075     6.1055    -0.0020   3.367009   3.367200   0.000191    34.0849    34.0890     7.4094    26.8159    26.8194    322.260  301.54055  302.06443          6  0.000e+00
       3528  17.412141  -39.54770  -54.39120      0.037    1474.69     34.920     34.651     6.1110     6.1081    -0.0028     6.1080     6.1052    -0.0028   3.367009   3.367157   0.000148    34.0844    34.0889     7.4094    26.8154    26.8194    322.262  301.53808  302.06188          6  0.000e+00
       3529  17.412141  -39.54770  -54.39120      0.041    1474.69     34.872     34.603     6.1107     6.1078    -0.0029     6.1078     6.1049    -0.0029   3.367009   3.367163   0.000154    34.0846    34.0893     7.4094    26.8157    26.8197    322.261  301.53902  302.06285          6  0.000e+00
       3530  17.412142  -39.54770  -54.39120      0.044    1474.69     34.872     34.603     6.1104     6.1083    -0.0022     6.1075     6.1053    -0.0022   3.366964   3.367262   0.000298    34.0844    34.0899     7.4093    26.8155    26.8202    322.257  301.54163  302.06549          6  0.000e+00
       3531  17.412142  -39.54770  -54.39120      0.049    1474.69     34.920     34.651     6.1104     6.1089    -0.0015     6.1075     6.1060    -0.0015   3.366990   3.367293   0.000303    34.0847    34.0896     7.4095    26.8158    26.8198    322.267  301.54104  302.06491          6  0.000e+00
       3532  17.412143  -39.54770  -54.39120      0.055    1474.69     34.920     34.651     6.1107     6.1091    -0.0017     6.1078     6.1061    -0.0017   3.367009   3.367342   0.000333    34.0846    34.0900     7.4095    26.8156    26.8201    322.268  301.53907  302.06290          6  0.000e+00
       3533  17.412143  -39.54770  -54.39120      0.056    1474.69     34.865     34.596     6.1114     6.1088    -0.0026     6.1085     6.1058    -0.0026   3.367029   3.367348   0.000320    34.0842    34.0904     7.4093    26.8152    26.8205    322.259  301.53531  302.05905          6  0.000e+00
       3534  17.412144  -39.54770  -54.39120      0.062    1474.69     34.920     34.651     6.1122     6.1101    -0.0021     6.1093     6.1071    -0.0021   3.367080   3.367491   0.000411    34.0839    34.0907     7.4091    26.8149    26.8205    322.249  301.53037  302.05401          6  0.000e+00
       3535  17.412144  -39.54770  -54.39120      0.063    1474.69     34.920     34.651     6.1140     6.1112    -0.0028     6.1111     6.1083    -0.0028   3.367215   3.367577   0.000362    34.0836    34.0905     7.4085    26.8144    26.8203    322.223  301.51832  302.04174          6  0.000e+00
       3536  17.412145  -39.54770  -54.39120      0.068    1474.69     34.920     34.651     6.1148     6.1118    -0.0030     6.1119     6.1089    -0.0030   3.367273   3.367596   0.000323    34.0835    34.0901     7.4080    26.8142    26.8198    322.200  301.51315  302.03648          6  0.000e+00
       3537  17.412145  -39.54770  -54.39120      0.072    1474.69     34.920     34.651     6.1153     6.1123    -0.0030     6.1123     6.1094    -0.0030   3.367286   3.367596   0.000310    34.0831    34.0896     7.4115    26.8139    26.8194    322.353  301.51060  302.03387          6  0.000e+00
       3538  17.412146  -39.54770  -54.39120      0.075    1474.69     34.968     34.698     6.1153     6.1121    -0.0031     6.1123     6.1092    -0.0031   3.367260   3.367528   0.000267    34.0828    34.0890     7.4073    26.8137    26.8189    322.169  301.51130  302.03456          6  0.000e+00
       3539  17.412146  -39.54770  -54.39120      0.079    1474.69     34.920     34.651     6.1154     6.1125    -0.0030     6.1125     6.1095    -0.0030   3.367344   3.367509   0.000165    34.0836    34.0885     7.4110    26.8143    26.8185    322.331  301.50841  302.03167          6  0.000e+00
       3540  17.412147  -39.54770  -54.39120      0.085    1474.69     34.975     34.705     6.1166     6.1123    -0.0043     6.1136     6.1094    -0.0043   3.367492   3.367571   0.000079    34.0841    34.0893     7.4068    26.8145    26.8192    322.147  301.49932  302.02245          6  0.000e+00
       3541  17.412147  -39.54770  -54.39120      0.085    1474.69     34.920     34.651     6.1180     6.1126    -0.0054     6.1151     6.1097    -0.0054   3.367614   3.367688   0.000074    34.0841    34.0903     7.4100    26.8143    26.8199    322.291  301.48927  302.01223          6  0.000e+00
       3542  17.412147  -39.54770  -54.39120      0.081    1474.69     34.865     34.597     6.1184     6.1133    -0.0051     6.1154     6.1103    -0.0051   3.367646   3.367763   0.000116    34.0841    34.0905     7.4098    26.8143    26.8200    322.280  301.48691  302.00984          6  0.000e+00
       3543  17.412148  -39.54770  -54.39120      0.089    1474.69     35.023     34.753     6.1193     6.1138    -0.0055     6.1163     6.1108    -0.0055   3.367646   3.367800   0.000153    34.0831    34.0904     7.4096    26.8134    26.8198    322.270  301.48264  302.00543          6  0.000e+00
       3544  17.412148  -39.54770  -54.39120      0.093    1474.69     35.023     34.753     6.1195     6.1141    -0.0054     6.1165     6.1111    -0.0054   3.367711   3.367849   0.000138    34.0836    34.0906     7.4050    26.8138    26.8200    322.072  301.48004  302.00282          6  0.000e+00
       3545  17.412149  -39.54770  -54.39120      0.091    1474.69     34.920     34.651     6.1198     6.1151    -0.0047     6.1169     6.1121    -0.0047   3.367691   3.367960   0.000269    34.0831    34.0909     7.4039    26.8133    26.8201    322.026  301.47892  302.00165          6  0.000e+00
       3546  17.412149  -39.54770  -54.39120      0.095    1474.69     34.975     34.705     6.1192     6.1154    -0.0038     6.1162     6.1124    -0.0038   3.367608   3.368084   0.000476    34.0828    34.0920     7.4072    26.8132    26.8209    322.168  301.48405  302.00684          6  0.000e+00
       3547  17.412150  -39.54770  -54.39120      0.102    1474.69     35.016     34.746     6.1189     6.1159    -0.0030     6.1159     6.1129    -0.0030   3.367563   3.368047   0.000484    34.0826    34.0911     7.4066    26.8130    26.8201    322.143  301.48671  302.00953          6  0.000e+00
       3548  17.412150  -39.54770  -54.39120      0.101    1474.69     34.975     34.705     6.1188     6.1160    -0.0027     6.1158     6.1131    -0.0027   3.367576   3.368004   0.000428    34.0829    34.0904     7.4063    26.8133    26.8196    322.128  301.48683  302.00968          6  0.000e+00
       3549  17.412151  -39.54770  -54.39120      0.103    1474.69     35.023     34.753     6.1184     6.1163    -0.0020     6.1154     6.1134    -0.0020   3.367543   3.367967   0.000423    34.0829    34.0897     7.4060    26.8133    26.8189    322.115  301.48967  302.01257          6  0.000e+00
       3550  17.412151  -39.54770  -54.39120      0.105    1474.69     34.975     34.705     6.1176     6.1157    -0.0019     6.1146     6.1128    -0.0019   3.367505   3.367892   0.000388    34.0833    34.0895     7.4056    26.8137    26.8189    322.097  301.49430  302.01729          6  0.000e+00
       3551  17.412152  -39.54770  -54.39120      0.110    1474.69     35.023     34.753     6.1166     6.1154    -0.0012     6.1136     6.1124    -0.0012   3.367473   3.367843   0.000370    34.0839    34.0892     7.4093    26.8143    26.8187    322.258  301.49986  302.02299          6  0.000e+00
