Pos-Processados/process_op38/operantar38_024.ros
* Sea-Bird SBE 9 Data File:
* FileName = D:\OPERANTAR_XXXVIII\DADOS\OP38_024.hdr
* Software Version Seasave V 7.18c
* Temperature SN = 4808
* Conductivity SN = 3380
* Number of Bytes Per Scan = 34
* Number of Voltage Words = 3
* Number of Scans Averaged by the Deck Unit = 1
* NMEA Latitude = 62 13.17 S
* NMEA Longitude = 058 22.76 W
* NMEA UTC (Time) = Nov 22 2019 19:55:17
** H41
** NAVIO POLAR ALMIRANTE MAXIMIANO
** CRUZEIRO:
** OPERANTAR XXXVIII
** ESTAÇÃO: OP38_024
** LAT 62 13,16'S
** LONG 058 22,74'W
** 09P73767-1155_A
** PROFUNDIDADE: 292
** DATA/HORA: 221955Z/NOV/2019
** OPERADOR: SO-HN CHAVES
# nquan = 27
# nvalues = 1425                                  
# units = specified
# name 0 = scan: Scan Count
# name 1 = timeJ: Julian Days
# name 2 = latitude: Latitude [deg]
# name 3 = longitude: Longitude [deg]
# name 4 = dz/dtM: Descent Rate [m/s]
# name 5 = avgsvCM: Average Sound Velocity [Chen-Millero, m/s]
# name 6 = prDM: Pressure, Digiquartz [db]
# name 7 = depSM: Depth [salt water, m]
# name 8 = t090C: Temperature [ITS-90, deg C]
# name 9 = t190C: Temperature, 2 [ITS-90, deg C]
# name 10 = T2-T190C: Temperature Difference, 2 - 1 [ITS-90, deg C]
# name 11 = potemp090C: Potential Temperature [ITS-90, deg C]
# name 12 = potemp190C: Potential Temperature, 2 [ITS-90, deg C]
# name 13 = potemp90Cdiff: Potential Temperature, Diff, 2 - 1 [ITS-90, deg C]
# name 14 = c0S/m: Conductivity [S/m]
# name 15 = c1S/m: Conductivity, 2 [S/m]
# name 16 = C2-C1S/m: Conductivity Difference, 2 - 1 [S/m]
# name 17 = sal00: Salinity, Practical [PSU]
# name 18 = sal11: Salinity, Practical, 2 [PSU]
# name 19 = sbeox0ML/L: Oxygen, SBE 43 [ml/l]
# name 20 = sigma-é00: Density [sigma-theta, kg/m^3]
# name 21 = sigma-é11: Density, 2 [sigma-theta, kg/m^3]
# name 22 = sbox0Mm/Kg: Oxygen, SBE 43 [umol/kg]
# name 23 = oxsolMm/Kg: Oxygen Saturation, Garcia & Gordon [umol/kg]
# name 24 = oxsatMm/Kg: Oxygen Saturation, Weiss [umol/kg]
# name 25 = nbf: Bottles Fired
# name 26 = flag:  0.000e+00
# interval = seconds: 0.0416667
# start_time = Nov 22 2019 19:55:17 [NMEA time, header]
# bad_flag = -9.990e-29
*END*
[from data line 108]
      18331 326.838898  -62.21964  -58.37922      0.035    1448.21      3.214      3.183    -0.2848    -0.2568     0.0280    -0.2849    -0.2569     0.0280   2.817313   2.818949   0.001636    34.1699    34.1603     7.6430    27.4502    27.4411    332.218  352.82868  354.36141          1  0.000e+00
      18332 326.838898  -62.21964  -58.37922      0.033    1448.21      3.166      3.135    -0.2801    -0.2562     0.0238    -0.2802    -0.2563     0.0238   2.817506   2.819342   0.001836    34.1671    34.1648     7.6420    27.4477    27.4447    332.174  352.79208  354.32367          1  0.000e+00
      18333 326.838899  -62.21964  -58.37922      0.029    1448.21      3.166      3.135    -0.2760    -0.2522     0.0238    -0.2761    -0.2523     0.0238   2.817674   2.819481   0.001807    34.1648    34.1622     7.6411    27.4456    27.4424    332.138  352.76106  354.29169          1  0.000e+00
      18334 326.838899  -62.21964  -58.37922      0.023    1448.21      3.111      3.081    -0.2740    -0.2520     0.0220    -0.2741    -0.2521     0.0220   2.817861   2.819550   0.001690    34.1651    34.1630     7.6406    27.4458    27.4430    332.113  352.74169  354.27192          1  0.000e+00
      18335 326.838899  -62.21964  -58.37922      0.022    1448.21      3.166      3.135    -0.2737    -0.2522     0.0215    -0.2738    -0.2523     0.0215   2.817963   2.819597   0.001634    34.1660    34.1637     7.6405    27.4465    27.4436    332.109  352.73589  354.26609          1  0.000e+00
      18336 326.838900  -62.21964  -58.37922      0.016    1448.21      3.111      3.081    -0.2738    -0.2540     0.0197    -0.2739    -0.2541     0.0197   2.817981   2.819417   0.001436    34.1664    34.1634     7.6404    27.4468    27.4435    332.105  352.73584  354.26609          1  0.000e+00
      18337 326.838900  -62.21964  -58.37922      0.015    1448.21      3.166      3.135    -0.2741    -0.2563     0.0179    -0.2742    -0.2564     0.0178   2.817939   2.819256   0.001317    34.1662    34.1637     7.6405    27.4467    27.4438    332.110  352.73961  354.26992          1  0.000e+00
      18338 326.838901  -62.21964  -58.37922      0.013    1448.21      3.166      3.135    -0.2746    -0.2571     0.0174    -0.2747    -0.2572     0.0174   2.817909   2.819152   0.001243    34.1663    34.1633     7.6406    27.4468    27.4436    332.113  352.74355  354.27396          1  0.000e+00
      18339 326.838901  -62.21964  -58.37922      0.011    1448.21      3.166      3.135    -0.2748    -0.2570     0.0178    -0.2749    -0.2571     0.0178   2.817879   2.819042   0.001163    34.1661    34.1617     7.6406    27.4466    27.4422    332.114  352.74572  354.27616          1  0.000e+00
      18340 326.838902  -62.21964  -58.37922      0.005    1448.21      3.111      3.081    -0.2737    -0.2589     0.0148    -0.2738    -0.2590     0.0148   2.817885   2.819134   0.001249    34.1650    34.1651     7.6403    27.4457    27.4450    332.102  352.73868  354.26883          1  0.000e+00
      18341 326.838902  -62.21964  -58.37922      0.003    1448.21      3.166      3.135    -0.2727    -0.2582     0.0144    -0.2728    -0.2583     0.0144   2.817933   2.819273   0.001340    34.1645    34.1662     7.6401    27.4452    27.4459    332.095  352.73097  354.26089          1  0.000e+00
      18342 326.838903  -62.21964  -58.37922     -0.003    1448.21      3.111      3.081    -0.2714    -0.2570     0.0144    -0.2715    -0.2571     0.0144   2.818071   2.819325   0.001254    34.1649    34.1655     7.6397    27.4455    27.4453    332.077  352.71763  354.24730          1  0.000e+00
      18343 326.838903  -62.21964  -58.37922     -0.002    1448.21      3.166      3.135    -0.2685    -0.2570     0.0115    -0.2686    -0.2571     0.0115   2.818252   2.819377   0.001125    34.1641    34.1662     7.6392    27.4447    27.4459    332.052  352.69371  354.22276          1  0.000e+00
      18344 326.838904  -62.21964  -58.37922     -0.004    1448.21      3.166      3.135    -0.2639    -0.2562     0.0076    -0.2640    -0.2563     0.0076   2.818456   2.819429   0.000973    34.1616    34.1660     7.6382    27.4425    27.4457    332.010  352.65748  354.18543          1  0.000e+00
      18345 326.838904  -62.21964  -58.37922     -0.007    1448.21      3.111      3.081    -0.2642    -0.2560     0.0082    -0.2643    -0.2561     0.0082   2.818546   2.819441   0.000894    34.1632    34.1659     7.6381    27.4438    27.4456    332.006  352.65619  354.18430          1  0.000e+00
      18346 326.838905  -62.21964  -58.37922     -0.009    1448.21      3.166      3.135    -0.2655    -0.2562     0.0093    -0.2656    -0.2563     0.0093   2.818540   2.819406   0.000865    34.1645    34.1657     7.6383    27.4449    27.4454    332.016  352.66430  354.19273          1  0.000e+00
      18347 326.838905  -62.21964  -58.37922     -0.009    1448.21      3.166      3.135    -0.2670    -0.2590     0.0079    -0.2671    -0.2591     0.0079   2.818390   2.819308   0.000918    34.1642    34.1675     7.6387    27.4447    27.4470    332.030  352.67905  354.20778          1  0.000e+00
      18348 326.838906  -62.21964  -58.37922     -0.008    1448.21      3.166      3.135    -0.2692    -0.2601     0.0091    -0.2693    -0.2602     0.0091   2.818210   2.819302   0.001092    34.1642    34.1687     7.6391    27.4449    27.4480    332.051  352.69916  354.22834          1  0.000e+00
      18349 326.838906  -62.21964  -58.37922     -0.016    1448.21      3.084      3.054    -0.2712    -0.2598     0.0114    -0.2713    -0.2599     0.0114   2.818023   2.819209   0.001186    34.1641    34.1671     7.6395    27.4448    27.4468    332.066  352.71829  354.24788          1  0.000e+00
      18350 326.838907  -62.21964  -58.37922     -0.012    1448.21      3.166      3.135    -0.2734    -0.2584     0.0150    -0.2735    -0.2585     0.0150   2.817855   2.819232   0.001378    34.1642    34.1658     7.6400    27.4451    27.4456    332.090  352.73810  354.26816          1  0.000e+00
      18351 326.838907  -62.21964  -58.37922     -0.014    1448.21      3.166      3.135    -0.2750    -0.2553     0.0198    -0.2751    -0.2554     0.0198   2.817819   2.819377   0.001558    34.1656    34.1643     7.6403    27.4463    27.4442    332.102  352.74971  354.28018          1  0.000e+00
      18352 326.838908  -62.21964  -58.37922     -0.014    1448.21      3.166      3.135    -0.2751    -0.2548     0.0203    -0.2752    -0.2549     0.0203   2.817819   2.819435   0.001616    34.1657    34.1645     7.6403    27.4463    27.4444    332.101  352.75007  354.28055          1  0.000e+00
      18353 326.838908  -62.21964  -58.37922     -0.013    1448.21      3.166      3.135    -0.2763    -0.2560     0.0204    -0.2764    -0.2561     0.0204   2.817728   2.819516   0.001787    34.1658    34.1669     7.6405    27.4465    27.4464    332.111  352.76083  354.29158          1  0.000e+00
      18354 326.838909  -62.21964  -58.37922     -0.015    1448.21      3.111      3.081    -0.2812    -0.2571     0.0240    -0.2813    -0.2572     0.0240   2.817590   2.819568   0.001978    34.1695    34.1689     7.6464    27.4497    27.4481    332.367  352.79562  354.32756          1  0.000e+00
      18355 326.838909  -62.21964  -58.37922     -0.014    1448.21      3.166      3.135    -0.2848    -0.2585     0.0263    -0.2849    -0.2586     0.0263   2.817476   2.819573   0.002098    34.1721    34.1706     7.6479    27.4519    27.4495    332.429  352.82261  354.35545          1  0.000e+00
      18356 326.838910  -62.21964  -58.37922     -0.014    1448.21      3.166      3.135    -0.2850    -0.2579     0.0271    -0.2851    -0.2580     0.0271   2.817350   2.819660   0.002311    34.1706    34.1710     7.6436    27.4507    27.4498    332.242  352.82834  354.36113          1  0.000e+00
      18357 326.838910  -62.21964  -58.37922     -0.015    1448.21      3.166      3.135    -0.2843    -0.2564     0.0279    -0.2844    -0.2565     0.0279   2.817338   2.819776   0.002438    34.1696    34.1708     7.6485    27.4499    27.4496    332.454  352.82417  354.35676          1  0.000e+00
      18358 326.838911  -62.21964  -58.37922     -0.014    1448.21      3.111      3.081    -0.2848    -0.2551     0.0297    -0.2849    -0.2552     0.0297   2.817344   2.819966   0.002623    34.1703    34.1720     7.6491    27.4505    27.4505    332.482  352.82740  354.36015          1  0.000e+00
      18359 326.838911  -62.21964  -58.37922     -0.010    1448.21      3.214      3.183    -0.2872    -0.2533     0.0339    -0.2873    -0.2534     0.0339   2.817289   2.820192   0.002902    34.1722    34.1729     7.6502    27.4522    27.4511    332.531  352.84411  354.37744          1  0.000e+00
      18360 326.838912  -62.21964  -58.37922     -0.010    1448.21      3.166      3.135    -0.2895    -0.2509     0.0387    -0.2896    -0.2510     0.0386   2.817205   2.820296   0.003091    34.1737    34.1716     7.6461    27.4535    27.4499    332.352  352.86132  354.39521          1  0.000e+00
      18361 326.838912  -62.21964  -58.37922     -0.009    1448.21      3.166      3.135    -0.2909    -0.2491     0.0418    -0.2910    -0.2492     0.0418   2.817145   2.820313   0.003168    34.1744    34.1698     7.6462    27.4541    27.4484    332.356  352.87205  354.40627          1  0.000e+00
      18362 326.838913  -62.21964  -58.37922     -0.008    1448.21      3.166      3.135    -0.2911    -0.2494     0.0417    -0.2912    -0.2495     0.0417   2.817133   2.820325   0.003192    34.1745    34.1703     7.6461    27.4542    27.4488    332.349  352.87356  354.40781          1  0.000e+00
      18363 326.838913  -62.21964  -58.37922     -0.004    1448.21      3.166      3.135    -0.2906    -0.2489     0.0417    -0.2907    -0.2490     0.0417   2.817205   2.820279   0.003073    34.1749    34.1692     7.6458    27.4545    27.4479    332.336  352.86806  354.40224          1  0.000e+00
      18364 326.838913  -62.21964  -58.37922     -0.006    1448.21      3.166      3.135    -0.2864    -0.2468     0.0396    -0.2865    -0.2469     0.0396   2.817434   2.820359   0.002926    34.1732    34.1678     7.6447    27.4530    27.4467    332.290  352.83374  354.36696          1  0.000e+00
      18365 326.838914  -62.21964  -58.37922      0.000    1448.21      3.214      3.183    -0.2819    -0.2454     0.0365    -0.2820    -0.2455     0.0365   2.817650   2.820446   0.002796    34.1711    34.1674     7.6436    27.4510    27.4463    332.245  352.79818  354.33036          1  0.000e+00
      18366 326.838914  -62.21964  -58.37922      0.001    1448.21      3.166      3.135    -0.2756    -0.2476     0.0279    -0.2757    -0.2477     0.0279   2.817987   2.820267   0.002280    34.1685    34.1675     7.6421    27.4486    27.4465    332.178  352.74669  354.27742          1  0.000e+00
      18367 326.838915  -62.21964  -58.37922      0.005    1448.21      3.214      3.183    -0.2704    -0.2511     0.0193    -0.2705    -0.2512     0.0193   2.818300   2.820244   0.001944    34.1668    34.1711     7.6409    27.4470    27.4496    332.125  352.70371  354.23329          1  0.000e+00
      18368 326.838915  -62.21964  -58.37922      0.006    1448.21      3.166      3.135    -0.2684    -0.2516     0.0168    -0.2685    -0.2517     0.0168   2.818516   2.820388   0.001872    34.1675    34.1736     7.6401    27.4475    27.4516    332.093  352.68325  354.21245          1  0.000e+00
      18369 326.838916  -62.21964  -58.37922      0.011    1448.21      3.234      3.203    -0.2676    -0.2502     0.0174    -0.2677    -0.2503     0.0174   2.818583   2.820539   0.001956    34.1674    34.1740     7.6398    27.4474    27.4518    332.080  352.67597  354.20500          1  0.000e+00
      18370 326.838916  -62.21964  -58.37922      0.011    1448.21      3.166      3.135    -0.2679    -0.2471     0.0209    -0.2681    -0.2472     0.0209   2.818528   2.820874   0.002345    34.1671    34.1750     7.6397    27.4472    27.4525    332.073  352.67997  354.20906          1  0.000e+00
      18371 326.838917  -62.21964  -58.37922      0.018    1448.21      3.214      3.183    -0.2684    -0.2402     0.0282    -0.2685    -0.2403     0.0282   2.818528   2.821388   0.002860    34.1676    34.1742     7.6396    27.4476    27.4515    332.070  352.68289  354.21209          1  0.000e+00
      18372 326.838917  -62.21964  -58.37922      0.018    1448.21      3.214      3.183    -0.2689    -0.2339     0.0350    -0.2690    -0.2340     0.0350   2.818528   2.821689   0.003160    34.1682    34.1711     7.6395    27.4480    27.4487    332.065  352.68572  354.21505          1  0.000e+00
      18373 326.838918  -62.21964  -58.37922      0.021    1448.21      3.214      3.183    -0.2678    -0.2289     0.0389    -0.2679    -0.2290     0.0389   2.818492   2.821989   0.003497    34.1664    34.1695     7.6391    27.4466    27.4472    332.051  352.68032  354.20933          1  0.000e+00
      18374 326.838918  -62.21964  -58.37922      0.027    1448.21      3.214      3.183    -0.2693    -0.2252     0.0441    -0.2694    -0.2253     0.0441   2.818360   2.822244   0.003884    34.1664    34.1687     7.6452    27.4466    27.4464    332.312  352.69476  354.22409          1  0.000e+00
      18375 326.838919  -62.21964  -58.37922      0.030    1448.21      3.214      3.183    -0.2714    -0.2249     0.0465    -0.2715    -0.2250     0.0465   2.818342   2.822221   0.003879    34.1684    34.1681     7.6410    27.4484    27.4458    332.131  352.70783  354.23768          1  0.000e+00
      18376 326.838919  -62.21964  -58.37922      0.030    1448.21      3.214      3.183    -0.2712    -0.2238     0.0474    -0.2713    -0.2239     0.0474   2.818354   2.822279   0.003924    34.1684    34.1676     7.6408    27.4483    27.4454    332.121  352.70632  354.23614          1  0.000e+00
      18377 326.838920  -62.21964  -58.37922      0.032    1448.21      3.214      3.183    -0.2710    -0.2229     0.0481    -0.2711    -0.2230     0.0481   2.818252   2.822383   0.004131    34.1669    34.1680     7.6406    27.4471    27.4457    332.116  352.70902  354.23873          1  0.000e+00
      18378 326.838920  -62.21964  -58.37922      0.036    1448.21      3.268      3.237    -0.2723    -0.2224     0.0499    -0.2724    -0.2225     0.0499   2.818240   2.822348   0.004108    34.1681    34.1670     7.6407    27.4481    27.4448    332.119  352.71736  354.24738          1  0.000e+00
      18379 326.838921  -62.21964  -58.37922      0.035    1448.21      3.166      3.135    -0.2735    -0.2224     0.0512    -0.2736    -0.2225     0.0512   2.818240   2.822273   0.004033    34.1696    34.1660     7.6407    27.4494    27.4440    332.116  352.72498  354.25535          1  0.000e+00
      18380 326.838921  -62.21964  -58.37922      0.044    1448.21      3.268      3.237    -0.2727    -0.2222     0.0504    -0.2728    -0.2223     0.0504   2.818324   2.822307   0.003983    34.1697    34.1662     7.6454    27.4494    27.4442    332.324  352.71673  354.24693          1  0.000e+00
      18381 326.838922  -62.21964  -58.37922      0.046    1448.21      3.214      3.183    -0.2712    -0.2220     0.0492    -0.2713    -0.2221     0.0492   2.818529   2.822331   0.003802    34.1707    34.1663     7.6455    27.4502    27.4442    332.326  352.69989  354.22983          1  0.000e+00
      18382 326.838922  -62.21964  -58.37922      0.051    1448.21      3.268      3.237    -0.2667    -0.2229     0.0438    -0.2668    -0.2230     0.0438   2.818643   2.822250   0.003607    34.1672    34.1662     7.6452    27.4471    27.4442    332.315  352.66814  354.19697          1  0.000e+00
      18383 326.838923  -62.21964  -58.37922      0.050    1448.21      3.214      3.183    -0.2658    -0.2230     0.0428    -0.2659    -0.2231     0.0428   2.818685   2.822302   0.003617    34.1667    34.1670     7.6454    27.4467    27.4449    332.324  352.66083  354.18944          1  0.000e+00
