Pos-Processados/process_op38/operantar38_020.cnv
* Sea-Bird SBE 9 Data File:
* FileName = D:\OPERANTAR_XXXVIII\DADOS\OP38_020.hdr
* Software Version Seasave V 7.18c
* Temperature SN = 4808
* Conductivity SN = 3380
* Number of Bytes Per Scan = 34
* Number of Voltage Words = 3
* Number of Scans Averaged by the Deck Unit = 1
* NMEA Latitude = 62 13.02 S
* NMEA Longitude = 058 20.27 W
* NMEA UTC (Time) = Nov 22 2019 12:22:40
** H41
** NAVIO POLAR ALMIRANTE MAXIMIANO
** CRUZEIRO:
** OPERANTAR XXXVIII
** ESTAÇÃO: OP38_020
** LAT 62 13,00'S
** LONG 058 20,28'W
** 09P73767-1155_A
** PROFUNDIDADE: 497
** DATA/HORA: 221223Z/NOV/2019
** OPERADOR: SO-HN CHAVES
# nquan = 32
# nvalues = 886                         
# units = specified
# name 0 = scan: Scan Count
# name 1 = timeJ: Julian Days
# name 2 = latitude: Latitude [deg]
# name 3 = longitude: Longitude [deg]
# name 4 = dz/dtM: Descent Rate [m/s]
# name 5 = avgsvCM: Average Sound Velocity [Chen-Millero, m/s]
# name 6 = prDM: Pressure, Digiquartz [db]
# name 7 = depSM: Depth [salt water, m]
# name 8 = t090C: Temperature [ITS-90, deg C]
# name 9 = t190C: Temperature, 2 [ITS-90, deg C]
# name 10 = T2-T190C: Temperature Difference, 2 - 1 [ITS-90, deg C]
# name 11 = potemp090C: Potential Temperature [ITS-90, deg C]
# name 12 = potemp190C: Potential Temperature, 2 [ITS-90, deg C]
# name 13 = potemp90Cdiff: Potential Temperature, Diff, 2 - 1 [ITS-90, deg C]
# name 14 = c0S/m: Conductivity [S/m]
# name 15 = c1S/m: Conductivity, 2 [S/m]
# name 16 = C2-C1S/m: Conductivity Difference, 2 - 1 [S/m]
# name 17 = sal00: Salinity, Practical [PSU]
# name 18 = sal11: Salinity, Practical, 2 [PSU]
# name 19 = sbeox0ML/L: Oxygen, SBE 43 [ml/l]
# name 20 = sbeox1ML/L: Oxygen, SBE 43, 2 [ml/l]
# name 21 = sbeox0ML/Ldiff: Oxygen, SBE 43, Diff, 2 - 1 [ml/l]
# name 22 = sigma-é00: Density [sigma-theta, kg/m^3]
# name 23 = sigma-é11: Density, 2 [sigma-theta, kg/m^3]
# name 24 = sal00: Salinity, Practical [PSU]
# name 25 = sigma-é00: Density [sigma-theta, kg/m^3]
# name 26 = svCM: Sound Velocity [Chen-Millero, m/s]
# name 27 = svCM1: Sound Velocity, 2 [Chen-Millero, m/s]
# name 28 = gsw_ptA0: potential temperature [ITS-90, deg C]
# name 29 = gsw_densityA0: density, TEOS-10 [density, kg/m^3]
# name 30 = gsw_saA0: Absolute Salinity [g/kg]
# name 31 = flag:
# span 0 =        689,      37614       
# span 1 = 326.516072, 326.533880       
# span 2 =  -62.21708,  -62.21704       
# span 3 =  -58.33800,  -58.33792       
# span 4 =     -1.061,      0.885       
# span 5 =       0.00,    1452.26       
# span 6 =      2.000,    445.000       
# span 7 =      1.975,    440.243       
# span 8 =    -0.6972,    -0.2017       
# span 9 =    -0.6968,    -0.2004       
# span 10 =    -0.0391,     0.0215      
# span 11 =    -0.7119,    -0.2155      
# span 12 =    -0.7115,    -0.2143      
# span 13 =    -0.0391,     0.0214      
# span 14 =   2.800177,   2.867241      
# span 15 =   2.799581,   2.867701      
# span 16 =  -0.004156,   0.002095      
# span 17 =    34.1702,    34.5184      
# span 18 =    34.1353,    34.5239      
# span 19 =     5.7709,     7.6480      
# span 20 =     4.8504,     7.3723      
# span 21 =    -2.6238,    -0.2079      
# span 22 =    27.4562,    27.7454      
# span 23 =    27.4306,    27.7497      
# span 24 =    34.1705,    34.5237      
# span 25 =    27.4562,    27.7449      
# span 26 =    1446.08,    1454.27      
# span 27 =    1446.12,    1454.28      
# span 28 =    -0.7117,    -0.2153      
# span 29 =  1027.4711,  1029.8714      
# span 30 =    34.3350,    34.6927      
# span 31 = 0.0000e+00, 0.0000e+00      
# interval = decibars: 1                
# start_time = Nov 22 2019 12:22:40 [NMEA time, header]
# bad_flag = -9.990e-29
*END*
[from data line 363]
      15008 326.522978  -62.21706  -58.33798      0.664    1448.99    365.000    361.177    -0.2834    -0.2830     0.0004    -0.2965    -0.2961     0.0004   2.857612   2.858061   0.000445    34.4864    34.4919     5.9094     5.6617    -0.2477    27.7066    27.7110    34.4862    27.7064    1453.09    1453.10    -0.2963  1029.4484    34.6548 0.0000e+00
      15047 326.522997  -62.21706  -58.33798      0.618    1448.99    366.000    362.166    -0.2855    -0.2843     0.0012    -0.2986    -0.2974     0.0012   2.857650   2.858165   0.000511    34.4882    34.4936     5.9249     5.6693    -0.2556    27.7081    27.7124    34.4885    27.7084    1453.10    1453.11    -0.2984  1029.4551    34.6571 0.0000e+00
      15086 326.523015  -62.21706  -58.33796      0.617    1448.99    367.000    363.154    -0.2788    -0.2781     0.0007    -0.2920    -0.2913     0.0007   2.858415   2.858875   0.000460    34.4901    34.4954     5.9286     5.6727    -0.2559    27.7094    27.7136    34.4905    27.7097    1453.15    1453.16    -0.2918  1029.4611    34.6592 0.0000e+00
      15121 326.523032  -62.21706  -58.33796      0.672    1448.99    368.000    364.143    -0.2724    -0.2723     0.0001    -0.2856    -0.2856     0.0000   2.859127   2.859521   0.000405    34.4914    34.4968     5.9320     5.6788    -0.2532    27.7101    27.7144    34.4922    27.7107    1453.20    1453.20    -0.2854  1029.4668    34.6608 0.0000e+00
      15154 326.523048  -62.21706  -58.33796      0.717    1448.99    369.000    365.123    -0.2719    -0.2721    -0.0003    -0.2851    -0.2854    -0.0003   2.859260   2.859645   0.000378    34.4924    34.4978     5.9285     5.6826    -0.2459    27.7109    27.7152    34.4928    27.7111    1453.21    1453.22    -0.2849  1029.4719    34.6614 0.0000e+00
      15190 326.523066  -62.21706  -58.33797      0.681    1448.99    370.000    366.128    -0.2708    -0.2706     0.0001    -0.2841    -0.2839     0.0001   2.859489   2.859904   0.000420    34.4935    34.4990     5.9190     5.6785    -0.2406    27.7117    27.7161    34.4940    27.7121    1453.24    1453.25    -0.2839  1029.4776    34.6626 0.0000e+00
      15230 326.523085  -62.21706  -58.33798      0.609    1448.99    371.000    367.109    -0.2687    -0.2674     0.0013    -0.2820    -0.2808     0.0013   2.859813   2.860346   0.000529    34.4943    34.4999     5.9132     5.6714    -0.2417    27.7123    27.7167    34.4953    27.7131    1453.27    1453.28    -0.2818  1029.4833    34.6640 0.0000e+00
      15268 326.523104  -62.21706  -58.33798      0.615    1448.99    372.000    368.098    -0.2543    -0.2531     0.0012    -0.2677    -0.2666     0.0012   2.861345   2.861855   0.000510    34.4978    34.5033     5.9151     5.6656    -0.2495    27.7144    27.7187    34.4989    27.7153    1453.35    1453.37    -0.2675  1029.4900    34.6676 0.0000e+00
      15307 326.523122  -62.21706  -58.33798      0.625    1448.99    373.000    369.086    -0.2522    -0.2521     0.0001    -0.2657    -0.2656     0.0001   2.861566   2.861966   0.000402    34.4982    34.5035     5.9127     5.6653    -0.2475    27.7146    27.7189    34.4989    27.7152    1453.38    1453.39    -0.2655  1029.4947    34.6676 0.0000e+00
      15342 326.523139  -62.21706  -58.33798      0.664    1448.99    374.000    370.075    -0.2519    -0.2515     0.0004    -0.2654    -0.2650     0.0004   2.861642   2.862073   0.000431    34.4984    34.5037     5.8937     5.6527    -0.2411    27.7147    27.7190    34.4989    27.7152    1453.40    1453.41    -0.2652  1029.4994    34.6676 0.0000e+00
      15375 326.523155  -62.21706  -58.33797      0.718    1448.99    375.000    371.063    -0.2516    -0.2514     0.0002    -0.2652    -0.2650     0.0002   2.861715   2.862130   0.000415    34.4985    34.5038     5.8802     5.6463    -0.2339    27.7149    27.7191    34.4990    27.7152    1453.42    1453.42    -0.2650  1029.5042    34.6677 0.0000e+00
      15410 326.523172  -62.21706  -58.33796      0.702    1448.99    376.000    372.052    -0.2515    -0.2513     0.0002    -0.2651    -0.2649     0.0002   2.861764   2.862174   0.000415    34.4986    34.5038     5.8806     5.6360    -0.2445    27.7149    27.7191    34.4990    27.7152    1453.43    1453.44    -0.2649  1029.5089    34.6677 0.0000e+00
      15447 326.523190  -62.21706  -58.33796      0.652    1448.99    377.000    373.041    -0.2498    -0.2486     0.0011    -0.2634    -0.2623     0.0011   2.861994   2.862541   0.000527    34.4991    34.5048     5.8818     5.6369    -0.2449    27.7152    27.7198    34.4994    27.7155    1453.46    1453.47    -0.2632  1029.5139    34.6681 0.0000e+00
      15487 326.523209  -62.21706  -58.33796      0.607    1448.99    378.000    374.029    -0.2424    -0.2414     0.0010    -0.2561    -0.2551     0.0010   2.862928   2.863389   0.000476    34.5014    34.5067     5.8797     5.6316    -0.2481    27.7168    27.7209    34.5029    27.7179    1453.51    1453.52    -0.2559  1029.5210    34.6716 0.0000e+00
      15529 326.523229  -62.21706  -58.33798      0.571    1448.99    379.000    375.018    -0.2301    -0.2290     0.0010    -0.2438    -0.2428     0.0010   2.864289   2.864792   0.000490    34.5048    34.5102     5.8803     5.6352    -0.2451    27.7189    27.7231    34.5065    27.7203    1453.59    1453.60    -0.2437  1029.5279    34.6753 0.0000e+00
      15566 326.523247  -62.21706  -58.33798      0.633    1448.99    380.000    376.006    -0.2114    -0.2114     0.0000    -0.2253    -0.2253     0.0000   2.866372   2.866716   0.000377    34.5102    34.5152     5.8613     5.6278    -0.2335    27.7223    27.7264    34.5126    27.7242    1453.70    1453.71    -0.2251  1029.5364    34.6814 0.0000e+00
      15600 326.523263  -62.21706  -58.33798      0.707    1448.99    381.000    376.995    -0.2100    -0.2094     0.0006    -0.2239    -0.2233     0.0006   2.866614   2.867093   0.000453    34.5128    34.5182     5.8445     5.6175    -0.2270    27.7244    27.7287    34.5136    27.7250    1453.73    1453.74    -0.2237  1029.5418    34.6824 0.0000e+00
      15636 326.523281  -62.21706  -58.33798      0.669    1448.99    382.000    377.983    -0.2116    -0.2120    -0.0004    -0.2256    -0.2260    -0.0004   2.866556   2.866913   0.000364    34.5133    34.5186     5.8094     5.5908    -0.2186    27.7249    27.7292    34.5141    27.7255    1453.74    1453.74    -0.2254  1029.5471    34.6829 0.0000e+00
      15675 326.523299  -62.21706  -58.33798      0.623    1448.99    383.000    378.972    -0.2107    -0.2098     0.0009    -0.2248    -0.2239     0.0009   2.866676   2.867162   0.000477    34.5132    34.5185     5.7800     5.5569    -0.2231    27.7247    27.7290    34.5141    27.7254    1453.75    1453.77    -0.2245  1029.5517    34.6829 0.0000e+00
      15709 326.523316  -62.21706  -58.33797      0.689    1448.99    384.000    379.961    -0.2095    -0.2091     0.0004    -0.2235    -0.2232     0.0004   2.866874   2.867299   0.000428    34.5141    34.5194     5.7768     5.5449    -0.2319    27.7254    27.7296    34.5147    27.7258    1453.78    1453.79    -0.2234  1029.5569    34.6835 0.0000e+00
      15742 326.523332  -62.21706  -58.33796      0.728    1448.99    385.000    380.949    -0.2101    -0.2097     0.0003    -0.2242    -0.2238     0.0003   2.866869   2.867295   0.000430    34.5142    34.5195     5.7813     5.5444    -0.2369    27.7255    27.7298    34.5147    27.7259    1453.79    1453.80    -0.2240  1029.5617    34.6835 0.0000e+00
      15777 326.523349  -62.21706  -58.33796      0.690    1448.99    386.000    381.935    -0.2100    -0.2096     0.0004    -0.2242    -0.2238     0.0004   2.866901   2.867338   0.000433    34.5141    34.5194     5.7860     5.5421    -0.2439    27.7254    27.7297    34.5145    27.7257    1453.81    1453.82    -0.2240  1029.5662    34.6833 0.0000e+00
      15818 326.523369  -62.21706  -58.33796      0.595    1448.99    387.000    382.929    -0.2120    -0.2122    -0.0003    -0.2262    -0.2264    -0.0003   2.866777   2.867171   0.000392    34.5143    34.5198     5.7796     5.5453    -0.2344    27.7257    27.7301    34.5145    27.7258    1453.82    1453.82    -0.2260  1029.5711    34.6833 0.0000e+00
      15864 326.523391  -62.21706  -58.33798      0.517    1448.99    388.000    383.915    -0.2131    -0.2119     0.0013    -0.2273    -0.2261     0.0013   2.866710   2.867237   0.000514    34.5143    34.5197     5.7839     5.5443    -0.2396    27.7257    27.7301    34.5142    27.7257    1453.83    1453.84    -0.2271  1029.5757    34.6831 0.0000e+00
      15902 326.523409  -62.21706  -58.33798      0.613    1448.99    389.000    384.903    -0.2150    -0.2144     0.0006    -0.2292    -0.2287     0.0006   2.866663   2.867090   0.000444    34.5148    34.5200     5.7883     5.5442    -0.2441    27.7262    27.7304    34.5151    27.7265    1453.84    1453.84    -0.2291  1029.5813    34.6840 0.0000e+00
      15932 326.523424  -62.21706  -58.33798      0.757    1448.99    390.000    385.892    -0.2146    -0.2139     0.0007    -0.2289    -0.2282     0.0007   2.866709   2.867148   0.000443    34.5147    34.5198     5.7874     5.5496    -0.2377    27.7261    27.7302    34.5147    27.7261    1453.85    1453.86    -0.2287  1029.5856    34.6835 0.0000e+00
      15964 326.523439  -62.21706  -58.33798      0.774    1448.99    391.000    386.880    -0.2148    -0.2142     0.0007    -0.2291    -0.2285     0.0007   2.866746   2.867200   0.000446    34.5148    34.5200     5.7857     5.5478    -0.2379    27.7262    27.7304    34.5148    27.7262    1453.87    1453.88    -0.2289  1029.5905    34.6836 0.0000e+00
      16003 326.523458  -62.21706  -58.33798      0.641    1448.99    392.000    387.869    -0.2158    -0.2154     0.0004    -0.2301    -0.2297     0.0004   2.866702   2.867130   0.000434    34.5146    34.5200     5.7863     5.5516    -0.2347    27.7262    27.7305    34.5147    27.7262    1453.88    1453.89    -0.2299  1029.5952    34.6835 0.0000e+00
      16042 326.523477  -62.21706  -58.33796      0.598    1448.99    393.000    388.858    -0.2158    -0.2173    -0.0015    -0.2302    -0.2317    -0.0015   2.866710   2.866970   0.000265    34.5147    34.5199     5.7858     5.5453    -0.2405    27.7262    27.7305    34.5143    27.7258    1453.90    1453.90    -0.2300  1029.5996    34.6831 0.0000e+00
      16079 326.523495  -62.21706  -58.33796      0.645    1448.99    394.000    389.846    -0.2281    -0.2339    -0.0058    -0.2425    -0.2483    -0.0058   2.865761   2.865476  -0.000157    34.5147    34.5192     5.7850     5.5432    -0.2419    27.7268    27.7307    34.5149    27.7270    1453.86    1453.83    -0.2423  1029.6056    34.6838 0.0000e+00
      16116 326.523512  -62.21706  -58.33797      0.662    1448.99    395.000    390.835    -0.2516    -0.2558    -0.0042    -0.2659    -0.2702    -0.0042   2.863328   2.863577   0.000107    34.5125    34.5186     5.7930     5.5444    -0.2486    27.7261    27.7314    34.5084    27.7229    1453.76    1453.75    -0.2657  1029.6065    34.6772 0.0000e+00
      16154 326.523531  -62.21706  -58.33798      0.625    1448.99    396.000    391.823    -0.2798    -0.2651     0.0147    -0.2941    -0.2795     0.0147   2.861119   2.862738   0.001641    34.5126    34.5179     5.7950     5.5515    -0.2435    27.7277    27.7312    34.5103    27.7258    1453.64    1453.72    -0.2939  1029.6145    34.6791 0.0000e+00
      16194 326.523550  -62.21706  -58.33798      0.600    1448.99    397.000    392.812    -0.2874    -0.2867     0.0007    -0.3017    -0.3010     0.0007   2.860510   2.861027   0.000496    34.5119    34.5177     5.8104     5.5644    -0.2459    27.7275    27.7321    34.5101    27.7260    1453.62    1453.64    -0.3015  1029.6196    34.6789 0.0000e+00
      16232 326.523568  -62.21706  -58.33798      0.637    1448.99    398.000    393.800    -0.2858    -0.2847     0.0011    -0.3002    -0.2991     0.0011   2.860741   2.861222   0.000490    34.5121    34.5174     5.8386     5.5773    -0.2613    27.7275    27.7318    34.5108    27.7265    1453.65    1453.66    -0.3000  1029.6248    34.6797 0.0000e+00
      16268 326.523585  -62.21706  -58.33798      0.664    1448.99    399.000    394.789    -0.2915    -0.2904     0.0011    -0.3059    -0.3048     0.0011   2.860321   2.860834   0.000498    34.5120    34.5174     5.8523     5.5956    -0.2567    27.7277    27.7320    34.5110    27.7269    1453.64    1453.65    -0.3057  1029.6300    34.6798 0.0000e+00
      16303 326.523602  -62.21706  -58.33798      0.675    1448.99    400.000    395.777    -0.2887    -0.2885     0.0003    -0.3031    -0.3029     0.0002   2.860579   2.860997   0.000427    34.5118    34.5172     5.8508     5.5982    -0.2526    27.7275    27.7318    34.5107    27.7266    1453.67    1453.68    -0.3029  1029.6343    34.6796 0.0000e+00
      16340 326.523620  -62.21706  -58.33798      0.660    1448.99    401.000    396.766    -0.2882    -0.2876     0.0006    -0.3027    -0.3021     0.0006   2.860738   2.861157   0.000451    34.5119    34.5173     5.8475     5.5901    -0.2574    27.7275    27.7318    34.5116    27.7273    1453.69    1453.70    -0.3025  1029.6398    34.6805 0.0000e+00
      16379 326.523639  -62.21706  -58.33798      0.610    1448.99    402.000    397.754    -0.2830    -0.2873    -0.0043    -0.2975    -0.3018    -0.0043   2.861211   2.861297   0.000038    34.5119    34.5173     5.8442     5.5964    -0.2477    27.7272    27.7318    34.5115    27.7269    1453.73    1453.72    -0.2973  1029.6441    34.6803 0.0000e+00
      16419 326.523658  -62.21706  -58.33798      0.602    1449.35    403.000    398.743    -0.2858    -0.2817     0.0041    -0.3004    -0.2963     0.0041   2.861080   2.861828   0.000752    34.5122    34.5175     5.8438     5.6017    -0.2421    27.7276    27.7317    34.5123    27.7277    1453.73    1453.76    -0.3002  1029.6497    34.6812 0.0000e+00
      16457 326.523677  -62.21706  -58.33798      0.626    1449.44    404.000    399.731    -0.2769    -0.2755     0.0014    -0.2915    -0.2901     0.0014   2.861885   2.862421   0.000522    34.5125    34.5178     5.8383     5.6022    -0.2361    27.7274    27.7317    34.5124    27.7273    1453.79    1453.81    -0.2913  1029.6539    34.6812 0.0000e+00
      16497 326.523696  -62.21706  -58.33798      0.609    1449.44    405.000    400.718    -0.2772    -0.2732     0.0040    -0.2919    -0.2880     0.0040   2.861918   2.862622   0.000724    34.5126    34.5177     5.8381     5.5929    -0.2452    27.7275    27.7315    34.5126    27.7275    1453.81    1453.83    -0.2917  1029.6588    34.6815 0.0000e+00
      16536 326.523715  -62.21706  -58.33798      0.612    1449.44    406.000    401.709    -0.2750    -0.2740     0.0010    -0.2897    -0.2887     0.0010   2.862234   2.862675   0.000478    34.5129    34.5181     5.8239     5.5961    -0.2277    27.7277    27.7318    34.5137    27.7283    1453.83    1453.84    -0.2895  1029.6643    34.6825 0.0000e+00
      16576 326.523734  -62.21706  -58.33798      0.603    1449.44    407.000    402.696    -0.2704    -0.2696     0.0008    -0.2852    -0.2844     0.0008   2.862644   2.863123   0.000466    34.5128    34.5182     5.8255     5.5901    -0.2354    27.7274    27.7317    34.5134    27.7278    1453.87    1453.88    -0.2850  1029.6685    34.6822 0.0000e+00
      16618 326.523754  -62.21706  -58.33798      0.575    1449.44    408.000    403.685    -0.2668    -0.2679    -0.0011    -0.2817    -0.2827    -0.0011   2.862909   2.863221   0.000318    34.5127    34.5181     5.8279     5.5902    -0.2378    27.7271    27.7315    34.5123    27.7268    1453.90    1453.90    -0.2814  1029.6721    34.6811 0.0000e+00
