Pos-Processados/process_op38/operantar38_018b.ros
* Sea-Bird SBE 9 Data File:
* FileName = D:\OPERANTAR_XXXVIII\DADOS\OP38_018b.hdr
* Software Version Seasave V 7.18c
* Temperature SN = 4808
* Conductivity SN = 3380
* Number of Bytes Per Scan = 34
* Number of Voltage Words = 3
* Number of Scans Averaged by the Deck Unit = 1
* NMEA Latitude = 62 10.02 S
* NMEA Longitude = 058 22.53 W
* NMEA UTC (Time) = Nov 05 2019 18:22:12
** H41
** NAVIO POLAR ALMIRANTE MAXIMIANO
** CRUZEIRO:
** OPERANTAR XXXVIII
** ESTAÇÃO: OP38_018b
** LAT 62 10,01' S
** LONG 058 22,50' W
** 09P73767-1155_A
** PROFUNDIDADE: 440
** DATA/HORA: 051823Z/NOV/2019
** OPERADOR: SO-HN CHAVES
# nquan = 24
# nvalues = 1843                                  
# units = specified
# name 0 = scan: Scan Count
# name 1 = timeJ: Julian Days
# name 2 = latitude: Latitude [deg]
# name 3 = longitude: Longitude [deg]
# name 4 = dz/dtM: Descent Rate [m/s]
# name 5 = avgsvCM: Average Sound Velocity [Chen-Millero, m/s]
# name 6 = prDM: Pressure, Digiquartz [db]
# name 7 = depSM: Depth [salt water, m]
# name 8 = t090C: Temperature [ITS-90, deg C]
# name 9 = t190C: Temperature, 2 [ITS-90, deg C]
# name 10 = T2-T190C: Temperature Difference, 2 - 1 [ITS-90, deg C]
# name 11 = potemp090C: Potential Temperature [ITS-90, deg C]
# name 12 = potemp190C: Potential Temperature, 2 [ITS-90, deg C]
# name 13 = potemp90Cdiff: Potential Temperature, Diff, 2 - 1 [ITS-90, deg C]
# name 14 = c0S/m: Conductivity [S/m]
# name 15 = c1S/m: Conductivity, 2 [S/m]
# name 16 = C2-C1S/m: Conductivity Difference, 2 - 1 [S/m]
# name 17 = sal00: Salinity, Practical [PSU]
# name 18 = sal11: Salinity, Practical, 2 [PSU]
# name 19 = sbeox0ML/L: Oxygen, SBE 43 [ml/l]
# name 20 = sigma-é00: Density [sigma-theta, kg/m^3]
# name 21 = sigma-é11: Density, 2 [sigma-theta, kg/m^3]
# name 22 = nbf: Bottles Fired
# name 23 = flag:  0.000e+00
# interval = seconds: 0.0416667
# start_time = Nov 05 2019 18:22:12 [NMEA time, header]
# bad_flag = -9.990e-29
*END*
[from data line 1389]
       1835 309.766301  -62.16700  -58.37554     -0.074       0.00      1.976      1.957    -0.6270    -0.6293    -0.0023    -0.6271    -0.6294    -0.0023   2.785641   2.785881   0.000240    34.1305    34.1363     7.6211    27.4338    27.4386         10  0.000e+00
       1836 309.766302  -62.16700  -58.37554     -0.072       0.00      2.024      2.004    -0.6271    -0.6298    -0.0027    -0.6271    -0.6298    -0.0027   2.785635   2.785887   0.000252    34.1305    34.1369     7.6209    27.4337    27.4390         10  0.000e+00
       1837 309.766302  -62.16700  -58.37554     -0.071       0.00      1.990      1.971    -0.6275    -0.6298    -0.0022    -0.6276    -0.6298    -0.0022   2.785617   2.785853   0.000235    34.1308    34.1365     7.6206    27.4340    27.4387         10  0.000e+00
       1838 309.766303  -62.16700  -58.37554     -0.068       0.00      1.976      1.957    -0.6275    -0.6305    -0.0030    -0.6276    -0.6306    -0.0030   2.785528   2.785824   0.000296    34.1296    34.1369     7.6203    27.4330    27.4391         10  0.000e+00
       1839 309.766303  -62.16700  -58.37554     -0.066       0.00      2.024      2.004    -0.6275    -0.6304    -0.0028    -0.6276    -0.6304    -0.0028   2.785402   2.785812   0.000411    34.1279    34.1366     7.6209    27.4316    27.4388         10  0.000e+00
       1840 309.766304  -62.16700  -58.37554     -0.063       0.00      2.024      2.004    -0.6277    -0.6304    -0.0027    -0.6278    -0.6304    -0.0027   2.785450   2.785847   0.000397    34.1287    34.1371     7.6213    27.4323    27.4392         10  0.000e+00
       1841 309.766304  -62.16700  -58.37554     -0.060       0.00      2.024      2.004    -0.6277    -0.6302    -0.0026    -0.6277    -0.6303    -0.0026   2.785551   2.785864   0.000313    34.1300    34.1371     7.6216    27.4334    27.4392         10  0.000e+00
       1842 309.766304  -62.16700  -58.37554     -0.057       0.00      2.024      2.004    -0.6279    -0.6301    -0.0022    -0.6280    -0.6301    -0.0022   2.785617   2.785853   0.000235    34.1312    34.1368     7.6220    27.4343    27.4390         10  0.000e+00
       1843 309.766305  -62.16700  -58.37554     -0.054       0.00      2.024      2.004    -0.6277    -0.6298    -0.0020    -0.6278    -0.6298    -0.0020   2.785617   2.785841   0.000224    34.1310    34.1363     7.6216    27.4341    27.4385         10  0.000e+00
       1844 309.766305  -62.16700  -58.37554     -0.048       0.00      2.024      2.004    -0.6277    -0.6302    -0.0025    -0.6278    -0.6303    -0.0025   2.785647   2.785818   0.000171    34.1314    34.1365     7.6212    27.4345    27.4387         10  0.000e+00
       1845 309.766306  -62.16700  -58.37554     -0.041       0.00      2.072      2.052    -0.6275    -0.6304    -0.0028    -0.6276    -0.6304    -0.0028   2.785641   2.785841   0.000200    34.1311    34.1370     7.6207    27.4342    27.4391         10  0.000e+00
       1846 309.766306  -62.16700  -58.37554     -0.035       0.00      2.072      2.052    -0.6273    -0.6305    -0.0032    -0.6274    -0.6306    -0.0032   2.785653   2.785818   0.000165    34.1310    34.1368     7.6202    27.4341    27.4390         10  0.000e+00
       1847 309.766307  -62.16700  -58.37554     -0.029       0.00      2.044      2.025    -0.6273    -0.6305    -0.0033    -0.6273    -0.6306    -0.0033   2.785665   2.785847   0.000181    34.1311    34.1372     7.6197    27.4342    27.4393         10  0.000e+00
       1848 309.766307  -62.16700  -58.37554     -0.023       0.00      2.072      2.052    -0.6271    -0.6304    -0.0033    -0.6271    -0.6304    -0.0033   2.785641   2.785830   0.000188    34.1305    34.1368     7.6191    27.4338    27.4390         10  0.000e+00
       1849 309.766308  -62.16700  -58.37554     -0.016       0.00      2.072      2.052    -0.6273    -0.6301    -0.0028    -0.6273    -0.6301    -0.0028   2.785671   2.785835   0.000164    34.1311    34.1365     7.6194    27.4343    27.4388         10  0.000e+00
       1850 309.766308  -62.16700  -58.37554     -0.010       0.00      2.072      2.052    -0.6270    -0.6305    -0.0036    -0.6270    -0.6306    -0.0036   2.785671   2.785818   0.000147    34.1308    34.1368     7.6195    27.4340    27.4390         10  0.000e+00
       1851 309.766309  -62.16700  -58.37554     -0.000       0.00      2.072      2.052    -0.6267    -0.6305    -0.0038    -0.6268    -0.6306    -0.0038   2.785701   2.785801   0.000100    34.1310    34.1366     7.6197    27.4341    27.4388         10  0.000e+00
       1852 309.766309  -62.16700  -58.37554      0.003       0.00      2.072      2.052    -0.6263    -0.6301    -0.0037    -0.6264    -0.6301    -0.0037   2.785749   2.785789   0.000040    34.1311    34.1359     7.6250    27.4342    27.4383         10  0.000e+00
       1853 309.766310  -62.16700  -58.37554      0.010       0.00      2.072      2.052    -0.6263    -0.6302    -0.0039    -0.6264    -0.6303    -0.0039   2.785749   2.785841   0.000092    34.1311    34.1368     7.6200    27.4342    27.4390         10  0.000e+00
       1854 309.766310  -62.16700  -58.37554      0.016       0.00      2.072      2.052    -0.6262    -0.6302    -0.0041    -0.6262    -0.6303    -0.0041   2.785779   2.785853   0.000073    34.1313    34.1369     7.6252    27.4344    27.4391         10  0.000e+00
       1855 309.766311  -62.16700  -58.37554      0.022       0.00      2.072      2.052    -0.6260    -0.6296    -0.0036    -0.6261    -0.6297    -0.0036   2.785731   2.785841   0.000110    34.1306    34.1361     7.6253    27.4338    27.4384         10  0.000e+00
       1856 309.766311  -62.16700  -58.37554      0.032       0.00      2.126      2.106    -0.6260    -0.6302    -0.0042    -0.6260    -0.6303    -0.0042   2.785731   2.785876   0.000144    34.1305    34.1372     7.6203    27.4337    27.4393         10  0.000e+00
       1857 309.766312  -62.16700  -58.37554      0.038       0.00      2.092      2.072    -0.6257    -0.6293    -0.0036    -0.6258    -0.6294    -0.0036   2.785833   2.785858   0.000025    34.1315    34.1360     7.6194    27.4345    27.4383         10  0.000e+00
       1858 309.766312  -62.16700  -58.37554      0.044       0.00      2.072      2.052    -0.6240    -0.6295    -0.0054    -0.6241    -0.6295    -0.0054   2.785929   2.785881  -0.000048    34.1309    34.1364     7.6182    27.4340    27.4387         10  0.000e+00
       1859 309.766313  -62.16700  -58.37554      0.050       0.00      2.126      2.106    -0.6227    -0.6296    -0.0069    -0.6228    -0.6297    -0.0069   2.785989   2.785853  -0.000136    34.1303    34.1362     7.6179    27.4334    27.4385         10  0.000e+00
       1860 309.766313  -62.16700  -58.37554      0.053       0.00      2.072      2.052    -0.6223    -0.6301    -0.0078    -0.6223    -0.6301    -0.0078   2.786025   2.785847  -0.000178    34.1303    34.1367     7.6178    27.4334    27.4389         10  0.000e+00
       1861 309.766314  -62.16700  -58.37554      0.062       0.00      2.126      2.106    -0.6227    -0.6299    -0.0072    -0.6228    -0.6300    -0.0072   2.786031   2.785818  -0.000213    34.1308    34.1361     7.6230    27.4338    27.4384         10  0.000e+00
       1862 309.766314  -62.16700  -58.37554      0.065       0.00      2.072      2.052    -0.6227    -0.6301    -0.0073    -0.6228    -0.6301    -0.0073   2.786031   2.785847  -0.000184    34.1309    34.1367     7.6185    27.4339    27.4389         10  0.000e+00
       1863 309.766315  -62.16700  -58.37554      0.068       0.00      2.072      2.052    -0.6224    -0.6298    -0.0073    -0.6225    -0.6298    -0.0073   2.786031   2.785870  -0.000161    34.1306    34.1366     7.6235    27.4336    27.4388         10  0.000e+00
       1864 309.766315  -62.16700  -58.37554      0.073       0.00      2.126      2.106    -0.6222    -0.6293    -0.0072    -0.6222    -0.6294    -0.0072   2.786067   2.785864  -0.000203    34.1307    34.1360     7.6182    27.4337    27.4383         10  0.000e+00
       1865 309.766316  -62.16700  -58.37554      0.076       0.00      2.072      2.052    -0.6220    -0.6293    -0.0073    -0.6220    -0.6294    -0.0073   2.786103   2.785881  -0.000221    34.1310    34.1363     7.6172    27.4339    27.4385         10  0.000e+00
       1866 309.766316  -62.16700  -58.37554      0.075       0.00      2.072      2.052    -0.6215    -0.6285    -0.0070    -0.6216    -0.6286    -0.0070   2.786109   2.785939  -0.000170    34.1306    34.1362     7.6170    27.4336    27.4384         10  0.000e+00
       1867 309.766317  -62.16700  -58.37554      0.076       0.00      2.092      2.072    -0.6215    -0.6284    -0.0069    -0.6216    -0.6284    -0.0069   2.786126   2.786042  -0.000084    34.1308    34.1374     7.6160    27.4337    27.4394         10  0.000e+00
       1868 309.766317  -62.16700  -58.37554      0.077       0.00      2.072      2.052    -0.6213    -0.6271    -0.0058    -0.6214    -0.6272    -0.0058   2.786097   2.786077  -0.000020    34.1302    34.1365     7.6158    27.4333    27.4386         10  0.000e+00
       1869 309.766318  -62.16700  -58.37554      0.076       0.00      2.072      2.052    -0.6215    -0.6265    -0.0050    -0.6216    -0.6266    -0.0050   2.785941   2.786111   0.000171    34.1283    34.1362     7.6157    27.4317    27.4384         10  0.000e+00
       1870 309.766318  -62.16700  -58.37554      0.074       0.00      2.072      2.052    -0.6220    -0.6265    -0.0045    -0.6220    -0.6266    -0.0045   2.785839   2.786037   0.000198    34.1274    34.1352     7.6157    27.4310    27.4375         10  0.000e+00
       1871 309.766318  -62.16700  -58.37554      0.073       0.00      2.024      2.004    -0.6224    -0.6271    -0.0047    -0.6224    -0.6272    -0.0047   2.785977   2.786060   0.000083    34.1298    34.1363     7.6206    27.4330    27.4384         10  0.000e+00
       1872 309.766319  -62.16700  -58.37554      0.067       0.00      2.072      2.052    -0.6223    -0.6273    -0.0050    -0.6223    -0.6274    -0.0050   2.786049   2.785996  -0.000052    34.1306    34.1356     7.6160    27.4336    27.4379         10  0.000e+00
       1873 309.766319  -62.16700  -58.37554      0.065       0.00      2.024      2.004    -0.6218    -0.6282    -0.0064    -0.6219    -0.6283    -0.0064   2.786079   2.786019  -0.000059    34.1305    34.1370     7.6156    27.4335    27.4390         10  0.000e+00
       1874 309.766320  -62.16700  -58.37554      0.063       0.00      2.072      2.052    -0.6215    -0.6274    -0.0059    -0.6216    -0.6275    -0.0059   2.786103   2.786025  -0.000077    34.1305    34.1361     7.6153    27.4335    27.4383         10  0.000e+00
       1875 309.766320  -62.16700  -58.37554      0.051       0.00      1.976      1.957    -0.6215    -0.6274    -0.0059    -0.6216    -0.6275    -0.0059   2.786144   2.786077  -0.000068    34.1311    34.1369     7.6150    27.4340    27.4389         10  0.000e+00
       1876 309.766321  -62.16700  -58.37554      0.047       0.00      2.072      2.052    -0.6213    -0.6271    -0.0058    -0.6214    -0.6272    -0.0058   2.786144   2.786129  -0.000016    34.1308    34.1372     7.6148    27.4338    27.4391         10  0.000e+00
       1877 309.766321  -62.16700  -58.37554      0.042       0.00      1.990      1.970    -0.6213    -0.6276    -0.0063    -0.6214    -0.6277    -0.0063   2.786138   2.786106  -0.000033    34.1308    34.1375     7.6145    27.4338    27.4394         10  0.000e+00
       1878 309.766322  -62.16700  -58.37554      0.036       0.00      2.024      2.004    -0.6213    -0.6268    -0.0055    -0.6214    -0.6269    -0.0055   2.786156   2.786140  -0.000016    34.1310    34.1370     7.6143    27.4339    27.4390         10  0.000e+00
       1879 309.766322  -62.16700  -58.37554      0.028       0.00      1.976      1.957    -0.6215    -0.6264    -0.0048    -0.6216    -0.6264    -0.0048   2.786144   2.786140  -0.000004    34.1311    34.1365     7.6149    27.4340    27.4386         10  0.000e+00
       1880 309.766323  -62.16700  -58.37554      0.022       0.00      2.024      2.004    -0.6216    -0.6261    -0.0044    -0.6217    -0.6261    -0.0044   2.786114   2.786152   0.000037    34.1308    34.1363     7.6148    27.4338    27.4384         10  0.000e+00
       1881 309.766323  -62.16700  -58.37554      0.013       0.00      1.976      1.957    -0.6222    -0.6261    -0.0039    -0.6222    -0.6261    -0.0039   2.786031   2.786175   0.000144    34.1303    34.1366     7.6198    27.4334    27.4387         10  0.000e+00
       1882 309.766324  -62.16700  -58.37554      0.004       0.00      1.976      1.957    -0.6231    -0.6264    -0.0033    -0.6231    -0.6264    -0.0033   2.785905   2.786169   0.000264    34.1296    34.1369     7.6206    27.4329    27.4389         10  0.000e+00
       1883 309.766324  -62.16700  -58.37554     -0.004       0.00      1.976      1.957    -0.6243    -0.6262    -0.0019    -0.6244    -0.6263    -0.0019   2.785815   2.786175   0.000360    34.1298    34.1368     7.6214    27.4331    27.4388         10  0.000e+00
       1884 309.766325  -62.16700  -58.37554     -0.013       0.00      1.976      1.957    -0.6248    -0.6262    -0.0015    -0.6248    -0.6263    -0.0015   2.785815   2.786163   0.000348    34.1303    34.1367     7.6168    27.4335    27.4387         10  0.000e+00
       1885 309.766325  -62.16700  -58.37554     -0.019       0.00      1.976      1.957    -0.6253    -0.6253     0.0001    -0.6254    -0.6253     0.0001   2.785821   2.786111   0.000290    34.1311    34.1349     7.6166    27.4341    27.4372         10  0.000e+00
       1886 309.766326  -62.16700  -58.37554     -0.027       0.00      1.976      1.957    -0.6252    -0.6262    -0.0010    -0.6253    -0.6263    -0.0010   2.785803   2.786111   0.000308    34.1307    34.1360     7.6215    27.4338    27.4381         10  0.000e+00
       1887 309.766326  -62.16700  -58.37554     -0.037       0.00      1.942      1.923    -0.6248    -0.6261    -0.0013    -0.6248    -0.6261    -0.0013   2.785851   2.786146   0.000295    34.1308    34.1363     7.6166    27.4339    27.4384         10  0.000e+00
       1888 309.766327  -62.16700  -58.37554     -0.043       0.00      1.976      1.957    -0.6248    -0.6256    -0.0008    -0.6248    -0.6257    -0.0008   2.785911   2.786209   0.000298    34.1316    34.1366     7.6163    27.4345    27.4386         10  0.000e+00
       1889 309.766327  -62.16700  -58.37554     -0.048       0.00      1.976      1.957    -0.6245    -0.6259    -0.0014    -0.6245    -0.6260    -0.0014   2.785905   2.786221   0.000316    34.1312    34.1371     7.6159    27.4342    27.4390         10  0.000e+00
       1890 309.766328  -62.16700  -58.37554     -0.057       0.00      1.921      1.903    -0.6241    -0.6256    -0.0015    -0.6242    -0.6257    -0.0015   2.785917   2.786249   0.000333    34.1310    34.1372     7.6155    27.4340    27.4391         10  0.000e+00
       1891 309.766328  -62.16700  -58.37554     -0.062       0.00      1.976      1.957    -0.6238    -0.6257    -0.0019    -0.6239    -0.6258    -0.0019   2.785947   2.786238   0.000291    34.1311    34.1371     7.6203    27.4341    27.4391         10  0.000e+00
       1892 309.766329  -62.16700  -58.37554     -0.067       0.00      1.976      1.957    -0.6238    -0.6256    -0.0018    -0.6239    -0.6257    -0.0018   2.785953   2.786261   0.000308    34.1311    34.1373     7.6207    27.4341    27.4392         10  0.000e+00
       1893 309.766329  -62.16700  -58.37554     -0.075       0.00      1.921      1.903    -0.6237    -0.6254    -0.0018    -0.6237    -0.6255    -0.0018   2.785971   2.786261   0.000290    34.1312    34.1371     7.6159    27.4342    27.4390         10  0.000e+00
       1894 309.766330  -62.16700  -58.37554     -0.077       0.00      1.976      1.957    -0.6235    -0.6251    -0.0016    -0.6236    -0.6252    -0.0016   2.785959   2.786278   0.000320    34.1309    34.1370     7.6207    27.4339    27.4389         10  0.000e+00
