Pos-Processados/process_op38/operantar38_006.ros
* Sea-Bird SBE 9 Data File:
* FileName = D:\OPERANTAR_XXXVIII\DADOS\OP38_006.hdr
* Software Version Seasave V 7.18c
* Temperature SN = 4808
* Conductivity SN = 3380
* Number of Bytes Per Scan = 31
* Number of Voltage Words = 2
* Number of Scans Averaged by the Deck Unit = 1
* NMEA Latitude = 45 04.05 S
* NMEA Longitude = 051 28.82 W
* NMEA UTC (Time) = Oct 19 2019 17:49:21
** H41
** NAVIO POLAR ALMIRANTE MAXIMIANO
** CRUZEIRO:
** OPERANTAR XXXVIII
** ESTAÇÃO: OP38_006
** LAT 45º 04,05' S
** LONG 051º 28,85' W
** 09P73767-1155
** PROFUNDIDADE: 5872
** DATA/HORA: 191750Z/OUT/2019
** OPERADOR: SO-HN CHAVES
# nquan = 27
# nvalues = 4279                                  
# units = specified
# name 0 = scan: Scan Count
# name 1 = timeJ: Julian Days
# name 2 = latitude: Latitude [deg]
# name 3 = longitude: Longitude [deg]
# name 4 = dz/dtM: Descent Rate [m/s]
# name 5 = avgsvCM: Average Sound Velocity [Chen-Millero, m/s]
# name 6 = prDM: Pressure, Digiquartz [db]
# name 7 = depSM: Depth [salt water, m]
# name 8 = t090C: Temperature [ITS-90, deg C]
# name 9 = t190C: Temperature, 2 [ITS-90, deg C]
# name 10 = T2-T190C: Temperature Difference, 2 - 1 [ITS-90, deg C]
# name 11 = potemp090C: Potential Temperature [ITS-90, deg C]
# name 12 = potemp190C: Potential Temperature, 2 [ITS-90, deg C]
# name 13 = potemp90Cdiff: Potential Temperature, Diff, 2 - 1 [ITS-90, deg C]
# name 14 = c0S/m: Conductivity [S/m]
# name 15 = c1S/m: Conductivity, 2 [S/m]
# name 16 = C2-C1S/m: Conductivity Difference, 2 - 1 [S/m]
# name 17 = sal00: Salinity, Practical [PSU]
# name 18 = sal11: Salinity, Practical, 2 [PSU]
# name 19 = sbeox0ML/L: Oxygen, SBE 43 [ml/l]
# name 20 = sigma-é00: Density [sigma-theta, kg/m^3]
# name 21 = sigma-é11: Density, 2 [sigma-theta, kg/m^3]
# name 22 = sbox0Mm/Kg: Oxygen, SBE 43 [umol/kg]
# name 23 = oxsolMm/Kg: Oxygen Saturation, Garcia & Gordon [umol/kg]
# name 24 = oxsatMm/Kg: Oxygen Saturation, Weiss [umol/kg]
# name 25 = nbf: Bottles Fired
# name 26 = flag:  0.000e+00
# interval = seconds: 0.0416667
# start_time = Oct 19 2019 17:49:21 [NMEA time, header]
# bad_flag = -9.990e-29
*END*
[from data line 752]
      64809 292.773858  -45.06756  -51.48046      0.117    1473.25     45.210     44.838     7.7787     7.7790     0.0002     7.7743     7.7746     0.0002   3.536449   3.537060   0.000611    34.2853    34.2917     6.6018    26.7458    26.7508    287.155  289.84968  290.19508          5  0.000e+00
      64810 292.773859  -45.06756  -51.48046      0.116    1473.25     45.210     44.838     7.7789     7.7788    -0.0001     7.7745     7.7744    -0.0001   3.536475   3.537054   0.000578    34.2855    34.2918     6.6053    26.7459    26.7509    287.310  289.84840  290.19379          5  0.000e+00
      64811 292.773859  -45.06756  -51.48046      0.117    1473.25     45.258     44.885     7.7785     7.7785     0.0000     7.7740     7.7741     0.0000   3.536449   3.537028   0.000579    34.2856    34.2918     6.6055    26.7460    26.7509    287.318  289.85085  290.19628          5  0.000e+00
      64812 292.773859  -45.06756  -51.48046      0.118    1473.25     45.258     44.885     7.7787     7.7783    -0.0004     7.7743     7.7739    -0.0004   3.536475   3.536997   0.000522    34.2856    34.2916     6.6016    26.7460    26.7508    287.149  289.84913  290.19454          5  0.000e+00
      64813 292.773860  -45.06756  -51.48046      0.116    1473.25     45.210     44.838     7.7788     7.7783    -0.0004     7.7744     7.7739    -0.0004   3.536528   3.536965   0.000438    34.2861    34.2913     6.6051    26.7465    26.7506    287.301  289.84765  290.19307          5  0.000e+00
      64814 292.773860  -45.06756  -51.48046      0.115    1473.25     45.258     44.885     7.7787     7.7777    -0.0010     7.7743     7.7733    -0.0010   3.536488   3.536884   0.000395    34.2857    34.2910     6.6053    26.7461    26.7505    287.306  289.84883  290.19424          5  0.000e+00
      64815 292.773861  -45.06756  -51.48046      0.118    1473.25     45.258     44.885     7.7786     7.7773    -0.0013     7.7742     7.7729    -0.0013   3.536482   3.536884   0.000402    34.2858    34.2914     6.6053    26.7462    26.7508    287.308  289.84943  290.19485          5  0.000e+00
      64816 292.773861  -45.06756  -51.48046      0.117    1473.25     45.258     44.885     7.7790     7.7769    -0.0022     7.7746     7.7724    -0.0022   3.536475   3.536846   0.000371    34.2853    34.2914     6.6096    26.7458    26.7509    287.496  289.84778  290.19315          5  0.000e+00
      64817 292.773862  -45.06756  -51.48046      0.118    1473.25     45.313     44.940     7.7786     7.7767    -0.0019     7.7742     7.7723    -0.0019   3.536508   3.536808   0.000300    34.2860    34.2911     6.6062    26.7464    26.7507    287.348  289.84888  290.19431          5  0.000e+00
      64818 292.773862  -45.06756  -51.48046      0.119    1473.25     45.258     44.885     7.7790     7.7770    -0.0020     7.7746     7.7726    -0.0020   3.536534   3.536802   0.000267    34.2859    34.2908     6.6061    26.7463    26.7504    287.342  289.84643  290.19182          5  0.000e+00
      64819 292.773863  -45.06756  -51.48046      0.115    1473.25     45.258     44.885     7.7790     7.7767    -0.0023     7.7746     7.7723    -0.0023   3.536521   3.536846   0.000325    34.2858    34.2916     6.6060    26.7461    26.7510    287.341  289.84673  290.19211          5  0.000e+00
      64820 292.773863  -45.06756  -51.48046      0.118    1473.25     45.313     44.940     7.7791     7.7767    -0.0024     7.7747     7.7723    -0.0024   3.536534   3.536789   0.000255    34.2858    34.2909     6.6060    26.7461    26.7505    287.340  289.84604  290.19141          5  0.000e+00
      64821 292.773864  -45.06756  -51.48046      0.120    1473.25     45.313     44.940     7.7792     7.7762    -0.0030     7.7748     7.7718    -0.0030   3.536547   3.536770   0.000223    34.2859    34.2912     6.6064    26.7462    26.7508    287.355  289.84529  290.19065          5  0.000e+00
      64822 292.773864  -45.06756  -51.48046      0.119    1473.25     45.258     44.885     7.7791     7.7764    -0.0027     7.7747     7.7720    -0.0027   3.536515   3.536720   0.000205    34.2856    34.2905     6.6063    26.7460    26.7503    287.351  289.84643  290.19180          5  0.000e+00
      64823 292.773865  -45.06756  -51.48046      0.119    1473.25     45.313     44.940     7.7792     7.7760    -0.0032     7.7748     7.7716    -0.0032   3.536574   3.536726   0.000152    34.2861    34.2909     6.6062    26.7464    26.7506    287.348  289.84469  290.19006          5  0.000e+00
      64824 292.773865  -45.06756  -51.48046      0.122    1473.25     45.361     44.987     7.7791     7.7759    -0.0033     7.7747     7.7714    -0.0033   3.536541   3.536758   0.000217    34.2859    34.2914     6.6062    26.7462    26.7510    287.346  289.84593  290.19131          5  0.000e+00
      64825 292.773866  -45.06756  -51.48046      0.122    1473.25     45.313     44.940     7.7792     7.7769    -0.0024     7.7748     7.7724    -0.0024   3.536508   3.536884   0.000376    34.2854    34.2918     6.6103    26.7458    26.7512    287.528  289.84618  290.19154          5  0.000e+00
      64826 292.773866  -45.06756  -51.48046      0.124    1473.25     45.313     44.940     7.7792     7.7772    -0.0020     7.7748     7.7728    -0.0020   3.536567   3.536972   0.000405    34.2861    34.2924     6.6071    26.7463    26.7516    287.388  289.84484  290.19021          5  0.000e+00
      64827 292.773867  -45.06756  -51.48046      0.123    1473.25     45.313     44.940     7.7793     7.7781    -0.0011     7.7749     7.7737    -0.0011   3.536593   3.537010   0.000416    34.2863    34.2919     6.6109    26.7465    26.7511    287.551  289.84401  290.18938          5  0.000e+00
      64828 292.773867  -45.06756  -51.48046      0.123    1473.25     45.361     44.987     7.7794     7.7778    -0.0015     7.7750     7.7734    -0.0015   3.536613   3.537022   0.000409    34.2864    34.2923     6.6072    26.7466    26.7514    287.392  289.84316  290.18852          5  0.000e+00
      64829 292.773868  -45.06756  -51.48046      0.126    1473.25     45.361     44.987     7.7796     7.7782    -0.0014     7.7752     7.7737    -0.0014   3.536600   3.537066   0.000466    34.2860    34.2925     6.6075    26.7463    26.7515    287.402  289.84256  290.18789          5  0.000e+00
      64830 292.773868  -45.06756  -51.48046      0.126    1473.25     45.313     44.940     7.7795     7.7781    -0.0014     7.7751     7.7737    -0.0014   3.536659   3.537104   0.000445    34.2868    34.2929     6.6072    26.7468    26.7519    287.391  289.84139  290.18674          5  0.000e+00
      64831 292.773869  -45.06756  -51.48046      0.122    1473.25     45.313     44.940     7.7797     7.7786    -0.0011     7.7753     7.7742    -0.0011   3.536639   3.537066   0.000427    34.2863    34.2920     6.6109    26.7465    26.7511    287.551  289.84094  290.18626          5  0.000e+00
      64832 292.773869  -45.06756  -51.48046      0.129    1473.25     45.457     45.083     7.7798     7.7786    -0.0012     7.7754     7.7742    -0.0012   3.536606   3.537073   0.000466    34.2858    34.2920     6.6073    26.7460    26.7511    287.394  289.84139  290.18669          5  0.000e+00
      64833 292.773870  -45.06756  -51.48046      0.129    1473.25     45.361     44.987     7.7797     7.7788    -0.0009     7.7753     7.7744    -0.0009   3.536587   3.537104   0.000517    34.2858    34.2923     6.6070    26.7460    26.7513    287.380  289.84219  290.18750          5  0.000e+00
      64834 292.773870  -45.06756  -51.48046      0.129    1473.25     45.361     44.987     7.7797     7.7790    -0.0007     7.7753     7.7745    -0.0007   3.536620   3.537161   0.000541    34.2862    34.2927     6.6071    26.7463    26.7516    287.387  289.84167  290.18699          5  0.000e+00
      64835 292.773871  -45.06756  -51.48046      0.128    1473.25     45.361     44.988     7.7794     7.7795     0.0001     7.7750     7.7750     0.0001   3.536620   3.537155   0.000535    34.2865    34.2921     6.6073    26.7466    26.7511    287.395  289.84301  290.18837          5  0.000e+00
      64836 292.773871  -45.06756  -51.48046      0.132    1473.25     45.409     45.035     7.7796     7.7793    -0.0003     7.7752     7.7749    -0.0003   3.536580   3.537167   0.000587    34.2858    34.2924     6.6075    26.7461    26.7513    287.403  289.84306  290.18839          5  0.000e+00
      64837 292.773872  -45.06756  -51.48046      0.133    1473.25     45.409     45.035     7.7794     7.7795     0.0001     7.7749     7.7750     0.0001   3.536580   3.537199   0.000618    34.2860    34.2926     6.6077    26.7463    26.7514    287.411  289.84396  290.18931          5  0.000e+00
      64838 292.773872  -45.06756  -51.48046      0.133    1473.25     45.409     45.035     7.7794     7.7796     0.0002     7.7750     7.7752     0.0002   3.536574   3.537186   0.000612    34.2859    34.2923     6.6074    26.7462    26.7512    287.399  289.84389  290.18923          5  0.000e+00
      64839 292.773872  -45.06756  -51.48046      0.136    1473.25     45.409     45.035     7.7794     7.7796     0.0002     7.7749     7.7752     0.0002   3.536554   3.537180   0.000626    34.2857    34.2922     6.6114    26.7460    26.7511    287.576  289.84456  290.18990          5  0.000e+00
      64840 292.773873  -45.06756  -51.48046      0.138    1473.25     45.409     45.035     7.7794     7.7795     0.0000     7.7750     7.7750     0.0000   3.536541   3.537155   0.000614    34.2855    34.2921     6.6116    26.7459    26.7511    287.580  289.84463  290.18997          5  0.000e+00
      64841 292.773873  -45.06756  -51.48046      0.139    1473.25     45.464     45.090     7.7792     7.7790    -0.0003     7.7748     7.7745    -0.0003   3.536547   3.537167   0.000620    34.2858    34.2927     6.6078    26.7461    26.7516    287.416  289.84544  290.19080          5  0.000e+00
      64842 292.773874  -45.06756  -51.48046      0.139    1473.25     45.409     45.035     7.7791     7.7796     0.0005     7.7747     7.7752     0.0005   3.536515   3.537180   0.000665    34.2856    34.2922     6.6078    26.7459    26.7511    287.418  289.84658  290.19195          5  0.000e+00
      64843 292.773874  -45.06756  -51.48046      0.139    1473.25     45.409     45.035     7.7792     7.7793     0.0001     7.7748     7.7749     0.0001   3.536508   3.537155   0.000646    34.2854    34.2923     6.6075    26.7458    26.7512    287.402  289.84628  290.19164          5  0.000e+00
      64844 292.773875  -45.06756  -51.48046      0.142    1473.25     45.464     45.090     7.7790     7.7793     0.0003     7.7746     7.7749     0.0003   3.536488   3.537123   0.000635    34.2853    34.2919     6.6032    26.7458    26.7509    287.219  289.84769  290.19306          5  0.000e+00
      64845 292.773875  -45.06756  -51.48046      0.144    1473.25     45.464     45.090     7.7788     7.7791     0.0004     7.7743     7.7747     0.0004   3.536475   3.537092   0.000616    34.2855    34.2917     6.6025    26.7459    26.7508    287.186  289.84911  290.19451          5  0.000e+00
      64846 292.773876  -45.06756  -51.48046      0.145    1473.25     45.464     45.090     7.7787     7.7791     0.0004     7.7743     7.7747     0.0004   3.536462   3.537129   0.000667    34.2854    34.2921     6.6017    26.7459    26.7511    287.152  289.84963  290.19504          5  0.000e+00
      64847 292.773876  -45.06756  -51.48046      0.145    1473.25     45.464     45.090     7.7786     7.7791     0.0005     7.7742     7.7747     0.0005   3.536495   3.537148   0.000653    34.2858    34.2923     6.6052    26.7462    26.7513    287.306  289.84934  290.19476          5  0.000e+00
      64848 292.773877  -45.06756  -51.48046      0.147    1473.25     45.464     45.090     7.7786     7.7798     0.0012     7.7741     7.7753     0.0012   3.536488   3.537192   0.000704    34.2858    34.2922     6.6049    26.7462    26.7511    287.289  289.84971  290.19514          5  0.000e+00
      64849 292.773877  -45.06756  -51.48046      0.149    1473.25     45.512     45.137     7.7786     7.7793     0.0007     7.7742     7.7749     0.0007   3.536475   3.537186   0.000711    34.2856    34.2926     6.6006    26.7460    26.7514    287.104  289.84983  290.19525          5  0.000e+00
      64850 292.773878  -45.06756  -51.48046      0.150    1473.25     45.464     45.090     7.7787     7.7793     0.0006     7.7743     7.7749     0.0006   3.536462   3.537142   0.000680    34.2854    34.2921     6.5997    26.7459    26.7511    287.066  289.84963  290.19504          5  0.000e+00
      64851 292.773878  -45.06756  -51.48046      0.153    1473.25     45.512     45.137     7.7787     7.7791     0.0004     7.7743     7.7747     0.0004   3.536469   3.537142   0.000673    34.2854    34.2923     6.6033    26.7459    26.7512    287.221  289.84953  290.19494          5  0.000e+00
      64852 292.773879  -45.06756  -51.48046      0.153    1473.25     45.512     45.137     7.7785     7.7790     0.0005     7.7740     7.7745     0.0005   3.536475   3.537123   0.000648    34.2857    34.2922     6.5995    26.7462    26.7512    287.054  289.85051  290.19595          5  0.000e+00
      64853 292.773879  -45.06756  -51.48046      0.152    1473.25     45.464     45.090     7.7786     7.7790     0.0004     7.7741     7.7745     0.0004   3.536462   3.537136   0.000674    34.2855    34.2924     6.5990    26.7460    26.7513    287.036  289.85031  290.19573          5  0.000e+00
      64854 292.773880  -45.06756  -51.48046      0.153    1473.25     45.512     45.137     7.7785     7.7793     0.0008     7.7740     7.7748     0.0008   3.536469   3.537167   0.000698    34.2857    34.2924     6.5983    26.7461    26.7513    287.004  289.85066  290.19610          5  0.000e+00
      64855 292.773880  -45.06756  -51.48046      0.153    1473.25     45.512     45.137     7.7786     7.7791     0.0006     7.7741     7.7747     0.0006   3.536462   3.537180   0.000718    34.2855    34.2927     6.5980    26.7460    26.7515    286.989  289.85036  290.19578          5  0.000e+00
      64856 292.773881  -45.06756  -51.48046      0.152    1473.25     45.512     45.137     7.7786     7.7795     0.0008     7.7742     7.7750     0.0008   3.536469   3.537129   0.000661    34.2855    34.2918     6.5976    26.7460    26.7508    286.974  289.84998  290.19540          5  0.000e+00
      64857 292.773881  -45.06756  -51.48046      0.157    1473.25     45.567     45.192     7.7789     7.7790     0.0001     7.7744     7.7745     0.0001   3.536482   3.537136   0.000654    34.2854    34.2923     6.5973    26.7458    26.7513    286.961  289.84861  290.19400          5  0.000e+00
      64858 292.773882  -45.06756  -51.48046      0.155    1473.25     45.512     45.137     7.7788     7.7786    -0.0001     7.7743     7.7742    -0.0001   3.536547   3.537098   0.000550    34.2862    34.2923     6.5965    26.7465    26.7513    286.926  289.84751  290.19293          5  0.000e+00
      64859 292.773882  -45.06756  -51.48046      0.156    1473.25     45.567     45.192     7.7792     7.7790    -0.0003     7.7748     7.7745    -0.0003   3.536580   3.537104   0.000524    34.2861    34.2920     6.5962    26.7463    26.7510    286.912  289.84480  290.19016          5  0.000e+00
      64860 292.773883  -45.06756  -51.48046      0.158    1473.25     45.567     45.192     7.7797     7.7786    -0.0010     7.7752     7.7742    -0.0010   3.536646   3.537066   0.000421    34.2863    34.2919     6.5958    26.7465    26.7510    286.897  289.84128  290.18660          5  0.000e+00
      64861 292.773883  -45.06756  -51.48046      0.157    1473.25     45.512     45.137     7.7799     7.7788    -0.0011     7.7755     7.7744    -0.0011   3.536711   3.537054   0.000342    34.2868    34.2916     6.5911    26.7468    26.7508    286.692  289.83860  290.18391          5  0.000e+00
