Pos-Processados/process_op38/operantar38_003b.ros
* Sea-Bird SBE 9 Data File:
* FileName = D:\OPERANTAR_XXXVIII\DADOS\OP38_003b.hdr
* Software Version Seasave V 7.12
* Temperature SN = 4808
* Conductivity SN = 3380
* Number of Bytes Per Scan = 31
* Number of Voltage Words = 2
* Number of Scans Averaged by the Deck Unit = 1
* NMEA Latitude = 39 32.86 S
* NMEA Longitude = 054 23.47 W
* NMEA UTC (Time) = Jan 17 2019 09:51:02
** H41
** NAVIO POLAR ALMIRANTE MAXIMIANO
** CRUZEIRO:
** OPERANTAR XXXVIII
** ESTAÇÃO: OP38_003b
** LAT 39º 32,86'S
** LONG 054º 23,47'W
** 09P73767-1155
** PROFUNDIDADE: 2920 m
** DATA/HORA: 170950Z/OUT/2019
** OPERADOR: SO-HN CHAVES
# nquan = 27
# nvalues = 1649                                  
# units = specified
# name 0 = scan: Scan Count
# name 1 = timeJ: Julian Days
# name 2 = latitude: Latitude [deg]
# name 3 = longitude: Longitude [deg]
# name 4 = dz/dtM: Descent Rate [m/s]
# name 5 = avgsvCM: Average Sound Velocity [Chen-Millero, m/s]
# name 6 = prDM: Pressure, Digiquartz [db]
# name 7 = depSM: Depth [salt water, m]
# name 8 = t090C: Temperature [ITS-90, deg C]
# name 9 = t190C: Temperature, 2 [ITS-90, deg C]
# name 10 = T2-T190C: Temperature Difference, 2 - 1 [ITS-90, deg C]
# name 11 = potemp090C: Potential Temperature [ITS-90, deg C]
# name 12 = potemp190C: Potential Temperature, 2 [ITS-90, deg C]
# name 13 = potemp90Cdiff: Potential Temperature, Diff, 2 - 1 [ITS-90, deg C]
# name 14 = c0S/m: Conductivity [S/m]
# name 15 = c1S/m: Conductivity, 2 [S/m]
# name 16 = C2-C1S/m: Conductivity Difference, 2 - 1 [S/m]
# name 17 = sal00: Salinity, Practical [PSU]
# name 18 = sal11: Salinity, Practical, 2 [PSU]
# name 19 = sbeox0ML/L: Oxygen, SBE 43 [ml/l]
# name 20 = sigma-é00: Density [sigma-theta, kg/m^3]
# name 21 = sigma-é11: Density, 2 [sigma-theta, kg/m^3]
# name 22 = sbox0Mm/Kg: Oxygen, SBE 43 [umol/kg]
# name 23 = oxsolMm/Kg: Oxygen Saturation, Garcia & Gordon [umol/kg]
# name 24 = oxsatMm/Kg: Oxygen Saturation, Weiss [umol/kg]
# name 25 = nbf: Bottles Fired
# name 26 = flag:  0.000e+00
# interval = seconds: 0.0416667
# start_time = Jan 17 2019 09:51:02 [NMEA time, header]
# bad_flag = -9.990e-29
*END*
[from data line 1074]
       3660  17.412204  -39.54772  -54.39120     -0.046    1474.69     35.429     35.156     6.0970     6.1036     0.0066     6.0941     6.1006     0.0066   3.366308   3.367138   0.000830    34.0902    34.0930     7.3825    26.8218    26.8232    321.088  301.62233  302.14792          7  0.000e+00
       3661  17.412205  -39.54772  -54.39120     -0.059    1474.69     35.422     35.149     6.1016     6.1051     0.0035     6.0986     6.1021     0.0035   3.366424   3.367213   0.000789    34.0870    34.0923     7.3817    26.8187    26.8225    321.057  301.59788  302.12285          7  0.000e+00
       3662  17.412205  -39.54772  -54.39120     -0.069    1474.69     35.429     35.156     6.1040     6.1064     0.0024     6.1010     6.1034     0.0024   3.366501   3.367213   0.000712    34.0854    34.0910     7.3772    26.8172    26.8213    320.862  301.58456  302.10921          7  0.000e+00
       3663  17.412206  -39.54772  -54.39120     -0.081    1474.69     35.381     35.108     6.1056     6.1079     0.0024     6.1026     6.1050     0.0024   3.366617   3.367336   0.000719    34.0851    34.0909     7.3760    26.8167    26.8209    320.809  301.57393  302.09838          7  0.000e+00
       3664  17.412206  -39.54772  -54.39120     -0.096    1474.69     35.381     35.108     6.1074     6.1094     0.0021     6.1044     6.1064     0.0021   3.366668   3.367497   0.000829    34.0839    34.0912     7.3753    26.8156    26.8210    320.781  301.56422  302.08844          7  0.000e+00
       3665  17.412207  -39.54772  -54.39120     -0.107    1474.69     35.381     35.108     6.1080     6.1109     0.0028     6.1051     6.1079     0.0028   3.366655   3.367485   0.000829    34.0831    34.0896     7.3745    26.8148    26.8196    320.743  301.56133  302.08544          7  0.000e+00
       3666  17.412207  -39.54772  -54.39120     -0.121    1474.69     35.326     35.054     6.1085     6.1094     0.0009     6.1055     6.1064     0.0009   3.366668   3.367268   0.000600    34.0828    34.0886     7.3736    26.8145    26.8190    320.704  301.55872  302.08277          7  0.000e+00
       3667  17.412208  -39.54772  -54.39120     -0.131    1474.69     35.374     35.101     6.1085     6.1088     0.0003     6.1055     6.1058     0.0003   3.366655   3.367200   0.000545    34.0826    34.0885     7.3729    26.8144    26.8190    320.675  301.55909  302.08314          7  0.000e+00
       3668  17.412208  -39.54772  -54.39120     -0.141    1474.69     35.326     35.054     6.1083     6.1078    -0.0005     6.1054     6.1048    -0.0005   3.366713   3.367157   0.000444    34.0835    34.0890     7.3681    26.8151    26.8195    320.464  301.55833  302.08242          7  0.000e+00
       3669  17.412209  -39.54772  -54.39120     -0.156    1474.69     35.278     35.006     6.1088     6.1086    -0.0002     6.1058     6.1056    -0.0002   3.366758   3.367330   0.000572    34.0835    34.0902     7.3668    26.8150    26.8203    320.411  301.55492  302.07895          7  0.000e+00
       3670  17.412209  -39.54772  -54.39120     -0.167    1474.69     35.278     35.006     6.1093     6.1099     0.0005     6.1064     6.1069     0.0005   3.366765   3.367522   0.000757    34.0831    34.0910     7.3657    26.8146    26.8208    320.362  301.55228  302.07624          7  0.000e+00
       3671  17.412210  -39.54772  -54.39120     -0.178    1474.69     35.278     35.006     6.1088     6.1107     0.0019     6.1058     6.1077     0.0019   3.366630   3.367472   0.000842    34.0821    34.0896     7.3649    26.8139    26.8196    320.326  301.55815  302.08214          7  0.000e+00
       3672  17.412210  -39.54772  -54.39120     -0.191    1474.69     35.271     34.999     6.1059     6.1096     0.0036     6.1030     6.1066     0.0036   3.366308   3.367188   0.000880    34.0814    34.0876     7.3645    26.8137    26.8182    320.311  301.57982  302.10414          7  0.000e+00
       3673  17.412211  -39.54772  -54.39120     -0.202    1474.69     35.230     34.959     6.1024     6.1068     0.0045     6.0994     6.1039     0.0045   3.365896   3.366675   0.000779    34.0804    34.0846     7.3644    26.8134    26.8161    320.304  301.60719  302.13190          7  0.000e+00
       3674  17.412211  -39.54772  -54.39120     -0.216    1474.69     35.175     34.904     6.0990     6.1033     0.0043     6.0960     6.1003     0.0043   3.365536   3.366298   0.000762    34.0797    34.0840     7.3642    26.8133    26.8161    320.296  301.63227  302.15736          7  0.000e+00
       3675  17.412212  -39.54772  -54.39120     -0.225    1474.69     35.230     34.959     6.0963     6.1009     0.0046     6.0933     6.0979     0.0046   3.365253   3.366254   0.001002    34.0793    34.0859     7.3640    26.8133    26.8179    320.289  301.65231  302.17771          7  0.000e+00
       3676  17.412212  -39.54772  -54.39120     -0.237    1474.69     35.175     34.904     6.0935     6.0982     0.0047     6.0905     6.0953     0.0047   3.365137   3.366026   0.000889    34.0808    34.0860     7.3596    26.8148    26.8183    320.097  301.66828  302.19404          7  0.000e+00
       3677  17.412213  -39.54772  -54.39120     -0.251    1474.69     35.121     34.850     6.0919     6.0954     0.0035     6.0889     6.0924     0.0035   3.365040   3.365840   0.000800    34.0813    34.0868     7.3588    26.8155    26.8193    320.060  301.67832  302.20429          7  0.000e+00
       3678  17.412213  -39.54772  -54.39120     -0.260    1474.69     35.127     34.857     6.0906     6.0930     0.0024     6.0876     6.0900     0.0024   3.364892   3.365636   0.000744    34.0810    34.0869     7.3622    26.8153    26.8197    320.207  301.68824  302.21435          7  0.000e+00
       3679  17.412214  -39.54772  -54.39120     -0.271    1474.69     35.127     34.857     6.0857     6.0928     0.0071     6.0828     6.0899     0.0071   3.364307   3.365593   0.001286    34.0793    34.0866     7.3586    26.8146    26.8195    320.052  301.72598  302.25262          7  0.000e+00
       3680  17.412214  -39.54772  -54.39120     -0.280    1474.69     35.127     34.857     6.0793     6.0939     0.0146     6.0763     6.0909     0.0146   3.363303   3.365970   0.002667    34.0745    34.0898     7.3596    26.8117    26.8219    320.099  301.78193  302.30920          7  0.000e+00
       3681  17.412215  -39.54772  -54.39120     -0.288    1474.69     35.073     34.802     6.0705     6.0989     0.0284     6.0676     6.0960     0.0284   3.362409   3.366656   0.004247    34.0732    34.0924     7.3605    26.8118    26.8233    320.138  301.84575  302.37402          7  0.000e+00
       3682  17.412215  -39.54772  -54.39120     -0.299    1474.69     35.073     34.802     6.0652     6.1044     0.0392     6.0623     6.1015     0.0392   3.362191   3.367194   0.005003    34.0761    34.0929     7.3612    26.8147    26.8230    320.166  301.87655  302.40552          7  0.000e+00
       3683  17.412215  -39.54772  -54.39120     -0.310    1474.69     35.025     34.755     6.0641     6.1081     0.0440     6.0611     6.1052     0.0440   3.362474   3.367553   0.005079    34.0805    34.0933     7.3606    26.8183    26.8228    320.137  301.87484  302.40405          7  0.000e+00
       3684  17.412216  -39.54772  -54.39120     -0.320    1474.69     35.025     34.755     6.0654     6.1118     0.0464     6.0624     6.1089     0.0464   3.362892   3.367781   0.004889    34.0839    34.0921     7.3596    26.8208    26.8214    320.097  301.85813  302.38727          7  0.000e+00
       3685  17.412216  -39.54772  -54.39120     -0.328    1474.69     34.977     34.707     6.0670     6.1139     0.0469     6.0641     6.1110     0.0469   3.363136   3.367837   0.004701    34.0850    34.0907     7.3588    26.8215    26.8200    320.060  301.84424  302.37322          7  0.000e+00
       3686  17.412217  -39.54772  -54.39120     -0.338    1474.69     34.977     34.707     6.0685     6.1141     0.0456     6.0655     6.1112     0.0456   3.363271   3.367812   0.004541    34.0851    34.0902     7.3587    26.8214    26.8196    320.054  301.83390  302.36271          7  0.000e+00
       3687  17.412217  -39.54772  -54.39120     -0.347    1474.69     35.018     34.748     6.0704     6.1149     0.0445     6.0675     6.1119     0.0445   3.363426   3.367899   0.004473    34.0848    34.0904     7.3586    26.8209    26.8197    320.051  301.82089  302.34947          7  0.000e+00
       3688  17.412218  -39.54772  -54.39120     -0.353    1474.69     34.922     34.653     6.0709     6.1160     0.0452     6.0679     6.1131     0.0452   3.363413   3.367911   0.004498    34.0843    34.0894     7.3583    26.8204    26.8188    320.037  301.81887  302.34738          7  0.000e+00
       3689  17.412218  -39.54772  -54.39120     -0.361    1474.69     34.922     34.653     6.0699     6.1159     0.0459     6.0670     6.1129     0.0459   3.363188   3.367305   0.004118    34.0827    34.0828     7.3543    26.8193    26.8136    319.867  301.82900  302.35758          7  0.000e+00
       3690  17.412219  -39.54772  -54.39120     -0.371    1474.69     34.874     34.605     6.0668     6.1038     0.0369     6.0639     6.1008     0.0369   3.362937   3.365927   0.002990    34.0830    34.0795     7.3544    26.8199    26.8125    319.869  301.84988  302.37883          7  0.000e+00
       3691  17.412219  -39.54772  -54.39120     -0.375    1474.69     34.922     34.653     6.0657     6.0933     0.0276     6.0628     6.0904     0.0276   3.362879   3.365136   0.002257    34.0834    34.0811     7.3543    26.8205    26.8151    319.864  301.85685  302.38595          7  0.000e+00
       3692  17.412220  -39.54772  -54.39120     -0.384    1474.69     34.867     34.599     6.0654     6.0881     0.0228     6.0625     6.0852     0.0228   3.362924   3.364901   0.001977    34.0843    34.0836     7.3540    26.8212    26.8178    319.851  301.85714  302.38630          7  0.000e+00
       3693  17.412220  -39.54772  -54.39120     -0.388    1474.69     34.874     34.606     6.0651     6.0843     0.0193     6.0621     6.0814     0.0192   3.362962   3.364722   0.001759    34.0850    34.0855     7.3580    26.8218    26.8197    320.025  301.85767  302.38688          7  0.000e+00
       3694  17.412221  -39.54772  -54.39120     -0.396    1474.69     34.826     34.558     6.0662     6.0806     0.0144     6.0633     6.0777     0.0144   3.363104   3.364505   0.001401    34.0855    34.0868     7.3540    26.8220    26.8212    319.850  301.84860  302.37769          7  0.000e+00
       3695  17.412221  -39.54772  -54.39120     -0.399    1474.69     34.826     34.558     6.0677     6.0762     0.0085     6.0648     6.0733     0.0085   3.363291   3.364153   0.000863    34.0861    34.0872     7.3537    26.8223    26.8221    319.838  301.83697  302.36590          7  0.000e+00
       3696  17.412222  -39.54772  -54.39120     -0.406    1474.69     34.772     34.504     6.0696     6.0732     0.0036     6.0667     6.0702     0.0036   3.363400   3.364011   0.000611    34.0854    34.0887     7.3534    26.8215    26.8237    319.827  301.82498  302.35367          7  0.000e+00
       3697  17.412222  -39.54772  -54.39120     -0.412    1474.69     34.765     34.497     6.0707     6.0748     0.0041     6.0678     6.0719     0.0041   3.363574   3.364468   0.000895    34.0863    34.0923     7.3534    26.8221    26.8263    319.825  301.81540  302.34398          7  0.000e+00
       3698  17.412223  -39.54772  -54.39120     -0.415    1474.69     34.826     34.558     6.0736     6.0804     0.0068     6.0707     6.0775     0.0068   3.363972   3.365210   0.001238    34.0878    34.0949     7.3532    26.8229    26.8277    319.813  301.79156  302.31983          7  0.000e+00
       3699  17.412223  -39.54772  -54.39120     -0.419    1474.69     34.724     34.456     6.0785     6.0847     0.0062     6.0756     6.0817     0.0062   3.364436   3.365550   0.001114    34.0882    34.0945     7.3525    26.8226    26.8268    319.787  301.75675  302.28446          7  0.000e+00
       3700  17.412224  -39.54772  -54.39120     -0.421    1474.69     34.724     34.456     6.0817     6.0875     0.0058     6.0788     6.0846     0.0058   3.364641   3.365791   0.001149    34.0873    34.0944     7.3484    26.8214    26.8263    319.606  301.73621  302.26352          7  0.000e+00
       3701  17.412224  -39.54772  -54.39120     -0.425    1474.69     34.717     34.449     6.0846     6.0907     0.0061     6.0817     6.0878     0.0061   3.364873   3.365754   0.000881    34.0869    34.0907     7.3480    26.8208    26.8230    319.590  301.71651  302.24347          7  0.000e+00
       3702  17.412225  -39.54772  -54.39120     -0.429    1474.69     34.669     34.402     6.0883     6.0910     0.0026     6.0854     6.0880     0.0026   3.365214   3.365729   0.000515    34.0871    34.0902     7.3516    26.8204    26.8226    319.748  301.69030  302.21683          7  0.000e+00
       3703  17.412225  -39.54772  -54.39120     -0.428    1474.69     34.724     34.456     6.0930     6.0946     0.0016     6.0901     6.0917     0.0016   3.365626   3.366013   0.000388    34.0870    34.0897     7.3475    26.8198    26.8218    319.570  301.65773  302.18370          7  0.000e+00
       3704  17.412226  -39.54772  -54.39120     -0.432    1474.69     34.669     34.402     6.0972     6.0951    -0.0021     6.0943     6.0922    -0.0021   3.365967   3.366013   0.000046    34.0866    34.0893     7.3472    26.8190    26.8213    319.556  301.62930  302.15477          7  0.000e+00
       3705  17.412226  -39.54772  -54.39120     -0.430    1474.69     34.621     34.354     6.1003     6.0928    -0.0075     6.0974     6.0899    -0.0075   3.366243   3.365896  -0.000348    34.0866    34.0903     7.3472    26.8186    26.8224    319.555  301.60745  302.13255          7  0.000e+00
       3706  17.412227  -39.54772  -54.39120     -0.432    1474.69     34.669     34.402     6.1035     6.0934    -0.0101     6.1006     6.0905    -0.0100   3.366424   3.366205  -0.000219    34.0854    34.0931     7.3510    26.8172    26.8245    319.723  301.58788  302.11258          7  0.000e+00
       3707  17.412227  -39.54772  -54.39120     -0.433    1474.69     34.621     34.354     6.1053     6.0997    -0.0056     6.1024     6.0968    -0.0056   3.366578   3.366934   0.000356    34.0854    34.0950     7.3473    26.8170    26.8253    319.562  301.57553  302.10003          7  0.000e+00
       3708  17.412228  -39.54772  -54.39120     -0.431    1474.69     34.621     34.354     6.1074     6.1068    -0.0005     6.1044     6.1039    -0.0005   3.366726   3.367614   0.000888    34.0850    34.0955     7.3474    26.8164    26.8247    319.564  301.56192  302.08616          7  0.000e+00
       3709  17.412228  -39.54772  -54.39120     -0.430    1474.69     34.621     34.354     6.1087     6.1122     0.0035     6.1057     6.1092     0.0035   3.366810   3.368028   0.001219    34.0846    34.0948     7.3476    26.8159    26.8235    319.576  301.55364  302.07771          7  0.000e+00
       3710  17.412228  -39.54772  -54.39120     -0.430    1474.69     34.573     34.307     6.1101     6.1162     0.0061     6.1072     6.1133     0.0061   3.366868   3.368300   0.001433    34.0838    34.0938     7.3480    26.8151    26.8222    319.590  301.54520  302.06909          7  0.000e+00
       3711  17.412229  -39.54772  -54.39120     -0.425    1474.69     34.614     34.347     6.1110     6.1188     0.0078     6.1080     6.1158     0.0078   3.366977   3.368381   0.001404    34.0842    34.0921     7.3522    26.8153    26.8205    319.772  301.53854  302.06234          7  0.000e+00
       3712  17.412229  -39.54772  -54.39120     -0.427    1474.69     34.518     34.252     6.1106     6.1210     0.0104     6.1077     6.1181     0.0104   3.366983   3.368498   0.001515    34.0847    34.0912     7.3487    26.8157    26.8195    319.624  301.54001  302.06386          7  0.000e+00
