Pos-Processados/process_op38/operantar38_001.cnv
* Sea-Bird SBE 9 Data File:
* FileName = D:\OPERANTAR_XXXVIII\DADOS\OP38_002.hdr
* Software Version Seasave V 7.12
* Temperature SN = 4808
* Conductivity SN = 3380
* Number of Bytes Per Scan = 31
* Number of Voltage Words = 2
* Number of Scans Averaged by the Deck Unit = 1
* NMEA Latitude = 38 26.99 S
* NMEA Longitude = 052 53.48 W
* NMEA UTC (Time) = Jan 16 2019 21:21:57
** H41
** NAVIO POLAR ALMIRANTE MAXIMIANO
** CRUZEIRO:
** OPERANTAR XXXVIII
** ESTAวรO: 002
** LAT 38บ 26,99'S
** LONG 052บ 53,46'W
** 09P73767-1155
** PROFUNDIDADE: 4158 m
** DATA/HORA: 162121Z/OUT/2019
** OPERADOR: SO-HN CHAVES
# nquan = 33
# nvalues = 2052                        
# units = specified
# name 0 = scan: Scan Count
# name 1 = timeJ: Julian Days
# name 2 = latitude: Latitude [deg]
# name 3 = longitude: Longitude [deg]
# name 4 = dz/dtM: Descent Rate [m/s]
# name 5 = avgsvCM: Average Sound Velocity [Chen-Millero, m/s]
# name 6 = prDM: Pressure, Digiquartz [db]
# name 7 = depSM: Depth [salt water, m]
# name 8 = t090C: Temperature [ITS-90, deg C]
# name 9 = t190C: Temperature, 2 [ITS-90, deg C]
# name 10 = T2-T190C: Temperature Difference, 2 - 1 [ITS-90, deg C]
# name 11 = potemp090C: Potential Temperature [ITS-90, deg C]
# name 12 = potemp190C: Potential Temperature, 2 [ITS-90, deg C]
# name 13 = potemp90Cdiff: Potential Temperature, Diff, 2 - 1 [ITS-90, deg C]
# name 14 = c0S/m: Conductivity [S/m]
# name 15 = c1S/m: Conductivity, 2 [S/m]
# name 16 = C2-C1S/m: Conductivity Difference, 2 - 1 [S/m]
# name 17 = sal00: Salinity, Practical [PSU]
# name 18 = sal11: Salinity, Practical, 2 [PSU]
# name 19 = sbeox0ML/L: Oxygen, SBE 43 [ml/l]
# name 20 = sigma-้00: Density [sigma-theta, kg/m^3]
# name 21 = sigma-้11: Density, 2 [sigma-theta, kg/m^3]
# name 22 = sbox0Mm/Kg: Oxygen, SBE 43 [umol/kg]
# name 23 = oxsolMm/Kg: Oxygen Saturation, Garcia & Gordon [umol/kg]
# name 24 = oxsatMm/Kg: Oxygen Saturation, Weiss [umol/kg]
# name 25 = sal00: Salinity, Practical [PSU]
# name 26 = sigma-้00: Density [sigma-theta, kg/m^3]
# name 27 = svCM: Sound Velocity [Chen-Millero, m/s]
# name 28 = svCM1: Sound Velocity, 2 [Chen-Millero, m/s]
# name 29 = gsw_ptA0: potential temperature [ITS-90, deg C]
# name 30 = gsw_densityA0: density, TEOS-10 [density, kg/m^3]
# name 31 = gsw_saA0: Absolute Salinity [g/kg]
# name 32 = flag:
# span 0 =       7944,      81475       
# span 1 =  16.894074,  16.929534       
# span 2 =  -38.22398,  -38.22387       
# span 3 =  -52.57272,  -52.57268       
# span 4 =     -1.848,      1.603       
# span 5 =      -0.01,    1592.24       
# span 6 =      0.000,   1028.000       
# span 7 =      0.018,   1017.762       
# span 8 =     3.9652,    16.8223       
# span 9 =     3.9665,    16.8245       
# span 10 =    -0.1828,     0.1145      
# span 11 =     3.8880,    16.8216      
# span 12 =     3.8893,    16.8237      
# span 13 =    -0.1828,     0.1142      
# span 14 =   3.229402,   4.495850      
# span 15 =   3.229921,   4.496588      
# span 16 =  -0.008889,   0.026082      
# span 17 =    33.2718,    35.8771      
# span 18 =    33.2761,    35.8831      
# span 19 =     4.6933,     5.9565      
# span 20 =    24.2300,    27.1524      
# span 21 =    24.2328,    27.1557      
# span 22 =    204.148,    259.001      
# span 23 =  241.46438,  316.99565      
# span 24 =  241.21227,  317.79906      
# span 25 =    33.2760,    35.8772      
# span 26 =    24.2332,    27.1524      
# span 27 =    1481.79,    1514.01      
# span 28 =    1481.77,    1514.02      
# span 29 =     3.8877,    16.8215      
# span 30 =  1024.2603,  1031.8893      
# span 31 =    33.4331,    36.0467      
# span 32 = 0.0000e+00, 0.0000e+00      
# interval = decibars: 1                
# start_time = Jan 16 2019 21:21:57 [NMEA time, header]
# bad_flag = -9.990e-29
*END*
[from data line 176]
      13989  16.896989  -38.22395  -52.57268      0.769    1511.66    181.000    179.563    15.7118    15.7122     0.0003    15.6834    15.6837     0.0003   4.460335   4.461048   0.000702    35.8137    35.8198     5.0575    26.4463    26.4509    220.049  243.00586  242.76934    35.8120    26.4450    1512.84    1512.85    15.6834  1027.2417    35.9813 0.0000e+00
      14023  16.897005  -38.22394  -52.57268      0.724    1511.66    182.000    180.555    15.7154    15.7142    -0.0012    15.6868    15.6855    -0.0012   4.460979   4.461472   0.000511    35.8148    35.8205     5.0601    26.4463    26.4510    220.161  242.98726  242.75057    35.8142    26.4459    1512.87    1512.88    15.6868  1027.2470    35.9834 0.0000e+00
      14053  16.897020  -38.22394  -52.57268      0.750    1511.66    183.000    181.546    15.7187    15.7201     0.0014    15.6899    15.6913     0.0014   4.461529   4.462374   0.000850    35.8158    35.8222     5.0626    26.4464    26.4510    220.268  242.97021  242.73335    35.8158    26.4464    1512.90    1512.92    15.6899  1027.2518    35.9850 0.0000e+00
      14077  16.897031  -38.22394  -52.57268      0.911    1511.66    184.000    182.538    15.7340    15.7332    -0.0007    15.7050    15.7043    -0.0007   4.463732   4.464283   0.000556    35.8206    35.8262     5.0704    26.4466    26.4511    220.612  242.89026  242.65262    35.8213    26.4472    1512.97    1512.98    15.7051  1027.2569    35.9905 0.0000e+00
      14096  16.897040  -38.22394  -52.57268      1.103    1511.66    185.000    183.530    15.7379    15.7382     0.0003    15.7087    15.7090     0.0003   4.464132   4.464829   0.000689    35.8213    35.8272     5.0717    26.4463    26.4508    220.667  242.87082  242.63299    35.8210    26.4461    1513.00    1513.01    15.7087  1027.2602    35.9902 0.0000e+00
      14113  16.897049  -38.22394  -52.57268      1.266    1511.66    186.000    184.521    15.7391    15.7403     0.0012    15.7098    15.7110     0.0012   4.464433   4.465235   0.000785    35.8219    35.8278     5.0751    26.4465    26.4509    220.814  242.86384  242.62594    35.8222    26.4467    1513.02    1513.03    15.7098  1027.2652    35.9914 0.0000e+00
      14131  16.897057  -38.22394  -52.57268      1.345    1511.66    187.000    185.513    15.7428    15.7432     0.0004    15.7134    15.7137     0.0004   4.464957   4.465625   0.000697    35.8228    35.8287     5.0751    26.4465    26.4509    220.815  242.84482  242.60673    35.8231    26.4467    1513.05    1513.06    15.7134  1027.2695    35.9923 0.0000e+00
      14157  16.897070  -38.22395  -52.57268      1.135    1511.66    188.000    186.505    15.7458    15.7456    -0.0003    15.7162    15.7159    -0.0003   4.465402   4.466018   0.000622    35.8236    35.8295     5.0777    26.4465    26.4510    220.929  242.82942  242.59118    35.8240    26.4467    1513.08    1513.08    15.7162  1027.2739    35.9933 0.0000e+00
      14242  16.897111  -38.22396  -52.57268      0.139    1511.66    189.000    187.499    15.7547    15.7519    -0.0028    15.7249    15.7221    -0.0028   4.466720   4.467015   0.000295    35.8263    35.8315     5.0783    26.4465    26.4511    220.953  242.78318  242.54450    35.8274    26.4473    1513.13    1513.12    15.7249  1027.2789    35.9967 0.0000e+00
      14286  16.897132  -38.22394  -52.57268      0.601 -9.990e-29    190.000    188.488    15.7748    15.7759     0.0011    15.7448    15.7459     0.0011   4.469345   4.470189   0.000819    35.8320    35.8383     5.0782    26.4463    26.4510    220.948  242.67948  242.43978    35.8324    26.4467    1513.21    1513.22    15.7448  1027.2825    36.0017 0.0000e+00
      14307  16.897142  -38.22394  -52.57268      0.928 -9.990e-29    191.000    189.479    15.7707    15.7711     0.0004    15.7406    15.7410     0.0004   4.468893   4.469612   0.000711    35.8312    35.8372     5.0892    26.4467    26.4512    221.429  242.69978  242.46028    35.8316    26.4470    1513.21    1513.22    15.7406  1027.2872    36.0009 0.0000e+00
      14327  16.897152  -38.22394  -52.57268      1.133 -9.990e-29    192.000    190.471    15.7709    15.7715     0.0006    15.7406    15.7412     0.0006   4.468969   4.469696   0.000726    35.8314    35.8374     5.0951    26.4469    26.4513    221.684  242.69852  242.45902    35.8317    26.4471    1513.23    1513.24    15.7406  1027.2917    36.0010 0.0000e+00
      14346  16.897161  -38.22394  -52.57268      1.222    1512.04    193.000    191.462    15.7691    15.7690    -0.0001    15.7387    15.7386    -0.0001   4.468759   4.469399   0.000627    35.8308    35.8366     5.0875    26.4468    26.4513    221.353  242.70785  242.46843    35.8310    26.4470    1513.24    1513.25    15.7387  1027.2960    36.0003 0.0000e+00
      14366  16.897171  -38.22394  -52.57268      1.232    1512.05    194.000    192.454    15.7765    15.7761    -0.0004    15.7459    15.7455    -0.0004   4.470188   4.470859   0.000630    35.8340    35.8401     5.0788    26.4477    26.4524    220.973  242.66773  242.42794    35.8367    26.4498    1513.29    1513.29    15.7459  1027.3031    36.0061 0.0000e+00
      14388  16.897181  -38.22394  -52.57268      1.168    1512.05    195.000    193.446    15.8086    15.8112     0.0026    15.7778    15.7804     0.0026   4.474786   4.475760   0.000962    35.8446    35.8508     5.0778    26.4485    26.4527    220.931  242.49972  242.25833    35.8485    26.4516    1513.42    1513.43    15.7778  1027.3091    36.0179 0.0000e+00
      14439  16.897206  -38.22395  -52.57268      0.572    1512.05    196.000    194.437    15.8281    15.8281     0.0000    15.7971    15.7971     0.0000   4.477070   4.477690   0.000659    35.8494    35.8552     5.1034    26.4478    26.4523    222.044  242.40058  242.15821    35.8511    26.4491    1513.50    1513.50    15.7971  1027.3109    36.0205 0.0000e+00
      14513  16.897241  -38.22396  -52.57268      0.339    1512.05    197.000    195.429    15.8458    15.8438    -0.0020    15.8146    15.8127    -0.0020   4.479503   4.480074   0.000456    35.8548    35.8607     5.1212    26.4480    26.4530    222.821  242.30822  242.06496    35.8564    26.4492    1513.58    1513.58    15.8147  1027.3153    36.0258 0.0000e+00
      14534  16.897252  -38.22394  -52.57268      0.800    1512.05    198.000    196.420    15.8463    15.8473     0.0009    15.8150    15.8159     0.0009   4.479672   4.480543   0.000787    35.8554    35.8616     5.1299    26.4483    26.4529    223.198  242.30495  242.06167    35.8570    26.4496    1513.59    1513.61    15.8150  1027.3201    36.0265 0.0000e+00
      14555  16.897262  -38.22394  -52.57268      1.062    1512.05    199.000    197.412    15.8742    15.8735    -0.0007    15.8426    15.8420    -0.0007   4.484206   4.484582   0.000468    35.8663    35.8711     5.1374    26.4504    26.4543    223.525  242.15654  241.91189    35.8721    26.4548    1513.71    1513.72    15.8427  1027.3296    36.0416 0.0000e+00
      14578  16.897273  -38.22394  -52.57268      1.099    1512.05    200.000    198.403    15.8927    15.8935     0.0008    15.8609    15.8617     0.0008   4.486237   4.487010   0.000746    35.8709    35.8769     5.1349    26.4497    26.4542    223.417  242.06244  241.81686    35.8731    26.4515    1513.79    1513.80    15.8609  1027.3305    36.0427 0.0000e+00
      14612  16.897289  -38.22394  -52.57268      0.800    1512.05    201.000    199.395    15.8915    15.8917     0.0003    15.8596    15.8598     0.0003   4.486078   4.486753   0.000681    35.8711    35.8770     5.1437    26.4502    26.4547    223.797  242.06761  241.82209    35.8724    26.4512    1513.80    1513.81    15.8596  1027.3346    36.0419 0.0000e+00
      14659  16.897312  -38.22394  -52.57268      0.515    1512.05    202.000    200.386    15.8874    15.8885     0.0011    15.8554    15.8565     0.0011   4.485556   4.486366   0.000808    35.8701    35.8764     5.1613    26.4504    26.4550    224.562  242.08824  241.84293    35.8710    26.4511    1513.80    1513.81    15.8554  1027.3389    36.0405 0.0000e+00
      14711  16.897337  -38.22396  -52.57268      0.454    1512.05    203.000    201.378    15.8833    15.8836     0.0003    15.8511    15.8514     0.0003   4.485063   4.485763   0.000701    35.8693    35.8753     5.1700    26.4508    26.4554    224.942  242.10904  241.86394    35.8699    26.4513    1513.80    1513.81    15.8511  1027.3435    36.0394 0.0000e+00
      14759  16.897360  -38.22394  -52.57268      0.467    1512.05    204.000    202.370    15.8830    15.8828    -0.0002    15.8507    15.8505    -0.0002   4.485099   4.485731   0.000642    35.8693    35.8752     5.1589    26.4509    26.4555    224.459  242.11008  241.86499    35.8700    26.4514    1513.82    1513.83    15.8507  1027.3480    36.0396 0.0000e+00
      14782  16.897371  -38.22394  -52.57268      0.808    1512.05    205.000    203.361    15.8835    15.8836     0.0000    15.8511    15.8511     0.0000   4.485116   4.485807   0.000672    35.8692    35.8752     5.1547    26.4507    26.4554    224.276  242.10781  241.86269    35.8693    26.4508    1513.84    1513.85    15.8511  1027.3518    36.0389 0.0000e+00
      14800  16.897380  -38.22394  -52.57268      1.123    1512.05    206.000    204.352    15.8821    15.8830     0.0009    15.8494    15.8503     0.0009   4.485018   4.485775   0.000738    35.8692    35.8750     5.1600    26.4511    26.4553    224.506  242.11470  241.86965    35.8694    26.4512    1513.85    1513.86    15.8494  1027.3565    36.0389 0.0000e+00
      14816  16.897388  -38.22394  -52.57268      1.327    1512.05    207.000    205.344    15.8787    15.8808     0.0020    15.8459    15.8480     0.0020   4.484594   4.485481   0.000892    35.8684    35.8746     5.1623    26.4513    26.4556    224.605  242.13157  241.88669    35.8682    26.4511    1513.86    1513.87    15.8459  1027.3608    36.0377 0.0000e+00
      14832  16.897395  -38.22394  -52.57268      1.452    1512.05    208.000    206.335    15.8743    15.8752     0.0009    15.8413    15.8422     0.0009   4.484020   4.484809   0.000773    35.8672    35.8732     5.1590    26.4514    26.4559    224.463  242.15455  241.90990    35.8667    26.4511    1513.86    1513.87    15.8413  1027.3651    36.0362 0.0000e+00
      14848  16.897403  -38.22394  -52.57268      1.514    1512.05    209.000    207.327    15.8737    15.8739     0.0002    15.8406    15.8407     0.0002   4.484216   4.484847   0.000653    35.8677    35.8734     5.1555    26.4520    26.4563    224.310  242.15624  241.91162    35.8686    26.4527    1513.87    1513.88    15.8406  1027.3711    36.0381 0.0000e+00
      14866  16.897412  -38.22394  -52.57268      1.467    1512.05    210.000    208.318    15.8727    15.8725    -0.0002    15.8394    15.8392    -0.0002   4.483927   4.484560   0.000640    35.8670    35.8729     5.1558    26.4517    26.4563    224.322  242.16229  241.91772    35.8665    26.4513    1513.88    1513.89    15.8394  1027.3741    36.0360 0.0000e+00
      14943  16.897449  -38.22395  -52.57268      0.277    1512.05    211.000    209.310    15.8682    15.8696     0.0014    15.8347    15.8361     0.0014   4.483467   4.484300   0.000833    35.8662    35.8724     5.1542    26.4521    26.4566    224.253  242.18467  241.94033    35.8661    26.4521    1513.89    1513.90    15.8347  1027.3792    36.0356 0.0000e+00
      14996  16.897474  -38.22394  -52.57268      0.564    1512.05    212.000    210.301    15.8643    15.8656     0.0012    15.8307    15.8320     0.0012   4.482970   4.483794   0.000821    35.8652    35.8714     5.1529    26.4523    26.4568    224.197  242.20435  241.96020    35.8647    26.4519    1513.89    1513.90    15.8307  1027.3835    36.0342 0.0000e+00
      15015  16.897484  -38.22393  -52.57268      0.956    1512.05    213.000    211.293    15.8590    15.8593     0.0003    15.8252    15.8255     0.0003   4.482286   4.482976   0.000694    35.8637    35.8697     5.1605    26.4524    26.4569    224.530  242.23182  241.98795    35.8630    26.4518    1513.89    1513.90    15.8253  1027.3878    36.0325 0.0000e+00
      15032  16.897492  -38.22392  -52.57268      1.227    1512.05    214.000    212.284    15.8556    15.8551    -0.0005    15.8217    15.8212    -0.0005   4.481859   4.482368   0.000555    35.8628    35.8682     5.1557    26.4525    26.4568    224.320  242.24898  242.00527    35.8618    26.4518    1513.89    1513.90    15.8217  1027.3921    36.0313 0.0000e+00
      15048  16.897499  -38.22392  -52.57268      1.402    1512.05    215.000    213.276    15.8441    15.8456     0.0016    15.8100    15.8116     0.0016   4.480133   4.481053   0.000864    35.8589    35.8652     5.1485    26.4522    26.4567    224.006  242.30962  242.06648    35.8564    26.4503    1513.87    1513.88    15.8100  1027.3950    36.0259 0.0000e+00
      15064  16.897507  -38.22393  -52.57268      1.479    1512.05    216.000    214.267    15.8348    15.8360     0.0012    15.8006    15.8018     0.0012   4.479212   4.479955   0.000808    35.8570    35.8632     5.1552    26.4529    26.4573    224.298  242.35596  242.11330    35.8561    26.4522    1513.86    1513.86    15.8007  1027.4013    36.0256 0.0000e+00
      15084  16.897517  -38.22394  -52.57268      1.394    1512.05    217.000    215.259    15.8387    15.8384    -0.0003    15.8044    15.8041    -0.0003   4.479819   4.480514   0.000646    35.8581    35.8642     5.1551    26.4529    26.4576    224.292  242.33588  242.09302    35.8576    26.4525    1513.89    1513.89    15.8044  1027.4060    36.0271 0.0000e+00
      15108  16.897529  -38.22394  -52.57268      1.099    1512.05    218.000    216.250    15.8323    15.8330     0.0007    15.7978    15.7985     0.0007   4.478963   4.479718   0.000776    35.8561    35.8624     5.1464    26.4528    26.4575    223.914  242.36942  242.12688    35.8554    26.4523    1513.88    1513.89    15.7978  1027.4101    36.0248 0.0000e+00
      15134  16.897541  -38.22394  -52.57268      0.934    1512.05    219.000    217.242    15.8349    15.8350     0.0001    15.8002    15.8003     0.0000   4.479479   4.480114   0.000637    35.8575    35.8631     5.1407    26.4533    26.4577    223.669  242.35485  242.11218    35.8573    26.4532    1513.91    1513.91    15.8002  1027.4154    36.0267 0.0000e+00
      15157  16.897552  -38.22394  -52.57268      0.989    1512.05    220.000    218.233    15.8361    15.8377     0.0016    15.8013    15.8029     0.0016   4.479618   4.480570   0.000910    35.8577    35.8644     5.1417    26.4532    26.4580    223.711  242.34886  242.10613    35.8570    26.4527    1513.93    1513.94    15.8013  1027.4193    36.0265 0.0000e+00
      15182  16.897564  -38.22395  -52.57268      1.024    1512.05    221.000    219.225    15.8334    15.8355     0.0021    15.7984    15.8005     0.0021   4.479311   4.480198   0.000925    35.8569    35.8634     5.1463    26.4533    26.4578    223.911  242.36276  242.12017    35.8563    26.4528    1513.93    1513.95    15.7984  1027.4238    36.0258 0.0000e+00
      15256  16.897600  -38.22395  -52.57268      0.338    1512.05    222.000    220.217    15.8239    15.8241     0.0003    15.7887    15.7890     0.0002   4.478215   4.478809   0.000662    35.8547    35.8604     5.1458    26.4538    26.4581    223.887  242.41121  242.16910    35.8547    26.4538    1513.92    1513.93    15.7887  1027.4292    36.0241 0.0000e+00
      15309  16.897626  -38.22393  -52.57268      0.569    1512.05    223.000    221.207    15.8211    15.8206    -0.0005    15.7858    15.7853    -0.0005   4.477448   4.478233   0.000665    35.8526    35.8591     5.1393    26.4529    26.4580    223.608  242.42755  242.18558    35.8500    26.4508    1513.92    1513.93    15.7858  1027.4306    36.0194 0.0000e+00
