Pos-Processados/process_op38/operantar38_017.cnv
* Sea-Bird SBE 9 Data File:
* FileName = D:\OPERANTAR_XXXVIII\DADOS\OP38_017.hdr
* Software Version Seasave V 7.18c
* Temperature SN = 4808
* Conductivity SN = 3380
* Number of Bytes Per Scan = 34
* Number of Voltage Words = 3
* Number of Scans Averaged by the Deck Unit = 1
* NMEA Latitude = 62 16.17 S
* NMEA Longitude = 058 26.27 W
* NMEA UTC (Time) = Nov 05 2019 14:37:33
** H41
** NAVIO POLAR ALMIRANTE MAXIMIANO
** CRUZEIRO:
** OPERANTAR XXXVIII
** ESTAÇÃO: OP38_017
** LAT 62 16,18' S
** LONG 058 26,25' W
** 09P73767-1155_A
** PROFUNDIDADE: 110
** DATA/HORA: 051438Z/NOV/2019
** OPERADOR: SO-HN CHAVES
# nquan = 30
# nvalues = 143                         
# units = specified
# name 0 = scan: Scan Count
# name 1 = timeJ: Julian Days
# name 2 = latitude: Latitude [deg]
# name 3 = longitude: Longitude [deg]
# name 4 = dz/dtM: Descent Rate [m/s]
# name 5 = avgsvCM: Average Sound Velocity [Chen-Millero, m/s]
# name 6 = prDM: Pressure, Digiquartz [db]
# name 7 = depSM: Depth [salt water, m]
# name 8 = t090C: Temperature [ITS-90, deg C]
# name 9 = t190C: Temperature, 2 [ITS-90, deg C]
# name 10 = T2-T190C: Temperature Difference, 2 - 1 [ITS-90, deg C]
# name 11 = potemp090C: Potential Temperature [ITS-90, deg C]
# name 12 = potemp190C: Potential Temperature, 2 [ITS-90, deg C]
# name 13 = potemp90Cdiff: Potential Temperature, Diff, 2 - 1 [ITS-90, deg C]
# name 14 = c0S/m: Conductivity [S/m]
# name 15 = c1S/m: Conductivity, 2 [S/m]
# name 16 = C2-C1S/m: Conductivity Difference, 2 - 1 [S/m]
# name 17 = sal00: Salinity, Practical [PSU]
# name 18 = sal11: Salinity, Practical, 2 [PSU]
# name 19 = sbeox0ML/L: Oxygen, SBE 43 [ml/l]
# name 20 = sigma-é00: Density [sigma-theta, kg/m^3]
# name 21 = sigma-é11: Density, 2 [sigma-theta, kg/m^3]
# name 22 = sal00: Salinity, Practical [PSU]
# name 23 = sigma-é00: Density [sigma-theta, kg/m^3]
# name 24 = svCM: Sound Velocity [Chen-Millero, m/s]
# name 25 = svCM1: Sound Velocity, 2 [Chen-Millero, m/s]
# name 26 = gsw_ptA0: potential temperature [ITS-90, deg C]
# name 27 = gsw_densityA0: density, TEOS-10 [density, kg/m^3]
# name 28 = gsw_saA0: Absolute Salinity [g/kg]
# name 29 = flag:
# span 0 =       3541,      18942       
# span 1 = 309.611117, 309.618544       
# span 2 =  -62.26960,  -62.26948       
# span 3 =  -58.43788,  -58.43784       
# span 4 =     -0.824,      0.754       
# span 5 =       0.00,    1444.65       
# span 6 =      2.000,     73.000       
# span 7 =      1.981,     72.288       
# span 8 =    -0.9110,    -0.8337       
# span 9 =    -0.9109,    -0.8335       
# span 10 =    -0.0134,     0.0062      
# span 11 =    -0.9120,    -0.8357      
# span 12 =    -0.9119,    -0.8356      
# span 13 =    -0.0134,     0.0062      
# span 14 =   2.767758,   2.781349      
# span 15 =   2.768177,   2.781753      
# span 16 =  -0.000226,   0.001223      
# span 17 =    34.1860,    34.2630      
# span 18 =    34.1914,    34.2684      
# span 19 =     7.0787,     7.5076      
# span 20 =    27.4893,    27.5496      
# span 21 =    27.4938,    27.5540      
# span 22 =    34.1860,    34.2630      
# span 23 =    27.4893,    27.5497      
# span 24 =    1443.96,    1445.45      
# span 25 =    1443.97,    1445.45      
# span 26 =    -0.9120,    -0.8356      
# span 27 =  1027.5037,  1027.9011      
# span 28 =    34.3494,    34.4288      
# span 29 = 0.0000e+00, 0.0000e+00      
# interval = decibars: 1                
# start_time = Nov 05 2019 14:37:33 [NMEA time, header]
# bad_flag = -9.990e-29
*END*
[from data line 49]
       6042 309.612323  -62.26958  -58.43784      0.688    1444.17     51.000     50.502    -0.8460    -0.8457     0.0004    -0.8475    -0.8471     0.0004   2.777821   2.778243   0.000419    34.2417    34.2470     7.1829    27.5329    27.5371    34.2423    27.5334    1445.02    1445.03    -0.8474  1027.7827    34.4077 0.0000e+00
       6087 309.612345  -62.26958  -58.43784      0.544    1444.17     52.000     51.495    -0.8446    -0.8443     0.0003    -0.8460    -0.8457     0.0003   2.778125   2.778541   0.000419    34.2436    34.2490     7.1894    27.5344    27.5387    34.2441    27.5348    1445.05    1445.06    -0.8460  1027.7889    34.4096 0.0000e+00
       6145 309.612373  -62.26958  -58.43785      0.396    1444.17     53.000     52.484    -0.8406    -0.8405     0.0001    -0.8421    -0.8419     0.0001   2.778688   2.779086   0.000395    34.2461    34.2513     7.2168    27.5362    27.5404    34.2467    27.5367    1445.08    1445.09    -0.8420  1027.7956    34.4121 0.0000e+00
       6187 309.612393  -62.26958  -58.43784      0.559    1444.17     54.000     53.474    -0.8410    -0.8406     0.0003    -0.8424    -0.8421     0.0003   2.778802   2.779195   0.000395    34.2478    34.2528     7.2171    27.5376    27.5417    34.2480    27.5377    1445.10    1445.11    -0.8424  1027.8014    34.4135 0.0000e+00
       6223 309.612410  -62.26958  -58.43784      0.667    1444.17     55.000     54.464    -0.8406    -0.8400     0.0006    -0.8421    -0.8416     0.0006   2.778959   2.779396   0.000434    34.2487    34.2540     7.1941    27.5383    27.5426    34.2490    27.5386    1445.12    1445.13    -0.8421  1027.8071    34.4146 0.0000e+00
       6264 309.612430  -62.26958  -58.43784      0.588    1444.64     56.000     55.455    -0.8395    -0.8391     0.0005    -0.8410    -0.8406     0.0005   2.779141   2.779549   0.000408    34.2494    34.2544     7.1754    27.5388    27.5429    34.2496    27.5391    1445.14    1445.15    -0.8410  1027.8123    34.4152 0.0000e+00
       6305 309.612450  -62.26958  -58.43784      0.581    1444.65     57.000     56.445    -0.8400    -0.8398     0.0001    -0.8415    -0.8414     0.0001   2.779203   2.779602   0.000400    34.2502    34.2555     7.1661    27.5395    27.5438    34.2504    27.5397    1445.16    1445.17    -0.8415  1027.8178    34.4159 0.0000e+00
       6341 309.612467  -62.26958  -58.43784      0.660    1444.65     58.000     57.435    -0.8400    -0.8398     0.0002    -0.8416    -0.8414     0.0002   2.779332   2.779734   0.000402    34.2513    34.2565     7.1606    27.5404    27.5446    34.2515    27.5406    1445.18    1445.18    -0.8416  1027.8235    34.4171 0.0000e+00
       6379 309.612485  -62.26958  -58.43786      0.642    1444.65     59.000     58.425    -0.8392    -0.8390     0.0002    -0.8408    -0.8407     0.0002   2.779480   2.779883   0.000402    34.2519    34.2572     7.1549    27.5409    27.5452    34.2520    27.5410    1445.20    1445.20    -0.8408  1027.8287    34.4176 0.0000e+00
       6428 309.612509  -62.26958  -58.43786      0.489    1444.65     60.000     59.415    -0.8393    -0.8392     0.0001    -0.8409    -0.8408     0.0001   2.779522   2.779921   0.000400    34.2519    34.2573     7.1508    27.5409    27.5452    34.2521    27.5410    1445.21    1445.22    -0.8409  1027.8335    34.4176 0.0000e+00
       6479 309.612534  -62.26958  -58.43786      0.469    1444.65     61.000     60.405    -0.8390    -0.8388     0.0001    -0.8406    -0.8405     0.0001   2.779644   2.780038   0.000394    34.2525    34.2578     7.1487    27.5414    27.5456    34.2527    27.5415    1445.23    1445.24    -0.8406  1027.8388    34.4183 0.0000e+00
       6525 309.612556  -62.26958  -58.43786      0.523    1444.65     62.000     61.392    -0.8383    -0.8381     0.0001    -0.8400    -0.8399     0.0001   2.779800   2.780202   0.000401    34.2534    34.2587     7.1464    27.5420    27.5463    34.2535    27.5421    1445.25    1445.26    -0.8400  1027.8442    34.4191 0.0000e+00
       6569 309.612577  -62.26958  -58.43786      0.541    1444.65     63.000     62.389    -0.8388    -0.8383     0.0005    -0.8405    -0.8400     0.0005   2.779830   2.780244   0.000416    34.2538    34.2588     7.1423    27.5424    27.5464    34.2539    27.5425    1445.27    1445.27    -0.8405  1027.8493    34.4195 0.0000e+00
       6610 309.612597  -62.26958  -58.43786      0.580    1444.65     64.000     63.376    -0.8390    -0.8389     0.0001    -0.8408    -0.8407     0.0001   2.779873   2.780271   0.000398    34.2540    34.2593     7.1381    27.5426    27.5469    34.2541    27.5426    1445.28    1445.29    -0.8407  1027.8543    34.4197 0.0000e+00
       6681 309.612631  -62.26958  -58.43786      0.340    1444.65     65.000     64.362    -0.8394    -0.8393     0.0002    -0.8412    -0.8411     0.0002   2.779900   2.780307   0.000405    34.2543    34.2596     7.1339    27.5428    27.5471    34.2543    27.5428    1445.30    1445.30    -0.8412  1027.8594    34.4200 0.0000e+00
       6818 309.612697  -62.26958  -58.43787      0.200    1444.65     66.000     65.356    -0.8388    -0.8388     0.0000    -0.8406    -0.8406     0.0000   2.780222   2.780592   0.000366    34.2570    34.2620     7.1302    27.5450    27.5490    34.2573    27.5452    1445.32    1445.32    -0.8406  1027.8664    34.4229 0.0000e+00
       6898 309.612736  -62.26958  -58.43787      0.298    1444.65     67.000     66.343    -0.8361    -0.8357     0.0004    -0.8380    -0.8376     0.0004   2.780621   2.781079   0.000460    34.2590    34.2648     7.1106    27.5465    27.5512    34.2590    27.5465    1445.35    1445.36    -0.8379  1027.8726    34.4247 0.0000e+00
       6984 309.612777  -62.26958  -58.43788      0.271    1444.65     68.000     67.338    -0.8359    -0.8355     0.0004    -0.8378    -0.8374     0.0004   2.780721   2.781172   0.000447    34.2595    34.2651     7.0925    27.5469    27.5514    34.2596    27.5470    1445.37    1445.38    -0.8377  1027.8778    34.4252 0.0000e+00
       7079 309.612823  -62.26958  -58.43788      0.256    1444.65     69.000     68.324    -0.8348    -0.8343     0.0005    -0.8367    -0.8362     0.0005   2.780967   2.781430   0.000462    34.2608    34.2666     7.0963    27.5479    27.5526    34.2610    27.5481    1445.39    1445.40    -0.8367  1027.8837    34.4267 0.0000e+00
       7175 309.612869  -62.26958  -58.43788      0.232    1444.65     70.000     69.317    -0.8339    -0.8339     0.0000    -0.8358    -0.8358     0.0000   2.781153   2.781552   0.000400    34.2618    34.2672     7.0814    27.5487    27.5531    34.2618    27.5487    1445.41    1445.42    -0.8358  1027.8891    34.4275 0.0000e+00
       7264 309.612913  -62.26958  -58.43788      0.309    1444.65     71.000     70.306    -0.8337    -0.8336     0.0001    -0.8357    -0.8356     0.0001   2.781242   2.781630   0.000391    34.2621    34.2673     7.0787    27.5489    27.5531    34.2622    27.5490    1445.43    1445.44    -0.8356  1027.8942    34.4279 0.0000e+00
       7348 309.612953  -62.26958  -58.43788      0.332    1444.65     72.000     71.293    -0.8337    -0.8335     0.0001    -0.8357    -0.8356     0.0001   2.781349   2.781753   0.000405    34.2630    34.2684     7.0792    27.5496    27.5540    34.2630    27.5497    1445.45    1445.45    -0.8356  1027.8996    34.4288 0.0000e+00
      11402 309.614908  -62.26958  -58.43787     -0.093    1444.65     73.000     72.288    -0.8422    -0.8417     0.0005    -0.8442    -0.8437     0.0005   2.780424   2.780844   0.000417    34.2596    34.2646     7.1206    27.5472    27.5513    34.2595    27.5472    1445.42    1445.43    -0.8442  1027.9011    34.4242 0.0000e+00
      10429 309.614438  -62.26958  -58.43786     -0.153    1444.65     72.000     71.294    -0.8390    -0.8388     0.0002    -0.8410    -0.8408     0.0002   2.780715   2.781120   0.000405    34.2605    34.2658     7.1031    27.5478    27.5521    34.2605    27.5478    1445.42    1445.43    -0.8409  1027.8978    34.4262 0.0000e+00
      10533 309.614489  -62.26958  -58.43786     -0.324    1444.65     71.000     70.306    -0.8399    -0.8402    -0.0003    -0.8418    -0.8422    -0.0003   2.780589   2.780962   0.000374    34.2604    34.2659     7.1080    27.5478    27.5522    34.2604    27.5478    1445.40    1445.40    -0.8418  1027.8930    34.4261 0.0000e+00
      10589 309.614516  -62.26958  -58.43786     -0.432    1444.65     70.000     69.316    -0.8398    -0.8403    -0.0005    -0.8417    -0.8423    -0.0005   2.780531   2.780906   0.000372    34.2602    34.2658     7.1070    27.5476    27.5522    34.2601    27.5476    1445.38    1445.39    -0.8417  1027.8880    34.4258 0.0000e+00
      10627 309.614534  -62.26958  -58.43787     -0.608    1444.65     69.000     68.326    -0.8410    -0.8399     0.0010    -0.8429    -0.8419     0.0010   2.780358   2.780862   0.000502    34.2598    34.2655     7.0996    27.5474    27.5519    34.2598    27.5473    1445.36    1445.37    -0.8429  1027.8829    34.4254 0.0000e+00
      10661 309.614550  -62.26958  -58.43788     -0.706    1444.65     68.000     67.336    -0.8413    -0.8411     0.0002    -0.8432    -0.8430     0.0002   2.780258   2.780665   0.000413    34.2595    34.2649     7.1098    27.5471    27.5515    34.2594    27.5471    1445.34    1445.35    -0.8431  1027.8779    34.4251 0.0000e+00
      10697 309.614568  -62.26958  -58.43787     -0.684    1444.65     67.000     66.348    -0.8407    -0.8408    -0.0000    -0.8426    -0.8426    -0.0000   2.780188   2.780601   0.000410    34.2585    34.2641     7.1147    27.5463    27.5508    34.2584    27.5462    1445.33    1445.34    -0.8425  1027.8723    34.4241 0.0000e+00
      10737 309.614587  -62.26958  -58.43786     -0.598    1444.65     66.000     65.353    -0.8408    -0.8407     0.0002    -0.8427    -0.8425     0.0002   2.780080   2.780560   0.000485    34.2577    34.2641     7.1119    27.5457    27.5509    34.2577    27.5456    1445.31    1445.32    -0.8426  1027.8669    34.4233 0.0000e+00
      10779 309.614608  -62.26958  -58.43786     -0.572    1444.65     65.000     64.366    -0.8409    -0.8411    -0.0002    -0.8427    -0.8429    -0.0002   2.779944   2.780328   0.000383    34.2566    34.2620     7.1116    27.5448    27.5492    34.2565    27.5447    1445.29    1445.30    -0.8426  1027.8611    34.4222 0.0000e+00
      10827 309.614630  -62.26958  -58.43786     -0.508    1444.65     64.000     63.375    -0.8407    -0.8407    -0.0000    -0.8424    -0.8425    -0.0000   2.779790   2.780171   0.000378    34.2549    34.2601     7.1160    27.5434    27.5475    34.2548    27.5433    1445.27    1445.28    -0.8424  1027.8549    34.4204 0.0000e+00
      10874 309.614653  -62.26958  -58.43786     -0.503    1444.65     63.000     62.385    -0.8411    -0.8407     0.0003    -0.8428    -0.8425     0.0003   2.779546   2.780069   0.000518    34.2527    34.2593     7.1252    27.5416    27.5470    34.2525    27.5415    1445.25    1445.26    -0.8428  1027.8483    34.4181 0.0000e+00
      10912 309.614672  -62.26958  -58.43788     -0.613    1444.65     62.000     61.395    -0.8415    -0.8411     0.0004    -0.8432    -0.8428     0.0004   2.779432   2.779898   0.000472    34.2521    34.2581     7.1372    27.5412    27.5460    34.2521    27.5412    1445.23    1445.24    -0.8432  1027.8432    34.4177 0.0000e+00
      10949 309.614689  -62.26958  -58.43788     -0.662    1444.65     61.000     60.405    -0.8413    -0.8412     0.0001    -0.8430    -0.8429     0.0001   2.779433   2.779858   0.000426    34.2526    34.2583     7.1475    27.5416    27.5461    34.2526    27.5415    1445.22    1445.23    -0.8430  1027.8388    34.4182 0.0000e+00
      10989 309.614709  -62.26958  -58.43788     -0.600    1444.65     60.000     59.415    -0.8411    -0.8412    -0.0001    -0.8428    -0.8429    -0.0001   2.779346   2.779747   0.000403    34.2518    34.2574     7.1478    27.5409    27.5454    34.2518    27.5409    1445.20    1445.21    -0.8427  1027.8333    34.4174 0.0000e+00
      11028 309.614727  -62.26958  -58.43788     -0.609    1444.65     59.000     58.425    -0.8411    -0.8410     0.0001    -0.8428    -0.8427     0.0001   2.779264   2.779685   0.000420    34.2513    34.2570     7.1470    27.5405    27.5451    34.2513    27.5404    1445.19    1445.19    -0.8427  1027.8281    34.4168 0.0000e+00
      11063 309.614744  -62.26958  -58.43788     -0.680    1444.65     58.000     57.440    -0.8413    -0.8412     0.0001    -0.8429    -0.8428     0.0001   2.779180   2.779600   0.000421    34.2511    34.2567     7.1494    27.5403    27.5448    34.2510    27.5402    1445.17    1445.18    -0.8429  1027.8231    34.4165 0.0000e+00
      11097 309.614761  -62.26958  -58.43788     -0.698    1444.65     57.000     56.441    -0.8414    -0.8414     0.0001    -0.8430    -0.8429     0.0001   2.779090   2.779528   0.000438    34.2506    34.2565     7.1444    27.5399    27.5447    34.2505    27.5399    1445.15    1445.16    -0.8429  1027.8180    34.4161 0.0000e+00
      11136 309.614780  -62.26958  -58.43788     -0.630    1444.65     56.000     55.455    -0.8414    -0.8414     0.0000    -0.8430    -0.8430     0.0000   2.779022   2.779443   0.000422    34.2503    34.2560     7.1497    27.5397    27.5442    34.2502    27.5396    1445.13    1445.14    -0.8429  1027.8129    34.4158 0.0000e+00
      11184 309.614803  -62.26958  -58.43788     -0.499    1444.65     55.000     54.465    -0.8416    -0.8413     0.0004    -0.8431    -0.8428     0.0004   2.778927   2.779415   0.000484    34.2499    34.2561     7.1652    27.5393    27.5443    34.2498    27.5392    1445.12    1445.13    -0.8431  1027.8078    34.4153 0.0000e+00
      11233 309.614827  -62.26958  -58.43788     -0.487    1444.65     54.000     53.475    -0.8426    -0.8422     0.0005    -0.8441    -0.8437     0.0005   2.778680   2.779168   0.000488    34.2484    34.2545     7.1549    27.5381    27.5431    34.2482    27.5380    1445.09    1445.10    -0.8441  1027.8017    34.4137 0.0000e+00
      11272 309.614845  -62.26958  -58.43788     -0.603    1444.65     53.000     52.482    -0.8430    -0.8426     0.0005    -0.8445    -0.8440     0.0005   2.778515   2.779045   0.000524    34.2472    34.2537     7.1629    27.5372    27.5425    34.2470    27.5371    1445.08    1445.09    -0.8444  1027.7960    34.4125 0.0000e+00
      11305 309.614861  -62.26958  -58.43788     -0.714    1444.65     52.000     51.494    -0.8433    -0.8426     0.0007    -0.8447    -0.8440     0.0007   2.778326   2.778941   0.000614    34.2457    34.2532     7.1706    27.5360    27.5420    34.2453    27.5357    1445.05    1445.07    -0.8447  1027.7898    34.4108 0.0000e+00
      11334 309.614875  -62.26958  -58.43788     -0.791    1444.65     51.000     50.504    -0.8451    -0.8439     0.0012    -0.8465    -0.8453     0.0012   2.777970   2.778570   0.000606    34.2435    34.2504     7.1795    27.5343    27.5398    34.2432    27.5341    1445.03    1445.04    -0.8465  1027.7834    34.4087 0.0000e+00
      11363 309.614889  -62.26958  -58.43788     -0.822    1444.65     50.000     49.514    -0.8465    -0.8458     0.0007    -0.8479    -0.8472     0.0007   2.777678   2.778195   0.000506    34.2420    34.2481     7.1886    27.5331    27.5380    34.2415    27.5327    1445.00    1445.01    -0.8478  1027.7772    34.4069 0.0000e+00
      11396 309.614905  -62.26958  -58.43788     -0.771    1444.65     49.000     48.524    -0.8534    -0.8473     0.0061    -0.8547    -0.8487     0.0061   2.776756   2.777965   0.001169    34.2383    34.2472     7.1990    27.5304    27.5374    34.2374    27.5297    1444.95    1444.99    -0.8547  1027.7694    34.4028 0.0000e+00
