Pos-Processados/process_op38/operantar38_017b.ros
* Sea-Bird SBE 9 Data File:
* FileName = D:\OPERANTAR_XXXVIII\DADOS\OP38_017b.hdr
* Software Version Seasave V 7.18c
* Temperature SN = 4808
* Conductivity SN = 3380
* Number of Bytes Per Scan = 34
* Number of Voltage Words = 3
* Number of Scans Averaged by the Deck Unit = 1
* NMEA Latitude = 62 16.17 S
* NMEA Longitude = 058 26.27 W
* NMEA UTC (Time) = Nov 05 2019 15:20:15
** H41
** NAVIO POLAR ALMIRANTE MAXIMIANO
** CRUZEIRO:
** OPERANTAR XXXVIII
** ESTAÇÃO: OP38_017b
** LAT 62 16,17' S
** LONG 058 26,24' W
** 09P73767-1155_A
** PROFUNDIDADE: 110
** DATA/HORA: 0511521Z/NOV/2019
** OPERADOR: SO-HN CHAVES
# nquan = 27
# nvalues = 1879                                  
# units = specified
# name 0 = scan: Scan Count
# name 1 = timeJ: Julian Days
# name 2 = latitude: Latitude [deg]
# name 3 = longitude: Longitude [deg]
# name 4 = dz/dtM: Descent Rate [m/s]
# name 5 = avgsvCM: Average Sound Velocity [Chen-Millero, m/s]
# name 6 = prDM: Pressure, Digiquartz [db]
# name 7 = depSM: Depth [salt water, m]
# name 8 = t090C: Temperature [ITS-90, deg C]
# name 9 = t190C: Temperature, 2 [ITS-90, deg C]
# name 10 = T2-T190C: Temperature Difference, 2 - 1 [ITS-90, deg C]
# name 11 = potemp090C: Potential Temperature [ITS-90, deg C]
# name 12 = potemp190C: Potential Temperature, 2 [ITS-90, deg C]
# name 13 = potemp90Cdiff: Potential Temperature, Diff, 2 - 1 [ITS-90, deg C]
# name 14 = c0S/m: Conductivity [S/m]
# name 15 = c1S/m: Conductivity, 2 [S/m]
# name 16 = C2-C1S/m: Conductivity Difference, 2 - 1 [S/m]
# name 17 = sal00: Salinity, Practical [PSU]
# name 18 = sal11: Salinity, Practical, 2 [PSU]
# name 19 = sbeox0ML/L: Oxygen, SBE 43 [ml/l]
# name 20 = sigma-é00: Density [sigma-theta, kg/m^3]
# name 21 = sigma-é11: Density, 2 [sigma-theta, kg/m^3]
# name 22 = sbox0Mm/Kg: Oxygen, SBE 43 [umol/kg]
# name 23 = oxsolMm/Kg: Oxygen Saturation, Garcia & Gordon [umol/kg]
# name 24 = oxsatMm/Kg: Oxygen Saturation, Weiss [umol/kg]
# name 25 = nbf: Bottles Fired
# name 26 = flag:  0.000e+00
# interval = seconds: 0.0416667
# start_time = Nov 05 2019 15:20:15 [NMEA time, header]
# bad_flag = -9.990e-29
*END*
[from data line 806]
       1180 309.639631  -62.26952  -58.43788      0.040       0.00      2.394      2.371    -0.8604    -0.8591     0.0013    -0.8605    -0.8592     0.0013   2.770528   2.771041   0.000513    34.1899    34.1954     7.4308    27.4914    27.4958    322.980  358.16694  359.82310          6  0.000e+00
       1181 309.639632  -62.26952  -58.43788      0.042       0.00      2.415      2.392    -0.8605    -0.8594     0.0011    -0.8606    -0.8595     0.0011   2.770522   2.771076   0.000554    34.1899    34.1962     7.4309    27.4914    27.4965    322.983  358.16757  359.82374          6  0.000e+00
       1182 309.639632  -62.26952  -58.43788      0.043       0.00      2.394      2.371    -0.8607    -0.8588     0.0019    -0.8607    -0.8589     0.0019   2.770546   2.771053   0.000507    34.1904    34.1952     7.4302    27.4918    27.4956    322.953  358.16772  359.82396          6  0.000e+00
       1183 309.639633  -62.26952  -58.43788      0.044       0.00      2.394      2.371    -0.8604    -0.8584     0.0021    -0.8605    -0.8584     0.0021   2.770534   2.771082   0.000547    34.1900    34.1950     7.4295    27.4915    27.4955    322.925  358.16671  359.82288          6  0.000e+00
       1184 309.639633  -62.26952  -58.43788      0.044       0.00      2.394      2.371    -0.8602    -0.8584     0.0019    -0.8603    -0.8584     0.0019   2.770582   2.771093   0.000511    34.1904    34.1952     7.4289    27.4918    27.4956    322.897  358.16341  359.81955          6  0.000e+00
       1185 309.639633  -62.26952  -58.43788      0.043       0.00      2.394      2.371    -0.8590    -0.8585     0.0005    -0.8591    -0.8586     0.0005   2.770678   2.771128   0.000450    34.1903    34.1958     7.4281    27.4917    27.4962    322.865  358.15242  359.80831          6  0.000e+00
       1186 309.639634  -62.26952  -58.43788      0.043       0.00      2.394      2.371    -0.8583    -0.8584    -0.0000    -0.8584    -0.8584    -0.0000   2.770761   2.771162   0.000401    34.1907    34.1961     7.4284    27.4920    27.4964    322.874  358.14482  359.80057          6  0.000e+00
       1187 309.639634  -62.26952  -58.43788      0.041       0.00      2.346      2.324    -0.8575    -0.8579    -0.0004    -0.8575    -0.8580    -0.0004   2.770845   2.771208   0.000363    34.1909    34.1963     7.4286    27.4921    27.4965    322.884  358.13604  359.79161          6  0.000e+00
       1188 309.639635  -62.26952  -58.43788      0.041       0.00      2.394      2.371    -0.8576    -0.8574     0.0002    -0.8577    -0.8575     0.0002   2.770827   2.771242   0.000415    34.1907    34.1962     7.4293    27.4920    27.4964    322.913  358.13754  359.79313          6  0.000e+00
       1189 309.639635  -62.26952  -58.43788      0.038       0.00      2.346      2.324    -0.8572    -0.8576    -0.0004    -0.8572    -0.8576    -0.0004   2.770791   2.771265   0.000474    34.1898    34.1967     7.4290    27.4912    27.4968    322.904  358.13626  359.79171          6  0.000e+00
       1190 309.639636  -62.26952  -58.43788      0.038       0.00      2.394      2.371    -0.8573    -0.8562     0.0011    -0.8574    -0.8563     0.0011   2.770767   2.771311   0.000544    34.1896    34.1957     7.4291    27.4910    27.4960    322.905  358.13800  359.79346          6  0.000e+00
       1191 309.639636  -62.26952  -58.43788      0.032       0.00      2.346      2.324    -0.8564    -0.8559     0.0006    -0.8565    -0.8559     0.0006   2.770797   2.771409   0.000612    34.1890    34.1967     7.4288    27.4906    27.4967    322.896  358.13127  359.78651          6  0.000e+00
       1192 309.639637  -62.26952  -58.43788      0.029       0.00      2.346      2.324    -0.8562    -0.8548     0.0014    -0.8563    -0.8549     0.0014   2.770815   2.771472   0.000657    34.1890    34.1963     7.4237    27.4905    27.4964    322.671  358.12912  359.78431          6  0.000e+00
       1193 309.639637  -62.26952  -58.43788      0.027       0.00      2.360      2.337    -0.8545    -0.8542     0.0003    -0.8546    -0.8542     0.0003   2.770929   2.771489   0.000561    34.1886    34.1959     7.4279    27.4902    27.4960    322.854  358.11417  359.76897          6  0.000e+00
       1194 309.639638  -62.26952  -58.43788      0.024       0.00      2.346      2.324    -0.8530    -0.8529     0.0001    -0.8531    -0.8530     0.0001   2.771126   2.771547   0.000421    34.1896    34.1952     7.4285    27.4909    27.4955    322.882  358.09708  359.75160          6  0.000e+00
       1195 309.639638  -62.26952  -58.43788      0.015       0.00      2.292      2.270    -0.8514    -0.8520    -0.0006    -0.8515    -0.8521    -0.0006   2.771257   2.771644   0.000387    34.1896    34.1956     7.4233    27.4909    27.4957    322.653  358.08206  359.73624          6  0.000e+00
       1196 309.639639  -62.26952  -58.43788      0.009       0.00      2.292      2.270    -0.8505    -0.8512    -0.0008    -0.8505    -0.8513    -0.0008   2.771365   2.771627   0.000262    34.1900    34.1945     7.4227    27.4911    27.4948    322.627  358.07208  359.72608          6  0.000e+00
       1197 309.639639  -62.26952  -58.43788      0.007       0.00      2.346      2.324    -0.8493    -0.8506    -0.0013    -0.8493    -0.8507    -0.0013   2.771449   2.771616   0.000167    34.1897    34.1935     7.4274    27.4909    27.4940    322.832  358.06129  359.71500          6  0.000e+00
       1198 309.639640  -62.26952  -58.43788     -0.002       0.00      2.244      2.222    -0.8485    -0.8509    -0.0024    -0.8486    -0.8510    -0.0024   2.771485   2.771633   0.000148    34.1894    34.1942     7.4277    27.4906    27.4945    322.846  358.05497  359.70851          6  0.000e+00
       1199 309.639640  -62.26952  -58.43788     -0.011       0.00      2.292      2.270    -0.8483    -0.8503    -0.0020    -0.8484    -0.8504    -0.0020   2.771515   2.771765   0.000250    34.1896    34.1953     7.4284    27.4907    27.4954    322.874  358.05282  359.70632          6  0.000e+00
       1200 309.639641  -62.26952  -58.43788     -0.020       0.00      2.244      2.222    -0.8479    -0.8489    -0.0011    -0.8479    -0.8490    -0.0011   2.771538   2.771880   0.000341    34.1894    34.1953     7.4237    27.4906    27.4954    322.674  358.04889  359.70228          6  0.000e+00
       1201 309.639641  -62.26952  -58.43788     -0.028       0.00      2.244      2.222    -0.8473    -0.8492    -0.0019    -0.8473    -0.8493    -0.0019   2.771586   2.771748   0.000161    34.1894    34.1938     7.4280    27.4905    27.4941    322.860  358.04340  359.69667          6  0.000e+00
       1202 309.639642  -62.26952  -58.43788     -0.036       0.00      2.244      2.222    -0.8460    -0.8508    -0.0048    -0.8461    -0.8509    -0.0048   2.771676   2.771656  -0.000020    34.1892    34.1944     7.4234    27.4903    27.4947    322.659  358.03191  359.68489          6  0.000e+00
       1203 309.639642  -62.26952  -58.43788     -0.044       0.00      2.244      2.222    -0.8451    -0.8509    -0.0059    -0.8451    -0.8510    -0.0059   2.771766   2.771679  -0.000087    34.1894    34.1948     7.4233    27.4904    27.4951    322.657  358.02262  359.67541          6  0.000e+00
       1204 309.639643  -62.26952  -58.43788     -0.060       0.00      2.161      2.141    -0.8450    -0.8499    -0.0049    -0.8450    -0.8499    -0.0049   2.771801   2.771776  -0.000025    34.1898    34.1950     7.4227    27.4907    27.4951    322.627  358.02038  359.67316          6  0.000e+00
       1205 309.639643  -62.26952  -58.43788     -0.067       0.00      2.189      2.168    -0.8451    -0.8493    -0.0043    -0.8451    -0.8494    -0.0043   2.771772   2.771782   0.000011    34.1895    34.1945     7.4231    27.4905    27.4947    322.644  358.02230  359.67509          6  0.000e+00
       1206 309.639644  -62.26952  -58.43788     -0.077       0.00      2.189      2.168    -0.8452    -0.8488    -0.0035    -0.8453    -0.8488    -0.0035   2.771736   2.771753   0.000018    34.1892    34.1934     7.4287    27.4902    27.4938    322.890  358.02477  359.67758          6  0.000e+00
       1207 309.639644  -62.26952  -58.43788     -0.090       0.00      2.141      2.120    -0.8459    -0.8486    -0.0027    -0.8459    -0.8487    -0.0027   2.771688   2.771828   0.000140    34.1893    34.1943     7.4241    27.4904    27.4945    322.689  358.03054  359.68350          6  0.000e+00
       1208 309.639645  -62.26952  -58.43788     -0.101       0.00      2.141      2.120    -0.8466    -0.8479    -0.0013    -0.8467    -0.8480    -0.0013   2.771622   2.771931   0.000309    34.1893    34.1949     7.4292    27.4904    27.4950    322.910  358.03782  359.69094          6  0.000e+00
       1209 309.639645  -62.26952  -58.43788     -0.112       0.00      2.141      2.120    -0.8471    -0.8472    -0.0001    -0.8472    -0.8473    -0.0001   2.771580   2.771995   0.000414    34.1892    34.1950     7.4247    27.4903    27.4950    322.713  358.04235  359.69557          6  0.000e+00
       1210 309.639646  -62.26952  -58.43788     -0.123       0.00      2.141      2.120    -0.8472    -0.8477    -0.0005    -0.8473    -0.8478    -0.0005   2.771556   2.771972   0.000415    34.1890    34.1952     7.4245    27.4902    27.4952    322.708  358.04399  359.69723          6  0.000e+00
       1211 309.639646  -62.26952  -58.43788     -0.131       0.00      2.141      2.120    -0.8476    -0.8469     0.0007    -0.8476    -0.8470     0.0007   2.771526   2.771995   0.000468    34.1890    34.1946     7.4253    27.4902    27.4947    322.742  358.04733  359.70064          6  0.000e+00
       1212 309.639647  -62.26952  -58.43788     -0.140       0.00      2.093      2.073    -0.8477    -0.8467     0.0010    -0.8477    -0.8468     0.0010   2.771520   2.772029   0.000509    34.1891    34.1949     7.4261    27.4903    27.4949    322.777  358.04821  359.70155          6  0.000e+00
       1213 309.639647  -62.26952  -58.43788     -0.152       0.00      2.093      2.073    -0.8483    -0.8471     0.0012    -0.8484    -0.8472     0.0012   2.771461   2.772040   0.000580    34.1890    34.1955     7.4212    27.4902    27.4954    322.562  358.05453  359.70800          6  0.000e+00
       1214 309.639647  -62.26952  -58.43788     -0.160       0.00      2.093      2.073    -0.8488    -0.8476     0.0012    -0.8489    -0.8476     0.0012   2.771425   2.771954   0.000530    34.1890    34.1948     7.4259    27.4903    27.4949    322.766  358.05883  359.71241          6  0.000e+00
       1215 309.639648  -62.26952  -58.43788     -0.173       0.00      2.011      1.992    -0.8491    -0.8474     0.0017    -0.8491    -0.8475     0.0017   2.771419   2.771891   0.000472    34.1893    34.1939     7.4261    27.4905    27.4941    322.776  358.06074  359.71440          6  0.000e+00
       1216 309.639648  -62.26952  -58.43788     -0.182       0.00      2.093      2.073    -0.8493    -0.8475     0.0018    -0.8493    -0.8476     0.0018   2.771419   2.771937   0.000518    34.1895    34.1945     7.4265    27.4907    27.4947    322.795  358.06199  359.71569          6  0.000e+00
       1217 309.639649  -62.26952  -58.43788     -0.191       0.00      2.038      2.019    -0.8493    -0.8480     0.0013    -0.8493    -0.8481     0.0013   2.771437   2.771920   0.000483    34.1898    34.1949     7.4269    27.4909    27.4950    322.809  358.06120  359.71492          6  0.000e+00
       1218 309.639649  -62.26952  -58.43788     -0.200       0.00      2.038      2.019    -0.8494    -0.8479     0.0016    -0.8495    -0.8479     0.0016   2.771443   2.771943   0.000500    34.1901    34.1951     7.4265    27.4911    27.4951    322.795  358.06208  359.71585          6  0.000e+00
       1219 309.639650  -62.26952  -58.43788     -0.206       0.00      2.038      2.019    -0.8493    -0.8478     0.0015    -0.8493    -0.8479     0.0015   2.771425   2.771960   0.000535    34.1896    34.1952     7.4270    27.4908    27.4953    322.815  358.06166  359.71537          6  0.000e+00
       1220 309.639650  -62.26952  -58.43788     -0.215       0.00      1.990      1.971    -0.8493    -0.8477     0.0016    -0.8493    -0.8477     0.0016   2.771419   2.771937   0.000518    34.1896    34.1948     7.4223    27.4907    27.4949    322.612  358.06181  359.71551          6  0.000e+00
       1221 309.639651  -62.26952  -58.43788     -0.221       0.00      2.038      2.019    -0.8491    -0.8476     0.0015    -0.8491    -0.8476     0.0015   2.771419   2.771949   0.000530    34.1893    34.1948     7.4222    27.4905    27.4949    322.607  358.06079  359.71445          6  0.000e+00
       1222 309.639651  -62.26952  -58.43788     -0.228       0.00      1.990      1.971    -0.8494    -0.8482     0.0013    -0.8495    -0.8482     0.0013   2.771419   2.771920   0.000501    34.1898    34.1951     7.4222    27.4909    27.4952    322.606  358.06291  359.71666          6  0.000e+00
       1223 309.639652  -62.26952  -58.43788     -0.232       0.00      2.038      2.019    -0.8496    -0.8479     0.0016    -0.8496    -0.8480     0.0016   2.771419   2.771926   0.000507    34.1899    34.1949     7.4223    27.4910    27.4950    322.612  358.06372  359.71751          6  0.000e+00
       1224 309.639652  -62.26952  -58.43788     -0.235       0.00      1.990      1.971    -0.8496    -0.8480     0.0015    -0.8496    -0.8481     0.0015   2.771419   2.771931   0.000513    34.1899    34.1951     7.4268    27.4910    27.4951    322.807  358.06364  359.71743          6  0.000e+00
       1225 309.639653  -62.26952  -58.43788     -0.238       0.00      2.011      1.992    -0.8499    -0.8480     0.0019    -0.8500    -0.8481     0.0019   2.771377   2.771949   0.000572    34.1897    34.1953     7.4219    27.4909    27.4953    322.593  358.06747  359.72133          6  0.000e+00
       1226 309.639653  -62.26952  -58.43788     -0.241       0.00      1.990      1.971    -0.8496    -0.8479     0.0017    -0.8496    -0.8479     0.0017   2.771383   2.771960   0.000577    34.1894    34.1953     7.4221    27.4906    27.4953    322.601  358.06501  359.71877          6  0.000e+00
       1227 309.639654  -62.26952  -58.43788     -0.241       0.00      2.038      2.019    -0.8494    -0.8483     0.0012    -0.8495    -0.8483     0.0012   2.771389   2.771897   0.000508    34.1893    34.1949     7.4216    27.4905    27.4950    322.583  358.06413  359.71786          6  0.000e+00
       1228 309.639654  -62.26952  -58.43788     -0.243       0.00      1.990      1.971    -0.8497    -0.8480     0.0017    -0.8498    -0.8481     0.0017   2.771371   2.771937   0.000566    34.1894    34.1952     7.4213    27.4906    27.4952    322.566  358.06657  359.72037          6  0.000e+00
       1229 309.639655  -62.26952  -58.43788     -0.244       0.00      1.990      1.971    -0.8493    -0.8485     0.0008    -0.8493    -0.8485     0.0008   2.771383   2.771920   0.000537    34.1891    34.1955     7.4209    27.4903    27.4955    322.548  358.06318  359.71686          6  0.000e+00
       1230 309.639655  -62.26952  -58.43788     -0.239       0.00      2.038      2.019    -0.8493    -0.8481     0.0011    -0.8493    -0.8482     0.0011   2.771347   2.771868   0.000521    34.1886    34.1943     7.4207    27.4899    27.4945    322.541  358.06463  359.71829          6  0.000e+00
       1231 309.639656  -62.26952  -58.43788     -0.238       0.00      1.990      1.971    -0.8494    -0.8488     0.0007    -0.8495    -0.8488     0.0007   2.771275   2.771857   0.000581    34.1878    34.1950     7.4205    27.4893    27.4951    322.534  358.06839  359.72204          6  0.000e+00
       1232 309.639656  -62.26952  -58.43788     -0.230       0.00      2.093      2.073    -0.8496    -0.8489     0.0006    -0.8496    -0.8490     0.0006   2.771359   2.771857   0.000498    34.1890    34.1951     7.4204    27.4903    27.4952    322.530  358.06610  359.71984          6  0.000e+00
