Pos-Processados/process_op38/operantar38_001.cnv
* Sea-Bird SBE 9 Data File:
* FileName = D:\OPERANTAR_XXXVIII\DADOS\OP38_002.hdr
* Software Version Seasave V 7.12
* Temperature SN = 4808
* Conductivity SN = 3380
* Number of Bytes Per Scan = 31
* Number of Voltage Words = 2
* Number of Scans Averaged by the Deck Unit = 1
* NMEA Latitude = 38 26.99 S
* NMEA Longitude = 052 53.48 W
* NMEA UTC (Time) = Jan 16 2019 21:21:57
** H41
** NAVIO POLAR ALMIRANTE MAXIMIANO
** CRUZEIRO:
** OPERANTAR XXXVIII
** ESTAวรO: 002
** LAT 38บ 26,99'S
** LONG 052บ 53,46'W
** 09P73767-1155
** PROFUNDIDADE: 4158 m
** DATA/HORA: 162121Z/OUT/2019
** OPERADOR: SO-HN CHAVES
# nquan = 33
# nvalues = 2052                        
# units = specified
# name 0 = scan: Scan Count
# name 1 = timeJ: Julian Days
# name 2 = latitude: Latitude [deg]
# name 3 = longitude: Longitude [deg]
# name 4 = dz/dtM: Descent Rate [m/s]
# name 5 = avgsvCM: Average Sound Velocity [Chen-Millero, m/s]
# name 6 = prDM: Pressure, Digiquartz [db]
# name 7 = depSM: Depth [salt water, m]
# name 8 = t090C: Temperature [ITS-90, deg C]
# name 9 = t190C: Temperature, 2 [ITS-90, deg C]
# name 10 = T2-T190C: Temperature Difference, 2 - 1 [ITS-90, deg C]
# name 11 = potemp090C: Potential Temperature [ITS-90, deg C]
# name 12 = potemp190C: Potential Temperature, 2 [ITS-90, deg C]
# name 13 = potemp90Cdiff: Potential Temperature, Diff, 2 - 1 [ITS-90, deg C]
# name 14 = c0S/m: Conductivity [S/m]
# name 15 = c1S/m: Conductivity, 2 [S/m]
# name 16 = C2-C1S/m: Conductivity Difference, 2 - 1 [S/m]
# name 17 = sal00: Salinity, Practical [PSU]
# name 18 = sal11: Salinity, Practical, 2 [PSU]
# name 19 = sbeox0ML/L: Oxygen, SBE 43 [ml/l]
# name 20 = sigma-้00: Density [sigma-theta, kg/m^3]
# name 21 = sigma-้11: Density, 2 [sigma-theta, kg/m^3]
# name 22 = sbox0Mm/Kg: Oxygen, SBE 43 [umol/kg]
# name 23 = oxsolMm/Kg: Oxygen Saturation, Garcia & Gordon [umol/kg]
# name 24 = oxsatMm/Kg: Oxygen Saturation, Weiss [umol/kg]
# name 25 = sal00: Salinity, Practical [PSU]
# name 26 = sigma-้00: Density [sigma-theta, kg/m^3]
# name 27 = svCM: Sound Velocity [Chen-Millero, m/s]
# name 28 = svCM1: Sound Velocity, 2 [Chen-Millero, m/s]
# name 29 = gsw_ptA0: potential temperature [ITS-90, deg C]
# name 30 = gsw_densityA0: density, TEOS-10 [density, kg/m^3]
# name 31 = gsw_saA0: Absolute Salinity [g/kg]
# name 32 = flag:
# span 0 =       7944,      81475       
# span 1 =  16.894074,  16.929534       
# span 2 =  -38.22398,  -38.22387       
# span 3 =  -52.57272,  -52.57268       
# span 4 =     -1.848,      1.603       
# span 5 =      -0.01,    1592.24       
# span 6 =      0.000,   1028.000       
# span 7 =      0.018,   1017.762       
# span 8 =     3.9652,    16.8223       
# span 9 =     3.9665,    16.8245       
# span 10 =    -0.1828,     0.1145      
# span 11 =     3.8880,    16.8216      
# span 12 =     3.8893,    16.8237      
# span 13 =    -0.1828,     0.1142      
# span 14 =   3.229402,   4.495850      
# span 15 =   3.229921,   4.496588      
# span 16 =  -0.008889,   0.026082      
# span 17 =    33.2718,    35.8771      
# span 18 =    33.2761,    35.8831      
# span 19 =     4.6933,     5.9565      
# span 20 =    24.2300,    27.1524      
# span 21 =    24.2328,    27.1557      
# span 22 =    204.148,    259.001      
# span 23 =  241.46438,  316.99565      
# span 24 =  241.21227,  317.79906      
# span 25 =    33.2760,    35.8772      
# span 26 =    24.2332,    27.1524      
# span 27 =    1481.79,    1514.01      
# span 28 =    1481.77,    1514.02      
# span 29 =     3.8877,    16.8215      
# span 30 =  1024.2603,  1031.8893      
# span 31 =    33.4331,    36.0467      
# span 32 = 0.0000e+00, 0.0000e+00      
# interval = decibars: 1                
# start_time = Jan 16 2019 21:21:57 [NMEA time, header]
# bad_flag = -9.990e-29
*END*
[from data line 440]
      22277  16.900986  -38.22390  -52.57270      1.435    1512.08    445.000    441.187    13.0593    13.0604     0.0011    12.9972    12.9983     0.0011   4.153314   4.154005   0.000735    35.3084    35.3144     5.0034    26.6325    26.6369    217.656  257.03475  256.95292    35.2982    26.6246    1508.10    1508.11    12.9972  1028.5952    35.4654 0.0000e+00
      22295  16.900994  -38.22390  -52.57270      1.469    1512.08    446.000    442.177    13.0005    13.0007     0.0002    12.9384    12.9386     0.0002   4.146380   4.147077   0.000660    35.2962    35.3023     4.9955    26.6349    26.6396    217.313  257.36467  257.28668    35.2865    26.6274    1507.91    1507.92    12.9384  1028.6029    35.4536 0.0000e+00
      22323  16.901008  -38.22391  -52.57270      1.081    1512.08    447.000    443.167    12.9380    12.9428     0.0048    12.8760    12.8807     0.0048   4.138898   4.140082   0.001188    35.2834    35.2903     4.9678    26.6375    26.6418    216.106  257.71539  257.64149    35.2728    26.6293    1507.70    1507.73    12.8760  1028.6098    35.4398 0.0000e+00
      22355  16.901023  -38.22392  -52.57270      0.709    1512.08    448.000    444.158    12.8443    12.8421    -0.0022    12.7824    12.7802    -0.0022   4.127550   4.127957   0.000356    35.2643    35.2698     4.9492    26.6414    26.6460    215.297  258.24274  258.17502    35.2512    26.6312    1507.38    1507.38    12.7825  1028.6170    35.4181 0.0000e+00
      22378  16.901035  -38.22392  -52.57270      0.902    1512.08    449.000    445.148    12.7577    12.7654     0.0077    12.6960    12.7036     0.0076   4.116431   4.118004   0.001554    35.2438    35.2515     4.9430    26.6426    26.6471    215.024  258.73731  258.67532    35.2250    26.6281    1507.07    1507.11    12.6960  1028.6191    35.3918 0.0000e+00
      22404  16.901047  -38.22393  -52.57270      0.991    1512.08    450.000    446.136    12.6606    12.6625     0.0019    12.5991    12.6009     0.0018   4.105740   4.106479   0.000807    35.2251    35.2311     4.9376    26.6474    26.6517    214.791  259.28574  259.23026    35.2126    26.6377    1506.75    1506.76    12.5991  1028.6339    35.3793 0.0000e+00
      22464  16.901076  -38.22394  -52.57270      0.353    1512.08    451.000    447.129    12.6389    12.6300    -0.0089    12.5773    12.5684    -0.0089   4.103174   4.102782  -0.000451    35.2181    35.2222     4.8981    26.6462    26.6511    213.073  259.41361  259.35957    35.2078    26.6382    1506.69    1506.66    12.5773  1028.6391    35.3744 0.0000e+00
      22511  16.901099  -38.22392  -52.57270      0.538    1512.08    452.000    448.119    12.4938    12.5131     0.0193    12.4326    12.4518     0.0192   4.085748   4.088407   0.002741    35.1902    35.1985     4.9097    26.6530    26.6557    213.574  260.23808  260.19389    35.1751    26.6414    1506.18    1506.25    12.4325  1028.6480    35.3417 0.0000e+00
      22532  16.901109  -38.22392  -52.57270      0.903    1512.08    453.000    449.109    12.4612    12.4600    -0.0012    12.3999    12.3987    -0.0012   4.082713   4.083114   0.000441    35.1856    35.1910     4.8947    26.6559    26.6603    212.922  260.42077  260.37882    35.1759    26.6484    1506.08    1506.09    12.3999  1028.6597    35.3425 0.0000e+00
      22551  16.901118  -38.22391  -52.57270      1.159    1512.08    454.000    450.100    12.4420    12.4407    -0.0014    12.3807    12.3793    -0.0014   4.079616   4.080043   0.000462    35.1786    35.1843     4.8749    26.6542    26.6589    212.060  260.53615  260.49548    35.1636    26.6425    1506.02    1506.02    12.3806  1028.6585    35.3300 0.0000e+00
      22568  16.901126  -38.22390  -52.57270      1.307    1512.08    455.000    451.090    12.3609    12.3638     0.0029    12.2997    12.3025     0.0029   4.069675   4.070879   0.001071    35.1618    35.1695     4.8712    26.6569    26.6624    211.899  261.00253  260.96743    35.1430    26.6423    1505.74    1505.76    12.2997  1028.6635    35.3094 0.0000e+00
      22587  16.901135  -38.22390  -52.57268      1.340    1512.08    456.000    452.080    12.3051    12.3064     0.0013    12.2439    12.2452     0.0013   4.063905   4.064564   0.000703    35.1524    35.1580     4.8674    26.6605    26.6646    211.732  261.31970  261.28847    35.1390    26.6500    1505.56    1505.57    12.2439  1028.6761    35.3053 0.0000e+00
      22608  16.901145  -38.22391  -52.57268      1.254    1512.08    457.000    453.071    12.2033    12.2111     0.0077    12.1424    12.1500     0.0077   4.050598   4.052192   0.001555    35.1287    35.1365     4.8662    26.6617    26.6663    211.681  261.91330  261.88912    35.1049    26.6432    1505.19    1505.23    12.1423  1028.6747    35.2711 0.0000e+00
      22633  16.901157  -38.22392  -52.57268      1.057    1512.08    458.000    454.058    12.1196    12.1292     0.0096    12.0588    12.0683     0.0096   4.041863   4.043612   0.001751    35.1143    35.1223     4.8502    26.6666    26.6710    210.982  262.39336  262.37506    35.0981    26.6541    1504.92    1504.96    12.0588  1028.6908    35.2643 0.0000e+00
      22667  16.901174  -38.22393  -52.57269      0.768    1512.08    459.000    455.052    12.0792    12.0818     0.0026    12.0183    12.0210     0.0026   4.037562   4.038417   0.000886    35.1057    35.1118     4.8173    26.6678    26.6720    209.554  262.62875  262.61329    35.0938    26.6585    1504.79    1504.81    12.0183  1028.7000    35.2600 0.0000e+00
      22721  16.901200  -38.22394  -52.57270      0.428    1512.08    460.000    456.041    12.0739    12.0750     0.0011    12.0129    12.0140     0.0011   4.037240   4.037911   0.000674    35.1032    35.1087     4.8024    26.6668    26.6709    208.903  262.66206  262.64695    35.0952    26.6606    1504.79    1504.80    12.0129  1028.7065    35.2614 0.0000e+00
      22769  16.901223  -38.22392  -52.57269      0.488    1512.08    461.000    457.032    12.0664    12.0678     0.0014    12.0054    12.0067     0.0014   4.036388   4.037104   0.000722    35.1003    35.1060     4.8102    26.6660    26.6702    209.244  262.70797  262.69337    35.0934    26.6607    1504.78    1504.79    12.0053  1028.7111    35.2596 0.0000e+00
      22795  16.901236  -38.22392  -52.57268      0.781    1512.08    462.000    458.022    12.0581    12.0594     0.0014    11.9969    11.9982     0.0013   4.035457   4.036103   0.000710    35.0981    35.1038     4.8085    26.6660    26.6701    209.171  262.75760  262.74359    35.0918    26.6610    1504.77    1504.78    11.9969  1028.7160    35.2580 0.0000e+00
      22816  16.901246  -38.22392  -52.57268      1.028    1512.08    463.000    459.013    12.0507    12.0466    -0.0041    11.9894    11.9853    -0.0041   4.034252   4.034507   0.000145    35.0958    35.1011     4.8091    26.6656    26.6705    209.197  262.80181  262.78830    35.0866    26.6584    1504.75    1504.74    11.9894  1028.7178    35.2527 0.0000e+00
      22834  16.901254  -38.22392  -52.57268      1.207    1512.08    464.000    460.003    11.9823    11.9915     0.0092    11.9211    11.9303     0.0092   4.026063   4.027687   0.001599    35.0819    35.0888     4.8155    26.6678    26.6715    209.472  263.20089  263.19223    35.0706    26.6591    1504.51    1504.55    11.9211  1028.7236    35.2367 0.0000e+00
      22851  16.901263  -38.22390  -52.57268      1.324    1512.08    465.000    460.993    11.9771    11.9780     0.0009    11.9158    11.9167     0.0009   4.026381   4.026929   0.000611    35.0838    35.0889     4.8087    26.6703    26.6741    209.179  263.22529  263.21703    35.0781    26.6659    1504.52    1504.53    11.9158  1028.7349    35.2442 0.0000e+00
      22870  16.901272  -38.22391  -52.57268      1.349    1512.08    466.000    461.983    11.9753    11.9667    -0.0086    11.9138    11.9053    -0.0085   4.025624   4.025055  -0.000507    35.0812    35.0843     4.7918    26.6687    26.6727    208.444  263.24040  263.23226    35.0721    26.6616    1504.53    1504.50    11.9138  1028.7350    35.2381 0.0000e+00
      22894  16.901283  -38.22392  -52.57268      1.175    1512.08    467.000    462.974    11.9215    11.9195    -0.0020    11.8601    11.8581    -0.0020   4.019657   4.020038   0.000354    35.0716    35.0769     4.7927    26.6714    26.6760    208.483  263.55204  263.54774    35.0639    26.6655    1504.35    1504.35    11.8601  1028.7438    35.2300 0.0000e+00
      22933  16.901302  -38.22392  -52.57268      0.681    1512.08    468.000    463.963    11.9115    11.9120     0.0005    11.8500    11.8505     0.0005   4.018726   4.019326   0.000599    35.0693    35.0747     4.7907    26.6716    26.6757    208.393  263.61090  263.60731    35.0638    26.6673    1504.33    1504.34    11.8500  1028.7502    35.2298 0.0000e+00
      22982  16.901326  -38.22393  -52.57268      0.464    1511.46    469.000    464.954    11.8989    11.8994     0.0005    11.8373    11.8378     0.0005   4.017352   4.017968   0.000616    35.0662    35.0718     4.7987    26.6716    26.6758    208.744  263.68577  263.68307    35.0618    26.6682    1504.30    1504.31    11.8373  1028.7556    35.2279 0.0000e+00
      23016  16.901342  -38.22392  -52.57268      0.661    1511.42    470.000    465.944    11.8825    11.8840     0.0015    11.8208    11.8224     0.0015   4.015332   4.016062   0.000738    35.0624    35.0681     4.7983    26.6717    26.6759    208.727  263.78287  263.78133    35.0571    26.6676    1504.26    1504.27    11.8208  1028.7596    35.2231 0.0000e+00
      23044  16.901355  -38.22392  -52.57268      0.832    1511.42    471.000    466.935    11.8672    11.8670    -0.0001    11.8054    11.8053    -0.0001   4.013743   4.014286   0.000533    35.0596    35.0649     4.7888    26.6725    26.6767    208.311  263.87203  263.87160    35.0555    26.6693    1504.22    1504.22    11.8054  1028.7659    35.2215 0.0000e+00
      23071  16.901369  -38.22392  -52.57268      0.878    1511.42    472.000    467.925    11.8585    11.8590     0.0004    11.7967    11.7971     0.0004   4.012765   4.013338   0.000584    35.0575    35.0628     4.7845    26.6726    26.6766    208.126  263.92311  263.92329    35.0536    26.6695    1504.20    1504.21    11.7967  1028.7706    35.2196 0.0000e+00
      23102  16.901384  -38.22392  -52.57268      0.801    1511.42    473.000    468.915    11.8330    11.8331     0.0001    11.7711    11.7712     0.0001   4.009612   4.010167   0.000549    35.0521    35.0574     4.7911    26.6731    26.6772    208.409  264.07335  264.07536    35.0463    26.6687    1504.12    1504.13    11.7711  1028.7745    35.2123 0.0000e+00
      23133  16.901398  -38.22392  -52.57268      0.765    1511.42    474.000    469.905    11.7937    11.7930    -0.0007    11.7318    11.7311    -0.0007   4.004886   4.005335   0.000457    35.0448    35.0499     4.7924    26.6749    26.6791    208.466  264.30319  264.30804    35.0367    26.6686    1503.99    1504.00    11.7318  1028.7792    35.2026 0.0000e+00
      23157  16.901410  -38.22392  -52.57268      0.893    1511.42    475.000    470.895    11.7361    11.7369     0.0009    11.6742    11.6751     0.0009   3.998348   3.999033   0.000696    35.0349    35.0409     4.7966    26.6781    26.6826    208.649  264.63899  264.64803    35.0264    26.6715    1503.80    1503.81    11.6743  1028.7871    35.1923 0.0000e+00
      23176  16.901419  -38.22392  -52.57268      1.083    1511.42    476.000    471.886    11.7016    11.7000    -0.0016    11.6398    11.6382    -0.0016   3.994574   3.994966   0.000387    35.0290    35.0343     4.7928    26.6800    26.6844    208.485  264.84048  264.85203    35.0215    26.6741    1503.69    1503.69    11.6398  1028.7945    35.1873 0.0000e+00
      23194  16.901428  -38.22392  -52.57268      1.254    1511.42    477.000    472.876    11.6874    11.6887     0.0013    11.6256    11.6268     0.0013   3.993137   3.993811   0.000694    35.0265    35.0321     4.7842    26.6807    26.6848    208.109  264.92300  264.93558    35.0202    26.6758    1503.66    1503.67    11.6255  1028.8008    35.1861 0.0000e+00
      23212  16.901437  -38.22392  -52.57268      1.335    1511.42    478.000    473.866    11.6640    11.6639    -0.0001    11.6021    11.6020    -0.0001   3.989973   3.990527   0.000552    35.0206    35.0261     4.7799    26.6805    26.6848    207.922  265.06360  265.07788    35.0108    26.6729    1503.58    1503.59    11.6020  1028.8025    35.1766 0.0000e+00
      23238  16.901449  -38.22392  -52.57268      1.113    1511.42    479.000    474.848    11.6012    11.6040     0.0028    11.5394    11.5421     0.0027   3.982888   3.983815   0.000904    35.0098    35.0161     4.7831    26.6838    26.6882    208.063  265.43152  265.45040    34.9999    26.6762    1503.37    1503.39    11.5393  1028.8108    35.1657 0.0000e+00
      23305  16.901481  -38.22392  -52.57269      0.293    1511.42    480.000    475.850    11.5603    11.5595    -0.0008    11.4984    11.4976    -0.0008   3.978311   3.978781   0.000454    35.0018    35.0071     4.7631    26.6853    26.6895    207.190  265.67378  265.69566    34.9930    26.6784    1503.24    1503.24    11.4984  1028.8179    35.1588 0.0000e+00
      23354  16.901505  -38.22392  -52.57270      0.521    1511.42    481.000    476.837    11.3951    11.4018     0.0068    11.3337    11.3404     0.0067   3.959765   3.960897   0.001221    34.9776    34.9833     4.7651    26.6971    26.7002    207.274  266.63990  266.67412    34.9657    26.6878    1502.65    1502.68    11.3337  1028.8334    35.1314 0.0000e+00
      23381  16.901518  -38.22392 -9.990e-29      0.793    1511.42    482.000    477.827    11.3279    11.3283     0.0005    11.2666    11.2670     0.0004   3.951856   3.952449   0.000602    34.9662    34.9717     4.7376    26.7005    26.7047    206.077  267.03781  267.07708    34.9506    26.6884    1502.41    1502.42    11.2666  1028.8391    35.1162 0.0000e+00
      23405  16.901530  -38.22392 -9.990e-29      0.961    1511.42    483.000    478.817    11.2698    11.2698     0.0001    11.2086    11.2086     0.0001   3.946202   3.946793   0.000577    34.9592    34.9648     4.7396    26.7057    26.7101    206.166  267.37694  267.42062    34.9491    26.6979    1502.22    1502.23    11.2085  1028.8536    35.1146 0.0000e+00
      23426  16.901540  -38.22392 -9.990e-29      1.056    1511.42    484.000    479.807    11.2551    11.2557     0.0006    11.1938    11.1944     0.0006   3.944579   3.945206   0.000645    34.9564    34.9622     4.7333    26.7062    26.7106    205.888  267.46505  267.50984    34.9465    26.6985    1502.19    1502.20    11.1938  1028.8589    35.1120 0.0000e+00
      23446  16.901550  -38.22392  -52.57268      1.141    1511.42    485.000    480.798    11.2428    11.2431     0.0003    11.1814    11.1817     0.0003   3.943393   3.943973   0.000591    34.9543    34.9599     4.7237    26.7069    26.7112    205.474  267.53811  267.58383    34.9459    26.7004    1502.16    1502.17    11.1814  1028.8652    35.1115 0.0000e+00
      23464  16.901558  -38.22392  -52.57268      1.241    1511.42    486.000    481.788    11.2332    11.2333     0.0001    11.1717    11.1718     0.0001   3.942162   3.942740   0.000577    34.9517    34.9573     4.7257    26.7066    26.7110    205.559  267.59699  267.64342    34.9424    26.6994    1502.14    1502.14    11.1717  1028.8688    35.1079 0.0000e+00
      23481  16.901567  -38.22392  -52.57268      1.336    1511.42    487.000    482.778    11.2116    11.2110    -0.0006    11.1501    11.1494    -0.0006   3.939707   3.940242   0.000489    34.9473    34.9527     4.7292    26.7072    26.7115    205.712  267.72686  267.77492    34.9380    26.7000    1502.07    1502.08    11.1500  1028.8740    35.1035 0.0000e+00
