Pos-Processados/process_op38/operantar38_019.cnv
* Sea-Bird SBE 9 Data File:
* FileName = D:\OPERANTAR_XXXVIII\DADOS\OP38_019.hdr
* Software Version Seasave V 7.18c
* Temperature SN = 4808
* Conductivity SN = 3380
* Number of Bytes Per Scan = 34
* Number of Voltage Words = 3
* Number of Scans Averaged by the Deck Unit = 1
* NMEA Latitude = 62 12.52 S
* NMEA Longitude = 058 17.99 W
* NMEA UTC (Time) = Nov 22 2019 11:08:24
** H41
** NAVIO POLAR ALMIRANTE MAXIMIANO
** CRUZEIRO:
** OPERANTAR XXXVIII
** ESTAÇÃO: OP38_019
** LAT 62 12,51'S
** LONG 058 18,00'W
** 09P73767-1155_A
** PROFUNDIDADE: 271
** DATA/HORA: 221109Z/NOV/2019
** OPERADOR: SO-HN CHAVES
# nquan = 33
# nvalues = 482                         
# units = specified
# name 0 = scan: Scan Count
# name 1 = timeJ: Julian Days
# name 2 = latitude: Latitude [deg]
# name 3 = longitude: Longitude [deg]
# name 4 = dz/dtM: Descent Rate [m/s]
# name 5 = avgsvCM: Average Sound Velocity [Chen-Millero, m/s]
# name 6 = prDM: Pressure, Digiquartz [db]
# name 7 = depSM: Depth [salt water, m]
# name 8 = t090C: Temperature [ITS-90, deg C]
# name 9 = t190C: Temperature, 2 [ITS-90, deg C]
# name 10 = T2-T190C: Temperature Difference, 2 - 1 [ITS-90, deg C]
# name 11 = potemp090C: Potential Temperature [ITS-90, deg C]
# name 12 = potemp190C: Potential Temperature, 2 [ITS-90, deg C]
# name 13 = potemp90Cdiff: Potential Temperature, Diff, 2 - 1 [ITS-90, deg C]
# name 14 = c0S/m: Conductivity [S/m]
# name 15 = c1S/m: Conductivity, 2 [S/m]
# name 16 = C2-C1S/m: Conductivity Difference, 2 - 1 [S/m]
# name 17 = sal00: Salinity, Practical [PSU]
# name 18 = sal11: Salinity, Practical, 2 [PSU]
# name 19 = sbeox0ML/L: Oxygen, SBE 43 [ml/l]
# name 20 = sigma-é00: Density [sigma-theta, kg/m^3]
# name 21 = sigma-é11: Density, 2 [sigma-theta, kg/m^3]
# name 22 = sbox0Mm/Kg: Oxygen, SBE 43 [umol/kg]
# name 23 = oxsolMm/Kg: Oxygen Saturation, Garcia & Gordon [umol/kg]
# name 24 = oxsatMm/Kg: Oxygen Saturation, Weiss [umol/kg]
# name 25 = sal00: Salinity, Practical [PSU]
# name 26 = sigma-é00: Density [sigma-theta, kg/m^3]
# name 27 = svCM: Sound Velocity [Chen-Millero, m/s]
# name 28 = svCM1: Sound Velocity, 2 [Chen-Millero, m/s]
# name 29 = gsw_ptA0: potential temperature [ITS-90, deg C]
# name 30 = gsw_densityA0: density, TEOS-10 [density, kg/m^3]
# name 31 = gsw_saA0: Absolute Salinity [g/kg]
# name 32 = flag:
# span 0 =       1186,      26705       
# span 1 = 326.464738, 326.477045       
# span 2 =  -62.20879,  -62.20864       
# span 3 =  -58.30025,  -58.29984       
# span 4 =     -0.903,      0.772       
# span 5 =       0.00,    1448.22       
# span 6 =      2.000,    243.000       
# span 7 =      1.987,    240.524       
# span 8 =    -0.6388,    -0.2172       
# span 9 =    -0.6385,    -0.2144       
# span 10 =    -0.0118,     0.0045      
# span 11 =    -0.6453,    -0.2173      
# span 12 =    -0.6449,    -0.2145      
# span 13 =    -0.0118,     0.0045      
# span 14 =   2.802622,   2.820561      
# span 15 =   2.803053,   2.821176      
# span 16 =  -0.000415,   0.000696      
# span 17 =    34.1379,    34.2982      
# span 18 =    34.1428,    34.3034      
# span 19 =     6.9417,     7.7122      
# span 20 =    27.4211,    27.5701      
# span 21 =    27.4250,    27.5743      
# span 22 =    301.699,    335.234      
# span 23 =  352.29214,  355.83950      
# span 24 =  353.80925,  357.45183      
# span 25 =    34.1380,    34.2982      
# span 26 =    27.4212,    27.5701      
# span 27 =    1446.82,    1449.21      
# span 28 =    1446.83,    1449.22      
# span 29 =    -0.6451,    -0.2173      
# span 30 =  1027.4352,  1028.7362      
# span 31 =    34.3027,    34.4655      
# span 32 = 0.0000e+00, 0.0000e+00      
# interval = decibars: 1                
# start_time = Nov 22 2019 11:08:24 [NMEA time, header]
# bad_flag = -9.990e-29
*END*
[from data line 132]
       6436 326.467270  -62.20876  -58.29988      0.565    1447.20    135.000    133.660    -0.5421    -0.5409     0.0012    -0.5462    -0.5451     0.0012   2.804401   2.804839   0.000437    34.2056    34.2102     7.3975    27.4910    27.4947    321.533  355.12219  356.71071    34.2053    27.4908    1447.76    1447.77    -0.5462  1028.1415    34.3717 0.0000e+00
       6477 326.467290  -62.20876  -58.29988      0.578    1447.20    136.000    134.650    -0.5494    -0.5516    -0.0022    -0.5536    -0.5558    -0.0022   2.804105   2.804402   0.000305    34.2097    34.2163     7.3936    27.4947    27.5001    321.363  355.18005  356.77035    34.2091    27.4941    1447.74    1447.74    -0.5535  1028.1497    34.3754 0.0000e+00
       6515 326.467308  -62.20876  -58.29986      0.629    1447.20    137.000    135.640    -0.5546    -0.5540     0.0006    -0.5588    -0.5582     0.0006   2.803919   2.804313   0.000401    34.2123    34.2170     7.3824    27.4970    27.5008    320.876  355.22100  356.81254    34.2118    27.4966    1447.74    1447.75    -0.5587  1028.1569    34.3782 0.0000e+00
       6551 326.467325  -62.20876  -58.29986      0.670    1447.20    138.000    136.630    -0.5708    -0.5688     0.0021    -0.5751    -0.5730     0.0021   2.803031   2.803542   0.000497    34.2190    34.2234     7.3683    27.5031    27.5066    320.261  355.35433  356.94968    34.2175    27.5019    1447.69    1447.70    -0.5749  1028.1671    34.3840 0.0000e+00
       6589 326.467344  -62.20876  -58.29986      0.639    1447.20    139.000    137.619    -0.5743    -0.5736     0.0007    -0.5785    -0.5779     0.0007   2.802962   2.803378   0.000418    34.2207    34.2255     7.3420    27.5046    27.5085    319.116  355.38202  356.97820    34.2199    27.5040    1447.69    1447.70    -0.5785  1028.1740    34.3863 0.0000e+00
       6634 326.467365  -62.20876  -58.29986      0.532    1447.20    140.000    138.609    -0.5748    -0.5742     0.0005    -0.5791    -0.5786     0.0005   2.802982   2.803385   0.000404    34.2207    34.2256     7.3282    27.5047    27.5086    318.518  355.38632  356.98261    34.2201    27.5042    1447.71    1447.72    -0.5790  1028.1789    34.3865 0.0000e+00
       6676 326.467386  -62.20876  -58.29986      0.568    1447.20    141.000    139.597    -0.5756    -0.5748     0.0008    -0.5799    -0.5791     0.0008   2.803004   2.803422   0.000417    34.2212    34.2259     7.3119    27.5051    27.5089    317.807  355.39274  356.98923    34.2207    27.5047    1447.72    1447.73    -0.5798  1028.1842    34.3872 0.0000e+00
       6712 326.467403  -62.20876  -58.29986      0.655    1447.20    142.000    140.590    -0.5762    -0.5755     0.0008    -0.5806    -0.5798     0.0008   2.803006   2.803430   0.000423    34.2213    34.2262     7.3084    27.5052    27.5091    317.657  355.39853  356.99516    34.2209    27.5049    1447.73    1447.74    -0.5805  1028.1892    34.3873 0.0000e+00
       6751 326.467422  -62.20876  -58.29986      0.619    1447.20    143.000    141.578    -0.5768    -0.5762     0.0007    -0.5812    -0.5805     0.0006   2.803028   2.803442   0.000414    34.2215    34.2263     7.3039    27.5054    27.5093    317.459  355.40337  357.00014    34.2212    27.5051    1447.75    1447.76    -0.5811  1028.1942    34.3876 0.0000e+00
       6794 326.467442  -62.20876  -58.29986      0.563    1447.20    144.000    142.568    -0.5765    -0.5757     0.0007    -0.5809    -0.5802     0.0007   2.803100   2.803514   0.000415    34.2214    34.2262     7.3136    27.5053    27.5091    317.881  355.40040  356.99708    34.2211    27.5051    1447.76    1447.78    -0.5808  1028.1990    34.3876 0.0000e+00
       6832 326.467461  -62.20876  -58.29986      0.623    1447.20    145.000    143.558    -0.5772    -0.5764     0.0008    -0.5817    -0.5809     0.0008   2.803099   2.803525   0.000424    34.2216    34.2264     7.3229    27.5055    27.5094    318.284  355.40691  357.00377    34.2214    27.5053    1447.78    1447.79    -0.5816  1028.2040    34.3879 0.0000e+00
       6868 326.467479  -62.20876  -58.29986      0.658    1447.20    146.000    144.547    -0.5774    -0.5766     0.0008    -0.5819    -0.5811     0.0007   2.803144   2.803566   0.000421    34.2217    34.2265     7.3188    27.5056    27.5095    318.109  355.40810  357.00500    34.2215    27.5054    1447.79    1447.80    -0.5818  1028.2089    34.3880 0.0000e+00
       6910 326.467498  -62.20876  -58.29986      0.589    1447.20    147.000    145.537    -0.5784    -0.5773     0.0011    -0.5829    -0.5818     0.0011   2.803133   2.803566   0.000433    34.2222    34.2268     7.3071    27.5060    27.5097    317.599  355.41650  357.01364    34.2219    27.5058    1447.81    1447.82    -0.5828  1028.2140    34.3884 0.0000e+00
       6954 326.467520  -62.20876  -58.29986      0.541    1447.20    148.000    146.527    -0.5796    -0.5787     0.0009    -0.5842    -0.5833     0.0009   2.803125   2.803559   0.000434    34.2227    34.2276     7.3095    27.5065    27.5104    317.702  355.42645  357.02389    34.2226    27.5064    1447.82    1447.83    -0.5841  1028.2194    34.3891 0.0000e+00
       6996 326.467540  -62.20876  -58.29986      0.561    1447.20    149.000    147.516    -0.5809    -0.5805     0.0004    -0.5855    -0.5851     0.0004   2.803098   2.803502   0.000405    34.2234    34.2284     7.3084    27.5071    27.5111    317.657  355.43670  357.03443    34.2231    27.5069    1447.83    1447.84    -0.5854  1028.2247    34.3896 0.0000e+00
       7035 326.467559  -62.20876  -58.29986      0.615    1447.20    150.000    148.506    -0.5842    -0.5837     0.0005    -0.5888    -0.5883     0.0005   2.802995   2.803409   0.000413    34.2250    34.2300     7.2985    27.5086    27.5126    317.223  355.46277  357.06130    34.2248    27.5084    1447.83    1447.84    -0.5887  1028.2310    34.3913 0.0000e+00
       7073 326.467577  -62.20876  -58.29986      0.637    1447.20    151.000    149.496    -0.5845    -0.5837     0.0007    -0.5891    -0.5884     0.0007   2.803034   2.803454   0.000420    34.2252    34.2300     7.2956    27.5088    27.5126    317.099  355.46508  357.06368    34.2250    27.5086    1447.85    1447.86    -0.5890  1028.2360    34.3916 0.0000e+00
       7116 326.467598  -62.20876  -58.29986      0.571    1447.20    152.000    150.485    -0.5855    -0.5845     0.0010    -0.5902    -0.5892     0.0010   2.803031   2.803469   0.000438    34.2257    34.2305     7.3018    27.5092    27.5130    317.368  355.47313  357.07197    34.2255    27.5090    1447.86    1447.87    -0.5901  1028.2412    34.3921 0.0000e+00
       7163 326.467620  -62.20876  -58.29986      0.505    1447.20    153.000    151.475    -0.5871    -0.5870     0.0002    -0.5918    -0.5917     0.0002   2.803015   2.803412   0.000400    34.2267    34.2320     7.2985    27.5101    27.5143    317.223  355.48561  357.08486    34.2265    27.5099    1447.87    1447.87    -0.5917  1028.2469    34.3931 0.0000e+00
       7203 326.467640  -62.20876  -58.29986      0.588    1447.20    154.000    152.465    -0.5914    -0.5899     0.0014    -0.5961    -0.5946     0.0014   2.802913   2.803358   0.000441    34.2296    34.2339     7.2974    27.5126    27.5160    317.178  355.51709  357.11739    34.2293    27.5124    1447.87    1447.88    -0.5960  1028.2541    34.3959 0.0000e+00
       7238 326.467657  -62.20876  -58.29986      0.670    1447.20    155.000    153.454    -0.5903    -0.5901     0.0002    -0.5951    -0.5949     0.0002   2.802987   2.803394   0.000409    34.2287    34.2340     7.2937    27.5119    27.5161    317.016  355.50986  357.10989    34.2285    27.5117    1447.89    1447.90    -0.5950  1028.2582    34.3951 0.0000e+00
       7276 326.467675  -62.20876  -58.29986      0.639    1447.20    156.000    154.444    -0.5923    -0.5916     0.0007    -0.5971    -0.5964     0.0007   2.802960   2.803384   0.000425    34.2300    34.2350     7.2812    27.5130    27.5170    316.472  355.52483  357.12536    34.2298    27.5128    1447.90    1447.91    -0.5970  1028.2641    34.3964 0.0000e+00
       7320 326.467696  -62.20876  -58.29986      0.556    1447.20    157.000    155.433    -0.5931    -0.5926     0.0005    -0.5979    -0.5975     0.0005   2.802988   2.803406   0.000418    34.2306    34.2357     7.2823    27.5135    27.5176    316.519  355.53086  357.13159    34.2305    27.5134    1447.91    1447.92    -0.5978  1028.2694    34.3971 0.0000e+00
       7364 326.467717  -62.20876  -58.29986      0.546    1447.20    158.000    156.424    -0.5928    -0.5919     0.0009    -0.5977    -0.5968     0.0009   2.803050   2.803474   0.000423    34.2305    34.2352     7.2716    27.5134    27.5171    316.052  355.52847  357.12913    34.2304    27.5133    1447.93    1447.94    -0.5976  1028.2741    34.3970 0.0000e+00
       7404 326.467737  -62.20876  -58.29986      0.590    1447.20    159.000    157.413    -0.5936    -0.5930     0.0006    -0.5985    -0.5979     0.0006   2.803051   2.803464   0.000411    34.2308    34.2356     7.2765    27.5137    27.5176    316.268  355.53497  357.13583    34.2307    27.5136    1447.94    1447.95    -0.5984  1028.2792    34.3973 0.0000e+00
       7443 326.467756  -62.20876  -58.29986      0.614    1447.20    160.000    158.400    -0.5944    -0.5937     0.0007    -0.5993    -0.5986     0.0007   2.803054   2.803474   0.000421    34.2310    34.2359     7.2764    27.5139    27.5178    316.264  355.54135  357.14237    34.2309    27.5138    1447.95    1447.96    -0.5992  1028.2842    34.3976 0.0000e+00
       7486 326.467776  -62.20876  -58.29986      0.564    1447.20    161.000    159.394    -0.5947    -0.5939     0.0007    -0.5996    -0.5989     0.0007   2.803100   2.803517   0.000418    34.2314    34.2362     7.2722    27.5142    27.5180    316.079  355.54352  357.14464    34.2313    27.5142    1447.97    1447.98    -0.5995  1028.2893    34.3980 0.0000e+00
       7528 326.467797  -62.20876  -58.29986      0.563    1447.20    162.000    160.382    -0.5947    -0.5941     0.0007    -0.5997    -0.5990     0.0007   2.803149   2.803564   0.000414    34.2314    34.2363     7.2737    27.5142    27.5181    316.143  355.54347  357.14459    34.2314    27.5142    1447.99    1448.00    -0.5996  1028.2941    34.3981 0.0000e+00
       7566 326.467815  -62.20876  -58.29986      0.629    1447.20    163.000    161.372    -0.5948    -0.5940     0.0008    -0.5998    -0.5990     0.0008   2.803201   2.803626   0.000424    34.2315    34.2363     7.2656    27.5143    27.5181    315.793  355.54371  357.14484    34.2315    27.5143    1448.00    1448.01    -0.5997  1028.2990    34.3982 0.0000e+00
       7604 326.467833  -62.20876  -58.29986      0.634    1447.20    164.000    162.361    -0.5936    -0.5929     0.0007    -0.5986    -0.5980     0.0007   2.803285   2.803706   0.000422    34.2307    34.2357     7.2765    27.5136    27.5176    316.268  355.53509  357.13594    34.2307    27.5136    1448.02    1448.03    -0.5985  1028.3031    34.3974 0.0000e+00
       7647 326.467854  -62.20876  -58.29986      0.569    1447.20    165.000    163.351    -0.5941    -0.5932     0.0009    -0.5991    -0.5983     0.0009   2.803316   2.803753   0.000436    34.2311    34.2359     7.2715    27.5139    27.5178    316.049  355.53837  357.13932    34.2310    27.5139    1448.04    1448.05    -0.5991  1028.3081    34.3977 0.0000e+00
       7688 326.467874  -62.20876  -58.29986      0.570    1447.20    166.000    164.340    -0.5956    -0.5943     0.0013    -0.6007    -0.5994     0.0013   2.803260   2.803721   0.000461    34.2314    34.2362     7.2833    27.5143    27.5181    316.561  355.55157  357.15287    34.2314    27.5143    1448.05    1448.06    -0.6006  1028.3133    34.3981 0.0000e+00
       7728 326.467893  -62.20876  -58.29986      0.611    1447.20    167.000    165.330    -0.5946    -0.5940     0.0006    -0.5997    -0.5991     0.0006   2.803386   2.803790   0.000406    34.2313    34.2361     7.2688    27.5142    27.5180    315.934  355.54256  357.14364    34.2313    27.5142    1448.07    1448.08    -0.5996  1028.3180    34.3980 0.0000e+00
       7769 326.467913  -62.20876  -58.29986      0.578    1447.20    168.000    166.320    -0.5948    -0.5943     0.0005    -0.6000    -0.5995     0.0005   2.803424   2.803839   0.000413    34.2315    34.2365     7.2758    27.5143    27.5183    316.236  355.54408  357.14522    34.2315    27.5143    1448.08    1448.09    -0.5999  1028.3229    34.3982 0.0000e+00
       7811 326.467933  -62.20876  -58.29986      0.574    1447.20    169.000    167.309    -0.5958    -0.5951     0.0007    -0.6010    -0.6003     0.0007   2.803384   2.803806   0.000425    34.2315    34.2364     7.2680    27.5144    27.5183    315.898  355.55358  357.15494    34.2315    27.5143    1448.10    1448.10    -0.6009  1028.3277    34.3982 0.0000e+00
       7850 326.467952  -62.20876  -58.29986      0.615    1447.35    170.000    168.299    -0.5964    -0.5955     0.0009    -0.6016    -0.6007     0.0009   2.803395   2.803830   0.000432    34.2317    34.2365     7.2752    27.5146    27.5184    316.211  355.55846  357.15995    34.2317    27.5145    1448.11    1448.12    -0.6015  1028.3326    34.3984 0.0000e+00
       7891 326.467972  -62.20876  -58.29986      0.587    1447.37    171.000    169.287    -0.5962    -0.5954     0.0008    -0.6015    -0.6007     0.0008   2.803456   2.803881   0.000426    34.2317    34.2365     7.2635    27.5146    27.5184    315.702  355.55706  357.15852    34.2317    27.5145    1448.13    1448.14    -0.6014  1028.3374    34.3984 0.0000e+00
       7933 326.467992  -62.20876  -58.29986      0.570    1447.37    172.000    170.279    -0.5960    -0.5954     0.0006    -0.6013    -0.6007     0.0006   2.803513   2.803937   0.000425    34.2316    34.2366     7.2795    27.5145    27.5185    316.397  355.55520  357.15660    34.2316    27.5145    1448.14    1448.15    -0.6012  1028.3421    34.3983 0.0000e+00
       7974 326.468012  -62.20876  -58.29986      0.590    1447.37    173.000    171.267    -0.5962    -0.5955     0.0007    -0.6015    -0.6008     0.0007   2.803543   2.803971   0.000428    34.2316    34.2366     7.2671    27.5144    27.5185    315.857  355.55690  357.15834    34.2316    27.5145    1448.16    1448.17    -0.6014  1028.3469    34.3983 0.0000e+00
       8016 326.468032  -62.20876  -58.29986      0.571    1447.37    174.000    172.258    -0.5963    -0.5955     0.0007    -0.6016    -0.6009     0.0007   2.803591   2.804004   0.000415    34.2316    34.2364     7.2669    27.5145    27.5183    315.851  355.55734  357.15880    34.2317    27.5145    1448.17    1448.18    -0.6015  1028.3518    34.3984 0.0000e+00
       8054 326.468050  -62.20876  -58.29986      0.614    1447.37    175.000    173.247    -0.5955    -0.5951     0.0005    -0.6010    -0.6005     0.0005   2.803673   2.804083   0.000411    34.2314    34.2364     7.2641    27.5142    27.5183    315.726  355.55161  357.15291    34.2314    27.5143    1448.19    1448.20    -0.6008  1028.3562    34.3981 0.0000e+00
       8090 326.468068  -62.20876  -58.29986      0.668    1447.37    176.000    174.236    -0.5956    -0.5949     0.0008    -0.6010    -0.6003     0.0008   2.803685   2.804115   0.000430    34.2310    34.2359     7.2633    27.5140    27.5179    315.694  355.55309  357.15437    34.2310    27.5140    1448.21    1448.22    -0.6009  1028.3607    34.3977 0.0000e+00
       8131 326.468087  -62.20876  -58.29986      0.599    1447.37    177.000    175.226    -0.5961    -0.5954     0.0007    -0.6016    -0.6009     0.0007   2.803708   2.804140   0.000432    34.2312    34.2363     7.2740    27.5142    27.5182    316.156  355.55706  357.15846    34.2313    27.5142    1448.22    1448.23    -0.6015  1028.3657    34.3980 0.0000e+00
