Pos-Processados/process_op38/operantar38_009.ros
* Sea-Bird SBE 9 Data File:
* FileName = D:\OPERANTAR_XXXVIII\DADOS\OP38_009.hdr
* Software Version Seasave V 7.18c
* Temperature SN = 4808
* Conductivity SN = 3380
* Number of Bytes Per Scan = 31
* Number of Voltage Words = 2
* Number of Scans Averaged by the Deck Unit = 1
* NMEA Latitude = 44 15.92 S
* NMEA Longitude = 052 42.25 W
* NMEA UTC (Time) = Oct 20 2019 07:17:42
** H41
** NAVIO POLAR ALMIRANTE MAXIMIANO
** CRUZEIRO:
** OPERANTAR XXXVIII
** ESTAÇÃO: OP38_009
** LAT 44º 15,92'S
** LONG 052º 42,27'W
** 09P73767-1155
** PROFUNDIDADE: 5806
** DATA/HORA: 200718Z/OUT/19
** OPERADOR: CTTECCHIO
# nquan = 24
# nvalues = 2170                                  
# units = specified
# name 0 = scan: Scan Count
# name 1 = timeJ: Julian Days
# name 2 = latitude: Latitude [deg]
# name 3 = longitude: Longitude [deg]
# name 4 = dz/dtM: Descent Rate [m/s]
# name 5 = avgsvCM: Average Sound Velocity [Chen-Millero, m/s]
# name 6 = prDM: Pressure, Digiquartz [db]
# name 7 = depSM: Depth [salt water, m]
# name 8 = t090C: Temperature [ITS-90, deg C]
# name 9 = t190C: Temperature, 2 [ITS-90, deg C]
# name 10 = T2-T190C: Temperature Difference, 2 - 1 [ITS-90, deg C]
# name 11 = potemp090C: Potential Temperature [ITS-90, deg C]
# name 12 = potemp190C: Potential Temperature, 2 [ITS-90, deg C]
# name 13 = potemp90Cdiff: Potential Temperature, Diff, 2 - 1 [ITS-90, deg C]
# name 14 = c0S/m: Conductivity [S/m]
# name 15 = c1S/m: Conductivity, 2 [S/m]
# name 16 = C2-C1S/m: Conductivity Difference, 2 - 1 [S/m]
# name 17 = sal00: Salinity, Practical [PSU]
# name 18 = sal11: Salinity, Practical, 2 [PSU]
# name 19 = sbeox0ML/L: Oxygen, SBE 43 [ml/l]
# name 20 = sigma-é00: Density [sigma-theta, kg/m^3]
# name 21 = sigma-é11: Density, 2 [sigma-theta, kg/m^3]
# name 22 = nbf: Bottles Fired
# name 23 = flag:  0.000e+00
# interval = seconds: 0.0416667
# start_time = Oct 20 2019 07:17:42 [NMEA time, header]
# bad_flag = -9.990e-29
*END*
[from data line 1872]
      60876 293.333315  -44.26540  -52.70418     -0.006    1497.43     21.659     21.483    14.1111    14.1114     0.0002    14.1080    14.1082     0.0002   4.274908   4.275685   0.000777    35.6461    35.6532     5.2712    26.6637    26.6691         11  0.000e+00
      60877 293.333316  -44.26540  -52.70418     -0.003    1497.43     21.645     21.470    14.1108    14.1119     0.0011    14.1077    14.1087     0.0011   4.274950   4.275664   0.000714    35.6468    35.6525     5.2714    26.6643    26.6685         11  0.000e+00
      60878 293.333316  -44.26540  -52.70418     -0.002    1497.43     21.611     21.436    14.1111    14.1112     0.0001    14.1080    14.1081     0.0001   4.274908   4.275630   0.000722    35.6461    35.6528     5.2719    26.6638    26.6689         11  0.000e+00
      60879 293.333317  -44.26540  -52.70418      0.001    1497.43     21.645     21.470    14.1110    14.1115     0.0005    14.1079    14.1084     0.0005   4.274922   4.275644   0.000722    35.6464    35.6526     5.2721    26.6640    26.6687         11  0.000e+00
      60880 293.333317  -44.26540  -52.70418     -0.000    1497.43     21.611     21.436    14.1110    14.1120     0.0010    14.1079    14.1089     0.0010   4.274958   4.275658   0.000700    35.6467    35.6523     5.2723    26.6642    26.6683         11  0.000e+00
      60881 293.333318  -44.26540  -52.70418      0.002    1497.43     21.645     21.470    14.1108    14.1112     0.0004    14.1077    14.1081     0.0004   4.274943   4.275658   0.000714    35.6468    35.6531     5.2725    26.6643    26.6691         11  0.000e+00
      60882 293.333318  -44.26540  -52.70418      0.007    1497.43     21.659     21.483    14.1110    14.1112     0.0002    14.1079    14.1081     0.0002   4.274958   4.275658   0.000700    35.6467    35.6531     5.2727    26.6642    26.6691         11  0.000e+00
      60883 293.333319  -44.26540  -52.70418      0.010    1497.43     21.645     21.470    14.1110    14.1112     0.0002    14.1079    14.1081     0.0002   4.274965   4.275658   0.000693    35.6468    35.6531     5.2729    26.6643    26.6691         11  0.000e+00
      60884 293.333319  -44.26540  -52.70418      0.008    1497.43     21.611     21.436    14.1111    14.1114     0.0002    14.1080    14.1082     0.0002   4.274943   4.275658   0.000714    35.6465    35.6529     5.2731    26.6640    26.6690         11  0.000e+00
      60885 293.333320  -44.26540  -52.70418      0.011    1497.43     21.645     21.470    14.1110    14.1114     0.0004    14.1078    14.1082     0.0004   4.274958   4.275630   0.000673    35.6468    35.6527     5.2734    26.6643    26.6688         11  0.000e+00
      60886 293.333320  -44.26540  -52.70418      0.009    1497.43     21.611     21.436    14.1110    14.1117     0.0007    14.1079    14.1086     0.0007   4.274943   4.275671   0.000728    35.6466    35.6527     5.2768    26.6641    26.6687         11  0.000e+00
      60887 293.333321  -44.26540  -52.70418      0.009    1497.43     21.645     21.470    14.1110    14.1114     0.0004    14.1079    14.1082     0.0004   4.274936   4.275664   0.000728    35.6465    35.6530     5.2740    26.6641    26.6690         11  0.000e+00
      60888 293.333321  -44.26540  -52.70418      0.017    1497.43     21.714     21.538    14.1110    14.1114     0.0004    14.1078    14.1082     0.0004   4.274958   4.275658   0.000700    35.6467    35.6529     5.2743    26.6643    26.6689         11  0.000e+00
      60889 293.333322  -44.26540  -52.70418      0.013    1497.43     21.597     21.422    14.1110    14.1117     0.0007    14.1079    14.1086     0.0007   4.274943   4.275712   0.000769    35.6466    35.6531     5.2744    26.6641    26.6690         11  0.000e+00
      60890 293.333322  -44.26540  -52.70418      0.018    1497.43     21.659     21.483    14.1111    14.1115     0.0004    14.1080    14.1084     0.0004   4.274958   4.275671   0.000714    35.6466    35.6529     5.2746    26.6641    26.6689         11  0.000e+00
      60891 293.333323  -44.26540  -52.70418      0.014    1497.43     21.597     21.422    14.1110    14.1112     0.0002    14.1079    14.1081     0.0002   4.274943   4.275658   0.000714    35.6466    35.6531     5.2745    26.6641    26.6691         11  0.000e+00
      60892 293.333323  -44.26540  -52.70418      0.015    1497.43     21.659     21.483    14.1111    14.1115     0.0004    14.1080    14.1084     0.0004   4.274958   4.275678   0.000721    35.6466    35.6529     5.2747    26.6641    26.6689         11  0.000e+00
      60893 293.333324  -44.26540  -52.70418      0.018    1497.43     21.645     21.470    14.1113    14.1115     0.0002    14.1082    14.1084     0.0002   4.275021   4.275664   0.000643    35.6470    35.6528     5.2746    26.6644    26.6688         11  0.000e+00
      60894 293.333324  -44.26540  -52.70418      0.019    1497.43     21.659     21.483    14.1113    14.1114     0.0000    14.1082    14.1082     0.0000   4.275014   4.275658   0.000644    35.6469    35.6529     5.2748    26.6643    26.6689         11  0.000e+00
      60895 293.333325  -44.26540  -52.70418      0.018    1497.43     21.645     21.470    14.1115    14.1112    -0.0003    14.1083    14.1081    -0.0003   4.274979   4.275658   0.000679    35.6465    35.6531     5.2747    26.6640    26.6691         11  0.000e+00
      60896 293.333325  -44.26540  -52.70418      0.021    1497.43     21.659     21.483    14.1113    14.1114     0.0001    14.1082    14.1082     0.0001   4.274993   4.275658   0.000665    35.6467    35.6529     5.2746    26.6642    26.6689         11  0.000e+00
      60897 293.333326  -44.26540  -52.70418      0.018    1497.43     21.597     21.422    14.1115    14.1114    -0.0002    14.1084    14.1082    -0.0002   4.275000   4.275658   0.000658    35.6467    35.6529     5.2744    26.6641    26.6690         11  0.000e+00
      60898 293.333326  -44.26540  -52.70418      0.018    1497.43     21.659     21.483    14.1115    14.1114    -0.0002    14.1084    14.1082    -0.0002   4.274979   4.275658   0.000679    35.6464    35.6529     5.2743    26.6639    26.6689         11  0.000e+00
      60899 293.333327  -44.26540  -52.70418      0.018    1497.43     21.645     21.470    14.1116    14.1109    -0.0008    14.1085    14.1077    -0.0008   4.274972   4.275678   0.000706    35.6463    35.6536     5.2774    26.6637    26.6696         11  0.000e+00
      60900 293.333327  -44.26540  -52.70418      0.018    1497.43     21.659     21.483    14.1116    14.1120     0.0004    14.1085    14.1089     0.0004   4.274993   4.275664   0.000672    35.6464    35.6524     5.2775    26.6639    26.6684         11  0.000e+00
      60901 293.333328  -44.26540  -52.70418      0.018    1497.43     21.597     21.422    14.1115    14.1115     0.0000    14.1084    14.1084     0.0000   4.275007   4.275658   0.000651    35.6467    35.6528     5.2776    26.6641    26.6688         11  0.000e+00
      60902 293.333328  -44.26540  -52.70418      0.017    1497.43     21.659     21.483    14.1116    14.1114    -0.0003    14.1085    14.1082    -0.0003   4.275007   4.275658   0.000651    35.6466    35.6529     5.2744    26.6640    26.6689         11  0.000e+00
      60903 293.333329  -44.26540  -52.70418      0.017    1497.43     21.645     21.470    14.1116    14.1114    -0.0003    14.1085    14.1082    -0.0003   4.274979   4.275658   0.000679    35.6463    35.6529     5.2774    26.6638    26.6689         11  0.000e+00
      60904 293.333329  -44.26540  -52.70418      0.014    1497.43     21.611     21.436    14.1118    14.1115    -0.0003    14.1087    14.1084    -0.0003   4.274993   4.275685   0.000692    35.6463    35.6530     5.2774    26.6637    26.6690         11  0.000e+00
      60905 293.333329  -44.26540  -52.70418      0.013    1497.43     21.645     21.470    14.1116    14.1112    -0.0004    14.1085    14.1081    -0.0004   4.275007   4.275664   0.000657    35.6466    35.6531     5.2774    26.6640    26.6691         11  0.000e+00
      60906 293.333330  -44.26540  -52.70418      0.013    1497.43     21.659     21.483    14.1118    14.1114    -0.0005    14.1087    14.1082    -0.0005   4.275028   4.275658   0.000629    35.6466    35.6529     5.2774    26.6640    26.6689         11  0.000e+00
      60907 293.333330  -44.26540  -52.70418      0.012    1497.43     21.597     21.422    14.1116    14.1114    -0.0003    14.1085    14.1082    -0.0003   4.274986   4.275630   0.000645    35.6464    35.6527     5.2773    26.6638    26.6688         11  0.000e+00
      60908 293.333331  -44.26540  -52.70418      0.011    1497.43     21.659     21.483    14.1116    14.1114    -0.0003    14.1085    14.1082    -0.0003   4.274993   4.275705   0.000712    35.6464    35.6534     5.2773    26.6639    26.6693         11  0.000e+00
      60909 293.333331  -44.26540  -52.70418      0.011    1497.43     21.645     21.470    14.1115    14.1114    -0.0002    14.1084    14.1082    -0.0002   4.275007   4.275651   0.000644    35.6467    35.6529     5.2775    26.6641    26.6689         11  0.000e+00
      60910 293.333332  -44.26540  -52.70418      0.010    1497.43     21.611     21.436    14.1115    14.1117     0.0002    14.1083    14.1086     0.0002   4.274972   4.275644   0.000672    35.6464    35.6525     5.2777    26.6639    26.6685         11  0.000e+00
      60911 293.333332  -44.26540  -52.70418      0.009    1497.43     21.645     21.470    14.1115    14.1114    -0.0001    14.1084    14.1082    -0.0001   4.275021   4.275678   0.000657    35.6468    35.6531     5.2778    26.6642    26.6691         11  0.000e+00
      60912 293.333333  -44.26540  -52.70418      0.006    1497.43     21.611     21.436    14.1118    14.1115    -0.0003    14.1087    14.1084    -0.0003   4.274986   4.275637   0.000651    35.6462    35.6526     5.2777    26.6637    26.6686         11  0.000e+00
      60913 293.333333  -44.26540  -52.70418      0.008    1497.43     21.700     21.524    14.1115    14.1117     0.0002    14.1083    14.1085     0.0002   4.275021   4.275644   0.000623    35.6469    35.6525     5.2779    26.6642    26.6685         11  0.000e+00
      60914 293.333334  -44.26540  -52.70418      0.007    1497.43     21.611     21.436    14.1118    14.1115    -0.0003    14.1087    14.1084    -0.0003   4.275064   4.275658   0.000594    35.6470    35.6528     5.2811    26.6642    26.6688         11  0.000e+00
      60915 293.333334  -44.26540  -52.70418      0.006    1497.43     21.645     21.470    14.1118    14.1117    -0.0001    14.1087    14.1086    -0.0001   4.275021   4.275658   0.000636    35.6465    35.6526     5.2815    26.6639    26.6686         11  0.000e+00
      60916 293.333335  -44.26540  -52.70418     -0.002    1497.43     21.494     21.320    14.1118    14.1114    -0.0005    14.1087    14.1082    -0.0005   4.275028   4.275685   0.000657    35.6467    35.6532     5.2818    26.6640    26.6692         11  0.000e+00
      60917 293.333335  -44.26540  -52.70418     -0.001    1497.43     21.714     21.538    14.1115    14.1119     0.0004    14.1083    14.1087     0.0004   4.275014   4.275665   0.000650    35.6468    35.6525     5.2820    26.6642    26.6685         11  0.000e+00
      60918 293.333336  -44.26540  -52.70418     -0.000    1497.43     21.645     21.470    14.1115    14.1112    -0.0003    14.1084    14.1081    -0.0003   4.275007   4.275658   0.000651    35.6467    35.6531     5.2822    26.6641    26.6691         11  0.000e+00
      60919 293.333336  -44.26540  -52.70418      0.002    1497.43     21.659     21.483    14.1116    14.1117     0.0000    14.1085    14.1085     0.0000   4.275007   4.275685   0.000678    35.6466    35.6529     5.2825    26.6640    26.6688         11  0.000e+00
      60920 293.333337  -44.26540  -52.70418     -0.002    1497.43     21.597     21.422    14.1115    14.1115     0.0000    14.1084    14.1084     0.0000   4.274979   4.275698   0.000720    35.6465    35.6532     5.2825    26.6639    26.6691         11  0.000e+00
      60921 293.333337  -44.26540  -52.70418      0.000    1497.43     21.659     21.483    14.1116    14.1114    -0.0003    14.1085    14.1082    -0.0003   4.274993   4.275664   0.000672    35.6464    35.6530     5.2859    26.6639    26.6690         11  0.000e+00
      60922 293.333338  -44.26540  -52.70418     -0.002    1497.43     21.597     21.422    14.1118    14.1112    -0.0006    14.1087    14.1081    -0.0006   4.275028   4.275630   0.000602    35.6466    35.6528     5.2831    26.6640    26.6689         11  0.000e+00
      60923 293.333338  -44.26540  -52.70418     -0.002    1497.43     21.659     21.483    14.1115    14.1114    -0.0002    14.1084    14.1082    -0.0002   4.275014   4.275644   0.000630    35.6468    35.6528     5.2865    26.6642    26.6688         11  0.000e+00
      60924 293.333339  -44.26540  -52.70418     -0.006    1497.43     21.597     21.422    14.1118    14.1112    -0.0006    14.1087    14.1081    -0.0006   4.275000   4.275678   0.000678    35.6464    35.6533     5.2836    26.6638    26.6693         11  0.000e+00
      60925 293.333339  -44.26540  -52.70418     -0.007    1497.43     21.611     21.436    14.1120    14.1120     0.0000    14.1089    14.1089     0.0000   4.275028   4.275664   0.000636    35.6465    35.6524     5.2837    26.6638    26.6684         11  0.000e+00
      60926 293.333340  -44.26540  -52.70418     -0.005    1497.43     21.645     21.470    14.1120    14.1117    -0.0003    14.1089    14.1086    -0.0003   4.275042   4.275685   0.000642    35.6466    35.6529     5.2870    26.6639    26.6688         11  0.000e+00
      60927 293.333340  -44.26540  -52.70418     -0.008    1497.43     21.611     21.436    14.1118    14.1119     0.0000    14.1087    14.1087     0.0000   4.275042   4.275692   0.000649    35.6468    35.6528     5.2873    26.6641    26.6687         11  0.000e+00
      60928 293.333341  -44.26540  -52.70418     -0.010    1497.43     21.597     21.422    14.1118    14.1115    -0.0003    14.1087    14.1084    -0.0003   4.274986   4.275664   0.000679    35.6462    35.6528     5.2876    26.6637    26.6688         11  0.000e+00
      60929 293.333341  -44.26540  -52.70418     -0.010    1497.43     21.659     21.483    14.1118    14.1117    -0.0001    14.1087    14.1085    -0.0001   4.275021   4.275658   0.000636    35.6465    35.6526     5.2846    26.6639    26.6686         11  0.000e+00
      60930 293.333342  -44.26540  -52.70418     -0.012    1497.43     21.597     21.422    14.1118    14.1117    -0.0001    14.1087    14.1086    -0.0001   4.275014   4.275678   0.000664    35.6465    35.6528     5.2846    26.6639    26.6688         11  0.000e+00
      60931 293.333342  -44.26540  -52.70418     -0.012    1497.43     21.611     21.436    14.1118    14.1115    -0.0003    14.1087    14.1084    -0.0003   4.275007   4.275637   0.000630    35.6464    35.6526     5.2878    26.6638    26.6686         11  0.000e+00
      60932 293.333342  -44.26540  -52.70418     -0.010    1497.43     21.645     21.470    14.1118    14.1117    -0.0001    14.1087    14.1086    -0.0001   4.274979   4.275678   0.000699    35.6461    35.6528     5.2847    26.6636    26.6688         11  0.000e+00
      60933 293.333343  -44.26540  -52.70418     -0.013    1497.43     21.611     21.436    14.1116    14.1112    -0.0004    14.1085    14.1081    -0.0004   4.274972   4.275692   0.000720    35.6463    35.6534     5.2846    26.6637    26.6693         11  0.000e+00
      60934 293.333343  -44.26540  -52.70418     -0.014    1497.43     21.597     21.422    14.1116    14.1114    -0.0003    14.1085    14.1082    -0.0003   4.274972   4.275664   0.000693    35.6463    35.6530     5.2812    26.6637    26.6690         11  0.000e+00
      60935 293.333344  -44.26540  -52.70418     -0.020    1497.43     21.563     21.388    14.1113    14.1115     0.0002    14.1082    14.1084     0.0002   4.274972   4.275630   0.000659    35.6466    35.6525     5.2810    26.6641    26.6686         11  0.000e+00
