Pos-Processados/process_op38/operantar38_005.cnv
* Sea-Bird SBE 9 Data File:
* FileName = D:\OPERANTAR_XXXVIII\DADOS\OP38_005.hdr
* Software Version Seasave V 7.18c
* Temperature SN = 4808
* Conductivity SN = 3380
* Number of Bytes Per Scan = 31
* Number of Voltage Words = 2
* Number of Scans Averaged by the Deck Unit = 1
* NMEA Latitude = 45 12.86 S
* NMEA Longitude = 051 09.01 W
* NMEA UTC (Time) = Oct 19 2019 13:59:02
** H41
** NAVIO POLAR ALMIRANTE MAXIMIANO
** CRUZEIRO:
** OPERANTAR XXXVIII
** ESTAวรO: OP38_005
** LAT 045บ 12,86' S
** LONG 051บ 09,03' W
** 09P73767-1155
** PROFUNDIDADE: 5853
** DATA/HORA: 191400Z/OUT/2019
** OPERADOR: SO-HN CHAVES
# nquan = 32
# nvalues = 2090                        
# units = specified
# name 0 = scan: Scan Count
# name 1 = timeJ: Julian Days
# name 2 = latitude: Latitude [deg]
# name 3 = longitude: Longitude [deg]
# name 4 = dz/dtM: Descent Rate [m/s]
# name 5 = avgsvCM: Average Sound Velocity [Chen-Millero, m/s]
# name 6 = prDM: Pressure, Digiquartz [db]
# name 7 = depSM: Depth [salt water, m]
# name 8 = t090C: Temperature [ITS-90, deg C]
# name 9 = t190C: Temperature, 2 [ITS-90, deg C]
# name 10 = T2-T190C: Temperature Difference, 2 - 1 [ITS-90, deg C]
# name 11 = potemp090C: Potential Temperature [ITS-90, deg C]
# name 12 = potemp190C: Potential Temperature, 2 [ITS-90, deg C]
# name 13 = potemp90Cdiff: Potential Temperature, Diff, 2 - 1 [ITS-90, deg C]
# name 14 = c0S/m: Conductivity [S/m]
# name 15 = c1S/m: Conductivity, 2 [S/m]
# name 16 = C2-C1S/m: Conductivity Difference, 2 - 1 [S/m]
# name 17 = sal00: Salinity, Practical [PSU]
# name 18 = sal11: Salinity, Practical, 2 [PSU]
# name 19 = sbeox0ML/L: Oxygen, SBE 43 [ml/l]
# name 20 = sbeox1ML/L: Oxygen, SBE 43, 2 [ml/l]
# name 21 = sbeox0ML/Ldiff: Oxygen, SBE 43, Diff, 2 - 1 [ml/l]
# name 22 = sigma-้00: Density [sigma-theta, kg/m^3]
# name 23 = sigma-้11: Density, 2 [sigma-theta, kg/m^3]
# name 24 = sal00: Salinity, Practical [PSU]
# name 25 = sigma-้00: Density [sigma-theta, kg/m^3]
# name 26 = svCM: Sound Velocity [Chen-Millero, m/s]
# name 27 = svCM1: Sound Velocity, 2 [Chen-Millero, m/s]
# name 28 = gsw_ptA0: potential temperature [ITS-90, deg C]
# name 29 = gsw_densityA0: density, TEOS-10 [density, kg/m^3]
# name 30 = gsw_saA0: Absolute Salinity [g/kg]
# name 31 = flag:
# span 0 =       3735,      71045       
# span 1 = 292.584463, 292.616923       
# span 2 =  -45.21444,  -45.21434       
# span 3 =  -51.15027,  -51.15008       
# span 4 =     -1.811,      1.577       
# span 5 =      -0.01,    1532.30       
# span 6 =      4.000,   1049.000       
# span 7 =      3.965,   1037.846       
# span 8 =     2.8863,    10.3424       
# span 9 =     2.8868,    10.3411       
# span 10 =    -0.0673,     0.0800      
# span 11 =     2.8254,    10.3290      
# span 12 =     2.8259,    10.3277      
# span 13 =    -0.0672,     0.0799      
# span 14 =   3.128069,   3.835636      
# span 15 =   3.128617,   3.836188      
# span 16 =  -0.006884,   0.008697      
# span 17 =    34.1055,    34.8849      
# span 18 =    34.1126,    34.8917      
# span 19 =     4.1839,     6.5573      
# span 20 =     4.0097,     6.2842      
# span 21 =    -0.3301,    -0.0953      
# span 22 =    26.7479,    27.4352      
# span 23 =    26.7527,    27.4395      
# span 24 =    34.1039,    34.8888      
# span 25 =    26.7477,    27.4352      
# span 26 =    1472.28,    1492.80      
# span 27 =    1472.29,    1492.80      
# span 28 =     2.8253,    10.3290      
# span 29 =  1026.7724,  1032.2961      
# span 30 =    34.2659,    35.0537      
# span 31 = 0.0000e+00, 0.0000e+00      
# interval = decibars: 1                
# start_time = Oct 19 2019 13:59:02 [NMEA time, header]
# bad_flag = -9.990e-29
*END*
[from data line 46]
       5892 292.585503  -45.21436  -51.15024      0.942    1489.56     51.000     50.579     9.7188     9.7214     0.0025     9.7130     9.7156     0.0025   3.755320   3.756201   0.000877    34.6995    34.7061     6.1339     5.9839    -0.1500    26.7659    26.7706    34.6974    26.7642    1489.29    1489.31     9.7130  1026.9970    34.8612 0.0000e+00
       5915 292.585514  -45.21436  -51.15024      1.044    1489.56     52.000     51.570     9.7102     9.7133     0.0031     9.7043     9.7074     0.0031   3.754362   3.755266   0.000920    34.6983    34.7048     6.1278     5.9749    -0.1529    26.7664    26.7710    34.6954    26.7641    1489.27    1489.29     9.7043  1027.0014    34.8592 0.0000e+00
       5952 292.585532  -45.21436  -51.15024      0.741    1489.56     53.000     52.561     9.6877     9.6906     0.0029     9.6817     9.6846     0.0029   3.752067   3.753025   0.000929    34.6957    34.7025     6.1247     5.9705    -0.1541    26.7682    26.7730    34.6930    26.7660    1489.20    1489.22     9.6817  1027.0078    34.8568 0.0000e+00
       6011 292.585561  -45.21436  -51.15024      0.352    1489.56     54.000     53.554     9.6716     9.6730     0.0014     9.6656     9.6670     0.0014   3.750257   3.750965   0.000703    34.6929    34.6988     6.1338     5.9669    -0.1669    26.7686    26.7730    34.6894    26.7659    1489.16    1489.17     9.6656  1027.0122    34.8532 0.0000e+00
       6050 292.585579  -45.21437  -51.15024      0.593    1489.56     55.000     54.545     9.6319     9.6351     0.0032     9.6257     9.6290     0.0032   3.746016   3.746964   0.000950    34.6875    34.6943     6.1386     5.9752    -0.1634    26.7711    26.7758    34.6836    26.7680    1489.02    1489.04     9.6257  1027.0189    34.8473 0.0000e+00
       6082 292.585595  -45.21438  -51.15024      0.739    1489.56     56.000     55.537     9.6034     9.6054     0.0021     9.5971     9.5992     0.0021   3.743098   3.743870   0.000785    34.6841    34.6902     6.1152     5.9667    -0.1485    26.7732    26.7776    34.6805    26.7704    1488.93    1488.95     9.5971  1027.0258    34.8443 0.0000e+00
       6114 292.585610  -45.21438  -51.15024      0.761    1489.56     57.000     56.528     9.6011     9.6007    -0.0004     9.5948     9.5943    -0.0004   3.743403   3.743928   0.000540    34.6868    34.6928     6.1076     5.9505    -0.1571    26.7757    26.7805    34.6854    26.7746    1488.95    1488.95     9.5947  1027.0346    34.8492 0.0000e+00
       6147 292.585626  -45.21437  -51.15024      0.725    1489.36     58.000     57.520     9.6166     9.6157    -0.0009     9.6101     9.6092    -0.0009   3.745264   3.745774   0.000504    34.6906    34.6967     6.1039     5.9610    -0.1429    26.7761    26.7810    34.6892    26.7751    1489.02    1489.03     9.6101  1027.0395    34.8531 0.0000e+00
       6180 292.585642  -45.21436  -51.15024      0.732    1489.29     59.000     58.512     9.6158     9.6156    -0.0002     9.6092     9.6090    -0.0002   3.745237   3.745795   0.000567    34.6905    34.6966     6.0967     5.9577    -0.1390    26.7762    26.7810    34.6892    26.7752    1489.04    1489.05     9.6092  1027.0441    34.8530 0.0000e+00
       6217 292.585659  -45.21436  -51.15024      0.675    1489.29     60.000     59.503     9.6155     9.6146    -0.0009     9.6088     9.6079    -0.0009   3.745272   3.745777   0.000501    34.6905    34.6965     6.0879     5.9246    -0.1633    26.7762    26.7811    34.6894    26.7754    1489.05    1489.06     9.6087  1027.0489    34.8533 0.0000e+00
       6264 292.585682  -45.21438 -9.990e-29      0.494    1489.29     61.000     60.492     9.6069     9.6079     0.0010     9.6001     9.6010     0.0010   3.744269   3.744968   0.000707    34.6887    34.6950     6.0973     5.9287    -0.1687    26.7763    26.7811    34.6869    26.7749    1489.04    1489.05     9.6001  1027.0529    34.8508 0.0000e+00
       6299 292.585699  -45.21438  -51.15022      0.632    1489.29     62.000     61.493     9.5954     9.5940    -0.0013     9.5884     9.5871    -0.0013   3.743109   3.743586   0.000465    34.6873    34.6934     6.0910     5.9362    -0.1548    26.7771    26.7821    34.6856    26.7758    1489.01    1489.01     9.5885  1027.0584    34.8495 0.0000e+00
       6323 292.585711  -45.21438  -51.15022      0.883    1489.29     63.000     62.478     9.5908     9.5912     0.0004     9.5838     9.5841     0.0004   3.742719   3.743218   0.000585    34.6867    34.6929     6.0969     5.9398    -0.1571    26.7775    26.7821    34.6855    26.7765    1489.01    1489.02     9.5838  1027.0636    34.8494 0.0000e+00
       6349 292.585724  -45.21438  -51.15022      0.961    1489.29     64.000     63.463     9.5912     9.5912     0.0000     9.5840     9.5840     0.0000   3.742839   3.743431   0.000596    34.6867    34.6930     6.0961     5.9362    -0.1598    26.7774    26.7823    34.6859    26.7768    1489.02    1489.03     9.5840  1027.0683    34.8498 0.0000e+00
       6400 292.585748  -45.21438  -51.15024      0.481    1489.29     65.000     64.462     9.5928     9.5924    -0.0004     9.5855     9.5851    -0.0004   3.743083   3.743648   0.000556    34.6870    34.6931     6.0915     5.9240    -0.1675    26.7774    26.7822    34.6865    26.7770    1489.05    1489.06     9.5855  1027.0730    34.8503 0.0000e+00
       6453 292.585773  -45.21437  -51.15024      0.455    1489.29     66.000     65.453     9.5975     9.5985     0.0009     9.5901     9.5911     0.0009   3.743672   3.744371   0.000704    34.6879    34.6942     6.0816     5.9255    -0.1562    26.7773    26.7821    34.6875    26.7770    1489.08    1489.10     9.5901  1027.0775    34.8513 0.0000e+00
       6479 292.585786  -45.21436  -51.15024      0.782    1489.29     67.000     66.444     9.5967     9.5973     0.0006     9.5892     9.5898     0.0006   3.743580   3.744259   0.000679    34.6873    34.6938     6.0790     5.9210    -0.1580    26.7770    26.7820    34.6868    26.7766    1489.10    1489.11     9.5892  1027.0817    34.8507 0.0000e+00
       6506 292.585799  -45.21437  -51.15024      0.902    1489.29     68.000     67.435     9.5923     9.5933     0.0010     9.5847     9.5857     0.0010   3.743104   3.743832   0.000725    34.6865    34.6930     6.0731     5.9270    -0.1461    26.7771    26.7820    34.6858    26.7766    1489.10    1489.11     9.5847  1027.0861    34.8496 0.0000e+00
       6549 292.585820  -45.21438  -51.15024      0.592    1489.29     69.000     68.427     9.5918     9.5922     0.0003     9.5841     9.5845     0.0003   3.743184   3.743802   0.000620    34.6867    34.6928     6.0868     5.9261    -0.1607    26.7774    26.7821    34.6865    26.7773    1489.11    1489.12     9.5841  1027.0914    34.8504 0.0000e+00
       6593 292.585841  -45.21438  -51.15022      0.520    1489.29     70.000     69.419     9.5952     9.5955     0.0003     9.5874     9.5877     0.0003   3.743628   3.744294   0.000659    34.6872    34.6937     6.0882     5.9192    -0.1690    26.7772    26.7823    34.6874    26.7774    1489.14    1489.15     9.5874  1027.0960    34.8513 0.0000e+00
       6619 292.585853  -45.21438  -51.15022      0.792    1489.29     71.000     70.410     9.6025     9.6021    -0.0004     9.5945     9.5941    -0.0004   3.744564   3.745107   0.000572    34.6886    34.6949     6.0789     5.9228    -0.1561    26.7772    26.7821    34.6896    26.7779    1489.19    1489.19     9.5945  1027.1010    34.8535 0.0000e+00
       6644 292.585866  -45.21438  -51.15023      0.953    1489.29     72.000     71.402     9.6066     9.6058    -0.0008     9.5985     9.5977    -0.0008   3.744979   3.745496   0.000512    34.6893    34.6953     6.0831     5.9173    -0.1659    26.7770    26.7819    34.6894    26.7771    1489.22    1489.22     9.5985  1027.1048    34.8533 0.0000e+00
       6697 292.585891  -45.21438  -51.15024      0.494    1489.29     73.000     72.394     9.6023     9.5997    -0.0025     9.5941     9.5916    -0.0025   3.744510   3.744817   0.000320    34.6885    34.6942     6.0790     5.9109    -0.1681    26.7771    26.7820    34.6883    26.7770    1489.22    1489.22     9.5941  1027.1091    34.8522 0.0000e+00
       6762 292.585923  -45.21436  -51.15022      0.383    1489.29     74.000     73.385     9.5927     9.5934     0.0007     9.5844     9.5851     0.0007   3.743420   3.744134   0.000695    34.6865    34.6929     6.0741     5.9209    -0.1533    26.7772    26.7821    34.6858    26.7767    1489.19    1489.21     9.5844  1027.1133    34.8497 0.0000e+00
       6785 292.585934  -45.21436  -51.15023      0.810    1489.29     75.000     74.376     9.5908     9.5918     0.0009     9.5825     9.5834     0.0009   3.743290   3.744008   0.000726    34.6861    34.6927     6.0785     5.9206    -0.1578    26.7772    26.7822    34.6858    26.7770    1489.21    1489.22     9.5824  1027.1182    34.8497 0.0000e+00
       6808 292.585945  -45.21436  -51.15024      1.030    1489.29     76.000     75.368     9.5893     9.5894     0.0001     9.5808     9.5809     0.0001   3.743180   3.743768   0.000597    34.6860    34.6920     6.0942     5.9182    -0.1759    26.7774    26.7821    34.6857    26.7772    1489.22    1489.22     9.5808  1027.1229    34.8496 0.0000e+00
       6837 292.585959  -45.21436 -9.990e-29      0.929    1489.29     77.000     76.359     9.5890     9.5898     0.0008     9.5804     9.5812     0.0008   3.743179   3.743882   0.000694    34.6858    34.6922     6.0910     5.9198    -0.1712    26.7773    26.7822    34.6855    26.7771    1489.23    1489.24     9.5804  1027.1273    34.8494 0.0000e+00
       6880 292.585979  -45.21436 -9.990e-29      0.561    1489.29     78.000     77.351     9.5888     9.5885    -0.0003     9.5800     9.5797    -0.0003   3.743202   3.743774   0.000573    34.6857    34.6919     6.0882     5.9282    -0.1600    26.7773    26.7822    34.6855    26.7772    1489.25    1489.25     9.5800  1027.1319    34.8494 0.0000e+00
       6919 292.585998  -45.21436  -51.15022      0.589    1489.29     79.000     78.342     9.5886     9.5885    -0.0001     9.5798     9.5797    -0.0001   3.743220   3.743820   0.000604    34.6855    34.6918     6.0900     5.9046    -0.1854    26.7772    26.7821    34.6854    26.7771    1489.26    1489.27     9.5797  1027.1363    34.8493 0.0000e+00
       6955 292.586016  -45.21436  -51.15022      0.675    1489.29     80.000     79.334     9.6074     9.6058    -0.0016     9.5984     9.5968    -0.0016   3.745874   3.746282   0.000442    34.6909    34.6970     6.0677     5.9220    -0.1457    26.7783    26.7833    34.6942    26.7809    1489.36    1489.36     9.5984  1027.1446    34.8581 0.0000e+00
       6994 292.586034  -45.21436  -51.15022      0.621    1489.29     81.000     80.325     9.6526     9.6482    -0.0044     9.6435     9.6391    -0.0044   3.751043   3.751199   0.000136    34.7008    34.7064     6.0742     5.9369    -0.1373    26.7785    26.7837    34.7034    26.7805    1489.55    1489.54     9.6435  1027.1486    34.8673 0.0000e+00
       7025 292.586050  -45.21436  -51.15022      0.707    1489.29     82.000     81.317     9.6685     9.6717     0.0032     9.6593     9.6625     0.0032   3.752847   3.753844   0.000966    34.7041    34.7110     6.0828     5.9218    -0.1611    26.7785    26.7834    34.7061    26.7800    1489.63    1489.65     9.6593  1027.1526    34.8701 0.0000e+00
       7052 292.586062  -45.21436  -51.15022      0.865    1489.29     83.000     82.308     9.6901     9.6985     0.0085     9.6807     9.6892     0.0085   3.755478   3.757596   0.001745    34.7090    34.7188     6.0567     5.9031    -0.1537    26.7787    26.7850    34.7119    26.7810    1489.73    1489.78     9.6807  1027.1581    34.8759 0.0000e+00
       7096 292.586084  -45.21436  -51.15022      0.591    1489.29     84.000     83.300     9.7180     9.7236     0.0056     9.7085     9.7141     0.0056   3.758863   3.759814   0.001114    34.7155    34.7216     6.0391     5.8958    -0.1432    26.7791    26.7829    34.7194    26.7822    1489.86    1489.88     9.7085  1027.1637    34.8834 0.0000e+00
       7150 292.586110  -45.21436  -51.15023      0.394    1489.29     85.000     84.292     9.7418     9.7360    -0.0059     9.7322     9.7264    -0.0059   3.761557   3.761608   0.000013    34.7203    34.7262     6.0300     5.8773    -0.1527    26.7789    26.7845    34.7236    26.7815    1489.96    1489.95     9.7322  1027.1675    34.8877 0.0000e+00
       7171 292.586120  -45.21435  -51.15024      0.819    1489.29     86.000     85.282     9.7442     9.7470     0.0028     9.7345     9.7373     0.0028   3.761739   3.762658   0.000930    34.7205    34.7274     6.0207     5.8678    -0.1529    26.7787    26.7836    34.7227    26.7804    1489.99    1490.01     9.7345  1027.1710    34.8868 0.0000e+00
       7190 292.586129  -45.21434  -51.15024      1.134    1489.29     87.000     86.274     9.7483     9.7483    -0.0000     9.7385     9.7385    -0.0000   3.762263   3.762903   0.000613    34.7215    34.7278     6.0089     5.8647    -0.1442    26.7788    26.7837    34.7237    26.7805    1490.02    1490.03     9.7384  1027.1755    34.8878 0.0000e+00
       7210 292.586139  -45.21434  -51.15024      1.249    1489.29     88.000     87.263     9.7459     9.7493     0.0034     9.7359     9.7394     0.0034   3.761944   3.762956   0.001004    34.7209    34.7280     6.0041     5.8634    -0.1407    26.7787    26.7837    34.7222    26.7798    1490.03    1490.05     9.7359  1027.1793    34.8863 0.0000e+00
       7268 292.586167  -45.21436 -9.990e-29      0.400    1489.29     89.000     88.256     9.7581     9.7536    -0.0045     9.7480     9.7435    -0.0045   3.763482   3.763572   0.000086    34.7241    34.7293     6.0339     5.8663    -0.1676    26.7792    26.7840    34.7259    26.7806    1490.09    1490.08     9.7480  1027.1846    34.8900 0.0000e+00
       7315 292.586189  -45.21436  -51.15022      0.538    1489.29     90.000     89.248     9.7538     9.7632     0.0094     9.7436     9.7530     0.0094   3.763066   3.764677   0.001665    34.7233    34.7314     6.0414     5.8684    -0.1730    26.7793    26.7840    34.7253    26.7809    1490.09    1490.13     9.7436  1027.1894    34.8893 0.0000e+00
       7339 292.586201  -45.21436  -51.15022      0.879    1489.29     91.000     90.240     9.7690     9.7692     0.0002     9.7587     9.7589     0.0002   3.764821   3.765448   0.000647    34.7261    34.7326     6.0381     5.8691    -0.1689    26.7790    26.7840    34.7282    26.7806    1490.17    1490.17     9.7586  1027.1936    34.8923 0.0000e+00
       7368 292.586215  -45.21436  -51.15022      0.900    1489.29     92.000     91.231     9.7690     9.7653    -0.0037     9.7586     9.7549    -0.0037   3.764753   3.764840   0.000148    34.7263    34.7314     6.0274     5.8683    -0.1591    26.7791    26.7837    34.7270    26.7797    1490.18    1490.17     9.7586  1027.1972    34.8911 0.0000e+00
       7408 292.586234  -45.21436  -51.15022      0.604    1489.29     93.000     92.223     9.7551     9.7555     0.0005     9.7445     9.7450     0.0005   3.763089   3.763856   0.000705    34.7232    34.7300     6.0257     5.8577    -0.1680    26.7791    26.7843    34.7229    26.7788    1490.14    1490.15     9.7445  1027.2009    34.8870 0.0000e+00
       7439 292.586249  -45.21436  -51.15022      0.689    1489.29     94.000     93.214     9.7474     9.7471    -0.0003     9.7368     9.7365    -0.0003   3.762192   3.762798   0.000600    34.7216    34.7280     6.0457     5.8696    -0.1761    26.7791    26.7842    34.7206    26.7784    1490.13    1490.14     9.7368  1027.2049    34.8847 0.0000e+00
