Pos-Processados/process_op38/operantar38_004.ros
* Sea-Bird SBE 9 Data File:
* FileName = D:\OPERANTAR_XXXVIII\DADOS\OP38_004.hdr
* Software Version Seasave V 7.12
* Temperature SN = 4808
* Conductivity SN = 3380
* Number of Bytes Per Scan = 31
* Number of Voltage Words = 2
* Number of Scans Averaged by the Deck Unit = 1
* NMEA Latitude = 39 58.92 S
* NMEA Longitude = 054 59.71 W
* NMEA UTC (Time) = Oct 17 2019 15:31:47
** H41
** NAVIO POLAR ALMIRANTE MAXIMIANO
** CRUZEIRO:
** OPERANTAR XXXVIII
** ESTAÇÃO: OP38_004
** LAT 39º 58,96'S
** LONG 054º 59,70'W
** 09P73767-1155
** PROFUNDIDADE: 1627 m
** DATA/HORA: 171533Z/OUT/2019
** OPERADOR: SO-HN CHAVES
# nquan = 27
# nvalues = 3988                                  
# units = specified
# name 0 = scan: Scan Count
# name 1 = timeJ: Julian Days
# name 2 = latitude: Latitude [deg]
# name 3 = longitude: Longitude [deg]
# name 4 = dz/dtM: Descent Rate [m/s]
# name 5 = avgsvCM: Average Sound Velocity [Chen-Millero, m/s]
# name 6 = prDM: Pressure, Digiquartz [db]
# name 7 = depSM: Depth [salt water, m]
# name 8 = t090C: Temperature [ITS-90, deg C]
# name 9 = t190C: Temperature, 2 [ITS-90, deg C]
# name 10 = T2-T190C: Temperature Difference, 2 - 1 [ITS-90, deg C]
# name 11 = potemp090C: Potential Temperature [ITS-90, deg C]
# name 12 = potemp190C: Potential Temperature, 2 [ITS-90, deg C]
# name 13 = potemp90Cdiff: Potential Temperature, Diff, 2 - 1 [ITS-90, deg C]
# name 14 = c0S/m: Conductivity [S/m]
# name 15 = c1S/m: Conductivity, 2 [S/m]
# name 16 = C2-C1S/m: Conductivity Difference, 2 - 1 [S/m]
# name 17 = sal00: Salinity, Practical [PSU]
# name 18 = sal11: Salinity, Practical, 2 [PSU]
# name 19 = sbeox0ML/L: Oxygen, SBE 43 [ml/l]
# name 20 = sigma-é00: Density [sigma-theta, kg/m^3]
# name 21 = sigma-é11: Density, 2 [sigma-theta, kg/m^3]
# name 22 = sbox0Mm/Kg: Oxygen, SBE 43 [umol/kg]
# name 23 = oxsolMm/Kg: Oxygen Saturation, Garcia & Gordon [umol/kg]
# name 24 = oxsatMm/Kg: Oxygen Saturation, Weiss [umol/kg]
# name 25 = nbf: Bottles Fired
# name 26 = flag:  0.000e+00
# interval = seconds: 0.0416667
# start_time = Oct 17 2019 15:31:47 [NMEA time, header]
# bad_flag = -9.990e-29
*END*
[from data line 3598]
      62698 290.677308  -39.97446  -54.99514     -0.046    1470.62     33.488     33.228     5.8488     5.8546     0.0058     5.8461     5.8518     0.0058   3.343051   3.344544   0.001492    34.0791    34.0901     7.3119    26.8442    26.8522    318.015  303.39302  303.94777         22  0.000e+00
      62699 290.677308  -39.97446  -54.99514     -0.049    1470.62     33.433     33.174     5.8461     5.8559     0.0098     5.8434     5.8532     0.0098   3.342814   3.344642   0.001829    34.0791    34.0899     7.3127    26.8445    26.8518    318.045  303.41181  303.96688         22  0.000e+00
      62700 290.677309  -39.97446  -54.99514     -0.049    1470.62     33.481     33.222     5.8446     5.8566     0.0120     5.8419     5.8538     0.0120   3.342788   3.344735   0.001947    34.0803    34.0903     7.3132    26.8457    26.8521    318.070  303.41980  303.97509         22  0.000e+00
      62701 290.677309  -39.97446  -54.99514     -0.051    1470.62     33.488     33.228     5.8436     5.8593     0.0157     5.8409     5.8566     0.0157   3.342814   3.344877   0.002063    34.0816    34.0891     7.3096    26.8468    26.8508    317.910  303.42392  303.97937         22  0.000e+00
      62702 290.677310  -39.97446  -54.99514     -0.056    1470.62     33.433     33.174     5.8434     5.8610     0.0176     5.8407     5.8583     0.0176   3.342833   3.345006   0.002173    34.0821    34.0889     7.3136    26.8472    26.8504    318.085  303.42437  303.97985         22  0.000e+00
      62703 290.677310  -39.97446  -54.99514     -0.055    1470.62     33.488     33.229     5.8428     5.8604     0.0176     5.8401     5.8577     0.0176   3.342872   3.344877   0.002005    34.0831    34.0880     7.3141    26.8481    26.8498    318.108  303.42622  303.98179         22  0.000e+00
      62704 290.677310  -39.97446  -54.99514     -0.057    1470.62     33.481     33.222     5.8436     5.8593     0.0157     5.8409     5.8566     0.0157   3.342962   3.344778   0.001817    34.0833    34.0880     7.3144    26.8482    26.8499    318.122  303.42016  303.97564         22  0.000e+00
      62705 290.677311  -39.97446  -54.99514     -0.052    1470.62     33.488     33.229     5.8445     5.8597     0.0152     5.8418     5.8569     0.0152   3.343064   3.344877   0.001812    34.0835    34.0887     7.3148    26.8483    26.8504    318.137  303.41328  303.96867         22  0.000e+00
      62706 290.677311  -39.97446  -54.99514     -0.053    1470.62     33.488     33.229     5.8452     5.8606     0.0154     5.8425     5.8579     0.0154   3.343096   3.344938   0.001842    34.0832    34.0885     7.3152    26.8479    26.8502    318.156  303.40895  303.96424         22  0.000e+00
      62707 290.677312  -39.97446  -54.99514     -0.058    1470.62     33.433     33.174     5.8454     5.8611     0.0157     5.8427     5.8584     0.0157   3.343013   3.344951   0.001938    34.0821    34.0882     7.3158    26.8470    26.8498    318.181  303.41026  303.96550         22  0.000e+00
      62708 290.677312  -39.97446  -54.99514     -0.056    1470.62     33.481     33.222     5.8436     5.8613     0.0177     5.8408     5.8585     0.0177   3.342750   3.344926   0.002176    34.0809    34.0877     7.3164    26.8463    26.8495    318.207  303.42580  303.98123         22  0.000e+00
      62709 290.677313  -39.97446  -54.99514     -0.054    1470.62     33.488     33.229     5.8412     5.8612     0.0199     5.8385     5.8584     0.0199   3.342564   3.344846   0.002282    34.0812    34.0869     7.3175    26.8468    26.8488    318.254  303.44185  303.99757         22  0.000e+00
      62710 290.677313  -39.97446  -54.99514     -0.054    1470.62     33.488     33.229     5.8414     5.8592     0.0178     5.8386     5.8564     0.0178   3.342724   3.344575   0.001850    34.0829    34.0858     7.3181    26.8481    26.8482    318.279  303.43701  303.99275         22  0.000e+00
      62711 290.677314  -39.97446  -54.99514     -0.061    1470.62     33.433     33.174     5.8430     5.8548     0.0118     5.8403     5.8521     0.0118   3.342974   3.344106   0.001132    34.0840    34.0850     7.3142    26.8488    26.8481    318.112  303.42254  303.97811         23  0.000e+00
      62712 290.677314  -39.97446  -54.99514     -0.055    1470.62     33.426     33.168     5.8456     5.8516     0.0060     5.8428     5.8488     0.0060   3.343250   3.343933   0.000683    34.0846    34.0863     7.3182    26.8490    26.8495    318.284  303.40345  303.95874         23  0.000e+00
      62713 290.677315  -39.97446  -54.99514     -0.052    1470.62     33.536     33.276     5.8470     5.8498     0.0027     5.8443     5.8470     0.0027   3.343398   3.343829   0.000431    34.0848    34.0869     7.3183    26.8489    26.8502    318.291  303.39279  303.94790         23  0.000e+00
      62714 290.677315  -39.97446  -54.99514     -0.054    1470.62     33.433     33.174     5.8490     5.8485    -0.0005     5.8463     5.8458    -0.0005   3.343552   3.343749   0.000197    34.0845    34.0873     7.3182    26.8485    26.8507    318.287  303.37921  303.93408         23  0.000e+00
      62715 290.677316  -39.97446  -54.99514     -0.053    1470.62     33.433     33.174     5.8506     5.8476    -0.0030     5.8478     5.8448    -0.0030   3.343648   3.343693   0.000045    34.0841    34.0876     7.3183    26.8479    26.8511    318.291  303.36923  303.92390         23  0.000e+00
      62716 290.677316  -39.97446  -54.99514     -0.053    1470.62     33.426     33.168     5.8514     5.8473    -0.0042     5.8487     5.8445    -0.0042   3.343648   3.343730   0.000082    34.0832    34.0883     7.3186    26.8471    26.8517    318.303  303.36520  303.91975         23  0.000e+00
      62717 290.677317  -39.97446  -54.99514     -0.048    1470.62     33.536     33.276     5.8519     5.8468    -0.0051     5.8491     5.8440    -0.0051   3.343648   3.343829   0.000180    34.0827    34.0899     7.3191    26.8466    26.8530    318.323  303.36307  303.91755         23  0.000e+00
      62718 290.677317  -39.97446  -54.99514     -0.044    1470.62     33.488     33.229     5.8512     5.8481    -0.0031     5.8485     5.8454    -0.0031   3.343526   3.344038   0.000512    34.0820    34.0909     7.3196    26.8462    26.8536    318.348  303.36938  303.92393         23  0.000e+00
      62719 290.677318  -39.97446  -54.99514     -0.042    1470.62     33.488     33.229     5.8494     5.8508     0.0013     5.8467     5.8480     0.0013   3.343334   3.344211   0.000877    34.0816    34.0902     7.3204    26.8461    26.8527    318.383  303.38282  303.93756         23  0.000e+00
      62720 290.677318  -39.97446  -54.99514     -0.044    1470.62     33.433     33.174     5.8479     5.8535     0.0057     5.8451     5.8508     0.0057   3.343257   3.344433   0.001176    34.0824    34.0900     7.3211    26.8469    26.8522    318.413  303.39225  303.94720         23  0.000e+00
      62721 290.677319  -39.97446  -54.99514     -0.036    1470.62     33.529     33.270     5.8485     5.8551     0.0066     5.8457     5.8524     0.0066   3.343404   3.344495   0.001090    34.0834    34.0890     7.3174    26.8476    26.8512    318.250  303.38559  303.94049         23  0.000e+00
      62722 290.677319  -39.97446  -54.99514     -0.034    1470.62     33.488     33.229     5.8496     5.8550     0.0053     5.8469     5.8522     0.0053   3.343513   3.344470   0.000956    34.0835    34.0889     7.3213    26.8475    26.8512    318.422  303.37724  303.93201         23  0.000e+00
      62723 290.677320  -39.97446  -54.99514     -0.031    1470.62     33.488     33.229     5.8498     5.8549     0.0051     5.8470     5.8521     0.0051   3.343475   3.344414   0.000939    34.0829    34.0883     7.3214    26.8470    26.8507    318.425  303.37747  303.93220         23  0.000e+00
      62724 290.677320  -39.97446  -54.99514     -0.029    1470.62     33.488     33.229     5.8491     5.8540     0.0049     5.8464     5.8512     0.0049   3.343353   3.344310   0.000957    34.0822    34.0881     7.3221    26.8466    26.8506    318.456  303.38383  303.93863         23  0.000e+00
      62725 290.677321  -39.97446  -54.99514     -0.027    1470.62     33.481     33.222     5.8477     5.8527     0.0050     5.8450     5.8500     0.0050   3.343173   3.344143   0.000970    34.0816    34.0875     7.3188    26.8463    26.8503    318.314  303.39518  303.95013         23  0.000e+00
      62726 290.677321  -39.97446  -54.99514     -0.024    1470.62     33.488     33.229     5.8458     5.8511     0.0053     5.8431     5.8484     0.0053   3.342968   3.344007   0.001039    34.0811    34.0876     7.3189    26.8462    26.8506    318.315  303.40945  303.96462         23  0.000e+00
      62727 290.677322  -39.97446  -54.99514     -0.021    1470.62     33.488     33.229     5.8432     5.8496     0.0065     5.8404     5.8468     0.0064   3.342763   3.344001   0.001239    34.0815    34.0890     7.3190    26.8468    26.8519    318.321  303.42749  303.98299         23  0.000e+00
      62728 290.677322  -39.97446  -54.99514     -0.012    1470.62     33.536     33.276     5.8412     5.8501     0.0089     5.8385     5.8474     0.0089   3.342641   3.343989   0.001348    34.0821    34.0883     7.3232    26.8475    26.8513    318.504  303.43994  303.99569         23  0.000e+00
      62729 290.677323  -39.97446  -54.99514     -0.012    1470.62     33.481     33.222     5.8403     5.8510     0.0106     5.8376     5.8482     0.0106   3.342461   3.344038   0.001577    34.0810    34.0881     7.3194    26.8467    26.8510    318.338  303.44873  304.00455         23  0.000e+00
      62730 290.677323  -39.97446  -54.99514     -0.006    1470.62     33.536     33.277     5.8380     5.8519     0.0139     5.8352     5.8491     0.0139   3.342153   3.344038   0.001885    34.0798    34.0871     7.3202    26.8461    26.8501    318.371  303.46794  304.02401         23  0.000e+00
      62731 290.677323  -39.97446  -54.99514     -0.006    1470.62     33.488     33.229     5.8356     5.8518     0.0162     5.8328     5.8490     0.0162   3.341960   3.344020   0.002059    34.0801    34.0870     7.3203    26.8466    26.8501    318.377  303.48434  304.04071         23  0.000e+00
      62732 290.677324  -39.97446  -54.99514     -0.000    1470.62     33.536     33.277     5.8339     5.8499     0.0160     5.8312     5.8472     0.0160   3.341948   3.343847   0.001899    34.0816    34.0869     7.3203    26.8480    26.8503    318.378  303.49251  304.04912         23  0.000e+00
      62733 290.677324  -39.97446  -54.99514      0.008    1470.62     33.584     33.324     5.8328     5.8482     0.0154     5.8301     5.8454     0.0153   3.341928   3.343662   0.001734    34.0824    34.0865     7.3203    26.8488    26.8502    318.378  303.49833  304.05509         23  0.000e+00
      62734 290.677325  -39.97446  -54.99514      0.009    1470.62     33.488     33.229     5.8325     5.8466     0.0141     5.8297     5.8438     0.0141   3.341948   3.343434   0.001486    34.0831    34.0856     7.3201    26.8494    26.8496    318.366  303.49949  304.05631         23  0.000e+00
      62735 290.677325  -39.97446  -54.99514      0.014    1470.62     33.536     33.277     5.8323     5.8438     0.0115     5.8296     5.8411     0.0115   3.341928   3.343237   0.001308    34.0830    34.0861     7.3200    26.8493    26.8504    318.362  303.50079  304.05763         23  0.000e+00
      62736 290.677326  -39.97446  -54.99514      0.011    1470.62     33.536     33.277     5.8323     5.8422     0.0099     5.8296     5.8395     0.0099   3.342018   3.343120   0.001101    34.0840    34.0864     7.3198    26.8501    26.8508    318.353  303.49850  304.05537         23  0.000e+00
      62737 290.677326  -39.97446  -54.99514      0.022    1470.62     33.584     33.324     5.8338     5.8410     0.0072     5.8310     5.8382     0.0072   3.342153   3.343033   0.000880    34.0840    34.0867     7.3189    26.8500    26.8512    318.315  303.48809  304.04478         23  0.000e+00
      62738 290.677327  -39.97446  -54.99514      0.027    1470.62     33.536     33.277     5.8351     5.8395     0.0044     5.8323     5.8367     0.0044   3.342243   3.342923   0.000680    34.0837    34.0870     7.3185    26.8496    26.8516    318.297  303.47947  304.03599         23  0.000e+00
      62739 290.677327  -39.97446  -54.99514      0.030    1470.62     33.536     33.277     5.8362     5.8380     0.0019     5.8334     5.8353     0.0019   3.342455   3.342799   0.000345    34.0850    34.0871     7.3181    26.8505    26.8518    318.280  303.46880  304.02522         23  0.000e+00
      62740 290.677328  -39.97446  -54.99514      0.035    1470.62     33.584     33.324     5.8383     5.8373    -0.0011     5.8356     5.8345    -0.0011   3.342660   3.342707   0.000047    34.0852    34.0868     7.3171    26.8503    26.8517    318.238  303.45332  304.00949         23  0.000e+00
      62741 290.677328  -39.97446  -54.99514      0.040    1470.62     33.584     33.324     5.8398     5.8363    -0.0035     5.8370     5.8335    -0.0035   3.342756   3.342682  -0.000074    34.0848    34.0875     7.3163    26.8498    26.8524    318.201  303.44409  304.00008         23  0.000e+00
      62742 290.677329  -39.97446  -54.99514      0.048    1470.62     33.584     33.324     5.8406     5.8347    -0.0060     5.8379     5.8319    -0.0060   3.342743   3.342633  -0.000111    34.0838    34.0886     7.3161    26.8489    26.8534    318.192  303.44014  303.99600         23  0.000e+00
      62743 290.677329  -39.97446  -54.99514      0.046    1470.62     33.536     33.277     5.8412     5.8335    -0.0077     5.8385     5.8308    -0.0077   3.342718   3.342510  -0.000208    34.0829    34.0883     7.3159    26.8482    26.8534    318.184  303.43798  303.99375         23  0.000e+00
      62744 290.677330  -39.97446  -54.99514      0.053    1470.62     33.584     33.324     5.8406     5.8318    -0.0088     5.8378     5.8290    -0.0088   3.342705   3.342380  -0.000325    34.0834    34.0886     7.3159    26.8486    26.8538    318.187  303.44138  303.99723         23  0.000e+00
      62745 290.677330  -39.97446  -54.99514      0.061    1470.62     33.639     33.379     5.8403     5.8314    -0.0089     5.8376     5.8287    -0.0089   3.342679   3.342479  -0.000200    34.0833    34.0900     7.3160    26.8486    26.8550    318.190  303.44335  303.99923         23  0.000e+00
      62746 290.677331  -39.97446  -54.99514      0.064    1470.62     33.584     33.324     5.8401     5.8340    -0.0060     5.8373     5.8313    -0.0060   3.342634   3.342824   0.000190    34.0831    34.0914     7.3160    26.8485    26.8557    318.189  303.44569  304.00160         23  0.000e+00
      62747 290.677331  -39.97446  -54.99514      0.068    1470.62     33.584     33.324     5.8396     5.8364    -0.0032     5.8368     5.8337    -0.0032   3.342500   3.343034   0.000534    34.0821    34.0913     7.3161    26.8477    26.8554    318.196  303.45138  304.00732         23  0.000e+00
      62748 290.677332  -39.97446  -54.99514      0.071    1470.62     33.639     33.379     5.8384     5.8384    -0.0001     5.8357     5.8356    -0.0001   3.342442   3.343163   0.000721    34.0826    34.0908     7.3164    26.8482    26.8547    318.207  303.45844  304.01453         23  0.000e+00
      62749 290.677332  -39.97446  -54.99514      0.074    1470.62     33.584     33.324     5.8378     5.8392     0.0014     5.8351     5.8364     0.0014   3.342320   3.343268   0.000948    34.0818    34.0912     7.3165    26.8477    26.8549    318.213  303.46450  304.02064         23  0.000e+00
      62750 290.677333  -39.97446  -54.99514      0.079    1470.62     33.632     33.372     5.8372     5.8401     0.0030     5.8344     5.8374     0.0030   3.342243   3.343311   0.001068    34.0816    34.0907     7.3163    26.8476    26.8544    318.202  303.46953  304.02574         23  0.000e+00
