Pos-Processados/process_op38/operantar38_006.cnv
* Sea-Bird SBE 9 Data File:
* FileName = D:\OPERANTAR_XXXVIII\DADOS\OP38_006.hdr
* Software Version Seasave V 7.18c
* Temperature SN = 4808
* Conductivity SN = 3380
* Number of Bytes Per Scan = 31
* Number of Voltage Words = 2
* Number of Scans Averaged by the Deck Unit = 1
* NMEA Latitude = 45 04.05 S
* NMEA Longitude = 051 28.82 W
* NMEA UTC (Time) = Oct 19 2019 17:49:21
** H41
** NAVIO POLAR ALMIRANTE MAXIMIANO
** CRUZEIRO:
** OPERANTAR XXXVIII
** ESTAวรO: OP38_006
** LAT 45บ 04,05' S
** LONG 051บ 28,85' W
** 09P73767-1155
** PROFUNDIDADE: 5872
** DATA/HORA: 191750Z/OUT/2019
** OPERADOR: SO-HN CHAVES
# nquan = 33
# nvalues = 2075                        
# units = specified
# name 0 = scan: Scan Count
# name 1 = timeJ: Julian Days
# name 2 = latitude: Latitude [deg]
# name 3 = longitude: Longitude [deg]
# name 4 = dz/dtM: Descent Rate [m/s]
# name 5 = avgsvCM: Average Sound Velocity [Chen-Millero, m/s]
# name 6 = prDM: Pressure, Digiquartz [db]
# name 7 = depSM: Depth [salt water, m]
# name 8 = t090C: Temperature [ITS-90, deg C]
# name 9 = t190C: Temperature, 2 [ITS-90, deg C]
# name 10 = T2-T190C: Temperature Difference, 2 - 1 [ITS-90, deg C]
# name 11 = potemp090C: Potential Temperature [ITS-90, deg C]
# name 12 = potemp190C: Potential Temperature, 2 [ITS-90, deg C]
# name 13 = potemp90Cdiff: Potential Temperature, Diff, 2 - 1 [ITS-90, deg C]
# name 14 = c0S/m: Conductivity [S/m]
# name 15 = c1S/m: Conductivity, 2 [S/m]
# name 16 = C2-C1S/m: Conductivity Difference, 2 - 1 [S/m]
# name 17 = sal00: Salinity, Practical [PSU]
# name 18 = sal11: Salinity, Practical, 2 [PSU]
# name 19 = sbeox0ML/L: Oxygen, SBE 43 [ml/l]
# name 20 = sigma-้00: Density [sigma-theta, kg/m^3]
# name 21 = sigma-้11: Density, 2 [sigma-theta, kg/m^3]
# name 22 = sbox0Mm/Kg: Oxygen, SBE 43 [umol/kg]
# name 23 = oxsolMm/Kg: Oxygen Saturation, Garcia & Gordon [umol/kg]
# name 24 = oxsatMm/Kg: Oxygen Saturation, Weiss [umol/kg]
# name 25 = sal00: Salinity, Practical [PSU]
# name 26 = sigma-้00: Density [sigma-theta, kg/m^3]
# name 27 = svCM: Sound Velocity [Chen-Millero, m/s]
# name 28 = svCM1: Sound Velocity, 2 [Chen-Millero, m/s]
# name 29 = gsw_ptA0: potential temperature [ITS-90, deg C]
# name 30 = gsw_densityA0: density, TEOS-10 [density, kg/m^3]
# name 31 = gsw_saA0: Absolute Salinity [g/kg]
# name 32 = flag:
# span 0 =       2324,      72180       
# span 1 = 292.743725, 292.777413       
# span 2 =  -45.06760,  -45.06752       
# span 3 =  -51.48049,  -51.48038       
# span 4 =     -1.694,      1.589       
# span 5 =       0.00,    1482.08       
# span 6 =      2.000,   1040.000       
# span 7 =      2.121,   1028.962       
# span 8 =     2.7172,     8.0399       
# span 9 =     2.7180,     8.0358       
# span 10 =    -0.0572,     0.1456      
# span 11 =     2.6516,     8.0393      
# span 12 =     2.6524,     8.0351      
# span 13 =    -0.0571,     0.1455      
# span 14 =   3.123971,   3.560401      
# span 15 =   3.124652,   3.560922      
# span 16 =  -0.005003,   0.014389      
# span 17 =    34.0529,    34.4762      
# span 18 =    34.0576,    34.4813      
# span 19 =     4.0087,     6.7188      
# span 20 =    26.6872,    27.4917      
# span 21 =    26.6926,    27.4958      
# span 22 =    174.243,    292.253      
# span 23 =  288.21080,  326.17242      
# span 24 =  288.52923,  327.17200      
# span 25 =    34.0493,    34.4762      
# span 26 =    26.6875,    27.4917      
# span 27 =    1468.93,    1483.34      
# span 28 =    1468.93,    1483.34      
# span 29 =     2.6515,     8.0392      
# span 30 =  1026.7008,  1032.3141      
# span 31 =    34.2104,    34.6426      
# span 32 = 0.0000e+00, 0.0000e+00      
# interval = decibars: 1                
# start_time = Oct 19 2019 17:49:21 [NMEA time, header]
# bad_flag = -9.990e-29
*END*
[from data line 2066]
      69207 292.775979  -45.06754  -51.48046     -0.220    1473.25     10.000      9.917     8.0263     8.0226    -0.0038     8.0254     8.0216    -0.0038   3.555235   3.555468   0.000223    34.2604    34.2665     6.6697    26.6892    26.6945    290.124  288.29842  288.61821    34.2612    26.6898    1481.82    1481.82     8.0254  1026.7374    34.4230 0.0000e+00
      69288 292.776018  -45.06754  -51.48046     -0.309    1473.25      9.000      8.927     8.0301     8.0297    -0.0004     8.0292     8.0288    -0.0004   3.555498   3.556046   0.000536    34.2605    34.2666     6.6741    26.6887    26.6935    290.318  288.27425  288.59366    34.2608    26.6889    1481.82    1481.83     8.0292  1026.7320    34.4226 0.0000e+00
      69390 292.776067  -45.06754  -51.48046     -0.216    1473.25      8.000      7.934     8.0258     8.0256    -0.0002     8.0250     8.0248    -0.0002   3.555024   3.555575   0.000552    34.2601    34.2663     6.6744    26.6890    26.6939    290.332  288.30257  288.62241    34.2604    26.6892    1481.79    1481.79     8.0250  1026.7277    34.4222 0.0000e+00
      69502 292.776121  -45.06754  -51.48046     -0.215    1473.25      7.000      6.944     8.0399     8.0358    -0.0042     8.0393     8.0351    -0.0042   3.556313   3.556500   0.000190    34.2605    34.2666     6.6725    26.6872    26.6926    290.249  288.21080  288.52923    34.2609    26.6875    1481.82    1481.82     8.0392  1026.7214    34.4226 0.0000e+00
      69575 292.776156  -45.06754  -51.48046     -0.341    1473.25      6.000      5.954     8.0288     8.0267    -0.0020     8.0282     8.0261    -0.0020   3.555097   3.555503   0.000394    34.2594    34.2657     6.6564    26.6880    26.6932    289.548  288.28493  288.60446    34.2593    26.6879    1481.76    1481.76     8.0282  1026.7172    34.4210 0.0000e+00
      69664 292.776199  -45.06754  -51.48046     -0.271    1473.25      5.000      4.957     8.0277     8.0264    -0.0013     8.0272     8.0259    -0.0013   3.554947   3.555395   0.000443    34.2593    34.2654     6.6738    26.6880    26.6930    290.305  288.29204  288.61167    34.2592    26.6879    1481.74    1481.75     8.0272  1026.7128    34.4210 0.0000e+00
      69766 292.776249  -45.06754 -9.990e-29     -0.229    1473.25      4.000      3.962     8.0251     8.0251    -0.0000     8.0247     8.0247    -0.0000   3.554649   3.555216   0.000563    34.2591    34.2652     6.6704    26.6882    26.6930    290.155  288.30911  288.62899    34.2590    26.6882    1481.72    1481.72     8.0247  1026.7086    34.4210 0.0000e+00
      70327 292.776519  -45.06754  -51.48047     -0.389    1473.25      3.000      2.973     8.0301     8.0288    -0.0012     8.0298     8.0285    -0.0012   3.555141   3.555614   0.000478    34.2598    34.2662     6.6707    26.6881    26.6933    290.168  288.27560  288.59500    34.2599    26.6881    1481.72    1481.73     8.0298  1026.7039    34.4218 0.0000e+00
      72180 292.777413  -45.06754  -51.48049     -0.790    1473.25      2.000      2.121     8.0193     8.0118    -0.0075     8.0190     8.0116    -0.0075   3.554120   3.553986  -0.000076    34.2603    34.2668     6.6860    26.6901    26.6963    290.835  288.34456  288.66506    34.2600    26.6898    1481.66    1481.64     8.0192  1026.7008    34.4216 0.0000e+00
