Pos-Processados/process_op38/operantar38_019.cnv
* Sea-Bird SBE 9 Data File:
* FileName = D:\OPERANTAR_XXXVIII\DADOS\OP38_019.hdr
* Software Version Seasave V 7.18c
* Temperature SN = 4808
* Conductivity SN = 3380
* Number of Bytes Per Scan = 34
* Number of Voltage Words = 3
* Number of Scans Averaged by the Deck Unit = 1
* NMEA Latitude = 62 12.52 S
* NMEA Longitude = 058 17.99 W
* NMEA UTC (Time) = Nov 22 2019 11:08:24
** H41
** NAVIO POLAR ALMIRANTE MAXIMIANO
** CRUZEIRO:
** OPERANTAR XXXVIII
** ESTAÇÃO: OP38_019
** LAT 62 12,51'S
** LONG 058 18,00'W
** 09P73767-1155_A
** PROFUNDIDADE: 271
** DATA/HORA: 221109Z/NOV/2019
** OPERADOR: SO-HN CHAVES
# nquan = 33
# nvalues = 482                         
# units = specified
# name 0 = scan: Scan Count
# name 1 = timeJ: Julian Days
# name 2 = latitude: Latitude [deg]
# name 3 = longitude: Longitude [deg]
# name 4 = dz/dtM: Descent Rate [m/s]
# name 5 = avgsvCM: Average Sound Velocity [Chen-Millero, m/s]
# name 6 = prDM: Pressure, Digiquartz [db]
# name 7 = depSM: Depth [salt water, m]
# name 8 = t090C: Temperature [ITS-90, deg C]
# name 9 = t190C: Temperature, 2 [ITS-90, deg C]
# name 10 = T2-T190C: Temperature Difference, 2 - 1 [ITS-90, deg C]
# name 11 = potemp090C: Potential Temperature [ITS-90, deg C]
# name 12 = potemp190C: Potential Temperature, 2 [ITS-90, deg C]
# name 13 = potemp90Cdiff: Potential Temperature, Diff, 2 - 1 [ITS-90, deg C]
# name 14 = c0S/m: Conductivity [S/m]
# name 15 = c1S/m: Conductivity, 2 [S/m]
# name 16 = C2-C1S/m: Conductivity Difference, 2 - 1 [S/m]
# name 17 = sal00: Salinity, Practical [PSU]
# name 18 = sal11: Salinity, Practical, 2 [PSU]
# name 19 = sbeox0ML/L: Oxygen, SBE 43 [ml/l]
# name 20 = sigma-é00: Density [sigma-theta, kg/m^3]
# name 21 = sigma-é11: Density, 2 [sigma-theta, kg/m^3]
# name 22 = sbox0Mm/Kg: Oxygen, SBE 43 [umol/kg]
# name 23 = oxsolMm/Kg: Oxygen Saturation, Garcia & Gordon [umol/kg]
# name 24 = oxsatMm/Kg: Oxygen Saturation, Weiss [umol/kg]
# name 25 = sal00: Salinity, Practical [PSU]
# name 26 = sigma-é00: Density [sigma-theta, kg/m^3]
# name 27 = svCM: Sound Velocity [Chen-Millero, m/s]
# name 28 = svCM1: Sound Velocity, 2 [Chen-Millero, m/s]
# name 29 = gsw_ptA0: potential temperature [ITS-90, deg C]
# name 30 = gsw_densityA0: density, TEOS-10 [density, kg/m^3]
# name 31 = gsw_saA0: Absolute Salinity [g/kg]
# name 32 = flag:
# span 0 =       1186,      26705       
# span 1 = 326.464738, 326.477045       
# span 2 =  -62.20879,  -62.20864       
# span 3 =  -58.30025,  -58.29984       
# span 4 =     -0.903,      0.772       
# span 5 =       0.00,    1448.22       
# span 6 =      2.000,    243.000       
# span 7 =      1.987,    240.524       
# span 8 =    -0.6388,    -0.2172       
# span 9 =    -0.6385,    -0.2144       
# span 10 =    -0.0118,     0.0045      
# span 11 =    -0.6453,    -0.2173      
# span 12 =    -0.6449,    -0.2145      
# span 13 =    -0.0118,     0.0045      
# span 14 =   2.802622,   2.820561      
# span 15 =   2.803053,   2.821176      
# span 16 =  -0.000415,   0.000696      
# span 17 =    34.1379,    34.2982      
# span 18 =    34.1428,    34.3034      
# span 19 =     6.9417,     7.7122      
# span 20 =    27.4211,    27.5701      
# span 21 =    27.4250,    27.5743      
# span 22 =    301.699,    335.234      
# span 23 =  352.29214,  355.83950      
# span 24 =  353.80925,  357.45183      
# span 25 =    34.1380,    34.2982      
# span 26 =    27.4212,    27.5701      
# span 27 =    1446.82,    1449.21      
# span 28 =    1446.83,    1449.22      
# span 29 =    -0.6451,    -0.2173      
# span 30 =  1027.4352,  1028.7362      
# span 31 =    34.3027,    34.4655      
# span 32 = 0.0000e+00, 0.0000e+00      
# interval = decibars: 1                
# start_time = Nov 22 2019 11:08:24 [NMEA time, header]
# bad_flag = -9.990e-29
*END*
[from data line 88]
       4750 326.466457  -62.20876  -58.29988      0.598    1446.93     91.000     90.102    -0.4821    -0.4812     0.0008    -0.4849    -0.4840     0.0008   2.805498   2.805922   0.000426    34.1798    34.1845     7.5074    27.4674    27.4712    326.316  354.63351  356.20795    34.1795    27.4672    1447.29    1447.30    -0.4848  1027.9072    34.3451 0.0000e+00
       4788 326.466475  -62.20876  -58.29988      0.614    1446.93     92.000     91.106    -0.4849    -0.4841     0.0008    -0.4877    -0.4869     0.0008   2.805396   2.805816   0.000423    34.1810    34.1857     7.5102    27.4685    27.4723    326.438  354.65662  356.23172    34.1806    27.4682    1447.29    1447.30    -0.4877  1027.9131    34.3463 0.0000e+00
       4825 326.466493  -62.20876  -58.29988      0.649    1446.93     93.000     92.084    -0.4861    -0.4853     0.0007    -0.4889    -0.4882     0.0007   2.805365   2.805792   0.000427    34.1812    34.1861     7.5078    27.4688    27.4727    326.333  354.66674  356.24209    34.1810    27.4685    1447.30    1447.31    -0.4889  1027.9182    34.3467 0.0000e+00
       4864 326.466512  -62.20876  -58.29988      0.631    1446.93     94.000     93.072    -0.4871    -0.4870     0.0001    -0.4900    -0.4899     0.0001   2.805354   2.805734   0.000381    34.1816    34.1866     7.5080    27.4691    27.4731    326.345  354.67521  356.25081    34.1813    27.4689    1447.32    1447.32    -0.4899  1027.9233    34.3471 0.0000e+00
       4901 326.466530  -62.20876  -58.29988      0.640    1446.93     95.000     94.070    -0.4890    -0.4882     0.0007    -0.4919    -0.4912     0.0007   2.805286   2.805699   0.000414    34.1823    34.1870     7.4989    27.4697    27.4735    325.948  354.69129  356.26732    34.1820    27.4695    1447.32    1447.33    -0.4919  1027.9287    34.3477 0.0000e+00
       4937 326.466547  -62.20876  -58.29988      0.660    1446.93     96.000     95.055    -0.4912    -0.4904     0.0008    -0.4941    -0.4934     0.0008   2.805204   2.805625   0.000423    34.1830    34.1878     7.5001    27.4704    27.4743    325.999  354.70955  356.28608    34.1827    27.4702    1447.33    1447.34    -0.4941  1027.9342    34.3485 0.0000e+00
       4975 326.466565  -62.20876  -58.29988      0.645    1447.03     97.000     96.044    -0.4929    -0.4919     0.0010    -0.4959    -0.4949     0.0010   2.805148   2.805592   0.000434    34.1837    34.1884     7.5002    27.4711    27.4748    326.004  354.72363  356.30057    34.1833    27.4707    1447.34    1447.35    -0.4958  1027.9395    34.3491 0.0000e+00
       5014 326.466584  -62.20876  -58.29988      0.607    1447.03     98.000     97.035    -0.4984    -0.4974     0.0010    -0.5015    -0.5004     0.0010   2.804896   2.805316   0.000429    34.1859    34.1905     7.4879    27.4731    27.4768    325.466  354.76923  356.34745    34.1855    27.4728    1447.33    1447.34    -0.5014  1027.9464    34.3513 0.0000e+00
       5054 326.466604  -62.20876  -58.29988      0.602    1447.03     99.000     98.028    -0.4991    -0.4988     0.0003    -0.5022    -0.5018     0.0003   2.804902   2.805291   0.000388    34.1862    34.1910     7.4825    27.4733    27.4772    325.233  354.77495  356.35333    34.1858    27.4730    1447.35    1447.35    -0.5021  1027.9514    34.3516 0.0000e+00
       5093 326.466622  -62.20876  -58.29988      0.618    1447.03    100.000     99.016    -0.5027    -0.5021     0.0005    -0.5057    -0.5052     0.0005   2.804727   2.805145   0.000410    34.1872    34.1922     7.4802    27.4744    27.4783    325.134  354.80499  356.38417    34.1868    27.4740    1447.35    1447.36    -0.5057  1027.9572    34.3526 0.0000e+00
       5128 326.466639  -62.20876  -58.29988      0.669    1447.03    101.000    100.008    -0.5043    -0.5036     0.0007    -0.5074    -0.5067     0.0007   2.804689   2.805093   0.000413    34.1878    34.1926     7.4785    27.4749    27.4788    325.059  354.81838  356.39793    34.1875    27.4746    1447.35    1447.37    -0.5073  1027.9626    34.3533 0.0000e+00
       5162 326.466656  -62.20876  -58.29988      0.705    1447.03    102.000    100.995    -0.5053    -0.5044     0.0010    -0.5085    -0.5075     0.0010   2.804664   2.805088   0.000424    34.1880    34.1926     7.4705    27.4751    27.4788    324.711  354.82769  356.40747    34.1877    27.4749    1447.37    1447.38    -0.5084  1027.9677    34.3536 0.0000e+00
       5201 326.466675  -62.20876  -58.29989      0.629    1447.03    103.000    101.986    -0.5047    -0.5047    -0.0000    -0.5078    -0.5079    -0.0000   2.804748   2.805122   0.000375    34.1877    34.1928     7.4628    27.4748    27.4789    324.375  354.82246  356.40209    34.1875    27.4746    1447.39    1447.39    -0.5078  1027.9722    34.3534 0.0000e+00
       5243 326.466694  -62.20876  -58.29989      0.575    1447.03    104.000    102.975    -0.5067    -0.5062     0.0005    -0.5099    -0.5094     0.0005   2.804668   2.805085   0.000418    34.1884    34.1935     7.4691    27.4755    27.4796    324.651  354.83940  356.41949    34.1881    27.4752    1447.39    1447.40    -0.5098  1027.9776    34.3540 0.0000e+00
       5281 326.466713  -62.20876  -58.29988      0.626    1447.03    105.000    103.964    -0.5109    -0.5095     0.0014    -0.5141    -0.5127     0.0014   2.804491   2.804947   0.000450    34.1902    34.1947     7.4676    27.4772    27.4807    324.582  354.87355  356.45464    34.1898    27.4768    1447.39    1447.41    -0.5141  1027.9840    34.3557 0.0000e+00
       5319 326.466731  -62.20876  -58.29988      0.632    1447.03    106.000    104.957    -0.5140    -0.5130     0.0010    -0.5173    -0.5163     0.0010   2.804400   2.804837   0.000440    34.1919    34.1966     7.4643    27.4786    27.4824    324.438  354.89834  356.48018    34.1915    27.4783    1447.40    1447.41    -0.5172  1027.9903    34.3575 0.0000e+00
       5357 326.466749  -62.20876  -58.29990      0.627    1447.03    107.000    105.945    -0.5146    -0.5140     0.0007    -0.5180    -0.5173     0.0007   2.804418   2.804832   0.000413    34.1921    34.1969     7.4611    27.4789    27.4827    324.301  354.90337  356.48535    34.1918    27.4786    1447.41    1447.42    -0.5178  1027.9954    34.3578 0.0000e+00
       5393 326.466767  -62.20876  -58.29990      0.659    1447.03    108.000    106.935    -0.5147    -0.5139     0.0008    -0.5180    -0.5172     0.0008   2.804481   2.804917   0.000438    34.1923    34.1973     7.4527    27.4790    27.4830    323.935  354.90341  356.48542    34.1921    27.4789    1447.43    1447.44    -0.5180  1028.0004    34.3581 0.0000e+00
       5430 326.466785  -62.20876  -58.29990      0.658    1447.03    109.000    107.925    -0.5174    -0.5173     0.0001    -0.5208    -0.5207     0.0001   2.804399   2.804795   0.000394    34.1940    34.1991     7.4447    27.4805    27.4846    323.586  354.92458  356.50725    34.1935    27.4801    1447.43    1447.44    -0.5207  1028.0064    34.3595 0.0000e+00
       5468 326.466803  -62.20876  -58.29990      0.623    1447.03    110.000    108.915    -0.5227    -0.5219     0.0008    -0.5260    -0.5253     0.0008   2.804186   2.804607   0.000422    34.1964    34.2012     7.4522    27.4827    27.4865    323.913  354.96659  356.55050    34.1959    27.4823    1447.43    1447.44    -0.5260  1028.0134    34.3619 0.0000e+00
       5507 326.466822  -62.20874  -58.29990      0.622    1447.03    111.000    109.905    -0.5236    -0.5230     0.0006    -0.5270    -0.5265     0.0006   2.804195   2.804609   0.000412    34.1968    34.2017     7.4435    27.4831    27.4870    323.535  354.97436  356.55850    34.1965    27.4828    1447.44    1447.45    -0.5270  1028.0187    34.3626 0.0000e+00
       5545 326.466840  -62.20875  -58.29990      0.637    1447.03    112.000    110.895    -0.5238    -0.5230     0.0008    -0.5272    -0.5265     0.0007   2.804230   2.804652   0.000423    34.1968    34.2016     7.4337    27.4831    27.4869    323.109  354.97582  356.55999    34.1966    27.4829    1447.46    1447.47    -0.5272  1028.0236    34.3626 0.0000e+00
       5584 326.466859  -62.20876  -58.29990      0.615    1447.03    113.000    111.884    -0.5238    -0.5232     0.0006    -0.5273    -0.5267     0.0006   2.804277   2.804695   0.000419    34.1968    34.2017     7.4287    27.4830    27.4870    322.892  354.97611  356.56028    34.1966    27.4829    1447.47    1447.48    -0.5272  1028.0284    34.3627 0.0000e+00
       5621 326.466877  -62.20874  -58.29990      0.634    1447.03    114.000    112.875    -0.5242    -0.5236     0.0006    -0.5278    -0.5271     0.0006   2.804308   2.804723   0.000416    34.1971    34.2019     7.4308    27.4833    27.4872    322.984  354.97947  356.56375    34.1969    27.4831    1447.49    1447.50    -0.5277  1028.0334    34.3630 0.0000e+00
       5657 326.466894  -62.20874  -58.29990      0.663    1447.03    115.000    113.864    -0.5244    -0.5239     0.0005    -0.5279    -0.5274     0.0005   2.804343   2.804756   0.000414    34.1970    34.2020     7.4250    27.4833    27.4873    322.731  354.98070  356.56500    34.1969    27.4832    1447.50    1447.51    -0.5279  1028.0382    34.3630 0.0000e+00
       5695 326.466913  -62.20874  -58.29988      0.637    1447.03    116.000    114.854    -0.5249    -0.5242     0.0006    -0.5285    -0.5278     0.0006   2.804367   2.804784   0.000416    34.1973    34.2022     7.4299    27.4835    27.4874    322.942  354.98475  356.56918    34.1972    27.4834    1447.52    1447.53    -0.5284  1028.0432    34.3633 0.0000e+00
       5733 326.466931  -62.20874  -58.29988      0.637    1447.03    117.000    115.844    -0.5250    -0.5250    -0.0001    -0.5286    -0.5286    -0.0001   2.804405   2.804778   0.000377    34.1973    34.2024     7.4312    27.4835    27.4877    322.999  354.98553  356.56998    34.1972    27.4834    1447.53    1447.54    -0.5285  1028.0480    34.3633 0.0000e+00
       5770 326.466949  -62.20874  -58.29988      0.651    1447.03    118.000    116.834    -0.5265    -0.5260     0.0005    -0.5302    -0.5296     0.0005   2.804363   2.804773   0.000404    34.1979    34.2027     7.4282    27.4841    27.4879    322.871  354.99846  356.58327    34.1978    27.4840    1447.54    1447.55    -0.5301  1028.0533    34.3639 0.0000e+00
       5809 326.466968  -62.20874  -58.29988      0.615    1447.03    119.000    117.824    -0.5270    -0.5262     0.0009    -0.5307    -0.5298     0.0009   2.804379   2.804807   0.000431    34.1980    34.2028     7.4298    27.4842    27.4880    322.938  355.00308  356.58800    34.1979    27.4841    1447.56    1447.57    -0.5306  1028.0583    34.3641 0.0000e+00
       5850 326.466987  -62.20874  -58.29988      0.589    1447.03    120.000    118.814    -0.5263    -0.5258     0.0006    -0.5300    -0.5295     0.0006   2.804474   2.804884   0.000410    34.1978    34.2026     7.4275    27.4840    27.4879    322.838  354.99682  356.58157    34.1978    27.4840    1447.58    1447.59    -0.5299  1028.0629    34.3639 0.0000e+00
       5887 326.467005  -62.20874  -58.29988      0.628    1447.03    121.000    119.803    -0.5281    -0.5274     0.0007    -0.5319    -0.5312     0.0007   2.804397   2.804814   0.000417    34.1984    34.2032     7.4276    27.4846    27.4884    322.843  355.01197  356.59715    34.1982    27.4844    1447.58    1447.59    -0.5318  1028.0681    34.3643 0.0000e+00
       5922 326.467022  -62.20874  -58.29988      0.678    1447.03    122.000    120.793    -0.5293    -0.5284     0.0008    -0.5330    -0.5322     0.0008   2.804393   2.804811   0.000417    34.1989    34.2036     7.4243    27.4850    27.4888    322.700  355.02126  356.60670    34.1988    27.4849    1447.60    1447.61    -0.5330  1028.0734    34.3649 0.0000e+00
       5960 326.467040  -62.20874  -58.29988      0.654    1447.03    123.000    121.783    -0.5301    -0.5299     0.0002    -0.5339    -0.5337     0.0002   2.804395   2.804789   0.000394    34.1993    34.2044     7.4288    27.4853    27.4894    322.897  355.02780  356.61344    34.1991    27.4852    1447.61    1447.62    -0.5338  1028.0778    34.3643 0.0000e+00
       6002 326.467061 -9.990e-29  -58.29988      0.564    1447.03    124.000    122.773    -0.5320    -0.5309     0.0010    -0.5358    -0.5348     0.0010   2.804377   2.804801   0.000423    34.2005    34.2050     7.4173    27.4864    27.4901    322.395  355.04209  356.62819    34.2004    27.4864    1447.62    1447.63    -0.5357  1028.0805    34.3616 0.0000e+00
       6043 326.467080 -9.990e-29  -58.29988      0.581    1447.03    125.000    123.762    -0.5327    -0.5320     0.0007    -0.5366    -0.5359     0.0007   2.804385   2.804803   0.000419    34.2009    34.2057     7.4101    27.4868    27.4907    322.081  355.04776  356.63403    34.2007    27.4866    1447.63    1447.64    -0.5365  1028.0855    34.3620 0.0000e+00
       6078 326.467097  -62.20876  -58.29988      0.672    1447.03    126.000    124.748    -0.5355    -0.5348     0.0007    -0.5394    -0.5387     0.0007   2.804310   2.804732   0.000419    34.2026    34.2074     7.4140    27.4883    27.4921    322.250  355.06974  356.65671    34.2023    27.4880    1447.64    1447.65    -0.5393  1028.0944    34.3668 0.0000e+00
       6116 326.467116  -62.20876  -58.29988      0.650    1447.03    127.000    125.746    -0.5366    -0.5356     0.0009    -0.5405    -0.5396     0.0009   2.804314   2.804748   0.000433    34.2031    34.2079     7.4095    27.4887    27.4926    322.054  355.07785  356.66506    34.2029    27.4886    1447.65    1447.66    -0.5404  1028.1010    34.3691 0.0000e+00
       6159 326.467136  -62.20876  -58.29988      0.560    1447.03    128.000    126.732    -0.5372    -0.5364     0.0008    -0.5411    -0.5403     0.0008   2.804327   2.804755   0.000428    34.2033    34.2081     7.3971    27.4889    27.4928    321.516  355.08320  356.67056    34.2031    27.4888    1447.66    1447.67    -0.5411  1028.1060    34.3694 0.0000e+00
       6198 326.467155  -62.20876  -58.29988      0.598    1447.03    129.000    127.721    -0.5370    -0.5362     0.0007    -0.5409    -0.5402     0.0007   2.804394   2.804818   0.000424    34.2033    34.2082     7.3952    27.4889    27.4928    321.435  355.08107  356.66839    34.2032    27.4888    1447.68    1447.69    -0.5409  1028.1108    34.3694 0.0000e+00
       6235 326.467173  -62.20876  -58.29988      0.648    1447.03    130.000    128.712    -0.5373    -0.5365     0.0007    -0.5413    -0.5406     0.0007   2.804430   2.804846   0.000416    34.2035    34.2083     7.3959    27.4891    27.4929    321.465  355.08337  356.67076    34.2034    27.4890    1447.70    1447.71    -0.5412  1028.1158    34.3697 0.0000e+00
       6276 326.467193  -62.20876  -58.29988      0.602    1447.03    131.000    129.701    -0.5374    -0.5367     0.0007    -0.5415    -0.5407     0.0007   2.804458   2.804884   0.000427    34.2034    34.2083     7.3955    27.4890    27.4930    321.448  355.08520  356.67262    34.2033    27.4890    1447.71    1447.72    -0.5414  1028.1206    34.3696 0.0000e+00
       6317 326.467212  -62.20876  -58.29988      0.581    1447.03    132.000    130.691    -0.5376    -0.5369     0.0007    -0.5417    -0.5410     0.0007   2.804494   2.804917   0.000422    34.2034    34.2084     7.4013    27.4891    27.4930    321.699  355.08626  356.67370    34.2033    27.4890    1447.73    1447.74    -0.5416  1028.1254    34.3696 0.0000e+00
       6355 326.467231  -62.20876  -58.29988      0.628    1447.03    133.000    131.681    -0.5378    -0.5371     0.0007    -0.5419    -0.5412     0.0007   2.804534   2.804946   0.000413    34.2035    34.2083     7.3943    27.4892    27.4930    321.396  355.08774  356.67524    34.2035    27.4891    1447.74    1447.75    -0.5418  1028.1302    34.3698 0.0000e+00
