Pos-Processados/process_op38/operantar38_013.cnv
* Sea-Bird SBE 9 Data File:
* FileName = D:\OPERANTAR_XXXVIII\DADOS\OP38_013.hdr
* Software Version Seasave V 7.18c
* Temperature SN = 4808
* Conductivity SN = 3380
* Number of Bytes Per Scan = 34
* Number of Voltage Words = 3
* Number of Scans Averaged by the Deck Unit = 1
* NMEA Latitude = 62 08.60 S
* NMEA Longitude = 058 24.71 W
* NMEA UTC (Time) = Nov 05 2019 02:47:10
** H41
** NAVIO POLAR ALMIRANTE MAXIMIANO
** CRUZEIRO:
** OPERANTAR XXXVIII
** ESTAÇÃO: OP38_013
** LAT 62 08,61' S
** LONG 058 24,68' W
** 09P73767-1155_A
** PROFUNDIDADE: 420
** DATA/HORA: 050248Z/NOV/2019
** OPERADOR: SO-HN CHAVES
# nquan = 32
# nvalues = 740                         
# units = specified
# name 0 = scan: Scan Count
# name 1 = timeJ: Julian Days
# name 2 = latitude: Latitude [deg]
# name 3 = longitude: Longitude [deg]
# name 4 = dz/dtM: Descent Rate [m/s]
# name 5 = avgsvCM: Average Sound Velocity [Chen-Millero, m/s]
# name 6 = prDM: Pressure, Digiquartz [db]
# name 7 = depSM: Depth [salt water, m]
# name 8 = t090C: Temperature [ITS-90, deg C]
# name 9 = t190C: Temperature, 2 [ITS-90, deg C]
# name 10 = T2-T190C: Temperature Difference, 2 - 1 [ITS-90, deg C]
# name 11 = potemp090C: Potential Temperature [ITS-90, deg C]
# name 12 = potemp190C: Potential Temperature, 2 [ITS-90, deg C]
# name 13 = potemp90Cdiff: Potential Temperature, Diff, 2 - 1 [ITS-90, deg C]
# name 14 = c0S/m: Conductivity [S/m]
# name 15 = c1S/m: Conductivity, 2 [S/m]
# name 16 = C2-C1S/m: Conductivity Difference, 2 - 1 [S/m]
# name 17 = sal00: Salinity, Practical [PSU]
# name 18 = sal11: Salinity, Practical, 2 [PSU]
# name 19 = sbeox0ML/L: Oxygen, SBE 43 [ml/l]
# name 20 = sbeox1ML/L: Oxygen, SBE 43, 2 [ml/l]
# name 21 = sbeox0ML/Ldiff: Oxygen, SBE 43, Diff, 2 - 1 [ml/l]
# name 22 = sigma-é00: Density [sigma-theta, kg/m^3]
# name 23 = sigma-é11: Density, 2 [sigma-theta, kg/m^3]
# name 24 = sal00: Salinity, Practical [PSU]
# name 25 = sigma-é00: Density [sigma-theta, kg/m^3]
# name 26 = svCM: Sound Velocity [Chen-Millero, m/s]
# name 27 = svCM1: Sound Velocity, 2 [Chen-Millero, m/s]
# name 28 = gsw_ptA0: potential temperature [ITS-90, deg C]
# name 29 = gsw_densityA0: density, TEOS-10 [density, kg/m^3]
# name 30 = gsw_saA0: Absolute Salinity [g/kg]
# name 31 = flag:
# span 0 =       1161,      28423       
# span 1 = 309.116648, 309.129794       
# span 2 =  -62.14340,  -62.14340       
# span 3 =  -58.41184,  -58.41180       
# span 4 =     -0.909,      0.921       
# span 5 =       0.00,    1447.69       
# span 6 =      1.000,    376.000       
# span 7 =      0.984,    372.043       
# span 8 =    -0.9467,    -0.4879       
# span 9 =    -0.9467,    -0.4958       
# span 10 =    -0.0250,     0.0398      
# span 11 =    -0.9483,    -0.4879      
# span 12 =    -0.9483,    -0.4958      
# span 13 =    -0.0250,     0.0398      
# span 14 =   2.767153,   2.819206      
# span 15 =   2.767602,   2.819576      
# span 16 =  -0.001303,   0.003192      
# span 17 =    34.0963,    34.4263      
# span 18 =    34.1036,    34.4316      
# span 19 =     6.3485,     7.6320      
# span 20 =     6.0773,     7.3595      
# span 21 =    -0.3756,    -0.2140      
# span 22 =    27.4002,    27.6765      
# span 23 =    27.4065,    27.6807      
# span 24 =    34.0869,    34.4264      
# span 25 =    27.3926,    27.6765      
# span 26 =    1444.09,    1451.29      
# span 27 =    1444.10,    1451.30      
# span 28 =    -0.9482,    -0.4878      
# span 29 =  1026.3430,  1029.4757      
# span 30 =    32.8580,    34.5947      
# span 31 = 0.0000e+00, 0.0000e+00      
# interval = decibars: 1                
# start_time = Nov 05 2019 02:47:10 [NMEA time, header]
# bad_flag = -9.990e-29
*END*
[from data line 318]
      13089 309.122400  -62.14340  -58.41180      0.827    1446.66    319.000    315.696    -0.7042    -0.7042     0.0000    -0.7143    -0.7143     0.0000   2.814496   2.814906   0.000410    34.4118    34.4173     6.4073     6.1403    -0.2670    27.6652    27.6696    34.4123    27.6655    1450.28    1450.28    -0.7141  1029.1941    34.5804 0.0000e+00
      13116 309.122413  -62.14340  -58.41180      0.874    1446.66    320.000    316.685    -0.7036    -0.7035     0.0001    -0.7137    -0.7136     0.0001   2.814657   2.815056   0.000399    34.4128    34.4181     6.4147     6.1405    -0.2742    27.6659    27.6702    34.4131    27.6662    1450.30    1450.30    -0.7135  1029.1995    34.5813 0.0000e+00
      13144 309.122426  -62.14340  -58.41180      0.867    1446.66    321.000    317.673    -0.7034    -0.7031     0.0003    -0.7136    -0.7133     0.0003   2.814715   2.815174   0.000453    34.4127    34.4185     6.4128     6.1424    -0.2704    27.6659    27.6705    34.4131    27.6662    1450.31    1450.32    -0.7133  1029.2042    34.5812 0.0000e+00
      13175 309.122441  -62.14340  -58.41180      0.795    1446.66    322.000    318.662    -0.7023    -0.7020     0.0003    -0.7125    -0.7122     0.0003   2.814938   2.815353   0.000418    34.4138    34.4192     6.4061     6.1417    -0.2644    27.6667    27.6710    34.4143    27.6671    1450.34    1450.35    -0.7123  1029.2098    34.5824 0.0000e+00
      13206 309.122456  -62.14340  -58.41180      0.774    1446.66    323.000    319.651    -0.7015    -0.7006     0.0009    -0.7117    -0.7108     0.0009   2.815099   2.815616   0.000518    34.4144    34.4204     6.4111     6.1385    -0.2726    27.6672    27.6720    34.4149    27.6676    1450.36    1450.37    -0.7115  1029.2151    34.5831 0.0000e+00
      13236 309.122471  -62.14340  -58.41181      0.789    1446.66    324.000    320.640    -0.7002    -0.7003    -0.0001    -0.7105    -0.7106    -0.0001   2.815303   2.815676   0.000375    34.4155    34.4206     6.4074     6.1338    -0.2736    27.6680    27.6721    34.4156    27.6681    1450.38    1450.39    -0.7103  1029.2203    34.5838 0.0000e+00
      13267 309.122486  -62.14340  -58.41182      0.784    1446.66    325.000    321.629    -0.7014    -0.7012     0.0002    -0.7117    -0.7115     0.0002   2.815193   2.815625   0.000435    34.4146    34.4202     6.4002     6.1338    -0.2665    27.6673    27.6718    34.4148    27.6675    1450.39    1450.40    -0.7115  1029.2245    34.5830 0.0000e+00
      13298 309.122501  -62.14340  -58.41182      0.766    1446.66    326.000    322.618    -0.7000    -0.7003    -0.0003    -0.7103    -0.7106    -0.0003   2.815457   2.815791   0.000335    34.4158    34.4206     6.4053     6.1217    -0.2836    27.6682    27.6722    34.4161    27.6685    1450.41    1450.42    -0.7101  1029.2302    34.5843 0.0000e+00
      13329 309.122515  -62.14340  -58.41180      0.778    1446.66    327.000    323.607    -0.6999    -0.6996     0.0002    -0.7102    -0.7100     0.0002   2.815493   2.815920   0.000427    34.4157    34.4212     6.3958     6.1147    -0.2811    27.6681    27.6726    34.4159    27.6683    1450.43    1450.44    -0.7100  1029.2348    34.5841 0.0000e+00
      13357 309.122529  -62.14340  -58.41180      0.827    1446.66    328.000    324.596    -0.6994    -0.6991     0.0002    -0.7098    -0.7096     0.0002   2.815616   2.816043   0.000429    34.4162    34.4217     6.3949     6.1191    -0.2758    27.6685    27.6730    34.4164    27.6687    1450.45    1450.46    -0.7096  1029.2399    34.5846 0.0000e+00
      13385 309.122542  -62.14340  -58.41180      0.865    1446.66    329.000    325.584    -0.6991    -0.6990     0.0002    -0.7096    -0.7095     0.0001   2.815677   2.816087   0.000407    34.4162    34.4215     6.3972     6.1196    -0.2776    27.6685    27.6728    34.4164    27.6686    1450.47    1450.48    -0.7093  1029.2446    34.5845 0.0000e+00
      13413 309.122556  -62.14340  -58.41180      0.854    1446.66    330.000    326.573    -0.6989    -0.6988     0.0002    -0.7095    -0.7093     0.0002   2.815752   2.816162   0.000410    34.4164    34.4217     6.3933     6.1206    -0.2727    27.6687    27.6730    34.4165    27.6688    1450.49    1450.49    -0.7092  1029.2495    34.5847 0.0000e+00
      13444 309.122571  -62.14340  -58.41180      0.801    1446.66    331.000    327.562    -0.6990    -0.6988     0.0002    -0.7095    -0.7094     0.0002   2.815795   2.816194   0.000399    34.4164    34.4216     6.3959     6.1159    -0.2801    27.6687    27.6729    34.4165    27.6688    1450.50    1450.51    -0.7093  1029.2543    34.5847 0.0000e+00
      13475 309.122586  -62.14340  -58.41182      0.776    1446.66    332.000    328.551    -0.6989    -0.6987     0.0002    -0.7095    -0.7093     0.0002   2.815849   2.816265   0.000415    34.4165    34.4218     6.4047     6.1133    -0.2914    27.6687    27.6730    34.4166    27.6688    1450.52    1450.53    -0.7092  1029.2591    34.5848 0.0000e+00
      13505 309.122600  -62.14340  -58.41181      0.799    1446.66    333.000    329.540    -0.6989    -0.6987     0.0002    -0.7095    -0.7093     0.0002   2.815895   2.816312   0.000417    34.4164    34.4218     6.3948     6.1234    -0.2714    27.6687    27.6731    34.4165    27.6688    1450.53    1450.54    -0.7093  1029.2638    34.5847 0.0000e+00
      13535 309.122615  -62.14340  -58.41180      0.799    1446.66    334.000    330.528    -0.6988    -0.6986     0.0002    -0.7094    -0.7092     0.0002   2.815958   2.816367   0.000409    34.4166    34.4219     6.3929     6.1266    -0.2662    27.6688    27.6731    34.4167    27.6689    1450.55    1450.56    -0.7092  1029.2687    34.5848 0.0000e+00
      13567 309.122630  -62.14340  -58.41180      0.764    1446.66    335.000    331.517    -0.6987    -0.6987     0.0001    -0.7094    -0.7093     0.0001   2.816004   2.816411   0.000407    34.4166    34.4220     6.4011     6.1227    -0.2784    27.6688    27.6732    34.4166    27.6689    1450.57    1450.58    -0.7091  1029.2734    34.5848 0.0000e+00
      13598 309.122645  -62.14340  -58.41180      0.754    1446.66    336.000    332.506    -0.6985    -0.6984     0.0001    -0.7092    -0.7091     0.0001   2.816077   2.816479   0.000403    34.4166    34.4219     6.3933     6.1172    -0.2761    27.6689    27.6731    34.4168    27.6690    1450.59    1450.59    -0.7090  1029.2782    34.5850 0.0000e+00
      13627 309.122659  -62.14340  -58.41180      0.809    1446.66    337.000    333.494    -0.6986    -0.6984     0.0002    -0.7094    -0.7092     0.0002   2.816101   2.816519   0.000419    34.4166    34.4219     6.3917     6.1068    -0.2849    27.6688    27.6732    34.4166    27.6688    1450.60    1450.61    -0.7091  1029.2829    34.5848 0.0000e+00
      13655 309.122673  -62.14340  -58.41180      0.856    1446.66    338.000    334.484    -0.6986    -0.6984     0.0002    -0.7094    -0.7092     0.0002   2.816147   2.816561   0.000414    34.4165    34.4219     6.3993     6.1174    -0.2819    27.6688    27.6731    34.4166    27.6688    1450.62    1450.63    -0.7091  1029.2876    34.5848 0.0000e+00
      13684 309.122686  -62.14340  -58.41180      0.849    1446.66    339.000    335.472    -0.6986    -0.6984     0.0003    -0.7095    -0.7092     0.0003   2.816181   2.816599   0.000418    34.4164    34.4217     6.3985     6.1176    -0.2809    27.6687    27.6730    34.4165    27.6687    1450.63    1450.64    -0.7092  1029.2923    34.5846 0.0000e+00
      13718 309.122703  -62.14340  -58.41180      0.732    1446.66    340.000    336.461    -0.6987    -0.6986     0.0001    -0.7095    -0.7094     0.0001   2.816216   2.816621   0.000405    34.4164    34.4217     6.3930     6.1267    -0.2663    27.6687    27.6730    34.4164    27.6687    1450.65    1450.66    -0.7093  1029.2970    34.5846 0.0000e+00
      13754 309.122720  -62.14340  -58.41180      0.662    1446.66    341.000    337.450    -0.6988    -0.6986     0.0001    -0.7096    -0.7095     0.0001   2.816251   2.816642   0.000391    34.4163    34.4215     6.3956     6.1209    -0.2747    27.6686    27.6728    34.4163    27.6686    1450.67    1450.67    -0.7094  1029.3017    34.5845 0.0000e+00
      13791 309.122738  -62.14340  -58.41180      0.651    1446.67    342.000    338.438    -0.6989    -0.6987     0.0002    -0.7098    -0.7097     0.0002   2.816270   2.816688   0.000418    34.4161    34.4215     6.3958     6.1152    -0.2807    27.6684    27.6729    34.4161    27.6684    1450.68    1450.69    -0.7096  1029.3063    34.5843 0.0000e+00
      13837 309.122760  -62.14340  -58.41181      0.528 -9.990e-29    343.000    339.427    -0.6988    -0.6987     0.0001    -0.7097    -0.7096     0.0001   2.816324   2.816733   0.000408    34.4161    34.4215     6.3949     6.1146    -0.2803    27.6685    27.6728    34.4161    27.6685    1450.70    1450.71    -0.7095  1029.3110    34.5843 0.0000e+00
      13881 309.122782  -62.14340  -58.41180      0.537    1447.16    344.000    340.416    -0.6989    -0.6987     0.0002    -0.7099    -0.7097     0.0002   2.816355   2.816767   0.000412    34.4160    34.4213     6.4001     6.1188    -0.2813    27.6684    27.6727    34.4160    27.6684    1450.71    1450.72    -0.7096  1029.3157    34.5842 0.0000e+00
      13925 309.122803  -62.14340  -58.41180      0.557    1447.17    345.000    341.405    -0.6988    -0.6987     0.0002    -0.7099    -0.7097     0.0002   2.816405   2.816818   0.000412    34.4160    34.4214     6.3918     6.1175    -0.2743    27.6684    27.6727    34.4160    27.6684    1450.73    1450.74    -0.7096  1029.3205    34.5842 0.0000e+00
      13966 309.122822  -62.14340  -58.41180      0.579    1447.17    346.000    342.394    -0.6988    -0.6986     0.0002    -0.7098    -0.7097     0.0002   2.816462   2.816869   0.000407    34.4161    34.4214     6.3925     6.1269    -0.2656    27.6685    27.6727    34.4162    27.6685    1450.75    1450.76    -0.7096  1029.3253    34.5844 0.0000e+00
      14002 309.122840  -62.14340  -58.41180      0.651    1447.17    347.000    343.382    -0.6988    -0.6986     0.0003    -0.7099    -0.7097     0.0003   2.816502   2.816919   0.000419    34.4160    34.4214     6.3969     6.1208    -0.2761    27.6684    27.6727    34.4161    27.6684    1450.76    1450.77    -0.7096  1029.3300    34.5843 0.0000e+00
      14040 309.122858  -62.14340  -58.41181      0.640    1447.17    348.000    344.366    -0.6988    -0.6987     0.0001    -0.7099    -0.7098     0.0001   2.816546   2.816948   0.000401    34.4161    34.4213     6.4000     6.1122    -0.2877    27.6684    27.6726    34.4161    27.6684    1450.78    1450.79    -0.7097  1029.3348    34.5843 0.0000e+00
      14084 309.122880  -62.14340  -58.41182      0.543    1447.17    349.000    345.366    -0.6983    -0.6982     0.0001    -0.7095    -0.7094     0.0001   2.816665   2.817066   0.000402    34.4165    34.4218     6.3977     6.1184    -0.2793    27.6687    27.6730    34.4165    27.6688    1450.80    1450.81    -0.7092  1029.3399    34.5847 0.0000e+00
      14123 309.122899  -62.14340  -58.41182      0.602    1447.17    350.000    346.349    -0.6983    -0.6981     0.0002    -0.7095    -0.7093     0.0002   2.816707   2.817113   0.000407    34.4164    34.4217     6.3927     6.1194    -0.2732    27.6687    27.6730    34.4164    27.6687    1450.82    1450.82    -0.7092  1029.3445    34.5846 0.0000e+00
      14160 309.122916  -62.14340  -58.41181      0.662    1447.17    351.000    347.337    -0.6981    -0.6979     0.0002    -0.7093    -0.7091     0.0002   2.816787   2.817200   0.000413    34.4166    34.4220     6.3931     6.1225    -0.2706    27.6689    27.6732    34.4167    27.6689    1450.83    1450.84    -0.7091  1029.3495    34.5849 0.0000e+00
      14198 309.122934  -62.14340  -58.41180      0.634    1447.17    352.000    348.326    -0.6975    -0.6973     0.0002    -0.7088    -0.7086     0.0002   2.816933   2.817343   0.000408    34.4173    34.4226     6.3954     6.1207    -0.2747    27.6694    27.6737    34.4174    27.6695    1450.85    1450.86    -0.7085  1029.3548    34.5856 0.0000e+00
      14236 309.122953  -62.14340  -58.41181      0.631    1447.17    353.000    349.315    -0.6978    -0.6974     0.0004    -0.7091    -0.7088     0.0004   2.816911   2.817358   0.000449    34.4169    34.4225     6.3931     6.1240    -0.2692    27.6690    27.6736    34.4169    27.6690    1450.87    1450.88    -0.7089  1029.3591    34.5851 0.0000e+00
      14274 309.122971  -62.14340  -58.41182      0.632    1447.17    354.000    350.303    -0.6977    -0.6975     0.0002    -0.7091    -0.7088     0.0002   2.817014   2.817418   0.000415    34.4172    34.4226     6.3879     6.1205    -0.2674    27.6694    27.6736    34.4175    27.6695    1450.89    1450.89    -0.7088  1029.3644    34.5857 0.0000e+00
      14313 309.122990  -62.14340  -58.41182      0.617    1447.17    355.000    351.292    -0.6963    -0.6962     0.0001    -0.7077    -0.7076     0.0001   2.817279   2.817707   0.000397    34.4190    34.4242     6.3949     6.1076    -0.2873    27.6707    27.6750    34.4189    27.6706    1450.91    1450.92    -0.7074  1029.3702    34.5871 0.0000e+00
      14351 309.123008  -62.14340  -58.41182      0.625    1447.17    356.000    352.281    -0.6964    -0.6952     0.0012    -0.7078    -0.7067     0.0011   2.817320   2.817879   0.000573    34.4187    34.4251     6.3934     6.1084    -0.2849    27.6705    27.6757    34.4189    27.6707    1450.92    1450.94    -0.7076  1029.3750    34.5871 0.0000e+00
      14390 309.123027  -62.14340  -58.41182      0.613    1447.17    357.000    353.270    -0.6962    -0.6959     0.0002    -0.7076    -0.7074     0.0002   2.817395   2.817817   0.000427    34.4189    34.4244     6.3822     6.1109    -0.2712    27.6707    27.6751    34.4191    27.6708    1450.94    1450.95    -0.7074  1029.3798    34.5873 0.0000e+00
      14429 309.123046  -62.14340  -58.41182      0.615    1447.17    358.000    354.258    -0.6963    -0.6959     0.0004    -0.7078    -0.7074     0.0004   2.817393   2.817848   0.000448    34.4187    34.4243     6.3805     6.1075    -0.2730    27.6705    27.6750    34.4186    27.6704    1450.96    1450.97    -0.7075  1029.3842    34.5869 0.0000e+00
      14468 309.123065  -62.14340  -58.41182      0.614    1447.17    359.000    355.247    -0.6965    -0.6961     0.0004    -0.7081    -0.7077     0.0004   2.817450   2.817867   0.000426    34.4186    34.4240     6.3874     6.1074    -0.2800    27.6704    27.6747    34.4190    27.6707    1450.97    1450.98    -0.7079  1029.3893    34.5872 0.0000e+00
      14506 309.123083  -62.14340  -58.41182      0.636    1447.17    360.000    356.236    -0.6947    -0.6944     0.0003    -0.7063    -0.7060     0.0003   2.817790   2.818218   0.000422    34.4209    34.4262     6.3872     6.1113    -0.2759    27.6722    27.6765    34.4210    27.6722    1451.00    1451.01    -0.7060  1029.3955    34.5892 0.0000e+00
      14543 309.123101  -62.14340  -58.41182      0.652    1447.17    361.000    357.224    -0.6951    -0.6948     0.0002    -0.7067    -0.7065     0.0002   2.817762   2.818173   0.000415    34.4203    34.4256     6.3758     6.1106    -0.2653    27.6717    27.6760    34.4203    27.6717    1451.02    1451.02    -0.7064  1029.3998    34.5886 0.0000e+00
      14581 309.123119  -62.14340  -58.41182      0.630    1447.17    362.000    358.213    -0.6947    -0.6947     0.0000    -0.7063    -0.7063     0.0000   2.817890   2.818281   0.000388    34.4208    34.4260     6.3740     6.1009    -0.2731    27.6721    27.6763    34.4210    27.6723    1451.03    1451.04    -0.7061  1029.4051    34.5893 0.0000e+00
