Pos-Processados/process_op38/operantar38_019.ros
* Sea-Bird SBE 9 Data File:
* FileName = D:\OPERANTAR_XXXVIII\DADOS\OP38_019.hdr
* Software Version Seasave V 7.18c
* Temperature SN = 4808
* Conductivity SN = 3380
* Number of Bytes Per Scan = 34
* Number of Voltage Words = 3
* Number of Scans Averaged by the Deck Unit = 1
* NMEA Latitude = 62 12.52 S
* NMEA Longitude = 058 17.99 W
* NMEA UTC (Time) = Nov 22 2019 11:08:24
** H41
** NAVIO POLAR ALMIRANTE MAXIMIANO
** CRUZEIRO:
** OPERANTAR XXXVIII
** ESTAÇÃO: OP38_019
** LAT 62 12,51'S
** LONG 058 18,00'W
** 09P73767-1155_A
** PROFUNDIDADE: 271
** DATA/HORA: 221109Z/NOV/2019
** OPERADOR: SO-HN CHAVES
# nquan = 27
# nvalues = 1074                                  
# units = specified
# name 0 = scan: Scan Count
# name 1 = timeJ: Julian Days
# name 2 = latitude: Latitude [deg]
# name 3 = longitude: Longitude [deg]
# name 4 = dz/dtM: Descent Rate [m/s]
# name 5 = avgsvCM: Average Sound Velocity [Chen-Millero, m/s]
# name 6 = prDM: Pressure, Digiquartz [db]
# name 7 = depSM: Depth [salt water, m]
# name 8 = t090C: Temperature [ITS-90, deg C]
# name 9 = t190C: Temperature, 2 [ITS-90, deg C]
# name 10 = T2-T190C: Temperature Difference, 2 - 1 [ITS-90, deg C]
# name 11 = potemp090C: Potential Temperature [ITS-90, deg C]
# name 12 = potemp190C: Potential Temperature, 2 [ITS-90, deg C]
# name 13 = potemp90Cdiff: Potential Temperature, Diff, 2 - 1 [ITS-90, deg C]
# name 14 = c0S/m: Conductivity [S/m]
# name 15 = c1S/m: Conductivity, 2 [S/m]
# name 16 = C2-C1S/m: Conductivity Difference, 2 - 1 [S/m]
# name 17 = sal00: Salinity, Practical [PSU]
# name 18 = sal11: Salinity, Practical, 2 [PSU]
# name 19 = sbeox0ML/L: Oxygen, SBE 43 [ml/l]
# name 20 = sigma-é00: Density [sigma-theta, kg/m^3]
# name 21 = sigma-é11: Density, 2 [sigma-theta, kg/m^3]
# name 22 = sbox0Mm/Kg: Oxygen, SBE 43 [umol/kg]
# name 23 = oxsolMm/Kg: Oxygen Saturation, Garcia & Gordon [umol/kg]
# name 24 = oxsatMm/Kg: Oxygen Saturation, Weiss [umol/kg]
# name 25 = nbf: Bottles Fired
# name 26 = flag:  0.000e+00
# interval = seconds: 0.0416667
# start_time = Nov 22 2019 11:08:24 [NMEA time, header]
# bad_flag = -9.990e-29
*END*
[from data line 967]
      25233 326.476335  -62.20876  -58.30020     -0.056    1447.69      3.464      3.431    -0.2197    -0.2196     0.0001    -0.2198    -0.2197     0.0001   2.820472   2.820874   0.000402    34.1388    34.1440     7.7039    27.4219    27.4262    334.871  352.31279  353.83045          6  0.000e+00
      25234 326.476335  -62.20876  -58.30020     -0.059    1447.69      3.416      3.383    -0.2194    -0.2198    -0.0004    -0.2195    -0.2199    -0.0004   2.820453   2.820793   0.000339    34.1382    34.1431     7.7034    27.4214    27.4254    334.851  352.31125  353.82881          6  0.000e+00
      25235 326.476336  -62.20876  -58.30020     -0.065    1447.69      3.416      3.383    -0.2193    -0.2195    -0.0001    -0.2194    -0.2196    -0.0001   2.820447   2.820804   0.000357    34.1380    34.1429     7.7030    27.4213    27.4253    334.835  352.31112  353.82866          6  0.000e+00
      25236 326.476336  -62.20876  -58.30020     -0.066    1447.69      3.464      3.431    -0.2193    -0.2195    -0.0002    -0.2194    -0.2196    -0.0002   2.820465   2.820874   0.000408    34.1382    34.1439     7.7027    27.4214    27.4260    334.820  352.31018  353.82772          6  0.000e+00
      25237 326.476337  -62.20876  -58.30020     -0.068    1447.69      3.416      3.383    -0.2193    -0.2195    -0.0002    -0.2194    -0.2196    -0.0002   2.820453   2.820839   0.000386    34.1380    34.1434     7.7073    27.4213    27.4256    335.022  352.31054  353.82807          6  0.000e+00
      25238 326.476337  -62.20876  -58.30020     -0.073    1447.69      3.416      3.383    -0.2193    -0.2195    -0.0001    -0.2194    -0.2196    -0.0001   2.820465   2.820839   0.000374    34.1383    34.1434     7.7084    27.4215    27.4256    335.070  352.31046  353.82801          6  0.000e+00
      25239 326.476338  -62.20876  -58.30020     -0.071    1447.69      3.464      3.431    -0.2193    -0.2196    -0.0004    -0.2194    -0.2197    -0.0004   2.820453   2.820880   0.000426    34.1380    34.1441     7.7088    27.4213    27.4262    335.087  352.31062  353.82815          6  0.000e+00
      25240 326.476338  -62.20876  -58.30020     -0.072    1447.69      3.416      3.383    -0.2193    -0.2204    -0.0011    -0.2194    -0.2205    -0.0011   2.820465   2.820839   0.000374    34.1382    34.1445     7.7091    27.4214    27.4265    335.098  352.31010  353.82764          6  0.000e+00
      25241 326.476339  -62.20876  -58.30020     -0.079    1447.69      3.361      3.329    -0.2190    -0.2201    -0.0011    -0.2191    -0.2202    -0.0011   2.820453   2.820822   0.000368    34.1378    34.1439     7.7042    27.4211    27.4261    334.886  352.30868  353.82614          6  0.000e+00
      25242 326.476339  -62.20876  -58.30020     -0.077    1447.69      3.464      3.431    -0.2191    -0.2201    -0.0010    -0.2192    -0.2202    -0.0010   2.820465   2.820891   0.000426    34.1380    34.1448     7.7038    27.4212    27.4268    334.871  352.30912  353.82661          6  0.000e+00
      25243 326.476340  -62.20876  -58.30020     -0.077    1447.69      3.416      3.383    -0.2191    -0.2198    -0.0007    -0.2192    -0.2199    -0.0007   2.820490   2.820822   0.000332    34.1383    34.1435     7.7033    27.4215    27.4258    334.848  352.30816  353.82566          6  0.000e+00
      25244 326.476340  -62.20876  -58.30020     -0.077    1447.69      3.416      3.383    -0.2193    -0.2199    -0.0006    -0.2194    -0.2200    -0.0006   2.820465   2.820810   0.000345    34.1383    34.1435     7.7037    27.4215    27.4258    334.864  352.31046  353.82801          6  0.000e+00
      25245 326.476341  -62.20876  -58.30020     -0.076    1447.69      3.416      3.383    -0.2193    -0.2198    -0.0005    -0.2194    -0.2199    -0.0005   2.820465   2.820851   0.000385    34.1382    34.1439     7.7083    27.4214    27.4261    335.065  352.31010  353.82764          6  0.000e+00
      25246 326.476341  -62.20876  -58.30020     -0.081    1447.69      3.361      3.329    -0.2193    -0.2198    -0.0005    -0.2194    -0.2199    -0.0005   2.820471   2.820810   0.000339    34.1383    34.1434     7.7035    27.4215    27.4257    334.854  352.30979  353.82733          6  0.000e+00
      25247 326.476342  -62.20876  -58.30020     -0.080    1447.69      3.416      3.383    -0.2190    -0.2195    -0.0005    -0.2191    -0.2196    -0.0005   2.820453   2.820793   0.000339    34.1377    34.1428     7.7030    27.4210    27.4251    334.835  352.30878  353.82623          6  0.000e+00
      25248 326.476342  -62.20876  -58.30020     -0.078    1447.69      3.416      3.383    -0.2191    -0.2199    -0.0008    -0.2192    -0.2200    -0.0008   2.820465   2.820845   0.000379    34.1380    34.1440     7.7026    27.4213    27.4262    334.815  352.30904  353.82653          6  0.000e+00
      25249 326.476343  -62.20876  -58.30020     -0.073    1447.69      3.464      3.431    -0.2189    -0.2198    -0.0009    -0.2190    -0.2199    -0.0009   2.820472   2.820770   0.000298    34.1379    34.1428     7.7021    27.4211    27.4252    334.796  352.30784  353.82529          6  0.000e+00
      25250 326.476343  -62.20876  -58.30020     -0.076    1447.69      3.382      3.349    -0.2191    -0.2196    -0.0005    -0.2193    -0.2197    -0.0005   2.820453   2.820775   0.000322    34.1379    34.1427     7.7016    27.4212    27.4251    334.774  352.30978  353.82728          6  0.000e+00
      25251 326.476344  -62.20876  -58.30020     -0.073    1447.69      3.416      3.383    -0.2193    -0.2195    -0.0002    -0.2194    -0.2196    -0.0002   2.820484   2.820845   0.000361    34.1384    34.1435     7.7012    27.4216    27.4257    334.755  352.30944  353.82699          6  0.000e+00
      25252 326.476344  -62.20876  -58.30020     -0.070    1447.69      3.416      3.383    -0.2193    -0.2198    -0.0005    -0.2194    -0.2199    -0.0005   2.820459   2.820810   0.000351    34.1381    34.1434     7.7015    27.4214    27.4256    334.770  352.31032  353.82785          6  0.000e+00
      25253 326.476345  -62.20876  -58.30020     -0.073    1447.69      3.361      3.329    -0.2193    -0.2193     0.0000    -0.2194    -0.2194     0.0000   2.820465   2.820810   0.000345    34.1383    34.1429     7.7069    27.4215    27.4252    335.002  352.31036  353.82792          6  0.000e+00
      25254 326.476345  -62.20876  -58.30020     -0.069    1447.69      3.416      3.383    -0.2193    -0.2198    -0.0005    -0.2194    -0.2199    -0.0005   2.820471   2.820891   0.000420    34.1383    34.1445     7.7021    27.4215    27.4265    334.797  352.30988  353.82742          6  0.000e+00
      25255 326.476345  -62.20876  -58.30020     -0.068    1447.69      3.416      3.383    -0.2193    -0.2195    -0.0002    -0.2194    -0.2196    -0.0002   2.820471   2.820799   0.000327    34.1383    34.1429     7.7068    27.4215    27.4252    334.999  352.30988  353.82742          6  0.000e+00
      25256 326.476346  -62.20876  -58.30020     -0.067    1447.69      3.416      3.383    -0.2191    -0.2196    -0.0005    -0.2193    -0.2197    -0.0005   2.820453   2.820804   0.000351    34.1379    34.1431     7.7020    27.4212    27.4254    334.790  352.30984  353.82733          6  0.000e+00
      25257 326.476346  -62.20876  -58.30020     -0.062    1447.69      3.416      3.383    -0.2194    -0.2202    -0.0008    -0.2195    -0.2203    -0.0008   2.820465   2.820874   0.000408    34.1383    34.1447     7.7023    27.4215    27.4267    334.805  352.31081  353.82837          6  0.000e+00
      25258 326.476347  -62.20876  -58.30020     -0.064    1447.69      3.361      3.329    -0.2194    -0.2196    -0.0002    -0.2195    -0.2197    -0.0002   2.820453   2.820816   0.000362    34.1382    34.1433     7.7026    27.4214    27.4256    334.818  352.31116  353.82872          6  0.000e+00
      25259 326.476347  -62.20876  -58.30020     -0.059    1447.69      3.464      3.431    -0.2191    -0.2196    -0.0005    -0.2193    -0.2197    -0.0005   2.820447   2.820793   0.000345    34.1378    34.1430     7.7031    27.4211    27.4253    334.837  352.31014  353.82763          6  0.000e+00
      25260 326.476348  -62.20876  -58.30020     -0.057    1447.69      3.416      3.383    -0.2193    -0.2198    -0.0005    -0.2194    -0.2199    -0.0005   2.820447   2.820845   0.000397    34.1380    34.1438     7.7077    27.4212    27.4260    335.040  352.31077  353.82829          6  0.000e+00
      25261 326.476348  -62.20876  -58.30020     -0.054    1447.69      3.416      3.383    -0.2195    -0.2202    -0.0007    -0.2197    -0.2203    -0.0007   2.820447   2.820827   0.000380    34.1383    34.1441     7.7030    27.4215    27.4262    334.836  352.31253  353.83013          6  0.000e+00
      25262 326.476349  -62.20876  -58.30020     -0.052    1447.69      3.416      3.383    -0.2194    -0.2201    -0.0007    -0.2195    -0.2202    -0.0007   2.820447   2.820822   0.000374    34.1382    34.1439     7.7077    27.4214    27.4261    335.038  352.31183  353.82939          6  0.000e+00
      25263 326.476349  -62.20876  -58.30020     -0.049    1447.69      3.416      3.383    -0.2194    -0.2204    -0.0010    -0.2195    -0.2205    -0.0010   2.820429   2.820810   0.000381    34.1378    34.1441     7.7080    27.4212    27.4262    335.052  352.31214  353.82968          6  0.000e+00
      25264 326.476350  -62.20876  -58.30020     -0.046    1447.69      3.416      3.383    -0.2193    -0.2204    -0.0011    -0.2194    -0.2205    -0.0011   2.820459   2.820758   0.000299    34.1381    34.1434     7.7082    27.4214    27.4257    335.062  352.31032  353.82785          6  0.000e+00
      25265 326.476350  -62.20876  -58.30020     -0.039    1447.69      3.464      3.431    -0.2196    -0.2207    -0.0011    -0.2197    -0.2208    -0.0011   2.820453   2.820758   0.000305    34.1384    34.1437     7.7035    27.4216    27.4260    334.858  352.31275  353.83036          6  0.000e+00
      25266 326.476351  -62.20876  -58.30020     -0.039    1447.69      3.416      3.383    -0.2195    -0.2204    -0.0008    -0.2197    -0.2205    -0.0008   2.820447   2.820775   0.000328    34.1383    34.1436     7.7080    27.4215    27.4258    335.054  352.31253  353.83013          6  0.000e+00
      25267 326.476351  -62.20876  -58.30020     -0.032    1447.69      3.464      3.431    -0.2193    -0.2205    -0.0013    -0.2194    -0.2206    -0.0013   2.820447   2.820689   0.000241    34.1379    34.1426     7.7083    27.4212    27.4250    335.063  352.31085  353.82837          6  0.000e+00
      25268 326.476352  -62.20876  -58.30020     -0.030    1447.69      3.416      3.383    -0.2194    -0.2217    -0.0022    -0.2195    -0.2218    -0.0022   2.820465   2.820660   0.000194    34.1384    34.1435     7.7034    27.4216    27.4258    334.850  352.31116  353.82874          6  0.000e+00
      25269 326.476352  -62.20876  -58.30020     -0.026    1447.69      3.416      3.383    -0.2195    -0.2210    -0.0015    -0.2197    -0.2211    -0.0015   2.820471   2.820689   0.000217    34.1386    34.1431     7.7079    27.4218    27.4255    335.046  352.31165  353.82926          6  0.000e+00
      25270 326.476353  -62.20876  -58.30020     -0.022    1447.69      3.464      3.431    -0.2193    -0.2218    -0.0024    -0.2194    -0.2219    -0.0024   2.820453   2.820648   0.000195    34.1381    34.1434     7.7088    27.4213    27.4258    335.088  352.31098  353.82852          6  0.000e+00
      25271 326.476353  -62.20876  -58.30020     -0.015    1447.69      3.464      3.431    -0.2194    -0.2215    -0.0021    -0.2195    -0.2216    -0.0021   2.820447   2.820631   0.000184    34.1381    34.1429     7.7047    27.4213    27.4253    334.909  352.31155  353.82910          6  0.000e+00
      25272 326.476354  -62.20876  -58.30020     -0.014    1447.69      3.416      3.383    -0.2194    -0.2221    -0.0027    -0.2195    -0.2222    -0.0027   2.820447   2.820700   0.000253    34.1381    34.1445     7.7049    27.4213    27.4267    334.916  352.31147  353.82903          6  0.000e+00
      25273 326.476354  -62.20876  -58.30020     -0.007    1447.69      3.464      3.431    -0.2194    -0.2215    -0.0020    -0.2195    -0.2216    -0.0020   2.820447   2.820654   0.000207    34.1381    34.1432     7.7102    27.4214    27.4255    335.149  352.31191  353.82947          6  0.000e+00
      25274 326.476355  -62.20876  -58.30020     -0.006    1447.69      3.464      3.431    -0.2194    -0.2221    -0.0027    -0.2195    -0.2222    -0.0027   2.820447   2.820648   0.000201    34.1381    34.1438     7.7112    27.4213    27.4261    335.192  352.31155  353.82910          6  0.000e+00
      25275 326.476355  -62.20876  -58.30020     -0.001    1447.69      3.464      3.431    -0.2193    -0.2226    -0.0033    -0.2194    -0.2227    -0.0033   2.820465   2.820625   0.000160    34.1382    34.1440     7.7114    27.4214    27.4263    335.200  352.31018  353.82772          6  0.000e+00
      25276 326.476356  -62.20876  -58.30020      0.003    1447.69      3.464      3.431    -0.2196    -0.2229    -0.0033    -0.2197    -0.2230    -0.0033   2.820453   2.820585   0.000131    34.1384    34.1438     7.7066    27.4216    27.4261    334.991  352.31275  353.83036          6  0.000e+00
      25277 326.476356  -62.20876  -58.30020      0.007    1447.69      3.464      3.431    -0.2198    -0.2226    -0.0027    -0.2199    -0.2227    -0.0027   2.820429   2.820596   0.000167    34.1383    34.1436     7.7112    27.4216    27.4260    335.189  352.31504  353.83270          6  0.000e+00
      25278 326.476357  -62.20876  -58.30020      0.012    1447.69      3.464      3.431    -0.2200    -0.2227    -0.0027    -0.2201    -0.2228    -0.0027   2.820423   2.820637   0.000213    34.1384    34.1443     7.7113    27.4217    27.4265    335.197  352.31633  353.83403          6  0.000e+00
      25279 326.476357  -62.20876  -58.30020      0.016    1447.69      3.464      3.431    -0.2205    -0.2224    -0.0019    -0.2206    -0.2225    -0.0019   2.820357   2.820556   0.000199    34.1381    34.1429     7.7116    27.4214    27.4254    335.208  352.32194  353.83973          6  0.000e+00
      25280 326.476358  -62.20876  -58.30020      0.018    1447.69      3.485      3.451    -0.2211    -0.2227    -0.0016    -0.2212    -0.2228    -0.0016   2.820303   2.820602   0.000299    34.1381    34.1439     7.7119    27.4214    27.4262    335.219  352.32750  353.84540          6  0.000e+00
      25281 326.476358  -62.20876  -58.30020      0.022    1447.69      3.464      3.431    -0.2216    -0.2227    -0.0011    -0.2217    -0.2228    -0.0011   2.820309   2.820619   0.000310    34.1387    34.1441     7.7120    27.4219    27.4263    335.224  352.33007  353.84810          6  0.000e+00
      25282 326.476359  -62.20876  -58.30020      0.029    1447.69      3.512      3.478    -0.2216    -0.2229    -0.0012    -0.2217    -0.2230    -0.0012   2.820315   2.820550   0.000235    34.1388    34.1433     7.7121    27.4220    27.4257    335.228  352.33028  353.84834          6  0.000e+00
      25283 326.476359  -62.20876  -58.30020      0.030    1447.69      3.464      3.431    -0.2217    -0.2227    -0.0010    -0.2218    -0.2228    -0.0010   2.820273   2.820602   0.000329    34.1384    34.1439     7.7121    27.4217    27.4262    335.228  352.33246  353.85051          6  0.000e+00
      25284 326.476359  -62.20876  -58.30020      0.034    1447.69      3.512      3.478    -0.2219    -0.2230    -0.0011    -0.2220    -0.2231    -0.0011   2.820279   2.820579   0.000300    34.1386    34.1439     7.7121    27.4218    27.4262    335.230  352.33302  353.85111          6  0.000e+00
      25285 326.476360  -62.20876  -58.30020      0.038    1447.69      3.464      3.431    -0.2219    -0.2229    -0.0010    -0.2220    -0.2230    -0.0010   2.820225   2.820533   0.000308    34.1379    34.1431     7.7120    27.4213    27.4256    335.227  352.33529  353.85335          6  0.000e+00
