Pos-Processados/process_op38/operantar38_023.ros
* Sea-Bird SBE 9 Data File:
* FileName = D:\OPERANTAR_XXXVIII\DADOS\OP38_023.hdr
* Software Version Seasave V 7.18c
* Temperature SN = 4808
* Conductivity SN = 3380
* Number of Bytes Per Scan = 34
* Number of Voltage Words = 3
* Number of Scans Averaged by the Deck Unit = 1
* NMEA Latitude = 62 12.78 S
* NMEA Longitude = 058 20.56 W
* NMEA UTC (Time) = Nov 22 2019 18:35:31
** H41
** NAVIO POLAR ALMIRANTE MAXIMIANO
** CRUZEIRO:
** OPERANTAR XXXVIII
** ESTAÇÃO: OP38_023
** LAT 62 12,77'S
** LONG 058 20,58'W
** 09P73767-1155_A
** PROFUNDIDADE: 500
** DATA/HORA: 221836Z/NOV2019
** OPERADOR: SO-HN CHAVES
# nquan = 26
# nvalues = 1477                                  
# units = specified
# name 0 = scan: Scan Count
# name 1 = timeJ: Julian Days
# name 2 = latitude: Latitude [deg]
# name 3 = longitude: Longitude [deg]
# name 4 = dz/dtM: Descent Rate [m/s]
# name 5 = avgsvCM: Average Sound Velocity [Chen-Millero, m/s]
# name 6 = prDM: Pressure, Digiquartz [db]
# name 7 = depSM: Depth [salt water, m]
# name 8 = t090C: Temperature [ITS-90, deg C]
# name 9 = t190C: Temperature, 2 [ITS-90, deg C]
# name 10 = T2-T190C: Temperature Difference, 2 - 1 [ITS-90, deg C]
# name 11 = potemp090C: Potential Temperature [ITS-90, deg C]
# name 12 = potemp190C: Potential Temperature, 2 [ITS-90, deg C]
# name 13 = potemp90Cdiff: Potential Temperature, Diff, 2 - 1 [ITS-90, deg C]
# name 14 = c0S/m: Conductivity [S/m]
# name 15 = c1S/m: Conductivity, 2 [S/m]
# name 16 = C2-C1S/m: Conductivity Difference, 2 - 1 [S/m]
# name 17 = sal00: Salinity, Practical [PSU]
# name 18 = sal11: Salinity, Practical, 2 [PSU]
# name 19 = sbeox0ML/L: Oxygen, SBE 43 [ml/l]
# name 20 = sbeox1ML/L: Oxygen, SBE 43, 2 [ml/l]
# name 21 = sbeox0ML/Ldiff: Oxygen, SBE 43, Diff, 2 - 1 [ml/l]
# name 22 = sigma-é00: Density [sigma-theta, kg/m^3]
# name 23 = sigma-é11: Density, 2 [sigma-theta, kg/m^3]
# name 24 = nbf: Bottles Fired
# name 25 = flag:  0.000e+00
# interval = seconds: 0.0416667
# start_time = Nov 22 2019 18:35:31 [NMEA time, header]
# bad_flag = -9.990e-29
*END*
[from data line 1060]
      31396 326.789805  -62.21306  -58.34258     -0.109    1449.93      3.415      3.382    -0.2825    -0.2823     0.0002    -0.2826    -0.2824     0.0002   2.817476   2.817909   0.000433    34.1693    34.1748     7.6519     7.3606    -0.2914    27.4496    27.4541          6  0.000e+00
      31397 326.789805  -62.21306  -58.34258     -0.109    1449.93      3.469      3.436    -0.2825    -0.2823     0.0002    -0.2826    -0.2824     0.0002   2.817434   2.817927   0.000493    34.1687    34.1750     7.6520     7.3607    -0.2913    27.4491    27.4542          6  0.000e+00
      31398 326.789806  -62.21306  -58.34258     -0.113    1449.93      3.415      3.382    -0.2833    -0.2823     0.0010    -0.2834    -0.2824     0.0010   2.817368   2.817927   0.000559    34.1687    34.1751     7.6521     7.3607    -0.2913    27.4492    27.4542          6  0.000e+00
      31399 326.789806  -62.21306  -58.34258     -0.112    1449.93      3.469      3.436    -0.2840    -0.2821     0.0019    -0.2841    -0.2822     0.0019   2.817386   2.817927   0.000541    34.1697    34.1748     7.6529     7.3609    -0.2920    27.4500    27.4541          6  0.000e+00
      31400 326.789807  -62.21306  -58.34258     -0.117    1449.93      3.415      3.382    -0.2846    -0.2823     0.0023    -0.2847    -0.2824     0.0023   2.817356   2.817886   0.000531    34.1700    34.1745     7.6536     7.3610    -0.2927    27.4502    27.4538          6  0.000e+00
      31401 326.789807  -62.21306  -58.34258     -0.116    1449.93      3.469      3.436    -0.2844    -0.2819     0.0024    -0.2845    -0.2821     0.0024   2.817344   2.817933   0.000589    34.1696    34.1747     7.6544     7.3599    -0.2945    27.4499    27.4540          6  0.000e+00
      31402 326.789808  -62.21306  -58.34258     -0.128    1449.93      3.285      3.253    -0.2841    -0.2821     0.0020    -0.2842    -0.2822     0.0020   2.817344   2.817909   0.000566    34.1694    34.1747     7.6548     7.3598    -0.2950    27.4497    27.4540          6  0.000e+00
      31403 326.789808  -62.21306  -58.34258     -0.122    1449.93      3.517      3.484    -0.2836    -0.2823     0.0013    -0.2837    -0.2824     0.0013   2.817374   2.817938   0.000565    34.1691    34.1752     7.6556     7.3601    -0.2956    27.4495    27.4543          6  0.000e+00
      31404 326.789809  -62.21306  -58.34258     -0.123    1449.93      3.415      3.382    -0.2833    -0.2824     0.0009    -0.2834    -0.2825     0.0009   2.817368   2.817956   0.000588    34.1687    34.1756     7.6503     7.3600    -0.2903    27.4492    27.4547          6  0.000e+00
      31405 326.789809  -62.21306  -58.34258     -0.122    1449.93      3.415      3.382    -0.2836    -0.2821     0.0015    -0.2837    -0.2822     0.0015   2.817350   2.817909   0.000560    34.1689    34.1746     7.6554     7.3600    -0.2953    27.4493    27.4539          6  0.000e+00
      31406 326.789810  -62.21306  -58.34258     -0.127    1449.93      3.367      3.334    -0.2836    -0.2819     0.0017    -0.2837    -0.2821     0.0017   2.817380   2.817938   0.000559    34.1693    34.1749     7.6552     7.3600    -0.2952    27.4496    27.4541          6  0.000e+00
      31407 326.789810  -62.21306  -58.34258     -0.128    1449.93      3.415      3.382    -0.2839    -0.2819     0.0020    -0.2840    -0.2821     0.0020   2.817356   2.817933   0.000577    34.1693    34.1748     7.6552     7.3601    -0.2951    27.4496    27.4540          6  0.000e+00
      31408 326.789810  -62.21306  -58.34258     -0.126    1449.93      3.415      3.382    -0.2847    -0.2823     0.0024    -0.2848    -0.2824     0.0024   2.817362   2.817944   0.000582    34.1703    34.1753     7.6552     7.3602    -0.2950    27.4505    27.4544          6  0.000e+00
      31409 326.789811  -62.21306  -58.34258     -0.129    1449.93      3.367      3.334    -0.2843    -0.2818     0.0025    -0.2844    -0.2819     0.0025   2.817380   2.817933   0.000553    34.1700    34.1746     7.6549     7.3601    -0.2948    27.4502    27.4539          6  0.000e+00
      31410 326.789811  -62.21306  -58.34258     -0.128    1449.93      3.367      3.335    -0.2843    -0.2818     0.0025    -0.2844    -0.2819     0.0025   2.817410   2.817927   0.000517    34.1704    34.1746     7.6546     7.3602    -0.2945    27.4506    27.4538          6  0.000e+00
      31411 326.789812  -62.21306  -58.34258     -0.130    1449.93      3.367      3.335    -0.2841    -0.2824     0.0017    -0.2842    -0.2825     0.0017   2.817458   2.817927   0.000469    34.1709    34.1753     7.6543     7.3603    -0.2940    27.4509    27.4544          6  0.000e+00
      31412 326.789812  -62.21306  -58.34258     -0.131    1449.93      3.415      3.382    -0.2838    -0.2824     0.0014    -0.2839    -0.2825     0.0014   2.817458   2.817846   0.000388    34.1705    34.1741     7.6540     7.3547    -0.2993    27.4506    27.4535          6  0.000e+00
      31413 326.789813  -62.21306  -58.34258     -0.129    1449.93      3.367      3.335    -0.2830    -0.2829     0.0001    -0.2831    -0.2830     0.0001   2.817452   2.817881   0.000429    34.1695    34.1752     7.6543     7.3594    -0.2949    27.4498    27.4544          6  0.000e+00
      31414 326.789813  -62.21306  -58.34258     -0.128    1449.93      3.367      3.335    -0.2827    -0.2827    -0.0000    -0.2828    -0.2828    -0.0000   2.817470   2.817840   0.000370    34.1695    34.1744     7.6598     7.3595    -0.3003    27.4497    27.4538          6  0.000e+00
      31415 326.789814  -62.21306  -58.34258     -0.128    1449.93      3.367      3.335    -0.2822    -0.2829    -0.0007    -0.2824    -0.2830    -0.0007   2.817464   2.817857   0.000394    34.1689    34.1749     7.6550     7.3596    -0.2954    27.4492    27.4541          6  0.000e+00
      31416 326.789814  -62.21306  -58.34258     -0.130    1449.93      3.367      3.335    -0.2825    -0.2824     0.0001    -0.2826    -0.2825     0.0001   2.817488   2.817892   0.000404    34.1695    34.1748     7.6547     7.3539    -0.3008    27.4498    27.4540          6  0.000e+00
      31417 326.789815  -62.21306  -58.34258     -0.129    1449.93      3.319      3.287    -0.2825    -0.2821     0.0004    -0.2826    -0.2822     0.0004   2.817482   2.817921   0.000439    34.1695    34.1749     7.6550     7.3585    -0.2965    27.4497    27.4541          6  0.000e+00
      31418 326.789815  -62.21306  -58.34258     -0.126    1449.93      3.367      3.335    -0.2826    -0.2818     0.0008    -0.2827    -0.2819     0.0008   2.817494   2.817967   0.000473    34.1697    34.1751     7.6555     7.3586    -0.2968    27.4499    27.4542          6  0.000e+00
      31419 326.789816  -62.21306  -58.34258     -0.127    1449.93      3.367      3.335    -0.2822    -0.2818     0.0004    -0.2824    -0.2819     0.0004   2.817518   2.817938   0.000420    34.1696    34.1747     7.6558     7.3588    -0.2969    27.4498    27.4539          6  0.000e+00
      31420 326.789816  -62.21306  -58.34258     -0.126    1449.93      3.319      3.287    -0.2827    -0.2816     0.0011    -0.2828    -0.2817     0.0011   2.817506   2.818008   0.000502    34.1700    34.1755     7.6554     7.3588    -0.2966    27.4501    27.4545          6  0.000e+00
      31421 326.789817  -62.21306  -58.34258     -0.122    1449.93      3.415      3.382    -0.2828    -0.2815     0.0013    -0.2829    -0.2816     0.0013   2.817470   2.818031   0.000561    34.1696    34.1756     7.6551     7.3590    -0.2961    27.4498    27.4546          6  0.000e+00
      31422 326.789817  -62.21306  -58.34258     -0.123    1449.93      3.319      3.287    -0.2825    -0.2810     0.0015    -0.2826    -0.2811     0.0015   2.817512   2.817990   0.000478    34.1699    34.1745     7.6545     7.3533    -0.3012    27.4500    27.4538          6  0.000e+00
      31423 326.789818  -62.21306  -58.34258     -0.120    1449.93      3.319      3.287    -0.2822    -0.2816     0.0006    -0.2824    -0.2817     0.0006   2.817530   2.818019   0.000489    34.1698    34.1756     7.6539     7.3582    -0.2957    27.4500    27.4547          6  0.000e+00
      31424 326.789818  -62.21306  -58.34258     -0.117    1449.93      3.367      3.335    -0.2822    -0.2818     0.0004    -0.2824    -0.2819     0.0004   2.817506   2.817990   0.000484    34.1694    34.1754     7.6542     7.3584    -0.2958    27.4497    27.4545          6  0.000e+00
      31425 326.789819  -62.21306  -58.34258     -0.117    1449.93      3.319      3.287    -0.2825    -0.2816     0.0009    -0.2826    -0.2817     0.0009   2.817500   2.817996   0.000496    34.1697    34.1753     7.6537     7.3586    -0.2951    27.4499    27.4544          6  0.000e+00
      31426 326.789819  -62.21306  -58.34258     -0.113    1449.93      3.367      3.335    -0.2825    -0.2816     0.0009    -0.2826    -0.2817     0.0009   2.817500   2.817967   0.000467    34.1697    34.1749     7.6532     7.3588    -0.2944    27.4499    27.4541          6  0.000e+00
      31427 326.789820  -62.21306  -58.34258     -0.111    1449.93      3.319      3.287    -0.2824    -0.2823     0.0001    -0.2825    -0.2824     0.0001   2.817530   2.817973   0.000443    34.1699    34.1757     7.6525     7.3590    -0.2934    27.4501    27.4548          6  0.000e+00
      31428 326.789820  -62.21306  -58.34258     -0.109    1449.93      3.367      3.335    -0.2813    -0.2823    -0.0010    -0.2814    -0.2824    -0.0010   2.817548   2.817961   0.000413    34.1689    34.1756     7.6576     7.3593    -0.2983    27.4492    27.4546          6  0.000e+00
      31429 326.789821  -62.21306  -58.34258     -0.106    1449.93      3.319      3.287    -0.2807    -0.2821    -0.0014    -0.2808    -0.2822    -0.0014   2.817590   2.817892   0.000302    34.1688    34.1745     7.6583     7.3537    -0.3046    27.4491    27.4538          6  0.000e+00
      31430 326.789821  -62.21306  -58.34258     -0.103    1449.93      3.367      3.335    -0.2807    -0.2821    -0.0014    -0.2808    -0.2822    -0.0014   2.817608   2.817933   0.000324    34.1690    34.1750     7.6591     7.3528    -0.3063    27.4493    27.4542          6  0.000e+00
      31431 326.789822  -62.21306  -58.34258     -0.099    1449.93      3.319      3.287    -0.2808    -0.2824    -0.0016    -0.2809    -0.2825    -0.0016   2.817608   2.817909   0.000301    34.1692    34.1750     7.6548     7.3578    -0.2971    27.4494    27.4542          6  0.000e+00
      31432 326.789822  -62.21306  -58.34258     -0.095    1449.93      3.367      3.335    -0.2813    -0.2819    -0.0007    -0.2814    -0.2821    -0.0007   2.817566   2.817938   0.000372    34.1691    34.1749     7.6551     7.3580    -0.2971    27.4494    27.4541          6  0.000e+00
      31433 326.789823  -62.21306  -58.34258     -0.096    1449.93      3.285      3.253    -0.2808    -0.2815    -0.0007    -0.2809    -0.2816    -0.0007   2.817608   2.817956   0.000347    34.1692    34.1746     7.6549     7.3581    -0.2968    27.4494    27.4539          6  0.000e+00
      31434 326.789823  -62.21306  -58.34258     -0.088    1449.93      3.415      3.382    -0.2810    -0.2824    -0.0014    -0.2811    -0.2825    -0.0014   2.817590   2.817909   0.000319    34.1691    34.1750     7.6544     7.3587    -0.2957    27.4494    27.4542          6  0.000e+00
      31435 326.789823  -62.21306  -58.34258     -0.085    1449.93      3.319      3.287    -0.2814    -0.2823    -0.0008    -0.2815    -0.2824    -0.0008   2.817518   2.817961   0.000443    34.1687    34.1756     7.6537     7.3531    -0.3006    27.4491    27.4547          6  0.000e+00
      31436 326.789824  -62.21306  -58.34258     -0.083    1449.93      3.319      3.287    -0.2813    -0.2821    -0.0008    -0.2814    -0.2822    -0.0008   2.817518   2.817938   0.000420    34.1686    34.1751     7.6529     7.3580    -0.2948    27.4490    27.4543          6  0.000e+00
      31437 326.789824  -62.21306  -58.34258     -0.079    1449.93      3.367      3.335    -0.2817    -0.2816     0.0001    -0.2818    -0.2817     0.0001   2.817530   2.817944   0.000414    34.1692    34.1746     7.6522     7.3572    -0.2950    27.4494    27.4538          6  0.000e+00
      31438 326.789825  -62.21306  -58.34258     -0.073    1449.93      3.367      3.335    -0.2817    -0.2818    -0.0001    -0.2818    -0.2819    -0.0001   2.817530   2.817933   0.000402    34.1692    34.1746     7.6521     7.3575    -0.2946    27.4494    27.4539          6  0.000e+00
      31439 326.789825  -62.21306  -58.34258     -0.069    1449.93      3.367      3.335    -0.2819    -0.2819    -0.0000    -0.2820    -0.2821    -0.0000   2.817536   2.817944   0.000408    34.1694    34.1749     7.6521     7.3578    -0.2943    27.4497    27.4541          6  0.000e+00
      31440 326.789826  -62.21306  -58.34258     -0.067    1449.93      3.319      3.287    -0.2819    -0.2819    -0.0000    -0.2820    -0.2821    -0.0000   2.817506   2.817956   0.000450    34.1691    34.1751     7.6520     7.3522    -0.2997    27.4494    27.4543          6  0.000e+00
      31441 326.789826  -62.21306  -58.34258     -0.060    1449.93      3.367      3.335    -0.2819    -0.2819    -0.0000    -0.2820    -0.2821    -0.0000   2.817500   2.817892   0.000392    34.1690    34.1742     7.6512     7.3573    -0.2939    27.4493    27.4536          6  0.000e+00
      31442 326.789827  -62.21306  -58.34258     -0.055    1449.93      3.367      3.335    -0.2821    -0.2827    -0.0006    -0.2822    -0.2828    -0.0006   2.817500   2.817909   0.000409    34.1692    34.1754     7.6562     7.3577    -0.2985    27.4495    27.4545          6  0.000e+00
      31443 326.789827  -62.21306  -58.34258     -0.050    1449.93      3.367      3.335    -0.2821    -0.2823    -0.0002    -0.2822    -0.2824    -0.0002   2.817500   2.817886   0.000386    34.1691    34.1746     7.6568     7.3580    -0.2988    27.4494    27.4538          6  0.000e+00
      31444 326.789828  -62.21306  -58.34258     -0.044    1449.93      3.367      3.335    -0.2827    -0.2823     0.0004    -0.2828    -0.2824     0.0004   2.817464   2.817909   0.000446    34.1694    34.1749     7.6576     7.3583    -0.2993    27.4497    27.4541          6  0.000e+00
      31445 326.789828  -62.21306  -58.34258     -0.042    1449.93      3.367      3.335    -0.2824    -0.2828    -0.0004    -0.2825    -0.2829    -0.0004   2.817482   2.817886   0.000404    34.1692    34.1751     7.6530     7.3587    -0.2942    27.4495    27.4543          6  0.000e+00
      31446 326.789829  -62.21306  -58.34258     -0.033    1449.93      3.415      3.382    -0.2827    -0.2826     0.0001    -0.2828    -0.2827     0.0001   2.817494   2.817852   0.000358    34.1698    34.1744     7.6529     7.3591    -0.2938    27.4500    27.4537          6  0.000e+00
      31578 326.789892  -62.21306  -58.34258      0.007    1449.93      3.567      3.532    -0.2742    -0.2792    -0.0049    -0.2743    -0.2793    -0.0049   2.818204   2.818123  -0.000081    34.1696    34.1741     7.6524     7.3612    -0.2912    27.4495    27.4533          7  0.000e+00
      31579 326.789893  -62.21306  -58.34258      0.008    1449.93      3.471      3.438    -0.2726    -0.2790    -0.0065    -0.2727    -0.2791    -0.0065   2.818324   2.818112  -0.000212    34.1694    34.1738     7.6525     7.3600    -0.2925    27.4492    27.4531          7  0.000e+00
      31580 326.789893  -62.21306  -58.34258      0.009    1449.93      3.567      3.532    -0.2714    -0.2790    -0.0077    -0.2715    -0.2791    -0.0077   2.818390   2.818112  -0.000279    34.1689    34.1738     7.6478     7.3601    -0.2877    27.4487    27.4530          7  0.000e+00
