Pos-Processados/process_op38/operantar38_010.cnv
* Sea-Bird SBE 9 Data File:
* FileName = D:\OPERANTAR_XXXVIII\DADOS\OP38_010.hdr
* Software Version Seasave V 7.18c
* Temperature SN = 4808
* Conductivity SN = 3380
* Number of Bytes Per Scan = 31
* Number of Voltage Words = 2
* Number of Scans Averaged by the Deck Unit = 1
* NMEA Latitude = 43 58.12 S
* NMEA Longitude = 053 08.81 W
* NMEA UTC (Time) = Oct 20 2019 12:04:22
** H41
** NAVIO POLAR ALMIRANTE MAXIMIANO
** CRUZEIRO:
** OPERANTAR XXXVIII
** ESTAÇÃO: OP38_010
** LAT 43 58,10'S
** LONG 053 08,81'W
** 09P73767-1155
** PROFUNDIDADE: 5740
** DATA/HORA: 201205Z/OUT/19
** OPERADOR: SO-HN CHAVES
# nquan = 32
# nvalues = 2114                        
# units = specified
# name 0 = scan: Scan Count
# name 1 = timeJ: Julian Days
# name 2 = latitude: Latitude [deg]
# name 3 = longitude: Longitude [deg]
# name 4 = dz/dtM: Descent Rate [m/s]
# name 5 = avgsvCM: Average Sound Velocity [Chen-Millero, m/s]
# name 6 = prDM: Pressure, Digiquartz [db]
# name 7 = depSM: Depth [salt water, m]
# name 8 = t090C: Temperature [ITS-90, deg C]
# name 9 = t190C: Temperature, 2 [ITS-90, deg C]
# name 10 = T2-T190C: Temperature Difference, 2 - 1 [ITS-90, deg C]
# name 11 = potemp090C: Potential Temperature [ITS-90, deg C]
# name 12 = potemp190C: Potential Temperature, 2 [ITS-90, deg C]
# name 13 = potemp90Cdiff: Potential Temperature, Diff, 2 - 1 [ITS-90, deg C]
# name 14 = c0S/m: Conductivity [S/m]
# name 15 = c1S/m: Conductivity, 2 [S/m]
# name 16 = C2-C1S/m: Conductivity Difference, 2 - 1 [S/m]
# name 17 = sal00: Salinity, Practical [PSU]
# name 18 = sal11: Salinity, Practical, 2 [PSU]
# name 19 = sbeox0ML/L: Oxygen, SBE 43 [ml/l]
# name 20 = sbeox1ML/L: Oxygen, SBE 43, 2 [ml/l]
# name 21 = sbeox0ML/Ldiff: Oxygen, SBE 43, Diff, 2 - 1 [ml/l]
# name 22 = sigma-é00: Density [sigma-theta, kg/m^3]
# name 23 = sigma-é11: Density, 2 [sigma-theta, kg/m^3]
# name 24 = sal00: Salinity, Practical [PSU]
# name 25 = sigma-é00: Density [sigma-theta, kg/m^3]
# name 26 = svCM: Sound Velocity [Chen-Millero, m/s]
# name 27 = svCM1: Sound Velocity, 2 [Chen-Millero, m/s]
# name 28 = gsw_ptA0: potential temperature [ITS-90, deg C]
# name 29 = gsw_densityA0: density, TEOS-10 [density, kg/m^3]
# name 30 = gsw_saA0: Absolute Salinity [g/kg]
# name 31 = flag:
# span 0 =       2352,      69201       
# span 1 = 293.504166, 293.536404       
# span 2 =  -43.98455,  -43.96866       
# span 3 =  -53.14692,  -53.14225       
# span 4 =     -1.437,      1.453       
# span 5 =       0.00,    1508.42       
# span 6 =      2.000,   1059.000       
# span 7 =      2.030,   1047.827       
# span 8 =     3.7707,    14.2396       
# span 9 =     3.7720,    14.2437       
# span 10 =    -0.0510,     0.0271      
# span 11 =     3.6925,    14.2391      
# span 12 =     3.6937,    14.2432      
# span 13 =    -0.0508,     0.0269      
# span 14 =   3.216257,   4.299378      
# span 15 =   3.216731,   4.300119      
# span 16 =  -0.004643,   0.002914      
# span 17 =    34.1926,    35.6751      
# span 18 =    34.1978,    35.6808      
# span 19 =     4.8076,     5.8359      
# span 20 =     4.5977,     5.5663      
# span 21 =    -0.3055,    -0.1587      
# span 22 =    26.6565,    27.1971      
# span 23 =    26.6597,    27.2003      
# span 24 =    34.1902,    35.6743      
# span 25 =    26.6567,    27.1968      
# span 26 =    1481.80,    1511.03      
# span 27 =    1481.82,    1511.04      
# span 28 =     3.6923,    14.2391      
# span 29 =  1026.6710,  1032.0808      
# span 30 =    34.3548,    35.8431      
# span 31 = 0.0000e+00, 0.0000e+00      
# interval = decibars: 1                
# start_time = Oct 20 2019 12:04:22 [NMEA time, header]
# bad_flag = -9.990e-29
*END*
[from data line 2040]
      60432 293.532176  -43.98176  -53.14306     -0.604    1496.44     75.000     74.385    14.1992    14.2002     0.0010    14.1883    14.1893     0.0010   4.289053   4.289764   0.000710    35.6739    35.6796     5.3829     5.1603    -0.2226    26.6681    26.6723    35.6739    26.6681    1506.15    1506.16    14.1883  1027.0031    35.8424 0.0000e+00
      60472 293.532195  -43.98177  -53.14306     -0.620    1496.44     74.000     73.393    14.1990    14.1999     0.0010    14.1881    14.1891     0.0010   4.288978   4.289691   0.000713    35.6739    35.6796     5.3761     5.1660    -0.2100    26.6681    26.6724    35.6739    26.6681    1506.13    1506.14    14.1881  1026.9987    35.8424 0.0000e+00
      60526 293.532221  -43.98179  -53.14305     -0.429    1496.44     73.000     72.401    14.1988    14.1997     0.0009    14.1882    14.1890     0.0009   4.288911   4.289618   0.000707    35.6738    35.6796     5.3640     5.1603    -0.2037    26.6681    26.6724    35.6738    26.6680    1506.12    1506.13    14.1881  1026.9942    35.8423 0.0000e+00
      60584 293.532249  -43.98181  -53.14304     -0.421    1496.44     72.000     71.410    14.1986    14.1994     0.0008    14.1881    14.1889     0.0008   4.288842   4.289550   0.000709    35.6738    35.6797     5.3740     5.1596    -0.2144    26.6681    26.6724    35.6738    26.6680    1506.10    1506.11    14.1881  1026.9898    35.8423 0.0000e+00
      60639 293.532275  -43.98183  -53.14304     -0.435    1496.44     71.000     70.418    14.1985    14.1993     0.0008    14.1881    14.1889     0.0008   4.288789   4.289491   0.000702    35.6738    35.6796     5.3806     5.1705    -0.2102    26.6681    26.6724    35.6738    26.6681    1506.08    1506.09    14.1881  1026.9854    35.8423 0.0000e+00
      60684 293.532297  -43.98184  -53.14304     -0.531    1496.44     70.000     69.427    14.1983    14.1992     0.0009    14.1881    14.1889     0.0009   4.288729   4.289444   0.000715    35.6739    35.6797     5.3818     5.1660    -0.2159    26.6681    26.6724    35.6739    26.6681    1506.07    1506.08    14.1880  1026.9810    35.8424 0.0000e+00
      60728 293.532318  -43.98186  -53.14304     -0.542    1496.44     69.000     68.434    14.1984    14.1993     0.0009    14.1883    14.1892     0.0009   4.288685   4.289408   0.000724    35.6738    35.6797     5.3652     5.1673    -0.1979    26.6680    26.6724    35.6738    26.6680    1506.05    1506.06    14.1883  1026.9765    35.8423 0.0000e+00
      60765 293.532336  -43.98186  -53.14302     -0.629    1496.44     68.000     67.443    14.1983    14.1992     0.0009    14.1884    14.1893     0.0009   4.288646   4.289342   0.000697    35.6739    35.6796     5.3736     5.1621    -0.2115    26.6681    26.6723    35.6739    26.6680    1506.03    1506.04    14.1884  1026.9722    35.8424 0.0000e+00
      60813 293.532359  -43.98188  -53.14302     -0.519    1496.44     67.000     66.452    14.1980    14.1989     0.0009    14.1882    14.1891     0.0009   4.288555   4.289266   0.000711    35.6738    35.6796     5.3848     5.1587    -0.2261    26.6680    26.6723    35.6738    26.6680    1506.02    1506.03    14.1882  1026.9677    35.8423 0.0000e+00
      60882 293.532392  -43.98190  -53.14302     -0.314    1496.44     66.000     65.460    14.1978    14.1987     0.0010    14.1881    14.1891     0.0010   4.288467   4.289191   0.000724    35.6736    35.6795     5.3777     5.1524    -0.2253    26.6679    26.6722    35.6736    26.6679    1506.00    1506.01    14.1881  1026.9632    35.8421 0.0000e+00
      60929 293.532415  -43.98192  -53.14301     -0.516    1496.44     65.000     64.470    14.1976    14.1985     0.0009    14.1881    14.1890     0.0009   4.288412   4.289123   0.000712    35.6737    35.6795     5.3601     5.1571    -0.2031    26.6680    26.6723    35.6736    26.6680    1505.98    1505.99    14.1881  1026.9588    35.8422 0.0000e+00
      60963 293.532431  -43.98192  -53.14300     -0.692    1496.44     64.000     63.474    14.1972    14.1981     0.0009    14.1879    14.1887     0.0009   4.288334   4.289031   0.000696    35.6737    35.6794     5.3687     5.1730    -0.1956    26.6681    26.6722    35.6737    26.6680    1505.96    1505.97    14.1879  1026.9545    35.8422 0.0000e+00
      61001 293.532450  -43.98194  -53.14300     -0.648    1496.44     63.000     62.486    14.1972    14.1982     0.0009    14.1880    14.1889     0.0009   4.288292   4.289009   0.000717    35.6738    35.6796     5.3640     5.1714    -0.1926    26.6680    26.6723    35.6737    26.6680    1505.95    1505.96    14.1880  1026.9501    35.8422 0.0000e+00
      61059 293.532478  -43.98195  -53.14300     -0.408    1496.44     62.000     61.494    14.1971    14.1981     0.0010    14.1881    14.1890     0.0010   4.288226   4.288949   0.000721    35.6737    35.6795     5.3767     5.1570    -0.2197    26.6680    26.6723    35.6736    26.6679    1505.93    1505.94    14.1881  1026.9456    35.8421 0.0000e+00
      61145 293.532519  -43.98198  -53.14300     -0.246    1496.44     61.000     60.500    14.1968    14.1978     0.0010    14.1879    14.1889     0.0010   4.288140   4.288849   0.000709    35.6735    35.6792     5.3597     5.1642    -0.1956    26.6679    26.6721    35.6735    26.6679    1505.91    1505.92    14.1879  1026.9411    35.8420 0.0000e+00
      61238 293.532564  -43.98201  -53.14298     -0.246    1496.44     60.000     59.513    14.1967    14.1977     0.0009    14.1880    14.1889     0.0009   4.288098   4.288812   0.000712    35.6737    35.6794     5.3718     5.1606    -0.2111    26.6680    26.6722    35.6736    26.6680    1505.90    1505.90    14.1880  1026.9368    35.8421 0.0000e+00
      61434 293.532659  -43.98208  -53.14298     -0.187    1496.44     59.000     58.511    14.1967    14.1977     0.0009    14.1881    14.1890     0.0009   4.288047   4.288765   0.000719    35.6736    35.6794     5.3743     5.1630    -0.2113    26.6679    26.6722    35.6736    26.6679    1505.88    1505.89    14.1881  1026.9323    35.8421 0.0000e+00
      61508 293.532694  -43.98210 -9.990e-29     -0.350    1496.44     58.000     57.526    14.1965    14.1974     0.0010    14.1880    14.1890     0.0010   4.287990   4.288691   0.000703    35.6737    35.6794     5.3727     5.1623    -0.2104    26.6680    26.6722    35.6737    26.6680    1505.86    1505.87    14.1880  1026.9280    35.8422 0.0000e+00
      61629 293.532753  -43.98214  -53.14294     -0.341    1496.44     57.000     56.534    14.1964    14.1973     0.0009    14.1881    14.1890     0.0009   4.287933   4.288639   0.000704    35.6737    35.6794     5.3806     5.1599    -0.2207    26.6680    26.6722    35.6736    26.6679    1505.84    1505.85    14.1881  1026.9235    35.8421 0.0000e+00
      61728 293.532800  -43.98217  -53.14293     -0.212    1496.44     56.000     55.543    14.1961    14.1971     0.0010    14.1879    14.1889     0.0010   4.287853   4.288563   0.000709    35.6736    35.6793     5.3754     5.1697    -0.2056    26.6680    26.6722    35.6736    26.6679    1505.83    1505.84    14.1879  1026.9191    35.8421 0.0000e+00
      61815 293.532842  -43.98219  -53.14292     -0.279    1496.44     55.000     54.552    14.1961    14.1971     0.0010    14.1880    14.1890     0.0010   4.287804   4.288523   0.000721    35.6736    35.6794     5.3847     5.1657    -0.2190    26.6680    26.6722    35.6736    26.6679    1505.81    1505.82    14.1880  1026.9147    35.8421 0.0000e+00
      61896 293.532882  -43.98222  -53.14292     -0.347    1496.44     54.000     53.558    14.1957    14.1966     0.0009    14.1878    14.1887     0.0009   4.287720   4.288420   0.000697    35.6736    35.6792     5.3766     5.1630    -0.2136    26.6679    26.6721    35.6735    26.6679    1505.79    1505.80    14.1879  1026.9103    35.8420 0.0000e+00
      61958 293.532911  -43.98224  -53.14292     -0.387    1496.44     53.000     52.570    14.1959    14.1969     0.0010    14.1881    14.1891     0.0010   4.287690   4.288405   0.000715    35.6736    35.6793     5.3731     5.1603    -0.2128    26.6679    26.6721    35.6735    26.6679    1505.78    1505.79    14.1882  1026.9058    35.8420 0.0000e+00
      62032 293.532947  -43.98226  -53.14290     -0.311    1496.44     52.000     51.577    14.1959    14.1968     0.0010    14.1883    14.1893     0.0010   4.287647   4.288354   0.000706    35.6736    35.6793     5.3756     5.1661    -0.2095    26.6679    26.6720    35.6735    26.6678    1505.76    1505.77    14.1883  1026.9013    35.8420 0.0000e+00
      62115 293.532987  -43.98229  -53.14290     -0.280    1496.44     51.000     50.584    14.1953    14.1963     0.0011    14.1878    14.1889     0.0011   4.287524   4.288242   0.000719    35.6734    35.6792     5.3733     5.1595    -0.2137    26.6678    26.6720    35.6734    26.6678    1505.74    1505.75    14.1878  1026.8969    35.8419 0.0000e+00
      62180 293.533018  -43.98232  -53.14288     -0.413    1496.44     50.000     49.595    14.1952    14.1962     0.0009    14.1879    14.1888     0.0009   4.287470   4.288185   0.000713    35.6734    35.6792     5.3748     5.1692    -0.2056    26.6678    26.6721    35.6734    26.6678    1505.72    1505.73    14.1879  1026.8924    35.8418 0.0000e+00
      62239 293.533047  -43.98233  -53.14288     -0.378    1496.44     49.000     48.603    14.1950    14.1960     0.0010    14.1878    14.1889     0.0010   4.287403   4.288116   0.000712    35.6734    35.6791     5.3836     5.1667    -0.2169    26.6678    26.6720    35.6734    26.6678    1505.71    1505.72    14.1878  1026.8881    35.8419 0.0000e+00
      63541 293.533675  -43.98274  -53.14278     -0.196    1496.44     48.000     47.604    14.1957    14.1968     0.0011    14.1886    14.1898     0.0011   4.287440   4.288153   0.000711    35.6736    35.6791     5.3768     5.1618    -0.2150    26.6677    26.6718    35.6735    26.6677    1505.69    1505.70    14.1887  1026.8836    35.8420 0.0000e+00
      65837 293.534782  -43.98347  -53.14254     -0.329    1496.44     47.000     46.617    14.1972    14.1990     0.0018    14.1904    14.1921     0.0018   4.287555   4.288308   0.000751    35.6736    35.6789     5.3843     5.1551    -0.2292    26.6674    26.6712    35.6736    26.6674    1505.68    1505.69    14.1904  1026.8789    35.8420 0.0000e+00
      65902 293.534813  -43.98349  -53.14254     -0.342    1496.44     46.000     45.626    14.1973    14.1991     0.0018    14.1906    14.1924     0.0018   4.287523   4.288279   0.000753    35.6737    35.6790     5.3720     5.1681    -0.2039    26.6674    26.6712    35.6737    26.6674    1505.66    1505.68    14.1906  1026.8744    35.8421 0.0000e+00
      65995 293.534858  -43.98352  -53.14252     -0.227    1496.44     45.000     44.635    14.1980    14.1995     0.0015    14.1915    14.1929     0.0015   4.287554   4.288272   0.000720    35.6736    35.6790     5.3827     5.1636    -0.2191    26.6672    26.6710    35.6737    26.6673    1505.65    1505.66    14.1915  1026.8699    35.8421 0.0000e+00
      66082 293.534900  -43.98355  -53.14252     -0.362    1496.44     44.000     43.640    14.1984    14.1998     0.0014    14.1919    14.1933     0.0014   4.287534   4.288248   0.000713    35.6736    35.6790     5.3773     5.1718    -0.2055    26.6671    26.6709    35.6736    26.6671    1505.63    1505.65    14.1919  1026.8653    35.8420 0.0000e+00
      66150 293.534933  -43.98357  -53.14251     -0.337    1496.44     43.000     42.651    14.1985    14.2000     0.0015    14.1923    14.1938     0.0015   4.287502   4.288221   0.000718    35.6736    35.6789     5.3801     5.1692    -0.2109    26.6670    26.6708    35.6736    26.6670    1505.62    1505.63    14.1923  1026.8608    35.8420 0.0000e+00
      66234 293.534973  -43.98360  -53.14250     -0.278    1496.44     42.000     41.658    14.1980    14.1995     0.0015    14.1919    14.1934     0.0015   4.287404   4.288120   0.000717    35.6736    35.6789     5.3722     5.1648    -0.2074    26.6671    26.6708    35.6735    26.6670    1505.60    1505.61    14.1919  1026.8564    35.8420 0.0000e+00
      66306 293.535008  -43.98362  -53.14250     -0.330    1496.44     41.000     40.668    14.1976    14.1992     0.0016    14.1916    14.1932     0.0016   4.287320   4.288041   0.000721    35.6736    35.6789     5.3816     5.1705    -0.2111    26.6671    26.6709    35.6735    26.6671    1505.58    1505.59    14.1917  1026.8521    35.8420 0.0000e+00
      66396 293.535052  -43.98365  -53.14250     -0.271    1496.44     40.000     39.674    14.1972    14.1987     0.0016    14.1913    14.1929     0.0016   4.287222   4.287948   0.000727    35.6735    35.6789     5.3602     5.1723    -0.1880    26.6672    26.6709    35.6735    26.6671    1505.57    1505.58    14.1913  1026.8477    35.8420 0.0000e+00
      66460 293.535082  -43.98367 -9.990e-29     -0.357    1496.44     39.000     38.684    14.1972    14.1987     0.0015    14.1915    14.1930     0.0015   4.287182   4.287904   0.000722    35.6735    35.6789     5.3726     5.1695    -0.2031    26.6671    26.6709    35.6735    26.6671    1505.55    1505.56    14.1916  1026.8433    35.8420 0.0000e+00
      66530 293.535116  -43.98369 -9.990e-29     -0.348    1496.44     38.000     37.692    14.1970    14.1984     0.0014    14.1914    14.1929     0.0014   4.287107   4.287828   0.000721    35.6734    35.6788     5.3773     5.1761    -0.2012    26.6671    26.6709    35.6734    26.6671    1505.53    1505.54    14.1914  1026.8388    35.8419 0.0000e+00
      66607 293.535153  -43.98372  -53.14246     -0.300    1496.44     37.000     36.699    14.1969    14.1983     0.0015    14.1915    14.1930     0.0015   4.287051   4.287772   0.000720    35.6735    35.6788     5.3815     5.1690    -0.2124    26.6671    26.6709    35.6734    26.6670    1505.51    1505.53    14.1915  1026.8344    35.8419 0.0000e+00
      66665 293.535181  -43.98374  -53.14246     -0.376    1496.44     36.000     35.709    14.1967    14.1982     0.0014    14.1915    14.1929     0.0014   4.286998   4.287703   0.000705    35.6735    35.6788     5.3788     5.1683    -0.2105    26.6671    26.6709    35.6735    26.6671    1505.50    1505.51    14.1915  1026.8300    35.8419 0.0000e+00
      66759 293.535227  -43.98376  -53.14245     -0.265    1496.44     35.000     34.715    14.1974    14.1987     0.0014    14.1922    14.1936     0.0014   4.287009   4.287715   0.000705    35.6734    35.6787     5.3810     5.1646    -0.2164    26.6669    26.6707    35.6734    26.6669    1505.48    1505.49    14.1923  1026.8254    35.8418 0.0000e+00
      66810 293.535251  -43.98378  -53.14244     -0.456    1496.44     34.000     33.724    14.1972    14.1986     0.0014    14.1923    14.1937     0.0014   4.286954   4.287661   0.000707    35.6735    35.6788     5.3764     5.1751    -0.2013    26.6669    26.6707    35.6735    26.6669    1505.47    1505.48    14.1923  1026.8210    35.8419 0.0000e+00
      66865 293.535278  -43.98380  -53.14244     -0.435    1496.44     33.000     32.733    14.1972    14.1987     0.0014    14.1924    14.1938     0.0014   4.286902   4.287610   0.000708    35.6734    35.6787     5.3783     5.1718    -0.2065    26.6668    26.6706    35.6734    26.6668    1505.45    1505.46    14.1924  1026.8165    35.8418 0.0000e+00
      66946 293.535317  -43.98383  -53.14243     -0.260    1496.44     32.000     31.741    14.1969    14.1986     0.0017    14.1922    14.1939     0.0017   4.286820   4.287552   0.000730    35.6734    35.6786     5.3777     5.1681    -0.2096    26.6669    26.6706    35.6734    26.6669    1505.43    1505.44    14.1922  1026.8121    35.8419 0.0000e+00
