Pos-Processados/process_op38/operantar38_017b.ros
* Sea-Bird SBE 9 Data File:
* FileName = D:\OPERANTAR_XXXVIII\DADOS\OP38_017b.hdr
* Software Version Seasave V 7.18c
* Temperature SN = 4808
* Conductivity SN = 3380
* Number of Bytes Per Scan = 34
* Number of Voltage Words = 3
* Number of Scans Averaged by the Deck Unit = 1
* NMEA Latitude = 62 16.17 S
* NMEA Longitude = 058 26.27 W
* NMEA UTC (Time) = Nov 05 2019 15:20:15
** H41
** NAVIO POLAR ALMIRANTE MAXIMIANO
** CRUZEIRO:
** OPERANTAR XXXVIII
** ESTAÇÃO: OP38_017b
** LAT 62 16,17' S
** LONG 058 26,24' W
** 09P73767-1155_A
** PROFUNDIDADE: 110
** DATA/HORA: 0511521Z/NOV/2019
** OPERADOR: SO-HN CHAVES
# nquan = 26
# nvalues = 1879                                  
# units = specified
# name 0 = scan: Scan Count
# name 1 = timeJ: Julian Days
# name 2 = latitude: Latitude [deg]
# name 3 = longitude: Longitude [deg]
# name 4 = dz/dtM: Descent Rate [m/s]
# name 5 = avgsvCM: Average Sound Velocity [Chen-Millero, m/s]
# name 6 = prDM: Pressure, Digiquartz [db]
# name 7 = depSM: Depth [salt water, m]
# name 8 = t090C: Temperature [ITS-90, deg C]
# name 9 = t190C: Temperature, 2 [ITS-90, deg C]
# name 10 = T2-T190C: Temperature Difference, 2 - 1 [ITS-90, deg C]
# name 11 = potemp090C: Potential Temperature [ITS-90, deg C]
# name 12 = potemp190C: Potential Temperature, 2 [ITS-90, deg C]
# name 13 = potemp90Cdiff: Potential Temperature, Diff, 2 - 1 [ITS-90, deg C]
# name 14 = c0S/m: Conductivity [S/m]
# name 15 = c1S/m: Conductivity, 2 [S/m]
# name 16 = C2-C1S/m: Conductivity Difference, 2 - 1 [S/m]
# name 17 = sal00: Salinity, Practical [PSU]
# name 18 = sal11: Salinity, Practical, 2 [PSU]
# name 19 = sbeox0ML/L: Oxygen, SBE 43 [ml/l]
# name 20 = sbeox1ML/L: Oxygen, SBE 43, 2 [ml/l]
# name 21 = sbeox0ML/Ldiff: Oxygen, SBE 43, Diff, 2 - 1 [ml/l]
# name 22 = sigma-é00: Density [sigma-theta, kg/m^3]
# name 23 = sigma-é11: Density, 2 [sigma-theta, kg/m^3]
# name 24 = nbf: Bottles Fired
# name 25 = flag:  0.000e+00
# interval = seconds: 0.0416667
# start_time = Nov 05 2019 15:20:15 [NMEA time, header]
# bad_flag = -9.990e-29
*END*
[from data line 1004]
       1378 309.639727  -62.26952  -58.43790      0.120       0.00      2.346      2.324    -0.8600    -0.8616    -0.0016    -0.8600    -0.8617    -0.0016   2.770564   2.770852   0.000288    34.1899    34.1956     7.4170     7.2356    -0.1814    27.4914    27.4961          7  0.000e+00
       1379 309.639727  -62.26952  -58.43790      0.128       0.00      2.346      2.324    -0.8597    -0.8614    -0.0017    -0.8598    -0.8615    -0.0017   2.770540   2.770777   0.000237    34.1893    34.1944     7.4210     7.2356    -0.1853    27.4909    27.4951          7  0.000e+00
       1380 309.639728  -62.26952  -58.43790      0.129       0.00      2.292      2.269    -0.8601    -0.8619    -0.0018    -0.8602    -0.8620    -0.0018   2.770504   2.770806   0.000302    34.1893    34.1954     7.4154     7.2356    -0.1798    27.4909    27.4959          7  0.000e+00
       1381 309.639728  -62.26952  -58.43790      0.133       0.00      2.346      2.324    -0.8607    -0.8624    -0.0017    -0.8607    -0.8624    -0.0017   2.770498   2.770829   0.000331    34.1898    34.1962     7.4196     7.2357    -0.1839    27.4913    27.4966          7  0.000e+00
       1382 309.639728  -62.26952  -58.43790      0.136       0.00      2.346      2.324    -0.8607    -0.8620    -0.0013    -0.8608    -0.8621    -0.0013   2.770498   2.770772   0.000273    34.1898    34.1951     7.4193     7.2357    -0.1835    27.4914    27.4957          7  0.000e+00
       1383 309.639729  -62.26952  -58.43790      0.139       0.00      2.346      2.324    -0.8610    -0.8624    -0.0014    -0.8610    -0.8624    -0.0014   2.770480   2.770772   0.000291    34.1899    34.1954     7.4190     7.2358    -0.1832    27.4914    27.4960          7  0.000e+00
       1384 309.639729  -62.26952  -58.43790      0.144       0.00      2.394      2.371    -0.8611    -0.8622    -0.0011    -0.8611    -0.8623    -0.0011   2.770433   2.770794   0.000362    34.1893    34.1955     7.4187     7.2358    -0.1829    27.4910    27.4960          7  0.000e+00
       1385 309.639730  -62.26952  -58.43790      0.148       0.00      2.394      2.371    -0.8616    -0.8627    -0.0011    -0.8617    -0.8627    -0.0011   2.770421   2.770760   0.000339    34.1897    34.1956     7.4184     7.2359    -0.1826    27.4914    27.4961          7  0.000e+00
       1386 309.639730  -62.26952  -58.43790      0.151       0.00      2.346      2.324    -0.8619    -0.8625    -0.0006    -0.8620    -0.8626    -0.0006   2.770403   2.770749   0.000346    34.1899    34.1953     7.4189     7.2358    -0.1831    27.4915    27.4959          7  0.000e+00
       1387 309.639731  -62.26952  -58.43790      0.151       0.00      2.346      2.324    -0.8618    -0.8625    -0.0007    -0.8619    -0.8626    -0.0007   2.770373   2.770749   0.000376    34.1894    34.1953     7.4186     7.2358    -0.1828    27.4911    27.4959          7  0.000e+00
       1388 309.639731  -62.26952  -58.43788      0.156       0.00      2.442      2.419    -0.8621    -0.8627    -0.0006    -0.8621    -0.8627    -0.0006   2.770349   2.770731   0.000382    34.1893    34.1952     7.4132     7.2360    -0.1773    27.4910    27.4958          7  0.000e+00
       1389 309.639732  -62.26952  -58.43788      0.156       0.00      2.360      2.337    -0.8620    -0.8631    -0.0011    -0.8621    -0.8632    -0.0011   2.770379   2.770726   0.000347    34.1897    34.1957     7.4129     7.2360    -0.1769    27.4913    27.4962          7  0.000e+00
       1390 309.639732  -62.26952  -58.43788      0.159       0.00      2.394      2.371    -0.8621    -0.8622    -0.0001    -0.8621    -0.8623    -0.0001   2.770391   2.770708   0.000318    34.1899    34.1943     7.4179     7.2359    -0.1820    27.4915    27.4951          7  0.000e+00
       1391 309.639733  -62.26952  -58.43788      0.159       0.00      2.394      2.371    -0.8620    -0.8628    -0.0008    -0.8621    -0.8629    -0.0008   2.770391   2.770737   0.000346    34.1898    34.1954     7.4185     7.2359    -0.1826    27.4914    27.4960          7  0.000e+00
       1392 309.639733  -62.26952  -58.43788      0.161       0.00      2.442      2.419    -0.8619    -0.8630    -0.0011    -0.8620    -0.8631    -0.0011   2.770391   2.770731   0.000341    34.1896    34.1955     7.4184     7.2360    -0.1824    27.4913    27.4961          7  0.000e+00
       1393 309.639734  -62.26952  -58.43788      0.160       0.00      2.394      2.371    -0.8615    -0.8628    -0.0013    -0.8616    -0.8629    -0.0013   2.770433   2.770743   0.000310    34.1898    34.1955     7.4181     7.2359    -0.1821    27.4914    27.4961          7  0.000e+00
       1394 309.639734  -62.26952  -58.43788      0.161       0.00      2.442      2.419    -0.8611    -0.8630    -0.0018    -0.8612    -0.8631    -0.0018   2.770445   2.770714   0.000270    34.1895    34.1953     7.4179     7.2360    -0.1819    27.4911    27.4959          7  0.000e+00
       1395 309.639735  -62.26952  -58.43788      0.161       0.00      2.394      2.371    -0.8611    -0.8625    -0.0014    -0.8611    -0.8626    -0.0014   2.770451   2.770737   0.000287    34.1896    34.1951     7.4185     7.2418    -0.1767    27.4912    27.4957          7  0.000e+00
       1396 309.639735  -62.26952  -58.43788      0.163       0.00      2.497      2.473    -0.8610    -0.8627    -0.0017    -0.8610    -0.8627    -0.0017   2.770468   2.770766   0.000297    34.1896    34.1956     7.4140     7.2371    -0.1769    27.4912    27.4961          7  0.000e+00
       1397 309.639736  -62.26952  -58.43788      0.164       0.00      2.442      2.419    -0.8611    -0.8624    -0.0013    -0.8611    -0.8624    -0.0013   2.770433   2.770754   0.000322    34.1893    34.1951     7.4132     7.2370    -0.1762    27.4910    27.4957          7  0.000e+00
       1398 309.639736  -62.26952  -58.43788      0.165       0.00      2.442      2.419    -0.8611    -0.8622    -0.0011    -0.8612    -0.8623    -0.0011   2.770457   2.770772   0.000315    34.1897    34.1952     7.4132     7.2369    -0.1763    27.4913    27.4958          7  0.000e+00
       1399 309.639737  -62.26952  -58.43788      0.164       0.00      2.442      2.419    -0.8613    -0.8622    -0.0009    -0.8614    -0.8623    -0.0009   2.770433   2.770800   0.000368    34.1896    34.1956     7.4185     7.2368    -0.1817    27.4912    27.4961          7  0.000e+00
       1400 309.639737  -62.26952  -58.43788      0.164       0.00      2.463      2.439    -0.8614    -0.8625    -0.0011    -0.8614    -0.8626    -0.0011   2.770439   2.770783   0.000344    34.1897    34.1957     7.4186     7.2427    -0.1758    27.4913    27.4962          7  0.000e+00
       1401 309.639738  -62.26952  -58.43788      0.162       0.00      2.497      2.473    -0.8613    -0.8622    -0.0009    -0.8614    -0.8623    -0.0009   2.770385   2.770795   0.000410    34.1889    34.1954     7.4187     7.2379    -0.1808    27.4906    27.4960          7  0.000e+00
       1402 309.639738  -62.26952  -58.43788      0.162       0.00      2.442      2.419    -0.8614    -0.8620    -0.0007    -0.8614    -0.8621    -0.0007   2.770421   2.770766   0.000345    34.1895    34.1949     7.4187     7.2377    -0.1810    27.4911    27.4956          7  0.000e+00
       1403 309.639739  -62.26952  -58.43788      0.162       0.00      2.497      2.473    -0.8614    -0.8624    -0.0009    -0.8615    -0.8624    -0.0009   2.770427   2.770749   0.000322    34.1896    34.1950     7.4188     7.2377    -0.1811    27.4912    27.4956          7  0.000e+00
       1404 309.639739  -62.26952  -58.43788      0.156       0.00      2.497      2.473    -0.8611    -0.8622    -0.0011    -0.8611    -0.8623    -0.0011   2.770439   2.770789   0.000350    34.1893    34.1954     7.4196     7.2376    -0.1820    27.4910    27.4959          7  0.000e+00
       1405 309.639740  -62.26952  -58.43788      0.163       0.00      2.497      2.473    -0.8605    -0.8628    -0.0023    -0.8606    -0.8629    -0.0023   2.770486   2.770783   0.000297    34.1893    34.1960     7.4152     7.2376    -0.1776    27.4910    27.4965          7  0.000e+00
       1406 309.639740  -62.26952  -58.43788      0.160       0.00      2.497      2.473    -0.8595    -0.8625    -0.0030    -0.8596    -0.8626    -0.0030   2.770534   2.770777   0.000243    34.1888    34.1956     7.4152     7.2375    -0.1778    27.4905    27.4961          7  0.000e+00
       1407 309.639741  -62.26952  -58.43788      0.159       0.00      2.497      2.473    -0.8594    -0.8624    -0.0029    -0.8595    -0.8624    -0.0029   2.770570   2.770754   0.000184    34.1893    34.1951     7.4206     7.2373    -0.1833    27.4909    27.4957          7  0.000e+00
       1408 309.639741  -62.26952  -58.43788      0.160       0.00      2.545      2.520    -0.8597    -0.8625    -0.0028    -0.8598    -0.8626    -0.0028   2.770558   2.770766   0.000208    34.1893    34.1954     7.4218     7.2361    -0.1857    27.4910    27.4959          7  0.000e+00
       1409 309.639742  -62.26952  -58.43788      0.158       0.00      2.497      2.473    -0.8600    -0.8625    -0.0025    -0.8601    -0.8626    -0.0025   2.770570   2.770777   0.000207    34.1899    34.1956     7.4221     7.2359    -0.1862    27.4914    27.4961          7  0.000e+00
       1410 309.639742  -62.26952  -58.43788      0.155       0.00      2.497      2.473    -0.8601    -0.8619    -0.0018    -0.8602    -0.8620    -0.0018   2.770594   2.770754   0.000160    34.1904    34.1946     7.4224     7.2357    -0.1867    27.4918    27.4953          7  0.000e+00
       1411 309.639742  -62.26952  -58.43788      0.157       0.00      2.545      2.520    -0.8593    -0.8624    -0.0031    -0.8593    -0.8624    -0.0031   2.770642   2.770766   0.000124    34.1900    34.1952     7.4225     7.2357    -0.1869    27.4915    27.4958          7  0.000e+00
       1412 309.639743  -62.26952  -58.43788      0.153       0.00      2.511      2.486    -0.8582    -0.8625    -0.0043    -0.8583    -0.8626    -0.0043   2.770654   2.770795   0.000141    34.1890    34.1958     7.4226     7.2355    -0.1871    27.4906    27.4963          7  0.000e+00
       1413 309.639743  -62.26952  -58.43788      0.151       0.00      2.545      2.520    -0.8578    -0.8622    -0.0044    -0.8579    -0.8623    -0.0044   2.770696   2.770789   0.000093    34.1891    34.1954     7.4228     7.2353    -0.1875    27.4907    27.4959          7  0.000e+00
       1414 309.639744  -62.26952  -58.43788      0.151       0.00      2.545      2.520    -0.8571    -0.8625    -0.0054    -0.8572    -0.8626    -0.0054   2.770743   2.770777   0.000034    34.1890    34.1955     7.4230     7.2352    -0.1877    27.4905    27.4961          7  0.000e+00
       1415 309.639744  -62.26952  -58.43788      0.148       0.00      2.497      2.473    -0.8572    -0.8624    -0.0052    -0.8572    -0.8624    -0.0052   2.770720   2.770795   0.000075    34.1887    34.1956     7.4232     7.2350    -0.1882    27.4904    27.4962          7  0.000e+00
       1416 309.639745  -62.26952  -58.43788      0.147       0.00      2.545      2.520    -0.8579    -0.8617    -0.0039    -0.8579    -0.8618    -0.0039   2.770708   2.770823   0.000116    34.1893    34.1953     7.4297     7.2348    -0.1949    27.4909    27.4958          7  0.000e+00
       1417 309.639745  -62.26952  -58.43788      0.145       0.00      2.497      2.473    -0.8583    -0.8620    -0.0038    -0.8584    -0.8621    -0.0038   2.770648   2.770795   0.000147    34.1890    34.1953     7.4257     7.2347    -0.1910    27.4906    27.4959          7  0.000e+00
       1418 309.639746  -62.26952  -58.43788      0.145       0.00      2.593      2.568    -0.8587    -0.8624    -0.0037    -0.8588    -0.8624    -0.0037   2.770612   2.770777   0.000165    34.1889    34.1953     7.4313     7.2347    -0.1966    27.4906    27.4959          7  0.000e+00
       1419 309.639746  -62.26952  -58.43788      0.139       0.00      2.497      2.473    -0.8589    -0.8625    -0.0036    -0.8589    -0.8626    -0.0036   2.770606   2.770795   0.000189    34.1891    34.1958     7.4271     7.2345    -0.1927    27.4907    27.4963          7  0.000e+00
       1420 309.639747  -62.26952  -58.43788      0.137       0.00      2.545      2.520    -0.8590    -0.8620    -0.0031    -0.8591    -0.8621    -0.0031   2.770582   2.770806   0.000224    34.1889    34.1954     7.4266     7.2343    -0.1924    27.4905    27.4960          7  0.000e+00
       1421 309.639747  -62.26952  -58.43788      0.136       0.00      2.545      2.520    -0.8590    -0.8624    -0.0033    -0.8591    -0.8624    -0.0033   2.770612   2.770766   0.000154    34.1893    34.1952     7.4277     7.2342    -0.1935    27.4909    27.4958          7  0.000e+00
       1422 309.639748  -62.26952  -58.43788      0.127       0.00      2.497      2.473    -0.8594    -0.8625    -0.0031    -0.8595    -0.8626    -0.0031   2.770630   2.770749   0.000119    34.1901    34.1952     7.4279     7.2340    -0.1939    27.4915    27.4958          7  0.000e+00
       1423 309.639748  -62.26952  -58.43788      0.121       0.00      2.497      2.473    -0.8593    -0.8625    -0.0032    -0.8593    -0.8626    -0.0032   2.770588   2.770766   0.000178    34.1893    34.1954     7.4334     7.2351    -0.1983    27.4909    27.4960          7  0.000e+00
       1424 309.639749  -62.26952  -58.43788      0.116       0.00      2.511      2.486    -0.8588    -0.8620    -0.0033    -0.8588    -0.8621    -0.0033   2.770612   2.770714   0.000102    34.1890    34.1942     7.4343     7.2350    -0.1993    27.4907    27.4950          7  0.000e+00
       1425 309.639749  -62.26952  -58.43788      0.112       0.00      2.497      2.473    -0.8582    -0.8627    -0.0044    -0.8583    -0.8627    -0.0044   2.770666   2.770737   0.000071    34.1892    34.1952     7.4351     7.2350    -0.2002    27.4908    27.4958          7  0.000e+00
       1426 309.639750  -62.26952  -58.43788      0.109       0.00      2.545      2.520    -0.8583    -0.8622    -0.0039    -0.8584    -0.8623    -0.0039   2.770666   2.770749   0.000083    34.1892    34.1948     7.4353     7.2348    -0.2005    27.4908    27.4955          7  0.000e+00
       1427 309.639750  -62.26952  -58.43788      0.105       0.00      2.497      2.473    -0.8583    -0.8625    -0.0042    -0.8584    -0.8626    -0.0042   2.770678   2.770731   0.000054    34.1895    34.1949     7.4353     7.2347    -0.2006    27.4910    27.4956          7  0.000e+00
       1428 309.639751  -62.26952  -58.43788      0.100       0.00      2.497      2.473    -0.8583    -0.8628    -0.0045    -0.8584    -0.8629    -0.0045   2.770684   2.770760   0.000076    34.1895    34.1957     7.4361     7.2347    -0.2015    27.4910    27.4962          7  0.000e+00
       1429 309.639751  -62.26952  -58.43788      0.088       0.00      2.442      2.419    -0.8585    -0.8625    -0.0040    -0.8586    -0.8626    -0.0040   2.770624   2.770743   0.000119    34.1890    34.1951     7.4361     7.2345    -0.2016    27.4906    27.4957          7  0.000e+00
       1430 309.639752  -62.26952  -58.43788      0.079       0.00      2.442      2.419    -0.8586    -0.8628    -0.0042    -0.8586    -0.8629    -0.0042   2.770642   2.770726   0.000084    34.1893    34.1952     7.4368     7.2344    -0.2024    27.4909    27.4959          7  0.000e+00
       1431 309.639752  -62.26952  -58.43788      0.073       0.00      2.497      2.473    -0.8583    -0.8630    -0.0046    -0.8584    -0.8631    -0.0046   2.770654   2.770743   0.000089    34.1892    34.1956     7.4375     7.2344    -0.2031    27.4907    27.4962          7  0.000e+00
       1432 309.639753  -62.26952  -58.43788      0.064       0.00      2.442      2.419    -0.8584    -0.8627    -0.0043    -0.8585    -0.8627    -0.0043   2.770654   2.770789   0.000135    34.1893    34.1959     7.4381     7.2342    -0.2039    27.4908    27.4964          7  0.000e+00
