Pos-Processados/process_op38/operantar38_015.cnv
* Sea-Bird SBE 9 Data File:
* FileName = D:\OPERANTAR_XXXVIII\DADOS\OP38_015.hdr
* Software Version Seasave V 7.18c
* Temperature SN = 4808
* Conductivity SN = 3380
* Number of Bytes Per Scan = 34
* Number of Voltage Words = 3
* Number of Scans Averaged by the Deck Unit = 1
* NMEA Latitude = 62 18.48 S
* NMEA Longitude = 058 32.77 W
* NMEA UTC (Time) = Nov 05 2019 09:00:03
** H41
** NAVIO POLAR ALMIRANTE MAXIMIANO
** CRUZEIRO:
** OPERANTAR XXXVIII
** ESTAÇÃO: OP38_015
** LAT 62 18,48' S
** LONG 058 32,80' W
** 09P73767-1155_A
** PROFUNDIDADE: 353
** DATA/HORA: 050900Z/NOV/2019
** OPERADOR: SO-HN CHAVES
# nquan = 32
# nvalues = 648                         
# units = specified
# name 0 = scan: Scan Count
# name 1 = timeJ: Julian Days
# name 2 = latitude: Latitude [deg]
# name 3 = longitude: Longitude [deg]
# name 4 = dz/dtM: Descent Rate [m/s]
# name 5 = avgsvCM: Average Sound Velocity [Chen-Millero, m/s]
# name 6 = prDM: Pressure, Digiquartz [db]
# name 7 = depSM: Depth [salt water, m]
# name 8 = t090C: Temperature [ITS-90, deg C]
# name 9 = t190C: Temperature, 2 [ITS-90, deg C]
# name 10 = T2-T190C: Temperature Difference, 2 - 1 [ITS-90, deg C]
# name 11 = potemp090C: Potential Temperature [ITS-90, deg C]
# name 12 = potemp190C: Potential Temperature, 2 [ITS-90, deg C]
# name 13 = potemp90Cdiff: Potential Temperature, Diff, 2 - 1 [ITS-90, deg C]
# name 14 = c0S/m: Conductivity [S/m]
# name 15 = c1S/m: Conductivity, 2 [S/m]
# name 16 = C2-C1S/m: Conductivity Difference, 2 - 1 [S/m]
# name 17 = sal00: Salinity, Practical [PSU]
# name 18 = sal11: Salinity, Practical, 2 [PSU]
# name 19 = sbeox0ML/L: Oxygen, SBE 43 [ml/l]
# name 20 = sbeox1ML/L: Oxygen, SBE 43, 2 [ml/l]
# name 21 = sbeox0ML/Ldiff: Oxygen, SBE 43, Diff, 2 - 1 [ml/l]
# name 22 = sigma-é00: Density [sigma-theta, kg/m^3]
# name 23 = sigma-é11: Density, 2 [sigma-theta, kg/m^3]
# name 24 = sal00: Salinity, Practical [PSU]
# name 25 = sigma-é00: Density [sigma-theta, kg/m^3]
# name 26 = svCM: Sound Velocity [Chen-Millero, m/s]
# name 27 = svCM1: Sound Velocity, 2 [Chen-Millero, m/s]
# name 28 = gsw_ptA0: potential temperature [ITS-90, deg C]
# name 29 = gsw_densityA0: density, TEOS-10 [density, kg/m^3]
# name 30 = gsw_saA0: Absolute Salinity [g/kg]
# name 31 = flag:
# span 0 =        115,      23508       
# span 1 = 309.375090, 309.386371       
# span 2 =  -62.30812,  -62.30808       
# span 3 =  -58.54618,  -58.54616       
# span 4 =     -1.237,      1.094       
# span 5 =       0.00,    1447.29       
# span 6 =      1.000,    325.000       
# span 7 =      0.986,    321.623       
# span 8 =    -0.9211,    -0.4420       
# span 9 =    -0.9212,    -0.4412       
# span 10 =    -0.0105,     0.0153      
# span 11 =    -0.9223,    -0.4530      
# span 12 =    -0.9224,    -0.4522      
# span 13 =    -0.0104,     0.0152      
# span 14 =   2.770044,   2.833253      
# span 15 =   2.770444,   2.833757      
# span 16 =  -0.000617,   0.001752      
# span 17 =    34.1475,    34.3645      
# span 18 =    34.1540,    34.3704      
# span 19 =     6.4122,     7.6807      
# span 20 =     6.1433,     7.4103      
# span 21 =    -0.3803,    -0.1791      
# span 22 =    27.4553,    27.6154      
# span 23 =    27.4605,    27.6201      
# span 24 =    34.1473,    34.3645      
# span 25 =    27.4550,    27.6154      
# span 26 =    1444.23,    1451.52      
# span 27 =    1444.23,    1451.53      
# span 28 =    -0.9222,    -0.4528      
# span 29 =  1027.4646,  1029.1694      
# span 30 =    34.3120,    34.5317      
# span 31 = 0.0000e+00, 0.0000e+00      
# interval = decibars: 1                
# start_time = Nov 05 2019 09:00:03 [NMEA time, header]
# bad_flag = -9.990e-29
*END*
[from data line 363]
      13821 309.381700  -62.30810  -58.54616     -0.784    1447.29    286.000    283.056    -0.5753    -0.5755    -0.0002    -0.5846    -0.5848    -0.0002   2.818397   2.818787   0.000394    34.3394    34.3449     6.6997     6.4015    -0.2982    27.6009    27.6054    34.3389    27.6005    1450.24    1450.25    -0.5844  1028.9711    34.5066 0.0000e+00
      13848 309.381713  -62.30810  -58.54616     -0.856    1447.29    285.000    282.067    -0.5751    -0.5754    -0.0004    -0.5843    -0.5846    -0.0004   2.818393   2.818751   0.000365    34.3394    34.3448     6.6987     6.4183    -0.2804    27.6010    27.6053    34.3391    27.6007    1450.22    1450.23    -0.5841  1028.9665    34.5069 0.0000e+00
      13871 309.381724  -62.30810  -58.54616     -0.958    1447.29    284.000    281.078    -0.5755    -0.5758    -0.0003    -0.5847    -0.5850    -0.0003   2.818242   2.818641   0.000392    34.3390    34.3446     6.7029     6.4179    -0.2851    27.6007    27.6052    34.3382    27.6000    1450.21    1450.21    -0.5845  1028.9610    34.5059 0.0000e+00
      13893 309.381734  -62.30810  -58.54616     -1.065    1447.29    283.000    280.090    -0.5816    -0.5807     0.0010    -0.5908    -0.5898     0.0010   2.817608   2.818128   0.000519    34.3381    34.3440     6.7072     6.4269    -0.2804    27.6002    27.6049    34.3372    27.5995    1450.16    1450.17    -0.5906  1028.9558    34.5050 0.0000e+00
      13917 309.381746  -62.30810  -58.54616     -1.056    1447.29    282.000    279.100    -0.5809    -0.5826    -0.0017    -0.5900    -0.5917    -0.0017   2.817684   2.817907   0.000236    34.3385    34.3436     6.7046     6.4276    -0.2770    27.6005    27.6047    34.3380    27.6001    1450.15    1450.15    -0.5898  1028.9516    34.5057 0.0000e+00
      13944 309.381759  -62.30810  -58.54616     -0.950    1447.29    281.000    278.111    -0.5834    -0.5850    -0.0017    -0.5924    -0.5941    -0.0017   2.817364   2.817619   0.000258    34.3379    34.3433     6.6964     6.4227    -0.2737    27.6001    27.6045    34.3372    27.5995    1450.12    1450.12    -0.5923  1028.9463    34.5049 0.0000e+00
      13973 309.381773  -62.30810  -58.54616     -0.831    1447.29    280.000    277.122    -0.5868    -0.5875    -0.0007    -0.5958    -0.5965    -0.0007   2.816974   2.817335   0.000358    34.3371    34.3428     6.7066     6.4348    -0.2718    27.5996    27.6042    34.3364    27.5990    1450.09    1450.09    -0.5956  1028.9411    34.5041 0.0000e+00
      14002 309.381787  -62.30808  -58.54616     -0.816    1447.29    279.000    276.133    -0.5885    -0.5893    -0.0008    -0.5974    -0.5982    -0.0008   2.816764   2.817104   0.000336    34.3366    34.3421     6.7115     6.4352    -0.2763    27.5993    27.6037    34.3360    27.5988    1450.06    1450.07    -0.5973  1028.9361    34.5038 0.0000e+00
      14030 309.381800  -62.30808  -58.54616     -0.853    1447.29    278.000    275.144    -0.5901    -0.5905    -0.0004    -0.5990    -0.5994    -0.0004   2.816500   2.816875   0.000383    34.3356    34.3412     6.7238     6.4420    -0.2817    27.5985    27.6031    34.3349    27.5980    1450.04    1450.04    -0.5988  1028.9306    34.5026 0.0000e+00
      14055 309.381812  -62.30808  -58.54616     -0.931    1447.29    277.000    274.155    -0.5926    -0.5940    -0.0014    -0.6015    -0.6029    -0.0014   2.816161   2.816428   0.000261    34.3347    34.3398     6.7301     6.4443    -0.2858    27.5979    27.6021    34.3338    27.5972    1450.01    1450.01    -0.6013  1028.9251    34.5015 0.0000e+00
      14080 309.381824  -62.30808  -58.54616     -0.963    1447.29    276.000    273.166    -0.5959    -0.5965    -0.0007    -0.6047    -0.6054    -0.0007   2.815722   2.816083   0.000358    34.3332    34.3388     6.7287     6.4455    -0.2832    27.5968    27.6014    34.3322    27.5960    1449.97    1449.98    -0.6045  1028.9192    34.4999 0.0000e+00
      14105 309.381836  -62.30809  -58.54616     -0.949    1447.29    275.000    272.177    -0.6002    -0.6003    -0.0001    -0.6090    -0.6091    -0.0001   2.815246   2.815650   0.000403    34.3321    34.3376     6.7204     6.4488    -0.2716    27.5961    27.6006    34.3313    27.5954    1449.93    1449.94    -0.6088  1028.9139    34.4989 0.0000e+00
      14130 309.381849  -62.30810  -58.54616     -0.946    1447.29    274.000    271.188    -0.6018    -0.6021    -0.0002    -0.6106    -0.6108    -0.0002   2.815016   2.815403   0.000386    34.3316    34.3371     6.7223     6.4458    -0.2764    27.5958    27.6002    34.3307    27.5950    1449.91    1449.92    -0.6104  1028.9087    34.4983 0.0000e+00
      14154 309.381860  -62.30810  -58.54616     -0.979    1447.29    273.000    270.199    -0.6046    -0.6054    -0.0008    -0.6133    -0.6141    -0.0008   2.814697   2.815030   0.000337    34.3310    34.3364     6.7150     6.4451    -0.2698    27.5954    27.5998    34.3302    27.5948    1449.88    1449.88    -0.6131  1028.9037    34.4978 0.0000e+00
      14178 309.381872  -62.30810  -58.54616     -1.009    1447.29    272.000    269.210    -0.6064    -0.6074    -0.0010    -0.6151    -0.6161    -0.0010   2.814458   2.814796   0.000331    34.3304    34.3360     6.7100     6.4377    -0.2724    27.5950    27.5996    34.3296    27.5944    1449.86    1449.86    -0.6149  1028.8986    34.4973 0.0000e+00
      14203 309.381884  -62.30810  -58.54616     -0.979    1447.29    271.000    268.220    -0.6072    -0.6076    -0.0004    -0.6159    -0.6163    -0.0004   2.814365   2.814724   0.000364    34.3304    34.3357     6.7125     6.4389    -0.2736    27.5950    27.5994    34.3299    27.5946    1449.83    1449.84    -0.6157  1028.8941    34.4975 0.0000e+00
      14232 309.381898  -62.30810  -58.54617     -0.869    1447.29    270.000    267.231    -0.6070    -0.6074    -0.0004    -0.6156    -0.6160    -0.0004   2.814351   2.814734   0.000372    34.3304    34.3359     6.7133     6.4372    -0.2761    27.5951    27.5995    34.3300    27.5947    1449.82    1449.83    -0.6154  1028.8894    34.4976 0.0000e+00
      14264 309.381913  -62.30810  -58.54616     -0.772    1447.29    269.000    266.242    -0.6069    -0.6067     0.0002    -0.6154    -0.6152     0.0002   2.814291   2.814729   0.000440    34.3301    34.3358     6.7240     6.4307    -0.2933    27.5948    27.5994    34.3297    27.5944    1449.80    1449.81    -0.6153  1028.8843    34.4973 0.0000e+00
      14293 309.381927  -62.30809  -58.54616     -0.794    1447.29    268.000    265.253    -0.6104    -0.6104    -0.0000    -0.6189    -0.6189    -0.0000   2.813874   2.814280   0.000412    34.3294    34.3350     6.7266     6.4348    -0.2918    27.5944    27.5989    34.3286    27.5937    1449.77    1449.78    -0.6187  1028.8789    34.4963 0.0000e+00
      14317 309.381939  -62.30808  -58.54616     -0.906    1447.29    267.000    264.264    -0.6128    -0.6142    -0.0013    -0.6213    -0.6227    -0.0013   2.813584   2.813890   0.000290    34.3289    34.3344     6.7201     6.4402    -0.2799    27.5941    27.5986    34.3281    27.5934    1449.74    1449.74    -0.6211  1028.8739    34.4957 0.0000e+00
      14339 309.381949  -62.30808  -58.54616     -1.035    1447.29    266.000    263.275    -0.6166    -0.6195    -0.0029    -0.6251    -0.6279    -0.0029   2.813162   2.813228   0.000125    34.3281    34.3331     6.7243     6.4432    -0.2811    27.5936    27.5978    34.3273    27.5930    1449.71    1449.70    -0.6249  1028.8687    34.4950 0.0000e+00
      14362 309.381960  -62.30808  -58.54616     -1.078    1447.29    265.000    262.286    -0.6251    -0.6247     0.0004    -0.6335    -0.6331     0.0004   2.812215   2.812724   0.000476    34.3267    34.3327     6.7237     6.4401    -0.2836    27.5928    27.5976    34.3248    27.5913    1449.65    1449.66    -0.6333  1028.8623    34.4924 0.0000e+00
      14387 309.381972  -62.30808  -58.54616     -1.015    1447.29    264.000    261.297    -0.6287    -0.6330    -0.0043    -0.6371    -0.6413    -0.0042   2.811919   2.811915   0.000007    34.3266    34.3315     6.7293     6.4486    -0.2807    27.5929    27.5971    34.3255    27.5920    1449.61    1449.60    -0.6369  1028.8583    34.4931 0.0000e+00
      14414 309.381985  -62.30808  -58.54616     -0.914    1447.29    263.000    260.308    -0.6340    -0.6348    -0.0007    -0.6423    -0.6431    -0.0007   2.811390   2.811767   0.000362    34.3260    34.3317     6.7399     6.4567    -0.2832    27.5926    27.5973    34.3250    27.5918    1449.57    1449.57    -0.6421  1028.8534    34.4926 0.0000e+00
      14439 309.381998  -62.30808  -58.54616     -0.910    1447.29    262.000    259.318    -0.6336    -0.6336     0.0000    -0.6419    -0.6418     0.0000   2.811440   2.811870   0.000424    34.3265    34.3321     6.7648     6.4665    -0.2983    27.5930    27.5976    34.3258    27.5925    1449.56    1449.57    -0.6417  1028.8493    34.4934 0.0000e+00
      14462 309.382009  -62.30808  -58.54616     -0.989    1447.29    261.000    258.329    -0.6329    -0.6322     0.0008    -0.6412    -0.6404     0.0008   2.811484   2.811992   0.000487    34.3267    34.3325     6.7866     6.4837    -0.3029    27.5932    27.5978    34.3263    27.5928    1449.55    1449.56    -0.6410  1028.8448    34.4938 0.0000e+00
      14485 309.382020  -62.30808  -58.54616     -1.056    1447.29    260.000    257.340    -0.6327    -0.6322     0.0005    -0.6409    -0.6404     0.0005   2.811455   2.811894   0.000454    34.3268    34.3323     6.7989     6.4989    -0.3000    27.5932    27.5976    34.3262    27.5927    1449.53    1449.54    -0.6407  1028.8400    34.4938 0.0000e+00
      14511 309.382032  -62.30808  -58.54616     -0.996    1447.29    259.000    256.351    -0.6331    -0.6331     0.0000    -0.6413    -0.6413    -0.0000   2.811391   2.811815   0.000422    34.3269    34.3326     6.8072     6.5166    -0.2906    27.5933    27.5979    34.3264    27.5929    1449.51    1449.52    -0.6411  1028.8355    34.4940 0.0000e+00
      14541 309.382047  -62.30809  -58.54616     -0.822    1447.29    258.000    255.362    -0.6334    -0.6333     0.0001    -0.6415    -0.6414     0.0001   2.811328   2.811749   0.000418    34.3269    34.3324     6.8116     6.5260    -0.2857    27.5933    27.5978    34.3265    27.5930    1449.50    1449.50    -0.6413  1028.8302    34.4934 0.0000e+00
      14571 309.382061 -9.990e-29  -58.54616     -0.779    1447.29    257.000    254.373    -0.6336    -0.6335     0.0001    -0.6417    -0.6416     0.0001   2.811269   2.811690   0.000422    34.3268    34.3324     6.8084     6.5262    -0.2822    27.5933    27.5978    34.3265    27.5930    1449.48    1449.49    -0.6415  1028.8214    34.4883 0.0000e+00
      14596 309.382073 -9.990e-29  -58.54616     -0.895    1447.29    256.000    253.384    -0.6338    -0.6337     0.0001    -0.6419    -0.6417     0.0001   2.811190   2.811611   0.000422    34.3267    34.3322     6.8067     6.5280    -0.2787    27.5932    27.5977    34.3264    27.5929    1449.46    1449.47    -0.6417  1028.8166    34.4882 0.0000e+00
      14619 309.382084 -9.990e-29  -58.54616     -1.021    1447.29    255.000    252.394    -0.6341    -0.6341    -0.0001    -0.6421    -0.6422    -0.0001   2.811116   2.811542   0.000422    34.3266    34.3324     6.8046     6.5281    -0.2765    27.5931    27.5978    34.3263    27.5928    1449.44    1449.45    -0.6419  1028.8118    34.4881 0.0000e+00
      14641 309.382095 -9.990e-29  -58.54616     -1.072    1447.29    254.000    251.405    -0.6349    -0.6352    -0.0004    -0.6429    -0.6432    -0.0004   2.810992   2.811395   0.000407    34.3264    34.3323     6.8089     6.5251    -0.2838    27.5930    27.5978    34.3261    27.5927    1449.42    1449.43    -0.6427  1028.8069    34.4879 0.0000e+00
      14664 309.382106  -62.30808  -58.54616     -1.060    1447.29    253.000    250.416    -0.6355    -0.6360    -0.0004    -0.6435    -0.6439    -0.0004   2.810903   2.811278   0.000375    34.3266    34.3321     6.8131     6.5221    -0.2910    27.5931    27.5976    34.3262    27.5929    1449.40    1449.41    -0.6433  1028.8066    34.4935 0.0000e+00
      14687 309.382117  -62.30808  -58.54616     -1.037    1447.29    252.000    249.427    -0.6354    -0.6356    -0.0002    -0.6433    -0.6435    -0.0002   2.810854   2.811262   0.000406    34.3263    34.3320     6.8104     6.5214    -0.2889    27.5929    27.5975    34.3261    27.5927    1449.39    1449.40    -0.6431  1028.8019    34.4936 0.0000e+00
      14711 309.382129  -62.30808  -58.54616     -1.015    1447.29    251.000    248.438    -0.6349    -0.6348     0.0001    -0.6428    -0.6427     0.0001   2.810853   2.811271   0.000415    34.3262    34.3318     6.8132     6.5210    -0.2921    27.5929    27.5973    34.3261    27.5927    1449.37    1449.38    -0.6426  1028.7972    34.4936 0.0000e+00
      14737 309.382141  -62.30808  -58.54616     -0.973    1447.29    250.000    247.449    -0.6350    -0.6346     0.0004    -0.6429    -0.6425     0.0004   2.810765   2.811227   0.000458    34.3259    34.3316     6.8172     6.5230    -0.2942    27.5926    27.5972    34.3257    27.5924    1449.36    1449.37    -0.6427  1028.7921    34.4932 0.0000e+00
      14766 309.382155  -62.30808  -58.54616     -0.870    1447.29    249.000    246.459    -0.6352    -0.6355    -0.0002    -0.6430    -0.6433    -0.0002   2.810736   2.811118   0.000388    34.3262    34.3316     6.8090     6.5217    -0.2873    27.5928    27.5973    34.3261    27.5927    1449.34    1449.35    -0.6429  1028.7876    34.4936 0.0000e+00
      14795 309.382169  -62.30808  -58.54616     -0.802    1447.29    248.000    245.470    -0.6347    -0.6346     0.0000    -0.6425    -0.6424     0.0000   2.810756   2.811198   0.000434    34.3265    34.3323     6.8018     6.5242    -0.2776    27.5930    27.5977    34.3264    27.5930    1449.33    1449.34    -0.6423  1028.7831    34.4940 0.0000e+00
      14822 309.382182  -62.30809  -58.54616     -0.857    1447.29    247.000    244.481    -0.6344    -0.6343     0.0001    -0.6421    -0.6420     0.0001   2.810760   2.811168   0.000415    34.3268    34.3323     6.8043     6.5262    -0.2781    27.5932    27.5977    34.3267    27.5932    1449.31    1449.32    -0.6420  1028.7786    34.4942 0.0000e+00
      14845 309.382193  -62.30810  -58.54616     -0.970    1447.29    246.000    243.492    -0.6343    -0.6344    -0.0001    -0.6420    -0.6421    -0.0001   2.810711   2.811128   0.000414    34.3267    34.3324     6.8105     6.5330    -0.2775    27.5932    27.5978    34.3266    27.5931    1449.30    1449.30    -0.6419  1028.7737    34.4941 0.0000e+00
      14867 309.382204  -62.30810  -58.54616     -1.062    1447.29    245.000    242.502    -0.6344    -0.6345    -0.0001    -0.6421    -0.6422    -0.0001   2.810677   2.811089   0.000412    34.3269    34.3326     6.8107     6.5313    -0.2794    27.5934    27.5980    34.3269    27.5933    1449.28    1449.29    -0.6419  1028.7692    34.4944 0.0000e+00
      14889 309.382215  -62.30810  -58.54616     -1.088    1447.29    244.000    241.513    -0.6339    -0.6340    -0.0000    -0.6416    -0.6416    -0.0000   2.810693   2.811119   0.000426    34.3271    34.3329     6.8157     6.5293    -0.2865    27.5935    27.5982    34.3271    27.5935    1449.27    1449.27    -0.6414  1028.7645    34.4946 0.0000e+00
      14914 309.382226  -62.30808  -58.54616     -1.031    1447.29    243.000    240.524    -0.6341    -0.6336     0.0004    -0.6417    -0.6412     0.0004   2.810611   2.811081   0.000463    34.3269    34.3327     6.8147     6.5312    -0.2835    27.5934    27.5980    34.3268    27.5932    1449.25    1449.26    -0.6415  1028.7595    34.4943 0.0000e+00
