Pos-Processados/process_op38/operantar38_020.ros
* Sea-Bird SBE 9 Data File:
* FileName = D:\OPERANTAR_XXXVIII\DADOS\OP38_020.hdr
* Software Version Seasave V 7.18c
* Temperature SN = 4808
* Conductivity SN = 3380
* Number of Bytes Per Scan = 34
* Number of Voltage Words = 3
* Number of Scans Averaged by the Deck Unit = 1
* NMEA Latitude = 62 13.02 S
* NMEA Longitude = 058 20.27 W
* NMEA UTC (Time) = Nov 22 2019 12:22:40
** H41
** NAVIO POLAR ALMIRANTE MAXIMIANO
** CRUZEIRO:
** OPERANTAR XXXVIII
** ESTAÇÃO: OP38_020
** LAT 62 13,00'S
** LONG 058 20,28'W
** 09P73767-1155_A
** PROFUNDIDADE: 497
** DATA/HORA: 221223Z/NOV/2019
** OPERADOR: SO-HN CHAVES
# nquan = 27
# nvalues = 1034                                  
# units = specified
# name 0 = scan: Scan Count
# name 1 = timeJ: Julian Days
# name 2 = latitude: Latitude [deg]
# name 3 = longitude: Longitude [deg]
# name 4 = dz/dtM: Descent Rate [m/s]
# name 5 = avgsvCM: Average Sound Velocity [Chen-Millero, m/s]
# name 6 = prDM: Pressure, Digiquartz [db]
# name 7 = depSM: Depth [salt water, m]
# name 8 = t090C: Temperature [ITS-90, deg C]
# name 9 = t190C: Temperature, 2 [ITS-90, deg C]
# name 10 = T2-T190C: Temperature Difference, 2 - 1 [ITS-90, deg C]
# name 11 = potemp090C: Potential Temperature [ITS-90, deg C]
# name 12 = potemp190C: Potential Temperature, 2 [ITS-90, deg C]
# name 13 = potemp90Cdiff: Potential Temperature, Diff, 2 - 1 [ITS-90, deg C]
# name 14 = c0S/m: Conductivity [S/m]
# name 15 = c1S/m: Conductivity, 2 [S/m]
# name 16 = C2-C1S/m: Conductivity Difference, 2 - 1 [S/m]
# name 17 = sal00: Salinity, Practical [PSU]
# name 18 = sal11: Salinity, Practical, 2 [PSU]
# name 19 = sbeox0ML/L: Oxygen, SBE 43 [ml/l]
# name 20 = sigma-é00: Density [sigma-theta, kg/m^3]
# name 21 = sigma-é11: Density, 2 [sigma-theta, kg/m^3]
# name 22 = sbox0Mm/Kg: Oxygen, SBE 43 [umol/kg]
# name 23 = oxsolMm/Kg: Oxygen Saturation, Garcia & Gordon [umol/kg]
# name 24 = oxsatMm/Kg: Oxygen Saturation, Weiss [umol/kg]
# name 25 = nbf: Bottles Fired
# name 26 = flag:  0.000e+00
# interval = seconds: 0.0416667
# start_time = Nov 22 2019 12:22:40 [NMEA time, header]
# bad_flag = -9.990e-29
*END*
[from data line 913]
      39350 326.534717  -62.21706  -58.33796      0.063    1449.76      3.043      3.013    -0.4136    -0.3968     0.0167    -0.4137    -0.3969     0.0167   2.806669   2.808590   0.001920    34.1722    34.1791     7.6243    27.4580    27.4629    331.400  354.01626  355.57590          6  0.000e+00
      39351 326.534717  -62.21706  -58.33796      0.058    1449.76      3.043      3.013    -0.4133    -0.3969     0.0164    -0.4134    -0.3970     0.0164   2.806688   2.808567   0.001879    34.1722    34.1789     7.6238    27.4580    27.4627    331.380  354.01416  355.57375          6  0.000e+00
      39352 326.534718  -62.21706  -58.33796      0.050    1449.76      3.043      3.013    -0.4125    -0.3970     0.0156    -0.4126    -0.3971     0.0156   2.806724   2.808624   0.001901    34.1717    34.1797     7.6283    27.4576    27.4634    331.576  354.00782  355.56721          6  0.000e+00
      39353 326.534718  -62.21706  -58.33796      0.045    1449.76      3.043      3.013    -0.4125    -0.3971     0.0154    -0.4126    -0.3972     0.0154   2.806754   2.808636   0.001882    34.1722    34.1801     7.6235    27.4580    27.4637    331.367  354.00670  355.56612          6  0.000e+00
      39354 326.534719  -62.21706  -58.33796      0.039    1449.76      3.043      3.013    -0.4122    -0.3977     0.0145    -0.4123    -0.3978     0.0145   2.806730   2.808601   0.001872    34.1714    34.1803     7.6281    27.4574    27.4638    331.568  354.00545  355.56476          6  0.000e+00
      39355 326.534719  -62.21706  -58.33796      0.030    1449.76      3.043      3.013    -0.4123    -0.3973     0.0151    -0.4124    -0.3974     0.0151   2.806730   2.808613   0.001883    34.1716    34.1799     7.6292    27.4575    27.4636    331.616  354.00652  355.56588          6  0.000e+00
      39356 326.534720  -62.21706  -58.33796      0.027    1449.76      3.043      3.013    -0.4124    -0.3978     0.0147    -0.4125    -0.3978     0.0147   2.806663   2.808601   0.001938    34.1708    34.1803     7.6296    27.4569    27.4639    331.631  354.00934  355.56866          6  0.000e+00
      39357 326.534720  -62.21706  -58.33796      0.021    1449.76      3.043      3.013    -0.4130    -0.3974     0.0156    -0.4131    -0.3975     0.0156   2.806627   2.808601   0.001974    34.1710    34.1799     7.6248    27.4570    27.4635    331.426  354.01425  355.57370          6  0.000e+00
      39358 326.534721  -62.21706  -58.33796      0.017    1449.76      3.043      3.013    -0.4137    -0.3976     0.0161    -0.4138    -0.3977     0.0161   2.806615   2.808596   0.001980    34.1717    34.1800     7.6245    27.4576    27.4637    331.409  354.01934  355.57899          6  0.000e+00
      39359 326.534721  -62.21706  -58.33796      0.011    1449.76      3.043      3.013    -0.4144    -0.3976     0.0168    -0.4145    -0.3977     0.0168   2.806603   2.808573   0.001969    34.1722    34.1797     7.6241    27.4581    27.4634    331.393  354.02372  355.58352          6  0.000e+00
      39360 326.534722  -62.21706  -58.33796      0.010    1449.76      3.043      3.013    -0.4139    -0.3976     0.0164    -0.4140    -0.3976     0.0164   2.806633   2.808578   0.001945    34.1721    34.1798     7.6235    27.4580    27.4634    331.366  354.01974  355.57945          6  0.000e+00
      39361 326.534722  -62.21706  -58.33796      0.003    1449.76      3.043      3.013    -0.4137    -0.3984     0.0153    -0.4138    -0.3985     0.0153   2.806609   2.808590   0.001980    34.1715    34.1809     7.6281    27.4575    27.4644    331.565  354.01921  355.57883          6  0.000e+00
      39362 326.534723  -62.21706  -58.33796      0.002    1449.76      3.043      3.013    -0.4131    -0.3979     0.0152    -0.4132    -0.3980     0.0152   2.806609   2.808613   0.002004    34.1709    34.1806     7.6282    27.4569    27.4641    331.571  354.01563  355.57510          6  0.000e+00
      39363 326.534723  -62.21706  -58.33796     -0.004    1449.76      3.008      2.980    -0.4128    -0.3982     0.0146    -0.4129    -0.3983     0.0146   2.806639   2.808549   0.001910    34.1710    34.1801     7.6232    27.4570    27.4637    331.353  354.01267  355.57209          6  0.000e+00
      39364 326.534724  -62.21706  -58.33796     -0.005    1449.76      3.043      3.013    -0.4122    -0.3979     0.0143    -0.4123    -0.3980     0.0143   2.806663   2.808578   0.001915    34.1706    34.1802     7.6276    27.4567    27.4638    331.546  354.00791  355.56717          6  0.000e+00
      39365 326.534724  -62.21706  -58.33796     -0.009    1449.76      3.043      3.013    -0.4123    -0.3982     0.0141    -0.4124    -0.3983     0.0141   2.806651   2.808573   0.001921    34.1706    34.1804     7.6286    27.4567    27.4640    331.589  354.00943  355.56872          6  0.000e+00
      39366 326.534725  -62.21706  -58.33796     -0.010    1449.76      3.043      3.013    -0.4119    -0.3983     0.0136    -0.4120    -0.3984     0.0136   2.806712   2.808532   0.001821    34.1709    34.1800     7.6243    27.4570    27.4637    331.403  354.00469  355.56392          6  0.000e+00
      39367 326.534725  -62.21706  -58.33796     -0.011    1449.76      3.043      3.013    -0.4117    -0.3985     0.0132    -0.4118    -0.3986     0.0132   2.806742   2.808578   0.001837    34.1711    34.1809     7.6245    27.4571    27.4644    331.410  354.00215  355.56134          6  0.000e+00
      39368 326.534726  -62.21706  -58.33796     -0.015    1449.76      2.988      2.959    -0.4117    -0.3988     0.0129    -0.4118    -0.3989     0.0129   2.806754   2.808596   0.001842    34.1713    34.1815     7.6298    27.4572    27.4649    331.639  354.00161  355.56081          6  0.000e+00
      39369 326.534726  -62.21706  -58.33796     -0.015    1449.76      3.043      3.013    -0.4114    -0.3984     0.0130    -0.4115    -0.3985     0.0130   2.806748   2.808561   0.001813    34.1708    34.1805     7.6249    27.4568    27.4640    331.428  354.00014  355.55926          6  0.000e+00
      39370 326.534727  -62.21706  -58.33796     -0.016    1449.76      3.043      3.013    -0.4110    -0.3988     0.0122    -0.4111    -0.3989     0.0122   2.806796   2.808544   0.001748    34.1710    34.1807     7.6243    27.4569    27.4643    331.400  353.99549  355.55452          6  0.000e+00
      39371 326.534727  -62.21706  -58.33796     -0.020    1449.76      2.988      2.959    -0.4112    -0.3988     0.0124    -0.4113    -0.3989     0.0124   2.806802   2.808578   0.001777    34.1713    34.1813     7.6237    27.4572    27.4647    331.376  353.99661  355.55570          6  0.000e+00
      39372 326.534728  -62.21706  -58.33796     -0.021    1449.76      3.043      3.013    -0.4110    -0.3988     0.0121    -0.4111    -0.3989     0.0121   2.806784   2.808544   0.001760    34.1708    34.1808     7.6283    27.4568    27.4643    331.575  353.99594  355.55496          6  0.000e+00
      39373 326.534728  -62.21706  -58.33796     -0.025    1449.76      2.988      2.959    -0.4110    -0.3989     0.0120    -0.4111    -0.3990     0.0120   2.806778   2.808515   0.001737    34.1708    34.1805     7.6233    27.4568    27.4641    331.360  353.99607  355.55509          6  0.000e+00
      39374 326.534728  -62.21706  -58.33796     -0.023    1449.76      3.091      3.061    -0.4107    -0.3990     0.0117    -0.4108    -0.3991     0.0117   2.806820   2.808573   0.001753    34.1709    34.1813     7.6279    27.4569    27.4647    331.558  353.99290  355.55186          6  0.000e+00
      39375 326.534729  -62.21706  -58.33796     -0.026    1449.76      2.940      2.912    -0.4105    -0.3988     0.0117    -0.4106    -0.3989     0.0117   2.806832   2.808544   0.001712    34.1710    34.1808     7.6235    27.4569    27.4643    331.369  353.99112  355.55005          6  0.000e+00
      39376 326.534729  -62.21706  -58.33796     -0.024    1449.76      3.091      3.061    -0.4101    -0.3988     0.0113    -0.4102    -0.3989     0.0113   2.806814   2.808538   0.001724    34.1702    34.1806     7.6282    27.4563    27.4642    331.570  353.98955  355.54835          6  0.000e+00
      39377 326.534730  -62.21706  -58.33796     -0.025    1449.76      2.988      2.959    -0.4097    -0.3990     0.0108    -0.4098    -0.3991     0.0108   2.806850   2.808578   0.001729    34.1704    34.1814     7.6230    27.4564    27.4649    331.347  353.98589  355.54463          6  0.000e+00
      39378 326.534730  -62.21706  -58.33796     -0.028    1449.76      2.988      2.959    -0.4096    -0.3990     0.0106    -0.4097    -0.3991     0.0106   2.806856   2.808561   0.001705    34.1702    34.1812     7.6224    27.4563    27.4647    331.320  353.98460  355.54329          6  0.000e+00
      39379 326.534731  -62.21706  -58.33796     -0.031    1449.76      2.988      2.959    -0.4097    -0.3985     0.0113    -0.4098    -0.3986     0.0113   2.806862   2.808521   0.001659    34.1705    34.1801     7.6277    27.4565    27.4637    331.551  353.98544  355.54419          6  0.000e+00
      39380 326.534731  -62.21706  -58.33796     -0.032    1449.76      2.988      2.959    -0.4094    -0.3988     0.0106    -0.4095    -0.3989     0.0106   2.806874   2.808549   0.001676    34.1703    34.1809     7.6286    27.4563    27.4644    331.589  353.98285  355.54152          6  0.000e+00
      39381 326.534732  -62.21706  -58.33796     -0.031    1449.76      3.043      3.013    -0.4095    -0.3987     0.0108    -0.4096    -0.3988     0.0108   2.806844   2.808532   0.001689    34.1699    34.1804     7.6237    27.4560    27.4640    331.378  353.98442  355.54308          6  0.000e+00
      39382 326.534732  -62.21706  -58.33796     -0.031    1449.76      2.988      2.959    -0.4092    -0.3985     0.0107    -0.4093    -0.3986     0.0107   2.806850   2.808515   0.001665    34.1698    34.1800     7.6230    27.4559    27.4637    331.348  353.98268  355.54128          6  0.000e+00
      39383 326.534733  -62.21706  -58.33796     -0.031    1449.76      2.988      2.959    -0.4094    -0.3985     0.0109    -0.4095    -0.3986     0.0109   2.806838   2.808573   0.001735    34.1698    34.1808     7.6225    27.4559    27.4643    331.323  353.98419  355.54283          6  0.000e+00
      39384 326.534733  -62.21706  -58.33796     -0.035    1449.76      2.961      2.932    -0.4097    -0.3984     0.0114    -0.4098    -0.3985     0.0114   2.806832   2.808509   0.001677    34.1701    34.1798     7.6219    27.4562    27.4635    331.299  353.98651  355.54524          6  0.000e+00
      39385 326.534734  -62.21706  -58.33796     -0.037    1449.76      2.988      2.959    -0.4091    -0.3987     0.0104    -0.4092    -0.3988     0.0104   2.806856   2.808474   0.001619    34.1697    34.1797     7.6212    27.4558    27.4634    331.269  353.98174  355.54031          6  0.000e+00
      39386 326.534734  -62.21706  -58.33796     -0.039    1449.76      2.940      2.912    -0.4093    -0.3983     0.0110    -0.4094    -0.3984     0.0110   2.806856   2.808544   0.001688    34.1699    34.1802     7.6214    27.4560    27.4639    331.276  353.98273  355.54135          6  0.000e+00
      39387 326.534735  -62.21706  -58.33796     -0.038    1449.76      2.988      2.959    -0.4091    -0.3985     0.0106    -0.4092    -0.3986     0.0106   2.806898   2.808549   0.001652    34.1703    34.1805     7.6208    27.4563    27.4641    331.251  353.98017  355.53878          6  0.000e+00
      39388 326.534735  -62.21706  -58.33796     -0.042    1449.76      2.940      2.912    -0.4089    -0.3982     0.0107    -0.4090    -0.3983     0.0107   2.806898   2.808509   0.001611    34.1701    34.1797     7.6202    27.4561    27.4634    331.223  353.97902  355.53758          6  0.000e+00
      39389 326.534736  -62.21706  -58.33796     -0.043    1449.76      2.988      2.959    -0.4091    -0.3985     0.0106    -0.4092    -0.3986     0.0106   2.806922   2.808509   0.001587    34.1706    34.1799     7.6205    27.4566    27.4636    331.235  353.97928  355.53790          6  0.000e+00
      39390 326.534736  -62.21706  -58.33796     -0.044    1449.76      2.940      2.912    -0.4091    -0.3987     0.0104    -0.4092    -0.3988     0.0104   2.806898   2.808532   0.001634    34.1703    34.1805     7.6207    27.4563    27.4641    331.245  353.98009  355.53870          6  0.000e+00
      39391 326.534737  -62.21706  -58.33796     -0.047    1449.76      2.940      2.912    -0.4091    -0.3988     0.0103    -0.4092    -0.3989     0.0103   2.806880   2.808492   0.001612    34.1701    34.1801     7.6261    27.4561    27.4638    331.479  353.98076  355.53936          6  0.000e+00
      39392 326.534737  -62.21706  -58.33796     -0.050    1449.76      2.940      2.912    -0.4094    -0.3986     0.0108    -0.4095    -0.3987     0.0108   2.806886   2.808503   0.001618    34.1705    34.1801     7.6221    27.4565    27.4637    331.305  353.98233  355.54100          6  0.000e+00
      39393 326.534738  -62.21706  -58.33796     -0.053    1449.76      2.940      2.912    -0.4096    -0.3988     0.0107    -0.4097    -0.3989     0.0107   2.806862   2.808515   0.001653    34.1703    34.1804     7.6216    27.4564    27.4640    331.286  353.98429  355.54299          6  0.000e+00
      39394 326.534738  -62.21706  -58.33796     -0.056    1449.76      2.940      2.912    -0.4096    -0.3993     0.0103    -0.4097    -0.3994     0.0103   2.806880   2.808480   0.001601    34.1706    34.1805     7.6211    27.4566    27.4641    331.265  353.98362  355.54234          6  0.000e+00
      39395 326.534739  -62.21706  -58.33796     -0.059    1449.76      2.885      2.858    -0.4097    -0.3988     0.0109    -0.4098    -0.3989     0.0109   2.806862   2.808463   0.001601    34.1706    34.1797     7.6207    27.4566    27.4635    331.244  353.98527  355.54402          6  0.000e+00
      39396 326.534739  -62.21706  -58.33796     -0.064    1449.76      2.940      2.912    -0.4097    -0.3993     0.0104    -0.4098    -0.3994     0.0104   2.806880   2.808521   0.001641    34.1708    34.1810     7.6202    27.4567    27.4645    331.225  353.98469  355.54346          6  0.000e+00
      39397 326.534740  -62.21706  -58.33796     -0.066    1449.76      2.885      2.858    -0.4099    -0.3991     0.0107    -0.4100    -0.3992     0.0107   2.806880   2.808451   0.001572    34.1709    34.1800     7.6197    27.4569    27.4637    331.203  353.98531  355.54411          6  0.000e+00
      39398 326.534740  -62.21706  -58.33796     -0.071    1449.76      2.885      2.858    -0.4097    -0.3994     0.0103    -0.4098    -0.3995     0.0103   2.806868   2.808451   0.001584    34.1707    34.1803     7.6192    27.4566    27.4640    331.182  353.98505  355.54380          6  0.000e+00
      39399 326.534741  -62.21706  -58.33796     -0.072    1449.76      2.940      2.912    -0.4100    -0.3992     0.0108    -0.4101    -0.3993     0.0108   2.806844   2.808498   0.001654    34.1706    34.1807     7.6189    27.4566    27.4642    331.167  353.98782  355.54663          6  0.000e+00
      39400 326.534741  -62.21706  -58.33796     -0.075    1449.76      2.885      2.858    -0.4100    -0.3994     0.0106    -0.4101    -0.3995     0.0106   2.806850   2.808463   0.001613    34.1707    34.1805     7.6235    27.4567    27.4641    331.366  353.98750  355.54632          6  0.000e+00
      39401 326.534742  -62.21706  -58.33796     -0.079    1449.76      2.885      2.858    -0.4101    -0.3996     0.0105    -0.4102    -0.3997     0.0105   2.806838   2.808457   0.001620    34.1706    34.1806     7.6194    27.4566    27.4642    331.190  353.98830  355.54713          6  0.000e+00
      39402 326.534742  -62.21706  -58.33796     -0.079    1449.76      2.940      2.912    -0.4099    -0.3997     0.0101    -0.4100    -0.3998     0.0101   2.806832   2.808498   0.001666    34.1703    34.1812     7.6190    27.4563    27.4647    331.171  353.98719  355.54595          6  0.000e+00
