Pos-Processados/process_op38/operantar38_003.cnv
* Sea-Bird SBE 9 Data File:
* FileName = D:\OPERANTAR_XXXVIII\DADOS\OP38_003.hdr
* Software Version Seasave V 7.12
* Temperature SN = 4808
* Conductivity SN = 3380
* Number of Bytes Per Scan = 31
* Number of Voltage Words = 2
* Number of Scans Averaged by the Deck Unit = 1
* NMEA Latitude = 39 32.86 S
* NMEA Longitude = 054 23.47 W
* NMEA UTC (Time) = Jan 17 2019 09:09:24
** H41
** NAVIO POLAR ALMIRANTE MAXIMIANO
** CRUZEIRO:
** OPERANTAR XXXVIII
** ESTAวรO: OP38_003
** LAT 39บ 32,87' S
** LONG 054บ 23,45' W
** 09P73767-1155
** PROFUNDIDADE: 2920 m
** DATA/HORA: 170909Z/OUT/2019
** OPERADOR: SO-HN CHAVES
# nquan = 33
# nvalues = 2037                        
# units = specified
# name 0 = scan: Scan Count
# name 1 = timeJ: Julian Days
# name 2 = latitude: Latitude [deg]
# name 3 = longitude: Longitude [deg]
# name 4 = dz/dtM: Descent Rate [m/s]
# name 5 = avgsvCM: Average Sound Velocity [Chen-Millero, m/s]
# name 6 = prDM: Pressure, Digiquartz [db]
# name 7 = depSM: Depth [salt water, m]
# name 8 = t090C: Temperature [ITS-90, deg C]
# name 9 = t190C: Temperature, 2 [ITS-90, deg C]
# name 10 = T2-T190C: Temperature Difference, 2 - 1 [ITS-90, deg C]
# name 11 = potemp090C: Potential Temperature [ITS-90, deg C]
# name 12 = potemp190C: Potential Temperature, 2 [ITS-90, deg C]
# name 13 = potemp90Cdiff: Potential Temperature, Diff, 2 - 1 [ITS-90, deg C]
# name 14 = c0S/m: Conductivity [S/m]
# name 15 = c1S/m: Conductivity, 2 [S/m]
# name 16 = C2-C1S/m: Conductivity Difference, 2 - 1 [S/m]
# name 17 = sal00: Salinity, Practical [PSU]
# name 18 = sal11: Salinity, Practical, 2 [PSU]
# name 19 = sbeox0ML/L: Oxygen, SBE 43 [ml/l]
# name 20 = sigma-้00: Density [sigma-theta, kg/m^3]
# name 21 = sigma-้11: Density, 2 [sigma-theta, kg/m^3]
# name 22 = sbox0Mm/Kg: Oxygen, SBE 43 [umol/kg]
# name 23 = oxsolMm/Kg: Oxygen Saturation, Garcia & Gordon [umol/kg]
# name 24 = oxsatMm/Kg: Oxygen Saturation, Weiss [umol/kg]
# name 25 = sal00: Salinity, Practical [PSU]
# name 26 = sigma-้00: Density [sigma-theta, kg/m^3]
# name 27 = svCM: Sound Velocity [Chen-Millero, m/s]
# name 28 = svCM1: Sound Velocity, 2 [Chen-Millero, m/s]
# name 29 = gsw_ptA0: potential temperature [ITS-90, deg C]
# name 30 = gsw_densityA0: density, TEOS-10 [density, kg/m^3]
# name 31 = gsw_saA0: Absolute Salinity [g/kg]
# name 32 = flag:
# span 0 =       2637,      55419       
# span 1 =  17.382799,  17.408253       
# span 2 =  -39.54778,  -39.54770       
# span 3 =  -54.39123,  -54.39118       
# span 4 =     -1.648,      1.572       
# span 5 =      -0.02,    1474.64       
# span 6 =      5.000,   1027.000       
# span 7 =      4.983,   1016.654       
# span 8 =     2.5646,     6.7340       
# span 9 =     2.5661,     6.7344       
# span 10 =    -0.0598,     0.0480      
# span 11 =     2.4982,     6.7336      
# span 12 =     2.4996,     6.7340      
# span 13 =    -0.0598,     0.0480      
# span 14 =   3.109510,   3.423164      
# span 15 =   3.109967,   3.423747      
# span 16 =  -0.004577,   0.004732      
# span 17 =    34.0578,    34.5114      
# span 18 =    34.0634,    34.5159      
# span 19 =     3.8602,     7.5169      
# span 20 =    26.7475,    27.5394      
# span 21 =    26.7519,    27.5428      
# span 22 =    167.775,    326.939      
# span 23 =  297.20034,  327.24321      
# span 24 =  297.65337,  328.26970      
# span 25 =    34.0512,    34.5112      
# span 26 =    26.7468,    27.5392      
# span 27 =    1466.67,    1476.79      
# span 28 =    1466.68,    1476.80      
# span 29 =     2.4981,     6.7335      
# span 30 =  1026.7721,  1032.3077      
# span 31 =    34.2120,    34.6774      
# span 32 = 0.0000e+00, 0.0000e+00      
# interval = decibars: 1                
# start_time = Jan 17 2019 09:09:24 [NMEA time, header]
# bad_flag = -9.990e-29
*END*
[from data line 1231]
      34457  17.398144  -39.54776  -54.39122     -0.874    1470.86    818.000    810.168     2.7351     2.7365     0.0014     2.6826     2.6840     0.0014   3.131032   3.131529   0.000498    34.4075    34.4120     4.1793    27.4404    27.4439    181.664  326.12400  327.11930    34.4079    27.4407    1473.93    1473.94     2.6825  1031.2441    34.5725 0.0000e+00
      34479  17.398155  -39.54776  -54.39122     -0.994    1470.86    817.000    809.179     2.7361     2.7372     0.0011     2.6837     2.6847     0.0011   3.131034   3.131513   0.000478    34.4071    34.4117     4.1780    27.4400    27.4436    181.607  326.11708  327.11220    34.4074    27.4402    1473.92    1473.93     2.6836  1031.2390    34.5720 0.0000e+00
      34500  17.398165  -39.54776  -54.39122     -1.096    1470.86    816.000    808.191     2.7361     2.7372     0.0011     2.6838     2.6848     0.0011   3.130984   3.131471   0.000487    34.4070    34.4118     4.1766    27.4399    27.4436    181.547  326.11700  327.11211    34.4073    27.4401    1473.90    1473.91     2.6836  1031.2343    34.5719 0.0000e+00
      34522  17.398176  -39.54776  -54.39122     -1.124    1470.86    815.000    807.202     2.7362     2.7373     0.0010     2.6839     2.6850     0.0010   3.130956   3.131430   0.000477    34.4071    34.4118     4.1808    27.4399    27.4436    181.727  326.11594  327.11104    34.4073    27.4401    1473.88    1473.89     2.6838  1031.2297    34.5720 0.0000e+00
      34546  17.398187  -39.54776  -54.39122     -1.065    1470.86    814.000    806.214     2.7362     2.7373     0.0011     2.6839     2.6850     0.0011   3.130912   3.131396   0.000481    34.4072    34.4119     4.1839    27.4400    27.4437    181.864  326.11610  327.11122    34.4074    27.4402    1473.87    1473.88     2.6839  1031.2251    34.5720 0.0000e+00
      34569  17.398198  -39.54776  -54.39122     -1.006    1470.86    813.000    805.226     2.7365     2.7372     0.0008     2.6843     2.6850     0.0008   3.130885   3.131358   0.000477    34.4070    34.4121     4.1847    27.4399    27.4438    181.895  326.11402  327.10908    34.4073    27.4401    1473.85    1473.86     2.6842  1031.2204    34.5719 0.0000e+00
      34590  17.398209  -39.54776  -54.39122     -1.062    1470.86    812.000    804.237     2.7365     2.7378     0.0013     2.6844     2.6857     0.0013   3.130851   3.131351   0.000497    34.4071    34.4118     4.1869    27.4399    27.4436    181.991  326.11331  327.10837    34.4073    27.4401    1473.83    1473.85     2.6844  1031.2158    34.5719 0.0000e+00
      34609  17.398218  -39.54776  -54.39122     -1.189    1470.86    811.000    803.248     2.7374     2.7388     0.0015     2.6853     2.6867     0.0014   3.130861   3.131364   0.000505    34.4068    34.4114     4.1864    27.4396    27.4432    181.972  326.10757  327.10248    34.4071    27.4398    1473.82    1473.83     2.6853  1031.2109    34.5717 0.0000e+00
      34627  17.398226  -39.54776  -54.39122     -1.290    1470.86    810.000    802.260     2.7390     2.7403     0.0014     2.6870     2.6883     0.0014   3.130908   3.131405   0.000498    34.4062    34.4109     4.1887    27.4390    27.4426    182.071  326.09615  327.09079    34.4065    27.4392    1473.81    1473.82     2.6869  1031.2057    34.5711 0.0000e+00
      34647  17.398236  -39.54776  -54.39122     -1.274    1470.86    809.000    801.271     2.7401     2.7410     0.0009     2.6881     2.6891     0.0009   3.130920   3.131392   0.000474    34.4058    34.4105     4.1845    27.4385    27.4423    181.891  326.08840  327.08285    34.4060    27.4387    1473.80    1473.81     2.6880  1031.2006    34.5706 0.0000e+00
      34675  17.398250  -39.54776  -54.39122     -1.002    1470.86    808.000    800.286     2.7405     2.7411     0.0005     2.6887     2.6892     0.0005   3.130909   3.131343   0.000444    34.4056    34.4105     4.1867    27.4384    27.4422    181.987  326.08490  327.07926    34.4059    27.4386    1473.78    1473.79     2.6886  1031.1958    34.5705 0.0000e+00
      34710  17.398266  -39.54776  -54.39122     -0.690    1470.86    807.000    799.289     2.7435     2.7421    -0.0014     2.6917     2.6903    -0.0014   3.130979   3.131353   0.000378    34.4038    34.4099     4.1857    27.4367    27.4417    181.942  326.06529  327.05911    34.4041    27.4368    1473.78    1473.78     2.6917  1031.1894    34.5687 0.0000e+00
      34737  17.398279  -39.54776  -54.39122     -0.801    1470.86    806.000    798.306     2.7432     2.7439     0.0007     2.6915     2.6922     0.0007   3.130930   3.131401   0.000459    34.4042    34.4091     4.1915    27.4370    27.4408    182.195  326.06709  327.06099    34.4044    27.4371    1473.76    1473.77     2.6914  1031.1851    34.5690 0.0000e+00
      34759  17.398290  -39.54776  -54.39122     -0.988    1470.86    805.000    797.317     2.7446     2.7467     0.0021     2.6929     2.6950     0.0021   3.130954   3.131473   0.000515    34.4035    34.4075     4.1967    27.4363    27.4393    182.419  326.05772  327.05137    34.4037    27.4364    1473.75    1473.76     2.6929  1031.1798    34.5683 0.0000e+00
      34782  17.398301  -39.54776  -54.39122     -1.077    1470.86    804.000    796.329     2.7452     2.7479     0.0028     2.6936     2.6963     0.0028   3.130924   3.131485   0.000552    34.4031    34.4069     4.1997    27.4359    27.4387    182.549  326.05391  327.04745    34.4033    27.4361    1473.73    1473.75     2.6935  1031.1747    34.5678 0.0000e+00
      34807  17.398313  -39.54776  -54.39122     -1.016    1470.86    803.000    795.340     2.7458     2.7484     0.0026     2.6943     2.6968     0.0026   3.130915   3.131460   0.000544    34.4028    34.4067     4.2017    27.4356    27.4385    182.635  326.04981  327.04325    34.4030    27.4358    1473.72    1473.74     2.6942  1031.1699    34.5676 0.0000e+00
      34834  17.398326  -39.54776  -54.39122     -0.897    1470.86    802.000    794.351     2.7478     2.7494     0.0015     2.6964     2.6979     0.0015   3.130967   3.131460   0.000494    34.4017    34.4061     4.2014    27.4346    27.4380    182.622  326.03588  327.02895    34.4020    27.4348    1473.71    1473.72     2.6963  1031.1642    34.5666 0.0000e+00
      34856  17.398337  -39.54776  -54.39122     -0.959    1470.86    801.000    793.363     2.7485     2.7505     0.0019     2.6971     2.6990     0.0019   3.130960   3.131495   0.000529    34.4014    34.4058     4.2016    27.4343    27.4376    182.632  326.03084  327.02378    34.4017    27.4345    1473.70    1473.71     2.6971  1031.1593    34.5662 0.0000e+00
      34874  17.398345  -39.54776  -54.39122     -1.145    1470.86    800.000    792.374     2.7509     2.7532     0.0024     2.6995     2.7019     0.0023   3.131062   3.131611   0.000551    34.4005    34.4047     4.2055    27.4334    27.4365    182.805  326.01430  327.00684    34.4010    27.4337    1473.69    1473.71     2.6995  1031.1539    34.5655 0.0000e+00
      34891  17.398353  -39.54776  -54.39122     -1.326    1470.86    799.000    791.386     2.7536     2.7550     0.0014     2.7023     2.7037     0.0013   3.131160   3.131661   0.000507    34.3994    34.4041     4.2085    27.4322    27.4359    182.934  325.99517  326.98724    34.3998    27.4325    1473.68    1473.70     2.7022  1031.1480    34.5644 0.0000e+00
      34907  17.398361  -39.54776  -54.39122     -1.443    1470.86    798.000    790.397     2.7546     2.7557     0.0011     2.7034     2.7045     0.0011   3.131157   3.131658   0.000501    34.3990    34.4038     4.2087    27.4317    27.4356    182.942  325.98834  326.98024    34.3992    27.4320    1473.67    1473.68     2.7033  1031.1428    34.5638 0.0000e+00
      34925  17.398370  -39.54776  -54.39122     -1.448    1470.86    797.000    789.408     2.7551     2.7564     0.0013     2.7040     2.7052     0.0013   3.131147   3.131637   0.000490    34.3988    34.4034     4.2129    27.4316    27.4352    183.126  325.98444  326.97624    34.3991    27.4318    1473.66    1473.67     2.7039  1031.1380    34.5636 0.0000e+00
      34950  17.398382  -39.54776  -54.39122     -1.159    1470.86    796.000    788.421     2.7555     2.7560     0.0005     2.7044     2.7049     0.0005   3.131119   3.131569   0.000457    34.3986    34.4037     4.2163    27.4314    27.4354    183.271  325.98207  326.97381    34.3989    27.4316    1473.64    1473.65     2.7043  1031.1332    34.5634 0.0000e+00
      34997  17.398405  -39.54774  -54.39122     -0.480    1470.86    795.000    787.429     2.7625     2.7622    -0.0002     2.7114     2.7112    -0.0002   3.131481   3.131879   0.000402    34.3958    34.4010     4.2175    27.4286    27.4327    183.325  325.93265  326.92318    34.3964    27.4290    1473.65    1473.66     2.7114  1031.1259    34.5609 0.0000e+00
      35032  17.398422  -39.54775  -54.39122     -0.626    1470.86    794.000    786.443     2.7641     2.7623    -0.0019     2.7131     2.7113    -0.0019   3.131487   3.131840   0.000338    34.3951    34.4012     4.2205    27.4278    27.4329    183.455  325.92108  326.91133    34.3952    27.4279    1473.64    1473.64     2.7131  1031.1202    34.5597 0.0000e+00
      35053  17.398432  -39.54776  -54.39122     -0.930    1470.86    793.000    785.454     2.7658     2.7710     0.0053     2.7148     2.7200     0.0052   3.131637   3.132382   0.000723    34.3949    34.3982     4.2283    27.4275    27.4297    183.796  325.90840  326.89838    34.3959    27.4283    1473.63    1473.66     2.7148  1031.1159    34.5604 0.0000e+00
      35070  17.398440  -39.54776  -54.39122     -1.190    1470.86    792.000    784.466     2.7705     2.7751     0.0046     2.7196     2.7242     0.0046   3.131808   3.132487   0.000685    34.3928    34.3962     4.2337    27.4254    27.4278    184.030  325.87552  326.86467    34.3935    27.4260    1473.63    1473.66     2.7195  1031.1088    34.5579 0.0000e+00
      35087  17.398448  -39.54776  -54.39122     -1.355    1470.86    791.000    783.477     2.7743     2.7763     0.0020     2.7234     2.7254     0.0020   3.131981   3.132514   0.000538    34.3914    34.3958     4.2383    27.4240    27.4273    184.229  325.84868  326.83718    34.3921    27.4245    1473.63    1473.64     2.7234  1031.1027    34.5566 0.0000e+00
      35105  17.398457  -39.54776  -54.39122     -1.412    1470.86    790.000    782.489     2.7757     2.7778     0.0021     2.7250     2.7270     0.0021   3.132010   3.132554   0.000543    34.3908    34.3952     4.2416    27.4234    27.4267    184.376  325.83827  326.82652    34.3914    27.4238    1473.62    1473.63     2.7249  1031.0974    34.5559 0.0000e+00
      35125  17.398466  -39.54776  -54.39122     -1.312    1470.86    789.000    781.500     2.7765     2.7790     0.0025     2.7258     2.7283     0.0025   3.131999   3.132579   0.000573    34.3905    34.3949     4.2448    27.4230    27.4263    184.515  325.83315  326.82127    34.3910    27.4234    1473.61    1473.62     2.7257  1031.0924    34.5555 0.0000e+00
      35151  17.398479  -39.54776  -54.39122     -1.050    1470.86    788.000    780.511     2.7770     2.7796     0.0026     2.7264     2.7289     0.0026   3.132000   3.132555   0.000561    34.3905    34.3945     4.2540    27.4229    27.4260    184.912  325.82896  326.81700    34.3910    27.4234    1473.59    1473.61     2.7263  1031.0877    34.5554 0.0000e+00
      35179  17.398492  -39.54776  -54.39122     -0.862    1470.86    787.000    779.523     2.7792     2.7799     0.0007     2.7286     2.7293     0.0007   3.132062   3.132538   0.000474    34.3895    34.3945     4.2593    27.4220    27.4259    185.144  325.81353  326.80118    34.3899    27.4223    1473.58    1473.59     2.7285  1031.0820    34.5544 0.0000e+00
      35203  17.398504  -39.54776  -54.39122     -0.917    1470.86    786.000    778.534     2.7802     2.7814     0.0012     2.7297     2.7308     0.0012   3.132062   3.132551   0.000490    34.3890    34.3937     4.2603    27.4215    27.4252    185.186  325.80689  326.79437    34.3894    27.4218    1473.57    1473.58     2.7296  1031.0769    34.5539 0.0000e+00
      35226  17.398515  -39.54776  -54.39122     -1.019    1470.86    785.000    777.545     2.7807     2.7817     0.0010     2.7302     2.7312     0.0010   3.132034   3.132519   0.000485    34.3888    34.3936     4.2591    27.4213    27.4250    185.135  325.80371  326.79110    34.3891    27.4215    1473.56    1473.57     2.7301  1031.0707    34.5519 0.0000e+00
      35252  17.398527 -9.990e-29  -54.39122     -1.003    1470.86    784.000    776.556     2.7808     2.7818     0.0011     2.7304     2.7314     0.0011   3.131991   3.132468   0.000478    34.3887    34.3934     4.2626    27.4212    27.4249    185.287  325.80309  326.79047    34.3890    27.4214    1473.54    1473.55     2.7303  1031.0657    34.5515 0.0000e+00
      35285  17.398544 -9.990e-29  -54.39122     -0.773    1470.86    783.000    775.568     2.7809     2.7814     0.0005     2.7306     2.7311     0.0005   3.131932   3.132387   0.000459    34.3884    34.3935     4.2653    27.4210    27.4250    185.407  325.80276  326.79011    34.3887    27.4212    1473.52    1473.53     2.7305  1031.0608    34.5512 0.0000e+00
      35318  17.398559  -39.54775  -54.39122     -0.688    1470.86    782.000    774.579     2.7815     2.7820     0.0005     2.7313     2.7318     0.0005   3.131867   3.132345   0.000478    34.3876    34.3928     4.2676    27.4202    27.4244    185.507  325.79999  326.78721    34.3878    27.4204    1473.51    1473.52     2.7312  1031.0561    34.5512 0.0000e+00
      35341  17.398571  -39.54776  -54.39122     -0.883    1470.86    781.000    773.590     2.7813     2.7822     0.0009     2.7311     2.7320     0.0009   3.131808   3.132240   0.000436    34.3877    34.3921     4.2685    27.4204    27.4237    185.544  325.80139  326.78865    34.3879    27.4205    1473.49    1473.50     2.7310  1031.0524    34.5523 0.0000e+00
      35360  17.398580  -39.54776  -54.39122     -1.100    1470.86    780.000    772.602     2.7812     2.7820     0.0007     2.7311     2.7319     0.0007   3.131693   3.132121   0.000427    34.3870    34.3913     4.2728    27.4197    27.4232    185.730  325.80353  326.79077    34.3870    27.4198    1473.47    1473.48     2.7311  1031.0471    34.5514 0.0000e+00
      35377  17.398588  -39.54776  -54.39122     -1.283    1470.86    779.000    771.613     2.7811     2.7818     0.0007     2.7311     2.7318     0.0007   3.131581   3.132037   0.000461    34.3863    34.3911     4.2715    27.4192    27.4230    185.674  325.80647  326.79371    34.3863    27.4192    1473.45    1473.46     2.7310  1031.0420    34.5507 0.0000e+00
      35394  17.398596  -39.54776  -54.39122     -1.405    1470.86    778.000    770.625     2.7810     2.7819     0.0008     2.7311     2.7319     0.0008   3.131457   3.131887   0.000428    34.3854    34.3898     4.2744    27.4185    27.4219    185.798  325.80907  326.79628    34.3854    27.4185    1473.44    1473.45     2.7310  1031.0366    34.5498 0.0000e+00
      35412  17.398605  -39.54776  -54.39122     -1.424    1470.86    777.000    769.636     2.7811     2.7819     0.0008     2.7312     2.7320     0.0008   3.131354   3.131816   0.000460    34.3846    34.3894     4.2774    27.4179    27.4216    185.929  325.81097  326.79815    34.3847    27.4179    1473.42    1473.43     2.7311  1031.0314    34.5490 0.0000e+00
      35434  17.398615  -39.54776  -54.39122     -1.257    1470.86    776.000    768.647     2.7809     2.7818     0.0010     2.7311     2.7320     0.0009   3.131288   3.131743   0.000455    34.3845    34.3890     4.2781    27.4178    27.4213    185.961  325.81251  326.79971    34.3846    27.4178    1473.40    1473.41     2.7310  1031.0267    34.5489 0.0000e+00
