Pos-Processados/process_op38/operantar38_004.ros
* Sea-Bird SBE 9 Data File:
* FileName = D:\OPERANTAR_XXXVIII\DADOS\OP38_004.hdr
* Software Version Seasave V 7.12
* Temperature SN = 4808
* Conductivity SN = 3380
* Number of Bytes Per Scan = 31
* Number of Voltage Words = 2
* Number of Scans Averaged by the Deck Unit = 1
* NMEA Latitude = 39 58.92 S
* NMEA Longitude = 054 59.71 W
* NMEA UTC (Time) = Oct 17 2019 15:31:47
** H41
** NAVIO POLAR ALMIRANTE MAXIMIANO
** CRUZEIRO:
** OPERANTAR XXXVIII
** ESTAÇÃO: OP38_004
** LAT 39º 58,96'S
** LONG 054º 59,70'W
** 09P73767-1155
** PROFUNDIDADE: 1627 m
** DATA/HORA: 171533Z/OUT/2019
** OPERADOR: SO-HN CHAVES
# nquan = 27
# nvalues = 3988                                  
# units = specified
# name 0 = scan: Scan Count
# name 1 = timeJ: Julian Days
# name 2 = latitude: Latitude [deg]
# name 3 = longitude: Longitude [deg]
# name 4 = dz/dtM: Descent Rate [m/s]
# name 5 = avgsvCM: Average Sound Velocity [Chen-Millero, m/s]
# name 6 = prDM: Pressure, Digiquartz [db]
# name 7 = depSM: Depth [salt water, m]
# name 8 = t090C: Temperature [ITS-90, deg C]
# name 9 = t190C: Temperature, 2 [ITS-90, deg C]
# name 10 = T2-T190C: Temperature Difference, 2 - 1 [ITS-90, deg C]
# name 11 = potemp090C: Potential Temperature [ITS-90, deg C]
# name 12 = potemp190C: Potential Temperature, 2 [ITS-90, deg C]
# name 13 = potemp90Cdiff: Potential Temperature, Diff, 2 - 1 [ITS-90, deg C]
# name 14 = c0S/m: Conductivity [S/m]
# name 15 = c1S/m: Conductivity, 2 [S/m]
# name 16 = C2-C1S/m: Conductivity Difference, 2 - 1 [S/m]
# name 17 = sal00: Salinity, Practical [PSU]
# name 18 = sal11: Salinity, Practical, 2 [PSU]
# name 19 = sbeox0ML/L: Oxygen, SBE 43 [ml/l]
# name 20 = sigma-é00: Density [sigma-theta, kg/m^3]
# name 21 = sigma-é11: Density, 2 [sigma-theta, kg/m^3]
# name 22 = sbox0Mm/Kg: Oxygen, SBE 43 [umol/kg]
# name 23 = oxsolMm/Kg: Oxygen Saturation, Garcia & Gordon [umol/kg]
# name 24 = oxsatMm/Kg: Oxygen Saturation, Weiss [umol/kg]
# name 25 = nbf: Bottles Fired
# name 26 = flag:  0.000e+00
# interval = seconds: 0.0416667
# start_time = Oct 17 2019 15:31:47 [NMEA time, header]
# bad_flag = -9.990e-29
*END*
[from data line 698]
      59726 290.675874  -39.97482  -54.99514      0.069    1470.62     33.630     33.369     5.9307     5.9313     0.0005     5.9280     5.9285     0.0005   3.350550   3.351155   0.000605    34.0811    34.0874     7.3316    26.8356    26.8405    318.870  302.81020  303.35522          5  0.000e+00
      59727 290.675875  -39.97482  -54.99514      0.071    1470.62     33.636     33.376     5.9306     5.9311     0.0005     5.9279     5.9283     0.0005   3.350531   3.351155   0.000624    34.0810    34.0875     7.3316    26.8355    26.8406    318.874  302.81120  303.35622          5  0.000e+00
      59728 290.675875  -39.97482  -54.99514      0.076    1470.62     33.636     33.376     5.9303     5.9308     0.0005     5.9275     5.9280     0.0005   3.350499   3.351131   0.000632    34.0810    34.0876     7.3271    26.8355    26.8407    318.677  302.81376  303.35883          5  0.000e+00
      59729 290.675876  -39.97482  -54.99514      0.076    1470.62     33.637     33.376     5.9304     5.9306     0.0002     5.9276     5.9278     0.0002   3.350492   3.351125   0.000632    34.0807    34.0877     7.3267    26.8353    26.8408    318.657  302.81318  303.35822          5  0.000e+00
      59730 290.675876  -39.97482  -54.99514      0.080    1470.62     33.691     33.431     5.9301     5.9298    -0.0003     5.9273     5.9270    -0.0003   3.350492   3.351051   0.000558    34.0810    34.0876     7.3305    26.8356    26.8409    318.823  302.81474  303.35983          5  0.000e+00
      59731 290.675877  -39.97482  -54.99514      0.083    1470.62     33.630     33.369     5.9298     5.9287    -0.0011     5.9270     5.9259    -0.0011   3.350525   3.350995   0.000470    34.0818    34.0882     7.3305    26.8362    26.8414    318.824  302.81560  303.36076          5  0.000e+00
      59732 290.675877  -39.97480  -54.99514      0.087    1470.62     33.691     33.431     5.9301     5.9290    -0.0011     5.9273     5.9262    -0.0011   3.350525   3.350927   0.000403    34.0814    34.0870     7.3306    26.8359    26.8405    318.827  302.81392  303.35902          5  0.000e+00
      59733 290.675878  -39.97480  -54.99514      0.089    1470.62     33.637     33.376     5.9300     5.9287    -0.0013     5.9272     5.9259    -0.0013   3.350544   3.350841   0.000297    34.0818    34.0864     7.3260    26.8362    26.8400    318.627  302.81412  303.35925          5  0.000e+00
      59734 290.675878  -39.97480  -54.99514      0.088    1470.62     33.637     33.376     5.9301     5.9280    -0.0021     5.9273     5.9253    -0.0021   3.350550   3.350884   0.000334    34.0817    34.0876     7.3255    26.8361    26.8410    318.608  302.81321  303.35832          5  0.000e+00
      59735 290.675879  -39.97480  -54.99514      0.090    1470.62     33.685     33.424     5.9303     5.9287    -0.0016     5.9275     5.9259    -0.0016   3.350550   3.350977   0.000426    34.0815    34.0879     7.3251    26.8359    26.8412    318.591  302.81227  303.35734          5  0.000e+00
      59736 290.675879  -39.97480  -54.99514      0.092    1470.62     33.691     33.431     5.9306     5.9293    -0.0013     5.9278     5.9265    -0.0013   3.350589   3.351069   0.000480    34.0816    34.0883     7.3247    26.8360    26.8415    318.573  302.81005  303.35510          5  0.000e+00
      59737 290.675880  -39.97480  -54.99514      0.093    1470.62     33.637     33.376     5.9310     5.9300    -0.0010     5.9282     5.9272    -0.0010   3.350653   3.351094   0.000441    34.0820    34.0880     7.3284    26.8363    26.8411    318.731  302.80661  303.35162          5  0.000e+00
      59738 290.675880  -39.97480  -54.99514      0.096    1470.62     33.739     33.478     5.9315     5.9306    -0.0009     5.9287     5.9278    -0.0009   3.350692   3.351137   0.000445    34.0818    34.0878     7.3243    26.8360    26.8409    318.556  302.80300  303.34794          5  0.000e+00
      59739 290.675881  -39.97480  -54.99514      0.093    1470.62     33.630     33.370     5.9321     5.9306    -0.0014     5.9293     5.9278    -0.0014   3.350743   3.351155   0.000412    34.0819    34.0880     7.3238    26.8361    26.8411    318.533  302.79907  303.34396          5  0.000e+00
      59740 290.675881  -39.97480  -54.99514      0.095    1470.62     33.691     33.431     5.9324     5.9298    -0.0026     5.9296     5.9270    -0.0026   3.350692   3.351007   0.000316    34.0810    34.0871     7.3235    26.8352    26.8405    318.521  302.79870  303.34351          5  0.000e+00
      59741 290.675882  -39.97480  -54.99514      0.098    1470.62     33.691     33.431     5.9322     5.9277    -0.0045     5.9294     5.9249    -0.0045   3.350570   3.350878   0.000308    34.0798    34.0878     7.3233    26.8343    26.8412    318.512  302.80279  303.34760          5  0.000e+00
      59742 290.675882  -39.97480  -54.99514      0.097    1470.62     33.692     33.431     5.9317     5.9279    -0.0039     5.9289     5.9251    -0.0039   3.350544   3.350964   0.000420    34.0800    34.0886     7.3272    26.8346    26.8419    318.683  302.80569  303.35056          5  0.000e+00
      59743 290.675883  -39.97480  -54.99514      0.098    1470.62     33.685     33.424     5.9312     5.9295    -0.0017     5.9284     5.9267    -0.0017   3.350570   3.351094   0.000524    34.0808    34.0885     7.3234    26.8353    26.8415    318.514  302.80753  303.35248          5  0.000e+00
      59744 290.675883  -39.97480  -54.99514      0.099    1470.62     33.692     33.431     5.9307     5.9300    -0.0008     5.9280     5.9272    -0.0008   3.350512   3.351143   0.000631    34.0806    34.0885     7.3232    26.8352    26.8415    318.508  302.81125  303.35625          5  0.000e+00
      59745 290.675883  -39.97480  -54.99514      0.097    1470.62     33.692     33.431     5.9303     5.9306     0.0003     5.9275     5.9278     0.0003   3.350390   3.351199   0.000809    34.0797    34.0885     7.3231    26.8345    26.8414    318.503  302.81634  303.36137          5  0.000e+00
      59746 290.675884  -39.97480  -54.99514      0.097    1470.62     33.692     33.431     5.9296     5.9318     0.0022     5.9268     5.9290     0.0022   3.350390   3.351217   0.000827    34.0804    34.0876     7.3230    26.8352    26.8406    318.498  302.81984  303.36498          5  0.000e+00
      59747 290.675884  -39.97480  -54.99514      0.097    1470.62     33.740     33.478     5.9293     5.9318     0.0024     5.9265     5.9290     0.0024   3.350403   3.351192   0.000790    34.0808    34.0873     7.3229    26.8355    26.8403    318.492  302.82082  303.36600          5  0.000e+00
      59748 290.675885  -39.97480  -54.99514      0.093    1470.62     33.630     33.370     5.9296     5.9316     0.0020     5.9268     5.9288     0.0020   3.350441   3.351137   0.000696    34.0810    34.0868     7.3225    26.8356    26.8400    318.477  302.81847  303.36362          5  0.000e+00
      59749 290.675885  -39.97480  -54.99514      0.092    1470.62     33.692     33.431     5.9298     5.9308     0.0010     5.9270     5.9280     0.0010   3.350441   3.351137   0.000696    34.0808    34.0876     7.3224    26.8355    26.8407    318.472  302.81779  303.36292          5  0.000e+00
      59750 290.675886  -39.97480  -54.99514      0.091    1470.62     33.692     33.431     5.9298     5.9303     0.0005     5.9270     5.9275     0.0005   3.350441   3.351106   0.000665    34.0808    34.0878     7.3223    26.8354    26.8409    318.466  302.81754  303.36266          5  0.000e+00
      59751 290.675886  -39.97480  -54.99514      0.089    1470.62     33.692     33.431     5.9300     5.9301     0.0002     5.9272     5.9274     0.0002   3.350435   3.351069   0.000634    34.0805    34.0875     7.3221    26.8352    26.8407    318.460  302.81695  303.36205          5  0.000e+00
      59752 290.675887  -39.97480  -54.99514      0.086    1470.62     33.685     33.424     5.9296     5.9301     0.0005     5.9269     5.9274     0.0005   3.350383   3.350989   0.000606    34.0803    34.0866     7.3221    26.8351    26.8400    318.458  302.81975  303.36487          5  0.000e+00
      59753 290.675887  -39.97480  -54.99514      0.081    1470.62     33.637     33.377     5.9285     5.9293     0.0008     5.9257     5.9265     0.0008   3.350300   3.350946   0.000646    34.0805    34.0870     7.3180    26.8354    26.8404    318.282  302.82731  303.37258          5  0.000e+00
      59754 290.675888  -39.97480  -54.99514      0.078    1470.62     33.692     33.431     5.9279     5.9295     0.0016     5.9251     5.9267     0.0016   3.350223   3.351032   0.000809    34.0802    34.0878     7.3218    26.8353    26.8410    318.447  302.83232  303.37766          5  0.000e+00
      59755 290.675888  -39.97480  -54.99514      0.075    1470.62     33.692     33.431     5.9267     5.9308     0.0041     5.9239     5.9280     0.0041   3.350216   3.351174   0.000958    34.0813    34.0880     7.3220    26.8363    26.8410    318.453  302.83798  303.38349          5  0.000e+00
      59756 290.675889  -39.97480  -54.99514      0.071    1470.62     33.630     33.370     5.9264     5.9321     0.0056     5.9236     5.9293     0.0056   3.350126   3.351254   0.001128    34.0807    34.0877     7.3220    26.8358    26.8406    318.455  302.84169  303.38721          5  0.000e+00
      59757 290.675889  -39.97480  -54.99514      0.068    1470.62     33.692     33.431     5.9261     5.9319     0.0058     5.9233     5.9291     0.0058   3.350165   3.351230   0.001065    34.0814    34.0875     7.3221    26.8364    26.8405    318.459  302.84229  303.38786          5  0.000e+00
      59758 290.675890  -39.97480  -54.99514      0.060    1470.62     33.692     33.431     5.9259     5.9319     0.0060     5.9231     5.9291     0.0060   3.350165   3.351162   0.000997    34.0815    34.0868     7.3222    26.8365    26.8399    318.462  302.84304  303.38864          5  0.000e+00
      59759 290.675890  -39.97480  -54.99514      0.056    1470.62     33.589     33.329     5.9261     5.9306     0.0045     5.9233     5.9278     0.0045   3.350191   3.351081   0.000891    34.0817    34.0872     7.3221    26.8366    26.8404    318.458  302.84152  303.38710          5  0.000e+00
      59760 290.675891  -39.97480  -54.99514      0.054    1470.62     33.733     33.472     5.9259     5.9295     0.0035     5.9231     5.9267     0.0035   3.350191   3.350970   0.000780    34.0818    34.0870     7.3223    26.8367    26.8404    318.469  302.84243  303.38804          5  0.000e+00
      59761 290.675891  -39.97480  -54.99514      0.049    1470.62     33.637     33.377     5.9259     5.9290     0.0031     5.9232     5.9262     0.0031   3.350210   3.350915   0.000705    34.0821    34.0869     7.3223    26.8369    26.8404    318.469  302.84183  303.38745          5  0.000e+00
      59762 290.675892  -39.97480  -54.99514      0.041    1470.62     33.637     33.377     5.9266     5.9290     0.0025     5.9238     5.9262     0.0025   3.350242   3.350909   0.000667    34.0818    34.0869     7.3223    26.8367    26.8403    318.469  302.83802  303.38355          5  0.000e+00
      59763 290.675892  -39.97480  -54.99514      0.039    1470.62     33.637     33.377     5.9270     5.9292     0.0021     5.9243     5.9264     0.0021   3.350281   3.351020   0.000739    34.0818    34.0880     7.3224    26.8366    26.8412    318.472  302.83479  303.38027          5  0.000e+00
      59764 290.675893  -39.97480  -54.99514      0.037    1470.62     33.692     33.431     5.9277     5.9301     0.0024     5.9249     5.9274     0.0024   3.350396   3.351155   0.000759    34.0824    34.0885     7.3224    26.8369    26.8415    318.474  302.82868  303.37409          5  0.000e+00
      59765 290.675893  -39.97480  -54.99514      0.028    1470.62     33.630     33.370     5.9283     5.9324     0.0040     5.9256     5.9296     0.0040   3.350454   3.351316   0.000862    34.0824    34.0881     7.3224    26.8369    26.8409    318.474  302.82414  303.36948          5  0.000e+00
      59766 290.675894  -39.97480  -54.99514      0.022    1470.62     33.637     33.377     5.9288     5.9337     0.0049     5.9260     5.9309     0.0049   3.350480   3.351458   0.000978    34.0822    34.0883     7.3226    26.8367    26.8409    318.479  302.82125  303.36653          5  0.000e+00
      59767 290.675894  -39.97480  -54.99514      0.019    1470.62     33.637     33.377     5.9293     5.9348     0.0055     5.9266     5.9320     0.0055   3.350448   3.351495   0.001047    34.0813    34.0877     7.3186    26.8359    26.8402    318.307  302.81956  303.36475          5  0.000e+00
      59768 290.675895  -39.97480  -54.99514      0.010    1470.62     33.589     33.329     5.9291     5.9351     0.0060     5.9263     5.9323     0.0060   3.350441   3.351556   0.001115    34.0815    34.0880     7.3184    26.8361    26.8405    318.297  302.82067  303.36589          5  0.000e+00
      59769 290.675895  -39.97480  -54.99514      0.008    1470.62     33.685     33.424     5.9292     5.9351     0.0059     5.9264     5.9323     0.0059   3.350454   3.351532   0.001078    34.0815    34.0877     7.3183    26.8361    26.8403    318.292  302.82021  303.36542          5  0.000e+00
      59770 290.675896  -39.97480  -54.99514      0.002    1470.62     33.589     33.329     5.9294     5.9363     0.0069     5.9267     5.9335     0.0069   3.350480   3.351581   0.001102    34.0816    34.0871     7.3221    26.8361    26.8396    318.460  302.81820  303.36338          5  0.000e+00
      59771 290.675896  -39.97480  -54.99514     -0.004    1470.62     33.589     33.329     5.9298     5.9377     0.0079     5.9270     5.9349     0.0079   3.350531   3.351649   0.001118    34.0819    34.0865     7.3224    26.8363    26.8390    318.472  302.81540  303.36055          5  0.000e+00
      59772 290.675897  -39.97480  -54.99514     -0.010    1470.62     33.637     33.377     5.9305     5.9380     0.0075     5.9277     5.9352     0.0075   3.350537   3.351711   0.001173    34.0812    34.0868     7.3186    26.8357    26.8392    318.306  302.81179  303.35684          5  0.000e+00
      59773 290.675897  -39.97480  -54.99514     -0.014    1470.62     33.630     33.370     5.9303     5.9387     0.0084     5.9275     5.9359     0.0084   3.350525   3.351748   0.001223    34.0813    34.0866     7.3186    26.8358    26.8389    318.305  302.81310  303.35818          5  0.000e+00
      59774 290.675897  -39.97480  -54.99514     -0.022    1470.62     33.535     33.275     5.9308     5.9392     0.0084     5.9280     5.9364     0.0084   3.350563   3.351803   0.001240    34.0812    34.0867     7.3225    26.8357    26.8390    318.476  302.80952  303.35453          5  0.000e+00
      59775 290.675898  -39.97480  -54.99514     -0.028    1470.62     33.589     33.329     5.9307     5.9398     0.0090     5.9280     5.9370     0.0090   3.350557   3.351921   0.001364    34.0812    34.0874     7.3230    26.8356    26.8394    318.499  302.81000  303.35501          5  0.000e+00
      59776 290.675898  -39.97480  -54.99514     -0.034    1470.62     33.589     33.329     5.9307     5.9404     0.0097     5.9280     5.9376     0.0097   3.350595   3.351988   0.001393    34.0816    34.0876     7.3194    26.8360    26.8395    318.340  302.80902  303.35405          5  0.000e+00
      59777 290.675899  -39.97480  -54.99514     -0.039    1470.62     33.583     33.323     5.9313     5.9408     0.0095     5.9285     5.9380     0.0095   3.350692   3.351976   0.001284    34.0822    34.0871     7.3188    26.8363    26.8391    318.315  302.80407  303.34905          5  0.000e+00
      59778 290.675899  -39.97480  -54.99514     -0.044    1470.62     33.589     33.329     5.9328     5.9411     0.0082     5.9301     5.9383     0.0082   3.350820   3.351945   0.001125    34.0820    34.0864     7.3181    26.8360    26.8385    318.285  302.79333  303.33812          5  0.000e+00
