Pos-Processados/process_op38/operantar38_023.ros
* Sea-Bird SBE 9 Data File:
* FileName = D:\OPERANTAR_XXXVIII\DADOS\OP38_023.hdr
* Software Version Seasave V 7.18c
* Temperature SN = 4808
* Conductivity SN = 3380
* Number of Bytes Per Scan = 34
* Number of Voltage Words = 3
* Number of Scans Averaged by the Deck Unit = 1
* NMEA Latitude = 62 12.78 S
* NMEA Longitude = 058 20.56 W
* NMEA UTC (Time) = Nov 22 2019 18:35:31
** H41
** NAVIO POLAR ALMIRANTE MAXIMIANO
** CRUZEIRO:
** OPERANTAR XXXVIII
** ESTAÇÃO: OP38_023
** LAT 62 12,77'S
** LONG 058 20,58'W
** 09P73767-1155_A
** PROFUNDIDADE: 500
** DATA/HORA: 221836Z/NOV2019
** OPERADOR: SO-HN CHAVES
# nquan = 27
# nvalues = 1477                                  
# units = specified
# name 0 = scan: Scan Count
# name 1 = timeJ: Julian Days
# name 2 = latitude: Latitude [deg]
# name 3 = longitude: Longitude [deg]
# name 4 = dz/dtM: Descent Rate [m/s]
# name 5 = avgsvCM: Average Sound Velocity [Chen-Millero, m/s]
# name 6 = prDM: Pressure, Digiquartz [db]
# name 7 = depSM: Depth [salt water, m]
# name 8 = t090C: Temperature [ITS-90, deg C]
# name 9 = t190C: Temperature, 2 [ITS-90, deg C]
# name 10 = T2-T190C: Temperature Difference, 2 - 1 [ITS-90, deg C]
# name 11 = potemp090C: Potential Temperature [ITS-90, deg C]
# name 12 = potemp190C: Potential Temperature, 2 [ITS-90, deg C]
# name 13 = potemp90Cdiff: Potential Temperature, Diff, 2 - 1 [ITS-90, deg C]
# name 14 = c0S/m: Conductivity [S/m]
# name 15 = c1S/m: Conductivity, 2 [S/m]
# name 16 = C2-C1S/m: Conductivity Difference, 2 - 1 [S/m]
# name 17 = sal00: Salinity, Practical [PSU]
# name 18 = sal11: Salinity, Practical, 2 [PSU]
# name 19 = sbeox0ML/L: Oxygen, SBE 43 [ml/l]
# name 20 = sigma-é00: Density [sigma-theta, kg/m^3]
# name 21 = sigma-é11: Density, 2 [sigma-theta, kg/m^3]
# name 22 = sbox0Mm/Kg: Oxygen, SBE 43 [umol/kg]
# name 23 = oxsolMm/Kg: Oxygen Saturation, Garcia & Gordon [umol/kg]
# name 24 = oxsatMm/Kg: Oxygen Saturation, Weiss [umol/kg]
# name 25 = nbf: Bottles Fired
# name 26 = flag:  0.000e+00
# interval = seconds: 0.0416667
# start_time = Nov 22 2019 18:35:31 [NMEA time, header]
# bad_flag = -9.990e-29
*END*
[from data line 1021]
      31357 326.789786  -62.21306  -58.34258      0.085    1449.93      3.620      3.585    -0.2836    -0.2841    -0.0005    -0.2837    -0.2843    -0.0005   2.817446   2.817753   0.000308    34.1700    34.1747     7.6500    27.4502    27.4540    332.522  352.81704  354.34952          6  0.000e+00
      31358 326.789786  -62.21306  -58.34258      0.081    1449.93      3.620      3.585    -0.2833    -0.2840    -0.0007    -0.2834    -0.2841    -0.0007   2.817428   2.817800   0.000372    34.1694    34.1751     7.6496    27.4497    27.4544    332.506  352.81558  354.34796          6  0.000e+00
      31359 326.789787  -62.21306  -58.34258      0.077    1449.93      3.667      3.632    -0.2833    -0.2840    -0.0007    -0.2834    -0.2841    -0.0007   2.817440   2.817782   0.000342    34.1695    34.1749     7.6493    27.4498    27.4542    332.493  352.81522  354.34760          6  0.000e+00
      31360 326.789787  -62.21306  -58.34258      0.072    1449.93      3.620      3.585    -0.2832    -0.2835    -0.0004    -0.2833    -0.2836    -0.0004   2.817452   2.817829   0.000377    34.1696    34.1750     7.6489    27.4499    27.4543    332.474  352.81398  354.34635          6  0.000e+00
      31361 326.789788  -62.21306  -58.34258      0.070    1449.93      3.668      3.632    -0.2828    -0.2832    -0.0004    -0.2829    -0.2833    -0.0004   2.817470   2.817829   0.000359    34.1694    34.1746     7.6486    27.4497    27.4539    332.459  352.81127  354.34355          6  0.000e+00
      31362 326.789788  -62.21306  -58.34258      0.064    1449.93      3.620      3.585    -0.2831    -0.2834    -0.0003    -0.2832    -0.2835    -0.0003   2.817464   2.817840   0.000376    34.1696    34.1750     7.6482    27.4499    27.4542    332.443  352.81283  354.34517          6  0.000e+00
      31363 326.789789  -62.21306  -58.34258      0.055    1449.93      3.565      3.531    -0.2827    -0.2834    -0.0006    -0.2828    -0.2835    -0.0006   2.817452   2.817886   0.000434    34.1691    34.1756     7.6478    27.4494    27.4548    332.424  352.81106  354.34330          6  0.000e+00
      31364 326.789789  -62.21306  -58.34258      0.053    1449.93      3.668      3.632    -0.2827    -0.2832    -0.0005    -0.2828    -0.2833    -0.0005   2.817488   2.817881   0.000393    34.1695    34.1753     7.6526    27.4498    27.4545    332.633  352.80990  354.34216          6  0.000e+00
      31365 326.789790  -62.21306  -58.34258      0.046    1449.93      3.620      3.585    -0.2827    -0.2826     0.0001    -0.2828    -0.2827     0.0001   2.817464   2.817909   0.000446    34.1692    34.1751     7.6529    27.4495    27.4542    332.648  352.81070  354.34295          6  0.000e+00
      31366 326.789790  -62.21306  -58.34258      0.040    1449.93      3.620      3.585    -0.2828    -0.2826     0.0002    -0.2829    -0.2827     0.0002   2.817470   2.817886   0.000416    34.1694    34.1747     7.6482    27.4497    27.4540    332.443  352.81119  354.34347          6  0.000e+00
      31367 326.789791  -62.21306  -58.34258      0.033    1449.93      3.565      3.531    -0.2828    -0.2826     0.0002    -0.2829    -0.2827     0.0002   2.817494   2.817973   0.000479    34.1698    34.1759     7.6477    27.4500    27.4550    332.422  352.81021  354.34251          6  0.000e+00
      31368 326.789791  -62.21306  -58.34258      0.031    1449.93      3.640      3.605    -0.2829    -0.2816     0.0012    -0.2830    -0.2818     0.0012   2.817470   2.817967   0.000497    34.1695    34.1747     7.6525    27.4498    27.4539    332.630  352.81158  354.34388          6  0.000e+00
      31369 326.789792  -62.21306  -58.34258      0.024    1449.93      3.620      3.585    -0.2828    -0.2816     0.0012    -0.2829    -0.2818     0.0012   2.817488   2.817956   0.000468    34.1697    34.1746     7.6528    27.4499    27.4538    332.641  352.81053  354.34282          6  0.000e+00
      31370 326.789792  -62.21306  -58.34258      0.016    1449.93      3.565      3.531    -0.2825    -0.2819     0.0006    -0.2826    -0.2821     0.0006   2.817482   2.817990   0.000508    34.1693    34.1754     7.6529    27.4496    27.4545    332.649  352.80888  354.34110          6  0.000e+00
      31371 326.789793  -62.21306  -58.34258      0.012    1449.93      3.620      3.585    -0.2828    -0.2816     0.0012    -0.2829    -0.2818     0.0012   2.817476   2.817944   0.000468    34.1695    34.1744     7.6482    27.4498    27.4537    332.444  352.81097  354.34326          6  0.000e+00
      31372 326.789793  -62.21306  -58.34258      0.005    1449.93      3.565      3.531    -0.2824    -0.2816     0.0007    -0.2825    -0.2818     0.0007   2.817494   2.818008   0.000514    34.1693    34.1753     7.6484    27.4496    27.4544    332.450  352.80738  354.33955          6  0.000e+00
      31373 326.789794  -62.21306  -58.34258     -0.003    1449.93      3.565      3.531    -0.2825    -0.2818     0.0007    -0.2826    -0.2819     0.0007   2.817518   2.817973   0.000455    34.1698    34.1751     7.6479    27.4500    27.4542    332.430  352.80755  354.33979          6  0.000e+00
      31374 326.789794  -62.21306  -58.34258     -0.007    1449.93      3.620      3.585    -0.2825    -0.2816     0.0009    -0.2827    -0.2818     0.0009   2.817536   2.817933   0.000396    34.1700    34.1743     7.6475    27.4502    27.4536    332.412  352.80698  354.33923          6  0.000e+00
      31375 326.789795  -62.21306  -58.34258     -0.011    1449.93      3.565      3.531    -0.2822    -0.2818     0.0004    -0.2824    -0.2819     0.0004   2.817548   2.817967   0.000419    34.1699    34.1750     7.6520    27.4500    27.4541    332.607  352.80467  354.33686          6  0.000e+00
      31376 326.789795  -62.21306  -58.34258     -0.019    1449.93      3.565      3.531    -0.2821    -0.2821    -0.0000    -0.2822    -0.2822    -0.0000   2.817536   2.817915   0.000379    34.1695    34.1746     7.6471    27.4497    27.4539    332.396  352.80405  354.33618          6  0.000e+00
      31377 326.789796  -62.21306  -58.34258     -0.023    1449.93      3.565      3.531    -0.2819    -0.2819    -0.0000    -0.2820    -0.2821    -0.0000   2.817548   2.817961   0.000413    34.1695    34.1751     7.6466    27.4497    27.4542    332.373  352.80254  354.33464          6  0.000e+00
      31378 326.789796  -62.21306  -58.34258     -0.029    1449.93      3.565      3.531    -0.2819    -0.2819    -0.0000    -0.2820    -0.2821    -0.0000   2.817554   2.817915   0.000361    34.1696    34.1744     7.6461    27.4498    27.4537    332.351  352.80232  354.33442          6  0.000e+00
      31379 326.789796  -62.21306  -58.34258     -0.036    1449.93      3.517      3.483    -0.2819    -0.2821    -0.0002    -0.2820    -0.2822    -0.0002   2.817554   2.817915   0.000361    34.1696    34.1747     7.6506    27.4498    27.4539    332.548  352.80224  354.33434          6  0.000e+00
      31380 326.789797  -62.21306  -58.34258     -0.039    1449.93      3.565      3.531    -0.2817    -0.2823    -0.0006    -0.2818    -0.2824    -0.0006   2.817584   2.817909   0.000325    34.1698    34.1747     7.6508    27.4499    27.4540    332.557  352.80015  354.33222          6  0.000e+00
      31381 326.789797  -62.21306  -58.34258     -0.046    1449.93      3.517      3.483    -0.2815    -0.2823    -0.0008    -0.2816    -0.2824    -0.0008   2.817584   2.817898   0.000314    34.1695    34.1746     7.6509    27.4497    27.4539    332.562  352.79865  354.33066          6  0.000e+00
      31382 326.789798  -62.21306  -58.34258     -0.049    1449.93      3.565      3.531    -0.2819    -0.2826    -0.0007    -0.2820    -0.2827    -0.0007   2.817560   2.817898   0.000338    34.1696    34.1749     7.6512    27.4498    27.4542    332.574  352.80210  354.33420          6  0.000e+00
      31383 326.789798  -62.21306  -58.34258     -0.055    1449.93      3.517      3.483    -0.2819    -0.2830    -0.0011    -0.2820    -0.2832    -0.0011   2.817536   2.817817   0.000281    34.1693    34.1744     7.6513    27.4496    27.4537    332.578  352.80291  354.33499          6  0.000e+00
      31384 326.789799  -62.21306  -58.34258     -0.061    1449.93      3.517      3.483    -0.2819    -0.2833    -0.0014    -0.2820    -0.2834    -0.0014   2.817530   2.817811   0.000281    34.1693    34.1746     7.6522    27.4495    27.4539    332.616  352.80313  354.33521          6  0.000e+00
      31385 326.789799  -62.21306  -58.34258     -0.066    1449.93      3.517      3.483    -0.2819    -0.2832    -0.0013    -0.2820    -0.2833    -0.0013   2.817530   2.817840   0.000310    34.1693    34.1749     7.6480    27.4495    27.4541    332.434  352.80313  354.33521          6  0.000e+00
      31386 326.789800  -62.21306  -58.34258     -0.069    1449.93      3.517      3.483    -0.2821    -0.2834    -0.0013    -0.2822    -0.2835    -0.0013   2.817518   2.817846   0.000328    34.1693    34.1751     7.6482    27.4496    27.4543    332.442  352.80464  354.33676          6  0.000e+00
      31387 326.789800  -62.21306  -58.34258     -0.071    1449.93      3.517      3.483    -0.2820    -0.2829    -0.0009    -0.2821    -0.2830    -0.0009   2.817566   2.817863   0.000297    34.1698    34.1748     7.6475    27.4500    27.4541    332.414  352.80215  354.33427          6  0.000e+00
      31388 326.789801  -62.21306  -58.34258     -0.078    1449.93      3.469      3.436    -0.2822    -0.2834    -0.0011    -0.2824    -0.2835    -0.0011   2.817542   2.817811   0.000269    34.1698    34.1747     7.6470    27.4500    27.4540    332.389  352.80473  354.33692          6  0.000e+00
      31389 326.789801  -62.21306  -58.34258     -0.082    1449.93      3.517      3.483    -0.2819    -0.2835    -0.0016    -0.2820    -0.2836    -0.0016   2.817530   2.817811   0.000281    34.1693    34.1748     7.6514    27.4495    27.4541    332.584  352.80313  354.33521          6  0.000e+00
      31390 326.789802  -62.21306  -58.34258     -0.089    1449.93      3.469      3.436    -0.2821    -0.2832    -0.0011    -0.2822    -0.2833    -0.0011   2.817530   2.817800   0.000270    34.1695    34.1744     7.6515    27.4497    27.4537    332.588  352.80411  354.33624          6  0.000e+00
      31391 326.789802  -62.21306  -58.34258     -0.092    1449.93      3.469      3.436    -0.2817    -0.2834    -0.0016    -0.2818    -0.2835    -0.0016   2.817530   2.817829   0.000298    34.1691    34.1749     7.6516    27.4494    27.4542    332.590  352.80198  354.33402          6  0.000e+00
      31392 326.789803  -62.21306  -58.34258     -0.095    1449.93      3.517      3.483    -0.2822    -0.2830    -0.0008    -0.2824    -0.2832    -0.0008   2.817518   2.817886   0.000368    34.1695    34.1753     7.6467    27.4497    27.4545    332.378  352.80570  354.33786          6  0.000e+00
      31393 326.789803  -62.21306  -58.34258     -0.095    1449.93      3.469      3.436    -0.2820    -0.2832    -0.0013    -0.2821    -0.2833    -0.0013   2.817524   2.817881   0.000356    34.1693    34.1755     7.6518    27.4495    27.4546    332.599  352.80362  354.33572          6  0.000e+00
      31394 326.789804  -62.21306  -58.34258     -0.100    1449.93      3.469      3.436    -0.2822    -0.2824    -0.0002    -0.2824    -0.2825    -0.0002   2.817506   2.817933   0.000427    34.1694    34.1753     7.6519    27.4496    27.4544    332.604  352.80606  354.33822          6  0.000e+00
      31395 326.789804  -62.21306  -58.34258     -0.101    1449.93      3.469      3.436    -0.2824    -0.2824    -0.0001    -0.2825    -0.2825    -0.0001   2.817482   2.817892   0.000410    34.1692    34.1747     7.6520    27.4495    27.4540    332.607  352.80766  354.33983          6  0.000e+00
      31396 326.789805  -62.21306  -58.34258     -0.109    1449.93      3.415      3.382    -0.2825    -0.2823     0.0002    -0.2826    -0.2824     0.0002   2.817476   2.817909   0.000433    34.1693    34.1748     7.6519    27.4496    27.4541    332.606  352.80885  354.34107          6  0.000e+00
      31397 326.789805  -62.21306  -58.34258     -0.109    1449.93      3.469      3.436    -0.2825    -0.2823     0.0002    -0.2826    -0.2824     0.0002   2.817434   2.817927   0.000493    34.1687    34.1750     7.6520    27.4491    27.4542    332.608  352.81050  354.34268          6  0.000e+00
      31398 326.789806  -62.21306  -58.34258     -0.113    1449.93      3.415      3.382    -0.2833    -0.2823     0.0010    -0.2834    -0.2824     0.0010   2.817368   2.817927   0.000559    34.1687    34.1751     7.6521    27.4492    27.4542    332.611  352.81745  354.34979          6  0.000e+00
      31399 326.789806  -62.21306  -58.34258     -0.112    1449.93      3.469      3.436    -0.2840    -0.2821     0.0019    -0.2841    -0.2822     0.0019   2.817386   2.817927   0.000541    34.1697    34.1748     7.6529    27.4500    27.4541    332.647  352.82113  354.35367          6  0.000e+00
      31400 326.789807  -62.21306  -58.34258     -0.117    1449.93      3.415      3.382    -0.2846    -0.2823     0.0023    -0.2847    -0.2824     0.0023   2.817356   2.817886   0.000531    34.1700    34.1745     7.6536    27.4502    27.4538    332.680  352.82570  354.35837          6  0.000e+00
      31401 326.789807  -62.21306  -58.34258     -0.116    1449.93      3.469      3.436    -0.2844    -0.2819     0.0024    -0.2845    -0.2821     0.0024   2.817344   2.817933   0.000589    34.1696    34.1747     7.6544    27.4499    27.4540    332.711  352.82517  354.35778          6  0.000e+00
      31402 326.789808  -62.21306  -58.34258     -0.128    1449.93      3.285      3.253    -0.2841    -0.2821     0.0020    -0.2842    -0.2822     0.0020   2.817344   2.817909   0.000566    34.1694    34.1747     7.6548    27.4497    27.4540    332.730  352.82309  354.35563          6  0.000e+00
      31403 326.789808  -62.21306  -58.34258     -0.122    1449.93      3.517      3.484    -0.2836    -0.2823     0.0013    -0.2837    -0.2824     0.0013   2.817374   2.817938   0.000565    34.1691    34.1752     7.6556    27.4495    27.4543    332.766  352.81953  354.35196          6  0.000e+00
      31404 326.789809  -62.21306  -58.34258     -0.123    1449.93      3.415      3.382    -0.2833    -0.2824     0.0009    -0.2834    -0.2825     0.0009   2.817368   2.817956   0.000588    34.1687    34.1756     7.6503    27.4492    27.4547    332.535  352.81745  354.34979          6  0.000e+00
      31405 326.789809  -62.21306  -58.34258     -0.122    1449.93      3.415      3.382    -0.2836    -0.2821     0.0015    -0.2837    -0.2822     0.0015   2.817350   2.817909   0.000560    34.1689    34.1746     7.6554    27.4493    27.4539    332.756  352.82025  354.35266          6  0.000e+00
      31406 326.789810  -62.21306  -58.34258     -0.127    1449.93      3.367      3.334    -0.2836    -0.2819     0.0017    -0.2837    -0.2821     0.0017   2.817380   2.817938   0.000559    34.1693    34.1749     7.6552    27.4496    27.4541    332.748  352.81906  354.35150          6  0.000e+00
      31407 326.789810  -62.21306  -58.34258     -0.128    1449.93      3.415      3.382    -0.2839    -0.2819     0.0020    -0.2840    -0.2821     0.0020   2.817356   2.817933   0.000577    34.1693    34.1748     7.6552    27.4496    27.4540    332.748  352.82180  354.35430          6  0.000e+00
      31408 326.789810  -62.21306  -58.34258     -0.126    1449.93      3.415      3.382    -0.2847    -0.2823     0.0024    -0.2848    -0.2824     0.0024   2.817362   2.817944   0.000582    34.1703    34.1753     7.6552    27.4505    27.4544    332.747  352.82654  354.35926          6  0.000e+00
