Pos-Processados/process_op38/operantar38_023.ros
* Sea-Bird SBE 9 Data File:
* FileName = D:\OPERANTAR_XXXVIII\DADOS\OP38_023.hdr
* Software Version Seasave V 7.18c
* Temperature SN = 4808
* Conductivity SN = 3380
* Number of Bytes Per Scan = 34
* Number of Voltage Words = 3
* Number of Scans Averaged by the Deck Unit = 1
* NMEA Latitude = 62 12.78 S
* NMEA Longitude = 058 20.56 W
* NMEA UTC (Time) = Nov 22 2019 18:35:31
** H41
** NAVIO POLAR ALMIRANTE MAXIMIANO
** CRUZEIRO:
** OPERANTAR XXXVIII
** ESTAÇÃO: OP38_023
** LAT 62 12,77'S
** LONG 058 20,58'W
** 09P73767-1155_A
** PROFUNDIDADE: 500
** DATA/HORA: 221836Z/NOV2019
** OPERADOR: SO-HN CHAVES
# nquan = 26
# nvalues = 1477                                  
# units = specified
# name 0 = scan: Scan Count
# name 1 = timeJ: Julian Days
# name 2 = latitude: Latitude [deg]
# name 3 = longitude: Longitude [deg]
# name 4 = dz/dtM: Descent Rate [m/s]
# name 5 = avgsvCM: Average Sound Velocity [Chen-Millero, m/s]
# name 6 = prDM: Pressure, Digiquartz [db]
# name 7 = depSM: Depth [salt water, m]
# name 8 = t090C: Temperature [ITS-90, deg C]
# name 9 = t190C: Temperature, 2 [ITS-90, deg C]
# name 10 = T2-T190C: Temperature Difference, 2 - 1 [ITS-90, deg C]
# name 11 = potemp090C: Potential Temperature [ITS-90, deg C]
# name 12 = potemp190C: Potential Temperature, 2 [ITS-90, deg C]
# name 13 = potemp90Cdiff: Potential Temperature, Diff, 2 - 1 [ITS-90, deg C]
# name 14 = c0S/m: Conductivity [S/m]
# name 15 = c1S/m: Conductivity, 2 [S/m]
# name 16 = C2-C1S/m: Conductivity Difference, 2 - 1 [S/m]
# name 17 = sal00: Salinity, Practical [PSU]
# name 18 = sal11: Salinity, Practical, 2 [PSU]
# name 19 = sbeox0ML/L: Oxygen, SBE 43 [ml/l]
# name 20 = sbeox1ML/L: Oxygen, SBE 43, 2 [ml/l]
# name 21 = sbeox0ML/Ldiff: Oxygen, SBE 43, Diff, 2 - 1 [ml/l]
# name 22 = sigma-é00: Density [sigma-theta, kg/m^3]
# name 23 = sigma-é11: Density, 2 [sigma-theta, kg/m^3]
# name 24 = nbf: Bottles Fired
# name 25 = flag:  0.000e+00
# interval = seconds: 0.0416667
# start_time = Nov 22 2019 18:35:31 [NMEA time, header]
# bad_flag = -9.990e-29
*END*
[from data line 502]
      30836 326.789535  -62.21308  -58.34258     -0.007    1449.93      3.462      3.429    -0.2777    -0.2720     0.0057    -0.2778    -0.2721     0.0057   2.817867   2.818747   0.000880    34.1691    34.1745     7.6452     7.3595    -0.2857    27.4492    27.4533          3  0.000e+00
      30837 326.789535  -62.21308  -58.34258     -0.001    1449.93      3.462      3.429    -0.2777    -0.2722     0.0055    -0.2778    -0.2723     0.0055   2.817885   2.818851   0.000966    34.1693    34.1761     7.6454     7.3585    -0.2869    27.4494    27.4546          3  0.000e+00
      30838 326.789536  -62.21308  -58.34258      0.003    1449.93      3.483      3.449    -0.2782    -0.2711     0.0070    -0.2783    -0.2712     0.0070   2.817921   2.818863   0.000942    34.1703    34.1750     7.6458     7.3585    -0.2873    27.4502    27.4536          3  0.000e+00
      30839 326.789536  -62.21308  -58.34258      0.006    1449.93      3.462      3.429    -0.2776    -0.2705     0.0071    -0.2777    -0.2706     0.0071   2.817945   2.818932   0.000987    34.1700    34.1752     7.6459     7.3584    -0.2875    27.4499    27.4538          3  0.000e+00
      30840 326.789537  -62.21308  -58.34258      0.011    1449.93      3.510      3.476    -0.2776    -0.2703     0.0073    -0.2777    -0.2704     0.0073   2.817987   2.818926   0.000939    34.1706    34.1749     7.6455     7.3586    -0.2869    27.4504    27.4536          3  0.000e+00
      30841 326.789537  -62.21308  -58.34258      0.014    1449.93      3.462      3.429    -0.2776    -0.2713     0.0063    -0.2777    -0.2714     0.0063   2.817999   2.818811   0.000812    34.1707    34.1745     7.6457     7.3532    -0.2925    27.4505    27.4532          3  0.000e+00
      30842 326.789538  -62.21308  -58.34258      0.019    1449.93      3.510      3.476    -0.2774    -0.2717     0.0057    -0.2775    -0.2718     0.0057   2.817987   2.818799   0.000812    34.1703    34.1748     7.6461     7.3581    -0.2879    27.4502    27.4535          3  0.000e+00
      30843 326.789538  -62.21308  -58.34258      0.022    1449.93      3.462      3.429    -0.2771    -0.2725     0.0046    -0.2772    -0.2726     0.0046   2.817957   2.818724   0.000767    34.1696    34.1747     7.6464     7.3585    -0.2879    27.4496    27.4535          3  0.000e+00
      30844 326.789538  -62.21308  -58.34258      0.027    1449.93      3.510      3.477    -0.2772    -0.2728     0.0044    -0.2773    -0.2729     0.0044   2.817933   2.818695   0.000762    34.1694    34.1746     7.6469     7.3588    -0.2881    27.4494    27.4535          3  0.000e+00
      30845 326.789539  -62.21308  -58.34258      0.033    1449.93      3.510      3.477    -0.2776    -0.2734     0.0042    -0.2777    -0.2736     0.0042   2.817927   2.818661   0.000734    34.1698    34.1749     7.6474     7.3591    -0.2883    27.4497    27.4537          3  0.000e+00
      30846 326.789539  -62.21308  -58.34258      0.035    1449.93      3.510      3.477    -0.2772    -0.2736     0.0036    -0.2773    -0.2737     0.0036   2.817963   2.818620   0.000657    34.1698    34.1745     7.6470     7.3593    -0.2877    27.4498    27.4534          3  0.000e+00
      30847 326.789540  -62.21308  -58.34258      0.039    1449.93      3.510      3.477    -0.2768    -0.2733     0.0035    -0.2769    -0.2734     0.0035   2.818035   2.818678   0.000643    34.1703    34.1749     7.6465     7.3594    -0.2871    27.4501    27.4537          3  0.000e+00
      30848 326.789540  -62.21308  -58.34258      0.044    1449.93      3.510      3.477    -0.2761    -0.2744     0.0018    -0.2762    -0.2745     0.0018   2.818071   2.818655   0.000583    34.1700    34.1758     7.6461     7.3586    -0.2874    27.4499    27.4545          3  0.000e+00
      30849 326.789541  -62.21308  -58.34258      0.052    1449.93      3.558      3.524    -0.2758    -0.2731     0.0027    -0.2760    -0.2732     0.0027   2.818047   2.818718   0.000671    34.1694    34.1753     7.6458     7.3574    -0.2884    27.4493    27.4540          3  0.000e+00
      30850 326.789541  -62.21308  -58.34258      0.050    1449.93      3.510      3.477    -0.2756    -0.2733     0.0023    -0.2757    -0.2734     0.0023   2.818071   2.818811   0.000739    34.1694    34.1767     7.6454     7.3574    -0.2879    27.4493    27.4551          3  0.000e+00
      30851 326.789542  -62.21308  -58.34258      0.057    1449.93      3.558      3.524    -0.2755    -0.2730     0.0025    -0.2756    -0.2731     0.0025   2.818083   2.818747   0.000664    34.1694    34.1755     7.6451     7.3576    -0.2875    27.4494    27.4541          3  0.000e+00
      30852 326.789542  -62.21308  -58.34258      0.061    1449.93      3.510      3.477    -0.2754    -0.2725     0.0029    -0.2755    -0.2726     0.0029   2.818047   2.818828   0.000781    34.1689    34.1761     7.6447     7.3517    -0.2930    27.4489    27.4546          3  0.000e+00
      30853 326.789543  -62.21308  -58.34258      0.064    1449.93      3.558      3.524    -0.2757    -0.2728     0.0029    -0.2758    -0.2729     0.0029   2.818083   2.818759   0.000675    34.1696    34.1755     7.6445     7.3567    -0.2878    27.4495    27.4541          3  0.000e+00
      30854 326.789543  -62.21308  -58.34258      0.062    1449.93      3.510      3.477    -0.2754    -0.2722     0.0032    -0.2755    -0.2723     0.0032   2.818065   2.818759   0.000693    34.1691    34.1748     7.6441     7.3509    -0.2932    27.4491    27.4535          3  0.000e+00
      30855 326.789544  -62.21308  -58.34258      0.068    1449.93      3.558      3.524    -0.2751    -0.2710     0.0041    -0.2752    -0.2711     0.0041   2.818077   2.818799   0.000722    34.1689    34.1739     7.6446     7.3555    -0.2890    27.4489    27.4528          3  0.000e+00
      30856 326.789544  -62.21308  -58.34258      0.070    1449.93      3.558      3.524    -0.2752    -0.2711     0.0041    -0.2753    -0.2712     0.0041   2.818047   2.818822   0.000775    34.1686    34.1744     7.6443     7.3557    -0.2886    27.4487    27.4532          3  0.000e+00
      30857 326.789545  -62.21308  -58.34258      0.076    1449.93      3.558      3.524    -0.2754    -0.2713     0.0041    -0.2755    -0.2714     0.0041   2.818035   2.818874   0.000839    34.1687    34.1753     7.6499     7.3559    -0.2940    27.4487    27.4539          3  0.000e+00
      30858 326.789545  -62.21308  -58.34258      0.077    1449.93      3.558      3.524    -0.2752    -0.2714     0.0038    -0.2753    -0.2715     0.0038   2.818071   2.818822   0.000751    34.1690    34.1747     7.6460     7.3561    -0.2899    27.4490    27.4535          3  0.000e+00
      30859 326.789546  -62.21308  -58.34258      0.078    1449.93      3.558      3.524    -0.2752    -0.2714     0.0038    -0.2753    -0.2715     0.0038   2.818083   2.818759   0.000675    34.1691    34.1739     7.6466     7.3564    -0.2902    27.4491    27.4528          3  0.000e+00
      30860 326.789546  -62.21308  -58.34258      0.083    1449.93      3.558      3.524    -0.2754    -0.2719     0.0035    -0.2755    -0.2720     0.0035   2.818059   2.818770   0.000711    34.1690    34.1746     7.6421     7.3566    -0.2855    27.4490    27.4534          3  0.000e+00
      30861 326.789547  -62.21308  -58.34258      0.087    1449.93      3.613      3.578    -0.2754    -0.2719     0.0035    -0.2755    -0.2720     0.0035   2.818035   2.818695   0.000660    34.1686    34.1735     7.6471     7.3569    -0.2902    27.4487    27.4525          3  0.000e+00
      30862 326.789547  -62.21308  -58.34258      0.087    1449.93      3.558      3.524    -0.2760    -0.2720     0.0039    -0.2761    -0.2721     0.0039   2.818035   2.818753   0.000718    34.1693    34.1745     7.6470     7.3570    -0.2900    27.4493    27.4533          3  0.000e+00
      30863 326.789548  -62.21308  -58.34258      0.087    1449.93      3.558      3.524    -0.2765    -0.2728     0.0037    -0.2766    -0.2729     0.0037   2.818035   2.818753   0.000718    34.1699    34.1754     7.6470     7.3573    -0.2896    27.4498    27.4541          3  0.000e+00
      30864 326.789548  -62.21308  -58.34258      0.089    1449.93      3.613      3.578    -0.2765    -0.2728     0.0037    -0.2766    -0.2729     0.0037   2.817993   2.818765   0.000771    34.1693    34.1755     7.6419     7.3576    -0.2843    27.4493    27.4542          3  0.000e+00
      30865 326.789549  -62.21308  -58.34258      0.088    1449.93      3.558      3.524    -0.2765    -0.2716     0.0049    -0.2766    -0.2717     0.0049   2.817999   2.818799   0.000800    34.1694    34.1746     7.6461     7.3575    -0.2886    27.4494    27.4533          3  0.000e+00
      30866 326.789549  -62.21308  -58.34258      0.090    1449.93      3.613      3.578    -0.2765    -0.2722     0.0043    -0.2766    -0.2723     0.0043   2.818017   2.818759   0.000742    34.1696    34.1747     7.6460     7.3567    -0.2893    27.4496    27.4535          3  0.000e+00
      30867 326.789550  -62.21308  -58.34258      0.095    1449.93      3.613      3.578    -0.2763    -0.2722     0.0040    -0.2764    -0.2723     0.0040   2.818005   2.818805   0.000800    34.1692    34.1754     7.6459     7.3568    -0.2891    27.4492    27.4540          3  0.000e+00
      30868 326.789550  -62.21308  -58.34258      0.096    1449.93      3.613      3.579    -0.2763    -0.2720     0.0043    -0.2764    -0.2722     0.0043   2.817987   2.818794   0.000806    34.1690    34.1750     7.6458     7.3569    -0.2889    27.4491    27.4537          3  0.000e+00
      30869 326.789551  -62.21308  -58.34258      0.096    1449.93      3.613      3.579    -0.2768    -0.2720     0.0047    -0.2769    -0.2722     0.0047   2.817999   2.818753   0.000754    34.1697    34.1745     7.6458     7.3571    -0.2887    27.4497    27.4533          3  0.000e+00
      30870 326.789551  -62.21308  -58.34258      0.099    1449.93      3.613      3.579    -0.2772    -0.2713     0.0060    -0.2773    -0.2714     0.0060   2.817987   2.818794   0.000806    34.1701    34.1742     7.6458     7.3571    -0.2887    27.4500    27.4530          4  0.000e+00
      30871 326.789552  -62.21308  -58.34258      0.099    1449.93      3.613      3.579    -0.2772    -0.2708     0.0064    -0.2773    -0.2709     0.0064   2.818017   2.818805   0.000788    34.1705    34.1738     7.6457     7.3571    -0.2886    27.4503    27.4526          4  0.000e+00
      30872 326.789552  -62.21308  -58.34258      0.101    1449.93      3.613      3.579    -0.2771    -0.2703     0.0068    -0.2772    -0.2705     0.0068   2.818011   2.818857   0.000846    34.1703    34.1740     7.6456     7.3571    -0.2884    27.4501    27.4528          4  0.000e+00
      30873 326.789552  -62.21308  -58.34258      0.103    1449.93      3.661      3.626    -0.2767    -0.2708     0.0059    -0.2768    -0.2709     0.0059   2.818059   2.818863   0.000803    34.1704    34.1745     7.6462     7.3574    -0.2888    27.4502    27.4533          4  0.000e+00
      30874 326.789553  -62.21308  -58.34258      0.102    1449.93      3.634      3.599    -0.2761    -0.2705     0.0056    -0.2763    -0.2706     0.0056   2.818102   2.818817   0.000715    34.1704    34.1736     7.6467     7.3529    -0.2938    27.4501    27.4525          4  0.000e+00
      30875 326.789553  -62.21308  -58.34258      0.103    1449.93      3.613      3.579    -0.2758    -0.2710     0.0049    -0.2760    -0.2711     0.0049   2.818114   2.818846   0.000732    34.1702    34.1745     7.6474     7.3590    -0.2885    27.4500    27.4532          4  0.000e+00
      30876 326.789554  -62.21308  -58.34258      0.103    1449.93      3.661      3.626    -0.2757    -0.2708     0.0049    -0.2758    -0.2709     0.0049   2.818150   2.818834   0.000684    34.1705    34.1741     7.6431     7.3593    -0.2838    27.4502    27.4529          4  0.000e+00
      30877 326.789554  -62.21308  -58.34258      0.103    1449.93      3.613      3.579    -0.2754    -0.2713     0.0041    -0.2755    -0.2714     0.0041   2.818186   2.818846   0.000660    34.1706    34.1749     7.6474     7.3596    -0.2878    27.4503    27.4535          4  0.000e+00
      30878 326.789555  -62.21308  -58.34258      0.102    1449.93      3.661      3.626    -0.2750    -0.2711     0.0039    -0.2752    -0.2712     0.0039   2.818192   2.818857   0.000665    34.1703    34.1748     7.6474     7.3599    -0.2876    27.4501    27.4535          4  0.000e+00
      30879 326.789555  -62.21308  -58.34258      0.101    1449.93      3.613      3.579    -0.2745    -0.2713     0.0032    -0.2746    -0.2714     0.0032   2.818246   2.818794   0.000548    34.1704    34.1742     7.6473     7.3602    -0.2871    27.4501    27.4530          4  0.000e+00
      30880 326.789556  -62.21308  -58.34258      0.102    1449.93      3.661      3.626    -0.2738    -0.2711     0.0027    -0.2739    -0.2712     0.0027   2.818264   2.818863   0.000599    34.1699    34.1749     7.6473     7.3604    -0.2869    27.4497    27.4535          4  0.000e+00
      30881 326.789556  -62.21308  -58.34258      0.103    1449.93      3.661      3.626    -0.2731    -0.2713     0.0018    -0.2732    -0.2714     0.0018   2.818330   2.818840   0.000510    34.1700    34.1747     7.6472     7.3607    -0.2865    27.4497    27.4535          4  0.000e+00
      30882 326.789557  -62.21308  -58.34258      0.103    1449.93      3.661      3.626    -0.2726    -0.2713     0.0013    -0.2727    -0.2714     0.0013   2.818372   2.818811   0.000439    34.1699    34.1744     7.6471     7.3599    -0.2873    27.4496    27.4531          4  0.000e+00
      30883 326.789557  -62.21308  -58.34258      0.100    1449.93      3.613      3.579    -0.2726    -0.2710     0.0016    -0.2727    -0.2711     0.0016   2.818378   2.818822   0.000444    34.1700    34.1742     7.6471     7.3588    -0.2883    27.4497    27.4530          4  0.000e+00
      30884 326.789558  -62.21308  -58.34258      0.100    1449.93      3.661      3.626    -0.2721    -0.2711     0.0010    -0.2722    -0.2712     0.0010   2.818414   2.818788   0.000373    34.1700    34.1739     7.6471     7.3591    -0.2880    27.4496    27.4527          4  0.000e+00
      30885 326.789558  -62.21308  -58.34258      0.099    1449.93      3.661      3.626    -0.2714    -0.2719    -0.0005    -0.2715    -0.2720    -0.0005   2.818450   2.818834   0.000384    34.1696    34.1754     7.6470     7.3594    -0.2876    27.4493    27.4540          4  0.000e+00
      30886 326.789559  -62.21308  -58.34258      0.097    1449.93      3.661      3.626    -0.2716    -0.2716     0.0001    -0.2718    -0.2717     0.0001   2.818474   2.818822   0.000348    34.1703    34.1748     7.6471     7.3595    -0.2876    27.4499    27.4535          4  0.000e+00
      30887 326.789559  -62.21308  -58.34258      0.096    1449.93      3.661      3.626    -0.2710    -0.2710     0.0000    -0.2711    -0.2711     0.0000   2.818480   2.818782   0.000301    34.1696    34.1736     7.6471     7.3597    -0.2874    27.4493    27.4525          4  0.000e+00
      30888 326.789560  -62.21308  -58.34258      0.094    1449.93      3.661      3.626    -0.2701    -0.2710    -0.0009    -0.2702    -0.2711    -0.0009   2.818559   2.818817   0.000258    34.1696    34.1741     7.6469     7.3598    -0.2871    27.4493    27.4529          4  0.000e+00
      30889 326.789560  -62.21308  -58.34258      0.094    1449.93      3.661      3.626    -0.2696    -0.2711    -0.0015    -0.2697    -0.2712    -0.0015   2.818571   2.818788   0.000217    34.1693    34.1739     7.6469     7.3600    -0.2869    27.4490    27.4527          4  0.000e+00
      30890 326.789561  -62.21308  -58.34258      0.091    1449.93      3.661      3.626    -0.2692    -0.2710    -0.0018    -0.2693    -0.2711    -0.0018   2.818541   2.818834   0.000293    34.1684    34.1743     7.6469     7.3590    -0.2879    27.4482    27.4531          4  0.000e+00
