Pos-Processados/process_op38/operantar38_019.ros
* Sea-Bird SBE 9 Data File:
* FileName = D:\OPERANTAR_XXXVIII\DADOS\OP38_019.hdr
* Software Version Seasave V 7.18c
* Temperature SN = 4808
* Conductivity SN = 3380
* Number of Bytes Per Scan = 34
* Number of Voltage Words = 3
* Number of Scans Averaged by the Deck Unit = 1
* NMEA Latitude = 62 12.52 S
* NMEA Longitude = 058 17.99 W
* NMEA UTC (Time) = Nov 22 2019 11:08:24
** H41
** NAVIO POLAR ALMIRANTE MAXIMIANO
** CRUZEIRO:
** OPERANTAR XXXVIII
** ESTAÇÃO: OP38_019
** LAT 62 12,51'S
** LONG 058 18,00'W
** 09P73767-1155_A
** PROFUNDIDADE: 271
** DATA/HORA: 221109Z/NOV/2019
** OPERADOR: SO-HN CHAVES
# nquan = 26
# nvalues = 1074                                  
# units = specified
# name 0 = scan: Scan Count
# name 1 = timeJ: Julian Days
# name 2 = latitude: Latitude [deg]
# name 3 = longitude: Longitude [deg]
# name 4 = dz/dtM: Descent Rate [m/s]
# name 5 = avgsvCM: Average Sound Velocity [Chen-Millero, m/s]
# name 6 = prDM: Pressure, Digiquartz [db]
# name 7 = depSM: Depth [salt water, m]
# name 8 = t090C: Temperature [ITS-90, deg C]
# name 9 = t190C: Temperature, 2 [ITS-90, deg C]
# name 10 = T2-T190C: Temperature Difference, 2 - 1 [ITS-90, deg C]
# name 11 = potemp090C: Potential Temperature [ITS-90, deg C]
# name 12 = potemp190C: Potential Temperature, 2 [ITS-90, deg C]
# name 13 = potemp90Cdiff: Potential Temperature, Diff, 2 - 1 [ITS-90, deg C]
# name 14 = c0S/m: Conductivity [S/m]
# name 15 = c1S/m: Conductivity, 2 [S/m]
# name 16 = C2-C1S/m: Conductivity Difference, 2 - 1 [S/m]
# name 17 = sal00: Salinity, Practical [PSU]
# name 18 = sal11: Salinity, Practical, 2 [PSU]
# name 19 = sbeox0ML/L: Oxygen, SBE 43 [ml/l]
# name 20 = sbeox1ML/L: Oxygen, SBE 43, 2 [ml/l]
# name 21 = sbeox0ML/Ldiff: Oxygen, SBE 43, Diff, 2 - 1 [ml/l]
# name 22 = sigma-é00: Density [sigma-theta, kg/m^3]
# name 23 = sigma-é11: Density, 2 [sigma-theta, kg/m^3]
# name 24 = nbf: Bottles Fired
# name 25 = flag:  0.000e+00
# interval = seconds: 0.0416667
# start_time = Nov 22 2019 11:08:24 [NMEA time, header]
# bad_flag = -9.990e-29
*END*
[from data line 669]
      24894 326.476171  -62.20876  -58.30018      0.027    1447.69      3.463      3.430    -0.2244    -0.2235     0.0009    -0.2245    -0.2236     0.0009   2.820074   2.820510   0.000435    34.1387    34.1435     7.7008     7.4459    -0.2549    27.4221    27.4259          4  0.000e+00
      24895 326.476172  -62.20876  -58.30018      0.028    1447.69      3.463      3.430    -0.2245    -0.2236     0.0009    -0.2246    -0.2238     0.0009   2.820056   2.820556   0.000499    34.1386    34.1443     7.7004     7.4466    -0.2538    27.4220    27.4266          4  0.000e+00
      24896 326.476172  -62.20876  -58.30018      0.030    1447.69      3.511      3.477    -0.2243    -0.2235     0.0008    -0.2244    -0.2236     0.0008   2.820086   2.820475   0.000388    34.1387    34.1430     7.7000     7.4474    -0.2526    27.4221    27.4255          4  0.000e+00
      24897 326.476173  -62.20876  -58.30018      0.031    1447.69      3.463      3.430    -0.2240    -0.2236     0.0004    -0.2242    -0.2238     0.0004   2.820080   2.820481   0.000400    34.1384    34.1433     7.7046     7.4492    -0.2554    27.4218    27.4258          4  0.000e+00
      24898 326.476173  -62.20876  -58.30018      0.029    1447.69      3.463      3.430    -0.2244    -0.2236     0.0007    -0.2245    -0.2238     0.0007   2.820074   2.820550   0.000476    34.1387    34.1442     7.6992     7.4509    -0.2483    27.4221    27.4265          4  0.000e+00
      24899 326.476174  -62.20876  -58.30018      0.030    1447.69      3.463      3.430    -0.2241    -0.2240     0.0001    -0.2242    -0.2241     0.0001   2.820092   2.820475   0.000382    34.1386    34.1436     7.6987     7.4390    -0.2597    27.4220    27.4260          4  0.000e+00
      24900 326.476174  -62.20876  -58.30018      0.029    1447.69      3.463      3.430    -0.2239    -0.2235     0.0004    -0.2240    -0.2236     0.0004   2.820080   2.820504   0.000423    34.1383    34.1434     7.6984     7.4431    -0.2553    27.4217    27.4259          4  0.000e+00
      24901 326.476175  -62.20876  -58.30018      0.030    1447.69      3.463      3.430    -0.2239    -0.2238     0.0001    -0.2240    -0.2239     0.0001   2.820074   2.820538   0.000464    34.1382    34.1443     7.6981     7.4496    -0.2485    27.4216    27.4265          4  0.000e+00
      24902 326.476175  -62.20876  -58.30018      0.028    1447.69      3.463      3.430    -0.2239    -0.2240    -0.0000    -0.2240    -0.2241    -0.0000   2.820074   2.820492   0.000418    34.1382    34.1438     7.7029     7.4503    -0.2526    27.4216    27.4262          4  0.000e+00
      24903 326.476176  -62.20876  -58.30018      0.029    1447.69      3.463      3.430    -0.2239    -0.2238     0.0001    -0.2240    -0.2239     0.0001   2.820111   2.820510   0.000399    34.1387    34.1438     7.7033     7.4382    -0.2651    27.4220    27.4262          4  0.000e+00
      24904 326.476176  -62.20876  -58.30018      0.022    1447.69      3.463      3.430    -0.2244    -0.2235     0.0009    -0.2245    -0.2236     0.0009   2.820086   2.820538   0.000452    34.1389    34.1439     7.7039     7.4423    -0.2616    27.4222    27.4263          4  0.000e+00
      24905 326.476177  -62.20876  -58.30018      0.026    1447.69      3.463      3.430    -0.2241    -0.2235     0.0006    -0.2242    -0.2236     0.0006   2.820074   2.820429   0.000354    34.1384    34.1424     7.7043     7.4464    -0.2579    27.4218    27.4250          4  0.000e+00
      24906 326.476177  -62.20876  -58.30018      0.023    1447.69      3.463      3.430    -0.2240    -0.2238     0.0003    -0.2242    -0.2239     0.0003   2.820092   2.820515   0.000423    34.1386    34.1439     7.7047     7.4469    -0.2578    27.4219    27.4263          4  0.000e+00
      24907 326.476178  -62.20876  -58.30018      0.021    1447.69      3.415      3.382    -0.2238    -0.2235     0.0003    -0.2239    -0.2236     0.0003   2.820104   2.820521   0.000417    34.1384    34.1437     7.7000     7.4369    -0.2631    27.4218    27.4261          4  0.000e+00
      24908 326.476178  -62.20876  -58.30018      0.019    1447.69      3.463      3.430    -0.2235    -0.2233     0.0001    -0.2236    -0.2235     0.0001   2.820123   2.820481   0.000358    34.1383    34.1430     7.6998     7.4422    -0.2575    27.4217    27.4255          4  0.000e+00
      24909 326.476179  -62.20876  -58.30018      0.017    1447.69      3.463      3.430    -0.2236    -0.2232     0.0004    -0.2237    -0.2233     0.0004   2.820111   2.820550   0.000440    34.1383    34.1437     7.7046     7.4462    -0.2584    27.4217    27.4261          4  0.000e+00
      24910 326.476179  -62.20876  -58.30018      0.012    1447.69      3.415      3.382    -0.2238    -0.2235     0.0003    -0.2239    -0.2236     0.0003   2.820141   2.820527   0.000386    34.1389    34.1438     7.7001     7.4410    -0.2590    27.4222    27.4261          4  0.000e+00
      24911 326.476180  -62.20876  -58.30018      0.012    1447.69      3.463      3.430    -0.2236    -0.2236    -0.0000    -0.2237    -0.2238    -0.0000   2.820117   2.820498   0.000382    34.1384    34.1435     7.6999     7.4359    -0.2640    27.4218    27.4259          4  0.000e+00
      24912 326.476180  -62.20876  -58.30018      0.010    1447.69      3.463      3.430    -0.2235    -0.2230     0.0005    -0.2236    -0.2231     0.0005   2.820141   2.820556   0.000415    34.1386    34.1436     7.6997     7.4399    -0.2598    27.4219    27.4260          4  0.000e+00
      24913 326.476181  -62.20876  -58.30018      0.004    1447.69      3.415      3.382    -0.2235    -0.2232     0.0003    -0.2236    -0.2233     0.0003   2.820135   2.820510   0.000375    34.1385    34.1432     7.6995     7.4440    -0.2555    27.4219    27.4256          4  0.000e+00
      24914 326.476181  -62.20876  -58.30018      0.005    1447.69      3.463      3.430    -0.2235    -0.2232     0.0003    -0.2236    -0.2233     0.0003   2.820129   2.820452   0.000323    34.1384    34.1424     7.6995     7.4458    -0.2538    27.4218    27.4250          4  0.000e+00
      24915 326.476182  -62.20876  -58.30018     -0.001    1447.69      3.415      3.382    -0.2236    -0.2235     0.0001    -0.2237    -0.2236     0.0001   2.820110   2.820533   0.000422    34.1383    34.1438     7.6994     7.4474    -0.2521    27.4217    27.4262          4  0.000e+00
      24916 326.476182  -62.20876  -58.30018     -0.000    1447.69      3.463      3.430    -0.2236    -0.2233     0.0003    -0.2237    -0.2234     0.0003   2.820104   2.820515   0.000411    34.1382    34.1434     7.7045     7.4479    -0.2566    27.4216    27.4258          4  0.000e+00
      24917 326.476182  -62.20876  -58.30018     -0.004    1447.69      3.436      3.403    -0.2233    -0.2235    -0.0002    -0.2234    -0.2236    -0.0002   2.820104   2.820440   0.000336    34.1379    34.1426     7.7001     7.4415    -0.2586    27.4214    27.4252          4  0.000e+00
      24918 326.476183  -62.20876  -58.30018     -0.010    1447.69      3.415      3.382    -0.2231    -0.2233    -0.0002    -0.2232    -0.2234    -0.0002   2.820104   2.820527   0.000422    34.1377    34.1436     7.7000     7.4350    -0.2651    27.4212    27.4260          4  0.000e+00
      24919 326.476183  -62.20876  -58.30018     -0.012    1447.69      3.415      3.382    -0.2231    -0.2235    -0.0004    -0.2232    -0.2236    -0.0004   2.820123   2.820475   0.000352    34.1380    34.1431     7.7001     7.4459    -0.2541    27.4214    27.4256          4  0.000e+00
      24920 326.476184  -62.20876  -58.30018     -0.017    1447.69      3.415      3.382    -0.2233    -0.2233    -0.0000    -0.2234    -0.2234    -0.0000   2.820129   2.820429   0.000300    34.1382    34.1423     7.7052     7.4452    -0.2600    27.4216    27.4249          4  0.000e+00
      24921 326.476184  -62.20876  -58.30018     -0.020    1447.69      3.415      3.382    -0.2235    -0.2236    -0.0002    -0.2236    -0.2238    -0.0002   2.820129   2.820550   0.000422    34.1384    34.1443     7.7060     7.4456    -0.2605    27.4218    27.4265          4  0.000e+00
      24922 326.476185  -62.20876  -58.30018     -0.019    1447.69      3.463      3.430    -0.2231    -0.2235    -0.0004    -0.2232    -0.2236    -0.0004   2.820111   2.820521   0.000411    34.1378    34.1437     7.7018     7.4471    -0.2547    27.4213    27.4260          4  0.000e+00
      24923 326.476185  -62.20876  -58.30018     -0.024    1447.69      3.415      3.382    -0.2233    -0.2236    -0.0004    -0.2234    -0.2238    -0.0004   2.820141   2.820498   0.000357    34.1384    34.1436     7.7018     7.4474    -0.2544    27.4218    27.4260          4  0.000e+00
      24924 326.476186  -62.20876  -58.30018     -0.026    1447.69      3.415      3.382    -0.2233    -0.2238    -0.0005    -0.2234    -0.2239    -0.0005   2.820135   2.820533   0.000398    34.1383    34.1442     7.7020     7.4351    -0.2669    27.4217    27.4265          4  0.000e+00
      24925 326.476186  -62.20876  -58.30018     -0.029    1447.69      3.415      3.382    -0.2235    -0.2236    -0.0002    -0.2236    -0.2238    -0.0002   2.820129   2.820469   0.000341    34.1384    34.1432     7.7021     7.4389    -0.2633    27.4218    27.4257          4  0.000e+00
      24926 326.476187  -62.20876  -58.30018     -0.033    1447.69      3.415      3.382    -0.2233    -0.2238    -0.0005    -0.2234    -0.2239    -0.0005   2.820129   2.820481   0.000352    34.1382    34.1435     7.7023     7.4450    -0.2573    27.4216    27.4259          4  0.000e+00
      24927 326.476187  -62.20876  -58.30018     -0.032    1447.69      3.415      3.382    -0.2231    -0.2232    -0.0001    -0.2232    -0.2233    -0.0001   2.820129   2.820567   0.000439    34.1380    34.1439     7.7017     7.4451    -0.2566    27.4215    27.4263          4  0.000e+00
      24928 326.476188  -62.20876  -58.30018     -0.034    1447.69      3.415      3.382    -0.2235    -0.2233     0.0002    -0.2236    -0.2234     0.0002   2.820110   2.820504   0.000393    34.1382    34.1433     7.7012     7.4442    -0.2570    27.4216    27.4257          4  0.000e+00
      24929 326.476188  -62.20876  -58.30018     -0.039    1447.69      3.361      3.328    -0.2235    -0.2236    -0.0002    -0.2236    -0.2238    -0.0002   2.820123   2.820510   0.000387    34.1384    34.1437     7.7006     7.4340    -0.2666    27.4218    27.4261          4  0.000e+00
      24930 326.476189  -62.20876  -58.30018     -0.040    1447.69      3.415      3.382    -0.2233    -0.2233    -0.0000    -0.2234    -0.2234    -0.0000   2.820110   2.820538   0.000428    34.1380    34.1437     7.7009     7.4389    -0.2619    27.4215    27.4261          4  0.000e+00
      24931 326.476189  -62.20876  -58.30018     -0.042    1447.69      3.415      3.382    -0.2235    -0.2233     0.0002    -0.2236    -0.2234     0.0002   2.820104   2.820510   0.000405    34.1381    34.1433     7.7004     7.4450    -0.2554    27.4216    27.4258          4  0.000e+00
      24932 326.476190  -62.20876  -58.30018     -0.040    1447.69      3.415      3.382    -0.2236    -0.2233     0.0003    -0.2237    -0.2234     0.0003   2.820123   2.820515   0.000393    34.1385    34.1434     7.7006     7.4453    -0.2554    27.4219    27.4259          4  0.000e+00
      24933 326.476190  -62.20876  -58.30018     -0.041    1447.69      3.415      3.382    -0.2238    -0.2233     0.0004    -0.2239    -0.2234     0.0004   2.820110   2.820538   0.000428    34.1385    34.1437     7.7002     7.4443    -0.2558    27.4219    27.4261          4  0.000e+00
      24934 326.476191  -62.20876  -58.30018     -0.042    1447.69      3.415      3.382    -0.2236    -0.2235     0.0001    -0.2237    -0.2236     0.0001   2.820123   2.820510   0.000387    34.1385    34.1435     7.6996     7.4445    -0.2551    27.4219    27.4259          4  0.000e+00
      24935 326.476191  -62.20876  -58.30018     -0.041    1447.69      3.415      3.382    -0.2236    -0.2235     0.0001    -0.2237    -0.2236     0.0001   2.820129   2.820515   0.000387    34.1386    34.1436     7.6991     7.4389    -0.2603    27.4220    27.4260          4  0.000e+00
      24936 326.476192  -62.20876  -58.30018     -0.042    1447.69      3.361      3.328    -0.2235    -0.2232     0.0003    -0.2236    -0.2233     0.0003   2.820110   2.820556   0.000445    34.1382    34.1438     7.6994     7.4320    -0.2674    27.4216    27.4262          4  0.000e+00
      24937 326.476192  -62.20876  -58.30018     -0.042    1447.69      3.415      3.382    -0.2239    -0.2233     0.0006    -0.2240    -0.2234     0.0006   2.820123   2.820515   0.000393    34.1389    34.1434     7.6998     7.4369    -0.2629    27.4222    27.4258          4  0.000e+00
      24938 326.476193  -62.20876  -58.30018     -0.042    1447.69      3.415      3.382    -0.2238    -0.2233     0.0005    -0.2239    -0.2234     0.0005   2.820086   2.820538   0.000452    34.1382    34.1438     7.6951     7.4429    -0.2522    27.4217    27.4261          4  0.000e+00
      24939 326.476193  -62.20876  -58.30018     -0.045    1447.69      3.361      3.328    -0.2238    -0.2232     0.0006    -0.2239    -0.2233     0.0006   2.820110   2.820544   0.000434    34.1385    34.1437     7.6946     7.4441    -0.2505    27.4219    27.4260          4  0.000e+00
      24940 326.476194  -62.20876  -58.30018     -0.045    1447.69      3.415      3.382    -0.2239    -0.2230     0.0009    -0.2240    -0.2231     0.0009   2.820129   2.820492   0.000364    34.1389    34.1428     7.6995     7.4444    -0.2551    27.4223    27.4253          4  0.000e+00
      24941 326.476194  -62.20876  -58.30018     -0.047    1447.69      3.361      3.328    -0.2240    -0.2233     0.0007    -0.2241    -0.2234     0.0007   2.820086   2.820510   0.000423    34.1385    34.1434     7.7000     7.4433    -0.2567    27.4219    27.4258          4  0.000e+00
      24942 326.476195  -62.20876  -58.30018     -0.041    1447.69      3.463      3.430    -0.2239    -0.2235     0.0004    -0.2240    -0.2236     0.0004   2.820092   2.820556   0.000463    34.1384    34.1441     7.6998     7.4332    -0.2667    27.4218    27.4264          4  0.000e+00
      24943 326.476195  -62.20876  -58.30018     -0.043    1447.69      3.361      3.328    -0.2239    -0.2236     0.0003    -0.2240    -0.2238     0.0003   2.820104   2.820475   0.000370    34.1386    34.1433     7.6995     7.4380    -0.2615    27.4220    27.4258          4  0.000e+00
      24944 326.476196  -62.20876  -58.30018     -0.042    1447.69      3.415      3.382    -0.2239    -0.2233     0.0006    -0.2240    -0.2234     0.0006   2.820080   2.820527   0.000447    34.1383    34.1436     7.6993     7.4439    -0.2554    27.4217    27.4260          4  0.000e+00
      24945 326.476196  -62.20876  -58.30018     -0.038    1447.69      3.415      3.382    -0.2243    -0.2235     0.0008    -0.2244    -0.2236     0.0008   2.820092   2.820544   0.000452    34.1388    34.1440     7.6991     7.4452    -0.2539    27.4222    27.4263          4  0.000e+00
      24946 326.476196  -62.20876  -58.30018     -0.042    1447.69      3.333      3.301    -0.2242    -0.2236     0.0006    -0.2243    -0.2238     0.0006   2.820080   2.820492   0.000412    34.1387    34.1435     7.6995     7.4465    -0.2530    27.4220    27.4260          4  0.000e+00
      24947 326.476197  -62.20876  -58.30018     -0.040    1447.69      3.415      3.382    -0.2240    -0.2238     0.0003    -0.2242    -0.2239     0.0003   2.820074   2.820533   0.000458    34.1383    34.1442     7.6994     7.4480    -0.2514    27.4218    27.4265          4  0.000e+00
      24948 326.476197  -62.20876  -58.30018     -0.038    1447.69      3.415      3.382    -0.2239    -0.2229     0.0010    -0.2240    -0.2230     0.0010   2.820110   2.820521   0.000411    34.1387    34.1430     7.6991     7.4468    -0.2523    27.4221    27.4255          4  0.000e+00
