Pos-Processados/process_op38/operantar38_008B.ros
* Sea-Bird SBE 9 Data File:
* FileName = D:\OPERANTAR_XXXVIII\DADOS\OP38_008B.hdr
* Software Version Seasave V 7.18c
* Temperature SN = 4808
* Conductivity SN = 3380
* Number of Bytes Per Scan = 31
* Number of Voltage Words = 2
* Number of Scans Averaged by the Deck Unit = 1
* NMEA Latitude = 44 36.43 S
* NMEA Longitude = 052 08.36 W
* NMEA UTC (Time) = Oct 20 2019 02:21:12
** H41
** NAVIO POLAR ALMIRANTE MAXIMIANO
** CRUZEIRO:
** OPERANTAR XXXVIII
** ESTAÇÃO:
** LAT
** LONG
** 09P73767-1155
** PROFUNDIDADE:
** DATA/HORA: 20022Z/OUT/19
** OPERADOR: CTTECCHIO
# nquan = 26
# nvalues = 579                                   
# units = specified
# name 0 = scan: Scan Count
# name 1 = timeJ: Julian Days
# name 2 = latitude: Latitude [deg]
# name 3 = longitude: Longitude [deg]
# name 4 = dz/dtM: Descent Rate [m/s]
# name 5 = avgsvCM: Average Sound Velocity [Chen-Millero, m/s]
# name 6 = prDM: Pressure, Digiquartz [db]
# name 7 = depSM: Depth [salt water, m]
# name 8 = t090C: Temperature [ITS-90, deg C]
# name 9 = t190C: Temperature, 2 [ITS-90, deg C]
# name 10 = T2-T190C: Temperature Difference, 2 - 1 [ITS-90, deg C]
# name 11 = potemp090C: Potential Temperature [ITS-90, deg C]
# name 12 = potemp190C: Potential Temperature, 2 [ITS-90, deg C]
# name 13 = potemp90Cdiff: Potential Temperature, Diff, 2 - 1 [ITS-90, deg C]
# name 14 = c0S/m: Conductivity [S/m]
# name 15 = c1S/m: Conductivity, 2 [S/m]
# name 16 = C2-C1S/m: Conductivity Difference, 2 - 1 [S/m]
# name 17 = sal00: Salinity, Practical [PSU]
# name 18 = sal11: Salinity, Practical, 2 [PSU]
# name 19 = sbeox0ML/L: Oxygen, SBE 43 [ml/l]
# name 20 = sbeox1ML/L: Oxygen, SBE 43, 2 [ml/l]
# name 21 = sbeox0ML/Ldiff: Oxygen, SBE 43, Diff, 2 - 1 [ml/l]
# name 22 = sigma-é00: Density [sigma-theta, kg/m^3]
# name 23 = sigma-é11: Density, 2 [sigma-theta, kg/m^3]
# name 24 = nbf: Bottles Fired
# name 25 = flag:  0.000e+00
# interval = seconds: 0.0416667
# start_time = Oct 20 2019 02:21:12 [NMEA time, header]
# bad_flag = -9.990e-29
*END*
[from data line 502]
      10700 293.103215  -44.60462  -52.13638      0.055       0.00      3.297      3.271    11.7790    11.7788    -0.0002    11.7786    11.7784    -0.0002   3.956935   3.957470   0.000535    34.7855    34.7909     6.1875     6.0438    -0.1437    26.4645    26.4688          3  0.000e+00
      10701 293.103216  -44.60462  -52.13638      0.060       0.00      3.345      3.318    11.7792    11.7785    -0.0007    11.7788    11.7781    -0.0007   3.956942   3.957299   0.000357    34.7854    34.7895     6.1866     6.0432    -0.1435    26.4644    26.4678          3  0.000e+00
      10702 293.103216  -44.60462  -52.13638      0.066       0.00      3.297      3.271    11.7790    11.7787    -0.0003    11.7786    11.7782    -0.0003   3.956866   3.957173   0.000307    34.7848    34.7882     6.1861     6.0467    -0.1394    26.4640    26.4667          3  0.000e+00
      10703 293.103217  -44.60462  -52.13638      0.070       0.00      3.345      3.318    11.7792    11.7784    -0.0007    11.7787    11.7780    -0.0007   3.955693   3.957404   0.001711    34.7732    34.7907     6.1861     6.0468    -0.1393    26.4549    26.4686          3  0.000e+00
      10704 293.103217  -44.60462  -52.13638      0.074       0.00      3.345      3.318    11.7790    11.7785    -0.0005    11.7786    11.7781    -0.0005   3.956358   3.957490   0.001131    34.7798    34.7914     6.1850     6.0429    -0.1421    26.4601    26.4692          3  0.000e+00
      10705 293.103218  -44.60462  -52.13638      0.078       0.00      3.345      3.318    11.7792    11.7787    -0.0005    11.7787    11.7782    -0.0005   3.956907   3.957490   0.000582    34.7851    34.7912     6.1840     6.0463    -0.1376    26.4642    26.4691          3  0.000e+00
      10706 293.103218  -44.60462  -52.13638      0.082       0.00      3.345      3.318    11.7789    11.7786    -0.0003    11.7784    11.7781    -0.0003   3.956955   3.957509   0.000554    34.7858    34.7915     6.1832     6.0463    -0.1369    26.4648    26.4693          3  0.000e+00
      10707 293.103219  -44.60462  -52.13638      0.085       0.00      3.345      3.318    11.7790    11.7787    -0.0003    11.7786    11.7782    -0.0003   3.956948   3.957476   0.000528    34.7856    34.7911     6.1790     6.0463    -0.1327    26.4646    26.4690          3  0.000e+00
      10708 293.103219  -44.60462  -52.13638      0.085       0.00      3.297      3.271    11.7787    11.7787    -0.0000    11.7783    11.7782    -0.0000   3.956914   3.957450   0.000536    34.7856    34.7909     6.1782     6.0424    -0.1359    26.4647    26.4688          3  0.000e+00
      10709 293.103220  -44.60462  -52.13638      0.090       0.00      3.427      3.400    11.7789    11.7788    -0.0001    11.7784    11.7783    -0.0001   3.956935   3.957457   0.000522    34.7856    34.7908     6.1776     6.0419    -0.1357    26.4646    26.4687          3  0.000e+00
      10710 293.103220  -44.60462  -52.13638      0.095       0.00      3.345      3.318    11.7790    11.7783    -0.0007    11.7786    11.7779    -0.0007   3.956921   3.957483   0.000562    34.7853    34.7915     6.1772     6.0413    -0.1359    26.4644    26.4693          3  0.000e+00
      10711 293.103220  -44.60462  -52.13638      0.096       0.00      3.345      3.318    11.7789    11.7783    -0.0005    11.7784    11.7779    -0.0005   3.956955   3.957457   0.000501    34.7858    34.7912     6.1801     6.0445    -0.1355    26.4648    26.4691          3  0.000e+00
      10712 293.103221  -44.60462  -52.13638      0.101       0.00      3.400      3.372    11.7789    11.7780    -0.0009    11.7784    11.7776    -0.0009   3.956928   3.957457   0.000529    34.7855    34.7915     6.1764     6.0444    -0.1319    26.4646    26.4694          3  0.000e+00
      10713 293.103221  -44.60462  -52.13638      0.102       0.00      3.345      3.318    11.7789    11.7782    -0.0006    11.7784    11.7778    -0.0006   3.956935   3.957450   0.000515    34.7856    34.7913     6.1758     6.0442    -0.1316    26.4646    26.4691          3  0.000e+00
      10714 293.103222  -44.60462  -52.13638      0.105       0.00      3.400      3.372    11.7789    11.7783    -0.0005    11.7784    11.7779    -0.0005   3.956969   3.957509   0.000540    34.7859    34.7917     6.1756     6.0444    -0.1312    26.4649    26.4695          3  0.000e+00
      10715 293.103222  -44.60462  -52.13638      0.108       0.00      3.400      3.372    11.7790    11.7782    -0.0009    11.7786    11.7777    -0.0009   3.956928   3.957444   0.000516    34.7854    34.7913     6.1752     6.0447    -0.1305    26.4644    26.4692          3  0.000e+00
      10716 293.103223  -44.60462  -52.13638      0.108       0.00      3.345      3.318    11.7789    11.7782    -0.0006    11.7784    11.7778    -0.0006   3.956914   3.957450   0.000536    34.7854    34.7913     6.1748     6.0410    -0.1338    26.4645    26.4691          3  0.000e+00
      10717 293.103223  -44.60462  -52.13638      0.107       0.00      3.345      3.318    11.7789    11.7778    -0.0010    11.7784    11.7774    -0.0010   3.956955   3.957483   0.000528    34.7858    34.7920     6.1747     6.0446    -0.1301    26.4648    26.4698          3  0.000e+00
      10718 293.103224  -44.60462  -52.13638      0.106       0.00      3.400      3.372    11.7789    11.7783    -0.0005    11.7784    11.7779    -0.0005   3.956976   3.957430   0.000454    34.7860    34.7910     6.1747     6.0443    -0.1305    26.4649    26.4689          3  0.000e+00
      10719 293.103224  -44.60462  -52.13638      0.110       0.00      3.400      3.372    11.7790    11.7782    -0.0008    11.7786    11.7778    -0.0008   3.956976   3.957450   0.000474    34.7859    34.7912     6.1748     6.0444    -0.1304    26.4648    26.4691          3  0.000e+00
      10720 293.103225  -44.60462  -52.13638      0.108       0.00      3.345      3.318    11.7789    11.7782    -0.0007    11.7784    11.7777    -0.0007   3.956976   3.957483   0.000507    34.7860    34.7917     6.1748     6.0445    -0.1304    26.4650    26.4695          3  0.000e+00
      10721 293.103225  -44.60462  -52.13638      0.105       0.00      3.400      3.372    11.7790    11.7782    -0.0009    11.7786    11.7777    -0.0009   3.956983   3.957444   0.000461    34.7859    34.7913     6.1785     6.0408    -0.1377    26.4649    26.4692          3  0.000e+00
      10722 293.103226  -44.60462  -52.13638      0.105       0.00      3.345      3.318    11.7792    11.7782    -0.0009    11.7787    11.7778    -0.0009   3.957003   3.957470   0.000467    34.7860    34.7915     6.1789     6.0442    -0.1347    26.4649    26.4693          3  0.000e+00
      10723 293.103226  -44.60462  -52.13638      0.105       0.00      3.400      3.372    11.7792    11.7787    -0.0005    11.7787    11.7782    -0.0005   3.956516   3.957430   0.000914    34.7812    34.7906     6.1797     6.0443    -0.1354    26.4612    26.4686          3  0.000e+00
      10724 293.103227  -44.60462  -52.13636      0.101       0.00      3.345      3.318    11.7795    11.7787    -0.0009    11.7791    11.7782    -0.0009   3.956592   3.957450   0.000858    34.7816    34.7909     6.1802     6.0443    -0.1359    26.4614    26.4688          3  0.000e+00
      10725 293.103227  -44.60462  -52.13636      0.097       0.00      3.345      3.318    11.7797    11.7790    -0.0007    11.7793    11.7786    -0.0007   3.956948   3.957483   0.000535    34.7850    34.7909     6.1806     6.0443    -0.1363    26.4640    26.4687          3  0.000e+00
      10726 293.103228  -44.60462  -52.13636      0.092       0.00      3.345      3.318    11.7799    11.7782    -0.0016    11.7794    11.7778    -0.0016   3.957099   3.957443   0.000344    34.7863    34.7912     6.1812     6.0444    -0.1368    26.4650    26.4691          3  0.000e+00
      10727 293.103228  -44.60462  -52.13636      0.087       0.00      3.345      3.318    11.7802    11.7783    -0.0018    11.7797    11.7779    -0.0018   3.957065   3.957470   0.000405    34.7857    34.7914     6.1819     6.0444    -0.1375    26.4645    26.4692          3  0.000e+00
      10728 293.103229  -44.60462  -52.13636      0.081       0.00      3.345      3.318    11.7804    11.7780    -0.0024    11.7799    11.7776    -0.0024   3.957092   3.957470   0.000377    34.7858    34.7917     6.1860     6.0444    -0.1417    26.4645    26.4695          3  0.000e+00
      10729 293.103229  -44.60462  -52.13636      0.075       0.00      3.345      3.318    11.7805    11.7784    -0.0021    11.7801    11.7780    -0.0021   3.957113   3.957450   0.000337    34.7858    34.7911     6.1871     6.0448    -0.1423    26.4645    26.4690          3  0.000e+00
      10730 293.103230  -44.60462  -52.13636      0.071       0.00      3.297      3.270    11.7805    11.7785    -0.0020    11.7801    11.7781    -0.0020   3.957140   3.957450   0.000310    34.7861    34.7910     6.1847     6.0409    -0.1438    26.4647    26.4689          3  0.000e+00
      10731 293.103230  -44.60462  -52.13636      0.065       0.00      3.345      3.318    11.7810    11.7783    -0.0027    11.7806    11.7779    -0.0027   3.957147   3.957483   0.000336    34.7857    34.7915     6.1852     6.0404    -0.1447    26.4643    26.4693          3  0.000e+00
      10732 293.103231  -44.60462  -52.13636      0.059       0.00      3.297      3.270    11.7811    11.7788    -0.0023    11.7806    11.7783    -0.0023   3.957175   3.957490   0.000315    34.7859    34.7912     6.1894     6.0398    -0.1496    26.4645    26.4690          3  0.000e+00
      10733 293.103231  -44.60462  -52.13636      0.049       0.00      3.297      3.270    11.7812    11.7785    -0.0027    11.7807    11.7781    -0.0027   3.957161   3.957443   0.000282    34.7857    34.7910     6.1868     6.0394    -0.1474    26.4643    26.4689          3  0.000e+00
      10734 293.103232  -44.60462  -52.13636      0.045       0.00      3.345      3.318    11.7815    11.7787    -0.0028    11.7811    11.7782    -0.0028   3.957175   3.957470   0.000295    34.7855    34.7911     6.1909     6.0389    -0.1520    26.4641    26.4689          3  0.000e+00
      10735 293.103232  -44.60462  -52.13636      0.034       0.00      3.222      3.196    11.7812    11.7791    -0.0021    11.7808    11.7787    -0.0021   3.957161   3.957509   0.000348    34.7857    34.7911     6.1917     6.0383    -0.1535    26.4643    26.4689          3  0.000e+00
      10736 293.103233  -44.60462  -52.13636      0.027       0.00      3.297      3.270    11.7815    11.7787    -0.0028    11.7811    11.7782    -0.0028   3.957147   3.957503   0.000355    34.7853    34.7914     6.1927     6.0345    -0.1582    26.4639    26.4692          3  0.000e+00
      10737 293.103233  -44.60462  -52.13636      0.018       0.00      3.249      3.223    11.7814    11.7792    -0.0022    11.7809    11.7787    -0.0022   3.957175   3.957516   0.000341    34.7857    34.7911     6.1935     6.0373    -0.1562    26.4642    26.4688          3  0.000e+00
      10738 293.103234  -44.60462  -52.13636      0.011       0.00      3.297      3.270    11.7815    11.7788    -0.0027    11.7811    11.7784    -0.0027   3.957161   3.957503   0.000342    34.7853    34.7912     6.1945     6.0369    -0.1576    26.4639    26.4690          3  0.000e+00
      10739 293.103234  -44.60462  -52.13636      0.004       0.00      3.249      3.223    11.7814    11.7789    -0.0024    11.7809    11.7785    -0.0024   3.957175   3.957516   0.000341    34.7857    34.7913     6.1951     6.0326    -0.1625    26.4642    26.4691          3  0.000e+00
      10740 293.103234  -44.60462  -52.13636     -0.006       0.00      3.249      3.223    11.7814    11.7793    -0.0020    11.7809    11.7789    -0.0020   3.957209   3.957523   0.000313    34.7860    34.7910     6.1957     6.0321    -0.1636    26.4645    26.4687          3  0.000e+00
      10741 293.103235  -44.60462  -52.13636     -0.015       0.00      3.249      3.223    11.7817    11.7792    -0.0026    11.7813    11.7787    -0.0026   3.957120   3.957523   0.000403    34.7848    34.7912     6.1964     6.0313    -0.1651    26.4635    26.4689          3  0.000e+00
      10742 293.103235  -44.60462  -52.13636     -0.025       0.00      3.194      3.168    11.7817    11.7791    -0.0026    11.7813    11.7787    -0.0026   3.957079   3.957496   0.000417    34.7845    34.7910     6.1967     6.0304    -0.1662    26.4632    26.4688          3  0.000e+00
      10743 293.103236  -44.60462  -52.13636     -0.032       0.00      3.249      3.223    11.7815    11.7793    -0.0022    11.7811    11.7789    -0.0022   3.957161   3.957549   0.000388    34.7854    34.7913     6.1973     6.0296    -0.1677    26.4640    26.4689          3  0.000e+00
      10744 293.103236  -44.60462  -52.13636     -0.044       0.00      3.194      3.168    11.7817    11.7798    -0.0019    11.7813    11.7794    -0.0019   3.957236   3.957634   0.000398    34.7860    34.7916     6.1978     6.0291    -0.1687    26.4644    26.4691          3  0.000e+00
      10745 293.103237  -44.60462  -52.13636     -0.051       0.00      3.194      3.168    11.7818    11.7803    -0.0016    11.7814    11.7798    -0.0016   3.957175   3.957641   0.000466    34.7853    34.7913     6.1981     6.0283    -0.1698    26.4638    26.4688          3  0.000e+00
      10746 293.103237  -44.60462  -52.13636     -0.065       0.00      3.146      3.121    11.7818    11.7803    -0.0015    11.7814    11.7799    -0.0015   3.957175   3.957654   0.000480    34.7853    34.7914     6.1984     6.0280    -0.1704    26.4638    26.4689          3  0.000e+00
      10747 293.103238  -44.60462  -52.13636     -0.071       0.00      3.194      3.168    11.7821    11.7802    -0.0019    11.7817    11.7798    -0.0019   3.957134   3.957634   0.000501    34.7846    34.7913     6.2021     6.0274    -0.1748    26.4633    26.4688          3  0.000e+00
      10748 293.103238  -44.60460  -52.13636     -0.083       0.00      3.146      3.121    11.7818    11.7803    -0.0015    11.7814    11.7799    -0.0015   3.957161   3.957608   0.000447    34.7851    34.7909     6.1992     6.0228    -0.1764    26.4637    26.4685          3  0.000e+00
      10749 293.103239  -44.60460  -52.13636     -0.093       0.00      3.146      3.121    11.7820    11.7804    -0.0016    11.7816    11.7800    -0.0016   3.957209   3.957588   0.000379    34.7854    34.7907     6.2029     6.0255    -0.1773    26.4639    26.4683          3  0.000e+00
      10750 293.103239  -44.60460  -52.13636     -0.101       0.00      3.146      3.121    11.7819    11.7800    -0.0019    11.7815    11.7796    -0.0019   3.957223   3.957569   0.000346    34.7857    34.7909     6.2034     6.0249    -0.1785    26.4641    26.4685          3  0.000e+00
      10751 293.103240  -44.60460  -52.13636     -0.114       0.00      3.098      3.073    11.7820    11.7805    -0.0015    11.7816    11.7801    -0.0015   3.957243   3.957582   0.000338    34.7858    34.7906     6.2038     6.0209    -0.1829    26.4642    26.4682          3  0.000e+00
      10752 293.103240  -44.60460  -52.13636     -0.123       0.00      3.098      3.073    11.7820    11.7799    -0.0021    11.7816    11.7795    -0.0021   3.957230   3.957588   0.000359    34.7857    34.7911     6.2043     6.0242    -0.1801    26.4641    26.4687          3  0.000e+00
      10753 293.103241  -44.60460  -52.13636     -0.132       0.00      3.098      3.073    11.7817    11.7800    -0.0017    11.7813    11.7796    -0.0017   3.957223   3.957621   0.000399    34.7859    34.7914     6.2048     6.0199    -0.1849    26.4643    26.4689          3  0.000e+00
      10754 293.103241  -44.60460  -52.13636     -0.140       0.00      3.098      3.073    11.7820    11.7800    -0.0020    11.7816    11.7796    -0.0020   3.957243   3.957595   0.000352    34.7858    34.7911     6.2051     6.0194    -0.1857    26.4642    26.4687          3  0.000e+00
