Pos-Processados/process_op38/operantar38_003c.ros
* Sea-Bird SBE 9 Data File:
* FileName = D:\OPERANTAR_XXXVIII\DADOS\OP38_003c.hdr
* Software Version Seasave V 7.12
* Temperature SN = 4808
* Conductivity SN = 3380
* Number of Bytes Per Scan = 31
* Number of Voltage Words = 2
* Number of Scans Averaged by the Deck Unit = 1
* NMEA Latitude = 39 32.86 S
* NMEA Longitude = 054 23.47 W
* NMEA UTC (Time) = Oct 17 2019 10:25:40
** H41
** NAVIO POLAR ALMIRANTE MAXIMIANO
** CRUZEIRO:
** OPERANTAR XXXVIII
** ESTAÇÃO: OP38_003c
** LAT 39º32,87's
** LONG 054º23,45'w
** 09P73767-1155
** PROFUNDIDADE: 2920 m
** DATA/HORA: 171026Z/OUT/2019
** OPERADOR: SO-HN CHAVES
# nquan = 27
# nvalues = 1428                                  
# units = specified
# name 0 = scan: Scan Count
# name 1 = timeJ: Julian Days
# name 2 = latitude: Latitude [deg]
# name 3 = longitude: Longitude [deg]
# name 4 = dz/dtM: Descent Rate [m/s]
# name 5 = avgsvCM: Average Sound Velocity [Chen-Millero, m/s]
# name 6 = prDM: Pressure, Digiquartz [db]
# name 7 = depSM: Depth [salt water, m]
# name 8 = t090C: Temperature [ITS-90, deg C]
# name 9 = t190C: Temperature, 2 [ITS-90, deg C]
# name 10 = T2-T190C: Temperature Difference, 2 - 1 [ITS-90, deg C]
# name 11 = potemp090C: Potential Temperature [ITS-90, deg C]
# name 12 = potemp190C: Potential Temperature, 2 [ITS-90, deg C]
# name 13 = potemp90Cdiff: Potential Temperature, Diff, 2 - 1 [ITS-90, deg C]
# name 14 = c0S/m: Conductivity [S/m]
# name 15 = c1S/m: Conductivity, 2 [S/m]
# name 16 = C2-C1S/m: Conductivity Difference, 2 - 1 [S/m]
# name 17 = sal00: Salinity, Practical [PSU]
# name 18 = sal11: Salinity, Practical, 2 [PSU]
# name 19 = sbeox0ML/L: Oxygen, SBE 43 [ml/l]
# name 20 = sigma-é00: Density [sigma-theta, kg/m^3]
# name 21 = sigma-é11: Density, 2 [sigma-theta, kg/m^3]
# name 22 = sbox0Mm/Kg: Oxygen, SBE 43 [umol/kg]
# name 23 = oxsolMm/Kg: Oxygen Saturation, Garcia & Gordon [umol/kg]
# name 24 = oxsatMm/Kg: Oxygen Saturation, Weiss [umol/kg]
# name 25 = nbf: Bottles Fired
# name 26 = flag:  0.000e+00
# interval = seconds: 0.0416667
# start_time = Oct 17 2019 10:25:40 [NMEA time, header]
# bad_flag = -9.990e-29
*END*
[from data line 752]
       3219 290.436043  -39.54772  -54.39120     -0.181       0.00      2.628      2.608     6.7051     6.7179     0.0128     6.7049     6.7177     0.0128   3.420057   3.421643   0.001586    34.0977    34.1025     7.3622    26.7480    26.7501    320.231  297.40639  297.86253          5  0.000e+00
       3220 290.436043  -39.54772  -54.39120     -0.192       0.00      2.574      2.554     6.7032     6.7162     0.0130     6.7030     6.7160     0.0130   3.419896   3.421432   0.001536    34.0979    34.1019     7.3622    26.7484    26.7498    320.231  297.41911  297.87547          5  0.000e+00
       3221 290.436044  -39.54772  -54.39120     -0.199       0.00      2.574      2.554     6.7019     6.7142     0.0123     6.7017     6.7140     0.0123   3.419779   3.421270   0.001491    34.0979    34.1021     7.3626    26.7486    26.7503    320.249  297.42792  297.88443          5  0.000e+00
       3222 290.436044  -39.54772  -54.39120     -0.207       0.00      2.574      2.554     6.7006     6.7131     0.0125     6.7004     6.7128     0.0125   3.419740   3.421183   0.001443    34.0987    34.1023     7.3630    26.7494    26.7506    320.265  297.43485  297.89152          5  0.000e+00
       3223 290.436045  -39.54772  -54.39120     -0.212       0.00      2.574      2.554     6.7002     6.7118     0.0115     6.7000     6.7115     0.0115   3.419682   3.421146   0.001464    34.0984    34.1032     7.3632    26.7492    26.7514    320.275  297.43794  297.89464          5  0.000e+00
       3224 290.436045  -39.54772  -54.39120     -0.216       0.00      2.574      2.554     6.7001     6.7105     0.0104     6.6999     6.7103     0.0104   3.419650   3.421046   0.001397    34.0982    34.1033     7.3630    26.7491    26.7517    320.264  297.43945  297.89616          5  0.000e+00
       3225 290.436046  -39.54772  -54.39120     -0.222       0.00      2.574      2.554     6.7001     6.7085     0.0085     6.6999     6.7083     0.0085   3.419637   3.420804   0.001167    34.0981    34.1026     7.3627    26.7490    26.7514    320.251  297.43976  297.89647          5  0.000e+00
       3226 290.436046  -39.54772  -54.39120     -0.224       0.00      2.574      2.554     6.6998     6.7037     0.0039     6.6995     6.7034     0.0039   3.419617   3.420387   0.000770    34.0982    34.1028     7.3624    26.7491    26.7522    320.239  297.44167  297.89842          5  0.000e+00
       3227 290.436046  -39.54772  -54.39120     -0.225       0.00      2.574      2.554     6.6998     6.6987    -0.0011     6.6995     6.6984    -0.0011   3.419578   3.420157   0.000579    34.0977    34.1053     7.3581    26.7488    26.7548    320.050  297.44261  297.89935          5  0.000e+00
       3228 290.436047  -39.54772  -54.39120     -0.231       0.00      2.526      2.507     6.7025     6.6980    -0.0045     6.7023     6.6978    -0.0045   3.419805   3.420051   0.000246    34.0976    34.1048     7.3607    26.7482    26.7545    320.166  297.42437  297.88080          5  0.000e+00
       3229 290.436047  -39.54772  -54.39120     -0.233       0.00      2.574      2.554     6.7058     6.6963    -0.0095     6.7055     6.6960    -0.0095   3.419999   3.419846  -0.000153    34.0964    34.1042     7.3599    26.7469    26.7543    320.129  297.40463  297.86067          5  0.000e+00
       3230 290.436048  -39.54772  -54.39120     -0.234       0.00      2.526      2.507     6.7062     6.6930    -0.0132     6.7060     6.6928    -0.0132   3.420083   3.419529  -0.000554    34.0969    34.1040     7.3593    26.7472    26.7546    320.105  297.40038  297.85638          5  0.000e+00
       3231 290.436048  -39.54772  -54.39120     -0.232       0.00      2.574      2.554     6.7048     6.6925    -0.0123     6.7046     6.6923    -0.0123   3.420006   3.419492  -0.000514    34.0975    34.1040     7.3592    26.7479    26.7547    320.099  297.40902  297.86519          5  0.000e+00
       3232 290.436049  -39.54772  -54.39120     -0.231       0.00      2.574      2.554     6.7032     6.6935    -0.0097     6.7030     6.6933    -0.0097   3.419818   3.419691  -0.000127    34.0970    34.1052     7.3595    26.7477    26.7555    320.115  297.42099  297.87734          5  0.000e+00
       3233 290.436049  -39.54772  -54.39120     -0.227       0.00      2.574      2.554     6.7022     6.6963    -0.0060     6.7020     6.6960    -0.0060   3.419708   3.419958   0.000250    34.0968    34.1055     7.3593    26.7477    26.7553    320.105  297.42821  297.88466          5  0.000e+00
       3234 290.436050  -39.54772  -54.39120     -0.224       0.00      2.574      2.554     6.7015     6.6982    -0.0033     6.7013     6.6980    -0.0033   3.419721   3.420070   0.000349    34.0976    34.1048     7.3594    26.7484    26.7545    320.109  297.43101  297.88755          5  0.000e+00
       3235 290.436050  -39.54772  -54.39120     -0.218       0.00      2.628      2.608     6.7014     6.6987    -0.0027     6.7011     6.6984    -0.0027   3.419701   3.420089   0.000387    34.0975    34.1045     7.3595    26.7483    26.7542    320.114  297.43226  297.88882          5  0.000e+00
       3236 290.436051  -39.54772  -54.39120     -0.213       0.00      2.574      2.554     6.7009     6.7000    -0.0009     6.7007     6.6997    -0.0009   3.419721   3.420225   0.000505    34.0982    34.1047     7.3595    26.7490    26.7542    320.114  297.43389  297.89051          5  0.000e+00
       3237 290.436051  -39.54772  -54.39120     -0.205       0.00      2.628      2.608     6.7008     6.7024     0.0016     6.7005     6.7022     0.0016   3.419688   3.420412   0.000724    34.0980    34.1044     7.3597    26.7488    26.7536    320.119  297.43545  297.89208          5  0.000e+00
       3238 290.436052  -39.54772  -54.39120     -0.196       0.00      2.628      2.608     6.7001     6.7026     0.0025     6.6999     6.7024     0.0025   3.419669   3.420437   0.000768    34.0984    34.1044     7.3598    26.7492    26.7536    320.124  297.43903  297.89575          5  0.000e+00
       3239 290.436052  -39.54772  -54.39120     -0.186       0.00      2.628      2.608     6.6996     6.7021     0.0024     6.6994     6.7018     0.0024   3.419578   3.420406   0.000827    34.0979    34.1046     7.3599    26.7489    26.7539    320.130  297.44339  297.90015          5  0.000e+00
       3240 290.436053  -39.54772  -54.39120     -0.177       0.00      2.656      2.636     6.6998     6.7026     0.0028     6.6995     6.7023     0.0028   3.419565   3.420418   0.000853    34.0976    34.1042     7.3559    26.7486    26.7535    319.957  297.44301  297.89975          5  0.000e+00
       3241 290.436053  -39.54772  -54.39120     -0.165       0.00      2.676      2.656     6.6995     6.7029     0.0034     6.6992     6.7027     0.0034   3.419552   3.420499   0.000947    34.0977    34.1048     7.3556    26.7488    26.7539    319.942  297.44479  297.90156          5  0.000e+00
       3242 290.436054  -39.54772  -54.39120     -0.151       0.00      2.676      2.656     6.6998     6.7047     0.0049     6.6995     6.7044     0.0049   3.419591   3.420599   0.001007    34.0978    34.1041     7.3551    26.7488    26.7531    319.923  297.44241  297.89915          5  0.000e+00
       3243 290.436054  -39.54772  -54.39120     -0.136       0.00      2.731      2.710     6.7004     6.7053     0.0049     6.7002     6.7051     0.0049   3.419656   3.420679   0.001023    34.0979    34.1043     7.3542    26.7488    26.7532    319.883  297.43778  297.89445          5  0.000e+00
       3244 290.436055  -39.54772  -54.39120     -0.117       0.00      2.731      2.710     6.7012     6.7071     0.0059     6.7010     6.7069     0.0059   3.419734   3.420891   0.001157    34.0980    34.1049     7.3537    26.7487    26.7534    319.861  297.43231  297.88889          5  0.000e+00
       3245 290.436055  -39.54772  -54.39120     -0.107       0.00      2.676      2.656     6.7009     6.7087     0.0078     6.7007     6.7085     0.0078   3.419714   3.421046   0.001332    34.0981    34.1051     7.3534    26.7489    26.7533    319.845  297.43415  297.89077          5  0.000e+00
       3246 290.436056  -39.54772  -54.39120     -0.088       0.00      2.779      2.758     6.7002     6.7092     0.0089     6.7000     6.7089     0.0089   3.419624   3.421003   0.001379    34.0977    34.1041     7.3533    26.7486    26.7525    319.841  297.43958  297.89626          5  0.000e+00
       3247 290.436056  -39.54772  -54.39120     -0.065       0.00      2.827      2.805     6.6980     6.7071     0.0091     6.6977     6.7068     0.0091   3.419468   3.420748   0.001280    34.0982    34.1033     7.3534    26.7494    26.7522    319.847  297.45394  297.91089          5  0.000e+00
       3248 290.436057  -39.54772  -54.39120     -0.049       0.00      2.779      2.758     6.6962     6.7066     0.0104     6.6960     6.7064     0.0104   3.419306   3.420692   0.001385    34.0982    34.1032     7.3534    26.7496    26.7521    319.846  297.46596  297.92310          5  0.000e+00
       3249 290.436057  -39.54772  -54.39120     -0.032       0.00      2.779      2.758     6.6951     6.7059     0.0109     6.6948     6.7057     0.0109   3.419132   3.420679   0.001548    34.0974    34.1037     7.3533    26.7491    26.7526    319.845  297.47547  297.93272          5  0.000e+00
       3250 290.436058  -39.54772  -54.39120     -0.013       0.00      2.827      2.805     6.6938     6.7064     0.0126     6.6935     6.7062     0.0126   3.419060   3.420655   0.001594    34.0979    34.1029     7.3533    26.7496    26.7519    319.845  297.48324  297.94065          5  0.000e+00
       3251 290.436058  -39.54772  -54.39120      0.007       0.00      2.882      2.860     6.6935     6.7063     0.0128     6.6932     6.7060     0.0128   3.419054   3.420624   0.001569    34.0981    34.1027     7.3572    26.7499    26.7518    320.013  297.48489  297.94234          5  0.000e+00
       3252 290.436059  -39.54772  -54.39120      0.030       0.00      2.882      2.860     6.6935     6.7068     0.0133     6.6932     6.7065     0.0133   3.419054   3.420704   0.001650    34.0981    34.1031     7.3534    26.7499    26.7521    319.847  297.48489  297.94234          6  0.000e+00
       3253 290.436059  -39.54772  -54.39120      0.052       0.00      2.930      2.907     6.6936     6.7068     0.0131     6.6934     6.7065     0.0131   3.419080   3.420804   0.001724    34.0982    34.1042     7.3572    26.7499    26.7529    320.013  297.48359  297.94103          6  0.000e+00
       3254 290.436060  -39.54772  -54.39120      0.071       0.00      2.882      2.860     6.6944     6.7070     0.0125     6.6942     6.7067     0.0125   3.419171   3.420779   0.001608    34.0984    34.1037     7.3532    26.7500    26.7525    319.839  297.47775  297.93510          6  0.000e+00
       3255 290.436060  -39.54772  -54.39120      0.090       0.00      2.930      2.907     6.6944     6.7061     0.0117     6.6941     6.7059     0.0117   3.419164   3.420630   0.001466    34.0983    34.1029     7.3531    26.7499    26.7520    319.832  297.47796  297.93531          6  0.000e+00
       3256 290.436060  -39.54772  -54.39120      0.111       0.00      2.930      2.907     6.6946     6.7055     0.0109     6.6944     6.7052     0.0109   3.419190   3.420512   0.001322    34.0984    34.1022     7.3493    26.7500    26.7515    319.668  297.47637  297.93370          6  0.000e+00
       3257 290.436061  -39.54772  -54.39120      0.134       0.00      2.978      2.955     6.6946     6.7042     0.0096     6.6943     6.7039     0.0096   3.419184   3.420418   0.001235    34.0983    34.1025     7.3528    26.7499    26.7519    319.820  297.47658  297.93391          6  0.000e+00
       3258 290.436061  -39.54772  -54.39120      0.155       0.00      2.978      2.955     6.6949     6.7018     0.0068     6.6947     6.7015     0.0068   3.419222   3.420257   0.001034    34.0984    34.1031     7.3486    26.7500    26.7527    319.638  297.47420  297.93150          6  0.000e+00
       3259 290.436062  -39.54772  -54.39120      0.174       0.00      3.032      3.009     6.6962     6.7008     0.0046     6.6959     6.7005     0.0046   3.419404   3.420126   0.000722    34.0991    34.1026     7.3519    26.7503    26.7524    319.780  297.46387  297.92104          6  0.000e+00
       3260 290.436062  -39.54774  -54.39120      0.193       0.00      3.032      3.009     6.6974     6.7000     0.0026     6.6971     6.6997     0.0026   3.419598   3.420138   0.000541    34.1002    34.1035     7.3475    26.7510    26.7533    319.591  297.45389  297.91096          6  0.000e+00
       3261 290.436063  -39.54774  -54.39120      0.214       0.00      3.032      3.009     6.6991     6.6998     0.0007     6.6988     6.6995     0.0007   3.419727   3.420126   0.000399    34.0998    34.1036     7.3468    26.7505    26.7533    319.558  297.44261  297.89947          6  0.000e+00
       3262 290.436063  -39.54774  -54.39120      0.233       0.00      3.080      3.057     6.7004     6.7000    -0.0005     6.7002     6.6997    -0.0005   3.419857   3.420138   0.000282    34.0999    34.1035     7.3461    26.7504    26.7533    319.530  297.43329  297.89001          6  0.000e+00
       3263 290.436064  -39.54774  -54.39120      0.252       0.00      3.080      3.057     6.7019     6.7003    -0.0016     6.7016     6.7000    -0.0016   3.420116   3.420194   0.000079    34.1013    34.1038     7.3494    26.7513    26.7534    319.673  297.42031  297.87689          6  0.000e+00
       3264 290.436064  -39.54774  -54.39120      0.267       0.00      3.080      3.057     6.7061     6.7008    -0.0053     6.7058     6.7005    -0.0053   3.420537   3.420257  -0.000280    34.1018    34.1040     7.3447    26.7511    26.7536    319.467  297.39071  297.84684          6  0.000e+00
       3265 290.436065  -39.54774  -54.39120      0.284       0.00      3.135      3.111     6.7105     6.7027    -0.0078     6.7102     6.7024    -0.0078   3.420925   3.420530  -0.000395    34.1017    34.1051     7.3436    26.7505    26.7542    319.420  297.36100  297.81664          6  0.000e+00
       3266 290.436065  -39.54774  -54.39120      0.303       0.00      3.135      3.111     6.7166     6.7076    -0.0090     6.7163     6.7073    -0.0090   3.421508   3.421078  -0.000430    34.1021    34.1063     7.3421    26.7499    26.7544    319.357  297.31840  297.77336          6  0.000e+00
       3267 290.436066  -39.54774  -54.39120      0.317       0.00      3.135      3.111     6.7252     6.7149    -0.0104     6.7250     6.7146    -0.0104   3.422201   3.421737  -0.000464    34.1011    34.1063     7.3403    26.7480    26.7535    319.279  297.26167  297.71564          6  0.000e+00
       3268 290.436066  -39.54774  -54.39120      0.333       0.00      3.183      3.159     6.7312     6.7197    -0.0115     6.7309     6.7194    -0.0115   3.422628   3.422228  -0.000400    34.0999    34.1069     7.3391    26.7462    26.7533    319.226  297.22363  297.67691          6  0.000e+00
       3269 290.436067  -39.54774  -54.39120      0.345       0.00      3.183      3.159     6.7328     6.7241    -0.0088     6.7325     6.7238    -0.0088   3.422713   3.422546  -0.000167    34.0992    34.1061     7.3387    26.7455    26.7521    319.207  297.21418  297.66727          6  0.000e+00
       3270 290.436067  -39.54774  -54.39120      0.358       0.00      3.231      3.206     6.7338     6.7276    -0.0061     6.7335     6.7273    -0.0061   3.422738   3.422776   0.000037    34.0986    34.1051     7.3384    26.7448    26.7508    319.196  297.20930  297.66227          6  0.000e+00
       3271 290.436068  -39.54774  -54.39120      0.369       0.00      3.231      3.206     6.7333     6.7294    -0.0040     6.7331     6.7291    -0.0040   3.422602   3.422900   0.000298    34.0975    34.1047     7.3424    26.7440    26.7503    319.372  297.21451  297.66750          6  0.000e+00
