Pos-Processados/process_op38/operantar38_015.ros
* Sea-Bird SBE 9 Data File:
* FileName = D:\OPERANTAR_XXXVIII\DADOS\OP38_015.hdr
* Software Version Seasave V 7.18c
* Temperature SN = 4808
* Conductivity SN = 3380
* Number of Bytes Per Scan = 34
* Number of Voltage Words = 3
* Number of Scans Averaged by the Deck Unit = 1
* NMEA Latitude = 62 18.48 S
* NMEA Longitude = 058 32.77 W
* NMEA UTC (Time) = Nov 05 2019 09:00:03
** H41
** NAVIO POLAR ALMIRANTE MAXIMIANO
** CRUZEIRO:
** OPERANTAR XXXVIII
** ESTAÇÃO: OP38_015
** LAT 62 18,48' S
** LONG 058 32,80' W
** 09P73767-1155_A
** PROFUNDIDADE: 353
** DATA/HORA: 050900Z/NOV/2019
** OPERADOR: SO-HN CHAVES
# nquan = 27
# nvalues = 2077                                  
# units = specified
# name 0 = scan: Scan Count
# name 1 = timeJ: Julian Days
# name 2 = latitude: Latitude [deg]
# name 3 = longitude: Longitude [deg]
# name 4 = dz/dtM: Descent Rate [m/s]
# name 5 = avgsvCM: Average Sound Velocity [Chen-Millero, m/s]
# name 6 = prDM: Pressure, Digiquartz [db]
# name 7 = depSM: Depth [salt water, m]
# name 8 = t090C: Temperature [ITS-90, deg C]
# name 9 = t190C: Temperature, 2 [ITS-90, deg C]
# name 10 = T2-T190C: Temperature Difference, 2 - 1 [ITS-90, deg C]
# name 11 = potemp090C: Potential Temperature [ITS-90, deg C]
# name 12 = potemp190C: Potential Temperature, 2 [ITS-90, deg C]
# name 13 = potemp90Cdiff: Potential Temperature, Diff, 2 - 1 [ITS-90, deg C]
# name 14 = c0S/m: Conductivity [S/m]
# name 15 = c1S/m: Conductivity, 2 [S/m]
# name 16 = C2-C1S/m: Conductivity Difference, 2 - 1 [S/m]
# name 17 = sal00: Salinity, Practical [PSU]
# name 18 = sal11: Salinity, Practical, 2 [PSU]
# name 19 = sbeox0ML/L: Oxygen, SBE 43 [ml/l]
# name 20 = sigma-é00: Density [sigma-theta, kg/m^3]
# name 21 = sigma-é11: Density, 2 [sigma-theta, kg/m^3]
# name 22 = sbox0Mm/Kg: Oxygen, SBE 43 [umol/kg]
# name 23 = oxsolMm/Kg: Oxygen Saturation, Garcia & Gordon [umol/kg]
# name 24 = oxsatMm/Kg: Oxygen Saturation, Weiss [umol/kg]
# name 25 = nbf: Bottles Fired
# name 26 = flag:  0.000e+00
# interval = seconds: 0.0416667
# start_time = Nov 05 2019 09:00:03 [NMEA time, header]
# bad_flag = -9.990e-29
*END*
[from data line 269]
      24272 309.386739  -62.30810  -58.54616     -0.051    1447.29      2.168      2.147    -0.8130    -0.8123     0.0007    -0.8131    -0.8124     0.0007   2.771442   2.771908   0.000466    34.1486    34.1542     7.6790    27.4561    27.4606    333.780  357.83314  359.47667          2  0.000e+00
      24273 309.386740  -62.30810  -58.54616     -0.053    1447.29      2.100      2.079    -0.8140    -0.8131     0.0008    -0.8140    -0.8132     0.0008   2.771353   2.771925   0.000573    34.1485    34.1554     7.6792    27.4561    27.4616    333.787  357.84230  359.48602          2  0.000e+00
      24274 309.386740  -62.30810  -58.54616     -0.053    1447.29      2.148      2.127    -0.8141    -0.8131     0.0010    -0.8142    -0.8131     0.0010   2.771353   2.771931   0.000578    34.1487    34.1553     7.6792    27.4562    27.4616    333.790  357.84348  359.48725          2  0.000e+00
      24275 309.386741  -62.30810  -58.54616     -0.056    1447.29      2.148      2.127    -0.8140    -0.8128     0.0011    -0.8140    -0.8129     0.0011   2.771365   2.772011   0.000647    34.1486    34.1561     7.6740    27.4562    27.4622    333.563  357.84192  359.48565          2  0.000e+00
      24276 309.386741  -62.30810  -58.54616     -0.058    1447.29      2.100      2.079    -0.8144    -0.8128     0.0016    -0.8145    -0.8129     0.0016   2.771383   2.771977   0.000594    34.1494    34.1557     7.6785    27.4568    27.4618    333.757  357.84408  359.48796          2  0.000e+00
      24277 309.386742  -62.30810  -58.54616     -0.057    1447.29      2.148      2.127    -0.8138    -0.8134     0.0004    -0.8139    -0.8135     0.0004   2.771389   2.771897   0.000508    34.1488    34.1553     7.6784    27.4563    27.4615    333.756  357.84028  359.48400          2  0.000e+00
      24278 309.386742  -62.30810  -58.54616     -0.059    1447.29      2.100      2.079    -0.8135    -0.8140    -0.0006    -0.8135    -0.8141    -0.0006   2.771430   2.771776   0.000346    34.1490    34.1544     7.6783    27.4565    27.4608    333.751  357.83640  359.48006          2  0.000e+00
      24279 309.386743  -62.30810  -58.54616     -0.057    1447.29      2.148      2.127    -0.8133    -0.8148    -0.0015    -0.8134    -0.8149    -0.0015   2.771442   2.771787   0.000345    34.1490    34.1554     7.6784    27.4564    27.4616    333.753  357.83493  359.47854          2  0.000e+00
      24280 309.386743  -62.30810  -58.54616     -0.061    1447.29      2.100      2.079    -0.8126    -0.8139    -0.0014    -0.8126    -0.8140    -0.0014   2.771460   2.771897   0.000436    34.1484    34.1558     7.6782    27.4559    27.4620    333.746  357.82941  359.47282          2  0.000e+00
      24281 309.386744  -62.30810  -58.54616     -0.061    1447.29      2.113      2.093    -0.8130    -0.8128     0.0002    -0.8131    -0.8129     0.0002   2.771430   2.772052   0.000621    34.1485    34.1567     7.6784    27.4560    27.4627    333.752  357.83350  359.47702          2  0.000e+00
      24282 309.386744  -62.30810  -58.54616     -0.065    1447.29      2.100      2.079    -0.8133    -0.8113     0.0020    -0.8134    -0.8113     0.0020   2.771454   2.772109   0.000655    34.1492    34.1557     7.6784    27.4566    27.4618    333.755  357.83439  359.47801          2  0.000e+00
      24283 309.386745  -62.30810  -58.54616     -0.065    1447.29      2.100      2.079    -0.8123    -0.8097     0.0025    -0.8123    -0.8098     0.0025   2.771544   2.772212   0.000668    34.1492    34.1554     7.6782    27.4565    27.4615    333.745  357.82438  359.46778          2  0.000e+00
      24284 309.386745  -62.30810  -58.54616     -0.064    1447.29      2.100      2.079    -0.8113    -0.8091     0.0022    -0.8114    -0.8092     0.0022   2.771592   2.772247   0.000655    34.1488    34.1552     7.6780    27.4562    27.4612    333.738  357.81671  359.45988          2  0.000e+00
      24285 309.386746  -62.30810  -58.54616     -0.067    1447.29      2.100      2.079    -0.8110    -0.8080     0.0030    -0.8111    -0.8081     0.0030   2.771640   2.772264   0.000624    34.1491    34.1542     7.6780    27.4564    27.4604    333.736  357.81305  359.45618          2  0.000e+00
      24286 309.386746  -62.30810  -58.54616     -0.066    1447.29      2.100      2.079    -0.8121    -0.8082     0.0039    -0.8121    -0.8083     0.0039   2.771592   2.772310   0.000718    34.1496    34.1550     7.6782    27.4569    27.4611    333.746  357.82146  359.46485          2  0.000e+00
      24287 309.386747  -62.30810  -58.54616     -0.072    1447.29      2.045      2.025    -0.8115    -0.8083     0.0032    -0.8116    -0.8084     0.0032   2.771670   2.772310   0.000640    34.1501    34.1552     7.6781    27.4572    27.4612    333.738  357.81474  359.45802          2  0.000e+00
      24288 309.386747  -62.30810  -58.54616     -0.070    1447.29      2.100      2.079    -0.8104    -0.8074     0.0030    -0.8105    -0.8075     0.0030   2.771741   2.772258   0.000517    34.1498    34.1534     7.6779    27.4569    27.4597    333.732  357.80515  359.44817          2  0.000e+00
      24289 309.386748  -62.30810  -58.54616     -0.072    1447.29      2.100      2.079    -0.8098    -0.8090     0.0008    -0.8098    -0.8090     0.0008   2.771795   2.772264   0.000469    34.1498    34.1552     7.6778    27.4569    27.4613    333.727  357.79907  359.44196          2  0.000e+00
      24290 309.386748  -62.30810  -58.54616     -0.072    1447.29      2.065      2.046    -0.8095    -0.8090     0.0005    -0.8095    -0.8090     0.0005   2.771807   2.772293   0.000486    34.1496    34.1556     7.6777    27.4568    27.4616    333.724  357.79673  359.43954          2  0.000e+00
      24291 309.386749  -62.30810  -58.54616     -0.072    1447.29      2.100      2.079    -0.8089    -0.8081     0.0008    -0.8089    -0.8082     0.0008   2.771849   2.772299   0.000450    34.1495    34.1547     7.6777    27.4567    27.4609    333.721  357.79153  359.43422          2  0.000e+00
      24292 309.386749  -62.30810  -58.54616     -0.072    1447.29      2.100      2.079    -0.8085    -0.8080     0.0005    -0.8086    -0.8081     0.0005   2.771939   2.772339   0.000400    34.1503    34.1552     7.6776    27.4573    27.4612    333.717  357.78592  359.42857          2  0.000e+00
      24293 309.386750  -62.30810  -58.54616     -0.072    1447.29      2.045      2.025    -0.8079    -0.8074     0.0005    -0.8080    -0.8075     0.0005   2.771998   2.772390   0.000392    34.1505    34.1552     7.6774    27.4574    27.4612    333.709  357.77952  359.42204          2  0.000e+00
      24294 309.386750  -62.30810  -58.54616     -0.075    1447.29      2.045      2.025    -0.8073    -0.8068     0.0005    -0.8074    -0.8069     0.0005   2.772016   2.772402   0.000386    34.1500    34.1547     7.6773    27.4570    27.4608    333.706  357.77518  359.41755          2  0.000e+00
      24295 309.386751  -62.30810  -58.54616     -0.074    1447.29      2.100      2.079    -0.8067    -0.8066     0.0000    -0.8067    -0.8067     0.0000   2.772016   2.772465   0.000449    34.1493    34.1553     7.6773    27.4564    27.4613    333.705  357.77125  359.41344          2  0.000e+00
      24296 309.386751  -62.30810  -58.54616     -0.073    1447.29      2.100      2.079    -0.8070    -0.8059     0.0011    -0.8070    -0.8059     0.0011   2.771963   2.772505   0.000543    34.1489    34.1550     7.6774    27.4561    27.4610    333.710  357.77513  359.41736          2  0.000e+00
      24297 309.386752  -62.30810  -58.54616     -0.072    1447.29      2.045      2.025    -0.8066    -0.8054     0.0012    -0.8066    -0.8055     0.0012   2.771921   2.772528   0.000608    34.1479    34.1548     7.6773    27.4552    27.4608    333.708  357.77407  359.41616          2  0.000e+00
      24298 309.386752  -62.30810  -58.54616     -0.070    1447.29      2.100      2.079    -0.8067    -0.8051     0.0016    -0.8067    -0.8052     0.0016   2.771951   2.772534   0.000584    34.1484    34.1545     7.6774    27.4557    27.4606    333.712  357.77376  359.41590          2  0.000e+00
      24299 309.386753  -62.30810  -58.54616     -0.070    1447.29      2.065      2.046    -0.8063    -0.8051     0.0012    -0.8064    -0.8052     0.0012   2.771986   2.772557   0.000571    34.1485    34.1548     7.6773    27.4557    27.4608    333.708  357.77013  359.41220          2  0.000e+00
      24300 309.386753  -62.30810  -58.54616     -0.071    1447.29      2.045      2.025    -0.8059    -0.8048     0.0011    -0.8060    -0.8048     0.0011   2.772034   2.772580   0.000546    34.1487    34.1548     7.6772    27.4559    27.4608    333.703  357.76571  359.40771          2  0.000e+00
      24301 309.386753  -62.30810  -58.54616     -0.069    1447.29      2.100      2.079    -0.8056    -0.8049     0.0007    -0.8057    -0.8050     0.0007   2.772082   2.772569   0.000486    34.1490    34.1548     7.6772    27.4561    27.4608    333.704  357.76216  359.40410          2  0.000e+00
      24302 309.386754  -62.30810  -58.54616     -0.068    1447.29      2.045      2.025    -0.8054    -0.8052     0.0002    -0.8055    -0.8053     0.0002   2.772118   2.772580   0.000462    34.1492    34.1553     7.6772    27.4563    27.4612    333.699  357.75923  359.40114          2  0.000e+00
      24303 309.386754  -62.30810  -58.54616     -0.071    1447.29      2.045      2.025    -0.8055    -0.8051     0.0004    -0.8055    -0.8052     0.0004   2.772100   2.772546   0.000446    34.1491    34.1547     7.6772    27.4562    27.4607    333.702  357.76028  359.40219          2  0.000e+00
      24304 309.386755  -62.30810  -58.54616     -0.068    1447.29      2.100      2.079    -0.8056    -0.8051     0.0005    -0.8057    -0.8052     0.0005   2.772136   2.772551   0.000415    34.1497    34.1547     7.6773    27.4567    27.4607    333.706  357.76010  359.40209          2  0.000e+00
      24305 309.386755  -62.30810  -58.54616     -0.067    1447.29      2.045      2.025    -0.8053    -0.8054    -0.0001    -0.8053    -0.8055    -0.0001   2.772148   2.772546   0.000398    34.1495    34.1551     7.6772    27.4565    27.4610    333.702  357.75736  359.39926          2  0.000e+00
      24306 309.386756  -62.30810  -58.54616     -0.063    1447.29      2.100      2.079    -0.8053    -0.8052     0.0000    -0.8053    -0.8053     0.0000   2.772130   2.772557   0.000427    34.1492    34.1550     7.6773    27.4563    27.4609    333.706  357.75814  359.40002          2  0.000e+00
      24307 309.386756  -62.30810  -58.54616     -0.062    1447.29      2.045      2.025    -0.8052    -0.8048     0.0004    -0.8052    -0.8048     0.0004   2.772082   2.772563   0.000481    34.1485    34.1546     7.6773    27.4557    27.4606    333.706  357.75913  359.40095          2  0.000e+00
      24308 309.386757  -62.30810  -58.54616     -0.057    1447.29      2.100      2.079    -0.8062    -0.8043     0.0019    -0.8063    -0.8044     0.0019   2.772028   2.772563   0.000534    34.1489    34.1540     7.6776    27.4561    27.4601    333.719  357.76787  359.40993          2  0.000e+00
      24309 309.386757  -62.30810  -58.54616     -0.057    1447.29      2.065      2.046    -0.8062    -0.8045     0.0017    -0.8063    -0.8045     0.0017   2.771998   2.772580   0.000582    34.1485    34.1544     7.6776    27.4558    27.4605    333.720  357.76895  359.41099          2  0.000e+00
      24310 309.386758  -62.30810  -58.54616     -0.056    1447.29      2.045      2.025    -0.8067    -0.8040     0.0027    -0.8067    -0.8041     0.0027   2.772010   2.772586   0.000575    34.1492    34.1540     7.6777    27.4563    27.4601    333.724  357.77138  359.41357          2  0.000e+00
      24311 309.386758  -62.30810  -58.54616     -0.052    1447.29      2.100      2.079    -0.8062    -0.8037     0.0025    -0.8063    -0.8038     0.0025   2.772040   2.772586   0.000546    34.1491    34.1536     7.6777    27.4562    27.4598    333.723  357.76741  359.40949          2  0.000e+00
      24312 309.386759  -62.30810  -58.54616     -0.049    1447.29      2.100      2.079    -0.8063    -0.8035     0.0028    -0.8064    -0.8036     0.0028   2.772022   2.772591   0.000569    34.1490    34.1535     7.6778    27.4561    27.4597    333.726  357.76883  359.41092          2  0.000e+00
      24313 309.386759  -62.30810  -58.54616     -0.047    1447.29      2.045      2.025    -0.8059    -0.8037     0.0022    -0.8060    -0.8038     0.0022   2.772040   2.772609   0.000568    34.1488    34.1540     7.6777    27.4559    27.4601    333.721  357.76549  359.40748          2  0.000e+00
      24314 309.386760  -62.30810  -58.54616     -0.047    1447.29      2.045      2.025    -0.8056    -0.8037     0.0019    -0.8057    -0.8038     0.0019   2.772064   2.772597   0.000533    34.1488    34.1538     7.6776    27.4559    27.4599    333.720  357.76274  359.40468          2  0.000e+00
      24315 309.386760  -62.30810  -58.54616     -0.043    1447.29      2.100      2.079    -0.8056    -0.8039     0.0017    -0.8056    -0.8039     0.0017   2.772088   2.772626   0.000538    34.1490    34.1543     7.6777    27.4561    27.4604    333.722  357.76156  359.40350          2  0.000e+00
      24316 309.386761  -62.30810  -58.54616     -0.040    1447.29      2.100      2.079    -0.8058    -0.8037     0.0020    -0.8058    -0.8038     0.0020   2.772058   2.772620   0.000562    34.1488    34.1541     7.6778    27.4560    27.4602    333.726  357.76380  359.40576          2  0.000e+00
      24317 309.386761  -62.30810  -58.54616     -0.039    1447.29      2.045      2.025    -0.8059    -0.8037     0.0022    -0.8060    -0.8038     0.0022   2.772064   2.772614   0.000550    34.1491    34.1541     7.6778    27.4562    27.4601    333.726  357.76457  359.40659          2  0.000e+00
      24318 309.386762  -62.30810  -58.54616     -0.037    1447.29      2.065      2.045    -0.8058    -0.8034     0.0024    -0.8058    -0.8035     0.0024   2.772112   2.772614   0.000502    34.1495    34.1537     7.6778    27.4566    27.4598    333.726  357.76169  359.40369          2  0.000e+00
      24319 309.386762  -62.30810  -58.54616     -0.033    1447.29      2.100      2.079    -0.8054    -0.8035     0.0019    -0.8055    -0.8036     0.0019   2.772124   2.772597   0.000473    34.1493    34.1536     7.6778    27.4563    27.4598    333.726  357.75910  359.40101          2  0.000e+00
      24320 309.386763  -62.30810  -58.54616     -0.029    1447.29      2.100      2.079    -0.8052    -0.8037     0.0015    -0.8052    -0.8038     0.0015   2.772142   2.772609   0.000467    34.1493    34.1539     7.6777    27.4563    27.4600    333.725  357.75695  359.39881          2  0.000e+00
      24321 309.386763  -62.30810  -58.54616     -0.027    1447.29      2.045      2.025    -0.8045    -0.8034     0.0011    -0.8046    -0.8035     0.0011   2.772172   2.772614   0.000443    34.1490    34.1537     7.6776    27.4561    27.4598    333.718  357.75169  359.39340          2  0.000e+00
      24322 309.386764  -62.30810  -58.54616     -0.025    1447.29      2.100      2.079    -0.8045    -0.8034     0.0011    -0.8045    -0.8035     0.0011   2.772196   2.772632   0.000436    34.1492    34.1539     7.6776    27.4562    27.4600    333.721  357.75051  359.39222          2  0.000e+00
      24323 309.386764  -62.30810  -58.54616     -0.020    1447.29      2.100      2.079    -0.8042    -0.8035     0.0007    -0.8043    -0.8036     0.0007   2.772220   2.772597   0.000378    34.1493    34.1536     7.6776    27.4563    27.4598    333.719  357.74813  359.38979          2  0.000e+00
      24324 309.386765  -62.30810  -58.54616     -0.019    1447.29      2.045      2.025    -0.8042    -0.8035     0.0007    -0.8043    -0.8036     0.0007   2.772208   2.772603   0.000395    34.1491    34.1537     7.6768    27.4562    27.4598    333.684  357.74849  359.39015          2  0.000e+00
