Pos-Processados/process_op38/operantar38_015.ros
* Sea-Bird SBE 9 Data File:
* FileName = D:\OPERANTAR_XXXVIII\DADOS\OP38_015.hdr
* Software Version Seasave V 7.18c
* Temperature SN = 4808
* Conductivity SN = 3380
* Number of Bytes Per Scan = 34
* Number of Voltage Words = 3
* Number of Scans Averaged by the Deck Unit = 1
* NMEA Latitude = 62 18.48 S
* NMEA Longitude = 058 32.77 W
* NMEA UTC (Time) = Nov 05 2019 09:00:03
** H41
** NAVIO POLAR ALMIRANTE MAXIMIANO
** CRUZEIRO:
** OPERANTAR XXXVIII
** ESTAÇÃO: OP38_015
** LAT 62 18,48' S
** LONG 058 32,80' W
** 09P73767-1155_A
** PROFUNDIDADE: 353
** DATA/HORA: 050900Z/NOV/2019
** OPERADOR: SO-HN CHAVES
# nquan = 27
# nvalues = 2077                                  
# units = specified
# name 0 = scan: Scan Count
# name 1 = timeJ: Julian Days
# name 2 = latitude: Latitude [deg]
# name 3 = longitude: Longitude [deg]
# name 4 = dz/dtM: Descent Rate [m/s]
# name 5 = avgsvCM: Average Sound Velocity [Chen-Millero, m/s]
# name 6 = prDM: Pressure, Digiquartz [db]
# name 7 = depSM: Depth [salt water, m]
# name 8 = t090C: Temperature [ITS-90, deg C]
# name 9 = t190C: Temperature, 2 [ITS-90, deg C]
# name 10 = T2-T190C: Temperature Difference, 2 - 1 [ITS-90, deg C]
# name 11 = potemp090C: Potential Temperature [ITS-90, deg C]
# name 12 = potemp190C: Potential Temperature, 2 [ITS-90, deg C]
# name 13 = potemp90Cdiff: Potential Temperature, Diff, 2 - 1 [ITS-90, deg C]
# name 14 = c0S/m: Conductivity [S/m]
# name 15 = c1S/m: Conductivity, 2 [S/m]
# name 16 = C2-C1S/m: Conductivity Difference, 2 - 1 [S/m]
# name 17 = sal00: Salinity, Practical [PSU]
# name 18 = sal11: Salinity, Practical, 2 [PSU]
# name 19 = sbeox0ML/L: Oxygen, SBE 43 [ml/l]
# name 20 = sigma-é00: Density [sigma-theta, kg/m^3]
# name 21 = sigma-é11: Density, 2 [sigma-theta, kg/m^3]
# name 22 = sbox0Mm/Kg: Oxygen, SBE 43 [umol/kg]
# name 23 = oxsolMm/Kg: Oxygen Saturation, Garcia & Gordon [umol/kg]
# name 24 = oxsatMm/Kg: Oxygen Saturation, Weiss [umol/kg]
# name 25 = nbf: Bottles Fired
# name 26 = flag:  0.000e+00
# interval = seconds: 0.0416667
# start_time = Nov 05 2019 09:00:03 [NMEA time, header]
# bad_flag = -9.990e-29
*END*
[from data line 537]
      24540 309.386869  -62.30810  -58.54616      0.120    1447.29      2.298      2.276    -0.8062    -0.8063    -0.0001    -0.8063    -0.8064    -0.0001   2.772172   2.772609   0.000437    34.1507    34.1568     7.6768    27.4575    27.4625    333.684  357.76274  359.40491          4  0.000e+00
      24541 309.386869  -62.30810  -58.54616      0.125    1447.29      2.298      2.276    -0.8062    -0.8060     0.0002    -0.8063    -0.8061     0.0002   2.772196   2.772615   0.000419    34.1511    34.1565     7.6720    27.4578    27.4622    333.477  357.76183  359.40401          4  0.000e+00
      24542 309.386870  -62.30810  -58.54616      0.130    1447.29      2.298      2.276    -0.8064    -0.8056     0.0008    -0.8065    -0.8056     0.0008   2.772184   2.772597   0.000414    34.1511    34.1558     7.6718    27.4578    27.4616    333.465  357.76338  359.40561          4  0.000e+00
      24543 309.386870  -62.30810  -58.54616      0.137    1447.29      2.400      2.377    -0.8062    -0.8056     0.0006    -0.8063    -0.8057     0.0006   2.772196   2.772609   0.000413    34.1510    34.1560     7.6715    27.4578    27.4617    333.455  357.76201  359.40419          4  0.000e+00
      24544 309.386871  -62.30810  -58.54616      0.141    1447.29      2.298      2.276    -0.8064    -0.8054     0.0010    -0.8065    -0.8055     0.0010   2.772160   2.772615   0.000455    34.1508    34.1558     7.6764    27.4576    27.4616    333.666  357.76429  359.40650          4  0.000e+00
      24545 309.386871  -62.30810  -58.54616      0.145    1447.29      2.318      2.296    -0.8061    -0.8054     0.0007    -0.8062    -0.8055     0.0007   2.772190   2.772574   0.000385    34.1508    34.1553     7.6717    27.4576    27.4612    333.462  357.76136  359.40351          4  0.000e+00
      24546 309.386872  -62.30810  -58.54616      0.151    1447.29      2.352      2.330    -0.8060    -0.8057     0.0003    -0.8061    -0.8058     0.0003   2.772178   2.772580   0.000402    34.1506    34.1557     7.6715    27.4574    27.4615    333.454  357.76151  359.40363          4  0.000e+00
      24547 309.386872  -62.30810  -58.54616      0.154    1447.29      2.352      2.330    -0.8061    -0.8056     0.0005    -0.8062    -0.8056     0.0005   2.772196   2.772626   0.000430    34.1509    34.1561     7.6713    27.4577    27.4619    333.445  357.76119  359.40334          4  0.000e+00
      24548 309.386873  -62.30810  -58.54616      0.155    1447.29      2.352      2.330    -0.8062    -0.8060     0.0002    -0.8063    -0.8061     0.0002   2.772202   2.772638   0.000436    34.1511    34.1568     7.6704    27.4578    27.4624    333.403  357.76169  359.40388          4  0.000e+00
      24549 309.386873  -62.30810  -58.54616      0.159    1447.29      2.352      2.330    -0.8059    -0.8056     0.0004    -0.8060    -0.8056     0.0004   2.772238   2.772620   0.000383    34.1513    34.1560     7.6701    27.4580    27.4618    333.393  357.75850  359.40063          4  0.000e+00
      24550 309.386874  -62.30810  -58.54616      0.158    1447.29      2.298      2.276    -0.8059    -0.8059 3.2532e-07    -0.8059    -0.8059 3.0054e-07   2.772220   2.772632   0.000412    34.1510    34.1566     7.6751    27.4577    27.4623    333.610  357.75872  359.40083          4  0.000e+00
      24551 309.386874  -62.30810  -58.54616      0.164    1447.29      2.400      2.377    -0.8056    -0.8057    -0.0001    -0.8057    -0.8058    -0.0001   2.772202   2.772638   0.000436    34.1504    34.1564     7.6707    27.4573    27.4621    333.417  357.75812  359.40015          4  0.000e+00
      24552 309.386875  -62.30810  -58.54616      0.162    1447.29      2.352      2.330    -0.8056    -0.8052     0.0004    -0.8057    -0.8053     0.0004   2.772220   2.772643   0.000424    34.1507    34.1560     7.6749    27.4575    27.4618    333.600  357.75735  359.39939          4  0.000e+00
      24553 309.386875  -62.30810  -58.54616      0.163    1447.29      2.352      2.330    -0.8058    -0.8056     0.0002    -0.8058    -0.8056     0.0002   2.772250   2.772660   0.000411    34.1512    34.1566     7.6747    27.4579    27.4623    333.592  357.75694  359.39904          4  0.000e+00
      24554 309.386875  -62.30810  -58.54616      0.160    1447.29      2.352      2.330    -0.8056    -0.8057    -0.0001    -0.8057    -0.8058    -0.0001   2.772232   2.772649   0.000417    34.1509    34.1566     7.6753    27.4576    27.4623    333.619  357.75690  359.39895          4  0.000e+00
      24555 309.386876  -62.30810  -58.54616      0.161    1447.29      2.366      2.343    -0.8058    -0.8056     0.0002    -0.8058    -0.8056     0.0002   2.772208   2.772643   0.000436    34.1507    34.1563     7.6752    27.4575    27.4621    333.613  357.75856  359.40063          4  0.000e+00
      24556 309.386876  -62.30810  -58.54616      0.155    1447.29      2.352      2.330    -0.8056    -0.8056     0.0000    -0.8056    -0.8056     0.0000   2.772202   2.772638   0.000436    34.1504    34.1563     7.6697    27.4572    27.4620    333.376  357.75767  359.39968          4  0.000e+00
      24557 309.386877  -62.30810  -58.54616      0.156    1447.29      2.352      2.330    -0.8059    -0.8056     0.0004    -0.8060    -0.8056     0.0004   2.772220   2.772638   0.000418    34.1510    34.1563     7.6748    27.4578    27.4620    333.595  357.75918  359.40130          4  0.000e+00
      24558 309.386877  -62.30810  -58.54616      0.157    1447.29      2.400      2.377    -0.8059    -0.8059     0.0001    -0.8060    -0.8059     0.0001   2.772208   2.772643   0.000436    34.1508    34.1567     7.6702    27.4576    27.4623    333.398  357.75972  359.40183          4  0.000e+00
      24559 309.386878  -62.30810  -58.54616      0.154    1447.29      2.352      2.330    -0.8058    -0.8052     0.0005    -0.8058    -0.8053     0.0005   2.772220   2.772643   0.000424    34.1508    34.1560     7.6692    27.4576    27.4618    333.352  357.75808  359.40016          4  0.000e+00
      24560 309.386878  -62.30810  -58.54616      0.150    1447.29      2.352      2.330    -0.8058    -0.8052     0.0005    -0.8058    -0.8053     0.0005   2.772250   2.772638   0.000388    34.1512    34.1559     7.6741    27.4579    27.4617    333.568  357.75694  359.39904          4  0.000e+00
      24561 309.386879  -62.30810  -58.54616      0.146    1447.29      2.352      2.330    -0.8058    -0.8052     0.0005    -0.8058    -0.8053     0.0005   2.772232   2.772660   0.000429    34.1510    34.1562     7.6748    27.4577    27.4620    333.596  357.75763  359.39971          4  0.000e+00
      24562 309.386879  -62.30810  -58.54616      0.138    1447.29      2.352      2.330    -0.8058    -0.8054     0.0003    -0.8058    -0.8055     0.0003   2.772244   2.772672   0.000428    34.1511    34.1566     7.6702    27.4579    27.4622    333.397  357.75717  359.39926          4  0.000e+00
      24563 309.386880  -62.30810  -58.54616      0.132    1447.29      2.352      2.330    -0.8054    -0.8048     0.0006    -0.8055    -0.8049     0.0006   2.772238   2.772689   0.000452    34.1507    34.1561     7.6700    27.4575    27.4618    333.389  357.75521  359.39720          4  0.000e+00
      24564 309.386880  -62.30810  -58.54616      0.129    1447.29      2.352      2.330    -0.8053    -0.8045     0.0008    -0.8054    -0.8045     0.0008   2.772250   2.772695   0.000445    34.1507    34.1558     7.6699    27.4575    27.4616    333.384  357.75402  359.39598          4  0.000e+00
      24565 309.386881  -62.30810  -58.54616      0.123    1447.29      2.318      2.296    -0.8053    -0.8046     0.0007    -0.8054    -0.8047     0.0007   2.772273   2.772695   0.000421    34.1510    34.1560     7.6750    27.4578    27.4618    333.603  357.75305  359.39503          4  0.000e+00
      24566 309.386881  -62.30810  -58.54616      0.116    1447.29      2.352      2.330    -0.8051    -0.8045     0.0006    -0.8052    -0.8045     0.0006   2.772279   2.772672   0.000393    34.1509    34.1555     7.6757    27.4576    27.4613    333.634  357.75178  359.39372          4  0.000e+00
      24567 309.386882  -62.30810  -58.54616      0.112    1447.29      2.352      2.330    -0.8049    -0.8042     0.0007    -0.8049    -0.8042     0.0007   2.772297   2.772724   0.000426    34.1509    34.1559     7.6763    27.4576    27.4616    333.663  357.74963  359.39152          4  0.000e+00
      24568 309.386882  -62.30810  -58.54616      0.106    1447.29      2.352      2.330    -0.8047    -0.8039     0.0009    -0.8048    -0.8039     0.0009   2.772267   2.772729   0.000462    34.1503    34.1556     7.6770    27.4571    27.4614    333.694  357.74968  359.39149          4  0.000e+00
      24569 309.386883  -62.30810  -58.54616      0.094    1447.29      2.298      2.275    -0.8048    -0.8043     0.0005    -0.8049    -0.8044     0.0005   2.772273   2.772758   0.000485    34.1505    34.1566     7.6673    27.4573    27.4622    333.273  357.75008  359.39194          4  0.000e+00
      24570 309.386883  -62.30810  -58.54616      0.085    1447.29      2.298      2.275    -0.8047    -0.8032     0.0015    -0.8048    -0.8033     0.0015   2.772279   2.772752   0.000473    34.1505    34.1552     7.6665    27.4573    27.4611    333.238  357.74912  359.39095          4  0.000e+00
      24571 309.386884  -62.30810  -58.54616      0.081    1447.29      2.352      2.330    -0.8049    -0.8039     0.0010    -0.8049    -0.8039     0.0010   2.772262   2.772764   0.000502    34.1504    34.1561     7.6711    27.4572    27.4618    333.437  357.75100  359.39286          4  0.000e+00
      24572 309.386884  -62.30810  -58.54616      0.074    1447.29      2.298      2.275    -0.8046    -0.8032     0.0014    -0.8047    -0.8033     0.0014   2.772327   2.772752   0.000425    34.1511    34.1552     7.6711    27.4578    27.4611    333.434  357.74693  359.38878          4  0.000e+00
      24573 309.386885  -62.30810  -58.54616      0.063    1447.29      2.298      2.275    -0.8044    -0.8040     0.0004    -0.8045    -0.8041     0.0004   2.772321   2.772724   0.000402    34.1507    34.1557     7.6703    27.4575    27.4615    333.403  357.74570  359.38748          4  0.000e+00
      24574 309.386885  -62.30810  -58.54616      0.055    1447.29      2.298      2.275    -0.8039    -0.8031     0.0009    -0.8040    -0.8031     0.0009   2.772327   2.772735   0.000408    34.1503    34.1548     7.6696    27.4571    27.4607    333.370  357.74255  359.38420          4  0.000e+00
      24575 309.386886  -62.30810  -58.54616      0.049    1447.29      2.318      2.296    -0.8041    -0.8035     0.0005    -0.8041    -0.8036     0.0005   2.772297   2.772764   0.000466    34.1500    34.1557     7.6690    27.4569    27.4615    333.344  357.74445  359.38612          4  0.000e+00
      24576 309.386886  -62.30810  -58.54616      0.041    1447.29      2.298      2.275    -0.8042    -0.8032     0.0010    -0.8042    -0.8033     0.0010   2.772279   2.772752   0.000473    34.1499    34.1552     7.6683    27.4568    27.4611    333.315  357.74583  359.38751          4  0.000e+00
      24577 309.386887  -62.30810  -58.54616      0.029    1447.29      2.250      2.228    -0.8044    -0.8040     0.0004    -0.8045    -0.8041     0.0004   2.772297   2.772747   0.000449    34.1504    34.1561     7.6676    27.4572    27.4618    333.284  357.74653  359.38829          4  0.000e+00
      24578 309.386887  -62.30810  -58.54616      0.024    1447.29      2.298      2.275    -0.8044    -0.8031     0.0013    -0.8045    -0.8031     0.0013   2.772267   2.772747   0.000479    34.1500    34.1550     7.6678    27.4569    27.4609    333.293  357.74775  359.38949          4  0.000e+00
      24579 309.386888  -62.30810  -58.54616      0.015    1447.29      2.250      2.228    -0.8045    -0.8034     0.0011    -0.8045    -0.8035     0.0011   2.772273   2.772764   0.000490    34.1502    34.1556     7.6671    27.4570    27.4614    333.263  357.74781  359.38957          4  0.000e+00
      24580 309.386888  -62.30810  -58.54616      0.006    1447.29      2.298      2.275    -0.8044    -0.8037     0.0007    -0.8045    -0.8038     0.0007   2.772321   2.772752   0.000431    34.1507    34.1558     7.6673    27.4575    27.4615    333.270  357.74570  359.38748          4  0.000e+00
      24581 309.386889  -62.30810  -58.54616     -0.002    1447.29      2.250      2.228    -0.8038    -0.8031     0.0007    -0.8038    -0.8031     0.0007   2.772351   2.772764   0.000413    34.1504    34.1553     7.6673    27.4572    27.4611    333.270  357.74045  359.38208          4  0.000e+00
      24582 309.386889  -62.30810  -58.54616     -0.011    1447.29      2.250      2.228    -0.8035    -0.8035     0.0000    -0.8036    -0.8036     0.0000   2.772357   2.772752   0.000395    34.1502    34.1556     7.6675    27.4570    27.4614    333.278  357.73876  359.38033          4  0.000e+00
      24583 309.386889  -62.30810  -58.54616     -0.017    1447.29      2.250      2.228    -0.8033    -0.8032     0.0001    -0.8034    -0.8033     0.0001   2.772357   2.772729   0.000372    34.1500    34.1549     7.6677    27.4568    27.4608    333.288  357.73730  359.37880          4  0.000e+00
      24584 309.386890  -62.30810  -58.54616     -0.027    1447.29      2.215      2.194    -0.8035    -0.8039    -0.0004    -0.8035    -0.8039    -0.0004   2.772357   2.772758   0.000401    34.1502    34.1561     7.6680    27.4570    27.4618    333.300  357.73834  359.37989          4  0.000e+00
      24585 309.386890  -62.30810  -58.54616     -0.035    1447.29      2.250      2.228    -0.8033    -0.8034    -0.0001    -0.8034    -0.8035    -0.0001   2.772381   2.772775   0.000394    34.1503    34.1558     7.6683    27.4571    27.4615    333.314  357.73639  359.37790          4  0.000e+00
      24586 309.386891  -62.30810  -58.54616     -0.041    1447.29      2.250      2.228    -0.8035    -0.8035     0.0000    -0.8036    -0.8036     0.0000   2.772363   2.772729   0.000366    34.1503    34.1553     7.6679    27.4571    27.4611    333.296  357.73854  359.38010          4  0.000e+00
      24587 309.386891  -62.30810  -58.54616     -0.049    1447.29      2.195      2.174    -0.8036    -0.8037    -0.0001    -0.8037    -0.8038    -0.0001   2.772357   2.772718   0.000361    34.1503    34.1554     7.6682    27.4571    27.4612    333.310  357.73903  359.38061          4  0.000e+00
      24588 309.386892  -62.30810  -58.54616     -0.054    1447.29      2.250      2.228    -0.8036    -0.8042    -0.0006    -0.8037    -0.8042    -0.0006   2.772339   2.772758   0.000419    34.1501    34.1564     7.6687    27.4569    27.4620    333.330  357.73981  359.38138          4  0.000e+00
      24589 309.386892  -62.30810  -58.54616     -0.063    1447.29      2.195      2.174    -0.8037    -0.8037     0.0000    -0.8038    -0.8038     0.0000   2.772351   2.772770   0.000418    34.1504    34.1561     7.6690    27.4572    27.4618    333.346  357.73999  359.38160          4  0.000e+00
      24590 309.386893  -62.30810  -58.54616     -0.071    1447.29      2.195      2.174    -0.8038    -0.8033     0.0005    -0.8038    -0.8034     0.0005   2.772339   2.772770   0.000430    34.1503    34.1556     7.6687    27.4571    27.4614    333.331  357.74081  359.38243          4  0.000e+00
      24591 309.386893  -62.30810  -58.54616     -0.078    1447.29      2.195      2.174    -0.8036    -0.8032     0.0004    -0.8037    -0.8033     0.0004   2.772351   2.772793   0.000441    34.1503    34.1558     7.6683    27.4571    27.4616    333.314  357.73926  359.38084          4  0.000e+00
      24592 309.386894  -62.30810  -58.54616     -0.080    1447.29      2.195      2.174    -0.8034    -0.8037    -0.0003    -0.8035    -0.8038    -0.0003   2.772357   2.772758   0.000401    34.1502    34.1559     7.6679    27.4570    27.4616    333.297  357.73794  359.37947          4  0.000e+00
