Pos-Processados/process_op38/operantar38_020.cnv
* Sea-Bird SBE 9 Data File:
* FileName = D:\OPERANTAR_XXXVIII\DADOS\OP38_020.hdr
* Software Version Seasave V 7.18c
* Temperature SN = 4808
* Conductivity SN = 3380
* Number of Bytes Per Scan = 34
* Number of Voltage Words = 3
* Number of Scans Averaged by the Deck Unit = 1
* NMEA Latitude = 62 13.02 S
* NMEA Longitude = 058 20.27 W
* NMEA UTC (Time) = Nov 22 2019 12:22:40
** H41
** NAVIO POLAR ALMIRANTE MAXIMIANO
** CRUZEIRO:
** OPERANTAR XXXVIII
** ESTAÇÃO: OP38_020
** LAT 62 13,00'S
** LONG 058 20,28'W
** 09P73767-1155_A
** PROFUNDIDADE: 497
** DATA/HORA: 221223Z/NOV/2019
** OPERADOR: SO-HN CHAVES
# nquan = 32
# nvalues = 886                         
# units = specified
# name 0 = scan: Scan Count
# name 1 = timeJ: Julian Days
# name 2 = latitude: Latitude [deg]
# name 3 = longitude: Longitude [deg]
# name 4 = dz/dtM: Descent Rate [m/s]
# name 5 = avgsvCM: Average Sound Velocity [Chen-Millero, m/s]
# name 6 = prDM: Pressure, Digiquartz [db]
# name 7 = depSM: Depth [salt water, m]
# name 8 = t090C: Temperature [ITS-90, deg C]
# name 9 = t190C: Temperature, 2 [ITS-90, deg C]
# name 10 = T2-T190C: Temperature Difference, 2 - 1 [ITS-90, deg C]
# name 11 = potemp090C: Potential Temperature [ITS-90, deg C]
# name 12 = potemp190C: Potential Temperature, 2 [ITS-90, deg C]
# name 13 = potemp90Cdiff: Potential Temperature, Diff, 2 - 1 [ITS-90, deg C]
# name 14 = c0S/m: Conductivity [S/m]
# name 15 = c1S/m: Conductivity, 2 [S/m]
# name 16 = C2-C1S/m: Conductivity Difference, 2 - 1 [S/m]
# name 17 = sal00: Salinity, Practical [PSU]
# name 18 = sal11: Salinity, Practical, 2 [PSU]
# name 19 = sbeox0ML/L: Oxygen, SBE 43 [ml/l]
# name 20 = sbeox1ML/L: Oxygen, SBE 43, 2 [ml/l]
# name 21 = sbeox0ML/Ldiff: Oxygen, SBE 43, Diff, 2 - 1 [ml/l]
# name 22 = sigma-é00: Density [sigma-theta, kg/m^3]
# name 23 = sigma-é11: Density, 2 [sigma-theta, kg/m^3]
# name 24 = sal00: Salinity, Practical [PSU]
# name 25 = sigma-é00: Density [sigma-theta, kg/m^3]
# name 26 = svCM: Sound Velocity [Chen-Millero, m/s]
# name 27 = svCM1: Sound Velocity, 2 [Chen-Millero, m/s]
# name 28 = gsw_ptA0: potential temperature [ITS-90, deg C]
# name 29 = gsw_densityA0: density, TEOS-10 [density, kg/m^3]
# name 30 = gsw_saA0: Absolute Salinity [g/kg]
# name 31 = flag:
# span 0 =        689,      37614       
# span 1 = 326.516072, 326.533880       
# span 2 =  -62.21708,  -62.21704       
# span 3 =  -58.33800,  -58.33792       
# span 4 =     -1.061,      0.885       
# span 5 =       0.00,    1452.26       
# span 6 =      2.000,    445.000       
# span 7 =      1.975,    440.243       
# span 8 =    -0.6972,    -0.2017       
# span 9 =    -0.6968,    -0.2004       
# span 10 =    -0.0391,     0.0215      
# span 11 =    -0.7119,    -0.2155      
# span 12 =    -0.7115,    -0.2143      
# span 13 =    -0.0391,     0.0214      
# span 14 =   2.800177,   2.867241      
# span 15 =   2.799581,   2.867701      
# span 16 =  -0.004156,   0.002095      
# span 17 =    34.1702,    34.5184      
# span 18 =    34.1353,    34.5239      
# span 19 =     5.7709,     7.6480      
# span 20 =     4.8504,     7.3723      
# span 21 =    -2.6238,    -0.2079      
# span 22 =    27.4562,    27.7454      
# span 23 =    27.4306,    27.7497      
# span 24 =    34.1705,    34.5237      
# span 25 =    27.4562,    27.7449      
# span 26 =    1446.08,    1454.27      
# span 27 =    1446.12,    1454.28      
# span 28 =    -0.7117,    -0.2153      
# span 29 =  1027.4711,  1029.8714      
# span 30 =    34.3350,    34.6927      
# span 31 = 0.0000e+00, 0.0000e+00      
# interval = decibars: 1                
# start_time = Nov 22 2019 12:22:40 [NMEA time, header]
# bad_flag = -9.990e-29
*END*
[from data line 816]
      32834 326.531574  -62.21706  -58.33794     -0.788    1449.76     72.000     71.301    -0.5056    -0.5106    -0.0050    -0.5078    -0.5128    -0.0050   2.802744   2.799695  -0.003053    34.1805    34.1451     7.5047     5.1396    -2.3650    27.4690    27.4406    34.1806    27.4691    1446.87    1446.80    -0.5077  1027.8182    34.3460 0.0000e+00
      32867 326.531591  -62.21706  -58.33794     -0.724    1449.76     71.000     70.302    -0.5050    -0.5098    -0.0048    -0.5072    -0.5120    -0.0048   2.802728   2.799581  -0.003157    34.1804    34.1433     7.5055     5.1536    -2.3519    27.4689    27.4391    34.1804    27.4689    1446.86    1446.78    -0.5071  1027.8133    34.3458 0.0000e+00
      32905 326.531609  -62.21706  -58.33794     -0.649    1449.76     70.000     69.316    -0.5034    -0.5090    -0.0056    -0.5055    -0.5112    -0.0056   2.802819   2.799641  -0.003176    34.1801    34.1438     7.5039     5.1753    -2.3286    27.4686    27.4394    34.1804    27.4688    1446.85    1446.77    -0.5055  1027.8084    34.3457 0.0000e+00
      32943 326.531627  -62.21706  -58.33794     -0.619    1449.76     69.000     68.326    -0.4998    -0.5079    -0.0080    -0.5019    -0.5100    -0.0080   2.803022   2.799637  -0.003376    34.1794    34.1431     7.5058     5.2085    -2.2973    27.4679    27.4389    34.1798    27.4681    1446.85    1446.76    -0.5019  1027.8029    34.3451 0.0000e+00
      32979 326.531645  -62.21706  -58.33794     -0.662    1449.76     68.000     67.336    -0.4984    -0.5064    -0.0080    -0.5005    -0.5085    -0.0080   2.803074   2.799796  -0.003292    34.1792    34.1440     7.5101     5.2385    -2.2717    27.4676    27.4395    34.1795    27.4679    1446.84    1446.75    -0.5004  1027.7978    34.3448 0.0000e+00
      33015 326.531662  -62.21706  -58.33794     -0.672    1449.76     67.000     66.346    -0.4973    -0.5050    -0.0077    -0.4993    -0.5070    -0.0077   2.803094   2.800155  -0.002960    34.1789    34.1477     7.5034     5.2738    -2.2297    27.4673    27.4425    34.1791    27.4675    1446.82    1446.75    -0.4993  1027.7927    34.3443 0.0000e+00
      33052 326.531680  -62.21706  -58.33794     -0.658    1449.76     66.000     65.356    -0.4965    -0.5035    -0.0069    -0.4986    -0.5055    -0.0069   2.803095   2.800323  -0.002781    34.1787    34.1491     7.5060     5.3243    -2.1817    27.4671    27.4435    34.1789    27.4673    1446.81    1446.74    -0.4985  1027.7877    34.3442 0.0000e+00
      33089 326.531697  -62.21706  -58.33794     -0.650    1449.76     65.000     64.366    -0.4958    -0.5023    -0.0065    -0.4977    -0.5042    -0.0065   2.803101   2.800607  -0.002514    34.1785    34.1520     7.5142     5.3666    -2.1476    27.4669    27.4458    34.1787    27.4671    1446.80    1446.73    -0.4977  1027.7827    34.3440 0.0000e+00
      33126 326.531715  -62.21706  -58.33794     -0.643    1449.76     64.000     63.378    -0.4951    -0.5010    -0.0059    -0.4971    -0.5030    -0.0059   2.803101   2.800937  -0.002178    34.1784    34.1558     7.5157     5.4169    -2.0988    27.4669    27.4488    34.1786    27.4670    1446.79    1446.73    -0.4970  1027.7778    34.3439 0.0000e+00
      33164 326.531734  -62.21706  -58.33794     -0.638    1449.76     63.000     62.384    -0.4948    -0.4999    -0.0051    -0.4968    -0.5019    -0.0051   2.803077   2.801126  -0.001962    34.1784    34.1578     7.5176     5.4465    -2.0710    27.4668    27.4504    34.1785    27.4669    1446.77    1446.72    -0.4967  1027.7730    34.3438 0.0000e+00
      33201 326.531751  -62.21706  -58.33794     -0.648    1449.76     62.000     61.396    -0.4932    -0.4989    -0.0058    -0.4951    -0.5008    -0.0058   2.803163   2.801214  -0.001950    34.1782    34.1585     7.5140     5.4733    -2.0407    27.4666    27.4509    34.1784    27.4668    1446.76    1446.71    -0.4950  1027.7680    34.3437 0.0000e+00
      33240 326.531770  -62.21706  -58.33794     -0.619    1449.76     61.000     60.406    -0.4914    -0.4977    -0.0063    -0.4933    -0.4996    -0.0063   2.803250   2.801316  -0.001930    34.1779    34.1591     7.5144     5.4871    -2.0273    27.4663    27.4513    34.1783    27.4665    1446.75    1446.70    -0.4932  1027.7630    34.3435 0.0000e+00
      33281 326.531790  -62.21706  -58.33794     -0.584    1449.76     60.000     59.415    -0.4881    -0.4958    -0.0077    -0.4900    -0.4977    -0.0077   2.803454   2.801386  -0.002060    34.1776    34.1585     7.5211     5.4940    -2.0271    27.4658    27.4508    34.1779    27.4661    1446.75    1446.69    -0.4899  1027.7578    34.3431 0.0000e+00
      33318 326.531808  -62.21706  -58.33794     -0.633    1449.76     59.000     58.425    -0.4820    -0.4938    -0.0118    -0.4838    -0.4956    -0.0118   2.803926   2.801442  -0.002446    34.1772    34.1576     7.5256     5.4929    -2.0328    27.4652    27.4499    34.1780    27.4659    1446.77    1446.68    -0.4838  1027.7528    34.3432 0.0000e+00
      33356 326.531827  -62.21706  -58.33794     -0.635    1449.76     58.000     57.435    -0.4740    -0.4901    -0.0161    -0.4758    -0.4918    -0.0160   2.804481   2.801495  -0.002946    34.1761    34.1547     7.5286     5.4867    -2.0419    27.4641    27.4474    34.1770    27.4648    1446.79    1446.68    -0.4757  1027.7468    34.3422 0.0000e+00
      33398 326.531847  -62.21706  -58.33795     -0.579    1449.76     57.000     56.445    -0.4688    -0.4850    -0.0162    -0.4705    -0.4868    -0.0162   2.804818   2.801545  -0.003251    34.1755    34.1501     7.5353     5.4767    -2.0586    27.4633    27.4435    34.1762    27.4639    1446.79    1446.68    -0.4705  1027.7412    34.3414 0.0000e+00
      33439 326.531866  -62.21706  -58.33796     -0.583    1449.76     56.000     55.455    -0.4667    -0.4809    -0.0142    -0.4684    -0.4826    -0.0142   2.804942   2.801589  -0.003332    34.1755    34.1466     7.5450     5.4685    -2.0765    27.4632    27.4405    34.1762    27.4638    1446.79    1446.68    -0.4684  1027.7363    34.3414 0.0000e+00
      33479 326.531885  -62.21706  -58.33796     -0.607    1449.76     55.000     54.465    -0.4599    -0.4769    -0.0171    -0.4616    -0.4786    -0.0171   2.805427   2.801647  -0.003751    34.1747    34.1436     7.5504     5.4574    -2.0929    27.4623    27.4378    34.1756    27.4630    1446.80    1446.68    -0.4615  1027.7307    34.3408 0.0000e+00
      33520 326.531905  -62.21706  -58.33796     -0.588    1449.76     54.000     53.474    -0.4547    -0.4720    -0.0173    -0.4563    -0.4736    -0.0173   2.805755   2.801714  -0.004029    34.1740    34.1394     7.5560     5.4484    -2.1077    27.4615    27.4343    34.1748    27.4621    1446.81    1446.68    -0.4563  1027.7250    34.3399 0.0000e+00
      33562 326.531925  -62.21706  -58.33794     -0.567    1449.76     53.000     52.485    -0.4537    -0.4677    -0.0140    -0.4554    -0.4693    -0.0140   2.805765   2.801807  -0.003966    34.1740    34.1364     7.5576     5.4352    -2.1224    27.4614    27.4317    34.1745    27.4618    1446.80    1446.68    -0.4553  1027.7199    34.3396 0.0000e+00
      33601 326.531945  -62.21706  -58.33794     -0.604    1449.76     52.000     51.494    -0.4548    -0.4649    -0.0101    -0.4564    -0.4665    -0.0101   2.805631   2.801909  -0.003741    34.1742    34.1353     7.5676     5.4262    -2.1414    27.4616    27.4306    34.1745    27.4618    1446.77    1446.67    -0.4564  1027.7152    34.3396 0.0000e+00
      33639 326.531963  -62.21706  -58.33795     -0.633    1449.76     51.000     50.504    -0.4555    -0.4631    -0.0075    -0.4571    -0.4646    -0.0075   2.805525   2.802019  -0.003527    34.1743    34.1354     7.5703     5.4177    -2.1526    27.4617    27.4306    34.1745    27.4619    1446.75    1446.67    -0.4570  1027.7105    34.3397 0.0000e+00
      33679 326.531982  -62.21706  -58.33796     -0.601    1449.76     50.000     49.518    -0.4550    -0.4615    -0.0065    -0.4566    -0.4630    -0.0065   2.805525   2.802161  -0.003384    34.1743    34.1362     7.5725     5.4125    -2.1601    27.4617    27.4311    34.1746    27.4619    1446.74    1446.66    -0.4565  1027.7057    34.3397 0.0000e+00
      33723 326.532003  -62.21706  -58.33796     -0.550    1449.76     49.000     48.522    -0.4544    -0.4601    -0.0058    -0.4559    -0.4616    -0.0057   2.805530   2.802342  -0.003208    34.1743    34.1377     7.5649     5.4098    -2.1551    27.4617    27.4323    34.1745    27.4619    1446.73    1446.65    -0.4559  1027.7008    34.3396 0.0000e+00
      33766 326.532024  -62.21706  -58.33796     -0.558    1449.76     48.000     47.535    -0.4536    -0.4590    -0.0053    -0.4551    -0.4604    -0.0053   2.805543   2.802527  -0.003031    34.1743    34.1395     7.5632     5.4107    -2.1525    27.4616    27.4337    34.1745    27.4618    1446.71    1446.64    -0.4551  1027.6960    34.3396 0.0000e+00
      33806 326.532043  -62.21706  -58.33796     -0.603    1449.76     47.000     46.540    -0.4526    -0.4579    -0.0053    -0.4540    -0.4593    -0.0053   2.805569   2.802695  -0.002892    34.1741    34.1412     7.5653     5.4146    -2.1507    27.4614    27.4350    34.1742    27.4615    1446.70    1446.63    -0.4540  1027.6909    34.3393 0.0000e+00
      33848 326.532064  -62.21706  -58.33796     -0.572    1449.76     46.000     45.553    -0.4532    -0.4569    -0.0036    -0.4547    -0.4583    -0.0036   2.805465   2.802861  -0.002625    34.1742    34.1430     7.5689     5.4151    -2.1538    27.4615    27.4364    34.1742    27.4615    1446.68    1446.63    -0.4546  1027.6862    34.3393 0.0000e+00
      33901 326.532089  -62.21706  -58.33796     -0.451    1449.76     45.000     44.565    -0.4538    -0.4562    -0.0024    -0.4552    -0.4575    -0.0024   2.805385   2.803060  -0.002342    34.1743    34.1455     7.5706     5.4138    -2.1568    27.4617    27.4385    34.1744    27.4617    1446.66    1446.62    -0.4552  1027.6816    34.3395 0.0000e+00
      33954 326.532115  -62.21706  -58.33796     -0.449    1449.76     44.000     43.571    -0.4534    -0.4556    -0.0023    -0.4548    -0.4570    -0.0023   2.805367   2.803237  -0.002143    34.1743    34.1480     7.5649     5.4156    -2.1494    27.4616    27.4404    34.1743    27.4616    1446.65    1446.61    -0.4547  1027.6767    34.3394 0.0000e+00
      34003 326.532138  -62.21706  -58.33796     -0.489    1449.76     43.000     42.582    -0.4536    -0.4552    -0.0017    -0.4549    -0.4566    -0.0017   2.805300   2.803388  -0.001928    34.1742    34.1502     7.5683     5.4154    -2.1529    27.4615    27.4422    34.1742    27.4615    1446.63    1446.59    -0.4549  1027.6718    34.3392 0.0000e+00
      34063 326.532167  -62.21706  -58.33796     -0.392    1449.76     42.000     41.593    -0.4532    -0.4551    -0.0020    -0.4544    -0.4564    -0.0020   2.805291   2.803573  -0.001726    34.1742    34.1532     7.5733     5.4190    -2.1543    27.4615    27.4447    34.1743    27.4616    1446.62    1446.58    -0.4544  1027.6670    34.3393 0.0000e+00
      34121 326.532195  -62.21706  -58.33796     -0.422    1449.76     41.000     40.602    -0.4529    -0.4547    -0.0018    -0.4542    -0.4560    -0.0018   2.805259   2.803736  -0.001533    34.1742    34.1556     7.5755     5.4239    -2.1517    27.4615    27.4465    34.1742    27.4615    1446.60    1446.57    -0.4541  1027.6621    34.3392 0.0000e+00
      34176 326.532222  -62.21706  -58.33796     -0.432    1449.76     40.000     39.612    -0.4527    -0.4544    -0.0017    -0.4539    -0.4556    -0.0017   2.805237   2.803872  -0.001373    34.1742    34.1577     7.5734     5.4268    -2.1465    27.4615    27.4482    34.1742    27.4615    1446.59    1446.56    -0.4539  1027.6574    34.3392 0.0000e+00
      34234 326.532250  -62.21706  -58.33796     -0.414    1449.76     39.000     38.627    -0.4514    -0.4541    -0.0027    -0.4526    -0.4553    -0.0027   2.805296   2.803984  -0.001311    34.1741    34.1595     7.5816     5.4330    -2.1485    27.4613    27.4497    34.1742    27.4614    1446.58    1446.55    -0.4526  1027.6525    34.3391 0.0000e+00
      34297 326.532280  -62.21706  -58.33796     -0.373    1449.76     38.000     37.629    -0.4509    -0.4535    -0.0025    -0.4521    -0.4546    -0.0025   2.805273   2.804095  -0.001184    34.1739    34.1609     7.5747     5.4349    -2.1399    27.4612    27.4508    34.1740    27.4612    1446.56    1446.54    -0.4520  1027.6475    34.3389 0.0000e+00
      34355 326.532308  -62.21706  -58.33796     -0.426    1449.76     37.000     36.642    -0.4508    -0.4529    -0.0021    -0.4519    -0.4540    -0.0021   2.805242   2.804173  -0.001072    34.1739    34.1619     7.5824     5.4388    -2.1436    27.4612    27.4516    34.1740    27.4612    1446.55    1446.52    -0.4519  1027.6427    34.3389 0.0000e+00
      34409 326.532334  -62.21706  -58.33796     -0.449    1449.76     36.000     35.653    -0.4503    -0.4525    -0.0022    -0.4514    -0.4536    -0.0022   2.805235   2.804238  -0.000999    34.1739    34.1630     7.5836     5.4316    -2.1520    27.4612    27.4524    34.1740    27.4612    1446.53    1446.51    -0.4514  1027.6379    34.3389 0.0000e+00
      34477 326.532367  -62.21708  -58.33796     -0.335    1449.76     35.000     34.660    -0.4503    -0.4520    -0.0017    -0.4513    -0.4530    -0.0017   2.805187   2.804334  -0.000858    34.1739    34.1643     7.5826     5.4343    -2.1483    27.4611    27.4535    34.1739    27.4612    1446.52    1446.50    -0.4513  1027.6331    34.3389 0.0000e+00
      34538 326.532396  -62.21708  -58.33796     -0.410    1449.76     34.000     33.671    -0.4497    -0.4515    -0.0018    -0.4507    -0.4526    -0.0018   2.805187   2.804426  -0.000764    34.1738    34.1656     7.5814     5.4355    -2.1458    27.4611    27.4545    34.1739    27.4611    1446.51    1446.49    -0.4507  1027.6282    34.3388 0.0000e+00
      34597 326.532425  -62.21706  -58.33796     -0.405    1449.76     33.000     32.682    -0.4491    -0.4511    -0.0021    -0.4501    -0.4522    -0.0021   2.805186   2.804493  -0.000696    34.1738    34.1668     7.5824     5.4403    -2.1421    27.4610    27.4554    34.1738    27.4610    1446.49    1446.47    -0.4501  1027.6213    34.3361 0.0000e+00
      34654 326.532452  -62.21708  -58.33796     -0.417    1449.76     32.000     31.690    -0.4486    -0.4506    -0.0020    -0.4496    -0.4516    -0.0020   2.805172   2.804538  -0.000636    34.1737    34.1674     7.5904     5.4531    -2.1373    27.4609    27.4559    34.1737    27.4609    1446.48    1446.46    -0.4496  1027.6155    34.3350 0.0000e+00
      34723 326.532486  -62.21708  -58.33796     -0.334    1449.76     31.000     30.700    -0.4485    -0.4500    -0.0015    -0.4494    -0.4510    -0.0015   2.805147   2.804567  -0.000580    34.1738    34.1677     7.5903     5.4639    -2.1264    27.4610    27.4561    34.1738    27.4610    1446.46    1446.45    -0.4494  1027.6138    34.3388 0.0000e+00
      34782 326.532514  -62.21708  -58.33796     -0.425    1449.76     30.000     29.710    -0.4477    -0.4495    -0.0018    -0.4486    -0.4504    -0.0018   2.805158   2.804532  -0.000623    34.1736    34.1673     7.5919     5.4585    -2.1335    27.4608    27.4558    34.1737    27.4609    1446.45    1446.43    -0.4486  1027.6088    34.3386 0.0000e+00
      34841 326.532542  -62.21708  -58.33796     -0.398    1449.76     29.000     28.720    -0.4478    -0.4491    -0.0013    -0.4487    -0.4500    -0.0013   2.805103   2.804472  -0.000631    34.1737    34.1667     7.5890     5.4386    -2.1503    27.4609    27.4552    34.1738    27.4609    1446.43    1446.42    -0.4487  1027.6041    34.3386 0.0000e+00
      34915 326.532578  -62.21708  -58.33796     -0.314    1449.76     28.000     27.729    -0.4467    -0.4489    -0.0023    -0.4475    -0.4498    -0.0023   2.805139   2.804427  -0.000709    34.1735    34.1665     7.5837     5.3919    -2.1918    27.4606    27.4551    34.1736    27.4607    1446.42    1446.40    -0.4475  1027.5991    34.3384 0.0000e+00
