Pos-Processados/process_op38/operantar38_014.cnv
* Sea-Bird SBE 9 Data File:
* FileName = D:\OPERANTAR_XXXVIII\DADOS\OP38_014.hdr
* Software Version Seasave V 7.18c
* Temperature SN = 4808
* Conductivity SN = 3380
* Number of Bytes Per Scan = 34
* Number of Voltage Words = 3
* Number of Scans Averaged by the Deck Unit = 1
* NMEA Latitude = 62 11.37 S
* NMEA Longitude = 058 03.45 W
* NMEA UTC (Time) = Nov 05 2019 06:03:04
** H41
** NAVIO POLAR ALMIRANTE MAXIMIANO
** CRUZEIRO:
** OPERANTAR XXXVIII
** ESTAÇÃO: OP38_014
** LAT 62 11,38' S
** LONG 058 03,41' W
** 09P73767-1155_A
** PROFUNDIDADE: 480
** DATA/HORA: 050604Z/NOV/2019
** OPERADOR: SO-HN CHAVES
# nquan = 33
# nvalues = 815                         
# units = specified
# name 0 = scan: Scan Count
# name 1 = timeJ: Julian Days
# name 2 = latitude: Latitude [deg]
# name 3 = longitude: Longitude [deg]
# name 4 = dz/dtM: Descent Rate [m/s]
# name 5 = avgsvCM: Average Sound Velocity [Chen-Millero, m/s]
# name 6 = prDM: Pressure, Digiquartz [db]
# name 7 = depSM: Depth [salt water, m]
# name 8 = t090C: Temperature [ITS-90, deg C]
# name 9 = t190C: Temperature, 2 [ITS-90, deg C]
# name 10 = T2-T190C: Temperature Difference, 2 - 1 [ITS-90, deg C]
# name 11 = potemp090C: Potential Temperature [ITS-90, deg C]
# name 12 = potemp190C: Potential Temperature, 2 [ITS-90, deg C]
# name 13 = potemp90Cdiff: Potential Temperature, Diff, 2 - 1 [ITS-90, deg C]
# name 14 = c0S/m: Conductivity [S/m]
# name 15 = c1S/m: Conductivity, 2 [S/m]
# name 16 = C2-C1S/m: Conductivity Difference, 2 - 1 [S/m]
# name 17 = sal00: Salinity, Practical [PSU]
# name 18 = sal11: Salinity, Practical, 2 [PSU]
# name 19 = sbeox0ML/L: Oxygen, SBE 43 [ml/l]
# name 20 = sigma-é00: Density [sigma-theta, kg/m^3]
# name 21 = sigma-é11: Density, 2 [sigma-theta, kg/m^3]
# name 22 = sbox0Mm/Kg: Oxygen, SBE 43 [umol/kg]
# name 23 = oxsolMm/Kg: Oxygen Saturation, Garcia & Gordon [umol/kg]
# name 24 = oxsatMm/Kg: Oxygen Saturation, Weiss [umol/kg]
# name 25 = sal00: Salinity, Practical [PSU]
# name 26 = sigma-é00: Density [sigma-theta, kg/m^3]
# name 27 = svCM: Sound Velocity [Chen-Millero, m/s]
# name 28 = svCM1: Sound Velocity, 2 [Chen-Millero, m/s]
# name 29 = gsw_ptA0: potential temperature [ITS-90, deg C]
# name 30 = gsw_densityA0: density, TEOS-10 [density, kg/m^3]
# name 31 = gsw_saA0: Absolute Salinity [g/kg]
# name 32 = flag:
# span 0 =       2185,      28732       
# span 1 = 309.253183, 309.265985       
# span 2 =  -62.18964,  -62.18960       
# span 3 =  -58.05758,  -58.05752       
# span 4 =     -1.429,      1.554       
# span 5 =       0.00,    1448.27       
# span 6 =      1.000,    408.000       
# span 7 =      0.983,    403.687       
# span 8 =    -0.9709,    -0.4058       
# span 9 =    -0.9709,    -0.4078       
# span 10 =    -0.0113,     0.0434      
# span 11 =    -0.9733,    -0.4179      
# span 12 =    -0.9733,    -0.4199      
# span 13 =    -0.0113,     0.0434      
# span 14 =   2.766477,   2.844366      
# span 15 =   2.766943,   2.844664      
# span 16 =  -0.000648,   0.003753      
# span 17 =    34.1502,    34.4896      
# span 18 =    34.1574,    34.4948      
# span 19 =     6.0019,     7.6921      
# span 20 =    27.4565,    27.7183      
# span 21 =    27.4607,    27.7225      
# span 22 =    260.818,    334.346      
# span 23 =  353.15751,  359.07497      
# span 24 =  354.73071,  360.75828      
# span 25 =    34.1465,    34.4897      
# span 26 =    27.4540,    27.7184      
# span 27 =    1444.16,    1452.90      
# span 28 =    1444.17,    1452.92      
# span 29 =    -0.9732,    -0.4176      
# span 30 =  1027.4664,  1029.6667      
# span 31 =    34.3113,    34.6584      
# span 32 = 0.0000e+00, 0.0000e+00      
# interval = decibars: 1                
# start_time = Nov 05 2019 06:03:04 [NMEA time, header]
# bad_flag = -9.990e-29
*END*
[from data line 88]
       5103 309.254590  -62.18960  -58.05754      1.147    1444.63     89.000     88.127    -0.9628    -0.9626     0.0001    -0.9651    -0.9650     0.0001   2.769167   2.769584   0.000428    34.2342    34.2400     7.3194    27.5314    27.5360    318.127  359.01530  360.69643    34.2336    27.5309    1445.07    1445.09    -0.9651  1027.9601    34.3959 0.0000e+00
       5124 309.254600 -9.990e-29  -58.05754      1.142    1444.63     90.000     89.117    -0.9625    -0.9627    -0.0002    -0.9649    -0.9652    -0.0002   2.769294   2.769698   0.000402    34.2348    34.2406     7.3203    27.5319    27.5366    318.163  359.01140  360.69250    34.2344    27.5315    1445.10    1445.10    -0.9648  1027.9648    34.3958 0.0000e+00
       5146 309.254611 -9.990e-29  -58.05754      1.113    1444.63     91.000     90.107    -0.9644    -0.9645    -0.0001    -0.9668    -0.9669    -0.0001   2.769242   2.769657   0.000413    34.2360    34.2417     7.3186    27.5329    27.5376    318.090  359.02587  360.70745    34.2351    27.5322    1445.10    1445.11    -0.9668  1027.9703    34.3966 0.0000e+00
       5169 309.254622 -9.990e-29  -58.05754      1.069    1444.63     92.000     91.097    -0.9697    -0.9698    -0.0001    -0.9722    -0.9722    -0.0001   2.769136   2.769558   0.000423    34.2397    34.2455     7.3120    27.5362    27.5409    317.803  359.06621  360.74917    34.2391    27.5357    1445.10    1445.11    -0.9721  1027.9785    34.4006 0.0000e+00
       5194 309.254634  -62.18962  -58.05752      1.003    1444.63     93.000     92.086    -0.9674    -0.9679    -0.0004    -0.9699    -0.9704    -0.0004   2.769552   2.769930   0.000379    34.2418    34.2474     7.3064    27.5377    27.5423    317.559  359.03896  360.72155    34.2416    27.5376    1445.13    1445.14    -0.9698  1027.9867    34.4049 0.0000e+00
       5219 309.254646  -62.18962  -58.05752      0.963    1444.63     94.000     93.077    -0.9645    -0.9648    -0.0003    -0.9671    -0.9673    -0.0003   2.769918   2.770319   0.000401    34.2428    34.2485     7.3017    27.5384    27.5431    317.354  359.00825  360.69025    34.2427    27.5384    1445.16    1445.17    -0.9670  1027.9945    34.4088 0.0000e+00
       5243 309.254657  -62.18962  -58.05752      0.984    1444.63     95.000     94.067    -0.9640    -0.9644    -0.0004    -0.9666    -0.9669    -0.0004   2.770062   2.770464   0.000403    34.2437    34.2496     7.2950    27.5391    27.5439    317.063  359.00068  360.68262    34.2434    27.5389    1445.18    1445.19    -0.9665  1027.9999    34.4095 0.0000e+00
       5265 309.254668  -62.18962  -58.05754      1.038    1444.63     96.000     95.057    -0.9647    -0.9646     0.0002    -0.9673    -0.9672     0.0002   2.770052   2.770493   0.000436    34.2439    34.2497     7.2821    27.5394    27.5440    316.504  359.00719  360.68930    34.2435    27.5390    1445.19    1445.20    -0.9672  1028.0047    34.4096 0.0000e+00
       5286 309.254678  -62.18962  -58.05754      1.094    1444.63     97.000     96.046    -0.9668    -0.9667     0.0001    -0.9695    -0.9694     0.0001   2.769921   2.770334   0.000416    34.2440    34.2496     7.2718    27.5395    27.5440    316.053  359.02680  360.70939    34.2435    27.5391    1445.20    1445.21    -0.9693  1028.0096    34.4096 0.0000e+00
       5308 309.254689  -62.18962  -58.05754      1.122    1444.63     98.000     97.036    -0.9693    -0.9694    -0.0000    -0.9720    -0.9721    -0.0000   2.769800   2.770205   0.000406    34.2445    34.2501     7.2677    27.5400    27.5445    315.875  359.04967  360.73283    34.2441    27.5396    1445.21    1445.21    -0.9719  1028.0150    34.4102 0.0000e+00
       5328 309.254699  -62.18962  -58.05754      1.137    1444.63     99.000     98.026    -0.9692    -0.9693    -0.0001    -0.9718    -0.9719    -0.0001   2.769879   2.770290   0.000411    34.2445    34.2502     7.2677    27.5400    27.5447    315.877  359.04764  360.73077    34.2443    27.5399    1445.22    1445.23    -0.9718  1028.0200    34.4105 0.0000e+00
       5349 309.254709  -62.18962  -58.05754      1.161    1444.63    100.000     99.016    -0.9689    -0.9691    -0.0002    -0.9716    -0.9718    -0.0002   2.769930   2.770325   0.000396    34.2444    34.2500     7.2677    27.5399    27.5445    315.877  359.04571  360.72877    34.2441    27.5397    1445.24    1445.25    -0.9715  1028.0246    34.4103 0.0000e+00
       5368 309.254718  -62.18962  -58.05754      1.197    1444.63    101.000    100.006    -0.9686    -0.9687    -0.0001    -0.9713    -0.9715    -0.0001   2.770081   2.770498   0.000408    34.2446    34.2503     7.2657    27.5400    27.5447    315.789  359.04202  360.72502    34.2452    27.5405    1445.26    1445.27    -0.9712  1028.0303    34.4114 0.0000e+00
       5388 309.254727  -62.18962  -58.05754      1.228    1444.63    102.000    100.996    -0.9606    -0.9604     0.0003    -0.9634    -0.9631     0.0003   2.770893   2.771317   0.000436    34.2458    34.2515     7.2639    27.5407    27.5453    315.712  358.96238  360.64369    34.2465    27.5413    1445.32    1445.32    -0.9633  1028.0358    34.4127 0.0000e+00
       5409 309.254738  -62.18962  -58.05752      1.198    1444.63    103.000    101.986    -0.9572    -0.9574    -0.0002    -0.9600    -0.9602    -0.0002   2.771243   2.771657   0.000409    34.2465    34.2523     7.2692    27.5412    27.5459    315.940  358.92779  360.60838    34.2468    27.5414    1445.35    1445.36    -0.9599  1028.0407    34.4130 0.0000e+00
       5434 309.254750  -62.18962  -58.05754      1.055    1444.63    104.000    102.976    -0.9576    -0.9579    -0.0004    -0.9604    -0.9607    -0.0004   2.771282   2.771668   0.000386    34.2469    34.2525     7.2741    27.5415    27.5461    316.155  358.93034  360.61104    34.2471    27.5417    1445.36    1445.37    -0.9603  1028.0458    34.4133 0.0000e+00
       5463 309.254763  -62.18962  -58.05754      0.870    1444.63    105.000    103.966    -0.9545    -0.9545     0.0000    -0.9573    -0.9573     0.0000   2.771731   2.772165   0.000437    34.2483    34.2542     7.2662    27.5425    27.5473    315.809  358.89710  360.57720    34.2491    27.5432    1445.40    1445.40    -0.9573  1028.0520    34.4153 0.0000e+00
       5491 309.254777  -62.18962  -58.05754      0.824    1444.63    106.000    104.956    -0.9490    -0.9491    -0.0000    -0.9519    -0.9520    -0.0000   2.772287   2.772713   0.000421    34.2492    34.2550     7.2612    27.5430    27.5477    315.593  358.84258  360.52153    34.2498    27.5436    1445.44    1445.45    -0.9518  1028.0572    34.4161 0.0000e+00
       5515 309.254789  -62.18962  -58.05754      0.917    1444.63    107.000    105.946    -0.9479    -0.9480    -0.0000    -0.9508    -0.9509    -0.0000   2.772560   2.772980   0.000421    34.2511    34.2570     7.2629    27.5446    27.5493    315.665  358.82630  360.50511    34.2516    27.5450    1445.46    1445.47    -0.9507  1028.0634    34.4179 0.0000e+00
       5536 309.254799  -62.18962  -58.05754      1.052    1444.63    108.000    106.935    -0.9468    -0.9466     0.0002    -0.9497    -0.9495     0.0002   2.772791   2.773223   0.000428    34.2522    34.2578     7.2575    27.5453    27.5499    315.428  358.81238  360.49099    34.2529    27.5459    1445.49    1445.49    -0.9496  1028.0691    34.4192 0.0000e+00
       5555 309.254808  -62.18962  -58.05754      1.181    1444.63    109.000    107.925    -0.9446    -0.9447    -0.0001    -0.9476    -0.9477    -0.0001   2.773057   2.773468   0.000413    34.2527    34.2584     7.2527    27.5457    27.5503    315.224  358.79032  360.46849    34.2534    27.5463    1445.51    1445.52    -0.9475  1028.0743    34.4197 0.0000e+00
       5573 309.254817  -62.18962  -58.05754      1.275    1444.63    110.000    108.915    -0.9427    -0.9427     0.0000    -0.9457    -0.9457     0.0000   2.773317   2.773738   0.000421    34.2534    34.2591     7.2513    27.5462    27.5508    315.161  358.77060  360.44839    34.2542    27.5468    1445.54    1445.55    -0.9456  1028.0796    34.4205 0.0000e+00
       5592 309.254826  -62.18962  -58.05754      1.310    1444.63    111.000    109.905    -0.9415    -0.9416    -0.0002    -0.9445    -0.9447    -0.0002   2.773485   2.773906   0.000418    34.2539    34.2597     7.2515    27.5466    27.5513    315.169  358.75740  360.43495    34.2545    27.5470    1445.56    1445.57    -0.9444  1028.0846    34.4208 0.0000e+00
       5612 309.254836  -62.18962  -58.05754      1.261    1444.63    112.000    110.895    -0.9408    -0.9409    -0.0001    -0.9439    -0.9440    -0.0001   2.773621   2.774039   0.000420    34.2544    34.2602     7.2431    27.5469    27.5517    314.807  358.74956  360.42699    34.2549    27.5474    1445.58    1445.59    -0.9438  1028.0897    34.4213 0.0000e+00
       5634 309.254846  -62.18962  -58.05754      1.155    1444.63    113.000    111.885    -0.9405    -0.9405     0.0001    -0.9436    -0.9436     0.0001   2.773694   2.774119   0.000423    34.2545    34.2602     7.2372    27.5471    27.5517    314.547  358.74642  360.42380    34.2549    27.5474    1445.60    1445.61    -0.9435  1028.0945    34.4213 0.0000e+00
       5657 309.254857  -62.18962  -58.05754      1.060    1444.63    114.000    112.875    -0.9403    -0.9405    -0.0002    -0.9434    -0.9436    -0.0002   2.773763   2.774168   0.000408    34.2546    34.2604     7.2345    27.5471    27.5518    314.430  358.74392  360.42125    34.2549    27.5474    1445.62    1445.62    -0.9433  1028.0993    34.4213 0.0000e+00
       5681 309.254869  -62.18962  -58.05754      1.021    1444.63    115.000    113.864    -0.9420    -0.9422    -0.0002    -0.9452    -0.9453    -0.0002   2.773682   2.774081   0.000398    34.2553    34.2609     7.2377    27.5478    27.5523    314.570  358.75841  360.43615    34.2553    27.5477    1445.63    1445.63    -0.9451  1028.1045    34.4217 0.0000e+00
       5705 309.254880  -62.18962  -58.05754      1.010    1444.63    116.000    114.855    -0.9479    -0.9480    -0.0002    -0.9510    -0.9512    -0.0002   2.773378   2.773783   0.000405    34.2572    34.2630     7.2368    27.5495    27.5542    314.530  358.80875  360.48790    34.2571    27.5495    1445.62    1445.62    -0.9510  1028.1110    34.4235 0.0000e+00
       5729 309.254892  -62.18962  -58.05754      1.001    1444.63    117.000    115.844    -0.9498    -0.9500    -0.0002    -0.9529    -0.9532    -0.0002   2.773375   2.773781   0.000407    34.2587    34.2645     7.2291    27.5508    27.5555    314.193  358.82242  360.50207    34.2586    27.5507    1445.63    1445.63    -0.9529  1028.1171    34.4250 0.0000e+00
       5753 309.254904  -62.18962  -58.05754      0.985    1444.63    118.000    116.834    -0.9507    -0.9509    -0.0002    -0.9539    -0.9541    -0.0002   2.773410   2.773816   0.000405    34.2595    34.2652     7.2312    27.5515    27.5561    314.286  358.82933  360.50923    34.2596    27.5515    1445.64    1445.65    -0.9538  1028.1227    34.4260 0.0000e+00
       5777 309.254915  -62.18962  -58.05754      0.992    1444.63    119.000    117.824    -0.9503    -0.9505    -0.0003    -0.9535    -0.9538    -0.0003   2.773516   2.773909   0.000395    34.2598    34.2655     7.2363    27.5517    27.5564    314.510  358.82402  360.50384    34.2599    27.5517    1445.66    1445.67    -0.9534  1028.1277    34.4263 0.0000e+00
       5800 309.254926  -62.18962  -58.05754      1.017    1444.63    120.000    118.814    -0.9503    -0.9505    -0.0001    -0.9536    -0.9537    -0.0001   2.773591   2.773997   0.000405    34.2602    34.2659     7.2305    27.5520    27.5567    314.256  358.82332  360.50316    34.2603    27.5521    1445.67    1445.68    -0.9535  1028.1328    34.4268 0.0000e+00
       5823 309.254937  -62.18962  -58.05754      1.058    1444.63    121.000    119.803    -0.9496    -0.9497    -0.0001    -0.9529    -0.9530    -0.0001   2.773771   2.774177   0.000406    34.2613    34.2669     7.2200    27.5529    27.5574    313.798  358.81412  360.49388    34.2614    27.5529    1445.70    1445.70    -0.9528  1028.1385    34.4279 0.0000e+00
       5845 309.254948  -62.18962  -58.05754      1.070    1444.63    122.000    120.793    -0.9495    -0.9496    -0.0002    -0.9528    -0.9530    -0.0002   2.773882   2.774291   0.000408    34.2619    34.2676     7.2139    27.5534    27.5580    313.536  358.81068  360.49044    34.2621    27.5535    1445.71    1445.72    -0.9527  1028.1438    34.4286 0.0000e+00
       5867 309.254959  -62.18962  -58.05754      1.079    1444.63    123.000    121.783    -0.9485    -0.9488    -0.0002    -0.9519    -0.9522    -0.0002   2.774086   2.774491   0.000407    34.2629    34.2687     7.2096    27.5542    27.5589    313.347  358.79910  360.47871    34.2632    27.5544    1445.74    1445.74    -0.9518  1028.1495    34.4297 0.0000e+00
       5890 309.254970  -62.18962  -58.05754      1.069    1444.63    124.000    122.773    -0.9454    -0.9455    -0.0001    -0.9488    -0.9489    -0.0001   2.774602   2.775007   0.000404    34.2651    34.2708     7.2071    27.5558    27.5604    313.238  358.76259  360.44163    34.2659    27.5565    1445.77    1445.78    -0.9487  1028.1564    34.4325 0.0000e+00
       5914 309.254981  -62.18962  -58.05754      1.042    1444.63    125.000    123.763    -0.9434    -0.9435    -0.0002    -0.9468    -0.9470    -0.0002   2.774900   2.775316   0.000416    34.2669    34.2728     7.2024    27.5572    27.5620    313.032  358.73868  360.41739    34.2672    27.5574    1445.80    1445.80    -0.9467  1028.1621    34.4337 0.0000e+00
       5937 309.254992  -62.18962  -58.05754      1.025    1444.63    126.000    124.753    -0.9413    -0.9414    -0.0002    -0.9447    -0.9449    -0.0002   2.775253   2.775659   0.000406    34.2682    34.2740     7.1962    27.5582    27.5628    312.762  358.71450  360.39280    34.2689    27.5587    1445.83    1445.83    -0.9446  1028.1682    34.4355 0.0000e+00
       5960 309.255003  -62.18962  -58.05754      1.033    1444.63    127.000    125.742    -0.9373    -0.9373    -0.0000    -0.9408    -0.9408    -0.0000   2.775705   2.776117   0.000418    34.2690    34.2747     7.1858    27.5586    27.5633    312.309  358.67489  360.35237    34.2699    27.5594    1445.86    1445.87    -0.9407  1028.1736    34.4365 0.0000e+00
       5983 309.255014  -62.18962  -58.05754      1.052    1444.63    128.000    126.732    -0.9314    -0.9317    -0.0003    -0.9350    -0.9353    -0.0003   2.776338   2.776732   0.000393    34.2698    34.2755     7.1712    27.5591    27.5637    311.676  358.61679  360.29302    34.2713    27.5603    1445.91    1445.92    -0.9348  1028.1793    34.4379 0.0000e+00
       6005 309.255025  -62.18962  -58.05754      1.066    1444.63    129.000    127.722    -0.9157    -0.9165    -0.0008    -0.9193    -0.9201    -0.0008   2.778011   2.778355   0.000345    34.2724    34.2780     7.1628    27.5606    27.5651    311.312  358.45993  360.13286    34.2755    27.5631    1446.00    1446.01    -0.9192  1028.1868    34.4421 0.0000e+00
       6028 309.255036  -62.18962  -58.05754      1.064    1444.63    130.000    128.712    -0.9025    -0.9027    -0.0002    -0.9062    -0.9063    -0.0002   2.779119   2.779543   0.000418    34.2735    34.2794     7.1631    27.5610    27.5657    311.322  358.33126  360.00135    34.2749    27.5621    1446.08    1446.09    -0.9060  1028.1905    34.4416 0.0000e+00
       6051 309.255047  -62.18962  -58.05754      1.050    1444.63    131.000    129.702    -0.8919    -0.8910     0.0009    -0.8956    -0.8947     0.0009   2.780395   2.780922   0.000525    34.2757    34.2818     7.1678    27.5624    27.5673    311.525  358.22442  359.89231    34.2796    27.5655    1446.15    1446.17    -0.8955  1028.1986    34.4463 0.0000e+00
