Pos-Processados/process_op38/operantar38_013.cnv
* Sea-Bird SBE 9 Data File:
* FileName = D:\OPERANTAR_XXXVIII\DADOS\OP38_013.hdr
* Software Version Seasave V 7.18c
* Temperature SN = 4808
* Conductivity SN = 3380
* Number of Bytes Per Scan = 34
* Number of Voltage Words = 3
* Number of Scans Averaged by the Deck Unit = 1
* NMEA Latitude = 62 08.60 S
* NMEA Longitude = 058 24.71 W
* NMEA UTC (Time) = Nov 05 2019 02:47:10
** H41
** NAVIO POLAR ALMIRANTE MAXIMIANO
** CRUZEIRO:
** OPERANTAR XXXVIII
** ESTAÇÃO: OP38_013
** LAT 62 08,61' S
** LONG 058 24,68' W
** 09P73767-1155_A
** PROFUNDIDADE: 420
** DATA/HORA: 050248Z/NOV/2019
** OPERADOR: SO-HN CHAVES
# nquan = 32
# nvalues = 740                         
# units = specified
# name 0 = scan: Scan Count
# name 1 = timeJ: Julian Days
# name 2 = latitude: Latitude [deg]
# name 3 = longitude: Longitude [deg]
# name 4 = dz/dtM: Descent Rate [m/s]
# name 5 = avgsvCM: Average Sound Velocity [Chen-Millero, m/s]
# name 6 = prDM: Pressure, Digiquartz [db]
# name 7 = depSM: Depth [salt water, m]
# name 8 = t090C: Temperature [ITS-90, deg C]
# name 9 = t190C: Temperature, 2 [ITS-90, deg C]
# name 10 = T2-T190C: Temperature Difference, 2 - 1 [ITS-90, deg C]
# name 11 = potemp090C: Potential Temperature [ITS-90, deg C]
# name 12 = potemp190C: Potential Temperature, 2 [ITS-90, deg C]
# name 13 = potemp90Cdiff: Potential Temperature, Diff, 2 - 1 [ITS-90, deg C]
# name 14 = c0S/m: Conductivity [S/m]
# name 15 = c1S/m: Conductivity, 2 [S/m]
# name 16 = C2-C1S/m: Conductivity Difference, 2 - 1 [S/m]
# name 17 = sal00: Salinity, Practical [PSU]
# name 18 = sal11: Salinity, Practical, 2 [PSU]
# name 19 = sbeox0ML/L: Oxygen, SBE 43 [ml/l]
# name 20 = sbeox1ML/L: Oxygen, SBE 43, 2 [ml/l]
# name 21 = sbeox0ML/Ldiff: Oxygen, SBE 43, Diff, 2 - 1 [ml/l]
# name 22 = sigma-é00: Density [sigma-theta, kg/m^3]
# name 23 = sigma-é11: Density, 2 [sigma-theta, kg/m^3]
# name 24 = sal00: Salinity, Practical [PSU]
# name 25 = sigma-é00: Density [sigma-theta, kg/m^3]
# name 26 = svCM: Sound Velocity [Chen-Millero, m/s]
# name 27 = svCM1: Sound Velocity, 2 [Chen-Millero, m/s]
# name 28 = gsw_ptA0: potential temperature [ITS-90, deg C]
# name 29 = gsw_densityA0: density, TEOS-10 [density, kg/m^3]
# name 30 = gsw_saA0: Absolute Salinity [g/kg]
# name 31 = flag:
# span 0 =       1161,      28423       
# span 1 = 309.116648, 309.129794       
# span 2 =  -62.14340,  -62.14340       
# span 3 =  -58.41184,  -58.41180       
# span 4 =     -0.909,      0.921       
# span 5 =       0.00,    1447.69       
# span 6 =      1.000,    376.000       
# span 7 =      0.984,    372.043       
# span 8 =    -0.9467,    -0.4879       
# span 9 =    -0.9467,    -0.4958       
# span 10 =    -0.0250,     0.0398      
# span 11 =    -0.9483,    -0.4879      
# span 12 =    -0.9483,    -0.4958      
# span 13 =    -0.0250,     0.0398      
# span 14 =   2.767153,   2.819206      
# span 15 =   2.767602,   2.819576      
# span 16 =  -0.001303,   0.003192      
# span 17 =    34.0963,    34.4263      
# span 18 =    34.1036,    34.4316      
# span 19 =     6.3485,     7.6320      
# span 20 =     6.0773,     7.3595      
# span 21 =    -0.3756,    -0.2140      
# span 22 =    27.4002,    27.6765      
# span 23 =    27.4065,    27.6807      
# span 24 =    34.0869,    34.4264      
# span 25 =    27.3926,    27.6765      
# span 26 =    1444.09,    1451.29      
# span 27 =    1444.10,    1451.30      
# span 28 =    -0.9482,    -0.4878      
# span 29 =  1026.3430,  1029.4757      
# span 30 =    32.8580,    34.5947      
# span 31 = 0.0000e+00, 0.0000e+00      
# interval = decibars: 1                
# start_time = Nov 05 2019 02:47:10 [NMEA time, header]
# bad_flag = -9.990e-29
*END*
[from data line 363]
      14657 309.123156  -62.14340  -58.41182      0.636    1447.17    364.000    360.190    -0.6940    -0.6938     0.0002    -0.7057    -0.7055     0.0002   2.818129   2.818542   0.000412    34.4222    34.4275     6.3750     6.1036    -0.2714    27.6732    27.6775    34.4223    27.6733    1451.07    1451.08    -0.7055  1029.4156    34.5905 0.0000e+00
      14696 309.123175  -62.14340  -58.41182      0.616    1447.17    365.000    361.179    -0.6940    -0.6941    -0.0001    -0.7057    -0.7058    -0.0001   2.818179   2.818519   0.000342    34.4222    34.4269     6.3734     6.0943    -0.2791    27.6732    27.6770    34.4223    27.6733    1451.09    1451.09    -0.7055  1029.4203    34.5906 0.0000e+00
      14736 309.123194  -62.14340  -58.41182      0.604    1447.17    366.000    362.168    -0.6930    -0.6929     0.0002    -0.7048    -0.7047     0.0001   2.818440   2.818819   0.000380    34.4239    34.4288     6.3691     6.0870    -0.2821    27.6745    27.6785    34.4241    27.6747    1451.11    1451.12    -0.7045  1029.4265    34.5924 0.0000e+00
      14777 309.123214  -62.14340  -58.41182      0.591    1447.17    367.000    363.150    -0.6924    -0.6921     0.0002    -0.7042    -0.7040     0.0002   2.818601   2.819008   0.000407    34.4248    34.4301     6.3662     6.0922    -0.2740    27.6753    27.6795    34.4249    27.6753    1451.13    1451.14    -0.7040  1029.4319    34.5932 0.0000e+00
      14850 309.123249  -62.14340  -58.41181      0.311    1447.17    368.000    364.144    -0.6922    -0.6920     0.0001    -0.7040    -0.7039     0.0001   2.818684   2.819089   0.000406    34.4251    34.4305     6.3531     6.0917    -0.2614    27.6755    27.6798    34.4252    27.6756    1451.15    1451.16    -0.7038  1029.4369    34.5935 0.0000e+00
      14933 309.123289  -62.14340  -58.41180      0.331    1447.17    369.000    365.136    -0.6917    -0.6916     0.0001    -0.7036    -0.7035     0.0001   2.818805   2.819199   0.000395    34.4256    34.4308     6.3586     6.0889    -0.2697    27.6759    27.6801    34.4257    27.6760    1451.17    1451.18    -0.7034  1029.4420    34.5940 0.0000e+00
      14982 309.123313  -62.14340  -58.41180      0.485    1447.17    370.000    366.122    -0.6913    -0.6910     0.0003    -0.7033    -0.7029     0.0003   2.818927   2.819329   0.000401    34.4262    34.4313     6.3583     6.0826    -0.2757    27.6764    27.6805    34.4263    27.6764    1451.19    1451.20    -0.7030  1029.4472    34.5946 0.0000e+00
      15034 309.123338  -62.14340  -58.41180      0.461    1447.17    371.000    367.111    -0.6913    -0.6911     0.0002    -0.7033    -0.7031     0.0002   2.818962   2.819373   0.000410    34.4261    34.4315     6.3508     6.0773    -0.2734    27.6763    27.6806    34.4261    27.6763    1451.20    1451.21    -0.7030  1029.4518    34.5944 0.0000e+00
      15089 309.123364  -62.14340  -58.41180      0.432    1447.17    372.000    368.100    -0.6913    -0.6912     0.0001    -0.7033    -0.7032     0.0001   2.819011   2.819421   0.000410    34.4262    34.4316     6.3495     6.0795    -0.2700    27.6763    27.6807    34.4262    27.6763    1451.22    1451.23    -0.7030  1029.4566    34.5945 0.0000e+00
      15157 309.123397  -62.14340  -58.41180      0.344    1447.17    373.000    369.087    -0.6913    -0.6911     0.0002    -0.7034    -0.7032     0.0002   2.819055   2.819473   0.000418    34.4262    34.4316     6.3535     6.0803    -0.2732    27.6763    27.6807    34.4262    27.6763    1451.24    1451.24    -0.7031  1029.4614    34.5945 0.0000e+00
      15215 309.123425  -62.14340  -58.41180      0.427    1447.17    374.000    370.079    -0.6911    -0.6909     0.0002    -0.7032    -0.7030     0.0002   2.819129   2.819533   0.000406    34.4263    34.4315     6.3536     6.0779    -0.2757    27.6764    27.6807    34.4264    27.6765    1451.25    1451.26    -0.7029  1029.4663    34.5947 0.0000e+00
      15279 309.123456  -62.14340  -58.41180      0.361    1447.17    375.000    371.063    -0.6912    -0.6910     0.0002    -0.7033    -0.7031     0.0002   2.819148   2.819566   0.000416    34.4261    34.4315     6.3536     6.0790    -0.2746    27.6763    27.6807    34.4261    27.6763    1451.27    1451.28    -0.7030  1029.4708    34.5944 0.0000e+00
      15788 309.123701  -62.14340  -58.41180     -0.150    1447.69    376.000    372.043    -0.6912    -0.6914    -0.0001    -0.7034    -0.7035    -0.0001   2.819206   2.819576   0.000370    34.4263    34.4315     6.3485     6.0894    -0.2590    27.6765    27.6806    34.4263    27.6764    1451.29    1451.30    -0.7031  1029.4757    34.5946 0.0000e+00
      16357 309.123976  -62.14340  -58.41180     -0.249    1447.51    375.000    371.055    -0.6915    -0.6914     0.0001    -0.7036    -0.7035     0.0001   2.819083   2.819494   0.000408    34.4256    34.4310     6.3560     6.0845    -0.2715    27.6759    27.6802    34.4256    27.6759    1451.27    1451.28    -0.7034  1029.4704    34.5939 0.0000e+00
      16442 309.124017  -62.14340  -58.41180     -0.429    1447.51    374.000    370.076    -0.6914    -0.6913     0.0002    -0.7035    -0.7034     0.0002   2.819058   2.819469   0.000410    34.4258    34.4311     6.3576     6.0919    -0.2657    27.6760    27.6804    34.4258    27.6760    1451.25    1451.26    -0.7032  1029.4658    34.5941 0.0000e+00
      16483 309.124036  -62.14340  -58.41180     -0.541    1447.51    373.000    369.088    -0.6912    -0.6912    -0.0000    -0.7032    -0.7032    -0.0000   2.819060   2.819449   0.000390    34.4261    34.4314     6.3533     6.0850    -0.2682    27.6763    27.6805    34.4261    27.6763    1451.24    1451.24    -0.7030  1029.4613    34.5944 0.0000e+00
      16521 309.124055  -62.14340  -58.41180     -0.622    1447.51    372.000    368.100    -0.6913    -0.6912     0.0001    -0.7033    -0.7032     0.0001   2.818998   2.819411   0.000410    34.4260    34.4315     6.3508     6.0825    -0.2683    27.6762    27.6806    34.4260    27.6762    1451.22    1451.23    -0.7030  1029.4564    34.5943 0.0000e+00
      16558 309.124072  -62.14340  -58.41180     -0.643    1447.51    371.000    367.111    -0.6913    -0.6912     0.0001    -0.7033    -0.7032     0.0001   2.818947   2.819359   0.000413    34.4260    34.4315     6.3498     6.0821    -0.2676    27.6762    27.6806    34.4259    27.6761    1451.20    1451.21    -0.7030  1029.4517    34.5942 0.0000e+00
      16592 309.124089  -62.14340  -58.41180     -0.698    1447.51    370.000    366.122    -0.6915    -0.6914     0.0001    -0.7034    -0.7034     0.0001   2.818863   2.819282   0.000418    34.4257    34.4313     6.3539     6.0817    -0.2722    27.6760    27.6805    34.4256    27.6759    1451.19    1451.19    -0.7032  1029.4467    34.5939 0.0000e+00
      16624 309.124105  -62.14340  -58.41180     -0.732    1447.51    369.000    365.133    -0.6917    -0.6916     0.0001    -0.7036    -0.7035     0.0001   2.818778   2.819192   0.000415    34.4255    34.4309     6.3588     6.0853    -0.2735    27.6758    27.6801    34.4254    27.6757    1451.17    1451.18    -0.7034  1029.4417    34.5937 0.0000e+00
      16657 309.124120  -62.14340  -58.41180     -0.736    1447.51    368.000    364.145    -0.6920    -0.6918     0.0002    -0.7039    -0.7036     0.0002   2.818687   2.819101   0.000414    34.4252    34.4305     6.3530     6.0982    -0.2548    27.6755    27.6799    34.4251    27.6755    1451.15    1451.16    -0.7036  1029.4367    34.5934 0.0000e+00
      16692 309.124137  -62.14340  -58.41180     -0.701    1447.51    367.000    363.156    -0.6921    -0.6920     0.0001    -0.7039    -0.7039     0.0001   2.818619   2.819016   0.000398    34.4249    34.4302     6.3509     6.0890    -0.2620    27.6753    27.6797    34.4249    27.6753    1451.13    1451.14    -0.7037  1029.4319    34.5932 0.0000e+00
      16727 309.124154  -62.14340  -58.41180     -0.671    1447.51    366.000    362.168    -0.6925    -0.6922     0.0003    -0.7043    -0.7040     0.0003   2.818470   2.818931   0.000457    34.4241    34.4299     6.3526     6.0874    -0.2652    27.6747    27.6794    34.4239    27.6745    1451.11    1451.12    -0.7040  1029.4263    34.5922 0.0000e+00
      16759 309.124169  -62.14340  -58.41180     -0.745    1447.51    365.000    361.179    -0.6933    -0.6929     0.0004    -0.7051    -0.7047     0.0004   2.818275   2.818743   0.000465    34.4230    34.4288     6.3565     6.0914    -0.2651    27.6739    27.6785    34.4228    27.6737    1451.09    1451.10    -0.7048  1029.4207    34.5911 0.0000e+00
      16793 309.124186  -62.14340  -58.41180     -0.718    1447.51    364.000    360.190    -0.6943    -0.6935     0.0008    -0.7061    -0.7052     0.0008   2.818016   2.818578   0.000556    34.4214    34.4279     6.3606     6.0918    -0.2689    27.6726    27.6778    34.4211    27.6724    1451.07    1451.08    -0.7058  1029.4147    34.5894 0.0000e+00
      16829 309.124203  -62.14340  -58.41180     -0.665    1447.51    363.000    359.202    -0.6951    -0.6946     0.0005    -0.7068    -0.7063     0.0005   2.817814   2.818314   0.000509    34.4201    34.4263     6.3609     6.0888    -0.2722    27.6716    27.6766    34.4199    27.6714    1451.05    1451.06    -0.7065  1029.4090    34.5881 0.0000e+00
      16862 309.124219  -62.14340  -58.41180     -0.703    1447.51    362.000    358.213    -0.6951    -0.6949     0.0002    -0.7068    -0.7066     0.0002   2.817790   2.818206   0.000417    34.4202    34.4256     6.3682     6.0916    -0.2766    27.6717    27.6760    34.4201    27.6716    1451.03    1451.04    -0.7065  1029.4044    34.5884 0.0000e+00
      16891 309.124233  -62.14340  -58.41180     -0.804    1447.51    361.000    357.224    -0.6950    -0.6948     0.0002    -0.7066    -0.7064     0.0002   2.817773   2.818199   0.000427    34.4205    34.4260     6.3787     6.0996    -0.2791    27.6719    27.6764    34.4204    27.6718    1451.02    1451.02    -0.7063  1029.3998    34.5886 0.0000e+00
      16917 309.124246  -62.14340  -58.41180     -0.890    1447.51    360.000    356.236    -0.6952    -0.6953    -0.0000    -0.7068    -0.7069    -0.0000   2.817667   2.818039   0.000381    34.4200    34.4252     6.3855     6.1059    -0.2796    27.6715    27.6757    34.4199    27.6714    1451.00    1451.00    -0.7065  1029.3947    34.5881 0.0000e+00
      16944 309.124259  -62.14340  -58.41180     -0.899    1447.51    359.000    355.254    -0.6959    -0.6961    -0.0002    -0.7074    -0.7076    -0.0002   2.817498   2.817868   0.000367    34.4191    34.4243     6.3840     6.1120    -0.2720    27.6708    27.6750    34.4189    27.6706    1450.98    1450.98    -0.7072  1029.3892    34.5872 0.0000e+00
      16971 309.124272  -62.14340  -58.41180     -0.888    1447.51    358.000    354.251    -0.6961    -0.6961    -0.0000    -0.7075    -0.7076    -0.0001   2.817434   2.817832   0.000394    34.4190    34.4244     6.3799     6.1155    -0.2643    27.6707    27.6751    34.4189    27.6706    1450.96    1450.97    -0.7073  1029.3844    34.5871 0.0000e+00
      16998 309.124285  -62.14340  -58.41180     -0.890    1447.51    357.000    353.270    -0.6966    -0.6966     0.0000    -0.7081    -0.7080     0.0000   2.817272   2.817677   0.000408    34.4181    34.4236     6.3713     6.1128    -0.2585    27.6700    27.6744    34.4179    27.6699    1450.94    1450.95    -0.7078  1029.3789    34.5861 0.0000e+00
      17026 309.124299  -62.14340  -58.41180     -0.863    1447.51    356.000    352.282    -0.6973    -0.6971     0.0002    -0.7087    -0.7085     0.0002   2.817119   2.817538   0.000418    34.4174    34.4228     6.3768     6.1200    -0.2568    27.6694    27.6738    34.4173    27.6693    1450.92    1450.93    -0.7085  1029.3737    34.5855 0.0000e+00
      17058 309.124314  -62.14340  -58.41180     -0.794    1447.51    355.000    351.292    -0.6978    -0.6975     0.0003    -0.7092    -0.7089     0.0003   2.816986   2.817421   0.000434    34.4168    34.4224     6.3888     6.1194    -0.2694    27.6690    27.6735    34.4166    27.6689    1450.90    1450.91    -0.7089  1029.3684    34.5848 0.0000e+00
      17091 309.124329  -62.14340  -58.41180     -0.728    1447.51    354.000    350.303    -0.6981    -0.6979     0.0002    -0.7095    -0.7093     0.0002   2.816907   2.817325   0.000418    34.4166    34.4220     6.3921     6.1227    -0.2694    27.6689    27.6732    34.4165    27.6687    1450.88    1450.89    -0.7092  1029.3636    34.5847 0.0000e+00
      17123 309.124345  -62.14340  -58.41180     -0.741    1447.51    353.000    349.315    -0.6984    -0.6980     0.0005    -0.7098    -0.7093     0.0005   2.816790   2.817269   0.000475    34.4161    34.4220     6.3841     6.1218    -0.2623    27.6684    27.6732    34.4159    27.6683    1450.86    1450.87    -0.7095  1029.3584    34.5841 0.0000e+00
      17152 309.124359  -62.14340  -58.41180     -0.796    1447.51    352.000    348.326    -0.6982    -0.6980     0.0002    -0.7095    -0.7093     0.0002   2.816789   2.817221   0.000438    34.4164    34.4220     6.3862     6.1269    -0.2593    27.6687    27.6732    34.4163    27.6686    1450.85    1450.86    -0.7092  1029.3539    34.5845 0.0000e+00
      17180 309.124373  -62.14340  -58.41180     -0.844    1447.51    351.000    347.337    -0.6985    -0.6984     0.0002    -0.7097    -0.7096     0.0002   2.816696   2.817121   0.000425    34.4161    34.4216     6.3938     6.1293    -0.2644    27.6684    27.6729    34.4160    27.6683    1450.83    1450.84    -0.7095  1029.3489    34.5842 0.0000e+00
      17208 309.124386  -62.14340  -58.41180     -0.862    1447.51    350.000    346.349    -0.6988    -0.6986     0.0001    -0.7100    -0.7098     0.0001   2.816620   2.817038   0.000417    34.4159    34.4214     6.3974     6.1313    -0.2661    27.6683    27.6727    34.4158    27.6682    1450.81    1450.82    -0.7097  1029.3441    34.5840 0.0000e+00
      17237 309.124400  -62.14340  -58.41180     -0.839    1447.51    349.000    345.360    -0.6991    -0.6988     0.0003    -0.7102    -0.7100     0.0003   2.816526   2.816954   0.000428    34.4157    34.4212     6.3925     6.1292    -0.2633    27.6681    27.6725    34.4155    27.6680    1450.79    1450.80    -0.7100  1029.3391    34.5837 0.0000e+00
      17267 309.124415  -62.14340  -58.41180     -0.803    1447.51    348.000    344.371    -0.6991    -0.6990     0.0000    -0.7102    -0.7102     0.0000   2.816481   2.816887   0.000408    34.4156    34.4211     6.3866     6.1267    -0.2599    27.6681    27.6725    34.4155    27.6680    1450.78    1450.78    -0.7100  1029.3343    34.5837 0.0000e+00
      17297 309.124429  -62.14340  -58.41180     -0.801    1447.51    347.000    343.383    -0.6991    -0.6989     0.0001    -0.7102    -0.7100     0.0001   2.816446   2.816855   0.000408    34.4157    34.4211     6.3952     6.1292    -0.2660    27.6682    27.6725    34.4156    27.6681    1450.76    1450.77    -0.7099  1029.3297    34.5838 0.0000e+00
      17325 309.124442  -62.14340  -58.41180     -0.840    1447.51    346.000    342.394    -0.6991    -0.6990     0.0001    -0.7102    -0.7101     0.0001   2.816389   2.816799   0.000411    34.4156    34.4210     6.3962     6.1293    -0.2670    27.6681    27.6725    34.4155    27.6680    1450.74    1450.75    -0.7099  1029.3248    34.5837 0.0000e+00
      17352 309.124456  -62.14340  -58.41180     -0.873    1447.51    345.000    341.405    -0.6992    -0.6991     0.0001    -0.7103    -0.7101     0.0001   2.816336   2.816742   0.000407    34.4157    34.4210     6.3983     6.1286    -0.2697    27.6681    27.6724    34.4156    27.6680    1450.73    1450.74    -0.7100  1029.3201    34.5837 0.0000e+00
