Pos-Processados/process_op38/operantar38_002.ros
* Sea-Bird SBE 9 Data File:
* FileName = D:\OPERANTAR_XXXVIII\DADOS\OP38_002.hdr
* Software Version Seasave V 7.12
* Temperature SN = 4808
* Conductivity SN = 3380
* Number of Bytes Per Scan = 31
* Number of Voltage Words = 2
* Number of Scans Averaged by the Deck Unit = 1
* NMEA Latitude = 38 26.99 S
* NMEA Longitude = 052 53.48 W
* NMEA UTC (Time) = Jan 16 2019 21:21:57
** H41
** NAVIO POLAR ALMIRANTE MAXIMIANO
** CRUZEIRO:
** OPERANTAR XXXVIII
** ESTAÇÃO: 002
** LAT 38º 26,99'S
** LONG 052º 53,46'W
** 09P73767-1155
** PROFUNDIDADE: 4158 m
** DATA/HORA: 162121Z/OUT/2019
** OPERADOR: SO-HN CHAVES
# nquan = 27
# nvalues = 3775                                  
# units = specified
# name 0 = scan: Scan Count
# name 1 = timeJ: Julian Days
# name 2 = latitude: Latitude [deg]
# name 3 = longitude: Longitude [deg]
# name 4 = dz/dtM: Descent Rate [m/s]
# name 5 = avgsvCM: Average Sound Velocity [Chen-Millero, m/s]
# name 6 = prDM: Pressure, Digiquartz [db]
# name 7 = depSM: Depth [salt water, m]
# name 8 = t090C: Temperature [ITS-90, deg C]
# name 9 = t190C: Temperature, 2 [ITS-90, deg C]
# name 10 = T2-T190C: Temperature Difference, 2 - 1 [ITS-90, deg C]
# name 11 = potemp090C: Potential Temperature [ITS-90, deg C]
# name 12 = potemp190C: Potential Temperature, 2 [ITS-90, deg C]
# name 13 = potemp90Cdiff: Potential Temperature, Diff, 2 - 1 [ITS-90, deg C]
# name 14 = c0S/m: Conductivity [S/m]
# name 15 = c1S/m: Conductivity, 2 [S/m]
# name 16 = C2-C1S/m: Conductivity Difference, 2 - 1 [S/m]
# name 17 = sal00: Salinity, Practical [PSU]
# name 18 = sal11: Salinity, Practical, 2 [PSU]
# name 19 = sbeox0ML/L: Oxygen, SBE 43 [ml/l]
# name 20 = sigma-é00: Density [sigma-theta, kg/m^3]
# name 21 = sigma-é11: Density, 2 [sigma-theta, kg/m^3]
# name 22 = sbox0Mm/Kg: Oxygen, SBE 43 [umol/kg]
# name 23 = oxsolMm/Kg: Oxygen Saturation, Garcia & Gordon [umol/kg]
# name 24 = oxsatMm/Kg: Oxygen Saturation, Weiss [umol/kg]
# name 25 = nbf: Bottles Fired
# name 26 = flag:  0.000e+00
# interval = seconds: 0.0416667
# start_time = Jan 16 2019 21:21:57 [NMEA time, header]
# bad_flag = -9.990e-29
*END*
[from data line 2417]
      66677  16.922398  -38.44986  -52.89132     -0.597    1497.38     20.390     20.235    15.5154    15.5151    -0.0004    15.5123    15.5119    -0.0004   4.415405   4.416030   0.000625    35.6499    35.6559     5.5384    26.3588    26.3636    240.992  244.20994  243.98258         16  0.000e+00
      66678  16.922398  -38.44986  -52.89132     -0.601    1497.38     20.356     20.201    15.5150    15.5151     0.0001    15.5119    15.5119     0.0001   4.415391   4.415961   0.000570    35.6502    35.6553     5.5412    26.3591    26.3631    241.116  244.21145  243.98412         16  0.000e+00
      66679  16.922399  -38.44986  -52.89132     -0.604    1497.38     20.356     20.201    15.5150    15.5152     0.0002    15.5119    15.5121     0.0002   4.415284   4.415989   0.000705    35.6492    35.6554     5.5381    26.3584    26.3631    240.979  244.21308  243.98574         16  0.000e+00
      66680  16.922399  -38.44986  -52.89132     -0.607    1497.38     20.342     20.188    15.5148    15.5149     0.0001    15.5116    15.5118     0.0001   4.415240   4.415941   0.000700    35.6491    35.6553     5.5410    26.3583    26.3631    241.105  244.21460  243.98728         16  0.000e+00
      66681  16.922400  -38.44986  -52.89132     -0.610    1497.38     20.308     20.154    15.5144    15.5149     0.0005    15.5112    15.5117     0.0005   4.415183   4.415892   0.000709    35.6489    35.6549     5.5410    26.3583    26.3628    241.105  244.21677  243.98946         16  0.000e+00
      66682  16.922400  -38.44986  -52.89132     -0.613    1497.38     20.239     20.086    15.5144    15.5146     0.0002    15.5112    15.5114     0.0002   4.415190   4.415913   0.000723    35.6490    35.6554     5.5409    26.3584    26.3632    241.102  244.21661  243.98931         16  0.000e+00
      66683  16.922401  -38.44986  -52.89132     -0.611    1497.38     20.308     20.154    15.5140    15.5147     0.0007    15.5109    15.5116     0.0007   4.415162   4.415920   0.000758    35.6490    35.6553     5.5412    26.3585    26.3631    241.117  244.21812  243.99083         16  0.000e+00
      66684  16.922401  -38.44986  -52.89132     -0.613    1497.38     20.191     20.038    15.5144    15.5147     0.0003    15.5113    15.5116     0.0003   4.415212   4.415982   0.000770    35.6492    35.6559     5.5414    26.3585    26.3636    241.123  244.21611  243.98880         16  0.000e+00
      66685  16.922402  -38.44986  -52.89132     -0.615    1497.38     20.253     20.100    15.5140    15.5149     0.0009    15.5109    15.5118     0.0009   4.415183   4.416051   0.000868    35.6492    35.6563     5.5418    26.3586    26.3639    241.139  244.21775  243.99047         16  0.000e+00
      66686  16.922402  -38.44986  -52.89132     -0.614    1497.38     20.191     20.038    15.5142    15.5152     0.0010    15.5110    15.5121     0.0010   4.415118   4.416071   0.000953    35.6486    35.6562     5.5420    26.3581    26.3638    241.151  244.21825  243.99096         16  0.000e+00
      66687  16.922403  -38.44986  -52.89132     -0.613    1497.38     20.205     20.052    15.5142    15.5151     0.0009    15.5111    15.5120     0.0009   4.415119   4.416016   0.000898    35.6485    35.6558     5.5424    26.3580    26.3635    241.166  244.21812  243.99082         16  0.000e+00
      66688  16.922403  -38.44986  -52.89132     -0.609    1497.38     20.191     20.038    15.5139    15.5153     0.0014    15.5107    15.5121     0.0014   4.415126   4.416023   0.000897    35.6489    35.6558     5.5427    26.3584    26.3634    241.182  244.21917  243.99189         16  0.000e+00
      66689  16.922404  -38.44986  -52.89132     -0.605    1497.38     20.157     20.005    15.5140    15.5154     0.0014    15.5109    15.5123     0.0014   4.415097   4.416058   0.000961    35.6485    35.6560     5.5431    26.3581    26.3635    241.197  244.21900  243.99171         16  0.000e+00
      66690  16.922404  -38.44986  -52.89132     -0.602    1497.38     20.143     19.991    15.5139    15.5149     0.0011    15.5107    15.5118     0.0011   4.415133   4.416044   0.000911    35.6490    35.6563     5.5466    26.3585    26.3639    241.350  244.21903  243.99175         16  0.000e+00
      66691  16.922405  -38.44986  -52.89132     -0.599    1497.38     20.102     19.950    15.5140    15.5152     0.0012    15.5109    15.5121     0.0012   4.415161   4.416092   0.000930    35.6491    35.6565     5.5441    26.3585    26.3639    241.239  244.21798  243.99069         16  0.000e+00
      66692  16.922405  -38.44986  -52.89134     -0.596    1497.38     20.089     19.937    15.5140    15.5154     0.0014    15.5109    15.5123     0.0014   4.415133   4.416051   0.000918    35.6489    35.6559     5.5445    26.3583    26.3635    241.257  244.21841  243.99112         16  0.000e+00
      66693  16.922405  -38.44986  -52.89134     -0.590    1497.38     20.102     19.950    15.5140    15.5151     0.0010    15.5109    15.5119     0.0010   4.415140   4.416030   0.000890    35.6489    35.6560     5.5483    26.3584    26.3636    241.424  244.21831  243.99102         16  0.000e+00
      66694  16.922406  -38.44986  -52.89134     -0.581    1497.38     20.089     19.937    15.5140    15.5151     0.0010    15.5109    15.5120     0.0010   4.415126   4.416037   0.000911    35.6488    35.6561     5.5490    26.3583    26.3637    241.454  244.21851  243.99123         16  0.000e+00
      66695  16.922406  -38.44986  -52.89134     -0.578    1497.38     20.055     19.903    15.5140    15.5151     0.0010    15.5109    15.5120     0.0010   4.415183   4.416002   0.000819    35.6493    35.6558     5.5497    26.3587    26.3634    241.483  244.21762  243.99034         16  0.000e+00
      66696  16.922407  -38.44986  -52.89134     -0.567    1497.38     20.089     19.937    15.5140    15.5149     0.0008    15.5109    15.5118     0.0008   4.415118   4.415968   0.000850    35.6487    35.6556     5.5507    26.3582    26.3634    241.527  244.21862  243.99134         16  0.000e+00
      66697  16.922407  -38.44986  -52.89134     -0.562    1497.38     20.000     19.848    15.5140    15.5149     0.0009    15.5109    15.5118     0.0009   4.415154   4.415933   0.000779    35.6491    35.6553     5.5514    26.3585    26.3631    241.556  244.21802  243.99073         16  0.000e+00
      66698  16.922408  -38.44986  -52.89134     -0.554    1497.38     20.041     19.889    15.5140    15.5147     0.0007    15.5109    15.5116     0.0007   4.415140   4.415885   0.000745    35.6489    35.6551     5.5521    26.3584    26.3630    241.590  244.21826  243.99098         16  0.000e+00
      66699  16.922408  -38.44986  -52.89134     -0.547    1497.38     20.000     19.848    15.5140    15.5144     0.0004    15.5109    15.5113     0.0004   4.415183   4.415940   0.000757    35.6493    35.6559     5.5529    26.3587    26.3637    241.622  244.21758  243.99030         16  0.000e+00
      66700  16.922409  -38.44986  -52.89134     -0.537    1497.38     20.041     19.889    15.5139    15.5141     0.0002    15.5107    15.5110     0.0002   4.415176   4.415878   0.000703    35.6494    35.6556     5.5537    26.3588    26.3635    241.657  244.21830  243.99103         16  0.000e+00
      66701  16.922409  -38.44986  -52.89134     -0.534    1497.38     20.000     19.848    15.5139    15.5144     0.0005    15.5108    15.5113     0.0005   4.415176   4.415871   0.000696    35.6494    35.6553     5.5544    26.3588    26.3632    241.690  244.21813  243.99085         16  0.000e+00
      66702  16.922410  -38.44986  -52.89134     -0.516    1497.38     19.986     19.835    15.5142    15.5144     0.0002    15.5111    15.5113     0.0002   4.415140   4.415878   0.000738    35.6488    35.6553     5.5549    26.3583    26.3632    241.712  244.21779  243.99049         16  0.000e+00
      66703  16.922410  -38.44986  -52.89134     -0.504    1497.38     20.000     19.848    15.5140    15.5146     0.0005    15.5109    15.5115     0.0005   4.415126   4.415823   0.000698    35.6488    35.6547     5.5558    26.3583    26.3627    241.748  244.21845  243.99117         16  0.000e+00
      66704  16.922411  -38.44986  -52.89134     -0.494    1497.38     19.986     19.835    15.5140    15.5144     0.0004    15.5109    15.5113     0.0004   4.415169   4.415830   0.000662    35.6492    35.6549     5.5563    26.3586    26.3629    241.771  244.21779  243.99051         16  0.000e+00
      66705  16.922411  -38.44986  -52.89134     -0.480    1497.38     20.000     19.848    15.5142    15.5144     0.0002    15.5111    15.5113     0.0002   4.415169   4.415871   0.000703    35.6491    35.6553     5.5568    26.3585    26.3632    241.794  244.21736  243.99007         16  0.000e+00
      66706  16.922412  -38.44986  -52.89134     -0.471    1497.38     19.938     19.787    15.5144    15.5144     0.0000    15.5113    15.5113     0.0000   4.415219   4.415885   0.000666    35.6494    35.6554     5.5571    26.3587    26.3633    241.804  244.21597  243.98867         16  0.000e+00
      66707  16.922412  -38.44986  -52.89134     -0.458    1497.38     20.000     19.848    15.5144    15.5142    -0.0001    15.5113    15.5111    -0.0001   4.415298   4.415851   0.000553    35.6501    35.6552     5.5574    26.3592    26.3632    241.818  244.21482  243.98752         16  0.000e+00
      66708  16.922413  -38.44986  -52.89134     -0.442    1497.38     19.986     19.835    15.5144    15.5144    -0.0000    15.5113    15.5113    -0.0000   4.415326   4.415844   0.000517    35.6503    35.6550     5.5576    26.3594    26.3630    241.829  244.21423  243.98693         16  0.000e+00
      66709  16.922413  -38.44986  -52.89134     -0.432    1497.38     19.952     19.801    15.5145    15.5142    -0.0003    15.5114    15.5111    -0.0003   4.415377   4.415851   0.000474    35.6507    35.6552     5.5578    26.3596    26.3632    241.838  244.21300  243.98570         16  0.000e+00
      66710  16.922414  -38.44986  -52.89134     -0.418    1497.38     19.986     19.835    15.5150    15.5142    -0.0008    15.5119    15.5111    -0.0008   4.415412   4.415844   0.000431    35.6505    35.6552     5.5547    26.3594    26.3632    241.701  244.21087  243.98354         16  0.000e+00
      66711  16.922414  -38.44986  -52.89134     -0.400    1497.38     20.000     19.849    15.5148    15.5144    -0.0004    15.5117    15.5113    -0.0004   4.415405   4.415871   0.000466    35.6507    35.6552     5.5579    26.3596    26.3632    241.839  244.21187  243.98456         16  0.000e+00
      66712  16.922415  -38.44986  -52.89134     -0.388    1497.38     19.938     19.787    15.5148    15.5144    -0.0005    15.5118    15.5113    -0.0005   4.415341   4.415851   0.000510    35.6501    35.6551     5.5578    26.3591    26.3630    241.838  244.21251  243.98519         16  0.000e+00
      66713  16.922415  -38.44986  -52.89134     -0.375    1497.38     19.952     19.801    15.5147    15.5149     0.0002    15.5116    15.5118     0.0002   4.415319   4.415906   0.000587    35.6500    35.6551     5.5547    26.3590    26.3630    241.701  244.21329  243.98597         16  0.000e+00
      66714  16.922416  -38.44986  -52.89134     -0.359    1497.38     19.986     19.835    15.5145    15.5146     0.0000    15.5114    15.5115     0.0000   4.415319   4.415892   0.000573    35.6501    35.6553     5.5576    26.3592    26.3632    241.827  244.21390  243.98659         16  0.000e+00
      66715  16.922416  -38.44986  -52.89134     -0.339    1497.38     20.000     19.849    15.5146    15.5151     0.0005    15.5115    15.5120     0.0005   4.415298   4.415933   0.000636    35.6499    35.6552     5.5544    26.3590    26.3630    241.688  244.21409  243.98678         16  0.000e+00
      66716  16.922417  -38.44984  -52.89134     -0.326    1497.38     19.986     19.835    15.5145    15.5147     0.0002    15.5114    15.5116     0.0002   4.415312   4.415899   0.000587    35.6501    35.6552     5.5538    26.3591    26.3631    241.664  244.21400  243.98670         16  0.000e+00
      66717  16.922417  -38.44984  -52.89134     -0.310    1497.38     20.000     19.849    15.5145    15.5149     0.0003    15.5114    15.5118     0.0003   4.415283   4.415885   0.000602    35.6498    35.6549     5.5564    26.3589    26.3628    241.776  244.21445  243.98714         16  0.000e+00
      66718  16.922418  -38.44984  -52.89134     -0.294    1497.38     19.986     19.835    15.5146    15.5147     0.0001    15.5115    15.5116     0.0001   4.415248   4.415878   0.000631    35.6494    35.6550     5.5531    26.3587    26.3629    241.634  244.21484  243.98753         16  0.000e+00
      66719  16.922418  -38.44984  -52.89134     -0.274    1497.38     20.055     19.903    15.5145    15.5144    -0.0001    15.5114    15.5113    -0.0001   4.415248   4.415913   0.000665    35.6495    35.6556     5.5528    26.3587    26.3634    241.620  244.21503  243.98772         16  0.000e+00
      66720  16.922418  -38.44984  -52.89134     -0.258    1497.38     19.986     19.835    15.5145    15.5151     0.0005    15.5114    15.5120     0.0005   4.415240   4.415947   0.000707    35.6494    35.6553     5.5524    26.3586    26.3631    241.601  244.21509  243.98779         16  0.000e+00
      66721  16.922419  -38.44984  -52.89134     -0.239    1497.38     20.000     19.849    15.5144    15.5144     0.0000    15.5113    15.5113     0.0000   4.415212   4.415927   0.000715    35.6493    35.6557     5.5549    26.3586    26.3636    241.712  244.21612  243.98882         16  0.000e+00
      66722  16.922419  -38.44984  -52.89134     -0.224    1497.38     20.041     19.889    15.5146    15.5147     0.0001    15.5115    15.5116     0.0001   4.415212   4.415892   0.000680    35.6491    35.6551     5.5548    26.3584    26.3630    241.704  244.21542  243.98811         16  0.000e+00
      66723  16.922420  -38.44984  -52.89134     -0.208    1497.38     20.000     19.849    15.5145    15.5144    -0.0001    15.5114    15.5113    -0.0001   4.415233   4.415913   0.000680    35.6493    35.6556     5.5514    26.3586    26.3635    241.558  244.21521  243.98790         16  0.000e+00
      66724  16.922420  -38.44984  -52.89134     -0.188    1497.38     20.089     19.937    15.5145    15.5147     0.0002    15.5114    15.5116     0.0002   4.415212   4.415920   0.000708    35.6491    35.6553     5.5510    26.3584    26.3632    241.541  244.21560  243.98829         16  0.000e+00
      66725  16.922421  -38.44984  -52.89134     -0.171    1497.38     20.055     19.903    15.5146    15.5146    -0.0000    15.5115    15.5114    -0.0000   4.415226   4.415982   0.000756    35.6492    35.6561     5.5536    26.3585    26.3638    241.656  244.21521  243.98790         16  0.000e+00
      66726  16.922421  -38.44984  -52.89134     -0.152    1497.38     20.089     19.937    15.5145    15.5147     0.0002    15.5114    15.5116     0.0002   4.415248   4.415968   0.000720    35.6494    35.6558     5.5534    26.3587    26.3635    241.646  244.21505  243.98775         16  0.000e+00
      66727  16.922422  -38.44984  -52.89134     -0.136    1497.38     20.055     19.903    15.5148    15.5147    -0.0001    15.5117    15.5116    -0.0001   4.415298   4.415899   0.000601    35.6496    35.6552     5.5533    26.3587    26.3631    241.643  244.21325  243.98592         16  0.000e+00
      66728  16.922422  -38.44984  -52.89134     -0.118    1497.38     20.089     19.937    15.5147    15.5151     0.0004    15.5116    15.5120     0.0004   4.415319   4.416023   0.000704    35.6499    35.6560     5.5531    26.3590    26.3636    241.633  244.21338  243.98607         16  0.000e+00
