Pos-Processados/process_op38/operantar38_013.cnv
* Sea-Bird SBE 9 Data File:
* FileName = D:\OPERANTAR_XXXVIII\DADOS\OP38_013.hdr
* Software Version Seasave V 7.18c
* Temperature SN = 4808
* Conductivity SN = 3380
* Number of Bytes Per Scan = 34
* Number of Voltage Words = 3
* Number of Scans Averaged by the Deck Unit = 1
* NMEA Latitude = 62 08.60 S
* NMEA Longitude = 058 24.71 W
* NMEA UTC (Time) = Nov 05 2019 02:47:10
** H41
** NAVIO POLAR ALMIRANTE MAXIMIANO
** CRUZEIRO:
** OPERANTAR XXXVIII
** ESTAÇÃO: OP38_013
** LAT 62 08,61' S
** LONG 058 24,68' W
** 09P73767-1155_A
** PROFUNDIDADE: 420
** DATA/HORA: 050248Z/NOV/2019
** OPERADOR: SO-HN CHAVES
# nquan = 32
# nvalues = 740                         
# units = specified
# name 0 = scan: Scan Count
# name 1 = timeJ: Julian Days
# name 2 = latitude: Latitude [deg]
# name 3 = longitude: Longitude [deg]
# name 4 = dz/dtM: Descent Rate [m/s]
# name 5 = avgsvCM: Average Sound Velocity [Chen-Millero, m/s]
# name 6 = prDM: Pressure, Digiquartz [db]
# name 7 = depSM: Depth [salt water, m]
# name 8 = t090C: Temperature [ITS-90, deg C]
# name 9 = t190C: Temperature, 2 [ITS-90, deg C]
# name 10 = T2-T190C: Temperature Difference, 2 - 1 [ITS-90, deg C]
# name 11 = potemp090C: Potential Temperature [ITS-90, deg C]
# name 12 = potemp190C: Potential Temperature, 2 [ITS-90, deg C]
# name 13 = potemp90Cdiff: Potential Temperature, Diff, 2 - 1 [ITS-90, deg C]
# name 14 = c0S/m: Conductivity [S/m]
# name 15 = c1S/m: Conductivity, 2 [S/m]
# name 16 = C2-C1S/m: Conductivity Difference, 2 - 1 [S/m]
# name 17 = sal00: Salinity, Practical [PSU]
# name 18 = sal11: Salinity, Practical, 2 [PSU]
# name 19 = sbeox0ML/L: Oxygen, SBE 43 [ml/l]
# name 20 = sbeox1ML/L: Oxygen, SBE 43, 2 [ml/l]
# name 21 = sbeox0ML/Ldiff: Oxygen, SBE 43, Diff, 2 - 1 [ml/l]
# name 22 = sigma-é00: Density [sigma-theta, kg/m^3]
# name 23 = sigma-é11: Density, 2 [sigma-theta, kg/m^3]
# name 24 = sal00: Salinity, Practical [PSU]
# name 25 = sigma-é00: Density [sigma-theta, kg/m^3]
# name 26 = svCM: Sound Velocity [Chen-Millero, m/s]
# name 27 = svCM1: Sound Velocity, 2 [Chen-Millero, m/s]
# name 28 = gsw_ptA0: potential temperature [ITS-90, deg C]
# name 29 = gsw_densityA0: density, TEOS-10 [density, kg/m^3]
# name 30 = gsw_saA0: Absolute Salinity [g/kg]
# name 31 = flag:
# span 0 =       1161,      28423       
# span 1 = 309.116648, 309.129794       
# span 2 =  -62.14340,  -62.14340       
# span 3 =  -58.41184,  -58.41180       
# span 4 =     -0.909,      0.921       
# span 5 =       0.00,    1447.69       
# span 6 =      1.000,    376.000       
# span 7 =      0.984,    372.043       
# span 8 =    -0.9467,    -0.4879       
# span 9 =    -0.9467,    -0.4958       
# span 10 =    -0.0250,     0.0398      
# span 11 =    -0.9483,    -0.4879      
# span 12 =    -0.9483,    -0.4958      
# span 13 =    -0.0250,     0.0398      
# span 14 =   2.767153,   2.819206      
# span 15 =   2.767602,   2.819576      
# span 16 =  -0.001303,   0.003192      
# span 17 =    34.0963,    34.4263      
# span 18 =    34.1036,    34.4316      
# span 19 =     6.3485,     7.6320      
# span 20 =     6.0773,     7.3595      
# span 21 =    -0.3756,    -0.2140      
# span 22 =    27.4002,    27.6765      
# span 23 =    27.4065,    27.6807      
# span 24 =    34.0869,    34.4264      
# span 25 =    27.3926,    27.6765      
# span 26 =    1444.09,    1451.29      
# span 27 =    1444.10,    1451.30      
# span 28 =    -0.9482,    -0.4878      
# span 29 =  1026.3430,  1029.4757      
# span 30 =    32.8580,    34.5947      
# span 31 = 0.0000e+00, 0.0000e+00      
# interval = decibars: 1                
# start_time = Nov 05 2019 02:47:10 [NMEA time, header]
# bad_flag = -9.990e-29
*END*
[from data line 726]
      27549 309.129373  -62.14340  -58.41182     -0.531    1447.51     25.000     24.759    -0.8741    -0.8736     0.0005    -0.8748    -0.8743     0.0005   2.770445   2.770883   0.000437    34.1900    34.1954     7.5427     7.2038    -0.3389    27.4921    27.4965    34.1901    27.4922    1444.40    1444.41    -0.8748  1027.6168    34.3550 0.0000e+00
      27592 309.129394  -62.14340  -58.41182     -0.553    1447.51     24.000     23.768    -0.8729    -0.8728     0.0000    -0.8735    -0.8735     0.0000   2.770421   2.770838   0.000417    34.1889    34.1945     7.5289     7.2126    -0.3163    27.4912    27.4957    34.1890    27.4913    1444.39    1444.39    -0.8735  1027.6110    34.3538 0.0000e+00
      27643 309.129419  -62.14340  -58.41180     -0.469    1447.51     23.000     22.778    -0.8712    -0.8711     0.0001    -0.8718    -0.8717     0.0001   2.770394   2.770817   0.000423    34.1873    34.1929     7.5395     7.2252    -0.3144    27.4898    27.4943    34.1874    27.4898    1444.38    1444.38    -0.8718  1027.6048    34.3522 0.0000e+00
      27707 309.129449  -62.14340  -58.41180     -0.364    1447.51     22.000     21.788    -0.8710    -0.8718    -0.0008    -0.8716    -0.8724    -0.0008   2.770305   2.770709   0.000405    34.1865    34.1929     7.5469     7.2290    -0.3179    27.4891    27.4944    34.1866    27.4892    1444.36    1444.36    -0.8716  1027.5993    34.3514 0.0000e+00
      27768 309.129479  -62.14340  -58.41182     -0.408    1447.51     21.000     20.798    -0.8699    -0.8705    -0.0005    -0.8705    -0.8710    -0.0005   2.770254   2.770676   0.000420    34.1853    34.1916     7.5541     7.2275    -0.3266    27.4881    27.4932    34.1853    27.4881    1444.35    1444.35    -0.8705  1027.5934    34.3500 0.0000e+00
      27827 309.129507  -62.14340  -58.41182     -0.401    1447.51     20.000     19.807    -0.8701    -0.8700     0.0001    -0.8706    -0.8706     0.0001   2.770210   2.770623   0.000413    34.1855    34.1910     7.5573     7.2347    -0.3226    27.4882    27.4927    34.1855    27.4883    1444.33    1444.34    -0.8706  1027.5888    34.3502 0.0000e+00
      27900 309.129542  -62.14340  -58.41180     -0.324    1447.51     19.000     18.819    -0.8703    -0.8702     0.0001    -0.8708    -0.8707     0.0001   2.770135   2.770551   0.000415    34.1853    34.1909     7.5639     7.2443    -0.3196    27.4881    27.4926    34.1853    27.4881    1444.31    1444.32    -0.8708  1027.5839    34.3501 0.0000e+00
      27976 309.129579  -62.14340  -58.41180     -0.307    1447.51     18.000     17.827    -0.8694    -0.8701    -0.0007    -0.8699    -0.8706    -0.0007   2.770123   2.770506   0.000386    34.1848    34.1908     7.5576     7.2457    -0.3118    27.4877    27.4926    34.1848    27.4877    1444.30    1444.30    -0.8699  1027.5787    34.3496 0.0000e+00
      28049 309.129614  -62.14340  -58.41180     -0.330    1447.51     17.000     16.836    -0.8689    -0.8703    -0.0014    -0.8694    -0.8707    -0.0014   2.770087   2.770471   0.000386    34.1843    34.1912     7.5646     7.2443    -0.3203    27.4873    27.4929    34.1844    27.4873    1444.28    1444.29    -0.8693  1027.5735    34.3492 0.0000e+00
      28130 309.129653  -62.14340  -58.41180     -0.294    1447.51     16.000     15.844    -0.8660    -0.8691    -0.0030    -0.8665    -0.8695    -0.0030   2.770153   2.770455   0.000317    34.1823    34.1901     7.5585     7.2436    -0.3148    27.4855    27.4920    34.1826    27.4858    1444.28    1444.27    -0.8664  1027.5672    34.3474 0.0000e+00
      28198 309.129686  -62.14340  -58.41180     -0.357    1447.51     15.000     14.856    -0.8081    -0.8330    -0.0250    -0.8085    -0.8335    -0.0250   2.774453   2.773151  -0.001303    34.1711    34.1817     7.5633     7.2406    -0.3227    27.4741    27.4837    34.1759    27.4780    1444.53    1444.42    -0.8085  1027.5546    34.3407 0.0000e+00
      28266 309.129719  -62.14340  -58.41180     -0.352    1447.51     14.000     13.865    -0.6962    -0.6789     0.0173    -0.6966    -0.6793     0.0173   2.781892   2.783898   0.001875    34.1455    34.1514     7.5975     7.2610    -0.3364    27.4488    27.4529    34.1506    27.4529    1445.00    1445.09    -0.6966  1027.5246    34.3152 0.0000e+00
      28340 309.129755  -62.14340  -58.41180     -0.314    1447.51     13.000     12.875    -0.7500    -0.7102     0.0398    -0.7503    -0.7106     0.0398   2.777858   2.781022   0.003192    34.1566    34.1548     7.5937     7.2880    -0.3057    27.4600    27.4569    34.1575    27.4607    1444.74    1444.92    -0.7503  1027.5277    34.3222 0.0000e+00
      28423 309.129794  -62.14340  -58.41181     -0.294    1447.51     12.000     11.885    -0.7746    -0.7781    -0.0035    -0.7749    -0.7784    -0.0035   2.775891   2.776171   0.000245    34.1607    34.1681     7.5921     7.2680    -0.3241    27.4644    27.4704    34.1572    27.4614    1444.62    1444.61    -0.7748  1026.3430    32.8580 0.0000e+00
