Pos-Processados/process_op38/operantar38_009B.ros
* Sea-Bird SBE 9 Data File:
* FileName = D:\OPERANTAR_XXXVIII\DADOS\OP38_009B.hdr
* Software Version Seasave V 7.18c
* Temperature SN = 4808
* Conductivity SN = 3380
* Number of Bytes Per Scan = 31
* Number of Voltage Words = 2
* Number of Scans Averaged by the Deck Unit = 1
* NMEA Latitude = 44 15.92 S
* NMEA Longitude = 052 42.25 W
* NMEA UTC (Time) = Oct 20 2019 08:24:01
** H41
** NAVIO POLAR ALMIRANTE MAXIMIANO
** CRUZEIRO:
** OPERANTAR XXXVIII
** ESTAÇÃO: OP38_009
** LAT 44º 15,92'S
** LONG 052º 42,27'W
** 09P73767-1155
** PROFUNDIDADE: 5806
** DATA/HORA: 200825Z/OUT/19
** OPERADOR: CTTECCHIO
** COLETA DE SUPERFÍCIE
# nquan = 26
# nvalues = 86                                    
# units = specified
# name 0 = scan: Scan Count
# name 1 = timeJ: Julian Days
# name 2 = latitude: Latitude [deg]
# name 3 = longitude: Longitude [deg]
# name 4 = dz/dtM: Descent Rate [m/s]
# name 5 = avgsvCM: Average Sound Velocity [Chen-Millero, m/s]
# name 6 = prDM: Pressure, Digiquartz [db]
# name 7 = depSM: Depth [salt water, m]
# name 8 = t090C: Temperature [ITS-90, deg C]
# name 9 = t190C: Temperature, 2 [ITS-90, deg C]
# name 10 = T2-T190C: Temperature Difference, 2 - 1 [ITS-90, deg C]
# name 11 = potemp090C: Potential Temperature [ITS-90, deg C]
# name 12 = potemp190C: Potential Temperature, 2 [ITS-90, deg C]
# name 13 = potemp90Cdiff: Potential Temperature, Diff, 2 - 1 [ITS-90, deg C]
# name 14 = c0S/m: Conductivity [S/m]
# name 15 = c1S/m: Conductivity, 2 [S/m]
# name 16 = C2-C1S/m: Conductivity Difference, 2 - 1 [S/m]
# name 17 = sal00: Salinity, Practical [PSU]
# name 18 = sal11: Salinity, Practical, 2 [PSU]
# name 19 = sbeox0ML/L: Oxygen, SBE 43 [ml/l]
# name 20 = sbeox1ML/L: Oxygen, SBE 43, 2 [ml/l]
# name 21 = sbeox0ML/Ldiff: Oxygen, SBE 43, Diff, 2 - 1 [ml/l]
# name 22 = sigma-é00: Density [sigma-theta, kg/m^3]
# name 23 = sigma-é11: Density, 2 [sigma-theta, kg/m^3]
# name 24 = nbf: Bottles Fired
# name 25 = flag:  0.000e+00
# interval = seconds: 0.0416667
# start_time = Oct 20 2019 08:24:01 [NMEA time, header]
# bad_flag = -9.990e-29
*END*
[from data line 56]
       2280 293.351111  -44.26540  -52.70418      0.015       0.00      2.935      2.912    14.1191    14.1193     0.0002    14.1187    14.1189     0.0002   4.275162   4.275970   0.000807    35.6491    35.6564     5.2636     5.0059    -0.2577    26.6637    26.6693          1  0.000e+00
       2281 293.351111  -44.26540  -52.70418      0.007       0.00      2.833      2.810    14.1190    14.1200     0.0010    14.1185    14.1196     0.0010   4.275148   4.276003   0.000856    35.6491    35.6561     5.2665     5.0066    -0.2599    26.6638    26.6690          1  0.000e+00
       2282 293.351112  -44.26540  -52.70418     -0.001       0.00      2.935      2.912    14.1188    14.1205     0.0017    14.1183    14.1201     0.0017   4.275141   4.276044   0.000903    35.6492    35.6560     5.2633     5.0074    -0.2559    26.6639    26.6688          1  0.000e+00
       2283 293.351112  -44.26540  -52.70418     -0.009       0.00      2.833      2.810    14.1188    14.1210     0.0023    14.1184    14.1206     0.0023   4.275169   4.276105   0.000936    35.6495    35.6561     5.2597     5.0085    -0.2511    26.6641    26.6688          1  0.000e+00
       2284 293.351113  -44.26540  -52.70418     -0.016       0.00      2.888      2.864    14.1191    14.1215     0.0024    14.1187    14.1211     0.0024   4.275205   4.276126   0.000921    35.6495    35.6558     5.2623     5.0094    -0.2529    26.6641    26.6684          1  0.000e+00
       2285 293.351113  -44.26540  -52.70418     -0.029       0.00      2.785      2.762    14.1200    14.1227     0.0027    14.1196    14.1223     0.0027   4.275325   4.276316   0.000991    35.6498    35.6566     5.2617     5.0136    -0.2481    26.6641    26.6688          1  0.000e+00
       2286 293.351114  -44.26540  -52.70418     -0.039       0.00      2.833      2.810    14.1211    14.1253     0.0041    14.1207    14.1248     0.0041   4.275445   4.276568   0.001123    35.6499    35.6565     5.2580     5.0147    -0.2434    26.6639    26.6682          1  0.000e+00
       2287 293.351114  -44.26540  -52.70418     -0.054       0.00      2.730      2.708    14.1227    14.1275     0.0048    14.1223    14.1271     0.0048   4.275558   4.276751   0.001193    35.6495    35.6562     5.2571     5.0156    -0.2415    26.6633    26.6675          1  0.000e+00
       2288 293.351114  -44.26540  -52.70418     -0.066       0.00      2.785      2.762    14.1235    14.1278     0.0042    14.1231    14.1274     0.0042   4.275608   4.276704   0.001096    35.6492    35.6555     5.2567     5.0165    -0.2401    26.6629    26.6668          1  0.000e+00
       2289 293.351115  -44.26540  -52.70418     -0.084       0.00      2.682      2.661    14.1232    14.1263     0.0031    14.1228    14.1259     0.0031   4.275594   4.276486   0.000892    35.6494    35.6549     5.2562     5.0175    -0.2387    26.6631    26.6667          1  0.000e+00
       2290 293.351115  -44.26540  -52.70418     -0.096       0.00      2.730      2.708    14.1230    14.1258     0.0028    14.1226    14.1254     0.0028   4.275558   4.276391   0.000833    35.6492    35.6544     5.2556     5.0184    -0.2372    26.6630    26.6664          1  0.000e+00
       2291 293.351116  -44.26540  -52.70418     -0.110       0.00      2.682      2.661    14.1222    14.1252     0.0030    14.1218    14.1248     0.0030   4.275438   4.276323   0.000885    35.6489    35.6543     5.2550     5.0192    -0.2357    26.6629    26.6665          1  0.000e+00
       2292 293.351116  -44.26540  -52.70418     -0.126       0.00      2.682      2.661    14.1210    14.1236     0.0026    14.1206    14.1232     0.0026   4.275318   4.276201   0.000883    35.6489    35.6547     5.2547     5.0202    -0.2345    26.6632    26.6671          1  0.000e+00
       2293 293.351117  -44.26540  -52.70418     -0.143       0.00      2.634      2.613    14.1200    14.1224     0.0024    14.1196    14.1220     0.0024   4.275233   4.276024   0.000791    35.6490    35.6542     5.2576     5.0211    -0.2365    26.6635    26.6670          1  0.000e+00
       2294 293.351117  -44.26540  -52.70418     -0.161       0.00      2.634      2.613    14.1195    14.1210     0.0015    14.1191    14.1206     0.0015   4.275127   4.275976   0.000850    35.6485    35.6550     5.2542     5.0220    -0.2323    26.6632    26.6679          1  0.000e+00
       2295 293.351118  -44.26540  -52.70418     -0.180       0.00      2.532      2.511    14.1188    14.1205     0.0017    14.1184    14.1201     0.0017   4.275098   4.275976   0.000878    35.6489    35.6555     5.2538     5.0227    -0.2311    26.6637    26.6684          1  0.000e+00
       2296 293.351118  -44.26540  -52.70418     -0.196       0.00      2.580      2.559    14.1186    14.1197     0.0011    14.1182    14.1193     0.0011   4.275134   4.275901   0.000768    35.6494    35.6556     5.2534     5.0231    -0.2303    26.6641    26.6686          1  0.000e+00
       2297 293.351119  -44.26540  -52.70418     -0.213       0.00      2.532      2.511    14.1183    14.1193     0.0011    14.1179    14.1190     0.0011   4.275084   4.275895   0.000810    35.6493    35.6558     5.2530     5.0270    -0.2260    26.6641    26.6689          1  0.000e+00
       2298 293.351119  -44.26540  -52.70418     -0.232       0.00      2.532      2.511    14.1181    14.1193     0.0012    14.1177    14.1189     0.0012   4.275070   4.275847   0.000777    35.6493    35.6554     5.2526     5.0277    -0.2249    26.6641    26.6686          1  0.000e+00
       2299 293.351120  -44.26540  -52.70418     -0.254       0.00      2.429      2.409    14.1177    14.1188     0.0011    14.1174    14.1185     0.0011   4.275042   4.275752   0.000710    35.6494    35.6550     5.2521     5.0247    -0.2274    26.6643    26.6684          1  0.000e+00
       2300 293.351120  -44.26540  -52.70418     -0.270       0.00      2.484      2.464    14.1179    14.1183     0.0004    14.1176    14.1180     0.0004   4.275084   4.275752   0.000668    35.6496    35.6555     5.2517     5.0285    -0.2232    26.6644    26.6688          1  0.000e+00
       2301 293.351121  -44.26540  -52.70418     -0.284       0.00      2.456      2.437    14.1176    14.1180     0.0004    14.1172    14.1176     0.0004   4.275049   4.275759   0.000710    35.6496    35.6558     5.2548     5.0290    -0.2258    26.6645    26.6692          1  0.000e+00
       2302 293.351121  -44.26540  -52.70418     -0.304       0.00      2.381      2.362    14.1176    14.1188     0.0012    14.1172    14.1184     0.0012   4.275035   4.275759   0.000724    35.6495    35.6551     5.2513     5.0289    -0.2224    26.6644    26.6685          1  0.000e+00
       2303 293.351122  -44.26540  -52.70418     -0.320       0.00      2.429      2.409    14.1176    14.1188     0.0012    14.1173    14.1185     0.0012   4.275035   4.275847   0.000812    35.6494    35.6559     5.2544     5.0329    -0.2215    26.6643    26.6691          1  0.000e+00
       2304 293.351122  -44.26540  -52.70418     -0.334       0.00      2.381      2.362    14.1177    14.1202     0.0024    14.1174    14.1198     0.0024   4.275056   4.276030   0.000975    35.6495    35.6564     5.2512     5.0334    -0.2178    26.6644    26.6692          1  0.000e+00
       2305 293.351123  -44.26540  -52.70418     -0.350       0.00      2.381      2.362    14.1176    14.1222     0.0046    14.1172    14.1219     0.0046   4.274985   4.276228   0.001243    35.6490    35.6563     5.2543     5.0335    -0.2209    26.6640    26.6687          1  0.000e+00
       2306 293.351123  -44.26540  -52.70418     -0.367       0.00      2.326      2.308    14.1176    14.1237     0.0061    14.1172    14.1234     0.0061   4.275013   4.276384   0.001371    35.6493    35.6564     5.2547     5.0334    -0.2212    26.6643    26.6684          1  0.000e+00
       2307 293.351124  -44.26540  -52.70418     -0.377       0.00      2.381      2.362    14.1172    14.1229     0.0056    14.1169    14.1225     0.0056   4.274971   4.276221   0.001250    35.6492    35.6556     5.2549     5.0301    -0.2248    26.6642    26.6680          1  0.000e+00
       2308 293.351124  -44.26540  -52.70418     -0.387       0.00      2.326      2.308    14.1174    14.1210     0.0036    14.1171    14.1207     0.0036   4.275013   4.276024   0.001010    35.6495    35.6555     5.2549     5.0339    -0.2211    26.6644    26.6683          1  0.000e+00
       2309 293.351125  -44.26540  -52.70418     -0.398       0.00      2.326      2.308    14.1174    14.1200     0.0026    14.1171    14.1197     0.0026   4.275006   4.275901   0.000895    35.6494    35.6554     5.2553     5.0343    -0.2210    26.6643    26.6684          1  0.000e+00
