Pos-Processados/process_op38/operantar38_010.ros
* Sea-Bird SBE 9 Data File:
* FileName = D:\OPERANTAR_XXXVIII\DADOS\OP38_010.hdr
* Software Version Seasave V 7.18c
* Temperature SN = 4808
* Conductivity SN = 3380
* Number of Bytes Per Scan = 31
* Number of Voltage Words = 2
* Number of Scans Averaged by the Deck Unit = 1
* NMEA Latitude = 43 58.12 S
* NMEA Longitude = 053 08.81 W
* NMEA UTC (Time) = Oct 20 2019 12:04:22
** H41
** NAVIO POLAR ALMIRANTE MAXIMIANO
** CRUZEIRO:
** OPERANTAR XXXVIII
** ESTAÇÃO: OP38_010
** LAT 43 58,10'S
** LONG 053 08,81'W
** 09P73767-1155
** PROFUNDIDADE: 5740
** DATA/HORA: 201205Z/OUT/19
** OPERADOR: SO-HN CHAVES
# nquan = 24
# nvalues = 2055                                  
# units = specified
# name 0 = scan: Scan Count
# name 1 = timeJ: Julian Days
# name 2 = latitude: Latitude [deg]
# name 3 = longitude: Longitude [deg]
# name 4 = dz/dtM: Descent Rate [m/s]
# name 5 = avgsvCM: Average Sound Velocity [Chen-Millero, m/s]
# name 6 = prDM: Pressure, Digiquartz [db]
# name 7 = depSM: Depth [salt water, m]
# name 8 = t090C: Temperature [ITS-90, deg C]
# name 9 = t190C: Temperature, 2 [ITS-90, deg C]
# name 10 = T2-T190C: Temperature Difference, 2 - 1 [ITS-90, deg C]
# name 11 = potemp090C: Potential Temperature [ITS-90, deg C]
# name 12 = potemp190C: Potential Temperature, 2 [ITS-90, deg C]
# name 13 = potemp90Cdiff: Potential Temperature, Diff, 2 - 1 [ITS-90, deg C]
# name 14 = c0S/m: Conductivity [S/m]
# name 15 = c1S/m: Conductivity, 2 [S/m]
# name 16 = C2-C1S/m: Conductivity Difference, 2 - 1 [S/m]
# name 17 = sal00: Salinity, Practical [PSU]
# name 18 = sal11: Salinity, Practical, 2 [PSU]
# name 19 = sbeox0ML/L: Oxygen, SBE 43 [ml/l]
# name 20 = sigma-é00: Density [sigma-theta, kg/m^3]
# name 21 = sigma-é11: Density, 2 [sigma-theta, kg/m^3]
# name 22 = nbf: Bottles Fired
# name 23 = flag:  0.000e+00
# interval = seconds: 0.0416667
# start_time = Oct 20 2019 12:04:22 [NMEA time, header]
# bad_flag = -9.990e-29
*END*
[from data line 1389]
      64299 293.534040  -43.98298  -53.14268     -0.412    1496.44     47.864     47.474    14.1958    14.1974     0.0016    14.1888    14.1904     0.0016   4.287482   4.288158   0.000676    35.6739    35.6787     5.3719    26.6680    26.6714          9  0.000e+00
      64300 293.534041  -43.98298  -53.14268     -0.417    1496.44     47.857     47.467    14.1958    14.1975     0.0017    14.1888    14.1905     0.0017   4.287461   4.288179   0.000718    35.6737    35.6788     5.3745    26.6678    26.6714          9  0.000e+00
      64301 293.534041  -43.98298  -53.14268     -0.419    1496.44     47.864     47.474    14.1960    14.1973     0.0013    14.1890    14.1903     0.0013   4.287475   4.288165   0.000690    35.6736    35.6788     5.3741    26.6677    26.6715          9  0.000e+00
      64302 293.534042  -43.98298  -53.14268     -0.419    1496.44     47.864     47.474    14.1960    14.1971     0.0012    14.1890    14.1901     0.0012   4.287461   4.288145   0.000684    35.6735    35.6788     5.3740    26.6676    26.6715          9  0.000e+00
      64303 293.534042  -43.98298  -53.14268     -0.423    1496.44     47.816     47.427    14.1960    14.1973     0.0013    14.1890    14.1903     0.0013   4.287475   4.288172   0.000697    35.6737    35.6789     5.3735    26.6678    26.6715          9  0.000e+00
      64304 293.534043  -43.98298  -53.14268     -0.425    1496.44     47.816     47.427    14.1958    14.1975     0.0017    14.1888    14.1905     0.0017   4.287454   4.288165   0.000711    35.6736    35.6787     5.3734    26.6678    26.6713          9  0.000e+00
      64305 293.534043  -43.98298  -53.14268     -0.425    1496.44     47.816     47.427    14.1960    14.1974     0.0014    14.1890    14.1904     0.0014   4.287454   4.288179   0.000725    35.6735    35.6789     5.3732    26.6676    26.6715          9  0.000e+00
      64306 293.534044  -43.98298  -53.14268     -0.427    1496.44     47.761     47.372    14.1960    14.1973     0.0013    14.1890    14.1903     0.0013   4.287418   4.288206   0.000788    35.6732    35.6792     5.3730    26.6674    26.6718          9  0.000e+00
      64307 293.534044  -43.98298  -53.14268     -0.426    1496.44     47.816     47.427    14.1958    14.1977     0.0019    14.1888    14.1907     0.0019   4.287461   4.288179   0.000718    35.6737    35.6787     5.3729    26.6678    26.6713          9  0.000e+00
      64308 293.534045  -43.98298  -53.14268     -0.423    1496.44     47.768     47.379    14.1960    14.1971     0.0012    14.1890    14.1902     0.0012   4.287461   4.288233   0.000772    35.6735    35.6797     5.3726    26.6677    26.6721          9  0.000e+00
      64309 293.534045  -43.98298  -53.14268     -0.420    1496.44     47.768     47.379    14.1958    14.1968     0.0010    14.1888    14.1898     0.0010   4.287447   4.288186   0.000739    35.6736    35.6795     5.3724    26.6677    26.6721          9  0.000e+00
      64310 293.534046  -43.98298  -53.14268     -0.419    1496.44     47.713     47.325    14.1960    14.1970     0.0010    14.1890    14.1900     0.0010   4.287447   4.288206   0.000759    35.6734    35.6796     5.3722    26.6676    26.6721          9  0.000e+00
      64311 293.534046  -43.98298  -53.14268     -0.416    1496.44     47.768     47.379    14.1960    14.1974     0.0014    14.1890    14.1904     0.0014   4.287489   4.288192   0.000703    35.6738    35.6790     5.3752    26.6679    26.6716          9  0.000e+00
      64312 293.534047  -43.98298  -53.14268     -0.411    1496.44     47.768     47.379    14.1958    14.1973     0.0015    14.1888    14.1903     0.0015   4.287461   4.288192   0.000731    35.6737    35.6791     5.3720    26.6678    26.6717          9  0.000e+00
      64313 293.534047  -43.98298  -53.14268     -0.405    1496.44     47.706     47.318    14.1960    14.1973     0.0013    14.1890    14.1903     0.0013   4.287454   4.288186   0.000732    35.6735    35.6791     5.3752    26.6676    26.6717          9  0.000e+00
      64314 293.534048  -43.98298  -53.14268     -0.403    1496.44     47.713     47.325    14.1960    14.1966     0.0007    14.1890    14.1897     0.0007   4.287475   4.288152   0.000676    35.6737    35.6794     5.3755    26.6678    26.6720          9  0.000e+00
      64315 293.534048  -43.98298  -53.14268     -0.398    1496.44     47.713     47.325    14.1962    14.1968     0.0006    14.1892    14.1898     0.0006   4.287397   4.288158   0.000761    35.6728    35.6793     5.3757    26.6671    26.6719          9  0.000e+00
      64316 293.534049  -43.98298  -53.14268     -0.392    1496.44     47.713     47.325    14.1958    14.1972     0.0014    14.1888    14.1902     0.0014   4.287468   4.288179   0.000711    35.6738    35.6791     5.3760    26.6679    26.6717          9  0.000e+00
      64317 293.534049  -43.98298  -53.14268     -0.383    1496.44     47.713     47.325    14.1960    14.1970     0.0010    14.1890    14.1900     0.0010   4.287461   4.288165   0.000704    35.6736    35.6792     5.3762    26.6677    26.6718          9  0.000e+00
      64318 293.534049  -43.98298  -53.14268     -0.379    1496.44     47.665     47.277    14.1960    14.1973     0.0013    14.1890    14.1904     0.0013   4.287468   4.288179   0.000711    35.6737    35.6790     5.3764    26.6678    26.6716          9  0.000e+00
      64319 293.534050  -43.98298  -53.14268     -0.371    1496.44     47.706     47.318    14.1957    14.1971     0.0015    14.1887    14.1902     0.0015   4.287411   4.288206   0.000795    35.6734    35.6794     5.3767    26.6676    26.6720          9  0.000e+00
      64320 293.534050  -43.98298  -53.14268     -0.363    1496.44     47.713     47.325    14.1960    14.1970     0.0010    14.1890    14.1900     0.0010   4.287433   4.288145   0.000712    35.6733    35.6790     5.3768    26.6675    26.6717          9  0.000e+00
      64321 293.534051  -43.98298  -53.14268     -0.354    1496.44     47.713     47.325    14.1958    14.1968     0.0010    14.1888    14.1898     0.0010   4.287468   4.288138   0.000670    35.6738    35.6791     5.3770    26.6679    26.6718          9  0.000e+00
      64322 293.534051  -43.98298  -53.14268     -0.346    1496.44     47.665     47.277    14.1958    14.1969     0.0011    14.1888    14.1899     0.0011   4.287496   4.288158   0.000662    35.6741    35.6793     5.3772    26.6681    26.6719          9  0.000e+00
      64323 293.534052  -43.98298  -53.14268     -0.334    1496.44     47.713     47.325    14.1960    14.1978     0.0018    14.1890    14.1908     0.0018   4.287461   4.288179   0.000718    35.6736    35.6785     5.3774    26.6677    26.6711          9  0.000e+00
      64324 293.534052  -43.98298  -53.14268     -0.323    1496.44     47.713     47.325    14.1958    14.1971     0.0013    14.1888    14.1902     0.0013   4.287418   4.288186   0.000767    35.6733    35.6792     5.3775    26.6676    26.6718          9  0.000e+00
      64325 293.534053  -43.98298  -53.14268     -0.314    1496.44     47.665     47.277    14.1958    14.1973     0.0015    14.1888    14.1904     0.0015   4.287447   4.288165   0.000718    35.6736    35.6789     5.3776    26.6678    26.6715          9  0.000e+00
      64326 293.534053  -43.98298  -53.14268     -0.303    1496.44     47.706     47.318    14.1958    14.1970     0.0012    14.1888    14.1900     0.0012   4.287447   4.288145   0.000698    35.6736    35.6790     5.3811    26.6678    26.6717          9  0.000e+00
      64327 293.534054  -43.98298  -53.14268     -0.291    1496.44     47.713     47.325    14.1958    14.1975     0.0017    14.1888    14.1905     0.0017   4.287454   4.288172   0.000718    35.6737    35.6788     5.3814    26.6678    26.6714          9  0.000e+00
      64328 293.534054  -43.98298  -53.14268     -0.278    1496.44     47.713     47.325    14.1958    14.1972     0.0014    14.1888    14.1902     0.0014   4.287447   4.288192   0.000746    35.6736    35.6792     5.3785    26.6678    26.6718          9  0.000e+00
      64329 293.534055  -43.98298  -53.14268     -0.269    1496.44     47.713     47.325    14.1957    14.1973     0.0017    14.1887    14.1903     0.0017   4.287447   4.288213   0.000766    35.6737    35.6793     5.3819    26.6679    26.6718          9  0.000e+00
      64330 293.534055  -43.98298  -53.14268     -0.253    1496.44     47.713     47.325    14.1958    14.1971     0.0013    14.1888    14.1902     0.0013   4.287489   4.288179   0.000690    35.6740    35.6792     5.3789    26.6681    26.6718          9  0.000e+00
      64331 293.534056  -43.98298  -53.14268     -0.241    1496.44     47.713     47.325    14.1960    14.1968     0.0008    14.1890    14.1898     0.0008   4.287461   4.288179   0.000718    35.6736    35.6795     5.3822    26.6677    26.6721          9  0.000e+00
      64332 293.534056  -43.98298  -53.14268     -0.229    1496.44     47.706     47.318    14.1958    14.1971     0.0013    14.1889    14.1902     0.0013   4.287418   4.288152   0.000733    35.6733    35.6789     5.3825    26.6675    26.6716          9  0.000e+00
      64333 293.534057  -43.98298  -53.14268     -0.212    1496.44     47.768     47.379    14.1960    14.1971     0.0012    14.1890    14.1902     0.0012   4.287475   4.288186   0.000711    35.6737    35.6792     5.3828    26.6678    26.6718          9  0.000e+00
      64334 293.534057  -43.98298  -53.14268     -0.194    1496.44     47.768     47.379    14.1957    14.1974     0.0017    14.1887    14.1904     0.0017   4.287433   4.288186   0.000753    35.6736    35.6790     5.3798    26.6678    26.6716          9  0.000e+00
      64335 293.534058  -43.98298  -53.14268     -0.182    1496.44     47.768     47.379    14.1960    14.1973     0.0013    14.1890    14.1903     0.0013   4.287461   4.288192   0.000731    35.6735    35.6791     5.3830    26.6677    26.6717          9  0.000e+00
      64336 293.534058  -43.98298  -53.14268     -0.163    1496.44     47.816     47.427    14.1958    14.1970     0.0012    14.1888    14.1900     0.0012   4.287461   4.288186   0.000725    35.6737    35.6793     5.3833    26.6678    26.6719          9  0.000e+00
      64337 293.534059  -43.98298  -53.14268     -0.146    1496.44     47.768     47.379    14.1958    14.1975     0.0017    14.1888    14.1905     0.0017   4.287503   4.288186   0.000682    35.6741    35.6789     5.3834    26.6681    26.6715          9  0.000e+00
      64338 293.534059  -43.98298  -53.14268     -0.131    1496.44     47.816     47.427    14.1958    14.1973     0.0015    14.1888    14.1903     0.0015   4.287418   4.288138   0.000720    35.6733    35.6786     5.3869    26.6675    26.6713          9  0.000e+00
      64339 293.534060  -43.98298  -53.14268     -0.114    1496.44     47.809     47.420    14.1960    14.1971     0.0012    14.1890    14.1902     0.0012   4.287433   4.288165   0.000733    35.6733    35.6790     5.3840    26.6675    26.6716          9  0.000e+00
      64340 293.534060  -43.98300  -53.14268     -0.095    1496.44     47.864     47.475    14.1957    14.1974     0.0017    14.1887    14.1904     0.0017   4.287447   4.288186   0.000739    35.6737    35.6789     5.3842    26.6678    26.6715          9  0.000e+00
      64341 293.534061  -43.98300  -53.14268     -0.079    1496.44     47.816     47.427    14.1957    14.1975     0.0018    14.1887    14.1905     0.0018   4.287426   4.288165   0.000740    35.6735    35.6787     5.3842    26.6677    26.6713          9  0.000e+00
      64342 293.534061  -43.98300  -53.14268     -0.060    1496.44     47.864     47.475    14.1957    14.1975     0.0018    14.1887    14.1905     0.0018   4.287440   4.288233   0.000794    35.6736    35.6793     5.3876    26.6678    26.6718          9  0.000e+00
      64343 293.534062  -43.98300  -53.14268     -0.047    1496.44     47.864     47.475    14.1957    14.1971     0.0015    14.1887    14.1901     0.0015   4.287447   4.288213   0.000766    35.6737    35.6794     5.3879    26.6678    26.6720          9  0.000e+00
      64344 293.534062  -43.98300  -53.14268     -0.027    1496.44     47.864     47.475    14.1958    14.1971     0.0013    14.1888    14.1901     0.0013   4.287426   4.288158   0.000733    35.6733    35.6789     5.3881    26.6676    26.6716          9  0.000e+00
      64345 293.534063  -43.98300  -53.14268     -0.007    1496.44     47.960     47.570    14.1957    14.1973     0.0017    14.1886    14.1903     0.0017   4.287440   4.288172   0.000732    35.6736    35.6788     5.3849    26.6678    26.6715          9  0.000e+00
      64346 293.534063  -43.98300  -53.14268      0.010    1496.44     47.919     47.529    14.1958    14.1967     0.0009    14.1888    14.1897     0.0009   4.287468   4.288193   0.000724    35.6737    35.6796     5.3881    26.6678    26.6722          9  0.000e+00
      64347 293.534063  -43.98300  -53.14268      0.028    1496.44     47.919     47.529    14.1958    14.1973     0.0015    14.1888    14.1903     0.0015   4.287461   4.288186   0.000725    35.6737    35.6790     5.3882    26.6678    26.6716          9  0.000e+00
      64348 293.534064  -43.98300  -53.14268      0.044    1496.44     47.967     47.577    14.1958    14.1973     0.0015    14.1888    14.1903     0.0015   4.287447   4.288186   0.000739    35.6735    35.6790     5.3849    26.6677    26.6716          9  0.000e+00
      64349 293.534064  -43.98300  -53.14268      0.061    1496.44     47.967     47.577    14.1957    14.1971     0.0015    14.1886    14.1901     0.0015   4.287447   4.288165   0.000718    35.6736    35.6789     5.3880    26.6678    26.6716          9  0.000e+00
      64350 293.534065  -43.98300  -53.14268      0.077    1496.44     47.967     47.577    14.1958    14.1973     0.0015    14.1888    14.1903     0.0015   4.287454   4.288179   0.000725    35.6736    35.6789     5.3880    26.6677    26.6715          9  0.000e+00
      64351 293.534065  -43.98300  -53.14268      0.096    1496.44     48.015     47.624    14.1960    14.1969     0.0009    14.1890    14.1899     0.0009   4.287447   4.288165   0.000718    35.6733    35.6792     5.3881    26.6675    26.6718          9  0.000e+00
      64352 293.534066  -43.98300  -53.14268      0.115    1496.44     48.070     47.679    14.1957    14.1977     0.0020    14.1886    14.1906     0.0020   4.287454   4.288179   0.000725    35.6737    35.6785     5.3881    26.6678    26.6712          9  0.000e+00
      64353 293.534066  -43.98300  -53.14268      0.129    1496.44     48.015     47.624    14.1957    14.1971     0.0015    14.1886    14.1901     0.0015   4.287475   4.288186   0.000711    35.6739    35.6791     5.3880    26.6680    26.6717          9  0.000e+00
      64354 293.534067  -43.98300  -53.14268      0.147    1496.44     48.070     47.679    14.1957    14.1977     0.0020    14.1886    14.1906     0.0020   4.287454   4.288227   0.000773    35.6737    35.6790     5.3880    26.6678    26.6715          9  0.000e+00
      64355 293.534067  -43.98300  -53.14268      0.164    1496.44     48.118     47.726    14.1958    14.1971     0.0013    14.1888    14.1901     0.0013   4.287454   4.288199   0.000745    35.6735    35.6792     5.3879    26.6677    26.6718          9  0.000e+00
      64356 293.534068  -43.98300  -53.14268      0.180    1496.44     48.070     47.679    14.1957    14.1975     0.0018    14.1886    14.1905     0.0018   4.287447   4.288227   0.000780    35.6736    35.6792     5.3878    26.6678    26.6717          9  0.000e+00
      64357 293.534068  -43.98300  -53.14268      0.198    1496.44     48.173     47.781    14.1957    14.1970     0.0014    14.1886    14.1900     0.0014   4.287468   4.288199   0.000731    35.6737    35.6793     5.3877    26.6679    26.6719          9  0.000e+00
      64358 293.534069  -43.98300  -53.14268      0.212    1496.44     48.111     47.719    14.1958    14.1973     0.0015    14.1888    14.1903     0.0015   4.287497   4.288206   0.000710    35.6739    35.6791     5.3842    26.6680    26.6717          9  0.000e+00
