Pos-Processados/process_op38/operantar38_019.ros
* Sea-Bird SBE 9 Data File:
* FileName = D:\OPERANTAR_XXXVIII\DADOS\OP38_019.hdr
* Software Version Seasave V 7.18c
* Temperature SN = 4808
* Conductivity SN = 3380
* Number of Bytes Per Scan = 34
* Number of Voltage Words = 3
* Number of Scans Averaged by the Deck Unit = 1
* NMEA Latitude = 62 12.52 S
* NMEA Longitude = 058 17.99 W
* NMEA UTC (Time) = Nov 22 2019 11:08:24
** H41
** NAVIO POLAR ALMIRANTE MAXIMIANO
** CRUZEIRO:
** OPERANTAR XXXVIII
** ESTAÇÃO: OP38_019
** LAT 62 12,51'S
** LONG 058 18,00'W
** 09P73767-1155_A
** PROFUNDIDADE: 271
** DATA/HORA: 221109Z/NOV/2019
** OPERADOR: SO-HN CHAVES
# nquan = 27
# nvalues = 1074                                  
# units = specified
# name 0 = scan: Scan Count
# name 1 = timeJ: Julian Days
# name 2 = latitude: Latitude [deg]
# name 3 = longitude: Longitude [deg]
# name 4 = dz/dtM: Descent Rate [m/s]
# name 5 = avgsvCM: Average Sound Velocity [Chen-Millero, m/s]
# name 6 = prDM: Pressure, Digiquartz [db]
# name 7 = depSM: Depth [salt water, m]
# name 8 = t090C: Temperature [ITS-90, deg C]
# name 9 = t190C: Temperature, 2 [ITS-90, deg C]
# name 10 = T2-T190C: Temperature Difference, 2 - 1 [ITS-90, deg C]
# name 11 = potemp090C: Potential Temperature [ITS-90, deg C]
# name 12 = potemp190C: Potential Temperature, 2 [ITS-90, deg C]
# name 13 = potemp90Cdiff: Potential Temperature, Diff, 2 - 1 [ITS-90, deg C]
# name 14 = c0S/m: Conductivity [S/m]
# name 15 = c1S/m: Conductivity, 2 [S/m]
# name 16 = C2-C1S/m: Conductivity Difference, 2 - 1 [S/m]
# name 17 = sal00: Salinity, Practical [PSU]
# name 18 = sal11: Salinity, Practical, 2 [PSU]
# name 19 = sbeox0ML/L: Oxygen, SBE 43 [ml/l]
# name 20 = sigma-é00: Density [sigma-theta, kg/m^3]
# name 21 = sigma-é11: Density, 2 [sigma-theta, kg/m^3]
# name 22 = sbox0Mm/Kg: Oxygen, SBE 43 [umol/kg]
# name 23 = oxsolMm/Kg: Oxygen Saturation, Garcia & Gordon [umol/kg]
# name 24 = oxsatMm/Kg: Oxygen Saturation, Weiss [umol/kg]
# name 25 = nbf: Bottles Fired
# name 26 = flag:  0.000e+00
# interval = seconds: 0.0416667
# start_time = Nov 22 2019 11:08:24 [NMEA time, header]
# bad_flag = -9.990e-29
*END*
[from data line 215]
      24283 326.475877  -62.20874  -58.30016      0.005    1447.69      3.461      3.428    -0.2281    -0.2260     0.0022    -0.2282    -0.2261     0.0022   2.819756   2.820267   0.000511    34.1386    34.1430     7.7001    27.4222    27.4257    334.706  352.39072  353.91010          2  0.000e+00
      24284 326.475877  -62.20874  -58.30016      0.007    1447.69      3.461      3.428    -0.2278    -0.2260     0.0018    -0.2279    -0.2261     0.0018   2.819756   2.820330   0.000575    34.1383    34.1439     7.7004    27.4219    27.4263    334.723  352.38860  353.90789          2  0.000e+00
      24285 326.475878  -62.20874  -58.30016      0.003    1447.69      3.413      3.381    -0.2276    -0.2257     0.0019    -0.2277    -0.2258     0.0019   2.819756   2.820302   0.000546    34.1381    34.1432     7.7051    27.4217    27.4258    334.926  352.38746  353.90670          2  0.000e+00
      24286 326.475878  -62.20874  -58.30016      0.005    1447.69      3.413      3.381    -0.2276    -0.2256     0.0020    -0.2277    -0.2258     0.0020   2.819774   2.820307   0.000534    34.1383    34.1433     7.7012    27.4219    27.4258    334.756  352.38679  353.90605          2  0.000e+00
      24287 326.475879  -62.20874  -58.30016      0.004    1447.69      3.461      3.428    -0.2275    -0.2261     0.0014    -0.2276    -0.2262     0.0014   2.819786   2.820342   0.000556    34.1383    34.1442     7.7017    27.4219    27.4266    334.777  352.38572  353.90496          2  0.000e+00
      24288 326.475879  -62.20874  -58.30016      0.006    1447.69      3.461      3.428    -0.2277    -0.2261     0.0015    -0.2278    -0.2262     0.0015   2.819786   2.820302   0.000516    34.1385    34.1437     7.6972    27.4221    27.4262    334.580  352.38679  353.90607          2  0.000e+00
      24289 326.475880  -62.20874  -58.30016      0.003    1447.69      3.413      3.381    -0.2278    -0.2263     0.0015    -0.2279    -0.2264     0.0015   2.819762   2.820290   0.000528    34.1384    34.1437     7.6970    27.4220    27.4262    334.571  352.38830  353.90759          2  0.000e+00
      24290 326.475880  -62.20874  -58.30016     -0.001    1447.69      3.413      3.381    -0.2273    -0.2258     0.0015    -0.2274    -0.2259     0.0015   2.819756   2.820359   0.000604    34.1378    34.1441     7.6968    27.4215    27.4265    334.563  352.38569  353.90486          2  0.000e+00
      24291 326.475881  -62.20874  -58.30016     -0.002    1447.69      3.413      3.381    -0.2270    -0.2260     0.0011    -0.2271    -0.2261     0.0011   2.819774   2.820313   0.000540    34.1377    34.1437     7.7017    27.4214    27.4262    334.778  352.38326  353.90236          2  0.000e+00
      24292 326.475881  -62.20874  -58.30016     -0.003    1447.69      3.461      3.428    -0.2272    -0.2260     0.0012    -0.2273    -0.2261     0.0012   2.819804   2.820307   0.000504    34.1382    34.1436     7.7017    27.4218    27.4261    334.777  352.38294  353.90210          2  0.000e+00
      24293 326.475882  -62.20874  -58.30016     -0.003    1447.69      3.414      3.381    -0.2272    -0.2258     0.0013    -0.2273    -0.2259     0.0013   2.819768   2.820342   0.000574    34.1377    34.1439     7.7016    27.4214    27.4264    334.773  352.38419  353.90332          2  0.000e+00
      24294 326.475882  -62.20874  -58.30016     -0.004    1447.69      3.414      3.381    -0.2273    -0.2256     0.0017    -0.2274    -0.2258     0.0017   2.819774   2.820302   0.000528    34.1380    34.1432     7.7016    27.4217    27.4258    334.772  352.38503  353.90421          2  0.000e+00
      24295 326.475883  -62.20874  -58.30016     -0.005    1447.69      3.461      3.428    -0.2276    -0.2255     0.0021    -0.2277    -0.2256     0.0021   2.819786   2.820325   0.000539    34.1385    34.1433     7.7016    27.4220    27.4259    334.773  352.38643  353.90570          2  0.000e+00
      24296 326.475883  -62.20874  -58.30016     -0.008    1447.69      3.414      3.381    -0.2280    -0.2253     0.0026    -0.2281    -0.2254     0.0026   2.819786   2.820371   0.000585    34.1389    34.1438     7.7015    27.4224    27.4262    334.770  352.38847  353.90783          2  0.000e+00
      24297 326.475883  -62.20874  -58.30016     -0.008    1447.69      3.414      3.381    -0.2280    -0.2253     0.0026    -0.2281    -0.2254     0.0026   2.819786   2.820313   0.000527    34.1389    34.1430     7.7015    27.4224    27.4256    334.768  352.38847  353.90783          2  0.000e+00
      24298 326.475884  -62.20874  -58.30016     -0.011    1447.69      3.414      3.381    -0.2280    -0.2254     0.0026    -0.2281    -0.2255     0.0026   2.819762   2.820365   0.000604    34.1386    34.1437     7.7022    27.4221    27.4262    334.799  352.38936  353.90870          2  0.000e+00
      24299 326.475884  -62.20874  -58.30016     -0.009    1447.69      3.461      3.428    -0.2280    -0.2252     0.0028    -0.2281    -0.2253     0.0028   2.819756   2.820359   0.000604    34.1385    34.1434     7.7022    27.4221    27.4259    334.801  352.38966  353.90900          2  0.000e+00
      24300 326.475885  -62.20874  -58.30016     -0.016    1447.69      3.359      3.326    -0.2278    -0.2256     0.0021    -0.2279    -0.2258     0.0021   2.819756   2.820319   0.000563    34.1383    34.1434     7.7071    27.4219    27.4260    335.013  352.38843  353.90772          2  0.000e+00
      24301 326.475885  -62.20874  -58.30016     -0.013    1447.69      3.461      3.428    -0.2276    -0.2254     0.0022    -0.2277    -0.2255     0.0022   2.819756   2.820371   0.000615    34.1381    34.1438     7.7028    27.4217    27.4262    334.826  352.38754  353.90678          2  0.000e+00
      24302 326.475886  -62.20874  -58.30016     -0.017    1447.69      3.414      3.381    -0.2280    -0.2255     0.0025    -0.2281    -0.2256     0.0025   2.819756   2.820359   0.000604    34.1385    34.1438     7.7028    27.4221    27.4263    334.824  352.38958  353.90892          2  0.000e+00
      24303 326.475886  -62.20874  -58.30016     -0.014    1447.69      3.461      3.428    -0.2278    -0.2258     0.0020    -0.2279    -0.2259     0.0020   2.819737   2.820319   0.000581    34.1380    34.1436     7.7086    27.4217    27.4261    335.077  352.38926  353.90854          2  0.000e+00
      24304 326.475887  -62.20874  -58.30016     -0.018    1447.69      3.414      3.381    -0.2278    -0.2261     0.0017    -0.2279    -0.2262     0.0017   2.819768   2.820348   0.000580    34.1384    34.1443     7.7049    27.4220    27.4267    334.916  352.38808  353.90738          2  0.000e+00
      24305 326.475887  -62.20874  -58.30016     -0.018    1447.69      3.414      3.381    -0.2275    -0.2258     0.0017    -0.2276    -0.2259     0.0017   2.819840   2.820313   0.000473    34.1391    34.1435     7.7055    27.4225    27.4260    334.944  352.38365  353.90293          2  0.000e+00
      24306 326.475888  -62.20874  -58.30016     -0.015    1447.69      3.461      3.428    -0.2275    -0.2255     0.0020    -0.2276    -0.2256     0.0020   2.819822   2.820267   0.000445    34.1388    34.1425     7.7005    27.4223    27.4252    334.727  352.38440  353.90366          2  0.000e+00
      24307 326.475888  -62.20874  -58.30016     -0.019    1447.69      3.414      3.381    -0.2272    -0.2260     0.0012    -0.2273    -0.2261     0.0012   2.819828   2.820348   0.000520    34.1385    34.1441     7.7048    27.4221    27.4266    334.911  352.38197  353.90115          2  0.000e+00
      24308 326.475889  -62.20874  -58.30016     -0.013    1447.69      3.461      3.428    -0.2269    -0.2258     0.0010    -0.2270    -0.2259     0.0010   2.819858   2.820348   0.000490    34.1386    34.1440     7.6997    27.4221    27.4264    334.691  352.37918  353.89830          2  0.000e+00
      24309 326.475889  -62.20874  -58.30016     -0.012    1447.69      3.482      3.449    -0.2270    -0.2258     0.0012    -0.2271    -0.2259     0.0012   2.819846   2.820302   0.000456    34.1386    34.1433     7.7042    27.4221    27.4259    334.884  352.38072  353.89987          2  0.000e+00
      24310 326.475890  -62.20874  -58.30016     -0.010    1447.69      3.461      3.428    -0.2270    -0.2258     0.0012    -0.2271    -0.2259     0.0012   2.819858   2.820377   0.000519    34.1388    34.1443     7.7042    27.4223    27.4267    334.886  352.38024  353.89941          2  0.000e+00
      24311 326.475890  -62.20874  -58.30016     -0.007    1447.69      3.461      3.428    -0.2267    -0.2252     0.0015    -0.2268    -0.2253     0.0015   2.819864   2.820377   0.000513    34.1385    34.1436     7.7042    27.4220    27.4261    334.886  352.37790  353.89698          2  0.000e+00
      24312 326.475891  -62.20874  -58.30016     -0.008    1447.69      3.461      3.428    -0.2270    -0.2255     0.0015    -0.2271    -0.2256     0.0015   2.819864   2.820348   0.000484    34.1389    34.1436     7.7043    27.4223    27.4261    334.891  352.38002  353.89919          2  0.000e+00
      24313 326.475891  -62.20874  -58.30016     -0.005    1447.69      3.461      3.428    -0.2269    -0.2260     0.0009    -0.2270    -0.2261     0.0009   2.819846   2.820394   0.000548    34.1384    34.1447     7.7044    27.4220    27.4270    334.893  352.37962  353.89873          2  0.000e+00
      24314 326.475892  -62.20874  -58.30016     -0.000    1447.69      3.509      3.476    -0.2269    -0.2260     0.0009    -0.2270    -0.2261     0.0009   2.819858   2.820377   0.000519    34.1386    34.1445     7.7045    27.4221    27.4268    334.898  352.37926  353.89838          2  0.000e+00
      24315 326.475892  -62.20874  -58.30016     -0.001    1447.69      3.462      3.428    -0.2269    -0.2255     0.0014    -0.2270    -0.2256     0.0014   2.819864   2.820406   0.000542    34.1387    34.1444     7.7045    27.4222    27.4267    334.898  352.37896  353.89808          2  0.000e+00
      24316 326.475893  -62.20874  -58.30016      0.007    1447.69      3.509      3.476    -0.2267    -0.2244     0.0023    -0.2268    -0.2245     0.0023   2.819864   2.820492   0.000628    34.1384    34.1443     7.7045    27.4220    27.4266    334.901  352.37798  353.89706          2  0.000e+00
      24317 326.475893  -62.20874  -58.30016      0.009    1447.69      3.509      3.476    -0.2270    -0.2243     0.0028    -0.2271    -0.2244     0.0028   2.819882   2.820481   0.000599    34.1391    34.1440     7.7097    27.4225    27.4263    335.126  352.37944  353.89862          2  0.000e+00
      24318 326.475894  -62.20874  -58.30016      0.011    1447.69      3.462      3.428    -0.2269    -0.2243     0.0026    -0.2270    -0.2244     0.0026   2.819852   2.820452   0.000600    34.1385    34.1436     7.7054    27.4220    27.4260    334.937  352.37940  353.89852          2  0.000e+00
      24319 326.475894  -62.20874  -58.30016      0.016    1447.69      3.509      3.476    -0.2270    -0.2236     0.0034    -0.2271    -0.2238     0.0034   2.819858   2.820498   0.000640    34.1388    34.1435     7.7055    27.4223    27.4259    334.942  352.38032  353.89949          2  0.000e+00
      24320 326.475895  -62.20874  -58.30016      0.024    1447.69      3.564      3.530    -0.2272    -0.2243     0.0029    -0.2273    -0.2244     0.0029   2.819846   2.820463   0.000618    34.1387    34.1437     7.7056    27.4222    27.4261    334.947  352.38156  353.90075          2  0.000e+00
      24321 326.475895  -62.20874  -58.30016      0.028    1447.69      3.509      3.476    -0.2270    -0.2240     0.0031    -0.2271    -0.2241     0.0031   2.819840   2.820446   0.000606    34.1385    34.1432     7.7056    27.4221    27.4257    334.945  352.38099  353.90014          2  0.000e+00
      24322 326.475896  -62.20874  -58.30016      0.029    1447.69      3.509      3.476    -0.2273    -0.2240     0.0034    -0.2274    -0.2241     0.0034   2.819816   2.820498   0.000682    34.1385    34.1438     7.7056    27.4221    27.4262    334.949  352.38364  353.90285          2  0.000e+00
      24323 326.475896  -62.20874  -58.30016      0.033    1447.69      3.509      3.476    -0.2270    -0.2243     0.0028    -0.2271    -0.2244     0.0028   2.819864   2.820446   0.000582    34.1388    34.1435     7.7056    27.4223    27.4260    334.947  352.38010  353.89927          2  0.000e+00
      24324 326.475897  -62.20874  -58.30016      0.037    1447.69      3.509      3.476    -0.2272    -0.2238     0.0033    -0.2273    -0.2239     0.0033   2.819870   2.820458   0.000588    34.1390    34.1432     7.7056    27.4225    27.4257    334.949  352.38059  353.89979          2  0.000e+00
      24325 326.475897  -62.20874  -58.30016      0.041    1447.69      3.564      3.530    -0.2270    -0.2240     0.0031    -0.2272    -0.2241     0.0031   2.819864   2.820504   0.000640    34.1388    34.1439     7.7057    27.4223    27.4263    334.952  352.38019  353.89936          2  0.000e+00
      24326 326.475897  -62.20874  -58.30016      0.048    1447.69      3.509      3.476    -0.2264    -0.2243     0.0021    -0.2265    -0.2244     0.0021   2.819846   2.820446   0.000600    34.1379    34.1435     7.7056    27.4215    27.4260    334.947  352.37687  353.89586          2  0.000e+00
      24327 326.475898  -62.20874  -58.30016      0.048    1447.69      3.509      3.476    -0.2264    -0.2238     0.0026    -0.2265    -0.2239     0.0026   2.819858   2.820475   0.000617    34.1380    34.1434     7.7056    27.4216    27.4258    334.948  352.37643  353.89543          2  0.000e+00
      24328 326.475898  -62.20874  -58.30016      0.056    1447.69      3.564      3.530    -0.2259    -0.2244     0.0015    -0.2261    -0.2245     0.0015   2.819882   2.820487   0.000605    34.1378    34.1442     7.7056    27.4214    27.4265    334.948  352.37281  353.89170          2  0.000e+00
      24329 326.475899  -62.20874  -58.30016      0.062    1447.69      3.564      3.530    -0.2258    -0.2238     0.0020    -0.2259    -0.2239     0.0020   2.819888   2.820452   0.000564    34.1377    34.1430     7.7056    27.4213    27.4255    334.948  352.37153  353.89038          2  0.000e+00
      24330 326.475899  -62.20874  -58.30016      0.062    1447.69      3.509      3.476    -0.2258    -0.2240     0.0018    -0.2259    -0.2241     0.0018   2.819870   2.820527   0.000657    34.1375    34.1442     7.7107    27.4212    27.4265    335.167  352.37210  353.89094          2  0.000e+00
      24331 326.475900  -62.20874  -58.30016      0.065    1447.69      3.564      3.530    -0.2261    -0.2235     0.0026    -0.2262    -0.2236     0.0026   2.819882   2.820504   0.000622    34.1379    34.1434     7.7115    27.4216    27.4258    335.204  352.37352  353.89244          2  0.000e+00
      24332 326.475900  -62.20874  -58.30018      0.070    1447.69      3.564      3.530    -0.2261    -0.2238     0.0023    -0.2262    -0.2239     0.0023   2.819888   2.820475   0.000587    34.1381    34.1433     7.7122    27.4217    27.4258    335.235  352.37365  353.89259          2  0.000e+00
      24333 326.475901  -62.20874  -58.30018      0.072    1447.69      3.510      3.476    -0.2262    -0.2238     0.0024    -0.2263    -0.2239     0.0024   2.819906   2.820510   0.000604    34.1385    34.1438     7.7078    27.4220    27.4262    335.042  352.37360  353.89259          2  0.000e+00
      24334 326.475901  -62.20874  -58.30018      0.074    1447.69      3.564      3.530    -0.2262    -0.2232     0.0031    -0.2263    -0.2233     0.0031   2.819918   2.820475   0.000557    34.1386    34.1426     7.7136    27.4221    27.4252    335.295  352.37325  353.89224          2  0.000e+00
      24335 326.475902  -62.20874  -58.30018      0.075    1447.69      3.564      3.530    -0.2261    -0.2236     0.0025    -0.2262    -0.2238     0.0025   2.819918   2.820429   0.000511    34.1385    34.1425     7.7092    27.4220    27.4252    335.104  352.37254  353.89150          2  0.000e+00
