Pos-Processados/process_op38/operantar38_007.cnv
* Sea-Bird SBE 9 Data File:
* FileName = D:\OPERANTAR_XXXVIII\DADOS\OP38_007.hdr
* Software Version Seasave V 7.18c
* Temperature SN = 4808
* Conductivity SN = 3380
* Number of Bytes Per Scan = 31
* Number of Voltage Words = 2
* Number of Scans Averaged by the Deck Unit = 1
* NMEA Latitude = 44 52.70 S
* NMEA Longitude = 051 46.25 W
* NMEA UTC (Time) = Oct 19 2019 21:28:45
** H41
** NAVIO POLAR ALMIRANTE MAXIMIANO
** CRUZEIRO:
** OPERANTAR XXXVIII
** ESTAÇÃO: OP38_007
** LAT 44 52,70' S
** LONG 051 46,27' W
** 09P73767-1155
** PROFUNDIDADE: 5881
** DATA/HORA: 192130Z/OUT/2019
** OPERADOR: SO-HN CHAVES
# nquan = 30
# nvalues = 2139                        
# units = specified
# name 0 = scan: Scan Count
# name 1 = timeJ: Julian Days
# name 2 = latitude: Latitude [deg]
# name 3 = longitude: Longitude [deg]
# name 4 = dz/dtM: Descent Rate [m/s]
# name 5 = avgsvCM: Average Sound Velocity [Chen-Millero, m/s]
# name 6 = prDM: Pressure, Digiquartz [db]
# name 7 = depSM: Depth [salt water, m]
# name 8 = t090C: Temperature [ITS-90, deg C]
# name 9 = t190C: Temperature, 2 [ITS-90, deg C]
# name 10 = T2-T190C: Temperature Difference, 2 - 1 [ITS-90, deg C]
# name 11 = potemp090C: Potential Temperature [ITS-90, deg C]
# name 12 = potemp190C: Potential Temperature, 2 [ITS-90, deg C]
# name 13 = potemp90Cdiff: Potential Temperature, Diff, 2 - 1 [ITS-90, deg C]
# name 14 = c0S/m: Conductivity [S/m]
# name 15 = c1S/m: Conductivity, 2 [S/m]
# name 16 = C2-C1S/m: Conductivity Difference, 2 - 1 [S/m]
# name 17 = sal00: Salinity, Practical [PSU]
# name 18 = sal11: Salinity, Practical, 2 [PSU]
# name 19 = sbeox0ML/L: Oxygen, SBE 43 [ml/l]
# name 20 = sigma-é00: Density [sigma-theta, kg/m^3]
# name 21 = sigma-é11: Density, 2 [sigma-theta, kg/m^3]
# name 22 = sal00: Salinity, Practical [PSU]
# name 23 = sigma-é00: Density [sigma-theta, kg/m^3]
# name 24 = svCM: Sound Velocity [Chen-Millero, m/s]
# name 25 = svCM1: Sound Velocity, 2 [Chen-Millero, m/s]
# name 26 = gsw_ptA0: potential temperature [ITS-90, deg C]
# name 27 = gsw_densityA0: density, TEOS-10 [density, kg/m^3]
# name 28 = gsw_saA0: Absolute Salinity [g/kg]
# name 29 = flag:
# span 0 =       1755,      69557       
# span 1 = 292.895811, 292.928509       
# span 2 =  -44.87836,  -44.87830       
# span 3 =  -51.77098,  -51.77090       
# span 4 =     -1.749,      1.526       
# span 5 =       0.00,    1507.37       
# span 6 =      3.000,   1072.000       
# span 7 =      2.987,   1060.568       
# span 8 =     2.7695,     9.7519       
# span 9 =     2.7703,     9.7533       
# span 10 =    -0.1467,     0.0490      
# span 11 =     2.7056,     9.7514      
# span 12 =     2.7063,     9.7523      
# span 13 =    -0.1466,     0.0487      
# span 14 =   3.131096,   3.750973      
# span 15 =   3.131612,   3.751782      
# span 16 =  -0.014045,   0.005064      
# span 17 =    34.0959,    34.6418      
# span 18 =    34.1009,    34.6478      
# span 19 =     4.0736,     6.5747      
# span 20 =    26.7079,    27.4704      
# span 21 =    26.7125,    27.4746      
# span 22 =    34.0929,    34.6428      
# span 23 =    26.7079,    27.4702      
# span 24 =    1470.89,    1488.67      
# span 25 =    1470.90,    1488.66      
# span 26 =     2.7055,     9.7514      
# span 27 =  1026.7279,  1032.4372      
# span 28 =    34.2543,    34.8064      
# span 29 = 0.0000e+00, 0.0000e+00      
# interval = decibars: 1                
# start_time = Oct 19 2019 21:28:45 [NMEA time, header]
# bad_flag = -9.990e-29
*END*
[from data line 629]
      21164 292.905171  -44.87834  -51.77094      1.127    1474.56    632.000    625.922     3.2594     3.2603     0.0009     3.2173     3.2182     0.0009   3.152864   3.153363   0.000497    34.2173    34.2223     5.2696    27.2402    27.2442    34.2163    27.2395    1472.85    1472.86     3.2173  1030.1761    34.3795 0.0000e+00
      21185 292.905181  -44.87834  -51.77094      1.168    1474.56    633.000    626.911     3.2556     3.2565     0.0009     3.2134     3.2143     0.0009   3.152629   3.153132   0.000502    34.2176    34.2227     5.2787    27.2409    27.2448    34.2170    27.2404    1472.86    1472.87     3.2134  1030.1817    34.3802 0.0000e+00
      21211 292.905194  -44.87834  -51.77094      1.008    1474.56    634.000    627.899     3.2545     3.2554     0.0009     3.2123     3.2132     0.0009   3.152618   3.153114   0.000495    34.2180    34.2230     5.2795    27.2413    27.2452    34.2175    27.2409    1472.87    1472.88     3.2122  1030.1868    34.3807 0.0000e+00
      21245 292.905210  -44.87834  -51.77094      0.744    1474.56    635.000    628.888     3.2492     3.2502     0.0010     3.2070     3.2080     0.0010   3.152186   3.152694   0.000508    34.2182    34.2233     5.2714    27.2419    27.2459    34.2173    27.2412    1472.86    1472.87     3.2069  1030.1918    34.3805 0.0000e+00
      21273 292.905224  -44.87834  -51.77094      0.775    1474.56    636.000    629.877     3.2444     3.2453     0.0009     3.2021     3.2030     0.0009   3.151837   3.152330   0.000491    34.2185    34.2235     5.2739    27.2427    27.2466    34.2176    27.2419    1472.86    1472.87     3.2021  1030.1973    34.3808 0.0000e+00
      21295 292.905234  -44.87836  -51.77094      0.965    1474.56    637.000    630.866     3.2394     3.2406     0.0012     3.1971     3.1983     0.0012   3.151448   3.151968   0.000520    34.2186    34.2236     5.2732    27.2432    27.2471    34.2177    27.2425    1472.85    1472.87     3.1970  1030.2025    34.3809 0.0000e+00
      21313 292.905243  -44.87834  -51.77094      1.161    1474.56    638.000    631.855     3.2372     3.2383     0.0011     3.1949     3.1959     0.0011   3.151324   3.151838   0.000513    34.2187    34.2237     5.2667    27.2435    27.2474    34.2180    27.2429    1472.86    1472.87     3.1947  1030.2076    34.3812 0.0000e+00
      21329 292.905251  -44.87834  -51.77094      1.335    1474.56    639.000    632.844     3.2375     3.2382     0.0007     3.1950     3.1957     0.0007   3.151453   3.151933   0.000484    34.2191    34.2241     5.2584    27.2438    27.2478    34.2187    27.2435    1472.88    1472.89     3.1949  1030.2128    34.3819 0.0000e+00
      21345 292.905259  -44.87834  -51.77094      1.448    1474.56    640.000    633.833     3.2375     3.2385     0.0010     3.1950     3.1959     0.0010   3.151491   3.152001   0.000506    34.2191    34.2242     5.2556    27.2438    27.2478    34.2186    27.2434    1472.90    1472.91     3.1949  1030.2173    34.3818 0.0000e+00
      21363 292.905267  -44.87834  -51.77094      1.463    1474.56    641.000    634.822     3.2391     3.2398     0.0007     3.1965     3.1972     0.0007   3.151756   3.152241   0.000493    34.2195    34.2246     5.2627    27.2440    27.2480    34.2196    27.2440    1472.92    1472.93     3.1964  1030.2225    34.3828 0.0000e+00
      21384 292.905277  -44.87834  -51.77094      1.307    1474.56    642.000    635.810     3.2408     3.2420     0.0012     3.1981     3.1992     0.0012   3.151931   3.152467   0.000528    34.2205    34.2257     5.2652    27.2446    27.2486    34.2194    27.2438    1472.94    1472.96     3.1980  1030.2268    34.3826 0.0000e+00
      21411 292.905290  -44.87834  -51.77096      0.978    1474.56    643.000    636.799     3.2328     3.2341     0.0013     3.1901     3.1914     0.0013   3.151475   3.152025   0.000538    34.2216    34.2267     5.2587    27.2463    27.2502    34.2217    27.2464    1472.93    1472.94     3.1900  1030.2342    34.3850 0.0000e+00
      21438 292.905304  -44.87834  -51.77096      0.850    1474.56    644.000    637.788     3.2401     3.2415     0.0013     3.1973     3.1986     0.0013   3.152199   3.152741   0.000540    34.2226    34.2277     5.2426    27.2464    27.2503    34.2222    27.2461    1472.98    1472.99     3.1972  1030.2384    34.3855 0.0000e+00
      21461 292.905314  -44.87834  -51.77096      0.976    1474.56    645.000    638.777     3.2312     3.2329     0.0016     3.1884     3.1900     0.0016   3.151306   3.151868   0.000575    34.2218    34.2270     5.2439    27.2466    27.2506    34.2203    27.2454    1472.96    1472.97     3.1883  1030.2424    34.3836 0.0000e+00
      21481 292.905324  -44.87834  -51.77094      1.116    1474.56    646.000    639.766     3.2216     3.2224     0.0007     3.1787     3.1795     0.0007   3.150551   3.151030   0.000479    34.2215    34.2265     5.2437    27.2472    27.2511    34.2208    27.2467    1472.93    1472.94     3.1787  1030.2485    34.3841 0.0000e+00
      21503 292.905335  -44.87834  -51.77094      1.140    1474.56    647.000    640.754     3.2224     3.2235     0.0011     3.1794     3.1806     0.0011   3.150755   3.151272   0.000517    34.2225    34.2276     5.2334    27.2480    27.2519    34.2219    27.2475    1472.95    1472.96     3.1794  1030.2539    34.3852 0.0000e+00
      21530 292.905348  -44.87834  -51.77094      0.967    1474.56    648.000    641.743     3.2261     3.2269     0.0007     3.1831     3.1838     0.0007   3.151274   3.151752   0.000479    34.2234    34.2284     5.2323    27.2483    27.2522    34.2237    27.2486    1472.99    1473.00     3.1830  1030.2596    34.3870 0.0000e+00
      21556 292.905360  -44.87834  -51.77094      0.873    1474.56    649.000    642.732     3.2340     3.2352     0.0011     3.1909     3.1920     0.0011   3.152169   3.152678   0.000511    34.2253    34.2303     5.2389    27.2491    27.2530    34.2257    27.2495    1473.04    1473.05     3.1908  1030.2649    34.3890 0.0000e+00
      21576 292.905370  -44.87834  -51.77094      1.028    1474.56    650.000    643.721     3.2382     3.2397     0.0014     3.1950     3.1964     0.0014   3.152799   3.153335   0.000529    34.2267    34.2316     5.2434    27.2499    27.2536    34.2283    27.2511    1473.08    1473.09     3.1949  1030.2711    34.3916 0.0000e+00
      21593 292.905378  -44.87834  -51.77094      1.249    1474.56    651.000    644.710     3.2486     3.2492     0.0007     3.2051     3.2058     0.0007   3.153902   3.154371   0.000472    34.2298    34.2348     5.2366    27.2514    27.2553    34.2302    27.2517    1473.14    1473.15     3.2051  1030.2761    34.3935 0.0000e+00
      21608 292.905385  -44.87834  -51.77094      1.427    1474.56    652.000    645.698     3.2402     3.2405     0.0003     3.1968     3.1971     0.0003   3.152853   3.153308   0.000456    34.2287    34.2339     5.2302    27.2513    27.2554    34.2258    27.2490    1473.12    1473.12     3.1967  1030.2782    34.3891 0.0000e+00
      21624 292.905393  -44.87834  -51.77094      1.526    1474.56    653.000    646.687     3.2123     3.2126     0.0003     3.1690     3.1692     0.0003   3.150057   3.150551   0.000471    34.2261    34.2315     5.2250    27.2518    27.2561    34.2210    27.2477    1473.01    1473.02     3.1689  1030.2820    34.3843 0.0000e+00
      21641 292.905401  -44.87834  -51.77094      1.504    1474.56    654.000    647.676     3.1924     3.1946     0.0021     3.1491     3.1512     0.0021   3.148889   3.149534   0.000649    34.2283    34.2339     5.2109    27.2554    27.2597    34.2273    27.2546    1472.95    1472.96     3.1491  1030.2938    34.3906 0.0000e+00
      21678 292.905419  -44.87834  -51.77094      0.840    1474.56    655.000    648.665     3.1834     3.1840     0.0006     3.1401     3.1406     0.0006   3.148166   3.148648   0.000485    34.2293    34.2345     5.1820    27.2570    27.2611    34.2275    27.2556    1472.93    1472.93     3.1400  1030.2996    34.3908 0.0000e+00
      21722 292.905440  -44.87834  -51.77094      0.495    1474.56    656.000    649.654     3.1739     3.1747     0.0008     3.1305     3.1313     0.0008   3.147330   3.147815   0.000490    34.2287    34.2338     5.1894    27.2574    27.2614    34.2269    27.2560    1472.90    1472.91     3.1305  1030.3048    34.3903 0.0000e+00
      21747 292.905452  -44.87834  -51.77094      0.803    1474.56    657.000    650.642     3.1681     3.1688     0.0007     3.1247     3.1253     0.0007   3.146953   3.147445   0.000493    34.2291    34.2343     5.1947    27.2582    27.2624    34.2280    27.2574    1472.90    1472.91     3.1246  1030.3109    34.3913 0.0000e+00
      21768 292.905462  -44.87834  -51.77094      1.031    1474.56    658.000    651.631     3.1712     3.1718     0.0006     3.1277     3.1283     0.0006   3.147382   3.147838   0.000463    34.2297    34.2346     5.1931    27.2585    27.2624    34.2293    27.2582    1472.93    1472.93     3.1277  1030.3162    34.3926 0.0000e+00
      21787 292.905472  -44.87834  -51.77094      1.180    1474.56    659.000    652.620     3.1820     3.1828     0.0008     3.1383     3.1391     0.0008   3.148697   3.149174   0.000466    34.2320    34.2368     5.1968    27.2593    27.2631    34.2333    27.2604    1472.99    1473.00     3.1383  1030.3229    34.3967 0.0000e+00
      21807 292.905481  -44.87834  -51.77094      1.240    1474.56    660.000    653.608     3.1912     3.1919     0.0006     3.1475     3.1481     0.0006   3.149637   3.150090   0.000461    34.2336    34.2385     5.2001    27.2598    27.2637    34.2344    27.2604    1473.05    1473.06     3.1474  1030.3273    34.3977 0.0000e+00
      21828 292.905491  -44.87834  -51.77094      1.187    1474.56    661.000    654.597     3.2041     3.2045     0.0004     3.1602     3.1606     0.0004   3.151136   3.151577   0.000442    34.2373    34.2423     5.1948    27.2616    27.2655    34.2384    27.2624    1473.13    1473.14     3.1602  1030.3337    34.4018 0.0000e+00
      21850 292.905502  -44.87834  -51.77094      1.113    1474.56    662.000    655.586     3.2060     3.2068     0.0008     3.1620     3.1628     0.0008   3.151267   3.151755   0.000488    34.2375    34.2425     5.1843    27.2615    27.2655    34.2375    27.2615    1473.15    1473.16     3.1620  1030.3374    34.4009 0.0000e+00
      21871 292.905512  -44.87834  -51.77094      1.121    1474.37    663.000    656.575     3.2048     3.2062     0.0014     3.1608     3.1622     0.0014   3.151281   3.151815   0.000529    34.2379    34.2428     5.1660    27.2620    27.2657    34.2383    27.2623    1473.16    1473.17     3.1607  1030.3428    34.4017 0.0000e+00
      21890 292.905521  -44.87834  -51.77094      1.189    1474.37    664.000    657.564     3.2062     3.2071     0.0009     3.1621     3.1629     0.0009   3.151479   3.151960   0.000482    34.2383    34.2432     5.1418    27.2622    27.2660    34.2387    27.2625    1473.19    1473.20     3.1620  1030.3476    34.4021 0.0000e+00
      21909 292.905531  -44.87834  -51.77095      1.242    1474.37    665.000    658.552     3.2067     3.2077     0.0010     3.1625     3.1635     0.0010   3.151587   3.152108   0.000519    34.2392    34.2444     5.1257    27.2629    27.2669    34.2390    27.2627    1473.21    1473.22     3.1624  1030.3524    34.4025 0.0000e+00
      21932 292.905541  -44.87834  -51.77096      1.174    1474.37    666.000    659.541     3.2002     3.2008     0.0006     3.1560     3.1566     0.0005   3.151154   3.151637   0.000485    34.2404    34.2456     5.1164    27.2644    27.2685    34.2401    27.2641    1473.19    1473.20     3.1559  1030.3586    34.4035 0.0000e+00
      21968 292.905559  -44.87834  -51.77095      0.751    1474.37    667.000    660.527     3.1967     3.1975     0.0009     3.1524     3.1533     0.0009   3.150942   3.151457   0.000513    34.2409    34.2462     5.1045    27.2652    27.2693    34.2407    27.2650    1473.20    1473.21     3.1523  1030.3641    34.4041 0.0000e+00
      22011 292.905580  -44.87834  -51.77094      0.535    1474.37    668.000    661.525     3.1954     3.1961     0.0007     3.1510     3.1518     0.0007   3.150892   3.151375   0.000484    34.2411    34.2462     5.0903    27.2654    27.2694    34.2410    27.2653    1473.21    1473.22     3.1509  1030.3690    34.4044 0.0000e+00
      22039 292.905593  -44.87834  -51.77094      0.762    1474.37    669.000    662.507     3.1953     3.1961     0.0007     3.1509     3.1517     0.0007   3.150945   3.151431   0.000484    34.2412    34.2462     5.0862    27.2655    27.2695    34.2411    27.2654    1473.23    1473.23     3.1508  1030.3738    34.4046 0.0000e+00
      22060 292.905603  -44.87834  -51.77094      0.988    1474.37    670.000    663.496     3.1935     3.1945     0.0009     3.1490     3.1500     0.0009   3.150861   3.151357   0.000497    34.2418    34.2468     5.0949    27.2662    27.2701    34.2415    27.2659    1473.23    1473.24     3.1490  1030.3789    34.4049 0.0000e+00
      22079 292.905613  -44.87834  -51.77094      1.162    1474.37    671.000    664.485     3.1921     3.1930     0.0010     3.1475     3.1485     0.0010   3.150793   3.151301   0.000503    34.2420    34.2470     5.0989    27.2664    27.2704    34.2417    27.2662    1473.24    1473.26     3.1475  1030.3838    34.4051 0.0000e+00
      22098 292.905622  -44.87834  -51.77094      1.251    1474.37    672.000    665.473     3.1903     3.1912     0.0009     3.1457     3.1466     0.0009   3.150678   3.151175   0.000498    34.2420    34.2471     5.0925    27.2666    27.2706    34.2416    27.2663    1473.25    1473.26     3.1456  1030.3886    34.4051 0.0000e+00
      22119 292.905632  -44.87834  -51.77094      1.235    1474.37    673.000    666.462     3.1873     3.1882     0.0009     3.1427     3.1435     0.0009   3.150450   3.150940   0.000489    34.2419    34.2469     5.0889    27.2669    27.2708    34.2414    27.2665    1473.26    1473.27     3.1426  1030.3934    34.4049 0.0000e+00
      22141 292.905642  -44.87834  -51.77094      1.131    1474.37    674.000    667.450     3.1842     3.1852     0.0010     3.1395     3.1405     0.0010   3.150205   3.150714   0.000508    34.2419    34.2469     5.0909    27.2671    27.2711    34.2413    27.2666    1473.26    1473.27     3.1394  1030.3982    34.4048 0.0000e+00
      22164 292.905654  -44.87834  -51.77094      1.045    1474.37    675.000    668.439     3.1817     3.1825     0.0009     3.1369     3.1377     0.0008   3.150063   3.150559   0.000495    34.2421    34.2471     5.0885    27.2675    27.2715    34.2417    27.2672    1473.27    1473.28     3.1368  1030.4035    34.4052 0.0000e+00
      22187 292.905664  -44.87834  -51.77094      1.052    1474.37    676.000    669.428     3.1815     3.1824     0.0009     3.1366     3.1375     0.0009   3.150102   3.150600   0.000500    34.2421    34.2472     5.0914    27.2676    27.2715    34.2418    27.2673    1473.28    1473.29     3.1366  1030.4082    34.4053 0.0000e+00
      22208 292.905675  -44.87834  -51.77096      1.089    1474.37    677.000    670.417     3.1805     3.1814     0.0009     3.1356     3.1365     0.0009   3.150077   3.150564   0.000486    34.2425    34.2474     5.0939    27.2680    27.2718    34.2420    27.2676    1473.29    1473.30     3.1355  1030.4131    34.4055 0.0000e+00
      22231 292.905686  -44.87834  -51.77096      1.085    1474.37    678.000    671.405     3.1781     3.1790     0.0009     3.1331     3.1340     0.0009   3.149879   3.150384   0.000505    34.2424    34.2476     5.0914    27.2681    27.2722    34.2417    27.2675    1473.30    1473.31     3.1330  1030.4177    34.4052 0.0000e+00
