Pos-Processados/process_op38/operantar38_017.cnv
* Sea-Bird SBE 9 Data File:
* FileName = D:\OPERANTAR_XXXVIII\DADOS\OP38_017.hdr
* Software Version Seasave V 7.18c
* Temperature SN = 4808
* Conductivity SN = 3380
* Number of Bytes Per Scan = 34
* Number of Voltage Words = 3
* Number of Scans Averaged by the Deck Unit = 1
* NMEA Latitude = 62 16.17 S
* NMEA Longitude = 058 26.27 W
* NMEA UTC (Time) = Nov 05 2019 14:37:33
** H41
** NAVIO POLAR ALMIRANTE MAXIMIANO
** CRUZEIRO:
** OPERANTAR XXXVIII
** ESTAÇÃO: OP38_017
** LAT 62 16,18' S
** LONG 058 26,25' W
** 09P73767-1155_A
** PROFUNDIDADE: 110
** DATA/HORA: 051438Z/NOV/2019
** OPERADOR: SO-HN CHAVES
# nquan = 30
# nvalues = 143                         
# units = specified
# name 0 = scan: Scan Count
# name 1 = timeJ: Julian Days
# name 2 = latitude: Latitude [deg]
# name 3 = longitude: Longitude [deg]
# name 4 = dz/dtM: Descent Rate [m/s]
# name 5 = avgsvCM: Average Sound Velocity [Chen-Millero, m/s]
# name 6 = prDM: Pressure, Digiquartz [db]
# name 7 = depSM: Depth [salt water, m]
# name 8 = t090C: Temperature [ITS-90, deg C]
# name 9 = t190C: Temperature, 2 [ITS-90, deg C]
# name 10 = T2-T190C: Temperature Difference, 2 - 1 [ITS-90, deg C]
# name 11 = potemp090C: Potential Temperature [ITS-90, deg C]
# name 12 = potemp190C: Potential Temperature, 2 [ITS-90, deg C]
# name 13 = potemp90Cdiff: Potential Temperature, Diff, 2 - 1 [ITS-90, deg C]
# name 14 = c0S/m: Conductivity [S/m]
# name 15 = c1S/m: Conductivity, 2 [S/m]
# name 16 = C2-C1S/m: Conductivity Difference, 2 - 1 [S/m]
# name 17 = sal00: Salinity, Practical [PSU]
# name 18 = sal11: Salinity, Practical, 2 [PSU]
# name 19 = sbeox0ML/L: Oxygen, SBE 43 [ml/l]
# name 20 = sigma-é00: Density [sigma-theta, kg/m^3]
# name 21 = sigma-é11: Density, 2 [sigma-theta, kg/m^3]
# name 22 = sal00: Salinity, Practical [PSU]
# name 23 = sigma-é00: Density [sigma-theta, kg/m^3]
# name 24 = svCM: Sound Velocity [Chen-Millero, m/s]
# name 25 = svCM1: Sound Velocity, 2 [Chen-Millero, m/s]
# name 26 = gsw_ptA0: potential temperature [ITS-90, deg C]
# name 27 = gsw_densityA0: density, TEOS-10 [density, kg/m^3]
# name 28 = gsw_saA0: Absolute Salinity [g/kg]
# name 29 = flag:
# span 0 =       3541,      18942       
# span 1 = 309.611117, 309.618544       
# span 2 =  -62.26960,  -62.26948       
# span 3 =  -58.43788,  -58.43784       
# span 4 =     -0.824,      0.754       
# span 5 =       0.00,    1444.65       
# span 6 =      2.000,     73.000       
# span 7 =      1.981,     72.288       
# span 8 =    -0.9110,    -0.8337       
# span 9 =    -0.9109,    -0.8335       
# span 10 =    -0.0134,     0.0062      
# span 11 =    -0.9120,    -0.8357      
# span 12 =    -0.9119,    -0.8356      
# span 13 =    -0.0134,     0.0062      
# span 14 =   2.767758,   2.781349      
# span 15 =   2.768177,   2.781753      
# span 16 =  -0.000226,   0.001223      
# span 17 =    34.1860,    34.2630      
# span 18 =    34.1914,    34.2684      
# span 19 =     7.0787,     7.5076      
# span 20 =    27.4893,    27.5496      
# span 21 =    27.4938,    27.5540      
# span 22 =    34.1860,    34.2630      
# span 23 =    27.4893,    27.5497      
# span 24 =    1443.96,    1445.45      
# span 25 =    1443.97,    1445.45      
# span 26 =    -0.9120,    -0.8356      
# span 27 =  1027.5037,  1027.9011      
# span 28 =    34.3494,    34.4288      
# span 29 = 0.0000e+00, 0.0000e+00      
# interval = decibars: 1                
# start_time = Nov 05 2019 14:37:33 [NMEA time, header]
# bad_flag = -9.990e-29
*END*
       3541 309.611117  -62.26960  -58.43786      0.013       0.00      2.000      1.982    -0.8792    -0.8790     0.0003    -0.8792    -0.8790     0.0003   2.768806   2.769158   0.000357    34.1876    34.1922     7.4806    27.4903    27.4940    34.1880    27.4906    1444.00    1444.00    -0.8793  1027.5051    34.3529 0.0000e+00
       4117 309.611395  -62.26960  -58.43786      0.240       0.00      3.000      2.976    -0.8882    -0.8857     0.0026    -0.8883    -0.8858     0.0026   2.768022   2.768625   0.000603    34.1875    34.1928     7.4963    27.4906    27.4948    34.1870    27.4902    1443.97    1443.99    -0.8883  1027.5094    34.3520 0.0000e+00
       4131 309.611402  -62.26960  -58.43786      0.483       0.00      4.000      3.962    -0.8913    -0.8906     0.0007    -0.8914    -0.8907     0.0007   2.767827   2.768273   0.000446    34.1875    34.1928     7.4959    27.4907    27.4950    34.1872    27.4905    1443.97    1443.98    -0.8914  1027.5145    34.3521 0.0000e+00
       4182 309.611426  -62.26960  -58.43786      0.470       0.00      5.000      4.952    -0.8909    -0.8909    -0.0001    -0.8910    -0.8910    -0.0001   2.767916   2.768288   0.000373    34.1874    34.1926     7.4913    27.4906    27.4948    34.1873    27.4905    1443.99    1444.00    -0.8910  1027.5193    34.3523 0.0000e+00
       4227 309.611448  -62.26960  -58.43786      0.533       0.00      6.000      5.942    -0.8933    -0.8928     0.0006    -0.8935    -0.8929     0.0006   2.767758   2.768177   0.000424    34.1875    34.1926     7.4963    27.4908    27.4949    34.1873    27.4906    1444.00    1444.01    -0.8935  1027.5242    34.3523 0.0000e+00
       4274 309.611470  -62.26960  -58.43786      0.512       0.00      7.000      6.932    -0.8928    -0.8922     0.0006    -0.8930    -0.8924     0.0006   2.767897   2.768302   0.000408    34.1877    34.1926     7.4987    27.4910    27.4949    34.1880    27.4912    1444.02    1444.02    -0.8930  1027.5296    34.3530 0.0000e+00
       4321 309.611493  -62.26960  -58.43786      0.511       0.00      8.000      7.923    -0.8848    -0.8876    -0.0028    -0.8850    -0.8878    -0.0028   2.768513   2.768658   0.000162    34.1867    34.1920     7.4912    27.4898    27.4942    34.1866    27.4897    1444.07    1444.06    -0.8850  1027.5330    34.3516 0.0000e+00
       4368 309.611516  -62.26960  -58.43786      0.507 1.9004e-08      9.000      8.913    -0.8930    -0.8935    -0.0004    -0.8933    -0.8937    -0.0004   2.767885   2.768255   0.000360    34.1871    34.1925     7.4923    27.4904    27.4948    34.1868    27.4902    1444.04    1444.05    -0.8932  1027.5382    34.3518 0.0000e+00
       4416 309.611539  -62.26960  -58.43786      0.497       0.12     10.000      9.904    -0.8928    -0.8920     0.0008    -0.8931    -0.8922     0.0008   2.767973   2.768410   0.000437    34.1871    34.1921     7.4909    27.4904    27.4945    34.1871    27.4905    1444.06    1444.07    -0.8931  1027.5433    34.3521 0.0000e+00
       4455 309.611557  -62.26960  -58.43786      0.608      -0.00     11.000     10.894    -0.8920    -0.8918     0.0002    -0.8923    -0.8921     0.0002   2.768090   2.768475   0.000386    34.1871    34.1921     7.4901    27.4904    27.4945    34.1872    27.4905    1444.08    1444.09    -0.8923  1027.5480    34.3521 0.0000e+00
       4492 309.611576  -62.26960  -58.43786      0.635 8.0479e-17     12.000     11.884    -0.8910    -0.8911    -0.0001    -0.8913    -0.8914    -0.0001   2.768195   2.768563   0.000366    34.1869    34.1920     7.4914    27.4902    27.4943    34.1868    27.4901    1444.10    1444.11    -0.8913  1027.5525    34.3517 0.0000e+00
       4531 309.611594  -62.26960  -58.43786      0.630       0.06     13.000     12.875    -0.8927    -0.8927     0.0001    -0.8931    -0.8930     0.0001   2.768107   2.768487   0.000379    34.1871    34.1922     7.4968    27.4905    27.4946    34.1870    27.4904    1444.11    1444.12    -0.8930  1027.5575    34.3519 0.0000e+00
       4570 309.611613  -62.26960  -58.43786      0.610       0.00     14.000     13.865    -0.8933    -0.8930     0.0004    -0.8937    -0.8933     0.0004   2.768108   2.768507   0.000398    34.1871    34.1921     7.4952    27.4905    27.4945    34.1871    27.4904    1444.12    1444.13    -0.8937  1027.5624    34.3520 0.0000e+00
       4611 309.611633  -62.26960  -58.43786      0.590 2.6033e-28     15.000     14.856    -0.8934    -0.8932     0.0002    -0.8938    -0.8936     0.0002   2.768149   2.768542   0.000394    34.1871    34.1923     7.5052    27.4905    27.4946    34.1871    27.4904    1444.14    1444.15    -0.8938  1027.5671    34.3519 0.0000e+00
       4651 309.611652  -62.26960  -58.43786      0.599       0.16     16.000     15.846    -0.8931    -0.8931     0.0000    -0.8935    -0.8935     0.0000   2.768239   2.768610   0.000370    34.1873    34.1923     7.5076    27.4906    27.4947    34.1873    27.4907    1444.16    1444.17    -0.8935  1027.5711    34.3509 0.0000e+00
       4690 309.611671 -9.990e-29  -58.43786      0.615       0.00     17.000     16.836    -0.8934    -0.8936    -0.0002    -0.8939    -0.8941    -0.0002   2.768315   2.768695   0.000381    34.1881    34.1935     7.5064    27.4913    27.4957    34.1881    27.4913    1444.17    1444.18    -0.8939  1027.5747    34.3494 0.0000e+00
       4728 309.611689 -9.990e-29  -58.43786      0.624 5.5285e-42     18.000     17.827    -0.8975    -0.8998    -0.0023    -0.8980    -0.9003    -0.0023   2.768214   2.768540   0.000331    34.1911    34.1982     7.5031    27.4939    27.4998    34.1908    27.4936    1444.17    1444.17    -0.8980  1027.5817    34.3520 0.0000e+00
       4766 309.611707  -62.26958  -58.43786      0.637 1.0061e-13     19.000     18.817    -0.9063    -0.9068    -0.0005    -0.9068    -0.9073    -0.0005   2.767994   2.768324   0.000333    34.1976    34.2027     7.4944    27.4995    27.5036    34.1971    27.4991    1444.16    1444.16    -0.9068  1027.5942    34.3611 0.0000e+00
       4804 309.611726  -62.26959  -58.43786      0.629     738.52     20.000     19.807    -0.9065    -0.9060     0.0005    -0.9070    -0.9066     0.0005   2.767993   2.768392   0.000394    34.1970    34.2018     7.4842    27.4990    27.5029    34.1967    27.4988    1444.17    1444.18    -0.9070  1027.5994    34.3616 0.0000e+00
       4844 309.611745  -62.26960  -58.43786      0.599    1441.11     21.000     20.792    -0.9065    -0.9063     0.0002    -0.9070    -0.9069     0.0002   2.767997   2.768405   0.000407    34.1964    34.2017     7.4712    27.4985    27.5028    34.1961    27.4983    1444.19    1444.20    -0.9070  1027.6037    34.3610 0.0000e+00
       4887 309.611766  -62.26959  -58.43786      0.563    1444.17     22.000     21.793    -0.9060    -0.9067    -0.0007    -0.9065    -0.9073    -0.0007   2.768087   2.768455   0.000367    34.1963    34.2021     7.4629    27.4984    27.5032    34.1961    27.4983    1444.21    1444.21    -0.9066  1027.6085    34.3610 0.0000e+00
       4927 309.611785  -62.26958  -58.43786      0.595    1444.17     23.000     22.778    -0.9090    -0.9089     0.0002    -0.9097    -0.9095     0.0002   2.768006   2.768435   0.000419    34.1982    34.2037     7.4726    27.5001    27.5046    34.1979    27.4998    1444.21    1444.22    -0.9096  1027.6149    34.3628 0.0000e+00
       4968 309.611805  -62.26958  -58.43785      0.595    1444.17     24.000     23.768    -0.8981    -0.8948     0.0032    -0.8987    -0.8955     0.0032   2.769224   2.769919   0.000672    34.2002    34.2056     7.4735    27.5012    27.5056    34.2014    27.5022    1444.28    1444.31    -0.8987  1027.6221    34.3663 0.0000e+00
       5009 309.611825  -62.26958  -58.43784      0.570    1444.17     25.000     24.758    -0.8868    -0.8855     0.0013    -0.8874    -0.8862     0.0013   2.770226   2.770706   0.000494    34.2009    34.2061     7.4652    27.5014    27.5056    34.2016    27.5020    1444.35    1444.37    -0.8874  1027.6266    34.3665 0.0000e+00
       5045 309.611842  -62.26958  -58.43784      0.654    1444.17     26.000     25.749    -0.8835    -0.8843    -0.0009    -0.8842    -0.8850    -0.0009   2.770574   2.770876   0.000315    34.2014    34.2067     7.4666    27.5017    27.5060    34.2019    27.5021    1444.39    1444.39    -0.8842  1027.6315    34.3668 0.0000e+00
       5076 309.611857  -62.26958  -58.43785      0.754    1444.17     27.000     26.739    -0.8847    -0.8858    -0.0010    -0.8855    -0.8865    -0.0010   2.770547   2.770850   0.000295    34.2018    34.2070     7.4709    27.5020    27.5063    34.2023    27.5025    1444.40    1444.40    -0.8854  1027.6367    34.3673 0.0000e+00
       5113 309.611875  -62.26959  -58.43786      0.688    1444.17     28.000     27.729    -0.8850    -0.8854    -0.0004    -0.8858    -0.8862    -0.0004   2.770555   2.770912   0.000362    34.2019    34.2072     7.4735    27.5021    27.5065    34.2022    27.5024    1444.41    1444.42    -0.8857  1027.6414    34.3671 0.0000e+00
       5162 309.611898  -62.26960  -58.43786      0.484    1444.17     29.000     28.720    -0.8768    -0.8769    -0.0002    -0.8775    -0.8777    -0.0002   2.771388   2.771775   0.000385    34.2025    34.2079     7.4711    27.5023    27.5067    34.2035    27.5031    1444.47    1444.47    -0.8775  1027.6469    34.3684 0.0000e+00
       5208 309.611921  -62.26958  -58.43786      0.516    1444.17     30.000     29.709    -0.8698    -0.8707    -0.0009    -0.8706    -0.8715    -0.0009   2.772090   2.772346   0.000292    34.2032    34.2082     7.4659    27.5026    27.5067    34.2044    27.5036    1444.52    1444.52    -0.8706  1027.6522    34.3694 0.0000e+00
       5247 309.611940  -62.26958  -58.43785      0.609    1444.17     31.000     30.701    -0.8580    -0.8580    -0.0000    -0.8588    -0.8588    -0.0000   2.773122   2.773532   0.000375    34.2034    34.2085     7.4679    27.5023    27.5064    34.2044    27.5032    1444.59    1444.60    -0.8588  1027.6566    34.3696 0.0000e+00
       5285 309.611958  -62.26958  -58.43784      0.630    1444.17     32.000     31.690    -0.8577    -0.8579    -0.0002    -0.8585    -0.8587    -0.0002   2.773187   2.773567   0.000378    34.2039    34.2092     7.4834    27.5027    27.5070    34.2044    27.5031    1444.61    1444.61    -0.8585  1027.6613    34.3694 0.0000e+00
       5323 309.611976  -62.26958  -58.43784      0.639    1444.17     33.000     32.680    -0.8626    -0.8624     0.0002    -0.8635    -0.8633     0.0002   2.772875   2.773267   0.000390    34.2049    34.2100     7.4851    27.5037    27.5079    34.2051    27.5039    1444.60    1444.61    -0.8635  1027.6669    34.3701 0.0000e+00
       5358 309.611993  -62.26958  -58.43786      0.668    1444.17     34.000     33.671    -0.8693    -0.8690     0.0003    -0.8702    -0.8699     0.0003   2.772448   2.772860   0.000410    34.2066    34.2118     7.4783    27.5054    27.5096    34.2063    27.5051    1444.59    1444.60    -0.8702  1027.6729    34.3714 0.0000e+00
       5394 309.612011  -62.26958  -58.43786      0.670    1444.17     35.000     34.661    -0.8773    -0.8769     0.0004    -0.8783    -0.8779     0.0004   2.771980   2.772395   0.000416    34.2087    34.2138     7.4747    27.5073    27.5115    34.2085    27.5072    1444.57    1444.58    -0.8782  1027.6798    34.3735 0.0000e+00
       5435 309.612030  -62.26958  -58.43786      0.598    1444.17     36.000     35.651    -0.8902    -0.8878     0.0024    -0.8912    -0.8888     0.0024   2.771196   2.771735   0.000530    34.2132    34.2177     7.4580    27.5115    27.5151    34.2118    27.5104    1444.53    1444.55    -0.8911  1027.6878    34.3769 0.0000e+00
       5485 309.612054  -62.26958  -58.43786      0.479    1444.17     37.000     36.642    -0.9110    -0.9108     0.0003    -0.9120    -0.9118     0.0003   2.770057   2.770464   0.000408    34.2206    34.2258     7.4293    27.5183    27.5226    34.2193    27.5173    1444.46    1444.47    -0.9120  1027.6996    34.3845 0.0000e+00
       5531 309.612077  -62.26958  -58.43786      0.517    1444.17     38.000     37.632    -0.9110    -0.9109     0.0001    -0.9120    -0.9119     0.0001   2.770269   2.770646   0.000382    34.2221    34.2272     7.3772    27.5195    27.5237    34.2216    27.5191    1444.48    1444.49    -0.9120  1027.7062    34.3868 0.0000e+00
       5569 309.612095  -62.26958  -58.43786      0.625    1444.17     39.000     38.622    -0.9044    -0.9048    -0.0004    -0.9054    -0.9059    -0.0004   2.771169   2.771469   0.000320    34.2251    34.2299     7.3461    27.5217    27.5257    34.2256    27.5221    1444.53    1444.53    -0.9054  1027.7140    34.3908 0.0000e+00
       5606 309.612113  -62.26958  -58.43786      0.646    1444.17     40.000     39.612    -0.8824    -0.8828    -0.0004    -0.8835    -0.8838    -0.0004   2.773431   2.773797   0.000347    34.2291    34.2343     7.3251    27.5241    27.5283    34.2308    27.5255    1444.66    1444.66    -0.8834  1027.7221    34.3960 0.0000e+00
       5643 309.612131  -62.26958  -58.43786      0.647    1444.17     41.000     40.602    -0.8725    -0.8726    -0.0001    -0.8736    -0.8737    -0.0001   2.774345   2.774702   0.000367    34.2303    34.2354     7.2931    27.5247    27.5288    34.2313    27.5255    1444.72    1444.73    -0.8736  1027.7269    34.3966 0.0000e+00
       5679 309.612148  -62.26958  -58.43786      0.665    1444.17     42.000     41.590    -0.8683    -0.8693    -0.0010    -0.8695    -0.8704    -0.0010   2.774803   2.775092   0.000285    34.2315    34.2364     7.2285    27.5255    27.5295    34.2322    27.5261    1444.76    1444.76    -0.8694  1027.7323    34.3975 0.0000e+00
       5722 309.612169  -62.26958  -58.43786      0.576    1444.17     43.000     42.584    -0.8681    -0.8677     0.0004    -0.8693    -0.8689     0.0004   2.774859   2.775276   0.000415    34.2316    34.2368     7.1802    27.5255    27.5298    34.2321    27.5260    1444.77    1444.78    -0.8692  1027.7370    34.3974 0.0000e+00
       5769 309.612192  -62.26958  -58.43786      0.496    1444.17     44.000     43.573    -0.8674    -0.8679    -0.0005    -0.8686    -0.8691    -0.0005   2.774992   2.775312   0.000325    34.2320    34.2370     7.1805    27.5259    27.5299    34.2325    27.5263    1444.79    1444.80    -0.8686  1027.7421    34.3978 0.0000e+00
       5808 309.612210  -62.26958  -58.43786      0.601    1444.17     45.000     44.563    -0.8665    -0.8667    -0.0002    -0.8677    -0.8679    -0.0002   2.775185   2.775555   0.000368    34.2325    34.2378     7.1893    27.5263    27.5305    34.2334    27.5270    1444.82    1444.82    -0.8677  1027.7476    34.3987 0.0000e+00
       5847 309.612229  -62.26958  -58.43784      0.630    1444.17     46.000     45.553    -0.8571    -0.8576    -0.0006    -0.8584    -0.8589    -0.0006   2.776284   2.776599   0.000313    34.2360    34.2409     7.1884    27.5287    27.5327    34.2371    27.5295    1444.88    1444.89    -0.8583  1027.7549    34.4024 0.0000e+00
       5895 309.612252  -62.26958  -58.43784      0.494    1444.17     47.000     46.543    -0.8499    -0.8511    -0.0011    -0.8512    -0.8524    -0.0011   2.777123   2.777357   0.000244    34.2387    34.2433     7.1952    27.5306    27.5344    34.2397    27.5314    1444.94    1444.93    -0.8512  1027.7616    34.4051 0.0000e+00
       5939 309.612273  -62.26958  -58.43784      0.539    1444.17     48.000     47.534    -0.8470    -0.8468     0.0002    -0.8484    -0.8482     0.0002   2.777469   2.777879   0.000404    34.2398    34.2451     7.1859    27.5314    27.5356    34.2405    27.5319    1444.97    1444.97    -0.8483  1027.7669    34.4059 0.0000e+00
       5973 309.612290  -62.26958  -58.43784      0.679    1444.17     49.000     48.524    -0.8469    -0.8466     0.0003    -0.8482    -0.8480     0.0003   2.777547   2.777960   0.000412    34.2402    34.2455     7.1785    27.5317    27.5360    34.2407    27.5321    1444.98    1444.99    -0.8482  1027.7719    34.4061 0.0000e+00
