Pos-Processados/process_op38/operantar38_024.ros
* Sea-Bird SBE 9 Data File:
* FileName = D:\OPERANTAR_XXXVIII\DADOS\OP38_024.hdr
* Software Version Seasave V 7.18c
* Temperature SN = 4808
* Conductivity SN = 3380
* Number of Bytes Per Scan = 34
* Number of Voltage Words = 3
* Number of Scans Averaged by the Deck Unit = 1
* NMEA Latitude = 62 13.17 S
* NMEA Longitude = 058 22.76 W
* NMEA UTC (Time) = Nov 22 2019 19:55:17
** H41
** NAVIO POLAR ALMIRANTE MAXIMIANO
** CRUZEIRO:
** OPERANTAR XXXVIII
** ESTAÇÃO: OP38_024
** LAT 62 13,16'S
** LONG 058 22,74'W
** 09P73767-1155_A
** PROFUNDIDADE: 292
** DATA/HORA: 221955Z/NOV/2019
** OPERADOR: SO-HN CHAVES
# nquan = 27
# nvalues = 1425                                  
# units = specified
# name 0 = scan: Scan Count
# name 1 = timeJ: Julian Days
# name 2 = latitude: Latitude [deg]
# name 3 = longitude: Longitude [deg]
# name 4 = dz/dtM: Descent Rate [m/s]
# name 5 = avgsvCM: Average Sound Velocity [Chen-Millero, m/s]
# name 6 = prDM: Pressure, Digiquartz [db]
# name 7 = depSM: Depth [salt water, m]
# name 8 = t090C: Temperature [ITS-90, deg C]
# name 9 = t190C: Temperature, 2 [ITS-90, deg C]
# name 10 = T2-T190C: Temperature Difference, 2 - 1 [ITS-90, deg C]
# name 11 = potemp090C: Potential Temperature [ITS-90, deg C]
# name 12 = potemp190C: Potential Temperature, 2 [ITS-90, deg C]
# name 13 = potemp90Cdiff: Potential Temperature, Diff, 2 - 1 [ITS-90, deg C]
# name 14 = c0S/m: Conductivity [S/m]
# name 15 = c1S/m: Conductivity, 2 [S/m]
# name 16 = C2-C1S/m: Conductivity Difference, 2 - 1 [S/m]
# name 17 = sal00: Salinity, Practical [PSU]
# name 18 = sal11: Salinity, Practical, 2 [PSU]
# name 19 = sbeox0ML/L: Oxygen, SBE 43 [ml/l]
# name 20 = sigma-é00: Density [sigma-theta, kg/m^3]
# name 21 = sigma-é11: Density, 2 [sigma-theta, kg/m^3]
# name 22 = sbox0Mm/Kg: Oxygen, SBE 43 [umol/kg]
# name 23 = oxsolMm/Kg: Oxygen Saturation, Garcia & Gordon [umol/kg]
# name 24 = oxsatMm/Kg: Oxygen Saturation, Weiss [umol/kg]
# name 25 = nbf: Bottles Fired
# name 26 = flag:  0.000e+00
# interval = seconds: 0.0416667
# start_time = Nov 22 2019 19:55:17 [NMEA time, header]
# bad_flag = -9.990e-29
*END*
[from data line 1182]
      19604 326.839511  -62.21964  -58.37922      0.081    1448.21      3.133      3.103    -0.2535    -0.2835    -0.0300    -0.2536    -0.2836    -0.0300   2.819581   2.817771  -0.001811    34.1650    34.1745     7.6708    27.4447    27.4539    333.429  352.55226  354.07825          7  0.000e+00
      19605 326.839512  -62.21964  -58.37922      0.084    1448.21      3.318      3.286    -0.2530    -0.2855    -0.0325    -0.2531    -0.2856    -0.0325   2.819617   2.817753  -0.001864    34.1648    34.1764     7.6659    27.4446    27.4555    333.215  352.54841  354.07430          7  0.000e+00
      19606 326.839512  -62.21964  -58.37922      0.081    1448.21      3.215      3.184    -0.2531    -0.2857    -0.0326    -0.2532    -0.2858    -0.0326   2.819659   2.817719  -0.001941    34.1656    34.1762     7.6702    27.4452    27.4553    333.402  352.54740  354.07335          7  0.000e+00
      19607 326.839513  -62.21964  -58.37922      0.084    1448.21      3.270      3.239    -0.2531    -0.2869    -0.0338    -0.2532    -0.2870    -0.0338   2.819714   2.817713  -0.002001    34.1663    34.1775     7.6703    27.4458    27.4564    333.407  352.54550  354.07148          7  0.000e+00
      19608 326.839513  -62.21964  -58.37922      0.080    1448.21      3.215      3.184    -0.2525    -0.2861    -0.0336    -0.2526    -0.2862    -0.0336   2.819786   2.817736  -0.002050    34.1666    34.1770     7.6804    27.4460    27.4560    333.842  352.53885  354.06472          7  0.000e+00
      19609 326.839514  -62.21964  -58.37922      0.076    1448.21      3.215      3.184    -0.2525    -0.2848    -0.0323    -0.2526    -0.2849    -0.0323   2.819792   2.817800  -0.001992    34.1666    34.1763     7.6768    27.4460    27.4553    333.687  352.53863  354.06451          7  0.000e+00
      19610 326.839514  -62.21964  -58.37922      0.081    1448.21      3.270      3.239    -0.2513    -0.2845    -0.0332    -0.2514    -0.2846    -0.0332   2.819822   2.817759  -0.002063    34.1657    34.1754     7.6723    27.4452    27.4546    333.492  352.53019  354.05576          7  0.000e+00
      19611 326.839515  -62.21964  -58.37922      0.077    1448.21      3.215      3.184    -0.2508    -0.2840    -0.0333    -0.2509    -0.2841    -0.0333   2.819858   2.817817  -0.002041    34.1656    34.1757     7.6721    27.4451    27.4548    333.485  352.52558  354.05104          7  0.000e+00
      19612 326.839515  -62.21964  -58.37922      0.074    1448.21      3.215      3.184    -0.2504    -0.2841    -0.0338    -0.2505    -0.2842    -0.0338   2.819846   2.817927  -0.001919    34.1650    34.1773     7.6721    27.4446    27.4561    333.482  352.52355  354.04889          7  0.000e+00
      19613 326.839516  -62.21964  -58.37922      0.073    1448.21      3.270      3.239    -0.2513    -0.2835    -0.0322    -0.2514    -0.2836    -0.0322   2.819798   2.818031  -0.001767    34.1653    34.1779     7.6723    27.4449    27.4566    333.493  352.53107  354.05663          7  0.000e+00
      19614 326.839516  -62.21964  -58.37922      0.071    1448.21      3.215      3.184    -0.2541    -0.2826    -0.0285    -0.2542    -0.2827    -0.0285   2.819659   2.818198  -0.001461    34.1666    34.1792     7.6728    27.4461    27.4576    333.515  352.55306  354.07925          7  0.000e+00
      19615 326.839517  -62.21964  -58.37922      0.067    1448.21      3.215      3.184    -0.2560    -0.2827    -0.0267    -0.2561    -0.2828    -0.0267   2.819521   2.818268  -0.001253    34.1670    34.1803     7.6733    27.4465    27.4585    333.534  352.57019  354.09681          7  0.000e+00
      19616 326.839517  -62.21964  -58.37922      0.061    1448.21      3.167      3.137    -0.2553    -0.2815    -0.0262    -0.2554    -0.2816    -0.0262   2.819527   2.818533  -0.000994    34.1663    34.1824     7.6832    27.4459    27.4602    333.967  352.56564  354.09208          7  0.000e+00
      19617 326.839518  -62.21964  -58.37922      0.061    1448.21      3.270      3.239    -0.2555    -0.2751    -0.0196    -0.2556    -0.2752    -0.0196   2.819527   2.818949  -0.000578    34.1664    34.1808     7.6797    27.4460    27.4585    333.815  352.56688  354.09336          7  0.000e+00
      19618 326.839518  -62.21964  -58.37922      0.057    1448.21      3.215      3.184    -0.2544    -0.2660    -0.0116    -0.2545    -0.2661    -0.0116   2.819497   2.819423  -0.000074    34.1648    34.1769     7.6735    27.4447    27.4549    333.546  352.56117  354.08734          7  0.000e+00
      19619 326.839519  -62.21964  -58.37922      0.053    1448.21      3.215      3.184    -0.2567    -0.2589    -0.0022    -0.2568    -0.2590    -0.0022   2.819431   2.819891   0.000461    34.1665    34.1752     7.6730    27.4461    27.4532    333.524  352.57741  354.10413          7  0.000e+00
      19620 326.839519  -62.21964  -58.37922      0.048    1448.21      3.215      3.184    -0.2584    -0.2545     0.0039    -0.2585    -0.2546     0.0039   2.819154   2.820076   0.000922    34.1648    34.1727     7.6734    27.4448    27.4510    333.538  352.59857  354.12557          7  0.000e+00
      19621 326.839520  -62.21964  -58.37922      0.041    1448.21      3.167      3.137    -0.2614    -0.2527     0.0087    -0.2615    -0.2528     0.0087   2.818883   2.820140   0.001256    34.1645    34.1715     7.6738    27.4447    27.4500    333.558  352.62652  354.15411          7  0.000e+00
      19622 326.839520  -62.21964  -58.37922      0.040    1448.21      3.215      3.184    -0.2628    -0.2534     0.0094    -0.2629    -0.2535     0.0094   2.818769   2.820186   0.001417    34.1646    34.1730     7.6740    27.4448    27.4512    333.566  352.63967  354.16756          7  0.000e+00
      19623 326.839521  -62.21964  -58.37922      0.035    1448.21      3.215      3.184    -0.2648    -0.2550     0.0099    -0.2649    -0.2551     0.0099   2.818751   2.820128   0.001377    34.1666    34.1739     7.6742    27.4466    27.4520    333.573  352.65273  354.18114          7  0.000e+00
      19624 326.839521  -62.21964  -58.37922      0.033    1448.21      3.215      3.184    -0.2681    -0.2550     0.0131    -0.2682    -0.2551     0.0131   2.818607   2.820157   0.001551    34.1683    34.1743     7.6746    27.4481    27.4523    333.593  352.67788  354.20705          7  0.000e+00
      19625 326.839522  -62.21964  -58.37922      0.023    1448.21      3.133      3.103    -0.2698    -0.2540     0.0158    -0.2699    -0.2541     0.0158   2.818498   2.820250   0.001751    34.1688    34.1746     7.6798    27.4486    27.4525    333.818  352.69236  354.22192          7  0.000e+00
      19626 326.839522  -62.21964  -58.37922      0.021    1448.21      3.215      3.184    -0.2684    -0.2538     0.0146    -0.2685    -0.2539     0.0146   2.818444   2.820186   0.001742    34.1665    34.1734     7.6853    27.4467    27.4515    334.057  352.68599  354.21514          7  0.000e+00
      19627 326.839523  -62.21964  -58.37922      0.019    1448.21      3.215      3.184    -0.2664    -0.2528     0.0136    -0.2665    -0.2529     0.0136   2.818649   2.820192   0.001543    34.1670    34.1723     7.6809    27.4469    27.4506    333.868  352.66606  354.19481          7  0.000e+00
      19628 326.839523  -62.21964  -58.37922      0.010    1448.21      3.167      3.137    -0.2619    -0.2533     0.0086    -0.2620    -0.2534     0.0086   2.819082   2.820198   0.001116    34.1677    34.1730     7.6752    27.4474    27.4512    333.617  352.62240  354.15027          7  0.000e+00
      19629 326.839524  -62.21964  -58.37922      0.005    1448.21      3.167      3.137    -0.2583    -0.2530     0.0053    -0.2584    -0.2531     0.0053   2.819455   2.820128   0.000673    34.1687    34.1717     7.6689    27.4479    27.4501    333.344  352.58635  354.11352          7  0.000e+00
      19630 326.839524  -62.21964  -58.37922     -0.000    1448.21      3.167      3.137    -0.2560    -0.2534     0.0025    -0.2561    -0.2535     0.0025   2.819684   2.820157   0.000474    34.1691    34.1726     7.6724    27.4482    27.4509    333.496  352.56378  354.09049          7  0.000e+00
      19631 326.839524  -62.21964  -58.37922     -0.008    1448.21      3.113      3.083    -0.2536    -0.2528     0.0008    -0.2537    -0.2529     0.0008   2.819810   2.820128   0.000318    34.1682    34.1715     7.6716    27.4473    27.4500    333.460  352.54452  354.07070          7  0.000e+00
      19632 326.839525  -62.21964  -58.37922     -0.011    1448.21      3.167      3.137    -0.2525    -0.2524     0.0001    -0.2526    -0.2525     0.0001   2.819840   2.820105   0.000265    34.1673    34.1708     7.6711    27.4466    27.4493    333.442  352.53678  354.06269          7  0.000e+00
      19633 326.839525  -62.21964  -58.37922     -0.014    1448.21      3.167      3.137    -0.2520    -0.2525    -0.0005    -0.2521    -0.2526    -0.0005   2.819840   2.820227   0.000387    34.1668    34.1725     7.6708    27.4461    27.4507    333.426  352.53395  354.05973          7  0.000e+00
      19634 326.839526  -62.21964  -58.37922     -0.026    1448.21      3.113      3.083    -0.2513    -0.2527    -0.0014    -0.2514    -0.2528    -0.0014   2.819876   2.820244   0.000368    34.1665    34.1729     7.6754    27.4458    27.4511    333.625  352.52793  354.05354          7  0.000e+00
      19635 326.839526  -62.21964  -58.37922     -0.031    1448.21      3.113      3.083    -0.2508    -0.2520    -0.0012    -0.2509    -0.2521    -0.0012   2.819870   2.820238   0.000368    34.1659    34.1722     7.6773    27.4453    27.4505    333.708  352.52532  354.05081          7  0.000e+00
      19636 326.839527  -62.21964  -58.37922     -0.032    1448.21      3.167      3.137    -0.2509    -0.2519    -0.0009    -0.2510    -0.2520    -0.0009   2.819804   2.820342   0.000538    34.1651    34.1733     7.6728    27.4447    27.4514    333.514  352.52855  354.05402          7  0.000e+00
      19637 326.839527  -62.21964  -58.37922     -0.040    1448.21      3.113      3.083    -0.2518    -0.2522    -0.0004    -0.2519    -0.2523    -0.0004   2.819804   2.820273   0.000469    34.1660    34.1728     7.6726    27.4455    27.4510    333.505  352.53342  354.05910          7  0.000e+00
      19638 326.839528  -62.21964  -58.37922     -0.045    1448.21      3.113      3.083    -0.2516    -0.2515     0.0001    -0.2517    -0.2516     0.0001   2.819810   2.820215   0.000405    34.1659    34.1712     7.6723    27.4454    27.4497    333.491  352.53213  354.05778          7  0.000e+00
      19639 326.839528  -62.21964  -58.37922     -0.049    1448.21      3.113      3.083    -0.2520    -0.2516     0.0005    -0.2521    -0.2517     0.0005   2.819828   2.820279   0.000451    34.1667    34.1722     7.6670    27.4460    27.4504    333.262  352.53430  354.06008          7  0.000e+00
      19640 326.839529  -62.21964  -58.37922     -0.053    1448.21      3.113      3.083    -0.2523    -0.2513     0.0011    -0.2524    -0.2514     0.0011   2.819774   2.820250   0.000476    34.1663    34.1714     7.6661    27.4457    27.4498    333.223  352.53806  354.06388          7  0.000e+00
      19641 326.839529  -62.21964  -58.37922     -0.063    1448.21      3.065      3.035    -0.2522    -0.2509     0.0013    -0.2523    -0.2510     0.0013   2.819792   2.820273   0.000481    34.1664    34.1714     7.6651    27.4458    27.4498    333.177  352.53661  354.06241          7  0.000e+00
      19642 326.839530  -62.21964  -58.37922     -0.069    1448.21      3.065      3.035    -0.2519    -0.2503     0.0016    -0.2520    -0.2504     0.0016   2.819828   2.820359   0.000532    34.1666    34.1719     7.6691    27.4459    27.4501    333.354  352.53351  354.05926          7  0.000e+00
      19643 326.839530  -62.21964  -58.37922     -0.073    1448.21      3.113      3.083    -0.2518    -0.2508     0.0009    -0.2519    -0.2509     0.0009   2.819798   2.820331   0.000533    34.1660    34.1720     7.6690    27.4454    27.4503    333.348  352.53364  354.05932          7  0.000e+00
      19644 326.839531  -62.21964  -58.37922     -0.078    1448.21      3.065      3.035    -0.2519    -0.2506     0.0012    -0.2520    -0.2507     0.0012   2.819720   2.820371   0.000651    34.1651    34.1724     7.6680    27.4447    27.4506    333.307  352.53714  354.06280          7  0.000e+00
      19645 326.839531  -62.21964  -58.37922     -0.086    1448.21      3.037      3.008    -0.2528    -0.2510     0.0018    -0.2529    -0.2511     0.0018   2.819623   2.820383   0.000759    34.1649    34.1730     7.6680    27.4446    27.4511    333.307  352.54666  354.07251          7  0.000e+00
      19646 326.839532  -62.21964  -58.37922     -0.087    1448.21      3.065      3.035    -0.2541    -0.2505     0.0036    -0.2542    -0.2506     0.0036   2.819539   2.820365   0.000826    34.1651    34.1722     7.6681    27.4449    27.4504    333.310  352.55724  354.08335          7  0.000e+00
      19647 326.839532  -62.21964  -58.37922     -0.095    1448.21      3.065      3.035    -0.2549    -0.2500     0.0048    -0.2550    -0.2501     0.0048   2.819497   2.820463   0.000967    34.1655    34.1729     7.6681    27.4452    27.4510    333.308  352.56375  354.09004          7  0.000e+00
      19648 326.839533  -62.21964  -58.37922     -0.098    1448.21      3.017      2.988    -0.2549    -0.2492     0.0056    -0.2550    -0.2493     0.0056   2.819527   2.820568   0.001040    34.1659    34.1735     7.6678    27.4455    27.4514    333.295  352.56256  354.08888          7  0.000e+00
      19649 326.839533  -62.21964  -58.37922     -0.102    1448.21      3.065      3.035    -0.2553    -0.2475     0.0077    -0.2554    -0.2476     0.0077   2.819527   2.820544   0.001017    34.1663    34.1712     7.6575    27.4459    27.4495    332.850  352.56512  354.09154          7  0.000e+00
      19650 326.839534  -62.21964  -58.37922     -0.108    1448.21      3.017      2.988    -0.2552    -0.2467     0.0085    -0.2553    -0.2468     0.0085   2.819479   2.820700   0.001222    34.1656    34.1724     7.6609    27.4453    27.4504    332.998  352.56610  354.09246          7  0.000e+00
      19651 326.839534  -62.21964  -58.37922     -0.110    1448.21      3.017      2.988    -0.2555    -0.2399     0.0156    -0.2556    -0.2400     0.0156   2.819443   2.820972   0.001529    34.1655    34.1684     7.6652    27.4452    27.4469    333.184  352.56955  354.09598          7  0.000e+00
      19652 326.839535  -62.21964  -58.37922     -0.113    1448.21      3.065      3.035    -0.2561    -0.2384     0.0177    -0.2562    -0.2385     0.0177   2.819437   2.821192   0.001755    34.1661    34.1696     7.6653    27.4457    27.4477    333.186  352.57375  354.10034          7  0.000e+00
      19653 326.839535  -62.21964  -58.37922     -0.125    1448.21      2.962      2.934    -0.2562    -0.2374     0.0188    -0.2563    -0.2375     0.0188   2.819419   2.821365   0.001946    34.1660    34.1709     7.6650    27.4456    27.4487    333.177  352.57459  354.10119          7  0.000e+00
      19654 326.839536  -62.21964  -58.37922     -0.123    1448.21      3.017      2.988    -0.2566    -0.2366     0.0199    -0.2567    -0.2367     0.0199   2.819371   2.821515   0.002145    34.1657    34.1720     7.6643    27.4455    27.4496    333.145  352.57894  354.10560          8  0.000e+00
      19655 326.839536  -62.21964  -58.37922     -0.127    1448.21      3.017      2.988    -0.2566    -0.2359     0.0207    -0.2567    -0.2360     0.0207   2.819377   2.821481   0.002104    34.1658    34.1707     7.6641    27.4455    27.4485    333.138  352.57871  354.10539          8  0.000e+00
