Pos-Processados/process_op38/operantar38_021.ros
* Sea-Bird SBE 9 Data File:
* FileName = D:\OPERANTAR_XXXVIII\DADOS\OP38_021.hdr
* Software Version Seasave V 7.18c
* Temperature SN = 4808
* Conductivity SN = 3380
* Number of Bytes Per Scan = 34
* Number of Voltage Words = 3
* Number of Scans Averaged by the Deck Unit = 1
* NMEA Latitude = 62 13.30 S
* NMEA Longitude = 058 22.74 W
* NMEA UTC (Time) = Nov 22 2019 13:35:38
** H41
** NAVIO POLAR ALMIRANTE MAXIMIANO
** CRUZEIRO:
** OPERANTAR XXXVIII
** ESTAÇÃO: OP38_021
** LAT 62 13,29'S
** LONG 058 22,75'W
** 09P73767-1155_A
** PROFUNDIDADE: 271
** DATA/HORA: 221336Z/NOV/2019
** OPERADOR: SO-HN CHAVES
# nquan = 26
# nvalues = 1423                                  
# units = specified
# name 0 = scan: Scan Count
# name 1 = timeJ: Julian Days
# name 2 = latitude: Latitude [deg]
# name 3 = longitude: Longitude [deg]
# name 4 = dz/dtM: Descent Rate [m/s]
# name 5 = avgsvCM: Average Sound Velocity [Chen-Millero, m/s]
# name 6 = prDM: Pressure, Digiquartz [db]
# name 7 = depSM: Depth [salt water, m]
# name 8 = t090C: Temperature [ITS-90, deg C]
# name 9 = t190C: Temperature, 2 [ITS-90, deg C]
# name 10 = T2-T190C: Temperature Difference, 2 - 1 [ITS-90, deg C]
# name 11 = potemp090C: Potential Temperature [ITS-90, deg C]
# name 12 = potemp190C: Potential Temperature, 2 [ITS-90, deg C]
# name 13 = potemp90Cdiff: Potential Temperature, Diff, 2 - 1 [ITS-90, deg C]
# name 14 = c0S/m: Conductivity [S/m]
# name 15 = c1S/m: Conductivity, 2 [S/m]
# name 16 = C2-C1S/m: Conductivity Difference, 2 - 1 [S/m]
# name 17 = sal00: Salinity, Practical [PSU]
# name 18 = sal11: Salinity, Practical, 2 [PSU]
# name 19 = sbeox0ML/L: Oxygen, SBE 43 [ml/l]
# name 20 = sbeox1ML/L: Oxygen, SBE 43, 2 [ml/l]
# name 21 = sbeox0ML/Ldiff: Oxygen, SBE 43, Diff, 2 - 1 [ml/l]
# name 22 = sigma-é00: Density [sigma-theta, kg/m^3]
# name 23 = sigma-é11: Density, 2 [sigma-theta, kg/m^3]
# name 24 = nbf: Bottles Fired
# name 25 = flag:  0.000e+00
# interval = seconds: 0.0416667
# start_time = Nov 22 2019 13:35:38 [NMEA time, header]
# bad_flag = -9.990e-29
*END*
[from data line 391]
      20751 326.576419  -62.22180  -58.37916     -0.043    1447.92      2.819      2.792    -0.3903    -0.3864     0.0039    -0.3904    -0.3865     0.0039   2.809349   2.809744   0.000395    34.1821    34.1830     7.5672     8.7025     1.1353    27.4650    27.4655          3  0.000e+00
      20752 326.576419  -62.22180  -58.37916     -0.042    1447.92      2.819      2.792    -0.3905    -0.3866     0.0039    -0.3906    -0.3867     0.0039   2.809367   2.809709   0.000343    34.1826    34.1827     7.5674     8.7026     1.1352    27.4654    27.4653          3  0.000e+00
      20753 326.576420  -62.22180  -58.37916     -0.043    1447.92      2.771      2.744    -0.3898    -0.3869     0.0029    -0.3898    -0.3870     0.0029   2.809355   2.809704   0.000349    34.1816    34.1830     7.5675     8.7073     1.1398    27.4645    27.4656          3  0.000e+00
      20754 326.576420  -62.22180  -58.37916     -0.039    1447.92      2.819      2.792    -0.3903    -0.3867     0.0036    -0.3904    -0.3868     0.0036   2.809349   2.809727   0.000378    34.1821    34.1831     7.5687     8.7027     1.1340    27.4650    27.4656          3  0.000e+00
      20755 326.576421  -62.22180  -58.37916     -0.040    1447.92      2.771      2.745    -0.3902    -0.3872     0.0030    -0.3903    -0.3873     0.0030   2.809367   2.809721   0.000354    34.1823    34.1836     7.5689     8.7027     1.1338    27.4651    27.4661          3  0.000e+00
      20756 326.576421  -62.22180  -58.37916     -0.037    1447.92      2.819      2.792    -0.3903    -0.3877     0.0027    -0.3904    -0.3877     0.0027   2.809373   2.809709   0.000337    34.1824    34.1839     7.5692     8.7029     1.1336    27.4653    27.4664          3  0.000e+00
      20757 326.576422  -62.22180  -58.37916     -0.037    1447.92      2.771      2.745    -0.3905    -0.3873     0.0032    -0.3906    -0.3874     0.0032   2.809373   2.809727   0.000354    34.1827    34.1839     7.5695     8.7028     1.1332    27.4655    27.4663          3  0.000e+00
      20758 326.576422  -62.22180  -58.37916     -0.037    1447.92      2.771      2.745    -0.3908    -0.3872     0.0036    -0.3909    -0.3873     0.0036   2.809373   2.809663   0.000291    34.1830    34.1828     7.5647     8.7028     1.1380    27.4657    27.4654          3  0.000e+00
      20759 326.576423  -62.22180  -58.37916     -0.033    1447.92      2.840      2.812    -0.3905    -0.3872     0.0033    -0.3906    -0.3873     0.0033   2.809355   2.809652   0.000297    34.1824    34.1826     7.5694     8.7029     1.1334    27.4652    27.4653          3  0.000e+00
      20760 326.576423  -62.22180  -58.37916     -0.033    1447.92      2.771      2.745    -0.3909    -0.3875     0.0033    -0.3909    -0.3876     0.0033   2.809331   2.809692   0.000361    34.1825    34.1836     7.5690     8.7028     1.1338    27.4653    27.4661          3  0.000e+00
      20761 326.576424  -62.22180  -58.37916     -0.036    1447.92      2.771      2.745    -0.3908    -0.3872     0.0036    -0.3909    -0.3873     0.0036   2.809343   2.809657   0.000315    34.1826    34.1828     7.5685     8.7028     1.1343    27.4654    27.4654          3  0.000e+00
      20762 326.576424  -62.22180  -58.37916     -0.033    1447.92      2.819      2.792    -0.3908    -0.3875     0.0033    -0.3909    -0.3876     0.0033   2.809307   2.809669   0.000362    34.1821    34.1832     7.5680     8.7029     1.1349    27.4650    27.4658          3  0.000e+00
      20763 326.576425  -62.22180  -58.37916     -0.032    1447.92      2.771      2.745    -0.3907    -0.3875     0.0032    -0.3908    -0.3876     0.0032   2.809313   2.809663   0.000351    34.1821    34.1832     7.5681     8.7028     1.1347    27.4650    27.4657          3  0.000e+00
      20764 326.576425  -62.22180  -58.37916     -0.028    1447.92      2.819      2.792    -0.3908    -0.3878     0.0030    -0.3909    -0.3879     0.0030   2.809325   2.809640   0.000316    34.1823    34.1832     7.5684     8.7030     1.1346    27.4652    27.4658          3  0.000e+00
      20765 326.576426  -62.22180  -58.37916     -0.031    1447.92      2.771      2.745    -0.3913    -0.3877     0.0036    -0.3913    -0.3877     0.0036   2.809343   2.809692   0.000349    34.1831    34.1837     7.5679     8.7028     1.1350    27.4659    27.4662          3  0.000e+00
      20766 326.576426  -62.22180  -58.37916     -0.027    1447.92      2.819      2.792    -0.3914    -0.3877     0.0038    -0.3915    -0.3877     0.0038   2.809313   2.809675   0.000362    34.1829    34.1835     7.5682     8.7029     1.1348    27.4657    27.4660          3  0.000e+00
      20767 326.576427  -62.22180  -58.37916     -0.026    1447.92      2.819      2.792    -0.3913    -0.3875     0.0038    -0.3914    -0.3876     0.0038   2.809295   2.809634   0.000340    34.1825    34.1828     7.5676     8.7029     1.1354    27.4654    27.4654          3  0.000e+00
      20768 326.576427  -62.22180  -58.37916     -0.028    1447.92      2.771      2.745    -0.3916    -0.3878     0.0038    -0.3917    -0.3879     0.0038   2.809277   2.809646   0.000369    34.1826    34.1833     7.5669     8.7029     1.1360    27.4655    27.4658          3  0.000e+00
      20769 326.576427  -62.22180  -58.37916     -0.027    1447.92      2.771      2.745    -0.3918    -0.3877     0.0041    -0.3919    -0.3877     0.0041   2.809228   2.809640   0.000412    34.1822    34.1830     7.5671     8.7017     1.1346    27.4651    27.4656          3  0.000e+00
      20770 326.576428  -62.22180  -58.37916     -0.022    1447.92      2.819      2.792    -0.3924    -0.3881     0.0042    -0.3924    -0.3882     0.0042   2.809234   2.809652   0.000417    34.1829    34.1837     7.5674     8.7018     1.1344    27.4657    27.4662          3  0.000e+00
      20771 326.576428  -62.22180  -58.37916     -0.021    1447.92      2.819      2.792    -0.3919    -0.3877     0.0042    -0.3920    -0.3877     0.0042   2.809240   2.809657   0.000417    34.1824    34.1832     7.5674     8.7017     1.1342    27.4653    27.4658          3  0.000e+00
      20772 326.576429  -62.22180  -58.37916     -0.023    1447.92      2.771      2.745    -0.3918    -0.3880     0.0038    -0.3919    -0.3880     0.0038   2.809222   2.809606   0.000383    34.1821    34.1829     7.5675     8.7005     1.1330    27.4650    27.4655          3  0.000e+00
      20773 326.576429  -62.22180  -58.37916     -0.026    1447.92      2.819      2.792    -0.3921    -0.3883     0.0038    -0.3922    -0.3884     0.0038   2.809216   2.809617   0.000401    34.1823    34.1834     7.5677     8.6948     1.1270    27.4652    27.4659          3  0.000e+00
      20774 326.576430  -62.22180  -58.37916     -0.016    1447.92      2.819      2.792    -0.3921    -0.3881     0.0040    -0.3922    -0.3882     0.0040   2.809234   2.809629   0.000394    34.1826    34.1834     7.5679     8.6993     1.1315    27.4655    27.4659          3  0.000e+00
      20775 326.576430  -62.22180  -58.37916     -0.017    1447.92      2.771      2.745    -0.3924    -0.3880     0.0044    -0.3924    -0.3880     0.0044   2.809222   2.809611   0.000389    34.1827    34.1830     7.5672     8.6934     1.1262    27.4656    27.4656          3  0.000e+00
      20776 326.576431  -62.22180  -58.37916     -0.015    1447.92      2.840      2.812    -0.3922    -0.3884     0.0038    -0.3923    -0.3885     0.0038   2.809216   2.809606   0.000389    34.1825    34.1834     7.5666     8.6925     1.1259    27.4654    27.4660          3  0.000e+00
      20777 326.576431  -62.22180  -58.37916     -0.013    1447.92      2.819      2.792    -0.3924    -0.3883     0.0041    -0.3924    -0.3884     0.0041   2.809216   2.809623   0.000406    34.1826    34.1835     7.5666     8.6983     1.1317    27.4655    27.4660          3  0.000e+00
      20778 326.576432  -62.22180  -58.37916     -0.014    1447.92      2.771      2.745    -0.3922    -0.3884     0.0038    -0.3923    -0.3885     0.0038   2.809234   2.809594   0.000360    34.1828    34.1833     7.5717     8.6984     1.1267    27.4656    27.4659          3  0.000e+00
      20779 326.576432  -62.22180  -58.37916     -0.013    1447.92      2.819      2.792    -0.3925    -0.3880     0.0046    -0.3926    -0.3881     0.0046   2.809240   2.809600   0.000359    34.1831    34.1828     7.5675     8.6984     1.1309    27.4659    27.4655          3  0.000e+00
      20780 326.576433  -62.22180  -58.37914     -0.004    1447.92      2.874      2.846    -0.3925    -0.3883     0.0043    -0.3926    -0.3884     0.0043   2.809222   2.809606   0.000383    34.1829    34.1832     7.5668     8.6929     1.1261    27.4657    27.4658          3  0.000e+00
      20781 326.576433  -62.22180  -58.37914     -0.005    1447.92      2.771      2.745    -0.3924    -0.3881     0.0043    -0.3925    -0.3882     0.0043   2.809198   2.809588   0.000390    34.1825    34.1829     7.5667     8.6918     1.1251    27.4654    27.4655          3  0.000e+00
      20782 326.576434  -62.22180  -58.37914     -0.007    1447.92      2.819      2.792    -0.3927    -0.3886     0.0041    -0.3928    -0.3887     0.0041   2.809168   2.809600   0.000431    34.1824    34.1835     7.5719     8.6910     1.1191    27.4653    27.4661          3  0.000e+00
      20783 326.576434  -62.22180  -58.37914      0.002    1447.92      2.874      2.846    -0.3928    -0.3884     0.0044    -0.3929    -0.3885     0.0044   2.809162   2.809623   0.000460    34.1824    34.1836     7.5727     8.6901     1.1174    27.4653    27.4661          3  0.000e+00
      20784 326.576435  -62.22180  -58.37914      0.003    1447.92      2.819      2.792    -0.3932    -0.3883     0.0049    -0.3933    -0.3884     0.0049   2.809162   2.809559   0.000397    34.1828    34.1826     7.5683     8.6892     1.1209    27.4657    27.4653          3  0.000e+00
      20785 326.576435  -62.22180  -58.37914      0.005    1447.92      2.819      2.792    -0.3932    -0.3888     0.0044    -0.3933    -0.3888     0.0044   2.809180   2.809606   0.000425    34.1831    34.1838     7.5733     8.6885     1.1152    27.4659    27.4663          3  0.000e+00
      20786 326.576436  -62.22180  -58.37914      0.010    1447.92      2.874      2.846    -0.3930    -0.3886     0.0044    -0.3931    -0.3887     0.0044   2.809168   2.809594   0.000426    34.1827    34.1834     7.5740     8.6878     1.1138    27.4656    27.4660          3  0.000e+00
      20787 326.576436  -62.22180  -58.37914      0.012    1447.92      2.819      2.792    -0.3932    -0.3883     0.0049    -0.3933    -0.3884     0.0049   2.809144   2.809577   0.000432    34.1826    34.1829     7.5695     8.6870     1.1174    27.4655    27.4655          3  0.000e+00
      20788 326.576437  -62.22180  -58.37914      0.016    1447.92      2.874      2.846    -0.3939    -0.3889     0.0050    -0.3939    -0.3890     0.0050   2.809114   2.809594   0.000480    34.1829    34.1838     7.5747     8.6853     1.1106    27.4658    27.4663          3  0.000e+00
      20789 326.576437  -62.22180  -58.37914      0.018    1447.92      2.819      2.792    -0.3937    -0.3888     0.0050    -0.3938    -0.3888     0.0050   2.809090   2.809588   0.000498    34.1825    34.1836     7.5752     8.6846     1.1094    27.4655    27.4661          3  0.000e+00
      20790 326.576438  -62.22180  -58.37914      0.022    1447.92      2.874      2.846    -0.3939    -0.3888     0.0052    -0.3940    -0.3888     0.0052   2.809084   2.809536   0.000452    34.1826    34.1828     7.5708     8.6841     1.1133    27.4655    27.4655          3  0.000e+00
      20791 326.576438  -62.22180  -58.37914      0.022    1447.92      2.874      2.846    -0.3944    -0.3889     0.0055    -0.3945    -0.3890     0.0055   2.809066   2.809582   0.000516    34.1829    34.1836     7.5758     8.6835     1.1077    27.4658    27.4661          3  0.000e+00
      20792 326.576439  -62.22180  -58.37914      0.029    1447.92      2.874      2.846    -0.3939    -0.3891     0.0049    -0.3940    -0.3892     0.0049   2.809078   2.809571   0.000493    34.1825    34.1836     7.5711     8.6842     1.1131    27.4655    27.4662          3  0.000e+00
      20793 326.576439  -62.22180  -58.37914      0.034    1447.92      2.874      2.846    -0.3941    -0.3889     0.0052    -0.3942    -0.3890     0.0052   2.809084   2.809548   0.000464    34.1828    34.1831     7.5710     8.6838     1.1128    27.4657    27.4658          3  0.000e+00
      20794 326.576440  -62.22180  -58.37914      0.033    1447.92      2.840      2.812    -0.3943    -0.3889     0.0054    -0.3944    -0.3890     0.0054   2.809042   2.809565   0.000523    34.1825    34.1834     7.5708     8.6776     1.1068    27.4655    27.4660          3  0.000e+00
      20795 326.576440  -62.22180  -58.37914      0.037    1447.92      2.874      2.846    -0.3946    -0.3889     0.0057    -0.3946    -0.3890     0.0057   2.809030   2.809525   0.000495    34.1826    34.1828     7.5706     8.6821     1.1114    27.4656    27.4655          3  0.000e+00
      20796 326.576440  -62.22180  -58.37914      0.043    1447.92      2.922      2.894    -0.3948    -0.3891     0.0058    -0.3949    -0.3892     0.0058   2.809012   2.809519   0.000507    34.1826    34.1829     7.5705     8.6819     1.1114    27.4656    27.4656          3  0.000e+00
      20797 326.576441  -62.22180  -58.37914      0.040    1447.92      2.819      2.792    -0.3950    -0.3894     0.0056    -0.3951    -0.3895     0.0056   2.809006   2.809559   0.000553    34.1828    34.1839     7.5702     8.6759     1.1056    27.4658    27.4664          3  0.000e+00
      20798 326.576441  -62.22180  -58.37914      0.044    1447.92      2.874      2.846    -0.3947    -0.3889     0.0058    -0.3948    -0.3890     0.0058   2.809024   2.809502   0.000477    34.1826    34.1825     7.5700     8.6804     1.1104    27.4656    27.4653          3  0.000e+00
      20799 326.576442  -62.22180  -58.37914      0.047    1447.92      2.922      2.894    -0.3947    -0.3892     0.0055    -0.3948    -0.3893     0.0055   2.809012   2.809531   0.000518    34.1824    34.1832     7.5698     8.6747     1.1049    27.4655    27.4658          3  0.000e+00
      20800 326.576442  -62.22180  -58.37914      0.050    1447.92      2.874      2.846    -0.3948    -0.3892     0.0056    -0.3949    -0.3893     0.0056   2.809006   2.809548   0.000542    34.1826    34.1835     7.5696     8.6736     1.1040    27.4656    27.4661          3  0.000e+00
      20801 326.576443  -62.22180  -58.37914      0.053    1447.92      2.874      2.846    -0.3952    -0.3894     0.0059    -0.3953    -0.3895     0.0059   2.808964   2.809513   0.000549    34.1825    34.1832     7.5695     8.6727     1.1032    27.4655    27.4658          3  0.000e+00
      20802 326.576443  -62.22180  -58.37914      0.055    1447.92      2.922      2.894    -0.3957    -0.3897     0.0060    -0.3957    -0.3898     0.0060   2.808952   2.809536   0.000584    34.1827    34.1838     7.5694     8.6730     1.1037    27.4657    27.4664          3  0.000e+00
      20803 326.576444  -62.22180  -58.37914      0.060    1447.92      2.922      2.894    -0.3958    -0.3895     0.0063    -0.3959    -0.3896     0.0063   2.808970   2.809531   0.000560    34.1831    34.1836     7.5692     8.6723     1.1031    27.4660    27.4661          3  0.000e+00
      20804 326.576444  -62.22180  -58.37914      0.059    1447.92      2.874      2.846    -0.3958    -0.3891     0.0067    -0.3959    -0.3892     0.0067   2.808976   2.809531   0.000554    34.1832    34.1831     7.5689     8.6715     1.1026    27.4661    27.4657          3  0.000e+00
