Pos-Processados/process_op38/operantar38_014b.ros
* Sea-Bird SBE 9 Data File:
* FileName = D:\OPERANTAR_XXXVIII\DADOS\OP38_014b.hdr
* Software Version Seasave V 7.18c
* Temperature SN = 4808
* Conductivity SN = 3380
* Number of Bytes Per Scan = 34
* Number of Voltage Words = 3
* Number of Scans Averaged by the Deck Unit = 1
* NMEA Latitude = 62 11.38 S
* NMEA Longitude = 058 03.45 W
* NMEA UTC (Time) = Nov 05 2019 06:44:07
** H41
** NAVIO POLAR ALMIRANTE MAXIMIANO
** CRUZEIRO:
** OPERANTAR XXXVIII
** ESTAÇÃO: OP38_014b
** LAT 62 11,38' S
** LONG 058 03,42' W
** 09P73767-1155_A
** PROFUNDIDADE: 480
** DATA/HORA: 050645Z/NOV/2019
** OPERADOR: SO-HN CHAVES
# nquan = 27
# nvalues = 1836                                  
# units = specified
# name 0 = scan: Scan Count
# name 1 = timeJ: Julian Days
# name 2 = latitude: Latitude [deg]
# name 3 = longitude: Longitude [deg]
# name 4 = dz/dtM: Descent Rate [m/s]
# name 5 = avgsvCM: Average Sound Velocity [Chen-Millero, m/s]
# name 6 = prDM: Pressure, Digiquartz [db]
# name 7 = depSM: Depth [salt water, m]
# name 8 = t090C: Temperature [ITS-90, deg C]
# name 9 = t190C: Temperature, 2 [ITS-90, deg C]
# name 10 = T2-T190C: Temperature Difference, 2 - 1 [ITS-90, deg C]
# name 11 = potemp090C: Potential Temperature [ITS-90, deg C]
# name 12 = potemp190C: Potential Temperature, 2 [ITS-90, deg C]
# name 13 = potemp90Cdiff: Potential Temperature, Diff, 2 - 1 [ITS-90, deg C]
# name 14 = c0S/m: Conductivity [S/m]
# name 15 = c1S/m: Conductivity, 2 [S/m]
# name 16 = C2-C1S/m: Conductivity Difference, 2 - 1 [S/m]
# name 17 = sal00: Salinity, Practical [PSU]
# name 18 = sal11: Salinity, Practical, 2 [PSU]
# name 19 = sbeox0ML/L: Oxygen, SBE 43 [ml/l]
# name 20 = sigma-é00: Density [sigma-theta, kg/m^3]
# name 21 = sigma-é11: Density, 2 [sigma-theta, kg/m^3]
# name 22 = sbox0Mm/Kg: Oxygen, SBE 43 [umol/kg]
# name 23 = oxsolMm/Kg: Oxygen Saturation, Garcia & Gordon [umol/kg]
# name 24 = oxsatMm/Kg: Oxygen Saturation, Weiss [umol/kg]
# name 25 = nbf: Bottles Fired
# name 26 = flag:  0.000e+00
# interval = seconds: 0.0416667
# start_time = Nov 05 2019 06:44:07 [NMEA time, header]
# bad_flag = -9.990e-29
*END*
[from data line 1289]
       3535 309.282341  -62.18966  -58.05752     -0.122       0.00      1.500      1.485    -0.7061    -0.7070    -0.0009    -0.7061    -0.7071    -0.0009   2.780540   2.780941   0.000401    34.1513    34.1577     7.6648    27.4539    27.4592    333.162  356.81487  358.43544          9  0.000e+00
       3536 309.282341  -62.18966  -58.05752     -0.128       0.00      1.548      1.533    -0.7073    -0.7065     0.0008    -0.7074    -0.7066     0.0008   2.780450   2.780987   0.000536    34.1514    34.1578     7.6649    27.4540    27.4592    333.166  356.82599  358.44683          9  0.000e+00
       3537 309.282342  -62.18966  -58.05752     -0.136       0.00      1.500      1.485    -0.7077    -0.7065     0.0011    -0.7077    -0.7066     0.0011   2.780409   2.780993   0.000584    34.1513    34.1579     7.6655    27.4539    27.4593    333.192  356.82968  358.45059          9  0.000e+00
       3538 309.282342  -62.18966  -58.05752     -0.146       0.00      1.500      1.485    -0.7084    -0.7063     0.0022    -0.7085    -0.7063     0.0022   2.780385   2.781056   0.000671    34.1518    34.1584     7.6662    27.4544    27.4597    333.222  356.83531  358.45641          9  0.000e+00
       3539 309.282343  -62.18966  -58.05752     -0.153       0.00      1.500      1.485    -0.7087    -0.7062     0.0025    -0.7088    -0.7063     0.0025   2.780379   2.781033   0.000654    34.1520    34.1581     7.6667    27.4546    27.4594    333.248  356.83736  358.45854          9  0.000e+00
       3540 309.282343  -62.18966  -58.05752     -0.158       0.00      1.513      1.499    -0.7086    -0.7056     0.0030    -0.7086    -0.7057     0.0030   2.780415   2.781085   0.000670    34.1524    34.1581     7.6673    27.4549    27.4594    333.270  356.83529  358.45646          9  0.000e+00
       3541 309.282344  -62.18966  -58.05752     -0.161       0.00      1.500      1.485    -0.7073    -0.7053     0.0020    -0.7074    -0.7054     0.0020   2.780504   2.781119   0.000615    34.1522    34.1582     7.6624    27.4547    27.4595    333.057  356.82387  358.44475          9  0.000e+00
       3542 309.282344  -62.18966  -58.05752     -0.166       0.00      1.500      1.485    -0.7056    -0.7056     0.0000    -0.7057    -0.7057     0.0000   2.780570   2.781108   0.000537    34.1512    34.1584     7.6610    27.4538    27.4596    332.999  356.81083  358.43129          9  0.000e+00
       3543 309.282345  -62.18966  -58.05752     -0.173       0.00      1.445      1.431    -0.7054    -0.7059    -0.0006    -0.7054    -0.7060    -0.0006   2.780624   2.781079   0.000455    34.1516    34.1584     7.6658    27.4541    27.4597    333.208  356.80687  358.42730          9  0.000e+00
       3544 309.282345  -62.18966  -58.05752     -0.174       0.00      1.500      1.485    -0.7063    -0.7065    -0.0003    -0.7063    -0.7066    -0.0003   2.780624   2.781021   0.000397    34.1526    34.1583     7.6666    27.4550    27.4596    333.243  356.81278  358.43347          9  0.000e+00
       3545 309.282346  -62.18966  -58.05752     -0.177       0.00      1.500      1.485    -0.7070    -0.7068     0.0002    -0.7071    -0.7069     0.0002   2.780594   2.780981   0.000387    34.1531    34.1581     7.6666    27.4554    27.4594    333.239  356.81864  358.43952          9  0.000e+00
       3546 309.282346  -62.18966  -58.05752     -0.179       0.00      1.445      1.431    -0.7075    -0.7065     0.0010    -0.7075    -0.7066     0.0010   2.780588   2.780987   0.000399    34.1535    34.1578     7.6663    27.4558    27.4592    333.229  356.82168  358.44268          9  0.000e+00
       3547 309.282347  -62.18966  -58.05752     -0.179       0.00      1.500      1.485    -0.7072    -0.7068     0.0004    -0.7073    -0.7069     0.0004   2.780588   2.780998   0.000410    34.1532    34.1583     7.6660    27.4555    27.4596    333.217  356.81996  358.44088          9  0.000e+00
       3548 309.282347  -62.18966  -58.05752     -0.176       0.00      1.513      1.499    -0.7066    -0.7072    -0.0006    -0.7066    -0.7072    -0.0006   2.780642   2.780970   0.000328    34.1532    34.1583     7.6656    27.4554    27.4596    333.197  356.81394  358.43472          9  0.000e+00
       3549 309.282348  -62.18966  -58.05752     -0.176       0.00      1.500      1.485    -0.7063    -0.7072    -0.0009    -0.7063    -0.7072    -0.0009   2.780630   2.780970   0.000340    34.1527    34.1583     7.6652    27.4550    27.4596    333.180  356.81256  358.43325          9  0.000e+00
       3550 309.282348  -62.18966  -58.05752     -0.173       0.00      1.500      1.485    -0.7073    -0.7072     0.0002    -0.7074    -0.7072     0.0002   2.780534   2.780947   0.000412    34.1526    34.1580     7.6659    27.4550    27.4593    333.209  356.82273  358.44364          9  0.000e+00
       3551 309.282349  -62.18966  -58.05752     -0.171       0.00      1.500      1.485    -0.7075    -0.7080    -0.0005    -0.7075    -0.7080    -0.0005   2.780450   2.780906   0.000456    34.1516    34.1583     7.6612    27.4542    27.4597    333.007  356.82700  358.44789          9  0.000e+00
       3552 309.282349  -62.18966  -58.05752     -0.166       0.00      1.500      1.485    -0.7081    -0.7076     0.0005    -0.7082    -0.7077     0.0005   2.780468   2.780866   0.000398    34.1526    34.1574     7.6610    27.4550    27.4589    332.997  356.83032  358.45140          9  0.000e+00
       3553 309.282350  -62.18966  -58.05752     -0.161       0.00      1.547      1.533    -0.7080    -0.7080     0.0000    -0.7080    -0.7080     0.0000   2.780421   2.780866   0.000446    34.1517    34.1577     7.6659    27.4543    27.4592    333.211  356.83112  358.45212          9  0.000e+00
       3554 309.282350  -62.18966  -58.05752     -0.152       0.00      1.547      1.533    -0.7084    -0.7082     0.0002    -0.7085    -0.7083     0.0002   2.780385   2.780883   0.000499    34.1518    34.1583     7.6665    27.4544    27.4597    333.237  356.83539  358.45650          9  0.000e+00
       3555 309.282351  -62.18966  -58.05752     -0.150       0.00      1.500      1.485    -0.7089    -0.7081     0.0008    -0.7089    -0.7081     0.0008   2.780397   2.780872   0.000475    34.1525    34.1580     7.6670    27.4550    27.4594    333.258  356.83777  358.45901          9  0.000e+00
       3556 309.282351  -62.18966  -58.05752     -0.137       0.00      1.595      1.580    -0.7088    -0.7079     0.0009    -0.7089    -0.7080     0.0009   2.780367   2.780837   0.000471    34.1520    34.1573     7.6668    27.4545    27.4588    333.249  356.83870  358.45990          9  0.000e+00
       3557 309.282351  -62.18966  -58.05752     -0.131       0.00      1.513      1.499    -0.7089    -0.7085     0.0003    -0.7089    -0.7086     0.0003   2.780409   2.780820   0.000412    34.1526    34.1578     7.6612    27.4551    27.4593    333.005  356.83734  358.45859          9  0.000e+00
       3558 309.282352  -62.18966  -58.05752     -0.121       0.00      1.595      1.580    -0.7087    -0.7089    -0.0001    -0.7088    -0.7089    -0.0001   2.780391   2.780780   0.000389    34.1521    34.1576     7.6601    27.4547    27.4591    332.960  356.83707  358.45825          9  0.000e+00
       3559 309.282352  -62.18966  -58.05752     -0.109       0.00      1.595      1.580    -0.7084    -0.7087    -0.0003    -0.7085    -0.7088    -0.0003   2.780433   2.780774   0.000342    34.1524    34.1573     7.6589    27.4549    27.4589    332.907  356.83366  358.45480          9  0.000e+00
       3560 309.282353  -62.18966  -58.05752     -0.101       0.00      1.595      1.580    -0.7081    -0.7083    -0.0001    -0.7082    -0.7083    -0.0001   2.780450   2.780826   0.000375    34.1523    34.1575     7.6577    27.4548    27.4590    332.856  356.83116  358.45223          9  0.000e+00
       3561 309.282353  -62.18966  -58.05752     -0.089       0.00      1.595      1.580    -0.7078    -0.7095    -0.0017    -0.7078    -0.7095    -0.0017   2.780492   2.780757   0.000264    34.1525    34.1580     7.6625    27.4549    27.4595    333.062  356.82739  358.44840          9  0.000e+00
       3562 309.282354  -62.18966  -58.05752     -0.073       0.00      1.650      1.634    -0.7075    -0.7109    -0.0034    -0.7075    -0.7109    -0.0034   2.780510   2.780734   0.000224    34.1524    34.1592     7.6578    27.4548    27.4605    332.857  356.82499  358.44592          9  0.000e+00
       3563 309.282354  -62.18966  -58.05752     -0.061       0.00      1.650      1.634    -0.7078    -0.7107    -0.0029    -0.7078    -0.7108    -0.0029   2.780450   2.780705   0.000255    34.1519    34.1586     7.6576    27.4544    27.4600    332.849  356.82908  358.45005          9  0.000e+00
       3564 309.282355  -62.18966  -58.05752     -0.044       0.00      1.698      1.682    -0.7086    -0.7107    -0.0021    -0.7086    -0.7108    -0.0021   2.780391   2.780728   0.000337    34.1519    34.1589     7.6619    27.4545    27.4603    333.037  356.83652  358.45767          9  0.000e+00
       3565 309.282355  -62.18966  -58.05752     -0.033       0.00      1.616      1.600    -0.7095    -0.7110    -0.0015    -0.7096    -0.7111    -0.0015   2.780289   2.780630   0.000341    34.1517    34.1580     7.6625    27.4544    27.4595    333.064  356.84605  358.46739          9  0.000e+00
       3566 309.282356  -62.18966  -58.05752     -0.017       0.00      1.698      1.682    -0.7112    -0.7120    -0.0008    -0.7113    -0.7120    -0.0008   2.780175   2.780584   0.000409    34.1520    34.1584     7.6575    27.4547    27.4599    332.846  356.86105  358.48276          9  0.000e+00
       3567 309.282356  -62.18966  -58.05752     -0.001       0.00      1.698      1.682    -0.7126    -0.7116     0.0010    -0.7127    -0.7117     0.0010   2.780085   2.780573   0.000487    34.1524    34.1579     7.6619    27.4550    27.4594    333.036  356.87318  358.49522          9  0.000e+00
       3568 309.282357  -62.18966  -58.05752      0.012       0.00      1.698      1.682    -0.7140    -0.7117     0.0023    -0.7140    -0.7117     0.0023   2.779966   2.780596   0.000630    34.1523    34.1582     7.6567    27.4551    27.4597    332.811  356.88645  358.50878          9  0.000e+00
       3569 309.282357  -62.18966  -58.05752      0.031       0.00      1.746      1.729    -0.7143    -0.7123     0.0020    -0.7143    -0.7123     0.0020   2.779936   2.780579   0.000643    34.1522    34.1586     7.6565    27.4550    27.4601    332.802  356.88949  358.51187          9  0.000e+00
       3570 309.282358  -62.18966  -58.05752      0.043       0.00      1.698      1.682    -0.7151    -0.7127     0.0024    -0.7152    -0.7128     0.0024   2.779882   2.780521   0.000639    34.1524    34.1584     7.6555    27.4552    27.4599    332.760  356.89654  358.51911          9  0.000e+00
       3571 309.282358  -62.18966  -58.05752      0.059       0.00      1.746      1.729    -0.7152    -0.7120     0.0033    -0.7153    -0.7120     0.0033   2.779894   2.780510   0.000616    34.1527    34.1573     7.6553    27.4554    27.4590    332.750  356.89690  358.51951          9  0.000e+00
       3572 309.282359  -62.18966  -58.05752      0.069       0.00      1.746      1.729    -0.7143    -0.7110     0.0032    -0.7143    -0.7111     0.0032   2.780026   2.780527   0.000501    34.1534    34.1565     7.6548    27.4560    27.4583    332.728  356.88608  358.50854          9  0.000e+00
       3573 309.282359  -62.18966  -58.05752      0.087       0.00      1.746      1.729    -0.7138    -0.7112     0.0026    -0.7139    -0.7112     0.0026   2.780085   2.780469   0.000384    34.1537    34.1559     7.6544    27.4562    27.4579    332.713  356.88090  358.50327          9  0.000e+00
       3574 309.282360  -62.18966  -58.05752      0.102       0.00      1.814      1.797    -0.7126    -0.7117     0.0009    -0.7127    -0.7117     0.0009   2.780109   2.780498   0.000389    34.1526    34.1568     7.6593    27.4552    27.4586    332.922  356.87248  358.49452          9  0.000e+00
       3575 309.282360  -62.18966  -58.05752      0.116       0.00      1.746      1.729    -0.7121    -0.7121     0.0000    -0.7122    -0.7121     0.0000   2.780193   2.780527   0.000334    34.1533    34.1577     7.6596    27.4557    27.4594    332.938  356.86627  358.48826          9  0.000e+00
       3576 309.282361  -62.18966  -58.05752      0.130       0.00      1.801      1.783    -0.7115    -0.7132    -0.0017    -0.7116    -0.7133    -0.0017   2.780217   2.780441   0.000224    34.1528    34.1578     7.6550    27.4554    27.4594    332.736  356.86146  358.48328          9  0.000e+00
       3577 309.282361  -62.18966  -58.05752      0.140       0.00      1.800      1.783    -0.7106    -0.7156    -0.0051    -0.7106    -0.7157    -0.0051   2.780259   2.780222  -0.000037    34.1523    34.1576     7.6546    27.4549    27.4594    332.721  356.85405  358.47565          9  0.000e+00
       3578 309.282362  -62.18966  -58.05752      0.153       0.00      1.800      1.783    -0.7096    -0.7169    -0.0073    -0.7097    -0.7170    -0.0073   2.780331   2.780113  -0.000218    34.1523    34.1575     7.6543    27.4548    27.4594    332.706  356.84551  358.46690          9  0.000e+00
       3579 309.282362  -62.18966  -58.05752      0.165       0.00      1.848      1.831    -0.7093    -0.7173    -0.0080    -0.7094    -0.7174    -0.0080   2.780373   2.780148  -0.000225    34.1524    34.1585     7.6541    27.4549    27.4602    332.700  356.84182  358.46315          9  0.000e+00
       3580 309.282363  -62.18966  -58.05752      0.173       0.00      1.800      1.783    -0.7091    -0.7179    -0.0088    -0.7091    -0.7179    -0.0088   2.780361   2.780130  -0.000230    34.1520    34.1588     7.6532    27.4546    27.4605    332.659  356.84074  358.46199          9  0.000e+00
       3581 309.282363  -62.18966  -58.05752      0.185       0.00      1.800      1.783    -0.7086    -0.7180    -0.0094    -0.7087    -0.7180    -0.0094   2.780409   2.780130  -0.000278    34.1521    34.1590     7.6530    27.4547    27.4606    332.651  356.83602  358.45718          9  0.000e+00
       3582 309.282364  -62.18966  -58.05752      0.192       0.00      1.848      1.831    -0.7086    -0.7174    -0.0088    -0.7087    -0.7174    -0.0088   2.780409   2.780205  -0.000204    34.1521    34.1593     7.6530    27.4547    27.4609    332.652  356.83610  358.45726          9  0.000e+00
       3583 309.282364  -62.18966  -58.05752      0.200       0.00      1.814      1.797    -0.7086    -0.7164    -0.0078    -0.7087    -0.7165    -0.0078   2.780385   2.780297  -0.000088    34.1518    34.1595     7.6530    27.4544    27.4610    332.651  356.83695  358.45809          9  0.000e+00
       3584 309.282364  -62.18966  -58.05752      0.205       0.00      1.848      1.831    -0.7080    -0.7157    -0.0077    -0.7080    -0.7157    -0.0077   2.780337   2.780349   0.000012    34.1504    34.1593     7.6530    27.4533    27.4608    332.651  356.83482  358.45575         10  0.000e+00
       3585 309.282365  -62.18966  -58.05752      0.213       0.00      1.848      1.831    -0.7084    -0.7150    -0.0066    -0.7085    -0.7151    -0.0066   2.780307   2.780349   0.000042    34.1505    34.1586     7.6532    27.4534    27.4602    332.658  356.83886  358.45990         10  0.000e+00
       3586 309.282365  -62.18966  -58.05752      0.217       0.00      1.848      1.831    -0.7089    -0.7149    -0.0060    -0.7089    -0.7150    -0.0060   2.780283   2.780331   0.000049    34.1507    34.1582     7.6534    27.4536    27.4599    332.667  356.84268  358.46383         10  0.000e+00
       3587 309.282366  -62.18966  -58.05752      0.218       0.00      1.800      1.783    -0.7105    -0.7147    -0.0043    -0.7105    -0.7148    -0.0043   2.780265   2.780343   0.000078    34.1523    34.1582     7.6589    27.4549    27.4598    332.906  356.85310  358.47466         10  0.000e+00
