Pos-Processados/process_op38/operantar38_020.cnv
* Sea-Bird SBE 9 Data File:
* FileName = D:\OPERANTAR_XXXVIII\DADOS\OP38_020.hdr
* Software Version Seasave V 7.18c
* Temperature SN = 4808
* Conductivity SN = 3380
* Number of Bytes Per Scan = 34
* Number of Voltage Words = 3
* Number of Scans Averaged by the Deck Unit = 1
* NMEA Latitude = 62 13.02 S
* NMEA Longitude = 058 20.27 W
* NMEA UTC (Time) = Nov 22 2019 12:22:40
** H41
** NAVIO POLAR ALMIRANTE MAXIMIANO
** CRUZEIRO:
** OPERANTAR XXXVIII
** ESTAÇÃO: OP38_020
** LAT 62 13,00'S
** LONG 058 20,28'W
** 09P73767-1155_A
** PROFUNDIDADE: 497
** DATA/HORA: 221223Z/NOV/2019
** OPERADOR: SO-HN CHAVES
# nquan = 32
# nvalues = 886                         
# units = specified
# name 0 = scan: Scan Count
# name 1 = timeJ: Julian Days
# name 2 = latitude: Latitude [deg]
# name 3 = longitude: Longitude [deg]
# name 4 = dz/dtM: Descent Rate [m/s]
# name 5 = avgsvCM: Average Sound Velocity [Chen-Millero, m/s]
# name 6 = prDM: Pressure, Digiquartz [db]
# name 7 = depSM: Depth [salt water, m]
# name 8 = t090C: Temperature [ITS-90, deg C]
# name 9 = t190C: Temperature, 2 [ITS-90, deg C]
# name 10 = T2-T190C: Temperature Difference, 2 - 1 [ITS-90, deg C]
# name 11 = potemp090C: Potential Temperature [ITS-90, deg C]
# name 12 = potemp190C: Potential Temperature, 2 [ITS-90, deg C]
# name 13 = potemp90Cdiff: Potential Temperature, Diff, 2 - 1 [ITS-90, deg C]
# name 14 = c0S/m: Conductivity [S/m]
# name 15 = c1S/m: Conductivity, 2 [S/m]
# name 16 = C2-C1S/m: Conductivity Difference, 2 - 1 [S/m]
# name 17 = sal00: Salinity, Practical [PSU]
# name 18 = sal11: Salinity, Practical, 2 [PSU]
# name 19 = sbeox0ML/L: Oxygen, SBE 43 [ml/l]
# name 20 = sbeox1ML/L: Oxygen, SBE 43, 2 [ml/l]
# name 21 = sbeox0ML/Ldiff: Oxygen, SBE 43, Diff, 2 - 1 [ml/l]
# name 22 = sigma-é00: Density [sigma-theta, kg/m^3]
# name 23 = sigma-é11: Density, 2 [sigma-theta, kg/m^3]
# name 24 = sal00: Salinity, Practical [PSU]
# name 25 = sigma-é00: Density [sigma-theta, kg/m^3]
# name 26 = svCM: Sound Velocity [Chen-Millero, m/s]
# name 27 = svCM1: Sound Velocity, 2 [Chen-Millero, m/s]
# name 28 = gsw_ptA0: potential temperature [ITS-90, deg C]
# name 29 = gsw_densityA0: density, TEOS-10 [density, kg/m^3]
# name 30 = gsw_saA0: Absolute Salinity [g/kg]
# name 31 = flag:
# span 0 =        689,      37614       
# span 1 = 326.516072, 326.533880       
# span 2 =  -62.21708,  -62.21704       
# span 3 =  -58.33800,  -58.33792       
# span 4 =     -1.061,      0.885       
# span 5 =       0.00,    1452.26       
# span 6 =      2.000,    445.000       
# span 7 =      1.975,    440.243       
# span 8 =    -0.6972,    -0.2017       
# span 9 =    -0.6968,    -0.2004       
# span 10 =    -0.0391,     0.0215      
# span 11 =    -0.7119,    -0.2155      
# span 12 =    -0.7115,    -0.2143      
# span 13 =    -0.0391,     0.0214      
# span 14 =   2.800177,   2.867241      
# span 15 =   2.799581,   2.867701      
# span 16 =  -0.004156,   0.002095      
# span 17 =    34.1702,    34.5184      
# span 18 =    34.1353,    34.5239      
# span 19 =     5.7709,     7.6480      
# span 20 =     4.8504,     7.3723      
# span 21 =    -2.6238,    -0.2079      
# span 22 =    27.4562,    27.7454      
# span 23 =    27.4306,    27.7497      
# span 24 =    34.1705,    34.5237      
# span 25 =    27.4562,    27.7449      
# span 26 =    1446.08,    1454.27      
# span 27 =    1446.12,    1454.28      
# span 28 =    -0.7117,    -0.2153      
# span 29 =  1027.4711,  1029.8714      
# span 30 =    34.3350,    34.6927      
# span 31 = 0.0000e+00, 0.0000e+00      
# interval = decibars: 1                
# start_time = Nov 22 2019 12:22:40 [NMEA time, header]
# bad_flag = -9.990e-29
*END*
[from data line 408]
      16696 326.523792  -62.21707  -58.33798      0.640    1449.44    410.000    405.662    -0.2890    -0.2804     0.0085    -0.3038    -0.2953     0.0085   2.861111   2.862239   0.001137    34.5125    34.5181     5.8252     5.5845    -0.2407    27.7280    27.7321    34.5121    27.7277    1453.83    1453.88    -0.3036  1029.6828    34.6809 0.0000e+00
      16733 326.523810  -62.21708  -58.33798      0.655    1449.44    411.000    406.650    -0.2783    -0.2739     0.0045    -0.2933    -0.2888     0.0044   2.862218   2.863070   0.000787    34.5134    34.5189     5.8248     5.5767    -0.2481    27.7282    27.7324    34.5142    27.7289    1453.90    1453.93    -0.2930  1029.6886    34.6831 0.0000e+00
      16774 326.523829  -62.21707  -58.33798      0.596    1449.44    412.000    407.637    -0.2655    -0.2636     0.0019    -0.2805    -0.2786     0.0019   2.863431   2.863984   0.000585    34.5139    34.5195     5.8355     5.5823    -0.2532    27.7280    27.7325    34.5153    27.7292    1453.98    1453.99    -0.2803  1029.6934    34.6842 0.0000e+00
      16821 326.523852  -62.21706  -58.33798      0.505    1449.44    413.000    408.629    -0.2515    -0.2460     0.0055    -0.2666    -0.2611     0.0055   2.864538   2.865457   0.000898    34.5143    34.5200     5.8305     5.5839    -0.2465    27.7276    27.7320    34.5136    27.7271    1454.06    1454.09    -0.2664  1029.6960    34.6825 0.0000e+00
      16864 326.523873  -62.21707  -58.33798      0.552    1449.44    414.000    409.615    -0.2699    -0.2659     0.0041    -0.2850    -0.2810     0.0040   2.863136   2.863808   0.000723    34.5142    34.5192     5.8169     5.5737    -0.2432    27.7284    27.7323    34.5152    27.7293    1453.99    1454.02    -0.2848  1029.7031    34.6841 0.0000e+00
      16903 326.523892  -62.21708  -58.33798      0.615    1449.44    415.000    410.604    -0.2514    -0.2510     0.0004    -0.2665    -0.2661     0.0004   2.864767   2.865195   0.000442    34.5147    34.5202     5.8033     5.5529    -0.2503    27.7280    27.7324    34.5153    27.7285    1454.09    1454.10    -0.2663  1029.7068    34.6842 0.0000e+00
      16943 326.523911  -62.21708  -58.33798      0.604    1449.44    416.000    411.592    -0.2513    -0.2533    -0.0020    -0.2666    -0.2685    -0.0020   2.864839   2.865079   0.000234    34.5149    34.5203     5.8181     5.5691    -0.2491    27.7281    27.7326    34.5157    27.7288    1454.11    1454.11    -0.2663  1029.7118    34.6846 0.0000e+00
      16981 326.523930  -62.21708  -58.33798      0.616    1449.44    417.000    412.581    -0.2496    -0.2490     0.0006    -0.2649    -0.2643     0.0006   2.864980   2.865452   0.000455    34.5150    34.5204     5.8090     5.5682    -0.2408    27.7281    27.7324    34.5150    27.7282    1454.13    1454.14    -0.2646  1029.7159    34.6839 0.0000e+00
      17025 326.523950  -62.21706  -58.33796      0.563    1449.44    418.000    413.569    -0.2587    -0.2569     0.0018    -0.2740    -0.2722     0.0018   2.864174   2.864735   0.000574    34.5142    34.5198     5.8019     5.5636    -0.2384    27.7279    27.7324    34.5140    27.7278    1454.11    1454.12    -0.2738  1029.7204    34.6829 0.0000e+00
      17077 326.523976  -62.21706  -58.33796      0.450    1449.44    419.000    414.558    -0.2758    -0.2705     0.0053    -0.2910    -0.2858     0.0052   2.862564   2.863493   0.000920    34.5125    34.5188     5.8081     5.5622    -0.2459    27.7274    27.7323    34.5112    27.7263    1454.04    1454.07    -0.2908  1029.7239    34.6800 0.0000e+00
      17120 326.523996  -62.21708  -58.33798      0.550    1449.44    420.000    415.546    -0.2767    -0.2777    -0.0010    -0.2920    -0.2930    -0.0010   2.862579   2.862844   0.000289    34.5131    34.5180     5.8110     5.5682    -0.2428    27.7279    27.7320    34.5118    27.7269    1454.05    1454.05    -0.2918  1029.7292    34.6807 0.0000e+00
      17157 326.524014  -62.21708  -58.33798      0.648    1449.44    421.000    416.534    -0.3018    -0.3037    -0.0019    -0.3170    -0.3189    -0.0020   2.860393   2.860620   0.000226    34.5117    34.5170     5.8275     5.5780    -0.2495    27.7280    27.7324    34.5104    27.7269    1453.95    1453.95    -0.3168  1029.7343    34.6793 0.0000e+00
      17195 326.524033  -62.21706  -58.33798      0.634    1449.44    422.000    417.523    -0.3044    -0.3040     0.0004    -0.3197    -0.3192     0.0004   2.860207   2.860657   0.000444    34.5113    34.5167     5.8289     5.5769    -0.2520    27.7279    27.7322    34.5103    27.7270    1453.96    1453.96    -0.3194  1029.7391    34.6792 0.0000e+00
      17237 326.524053  -62.21706  -58.33798      0.563    1449.44    423.000    418.511    -0.2702    -0.2775    -0.0072    -0.2856    -0.2928    -0.0072   2.863812   2.863505  -0.000331    34.5157    34.5195     5.8463     5.5901    -0.2562    27.7297    27.7331    34.5191    27.7325    1454.14    1454.11    -0.2854  1029.7489    34.6880 0.0000e+00
      17278 326.524073  -62.21706  -58.33797      0.586    1449.44    424.000    419.500    -0.2491    -0.2502    -0.0011    -0.2647    -0.2658    -0.0011   2.865482   2.865744   0.000299    34.5168    34.5220     5.8639     5.6094    -0.2544    27.7296    27.7339    34.5169    27.7297    1454.25    1454.25    -0.2644  1029.7506    34.6859 0.0000e+00
      17322 326.524094  -62.21706  -58.33796      0.560    1449.44    425.000    420.487    -0.2645    -0.2635     0.0011    -0.2801    -0.2790     0.0011   2.864271   2.864768   0.000495    34.5177    34.5231     5.8206     5.5991    -0.2215    27.7311    27.7354    34.5176    27.7310    1454.20    1454.21    -0.2798  1029.7568    34.6866 0.0000e+00
      17373 326.524118  -62.21706  -58.33796      0.464    1449.44    426.000    421.476    -0.2982    -0.2985    -0.0003    -0.3136    -0.3139    -0.0003   2.861135   2.861562   0.000435    34.5165    34.5227     5.7967     5.5631    -0.2336    27.7317    27.7367    34.5132    27.7291    1454.05    1454.06    -0.3134  1029.7600    34.6821 0.0000e+00
      17419 326.524141  -62.21706  -58.33798      0.516    1449.44    427.000    422.462    -0.3534    -0.3549    -0.0015    -0.3687    -0.3703    -0.0015   2.856575   2.856871   0.000296    34.5181    34.5238     5.8084     5.5579    -0.2505    27.7357    27.7403    34.5142    27.7325    1453.81    1453.81    -0.3685  1029.7690    34.6831 0.0000e+00
      17456 326.524159  -62.21707  -58.33796      0.632    1449.44    428.000    423.456    -0.3754    -0.3762    -0.0008    -0.3907    -0.3915    -0.0008   2.854770   2.855128   0.000343    34.5183    34.5237     5.8353     5.5704    -0.2649    27.7369    27.7413    34.5144    27.7337    1453.73    1453.73    -0.3905  1029.7752    34.6833 0.0000e+00
      17492 326.524176  -62.21706  -58.33796      0.670    1449.44    429.000    424.441    -0.3915    -0.3912     0.0002    -0.4067    -0.4065     0.0002   2.853521   2.853955   0.000431    34.5184    34.5239     5.8772     5.6074    -0.2698    27.7377    27.7422    34.5153    27.7351    1453.67    1453.68    -0.4065  1029.7816    34.6842 0.0000e+00
      17535 326.524197  -62.21706  -58.33796      0.568    1449.44    430.000    425.429    -0.4009    -0.4012    -0.0002    -0.4162    -0.4164    -0.0002   2.852806   2.853174   0.000378    34.5181    34.5234     5.8998     5.6351    -0.2646    27.7379    27.7422    34.5158    27.7360    1453.64    1453.65    -0.4159  1029.7873    34.6847 0.0000e+00
      17587 326.524221  -62.21706  -58.33796      0.461    1449.44    431.000    426.418    -0.4022    -0.4027    -0.0006    -0.4174    -0.4180    -0.0006   2.852743   2.853111   0.000358    34.5176    34.5231     5.9148     5.6583    -0.2565    27.7376    27.7420    34.5157    27.7360    1453.66    1453.66    -0.4172  1029.7921    34.6847 0.0000e+00
      17632 326.524243  -62.21706  -58.33796      0.525    1449.44    432.000    427.406    -0.4076    -0.4066     0.0010    -0.4229    -0.4219     0.0010   2.852283   2.852764   0.000490    34.5175    34.5229     5.9180     5.6714    -0.2466    27.7377    27.7421    34.5152    27.7358    1453.65    1453.66    -0.4226  1029.7967    34.6841 0.0000e+00
      17672 326.524263  -62.21706  -58.33796      0.598    1449.44    433.000    428.395    -0.4368    -0.4367     0.0002    -0.4521    -0.4519     0.0001   2.849769   2.850224   0.000435    34.5177    34.5233     5.9143     5.6705    -0.2438    27.7392    27.7438    34.5140    27.7362    1453.52    1453.53    -0.4518  1029.8022    34.6829 0.0000e+00
      17713 326.524282  -62.21706  -58.33796      0.597    1449.44    434.000    429.383    -0.4944    -0.4897     0.0048    -0.5095    -0.5047     0.0047   2.844654   2.845477   0.000847    34.5168    34.5227     5.9228     5.6682    -0.2546    27.7411    27.7457    34.5101    27.7358    1453.27    1453.30    -0.5092  1029.8073    34.6790 0.0000e+00
      17758 326.524304  -62.21706  -58.33796      0.528    1449.44    435.000    430.372    -0.5393    -0.5414    -0.0022    -0.5542    -0.5564    -0.0022   2.841036   2.841294   0.000236    34.5171    34.5227     5.9417     5.6711    -0.2706    27.7434    27.7481    34.5118    27.7391    1453.08    1453.07    -0.5539  1029.8160    34.6807 0.0000e+00
      17805 326.524327  -62.21706  -58.33796      0.508    1449.44    436.000    431.360    -0.5603    -0.5570     0.0033    -0.5752    -0.5719     0.0033   2.839321   2.840010   0.000679    34.5163    34.5216     6.0011     5.7157    -0.2854    27.7437    27.7479    34.5120    27.7402    1453.00    1453.02    -0.5749  1029.8222    34.6810 0.0000e+00
      17847 326.524347  -62.21706  -58.33796      0.569    1449.59    437.000    432.348    -0.5677    -0.5664     0.0013    -0.5826    -0.5813     0.0013   2.838754   2.839254   0.000497    34.5157    34.5209     6.0386     5.7664    -0.2722    27.7435    27.7477    34.5122    27.7408    1452.98    1452.99    -0.5823  1029.8275    34.6812 0.0000e+00
      17886 326.524366  -62.21706  -58.33796      0.610    1449.76    438.000    433.336    -0.5700    -0.5709    -0.0008    -0.5850    -0.5858    -0.0009   2.838655   2.838950   0.000306    34.5155    34.5205     6.0502     5.7834    -0.2669    27.7435    27.7476    34.5130    27.7414    1452.98    1452.99    -0.5847  1029.8330    34.6819 0.0000e+00
      17932 326.524388  -62.21706  -58.33796      0.529    1449.76    439.000    434.324    -0.5864    -0.5878    -0.0014    -0.6013    -0.6027    -0.0014   2.837157   2.837429   0.000277    34.5141    34.5195     6.0517     5.7969    -0.2548    27.7431    27.7475    34.5108    27.7404    1452.92    1452.92    -0.6010  1029.8369    34.6797 0.0000e+00
      17982 326.524412  -62.21706  -58.33796      0.476    1449.76    440.000    435.313    -0.5987    -0.5987     0.0001    -0.6136    -0.6136     0.0000   2.836201   2.836604   0.000397    34.5137    34.5190     6.0493     5.7955    -0.2538    27.7433    27.7476    34.5113    27.7414    1452.88    1452.89    -0.6133  1029.8428    34.6802 0.0000e+00
      18029 326.524435  -62.21706  -58.33796      0.514    1449.76    441.000    436.301    -0.6206    -0.6202     0.0003    -0.6354    -0.6351     0.0003   2.834181   2.834605   0.000427    34.5127    34.5181     6.0649     5.8087    -0.2562    27.7434    27.7478    34.5083    27.7399    1452.79    1452.80    -0.6351  1029.8464    34.6773 0.0000e+00
      18073 326.524456  -62.21706  -58.33796      0.543    1449.76    442.000    437.289    -0.6669    -0.6662     0.0007    -0.6816    -0.6809     0.0007   2.830250   2.830699   0.000448    34.5122    34.5174     6.0701     5.8135    -0.2566    27.7450    27.7493    34.5075    27.7412    1452.59    1452.60    -0.6813  1029.8531    34.6764 0.0000e+00
      18125 326.524481  -62.21706  -58.33796      0.461    1449.76    443.000    438.276    -0.6785    -0.6782     0.0003    -0.6932    -0.6929     0.0003   2.829443   2.829865   0.000422    34.5120    34.5173     6.0991     5.8201    -0.2790    27.7454    27.7497    34.5092    27.7431    1452.55    1452.56    -0.6929  1029.8599    34.6781 0.0000e+00
      18183 326.524509  -62.21706  -58.33796      0.410    1449.76    444.000    439.267    -0.6812    -0.6811     0.0002    -0.6960    -0.6958     0.0002   2.829268   2.829674   0.000405    34.5114    34.5166     6.1348     5.8658    -0.2689    27.7450    27.7493    34.5093    27.7433    1452.56    1452.56    -0.6956  1029.8649    34.6782 0.0000e+00
      18599 326.524710  -62.21706  -58.33796      0.131    1449.76    445.000    440.243    -0.6972    -0.6968     0.0005    -0.7119    -0.7115     0.0004   2.828043   2.828478   0.000437    34.5102    34.5155     6.1408     5.8826    -0.2581    27.7447    27.7490    34.5104    27.7449    1452.50    1452.51    -0.7117  1029.8714    34.6793 0.0000e+00
      18903 326.524856  -62.21706  -58.33796     -0.231    1449.76    444.000    439.268    -0.6813    -0.6805     0.0009    -0.6961    -0.6952     0.0008   2.829317   2.829793   0.000471    34.5096    34.5150     6.1527     5.9018    -0.2509    27.7436    27.7479    34.5101    27.7440    1452.56    1452.57    -0.6957  1029.8656    34.6790 0.0000e+00
      19034 326.524920  -62.21706  -58.33796     -0.208    1449.76    443.000    438.276    -0.6729    -0.6723     0.0006    -0.6877    -0.6870     0.0006   2.829984   2.830458   0.000467    34.5095    34.5150     6.1269     5.8804    -0.2465    27.7431    27.7476    34.5101    27.7436    1452.58    1452.59    -0.6874  1029.8604    34.6791 0.0000e+00
      19109 326.524956  -62.21706  -58.33796     -0.369    1449.76    442.000    437.290    -0.6642    -0.6619     0.0023    -0.6789    -0.6766     0.0023   2.830727   2.831301   0.000570    34.5100    34.5151     6.1239     5.8736    -0.2503    27.7432    27.7472    34.5108    27.7438    1452.61    1452.62    -0.6786  1029.8557    34.6798 0.0000e+00
      19167 326.524984  -62.21706  -58.33796     -0.409    1449.76    441.000    436.301    -0.6494    -0.6449     0.0045    -0.6641    -0.6597     0.0045   2.832036   2.832769   0.000715    34.5107    34.5152     6.1219     5.8664    -0.2555    27.7431    27.7465    34.5122    27.7443    1452.66    1452.69    -0.6638  1029.8512    34.6812 0.0000e+00
      19227 326.525013  -62.21706  -58.33796     -0.402    1449.76    440.000    435.314    -0.6205    -0.6067     0.0138    -0.6353    -0.6216     0.0137   2.834597   2.836176   0.001546    34.5120    34.5171     6.1091     5.8585    -0.2507    27.7428    27.7464    34.5145    27.7449    1452.78    1452.86    -0.6351  1029.8466    34.6834 0.0000e+00
      19288 326.525042  -62.21706  -58.33796     -0.394    1449.76    439.000    434.323    -0.5916    -0.5847     0.0070    -0.6065    -0.5996     0.0069   2.836991   2.837950   0.000977    34.5120    34.5172     6.0849     5.8374    -0.2475    27.7416    27.7455    34.5145    27.7436    1452.90    1452.94    -0.6062  1029.8402    34.6834 0.0000e+00
      19343 326.525069  -62.21706  -58.33796     -0.436    1449.76    438.000    433.340    -0.5786    -0.5730     0.0056    -0.5935    -0.5879     0.0055   2.838045   2.838905   0.000879    34.5123    34.5178     6.0584     5.8089    -0.2495    27.7413    27.7455    34.5145    27.7430    1452.95    1452.98    -0.5932  1029.8347    34.6834 0.0000e+00
      19401 326.525097  -62.21706  -58.33795     -0.411    1449.76    437.000    432.345    -0.5702    -0.5648     0.0053    -0.5850    -0.5797     0.0053   2.838723   2.839660   0.000923    34.5126    34.5189     6.0438     5.8057    -0.2381    27.7411    27.7460    34.5146    27.7428    1452.97    1453.00    -0.5848  1029.8296    34.6835 0.0000e+00
      19450 326.525120  -62.21706  -58.33794     -0.499    1449.76    436.000    431.360    -0.5543    -0.5508     0.0035    -0.5692    -0.5657     0.0035   2.840104   2.840748   0.000664    34.5136    34.5186     6.0377     5.7997    -0.2380    27.7413    27.7451    34.5158    27.7430    1453.03    1453.05    -0.5689  1029.8249    34.6847 0.0000e+00
