Pos-Processados/process_op38/operantar38_013b.ros
* Sea-Bird SBE 9 Data File:
* FileName = D:\OPERANTAR_XXXVIII\DADOS\OP38_013b.hdr
* Software Version Seasave V 7.18c
* Temperature SN = 4808
* Conductivity SN = 3380
* Number of Bytes Per Scan = 34
* Number of Voltage Words = 3
* Number of Scans Averaged by the Deck Unit = 1
* NMEA Latitude = 62 08.60 S
* NMEA Longitude = 058 24.70 W
* NMEA UTC (Time) = Nov 05 2019 03:39:39
** H41
** NAVIO POLAR ALMIRANTE MAXIMIANO
** CRUZEIRO:
** OPERANTAR XXXVIII
** ESTAÇÃO: OP38_013b
** LAT 62 08,60' S
** LONG 058 24,70' W
** 09P73767-1155_A
** PROFUNDIDADE: 420
** DATA/HORA: 050340Z/NOV/2019
** OPERADOR: SO-HN CHAVES
# nquan = 26
# nvalues = 1802                                  
# units = specified
# name 0 = scan: Scan Count
# name 1 = timeJ: Julian Days
# name 2 = latitude: Latitude [deg]
# name 3 = longitude: Longitude [deg]
# name 4 = dz/dtM: Descent Rate [m/s]
# name 5 = avgsvCM: Average Sound Velocity [Chen-Millero, m/s]
# name 6 = prDM: Pressure, Digiquartz [db]
# name 7 = depSM: Depth [salt water, m]
# name 8 = t090C: Temperature [ITS-90, deg C]
# name 9 = t190C: Temperature, 2 [ITS-90, deg C]
# name 10 = T2-T190C: Temperature Difference, 2 - 1 [ITS-90, deg C]
# name 11 = potemp090C: Potential Temperature [ITS-90, deg C]
# name 12 = potemp190C: Potential Temperature, 2 [ITS-90, deg C]
# name 13 = potemp90Cdiff: Potential Temperature, Diff, 2 - 1 [ITS-90, deg C]
# name 14 = c0S/m: Conductivity [S/m]
# name 15 = c1S/m: Conductivity, 2 [S/m]
# name 16 = C2-C1S/m: Conductivity Difference, 2 - 1 [S/m]
# name 17 = sal00: Salinity, Practical [PSU]
# name 18 = sal11: Salinity, Practical, 2 [PSU]
# name 19 = sbeox0ML/L: Oxygen, SBE 43 [ml/l]
# name 20 = sbeox1ML/L: Oxygen, SBE 43, 2 [ml/l]
# name 21 = sbeox0ML/Ldiff: Oxygen, SBE 43, Diff, 2 - 1 [ml/l]
# name 22 = sigma-é00: Density [sigma-theta, kg/m^3]
# name 23 = sigma-é11: Density, 2 [sigma-theta, kg/m^3]
# name 24 = nbf: Bottles Fired
# name 25 = flag:  0.000e+00
# interval = seconds: 0.0416667
# start_time = Nov 05 2019 03:39:39 [NMEA time, header]
# bad_flag = -9.990e-29
*END*
[from data line 892]
       4772 309.154836  -62.14340  -58.41182      0.011       0.00      1.672      1.656    -0.6528    -0.6721    -0.0193    -0.6529    -0.6722    -0.0193   2.784737   2.783736  -0.001001    34.1477    34.1559     7.5897     7.2987    -0.2911    27.4487    27.4562          7  0.000e+00
       4773 309.154836  -62.14340  -58.41182      0.012       0.00      1.672      1.656    -0.6535    -0.6717    -0.0182    -0.6535    -0.6717    -0.0182   2.784695   2.783799  -0.000896    34.1478    34.1563     7.5897     7.2986    -0.2910    27.4489    27.4565          7  0.000e+00
       4774 309.154837  -62.14340  -58.41182      0.010       0.00      1.672      1.656    -0.6528    -0.6732    -0.0204    -0.6529    -0.6732    -0.0204   2.784743   2.783799  -0.000944    34.1477    34.1580     7.5894     7.2990    -0.2904    27.4488    27.4580          7  0.000e+00
       4775 309.154837  -62.14340  -58.41182      0.012       0.00      1.672      1.656    -0.6516    -0.6737    -0.0221    -0.6517    -0.6737    -0.0221   2.784845   2.783747  -0.001098    34.1477    34.1579     7.5890     7.2992    -0.2898    27.4487    27.4579          7  0.000e+00
       4776 309.154837  -62.14340  -58.41182      0.010       0.00      1.672      1.656    -0.6513    -0.6726    -0.0212    -0.6514    -0.6726    -0.0212   2.784875   2.783793  -0.001082    34.1478    34.1572     7.5888     7.2991    -0.2897    27.4488    27.4573          7  0.000e+00
       4777 309.154838  -62.14340  -58.41182      0.011       0.00      1.672      1.656    -0.6514    -0.6719    -0.0205    -0.6515    -0.6720    -0.0205   2.784791   2.783736  -0.001055    34.1468    34.1558     7.5888     7.2991    -0.2897    27.4480    27.4561          7  0.000e+00
       4778 309.154838  -62.14340  -58.41182      0.010       0.00      1.672      1.656    -0.6521    -0.6714    -0.0193    -0.6521    -0.6714    -0.0193   2.784707   2.783764  -0.000943    34.1464    34.1555     7.5941     7.2979    -0.2962    27.4477    27.4558          7  0.000e+00
       4779 309.154839  -62.14340  -58.41182      0.009       0.00      1.692      1.676    -0.6527    -0.6680    -0.0153    -0.6527    -0.6680    -0.0153   2.784671   2.784046  -0.000625    34.1466    34.1554     7.5950     7.2972    -0.2978    27.4478    27.4556          7  0.000e+00
       4780 309.154839  -62.14340  -58.41182      0.007       0.00      1.624      1.608    -0.6542    -0.6635    -0.0092    -0.6543    -0.6635    -0.0092   2.784701   2.784426  -0.000275    34.1488    34.1555     7.5959     7.2962    -0.2997    27.4497    27.4555          7  0.000e+00
       4781 309.154840  -62.14340  -58.41182      0.008       0.00      1.720      1.703    -0.6541    -0.6608    -0.0068    -0.6541    -0.6609    -0.0068   2.784731   2.784696  -0.000035    34.1489    34.1561     7.5959     7.2957    -0.3002    27.4498    27.4559          7  0.000e+00
       4782 309.154840  -62.14340  -58.41182      0.006       0.00      1.624      1.608    -0.6539    -0.6595    -0.0055    -0.6540    -0.6595    -0.0055   2.784797   2.784846   0.000049    34.1498    34.1567     7.5956     7.3011    -0.2945    27.4505    27.4563          7  0.000e+00
       4783 309.154841  -62.14340  -58.41182      0.004       0.00      1.672      1.656    -0.6531    -0.6585    -0.0054    -0.6532    -0.6585    -0.0054   2.784857   2.784909   0.000052    34.1496    34.1564     7.5961     7.3021    -0.2940    27.4503    27.4560          7  0.000e+00
       4784 309.154841  -62.14340  -58.41182      0.005       0.00      1.672      1.656    -0.6525    -0.6578    -0.0052    -0.6526    -0.6578    -0.0052   2.784893   2.784955   0.000062    34.1494    34.1562     7.5967     7.2972    -0.2995    27.4502    27.4558          7  0.000e+00
       4785 309.154842  -62.14340  -58.41182      0.005       0.00      1.672      1.656    -0.6531    -0.6578    -0.0046    -0.6532    -0.6578    -0.0046   2.784839   2.784938   0.000099    34.1494    34.1559     7.5975     7.2960    -0.3015    27.4501    27.4556          7  0.000e+00
       4786 309.154842  -62.14340  -58.41182      0.003       0.00      1.672      1.656    -0.6547    -0.6573    -0.0026    -0.6547    -0.6573    -0.0026   2.784701   2.784921   0.000219    34.1493    34.1552     7.5985     7.2958    -0.3027    27.4501    27.4550          7  0.000e+00
       4787 309.154843  -62.14340  -58.41182      0.004       0.00      1.672      1.656    -0.6561    -0.6573    -0.0012    -0.6561    -0.6573    -0.0012   2.784623   2.784938   0.000315    34.1498    34.1554     7.5995     7.3015    -0.2980    27.4506    27.4552          7  0.000e+00
       4788 309.154843  -62.14340  -58.41182      0.008       0.00      1.720      1.703    -0.6575    -0.6584    -0.0009    -0.6575    -0.6584    -0.0009   2.784527   2.784892   0.000364    34.1501    34.1560     7.5954     7.2970    -0.2984    27.4509    27.4557          7  0.000e+00
       4789 309.154844  -62.14340  -58.41182      0.004       0.00      1.638      1.622    -0.6581    -0.6585    -0.0004    -0.6582    -0.6585    -0.0004   2.784426   2.784886   0.000460    34.1494    34.1561     7.6006     7.2968    -0.3038    27.4504    27.4558          7  0.000e+00
       4790 309.154844  -62.14340  -58.41182      0.007       0.00      1.720      1.703    -0.6583    -0.6588    -0.0005    -0.6583    -0.6589    -0.0005   2.784348   2.784892   0.000544    34.1485    34.1565     7.6014     7.2968    -0.3047    27.4497    27.4561          7  0.000e+00
       4791 309.154845  -62.14340  -58.41182      0.008       0.00      1.672      1.656    -0.6590    -0.6595    -0.0004    -0.6591    -0.6595    -0.0004   2.784228   2.784840   0.000612    34.1478    34.1565     7.6023     7.2967    -0.3056    27.4491    27.4562          7  0.000e+00
       4792 309.154845  -62.14340  -58.41182      0.005       0.00      1.672      1.656    -0.6614    -0.6596     0.0018    -0.6614    -0.6596     0.0018   2.783989   2.784794   0.000806    34.1472    34.1561     7.6036     7.2966    -0.3069    27.4487    27.4558          7  0.000e+00
       4793 309.154846  -62.14340  -58.41182      0.006       0.00      1.672      1.656    -0.6639    -0.6602     0.0037    -0.6640    -0.6603     0.0037   2.783767   2.784685   0.000918    34.1471    34.1553     7.6041     7.2967    -0.3074    27.4487    27.4552          7  0.000e+00
       4794 309.154846  -62.14340  -58.41182      0.009       0.00      1.720      1.703    -0.6657    -0.6608     0.0049    -0.6658    -0.6609     0.0049   2.783737   2.784495   0.000758    34.1487    34.1534     7.6043     7.3026    -0.3017    27.4501    27.4537          7  0.000e+00
       4795 309.154847  -62.14340  -58.41182      0.009       0.00      1.672      1.656    -0.6657    -0.6638     0.0019    -0.6658    -0.6638     0.0019   2.783881   2.784386   0.000505    34.1507    34.1553     7.6048     7.3041    -0.3007    27.4517    27.4554          7  0.000e+00
       4796 309.154847  -62.14340  -58.41182      0.009       0.00      1.672      1.656    -0.6644    -0.6653    -0.0009    -0.6645    -0.6654    -0.0009   2.783983   2.784207   0.000225    34.1506    34.1546     7.6052     7.2996    -0.3056    27.4516    27.4549          7  0.000e+00
       4797 309.154848  -62.14340  -58.41182      0.009       0.00      1.672      1.656    -0.6639    -0.6667    -0.0029    -0.6639    -0.6668    -0.0029   2.784060   2.784075   0.000015    34.1510    34.1544     7.6048     7.2996    -0.3052    27.4519    27.4548          7  0.000e+00
       4798 309.154848  -62.14340  -58.41182      0.010       0.00      1.720      1.703    -0.6639    -0.6684    -0.0046    -0.6639    -0.6685    -0.0046   2.784066   2.783989  -0.000078    34.1510    34.1551     7.6055     7.2998    -0.3057    27.4519    27.4554          7  0.000e+00
       4799 309.154849  -62.14340  -58.41182      0.011       0.00      1.692      1.676    -0.6637    -0.6695    -0.0058    -0.6637    -0.6696    -0.0058   2.784078   2.783954  -0.000124    34.1510    34.1559     7.6060     7.2997    -0.3063    27.4519    27.4561          7  0.000e+00
       4800 309.154849  -62.14340  -58.41182      0.014       0.00      1.720      1.703    -0.6641    -0.6702    -0.0061    -0.6642    -0.6703    -0.0061   2.784066   2.783925  -0.000141    34.1514    34.1564     7.6068     7.2997    -0.3071    27.4522    27.4565          7  0.000e+00
       4801 309.154850  -62.14340  -58.41182      0.014       0.00      1.672      1.656    -0.6640    -0.6707    -0.0068    -0.6640    -0.6708    -0.0068   2.784036   2.783920  -0.000117    34.1508    34.1569     7.6117     7.3053    -0.3063    27.4517    27.4569          7  0.000e+00
       4802 309.154850  -62.14340  -58.41182      0.010       0.00      1.672      1.656    -0.6643    -0.6714    -0.0070    -0.6644    -0.6714    -0.0070   2.783995   2.783937  -0.000058    34.1506    34.1578     7.6071     7.3063    -0.3008    27.4516    27.4577          7  0.000e+00
       4803 309.154851  -62.14340  -58.41182      0.016       0.00      1.720      1.703    -0.6644    -0.6709    -0.0065    -0.6645    -0.6709    -0.0065   2.783983   2.783983 4.6224e-07    34.1506    34.1579     7.6120     7.3070    -0.3050    27.4516    27.4578          7  0.000e+00
       4804 309.154851  -62.14340  -58.41182      0.015       0.00      1.720      1.703    -0.6648    -0.6707    -0.0059    -0.6648    -0.6708    -0.0059   2.783959   2.784058   0.000099    34.1506    34.1587     7.6074     7.3019    -0.3055    27.4516    27.4584          7  0.000e+00
       4805 309.154851  -62.14340  -58.41182      0.015       0.00      1.672      1.656    -0.6650    -0.6707    -0.0057    -0.6651    -0.6708    -0.0057   2.783935   2.784173   0.000238    34.1506    34.1603     7.6078     7.3013    -0.3065    27.4516    27.4597          7  0.000e+00
       4806 309.154852  -62.14340  -58.41182      0.017       0.00      1.720      1.703    -0.6655    -0.6692    -0.0037    -0.6656    -0.6692    -0.0037   2.783905   2.784282   0.000377    34.1508    34.1600     7.6076     7.3065    -0.3011    27.4518    27.4594          7  0.000e+00
       4807 309.154852  -62.14340  -58.41182      0.019       0.00      1.720      1.703    -0.6660    -0.6680    -0.0020    -0.6661    -0.6680    -0.0020   2.783899   2.784357   0.000458    34.1512    34.1596     7.6081     7.3070    -0.3011    27.4521    27.4590          7  0.000e+00
       4808 309.154853  -62.14340  -58.41182      0.020       0.00      1.672      1.656    -0.6665    -0.6661     0.0004    -0.6665    -0.6661     0.0004   2.783881   2.784483   0.000603    34.1515    34.1592     7.6077     7.3013    -0.3063    27.4524    27.4586          7  0.000e+00
       4809 309.154853  -62.14340  -58.41182      0.023       0.00      1.740      1.723    -0.6668    -0.6638     0.0030    -0.6668    -0.6638     0.0030   2.783875   2.784524   0.000649    34.1517    34.1571     7.6074     7.3005    -0.3068    27.4526    27.4569          7  0.000e+00
       4810 309.154854  -62.14340  -58.41182      0.025       0.00      1.720      1.703    -0.6666    -0.6625     0.0041    -0.6667    -0.6626     0.0041   2.783857   2.784587   0.000730    34.1514    34.1566     7.6128     7.3056    -0.3072    27.4523    27.4564          7  0.000e+00
       4811 309.154854  -62.14340  -58.41182      0.027       0.00      1.720      1.703    -0.6665    -0.6624     0.0041    -0.6665    -0.6624     0.0041   2.783827   2.784604   0.000777    34.1508    34.1566     7.6138     7.3062    -0.3077    27.4518    27.4564          7  0.000e+00
       4812 309.154855  -62.14340  -58.41182      0.025       0.00      1.672      1.656    -0.6666    -0.6624     0.0043    -0.6667    -0.6624     0.0043   2.783839   2.784604   0.000765    34.1511    34.1567     7.6089     7.3067    -0.3022    27.4521    27.4564          7  0.000e+00
       4813 309.154855  -62.14340  -58.41182      0.027       0.00      1.774      1.757    -0.6662    -0.6624     0.0038    -0.6662    -0.6624     0.0038   2.783869   2.784604   0.000735    34.1510    34.1566     7.6135     7.3073    -0.3061    27.4520    27.4564          7  0.000e+00
       4814 309.154856  -62.14340  -58.41182      0.026       0.00      1.672      1.656    -0.6665    -0.6621     0.0044    -0.6665    -0.6621     0.0044   2.783875   2.784604   0.000729    34.1514    34.1563     7.6084     7.3018    -0.3066    27.4524    27.4561          7  0.000e+00
       4815 309.154856  -62.14340  -58.41182      0.027       0.00      1.720      1.703    -0.6666    -0.6621     0.0046    -0.6667    -0.6621     0.0046   2.783899   2.784604   0.000705    34.1519    34.1563     7.6078     7.3070    -0.3007    27.4528    27.4561          7  0.000e+00
       4816 309.154857  -62.14340  -58.41182      0.032       0.00      1.774      1.757    -0.6669    -0.6617     0.0052    -0.6670    -0.6618     0.0052   2.783881   2.784604   0.000723    34.1520    34.1559     7.6080     7.3016    -0.3064    27.4528    27.4558          7  0.000e+00
       4817 309.154857  -62.14340  -58.41182      0.032       0.00      1.720      1.703    -0.6673    -0.6619     0.0054    -0.6674    -0.6620     0.0054   2.783875   2.784604   0.000729    34.1524    34.1561     7.6081     7.3067    -0.3014    27.4532    27.4560          7  0.000e+00
       4818 309.154858  -62.14340  -58.41182      0.031       0.00      1.720      1.703    -0.6676    -0.6622     0.0053    -0.6676    -0.6623     0.0053   2.783791   2.784604   0.000813    34.1515    34.1565     7.6083     7.3013    -0.3070    27.4525    27.4563          7  0.000e+00
       4819 309.154858  -62.14340  -58.41182      0.036       0.00      1.740      1.723    -0.6679    -0.6621     0.0058    -0.6679    -0.6621     0.0058   2.783767   2.784564   0.000797    34.1515    34.1558     7.6033     7.3006    -0.3028    27.4525    27.4557          7  0.000e+00
       4820 309.154859  -62.14340  -58.41182      0.034       0.00      1.720      1.703    -0.6682    -0.6624     0.0058    -0.6683    -0.6624     0.0058   2.783767   2.784552   0.000785    34.1519    34.1559     7.6071     7.2999    -0.3072    27.4528    27.4558          7  0.000e+00
       4821 309.154859  -62.14340  -58.41182      0.037       0.00      1.774      1.757    -0.6687    -0.6631     0.0055    -0.6687    -0.6632     0.0055   2.783767   2.784518   0.000751    34.1524    34.1563     7.6065     7.2993    -0.3072    27.4532    27.4562          7  0.000e+00
       4822 309.154860  -62.14340  -58.41182      0.040       0.00      1.774      1.757    -0.6685    -0.6627     0.0058    -0.6685    -0.6627     0.0058   2.783767   2.784478   0.000711    34.1522    34.1552     7.6058     7.2985    -0.3072    27.4531    27.4553          7  0.000e+00
       4823 309.154860  -62.14340  -58.41182      0.040       0.00      1.720      1.703    -0.6687    -0.6633     0.0054    -0.6687    -0.6634     0.0054   2.783749   2.784449   0.000700    34.1522    34.1556     7.6050     7.3037    -0.3013    27.4531    27.4556          7  0.000e+00
       4824 309.154861  -62.14340  -58.41182      0.043       0.00      1.774      1.757    -0.6683    -0.6641     0.0043    -0.6684    -0.6641     0.0043   2.783761   2.784409   0.000648    34.1519    34.1559     7.6042     7.2984    -0.3058    27.4528    27.4559          7  0.000e+00
       4825 309.154861  -62.14340  -58.41182      0.043       0.00      1.720      1.703    -0.6685    -0.6641     0.0044    -0.6685    -0.6641     0.0044   2.783731   2.784374   0.000643    34.1518    34.1554     7.6033     7.2975    -0.3058    27.4527    27.4555          7  0.000e+00
       4826 309.154862  -62.14340  -58.41182      0.045       0.00      1.774      1.757    -0.6688    -0.6647     0.0041    -0.6688    -0.6647     0.0041   2.783695   2.784386   0.000690    34.1516    34.1563     7.6026     7.2969    -0.3057    27.4526    27.4562          7  0.000e+00
