Pos-Processados/process_op38/operantar38_002.ros
* Sea-Bird SBE 9 Data File:
* FileName = D:\OPERANTAR_XXXVIII\DADOS\OP38_002.hdr
* Software Version Seasave V 7.12
* Temperature SN = 4808
* Conductivity SN = 3380
* Number of Bytes Per Scan = 31
* Number of Voltage Words = 2
* Number of Scans Averaged by the Deck Unit = 1
* NMEA Latitude = 38 26.99 S
* NMEA Longitude = 052 53.48 W
* NMEA UTC (Time) = Jan 16 2019 21:21:57
** H41
** NAVIO POLAR ALMIRANTE MAXIMIANO
** CRUZEIRO:
** OPERANTAR XXXVIII
** ESTAÇÃO: 002
** LAT 38º 26,99'S
** LONG 052º 53,46'W
** 09P73767-1155
** PROFUNDIDADE: 4158 m
** DATA/HORA: 162121Z/OUT/2019
** OPERADOR: SO-HN CHAVES
# nquan = 24
# nvalues = 3775                                  
# units = specified
# name 0 = scan: Scan Count
# name 1 = timeJ: Julian Days
# name 2 = latitude: Latitude [deg]
# name 3 = longitude: Longitude [deg]
# name 4 = dz/dtM: Descent Rate [m/s]
# name 5 = avgsvCM: Average Sound Velocity [Chen-Millero, m/s]
# name 6 = prDM: Pressure, Digiquartz [db]
# name 7 = depSM: Depth [salt water, m]
# name 8 = t090C: Temperature [ITS-90, deg C]
# name 9 = t190C: Temperature, 2 [ITS-90, deg C]
# name 10 = T2-T190C: Temperature Difference, 2 - 1 [ITS-90, deg C]
# name 11 = potemp090C: Potential Temperature [ITS-90, deg C]
# name 12 = potemp190C: Potential Temperature, 2 [ITS-90, deg C]
# name 13 = potemp90Cdiff: Potential Temperature, Diff, 2 - 1 [ITS-90, deg C]
# name 14 = c0S/m: Conductivity [S/m]
# name 15 = c1S/m: Conductivity, 2 [S/m]
# name 16 = C2-C1S/m: Conductivity Difference, 2 - 1 [S/m]
# name 17 = sal00: Salinity, Practical [PSU]
# name 18 = sal11: Salinity, Practical, 2 [PSU]
# name 19 = sbeox0ML/L: Oxygen, SBE 43 [ml/l]
# name 20 = sigma-é00: Density [sigma-theta, kg/m^3]
# name 21 = sigma-é11: Density, 2 [sigma-theta, kg/m^3]
# name 22 = nbf: Bottles Fired
# name 23 = flag:  0.000e+00
# interval = seconds: 0.0416667
# start_time = Jan 16 2019 21:21:57 [NMEA time, header]
# bad_flag = -9.990e-29
*END*
[from data line 1027]
      65084  16.921630  -38.44984  -52.89134      0.059    1497.38     20.422     20.267    15.5175    15.5190     0.0015    15.5143    15.5158     0.0015   4.415169   4.415920   0.000751    35.6459    35.6513     5.5761    26.3553    26.3591          7  0.000e+00
      65085  16.921630  -38.44984  -52.89134      0.069    1497.38     20.483     20.328    15.5174    15.5186     0.0012    15.5143    15.5155     0.0012   4.415169   4.415920   0.000751    35.6459    35.6516     5.5759    26.3553    26.3595          7  0.000e+00
      65086  16.921630  -38.44984  -52.89134      0.077    1497.38     20.470     20.315    15.5174    15.5192     0.0017    15.5143    15.5160     0.0017   4.415190   4.415927   0.000736    35.6461    35.6512     5.5756    26.3555    26.3590          7  0.000e+00
      65087  16.921631  -38.44984  -52.89134      0.083    1497.38     20.435     20.281    15.5179    15.5185     0.0005    15.5148    15.5153     0.0005   4.415212   4.415947   0.000736    35.6459    35.6521     5.5753    26.3552    26.3598          7  0.000e+00
      65088  16.921631  -38.44984  -52.89134      0.094    1497.38     20.524     20.369    15.5180    15.5190     0.0010    15.5148    15.5158     0.0010   4.415233   4.415934   0.000700    35.6460    35.6514     5.5753    26.3552    26.3592          7  0.000e+00
      65089  16.921632  -38.44984  -52.89134      0.103    1497.38     20.483     20.328    15.5183    15.5190     0.0007    15.5151    15.5158     0.0007   4.415240   4.415927   0.000686    35.6458    35.6514     5.5750    26.3550    26.3592          7  0.000e+00
      65090  16.921632  -38.44984  -52.89134      0.109    1497.38     20.524     20.369    15.5183    15.5185     0.0002    15.5151    15.5153     0.0002   4.415241   4.415920   0.000679    35.6458    35.6518     5.5747    26.3550    26.3596          7  0.000e+00
      65091  16.921633  -38.44984  -52.89134      0.117    1497.38     20.483     20.328    15.5185    15.5185    -0.0000    15.5153    15.5153    -0.0000   4.415219   4.415947   0.000728    35.6454    35.6520     5.5743    26.3547    26.3598          7  0.000e+00
      65092  16.921633  -38.44984  -52.89134      0.123    1497.38     20.524     20.369    15.5185    15.5183    -0.0002    15.5153    15.5152    -0.0002   4.415291   4.415934   0.000643    35.6460    35.6520     5.5742    26.3552    26.3598          7  0.000e+00
      65093  16.921634  -38.44984  -52.89134      0.133    1497.38     20.538     20.383    15.5188    15.5185    -0.0003    15.5156    15.5153    -0.0003   4.415284   4.415920   0.000636    35.6457    35.6518     5.5741    26.3549    26.3596          7  0.000e+00
      65094  16.921634  -38.44984  -52.89134      0.137    1497.38     20.524     20.369    15.5188    15.5180    -0.0008    15.5156    15.5148    -0.0008   4.415319   4.415920   0.000600    35.6461    35.6522     5.5740    26.3551    26.3600          7  0.000e+00
      65095  16.921635  -38.44984  -52.89134      0.146    1497.38     20.586     20.430    15.5188    15.5180    -0.0009    15.5156    15.5148    -0.0009   4.415291   4.415892   0.000602    35.6457    35.6519     5.5707    26.3549    26.3598          7  0.000e+00
      65096  16.921635  -38.44984  -52.89134      0.149    1497.38     20.525     20.369    15.5188    15.5185    -0.0003    15.5156    15.5153    -0.0003   4.415276   4.415934   0.000657    35.6457    35.6519     5.5735    26.3548    26.3597          7  0.000e+00
      65097  16.921636  -38.44984  -52.89134      0.156    1497.38     20.586     20.430    15.5188    15.5183    -0.0005    15.5156    15.5151    -0.0005   4.415334   4.415934   0.000600    35.6462    35.6520     5.5702    26.3552    26.3598          7  0.000e+00
      65098  16.921636  -38.44984  -52.89134      0.164    1497.38     20.572     20.417    15.5192    15.5188    -0.0004    15.5160    15.5156    -0.0004   4.415334   4.415982   0.000648    35.6458    35.6520     5.5729    26.3549    26.3597          7  0.000e+00
      65099  16.921637  -38.44984  -52.89134      0.167    1497.38     20.586     20.430    15.5190    15.5188    -0.0002    15.5158    15.5157    -0.0002   4.415348   4.415961   0.000613    35.6461    35.6518     5.5699    26.3551    26.3595          7  0.000e+00
      65100  16.921637  -38.44984  -52.89134      0.173    1497.38     20.620     20.464    15.5192    15.5188    -0.0004    15.5160    15.5156    -0.0004   4.415291   4.415954   0.000664    35.6454    35.6517     5.5727    26.3546    26.3595          7  0.000e+00
      65101  16.921638  -38.44984  -52.89134      0.177    1497.38     20.586     20.430    15.5186    15.5187     0.0001    15.5154    15.5155     0.0001   4.415233   4.415982   0.000749    35.6454    35.6521     5.5726    26.3547    26.3598          7  0.000e+00
      65102  16.921638  -38.44984  -52.89134      0.182    1497.38     20.620     20.464    15.5181    15.5192     0.0010    15.5149    15.5160     0.0010   4.415147   4.415996   0.000848    35.6451    35.6518     5.5696    26.3545    26.3595          7  0.000e+00
      65103  16.921639  -38.44984  -52.89134      0.187    1497.38     20.634     20.478    15.5175    15.5190     0.0015    15.5143    15.5158     0.0015   4.415068   4.416023   0.000955    35.6449    35.6522     5.5696    26.3545    26.3598          7  0.000e+00
      65104  16.921639  -38.44984  -52.89134      0.190    1497.38     20.634     20.478    15.5171    15.5190     0.0019    15.5139    15.5158     0.0019   4.415076   4.416003   0.000927    35.6454    35.6520     5.5692    26.3550    26.3596          7  0.000e+00
      65105  16.921640  -38.44984  -52.89134      0.193    1497.38     20.621     20.464    15.5166    15.5193     0.0027    15.5134    15.5161     0.0027   4.415047   4.416023   0.000976    35.6456    35.6519     5.5723    26.3552    26.3595          7  0.000e+00
      65106  16.921640  -38.44984  -52.89134      0.201    1497.38     20.689     20.532    15.5164    15.5194     0.0029    15.5132    15.5162     0.0029   4.415018   4.416058   0.001039    35.6454    35.6521     5.5725    26.3551    26.3597          7  0.000e+00
      65107  16.921641  -38.44984  -52.89134      0.202    1497.38     20.675     20.519    15.5164    15.5192     0.0028    15.5132    15.5160     0.0028   4.415018   4.415982   0.000964    35.6454    35.6516     5.5726    26.3552    26.3593          7  0.000e+00
      65108  16.921641  -38.44984  -52.89134      0.205    1497.38     20.689     20.532    15.5163    15.5183     0.0021    15.5130    15.5151     0.0021   4.415018   4.415872   0.000853    35.6456    35.6514     5.5696    26.3553    26.3593          7  0.000e+00
      65109  16.921642  -38.44984  -52.89134      0.208    1497.38     20.675     20.519    15.5163    15.5178     0.0015    15.5130    15.5146     0.0015   4.414997   4.415817   0.000820    35.6454    35.6514     5.5726    26.3552    26.3595          7  0.000e+00
      65110  16.921642  -38.44984  -52.89134      0.212    1497.38     20.689     20.532    15.5159    15.5171     0.0012    15.5127    15.5139     0.0012   4.415011   4.415748   0.000737    35.6458    35.6514     5.5727    26.3556    26.3596          7  0.000e+00
      65111  16.921643  -38.44984  -52.89134      0.215    1497.38     20.723     20.566    15.5159    15.5169     0.0010    15.5127    15.5137     0.0010   4.415018   4.415727   0.000709    35.6459    35.6514     5.5697    26.3556    26.3596          7  0.000e+00
      65112  16.921643  -38.44984  -52.89134      0.214    1497.38     20.689     20.532    15.5159    15.5166     0.0007    15.5127    15.5134     0.0007   4.414997   4.415734   0.000737    35.6457    35.6517     5.5696    26.3555    26.3600          7  0.000e+00
      65113  16.921644  -38.44984  -52.89134      0.221    1497.38     20.771     20.614    15.5161    15.5170     0.0008    15.5129    15.5137     0.0008   4.414975   4.415755   0.000779    35.6453    35.6515     5.5727    26.3551    26.3598          7  0.000e+00
      65114  16.921644  -38.44984  -52.89134      0.218    1497.38     20.689     20.532    15.5157    15.5166     0.0009    15.5125    15.5134     0.0009   4.415004   4.415741   0.000737    35.6459    35.6518     5.5728    26.3557    26.3600          7  0.000e+00
      65115  16.921644  -38.44984  -52.89134      0.223    1497.38     20.771     20.614    15.5157    15.5163     0.0006    15.5125    15.5131     0.0006   4.415040   4.415706   0.000667    35.6462    35.6517     5.5730    26.3559    26.3601          7  0.000e+00
      65116  16.921645  -38.44984  -52.89134      0.223    1497.38     20.737     20.580    15.5161    15.5163     0.0002    15.5129    15.5130     0.0002   4.415033   4.415658   0.000626    35.6458    35.6513     5.5731    26.3556    26.3598          7  0.000e+00
      65117  16.921645  -38.44984  -52.89134      0.226    1497.38     20.771     20.614    15.5159    15.5161     0.0002    15.5127    15.5129     0.0002   4.415018   4.415713   0.000695    35.6458    35.6520     5.5733    26.3556    26.3603          7  0.000e+00
      65118  16.921646  -38.44984  -52.89134      0.225    1497.38     20.737     20.580    15.5159    15.5161     0.0002    15.5127    15.5129     0.0002   4.414982   4.415672   0.000690    35.6455    35.6516     5.5734    26.3554    26.3600          7  0.000e+00
      65119  16.921646  -38.44984  -52.89134      0.228    1497.38     20.826     20.668    15.5161    15.5161     0.0000    15.5128    15.5129     0.0000   4.414975   4.415651   0.000676    35.6453    35.6514     5.5736    26.3551    26.3598          7  0.000e+00
      65120  16.921647  -38.44984  -52.89134      0.228    1497.38     20.785     20.628    15.5158    15.5159     0.0002    15.5125    15.5127     0.0002   4.414990   4.415686   0.000696    35.6457    35.6519     5.5737    26.3555    26.3602          7  0.000e+00
      65121  16.921647  -38.44984  -52.89134      0.226    1497.38     20.771     20.614    15.5157    15.5159     0.0002    15.5125    15.5127     0.0002   4.414954   4.415700   0.000746    35.6454    35.6520     5.5739    26.3553    26.3604          7  0.000e+00
      65122  16.921648  -38.44984  -52.89134      0.230    1497.38     20.840     20.682    15.5156    15.5158     0.0002    15.5123    15.5125     0.0002   4.414997   4.415693   0.000696    35.6459    35.6520     5.5740    26.3557    26.3604          7  0.000e+00
      65123  16.921648  -38.44984  -52.89134      0.228    1497.38     20.771     20.614    15.5154    15.5159     0.0005    15.5122    15.5127     0.0005   4.414939   4.415720   0.000781    35.6456    35.6522     5.5742    26.3555    26.3605          7  0.000e+00
      65124  16.921649  -38.44984  -52.89134      0.227    1497.38     20.840     20.682    15.5153    15.5161     0.0008    15.5120    15.5129     0.0008   4.414932   4.415700   0.000767    35.6456    35.6518     5.5741    26.3556    26.3602          7  0.000e+00
      65125  16.921649  -38.44984  -52.89134      0.232    1497.38     20.874     20.716    15.5154    15.5161     0.0007    15.5122    15.5129     0.0007   4.414939   4.415665   0.000726    35.6456    35.6515     5.5740    26.3555    26.3599          7  0.000e+00
      65126  16.921650  -38.44984  -52.89134      0.229    1497.38     20.840     20.682    15.5157    15.5163     0.0005    15.5125    15.5130     0.0005   4.415026   4.415686   0.000660    35.6461    35.6515     5.5738    26.3558    26.3599          7  0.000e+00
      65127  16.921650  -38.44984  -52.89134      0.229    1497.38     20.840     20.682    15.5159    15.5161     0.0002    15.5127    15.5129     0.0002   4.415061   4.415658   0.000597    35.6462    35.6514     5.5739    26.3559    26.3599          7  0.000e+00
      65128  16.921651  -38.44984  -52.89134      0.229    1497.38     20.874     20.716    15.5159    15.5159     0.0000    15.5127    15.5127     0.0000   4.415026   4.415713   0.000688    35.6459    35.6521     5.5738    26.3556    26.3604          7  0.000e+00
      65129  16.921651  -38.44984  -52.89134      0.227    1497.38     20.840     20.682    15.5161    15.5156    -0.0005    15.5128    15.5124    -0.0005   4.415018   4.415672   0.000654    35.6457    35.6520     5.5767    26.3554    26.3604          7  0.000e+00
      65130  16.921652  -38.44984  -52.89134      0.231    1497.38     20.929     20.771    15.5157    15.5156    -0.0001    15.5125    15.5123    -0.0001   4.414983   4.415651   0.000669    35.6456    35.6518     5.5740    26.3555    26.3603          7  0.000e+00
      65131  16.921652  -38.44984  -52.89134      0.227    1497.38     20.840     20.682    15.5158    15.5158     0.0000    15.5125    15.5125     0.0000   4.414990   4.415631   0.000641    35.6457    35.6515     5.5772    26.3555    26.3600          7  0.000e+00
      65132  16.921653  -38.44984  -52.89134      0.229    1497.38     20.929     20.771    15.5159    15.5154    -0.0005    15.5126    15.5122    -0.0005   4.415011   4.415624   0.000613    35.6457    35.6517     5.5775    26.3555    26.3602          7  0.000e+00
      65133  16.921653  -38.44984  -52.89134      0.229    1497.38     20.936     20.777    15.5156    15.5149    -0.0007    15.5123    15.5116    -0.0007   4.414954   4.415617   0.000663    35.6455    35.6521     5.5747    26.3554    26.3607          7  0.000e+00
      65134  16.921654  -38.44984  -52.89134      0.230    1497.38     20.929     20.771    15.5156    15.5156    -0.0000    15.5124    15.5123    -0.0000   4.414947   4.415644   0.000698    35.6454    35.6517     5.5748    26.3553    26.3602          7  0.000e+00
      65135  16.921654  -38.44984  -52.89134      0.228    1497.38     20.888     20.730    15.5154    15.5156     0.0002    15.5122    15.5123     0.0002   4.414911   4.415596   0.000685    35.6453    35.6513     5.5748    26.3553    26.3599          7  0.000e+00
      65136  16.921655  -38.44984  -52.89134      0.225    1497.38     20.929     20.771    15.5150    15.5153     0.0002    15.5118    15.5120     0.0002   4.414925   4.415603   0.000678    35.6457    35.6517     5.5781    26.3557    26.3602          7  0.000e+00
      65137  16.921655  -38.44984  -52.89134      0.230    1497.38     20.991     20.832    15.5148    15.5152     0.0004    15.5116    15.5120     0.0004   4.414875   4.415617   0.000742    35.6454    35.6518     5.5753    26.3555    26.3604          7  0.000e+00
      65138  16.921656  -38.44984  -52.89134      0.227    1497.38     20.929     20.771    15.5149    15.5156     0.0007    15.5117    15.5123     0.0007   4.414846   4.415624   0.000778    35.6451    35.6515     5.5785    26.3553    26.3601          7  0.000e+00
      65139  16.921656  -38.44984  -52.89134      0.229    1497.38     20.991     20.832    15.5148    15.5156     0.0007    15.5116    15.5123     0.0007   4.414889   4.415617   0.000728    35.6455    35.6515     5.5788    26.3556    26.3600          7  0.000e+00
      65140  16.921657  -38.44984  -52.89134      0.225    1497.38     20.929     20.771    15.5150    15.5154     0.0004    15.5118    15.5121     0.0004   4.414925   4.415644   0.000719    35.6457    35.6519     5.5790    26.3557    26.3604          7  0.000e+00
      65141  16.921657  -38.44984  -52.89134      0.222    1497.38     20.936     20.778    15.5148    15.5156     0.0008    15.5115    15.5123     0.0008   4.414875   4.415631   0.000756    35.6455    35.6516     5.5762    26.3556    26.3601          7  0.000e+00
      65142  16.921658  -38.44984  -52.89134      0.224    1497.38     21.025     20.866    15.5150    15.5154     0.0004    15.5118    15.5121     0.0004   4.414904   4.415645   0.000741    35.6455    35.6519     5.5762    26.3556    26.3604          7  0.000e+00
