Pos-Processados/process_op38/operantar38_017.cnv
* Sea-Bird SBE 9 Data File:
* FileName = D:\OPERANTAR_XXXVIII\DADOS\OP38_017.hdr
* Software Version Seasave V 7.18c
* Temperature SN = 4808
* Conductivity SN = 3380
* Number of Bytes Per Scan = 34
* Number of Voltage Words = 3
* Number of Scans Averaged by the Deck Unit = 1
* NMEA Latitude = 62 16.17 S
* NMEA Longitude = 058 26.27 W
* NMEA UTC (Time) = Nov 05 2019 14:37:33
** H41
** NAVIO POLAR ALMIRANTE MAXIMIANO
** CRUZEIRO:
** OPERANTAR XXXVIII
** ESTAÇÃO: OP38_017
** LAT 62 16,18' S
** LONG 058 26,25' W
** 09P73767-1155_A
** PROFUNDIDADE: 110
** DATA/HORA: 051438Z/NOV/2019
** OPERADOR: SO-HN CHAVES
# nquan = 30
# nvalues = 143                         
# units = specified
# name 0 = scan: Scan Count
# name 1 = timeJ: Julian Days
# name 2 = latitude: Latitude [deg]
# name 3 = longitude: Longitude [deg]
# name 4 = dz/dtM: Descent Rate [m/s]
# name 5 = avgsvCM: Average Sound Velocity [Chen-Millero, m/s]
# name 6 = prDM: Pressure, Digiquartz [db]
# name 7 = depSM: Depth [salt water, m]
# name 8 = t090C: Temperature [ITS-90, deg C]
# name 9 = t190C: Temperature, 2 [ITS-90, deg C]
# name 10 = T2-T190C: Temperature Difference, 2 - 1 [ITS-90, deg C]
# name 11 = potemp090C: Potential Temperature [ITS-90, deg C]
# name 12 = potemp190C: Potential Temperature, 2 [ITS-90, deg C]
# name 13 = potemp90Cdiff: Potential Temperature, Diff, 2 - 1 [ITS-90, deg C]
# name 14 = c0S/m: Conductivity [S/m]
# name 15 = c1S/m: Conductivity, 2 [S/m]
# name 16 = C2-C1S/m: Conductivity Difference, 2 - 1 [S/m]
# name 17 = sal00: Salinity, Practical [PSU]
# name 18 = sal11: Salinity, Practical, 2 [PSU]
# name 19 = sbeox0ML/L: Oxygen, SBE 43 [ml/l]
# name 20 = sigma-é00: Density [sigma-theta, kg/m^3]
# name 21 = sigma-é11: Density, 2 [sigma-theta, kg/m^3]
# name 22 = sal00: Salinity, Practical [PSU]
# name 23 = sigma-é00: Density [sigma-theta, kg/m^3]
# name 24 = svCM: Sound Velocity [Chen-Millero, m/s]
# name 25 = svCM1: Sound Velocity, 2 [Chen-Millero, m/s]
# name 26 = gsw_ptA0: potential temperature [ITS-90, deg C]
# name 27 = gsw_densityA0: density, TEOS-10 [density, kg/m^3]
# name 28 = gsw_saA0: Absolute Salinity [g/kg]
# name 29 = flag:
# span 0 =       3541,      18942       
# span 1 = 309.611117, 309.618544       
# span 2 =  -62.26960,  -62.26948       
# span 3 =  -58.43788,  -58.43784       
# span 4 =     -0.824,      0.754       
# span 5 =       0.00,    1444.65       
# span 6 =      2.000,     73.000       
# span 7 =      1.981,     72.288       
# span 8 =    -0.9110,    -0.8337       
# span 9 =    -0.9109,    -0.8335       
# span 10 =    -0.0134,     0.0062      
# span 11 =    -0.9120,    -0.8357      
# span 12 =    -0.9119,    -0.8356      
# span 13 =    -0.0134,     0.0062      
# span 14 =   2.767758,   2.781349      
# span 15 =   2.768177,   2.781753      
# span 16 =  -0.000226,   0.001223      
# span 17 =    34.1860,    34.2630      
# span 18 =    34.1914,    34.2684      
# span 19 =     7.0787,     7.5076      
# span 20 =    27.4893,    27.5496      
# span 21 =    27.4938,    27.5540      
# span 22 =    34.1860,    34.2630      
# span 23 =    27.4893,    27.5497      
# span 24 =    1443.96,    1445.45      
# span 25 =    1443.97,    1445.45      
# span 26 =    -0.9120,    -0.8356      
# span 27 =  1027.5037,  1027.9011      
# span 28 =    34.3494,    34.4288      
# span 29 = 0.0000e+00, 0.0000e+00      
# interval = decibars: 1                
# start_time = Nov 05 2019 14:37:33 [NMEA time, header]
# bad_flag = -9.990e-29
*END*
[from data line 97]
      11498 309.614954  -62.26958  -58.43788     -0.430    1444.65     47.000     46.543    -0.8662    -0.8645     0.0016    -0.8675    -0.8658     0.0016   2.775240   2.775792   0.000576    34.2332    34.2391     7.1776    27.5268    27.5315    34.2326    27.5263    1444.85    1444.86    -0.8674  1027.7565    34.3979 0.0000e+00
      11536 309.614973  -62.26958  -58.43788     -0.601    1444.65     46.000     45.553    -0.8675    -0.8648     0.0027    -0.8688    -0.8661     0.0027   2.775036   2.775749   0.000710    34.2325    34.2391     7.1754    27.5263    27.5315    34.2319    27.5258    1444.82    1444.85    -0.8687  1027.7512    34.3973 0.0000e+00
      11567 309.614987  -62.26958  -58.43788     -0.749    1444.65     45.000     44.563    -0.8687    -0.8667     0.0019    -0.8699    -0.8679     0.0019   2.774851   2.775461   0.000616    34.2320    34.2382     7.1812    27.5259    27.5308    34.2314    27.5254    1444.80    1444.82    -0.8699  1027.7460    34.3967 0.0000e+00
      11596 309.615001  -62.26958  -58.43788     -0.824    1444.65     44.000     43.573    -0.8690    -0.8681     0.0009    -0.8702    -0.8693     0.0009   2.774774   2.775283   0.000505    34.2319    34.2378     7.1882    27.5259    27.5306    34.2314    27.5254    1444.78    1444.80    -0.8702  1027.7412    34.3967 0.0000e+00
      11626 309.615016  -62.26958  -58.43788     -0.812    1444.65     43.000     42.583    -0.8705    -0.8694     0.0011    -0.8716    -0.8705     0.0011   2.774557   2.775090   0.000549    34.2311    34.2373     7.1862    27.5252    27.5302    34.2307    27.5249    1444.76    1444.77    -0.8716  1027.7359    34.3959 0.0000e+00
      11660 309.615032  -62.26958  -58.43788     -0.727    1444.65     42.000     41.592    -0.8714    -0.8709     0.0005    -0.8726    -0.8720     0.0005   2.774426   2.774884   0.000461    34.2310    34.2367     7.1875    27.5252    27.5298    34.2306    27.5249    1444.74    1444.75    -0.8725  1027.7311    34.3959 0.0000e+00
      11698 309.615051  -62.26958  -58.43788     -0.638    1444.65     41.000     40.602    -0.8718    -0.8713     0.0005    -0.8729    -0.8724     0.0005   2.774335   2.774790   0.000456    34.2307    34.2364     7.1912    27.5250    27.5296    34.2304    27.5247    1444.72    1444.73    -0.8729  1027.7261    34.3957 0.0000e+00
      11737 309.615069  -62.26958  -58.43788     -0.622    1444.65     40.000     39.612    -0.8745    -0.8728     0.0017    -0.8756    -0.8739     0.0017   2.773991   2.774578   0.000583    34.2300    34.2360     7.1945    27.5245    27.5293    34.2295    27.5241    1444.69    1444.71    -0.8756  1027.7207    34.3947 0.0000e+00
      11775 309.615088  -62.26958  -58.43788     -0.628    1444.65     39.000     38.624    -0.8767    -0.8756     0.0011    -0.8777    -0.8766     0.0011   2.773758   2.774250   0.000500    34.2297    34.2353     7.1890    27.5244    27.5289    34.2294    27.5241    1444.67    1444.68    -0.8777  1027.7159    34.3946 0.0000e+00
      11813 309.615106  -62.26958  -58.43788     -0.624    1444.65     38.000     37.629    -0.8779    -0.8768     0.0010    -0.8789    -0.8779     0.0010   2.773587   2.774100   0.000508    34.2295    34.2352     7.1912    27.5242    27.5288    34.2290    27.5239    1444.64    1444.66    -0.8789  1027.7109    34.3943 0.0000e+00
      11850 309.615124  -62.26958  -58.43788     -0.645    1444.65     37.000     36.641    -0.8810    -0.8790     0.0020    -0.8820    -0.8800     0.0020   2.773172   2.773807   0.000608    34.2286    34.2346     7.1980    27.5237    27.5284    34.2276    27.5228    1444.61    1444.63    -0.8820  1027.7050    34.3928 0.0000e+00
      11897 309.615147  -62.26958  -58.43788     -0.506    1444.65     36.000     35.655    -0.8870    -0.8839     0.0031    -0.8880    -0.8849     0.0031   2.772619   2.773323   0.000695    34.2280    34.2339     7.2035    27.5234    27.5280    34.2275    27.5230    1444.57    1444.59    -0.8879  1027.7004    34.3927 0.0000e+00
      12025 309.615208  -62.26958  -58.43788     -0.128    1444.65     35.000     34.660    -0.8959    -0.8949     0.0010    -0.8969    -0.8959     0.0010   2.771666   2.772154   0.000506    34.2261    34.2318     7.2441    27.5222    27.5268    34.2253    27.5215    1444.50    1444.52    -0.8968  1027.6942    34.3904 0.0000e+00
      12099 309.615244  -62.26958  -58.43787     -0.412    1444.65     34.000     33.670    -0.9028    -0.9032    -0.0004    -0.9038    -0.9042    -0.0004   2.770936   2.771311   0.000372    34.2244    34.2299     7.2561    27.5211    27.5255    34.2239    27.5206    1444.45    1444.46    -0.9037  1027.6885    34.3890 0.0000e+00
      12148 309.615268  -62.26958  -58.43786     -0.493    1444.65     33.000     32.680    -0.9049    -0.9034     0.0015    -0.9058    -0.9043     0.0015   2.770573   2.771166   0.000597    34.2226    34.2290     7.2953    27.5197    27.5248    34.2219    27.5191    1444.43    1444.44    -0.9058  1027.6822    34.3870 0.0000e+00
      12189 309.615288  -62.26958  -58.43786     -0.584    1444.65     32.000     31.690    -0.8799    -0.8933    -0.0134    -0.8808    -0.8942    -0.0134   2.771951   2.771670  -0.000226    34.2111    34.2233     7.3000    27.5094    27.5198    34.2128    27.5108    1444.51    1444.47    -0.8807  1027.6690    34.3779 0.0000e+00
      12235 309.615310  -62.26958  -58.43786     -0.527    1444.65     31.000     30.700    -0.8622    -0.8695    -0.0073    -0.8630    -0.8703    -0.0073   2.772913   2.772916  -0.000004    34.2053    34.2136     7.3564    27.5040    27.5110    34.2064    27.5049    1444.57    1444.55    -0.8630  1027.6583    34.3714 0.0000e+00
      12285 309.615334  -62.26958  -58.43786     -0.471    1444.65     30.000     29.709    -0.8558    -0.8564    -0.0005    -0.8567    -0.8572    -0.0005   2.773281   2.773663   0.000370    34.2039    34.2095     7.4482    27.5026    27.5072    34.2048    27.5034    1444.59    1444.59    -0.8566  1027.6520    34.3698 0.0000e+00
      12327 309.615354  -62.26958  -58.43786     -0.575    1444.65     29.000     28.719    -0.8537    -0.8540    -0.0003    -0.8545    -0.8548    -0.0003   2.773250   2.773604   0.000361    34.2019    34.2071     7.4715    27.5009    27.5052    34.2026    27.5015    1444.57    1444.58    -0.8545  1027.6453    34.3676 0.0000e+00
      12379 309.615379  -62.26958  -58.43786     -0.458    1444.65     28.000     27.730    -0.8575    -0.8580    -0.0005    -0.8583    -0.8588    -0.0005   2.772758   2.773110   0.000342    34.2007    34.2060     7.4881    27.5001    27.5044    34.2009    27.5002    1444.54    1444.54    -0.8582  1027.6392    34.3658 0.0000e+00
      12442 309.615409  -62.26958  -58.43786     -0.380    1444.65     27.000     26.738    -0.8685    -0.8682     0.0003    -0.8692    -0.8689     0.0003   2.771495   2.771944   0.000446    34.1974    34.2031     7.4956    27.4978    27.5025    34.1968    27.4974    1444.46    1444.47    -0.8692  1027.6308    34.3608 0.0000e+00
      12497 309.615436 -9.990e-29  -58.43786     -0.437    1444.65     26.000     25.750    -0.8770    -0.8767     0.0003    -0.8777    -0.8774     0.0003   2.770504   2.770929   0.000424    34.1941    34.1996     7.4941    27.4956    27.4999    34.1936    27.4951    1444.40    1444.41    -0.8777  1027.6216    34.3549 0.0000e+00
      12560 309.615466  -62.26960  -58.43786     -0.372    1444.65     25.000     24.758    -0.8772    -0.8772     0.0000    -0.8779    -0.8779     0.0000   2.770434   2.770834   0.000398    34.1937    34.1991     7.4853    27.4952    27.4996    34.1935    27.4951    1444.39    1444.39    -0.8779  1027.6184    34.3568 0.0000e+00
      12627 309.615499  -62.26959  -58.43786     -0.358    1444.65     24.000     23.768    -0.8781    -0.8783    -0.0001    -0.8788    -0.8789    -0.0001   2.770284   2.770673   0.000388    34.1934    34.1989     7.4837    27.4950    27.4994    34.1931    27.4948    1444.37    1444.37    -0.8787  1027.6146    34.3580 0.0000e+00
      12692 309.615530  -62.26958  -58.43786     -0.372    1444.65     23.000     22.780    -0.8805    -0.8803     0.0001    -0.8811    -0.8809     0.0001   2.770048   2.770459   0.000415    34.1933    34.1988     7.4854    27.4950    27.4994    34.1932    27.4949    1444.34    1444.35    -0.8811  1027.6099    34.3581 0.0000e+00
      13196 309.615773  -62.26959  -58.43786     -0.152    1444.65     22.000     21.786    -0.8782    -0.8795    -0.0013    -0.8788    -0.8801    -0.0013   2.770215   2.770467   0.000257    34.1934    34.1984     7.4903    27.4950    27.4991    34.1935    27.4951    1444.33    1444.34    -0.8788  1027.6051    34.3581 0.0000e+00
      14083 309.616201  -62.26958  -58.43788     -0.342    1444.65     21.000     20.798    -0.8812    -0.8808     0.0004    -0.8818    -0.8814     0.0004   2.769831   2.770279   0.000445    34.1922    34.1978     7.4880    27.4941    27.4987    34.1924    27.4943    1444.30    1444.31    -0.8818  1027.5997    34.3572 0.0000e+00
      14187 309.616251  -62.26958  -58.43788     -0.304    1444.65     20.000     19.807    -0.8808    -0.8783     0.0025    -0.8813    -0.8788     0.0025   2.769810   2.770486   0.000668    34.1923    34.1985     7.4965    27.4942    27.4992    34.1922    27.4941    1444.29    1444.31    -0.8813  1027.5947    34.3570 0.0000e+00
      15898 309.617076  -62.26954  -58.43787     -0.174    1444.65     19.000     18.816    -0.8834    -0.8830     0.0004    -0.8839    -0.8835     0.0004   2.769497   2.769927   0.000425    34.1917    34.1970     7.4971    27.4938    27.4981    34.1916    27.4937    1444.26    1444.27    -0.8839  1027.5895    34.3564 0.0000e+00
      17677 309.617934  -62.26950  -58.43786     -0.387    1444.65     18.000     17.826    -0.8840    -0.8841    -0.0001    -0.8845    -0.8846    -0.0001   2.769369   2.769751   0.000377    34.1912    34.1965     7.5027    27.4935    27.4977    34.1911    27.4934    1444.24    1444.25    -0.8845  1027.5844    34.3560 0.0000e+00
      17751 309.617970  -62.26950  -58.43786     -0.395    1444.65     17.000     16.836    -0.8842    -0.8843    -0.0001    -0.8847    -0.8848    -0.0001   2.769310   2.769696   0.000385    34.1913    34.1966     7.5001    27.4935    27.4978    34.1912    27.4935    1444.22    1444.23    -0.8847  1027.5797    34.3561 0.0000e+00
      17804 309.617995  -62.26950  -58.43786     -0.465    1444.65     16.000     15.846    -0.8845    -0.8845    -0.0000    -0.8849    -0.8849    -0.0000   2.769190   2.769594   0.000406    34.1906    34.1961     7.4978    27.4930    27.4974    34.1905    27.4929    1444.20    1444.21    -0.8849  1027.5744    34.3554 0.0000e+00
      17854 309.618019  -62.26950  -58.43786     -0.479    1444.65     15.000     14.855    -0.8856    -0.8857    -0.0001    -0.8860    -0.8861    -0.0001   2.768956   2.769343   0.000385    34.1894    34.1947     7.4954    27.4920    27.4964    34.1892    27.4919    1444.18    1444.19    -0.8860  1027.5686    34.3541 0.0000e+00
      17908 309.618045  -62.26950  -58.43786     -0.439    1444.65     14.000     13.865    -0.8869    -0.8866     0.0003    -0.8872    -0.8869     0.0003   2.768747   2.769184   0.000437    34.1886    34.1942     7.4950    27.4914    27.4959    34.1884    27.4913    1444.16    1444.17    -0.8873  1027.5632    34.3533 0.0000e+00
      17954 309.618068  -62.26950  -58.43786     -0.519    1444.65     13.000     12.875    -0.8850    -0.8857    -0.0007    -0.8853    -0.8861    -0.0007   2.769033   2.769291   0.000269    34.1905    34.1950     7.4901    27.4929    27.4966    34.1908    27.4932    1444.15    1444.16    -0.8853  1027.5603    34.3558 0.0000e+00
      17995 309.618087  -62.26950  -58.43786     -0.592    1444.65     12.000     11.884    -0.8821    -0.8832    -0.0011    -0.8824    -0.8835    -0.0011   2.769338   2.769594   0.000252    34.1924    34.1970     7.5042    27.4943    27.4981    34.1923    27.4943    1444.15    1444.15    -0.8824  1027.5566    34.3573 0.0000e+00
      18049 309.618113  -62.26950  -58.43786     -0.436    1444.65     11.000     10.895    -0.8848    -0.8841     0.0007    -0.8851    -0.8844     0.0007   2.768913   2.769407   0.000486    34.1903    34.1962     7.4981    27.4927    27.4975    34.1902    27.4926    1444.12    1444.13    -0.8851  1027.5502    34.3552 0.0000e+00
      18127 309.618151  -62.26950  -58.43788     -0.289    1444.65     10.000      9.908    -0.8887    -0.8884     0.0003    -0.8889    -0.8886     0.0003   2.768304   2.768719   0.000416    34.1873    34.1926     7.4920    27.4904    27.4947    34.1869    27.4902    1444.08    1444.09    -0.8889  1027.5430    34.3519 0.0000e+00
      18253 309.618212  -62.26950  -58.43788     -0.187    1444.65      9.000      8.912    -0.8893    -0.8892     0.0001    -0.8895    -0.8894     0.0001   2.768148   2.768539   0.000394    34.1862    34.1914     7.4970    27.4895    27.4938    34.1861    27.4895    1444.06    1444.07    -0.8895  1027.5375    34.3511 0.0000e+00
      18345 309.618256  -62.26948  -58.43788     -0.276    1444.65      8.000      7.922    -0.8889    -0.8891    -0.0002    -0.8891    -0.8893    -0.0002   2.768161   2.768542   0.000379    34.1866    34.1920     7.5025    27.4899    27.4942    34.1865    27.4898    1444.05    1444.06    -0.8891  1027.5330    34.3514 0.0000e+00
      18435 309.618300  -62.26948  -58.43788     -0.273    1444.65      7.000      6.932    -0.8886    -0.8878     0.0007    -0.8888    -0.8880     0.0007   2.768116   2.768576   0.000453    34.1862    34.1915     7.4992    27.4895    27.4938    34.1862    27.4895    1444.03    1444.04    -0.8888  1027.5279    34.3511 0.0000e+00
      18511 309.618336  -62.26948  -58.43788     -0.312    1444.65      6.000      5.942    -0.8882    -0.8875     0.0006    -0.8883    -0.8877     0.0006   2.768097   2.768545   0.000447    34.1861    34.1914     7.4966    27.4894    27.4938    34.1861    27.4894    1444.02    1444.03    -0.8884  1027.5231    34.3510 0.0000e+00
      18586 309.618373  -62.26948  -58.43788     -0.323    1444.65      5.000      4.953    -0.8878    -0.8875     0.0003    -0.8879    -0.8877     0.0003   2.768111   2.768519   0.000409    34.1865    34.1917     7.4970    27.4898    27.4940    34.1865    27.4897    1444.00    1444.01    -0.8879  1027.5186    34.3514 0.0000e+00
      18641 309.618399  -62.26948  -58.43788     -0.454    1444.65      4.000      3.961    -0.8876    -0.8879    -0.0004    -0.8877    -0.8880    -0.0004   2.768077   2.768450   0.000375    34.1863    34.1919     7.4970    27.4896    27.4941    34.1863    27.4896    1443.99    1443.99    -0.8877  1027.5136    34.3513 0.0000e+00
      18706 309.618430  -62.26948  -58.43788     -0.360    1444.65      3.000      2.975    -0.8875    -0.8880    -0.0005    -0.8876    -0.8881    -0.0005   2.768033   2.768394   0.000364    34.1863    34.1918     7.5009    27.4896    27.4941    34.1863    27.4896    1443.97    1443.98    -0.8876  1027.5088    34.3513 0.0000e+00
      18942 309.618544  -62.26948  -58.43788     -0.005    1444.65      2.000      1.981    -0.8871    -0.8874    -0.0004    -0.8871    -0.8875    -0.0004   2.767998   2.768376   0.000373    34.1860    34.1915     7.4979    27.4893    27.4938    34.1860    27.4893    1443.96    1443.97    -0.8872  1027.5037    34.3509 0.0000e+00
