Pos-Processados/process_op38/operantar38_009.cnv
* Sea-Bird SBE 9 Data File:
* FileName = D:\OPERANTAR_XXXVIII\DADOS\OP38_009.hdr
* Software Version Seasave V 7.18c
* Temperature SN = 4808
* Conductivity SN = 3380
* Number of Bytes Per Scan = 31
* Number of Voltage Words = 2
* Number of Scans Averaged by the Deck Unit = 1
* NMEA Latitude = 44 15.92 S
* NMEA Longitude = 052 42.25 W
* NMEA UTC (Time) = Oct 20 2019 07:17:42
** H41
** NAVIO POLAR ALMIRANTE MAXIMIANO
** CRUZEIRO:
** OPERANTAR XXXVIII
** ESTAวรO: OP38_009
** LAT 44บ 15,92'S
** LONG 052บ 42,27'W
** 09P73767-1155
** PROFUNDIDADE: 5806
** DATA/HORA: 200718Z/OUT/19
** OPERADOR: CTTECCHIO
# nquan = 30
# nvalues = 2036                        
# units = specified
# name 0 = scan: Scan Count
# name 1 = timeJ: Julian Days
# name 2 = latitude: Latitude [deg]
# name 3 = longitude: Longitude [deg]
# name 4 = dz/dtM: Descent Rate [m/s]
# name 5 = avgsvCM: Average Sound Velocity [Chen-Millero, m/s]
# name 6 = prDM: Pressure, Digiquartz [db]
# name 7 = depSM: Depth [salt water, m]
# name 8 = t090C: Temperature [ITS-90, deg C]
# name 9 = t190C: Temperature, 2 [ITS-90, deg C]
# name 10 = T2-T190C: Temperature Difference, 2 - 1 [ITS-90, deg C]
# name 11 = potemp090C: Potential Temperature [ITS-90, deg C]
# name 12 = potemp190C: Potential Temperature, 2 [ITS-90, deg C]
# name 13 = potemp90Cdiff: Potential Temperature, Diff, 2 - 1 [ITS-90, deg C]
# name 14 = c0S/m: Conductivity [S/m]
# name 15 = c1S/m: Conductivity, 2 [S/m]
# name 16 = C2-C1S/m: Conductivity Difference, 2 - 1 [S/m]
# name 17 = sal00: Salinity, Practical [PSU]
# name 18 = sal11: Salinity, Practical, 2 [PSU]
# name 19 = sbeox0ML/L: Oxygen, SBE 43 [ml/l]
# name 20 = sigma-้00: Density [sigma-theta, kg/m^3]
# name 21 = sigma-้11: Density, 2 [sigma-theta, kg/m^3]
# name 22 = sal00: Salinity, Practical [PSU]
# name 23 = sigma-้00: Density [sigma-theta, kg/m^3]
# name 24 = svCM: Sound Velocity [Chen-Millero, m/s]
# name 25 = svCM1: Sound Velocity, 2 [Chen-Millero, m/s]
# name 26 = gsw_ptA0: potential temperature [ITS-90, deg C]
# name 27 = gsw_densityA0: density, TEOS-10 [density, kg/m^3]
# name 28 = gsw_saA0: Absolute Salinity [g/kg]
# name 29 = flag:
# span 0 =       2363,      64185       
# span 1 = 293.305097, 293.334912       
# span 2 =  -44.26542,  -44.26538       
# span 3 =  -52.70420,  -52.70418       
# span 4 =     -1.402,      1.247       
# span 5 =       0.00,    1510.06       
# span 6 =      3.000,   1021.000       
# span 7 =      3.001,   1010.277       
# span 8 =     3.8292,    14.2233       
# span 9 =     3.8297,    14.2240       
# span 10 =    -0.0385,     0.0129      
# span 11 =     3.7536,    14.1773      
# span 12 =     3.7542,    14.1774      
# span 13 =    -0.0383,     0.0128      
# span 14 =   3.218253,   4.303318      
# span 15 =   3.218669,   4.303994      
# span 16 =  -0.003475,   0.002118      
# span 17 =    34.1839,    35.6682      
# span 18 =    34.1890,    35.6741      
# span 19 =     4.3000,     5.9736      
# span 20 =    26.6622,    27.1753      
# span 21 =    26.6672,    27.1787      
# span 22 =    34.1835,    35.6684      
# span 23 =    26.6613,    27.1760      
# span 24 =    1481.68,    1511.22      
# span 25 =    1481.68,    1511.22      
# span 26 =     3.7534,    14.1773      
# span 27 =  1026.6824,  1031.8854      
# span 28 =    34.3454,    35.8376      
# span 29 = 0.0000e+00, 0.0000e+00      
# interval = decibars: 1                
# start_time = Oct 20 2019 07:17:42 [NMEA time, header]
# bad_flag = -9.990e-29
*END*
[from data line 581]
      18890 293.313068  -44.26538  -52.70418      0.765 -9.990e-29    585.000    579.472     9.7356     9.7361     0.0006     9.6677     9.6682     0.0006   3.785830   3.786422   0.000593    34.7579    34.7634     4.7764    26.8191    26.8234    34.7516    26.8142    1498.22    1498.23     9.6676  1029.4415    34.9172 0.0000e+00
      18919 293.313081  -44.26538  -52.70418      0.825    1506.88    586.000    580.461     9.7184     9.7202     0.0018     9.6505     9.6522     0.0018   3.783806   3.784547   0.000726    34.7539    34.7596     4.7897    26.8188    26.8230    34.7469    26.8134    1498.17    1498.18     9.6504  1029.4455    34.9125 0.0000e+00
      18946 293.313095  -44.26538  -52.70418      0.858    1506.86    587.000    581.450     9.7049     9.7060     0.0011     9.6369     9.6380     0.0011   3.782666   3.783288   0.000635    34.7524    34.7578     4.7990    26.8199    26.8240    34.7477    26.8163    1498.14    1498.15     9.6368  1029.4530    34.9133 0.0000e+00
      18972 293.313107  -44.26538  -52.70418      0.907    1506.86    588.000    582.440     9.7078     9.7097     0.0018     9.6397     9.6415     0.0018   3.783110   3.783783   0.000715    34.7524    34.7580     4.7889    26.8195    26.8236    34.7490    26.8169    1498.17    1498.18     9.6396  1029.4580    34.9146 0.0000e+00
      18996 293.313119  -44.26538  -52.70418      0.967    1506.86    589.000    583.429     9.6998     9.7004     0.0007     9.6315     9.6322     0.0006   3.781957   3.782588   0.000581    34.7501    34.7554     4.7764    26.8190    26.8231    34.7445    26.8147    1498.15    1498.16     9.6315  1029.4604    34.9101 0.0000e+00
      19020 293.313130  -44.26538  -52.70418      0.994    1506.86    590.000    584.418     9.6852     9.6862     0.0010     9.6169     9.6179     0.0010   3.780610   3.781197   0.000612    34.7481    34.7535     4.7828    26.8200    26.8240    34.7442    26.8169    1498.11    1498.12     9.6169  1029.4672    34.9098 0.0000e+00
      19046 293.313143  -44.26538  -52.70418      0.963    1506.86    591.000    585.407     9.6844     9.6854     0.0010     9.6160     9.6170     0.0010   3.780352   3.780925   0.000619    34.7473    34.7527     4.7750    26.8195    26.8235    34.7419    26.8153    1498.12    1498.13     9.6159  1029.4701    34.9075 0.0000e+00
      19075 293.313157  -44.26538  -52.70418      0.856    1506.86    592.000    586.396     9.6109     9.6009    -0.0099     9.5427     9.5328    -0.0099   3.771796   3.771286  -0.000531    34.7342    34.7382     4.7743    26.8214    26.8262    34.7244    26.8138    1497.85    1497.82     9.5426  1029.4740    34.8899 0.0000e+00
      19108 293.313173  -44.26538  -52.70418      0.759    1506.86    593.000    587.385     9.5337     9.5360     0.0023     9.4658     9.4680     0.0022   3.763521   3.764310   0.000752    34.7239    34.7294     4.7687    26.8261    26.8301    34.7131    26.8177    1497.57    1497.59     9.4657  1029.4834    34.8786 0.0000e+00
      19141 293.313188  -44.26538  -52.70418      0.727    1506.86    594.000    588.374     9.4812     9.4829     0.0017     9.4133     9.4150     0.0017   3.758505   3.759148   0.000661    34.7184    34.7236     4.7585    26.8305    26.8342    34.7116    26.8252    1497.40    1497.41     9.4133  1029.4960    34.8771 0.0000e+00
      19171 293.313203  -44.26538  -52.70418      0.767    1506.86    595.000    589.363     9.4487     9.4508     0.0021     9.3809     9.3830     0.0021   3.754166   3.754933   0.000750    34.7104    34.7161     4.7643    26.8295    26.8337    34.6978    26.8196    1497.28    1497.29     9.3808  1029.4955    34.8631 0.0000e+00
      19197 293.313215  -44.26538  -52.70418      0.876    1506.86    596.000    590.352     9.3493     9.3483    -0.0010     9.2818     9.2808    -0.0010   3.743928   3.744322   0.000402    34.6996    34.7047     4.7835    26.8373    26.8415    34.6874    26.8278    1496.92    1496.92     9.2818  1029.5094    34.8528 0.0000e+00
      19219 293.313226  -44.26538  -52.70418      0.992    1506.86    597.000    591.341     9.3017     9.3036     0.0019     9.2343     9.2361     0.0019   3.738579   3.739339   0.000753    34.6918    34.6978     4.7826    26.8389    26.8433    34.6777    26.8279    1496.75    1496.76     9.2342  1029.5146    34.8429 0.0000e+00
      19241 293.313237  -44.26538  -52.70418      1.068    1506.86    598.000    592.331     9.2390     9.2415     0.0025     9.1717     9.1742     0.0025   3.732301   3.733052   0.000790    34.6844    34.6902     4.7880    26.8434    26.8474    34.6728    26.8342    1496.53    1496.54     9.1716  1029.5262    34.8381 0.0000e+00
      19264 293.313248  -44.26538  -52.70418      1.087    1506.86    599.000    593.320     9.2176     9.2138    -0.0038     9.1503     9.1465    -0.0038   3.730079   3.730231   0.000124    34.6808    34.6858     4.7768    26.8440    26.8486    34.6700    26.8355    1496.46    1496.46     9.1503  1029.5322    34.8352 0.0000e+00
      19290 293.313260  -44.26538  -52.70418      0.997    1506.86    600.000    594.309     9.1896     9.1905     0.0009     9.1223     9.1233     0.0009   3.727230   3.727846   0.000615    34.6761    34.6816     4.7683    26.8448    26.8490    34.6670    26.8377    1496.37    1496.38     9.1223  1029.5393    34.8323 0.0000e+00
      19324 293.313277  -44.26538  -52.70418      0.748    1506.86    601.000    595.298     9.1673     9.1684     0.0011     9.1000     9.1011     0.0011   3.724808   3.725439   0.000627    34.6716    34.6770     4.7679    26.8449    26.8490    34.6630    26.8382    1496.30    1496.31     9.0999  1029.5446    34.8283 0.0000e+00
      19361 293.313295  -44.26538  -52.70418      0.633    1506.86    602.000    596.287     9.1302     9.1300    -0.0003     9.0630     9.0627    -0.0003   3.720533   3.721004   0.000457    34.6643    34.6694     4.7667    26.8452    26.8491    34.6540    26.8371    1496.17    1496.18     9.0630  1029.5484    34.8192 0.0000e+00
      19390 293.313309  -44.26538  -52.70418      0.770    1506.86    603.000    597.276     9.0668     9.0675     0.0007     8.9997     9.0005     0.0007   3.713805   3.714400   0.000589    34.6552    34.6607     4.7699    26.8482    26.8523    34.6450    26.8402    1495.95    1495.95     8.9997  1029.5569    34.8102 0.0000e+00
      19416 293.313321  -44.26538  -52.70418      0.892    1506.86    604.000    598.265     9.0459     9.0491     0.0032     8.9789     8.9820     0.0031   3.711929   3.712757   0.000854    34.6525    34.6583     4.7680    26.8494    26.8534    34.6453    26.8438    1495.88    1495.90     8.9788  1029.5652    34.8104 0.0000e+00
      19442 293.313334  -44.26540  -52.70418      0.929    1506.86    605.000    599.254     9.0420     9.0425     0.0006     8.9748     8.9754     0.0006   3.711519   3.712116   0.000587    34.6510    34.6565     4.7736    26.8488    26.8531    34.6444    26.8437    1495.89    1495.90     8.9747  1029.5696    34.8095 0.0000e+00
      19468 293.313346  -44.26540  -52.70418      0.929    1506.86    606.000    600.243     9.0147     9.0150     0.0003     8.9476     8.9478     0.0003   3.708219   3.708721   0.000539    34.6454    34.6508     4.7928    26.8488    26.8530    34.6359    26.8414    1495.79    1495.80     8.9475  1029.5722    34.8010 0.0000e+00
      19491 293.313358  -44.26538  -52.70418      0.976    1506.86    607.000    601.232     8.9627     8.9613    -0.0014     8.8956     8.8943    -0.0014   3.702736   3.703127   0.000373    34.6383    34.6435     4.8052    26.8516    26.8559    34.6288    26.8441    1495.61    1495.61     8.8956  1029.5801    34.7938 0.0000e+00
      19513 293.313368  -44.26538  -52.70418      1.053    1506.86    608.000    602.221     8.9508     8.9516     0.0007     8.8838     8.8845     0.0007   3.701746   3.702359   0.000599    34.6372    34.6427     4.8023    26.8526    26.8568    34.6294    26.8465    1495.58    1495.59     8.8837  1029.5872    34.7945 0.0000e+00
      19536 293.313379  -44.26538  -52.70418      1.081    1506.86    609.000    603.210     8.9151     8.9147    -0.0004     8.8481     8.8477    -0.0004   3.697761   3.698187   0.000467    34.6309    34.6361     4.8101    26.8533    26.8575    34.6220    26.8464    1495.45    1495.46     8.8480  1029.5920    34.7871 0.0000e+00
      19561 293.313391  -44.26538  -52.70418      1.011    1506.86    610.000    604.199     8.8951     8.8942    -0.0009     8.8280     8.8271    -0.0009   3.695785   3.696237   0.000406    34.6280    34.6331     4.8257    26.8543    26.8584    34.6204    26.8483    1495.40    1495.40     8.8279  1029.5986    34.7855 0.0000e+00
      19591 293.313406  -44.26538  -52.70418      0.858    1506.86    611.000    605.188     8.8745     8.8755     0.0010     8.8074     8.8084     0.0010   3.693581   3.694149   0.000557    34.6241    34.6289     4.8593    26.8544    26.8580    34.6169    26.8488    1495.33    1495.34     8.8073  1029.6039    34.7820 0.0000e+00
      19628 293.313424  -44.26538  -52.70418      0.672    1506.86    612.000    606.177     8.8230     8.8313     0.0083     8.7560     8.7643     0.0083   3.687867   3.689278   0.001394    34.6157    34.6223     4.8963    26.8560    26.8598    34.6066    26.8488    1495.15    1495.18     8.7560  1029.6092    34.7716 0.0000e+00
      19668 293.313443  -44.26539  -52.70418      0.582    1506.86    613.000    607.167     8.7639     8.7655     0.0016     8.6971     8.6987     0.0016   3.681720   3.682329   0.000634    34.6076    34.6127     4.9065    26.8589    26.8626    34.5992    26.8523    1494.93    1494.95     8.6970  1029.6179    34.7642 0.0000e+00
      19698 293.313457  -44.26540  -52.70418      0.735    1506.86    614.000    608.155     8.7342     8.7333    -0.0008     8.6674     8.6666    -0.0008   3.678773   3.679171   0.000401    34.6034    34.6084     4.9382    26.8602    26.8643    34.5967    26.8550    1494.84    1494.84     8.6673  1029.6255    34.7617 0.0000e+00
      19722 293.313469  -44.26540  -52.70418      0.915    1506.86    615.000    609.144     8.7258     8.7258    -0.0000     8.6590     8.6590    -0.0000   3.677925   3.678426   0.000499    34.6017    34.6069     4.9673    26.8602    26.8643    34.5955    26.8553    1494.82    1494.83     8.6589  1029.6305    34.7605 0.0000e+00
      19744 293.313479  -44.26540  -52.70418      1.048    1506.86    616.000    610.134     8.7119     8.7124     0.0005     8.6451     8.6455     0.0005   3.676239   3.676795   0.000560    34.5987    34.6041     4.9878    26.8600    26.8642    34.5909    26.8539    1494.78    1494.79     8.6449  1029.6337    34.7558 0.0000e+00
      19765 293.313490  -44.26540  -52.70418      1.117    1506.86    617.000    611.123     8.6731     8.6730    -0.0001     8.6063     8.6062    -0.0001   3.672075   3.672547   0.000490    34.5938    34.5990     5.0034    26.8622    26.8663    34.5845    26.8549    1494.64    1494.65     8.6062  1029.6398    34.7494 0.0000e+00
      19788 293.313501  -44.26538  -52.70418      1.104    1506.86    618.000    612.112     8.6057     8.6041    -0.0015     8.5391     8.5375    -0.0015   3.664424   3.664777   0.000350    34.5836    34.5888     5.0261    26.8647    26.8690    34.5692    26.8534    1494.39    1494.39     8.5389  1029.6437    34.7340 0.0000e+00
      19813 293.313513  -44.26538  -52.70418      1.014    1506.86    619.000    613.101     8.5200     8.5215     0.0015     8.4537     8.4551     0.0015   3.655726   3.656428   0.000689    34.5738    34.5796     5.0590    26.8703    26.8746    34.5606    26.8598    1494.08    1494.09     8.4535  1029.6559    34.7254 0.0000e+00
      19839 293.313525  -44.26538  -52.70418      0.925    1506.86    620.000    614.090     8.4664     8.4656    -0.0009     8.4002     8.3994    -0.0009   3.650257   3.650652   0.000399    34.5663    34.5713     5.1165    26.8725    26.8766    34.5546    26.8634    1493.89    1493.89     8.4001  1029.6646    34.7194 0.0000e+00
      19868 293.313539  -44.26538  -52.70418      0.858    1506.86    621.000    615.078     8.4260     8.4251    -0.0010     8.3599     8.3589    -0.0010   3.646080   3.646393   0.000351    34.5597    34.5643     5.1733    26.8736    26.8774    34.5495    26.8655    1493.74    1493.75     8.3598  1029.6719    34.7142 0.0000e+00
      19901 293.313555  -44.26538  -52.70418      0.753    1506.86    622.000    616.068     8.3853     8.3886     0.0033     8.3193     8.3225     0.0033   3.641552   3.642421   0.000821    34.5521    34.5576     5.1667    26.8739    26.8776    34.5408    26.8650    1493.60    1493.62     8.3192  1029.6764    34.7056 0.0000e+00
      19933 293.313571  -44.26540  -52.70418      0.733    1506.86    623.000    617.056     8.3320     8.3343     0.0022     8.2662     8.2684     0.0022   3.635935   3.636625   0.000707    34.5437    34.5490     5.1381    26.8754    26.8792    34.5329    26.8669    1493.40    1493.42     8.2661  1029.6835    34.6976 0.0000e+00
      19961 293.313584  -44.26540  -52.70418      0.822    1506.86    624.000    618.046     8.2895     8.2896     0.0001     8.2237     8.2238     0.0001   3.631307   3.631789   0.000488    34.5369    34.5419     5.1079    26.8764    26.8804    34.5250    26.8671    1493.25    1493.26     8.2236  1029.6889    34.6897 0.0000e+00
      19986 293.313596  -44.26540  -52.70418      0.919    1506.86    625.000    619.034     8.2304     8.2305     0.0000     8.1648     8.1649     0.0000   3.624992   3.625553   0.000549    34.5278    34.5336     5.1005    26.8782    26.8828    34.5152    26.8684    1493.03    1493.04     8.1647  1029.6955    34.6799 0.0000e+00
      20010 293.313608  -44.26540  -52.70418      0.978    1506.86    626.000    620.023     8.1732     8.1702    -0.0030     8.1078     8.1048    -0.0030   3.618853   3.618976   0.000144    34.5193    34.5238     5.0878    26.8801    26.8841    34.5055    26.8693    1492.82    1492.82     8.1077  1029.7018    34.6701 0.0000e+00
      20035 293.313620  -44.26540  -52.70418      0.979    1506.86    627.000    621.012     8.1101     8.1103     0.0001     8.0449     8.0450     0.0001   3.612299   3.612851   0.000538    34.5111    34.5167     5.0662    26.8831    26.8875    34.4971    26.8721    1492.59    1492.60     8.0448  1029.7100    34.6616 0.0000e+00
      20061 293.313632  -44.26539  -52.70418      0.932    1506.86    628.000    622.001     8.0616     8.0619     0.0003     7.9964     7.9967     0.0003   3.607726   3.608251   0.000528    34.5071    34.5124     5.0494    26.8872    26.8914    34.4955    26.8781    1492.42    1492.43     7.9963  1029.7212    34.6600 0.0000e+00
      20088 293.313645  -44.26538  -52.70418      0.901    1506.86    629.000    622.990     8.0291     8.0294     0.0003     7.9640     7.9643     0.0003   3.604493   3.605005   0.000513    34.5040    34.5092     5.0456    26.8897    26.8937    34.4923    26.8805    1492.31    1492.32     7.9639  1029.7285    34.6569 0.0000e+00
      20114 293.313658  -44.26538  -52.70418      0.905    1506.86    630.000    623.979     7.9972     7.9978     0.0006     7.9321     7.9327     0.0006   3.601576   3.602112   0.000532    34.5020    34.5071     5.0540    26.8928    26.8967    34.4920    26.8850    1492.21    1492.22     7.9320  1029.7380    34.6566 0.0000e+00
      20141 293.313671  -44.26538  -52.70418      0.909    1506.86    631.000    624.968     7.9776     7.9784     0.0007     7.9125     7.9133     0.0007   3.599694   3.600254   0.000560    34.4998    34.5050     5.0570    26.8940    26.8980    34.4907    26.8868    1492.15    1492.16     7.9124  1029.7446    34.6552 0.0000e+00
