Pos-Processados/process_op38/operantar38_017b.ros
* Sea-Bird SBE 9 Data File:
* FileName = D:\OPERANTAR_XXXVIII\DADOS\OP38_017b.hdr
* Software Version Seasave V 7.18c
* Temperature SN = 4808
* Conductivity SN = 3380
* Number of Bytes Per Scan = 34
* Number of Voltage Words = 3
* Number of Scans Averaged by the Deck Unit = 1
* NMEA Latitude = 62 16.17 S
* NMEA Longitude = 058 26.27 W
* NMEA UTC (Time) = Nov 05 2019 15:20:15
** H41
** NAVIO POLAR ALMIRANTE MAXIMIANO
** CRUZEIRO:
** OPERANTAR XXXVIII
** ESTAÇÃO: OP38_017b
** LAT 62 16,17' S
** LONG 058 26,24' W
** 09P73767-1155_A
** PROFUNDIDADE: 110
** DATA/HORA: 0511521Z/NOV/2019
** OPERADOR: SO-HN CHAVES
# nquan = 26
# nvalues = 1879                                  
# units = specified
# name 0 = scan: Scan Count
# name 1 = timeJ: Julian Days
# name 2 = latitude: Latitude [deg]
# name 3 = longitude: Longitude [deg]
# name 4 = dz/dtM: Descent Rate [m/s]
# name 5 = avgsvCM: Average Sound Velocity [Chen-Millero, m/s]
# name 6 = prDM: Pressure, Digiquartz [db]
# name 7 = depSM: Depth [salt water, m]
# name 8 = t090C: Temperature [ITS-90, deg C]
# name 9 = t190C: Temperature, 2 [ITS-90, deg C]
# name 10 = T2-T190C: Temperature Difference, 2 - 1 [ITS-90, deg C]
# name 11 = potemp090C: Potential Temperature [ITS-90, deg C]
# name 12 = potemp190C: Potential Temperature, 2 [ITS-90, deg C]
# name 13 = potemp90Cdiff: Potential Temperature, Diff, 2 - 1 [ITS-90, deg C]
# name 14 = c0S/m: Conductivity [S/m]
# name 15 = c1S/m: Conductivity, 2 [S/m]
# name 16 = C2-C1S/m: Conductivity Difference, 2 - 1 [S/m]
# name 17 = sal00: Salinity, Practical [PSU]
# name 18 = sal11: Salinity, Practical, 2 [PSU]
# name 19 = sbeox0ML/L: Oxygen, SBE 43 [ml/l]
# name 20 = sbeox1ML/L: Oxygen, SBE 43, 2 [ml/l]
# name 21 = sbeox0ML/Ldiff: Oxygen, SBE 43, Diff, 2 - 1 [ml/l]
# name 22 = sigma-é00: Density [sigma-theta, kg/m^3]
# name 23 = sigma-é11: Density, 2 [sigma-theta, kg/m^3]
# name 24 = nbf: Bottles Fired
# name 25 = flag:  0.000e+00
# interval = seconds: 0.0416667
# start_time = Nov 05 2019 15:20:15 [NMEA time, header]
# bad_flag = -9.990e-29
*END*
[from data line 279]
        653 309.639377  -62.26952  -58.43788     -0.108       0.00      2.292      2.270    -0.8612    -0.8610     0.0002    -0.8613    -0.8610     0.0002   2.770498   2.770944   0.000445    34.1904    34.1962     7.4815     7.2357    -0.2458    27.4919    27.4966          2  0.000e+00
        654 309.639377  -62.26952  -58.43788     -0.100       0.00      2.292      2.270    -0.8613    -0.8607     0.0007    -0.8614    -0.8607     0.0007   2.770534   2.770938   0.000404    34.1910    34.1958     7.4817     7.2306    -0.2511    27.4924    27.4962          2  0.000e+00
        655 309.639378  -62.26952  -58.43788     -0.095       0.00      2.244      2.222    -0.8614    -0.8607     0.0007    -0.8614    -0.8607     0.0007   2.770534   2.770915   0.000381    34.1911    34.1955     7.4810     7.2301    -0.2508    27.4925    27.4960          2  0.000e+00
        656 309.639378  -62.26952  -58.43788     -0.089       0.00      2.292      2.270    -0.8613    -0.8608     0.0005    -0.8614    -0.8609     0.0005   2.770522   2.770967   0.000444    34.1909    34.1963     7.4803     7.2298    -0.2505    27.4922    27.4967          2  0.000e+00
        657 309.639379  -62.26952  -58.43788     -0.080       0.00      2.292      2.270    -0.8614    -0.8607     0.0007    -0.8614    -0.8607     0.0007   2.770504   2.770967   0.000462    34.1907    34.1962     7.4804     7.2353    -0.2451    27.4921    27.4965          2  0.000e+00
        658 309.639379  -62.26952  -58.43788     -0.076       0.00      2.244      2.222    -0.8611    -0.8607     0.0005    -0.8612    -0.8607     0.0005   2.770516   2.770978   0.000462    34.1906    34.1964     7.4803     7.2359    -0.2444    27.4920    27.4967          2  0.000e+00
        659 309.639380  -62.26952  -58.43788     -0.072       0.00      2.244      2.222    -0.8612    -0.8605     0.0007    -0.8613    -0.8606     0.0007   2.770504   2.770972   0.000468    34.1905    34.1961     7.4751     7.2307    -0.2444    27.4920    27.4965          2  0.000e+00
        660 309.639380  -62.26952  -58.43788     -0.063       0.00      2.312      2.290    -0.8610    -0.8603     0.0006    -0.8610    -0.8604     0.0006   2.770480   2.770961   0.000481    34.1899    34.1957     7.4795     7.2303    -0.2492    27.4914    27.4961          2  0.000e+00
        661 309.639381  -62.26952  -58.43788     -0.058       0.00      2.292      2.270    -0.8611    -0.8601     0.0010    -0.8611    -0.8601     0.0010   2.770510   2.770961   0.000451    34.1904    34.1954     7.4846     7.2297    -0.2549    27.4919    27.4959          2  0.000e+00
        662 309.639381  -62.26952  -58.43788     -0.053       0.00      2.292      2.270    -0.8613    -0.8599     0.0014    -0.8614    -0.8599     0.0014   2.770486   2.770978   0.000492    34.1904    34.1954     7.4845     7.2292    -0.2553    27.4919    27.4959          2  0.000e+00
        663 309.639382  -62.26952  -58.43788     -0.048       0.00      2.244      2.222    -0.8609    -0.8605     0.0004    -0.8610    -0.8606     0.0004   2.770510   2.770972   0.000462    34.1903    34.1961     7.4789     7.2288    -0.2501    27.4918    27.4965          2  0.000e+00
        664 309.639382  -62.26952  -58.43788     -0.045       0.00      2.292      2.270    -0.8611    -0.8603     0.0008    -0.8612    -0.8604     0.0008   2.770504   2.771001   0.000497    34.1904    34.1963     7.4779     7.2283    -0.2496    27.4919    27.4966          3  0.000e+00
        665 309.639383  -62.26952  -58.43788     -0.037       0.00      2.292      2.270    -0.8613    -0.8603     0.0010    -0.8614    -0.8604     0.0010   2.770498   2.771013   0.000514    34.1905    34.1964     7.4768     7.2278    -0.2490    27.4920    27.4967          3  0.000e+00
        666 309.639383  -62.26952  -58.43788     -0.034       0.00      2.292      2.270    -0.8614    -0.8599     0.0015    -0.8614    -0.8599     0.0015   2.770498   2.771013   0.000514    34.1906    34.1959     7.4764     7.2285    -0.2479    27.4920    27.4963          3  0.000e+00
        667 309.639384  -62.26952  -58.43788     -0.025       0.00      2.292      2.270    -0.8614    -0.8599     0.0015    -0.8615    -0.8599     0.0015   2.770480   2.771013   0.000532    34.1904    34.1959     7.4759     7.2292    -0.2467    27.4919    27.4963          3  0.000e+00
        668 309.639384  -62.26952  -58.43790     -0.021       0.00      2.292      2.270    -0.8612    -0.8594     0.0018    -0.8613    -0.8595     0.0018   2.770510   2.771053   0.000543    34.1906    34.1959     7.4702     7.2299    -0.2403    27.4920    27.4963          3  0.000e+00
        669 309.639385  -62.26952  -58.43790     -0.017       0.00      2.292      2.270    -0.8614    -0.8591     0.0023    -0.8615    -0.8592     0.0023   2.770486   2.771064   0.000578    34.1905    34.1957     7.4742     7.2295    -0.2446    27.4920    27.4961          3  0.000e+00
        670 309.639385  -62.26952  -58.43790     -0.019       0.00      2.244      2.222    -0.8614    -0.8588     0.0026    -0.8614    -0.8589     0.0026   2.770492   2.771105   0.000612    34.1906    34.1960     7.4736     7.2291    -0.2445    27.4920    27.4963          3  0.000e+00
        671 309.639386  -62.26952  -58.43790     -0.016       0.00      2.264      2.242    -0.8614    -0.8586     0.0028    -0.8615    -0.8587     0.0028   2.770498   2.771105   0.000606    34.1907    34.1958     7.4731     7.2287    -0.2443    27.4921    27.4961          3  0.000e+00
        672 309.639386  -62.26952  -58.43790     -0.012       0.00      2.292      2.270    -0.8615    -0.8587     0.0029    -0.8616    -0.8587     0.0029   2.770456   2.771116   0.000660    34.1902    34.1959     7.4726     7.2284    -0.2441    27.4917    27.4963          3  0.000e+00
        673 309.639387  -62.26952  -58.43790     -0.007       0.00      2.292      2.270    -0.8613    -0.8591     0.0022    -0.8614    -0.8592     0.0022   2.770480   2.771122   0.000641    34.1903    34.1965     7.4719     7.2282    -0.2437    27.4918    27.4968          3  0.000e+00
        674 309.639387  -62.26952  -58.43790     -0.009       0.00      2.244      2.222    -0.8609    -0.8585     0.0024    -0.8610    -0.8586     0.0024   2.770516   2.771122   0.000605    34.1904    34.1958     7.4711     7.2277    -0.2434    27.4918    27.4962          3  0.000e+00
        675 309.639388  -62.26952  -58.43790     -0.004       0.00      2.292      2.270    -0.8607    -0.8585     0.0022    -0.8607    -0.8586     0.0022   2.770558   2.771139   0.000581    34.1906    34.1961     7.4712     7.2274    -0.2438    27.4920    27.4963          3  0.000e+00
        676 309.639388  -62.26952  -58.43790     -0.001       0.00      2.292      2.270    -0.8603    -0.8579     0.0024    -0.8603    -0.8580     0.0024   2.770594   2.771202   0.000608    34.1906    34.1962     7.4712     7.2281    -0.2432    27.4920    27.4965          3  0.000e+00
        677 309.639389  -62.26952  -58.43790      0.001       0.00      2.292      2.270    -0.8604    -0.8576     0.0028    -0.8604    -0.8576     0.0028   2.770624   2.771242   0.000618    34.1912    34.1964     7.4714     7.2348    -0.2366    27.4925    27.4966          3  0.000e+00
        678 309.639389  -62.26952  -58.43790      0.002       0.00      2.292      2.270    -0.8595    -0.8570     0.0025    -0.8596    -0.8570     0.0025   2.770630   2.771271   0.000641    34.1903    34.1961     7.4705     7.2297    -0.2409    27.4917    27.4963          3  0.000e+00
        679 309.639389  -62.26952  -58.43790      0.001       0.00      2.244      2.222    -0.8590    -0.8563     0.0026    -0.8590    -0.8564     0.0026   2.770666   2.771300   0.000634    34.1902    34.1958     7.4697     7.2351    -0.2346    27.4916    27.4961          3  0.000e+00
        680 309.639390  -62.26952  -58.43790      0.000       0.00      2.244      2.222    -0.8587    -0.8562     0.0025    -0.8588    -0.8562     0.0025   2.770684   2.771323   0.000639    34.1901    34.1959     7.4689     7.2300    -0.2389    27.4915    27.4962          3  0.000e+00
        681 309.639390  -62.26952  -58.43790     -0.001       0.00      2.292      2.270    -0.8581    -0.8568     0.0013    -0.8582    -0.8569     0.0013   2.770755   2.771328   0.000573    34.1904    34.1967     7.4688     7.2239    -0.2449    27.4917    27.4968          3  0.000e+00
        682 309.639391  -62.26952  -58.43790      0.003       0.00      2.264      2.242    -0.8578    -0.8554     0.0023    -0.8578    -0.8555     0.0023   2.770785   2.771346   0.000560    34.1904    34.1954     7.4679     7.2281    -0.2398    27.4918    27.4957          3  0.000e+00
        683 309.639391  -62.26952  -58.43790      0.002       0.00      2.244      2.222    -0.8578    -0.8562     0.0017    -0.8579    -0.8562     0.0017   2.770821   2.771334   0.000513    34.1910    34.1961     7.4679     7.2279    -0.2400    27.4922    27.4963          3  0.000e+00
        684 309.639392  -62.26952  -58.43790      0.001       0.00      2.292      2.270    -0.8576    -0.8554     0.0022    -0.8576    -0.8555     0.0022   2.770821   2.771386   0.000565    34.1907    34.1959     7.4679     7.2275    -0.2404    27.4920    27.4961          3  0.000e+00
        685 309.639392  -62.26952  -58.43790      0.000       0.00      2.244      2.222    -0.8572    -0.8542     0.0030    -0.8572    -0.8542     0.0030   2.770833   2.771466   0.000633    34.1904    34.1956     7.4677     7.2269    -0.2408    27.4917    27.4958          3  0.000e+00
        686 309.639393  -62.26952  -58.43790     -0.001       0.00      2.292      2.270    -0.8565    -0.8533     0.0032    -0.8565    -0.8533     0.0032   2.770857   2.771547   0.000690    34.1899    34.1957     7.4677     7.2265    -0.2412    27.4913    27.4958          3  0.000e+00
        687 309.639393  -62.26952  -58.43790     -0.004       0.00      2.189      2.168    -0.8556    -0.8535     0.0021    -0.8557    -0.8536     0.0021   2.770923   2.771604   0.000681    34.1899    34.1968     7.4674     7.2261    -0.2413    27.4912    27.4967          3  0.000e+00
        688 309.639394  -62.26952  -58.43790     -0.001       0.00      2.292      2.270    -0.8551    -0.8534     0.0017    -0.8552    -0.8535     0.0017   2.770982   2.771558   0.000576    34.1901    34.1960     7.4673     7.2259    -0.2415    27.4914    27.4961          3  0.000e+00
        689 309.639394  -62.26952  -58.43790     -0.005       0.00      2.244      2.222    -0.8545    -0.8531     0.0014    -0.8546    -0.8532     0.0014   2.771018   2.771575   0.000557    34.1899    34.1959     7.4672     7.2255    -0.2417    27.4912    27.4960          3  0.000e+00
        690 309.639395  -62.26952  -58.43790     -0.008       0.00      2.244      2.222    -0.8544    -0.8529     0.0015    -0.8544    -0.8530     0.0015   2.771042   2.771570   0.000527    34.1901    34.1956     7.4671     7.2264    -0.2407    27.4914    27.4958          3  0.000e+00
        691 309.639395  -62.26952  -58.43790     -0.009       0.00      2.244      2.222    -0.8547    -0.8534     0.0013    -0.8547    -0.8535     0.0013   2.771048   2.771547   0.000498    34.1905    34.1958     7.4664     7.2262    -0.2401    27.4917    27.4960          3  0.000e+00
        692 309.639396  -62.26952  -58.43790     -0.009       0.00      2.244      2.222    -0.8547    -0.8531     0.0016    -0.8547    -0.8532     0.0016   2.771030   2.771541   0.000511    34.1903    34.1954     7.4663     7.2259    -0.2404    27.4915    27.4956          3  0.000e+00
        693 309.639396  -62.26952  -58.43790     -0.014       0.00      2.209      2.188    -0.8550    -0.8535     0.0014    -0.8550    -0.8536     0.0014   2.771006   2.771541   0.000535    34.1903    34.1959     7.4620     7.2257    -0.2362    27.4915    27.4960          3  0.000e+00
        694 309.639397  -62.26952  -58.43790     -0.015       0.00      2.244      2.222    -0.8553    -0.8530     0.0024    -0.8554    -0.8530     0.0024   2.770959   2.771541   0.000582    34.1900    34.1952     7.4665     7.2254    -0.2411    27.4913    27.4955          3  0.000e+00
        695 309.639397  -62.26952  -58.43790     -0.018       0.00      2.244      2.222    -0.8557    -0.8528     0.0029    -0.8558    -0.8529     0.0029   2.770947   2.771558   0.000612    34.1903    34.1953     7.4666     7.2252    -0.2415    27.4916    27.4955          3  0.000e+00
        696 309.639398  -62.26952  -58.43790     -0.021       0.00      2.189      2.168    -0.8558    -0.8531     0.0027    -0.8558    -0.8532     0.0027   2.770905   2.771564   0.000659    34.1898    34.1958     7.4667     7.2249    -0.2417    27.4912    27.4959          3  0.000e+00
        697 309.639398  -62.26952  -58.43790     -0.024       0.00      2.244      2.222    -0.8559    -0.8529     0.0030    -0.8560    -0.8530     0.0030   2.770911   2.771547   0.000636    34.1900    34.1953     7.4668     7.2247    -0.2421    27.4914    27.4955          3  0.000e+00
        698 309.639399  -62.26952  -58.43790     -0.026       0.00      2.189      2.168    -0.8559    -0.8536     0.0023    -0.8560    -0.8536     0.0023   2.770935   2.771518   0.000583    34.1904    34.1957     7.4667     7.2245    -0.2422    27.4916    27.4958          3  0.000e+00
        699 309.639399  -62.26952  -58.43790     -0.028       0.00      2.244      2.222    -0.8558    -0.8533     0.0025    -0.8558    -0.8533     0.0025   2.770923   2.771529   0.000607    34.1901    34.1954     7.4668     7.2243    -0.2425    27.4914    27.4956          3  0.000e+00
        700 309.639400  -62.26952  -58.43790     -0.031       0.00      2.189      2.168    -0.8559    -0.8534     0.0025    -0.8560    -0.8534     0.0025   2.770935   2.771541   0.000606    34.1904    34.1958     7.4668     7.2252    -0.2416    27.4916    27.4959          3  0.000e+00
        701 309.639400  -62.26952  -58.43790     -0.036       0.00      2.189      2.168    -0.8561    -0.8536     0.0025    -0.8561    -0.8536     0.0025   2.770905   2.771558   0.000653    34.1902    34.1962     7.4669     7.2250    -0.2418    27.4915    27.4963          3  0.000e+00
        702 309.639401  -62.26952  -58.43790     -0.039       0.00      2.189      2.168    -0.8562    -0.8536     0.0026    -0.8562    -0.8536     0.0026   2.770893   2.771547   0.000654    34.1901    34.1961     7.4669     7.2261    -0.2409    27.4915    27.4962          3  0.000e+00
        703 309.639401  -62.26952  -58.43790     -0.038       0.00      2.244      2.222    -0.8561    -0.8529     0.0032    -0.8561    -0.8530     0.0032   2.770911   2.771593   0.000682    34.1902    34.1959     7.4670     7.2258    -0.2412    27.4915    27.4960          3  0.000e+00
        704 309.639402  -62.26952  -58.43790     -0.044       0.00      2.162      2.141    -0.8562    -0.8526     0.0036    -0.8562    -0.8527     0.0036   2.770881   2.771616   0.000735    34.1900    34.1960     7.4670     7.2255    -0.2414    27.4913    27.4960          3  0.000e+00
        705 309.639402  -62.26952  -58.43790     -0.043       0.00      2.244      2.222    -0.8558    -0.8526     0.0031    -0.8558    -0.8527     0.0031   2.770959   2.771616   0.000657    34.1905    34.1959     7.4670     7.2255    -0.2415    27.4918    27.4960          3  0.000e+00
        706 309.639402  -62.26952  -58.43790     -0.044       0.00      2.189      2.168    -0.8554    -0.8531     0.0023    -0.8555    -0.8532     0.0023   2.770959   2.771598   0.000640    34.1902    34.1962     7.4669     7.2266    -0.2403    27.4915    27.4963          3  0.000e+00
        707 309.639403  -62.26952  -58.43790     -0.052       0.00      2.141      2.120    -0.8549    -0.8532     0.0016    -0.8549    -0.8533     0.0016   2.771000   2.771570   0.000569    34.1901    34.1960     7.4667     7.2277    -0.2391    27.4914    27.4961          3  0.000e+00
