Pos-Processados/process_op38/operantar38_012.cnv
* Sea-Bird SBE 9 Data File:
* FileName = D:\OPERANTAR_XXXVIII\DADOS\OP38_012.hdr
* Software Version Seasave V 7.18c
* Temperature SN = 4808
* Conductivity SN = 3380
* Number of Bytes Per Scan = 31
* Number of Voltage Words = 2
* Number of Scans Averaged by the Deck Unit = 1
* NMEA Latitude = 43 26.50 S
* NMEA Longitude = 053 36.73 W
* NMEA UTC (Time) = Oct 20 2019 19:38:05
** H41
** NAVIO POLAR ALMIRANTE MAXIMIANO
** CRUZEIRO:
** OPERANTAR XXXVIII
** ESTAÇÃO: OP38_012
** LAT 43 26,49' S
** LONG 053 36,73'  W
** 09P73767-1155
** PROFUNDIDADE: 5647
** DATA/HORA: 201939Z/OUT/2019
** OPERADOR: SO-HN CHAVES
# nquan = 30
# nvalues = 2114                        
# units = specified
# name 0 = scan: Scan Count
# name 1 = timeJ: Julian Days
# name 2 = latitude: Latitude [deg]
# name 3 = longitude: Longitude [deg]
# name 4 = dz/dtM: Descent Rate [m/s]
# name 5 = avgsvCM: Average Sound Velocity [Chen-Millero, m/s]
# name 6 = prDM: Pressure, Digiquartz [db]
# name 7 = depSM: Depth [salt water, m]
# name 8 = t090C: Temperature [ITS-90, deg C]
# name 9 = t190C: Temperature, 2 [ITS-90, deg C]
# name 10 = T2-T190C: Temperature Difference, 2 - 1 [ITS-90, deg C]
# name 11 = potemp090C: Potential Temperature [ITS-90, deg C]
# name 12 = potemp190C: Potential Temperature, 2 [ITS-90, deg C]
# name 13 = potemp90Cdiff: Potential Temperature, Diff, 2 - 1 [ITS-90, deg C]
# name 14 = c0S/m: Conductivity [S/m]
# name 15 = c1S/m: Conductivity, 2 [S/m]
# name 16 = C2-C1S/m: Conductivity Difference, 2 - 1 [S/m]
# name 17 = sal00: Salinity, Practical [PSU]
# name 18 = sal11: Salinity, Practical, 2 [PSU]
# name 19 = sbeox0ML/L: Oxygen, SBE 43 [ml/l]
# name 20 = sigma-é00: Density [sigma-theta, kg/m^3]
# name 21 = sigma-é11: Density, 2 [sigma-theta, kg/m^3]
# name 22 = sal00: Salinity, Practical [PSU]
# name 23 = sigma-é00: Density [sigma-theta, kg/m^3]
# name 24 = svCM: Sound Velocity [Chen-Millero, m/s]
# name 25 = svCM1: Sound Velocity, 2 [Chen-Millero, m/s]
# name 26 = gsw_ptA0: potential temperature [ITS-90, deg C]
# name 27 = gsw_densityA0: density, TEOS-10 [density, kg/m^3]
# name 28 = gsw_saA0: Absolute Salinity [g/kg]
# name 29 = flag:
# span 0 =       2542,      65058       
# span 1 = 293.819339, 293.849488       
# span 2 =  -43.44176,  -43.44172       
# span 3 =  -53.61234,  -53.61224       
# span 4 =     -1.559,      1.433       
# span 5 =      -0.01,    1514.00       
# span 6 =      2.000,   1059.000       
# span 7 =      1.980,   1047.883       
# span 8 =     3.0215,     9.7607       
# span 9 =     3.0207,     9.7621       
# span 10 =    -0.0496,     0.0372      
# span 11 =     2.9493,     9.7603      
# span 12 =     2.9485,     9.7617      
# span 13 =    -0.0494,     0.0371      
# span 14 =   3.154139,   3.701112      
# span 15 =   3.154627,   3.701819      
# span 16 =  -0.003910,   0.003867      
# span 17 =    34.0765,    34.3161      
# span 18 =    34.0825,    34.3215      
# span 19 =     4.6253,     6.7672      
# span 20 =    26.3063,    27.3310      
# span 21 =    26.3105,    27.3352      
# span 22 =    34.0554,    34.3172      
# span 23 =    26.3063,    27.3328      
# span 24 =    1472.74,    1487.97      
# span 25 =    1472.75,    1487.98      
# span 26 =     2.9492,     9.7603      
# span 27 =  1026.3227,  1032.2356      
# span 28 =    34.2164,    34.4829      
# span 29 = 0.0000e+00, 0.0000e+00      
# interval = decibars: 1                
# start_time = Oct 20 2019 19:38:05 [NMEA time, header]
# bad_flag = -9.990e-29
*END*
[from data line 726]
      20840 293.828163  -43.44174  -53.61232      1.061    1475.61    729.000    721.917     3.4791     3.4797     0.0006     3.4288     3.4294     0.0006   3.171738   3.172237   0.000497    34.1629    34.1682     5.7388    27.1769    27.1810    34.1620    27.1762    1475.32    1475.33     3.4287  1030.5562    34.3255 0.0000e+00
      20858 293.828172  -43.44174  -53.61232      1.212    1475.61    730.000    722.905     3.4792     3.4796     0.0005     3.4288     3.4293     0.0005   3.171762   3.172242   0.000475    34.1631    34.1683     5.7352    27.1771    27.1812    34.1617    27.1759    1475.33    1475.34     3.4287  1030.5606    34.3252 0.0000e+00
      20876 293.828180  -43.44174  -53.61232      1.307    1475.61    731.000    723.894     3.4746     3.4751     0.0005     3.4242     3.4247     0.0005   3.171420   3.171895   0.000483    34.1631    34.1684     5.7349    27.1775    27.1817    34.1618    27.1765    1475.33    1475.34     3.4241  1030.5658    34.3253 0.0000e+00
      20897 293.828191  -43.44174  -53.61232      1.261    1475.61    732.000    724.882     3.4725     3.4733     0.0007     3.4221     3.4228     0.0007   3.171360   3.171864   0.000498    34.1636    34.1688     5.7359    27.1781    27.1822    34.1628    27.1774    1475.34    1475.35     3.4220  1030.5714    34.3263 0.0000e+00
      20924 293.828204  -43.44174  -53.61232      0.997    1475.61    733.000    725.871     3.4710     3.4723     0.0013     3.4204     3.4217     0.0013   3.171300   3.171849   0.000546    34.1644    34.1695     5.7374    27.1789    27.1829    34.1632    27.1779    1475.35    1475.36     3.4204  1030.5765    34.3267 0.0000e+00
      20953 293.828218  -43.44174  -53.61232      0.807    1475.61    734.000    726.860     3.4658     3.4667     0.0010     3.4152     3.4162     0.0009   3.170939   3.171450   0.000513    34.1648    34.1699     5.7385    27.1797    27.1837    34.1637    27.1789    1475.35    1475.36     3.4151  1030.5821    34.3273 0.0000e+00
      20977 293.828229  -43.44174  -53.61232      0.909    1475.59    735.000    727.848     3.4629     3.4638     0.0009     3.4122     3.4132     0.0009   3.170728   3.171241   0.000512    34.1648    34.1700     5.7264    27.1800    27.1841    34.1637    27.1792    1475.35    1475.36     3.4121  1030.5871    34.3273 0.0000e+00
      20998 293.828239  -43.44174  -53.61232      1.077    1475.58    736.000    728.836     3.4608     3.4615     0.0007     3.4101     3.4108     0.0007   3.170583   3.171081   0.000498    34.1647    34.1699     5.7137    27.1802    27.1843    34.1637    27.1793    1475.36    1475.37     3.4100  1030.5919    34.3273 0.0000e+00
      21017 293.828248  -43.44174  -53.61232      1.201    1475.58    737.000    729.825     3.4578     3.4583     0.0004     3.4071     3.4075     0.0004   3.170357   3.170826   0.000471    34.1646    34.1698     5.7071    27.1804    27.1844    34.1635    27.1795    1475.36    1475.37     3.4070  1030.5967    34.3271 0.0000e+00
      21037 293.828258  -43.44174  -53.61232      1.234    1475.58    738.000    730.813     3.4558     3.4564     0.0005     3.4050     3.4056     0.0005   3.170251   3.170740   0.000487    34.1647    34.1700     5.7081    27.1806    27.1848    34.1638    27.1799    1475.37    1475.38     3.4049  1030.6018    34.3274 0.0000e+00
      21060 293.828269  -43.44174  -53.61232      1.126    1475.58    739.000    731.802     3.4549     3.4554     0.0005     3.4040     3.4045     0.0005   3.170218   3.170700   0.000482    34.1646    34.1699     5.7121    27.1807    27.1848    34.1639    27.1801    1475.38    1475.39     3.4039  1030.6066    34.3275 0.0000e+00
      21086 293.828282  -43.44174  -53.61232      0.964    1475.58    740.000    732.791     3.4550     3.4555     0.0006     3.4040     3.4046     0.0005   3.170299   3.170787   0.000492    34.1648    34.1701     5.7139    27.1808    27.1850    34.1643    27.1804    1475.40    1475.41     3.4039  1030.6115    34.3279 0.0000e+00
      21111 293.828294  -43.44174  -53.61232      0.938    1475.58    741.000    733.779     3.4545     3.4550     0.0005     3.4035     3.4040     0.0005   3.170359   3.170828   0.000469    34.1654    34.1705     5.7117    27.1813    27.1854    34.1649    27.1809    1475.41    1475.42     3.4034  1030.6166    34.3285 0.0000e+00
      21133 293.828304  -43.44174  -53.61232      1.017    1475.58    742.000    734.767     3.4542     3.4547     0.0005     3.4031     3.4036     0.0005   3.170439   3.170928   0.000477    34.1663    34.1715     5.7078    27.1821    27.1861    34.1657    27.1816    1475.43    1475.44     3.4030  1030.6219    34.3293 0.0000e+00
      21154 293.828315  -43.44174  -53.61232      1.100    1475.58    743.000    735.756     3.4478     3.4493     0.0015     3.3967     3.3981     0.0014   3.169853   3.170419   0.000572    34.1660    34.1713     5.7127    27.1824    27.1865    34.1648    27.1815    1475.42    1475.43     3.3966  1030.6266    34.3285 0.0000e+00
      21175 293.828325  -43.44174  -53.61232      1.150    1475.58    744.000    736.744     3.4450     3.4457     0.0007     3.3938     3.3945     0.0007   3.169685   3.170188   0.000505    34.1661    34.1714     5.7181    27.1828    27.1870    34.1653    27.1822    1475.42    1475.43     3.3937  1030.6318    34.3289 0.0000e+00
      21195 293.828334  -43.44174  -53.61232      1.165    1475.58    745.000    737.733     3.4418     3.4423     0.0005     3.3905     3.3910     0.0005   3.169415   3.169897   0.000481    34.1659    34.1711     5.7201    27.1829    27.1871    34.1648    27.1821    1475.43    1475.44     3.3904  1030.6365    34.3285 0.0000e+00
      21216 293.828344  -43.44174  -53.61232      1.168    1475.58    746.000    738.721     3.4362     3.4367     0.0005     3.3849     3.3854     0.0005   3.168922   3.169391   0.000474    34.1656    34.1708     5.7186    27.1833    27.1874    34.1642    27.1822    1475.42    1475.43     3.3848  1030.6412    34.3279 0.0000e+00
      21237 293.828355  -43.44174  -53.61232      1.157    1475.58    747.000    739.710     3.4276     3.4279     0.0003     3.3763     3.3766     0.0003   3.168193   3.168649   0.000454    34.1654    34.1705     5.7173    27.1839    27.1880    34.1640    27.1828    1475.40    1475.41     3.3762  1030.6466    34.3276 0.0000e+00
      21260 293.828366  -43.44174  -53.61232      1.101    1475.58    748.000    740.698     3.4248     3.4254     0.0006     3.3734     3.3740     0.0006   3.168047   3.168538   0.000490    34.1655    34.1708     5.7208    27.1843    27.1884    34.1646    27.1836    1475.40    1475.41     3.3733  1030.6521    34.3283 0.0000e+00
      21285 293.828378  -43.44174  -53.61232      0.995    1475.58    749.000    741.687     3.4250     3.4255     0.0005     3.3735     3.3740     0.0004   3.168165   3.168653   0.000489    34.1661    34.1714     5.7218    27.1847    27.1890    34.1654    27.1842    1475.42    1475.43     3.3734  1030.6573    34.3290 0.0000e+00
      21312 293.828391  -43.44174  -53.61232      0.915    1475.58    750.000    742.675     3.4226     3.4233     0.0007     3.3711     3.3718     0.0007   3.167989   3.168489   0.000494    34.1662    34.1714     5.7201    27.1851    27.1892    34.1652    27.1843    1475.43    1475.44     3.3710  1030.6620    34.3289 0.0000e+00
      21337 293.828403  -43.44174  -53.61232      0.931    1475.58    751.000    743.664     3.4225     3.4233     0.0007     3.3709     3.3717     0.0007   3.168120   3.168616   0.000502    34.1668    34.1720     5.7223    27.1855    27.1896    34.1663    27.1852    1475.45    1475.46     3.3708  1030.6675    34.3300 0.0000e+00
      21360 293.828414  -43.44174  -53.61232      0.998    1475.58    752.000    744.652     3.4241     3.4245     0.0004     3.3724     3.3728     0.0004   3.168383   3.168860   0.000476    34.1676    34.1728     5.7246    27.1860    27.1901    34.1673    27.1858    1475.47    1475.48     3.3723  1030.6727    34.3310 0.0000e+00
      21382 293.828425  -43.44174  -53.61232      1.055    1475.58    753.000    745.641     3.4234     3.4240     0.0006     3.3717     3.3722     0.0006   3.168333   3.168817   0.000490    34.1675    34.1728     5.7283    27.1861    27.1902    34.1670    27.1856    1475.48    1475.49     3.3715  1030.6771    34.3307 0.0000e+00
      21405 293.828435  -43.44174  -53.61232      1.074    1475.58    754.000    746.629     3.4229     3.4234     0.0005     3.3711     3.3716     0.0005   3.168371   3.168857   0.000483    34.1678    34.1731     5.7251    27.1863    27.1905    34.1674    27.1860    1475.50    1475.51     3.3710  1030.6821    34.3311 0.0000e+00
      21427 293.828446  -43.44174  -53.61232      1.057    1475.58    755.000    747.618     3.4221     3.4225     0.0004     3.3702     3.3706     0.0004   3.168377   3.168851   0.000474    34.1683    34.1735     5.7170    27.1868    27.1909    34.1678    27.1864    1475.51    1475.52     3.3701  1030.6871    34.3315 0.0000e+00
      21449 293.828457  -43.44174  -53.61232      1.077    1475.58    756.000    748.605     3.4180     3.4178    -0.0002     3.3661     3.3659    -0.0002   3.167990   3.168416   0.000432    34.1682    34.1736     5.7139    27.1872    27.1915    34.1669    27.1861    1475.51    1475.52     3.3660  1030.6915    34.3306 0.0000e+00
      21469 293.828466  -43.44174  -53.61232      1.140    1475.58    757.000    749.594     3.4085     3.4091     0.0006     3.3566     3.3572     0.0006   3.167359   3.167853   0.000491    34.1696    34.1749     5.7100    27.1892    27.1933    34.1688    27.1885    1475.49    1475.50     3.3565  1030.6987    34.3325 0.0000e+00
      21489 293.828476  -43.44174  -53.61232      1.197    1475.58    758.000    750.582     3.4072     3.4082     0.0010     3.3552     3.3562     0.0010   3.167403   3.167944   0.000538    34.1702    34.1756     5.6989    27.1898    27.1940    34.1702    27.1897    1475.50    1475.51     3.3551  1030.7045    34.3339 0.0000e+00
      21511 293.828487  -43.44174  -53.61232      1.174    1475.58    759.000    751.571     3.4078     3.4069    -0.0009     3.3557     3.3548    -0.0009   3.167421   3.167779   0.000364    34.1710    34.1762     5.6935    27.1903    27.1946    34.1692    27.1889    1475.52    1475.52     3.3556  1030.7084    34.3330 0.0000e+00
      21536 293.828499  -43.44174  -53.61232      1.020    1475.58    760.000    752.559     3.3916     3.3922     0.0007     3.3395     3.3402     0.0006   3.166111   3.166603   0.000492    34.1714    34.1766     5.6872    27.1922    27.1963    34.1700    27.1911    1475.47    1475.48     3.3394  1030.7154    34.3337 0.0000e+00
      21564 293.828512  -43.44174  -53.61232      0.873    1475.58    761.000    753.548     3.3891     3.3892     0.0002     3.3369     3.3371     0.0002   3.165988   3.166431   0.000446    34.1715    34.1767     5.6714    27.1925    27.1966    34.1706    27.1918    1475.47    1475.48     3.3368  1030.7208    34.3344 0.0000e+00
      21588 293.828524  -43.44174  -53.61232      0.924    1475.58    762.000    754.537     3.3881     3.3888     0.0008     3.3359     3.3366     0.0008   3.165921   3.166426   0.000498    34.1713    34.1765     5.6532    27.1925    27.1965    34.1703    27.1917    1475.49    1475.50     3.3358  1030.7253    34.3341 0.0000e+00
      21609 293.828534  -43.44174  -53.61232      1.056    1475.58    763.000    755.525     3.3859     3.3864     0.0005     3.3336     3.3342     0.0005   3.165788   3.166262   0.000482    34.1713    34.1765     5.6458    27.1926    27.1967    34.1704    27.1920    1475.49    1475.50     3.3336  1030.7302    34.3342 0.0000e+00
      21630 293.828544  -43.44174  -53.61232      1.140    1475.58    764.000    756.513     3.3834     3.3847     0.0013     3.3311     3.3324     0.0013   3.165554   3.166117   0.000556    34.1710    34.1763     5.6530    27.1927    27.1968    34.1698    27.1917    1475.50    1475.51     3.3310  1030.7346    34.3335 0.0000e+00
      21653 293.828555  -43.44174  -53.61232      1.110    1475.58    765.000    757.501     3.3782     3.3787     0.0005     3.3258     3.3263     0.0005   3.165168   3.165644   0.000477    34.1709    34.1760     5.6612    27.1931    27.1971    34.1701    27.1925    1475.49    1475.50     3.3257  1030.7401    34.3339 0.0000e+00
      21680 293.828568  -43.44174  -53.61232      0.953    1475.58    766.000    758.489     3.3802     3.3807     0.0005     3.3277     3.3282     0.0005   3.165435   3.165907   0.000486    34.1716    34.1769     5.6618    27.1935    27.1976    34.1707    27.1928    1475.52    1475.53     3.3276  1030.7449    34.3345 0.0000e+00
      21707 293.828581  -43.44174  -53.61232      0.879    1475.58    767.000    759.478     3.3659     3.3661     0.0002     3.3135     3.3137     0.0002   3.164100   3.164580   0.000466    34.1707    34.1761     5.6615    27.1941    27.1984    34.1691    27.1928    1475.47    1475.48     3.3134  1030.7499    34.3329 0.0000e+00
      21730 293.828592  -43.44174  -53.61232      0.956    1475.58    768.000    760.467     3.3641     3.3643     0.0001     3.3116     3.3117     0.0001   3.164087   3.164522   0.000441    34.1715    34.1767     5.6485    27.1949    27.1990    34.1703    27.1939    1475.48    1475.49     3.3115  1030.7556    34.3340 0.0000e+00
      21751 293.828603  -43.44174  -53.61232      1.066    1475.58    769.000    761.455     3.3544     3.3539    -0.0006     3.3019     3.3013    -0.0006   3.163099   3.163501   0.000391    34.1703    34.1756     5.6472    27.1949    27.1992    34.1681    27.1931    1475.46    1475.46     3.3018  1030.7596    34.3318 0.0000e+00
      21772 293.828612  -43.44174  -53.61232      1.150    1475.58    770.000    762.443     3.3428     3.3435     0.0007     3.2902     3.2910     0.0007   3.162025   3.162521   0.000500    34.1696    34.1748     5.6511    27.1954    27.1995    34.1669    27.1933    1475.42    1475.43     3.2902  1030.7646    34.3307 0.0000e+00
      21792 293.828622  -43.44174  -53.61232      1.179    1475.58    771.000    763.432     3.3329     3.3334     0.0005     3.2804     3.2809     0.0005   3.161290   3.161776   0.000488    34.1695    34.1748     5.6527    27.1962    27.2004    34.1678    27.1949    1475.40    1475.41     3.2803  1030.7711    34.3316 0.0000e+00
      21814 293.828633  -43.44174  -53.61232      1.132    1475.58    772.000    764.420     3.3310     3.3314     0.0004     3.2784     3.2788     0.0004   3.161178   3.161650   0.000473    34.1693    34.1746     5.6501    27.1963    27.2005    34.1680    27.1952    1475.41    1475.42     3.2783  1030.7760    34.3317 0.0000e+00
      21838 293.828644  -43.44174  -53.61232      1.054    1475.58    773.000    765.408     3.3302     3.3307     0.0005     3.2775     3.2780     0.0005   3.161153   3.161623   0.000470    34.1692    34.1744     5.6486    27.1963    27.2003    34.1680    27.1953    1475.42    1475.43     3.2774  1030.7807    34.3318 0.0000e+00
      21861 293.828655  -43.44174  -53.61232      1.029    1475.58    774.000    766.397     3.3295     3.3299     0.0004     3.2767     3.2772     0.0004   3.161144   3.161616   0.000470    34.1692    34.1743     5.6564    27.1963    27.2004    34.1682    27.1955    1475.43    1475.44     3.2766  1030.7855    34.3319 0.0000e+00
      21883 293.828666  -43.44174  -53.61232      1.062    1475.58    775.000    767.385     3.3288     3.3292     0.0005     3.2759     3.2764     0.0005   3.161132   3.161608   0.000475    34.1692    34.1744     5.6636    27.1965    27.2005    34.1682    27.1957    1475.45    1475.45     3.2758  1030.7903    34.3320 0.0000e+00
