Pos-Processados/process_op38/operantar38_015.ros
* Sea-Bird SBE 9 Data File:
* FileName = D:\OPERANTAR_XXXVIII\DADOS\OP38_015.hdr
* Software Version Seasave V 7.18c
* Temperature SN = 4808
* Conductivity SN = 3380
* Number of Bytes Per Scan = 34
* Number of Voltage Words = 3
* Number of Scans Averaged by the Deck Unit = 1
* NMEA Latitude = 62 18.48 S
* NMEA Longitude = 058 32.77 W
* NMEA UTC (Time) = Nov 05 2019 09:00:03
** H41
** NAVIO POLAR ALMIRANTE MAXIMIANO
** CRUZEIRO:
** OPERANTAR XXXVIII
** ESTAÇÃO: OP38_015
** LAT 62 18,48' S
** LONG 058 32,80' W
** 09P73767-1155_A
** PROFUNDIDADE: 353
** DATA/HORA: 050900Z/NOV/2019
** OPERADOR: SO-HN CHAVES
# nquan = 26
# nvalues = 2077                                  
# units = specified
# name 0 = scan: Scan Count
# name 1 = timeJ: Julian Days
# name 2 = latitude: Latitude [deg]
# name 3 = longitude: Longitude [deg]
# name 4 = dz/dtM: Descent Rate [m/s]
# name 5 = avgsvCM: Average Sound Velocity [Chen-Millero, m/s]
# name 6 = prDM: Pressure, Digiquartz [db]
# name 7 = depSM: Depth [salt water, m]
# name 8 = t090C: Temperature [ITS-90, deg C]
# name 9 = t190C: Temperature, 2 [ITS-90, deg C]
# name 10 = T2-T190C: Temperature Difference, 2 - 1 [ITS-90, deg C]
# name 11 = potemp090C: Potential Temperature [ITS-90, deg C]
# name 12 = potemp190C: Potential Temperature, 2 [ITS-90, deg C]
# name 13 = potemp90Cdiff: Potential Temperature, Diff, 2 - 1 [ITS-90, deg C]
# name 14 = c0S/m: Conductivity [S/m]
# name 15 = c1S/m: Conductivity, 2 [S/m]
# name 16 = C2-C1S/m: Conductivity Difference, 2 - 1 [S/m]
# name 17 = sal00: Salinity, Practical [PSU]
# name 18 = sal11: Salinity, Practical, 2 [PSU]
# name 19 = sbeox0ML/L: Oxygen, SBE 43 [ml/l]
# name 20 = sbeox1ML/L: Oxygen, SBE 43, 2 [ml/l]
# name 21 = sbeox0ML/Ldiff: Oxygen, SBE 43, Diff, 2 - 1 [ml/l]
# name 22 = sigma-é00: Density [sigma-theta, kg/m^3]
# name 23 = sigma-é11: Density, 2 [sigma-theta, kg/m^3]
# name 24 = nbf: Bottles Fired
# name 25 = flag:  0.000e+00
# interval = seconds: 0.0416667
# start_time = Nov 05 2019 09:00:03 [NMEA time, header]
# bad_flag = -9.990e-29
*END*
[from data line 1617]
      25620 309.387390  -62.30810  -58.54616      0.072    1447.29      2.296      2.274    -0.8112    -0.8119    -0.0007    -0.8112    -0.8120    -0.0007   2.771616   2.771914   0.000298    34.1488    34.1537     7.6701     7.4055    -0.2647    27.4562    27.4601         10  0.000e+00
      25621 309.387390  -62.30810  -58.54616      0.074    1447.29      2.350      2.328    -0.8112    -0.8121    -0.0010    -0.8112    -0.8122    -0.0010   2.771604   2.771948   0.000344    34.1486    34.1544     7.6750     7.4043    -0.2706    27.4560    27.4607         10  0.000e+00
      25622 309.387391  -62.30810  -58.54616      0.079    1447.29      2.350      2.328    -0.8123    -0.8119     0.0004    -0.8123    -0.8120     0.0004   2.771562   2.771977   0.000415    34.1493    34.1545     7.6756     7.4042    -0.2714    27.4566    27.4608         10  0.000e+00
      25623 309.387391  -62.30810  -58.54616      0.080    1447.29      2.350      2.328    -0.8128    -0.8114     0.0014    -0.8129    -0.8115     0.0014   2.771568   2.771966   0.000398    34.1500    34.1538     7.6709     7.4041    -0.2668    27.4572    27.4603         10  0.000e+00
      25624 309.387391  -62.30810  -58.54616      0.080    1447.29      2.296      2.274    -0.8123    -0.8116     0.0007    -0.8123    -0.8116     0.0007   2.771670   2.771977   0.000307    34.1508    34.1542     7.6755     7.4040    -0.2715    27.4578    27.4605         10  0.000e+00
      25625 309.387392  -62.30810  -58.54616      0.084    1447.29      2.398      2.375    -0.8110    -0.8122    -0.0012    -0.8111    -0.8123    -0.0012   2.771759   2.771989   0.000229    34.1505    34.1550     7.6757     7.4042    -0.2716    27.4576    27.4612         10  0.000e+00
      25626 309.387392  -62.30810  -58.54616      0.087    1447.29      2.350      2.328    -0.8113    -0.8116    -0.0002    -0.8114    -0.8116    -0.0002   2.771723   2.772023   0.000300    34.1504    34.1548     7.6762     7.4039    -0.2722    27.4575    27.4610         10  0.000e+00
      25627 309.387393  -62.30810  -58.54616      0.089    1447.29      2.350      2.328    -0.8116    -0.8111     0.0005    -0.8117    -0.8112     0.0005   2.771688   2.772017   0.000330    34.1503    34.1542     7.6715     7.4038    -0.2677    27.4574    27.4605         10  0.000e+00
      25628 309.387393  -62.30810  -58.54616      0.092    1447.29      2.364      2.341    -0.8123    -0.8108     0.0015    -0.8123    -0.8109     0.0015   2.771640   2.772029   0.000389    34.1503    34.1540     7.6765     7.4037    -0.2728    27.4575    27.4603         10  0.000e+00
      25629 309.387394  -62.30810  -58.54616      0.092    1447.29      2.350      2.328    -0.8123    -0.8107     0.0016    -0.8123    -0.8107     0.0016   2.771610   2.772040   0.000430    34.1499    34.1540     7.6718     7.4036    -0.2682    27.4571    27.4603         10  0.000e+00
      25630 309.387394  -62.30810  -58.54616      0.096    1447.29      2.398      2.375    -0.8118    -0.8111     0.0007    -0.8119    -0.8112     0.0007   2.771622   2.772017   0.000395    34.1495    34.1541     7.6766     7.4037    -0.2729    27.4568    27.4605         10  0.000e+00
      25631 309.387395  -62.30810  -58.54616      0.097    1447.29      2.350      2.328    -0.8113    -0.8114    -0.0001    -0.8114    -0.8115    -0.0001   2.771682   2.772046   0.000364    34.1498    34.1549     7.6769     7.3978    -0.2791    27.4570    27.4611         10  0.000e+00
      25632 309.387395  -62.30810  -58.54616      0.100    1447.29      2.398      2.375    -0.8107    -0.8111    -0.0004    -0.8108    -0.8112    -0.0004   2.771741   2.772046   0.000305    34.1499    34.1545     7.6773     7.3966    -0.2807    27.4571    27.4608         10  0.000e+00
      25633 309.387396  -62.30810  -58.54616      0.102    1447.29      2.398      2.375    -0.8107    -0.8116    -0.0009    -0.8108    -0.8116    -0.0009   2.771795   2.772040   0.000245    34.1506    34.1550     7.6726     7.4015    -0.2711    27.4576    27.4612         10  0.000e+00
      25634 309.387396  -62.30810  -58.54616      0.101    1447.29      2.350      2.328    -0.8104    -0.8117    -0.0013    -0.8105    -0.8118    -0.0013   2.771753   2.772040   0.000287    34.1498    34.1552     7.6774     7.4015    -0.2759    27.4569    27.4614         10  0.000e+00
      25635 309.387397  -62.30810  -58.54616      0.103    1447.29      2.398      2.375    -0.8123    -0.8117     0.0005    -0.8123    -0.8118     0.0005   2.771628   2.772000   0.000372    34.1501    34.1546     7.6724     7.4016    -0.2708    27.4573    27.4609         10  0.000e+00
      25636 309.387397  -62.30810  -58.54616      0.104    1447.29      2.398      2.375    -0.8132    -0.8114     0.0018    -0.8133    -0.8115     0.0018   2.771616   2.772040   0.000424    34.1510    34.1548     7.6775     7.4016    -0.2759    27.4581    27.4611         10  0.000e+00
      25637 309.387398  -62.30810  -58.54616      0.102    1447.29      2.350      2.328    -0.8135    -0.8112     0.0022    -0.8136    -0.8113     0.0022   2.771723   2.772080   0.000357    34.1529    34.1552     7.6728     7.4015    -0.2712    27.4596    27.4613         10  0.000e+00
      25638 309.387398  -62.30810  -58.54616      0.107    1447.29      2.419      2.395    -0.8124    -0.8105     0.0019    -0.8125    -0.8106     0.0019   2.771735   2.772190   0.000454    34.1518    34.1558     7.6716     7.4015    -0.2702    27.4587    27.4618         10  0.000e+00
      25639 309.387399  -62.30810  -58.54616      0.105    1447.29      2.398      2.375    -0.8118    -0.8099     0.0019    -0.8119    -0.8099     0.0019   2.771771   2.772276   0.000504    34.1516    34.1562     7.6661     7.4013    -0.2648    27.4584    27.4621         10  0.000e+00
      25640 309.387399  -62.30810  -58.54616      0.102    1447.29      2.350      2.328    -0.8106    -0.8093     0.0013    -0.8106    -0.8093     0.0013   2.771843   2.772299   0.000456    34.1512    34.1559     7.6700     7.4012    -0.2688    27.4581    27.4618         10  0.000e+00
      25641 309.387400  -62.30810  -58.54616      0.101    1447.29      2.398      2.375    -0.8099    -0.8091     0.0008    -0.8100    -0.8092     0.0008   2.771843   2.772218   0.000375    34.1504    34.1546     7.6698     7.4013    -0.2685    27.4574    27.4608         10  0.000e+00
      25642 309.387400  -62.30810  -58.54616      0.103    1447.29      2.398      2.375    -0.8104    -0.8096     0.0008    -0.8105    -0.8096     0.0008   2.771735   2.772213   0.000477    34.1495    34.1550     7.6699     7.4014    -0.2684    27.4567    27.4611         10  0.000e+00
      25643 309.387401  -62.30810  -58.54616      0.101    1447.29      2.398      2.375    -0.8115    -0.8096     0.0019    -0.8116    -0.8096     0.0019   2.771622   2.772276   0.000654    34.1492    34.1559     7.6701     7.4015    -0.2686    27.4565    27.4618         10  0.000e+00
      25644 309.387401  -62.30810  -58.54616      0.102    1447.29      2.398      2.375    -0.8118    -0.8085     0.0033    -0.8119    -0.8085     0.0033   2.771562   2.772356   0.000794    34.1487    34.1557     7.6650     7.4013    -0.2637    27.4561    27.4617         10  0.000e+00
      25645 309.387402  -62.30810  -58.54616      0.099    1447.29      2.398      2.375    -0.8127    -0.8082     0.0045    -0.8128    -0.8083     0.0045   2.771466   2.772339   0.000872    34.1485    34.1552     7.6696     7.4013    -0.2684    27.4560    27.4612         10  0.000e+00
      25646 309.387402  -62.30810  -58.54616      0.093    1447.29      2.350      2.328    -0.8141    -0.8085     0.0056    -0.8142    -0.8085     0.0056   2.771425   2.772379   0.000955    34.1495    34.1561     7.6691     7.3954    -0.2737    27.4569    27.4620         10  0.000e+00
      25647 309.387403  -62.30810  -58.54616      0.092    1447.29      2.398      2.375    -0.8151    -0.8082     0.0069    -0.8151    -0.8083     0.0069   2.771454   2.772402   0.000948    34.1510    34.1560     7.6686     7.4002    -0.2683    27.4581    27.4619         10  0.000e+00
      25648 309.387403  -62.30810  -58.54616      0.090    1447.29      2.364      2.341    -0.8151    -0.8079     0.0072    -0.8151    -0.8079     0.0072   2.771466   2.772385   0.000918    34.1511    34.1555     7.6686     7.4002    -0.2683    27.4582    27.4615         10  0.000e+00
      25649 309.387404  -62.30810  -58.54616      0.086    1447.29      2.398      2.375    -0.8141    -0.8087     0.0055    -0.8142    -0.8087     0.0055   2.771508   2.772339   0.000831    34.1506    34.1557     7.6685     7.4005    -0.2680    27.4578    27.4617         10  0.000e+00
      25650 309.387404  -62.30810  -58.54616      0.085    1447.29      2.398      2.375    -0.8133    -0.8093     0.0040    -0.8134    -0.8093     0.0040   2.771502   2.772224   0.000722    34.1496    34.1549     7.6685     7.4008    -0.2677    27.4569    27.4610         10  0.000e+00
      25651 309.387405  -62.30810  -58.54616      0.080    1447.29      2.350      2.328    -0.8133    -0.8102     0.0031    -0.8134    -0.8103     0.0031   2.771514   2.772132   0.000618    34.1498    34.1547     7.6686     7.4011    -0.2675    27.4571    27.4609         10  0.000e+00
      25652 309.387405  -62.30810  -58.54616      0.075    1447.29      2.350      2.328    -0.8135    -0.8105     0.0030    -0.8136    -0.8106     0.0030   2.771478   2.772098   0.000619    34.1495    34.1545     7.6689     7.3954    -0.2735    27.4569    27.4608         10  0.000e+00
      25653 309.387405  -62.30810  -58.54616      0.070    1447.29      2.350      2.328    -0.8137    -0.8110     0.0027    -0.8137    -0.8110     0.0027   2.771431   2.772012   0.000581    34.1491    34.1539     7.6692     7.4004    -0.2688    27.4565    27.4603         10  0.000e+00
      25654 309.387406  -62.30810  -58.54616      0.065    1447.29      2.350      2.328    -0.8140    -0.8116     0.0024    -0.8140    -0.8116     0.0024   2.771419   2.771989   0.000570    34.1492    34.1543     7.6695     7.4065    -0.2629    27.4566    27.4606         10  0.000e+00
      25655 309.387406  -62.30810  -58.54616      0.059    1447.29      2.350      2.328    -0.8135    -0.8111     0.0024    -0.8136    -0.8112     0.0024   2.771472   2.771989   0.000516    34.1494    34.1538     7.6696     7.4077    -0.2619    27.4568    27.4602         10  0.000e+00
      25656 309.387407  -62.30810  -58.54616      0.053    1447.29      2.350      2.328    -0.8130    -0.8114     0.0016    -0.8131    -0.8115     0.0016   2.771514   2.772040   0.000526    34.1495    34.1548     7.6690     7.4030    -0.2660    27.4568    27.4611         10  0.000e+00
      25657 309.387407  -62.30810  -58.54616      0.047    1447.29      2.350      2.328    -0.8121    -0.8114     0.0007    -0.8122    -0.8114     0.0007   2.771598   2.772006   0.000408    34.1496    34.1543     7.6691     7.4031    -0.2660    27.4568    27.4606         10  0.000e+00
      25658 309.387408  -62.30810  -58.54616      0.039    1447.29      2.316      2.294    -0.8118    -0.8113     0.0005    -0.8119    -0.8113     0.0005   2.771664   2.771989   0.000325    34.1502    34.1540     7.6634     7.4031    -0.2603    27.4573    27.4604         10  0.000e+00
      25659 309.387408  -62.30810  -58.54616      0.033    1447.29      2.296      2.273    -0.8115    -0.8108     0.0007    -0.8116    -0.8109     0.0007   2.771640   2.772006   0.000366    34.1495    34.1537     7.6673     7.4030    -0.2643    27.4568    27.4601         10  0.000e+00
      25660 309.387409  -62.30810  -58.54616      0.029    1447.29      2.350      2.328    -0.8116    -0.8111     0.0005    -0.8117    -0.8112     0.0005   2.771544   2.771994   0.000450    34.1483    34.1539     7.6670     7.4032    -0.2638    27.4558    27.4603         10  0.000e+00
      25661 309.387409  -62.30810  -58.54616      0.019    1447.29      2.296      2.273    -0.8129    -0.8116     0.0013    -0.8130    -0.8116     0.0013   2.771460   2.771989   0.000528    34.1487    34.1543     7.6625     7.4045    -0.2580    27.4561    27.4607         10  0.000e+00
      25662 309.387410  -62.30810  -58.54616      0.012    1447.29      2.296      2.273    -0.8135    -0.8113     0.0022    -0.8135    -0.8113     0.0022   2.771383   2.772023   0.000640    34.1483    34.1544     7.6667     7.4045    -0.2622    27.4558    27.4607         10  0.000e+00
      25663 309.387410  -62.30810  -58.54616      0.002    1447.29      2.248      2.226    -0.8144    -0.8108     0.0036    -0.8145    -0.8109     0.0036   2.771365   2.772017   0.000652    34.1491    34.1539     7.6673     7.4045    -0.2628    27.4566    27.4603         10  0.000e+00
      25664 309.387411  -62.30810  -58.54616     -0.005    1447.29      2.296      2.273    -0.8146    -0.8117     0.0028    -0.8147    -0.8118     0.0028   2.771401   2.771971   0.000571    34.1498    34.1543     7.6678     7.4048    -0.2630    27.4571    27.4606         10  0.000e+00
      25665 309.387411  -62.30810  -58.54616     -0.018    1447.29      2.248      2.226    -0.8142    -0.8110     0.0033    -0.8143    -0.8110     0.0033   2.771454   2.771994   0.000540    34.1501    34.1537     7.6682     7.4047    -0.2634    27.4574    27.4602         10  0.000e+00
      25666 309.387412  -62.30810  -58.54616     -0.024    1447.29      2.248      2.226    -0.8132    -0.8108     0.0024    -0.8133    -0.8109     0.0024   2.771484   2.772069   0.000585    34.1493    34.1546     7.6633     7.4047    -0.2586    27.4567    27.4608         10  0.000e+00
      25667 309.387412  -62.30810  -58.54616     -0.037    1447.29      2.165      2.145    -0.8127    -0.8107     0.0021    -0.8128    -0.8107     0.0021   2.771532   2.772052   0.000520    34.1495    34.1542     7.6673     7.4047    -0.2626    27.4568    27.4606         10  0.000e+00
      25668 309.387413  -62.30810  -58.54616     -0.040    1447.29      2.350      2.328    -0.8124    -0.8110     0.0015    -0.8125    -0.8110     0.0015   2.771526   2.772057   0.000531    34.1490    34.1545     7.6673     7.4051    -0.2622    27.4564    27.4608         10  0.000e+00
      25669 309.387413  -62.30810  -58.54616     -0.049    1447.29      2.248      2.226    -0.8127    -0.8104     0.0024    -0.8128    -0.8104     0.0024   2.771538   2.772063   0.000525    34.1495    34.1540     7.6670     7.4049    -0.2621    27.4568    27.4603         10  0.000e+00
      25670 309.387414  -62.30810  -58.54616     -0.059    1447.29      2.193      2.172    -0.8124    -0.8105     0.0019    -0.8125    -0.8106     0.0019   2.771544   2.772063   0.000519    34.1493    34.1542     7.6727     7.4050    -0.2677    27.4567    27.4605         10  0.000e+00
      25671 309.387414  -62.30810  -58.54616     -0.064    1447.29      2.248      2.226    -0.8121    -0.8104     0.0017    -0.8122    -0.8104     0.0017   2.771568   2.772080   0.000512    34.1492    34.1542     7.6689     7.4051    -0.2638    27.4566    27.4605         10  0.000e+00
      25672 309.387415  -62.30810  -58.54616     -0.072    1447.29      2.193      2.172    -0.8121    -0.8104     0.0017    -0.8122    -0.8104     0.0017   2.771574   2.772092   0.000518    34.1493    34.1544     7.6687     7.4052    -0.2635    27.4567    27.4607         10  0.000e+00
      25673 309.387415  -62.30810  -58.54616     -0.084    1447.29      2.193      2.172    -0.8123    -0.8105     0.0018    -0.8123    -0.8106     0.0018   2.771556   2.772126   0.000570    34.1493    34.1550     7.6694     7.4053    -0.2641    27.4566    27.4612         10  0.000e+00
      25674 309.387416  -62.30810  -58.54616     -0.089    1447.29      2.193      2.172    -0.8123    -0.8104     0.0018    -0.8123    -0.8105     0.0018   2.771544   2.772103   0.000559    34.1491    34.1547     7.6701     7.4054    -0.2647    27.4565    27.4609         10  0.000e+00
