Pos-Processados/process_op38/operantar38_009.ros
* Sea-Bird SBE 9 Data File:
* FileName = D:\OPERANTAR_XXXVIII\DADOS\OP38_009.hdr
* Software Version Seasave V 7.18c
* Temperature SN = 4808
* Conductivity SN = 3380
* Number of Bytes Per Scan = 31
* Number of Voltage Words = 2
* Number of Scans Averaged by the Deck Unit = 1
* NMEA Latitude = 44 15.92 S
* NMEA Longitude = 052 42.25 W
* NMEA UTC (Time) = Oct 20 2019 07:17:42
** H41
** NAVIO POLAR ALMIRANTE MAXIMIANO
** CRUZEIRO:
** OPERANTAR XXXVIII
** ESTAÇÃO: OP38_009
** LAT 44º 15,92'S
** LONG 052º 42,27'W
** 09P73767-1155
** PROFUNDIDADE: 5806
** DATA/HORA: 200718Z/OUT/19
** OPERADOR: CTTECCHIO
# nquan = 24
# nvalues = 2170                                  
# units = specified
# name 0 = scan: Scan Count
# name 1 = timeJ: Julian Days
# name 2 = latitude: Latitude [deg]
# name 3 = longitude: Longitude [deg]
# name 4 = dz/dtM: Descent Rate [m/s]
# name 5 = avgsvCM: Average Sound Velocity [Chen-Millero, m/s]
# name 6 = prDM: Pressure, Digiquartz [db]
# name 7 = depSM: Depth [salt water, m]
# name 8 = t090C: Temperature [ITS-90, deg C]
# name 9 = t190C: Temperature, 2 [ITS-90, deg C]
# name 10 = T2-T190C: Temperature Difference, 2 - 1 [ITS-90, deg C]
# name 11 = potemp090C: Potential Temperature [ITS-90, deg C]
# name 12 = potemp190C: Potential Temperature, 2 [ITS-90, deg C]
# name 13 = potemp90Cdiff: Potential Temperature, Diff, 2 - 1 [ITS-90, deg C]
# name 14 = c0S/m: Conductivity [S/m]
# name 15 = c1S/m: Conductivity, 2 [S/m]
# name 16 = C2-C1S/m: Conductivity Difference, 2 - 1 [S/m]
# name 17 = sal00: Salinity, Practical [PSU]
# name 18 = sal11: Salinity, Practical, 2 [PSU]
# name 19 = sbeox0ML/L: Oxygen, SBE 43 [ml/l]
# name 20 = sigma-é00: Density [sigma-theta, kg/m^3]
# name 21 = sigma-é11: Density, 2 [sigma-theta, kg/m^3]
# name 22 = nbf: Bottles Fired
# name 23 = flag:  0.000e+00
# interval = seconds: 0.0416667
# start_time = Oct 20 2019 07:17:42 [NMEA time, header]
# bad_flag = -9.990e-29
*END*
[from data line 302]
      59280 293.332546  -44.26540  -52.70418      0.098    1497.43     21.645     21.470    14.1146    14.1149     0.0004    14.1114    14.1118     0.0004   4.275177   4.275930   0.000753    35.6455    35.6521     5.2585    26.6625    26.6676          2  0.000e+00
      59281 293.332546  -44.26540  -52.70418      0.097    1497.43     21.659     21.483    14.1146    14.1146     0.0000    14.1114    14.1114     0.0000   4.275191   4.275841   0.000650    35.6456    35.6516     5.2589    26.6626    26.6673          2  0.000e+00
      59282 293.332547  -44.26540  -52.70418      0.096    1497.43     21.700     21.524    14.1147    14.1141    -0.0006    14.1115    14.1109    -0.0006   4.275191   4.275807   0.000616    35.6454    35.6518     5.2627    26.6625    26.6675          2  0.000e+00
      59283 293.332547  -44.26540  -52.70418      0.090    1497.43     21.611     21.436    14.1144    14.1141    -0.0003    14.1112    14.1109    -0.0003   4.275127   4.275746   0.000619    35.6452    35.6512     5.2601    26.6623    26.6671          2  0.000e+00
      59284 293.332548  -44.26540  -52.70418      0.089    1497.43     21.645     21.470    14.1144    14.1139    -0.0005    14.1112    14.1108    -0.0005   4.275170   4.275760   0.000590    35.6456    35.6515     5.2635    26.6626    26.6673          2  0.000e+00
      59285 293.332548  -44.26540  -52.70418      0.087    1497.43     21.713     21.538    14.1141    14.1141     0.0000    14.1109    14.1109     0.0000   4.275078   4.275739   0.000661    35.6450    35.6511     5.2640    26.6622    26.6670          2  0.000e+00
      59286 293.332549  -44.26540  -52.70418      0.085    1497.43     21.645     21.470    14.1137    14.1139     0.0002    14.1105    14.1108     0.0002   4.274979   4.275753   0.000774    35.6444    35.6514     5.2644    26.6619    26.6673          2  0.000e+00
      59287 293.332549  -44.26540  -52.70418      0.083    1497.43     21.659     21.483    14.1132    14.1134     0.0002    14.1100    14.1102     0.0002   4.274965   4.275658   0.000693    35.6448    35.6510     5.2648    26.6623    26.6671          2  0.000e+00
      59288 293.332550  -44.26540  -52.70418      0.083    1497.43     21.700     21.524    14.1130    14.1131     0.0000    14.1099    14.1099     0.0000   4.274943   4.275542   0.000599    35.6447    35.6502     5.2655    26.6622    26.6665          2  0.000e+00
      59289 293.332550  -44.26540  -52.70418      0.080    1497.43     21.659     21.483    14.1125    14.1126     0.0000    14.1094    14.1094     0.0000   4.274873   4.275535   0.000663    35.6445    35.6507     5.2659    26.6622    26.6669          2  0.000e+00
      59290 293.332551  -44.26540  -52.70418      0.073    1497.43     21.645     21.470    14.1120    14.1126     0.0006    14.1088    14.1094     0.0006   4.274858   4.275549   0.000690    35.6449    35.6508     5.2662    26.6626    26.6670          2  0.000e+00
      59291 293.332551  -44.26540  -52.70418      0.073    1497.43     21.659     21.483    14.1120    14.1122     0.0002    14.1089    14.1091     0.0002   4.274880   4.275549   0.000669    35.6450    35.6511     5.2665    26.6627    26.6674          2  0.000e+00
      59292 293.332552  -44.26540  -52.70418      0.068    1497.43     21.645     21.470    14.1116    14.1126     0.0009    14.1085    14.1094     0.0009   4.274866   4.275522   0.000656    35.6453    35.6505     5.2668    26.6630    26.6669          2  0.000e+00
      59293 293.332552  -44.26540  -52.70418      0.070    1497.43     21.713     21.538    14.1118    14.1127     0.0009    14.1087    14.1096     0.0009   4.274858   4.275535   0.000677    35.6450    35.6505     5.2668    26.6627    26.6668          2  0.000e+00
      59294 293.332553  -44.26540  -52.70418      0.065    1497.43     21.645     21.470    14.1116    14.1120     0.0004    14.1085    14.1089     0.0004   4.274858   4.275488   0.000629    35.6452    35.6507     5.2670    26.6629    26.6671          2  0.000e+00
      59295 293.332553  -44.26540  -52.70418      0.063    1497.43     21.659     21.483    14.1115    14.1122     0.0007    14.1084    14.1091     0.0007   4.274858   4.275501   0.000643    35.6453    35.6507     5.2672    26.6630    26.6670          2  0.000e+00
      59296 293.332554  -44.26540  -52.70418      0.063    1497.43     21.700     21.524    14.1113    14.1122     0.0009    14.1082    14.1091     0.0009   4.274858   4.275535   0.000677    35.6455    35.6510     5.2674    26.6632    26.6672          2  0.000e+00
      59297 293.332554  -44.26540  -52.70418      0.060    1497.43     21.645     21.470    14.1116    14.1122     0.0006    14.1085    14.1091     0.0006   4.274830   4.275549   0.000719    35.6449    35.6511     5.2672    26.6627    26.6674          2  0.000e+00
      59298 293.332554  -44.26540  -52.70418      0.058    1497.43     21.713     21.538    14.1115    14.1129     0.0014    14.1083    14.1097     0.0014   4.274823   4.275569   0.000746    35.6450    35.6506     5.2671    26.6628    26.6669          2  0.000e+00
      59299 293.332555  -44.26540  -52.70418      0.053    1497.43     21.645     21.470    14.1116    14.1127     0.0011    14.1085    14.1096     0.0011   4.274873   4.275583   0.000710    35.6453    35.6510     5.2703    26.6630    26.6671          2  0.000e+00
      59300 293.332555  -44.26540  -52.70418      0.050    1497.43     21.659     21.483    14.1118    14.1124     0.0005    14.1087    14.1092     0.0005   4.274887   4.275528   0.000642    35.6453    35.6508     5.2704    26.6629    26.6671          2  0.000e+00
      59301 293.332556  -44.26540  -52.70418      0.052    1497.43     21.700     21.524    14.1118    14.1120     0.0002    14.1087    14.1089     0.0002   4.274866   4.275515   0.000649    35.6451    35.6509     5.2707    26.6628    26.6673          2  0.000e+00
      59302 293.332556  -44.26540  -52.70418      0.048    1497.43     21.659     21.483    14.1120    14.1115    -0.0005    14.1089    14.1084    -0.0005   4.274915   4.275535   0.000620    35.6454    35.6516     5.2708    26.6630    26.6679          2  0.000e+00
      59303 293.332557  -44.26540  -52.70418      0.046    1497.43     21.645     21.470    14.1123    14.1120    -0.0003    14.1092    14.1089    -0.0003   4.274986   4.275569   0.000583    35.6457    35.6515     5.2677    26.6632    26.6677          2  0.000e+00
      59304 293.332557  -44.26540  -52.70418      0.045    1497.43     21.713     21.538    14.1123    14.1122    -0.0001    14.1092    14.1091    -0.0001   4.275007   4.275610   0.000603    35.6459    35.6517     5.2709    26.6633    26.6678          2  0.000e+00
      59305 293.332558  -44.26540  -52.70418      0.040    1497.43     21.645     21.470    14.1127    14.1126    -0.0001    14.1095    14.1094    -0.0001   4.274979   4.275644   0.000665    35.6454    35.6517     5.2678    26.6628    26.6677          2  0.000e+00
      59306 293.332558  -44.26540  -52.70418      0.038    1497.43     21.659     21.483    14.1127    14.1117    -0.0010    14.1095    14.1085    -0.0010   4.274972   4.275597   0.000625    35.6453    35.6520     5.2709    26.6628    26.6682          2  0.000e+00
      59307 293.332559  -44.26540  -52.70418      0.038    1497.43     21.700     21.524    14.1122    14.1120    -0.0001    14.1090    14.1089    -0.0001   4.274908   4.275583   0.000675    35.6452    35.6516     5.2708    26.6628    26.6678          2  0.000e+00
      59308 293.332559  -44.26540  -52.70418      0.037    1497.43     21.659     21.483    14.1123    14.1119    -0.0005    14.1092    14.1087    -0.0005   4.274922   4.275583   0.000661    35.6451    35.6517     5.2708    26.6627    26.6679          2  0.000e+00
      59309 293.332560  -44.26540  -52.70418      0.036    1497.43     21.700     21.524    14.1122    14.1112    -0.0010    14.1090    14.1080    -0.0010   4.274936   4.275556   0.000619    35.6454    35.6521     5.2708    26.6630    26.6683          2  0.000e+00
      59310 293.332560  -44.26540  -52.70418      0.034    1497.43     21.659     21.483    14.1123    14.1120    -0.0003    14.1092    14.1089    -0.0003   4.274986   4.275522   0.000536    35.6457    35.6510     5.2707    26.6632    26.6673          2  0.000e+00
      59311 293.332561  -44.26540  -52.70418      0.033    1497.43     21.700     21.524    14.1122    14.1117    -0.0005    14.1090    14.1085    -0.0005   4.274979   4.275515   0.000536    35.6458    35.6513     5.2707    26.6633    26.6676          2  0.000e+00
      59312 293.332561  -44.26540  -52.70418      0.031    1497.43     21.659     21.483    14.1120    14.1120     0.0001    14.1088    14.1089     0.0001   4.274858   4.275535   0.000677    35.6449    35.6511     5.2707    26.6626    26.6674          2  0.000e+00
      59313 293.332562  -44.26540  -52.70418      0.027    1497.43     21.645     21.470    14.1118    14.1117    -0.0001    14.1087    14.1086    -0.0001   4.274844   4.275488   0.000643    35.6449    35.6510     5.2706    26.6626    26.6674          2  0.000e+00
      59314 293.332562  -44.26540  -52.70418      0.024    1497.43     21.659     21.483    14.1116    14.1119     0.0002    14.1085    14.1087     0.0002   4.274802   4.275474   0.000672    35.6447    35.6507     5.2704    26.6625    26.6671          2  0.000e+00
      59315 293.332563  -44.26540  -52.70418      0.026    1497.43     21.700     21.524    14.1116    14.1117     0.0000    14.1085    14.1085     0.0000   4.274788   4.275495   0.000707    35.6445    35.6511     5.2703    26.6624    26.6674          2  0.000e+00
      59316 293.332563  -44.26540  -52.70418      0.020    1497.43     21.659     21.483    14.1116    14.1117     0.0000    14.1085    14.1085     0.0000   4.274788   4.275508   0.000720    35.6445    35.6512     5.2700    26.6624    26.6675          2  0.000e+00
      59317 293.332564  -44.26540  -52.70418      0.021    1497.43     21.700     21.524    14.1115    14.1119     0.0004    14.1084    14.1087     0.0004   4.274809   4.275535   0.000726    35.6448    35.6513     5.2698    26.6627    26.6676          2  0.000e+00
      59318 293.332564  -44.26540  -52.70418      0.020    1497.43     21.659     21.483    14.1115    14.1115     0.0000    14.1084    14.1084     0.0000   4.274795   4.275515   0.000720    35.6447    35.6514     5.2695    26.6626    26.6677          2  0.000e+00
      59319 293.332565  -44.26540  -52.70418      0.015    1497.43     21.645     21.470    14.1115    14.1120     0.0006    14.1083    14.1089     0.0006   4.274809   4.275508   0.000699    35.6449    35.6509     5.2724    26.6627    26.6672          2  0.000e+00
      59320 293.332565  -44.26540  -52.70418      0.012    1497.43     21.659     21.483    14.1116    14.1119     0.0002    14.1085    14.1087     0.0002   4.274795   4.275515   0.000720    35.6446    35.6511     5.2726    26.6624    26.6674          2  0.000e+00
      59321 293.332566  -44.26540  -52.70418      0.013    1497.43     21.700     21.524    14.1115    14.1120     0.0005    14.1084    14.1089     0.0005   4.274788   4.275563   0.000775    35.6446    35.6514     5.2728    26.6625    26.6676          2  0.000e+00
      59322 293.332566  -44.26540  -52.70418      0.012    1497.43     21.659     21.483    14.1116    14.1117     0.0000    14.1085    14.1085     0.0000   4.274809   4.275529   0.000720    35.6447    35.6514     5.2726    26.6626    26.6677          2  0.000e+00
      59323 293.332567  -44.26540  -52.70418      0.010    1497.43     21.645     21.470    14.1116    14.1117     0.0000    14.1085    14.1086     0.0000   4.274795   4.275515   0.000720    35.6446    35.6513     5.2694    26.6625    26.6676          2  0.000e+00
      59324 293.332567  -44.26540  -52.70418      0.009    1497.43     21.659     21.483    14.1113    14.1119     0.0006    14.1082    14.1087     0.0006   4.274809   4.275508   0.000699    35.6450    35.6510     5.2724    26.6629    26.6674          2  0.000e+00
      59325 293.332568  -44.26540  -52.70418      0.010    1497.43     21.700     21.524    14.1116    14.1120     0.0004    14.1085    14.1089     0.0004   4.274766   4.275563   0.000796    35.6443    35.6514     5.2692    26.6622    26.6676          2  0.000e+00
      59326 293.332568  -44.26540  -52.70418      0.003    1497.43     21.611     21.436    14.1115    14.1119     0.0004    14.1084    14.1087     0.0004   4.274773   4.275501   0.000728    35.6445    35.6510     5.2721    26.6624    26.6673          2  0.000e+00
      59327 293.332568  -44.26540  -52.70418      0.000    1497.43     21.645     21.470    14.1116    14.1119     0.0002    14.1085    14.1087     0.0002   4.274788   4.275528   0.000741    35.6445    35.6512     5.2721    26.6624    26.6675          2  0.000e+00
      59328 293.332569  -44.26540  -52.70418     -0.001    1497.43     21.659     21.483    14.1116    14.1122     0.0006    14.1085    14.1091     0.0006   4.274809   4.275515   0.000706    35.6447    35.6508     5.2688    26.6626    26.6671          2  0.000e+00
      59329 293.332569  -44.26540  -52.70418     -0.003    1497.43     21.645     21.470    14.1115    14.1115     0.0000    14.1084    14.1084     0.0000   4.274795   4.275508   0.000713    35.6447    35.6514     5.2684    26.6626    26.6677          2  0.000e+00
      59330 293.332570  -44.26540  -52.70418     -0.007    1497.43     21.611     21.436    14.1115    14.1114    -0.0001    14.1083    14.1082    -0.0001   4.274809   4.275515   0.000706    35.6449    35.6516     5.2680    26.6627    26.6679          2  0.000e+00
      59331 293.332570  -44.26540  -52.70418     -0.006    1497.43     21.645     21.470    14.1116    14.1122     0.0006    14.1085    14.1091     0.0006   4.274795   4.275535   0.000741    35.6446    35.6510     5.2679    26.6625    26.6673          2  0.000e+00
      59332 293.332571  -44.26540  -52.70418     -0.010    1497.43     21.659     21.483    14.1115    14.1119     0.0004    14.1084    14.1087     0.0004   4.274788   4.275522   0.000734    35.6447    35.6512     5.2675    26.6625    26.6675          2  0.000e+00
      59333 293.332571  -44.26540  -52.70418     -0.012    1497.43     21.645     21.470    14.1118    14.1120     0.0002    14.1087    14.1089     0.0002   4.274788   4.275535   0.000748    35.6444    35.6512     5.2673    26.6622    26.6674          2  0.000e+00
      59334 293.332572  -44.26540  -52.70418     -0.012    1497.43     21.611     21.436    14.1115    14.1119     0.0004    14.1083    14.1087     0.0004   4.274809   4.275569   0.000760    35.6449    35.6516     5.2639    26.6627    26.6678          2  0.000e+00
      59335 293.332572  -44.26540  -52.70418     -0.015    1497.43     21.645     21.470    14.1118    14.1122     0.0004    14.1087    14.1091     0.0004   4.274823   4.275583   0.000760    35.6447    35.6514     5.2634    26.6625    26.6676          2  0.000e+00
      59336 293.332573  -44.26540  -52.70418     -0.018    1497.43     21.611     21.436    14.1118    14.1120     0.0002    14.1087    14.1089     0.0002   4.274844   4.275583   0.000739    35.6449    35.6516     5.2629    26.6626    26.6678          2  0.000e+00
      59337 293.332573  -44.26540  -52.70418     -0.017    1497.43     21.645     21.470    14.1118    14.1126     0.0007    14.1087    14.1094     0.0007   4.274858   4.275522   0.000663    35.6450    35.6505     5.2658    26.6627    26.6669          2  0.000e+00
      59338 293.332574  -44.26540  -52.70418     -0.017    1497.43     21.659     21.483    14.1120    14.1119    -0.0001    14.1089    14.1087    -0.0001   4.274880   4.275508   0.000628    35.6450    35.6510     5.2623    26.6627    26.6674          2  0.000e+00
      59339 293.332574  -44.26540  -52.70418     -0.019    1497.43     21.645     21.470    14.1122    14.1117    -0.0005    14.1090    14.1086    -0.0005   4.274866   4.275515   0.000649    35.6448    35.6513     5.2651    26.6625    26.6676          2  0.000e+00
