Pos-Processados/process_op38/operantar38_013b.ros
* Sea-Bird SBE 9 Data File:
* FileName = D:\OPERANTAR_XXXVIII\DADOS\OP38_013b.hdr
* Software Version Seasave V 7.18c
* Temperature SN = 4808
* Conductivity SN = 3380
* Number of Bytes Per Scan = 34
* Number of Voltage Words = 3
* Number of Scans Averaged by the Deck Unit = 1
* NMEA Latitude = 62 08.60 S
* NMEA Longitude = 058 24.70 W
* NMEA UTC (Time) = Nov 05 2019 03:39:39
** H41
** NAVIO POLAR ALMIRANTE MAXIMIANO
** CRUZEIRO:
** OPERANTAR XXXVIII
** ESTAÇÃO: OP38_013b
** LAT 62 08,60' S
** LONG 058 24,70' W
** 09P73767-1155_A
** PROFUNDIDADE: 420
** DATA/HORA: 050340Z/NOV/2019
** OPERADOR: SO-HN CHAVES
# nquan = 27
# nvalues = 1802                                  
# units = specified
# name 0 = scan: Scan Count
# name 1 = timeJ: Julian Days
# name 2 = latitude: Latitude [deg]
# name 3 = longitude: Longitude [deg]
# name 4 = dz/dtM: Descent Rate [m/s]
# name 5 = avgsvCM: Average Sound Velocity [Chen-Millero, m/s]
# name 6 = prDM: Pressure, Digiquartz [db]
# name 7 = depSM: Depth [salt water, m]
# name 8 = t090C: Temperature [ITS-90, deg C]
# name 9 = t190C: Temperature, 2 [ITS-90, deg C]
# name 10 = T2-T190C: Temperature Difference, 2 - 1 [ITS-90, deg C]
# name 11 = potemp090C: Potential Temperature [ITS-90, deg C]
# name 12 = potemp190C: Potential Temperature, 2 [ITS-90, deg C]
# name 13 = potemp90Cdiff: Potential Temperature, Diff, 2 - 1 [ITS-90, deg C]
# name 14 = c0S/m: Conductivity [S/m]
# name 15 = c1S/m: Conductivity, 2 [S/m]
# name 16 = C2-C1S/m: Conductivity Difference, 2 - 1 [S/m]
# name 17 = sal00: Salinity, Practical [PSU]
# name 18 = sal11: Salinity, Practical, 2 [PSU]
# name 19 = sbeox0ML/L: Oxygen, SBE 43 [ml/l]
# name 20 = sigma-é00: Density [sigma-theta, kg/m^3]
# name 21 = sigma-é11: Density, 2 [sigma-theta, kg/m^3]
# name 22 = sbox0Mm/Kg: Oxygen, SBE 43 [umol/kg]
# name 23 = oxsolMm/Kg: Oxygen Saturation, Garcia & Gordon [umol/kg]
# name 24 = oxsatMm/Kg: Oxygen Saturation, Weiss [umol/kg]
# name 25 = nbf: Bottles Fired
# name 26 = flag:  0.000e+00
# interval = seconds: 0.0416667
# start_time = Nov 05 2019 03:39:39 [NMEA time, header]
# bad_flag = -9.990e-29
*END*
[from data line 537]
       4417 309.154664  -62.14340  -58.41182     -0.076       0.00      1.720      1.703    -0.6801    -0.6726     0.0075    -0.6802    -0.6726     0.0075   2.783210   2.783862   0.000652    34.1578    34.1581     7.5996    27.4581    27.4580    330.329  356.55140  358.16676          4  0.000e+00
       4418 309.154665  -62.14340  -58.41182     -0.089       0.00      1.672      1.656    -0.6764    -0.6735     0.0029    -0.6764    -0.6736     0.0029   2.783480   2.783759   0.000279    34.1573    34.1578     7.5987    27.4575    27.4578    330.288  356.51790  358.13243          4  0.000e+00
       4419 309.154665  -62.14340  -58.41182     -0.098       0.00      1.720      1.703    -0.6750    -0.6736     0.0013    -0.6750    -0.6737     0.0013   2.783569   2.783908   0.000339    34.1569    34.1600     7.5984    27.4572    27.4596    330.274  356.50588  358.12008          4  0.000e+00
       4420 309.154666  -62.14340  -58.41182     -0.106       0.00      1.672      1.656    -0.6738    -0.6731     0.0007    -0.6738    -0.6731     0.0007   2.783605   2.783954   0.000349    34.1561    34.1600     7.5980    27.4564    27.4596    330.259  356.49682  358.11071          4  0.000e+00
       4421 309.154666  -62.14340  -58.41182     -0.115       0.00      1.692      1.676    -0.6724    -0.6743    -0.0019    -0.6724    -0.6743    -0.0019   2.783665   2.783943   0.000278    34.1553    34.1612     7.5977    27.4557    27.4606    330.245  356.48588  358.09944          4  0.000e+00
       4422 309.154667  -62.14340  -58.41182     -0.125       0.00      1.672      1.656    -0.6724    -0.6729    -0.0005    -0.6724    -0.6729    -0.0005   2.783599   2.784064   0.000464    34.1544    34.1612     7.5976    27.4550    27.4606    330.244  356.48833  358.10184          4  0.000e+00
       4423 309.154667  -62.14340  -58.41182     -0.134       0.00      1.624      1.608    -0.6744    -0.6714     0.0030    -0.6744    -0.6714     0.0030   2.783402   2.784161   0.000760    34.1540    34.1609     7.5980    27.4548    27.4602    330.260  356.50806  358.12197          4  0.000e+00
       4424 309.154668  -62.14340  -58.41182     -0.142       0.00      1.672      1.656    -0.6752    -0.6703     0.0049    -0.6752    -0.6703     0.0049   2.783228   2.784184   0.000956    34.1525    34.1599     7.5983    27.4536    27.4594    330.271  356.51979  358.13379          4  0.000e+00
       4425 309.154668  -62.14340  -58.41182     -0.150       0.00      1.624      1.608    -0.6761    -0.6706     0.0055    -0.6761    -0.6706     0.0055   2.783210   2.784081   0.000871    34.1534    34.1589     7.5983    27.4543    27.4586    330.274  356.52620  358.14044          4  0.000e+00
       4426 309.154669  -62.14340  -58.41182     -0.157       0.00      1.624      1.608    -0.6753    -0.6732     0.0021    -0.6753    -0.6732     0.0021   2.783270   2.783770   0.000500    34.1533    34.1577     7.5981    27.4542    27.4577    330.263  356.51885  358.13292          4  0.000e+00
       4427 309.154669  -62.14340  -58.41182     -0.163       0.00      1.624      1.608    -0.6756    -0.6777    -0.0020    -0.6757    -0.6777    -0.0020   2.783312   2.783465   0.000153    34.1542    34.1586     7.5980    27.4550    27.4586    330.261  356.51944  358.13364          4  0.000e+00
       4428 309.154670  -62.14340  -58.41182     -0.171       0.00      1.624      1.608    -0.6752    -0.6797    -0.0046    -0.6752    -0.6798    -0.0046   2.783396   2.783293  -0.000103    34.1548    34.1586     7.5978    27.4555    27.4587    330.252  356.51337  358.12750          4  0.000e+00
       4429 309.154670  -62.14340  -58.41182     -0.173       0.00      1.624      1.608    -0.6744    -0.6815    -0.0072    -0.6744    -0.6816    -0.0072   2.783462   2.783126  -0.000336    34.1548    34.1584     7.5976    27.4554    27.4586    330.241  356.50580  358.11975          4  0.000e+00
       4430 309.154671  -62.14340  -58.41182     -0.180       0.00      1.569      1.554    -0.6731    -0.6840    -0.0109    -0.6732    -0.6840    -0.0109   2.783516   2.782896  -0.000620    34.1542    34.1581     7.5972    27.4549    27.4585    330.226  356.49604  358.10970          4  0.000e+00
       4431 309.154671  -62.14340  -58.41182     -0.185       0.00      1.590      1.574    -0.6736    -0.6861    -0.0125    -0.6736    -0.6861    -0.0125   2.783492   2.782758  -0.000734    34.1544    34.1586     7.5973    27.4550    27.4590    330.228  356.49989  358.11366          4  0.000e+00
       4432 309.154672  -62.14340  -58.41182     -0.191       0.00      1.624      1.608    -0.6744    -0.6859    -0.0115    -0.6744    -0.6859    -0.0115   2.783438   2.782833  -0.000605    34.1545    34.1593     7.5974    27.4552    27.4596    330.234  356.50670  358.12064          4  0.000e+00
       4433 309.154672  -62.14340  -58.41182     -0.193       0.00      1.569      1.554    -0.6752    -0.6849    -0.0098    -0.6752    -0.6850    -0.0098   2.783312   2.782942  -0.000370    34.1537    34.1598     7.5975    27.4546    27.4599    330.239  356.51644  358.13051          4  0.000e+00
       4434 309.154673  -62.14340  -58.41182     -0.197       0.00      1.569      1.554    -0.6767    -0.6839    -0.0072    -0.6767    -0.6840    -0.0072   2.783108   2.783028  -0.000080    34.1527    34.1598     7.5979    27.4538    27.4598    330.254  356.53358  358.14791          4  0.000e+00
       4435 309.154673  -62.14340  -58.41182     -0.200       0.00      1.569      1.554    -0.6784    -0.6835    -0.0051    -0.6785    -0.6836    -0.0051   2.782917   2.783051   0.000134    34.1521    34.1597     7.6034    27.4534    27.4597    330.494  356.55172  358.16639          4  0.000e+00
       4436 309.154674  -62.14340  -58.41182     -0.205       0.00      1.521      1.507    -0.6801    -0.6831    -0.0030    -0.6801    -0.6831    -0.0030   2.782815   2.783086   0.000271    34.1526    34.1597     7.5992    27.4539    27.4597    330.313  356.56601  358.18108          4  0.000e+00
       4437 309.154674  -62.14340  -58.41182     -0.206       0.00      1.569      1.554    -0.6818    -0.6824    -0.0006    -0.6818    -0.6824    -0.0006   2.782737   2.783161   0.000423    34.1534    34.1598     7.6047    27.4546    27.4598    330.549  356.57957  358.19504          4  0.000e+00
       4438 309.154674  -62.14340  -58.41182     -0.207       0.00      1.569      1.554    -0.6827    -0.6825     0.0002    -0.6828    -0.6825     0.0002   2.782677   2.783241   0.000564    34.1537    34.1610     7.6055    27.4549    27.4608    330.586  356.58764  358.20332          4  0.000e+00
       4439 309.154675  -62.14340  -58.41182     -0.205       0.00      1.569      1.554    -0.6832    -0.6823     0.0009    -0.6832    -0.6824     0.0009   2.782665   2.783281   0.000616    34.1540    34.1614     7.6062    27.4552    27.4611    330.616  356.59100  358.20680          4  0.000e+00
       4440 309.154675  -62.14340  -58.41182     -0.206       0.00      1.590      1.574    -0.6835    -0.6808     0.0027    -0.6836    -0.6809     0.0027   2.782665   2.783368   0.000702    34.1544    34.1609     7.6017    27.4555    27.4606    330.420  356.59321  358.20911          4  0.000e+00
       4441 309.154676  -62.14340  -58.41182     -0.204       0.00      1.569      1.554    -0.6835    -0.6801     0.0034    -0.6836    -0.6802     0.0034   2.782701   2.783414   0.000712    34.1549    34.1607     7.6074    27.4559    27.4605    330.668  356.59182  358.20774          4  0.000e+00
       4442 309.154676  -62.14340  -58.41182     -0.201       0.00      1.569      1.554    -0.6827    -0.6795     0.0032    -0.6828    -0.6796     0.0032   2.782719   2.783575   0.000855    34.1542    34.1622     7.6035    27.4553    27.4616    330.498  356.58606  358.20177          4  0.000e+00
       4443 309.154677  -62.14340  -58.41182     -0.197       0.00      1.569      1.554    -0.6824    -0.6784     0.0041    -0.6825    -0.6784     0.0041   2.782761   2.783690   0.000929    34.1545    34.1624     7.6033    27.4555    27.4618    330.487  356.58265  358.19832          4  0.000e+00
       4444 309.154677  -62.14340  -58.41182     -0.196       0.00      1.569      1.554    -0.6820    -0.6764     0.0055    -0.6820    -0.6765     0.0055   2.782791   2.783828   0.001037    34.1544    34.1621     7.6030    27.4554    27.4614    330.476  356.57862  358.19418          4  0.000e+00
       4445 309.154678  -62.14340  -58.41182     -0.194       0.00      1.569      1.554    -0.6824    -0.6741     0.0083    -0.6825    -0.6742     0.0083   2.782737   2.783885   0.001148    34.1542    34.1603     7.6081    27.4552    27.4599    330.698  356.58356  358.19921          4  0.000e+00
       4446 309.154678  -62.14340  -58.41182     -0.184       0.00      1.624      1.608    -0.6826    -0.6741     0.0085    -0.6826    -0.6742     0.0085   2.782737   2.783914   0.001177    34.1543    34.1607     7.6088    27.4554    27.4601    330.727  356.58474  358.20044          4  0.000e+00
       4447 309.154679  -62.14340  -58.41182     -0.181       0.00      1.569      1.554    -0.6836    -0.6754     0.0082    -0.6837    -0.6755     0.0082   2.782743   2.783856   0.001113    34.1556    34.1614     7.6094    27.4565    27.4608    330.755  356.59096  358.20695          4  0.000e+00
       4448 309.154679  -62.14340  -58.41182     -0.173       0.00      1.569      1.554    -0.6840    -0.6771     0.0069    -0.6840    -0.6771     0.0069   2.782743   2.783759   0.001016    34.1560    34.1619     7.6100    27.4568    27.4613    330.780  356.59314  358.20922          4  0.000e+00
       4449 309.154680  -62.14340  -58.41182     -0.170       0.00      1.624      1.608    -0.6840    -0.6767     0.0073    -0.6840    -0.6768     0.0073   2.782701   2.783793   0.001092    34.1554    34.1620     7.6106    27.4563    27.4613    330.805  356.59482  358.21087          4  0.000e+00
       4450 309.154680  -62.14340  -58.41182     -0.159       0.00      1.590      1.574    -0.6836    -0.6748     0.0089    -0.6837    -0.6748     0.0089   2.782653   2.783931   0.001278    34.1544    34.1617     7.6109    27.4555    27.4610    330.822  356.59439  358.21031          4  0.000e+00
       4451 309.154681  -62.14340  -58.41182     -0.150       0.00      1.624      1.608    -0.6847    -0.6735     0.0112    -0.6848    -0.6736     0.0112   2.782498   2.783972   0.001474    34.1535    34.1607     7.6066    27.4548    27.4602    330.631  356.60724  358.22335          4  0.000e+00
       4452 309.154681  -62.14340  -58.41182     -0.140       0.00      1.624      1.608    -0.6860    -0.6729     0.0131    -0.6860    -0.6729     0.0131   2.782354   2.784029   0.001675    34.1529    34.1608     7.6065    27.4544    27.4602    330.630  356.62030  358.23665          4  0.000e+00
       4453 309.154682  -62.14340  -58.41182     -0.132       0.00      1.624      1.608    -0.6872    -0.6731     0.0142    -0.6873    -0.6731     0.0142   2.782222   2.784012   0.001789    34.1526    34.1608     7.6116    27.4542    27.4602    330.852  356.63328  358.24988          5  0.000e+00
       4454 309.154682  -62.14340  -58.41182     -0.118       0.00      1.672      1.656    -0.6891    -0.6725     0.0166    -0.6891    -0.6725     0.0166   2.782031   2.783914   0.001883    34.1521    34.1587     7.6074    27.4538    27.4585    330.667  356.65224  358.26920          5  0.000e+00
       4455 309.154683  -62.14340  -58.41182     -0.109       0.00      1.672      1.656    -0.6922    -0.6726     0.0196    -0.6922    -0.6726     0.0196   2.781821   2.783972   0.002150    34.1527    34.1596     7.6077    27.4545    27.4593    330.679  356.67942  358.29708          5  0.000e+00
       4456 309.154683  -62.14340  -58.41182     -0.094       0.00      1.672      1.656    -0.6937    -0.6717     0.0221    -0.6938    -0.6717     0.0221   2.781690   2.783937   0.002247    34.1527    34.1582     7.6128    27.4545    27.4580    330.902  356.69422  358.31221          5  0.000e+00
       4457 309.154684  -62.14340  -58.41182     -0.079       0.00      1.672      1.656    -0.6942    -0.6719     0.0223    -0.6943    -0.6720     0.0223   2.781761   2.783937   0.002176    34.1542    34.1585     7.6132    27.4558    27.4583    330.918  356.69440  358.31258          5  0.000e+00
       4458 309.154684  -62.14340  -58.41182     -0.069       0.00      1.672      1.656    -0.6945    -0.6729     0.0216    -0.6945    -0.6730     0.0216   2.781797   2.783885   0.002088    34.1550    34.1589     7.6135    27.4565    27.4586    330.933  356.69486  358.31315          5  0.000e+00
       4459 309.154685  -62.14340  -58.41182     -0.058       0.00      1.672      1.656    -0.6948    -0.6733     0.0214    -0.6948    -0.6734     0.0214   2.781797   2.783851   0.002053    34.1554    34.1589     7.6138    27.4567    27.4587    330.948  356.69667  358.31504          5  0.000e+00
       4460 309.154685  -62.14340  -58.41182     -0.040       0.00      1.740      1.724    -0.6954    -0.6746     0.0208    -0.6955    -0.6746     0.0208   2.781779   2.783759   0.001979    34.1558    34.1590     7.6091    27.4571    27.4588    330.743  356.70147  358.32000          5  0.000e+00
       4461 309.154686  -62.14340  -58.41182     -0.029       0.00      1.672      1.656    -0.6959    -0.6760     0.0199    -0.6959    -0.6760     0.0199   2.781690   2.783615   0.001925    34.1552    34.1587     7.6139    27.4566    27.4586    330.948  356.70766  358.32625          5  0.000e+00
       4462 309.154686  -62.14340  -58.41182     -0.012       0.00      1.775      1.757    -0.6971    -0.6777     0.0194    -0.6972    -0.6778     0.0194   2.781648   2.783396   0.001749    34.1559    34.1576     7.6144    27.4573    27.4579    330.973  356.71705  358.33595          5  0.000e+00
       4463 309.154687  -62.14340  -58.41182     -0.001       0.00      1.720      1.703    -0.6973    -0.6794     0.0179    -0.6973    -0.6794     0.0179   2.781600   2.783281   0.001682    34.1555    34.1580     7.6095    27.4569    27.4582    330.758  356.71986  358.33877          5  0.000e+00
       4464 309.154687  -62.14340  -58.41182      0.009       0.00      1.720      1.703    -0.6975    -0.6808     0.0167    -0.6975    -0.6808     0.0167   2.781606   2.783201   0.001595    34.1558    34.1585     7.6141    27.4572    27.4586    330.958  356.72073  358.33969          5  0.000e+00
       4465 309.154688  -62.14340  -58.41182      0.026       0.00      1.775      1.757    -0.6973    -0.6819     0.0154    -0.6973    -0.6819     0.0154   2.781630   2.783046   0.001416    34.1559    34.1576     7.6091    27.4572    27.4580    330.741  356.71882  358.33776          5  0.000e+00
       4466 309.154688  -62.14340  -58.41182      0.037       0.00      1.720      1.703    -0.6975    -0.6849     0.0125    -0.6975    -0.6850     0.0125   2.781660   2.782815   0.001156    34.1565    34.1580     7.6084    27.4578    27.4584    330.712  356.71868  358.33769          5  0.000e+00
       4467 309.154688  -62.14340  -58.41182      0.050       0.00      1.822      1.805    -0.6964    -0.6873     0.0091    -0.6964    -0.6873     0.0091   2.781743   2.782683   0.000940    34.1563    34.1587     7.6128    27.4576    27.4591    330.904  356.70879  358.32754          5  0.000e+00
       4468 309.154689  -62.14340  -58.41182      0.063       0.00      1.775      1.757    -0.6948    -0.6889     0.0059    -0.6948    -0.6889     0.0059   2.781929   2.782597   0.000668    34.1571    34.1594     7.6125    27.4581    27.4598    330.889  356.69186  358.31033          5  0.000e+00
       4469 309.154689  -62.14340  -58.41182      0.074       0.00      1.775      1.757    -0.6911    -0.6907     0.0004    -0.6911    -0.6907     0.0004   2.782198   2.782516   0.000318    34.1565    34.1604     7.6118    27.4575    27.4606    330.858  356.65842  358.27605          5  0.000e+00
