Pos-Processados/process_op38/operantar38_013b.ros
* Sea-Bird SBE 9 Data File:
* FileName = D:\OPERANTAR_XXXVIII\DADOS\OP38_013b.hdr
* Software Version Seasave V 7.18c
* Temperature SN = 4808
* Conductivity SN = 3380
* Number of Bytes Per Scan = 34
* Number of Voltage Words = 3
* Number of Scans Averaged by the Deck Unit = 1
* NMEA Latitude = 62 08.60 S
* NMEA Longitude = 058 24.70 W
* NMEA UTC (Time) = Nov 05 2019 03:39:39
** H41
** NAVIO POLAR ALMIRANTE MAXIMIANO
** CRUZEIRO:
** OPERANTAR XXXVIII
** ESTAÇÃO: OP38_013b
** LAT 62 08,60' S
** LONG 058 24,70' W
** 09P73767-1155_A
** PROFUNDIDADE: 420
** DATA/HORA: 050340Z/NOV/2019
** OPERADOR: SO-HN CHAVES
# nquan = 27
# nvalues = 1802                                  
# units = specified
# name 0 = scan: Scan Count
# name 1 = timeJ: Julian Days
# name 2 = latitude: Latitude [deg]
# name 3 = longitude: Longitude [deg]
# name 4 = dz/dtM: Descent Rate [m/s]
# name 5 = avgsvCM: Average Sound Velocity [Chen-Millero, m/s]
# name 6 = prDM: Pressure, Digiquartz [db]
# name 7 = depSM: Depth [salt water, m]
# name 8 = t090C: Temperature [ITS-90, deg C]
# name 9 = t190C: Temperature, 2 [ITS-90, deg C]
# name 10 = T2-T190C: Temperature Difference, 2 - 1 [ITS-90, deg C]
# name 11 = potemp090C: Potential Temperature [ITS-90, deg C]
# name 12 = potemp190C: Potential Temperature, 2 [ITS-90, deg C]
# name 13 = potemp90Cdiff: Potential Temperature, Diff, 2 - 1 [ITS-90, deg C]
# name 14 = c0S/m: Conductivity [S/m]
# name 15 = c1S/m: Conductivity, 2 [S/m]
# name 16 = C2-C1S/m: Conductivity Difference, 2 - 1 [S/m]
# name 17 = sal00: Salinity, Practical [PSU]
# name 18 = sal11: Salinity, Practical, 2 [PSU]
# name 19 = sbeox0ML/L: Oxygen, SBE 43 [ml/l]
# name 20 = sigma-é00: Density [sigma-theta, kg/m^3]
# name 21 = sigma-é11: Density, 2 [sigma-theta, kg/m^3]
# name 22 = sbox0Mm/Kg: Oxygen, SBE 43 [umol/kg]
# name 23 = oxsolMm/Kg: Oxygen Saturation, Garcia & Gordon [umol/kg]
# name 24 = oxsatMm/Kg: Oxygen Saturation, Weiss [umol/kg]
# name 25 = nbf: Bottles Fired
# name 26 = flag:  0.000e+00
# interval = seconds: 0.0416667
# start_time = Nov 05 2019 03:39:39 [NMEA time, header]
# bad_flag = -9.990e-29
*END*
[from data line 860]
       4740 309.154820  -62.14340  -58.41182     -0.014       0.00      1.624      1.608    -0.6766    -0.6760     0.0006    -0.6766    -0.6760     0.0006   2.782953   2.783523   0.000570    34.1504    34.1575     7.5961    27.4520    27.4576    330.177  356.53884  358.15302          6  0.000e+00
       4741 309.154821  -62.14340  -58.41182     -0.012       0.00      1.672      1.656    -0.6769    -0.6761     0.0007    -0.6769    -0.6762     0.0007   2.782935   2.783506   0.000571    34.1505    34.1574     7.5967    27.4520    27.4576    330.203  356.54141  358.15566          6  0.000e+00
       4742 309.154821  -62.14340  -58.41182     -0.007       0.00      1.672      1.656    -0.6769    -0.6762     0.0007    -0.6769    -0.6762     0.0007   2.782905   2.783534   0.000630    34.1501    34.1578     7.5972    27.4517    27.4579    330.226  356.54255  358.15677          6  0.000e+00
       4743 309.154822  -62.14340  -58.41182     -0.007       0.00      1.624      1.608    -0.6775    -0.6758     0.0017    -0.6775    -0.6759     0.0017   2.782881   2.783552   0.000671    34.1505    34.1577     7.5978    27.4521    27.4578    330.253  356.54736  358.16175          7  0.000e+00
       4744 309.154822  -62.14340  -58.41182     -0.005       0.00      1.672      1.656    -0.6778    -0.6757     0.0021    -0.6778    -0.6757     0.0021   2.782833   2.783529   0.000696    34.1501    34.1572     7.5934    27.4518    27.4574    330.060  356.55107  358.16550          7  0.000e+00
       4745 309.154823  -62.14340  -58.41182     -0.003       0.00      1.672      1.656    -0.6785    -0.6755     0.0030    -0.6786    -0.6756     0.0030   2.782803   2.783540   0.000737    34.1506    34.1571     7.5934    27.4522    27.4574    330.061  356.55692  358.17154          7  0.000e+00
       4746 309.154823  -62.14340  -58.41182     -0.000       0.00      1.672      1.656    -0.6787    -0.6755     0.0032    -0.6788    -0.6756     0.0032   2.782851   2.783569   0.000718    34.1514    34.1576     7.5977    27.4529    27.4577    330.247  356.55620  358.17090          7  0.000e+00
       4747 309.154823  -62.14340  -58.41182      0.005       0.00      1.672      1.656    -0.6789    -0.6749     0.0040    -0.6789    -0.6749     0.0040   2.782875   2.783580   0.000706    34.1520    34.1570     7.5984    27.4533    27.4572    330.278  356.55638  358.17115          7  0.000e+00
       4748 309.154824  -62.14340  -58.41182      0.005       0.00      1.672      1.656    -0.6790    -0.6749     0.0041    -0.6790    -0.6749     0.0041   2.782857   2.783598   0.000741    34.1518    34.1572     7.5932    27.4532    27.4574    330.053  356.55779  358.17258          7  0.000e+00
       4749 309.154824  -62.14340  -58.41182      0.006       0.00      1.638      1.622    -0.6793    -0.6745     0.0048    -0.6793    -0.6745     0.0048   2.782827   2.783603   0.000776    34.1518    34.1568     7.5976    27.4532    27.4571    330.243  356.56068  358.17552          7  0.000e+00
       4750 309.154825  -62.14340  -58.41182      0.009       0.00      1.672      1.656    -0.6792    -0.6743     0.0049    -0.6792    -0.6743     0.0049   2.782821   2.783638   0.000817    34.1516    34.1571     7.5976    27.4530    27.4572    330.243  356.56024  358.17504          7  0.000e+00
       4751 309.154825  -62.14340  -58.41182      0.011       0.00      1.672      1.656    -0.6796    -0.6741     0.0055    -0.6797    -0.6742     0.0055   2.782857   2.783615   0.000758    34.1526    34.1566     7.5984    27.4538    27.4569    330.278  356.56178  358.17674          7  0.000e+00
       4752 309.154826  -62.14340  -58.41182      0.011       0.00      1.672      1.656    -0.6781    -0.6741     0.0039    -0.6781    -0.6742     0.0039   2.783096   2.783603   0.000507    34.1540    34.1564     7.5936    27.4549    27.4567    330.070  356.54292  358.15763          7  0.000e+00
       4753 309.154826  -62.14340  -58.41182      0.010       0.00      1.624      1.608    -0.6719    -0.6740    -0.0021    -0.6720    -0.6740    -0.0021   2.783683   2.783563  -0.000120    34.1550    34.1558     7.5922    27.4555    27.4562    330.008  356.48218  358.09562          7  0.000e+00
       4754 309.154827  -62.14340  -58.41182      0.016       0.00      1.720      1.703    -0.6635    -0.6741    -0.0106    -0.6636    -0.6742    -0.0106   2.784306   2.783552  -0.000754    34.1539    34.1557     7.5906    27.4542    27.4561    329.938  356.40621  358.01778          7  0.000e+00
       4755 309.154827  -62.14340  -58.41182      0.012       0.00      1.624      1.608    -0.6567    -0.6738    -0.0171    -0.6568    -0.6739    -0.0171   2.784743   2.783626  -0.001117    34.1522    34.1564     7.5892    27.4525    27.4567    329.880  356.34710  357.95713          7  0.000e+00
       4756 309.154828  -62.14340  -58.41182      0.015       0.00      1.672      1.656    -0.6524    -0.6742    -0.0218    -0.6524    -0.6742    -0.0218   2.784941   2.783615  -0.001326    34.1499    34.1566     7.5938    27.4505    27.4569    330.080  356.31253  357.92151          7  0.000e+00
       4757 309.154828  -62.14340  -58.41182      0.017       0.00      1.672      1.656    -0.6508    -0.6740    -0.0232    -0.6509    -0.6740    -0.0232   2.785013   2.783586  -0.001426    34.1491    34.1560     7.5887    27.4498    27.4564    329.856  356.30003  357.90863          7  0.000e+00
       4758 309.154829  -62.14340  -58.41182      0.014       0.00      1.672      1.656    -0.6498    -0.6740    -0.0242    -0.6498    -0.6740    -0.0242   2.785126   2.783598  -0.001529    34.1495    34.1562     7.5931    27.4500    27.4565    330.048  356.28921  357.89760          7  0.000e+00
       4759 309.154829  -62.14340  -58.41182      0.018       0.00      1.692      1.676    -0.6491    -0.6736    -0.0245    -0.6492    -0.6737    -0.0245   2.785162   2.783586  -0.001576    34.1492    34.1556     7.5882    27.4498    27.4561    329.834  356.28390  357.89214          7  0.000e+00
       4760 309.154830  -62.14340  -58.41182      0.017       0.00      1.672      1.656    -0.6483    -0.6737    -0.0254    -0.6483    -0.6737    -0.0254   2.785180   2.783632  -0.001548    34.1485    34.1563     7.5876    27.4492    27.4566    329.808  356.27775  357.88577          7  0.000e+00
       4761 309.154830  -62.14340  -58.41182      0.019       0.00      1.672      1.656    -0.6476    -0.6741    -0.0266    -0.6476    -0.6742    -0.0266   2.785288   2.783638  -0.001650    34.1491    34.1569     7.5913    27.4497    27.4571    329.972  356.26933  357.87724          7  0.000e+00
       4762 309.154831  -62.14340  -58.41182      0.018       0.00      1.672      1.656    -0.6474    -0.6749    -0.0275    -0.6475    -0.6749    -0.0275   2.785342   2.783592  -0.001750    34.1497    34.1571     7.5916    27.4502    27.4573    329.984  356.26657  357.87449          7  0.000e+00
       4763 309.154831  -62.14340  -58.41182      0.017       0.00      1.672      1.656    -0.6479    -0.6752    -0.0273    -0.6480    -0.6753    -0.0273   2.785228   2.783517  -0.001711    34.1487    34.1565     7.5878    27.4494    27.4568    329.818  356.27377  357.88172          7  0.000e+00
       4764 309.154832  -62.14340  -58.41182      0.013       0.00      1.624      1.608    -0.6489    -0.6760    -0.0271    -0.6490    -0.6760    -0.0271   2.785150   2.783500  -0.001650    34.1489    34.1572     7.5876    27.4496    27.4574    329.811  356.28315  357.89134          7  0.000e+00
       4765 309.154832  -62.14340  -58.41182      0.018       0.00      1.672      1.656    -0.6493    -0.6761    -0.0268    -0.6493    -0.6762    -0.0268   2.785078   2.783477  -0.001602    34.1483    34.1570     7.5875    27.4491    27.4573    329.804  356.28812  357.89635          7  0.000e+00
       4766 309.154833  -62.14340  -58.41182      0.017       0.00      1.672      1.656    -0.6500    -0.6760    -0.0259    -0.6501    -0.6760    -0.0259   2.785019   2.783454  -0.001565    34.1483    34.1565     7.5874    27.4491    27.4569    329.799  356.29509  357.90349          7  0.000e+00
       4767 309.154833  -62.14340  -58.41182      0.016       0.00      1.672      1.656    -0.6500    -0.6768    -0.0267    -0.6501    -0.6768    -0.0267   2.785007   2.783425  -0.001581    34.1482    34.1570     7.5931    27.4490    27.4573    330.046  356.29555  357.90393          7  0.000e+00
       4768 309.154834  -62.14340  -58.41182      0.015       0.00      1.672      1.656    -0.6498    -0.6764    -0.0266    -0.6499    -0.6765    -0.0266   2.785007   2.783477  -0.001530    34.1479    34.1573     7.5936    27.4488    27.4575    330.068  356.29410  357.90241          7  0.000e+00
       4769 309.154834  -62.14340  -58.41182      0.015       0.00      1.638      1.622    -0.6499    -0.6749    -0.0250    -0.6499    -0.6749    -0.0250   2.785024   2.783500  -0.001525    34.1482    34.1559     7.5941    27.4491    27.4563    330.090  356.29372  357.90207          7  0.000e+00
       4770 309.154835  -62.14340  -58.41182      0.017       0.00      1.720      1.703    -0.6508    -0.6738    -0.0230    -0.6509    -0.6739    -0.0230   2.784911   2.783598  -0.001313    34.1477    34.1560     7.5949    27.4487    27.4563    330.128  356.30396  357.91248          7  0.000e+00
       4771 309.154835  -62.14340  -58.41182      0.012       0.00      1.624      1.608    -0.6524    -0.6732    -0.0209    -0.6524    -0.6733    -0.0209   2.784791   2.783667  -0.001124    34.1479    34.1563     7.5898    27.4489    27.4566    329.904  356.31810  357.92697          7  0.000e+00
       4772 309.154836  -62.14340  -58.41182      0.011       0.00      1.672      1.656    -0.6528    -0.6721    -0.0193    -0.6529    -0.6722    -0.0193   2.784737   2.783736  -0.001001    34.1477    34.1559     7.5897    27.4487    27.4562    329.902  356.32312  357.93207          7  0.000e+00
       4773 309.154836  -62.14340  -58.41182      0.012       0.00      1.672      1.656    -0.6535    -0.6717    -0.0182    -0.6535    -0.6717    -0.0182   2.784695   2.783799  -0.000896    34.1478    34.1563     7.5897    27.4489    27.4565    329.900  356.32869  357.93779          7  0.000e+00
       4774 309.154837  -62.14340  -58.41182      0.010       0.00      1.672      1.656    -0.6528    -0.6732    -0.0204    -0.6529    -0.6732    -0.0204   2.784743   2.783799  -0.000944    34.1477    34.1580     7.5894    27.4488    27.4580    329.886  356.32289  357.93185          7  0.000e+00
       4775 309.154837  -62.14340  -58.41182      0.012       0.00      1.672      1.656    -0.6516    -0.6737    -0.0221    -0.6517    -0.6737    -0.0221   2.784845   2.783747  -0.001098    34.1477    34.1579     7.5890    27.4487    27.4579    329.869  356.31144  357.92013          7  0.000e+00
       4776 309.154837  -62.14340  -58.41182      0.010       0.00      1.672      1.656    -0.6513    -0.6726    -0.0212    -0.6514    -0.6726    -0.0212   2.784875   2.783793  -0.001082    34.1478    34.1572     7.5888    27.4488    27.4573    329.861  356.30849  357.91713          7  0.000e+00
       4777 309.154838  -62.14340  -58.41182      0.011       0.00      1.672      1.656    -0.6514    -0.6719    -0.0205    -0.6515    -0.6720    -0.0205   2.784791   2.783736  -0.001055    34.1468    34.1558     7.5888    27.4480    27.4561    329.862  356.31239  357.92099          7  0.000e+00
       4778 309.154838  -62.14340  -58.41182      0.010       0.00      1.672      1.656    -0.6521    -0.6714    -0.0193    -0.6521    -0.6714    -0.0193   2.784707   2.783764  -0.000943    34.1464    34.1555     7.5941    27.4477    27.4558    330.092  356.31954  357.92826          7  0.000e+00
       4779 309.154839  -62.14340  -58.41182      0.009       0.00      1.692      1.676    -0.6527    -0.6680    -0.0153    -0.6527    -0.6680    -0.0153   2.784671   2.784046  -0.000625    34.1466    34.1554     7.5950    27.4478    27.4556    330.130  356.32456  357.93341          7  0.000e+00
       4780 309.154839  -62.14340  -58.41182      0.007       0.00      1.624      1.608    -0.6542    -0.6635    -0.0092    -0.6543    -0.6635    -0.0092   2.784701   2.784426  -0.000275    34.1488    34.1555     7.5959    27.4497    27.4555    330.169  356.33309  357.94241          7  0.000e+00
       4781 309.154840  -62.14340  -58.41182      0.008       0.00      1.720      1.703    -0.6541    -0.6608    -0.0068    -0.6541    -0.6609    -0.0068   2.784731   2.784696  -0.000035    34.1489    34.1561     7.5959    27.4498    27.4559    330.168  356.33104  357.94032          7  0.000e+00
       4782 309.154840  -62.14340  -58.41182      0.006       0.00      1.624      1.608    -0.6539    -0.6595    -0.0055    -0.6540    -0.6595    -0.0055   2.784797   2.784846   0.000049    34.1498    34.1567     7.5956    27.4505    27.4563    330.157  356.32766  357.93696          7  0.000e+00
       4783 309.154841  -62.14340  -58.41182      0.004       0.00      1.672      1.656    -0.6531    -0.6585    -0.0054    -0.6532    -0.6585    -0.0054   2.784857   2.784909   0.000052    34.1496    34.1564     7.5961    27.4503    27.4560    330.180  356.32041  357.92953          7  0.000e+00
       4784 309.154841  -62.14340  -58.41182      0.005       0.00      1.672      1.656    -0.6525    -0.6578    -0.0052    -0.6526    -0.6578    -0.0052   2.784893   2.784955   0.000062    34.1494    34.1562     7.5967    27.4502    27.4558    330.204  356.31543  357.92441          7  0.000e+00
       4785 309.154842  -62.14340  -58.41182      0.005       0.00      1.672      1.656    -0.6531    -0.6578    -0.0046    -0.6532    -0.6578    -0.0046   2.784839   2.784938   0.000099    34.1494    34.1559     7.5975    27.4501    27.4556    330.239  356.32109  357.93019          7  0.000e+00
       4786 309.154842  -62.14340  -58.41182      0.003       0.00      1.672      1.656    -0.6547    -0.6573    -0.0026    -0.6547    -0.6573    -0.0026   2.784701   2.784921   0.000219    34.1493    34.1552     7.5985    27.4501    27.4550    330.284  356.33608  357.94551          7  0.000e+00
       4787 309.154843  -62.14340  -58.41182      0.004       0.00      1.672      1.656    -0.6561    -0.6573    -0.0012    -0.6561    -0.6573    -0.0012   2.784623   2.784938   0.000315    34.1498    34.1554     7.5995    27.4506    27.4552    330.326  356.34772  357.95748          7  0.000e+00
       4788 309.154843  -62.14340  -58.41182      0.008       0.00      1.720      1.703    -0.6575    -0.6584    -0.0009    -0.6575    -0.6584    -0.0009   2.784527   2.784892   0.000364    34.1501    34.1560     7.5954    27.4509    27.4557    330.147  356.36012  357.97020          7  0.000e+00
       4789 309.154844  -62.14340  -58.41182      0.004       0.00      1.638      1.622    -0.6581    -0.6585    -0.0004    -0.6582    -0.6585    -0.0004   2.784426   2.784886   0.000460    34.1494    34.1561     7.6006    27.4504    27.4558    330.372  356.36782  357.97799          7  0.000e+00
       4790 309.154844  -62.14340  -58.41182      0.007       0.00      1.720      1.703    -0.6583    -0.6588    -0.0005    -0.6583    -0.6589    -0.0005   2.784348   2.784892   0.000544    34.1485    34.1565     7.6014    27.4497    27.4561    330.410  356.37199  357.98215          7  0.000e+00
       4791 309.154845  -62.14340  -58.41182      0.008       0.00      1.672      1.656    -0.6590    -0.6595    -0.0004    -0.6591    -0.6595    -0.0004   2.784228   2.784840   0.000612    34.1478    34.1565     7.6023    27.4491    27.4562    330.448  356.38114  357.99143          7  0.000e+00
