Pos-Processados/process_op38/operantar38_009.cnv
* Sea-Bird SBE 9 Data File:
* FileName = D:\OPERANTAR_XXXVIII\DADOS\OP38_009.hdr
* Software Version Seasave V 7.18c
* Temperature SN = 4808
* Conductivity SN = 3380
* Number of Bytes Per Scan = 31
* Number of Voltage Words = 2
* Number of Scans Averaged by the Deck Unit = 1
* NMEA Latitude = 44 15.92 S
* NMEA Longitude = 052 42.25 W
* NMEA UTC (Time) = Oct 20 2019 07:17:42
** H41
** NAVIO POLAR ALMIRANTE MAXIMIANO
** CRUZEIRO:
** OPERANTAR XXXVIII
** ESTAวรO: OP38_009
** LAT 44บ 15,92'S
** LONG 052บ 42,27'W
** 09P73767-1155
** PROFUNDIDADE: 5806
** DATA/HORA: 200718Z/OUT/19
** OPERADOR: CTTECCHIO
# nquan = 30
# nvalues = 2036                        
# units = specified
# name 0 = scan: Scan Count
# name 1 = timeJ: Julian Days
# name 2 = latitude: Latitude [deg]
# name 3 = longitude: Longitude [deg]
# name 4 = dz/dtM: Descent Rate [m/s]
# name 5 = avgsvCM: Average Sound Velocity [Chen-Millero, m/s]
# name 6 = prDM: Pressure, Digiquartz [db]
# name 7 = depSM: Depth [salt water, m]
# name 8 = t090C: Temperature [ITS-90, deg C]
# name 9 = t190C: Temperature, 2 [ITS-90, deg C]
# name 10 = T2-T190C: Temperature Difference, 2 - 1 [ITS-90, deg C]
# name 11 = potemp090C: Potential Temperature [ITS-90, deg C]
# name 12 = potemp190C: Potential Temperature, 2 [ITS-90, deg C]
# name 13 = potemp90Cdiff: Potential Temperature, Diff, 2 - 1 [ITS-90, deg C]
# name 14 = c0S/m: Conductivity [S/m]
# name 15 = c1S/m: Conductivity, 2 [S/m]
# name 16 = C2-C1S/m: Conductivity Difference, 2 - 1 [S/m]
# name 17 = sal00: Salinity, Practical [PSU]
# name 18 = sal11: Salinity, Practical, 2 [PSU]
# name 19 = sbeox0ML/L: Oxygen, SBE 43 [ml/l]
# name 20 = sigma-้00: Density [sigma-theta, kg/m^3]
# name 21 = sigma-้11: Density, 2 [sigma-theta, kg/m^3]
# name 22 = sal00: Salinity, Practical [PSU]
# name 23 = sigma-้00: Density [sigma-theta, kg/m^3]
# name 24 = svCM: Sound Velocity [Chen-Millero, m/s]
# name 25 = svCM1: Sound Velocity, 2 [Chen-Millero, m/s]
# name 26 = gsw_ptA0: potential temperature [ITS-90, deg C]
# name 27 = gsw_densityA0: density, TEOS-10 [density, kg/m^3]
# name 28 = gsw_saA0: Absolute Salinity [g/kg]
# name 29 = flag:
# span 0 =       2363,      64185       
# span 1 = 293.305097, 293.334912       
# span 2 =  -44.26542,  -44.26538       
# span 3 =  -52.70420,  -52.70418       
# span 4 =     -1.402,      1.247       
# span 5 =       0.00,    1510.06       
# span 6 =      3.000,   1021.000       
# span 7 =      3.001,   1010.277       
# span 8 =     3.8292,    14.2233       
# span 9 =     3.8297,    14.2240       
# span 10 =    -0.0385,     0.0129      
# span 11 =     3.7536,    14.1773      
# span 12 =     3.7542,    14.1774      
# span 13 =    -0.0383,     0.0128      
# span 14 =   3.218253,   4.303318      
# span 15 =   3.218669,   4.303994      
# span 16 =  -0.003475,   0.002118      
# span 17 =    34.1839,    35.6682      
# span 18 =    34.1890,    35.6741      
# span 19 =     4.3000,     5.9736      
# span 20 =    26.6622,    27.1753      
# span 21 =    26.6672,    27.1787      
# span 22 =    34.1835,    35.6684      
# span 23 =    26.6613,    27.1760      
# span 24 =    1481.68,    1511.22      
# span 25 =    1481.68,    1511.22      
# span 26 =     3.7534,    14.1773      
# span 27 =  1026.6824,  1031.8854      
# span 28 =    34.3454,    35.8376      
# span 29 = 0.0000e+00, 0.0000e+00      
# interval = decibars: 1                
# start_time = Oct 20 2019 07:17:42 [NMEA time, header]
# bad_flag = -9.990e-29
*END*
[from data line 242]
       9330 293.308457  -44.26540  -52.70418      1.149    1506.85    246.000    243.874    14.2064    14.2072     0.0007    14.1703    14.1710     0.0007   4.296496   4.297204   0.000709    35.6650    35.6708     5.2574    26.6650    26.6694    35.6650    26.6651    1509.00    1509.00    14.1703  1027.7528    35.8339 0.0000e+00
       9353 293.308469  -44.26539  -52.70418      1.089    1506.85    247.000    244.865    14.2066    14.2072     0.0007    14.1703    14.1709     0.0007   4.296559   4.297260   0.000701    35.6649    35.6709     5.2735    26.6650    26.6694    35.6650    26.6651    1509.01    1509.02    14.1702  1027.7572    35.8340 0.0000e+00
       9384 293.308483  -44.26538  -52.70418      0.873    1506.85    248.000    245.856    14.2067    14.2075     0.0007    14.1703    14.1710     0.0007   4.296621   4.297314   0.000694    35.6649    35.6708     5.2720    26.6650    26.6694    35.6650    26.6651    1509.03    1509.04    14.1703  1027.7616    35.8339 0.0000e+00
       9421 293.308501  -44.26538  -52.70418      0.647    1506.85    249.000    246.847    14.2069    14.2076     0.0006    14.1704    14.1710     0.0006   4.296683   4.297370   0.000687    35.6650    35.6707     5.2772    26.6650    26.6693    35.6650    26.6651    1509.05    1509.05    14.1703  1027.7658    35.8338 0.0000e+00
       9459 293.308519 -9.990e-29  -52.70418      0.633    1506.85    250.000    247.837    14.2071    14.2078     0.0006    14.1703    14.1710     0.0006   4.296740   4.297435   0.000694    35.6649    35.6708     5.2827    26.6650    26.6694    35.6650    26.6651    1509.06    1509.07    14.1703  1027.7701    35.8335 0.0000e+00
       9490 293.308535 -9.990e-29  -52.70420      0.727    1506.85    251.000    248.828    14.2073    14.2079     0.0005    14.1704    14.1710     0.0005   4.296829   4.297514   0.000686    35.6651    35.6710     5.2808    26.6651    26.6695    35.6652    26.6652    1509.08    1509.09    14.1704  1027.7745    35.8337 0.0000e+00
       9516 293.308547  -44.26540  -52.70420      0.861    1506.85    252.000    249.819    14.2075    14.2081     0.0006    14.1705    14.1711     0.0006   4.296897   4.297585   0.000688    35.6651    35.6709     5.2827    26.6651    26.6695    35.6652    26.6652    1509.10    1509.11    14.1705  1027.7790    35.8338 0.0000e+00
       9538 293.308558  -44.26540  -52.70420      1.005    1506.85    253.000    250.810    14.2078    14.2083     0.0005    14.1705    14.1710     0.0005   4.296967   4.297661   0.000694    35.6652    35.6712     5.2833    26.6651    26.6697    35.6652    26.6652    1509.12    1509.12    14.1706  1027.7836    35.8342 0.0000e+00
       9558 293.308567  -44.26540  -52.70418      1.124    1506.85    254.000    251.800    14.2078    14.2085     0.0007    14.1705    14.1711     0.0006   4.297028   4.297734   0.000707    35.6652    35.6712     5.2816    26.6652    26.6697    35.6653    26.6653    1509.13    1509.14    14.1705  1027.7882    35.8343 0.0000e+00
       9578 293.308577  -44.26540  -52.70418      1.195    1506.85    255.000    252.791    14.2080    14.2086     0.0006    14.1705    14.1711     0.0005   4.297095   4.297789   0.000694    35.6653    35.6712     5.2810    26.6652    26.6697    35.6654    26.6653    1509.15    1509.16    14.1705  1027.7926    35.8343 0.0000e+00
       9599 293.308587  -44.26539  -52.70418      1.197    1506.85    256.000    253.782    14.2080    14.2087     0.0007    14.1703    14.1711     0.0007   4.297131   4.297842   0.000708    35.6652    35.6712     5.2724    26.6652    26.6697    35.6653    26.6653    1509.17    1509.18    14.1703  1027.7969    35.8342 0.0000e+00
       9623 293.308599  -44.26538  -52.70418      1.074    1506.85    257.000    254.773    14.2081    14.2087     0.0006    14.1703    14.1709     0.0006   4.297184   4.297872   0.000691    35.6652    35.6711     5.2766    26.6652    26.6696    35.6653    26.6653    1509.18    1509.19    14.1703  1027.8013    35.8342 0.0000e+00
       9655 293.308614  -44.26538  -52.70418      0.823    1506.85    258.000    255.763    14.2080    14.2087     0.0007    14.1701    14.1707     0.0007   4.297211   4.297908   0.000697    35.6652    35.6710     5.2817    26.6652    26.6696    35.6652    26.6653    1509.20    1509.21    14.1701  1027.8057    35.8341 0.0000e+00
       9693 293.308632  -44.26539  -52.70418      0.632    1506.85    259.000    256.754    14.2080    14.2087     0.0007    14.1699    14.1706     0.0007   4.297261   4.297950   0.000690    35.6652    35.6710     5.2729    26.6653    26.6696    35.6652    26.6653    1509.22    1509.22    14.1699  1027.8101    35.8342 0.0000e+00
       9726 293.308648  -44.26540  -52.70418      0.700    1506.85    260.000    257.745    14.2081    14.2089     0.0008    14.1698    14.1706     0.0008   4.297310   4.298008   0.000695    35.6652    35.6709     5.2584    26.6653    26.6696    35.6652    26.6653    1509.23    1509.24    14.1698  1027.8146    35.8342 0.0000e+00
       9753 293.308661  -44.26540 -9.990e-29      0.833    1506.85    261.000    258.736    14.2081    14.2087     0.0006    14.1697    14.1703     0.0006   4.297369   4.298051   0.000685    35.6653    35.6711     5.2702    26.6654    26.6697    35.6653    26.6654    1509.25    1509.26    14.1697  1027.8191    35.8344 0.0000e+00
       9779 293.308674  -44.26540 -9.990e-29      0.905    1506.85    262.000    259.726    14.2081    14.2086     0.0005    14.1696    14.1701     0.0005   4.297407   4.298082   0.000676    35.6652    35.6710     5.2872    26.6654    26.6697    35.6653    26.6654    1509.27    1509.27    14.1696  1027.8235    35.8344 0.0000e+00
       9806 293.308687  -44.26540 -9.990e-29      0.916    1506.85    263.000    260.717    14.2083    14.2089     0.0006    14.1696    14.1702     0.0006   4.297464   4.298158   0.000692    35.6652    35.6711     5.2801    26.6654    26.6698    35.6652    26.6654    1509.28    1509.29    14.1696  1027.8279    35.8343 0.0000e+00
       9830 293.308698  -44.26540  -52.70420      0.951    1506.85    264.000    261.708    14.2083    14.2089     0.0006    14.1695    14.1701     0.0006   4.297526   4.298211   0.000686    35.6653    35.6711     5.2738    26.6654    26.6698    35.6653    26.6655    1509.30    1509.31    14.1695  1027.8323    35.8343 0.0000e+00
       9852 293.308709  -44.26540  -52.70420      1.037    1506.85    265.000    262.698    14.2083    14.2088     0.0005    14.1693    14.1699     0.0005   4.297559   4.298258   0.000699    35.6652    35.6712     5.2736    26.6654    26.6700    35.6653    26.6655    1509.32    1509.33    14.1693  1027.8367    35.8342 0.0000e+00
       9871 293.308718  -44.26538  -52.70418      1.141    1506.85    266.000    263.689    14.2080    14.2087     0.0007    14.1688    14.1696     0.0007   4.297569   4.298260   0.000690    35.6652    35.6710     5.2770    26.6656    26.6698    35.6653    26.6656    1509.33    1509.34    14.1688  1027.8412    35.8342 0.0000e+00
       9892 293.308728  -44.26538  -52.70418      1.199    1506.85    267.000    264.680    14.2079    14.2085     0.0006    14.1686    14.1692     0.0006   4.297596   4.298290   0.000696    35.6651    35.6710     5.2817    26.6655    26.6700    35.6652    26.6656    1509.35    1509.36    14.1686  1027.8455    35.8341 0.0000e+00
       9918 293.308741  -44.26538  -52.70418      1.057    1506.85    268.000    265.670    14.2080    14.2087     0.0007    14.1686    14.1692     0.0007   4.297649   4.298343   0.000693    35.6651    35.6709     5.2828    26.6655    26.6699    35.6651    26.6655    1509.36    1509.37    14.1686  1027.8499    35.8341 0.0000e+00
       9959 293.308760  -44.26539  -52.70419      0.610    1506.85    269.000    266.661    14.2082    14.2088     0.0006    14.1686    14.1692     0.0006   4.297697   4.298393   0.000693    35.6650    35.6709     5.2799    26.6654    26.6699    35.6650    26.6654    1509.38    1509.39    14.1686  1027.8542    35.8340 0.0000e+00
       9997 293.308779  -44.26540  -52.70420      0.595    1506.85    270.000    267.652    14.2083    14.2090     0.0007    14.1686    14.1693     0.0007   4.297770   4.298465   0.000700    35.6650    35.6709     5.2721    26.6654    26.6698    35.6651    26.6655    1509.40    1509.41    14.1686  1027.8587    35.8341 0.0000e+00
      10023 293.308792  -44.26540  -52.70420      0.822    1506.85    271.000    268.642    14.2084    14.2091     0.0007    14.1685    14.1692     0.0007   4.297824   4.298529   0.000704    35.6651    35.6710     5.2670    26.6655    26.6699    35.6652    26.6656    1509.42    1509.43    14.1685  1027.8631    35.8341 0.0000e+00
      10045 293.308802  -44.26540  -52.70420      1.002    1506.85    272.000    269.633    14.2083    14.2089     0.0006    14.1682    14.1688     0.0006   4.297856   4.298554   0.000700    35.6651    35.6711     5.2825    26.6656    26.6700    35.6651    26.6656    1509.43    1509.44    14.1683  1027.8675    35.8341 0.0000e+00
      10066 293.308812  -44.26540  -52.70420      1.104    1506.85    273.000    270.624    14.2083    14.2090     0.0006    14.1681    14.1688     0.0006   4.297907   4.298613   0.000708    35.6651    35.6711     5.2925    26.6656    26.6701    35.6652    26.6657    1509.45    1509.46    14.1681  1027.8720    35.8342 0.0000e+00
      10087 293.308822  -44.26540  -52.70420      1.142    1506.85    274.000    271.614    14.2083    14.2089     0.0006    14.1679    14.1686     0.0006   4.297956   4.298668   0.000714    35.6652    35.6712     5.2841    26.6657    26.6702    35.6652    26.6658    1509.46    1509.47    14.1679  1027.8765    35.8342 0.0000e+00
      10108 293.308832  -44.26540  -52.70420      1.153    1506.85    275.000    272.605    14.2084    14.2091     0.0006    14.1679    14.1686     0.0006   4.298031   4.298721   0.000691    35.6653    35.6712     5.2801    26.6658    26.6702    35.6654    26.6659    1509.48    1509.49    14.1680  1027.8810    35.8344 0.0000e+00
      10130 293.308843  -44.26538  -52.70420      1.140    1506.85    276.000    273.595    14.2084    14.2091     0.0006    14.1678    14.1685     0.0006   4.298074   4.298771   0.000696    35.6653    35.6712     5.2823    26.6658    26.6702    35.6654    26.6659    1509.50    1509.51    14.1678  1027.8854    35.8344 0.0000e+00
      10155 293.308855  -44.26538  -52.70418      1.026    1506.85    277.000    274.586    14.2085    14.2093     0.0007    14.1678    14.1685     0.0007   4.298114   4.298801   0.000685    35.6652    35.6709     5.2658    26.6658    26.6700    35.6652    26.6658    1509.51    1509.52    14.1678  1027.8897    35.8342 0.0000e+00
      10192 293.308873  -44.26539  -52.70418      0.700    1506.85    278.000    275.577    14.2084    14.2091     0.0007    14.1675    14.1682     0.0007   4.298139   4.298833   0.000693    35.6651    35.6710     5.2715    26.6657    26.6701    35.6651    26.6657    1509.53    1509.54    14.1675  1027.8940    35.8341 0.0000e+00
      10235 293.308894  -44.26540  -52.70420      0.536    1506.85    279.000    276.567    14.2085    14.2093     0.0008    14.1674    14.1682     0.0008   4.298190   4.298895   0.000707    35.6651    35.6709     5.2827    26.6657    26.6701    35.6651    26.6658    1509.55    1509.56    14.1675  1027.8984    35.8341 0.0000e+00
      10264 293.308908  -44.26540  -52.70420      0.741    1507.00    280.000    277.558    14.2084    14.2092     0.0007    14.1672    14.1679     0.0007   4.298247   4.298927   0.000679    35.6653    35.6709     5.2847    26.6659    26.6702    35.6653    26.6660    1509.56    1509.57    14.1672  1027.9030    35.8343 0.0000e+00
      10286 293.308918  -44.26540  -52.70420      0.959    1507.31    281.000    278.548    14.2083    14.2091     0.0007    14.1670    14.1677     0.0007   4.298277   4.298979   0.000698    35.6652    35.6711     5.2759    26.6659    26.6703    35.6653    26.6660    1509.58    1509.59    14.1670  1027.9074    35.8343 0.0000e+00
      10306 293.308928  -44.26540  -52.70420      1.116    1507.31    282.000    279.539    14.2084    14.2091     0.0007    14.1669    14.1676     0.0007   4.298324   4.299018   0.000697    35.6651    35.6710     5.2698    26.6659    26.6702    35.6652    26.6660    1509.60    1509.61    14.1669  1027.9118    35.8342 0.0000e+00
      10327 293.308938  -44.26540  -52.70420      1.184    1507.31    283.000    280.530    14.2082    14.2087     0.0005    14.1665    14.1670     0.0005   4.298328   4.298997   0.000671    35.6651    35.6709     5.2800    26.6659    26.6703    35.6651    26.6659    1509.61    1509.62    14.1665  1027.9159    35.8337 0.0000e+00
      10350 293.308949 -9.990e-29  -52.70420      1.120    1507.31    284.000    281.520    14.2079    14.2087     0.0007    14.1661    14.1668     0.0007   4.298336   4.299028   0.000692    35.6649    35.6707     5.2922    26.6659    26.6702    35.6650    26.6659    1509.63    1509.64    14.1661  1027.9202    35.8335 0.0000e+00
      10378 293.308962 -9.990e-29  -52.70420      0.939    1507.31    285.000    282.511    14.2077    14.2084     0.0007    14.1658    14.1664     0.0007   4.298358   4.299043   0.000683    35.6649    35.6707     5.2942    26.6660    26.6703    35.6650    26.6660    1509.64    1509.65    14.1658  1027.9246    35.8335 0.0000e+00
      10409 293.308977 -9.990e-29  -52.70420      0.790    1507.31    286.000    283.501    14.2076    14.2084     0.0007    14.1655    14.1662     0.0007   4.298391   4.299077   0.000685    35.6649    35.6706     5.2748    26.6660    26.6703    35.6649    26.6660    1509.66    1509.67    14.1655  1027.9290    35.8334 0.0000e+00
      10438 293.308992 -9.990e-29  -52.70420      0.786    1507.31    287.000    284.492    14.2077    14.2084     0.0007    14.1655    14.1662     0.0007   4.298453   4.299147   0.000696    35.6650    35.6708     5.2769    26.6660    26.6704    35.6650    26.6661    1509.68    1509.69    14.1655  1027.9335    35.8335 0.0000e+00
      10465 293.309005 -9.990e-29  -52.70420      0.859    1507.31    288.000    285.483    14.2079    14.2087     0.0007    14.1655    14.1663     0.0007   4.298519   4.299213   0.000692    35.6650    35.6707     5.2833    26.6661    26.6703    35.6650    26.6661    1509.69    1509.70    14.1655  1027.9379    35.8335 0.0000e+00
      10492 293.309018 -9.990e-29  -52.70420      0.907    1507.31    289.000    286.473    14.2080    14.2087     0.0007    14.1655    14.1662     0.0007   4.298569   4.299266   0.000696    35.6649    35.6707     5.2735    26.6660    26.6704    35.6649    26.6660    1509.71    1509.72    14.1655  1027.9422    35.8335 0.0000e+00
      10520 293.309031  -44.26540  -52.70420      0.884    1507.31    290.000    287.464    14.2081    14.2089     0.0007    14.1655    14.1662     0.0007   4.298636   4.299321   0.000685    35.6650    35.6707     5.2660    26.6661    26.6703    35.6651    26.6661    1509.73    1509.74    14.1654  1027.9469    35.8338 0.0000e+00
      10548 293.309045  -44.26540  -52.70420      0.838    1507.31    291.000    288.454    14.2083    14.2091     0.0007    14.1655    14.1662     0.0007   4.298693   4.299389   0.000696    35.6649    35.6707     5.2702    26.6660    26.6704    35.6650    26.6661    1509.75    1509.76    14.1655  1027.9514    35.8340 0.0000e+00
      10576 293.309058  -44.26540  -52.70420      0.853    1507.31    292.000    289.445    14.2087    14.2094     0.0007    14.1657    14.1663     0.0007   4.298775   4.299481   0.000706    35.6650    35.6709     5.2732    26.6661    26.6705    35.6650    26.6661    1509.76    1509.77    14.1657  1027.9558    35.8341 0.0000e+00
      10601 293.309070  -44.26539  -52.70420      0.921    1507.31    293.000    290.435    14.2089    14.2096     0.0006    14.1658    14.1664     0.0006   4.298858   4.299544   0.000685    35.6651    35.6709     5.2787    26.6661    26.6704    35.6652    26.6661    1509.78    1509.79    14.1658  1027.9603    35.8342 0.0000e+00
