Pos-Processados/process_op38/operantar38_018.ros
* Sea-Bird SBE 9 Data File:
* FileName = D:\OPERANTAR_XXXVIII\DADOS\OP38_018.hdr
* Software Version Seasave V 7.18c
* Temperature SN = 4808
* Conductivity SN = 3380
* Number of Bytes Per Scan = 34
* Number of Voltage Words = 3
* Number of Scans Averaged by the Deck Unit = 1
* NMEA Latitude = 62 10.02 S
* NMEA Longitude = 058 22.53 W
* NMEA UTC (Time) = Nov 05 2019 17:24:22
** H41
** NAVIO POLAR ALMIRANTE MAXIMIANO
** CRUZEIRO:
** OPERANTAR XXXVIII
** ESTAÇÃO: OP38_018
** LAT 62 10,02' S
** LONG 058 22,49' W
** 09P73767-1155_A
** PROFUNDIDADE: 447
** DATA/HORA: 051724Z/NOV/2019
** OPERADOR: SO-HN CHAVES
# nquan = 26
# nvalues = 1954                                  
# units = specified
# name 0 = scan: Scan Count
# name 1 = timeJ: Julian Days
# name 2 = latitude: Latitude [deg]
# name 3 = longitude: Longitude [deg]
# name 4 = dz/dtM: Descent Rate [m/s]
# name 5 = avgsvCM: Average Sound Velocity [Chen-Millero, m/s]
# name 6 = prDM: Pressure, Digiquartz [db]
# name 7 = depSM: Depth [salt water, m]
# name 8 = t090C: Temperature [ITS-90, deg C]
# name 9 = t190C: Temperature, 2 [ITS-90, deg C]
# name 10 = T2-T190C: Temperature Difference, 2 - 1 [ITS-90, deg C]
# name 11 = potemp090C: Potential Temperature [ITS-90, deg C]
# name 12 = potemp190C: Potential Temperature, 2 [ITS-90, deg C]
# name 13 = potemp90Cdiff: Potential Temperature, Diff, 2 - 1 [ITS-90, deg C]
# name 14 = c0S/m: Conductivity [S/m]
# name 15 = c1S/m: Conductivity, 2 [S/m]
# name 16 = C2-C1S/m: Conductivity Difference, 2 - 1 [S/m]
# name 17 = sal00: Salinity, Practical [PSU]
# name 18 = sal11: Salinity, Practical, 2 [PSU]
# name 19 = sbeox0ML/L: Oxygen, SBE 43 [ml/l]
# name 20 = sbeox1ML/L: Oxygen, SBE 43, 2 [ml/l]
# name 21 = sbeox0ML/Ldiff: Oxygen, SBE 43, Diff, 2 - 1 [ml/l]
# name 22 = sigma-é00: Density [sigma-theta, kg/m^3]
# name 23 = sigma-é11: Density, 2 [sigma-theta, kg/m^3]
# name 24 = nbf: Bottles Fired
# name 25 = flag:  0.000e+00
# interval = seconds: 0.0416667
# start_time = Nov 05 2019 17:24:22 [NMEA time, header]
# bad_flag = -9.990e-29
*END*
[from data line 725]
      33804 309.741556  -62.16698  -58.37554      0.105    1448.15     30.880     30.582    -0.7841    -0.7882    -0.0041    -0.7850    -0.7891    -0.0041   2.777449   2.777581   0.000132    34.1795    34.1859     7.5630     7.2368    -0.3262    27.4799    27.4853          5  0.000e+00
      33805 309.741557  -62.16698  -58.37554      0.106    1448.15     30.867     30.568    -0.7848    -0.7884    -0.0036    -0.7856    -0.7893    -0.0036   2.777449   2.777581   0.000132    34.1802    34.1861     7.5626     7.2365    -0.3261    27.4806    27.4855          5  0.000e+00
      33806 309.741557  -62.16698  -58.37554      0.106    1448.15     30.880     30.582    -0.7854    -0.7893    -0.0039    -0.7863    -0.7902    -0.0039   2.777467   2.777575   0.000108    34.1812    34.1871     7.5631     7.2423    -0.3208    27.4814    27.4863          5  0.000e+00
      33807 309.741558  -62.16698  -58.37554      0.106    1448.15     30.880     30.582    -0.7854    -0.7892    -0.0038    -0.7863    -0.7900    -0.0038   2.777473   2.777609   0.000137    34.1812    34.1874     7.5627     7.2372    -0.3255    27.4814    27.4866          5  0.000e+00
      33808 309.741558  -62.16698  -58.37554      0.106    1448.15     30.867     30.568    -0.7853    -0.7897    -0.0043    -0.7862    -0.7905    -0.0043   2.777437   2.777627   0.000190    34.1807    34.1882     7.5623     7.2369    -0.3254    27.4810    27.4872          5  0.000e+00
      33809 309.741559  -62.16698  -58.37554      0.107    1448.15     30.880     30.582    -0.7854    -0.7890    -0.0036    -0.7863    -0.7899    -0.0036   2.777443   2.777627   0.000184    34.1808    34.1874     7.5627     7.2365    -0.3262    27.4811    27.4866          5  0.000e+00
      33810 309.741559  -62.16698  -58.37554      0.109    1448.15     30.922     30.623    -0.7852    -0.7881    -0.0029    -0.7861    -0.7889    -0.0029   2.777485   2.777661   0.000176    34.1812    34.1868     7.5631     7.2360    -0.3271    27.4814    27.4861          5  0.000e+00
      33811 309.741560  -62.16698  -58.37554      0.107    1448.15     30.880     30.582    -0.7851    -0.7883    -0.0031    -0.7860    -0.7891    -0.0031   2.777479   2.777695   0.000217    34.1810    34.1875     7.5635     7.2415    -0.3220    27.4812    27.4866          5  0.000e+00
      33812 309.741560  -62.16698  -58.37554      0.108    1448.15     30.880     30.582    -0.7846    -0.7870    -0.0024    -0.7854    -0.7879    -0.0024   2.777473   2.777724   0.000252    34.1803    34.1865     7.5631     7.2420    -0.3210    27.4807    27.4857          5  0.000e+00
      33813 309.741561  -62.16698  -58.37554      0.108    1448.15     30.922     30.623    -0.7845    -0.7867    -0.0022    -0.7853    -0.7876    -0.0022   2.777455   2.777747   0.000292    34.1799    34.1864     7.5628     7.2427    -0.3200    27.4803    27.4857          5  0.000e+00
      33814 309.741561  -62.16698  -58.37554      0.111    1448.15     30.928     30.629    -0.7843    -0.7873    -0.0030    -0.7852    -0.7882    -0.0030   2.777503   2.777718   0.000216    34.1804    34.1867     7.5624     7.2377    -0.3247    27.4807    27.4860          5  0.000e+00
      33815 309.741562  -62.16698  -58.37554      0.109    1448.15     30.922     30.623    -0.7842    -0.7879    -0.0038    -0.7850    -0.7888    -0.0038   2.777509   2.777724   0.000216    34.1803    34.1875     7.5620     7.2373    -0.3248    27.4806    27.4866          5  0.000e+00
      33816 309.741562  -62.16698  -58.37554      0.111    1448.15     30.928     30.629    -0.7840    -0.7890    -0.0051    -0.7848    -0.7899    -0.0051   2.777485   2.777747   0.000263    34.1797    34.1890     7.5625     7.2428    -0.3197    27.4802    27.4879          5  0.000e+00
      33817 309.741562  -62.16698  -58.37554      0.109    1448.15     30.880     30.582    -0.7837    -0.7889    -0.0051    -0.7846    -0.7897    -0.0051   2.777473   2.777759   0.000286    34.1793    34.1890     7.5681     7.2434    -0.3248    27.4798    27.4879          5  0.000e+00
      33818 309.741563  -62.16698  -58.37554      0.106    1448.15     30.922     30.623    -0.7835    -0.7879    -0.0044    -0.7844    -0.7888    -0.0044   2.777491   2.777759   0.000268    34.1793    34.1879     7.5643     7.2439    -0.3204    27.4798    27.4870          5  0.000e+00
      33819 309.741563  -62.16698  -58.37554      0.107    1448.15     30.928     30.629    -0.7837    -0.7881    -0.0044    -0.7846    -0.7889    -0.0044   2.777461   2.777776   0.000315    34.1791    34.1884     7.5692     7.2444    -0.3248    27.4797    27.4873          5  0.000e+00
      33820 309.741564  -62.16698  -58.37554      0.106    1448.15     30.922     30.623    -0.7840    -0.7875    -0.0035    -0.7848    -0.7883    -0.0035   2.777431   2.777782   0.000351    34.1790    34.1877     7.5646     7.2448    -0.3198    27.4796    27.4868          5  0.000e+00
      33821 309.741564  -62.16698  -58.37554      0.102    1448.15     30.880     30.582    -0.7845    -0.7872    -0.0027    -0.7853    -0.7880    -0.0027   2.777443   2.777764   0.000322    34.1798    34.1872     7.5643     7.2451    -0.3192    27.4802    27.4864          5  0.000e+00
      33822 309.741565  -62.16698  -58.37554      0.103    1448.15     30.970     30.670    -0.7849    -0.7869    -0.0019    -0.7858    -0.7877    -0.0019   2.777431   2.777776   0.000345    34.1801    34.1870     7.5642     7.2397    -0.3246    27.4805    27.4861          5  0.000e+00
      33823 309.741565  -62.16698  -58.37554      0.098    1448.15     30.880     30.582    -0.7848    -0.7872    -0.0024    -0.7856    -0.7880    -0.0024   2.777443   2.777764   0.000322    34.1801    34.1872     7.5638     7.2389    -0.3249    27.4805    27.4864          5  0.000e+00
      33824 309.741566  -62.16698  -58.37554      0.096    1448.15     30.928     30.629    -0.7842    -0.7867    -0.0025    -0.7851    -0.7876    -0.0025   2.777449   2.777736   0.000287    34.1796    34.1862     7.5635     7.2440    -0.3195    27.4800    27.4855          5  0.000e+00
      33825 309.741566  -62.16698  -58.37554      0.096    1448.15     30.922     30.623    -0.7842    -0.7867    -0.0025    -0.7850    -0.7876    -0.0025   2.777449   2.777713   0.000264    34.1795    34.1859     7.5632     7.2384    -0.3247    27.4800    27.4853          5  0.000e+00
      33826 309.741567  -62.16698  -58.37554      0.093    1448.15     30.928     30.629    -0.7840    -0.7873    -0.0033    -0.7849    -0.7882    -0.0033   2.777449   2.777724   0.000275    34.1793    34.1868     7.5637     7.2377    -0.3260    27.4798    27.4860          5  0.000e+00
      33827 309.741567  -62.16698  -58.37554      0.092    1448.15     30.970     30.670    -0.7837    -0.7869    -0.0032    -0.7846    -0.7877    -0.0032   2.777485   2.777713   0.000228    34.1794    34.1861     7.5634     7.2427    -0.3206    27.4799    27.4854          5  0.000e+00
      33828 309.741568  -62.16698  -58.37554      0.090    1448.15     30.928     30.629    -0.7838    -0.7873    -0.0035    -0.7846    -0.7882    -0.0035   2.777485   2.777707   0.000222    34.1795    34.1866     7.5631     7.2431    -0.3200    27.4800    27.4858          5  0.000e+00
      33829 309.741568  -62.16698  -58.37554      0.089    1448.15     30.928     30.629    -0.7838    -0.7878    -0.0039    -0.7847    -0.7886    -0.0039   2.777455   2.777684   0.000229    34.1792    34.1868     7.5628     7.2375    -0.3253    27.4797    27.4860          5  0.000e+00
      33830 309.741569  -62.16698  -58.37554      0.086    1448.15     30.922     30.623    -0.7842    -0.7884    -0.0042    -0.7850    -0.7893    -0.0042   2.777467   2.777713   0.000246    34.1797    34.1879     7.5634     7.2367    -0.3268    27.4802    27.4869          5  0.000e+00
      33831 309.741569  -62.16698  -58.37554      0.084    1448.15     30.928     30.629    -0.7843    -0.7884    -0.0041    -0.7852    -0.7893    -0.0041   2.777455   2.777690   0.000235    34.1797    34.1876     7.5632     7.2358    -0.3275    27.4802    27.4867          5  0.000e+00
      33832 309.741570  -62.16698  -58.37554      0.078    1448.15     30.922     30.623    -0.7846    -0.7884    -0.0038    -0.7854    -0.7893    -0.0038   2.777431   2.777695   0.000265    34.1797    34.1876     7.5683     7.2348    -0.3334    27.4802    27.4867          5  0.000e+00
      33833 309.741570  -62.16698  -58.37554      0.078    1448.15     30.928     30.629    -0.7843    -0.7881    -0.0038    -0.7852    -0.7889    -0.0038   2.777485   2.777707   0.000222    34.1801    34.1874     7.5635     7.2398    -0.3238    27.4805    27.4866          5  0.000e+00
      33834 309.741571  -62.16698  -58.37554      0.075    1448.15     30.928     30.629    -0.7848    -0.7883    -0.0035    -0.7856    -0.7891    -0.0035   2.777479   2.777707   0.000228    34.1806    34.1876     7.5633     7.2412    -0.3221    27.4809    27.4867          5  0.000e+00
      33835 309.741571  -62.16698  -58.37554      0.070    1448.15     30.922     30.623    -0.7849    -0.7892    -0.0042    -0.7858    -0.7900    -0.0042   2.777491   2.777707   0.000216    34.1809    34.1887     7.5631     7.2356    -0.3274    27.4812    27.4876          5  0.000e+00
      33836 309.741572  -62.16698  -58.37554      0.066    1448.15     30.928     30.629    -0.7846    -0.7890    -0.0044    -0.7854    -0.7899    -0.0044   2.777503   2.777707   0.000204    34.1807    34.1885     7.5628     7.2347    -0.3281    27.4810    27.4875          5  0.000e+00
      33837 309.741572  -62.16698  -58.37554      0.067    1448.15     30.970     30.670    -0.7843    -0.7895    -0.0052    -0.7852    -0.7903    -0.0052   2.777503   2.777724   0.000222    34.1803    34.1892     7.5633     7.2338    -0.3295    27.4807    27.4881          5  0.000e+00
      33838 309.741573  -62.16698  -58.37554      0.059    1448.15     30.880     30.582    -0.7838    -0.7881    -0.0043    -0.7847    -0.7889    -0.0043   2.777503   2.777730   0.000227    34.1799    34.1878     7.5637     7.2325    -0.3312    27.4803    27.4868          5  0.000e+00
      33839 309.741573  -62.16698  -58.37554      0.051    1448.15     30.819     30.521    -0.7843    -0.7879    -0.0036    -0.7852    -0.7888    -0.0036   2.777521   2.777764   0.000244    34.1807    34.1881     7.5643     7.2373    -0.3270    27.4809    27.4871          5  0.000e+00
      33840 309.741574  -62.16698  -58.37554      0.054    1448.15     31.031     30.731    -0.7841    -0.7879    -0.0038    -0.7850    -0.7888    -0.0038   2.777509   2.777782   0.000273    34.1802    34.1882     7.5644     7.2389    -0.3255    27.4805    27.4872          5  0.000e+00
      33841 309.741574  -62.16698  -58.37554      0.052    1448.15     30.928     30.629    -0.7838    -0.7879    -0.0041    -0.7847    -0.7888    -0.0041   2.777479   2.777741   0.000263    34.1795    34.1877     7.5649     7.2401    -0.3248    27.4800    27.4868          5  0.000e+00
      33842 309.741575  -62.16698  -58.37554      0.051    1448.15     30.970     30.670    -0.7843    -0.7875    -0.0032    -0.7852    -0.7883    -0.0032   2.777491   2.777690   0.000199    34.1802    34.1865     7.5657     7.2356    -0.3301    27.4805    27.4858          5  0.000e+00
      33843 309.741575  -62.16698  -58.37554      0.048    1448.15     30.928     30.629    -0.7848    -0.7876    -0.0029    -0.7856    -0.7885    -0.0029   2.777479   2.777655   0.000177    34.1806    34.1862     7.5708     7.2405    -0.3303    27.4809    27.4856          5  0.000e+00
      33844 309.741576  -62.16698  -58.37554      0.041    1448.15     30.867     30.568    -0.7849    -0.7878    -0.0029    -0.7857    -0.7886    -0.0029   2.777473   2.777649   0.000177    34.1806    34.1863     7.5714     7.2407    -0.3308    27.4809    27.4857          5  0.000e+00
      33845 309.741576  -62.16698  -58.37554      0.040    1448.15     30.983     30.684    -0.7845    -0.7870    -0.0025    -0.7853    -0.7879    -0.0025   2.777455   2.777609   0.000155    34.1799    34.1848     7.5721     7.2349    -0.3373    27.4803    27.4844          5  0.000e+00
      33846 309.741576  -62.16698  -58.37554      0.037    1448.15     30.880     30.582    -0.7848    -0.7881    -0.0033    -0.7856    -0.7889    -0.0033   2.777485   2.777632   0.000148    34.1807    34.1864     7.5674     7.2339    -0.3336    27.4810    27.4858          5  0.000e+00
      33847 309.741577  -62.16698  -58.37554      0.032    1448.15     30.922     30.623    -0.7852    -0.7886    -0.0033    -0.7861    -0.7894    -0.0033   2.777479   2.777632   0.000154    34.1811    34.1870     7.5674     7.2329    -0.3344    27.4813    27.4862          5  0.000e+00
      33848 309.741577  -62.16698  -58.37554      0.032    1448.15     30.928     30.629    -0.7851    -0.7889    -0.0038    -0.7859    -0.7897    -0.0038   2.777455   2.777684   0.000229    34.1806    34.1880     7.5672     7.2319    -0.3353    27.4809    27.4871          5  0.000e+00
      33849 309.741578  -62.16698  -58.37554      0.027    1448.15     30.922     30.623    -0.7851    -0.7884    -0.0033    -0.7860    -0.7893    -0.0033   2.777467   2.777644   0.000177    34.1808    34.1869     7.5670     7.2308    -0.3362    27.4811    27.4862          5  0.000e+00
      33850 309.741578  -62.16698  -58.37554      0.025    1448.15     30.928     30.629    -0.7845    -0.7884    -0.0039    -0.7853    -0.7893    -0.0039   2.777473   2.777661   0.000188    34.1802    34.1872     7.5667     7.2309    -0.3358    27.4805    27.4864          5  0.000e+00
      33851 309.741579  -62.16698  -58.37554      0.021    1448.15     30.880     30.582    -0.7842    -0.7873    -0.0031    -0.7850    -0.7882    -0.0031   2.777437   2.777678   0.000241    34.1794    34.1862     7.5664     7.2367    -0.3297    27.4799    27.4855          5  0.000e+00
      33852 309.741579  -62.16698  -58.37554      0.019    1448.15     30.922     30.623    -0.7846    -0.7872    -0.0026    -0.7854    -0.7880    -0.0026   2.777461   2.777678   0.000218    34.1801    34.1860     7.5663     7.2369    -0.3294    27.4805    27.4854          5  0.000e+00
      33853 309.741580  -62.16698  -58.37554      0.017    1448.15     30.928     30.629    -0.7842    -0.7867    -0.0025    -0.7850    -0.7876    -0.0025   2.777473   2.777713   0.000240    34.1798    34.1859     7.5660     7.2369    -0.3291    27.4802    27.4853          5  0.000e+00
      33854 309.741580  -62.16698  -58.37554      0.014    1448.15     30.922     30.623    -0.7842    -0.7872    -0.0030    -0.7850    -0.7880    -0.0030   2.777473   2.777690   0.000217    34.1798    34.1862     7.5658     7.2370    -0.3288    27.4802    27.4855          5  0.000e+00
      33855 309.741581  -62.16698  -58.37554      0.010    1448.15     30.880     30.582    -0.7845    -0.7875    -0.0030    -0.7853    -0.7883    -0.0030   2.777497   2.777695   0.000199    34.1805    34.1866     7.5656     7.2383    -0.3274    27.4808    27.4859          5  0.000e+00
      33856 309.741581  -62.16698  -58.37554      0.008    1448.15     30.928     30.629    -0.7844    -0.7876    -0.0032    -0.7853    -0.7885    -0.0032   2.777479   2.777661   0.000182    34.1802    34.1863     7.5655     7.2325    -0.3330    27.4805    27.4856          5  0.000e+00
      33857 309.741582  -62.16698  -58.37554      0.002    1448.15     30.867     30.568    -0.7845    -0.7875    -0.0030    -0.7853    -0.7883    -0.0030   2.777473   2.777667   0.000194    34.1802    34.1862     7.5652     7.2312    -0.3340    27.4806    27.4856          5  0.000e+00
      33858 309.741582  -62.16698  -58.37554      0.000    1448.15     30.928     30.629    -0.7846    -0.7876    -0.0030    -0.7855    -0.7885    -0.0030   2.777455   2.777678   0.000224    34.1801    34.1865     7.5652     7.2301    -0.3350    27.4805    27.4858          5  0.000e+00
