Pos-Processados/process_op38/operantar38_010.ros
* Sea-Bird SBE 9 Data File:
* FileName = D:\OPERANTAR_XXXVIII\DADOS\OP38_010.hdr
* Software Version Seasave V 7.18c
* Temperature SN = 4808
* Conductivity SN = 3380
* Number of Bytes Per Scan = 31
* Number of Voltage Words = 2
* Number of Scans Averaged by the Deck Unit = 1
* NMEA Latitude = 43 58.12 S
* NMEA Longitude = 053 08.81 W
* NMEA UTC (Time) = Oct 20 2019 12:04:22
** H41
** NAVIO POLAR ALMIRANTE MAXIMIANO
** CRUZEIRO:
** OPERANTAR XXXVIII
** ESTAÇÃO: OP38_010
** LAT 43 58,10'S
** LONG 053 08,81'W
** 09P73767-1155
** PROFUNDIDADE: 5740
** DATA/HORA: 201205Z/OUT/19
** OPERADOR: SO-HN CHAVES
# nquan = 24
# nvalues = 2055                                  
# units = specified
# name 0 = scan: Scan Count
# name 1 = timeJ: Julian Days
# name 2 = latitude: Latitude [deg]
# name 3 = longitude: Longitude [deg]
# name 4 = dz/dtM: Descent Rate [m/s]
# name 5 = avgsvCM: Average Sound Velocity [Chen-Millero, m/s]
# name 6 = prDM: Pressure, Digiquartz [db]
# name 7 = depSM: Depth [salt water, m]
# name 8 = t090C: Temperature [ITS-90, deg C]
# name 9 = t190C: Temperature, 2 [ITS-90, deg C]
# name 10 = T2-T190C: Temperature Difference, 2 - 1 [ITS-90, deg C]
# name 11 = potemp090C: Potential Temperature [ITS-90, deg C]
# name 12 = potemp190C: Potential Temperature, 2 [ITS-90, deg C]
# name 13 = potemp90Cdiff: Potential Temperature, Diff, 2 - 1 [ITS-90, deg C]
# name 14 = c0S/m: Conductivity [S/m]
# name 15 = c1S/m: Conductivity, 2 [S/m]
# name 16 = C2-C1S/m: Conductivity Difference, 2 - 1 [S/m]
# name 17 = sal00: Salinity, Practical [PSU]
# name 18 = sal11: Salinity, Practical, 2 [PSU]
# name 19 = sbeox0ML/L: Oxygen, SBE 43 [ml/l]
# name 20 = sigma-é00: Density [sigma-theta, kg/m^3]
# name 21 = sigma-é11: Density, 2 [sigma-theta, kg/m^3]
# name 22 = nbf: Bottles Fired
# name 23 = flag:  0.000e+00
# interval = seconds: 0.0416667
# start_time = Oct 20 2019 12:04:22 [NMEA time, header]
# bad_flag = -9.990e-29
*END*
[from data line 725]
      63603 293.533705  -43.98276  -53.14274     -0.048    1496.44     48.259     47.866    14.1958    14.1968     0.0010    14.1887    14.1897     0.0010   4.287447   4.288138   0.000691    35.6734    35.6789     5.3784    26.6676    26.6716          5  0.000e+00
      63604 293.533705  -43.98276  -53.14274     -0.044    1496.44     48.259     47.866    14.1953    14.1965     0.0012    14.1882    14.1894     0.0012   4.287404   4.288165   0.000761    35.6735    35.6794     5.3788    26.6678    26.6721          5  0.000e+00
      63605 293.533706  -43.98276  -53.14274     -0.035    1496.44     48.314     47.920    14.1957    14.1967     0.0011    14.1886    14.1897     0.0011   4.287433   4.288125   0.000692    35.6734    35.6788     5.3758    26.6676    26.6716          5  0.000e+00
      63606 293.533706  -43.98276  -53.14274     -0.033    1496.44     48.259     47.866    14.1957    14.1970     0.0013    14.1886    14.1899     0.0013   4.287447   4.288118   0.000671    35.6735    35.6785     5.3793    26.6677    26.6713          5  0.000e+00
      63607 293.533707  -43.98276  -53.14274     -0.030    1496.44     48.211     47.819    14.1955    14.1965     0.0010    14.1884    14.1894     0.0010   4.287426   4.288165   0.000740    35.6735    35.6795     5.3796    26.6678    26.6722          5  0.000e+00
      63608 293.533707  -43.98276  -53.14274     -0.022    1496.44     48.355     47.961    14.1955    14.1968     0.0013    14.1884    14.1897     0.0013   4.287468   4.288165   0.000697    35.6738    35.6791     5.3803    26.6680    26.6718          5  0.000e+00
      63609 293.533708  -43.98276  -53.14274     -0.013    1496.44     48.314     47.920    14.1955    14.1966     0.0012    14.1884    14.1896     0.0012   4.287454   4.288179   0.000725    35.6737    35.6794     5.3805    26.6679    26.6721          5  0.000e+00
      63610 293.533708  -43.98276  -53.14274     -0.014    1496.44     48.259     47.866    14.1955    14.1968     0.0013    14.1884    14.1897     0.0013   4.287454   4.288152   0.000698    35.6737    35.6790     5.3808    26.6679    26.6717          5  0.000e+00
      63611 293.533709  -43.98276  -53.14274     -0.004    1496.44     48.314     47.920    14.1955    14.1970     0.0016    14.1884    14.1900     0.0016   4.287475   4.288159   0.000683    35.6739    35.6788     5.3810    26.6681    26.6715          5  0.000e+00
      63612 293.533709  -43.98276  -53.14274      0.002    1496.44     48.314     47.920    14.1955    14.1968     0.0013    14.1884    14.1897     0.0013   4.287454   4.288179   0.000725    35.6737    35.6792     5.3848    26.6679    26.6719          5  0.000e+00
      63613 293.533709  -43.98276  -53.14274      0.004    1496.44     48.307     47.914    14.1957    14.1968     0.0011    14.1886    14.1897     0.0011   4.287454   4.288152   0.000698    35.6736    35.6790     5.3853    26.6678    26.6717          5  0.000e+00
      63614 293.533710  -43.98276  -53.14274      0.010    1496.44     48.314     47.921    14.1955    14.1968     0.0013    14.1884    14.1897     0.0013   4.287447   4.288125   0.000678    35.6737    35.6787     5.3858    26.6679    26.6715          5  0.000e+00
      63615 293.533710  -43.98276  -53.14274      0.019    1496.44     48.362     47.968    14.1957    14.1966     0.0010    14.1886    14.1896     0.0010   4.287454   4.288165   0.000711    35.6735    35.6792     5.3863    26.6677    26.6719          5  0.000e+00
      63616 293.533711  -43.98276  -53.14274      0.021    1496.44     48.314     47.921    14.1957    14.1968     0.0011    14.1886    14.1897     0.0011   4.287447   4.288165   0.000718    35.6735    35.6791     5.3867    26.6677    26.6718          5  0.000e+00
      63617 293.533711  -43.98276  -53.14274      0.030    1496.44     48.362     47.968    14.1957    14.1965     0.0009    14.1886    14.1895     0.0009   4.287447   4.288179   0.000732    35.6735    35.6795     5.3872    26.6677    26.6721          5  0.000e+00
      63618 293.533712  -43.98276  -53.14274      0.032    1496.44     48.314     47.921    14.1958    14.1968     0.0010    14.1887    14.1897     0.0010   4.287490   4.288206   0.000717    35.6738    35.6795     5.3875    26.6679    26.6721          5  0.000e+00
      63619 293.533712  -43.98276  -53.14274      0.040    1496.44     48.355     47.961    14.1958    14.1968     0.0010    14.1887    14.1897     0.0010   4.287461   4.288179   0.000718    35.6735    35.6792     5.3876    26.6677    26.6719          5  0.000e+00
      63620 293.533713  -43.98276  -53.14274      0.043    1496.44     48.417     48.023    14.1957    14.1968     0.0011    14.1886    14.1897     0.0011   4.287468   4.288179   0.000711    35.6736    35.6792     5.3878    26.6678    26.6719          5  0.000e+00
      63621 293.533713  -43.98276  -53.14274      0.056    1496.44     48.362     47.968    14.1955    14.1968     0.0013    14.1884    14.1897     0.0013   4.287440   4.288165   0.000726    35.6736    35.6791     5.3881    26.6678    26.6718          5  0.000e+00
      63622 293.533714  -43.98276  -53.14274      0.061    1496.44     48.362     47.968    14.1957    14.1968     0.0011    14.1886    14.1897     0.0011   4.287468   4.288179   0.000711    35.6737    35.6792     5.3880    26.6678    26.6719          5  0.000e+00
      63623 293.533714  -43.98276  -53.14274      0.065    1496.44     48.362     47.968    14.1958    14.1967     0.0009    14.1887    14.1896     0.0009   4.287454   4.288186   0.000732    35.6734    35.6794     5.3880    26.6676    26.6720          5  0.000e+00
      63624 293.533715  -43.98276  -53.14274      0.069    1496.44     48.362     47.968    14.1957    14.1966     0.0010    14.1886    14.1896     0.0010   4.287490   4.288138   0.000649    35.6739    35.6790     5.3880    26.6680    26.6718          5  0.000e+00
      63625 293.533715  -43.98276  -53.14274      0.075    1496.44     48.410     48.016    14.1957    14.1965     0.0008    14.1886    14.1894     0.0008   4.287433   4.288165   0.000733    35.6733    35.6794     5.3912    26.6676    26.6721          5  0.000e+00
      63626 293.533716  -43.98276  -53.14274      0.076    1496.44     48.417     48.023    14.1957    14.1966     0.0010    14.1886    14.1896     0.0010   4.287433   4.288152   0.000719    35.6733    35.6791     5.3916    26.6676    26.6718          5  0.000e+00
      63627 293.533716  -43.98276  -53.14274      0.085    1496.44     48.417     48.023    14.1957    14.1971     0.0015    14.1886    14.1901     0.0015   4.287490   4.288159   0.000669    35.6738    35.6787     5.3919    26.6680    26.6714          5  0.000e+00
      63628 293.533717  -43.98276  -53.14274      0.093    1496.44     48.465     48.070    14.1958    14.1967     0.0009    14.1887    14.1896     0.0009   4.287518   4.288234   0.000716    35.6740    35.6798     5.3923    26.6680    26.6723          5  0.000e+00
      63629 293.533717  -43.98276  -53.14274      0.095    1496.44     48.362     47.968    14.1958    14.1971     0.0013    14.1887    14.1901     0.0013   4.287475   4.288186   0.000711    35.6736    35.6790     5.3926    26.6678    26.6716          5  0.000e+00
      63630 293.533718  -43.98276  -53.14274      0.103    1496.44     48.465     48.070    14.1957    14.1966     0.0010    14.1886    14.1896     0.0010   4.287504   4.288179   0.000675    35.6739    35.6793     5.3894    26.6681    26.6720          5  0.000e+00
      63631 293.533718  -43.98276  -53.14274      0.107    1496.44     48.410     48.016    14.1957    14.1970     0.0013    14.1886    14.1899     0.0013   4.287461   4.288206   0.000745    35.6736    35.6793     5.3893    26.6678    26.6719          5  0.000e+00
      63632 293.533719  -43.98276  -53.14274      0.105    1496.44     48.465     48.070    14.1957    14.1968     0.0011    14.1886    14.1897     0.0011   4.287426   4.288179   0.000753    35.6732    35.6792     5.3926    26.6675    26.6719          5  0.000e+00
      63633 293.533719  -43.98276  -53.14274      0.117    1496.44     48.465     48.070    14.1957    14.1971     0.0015    14.1886    14.1901     0.0015   4.287440   4.288206   0.000766    35.6734    35.6791     5.3928    26.6676    26.6717          5  0.000e+00
      63634 293.533720  -43.98276  -53.14274      0.119    1496.44     48.465     48.070    14.1955    14.1969     0.0014    14.1884    14.1898     0.0014   4.287468   4.288193   0.000724    35.6738    35.6792     5.3929    26.6680    26.6719          5  0.000e+00
      63635 293.533720  -43.98276  -53.14274      0.124    1496.44     48.465     48.070    14.1955    14.1970     0.0015    14.1884    14.1899     0.0015   4.287412   4.288193   0.000781    35.6733    35.6791     5.3931    26.6676    26.6718          5  0.000e+00
      63636 293.533721  -43.98276  -53.14274      0.132    1496.44     48.513     48.118    14.1957    14.1968     0.0011    14.1886    14.1897     0.0011   4.287433   4.288213   0.000780    35.6733    35.6795     5.3899    26.6675    26.6721          5  0.000e+00
      63637 293.533721  -43.98276  -53.14274      0.135    1496.44     48.506     48.111    14.1958    14.1968     0.0010    14.1887    14.1897     0.0010   4.287447   4.288200   0.000752    35.6733    35.6793     5.3929    26.6675    26.6720          5  0.000e+00
      63638 293.533722  -43.98276  -53.14274      0.133    1496.44     48.465     48.070    14.1957    14.1966     0.0010    14.1886    14.1896     0.0010   4.287454   4.288213   0.000759    35.6735    35.6796     5.3927    26.6677    26.6723          5  0.000e+00
      63639 293.533722  -43.98276  -53.14274      0.141    1496.44     48.513     48.118    14.1957    14.1968     0.0011    14.1886    14.1897     0.0011   4.287475   4.288193   0.000717    35.6737    35.6793     5.3927    26.6679    26.6720          5  0.000e+00
      63640 293.533723  -43.98276  -53.14274      0.146    1496.44     48.513     48.118    14.1957    14.1967     0.0011    14.1886    14.1896     0.0011   4.287461   4.288138   0.000677    35.6735    35.6789     5.3927    26.6678    26.6716          5  0.000e+00
      63641 293.533723  -43.98276  -53.14274      0.150    1496.44     48.513     48.118    14.1960    14.1971     0.0012    14.1889    14.1901     0.0012   4.287475   4.288193   0.000717    35.6734    35.6790     5.3926    26.6676    26.6716          5  0.000e+00
      63642 293.533723  -43.98276  -53.14274      0.150    1496.44     48.513     48.118    14.1958    14.1971     0.0013    14.1887    14.1901     0.0013   4.287511   4.288200   0.000689    35.6739    35.6790     5.3924    26.6680    26.6717          5  0.000e+00
      63643 293.533724  -43.98276  -53.14274      0.153    1496.44     48.506     48.111    14.1958    14.1971     0.0013    14.1887    14.1901     0.0013   4.287532   4.288213   0.000681    35.6741    35.6792     5.3923    26.6681    26.6718          5  0.000e+00
      63644 293.533724  -43.98278  -53.14274      0.152    1496.44     48.568     48.172    14.1962    14.1971     0.0010    14.1891    14.1900     0.0010   4.287553   4.288220   0.000667    35.6739    35.6792     5.3921    26.6679    26.6718          5  0.000e+00
      63645 293.533725  -43.98278  -53.14274      0.160    1496.44     48.568     48.172    14.1963    14.1977     0.0014    14.1892    14.1906     0.0014   4.287497   4.288261   0.000764    35.6732    35.6791     5.3919    26.6674    26.6716          5  0.000e+00
      63646 293.533725  -43.98278  -53.14274      0.160    1496.44     48.513     48.118    14.1962    14.1974     0.0012    14.1891    14.1903     0.0012   4.287497   4.288234   0.000737    35.6734    35.6791     5.3916    26.6675    26.6717          5  0.000e+00
      63647 293.533726  -43.98278  -53.14274      0.161    1496.44     48.568     48.172    14.1957    14.1975     0.0018    14.1886    14.1904     0.0018   4.287518   4.288274   0.000756    35.6740    35.6794     5.3914    26.6681    26.6719          5  0.000e+00
      63648 293.533726  -43.98278  -53.14274      0.160    1496.44     48.513     48.118    14.1960    14.1978     0.0018    14.1889    14.1907     0.0018   4.287490   4.288274   0.000785    35.6735    35.6791     5.3911    26.6677    26.6716          5  0.000e+00
      63649 293.533727  -43.98278  -53.14274      0.164    1496.44     48.609     48.213    14.1958    14.1975     0.0017    14.1887    14.1904     0.0017   4.287525   4.288288   0.000763    35.6740    35.6795     5.3908    26.6681    26.6720          5  0.000e+00
      63650 293.533727  -43.98278  -53.14274      0.162    1496.44     48.568     48.172    14.1958    14.1977     0.0019    14.1887    14.1906     0.0019   4.287497   4.288274   0.000778    35.6737    35.6792     5.3904    26.6679    26.6717          5  0.000e+00
      63651 293.533728  -43.98278  -53.14274      0.165    1496.44     48.568     48.172    14.1960    14.1970     0.0011    14.1889    14.1900     0.0011   4.287511   4.288261   0.000750    35.6737    35.6797     5.3900    26.6678    26.6722          5  0.000e+00
      63652 293.533728  -43.98278  -53.14274      0.167    1496.44     48.616     48.220    14.1962    14.1973     0.0012    14.1891    14.1902     0.0012   4.287589   4.288261   0.000672    35.6742    35.6794     5.3898    26.6682    26.6719          5  0.000e+00
      63653 293.533729  -43.98278  -53.14274      0.165    1496.44     48.568     48.172    14.1965    14.1971     0.0007    14.1894    14.1900     0.0007   4.287568   4.288213   0.000646    35.6737    35.6791     5.3896    26.6677    26.6718          5  0.000e+00
      63654 293.533729  -43.98278  -53.14274      0.166    1496.44     48.561     48.166    14.1962    14.1971     0.0010    14.1891    14.1900     0.0010   4.287518   4.288240   0.000722    35.6736    35.6794     5.3891    26.6677    26.6720          5  0.000e+00
      63655 293.533730  -43.98278  -53.14274      0.166    1496.44     48.616     48.220    14.1962    14.1975     0.0013    14.1891    14.1904     0.0013   4.287483   4.288227   0.000744    35.6732    35.6789     5.3889    26.6674    26.6715          5  0.000e+00
      63656 293.533730  -43.98278  -53.14274      0.162    1496.44     48.616     48.220    14.1962    14.1970     0.0008    14.1891    14.1899     0.0008   4.287511   4.288234   0.000723    35.6735    35.6795     5.3887    26.6676    26.6720          5  0.000e+00
      63657 293.533731  -43.98278  -53.14274      0.163    1496.44     48.568     48.172    14.1962    14.1969     0.0007    14.1891    14.1898     0.0007   4.287560   4.288220   0.000660    35.6740    35.6795     5.3883    26.6680    26.6721          5  0.000e+00
      63658 293.533731  -43.98278  -53.14274      0.164    1496.44     48.616     48.220    14.1963    14.1968     0.0005    14.1892    14.1897     0.0005   4.287532   4.288200   0.000667    35.6736    35.6793     5.3880    26.6676    26.6720          5  0.000e+00
      63659 293.533732  -43.98278  -53.14274      0.161    1496.44     48.616     48.220    14.1963    14.1968     0.0005    14.1892    14.1897     0.0005   4.287546   4.288240   0.000694    35.6737    35.6797     5.3877    26.6677    26.6723          5  0.000e+00
      63660 293.533732  -43.98278  -53.14274      0.157    1496.44     48.561     48.166    14.1963    14.1965     0.0002    14.1892    14.1894     0.0002   4.287539   4.288200   0.000660    35.6736    35.6796     5.3873    26.6677    26.6723          5  0.000e+00
      63661 293.533733  -43.98278  -53.14274      0.156    1496.44     48.616     48.220    14.1963    14.1971     0.0008    14.1892    14.1900     0.0008   4.287553   4.288193   0.000639    35.6737    35.6789     5.3872    26.6678    26.6716          5  0.000e+00
