Pos-Processados/process_op38/operantar38_012.ros
* Sea-Bird SBE 9 Data File:
* FileName = D:\OPERANTAR_XXXVIII\DADOS\OP38_012.hdr
* Software Version Seasave V 7.18c
* Temperature SN = 4808
* Conductivity SN = 3380
* Number of Bytes Per Scan = 31
* Number of Voltage Words = 2
* Number of Scans Averaged by the Deck Unit = 1
* NMEA Latitude = 43 26.50 S
* NMEA Longitude = 053 36.73 W
* NMEA UTC (Time) = Oct 20 2019 19:38:05
** H41
** NAVIO POLAR ALMIRANTE MAXIMIANO
** CRUZEIRO:
** OPERANTAR XXXVIII
** ESTAÇÃO: OP38_012
** LAT 43 26,49' S
** LONG 053 36,73'  W
** 09P73767-1155
** PROFUNDIDADE: 5647
** DATA/HORA: 201939Z/OUT/2019
** OPERADOR: SO-HN CHAVES
# nquan = 27
# nvalues = 2234                                  
# units = specified
# name 0 = scan: Scan Count
# name 1 = timeJ: Julian Days
# name 2 = latitude: Latitude [deg]
# name 3 = longitude: Longitude [deg]
# name 4 = dz/dtM: Descent Rate [m/s]
# name 5 = avgsvCM: Average Sound Velocity [Chen-Millero, m/s]
# name 6 = prDM: Pressure, Digiquartz [db]
# name 7 = depSM: Depth [salt water, m]
# name 8 = t090C: Temperature [ITS-90, deg C]
# name 9 = t190C: Temperature, 2 [ITS-90, deg C]
# name 10 = T2-T190C: Temperature Difference, 2 - 1 [ITS-90, deg C]
# name 11 = potemp090C: Potential Temperature [ITS-90, deg C]
# name 12 = potemp190C: Potential Temperature, 2 [ITS-90, deg C]
# name 13 = potemp90Cdiff: Potential Temperature, Diff, 2 - 1 [ITS-90, deg C]
# name 14 = c0S/m: Conductivity [S/m]
# name 15 = c1S/m: Conductivity, 2 [S/m]
# name 16 = C2-C1S/m: Conductivity Difference, 2 - 1 [S/m]
# name 17 = sal00: Salinity, Practical [PSU]
# name 18 = sal11: Salinity, Practical, 2 [PSU]
# name 19 = sbeox0ML/L: Oxygen, SBE 43 [ml/l]
# name 20 = sigma-é00: Density [sigma-theta, kg/m^3]
# name 21 = sigma-é11: Density, 2 [sigma-theta, kg/m^3]
# name 22 = sbox0Mm/Kg: Oxygen, SBE 43 [umol/kg]
# name 23 = oxsolMm/Kg: Oxygen Saturation, Garcia & Gordon [umol/kg]
# name 24 = oxsatMm/Kg: Oxygen Saturation, Weiss [umol/kg]
# name 25 = nbf: Bottles Fired
# name 26 = flag:  0.000e+00
# interval = seconds: 0.0416667
# start_time = Oct 20 2019 19:38:05 [NMEA time, header]
# bad_flag = -9.990e-29
*END*
[from data line 591]
      61178 293.847616  -43.44174  -53.61230     -0.011    1476.15     14.953     14.833     9.5522     9.5516    -0.0005     9.5505     9.5500    -0.0005   3.685958   3.686583   0.000625    34.1590    34.1660     6.7246    26.3704    26.3759    292.604  278.96835  279.14265          4  0.000e+00
      61179 293.847617  -43.44174  -53.61230     -0.013    1476.15     14.973     14.853     9.5530     9.5525    -0.0005     9.5513     9.5509    -0.0005   3.686098   3.686634   0.000536    34.1597    34.1656     6.7242    26.3708    26.3755    292.587  278.96197  279.13621          4  0.000e+00
      61180 293.847617  -43.44174  -53.61230     -0.016    1476.15     14.905     14.785     9.5538     9.5530    -0.0008     9.5521     9.5513    -0.0008   3.686158   3.686647   0.000489    34.1596    34.1654     6.7237    26.3705    26.3752    292.567  278.95739  279.13155          4  0.000e+00
      61181 293.847618  -43.44174  -53.61230     -0.018    1476.15     14.953     14.833     9.5543     9.5527    -0.0016     9.5526     9.5511    -0.0016   3.686218   3.686666   0.000448    34.1597    34.1658     6.7238    26.3706    26.3756    292.569  278.95413  279.12826          4  0.000e+00
      61182 293.847618  -43.44174  -53.61230     -0.023    1476.15     14.918     14.799     9.5543     9.5534    -0.0008     9.5526     9.5518    -0.0008   3.686238   3.686698   0.000460    34.1599    34.1655     6.7197    26.3707    26.3752    292.392  278.95369  279.12782          4  0.000e+00
      61183 293.847619  -43.44174  -53.61230     -0.023    1476.15     14.953     14.833     9.5546     9.5537    -0.0009     9.5529     9.5521    -0.0009   3.686211   3.686755   0.000544    34.1593    34.1658     6.7227    26.3702    26.3754    292.523  278.95304  279.12713          4  0.000e+00
      61184 293.847619  -43.44174  -53.61230     -0.026    1476.15     14.919     14.799     9.5543     9.5543    -0.0000     9.5526     9.5526    -0.0000   3.686225   3.686819   0.000595    34.1598    34.1659     6.7227    26.3706    26.3755    292.524  278.95397  279.12809          4  0.000e+00
      61185 293.847620  -43.44174  -53.61230     -0.029    1476.15     14.953     14.833     9.5553     9.5552    -0.0001     9.5537     9.5535    -0.0001   3.686258   3.686935   0.000677    34.1591    34.1662     6.7226    26.3699    26.3755    292.519  278.94900  279.12302          4  0.000e+00
      61186 293.847620  -43.44174  -53.61230     -0.031    1476.15     14.905     14.785     9.5561     9.5564     0.0003     9.5545     9.5548     0.0003   3.686438   3.687063   0.000625    34.1602    34.1664     6.7224    26.3707    26.3755    292.509  278.94194  279.11591          4  0.000e+00
      61187 293.847621  -43.44174  -53.61230     -0.035    1476.15     14.919     14.799     9.5568     9.5578     0.0010     9.5552     9.5562     0.0010   3.686545   3.687217   0.000672    34.1607    34.1666     6.7223    26.3709    26.3754    292.502  278.93687  279.11079          4  0.000e+00
      61188 293.847621  -43.44174  -53.61230     -0.037    1476.15     14.905     14.786     9.5577     9.5597     0.0020     9.5561     9.5581     0.0020   3.686585   3.687434   0.000850    34.1602    34.1671     6.7221    26.3704    26.3755    292.495  278.93234  279.10617          4  0.000e+00
      61189 293.847622  -43.44174  -53.61230     -0.041    1476.15     14.905     14.786     9.5583     9.5603     0.0020     9.5566     9.5587     0.0020   3.686638   3.687313   0.000675    34.1602    34.1653     6.7182    26.3703    26.3739    292.327  278.92877  279.10255          4  0.000e+00
      61190 293.847622  -43.44174  -53.61230     -0.041    1476.15     14.919     14.799     9.5584     9.5597     0.0013     9.5568     9.5580     0.0013   3.686685   3.687185   0.000500    34.1606    34.1645     6.7215    26.3706    26.3734    292.468  278.92720  279.10097          4  0.000e+00
      61191 293.847622  -43.44174  -53.61230     -0.046    1476.15     14.905     14.786     9.5591     9.5595     0.0004     9.5574     9.5578     0.0004   3.686698   3.687313   0.000615    34.1601    34.1661     6.7213    26.3701    26.3747    292.461  278.92425  279.09795          4  0.000e+00
      61192 293.847623  -43.44174  -53.61230     -0.046    1476.15     14.905     14.786     9.5593     9.5597     0.0004     9.5576     9.5581     0.0004   3.686718   3.687364   0.000646    34.1601    34.1664     6.7212    26.3701    26.3749    292.456  278.92301  279.09670          4  0.000e+00
      61193 293.847623  -43.44174  -53.61230     -0.052    1476.15     14.871     14.752     9.5598     9.5601     0.0003     9.5582     9.5585     0.0003   3.686745   3.687383   0.000638    34.1599    34.1662     6.7210    26.3698    26.3747    292.447  278.92017  279.09381          4  0.000e+00
      61194 293.847624  -43.44174  -53.61230     -0.053    1476.15     14.905     14.786     9.5604     9.5599    -0.0005     9.5588     9.5582    -0.0005   3.686831   3.687338   0.000507    34.1602    34.1659     6.7208    26.3699    26.3745    292.438  278.91595  279.08954          4  0.000e+00
      61195 293.847624  -43.44174  -53.61230     -0.059    1476.15     14.850     14.731     9.5614     9.5593    -0.0021     9.5598     9.5577    -0.0021   3.686931   3.687229   0.000298    34.1603    34.1654     6.7204    26.3699    26.3742    292.423  278.90972  279.08323          4  0.000e+00
      61196 293.847625  -43.44174  -53.61230     -0.058    1476.15     14.919     14.799     9.5620     9.5595    -0.0025     9.5604     9.5579    -0.0025   3.686978   3.687242   0.000264    34.1601    34.1653     6.7206    26.3696    26.3741    292.431  278.90615  279.07960          4  0.000e+00
      61197 293.847625  -43.44174  -53.61230     -0.064    1476.15     14.905     14.786     9.5621     9.5598    -0.0024     9.5605     9.5581    -0.0024   3.686985   3.687358   0.000373    34.1601    34.1662     6.7204    26.3696    26.3748    292.423  278.90559  279.07903          4  0.000e+00
      61198 293.847626  -43.44174  -53.61230     -0.062    1476.15     14.871     14.752     9.5625     9.5607    -0.0019     9.5609     9.5590    -0.0019   3.686965   3.687492   0.000527    34.1596    34.1668     6.7202    26.3691    26.3750    292.413  278.90433  279.07773          4  0.000e+00
      61199 293.847626  -43.44174  -53.61230     -0.064    1476.15     14.850     14.731     9.5622     9.5610    -0.0013     9.5606     9.5593    -0.0013   3.686958   3.687543   0.000585    34.1598    34.1670     6.7200    26.3693    26.3752    292.406  278.90568  279.07911          4  0.000e+00
      61200 293.847627  -43.44174  -53.61230     -0.065    1476.15     14.905     14.786     9.5616     9.5617     0.0001     9.5599     9.5600     0.0001   3.686905   3.687505   0.000600    34.1599    34.1659     6.7200    26.3695    26.3742    292.404  278.90971  279.08320          4  0.000e+00
      61201 293.847627  -43.44174  -53.61230     -0.066    1476.15     14.871     14.752     9.5618     9.5614    -0.0004     9.5602     9.5598    -0.0004   3.686865   3.687511   0.000646    34.1592    34.1662     6.7197    26.3690    26.3745    292.393  278.90948  279.08294          4  0.000e+00
      61202 293.847628  -43.44174  -53.61230     -0.068    1476.15     14.851     14.732     9.5614     9.5610    -0.0004     9.5598     9.5594    -0.0004   3.686878   3.687447   0.000569    34.1598    34.1660     6.7199    26.3694    26.3744    292.401  278.91083  279.08433          4  0.000e+00
      61203 293.847628  -43.44174  -53.61230     -0.071    1476.15     14.851     14.732     9.5618     9.5613    -0.0005     9.5601     9.5597    -0.0005   3.686911   3.687447   0.000536    34.1598    34.1657     6.7200    26.3694    26.3741    292.405  278.90870  279.08217          4  0.000e+00
      61204 293.847629  -43.44174  -53.61230     -0.071    1476.15     14.871     14.752     9.5619     9.5613    -0.0006     9.5603     9.5597    -0.0006   3.686991   3.687479   0.000488    34.1604    34.1660     6.7197    26.3699    26.3743    292.393  278.90645  279.07991          4  0.000e+00
      61205 293.847629  -43.44174  -53.61230     -0.072    1476.15     14.851     14.732     9.5622     9.5610    -0.0013     9.5606     9.5593    -0.0013   3.686998   3.687492   0.000494    34.1602    34.1665     6.7231    26.3696    26.3748    292.541  278.90486  279.07829          4  0.000e+00
      61206 293.847630  -43.44174  -53.61230     -0.074    1476.15     14.851     14.732     9.5623     9.5613    -0.0010     9.5607     9.5597    -0.0010   3.687031   3.687537   0.000505    34.1605    34.1666     6.7236    26.3699    26.3748    292.560  278.90396  279.07739          4  0.000e+00
      61207 293.847630  -43.44174  -53.61230     -0.073    1476.15     14.871     14.752     9.5624     9.5623    -0.0001     9.5608     9.5606    -0.0001   3.687025   3.687556   0.000531    34.1603    34.1659     6.7203    26.3697    26.3741    292.420  278.90371  279.07713          4  0.000e+00
      61208 293.847631  -43.44174  -53.61230     -0.073    1476.15     14.851     14.732     9.5624     9.5620    -0.0004     9.5608     9.5604    -0.0004   3.686998   3.687575   0.000577    34.1600    34.1664     6.7238    26.3695    26.3745    292.568  278.90424  279.07766          4  0.000e+00
      61209 293.847631  -43.44174  -53.61230     -0.073    1476.15     14.871     14.752     9.5624     9.5621    -0.0003     9.5608     9.5605    -0.0003   3.686985   3.687537   0.000552    34.1599    34.1659     6.7238    26.3694    26.3741    292.571  278.90454  279.07795          4  0.000e+00
      61210 293.847632  -43.44174  -53.61230     -0.075    1476.15     14.803     14.684     9.5621     9.5620    -0.0002     9.5605     9.5604    -0.0002   3.686985   3.687524   0.000539    34.1602    34.1659     6.7238    26.3696    26.3741    292.570  278.90550  279.07894          4  0.000e+00
      61211 293.847632  -43.44174  -53.61230     -0.072    1476.15     14.906     14.786     9.5622     9.5623     0.0000     9.5606     9.5606     0.0000   3.686965   3.687620   0.000655    34.1598    34.1666     6.7239    26.3694    26.3746    292.573  278.90560  279.07902          4  0.000e+00
      61212 293.847633  -43.44174  -53.61230     -0.075    1476.15     14.823     14.705     9.5620     9.5620    -0.0001     9.5604     9.5604    -0.0001   3.686958   3.687575   0.000617    34.1600    34.1664     6.7238    26.3695    26.3745    292.569  278.90648  279.07992          4  0.000e+00
      61213 293.847633  -43.44174  -53.61230     -0.073    1476.15     14.851     14.732     9.5622     9.5621    -0.0001     9.5606     9.5605    -0.0001   3.687025   3.686967  -0.000058    34.1605    34.1600     6.7241    26.3699    26.3695    292.581  278.90430  279.07774          4  0.000e+00
      61214 293.847634  -43.44174  -53.61230     -0.073    1476.15     14.851     14.732     9.5624     9.5618    -0.0006     9.5608     9.5602    -0.0006   3.687051   3.686473  -0.000578    34.1605    34.1552     6.7243    26.3699    26.3658    292.592  278.90293  279.07635          4  0.000e+00
      61215 293.847634  -43.44174  -53.61230     -0.075    1476.15     14.823     14.705     9.5625     9.5616    -0.0009     9.5609     9.5600    -0.0009   3.687025   3.687261   0.000237    34.1602    34.1635     6.7246    26.3696    26.3724    292.603  278.90305  279.07645          4  0.000e+00
      61216 293.847635  -43.44174  -53.61230     -0.072    1476.15     14.851     14.732     9.5625     9.5617    -0.0009     9.5609     9.5600    -0.0009   3.686991   3.687556   0.000565    34.1598    34.1665     6.7282    26.3693    26.3747    292.760  278.90376  279.07716          4  0.000e+00
      61217 293.847635  -43.44174  -53.61230     -0.071    1476.15     14.851     14.732     9.5620     9.5621     0.0001     9.5604     9.5605     0.0001   3.686985   3.687556   0.000571    34.1602    34.1661     6.7251    26.3697    26.3743    292.627  278.90595  279.07940          4  0.000e+00
      61218 293.847636  -43.44174  -53.61230     -0.069    1476.15     14.824     14.705     9.5625     9.5620    -0.0005     9.5609     9.5604    -0.0005   3.687011   3.687530   0.000519    34.1601    34.1659     6.7289    26.3695    26.3742    292.793  278.90332  279.07673          4  0.000e+00
      61219 293.847636  -43.44174  -53.61230     -0.068    1476.15     14.851     14.732     9.5621     9.5618    -0.0004     9.5605     9.5601    -0.0004   3.687018   3.687498   0.000480    34.1605    34.1658     6.7258    26.3699    26.3741    292.658  278.90485  279.07830          4  0.000e+00
      61220 293.847636  -43.44174  -53.61228     -0.063    1476.15     14.906     14.786     9.5624     9.5613    -0.0011     9.5607     9.5597    -0.0011   3.686998   3.687511   0.000513    34.1600    34.1663     6.7260    26.3695    26.3746    292.666  278.90429  279.07771          4  0.000e+00
      61221 293.847637  -43.44174  -53.61228     -0.063    1476.15     14.824     14.705     9.5620     9.5616    -0.0004     9.5604     9.5600    -0.0004   3.686965   3.687543   0.000578    34.1600    34.1664     6.7261    26.3696    26.3746    292.671  278.90634  279.07979          4  0.000e+00
      61222 293.847637  -43.44174  -53.61228     -0.060    1476.15     14.851     14.732     9.5624     9.5620    -0.0004     9.5608     9.5604    -0.0004   3.686998   3.687627   0.000628    34.1600    34.1669     6.7262    26.3695    26.3749    292.675  278.90424  279.07766          4  0.000e+00
      61223 293.847638  -43.44174  -53.61228     -0.057    1476.15     14.872     14.752     9.5623     9.5623     0.0000     9.5607     9.5607     0.0000   3.687065   3.687652   0.000587    34.1608    34.1668     6.7300    26.3701    26.3748    292.840  278.90329  279.07673          4  0.000e+00
      61224 293.847638  -43.44174  -53.61228     -0.058    1476.15     14.803     14.685     9.5627     9.5631     0.0004     9.5611     9.5615     0.0004   3.687158   3.687626   0.000468    34.1614    34.1659     6.7303    26.3705    26.3739    292.852  278.89945  279.07285          4  0.000e+00
      61225 293.847639  -43.44174  -53.61228     -0.051    1476.15     14.906     14.786     9.5637     9.5632    -0.0006     9.5621     9.5615    -0.0006   3.687232   3.687639   0.000408    34.1612    34.1659     6.7269    26.3702    26.3740    292.707  278.89392  279.06724          4  0.000e+00
      61226 293.847639  -43.44174  -53.61228     -0.051    1476.15     14.872     14.753     9.5644     9.5633    -0.0011     9.5627     9.5616    -0.0011   3.687298   3.687729   0.000431    34.1612    34.1668     6.7268    26.3701    26.3746    292.702  278.88984  279.06310          4  0.000e+00
      61227 293.847640  -43.44174  -53.61228     -0.048    1476.15     14.851     14.732     9.5643     9.5638    -0.0005     9.5626     9.5622    -0.0005   3.687238   3.687799   0.000561    34.1607    34.1670     6.7306    26.3697    26.3747    292.865  278.89148  279.06474          4  0.000e+00
      61228 293.847640  -43.44174  -53.61228     -0.041    1476.15     14.906     14.787     9.5645     9.5636    -0.0009     9.5629     9.5619    -0.0009   3.687218   3.687742   0.000524    34.1603    34.1666     6.7309    26.3693    26.3744    292.881  278.89092  279.06415          4  0.000e+00
      61229 293.847641  -43.44174  -53.61228     -0.042    1476.15     14.824     14.705     9.5637     9.5636    -0.0001     9.5621     9.5620    -0.0001   3.687158   3.687691   0.000532    34.1604    34.1660     6.7276    26.3696    26.3740    292.736  278.89537  279.06867          4  0.000e+00
      61230 293.847641  -43.44174  -53.61228     -0.036    1476.15     14.906     14.787     9.5632     9.5631    -0.0001     9.5616     9.5615    -0.0001   3.687045   3.687710   0.000665    34.1597    34.1667     6.7314    26.3691    26.3746    292.902  278.89984  279.07317          4  0.000e+00
