Pos-Processados/process_op38/operantar38_021.cnv
* Sea-Bird SBE 9 Data File:
* FileName = D:\OPERANTAR_XXXVIII\DADOS\OP38_021.hdr
* Software Version Seasave V 7.18c
* Temperature SN = 4808
* Conductivity SN = 3380
* Number of Bytes Per Scan = 34
* Number of Voltage Words = 3
* Number of Scans Averaged by the Deck Unit = 1
* NMEA Latitude = 62 13.30 S
* NMEA Longitude = 058 22.74 W
* NMEA UTC (Time) = Nov 22 2019 13:35:38
** H41
** NAVIO POLAR ALMIRANTE MAXIMIANO
** CRUZEIRO:
** OPERANTAR XXXVIII
** ESTAÇÃO: OP38_021
** LAT 62 13,29'S
** LONG 058 22,75'W
** 09P73767-1155_A
** PROFUNDIDADE: 271
** DATA/HORA: 221336Z/NOV/2019
** OPERADOR: SO-HN CHAVES
# nquan = 30
# nvalues = 460                         
# units = specified
# name 0 = scan: Scan Count
# name 1 = timeJ: Julian Days
# name 2 = latitude: Latitude [deg]
# name 3 = longitude: Longitude [deg]
# name 4 = dz/dtM: Descent Rate [m/s]
# name 5 = avgsvCM: Average Sound Velocity [Chen-Millero, m/s]
# name 6 = prDM: Pressure, Digiquartz [db]
# name 7 = depSM: Depth [salt water, m]
# name 8 = t090C: Temperature [ITS-90, deg C]
# name 9 = t190C: Temperature, 2 [ITS-90, deg C]
# name 10 = T2-T190C: Temperature Difference, 2 - 1 [ITS-90, deg C]
# name 11 = potemp090C: Potential Temperature [ITS-90, deg C]
# name 12 = potemp190C: Potential Temperature, 2 [ITS-90, deg C]
# name 13 = potemp90Cdiff: Potential Temperature, Diff, 2 - 1 [ITS-90, deg C]
# name 14 = c0S/m: Conductivity [S/m]
# name 15 = c1S/m: Conductivity, 2 [S/m]
# name 16 = C2-C1S/m: Conductivity Difference, 2 - 1 [S/m]
# name 17 = sal00: Salinity, Practical [PSU]
# name 18 = sal11: Salinity, Practical, 2 [PSU]
# name 19 = sbeox0ML/L: Oxygen, SBE 43 [ml/l]
# name 20 = sigma-é00: Density [sigma-theta, kg/m^3]
# name 21 = sigma-é11: Density, 2 [sigma-theta, kg/m^3]
# name 22 = sal00: Salinity, Practical [PSU]
# name 23 = sigma-é00: Density [sigma-theta, kg/m^3]
# name 24 = svCM: Sound Velocity [Chen-Millero, m/s]
# name 25 = svCM1: Sound Velocity, 2 [Chen-Millero, m/s]
# name 26 = gsw_ptA0: potential temperature [ITS-90, deg C]
# name 27 = gsw_densityA0: density, TEOS-10 [density, kg/m^3]
# name 28 = gsw_saA0: Absolute Salinity [g/kg]
# name 29 = flag:
# span 0 =        115,      19423       
# span 1 = 326.566467, 326.575778       
# span 2 =  -62.22180,  -62.22178       
# span 3 =  -58.37916,  -58.37914       
# span 4 =     -0.934,      0.944       
# span 5 =       0.00,    1447.94       
# span 6 =      2.000,    232.000       
# span 7 =      1.984,    229.637       
# span 8 =    -0.5713,    -0.3351       
# span 9 =    -0.5726,    -0.3220       
# span 10 =    -0.0168,     0.0269      
# span 11 =    -0.5786,    -0.3352      
# span 12 =    -0.5799,    -0.3221      
# span 13 =    -0.0168,     0.0269      
# span 14 =   2.807432,   2.814514      
# span 15 =   2.807944,   2.815082      
# span 16 =  -0.000374,   0.001569      
# span 17 =    34.1829,    34.3150      
# span 18 =    34.1721,    34.3230      
# span 19 =     6.8985,     7.5991      
# span 20 =    27.4639,    27.5810      
# span 21 =    27.4552,    27.5875      
# span 22 =    34.1828,    34.3150      
# span 23 =    27.4637,    27.5809      
# span 24 =    1446.28,    1449.35      
# span 25 =    1446.30,    1449.36      
# span 26 =    -0.5785,    -0.3352      
# span 27 =  1027.4779,  1028.6944      
# span 28 =    34.3475,    34.4824      
# span 29 = 0.0000e+00, 0.0000e+00      
# interval = decibars: 1                
# start_time = Nov 22 2019 13:35:38 [NMEA time, header]
# bad_flag = -9.990e-29
*END*
[from data line 146]
       7581 326.570068  -62.22180  -58.37916      0.717    1447.37    148.000    146.527    -0.5317    -0.5315     0.0002    -0.5363    -0.5362     0.0002   2.808019   2.808650   0.000635    34.2344    34.2427     7.2851    27.5139    27.5206    34.2343    27.5138    1448.06    1448.07    -0.5362  1028.2265    34.4009 0.0000e+00
       7618 326.570085  -62.22180  -58.37916      0.658    1447.37    149.000    147.516    -0.5318    -0.5317     0.0001    -0.5365    -0.5363     0.0001   2.808080   2.808697   0.000620    34.2347    34.2429     7.2721    27.5141    27.5207    34.2347    27.5141    1448.07    1448.08    -0.5363  1028.2316    34.4013 0.0000e+00
       7652 326.570102  -62.22180  -58.37916      0.685    1447.37    150.000    148.506    -0.5317    -0.5317     0.0000    -0.5364    -0.5364     0.0000   2.808102   2.808740   0.000641    34.2343    34.2429     7.2708    27.5138    27.5207    34.2343    27.5138    1448.09    1448.10    -0.5363  1028.2360    34.4009 0.0000e+00
       7684 326.570117  -62.22180  -58.37916      0.740    1447.37    151.000    149.496    -0.5317    -0.5317    -0.0000    -0.5364    -0.5365    -0.0000   2.808153   2.808763   0.000615    34.2343    34.2426     7.2736    27.5138    27.5205    34.2343    27.5138    1448.10    1448.12    -0.5363  1028.2409    34.4009 0.0000e+00
       7715 326.570132  -62.22180  -58.37916      0.770    1447.37    152.000    150.485    -0.5317    -0.5317    -0.0001    -0.5364    -0.5365    -0.0001   2.808247   2.808801   0.000559    34.2349    34.2425     7.2698    27.5143    27.5204    34.2349    27.5143    1448.12    1448.13    -0.5363  1028.2461    34.4015 0.0000e+00
       7747 326.570148  -62.22180  -58.37916      0.755    1447.37    153.000    151.475    -0.5317    -0.5318    -0.0000    -0.5365    -0.5365    -0.0000   2.808299   2.808883   0.000585    34.2350    34.2429     7.2773    27.5144    27.5208    34.2350    27.5144    1448.14    1448.15    -0.5364  1028.2510    34.4016 0.0000e+00
       7782 326.570164  -62.22180  -58.37916      0.712    1447.37    154.000    152.465    -0.5318    -0.5317     0.0001    -0.5366    -0.5365     0.0001   2.808350   2.808933   0.000586    34.2352    34.2430     7.2788    27.5145    27.5208    34.2352    27.5145    1448.15    1448.17    -0.5365  1028.2559    34.4018 0.0000e+00
       7817 326.570181  -62.22180  -58.37916      0.682    1447.37    155.000    153.454    -0.5317    -0.5318    -0.0000    -0.5366    -0.5366    -0.0000   2.808410   2.808977   0.000570    34.2353    34.2430     7.2775    27.5147    27.5209    34.2353    27.5146    1448.17    1448.18    -0.5364  1028.2608    34.4020 0.0000e+00
       7852 326.570198  -62.22180  -58.37916      0.684    1447.37    156.000    154.444    -0.5318    -0.5319    -0.0000    -0.5367    -0.5368    -0.0000   2.808460   2.809030   0.000571    34.2355    34.2432     7.2739    27.5148    27.5210    34.2355    27.5148    1448.19    1448.20    -0.5366  1028.2657    34.4022 0.0000e+00
       7885 326.570214  -62.22180  -58.37916      0.712    1447.37    157.000    155.433    -0.5319    -0.5319    -0.0000    -0.5368    -0.5368    -0.0000   2.808502   2.809075   0.000573    34.2356    34.2433     7.2766    27.5148    27.5211    34.2356    27.5148    1448.20    1448.21    -0.5367  1028.2705    34.4022 0.0000e+00
       7917 326.570230  -62.22180  -58.37916      0.739    1447.37    158.000    156.423    -0.5319    -0.5319     0.0000    -0.5369    -0.5368     0.0000   2.808563   2.809120   0.000559    34.2358    34.2432     7.2747    27.5150    27.5210    34.2358    27.5150    1448.22    1448.23    -0.5367  1028.2755    34.4025 0.0000e+00
       7950 326.570246  -62.22180  -58.37916      0.735    1447.37    159.000    157.413    -0.5319    -0.5319    -0.0000    -0.5368    -0.5369    -0.0000   2.808617   2.809166   0.000551    34.2358    34.2432     7.2729    27.5150    27.5211    34.2358    27.5151    1448.24    1448.25    -0.5368  1028.2803    34.4025 0.0000e+00
       7984 326.570262  -62.22180  -58.37916      0.718    1447.37    160.000    158.403    -0.5319    -0.5319    -0.0000    -0.5369    -0.5369    -0.0000   2.808673   2.809226   0.000553    34.2359    34.2434     7.2706    27.5151    27.5212    34.2360    27.5152    1448.25    1448.26    -0.5368  1028.2852    34.4027 0.0000e+00
       8017 326.570278  -62.22180  -58.37916      0.715    1447.37    161.000    159.392    -0.5318    -0.5320    -0.0001    -0.5369    -0.5370    -0.0001   2.808724   2.809269   0.000543    34.2360    34.2435     7.2708    27.5152    27.5212    34.2360    27.5152    1448.27    1448.28    -0.5367  1028.2900    34.4027 0.0000e+00
       8049 326.570293  -62.22180  -58.37916      0.747    1447.37    162.000    160.382    -0.5318    -0.5319    -0.0002    -0.5368    -0.5370    -0.0002   2.808775   2.809316   0.000544    34.2359    34.2434     7.2715    27.5151    27.5212    34.2360    27.5152    1448.29    1448.29    -0.5367  1028.2947    34.4027 0.0000e+00
       8080 326.570308  -62.22179  -58.37916      0.777    1447.37    163.000    161.371    -0.5318    -0.5319    -0.0001    -0.5369    -0.5370    -0.0001   2.808828   2.809368   0.000540    34.2361    34.2435     7.2667    27.5152    27.5212    34.2361    27.5153    1448.30    1448.31    -0.5368  1028.2996    34.4028 0.0000e+00
       8112 326.570324  -62.22178  -58.37916      0.751    1447.37    164.000    162.361    -0.5317    -0.5319    -0.0001    -0.5369    -0.5370    -0.0001   2.808889   2.809420   0.000531    34.2363    34.2436     7.2678    27.5154    27.5213    34.2363    27.5154    1448.32    1448.33    -0.5367  1028.3045    34.4030 0.0000e+00
       8150 326.570342  -62.22179  -58.37916      0.647    1447.37    165.000    163.351    -0.5317    -0.5319    -0.0002    -0.5369    -0.5371    -0.0002   2.808940   2.809477   0.000538    34.2363    34.2437     7.2702    27.5154    27.5214    34.2363    27.5154    1448.33    1448.34    -0.5368  1028.3093    34.4030 0.0000e+00
       8184 326.570359  -62.22179  -58.37916      0.670    1447.37    166.000    164.341    -0.5317    -0.5320    -0.0003    -0.5369    -0.5372    -0.0003   2.808991   2.809527   0.000537    34.2363    34.2439     7.2627    27.5154    27.5215    34.2363    27.5155    1448.35    1448.36    -0.5368  1028.3141    34.4030 0.0000e+00
       8213 326.570372  -62.22178  -58.37916      0.807    1447.37    167.000    165.329    -0.5316    -0.5317    -0.0001    -0.5368    -0.5370    -0.0001   2.809057   2.809582   0.000528    34.2364    34.2437     7.2561    27.5155    27.5214    34.2365    27.5156    1448.37    1448.38    -0.5367  1028.3190    34.4033 0.0000e+00
       8239 326.570385  -62.22178  -58.37916      0.889    1447.37    168.000    166.320    -0.5315    -0.5317    -0.0003    -0.5367    -0.5370    -0.0003   2.809153   2.809646   0.000492    34.2370    34.2439     7.2600    27.5160    27.5216    34.2371    27.5161    1448.39    1448.39    -0.5366  1028.3242    34.4038 0.0000e+00
       8270 326.570400  -62.22178  -58.37916      0.824    1447.37    169.000    167.309    -0.5314    -0.5317    -0.0003    -0.5367    -0.5370    -0.0003   2.809202   2.809721   0.000520    34.2370    34.2443     7.2617    27.5160    27.5219    34.2370    27.5160    1448.40    1448.41    -0.5366  1028.3290    34.4038 0.0000e+00
       8306 326.570417  -62.22178  -58.37916      0.683    1447.37    170.000    168.298    -0.5314    -0.5316    -0.0002    -0.5368    -0.5370    -0.0002   2.809243   2.809785   0.000539    34.2370    34.2445     7.2607    27.5160    27.5221    34.2370    27.5160    1448.42    1448.43    -0.5366  1028.3337    34.4038 0.0000e+00
       8343 326.570435  -62.22178  -58.37916      0.642    1447.37    171.000    169.288    -0.5314    -0.5316    -0.0002    -0.5368    -0.5370    -0.0002   2.809294   2.809812   0.000521    34.2370    34.2442     7.2610    27.5160    27.5219    34.2371    27.5161    1448.43    1448.44    -0.5367  1028.3385    34.4038 0.0000e+00
       8377 326.570451  -62.22178  -58.37916      0.694    1447.37    172.000    170.278    -0.5314    -0.5316    -0.0002    -0.5368    -0.5370    -0.0002   2.809366   2.809873   0.000508    34.2373    34.2444     7.2580    27.5163    27.5220    34.2374    27.5163    1448.45    1448.46    -0.5367  1028.3436    34.4041 0.0000e+00
       8409 326.570467  -62.22178  -58.37916      0.739    1447.37    173.000    171.267    -0.5312    -0.5315    -0.0004    -0.5366    -0.5370    -0.0004   2.809523   2.809977   0.000467    34.2384    34.2451     7.2582    27.5171    27.5225    34.2387    27.5173    1448.47    1448.48    -0.5365  1028.3494    34.4054 0.0000e+00
       8442 326.570483  -62.22178  -58.37916      0.742    1447.37    174.000    172.257    -0.5309    -0.5315    -0.0006    -0.5364    -0.5370    -0.0006   2.809949   2.810169   0.000218    34.2433    34.2468     7.2584    27.5210    27.5240    34.2435    27.5212    1448.49    1448.50    -0.5363  1028.3580    34.4103 0.0000e+00
       8477 326.570500  -62.22178  -58.37916      0.687    1447.37    175.000    173.244    -0.5308    -0.5313    -0.0005    -0.5363    -0.5368    -0.0005   2.810154   2.810466   0.000313    34.2453    34.2501     7.2518    27.5227    27.5266    34.2455    27.5228    1448.51    1448.52    -0.5362  1028.3644    34.4123 0.0000e+00
       8517 326.570519  -62.22178  -58.37916      0.611    1447.37    176.000    174.238    -0.5304    -0.5312    -0.0008    -0.5359    -0.5367    -0.0008   2.810321   2.810670   0.000344    34.2466    34.2521     7.2401    27.5237    27.5282    34.2467    27.5238    1448.53    1448.54    -0.5358  1028.3701    34.4135 0.0000e+00
       8556 326.570538  -62.22178  -58.37916      0.617    1447.37    177.000    175.226    -0.5296    -0.5310    -0.0013    -0.5352    -0.5365    -0.0013   2.810507   2.810841   0.000343    34.2475    34.2536     7.2291    27.5244    27.5294    34.2477    27.5246    1448.55    1448.56    -0.5351  1028.3757    34.4145 0.0000e+00
       8592 326.570555  -62.22178  -58.37916      0.652    1447.37    178.000    176.211    -0.5292    -0.5307    -0.0015    -0.5348    -0.5363    -0.0015   2.810611   2.810980   0.000364    34.2479    34.2546     7.2205    27.5248    27.5302    34.2480    27.5248    1448.57    1448.58    -0.5347  1028.3806    34.4148 0.0000e+00
       8629 326.570573  -62.22178  -58.37916      0.650    1447.37    179.000    177.207    -0.5291    -0.5302    -0.0011    -0.5347    -0.5359    -0.0011   2.810670   2.811111   0.000442    34.2480    34.2552     7.2237    27.5248    27.5307    34.2480    27.5248    1448.59    1448.60    -0.5346  1028.3855    34.4149 0.0000e+00
       8667 326.570591  -62.22178  -58.37916      0.632    1447.37    180.000    178.191    -0.5284    -0.5299    -0.0015    -0.5340    -0.5355    -0.0015   2.810838   2.811205   0.000374    34.2487    34.2554     7.2226    27.5253    27.5308    34.2489    27.5255    1448.61    1448.61    -0.5339  1028.3909    34.4157 0.0000e+00
       8705 326.570610  -62.22178  -58.37916      0.629    1447.37    181.000    179.187    -0.5279    -0.5294    -0.0015    -0.5336    -0.5351    -0.0015   2.810963   2.811331   0.000376    34.2492    34.2560     7.2175    27.5257    27.5313    34.2494    27.5259    1448.63    1448.63    -0.5335  1028.3961    34.4163 0.0000e+00
       8743 326.570628  -62.22178  -58.37916      0.644    1447.37    182.000    180.170    -0.5269    -0.5289    -0.0020    -0.5326    -0.5346    -0.0020   2.811190   2.811502   0.000315    34.2504    34.2570     7.2146    27.5267    27.5321    34.2507    27.5269    1448.65    1448.65    -0.5325  1028.4018    34.4176 0.0000e+00
       8779 326.570645  -62.22178  -58.37916      0.660    1447.37    183.000    181.160    -0.5265    -0.5283    -0.0017    -0.5323    -0.5340    -0.0017   2.811296   2.811714   0.000413    34.2510    34.2585     7.2116    27.5271    27.5333    34.2511    27.5272    1448.67    1448.67    -0.5322  1028.4069    34.4180 0.0000e+00
       8815 326.570662  -62.22178  -58.37916      0.665    1447.37    184.000    182.158    -0.5264    -0.5276    -0.0013    -0.5322    -0.5335    -0.0013   2.811365   2.811795   0.000429    34.2512    34.2584     7.2102    27.5273    27.5331    34.2513    27.5274    1448.69    1448.69    -0.5321  1028.4118    34.4182 0.0000e+00
       8847 326.570678  -62.22178  -58.37916      0.726    1447.37    185.000    183.153    -0.5259    -0.5273    -0.0014    -0.5318    -0.5332    -0.0014   2.811510   2.811867   0.000357    34.2519    34.2583     7.2053    27.5279    27.5331    34.2521    27.5280    1448.71    1448.71    -0.5316  1028.4172    34.4190 0.0000e+00
       8876 326.570692  -62.22178  -58.37916      0.799    1447.37    186.000    184.124    -0.5260    -0.5269    -0.0009    -0.5319    -0.5328    -0.0009   2.811542   2.811993   0.000449    34.2519    34.2590     7.2009    27.5279    27.5336    34.2520    27.5280    1448.72    1448.73    -0.5318  1028.4219    34.4189 0.0000e+00
       8909 326.570708  -62.22178  -58.37916      0.758    1447.55    187.000    185.110    -0.5258    -0.5266    -0.0008    -0.5317    -0.5325    -0.0008   2.811666   2.812032   0.000365    34.2527    34.2585     7.2058    27.5285    27.5332    34.2529    27.5286    1448.74    1448.75    -0.5316  1028.4274    34.4198 0.0000e+00
       8954 326.570729  -62.22178  -58.37916      0.548    1447.62    188.000    186.116    -0.5257    -0.5264    -0.0007    -0.5317    -0.5324    -0.0007   2.811740   2.812149   0.000405    34.2531    34.2593     7.2008    27.5288    27.5338    34.2531    27.5288    1448.76    1448.76    -0.5315  1028.4323    34.4200 0.0000e+00
       9001 326.570752  -62.22178  -58.37916      0.501    1447.62    189.000    187.090    -0.5255    -0.5263    -0.0008    -0.5314    -0.5323    -0.0008   2.811787   2.812250   0.000464    34.2528    34.2599     7.2004    27.5285    27.5343    34.2529    27.5286    1448.78    1448.78    -0.5313  1028.4353    34.4178 0.0000e+00
       9036 326.570769 -9.990e-29  -58.37916      0.646    1447.62    190.000    188.116    -0.5257    -0.5262    -0.0004    -0.5318    -0.5322    -0.0004   2.811886   2.812313   0.000432    34.2538    34.2600     7.1985    27.5294    27.5344    34.2539    27.5294    1448.79    1448.80    -0.5316  1028.4382    34.4155 0.0000e+00
       9067 326.570784 -9.990e-29  -58.37916      0.757    1447.62    191.000    189.086    -0.5260    -0.5260    -0.0000    -0.5320    -0.5321    -0.0000   2.811938   2.812397   0.000454    34.2542    34.2604     7.2043    27.5297    27.5347    34.2542    27.5297    1448.81    1448.82    -0.5319  1028.4432    34.4158 0.0000e+00
       9097 326.570799  -62.22180  -58.37916      0.797    1447.62    192.000    190.064    -0.5263    -0.5261     0.0002    -0.5324    -0.5322     0.0002   2.811964   2.812461   0.000492    34.2544    34.2607     7.1968    27.5298    27.5350    34.2544    27.5299    1448.83    1448.83    -0.5323  1028.4493    34.4174 0.0000e+00
       9128 326.570813  -62.22180  -58.37916      0.794    1447.62    193.000    191.062    -0.5312    -0.5262     0.0050    -0.5373    -0.5323     0.0050   2.811960   2.812503   0.000536    34.2593    34.2608     7.1928    27.5341    27.5351    34.2592    27.5340    1448.82    1448.85    -0.5372  1028.4613    34.4261 0.0000e+00
       9159 326.570829  -62.22180  -58.37914      0.768    1447.62    194.000    192.047    -0.5400    -0.5278     0.0122    -0.5461    -0.5340     0.0121   2.812102   2.812592   0.000457    34.2708    34.2632     7.1937    27.5437    27.5370    34.2704    27.5434    1448.81    1448.86    -0.5460  1028.4756    34.4374 0.0000e+00
