Pos-Processados/process_op38/operantar38_009.ros
* Sea-Bird SBE 9 Data File:
* FileName = D:\OPERANTAR_XXXVIII\DADOS\OP38_009.hdr
* Software Version Seasave V 7.18c
* Temperature SN = 4808
* Conductivity SN = 3380
* Number of Bytes Per Scan = 31
* Number of Voltage Words = 2
* Number of Scans Averaged by the Deck Unit = 1
* NMEA Latitude = 44 15.92 S
* NMEA Longitude = 052 42.25 W
* NMEA UTC (Time) = Oct 20 2019 07:17:42
** H41
** NAVIO POLAR ALMIRANTE MAXIMIANO
** CRUZEIRO:
** OPERANTAR XXXVIII
** ESTAÇÃO: OP38_009
** LAT 44º 15,92'S
** LONG 052º 42,27'W
** 09P73767-1155
** PROFUNDIDADE: 5806
** DATA/HORA: 200718Z/OUT/19
** OPERADOR: CTTECCHIO
# nquan = 27
# nvalues = 2170                                  
# units = specified
# name 0 = scan: Scan Count
# name 1 = timeJ: Julian Days
# name 2 = latitude: Latitude [deg]
# name 3 = longitude: Longitude [deg]
# name 4 = dz/dtM: Descent Rate [m/s]
# name 5 = avgsvCM: Average Sound Velocity [Chen-Millero, m/s]
# name 6 = prDM: Pressure, Digiquartz [db]
# name 7 = depSM: Depth [salt water, m]
# name 8 = t090C: Temperature [ITS-90, deg C]
# name 9 = t190C: Temperature, 2 [ITS-90, deg C]
# name 10 = T2-T190C: Temperature Difference, 2 - 1 [ITS-90, deg C]
# name 11 = potemp090C: Potential Temperature [ITS-90, deg C]
# name 12 = potemp190C: Potential Temperature, 2 [ITS-90, deg C]
# name 13 = potemp90Cdiff: Potential Temperature, Diff, 2 - 1 [ITS-90, deg C]
# name 14 = c0S/m: Conductivity [S/m]
# name 15 = c1S/m: Conductivity, 2 [S/m]
# name 16 = C2-C1S/m: Conductivity Difference, 2 - 1 [S/m]
# name 17 = sal00: Salinity, Practical [PSU]
# name 18 = sal11: Salinity, Practical, 2 [PSU]
# name 19 = sbeox0ML/L: Oxygen, SBE 43 [ml/l]
# name 20 = sigma-é00: Density [sigma-theta, kg/m^3]
# name 21 = sigma-é11: Density, 2 [sigma-theta, kg/m^3]
# name 22 = sbox0Mm/Kg: Oxygen, SBE 43 [umol/kg]
# name 23 = oxsolMm/Kg: Oxygen Saturation, Garcia & Gordon [umol/kg]
# name 24 = oxsatMm/Kg: Oxygen Saturation, Weiss [umol/kg]
# name 25 = nbf: Bottles Fired
# name 26 = flag:  0.000e+00
# interval = seconds: 0.0416667
# start_time = Oct 20 2019 07:17:42 [NMEA time, header]
# bad_flag = -9.990e-29
*END*
      58961 293.332392  -44.26540  -52.70420     -0.062    1497.43     21.042     20.872    14.1127    14.1131     0.0004    14.1096    14.1100     0.0004   4.275007   4.275698   0.000691    35.6459    35.6520     5.2544    26.6632    26.6678    228.568  251.05411  250.90784          1  0.000e+00
      58962 293.332392  -44.26540  -52.70420     -0.065    1497.43     20.953     20.784    14.1128    14.1127    -0.0001    14.1098    14.1097    -0.0001   4.274978   4.275664   0.000686    35.6455    35.6520     5.2543    26.6629    26.6679    228.565  251.05388  250.90760          1  0.000e+00
      58963 293.332393  -44.26540  -52.70420     -0.068    1497.43     20.994     20.824    14.1128    14.1129     0.0000    14.1098    14.1098     0.0000   4.274993   4.275657   0.000665    35.6456    35.6518     5.2576    26.6630    26.6677    228.708  251.05368  250.90740          1  0.000e+00
      58964 293.332393  -44.26540  -52.70420     -0.067    1497.43     21.008     20.838    14.1127    14.1131     0.0004    14.1096    14.1100     0.0004   4.274950   4.275678   0.000728    35.6454    35.6518     5.2580    26.6628    26.6677    228.722  251.05500  250.90873          1  0.000e+00
      58965 293.332394  -44.26540  -52.70420     -0.069    1497.43     20.940     20.770    14.1128    14.1129     0.0000    14.1098    14.1099     0.0000   4.274986   4.275691   0.000706    35.6456    35.6521     5.2582    26.6629    26.6680    228.732  251.05375  250.90747          1  0.000e+00
      58966 293.332394  -44.26540  -52.70420     -0.070    1497.43     21.008     20.838    14.1128    14.1136     0.0007    14.1098    14.1105     0.0007   4.274979   4.275698   0.000720    35.6455    35.6515     5.2550    26.6628    26.6674    228.594  251.05392  250.90764          1  0.000e+00
      58967 293.332395  -44.26540  -52.70420     -0.068    1497.43     20.994     20.824    14.1127    14.1134     0.0007    14.1096    14.1103     0.0007   4.274971   4.275719   0.000747    35.6456    35.6519     5.2580    26.6630    26.6677    228.726  251.05465  250.90838          1  0.000e+00
      58968 293.332395  -44.26540  -52.70420     -0.072    1497.43     20.953     20.784    14.1125    14.1131     0.0005    14.1095    14.1100     0.0005   4.274993   4.275705   0.000712    35.6459    35.6521     5.2583    26.6633    26.6679    228.739  251.05474  250.90849          1  0.000e+00
      58969 293.332396  -44.26540  -52.70420     -0.073    1497.43     20.994     20.824    14.1128    14.1134     0.0005    14.1098    14.1103     0.0005   4.274978   4.275664   0.000686    35.6455    35.6514     5.2584    26.6629    26.6673    228.741  251.05391  250.90763          1  0.000e+00
      58970 293.332396  -44.26540  -52.70420     -0.073    1497.43     20.953     20.784    14.1127    14.1131     0.0004    14.1096    14.1100     0.0004   4.274971   4.275657   0.000686    35.6456    35.6516     5.2584    26.6630    26.6676    228.743  251.05462  250.90835          1  0.000e+00
      58971 293.332397  -44.26540  -52.70420     -0.076    1497.43     20.940     20.770    14.1128    14.1131     0.0002    14.1098    14.1100     0.0002   4.274993   4.275685   0.000692    35.6456    35.6519     5.2587    26.6630    26.6678    228.756  251.05364  250.90736          1  0.000e+00
      58972 293.332397  -44.26540  -52.70420     -0.086    1497.43     20.837     20.668    14.1127    14.1127     0.0000    14.1096    14.1097     0.0000   4.274978   4.275698   0.000720    35.6457    35.6524     5.2590    26.6631    26.6682    228.769  251.05442  250.90815          1  0.000e+00
      58973 293.332398  -44.26540  -52.70420     -0.081    1497.43     21.056     20.885    14.1127    14.1126    -0.0001    14.1096    14.1095    -0.0001   4.274993   4.275719   0.000726    35.6458    35.6526     5.2593    26.6631    26.6684    228.778  251.05435  250.90808          1  0.000e+00
      58974 293.332398  -44.26540  -52.70420     -0.083    1497.43     20.940     20.770    14.1127    14.1131     0.0004    14.1096    14.1100     0.0004   4.274978   4.275671   0.000693    35.6457    35.6518     5.2593    26.6630    26.6677    228.779  251.05449  250.90823          1  0.000e+00
      58975 293.332399  -44.26540  -52.70420     -0.082    1497.43     20.953     20.784    14.1127    14.1127     0.0000    14.1096    14.1097     0.0000   4.274971   4.275657   0.000686    35.6456    35.6520     5.2593    26.6630    26.6679    228.782  251.05462  250.90835          1  0.000e+00
      58976 293.332399  -44.26540  -52.70420     -0.083    1497.43     20.940     20.770    14.1130    14.1126    -0.0005    14.1100    14.1095    -0.0005   4.274993   4.275657   0.000665    35.6455    35.6521     5.2594    26.6628    26.6680    228.784  251.05301  250.90672          1  0.000e+00
      58977 293.332400  -44.26540  -52.70420     -0.083    1497.43     20.953     20.784    14.1135    14.1129    -0.0006    14.1105    14.1098    -0.0006   4.275028   4.275657   0.000629    35.6454    35.6518     5.2597    26.6626    26.6677    228.797  251.05088  250.90456          1  0.000e+00
      58978 293.332400  -44.26540  -52.70420     -0.084    1497.43     20.940     20.770    14.1130    14.1127    -0.0003    14.1100    14.1097    -0.0003   4.275042   4.275657   0.000615    35.6459    35.6520     5.2631    26.6632    26.6679    228.944  251.05220  250.90592          1  0.000e+00
      58979 293.332401  -44.26540  -52.70420     -0.084    1497.43     20.953     20.784    14.1132    14.1129    -0.0003    14.1101    14.1098    -0.0003   4.275042   4.275657   0.000615    35.6458    35.6518     5.2604    26.6630    26.6677    228.829  251.05174  250.90545          1  0.000e+00
      58980 293.332401  -44.26540  -52.70420     -0.083    1497.43     20.940     20.770    14.1134    14.1126    -0.0008    14.1103    14.1095    -0.0008   4.275063   4.275678   0.000614    35.6458    35.6523     5.2605    26.6630    26.6682    228.831  251.05076  250.90445          1  0.000e+00
      58981 293.332402  -44.26540  -52.70420     -0.085    1497.43     20.905     20.736    14.1137    14.1129    -0.0008    14.1106    14.1099    -0.0008   4.275049   4.275664   0.000615    35.6454    35.6519     5.2605    26.6626    26.6678    228.833  251.04987  250.90354          1  0.000e+00
      58982 293.332402  -44.26540  -52.70420     -0.084    1497.43     20.940     20.770    14.1137    14.1132    -0.0004    14.1106    14.1102    -0.0004   4.275063   4.275739   0.000676    35.6455    35.6522     5.2606    26.6627    26.6680    228.838  251.04967  250.90333          1  0.000e+00
      58983 293.332403  -44.26540  -52.70420     -0.085    1497.43     20.905     20.736    14.1132    14.1137     0.0006    14.1101    14.1107     0.0006   4.275049   4.275739   0.000690    35.6459    35.6518     5.2607    26.6631    26.6675    228.843  251.05159  250.90530          1  0.000e+00
      58984 293.332403  -44.26540  -52.70420     -0.086    1497.43     20.940     20.770    14.1134    14.1131    -0.0003    14.1103    14.1100    -0.0003   4.275042   4.275671   0.000629    35.6456    35.6518     5.2608    26.6629    26.6677    228.847  251.05111  250.90480          1  0.000e+00
      58985 293.332404  -44.26540  -52.70420     -0.086    1497.43     20.905     20.736    14.1132    14.1131    -0.0001    14.1101    14.1100    -0.0001   4.275014   4.275685   0.000671    35.6455    35.6519     5.2609    26.6628    26.6678    228.851  251.05217  250.90587          1  0.000e+00
      58986 293.332404  -44.26540  -52.70420     -0.083    1497.43     20.940     20.770    14.1130    14.1132     0.0002    14.1100    14.1102     0.0002   4.275028   4.275691   0.000663    35.6458    35.6518     5.2610    26.6631    26.6677    228.856  251.05243  250.90614          1  0.000e+00
      58987 293.332405  -44.26540  -52.70420     -0.083    1497.43     20.953     20.784    14.1130    14.1137     0.0007    14.1100    14.1107     0.0007   4.275014   4.275691   0.000678    35.6457    35.6513     5.2611    26.6629    26.6672    228.860  251.05267  250.90638          1  0.000e+00
      58988 293.332405  -44.26540  -52.70420     -0.080    1497.43     20.940     20.770    14.1127    14.1134     0.0007    14.1096    14.1103     0.0007   4.274978   4.275664   0.000686    35.6457    35.6514     5.2642    26.6630    26.6673    228.995  251.05449  250.90823          1  0.000e+00
      58989 293.332405  -44.26540  -52.70420     -0.079    1497.43     20.905     20.736    14.1125    14.1127     0.0002    14.1095    14.1097     0.0002   4.274971   4.275657   0.000686    35.6457    35.6520     5.2613    26.6631    26.6679    228.867  251.05505  250.90879          1  0.000e+00
      58990 293.332406  -44.26540  -52.70420     -0.074    1497.43     20.994     20.824    14.1123    14.1129     0.0006    14.1093    14.1098     0.0006   4.274908   4.275657   0.000750    35.6453    35.6518     5.2644    26.6628    26.6677    229.004  251.05678  250.91053          1  0.000e+00
      58991 293.332406  -44.26540  -52.70420     -0.075    1497.43     20.905     20.736    14.1120    14.1122     0.0002    14.1090    14.1092     0.0002   4.274894   4.275657   0.000764    35.6455    35.6524     5.2615    26.6630    26.6684    228.875  251.05804  250.91181          1  0.000e+00
      58992 293.332407  -44.26540  -52.70420     -0.073    1497.43     20.940     20.770    14.1118    14.1120     0.0002    14.1088    14.1090     0.0002   4.274894   4.275623   0.000730    35.6456    35.6523     5.2613    26.6632    26.6683    228.866  251.05869  250.91248          1  0.000e+00
      58993 293.332407  -44.26540  -52.70420     -0.071    1497.43     20.953     20.784    14.1115    14.1126     0.0010    14.1085    14.1095     0.0010   4.274922   4.275644   0.000722    35.6462    35.6520     5.2646    26.6637    26.6679    229.010  251.05934  250.91315          1  0.000e+00
      58994 293.332408  -44.26540  -52.70420     -0.069    1497.43     20.892     20.722    14.1115    14.1119     0.0004    14.1085    14.1088     0.0004   4.274851   4.275630   0.000779    35.6456    35.6525     5.2648    26.6632    26.6685    229.022  251.06045  250.91425          1  0.000e+00
      58995 293.332408  -44.26540  -52.70420     -0.066    1497.43     20.940     20.770    14.1115    14.1124     0.0009    14.1084    14.1093     0.0009   4.274844   4.275644   0.000800    35.6455    35.6521     5.2619    26.6632    26.6681    228.894  251.06075  250.91456          1  0.000e+00
      58996 293.332409  -44.26540  -52.70420     -0.062    1497.43     20.953     20.784    14.1113    14.1122     0.0009    14.1083    14.1092     0.0009   4.274879   4.275657   0.000778    35.6460    35.6524     5.2652    26.6636    26.6684    229.036  251.06066  250.91448          1  0.000e+00
      58997 293.332409  -44.26540  -52.70420     -0.060    1497.43     20.940     20.770    14.1115    14.1124     0.0009    14.1085    14.1093     0.0009   4.274922   4.275596   0.000674    35.6462    35.6517     5.2622    26.6637    26.6678    228.905  251.05933  250.91314          1  0.000e+00
      58998 293.332410  -44.26540  -52.70420     -0.058    1497.43     20.905     20.736    14.1118    14.1119     0.0000    14.1088    14.1088     0.0000   4.274957   4.275637   0.000680    35.6463    35.6526     5.2651    26.6637    26.6685    229.031  251.05763  250.91142          1  0.000e+00
      58999 293.332410  -44.26540  -52.70420     -0.052    1497.43     20.994     20.824    14.1120    14.1119    -0.0001    14.1089    14.1088    -0.0001   4.274943   4.275630   0.000687    35.6460    35.6525     5.2621    26.6634    26.6685    228.903  251.05746  250.91124          1  0.000e+00
      59000 293.332411  -44.26540  -52.70420     -0.050    1497.43     20.905     20.736    14.1120    14.1119    -0.0001    14.1090    14.1088    -0.0001   4.274929   4.275623   0.000694    35.6458    35.6524     5.2653    26.6633    26.6684    229.041  251.05747  250.91124          1  0.000e+00
      59001 293.332411  -44.26540  -52.70420     -0.046    1497.43     20.994     20.824    14.1118    14.1119     0.0000    14.1088    14.1088     0.0000   4.274901   4.275589   0.000689    35.6457    35.6521     5.2656    26.6632    26.6682    229.054  251.05862  250.91240          1  0.000e+00
      59002 293.332412  -44.26540  -52.70420     -0.041    1497.43     20.953     20.784    14.1115    14.1120     0.0005    14.1085    14.1090     0.0005   4.274922   4.275637   0.000715    35.6462    35.6524     5.2655    26.6637    26.6684    229.051  251.05934  250.91315          1  0.000e+00
      59003 293.332412  -44.26540  -52.70420     -0.039    1497.43     20.940     20.770    14.1118    14.1122     0.0004    14.1088    14.1092     0.0004   4.274901   4.275657   0.000757    35.6457    35.6524     5.2657    26.6633    26.6684    229.059  251.05858  250.91236          1  0.000e+00
      59004 293.332413  -44.26540  -52.70420     -0.031    1497.43     21.008     20.838    14.1118    14.1124     0.0005    14.1088    14.1093     0.0005   4.274922   4.275657   0.000736    35.6459    35.6522     5.2659    26.6634    26.6682    229.069  251.05828  250.91207          1  0.000e+00
      59005 293.332413  -44.26540  -52.70420     -0.029    1497.43     20.940     20.770    14.1122    14.1126     0.0004    14.1091    14.1095     0.0004   4.274986   4.275678   0.000692    35.6462    35.6523     5.2660    26.6636    26.6682    229.072  251.05610  250.90987          1  0.000e+00
      59006 293.332414  -44.26540  -52.70420     -0.024    1497.43     20.953     20.784    14.1123    14.1134     0.0011    14.1093    14.1103     0.0011   4.274978   4.275691   0.000713    35.6460    35.6516     5.2662    26.6633    26.6675    229.079  251.05560  250.90935          1  0.000e+00
      59007 293.332414  -44.26540  -52.70420     -0.018    1497.43     20.994     20.824    14.1122    14.1129     0.0007    14.1091    14.1098     0.0007   4.274971   4.275719   0.000747    35.6461    35.6523     5.2696    26.6634    26.6682    229.229  251.05637  250.91014          1  0.000e+00
      59008 293.332415  -44.26540  -52.70420     -0.013    1497.43     21.008     20.838    14.1122    14.1132     0.0011    14.1091    14.1102     0.0011   4.274908   4.275753   0.000845    35.6455    35.6523     5.2665    26.6630    26.6681    229.095  251.05742  250.91118          1  0.000e+00
      59009 293.332415  -44.26540  -52.70420     -0.007    1497.43     20.994     20.824    14.1120    14.1142     0.0022    14.1090    14.1112     0.0022   4.274922   4.275793   0.000871    35.6457    35.6518     5.2666    26.6632    26.6674    229.099  251.05765  250.91142          1  0.000e+00
      59010 293.332416  -44.26540  -52.70420      0.002    1497.43     21.008     20.838    14.1120    14.1141     0.0021    14.1089    14.1110     0.0021   4.274936   4.275827   0.000891    35.6459    35.6523     5.2697    26.6634    26.6678    229.233  251.05758  250.91136          1  0.000e+00
      59011 293.332416  -44.26540  -52.70420      0.001    1497.43     20.940     20.770    14.1118    14.1146     0.0028    14.1088    14.1115     0.0028   4.274901   4.275841   0.000940    35.6457    35.6519     5.2665    26.6633    26.6675    229.093  251.05858  250.91236          1  0.000e+00
      59012 293.332417  -44.26542  -52.70420      0.007    1497.43     21.008     20.838    14.1118    14.1142     0.0024    14.1088    14.1112     0.0024   4.274922   4.275759   0.000837    35.6459    35.6515     5.2666    26.6634    26.6672    229.097  251.05828  250.91207          1  0.000e+00
      59013 293.332417  -44.26542  -52.70420      0.015    1497.43     21.042     20.872    14.1118    14.1136     0.0017    14.1088    14.1105     0.0017   4.274936   4.275705   0.000769    35.6460    35.6516     5.2699    26.6635    26.6674    229.240  251.05808  250.91186          1  0.000e+00
