Pos-Processados/process_op38/operantar38_014b.ros
* Sea-Bird SBE 9 Data File:
* FileName = D:\OPERANTAR_XXXVIII\DADOS\OP38_014b.hdr
* Software Version Seasave V 7.18c
* Temperature SN = 4808
* Conductivity SN = 3380
* Number of Bytes Per Scan = 34
* Number of Voltage Words = 3
* Number of Scans Averaged by the Deck Unit = 1
* NMEA Latitude = 62 11.38 S
* NMEA Longitude = 058 03.45 W
* NMEA UTC (Time) = Nov 05 2019 06:44:07
** H41
** NAVIO POLAR ALMIRANTE MAXIMIANO
** CRUZEIRO:
** OPERANTAR XXXVIII
** ESTAÇÃO: OP38_014b
** LAT 62 11,38' S
** LONG 058 03,42' W
** 09P73767-1155_A
** PROFUNDIDADE: 480
** DATA/HORA: 050645Z/NOV/2019
** OPERADOR: SO-HN CHAVES
# nquan = 24
# nvalues = 1836                                  
# units = specified
# name 0 = scan: Scan Count
# name 1 = timeJ: Julian Days
# name 2 = latitude: Latitude [deg]
# name 3 = longitude: Longitude [deg]
# name 4 = dz/dtM: Descent Rate [m/s]
# name 5 = avgsvCM: Average Sound Velocity [Chen-Millero, m/s]
# name 6 = prDM: Pressure, Digiquartz [db]
# name 7 = depSM: Depth [salt water, m]
# name 8 = t090C: Temperature [ITS-90, deg C]
# name 9 = t190C: Temperature, 2 [ITS-90, deg C]
# name 10 = T2-T190C: Temperature Difference, 2 - 1 [ITS-90, deg C]
# name 11 = potemp090C: Potential Temperature [ITS-90, deg C]
# name 12 = potemp190C: Potential Temperature, 2 [ITS-90, deg C]
# name 13 = potemp90Cdiff: Potential Temperature, Diff, 2 - 1 [ITS-90, deg C]
# name 14 = c0S/m: Conductivity [S/m]
# name 15 = c1S/m: Conductivity, 2 [S/m]
# name 16 = C2-C1S/m: Conductivity Difference, 2 - 1 [S/m]
# name 17 = sal00: Salinity, Practical [PSU]
# name 18 = sal11: Salinity, Practical, 2 [PSU]
# name 19 = sbeox0ML/L: Oxygen, SBE 43 [ml/l]
# name 20 = sigma-é00: Density [sigma-theta, kg/m^3]
# name 21 = sigma-é11: Density, 2 [sigma-theta, kg/m^3]
# name 22 = nbf: Bottles Fired
# name 23 = flag:  0.000e+00
# interval = seconds: 0.0416667
# start_time = Nov 05 2019 06:44:07 [NMEA time, header]
# bad_flag = -9.990e-29
*END*
[from data line 1751]
       3997 309.282564  -62.18966  -58.05752      0.077       0.00      1.591      1.576    -0.7109    -0.7131    -0.0021    -0.7110    -0.7131    -0.0021   2.780241   2.780510   0.000269    34.1526    34.1587     7.6630    27.4552    27.4602         12  0.000e+00
       3998 309.282564  -62.18966  -58.05752      0.080       0.00      1.591      1.576    -0.7109    -0.7126    -0.0017    -0.7110    -0.7126    -0.0017   2.780199   2.780504   0.000305    34.1521    34.1580     7.6635    27.4547    27.4596         12  0.000e+00
       3999 309.282565  -62.18966  -58.05752      0.082       0.00      1.591      1.576    -0.7108    -0.7129    -0.0021    -0.7108    -0.7129    -0.0021   2.780187   2.780533   0.000346    34.1517    34.1588     7.6632    27.4544    27.4603         12  0.000e+00
       4000 309.282565  -62.18966  -58.05752      0.084       0.00      1.646      1.630    -0.7106    -0.7124    -0.0018    -0.7106    -0.7125    -0.0018   2.780229   2.780510   0.000281    34.1520    34.1579     7.6680    27.4547    27.4595         12  0.000e+00
       4001 309.282566  -62.18966  -58.05752      0.087       0.00      1.591      1.576    -0.7106    -0.7131    -0.0025    -0.7106    -0.7131    -0.0025   2.780229   2.780510   0.000281    34.1521    34.1587     7.6633    27.4547    27.4602         12  0.000e+00
       4002 309.282566  -62.18966  -58.05752      0.086       0.00      1.564      1.549    -0.7106    -0.7130    -0.0025    -0.7106    -0.7131    -0.0025   2.780223   2.780527   0.000304    34.1520    34.1589     7.6629    27.4547    27.4603         12  0.000e+00
       4003 309.282567  -62.18966  -58.05752      0.088       0.00      1.646      1.630    -0.7106    -0.7126    -0.0020    -0.7106    -0.7126    -0.0020   2.780253   2.780533   0.000280    34.1524    34.1584     7.6627    27.4549    27.4599         12  0.000e+00
       4004 309.282567  -62.18966  -58.05752      0.086       0.00      1.543      1.529    -0.7101    -0.7126    -0.0025    -0.7102    -0.7126    -0.0025   2.780247   2.780538   0.000291    34.1518    34.1585     7.6622    27.4545    27.4600         12  0.000e+00
       4005 309.282568  -62.18966  -58.05752      0.083       0.00      1.591      1.576    -0.7103    -0.7123    -0.0020    -0.7103    -0.7123    -0.0020   2.780247   2.780573   0.000326    34.1520    34.1587     7.6619    27.4546    27.4601         12  0.000e+00
       4006 309.282568  -62.18966  -58.05752      0.083       0.00      1.591      1.576    -0.7103    -0.7121    -0.0018    -0.7103    -0.7121    -0.0018   2.780247   2.780573   0.000326    34.1520    34.1584     7.6616    27.4546    27.4599         12  0.000e+00
       4007 309.282568  -62.18966  -58.05752      0.080       0.00      1.591      1.576    -0.7103    -0.7114    -0.0011    -0.7103    -0.7114    -0.0011   2.780265   2.780596   0.000331    34.1522    34.1579     7.6613    27.4548    27.4595         12  0.000e+00
       4008 309.282569  -62.18966  -58.05752      0.080       0.00      1.591      1.576    -0.7105    -0.7115    -0.0010    -0.7105    -0.7115    -0.0010   2.780277   2.780619   0.000342    34.1526    34.1584     7.6618    27.4551    27.4598         12  0.000e+00
       4009 309.282569  -62.18966  -58.05752      0.068       0.00      1.543      1.529    -0.7101    -0.7115    -0.0014    -0.7102    -0.7115    -0.0014   2.780247   2.780607   0.000360    34.1518    34.1583     7.6562    27.4545    27.4598         12  0.000e+00
       4010 309.282570  -62.18966  -58.05752      0.067       0.00      1.543      1.529    -0.7105    -0.7120    -0.0015    -0.7105    -0.7120    -0.0015   2.780265   2.780619   0.000354    34.1524    34.1589     7.6604    27.4550    27.4603         12  0.000e+00
       4011 309.282570  -62.18966  -58.05752      0.065       0.00      1.564      1.549    -0.7098    -0.7115    -0.0017    -0.7099    -0.7115    -0.0017   2.780253   2.780607   0.000354    34.1515    34.1582     7.6652    27.4543    27.4598         12  0.000e+00
       4012 309.282571  -62.18966  -58.05752      0.064       0.00      1.591      1.576    -0.7101    -0.7109    -0.0008    -0.7102    -0.7109    -0.0008   2.780283   2.780596   0.000313    34.1523    34.1574     7.6606    27.4549    27.4590         12  0.000e+00
       4013 309.282571  -62.18966  -58.05752      0.053       0.00      1.495      1.481    -0.7100    -0.7113    -0.0013    -0.7100    -0.7114    -0.0013   2.780259   2.780625   0.000366    34.1519    34.1583     7.6602    27.4545    27.4598         12  0.000e+00
       4014 309.282572  -62.18966  -58.05752      0.052       0.00      1.591      1.576    -0.7100    -0.7114    -0.0014    -0.7100    -0.7114    -0.0014   2.780283   2.780625   0.000342    34.1521    34.1583     7.6549    27.4547    27.4598         12  0.000e+00
       4015 309.282572  -62.18966  -58.05752      0.041       0.00      1.495      1.481    -0.7098    -0.7113    -0.0015    -0.7099    -0.7114    -0.0015   2.780271   2.780630   0.000359    34.1518    34.1584     7.6589    27.4545    27.4599         12  0.000e+00
       4016 309.282573  -62.18966  -58.05752      0.036       0.00      1.543      1.529    -0.7101    -0.7114    -0.0012    -0.7102    -0.7114    -0.0012   2.780307   2.780602   0.000295    34.1526    34.1580     7.6587    27.4551    27.4596         12  0.000e+00
       4017 309.282573  -62.18966  -58.05752      0.032       0.00      1.543      1.529    -0.7101    -0.7116    -0.0015    -0.7102    -0.7117    -0.0015   2.780265   2.780584   0.000319    34.1521    34.1581     7.6593    27.4547    27.4597         12  0.000e+00
       4018 309.282574  -62.18966  -58.05752      0.025       0.00      1.495      1.481    -0.7103    -0.7110    -0.0008    -0.7103    -0.7111    -0.0008   2.780265   2.780630   0.000365    34.1523    34.1581     7.6598    27.4549    27.4596         12  0.000e+00
       4019 309.282574  -62.18966  -58.05752      0.015       0.00      1.509      1.495    -0.7100    -0.7112    -0.0012    -0.7100    -0.7112    -0.0012   2.780253   2.780613   0.000360    34.1518    34.1580     7.6553    27.4545    27.4595         12  0.000e+00
       4020 309.282575  -62.18966  -58.05752      0.007       0.00      1.495      1.481    -0.7102    -0.7112    -0.0010    -0.7103    -0.7112    -0.0010   2.780241   2.780642   0.000401    34.1519    34.1584     7.6552    27.4546    27.4599         12  0.000e+00
       4021 309.282575  -62.18966  -58.05752     -0.001       0.00      1.495      1.481    -0.7105    -0.7110    -0.0006    -0.7105    -0.7111    -0.0006   2.780187   2.780648   0.000460    34.1514    34.1583     7.6552    27.4542    27.4598         12  0.000e+00
       4022 309.282576  -62.18966  -58.05752     -0.009       0.00      1.441      1.427    -0.7114    -0.7109     0.0005    -0.7114    -0.7109     0.0005   2.780127   2.780699   0.000572    34.1517    34.1589     7.6606    27.4544    27.4602         12  0.000e+00
       4023 309.282576  -62.18966  -58.05752     -0.017       0.00      1.495      1.481    -0.7115    -0.7106     0.0009    -0.7115    -0.7106     0.0009   2.780193   2.780682   0.000489    34.1527    34.1582     7.6606    27.4553    27.4597         12  0.000e+00
       4024 309.282577  -62.18966  -58.05752     -0.028       0.00      1.441      1.427    -0.7115    -0.7106     0.0009    -0.7115    -0.7106     0.0009   2.780199   2.780682   0.000483    34.1528    34.1583     7.6606    27.4553    27.4597         12  0.000e+00
       4025 309.282577  -62.18966  -58.05752     -0.035       0.00      1.441      1.427    -0.7112    -0.7103     0.0010    -0.7113    -0.7103     0.0010   2.780193   2.780676   0.000483    34.1524    34.1578     7.6606    27.4550    27.4594         12  0.000e+00
       4026 309.282578  -62.18966  -58.05752     -0.045       0.00      1.441      1.427    -0.7114    -0.7103     0.0011    -0.7114    -0.7103     0.0011   2.780187   2.780722   0.000535    34.1525    34.1585     7.6607    27.4551    27.4599         12  0.000e+00
       4027 309.282578  -62.18966  -58.05752     -0.051       0.00      1.461      1.447    -0.7112    -0.7103     0.0010    -0.7113    -0.7103     0.0010   2.780229   2.780728   0.000499    34.1529    34.1585     7.6606    27.4554    27.4599         12  0.000e+00
       4028 309.282579  -62.18966  -58.05752     -0.064       0.00      1.393      1.379    -0.7109    -0.7097     0.0013    -0.7110    -0.7097     0.0013   2.780229   2.780757   0.000528    34.1526    34.1583     7.6614    27.4551    27.4597         12  0.000e+00
       4029 309.282579  -62.18966  -58.05752     -0.071       0.00      1.441      1.427    -0.7109    -0.7098     0.0011    -0.7110    -0.7098     0.0011   2.780223   2.780757   0.000534    34.1525    34.1584     7.6563    27.4551    27.4598         12  0.000e+00
       4030 309.282580  -62.18966  -58.05752     -0.080       0.00      1.393      1.379    -0.7106    -0.7092     0.0014    -0.7106    -0.7092     0.0014   2.780241   2.780763   0.000522    34.1523    34.1578     7.6607    27.4549    27.4593         12  0.000e+00
       4031 309.282580  -62.18966  -58.05752     -0.090       0.00      1.393      1.379    -0.7108    -0.7095     0.0013    -0.7108    -0.7095     0.0013   2.780199   2.780757   0.000558    34.1520    34.1581     7.6557    27.4546    27.4596         12  0.000e+00
       4032 309.282581  -62.18966  -58.05752     -0.098       0.00      1.393      1.379    -0.7108    -0.7097     0.0011    -0.7108    -0.7097     0.0011   2.780151   2.780740   0.000588    34.1513    34.1581     7.6602    27.4541    27.4595         12  0.000e+00
       4033 309.282581  -62.18966  -58.05752     -0.104       0.00      1.393      1.379    -0.7115    -0.7090     0.0025    -0.7115    -0.7090     0.0025   2.780043   2.780791   0.000748    34.1507    34.1580     7.6606    27.4537    27.4595         12  0.000e+00
       4034 309.282582  -62.18966  -58.05752     -0.110       0.00      1.393      1.379    -0.7126    -0.7090     0.0036    -0.7126    -0.7091     0.0036   2.779972   2.780757   0.000785    34.1510    34.1576     7.6609    27.4539    27.4591         12  0.000e+00
       4035 309.282582  -62.18966  -58.05752     -0.117       0.00      1.406      1.393    -0.7134    -0.7095     0.0039    -0.7134    -0.7095     0.0039   2.779960   2.780797   0.000837    34.1517    34.1586     7.6612    27.4545    27.4600         12  0.000e+00
       4036 309.282582  -62.18966  -58.05752     -0.121       0.00      1.393      1.379    -0.7142    -0.7095     0.0047    -0.7142    -0.7095     0.0047   2.779942   2.780751   0.000809    34.1524    34.1580     7.6615    27.4551    27.4595         12  0.000e+00
       4037 309.282583  -62.18966  -58.05752     -0.128       0.00      1.345      1.332    -0.7135    -0.7096     0.0039    -0.7136    -0.7097     0.0039   2.779948   2.780774   0.000826    34.1518    34.1585     7.6614    27.4546    27.4599         12  0.000e+00
       4038 309.282583  -62.18966  -58.05752     -0.136       0.00      1.345      1.332    -0.7140    -0.7095     0.0045    -0.7140    -0.7095     0.0045   2.779996   2.780763   0.000767    34.1529    34.1582     7.6616    27.4556    27.4596         12  0.000e+00
       4039 309.282584  -62.18966  -58.05752     -0.136       0.00      1.393      1.379    -0.7143    -0.7096     0.0047    -0.7143    -0.7097     0.0047   2.779990   2.780780   0.000790    34.1532    34.1586     7.6627    27.4557    27.4599         12  0.000e+00
       4040 309.282584  -62.18966  -58.05752     -0.141       0.00      1.393      1.379    -0.7140    -0.7098     0.0042    -0.7140    -0.7098     0.0042   2.780020   2.780740   0.000720    34.1532    34.1582     7.6627    27.4558    27.4597         12  0.000e+00
       4041 309.282585  -62.18966  -58.05752     -0.139       0.00      1.393      1.379    -0.7129    -0.7095     0.0034    -0.7129    -0.7095     0.0034   2.780055   2.780734   0.000678    34.1525    34.1578     7.6627    27.4551    27.4593         12  0.000e+00
       4042 309.282585  -62.18966  -58.05752     -0.143       0.00      1.345      1.332    -0.7123    -0.7095     0.0028    -0.7123    -0.7095     0.0028   2.780115   2.780768   0.000653    34.1526    34.1583     7.6575    27.4552    27.4597         12  0.000e+00
       4043 309.282586  -62.18966  -58.05752     -0.144       0.00      1.406      1.393    -0.7119    -0.7093     0.0025    -0.7119    -0.7094     0.0025   2.780199   2.780745   0.000546    34.1532    34.1578     7.6620    27.4557    27.4593         12  0.000e+00
       4044 309.282586  -62.18966  -58.05752     -0.143       0.00      1.345      1.332    -0.7112    -0.7099     0.0013    -0.7113    -0.7100     0.0013   2.780223   2.780728   0.000505    34.1529    34.1583     7.6620    27.4554    27.4597         12  0.000e+00
       4045 309.282587  -62.18966  -58.05752     -0.140       0.00      1.441      1.427    -0.7108    -0.7101     0.0006    -0.7108    -0.7101     0.0006   2.780241   2.780717   0.000476    34.1525    34.1582     7.6622    27.4551    27.4597         12  0.000e+00
       4046 309.282587  -62.18966  -58.05752     -0.139       0.00      1.393      1.379    -0.7106    -0.7101     0.0005    -0.7106    -0.7101     0.0005   2.780265   2.780745   0.000480    34.1527    34.1586     7.6623    27.4552    27.4600         12  0.000e+00
       4047 309.282588  -62.18966  -58.05752     -0.137       0.00      1.393      1.379    -0.7101    -0.7093     0.0008    -0.7102    -0.7094     0.0008   2.780295   2.780722   0.000427    34.1526    34.1575     7.6624    27.4551    27.4590         12  0.000e+00
       4048 309.282588  -62.18966  -58.05752     -0.135       0.00      1.393      1.379    -0.7101    -0.7101     0.0000    -0.7102    -0.7101     0.0000   2.780295   2.780763   0.000468    34.1526    34.1588     7.6626    27.4551    27.4602         12  0.000e+00
       4049 309.282589  -62.18966  -58.05752     -0.126       0.00      1.441      1.427    -0.7108    -0.7097     0.0011    -0.7108    -0.7097     0.0011   2.780241   2.780768   0.000527    34.1525    34.1584     7.6638    27.4551    27.4598         12  0.000e+00
       4050 309.282589  -62.18966  -58.05752     -0.123       0.00      1.393      1.379    -0.7109    -0.7096     0.0013    -0.7110    -0.7097     0.0013   2.780223   2.780768   0.000545    34.1525    34.1584     7.6640    27.4551    27.4598         12  0.000e+00
       4051 309.282590  -62.18966  -58.05752     -0.117       0.00      1.461      1.447    -0.7109    -0.7095     0.0014    -0.7110    -0.7095     0.0014   2.780223   2.780734   0.000511    34.1525    34.1577     7.6643    27.4550    27.4593         12  0.000e+00
       4052 309.282590  -62.18966  -58.05752     -0.107       0.00      1.441      1.427    -0.7112    -0.7098     0.0014    -0.7113    -0.7098     0.0014   2.780181   2.780734   0.000553    34.1522    34.1581     7.6646    27.4549    27.4596         12  0.000e+00
       4053 309.282591  -62.18966  -58.05752     -0.103       0.00      1.441      1.427    -0.7114    -0.7097     0.0017    -0.7114    -0.7097     0.0017   2.780139   2.780728   0.000589    34.1519    34.1579     7.6649    27.4546    27.4594         12  0.000e+00
       4054 309.282591  -62.18966  -58.05752     -0.093       0.00      1.495      1.481    -0.7117    -0.7093     0.0024    -0.7117    -0.7094     0.0024   2.780139   2.780757   0.000618    34.1522    34.1578     7.6652    27.4548    27.4593         12  0.000e+00
       4055 309.282592  -62.18966  -58.05752     -0.082       0.00      1.495      1.481    -0.7117    -0.7095     0.0022    -0.7117    -0.7095     0.0022   2.780145   2.780774   0.000629    34.1522    34.1583     7.6654    27.4549    27.4597         12  0.000e+00
       4056 309.282592  -62.18966  -58.05752     -0.071       0.00      1.495      1.481    -0.7117    -0.7092     0.0025    -0.7117    -0.7092     0.0025   2.780181   2.780768   0.000587    34.1527    34.1578     7.6656    27.4553    27.4593         12  0.000e+00
