Pos-Processados/process_op38/operantar38_016.ros
* Sea-Bird SBE 9 Data File:
* FileName = D:\OPERANTAR_XXXVIII\DADOS\OP38_016.hdr
* Software Version Seasave V 7.18c
* Temperature SN = 4808
* Conductivity SN = 3380
* Number of Bytes Per Scan = 34
* Number of Voltage Words = 3
* Number of Scans Averaged by the Deck Unit = 1
* NMEA Latitude = 62 13.34 S
* NMEA Longitude = 058 12.68 W
* NMEA UTC (Time) = Nov 05 2019 11:56:34
** H41
** NAVIO POLAR ALMIRANTE MAXIMIANO
** CRUZEIRO:
** OPERANTAR XXXVIII
** ESTAÇÃO: OP38_016
** LAT 62 13,33' S
** LONG 058 12,65' W
** 09P73767-1155_A
** PROFUNDIDADE: 310
** DATA/HORA: 051157Z/NOV/2019
** OPERADOR: SO-HN CHAVES
# nquan = 26
# nvalues = 1885                                  
# units = specified
# name 0 = scan: Scan Count
# name 1 = timeJ: Julian Days
# name 2 = latitude: Latitude [deg]
# name 3 = longitude: Longitude [deg]
# name 4 = dz/dtM: Descent Rate [m/s]
# name 5 = avgsvCM: Average Sound Velocity [Chen-Millero, m/s]
# name 6 = prDM: Pressure, Digiquartz [db]
# name 7 = depSM: Depth [salt water, m]
# name 8 = t090C: Temperature [ITS-90, deg C]
# name 9 = t190C: Temperature, 2 [ITS-90, deg C]
# name 10 = T2-T190C: Temperature Difference, 2 - 1 [ITS-90, deg C]
# name 11 = potemp090C: Potential Temperature [ITS-90, deg C]
# name 12 = potemp190C: Potential Temperature, 2 [ITS-90, deg C]
# name 13 = potemp90Cdiff: Potential Temperature, Diff, 2 - 1 [ITS-90, deg C]
# name 14 = c0S/m: Conductivity [S/m]
# name 15 = c1S/m: Conductivity, 2 [S/m]
# name 16 = C2-C1S/m: Conductivity Difference, 2 - 1 [S/m]
# name 17 = sal00: Salinity, Practical [PSU]
# name 18 = sal11: Salinity, Practical, 2 [PSU]
# name 19 = sbeox0ML/L: Oxygen, SBE 43 [ml/l]
# name 20 = sbeox1ML/L: Oxygen, SBE 43, 2 [ml/l]
# name 21 = sbeox0ML/Ldiff: Oxygen, SBE 43, Diff, 2 - 1 [ml/l]
# name 22 = sigma-é00: Density [sigma-theta, kg/m^3]
# name 23 = sigma-é11: Density, 2 [sigma-theta, kg/m^3]
# name 24 = nbf: Bottles Fired
# name 25 = flag:  0.000e+00
# interval = seconds: 0.0416667
# start_time = Nov 05 2019 11:56:34 [NMEA time, header]
# bad_flag = -9.990e-29
*END*
[from data line 558]
      27128 309.510698  -62.22238  -58.21130     -0.092    1446.63     19.014     18.831    -0.8155    -0.8162    -0.0007    -0.8160    -0.8167    -0.0007   2.773127   2.773469   0.000342    34.1638    34.1692     7.5913     7.2691    -0.3222    27.4685    27.4730          4  0.000e+00
      27129 309.510698  -62.22238  -58.21130     -0.099    1446.63     18.932     18.749    -0.8158    -0.8165    -0.0007    -0.8163    -0.8170    -0.0007   2.773121   2.773498   0.000377    34.1641    34.1700     7.5912     7.2639    -0.3273    27.4688    27.4736          4  0.000e+00
      27130 309.510699  -62.22238  -58.21130     -0.099    1446.63     19.014     18.831    -0.8160    -0.8159     0.0001    -0.8165    -0.8164     0.0001   2.773103   2.773498   0.000395    34.1640    34.1693     7.5956     7.2694    -0.3262    27.4687    27.4730          4  0.000e+00
      27131 309.510699  -62.22238  -58.21130     -0.102    1446.63     18.966     18.783    -0.8156    -0.8161    -0.0004    -0.8162    -0.8166    -0.0004   2.773097   2.773504   0.000406    34.1636    34.1696     7.5909     7.2701    -0.3208    27.4683    27.4732          4  0.000e+00
      27132 309.510700  -62.22238  -58.21130     -0.104    1446.63     18.966     18.783    -0.8160    -0.8167    -0.0007    -0.8165    -0.8172    -0.0007   2.773097   2.773492   0.000395    34.1640    34.1701     7.5908     7.2651    -0.3257    27.4687    27.4737          4  0.000e+00
      27133 309.510700  -62.22238  -58.21130     -0.110    1446.63     18.932     18.749    -0.8158    -0.8162    -0.0004    -0.8163    -0.8167    -0.0004   2.773079   2.773469   0.000390    34.1635    34.1693     7.5906     7.2647    -0.3259    27.4683    27.4730          4  0.000e+00
      27134 309.510701  -62.22238  -58.21130     -0.111    1446.63     18.966     18.783    -0.8160    -0.8161    -0.0001    -0.8165    -0.8166    -0.0001   2.773109   2.773475   0.000366    34.1641    34.1692     7.5905     7.2644    -0.3261    27.4688    27.4729          4  0.000e+00
      27135 309.510701  -62.22238  -58.21130     -0.112    1446.63     18.966     18.783    -0.8157    -0.8160    -0.0003    -0.8162    -0.8166    -0.0003   2.773103   2.773504   0.000400    34.1637    34.1695     7.5954     7.2641    -0.3313    27.4685    27.4732          4  0.000e+00
      27136 309.510702  -62.22238  -58.21130     -0.113    1446.63     18.932     18.749    -0.8158    -0.8159    -0.0001    -0.8163    -0.8164    -0.0001   2.773097   2.773515   0.000418    34.1638    34.1696     7.5960     7.2698    -0.3263    27.4685    27.4732          4  0.000e+00
      27137 309.510702  -62.22238  -58.21130     -0.116    1446.63     18.911     18.729    -0.8160    -0.8164    -0.0004    -0.8165    -0.8169    -0.0004   2.773133   2.773509   0.000376    34.1645    34.1700     7.5914     7.2649    -0.3265    27.4691    27.4736          4  0.000e+00
      27138 309.510703  -62.22238  -58.21130     -0.118    1446.63     18.966     18.783    -0.8162    -0.8159     0.0003    -0.8167    -0.8164     0.0003   2.773109   2.773475   0.000366    34.1643    34.1690     7.5912     7.2647    -0.3265    27.4690    27.4727          4  0.000e+00
      27139 309.510703  -62.22238  -58.21130     -0.120    1446.63     18.884     18.702    -0.8161    -0.8159     0.0002    -0.8166    -0.8164     0.0002   2.773079   2.773481   0.000401    34.1639    34.1691     7.5909     7.2646    -0.3264    27.4686    27.4728          4  0.000e+00
      27140 309.510704  -62.22236  -58.21130     -0.121    1446.63     18.911     18.729    -0.8163    -0.8162     0.0001    -0.8168    -0.8167     0.0001   2.773091   2.773481   0.000389    34.1643    34.1695     7.5908     7.2646    -0.3262    27.4689    27.4731          4  0.000e+00
      27141 309.510704  -62.22236  -58.21130     -0.122    1446.63     18.966     18.783    -0.8160    -0.8159     0.0001    -0.8165    -0.8164     0.0001   2.773079   2.773463   0.000384    34.1637    34.1688     7.5906     7.2646    -0.3259    27.4685    27.4726          4  0.000e+00
      27142 309.510705  -62.22236  -58.21130     -0.126    1446.63     18.863     18.681    -0.8165    -0.8159     0.0006    -0.8170    -0.8164     0.0006   2.773067   2.773498   0.000431    34.1642    34.1694     7.5903     7.2645    -0.3258    27.4688    27.4730          4  0.000e+00
      27143 309.510705  -62.22236  -58.21130     -0.125    1446.63     18.932     18.749    -0.8163    -0.8159     0.0004    -0.8168    -0.8164     0.0004   2.773103   2.773527   0.000423    34.1644    34.1697     7.5901     7.2706    -0.3195    27.4690    27.4733          4  0.000e+00
      27144 309.510706  -62.22236  -58.21130     -0.124    1446.63     18.911     18.729    -0.8163    -0.8162     0.0001    -0.8168    -0.8167     0.0001   2.773103   2.773498   0.000395    34.1644    34.1697     7.5950     7.2660    -0.3291    27.4690    27.4733          4  0.000e+00
      27145 309.510706  -62.22236  -58.21130     -0.125    1446.63     18.911     18.729    -0.8165    -0.8161     0.0004    -0.8170    -0.8166     0.0004   2.773073   2.773469   0.000396    34.1642    34.1691     7.5904     7.2708    -0.3196    27.4689    27.4729          4  0.000e+00
      27146 309.510707  -62.22236  -58.21130     -0.126    1446.63     18.884     18.702    -0.8167    -0.8160     0.0007    -0.8173    -0.8166     0.0007   2.773067   2.773498   0.000431    34.1645    34.1695     7.5954     7.2649    -0.3305    27.4691    27.4732          4  0.000e+00
      27147 309.510707  -62.22236  -58.21130     -0.126    1446.63     18.863     18.681    -0.8162    -0.8162    -0.0000    -0.8167    -0.8167    -0.0000   2.773055   2.773492   0.000437    34.1637    34.1696     7.5957     7.2709    -0.3248    27.4684    27.4733          4  0.000e+00
      27148 309.510707  -62.22236  -58.21130     -0.126    1446.63     18.911     18.729    -0.8165    -0.8165    -0.0001    -0.8170    -0.8170    -0.0001   2.773061   2.773509   0.000448    34.1640    34.1702     7.5963     7.2664    -0.3299    27.4688    27.4737          4  0.000e+00
      27149 309.510708  -62.22236  -58.21130     -0.125    1446.63     18.884     18.702    -0.8165    -0.8159     0.0006    -0.8170    -0.8164     0.0006   2.773085   2.773509   0.000424    34.1644    34.1695     7.5967     7.2723    -0.3244    27.4690    27.4732          4  0.000e+00
      27150 309.510708  -62.22236  -58.21130     -0.126    1446.63     18.863     18.681    -0.8163    -0.8156     0.0007    -0.8168    -0.8161     0.0007   2.773061   2.773492   0.000431    34.1639    34.1690     7.5970     7.2735    -0.3235    27.4686    27.4727          4  0.000e+00
      27151 309.510709  -62.22236  -58.21130     -0.126    1446.63     18.863     18.681    -0.8165    -0.8159     0.0006    -0.8170    -0.8164     0.0006   2.773085   2.773509   0.000424    34.1644    34.1695     7.5974     7.2678    -0.3296    27.4690    27.4732          4  0.000e+00
      27152 309.510709  -62.22236  -58.21130     -0.125    1446.63     18.863     18.681    -0.8165    -0.8159     0.0006    -0.8170    -0.8164     0.0006   2.773079   2.773486   0.000407    34.1643    34.1692     7.5977     7.2679    -0.3298    27.4690    27.4729          4  0.000e+00
      27153 309.510710  -62.22236  -58.21130     -0.126    1446.63     18.884     18.702    -0.8163    -0.8159     0.0004    -0.8168    -0.8164     0.0004   2.773067   2.773486   0.000419    34.1639    34.1692     7.5980     7.2681    -0.3299    27.4687    27.4729          4  0.000e+00
      27154 309.510710  -62.22236  -58.21130     -0.125    1446.63     18.863     18.681    -0.8165    -0.8165    -0.0001    -0.8170    -0.8170    -0.0001   2.773067   2.773509   0.000442    34.1642    34.1702     7.5931     7.2684    -0.3247    27.4688    27.4738          4  0.000e+00
      27155 309.510711  -62.22236  -58.21130     -0.122    1446.63     18.863     18.681    -0.8165    -0.8158     0.0007    -0.8170    -0.8163     0.0007   2.773055   2.773486   0.000431    34.1640    34.1691     7.5986     7.2686    -0.3300    27.4687    27.4728          4  0.000e+00
      27156 309.510711  -62.22236  -58.21130     -0.121    1446.63     18.884     18.702    -0.8163    -0.8159     0.0004    -0.8168    -0.8164     0.0004   2.773043   2.773486   0.000443    34.1636    34.1692     7.5997     7.2690    -0.3307    27.4684    27.4729          4  0.000e+00
      27157 309.510712  -62.22236  -58.21130     -0.118    1446.63     18.863     18.681    -0.8165    -0.8162     0.0002    -0.8170    -0.8167     0.0002   2.773079   2.773469   0.000390    34.1643    34.1693     7.5999     7.2694    -0.3305    27.4690    27.4730          4  0.000e+00
      27158 309.510712  -62.22236  -58.21130     -0.117    1446.63     18.863     18.681    -0.8163    -0.8162     0.0001    -0.8168    -0.8167     0.0001   2.773061   2.773475   0.000414    34.1639    34.1694     7.6001     7.2757    -0.3244    27.4686    27.4731          4  0.000e+00
      27159 309.510713  -62.22236  -58.21130     -0.117    1446.63     18.836     18.654    -0.8165    -0.8161     0.0004    -0.8170    -0.8166     0.0004   2.773085   2.773463   0.000378    34.1644    34.1691     7.6003     7.2714    -0.3289    27.4691    27.4728          4  0.000e+00
      27160 309.510713  -62.22236  -58.21130     -0.115    1446.63     18.863     18.681    -0.8165    -0.8159     0.0006    -0.8170    -0.8164     0.0006   2.773079   2.773498   0.000419    34.1643    34.1694     7.5953     7.2719    -0.3234    27.4690    27.4730          4  0.000e+00
      27161 309.510714  -62.22236  -58.21130     -0.115    1446.63     18.815     18.634    -0.8165    -0.8161     0.0004    -0.8170    -0.8166     0.0004   2.773049   2.773527   0.000477    34.1639    34.1700     7.5998     7.2770    -0.3228    27.4687    27.4736          4  0.000e+00
      27162 309.510714  -62.22236  -58.21130     -0.112    1446.63     18.863     18.681    -0.8163    -0.8159     0.0004    -0.8168    -0.8164     0.0004   2.773079   2.773498   0.000419    34.1641    34.1694     7.6000     7.2716    -0.3283    27.4688    27.4730          4  0.000e+00
      27163 309.510715  -62.22236  -58.21130     -0.107    1446.63     18.884     18.702    -0.8166    -0.8159     0.0007    -0.8171    -0.8164     0.0007   2.773061   2.773492   0.000431    34.1642    34.1693     7.6002     7.2721    -0.3280    27.4689    27.4730          4  0.000e+00
      27164 309.510715  -62.22236  -58.21130     -0.106    1446.63     18.815     18.634    -0.8163    -0.8158     0.0005    -0.8168    -0.8163     0.0005   2.773043   2.773481   0.000437    34.1637    34.1690     7.6001     7.2726    -0.3275    27.4684    27.4727          4  0.000e+00
      27165 309.510716  -62.22236  -58.21130     -0.103    1446.63     18.863     18.681    -0.8165    -0.8158     0.0007    -0.8170    -0.8163     0.0007   2.773079   2.773486   0.000407    34.1643    34.1691     7.6010     7.2732    -0.3278    27.4690    27.4728          4  0.000e+00
      27166 309.510716  -62.22236  -58.21130     -0.103    1446.63     18.836     18.654    -0.8165    -0.8159     0.0006    -0.8170    -0.8164     0.0006   2.773079   2.773492   0.000413    34.1643    34.1693     7.6018     7.2726    -0.3292    27.4690    27.4730          4  0.000e+00
      27167 309.510717  -62.22236  -58.21130     -0.098    1446.63     18.863     18.681    -0.8165    -0.8159     0.0006    -0.8170    -0.8164     0.0006   2.773067   2.773481   0.000413    34.1642    34.1691     7.6019     7.2733    -0.3286    27.4688    27.4729          4  0.000e+00
      27168 309.510717  -62.22236  -58.21130     -0.098    1446.63     18.815     18.634    -0.8163    -0.8156     0.0007    -0.8168    -0.8161     0.0007   2.773055   2.773486   0.000431    34.1638    34.1689     7.5966     7.2785    -0.3181    27.4686    27.4727          4  0.000e+00
      27169 309.510718  -62.22236  -58.21130     -0.096    1446.63     18.836     18.654    -0.8165    -0.8160     0.0004    -0.8170    -0.8166     0.0004   2.773061   2.773509   0.000448    34.1641    34.1697     7.6011     7.2733    -0.3278    27.4688    27.4733          4  0.000e+00
      27170 309.510718  -62.22236  -58.21130     -0.092    1446.63     18.863     18.681    -0.8163    -0.8161     0.0002    -0.8168    -0.8166     0.0002   2.773067   2.773509   0.000442    34.1640    34.1697     7.5959     7.2728    -0.3231    27.4687    27.4733          4  0.000e+00
      27171 309.510719  -62.22236  -58.21130     -0.088    1446.63     18.815     18.634    -0.8165    -0.8162     0.0002    -0.8170    -0.8167     0.0002   2.773091   2.773475   0.000384    34.1645    34.1694     7.5950     7.2722    -0.3228    27.4691    27.4731          4  0.000e+00
      27172 309.510719  -62.22236  -58.21130     -0.088    1446.63     18.863     18.681    -0.8165    -0.8158     0.0007    -0.8170    -0.8163     0.0007   2.773055   2.773481   0.000425    34.1640    34.1690     7.5943     7.2716    -0.3227    27.4687    27.4727          4  0.000e+00
      27173 309.510720  -62.22236  -58.21130     -0.082    1446.63     18.836     18.654    -0.8161    -0.8162    -0.0001    -0.8166    -0.8167    -0.0001   2.773079   2.773504   0.000424    34.1639    34.1698     7.5934     7.2710    -0.3223    27.4687    27.4734          4  0.000e+00
      27174 309.510720  -62.22236  -58.21130     -0.082    1446.63     18.815     18.634    -0.8163    -0.8162     0.0001    -0.8168    -0.8167     0.0001   2.773061   2.773475   0.000414    34.1639    34.1694     7.5926     7.2704    -0.3221    27.4686    27.4731          4  0.000e+00
      27175 309.510720  -62.22236  -58.21130     -0.076    1446.63     18.863     18.681    -0.8165    -0.8161     0.0004    -0.8170    -0.8166     0.0004   2.773085   2.773481   0.000395    34.1644    34.1693     7.5918     7.2699    -0.3219    27.4690    27.4730          4  0.000e+00
      27176 309.510721  -62.22236  -58.21130     -0.074    1446.63     18.836     18.654    -0.8165    -0.8161     0.0004    -0.8170    -0.8166     0.0004   2.773061   2.773481   0.000419    34.1641    34.1693     7.5910     7.2693    -0.3217    27.4688    27.4730          4  0.000e+00
      27177 309.510721  -62.22236  -58.21130     -0.071    1446.63     18.815     18.634    -0.8163    -0.8165    -0.0002    -0.8168    -0.8170    -0.0002   2.773061   2.773463   0.000402    34.1639    34.1696     7.5901     7.2700    -0.3202    27.4686    27.4733          4  0.000e+00
      27178 309.510722  -62.22236  -58.21130     -0.069    1446.63     18.863     18.681    -0.8165    -0.8161     0.0004    -0.8170    -0.8166     0.0004   2.773085   2.773463   0.000378    34.1644    34.1691     7.5894     7.2694    -0.3200    27.4690    27.4728          4  0.000e+00
      27179 309.510722  -62.22236  -58.21130     -0.063    1446.63     18.836     18.654    -0.8166    -0.8164     0.0002    -0.8171    -0.8169     0.0002   2.773079   2.773458   0.000378    34.1645    34.1694     7.5894     7.2701    -0.3193    27.4691    27.4731          4  0.000e+00
      27180 309.510723  -62.22236  -58.21130     -0.059    1446.63     18.863     18.681    -0.8165    -0.8162     0.0002    -0.8170    -0.8167     0.0002   2.773067   2.773458   0.000390    34.1642    34.1692     7.5886     7.2708    -0.3178    27.4688    27.4729          4  0.000e+00
      27181 309.510723  -62.22236  -58.21130     -0.057    1446.63     18.815     18.634    -0.8161    -0.8160     0.0001    -0.8166    -0.8166     0.0001   2.773067   2.773463   0.000396    34.1638    34.1691     7.5877     7.2703    -0.3174    27.4685    27.4728          4  0.000e+00
      27182 309.510724  -62.22236  -58.21130     -0.054    1446.63     18.863     18.681    -0.8165    -0.8161     0.0004    -0.8170    -0.8166     0.0004   2.773073   2.773475   0.000402    34.1642    34.1693     7.5871     7.2699    -0.3171    27.4689    27.4730          4  0.000e+00
