Pos-Processados/pos_process42/Dados/doperantar42_045.cnv
* Sea-Bird SBE 9 Data File:
* FileName = C:\Users\Hidrografia\Desktop\OPXLII\Brutos\OP42045.hdr
* Software Version Seasave V 7.26.7.107
* Temperature SN = 6502
* Conductivity SN = 4998
* Number of Bytes Per Scan = 37
* Number of Voltage Words = 4
* Number of Scans Averaged by the Deck Unit = 1
* NMEA Latitude = 62 08.59 S
* NMEA Longitude = 058 26.59 W
* NMEA UTC (Time) = Nov 09 2023 20:07:12
* NMEA baud rate = 4800
** H41
** NPOALTEMAXIMIANO
** NUMERO DA ESTACAO (XXX) 045
** LAT (XX XX.XX S/N) 62 08.569 S
** LONG (XXX XX.XX W/E) 058 26.605 W
** DATAHORA (dd/mm/aaaa hh:mm Z) 09/11/2023 2006Z
** PROFUNDIDADE (m) 402
** OPERADOR CT FABIREZA
# nquan = 30
# nvalues = 372                         
# units = specified
# name 0 = scan: Scan Count
# name 1 = timeJ: Julian Days
# name 2 = latitude: Latitude [deg]
# name 3 = longitude: Longitude [deg]
# name 4 = dz/dtM: Descent Rate [m/s]
# name 5 = avgsvCM: Average Sound Velocity [Chen-Millero, m/s]
# name 6 = prDM: Pressure, Digiquartz [db]
# name 7 = depSM: Depth [salt water, m]
# name 8 = t090C: Temperature [ITS-90, deg C]
# name 9 = t190C: Temperature, 2 [ITS-90, deg C]
# name 10 = T2-T190C: Temperature Difference, 2 - 1 [ITS-90, deg C]
# name 11 = potemp090C: Potential Temperature [ITS-90, deg C]
# name 12 = potemp190C: Potential Temperature, 2 [ITS-90, deg C]
# name 13 = potemp90Cdiff: Potential Temperature, Diff, 2 - 1 [ITS-90, deg C]
# name 14 = c0S/m: Conductivity [S/m]
# name 15 = c1S/m: Conductivity, 2 [S/m]
# name 16 = C2-C1S/m: Conductivity Difference, 2 - 1 [S/m]
# name 17 = sal00: Salinity, Practical [PSU]
# name 18 = sal11: Salinity, Practical, 2 [PSU]
# name 19 = sbeox0ML/L: Oxygen, SBE 43 [ml/l]
# name 20 = sigma-é00: Density [sigma-theta, kg/m^3]
# name 21 = sigma-é11: Density, 2 [sigma-theta, kg/m^3]
# name 22 = sal00: Salinity, Practical [PSU]
# name 23 = sigma-é00: Density [sigma-theta, kg/m^3]
# name 24 = svCM: Sound Velocity [Chen-Millero, m/s]
# name 25 = svCM1: Sound Velocity, 2 [Chen-Millero, m/s]
# name 26 = gsw_ptA0: potential temperature [ITS-90, deg C]
# name 27 = gsw_densityA0: density, TEOS-10 [density, kg/m^3]
# name 28 = gsw_saA0: Absolute Salinity [g/kg]
# name 29 = flag:
# span 0 =       2613,      14116       
# span 1 = 313.839593, 313.845140       
# span 2 =  -62.14605,  -62.14370       
# span 3 =  -58.44308,  -58.44155       
# span 4 =     -0.202,      1.035       
# span 5 =       0.00,    1448.17       
# span 6 =      2.000,    373.000       
# span 7 =      1.976,    369.084       
# span 8 =    -0.8214,    -0.3808       
# span 9 =    -0.8203,    -0.3811       
# span 10 =    -0.0053,     0.0036      
# span 11 =    -0.8290,    -0.3938      
# span 12 =    -0.8279,    -0.3941      
# span 13 =    -0.0053,     0.0036      
# span 14 =   2.792645,   2.844280      
# span 15 =   2.792622,   2.844159      
# span 16 =  -0.000581,   0.000173      
# span 17 =    34.2765,    34.4131      
# span 18 =    34.2755,    34.4119      
# span 19 =     6.5559,     7.6471      
# span 20 =    27.5478,    27.6519      
# span 21 =    27.5469,    27.6510      
# span 22 =    34.2769,    34.4133      
# span 23 =    27.5480,    27.6521      
# span 24 =    1445.74,    1452.67      
# span 25 =    1445.74,    1452.67      
# span 26 =    -0.8288,    -0.3936      
# span 27 =  1027.5622,  1029.4338      
# span 28 =    34.4387,    34.5821      
# span 29 = 0.0000e+00, 0.0000e+00      
# interval = decibars: 1                
# start_time = Nov 09 2023 20:07:12 [NMEA time, header]
# bad_flag = -9.990e-29
*END*
[from data line 194]
       8462 313.842414  -62.14489  -58.44254      0.943    1446.70    196.000    194.027    -0.8008    -0.8000     0.0008    -0.8066    -0.8058     0.0008   2.792839   2.792829  -0.000011    34.3048    34.3037     7.4899    27.5823    27.5815    34.3047    27.5822    1447.67    1447.68    -0.8064  1028.5256    34.4718 0.0000e+00
       8488 313.842426  -62.14490  -58.44254      0.935    1446.70    197.000    195.017    -0.8009    -0.8000     0.0009    -0.8067    -0.8058     0.0009   2.792878   2.792875  -0.000003    34.3047    34.3037     7.4825    27.5823    27.5814    34.3046    27.5822    1447.69    1447.69    -0.8065  1028.5303    34.4717 0.0000e+00
       8514 313.842439  -62.14490  -58.44254      0.917    1446.70    198.000    196.006    -0.8010    -0.8000     0.0010    -0.8068    -0.8059     0.0010   2.792922   2.792924 6.6633e-07    34.3048    34.3037     7.4825    27.5824    27.5815    34.3047    27.5823    1447.70    1447.71    -0.8067  1028.5352    34.4719 0.0000e+00
       8540 313.842451  -62.14490  -58.44254      0.924    1446.70    199.000    196.996    -0.8015    -0.8007     0.0007    -0.8073    -0.8066     0.0007   2.792944   2.792932  -0.000011    34.3051    34.3041     7.4742    27.5826    27.5817    34.3049    27.5825    1447.72    1447.72    -0.8072  1028.5402    34.4721 0.0000e+00
       8565 313.842463  -62.14491  -58.44254      0.957    1446.70    200.000    197.985    -0.8021    -0.8014     0.0007    -0.8080    -0.8073     0.0007   2.792953   2.792942  -0.000008    34.3052    34.3043     7.4682    27.5827    27.5820    34.3052    27.5827    1447.73    1447.73    -0.8078  1028.5452    34.4723 0.0000e+00
       8589 313.842475  -62.14492  -58.44254      0.984    1446.70    201.000    198.974    -0.8028    -0.8016     0.0013    -0.8087    -0.8075     0.0013   2.792940   2.792967   0.000023    34.3054    34.3042     7.4724    27.5829    27.5819    34.3052    27.5827    1447.75    1447.75    -0.8086  1028.5500    34.4723 0.0000e+00
       8614 313.842487  -62.14492  -58.44253      0.983    1446.70    202.000    199.964    -0.8037    -0.8027     0.0010    -0.8097    -0.8086     0.0010   2.792921   2.792917 -1.052e-07    34.3055    34.3043     7.4823    27.5831    27.5821    34.3054    27.5829    1447.76    1447.76    -0.8095  1028.5549    34.4725 0.0000e+00
       8640 313.842500  -62.14492  -58.44252      0.931    1446.70    203.000    200.954    -0.8045    -0.8039     0.0006    -0.8105    -0.8098     0.0006   2.792898   2.792876  -0.000019    34.3054    34.3045     7.4796    27.5830    27.5822    34.3053    27.5829    1447.77    1447.77    -0.8103  1028.5597    34.4724 0.0000e+00
       8668 313.842513  -62.14494  -58.44252      0.865    1446.70    204.000    201.943    -0.8067    -0.8058     0.0008    -0.8127    -0.8118     0.0008   2.792788   2.792758  -0.000031    34.3061    34.3047     7.4763    27.5836    27.5825    34.3056    27.5833    1447.78    1447.78    -0.8125  1028.5649    34.4728 0.0000e+00
       8696 313.842526  -62.14494  -58.44252      0.865    1446.70    205.000    202.932    -0.8091    -0.8082     0.0009    -0.8151    -0.8143     0.0009   2.792645   2.792622  -0.000021    34.3061    34.3048     7.4754    27.5838    27.5827    34.3059    27.5836    1447.78    1447.78    -0.8150  1028.5699    34.4731 0.0000e+00
       8723 313.842539  -62.14494  -58.44252      0.890    1446.70    206.000    203.922    -0.8080    -0.8076     0.0004    -0.8141    -0.8136     0.0004   2.792853   2.792826  -0.000035    34.3068    34.3059     7.4714    27.5843    27.5835    34.3068    27.5843    1447.81    1447.81    -0.8139  1028.5754    34.4740 0.0000e+00
       8750 313.842553  -62.14496  -58.44250      0.875    1446.70    207.000    204.911    -0.8077    -0.8071     0.0006    -0.8138    -0.8132     0.0006   2.792967   2.792948  -0.000015    34.3075    34.3065     7.4670    27.5848    27.5840    34.3075    27.5848    1447.82    1447.82    -0.8137  1028.5807    34.4747 0.0000e+00
       8777 313.842566  -62.14496  -58.44250      0.874    1446.70    208.000    205.901    -0.8064    -0.8059     0.0006    -0.8126    -0.8120     0.0006   2.793132   2.793124  -0.000004    34.3076    34.3068     7.4707    27.5848    27.5842    34.3076    27.5848    1447.85    1447.85    -0.8124  1028.5872    34.4768 0.0000e+00
       8803 313.842578  -62.14497 -9.990e-29      0.925    1446.70    209.000    206.890    -0.8068    -0.8060     0.0007    -0.8129    -0.8122     0.0007   2.793163   2.793153  -0.000014    34.3077    34.3067     7.4710    27.5850    27.5841    34.3077    27.5850    1447.86    1447.86    -0.8128  1028.5923    34.4773 0.0000e+00
       8827 313.842590  -62.14498 -9.990e-29      0.963    1446.70    210.000    207.879    -0.8060    -0.8056     0.0005    -0.8123    -0.8118     0.0005   2.793290   2.793270  -0.000015    34.3080    34.3072     7.4689    27.5852    27.5845    34.3081    27.5852    1447.88    1447.88    -0.8121  1028.5973    34.4776 0.0000e+00
       8852 313.842602  -62.14498 -9.990e-29      0.963    1446.70    211.000    208.869    -0.8065    -0.8057     0.0008    -0.8128    -0.8119     0.0008   2.793299   2.793298  -0.000004    34.3082    34.3073     7.4675    27.5854    27.5846    34.3081    27.5853    1447.89    1447.90    -0.8126  1028.6022    34.4777 0.0000e+00
       8878 313.842614  -62.14498  -58.44248      0.950    1446.70    212.000    209.858    -0.8067    -0.8060     0.0007    -0.8130    -0.8123     0.0007   2.793328   2.793323  -0.000002    34.3081    34.3072     7.4679    27.5852    27.5846    34.3081    27.5852    1447.91    1447.91    -0.8128  1028.6052    34.4755 0.0000e+00
       8905 313.842627  -62.14498  -58.44248      0.917    1446.70    213.000    210.848    -0.8067    -0.8061     0.0007    -0.8131    -0.8124     0.0007   2.793383   2.793365  -0.000019    34.3083    34.3072     7.4682    27.5854    27.5845    34.3083    27.5854    1447.93    1447.93    -0.8128  1028.6099    34.4755 0.0000e+00
       8931 313.842640  -62.14500  -58.44248      0.910    1446.70    214.000    211.837    -0.8066    -0.8059     0.0007    -0.8130    -0.8122     0.0007   2.793431   2.793424  -0.000004    34.3081    34.3072     7.4650    27.5853    27.5845    34.3081    27.5853    1447.94    1447.95    -0.8128  1028.6146    34.4754 0.0000e+00
       8955 313.842651  -62.14500  -58.44248      0.949    1446.70    215.000    212.826    -0.8059    -0.8052     0.0007    -0.8123    -0.8115     0.0007   2.793559   2.793547  -0.000015    34.3083    34.3073     7.4600    27.5854    27.5846    34.3084    27.5855    1447.96    1447.96    -0.8121  1028.6196    34.4757 0.0000e+00
       8979 313.842663  -62.14500  -58.44248      1.005    1446.70    216.000    213.816    -0.8051    -0.8043     0.0008    -0.8115    -0.8107     0.0008   2.793678   2.793667  -0.000009    34.3085    34.3074     7.4537    27.5855    27.5847    34.3086    27.5856    1447.98    1447.99    -0.8113  1028.6245    34.4758 0.0000e+00
       9003 313.842674  -62.14502  -58.44248      1.014    1446.70    217.000    214.805    -0.8034    -0.8030     0.0004    -0.8099    -0.8094     0.0004   2.793858   2.793824  -0.000032    34.3081    34.3072     7.4517    27.5852    27.5844    34.3085    27.5854    1448.01    1448.01    -0.8097  1028.6291    34.4757 0.0000e+00
       9029 313.842687  -62.14502  -58.44246      0.952    1446.70    218.000    215.794    -0.8023    -0.8016     0.0008    -0.8088    -0.8080     0.0008   2.794021   2.794002  -0.000015    34.3086    34.3075     7.4549    27.5855    27.5846    34.3088    27.5857    1448.03    1448.03    -0.8086  1028.6340    34.4760 0.0000e+00
       9057 313.842701  -62.14502  -58.44246      0.865    1446.70    219.000    216.784    -0.8030    -0.8019     0.0012    -0.8095    -0.8084     0.0012   2.794015   2.794019   0.000002    34.3090    34.3077     7.4553    27.5858    27.5848    34.3089    27.5858    1448.04    1448.04    -0.8093  1028.6383    34.4754 0.0000e+00
       9086 313.842715 -9.990e-29  -58.44246      0.827    1446.70    220.000    217.773    -0.8052    -0.8044     0.0008    -0.8117    -0.8109     0.0008   2.793871   2.793857  -0.000017    34.3088    34.3077     7.4597    27.5858    27.5848    34.3088    27.5858    1448.05    1448.05    -0.8115  1028.6392    34.4704 0.0000e+00
       9112 313.842727 -9.990e-29  -58.44246      0.881    1446.70    221.000    218.762    -0.8050    -0.8044     0.0006    -0.8115    -0.8110     0.0006   2.793922   2.793910  -0.000019    34.3086    34.3076     7.4594    27.5856    27.5848    34.3086    27.5856    1448.07    1448.07    -0.8114  1028.6439    34.4704 0.0000e+00
       9136 313.842739 -9.990e-29  -58.44245      0.973    1446.70    222.000    219.752    -0.7999    -0.7979     0.0019    -0.8065    -0.8045     0.0019   2.794506   2.794596   0.000092    34.3092    34.3083     7.4534    27.5859    27.5851    34.3101    27.5867    1448.11    1448.12    -0.8063  1028.6497    34.4719 0.0000e+00
       9159 313.842750  -62.14506  -58.44244      1.025    1446.70    223.000    220.742    -0.7971    -0.7964     0.0007    -0.8037    -0.8030     0.0007   2.794787   2.794774  -0.000014    34.3098    34.3088     7.4526    27.5863    27.5854    34.3101    27.5866    1448.14    1448.14    -0.8036  1028.6551    34.4728 0.0000e+00
       9184 313.842762  -62.14506  -58.44244      0.993    1446.70    224.000    221.731    -0.7966    -0.7958     0.0007    -0.8032    -0.8025     0.0007   2.794884   2.794872  -0.000012    34.3099    34.3089     7.4498    27.5864    27.5855    34.3102    27.5866    1448.16    1448.16    -0.8031  1028.6636    34.4775 0.0000e+00
       9212 313.842775  -62.14506  -58.44244      0.904    1446.70    225.000    222.720    -0.7966    -0.7957     0.0008    -0.8033    -0.8024     0.0008   2.794939   2.794924  -0.000015    34.3101    34.3090     7.4439    27.5865    27.5856    34.3104    27.5867    1448.17    1448.18    -0.8031  1028.6685    34.4777 0.0000e+00
       9239 313.842788  -62.14506  -58.44244      0.874    1446.70    226.000    223.709    -0.7936    -0.7928     0.0008    -0.8004    -0.7995     0.0008   2.795291   2.795282  -0.000015    34.3107    34.3095     7.4397    27.5868    27.5859    34.3112    27.5873    1448.20    1448.21    -0.8002  1028.6738    34.4785 0.0000e+00
       9265 313.842801  -62.14507  -58.44244      0.900    1446.70    227.000    224.699    -0.7950    -0.7945     0.0005    -0.8017    -0.8013     0.0005   2.795249   2.795182  -0.000052    34.3115    34.3102     7.4381    27.5876    27.5865    34.3116    27.5876    1448.21    1448.21    -0.8016  1028.6771    34.4767 0.0000e+00
       9290 313.842813 -9.990e-29  -58.44242      0.935    1446.70    228.000    225.688    -0.7983    -0.7974     0.0009    -0.8051    -0.8042     0.0009   2.794999   2.794987  -0.000026    34.3115    34.3102     7.4368    27.5877    27.5866    34.3113    27.5876    1448.21    1448.22    -0.8049  1028.6792    34.4731 0.0000e+00
       9316 313.842826 -9.990e-29  -58.44242      0.937    1446.70    229.000    226.677    -0.7992    -0.7979     0.0012    -0.8060    -0.8048     0.0012   2.794968   2.794992   0.000021    34.3113    34.3102     7.4390    27.5876    27.5866    34.3112    27.5875    1448.23    1448.23    -0.8058  1028.6840    34.4730 0.0000e+00
       9344 313.842839 -9.990e-29  -58.44242      0.897    1446.70    230.000    227.667    -0.7987    -0.7981     0.0005    -0.8055    -0.8050     0.0005   2.795044   2.795030  -0.000013    34.3110    34.3102     7.4321    27.5873    27.5866    34.3111    27.5874    1448.24    1448.25    -0.8054  1028.6886    34.4729 0.0000e+00
       9371 313.842852  -62.14510  -58.44242      0.867    1446.70    231.000    228.656    -0.8015    -0.7994     0.0021    -0.8084    -0.8063     0.0021   2.794857   2.794944   0.000091    34.3116    34.3104     7.4448    27.5879    27.5869    34.3112    27.5876    1448.25    1448.26    -0.8082  1028.6964    34.4765 0.0000e+00
       9398 313.842865  -62.14510  -58.44242      0.885    1446.70    232.000    229.645    -0.8037    -0.8030     0.0008    -0.8106    -0.8099     0.0008   2.794717   2.794694  -0.000027    34.3114    34.3102     7.4390    27.5879    27.5868    34.3112    27.5877    1448.25    1448.26    -0.8104  1028.7029    34.4785 0.0000e+00
       9424 313.842878  -62.14511  -58.44241      0.920    1446.70    233.000    230.635    -0.8061    -0.8050     0.0011    -0.8131    -0.8120     0.0011   2.794591   2.794567  -0.000020    34.3117    34.3102     7.4346    27.5882    27.5869    34.3116    27.5881    1448.26    1448.26    -0.8129  1028.7081    34.4790 0.0000e+00
       9450 313.842890  -62.14512  -58.44240      0.924    1446.70    234.000    231.623    -0.8054    -0.8052     0.0002    -0.8124    -0.8122     0.0002   2.794638   2.794601  -0.000036    34.3110    34.3103     7.4346    27.5876    27.5870    34.3108    27.5874    1448.28    1448.28    -0.8122  1028.7122    34.4782 0.0000e+00
       9478 313.842904  -62.14512  -58.44240      0.883    1446.70    235.000    232.613    -0.8053    -0.8045     0.0008    -0.8123    -0.8115     0.0008   2.794704   2.794716   0.000011    34.3110    34.3102     7.4309    27.5876    27.5869    34.3110    27.5876    1448.30    1448.30    -0.8121  1028.7171    34.4784 0.0000e+00
       9505 313.842917  -62.14512  -58.44240      0.868    1446.70    236.000    233.603    -0.8053    -0.8043     0.0010    -0.8124    -0.8113     0.0011   2.794747   2.794792   0.000026    34.3111    34.3102     7.4367    27.5877    27.5870    34.3110    27.5876    1448.31    1448.32    -0.8122  1028.7219    34.4783 0.0000e+00
       9531 313.842929  -62.14514  -58.44240      0.908    1446.70    237.000    234.591    -0.8048    -0.8028     0.0020    -0.8119    -0.8099     0.0020   2.794893   2.794957   0.000074    34.3117    34.3104     7.4407    27.5882    27.5870    34.3118    27.5882    1448.33    1448.34    -0.8117  1028.7273    34.4791 0.0000e+00
       9558 313.842942  -62.14514  -58.44240      0.919    1446.70    238.000    235.581    -0.8051    -0.8039     0.0012    -0.8122    -0.8110     0.0012   2.794883   2.794914   0.000031    34.3115    34.3105     7.4442    27.5880    27.5871    34.3113    27.5878    1448.35    1448.35    -0.8120  1028.7317    34.4787 0.0000e+00
       9585 313.842955  -62.14514  -58.44238      0.880    1446.70    239.000    236.570    -0.8055    -0.8046     0.0009    -0.8127    -0.8117     0.0009   2.794907   2.794917   0.000002    34.3114    34.3103     7.4382    27.5879    27.5870    34.3115    27.5880    1448.36    1448.36    -0.8125  1028.7366    34.4789 0.0000e+00
       9613 313.842969  -62.14515  -58.44238      0.860    1446.71    240.000    237.559    -0.8033    -0.8022     0.0010    -0.8104    -0.8094     0.0010   2.795177   2.795165  -0.000006    34.3116    34.3103     7.4421    27.5880    27.5869    34.3120    27.5883    1448.39    1448.39    -0.8103  1028.7417    34.4794 0.0000e+00
       9642 313.842983  -62.14516  -58.44238      0.841    1447.01    241.000    238.549    -0.7982    -0.7973     0.0010    -0.8055    -0.8045     0.0010   2.795618   2.795648   0.000041    34.3113    34.3107     7.4311    27.5875    27.5870    34.3116    27.5878    1448.43    1448.43    -0.8052  1028.7459    34.4790 0.0000e+00
       9669 313.842996  -62.14516  -58.44238      0.862    1447.01    242.000    239.538    -0.7976    -0.7974     0.0002    -0.8049    -0.8046     0.0002   2.795733   2.795687  -0.000050    34.3116    34.3107     7.4260    27.5878    27.5870    34.3118    27.5880    1448.45    1448.45    -0.8047  1028.7508    34.4792 0.0000e+00
