Pos-Processados/pos_process42/Dados/doperantar42_011.cnv
* Sea-Bird SBE 9 Data File:
* FileName = C:\Users\Hidrografia\Desktop\OPXLII\Brutos\OP42011.hdr
* Software Version Seasave V 7.26.7.107
* Temperature SN = 6502
* Conductivity SN = 4998
* Number of Bytes Per Scan = 31
* Number of Voltage Words = 2
* Number of Scans Averaged by the Deck Unit = 1
* NMEA Latitude = 45 08.67 S
* NMEA Longitude = 055 57.85 W
* NMEA UTC (Time) = Oct 19 2023 08:19:59
* NMEA baud rate = 4800
** H41
** NPOALTEMAXIMIANO
** NUMERO DA ESTACAO (XXX) 011
** LAT (XX XX.XX S/N) 45 5.419 S
** LONG (XXX XX.XX W/E) 055 57.980 W
** DATAHORA (dd/mm/aaaa hh:mm Z) 19/10/2023 0819Z
** PROFUNDIDADE (m) 5475
** OPERADOR CT FILIPE LOPES
# nquan = 30
# nvalues = 1014                        
# units = specified
# name 0 = scan: Scan Count
# name 1 = timeJ: Julian Days
# name 2 = latitude: Latitude [deg]
# name 3 = longitude: Longitude [deg]
# name 4 = dz/dtM: Descent Rate [m/s]
# name 5 = avgsvCM: Average Sound Velocity [Chen-Millero, m/s]
# name 6 = prDM: Pressure, Digiquartz [db]
# name 7 = depSM: Depth [salt water, m]
# name 8 = t090C: Temperature [ITS-90, deg C]
# name 9 = t190C: Temperature, 2 [ITS-90, deg C]
# name 10 = T2-T190C: Temperature Difference, 2 - 1 [ITS-90, deg C]
# name 11 = potemp090C: Potential Temperature [ITS-90, deg C]
# name 12 = potemp190C: Potential Temperature, 2 [ITS-90, deg C]
# name 13 = potemp90Cdiff: Potential Temperature, Diff, 2 - 1 [ITS-90, deg C]
# name 14 = c0S/m: Conductivity [S/m]
# name 15 = c1S/m: Conductivity, 2 [S/m]
# name 16 = C2-C1S/m: Conductivity Difference, 2 - 1 [S/m]
# name 17 = sal00: Salinity, Practical [PSU]
# name 18 = sal11: Salinity, Practical, 2 [PSU]
# name 19 = sbeox0ML/L: Oxygen, SBE 43 [ml/l]
# name 20 = sigma-é00: Density [sigma-theta, kg/m^3]
# name 21 = sigma-é11: Density, 2 [sigma-theta, kg/m^3]
# name 22 = sal00: Salinity, Practical [PSU]
# name 23 = sigma-é00: Density [sigma-theta, kg/m^3]
# name 24 = svCM: Sound Velocity [Chen-Millero, m/s]
# name 25 = svCM1: Sound Velocity, 2 [Chen-Millero, m/s]
# name 26 = gsw_ptA0: potential temperature [ITS-90, deg C]
# name 27 = gsw_densityA0: density, TEOS-10 [density, kg/m^3]
# name 28 = gsw_saA0: Absolute Salinity [g/kg]
# name 29 = flag:
# span 0 =       2691,      33106       
# span 1 = 292.348508, 292.363176       
# span 2 =  -45.14781,  -45.14486       
# span 3 =  -55.96379,  -55.95854       
# span 4 =     -0.242,      1.328       
# span 5 =       0.00,    1497.14       
# span 6 =      2.000,   1015.000       
# span 7 =      1.956,   1004.297       
# span 8 =     2.7695,    12.3872       
# span 9 =     2.7704,    12.3883       
# span 10 =    -0.0198,     0.0485      
# span 11 =     2.7025,    12.3814      
# span 12 =     2.7034,    12.3825      
# span 13 =    -0.0197,     0.0485      
# span 14 =   3.125315,   4.051385      
# span 15 =   3.125333,   4.051603      
# span 16 =  -0.008636,   0.002639      
# span 17 =    34.0772,    35.1154      
# span 18 =    34.0786,    35.1151      
# span 19 =     4.0865,     6.7359      
# span 20 =    26.5169,    27.4706      
# span 21 =    26.5179,    27.4702      
# span 22 =    34.0665,    35.1201      
# span 23 =    26.5170,    27.4707      
# span 24 =    1471.02,    1499.02      
# span 25 =    1471.02,    1499.02      
# span 26 =     2.7024,    12.3814      
# span 27 =  1026.5325,  1032.1792      
# span 28 =    34.2276,    35.2861      
# span 29 = 0.0000e+00, 0.0000e+00      
# interval = decibars: 1                
# start_time = Oct 19 2023 08:19:59 [NMEA time, header]
# bad_flag = -9.990e-29
*END*
[from data line 97]
       7004 292.350588  -45.14526  -55.96308      0.680    1494.27     99.000     98.172     7.7068     7.7105     0.0036     7.6972     7.7008     0.0036   3.538440   3.534053  -0.004366    34.4397    34.3887     5.8995    26.8775    26.8370    34.3504    26.8073    1482.18    1482.13     7.6972  1027.2606    34.5129 0.0000e+00
       7032 292.350601  -45.14526  -55.96308      0.798    1494.27    100.000     99.163     6.6947     6.7432     0.0485     6.6857     6.7342     0.0485   3.440963   3.437649  -0.003522    34.3552    34.2677     5.9864    26.9536    26.8781    34.2909    26.9029    1478.22    1478.31     6.6857  1027.3627    34.4532 0.0000e+00
       7059 292.350614  -45.14526  -55.96306      0.891    1494.27    101.000    100.154     6.6480     6.6556     0.0076     6.6390     6.6466     0.0076   3.429986   3.429297  -0.000693    34.2575    34.2422     5.9002    26.8828    26.8697    34.2156    26.8498    1477.96    1477.97     6.6390  1027.3144    34.3775 0.0000e+00
       7090 292.350629  -45.14526  -55.96306      0.808    1494.27    102.000    101.146     6.5826     6.6140     0.0314     6.5736     6.6050     0.0314   3.422648   3.424871   0.001929    34.2370    34.2269     6.2497    26.8754    26.8632    34.1991    26.8455    1477.70    1477.82     6.5735  1027.3148    34.3609 0.0000e+00
       7121 292.350644  -45.14527  -55.96306      0.759    1494.27    103.000    102.137     6.4314     6.4773     0.0460     6.4223     6.4683     0.0460   3.405986   3.408247   0.002639    34.2213    34.2046     6.5050    26.8829    26.8636    34.1647    26.8382    1477.08    1477.24     6.4223  1027.3124    34.3263 0.0000e+00
       7147 292.350657  -45.14528  -55.96306      0.870    1494.27    104.000    103.129     6.0176     6.0195     0.0019     6.0089     6.0108     0.0019   3.365109   3.362543  -0.002605    34.1868    34.1555     6.5732    26.9089    26.8839    34.1219    26.8576    1475.41    1475.38     6.0089  1027.3374    34.2833 0.0000e+00
       7171 292.350668  -45.14528  -55.96306      0.958    1494.27    105.000    104.120     5.8846     5.8842    -0.0004     5.8759     5.8755    -0.0004   3.352368   3.350467  -0.001915    34.1522    34.1310     6.5456    26.8983    26.8815    34.1119    26.8664    1474.88    1474.86     5.8759  1027.3511    34.2732 0.0000e+00
       7199 292.350682  -45.14528  -55.96305      0.911    1494.27    106.000    105.111     5.8878     5.8869    -0.0009     5.8790     5.8781    -0.0009   3.351381   3.350883  -0.000550    34.1308    34.1255     6.5839    26.8810    26.8769    34.0970    26.8542    1474.89    1474.88     5.8790  1027.3435    34.2583 0.0000e+00
       7232 292.350698  -45.14528  -55.96304      0.754    1494.27    107.000    106.102     5.8542     5.8548     0.0006     5.8453     5.8459     0.0006   3.347997   3.347849  -0.000130    34.1220    34.1199     6.7063    26.8782    26.8765    34.0922    26.8546    1474.77    1474.77     5.8453  1027.3486    34.2535 0.0000e+00
       7263 292.350713  -45.14528  -55.96304      0.744    1494.27    108.000    107.094     5.8343     5.8345     0.0002     5.8254     5.8256     0.0002   3.346472   3.346389  -0.000060    34.1189    34.1180     6.7162    26.8782    26.8775    34.0945    26.8589    1474.71    1474.71     5.8254  1027.3576    34.2558 0.0000e+00
       7291 292.350726 -9.990e-29  -55.96304      0.834    1494.27    109.000    108.085     5.7679     5.7674    -0.0005     5.7590     5.7584    -0.0005   3.340546   3.339774  -0.000729    34.1209    34.1131     6.7062    26.8880    26.8819    34.0939    26.8667    1474.46    1474.45     5.7589  1027.3699    34.2550 0.0000e+00
       7317 292.350739 -9.990e-29  -55.96303      0.915    1494.27    110.000    109.077     5.7283     5.7248    -0.0035     5.7192     5.7158    -0.0035   3.336279   3.335557  -0.000672    34.1115    34.1074     6.6881    26.8854    26.8826    34.0851    26.8646    1474.31    1474.29     5.7193  1027.3726    34.2462 0.0000e+00
       7343 292.350751 -9.990e-29  -55.96302      0.939    1494.27    111.000    110.068     5.6275     5.6272    -0.0003     5.6185     5.6182    -0.0003   3.327153   3.326297  -0.000891    34.1075    34.0976     6.6806    26.8946    26.8869    34.0829    26.8752    1473.92    1473.90     5.6185  1027.3880    34.2440 0.0000e+00
       7373 292.350766  -45.14530  -55.96302      0.842    1494.27    112.000    111.059     5.5857     5.5847    -0.0010     5.5767     5.5756    -0.0010   3.323000   3.322312  -0.000635    34.0982    34.0921     6.6800    26.8924    26.8876    34.0775    26.8760    1473.76    1473.75     5.5766  1027.3936    34.2386 0.0000e+00
       7406 292.350782  -45.14530  -55.96301      0.725    1494.27    113.000    112.051     5.5363     5.5348    -0.0015     5.5272     5.5257    -0.0015   3.318620   3.317794  -0.000821    34.0956    34.0877     6.7046    26.8963    26.8902    34.0772    26.8817    1473.58    1473.56     5.5272  1027.4042    34.2385 0.0000e+00
       7437 292.350797  -45.14530  -55.96300      0.742    1494.27    114.000    113.042     5.4936     5.4933    -0.0003     5.4844     5.4841    -0.0003   3.314393   3.313984  -0.000446    34.0895    34.0847     6.7237    26.8966    26.8928    34.0718    26.8826    1473.41    1473.41     5.4844  1027.4097    34.2330 0.0000e+00
       7464 292.350810  -45.14530  -55.96300      0.863    1494.18    115.000    114.033     5.4616     5.4610    -0.0007     5.4524     5.4518    -0.0007   3.311348   3.311060  -0.000270    34.0842    34.0818     6.7359    26.8962    26.8944    34.0689    26.8841    1473.30    1473.29     5.4524  1027.4160    34.2301 0.0000e+00
       7491 292.350823  -45.14530 -9.990e-29      0.872 -9.990e-29    116.000    115.024     5.4382     5.4381    -0.0001     5.4289     5.4288    -0.0001   3.309207   3.309110  -0.000113    34.0812    34.0800     6.7285    26.8966    26.8957    34.0678    26.8860    1473.22    1473.22     5.4289  1027.4224    34.2288 0.0000e+00
       7515 292.350834  -45.14530 -9.990e-29      0.950 -9.990e-29    117.000    116.016     5.4209     5.4209    -0.0001     5.4116     5.4116    -0.0001   3.307609   3.307582  -0.000035    34.0789    34.0786     6.7269    26.8969    26.8967    34.0665    26.8871    1473.16    1473.16     5.4116  1027.4281    34.2276 0.0000e+00
       7537 292.350845  -45.14532 -9.990e-29      1.047 -9.990e-29    118.000    117.007     5.4155     5.4161     0.0006     5.4062     5.4067     0.0006   3.307277   3.307519   0.000228    34.0772    34.0792     6.7310    26.8962    26.8977    34.0677    26.8887    1473.16    1473.16     5.4061  1027.4344    34.2287 0.0000e+00
       7560 292.350856  -45.14532 -9.990e-29      1.081 -9.990e-29    119.000    117.998     5.4133     5.4142     0.0009     5.4039     5.4048     0.0009   3.307201   3.307449   0.000253    34.0776    34.0796     6.7314    26.8968    26.8983    34.0685    26.8896    1473.17    1473.18     5.4038  1027.4399    34.2296 0.0000e+00
       7583 292.350867  -45.14532  -55.96298      1.049    1488.16    120.000    118.990     5.4070     5.4078     0.0008     5.3975     5.3983     0.0008   3.306790   3.307009   0.000215    34.0776    34.0793     6.7236    26.8975    26.8988    34.0697    26.8913    1473.16    1473.17     5.3975  1027.4463    34.2309 0.0000e+00
       7608 292.350879  -45.14532  -55.96298      0.990    1488.05    121.000    119.981     5.4038     5.4041     0.0003     5.3942     5.3946     0.0003   3.306706   3.306912   0.000212    34.0783    34.0804     6.7107    26.8985    26.9001    34.0715    26.8931    1473.17    1473.17     5.3942  1027.4528    34.2328 0.0000e+00
       7633 292.350891  -45.14532  -55.96298      0.977    1488.05    122.000    120.972     5.4017     5.4025     0.0008     5.3921     5.3929     0.0008   3.306940   3.307209   0.000267    34.0813    34.0835     6.7041    26.9011    26.9028    34.0758    26.8968    1473.18    1473.19     5.3920  1027.4611    34.2371 0.0000e+00
       7661 292.350905  -45.14532  -55.96298      0.895    1488.05    123.000    121.964     5.4015     5.4016     0.0001     5.3918     5.3919     0.0001   3.307108   3.307266   0.000171    34.0827    34.0846     6.6913    26.9023    26.9038    34.0774    26.8981    1473.20    1473.20     5.3917  1027.4670    34.2387 0.0000e+00
       7693 292.350920  -45.14532  -55.96297      0.762    1488.05    124.000    122.955     5.3884     5.3871    -0.0013     5.3786     5.3773    -0.0013   3.306128   3.305973  -0.000135    34.0847    34.0844     6.6665    26.9054    26.9054    34.0790    26.9010    1473.16    1473.16     5.3785  1027.4745    34.2404 0.0000e+00
       7722 292.350934  -45.14532  -55.96296      0.790    1488.05    125.000    123.946     5.3628     5.3628     0.0000     5.3530     5.3530     0.0000   3.303894   3.303753  -0.000155    34.0848    34.0830     6.6500    26.9085    26.9071    34.0789    26.9039    1473.08    1473.07     5.3529  1027.4821    34.2402 0.0000e+00
       7744 292.350945  -45.14533  -55.96296      0.960    1488.05    126.000    124.938     5.3409     5.3395    -0.0014     5.3310     5.3296    -0.0014   3.301653   3.301405  -0.000231    34.0827    34.0815     6.6476    26.9095    26.9087    34.0751    26.9035    1473.00    1472.99     5.3309  1027.4864    34.2364 0.0000e+00
       7765 292.350955  -45.14534  -55.96296      1.106    1488.05    127.000    125.929     5.3205     5.3203    -0.0002     5.3105     5.3103    -0.0002   3.299764   3.299761  -0.000020    34.0790    34.0790     6.6446    26.9090    26.9090    34.0736    26.9047    1472.93    1472.93     5.3105  1027.4923    34.2349 0.0000e+00
       7786 292.350965  -45.14534  -55.96296      1.150    1488.05    128.000    126.920     5.3180     5.3185     0.0006     5.3079     5.3084     0.0006   3.299822   3.300045   0.000217    34.0803    34.0822     6.6427    26.9104    26.9118    34.0764    26.9072    1472.94    1472.95     5.3079  1027.4994    34.2377 0.0000e+00
       7809 292.350976  -45.14534  -55.96294      1.090    1488.05    129.000    127.911     5.3130     5.3133     0.0003     5.3028     5.3032     0.0003   3.299632   3.299749   0.000106    34.0828    34.0836     6.6562    26.9129    26.9135    34.0788    26.9097    1472.94    1472.94     5.3028  1027.5065    34.2401 0.0000e+00
       7834 292.350988  -45.14534  -55.96294      0.987    1488.05    130.000    128.903     5.3131     5.3138     0.0007     5.3028     5.3036     0.0007   3.299782   3.299980   0.000212    34.0834    34.0851     6.6678    26.9134    26.9146    34.0799    26.9106    1472.96    1472.96     5.3028  1027.5120    34.2412 0.0000e+00
       7863 292.351002  -45.14534  -55.96294      0.880    1488.05    131.000    129.893     5.2866     5.2850    -0.0016     5.2764     5.2748    -0.0016   3.297633   3.297358  -0.000261    34.0870    34.0857     6.6503    26.9194    26.9185    34.0816    26.9151    1472.87    1472.86     5.2763  1027.5212    34.2430 0.0000e+00
       7893 292.351017 -9.990e-29  -55.96294      0.804    1488.05    132.000    130.885     5.2690     5.2701     0.0011     5.2586     5.2597     0.0011   3.296518   3.296607   0.000067    34.0894    34.0891     6.6269    26.9234    26.9230    34.0863    26.9209    1472.82    1472.82     5.2586  1027.5314    34.2474 0.0000e+00
       7919 292.351029 -9.990e-29  -55.96293      0.847    1488.05    133.000    131.876     5.2751     5.2759     0.0008     5.2647     5.2655     0.0008   3.297223   3.297427   0.000203    34.0901    34.0916     6.6155    26.9231    26.9243    34.0876    26.9212    1472.86    1472.87     5.2647  1027.5363    34.2487 0.0000e+00
       7942 292.351040 -9.990e-29  -55.96292      0.990    1488.05    134.000    132.868     5.2782     5.2785     0.0003     5.2677     5.2680     0.0003   3.297690   3.297841   0.000161    34.0912    34.0927     6.6127    26.9237    26.9248    34.0893    26.9222    1472.90    1472.90     5.2677  1027.5419    34.2504 0.0000e+00
       7961 292.351049 -9.990e-29  -55.96292      1.133    1488.05    135.000    133.858     5.2522     5.2474    -0.0048     5.2416     5.2368    -0.0048   3.295029   3.294403  -0.000611    34.0932    34.0910     6.6025    26.9283    26.9271    34.0848    26.9217    1472.80    1472.78     5.2416  1027.5461    34.2458 0.0000e+00
       7982 292.351059  -45.14536  -55.96292      1.201    1488.05    136.000    134.850     5.2438     5.2466     0.0028     5.2331     5.2359     0.0028   3.294839   3.295516   0.000568    34.0884    34.0920     6.5876    26.9255    26.9281    34.0906    26.9273    1472.79    1472.81     5.2331  1027.5566    34.2520 0.0000e+00
       8004 292.351070  -45.14536  -55.96292      1.133    1488.05    137.000    135.841     5.3010     5.3041     0.0031     5.2903     5.2933     0.0031   3.300447   3.301307   0.000957    34.0940    34.1019     6.5644    26.9232    26.9291    34.0961    26.9249    1473.04    1473.07     5.2902  1027.5587    34.2576 0.0000e+00
       8030 292.351083  -45.14536  -55.96291      0.977    1488.05    138.000    136.833     5.2789     5.2777    -0.0012     5.2681     5.2668    -0.0012   3.298925   3.298632  -0.000281    34.1049    34.1029     6.5845    26.9345    26.9331    34.1007    26.9312    1472.98    1472.97     5.2680  1027.5696    34.2622 0.0000e+00
       8058 292.351096  -45.14536  -55.96290      0.875    1488.05    139.000    137.823     5.2455     5.2487     0.0032     5.2346     5.2379     0.0032   3.295905   3.295965   0.000060    34.1030    34.1004     6.5689    26.9369    26.9345    34.0996    26.9342    1472.86    1472.87     5.2346  1027.5773    34.2610 0.0000e+00
       8086 292.351110  -45.14536  -55.96290      0.855    1488.05    140.000    138.815     5.2259     5.2260     0.0002     5.2150     5.2151     0.0002   3.293789   3.293711  -0.000076    34.0991    34.0981     6.5209    26.9361    26.9353    34.0947    26.9326    1472.79    1472.79     5.2149  1027.5805    34.2561 0.0000e+00
       8113 292.351123  -45.14537  -55.96290      0.887    1488.05    141.000    139.806     5.2024     5.2030     0.0005     5.1914     5.1920     0.0005   3.291513   3.291445  -0.000060    34.0969    34.0956     6.5159    26.9371    26.9360    34.0920    26.9332    1472.71    1472.71     5.1914  1027.5858    34.2534 0.0000e+00
       8138 292.351135  -45.14538  -55.96290      0.938    1488.05    142.000    140.797     5.1460     5.1442    -0.0018     5.1350     5.1332    -0.0018   3.286118   3.285471  -0.000625    34.0963    34.0909     6.5361    26.9432    26.9392    34.0870    26.9358    1472.49    1472.47     5.1350  1027.5932    34.2484 0.0000e+00
       8164 292.351147  -45.14538  -55.96290      0.943    1488.05    143.000    141.789     5.0915     5.0923     0.0007     5.0805     5.0812     0.0007   3.281024   3.280753  -0.000311    34.0902    34.0859     6.5521    26.9447    26.9412    34.0834    26.9393    1472.28    1472.27     5.0805  1027.6014    34.2448 0.0000e+00
       8190 292.351160  -45.14538 -9.990e-29      0.920    1488.05    144.000    142.779     5.0876     5.0885     0.0009     5.0765     5.0774     0.0009   3.280301   3.280412   0.000103    34.0830    34.0832     6.5553    26.9394    26.9395    34.0786    26.9359    1472.27    1472.28     5.0765  1027.6026    34.2398 0.0000e+00
       8213 292.351171  -45.14538 -9.990e-29      0.964    1488.05    145.000    143.771     5.0915     5.0906    -0.0009     5.0803     5.0794    -0.0009   3.280775   3.280767  -0.000018    34.0819    34.0826     6.5802    26.9382    26.9388    34.0795    26.9363    1472.30    1472.30     5.0803  1027.6075    34.2407 0.0000e+00
       8234 292.351181  -45.14538 -9.990e-29      1.068    1488.05    146.000    144.761     5.1555     5.1510    -0.0045     5.1442     5.1397    -0.0045   3.287268   3.287607   0.000330    34.0815    34.0898     6.5934    26.9304    26.9376    34.0884    26.9359    1472.59    1472.59     5.1442  1027.6115    34.2497 0.0000e+00
