Pos-Processados/pos_process42/Dados/doperantar42_051.cnv
* Sea-Bird SBE 9 Data File:
* FileName = C:\Users\Hidrografia\Desktop\OPXLII\Brutos\OP42051.hdr
* Software Version Seasave V 7.26.7.107
* Temperature SN = 6502
* Conductivity SN = 4998
* Number of Bytes Per Scan = 37
* Number of Voltage Words = 4
* Number of Scans Averaged by the Deck Unit = 1
* NMEA Latitude = 62 08.18 S
* NMEA Longitude = 058 26.57 W
* NMEA UTC (Time) = Nov 10 2023 02:01:52
* NMEA baud rate = 4800
** H41
** NPOALTEMAXIMIANO
** NUMERO DA ESTACAO (XXX) 51
** LAT (XX XX.XX S/N) 62 08.171 S
** LONG (XXX XX.XX W/E) 058 26.68 W
** DATAHORA (dd/mm/aaaa hh:mm Z) 10/11/2023 0205Z
** PROFUNDIDADE (m) 424
** OPERADOR CT FILIPE LOPES
# nquan = 30
# nvalues = 386                         
# units = specified
# name 0 = scan: Scan Count
# name 1 = timeJ: Julian Days
# name 2 = latitude: Latitude [deg]
# name 3 = longitude: Longitude [deg]
# name 4 = dz/dtM: Descent Rate [m/s]
# name 5 = avgsvCM: Average Sound Velocity [Chen-Millero, m/s]
# name 6 = prDM: Pressure, Digiquartz [db]
# name 7 = depSM: Depth [salt water, m]
# name 8 = t090C: Temperature [ITS-90, deg C]
# name 9 = t190C: Temperature, 2 [ITS-90, deg C]
# name 10 = T2-T190C: Temperature Difference, 2 - 1 [ITS-90, deg C]
# name 11 = potemp090C: Potential Temperature [ITS-90, deg C]
# name 12 = potemp190C: Potential Temperature, 2 [ITS-90, deg C]
# name 13 = potemp90Cdiff: Potential Temperature, Diff, 2 - 1 [ITS-90, deg C]
# name 14 = c0S/m: Conductivity [S/m]
# name 15 = c1S/m: Conductivity, 2 [S/m]
# name 16 = C2-C1S/m: Conductivity Difference, 2 - 1 [S/m]
# name 17 = sal00: Salinity, Practical [PSU]
# name 18 = sal11: Salinity, Practical, 2 [PSU]
# name 19 = sbeox0ML/L: Oxygen, SBE 43 [ml/l]
# name 20 = sigma-é00: Density [sigma-theta, kg/m^3]
# name 21 = sigma-é11: Density, 2 [sigma-theta, kg/m^3]
# name 22 = sal00: Salinity, Practical [PSU]
# name 23 = sigma-é00: Density [sigma-theta, kg/m^3]
# name 24 = svCM: Sound Velocity [Chen-Millero, m/s]
# name 25 = svCM1: Sound Velocity, 2 [Chen-Millero, m/s]
# name 26 = gsw_ptA0: potential temperature [ITS-90, deg C]
# name 27 = gsw_densityA0: density, TEOS-10 [density, kg/m^3]
# name 28 = gsw_saA0: Absolute Salinity [g/kg]
# name 29 = flag:
# span 0 =       4154,      17299       
# span 1 = 314.086633, 314.092972       
# span 2 =  -62.13930,  -62.13708       
# span 3 =  -58.44111,  -58.43631       
# span 4 =      0.044,      1.030       
# span 5 =       0.00,    1448.41       
# span 6 =      3.000,    388.000       
# span 7 =      2.979,    383.915       
# span 8 =    -0.7920,    -0.5116       
# span 9 =    -0.7916,    -0.5108       
# span 10 =    -0.0053,     0.0061      
# span 11 =    -0.7981,    -0.5234      
# span 12 =    -0.7977,    -0.5226      
# span 13 =    -0.0053,     0.0060      
# span 14 =   2.794382,   2.831248      
# span 15 =   2.794357,   2.831231      
# span 16 =  -0.000632,   0.000396      
# span 17 =    34.2630,    34.4088      
# span 18 =    34.2615,    34.4079      
# span 19 =     6.6647,     7.7535      
# span 20 =    27.5391,    27.6557      
# span 21 =    27.5378,    27.6549      
# span 22 =    34.2634,    34.4086      
# span 23 =    27.5394,    27.6555      
# span 24 =    1445.50,    1452.16      
# span 25 =    1445.50,    1452.16      
# span 26 =    -0.7980,    -0.5232      
# span 27 =  1027.5583,  1029.5086      
# span 28 =    34.4284,    34.5754      
# span 29 = 0.0000e+00, 0.0000e+00      
# interval = decibars: 1                
# start_time = Nov 10 2023 02:01:52 [NMEA time, header]
# bad_flag = -9.990e-29
*END*
[from data line 146]
       8371 314.088666 -9.990e-29  -58.43954      0.937    1446.55    149.000    147.517    -0.7231    -0.7223     0.0008    -0.7275    -0.7268     0.0008   2.796671   2.796670 -9.914e-07    34.2979    34.2970     7.5224    27.5735    27.5728    34.2973    27.5731    1447.26    1447.27    -0.7274  1028.2873    34.4591 0.0000e+00
       8398 314.088679 -9.990e-29  -58.43953      0.900    1446.55    150.000    148.507    -0.7251    -0.7240     0.0010    -0.7295    -0.7285     0.0010   2.796581   2.796590   0.000005    34.2984    34.2972     7.5190    27.5739    27.5730    34.2977    27.5734    1447.27    1447.27    -0.7294  1028.2924    34.4594 0.0000e+00
       8424 314.088692  -62.13774  -58.43952      0.912    1446.55    151.000    149.497    -0.7274    -0.7266     0.0008    -0.7319    -0.7310     0.0008   2.796451   2.796442  -0.000004    34.2986    34.2976     7.5119    27.5742    27.5734    34.2980    27.5738    1447.28    1447.28    -0.7318  1028.2982    34.4605 0.0000e+00
       8451 314.088705  -62.13774  -58.43952      0.907    1446.55    152.000    150.487    -0.7353    -0.7336     0.0017    -0.7398    -0.7381     0.0017   2.795946   2.795971   0.000017    34.3007    34.2991     7.5153    27.5763    27.5749    34.2995    27.5753    1447.26    1447.26    -0.7397  1028.3080    34.4663 0.0000e+00
       8479 314.088718  -62.13776  -58.43950      0.872    1446.55    153.000    151.476    -0.7381    -0.7373     0.0009    -0.7427    -0.7418     0.0009   2.795748   2.795727  -0.000013    34.3001    34.2990     7.5090    27.5759    27.5750    34.2994    27.5753    1447.26    1447.26    -0.7425  1028.3129    34.4663 0.0000e+00
       8510 314.088733  -62.13776  -58.43949      0.805    1446.55    154.000    152.466    -0.7387    -0.7382     0.0005    -0.7432    -0.7427     0.0005   2.795741   2.795714  -0.000030    34.2999    34.2989     7.5050    27.5758    27.5750    34.2993    27.5753    1447.27    1447.28    -0.7431  1028.3176    34.4662 0.0000e+00
       8540 314.088747  -62.13776  -58.43948      0.785    1446.55    155.000    153.455    -0.7387    -0.7380     0.0008    -0.7433    -0.7426     0.0008   2.795787   2.795782  -0.000003    34.2998    34.2989     7.5033    27.5757    27.5749    34.2994    27.5754    1447.29    1447.29    -0.7432  1028.3225    34.4663 0.0000e+00
       8568 314.088761  -62.13776  -58.43948      0.824    1446.55    156.000    154.445    -0.7390    -0.7378     0.0012    -0.7436    -0.7424     0.0012   2.795805   2.795832   0.000026    34.2997    34.2987     7.5000    27.5756    27.5747    34.2993    27.5753    1447.30    1447.31    -0.7435  1028.3272    34.4662 0.0000e+00
       8595 314.088774  -62.13776  -58.43946      0.880    1446.55    157.000    155.435    -0.7385    -0.7378     0.0007    -0.7432    -0.7424     0.0007   2.795887   2.795893   0.000007    34.2995    34.2987     7.4988    27.5754    27.5748    34.2993    27.5752    1447.32    1447.33    -0.7430  1028.3319    34.4662 0.0000e+00
       8620 314.088786  -62.13778  -58.43946      0.934    1446.55    158.000    156.424    -0.7383    -0.7376     0.0007    -0.7430    -0.7423     0.0007   2.795947   2.795952   0.000007    34.2995    34.2988     7.4976    27.5754    27.5748    34.2992    27.5752    1447.34    1447.34    -0.7429  1028.3366    34.4661 0.0000e+00
       8648 314.088800  -62.13778  -58.43946      0.900    1446.55    159.000    157.414    -0.7413    -0.7401     0.0011    -0.7460    -0.7449     0.0011   2.795799   2.795800 -7.198e-07    34.3005    34.2992     7.5004    27.5764    27.5753    34.3000    27.5759    1447.34    1447.35    -0.7459  1028.3422    34.4669 0.0000e+00
       8677 314.088814  -62.13778  -58.43944      0.836    1446.55    160.000    158.404    -0.7470    -0.7454     0.0016    -0.7517    -0.7502     0.0016   2.795433   2.795448   0.000017    34.3017    34.3001     7.4998    27.5775    27.5762    34.3009    27.5769    1447.33    1447.34    -0.7516  1028.3480    34.4678 0.0000e+00
       8707 314.088828  -62.13778  -58.43943      0.802    1446.55    161.000    159.393    -0.7514    -0.7507     0.0007    -0.7562    -0.7555     0.0007   2.795116   2.795078  -0.000039    34.3019    34.3005     7.4993    27.5779    27.5768    34.3010    27.5772    1447.33    1447.33    -0.7560  1028.3530    34.4680 0.0000e+00
       8735 314.088842  -62.13779  -58.43942      0.829    1446.55    162.000    160.383    -0.7560    -0.7550     0.0009    -0.7607    -0.7598     0.0009   2.794791   2.794793 -4.415e-07    34.3019    34.3009     7.4952    27.5781    27.5772    34.3011    27.5775    1447.33    1447.33    -0.7606  1028.3581    34.4681 0.0000e+00
       8762 314.088855  -62.13780  -58.43942      0.878    1446.55    163.000    161.373    -0.7569    -0.7559     0.0010    -0.7617    -0.7607     0.0010   2.794774   2.794776   0.000002    34.3017    34.3006     7.4941    27.5780    27.5771    34.3013    27.5777    1447.34    1447.34    -0.7616  1028.3631    34.4683 0.0000e+00
       8789 314.088868  -62.13780  -58.43940      0.901    1446.55    164.000    162.362    -0.7550    -0.7546     0.0005    -0.7599    -0.7594     0.0005   2.794925   2.794922  -0.000003    34.3010    34.3005     7.4953    27.5774    27.5769    34.3006    27.5770    1447.36    1447.36    -0.7597  1028.3672    34.4676 0.0000e+00
       8817 314.088881  -62.13780  -58.43940      0.875    1446.55    165.000    163.352    -0.7556    -0.7549     0.0008    -0.7605    -0.7597     0.0008   2.794938   2.794940   0.000004    34.3012    34.3003     7.4893    27.5775    27.5768    34.3009    27.5773    1447.38    1447.38    -0.7604  1028.3723    34.4679 0.0000e+00
       8846 314.088895  -62.13780  -58.43938      0.838    1446.55    166.000    164.341    -0.7543    -0.7536     0.0007    -0.7592    -0.7585     0.0007   2.795068   2.795071   0.000004    34.3008    34.3000     7.4838    27.5771    27.5765    34.3005    27.5769    1447.40    1447.40    -0.7591  1028.3767    34.4675 0.0000e+00
       8873 314.088908  -62.13781  -58.43938      0.856    1446.55    167.000    165.331    -0.7555    -0.7549     0.0005    -0.7604    -0.7599     0.0005   2.795042   2.795016  -0.000026    34.3012    34.3002     7.4876    27.5776    27.5767    34.3009    27.5773    1447.41    1447.41    -0.7603  1028.3818    34.4679 0.0000e+00
       8901 314.088922  -62.13782  -58.43937      0.868    1446.55    168.000    166.320    -0.7557    -0.7556     0.0001    -0.7607    -0.7606     0.0001   2.795074   2.795022  -0.000052    34.3011    34.3002     7.4922    27.5775    27.5768    34.3010    27.5774    1447.42    1447.42    -0.7606  1028.3867    34.4680 0.0000e+00
       8930 314.088935  -62.13782  -58.43936      0.847    1446.55    169.000    167.310    -0.7562    -0.7554     0.0008    -0.7612    -0.7604     0.0008   2.795092   2.795071  -0.000022    34.3014    34.3003     7.4934    27.5777    27.5768    34.3012    27.5775    1447.44    1447.44    -0.7611  1028.3916    34.4682 0.0000e+00
       8959 314.088950  -62.13782  -58.43936      0.814    1446.55    170.000    168.300    -0.7567    -0.7559     0.0008    -0.7617    -0.7609     0.0008   2.795092   2.795083  -0.000011    34.3013    34.3002     7.4941    27.5776    27.5768    34.3011    27.5775    1447.45    1447.46    -0.7616  1028.3964    34.4681 0.0000e+00
       8988 314.088963  -62.13782  -58.43934      0.831    1446.55    171.000    169.289    -0.7579    -0.7568     0.0011    -0.7630    -0.7619     0.0011   2.795054   2.795054   0.000002    34.3017    34.3005     7.4930    27.5780    27.5770    34.3014    27.5778    1447.46    1447.47    -0.7628  1028.4014    34.4684 0.0000e+00
       9014 314.088976  -62.13783  -58.43934      0.886    1446.55    172.000    170.279    -0.7593    -0.7587     0.0006    -0.7644    -0.7638     0.0006   2.794995   2.794962  -0.000034    34.3017    34.3006     7.4876    27.5781    27.5772    34.3015    27.5780    1447.47    1447.47    -0.7643  1028.4064    34.4686 0.0000e+00
       9040 314.088989  -62.13784  -58.43933      0.928    1446.55    173.000    171.268    -0.7593    -0.7585     0.0008    -0.7644    -0.7636     0.0008   2.795024   2.795019  -0.000007    34.3014    34.3004     7.4852    27.5779    27.5770    34.3013    27.5778    1447.49    1447.49    -0.7643  1028.4110    34.4683 0.0000e+00
       9066 314.089001  -62.13784  -58.43932      0.918    1446.65    174.000    172.258    -0.7592    -0.7582     0.0010    -0.7643    -0.7633     0.0010   2.795075   2.795087   0.000014    34.3013    34.3004     7.4883    27.5778    27.5770    34.3012    27.5777    1447.51    1447.51    -0.7642  1028.4157    34.4682 0.0000e+00
       9096 314.089016  -62.13784  -58.43931      0.838    1446.81    175.000    173.247    -0.7600    -0.7592     0.0008    -0.7652    -0.7643     0.0008   2.795066   2.795060  -0.000007    34.3015    34.3005     7.4879    27.5780    27.5771    34.3014    27.5779    1447.52    1447.52    -0.7650  1028.4206    34.4684 0.0000e+00
       9127 314.089031  -62.13786  -58.43930      0.770    1446.81    176.000    174.237    -0.7613    -0.7599     0.0014    -0.7665    -0.7651     0.0014   2.795005   2.795046   0.000041    34.3018    34.3008     7.4900    27.5783    27.5774    34.3014    27.5780    1447.53    1447.53    -0.7664  1028.4255    34.4685 0.0000e+00
       9158 314.089046  -62.13786  -58.43929      0.777    1446.81    177.000    175.227    -0.7651    -0.7643     0.0008    -0.7704    -0.7695     0.0008   2.794779   2.794753  -0.000022    34.3025    34.3012     7.4947    27.5790    27.5779    34.3021    27.5787    1447.53    1447.53    -0.7702  1028.4311    34.4692 0.0000e+00
       9186 314.089059  -62.13786  -58.43928      0.832    1446.81    178.000    176.216    -0.7666    -0.7658     0.0008    -0.7719    -0.7711     0.0008   2.794702   2.794693  -0.000012    34.3024    34.3013     7.4894    27.5790    27.5781    34.3021    27.5787    1447.54    1447.54    -0.7717  1028.4359    34.4691 0.0000e+00
       9214 314.089072  -62.13786  -58.43928      0.869    1446.81    179.000    177.206    -0.7664    -0.7656     0.0007    -0.7717    -0.7709     0.0007   2.794754   2.794752  -0.000003    34.3021    34.3012     7.4903    27.5788    27.5780    34.3020    27.5786    1447.55    1447.56    -0.7716  1028.4406    34.4690 0.0000e+00
       9241 314.089086  -62.13786  -58.43927      0.867    1446.81    180.000    178.195    -0.7667    -0.7658     0.0009    -0.7720    -0.7711     0.0009   2.794784   2.794779  -0.000003    34.3023    34.3012     7.4934    27.5789    27.5780    34.3021    27.5787    1447.57    1447.57    -0.7719  1028.4454    34.4691 0.0000e+00
       9268 314.089099  -62.13788  -58.43926      0.890    1446.81    181.000    179.185    -0.7668    -0.7660     0.0008    -0.7721    -0.7714     0.0008   2.794823   2.794804  -0.000017    34.3022    34.3011     7.4959    27.5788    27.5779    34.3021    27.5787    1447.59    1447.59    -0.7720  1028.4502    34.4692 0.0000e+00
       9295 314.089112  -62.13788  -58.43926      0.894    1446.81    182.000    180.175    -0.7667    -0.7660     0.0007    -0.7721    -0.7713     0.0007   2.794868   2.794867  -0.000002    34.3021    34.3013     7.4911    27.5788    27.5780    34.3020    27.5787    1447.60    1447.60    -0.7719  1028.4549    34.4690 0.0000e+00
       9323 314.089125  -62.13788  -58.43924      0.855    1446.81    183.000    181.164    -0.7669    -0.7661     0.0008    -0.7723    -0.7715     0.0008   2.794908   2.794895  -0.000017    34.3022    34.3011     7.4912    27.5789    27.5779    34.3021    27.5788    1447.62    1447.62    -0.7722  1028.4598    34.4692 0.0000e+00
       9353 314.089139  -62.13788  -58.43924      0.831    1446.81    184.000    182.153    -0.7674    -0.7665     0.0009    -0.7729    -0.7720     0.0009   2.794917   2.794906  -0.000009    34.3023    34.3012     7.4879    27.5789    27.5780    34.3022    27.5789    1447.63    1447.63    -0.7727  1028.4647    34.4693 0.0000e+00
       9383 314.089154  -62.13788  -58.43923      0.799    1446.81    185.000    183.143    -0.7674    -0.7667     0.0008    -0.7729    -0.7722     0.0008   2.794953   2.794936  -0.000014    34.3022    34.3012     7.4864    27.5789    27.5780    34.3022    27.5788    1447.65    1447.65    -0.7728  1028.4694    34.4692 0.0000e+00
       9413 314.089169  -62.13790  -58.43922      0.789    1446.81    186.000    184.133    -0.7673    -0.7667     0.0006    -0.7728    -0.7722     0.0006   2.795001   2.794980  -0.000021    34.3021    34.3011     7.4854    27.5788    27.5779    34.3020    27.5787    1447.66    1447.66    -0.7727  1028.4741    34.4691 0.0000e+00
       9443 314.089183  -62.13790  -58.43920      0.804    1446.81    187.000    185.122    -0.7678    -0.7670     0.0008    -0.7733    -0.7725     0.0008   2.795012   2.794998  -0.000016    34.3022    34.3011     7.4857    27.5789    27.5779    34.3021    27.5788    1447.68    1447.68    -0.7732  1028.4789    34.4692 0.0000e+00
       9473 314.089197  -62.13790  -58.43919      0.810    1446.81    188.000    186.112    -0.7684    -0.7674     0.0009    -0.7739    -0.7730     0.0009   2.795007   2.795010   0.000004    34.3021    34.3011     7.4972    27.5788    27.5780    34.3021    27.5788    1447.69    1447.69    -0.7738  1028.4837    34.4692 0.0000e+00
       9501 314.089211  -62.13790  -58.43918      0.822    1446.81    189.000    187.101    -0.7677    -0.7670     0.0007    -0.7733    -0.7726     0.0007   2.795089   2.795092   0.000004    34.3019    34.3012     7.4910    27.5786    27.5780    34.3018    27.5786    1447.71    1447.71    -0.7732  1028.4883    34.4689 0.0000e+00
       9529 314.089224  -62.13791  -58.43918      0.861    1446.81    190.000    188.091    -0.7685    -0.7674     0.0011    -0.7741    -0.7730     0.0011   2.795093   2.795108   0.000014    34.3022    34.3012     7.4981    27.5789    27.5780    34.3022    27.5789    1447.72    1447.73    -0.7740  1028.4933    34.4693 0.0000e+00
       9556 314.089237  -62.13792  -58.43916      0.894    1446.81    191.000    189.080    -0.7703    -0.7697     0.0006    -0.7760    -0.7753     0.0006   2.795016   2.794983  -0.000025    34.3027    34.3017     7.4938    27.5794    27.5785    34.3025    27.5793    1447.73    1447.73    -0.7758  1028.4985    34.4697 0.0000e+00
       9583 314.089251  -62.13792  -58.43916      0.885    1446.81    192.000    190.070    -0.7709    -0.7706     0.0004    -0.7766    -0.7763     0.0004   2.795001   2.794969  -0.000044    34.3028    34.3017     7.4889    27.5795    27.5786    34.3025    27.5792    1447.74    1447.75    -0.7765  1028.5033    34.4696 0.0000e+00
       9611 314.089264  -62.13792  -58.43914      0.867    1446.81    193.000    191.059    -0.7751    -0.7737     0.0014    -0.7808    -0.7794     0.0014   2.794767   2.794772   0.000008    34.3039    34.3024     7.4862    27.5805    27.5792    34.3034    27.5801    1447.74    1447.75    -0.7807  1028.5090    34.4705 0.0000e+00
       9641 314.089279  -62.13792  -58.43914      0.814    1446.81    194.000    192.048    -0.7794    -0.7789     0.0005    -0.7851    -0.7847     0.0005   2.794595   2.794540  -0.000056    34.3057    34.3043     7.4808    27.5821    27.5811    34.3053    27.5819    1447.74    1447.74    -0.7850  1028.5155    34.4724 0.0000e+00
       9671 314.089293  -62.13793  -58.43913      0.791    1446.81    195.000    193.038    -0.7795    -0.7786     0.0010    -0.7853    -0.7844     0.0010   2.794606   2.794611   0.000005    34.3054    34.3044     7.4738    27.5819    27.5811    34.3050    27.5817    1447.76    1447.76    -0.7851  1028.5201    34.4722 0.0000e+00
