Pos-Processados/pos_process42/Dados/doperantar42_009.cnv
* Sea-Bird SBE 9 Data File:
* FileName = C:\Users\Hidrografia\Desktop\OPXLII\Brutos\OP42009.hdr
* Software Version Seasave V 7.26.7.107
* Temperature SN = 6502
* Conductivity SN = 4998
* Number of Bytes Per Scan = 31
* Number of Voltage Words = 2
* Number of Scans Averaged by the Deck Unit = 1
* NMEA Latitude = 43 19.24 S
* NMEA Longitude = 055 32.42 W
* NMEA UTC (Time) = Oct 18 2023 16:32:08
* NMEA baud rate = 4800
** H41
** NPOALTEMAXIMIANO
** NUMERO DA ESTACAO (XXX) 009
** LAT (XX XX.XX S/N) 43 19.058 S
** LONG (XXX XX.XX W/E) 055 32.32 W
** DATAHORA (dd/mm/aaaa hh:mm Z) 18/10/2023 1631Z
** PROFUNDIDADE (m) 5145
** OPERADOR CT FABIREZA
# nquan = 30
# nvalues = 1011                        
# units = specified
# name 0 = scan: Scan Count
# name 1 = timeJ: Julian Days
# name 2 = latitude: Latitude [deg]
# name 3 = longitude: Longitude [deg]
# name 4 = dz/dtM: Descent Rate [m/s]
# name 5 = avgsvCM: Average Sound Velocity [Chen-Millero, m/s]
# name 6 = prDM: Pressure, Digiquartz [db]
# name 7 = depSM: Depth [salt water, m]
# name 8 = t090C: Temperature [ITS-90, deg C]
# name 9 = t190C: Temperature, 2 [ITS-90, deg C]
# name 10 = T2-T190C: Temperature Difference, 2 - 1 [ITS-90, deg C]
# name 11 = potemp090C: Potential Temperature [ITS-90, deg C]
# name 12 = potemp190C: Potential Temperature, 2 [ITS-90, deg C]
# name 13 = potemp90Cdiff: Potential Temperature, Diff, 2 - 1 [ITS-90, deg C]
# name 14 = c0S/m: Conductivity [S/m]
# name 15 = c1S/m: Conductivity, 2 [S/m]
# name 16 = C2-C1S/m: Conductivity Difference, 2 - 1 [S/m]
# name 17 = sal00: Salinity, Practical [PSU]
# name 18 = sal11: Salinity, Practical, 2 [PSU]
# name 19 = sbeox0ML/L: Oxygen, SBE 43 [ml/l]
# name 20 = sigma-é00: Density [sigma-theta, kg/m^3]
# name 21 = sigma-é11: Density, 2 [sigma-theta, kg/m^3]
# name 22 = sal00: Salinity, Practical [PSU]
# name 23 = sigma-é00: Density [sigma-theta, kg/m^3]
# name 24 = svCM: Sound Velocity [Chen-Millero, m/s]
# name 25 = svCM1: Sound Velocity, 2 [Chen-Millero, m/s]
# name 26 = gsw_ptA0: potential temperature [ITS-90, deg C]
# name 27 = gsw_densityA0: density, TEOS-10 [density, kg/m^3]
# name 28 = gsw_saA0: Absolute Salinity [g/kg]
# name 29 = flag:
# span 0 =       2274,      32584       
# span 1 = 291.690078, 291.704695       
# span 2 =  -43.32692,  -43.32119       
# span 3 =  -55.54259,  -55.54074       
# span 4 =   -257.411,    275.082       
# span 5 =       0.00,    1500.22       
# span 6 =      2.000,   1012.000       
# span 7 =      1.989,   1001.497       
# span 8 =     3.1007,    12.9848       
# span 9 =     3.1018,    12.9802       
# span 10 =    -0.0193,     0.0283      
# span 11 =     3.0314,    12.9845      
# span 12 =     3.0325,    12.9799      
# span 13 =    -0.0192,     0.0283      
# span 14 =   3.155640,   4.119052      
# span 15 =   3.155688,   4.692073      
# span 16 =  -0.004584,   0.005638      
# span 17 =    34.1333,    35.2398      
# span 18 =    34.1331,    35.2405      
# span 19 =     4.5626,     6.2250      
# span 20 =    26.5715,    27.3461      
# span 21 =    26.5725,    27.3458      
# span 22 =    34.1321,    38.0663      
# span 23 =    26.5693,    29.4243      
# span 24 =    1474.95,    1500.53      
# span 25 =    1474.95,    1506.99      
# span 26 =     3.0313,    12.9845      
# span 27 =  1026.5864,  1032.0327      
# span 28 =    34.2948,    38.2462      
# span 29 = 0.0000e+00, 0.0000e+00      
# interval = decibars: 1                
# start_time = Oct 18 2023 16:32:08 [NMEA time, header]
# bad_flag = -9.990e-29
*END*
[from data line 871]
      27345 291.702168  -43.32594  -55.54216      0.710    1482.60    873.000    864.229     3.5364     3.5379     0.0015     3.4747     3.4761     0.0015   3.193734   3.193744  -0.000008    34.2916    34.2899     4.8385    27.2751    27.2736    34.2904    27.2741    1478.11    1478.11     3.4745  1031.3138    34.4558 0.0000e+00
      27373 291.702182  -43.32594  -55.54218      0.825    1482.60    874.000    865.217     3.5368     3.5377     0.0009     3.4750     3.4759     0.0009   3.193773   3.193837   0.000046    34.2903    34.2899     4.8241    27.2740    27.2736    34.2899    27.2737    1478.12    1478.13     3.4749  1031.3157    34.4525 0.0000e+00
      27398 291.702194 -9.990e-29  -55.54218      0.925    1482.60    875.000    866.205     3.5559     3.5575     0.0016     3.4939     3.4955     0.0016   3.195597   3.196062   0.000460    34.2892    34.2929     4.8193    27.2713    27.2741    34.2912    27.2729    1478.22    1478.23     3.4937  1031.3186    34.4533 0.0000e+00
      27424 291.702206 -9.990e-29  -55.54218      0.950    1482.60    876.000    867.193     3.5666     3.5676     0.0010     3.5044     3.5054     0.0010   3.196933   3.197038   0.000127    34.2949    34.2955     4.8273    27.2749    27.2752    34.2954    27.2752    1478.29    1478.29     3.5043  1031.3252    34.4575 0.0000e+00
      27451 291.702219 -9.990e-29  -55.54218      0.910    1482.60    877.000    868.180     3.5504     3.5511     0.0008     3.4882     3.4889     0.0007   3.195624   3.195372  -0.000228    34.2981    34.2946     4.8289    27.2789    27.2761    34.2963    27.2775    1478.24    1478.24     3.4880  1031.3325    34.4584 0.0000e+00
      27481 291.702234 -9.990e-29  -55.54218      0.814 -9.990e-29    878.000    869.168     3.5352     3.5367     0.0015     3.4730     3.4745     0.0015   3.194244   3.194155  -0.000104    34.2963    34.2935     4.8064    27.2789    27.2766    34.2952    27.2781    1478.19    1478.19     3.4729  1031.3380    34.4573 0.0000e+00
      27511 291.702248 -9.990e-29  -55.54218      0.793 -9.990e-29    879.000    870.156     3.5257     3.5266     0.0009     3.4635     3.4644     0.0009   3.193236   3.193115  -0.000122    34.2948    34.2924     4.7898    27.2787    27.2767    34.2926    27.2770    1478.16    1478.16     3.4634  1031.3417    34.4547 0.0000e+00
      27540 291.702262 -9.990e-29  -55.54218      0.835 -9.990e-29    880.000    871.144     3.4952     3.4947    -0.0004     3.4331     3.4327    -0.0004   3.190458   3.189938  -0.000487    34.2947    34.2893     4.7930    27.2816    27.2773    34.2909    27.2785    1478.05    1478.04     3.4330  1031.3485    34.4529 0.0000e+00
      27571 291.702277  -43.32598  -55.54218      0.796    1482.28    881.000    872.132     3.4670     3.4662    -0.0008     3.4051     3.4043    -0.0008   3.187684   3.187227  -0.000458    34.2904    34.2857     4.8082    27.2808    27.2772    34.2866    27.2778    1477.94    1477.93     3.4050  1031.3549    34.4509 0.0000e+00
      27604 291.702293  -43.32598  -55.54218      0.729    1482.28    882.000    873.119     3.4190     3.4168    -0.0022     3.3573     3.3552    -0.0021   3.183240   3.182173  -0.001022    34.2905    34.2806     4.8176    27.2855    27.2778    34.2833    27.2797    1477.75    1477.73     3.3572  1031.3634    34.4487 0.0000e+00
      27636 291.702308  -43.32600  -55.54218      0.740    1482.28    883.000    874.108     3.3399     3.3415     0.0016     3.2787     3.2803     0.0016   3.175737   3.174862  -0.000916    34.2853    34.2726     4.8543    27.2887    27.2785    34.2758    27.2812    1477.42    1477.41     3.2786  1031.3714    34.4412 0.0000e+00
      27663 291.702322  -43.32600  -55.54218      0.823    1482.28    884.000    875.095     3.3144     3.3153     0.0009     3.2533     3.2542     0.0009   3.172761   3.172619  -0.000185    34.2718    34.2687     4.8736    27.2804    27.2778    34.2663    27.2760    1477.32    1477.31     3.2532  1031.3715    34.4317 0.0000e+00
      27688 291.702334  -43.32600  -55.54220      0.931    1482.28    885.000    876.083     3.3147     3.3167     0.0019     3.2536     3.2555     0.0019   3.172591   3.172768   0.000149    34.2680    34.2678     4.9036    27.2773    27.2770    34.2634    27.2737    1477.33    1477.34     3.2535  1031.3737    34.4287 0.0000e+00
      27711 291.702345  -43.32600  -55.54220      1.005    1482.28    886.000    877.071     3.3023     3.3026     0.0003     3.2412     3.2415     0.0003   3.171334   3.171248  -0.000051    34.2672    34.2662     4.9504    27.2778    27.2770    34.2609    27.2728    1477.29    1477.29     3.2410  1031.3778    34.4262 0.0000e+00
      27736 291.702357  -43.32600  -55.54220      1.001    1482.28    887.000    878.059     3.2465     3.2436    -0.0029     3.1857     3.1829    -0.0029   3.166277   3.165356  -0.000879    34.2686    34.2611     4.9898    27.2842    27.2784    34.2581    27.2758    1477.06    1477.04     3.1856  1031.3867    34.4234 0.0000e+00
      27764 291.702370  -43.32602  -55.54220      0.906    1482.28    888.000    879.046     3.1934     3.1934    -0.0000     3.1329     3.1329 2.2147e-07   3.161299   3.160752  -0.000556    34.2620    34.2554     5.0058    27.2838    27.2785    34.2536    27.2770    1476.85    1476.84     3.1328  1031.3938    34.4188 0.0000e+00
      27794 291.702385  -43.32602  -55.54220      0.799    1482.28    889.000    880.034     3.1713     3.1711    -0.0003     3.1109     3.1107    -0.0002   3.159005   3.158761  -0.000266    34.2552    34.2522     5.0059    27.2804    27.2780    34.2486    27.2751    1476.76    1476.76     3.1108  1031.3970    34.4138 0.0000e+00
      27823 291.702399  -43.32602  -55.54220      0.814    1482.28    890.000    881.022     3.1622     3.1630     0.0008     3.1018     3.1026     0.0008   3.158152   3.158103  -0.000060    34.2528    34.2513     5.0394    27.2793    27.2780    34.2474    27.2750    1476.74    1476.74     3.1017  1031.4018    34.4126 0.0000e+00
      27852 291.702413  -43.32604  -55.54220      0.853    1482.28    891.000    882.010     3.1606     3.1614     0.0008     3.1001     3.1009     0.0008   3.157984   3.158050   0.000064    34.2510    34.2510     5.0775    27.2780    27.2779    34.2465    27.2744    1476.75    1476.75     3.1000  1031.4058    34.4118 0.0000e+00
      27887 291.702430  -43.32604  -55.54220      0.702    1482.28    892.000    882.998     3.1570     3.1576     0.0006     3.0964     3.0971     0.0006   3.157834   3.157882   0.000047    34.2517    34.2516     5.0966    27.2789    27.2788    34.2480    27.2760    1476.75    1476.76     3.0963  1031.4120    34.4133 0.0000e+00
      27923 291.702447  -43.32606  -55.54220      0.648    1482.28    893.000    883.986     3.1532     3.1540     0.0008     3.0926     3.0935     0.0008   3.157679   3.157701   0.000015    34.2526    34.2519     5.0916    27.2800    27.2794    34.2496    27.2776    1476.75    1476.76     3.0925  1031.4183    34.4148 0.0000e+00
      27952 291.702461  -43.32606  -55.54220      0.780    1482.28    894.000    884.973     3.1511     3.1524     0.0014     3.0904     3.0918     0.0014   3.157576   3.157677   0.000100    34.2530    34.2528     5.0871    27.2805    27.2803    34.2500    27.2782    1476.76    1476.77     3.0904  1031.4235    34.4153 0.0000e+00
      27975 291.702472  -43.32606  -55.54220      0.945    1482.28    895.000    885.961     3.1479     3.1488     0.0009     3.0872     3.0881     0.0009   3.157378   3.157446   0.000072    34.2528    34.2528     5.0840    27.2807    27.2806    34.2505    27.2788    1476.77    1476.77     3.0871  1031.4288    34.4158 0.0000e+00
      27996 291.702482  -43.32606  -55.54220      1.076    1482.28    896.000    886.949     3.1441     3.1445     0.0003     3.0834     3.0837     0.0003   3.157110   3.157098  -0.000013    34.2534    34.2529     5.0797    27.2815    27.2810    34.2507    27.2793    1476.77    1476.77     3.0833  1031.4340    34.4160 0.0000e+00
      28017 291.702492  -43.32606  -55.54222      1.154    1482.28    897.000    887.937     3.1419     3.1428     0.0009     3.0811     3.0820     0.0009   3.157011   3.157108   0.000088    34.2528    34.2529     5.0760    27.2812    27.2812    34.2513    27.2800    1476.77    1476.78     3.0810  1031.4394    34.4166 0.0000e+00
      28037 291.702502  -43.32606  -55.54222      1.175    1482.28    898.000    888.924     3.1480     3.1489     0.0010     3.0870     3.0880     0.0010   3.157633   3.157791   0.000156    34.2530    34.2539     5.0687    27.2808    27.2814    34.2519    27.2800    1476.82    1476.82     3.0869  1031.4438    34.4173 0.0000e+00
      28060 291.702513  -43.32607  -55.54222      1.117    1482.28    899.000    889.912     3.1525     3.1534     0.0009     3.0915     3.0924     0.0009   3.158162   3.158297   0.000139    34.2539    34.2546     5.0676    27.2812    27.2817    34.2530    27.2804    1476.85    1476.86     3.0913  1031.4487    34.4184 0.0000e+00
      28089 291.702527  -43.32608  -55.54222      0.912    1482.28    900.000    890.900     3.1561     3.1571     0.0010     3.0949     3.0960     0.0010   3.158560   3.158724   0.000159    34.2543    34.2551     5.0672    27.2811    27.2817    34.2536    27.2805    1476.89    1476.89     3.0948  1031.4533    34.4189 0.0000e+00
      28128 291.702546  -43.32609  -55.54222      0.636    1482.28    901.000    891.886     3.1628     3.1644     0.0016     3.1016     3.1032     0.0016   3.159242   3.159526   0.000282    34.2541    34.2558     5.0568    27.2804    27.2816    34.2541    27.2804    1476.93    1476.94     3.1015  1031.4576    34.4195 0.0000e+00
      28166 291.702564  -43.32610  -55.54222      0.618    1482.28    902.000    892.879     3.1744     3.1754     0.0010     3.1130     3.1140     0.0010   3.160497   3.160701   0.000214    34.2561    34.2576     5.0425    27.2809    27.2820    34.2566    27.2813    1477.00    1477.01     3.1129  1031.4628    34.4219 0.0000e+00
      28196 291.702579  -43.32610  -55.54222      0.757    1482.28    903.000    893.863     3.1732     3.1739     0.0008     3.1117     3.1124     0.0008   3.160583   3.160634   0.000043    34.2586    34.2583     5.0403    27.2830    27.2827    34.2584    27.2828    1477.02    1477.02     3.1116  1031.4690    34.4238 0.0000e+00
      28222 291.702591  -43.32611  -55.54223      0.877    1482.28    904.000    894.851     3.1831     3.1846     0.0014     3.1215     3.1229     0.0014   3.161659   3.161977   0.000311    34.2587    34.2610     5.0297    27.2822    27.2839    34.2604    27.2835    1477.08    1477.09     3.1214  1031.4740    34.4258 0.0000e+00
      28245 291.702602  -43.32612  -55.54224      0.975    1482.28    905.000    895.839     3.1933     3.1944     0.0011     3.1315     3.1326     0.0011   3.162844   3.162997   0.000163    34.2622    34.2630     5.0201    27.2841    27.2846    34.2634    27.2851    1477.14    1477.15     3.1314  1031.4798    34.4289 0.0000e+00
      28268 291.702613  -43.32612  -55.54224      1.040    1482.28    906.000    896.827     3.1992     3.2001     0.0009     3.1373     3.1381     0.0009   3.163542   3.163673   0.000125    34.2641    34.2646     5.0107    27.2850    27.2854    34.2651    27.2859    1477.19    1477.19     3.1371  1031.4833    34.4283 0.0000e+00
      28290 291.702624 -9.990e-29  -55.54224      1.066    1482.28    907.000    897.814     3.2024     3.2034     0.0010     3.1404     3.1413     0.0009   3.163991   3.164089   0.000109    34.2657    34.2660     4.9934    27.2860    27.2862    34.2666    27.2868    1477.22    1477.22     3.1403  1031.4877    34.4286 0.0000e+00
      28314 291.702635 -9.990e-29  -55.54224      1.050    1482.28    908.000    898.802     3.2027     3.2036     0.0009     3.1406     3.1415     0.0009   3.164124   3.164183   0.000063    34.2668    34.2666     4.9782    27.2869    27.2866    34.2674    27.2874    1477.24    1477.24     3.1405  1031.4929    34.4294 0.0000e+00
      28339 291.702648 -9.990e-29  -55.54224      0.983    1482.28    909.000    899.790     3.2027     3.2036     0.0010     3.1405     3.1415     0.0009   3.164213   3.164283   0.000065    34.2674    34.2672     4.9581    27.2874    27.2871    34.2680    27.2878    1477.25    1477.26     3.1404  1031.4979    34.4299 0.0000e+00
      28368 291.702661  -43.32614  -55.54224      0.879    1482.28    910.000    900.777     3.2042     3.2052     0.0009     3.1420     3.1429     0.0009   3.164446   3.164528   0.000084    34.2680    34.2680     4.9338    27.2877    27.2877    34.2686    27.2882    1477.28    1477.28     3.1419  1031.5046    34.4327 0.0000e+00
      28396 291.702675  -43.32614  -55.54224      0.826    1482.28    911.000    901.765     3.2054     3.2063     0.0009     3.1431     3.1440     0.0009   3.164665   3.164752   0.000088    34.2690    34.2691     4.9254    27.2884    27.2884    34.2695    27.2888    1477.30    1477.30     3.1430  1031.5108    34.4350 0.0000e+00
      28423 291.702688  -43.32614  -55.54224      0.875    1482.28    912.000    902.753     3.2058     3.2068     0.0010     3.1434     3.1444     0.0009   3.164788   3.164855   0.000066    34.2696    34.2694     4.9239    27.2889    27.2886    34.2700    27.2892    1477.32    1477.32     3.1433  1031.5157    34.4355 0.0000e+00
      28449 291.702701  -43.32614  -55.54224      0.921    1482.28    913.000    903.740     3.2059     3.2068     0.0009     3.1435     3.1443     0.0009   3.164859   3.164916   0.000061    34.2699    34.2697     4.9214    27.2891    27.2888    34.2702    27.2894    1477.34    1477.34     3.1433  1031.5205    34.4357 0.0000e+00
      28480 291.702716  -43.32616  -55.54224      0.825    1482.28    914.000    904.728     3.2060     3.2069     0.0008     3.1435     3.1443     0.0008   3.164915   3.164979   0.000064    34.2700    34.2699     4.9162    27.2892    27.2891    34.2703    27.2894    1477.35    1477.36     3.1433  1031.5251    34.4358 0.0000e+00
      28520 291.702735  -43.32616  -55.54225      0.607    1482.28    915.000    905.716     3.2060     3.2068     0.0009     3.1434     3.1442     0.0009   3.164995   3.165055   0.000061    34.2705    34.2704     4.9207    27.2896    27.2894    34.2708    27.2898    1477.37    1477.38     3.1432  1031.5301    34.4363 0.0000e+00
      28551 291.702750  -43.32618  -55.54226      0.698    1482.28    916.000    906.703     3.2031     3.2041     0.0009     3.1404     3.1414     0.0009   3.164811   3.164826   0.000023    34.2718    34.2711     4.9183    27.2909    27.2902    34.2711    27.2903    1477.38    1477.38     3.1403  1031.5353    34.4366 0.0000e+00
      28574 291.702761  -43.32618  -55.54226      0.920    1482.28    917.000    907.691     3.1868     3.1872     0.0005     3.1241     3.1246     0.0005   3.163425   3.163282  -0.000136    34.2731    34.2709     4.9151    27.2934    27.2917    34.2711    27.2918    1477.32    1477.32     3.1240  1031.5418    34.4366 0.0000e+00
      28593 291.702770  -43.32618  -55.54226      1.126    1482.28    918.000    908.679     3.1712     3.1718     0.0006     3.1086     3.1092     0.0006   3.162007   3.161955  -0.000068    34.2718    34.2703     4.9168    27.2938    27.2926    34.2698    27.2923    1477.27    1477.27     3.1085  1031.5472    34.4353 0.0000e+00
      28611 291.702779  -43.32618  -55.54226      1.275    1482.28    919.000    909.666     3.1652     3.1660     0.0008     3.1025     3.1033     0.0008   3.161422   3.161446   0.000029    34.2700    34.2695     4.9130    27.2930    27.2925    34.2686    27.2918    1477.26    1477.26     3.1024  1031.5515    34.4341 0.0000e+00
