Pos-Processados/pos_process42/Dados/doperantar42_029.cnv
* Sea-Bird SBE 9 Data File:
* FileName = C:\Users\Hidrografia\Desktop\OPXLII\Brutos\OP42029.hdr
* Software Version Seasave V 7.26.7.107
* Temperature SN = 6502
* Conductivity SN = 4998
* Number of Bytes Per Scan = 37
* Number of Voltage Words = 4
* Number of Scans Averaged by the Deck Unit = 1
* NMEA Latitude = 62 08.30 S
* NMEA Longitude = 058 26.22 W
* NMEA UTC (Time) = Nov 09 2023 04:08:28
* NMEA baud rate = 4800
** H41
** NPOALTEMAXIMIANO
** NUMERO DA ESTACAO (XXX) 029
** LAT (XX XX.XX S/N) 62 08.530 S
** LONG (XXX XX.XX W/E) 058 26.937 W
** DATAHORA (dd/mm/aaaa hh:mm Z) 09/11/2023 0407Z
** PROFUNDIDADE (m) 424
** OPERADOR CT FILIPE LOPES
# nquan = 30
# nvalues = 362                         
# units = specified
# name 0 = scan: Scan Count
# name 1 = timeJ: Julian Days
# name 2 = latitude: Latitude [deg]
# name 3 = longitude: Longitude [deg]
# name 4 = dz/dtM: Descent Rate [m/s]
# name 5 = avgsvCM: Average Sound Velocity [Chen-Millero, m/s]
# name 6 = prDM: Pressure, Digiquartz [db]
# name 7 = depSM: Depth [salt water, m]
# name 8 = t090C: Temperature [ITS-90, deg C]
# name 9 = t190C: Temperature, 2 [ITS-90, deg C]
# name 10 = T2-T190C: Temperature Difference, 2 - 1 [ITS-90, deg C]
# name 11 = potemp090C: Potential Temperature [ITS-90, deg C]
# name 12 = potemp190C: Potential Temperature, 2 [ITS-90, deg C]
# name 13 = potemp90Cdiff: Potential Temperature, Diff, 2 - 1 [ITS-90, deg C]
# name 14 = c0S/m: Conductivity [S/m]
# name 15 = c1S/m: Conductivity, 2 [S/m]
# name 16 = C2-C1S/m: Conductivity Difference, 2 - 1 [S/m]
# name 17 = sal00: Salinity, Practical [PSU]
# name 18 = sal11: Salinity, Practical, 2 [PSU]
# name 19 = sbeox0ML/L: Oxygen, SBE 43 [ml/l]
# name 20 = sigma-é00: Density [sigma-theta, kg/m^3]
# name 21 = sigma-é11: Density, 2 [sigma-theta, kg/m^3]
# name 22 = sal00: Salinity, Practical [PSU]
# name 23 = sigma-é00: Density [sigma-theta, kg/m^3]
# name 24 = svCM: Sound Velocity [Chen-Millero, m/s]
# name 25 = svCM1: Sound Velocity, 2 [Chen-Millero, m/s]
# name 26 = gsw_ptA0: potential temperature [ITS-90, deg C]
# name 27 = gsw_densityA0: density, TEOS-10 [density, kg/m^3]
# name 28 = gsw_saA0: Absolute Salinity [g/kg]
# name 29 = flag:
# span 0 =       4429,      17100       
# span 1 = 313.174682, 313.180792       
# span 2 =  -62.13900,  -62.13865       
# span 3 =  -58.43516,  -58.42904       
# span 4 =      0.052,      0.892       
# span 5 =       0.00,    1447.91       
# span 6 =      3.000,    364.000       
# span 7 =      2.974,    360.190       
# span 8 =    -0.8189,    -0.5928       
# span 9 =    -0.8181,    -0.5915       
# span 10 =    -0.0108,     0.0068      
# span 11 =    -0.8248,    -0.5929      
# span 12 =    -0.8241,    -0.5916      
# span 13 =    -0.0107,     0.0068      
# span 14 =   2.791460,   2.819469      
# span 15 =   2.791459,   2.819452      
# span 16 =  -0.000712,   0.000352      
# span 17 =    34.2790,    34.3884      
# span 18 =    34.2790,    34.3873      
# span 19 =     6.8237,     7.6195      
# span 20 =    27.5524,    27.6440      
# span 21 =    27.5527,    27.6431      
# span 22 =    34.2792,    34.3886      
# span 23 =    27.5526,    27.6442      
# span 24 =    1445.47,    1451.22      
# span 25 =    1445.46,    1451.23      
# span 26 =    -0.8246,    -0.5929      
# span 27 =  1027.5727,  1029.3859      
# span 28 =    34.4445,    34.5564      
# span 29 = 0.0000e+00, 0.0000e+00      
# interval = decibars: 1                
# start_time = Nov 09 2023 04:08:28 [NMEA time, header]
# bad_flag = -9.990e-29
*END*
[from data line 339]
      15194 313.179873  -62.13894  -58.43001      0.813    1447.50    342.000    338.439    -0.6311    -0.6307     0.0003    -0.6421    -0.6418     0.0003   2.818981   2.818956  -0.000034    34.3758    34.3750     6.8944    27.6329    27.6323    34.3757    27.6329    1450.94    1450.94    -0.6419  1029.2701    34.5437 0.0000e+00
      15225 313.179888  -62.13894  -58.43000      0.786    1447.50    343.000    339.428    -0.6331    -0.6307     0.0023    -0.6442    -0.6418     0.0023   2.818926   2.818996   0.000077    34.3767    34.3751     6.9026    27.6338    27.6324    34.3766    27.6337    1450.95    1450.96    -0.6440  1029.2757    34.5446 0.0000e+00
      15257 313.179903  -62.13894  -58.42997      0.759    1447.50    344.000    340.416    -0.6334    -0.6329     0.0004    -0.6445    -0.6441     0.0004   2.818910   2.818875  -0.000035    34.3764    34.3754     6.9055    27.6335    27.6327    34.3762    27.6334    1450.97    1450.97    -0.6443  1029.2801    34.5442 0.0000e+00
      15289 313.179919  -62.13894  -58.42996      0.754    1447.50    345.000    341.405    -0.6356    -0.6348     0.0007    -0.6467    -0.6460     0.0007   2.818816   2.818783  -0.000038    34.3769    34.3756     6.9004    27.6340    27.6330    34.3768    27.6339    1450.97    1450.97    -0.6465  1029.2854    34.5448 0.0000e+00
      15319 313.179934  -62.13894  -58.42994      0.774    1447.50    346.000    342.394    -0.6339    -0.6333     0.0006    -0.6451    -0.6445     0.0006   2.818949   2.818947   0.000003    34.3760    34.3753     6.8925    27.6332    27.6326    34.3761    27.6333    1451.00    1451.00    -0.6449  1029.2895    34.5441 0.0000e+00
      15349 313.179948  -62.13894  -58.42993      0.794    1447.50    347.000    343.382    -0.6331    -0.6319     0.0012    -0.6444    -0.6431     0.0012   2.819067   2.819096   0.000018    34.3764    34.3752     6.8900    27.6335    27.6325    34.3762    27.6333    1451.02    1451.02    -0.6441  1029.2943    34.5442 0.0000e+00
      15378 313.179962  -62.13894  -58.42991      0.821    1447.50    348.000    344.371    -0.6374    -0.6360     0.0014    -0.6487    -0.6473     0.0014   2.818846   2.818840 9.6935e-07    34.3777    34.3762     6.8957    27.6348    27.6335    34.3774    27.6345    1451.01    1451.02    -0.6484  1029.3003    34.5454 0.0000e+00
      15407 313.179976  -62.13894  -58.42990      0.825    1447.50    349.000    345.360    -0.6434    -0.6401     0.0033    -0.6547    -0.6514     0.0032   2.818408   2.818547   0.000124    34.3790    34.3770     6.8995    27.6361    27.6343    34.3777    27.6350    1451.00    1451.02    -0.6545  1029.3056    34.5457 0.0000e+00
      15437 313.179990  -62.13894  -58.42988      0.814    1447.50    350.000    346.349    -0.6603    -0.6594     0.0009    -0.6716    -0.6707     0.0009   2.817103   2.817057  -0.000033    34.3801    34.3786     6.8956    27.6377    27.6364    34.3787    27.6366    1450.94    1450.94    -0.6713  1029.3121    34.5467 0.0000e+00
      15470 313.180006  -62.13895  -58.42987      0.754    1447.50    351.000    347.337    -0.6655    -0.6644     0.0011    -0.6768    -0.6757     0.0011   2.816693   2.816690 -5.417e-07    34.3794    34.3782     6.8988    27.6373    27.6363    34.3785    27.6366    1450.93    1450.94    -0.6766  1029.3169    34.5465 0.0000e+00
      15507 313.180024  -62.13896  -58.42986      0.657    1447.51    352.000    348.326    -0.6661    -0.6652     0.0010    -0.6775    -0.6765     0.0010   2.816661   2.816667   0.000006    34.3788    34.3778     6.8975    27.6369    27.6361    34.3781    27.6363    1450.95    1450.95    -0.6772  1029.3214    34.5461 0.0000e+00
      15550 313.180045  -62.13896  -58.42983      0.576 -9.990e-29    353.000    349.313    -0.6658    -0.6649     0.0009    -0.6771    -0.6763     0.0009   2.816734   2.816758   0.000022    34.3786    34.3779     6.9055    27.6367    27.6361    34.3781    27.6363    1450.96    1450.97    -0.6769  1029.3261    34.5461 0.0000e+00
      15614 313.180076  -62.13896  -58.42980      0.365    1447.91    354.000    350.303    -0.6653    -0.6645     0.0008    -0.6767    -0.6759     0.0008   2.816886   2.816879  -0.000002    34.3793    34.3784     6.8969    27.6372    27.6365    34.3790    27.6370    1450.98    1450.99    -0.6765  1029.3316    34.5470 0.0000e+00
      15720 313.180127  -62.13896  -58.42975      0.197    1447.91    355.000    351.292    -0.6613    -0.6612     0.0001    -0.6728    -0.6727     0.0001   2.817430   2.817357  -0.000072    34.3812    34.3801     6.8853    27.6387    27.6377    34.3812    27.6386    1451.02    1451.02    -0.6725  1029.3379    34.5493 0.0000e+00
      16042 313.180282  -62.13896  -58.42959      0.116    1447.91    356.000    352.282    -0.6593    -0.6590     0.0004    -0.6708    -0.6705     0.0004   2.817782   2.817728  -0.000051    34.3830    34.3819     6.8690    27.6400    27.6391    34.3831    27.6401    1451.05    1451.05    -0.6706  1029.3423    34.5489 0.0000e+00
      16307 313.180410  -62.13898  -58.42946      0.262    1447.91    357.000    353.269    -0.6582    -0.6576     0.0006    -0.6697    -0.6691     0.0006   2.818043   2.818020  -0.000026    34.3847    34.3836     6.8609    27.6413    27.6404    34.3847    27.6414    1451.08    1451.08    -0.6695  1029.3471    34.5490 0.0000e+00
      16387 313.180448  -62.13898  -58.42942      0.305    1447.91    358.000    354.258    -0.6573    -0.6565     0.0008    -0.6689    -0.6681     0.0008   2.818236   2.818234  -0.000003    34.3857    34.3847     6.8479    27.6421    27.6413    34.3857    27.6421    1451.09    1451.10    -0.6686  1029.3557    34.5539 0.0000e+00
      16469 313.180488  -62.13898  -58.42938      0.275    1447.91    359.000    355.247    -0.6566    -0.6560     0.0007    -0.6683    -0.6676     0.0007   2.818372   2.818353  -0.000019    34.3861    34.3851     6.8492    27.6424    27.6415    34.3862    27.6425    1451.12    1451.12    -0.6680  1029.3607    34.5543 0.0000e+00
      16567 313.180535  -62.13898  -58.42932      0.247    1447.91    360.000    356.236    -0.6562    -0.6555     0.0007    -0.6679    -0.6672     0.0007   2.818477   2.818461  -0.000014    34.3864    34.3854     6.8371    27.6426    27.6418    34.3865    27.6427    1451.13    1451.14    -0.6676  1029.3657    34.5546 0.0000e+00
      16659 313.180580  -62.13898  -58.42928      0.270    1447.91    361.000    357.224    -0.6559    -0.6552     0.0007    -0.6676    -0.6669     0.0007   2.818562   2.818547  -0.000016    34.3867    34.3856     6.8390    27.6428    27.6419    34.3867    27.6429    1451.15    1451.16    -0.6674  1029.3706    34.5548 0.0000e+00
      16750 313.180624  -62.13898  -58.42922      0.254    1447.91    362.000    358.213    -0.6553    -0.6546     0.0007    -0.6670    -0.6664     0.0007   2.818695   2.818665  -0.000031    34.3871    34.3859     6.8351    27.6432    27.6422    34.3872    27.6432    1451.17    1451.17    -0.6668  1029.3715    34.5500 0.0000e+00
      16836 313.180665  -62.13900  -58.42918      0.296    1447.91    363.000    359.199    -0.6513    -0.6509     0.0004    -0.6631    -0.6627     0.0004   2.819184   2.819128  -0.000053    34.3884    34.3872     6.8334    27.6440    27.6431    34.3886    27.6442    1451.21    1451.21    -0.6628  1029.3804    34.5555 0.0000e+00
      17100 313.180792  -62.13900  -58.42904      0.052    1447.91    364.000    360.190    -0.6516    -0.6503     0.0013    -0.6634    -0.6621     0.0013   2.819180   2.819219   0.000041    34.3882    34.3873     6.8237    27.6439    27.6431    34.3883    27.6439    1451.22    1451.23    -0.6631  1029.3859    34.5564 0.0000e+00
