Pos-Processados/pos_process42/Dados/doperantar42_013.cnv
* Sea-Bird SBE 9 Data File:
* FileName = C:\Users\Hidrografia\Desktop\OPXLII\Brutos\OP42013.hdr
* Software Version Seasave V 7.26.7.107
* Temperature SN = 6502
* Conductivity SN = 4998
* Number of Bytes Per Scan = 31
* Number of Voltage Words = 2
* Number of Scans Averaged by the Deck Unit = 1
* NMEA Latitude = 46 24.51 S
* NMEA Longitude = 055 54.95 W
* NMEA UTC (Time) = Oct 19 2023 23:00:40
* NMEA baud rate = 4800
** H41
** NPOALTEMAXIMIANO
** NUMERO DA ESTACAO (XXX) 013
** LAT (XX XX.XX S/N) 46 24.500 S
** LONG (XXX XX.XX W/E) 055 54.972 W
** DATAHORA (dd/mm/aaaa hh:mm Z) 19/10/2023 2300Z
** PROFUNDIDADE (m) 5329
** OPERADOR CT FABIREZA
# nquan = 30
# nvalues = 1008                        
# units = specified
# name 0 = scan: Scan Count
# name 1 = timeJ: Julian Days
# name 2 = latitude: Latitude [deg]
# name 3 = longitude: Longitude [deg]
# name 4 = dz/dtM: Descent Rate [m/s]
# name 5 = avgsvCM: Average Sound Velocity [Chen-Millero, m/s]
# name 6 = prDM: Pressure, Digiquartz [db]
# name 7 = depSM: Depth [salt water, m]
# name 8 = t090C: Temperature [ITS-90, deg C]
# name 9 = t190C: Temperature, 2 [ITS-90, deg C]
# name 10 = T2-T190C: Temperature Difference, 2 - 1 [ITS-90, deg C]
# name 11 = potemp090C: Potential Temperature [ITS-90, deg C]
# name 12 = potemp190C: Potential Temperature, 2 [ITS-90, deg C]
# name 13 = potemp90Cdiff: Potential Temperature, Diff, 2 - 1 [ITS-90, deg C]
# name 14 = c0S/m: Conductivity [S/m]
# name 15 = c1S/m: Conductivity, 2 [S/m]
# name 16 = C2-C1S/m: Conductivity Difference, 2 - 1 [S/m]
# name 17 = sal00: Salinity, Practical [PSU]
# name 18 = sal11: Salinity, Practical, 2 [PSU]
# name 19 = sbeox0ML/L: Oxygen, SBE 43 [ml/l]
# name 20 = sigma-é00: Density [sigma-theta, kg/m^3]
# name 21 = sigma-é11: Density, 2 [sigma-theta, kg/m^3]
# name 22 = sal00: Salinity, Practical [PSU]
# name 23 = sigma-é00: Density [sigma-theta, kg/m^3]
# name 24 = svCM: Sound Velocity [Chen-Millero, m/s]
# name 25 = svCM1: Sound Velocity, 2 [Chen-Millero, m/s]
# name 26 = gsw_ptA0: potential temperature [ITS-90, deg C]
# name 27 = gsw_densityA0: density, TEOS-10 [density, kg/m^3]
# name 28 = gsw_saA0: Absolute Salinity [g/kg]
# name 29 = flag:
# span 0 =       2328,      31477       
# span 1 = 292.959918, 292.973976       
# span 2 =  -46.41467,  -46.40909       
# span 3 =  -55.91560,  -55.91324       
# span 4 =      0.095,      1.381       
# span 5 =       0.00,    1483.34       
# span 6 =      5.000,   1012.000       
# span 7 =      4.968,   1001.203       
# span 8 =     2.3873,     6.0159       
# span 9 =     2.3883,     6.0163       
# span 10 =    -0.0096,     0.0264      
# span 11 =     2.3233,     6.0154      
# span 12 =     2.3242,     6.0159      
# span 13 =    -0.0096,     0.0264      
# span 14 =   3.080515,   3.349554      
# span 15 =   3.080564,   3.349552      
# span 16 =  -0.001282,   0.002725      
# span 17 =    33.9966,    34.5848      
# span 18 =    33.9973,    34.5842      
# span 19 =     3.7734,     8.1594      
# span 20 =    26.7598,    27.6128      
# span 21 =    26.7596,    27.6122      
# span 22 =    33.9850,    34.5847      
# span 23 =    26.7595,    27.6127      
# span 24 =    1463.30,    1475.87      
# span 25 =    1463.30,    1475.87      
# span 26 =     2.3232,     6.0155      
# span 27 =  1026.7841,  1032.3176      
# span 28 =    34.1455,    34.7524      
# span 29 = 0.0000e+00, 0.0000e+00      
# interval = decibars: 1                
# start_time = Oct 19 2023 23:00:40 [NMEA time, header]
# bad_flag = -9.990e-29
*END*
[from data line 677]
      21792 292.969305 -9.990e-29  -55.91388      0.581    1466.28    682.000    675.264     2.5984     2.5992     0.0008     2.5560     2.5569     0.0008   3.114196   3.114226   0.000029    34.4202    34.4196     4.1960    27.4614    27.4609    34.4203    27.4616    1471.11    1471.11     2.5560  1030.6384    34.5828 0.0000e+00
      21814 292.969316 -9.990e-29  -55.91388      0.903    1466.28    683.000    676.253     2.5992     2.6000     0.0009     2.5567     2.5576     0.0009   3.114328   3.114389   0.000059    34.4203    34.4200     4.2030    27.4615    27.4612    34.4205    27.4617    1471.13    1471.13     2.5567  1030.6433    34.5832 0.0000e+00
      21832 292.969324 -9.990e-29  -55.91388      1.151    1466.28    684.000    677.241     2.5999     2.6008     0.0009     2.5574     2.5583     0.0009   3.114505   3.114544   0.000041    34.4212    34.4208     4.2030    27.4622    27.4617    34.4214    27.4623    1471.15    1471.16     2.5574  1030.6485    34.5840 0.0000e+00
      21850 292.969333 -9.990e-29  -55.91388      1.322    1466.28    685.000    678.230     2.5999     2.6008     0.0008     2.5574     2.5582     0.0008   3.114573   3.114608   0.000036    34.4215    34.4210     4.1976    27.4624    27.4620    34.4216    27.4625    1471.17    1471.17     2.5574  1030.6533    34.5843 0.0000e+00
      21874 292.969344  -46.41281  -55.91387      1.205    1466.28    686.000    679.217     2.5999     2.6008     0.0009     2.5573     2.5582     0.0009   3.114587   3.114657   0.000065    34.4214    34.4212     4.1969    27.4623    27.4621    34.4214    27.4623    1471.18    1471.19     2.5572  1030.6586    34.5851 0.0000e+00
      21919 292.969366  -46.41282  -55.91386      0.485    1466.28    687.000    680.209     2.5994     2.6002     0.0009     2.5567     2.5576     0.0009   3.114632   3.114679   0.000051    34.4218    34.4215     4.1852    27.4627    27.4624    34.4219    27.4628    1471.20    1471.20     2.5567  1030.6649    34.5873 0.0000e+00
      21950 292.969381  -46.41283  -55.91386      0.680    1466.28    688.000    681.195     2.5988     2.5996     0.0008     2.5561     2.5569     0.0008   3.114681   3.114711   0.000032    34.4225    34.4220     4.1840    27.4633    27.4629    34.4225    27.4633    1471.21    1471.22     2.5560  1030.6701    34.5878 0.0000e+00
      21972 292.969392  -46.41284  -55.91386      0.946    1466.28    689.000    682.184     2.5987     2.5995     0.0008     2.5559     2.5567     0.0008   3.114721   3.114759   0.000037    34.4226    34.4221     4.1830    27.4634    27.4629    34.4226    27.4634    1471.23    1471.23     2.5559  1030.6748    34.5879 0.0000e+00
      21992 292.969402  -46.41284  -55.91386      1.114    1466.30    690.000    683.172     2.5986     2.5995     0.0009     2.5558     2.5566     0.0009   3.114794   3.114827   0.000033    34.4230    34.4225     4.1913    27.4637    27.4633    34.4231    27.4638    1471.25    1471.25     2.5557  1030.6798    34.5883 0.0000e+00
      22015 292.969413  -46.41284  -55.91386      1.135    1466.63    691.000    684.161     2.5976     2.5984     0.0008     2.5547     2.5555     0.0008   3.114870   3.114900   0.000032    34.4245    34.4240     4.1912    27.4650    27.4645    34.4245    27.4651    1471.26    1471.26     2.5546  1030.6857    34.5898 0.0000e+00
      22045 292.969427  -46.41284  -55.91385      0.888    1466.64    692.000    685.149     2.5969     2.5978     0.0009     2.5539     2.5548     0.0009   3.114911   3.114953   0.000042    34.4253    34.4248     4.1809    27.4657    27.4653    34.4253    27.4657    1471.28    1471.28     2.5539  1030.6910    34.5906 0.0000e+00
      22078 292.969443  -46.41284  -55.91384      0.707    1466.64    693.000    686.137     2.5966     2.5975     0.0009     2.5535     2.5544     0.0009   3.114940   3.114980   0.000041    34.4254    34.4250     4.1754    27.4659    27.4655    34.4254    27.4658    1471.29    1471.29     2.5535  1030.6958    34.5907 0.0000e+00
      22104 292.969456  -46.41285  -55.91384      0.840    1466.64    694.000    687.126     2.5965     2.5973     0.0008     2.5534     2.5541     0.0008   3.114986   3.115024   0.000039    34.4255    34.4252     4.1732    27.4660    27.4656    34.4255    27.4660    1471.31    1471.31     2.5533  1030.7005    34.5908 0.0000e+00
      22126 292.969466  -46.41286  -55.91384      1.005    1466.64    695.000    688.114     2.5964     2.5972     0.0009     2.5532     2.5540     0.0009   3.115060   3.115088   0.000029    34.4260    34.4254     4.1688    27.4664    27.4659    34.4261    27.4664    1471.32    1471.33     2.5531  1030.7056    34.5914 0.0000e+00
      22149 292.969477  -46.41286  -55.91384      1.083    1466.64    696.000    689.103     2.5964     2.5971     0.0008     2.5531     2.5539     0.0008   3.115168   3.115207   0.000036    34.4268    34.4264     4.1663    27.4670    27.4666    34.4268    27.4670    1471.34    1471.34     2.5531  1030.7108    34.5922 0.0000e+00
      22180 292.969492  -46.41286  -55.91384      0.872    1466.64    697.000    690.091     2.5960     2.5968     0.0007     2.5527     2.5534     0.0007   3.115232   3.115271   0.000041    34.4274    34.4272     4.1644    27.4675    27.4673    34.4275    27.4676    1471.36    1471.36     2.5526  1030.7160    34.5928 0.0000e+00
      22218 292.969510  -46.41287  -55.91384      0.608    1466.64    698.000    691.080     2.5952     2.5959     0.0008     2.5518     2.5526     0.0008   3.115273   3.115297   0.000023    34.4284    34.4279     4.1595    27.4684    27.4679    34.4283    27.4684    1471.37    1471.37     2.5517  1030.7214    34.5937 0.0000e+00
      22245 292.969523  -46.41288  -55.91384      0.797    1466.64    699.000    692.068     2.5944     2.5953     0.0009     2.5510     2.5518     0.0009   3.115303   3.115338   0.000037    34.4290    34.4285     4.1552    27.4689    27.4685    34.4290    27.4689    1471.39    1471.39     2.5509  1030.7266    34.5943 0.0000e+00
      22267 292.969534  -46.41288  -55.91384      0.986    1466.64    700.000    693.057     2.5945     2.5953     0.0008     2.5509     2.5518     0.0008   3.115398   3.115431   0.000033    34.4295    34.4291     4.1657    27.4694    27.4689    34.4296    27.4694    1471.40    1471.41     2.5509  1030.7317    34.5949 0.0000e+00
      22291 292.969546  -46.41289  -55.91384      1.048    1466.64    701.000    694.045     2.5942     2.5950     0.0009     2.5506     2.5514     0.0009   3.115457   3.115488   0.000032    34.4301    34.4295     4.1635    27.4698    27.4693    34.4300    27.4698    1471.42    1471.42     2.5505  1030.7367    34.5954 0.0000e+00
      22322 292.969560  -46.41290  -55.91383      0.861    1466.64    702.000    695.033     2.5940     2.5948     0.0008     2.5504     2.5512     0.0008   3.115496   3.115526   0.000029    34.4302    34.4297     4.1556    27.4699    27.4695    34.4302    27.4699    1471.44    1471.44     2.5503  1030.7415    34.5955 0.0000e+00
      22355 292.969577  -46.41290  -55.91382      0.701    1466.64    703.000    696.022     2.5930     2.5938     0.0008     2.5492     2.5501     0.0008   3.115517   3.115536   0.000020    34.4311    34.4305     4.1512    27.4708    27.4702    34.4310    27.4707    1471.45    1471.45     2.5492  1030.7469    34.5964 0.0000e+00
      22384 292.969590  -46.41290  -55.91382      0.799    1466.64    704.000    697.010     2.5907     2.5916     0.0009     2.5469     2.5478     0.0009   3.115471   3.115513   0.000040    34.4323    34.4318     4.1547    27.4720    27.4715    34.4323    27.4720    1471.46    1471.46     2.5469  1030.7512    34.5956 0.0000e+00
      22410 292.969603 -9.990e-29  -55.91382      0.895    1466.64    705.000    697.999     2.5910     2.5920     0.0009     2.5472     2.5481     0.0009   3.115647   3.115696   0.000049    34.4335    34.4331     4.1534    27.4729    27.4725    34.4336    27.4729    1471.48    1471.48     2.5471  1030.7563    34.5963 0.0000e+00
      22434 292.969615 -9.990e-29  -55.91382      0.959    1466.64    706.000    698.987     2.5919     2.5928     0.0009     2.5479     2.5488     0.0009   3.115842   3.115890   0.000049    34.4345    34.4342     4.1450    27.4736    27.4733    34.4346    27.4737    1471.50    1471.50     2.5479  1030.7616    34.5973 0.0000e+00
      22458 292.969626 -9.990e-29  -55.91382      0.981    1466.64    707.000    699.975     2.5909     2.5916     0.0007     2.5469     2.5476     0.0007   3.115801   3.115808   0.000010    34.4348    34.4342     4.1452    27.4740    27.4734    34.4346    27.4738    1471.51    1471.51     2.5468  1030.7663    34.5973 0.0000e+00
      22483 292.969638 -9.990e-29  -55.91382      0.990    1466.64    708.000    700.963     2.5888     2.5896     0.0008     2.5447     2.5455     0.0008   3.115674   3.115694   0.000015    34.4349    34.4342     4.1441    27.4742    27.4736    34.4347    27.4741    1471.52    1471.52     2.5447  1030.7713    34.5975 0.0000e+00
      22510 292.969651 -9.990e-29  -55.91382      0.927    1466.64    709.000    701.952     2.5881     2.5889     0.0008     2.5440     2.5448     0.0008   3.115672   3.115704   0.000032    34.4350    34.4345     4.1397    27.4743    27.4739    34.4348    27.4742    1471.53    1471.53     2.5440  1030.7761    34.5976 0.0000e+00
      22541 292.969667 -9.990e-29  -55.91380      0.788    1466.64    710.000    702.940     2.5876     2.5884     0.0009     2.5434     2.5443     0.0009   3.115700   3.115728   0.000028    34.4354    34.4347     4.1349    27.4747    27.4741    34.4352    27.4746    1471.55    1471.55     2.5434  1030.7811    34.5980 0.0000e+00
      22570 292.969680  -46.41294  -55.91380      0.798    1466.64    711.000    703.929     2.5871     2.5879     0.0008     2.5428     2.5437     0.0008   3.115743   3.115777   0.000035    34.4358    34.4354     4.1328    27.4751    27.4747    34.4357    27.4750    1471.56    1471.56     2.5428  1030.7867    34.5992 0.0000e+00
      22597 292.969693  -46.41294  -55.91380      0.885    1466.64    712.000    704.917     2.5872     2.5880     0.0009     2.5429     2.5437     0.0009   3.115891   3.115922   0.000033    34.4369    34.4363     4.1291    27.4759    27.4754    34.4370    27.4760    1471.58    1471.58     2.5428  1030.7939    34.6024 0.0000e+00
      22624 292.969706  -46.41294  -55.91380      0.902    1466.64    713.000    705.906     2.5879     2.5887     0.0009     2.5435     2.5444     0.0009   3.116040   3.116086   0.000045    34.4374    34.4370     4.1286    27.4764    27.4760    34.4375    27.4764    1471.60    1471.60     2.5434  1030.7989    34.6030 0.0000e+00
      22653 292.969720  -46.41295  -55.91380      0.843    1466.64    714.000    706.894     2.5883     2.5891     0.0008     2.5439     2.5447     0.0008   3.116173   3.116207   0.000034    34.4381    34.4377     4.1227    27.4768    27.4764    34.4381    27.4768    1471.62    1471.62     2.5438  1030.8039    34.6036 0.0000e+00
      22682 292.969734  -46.41296  -55.91380      0.817    1466.64    715.000    707.882     2.5885     2.5894     0.0008     2.5440     2.5448     0.0008   3.116259   3.116300   0.000041    34.4383    34.4379     4.1284    27.4770    27.4766    34.4384    27.4770    1471.64    1471.64     2.5440  1030.8089    34.6041 0.0000e+00
      22708 292.969747  -46.41296 -9.990e-29      0.875    1466.64    716.000    708.871     2.5895     2.5902     0.0006     2.5449     2.5455     0.0006   3.116444   3.116462   0.000016    34.4389    34.4384     4.1254    27.4774    27.4770    34.4390    27.4775    1471.66    1471.66     2.5449  1030.8141    34.6048 0.0000e+00
      22732 292.969758  -46.41296 -9.990e-29      0.965    1466.64    717.000    709.859     2.5908     2.5917     0.0009     2.5461     2.5470     0.0009   3.116627   3.116683   0.000052    34.4393    34.4390     4.1210    27.4776    27.4773    34.4394    27.4777    1471.68    1471.68     2.5461  1030.8188    34.6052 0.0000e+00
      22754 292.969769  -46.41298 -9.990e-29      1.044    1466.64    718.000    710.848     2.5912     2.5920     0.0008     2.5464     2.5473     0.0008   3.116729   3.116763   0.000041    34.4395    34.4391     4.1150    27.4777    27.4773    34.4397    27.4779    1471.70    1471.70     2.5464  1030.8236    34.6055 0.0000e+00
      22779 292.969781  -46.41298  -55.91378      1.026    1466.64    719.000    711.836     2.5924     2.5930     0.0006     2.5475     2.5482     0.0006   3.116911   3.116929   0.000018    34.4399    34.4395     4.1151    27.4780    27.4776    34.4401    27.4782    1471.72    1471.72     2.5475  1030.8271    34.6041 0.0000e+00
      22811 292.969797 -9.990e-29  -55.91378      0.808    1466.64    720.000    712.824     2.5918     2.5927     0.0009     2.5469     2.5478     0.0009   3.116934   3.116979   0.000042    34.4404    34.4400     4.1169    27.4784    27.4780    34.4404    27.4785    1471.73    1471.74     2.5469  1030.8310    34.6032 0.0000e+00
      22848 292.969814 -9.990e-29  -55.91378      0.651    1466.64    721.000    713.812     2.5919     2.5926     0.0008     2.5469     2.5477     0.0008   3.116993   3.117032   0.000039    34.4405    34.4402     4.1029    27.4785    27.4782    34.4406    27.4786    1471.75    1471.76     2.5469  1030.8357    34.6033 0.0000e+00
      22877 292.969829  -46.41300  -55.91378      0.754    1466.64    722.000    714.801     2.5921     2.5929     0.0009     2.5471     2.5479     0.0009   3.117093   3.117128   0.000036    34.4409    34.4404     4.1104    27.4788    27.4783    34.4411    27.4789    1471.77    1471.77     2.5470  1030.8419    34.6053 0.0000e+00
      22902 292.969840  -46.41300  -55.91378      0.905    1466.64    723.000    715.789     2.5929     2.5936     0.0006     2.5478     2.5485     0.0006   3.117276   3.117290   0.000015    34.4416    34.4411     4.1048    27.4793    27.4789    34.4418    27.4795    1471.79    1471.79     2.5478  1030.8481    34.6074 0.0000e+00
      22926 292.969852  -46.41300  -55.91378      0.994    1466.64    724.000    716.777     2.5932     2.5940     0.0009     2.5480     2.5489     0.0009   3.117377   3.117397   0.000019    34.4422    34.4415     4.1033    27.4798    27.4791    34.4423    27.4799    1471.81    1471.81     2.5480  1030.8531    34.6079 0.0000e+00
      22952 292.969864  -46.41300  -55.91378      0.969    1466.64    725.000    717.766     2.5934     2.5943     0.0009     2.5482     2.5491     0.0009   3.117455   3.117489   0.000036    34.4423    34.4418     4.1019    27.4798    27.4793    34.4425    27.4800    1471.83    1471.83     2.5481  1030.8578    34.6080 0.0000e+00
      22983 292.969879  -46.41301  -55.91378      0.832    1466.64    726.000    718.754     2.5936     2.5945     0.0009     2.5483     2.5492     0.0009   3.117538   3.117565   0.000025    34.4426    34.4420     4.0998    27.4801    27.4795    34.4427    27.4802    1471.84    1471.85     2.5483  1030.8628    34.6085 0.0000e+00
      23016 292.969896  -46.41302 -9.990e-29      0.712    1466.64    727.000    719.742     2.5939     2.5947     0.0009     2.5485     2.5493     0.0008   3.117665   3.117704   0.000038    34.4434    34.4429     4.0955    27.4807    27.4802    34.4435    27.4807    1471.86    1471.87     2.5485  1030.8680    34.6093 0.0000e+00
      23045 292.969910  -46.41302 -9.990e-29      0.775    1466.64    728.000    720.730     2.5909     2.5917     0.0009     2.5455     2.5463     0.0008   3.117655   3.117685   0.000030    34.4461    34.4455     4.0929    27.4831    27.4826    34.4460    27.4830    1471.87    1471.87     2.5454  1030.8750    34.6119 0.0000e+00
      23070 292.969921  -46.41304  -55.91376      0.916    1466.64    729.000    721.719     2.5884     2.5894     0.0009     2.5429     2.5439     0.0009   3.117596   3.117608   0.000013    34.4475    34.4468     4.0977    27.4845    27.4838    34.4474    27.4843    1471.88    1471.88     2.5429  1030.8809    34.6132 0.0000e+00
