Pos-Processados/pos_process42/Dados/doperantar42_028.cnv
* Sea-Bird SBE 9 Data File:
* FileName = C:\Users\Hidrografia\Desktop\OPXLII\Brutos\OP42028.hdr
* Software Version Seasave V 7.26.7.107
* Temperature SN = 6502
* Conductivity SN = 4998
* Number of Bytes Per Scan = 37
* Number of Voltage Words = 4
* Number of Scans Averaged by the Deck Unit = 1
* NMEA Latitude = 62 18.54 S
* NMEA Longitude = 058 32.92 W
* NMEA UTC (Time) = Nov 08 2023 22:59:21
* NMEA baud rate = 4800
** H41
** NPOALTEMAXIMIANO
** NUMERO DA ESTACAO (XXX) 028
** LAT (XX XX.XX S/N) 62 18.530 S
** LONG (XXX XX.XX W/E) 058 32.937 W
** DATAHORA (dd/mm/aaaa hh:mm Z) 08/11/2023 2258Z
** PROFUNDIDADE (m) 339
** OPERADOR CT FABIREZA
# nquan = 30
# nvalues = 373                         
# units = specified
# name 0 = scan: Scan Count
# name 1 = timeJ: Julian Days
# name 2 = latitude: Latitude [deg]
# name 3 = longitude: Longitude [deg]
# name 4 = dz/dtM: Descent Rate [m/s]
# name 5 = avgsvCM: Average Sound Velocity [Chen-Millero, m/s]
# name 6 = prDM: Pressure, Digiquartz [db]
# name 7 = depSM: Depth [salt water, m]
# name 8 = t090C: Temperature [ITS-90, deg C]
# name 9 = t190C: Temperature, 2 [ITS-90, deg C]
# name 10 = T2-T190C: Temperature Difference, 2 - 1 [ITS-90, deg C]
# name 11 = potemp090C: Potential Temperature [ITS-90, deg C]
# name 12 = potemp190C: Potential Temperature, 2 [ITS-90, deg C]
# name 13 = potemp90Cdiff: Potential Temperature, Diff, 2 - 1 [ITS-90, deg C]
# name 14 = c0S/m: Conductivity [S/m]
# name 15 = c1S/m: Conductivity, 2 [S/m]
# name 16 = C2-C1S/m: Conductivity Difference, 2 - 1 [S/m]
# name 17 = sal00: Salinity, Practical [PSU]
# name 18 = sal11: Salinity, Practical, 2 [PSU]
# name 19 = sbeox0ML/L: Oxygen, SBE 43 [ml/l]
# name 20 = sigma-é00: Density [sigma-theta, kg/m^3]
# name 21 = sigma-é11: Density, 2 [sigma-theta, kg/m^3]
# name 22 = sal00: Salinity, Practical [PSU]
# name 23 = sigma-é00: Density [sigma-theta, kg/m^3]
# name 24 = svCM: Sound Velocity [Chen-Millero, m/s]
# name 25 = svCM1: Sound Velocity, 2 [Chen-Millero, m/s]
# name 26 = gsw_ptA0: potential temperature [ITS-90, deg C]
# name 27 = gsw_densityA0: density, TEOS-10 [density, kg/m^3]
# name 28 = gsw_saA0: Absolute Salinity [g/kg]
# name 29 = flag:
# span 0 =       2738,      15983       
# span 1 = 312.959202, 312.965589       
# span 2 =  -62.31298,  -62.30974       
# span 3 =  -58.54835,  -58.54602       
# span 4 =      0.079,      0.985       
# span 5 =       0.00,    1448.73       
# span 6 =      3.000,    375.000       
# span 7 =      2.972,    371.045       
# span 8 =    -0.6359,     0.0331       
# span 9 =    -0.6353,     0.0310       
# span 10 =    -0.0362,     0.0526      
# span 11 =    -0.6414,     0.0188      
# span 12 =    -0.6406,     0.0165      
# span 13 =    -0.0361,     0.0524      
# span 14 =   2.804129,   2.883344      
# span 15 =   2.804082,   2.883052      
# span 16 =  -0.003401,   0.004494      
# span 17 =    34.2964,    34.4642      
# span 18 =    34.2951,    34.4640      
# span 19 =     5.9105,     7.5105      
# span 20 =    27.5637,    27.6751      
# span 21 =    27.5627,    27.6727      
# span 22 =    34.2964,    34.4660      
# span 23 =    27.5637,    27.6742      
# span 24 =    1445.80,    1454.67      
# span 25 =    1445.80,    1454.67      
# span 26 =    -0.6413,     0.0189      
# span 27 =  1027.5802,  1029.4545      
# span 28 =    34.4589,    34.6337      
# span 29 = 0.0000e+00, 0.0000e+00      
# interval = decibars: 1                
# start_time = Nov 08 2023 22:59:21 [NMEA time, header]
# bad_flag = -9.990e-29
*END*
[from data line 146]
       7308 312.961406  -62.31088  -58.54754      0.825    1446.66    149.000    147.515    -0.6194    -0.6183     0.0010    -0.6239    -0.6229     0.0010   2.807208   2.807217 4.9297e-07    34.3224    34.3212     7.1744    27.5889    27.5879    34.3220    27.5886    1447.78    1447.79    -0.6238  1028.3064    34.4890 0.0000e+00
       7335 312.961419  -62.31088  -58.54754      0.860    1446.66    150.000    148.505    -0.6155    -0.6152     0.0004    -0.6201    -0.6198     0.0003   2.807515   2.807488  -0.000025    34.3209    34.3202     7.1587    27.5876    27.5870    34.3212    27.5878    1447.81    1447.81    -0.6200  1028.3103    34.4882 0.0000e+00
       7362 312.961432  -62.31088  -58.54754      0.896    1446.66    151.000    149.495    -0.6233    -0.6209     0.0024    -0.6279    -0.6256     0.0024   2.806919   2.807013   0.000091    34.3231    34.3216     7.1729    27.5897    27.5884    34.3213    27.5882    1447.79    1447.80    -0.6278  1028.3156    34.4884 0.0000e+00
       7388 312.961444  -62.31089  -58.54754      0.899    1446.66    152.000    150.485    -0.6350    -0.6353    -0.0003    -0.6396    -0.6399    -0.0003   2.806111   2.805995  -0.000113    34.3234    34.3223     7.1993    27.5904    27.5895    34.3230    27.5901    1447.76    1447.75    -0.6395  1028.3223    34.4901 0.0000e+00
       7414 312.961457  -62.31090  -58.54754      0.907    1446.66    153.000    151.474    -0.6337    -0.6331     0.0007    -0.6384    -0.6378     0.0007   2.806222   2.806169  -0.000048    34.3231    34.3218     7.1949    27.5902    27.5890    34.3225    27.5896    1447.78    1447.78    -0.6383  1028.3266    34.4895 0.0000e+00
       7440 312.961469  -62.31090  -58.54753      0.943    1446.66    154.000    152.464    -0.6314    -0.6312     0.0002    -0.6361    -0.6359     0.0002   2.806401   2.806367  -0.000037    34.3218    34.3211     7.2036    27.5889    27.5884    34.3216    27.5888    1447.81    1447.81    -0.6360  1028.3305    34.4886 0.0000e+00
       7468 312.961483  -62.31090  -58.54752      0.896    1446.66    155.000    153.453    -0.6321    -0.6297     0.0024    -0.6368    -0.6344     0.0024   2.806397   2.806517   0.000116    34.3222    34.3211     7.2430    27.5893    27.5883    34.3218    27.5890    1447.82    1447.83    -0.6367  1028.3355    34.4888 0.0000e+00
       7500 312.961499  -62.31091  -58.54750      0.757    1446.66    156.000    154.443    -0.6348    -0.6343     0.0005    -0.6396    -0.6391     0.0005   2.806237   2.806201  -0.000029    34.3227    34.3217     7.2630    27.5898    27.5890    34.3221    27.5893    1447.82    1447.82    -0.6395  1028.3406    34.4891 0.0000e+00
       7532 312.961514  -62.31092  -58.54750      0.748    1446.66    157.000    155.433    -0.6330    -0.6333    -0.0004    -0.6378    -0.6381    -0.0004   2.806426   2.806364  -0.000066    34.3217    34.3213     7.2575    27.5890    27.5886    34.3219    27.5891    1447.85    1447.85    -0.6377  1028.3452    34.4890 0.0000e+00
       7561 312.961528  -62.31093  -58.54750      0.803    1446.66    158.000    156.422    -0.6302    -0.6290     0.0011    -0.6350    -0.6338     0.0012   2.806687   2.806711   0.000014    34.3218    34.3206     7.2559    27.5889    27.5879    34.3216    27.5888    1447.88    1447.88    -0.6349  1028.3496    34.4887 0.0000e+00
       7591 312.961542  -62.31094  -58.54750      0.805    1446.66    159.000    157.412    -0.6310    -0.6308     0.0002    -0.6358    -0.6356     0.0002   2.806700   2.806634  -0.000051    34.3222    34.3213     7.2662    27.5893    27.5886    34.3221    27.5892    1447.89    1447.89    -0.6357  1028.3552    34.4897 0.0000e+00
       7619 312.961556  -62.31094 -9.990e-29      0.844    1446.66    160.000    158.401    -0.6296    -0.6295     0.0001    -0.6345    -0.6344     0.0001   2.806850   2.806771  -0.000075    34.3218    34.3207     7.2643    27.5889    27.5880    34.3220    27.5890    1447.91    1447.91    -0.6344  1028.3610    34.4910 0.0000e+00
       7645 312.961568  -62.31095 -9.990e-29      0.901    1446.66    161.000    159.391    -0.6283    -0.6282     0.0001    -0.6333    -0.6332     0.0001   2.806966   2.806920  -0.000054    34.3214    34.3206     7.2553    27.5885    27.5878    34.3215    27.5886    1447.93    1447.93    -0.6331  1028.3653    34.4905 0.0000e+00
       7675 312.961583  -62.31096 -9.990e-29      0.844    1446.66    162.000    160.381    -0.6294    -0.6281     0.0013    -0.6343    -0.6330     0.0013   2.806942   2.806963   0.000025    34.3218    34.3207     7.2494    27.5889    27.5879    34.3217    27.5888    1447.95    1447.95    -0.6342  1028.3703    34.4908 0.0000e+00
       7706 312.961598  -62.31096  -58.54748      0.759    1446.66    163.000    161.370    -0.6295    -0.6298    -0.0003    -0.6345    -0.6347    -0.0003   2.806991   2.806892  -0.000100    34.3218    34.3207     7.2518    27.5889    27.5880    34.3219    27.5890    1447.96    1447.96    -0.6344  1028.3740    34.4895 0.0000e+00
       7735 312.961612  -62.31096  -58.54748      0.808    1446.66    164.000    162.360    -0.6281    -0.6269     0.0012    -0.6331    -0.6319     0.0012   2.807130   2.807176   0.000036    34.3217    34.3208     7.2438    27.5888    27.5880    34.3216    27.5887    1447.98    1447.99    -0.6330  1028.3781    34.4887 0.0000e+00
       7766 312.961627  -62.31098  -58.54746      0.794    1446.66    165.000    163.350    -0.6305    -0.6291     0.0013    -0.6355    -0.6342     0.0013   2.807016   2.807028   0.000019    34.3220    34.3207     7.2456    27.5891    27.5880    34.3221    27.5892    1447.99    1447.99    -0.6354  1028.3834    34.4892 0.0000e+00
       7795 312.961641  -62.31098  -58.54746      0.809    1446.66    166.000    164.339    -0.6255    -0.6246     0.0010    -0.6306    -0.6297     0.0009   2.807457   2.807455 8.2028e-07    34.3208    34.3197     7.2371    27.5879    27.5870    34.3218    27.5887    1448.03    1448.03    -0.6305  1028.3877    34.4889 0.0000e+00
       7823 312.961654  -62.31098  -58.54745      0.857    1446.66    167.000    165.329    -0.6153    -0.6149     0.0004    -0.6205    -0.6200     0.0004   2.808288   2.808281  -0.000016    34.3204    34.3197     7.2359    27.5872    27.5866    34.3209    27.5875    1448.09    1448.09    -0.6203  1028.3913    34.4880 0.0000e+00
       7854 312.961669  -62.31100  -58.54744      0.791    1446.89    168.000    166.318    -0.6173    -0.6181    -0.0008    -0.6225    -0.6233    -0.0008   2.808207   2.808072  -0.000122    34.3213    34.3205     7.2384    27.5879    27.5874    34.3214    27.5881    1448.10    1448.09    -0.6224  1028.3966    34.4886 0.0000e+00
       7885 312.961684  -62.31100  -58.54744      0.777    1447.03    169.000    167.308    -0.6165    -0.6157     0.0008    -0.6217    -0.6209     0.0008   2.808298   2.808328   0.000023    34.3208    34.3201     7.2251    27.5875    27.5869    34.3211    27.5878    1448.12    1448.12    -0.6216  1028.4011    34.4883 0.0000e+00
       7913 312.961698  -62.31101  -58.54744      0.824    1447.03    170.000    168.297    -0.6185    -0.6160     0.0025    -0.6237    -0.6212     0.0025   2.808195   2.808333   0.000130    34.3212    34.3201     7.1960    27.5880    27.5870    34.3213    27.5881    1448.13    1448.14    -0.6236  1028.4061    34.4885 0.0000e+00
       7943 312.961712  -62.31102  -58.54743      0.812    1447.03    171.000    169.287    -0.6179    -0.6178     0.0001    -0.6232    -0.6231     0.0001   2.808313   2.808224  -0.000077    34.3214    34.3202     7.1845    27.5881    27.5871    34.3217    27.5883    1448.15    1448.14    -0.6231  1028.4111    34.4888 0.0000e+00
       7974 312.961727  -62.31102  -58.54742      0.791    1447.03    172.000    170.277    -0.6211    -0.6198     0.0014    -0.6264    -0.6251     0.0014   2.808090   2.808122   0.000020    34.3222    34.3210     7.1900    27.5889    27.5878    34.3217    27.5884    1448.15    1448.15    -0.6263  1028.4161    34.4888 0.0000e+00
       8002 312.961741  -62.31104  -58.54742      0.821    1447.03    173.000    171.266    -0.6294    -0.6272     0.0022    -0.6348    -0.6326     0.0022   2.807582   2.807621   0.000046    34.3240    34.3222     7.1991    27.5907    27.5891    34.3237    27.5904    1448.13    1448.13    -0.6346  1028.4239    34.4922 0.0000e+00
       8032 312.961755  -62.31104 -9.990e-29      0.825    1447.03    174.000    172.256    -0.6321    -0.6317     0.0005    -0.6375    -0.6370     0.0005   2.807513   2.807458  -0.000052    34.3255    34.3242     7.2015    27.5920    27.5910    34.3252    27.5918    1448.13    1448.13    -0.6373  1028.4306    34.4944 0.0000e+00
       8061 312.961769  -62.31104 -9.990e-29      0.810    1447.03    175.000    173.245    -0.6334    -0.6331     0.0003    -0.6388    -0.6385     0.0003   2.807472   2.807430  -0.000047    34.3258    34.3248     7.2142    27.5923    27.5915    34.3255    27.5920    1448.14    1448.14    -0.6387  1028.4357    34.4947 0.0000e+00
       8088 312.961782  -62.31105  -58.54740      0.849    1447.03    176.000    174.235    -0.6352    -0.6346     0.0006    -0.6406    -0.6400     0.0006   2.807466   2.807428  -0.000043    34.3271    34.3258     7.2299    27.5935    27.5924    34.3268    27.5932    1448.15    1448.15    -0.6405  1028.4414    34.4958 0.0000e+00
       8112 312.961794  -62.31106  -58.54740      0.954    1447.03    177.000    175.224    -0.6344    -0.6334     0.0010    -0.6398    -0.6389     0.0010   2.807579   2.807600   0.000028    34.3268    34.3260     7.2258    27.5932    27.5925    34.3268    27.5932    1448.17    1448.17    -0.6397  1028.4447    34.4940 0.0000e+00
       8138 312.961806  -62.31106  -58.54739      0.983    1447.03    178.000    176.214    -0.6337    -0.6328     0.0009    -0.6392    -0.6383     0.0009   2.807728   2.807728  -0.000006    34.3276    34.3265     7.2295    27.5938    27.5929    34.3274    27.5936    1448.20    1448.20    -0.6391  1028.4499    34.4946 0.0000e+00
       8168 312.961820  -62.31106  -58.54738      0.854    1447.03    179.000    177.204    -0.6352    -0.6343     0.0009    -0.6407    -0.6398     0.0009   2.807623   2.807616  -0.000004    34.3272    34.3261     7.2378    27.5935    27.5926    34.3270    27.5934    1448.20    1448.20    -0.6406  1028.4538    34.4934 0.0000e+00
       8202 312.961837  -62.31108  -58.54738      0.710    1447.03    180.000    178.193    -0.6359    -0.6349     0.0010    -0.6414    -0.6404     0.0010   2.807630   2.807638   0.000009    34.3275    34.3265     7.2294    27.5938    27.5929    34.3273    27.5937    1448.21    1448.22    -0.6413  1028.4579    34.4925 0.0000e+00
       8235 312.961853  -62.31108  -58.54737      0.713    1447.03    181.000    179.183    -0.6358    -0.6350     0.0007    -0.6414    -0.6406     0.0007   2.807696   2.807688  -0.000010    34.3275    34.3266     7.2239    27.5938    27.5930    34.3275    27.5938    1448.23    1448.23    -0.6412  1028.4644    34.4947 0.0000e+00
       8263 312.961866  -62.31110  -58.54736      0.802    1447.03    182.000    180.172    -0.6352    -0.6346     0.0006    -0.6408    -0.6402     0.0006   2.807823   2.807785  -0.000021    34.3277    34.3267     7.2208    27.5939    27.5932    34.3279    27.5941    1448.25    1448.25    -0.6407  1028.4695    34.4951 0.0000e+00
       8290 312.961880  -62.31110  -58.54734      0.878    1447.03    183.000    181.162    -0.6313    -0.6315    -0.0002    -0.6369    -0.6371    -0.0002   2.808232   2.808166  -0.000078    34.3280    34.3272     7.2264    27.5940    27.5934    34.3284    27.5943    1448.29    1448.29    -0.6368  1028.4745    34.4956 0.0000e+00
       8320 312.961894  -62.31111  -58.54734      0.849    1447.03    184.000    182.151    -0.6292    -0.6286     0.0007    -0.6349    -0.6342     0.0007   2.808468   2.808460  -0.000008    34.3285    34.3276     7.2300    27.5943    27.5936    34.3286    27.5944    1448.31    1448.32    -0.6348  1028.4793    34.4959 0.0000e+00
       8350 312.961908  -62.31112  -58.54734      0.783    1447.03    185.000    183.141    -0.6297    -0.6289     0.0008    -0.6354    -0.6346     0.0008   2.808487   2.808483  -0.000002    34.3287    34.3277     7.2252    27.5945    27.5937    34.3288    27.5946    1448.33    1448.33    -0.6353  1028.4843    34.4960 0.0000e+00
       8378 312.961922  -62.31112  -58.54734      0.833    1447.03    186.000    184.130    -0.6291    -0.6283     0.0008    -0.6349    -0.6340     0.0008   2.808561   2.808549  -0.000013    34.3284    34.3273     7.2222    27.5942    27.5933    34.3285    27.5943    1448.35    1448.35    -0.6347  1028.4888    34.4957 0.0000e+00
       8404 312.961934  -62.31114  -58.54734      0.909    1447.03    187.000    185.120    -0.6283    -0.6275     0.0008    -0.6341    -0.6333     0.0008   2.808647   2.808626  -0.000021    34.3280    34.3268     7.2150    27.5939    27.5929    34.3281    27.5940    1448.37    1448.37    -0.6339  1028.4932    34.4954 0.0000e+00
       8429 312.961946  -62.31114  -58.54732      0.947    1447.03    188.000    186.109    -0.6291    -0.6280     0.0012    -0.6350    -0.6338     0.0012   2.808594   2.808615   0.000020    34.3280    34.3270     7.2098    27.5940    27.5930    34.3277    27.5937    1448.38    1448.38    -0.6348  1028.4977    34.4950 0.0000e+00
       8455 312.961959  -62.31114  -58.54732      0.947    1447.03    189.000    187.099    -0.6326    -0.6317     0.0009    -0.6384    -0.6375     0.0009   2.808231   2.808227  -0.000011    34.3262    34.3250     7.2099    27.5926    27.5916    34.3262    27.5926    1448.38    1448.38    -0.6383  1028.5014    34.4934 0.0000e+00
       8483 312.961972  -62.31114  -58.54732      0.880    1447.03    190.000    188.088    -0.6306    -0.6297     0.0009    -0.6365    -0.6356     0.0009   2.808412   2.808450   0.000046    34.3256    34.3251     7.2082    27.5920    27.5916    34.3258    27.5922    1448.40    1448.40    -0.6364  1028.5058    34.4931 0.0000e+00
       8517 312.961989  -62.31116 -9.990e-29      0.743    1447.03    191.000    189.078    -0.6301    -0.6292     0.0009    -0.6360    -0.6351     0.0009   2.808464   2.808477   0.000009    34.3253    34.3245     7.1988    27.5918    27.5911    34.3252    27.5917    1448.42    1448.42    -0.6359  1028.5117    34.4946 0.0000e+00
       8558 312.962008  -62.31117 -9.990e-29      0.584    1447.03    192.000    190.067    -0.6332    -0.6326     0.0005    -0.6391    -0.6386     0.0005   2.808270   2.808247  -0.000016    34.3253    34.3246     7.2097    27.5920    27.5913    34.3255    27.5920    1448.42    1448.42    -0.6390  1028.5169    34.4949 0.0000e+00
       8593 312.962026  -62.31118  -58.54728      0.655    1447.03    193.000    191.056    -0.6304    -0.6304     0.0000    -0.6364    -0.6364     0.0000   2.808543   2.808492  -0.000044    34.3254    34.3248     7.2079    27.5919    27.5914    34.3254    27.5919    1448.45    1448.45    -0.6362  1028.5209    34.4941 0.0000e+00
       8625 312.962041  -62.31118  -58.54728      0.736    1447.03    194.000    192.046    -0.6292    -0.6291     0.0002    -0.6352    -0.6351     0.0002   2.808686   2.808656  -0.000028    34.3251    34.3245     7.2007    27.5916    27.5911    34.3254    27.5918    1448.47    1448.47    -0.6351  1028.5245    34.4927 0.0000e+00
       8654 312.962055  -62.31119  -58.54727      0.813    1447.03    195.000    193.035    -0.6252    -0.6243     0.0009    -0.6312    -0.6304     0.0009   2.809037   2.809105   0.000055    34.3246    34.3244     7.2106    27.5911    27.5908    34.3249    27.5913    1448.51    1448.51    -0.6311  1028.5287    34.4922 0.0000e+00
