Pos-Processados/pos_process42/Dados/doperantar42_029.cnv
* Sea-Bird SBE 9 Data File:
* FileName = C:\Users\Hidrografia\Desktop\OPXLII\Brutos\OP42029.hdr
* Software Version Seasave V 7.26.7.107
* Temperature SN = 6502
* Conductivity SN = 4998
* Number of Bytes Per Scan = 37
* Number of Voltage Words = 4
* Number of Scans Averaged by the Deck Unit = 1
* NMEA Latitude = 62 08.30 S
* NMEA Longitude = 058 26.22 W
* NMEA UTC (Time) = Nov 09 2023 04:08:28
* NMEA baud rate = 4800
** H41
** NPOALTEMAXIMIANO
** NUMERO DA ESTACAO (XXX) 029
** LAT (XX XX.XX S/N) 62 08.530 S
** LONG (XXX XX.XX W/E) 058 26.937 W
** DATAHORA (dd/mm/aaaa hh:mm Z) 09/11/2023 0407Z
** PROFUNDIDADE (m) 424
** OPERADOR CT FILIPE LOPES
# nquan = 30
# nvalues = 362                         
# units = specified
# name 0 = scan: Scan Count
# name 1 = timeJ: Julian Days
# name 2 = latitude: Latitude [deg]
# name 3 = longitude: Longitude [deg]
# name 4 = dz/dtM: Descent Rate [m/s]
# name 5 = avgsvCM: Average Sound Velocity [Chen-Millero, m/s]
# name 6 = prDM: Pressure, Digiquartz [db]
# name 7 = depSM: Depth [salt water, m]
# name 8 = t090C: Temperature [ITS-90, deg C]
# name 9 = t190C: Temperature, 2 [ITS-90, deg C]
# name 10 = T2-T190C: Temperature Difference, 2 - 1 [ITS-90, deg C]
# name 11 = potemp090C: Potential Temperature [ITS-90, deg C]
# name 12 = potemp190C: Potential Temperature, 2 [ITS-90, deg C]
# name 13 = potemp90Cdiff: Potential Temperature, Diff, 2 - 1 [ITS-90, deg C]
# name 14 = c0S/m: Conductivity [S/m]
# name 15 = c1S/m: Conductivity, 2 [S/m]
# name 16 = C2-C1S/m: Conductivity Difference, 2 - 1 [S/m]
# name 17 = sal00: Salinity, Practical [PSU]
# name 18 = sal11: Salinity, Practical, 2 [PSU]
# name 19 = sbeox0ML/L: Oxygen, SBE 43 [ml/l]
# name 20 = sigma-é00: Density [sigma-theta, kg/m^3]
# name 21 = sigma-é11: Density, 2 [sigma-theta, kg/m^3]
# name 22 = sal00: Salinity, Practical [PSU]
# name 23 = sigma-é00: Density [sigma-theta, kg/m^3]
# name 24 = svCM: Sound Velocity [Chen-Millero, m/s]
# name 25 = svCM1: Sound Velocity, 2 [Chen-Millero, m/s]
# name 26 = gsw_ptA0: potential temperature [ITS-90, deg C]
# name 27 = gsw_densityA0: density, TEOS-10 [density, kg/m^3]
# name 28 = gsw_saA0: Absolute Salinity [g/kg]
# name 29 = flag:
# span 0 =       4429,      17100       
# span 1 = 313.174682, 313.180792       
# span 2 =  -62.13900,  -62.13865       
# span 3 =  -58.43516,  -58.42904       
# span 4 =      0.052,      0.892       
# span 5 =       0.00,    1447.91       
# span 6 =      3.000,    364.000       
# span 7 =      2.974,    360.190       
# span 8 =    -0.8189,    -0.5928       
# span 9 =    -0.8181,    -0.5915       
# span 10 =    -0.0108,     0.0068      
# span 11 =    -0.8248,    -0.5929      
# span 12 =    -0.8241,    -0.5916      
# span 13 =    -0.0107,     0.0068      
# span 14 =   2.791460,   2.819469      
# span 15 =   2.791459,   2.819452      
# span 16 =  -0.000712,   0.000352      
# span 17 =    34.2790,    34.3884      
# span 18 =    34.2790,    34.3873      
# span 19 =     6.8237,     7.6195      
# span 20 =    27.5524,    27.6440      
# span 21 =    27.5527,    27.6431      
# span 22 =    34.2792,    34.3886      
# span 23 =    27.5526,    27.6442      
# span 24 =    1445.47,    1451.22      
# span 25 =    1445.46,    1451.23      
# span 26 =    -0.8246,    -0.5929      
# span 27 =  1027.5727,  1029.3859      
# span 28 =    34.4445,    34.5564      
# span 29 = 0.0000e+00, 0.0000e+00      
# interval = decibars: 1                
# start_time = Nov 09 2023 04:08:28 [NMEA time, header]
# bad_flag = -9.990e-29
*END*
[from data line 97]
       7884 313.176348  -62.13874  -58.43359      0.814    1446.05    100.000     99.017    -0.6394    -0.6382     0.0012    -0.6424    -0.6412     0.0012   2.800496   2.800492   0.000003    34.2846    34.2833     7.5624    27.5591    27.5580    34.2844    27.5590    1446.84    1446.84    -0.6423  1028.0425    34.4507 0.0000e+00
       7913 313.176362  -62.13874  -58.43358      0.823    1446.05    101.000    100.007    -0.6368    -0.6367     0.0000    -0.6398    -0.6398     0.0000   2.800705   2.800652  -0.000065    34.2836    34.2827     7.5628    27.5582    27.5575    34.2836    27.5582    1446.87    1446.87    -0.6398  1028.0465    34.4499 0.0000e+00
       7943 313.176376  -62.13874  -58.43357      0.814    1446.05    102.000    100.997    -0.6389    -0.6372     0.0018    -0.6420    -0.6402     0.0018   2.800607   2.800653   0.000048    34.2844    34.2830     7.5599    27.5589    27.5577    34.2841    27.5587    1446.87    1446.88    -0.6419  1028.0518    34.4504 0.0000e+00
       7974 313.176391  -62.13874  -58.43356      0.789    1446.05    103.000    101.986    -0.6423    -0.6417     0.0006    -0.6454    -0.6448     0.0006   2.800410   2.800388  -0.000024    34.2849    34.2839     7.5603    27.5595    27.5587    34.2847    27.5593    1446.88    1446.88    -0.6453  1028.0572    34.4510 0.0000e+00
       8004 313.176406  -62.13874  -58.43353      0.789    1446.05    104.000    102.976    -0.6477    -0.6409     0.0068    -0.6508    -0.6441     0.0068   2.800046   2.800422   0.000352    34.2868    34.2839     7.5665    27.5613    27.5586    34.2852    27.5600    1446.87    1446.90    -0.6507  1028.0627    34.4516 0.0000e+00
       8033 313.176420  -62.13874  -58.43352      0.819    1446.05    105.000    103.966    -0.6707    -0.6694     0.0013    -0.6738    -0.6725     0.0013   2.798547   2.798477  -0.000049    34.2917    34.2896     7.5661    27.5662    27.5645    34.2904    27.5652    1446.78    1446.79    -0.6737  1028.0727    34.4568 0.0000e+00
       8061 313.176433  -62.13874  -58.43351      0.846    1446.05    106.000    104.956    -0.6743    -0.6732     0.0010    -0.6774    -0.6764     0.0010   2.798170   2.798173  -0.000010    34.2903    34.2890     7.5496    27.5653    27.5641    34.2888    27.5640    1446.78    1446.78    -0.6774  1028.0764    34.4551 0.0000e+00
       8090 313.176447  -62.13874  -58.43350      0.840    1446.05    107.000    105.946    -0.6770    -0.6760     0.0010    -0.6801    -0.6791     0.0010   2.798018   2.798014 -3.771e-07    34.2901    34.2890     7.5440    27.5652    27.5643    34.2892    27.5645    1446.79    1446.79    -0.6801  1028.0816    34.4556 0.0000e+00
       8120 313.176462  -62.13874  -58.43348      0.807    1446.05    108.000    106.936    -0.6767    -0.6758     0.0009    -0.6799    -0.6790     0.0009   2.798049   2.798073   0.000023    34.2895    34.2887     7.5402    27.5647    27.5640    34.2887    27.5640    1446.80    1446.80    -0.6798  1028.0860    34.4551 0.0000e+00
       8151 313.176477  -62.13874  -58.43346      0.780    1446.05    109.000    107.926    -0.6766    -0.6753     0.0012    -0.6798    -0.6786     0.0012   2.798104   2.798143   0.000037    34.2892    34.2883     7.5378    27.5645    27.5637    34.2886    27.5640    1446.82    1446.82    -0.6797  1028.0907    34.4550 0.0000e+00
       8182 313.176491  -62.13874  -58.43345      0.776    1446.05    110.000    108.916    -0.6766    -0.6758     0.0009    -0.6799    -0.6790     0.0009   2.798167   2.798163   0.000003    34.2894    34.2884     7.5226    27.5646    27.5638    34.2890    27.5643    1446.84    1446.84    -0.6798  1028.0958    34.4554 0.0000e+00
       8212 313.176506  -62.13874  -58.43342      0.781    1446.05    111.000    109.905    -0.6767    -0.6759     0.0008    -0.6800    -0.6792     0.0008   2.798199   2.798206   0.000008    34.2894    34.2886     7.5190    27.5646    27.5639    34.2888    27.5641    1446.85    1446.85    -0.6799  1028.1005    34.4552 0.0000e+00
       8244 313.176521  -62.13874  -58.43341      0.770    1446.05    112.000    110.895    -0.6799    -0.6791     0.0008    -0.6833    -0.6824     0.0008   2.798045   2.798043  -0.000006    34.2903    34.2894     7.5259    27.5655    27.5647    34.2898    27.5651    1446.85    1446.85    -0.6831  1028.1062    34.4562 0.0000e+00
       8275 313.176536  -62.13874  -58.43340      0.763    1446.05    113.000    111.885    -0.6804    -0.6795     0.0008    -0.6837    -0.6829     0.0008   2.798065   2.798061  -0.000003    34.2903    34.2894     7.5237    27.5655    27.5647    34.2900    27.5652    1446.87    1446.87    -0.6837  1028.1111    34.4564 0.0000e+00
       8305 313.176551  -62.13874  -58.43339      0.786    1446.05    114.000    112.875    -0.6863    -0.6848     0.0016    -0.6897    -0.6882     0.0015   2.797588   2.797634   0.000046    34.2919    34.2907     7.5313    27.5670    27.5660    34.2896    27.5652    1446.86    1446.86    -0.6896  1028.1160    34.4561 0.0000e+00
       8334 313.176565  -62.13874  -58.43338      0.822 -9.990e-29    115.000    113.865    -0.7131    -0.7121     0.0010    -0.7165    -0.7155     0.0010   2.795778   2.795622  -0.000155    34.2963    34.2931     7.5292    27.5718    27.5691    34.2949    27.5706    1446.75    1446.76    -0.7164  1028.1262    34.4614 0.0000e+00
       8362 313.176578  -62.13874  -58.43336      0.851 -9.990e-29    116.000    114.855    -0.7101    -0.7094     0.0008    -0.7135    -0.7128     0.0008   2.795931   2.795928   0.000003    34.2938    34.2930     7.5144    27.5696    27.5689    34.2930    27.5689    1446.78    1446.78    -0.7134  1028.1293    34.4595 0.0000e+00
       8391 313.176592  -62.13874  -58.43334      0.847 -9.990e-29    117.000    115.845    -0.7070    -0.7064     0.0006    -0.7105    -0.7099     0.0006   2.796260   2.796269   0.000004    34.2939    34.2933     7.5093    27.5695    27.5690    34.2933    27.5691    1446.81    1446.81    -0.7104  1028.1342    34.4598 0.0000e+00
       8420 313.176607  -62.13874  -58.43333      0.819    1446.32    118.000    116.835    -0.7068    -0.7062     0.0006    -0.7103    -0.7096     0.0006   2.796352   2.796338  -0.000007    34.2943    34.2935     7.4950    27.5698    27.5692    34.2936    27.5693    1446.83    1446.83    -0.7102  1028.1393    34.4602 0.0000e+00
       8450 313.176621  -62.13874  -58.43332      0.797    1446.32    119.000    117.824    -0.7099    -0.7093     0.0006    -0.7134    -0.7128     0.0006   2.796156   2.796133  -0.000031    34.2948    34.2937     7.4862    27.5704    27.5695    34.2940    27.5697    1446.83    1446.83    -0.7133  1028.1445    34.4605 0.0000e+00
       8481 313.176636  -62.13874  -58.43330      0.798    1446.32    120.000    118.814    -0.7099    -0.7084     0.0015    -0.7135    -0.7120     0.0015   2.796169   2.796246   0.000072    34.2939    34.2932     7.4790    27.5697    27.5690    34.2935    27.5693    1446.85    1446.85    -0.7134  1028.1489    34.4600 0.0000e+00
       8511 313.176650  -62.13874  -58.43328      0.791    1446.32    121.000    119.804    -0.7109    -0.7097     0.0013    -0.7145    -0.7132     0.0013   2.796149   2.796193   0.000043    34.2944    34.2935     7.4829    27.5701    27.5694    34.2938    27.5696    1446.86    1446.86    -0.7144  1028.1539    34.4603 0.0000e+00
       8541 313.176665  -62.13874  -58.43327      0.788    1446.32    122.000    120.794    -0.7149    -0.7139     0.0010    -0.7185    -0.7175     0.0010   2.795942   2.795942   0.000003    34.2954    34.2943     7.4858    27.5711    27.5702    34.2948    27.5706    1446.86    1446.86    -0.7184  1028.1598    34.4614 0.0000e+00
       8572 313.176680  -62.13874  -58.43326      0.788    1446.32    123.000    121.784    -0.7170    -0.7170    -0.0000    -0.7206    -0.7206    -0.0000   2.795795   2.795739  -0.000056    34.2955    34.2947     7.4819    27.5712    27.5706    34.2946    27.5705    1446.87    1446.86    -0.7205  1028.1645    34.4612 0.0000e+00
       8601 313.176694  -62.13874  -58.43324      0.814    1446.32    124.000    122.774    -0.7242    -0.7226     0.0016    -0.7278    -0.7263     0.0016   2.795337   2.795352   0.000013    34.2969    34.2953     7.4749    27.5727    27.5713    34.2959    27.5719    1446.85    1446.85    -0.7277  1028.1707    34.4625 0.0000e+00
       8630 313.176707  -62.13874  -58.43323      0.834    1446.32    125.000    123.763    -0.7263    -0.7269    -0.0006    -0.7300    -0.7306    -0.0006   2.795180   2.795034  -0.000107    34.2963    34.2955     7.4650    27.5723    27.5717    34.2957    27.5718    1446.86    1446.85    -0.7299  1028.1753    34.4623 0.0000e+00
       8658 313.176721  -62.13874  -58.43321      0.835    1446.32    126.000    124.753    -0.7333    -0.7340    -0.0007    -0.7370    -0.7377    -0.0007   2.794635   2.794510  -0.000153    34.2971    34.2958     7.4795    27.5732    27.5722    34.2956    27.5720    1446.84    1446.83    -0.7369  1028.1804    34.4622 0.0000e+00
       8687 313.176735  -62.13874  -58.43320      0.831    1446.32    127.000    125.743    -0.7383    -0.7374     0.0009    -0.7420    -0.7411     0.0009   2.794309   2.794300  -0.000017    34.2971    34.2958     7.4794    27.5734    27.5723    34.2962    27.5727    1446.83    1446.84    -0.7419  1028.1859    34.4628 0.0000e+00
       8717 313.176750  -62.13874  -58.43318      0.815    1446.32    128.000    126.733    -0.7382    -0.7375     0.0007    -0.7420    -0.7412     0.0007   2.794336   2.794332 5.1723e-07    34.2964    34.2956     7.4799    27.5729    27.5722    34.2958    27.5724    1446.85    1446.85    -0.7419  1028.1904    34.4625 0.0000e+00
       8747 313.176764  -62.13874  -58.43318      0.807    1446.32    129.000    127.722    -0.7382    -0.7377     0.0006    -0.7420    -0.7415     0.0006   2.794356   2.794363   0.000008    34.2961    34.2956     7.4879    27.5726    27.5722    34.2955    27.5722    1446.86    1446.87    -0.7419  1028.1949    34.4622 0.0000e+00
       8777 313.176779  -62.13874  -58.43316      0.794    1446.32    130.000    128.712    -0.7388    -0.7380     0.0008    -0.7427    -0.7418     0.0008   2.794368   2.794382   0.000012    34.2962    34.2955     7.4826    27.5728    27.5721    34.2958    27.5724    1446.88    1446.88    -0.7425  1028.1999    34.4624 0.0000e+00
       8807 313.176793  -62.13874  -58.43315      0.791    1446.32    131.000    129.702    -0.7394    -0.7381     0.0013    -0.7432    -0.7419     0.0013   2.794381   2.794416   0.000034    34.2964    34.2954     7.4799    27.5729    27.5721    34.2959    27.5726    1446.89    1446.90    -0.7431  1028.2049    34.4626 0.0000e+00
       8838 313.176808  -62.13874  -58.43312      0.793    1446.32    132.000    130.692    -0.7413    -0.7406     0.0007    -0.7452    -0.7445     0.0007   2.794287   2.794273  -0.000009    34.2967    34.2958     7.4751    27.5733    27.5725    34.2962    27.5729    1446.90    1446.90    -0.7451  1028.2100    34.4629 0.0000e+00
       8867 313.176822  -62.13874  -58.43312      0.806    1446.32    133.000    131.682    -0.7445    -0.7441     0.0004    -0.7485    -0.7480     0.0004   2.794068   2.794044  -0.000031    34.2970    34.2961     7.4691    27.5737    27.5729    34.2963    27.5731    1446.90    1446.90    -0.7483  1028.2150    34.4630 0.0000e+00
       8896 313.176836  -62.13874  -58.43310      0.821    1446.32    134.000    132.671    -0.7465    -0.7452     0.0012    -0.7504    -0.7492     0.0012   2.793964   2.793998   0.000035    34.2969    34.2960     7.4834    27.5736    27.5729    34.2965    27.5733    1446.91    1446.91    -0.7503  1028.2200    34.4632 0.0000e+00
       8925 313.176850  -62.13874  -58.43309      0.826    1446.32    135.000    133.661    -0.7476    -0.7467     0.0009    -0.7515    -0.7506     0.0009   2.793924   2.793940   0.000014    34.2970    34.2961     7.4900    27.5737    27.5730    34.2966    27.5734    1446.92    1446.92    -0.7514  1028.2249    34.4633 0.0000e+00
       8953 313.176863  -62.13874  -58.43307      0.855    1446.32    136.000    134.651    -0.7489    -0.7474     0.0016    -0.7529    -0.7514     0.0016   2.793862   2.793917   0.000064    34.2971    34.2962     7.4930    27.5739    27.5731    34.2967    27.5736    1446.93    1446.94    -0.7528  1028.2298    34.4634 0.0000e+00
       8981 313.176877  -62.13874  -58.43306      0.869    1446.32    137.000    135.640    -0.7490    -0.7484     0.0005    -0.7530    -0.7524     0.0005   2.793890   2.793885  -0.000011    34.2966    34.2959     7.4887    27.5736    27.5729    34.2964    27.5734    1446.95    1446.95    -0.7529  1028.2344    34.4632 0.0000e+00
       9008 313.176890  -62.13874  -58.43304      0.864    1446.32    138.000    136.630    -0.7479    -0.7467     0.0012    -0.7519    -0.7507     0.0012   2.794008   2.794057   0.000039    34.2965    34.2957     7.4823    27.5734    27.5727    34.2962    27.5731    1446.97    1446.97    -0.7518  1028.2390    34.4629 0.0000e+00
       9036 313.176904  -62.13874  -58.43304      0.865    1446.32    139.000    137.620    -0.7510    -0.7496     0.0014    -0.7551    -0.7537     0.0014   2.793802   2.793841   0.000029    34.2971    34.2960     7.4830    27.5740    27.5730    34.2964    27.5734    1446.97    1446.97    -0.7550  1028.2440    34.4631 0.0000e+00
       9063 313.176917  -62.13874  -58.43302      0.876    1446.32    140.000    138.610    -0.7627    -0.7596     0.0031    -0.7668    -0.7637     0.0031   2.792953   2.793061   0.000115    34.2985    34.2965     7.4817    27.5756    27.5739    34.2975    27.5748    1446.93    1446.94    -0.7667  1028.2503    34.4643 0.0000e+00
       9091 313.176930  -62.13874  -58.43301      0.877    1446.32    141.000    139.599    -0.7632    -0.7610     0.0022    -0.7673    -0.7651     0.0022   2.792886   2.792978   0.000087    34.2972    34.2959     7.4662    27.5745    27.5734    34.2965    27.5740    1446.94    1446.95    -0.7672  1028.2543    34.4633 0.0000e+00
       9120 313.176944  -62.13874  -58.43299      0.849    1446.32    142.000    140.589    -0.7624    -0.7617     0.0008    -0.7666    -0.7658     0.0008   2.792988   2.792971  -0.000008    34.2968    34.2958     7.4705    27.5742    27.5734    34.2965    27.5740    1446.96    1446.96    -0.7665  1028.2590    34.4632 0.0000e+00
       9150 313.176959  -62.13874  -58.43298      0.798    1446.32    143.000    141.579    -0.7626    -0.7619     0.0007    -0.7668    -0.7660     0.0007   2.793023   2.792995  -0.000025    34.2969    34.2957     7.4857    27.5743    27.5733    34.2965    27.5740    1446.98    1446.98    -0.7667  1028.2638    34.4633 0.0000e+00
       9181 313.176973  -62.13874  -58.43296      0.782    1446.32    144.000    142.569    -0.7623    -0.7619     0.0004    -0.7666    -0.7661     0.0004   2.793065   2.793029  -0.000031    34.2964    34.2955     7.5054    27.5739    27.5731    34.2961    27.5737    1447.00    1447.00    -0.7664  1028.2683    34.4629 0.0000e+00
       9210 313.176987  -62.13874  -58.43295      0.808    1446.32    145.000    143.558    -0.7646    -0.7633     0.0013    -0.7688    -0.7675     0.0013   2.792938   2.792976   0.000038    34.2968    34.2958     7.4948    27.5743    27.5734    34.2964    27.5740    1447.00    1447.01    -0.7687  1028.2734    34.4632 0.0000e+00
       9239 313.177001  -62.13874  -58.43294      0.834    1446.32    146.000    144.548    -0.7645    -0.7623     0.0022    -0.7688    -0.7665     0.0022   2.792985   2.793082   0.000095    34.2966    34.2953     7.4926    27.5741    27.5730    34.2962    27.5739    1447.02    1447.03    -0.7687  1028.2781    34.4631 0.0000e+00
       9267 313.177015  -62.13874  -58.43292      0.844    1446.32    147.000    145.538    -0.7660    -0.7659     0.0001    -0.7703    -0.7702     0.0001   2.792906   2.792861  -0.000042    34.2966    34.2959     7.4895    27.5742    27.5737    34.2962    27.5739    1447.03    1447.03    -0.7702  1028.2829    34.4631 0.0000e+00
