Pos-Processados/pos_process42/Dados/doperantar42_028.cnv
* Sea-Bird SBE 9 Data File:
* FileName = C:\Users\Hidrografia\Desktop\OPXLII\Brutos\OP42028.hdr
* Software Version Seasave V 7.26.7.107
* Temperature SN = 6502
* Conductivity SN = 4998
* Number of Bytes Per Scan = 37
* Number of Voltage Words = 4
* Number of Scans Averaged by the Deck Unit = 1
* NMEA Latitude = 62 18.54 S
* NMEA Longitude = 058 32.92 W
* NMEA UTC (Time) = Nov 08 2023 22:59:21
* NMEA baud rate = 4800
** H41
** NPOALTEMAXIMIANO
** NUMERO DA ESTACAO (XXX) 028
** LAT (XX XX.XX S/N) 62 18.530 S
** LONG (XXX XX.XX W/E) 058 32.937 W
** DATAHORA (dd/mm/aaaa hh:mm Z) 08/11/2023 2258Z
** PROFUNDIDADE (m) 339
** OPERADOR CT FABIREZA
# nquan = 30
# nvalues = 373                         
# units = specified
# name 0 = scan: Scan Count
# name 1 = timeJ: Julian Days
# name 2 = latitude: Latitude [deg]
# name 3 = longitude: Longitude [deg]
# name 4 = dz/dtM: Descent Rate [m/s]
# name 5 = avgsvCM: Average Sound Velocity [Chen-Millero, m/s]
# name 6 = prDM: Pressure, Digiquartz [db]
# name 7 = depSM: Depth [salt water, m]
# name 8 = t090C: Temperature [ITS-90, deg C]
# name 9 = t190C: Temperature, 2 [ITS-90, deg C]
# name 10 = T2-T190C: Temperature Difference, 2 - 1 [ITS-90, deg C]
# name 11 = potemp090C: Potential Temperature [ITS-90, deg C]
# name 12 = potemp190C: Potential Temperature, 2 [ITS-90, deg C]
# name 13 = potemp90Cdiff: Potential Temperature, Diff, 2 - 1 [ITS-90, deg C]
# name 14 = c0S/m: Conductivity [S/m]
# name 15 = c1S/m: Conductivity, 2 [S/m]
# name 16 = C2-C1S/m: Conductivity Difference, 2 - 1 [S/m]
# name 17 = sal00: Salinity, Practical [PSU]
# name 18 = sal11: Salinity, Practical, 2 [PSU]
# name 19 = sbeox0ML/L: Oxygen, SBE 43 [ml/l]
# name 20 = sigma-é00: Density [sigma-theta, kg/m^3]
# name 21 = sigma-é11: Density, 2 [sigma-theta, kg/m^3]
# name 22 = sal00: Salinity, Practical [PSU]
# name 23 = sigma-é00: Density [sigma-theta, kg/m^3]
# name 24 = svCM: Sound Velocity [Chen-Millero, m/s]
# name 25 = svCM1: Sound Velocity, 2 [Chen-Millero, m/s]
# name 26 = gsw_ptA0: potential temperature [ITS-90, deg C]
# name 27 = gsw_densityA0: density, TEOS-10 [density, kg/m^3]
# name 28 = gsw_saA0: Absolute Salinity [g/kg]
# name 29 = flag:
# span 0 =       2738,      15983       
# span 1 = 312.959202, 312.965589       
# span 2 =  -62.31298,  -62.30974       
# span 3 =  -58.54835,  -58.54602       
# span 4 =      0.079,      0.985       
# span 5 =       0.00,    1448.73       
# span 6 =      3.000,    375.000       
# span 7 =      2.972,    371.045       
# span 8 =    -0.6359,     0.0331       
# span 9 =    -0.6353,     0.0310       
# span 10 =    -0.0362,     0.0526      
# span 11 =    -0.6414,     0.0188      
# span 12 =    -0.6406,     0.0165      
# span 13 =    -0.0361,     0.0524      
# span 14 =   2.804129,   2.883344      
# span 15 =   2.804082,   2.883052      
# span 16 =  -0.003401,   0.004494      
# span 17 =    34.2964,    34.4642      
# span 18 =    34.2951,    34.4640      
# span 19 =     5.9105,     7.5105      
# span 20 =    27.5637,    27.6751      
# span 21 =    27.5627,    27.6727      
# span 22 =    34.2964,    34.4660      
# span 23 =    27.5637,    27.6742      
# span 24 =    1445.80,    1454.67      
# span 25 =    1445.80,    1454.67      
# span 26 =    -0.6413,     0.0189      
# span 27 =  1027.5802,  1029.4545      
# span 28 =    34.4589,    34.6337      
# span 29 = 0.0000e+00, 0.0000e+00      
# interval = decibars: 1                
# start_time = Nov 08 2023 22:59:21 [NMEA time, header]
# bad_flag = -9.990e-29
*END*
[from data line 242]
      10203 312.962802  -62.31158  -58.54698      0.903    1447.37    245.000    242.503    -0.6295    -0.6292     0.0003    -0.6372    -0.6369     0.0003   2.811486   2.811436  -0.000048    34.3320    34.3310     7.2937    27.5973    27.5964    34.3322    27.5974    1449.31    1449.31    -0.6370  1028.7718    34.4980 0.0000e+00
      10237 312.962818  -62.31158  -58.54698      0.756    1447.37    246.000    243.491    -0.6289    -0.6282     0.0006    -0.6366    -0.6360     0.0006   2.811581   2.811564  -0.000018    34.3322    34.3313     7.2900    27.5974    27.5966    34.3321    27.5973    1449.33    1449.33    -0.6365  1028.7779    34.4997 0.0000e+00
      10273 312.962836  -62.31159  -58.54697      0.649    1447.37    247.000    244.481    -0.6282    -0.6277     0.0006    -0.6360    -0.6354     0.0006   2.811701   2.811685  -0.000018    34.3322    34.3313     7.2871    27.5974    27.5966    34.3324    27.5975    1449.35    1449.35    -0.6358  1028.7828    34.5000 0.0000e+00
      10306 312.962852  -62.31160  -58.54696      0.713    1447.37    248.000    245.470    -0.6268    -0.6245     0.0023    -0.6346    -0.6323     0.0023   2.811880   2.812028   0.000142    34.3326    34.3319     7.2931    27.5977    27.5970    34.3326    27.5977    1449.37    1449.38    -0.6344  1028.7843    34.4959 0.0000e+00
      10338 312.962867 -9.990e-29  -58.54696      0.751    1447.37    249.000    246.459    -0.6299    -0.6294     0.0005    -0.6377    -0.6372     0.0005   2.811644   2.811603  -0.000039    34.3323    34.3312     7.2974    27.5975    27.5966    34.3323    27.5975    1449.37    1449.37    -0.6375  1028.7878    34.4941 0.0000e+00
      10370 312.962883 -9.990e-29  -58.54695      0.743    1447.37    250.000    247.448    -0.6296    -0.6290     0.0006    -0.6374    -0.6369     0.0006   2.811689   2.811680  -0.000021    34.3320    34.3310     7.2875    27.5973    27.5965    34.3319    27.5972    1449.39    1449.39    -0.6373  1028.7923    34.4938 0.0000e+00
      10401 312.962897  -62.31162  -58.54694      0.772    1447.37    251.000    248.438    -0.6288    -0.6275     0.0013    -0.6367    -0.6354     0.0013   2.811844   2.811860   0.000027    34.3323    34.3312     7.2891    27.5975    27.5966    34.3325    27.5977    1449.41    1449.42    -0.6365  1028.8003    34.4979 0.0000e+00
      10429 312.962911  -62.31164  -58.54694      0.827    1447.37    252.000    249.427    -0.6267    -0.6262     0.0006    -0.6347    -0.6341     0.0006   2.812075   2.812062  -0.000020    34.3325    34.3316     7.2943    27.5976    27.5968    34.3327    27.5977    1449.44    1449.44    -0.6345  1028.8068    34.5003 0.0000e+00
      10456 312.962924  -62.31164  -58.54693      0.878    1447.37    253.000    250.416    -0.6262    -0.6258     0.0004    -0.6341    -0.6338     0.0004   2.812195   2.812151  -0.000030    34.3326    34.3317     7.2989    27.5976    27.5969    34.3330    27.5980    1449.46    1449.46    -0.6340  1028.8119    34.5006 0.0000e+00
      10483 312.962937  -62.31164  -58.54692      0.896    1447.37    254.000    251.405    -0.6209    -0.6206     0.0003    -0.6289    -0.6286     0.0003   2.812728   2.812708  -0.000024    34.3331    34.3325     7.2936    27.5978    27.5973    34.3337    27.5982    1449.50    1449.50    -0.6287  1028.8168    34.5013 0.0000e+00
      10513 312.962951  -62.31165  -58.54692      0.826    1447.37    255.000    252.394    -0.6205    -0.6195     0.0010    -0.6285    -0.6275     0.0010   2.812862   2.812870   0.000011    34.3341    34.3332     7.2961    27.5986    27.5978    34.3344    27.5988    1449.52    1449.52    -0.6284  1028.8221    34.5020 0.0000e+00
      10543 312.962966  -62.31166  -58.54692      0.793    1447.37    256.000    253.384    -0.6205    -0.6198     0.0007    -0.6286    -0.6278     0.0007   2.812914   2.812892  -0.000025    34.3342    34.3331     7.2946    27.5987    27.5977    34.3345    27.5989    1449.53    1449.54    -0.6284  1028.8270    34.5021 0.0000e+00
      10573 312.962980  -62.31167  -58.54691      0.813    1447.37    257.000    254.373    -0.6204    -0.6196     0.0007    -0.6285    -0.6278     0.0007   2.812966   2.812945  -0.000019    34.3342    34.3331     7.2878    27.5986    27.5977    34.3344    27.5989    1449.55    1449.55    -0.6283  1028.8317    34.5020 0.0000e+00
      10606 312.962996  -62.31168  -58.54690      0.745    1447.37    258.000    255.362    -0.6200    -0.6194     0.0006    -0.6282    -0.6276     0.0006   2.813030   2.813008  -0.000021    34.3342    34.3332     7.2865    27.5986    27.5978    34.3343    27.5987    1449.57    1449.57    -0.6280  1028.8364    34.5019 0.0000e+00
      10640 312.963013  -62.31168  -58.54690      0.691    1447.37    259.000    256.351    -0.6201    -0.6195     0.0007    -0.6283    -0.6277     0.0007   2.813092   2.813065  -0.000028    34.3344    34.3333     7.2948    27.5988    27.5979    34.3346    27.5990    1449.59    1449.59    -0.6281  1028.8414    34.5022 0.0000e+00
      10671 312.963028  -62.31170  -58.54690      0.757    1447.37    260.000    257.340    -0.6199    -0.6191     0.0008    -0.6281    -0.6273     0.0008   2.813149   2.813136  -0.000013    34.3345    34.3335     7.2935    27.5989    27.5980    34.3345    27.5989    1449.60    1449.61    -0.6279  1028.8461    34.5021 0.0000e+00
      10701 312.963042  -62.31170  -58.54690      0.792    1447.37    261.000    258.329    -0.6194    -0.6188     0.0006    -0.6277    -0.6271     0.0006   2.813256   2.813226  -0.000035    34.3346    34.3335     7.2893    27.5990    27.5980    34.3348    27.5991    1449.62    1449.62    -0.6275  1028.8511    34.5025 0.0000e+00
      10731 312.963056  -62.31170  -58.54688      0.809    1447.55    262.000    259.319    -0.6187    -0.6180     0.0007    -0.6270    -0.6263     0.0007   2.813381   2.813359  -0.000021    34.3349    34.3338     7.2978    27.5992    27.5983    34.3351    27.5993    1449.64    1449.64    -0.6268  1028.8560    34.5028 0.0000e+00
      10759 312.963070  -62.31172  -58.54688      0.831    1447.73    263.000    260.308    -0.6181    -0.6176     0.0006    -0.6265    -0.6259     0.0006   2.813481   2.813456  -0.000025    34.3351    34.3341     7.2961    27.5993    27.5985    34.3352    27.5994    1449.66    1449.66    -0.6263  1028.8608    34.5028 0.0000e+00
      10789 312.963084  -62.31172  -58.54686      0.824    1447.73    264.000    261.297    -0.6188    -0.6178     0.0009    -0.6271    -0.6262     0.0009   2.813470   2.813466  -0.000004    34.3351    34.3340     7.2922    27.5994    27.5984    34.3352    27.5994    1449.67    1449.68    -0.6270  1028.8647    34.5017 0.0000e+00
      10818 312.963099 -9.990e-29  -58.54686      0.815    1447.73    265.000    262.286    -0.6187    -0.6186     0.0001    -0.6271    -0.6270     0.0001   2.813520   2.813430  -0.000085    34.3349    34.3336     7.2881    27.5992    27.5981    34.3351    27.5993    1449.69    1449.69    -0.6269  1028.8657    34.4970 0.0000e+00
      10846 312.963112 -9.990e-29  -58.54686      0.838    1447.73    266.000    263.275    -0.6178    -0.6172     0.0006    -0.6263    -0.6256     0.0006   2.813663   2.813632  -0.000030    34.3352    34.3341     7.2835    27.5994    27.5985    34.3354    27.5996    1449.71    1449.71    -0.6261  1028.8707    34.4973 0.0000e+00
      10875 312.963126 -9.990e-29  -58.54686      0.855    1447.73    267.000    264.264    -0.6173    -0.6166     0.0008    -0.6258    -0.6251     0.0008   2.813747   2.813741  -0.000006    34.3353    34.3343     7.2824    27.5994    27.5986    34.3354    27.5995    1449.73    1449.73    -0.6256  1028.8754    34.4973 0.0000e+00
      10903 312.963140  -62.31174  -58.54686      0.840    1447.73    268.000    265.254    -0.6155    -0.6153     0.0003    -0.6241    -0.6238     0.0003   2.813999   2.813945  -0.000049    34.3357    34.3348     7.2882    27.5997    27.5989    34.3362    27.6001    1449.75    1449.76    -0.6238  1028.8839    34.5021 0.0000e+00
      10929 312.963152  -62.31176  -58.54684      0.878    1447.73    269.000    266.242    -0.6140    -0.6135     0.0005    -0.6225    -0.6220     0.0005   2.814269   2.814207  -0.000074    34.3370    34.3355     7.2861    27.6007    27.5994    34.3374    27.6010    1449.78    1449.78    -0.6224  1028.8910    34.5051 0.0000e+00
      10954 312.963164  -62.31176  -58.54684      0.947    1447.73    270.000    267.231    -0.6028    -0.6025     0.0003    -0.6114    -0.6111     0.0003   2.815384   2.815429   0.000077    34.3373    34.3381     7.2797    27.6005    27.6010    34.3391    27.6019    1449.85    1449.85    -0.6112  1028.8965    34.5068 0.0000e+00
      10986 312.963179  -62.31177  -58.54684      0.839    1447.73    271.000    268.221    -0.5921    -0.5932    -0.0011    -0.6008    -0.6019    -0.0011   2.816508   2.816544  -0.000011    34.3410    34.3421     7.2816    27.6030    27.6039    34.3416    27.6034    1449.92    1449.92    -0.6006  1028.9027    34.5093 0.0000e+00
      11023 312.963197  -62.31178  -58.54682      0.627    1447.73    272.000    269.209    -0.6008    -0.6007     0.0002    -0.6095    -0.6094     0.0002   2.815780   2.815755   0.000020    34.3407    34.3408     7.2725    27.6031    27.6032    34.3411    27.6034    1449.90    1449.90    -0.6093  1028.9075    34.5088 0.0000e+00
      11051 312.963211  -62.31178  -58.54682      0.784    1447.73    273.000    270.199    -0.6013    -0.6024    -0.0012    -0.6100    -0.6112    -0.0012   2.815763   2.815648  -0.000120    34.3406    34.3403     7.2443    27.6030    27.6028    34.3407    27.6032    1449.91    1449.90    -0.6098  1028.9121    34.5085 0.0000e+00
      11079 312.963224  -62.31180  -58.54682      0.883    1447.73    274.000    271.188    -0.5990    -0.5990     0.0000    -0.6078    -0.6078     0.0000   2.816129   2.816095  -0.000037    34.3415    34.3409     7.2286    27.6036    27.6032    34.3425    27.6045    1449.94    1449.94    -0.6076  1028.9181    34.5102 0.0000e+00
      11114 312.963241  -62.31180  -58.54682      0.709    1447.73    275.000    272.177    -0.5926    -0.5916     0.0010    -0.6014    -0.6005     0.0010   2.816875   2.816929   0.000047    34.3439    34.3434     7.2365    27.6054    27.6049    34.3447    27.6060    1449.99    1449.99    -0.6012  1028.9243    34.5124 0.0000e+00
      11147 312.963257  -62.31180  -58.54680      0.702    1447.73    276.000    273.166    -0.5901    -0.5890     0.0011    -0.5990    -0.5979     0.0011   2.817243   2.817270   0.000031    34.3455    34.3446     7.2420    27.6065    27.6058    34.3461    27.6070    1450.02    1450.02    -0.5988  1028.9301    34.5139 0.0000e+00
      11176 312.963271  -62.31182  -58.54680      0.799    1447.73    277.000    274.155    -0.5873    -0.5871     0.0002    -0.5962    -0.5960     0.0002   2.817596   2.817541  -0.000058    34.3463    34.3454     7.2352    27.6071    27.6063    34.3471    27.6077    1450.05    1450.05    -0.5960  1028.9355    34.5149 0.0000e+00
      11205 312.963285  -62.31182  -58.54680      0.828    1447.73    278.000    275.144    -0.5864    -0.5850     0.0014    -0.5953    -0.5940     0.0014   2.817740   2.817799   0.000061    34.3471    34.3464     7.2215    27.6077    27.6070    34.3475    27.6080    1450.07    1450.07    -0.5952  1028.9405    34.5152 0.0000e+00
      11231 312.963298  -62.31182  -58.54680      0.871    1447.73    279.000    276.133    -0.5889    -0.5875     0.0014    -0.5979    -0.5965     0.0014   2.817524   2.817587   0.000044    34.3469    34.3458     7.2105    27.6076    27.6067    34.3468    27.6075    1450.07    1450.08    -0.5977  1028.9448    34.5145 0.0000e+00
      11256 312.963310  -62.31183  -58.54679      0.943    1447.73    280.000    277.122    -0.5897    -0.5890     0.0007    -0.5987    -0.5980     0.0007   2.817513   2.817464  -0.000032    34.3463    34.3451     7.2046    27.6072    27.6062    34.3469    27.6076    1450.09    1450.09    -0.5985  1028.9497    34.5146 0.0000e+00
      11284 312.963323  -62.31184  -58.54678      0.924    1447.73    281.000    278.111    -0.5860    -0.5852     0.0008    -0.5950    -0.5943     0.0008   2.817915   2.817922   0.000007    34.3470    34.3462     7.1989    27.6075    27.6069    34.3475    27.6080    1450.12    1450.12    -0.5949  1028.9548    34.5153 0.0000e+00
      11320 312.963341  -62.31185  -58.54677      0.693    1447.73    282.000    279.099    -0.5852    -0.5846     0.0006    -0.5942    -0.5937     0.0006   2.818052   2.818028  -0.000023    34.3476    34.3466     7.2065    27.6080    27.6072    34.3478    27.6082    1450.14    1450.14    -0.5941  1028.9597    34.5156 0.0000e+00
      11369 312.963364  -62.31186  -58.54676      0.491    1447.73    283.000    280.090    -0.5847    -0.5842     0.0005    -0.5938    -0.5933     0.0005   2.818150   2.818121  -0.000026    34.3475    34.3466     7.1963    27.6079    27.6072    34.3479    27.6083    1450.16    1450.16    -0.5936  1028.9646    34.5157 0.0000e+00
      11418 312.963388  -62.31188  -58.54676      0.494    1447.73    284.000    281.077    -0.5815    -0.5811     0.0004    -0.5907    -0.5902     0.0004   2.818552   2.818518  -0.000039    34.3489    34.3478     7.1953    27.6089    27.6080    34.3492    27.6091    1450.19    1450.19    -0.5905  1028.9658    34.5115 0.0000e+00
      11468 312.963412 -9.990e-29  -58.54674      0.474    1447.73    285.000    282.069    -0.5813    -0.5806     0.0007    -0.5905    -0.5897     0.0007   2.818635   2.818617  -0.000019    34.3492    34.3481     7.1917    27.6091    27.6082    34.3494    27.6093    1450.21    1450.21    -0.5903  1028.9704    34.5114 0.0000e+00
      11516 312.963435  -62.31190  -58.54674      0.504    1447.73    286.000    283.054    -0.5803    -0.5796     0.0007    -0.5896    -0.5889     0.0007   2.818794   2.818777  -0.000017    34.3495    34.3485     7.1855    27.6094    27.6085    34.3499    27.6096    1450.23    1450.23    -0.5893  1028.9799    34.5173 0.0000e+00
      11563 312.963458  -62.31191  -58.54674      0.507    1447.73    287.000    284.046    -0.5789    -0.5781     0.0008    -0.5882    -0.5874     0.0008   2.818980   2.818973  -0.000004    34.3499    34.3490     7.1778    27.6096    27.6088    34.3502    27.6098    1450.26    1450.26    -0.5880  1028.9851    34.5180 0.0000e+00
      11625 312.963488  -62.31192  -58.54672      0.371    1447.73    288.000    285.034    -0.5768    -0.5766     0.0003    -0.5861    -0.5859     0.0003   2.819266   2.819192  -0.000077    34.3508    34.3495     7.1815    27.6103    27.6092    34.3510    27.6104    1450.28    1450.28    -0.5859  1028.9904    34.5188 0.0000e+00
      11687 312.963517  -62.31194  -58.54672      0.395    1447.73    289.000    286.020    -0.5780    -0.5771     0.0008    -0.5873    -0.5865     0.0008   2.819183   2.819174  -0.000008    34.3505    34.3494     7.1731    27.6101    27.6092    34.3506    27.6101    1450.29    1450.29    -0.5871  1028.9949    34.5184 0.0000e+00
      11765 312.963555  -62.31196  -58.54670      0.288    1447.73    290.000    287.015    -0.5777    -0.5769     0.0008    -0.5870    -0.5863     0.0008   2.819268   2.819260  -0.000009    34.3507    34.3497     7.1648    27.6102    27.6094    34.3508    27.6103    1450.31    1450.31    -0.5869  1028.9998    34.5186 0.0000e+00
      11816 312.963580  -62.31197  -58.54670      0.466    1447.73    291.000    288.000    -0.5774    -0.5765     0.0009    -0.5868    -0.5859     0.0009   2.819353   2.819374   0.000020    34.3509    34.3502     7.1681    27.6104    27.6097    34.3510    27.6104    1450.33    1450.33    -0.5866  1029.0047    34.5188 0.0000e+00
      11870 312.963606  -62.31198  -58.54668      0.438    1447.73    292.000    288.993    -0.5755    -0.5745     0.0010    -0.5850    -0.5839     0.0010   2.819679   2.819705   0.000026    34.3523    34.3515     7.1753    27.6114    27.6107    34.3527    27.6117    1450.36    1450.36    -0.5848  1029.0108    34.5205 0.0000e+00
