Pos-Processados/pos_process42/Dados/doperantar42_013.cnv
* Sea-Bird SBE 9 Data File:
* FileName = C:\Users\Hidrografia\Desktop\OPXLII\Brutos\OP42013.hdr
* Software Version Seasave V 7.26.7.107
* Temperature SN = 6502
* Conductivity SN = 4998
* Number of Bytes Per Scan = 31
* Number of Voltage Words = 2
* Number of Scans Averaged by the Deck Unit = 1
* NMEA Latitude = 46 24.51 S
* NMEA Longitude = 055 54.95 W
* NMEA UTC (Time) = Oct 19 2023 23:00:40
* NMEA baud rate = 4800
** H41
** NPOALTEMAXIMIANO
** NUMERO DA ESTACAO (XXX) 013
** LAT (XX XX.XX S/N) 46 24.500 S
** LONG (XXX XX.XX W/E) 055 54.972 W
** DATAHORA (dd/mm/aaaa hh:mm Z) 19/10/2023 2300Z
** PROFUNDIDADE (m) 5329
** OPERADOR CT FABIREZA
# nquan = 30
# nvalues = 1008                        
# units = specified
# name 0 = scan: Scan Count
# name 1 = timeJ: Julian Days
# name 2 = latitude: Latitude [deg]
# name 3 = longitude: Longitude [deg]
# name 4 = dz/dtM: Descent Rate [m/s]
# name 5 = avgsvCM: Average Sound Velocity [Chen-Millero, m/s]
# name 6 = prDM: Pressure, Digiquartz [db]
# name 7 = depSM: Depth [salt water, m]
# name 8 = t090C: Temperature [ITS-90, deg C]
# name 9 = t190C: Temperature, 2 [ITS-90, deg C]
# name 10 = T2-T190C: Temperature Difference, 2 - 1 [ITS-90, deg C]
# name 11 = potemp090C: Potential Temperature [ITS-90, deg C]
# name 12 = potemp190C: Potential Temperature, 2 [ITS-90, deg C]
# name 13 = potemp90Cdiff: Potential Temperature, Diff, 2 - 1 [ITS-90, deg C]
# name 14 = c0S/m: Conductivity [S/m]
# name 15 = c1S/m: Conductivity, 2 [S/m]
# name 16 = C2-C1S/m: Conductivity Difference, 2 - 1 [S/m]
# name 17 = sal00: Salinity, Practical [PSU]
# name 18 = sal11: Salinity, Practical, 2 [PSU]
# name 19 = sbeox0ML/L: Oxygen, SBE 43 [ml/l]
# name 20 = sigma-é00: Density [sigma-theta, kg/m^3]
# name 21 = sigma-é11: Density, 2 [sigma-theta, kg/m^3]
# name 22 = sal00: Salinity, Practical [PSU]
# name 23 = sigma-é00: Density [sigma-theta, kg/m^3]
# name 24 = svCM: Sound Velocity [Chen-Millero, m/s]
# name 25 = svCM1: Sound Velocity, 2 [Chen-Millero, m/s]
# name 26 = gsw_ptA0: potential temperature [ITS-90, deg C]
# name 27 = gsw_densityA0: density, TEOS-10 [density, kg/m^3]
# name 28 = gsw_saA0: Absolute Salinity [g/kg]
# name 29 = flag:
# span 0 =       2328,      31477       
# span 1 = 292.959918, 292.973976       
# span 2 =  -46.41467,  -46.40909       
# span 3 =  -55.91560,  -55.91324       
# span 4 =      0.095,      1.381       
# span 5 =       0.00,    1483.34       
# span 6 =      5.000,   1012.000       
# span 7 =      4.968,   1001.203       
# span 8 =     2.3873,     6.0159       
# span 9 =     2.3883,     6.0163       
# span 10 =    -0.0096,     0.0264      
# span 11 =     2.3233,     6.0154      
# span 12 =     2.3242,     6.0159      
# span 13 =    -0.0096,     0.0264      
# span 14 =   3.080515,   3.349554      
# span 15 =   3.080564,   3.349552      
# span 16 =  -0.001282,   0.002725      
# span 17 =    33.9966,    34.5848      
# span 18 =    33.9973,    34.5842      
# span 19 =     3.7734,     8.1594      
# span 20 =    26.7598,    27.6128      
# span 21 =    26.7596,    27.6122      
# span 22 =    33.9850,    34.5847      
# span 23 =    26.7595,    27.6127      
# span 24 =    1463.30,    1475.87      
# span 25 =    1463.30,    1475.87      
# span 26 =     2.3232,     6.0155      
# span 27 =  1026.7841,  1032.3176      
# span 28 =    34.1455,    34.7524      
# span 29 = 0.0000e+00, 0.0000e+00      
# interval = decibars: 1                
# start_time = Oct 19 2023 23:00:40 [NMEA time, header]
# bad_flag = -9.990e-29
*END*
       2328 292.959918  -46.40909  -55.91560      0.095       0.00      5.000      4.968     6.0159     6.0163     0.0004     6.0154     6.0159     0.0004   3.349554   3.349552   0.000003    33.9994    33.9991     7.6387    26.7601    26.7597    33.9987    26.7595    1473.63    1473.62     6.0155  1026.7841    34.1597 0.0000e+00
       2588 292.960044  -46.40914  -55.91560      0.338       0.00      6.000      5.950     6.0093     6.0101     0.0008     6.0088     6.0096     0.0008   3.348944   3.349023   0.000079    33.9980    33.9981     7.6404    26.7598    26.7597    33.9980    26.7597    1473.61    1473.62     6.0088  1026.7894    34.1594 0.0000e+00
       2637 292.960067  -46.40916  -55.91559      0.343       0.00      7.000      6.941     6.0096     6.0103     0.0007     6.0091     6.0097     0.0007   3.349044   3.349079   0.000038    33.9983    33.9980     7.6420    26.7599    26.7597    33.9982    26.7599    1473.63    1473.64     6.0091  1026.7935    34.1589 0.0000e+00
       2711 292.960103  -46.40916  -55.91558      0.381       0.00      8.000      7.932     6.0091     6.0100     0.0009     6.0085     6.0094     0.0009   3.349048   3.349100   0.000053    33.9983    33.9980     7.6409    26.7601    26.7597    33.9983    26.7600    1473.65    1473.65     6.0084  1026.7982    34.1589 0.0000e+00
       2794 292.960143  -46.40918  -55.91557      0.249 3.9027e-16      9.000      8.927     6.0093     6.0101     0.0008     6.0086     6.0094     0.0008   3.349101   3.349147   0.000047    33.9982    33.9979     7.6540    26.7599    26.7596    33.9982    26.7599    1473.66    1473.67     6.0086  1026.8027    34.1588 0.0000e+00
       2877 292.960183  -46.40920  -55.91556      0.359       0.15     10.000      9.921     6.0098     6.0104     0.0006     6.0089     6.0095     0.0006   3.349209   3.349238   0.000029    33.9984    33.9981     7.6630    26.7600    26.7598    33.9984    26.7601    1473.68    1473.68     6.0090  1026.8074    34.1590 0.0000e+00
       2916 292.960202  -46.40921  -55.91556      0.529       0.01     11.000     10.906     6.0096     6.0103     0.0007     6.0086     6.0093     0.0007   3.349217   3.349259   0.000043    33.9982    33.9980     7.6637    26.7599    26.7597    33.9982    26.7599    1473.70    1473.70     6.0087  1026.8119    34.1588 0.0000e+00
       2991 292.960238  -46.40922  -55.91556      0.241       0.01     12.000     11.914     6.0097     6.0105     0.0008     6.0087     6.0095     0.0008   3.349287   3.349331   0.000046    33.9983    33.9980     7.6541    26.7600    26.7597    33.9983    26.7600    1473.71    1473.72     6.0087  1026.8168    34.1592 0.0000e+00
       3016 292.960250  -46.40923 -9.990e-29      0.756       0.07     13.000     12.892     6.0095     6.0104     0.0008     6.0085     6.0093     0.0008   3.349309   3.349366   0.000055    33.9983    33.9981     7.6521    26.7601    26.7598    33.9983    26.7600    1473.73    1473.73     6.0085  1026.8214    34.1592 0.0000e+00
       3046 292.960265  -46.40924 -9.990e-29      0.859       0.00     14.000     13.884     6.0089     6.0097     0.0008     6.0078     6.0085     0.0008   3.349300   3.349353   0.000052    33.9983    33.9981     7.6547    26.7601    26.7599    33.9983    26.7601    1473.74    1473.75     6.0077  1026.8261    34.1592 0.0000e+00
       3091 292.960286  -46.40924  -55.91554      0.552 4.4614e-15     15.000     14.876     6.0090     6.0100     0.0010     6.0078     6.0087     0.0010   3.349338   3.349411   0.000073    33.9981    33.9979     7.6540    26.7600    26.7597    33.9981    26.7600    1473.76    1473.76     6.0077  1026.8304    34.1588 0.0000e+00
       3145 292.960313  -46.40925  -55.91554      0.411       0.17     16.000     15.868     6.0027     6.0016    -0.0011     6.0014     6.0003    -0.0011   3.348755   3.348603  -0.000129    33.9983    33.9980     7.6635    26.7609    26.7608    33.9973    26.7602    1473.75    1473.75     6.0014  1026.8351    34.1579 0.0000e+00
       3173 292.960326  -46.40926  -55.91554      0.706      -0.00     17.000     16.859     5.9855     5.9869     0.0014     5.9841     5.9855     0.0014   3.347423   3.347434  -0.000026    33.9996    33.9979     7.6574    26.7641    26.7626    33.9991    26.7638    1473.70    1473.70     5.9841  1026.8434    34.1597 0.0000e+00
       3194 292.960336  -46.40926  -55.91554      1.020 6.7996e-53     18.000     17.851     5.9993     5.9998     0.0005     5.9978     5.9983     0.0005   3.348520   3.348621   0.000104    33.9966    33.9973     7.6462    26.7600    26.7605    33.9971    26.7604    1473.77    1473.77     5.9978  1026.8446    34.1577 0.0000e+00
       3223 292.960350  -46.40927  -55.91552      0.940 1.6024e-20     19.000     18.841     5.9851     5.9847    -0.0004     5.9835     5.9831    -0.0004   3.347374   3.347211  -0.000163    33.9990    33.9975     7.6494    26.7637    26.7626    33.9980    26.7629    1473.73    1473.73     5.9835  1026.8517    34.1586 0.0000e+00
       3282 292.960378  -46.40928  -55.91552      0.315     741.11     20.000     19.837     5.9692     5.9712     0.0019     5.9676     5.9695     0.0019   3.345839   3.346037   0.000143    33.9980    33.9976     7.6564    26.7649    26.7644    33.9961    26.7635    1473.68    1473.69     5.9675  1026.8569    34.1567 0.0000e+00
       3317 292.960395  -46.40930  -55.91552      0.619    1483.34     21.000     20.826     5.7751     5.7946     0.0195     5.7734     5.7929     0.0195   3.327627   3.327672   0.000309    34.0261    34.0099     7.6960    26.8111    26.7959    33.9850    26.7786    1472.91    1472.96     5.7734  1026.8767    34.1455 0.0000e+00
       3342 292.960407  -46.40930  -55.91552      0.885    1473.65     22.000     21.817     5.2181     5.2240     0.0059     5.2164     5.2223     0.0059   3.279927   3.278890  -0.001282    34.0454    34.0246     7.7799    26.8933    26.8762    34.0044    26.8608    1470.71    1470.71     5.2164  1026.9637    34.1650 0.0000e+00
       3369 292.960421  -46.40930  -55.91550      0.933    1473.65     23.000     22.809     5.1119     5.1100    -0.0020     5.1102     5.1082    -0.0020   3.269725   3.269463  -0.000221    34.0196    34.0190     7.7019    26.8853    26.8851    33.9946    26.8655    1470.28    1470.27     5.1102  1026.9730    34.1552 0.0000e+00
       3409 292.960440  -46.40930  -55.91550      0.637    1473.65     24.000     23.801     5.0719     5.0714    -0.0005     5.0701     5.0696    -0.0005   3.265833   3.266102   0.000226    34.0098    34.0130     7.9583    26.8822    26.8847    33.9900    26.8665    1470.13    1470.13     5.0701  1026.9786    34.1506 0.0000e+00
       3450 292.960459  -46.40931  -55.91550      0.565    1473.65     25.000     24.792     5.0331     5.0374     0.0043     5.0312     5.0355     0.0043   3.262247   3.262856   0.000596    34.0067    34.0092     8.1516    26.8842    26.8857    33.9877    26.8691    1469.99    1470.01     5.0312  1026.9859    34.1483 0.0000e+00
       3478 292.960473  -46.40932  -55.91550      0.766    1473.65     26.000     25.784     4.9406     4.9479     0.0073     4.9386     4.9460     0.0073   3.254305   3.254979   0.000699    34.0115    34.0121     8.1594    26.8986    26.8982    33.9898    26.8813    1469.63    1469.66     4.9386  1027.0027    34.1503 0.0000e+00
       3503 292.960485  -46.40932  -55.91549      0.930    1473.65     27.000     26.776     4.8813     4.8825     0.0012     4.8793     4.8805     0.0012   3.249197   3.249479   0.000314    34.0105    34.0130     8.1270    26.9045    26.9063    33.9907    26.8888    1469.40    1469.41     4.8793  1027.0149    34.1513 0.0000e+00
       3529 292.960498  -46.40932  -55.91548      0.950    1473.65     28.000     27.767     4.8157     4.8166     0.0009     4.8136     4.8145     0.0009   3.243555   3.243973   0.000359    34.0103    34.0135     8.1049    26.9117    26.9141    33.9919    26.8971    1469.15    1469.16     4.8136  1027.0278    34.1524 0.0000e+00
       3563 292.960514  -46.40934  -55.91548      0.753    1473.65     29.000     28.759     4.7704     4.7728     0.0024     4.7683     4.7707     0.0024   3.239699   3.240107   0.000461    34.0088    34.0117     8.0883    26.9155    26.9175    33.9929    26.9029    1468.99    1469.00     4.7683  1027.0383    34.1535 0.0000e+00
       3594 292.960529  -46.40934  -55.91548      0.726    1473.65     30.000     29.751     4.7323     4.7318    -0.0006     4.7302     4.7296    -0.0006   3.236374   3.236559   0.000177    34.0072    34.0098     8.0699    26.9185    26.9206    33.9927    26.9071    1468.85    1468.85     4.7301  1027.0471    34.1533 0.0000e+00
       3619 292.960541  -46.40934  -55.91548      0.884    1473.65     31.000     30.742     4.6988     4.6997     0.0009     4.6965     4.6974     0.0009   3.233475   3.233724   0.000247    34.0080    34.0099     8.0396    26.9229    26.9243    33.9929    26.9109    1468.73    1468.73     4.6965  1027.0556    34.1535 0.0000e+00
       3644 292.960553  -46.40935  -55.91548      0.958    1473.65     32.000     31.734     4.6240     4.6265     0.0025     4.6217     4.6242     0.0025   3.226998   3.227483   0.000493    34.0114    34.0145     8.0166    26.9338    26.9360    33.9936    26.9197    1468.44    1468.45     4.6217  1027.0691    34.1542 0.0000e+00
       3675 292.960568  -46.40936  -55.91547      0.849    1473.65     33.000     32.724     4.5152     4.5279     0.0127     4.5128     4.5256     0.0127   3.217511   3.219049   0.001414    34.0152    34.0187     7.9612    26.9487    26.9501    33.9941    26.9319    1468.00    1468.06     4.5128  1027.0861    34.1547 0.0000e+00
       3711 292.960585 -9.990e-29  -55.91546      0.669    1473.65     34.000     33.718     4.3526     4.3619     0.0093     4.3503     4.3595     0.0093   3.203524   3.204563   0.001116    34.0190    34.0225     7.8795    26.9692    26.9710    33.9970    26.9517    1467.35    1467.39     4.3502  1027.1106    34.1577 0.0000e+00
       3742 292.960600 -9.990e-29  -55.91546      0.741    1473.65     35.000     34.708     4.2798     4.2805     0.0007     4.2773     4.2781     0.0007   3.197167   3.197604   0.000451    34.0159    34.0205     7.7751    26.9745    26.9781    33.9969    26.9594    1467.07    1467.08     4.2773  1027.1230    34.1576 0.0000e+00
       3769 292.960614  -46.40938  -55.91546      0.846    1473.65     36.000     35.700     4.2244     4.2260     0.0015     4.2219     4.2235     0.0015   3.192486   3.192919   0.000451    34.0160    34.0197     7.6883    26.9803    26.9832    33.9984    26.9664    1466.86    1466.87     4.2219  1027.1347    34.1591 0.0000e+00
       3797 292.960627  -46.40938  -55.91546      0.883    1473.65     37.000     36.692     4.1628     4.1632     0.0004     4.1602     4.1607     0.0004   3.187069   3.187387   0.000324    34.0164    34.0197     7.5932    26.9871    26.9898    33.9978    26.9723    1466.62    1466.62     4.1602  1027.1453    34.1584 0.0000e+00
       3826 292.960641  -46.40938  -55.91546      0.845    1473.65     38.000     37.683     4.1038     4.1046     0.0008     4.1012     4.1019     0.0008   3.182132   3.182476   0.000342    34.0162    34.0195     7.5220    26.9931    26.9957    34.0000    26.9802    1466.39    1466.40     4.1012  1027.1579    34.1606 0.0000e+00
       3856 292.960655  -46.40938  -55.91544      0.799    1473.65     39.000     38.675     4.0586     4.0613     0.0027     4.0559     4.0586     0.0027   3.178237   3.178683   0.000461    34.0168    34.0194     7.4889    26.9982    27.0001    34.0002    26.9850    1466.22    1466.23     4.0559  1027.1674    34.1608 0.0000e+00
       3886 292.960670  -46.40939  -55.91544      0.808    1473.65     40.000     39.666     3.9960     3.9989     0.0029     3.9933     3.9962     0.0029   3.172930   3.173449   0.000519    34.0176    34.0208     7.4848    27.0054    27.0076    34.0017    26.9927    1465.97    1465.99     3.9933  1027.1798    34.1624 0.0000e+00
       3916 292.960684  -46.40940 -9.990e-29      0.792    1473.65     41.000     40.658     3.9530     3.9536     0.0006     3.9502     3.9508     0.0006   3.169356   3.169729   0.000378    34.0163    34.0202     7.4839    27.0087    27.0117    34.0034    26.9984    1465.81    1465.82     3.9502  1027.1903    34.1642 0.0000e+00
       3947 292.960699  -46.40940 -9.990e-29      0.776    1473.65     42.000     41.650     3.9416     3.9416     0.0000     3.9388     3.9388     0.0000   3.168540   3.168819   0.000279    34.0155    34.0187     7.4598    27.0092    27.0118    34.0050    27.0008    1465.78    1465.79     3.9388  1027.1974    34.1658 0.0000e+00
       3976 292.960713  -46.40940  -55.91544      0.808    1473.65     43.000     42.641     3.9351     3.9357     0.0006     3.9322     3.9328     0.0006   3.168097   3.168342   0.000263    34.0151    34.0177     7.4376    27.0096    27.0115    34.0059    27.0023    1465.77    1465.78     3.9322  1027.2034    34.1667 0.0000e+00
       4001 292.960726 -9.990e-29  -55.91543      0.896    1473.65     44.000     43.633     3.9164     3.9196     0.0032     3.9135     3.9166     0.0032   3.166490   3.166956   0.000405    34.0158    34.0173     7.4305    27.0120    27.0129    34.0057    27.0040    1465.71    1465.73     3.9134  1027.2098    34.1664 0.0000e+00
       4028 292.960738 -9.990e-29  -55.91542      0.927    1473.65     45.000     44.624     3.8855     3.8860     0.0006     3.8825     3.8830     0.0006   3.164217   3.164213   0.000034    34.0183    34.0181     7.4262    27.0172    27.0169    34.0103    27.0108    1465.61    1465.61     3.8825  1027.2213    34.1710 0.0000e+00
       4063 292.960755  -46.40942  -55.91542      0.734    1473.65     46.000     45.616     3.7284     3.7547     0.0264     3.7254     3.7517     0.0264   3.149993   3.152774   0.002725    34.0258    34.0308     7.4390    27.0388    27.0401    34.0038    27.0213    1464.95    1465.07     3.7254  1027.2366    34.1644 0.0000e+00
       4100 292.960773  -46.40943  -55.91541      0.630    1473.65     47.000     46.607     3.6463     3.6468     0.0005     3.6433     3.6437     0.0005   3.143200   3.143584   0.000403    34.0196    34.0239     7.4197    27.0420    27.0454    34.0077    27.0325    1464.63    1464.64     3.6432  1027.2525    34.1683 0.0000e+00
       4128 292.960787  -46.40944  -55.91540      0.780    1473.65     48.000     47.599     3.6282     3.6293     0.0011     3.6251     3.6262     0.0011   3.141631   3.141967   0.000360    34.0186    34.0218     7.4138    27.0430    27.0454    34.0072    27.0339    1464.57    1464.58     3.6251  1027.2586    34.1679 0.0000e+00
       4151 292.960798  -46.40944  -55.91540      0.956    1473.65     49.000     48.590     3.6167     3.6171     0.0004     3.6135     3.6140     0.0004   3.140701   3.140983   0.000283    34.0172    34.0201     7.4033    27.0429    27.0452    34.0075    27.0353    1464.54    1464.54     3.6135  1027.2647    34.1682 0.0000e+00
       4175 292.960809  -46.40945  -55.91540      1.036    1473.65     50.000     49.582     3.6127     3.6142     0.0015     3.6095     3.6110     0.0015   3.140434   3.140786   0.000363    34.0161    34.0189     7.3809    27.0425    27.0446    34.0079    27.0360    1464.54    1464.55     3.6095  1027.2701    34.1686 0.0000e+00
       4202 292.960822  -46.40946  -55.91540      0.957    1473.65     51.000     50.573     3.6083     3.6085     0.0003     3.6050     3.6053     0.0003   3.140114   3.140313   0.000217    34.0157    34.0180     7.3661    27.0426    27.0444    34.0082    27.0367    1464.53    1464.54     3.6050  1027.2755    34.1690 0.0000e+00
       4231 292.960836  -46.40946  -55.91540      0.820    1473.65     52.000     51.565     3.5985     3.6006     0.0021     3.5951     3.5972     0.0021   3.139318   3.139660   0.000351    34.0154    34.0174     7.3694    27.0433    27.0447    34.0084    27.0377    1464.51    1464.52     3.5951  1027.2812    34.1691 0.0000e+00
