Pos-Processados/pos_process42/Dados/doperantar42_028.cnv
* Sea-Bird SBE 9 Data File:
* FileName = C:\Users\Hidrografia\Desktop\OPXLII\Brutos\OP42028.hdr
* Software Version Seasave V 7.26.7.107
* Temperature SN = 6502
* Conductivity SN = 4998
* Number of Bytes Per Scan = 37
* Number of Voltage Words = 4
* Number of Scans Averaged by the Deck Unit = 1
* NMEA Latitude = 62 18.54 S
* NMEA Longitude = 058 32.92 W
* NMEA UTC (Time) = Nov 08 2023 22:59:21
* NMEA baud rate = 4800
** H41
** NPOALTEMAXIMIANO
** NUMERO DA ESTACAO (XXX) 028
** LAT (XX XX.XX S/N) 62 18.530 S
** LONG (XXX XX.XX W/E) 058 32.937 W
** DATAHORA (dd/mm/aaaa hh:mm Z) 08/11/2023 2258Z
** PROFUNDIDADE (m) 339
** OPERADOR CT FABIREZA
# nquan = 30
# nvalues = 373                         
# units = specified
# name 0 = scan: Scan Count
# name 1 = timeJ: Julian Days
# name 2 = latitude: Latitude [deg]
# name 3 = longitude: Longitude [deg]
# name 4 = dz/dtM: Descent Rate [m/s]
# name 5 = avgsvCM: Average Sound Velocity [Chen-Millero, m/s]
# name 6 = prDM: Pressure, Digiquartz [db]
# name 7 = depSM: Depth [salt water, m]
# name 8 = t090C: Temperature [ITS-90, deg C]
# name 9 = t190C: Temperature, 2 [ITS-90, deg C]
# name 10 = T2-T190C: Temperature Difference, 2 - 1 [ITS-90, deg C]
# name 11 = potemp090C: Potential Temperature [ITS-90, deg C]
# name 12 = potemp190C: Potential Temperature, 2 [ITS-90, deg C]
# name 13 = potemp90Cdiff: Potential Temperature, Diff, 2 - 1 [ITS-90, deg C]
# name 14 = c0S/m: Conductivity [S/m]
# name 15 = c1S/m: Conductivity, 2 [S/m]
# name 16 = C2-C1S/m: Conductivity Difference, 2 - 1 [S/m]
# name 17 = sal00: Salinity, Practical [PSU]
# name 18 = sal11: Salinity, Practical, 2 [PSU]
# name 19 = sbeox0ML/L: Oxygen, SBE 43 [ml/l]
# name 20 = sigma-é00: Density [sigma-theta, kg/m^3]
# name 21 = sigma-é11: Density, 2 [sigma-theta, kg/m^3]
# name 22 = sal00: Salinity, Practical [PSU]
# name 23 = sigma-é00: Density [sigma-theta, kg/m^3]
# name 24 = svCM: Sound Velocity [Chen-Millero, m/s]
# name 25 = svCM1: Sound Velocity, 2 [Chen-Millero, m/s]
# name 26 = gsw_ptA0: potential temperature [ITS-90, deg C]
# name 27 = gsw_densityA0: density, TEOS-10 [density, kg/m^3]
# name 28 = gsw_saA0: Absolute Salinity [g/kg]
# name 29 = flag:
# span 0 =       2738,      15983       
# span 1 = 312.959202, 312.965589       
# span 2 =  -62.31298,  -62.30974       
# span 3 =  -58.54835,  -58.54602       
# span 4 =      0.079,      0.985       
# span 5 =       0.00,    1448.73       
# span 6 =      3.000,    375.000       
# span 7 =      2.972,    371.045       
# span 8 =    -0.6359,     0.0331       
# span 9 =    -0.6353,     0.0310       
# span 10 =    -0.0362,     0.0526      
# span 11 =    -0.6414,     0.0188      
# span 12 =    -0.6406,     0.0165      
# span 13 =    -0.0361,     0.0524      
# span 14 =   2.804129,   2.883344      
# span 15 =   2.804082,   2.883052      
# span 16 =  -0.003401,   0.004494      
# span 17 =    34.2964,    34.4642      
# span 18 =    34.2951,    34.4640      
# span 19 =     5.9105,     7.5105      
# span 20 =    27.5637,    27.6751      
# span 21 =    27.5627,    27.6727      
# span 22 =    34.2964,    34.4660      
# span 23 =    27.5637,    27.6742      
# span 24 =    1445.80,    1454.67      
# span 25 =    1445.80,    1454.67      
# span 26 =    -0.6413,     0.0189      
# span 27 =  1027.5802,  1029.4545      
# span 28 =    34.4589,    34.6337      
# span 29 = 0.0000e+00, 0.0000e+00      
# interval = decibars: 1                
# start_time = Nov 08 2023 22:59:21 [NMEA time, header]
# bad_flag = -9.990e-29
*END*
[from data line 339]
      13755 312.964515  -62.31244  -58.54638      0.696    1448.39    342.000    338.435    -0.4911    -0.4916    -0.0005    -0.5026    -0.5031    -0.0005   2.830625   2.830568  -0.000058    34.3728    34.3725     6.9356    27.6243    27.6241    34.3738    27.6252    1451.59    1451.59    -0.5024  1029.2609    34.5419 0.0000e+00
      13791 312.964532  -62.31244  -58.54638      0.656    1448.39    343.000    339.423    -0.4865    -0.4857     0.0008    -0.4981    -0.4973     0.0008   2.831218   2.831230   0.000005    34.3748    34.3740     6.9377    27.6258    27.6250    34.3760    27.6268    1451.64    1451.64    -0.4979  1029.2677    34.5449 0.0000e+00
      13825 312.964549  -62.31245 -9.990e-29      0.703    1448.39    344.000    340.412    -0.4702    -0.4694     0.0008    -0.4819    -0.4810     0.0008   2.832764   2.832891   0.000144    34.3759    34.3769     6.9336    27.6259    27.6267    34.3777    27.6274    1451.73    1451.73    -0.4816  1029.2743    34.5483 0.0000e+00
      13858 312.964564  -62.31246 -9.990e-29      0.729    1448.39    345.000    341.401    -0.4634    -0.4638    -0.0004    -0.4751    -0.4755    -0.0004   2.833564   2.833501  -0.000067    34.3790    34.3785     6.9255    27.6281    27.6277    34.3801    27.6290    1451.78    1451.78    -0.4749  1029.2806    34.5507 0.0000e+00
      13925 312.964597  -62.31248  -58.54634      0.351    1448.39    346.000    342.387    -0.4642    -0.4654    -0.0011    -0.4760    -0.4771    -0.0011   2.833584   2.833339  -0.000241    34.3801    34.3781     6.8753    27.6290    27.6275    34.3808    27.6296    1451.79    1451.79    -0.4757  1029.2844    34.5495 0.0000e+00
      14008 312.964637  -62.31250  -58.54634      0.329    1448.39    347.000    343.381    -0.4597    -0.4606    -0.0009    -0.4715    -0.4723    -0.0009   2.834107   2.833951  -0.000158    34.3809    34.3798     6.8572    27.6295    27.6286    34.3820    27.6304    1451.83    1451.83    -0.4712  1029.2907    34.5517 0.0000e+00
      14062 312.964663  -62.31251 -9.990e-29      0.435    1448.39    348.000    344.363    -0.4465    -0.4468    -0.0002    -0.4584    -0.4586    -0.0002   2.835456   2.835346  -0.000109    34.3838    34.3826     6.8554    27.6312    27.6303    34.3846    27.6319    1451.91    1451.91    -0.4582  1029.2975    34.5552 0.0000e+00
      14130 312.964696  -62.31253  -58.54631      0.341    1448.39    349.000    345.359    -0.4448    -0.4457    -0.0009    -0.4567    -0.4576    -0.0009   2.835722   2.835536  -0.000178    34.3844    34.3830     6.8366    27.6316    27.6305    34.3856    27.6326    1451.94    1451.93    -0.4565  1029.3009    34.5536 0.0000e+00
      14183 312.964721  -62.31254  -58.54630      0.460    1448.39    350.000    346.345    -0.4056    -0.4053     0.0004    -0.4177    -0.4173     0.0004   2.839758   2.839668  -0.000099    34.3908    34.3891     6.8113    27.6350    27.6336    34.3948    27.6383    1452.15    1452.15    -0.4175  1029.3109    34.5630 0.0000e+00
      14233 312.964745  -62.31256  -58.54629      0.483    1448.39    351.000    347.333    -0.3778    -0.3772     0.0006    -0.3900    -0.3894     0.0006   2.842595   2.842567  -0.000033    34.3987    34.3976     6.7985    27.6401    27.6392    34.4007    27.6418    1452.31    1452.31    -0.3898  1029.3188    34.5689 0.0000e+00
      14286 312.964771  -62.31257  -58.54628      0.435    1448.39    352.000    348.322    -0.3875    -0.3885    -0.0010    -0.3997    -0.4007    -0.0010   2.841659   2.841502  -0.000174    34.3973    34.3961     6.6964    27.6394    27.6385    34.3986    27.6405    1452.27    1452.27    -0.3995  1029.3223    34.5667 0.0000e+00
      14323 312.964789  -62.31258  -58.54628      0.628    1448.39    353.000    349.311    -0.3329    -0.3450    -0.0120    -0.3453    -0.3573    -0.0120   2.847171   2.846113  -0.000758    34.3998    34.4032     6.6421    27.6389    27.6422    34.4100    27.6472    1452.56    1452.50    -0.3451  1029.3331    34.5782 0.0000e+00
      14365 312.964809  -62.31259  -58.54627      0.584    1448.39    354.000    350.299    -0.2158    -0.2417    -0.0259    -0.2286    -0.2544    -0.0258   2.858487   2.855867  -0.002544    34.4193    34.4146     6.6450    27.6490    27.6465    34.4282    27.6562    1453.14    1453.02    -0.2284  1029.3455    34.5965 0.0000e+00
      14428 312.964839  -62.31261  -58.54625      0.368    1448.39    355.000    351.288    -0.1766    -0.1849    -0.0083    -0.1895    -0.1978    -0.0083   2.862951   2.862005  -0.001032    34.4365    34.4322     6.4523    27.6610    27.6579    34.4429    27.6661    1453.36    1453.32    -0.1893  1029.3597    34.6112 0.0000e+00
      14495 312.964872  -62.31262  -58.54624      0.349    1448.39    356.000    352.277    -0.1736    -0.1740    -0.0004    -0.1866    -0.1870    -0.0004   2.863364   2.862993  -0.000411    34.4420    34.4370     6.2454    27.6653    27.6613    34.4444    27.6672    1453.39    1453.38    -0.1864  1029.3642    34.6112 0.0000e+00
      14557 312.964902 -9.990e-29 -9.990e-29      0.395    1448.39    357.000    353.265    -0.2027    -0.1998     0.0029    -0.2156    -0.2127     0.0029   2.860664   2.860769   0.000094    34.4392    34.4372     6.1907    27.6644    27.6627    34.4406    27.6656    1453.27    1453.28    -0.2154  1029.3661    34.6055 0.0000e+00
      14613 312.964929  -62.31266 -9.990e-29      0.429    1448.39    358.000    354.254    -0.1962    -0.1956     0.0006    -0.2092    -0.2086     0.0006   2.861299   2.861208  -0.000093    34.4398    34.4379     6.2460    27.6646    27.6630    34.4412    27.6658    1453.32    1453.32    -0.2090  1029.3748    34.6109 0.0000e+00
      14677 312.964960  -62.31267  -58.54620      0.352    1448.39    359.000    355.240    -0.1904    -0.1887     0.0017    -0.2035    -0.2017     0.0018   2.862025   2.861931  -0.000117    34.4426    34.4391     6.2755    27.6666    27.6637    34.4437    27.6675    1453.36    1453.37    -0.2033  1029.3815    34.6137 0.0000e+00
      14765 312.965002  -62.31270  -58.54619      0.285    1448.39    360.000    356.233    -0.1796    -0.1806    -0.0010    -0.1928    -0.1938    -0.0010   2.862980   2.862796  -0.000173    34.4423    34.4412     6.2479    27.6659    27.6650    34.4437    27.6670    1453.43    1453.42    -0.1926  1029.3842    34.6120 0.0000e+00
      14820 312.965029  -62.31272  -58.54618      0.450    1448.39    361.000    357.221    -0.1537    -0.1522     0.0014    -0.1670    -0.1655     0.0014   2.865503   2.865585   0.000056    34.4439    34.4430     6.2362    27.6658    27.6650    34.4474    27.6687    1453.57    1453.58    -0.1667  1029.3904    34.6158 0.0000e+00
      14862 312.965049  -62.31272  -58.54618      0.566    1448.39    362.000    358.205    -0.1341    -0.1408    -0.0067    -0.1475    -0.1542    -0.0067   2.867281   2.866637  -0.000537    34.4460    34.4465     6.2219    27.6666    27.6673    34.4484    27.6685    1453.68    1453.65    -0.1473  1029.3947    34.6168 0.0000e+00
      14923 312.965078  -62.31274  -58.54617      0.379    1448.39    363.000    359.199    -0.1266    -0.1293    -0.0027    -0.1400    -0.1427    -0.0027   2.867971   2.867522  -0.000494    34.4474    34.4438     6.1773    27.6673    27.6646    34.4485    27.6682    1453.73    1453.71    -0.1398  1029.3990    34.6169 0.0000e+00
      14985 312.965108  -62.31275  -58.54616      0.401    1448.39    364.000    360.186    -0.1481    -0.1468     0.0013    -0.1615    -0.1602     0.0013   2.865930   2.866092   0.000125    34.4463    34.4465     6.1483    27.6675    27.6676    34.4450    27.6665    1453.64    1453.65    -0.1613  1029.4023    34.6134 0.0000e+00
      15038 312.965134  -62.31277  -58.54616      0.452    1448.46    365.000    361.174    -0.1786    -0.1780     0.0006    -0.1920    -0.1914     0.0006   2.863234   2.863245   0.000004    34.4436    34.4430     6.1549    27.6669    27.6663    34.4429    27.6663    1453.51    1453.52    -0.1918  1029.4072    34.6113 0.0000e+00
      15084 312.965156  -62.31278  -58.54614      0.522    1448.72    366.000    362.163    -0.1323    -0.1339    -0.0015    -0.1459    -0.1474    -0.0015   2.867625   2.867497  -0.000090    34.4456    34.4461     6.1853    27.6662    27.6667    34.4485    27.6685    1453.75    1453.74    -0.1457  1029.4137    34.6170 0.0000e+00
      15139 312.965182  -62.31280  -58.54613      0.428    1448.73    367.000    363.152    -0.1429    -0.1426     0.0003    -0.1564    -0.1561     0.0003   2.866608   2.866655   0.000027    34.4467    34.4467     6.2126    27.6676    27.6675    34.4463    27.6672    1453.72    1453.72    -0.1562  1029.4172    34.6147 0.0000e+00
      15188 312.965206  -62.31281  -58.54612      0.492    1448.73    368.000    364.141    -0.1407    -0.1359     0.0047    -0.1543    -0.1495     0.0047   2.867071   2.867490   0.000406    34.4473    34.4474     6.1623    27.6680    27.6678    34.4494    27.6696    1453.75    1453.77    -0.1541  1029.4243    34.6178 0.0000e+00
      15233 312.965228  -62.31282  -58.54612      0.532    1448.73    369.000    365.124    -0.1162    -0.1186    -0.0024    -0.1300    -0.1323    -0.0024   2.869332   2.869042  -0.000254    34.4502    34.4495     6.1706    27.6691    27.6686    34.4513    27.6700    1453.88    1453.87    -0.1298  1029.4291    34.6198 0.0000e+00
      15333 312.965276  -62.31285  -58.54610      0.193    1448.73    370.000    366.118    -0.1208    -0.1207     0.0001    -0.1345    -0.1344     0.0001   2.869044   2.868942  -0.000111    34.4516    34.4500     6.1276    27.6704    27.6691    34.4520    27.6708    1453.88    1453.88    -0.1343  1029.4347    34.6204 0.0000e+00
      15453 312.965334  -62.31288  -58.54608      0.183    1448.73    371.000    367.104    -0.1139    -0.1149    -0.0010    -0.1277    -0.1287    -0.0010   2.869709   2.869544  -0.000175    34.4522    34.4510     6.1245    27.6706    27.6696    34.4525    27.6708    1453.92    1453.92    -0.1275  1029.4366    34.6174 0.0000e+00
      15615 312.965412  -62.31292  -58.54605      0.152    1448.73    372.000    368.095    -0.1090    -0.1152    -0.0062    -0.1228    -0.1291    -0.0062   2.870219   2.869576  -0.000618    34.4525    34.4513     6.1230    27.6706    27.6699    34.4531    27.6711    1453.96    1453.93    -0.1226  1029.4444    34.6217 0.0000e+00
      15726 312.965466  -62.31295  -58.54604      0.230    1448.73    373.000    369.081    -0.0319    -0.0682    -0.0362    -0.0461    -0.0822    -0.0361   2.877463   2.873921  -0.003401    34.4572    34.4529     6.0973    27.6704    27.6688    34.4619    27.6742    1454.35    1454.17    -0.0459  1029.4513    34.6304 0.0000e+00
      15866 312.965533  -62.31298  -58.54602      0.181    1448.73    374.000    370.074     0.0331     0.0184    -0.0148     0.0188     0.0040    -0.0147   2.883344   2.881893  -0.001555    34.4642    34.4603     5.9612    27.6727    27.6703    34.4660    27.6742    1454.67    1454.60     0.0189  1029.4545    34.6337 0.0000e+00
      15983 312.965589 -9.990e-29  -58.54602      0.233    1448.73    375.000    371.045    -0.0216     0.0310     0.0526    -0.0359     0.0165     0.0524   2.878404   2.883052   0.004494    34.4635    34.4640     5.9105    27.6751    27.6727    34.4615    27.6734    1454.43    1454.67    -0.0357  1029.4517    34.6200 0.0000e+00
