Pos-Processados/pos_process42/Dados/doperantar42_038.cnv
* Sea-Bird SBE 9 Data File:
* FileName = C:\Users\Hidrografia\Desktop\OPXLII\Brutos\OP42038.hdr
* Software Version Seasave V 7.26.7.107
* Temperature SN = 6502
* Conductivity SN = 4998
* Number of Bytes Per Scan = 37
* Number of Voltage Words = 4
* Number of Scans Averaged by the Deck Unit = 1
* NMEA Latitude = 62 08.57 S
* NMEA Longitude = 058 26.33 W
* NMEA UTC (Time) = Nov 09 2023 13:11:55
* NMEA baud rate = 4800
** H41
** NPOALTEMAXIMIANO
** NUMERO DA ESTACAO (XXX) 038
** LAT (XX XX.XX S/N) 62 08.14 S
** LONG (XXX XX.XX W/E) 058 26.57 W
** DATAHORA (dd/mm/aaaa hh:mm Z) 09/11/2023 1305Z
** PROFUNDIDADE (m) 400
** OPERADOR 1T ZAMITH
# nquan = 30
# nvalues = 346                         
# units = specified
# name 0 = scan: Scan Count
# name 1 = timeJ: Julian Days
# name 2 = latitude: Latitude [deg]
# name 3 = longitude: Longitude [deg]
# name 4 = dz/dtM: Descent Rate [m/s]
# name 5 = avgsvCM: Average Sound Velocity [Chen-Millero, m/s]
# name 6 = prDM: Pressure, Digiquartz [db]
# name 7 = depSM: Depth [salt water, m]
# name 8 = t090C: Temperature [ITS-90, deg C]
# name 9 = t190C: Temperature, 2 [ITS-90, deg C]
# name 10 = T2-T190C: Temperature Difference, 2 - 1 [ITS-90, deg C]
# name 11 = potemp090C: Potential Temperature [ITS-90, deg C]
# name 12 = potemp190C: Potential Temperature, 2 [ITS-90, deg C]
# name 13 = potemp90Cdiff: Potential Temperature, Diff, 2 - 1 [ITS-90, deg C]
# name 14 = c0S/m: Conductivity [S/m]
# name 15 = c1S/m: Conductivity, 2 [S/m]
# name 16 = C2-C1S/m: Conductivity Difference, 2 - 1 [S/m]
# name 17 = sal00: Salinity, Practical [PSU]
# name 18 = sal11: Salinity, Practical, 2 [PSU]
# name 19 = sbeox0ML/L: Oxygen, SBE 43 [ml/l]
# name 20 = sigma-é00: Density [sigma-theta, kg/m^3]
# name 21 = sigma-é11: Density, 2 [sigma-theta, kg/m^3]
# name 22 = sal00: Salinity, Practical [PSU]
# name 23 = sigma-é00: Density [sigma-theta, kg/m^3]
# name 24 = svCM: Sound Velocity [Chen-Millero, m/s]
# name 25 = svCM1: Sound Velocity, 2 [Chen-Millero, m/s]
# name 26 = gsw_ptA0: potential temperature [ITS-90, deg C]
# name 27 = gsw_densityA0: density, TEOS-10 [density, kg/m^3]
# name 28 = gsw_saA0: Absolute Salinity [g/kg]
# name 29 = flag:
# span 0 =       3086,      12920       
# span 1 = 313.551430, 313.556172       
# span 2 =  -62.14522,  -62.14341       
# span 3 =  -58.43813,  -58.43570       
# span 4 =     -0.165,      1.195       
# span 5 =       0.00,    1450.09       
# span 6 =      4.000,    349.000       
# span 7 =      3.951,    345.349       
# span 8 =    -0.8212,    -0.5256       
# span 9 =    -0.8203,    -0.5275       
# span 10 =    -0.0036,     0.0063      
# span 11 =    -0.8259,    -0.5372      
# span 12 =    -0.8250,    -0.5391      
# span 13 =    -0.0035,     0.0063      
# span 14 =   2.789924,   2.830019      
# span 15 =   2.789918,   2.829575      
# span 16 =  -0.000402,   0.000312      
# span 17 =    34.2804,    34.3999      
# span 18 =    34.2791,    34.3966      
# span 19 =     6.7200,     7.7359      
# span 20 =    27.5518,    27.6478      
# span 21 =    27.5507,    27.6452      
# span 22 =    34.2806,    34.4005      
# span 23 =    27.5520,    27.6483      
# span 24 =    1445.69,    1451.58      
# span 25 =    1445.70,    1451.57      
# span 26 =    -0.8258,    -0.5370      
# span 27 =  1027.5762,  1029.3167      
# span 28 =    34.4431,    34.5677      
# span 29 = 0.0000e+00, 0.0000e+00      
# interval = decibars: 1                
# start_time = Nov 09 2023 13:11:55 [NMEA time, header]
# bad_flag = -9.990e-29
*END*
[from data line 339]
      12618 313.556027  -62.14516  -58.43578      0.698    1447.86    343.000    339.427    -0.5501    -0.5495     0.0006    -0.5615    -0.5609     0.0006   2.827004   2.827029   0.000030    34.3901    34.3898     6.7948    27.6410    27.6407    34.3914    27.6420    1451.36    1451.36    -0.5613  1029.2830    34.5595 0.0000e+00
      12650 313.556042  -62.14516  -58.43577      0.759    1447.86    344.000    340.416    -0.5491    -0.5484     0.0006    -0.5605    -0.5598     0.0006   2.827220   2.827193  -0.000027    34.3914    34.3903     6.7901    27.6420    27.6411    34.3925    27.6429    1451.38    1451.38    -0.5603  1029.2847    34.5557 0.0000e+00
      12681 313.556057 -9.990e-29  -58.43576      0.769    1447.86    345.000    341.405    -0.5467    -0.5462     0.0005    -0.5582    -0.5576     0.0005   2.827505   2.827471  -0.000037    34.3920    34.3909     6.7784    27.6424    27.6415    34.3931    27.6432    1451.41    1451.41    -0.5579  1029.2889    34.5552 0.0000e+00
      12716 313.556074 -9.990e-29  -58.43575      0.706    1447.86    346.000    342.394    -0.5407    -0.5405     0.0002    -0.5522    -0.5520     0.0002   2.828132   2.828091  -0.000027    34.3929    34.3923     6.7702    27.6428    27.6423    34.3941    27.6438    1451.45    1451.46    -0.5520  1029.2942    34.5563 0.0000e+00
      12754 313.556093  -62.14518  -58.43574      0.625    1447.86    347.000    343.382    -0.5352    -0.5359    -0.0007    -0.5468    -0.5474    -0.0007   2.828713   2.828634  -0.000096    34.3938    34.3933     6.7595    27.6434    27.6430    34.3951    27.6443    1451.50    1451.50    -0.5466  1029.3036    34.5625 0.0000e+00
      12790 313.556110  -62.14519  -58.43574      0.658    1447.91    348.000    344.371    -0.5276    -0.5281    -0.0005    -0.5392    -0.5397    -0.0005   2.829484   2.829459  -0.000049    34.3950    34.3949     6.7477    27.6440    27.6439    34.3962    27.6449    1451.55    1451.55    -0.5390  1029.3094    34.5643 0.0000e+00
      12920 313.556172  -62.14522  -58.43570      0.033    1448.30    349.000    345.349    -0.5256    -0.5275    -0.0019    -0.5372    -0.5391    -0.0018   2.830019   2.829575  -0.000402    34.3999    34.3966     6.7200    27.6478    27.6452    34.4005    27.6483    1451.58    1451.57    -0.5370  1029.3167    34.5677 0.0000e+00
