Pos-Processados/pos_process42/Dados/doperantar42_051.cnv
* Sea-Bird SBE 9 Data File:
* FileName = C:\Users\Hidrografia\Desktop\OPXLII\Brutos\OP42051.hdr
* Software Version Seasave V 7.26.7.107
* Temperature SN = 6502
* Conductivity SN = 4998
* Number of Bytes Per Scan = 37
* Number of Voltage Words = 4
* Number of Scans Averaged by the Deck Unit = 1
* NMEA Latitude = 62 08.18 S
* NMEA Longitude = 058 26.57 W
* NMEA UTC (Time) = Nov 10 2023 02:01:52
* NMEA baud rate = 4800
** H41
** NPOALTEMAXIMIANO
** NUMERO DA ESTACAO (XXX) 51
** LAT (XX XX.XX S/N) 62 08.171 S
** LONG (XXX XX.XX W/E) 058 26.68 W
** DATAHORA (dd/mm/aaaa hh:mm Z) 10/11/2023 0205Z
** PROFUNDIDADE (m) 424
** OPERADOR CT FILIPE LOPES
# nquan = 30
# nvalues = 386                         
# units = specified
# name 0 = scan: Scan Count
# name 1 = timeJ: Julian Days
# name 2 = latitude: Latitude [deg]
# name 3 = longitude: Longitude [deg]
# name 4 = dz/dtM: Descent Rate [m/s]
# name 5 = avgsvCM: Average Sound Velocity [Chen-Millero, m/s]
# name 6 = prDM: Pressure, Digiquartz [db]
# name 7 = depSM: Depth [salt water, m]
# name 8 = t090C: Temperature [ITS-90, deg C]
# name 9 = t190C: Temperature, 2 [ITS-90, deg C]
# name 10 = T2-T190C: Temperature Difference, 2 - 1 [ITS-90, deg C]
# name 11 = potemp090C: Potential Temperature [ITS-90, deg C]
# name 12 = potemp190C: Potential Temperature, 2 [ITS-90, deg C]
# name 13 = potemp90Cdiff: Potential Temperature, Diff, 2 - 1 [ITS-90, deg C]
# name 14 = c0S/m: Conductivity [S/m]
# name 15 = c1S/m: Conductivity, 2 [S/m]
# name 16 = C2-C1S/m: Conductivity Difference, 2 - 1 [S/m]
# name 17 = sal00: Salinity, Practical [PSU]
# name 18 = sal11: Salinity, Practical, 2 [PSU]
# name 19 = sbeox0ML/L: Oxygen, SBE 43 [ml/l]
# name 20 = sigma-é00: Density [sigma-theta, kg/m^3]
# name 21 = sigma-é11: Density, 2 [sigma-theta, kg/m^3]
# name 22 = sal00: Salinity, Practical [PSU]
# name 23 = sigma-é00: Density [sigma-theta, kg/m^3]
# name 24 = svCM: Sound Velocity [Chen-Millero, m/s]
# name 25 = svCM1: Sound Velocity, 2 [Chen-Millero, m/s]
# name 26 = gsw_ptA0: potential temperature [ITS-90, deg C]
# name 27 = gsw_densityA0: density, TEOS-10 [density, kg/m^3]
# name 28 = gsw_saA0: Absolute Salinity [g/kg]
# name 29 = flag:
# span 0 =       4154,      17299       
# span 1 = 314.086633, 314.092972       
# span 2 =  -62.13930,  -62.13708       
# span 3 =  -58.44111,  -58.43631       
# span 4 =      0.044,      1.030       
# span 5 =       0.00,    1448.41       
# span 6 =      3.000,    388.000       
# span 7 =      2.979,    383.915       
# span 8 =    -0.7920,    -0.5116       
# span 9 =    -0.7916,    -0.5108       
# span 10 =    -0.0053,     0.0061      
# span 11 =    -0.7981,    -0.5234      
# span 12 =    -0.7977,    -0.5226      
# span 13 =    -0.0053,     0.0060      
# span 14 =   2.794382,   2.831248      
# span 15 =   2.794357,   2.831231      
# span 16 =  -0.000632,   0.000396      
# span 17 =    34.2630,    34.4088      
# span 18 =    34.2615,    34.4079      
# span 19 =     6.6647,     7.7535      
# span 20 =    27.5391,    27.6557      
# span 21 =    27.5378,    27.6549      
# span 22 =    34.2634,    34.4086      
# span 23 =    27.5394,    27.6555      
# span 24 =    1445.50,    1452.16      
# span 25 =    1445.50,    1452.16      
# span 26 =    -0.7980,    -0.5232      
# span 27 =  1027.5583,  1029.5086      
# span 28 =    34.4284,    34.5754      
# span 29 = 0.0000e+00, 0.0000e+00      
# interval = decibars: 1                
# start_time = Nov 10 2023 02:01:52 [NMEA time, header]
# bad_flag = -9.990e-29
*END*
[from data line 339]
      13925 314.091345  -62.13866  -58.43766      0.834    1447.82    342.000    338.439    -0.5778    -0.5793    -0.0015    -0.5891    -0.5906    -0.0015   2.823047   2.822740  -0.000297    34.3696    34.3674     6.9718    27.6256    27.6238    34.3702    27.6261    1451.19    1451.18    -0.5888  1029.2627    34.5382 0.0000e+00
      13954 314.091359  -62.13868  -58.43764      0.820    1447.82    343.000    339.427    -0.5750    -0.5752    -0.0001    -0.5863    -0.5865    -0.0001   2.823380   2.823281  -0.000116    34.3696    34.3682     6.9651    27.6255    27.6244    34.3709    27.6265    1451.21    1451.21    -0.5861  1029.2679    34.5389 0.0000e+00
      13983 314.091372  -62.13868  -58.43763      0.836    1447.82    344.000    340.416    -0.5635    -0.5648    -0.0013    -0.5749    -0.5761    -0.0013   2.824835   2.824641  -0.000171    34.3730    34.3721     6.9507    27.6277    27.6271    34.3768    27.6308    1451.29    1451.29    -0.5747  1029.2768    34.5448 0.0000e+00
      14010 314.091386  -62.13868  -58.43762      0.864    1447.82    345.000    341.405    -0.5278    -0.5312    -0.0034    -0.5393    -0.5427    -0.0034   2.828445   2.828307  -0.000149    34.3816    34.3834     6.9354    27.6331    27.6347    34.3843    27.6353    1451.49    1451.47    -0.5391  1029.2856    34.5524 0.0000e+00
      14036 314.091398  -62.13869  -58.43762      0.901    1447.82    346.000    342.394    -0.5257    -0.5237     0.0020    -0.5373    -0.5353     0.0020   2.829184   2.829224   0.000048    34.3884    34.3868     6.9336    27.6386    27.6371    34.3913    27.6408    1451.52    1451.53    -0.5371  1029.2958    34.5593 0.0000e+00
      14062 314.091411  -62.13870  -58.43761      0.928    1447.82    347.000    343.383    -0.5156    -0.5167    -0.0012    -0.5272    -0.5283    -0.0011   2.830320   2.830113  -0.000218    34.3919    34.3903     6.9016    27.6409    27.6397    34.3944    27.6429    1451.59    1451.58    -0.5270  1029.3025    34.5625 0.0000e+00
      14088 314.091423  -62.13870  -58.43760      0.930    1447.82    348.000    344.371    -0.5138    -0.5129     0.0010    -0.5255    -0.5245     0.0010   2.830605   2.830579  -0.000031    34.3941    34.3926     6.8438    27.6426    27.6413    34.3957    27.6439    1451.62    1451.62    -0.5253  1029.3082    34.5638 0.0000e+00
      14118 314.091437  -62.13870  -58.43758      0.850    1447.82    349.000    345.360    -0.5144    -0.5137     0.0007    -0.5261    -0.5254     0.0007   2.830569   2.830523  -0.000045    34.3939    34.3925     6.7925    27.6425    27.6413    34.3952    27.6435    1451.63    1451.63    -0.5259  1029.3126    34.5633 0.0000e+00
      14151 314.091453  -62.13871  -58.43757      0.737    1447.82    350.000    346.349    -0.5138    -0.5133     0.0005    -0.5255    -0.5250     0.0005   2.830662   2.830614  -0.000052    34.3939    34.3927     6.7624    27.6425    27.6414    34.3951    27.6434    1451.65    1451.65    -0.5253  1029.3172    34.5632 0.0000e+00
      14183 314.091469  -62.13872  -58.43756      0.731    1447.82    351.000    347.338    -0.5116    -0.5113     0.0003    -0.5234    -0.5231     0.0003   2.830947   2.830873  -0.000074    34.3947    34.3934     6.7403    27.6430    27.6419    34.3959    27.6440    1451.68    1451.68    -0.5232  1029.3225    34.5640 0.0000e+00
      14218 314.091486  -62.13872  -58.43754      0.708    1447.82    352.000    348.326    -0.5116    -0.5108     0.0008    -0.5234    -0.5226     0.0008   2.831024   2.830984  -0.000043    34.3956    34.3942     6.7349    27.6437    27.6425    34.3963    27.6443    1451.69    1451.70    -0.5232  1029.3275    34.5644 0.0000e+00
      14267 314.091510  -62.13873  -58.43752      0.498    1447.82    353.000    349.314    -0.5180    -0.5157     0.0023    -0.5298    -0.5275     0.0023   2.830622   2.830676   0.000049    34.3972    34.3953     6.7350    27.6453    27.6436    34.3975    27.6456    1451.68    1451.69    -0.5296  1029.3337    34.5656 0.0000e+00
      14329 314.091539  -62.13874  -58.43750      0.369    1447.82    354.000    350.305    -0.5188    -0.5188    -0.0001    -0.5306    -0.5307    -0.0001   2.830573   2.830500  -0.000065    34.3970    34.3961     6.7377    27.6451    27.6445    34.3972    27.6453    1451.69    1451.69    -0.5304  1029.3382    34.5653 0.0000e+00
      14371 314.091560  -62.13875  -58.43748      0.557    1447.82    355.000    351.293    -0.5197    -0.5191     0.0005    -0.5316    -0.5310     0.0005   2.830561   2.830529  -0.000033    34.3972    34.3962     6.7433    27.6454    27.6445    34.3974    27.6455    1451.71    1451.71    -0.5314  1029.3431    34.5655 0.0000e+00
      14842 314.091787  -62.13884  -58.43731      0.364    1448.05    356.000    352.281    -0.5206    -0.5200     0.0006    -0.5325    -0.5320     0.0006   2.830544   2.830511  -0.000031    34.3976    34.3965     6.7322    27.6458    27.6449    34.3977    27.6458    1451.72    1451.72    -0.5323  1029.3482    34.5658 0.0000e+00
      15085 314.091904  -62.13889  -58.43721      0.308    1448.14    357.000    353.271    -0.5239    -0.5225     0.0014    -0.5358    -0.5345     0.0014   2.830326   2.830358   0.000035    34.3979    34.3969     6.7319    27.6461    27.6452    34.3978    27.6461    1451.72    1451.72    -0.5356  1029.3532    34.5659 0.0000e+00
      15140 314.091930  -62.13890  -58.43719      0.458    1448.14    358.000    354.258    -0.5204    -0.5202     0.0002    -0.5324    -0.5322     0.0002   2.830619   2.830583  -0.000034    34.3971    34.3964     6.7314    27.6453    27.6447    34.3972    27.6454    1451.75    1451.75    -0.5322  1029.3573    34.5653 0.0000e+00
      15187 314.091953  -62.13890  -58.43717      0.505    1448.14    359.000    355.242    -0.5188    -0.5170     0.0018    -0.5308    -0.5290     0.0018   2.830805   2.830851   0.000045    34.3971    34.3956     6.7341    27.6452    27.6440    34.3973    27.6454    1451.77    1451.78    -0.5306  1029.3620    34.5654 0.0000e+00
      15236 314.091977  -62.13892  -58.43716      0.495    1448.14    360.000    356.241    -0.5245    -0.5238     0.0007    -0.5366    -0.5359     0.0007   2.830510   2.830469  -0.000037    34.3997    34.3984     6.7205    27.6476    27.6465    34.3992    27.6472    1451.77    1451.77    -0.5363  1029.3686    34.5674 0.0000e+00
      15284 314.092000  -62.13892  -58.43714      0.502    1448.14    361.000    357.225    -0.5266    -0.5263     0.0003    -0.5387    -0.5384     0.0003   2.830385   2.830332  -0.000048    34.3992    34.3982     6.7335    27.6473    27.6465    34.3992    27.6473    1451.77    1451.77    -0.5385  1029.3735    34.5674 0.0000e+00
      15336 314.092025  -62.13894  -58.43712      0.451    1448.14    362.000    358.213    -0.5267    -0.5263     0.0004    -0.5388    -0.5384     0.0004   2.830420   2.830382  -0.000044    34.3995    34.3984     6.7249    27.6475    27.6467    34.3992    27.6473    1451.79    1451.79    -0.5386  1029.3783    34.5674 0.0000e+00
      15383 314.092047  -62.13894  -58.43710      0.518    1448.14    363.000    359.197    -0.5268    -0.5260     0.0008    -0.5390    -0.5381     0.0008   2.830477   2.830465  -0.000009    34.3996    34.3985     6.7136    27.6476    27.6467    34.3995    27.6476    1451.81    1451.81    -0.5387  1029.3833    34.5677 0.0000e+00
      15431 314.092071  -62.13896  -58.43708      0.497    1448.14    364.000    360.190    -0.5281    -0.5275     0.0005    -0.5403    -0.5397     0.0005   2.830436   2.830410  -0.000027    34.3998    34.3989     6.7144    27.6479    27.6471    34.3998    27.6479    1451.82    1451.82    -0.5401  1029.3861    34.5652 0.0000e+00
      15479 314.092094 -9.990e-29  -58.43706      0.499    1448.14    365.000    361.184    -0.5258    -0.5255     0.0004    -0.5381    -0.5378     0.0004   2.830626   2.830613  -0.000011    34.3992    34.3987     6.7169    27.6473    27.6468    34.3992    27.6473    1451.84    1451.84    -0.5378  1029.3877    34.5615 0.0000e+00
      15519 314.092113  -62.13898  -58.43704      0.590    1448.14    366.000    362.162    -0.5256    -0.5249     0.0007    -0.5379    -0.5372     0.0007   2.830639   2.830629  -0.000012    34.3986    34.3976     6.7234    27.6468    27.6460    34.3985    27.6468    1451.86    1451.86    -0.5377  1029.3923    34.5613 0.0000e+00
      15556 314.092131  -62.13898  -58.43704      0.644    1448.14    367.000    363.164    -0.5268    -0.5264     0.0004    -0.5392    -0.5387     0.0004   2.830652   2.830620  -0.000032    34.3995    34.3986     6.7204    27.6476    27.6468    34.3995    27.6476    1451.87    1451.87    -0.5389  1029.4021    34.5675 0.0000e+00
      15598 314.092151  -62.13898  -58.43702      0.585    1448.14    368.000    364.145    -0.5274    -0.5265     0.0008    -0.5397    -0.5389     0.0008   2.830647   2.830641  -0.000004    34.3995    34.3985     6.7177    27.6476    27.6467    34.3994    27.6475    1451.89    1451.89    -0.5395  1029.4069    34.5676 0.0000e+00
      15644 314.092174  -62.13898  -58.43699      0.518    1448.14    369.000    365.134    -0.5269    -0.5263     0.0006    -0.5393    -0.5387     0.0006   2.830691   2.830670  -0.000022    34.3989    34.3979     6.7169    27.6471    27.6463    34.3989    27.6471    1451.90    1451.90    -0.5391  1029.4078    34.5627 0.0000e+00
      15688 314.092195 -9.990e-29  -58.43697      0.538    1448.14    370.000    366.122    -0.5277    -0.5268     0.0009    -0.5401    -0.5393     0.0009   2.830717   2.830713  -0.000003    34.3995    34.3985     6.7209    27.6476    27.6468    34.3995    27.6476    1451.91    1451.92    -0.5399  1029.4117    34.5617 0.0000e+00
      15729 314.092215  -62.13901  -58.43696      0.585    1448.14    371.000    367.111    -0.5281    -0.5273     0.0008    -0.5405    -0.5398     0.0008   2.830742   2.830739  -0.000004    34.3997    34.3988     6.7252    27.6478    27.6471    34.3997    27.6478    1451.93    1451.93    -0.5403  1029.4186    34.5643 0.0000e+00
      15771 314.092235  -62.13902  -58.43695      0.573    1448.14    372.000    368.100    -0.5279    -0.5272     0.0007    -0.5404    -0.5397     0.0007   2.830807   2.830789  -0.000018    34.3997    34.3987     6.7222    27.6478    27.6469    34.3997    27.6478    1451.95    1451.95    -0.5402  1029.4262    34.5679 0.0000e+00
      15813 314.092255  -62.13902  -58.43693      0.575    1448.14    373.000    369.088    -0.5277    -0.5271     0.0006    -0.5402    -0.5396     0.0006   2.830870   2.830848  -0.000020    34.3997    34.3987     6.7232    27.6478    27.6470    34.3998    27.6479    1451.97    1451.97    -0.5400  1029.4310    34.5680 0.0000e+00
      15853 314.092274 -9.990e-29  -58.43691      0.597    1448.14    374.000    370.077    -0.5278    -0.5270     0.0007    -0.5403    -0.5396     0.0007   2.830911   2.830897  -0.000013    34.3998    34.3988     6.7209    27.6479    27.6470    34.3998    27.6479    1451.98    1451.98    -0.5401  1029.4311    34.5621 0.0000e+00
      15894 314.092294 -9.990e-29  -58.43690      0.594    1448.14    375.000    371.066    -0.5280    -0.5272     0.0008    -0.5407    -0.5398     0.0008   2.830979   2.830964  -0.000014    34.4004    34.3993     6.7122    27.6483    27.6474    34.4004    27.6484    1452.00    1452.00    -0.5404  1029.4362    34.5626 0.0000e+00
      15936 314.092315 -9.990e-29  -58.43688      0.563    1448.14    376.000    372.054    -0.5281    -0.5273     0.0007    -0.5407    -0.5400     0.0007   2.831061   2.831046  -0.000015    34.4009    34.3999     6.7215    27.6488    27.6479    34.4009    27.6488    1452.01    1452.02    -0.5404  1029.4414    34.5631 0.0000e+00
      15979 314.092335 -9.990e-29  -58.43686      0.557    1448.14    377.000    373.043    -0.5279    -0.5271     0.0008    -0.5406    -0.5398     0.0008   2.831092   2.831074  -0.000020    34.4006    34.3994     6.7207    27.6485    27.6475    34.4005    27.6485    1452.03    1452.03    -0.5403  1029.4458    34.5627 0.0000e+00
      16019 314.092354  -62.13906  -58.43684      0.603    1448.14    378.000    374.031    -0.5279    -0.5273     0.0006    -0.5406    -0.5400     0.0006   2.831110   2.831091  -0.000018    34.4001    34.3992     6.7181    27.6481    27.6474    34.4002    27.6482    1452.05    1452.05    -0.5404  1029.4509    34.5631 0.0000e+00
      16057 314.092373  -62.13907  -58.43682      0.621    1448.14    379.000    375.020    -0.5268    -0.5262     0.0007    -0.5396    -0.5389     0.0007   2.831216   2.831213  -0.000003    34.3997    34.3989     6.7151    27.6478    27.6471    34.3998    27.6478    1452.07    1452.07    -0.5393  1029.4594    34.5679 0.0000e+00
      16094 314.092391  -62.13908  -58.43680      0.640    1448.14    380.000    376.009    -0.5271    -0.5263     0.0007    -0.5399    -0.5391     0.0007   2.831248   2.831231  -0.000015    34.3998    34.3988     6.7207    27.6479    27.6470    34.3999    27.6479    1452.08    1452.08    -0.5397  1029.4643    34.5681 0.0000e+00
      16326 314.092502  -62.13913  -58.43672      0.324    1448.20    381.000    376.997    -0.5290    -0.5280     0.0010    -0.5418    -0.5409     0.0010   2.831167   2.831151  -0.000016    34.4004    34.3991     6.7198    27.6485    27.6473    34.4004    27.6484    1452.09    1452.09    -0.5416  1029.4676    34.5662 0.0000e+00
      16855 314.092758  -62.13921  -58.43649      0.335    1448.41    382.000    377.985    -0.5385    -0.5373     0.0012    -0.5513    -0.5502     0.0012   2.830915   2.830916 1.4997e-07    34.4074    34.4061     6.7223    27.6545    27.6534    34.4071    27.6543    1452.07    1452.08    -0.5511  1029.4802    34.5754 0.0000e+00
      16927 314.092792  -62.13922  -58.43647      0.359    1448.41    383.000    378.975    -0.5395    -0.5387     0.0008    -0.5524    -0.5516     0.0008   2.830982   2.830981   0.000002    34.4088    34.4079     6.6964    27.6557    27.6549    34.4086    27.6555    1452.08    1452.09    -0.5521  1029.4844    34.5745 0.0000e+00
      16984 314.092820 -9.990e-29  -58.43644      0.424    1448.41    384.000    379.963    -0.5391    -0.5378     0.0013    -0.5520    -0.5507     0.0013   2.831036   2.830967  -0.000071    34.4084    34.4060     6.6760    27.6554    27.6533    34.4082    27.6552    1452.10    1452.11    -0.5518  1029.4859    34.5705 0.0000e+00
      17037 314.092845  -62.13926  -58.43642      0.454    1448.41    385.000    380.949    -0.5387    -0.5381     0.0006    -0.5517    -0.5511     0.0006   2.831086   2.831079  -0.000005    34.4080    34.4073     6.6647    27.6550    27.6544    34.4079    27.6549    1452.12    1452.12    -0.5514  1029.4931    34.5736 0.0000e+00
      17092 314.092872  -62.13926  -58.43640      0.433    1448.41    386.000    381.941    -0.5392    -0.5384     0.0008    -0.5522    -0.5514     0.0008   2.830835   2.830819  -0.000014    34.4045    34.4034     6.6650    27.6522    27.6513    34.4045    27.6522    1452.13    1452.13    -0.5519  1029.4972    34.5728 0.0000e+00
      17144 314.092897  -62.13927  -58.43637      0.461    1448.41    387.000    382.926    -0.5396    -0.5385     0.0011    -0.5526    -0.5515     0.0011   2.831025   2.831063   0.000034    34.4068    34.4061     6.6795    27.6541    27.6535    34.4068    27.6541    1452.15    1452.15    -0.5524  1029.5038    34.5751 0.0000e+00
      17299 314.092972  -62.13930  -58.43631      0.044    1448.41    388.000    383.915    -0.5406    -0.5402     0.0004    -0.5536    -0.5533     0.0004   2.830986   2.830985   0.000003    34.4068    34.4064     6.6823    27.6542    27.6538    34.4068    27.6541    1452.16    1452.16    -0.5534  1029.5086    34.5751 0.0000e+00
