Pos-Processados/pos_process42/Dados/doperantar42_045.cnv
* Sea-Bird SBE 9 Data File:
* FileName = C:\Users\Hidrografia\Desktop\OPXLII\Brutos\OP42045.hdr
* Software Version Seasave V 7.26.7.107
* Temperature SN = 6502
* Conductivity SN = 4998
* Number of Bytes Per Scan = 37
* Number of Voltage Words = 4
* Number of Scans Averaged by the Deck Unit = 1
* NMEA Latitude = 62 08.59 S
* NMEA Longitude = 058 26.59 W
* NMEA UTC (Time) = Nov 09 2023 20:07:12
* NMEA baud rate = 4800
** H41
** NPOALTEMAXIMIANO
** NUMERO DA ESTACAO (XXX) 045
** LAT (XX XX.XX S/N) 62 08.569 S
** LONG (XXX XX.XX W/E) 058 26.605 W
** DATAHORA (dd/mm/aaaa hh:mm Z) 09/11/2023 2006Z
** PROFUNDIDADE (m) 402
** OPERADOR CT FABIREZA
# nquan = 30
# nvalues = 372                         
# units = specified
# name 0 = scan: Scan Count
# name 1 = timeJ: Julian Days
# name 2 = latitude: Latitude [deg]
# name 3 = longitude: Longitude [deg]
# name 4 = dz/dtM: Descent Rate [m/s]
# name 5 = avgsvCM: Average Sound Velocity [Chen-Millero, m/s]
# name 6 = prDM: Pressure, Digiquartz [db]
# name 7 = depSM: Depth [salt water, m]
# name 8 = t090C: Temperature [ITS-90, deg C]
# name 9 = t190C: Temperature, 2 [ITS-90, deg C]
# name 10 = T2-T190C: Temperature Difference, 2 - 1 [ITS-90, deg C]
# name 11 = potemp090C: Potential Temperature [ITS-90, deg C]
# name 12 = potemp190C: Potential Temperature, 2 [ITS-90, deg C]
# name 13 = potemp90Cdiff: Potential Temperature, Diff, 2 - 1 [ITS-90, deg C]
# name 14 = c0S/m: Conductivity [S/m]
# name 15 = c1S/m: Conductivity, 2 [S/m]
# name 16 = C2-C1S/m: Conductivity Difference, 2 - 1 [S/m]
# name 17 = sal00: Salinity, Practical [PSU]
# name 18 = sal11: Salinity, Practical, 2 [PSU]
# name 19 = sbeox0ML/L: Oxygen, SBE 43 [ml/l]
# name 20 = sigma-é00: Density [sigma-theta, kg/m^3]
# name 21 = sigma-é11: Density, 2 [sigma-theta, kg/m^3]
# name 22 = sal00: Salinity, Practical [PSU]
# name 23 = sigma-é00: Density [sigma-theta, kg/m^3]
# name 24 = svCM: Sound Velocity [Chen-Millero, m/s]
# name 25 = svCM1: Sound Velocity, 2 [Chen-Millero, m/s]
# name 26 = gsw_ptA0: potential temperature [ITS-90, deg C]
# name 27 = gsw_densityA0: density, TEOS-10 [density, kg/m^3]
# name 28 = gsw_saA0: Absolute Salinity [g/kg]
# name 29 = flag:
# span 0 =       2613,      14116       
# span 1 = 313.839593, 313.845140       
# span 2 =  -62.14605,  -62.14370       
# span 3 =  -58.44308,  -58.44155       
# span 4 =     -0.202,      1.035       
# span 5 =       0.00,    1448.17       
# span 6 =      2.000,    373.000       
# span 7 =      1.976,    369.084       
# span 8 =    -0.8214,    -0.3808       
# span 9 =    -0.8203,    -0.3811       
# span 10 =    -0.0053,     0.0036      
# span 11 =    -0.8290,    -0.3938      
# span 12 =    -0.8279,    -0.3941      
# span 13 =    -0.0053,     0.0036      
# span 14 =   2.792645,   2.844280      
# span 15 =   2.792622,   2.844159      
# span 16 =  -0.000581,   0.000173      
# span 17 =    34.2765,    34.4131      
# span 18 =    34.2755,    34.4119      
# span 19 =     6.5559,     7.6471      
# span 20 =    27.5478,    27.6519      
# span 21 =    27.5469,    27.6510      
# span 22 =    34.2769,    34.4133      
# span 23 =    27.5480,    27.6521      
# span 24 =    1445.74,    1452.67      
# span 25 =    1445.74,    1452.67      
# span 26 =    -0.8288,    -0.3936      
# span 27 =  1027.5622,  1029.4338      
# span 28 =    34.4387,    34.5821      
# span 29 = 0.0000e+00, 0.0000e+00      
# interval = decibars: 1                
# start_time = Nov 09 2023 20:07:12 [NMEA time, header]
# bad_flag = -9.990e-29
*END*
[from data line 242]
       9721 313.843021  -62.14517  -58.44238      0.934    1447.01    244.000    241.516    -0.7976    -0.7970     0.0005    -0.8049    -0.8043     0.0005   2.795839   2.795803  -0.000032    34.3117    34.3107     7.4312    27.5879    27.5870    34.3120    27.5881    1448.48    1448.48    -0.8047  1028.7605    34.4794 0.0000e+00
       9749 313.843034  -62.14518  -58.44236      0.867    1447.01    245.000    242.506    -0.7962    -0.7955     0.0007    -0.8036    -0.8029     0.0007   2.796002   2.795986  -0.000017    34.3118    34.3108     7.4309    27.5879    27.5870    34.3121    27.5881    1448.50    1448.50    -0.8034  1028.7653    34.4795 0.0000e+00
       9778 313.843048  -62.14518  -58.44236      0.823    1447.01    246.000    243.495    -0.7956    -0.7949     0.0007    -0.8030    -0.8023     0.0007   2.796103   2.796090  -0.000015    34.3119    34.3109     7.4254    27.5880    27.5871    34.3121    27.5881    1448.52    1448.52    -0.8028  1028.7701    34.4796 0.0000e+00
       9808 313.843063  -62.14520  -58.44235      0.819    1447.01    247.000    244.484    -0.7972    -0.7961     0.0011    -0.8046    -0.8035     0.0011   2.796040   2.796044   0.000006    34.3125    34.3113     7.4292    27.5885    27.5875    34.3125    27.5885    1448.53    1448.53    -0.8044  1028.7752    34.4799 0.0000e+00
       9838 313.843077  -62.14520  -58.44234      0.806    1447.01    248.000    245.473    -0.7993    -0.7983     0.0011    -0.8068    -0.8057     0.0011   2.795933   2.795917  -0.000014    34.3127    34.3113     7.4249    27.5888    27.5876    34.3128    27.5888    1448.54    1448.54    -0.8066  1028.7804    34.4803 0.0000e+00
       9867 313.843091  -62.14522  -58.44234      0.817    1447.01    249.000    246.463    -0.8017    -0.7998     0.0018    -0.8091    -0.8073     0.0018   2.795722   2.795792   0.000068    34.3126    34.3114     7.4259    27.5887    27.5878    34.3120    27.5883    1448.54    1448.55    -0.8090  1028.7846    34.4794 0.0000e+00
       9895 313.843105  -62.14522  -58.44234      0.837    1447.01    250.000    247.451    -0.8042    -0.8038     0.0005    -0.8117    -0.8113     0.0005   2.795557   2.795532  -0.000028    34.3120    34.3111     7.4221    27.5884    27.5876    34.3121    27.5885    1448.55    1448.55    -0.8115  1028.7896    34.4795 0.0000e+00
       9924 313.843119  -62.14522  -58.44234      0.840    1447.01    251.000    248.441    -0.8023    -0.8014     0.0009    -0.8098    -0.8089     0.0009   2.795786   2.795769  -0.000004    34.3122    34.3112     7.4235    27.5885    27.5876    34.3124    27.5886    1448.57    1448.57    -0.8096  1028.7945    34.4798 0.0000e+00
       9951 313.843132  -62.14522  -58.44232      0.870    1447.01    252.000    249.430    -0.8021    -0.8015     0.0006    -0.8097    -0.8091     0.0006   2.795843   2.795815  -0.000029    34.3123    34.3112     7.4280    27.5885    27.5877    34.3123    27.5886    1448.59    1448.59    -0.8095  1028.7992    34.4798 0.0000e+00
       9978 313.843145  -62.14523  -58.44232      0.892    1447.01    253.000    250.419    -0.8102    -0.8080     0.0022    -0.8178    -0.8156     0.0022   2.795183   2.795232   0.000035    34.3135    34.3115     7.4301    27.5898    27.5881    34.3120    27.5886    1448.57    1448.57    -0.8176  1028.8041    34.4794 0.0000e+00
      10007 313.843159  -62.14524  -58.44232      0.852    1447.01    254.000    251.409    -0.8214    -0.8190     0.0024    -0.8290    -0.8265     0.0024   2.794336   2.794365   0.000031    34.3134    34.3110     7.4262    27.5902    27.5882    34.3126    27.5896    1448.53    1448.54    -0.8288  1028.8099    34.4801 0.0000e+00
      10038 313.843174  -62.14524  -58.44232      0.779    1447.01    255.000    252.397    -0.8211    -0.8203     0.0008    -0.8287    -0.8279     0.0008   2.794268   2.794269 5.3150e-07    34.3113    34.3103     7.4243    27.5885    27.5877    34.3107    27.5880    1448.55    1448.55    -0.8285  1028.8131    34.4781 0.0000e+00
      10068 313.843188  -62.14526  -58.44232      0.790    1447.01    256.000    253.387    -0.8153    -0.8169    -0.0016    -0.8230    -0.8246    -0.0016   2.794769   2.794624  -0.000131    34.3099    34.3100     7.4285    27.5872    27.5873    34.3103    27.5874    1448.59    1448.58    -0.8228  1028.8173    34.4777 0.0000e+00
      10096 313.843202  -62.14526  -58.44230      0.843    1447.01    257.000    254.376    -0.8132    -0.8148    -0.0016    -0.8209    -0.8225    -0.0016   2.795019   2.794856  -0.000151    34.3106    34.3103     7.4351    27.5876    27.5875    34.3107    27.5877    1448.62    1448.61    -0.8207  1028.8223    34.4782 0.0000e+00
      10123 313.843215  -62.14526  -58.44230      0.873    1447.01    258.000    255.365    -0.8138    -0.8139    -0.0001    -0.8215    -0.8216    -0.0001   2.795078   2.794975  -0.000109    34.3117    34.3103     7.4435    27.5885    27.5874    34.3115    27.5884    1448.63    1448.63    -0.8213  1028.8277    34.4790 0.0000e+00
      10150 313.843228  -62.14527  -58.44230      0.895    1447.01    259.000    256.354    -0.8138    -0.8137     0.0001    -0.8216    -0.8215     0.0001   2.795084   2.795054  -0.000050    34.3113    34.3105     7.4422    27.5882    27.5876    34.3110    27.5880    1448.65    1448.65    -0.8214  1028.8321    34.4785 0.0000e+00
      10178 313.843241  -62.14528  -58.44230      0.870    1447.01    260.000    257.343    -0.8169    -0.8150     0.0019    -0.8247    -0.8228     0.0019   2.794875   2.794968   0.000097    34.3114    34.3106     7.4474    27.5884    27.5877    34.3111    27.5882    1448.65    1448.65    -0.8245  1028.8371    34.4786 0.0000e+00
      10208 313.843256  -62.14528  -58.44228      0.813    1447.01    261.000    258.332    -0.8164    -0.8160     0.0005    -0.8242    -0.8238     0.0005   2.794957   2.794964  -0.000018    34.3110    34.3103     7.4317    27.5881    27.5875    34.3110    27.5881    1448.67    1448.67    -0.8240  1028.8418    34.4785 0.0000e+00
      10238 313.843270  -62.14530  -58.44228      0.797    1447.01    262.000    259.322    -0.8183    -0.8168     0.0015    -0.8262    -0.8246     0.0015   2.794884   2.794920   0.000057    34.3119    34.3109     7.4288    27.5889    27.5880    34.3116    27.5886    1448.67    1448.68    -0.8259  1028.8471    34.4791 0.0000e+00
      10268 313.843285  -62.14530  -58.44228      0.787    1447.01    263.000    260.311    -0.8189    -0.8183     0.0007    -0.8268    -0.8262     0.0007   2.794888   2.794871  -0.000012    34.3118    34.3109     7.4307    27.5889    27.5881    34.3117    27.5888    1448.69    1448.69    -0.8266  1028.8520    34.4792 0.0000e+00
      10297 313.843299  -62.14530  -58.44228      0.821    1447.01    264.000    261.300    -0.8186    -0.8178     0.0007    -0.8265    -0.8258     0.0007   2.794968   2.794940  -0.000031    34.3119    34.3107     7.4393    27.5889    27.5879    34.3117    27.5888    1448.71    1448.71    -0.8263  1028.8568    34.4793 0.0000e+00
      10323 313.843311  -62.14530  -58.44226      0.890    1447.01    265.000    262.290    -0.8191    -0.8180     0.0010    -0.8270    -0.8260     0.0010   2.794989   2.794985  -0.000006    34.3118    34.3105     7.4361    27.5888    27.5878    34.3120    27.5890    1448.72    1448.72    -0.8268  1028.8618    34.4795 0.0000e+00
      10349 313.843324  -62.14532  -58.44226      0.927    1447.01    266.000    263.279    -0.8151    -0.8136     0.0014    -0.8230    -0.8216     0.0014   2.795348   2.795390   0.000044    34.3118    34.3108     7.4343    27.5887    27.5878    34.3117    27.5886    1448.76    1448.76    -0.8229  1028.8661    34.4792 0.0000e+00
      10375 313.843336  -62.14532  -58.44226      0.921    1447.01    267.000    264.267    -0.8156    -0.8152     0.0004    -0.8236    -0.8232     0.0004   2.795390   2.795333  -0.000050    34.3120    34.3108     7.4355    27.5889    27.5879    34.3123    27.5891    1448.77    1448.77    -0.8234  1028.8714    34.4798 0.0000e+00
      10402 313.843349  -62.14532  -58.44226      0.899    1447.01    268.000    265.257    -0.8171    -0.8161     0.0010    -0.8252    -0.8241     0.0010   2.795270   2.795278  -0.000010    34.3121    34.3108     7.4384    27.5890    27.5879    34.3117    27.5887    1448.78    1448.78    -0.8249  1028.8758    34.4793 0.0000e+00
      10431 313.843363  -62.14534  -58.44225      0.860    1447.01    269.000    266.246    -0.8099    -0.8082     0.0017    -0.8180    -0.8163     0.0017   2.795967   2.796085   0.000124    34.3102    34.3100     7.4295    27.5872    27.5870    34.3124    27.5889    1448.83    1448.84    -0.8178  1028.8807    34.4799 0.0000e+00
      10460 313.843377  -62.14534  -58.44224      0.828    1447.01    270.000    267.235    -0.7808    -0.7817    -0.0009    -0.7890    -0.7899    -0.0009   2.798363   2.798447   0.000075    34.3093    34.3113     7.4229    27.5853    27.5869    34.3112    27.5868    1448.98    1448.98    -0.7888  1028.8831    34.4787 0.0000e+00
      10487 313.843390  -62.14534  -58.44224      0.851    1447.01    271.000    268.224    -0.7805    -0.7791     0.0014    -0.7888    -0.7874     0.0014   2.798692   2.798710   0.000037    34.3137    34.3125     7.4311    27.5888    27.5878    34.3147    27.5897    1449.00    1449.01    -0.7885  1028.8907    34.4823 0.0000e+00
      10513 313.843403  -62.14535  -58.44224      0.906    1447.01    272.000    269.213    -0.7800    -0.7786     0.0013    -0.7882    -0.7869     0.0013   2.798829   2.798826  -0.000005    34.3142    34.3126     7.4211    27.5892    27.5879    34.3153    27.5901    1449.02    1449.03    -0.7880  1028.8959    34.4829 0.0000e+00
      10539 313.843415  -62.14536  -58.44224      0.925    1447.01    273.000    270.202    -0.7773    -0.7765     0.0008    -0.7856    -0.7848     0.0008   2.799069   2.799062  -0.000016    34.3138    34.3127     7.4081    27.5888    27.5879    34.3149    27.5896    1449.05    1449.05    -0.7854  1028.9002    34.4824 0.0000e+00
      10567 313.843429  -62.14536  -58.44224      0.894    1447.01    274.000    271.192    -0.7725    -0.7721     0.0004    -0.7808    -0.7804     0.0004   2.799546   2.799502  -0.000037    34.3141    34.3131     7.3980    27.5888    27.5880    34.3153    27.5898    1449.09    1449.09    -0.7806  1028.9051    34.4829 0.0000e+00
      10594 313.843442  -62.14536  -58.44222      0.869    1447.01    275.000    272.180    -0.7682    -0.7659     0.0023    -0.7766    -0.7743     0.0023   2.799956   2.800088   0.000121    34.3143    34.3134     7.3929    27.5888    27.5880    34.3153    27.5896    1449.13    1449.14    -0.7764  1028.9096    34.4829 0.0000e+00
      10622 313.843455  -62.14538  -58.44222      0.866    1447.01    276.000    273.169    -0.7603    -0.7636    -0.0034    -0.7687    -0.7720    -0.0034   2.800758   2.800443  -0.000260    34.3131    34.3134     7.3868    27.5875    27.5878    34.3166    27.5903    1449.18    1449.17    -0.7685  1028.9150    34.4842 0.0000e+00
      10648 313.843468  -62.14538  -58.44222      0.903    1447.01    277.000    274.159    -0.7236    -0.7232     0.0004    -0.7322    -0.7318     0.0004   2.804084   2.804116  -0.000012    34.3156    34.3149     7.3809    27.5880    27.5875    34.3194    27.5911    1449.37    1449.38    -0.7320  1028.9202    34.4870 0.0000e+00
      10672 313.843479  -62.14538  -58.44222      0.973    1447.01    278.000    275.148    -0.7162    -0.7153     0.0008    -0.7248    -0.7240     0.0008   2.804957   2.804902  -0.000053    34.3199    34.3182     7.3901    27.5912    27.5898    34.3221    27.5930    1449.43    1449.43    -0.7246  1028.9268    34.4897 0.0000e+00
      10697 313.843491  -62.14539  -58.44221      0.981    1447.01    279.000    276.137    -0.7110    -0.7130    -0.0019    -0.7197    -0.7216    -0.0019   2.805538   2.805282  -0.000245    34.3201    34.3190     7.3837    27.5911    27.5903    34.3235    27.5939    1449.47    1449.46    -0.7195  1028.9324    34.4911 0.0000e+00
      10724 313.843505  -62.14540  -58.44220      0.900    1447.01    280.000    277.126    -0.6954    -0.6953     0.0001    -0.7041    -0.7040     0.0001   2.807066   2.807013  -0.000058    34.3231    34.3223     7.3555    27.5929    27.5923    34.3258    27.5951    1449.56    1449.56    -0.7039  1028.9382    34.4934 0.0000e+00
      10754 313.843519  -62.14540  -58.44220      0.831    1447.01    281.000    278.114    -0.6950    -0.6938     0.0012    -0.7038    -0.7026     0.0012   2.807229   2.807216  -0.000007    34.3251    34.3237     7.3350    27.5946    27.5933    34.3270    27.5960    1449.58    1449.59    -0.7036  1028.9439    34.4946 0.0000e+00
      10784 313.843533  -62.14540  -58.44220      0.805    1447.01    282.000    279.104    -0.6959    -0.6946     0.0012    -0.7047    -0.7034     0.0013   2.807185   2.807196  -0.000010    34.3254    34.3239     7.3146    27.5948    27.5935    34.3267    27.5959    1449.60    1449.60    -0.7045  1028.9485    34.4944 0.0000e+00
      10813 313.843547  -62.14542  -58.44219      0.817    1447.01    283.000    280.093    -0.6939    -0.6944    -0.0005    -0.7027    -0.7032    -0.0005   2.807406   2.807270  -0.000110    34.3251    34.3241     7.2929    27.5944    27.5937    34.3268    27.5959    1449.62    1449.62    -0.7025  1028.9533    34.4945 0.0000e+00
      10841 313.843561  -62.14542  -58.44218      0.842    1447.01    284.000    281.082    -0.6915    -0.6911     0.0004    -0.7004    -0.7000     0.0004   2.807655   2.807609  -0.000055    34.3253    34.3241     7.2778    27.5945    27.5935    34.3269    27.5959    1449.65    1449.65    -0.7002  1028.9580    34.4946 0.0000e+00
      10868 313.843574  -62.14542  -58.44218      0.873    1447.01    285.000    282.071    -0.6831    -0.6831    -0.0000    -0.6920    -0.6921    -0.0000   2.808395   2.808364  -0.000052    34.3253    34.3246     7.2883    27.5942    27.5936    34.3267    27.5954    1449.70    1449.70    -0.6918  1028.9621    34.4944 0.0000e+00
      10894 313.843586  -62.14543  -58.44218      0.911    1447.01    286.000    283.060    -0.6856    -0.6824     0.0032    -0.6946    -0.6914     0.0032   2.808330   2.808459   0.000139    34.3269    34.3252     7.2962    27.5956    27.5941    34.3281    27.5966    1449.71    1449.72    -0.6944  1028.9682    34.4958 0.0000e+00
      10920 313.843599  -62.14544  -58.44218      0.929    1447.01    287.000    284.050    -0.6808    -0.6808     0.0000    -0.6898    -0.6898     0.0000   2.808724   2.808653  -0.000070    34.3260    34.3251     7.2897    27.5947    27.5939    34.3274    27.5958    1449.75    1449.75    -0.6896  1028.9721    34.4951 0.0000e+00
      10947 313.843612  -62.14544  -58.44216      0.907    1447.01    288.000    285.038    -0.6714    -0.6716    -0.0003    -0.6804    -0.6807    -0.0003   2.809690   2.809580  -0.000102    34.3267    34.3256     7.2866    27.5948    27.5940    34.3291    27.5968    1449.81    1449.81    -0.6802  1028.9777    34.4968 0.0000e+00
      10974 313.843625  -62.14546  -58.44216      0.891    1447.01    289.000    286.028    -0.6618    -0.6612     0.0006    -0.6709    -0.6703     0.0006   2.810682   2.810700   0.000006    34.3292    34.3286     7.2861    27.5964    27.5960    34.3310    27.5979    1449.88    1449.88    -0.6707  1028.9835    34.4987 0.0000e+00
      11001 313.843638  -62.14546  -58.44216      0.878    1447.01    290.000    287.016    -0.6577    -0.6575     0.0002    -0.6668    -0.6666     0.0002   2.811232   2.811135  -0.000092    34.3314    34.3300     7.2802    27.5981    27.5969    34.3332    27.5995    1449.91    1449.91    -0.6667  1028.9898    34.5009 0.0000e+00
      11028 313.843651  -62.14546  -58.44216      0.881    1447.01    291.000    288.005    -0.6559    -0.6551     0.0008    -0.6651    -0.6643     0.0008   2.811463   2.811434  -0.000031    34.3324    34.3311     7.2744    27.5988    27.5977    34.3336    27.5998    1449.94    1449.94    -0.6649  1028.9949    34.5013 0.0000e+00
