Pos-Processados/pos_process42/Dados/doperantar42_038.cnv
* Sea-Bird SBE 9 Data File:
* FileName = C:\Users\Hidrografia\Desktop\OPXLII\Brutos\OP42038.hdr
* Software Version Seasave V 7.26.7.107
* Temperature SN = 6502
* Conductivity SN = 4998
* Number of Bytes Per Scan = 37
* Number of Voltage Words = 4
* Number of Scans Averaged by the Deck Unit = 1
* NMEA Latitude = 62 08.57 S
* NMEA Longitude = 058 26.33 W
* NMEA UTC (Time) = Nov 09 2023 13:11:55
* NMEA baud rate = 4800
** H41
** NPOALTEMAXIMIANO
** NUMERO DA ESTACAO (XXX) 038
** LAT (XX XX.XX S/N) 62 08.14 S
** LONG (XXX XX.XX W/E) 058 26.57 W
** DATAHORA (dd/mm/aaaa hh:mm Z) 09/11/2023 1305Z
** PROFUNDIDADE (m) 400
** OPERADOR 1T ZAMITH
# nquan = 30
# nvalues = 346                         
# units = specified
# name 0 = scan: Scan Count
# name 1 = timeJ: Julian Days
# name 2 = latitude: Latitude [deg]
# name 3 = longitude: Longitude [deg]
# name 4 = dz/dtM: Descent Rate [m/s]
# name 5 = avgsvCM: Average Sound Velocity [Chen-Millero, m/s]
# name 6 = prDM: Pressure, Digiquartz [db]
# name 7 = depSM: Depth [salt water, m]
# name 8 = t090C: Temperature [ITS-90, deg C]
# name 9 = t190C: Temperature, 2 [ITS-90, deg C]
# name 10 = T2-T190C: Temperature Difference, 2 - 1 [ITS-90, deg C]
# name 11 = potemp090C: Potential Temperature [ITS-90, deg C]
# name 12 = potemp190C: Potential Temperature, 2 [ITS-90, deg C]
# name 13 = potemp90Cdiff: Potential Temperature, Diff, 2 - 1 [ITS-90, deg C]
# name 14 = c0S/m: Conductivity [S/m]
# name 15 = c1S/m: Conductivity, 2 [S/m]
# name 16 = C2-C1S/m: Conductivity Difference, 2 - 1 [S/m]
# name 17 = sal00: Salinity, Practical [PSU]
# name 18 = sal11: Salinity, Practical, 2 [PSU]
# name 19 = sbeox0ML/L: Oxygen, SBE 43 [ml/l]
# name 20 = sigma-é00: Density [sigma-theta, kg/m^3]
# name 21 = sigma-é11: Density, 2 [sigma-theta, kg/m^3]
# name 22 = sal00: Salinity, Practical [PSU]
# name 23 = sigma-é00: Density [sigma-theta, kg/m^3]
# name 24 = svCM: Sound Velocity [Chen-Millero, m/s]
# name 25 = svCM1: Sound Velocity, 2 [Chen-Millero, m/s]
# name 26 = gsw_ptA0: potential temperature [ITS-90, deg C]
# name 27 = gsw_densityA0: density, TEOS-10 [density, kg/m^3]
# name 28 = gsw_saA0: Absolute Salinity [g/kg]
# name 29 = flag:
# span 0 =       3086,      12920       
# span 1 = 313.551430, 313.556172       
# span 2 =  -62.14522,  -62.14341       
# span 3 =  -58.43813,  -58.43570       
# span 4 =     -0.165,      1.195       
# span 5 =       0.00,    1450.09       
# span 6 =      4.000,    349.000       
# span 7 =      3.951,    345.349       
# span 8 =    -0.8212,    -0.5256       
# span 9 =    -0.8203,    -0.5275       
# span 10 =    -0.0036,     0.0063      
# span 11 =    -0.8259,    -0.5372      
# span 12 =    -0.8250,    -0.5391      
# span 13 =    -0.0035,     0.0063      
# span 14 =   2.789924,   2.830019      
# span 15 =   2.789918,   2.829575      
# span 16 =  -0.000402,   0.000312      
# span 17 =    34.2804,    34.3999      
# span 18 =    34.2791,    34.3966      
# span 19 =     6.7200,     7.7359      
# span 20 =    27.5518,    27.6478      
# span 21 =    27.5507,    27.6452      
# span 22 =    34.2806,    34.4005      
# span 23 =    27.5520,    27.6483      
# span 24 =    1445.69,    1451.58      
# span 25 =    1445.70,    1451.57      
# span 26 =    -0.8258,    -0.5370      
# span 27 =  1027.5762,  1029.3167      
# span 28 =    34.4431,    34.5677      
# span 29 = 0.0000e+00, 0.0000e+00      
# interval = decibars: 1                
# start_time = Nov 09 2023 13:11:55 [NMEA time, header]
# bad_flag = -9.990e-29
*END*
[from data line 291]
      10822 313.555161  -62.14482  -58.43624      0.961    1447.28    295.000    291.961    -0.6260    -0.6244     0.0017    -0.6355    -0.6338     0.0017   2.817351   2.817371   0.000027    34.3766    34.3751     6.9351    27.6333    27.6320    34.3767    27.6334    1450.20    1450.21    -0.6352  1029.0470    34.5446 0.0000e+00
      10850 313.555174  -62.14482  -58.43624      0.878    1447.28    296.000    292.951    -0.6257    -0.6252     0.0005    -0.6352    -0.6346     0.0005   2.817434   2.817407  -0.000026    34.3769    34.3759     6.9387    27.6335    27.6327    34.3768    27.6335    1450.22    1450.22    -0.6350  1029.0519    34.5448 0.0000e+00
      10876 313.555187  -62.14484  -58.43624      0.883    1447.28    297.000    293.939    -0.6251    -0.6244     0.0007    -0.6346    -0.6339     0.0007   2.817546   2.817511  -0.000026    34.3770    34.3758     6.9362    27.6335    27.6326    34.3770    27.6336    1450.24    1450.24    -0.6344  1029.0568    34.5450 0.0000e+00
      10901 313.555199  -62.14484  -58.43622      0.950    1447.28    298.000    294.928    -0.6238    -0.6232     0.0007    -0.6334    -0.6327     0.0007   2.817714   2.817716  -0.000012    34.3772    34.3762     6.9357    27.6337    27.6329    34.3773    27.6337    1450.26    1450.26    -0.6332  1029.0617    34.5452 0.0000e+00
      10923 313.555209  -62.14484  -58.43622      1.021    1447.28    299.000    295.917    -0.6215    -0.6213     0.0003    -0.6311    -0.6309     0.0003   2.818021   2.817943  -0.000068    34.3776    34.3764     6.9188    27.6339    27.6329    34.3782    27.6344    1450.29    1450.29    -0.6309  1029.0671    34.5462 0.0000e+00
      10946 313.555220  -62.14484  -58.43622      1.069    1447.28    300.000    296.906    -0.6148    -0.6148    -0.0000    -0.6244    -0.6245    -0.0000   2.818669   2.818610  -0.000052    34.3772    34.3765     6.9193    27.6333    27.6327    34.3787    27.6345    1450.34    1450.34    -0.6242  1029.0719    34.5466 0.0000e+00
      10968 313.555231  -62.14484  -58.43622      1.072    1447.28    301.000    297.895    -0.6040    -0.6037     0.0003    -0.6137    -0.6134     0.0003   2.819627   2.819637  -0.000014    34.3779    34.3774     6.9185    27.6334    27.6330    34.3787    27.6341    1450.41    1450.41    -0.6135  1029.0761    34.5467 0.0000e+00
      10993 313.555243  -62.14485  -58.43621      1.017    1447.28    302.000    298.884    -0.6036    -0.6004     0.0031    -0.6133    -0.6102     0.0031   2.819809   2.820007   0.000191    34.3791    34.3782     6.9117    27.6344    27.6335    34.3801    27.6351    1450.42    1450.44    -0.6131  1029.0819    34.5481 0.0000e+00
      11018 313.555255  -62.14486  -58.43620      0.966    1447.28    303.000    299.873    -0.6020    -0.5975     0.0045    -0.6118    -0.6073     0.0045   2.820073   2.820297   0.000212    34.3807    34.3785     6.9005    27.6356    27.6336    34.3812    27.6360    1450.45    1450.47    -0.6116  1029.0875    34.5492 0.0000e+00
      11043 313.555267  -62.14486  -58.43620      0.953    1447.28    304.000    300.862    -0.6022    -0.6019     0.0003    -0.6120    -0.6117     0.0003   2.820197   2.819997  -0.000163    34.3815    34.3790     6.8930    27.6363    27.6342    34.3826    27.6371    1450.47    1450.46    -0.6118  1029.0934    34.5506 0.0000e+00
      11068 313.555279  -62.14486  -58.43618      0.956    1447.28    305.000    301.851    -0.5936    -0.5939    -0.0003    -0.6035    -0.6038    -0.0003   2.820738   2.820723  -0.000045    34.3787    34.3784     6.8845    27.6336    27.6333    34.3795    27.6342    1450.52    1450.52    -0.6033  1029.0952    34.5475 0.0000e+00
      11092 313.555291  -62.14486  -58.43618      0.976    1447.28    306.000    302.840    -0.5948    -0.5933     0.0015    -0.6048    -0.6033     0.0015   2.820675   2.820722   0.000070    34.3790    34.3782     6.8880    27.6339    27.6332    34.3794    27.6342    1450.53    1450.54    -0.6045  1029.0999    34.5474 0.0000e+00
      11116 313.555302  -62.14488  -58.43618      1.005    1447.28    307.000    303.829    -0.5942    -0.5932     0.0010    -0.6042    -0.6032     0.0010   2.820806   2.820820   0.000010    34.3792    34.3782     6.8825    27.6340    27.6332    34.3798    27.6346    1450.55    1450.55    -0.6039  1029.1050    34.5478 0.0000e+00
      11140 313.555314  -62.14488  -58.43618      1.014    1447.28    308.000    304.818    -0.5946    -0.5940     0.0006    -0.6046    -0.6039     0.0006   2.820822   2.820761  -0.000050    34.3793    34.3779     6.8800    27.6341    27.6330    34.3799    27.6346    1450.57    1450.57    -0.6044  1029.1098    34.5479 0.0000e+00
      11165 313.555326  -62.14488  -58.43616      0.979    1447.28    309.000    305.807    -0.5916    -0.5909     0.0008    -0.6017    -0.6009     0.0008   2.821146   2.821159   0.000003    34.3795    34.3787     6.8805    27.6342    27.6335    34.3803    27.6348    1450.60    1450.60    -0.6014  1029.1147    34.5483 0.0000e+00
      11191 313.555339  -62.14488  -58.43616      0.932    1447.28    310.000    306.795    -0.5917    -0.5886     0.0030    -0.6017    -0.5987     0.0030   2.821215   2.821402   0.000174    34.3803    34.3792     6.8836    27.6348    27.6338    34.3806    27.6351    1450.61    1450.62    -0.6015  1029.1198    34.5486 0.0000e+00
      11218 313.555352  -62.14488  -58.43616      0.899    1447.28    311.000    307.785    -0.5923    -0.5908     0.0015    -0.6024    -0.6009     0.0015   2.821209   2.821223   0.000020    34.3805    34.3791     6.8809    27.6350    27.6338    34.3807    27.6351    1450.62    1450.63    -0.6022  1029.1246    34.5487 0.0000e+00
      11244 313.555364  -62.14490  -58.43614      0.912    1447.28    312.000    308.773    -0.5941    -0.5930     0.0011    -0.6042    -0.6031     0.0011   2.821071   2.821078 -1.432e-07    34.3802    34.3790     6.8830    27.6348    27.6338    34.3803    27.6349    1450.63    1450.64    -0.6040  1029.1291    34.5483 0.0000e+00
      11268 313.555375  -62.14490  -58.43614      0.969    1447.28    313.000    309.762    -0.5934    -0.5929     0.0004    -0.6035    -0.6031     0.0004   2.821187   2.821123  -0.000045    34.3797    34.3786     6.8719    27.6344    27.6335    34.3804    27.6349    1450.65    1450.65    -0.6033  1029.1339    34.5484 0.0000e+00
      11289 313.555386  -62.14490  -58.43614      1.044    1447.28    314.000    310.752    -0.5920    -0.5908     0.0012    -0.6022    -0.6010     0.0012   2.821353   2.821382   0.000013    34.3804    34.3792     6.8720    27.6349    27.6339    34.3804    27.6349    1450.68    1450.68    -0.6020  1029.1386    34.5484 0.0000e+00
      11311 313.555396  -62.14490  -58.43614      1.106    1447.28    315.000    311.740    -0.5977    -0.5965     0.0012    -0.6079    -0.6067     0.0012   2.820948   2.820936 5.2688e-07    34.3807    34.3794     6.8746    27.6354    27.6343    34.3808    27.6355    1450.67    1450.67    -0.6077  1029.1440    34.5488 0.0000e+00
      11333 313.555407  -62.14490  -58.43614      1.104    1447.28    316.000    312.729    -0.5945    -0.5920     0.0025    -0.6048    -0.6023     0.0025   2.821327   2.821383   0.000074    34.3809    34.3791     6.8809    27.6354    27.6339    34.3817    27.6361    1450.70    1450.71    -0.6046  1029.1493    34.5497 0.0000e+00
      11358 313.555419  -62.14492  -58.43612      1.030    1447.49    317.000    313.717    -0.5915    -0.5882     0.0033    -0.6018    -0.5985     0.0033   2.821544   2.821726   0.000158    34.3809    34.3793     6.8779    27.6353    27.6339    34.3806    27.6350    1450.73    1450.74    -0.6016  1029.1530    34.5486 0.0000e+00
      11385 313.555432  -62.14492  -58.43612      0.919    1447.86    318.000    314.707    -0.5944    -0.5924     0.0020    -0.6047    -0.6028     0.0020   2.821200   2.821256   0.000062    34.3787    34.3773     6.8756    27.6337    27.6325    34.3787    27.6336    1450.73    1450.73    -0.6045  1029.1564    34.5467 0.0000e+00
      11413 313.555446  -62.14492  -58.43611      0.853    1447.86    319.000    315.696    -0.5976    -0.5963     0.0012    -0.6080    -0.6067     0.0012   2.820974   2.820982   0.000012    34.3790    34.3777     6.8784    27.6340    27.6329    34.3786    27.6337    1450.73    1450.73    -0.6077  1029.1613    34.5466 0.0000e+00
      11439 313.555458  -62.14492  -58.43610      0.891    1447.86    320.000    316.684    -0.5979    -0.5981    -0.0003    -0.6083    -0.6085    -0.0003   2.821014   2.820899  -0.000104    34.3785    34.3774     6.8767    27.6336    27.6328    34.3789    27.6340    1450.74    1450.74    -0.6081  1029.1662    34.5469 0.0000e+00
      11462 313.555469  -62.14493  -58.43610      0.978    1447.86    321.000    317.673    -0.5954    -0.5948     0.0005    -0.6058    -0.6052     0.0005   2.821233   2.821205  -0.000035    34.3784    34.3773     6.8787    27.6335    27.6325    34.3784    27.6334    1450.77    1450.77    -0.6056  1029.1704    34.5464 0.0000e+00
      11485 313.555480  -62.14494  -58.43610      1.045    1447.86    322.000    318.663    -0.5961    -0.5950     0.0011    -0.6066    -0.6055     0.0011   2.821184   2.821202   0.000015    34.3778    34.3768     6.8886    27.6330    27.6321    34.3780    27.6332    1450.78    1450.79    -0.6064  1029.1749    34.5460 0.0000e+00
      11509 313.555492  -62.14494  -58.43608      1.042    1447.86    323.000    319.651    -0.5954    -0.5944     0.0010    -0.6059    -0.6049     0.0010   2.821426   2.821396  -0.000023    34.3796    34.3782     6.8903    27.6344    27.6332    34.3798    27.6346    1450.81    1450.81    -0.6057  1029.1811    34.5478 0.0000e+00
      11536 313.555505  -62.14494  -58.43608      0.930    1447.86    324.000    320.640    -0.5970    -0.5959     0.0011    -0.6075    -0.6064     0.0011   2.821378   2.821383   0.000003    34.3804    34.3792     6.8958    27.6352    27.6341    34.3803    27.6351    1450.81    1450.82    -0.6073  1029.1864    34.5483 0.0000e+00
      11566 313.555520  -62.14495  -58.43607      0.803    1447.86    325.000    321.629    -0.5965    -0.5957     0.0008    -0.6071    -0.6063     0.0008   2.821499   2.821490  -0.000006    34.3805    34.3795     6.8934    27.6352    27.6343    34.3808    27.6355    1450.83    1450.84    -0.6069  1029.1915    34.5488 0.0000e+00
      11594 313.555533  -62.14496  -58.43606      0.840    1447.86    326.000    322.618    -0.5909    -0.5901     0.0008    -0.6015    -0.6007     0.0008   2.822135   2.822125  -0.000009    34.3819    34.3809     6.8882    27.6361    27.6353    34.3824    27.6365    1450.88    1450.88    -0.6013  1029.1973    34.5505 0.0000e+00
      11617 313.555544  -62.14496  -58.43606      0.958    1447.86    327.000    323.606    -0.5883    -0.5885    -0.0002    -0.5990    -0.5992    -0.0002   2.822451   2.822361  -0.000080    34.3825    34.3816     6.8837    27.6364    27.6358    34.3831    27.6370    1450.91    1450.91    -0.5987  1029.2024    34.5511 0.0000e+00
      11639 313.555555  -62.14496  -58.43605      1.055    1447.86    328.000    324.595    -0.5918    -0.5893     0.0025    -0.6025    -0.6000     0.0025   2.822187   2.822273   0.000090    34.3835    34.3819     6.8807    27.6374    27.6360    34.3829    27.6370    1450.91    1450.92    -0.6023  1029.2049    34.5481 0.0000e+00
      11661 313.555565 -9.990e-29  -58.43604      1.088    1447.86    329.000    325.585    -0.5896    -0.5932    -0.0036    -0.6004    -0.6039    -0.0035   2.822373   2.822087  -0.000304    34.3815    34.3814     6.8727    27.6357    27.6358    34.3824    27.6364    1450.93    1450.92    -0.6001  1029.2067    34.5446 0.0000e+00
      11687 313.555578 -9.990e-29  -58.43604      0.999    1447.86    330.000    326.573    -0.6007    -0.5959     0.0049    -0.6115    -0.6066     0.0048   2.821616   2.821771   0.000171    34.3854    34.3822     6.8569    27.6394    27.6366    34.3841    27.6383    1450.90    1450.92    -0.6112  1029.2134    34.5463 0.0000e+00
      11717 313.555592 -9.990e-29  -58.43604      0.836    1447.86    331.000    327.562    -0.6055    -0.6049     0.0006    -0.6162    -0.6157     0.0006   2.821044   2.820988  -0.000071    34.3818    34.3802     6.8539    27.6367    27.6354    34.3812    27.6362    1450.89    1450.89    -0.6160  1029.2161    34.5433 0.0000e+00
      11916 313.555688  -62.14503  -58.43597      0.510    1447.86    332.000    328.547    -0.6080    -0.6071     0.0009    -0.6188    -0.6179     0.0009   2.820762   2.820762 1.9938e-07    34.3798    34.3788     6.8712    27.6352    27.6343    34.3797    27.6351    1450.89    1450.90    -0.6186  1029.2234    34.5463 0.0000e+00
      12264 313.555856  -62.14508  -58.43588      0.434    1447.86    333.000    329.539    -0.6127    -0.6120     0.0007    -0.6235    -0.6228     0.0007   2.820279   2.820264  -0.000014    34.3778    34.3769     6.9023    27.6338    27.6330    34.3779    27.6338    1450.89    1450.89    -0.6233  1029.2281    34.5459 0.0000e+00
      12283 313.555865  -62.14508  -58.43587      0.686    1447.86    334.000    330.529    -0.6103    -0.6097     0.0006    -0.6212    -0.6205     0.0006   2.820562   2.820550  -0.000009    34.3782    34.3773     6.8911    27.6340    27.6333    34.3784    27.6341    1450.91    1450.92    -0.6209  1029.2331    34.5464 0.0000e+00
      12317 313.555882  -62.14510  -58.43586      0.720    1447.86    335.000    331.517    -0.6085    -0.6083     0.0002    -0.6194    -0.6192     0.0002   2.820810   2.820764  -0.000043    34.3788    34.3779     6.8941    27.6343    27.6337    34.3791    27.6346    1450.94    1450.94    -0.6192  1029.2383    34.5471 0.0000e+00
      12356 313.555900  -62.14510  -58.43585      0.630    1447.86    336.000    332.506    -0.6058    -0.6051     0.0007    -0.6167    -0.6160     0.0007   2.821166   2.821173   0.000006    34.3798    34.3791     6.8941    27.6351    27.6345    34.3801    27.6353    1450.97    1450.97    -0.6165  1029.2437    34.5482 0.0000e+00
      12398 313.555920  -62.14511  -58.43584      0.573    1447.86    337.000    333.495    -0.6036    -0.6029     0.0007    -0.6146    -0.6139     0.0007   2.821468   2.821461 -6.520e-07    34.3807    34.3799     6.8871    27.6357    27.6350    34.3811    27.6360    1451.00    1451.00    -0.6144  1029.2492    34.5491 0.0000e+00
      12436 313.555939  -62.14512  -58.43583      0.621    1447.86    338.000    334.483    -0.5885    -0.5895    -0.0010    -0.5996    -0.6006    -0.0010   2.822980   2.822903  -0.000075    34.3820    34.3821     6.8740    27.6361    27.6362    34.3838    27.6375    1451.09    1451.08    -0.5993  1029.2552    34.5518 0.0000e+00
      12471 313.555956  -62.14513  -58.43582      0.672    1447.86    339.000    335.472    -0.5722    -0.5727    -0.0005    -0.5833    -0.5838    -0.0005   2.824627   2.824584  -0.000041    34.3849    34.3849     6.8654    27.6377    27.6378    34.3868    27.6393    1451.18    1451.18    -0.5831  1029.2615    34.5549 0.0000e+00
      12508 313.555974  -62.14514  -58.43581      0.656    1447.86    340.000    336.461    -0.5665    -0.5668    -0.0003    -0.5777    -0.5780    -0.0003   2.825268   2.825184  -0.000083    34.3873    34.3866     6.8511    27.6394    27.6388    34.3884    27.6403    1451.23    1451.23    -0.5775  1029.2673    34.5565 0.0000e+00
      12547 313.555992  -62.14514  -58.43580      0.627    1447.86    341.000    337.450    -0.5657    -0.5650     0.0007    -0.5770    -0.5762     0.0007   2.825426   2.825427  -0.000013    34.3881    34.3871     6.8191    27.6400    27.6392    34.3890    27.6408    1451.25    1451.25    -0.5767  1029.2725    34.5571 0.0000e+00
