Pos-Processados/pos_process42/Dados/doperantar42_011.cnv
* Sea-Bird SBE 9 Data File:
* FileName = C:\Users\Hidrografia\Desktop\OPXLII\Brutos\OP42011.hdr
* Software Version Seasave V 7.26.7.107
* Temperature SN = 6502
* Conductivity SN = 4998
* Number of Bytes Per Scan = 31
* Number of Voltage Words = 2
* Number of Scans Averaged by the Deck Unit = 1
* NMEA Latitude = 45 08.67 S
* NMEA Longitude = 055 57.85 W
* NMEA UTC (Time) = Oct 19 2023 08:19:59
* NMEA baud rate = 4800
** H41
** NPOALTEMAXIMIANO
** NUMERO DA ESTACAO (XXX) 011
** LAT (XX XX.XX S/N) 45 5.419 S
** LONG (XXX XX.XX W/E) 055 57.980 W
** DATAHORA (dd/mm/aaaa hh:mm Z) 19/10/2023 0819Z
** PROFUNDIDADE (m) 5475
** OPERADOR CT FILIPE LOPES
# nquan = 30
# nvalues = 1014                        
# units = specified
# name 0 = scan: Scan Count
# name 1 = timeJ: Julian Days
# name 2 = latitude: Latitude [deg]
# name 3 = longitude: Longitude [deg]
# name 4 = dz/dtM: Descent Rate [m/s]
# name 5 = avgsvCM: Average Sound Velocity [Chen-Millero, m/s]
# name 6 = prDM: Pressure, Digiquartz [db]
# name 7 = depSM: Depth [salt water, m]
# name 8 = t090C: Temperature [ITS-90, deg C]
# name 9 = t190C: Temperature, 2 [ITS-90, deg C]
# name 10 = T2-T190C: Temperature Difference, 2 - 1 [ITS-90, deg C]
# name 11 = potemp090C: Potential Temperature [ITS-90, deg C]
# name 12 = potemp190C: Potential Temperature, 2 [ITS-90, deg C]
# name 13 = potemp90Cdiff: Potential Temperature, Diff, 2 - 1 [ITS-90, deg C]
# name 14 = c0S/m: Conductivity [S/m]
# name 15 = c1S/m: Conductivity, 2 [S/m]
# name 16 = C2-C1S/m: Conductivity Difference, 2 - 1 [S/m]
# name 17 = sal00: Salinity, Practical [PSU]
# name 18 = sal11: Salinity, Practical, 2 [PSU]
# name 19 = sbeox0ML/L: Oxygen, SBE 43 [ml/l]
# name 20 = sigma-é00: Density [sigma-theta, kg/m^3]
# name 21 = sigma-é11: Density, 2 [sigma-theta, kg/m^3]
# name 22 = sal00: Salinity, Practical [PSU]
# name 23 = sigma-é00: Density [sigma-theta, kg/m^3]
# name 24 = svCM: Sound Velocity [Chen-Millero, m/s]
# name 25 = svCM1: Sound Velocity, 2 [Chen-Millero, m/s]
# name 26 = gsw_ptA0: potential temperature [ITS-90, deg C]
# name 27 = gsw_densityA0: density, TEOS-10 [density, kg/m^3]
# name 28 = gsw_saA0: Absolute Salinity [g/kg]
# name 29 = flag:
# span 0 =       2691,      33106       
# span 1 = 292.348508, 292.363176       
# span 2 =  -45.14781,  -45.14486       
# span 3 =  -55.96379,  -55.95854       
# span 4 =     -0.242,      1.328       
# span 5 =       0.00,    1497.14       
# span 6 =      2.000,   1015.000       
# span 7 =      1.956,   1004.297       
# span 8 =     2.7695,    12.3872       
# span 9 =     2.7704,    12.3883       
# span 10 =    -0.0198,     0.0485      
# span 11 =     2.7025,    12.3814      
# span 12 =     2.7034,    12.3825      
# span 13 =    -0.0197,     0.0485      
# span 14 =   3.125315,   4.051385      
# span 15 =   3.125333,   4.051603      
# span 16 =  -0.008636,   0.002639      
# span 17 =    34.0772,    35.1154      
# span 18 =    34.0786,    35.1151      
# span 19 =     4.0865,     6.7359      
# span 20 =    26.5169,    27.4706      
# span 21 =    26.5179,    27.4702      
# span 22 =    34.0665,    35.1201      
# span 23 =    26.5170,    27.4707      
# span 24 =    1471.02,    1499.02      
# span 25 =    1471.02,    1499.02      
# span 26 =     2.7024,    12.3814      
# span 27 =  1026.5325,  1032.1792      
# span 28 =    34.2276,    35.2861      
# span 29 = 0.0000e+00, 0.0000e+00      
# interval = decibars: 1                
# start_time = Oct 19 2023 08:19:59 [NMEA time, header]
# bad_flag = -9.990e-29
*END*
[from data line 967]
      29266 292.361324  -45.14744  -55.95916      1.280    1474.86    969.000    958.883     2.9323     2.9332     0.0009     2.8673     2.8682     0.0009   3.157338   3.157364   0.000022    34.4393    34.4385     4.1604    27.4494    27.4488    34.4390    27.4493    1477.32    1477.32     2.8672  1031.9431    34.6058 0.0000e+00
      29286 292.361333  -45.14744  -55.95916      1.255    1474.86    970.000    959.870     2.9310     2.9319     0.0009     2.8659     2.8669     0.0009   3.157313   3.157322   0.000012    34.4400    34.4392     4.1652    27.4501    27.4495    34.4396    27.4498    1477.33    1477.33     2.8659  1031.9483    34.6064 0.0000e+00
      29309 292.361345  -45.14744  -55.95914      1.129    1474.86    971.000    960.858     2.9255     2.9261     0.0007     2.8604     2.8611     0.0007   3.156910   3.156872  -0.000029    34.4411    34.4400     4.1595    27.4515    27.4506    34.4400    27.4507    1477.32    1477.32     2.8603  1031.9539    34.6068 0.0000e+00
      29340 292.361360  -45.14746  -55.95914      0.852    1474.86    972.000    961.845     2.9132     2.9139     0.0007     2.8482     2.8488     0.0007   3.155981   3.155891  -0.000095    34.4423    34.4404     4.1643    27.4535    27.4520    34.4413    27.4527    1477.29    1477.29     2.8481  1031.9608    34.6080 0.0000e+00
      29373 292.361375  -45.14746  -55.95914      0.714    1474.86    973.000    962.832     2.9111     2.9120     0.0009     2.8461     2.8469     0.0009   3.155791   3.155792 -8.297e-07    34.4413    34.4403     4.1613    27.4530    27.4521    34.4406    27.4524    1477.29    1477.30     2.8459  1031.9652    34.6074 0.0000e+00
      29398 292.361387  -45.14746  -55.95914      0.855    1474.86    974.000    963.820     2.9082     2.9090     0.0007     2.8431     2.8438     0.0007   3.155562   3.155539  -0.000008    34.4413    34.4405     4.1550    27.4533    27.4525    34.4404    27.4525    1477.30    1477.30     2.8430  1031.9699    34.6072 0.0000e+00
      29420 292.361398  -45.14746  -55.95913      1.026    1474.86    975.000    964.807     2.9003     2.9009     0.0006     2.8352     2.8357     0.0006   3.154908   3.154895  -0.000020    34.4419    34.4411     4.1509    27.4544    27.4537    34.4404    27.4532    1477.28    1477.28     2.8350  1031.9754    34.6072 0.0000e+00
      29440 292.361408  -45.14746  -55.95912      1.136    1474.86    976.000    965.794     2.8915     2.8915    -0.0000     2.8264     2.8263    -0.0000   3.154184   3.154112  -0.000070    34.4423    34.4414     4.1522    27.4555    27.4548    34.4403    27.4540    1477.26    1477.26     2.8262  1031.9810    34.6071 0.0000e+00
      29461 292.361418  -45.14746  -55.95912      1.165    1474.86    977.000    966.781     2.8781     2.8794     0.0013     2.8130     2.8143     0.0013   3.153063   3.153052  -0.000002    34.4427    34.4413     4.1494    27.4570    27.4558    34.4404    27.4552    1477.22    1477.22     2.8129  1031.9872    34.6072 0.0000e+00
      29485 292.361429  -45.14746  -55.95912      1.081    1474.86    978.000    967.768     2.8688     2.8691     0.0004     2.8036     2.8040     0.0004   3.152270   3.152214  -0.000070    34.4421    34.4409     4.1494    27.4574    27.4564    34.4402    27.4559    1477.19    1477.19     2.8036  1031.9899    34.6034 0.0000e+00
      29509 292.361441 -9.990e-29  -55.95912      1.001    1474.86    979.000    968.756     2.8643     2.8648     0.0005     2.7991     2.7996     0.0005   3.151879   3.151848  -0.000031    34.4414    34.4405     4.1437    27.4572    27.4565    34.4397    27.4559    1477.19    1477.19     2.7990  1031.9942    34.6024 0.0000e+00
      29532 292.361452 -9.990e-29  -55.95912      1.020    1474.86    980.000    969.743     2.8576     2.8582     0.0005     2.7925     2.7930     0.0005   3.151279   3.151237  -0.000037    34.4410    34.4400     4.1420    27.4575    27.4567    34.4389    27.4559    1477.18    1477.18     2.7923  1031.9989    34.6017 0.0000e+00
      29553 292.361462 -9.990e-29  -55.95910      1.073    1474.86    981.000    970.730     2.8546     2.8558     0.0012     2.7894     2.7905     0.0011   3.151087   3.151156   0.000065    34.4404    34.4399     4.1334    27.4573    27.4568    34.4393    27.4564    1477.18    1477.18     2.7893  1032.0042    34.6020 0.0000e+00
      29576 292.361473  -45.14748  -55.95910      1.096    1474.86    982.000    971.718     2.8562     2.8577     0.0015     2.7909     2.7924     0.0014   3.151286   3.151380   0.000091    34.4404    34.4400     4.1340    27.4572    27.4567    34.4395    27.4564    1477.20    1477.21     2.7908  1032.0103    34.6043 0.0000e+00
      29599 292.361485  -45.14748  -55.95910      1.050    1474.86    983.000    972.704     2.8570     2.8580     0.0010     2.7916     2.7926     0.0010   3.151400   3.151470   0.000063    34.4403    34.4400     4.1313    27.4570    27.4567    34.4395    27.4564    1477.23    1477.23     2.7915  1032.0165    34.6064 0.0000e+00
      29625 292.361497  -45.14748  -55.95910      0.961    1474.86    984.000    973.692     2.8608     2.8613     0.0006     2.7952     2.7958     0.0005   3.151843   3.151873   0.000037    34.4406    34.4405     4.1377    27.4569    27.4568    34.4404    27.4568    1477.26    1477.26     2.7951  1032.0213    34.6072 0.0000e+00
      29652 292.361510  -45.14748  -55.95908      0.904    1474.86    985.000    974.679     2.8663     2.8672     0.0009     2.8007     2.8015     0.0008   3.152543   3.152649   0.000104    34.4422    34.4426     4.1280    27.4578    27.4580    34.4424    27.4579    1477.30    1477.31     2.8006  1032.0269    34.6093 0.0000e+00
      29680 292.361523  -45.14748  -55.95908      0.875    1474.86    986.000    975.666     2.8759     2.8765     0.0006     2.8101     2.8107     0.0006   3.153686   3.153817   0.000128    34.4448    34.4457     4.1263    27.4590    27.4596    34.4456    27.4597    1477.36    1477.37     2.8100  1032.0327    34.6122 0.0000e+00
      29708 292.361537  -45.14749 -9.990e-29      0.853    1474.86    987.000    976.654     2.8792     2.8800     0.0008     2.8134     2.8141     0.0008   3.154155   3.154176   0.000041    34.4475    34.4471     4.1253    27.4608    27.4605    34.4473    27.4607    1477.40    1477.40     2.8132  1032.0381    34.6137 0.0000e+00
      29735 292.361550  -45.14750 -9.990e-29      0.884    1474.86    988.000    977.641     2.8722     2.8727     0.0006     2.8063     2.8068     0.0006   3.153600   3.153533  -0.000074    34.4481    34.4466     4.1286    27.4620    27.4607    34.4475    27.4615    1477.38    1477.38     2.8062  1032.0437    34.6140 0.0000e+00
      29760 292.361562  -45.14750 -9.990e-29      0.925    1474.86    989.000    978.627     2.8652     2.8650    -0.0003     2.7993     2.7990    -0.0002   3.152922   3.152810  -0.000120    34.4473    34.4461     4.1275    27.4620    27.4610    34.4462    27.4611    1477.37    1477.36     2.7992  1032.0481    34.6126 0.0000e+00
      29785 292.361574  -45.14750  -55.95906      0.952    1474.86    990.000    979.615     2.8541     2.8549     0.0008     2.7882     2.7890     0.0008   3.151884   3.151849  -0.000016    34.4466    34.4455     4.1251    27.4624    27.4614    34.4449    27.4610    1477.33    1477.34     2.7880  1032.0532    34.6117 0.0000e+00
      29808 292.361585  -45.14750  -55.95906      0.997    1474.86    991.000    980.602     2.8435     2.8438     0.0003     2.7776     2.7779     0.0003   3.151003   3.150949  -0.000057    34.4461    34.4451     4.1237    27.4629    27.4621    34.4449    27.4620    1477.30    1477.30     2.7775  1032.0591    34.6118 0.0000e+00
      29831 292.361596  -45.14750  -55.95906      1.034    1474.86    992.000    981.589     2.8324     2.8333     0.0009     2.7665     2.7674     0.0009   3.149948   3.149918  -0.000033    34.4458    34.4444     4.1228    27.4636    27.4625    34.4434    27.4617    1477.27    1477.27     2.7664  1032.0637    34.6102 0.0000e+00
      29855 292.361608  -45.14750  -55.95905      1.033    1474.86    993.000    982.576     2.8246     2.8254     0.0008     2.7587     2.7595     0.0008   3.149339   3.149361   0.000018    34.4449    34.4443     4.1216    27.4636    27.4630    34.4436    27.4626    1477.26    1477.26     2.7586  1032.0694    34.6105 0.0000e+00
      29882 292.361621  -45.14750  -55.95904      0.945    1474.86    994.000    983.564     2.8233     2.8240     0.0007     2.7574     2.7580     0.0007   3.149289   3.149287 -7.200e-07    34.4451    34.4444     4.1124    27.4639    27.4633    34.4439    27.4629    1477.27    1477.27     2.7572  1032.0743    34.6108 0.0000e+00
      29912 292.361635  -45.14750  -55.95904      0.832    1474.86    995.000    984.551     2.8211     2.8220     0.0008     2.7551     2.7559     0.0008   3.149201   3.149195  -0.000001    34.4455    34.4446     4.1035    27.4644    27.4636    34.4446    27.4637    1477.28    1477.28     2.7550  1032.0798    34.6115 0.0000e+00
      29953 292.361655  -45.14752  -55.95904      0.594    1474.86    996.000    985.538     2.8210     2.8217     0.0007     2.7549     2.7556     0.0007   3.149285   3.149233  -0.000058    34.4460    34.4446     4.1026    27.4648    27.4636    34.4452    27.4642    1477.29    1477.29     2.7548  1032.0848    34.6121 0.0000e+00
      29990 292.361673  -45.14752  -55.95902      0.614    1474.86    997.000    986.525     2.8205     2.8213     0.0008     2.7543     2.7551     0.0008   3.149224   3.149257   0.000032    34.4451    34.4447     4.1077    27.4642    27.4637    34.4446    27.4637    1477.31    1477.31     2.7542  1032.0890    34.6115 0.0000e+00
      30015 292.361685  -45.14752  -55.95902      0.856    1474.86    998.000    987.512     2.8205     2.8215     0.0010     2.7543     2.7552     0.0010   3.149283   3.149312   0.000030    34.4452    34.4445     4.1092    27.4642    27.4636    34.4447    27.4639    1477.32    1477.33     2.7541  1032.0937    34.6117 0.0000e+00
      30037 292.361696  -45.14752  -55.95902      1.027    1474.86    999.000    988.499     2.8203     2.8213     0.0009     2.7540     2.7549     0.0009   3.149320   3.149363   0.000043    34.4453    34.4448     4.1060    27.4643    27.4639    34.4449    27.4640    1477.34    1477.34     2.7539  1032.0984    34.6118 0.0000e+00
      30065 292.361709  -45.14752  -55.95902      0.962    1474.86   1000.000    989.486     2.8202     2.8210     0.0009     2.7538     2.7547     0.0009   3.149369   3.149407   0.000036    34.4455    34.4450     4.1008    27.4645    27.4641    34.4451    27.4642    1477.35    1477.36     2.7537  1032.1032    34.6120 0.0000e+00
      30107 292.361730  -45.14752  -55.95901      0.592    1474.86   1001.000    990.473     2.8199     2.8208     0.0008     2.7535     2.7543     0.0008   3.149412   3.149446   0.000033    34.4456    34.4452     4.1032    27.4647    27.4642    34.4453    27.4644    1477.37    1477.37     2.7534  1032.1080    34.6123 0.0000e+00
      30164 292.361757  -45.14752  -55.95900      0.429    1474.86   1002.000    991.459     2.8196     2.8205     0.0008     2.7531     2.7539     0.0008   3.149465   3.149501   0.000035    34.4460    34.4455     4.1013    27.4650    27.4645    34.4458    27.4648    1477.39    1477.39     2.7530  1032.1129    34.6125 0.0000e+00
      30356 292.361850  -45.14755  -55.95896      0.200    1474.87   1003.000    992.445     2.8191     2.8199     0.0009     2.7525     2.7533     0.0009   3.149551   3.149579   0.000025    34.4470    34.4464     4.0988    27.4659    27.4653    34.4469    27.4658    1477.40    1477.40     2.7524  1032.1184    34.6136 0.0000e+00
      30795 292.362061  -45.14759  -55.95888      0.190    1474.96   1004.000    993.435     2.8113     2.8138     0.0025     2.7447     2.7471     0.0024   3.148992   3.149121   0.000132    34.4483    34.4473     4.0958    27.4675    27.4665    34.4478    27.4672    1477.39    1477.40     2.7446  1032.1247    34.6146 0.0000e+00
      30873 292.362099  -45.14760  -55.95888      0.391    1474.96   1005.000    994.422     2.7990     2.7999     0.0009     2.7324     2.7333     0.0009   3.147960   3.147917  -0.000041    34.4485    34.4471     4.0937    27.4688    27.4676    34.4478    27.4682    1477.35    1477.35     2.7323  1032.1306    34.6145 0.0000e+00
      30946 292.362134  -45.14760  -55.95886      0.310    1474.96   1006.000    995.408     2.7965     2.7972     0.0007     2.7298     2.7305     0.0007   3.147708   3.147716   0.000011    34.4473    34.4467     4.0870    27.4681    27.4675    34.4469    27.4678    1477.36    1477.36     2.7297  1032.1346    34.6135 0.0000e+00
      31007 292.362164  -45.14761  -55.95885      0.423    1474.96   1007.000    996.399     2.7890     2.7911     0.0021     2.7223     2.7244     0.0021   3.147114   3.147155   0.000038    34.4481    34.4463     4.0921    27.4694    27.4678    34.4471    27.4686    1477.34    1477.35     2.7222  1032.1406    34.6141 0.0000e+00
      31051 292.362185  -45.14762  -55.95884      0.540    1474.96   1008.000    997.383     2.7821     2.7831     0.0010     2.7154     2.7164     0.0010   3.146487   3.146509   0.000022    34.4469    34.4461     4.0910    27.4690    27.4683    34.4463    27.4685    1477.32    1477.33     2.7153  1032.1453    34.6133 0.0000e+00
      31100 292.362208  -45.14762  -55.95883      0.490    1474.96   1009.000    998.370     2.7813     2.7823     0.0010     2.7145     2.7155     0.0010   3.146440   3.146474   0.000034    34.4466    34.4459     4.0898    27.4688    27.4682    34.4461    27.4684    1477.34    1477.34     2.7144  1032.1498    34.6131 0.0000e+00
      31169 292.362242  -45.14762  -55.95882      0.320    1474.96   1010.000    999.355     2.7766     2.7783     0.0017     2.7098     2.7114     0.0017   3.146119   3.146204   0.000086    34.4472    34.4464     4.0902    27.4697    27.4690    34.4466    27.4693    1477.33    1477.34     2.7097  1032.1554    34.6136 0.0000e+00
      31238 292.362275  -45.14764  -55.95880      0.398    1474.96   1011.000   1000.347     2.7741     2.7749     0.0007     2.7073     2.7080     0.0007   3.145908   3.145889  -0.000019    34.4466    34.4455     4.0922    27.4694    27.4686    34.4462    27.4692    1477.34    1477.34     2.7071  1032.1599    34.6132 0.0000e+00
      31286 292.362298  -45.14764  -55.95879      0.501    1474.96   1012.000   1001.332     2.7732     2.7739     0.0007     2.7063     2.7070     0.0007   3.145845   3.145850   0.000006    34.4461    34.4455     4.0888    27.4692    27.4686    34.4458    27.4690    1477.35    1477.35     2.7062  1032.1643    34.6128 0.0000e+00
      31328 292.362318  -45.14764  -55.95878      0.562    1474.96   1013.000   1002.318     2.7715     2.7724     0.0009     2.7046     2.7055     0.0009   3.145759   3.145777   0.000020    34.4464    34.4457     4.0865    27.4696    27.4689    34.4461    27.4693    1477.36    1477.37     2.7044  1032.1693    34.6130 0.0000e+00
      31788 292.362540  -45.14768  -55.95871      0.269    1474.96   1014.000   1003.301     2.7695     2.7704     0.0009     2.7025     2.7034     0.0009   3.145686   3.145710   0.000024    34.4469    34.4462     4.0893    27.4701    27.4695    34.4468    27.4701    1477.37    1477.38     2.7024  1032.1747    34.6138 0.0000e+00
      33106 292.363176  -45.14781  -55.95854      0.093    1474.96   1015.000   1004.297     2.7743     2.7745     0.0002     2.7071     2.7074     0.0002   3.146252   3.146230  -0.000024    34.4480    34.4474     4.0914    27.4706    27.4702    34.4481    27.4707    1477.41    1477.41     2.7071  1032.1792    34.6144 0.0000e+00
