Pos-Processados/pos_process42/Dados/doperantar42_013.cnv
* Sea-Bird SBE 9 Data File:
* FileName = C:\Users\Hidrografia\Desktop\OPXLII\Brutos\OP42013.hdr
* Software Version Seasave V 7.26.7.107
* Temperature SN = 6502
* Conductivity SN = 4998
* Number of Bytes Per Scan = 31
* Number of Voltage Words = 2
* Number of Scans Averaged by the Deck Unit = 1
* NMEA Latitude = 46 24.51 S
* NMEA Longitude = 055 54.95 W
* NMEA UTC (Time) = Oct 19 2023 23:00:40
* NMEA baud rate = 4800
** H41
** NPOALTEMAXIMIANO
** NUMERO DA ESTACAO (XXX) 013
** LAT (XX XX.XX S/N) 46 24.500 S
** LONG (XXX XX.XX W/E) 055 54.972 W
** DATAHORA (dd/mm/aaaa hh:mm Z) 19/10/2023 2300Z
** PROFUNDIDADE (m) 5329
** OPERADOR CT FABIREZA
# nquan = 30
# nvalues = 1008                        
# units = specified
# name 0 = scan: Scan Count
# name 1 = timeJ: Julian Days
# name 2 = latitude: Latitude [deg]
# name 3 = longitude: Longitude [deg]
# name 4 = dz/dtM: Descent Rate [m/s]
# name 5 = avgsvCM: Average Sound Velocity [Chen-Millero, m/s]
# name 6 = prDM: Pressure, Digiquartz [db]
# name 7 = depSM: Depth [salt water, m]
# name 8 = t090C: Temperature [ITS-90, deg C]
# name 9 = t190C: Temperature, 2 [ITS-90, deg C]
# name 10 = T2-T190C: Temperature Difference, 2 - 1 [ITS-90, deg C]
# name 11 = potemp090C: Potential Temperature [ITS-90, deg C]
# name 12 = potemp190C: Potential Temperature, 2 [ITS-90, deg C]
# name 13 = potemp90Cdiff: Potential Temperature, Diff, 2 - 1 [ITS-90, deg C]
# name 14 = c0S/m: Conductivity [S/m]
# name 15 = c1S/m: Conductivity, 2 [S/m]
# name 16 = C2-C1S/m: Conductivity Difference, 2 - 1 [S/m]
# name 17 = sal00: Salinity, Practical [PSU]
# name 18 = sal11: Salinity, Practical, 2 [PSU]
# name 19 = sbeox0ML/L: Oxygen, SBE 43 [ml/l]
# name 20 = sigma-é00: Density [sigma-theta, kg/m^3]
# name 21 = sigma-é11: Density, 2 [sigma-theta, kg/m^3]
# name 22 = sal00: Salinity, Practical [PSU]
# name 23 = sigma-é00: Density [sigma-theta, kg/m^3]
# name 24 = svCM: Sound Velocity [Chen-Millero, m/s]
# name 25 = svCM1: Sound Velocity, 2 [Chen-Millero, m/s]
# name 26 = gsw_ptA0: potential temperature [ITS-90, deg C]
# name 27 = gsw_densityA0: density, TEOS-10 [density, kg/m^3]
# name 28 = gsw_saA0: Absolute Salinity [g/kg]
# name 29 = flag:
# span 0 =       2328,      31477       
# span 1 = 292.959918, 292.973976       
# span 2 =  -46.41467,  -46.40909       
# span 3 =  -55.91560,  -55.91324       
# span 4 =      0.095,      1.381       
# span 5 =       0.00,    1483.34       
# span 6 =      5.000,   1012.000       
# span 7 =      4.968,   1001.203       
# span 8 =     2.3873,     6.0159       
# span 9 =     2.3883,     6.0163       
# span 10 =    -0.0096,     0.0264      
# span 11 =     2.3233,     6.0154      
# span 12 =     2.3242,     6.0159      
# span 13 =    -0.0096,     0.0264      
# span 14 =   3.080515,   3.349554      
# span 15 =   3.080564,   3.349552      
# span 16 =  -0.001282,   0.002725      
# span 17 =    33.9966,    34.5848      
# span 18 =    33.9973,    34.5842      
# span 19 =     3.7734,     8.1594      
# span 20 =    26.7598,    27.6128      
# span 21 =    26.7596,    27.6122      
# span 22 =    33.9850,    34.5847      
# span 23 =    26.7595,    27.6127      
# span 24 =    1463.30,    1475.87      
# span 25 =    1463.30,    1475.87      
# span 26 =     2.3232,     6.0155      
# span 27 =  1026.7841,  1032.3176      
# span 28 =    34.1455,    34.7524      
# span 29 = 0.0000e+00, 0.0000e+00      
# interval = decibars: 1                
# start_time = Oct 19 2023 23:00:40 [NMEA time, header]
# bad_flag = -9.990e-29
*END*
[from data line 629]
      20473 292.968669  -46.41252  -55.91400      0.988    1465.95    634.000    627.810     2.5889     2.5898     0.0009     2.5499     2.5508     0.0009   3.108537   3.108580   0.000045    34.3868    34.3864     4.3768    27.4353    27.4349    34.3869    27.4354    1470.24    1470.24     2.5499  1030.3925    34.5516 0.0000e+00
      20498 292.968681  -46.41253  -55.91400      1.014    1465.95    635.000    628.799     2.5891     2.5900     0.0009     2.5501     2.5509     0.0009   3.108675   3.108704   0.000027    34.3878    34.3872     4.3713    27.4360    27.4355    34.3878    27.4361    1470.25    1470.26     2.5500  1030.3978    34.5526 0.0000e+00
      20531 292.968697  -46.41254  -55.91398      0.792    1465.95    636.000    629.788     2.5890     2.5899     0.0009     2.5499     2.5508     0.0009   3.108766   3.108795   0.000029    34.3885    34.3879     4.3639    27.4366    27.4361    34.3885    27.4366    1470.27    1470.27     2.5498  1030.4030    34.5533 0.0000e+00
      20565 292.968713  -46.41254  -55.91398      0.670    1466.00    637.000    630.777     2.5892     2.5901     0.0009     2.5500     2.5509     0.0009   3.108896   3.108926   0.000030    34.3892    34.3886     4.3509    27.4372    27.4367    34.3894    27.4374    1470.29    1470.29     2.5499  1030.4082    34.5540 0.0000e+00
      20590 292.968725 -9.990e-29  -55.91398      0.853    1466.28    638.000    631.766     2.5908     2.5915     0.0008     2.5515     2.5523     0.0008   3.109232   3.109295   0.000059    34.3909    34.3908     4.3555    27.4384    27.4383    34.3912    27.4387    1470.31    1470.32     2.5514  1030.4125    34.5537 0.0000e+00
      20611 292.968735 -9.990e-29  -55.91398      1.049    1466.28    639.000    632.754     2.5934     2.5940     0.0006     2.5540     2.5546     0.0006   3.109733   3.109775   0.000044    34.3935    34.3933     4.3457    27.4403    27.4401    34.3941    27.4408    1470.35    1470.35     2.5539  1030.4191    34.5566 0.0000e+00
      20633 292.968746 -9.990e-29  -55.91398      1.110    1466.28    640.000    633.743     2.5952     2.5958     0.0006     2.5557     2.5563     0.0006   3.110082   3.110123   0.000039    34.3953    34.3951     4.3416    27.4416    27.4414    34.3959    27.4421    1470.37    1470.37     2.5557  1030.4250    34.5584 0.0000e+00
      20663 292.968761  -46.41256  -55.91398      0.901    1466.28    641.000    634.732     2.5980     2.5988     0.0008     2.5585     2.5592     0.0008   3.110494   3.110570   0.000079    34.3971    34.3972     4.3344    27.4428    27.4428    34.3974    27.4430    1470.40    1470.41     2.5584  1030.4307    34.5602 0.0000e+00
      20696 292.968777  -46.41256  -55.91398      0.709    1466.28    642.000    635.720     2.5986     2.5993     0.0007     2.5590     2.5597     0.0007   3.110653   3.110663   0.000012    34.3979    34.3973     4.3173    27.4434    27.4429    34.3982    27.4436    1470.42    1470.43     2.5589  1030.4376    34.5631 0.0000e+00
      20722 292.968789  -46.41258  -55.91396      0.836    1466.28    643.000    636.709     2.5992     2.5999     0.0007     2.5596     2.5602     0.0007   3.110770   3.110778   0.000017    34.3980    34.3975     4.3029    27.4435    27.4430    34.3984    27.4437    1470.44    1470.45     2.5595  1030.4423    34.5633 0.0000e+00
      20744 292.968800  -46.41258  -55.91396      0.999    1466.28    644.000    637.698     2.6004     2.6009     0.0004     2.5607     2.5611     0.0004   3.110951   3.110948  -0.000011    34.3984    34.3978     4.3008    27.4436    27.4431    34.3988    27.4439    1470.47    1470.47     2.5606  1030.4471    34.5637 0.0000e+00
      20768 292.968811  -46.41258  -55.91396      1.059    1466.28    645.000    638.687     2.6017     2.6026     0.0009     2.5618     2.5628     0.0009   3.111112   3.111170   0.000053    34.3987    34.3983     4.2960    27.4438    27.4434    34.3989    27.4440    1470.49    1470.49     2.5618  1030.4514    34.5634 0.0000e+00
      20799 292.968826 -9.990e-29  -55.91396      0.854    1466.28    646.000    639.675     2.6027     2.6036     0.0009     2.5628     2.5638     0.0009   3.111270   3.111334   0.000064    34.3989    34.3986     4.2989    27.4438    27.4436    34.3992    27.4441    1470.51    1470.51     2.5627  1030.4547    34.5618 0.0000e+00
      20834 292.968843 -9.990e-29  -55.91396      0.664    1466.28    647.000    640.664     2.6057     2.6066     0.0009     2.5657     2.5666     0.0009   3.111707   3.111739   0.000034    34.4002    34.3997     4.2890    27.4447    27.4442    34.4008    27.4451    1470.54    1470.54     2.5657  1030.4602    34.5634 0.0000e+00
      20861 292.968856 -9.990e-29  -55.91396      0.803    1466.28    648.000    641.653     2.6069     2.6078     0.0009     2.5668     2.5677     0.0009   3.111891   3.111922   0.000031    34.4010    34.4004     4.2879    27.4452    27.4446    34.4013    27.4454    1470.56    1470.56     2.5668  1030.4651    34.5638 0.0000e+00
      20884 292.968867  -46.41262  -55.91396      0.975    1466.28    649.000    642.641     2.6067     2.6075     0.0009     2.5665     2.5674     0.0009   3.111944   3.111973   0.000026    34.4014    34.4008     4.2868    27.4456    27.4450    34.4016    27.4457    1470.58    1470.58     2.5665  1030.4717    34.5662 0.0000e+00
      20907 292.968878  -46.41262  -55.91396      1.052    1466.28    650.000    643.630     2.6063     2.6072     0.0009     2.5661     2.5670     0.0009   3.111991   3.112031   0.000037    34.4018    34.4013     4.2841    27.4459    27.4455    34.4020    27.4461    1470.59    1470.60     2.5661  1030.4769    34.5670 0.0000e+00
      20933 292.968891  -46.41262  -55.91396      0.990    1466.28    651.000    644.618     2.6057     2.6065     0.0008     2.5654     2.5662     0.0008   3.112004   3.112026   0.000024    34.4022    34.4016     4.2772    27.4463    27.4457    34.4023    27.4464    1470.61    1470.61     2.5654  1030.4819    34.5673 0.0000e+00
      20960 292.968904  -46.41262  -55.91394      0.910    1466.28    652.000    645.607     2.6054     2.6063     0.0009     2.5651     2.5660     0.0009   3.112038   3.112069   0.000033    34.4023    34.4018     4.2784    27.4464    27.4459    34.4024    27.4465    1470.62    1470.63     2.5651  1030.4866    34.5674 0.0000e+00
      20989 292.968918  -46.41263  -55.91394      0.848    1466.28    653.000    646.596     2.6049     2.6059     0.0009     2.5646     2.5655     0.0009   3.112137   3.112188   0.000047    34.4034    34.4030     4.2758    27.4473    27.4469    34.4036    27.4475    1470.64    1470.64     2.5645  1030.4922    34.5686 0.0000e+00
      21015 292.968930  -46.41264  -55.91394      0.873    1466.28    654.000    647.584     2.6060     2.6068     0.0008     2.5655     2.5663     0.0008   3.112511   3.112566   0.000058    34.4062    34.4061     4.2787    27.4494    27.4493    34.4066    27.4498    1470.66    1470.67     2.5655  1030.4991    34.5716 0.0000e+00
      21038 292.968942  -46.41264  -55.91394      0.976    1466.28    655.000    648.573     2.6060     2.6069     0.0009     2.5655     2.5664     0.0009   3.112684   3.112715   0.000033    34.4081    34.4075     4.2730    27.4510    27.4505    34.4081    27.4510    1470.68    1470.69     2.5655  1030.5049    34.5731 0.0000e+00
      21061 292.968953  -46.41265  -55.91394      1.028    1466.28    656.000    649.561     2.6013     2.6022     0.0008     2.5608     2.5616     0.0008   3.112407   3.112426   0.000019    34.4094    34.4087     4.2695    27.4524    27.4518    34.4092    27.4523    1470.68    1470.68     2.5607  1030.5109    34.5742 0.0000e+00
      21085 292.968964  -46.41266  -55.91394      1.019    1466.28    657.000    650.550     2.6008     2.6017     0.0009     2.5602     2.5611     0.0009   3.112429   3.112472   0.000038    34.4095    34.4090     4.2615    27.4526    27.4521    34.4095    27.4526    1470.69    1470.70     2.5601  1030.5158    34.5745 0.0000e+00
      21113 292.968978  -46.41266  -55.91394      0.929    1466.28    658.000    651.539     2.6012     2.6021     0.0009     2.5605     2.5614     0.0009   3.112506   3.112548   0.000043    34.4095    34.4091     4.2475    27.4525    27.4521    34.4095    27.4525    1470.71    1470.72     2.5605  1030.5204    34.5745 0.0000e+00
      21153 292.968997  -46.41267  -55.91394      0.635    1466.28    659.000    652.527     2.6008     2.6016     0.0008     2.5600     2.5608     0.0008   3.112507   3.112550   0.000043    34.4094    34.4091     4.2384    27.4525    27.4522    34.4094    27.4525    1470.73    1470.73     2.5600  1030.5250    34.5744 0.0000e+00
      21193 292.969016  -46.41268  -55.91393      0.561    1466.28    660.000    653.516     2.6005     2.6014     0.0009     2.5596     2.5605     0.0009   3.112563   3.112588   0.000027    34.4099    34.4093     4.2403    27.4529    27.4524    34.4099    27.4529    1470.74    1470.75     2.5596  1030.5301    34.5749 0.0000e+00
      21216 292.969027  -46.41268  -55.91392      0.841    1466.28    661.000    654.505     2.6006     2.6015     0.0009     2.5597     2.5606     0.0009   3.112645   3.112689   0.000042    34.4102    34.4098     4.2437    27.4532    27.4528    34.4102    27.4532    1470.76    1470.76     2.5597  1030.5350    34.5752 0.0000e+00
      21235 292.969036  -46.41268  -55.91392      1.105    1466.28    662.000    655.493     2.6000     2.6008     0.0008     2.5590     2.5598     0.0008   3.112657   3.112694   0.000037    34.4105    34.4100     4.2399    27.4534    27.4530    34.4105    27.4535    1470.77    1470.78     2.5590  1030.5399    34.5755 0.0000e+00
      21254 292.969046  -46.41268  -55.91392      1.261    1466.28    663.000    656.482     2.5999     2.6006     0.0008     2.5588     2.5596     0.0008   3.112730   3.112767   0.000036    34.4111    34.4107     4.2354    27.4539    27.4536    34.4110    27.4539    1470.79    1470.79     2.5588  1030.5449    34.5760 0.0000e+00
      21286 292.969061  -46.41269  -55.91392      0.930    1466.28    664.000    657.471     2.5995     2.5989    -0.0007     2.5584     2.5578    -0.0006   3.112718   3.112639  -0.000072    34.4108    34.4106     4.2344    27.4537    27.4536    34.4106    27.4536    1470.81    1470.80     2.5584  1030.5494    34.5757 0.0000e+00
      21327 292.969081  -46.41270  -55.91392      0.500    1466.28    665.000    658.459     2.5959     2.5964     0.0006     2.5547     2.5553     0.0006   3.112490   3.112489  -0.000010    34.4115    34.4107     4.2374    27.4546    27.4540    34.4112    27.4544    1470.81    1470.81     2.5547  1030.5548    34.5763 0.0000e+00
      21350 292.969092  -46.41271  -55.91392      0.830    1466.28    666.000    659.447     2.5954     2.5964     0.0010     2.5542     2.5552     0.0010   3.112500   3.112546   0.000047    34.4114    34.4109     4.2335    27.4546    27.4541    34.4113    27.4545    1470.82    1470.83     2.5542  1030.5595    34.5763 0.0000e+00
      21370 292.969101  -46.41272  -55.91392      1.100    1466.28    667.000    660.437     2.5953     2.5962     0.0008     2.5540     2.5549     0.0008   3.112540   3.112574   0.000029    34.4115    34.4109     4.2336    27.4547    27.4542    34.4113    27.4546    1470.84    1470.84     2.5540  1030.5642    34.5764 0.0000e+00
      21388 292.969110  -46.41272  -55.91390      1.264    1466.28    668.000    661.425     2.5951     2.5958     0.0008     2.5537     2.5545     0.0008   3.112553   3.112588   0.000034    34.4114    34.4109     4.2349    27.4546    27.4542    34.4112    27.4545    1470.85    1470.86     2.5537  1030.5688    34.5763 0.0000e+00
      21414 292.969123  -46.41272  -55.91390      1.094    1466.28    669.000    662.410     2.5946     2.5954     0.0008     2.5532     2.5540     0.0008   3.112579   3.112616   0.000035    34.4116    34.4111     4.2357    27.4548    27.4544    34.4115    27.4548    1470.87    1470.87     2.5532  1030.5737    34.5766 0.0000e+00
      21473 292.969151  -46.41273  -55.91390      0.261    1466.28    670.000    663.405     2.5959     2.5968     0.0009     2.5544     2.5553     0.0009   3.112840   3.112903   0.000060    34.4126    34.4124     4.2356    27.4555    27.4553    34.4127    27.4557    1470.89    1470.90     2.5544  1030.5792    34.5778 0.0000e+00
      21503 292.969166  -46.41274  -55.91390      0.663    1466.28    671.000    664.390     2.5989     2.5996     0.0008     2.5573     2.5581     0.0008   3.113253   3.113305   0.000057    34.4139    34.4137     4.2372    27.4563    27.4561    34.4142    27.4565    1470.92    1470.93     2.5572  1030.5847    34.5793 0.0000e+00
      21523 292.969175  -46.41274  -55.91390      0.997    1466.28    672.000    665.379     2.5995     2.6003     0.0009     2.5578     2.5587     0.0008   3.113366   3.113425   0.000055    34.4143    34.4140     4.2348    27.4566    27.4564    34.4143    27.4566    1470.94    1470.95     2.5578  1030.5894    34.5795 0.0000e+00
      21540 292.969184  -46.41274  -55.91390      1.240    1466.28    673.000    666.368     2.5988     2.5997     0.0009     2.5571     2.5580     0.0009   3.113384   3.113416   0.000035    34.4146    34.4141     4.2355    27.4569    27.4564    34.4147    27.4570    1470.96    1470.96     2.5571  1030.5943    34.5798 0.0000e+00
      21557 292.969192  -46.41276  -55.91390      1.381    1466.28    674.000    667.356     2.5990     2.5998     0.0008     2.5572     2.5580     0.0008   3.113468   3.113493   0.000026    34.4149    34.4143     4.2345    27.4572    27.4567    34.4150    27.4573    1470.97    1470.98     2.5572  1030.5992    34.5802 0.0000e+00
      21583 292.969204  -46.41276  -55.91390      1.172    1466.28    675.000    668.345     2.5977     2.5978     0.0001     2.5559     2.5560     0.0001   3.113422   3.113412  -0.000009    34.4153    34.4151     4.2203    27.4576    27.4574    34.4152    27.4575    1470.99    1470.99     2.5559  1030.6028    34.5787 0.0000e+00
      21625 292.969224 -9.990e-29  -55.91389      0.512    1466.28    676.000    669.333     2.5969     2.5973     0.0004     2.5550     2.5554     0.0004   3.113425   3.113482   0.000057    34.4157    34.4159     4.2135    27.4580    27.4581    34.4157    27.4580    1471.00    1471.00     2.5550  1030.6072    34.5782 0.0000e+00
      21651 292.969237 -9.990e-29  -55.91388      0.761    1466.28    677.000    670.322     2.5960     2.5968     0.0008     2.5540     2.5548     0.0008   3.113475   3.113523   0.000046    34.4168    34.4164     4.2137    27.4589    27.4586    34.4167    27.4589    1471.01    1471.02     2.5540  1030.6128    34.5794 0.0000e+00
      21672 292.969247  -46.41278  -55.91388      1.026    1466.28    678.000    671.310     2.5966     2.5975     0.0009     2.5545     2.5554     0.0009   3.113609   3.113654   0.000047    34.4171    34.4167     4.2187    27.4591    27.4587    34.4172    27.4592    1471.03    1471.04     2.5545  1030.6182    34.5805 0.0000e+00
      21691 292.969256  -46.41278  -55.91388      1.185    1466.28    679.000    672.299     2.5968     2.5976     0.0008     2.5547     2.5554     0.0008   3.113688   3.113718   0.000034    34.4173    34.4168     4.2155    27.4593    27.4589    34.4174    27.4593    1471.05    1471.05     2.5546  1030.6244    34.5825 0.0000e+00
      21713 292.969267  -46.41278  -55.91388      1.177    1466.28    680.000    673.287     2.5970     2.5978     0.0008     2.5548     2.5556     0.0008   3.113785   3.113815   0.000025    34.4178    34.4172     4.2135    27.4597    27.4592    34.4178    27.4597    1471.07    1471.07     2.5548  1030.6294    34.5830 0.0000e+00
