Pos-Processados/pos_process42/Dados/doperantar42_029.cnv
* Sea-Bird SBE 9 Data File:
* FileName = C:\Users\Hidrografia\Desktop\OPXLII\Brutos\OP42029.hdr
* Software Version Seasave V 7.26.7.107
* Temperature SN = 6502
* Conductivity SN = 4998
* Number of Bytes Per Scan = 37
* Number of Voltage Words = 4
* Number of Scans Averaged by the Deck Unit = 1
* NMEA Latitude = 62 08.30 S
* NMEA Longitude = 058 26.22 W
* NMEA UTC (Time) = Nov 09 2023 04:08:28
* NMEA baud rate = 4800
** H41
** NPOALTEMAXIMIANO
** NUMERO DA ESTACAO (XXX) 029
** LAT (XX XX.XX S/N) 62 08.530 S
** LONG (XXX XX.XX W/E) 058 26.937 W
** DATAHORA (dd/mm/aaaa hh:mm Z) 09/11/2023 0407Z
** PROFUNDIDADE (m) 424
** OPERADOR CT FILIPE LOPES
# nquan = 30
# nvalues = 362                         
# units = specified
# name 0 = scan: Scan Count
# name 1 = timeJ: Julian Days
# name 2 = latitude: Latitude [deg]
# name 3 = longitude: Longitude [deg]
# name 4 = dz/dtM: Descent Rate [m/s]
# name 5 = avgsvCM: Average Sound Velocity [Chen-Millero, m/s]
# name 6 = prDM: Pressure, Digiquartz [db]
# name 7 = depSM: Depth [salt water, m]
# name 8 = t090C: Temperature [ITS-90, deg C]
# name 9 = t190C: Temperature, 2 [ITS-90, deg C]
# name 10 = T2-T190C: Temperature Difference, 2 - 1 [ITS-90, deg C]
# name 11 = potemp090C: Potential Temperature [ITS-90, deg C]
# name 12 = potemp190C: Potential Temperature, 2 [ITS-90, deg C]
# name 13 = potemp90Cdiff: Potential Temperature, Diff, 2 - 1 [ITS-90, deg C]
# name 14 = c0S/m: Conductivity [S/m]
# name 15 = c1S/m: Conductivity, 2 [S/m]
# name 16 = C2-C1S/m: Conductivity Difference, 2 - 1 [S/m]
# name 17 = sal00: Salinity, Practical [PSU]
# name 18 = sal11: Salinity, Practical, 2 [PSU]
# name 19 = sbeox0ML/L: Oxygen, SBE 43 [ml/l]
# name 20 = sigma-é00: Density [sigma-theta, kg/m^3]
# name 21 = sigma-é11: Density, 2 [sigma-theta, kg/m^3]
# name 22 = sal00: Salinity, Practical [PSU]
# name 23 = sigma-é00: Density [sigma-theta, kg/m^3]
# name 24 = svCM: Sound Velocity [Chen-Millero, m/s]
# name 25 = svCM1: Sound Velocity, 2 [Chen-Millero, m/s]
# name 26 = gsw_ptA0: potential temperature [ITS-90, deg C]
# name 27 = gsw_densityA0: density, TEOS-10 [density, kg/m^3]
# name 28 = gsw_saA0: Absolute Salinity [g/kg]
# name 29 = flag:
# span 0 =       4429,      17100       
# span 1 = 313.174682, 313.180792       
# span 2 =  -62.13900,  -62.13865       
# span 3 =  -58.43516,  -58.42904       
# span 4 =      0.052,      0.892       
# span 5 =       0.00,    1447.91       
# span 6 =      3.000,    364.000       
# span 7 =      2.974,    360.190       
# span 8 =    -0.8189,    -0.5928       
# span 9 =    -0.8181,    -0.5915       
# span 10 =    -0.0108,     0.0068      
# span 11 =    -0.8248,    -0.5929      
# span 12 =    -0.8241,    -0.5916      
# span 13 =    -0.0107,     0.0068      
# span 14 =   2.791460,   2.819469      
# span 15 =   2.791459,   2.819452      
# span 16 =  -0.000712,   0.000352      
# span 17 =    34.2790,    34.3884      
# span 18 =    34.2790,    34.3873      
# span 19 =     6.8237,     7.6195      
# span 20 =    27.5524,    27.6440      
# span 21 =    27.5527,    27.6431      
# span 22 =    34.2792,    34.3886      
# span 23 =    27.5526,    27.6442      
# span 24 =    1445.47,    1451.22      
# span 25 =    1445.46,    1451.23      
# span 26 =    -0.8246,    -0.5929      
# span 27 =  1027.5727,  1029.3859      
# span 28 =    34.4445,    34.5564      
# span 29 = 0.0000e+00, 0.0000e+00      
# interval = decibars: 1                
# start_time = Nov 09 2023 04:08:28 [NMEA time, header]
# bad_flag = -9.990e-29
*END*
[from data line 49]
       6493 313.175677  -62.13872  -58.43425      0.866    1445.72     52.000     51.495    -0.6136    -0.6132     0.0004    -0.6152    -0.6148     0.0004   2.800198   2.800168  -0.000032    34.2811    34.2803     7.5761    27.5551    27.5544    34.2808    27.5549    1446.18    1446.18    -0.6151  1027.8084    34.4464 0.0000e+00
       6522 313.175691  -62.13872  -58.43424      0.847    1445.72     53.000     52.485    -0.6154    -0.6140     0.0013    -0.6169    -0.6156     0.0013   2.800158   2.800177   0.000008    34.2817    34.2804     7.5759    27.5557    27.5545    34.2817    27.5557    1446.19    1446.19    -0.6169  1027.8140    34.4473 0.0000e+00
       6552 313.175706  -62.13872  -58.43423      0.812    1445.72     54.000     53.475    -0.6159    -0.6137     0.0021    -0.6175    -0.6154     0.0021   2.800138   2.800224   0.000084    34.2816    34.2804     7.5718    27.5557    27.5545    34.2814    27.5555    1446.20    1446.21    -0.6175  1027.8186    34.4470 0.0000e+00
       6582 313.175720  -62.13872  -58.43422      0.792    1445.72     55.000     54.465    -0.6186    -0.6182     0.0004    -0.6202    -0.6198     0.0004   2.800010   2.799937  -0.000058    34.2821    34.2809     7.5719    27.5562    27.5552    34.2821    27.5561    1446.20    1446.20    -0.6202  1027.8240    34.4477 0.0000e+00
       6612 313.175735  -62.13872  -58.43420      0.797    1445.72     56.000     55.455    -0.6145    -0.6145    -0.0000    -0.6161    -0.6161    -0.0000   2.800343   2.800284  -0.000059    34.2809    34.2801     7.5806    27.5550    27.5544    34.2813    27.5553    1446.24    1446.24    -0.6161  1027.8280    34.4469 0.0000e+00
       6642 313.175749  -62.13872  -58.43419      0.815    1445.72     57.000     56.445    -0.6129    -0.6124     0.0004    -0.6145    -0.6141     0.0004   2.800509   2.800475  -0.000033    34.2810    34.2800     7.5788    27.5550    27.5542    34.2811    27.5551    1446.26    1446.26    -0.6145  1027.8326    34.4467 0.0000e+00
       6670 313.175762  -62.13872  -58.43417      0.838    1445.72     58.000     57.436    -0.6138    -0.6131     0.0007    -0.6156    -0.6148     0.0007   2.800472   2.800463  -0.000022    34.2813    34.2802     7.5794    27.5553    27.5543    34.2811    27.5551    1446.27    1446.27    -0.6155  1027.8374    34.4467 0.0000e+00
       6698 313.175776  -62.13872  -58.43416      0.856    1445.72     59.000     58.426    -0.6177    -0.6160     0.0017    -0.6195    -0.6177     0.0017   2.800217   2.800275   0.000062    34.2818    34.2806     7.5722    27.5558    27.5548    34.2814    27.5556    1446.27    1446.28    -0.6194  1027.8426    34.4471 0.0000e+00
       6725 313.175789  -62.13872  -58.43414      0.867    1445.72     60.000     59.416    -0.6174    -0.6165     0.0009    -0.6192    -0.6183     0.0009   2.800287   2.800297   0.000012    34.2814    34.2805     7.5729    27.5555    27.5548    34.2814    27.5556    1446.29    1446.29    -0.6192  1027.8474    34.4471 0.0000e+00
       6753 313.175803  -62.13872  -58.43414      0.864    1445.72     61.000     60.406    -0.6153    -0.6150     0.0003    -0.6172    -0.6168     0.0003   2.800495   2.800460  -0.000033    34.2810    34.2802     7.5784    27.5551    27.5544    34.2813    27.5553    1446.32    1446.32    -0.6171  1027.8519    34.4469 0.0000e+00
       6782 313.175816  -62.13872  -58.43412      0.844    1445.72     62.000     61.396    -0.6165    -0.6154     0.0011    -0.6183    -0.6172     0.0011   2.800418   2.800452   0.000037    34.2811    34.2803     7.5774    27.5553    27.5546    34.2809    27.5551    1446.33    1446.33    -0.6183  1027.8565    34.4465 0.0000e+00
       6811 313.175831  -62.13872  -58.43411      0.824    1445.72     63.000     62.386    -0.6173    -0.6167     0.0006    -0.6192    -0.6186     0.0006   2.800413   2.800400  -0.000016    34.2811    34.2803     7.5769    27.5553    27.5546    34.2811    27.5553    1446.34    1446.34    -0.6191  1027.8615    34.4468 0.0000e+00
       6841 313.175845  -62.13872  -58.43409      0.811    1445.72     64.000     63.376    -0.6175    -0.6168     0.0007    -0.6194    -0.6187     0.0007   2.800435   2.800428  -0.000005    34.2812    34.2802     7.5812    27.5553    27.5546    34.2811    27.5553    1446.35    1446.36    -0.6194  1027.8663    34.4468 0.0000e+00
       6872 313.175860  -62.13872  -58.43408      0.788    1445.72     65.000     64.366    -0.6178    -0.6170     0.0008    -0.6198    -0.6189     0.0008   2.800483   2.800470  -0.000013    34.2814    34.2803     7.5777    27.5556    27.5547    34.2814    27.5556    1446.37    1446.37    -0.6197  1027.8713    34.4471 0.0000e+00
       6901 313.175874  -62.13872  -58.43406      0.798    1446.01     66.000     65.356    -0.6173    -0.6168     0.0005    -0.6192    -0.6188     0.0005   2.800564   2.800532  -0.000028    34.2812    34.2803     7.5756    27.5553    27.5546    34.2813    27.5554    1446.39    1446.39    -0.6192  1027.8760    34.4470 0.0000e+00
       6930 313.175888  -62.13872  -58.43405      0.836    1446.05     67.000     66.346    -0.6170    -0.6162     0.0008    -0.6190    -0.6182     0.0008   2.800624   2.800622  -0.000010    34.2812    34.2802     7.5715    27.5554    27.5545    34.2812    27.5553    1446.41    1446.41    -0.6189  1027.8807    34.4469 0.0000e+00
       6957 313.175901  -62.13872  -58.43404      0.870    1446.05     68.000     67.336    -0.6176    -0.6164     0.0012    -0.6196    -0.6184     0.0012   2.800642   2.800651   0.000013    34.2814    34.2802     7.5740    27.5556    27.5546    34.2815    27.5556    1446.42    1446.42    -0.6196  1027.8857    34.4472 0.0000e+00
       6984 313.175914  -62.13872  -58.43403      0.892    1446.05     69.000     68.326    -0.6181    -0.6172     0.0010    -0.6202    -0.6192     0.0010   2.800641   2.800640  -0.000002    34.2815    34.2803     7.5761    27.5556    27.5547    34.2814    27.5556    1446.43    1446.44    -0.6201  1027.8905    34.4471 0.0000e+00
       7011 313.175927  -62.13872  -58.43402      0.884    1446.05     70.000     69.317    -0.6171    -0.6163     0.0008    -0.6192    -0.6184     0.0008   2.800760   2.800760  -0.000004    34.2811    34.2802     7.5768    27.5553    27.5545    34.2812    27.5554    1446.45    1446.46    -0.6191  1027.8951    34.4470 0.0000e+00
       7040 313.175941  -62.13872  -58.43400      0.838    1446.05     71.000     70.307    -0.6187    -0.6178     0.0009    -0.6208    -0.6199     0.0009   2.800677   2.800669  -0.000002    34.2816    34.2805     7.5693    27.5558    27.5549    34.2813    27.5555    1446.46    1446.46    -0.6208  1027.9000    34.4471 0.0000e+00
       7071 313.175956  -62.13872  -58.43399      0.796    1446.05     72.000     71.297    -0.6236    -0.6225     0.0011    -0.6257    -0.6247     0.0011   2.800390   2.800355  -0.000039    34.2827    34.2809     7.5716    27.5569    27.5554    34.2824    27.5566    1446.46    1446.46    -0.6257  1027.9059    34.4481 0.0000e+00
       7102 313.175971  -62.13872  -58.43397      0.780    1446.05     73.000     72.287    -0.6252    -0.6244     0.0009    -0.6274    -0.6265     0.0009   2.800282   2.800261  -0.000023    34.2823    34.2810     7.5723    27.5566    27.5556    34.2821    27.5564    1446.47    1446.47    -0.6273  1027.9105    34.4479 0.0000e+00
       7132 313.175985  -62.13872  -58.43396      0.791    1446.05     74.000     73.277    -0.6249    -0.6239     0.0009    -0.6271    -0.6261     0.0009   2.800326   2.800326 -2.129e-07    34.2819    34.2808     7.5736    27.5563    27.5553    34.2817    27.5561    1446.48    1446.49    -0.6270  1027.9150    34.4475 0.0000e+00
       7161 313.175999  -62.13872  -58.43394      0.811    1446.05     75.000     74.267    -0.6254    -0.6246     0.0009    -0.6276    -0.6268     0.0009   2.800339   2.800324  -0.000018    34.2821    34.2809     7.5755    27.5564    27.5554    34.2818    27.5562    1446.50    1446.50    -0.6276  1027.9199    34.4476 0.0000e+00
       7189 313.176013  -62.13872  -58.43393      0.839    1446.05     76.000     75.257    -0.6266    -0.6257     0.0009    -0.6289    -0.6280     0.0009   2.800302   2.800291  -0.000011    34.2823    34.2811     7.5795    27.5567    27.5557    34.2822    27.5566    1446.51    1446.51    -0.6288  1027.9250    34.4480 0.0000e+00
       7217 313.176026  -62.13872  -58.43392      0.863    1446.05     77.000     76.247    -0.6300    -0.6282     0.0019    -0.6323    -0.6305     0.0019   2.800095   2.800149   0.000048    34.2831    34.2817     7.5781    27.5575    27.5562    34.2826    27.5571    1446.51    1446.52    -0.6322  1027.9303    34.4484 0.0000e+00
       7244 313.176039  -62.13872  -58.43391      0.874    1446.05     78.000     77.237    -0.6340    -0.6323     0.0016    -0.6363    -0.6346     0.0016   2.799864   2.799895   0.000035    34.2837    34.2824     7.5678    27.5582    27.5570    34.2833    27.5578    1446.51    1446.51    -0.6362  1027.9359    34.4491 0.0000e+00
       7273 313.176053  -62.13872  -58.43390      0.853    1446.05     79.000     78.227    -0.6340    -0.6330     0.0010    -0.6364    -0.6354     0.0010   2.799866   2.799888   0.000025    34.2830    34.2822     7.5669    27.5576    27.5569    34.2828    27.5574    1446.52    1446.53    -0.6363  1027.9403    34.4487 0.0000e+00
       7303 313.176068  -62.13872  -58.43388      0.816    1446.05     80.000     79.217    -0.6343    -0.6332     0.0011    -0.6367    -0.6356     0.0011   2.799903   2.799915   0.000011    34.2832    34.2822     7.5648    27.5578    27.5569    34.2830    27.5576    1446.54    1446.54    -0.6366  1027.9452    34.4489 0.0000e+00
       7333 313.176082  -62.13872  -58.43386      0.792    1446.05     81.000     80.207    -0.6354    -0.6341     0.0013    -0.6378    -0.6365     0.0013   2.799874   2.799902   0.000028    34.2834    34.2823     7.5598    27.5579    27.5570    34.2832    27.5578    1446.55    1446.55    -0.6377  1027.9502    34.4491 0.0000e+00
       7363 313.176097  -62.13872  -58.43385      0.792    1446.05     82.000     81.197    -0.6370    -0.6369     0.0000    -0.6394    -0.6393     0.0000   2.799799   2.799741  -0.000049    34.2837    34.2830     7.5558    27.5583    27.5577    34.2833    27.5580    1446.56    1446.56    -0.6394  1027.9552    34.4493 0.0000e+00
       7393 313.176111  -62.13872  -58.43384      0.808    1446.05     83.000     82.187    -0.6358    -0.6352     0.0006    -0.6383    -0.6377     0.0006   2.799934   2.799924  -0.000008    34.2830    34.2822     7.5602    27.5577    27.5570    34.2832    27.5579    1446.58    1446.58    -0.6382  1027.9599    34.4492 0.0000e+00
       7422 313.176125  -62.13872  -58.43382      0.825    1446.05     84.000     83.177    -0.6299    -0.6293     0.0006    -0.6324    -0.6318     0.0006   2.800376   2.800386   0.000005    34.2816    34.2810     7.5590    27.5563    27.5558    34.2819    27.5565    1446.62    1446.62    -0.6323  1027.9633    34.4478 0.0000e+00
       7451 313.176139  -62.13872  -58.43382      0.834    1446.05     85.000     84.167    -0.6261    -0.6259     0.0002    -0.6286    -0.6284     0.0002   2.800704   2.800696  -0.000013    34.2810    34.2805     7.5612    27.5556    27.5552    34.2814    27.5559    1446.66    1446.66    -0.6286  1027.9675    34.4473 0.0000e+00
       7478 313.176152  -62.13872  -58.43379      0.853    1446.05     86.000     85.157    -0.6236    -0.6224     0.0012    -0.6262    -0.6250     0.0012   2.800947   2.800997   0.000053    34.2808    34.2802     7.5621    27.5553    27.5548    34.2812    27.5557    1446.68    1446.69    -0.6261  1027.9720    34.4472 0.0000e+00
       7506 313.176166  -62.13872  -58.43378      0.872    1446.05     87.000     86.147    -0.6236    -0.6228     0.0009    -0.6262    -0.6254     0.0009   2.801019   2.801015  -0.000003    34.2815    34.2804     7.5668    27.5559    27.5550    34.2816    27.5560    1446.70    1446.70    -0.6261  1027.9772    34.4476 0.0000e+00
       7534 313.176179  -62.13872  -58.43377      0.868    1446.05     88.000     87.137    -0.6237    -0.6230     0.0008    -0.6264    -0.6256     0.0008   2.801037   2.801047   0.000003    34.2813    34.2805     7.5677    27.5557    27.5550    34.2814    27.5558    1446.72    1446.72    -0.6263  1027.9818    34.4474 0.0000e+00
       7562 313.176192  -62.13873  -58.43376      0.858    1446.05     89.000     88.127    -0.6269    -0.6261     0.0008    -0.6295    -0.6287     0.0008   2.800861   2.800860   0.000001    34.2820    34.2811     7.5790    27.5565    27.5557    34.2819    27.5564    1446.72    1446.72    -0.6295  1027.9872    34.4480 0.0000e+00
       7590 313.176206  -62.13874  -58.43374      0.845    1446.05     90.000     89.117    -0.6271    -0.6264     0.0008    -0.6298    -0.6291     0.0008   2.800896   2.800875  -0.000023    34.2820    34.2808     7.5755    27.5565    27.5555    34.2821    27.5565    1446.73    1446.73    -0.6297  1027.9921    34.4481 0.0000e+00
       7619 313.176220  -62.13874  -58.43372      0.831    1446.05     91.000     90.107    -0.6278    -0.6269     0.0009    -0.6306    -0.6296     0.0009   2.800901   2.800873  -0.000006    34.2823    34.2811     7.5602    27.5567    27.5558    34.2823    27.5568    1446.75    1446.75    -0.6305  1027.9971    34.4484 0.0000e+00
       7649 313.176234  -62.13874  -58.43371      0.816    1446.05     92.000     91.097    -0.6302    -0.6297     0.0005    -0.6329    -0.6324     0.0005   2.800771   2.800735  -0.000057    34.2831    34.2818     7.5574    27.5575    27.5564    34.2826    27.5571    1446.75    1446.75    -0.6329  1028.0022    34.4487 0.0000e+00
       7679 313.176249  -62.13874  -58.43369      0.808    1446.05     93.000     92.087    -0.6413    -0.6394     0.0018    -0.6441    -0.6422     0.0018   2.800055   2.800069   0.000014    34.2857    34.2839     7.5634    27.5601    27.5585    34.2849    27.5594    1446.72    1446.73    -0.6440  1028.0094    34.4510 0.0000e+00
       7708 313.176263  -62.13874  -58.43368      0.802    1446.05     94.000     93.077    -0.6371    -0.6375    -0.0004    -0.6399    -0.6403    -0.0004   2.800348   2.800280  -0.000067    34.2831    34.2826     7.5667    27.5578    27.5574    34.2835    27.5581    1446.75    1446.75    -0.6398  1028.0129    34.4496 0.0000e+00
       7738 313.176277  -62.13874  -58.43366      0.812    1446.05     95.000     94.067    -0.6334    -0.6322     0.0012    -0.6362    -0.6350     0.0012   2.800653   2.800668   0.000020    34.2828    34.2818     7.5676    27.5574    27.5565    34.2828    27.5574    1446.79    1446.79    -0.6362  1028.0169    34.4489 0.0000e+00
       7767 313.176291  -62.13874  -58.43365      0.831    1446.05     96.000     95.057    -0.6350    -0.6343     0.0007    -0.6379    -0.6371     0.0007   2.800597   2.800587  -0.000013    34.2835    34.2824     7.5616    27.5580    27.5571    34.2832    27.5578    1446.79    1446.80    -0.6378  1028.0222    34.4494 0.0000e+00
       7796 313.176305  -62.13874  -58.43364      0.831    1446.05     97.000     96.047    -0.6357    -0.6350     0.0006    -0.6386    -0.6379     0.0006   2.800611   2.800592  -0.000014    34.2836    34.2827     7.5570    27.5581    27.5573    34.2835    27.5581    1446.81    1446.81    -0.6385  1028.0272    34.4497 0.0000e+00
       7825 313.176319  -62.13874  -58.43363      0.819    1446.05     98.000     97.037    -0.6364    -0.6358     0.0006    -0.6394    -0.6387     0.0006   2.800595   2.800575  -0.000020    34.2838    34.2828     7.5652    27.5583    27.5575    34.2836    27.5582    1446.82    1446.82    -0.6393  1028.0321    34.4498 0.0000e+00
