Pos-Processados/pos_process42/Dados/doperantar42_051.cnv
* Sea-Bird SBE 9 Data File:
* FileName = C:\Users\Hidrografia\Desktop\OPXLII\Brutos\OP42051.hdr
* Software Version Seasave V 7.26.7.107
* Temperature SN = 6502
* Conductivity SN = 4998
* Number of Bytes Per Scan = 37
* Number of Voltage Words = 4
* Number of Scans Averaged by the Deck Unit = 1
* NMEA Latitude = 62 08.18 S
* NMEA Longitude = 058 26.57 W
* NMEA UTC (Time) = Nov 10 2023 02:01:52
* NMEA baud rate = 4800
** H41
** NPOALTEMAXIMIANO
** NUMERO DA ESTACAO (XXX) 51
** LAT (XX XX.XX S/N) 62 08.171 S
** LONG (XXX XX.XX W/E) 058 26.68 W
** DATAHORA (dd/mm/aaaa hh:mm Z) 10/11/2023 0205Z
** PROFUNDIDADE (m) 424
** OPERADOR CT FILIPE LOPES
# nquan = 30
# nvalues = 386                         
# units = specified
# name 0 = scan: Scan Count
# name 1 = timeJ: Julian Days
# name 2 = latitude: Latitude [deg]
# name 3 = longitude: Longitude [deg]
# name 4 = dz/dtM: Descent Rate [m/s]
# name 5 = avgsvCM: Average Sound Velocity [Chen-Millero, m/s]
# name 6 = prDM: Pressure, Digiquartz [db]
# name 7 = depSM: Depth [salt water, m]
# name 8 = t090C: Temperature [ITS-90, deg C]
# name 9 = t190C: Temperature, 2 [ITS-90, deg C]
# name 10 = T2-T190C: Temperature Difference, 2 - 1 [ITS-90, deg C]
# name 11 = potemp090C: Potential Temperature [ITS-90, deg C]
# name 12 = potemp190C: Potential Temperature, 2 [ITS-90, deg C]
# name 13 = potemp90Cdiff: Potential Temperature, Diff, 2 - 1 [ITS-90, deg C]
# name 14 = c0S/m: Conductivity [S/m]
# name 15 = c1S/m: Conductivity, 2 [S/m]
# name 16 = C2-C1S/m: Conductivity Difference, 2 - 1 [S/m]
# name 17 = sal00: Salinity, Practical [PSU]
# name 18 = sal11: Salinity, Practical, 2 [PSU]
# name 19 = sbeox0ML/L: Oxygen, SBE 43 [ml/l]
# name 20 = sigma-é00: Density [sigma-theta, kg/m^3]
# name 21 = sigma-é11: Density, 2 [sigma-theta, kg/m^3]
# name 22 = sal00: Salinity, Practical [PSU]
# name 23 = sigma-é00: Density [sigma-theta, kg/m^3]
# name 24 = svCM: Sound Velocity [Chen-Millero, m/s]
# name 25 = svCM1: Sound Velocity, 2 [Chen-Millero, m/s]
# name 26 = gsw_ptA0: potential temperature [ITS-90, deg C]
# name 27 = gsw_densityA0: density, TEOS-10 [density, kg/m^3]
# name 28 = gsw_saA0: Absolute Salinity [g/kg]
# name 29 = flag:
# span 0 =       4154,      17299       
# span 1 = 314.086633, 314.092972       
# span 2 =  -62.13930,  -62.13708       
# span 3 =  -58.44111,  -58.43631       
# span 4 =      0.044,      1.030       
# span 5 =       0.00,    1448.41       
# span 6 =      3.000,    388.000       
# span 7 =      2.979,    383.915       
# span 8 =    -0.7920,    -0.5116       
# span 9 =    -0.7916,    -0.5108       
# span 10 =    -0.0053,     0.0061      
# span 11 =    -0.7981,    -0.5234      
# span 12 =    -0.7977,    -0.5226      
# span 13 =    -0.0053,     0.0060      
# span 14 =   2.794382,   2.831248      
# span 15 =   2.794357,   2.831231      
# span 16 =  -0.000632,   0.000396      
# span 17 =    34.2630,    34.4088      
# span 18 =    34.2615,    34.4079      
# span 19 =     6.6647,     7.7535      
# span 20 =    27.5391,    27.6557      
# span 21 =    27.5378,    27.6549      
# span 22 =    34.2634,    34.4086      
# span 23 =    27.5394,    27.6555      
# span 24 =    1445.50,    1452.16      
# span 25 =    1445.50,    1452.16      
# span 26 =    -0.7980,    -0.5232      
# span 27 =  1027.5583,  1029.5086      
# span 28 =    34.4284,    34.5754      
# span 29 = 0.0000e+00, 0.0000e+00      
# interval = decibars: 1                
# start_time = Nov 10 2023 02:01:52 [NMEA time, header]
# bad_flag = -9.990e-29
*END*
[from data line 194]
       9728 314.089321  -62.13794  -58.43910      0.842    1446.81    197.000    195.017    -0.7830    -0.7823     0.0008    -0.7889    -0.7881     0.0008   2.794421   2.794417  -0.000003    34.3056    34.3046     7.4769    27.5822    27.5814    34.3052    27.5820    1447.77    1447.78    -0.7887  1028.5300    34.4724 0.0000e+00
       9758 314.089335  -62.13794  -58.43910      0.821    1446.81    198.000    196.007    -0.7832    -0.7824     0.0008    -0.7891    -0.7882     0.0008   2.794442   2.794451   0.000013    34.3053    34.3045     7.4749    27.5820    27.5814    34.3051    27.5819    1447.79    1447.79    -0.7889  1028.5346    34.4722 0.0000e+00
       9789 314.089350  -62.13795  -58.43909      0.786    1446.81    199.000    196.996    -0.7815    -0.7806     0.0008    -0.7873    -0.7865     0.0008   2.794643   2.794652   0.000005    34.3052    34.3044     7.4723    27.5819    27.5812    34.3052    27.5819    1447.81    1447.82    -0.7872  1028.5394    34.4724 0.0000e+00
       9819 314.089364  -62.13796  -58.43908      0.792    1446.81    200.000    197.985    -0.7821    -0.7810     0.0011    -0.7880    -0.7869     0.0011   2.794670   2.794702   0.000031    34.3059    34.3051     7.4811    27.5825    27.5818    34.3057    27.5823    1447.83    1447.83    -0.7879  1028.5446    34.4728 0.0000e+00
       9848 314.089378  -62.13796  -58.43906      0.817    1446.81    201.000    198.975    -0.7832    -0.7818     0.0014    -0.7892    -0.7878     0.0014   2.794643   2.794699   0.000057    34.3061    34.3053     7.4764    27.5827    27.5820    34.3060    27.5826    1447.84    1447.84    -0.7890  1028.5497    34.4731 0.0000e+00
       9877 314.089392  -62.13797  -58.43906      0.831    1446.81    202.000    199.964    -0.7838    -0.7828     0.0010    -0.7898    -0.7888     0.0010   2.794680   2.794689   0.000009    34.3068    34.3057     7.4719    27.5833    27.5824    34.3066    27.5831    1447.85    1447.86    -0.7896  1028.5550    34.4738 0.0000e+00
       9907 314.089407  -62.13798  -58.43905      0.818    1446.81    203.000    200.954    -0.7889    -0.7877     0.0013    -0.7949    -0.7937     0.0013   2.794390   2.794380  -0.000006    34.3083    34.3068     7.4782    27.5847    27.5834    34.3078    27.5843    1447.85    1447.85    -0.7948  1028.5610    34.4750 0.0000e+00
       9938 314.089422  -62.13798  -58.43904      0.780    1446.81    204.000    201.943    -0.7892    -0.7884     0.0008    -0.7952    -0.7944     0.0008   2.794426   2.794395  -0.000030    34.3081    34.3068     7.4745    27.5846    27.5835    34.3080    27.5844    1447.86    1447.86    -0.7951  1028.5631    34.4717 0.0000e+00
       9967 314.089436 -9.990e-29  -58.43902      0.794    1446.81    205.000    202.932    -0.7915    -0.7895     0.0019    -0.7976    -0.7956     0.0019   2.794382   2.794423   0.000037    34.3098    34.3080     7.4689    27.5860    27.5845    34.3094    27.5857    1447.87    1447.88    -0.7974  1028.5676    34.4712 0.0000e+00
       9995 314.089449 -9.990e-29  -58.43902      0.843    1446.81    206.000    203.922    -0.7920    -0.7916     0.0004    -0.7981    -0.7977     0.0004   2.794414   2.794357  -0.000052    34.3098    34.3087     7.4631    27.5861    27.5851    34.3098    27.5861    1447.88    1447.89    -0.7980  1028.5727    34.4716 0.0000e+00
      10023 314.089463  -62.13800  -58.43901      0.871    1446.81    207.000    204.911    -0.7895    -0.7889     0.0005    -0.7956    -0.7950     0.0005   2.794634   2.794629  -0.000010    34.3093    34.3085     7.4654    27.5855    27.5849    34.3093    27.5855    1447.91    1447.91    -0.7955  1028.5774    34.4716 0.0000e+00
      10051 314.089476  -62.13800  -58.43900      0.851    1446.81    208.000    205.901    -0.7882    -0.7870     0.0012    -0.7944    -0.7932     0.0012   2.794796   2.794835   0.000042    34.3095    34.3087     7.4574    27.5856    27.5849    34.3094    27.5856    1447.93    1447.94    -0.7942  1028.5861    34.4766 0.0000e+00
      10082 314.089491  -62.13800  -58.43899      0.799    1446.81    209.000    206.890    -0.7881    -0.7874     0.0008    -0.7943    -0.7936     0.0008   2.794868   2.794856  -0.000013    34.3097    34.3086     7.4504    27.5858    27.5849    34.3097    27.5858    1447.95    1447.95    -0.7942  1028.5911    34.4769 0.0000e+00
      10114 314.089507  -62.13800  -58.43898      0.753    1446.81    210.000    207.880    -0.7873    -0.7868     0.0004    -0.7935    -0.7931     0.0004   2.795009   2.794950  -0.000053    34.3100    34.3088     7.4519    27.5860    27.5850    34.3100    27.5860    1447.97    1447.97    -0.7934  1028.5961    34.4772 0.0000e+00
      10144 314.089521  -62.13800  -58.43896      0.779    1446.81    211.000    208.869    -0.7874    -0.7867     0.0008    -0.7937    -0.7929     0.0008   2.795048   2.795017  -0.000031    34.3100    34.3087     7.4510    27.5860    27.5850    34.3101    27.5861    1447.99    1447.99    -0.7935  1028.5972    34.4726 0.0000e+00
      10173 314.089535 -9.990e-29  -58.43896      0.831    1446.81    212.000    209.858    -0.7846    -0.7859    -0.0013    -0.7910    -0.7922    -0.0013   2.795379   2.795158  -0.000204    34.3100    34.3087     7.4380    27.5859    27.5849    34.3108    27.5866    1448.02    1448.01    -0.7908  1028.6018    34.4726 0.0000e+00
      10201 314.089548 -9.990e-29  -58.43895      0.853    1446.81    213.000    210.848    -0.7724    -0.7722     0.0002    -0.7788    -0.7785     0.0002   2.796372   2.796429   0.000044    34.3089    34.3092     7.4388    27.5845    27.5848    34.3097    27.5852    1448.09    1448.09    -0.7786  1028.6051    34.4715 0.0000e+00
      10229 314.089562  -62.13802  -58.43894      0.847    1446.81    214.000    211.837    -0.7727    -0.7716     0.0011    -0.7791    -0.7779     0.0011   2.796530   2.796538   0.000005    34.3112    34.3100     7.4422    27.5864    27.5853    34.3116    27.5867    1448.11    1448.11    -0.7789  1028.6130    34.4753 0.0000e+00
      10259 314.089577  -62.13802  -58.43894      0.811    1446.81    215.000    212.826    -0.7715    -0.7717    -0.0002    -0.7779    -0.7782    -0.0002   2.796659   2.796565  -0.000088    34.3108    34.3099     7.4418    27.5860    27.5853    34.3114    27.5865    1448.13    1448.12    -0.7778  1028.6203    34.4786 0.0000e+00
      10288 314.089591  -62.13804  -58.43892      0.811    1446.81    216.000    213.816    -0.7704    -0.7699     0.0005    -0.7769    -0.7763     0.0005   2.796806   2.796783  -0.000023    34.3111    34.3102     7.4415    27.5862    27.5855    34.3115    27.5866    1448.15    1448.15    -0.7767  1028.6252    34.4788 0.0000e+00
      10317 314.089605  -62.13804  -58.43891      0.838    1446.81    217.000    214.805    -0.7711    -0.7700     0.0011    -0.7776    -0.7765     0.0011   2.796824   2.796826  -0.000006    34.3117    34.3104     7.4363    27.5868    27.5856    34.3120    27.5870    1448.16    1448.17    -0.7774  1028.6303    34.4792 0.0000e+00
      10345 314.089618  -62.13804  -58.43890      0.847    1446.81    218.000    215.795    -0.7710    -0.7699     0.0011    -0.7776    -0.7764     0.0011   2.796879   2.796877  -0.000004    34.3117    34.3103     7.4270    27.5867    27.5856    34.3120    27.5870    1448.18    1448.18    -0.7774  1028.6351    34.4792 0.0000e+00
      10374 314.089632  -62.13806  -58.43890      0.846    1446.81    219.000    216.784    -0.7714    -0.7701     0.0012    -0.7779    -0.7767     0.0012   2.796866   2.796896   0.000032    34.3114    34.3104     7.4245    27.5865    27.5857    34.3115    27.5866    1448.20    1448.20    -0.7778  1028.6396    34.4788 0.0000e+00
      10404 314.089646  -62.13806  -58.43888      0.815    1446.81    220.000    217.773    -0.7719    -0.7711     0.0008    -0.7785    -0.7777     0.0008   2.796868   2.796859  -0.000012    34.3113    34.3103     7.4213    27.5865    27.5856    34.3116    27.5867    1448.21    1448.21    -0.7783  1028.6444    34.4788 0.0000e+00
      10433 314.089661  -62.13806  -58.43887      0.799    1446.81    221.000    218.763    -0.7721    -0.7713     0.0009    -0.7787    -0.7779     0.0009   2.796906   2.796886  -0.000018    34.3116    34.3104     7.4274    27.5867    27.5857    34.3117    27.5868    1448.22    1448.22    -0.7786  1028.6493    34.4790 0.0000e+00
      10462 314.089675  -62.13806  -58.43886      0.823    1446.81    222.000    219.752    -0.7691    -0.7695    -0.0004    -0.7758    -0.7762    -0.0004   2.797187   2.797105  -0.000071    34.3108    34.3102     7.4366    27.5859    27.5855    34.3115    27.5865    1448.25    1448.25    -0.7756  1028.6537    34.4788 0.0000e+00
      10492 314.089689  -62.13808  -58.43884      0.819    1446.81    223.000    220.741    -0.7567    -0.7563     0.0004    -0.7634    -0.7630     0.0004   2.798412   2.798467   0.000046    34.3120    34.3122     7.4362    27.5864    27.5865    34.3133    27.5875    1448.33    1448.33    -0.7632  1028.6594    34.4807 0.0000e+00
      10521 314.089703  -62.13808  -58.43884      0.811    1447.05    224.000    221.731    -0.7546    -0.7539     0.0007    -0.7613    -0.7606     0.0007   2.798751   2.798735  -0.000016    34.3143    34.3133     7.4339    27.5882    27.5873    34.3150    27.5887    1448.36    1448.36    -0.7612  1028.6654    34.4823 0.0000e+00
      10549 314.089717  -62.13808  -58.43883      0.848    1447.08    225.000    222.720    -0.7542    -0.7535     0.0007    -0.7610    -0.7603     0.0007   2.798859   2.798826  -0.000031    34.3147    34.3135     7.4219    27.5885    27.5875    34.3153    27.5890    1448.38    1448.38    -0.7608  1028.6704    34.4827 0.0000e+00
      10576 314.089730  -62.13808  -58.43882      0.876    1447.08    226.000    223.709    -0.7538    -0.7532     0.0006    -0.7607    -0.7600     0.0006   2.798937   2.798902  -0.000037    34.3149    34.3137     7.4104    27.5886    27.5876    34.3154    27.5890    1448.40    1448.40    -0.7605  1028.6752    34.4827 0.0000e+00
      10604 314.089743  -62.13809  -58.43882      0.882    1447.08    227.000    224.699    -0.7537    -0.7529     0.0007    -0.7605    -0.7598     0.0007   2.799020   2.798977  -0.000043    34.3153    34.3139     7.4022    27.5889    27.5878    34.3157    27.5893    1448.41    1448.41    -0.7604  1028.6802    34.4830 0.0000e+00
      10631 314.089756  -62.13810  -58.43881      0.882    1447.08    228.000    225.688    -0.7533    -0.7525     0.0007    -0.7601    -0.7594     0.0007   2.799090   2.799068  -0.000022    34.3152    34.3141     7.3970    27.5888    27.5879    34.3156    27.5891    1448.43    1448.43    -0.7600  1028.6830    34.4806 0.0000e+00
      10660 314.089770 -9.990e-29  -58.43880      0.845    1447.08    229.000    226.677    -0.7536    -0.7529     0.0007    -0.7605    -0.7599     0.0007   2.799123   2.799086  -0.000039    34.3155    34.3142     7.4023    27.5891    27.5881    34.3158    27.5893    1448.44    1448.45    -0.7603  1028.6854    34.4776 0.0000e+00
      10692 314.089785 -9.990e-29  -58.43878      0.771    1447.08    230.000    227.667    -0.7538    -0.7532     0.0006    -0.7607    -0.7602     0.0006   2.799151   2.799108  -0.000037    34.3154    34.3143     7.3964    27.5891    27.5881    34.3157    27.5893    1448.46    1448.46    -0.7606  1028.6901    34.4775 0.0000e+00
      10723 314.089801  -62.13812  -58.43877      0.755    1447.08    231.000    228.656    -0.7534    -0.7526     0.0008    -0.7604    -0.7596     0.0008   2.799224   2.799206  -0.000018    34.3154    34.3143     7.3913    27.5890    27.5881    34.3157    27.5893    1448.48    1448.48    -0.7602  1028.6956    34.4784 0.0000e+00
      10753 314.089815  -62.13812  -58.43876      0.800    1447.08    232.000    229.645    -0.7536    -0.7528     0.0008    -0.7606    -0.7599     0.0008   2.799268   2.799236  -0.000034    34.3158    34.3144     7.3917    27.5893    27.5882    34.3159    27.5895    1448.50    1448.50    -0.7605  1028.7043    34.4833 0.0000e+00
      10780 314.089828  -62.13812  -58.43876      0.858    1447.08    233.000    230.634    -0.7533    -0.7525     0.0008    -0.7603    -0.7596     0.0008   2.799330   2.799318  -0.000018    34.3156    34.3145     7.3966    27.5892    27.5883    34.3158    27.5893    1448.51    1448.52    -0.7602  1028.7089    34.4832 0.0000e+00
      10807 314.089841  -62.13812  -58.43874      0.895    1447.08    234.000    231.624    -0.7531    -0.7525     0.0006    -0.7601    -0.7595     0.0006   2.799398   2.799366  -0.000030    34.3156    34.3145     7.3962    27.5892    27.5883    34.3158    27.5893    1448.53    1448.53    -0.7600  1028.7137    34.4832 0.0000e+00
      10835 314.089854  -62.13814  -58.43874      0.869    1447.08    235.000    232.613    -0.7528    -0.7521     0.0007    -0.7599    -0.7592     0.0007   2.799456   2.799455 -3.053e-07    34.3155    34.3147     7.3887    27.5891    27.5884    34.3157    27.5892    1448.55    1448.55    -0.7597  1028.7184    34.4831 0.0000e+00
      10866 314.089869  -62.13814  -58.43873      0.794    1447.08    236.000    233.602    -0.7527    -0.7519     0.0008    -0.7598    -0.7590     0.0008   2.799517   2.799519   0.000002    34.3155    34.3147     7.3774    27.5891    27.5884    34.3157    27.5893    1448.56    1448.57    -0.7597  1028.7231    34.4831 0.0000e+00
      10896 314.089884  -62.13814  -58.43872      0.794    1447.08    237.000    234.592    -0.7524    -0.7516     0.0009    -0.7596    -0.7587     0.0009   2.799598   2.799590  -0.000009    34.3158    34.3147     7.3830    27.5893    27.5884    34.3159    27.5894    1448.58    1448.58    -0.7594  1028.7281    34.4833 0.0000e+00
      10924 314.089897  -62.13814  -58.43870      0.838    1447.08    238.000    235.581    -0.7523    -0.7516     0.0007    -0.7595    -0.7588     0.0007   2.799663   2.799633  -0.000026    34.3158    34.3147     7.3830    27.5894    27.5884    34.3160    27.5895    1448.60    1448.60    -0.7593  1028.7329    34.4834 0.0000e+00
      10953 314.089911  -62.13814  -58.43870      0.837    1447.08    239.000    236.570    -0.7526    -0.7518     0.0008    -0.7598    -0.7590     0.0008   2.799684   2.799664  -0.000019    34.3160    34.3148     7.3933    27.5895    27.5885    34.3160    27.5895    1448.61    1448.62    -0.7597  1028.7377    34.4834 0.0000e+00
      10984 314.089926  -62.13816  -58.43869      0.790    1447.08    240.000    237.559    -0.7528    -0.7520     0.0008    -0.7600    -0.7593     0.0008   2.799708   2.799689  -0.000024    34.3160    34.3148     7.3948    27.5895    27.5885    34.3160    27.5895    1448.63    1448.63    -0.7599  1028.7425    34.4834 0.0000e+00
      11016 314.089941  -62.13816  -58.43868      0.757    1447.08    241.000    238.549    -0.7538    -0.7529     0.0009    -0.7611    -0.7602     0.0009   2.799675   2.799659  -0.000013    34.3161    34.3149     7.3942    27.5896    27.5886    34.3161    27.5896    1448.64    1448.64    -0.7609  1028.7474    34.4835 0.0000e+00
      11045 314.089956  -62.13816  -58.43868      0.784    1447.08    242.000    239.538    -0.7530    -0.7523     0.0007    -0.7604    -0.7596     0.0007   2.799774   2.799753  -0.000020    34.3158    34.3147     7.3944    27.5893    27.5885    34.3159    27.5894    1448.66    1448.66    -0.7602  1028.7519    34.4833 0.0000e+00
      11074 314.089970  -62.13816  -58.43866      0.837    1447.08    243.000    240.527    -0.7532    -0.7524     0.0007    -0.7605    -0.7598     0.0007   2.799815   2.799796  -0.000024    34.3160    34.3149     7.3947    27.5896    27.5886    34.3160    27.5895    1448.68    1448.68    -0.7604  1028.7568    34.4834 0.0000e+00
