Pos-Processados/pos_process42/Dados/doperantar42_017.cnv
* Sea-Bird SBE 9 Data File:
* FileName = C:\Users\Hidrografia\Desktop\OPXLII\Brutos\OP42017.hdr
* Software Version Seasave V 7.26.7.107
* Temperature SN = 6502
* Conductivity SN = 4998
* Number of Bytes Per Scan = 37
* Number of Voltage Words = 4
* Number of Scans Averaged by the Deck Unit = 1
* NMEA Latitude = 62 11.60 S
* NMEA Longitude = 058 03.21 W
* NMEA UTC (Time) = Nov 07 2023 10:12:31
* NMEA baud rate = 4800
** H41
** NPOALTEMAXIMIANO
** NUMERO DA ESTACAO (XXX) 017
** LAT (XX XX.XX S/N) 62 11.58 S
** LONG (XXX XX.XX W/E) 058 03.19 W
** DATAHORA (dd/mm/aaaa hh:mm Z) 07/11/2023 1011Z
** PROFUNDIDADE (m) 523
** OPERADOR CT FABIREZA
# nquan = 30
# nvalues = 523                         
# units = specified
# name 0 = scan: Scan Count
# name 1 = timeJ: Julian Days
# name 2 = latitude: Latitude [deg]
# name 3 = longitude: Longitude [deg]
# name 4 = dz/dtM: Descent Rate [m/s]
# name 5 = avgsvCM: Average Sound Velocity [Chen-Millero, m/s]
# name 6 = prDM: Pressure, Digiquartz [db]
# name 7 = depSM: Depth [salt water, m]
# name 8 = t090C: Temperature [ITS-90, deg C]
# name 9 = t190C: Temperature, 2 [ITS-90, deg C]
# name 10 = T2-T190C: Temperature Difference, 2 - 1 [ITS-90, deg C]
# name 11 = potemp090C: Potential Temperature [ITS-90, deg C]
# name 12 = potemp190C: Potential Temperature, 2 [ITS-90, deg C]
# name 13 = potemp90Cdiff: Potential Temperature, Diff, 2 - 1 [ITS-90, deg C]
# name 14 = c0S/m: Conductivity [S/m]
# name 15 = c1S/m: Conductivity, 2 [S/m]
# name 16 = C2-C1S/m: Conductivity Difference, 2 - 1 [S/m]
# name 17 = sal00: Salinity, Practical [PSU]
# name 18 = sal11: Salinity, Practical, 2 [PSU]
# name 19 = sbeox0ML/L: Oxygen, SBE 43 [ml/l]
# name 20 = sigma-é00: Density [sigma-theta, kg/m^3]
# name 21 = sigma-é11: Density, 2 [sigma-theta, kg/m^3]
# name 22 = sal00: Salinity, Practical [PSU]
# name 23 = sigma-é00: Density [sigma-theta, kg/m^3]
# name 24 = svCM: Sound Velocity [Chen-Millero, m/s]
# name 25 = svCM1: Sound Velocity, 2 [Chen-Millero, m/s]
# name 26 = gsw_ptA0: potential temperature [ITS-90, deg C]
# name 27 = gsw_densityA0: density, TEOS-10 [density, kg/m^3]
# name 28 = gsw_saA0: Absolute Salinity [g/kg]
# name 29 = flag:
# span 0 =       2751,      19262       
# span 1 = 311.426685, 311.434647       
# span 2 =  -62.19711,  -62.19390       
# span 3 =  -58.05337,  -58.05208       
# span 4 =      0.007,      1.085       
# span 5 =       0.00,    1449.99       
# span 6 =      3.000,    525.000       
# span 7 =      2.983,    519.299       
# span 8 =    -0.6752,    -0.1261       
# span 9 =    -0.6746,    -0.1259       
# span 10 =    -0.0110,     0.0391      
# span 11 =    -0.6759,    -0.1418      
# span 12 =    -0.6753,    -0.1416      
# span 13 =    -0.0109,     0.0389      
# span 14 =   2.793730,   2.870394      
# span 15 =   2.793716,   2.870321      
# span 16 =  -0.000903,   0.002474      
# span 17 =    34.2666,    34.4689      
# span 18 =    34.2657,    34.4655      
# span 19 =     6.0937,     7.6606      
# span 20 =    27.5442,    27.6998      
# span 21 =    27.5435,    27.6964      
# span 22 =    34.2667,    34.4649      
# span 23 =    27.5444,    27.6970      
# span 24 =    1445.24,    1454.74      
# span 25 =    1445.24,    1454.75      
# span 26 =    -0.6759,    -0.1416      
# span 27 =  1027.5622,  1030.1999      
# span 28 =    34.4303,    34.6328      
# span 29 = 0.0000e+00, 0.0000e+00      
# interval = decibars: 1                
# start_time = Nov 07 2023 10:12:31 [NMEA time, header]
# bad_flag = -9.990e-29
*END*
[from data line 339]
      12991 311.431623  -62.19588 -9.990e-29      0.747    1448.04    342.000    338.437    -0.5434    -0.5427     0.0007    -0.5547    -0.5540     0.0007   2.826368   2.826318  -0.000047    34.3750    34.3736     6.8631    27.6285    27.6273    34.3758    27.6291    1451.35    1451.36    -0.5545  1029.2674    34.5464 0.0000e+00
      13020 311.431637  -62.19588  -58.05266      0.813    1448.04    343.000    339.426    -0.5321    -0.5319     0.0002    -0.5435    -0.5433     0.0002   2.827452   2.827417  -0.000035    34.3747    34.3741     6.8588    27.6277    27.6272    34.3770    27.6296    1451.42    1451.42    -0.5433  1029.2716    34.5465 0.0000e+00
      13046 311.431650  -62.19588  -58.05266      0.877    1448.04    344.000    340.415    -0.5261    -0.5250     0.0010    -0.5375    -0.5365     0.0010   2.828097   2.828062  -0.000041    34.3773    34.3755     6.8553    27.6295    27.6281    34.3782    27.6303    1451.47    1451.47    -0.5373  1029.2758    34.5463 0.0000e+00
      13073 311.431663  -62.19589  -58.05266      0.907    1448.04    345.000    341.403    -0.5221    -0.5213     0.0008    -0.5336    -0.5329     0.0008   2.828474   2.828476  -0.000007    34.3763    34.3754     6.8412    27.6286    27.6278    34.3782    27.6301    1451.51    1451.51    -0.5334  1029.2804    34.5463 0.0000e+00
      13100 311.431676  -62.19590  -58.05266      0.894    1448.04    346.000    342.393    -0.4842    -0.4897    -0.0055    -0.4959    -0.5013    -0.0055   2.831968   2.831510  -0.000391    34.3759    34.3769     6.8314    27.6266    27.6276    34.3816    27.6312    1451.70    1451.68    -0.4957  1029.2858    34.5497 0.0000e+00
      13128 311.431689  -62.19590  -58.05266      0.860    1448.04    347.000    343.381    -0.4548    -0.4549    -0.0001    -0.4666    -0.4666    -0.0001   2.834698   2.834776   0.000031    34.3806    34.3811     6.8186    27.6290    27.6294    34.3844    27.6321    1451.86    1451.86    -0.4664  1029.2911    34.5525 0.0000e+00
      13156 311.431703  -62.19590  -58.05266      0.854    1448.04    348.000    344.370    -0.4482    -0.4495    -0.0013    -0.4600    -0.4613    -0.0013   2.835504   2.835326  -0.000180    34.3841    34.3832     6.8185    27.6316    27.6309    34.3871    27.6340    1451.91    1451.90    -0.4598  1029.2976    34.5552 0.0000e+00
      13185 311.431717  -62.19592  -58.05266      0.843    1448.04    349.000    345.359    -0.4460    -0.4468    -0.0008    -0.4579    -0.4587    -0.0008   2.835779   2.835626  -0.000142    34.3855    34.3845     6.7646    27.6326    27.6318    34.3877    27.6344    1451.94    1451.93    -0.4577  1029.3027    34.5558 0.0000e+00
      13216 311.431732  -62.19592  -58.05264      0.781    1448.04    350.000    346.347    -0.4639    -0.4640    -0.0000    -0.4758    -0.4759    -0.0001   2.834380   2.834196  -0.000211    34.3892    34.3865     6.7246    27.6364    27.6342    34.3887    27.6360    1451.87    1451.87    -0.4756  1029.3093    34.5568 0.0000e+00
      13246 311.431746  -62.19592  -58.05264      0.781    1448.04    351.000    347.336    -0.4893    -0.4857     0.0036    -0.5011    -0.4976     0.0036   2.832781   2.832882   0.000121    34.3952    34.3928     6.6978    27.6424    27.6403    34.3953    27.6425    1451.78    1451.79    -0.5009  1029.3208    34.5634 0.0000e+00
      13272 311.431759  -62.19593  -58.05264      0.885    1448.04    352.000    348.325    -0.4841    -0.4832     0.0009    -0.4960    -0.4951     0.0009   2.833175   2.833134  -0.000042    34.3934    34.3919     6.6771    27.6408    27.6395    34.3941    27.6413    1451.82    1451.82    -0.4958  1029.3243    34.5622 0.0000e+00
      13295 311.431770  -62.19594  -58.05264      0.995    1448.04    353.000    349.314    -0.4810    -0.4805     0.0004    -0.4929    -0.4925     0.0004   2.833526   2.833446  -0.000081    34.3934    34.3918     6.6822    27.6405    27.6392    34.3947    27.6416    1451.85    1451.85    -0.4927  1029.3293    34.5628 0.0000e+00
      13319 311.431781  -62.19594  -58.05264      1.025    1448.04    354.000    350.302    -0.4702    -0.4674     0.0028    -0.4822    -0.4794     0.0028   2.834196   2.834317   0.000103    34.3901    34.3883     6.6664    27.6374    27.6358    34.3909    27.6380    1451.91    1451.92    -0.4820  1029.3304    34.5590 0.0000e+00
      13348 311.431795  -62.19594  -58.05264      0.893    1448.04    355.000    351.291    -0.4737    -0.4719     0.0018    -0.4858    -0.4840     0.0018   2.834010   2.833982  -0.000022    34.3916    34.3893     6.6673    27.6388    27.6368    34.3918    27.6389    1451.91    1451.92    -0.4855  1029.3360    34.5599 0.0000e+00
      13379 311.431811  -62.19594  -58.05264      0.771    1448.04    356.000    352.280    -0.4834    -0.4835    -0.0002    -0.4954    -0.4955    -0.0002   2.833316   2.833120  -0.000186    34.3933    34.3910     6.6649    27.6406    27.6387    34.3927    27.6401    1451.88    1451.88    -0.4952  1029.3421    34.5609 0.0000e+00
      13410 311.431825  -62.19595  -58.05264      0.765    1448.04    357.000    353.268    -0.5006    -0.4990     0.0017    -0.5126    -0.5110     0.0016   2.831882   2.831906   0.000005    34.3940    34.3922     6.6743    27.6419    27.6404    34.3924    27.6406    1451.82    1451.83    -0.5124  1029.3471    34.5599 0.0000e+00
      13439 311.431840 -9.990e-29  -58.05263      0.812    1448.04    358.000    354.257    -0.5107    -0.5088     0.0019    -0.5227    -0.5208     0.0019   2.831121   2.831155   0.000034    34.3941    34.3924     6.6821    27.6425    27.6410    34.3930    27.6416    1451.79    1451.80    -0.5225  1029.3486    34.5551 0.0000e+00
      13470 311.431854 -9.990e-29  -58.05262      0.799    1448.04    359.000    355.246    -0.5126    -0.5116     0.0010    -0.5247    -0.5237     0.0010   2.831034   2.831039   0.000003    34.3939    34.3928     6.6669    27.6424    27.6414    34.3934    27.6420    1451.80    1451.80    -0.5245  1029.3538    34.5556 0.0000e+00
      13498 311.431868 -9.990e-29  -58.05262      0.826    1448.04    360.000    356.234    -0.5086    -0.5084     0.0002    -0.5207    -0.5205     0.0002   2.831391   2.831332  -0.000055    34.3930    34.3921     6.6809    27.6415    27.6407    34.3930    27.6415    1451.83    1451.83    -0.5205  1029.3580    34.5552 0.0000e+00
      13523 311.431880  -62.19598  -58.05262      0.916    1448.04    361.000    357.223    -0.5063    -0.5052     0.0012    -0.5185    -0.5173     0.0012   2.831596   2.831616   0.000020    34.3929    34.3918     6.6787    27.6413    27.6404    34.3926    27.6411    1451.86    1451.86    -0.5182  1029.3650    34.5581 0.0000e+00
      13548 311.431892  -62.19598  -58.05262      0.957    1448.04    362.000    358.212    -0.5068    -0.5062     0.0007    -0.5190    -0.5184     0.0007   2.831613   2.831591  -0.000019    34.3930    34.3920     6.6851    27.6414    27.6406    34.3928    27.6413    1451.87    1451.88    -0.5188  1029.3720    34.5609 0.0000e+00
      13576 311.431906  -62.19598  -58.05262      0.897    1448.04    363.000    359.200    -0.5062    -0.5056     0.0005    -0.5184    -0.5179     0.0005   2.831701   2.831674  -0.000028    34.3928    34.3918     6.6825    27.6412    27.6404    34.3926    27.6411    1451.89    1451.89    -0.5182  1029.3766    34.5608 0.0000e+00
      13607 311.431920  -62.19598  -58.05262      0.787    1448.04    364.000    360.189    -0.5069    -0.5057     0.0012    -0.5191    -0.5179     0.0012   2.831713   2.831718   0.000005    34.3931    34.3919     6.6662    27.6415    27.6404    34.3930    27.6414    1451.91    1451.91    -0.5189  1029.3816    34.5611 0.0000e+00
      13635 311.431934  -62.19600  -58.05262      0.828    1448.04    365.000    361.178    -0.5060    -0.5055     0.0005    -0.5183    -0.5178     0.0005   2.831828   2.831808  -0.000024    34.3929    34.3920     6.6759    27.6413    27.6405    34.3929    27.6413    1451.93    1451.93    -0.5181  1029.3863    34.5611 0.0000e+00
      13661 311.431946  -62.19600  -58.05262      0.905    1448.04    366.000    362.166    -0.5055    -0.5051     0.0004    -0.5178    -0.5175     0.0004   2.831928   2.831880  -0.000043    34.3931    34.3921     6.6670    27.6415    27.6407    34.3931    27.6414    1451.95    1451.95    -0.5176  1029.3911    34.5612 0.0000e+00
      13687 311.431959  -62.19600  -58.05262      0.915    1448.04    367.000    363.155    -0.5067    -0.5060     0.0007    -0.5191    -0.5184     0.0007   2.831921   2.831899  -0.000026    34.3939    34.3927     6.6700    27.6421    27.6412    34.3937    27.6420    1451.96    1451.96    -0.5189  1029.3965    34.5619 0.0000e+00
      13714 311.431972  -62.19600  -58.05262      0.904    1448.04    368.000    364.143    -0.5088    -0.5075     0.0013    -0.5212    -0.5199     0.0013   2.831838   2.831869   0.000030    34.3947    34.3936     6.6822    27.6429    27.6419    34.3944    27.6427    1451.96    1451.97    -0.5210  1029.4010    34.5614 0.0000e+00
      13740 311.431984 -9.990e-29  -58.05260      0.921    1448.04    369.000    365.132    -0.5111    -0.5102     0.0008    -0.5235    -0.5227     0.0008   2.831733   2.831719  -0.000012    34.3954    34.3943     6.6662    27.6435    27.6426    34.3950    27.6432    1451.97    1451.97    -0.5233  1029.4024    34.5571 0.0000e+00
      13766 311.431997 -9.990e-29  -58.05260      0.931    1448.04    370.000    366.121    -0.5138    -0.5132     0.0006    -0.5263    -0.5257     0.0006   2.831564   2.831548  -0.000017    34.3956    34.3947     6.6748    27.6439    27.6431    34.3952    27.6435    1451.98    1451.98    -0.5260  1029.4075    34.5574 0.0000e+00
      13795 311.432011 -9.990e-29  -58.05260      0.863    1448.22    371.000    367.109    -0.5163    -0.5153     0.0010    -0.5288    -0.5278     0.0010   2.831447   2.831444  -0.000006    34.3962    34.3949     6.6640    27.6444    27.6434    34.3958    27.6441    1451.98    1451.98    -0.5286  1029.4129    34.5580 0.0000e+00
      13828 311.432027  -62.19604  -58.05260      0.743    1448.53    372.000    368.098    -0.5164    -0.5154     0.0010    -0.5289    -0.5280     0.0010   2.831505   2.831511   0.000009    34.3962    34.3952     6.6544    27.6445    27.6437    34.3961    27.6443    1452.00    1452.00    -0.5287  1029.4211    34.5624 0.0000e+00
      13859 311.432042  -62.19604  -58.05260      0.744    1448.52    373.000    369.087    -0.5195    -0.5179     0.0016    -0.5320    -0.5305     0.0016   2.831319   2.831348   0.000026    34.3971    34.3957     6.6642    27.6453    27.6441    34.3965    27.6448    1452.00    1452.01    -0.5318  1029.4280    34.5648 0.0000e+00
      13885 311.432055  -62.19604  -58.05260      0.857    1448.52    374.000    370.075    -0.5205    -0.5198     0.0007    -0.5331    -0.5324     0.0007   2.831288   2.831283  -0.000010    34.3969    34.3960     6.6599    27.6452    27.6445    34.3966    27.6450    1452.01    1452.01    -0.5329  1029.4328    34.5648 0.0000e+00
      13910 311.432066  -62.19604  -58.05260      0.950    1448.52    375.000    371.064    -0.5210    -0.5206     0.0004    -0.5336    -0.5332     0.0004   2.831369   2.831263  -0.000085    34.3977    34.3961     6.6560    27.6458    27.6446    34.3976    27.6458    1452.03    1452.03    -0.5334  1029.4384    34.5659 0.0000e+00
      13934 311.432078  -62.19604  -58.05260      0.975    1448.52    376.000    372.053    -0.5179    -0.5176     0.0004    -0.5306    -0.5303     0.0004   2.831709   2.831658  -0.000105    34.3976    34.3958     6.6510    27.6456    27.6442    34.3981    27.6461    1452.06    1452.06    -0.5304  1029.4434    34.5664 0.0000e+00
      13959 311.432090  -62.19605  -58.05259      0.989    1448.52    377.000    373.042    -0.4855    -0.4829     0.0025    -0.4983    -0.4958     0.0025   2.834538   2.834656   0.000205    34.3955    34.3953     6.6264    27.6425    27.6423    34.3988    27.6452    1452.22    1452.24    -0.4981  1029.4468    34.5670 0.0000e+00
      13984 311.432102  -62.19606  -58.05258      0.970    1448.52    378.000    374.030    -0.4744    -0.4854    -0.0110    -0.4873    -0.4983    -0.0109   2.835472   2.834548  -0.000903    34.3961    34.3964     6.6394    27.6425    27.6432    34.3983    27.6442    1452.29    1452.24    -0.4871  1029.4505    34.5665 0.0000e+00
      14013 311.432116  -62.19606  -58.05258      0.873    1448.52    379.000    375.019    -0.4687    -0.4715    -0.0028    -0.4817    -0.4844    -0.0028   2.836033   2.835779  -0.000269    34.3972    34.3967     6.6506    27.6431    27.6428    34.3987    27.6444    1452.34    1452.32    -0.4814  1029.4553    34.5670 0.0000e+00
      14044 311.432131  -62.19606  -58.05258      0.775    1448.52    380.000    376.007    -0.4637    -0.4670    -0.0032    -0.4767    -0.4800    -0.0032   2.836612   2.836234  -0.000380    34.3990    34.3976     6.6166    27.6444    27.6434    34.4002    27.6453    1452.38    1452.36    -0.4765  1029.4610    34.5684 0.0000e+00
      14075 311.432146  -62.19608  -58.05258      0.766    1448.52    381.000    376.996    -0.4640    -0.4645    -0.0005    -0.4770    -0.4775    -0.0005   2.836710   2.836566  -0.000145    34.3993    34.3980     6.6182    27.6446    27.6436    34.4012    27.6461    1452.40    1452.39    -0.4768  1029.4665    34.5695 0.0000e+00
      14103 311.432160  -62.19608  -58.05258      0.830    1448.52    382.000    377.984    -0.4518    -0.4513     0.0005    -0.4649    -0.4644     0.0005   2.837852   2.837801  -0.000060    34.4005    34.3991     6.5903    27.6450    27.6439    34.4021    27.6463    1452.47    1452.47    -0.4647  1029.4713    34.5704 0.0000e+00
      14132 311.432173  -62.19608  -58.05258      0.859    1448.52    383.000    378.973    -0.4510    -0.4507     0.0003    -0.4642    -0.4639     0.0003   2.837984   2.837907  -0.000082    34.4014    34.4000     6.5936    27.6458    27.6446    34.4024    27.6465    1452.49    1452.49    -0.4639  1029.4762    34.5707 0.0000e+00
      14166 311.432190  -62.19610  -58.05256      0.733    1448.52    384.000    379.961    -0.4492    -0.4491     0.0001    -0.4624    -0.4623     0.0001   2.838214   2.838092  -0.000087    34.4014    34.4001     6.5921    27.6456    27.6446    34.4028    27.6468    1452.51    1452.51    -0.4622  1029.4812    34.5711 0.0000e+00
      14199 311.432206  -62.19610  -58.05256      0.707    1448.52    385.000    380.950    -0.4321    -0.4324    -0.0003    -0.4454    -0.4457    -0.0003   2.839722   2.839785  -0.000024    34.3998    34.3998     6.5743    27.6436    27.6436    34.4031    27.6463    1452.61    1452.61    -0.4452  1029.4852    34.5714 0.0000e+00
      14227 311.432219  -62.19610  -58.05256      0.811    1448.52    386.000    381.938    -0.3961    -0.3930     0.0030    -0.4095    -0.4065     0.0030   2.843120   2.843388   0.000303    34.4029    34.4035     6.5813    27.6444    27.6447    34.4073    27.6480    1452.80    1452.82    -0.4093  1029.4912    34.5756 0.0000e+00
      14254 311.432232  -62.19610  -58.05256      0.882    1448.52    387.000    382.927    -0.3778    -0.3753     0.0024    -0.3913    -0.3889     0.0024   2.844957   2.845115   0.000131    34.4070    34.4060     6.5775    27.6469    27.6460    34.4106    27.6498    1452.91    1452.92    -0.3911  1029.4975    34.5789 0.0000e+00
      14280 311.432245  -62.19611  -58.05256      0.902    1448.52    388.000    383.915    -0.3769    -0.3756     0.0013    -0.3905    -0.3892     0.0013   2.845268   2.845230  -0.000014    34.4103    34.4087     6.5627    27.6495    27.6481    34.4131    27.6518    1452.93    1452.94    -0.3903  1029.5043    34.5815 0.0000e+00
