Pos-Processados/pos_process42/Dados/doperantar42_045.cnv
* Sea-Bird SBE 9 Data File:
* FileName = C:\Users\Hidrografia\Desktop\OPXLII\Brutos\OP42045.hdr
* Software Version Seasave V 7.26.7.107
* Temperature SN = 6502
* Conductivity SN = 4998
* Number of Bytes Per Scan = 37
* Number of Voltage Words = 4
* Number of Scans Averaged by the Deck Unit = 1
* NMEA Latitude = 62 08.59 S
* NMEA Longitude = 058 26.59 W
* NMEA UTC (Time) = Nov 09 2023 20:07:12
* NMEA baud rate = 4800
** H41
** NPOALTEMAXIMIANO
** NUMERO DA ESTACAO (XXX) 045
** LAT (XX XX.XX S/N) 62 08.569 S
** LONG (XXX XX.XX W/E) 058 26.605 W
** DATAHORA (dd/mm/aaaa hh:mm Z) 09/11/2023 2006Z
** PROFUNDIDADE (m) 402
** OPERADOR CT FABIREZA
# nquan = 30
# nvalues = 372                         
# units = specified
# name 0 = scan: Scan Count
# name 1 = timeJ: Julian Days
# name 2 = latitude: Latitude [deg]
# name 3 = longitude: Longitude [deg]
# name 4 = dz/dtM: Descent Rate [m/s]
# name 5 = avgsvCM: Average Sound Velocity [Chen-Millero, m/s]
# name 6 = prDM: Pressure, Digiquartz [db]
# name 7 = depSM: Depth [salt water, m]
# name 8 = t090C: Temperature [ITS-90, deg C]
# name 9 = t190C: Temperature, 2 [ITS-90, deg C]
# name 10 = T2-T190C: Temperature Difference, 2 - 1 [ITS-90, deg C]
# name 11 = potemp090C: Potential Temperature [ITS-90, deg C]
# name 12 = potemp190C: Potential Temperature, 2 [ITS-90, deg C]
# name 13 = potemp90Cdiff: Potential Temperature, Diff, 2 - 1 [ITS-90, deg C]
# name 14 = c0S/m: Conductivity [S/m]
# name 15 = c1S/m: Conductivity, 2 [S/m]
# name 16 = C2-C1S/m: Conductivity Difference, 2 - 1 [S/m]
# name 17 = sal00: Salinity, Practical [PSU]
# name 18 = sal11: Salinity, Practical, 2 [PSU]
# name 19 = sbeox0ML/L: Oxygen, SBE 43 [ml/l]
# name 20 = sigma-é00: Density [sigma-theta, kg/m^3]
# name 21 = sigma-é11: Density, 2 [sigma-theta, kg/m^3]
# name 22 = sal00: Salinity, Practical [PSU]
# name 23 = sigma-é00: Density [sigma-theta, kg/m^3]
# name 24 = svCM: Sound Velocity [Chen-Millero, m/s]
# name 25 = svCM1: Sound Velocity, 2 [Chen-Millero, m/s]
# name 26 = gsw_ptA0: potential temperature [ITS-90, deg C]
# name 27 = gsw_densityA0: density, TEOS-10 [density, kg/m^3]
# name 28 = gsw_saA0: Absolute Salinity [g/kg]
# name 29 = flag:
# span 0 =       2613,      14116       
# span 1 = 313.839593, 313.845140       
# span 2 =  -62.14605,  -62.14370       
# span 3 =  -58.44308,  -58.44155       
# span 4 =     -0.202,      1.035       
# span 5 =       0.00,    1448.17       
# span 6 =      2.000,    373.000       
# span 7 =      1.976,    369.084       
# span 8 =    -0.8214,    -0.3808       
# span 9 =    -0.8203,    -0.3811       
# span 10 =    -0.0053,     0.0036      
# span 11 =    -0.8290,    -0.3938      
# span 12 =    -0.8279,    -0.3941      
# span 13 =    -0.0053,     0.0036      
# span 14 =   2.792645,   2.844280      
# span 15 =   2.792622,   2.844159      
# span 16 =  -0.000581,   0.000173      
# span 17 =    34.2765,    34.4131      
# span 18 =    34.2755,    34.4119      
# span 19 =     6.5559,     7.6471      
# span 20 =    27.5478,    27.6519      
# span 21 =    27.5469,    27.6510      
# span 22 =    34.2769,    34.4133      
# span 23 =    27.5480,    27.6521      
# span 24 =    1445.74,    1452.67      
# span 25 =    1445.74,    1452.67      
# span 26 =    -0.8288,    -0.3936      
# span 27 =  1027.5622,  1029.4338      
# span 28 =    34.4387,    34.5821      
# span 29 = 0.0000e+00, 0.0000e+00      
# interval = decibars: 1                
# start_time = Nov 09 2023 20:07:12 [NMEA time, header]
# bad_flag = -9.990e-29
*END*
[from data line 146]
       7192 313.841801  -62.14462  -58.44270      0.924    1446.45    148.000    146.528    -0.7460    -0.7445     0.0015    -0.7504    -0.7489     0.0015   2.794409   2.794424   0.000008    34.2936    34.2921     7.5289    27.5710    27.5697    34.2933    27.5707    1447.13    1447.14    -0.7503  1028.2844    34.4602 0.0000e+00
       7219 313.841814  -62.14463  -58.44269      0.915    1446.45    149.000    147.517    -0.7479    -0.7469     0.0010    -0.7523    -0.7513     0.0010   2.794263   2.794280   0.000018    34.2932    34.2923     7.5278    27.5707    27.5700    34.2929    27.5705    1447.14    1447.14    -0.7522  1028.2890    34.4597 0.0000e+00
       7245 313.841827  -62.14464  -58.44268      0.905    1446.45    150.000    148.507    -0.7503    -0.7492     0.0011    -0.7547    -0.7536     0.0011   2.794137   2.794146   0.000011    34.2936    34.2925     7.5309    27.5712    27.5702    34.2933    27.5709    1447.15    1447.15    -0.7546  1028.2942    34.4602 0.0000e+00
       7273 313.841840  -62.14464  -58.44268      0.881    1446.45    151.000    149.496    -0.7516    -0.7506     0.0009    -0.7560    -0.7551     0.0009   2.794105   2.794105 8.6085e-07    34.2940    34.2929     7.5274    27.5715    27.5706    34.2937    27.5713    1447.16    1447.16    -0.7559  1028.2994    34.4606 0.0000e+00
       7300 313.841853  -62.14464  -58.44268      0.882    1446.45    152.000    150.486    -0.7521    -0.7515     0.0006    -0.7566    -0.7560     0.0006   2.794144   2.794131  -0.000011    34.2944    34.2935     7.5272    27.5719    27.5711    34.2942    27.5717    1447.17    1447.17    -0.7565  1028.3046    34.4611 0.0000e+00
       7326 313.841866  -62.14464  -58.44268      0.912    1446.45    153.000    151.476    -0.7500    -0.7494     0.0006    -0.7545    -0.7539     0.0006   2.794390   2.794378  -0.000016    34.2944    34.2936     7.5303    27.5718    27.5711    34.2945    27.5718    1447.20    1447.20    -0.7544  1028.3095    34.4614 0.0000e+00
       7350 313.841877  -62.14466  -58.44268      0.963    1446.45    154.000    152.466    -0.7501    -0.7493     0.0008    -0.7546    -0.7538     0.0008   2.794464   2.794465   0.000002    34.2949    34.2941     7.5323    27.5723    27.5715    34.2950    27.5723    1447.21    1447.22    -0.7545  1028.3147    34.4619 0.0000e+00
       7373 313.841888  -62.14466  -58.44268      1.019    1446.45    155.000    153.455    -0.7512    -0.7501     0.0011    -0.7558    -0.7546     0.0011   2.794507   2.794527   0.000020    34.2966    34.2956     7.5269    27.5736    27.5728    34.2962    27.5733    1447.23    1447.23    -0.7556  1028.3205    34.4631 0.0000e+00
       7397 313.841900  -62.14466  -58.44268      1.026    1446.45    156.000    154.445    -0.7538    -0.7530     0.0008    -0.7584    -0.7576     0.0008   2.794399   2.794387  -0.000012    34.2974    34.2963     7.5160    27.5743    27.5734    34.2971    27.5742    1447.23    1447.23    -0.7583  1028.3261    34.4640 0.0000e+00
       7422 313.841912  -62.14466  -58.44268      0.970    1446.45    157.000    155.434    -0.7547    -0.7538     0.0010    -0.7594    -0.7584     0.0010   2.794378   2.794374  -0.000004    34.2975    34.2964     7.5145    27.5745    27.5735    34.2972    27.5743    1447.24    1447.25    -0.7592  1028.3310    34.4642 0.0000e+00
       7450 313.841926  -62.14468  -58.44266      0.880    1446.45    158.000    156.424    -0.7559    -0.7550     0.0009    -0.7606    -0.7596     0.0009   2.794332   2.794334 2.2340e-07    34.2976    34.2966     7.5122    27.5747    27.5737    34.2973    27.5744    1447.26    1447.26    -0.7604  1028.3359    34.4642 0.0000e+00
       7479 313.841940  -62.14468  -58.44266      0.836    1446.45    159.000    157.414    -0.7575    -0.7568     0.0008    -0.7622    -0.7615     0.0008   2.794287   2.794266  -0.000020    34.2982    34.2970     7.5094    27.5751    27.5742    34.2980    27.5750    1447.26    1447.27    -0.7621  1028.3413    34.4649 0.0000e+00
       7506 313.841953  -62.14468  -58.44266      0.861    1446.45    160.000    158.403    -0.7594    -0.7580     0.0013    -0.7641    -0.7628     0.0013   2.794206   2.794228   0.000019    34.2988    34.2976     7.4999    27.5757    27.5747    34.2983    27.5753    1447.27    1447.28    -0.7640  1028.3465    34.4653 0.0000e+00
       7532 313.841965  -62.14469  -58.44266      0.912    1446.45    161.000    159.393    -0.7627    -0.7621     0.0007    -0.7675    -0.7668     0.0007   2.794013   2.793965  -0.000046    34.2993    34.2979     7.5010    27.5763    27.5752    34.2989    27.5760    1447.27    1447.27    -0.7673  1028.3519    34.4659 0.0000e+00
       7558 313.841978  -62.14470  -58.44266      0.930    1446.45    162.000    160.383    -0.7631    -0.7625     0.0006    -0.7678    -0.7673     0.0006   2.793984   2.793968  -0.000013    34.2986    34.2977     7.4999    27.5757    27.5750    34.2983    27.5755    1447.29    1447.29    -0.7677  1028.3562    34.4652 0.0000e+00
       7586 313.841991  -62.14470  -58.44266      0.886    1446.45    163.000    161.372    -0.7636    -0.7627     0.0009    -0.7684    -0.7675     0.0009   2.793996   2.793998  -0.000001    34.2987    34.2977     7.5058    27.5758    27.5750    34.2984    27.5756    1447.30    1447.31    -0.7683  1028.3611    34.4653 0.0000e+00
       7613 313.842004  -62.14472  -58.44264      0.875    1446.45    164.000    162.362    -0.7649    -0.7638     0.0011    -0.7697    -0.7686     0.0011   2.793951   2.793958   0.000006    34.2990    34.2978     7.5083    27.5761    27.5751    34.2987    27.5759    1447.31    1447.32    -0.7696  1028.3661    34.4656 0.0000e+00
       7638 313.842017  -62.14472  -58.44264      0.917    1446.45    165.000    163.352    -0.7664    -0.7654     0.0010    -0.7713    -0.7703     0.0010   2.793861   2.793873   0.000010    34.2990    34.2980     7.5047    27.5762    27.5753    34.2986    27.5759    1447.32    1447.32    -0.7711  1028.3709    34.4655 0.0000e+00
       7663 313.842028  -62.14472  -58.44264      0.966    1446.45    166.000    164.341    -0.7675    -0.7663     0.0012    -0.7724    -0.7712     0.0012   2.793841   2.793868   0.000031    34.2991    34.2981     7.5016    27.5764    27.5755    34.2989    27.5762    1447.33    1447.34    -0.7723  1028.3761    34.4659 0.0000e+00
       7687 313.842040  -62.14472  -58.44264      0.996    1446.45    167.000    165.331    -0.7667    -0.7661     0.0006    -0.7717    -0.7710     0.0006   2.793948   2.793930  -0.000018    34.2991    34.2981     7.4996    27.5763    27.5755    34.2988    27.5761    1447.35    1447.36    -0.7715  1028.3807    34.4658 0.0000e+00
       7712 313.842052  -62.14472  -58.44264      0.976    1446.45    168.000    166.320    -0.7667    -0.7664     0.0004    -0.7717    -0.7713     0.0004   2.794006   2.793976  -0.000031    34.2991    34.2983     7.4969    27.5763    27.5756    34.2991    27.5763    1447.37    1447.37    -0.7715  1028.3857    34.4660 0.0000e+00
       7740 313.842065  -62.14474  -58.44264      0.899    1446.45    169.000    167.310    -0.7663    -0.7655     0.0008    -0.7713    -0.7705     0.0008   2.794119   2.794104  -0.000013    34.2996    34.2985     7.4889    27.5767    27.5757    34.2995    27.5766    1447.39    1447.39    -0.7712  1028.3908    34.4665 0.0000e+00
       7768 313.842079  -62.14474  -58.44264      0.857    1446.45    170.000    168.300    -0.7677    -0.7666     0.0010    -0.7727    -0.7717     0.0010   2.794059   2.794046  -0.000014    34.2998    34.2985     7.4865    27.5770    27.5758    34.2996    27.5767    1447.40    1447.40    -0.7726  1028.3957    34.4666 0.0000e+00
       7794 313.842092  -62.14474  -58.44264      0.887    1446.45    171.000    169.289    -0.7692    -0.7680     0.0011    -0.7742    -0.7731     0.0011   2.793964   2.793972   0.000012    34.2996    34.2985     7.4937    27.5768    27.5759    34.2994    27.5766    1447.41    1447.41    -0.7741  1028.4004    34.4664 0.0000e+00
       7820 313.842104  -62.14475  -58.44263      0.926    1446.45    172.000    170.279    -0.7702    -0.7692     0.0009    -0.7752    -0.7743     0.0009   2.793926   2.793927   0.000003    34.2996    34.2986     7.4867    27.5769    27.5760    34.2994    27.5767    1447.42    1447.42    -0.7751  1028.4052    34.4664 0.0000e+00
       7845 313.842116  -62.14476  -58.44262      0.936    1446.45    173.000    171.268    -0.7720    -0.7702     0.0019    -0.7771    -0.7753     0.0019   2.793824   2.793891   0.000060    34.2998    34.2985     7.4871    27.5771    27.5760    34.2995    27.5768    1447.42    1447.43    -0.7770  1028.4102    34.4665 0.0000e+00
       7872 313.842129  -62.14476  -58.44262      0.919    1446.45    174.000    172.258    -0.7727    -0.7717     0.0010    -0.7779    -0.7769     0.0010   2.793799   2.793807   0.000005    34.2996    34.2985     7.4962    27.5769    27.5761    34.2993    27.5767    1447.44    1447.44    -0.7777  1028.4148    34.4663 0.0000e+00
       7900 313.842143  -62.14476  -58.44262      0.875    1446.45    175.000    173.248    -0.7746    -0.7738     0.0007    -0.7797    -0.7790     0.0007   2.793707   2.793689  -0.000020    34.2999    34.2988     7.5029    27.5773    27.5763    34.2995    27.5770    1447.45    1447.45    -0.7796  1028.4199    34.4666 0.0000e+00
       7929 313.842157  -62.14478  -58.44262      0.831    1446.45    176.000    174.237    -0.7766    -0.7764     0.0001    -0.7818    -0.7816     0.0001   2.793588   2.793531  -0.000048    34.2999    34.2992     7.5020    27.5774    27.5768    34.2996    27.5771    1447.45    1447.45    -0.7816  1028.4248    34.4666 0.0000e+00
       7959 313.842171  -62.14478  -58.44262      0.818    1446.45    177.000    175.227    -0.7782    -0.7777     0.0006    -0.7835    -0.7830     0.0006   2.793519   2.793482  -0.000034    34.3003    34.2992     7.5041    27.5777    27.5768    34.2999    27.5775    1447.46    1447.47    -0.7833  1028.4299    34.4670 0.0000e+00
       7989 313.842185  -62.14479  -58.44261      0.795    1446.45    178.000    176.216    -0.7792    -0.7803    -0.0010    -0.7845    -0.7855    -0.0010   2.793476   2.793338  -0.000132    34.3002    34.2996     7.5024    27.5777    27.5773    34.2999    27.5774    1447.48    1447.47    -0.7843  1028.4347    34.4669 0.0000e+00
       8016 313.842199  -62.14480  -58.44260      0.847    1446.45    179.000    177.206    -0.7862    -0.7841     0.0021    -0.7915    -0.7894     0.0021   2.793064   2.793091   0.000012    34.3026    34.3003     7.5071    27.5799    27.5780    34.3016    27.5791    1447.46    1447.47    -0.7913  1028.4412    34.4687 0.0000e+00
       8042 313.842211  -62.14480  -58.44260      0.909    1446.45    180.000    178.195    -0.7899    -0.7886     0.0013    -0.7952    -0.7939     0.0013   2.792796   2.792803   0.000007    34.3022    34.3008     7.5109    27.5798    27.5786    34.3016    27.5793    1447.46    1447.46    -0.7951  1028.4461    34.4686 0.0000e+00
       8068 313.842224  -62.14480  -58.44260      0.914    1446.45    181.000    179.185    -0.7905    -0.7895     0.0010    -0.7958    -0.7948     0.0010   2.792776   2.792788   0.000014    34.3018    34.3008     7.5056    27.5795    27.5787    34.3014    27.5791    1447.47    1447.48    -0.7957  1028.4485    34.4656 0.0000e+00
       8094 313.842236 -9.990e-29  -58.44260      0.919    1446.45    182.000    180.174    -0.7905    -0.7895     0.0010    -0.7959    -0.7949     0.0010   2.792816   2.792829   0.000015    34.3016    34.3007     7.4936    27.5793    27.5785    34.3013    27.5791    1447.49    1447.49    -0.7957  1028.4512    34.4630 0.0000e+00
       8120 313.842249 -9.990e-29  -58.44260      0.928    1446.45    183.000    181.164    -0.7923    -0.7915     0.0008    -0.7977    -0.7969     0.0008   2.792752   2.792743  -0.000008    34.3023    34.3013     7.4910    27.5800    27.5791    34.3018    27.5795    1447.50    1447.50    -0.7975  1028.4565    34.4635 0.0000e+00
       8146 313.842261 -9.990e-29  -58.44258      0.925    1446.45    184.000    182.153    -0.7936    -0.7926     0.0009    -0.7990    -0.7981     0.0009   2.792708   2.792712 9.3449e-07    34.3025    34.3014     7.4916    27.5802    27.5793    34.3021    27.5798    1447.51    1447.51    -0.7989  1028.4616    34.4638 0.0000e+00
       8172 313.842274  -62.14482  -58.44258      0.930    1446.46    185.000    183.143    -0.7949    -0.7938     0.0011    -0.8003    -0.7992     0.0011   2.792675   2.792679   0.000008    34.3028    34.3017     7.4949    27.5805    27.5795    34.3025    27.5802    1447.52    1447.52    -0.8002  1028.4696    34.4678 0.0000e+00
       8198 313.842286  -62.14483  -58.44258      0.928    1446.70    186.000    184.132    -0.7941    -0.7933     0.0008    -0.7996    -0.7988     0.0008   2.792757   2.792756  -0.000006    34.3024    34.3014     7.4999    27.5801    27.5793    34.3021    27.5798    1447.54    1447.54    -0.7994  1028.4754    34.4692 0.0000e+00
       8226 313.842300  -62.14484  -58.44258      0.867    1446.70    187.000    185.122    -0.7937    -0.7929     0.0008    -0.7992    -0.7984     0.0008   2.792833   2.792828  -0.000004    34.3023    34.3012     7.4967    27.5800    27.5791    34.3021    27.5798    1447.56    1447.56    -0.7991  1028.4802    34.4692 0.0000e+00
       8254 313.842313  -62.14484  -58.44258      0.851    1446.70    188.000    186.111    -0.7955    -0.7945     0.0011    -0.8010    -0.8000     0.0011   2.792774   2.792773 -9.818e-07    34.3029    34.3017     7.4859    27.5806    27.5796    34.3027    27.5804    1447.57    1447.57    -0.8009  1028.4855    34.4698 0.0000e+00
       8280 313.842326 -9.990e-29  -58.44258      0.898    1446.70    189.000    187.101    -0.7963    -0.7948     0.0015    -0.8018    -0.8003     0.0015   2.792774   2.792806   0.000030    34.3032    34.3018     7.4875    27.5808    27.5797    34.3029    27.5806    1447.58    1447.58    -0.8017  1028.4862    34.4647 0.0000e+00
       8305 313.842338 -9.990e-29  -58.44257      0.947    1446.70    190.000    188.091    -0.7958    -0.7952     0.0006    -0.8014    -0.8008     0.0006   2.792858   2.792826  -0.000024    34.3029    34.3019     7.4864    27.5806    27.5798    34.3029    27.5806    1447.60    1447.60    -0.8012  1028.4909    34.4646 0.0000e+00
       8331 313.842350 -9.990e-29  -58.44256      0.956    1446.70    191.000    189.080    -0.7979    -0.7972     0.0007    -0.8035    -0.8028     0.0007   2.792767   2.792758  -0.000012    34.3038    34.3028     7.4865    27.5814    27.5806    34.3034    27.5811    1447.60    1447.60    -0.8034  1028.4962    34.4652 0.0000e+00
       8357 313.842363  -62.14486  -58.44256      0.933    1446.70    192.000    190.070    -0.7985    -0.7976     0.0009    -0.8042    -0.8033     0.0009   2.792773   2.792783   0.000009    34.3038    34.3029     7.4917    27.5814    27.5807    34.3036    27.5812    1447.62    1447.62    -0.8040  1028.5015    34.4657 0.0000e+00
       8384 313.842376  -62.14488  -58.44256      0.896    1446.70    193.000    191.059    -0.7994    -0.7985     0.0009    -0.8051    -0.8042     0.0009   2.792769   2.792768 -6.862e-07    34.3042    34.3032     7.4967    27.5818    27.5809    34.3039    27.5816    1447.63    1447.63    -0.8049  1028.5107    34.4711 0.0000e+00
       8411 313.842389  -62.14488  -58.44256      0.880    1446.70    194.000    192.049    -0.8004    -0.7996     0.0008    -0.8061    -0.8053     0.0008   2.792768   2.792762  -0.000005    34.3046    34.3036     7.4943    27.5822    27.5813    34.3044    27.5820    1447.64    1447.64    -0.8060  1028.5158    34.4715 0.0000e+00
