Pos-Processados/pos_process42/Dados/doperantar42_029.cnv
* Sea-Bird SBE 9 Data File:
* FileName = C:\Users\Hidrografia\Desktop\OPXLII\Brutos\OP42029.hdr
* Software Version Seasave V 7.26.7.107
* Temperature SN = 6502
* Conductivity SN = 4998
* Number of Bytes Per Scan = 37
* Number of Voltage Words = 4
* Number of Scans Averaged by the Deck Unit = 1
* NMEA Latitude = 62 08.30 S
* NMEA Longitude = 058 26.22 W
* NMEA UTC (Time) = Nov 09 2023 04:08:28
* NMEA baud rate = 4800
** H41
** NPOALTEMAXIMIANO
** NUMERO DA ESTACAO (XXX) 029
** LAT (XX XX.XX S/N) 62 08.530 S
** LONG (XXX XX.XX W/E) 058 26.937 W
** DATAHORA (dd/mm/aaaa hh:mm Z) 09/11/2023 0407Z
** PROFUNDIDADE (m) 424
** OPERADOR CT FILIPE LOPES
# nquan = 30
# nvalues = 362                         
# units = specified
# name 0 = scan: Scan Count
# name 1 = timeJ: Julian Days
# name 2 = latitude: Latitude [deg]
# name 3 = longitude: Longitude [deg]
# name 4 = dz/dtM: Descent Rate [m/s]
# name 5 = avgsvCM: Average Sound Velocity [Chen-Millero, m/s]
# name 6 = prDM: Pressure, Digiquartz [db]
# name 7 = depSM: Depth [salt water, m]
# name 8 = t090C: Temperature [ITS-90, deg C]
# name 9 = t190C: Temperature, 2 [ITS-90, deg C]
# name 10 = T2-T190C: Temperature Difference, 2 - 1 [ITS-90, deg C]
# name 11 = potemp090C: Potential Temperature [ITS-90, deg C]
# name 12 = potemp190C: Potential Temperature, 2 [ITS-90, deg C]
# name 13 = potemp90Cdiff: Potential Temperature, Diff, 2 - 1 [ITS-90, deg C]
# name 14 = c0S/m: Conductivity [S/m]
# name 15 = c1S/m: Conductivity, 2 [S/m]
# name 16 = C2-C1S/m: Conductivity Difference, 2 - 1 [S/m]
# name 17 = sal00: Salinity, Practical [PSU]
# name 18 = sal11: Salinity, Practical, 2 [PSU]
# name 19 = sbeox0ML/L: Oxygen, SBE 43 [ml/l]
# name 20 = sigma-é00: Density [sigma-theta, kg/m^3]
# name 21 = sigma-é11: Density, 2 [sigma-theta, kg/m^3]
# name 22 = sal00: Salinity, Practical [PSU]
# name 23 = sigma-é00: Density [sigma-theta, kg/m^3]
# name 24 = svCM: Sound Velocity [Chen-Millero, m/s]
# name 25 = svCM1: Sound Velocity, 2 [Chen-Millero, m/s]
# name 26 = gsw_ptA0: potential temperature [ITS-90, deg C]
# name 27 = gsw_densityA0: density, TEOS-10 [density, kg/m^3]
# name 28 = gsw_saA0: Absolute Salinity [g/kg]
# name 29 = flag:
# span 0 =       4429,      17100       
# span 1 = 313.174682, 313.180792       
# span 2 =  -62.13900,  -62.13865       
# span 3 =  -58.43516,  -58.42904       
# span 4 =      0.052,      0.892       
# span 5 =       0.00,    1447.91       
# span 6 =      3.000,    364.000       
# span 7 =      2.974,    360.190       
# span 8 =    -0.8189,    -0.5928       
# span 9 =    -0.8181,    -0.5915       
# span 10 =    -0.0108,     0.0068      
# span 11 =    -0.8248,    -0.5929      
# span 12 =    -0.8241,    -0.5916      
# span 13 =    -0.0107,     0.0068      
# span 14 =   2.791460,   2.819469      
# span 15 =   2.791459,   2.819452      
# span 16 =  -0.000712,   0.000352      
# span 17 =    34.2790,    34.3884      
# span 18 =    34.2790,    34.3873      
# span 19 =     6.8237,     7.6195      
# span 20 =    27.5524,    27.6440      
# span 21 =    27.5527,    27.6431      
# span 22 =    34.2792,    34.3886      
# span 23 =    27.5526,    27.6442      
# span 24 =    1445.47,    1451.22      
# span 25 =    1445.46,    1451.23      
# span 26 =    -0.8246,    -0.5929      
# span 27 =  1027.5727,  1029.3859      
# span 28 =    34.4445,    34.5564      
# span 29 = 0.0000e+00, 0.0000e+00      
# interval = decibars: 1                
# start_time = Nov 09 2023 04:08:28 [NMEA time, header]
# bad_flag = -9.990e-29
*END*
[from data line 242]
      12210 313.178434  -62.13882  -58.43149      0.753    1446.81    245.000    242.506    -0.7542    -0.7538     0.0004    -0.7616    -0.7612     0.0004   2.799600   2.799578  -0.000026    34.3125    34.3117     7.3757    27.5867    27.5861    34.3131    27.5872    1448.70    1448.70    -0.7615  1028.7640    34.4805 0.0000e+00
      12241 313.178449  -62.13882  -58.43148      0.764    1446.81    246.000    243.495    -0.7496    -0.7499    -0.0003    -0.7571    -0.7573    -0.0003   2.800056   2.799977  -0.000078    34.3127    34.3119     7.3727    27.5867    27.5861    34.3134    27.5873    1448.74    1448.74    -0.7569  1028.7689    34.4809 0.0000e+00
      12272 313.178464  -62.13882  -58.43146      0.770    1446.81    247.000    244.484    -0.7432    -0.7427     0.0005    -0.7508    -0.7503     0.0005   2.800656   2.800686   0.000020    34.3130    34.3127     7.3725    27.5867    27.5864    34.3137    27.5872    1448.78    1448.79    -0.7505  1028.7735    34.4811 0.0000e+00
      12303 313.178479  -62.13882  -58.43145      0.781    1446.81    248.000    245.473    -0.7420    -0.7409     0.0012    -0.7496    -0.7484     0.0012   2.800889   2.800911   0.000028    34.3142    34.3132     7.3660    27.5876    27.5868    34.3148    27.5881    1448.81    1448.81    -0.7494  1028.7792    34.4823 0.0000e+00
      12332 313.178493  -62.13882  -58.43144      0.800    1446.81    249.000    246.463    -0.7416    -0.7407     0.0009    -0.7492    -0.7483     0.0009   2.800998   2.800992  -0.000004    34.3148    34.3137     7.3711    27.5881    27.5872    34.3152    27.5884    1448.83    1448.83    -0.7490  1028.7842    34.4827 0.0000e+00
      12362 313.178507  -62.13882  -58.43143      0.814    1446.81    250.000    247.452    -0.7417    -0.7409     0.0008    -0.7493    -0.7485     0.0008   2.801041   2.801022  -0.000015    34.3149    34.3138     7.3701    27.5882    27.5872    34.3153    27.5885    1448.84    1448.85    -0.7491  1028.7890    34.4827 0.0000e+00
      12392 313.178522  -62.13882  -58.43140      0.801    1446.81    251.000    248.441    -0.7420    -0.7412     0.0007    -0.7496    -0.7489     0.0007   2.801067   2.801051  -0.000019    34.3150    34.3140     7.3585    27.5883    27.5874    34.3153    27.5885    1448.86    1448.86    -0.7495  1028.7939    34.4828 0.0000e+00
      12423 313.178537  -62.13883  -58.43139      0.771    1446.81    252.000    249.430    -0.7423    -0.7415     0.0008    -0.7500    -0.7492     0.0008   2.801103   2.801086  -0.000016    34.3154    34.3143     7.3530    27.5886    27.5877    34.3156    27.5888    1448.87    1448.88    -0.7498  1028.7989    34.4831 0.0000e+00
      12455 313.178552  -62.13884  -58.43137      0.755    1446.81    253.000    250.420    -0.7426    -0.7419     0.0007    -0.7503    -0.7496     0.0007   2.801137   2.801119  -0.000018    34.3156    34.3145     7.3561    27.5888    27.5879    34.3158    27.5889    1448.89    1448.89    -0.7501  1028.8038    34.4832 0.0000e+00
      12487 313.178568  -62.13884  -58.43136      0.757    1446.81    254.000    251.408    -0.7426    -0.7419     0.0008    -0.7504    -0.7496     0.0008   2.801192   2.801173  -0.000019    34.3158    34.3146     7.3567    27.5890    27.5880    34.3160    27.5891    1448.91    1448.91    -0.7502  1028.8087    34.4834 0.0000e+00
      12518 313.178583  -62.13884  -58.43134      0.772    1446.81    255.000    252.398    -0.7431    -0.7424     0.0008    -0.7509    -0.7502     0.0008   2.801202   2.801188  -0.000011    34.3159    34.3149     7.3461    27.5891    27.5882    34.3160    27.5892    1448.92    1448.92    -0.7507  1028.8136    34.4835 0.0000e+00
      12548 313.178597  -62.13884  -58.43133      0.796    1446.81    256.000    253.387    -0.7435    -0.7427     0.0008    -0.7513    -0.7505     0.0008   2.801241   2.801225  -0.000017    34.3162    34.3152     7.3483    27.5893    27.5884    34.3164    27.5894    1448.93    1448.94    -0.7511  1028.8186    34.4838 0.0000e+00
      12578 313.178612  -62.13884  -58.43132      0.792    1446.81    257.000    254.376    -0.7440    -0.7432     0.0008    -0.7519    -0.7510     0.0008   2.801251   2.801246  -0.000007    34.3164    34.3154     7.3446    27.5895    27.5887    34.3165    27.5895    1448.95    1448.95    -0.7517  1028.8235    34.4840 0.0000e+00
      12609 313.178626  -62.13884  -58.43130      0.784    1446.81    258.000    255.365    -0.7444    -0.7437     0.0008    -0.7523    -0.7515     0.0008   2.801328   2.801313  -0.000013    34.3172    34.3162     7.3439    27.5902    27.5893    34.3174    27.5903    1448.96    1448.97    -0.7521  1028.8290    34.4849 0.0000e+00
      12640 313.178642  -62.13884  -58.43128      0.766    1446.87    259.000    256.354    -0.7441    -0.7435     0.0007    -0.7520    -0.7514     0.0007   2.801435   2.801415  -0.000019    34.3178    34.3168     7.3401    27.5906    27.5898    34.3178    27.5907    1448.98    1448.98    -0.7518  1028.8342    34.4853 0.0000e+00
      12672 313.178657  -62.13884  -58.43127      0.763    1447.13    260.000    257.343    -0.7437    -0.7429     0.0008    -0.7516    -0.7508     0.0008   2.801524   2.801523  -0.000002    34.3179    34.3170     7.3361    27.5907    27.5899    34.3180    27.5908    1449.00    1449.00    -0.7515  1028.8390    34.4855 0.0000e+00
      12702 313.178672  -62.13884  -58.43126      0.782    1447.13    261.000    258.333    -0.7434    -0.7427     0.0007    -0.7514    -0.7507     0.0007   2.801609   2.801601  -0.000009    34.3181    34.3171     7.3411    27.5908    27.5900    34.3182    27.5909    1449.02    1449.02    -0.7512  1028.8439    34.4857 0.0000e+00
      12732 313.178686  -62.13884  -58.43124      0.794    1447.13    262.000    259.321    -0.7433    -0.7424     0.0008    -0.7513    -0.7505     0.0008   2.801674   2.801674 4.1438e-07    34.3182    34.3173     7.3349    27.5909    27.5901    34.3183    27.5910    1449.04    1449.04    -0.7511  1028.8488    34.4858 0.0000e+00
      12762 313.178700  -62.13884  -58.43123      0.810    1447.13    263.000    260.311    -0.7434    -0.7426     0.0008    -0.7515    -0.7507     0.0008   2.801727   2.801706  -0.000019    34.3185    34.3174     7.3327    27.5912    27.5902    34.3185    27.5912    1449.05    1449.06    -0.7513  1028.8537    34.4860 0.0000e+00
      12792 313.178715  -62.13884  -58.43121      0.794    1447.13    264.000    261.301    -0.7437    -0.7430     0.0007    -0.7518    -0.7511     0.0007   2.801744   2.801729  -0.000016    34.3185    34.3175     7.3368    27.5912    27.5903    34.3185    27.5912    1449.07    1449.07    -0.7516  1028.8585    34.4860 0.0000e+00
      12823 313.178730  -62.13884  -58.43120      0.778    1447.13    265.000    262.289    -0.7445    -0.7436     0.0009    -0.7526    -0.7518     0.0009   2.801733   2.801731   0.000002    34.3186    34.3177     7.3290    27.5913    27.5905    34.3187    27.5914    1449.08    1449.08    -0.7524  1028.8634    34.4862 0.0000e+00
      12855 313.178745  -62.13884  -58.43118      0.768    1447.13    266.000    263.278    -0.7465    -0.7460     0.0006    -0.7547    -0.7541     0.0006   2.801615   2.801594  -0.000026    34.3190    34.3180     7.3333    27.5917    27.5909    34.3188    27.5915    1449.09    1449.09    -0.7545  1028.8684    34.4863 0.0000e+00
      12886 313.178760  -62.13884  -58.43117      0.766    1447.13    267.000    264.268    -0.7498    -0.7485     0.0013    -0.7580    -0.7567     0.0013   2.801419   2.801411  -0.000003    34.3196    34.3181     7.3293    27.5923    27.5910    34.3192    27.5920    1449.09    1449.09    -0.7578  1028.8737    34.4867 0.0000e+00
      12917 313.178775  -62.13884  -58.43114      0.770    1447.13    268.000    265.257    -0.7526    -0.7517     0.0009    -0.7608    -0.7599     0.0009   2.801246   2.801240  -0.000011    34.3196    34.3185     7.3353    27.5925    27.5915    34.3194    27.5923    1449.09    1449.09    -0.7606  1028.8787    34.4869 0.0000e+00
      12948 313.178790  -62.13884  -58.43113      0.770    1447.13    269.000    266.246    -0.7525    -0.7517     0.0008    -0.7607    -0.7599     0.0008   2.801294   2.801290 5.7254e-07    34.3194    34.3185     7.3442    27.5923    27.5915    34.3193    27.5922    1449.11    1449.11    -0.7605  1028.8835    34.4869 0.0000e+00
      12979 313.178805  -62.13884  -58.43112      0.784    1447.13    270.000    267.235    -0.7522    -0.7517     0.0006    -0.7605    -0.7599     0.0006   2.801370   2.801342  -0.000028    34.3195    34.3185     7.3430    27.5924    27.5915    34.3194    27.5923    1449.13    1449.13    -0.7603  1028.8883    34.4870 0.0000e+00
      13009 313.178820  -62.13884  -58.43111      0.786    1447.13    271.000    268.224    -0.7520    -0.7513     0.0007    -0.7603    -0.7596     0.0007   2.801432   2.801419  -0.000015    34.3195    34.3185     7.3369    27.5923    27.5915    34.3194    27.5923    1449.14    1449.15    -0.7601  1028.8914    34.4849 0.0000e+00
      13040 313.178835 -9.990e-29  -58.43108      0.780    1447.13    272.000    269.214    -0.7519    -0.7511     0.0008    -0.7602    -0.7594     0.0008   2.801495   2.801487  -0.000008    34.3196    34.3186     7.3308    27.5924    27.5916    34.3195    27.5923    1449.16    1449.16    -0.7600  1028.8932    34.4813 0.0000e+00
      13071 313.178849 -9.990e-29  -58.43107      0.777    1447.13    273.000    270.203    -0.7520    -0.7513     0.0007    -0.7604    -0.7597     0.0007   2.801536   2.801528  -0.000005    34.3196    34.3187     7.3324    27.5924    27.5917    34.3196    27.5924    1449.18    1449.18    -0.7602  1028.8981    34.4814 0.0000e+00
      13102 313.178864  -62.13886  -58.43106      0.783    1447.13    274.000    271.191    -0.7521    -0.7513     0.0008    -0.7605    -0.7597     0.0008   2.801573   2.801575   0.000003    34.3196    34.3187     7.3260    27.5925    27.5917    34.3196    27.5925    1449.19    1449.19    -0.7603  1028.9034    34.4820 0.0000e+00
      13132 313.178879  -62.13886  -58.43104      0.786    1447.13    275.000    272.180    -0.7520    -0.7512     0.0008    -0.7604    -0.7596     0.0008   2.801630   2.801630   0.000002    34.3196    34.3188     7.3221    27.5925    27.5917    34.3196    27.5924    1449.21    1449.21    -0.7602  1028.9123    34.4872 0.0000e+00
      13163 313.178894  -62.13886  -58.43104      0.777    1447.13    276.000    273.169    -0.7517    -0.7510     0.0007    -0.7602    -0.7595     0.0007   2.801709   2.801696  -0.000013    34.3198    34.3188     7.3228    27.5926    27.5917    34.3198    27.5926    1449.23    1449.23    -0.7600  1028.9171    34.4874 0.0000e+00
      13194 313.178909  -62.13886  -58.43101      0.779    1447.13    277.000    274.159    -0.7515    -0.7507     0.0008    -0.7600    -0.7592     0.0008   2.801757   2.801754  -0.000004    34.3196    34.3186     7.3190    27.5924    27.5916    34.3196    27.5924    1449.24    1449.25    -0.7598  1028.9217    34.4872 0.0000e+00
      13224 313.178923  -62.13886  -58.43100      0.797    1447.13    278.000    275.148    -0.7510    -0.7504     0.0006    -0.7595    -0.7590     0.0006   2.801856   2.801836  -0.000022    34.3196    34.3186     7.3245    27.5923    27.5916    34.3197    27.5925    1449.26    1449.26    -0.7593  1028.9266    34.4873 0.0000e+00
      13253 313.178937  -62.13886  -58.43098      0.808    1447.13    279.000    276.137    -0.7501    -0.7494     0.0008    -0.7587    -0.7579     0.0008   2.801990   2.801990 -7.812e-07    34.3199    34.3190     7.3226    27.5926    27.5919    34.3199    27.5926    1449.28    1449.28    -0.7585  1028.9315    34.4875 0.0000e+00
      13284 313.178952  -62.13886  -58.43096      0.799    1447.13    280.000    277.126    -0.7505    -0.7497     0.0008    -0.7591    -0.7583     0.0008   2.802028   2.802016  -0.000010    34.3202    34.3192     7.3270    27.5928    27.5920    34.3202    27.5929    1449.30    1449.30    -0.7589  1028.9365    34.4878 0.0000e+00
      13315 313.178967  -62.13886  -58.43095      0.772    1447.13    281.000    278.115    -0.7502    -0.7495     0.0008    -0.7588    -0.7581     0.0008   2.802117   2.802123   0.000004    34.3204    34.3195     7.3277    27.5930    27.5923    34.3205    27.5931    1449.32    1449.32    -0.7586  1028.9415    34.4881 0.0000e+00
      13347 313.178983  -62.13886  -58.43094      0.749    1447.13    282.000    279.104    -0.7506    -0.7498     0.0008    -0.7592    -0.7585     0.0008   2.802146   2.802135  -0.000011    34.3207    34.3197     7.3145    27.5933    27.5924    34.3207    27.5933    1449.33    1449.33    -0.7591  1028.9464    34.4883 0.0000e+00
      13379 313.178998  -62.13886  -58.43092      0.750    1447.13    283.000    280.093    -0.7485    -0.7482     0.0003    -0.7572    -0.7569     0.0003   2.802398   2.802338  -0.000039    34.3207    34.3198     7.3173    27.5932    27.5925    34.3211    27.5935    1449.36    1449.36    -0.7570  1028.9514    34.4888 0.0000e+00
      13410 313.179013  -62.13886  -58.43090      0.778    1447.13    284.000    281.082    -0.7461    -0.7462    -0.0002    -0.7548    -0.7550    -0.0002   2.802690   2.802612  -0.000093    34.3215    34.3204     7.3201    27.5937    27.5929    34.3217    27.5939    1449.39    1449.38    -0.7546  1028.9548    34.4872 0.0000e+00
      13440 313.179027 -9.990e-29  -58.43089      0.800    1447.13    285.000    282.071    -0.7461    -0.7454     0.0007    -0.7549    -0.7542     0.0007   2.802741   2.802726  -0.000017    34.3218    34.3207     7.3190    27.5940    27.5931    34.3219    27.5940    1449.40    1449.40    -0.7547  1028.9568    34.4837 0.0000e+00
      13470 313.179042 -9.990e-29  -58.43088      0.792    1447.13    286.000    283.060    -0.7465    -0.7460     0.0005    -0.7553    -0.7548     0.0005   2.802846   2.802857   0.000008    34.3229    34.3224     7.3129    27.5949    27.5945    34.3231    27.5951    1449.42    1449.42    -0.7551  1028.9626    34.4850 0.0000e+00
      13501 313.179057  -62.13888  -58.43086      0.777    1447.13    287.000    284.049    -0.7478    -0.7471     0.0007    -0.7566    -0.7559     0.0007   2.802954   2.802948  -0.000006    34.3253    34.3245     7.3115    27.5969    27.5962    34.3254    27.5970    1449.43    1449.43    -0.7564  1028.9697    34.4878 0.0000e+00
      13532 313.179072  -62.13888  -58.43085      0.775    1447.13    288.000    285.038    -0.7477    -0.7470     0.0007    -0.7566    -0.7558     0.0007   2.803018   2.803017  -0.000002    34.3255    34.3246     7.3102    27.5970    27.5963    34.3256    27.5971    1449.45    1449.45    -0.7564  1028.9788    34.4932 0.0000e+00
      13562 313.179086  -62.13888  -58.43082      0.788    1447.13    289.000    286.027    -0.7479    -0.7471     0.0008    -0.7568    -0.7560     0.0008   2.803079   2.803080   0.000004    34.3259    34.3250     7.2935    27.5974    27.5966    34.3260    27.5975    1449.46    1449.47    -0.7566  1028.9839    34.4937 0.0000e+00
      13593 313.179101  -62.13888  -58.43082      0.787    1447.13    290.000    287.016    -0.7476    -0.7470     0.0006    -0.7565    -0.7560     0.0006   2.803146   2.803128  -0.000020    34.3258    34.3249     7.2922    27.5973    27.5966    34.3259    27.5974    1449.48    1449.48    -0.7563  1028.9886    34.4936 0.0000e+00
      13625 313.179116  -62.13888  -58.43079      0.761    1447.13    291.000    288.005    -0.7478    -0.7470     0.0008    -0.7568    -0.7560     0.0008   2.803149   2.803144  -0.000009    34.3257    34.3246     7.2826    27.5972    27.5963    34.3256    27.5972    1449.50    1449.50    -0.7566  1028.9931    34.4933 0.0000e+00
      13657 313.179132  -62.13888  -58.43078      0.737    1447.13    292.000    288.994    -0.7475    -0.7468     0.0007    -0.7565    -0.7559     0.0007   2.803261   2.803207  -0.000049    34.3259    34.3245     7.2783    27.5974    27.5962    34.3262    27.5976    1449.52    1449.52    -0.7563  1028.9984    34.4939 0.0000e+00
