Pos-Processados/pos_process42/Dados/doperantar42_013.cnv
* Sea-Bird SBE 9 Data File:
* FileName = C:\Users\Hidrografia\Desktop\OPXLII\Brutos\OP42013.hdr
* Software Version Seasave V 7.26.7.107
* Temperature SN = 6502
* Conductivity SN = 4998
* Number of Bytes Per Scan = 31
* Number of Voltage Words = 2
* Number of Scans Averaged by the Deck Unit = 1
* NMEA Latitude = 46 24.51 S
* NMEA Longitude = 055 54.95 W
* NMEA UTC (Time) = Oct 19 2023 23:00:40
* NMEA baud rate = 4800
** H41
** NPOALTEMAXIMIANO
** NUMERO DA ESTACAO (XXX) 013
** LAT (XX XX.XX S/N) 46 24.500 S
** LONG (XXX XX.XX W/E) 055 54.972 W
** DATAHORA (dd/mm/aaaa hh:mm Z) 19/10/2023 2300Z
** PROFUNDIDADE (m) 5329
** OPERADOR CT FABIREZA
# nquan = 30
# nvalues = 1008                        
# units = specified
# name 0 = scan: Scan Count
# name 1 = timeJ: Julian Days
# name 2 = latitude: Latitude [deg]
# name 3 = longitude: Longitude [deg]
# name 4 = dz/dtM: Descent Rate [m/s]
# name 5 = avgsvCM: Average Sound Velocity [Chen-Millero, m/s]
# name 6 = prDM: Pressure, Digiquartz [db]
# name 7 = depSM: Depth [salt water, m]
# name 8 = t090C: Temperature [ITS-90, deg C]
# name 9 = t190C: Temperature, 2 [ITS-90, deg C]
# name 10 = T2-T190C: Temperature Difference, 2 - 1 [ITS-90, deg C]
# name 11 = potemp090C: Potential Temperature [ITS-90, deg C]
# name 12 = potemp190C: Potential Temperature, 2 [ITS-90, deg C]
# name 13 = potemp90Cdiff: Potential Temperature, Diff, 2 - 1 [ITS-90, deg C]
# name 14 = c0S/m: Conductivity [S/m]
# name 15 = c1S/m: Conductivity, 2 [S/m]
# name 16 = C2-C1S/m: Conductivity Difference, 2 - 1 [S/m]
# name 17 = sal00: Salinity, Practical [PSU]
# name 18 = sal11: Salinity, Practical, 2 [PSU]
# name 19 = sbeox0ML/L: Oxygen, SBE 43 [ml/l]
# name 20 = sigma-é00: Density [sigma-theta, kg/m^3]
# name 21 = sigma-é11: Density, 2 [sigma-theta, kg/m^3]
# name 22 = sal00: Salinity, Practical [PSU]
# name 23 = sigma-é00: Density [sigma-theta, kg/m^3]
# name 24 = svCM: Sound Velocity [Chen-Millero, m/s]
# name 25 = svCM1: Sound Velocity, 2 [Chen-Millero, m/s]
# name 26 = gsw_ptA0: potential temperature [ITS-90, deg C]
# name 27 = gsw_densityA0: density, TEOS-10 [density, kg/m^3]
# name 28 = gsw_saA0: Absolute Salinity [g/kg]
# name 29 = flag:
# span 0 =       2328,      31477       
# span 1 = 292.959918, 292.973976       
# span 2 =  -46.41467,  -46.40909       
# span 3 =  -55.91560,  -55.91324       
# span 4 =      0.095,      1.381       
# span 5 =       0.00,    1483.34       
# span 6 =      5.000,   1012.000       
# span 7 =      4.968,   1001.203       
# span 8 =     2.3873,     6.0159       
# span 9 =     2.3883,     6.0163       
# span 10 =    -0.0096,     0.0264      
# span 11 =     2.3233,     6.0154      
# span 12 =     2.3242,     6.0159      
# span 13 =    -0.0096,     0.0264      
# span 14 =   3.080515,   3.349554      
# span 15 =   3.080564,   3.349552      
# span 16 =  -0.001282,   0.002725      
# span 17 =    33.9966,    34.5848      
# span 18 =    33.9973,    34.5842      
# span 19 =     3.7734,     8.1594      
# span 20 =    26.7598,    27.6128      
# span 21 =    26.7596,    27.6122      
# span 22 =    33.9850,    34.5847      
# span 23 =    26.7595,    27.6127      
# span 24 =    1463.30,    1475.87      
# span 25 =    1463.30,    1475.87      
# span 26 =     2.3232,     6.0155      
# span 27 =  1026.7841,  1032.3176      
# span 28 =    34.1455,    34.7524      
# span 29 = 0.0000e+00, 0.0000e+00      
# interval = decibars: 1                
# start_time = Oct 19 2023 23:00:40 [NMEA time, header]
# bad_flag = -9.990e-29
*END*
[from data line 194]
       8277 292.962787  -46.41018  -55.91497      0.856    1465.23    199.000    197.265     2.8155     2.8163     0.0007     2.8037     2.8045     0.0007   3.082461   3.082495   0.000026    34.0637    34.0632     6.7424    27.1551    27.1547    34.0633    27.1548    1463.65    1463.65     2.8037  1028.0871    34.2248 0.0000e+00
       8297 292.962797  -46.41019  -55.91496      1.071    1465.23    200.000    198.255     2.8125     2.8133     0.0008     2.8007     2.8015     0.0008   3.082230   3.082264   0.000036    34.0638    34.0634     6.7368    27.1555    27.1551    34.0631    27.1549    1463.65    1463.65     2.8007  1028.0919    34.2246 0.0000e+00
       8320 292.962808  -46.41020  -55.91496      1.133    1465.23    201.000    199.245     2.8081     2.8090     0.0009     2.7962     2.7971     0.0009   3.081978   3.082002   0.000025    34.0647    34.0640     6.7379    27.1565    27.1559    34.0642    27.1561    1463.65    1463.65     2.7962  1028.0978    34.2257 0.0000e+00
       8352 292.962824  -46.41020  -55.91496      0.837    1465.23    202.000    200.237     2.8066     2.8073     0.0008     2.7946     2.7954     0.0008   3.081929   3.081974   0.000046    34.0650    34.0648     6.7365    27.1570    27.1567    34.0647    27.1567    1463.66    1463.67     2.7946  1028.1030    34.2262 0.0000e+00
       8391 292.962842  -46.41020  -55.91496      0.590    1465.23    203.000    201.227     2.8047     2.8052     0.0005     2.7927     2.7932     0.0005   3.081897   3.081919   0.000021    34.0661    34.0658     6.7129    27.1580    27.1577    34.0657    27.1577    1463.67    1463.67     2.7927  1028.1087    34.2272 0.0000e+00
       8418 292.962856  -46.41020  -55.91496      0.778    1465.23    204.000    202.218     2.8026     2.8033     0.0007     2.7905     2.7913     0.0007   3.081840   3.081866   0.000028    34.0670    34.0665     6.7013    27.1589    27.1585    34.0667    27.1586    1463.68    1463.68     2.7905  1028.1144    34.2282 0.0000e+00
       8440 292.962866  -46.41020  -55.91496      0.996    1465.23    205.000    203.209     2.8019     2.8027     0.0008     2.7898     2.7905     0.0008   3.081916   3.081969   0.000050    34.0680    34.0678     6.7037    27.1598    27.1596    34.0678    27.1596    1463.70    1463.70     2.7898  1028.1200    34.2293 0.0000e+00
       8460 292.962876  -46.41020  -55.91496      1.145    1465.23    206.000    204.199     2.8021     2.8029     0.0008     2.7899     2.7907     0.0008   3.082034   3.082082   0.000052    34.0687    34.0685     6.6901    27.1603    27.1601    34.0685    27.1601    1463.71    1463.72     2.7899  1028.1252    34.2300 0.0000e+00
       8483 292.962887  -46.41022  -55.91496      1.127    1465.23    207.000    205.190     2.8014     2.8023     0.0009     2.7892     2.7900     0.0009   3.082085   3.082130   0.000044    34.0696    34.0692     6.6744    27.1611    27.1607    34.0693    27.1608    1463.73    1463.73     2.7891  1028.1302    34.2304 0.0000e+00
       8516 292.962902 -9.990e-29  -55.91495      0.822    1465.23    208.000    206.181     2.8020     2.8029     0.0009     2.7897     2.7906     0.0009   3.082226   3.082280   0.000054    34.0699    34.0696     6.6686    27.1612    27.1610    34.0698    27.1612    1463.75    1463.75     2.7897  1028.1351    34.2308 0.0000e+00
       8550 292.962919 -9.990e-29  -55.91494      0.678    1465.23    209.000    207.172     2.8024     2.8033     0.0008     2.7901     2.7909     0.0008   3.082360   3.082400   0.000042    34.0705    34.0702     6.6550    27.1617    27.1614    34.0705    27.1617    1463.77    1463.77     2.7900  1028.1403    34.2314 0.0000e+00
       8578 292.962932  -46.41024  -55.91494      0.802    1465.23    210.000    208.162     2.8023     2.8031     0.0009     2.7898     2.7907     0.0009   3.082436   3.082471   0.000030    34.0712    34.0706     6.6579    27.1623    27.1618    34.0710    27.1622    1463.78    1463.79     2.7898  1028.1457    34.2323 0.0000e+00
       8602 292.962944  -46.41024  -55.91494      0.939    1465.23    211.000    209.153     2.8021     2.8028     0.0007     2.7896     2.7903     0.0007   3.082484   3.082515   0.000035    34.0713    34.0710     6.6398    27.1624    27.1621    34.0712    27.1624    1463.80    1463.80     2.7896  1028.1508    34.2328 0.0000e+00
       8627 292.962956  -46.41024  -55.91494      0.983    1465.23    212.000    210.144     2.8018     2.8026     0.0008     2.7892     2.7900     0.0008   3.082509   3.082560   0.000053    34.0714    34.0712     6.6361    27.1625    27.1623    34.0713    27.1625    1463.81    1463.82     2.7892  1028.1555    34.2329 0.0000e+00
       8662 292.962973  -46.41026  -55.91494      0.772    1465.23    213.000    211.134     2.8021     2.8028     0.0007     2.7894     2.7902     0.0007   3.082625   3.082673   0.000046    34.0719    34.0717     6.6285    27.1630    27.1627    34.0719    27.1629    1463.83    1463.83     2.7894  1028.1607    34.2335 0.0000e+00
       8706 292.962994  -46.41026 -9.990e-29      0.498    1465.23    214.000    212.125     2.8025     2.8032     0.0008     2.7898     2.7906     0.0008   3.082810   3.082855   0.000045    34.0731    34.0728     6.6269    27.1639    27.1635    34.0732    27.1639    1463.85    1463.86     2.7898  1028.1665    34.2350 0.0000e+00
       8734 292.963008  -46.41026 -9.990e-29      0.741    1465.23    215.000    213.116     2.8029     2.8036     0.0007     2.7901     2.7909     0.0007   3.082924   3.082969   0.000047    34.0736    34.0734     6.6095    27.1642    27.1640    34.0736    27.1642    1463.87    1463.87     2.7901  1028.1715    34.2354 0.0000e+00
       8754 292.963018  -46.41026 -9.990e-29      1.017    1465.23    216.000    214.107     2.8010     2.8017     0.0007     2.7882     2.7889     0.0007   3.082928   3.082963   0.000035    34.0751    34.0748     6.6179    27.1656    27.1653    34.0751    27.1656    1463.88    1463.88     2.7882  1028.1775    34.2370 0.0000e+00
       8775 292.963027  -46.41026  -55.91492      1.177    1465.23    217.000    215.097     2.7955     2.7967     0.0012     2.7826     2.7838     0.0012   3.082578   3.082618   0.000039    34.0769    34.0762     6.6156    27.1675    27.1668    34.0761    27.1669    1463.87    1463.88     2.7826  1028.1834    34.2378 0.0000e+00
       8811 292.963045  -46.41027  -55.91492      0.778    1465.23    218.000    216.088     2.7906     2.7896    -0.0009     2.7777     2.7767    -0.0009   3.082221   3.082170  -0.000048    34.0769    34.0773     6.5931    27.1679    27.1683    34.0764    27.1675    1463.87    1463.87     2.7777  1028.1887    34.2380 0.0000e+00
       8853 292.963065  -46.41028  -55.91492      0.523    1465.23    219.000    217.079     2.7845     2.7854     0.0009     2.7716     2.7725     0.0009   3.081898   3.081932   0.000034    34.0788    34.0783     6.5690    27.1700    27.1695    34.0783    27.1696    1463.86    1463.87     2.7715  1028.1954    34.2399 0.0000e+00
       8879 292.963078  -46.41028  -55.91491      0.823    1465.23    220.000    218.070     2.7823     2.7831     0.0008     2.7693     2.7701     0.0008   3.081870   3.081913   0.000040    34.0802    34.0798     6.5706    27.1712    27.1709    34.0798    27.1710    1463.87    1463.87     2.7693  1028.2015    34.2414 0.0000e+00
       8910 292.963093  -46.41030  -55.91490      0.828    1465.23    221.000    219.060     2.7826     2.7833     0.0006     2.7695     2.7702     0.0006   3.082004   3.082045   0.000043    34.0808    34.0807     6.5540    27.1717    27.1716    34.0805    27.1715    1463.89    1463.89     2.7695  1028.2067    34.2421 0.0000e+00
       8953 292.963114  -46.41030  -55.91490      0.536    1465.23    222.000    220.051     2.7793     2.7796     0.0003     2.7661     2.7664     0.0003   3.081906   3.081926   0.000018    34.0828    34.0827     6.5395    27.1736    27.1736    34.0823    27.1732    1463.90    1463.90     2.7662  1028.2131    34.2439 0.0000e+00
       8986 292.963129  -46.41030  -55.91490      0.675    1465.23    223.000    221.042     2.7772     2.7781     0.0009     2.7640     2.7649     0.0009   3.081857   3.081894   0.000038    34.0837    34.0833     6.5206    27.1746    27.1741    34.0833    27.1743    1463.90    1463.91     2.7640  1028.2188    34.2450 0.0000e+00
       9011 292.963141  -46.41030  -55.91490      0.893    1465.23    224.000    222.032     2.7772     2.7780     0.0008     2.7639     2.7647     0.0008   3.081913   3.081955   0.000041    34.0838    34.0834     6.5107    27.1746    27.1743    34.0835    27.1744    1463.92    1463.92     2.7639  1028.2236    34.2451 0.0000e+00
       9036 292.963153  -46.41032  -55.91490      0.970    1465.11    225.000    223.023     2.7773     2.7780     0.0008     2.7639     2.7647     0.0008   3.082008   3.082059   0.000050    34.0843    34.0840     6.4963    27.1750    27.1747    34.0840    27.1748    1463.94    1463.94     2.7639  1028.2287    34.2457 0.0000e+00
       9068 292.963169  -46.41032  -55.91490      0.797    1464.86    226.000    224.014     2.7775     2.7783     0.0008     2.7641     2.7649     0.0008   3.082131   3.082178   0.000046    34.0850    34.0847     6.4921    27.1755    27.1753    34.0848    27.1754    1463.96    1463.96     2.7641  1028.2339    34.2464 0.0000e+00
       9103 292.963186  -46.41032  -55.91490      0.684    1464.86    227.000    225.004     2.7778     2.7786     0.0008     2.7643     2.7652     0.0008   3.082279   3.082330   0.000049    34.0857    34.0854     6.4851    27.1761    27.1759    34.0857    27.1761    1463.98    1463.98     2.7643  1028.2393    34.2473 0.0000e+00
       9131 292.963199  -46.41034  -55.91488      0.800    1464.86    228.000    225.995     2.7791     2.7800     0.0008     2.7656     2.7665     0.0008   3.082529   3.082588   0.000062    34.0867    34.0866     6.4844    27.1768    27.1767    34.0868    27.1769    1464.00    1464.00     2.7656  1028.2447    34.2484 0.0000e+00
       9159 292.963213  -46.41034  -55.91488      0.867    1464.86    229.000    226.986     2.7802     2.7811     0.0009     2.7666     2.7675     0.0009   3.082741   3.082807   0.000061    34.0876    34.0874     6.4703    27.1774    27.1772    34.0877    27.1776    1464.02    1464.02     2.7666  1028.2501    34.2494 0.0000e+00
       9202 292.963234  -46.41035  -55.91488      0.583    1464.86    230.000    227.977     2.7821     2.7832     0.0011     2.7685     2.7696     0.0011   3.083075   3.083172   0.000099    34.0891    34.0891     6.4573    27.1784    27.1784    34.0892    27.1786    1464.05    1464.05     2.7685  1028.2557    34.2509 0.0000e+00
       9243 292.963253  -46.41036  -55.91488      0.546    1464.86    231.000    228.967     2.7832     2.7839     0.0007     2.7695     2.7702     0.0007   3.083321   3.083344   0.000024    34.0904    34.0900     6.4384    27.1795    27.1790    34.0906    27.1796    1464.07    1464.07     2.7695  1028.2614    34.2522 0.0000e+00
       9266 292.963265  -46.41036  -55.91488      0.859    1464.86    232.000    229.958     2.7834     2.7841     0.0007     2.7696     2.7703     0.0007   3.083383   3.083425   0.000040    34.0904    34.0902     6.4238    27.1795    27.1792    34.0906    27.1795    1464.09    1464.09     2.7696  1028.2660    34.2522 0.0000e+00
       9288 292.963275  -46.41036  -55.91488      1.069    1464.86    233.000    230.948     2.7834     2.7842     0.0007     2.7696     2.7703     0.0007   3.083452   3.083488   0.000039    34.0907    34.0904     6.4218    27.1796    27.1793    34.0908    27.1798    1464.10    1464.11     2.7696  1028.2709    34.2525 0.0000e+00
       9325 292.963293  -46.41037  -55.91488      0.755    1464.86    234.000    231.939     2.7836     2.7845     0.0008     2.7697     2.7706     0.0008   3.083526   3.083596   0.000071    34.0909    34.0908     6.4110    27.1798    27.1797    34.0909    27.1798    1464.12    1464.12     2.7697  1028.2757    34.2526 0.0000e+00
       9368 292.963313  -46.41038  -55.91488      0.501    1464.86    235.000    232.930     2.7841     2.7848     0.0007     2.7701     2.7709     0.0007   3.083701   3.083739   0.000038    34.0918    34.0915     6.4081    27.1805    27.1802    34.0921    27.1807    1464.14    1464.14     2.7701  1028.2812    34.2537 0.0000e+00
       9392 292.963325  -46.41038  -55.91486      0.828    1464.86    236.000    233.920     2.7845     2.7853     0.0008     2.7705     2.7713     0.0008   3.083851   3.083884   0.000035    34.0927    34.0923     6.4055    27.1812    27.1808    34.0928    27.1813    1464.16    1464.16     2.7705  1028.2864    34.2545 0.0000e+00
       9412 292.963335  -46.41038  -55.91486      1.065    1464.86    237.000    234.911     2.7847     2.7855     0.0008     2.7706     2.7714     0.0008   3.083928   3.083965   0.000035    34.0929    34.0925     6.4132    27.1813    27.1809    34.0931    27.1815    1464.18    1464.18     2.7706  1028.2912    34.2547 0.0000e+00
       9447 292.963352  -46.41038  -55.91486      0.822    1464.86    238.000    235.898     2.7848     2.7855     0.0008     2.7706     2.7714     0.0008   3.083988   3.084022   0.000034    34.0931    34.0927     6.4039    27.1815    27.1811    34.0932    27.1816    1464.19    1464.20     2.7706  1028.2960    34.2549 0.0000e+00
       9512 292.963383  -46.41040  -55.91486      0.252    1464.86    239.000    236.898     2.7850     2.7857     0.0006     2.7708     2.7715     0.0006   3.084133   3.084165   0.000028    34.0940    34.0936     6.3964    27.1822    27.1818    34.0941    27.1823    1464.21    1464.22     2.7708  1028.3014    34.2558 0.0000e+00
       9538 292.963395  -46.41042  -55.91484      0.744    1464.86    240.000    237.883     2.7859     2.7867     0.0008     2.7716     2.7724     0.0008   3.084330   3.084371   0.000043    34.0948    34.0945     6.3924    27.1828    27.1824    34.0951    27.1830    1464.24    1464.24     2.7716  1028.3068    34.2568 0.0000e+00
       9561 292.963407  -46.41042  -55.91484      0.975    1464.86    241.000    238.873     2.7866     2.7874     0.0008     2.7722     2.7730     0.0008   3.084475   3.084512   0.000037    34.0954    34.0950     6.3874    27.1832    27.1828    34.0956    27.1833    1464.25    1464.26     2.7722  1028.3118    34.2573 0.0000e+00
       9608 292.963429  -46.41042  -55.91484      0.548    1464.86    242.000    239.863     2.7870     2.7880     0.0009     2.7727     2.7736     0.0009   3.084583   3.084638   0.000059    34.0957    34.0954     6.3825    27.1833    27.1831    34.0958    27.1835    1464.27    1464.28     2.7726  1028.3166    34.2575 0.0000e+00
       9651 292.963450  -46.41044  -55.91484      0.509    1464.86    243.000    240.855     2.7902     2.7910     0.0008     2.7758     2.7766     0.0008   3.085045   3.085095   0.000046    34.0971    34.0968     6.3738    27.1842    27.1840    34.0976    27.1846    1464.31    1464.31     2.7758  1028.3223    34.2593 0.0000e+00
       9673 292.963461  -46.41044  -55.91484      0.891    1464.86    244.000    241.845     2.7927     2.7934     0.0007     2.7782     2.7789     0.0007   3.085450   3.085491   0.000051    34.0987    34.0985     6.3744    27.1853    27.1851    34.0994    27.1858    1464.34    1464.34     2.7782  1028.3281    34.2609 0.0000e+00
       9692 292.963470 -9.990e-29  -55.91484      1.140    1464.86    245.000    242.836     2.7930     2.7938     0.0007     2.7785     2.7792     0.0007   3.085679   3.085721   0.000044    34.1008    34.1006     6.3638    27.1870    27.1867    34.1013    27.1873    1464.36    1464.36     2.7784  1028.3339    34.2624 0.0000e+00
