Pos-Processados/pos_process42/Dados/doperantar42_011.cnv
* Sea-Bird SBE 9 Data File:
* FileName = C:\Users\Hidrografia\Desktop\OPXLII\Brutos\OP42011.hdr
* Software Version Seasave V 7.26.7.107
* Temperature SN = 6502
* Conductivity SN = 4998
* Number of Bytes Per Scan = 31
* Number of Voltage Words = 2
* Number of Scans Averaged by the Deck Unit = 1
* NMEA Latitude = 45 08.67 S
* NMEA Longitude = 055 57.85 W
* NMEA UTC (Time) = Oct 19 2023 08:19:59
* NMEA baud rate = 4800
** H41
** NPOALTEMAXIMIANO
** NUMERO DA ESTACAO (XXX) 011
** LAT (XX XX.XX S/N) 45 5.419 S
** LONG (XXX XX.XX W/E) 055 57.980 W
** DATAHORA (dd/mm/aaaa hh:mm Z) 19/10/2023 0819Z
** PROFUNDIDADE (m) 5475
** OPERADOR CT FILIPE LOPES
# nquan = 30
# nvalues = 1014                        
# units = specified
# name 0 = scan: Scan Count
# name 1 = timeJ: Julian Days
# name 2 = latitude: Latitude [deg]
# name 3 = longitude: Longitude [deg]
# name 4 = dz/dtM: Descent Rate [m/s]
# name 5 = avgsvCM: Average Sound Velocity [Chen-Millero, m/s]
# name 6 = prDM: Pressure, Digiquartz [db]
# name 7 = depSM: Depth [salt water, m]
# name 8 = t090C: Temperature [ITS-90, deg C]
# name 9 = t190C: Temperature, 2 [ITS-90, deg C]
# name 10 = T2-T190C: Temperature Difference, 2 - 1 [ITS-90, deg C]
# name 11 = potemp090C: Potential Temperature [ITS-90, deg C]
# name 12 = potemp190C: Potential Temperature, 2 [ITS-90, deg C]
# name 13 = potemp90Cdiff: Potential Temperature, Diff, 2 - 1 [ITS-90, deg C]
# name 14 = c0S/m: Conductivity [S/m]
# name 15 = c1S/m: Conductivity, 2 [S/m]
# name 16 = C2-C1S/m: Conductivity Difference, 2 - 1 [S/m]
# name 17 = sal00: Salinity, Practical [PSU]
# name 18 = sal11: Salinity, Practical, 2 [PSU]
# name 19 = sbeox0ML/L: Oxygen, SBE 43 [ml/l]
# name 20 = sigma-é00: Density [sigma-theta, kg/m^3]
# name 21 = sigma-é11: Density, 2 [sigma-theta, kg/m^3]
# name 22 = sal00: Salinity, Practical [PSU]
# name 23 = sigma-é00: Density [sigma-theta, kg/m^3]
# name 24 = svCM: Sound Velocity [Chen-Millero, m/s]
# name 25 = svCM1: Sound Velocity, 2 [Chen-Millero, m/s]
# name 26 = gsw_ptA0: potential temperature [ITS-90, deg C]
# name 27 = gsw_densityA0: density, TEOS-10 [density, kg/m^3]
# name 28 = gsw_saA0: Absolute Salinity [g/kg]
# name 29 = flag:
# span 0 =       2691,      33106       
# span 1 = 292.348508, 292.363176       
# span 2 =  -45.14781,  -45.14486       
# span 3 =  -55.96379,  -55.95854       
# span 4 =     -0.242,      1.328       
# span 5 =       0.00,    1497.14       
# span 6 =      2.000,   1015.000       
# span 7 =      1.956,   1004.297       
# span 8 =     2.7695,    12.3872       
# span 9 =     2.7704,    12.3883       
# span 10 =    -0.0198,     0.0485      
# span 11 =     2.7025,    12.3814      
# span 12 =     2.7034,    12.3825      
# span 13 =    -0.0197,     0.0485      
# span 14 =   3.125315,   4.051385      
# span 15 =   3.125333,   4.051603      
# span 16 =  -0.008636,   0.002639      
# span 17 =    34.0772,    35.1154      
# span 18 =    34.0786,    35.1151      
# span 19 =     4.0865,     6.7359      
# span 20 =    26.5169,    27.4706      
# span 21 =    26.5179,    27.4702      
# span 22 =    34.0665,    35.1201      
# span 23 =    26.5170,    27.4707      
# span 24 =    1471.02,    1499.02      
# span 25 =    1471.02,    1499.02      
# span 26 =     2.7024,    12.3814      
# span 27 =  1026.5325,  1032.1792      
# span 28 =    34.2276,    35.2861      
# span 29 = 0.0000e+00, 0.0000e+00      
# interval = decibars: 1                
# start_time = Oct 19 2023 08:19:59 [NMEA time, header]
# bad_flag = -9.990e-29
*END*
[from data line 242]
      10727 292.352383  -45.14564  -55.96246      0.980    1480.02    244.000    241.873     4.4225     4.4220    -0.0005     4.4048     4.4043    -0.0005   3.228225   3.227965  -0.000255    34.1083    34.1059     6.6305    27.0344    27.0324    34.1041    27.0310    1471.22    1471.21     4.4047  1028.1628    34.2658 0.0000e+00
      10751 292.352395  -45.14564  -55.96246      0.988    1480.02    245.000    242.864     4.3990     4.3985    -0.0004     4.3812     4.3808    -0.0004   3.225969   3.225737  -0.000246    34.1061    34.1037     6.6270    27.0351    27.0332    34.1014    27.0313    1471.13    1471.13     4.3812  1028.1679    34.2631 0.0000e+00
      10772 292.352405  -45.14564  -55.96245      1.057    1480.02    246.000    243.855     4.3873     4.3877     0.0005     4.3695     4.3699     0.0005   3.224871   3.224825  -0.000060    34.1035    34.1023     6.6286    27.0343    27.0333    34.1000    27.0315    1471.10    1471.10     4.3695  1028.1728    34.2618 0.0000e+00
      10793 292.352415  -45.14564  -55.96244      1.131    1480.02    247.000    244.845     4.3848     4.3853     0.0005     4.3670     4.3675     0.0005   3.224627   3.224674   0.000043    34.1019    34.1019     6.6407    27.0333    27.0332    34.0992    27.0311    1471.10    1471.10     4.3669  1028.1771    34.2609 0.0000e+00
      10819 292.352428  -45.14564  -55.96244      1.042    1480.02    248.000    245.836     4.3829     4.3836     0.0006     4.3650     4.3656     0.0006   3.224535   3.224555   0.000038    34.1020    34.1018     6.6682    27.0336    27.0334    34.0995    27.0316    1471.11    1471.11     4.3650  1028.1822    34.2612 0.0000e+00
      10853 292.352444  -45.14566  -55.96244      0.743    1480.02    249.000    246.827     4.3723     4.3722    -0.0001     4.3543     4.3542    -0.0001   3.223945   3.223639  -0.000316    34.1057    34.1021     6.6986    27.0376    27.0348    34.1031    27.0356    1471.09    1471.08     4.3543  1028.1908    34.2648 0.0000e+00
      10884 292.352459  -45.14566  -55.96244      0.730    1480.02    250.000    247.817     4.3699     4.3704     0.0005     4.3519     4.3524     0.0005   3.223495   3.223503 7.5999e-07    34.1019    34.1013     6.7053    27.0349    27.0344    34.0997    27.0332    1471.09    1471.09     4.3518  1028.1931    34.2614 0.0000e+00
      10908 292.352471  -45.14566  -55.96242      0.902    1480.02    251.000    248.808     4.3669     4.3674     0.0005     4.3488     4.3493     0.0005   3.223243   3.223262   0.000015    34.1013    34.1009     6.6974    27.0347    27.0344    34.0993    27.0332    1471.09    1471.10     4.3488  1028.1977    34.2610 0.0000e+00
      10930 292.352481  -45.14566  -55.96242      1.035    1480.02    252.000    249.799     4.3663     4.3669     0.0006     4.3481     4.3487     0.0006   3.223230   3.223292   0.000063    34.1008    34.1008     6.6885    27.0344    27.0344    34.0993    27.0332    1471.11    1471.11     4.3480  1028.2024    34.2610 0.0000e+00
      10952 292.352492  -45.14566  -55.96242      1.087    1480.02    253.000    250.789     4.3643     4.3647     0.0004     4.3460     4.3464     0.0004   3.223084   3.223102   0.000015    34.1009    34.1007     6.6899    27.0348    27.0346    34.0991    27.0333    1471.11    1471.12     4.3460  1028.2071    34.2609 0.0000e+00
      10974 292.352503  -45.14566  -55.96242      1.087    1480.02    254.000    251.780     4.3597     4.3600     0.0003     4.3413     4.3417     0.0003   3.222713   3.222699  -0.000002    34.1009    34.1005     6.7004    27.0352    27.0349    34.0990    27.0337    1471.11    1471.12     4.3413  1028.2122    34.2607 0.0000e+00
      10996 292.352513  -45.14566  -55.96242      1.088    1480.02    255.000    252.771     4.3495     4.3498     0.0004     4.3311     4.3315     0.0004   3.221823   3.221797  -0.000030    34.1010    34.1002     6.7018    27.0364    27.0357    34.0986    27.0345    1471.09    1471.09     4.3311  1028.2176    34.2603 0.0000e+00
      11019 292.352524  -45.14566  -55.96240      1.088    1480.02    256.000    253.761     4.3423     4.3429     0.0005     4.3239     4.3244     0.0005   3.221229   3.221245   0.000010    34.1002    34.0998     6.6946    27.0366    27.0361    34.0984    27.0351    1471.07    1471.07     4.3238  1028.2229    34.2602 0.0000e+00
      11043 292.352535  -45.14568  -55.96240      1.047    1480.02    257.000    254.752     4.3406     4.3409     0.0003     4.3221     4.3224     0.0003   3.221084   3.221114   0.000034    34.0997    34.0997     6.6978    27.0363    27.0363    34.0981    27.0350    1471.08    1471.08     4.3220  1028.2275    34.2598 0.0000e+00
      11070 292.352549  -45.14568  -55.96240      0.921    1480.02    258.000    255.743     4.3362     4.3364     0.0002     4.3176     4.3178     0.0002   3.220728   3.220729 -3.944e-07    34.0995    34.0993     6.7023    27.0367    27.0364    34.0979    27.0354    1471.08    1471.08     4.3176  1028.2325    34.2596 0.0000e+00
      11099 292.352562  -45.14568  -55.96240      0.836    1480.02    259.000    256.733     4.3279     4.3283     0.0004     4.3093     4.3097     0.0004   3.220062   3.220007  -0.000054    34.0999    34.0988     6.7160    27.0378    27.0369    34.0981    27.0364    1471.06    1471.06     4.3092  1028.2382    34.2598 0.0000e+00
      11124 292.352575  -45.14568  -55.96240      0.904    1480.02    260.000    257.724     4.3253     4.3259     0.0006     4.3066     4.3072     0.0006   3.219838   3.219867   0.000023    34.0989    34.0985     6.7080    27.0373    27.0369    34.0976    27.0363    1471.07    1471.07     4.3065  1028.2428    34.2594 0.0000e+00
      11149 292.352587  -45.14568  -55.96238      0.970    1480.02    261.000    258.715     4.3256     4.3261     0.0005     4.3068     4.3073     0.0005   3.219902   3.219940   0.000037    34.0986    34.0986     6.7098    27.0371    27.0370    34.0976    27.0363    1471.09    1471.09     4.3068  1028.2473    34.2593 0.0000e+00
      11176 292.352600  -45.14568  -55.96238      0.904    1480.02    262.000    259.705     4.3244     4.3250     0.0007     4.3055     4.3062     0.0007   3.219829   3.219883   0.000059    34.0985    34.0985     6.7138    27.0371    27.0370    34.0975    27.0363    1471.10    1471.10     4.3055  1028.2520    34.2592 0.0000e+00
      11205 292.352614  -45.14569  -55.96238      0.834    1480.02    263.000    260.696     4.3198     4.3203     0.0004     4.3009     4.3014     0.0004   3.219489   3.219458  -0.000027    34.0991    34.0983     6.7179    27.0381    27.0374    34.0976    27.0369    1471.09    1471.09     4.3009  1028.2572    34.2593 0.0000e+00
      11229 292.352625  -45.14570  -55.96237      0.915    1480.02    264.000    261.686     4.3074     4.3075     0.0001     4.2884     4.2886     0.0001   3.218400   3.218276  -0.000115    34.0996    34.0981     6.7223    27.0398    27.0386    34.0971    27.0379    1471.06    1471.06     4.2884  1028.2629    34.2589 0.0000e+00
      11251 292.352636  -45.14570  -55.96236      1.047    1480.02    265.000    262.677     4.2941     4.2945     0.0003     4.2751     4.2755     0.0003   3.217286   3.217248  -0.000054    34.0991    34.0981     6.7185    27.0408    27.0400    34.0972    27.0393    1471.02    1471.02     4.2751  1028.2691    34.2590 0.0000e+00
      11271 292.352646  -45.14570  -55.96236      1.132    1480.02    266.000    263.668     4.2933     4.2939     0.0006     4.2743     4.2749     0.0006   3.217215   3.217255   0.000036    34.0980    34.0978     6.7094    27.0400    27.0398    34.0967    27.0390    1471.03    1471.03     4.2742  1028.2734    34.2585 0.0000e+00
      11293 292.352656  -45.14570 -9.990e-29      1.142    1480.02    267.000    264.658     4.2933     4.2940     0.0006     4.2742     4.2749     0.0006   3.217232   3.217306   0.000077    34.0975    34.0977     6.7130    27.0397    27.0397    34.0964    27.0388    1471.05    1471.05     4.2741  1028.2778    34.2582 0.0000e+00
      11315 292.352667  -45.14570 -9.990e-29      1.108    1480.02    268.000    265.649     4.2920     4.2924     0.0005     4.2727     4.2732     0.0005   3.217145   3.217184   0.000042    34.0976    34.0976     6.7206    27.0399    27.0399    34.0963    27.0388    1471.06    1471.06     4.2727  1028.2825    34.2581 0.0000e+00
      11339 292.352679  -45.14570 -9.990e-29      1.040    1480.02    269.000    266.639     4.2821     4.2822     0.0001     4.2628     4.2629     0.0001   3.216413   3.216359  -0.000055    34.0990    34.0982     6.7175    27.0421    27.0415    34.0973    27.0407    1471.04    1471.03     4.2628  1028.2891    34.2592 0.0000e+00
      11368 292.352692  -45.14570 -9.990e-29      0.886    1480.02    270.000    267.630     4.2908     4.2944     0.0036     4.2715     4.2751     0.0036   3.217599   3.218087   0.000476    34.0990    34.1009     6.7142    27.0412    27.0423    34.1017    27.0433    1471.09    1471.11     4.2714  1028.2962    34.2636 0.0000e+00
      11398 292.352707  -45.14570 -9.990e-29      0.802    1480.02    271.000    268.620     4.3515     4.3504    -0.0011     4.3319     4.3308    -0.0011   3.223258   3.223694   0.000467    34.1018    34.1083     6.7061    27.0369    27.0422    34.1050    27.0394    1471.37    1471.37     4.3319  1028.2966    34.2668 0.0000e+00
      11423 292.352719  -45.14571 -9.990e-29      0.887    1480.02    272.000    269.611     4.3455     4.3463     0.0008     4.3259     4.3267     0.0008   3.223255   3.223155  -0.000098    34.1111    34.1091     6.6993    27.0449    27.0433    34.1106    27.0446    1471.36    1471.36     4.3258  1028.3063    34.2725 0.0000e+00
      11447 292.352730  -45.14572 -9.990e-29      0.985    1480.02    273.000    270.602     4.3314     4.3302    -0.0012     4.3117     4.3105    -0.0012   3.222032   3.221834  -0.000226    34.1107    34.1093     6.6494    27.0462    27.0452    34.1103    27.0458    1471.32    1471.32     4.3117  1028.3123    34.2722 0.0000e+00
      11473 292.352743  -45.14572  -55.96232      0.965    1480.02    274.000    271.592     4.3389     4.3394     0.0004     4.3191     4.3196     0.0004   3.222712   3.222916   0.000131    34.1082    34.1093     6.5685    27.0434    27.0442    34.1099    27.0448    1471.37    1471.37     4.3191  1028.3159    34.2718 0.0000e+00
      11499 292.352756  -45.14572  -55.96232      0.898    1480.02    275.000    272.583     4.3622     4.3621    -0.0002     4.3423     4.3422    -0.0002   3.225150   3.225181   0.000165    34.1106    34.1127     6.5358    27.0428    27.0445    34.1140    27.0455    1471.49    1471.49     4.3423  1028.3210    34.2758 0.0000e+00
      11523 292.352767  -45.14572  -55.96232      0.946    1480.02    276.000    273.573     4.3843     4.3837    -0.0006     4.3643     4.3636    -0.0006   3.227346   3.227686   0.000287    34.1111    34.1151     6.5442    27.0409    27.0441    34.1164    27.0451    1471.60    1471.60     4.3642  1028.3251    34.2783 0.0000e+00
      11545 292.352778  -45.14572  -55.96232      1.046    1480.02    277.000    274.564     4.4559     4.4544    -0.0015     4.4356     4.4341    -0.0015   3.234323   3.234946   0.000591    34.1153    34.1238     6.5339    27.0366    27.0435    34.1238    27.0433    1471.92    1471.93     4.4356  1028.3273    34.2857 0.0000e+00
      11568 292.352789  -45.14572  -55.96232      1.077    1480.02    278.000    275.555     4.4701     4.4725     0.0024     4.4498     4.4522     0.0024   3.236257   3.236546   0.000291    34.1269    34.1278     6.5190    27.0443    27.0447    34.1312    27.0476    1472.00    1472.02     4.4497  1028.3362    34.2931 0.0000e+00
      11591 292.352800  -45.14572  -55.96232      1.042    1480.02    279.000    276.545     4.4762     4.4791     0.0029     4.4558     4.4587     0.0029   3.237053   3.237350   0.000289    34.1292    34.1296     6.4791    27.0454    27.0454    34.1337    27.0490    1472.05    1472.06     4.4557  1028.3421    34.2956 0.0000e+00
      11615 292.352812  -45.14573  -55.96231      1.022    1480.02    280.000    277.535     4.4902     4.4910     0.0008     4.4696     4.4704     0.0008   3.238393   3.238539   0.000153    34.1308    34.1317     6.4033    27.0452    27.0459    34.1344    27.0481    1472.12    1472.13     4.4696  1028.3457    34.2964 0.0000e+00
      11640 292.352823  -45.14574  -55.96230      0.999    1480.02    281.000    278.526     4.4917     4.4923     0.0007     4.4710     4.4717     0.0007   3.238697   3.238741   0.000049    34.1329    34.1328     6.3375    27.0467    27.0466    34.1359    27.0491    1472.15    1472.15     4.4710  1028.3513    34.2979 0.0000e+00
      11667 292.352837  -45.14574  -55.96230      0.907    1480.02    282.000    279.517     4.4904     4.4903    -0.0002     4.4697     4.4696    -0.0002   3.238620   3.238551  -0.000062    34.1336    34.1330     6.3109    27.0474    27.0470    34.1358    27.0491    1472.16    1472.16     4.4697  1028.3560    34.2978 0.0000e+00
      11695 292.352850  -45.14574  -55.96230      0.845    1480.02    283.000    280.507     4.4810     4.4792    -0.0018     4.4602     4.4584    -0.0018   3.237857   3.237588  -0.000257    34.1354    34.1342     6.2924    27.0499    27.0491    34.1361    27.0504    1472.14    1472.13     4.4602  1028.3620    34.2981 0.0000e+00
      11720 292.352862  -45.14574  -55.96230      0.916    1480.02    284.000    281.497     4.4630     4.4633     0.0003     4.4422     4.4425     0.0003   3.236234   3.236128  -0.000115    34.1351    34.1334     6.2956    27.0516    27.0503    34.1351    27.0516    1472.08    1472.08     4.4421  1028.3679    34.2971 0.0000e+00
      11743 292.352873  -45.14574  -55.96228      1.019    1480.02    285.000    282.488     4.4631     4.4633     0.0002     4.4422     4.4424     0.0002   3.236214   3.236267   0.000040    34.1332    34.1334     6.2997    27.0500    27.0502    34.1342    27.0509    1472.09    1472.10     4.4422  1028.3718    34.2962 0.0000e+00
      11766 292.352884  -45.14574  -55.96228      1.052    1480.02    286.000    283.479     4.4581     4.4587     0.0006     4.4372     4.4378     0.0006   3.235865   3.235825  -0.000026    34.1347    34.1338     6.3049    27.0518    27.0511    34.1348    27.0519    1472.09    1472.09     4.4371  1028.3773    34.2967 0.0000e+00
      11793 292.352898 -9.990e-29  -55.96228      0.942    1480.02    287.000    284.469     4.4409     4.4412     0.0003     4.4199     4.4202     0.0003   3.234409   3.234214  -0.000191    34.1362    34.1336     6.3176    27.0548    27.0528    34.1350    27.0539    1472.04    1472.04     4.4199  1028.3836    34.2963 0.0000e+00
      11822 292.352911 -9.990e-29  -55.96227      0.839    1480.02    288.000    285.459     4.4273     4.4270    -0.0003     4.4063     4.4060    -0.0003   3.233106   3.232902  -0.000207    34.1349    34.1328     6.3230    27.0553    27.0536    34.1332    27.0540    1471.99    1471.99     4.4062  1028.3884    34.2945 0.0000e+00
      11846 292.352923 -9.990e-29  -55.96226      0.924    1480.02    289.000    286.450     4.4085     4.4086     0.0000     4.3875     4.3875     0.0000   3.231325   3.231131  -0.000186    34.1338    34.1316     6.3233    27.0564    27.0547    34.1312    27.0544    1471.93    1471.93     4.3874  1028.3936    34.2925 0.0000e+00
      11867 292.352933 -9.990e-29  -55.96226      1.062    1479.99    290.000    287.440     4.3892     4.3888    -0.0004     4.3682     4.3677    -0.0004   3.229507   3.229258  -0.000252    34.1326    34.1301     6.3308    27.0575    27.0556    34.1293    27.0550    1471.86    1471.86     4.3681  1028.3989    34.2906 0.0000e+00
      11888 292.352943 -9.990e-29  -55.96226      1.127 -9.990e-29    291.000    288.431     4.3740     4.3745     0.0004     4.3529     4.3533     0.0004   3.228092   3.228033  -0.000073    34.1301    34.1287     6.3440    27.0572    27.0561    34.1279    27.0555    1471.82    1471.82     4.3528  1028.4042    34.2892 0.0000e+00
