Pos-Processados/pos_process42/Dados/doperantar42_011.cnv
* Sea-Bird SBE 9 Data File:
* FileName = C:\Users\Hidrografia\Desktop\OPXLII\Brutos\OP42011.hdr
* Software Version Seasave V 7.26.7.107
* Temperature SN = 6502
* Conductivity SN = 4998
* Number of Bytes Per Scan = 31
* Number of Voltage Words = 2
* Number of Scans Averaged by the Deck Unit = 1
* NMEA Latitude = 45 08.67 S
* NMEA Longitude = 055 57.85 W
* NMEA UTC (Time) = Oct 19 2023 08:19:59
* NMEA baud rate = 4800
** H41
** NPOALTEMAXIMIANO
** NUMERO DA ESTACAO (XXX) 011
** LAT (XX XX.XX S/N) 45 5.419 S
** LONG (XXX XX.XX W/E) 055 57.980 W
** DATAHORA (dd/mm/aaaa hh:mm Z) 19/10/2023 0819Z
** PROFUNDIDADE (m) 5475
** OPERADOR CT FILIPE LOPES
# nquan = 30
# nvalues = 1014                        
# units = specified
# name 0 = scan: Scan Count
# name 1 = timeJ: Julian Days
# name 2 = latitude: Latitude [deg]
# name 3 = longitude: Longitude [deg]
# name 4 = dz/dtM: Descent Rate [m/s]
# name 5 = avgsvCM: Average Sound Velocity [Chen-Millero, m/s]
# name 6 = prDM: Pressure, Digiquartz [db]
# name 7 = depSM: Depth [salt water, m]
# name 8 = t090C: Temperature [ITS-90, deg C]
# name 9 = t190C: Temperature, 2 [ITS-90, deg C]
# name 10 = T2-T190C: Temperature Difference, 2 - 1 [ITS-90, deg C]
# name 11 = potemp090C: Potential Temperature [ITS-90, deg C]
# name 12 = potemp190C: Potential Temperature, 2 [ITS-90, deg C]
# name 13 = potemp90Cdiff: Potential Temperature, Diff, 2 - 1 [ITS-90, deg C]
# name 14 = c0S/m: Conductivity [S/m]
# name 15 = c1S/m: Conductivity, 2 [S/m]
# name 16 = C2-C1S/m: Conductivity Difference, 2 - 1 [S/m]
# name 17 = sal00: Salinity, Practical [PSU]
# name 18 = sal11: Salinity, Practical, 2 [PSU]
# name 19 = sbeox0ML/L: Oxygen, SBE 43 [ml/l]
# name 20 = sigma-é00: Density [sigma-theta, kg/m^3]
# name 21 = sigma-é11: Density, 2 [sigma-theta, kg/m^3]
# name 22 = sal00: Salinity, Practical [PSU]
# name 23 = sigma-é00: Density [sigma-theta, kg/m^3]
# name 24 = svCM: Sound Velocity [Chen-Millero, m/s]
# name 25 = svCM1: Sound Velocity, 2 [Chen-Millero, m/s]
# name 26 = gsw_ptA0: potential temperature [ITS-90, deg C]
# name 27 = gsw_densityA0: density, TEOS-10 [density, kg/m^3]
# name 28 = gsw_saA0: Absolute Salinity [g/kg]
# name 29 = flag:
# span 0 =       2691,      33106       
# span 1 = 292.348508, 292.363176       
# span 2 =  -45.14781,  -45.14486       
# span 3 =  -55.96379,  -55.95854       
# span 4 =     -0.242,      1.328       
# span 5 =       0.00,    1497.14       
# span 6 =      2.000,   1015.000       
# span 7 =      1.956,   1004.297       
# span 8 =     2.7695,    12.3872       
# span 9 =     2.7704,    12.3883       
# span 10 =    -0.0198,     0.0485      
# span 11 =     2.7025,    12.3814      
# span 12 =     2.7034,    12.3825      
# span 13 =    -0.0197,     0.0485      
# span 14 =   3.125315,   4.051385      
# span 15 =   3.125333,   4.051603      
# span 16 =  -0.008636,   0.002639      
# span 17 =    34.0772,    35.1154      
# span 18 =    34.0786,    35.1151      
# span 19 =     4.0865,     6.7359      
# span 20 =    26.5169,    27.4706      
# span 21 =    26.5179,    27.4702      
# span 22 =    34.0665,    35.1201      
# span 23 =    26.5170,    27.4707      
# span 24 =    1471.02,    1499.02      
# span 25 =    1471.02,    1499.02      
# span 26 =     2.7024,    12.3814      
# span 27 =  1026.5325,  1032.1792      
# span 28 =    34.2276,    35.2861      
# span 29 = 0.0000e+00, 0.0000e+00      
# interval = decibars: 1                
# start_time = Oct 19 2023 08:19:59 [NMEA time, header]
# bad_flag = -9.990e-29
*END*
[from data line 677]
      21960 292.357800  -45.14676 -9.990e-29      1.052 -9.990e-29    679.000    672.377     2.9861     2.9868     0.0008     2.9421     2.9429     0.0008   3.131557   3.131614   0.000058    34.2209    34.2207     5.3646    27.2683    27.2681    34.2220    27.2692    1472.47    1472.47     2.9420  1030.4281    34.3860 0.0000e+00
      21981 292.357811  -45.14676  -55.96046      1.092    1474.94    680.000    673.366     2.9864     2.9872     0.0008     2.9423     2.9431     0.0008   3.131727   3.131753   0.000027    34.2224    34.2219     5.3521    27.2696    27.2691    34.2232    27.2702    1472.49    1472.49     2.9423  1030.4338    34.3874 0.0000e+00
      22004 292.357822  -45.14676  -55.96046      1.093    1474.93    681.000    674.355     2.9859     2.9866     0.0008     2.9418     2.9425     0.0008   3.131751   3.131759   0.000008    34.2229    34.2222     5.3318    27.2700    27.2693    34.2234    27.2704    1472.50    1472.51     2.9417  1030.4387    34.3877 0.0000e+00
      22028 292.357833  -45.14676  -55.96046      1.040    1474.93    682.000    675.343     2.9851     2.9859     0.0008     2.9409     2.9417     0.0008   3.131741   3.131760   0.000019    34.2231    34.2225     5.3092    27.2703    27.2697    34.2236    27.2707    1472.52    1472.52     2.9408  1030.4436    34.3879 0.0000e+00
      22053 292.357845  -45.14676  -55.96045      0.960    1474.93    683.000    676.332     2.9834     2.9842     0.0007     2.9392     2.9399     0.0007   3.131673   3.131671 3.1322e-07    34.2238    34.2231     5.2997    27.2710    27.2703    34.2240    27.2711    1472.53    1472.53     2.9391  1030.4487    34.3883 0.0000e+00
      22079 292.357858  -45.14676  -55.96044      0.919    1474.93    684.000    677.320     2.9771     2.9777     0.0006     2.9328     2.9334     0.0006   3.131247   3.131209  -0.000038    34.2254    34.2243     5.2988    27.2728    27.2718    34.2250    27.2725    1472.52    1472.52     2.9327  1030.4548    34.3893 0.0000e+00
      22105 292.357870  -45.14677  -55.96044      0.940    1474.93    685.000    678.309     2.9707     2.9714     0.0008     2.9264     2.9271     0.0008   3.130785   3.130771  -0.000016    34.2259    34.2249     5.2994    27.2738    27.2729    34.2257    27.2736    1472.51    1472.51     2.9263  1030.4606    34.3899 0.0000e+00
      22130 292.357882  -45.14678  -55.96044      0.960    1474.93    686.000    679.298     2.9699     2.9706     0.0008     2.9255     2.9262     0.0008   3.130734   3.130752   0.000016    34.2255    34.2249     5.2949    27.2735    27.2729    34.2254    27.2734    1472.52    1472.52     2.9254  1030.4651    34.3896 0.0000e+00
      22156 292.357895  -45.14678  -55.96044      0.932    1474.93    687.000    680.286     2.9695     2.9702     0.0007     2.9250     2.9258     0.0007   3.130751   3.130765   0.000021    34.2255    34.2249     5.2881    27.2735    27.2731    34.2254    27.2735    1472.54    1472.54     2.9250  1030.4698    34.3897 0.0000e+00
      22182 292.357907  -45.14678  -55.96044      0.914    1474.93    688.000    681.275     2.9681     2.9688     0.0007     2.9236     2.9243     0.0007   3.130764   3.130773   0.000004    34.2266    34.2259     5.2936    27.2746    27.2739    34.2266    27.2745    1472.55    1472.55     2.9235  1030.4754    34.3907 0.0000e+00
      22206 292.357919  -45.14678 -9.990e-29      0.955    1474.93    689.000    682.263     2.9700     2.9711     0.0010     2.9254     2.9265     0.0010   3.131031   3.131096   0.000068    34.2270    34.2267     5.2886    27.2747    27.2744    34.2272    27.2749    1472.57    1472.58     2.9254  1030.4803    34.3913 0.0000e+00
      22228 292.357930  -45.14678 -9.990e-29      1.039    1474.93    690.000    683.252     2.9697     2.9705     0.0008     2.9250     2.9258     0.0008   3.131119   3.131143   0.000029    34.2281    34.2275     5.2814    27.2756    27.2751    34.2281    27.2757    1472.59    1472.59     2.9249  1030.4857    34.3923 0.0000e+00
      22251 292.357941  -45.14678 -9.990e-29      1.080    1474.93    691.000    684.240     2.9685     2.9692     0.0007     2.9238     2.9245     0.0007   3.131220   3.131233   0.000013    34.2301    34.2296     5.2782    27.2774    27.2768    34.2300    27.2773    1472.60    1472.61     2.9237  1030.4919    34.3942 0.0000e+00
      22275 292.357953  -45.14678  -55.96042      1.021    1474.93    692.000    685.229     2.9673     2.9680     0.0008     2.9225     2.9232     0.0008   3.131269   3.131290   0.000019    34.2313    34.2306     5.2727    27.2784    27.2778    34.2314    27.2785    1472.62    1472.62     2.9224  1030.4978    34.3957 0.0000e+00
      22302 292.357965  -45.14678  -55.96040      0.923    1474.93    693.000    686.218     2.9702     2.9710     0.0008     2.9253     2.9261     0.0008   3.131730   3.131800   0.000070    34.2331    34.2331     5.2645    27.2796    27.2795    34.2334    27.2799    1472.65    1472.65     2.9252  1030.5038    34.3978 0.0000e+00
      22331 292.357979  -45.14680  -55.96040      0.852    1474.93    694.000    687.206     2.9727     2.9735     0.0009     2.9277     2.9285     0.0009   3.132108   3.132160   0.000051    34.2345    34.2342     5.2562    27.2805    27.2802    34.2348    27.2808    1472.68    1472.68     2.9276  1030.5093    34.3992 0.0000e+00
      22361 292.357994  -45.14680  -55.96040      0.810    1474.93    695.000    688.195     2.9742     2.9750     0.0008     2.9292     2.9300     0.0008   3.132418   3.132470   0.000050    34.2362    34.2359     5.2378    27.2817    27.2815    34.2364    27.2819    1472.70    1472.71     2.9291  1030.5150    34.4008 0.0000e+00
      22387 292.358006  -45.14680  -55.96040      0.869    1474.93    696.000    689.184     2.9739     2.9747     0.0008     2.9287     2.9295     0.0008   3.132551   3.132579   0.000028    34.2377    34.2372     5.2226    27.2830    27.2825    34.2379    27.2831    1472.72    1472.72     2.9287  1030.5208    34.4023 0.0000e+00
      22410 292.358017  -45.14680  -55.96039      0.976    1474.93    697.000    690.172     2.9745     2.9755     0.0009     2.9293     2.9302     0.0009   3.132692   3.132716   0.000022    34.2381    34.2374     5.2150    27.2833    27.2826    34.2384    27.2834    1472.74    1472.74     2.9292  1030.5257    34.4028 0.0000e+00
      22432 292.358028  -45.14680  -55.96038      1.060    1474.93    698.000    691.161     2.9781     2.9791     0.0011     2.9328     2.9338     0.0011   3.133105   3.133171   0.000065    34.2385    34.2382     5.2087    27.2832    27.2829    34.2391    27.2837    1472.77    1472.78     2.9327  1030.5306    34.4035 0.0000e+00
      22454 292.358039  -45.14680  -55.96038      1.103    1474.93    699.000    692.149     2.9788     2.9797     0.0009     2.9334     2.9343     0.0009   3.133268   3.133274   0.000010    34.2395    34.2388     5.1921    27.2840    27.2833    34.2397    27.2842    1472.79    1472.79     2.9334  1030.5356    34.4042 0.0000e+00
      22477 292.358050  -45.14680  -55.96038      1.085    1474.93    700.000    693.138     2.9781     2.9789     0.0008     2.9327     2.9335     0.0008   3.133303   3.133326   0.000022    34.2401    34.2395     5.1834    27.2845    27.2840    34.2404    27.2848    1472.81    1472.81     2.9326  1030.5408    34.4047 0.0000e+00
      22502 292.358062  -45.14680 -9.990e-29      0.992    1474.93    701.000    694.126     2.9786     2.9794     0.0008     2.9331     2.9338     0.0008   3.133513   3.133542   0.000030    34.2418    34.2413     5.1791    27.2859    27.2854    34.2420    27.2860    1472.83    1472.83     2.9330  1030.5465    34.4062 0.0000e+00
      22529 292.358075  -45.14681 -9.990e-29      0.907    1474.93    702.000    695.115     2.9754     2.9762     0.0008     2.9298     2.9306     0.0008   3.133370   3.133372   0.000004    34.2431    34.2423     5.1805    27.2872    27.2865    34.2430    27.2871    1472.83    1472.83     2.9298  1030.5523    34.4073 0.0000e+00
      22554 292.358087  -45.14682 -9.990e-29      0.915    1474.93    703.000    696.103     2.9721     2.9728     0.0007     2.9265     2.9272     0.0007   3.133141   3.133121  -0.000018    34.2437    34.2428     5.1769    27.2880    27.2871    34.2432    27.2876    1472.83    1472.84     2.9264  1030.5574    34.4075 0.0000e+00
      22580 292.358099  -45.14682  -55.96036      0.950    1474.93    704.000    697.092     2.9656     2.9664     0.0008     2.9200     2.9207     0.0008   3.132657   3.132634  -0.000026    34.2442    34.2431     5.1688    27.2890    27.2880    34.2437    27.2885    1472.82    1472.82     2.9199  1030.5632    34.4081 0.0000e+00
      22607 292.358112  -45.14682  -55.96035      0.919    1474.93    705.000    698.080     2.9596     2.9602     0.0006     2.9139     2.9145     0.0006   3.132222   3.132180  -0.000041    34.2449    34.2437     5.1622    27.2900    27.2890    34.2442    27.2895    1472.81    1472.82     2.9138  1030.5690    34.4087 0.0000e+00
      22636 292.358126  -45.14682  -55.96034      0.840    1474.93    706.000    699.069     2.9550     2.9559     0.0008     2.9093     2.9101     0.0008   3.131846   3.131839  -0.000007    34.2447    34.2438     5.1582    27.2903    27.2895    34.2439    27.2897    1472.81    1472.81     2.9092  1030.5739    34.4084 0.0000e+00
      22665 292.358140  -45.14682  -55.96034      0.823    1474.93    707.000    700.057     2.9514     2.9520     0.0006     2.9057     2.9062     0.0006   3.131578   3.131542  -0.000033    34.2446    34.2435     5.1547    27.2905    27.2896    34.2439    27.2900    1472.81    1472.81     2.9056  1030.5789    34.4084 0.0000e+00
      22691 292.358153  -45.14684  -55.96034      0.882    1474.93    708.000    701.046     2.9500     2.9507     0.0008     2.9041     2.9049     0.0008   3.131475   3.131485   0.000009    34.2443    34.2436     5.1508    27.2904    27.2898    34.2437    27.2900    1472.82    1472.82     2.9041  1030.5835    34.4082 0.0000e+00
      22718 292.358166  -45.14684  -55.96034      0.912    1474.93    709.000    702.034     2.9491     2.9498     0.0008     2.9032     2.9039     0.0007   3.131445   3.131458   0.000009    34.2442    34.2435     5.1529    27.2905    27.2899    34.2437    27.2901    1472.84    1472.84     2.9031  1030.5882    34.4082 0.0000e+00
      22747 292.358180  -45.14684  -55.96033      0.850    1474.93    710.000    703.022     2.9483     2.9490     0.0008     2.9023     2.9031     0.0008   3.131435   3.131446   0.000019    34.2443    34.2436     5.1532    27.2906    27.2901    34.2439    27.2903    1472.85    1472.85     2.9022  1030.5931    34.4084 0.0000e+00
      22775 292.358193  -45.14684  -55.96032      0.834    1474.93    711.000    704.011     2.9476     2.9483     0.0008     2.9015     2.9023     0.0008   3.131412   3.131416   0.000003    34.2443    34.2435     5.1519    27.2907    27.2900    34.2439    27.2904    1472.86    1472.86     2.9015  1030.5978    34.4084 0.0000e+00
      22801 292.358206  -45.14684  -55.96032      0.894    1474.93    712.000    705.000     2.9461     2.9469     0.0008     2.9000     2.9008     0.0008   3.131335   3.131342   0.000006    34.2444    34.2437     5.1480    27.2909    27.2902    34.2440    27.2906    1472.87    1472.87     2.8999  1030.6026    34.4085 0.0000e+00
      22824 292.358217  -45.14684  -55.96032      0.989    1474.93    713.000    705.988     2.9446     2.9454     0.0007     2.8985     2.8992     0.0007   3.131243   3.131243  -0.000003    34.2443    34.2435     5.1438    27.2910    27.2903    34.2439    27.2906    1472.88    1472.88     2.8984  1030.6073    34.4084 0.0000e+00
      22848 292.358229  -45.14684  -55.96031      1.015    1474.93    714.000    706.977     2.9445     2.9453     0.0008     2.8983     2.8991     0.0008   3.131319   3.131352   0.000029    34.2445    34.2440     5.1436    27.2911    27.2907    34.2444    27.2911    1472.90    1472.90     2.8982  1030.6124    34.4090 0.0000e+00
      22874 292.358241  -45.14684  -55.96030      0.955    1474.93    715.000    707.965     2.9462     2.9472     0.0010     2.8999     2.9008     0.0010   3.131616   3.131650   0.000036    34.2458    34.2453     5.1430    27.2920    27.2915    34.2457    27.2920    1472.92    1472.93     2.8998  1030.6179    34.4103 0.0000e+00
      22903 292.358255  -45.14686  -55.96030      0.866    1474.93    716.000    708.954     2.9465     2.9473     0.0008     2.9001     2.9009     0.0008   3.131690   3.131709   0.000019    34.2459    34.2453     5.1504    27.2921    27.2915    34.2457    27.2919    1472.94    1472.95     2.9001  1030.6224    34.4103 0.0000e+00
      22933 292.358270  -45.14686  -55.96030      0.798    1474.93    717.000    709.942     2.9461     2.9469     0.0008     2.8997     2.9005     0.0008   3.131750   3.131777   0.000025    34.2464    34.2459     5.1448    27.2925    27.2921    34.2464    27.2925    1472.96    1472.96     2.8996  1030.6276    34.4109 0.0000e+00
      22967 292.358286  -45.14686  -55.96029      0.719    1474.93    718.000    710.931     2.9472     2.9481     0.0008     2.9007     2.9015     0.0008   3.131931   3.131968   0.000037    34.2468    34.2464     5.1416    27.2928    27.2924    34.2468    27.2928    1472.98    1472.98     2.9006  1030.6325    34.4114 0.0000e+00
      22999 292.358301  -45.14686  -55.96028      0.735    1474.93    719.000    711.919     2.9496     2.9505     0.0010     2.9029     2.9039     0.0009   3.132250   3.132329   0.000076    34.2474    34.2473     5.1373    27.2930    27.2928    34.2477    27.2933    1473.01    1473.01     2.9029  1030.6376    34.4123 0.0000e+00
      23025 292.358314  -45.14686  -55.96028      0.858    1474.93    720.000    712.907     2.9560     2.9573     0.0013     2.9093     2.9106     0.0013   3.133062   3.133209   0.000141    34.2492    34.2494     5.1326    27.2939    27.2940    34.2503    27.2948    1473.05    1473.06     2.9092  1030.6435    34.4149 0.0000e+00
      23049 292.358325  -45.14686  -55.96028      0.972    1474.93    721.000    713.896     2.9620     2.9629     0.0008     2.9152     2.9160     0.0008   3.133833   3.133918   0.000095    34.2520    34.2523     5.1250    27.2956    27.2958    34.2527    27.2962    1473.10    1473.10     2.9151  1030.6494    34.4173 0.0000e+00
      23071 292.358336  -45.14686  -55.96028      1.042    1474.93    722.000    714.884     2.9636     2.9643     0.0008     2.9166     2.9174     0.0008   3.134123   3.134159   0.000035    34.2534    34.2529     5.1211    27.2966    27.2962    34.2541    27.2971    1473.12    1473.13     2.9166  1030.6549    34.4187 0.0000e+00
      23092 292.358346  -45.14686  -55.96026      1.095    1474.93    723.000    715.873     2.9659     2.9668     0.0009     2.9189     2.9198     0.0009   3.134565   3.134619   0.000053    34.2557    34.2553     5.1146    27.2982    27.2979    34.2564    27.2988    1473.15    1473.16     2.9188  1030.6612    34.4210 0.0000e+00
      23114 292.358357  -45.14686  -55.96026      1.129    1474.93    724.000    716.861     2.9668     2.9675     0.0008     2.9197     2.9205     0.0008   3.134763   3.134788   0.000028    34.2569    34.2564     5.1023    27.2991    27.2987    34.2573    27.2995    1473.18    1473.18     2.9196  1030.6664    34.4220 0.0000e+00
      23137 292.358368  -45.14686  -55.96026      1.084    1474.93    725.000    717.849     2.9670     2.9678     0.0008     2.9199     2.9207     0.0008   3.134851   3.134864   0.000014    34.2573    34.2566     5.0874    27.2994    27.2988    34.2577    27.2997    1473.19    1473.20     2.9198  1030.6713    34.4223 0.0000e+00
      23166 292.358382  -45.14688  -55.96026      0.905    1474.93    726.000    718.838     2.9670     2.9677     0.0008     2.9198     2.9205     0.0008   3.134894   3.134899   0.000005    34.2574    34.2567     5.0724    27.2995    27.2989    34.2577    27.2997    1473.21    1473.21     2.9197  1030.6759    34.4223 0.0000e+00
