Pos-Processados/pos_process42/Dados/doperantar42_009.cnv
* Sea-Bird SBE 9 Data File:
* FileName = C:\Users\Hidrografia\Desktop\OPXLII\Brutos\OP42009.hdr
* Software Version Seasave V 7.26.7.107
* Temperature SN = 6502
* Conductivity SN = 4998
* Number of Bytes Per Scan = 31
* Number of Voltage Words = 2
* Number of Scans Averaged by the Deck Unit = 1
* NMEA Latitude = 43 19.24 S
* NMEA Longitude = 055 32.42 W
* NMEA UTC (Time) = Oct 18 2023 16:32:08
* NMEA baud rate = 4800
** H41
** NPOALTEMAXIMIANO
** NUMERO DA ESTACAO (XXX) 009
** LAT (XX XX.XX S/N) 43 19.058 S
** LONG (XXX XX.XX W/E) 055 32.32 W
** DATAHORA (dd/mm/aaaa hh:mm Z) 18/10/2023 1631Z
** PROFUNDIDADE (m) 5145
** OPERADOR CT FABIREZA
# nquan = 30
# nvalues = 1011                        
# units = specified
# name 0 = scan: Scan Count
# name 1 = timeJ: Julian Days
# name 2 = latitude: Latitude [deg]
# name 3 = longitude: Longitude [deg]
# name 4 = dz/dtM: Descent Rate [m/s]
# name 5 = avgsvCM: Average Sound Velocity [Chen-Millero, m/s]
# name 6 = prDM: Pressure, Digiquartz [db]
# name 7 = depSM: Depth [salt water, m]
# name 8 = t090C: Temperature [ITS-90, deg C]
# name 9 = t190C: Temperature, 2 [ITS-90, deg C]
# name 10 = T2-T190C: Temperature Difference, 2 - 1 [ITS-90, deg C]
# name 11 = potemp090C: Potential Temperature [ITS-90, deg C]
# name 12 = potemp190C: Potential Temperature, 2 [ITS-90, deg C]
# name 13 = potemp90Cdiff: Potential Temperature, Diff, 2 - 1 [ITS-90, deg C]
# name 14 = c0S/m: Conductivity [S/m]
# name 15 = c1S/m: Conductivity, 2 [S/m]
# name 16 = C2-C1S/m: Conductivity Difference, 2 - 1 [S/m]
# name 17 = sal00: Salinity, Practical [PSU]
# name 18 = sal11: Salinity, Practical, 2 [PSU]
# name 19 = sbeox0ML/L: Oxygen, SBE 43 [ml/l]
# name 20 = sigma-é00: Density [sigma-theta, kg/m^3]
# name 21 = sigma-é11: Density, 2 [sigma-theta, kg/m^3]
# name 22 = sal00: Salinity, Practical [PSU]
# name 23 = sigma-é00: Density [sigma-theta, kg/m^3]
# name 24 = svCM: Sound Velocity [Chen-Millero, m/s]
# name 25 = svCM1: Sound Velocity, 2 [Chen-Millero, m/s]
# name 26 = gsw_ptA0: potential temperature [ITS-90, deg C]
# name 27 = gsw_densityA0: density, TEOS-10 [density, kg/m^3]
# name 28 = gsw_saA0: Absolute Salinity [g/kg]
# name 29 = flag:
# span 0 =       2274,      32584       
# span 1 = 291.690078, 291.704695       
# span 2 =  -43.32692,  -43.32119       
# span 3 =  -55.54259,  -55.54074       
# span 4 =   -257.411,    275.082       
# span 5 =       0.00,    1500.22       
# span 6 =      2.000,   1012.000       
# span 7 =      1.989,   1001.497       
# span 8 =     3.1007,    12.9848       
# span 9 =     3.1018,    12.9802       
# span 10 =    -0.0193,     0.0283      
# span 11 =     3.0314,    12.9845      
# span 12 =     3.0325,    12.9799      
# span 13 =    -0.0192,     0.0283      
# span 14 =   3.155640,   4.119052      
# span 15 =   3.155688,   4.692073      
# span 16 =  -0.004584,   0.005638      
# span 17 =    34.1333,    35.2398      
# span 18 =    34.1331,    35.2405      
# span 19 =     4.5626,     6.2250      
# span 20 =    26.5715,    27.3461      
# span 21 =    26.5725,    27.3458      
# span 22 =    34.1321,    38.0663      
# span 23 =    26.5693,    29.4243      
# span 24 =    1474.95,    1500.53      
# span 25 =    1474.95,    1506.99      
# span 26 =     3.0313,    12.9845      
# span 27 =  1026.5864,  1032.0327      
# span 28 =    34.2948,    38.2462      
# span 29 = 0.0000e+00, 0.0000e+00      
# interval = decibars: 1                
# start_time = Oct 18 2023 16:32:08 [NMEA time, header]
# bad_flag = -9.990e-29
*END*
[from data line 49]
       3957 291.690889  -43.32154  -55.54097      0.851    1499.84     51.000     50.588    12.7429    12.7438     0.0009    12.7360    12.7369     0.0009   4.098774   4.098889   0.000115    35.2395    35.2397     5.7825    26.6313    26.6314    35.2394    26.6313    1500.46    1500.47    12.7360  1026.8618    35.4059 0.0000e+00
       3985 291.690903  -43.32154  -55.54098      0.856    1499.84     52.000     51.579    12.7412    12.7425     0.0013    12.7342    12.7355     0.0013   4.098616   4.098782   0.000162    35.2391    35.2394     5.7927    26.6314    26.6314    35.2390    26.6314    1500.47    1500.48    12.7342  1026.8663    35.4055 0.0000e+00
       4012 291.690916  -43.32156  -55.54098      0.874    1499.84     53.000     52.571    12.7407    12.7415     0.0008    12.7335    12.7343     0.0008   4.098565   4.098696   0.000124    35.2388    35.2392     5.7996    26.6313    26.6315    35.2386    26.6312    1500.49    1500.49    12.7335  1026.8705    35.4051 0.0000e+00
       4037 291.690928  -43.32156  -55.54098      0.917    1499.84     54.000     53.563    12.7397    12.7408     0.0011    12.7324    12.7335     0.0011   4.098485   4.098668   0.000175    35.2385    35.2391     5.7823    26.6313    26.6316    35.2383    26.6312    1500.50    1500.51    12.7323  1026.8750    35.4048 0.0000e+00
       4063 291.690940  -43.32156  -55.54098      0.948    1499.84     55.000     54.555    12.7397    12.7406     0.0009    12.7322    12.7332     0.0009   4.098508   4.098682   0.000181    35.2381    35.2389     5.7851    26.6310    26.6315    35.2381    26.6311    1500.52    1500.52    12.7322  1026.8793    35.4046 0.0000e+00
       4092 291.690954  -43.32157 -9.990e-29      0.882    1499.84     56.000     55.546    12.7375    12.7382     0.0007    12.7299    12.7306     0.0007   4.098352   4.098418   0.000089    35.2383    35.2385     5.7956    26.6317    26.6317    35.2382    26.6316    1500.53    1500.53    12.7299  1026.8842    35.4046 0.0000e+00
       4126 291.690971  -43.32158 -9.990e-29      0.718    1499.84     57.000     56.538    12.7322    12.7316    -0.0006    12.7245    12.7239    -0.0006   4.097789   4.097659  -0.000112    35.2379    35.2374     5.8058    26.6325    26.6322    35.2373    26.6320    1500.52    1500.52    12.7245  1026.8890    35.4037 0.0000e+00
       4161 291.690988  -43.32158  -55.54100      0.680    1499.84     58.000     57.530    12.7235    12.7246     0.0011    12.7156    12.7168     0.0011   4.096889   4.096913 -7.025e-07    35.2372    35.2361     5.7941    26.6336    26.6326    35.2364    26.6330    1500.51    1500.51    12.7157  1026.8946    35.4028 0.0000e+00
       4190 291.691002 -9.990e-29  -55.54100      0.782    1499.84     59.000     58.522    12.7210    12.7219     0.0010    12.7130    12.7140     0.0010   4.096518   4.096660   0.000129    35.2353    35.2356     5.7991    26.6327    26.6327    35.2348    26.6323    1500.52    1500.52    12.7130  1026.8983    35.4013 0.0000e+00
       4216 291.691014 -9.990e-29  -55.54100      0.889    1499.84     60.000     59.513    12.7200    12.7219     0.0019    12.7119    12.7138     0.0019   4.096483   4.096707   0.000217    35.2352    35.2356     5.7963    26.6329    26.6327    35.2349    26.6326    1500.53    1500.54    12.7119  1026.9031    35.4014 0.0000e+00
       4242 291.691027 -9.990e-29  -55.54101      0.924    1499.84     61.000     60.505    12.7132    12.7122    -0.0010    12.7050    12.7040    -0.0010   4.095838   4.095526  -0.000267    35.2359    35.2343     5.7861    26.6348    26.6337    35.2346    26.6337    1500.52    1500.52    12.7050  1026.9087    35.4011 0.0000e+00
       4269 291.691040  -43.32160  -55.54102      0.899    1499.84     62.000     61.497    12.6948    12.6926    -0.0022    12.6865    12.6842    -0.0022   4.093815   4.093176  -0.000617    35.2348    35.2309     5.7856    26.6376    26.6350    35.2319    26.6353    1500.47    1500.46    12.6865  1026.9147    35.3984 0.0000e+00
       4296 291.691053  -43.32162  -55.54102      0.890    1499.84     63.000     62.488    12.6738    12.6745     0.0007    12.6653    12.6660     0.0007   4.091414   4.091160  -0.000295    35.2298    35.2263     5.7693    26.6379    26.6351    35.2281    26.6366    1500.42    1500.41    12.6653  1026.9205    35.3946 0.0000e+00
       4322 291.691065  -43.32162  -55.54102      0.916    1499.84     64.000     63.481    12.6740    12.6746     0.0006    12.6654    12.6660     0.0006   4.091098   4.091207   0.000098    35.2255    35.2259     5.7718    26.6346    26.6347    35.2244    26.6337    1500.43    1500.43    12.6653  1026.9221    35.3909 0.0000e+00
       4348 291.691078  -43.32162  -55.54102      0.935    1499.84     65.000     64.472    12.6737    12.6743     0.0007    12.6649    12.6656     0.0007   4.091092   4.091226   0.000135    35.2251    35.2258     5.7788    26.6343    26.6347    35.2242    26.6336    1500.44    1500.45    12.6649  1026.9264    35.3906 0.0000e+00
       4381 291.691094  -43.32162  -55.54102      0.780    1499.84     66.000     65.464    12.6723    12.6730     0.0006    12.6635    12.6641     0.0006   4.090959   4.091114   0.000139    35.2248    35.2256     5.7907    26.6344    26.6349    35.2237    26.6336    1500.46    1500.46    12.6635  1026.9311    35.3907 0.0000e+00
       4424 291.691114 -9.990e-29 -9.990e-29      0.552    1499.84     67.000     66.456    12.6687    12.6683    -0.0004    12.6597    12.6593    -0.0004   4.090554   4.090560   0.000026    35.2240    35.2246     5.7845    26.6345    26.6351    35.2228    26.6336    1500.46    1500.46    12.6596  1026.9357    35.3898 0.0000e+00
       4458 291.691131  -43.32164  -55.54104      0.655    1499.84     68.000     67.447    12.6505    12.6484    -0.0021    12.6414    12.6393    -0.0021   4.088263   4.088079  -0.000140    35.2204    35.2210     5.7848    26.6354    26.6362    35.2173    26.6330    1500.41    1500.40    12.6414  1026.9394    35.3842 0.0000e+00
       4482 291.691142  -43.32165  -55.54104      0.877    1499.84     69.000     68.439    12.6192    12.6207     0.0015    12.6100    12.6114     0.0015   4.085067   4.084903  -0.000212    35.2183    35.2149     5.7889    26.6399    26.6369    35.2154    26.6377    1500.32    1500.32    12.6100  1026.9483    35.3819 0.0000e+00
       4503 291.691153  -43.32166  -55.54104      1.058    1499.84     70.000     69.431    12.6158    12.6163     0.0005    12.6064    12.6069     0.0005   4.084291   4.084381   0.000075    35.2129    35.2132     5.7958    26.6365    26.6366    35.2107    26.6347    1500.32    1500.32    12.6064  1026.9498    35.3771 0.0000e+00
       4525 291.691163  -43.32166  -55.54105      1.116    1499.98     71.000     70.422    12.6110    12.6085    -0.0025    12.6015    12.5990    -0.0025   4.083752   4.083521  -0.000221    35.2111    35.2113     5.7948    26.6360    26.6366    35.2096    26.6348    1500.31    1500.31    12.6015  1026.9544    35.3760 0.0000e+00
       4553 291.691177  -43.32167  -55.54106      0.958    1500.08     72.000     71.414    12.6128    12.6149     0.0021    12.6031    12.6052     0.0021   4.084001   4.084396   0.000366    35.2108    35.2124     5.7916    26.6355    26.6362    35.2098    26.6347    1500.34    1500.35    12.6031  1026.9587    35.3763 0.0000e+00
       4590 291.691194  -43.32168  -55.54106      0.683    1500.08     73.000     72.406    12.6235    12.6260     0.0026    12.6136    12.6162     0.0026   4.085304   4.085825   0.000532    35.2121    35.2148     5.7845    26.6344    26.6360    35.2120    26.6343    1500.39    1500.41    12.6136  1026.9627    35.3784 0.0000e+00
       4628 291.691213  -43.32168  -55.54106      0.613    1500.08     74.000     73.397    12.6286    12.6294     0.0007    12.6187    12.6194     0.0007   4.086126   4.086295   0.000185    35.2151    35.2162     5.7769    26.6358    26.6365    35.2146    26.6354    1500.43    1500.43    12.6187  1026.9682    35.3811 0.0000e+00
       4660 291.691228  -43.32168  -55.54106      0.718    1500.08     75.000     74.389    12.6228    12.6226    -0.0001    12.6127    12.6125    -0.0001   4.085499   4.085548   0.000037    35.2146    35.2151     5.7817    26.6365    26.6369    35.2136    26.6358    1500.43    1500.43    12.6127  1026.9731    35.3801 0.0000e+00
       4687 291.691241  -43.32170  -55.54106      0.850    1500.08     76.000     75.381    12.6208    12.6227     0.0019    12.6106    12.6125     0.0019   4.085343   4.085659   0.000287    35.2138    35.2148     5.7826    26.6363    26.6367    35.2135    26.6361    1500.44    1500.44    12.6106  1026.9778    35.3800 0.0000e+00
       4712 291.691254  -43.32170  -55.54108      0.929    1500.08     77.000     76.373    12.6359    12.6368     0.0009    12.6256    12.6265     0.0009   4.087152   4.087491   0.000361    35.2150    35.2177     5.7751    26.6343    26.6362    35.2164    26.6354    1500.51    1500.51    12.6256  1026.9815    35.3829 0.0000e+00
       4740 291.691267  -43.32170  -55.54108      0.909    1500.08     78.000     77.364    12.6348    12.6348    -0.0000    12.6243    12.6243    -0.0000   4.087251   4.087220  -0.000028    35.2187    35.2185     5.7640    26.6374    26.6372    35.2180    26.6368    1500.52    1500.52    12.6243  1026.9874    35.3845 0.0000e+00
       4770 291.691281  -43.32171  -55.54108      0.810    1500.08     79.000     78.356    12.6287    12.6294     0.0007    12.6180    12.6187     0.0007   4.086523   4.086636   0.000106    35.2167    35.2170     5.7600    26.6371    26.6372    35.2163    26.6368    1500.52    1500.52    12.6180  1026.9917    35.3826 0.0000e+00
       4800 291.691296  -43.32172 -9.990e-29      0.787    1500.08     80.000     79.348    12.6247    12.6257     0.0010    12.6139    12.6149     0.0010   4.086064   4.086216   0.000156    35.2155    35.2161     5.7654    26.6370    26.6373    35.2151    26.6367    1500.52    1500.52    12.6139  1026.9961    35.3814 0.0000e+00
       4828 291.691309  -43.32172 -9.990e-29      0.838    1500.08     81.000     80.339    12.6210    12.6221     0.0010    12.6101    12.6111     0.0010   4.085660   4.085807   0.000148    35.2150    35.2154     5.7656    26.6373    26.6375    35.2142    26.6367    1500.52    1500.53    12.6101  1027.0006    35.3806 0.0000e+00
       4858 291.691324  -43.32173  -55.54110      0.840    1500.08     82.000     81.331    12.6091    12.6093     0.0003    12.5980    12.5983     0.0003   4.084246   4.084316   0.000053    35.2127    35.2130     5.7692    26.6380    26.6381    35.2114    26.6369    1500.49    1500.49    12.5980  1027.0053    35.3777 0.0000e+00
       4890 291.691339  -43.32174  -55.54110      0.754    1500.08     83.000     82.323    12.6038    12.6048     0.0010    12.5926    12.5936     0.0010   4.083612   4.083794   0.000192    35.2108    35.2117     5.7653    26.6375    26.6380    35.2098    26.6368    1500.49    1500.49    12.5926  1027.0096    35.3763 0.0000e+00
       4921 291.691354  -43.32174  -55.54110      0.749    1500.08     84.000     83.314    12.5973    12.5975     0.0002    12.5860    12.5862     0.0002   4.082830   4.082901   0.000110    35.2091    35.2100     5.7625    26.6376    26.6382    35.2078    26.6365    1500.48    1500.49    12.5861  1027.0139    35.3743 0.0000e+00
       4950 291.691368  -43.32176  -55.54110      0.819    1500.08     85.000     84.306    12.5814    12.5809    -0.0006    12.5700    12.5694    -0.0006   4.081111   4.081032  -0.000116    35.2075    35.2069     5.7572    26.6394    26.6391    35.2057    26.6381    1500.44    1500.44    12.5700  1027.0198    35.3722 0.0000e+00
       4977 291.691381  -43.32176  -55.54110      0.875    1500.08     86.000     85.297    12.5794    12.5802     0.0007    12.5679    12.5686     0.0007   4.080832   4.080981   0.000150    35.2054    35.2061     5.7603    26.6382    26.6387    35.2045    26.6375    1500.45    1500.46    12.5679  1027.0238    35.3709 0.0000e+00
       5005 291.691395  -43.32176  -55.54111      0.862    1500.08     87.000     86.289    12.5608    12.5579    -0.0029    12.5492    12.5462    -0.0029   4.078806   4.078275  -0.000455    35.2062    35.2046     5.7608    26.6426    26.6419    35.2019    26.6392    1500.40    1500.39    12.5492  1027.0300    35.3684 0.0000e+00
       5035 291.691409  -43.32176  -55.54112      0.814    1500.08     88.000     87.281    12.5087    12.5073    -0.0014    12.4969    12.4955    -0.0014   4.073021   4.072765  -0.000316    35.1984    35.1967     5.7491    26.6468    26.6457    35.1945    26.6437    1500.23    1500.23    12.4969  1027.0390    35.3609 0.0000e+00
       5066 291.691424  -43.32178  -55.54112      0.790    1500.08     89.000     88.272    12.5000    12.5002     0.0001    12.4881    12.4883     0.0001   4.071910   4.071943   0.000031    35.1942    35.1944     5.7336    26.6453    26.6454    35.1915    26.6431    1500.22    1500.22    12.4881  1027.0428    35.3578 0.0000e+00
       5093 291.691437 -9.990e-29  -55.54112      0.844    1500.08     90.000     89.264    12.4899    12.4900     0.0002    12.4779    12.4780     0.0002   4.070827   4.070881   0.000042    35.1928    35.1930     5.7068    26.6461    26.6463    35.1901    26.6441    1500.20    1500.20    12.4778  1027.0481    35.3564 0.0000e+00
       5119 291.691450 -9.990e-29  -55.54112      0.911    1500.08     91.000     90.255    12.4806    12.4802    -0.0004    12.4685    12.4681    -0.0004   4.069758   4.069759   0.000012    35.1909    35.1913     5.6966    26.6465    26.6470    35.1880    26.6443    1500.18    1500.18    12.4685  1027.0528    35.3543 0.0000e+00
       5147 291.691463 -9.990e-29  -55.54113      0.880    1500.08     92.000     91.247    12.4649    12.4640    -0.0009    12.4526    12.4518    -0.0008   4.068111   4.067917  -0.000179    35.1896    35.1887     5.6942    26.6487    26.6481    35.1864    26.6461    1500.14    1500.14    12.4526  1027.0591    35.3526 0.0000e+00
       5182 291.691480 -9.990e-29  -55.54114      0.724    1500.08     93.000     92.239    12.4446    12.4427    -0.0020    12.4322    12.4303    -0.0020   4.065703   4.065471  -0.000212    35.1852    35.1850     5.6832    26.6493    26.6495    35.1816    26.6465    1500.09    1500.08    12.4322  1027.0639    35.3479 0.0000e+00
       5216 291.691497 -9.990e-29  -55.54114      0.681    1500.08     94.000     93.230    12.4133    12.4128    -0.0005    12.4008    12.4003    -0.0005   4.062127   4.062014  -0.000132    35.1806    35.1798     5.6992    26.6518    26.6513    35.1760    26.6482    1499.99    1499.99    12.4008  1027.0702    35.3422 0.0000e+00
       5244 291.691510 -9.990e-29  -55.54114      0.803    1500.08     95.000     94.222    12.3744    12.3733    -0.0011    12.3618    12.3607    -0.0011   4.057601   4.057424  -0.000192    35.1743    35.1735     5.6971    26.6545    26.6541    35.1682    26.6498    1499.87    1499.86    12.3618  1027.0763    35.3344 0.0000e+00
       5270 291.691523 -9.990e-29  -55.54114      0.907    1500.08     96.000     95.213    12.3549    12.3547    -0.0003    12.3422    12.3419    -0.0003   4.055322   4.055303  -0.000013    35.1681    35.1683     5.6854    26.6536    26.6537    35.1640    26.6504    1499.81    1499.81    12.3422  1027.0813    35.3302 0.0000e+00
       5297 291.691536 -9.990e-29  -55.54114      0.908    1500.08     97.000     96.205    12.3449    12.3443    -0.0006    12.3320    12.3314    -0.0006   4.054180   4.054165  -0.000021    35.1655    35.1659     5.6855    26.6536    26.6539    35.1619    26.6508    1499.79    1499.79    12.3320  1027.0862    35.3281 0.0000e+00
