Pos-Processados/pos_process42/Dados/doperantar42_045.cnv
* Sea-Bird SBE 9 Data File:
* FileName = C:\Users\Hidrografia\Desktop\OPXLII\Brutos\OP42045.hdr
* Software Version Seasave V 7.26.7.107
* Temperature SN = 6502
* Conductivity SN = 4998
* Number of Bytes Per Scan = 37
* Number of Voltage Words = 4
* Number of Scans Averaged by the Deck Unit = 1
* NMEA Latitude = 62 08.59 S
* NMEA Longitude = 058 26.59 W
* NMEA UTC (Time) = Nov 09 2023 20:07:12
* NMEA baud rate = 4800
** H41
** NPOALTEMAXIMIANO
** NUMERO DA ESTACAO (XXX) 045
** LAT (XX XX.XX S/N) 62 08.569 S
** LONG (XXX XX.XX W/E) 058 26.605 W
** DATAHORA (dd/mm/aaaa hh:mm Z) 09/11/2023 2006Z
** PROFUNDIDADE (m) 402
** OPERADOR CT FABIREZA
# nquan = 30
# nvalues = 372                         
# units = specified
# name 0 = scan: Scan Count
# name 1 = timeJ: Julian Days
# name 2 = latitude: Latitude [deg]
# name 3 = longitude: Longitude [deg]
# name 4 = dz/dtM: Descent Rate [m/s]
# name 5 = avgsvCM: Average Sound Velocity [Chen-Millero, m/s]
# name 6 = prDM: Pressure, Digiquartz [db]
# name 7 = depSM: Depth [salt water, m]
# name 8 = t090C: Temperature [ITS-90, deg C]
# name 9 = t190C: Temperature, 2 [ITS-90, deg C]
# name 10 = T2-T190C: Temperature Difference, 2 - 1 [ITS-90, deg C]
# name 11 = potemp090C: Potential Temperature [ITS-90, deg C]
# name 12 = potemp190C: Potential Temperature, 2 [ITS-90, deg C]
# name 13 = potemp90Cdiff: Potential Temperature, Diff, 2 - 1 [ITS-90, deg C]
# name 14 = c0S/m: Conductivity [S/m]
# name 15 = c1S/m: Conductivity, 2 [S/m]
# name 16 = C2-C1S/m: Conductivity Difference, 2 - 1 [S/m]
# name 17 = sal00: Salinity, Practical [PSU]
# name 18 = sal11: Salinity, Practical, 2 [PSU]
# name 19 = sbeox0ML/L: Oxygen, SBE 43 [ml/l]
# name 20 = sigma-é00: Density [sigma-theta, kg/m^3]
# name 21 = sigma-é11: Density, 2 [sigma-theta, kg/m^3]
# name 22 = sal00: Salinity, Practical [PSU]
# name 23 = sigma-é00: Density [sigma-theta, kg/m^3]
# name 24 = svCM: Sound Velocity [Chen-Millero, m/s]
# name 25 = svCM1: Sound Velocity, 2 [Chen-Millero, m/s]
# name 26 = gsw_ptA0: potential temperature [ITS-90, deg C]
# name 27 = gsw_densityA0: density, TEOS-10 [density, kg/m^3]
# name 28 = gsw_saA0: Absolute Salinity [g/kg]
# name 29 = flag:
# span 0 =       2613,      14116       
# span 1 = 313.839593, 313.845140       
# span 2 =  -62.14605,  -62.14370       
# span 3 =  -58.44308,  -58.44155       
# span 4 =     -0.202,      1.035       
# span 5 =       0.00,    1448.17       
# span 6 =      2.000,    373.000       
# span 7 =      1.976,    369.084       
# span 8 =    -0.8214,    -0.3808       
# span 9 =    -0.8203,    -0.3811       
# span 10 =    -0.0053,     0.0036      
# span 11 =    -0.8290,    -0.3938      
# span 12 =    -0.8279,    -0.3941      
# span 13 =    -0.0053,     0.0036      
# span 14 =   2.792645,   2.844280      
# span 15 =   2.792622,   2.844159      
# span 16 =  -0.000581,   0.000173      
# span 17 =    34.2765,    34.4131      
# span 18 =    34.2755,    34.4119      
# span 19 =     6.5559,     7.6471      
# span 20 =    27.5478,    27.6519      
# span 21 =    27.5469,    27.6510      
# span 22 =    34.2769,    34.4133      
# span 23 =    27.5480,    27.6521      
# span 24 =    1445.74,    1452.67      
# span 25 =    1445.74,    1452.67      
# span 26 =    -0.8288,    -0.3936      
# span 27 =  1027.5622,  1029.4338      
# span 28 =    34.4387,    34.5821      
# span 29 = 0.0000e+00, 0.0000e+00      
# interval = decibars: 1                
# start_time = Nov 09 2023 20:07:12 [NMEA time, header]
# bad_flag = -9.990e-29
*END*
[from data line 339]
      12372 313.844299  -62.14572  -58.44190      0.928    1447.43    341.000    337.450    -0.5312    -0.5319    -0.0007    -0.5425    -0.5432    -0.0007   2.827311   2.827152  -0.000151    34.3736    34.3723     6.9238    27.6268    27.6258    34.3753    27.6281    1451.39    1451.39    -0.5423  1029.2580    34.5414 0.0000e+00
      12399 313.844312  -62.14573  -58.44190      0.898    1447.43    342.000    338.439    -0.5252    -0.5245     0.0007    -0.5365    -0.5359     0.0007   2.827901   2.827869  -0.000042    34.3749    34.3736     6.9255    27.6275    27.6264    34.3758    27.6283    1451.44    1451.44    -0.5364  1029.2643    34.5438 0.0000e+00
      12425 313.844325  -62.14574  -58.44190      0.905    1447.43    343.000    339.427    -0.5229    -0.5223     0.0006    -0.5343    -0.5338     0.0006   2.828271   2.828211  -0.000057    34.3762    34.3748     6.9127    27.6285    27.6273    34.3776    27.6296    1451.47    1451.47    -0.5341  1029.2704    34.5456 0.0000e+00
      12451 313.844338  -62.14574  -58.44189      0.920    1447.43    344.000    340.416    -0.5172    -0.5166     0.0007    -0.5287    -0.5281     0.0007   2.828906   2.828884  -0.000026    34.3780    34.3770     6.9063    27.6297    27.6289    34.3791    27.6306    1451.51    1451.51    -0.5285  1029.2760    34.5471 0.0000e+00
      12478 313.844350  -62.14574  -58.44188      0.913    1447.43    345.000    341.405    -0.5170    -0.5162     0.0007    -0.5285    -0.5278     0.0007   2.829011   2.828983  -0.000027    34.3788    34.3776     6.8930    27.6304    27.6294    34.3796    27.6310    1451.53    1451.53    -0.5283  1029.2812    34.5476 0.0000e+00
      12503 313.844363  -62.14574  -58.44188      0.921    1447.64    346.000    342.394    -0.5165    -0.5158     0.0007    -0.5281    -0.5274     0.0007   2.829114   2.829077  -0.000038    34.3792    34.3779     6.8815    27.6307    27.6296    34.3799    27.6313    1451.55    1451.55    -0.5279  1029.2861    34.5479 0.0000e+00
      12529 313.844375  -62.14575  -58.44188      0.942    1447.96    347.000    343.382    -0.5163    -0.5155     0.0009    -0.5279    -0.5271     0.0009   2.829191   2.829158  -0.000031    34.3795    34.3781     6.8694    27.6309    27.6297    34.3801    27.6314    1451.57    1451.57    -0.5277  1029.2911    34.5482 0.0000e+00
      12555 313.844388  -62.14576  -58.44186      0.927    1447.97    348.000    344.371    -0.5135    -0.5135     0.0000    -0.5252    -0.5251     0.0000   2.829509   2.829431  -0.000074    34.3796    34.3786     6.8626    27.6308    27.6300    34.3806    27.6316    1451.60    1451.60    -0.5249  1029.2960    34.5486 0.0000e+00
      12581 313.844400  -62.14576  -58.44186      0.918    1447.97    349.000    345.360    -0.5097    -0.5096     0.0001    -0.5214    -0.5213     0.0001   2.829977   2.829907  -0.000070    34.3810    34.3799     6.8523    27.6318    27.6309    34.3819    27.6325    1451.63    1451.63    -0.5212  1029.3016    34.5499 0.0000e+00
      12606 313.844412  -62.14576  -58.44186      0.938    1447.97    350.000    346.349    -0.5096    -0.5091     0.0005    -0.5214    -0.5208     0.0005   2.830031   2.829980  -0.000056    34.3816    34.3802     6.8635    27.6323    27.6311    34.3820    27.6326    1451.65    1451.65    -0.5211  1029.3064    34.5500 0.0000e+00
      12631 313.844424  -62.14578  -58.44186      0.968    1447.97    351.000    347.338    -0.5104    -0.5093     0.0011    -0.5221    -0.5211     0.0011   2.830003   2.829997  -0.000009    34.3814    34.3801     6.8475    27.6322    27.6311    34.3818    27.6325    1451.66    1451.67    -0.5219  1029.3111    34.5498 0.0000e+00
      12656 313.844436  -62.14578  -58.44184      0.972    1447.97    352.000    348.326    -0.5099    -0.5087     0.0012    -0.5218    -0.5205     0.0012   2.830048   2.830088   0.000036    34.3810    34.3801     6.8419    27.6319    27.6311    34.3814    27.6321    1451.68    1451.68    -0.5215  1029.3154    34.5494 0.0000e+00
      12681 313.844448  -62.14578  -58.44184      0.962    1447.97    353.000    349.315    -0.5130    -0.5127     0.0003    -0.5249    -0.5245     0.0003   2.829796   2.829706  -0.000082    34.3807    34.3792     6.8350    27.6317    27.6305    34.3808    27.6319    1451.68    1451.68    -0.5246  1029.3199    34.5489 0.0000e+00
      12706 313.844460  -62.14578  -58.44184      0.958    1447.97    354.000    350.304    -0.5135    -0.5129     0.0005    -0.5253    -0.5248     0.0005   2.829750   2.829725  -0.000040    34.3801    34.3789     6.8387    27.6313    27.6303    34.3801    27.6313    1451.69    1451.70    -0.5251  1029.3241    34.5482 0.0000e+00
      12732 313.844473  -62.14580  -58.44182      0.940    1447.97    355.000    351.292    -0.5154    -0.5142     0.0012    -0.5273    -0.5261     0.0012   2.829658   2.829630  -0.000004    34.3801    34.3787     6.8401    27.6313    27.6302    34.3805    27.6317    1451.70    1451.71    -0.5271  1029.3293    34.5485 0.0000e+00
      12774 313.844493  -62.14580  -58.44182      0.627    1447.97    356.000    352.279    -0.5015    -0.5030    -0.0015    -0.5135    -0.5149    -0.0015   2.830885   2.830772  -0.000132    34.3799    34.3798     6.8429    27.6306    27.6306    34.3806    27.6312    1451.78    1451.78    -0.5133  1029.3304    34.5449 0.0000e+00
      12864 313.844537 -9.990e-29  -58.44181      0.240    1447.97    357.000    353.267    -0.4901    -0.4954    -0.0053    -0.5021    -0.5074    -0.0053   2.832206   2.831611  -0.000581    34.3839    34.3821     6.8283    27.6333    27.6320    34.3848    27.6340    1451.86    1451.83    -0.5019  1029.3362    34.5470 0.0000e+00
      12980 313.844592 -9.990e-29  -58.44178      0.233    1447.97    358.000    354.258    -0.4861    -0.4866    -0.0005    -0.4982    -0.4987    -0.0005   2.832707   2.832548  -0.000176    34.3860    34.3842     6.7937    27.6348    27.6334    34.3864    27.6352    1451.90    1451.89    -0.4980  1029.3419    34.5486 0.0000e+00
      13051 313.844627  -62.14586  -58.44176      0.348    1447.97    359.000    355.250    -0.4822    -0.4818     0.0003    -0.4943    -0.4940     0.0003   2.833122   2.833072  -0.000064    34.3865    34.3852     6.7936    27.6350    27.6340    34.3870    27.6354    1451.93    1451.93    -0.4941  1029.3481    34.5506 0.0000e+00
      13111 313.844656  -62.14586  -58.44175      0.404    1447.97    360.000    356.236    -0.4755    -0.4748     0.0007    -0.4877    -0.4870     0.0007   2.833828   2.833818  -0.000005    34.3875    34.3866     6.7816    27.6355    27.6348    34.3882    27.6361    1451.98    1451.98    -0.4875  1029.3571    34.5564 0.0000e+00
      13167 313.844683  -62.14586  -58.44174      0.426    1447.97    361.000    357.224    -0.4647    -0.4652    -0.0005    -0.4770    -0.4775    -0.0005   2.834955   2.834827  -0.000131    34.3894    34.3882     6.7732    27.6366    27.6357    34.3906    27.6376    1452.05    1452.05    -0.4768  1029.3607    34.5558 0.0000e+00
      13219 313.844708 -9.990e-29  -58.44174      0.470    1447.97    362.000    358.214    -0.4523    -0.4519     0.0004    -0.4647    -0.4643     0.0004   2.836380   2.836416   0.000043    34.3934    34.3936     6.7641    27.6393    27.6394    34.3951    27.6406    1452.13    1452.13    -0.4645  1029.3659    34.5573 0.0000e+00
      13265 313.844730 -9.990e-29  -58.44173      0.529    1447.97    363.000    359.202    -0.4386    -0.4390    -0.0004    -0.4510    -0.4514    -0.0004   2.837832   2.837795  -0.000040    34.3963    34.3962     6.7415    27.6410    27.6409    34.3984    27.6427    1452.22    1452.21    -0.4508  1029.3726    34.5606 0.0000e+00
      13312 313.844753 -9.990e-29  -58.44172      0.505    1447.97    364.000    360.190    -0.4239    -0.4239    -0.0001    -0.4364    -0.4365    -0.0001   2.839364   2.839324  -0.000039    34.4002    34.3997     6.7011    27.6435    27.6431    34.4017    27.6447    1452.30    1452.30    -0.4362  1029.3791    34.5639 0.0000e+00
      13366 313.844779  -62.14590  -58.44170      0.437    1447.97    365.000    361.179    -0.4208    -0.4212    -0.0004    -0.4334    -0.4338    -0.0004   2.839778   2.839635  -0.000146    34.4019    34.4004     6.6614    27.6447    27.6435    34.4032    27.6457    1452.34    1452.33    -0.4332  1029.3871    34.5682 0.0000e+00
      13418 313.844804  -62.14592  -58.44170      0.466    1447.97    366.000    362.168    -0.4160    -0.4164    -0.0004    -0.4286    -0.4290    -0.0004   2.840311   2.840190  -0.000104    34.4032    34.4022     6.6429    27.6455    27.6448    34.4043    27.6464    1452.38    1452.37    -0.4284  1029.3950    34.5725 0.0000e+00
      13462 313.844825  -62.14592  -58.44168      0.547    1447.97    367.000    363.156    -0.4116    -0.4128    -0.0011    -0.4243    -0.4255    -0.0011   2.840758   2.840624  -0.000146    34.4036    34.4030     6.6328    27.6457    27.6452    34.4047    27.6466    1452.41    1452.41    -0.4241  1029.3998    34.5729 0.0000e+00
      13501 313.844844  -62.14593  -58.44168      0.614    1447.97    368.000    364.145    -0.4044    -0.4044     0.0000    -0.4172    -0.4171     0.0000   2.841550   2.841527  -0.000026    34.4051    34.4047     6.6346    27.6466    27.6462    34.4065    27.6477    1452.47    1452.47    -0.4169  1029.4056    34.5747 0.0000e+00
      13539 313.844862  -62.14594  -58.44167      0.619    1447.97    369.000    365.133    -0.3988    -0.3986     0.0002    -0.4116    -0.4115     0.0002   2.842217   2.842174  -0.000043    34.4074    34.4066     6.6229    27.6481    27.6475    34.4085    27.6491    1452.51    1452.51    -0.4114  1029.4117    34.5768 0.0000e+00
      13582 313.844883  -62.14594  -58.44166      0.575    1447.97    370.000    366.122    -0.3947    -0.3946     0.0001    -0.4075    -0.4075     0.0001   2.842692   2.842631  -0.000063    34.4085    34.4076     6.6109    27.6489    27.6481    34.4096    27.6498    1452.55    1452.55    -0.4073  1029.4187    34.5799 0.0000e+00
      13625 313.844904  -62.14596 -9.990e-29      0.544    1447.97    371.000    367.111    -0.3901    -0.3902    -0.0002    -0.4030    -0.4031    -0.0002   2.843208   2.843136  -0.000071    34.4097    34.4089     6.5876    27.6496    27.6490    34.4107    27.6504    1452.59    1452.59    -0.4028  1029.4245    34.5815 0.0000e+00
      13669 313.844925  -62.14596  -58.44164      0.552    1447.97    372.000    368.097    -0.3855    -0.3851     0.0004    -0.3984    -0.3981     0.0004   2.843730   2.843690  -0.000041    34.4110    34.4100     6.5736    27.6505    27.6496    34.4119    27.6512    1452.63    1452.63    -0.3982  1029.4288    34.5813 0.0000e+00
      14116 313.845140  -62.14605  -58.44155      0.069    1448.17    373.000    369.084    -0.3808    -0.3811    -0.0003    -0.3938    -0.3941    -0.0003   2.844280   2.844159  -0.000117    34.4131    34.4119     6.5559    27.6519    27.6510    34.4133    27.6521    1452.67    1452.67    -0.3936  1029.4338    34.5821 0.0000e+00
