Pos-Processados/pos_process42/Dados/doperantar42_017.cnv
* Sea-Bird SBE 9 Data File:
* FileName = C:\Users\Hidrografia\Desktop\OPXLII\Brutos\OP42017.hdr
* Software Version Seasave V 7.26.7.107
* Temperature SN = 6502
* Conductivity SN = 4998
* Number of Bytes Per Scan = 37
* Number of Voltage Words = 4
* Number of Scans Averaged by the Deck Unit = 1
* NMEA Latitude = 62 11.60 S
* NMEA Longitude = 058 03.21 W
* NMEA UTC (Time) = Nov 07 2023 10:12:31
* NMEA baud rate = 4800
** H41
** NPOALTEMAXIMIANO
** NUMERO DA ESTACAO (XXX) 017
** LAT (XX XX.XX S/N) 62 11.58 S
** LONG (XXX XX.XX W/E) 058 03.19 W
** DATAHORA (dd/mm/aaaa hh:mm Z) 07/11/2023 1011Z
** PROFUNDIDADE (m) 523
** OPERADOR CT FABIREZA
# nquan = 30
# nvalues = 523                         
# units = specified
# name 0 = scan: Scan Count
# name 1 = timeJ: Julian Days
# name 2 = latitude: Latitude [deg]
# name 3 = longitude: Longitude [deg]
# name 4 = dz/dtM: Descent Rate [m/s]
# name 5 = avgsvCM: Average Sound Velocity [Chen-Millero, m/s]
# name 6 = prDM: Pressure, Digiquartz [db]
# name 7 = depSM: Depth [salt water, m]
# name 8 = t090C: Temperature [ITS-90, deg C]
# name 9 = t190C: Temperature, 2 [ITS-90, deg C]
# name 10 = T2-T190C: Temperature Difference, 2 - 1 [ITS-90, deg C]
# name 11 = potemp090C: Potential Temperature [ITS-90, deg C]
# name 12 = potemp190C: Potential Temperature, 2 [ITS-90, deg C]
# name 13 = potemp90Cdiff: Potential Temperature, Diff, 2 - 1 [ITS-90, deg C]
# name 14 = c0S/m: Conductivity [S/m]
# name 15 = c1S/m: Conductivity, 2 [S/m]
# name 16 = C2-C1S/m: Conductivity Difference, 2 - 1 [S/m]
# name 17 = sal00: Salinity, Practical [PSU]
# name 18 = sal11: Salinity, Practical, 2 [PSU]
# name 19 = sbeox0ML/L: Oxygen, SBE 43 [ml/l]
# name 20 = sigma-é00: Density [sigma-theta, kg/m^3]
# name 21 = sigma-é11: Density, 2 [sigma-theta, kg/m^3]
# name 22 = sal00: Salinity, Practical [PSU]
# name 23 = sigma-é00: Density [sigma-theta, kg/m^3]
# name 24 = svCM: Sound Velocity [Chen-Millero, m/s]
# name 25 = svCM1: Sound Velocity, 2 [Chen-Millero, m/s]
# name 26 = gsw_ptA0: potential temperature [ITS-90, deg C]
# name 27 = gsw_densityA0: density, TEOS-10 [density, kg/m^3]
# name 28 = gsw_saA0: Absolute Salinity [g/kg]
# name 29 = flag:
# span 0 =       2751,      19262       
# span 1 = 311.426685, 311.434647       
# span 2 =  -62.19711,  -62.19390       
# span 3 =  -58.05337,  -58.05208       
# span 4 =      0.007,      1.085       
# span 5 =       0.00,    1449.99       
# span 6 =      3.000,    525.000       
# span 7 =      2.983,    519.299       
# span 8 =    -0.6752,    -0.1261       
# span 9 =    -0.6746,    -0.1259       
# span 10 =    -0.0110,     0.0391      
# span 11 =    -0.6759,    -0.1418      
# span 12 =    -0.6753,    -0.1416      
# span 13 =    -0.0109,     0.0389      
# span 14 =   2.793730,   2.870394      
# span 15 =   2.793716,   2.870321      
# span 16 =  -0.000903,   0.002474      
# span 17 =    34.2666,    34.4689      
# span 18 =    34.2657,    34.4655      
# span 19 =     6.0937,     7.6606      
# span 20 =    27.5442,    27.6998      
# span 21 =    27.5435,    27.6964      
# span 22 =    34.2667,    34.4649      
# span 23 =    27.5444,    27.6970      
# span 24 =    1445.24,    1454.74      
# span 25 =    1445.24,    1454.75      
# span 26 =    -0.6759,    -0.1416      
# span 27 =  1027.5622,  1030.1999      
# span 28 =    34.4303,    34.6328      
# span 29 = 0.0000e+00, 0.0000e+00      
# interval = decibars: 1                
# start_time = Nov 07 2023 10:12:31 [NMEA time, header]
# bad_flag = -9.990e-29
*END*
[from data line 97]
       6094 311.428297  -62.19454  -58.05316      0.865    1445.92    100.000     99.016    -0.6458    -0.6454     0.0003    -0.6488    -0.6484     0.0003   2.801911   2.801839  -0.000069    34.3109    34.3096     7.4297    27.5807    27.5796    34.3107    27.5805    1446.85    1446.85    -0.6487  1028.0642    34.4772 0.0000e+00
       6122 311.428311  -62.19454  -58.05316      0.853    1445.92    101.000    100.006    -0.6472    -0.6463     0.0010    -0.6503    -0.6493     0.0010   2.801812   2.801822   0.000008    34.3106    34.3096     7.4330    27.5805    27.5796    34.3104    27.5804    1446.85    1446.86    -0.6502  1028.0688    34.4770 0.0000e+00
       6150 311.428324  -62.19454  -58.05316      0.859    1445.92    102.000    100.996    -0.6482    -0.6470     0.0012    -0.6512    -0.6500     0.0012   2.801788   2.801803   0.000013    34.3109    34.3097     7.4221    27.5808    27.5798    34.3105    27.5805    1446.87    1446.87    -0.6512  1028.0737    34.4771 0.0000e+00
       6180 311.428339  -62.19456  -58.05316      0.819    1445.92    103.000    101.986    -0.6513    -0.6500     0.0013    -0.6544    -0.6531     0.0013   2.801622   2.801634   0.000011    34.3116    34.3103     7.4234    27.5815    27.5803    34.3112    27.5812    1446.87    1446.87    -0.6543  1028.0792    34.4778 0.0000e+00
       6210 311.428353  -62.19456  -58.05316      0.792    1445.92    104.000    102.976    -0.6522    -0.6516     0.0005    -0.6553    -0.6547     0.0005   2.801587   2.801554  -0.000029    34.3113    34.3102     7.4201    27.5813    27.5804    34.3112    27.5812    1446.88    1446.88    -0.6552  1028.0840    34.4777 0.0000e+00
       6238 311.428366  -62.19456  -58.05315      0.845    1445.92    105.000    103.966    -0.6453    -0.6438     0.0016    -0.6485    -0.6469     0.0016   2.802185   2.802230   0.000056    34.3102    34.3091     7.4220    27.5801    27.5792    34.3108    27.5806    1446.93    1446.94    -0.6484  1028.0882    34.4774 0.0000e+00
       6262 311.428378  -62.19456  -58.05314      0.932    1445.92    106.000    104.956    -0.6418    -0.6423    -0.0005    -0.6450    -0.6455    -0.0005   2.802510   2.802434  -0.000079    34.3101    34.3096     7.4150    27.5799    27.5795    34.3106    27.5803    1446.96    1446.96    -0.6449  1028.0926    34.4772 0.0000e+00
       6287 311.428390  -62.19457  -58.05314      0.966    1445.92    107.000    105.945    -0.6394    -0.6387     0.0008    -0.6426    -0.6419     0.0008   2.802759   2.802757  -0.000003    34.3103    34.3095     7.4110    27.5800    27.5792    34.3106    27.5802    1446.99    1446.99    -0.6425  1028.0973    34.4772 0.0000e+00
       6313 311.428403  -62.19458  -58.05314      0.940    1445.92    108.000    106.935    -0.6394    -0.6386     0.0008    -0.6426    -0.6418     0.0008   2.802816   2.802813  -0.000007    34.3106    34.3096     7.4064    27.5802    27.5793    34.3107    27.5803    1447.01    1447.01    -0.6426  1028.1022    34.4773 0.0000e+00
       6342 311.428417  -62.19458  -58.05314      0.877    1445.92    109.000    107.925    -0.6385    -0.6378     0.0006    -0.6417    -0.6411     0.0006   2.802948   2.802928  -0.000019    34.3104    34.3095     7.4066    27.5800    27.5792    34.3109    27.5803    1447.03    1447.03    -0.6417  1028.1070    34.4775 0.0000e+00
       6371 311.428431  -62.19458  -58.05314      0.817    1445.92    110.000    108.915    -0.6356    -0.6349     0.0007    -0.6389    -0.6382     0.0007   2.803224   2.803208  -0.000016    34.3104    34.3094     7.4040    27.5799    27.5790    34.3107    27.5801    1447.06    1447.06    -0.6388  1028.1115    34.4773 0.0000e+00
       6399 311.428444  -62.19460  -58.05314      0.840    1445.92    111.000    109.905    -0.6352    -0.6344     0.0008    -0.6385    -0.6378     0.0008   2.803296   2.803296   0.000006    34.3103    34.3095     7.4083    27.5797    27.5791    34.3106    27.5800    1447.08    1447.08    -0.6385  1028.1162    34.4772 0.0000e+00
       6425 311.428457  -62.19460  -58.05314      0.898    1445.92    112.000    110.895    -0.6354    -0.6346     0.0008    -0.6387    -0.6380     0.0008   2.803360   2.803338  -0.000026    34.3109    34.3096     7.4170    27.5802    27.5792    34.3110    27.5804    1447.09    1447.09    -0.6387  1028.1214    34.4777 0.0000e+00
       6451 311.428469  -62.19460  -58.05314      0.923    1445.92    113.000    111.885    -0.6348    -0.6341     0.0007    -0.6382    -0.6375     0.0007   2.803423   2.803419  -0.000004    34.3104    34.3095     7.4155    27.5798    27.5791    34.3106    27.5800    1447.11    1447.11    -0.6381  1028.1258    34.4773 0.0000e+00
       6478 311.428482  -62.19461  -58.05314      0.906    1445.92    114.000    112.874    -0.6351    -0.6343     0.0008    -0.6385    -0.6377     0.0008   2.803471   2.803448  -0.000021    34.3108    34.3096     7.4039    27.5802    27.5792    34.3110    27.5803    1447.12    1447.13    -0.6384  1028.1309    34.4777 0.0000e+00
       6506 311.428496  -62.19462  -58.05314      0.877    1445.92    115.000    113.865    -0.6356    -0.6350     0.0006    -0.6391    -0.6385     0.0006   2.803424   2.803429   0.000005    34.3103    34.3097     7.4054    27.5798    27.5793    34.3104    27.5798    1447.14    1447.14    -0.6390  1028.1352    34.4771 0.0000e+00
       6531 311.428508  -62.19462  -58.05314      0.905    1445.92    116.000    114.854    -0.6364    -0.6357     0.0007    -0.6399    -0.6392     0.0007   2.803436   2.803424  -0.000020    34.3108    34.3097     7.4076    27.5802    27.5793    34.3108    27.5802    1447.15    1447.15    -0.6398  1028.1404    34.4775 0.0000e+00
       6554 311.428519  -62.19462  -58.05314      0.986    1445.92    117.000    115.844    -0.6393    -0.6377     0.0016    -0.6428    -0.6412     0.0016   2.803269   2.803302   0.000027    34.3114    34.3100     7.4064    27.5809    27.5796    34.3112    27.5806    1447.15    1447.16    -0.6427  1028.1456    34.4779 0.0000e+00
       6578 311.428530  -62.19462  -58.05312      1.035    1445.92    118.000    116.834    -0.6401    -0.6382     0.0020    -0.6436    -0.6417     0.0020   2.803230   2.803325   0.000098    34.3108    34.3099     7.4066    27.5804    27.5796    34.3110    27.5805    1447.17    1447.17    -0.6436  1028.1502    34.4777 0.0000e+00
       6603 311.428542  -62.19464  -58.05312      0.997    1446.22    119.000    117.824    -0.6380    -0.6367     0.0013    -0.6416    -0.6403     0.0013   2.803469   2.803471   0.000009    34.3109    34.3096     7.3998    27.5804    27.5793    34.3112    27.5806    1447.19    1447.20    -0.6415  1028.1551    34.4779 0.0000e+00
       6629 311.428555  -62.19464  -58.05312      0.932    1446.38    120.000    118.814    -0.6359    -0.6351     0.0008    -0.6395    -0.6387     0.0008   2.803640   2.803656   0.000015    34.3104    34.3097     7.3970    27.5799    27.5793    34.3104    27.5799    1447.22    1447.22    -0.6394  1028.1592    34.4772 0.0000e+00
       6656 311.428568  -62.19464  -58.05312      0.901    1446.38    121.000    119.803    -0.6400    -0.6380     0.0019    -0.6436    -0.6417     0.0019   2.803406   2.803458   0.000054    34.3117    34.3102     7.4086    27.5811    27.5798    34.3113    27.5808    1447.22    1447.22    -0.6436  1028.1649    34.4781 0.0000e+00
       6689 311.428584  -62.19465  -58.05312      0.779    1446.38    122.000    120.793    -0.6417    -0.6410     0.0007    -0.6454    -0.6447     0.0007   2.803303   2.803271  -0.000032    34.3114    34.3101     7.4063    27.5809    27.5799    34.3113    27.5809    1447.22    1447.23    -0.6453  1028.1698    34.4781 0.0000e+00
       6723 311.428600  -62.19466  -58.05312      0.693    1446.38    123.000    121.783    -0.6410    -0.6402     0.0007    -0.6447    -0.6439     0.0007   2.803409   2.803395  -0.000011    34.3112    34.3102     7.4067    27.5807    27.5799    34.3113    27.5808    1447.24    1447.25    -0.6446  1028.1745    34.4780 0.0000e+00
       6752 311.428614  -62.19466  -58.05312      0.778    1446.38    124.000    122.773    -0.6407    -0.6399     0.0008    -0.6444    -0.6437     0.0008   2.803488   2.803465  -0.000024    34.3114    34.3102     7.4010    27.5809    27.5799    34.3114    27.5809    1447.26    1447.26    -0.6444  1028.1793    34.4782 0.0000e+00
       6777 311.428626  -62.19466  -58.05312      0.914    1446.38    125.000    123.763    -0.6407    -0.6398     0.0008    -0.6445    -0.6436     0.0008   2.803524   2.803519  -0.000004    34.3113    34.3102     7.4020    27.5808    27.5799    34.3113    27.5808    1447.28    1447.28    -0.6444  1028.1840    34.4781 0.0000e+00
       6800 311.428638  -62.19468  -58.05312      0.995    1446.38    126.000    124.752    -0.6405    -0.6396     0.0008    -0.6443    -0.6435     0.0008   2.803617   2.803599  -0.000015    34.3116    34.3104     7.3941    27.5810    27.5801    34.3117    27.5811    1447.29    1447.30    -0.6442  1028.1891    34.4785 0.0000e+00
       6825 311.428650  -62.19468  -58.05312      0.988    1446.38    127.000    125.742    -0.6397    -0.6388     0.0009    -0.6435    -0.6427     0.0009   2.803716   2.803723   0.000004    34.3115    34.3105     7.3947    27.5809    27.5801    34.3115    27.5809    1447.32    1447.32    -0.6434  1028.1937    34.4783 0.0000e+00
       6852 311.428663  -62.19468  -58.05312      0.919    1446.38    128.000    126.732    -0.6400    -0.6390     0.0010    -0.6438    -0.6428     0.0010   2.803742   2.803759   0.000015    34.3114    34.3105     7.3995    27.5809    27.5801    34.3115    27.5810    1447.33    1447.33    -0.6438  1028.1986    34.4784 0.0000e+00
       6881 311.428677  -62.19468  -58.05312      0.851    1446.38    129.000    127.722    -0.6390    -0.6381     0.0009    -0.6429    -0.6420     0.0009   2.803853   2.803876   0.000024    34.3113    34.3106     7.3943    27.5807    27.5801    34.3114    27.5808    1447.35    1447.35    -0.6428  1028.2031    34.4782 0.0000e+00
       6913 311.428692  -62.19469  -58.05311      0.780    1446.38    130.000    128.712    -0.6385    -0.6377     0.0008    -0.6424    -0.6416     0.0008   2.803966   2.803966  -0.000002    34.3116    34.3106     7.3875    27.5810    27.5802    34.3117    27.5810    1447.37    1447.37    -0.6423  1028.2081    34.4785 0.0000e+00
       6945 311.428708  -62.19470  -58.05310      0.743    1446.38    131.000    129.701    -0.6389    -0.6381     0.0008    -0.6429    -0.6421     0.0008   2.803997   2.803991  -0.000004    34.3119    34.3109     7.3900    27.5812    27.5804    34.3119    27.5812    1447.39    1447.39    -0.6428  1028.2131    34.4788 0.0000e+00
       6975 311.428722  -62.19470  -58.05310      0.771    1446.38    132.000    130.691    -0.6394    -0.6384     0.0009    -0.6434    -0.6424     0.0009   2.803999   2.804001   0.000003    34.3118    34.3108     7.3873    27.5812    27.5803    34.3119    27.5812    1447.40    1447.40    -0.6433  1028.2179    34.4787 0.0000e+00
       7003 311.428735  -62.19470  -58.05310      0.846    1446.38    133.000    131.681    -0.6397    -0.6388     0.0008    -0.6437    -0.6428     0.0008   2.804012   2.804021   0.000011    34.3117    34.3109     7.3850    27.5811    27.5804    34.3117    27.5812    1447.41    1447.41    -0.6436  1028.2207    34.4763 0.0000e+00
       7029 311.428748  -62.19472  -58.05310      0.906    1446.38    134.000    132.671    -0.6397    -0.6390     0.0007    -0.6437    -0.6430     0.0007   2.804068   2.804053  -0.000011    34.3118    34.3109     7.3774    27.5812    27.5804    34.3119    27.5813    1447.43    1447.43    -0.6437  1028.2266    34.4776 0.0000e+00
       7056 311.428761  -62.19472  -58.05310      0.907    1446.38    135.000    133.660    -0.6395    -0.6389     0.0006    -0.6436    -0.6430     0.0006   2.804120   2.804104  -0.000017    34.3118    34.3109     7.3737    27.5812    27.5804    34.3118    27.5812    1447.45    1447.45    -0.6435  1028.2322    34.4786 0.0000e+00
       7083 311.428774  -62.19472  -58.05310      0.882    1446.38    136.000    134.650    -0.6393    -0.6385     0.0008    -0.6434    -0.6426     0.0008   2.804219   2.804194  -0.000026    34.3121    34.3109     7.3728    27.5815    27.5804    34.3122    27.5815    1447.46    1447.47    -0.6433  1028.2373    34.4791 0.0000e+00
       7110 311.428787  -62.19474  -58.05310      0.891    1446.38    137.000    135.640    -0.6387    -0.6380     0.0007    -0.6428    -0.6421     0.0007   2.804317   2.804289  -0.000028    34.3122    34.3110     7.3690    27.5815    27.5805    34.3123    27.5815    1447.48    1447.48    -0.6427  1028.2421    34.4792 0.0000e+00
       7139 311.428801  -62.19474  -58.05310      0.859    1446.38    138.000    136.630    -0.6386    -0.6378     0.0008    -0.6428    -0.6420     0.0008   2.804354   2.804353  -0.000002    34.3120    34.3111     7.3713    27.5813    27.5805    34.3121    27.5814    1447.50    1447.50    -0.6427  1028.2467    34.4790 0.0000e+00
       7169 311.428816  -62.19474  -58.05310      0.793    1446.38    139.000    137.619    -0.6386    -0.6376     0.0009    -0.6428    -0.6419     0.0009   2.804411   2.804405  -0.000001    34.3121    34.3110     7.3741    27.5814    27.5805    34.3122    27.5815    1447.52    1447.52    -0.6427  1028.2516    34.4791 0.0000e+00
       7201 311.428831  -62.19474  -58.05310      0.767    1446.38    140.000    138.609    -0.6380    -0.6372     0.0008    -0.6423    -0.6415     0.0008   2.804505   2.804486  -0.000020    34.3121    34.3110     7.3741    27.5814    27.5804    34.3122    27.5814    1447.53    1447.54    -0.6421  1028.2564    34.4791 0.0000e+00
       7234 311.428847  -62.19476  -58.05308      0.729    1446.38    141.000    139.599    -0.6379    -0.6371     0.0008    -0.6422    -0.6414     0.0008   2.804566   2.804544  -0.000020    34.3122    34.3110     7.3670    27.5815    27.5805    34.3123    27.5815    1447.55    1447.55    -0.6421  1028.2576    34.4747 0.0000e+00
       7265 311.428862 -9.990e-29  -58.05308      0.761    1446.38    142.000    140.589    -0.6379    -0.6371     0.0008    -0.6422    -0.6414     0.0008   2.804621   2.804600  -0.000024    34.3123    34.3111     7.3740    27.5816    27.5805    34.3124    27.5816    1447.57    1447.57    -0.6421  1028.2619    34.4742 0.0000e+00
       7293 311.428876 -9.990e-29  -58.05308      0.821    1446.38    143.000    141.578    -0.6377    -0.6368     0.0008    -0.6420    -0.6411     0.0008   2.804671   2.804663  -0.000005    34.3121    34.3111     7.3743    27.5814    27.5805    34.3122    27.5815    1447.59    1447.59    -0.6419  1028.2665    34.4740 0.0000e+00
       7322 311.428889  -62.19478  -58.05308      0.841    1446.38    144.000    142.568    -0.6381    -0.6371     0.0010    -0.6425    -0.6414     0.0010   2.804690   2.804686  -0.000005    34.3124    34.3111     7.3741    27.5816    27.5805    34.3124    27.5816    1447.60    1447.60    -0.6424  1028.2736    34.4768 0.0000e+00
       7351 311.428903  -62.19478  -58.05308      0.832    1446.38    145.000    143.558    -0.6394    -0.6383     0.0011    -0.6438    -0.6427     0.0011   2.804651   2.804652 6.9845e-07    34.3128    34.3115     7.3709    27.5820    27.5809    34.3127    27.5819    1447.61    1447.61    -0.6437  1028.2807    34.4797 0.0000e+00
       7382 311.428918  -62.19478  -58.05308      0.788    1446.38    146.000    144.547    -0.6402    -0.6394     0.0009    -0.6446    -0.6438     0.0009   2.804629   2.804622  -0.000006    34.3127    34.3116     7.3682    27.5819    27.5811    34.3127    27.5819    1447.62    1447.63    -0.6445  1028.2855    34.4797 0.0000e+00
       7411 311.428932  -62.19479  -58.05308      0.811    1446.38    147.000    145.537    -0.6403    -0.6394     0.0010    -0.6448    -0.6438     0.0010   2.804673   2.804668  -0.000008    34.3129    34.3116     7.3658    27.5821    27.5811    34.3128    27.5820    1447.64    1447.64    -0.6447  1028.2904    34.4798 0.0000e+00
