Pos-Processados/pos_process42/Dados/doperantar42_009.cnv
* Sea-Bird SBE 9 Data File:
* FileName = C:\Users\Hidrografia\Desktop\OPXLII\Brutos\OP42009.hdr
* Software Version Seasave V 7.26.7.107
* Temperature SN = 6502
* Conductivity SN = 4998
* Number of Bytes Per Scan = 31
* Number of Voltage Words = 2
* Number of Scans Averaged by the Deck Unit = 1
* NMEA Latitude = 43 19.24 S
* NMEA Longitude = 055 32.42 W
* NMEA UTC (Time) = Oct 18 2023 16:32:08
* NMEA baud rate = 4800
** H41
** NPOALTEMAXIMIANO
** NUMERO DA ESTACAO (XXX) 009
** LAT (XX XX.XX S/N) 43 19.058 S
** LONG (XXX XX.XX W/E) 055 32.32 W
** DATAHORA (dd/mm/aaaa hh:mm Z) 18/10/2023 1631Z
** PROFUNDIDADE (m) 5145
** OPERADOR CT FABIREZA
# nquan = 30
# nvalues = 1011                        
# units = specified
# name 0 = scan: Scan Count
# name 1 = timeJ: Julian Days
# name 2 = latitude: Latitude [deg]
# name 3 = longitude: Longitude [deg]
# name 4 = dz/dtM: Descent Rate [m/s]
# name 5 = avgsvCM: Average Sound Velocity [Chen-Millero, m/s]
# name 6 = prDM: Pressure, Digiquartz [db]
# name 7 = depSM: Depth [salt water, m]
# name 8 = t090C: Temperature [ITS-90, deg C]
# name 9 = t190C: Temperature, 2 [ITS-90, deg C]
# name 10 = T2-T190C: Temperature Difference, 2 - 1 [ITS-90, deg C]
# name 11 = potemp090C: Potential Temperature [ITS-90, deg C]
# name 12 = potemp190C: Potential Temperature, 2 [ITS-90, deg C]
# name 13 = potemp90Cdiff: Potential Temperature, Diff, 2 - 1 [ITS-90, deg C]
# name 14 = c0S/m: Conductivity [S/m]
# name 15 = c1S/m: Conductivity, 2 [S/m]
# name 16 = C2-C1S/m: Conductivity Difference, 2 - 1 [S/m]
# name 17 = sal00: Salinity, Practical [PSU]
# name 18 = sal11: Salinity, Practical, 2 [PSU]
# name 19 = sbeox0ML/L: Oxygen, SBE 43 [ml/l]
# name 20 = sigma-é00: Density [sigma-theta, kg/m^3]
# name 21 = sigma-é11: Density, 2 [sigma-theta, kg/m^3]
# name 22 = sal00: Salinity, Practical [PSU]
# name 23 = sigma-é00: Density [sigma-theta, kg/m^3]
# name 24 = svCM: Sound Velocity [Chen-Millero, m/s]
# name 25 = svCM1: Sound Velocity, 2 [Chen-Millero, m/s]
# name 26 = gsw_ptA0: potential temperature [ITS-90, deg C]
# name 27 = gsw_densityA0: density, TEOS-10 [density, kg/m^3]
# name 28 = gsw_saA0: Absolute Salinity [g/kg]
# name 29 = flag:
# span 0 =       2274,      32584       
# span 1 = 291.690078, 291.704695       
# span 2 =  -43.32692,  -43.32119       
# span 3 =  -55.54259,  -55.54074       
# span 4 =   -257.411,    275.082       
# span 5 =       0.00,    1500.22       
# span 6 =      2.000,   1012.000       
# span 7 =      1.989,   1001.497       
# span 8 =     3.1007,    12.9848       
# span 9 =     3.1018,    12.9802       
# span 10 =    -0.0193,     0.0283      
# span 11 =     3.0314,    12.9845      
# span 12 =     3.0325,    12.9799      
# span 13 =    -0.0192,     0.0283      
# span 14 =   3.155640,   4.119052      
# span 15 =   3.155688,   4.692073      
# span 16 =  -0.004584,   0.005638      
# span 17 =    34.1333,    35.2398      
# span 18 =    34.1331,    35.2405      
# span 19 =     4.5626,     6.2250      
# span 20 =    26.5715,    27.3461      
# span 21 =    26.5725,    27.3458      
# span 22 =    34.1321,    38.0663      
# span 23 =    26.5693,    29.4243      
# span 24 =    1474.95,    1500.53      
# span 25 =    1474.95,    1506.99      
# span 26 =     3.0313,    12.9845      
# span 27 =  1026.5864,  1032.0327      
# span 28 =    34.2948,    38.2462      
# span 29 = 0.0000e+00, 0.0000e+00      
# interval = decibars: 1                
# start_time = Oct 18 2023 16:32:08 [NMEA time, header]
# bad_flag = -9.990e-29
*END*
[from data line 146]
       6716 291.692220  -43.32210  -55.54130    -40.928    1499.74    148.000    146.771    11.1288    11.1273    -0.0015    11.1105    11.1090    -0.0015   3.916429   3.915308  -0.000816    34.9553    34.9487     5.3388    26.7207    26.7158    34.9343    26.7043    1496.18    1496.17    11.1105  1027.3701    35.0997 0.0000e+00
       6741 291.692232  -43.32210  -55.54130    275.082    1499.74    149.000    147.760    10.8516    10.8464    -0.0051    10.8334    10.8282    -0.0051   3.888363   3.883856  -0.004584    34.9418    34.9007     5.3976    26.7603    26.7292    34.9173    26.7412    1495.21    1495.14    10.8334  1027.4123    35.0827 0.0000e+00
       6769 291.692245  -43.32210  -55.54130     -0.999    1499.74    150.000    148.751    10.7824    10.7761    -0.0063    10.7642    10.7579    -0.0063   3.877846   3.876654  -0.001397    34.8927    34.8847     5.4003    26.7344    26.7293    34.8774    26.7225    1494.93    1494.90    10.7642  1027.3983    35.0426 0.0000e+00
       6799 291.692260  -43.32210  -55.54130      0.806    1499.74    151.000    149.742    10.7092    10.7060    -0.0032    10.6910    10.6878    -0.0032   3.869447   3.868161  -0.001135    34.8813    34.8729     5.4712    26.7386    26.7327    34.8623    26.7238    1494.67    1494.65    10.6910  1027.4043    35.0274 0.0000e+00
       6828 291.692274  -43.32212  -55.54130      0.820    1499.74    152.000    150.734    10.6208    10.6249     0.0041    10.6025    10.6066     0.0041   3.859390   3.859275  -0.000217    34.8595    34.8534     5.5344    26.7373    26.7318    34.8451    26.7261    1494.36    1494.37    10.6025  1027.4113    35.0101 0.0000e+00
       6856 291.692288  -43.32212  -55.54130      0.834    1499.74    153.000    151.725    10.6077    10.6075    -0.0002    10.5893    10.5891    -0.0002   3.857282   3.857266  -0.000014    34.8478    34.8478     5.5357    26.7306    26.7306    34.8359    26.7213    1494.32    1494.32    10.5893  1027.4110    35.0009 0.0000e+00
       6886 291.692302  -43.32212  -55.54130      0.822    1499.74    154.000    152.717    10.5755    10.5711    -0.0044    10.5570    10.5526    -0.0044   3.853776   3.853050  -0.000713    34.8435    34.8405     5.5467    26.7329    26.7314    34.8309    26.7231    1494.21    1494.19    10.5570  1027.4174    34.9958 0.0000e+00
       6913 291.692315  -43.32212  -55.54132      0.849    1499.74    155.000    153.708    10.5617    10.5649     0.0024    10.5432    10.5463     0.0024   3.852131   3.852894   0.000652    34.8334    34.8372     5.5376    26.7275    26.7299    34.8260    26.7217    1494.17    1494.19    10.5432  1027.4205    34.9909 0.0000e+00
       6938 291.692327  -43.32214  -55.54132      0.927    1499.74    156.000    154.700    10.5868    10.5894     0.0025    10.5681    10.5707     0.0025   3.855092   3.855749   0.000766    34.8381    34.8433     5.5353    26.7268    26.7303    34.8324    26.7223    1494.29    1494.30    10.5681  1027.4256    34.9974 0.0000e+00
       6962 291.692338  -43.32214  -55.54132      0.992    1499.74    157.000    155.690    10.5827    10.5819    -0.0008    10.5639    10.5631    -0.0008   3.855010   3.855066   0.000044    34.8419    34.8431     5.5475    26.7305    26.7315    34.8351    26.7251    1494.29    1494.29    10.5639  1027.4329    35.0000 0.0000e+00
       6988 291.692351  -43.32214  -55.54132      0.958    1499.74    158.000    156.681    10.5579    10.5634     0.0055    10.5390    10.5445     0.0055   3.852316   3.852747   0.000419    34.8411    34.8401     5.5187    26.7342    26.7324    34.8311    26.7264    1494.22    1494.24    10.5390  1027.4387    34.9961 0.0000e+00
       7013 291.692363  -43.32214  -55.54132      0.931    1499.74    159.000    157.673    10.5067    10.5151     0.0083    10.4878    10.4961     0.0083   3.846816   3.847607   0.000772    34.8323    34.8321     5.4789    26.7364    26.7348    34.8241    26.7299    1494.04    1494.07    10.4878  1027.4469    34.9890 0.0000e+00
       7038 291.692375  -43.32216  -55.54132      0.939    1499.74    160.000    158.664    10.4696    10.4759     0.0063    10.4506    10.4569     0.0063   3.842705   3.843025   0.000284    34.8266    34.8235     5.4649    26.7385    26.7349    34.8176    26.7314    1493.92    1493.94    10.4505  1027.4530    34.9825 0.0000e+00
       7062 291.692387  -43.32216  -55.54132      0.991    1499.74    161.000    159.656    10.3558    10.3645     0.0088    10.3367    10.3455     0.0087   3.829716   3.829442  -0.000181    34.8163    34.8060     5.4891    26.7504    26.7408    34.7946    26.7334    1493.50    1493.52    10.3367  1027.4598    34.9593 0.0000e+00
       7086 291.692398  -43.32216  -55.54132      1.013    1499.74    162.000    160.647    10.2353    10.2365     0.0012    10.2163    10.2175     0.0012   3.815955   3.815477  -0.000490    34.7874    34.7812     5.5044    26.7487    26.7437    34.7699    26.7351    1493.06    1493.06    10.2163  1027.4664    34.9345 0.0000e+00
       7114 291.692412  -43.32217  -55.54133      0.912    1499.74    163.000    161.638    10.2098    10.2071    -0.0027    10.1907    10.1880    -0.0027   3.812892   3.812634  -0.000207    34.7731    34.7736     5.5171    26.7420    26.7429    34.7627    26.7339    1492.98    1492.97    10.1907  1027.4698    34.9274 0.0000e+00
       7145 291.692427  -43.32218  -55.54134      0.782    1499.74    164.000    162.629    10.0444    10.0381    -0.0063    10.0254    10.0191    -0.0063   3.795946   3.791773  -0.003809    34.7832    34.7503     5.5699    26.7782    26.7536    34.7482    26.7509    1492.38    1492.32    10.0254  1027.4918    34.9128 0.0000e+00
       7174 291.692441  -43.32218  -55.54134      0.807    1499.74    165.000    163.621     9.7838     9.7793    -0.0044     9.7650     9.7605    -0.0044   3.765624   3.764116  -0.002037    34.7132    34.6965     5.5804    26.7678    26.7556    34.6881    26.7482    1491.39    1491.36     9.7650  1027.4945    34.8524 0.0000e+00
       7198 291.692452  -43.32218  -55.54134      0.926    1499.74    166.000    164.612     9.7645     9.7735     0.0090     9.7456     9.7548     0.0092   3.762754   3.758370   0.000732    34.6920    34.6907     5.5493    26.7545    26.7520    34.6767    26.7426    1491.32    1491.29     9.7456  1027.4935    34.8410 0.0000e+00
       7223 291.692464  -43.32218  -55.54134      0.976    1499.74    167.000    165.603     9.7686     9.7667    -0.0019     9.7496     9.7477    -0.0019   3.763513   3.762405  -0.000943    34.6950    34.6871     5.6287    26.7562    26.7503    34.6801    26.7446    1491.36    1491.34     9.7496  1027.4999    34.8444 0.0000e+00
       7253 291.692479  -43.32218  -55.54134      0.858    1499.74    168.000    166.590     9.7345     9.7348     0.0004     9.7154     9.7158     0.0004   3.759535   3.759139  -0.000399    34.6859    34.6815     5.7184    26.7549    26.7513    34.6716    26.7437    1491.24    1491.24     9.7154  1027.5036    34.8358 0.0000e+00
       7289 291.692496 -9.990e-29  -55.54134    -10.592    1499.74    169.000    167.591     9.6675     9.6590    -0.0085     9.6242     9.6401    -0.0083   4.068528   3.750637  -0.000994    34.6732    34.6700     5.7240    26.7559    26.7551    38.0663    29.4243    1495.21    1490.96     9.6476  1030.1733    38.2462 0.0000e+00
       7320 291.692511 -9.990e-29  -55.54136     17.573    1499.74    170.000    168.577     9.6006     9.6017     0.0011     9.5817     9.5826     0.0011   3.740576   3.744213   0.000138    34.6534    34.6537     5.7035    26.7518    26.7519    34.6029    26.7121    1490.70    1490.76     9.5815  1027.4815    34.7664 0.0000e+00
       7344 291.692523 -9.990e-29  -55.54136      1.051    1499.74    171.000    169.568     9.5977     9.5997     0.0020     9.5785     9.5805     0.0020   3.743716   3.744145   0.000411    34.6495    34.6519     5.6886    26.7493    26.7508    34.6391    26.7411    1490.75    1490.76     9.5785  1027.5148    34.8028 0.0000e+00
       7367 291.692534 -9.990e-29  -55.54136      1.020    1499.74    172.000    170.559     9.7059     9.7201     0.0142     9.6865     9.7006     0.0142   3.755530   3.759896   0.004195    34.6465    34.6760     5.6881    26.7289    26.7495    34.6560    26.7363    1491.18    1491.27     9.6864  1027.5141    34.8198 0.0000e+00
       7398 291.692548 -9.990e-29  -55.54136      0.881    1499.18    173.000    171.550     9.8229     9.8256     0.0027     9.8031     9.8058     0.0027   3.769512   3.771099   0.001620    34.6853    34.6993     5.6963    26.7396    26.7501    34.6867    26.7407    1491.66    1491.69     9.8031  1027.5225    34.8506 0.0000e+00
       7437 291.692567 -9.990e-29  -55.54136      0.620    1498.14    174.000    172.542     9.8366     9.8344    -0.0022     9.8167     9.8145    -0.0022   3.772280   3.772282   0.000058    34.7024    34.7051     5.6287    26.7507    26.7532    34.7014    26.7499    1491.74    1491.74     9.8167  1027.5362    34.8654 0.0000e+00
       7471 291.692584  -43.32224  -55.54136      0.672    1498.15    175.000    173.533     9.8256     9.8259     0.0003     9.8056     9.8060     0.0003   3.771369   3.771497   0.000117    34.7037    34.7045     5.5306    26.7535    26.7542    34.7022    26.7524    1491.72    1491.73     9.8056  1027.5432    34.8662 0.0000e+00
       7497 291.692596  -43.32224 -9.990e-29      0.840    1498.15    176.000    174.524     9.8195     9.8178    -0.0017     9.7995     9.7977    -0.0017   3.770229   3.769898  -0.000068    34.7033    34.7043     5.5225    26.7543    26.7554    34.6959    26.7485    1491.71    1491.70     9.7994  1027.5439    34.8599 0.0000e+00
       7523 291.692609  -43.32224 -9.990e-29      0.927    1498.15    177.000    175.515     9.6613     9.6628     0.0015     9.6413     9.6428     0.0015   3.754275   3.753119  -0.001435    34.6956    34.6794     5.5264    26.7748    26.7619    34.6839    26.7656    1491.14    1491.13     9.6413  1027.5661    34.8479 0.0000e+00
       7555 291.692624  -43.32225  -55.54138      0.790    1498.15    178.000    176.507     9.7005     9.7006     0.0001     9.6803     9.6804     0.0001   3.757201   3.757983   0.000826    34.6750    34.6834     5.4836    26.7522    26.7587    34.6758    26.7528    1491.29    1491.30     9.6803  1027.5577    34.8398 0.0000e+00
       7585 291.692639  -43.32226  -55.54138      0.775    1498.15    179.000    177.497     9.7241     9.7255     0.0014     9.7038     9.7052     0.0014   3.760320   3.760809   0.000503    34.6852    34.6891     5.5082    26.7563    26.7590    34.6846    26.7557    1491.40    1491.41     9.7038  1027.5652    34.8489 0.0000e+00
       7611 291.692651  -43.32226  -55.54138      0.876    1498.15    180.000    178.489     9.7354     9.7362     0.0008     9.7149     9.7157     0.0008   3.761894   3.762190   0.000326    34.6906    34.6931     5.4918    26.7586    26.7604    34.6895    26.7577    1491.46    1491.47     9.7149  1027.5717    34.8538 0.0000e+00
       7636 291.692663  -43.32226  -55.54138      0.954    1498.15    181.000    179.480     9.7033     9.7027    -0.0006     9.6827     9.6822    -0.0006   3.758994   3.758400  -0.000544    34.6960    34.6910     5.4533    26.7682    26.7644    34.6902    26.7636    1491.36    1491.36     9.6827  1027.5822    34.8545 0.0000e+00
       7664 291.692677  -43.32226  -55.54138      0.898    1498.15    182.000    180.471     9.6494     9.6480    -0.0014     9.6289     9.6274    -0.0014   3.753368   3.752661  -0.000711    34.6904    34.6845     5.4031    26.7728    26.7685    34.6837    26.7676    1491.18    1491.17     9.6288  1027.5908    34.8480 0.0000e+00
       7700 291.692694  -43.32227  -55.54138      0.709    1498.15    183.000    181.462     9.6136     9.6134    -0.0002     9.5930     9.5928    -0.0002   3.749148   3.749058  -0.000120    34.6789    34.6779     5.2991    26.7698    26.7690    34.6743    26.7662    1491.05    1491.05     9.5930  1027.5941    34.8386 0.0000e+00
       7738 291.692712  -43.32228  -55.54138      0.625    1498.15    184.000    182.453     9.6059     9.6067     0.0008     9.5852     9.5860     0.0008   3.748120   3.748296   0.000176    34.6740    34.6750     5.2674    26.7673    26.7680    34.6707    26.7647    1491.04    1491.04     9.5852  1027.5971    34.8349 0.0000e+00
       7770 291.692728  -43.32229  -55.54138      0.715    1498.15    185.000    183.445     9.5905     9.5926     0.0021     9.5697     9.5718     0.0021   3.746510   3.746650   0.000136    34.6734    34.6728     5.2783    26.7694    26.7685    34.6685    26.7655    1490.99    1491.00     9.5697  1027.6023    34.8325 0.0000e+00
       7798 291.692742  -43.32230 -9.990e-29      0.815    1498.15    186.000    184.436     9.5661     9.5682     0.0020     9.5453     9.5473     0.0020   3.744012   3.744113   0.000082    34.6695    34.6684     5.2875    26.7704    26.7692    34.6657    26.7675    1490.92    1490.93     9.5452  1027.6088    34.8297 0.0000e+00
       7826 291.692755  -43.32230 -9.990e-29      0.859    1498.15    187.000    185.427     9.5626     9.5624    -0.0003     9.5416     9.5414    -0.0003   3.743444   3.743452   0.000036    34.6663    34.6669     5.2844    26.7685    26.7690    34.6628    26.7658    1490.92    1490.92     9.5416  1027.6116    34.8268 0.0000e+00
       7853 291.692768  -43.32230  -55.54140      0.887    1498.15    188.000    186.418     9.5342     9.5352     0.0010     9.5131     9.5142     0.0010   3.740485   3.740340  -0.000145    34.6651    34.6627     5.2905    26.7723    26.7702    34.6593    26.7677    1490.83    1490.83     9.5131  1027.6182    34.8232 0.0000e+00
       7880 291.692781  -43.32230  -55.54140      0.889    1498.15    189.000    187.409     9.4810     9.4771    -0.0039     9.4599     9.4560    -0.0039   3.734606   3.733578  -0.000924    34.6596    34.6538     5.2916    26.7767    26.7728    34.6494    26.7688    1490.64    1490.62     9.4599  1027.6242    34.8136 0.0000e+00
       7907 291.692794  -43.32232  -55.54140      0.881    1498.15    190.000    188.400     9.3447     9.3446    -0.0001     9.3237     9.3236    -0.0001   3.720574   3.719000  -0.001626    34.6516    34.6349     5.2974    26.7929    26.7798    34.6354    26.7802    1490.14    1490.12     9.3237  1027.6407    34.7995 0.0000e+00
       7935 291.692808  -43.32232  -55.54140      0.868    1498.15    191.000    189.391     9.2880     9.2875    -0.0005     9.2669     9.2664    -0.0005   3.713684   3.713421  -0.000303    34.6276    34.6249     5.2831    26.7834    26.7814    34.6184    26.7762    1489.93    1489.92     9.2669  1027.6414    34.7824 0.0000e+00
       7966 291.692823  -43.32232  -55.54140      0.805    1498.15    192.000    190.382     9.2796     9.2789    -0.0006     9.2584     9.2577    -0.0006   3.712572   3.712553  -0.000043    34.6217    34.6219     5.2966    26.7802    26.7804    34.6145    26.7746    1489.91    1489.91     9.2584  1027.6441    34.7783 0.0000e+00
       7996 291.692837 -9.990e-29  -55.54140      0.768    1498.15    193.000    191.373     9.2373     9.2349    -0.0024     9.2161     9.2137    -0.0023   3.707935   3.705384  -0.002531    34.6191    34.5950     5.2451    26.7850    26.7778    34.6068    26.7754    1489.76    1489.72     9.2161  1027.6494    34.7703 0.0000e+00
       8018 291.692848 -9.990e-29  -55.54140      0.940    1498.15    194.000    192.364     9.1956     9.1835    -0.0121     9.1743     9.1623    -0.0121   3.702794   3.701191  -0.001206    34.6073    34.6065     5.2852    26.7826    26.7835    34.5932    26.7715    1489.61    1489.56     9.1743  1027.6503    34.7567 0.0000e+00
