Pos-Processados/pos_process42/Dados/doperantar42_009.cnv
* Sea-Bird SBE 9 Data File:
* FileName = C:\Users\Hidrografia\Desktop\OPXLII\Brutos\OP42009.hdr
* Software Version Seasave V 7.26.7.107
* Temperature SN = 6502
* Conductivity SN = 4998
* Number of Bytes Per Scan = 31
* Number of Voltage Words = 2
* Number of Scans Averaged by the Deck Unit = 1
* NMEA Latitude = 43 19.24 S
* NMEA Longitude = 055 32.42 W
* NMEA UTC (Time) = Oct 18 2023 16:32:08
* NMEA baud rate = 4800
** H41
** NPOALTEMAXIMIANO
** NUMERO DA ESTACAO (XXX) 009
** LAT (XX XX.XX S/N) 43 19.058 S
** LONG (XXX XX.XX W/E) 055 32.32 W
** DATAHORA (dd/mm/aaaa hh:mm Z) 18/10/2023 1631Z
** PROFUNDIDADE (m) 5145
** OPERADOR CT FABIREZA
# nquan = 30
# nvalues = 1011                        
# units = specified
# name 0 = scan: Scan Count
# name 1 = timeJ: Julian Days
# name 2 = latitude: Latitude [deg]
# name 3 = longitude: Longitude [deg]
# name 4 = dz/dtM: Descent Rate [m/s]
# name 5 = avgsvCM: Average Sound Velocity [Chen-Millero, m/s]
# name 6 = prDM: Pressure, Digiquartz [db]
# name 7 = depSM: Depth [salt water, m]
# name 8 = t090C: Temperature [ITS-90, deg C]
# name 9 = t190C: Temperature, 2 [ITS-90, deg C]
# name 10 = T2-T190C: Temperature Difference, 2 - 1 [ITS-90, deg C]
# name 11 = potemp090C: Potential Temperature [ITS-90, deg C]
# name 12 = potemp190C: Potential Temperature, 2 [ITS-90, deg C]
# name 13 = potemp90Cdiff: Potential Temperature, Diff, 2 - 1 [ITS-90, deg C]
# name 14 = c0S/m: Conductivity [S/m]
# name 15 = c1S/m: Conductivity, 2 [S/m]
# name 16 = C2-C1S/m: Conductivity Difference, 2 - 1 [S/m]
# name 17 = sal00: Salinity, Practical [PSU]
# name 18 = sal11: Salinity, Practical, 2 [PSU]
# name 19 = sbeox0ML/L: Oxygen, SBE 43 [ml/l]
# name 20 = sigma-é00: Density [sigma-theta, kg/m^3]
# name 21 = sigma-é11: Density, 2 [sigma-theta, kg/m^3]
# name 22 = sal00: Salinity, Practical [PSU]
# name 23 = sigma-é00: Density [sigma-theta, kg/m^3]
# name 24 = svCM: Sound Velocity [Chen-Millero, m/s]
# name 25 = svCM1: Sound Velocity, 2 [Chen-Millero, m/s]
# name 26 = gsw_ptA0: potential temperature [ITS-90, deg C]
# name 27 = gsw_densityA0: density, TEOS-10 [density, kg/m^3]
# name 28 = gsw_saA0: Absolute Salinity [g/kg]
# name 29 = flag:
# span 0 =       2274,      32584       
# span 1 = 291.690078, 291.704695       
# span 2 =  -43.32692,  -43.32119       
# span 3 =  -55.54259,  -55.54074       
# span 4 =   -257.411,    275.082       
# span 5 =       0.00,    1500.22       
# span 6 =      2.000,   1012.000       
# span 7 =      1.989,   1001.497       
# span 8 =     3.1007,    12.9848       
# span 9 =     3.1018,    12.9802       
# span 10 =    -0.0193,     0.0283      
# span 11 =     3.0314,    12.9845      
# span 12 =     3.0325,    12.9799      
# span 13 =    -0.0192,     0.0283      
# span 14 =   3.155640,   4.119052      
# span 15 =   3.155688,   4.692073      
# span 16 =  -0.004584,   0.005638      
# span 17 =    34.1333,    35.2398      
# span 18 =    34.1331,    35.2405      
# span 19 =     4.5626,     6.2250      
# span 20 =    26.5715,    27.3461      
# span 21 =    26.5725,    27.3458      
# span 22 =    34.1321,    38.0663      
# span 23 =    26.5693,    29.4243      
# span 24 =    1474.95,    1500.53      
# span 25 =    1474.95,    1506.99      
# span 26 =     3.0313,    12.9845      
# span 27 =  1026.5864,  1032.0327      
# span 28 =    34.2948,    38.2462      
# span 29 = 0.0000e+00, 0.0000e+00      
# interval = decibars: 1                
# start_time = Oct 18 2023 16:32:08 [NMEA time, header]
# bad_flag = -9.990e-29
*END*
       2274 291.690078  -43.32119  -55.54074      0.171       0.00      2.000      1.989    12.9848    12.9802    -0.0046    12.9845    12.9799    -0.0046   4.119052   4.117804  -0.001131    35.2330    35.2265     5.8359    26.5766    26.5725    35.2291    26.5736    1500.45    1500.42    12.9845  1026.5864    35.3955 0.0000e+00
       2408 291.690142  -43.32122  -55.54076      0.229       0.00      3.000      2.977    12.9293    12.9229    -0.0064    12.9288    12.9225    -0.0064   4.112818   4.112319  -0.000556    35.2239    35.2245     5.8385    26.5807    26.5825    35.2208    26.5784    1500.27    1500.25    12.9288  1026.5956    35.3872 0.0000e+00
       2471 291.690173  -43.32122  -55.54078      0.432       0.00      4.000      3.967    12.9113    12.9396     0.0283    12.9108    12.9390     0.0283   4.111043   4.113940   0.002995    35.2199    35.2222     5.8405    26.5813    26.5774    35.2201    26.5814    1500.23    1500.32    12.9108  1026.6039    35.3875 0.0000e+00
       2538 291.690205  -43.32126  -55.54078      0.340       0.00      5.000      4.958    12.9615    12.9424    -0.0192    12.9609    12.9417    -0.0192   4.115695   4.114286  -0.001463    35.2203    35.2242     5.8479    26.5715    26.5784    35.2174    26.5693    1500.41    1500.35    12.9609  1026.5962    35.3848 0.0000e+00
       2613 291.690241  -43.32126  -55.54080      0.334 6.8060e-16      6.000      5.958    12.8181    12.8227     0.0046    12.8172    12.8219     0.0046   4.102124   4.102499   0.000402    35.2254    35.2249     5.8437    26.6042    26.6029    35.2208    26.6007    1499.95    1499.96    12.8172  1026.6312    35.3872 0.0000e+00
       2661 291.690264  -43.32128  -55.54080      0.510       0.12      7.000      6.944    12.7742    12.7762     0.0020    12.7733    12.7752     0.0020   4.098271   4.098007  -0.000280    35.2293    35.2248     5.8440    26.6160    26.6121    35.2244    26.6122    1499.82    1499.83    12.7733  1026.6475    35.3911 0.0000e+00
       2702 291.690284 -9.990e-29  -55.54080      0.575      -0.00      8.000      7.937    12.7566    12.7584     0.0018    12.7555    12.7573     0.0018   4.096200   4.096312   0.000098    35.2242    35.2235     5.8657    26.6156    26.6147    35.2205    26.6127    1499.77    1499.78    12.7556  1026.6528    35.3877 0.0000e+00
       2741 291.690303 -9.990e-29  -55.54082      0.612 9.6956e-26      9.000      8.928    12.7484    12.7496     0.0012    12.7472    12.7484     0.0012   4.095366   4.095512   0.000145    35.2228    35.2230     5.8857    26.6161    26.6161    35.2197    26.6138    1499.76    1499.77    12.7472  1026.6581    35.3867 0.0000e+00
       2784 291.690323 -9.990e-29  -55.54082      0.569       0.05     10.000      9.920    12.7441    12.7449     0.0008    12.7427    12.7436     0.0008   4.094952   4.095122   0.000174    35.2216    35.2225     5.8869    26.6162    26.6167    35.2193    26.6144    1499.77    1499.77    12.7428  1026.6629    35.3860 0.0000e+00
       2823 291.690342 -9.990e-29 -9.990e-29      0.592      -0.00     11.000     10.912    12.7398    12.7409     0.0011    12.7384    12.7394     0.0011   4.094665   4.094794   0.000129    35.2222    35.2225     5.8876    26.6175    26.6175    35.2201    26.6159    1499.77    1499.77    12.7384  1026.6688    35.3868 0.0000e+00
       2848 291.690355 -9.990e-29 -9.990e-29      0.815 7.3580e-52     12.000     11.904    12.7365    12.7373     0.0009    12.7348    12.7357     0.0009   4.094368   4.094522   0.000143    35.2219    35.2225     5.8958    26.6179    26.6182    35.2200    26.6165    1499.77    1499.78    12.7349  1026.6739    35.3866 0.0000e+00
       2871 291.690366  -43.32132  -55.54084      1.006 2.5469e-33     13.000     12.896    12.7335    12.7345     0.0010    12.7318    12.7328     0.0010   4.094130   4.094278   0.000152    35.2219    35.2224     5.8885    26.6185    26.6188    35.2200    26.6171    1499.78    1499.79    12.7318  1026.6788    35.3864 0.0000e+00
       2900 291.690379  -43.32132  -55.54084      0.930 6.4828e-09     14.000     13.888    12.7292    12.7302     0.0009    12.7274    12.7282     0.0009   4.093754   4.093912   0.000145    35.2216    35.2222     5.8802    26.6192    26.6195    35.2200    26.6180    1499.78    1499.79    12.7274  1026.6840    35.3863 0.0000e+00
       2942 291.690400  -43.32134  -55.54084      0.570       0.15     15.000     14.880    12.7273    12.7282     0.0009    12.7252    12.7261     0.0009   4.093572   4.093778   0.000196    35.2209    35.2220     5.8773    26.6191    26.6197    35.2196    26.6181    1499.79    1499.80    12.7252  1026.6886    35.3860 0.0000e+00
       2978 291.690417  -43.32134  -55.54084      0.623      -0.00     16.000     15.872    12.7265    12.7273     0.0008    12.7243    12.7251     0.0008   4.093573   4.093761   0.000183    35.2210    35.2220     5.8828    26.6193    26.6200    35.2199    26.6185    1499.81    1499.81    12.7243  1026.6935    35.3863 0.0000e+00
       3004 291.690430  -43.32134  -55.54084      0.845 8.2795e-36     17.000     16.864    12.7252    12.7260     0.0008    12.7229    12.7237     0.0008   4.093543   4.093697   0.000169    35.2212    35.2221     5.8699    26.6198    26.6203    35.2204    26.6191    1499.82    1499.82    12.7229  1026.6986    35.3867 0.0000e+00
       3028 291.690441  -43.32136  -55.54084      0.977 1.5966e-16     18.000     17.856    12.7235    12.7243     0.0008    12.7211    12.7219     0.0008   4.093426   4.093569   0.000129    35.2214    35.2219     5.8624    26.6203    26.6205    35.2204    26.6195    1499.83    1499.83    12.7211  1026.7034    35.3867 0.0000e+00
       3055 291.690454  -43.32136  -55.54086      0.932      23.57     19.000     18.848    12.7215    12.7223     0.0008    12.7189    12.7197     0.0008   4.093295   4.093410   0.000122    35.2214    35.2219     5.8731    26.6208    26.6209    35.2206    26.6201    1499.84    1499.84    12.7189  1026.7084    35.3869 0.0000e+00
       3084 291.690468  -43.32136 -9.990e-29      0.848    1480.66     20.000     19.840    12.7183    12.7191     0.0008    12.7156    12.7164     0.0008   4.093013   4.093168   0.000157    35.2212    35.2219     5.8719    26.6213    26.6216    35.2205    26.6207    1499.84    1499.85    12.7156  1026.7134    35.3868 0.0000e+00
       3113 291.690482  -43.32136 -9.990e-29      0.811    1500.22     21.000     20.832    12.7171    12.7179     0.0008    12.7143    12.7151     0.0008   4.092953   4.093112   0.000140    35.2214    35.2220     5.8669    26.6216    26.6219    35.2206    26.6210    1499.86    1499.86    12.7143  1026.7182    35.3869 0.0000e+00
       3139 291.690495  -43.32136 -9.990e-29      0.890    1499.84     22.000     21.824    12.7163    12.7171     0.0009    12.7133    12.7142     0.0009   4.092920   4.093093   0.000170    35.2212    35.2220     5.8657    26.6217    26.6222    35.2206    26.6213    1499.87    1499.88    12.7133  1026.7228    35.3869 0.0000e+00
       3163 291.690506  -43.32137  -55.54088      0.983    1499.84     23.000     22.816    12.7156    12.7164     0.0008    12.7125    12.7133     0.0008   4.092919   4.093068   0.000159    35.2213    35.2220     5.8607    26.6219    26.6223    35.2208    26.6215    1499.89    1499.89    12.7125  1026.7276    35.3871 0.0000e+00
       3189 291.690519  -43.32138  -55.54088      0.966    1499.84     24.000     23.807    12.7145    12.7152     0.0007    12.7113    12.7120     0.0007   4.092884   4.093034   0.000154    35.2214    35.2222     5.8546    26.6223    26.6227    35.2210    26.6220    1499.90    1499.90    12.7113  1026.7325    35.3874 0.0000e+00
       3218 291.690533  -43.32138  -55.54088      0.862    1499.84     25.000     24.799    12.7137    12.7144     0.0007    12.7103    12.7110     0.0007   4.092832   4.093013   0.000167    35.2215    35.2224     5.8514    26.6225    26.6231    35.2209    26.6220    1499.91    1499.92    12.7103  1026.7370    35.3872 0.0000e+00
       3249 291.690548  -43.32140  -55.54088      0.772    1499.84     26.000     25.791    12.7128    12.7135     0.0007    12.7093    12.7100     0.0007   4.092827   4.092996   0.000168    35.2216    35.2225     5.8570    26.6228    26.6234    35.2212    26.6225    1499.93    1499.93    12.7093  1026.7419    35.3876 0.0000e+00
       3282 291.690564  -43.32140  -55.54088      0.734    1499.84     27.000     26.783    12.7123    12.7131     0.0008    12.7087    12.7095     0.0008   4.092839   4.093017   0.000186    35.2215    35.2226     5.8562    26.6229    26.6235    35.2214    26.6227    1499.94    1499.95    12.7087  1026.7466    35.3877 0.0000e+00
       3312 291.690578  -43.32142  -55.54088      0.769    1499.84     28.000     27.775    12.7116    12.7125     0.0009    12.7079    12.7087     0.0009   4.092859   4.093040   0.000167    35.2222    35.2230     5.8599    26.6235    26.6240    35.2217    26.6232    1499.96    1499.96    12.7079  1026.7515    35.3881 0.0000e+00
       3337 291.690590  -43.32142  -55.54088      0.899    1499.84     29.000     28.767    12.7101    12.7110     0.0009    12.7062    12.7071     0.0009   4.092808   4.092975   0.000166    35.2226    35.2233     5.8665    26.6242    26.6245    35.2223    26.6240    1499.97    1499.97    12.7061  1026.7567    35.3886 0.0000e+00
       3359 291.690601  -43.32142  -55.54090      1.021    1499.84     30.000     29.759    12.7106    12.7114     0.0009    12.7065    12.7074     0.0009   4.092945   4.093120   0.000178    35.2227    35.2237     5.8588    26.6242    26.6248    35.2227    26.6242    1499.99    1499.99    12.7065  1026.7614    35.3890 0.0000e+00
       3381 291.690611  -43.32142  -55.54090      1.088    1499.84     31.000     30.751    12.7121    12.7131     0.0010    12.7079    12.7089     0.0010   4.093185   4.093434   0.000239    35.2231    35.2244     5.8470    26.6242    26.6251    35.2231    26.6243    1500.01    1500.01    12.7079  1026.7659    35.3895 0.0000e+00
       3405 291.690623  -43.32142  -55.54090      1.051    1499.84     32.000     31.743    12.7143    12.7151     0.0008    12.7100    12.7107     0.0008   4.093550   4.093753   0.000217    35.2240    35.2253     5.8408    26.6245    26.6254    35.2242    26.6247    1500.03    1500.04    12.7100  1026.7707    35.3905 0.0000e+00
       3436 291.690638  -43.32144  -55.54090      0.849    1499.84     33.000     32.735    12.7159    12.7168     0.0009    12.7114    12.7123     0.0009   4.093813   4.094039   0.000212    35.2247    35.2260     5.8447    26.6248    26.6256    35.2248    26.6248    1500.06    1500.06    12.7114  1026.7753    35.3911 0.0000e+00
       3471 291.690655  -43.32144  -55.54090      0.692    1499.84     34.000     33.726    12.7187    12.7196     0.0010    12.7141    12.7151     0.0010   4.094264   4.094495   0.000236    35.2258    35.2271     5.8288    26.6251    26.6259    35.2261    26.6253    1500.09    1500.09    12.7141  1026.7803    35.3925 0.0000e+00
       3505 291.690671  -43.32144  -55.54092      0.690    1499.84     35.000     34.718    12.7218    12.7226     0.0008    12.7171    12.7179     0.0008   4.094766   4.094979   0.000216    35.2271    35.2284     5.8114    26.6255    26.6264    35.2275    26.6258    1500.11    1500.12    12.7171  1026.7852    35.3939 0.0000e+00
       3533 291.690685  -43.32146  -55.54092      0.802    1499.84     36.000     35.710    12.7242    12.7249     0.0007    12.7193    12.7201     0.0007   4.095161   4.095369   0.000207    35.2283    35.2297     5.8160    26.6260    26.6269    35.2286    26.6263    1500.14    1500.14    12.7194  1026.7901    35.3950 0.0000e+00
       3560 291.690698  -43.32146  -55.54092      0.889    1499.84     37.000     36.702    12.7263    12.7270     0.0008    12.7212    12.7220     0.0008   4.095500   4.095719   0.000214    35.2292    35.2306     5.8256    26.6263    26.6272    35.2296    26.6266    1500.16    1500.17    12.7213  1026.7949    35.3960 0.0000e+00
       3587 291.690711  -43.32147  -55.54092      0.895    1499.84     38.000     37.694    12.7292    12.7302     0.0010    12.7241    12.7250     0.0010   4.095995   4.096243   0.000248    35.2304    35.2318     5.8270    26.6267    26.6276    35.2311    26.6273    1500.19    1500.20    12.7241  1026.8000    35.3975 0.0000e+00
       3614 291.690724  -43.32148  -55.54092      0.885    1499.84     39.000     38.686    12.7351    12.7357     0.0006    12.7298    12.7304     0.0006   4.096788   4.097045   0.000252    35.2323    35.2341     5.8156    26.6270    26.6283    35.2328    26.6274    1500.23    1500.23    12.7298  1026.8046    35.3992 0.0000e+00
       3641 291.690737  -43.32148  -55.54092      0.880    1499.84     40.000     39.678    12.7365    12.7375     0.0009    12.7311    12.7321     0.0009   4.097106   4.097335   0.000228    35.2335    35.2348     5.8145    26.6277    26.6285    35.2341    26.6281    1500.25    1500.26    12.7311  1026.8097    35.4005 0.0000e+00
       3668 291.690750  -43.32148  -55.54093      0.886    1499.84     41.000     40.669    12.7386    12.7394     0.0008    12.7331    12.7339     0.0008   4.097426   4.097641   0.000208    35.2344    35.2357     5.8235    26.6280    26.6288    35.2348    26.6283    1500.28    1500.28    12.7331  1026.8143    35.4012 0.0000e+00
       3696 291.690763  -43.32150  -55.54094      0.874    1499.84     42.000     41.661    12.7394    12.7403     0.0009    12.7337    12.7346     0.0009   4.097606   4.097800   0.000195    35.2349    35.2360     5.8158    26.6283    26.6289    35.2353    26.6286    1500.30    1500.30    12.7337  1026.8191    35.4018 0.0000e+00
       3725 291.690777  -43.32150  -55.54094      0.836    1499.84     43.000     42.653    12.7403    12.7412     0.0010    12.7344    12.7354     0.0010   4.097768   4.097975   0.000199    35.2353    35.2363     5.8139    26.6284    26.6290    35.2357    26.6287    1500.32    1500.32    12.7344  1026.8236    35.4021 0.0000e+00
       3755 291.690792  -43.32150  -55.54095      0.809    1499.84     44.000     43.645    12.7424    12.7438     0.0013    12.7365    12.7378     0.0013   4.098109   4.098388   0.000281    35.2360    35.2374     5.8240    26.6285    26.6294    35.2365    26.6289    1500.34    1500.35    12.7365  1026.8283    35.4029 0.0000e+00
       3785 291.690806  -43.32150  -55.54096      0.805    1499.84     45.000     44.637    12.7453    12.7471     0.0017    12.7392    12.7410     0.0017   4.098532   4.098884   0.000354    35.2367    35.2385     5.8226    26.6286    26.6296    35.2374    26.6291    1500.37    1500.38    12.7392  1026.8329    35.4039 0.0000e+00
       3814 291.690820  -43.32151  -55.54096      0.821    1499.84     46.000     45.629    12.7483    12.7491     0.0008    12.7421    12.7428     0.0008   4.098971   4.099201   0.000229    35.2380    35.2395     5.8106    26.6290    26.6300    35.2384    26.6293    1500.40    1500.40    12.7421  1026.8376    35.4049 0.0000e+00
       3842 291.690834  -43.32152  -55.54096      0.844    1499.84     47.000     46.620    12.7488    12.7495     0.0007    12.7425    12.7432     0.0007   4.099114   4.099293   0.000177    35.2385    35.2396     5.8043    26.6293    26.6300    35.2388    26.6296    1500.42    1500.42    12.7425  1026.8423    35.4053 0.0000e+00
       3871 291.690848  -43.32152  -55.54096      0.841    1499.84     48.000     47.612    12.7496    12.7505     0.0009    12.7431    12.7440     0.0009   4.099285   4.099494   0.000210    35.2389    35.2401     5.7969    26.6295    26.6302    35.2393    26.6298    1500.44    1500.44    12.7431  1026.8470    35.4058 0.0000e+00
       3900 291.690862  -43.32154  -55.54096      0.821    1499.84     49.000     48.604    12.7478    12.7487     0.0009    12.7412    12.7421     0.0009   4.099210   4.099366   0.000165    35.2398    35.2405     5.7962    26.6305    26.6310    35.2398    26.6306    1500.45    1500.45    12.7412  1026.8522    35.4063 0.0000e+00
