Pos-Processados/pos_process42/Dados/doperantar42_051.cnv
* Sea-Bird SBE 9 Data File:
* FileName = C:\Users\Hidrografia\Desktop\OPXLII\Brutos\OP42051.hdr
* Software Version Seasave V 7.26.7.107
* Temperature SN = 6502
* Conductivity SN = 4998
* Number of Bytes Per Scan = 37
* Number of Voltage Words = 4
* Number of Scans Averaged by the Deck Unit = 1
* NMEA Latitude = 62 08.18 S
* NMEA Longitude = 058 26.57 W
* NMEA UTC (Time) = Nov 10 2023 02:01:52
* NMEA baud rate = 4800
** H41
** NPOALTEMAXIMIANO
** NUMERO DA ESTACAO (XXX) 51
** LAT (XX XX.XX S/N) 62 08.171 S
** LONG (XXX XX.XX W/E) 058 26.68 W
** DATAHORA (dd/mm/aaaa hh:mm Z) 10/11/2023 0205Z
** PROFUNDIDADE (m) 424
** OPERADOR CT FILIPE LOPES
# nquan = 30
# nvalues = 386                         
# units = specified
# name 0 = scan: Scan Count
# name 1 = timeJ: Julian Days
# name 2 = latitude: Latitude [deg]
# name 3 = longitude: Longitude [deg]
# name 4 = dz/dtM: Descent Rate [m/s]
# name 5 = avgsvCM: Average Sound Velocity [Chen-Millero, m/s]
# name 6 = prDM: Pressure, Digiquartz [db]
# name 7 = depSM: Depth [salt water, m]
# name 8 = t090C: Temperature [ITS-90, deg C]
# name 9 = t190C: Temperature, 2 [ITS-90, deg C]
# name 10 = T2-T190C: Temperature Difference, 2 - 1 [ITS-90, deg C]
# name 11 = potemp090C: Potential Temperature [ITS-90, deg C]
# name 12 = potemp190C: Potential Temperature, 2 [ITS-90, deg C]
# name 13 = potemp90Cdiff: Potential Temperature, Diff, 2 - 1 [ITS-90, deg C]
# name 14 = c0S/m: Conductivity [S/m]
# name 15 = c1S/m: Conductivity, 2 [S/m]
# name 16 = C2-C1S/m: Conductivity Difference, 2 - 1 [S/m]
# name 17 = sal00: Salinity, Practical [PSU]
# name 18 = sal11: Salinity, Practical, 2 [PSU]
# name 19 = sbeox0ML/L: Oxygen, SBE 43 [ml/l]
# name 20 = sigma-é00: Density [sigma-theta, kg/m^3]
# name 21 = sigma-é11: Density, 2 [sigma-theta, kg/m^3]
# name 22 = sal00: Salinity, Practical [PSU]
# name 23 = sigma-é00: Density [sigma-theta, kg/m^3]
# name 24 = svCM: Sound Velocity [Chen-Millero, m/s]
# name 25 = svCM1: Sound Velocity, 2 [Chen-Millero, m/s]
# name 26 = gsw_ptA0: potential temperature [ITS-90, deg C]
# name 27 = gsw_densityA0: density, TEOS-10 [density, kg/m^3]
# name 28 = gsw_saA0: Absolute Salinity [g/kg]
# name 29 = flag:
# span 0 =       4154,      17299       
# span 1 = 314.086633, 314.092972       
# span 2 =  -62.13930,  -62.13708       
# span 3 =  -58.44111,  -58.43631       
# span 4 =      0.044,      1.030       
# span 5 =       0.00,    1448.41       
# span 6 =      3.000,    388.000       
# span 7 =      2.979,    383.915       
# span 8 =    -0.7920,    -0.5116       
# span 9 =    -0.7916,    -0.5108       
# span 10 =    -0.0053,     0.0061      
# span 11 =    -0.7981,    -0.5234      
# span 12 =    -0.7977,    -0.5226      
# span 13 =    -0.0053,     0.0060      
# span 14 =   2.794382,   2.831248      
# span 15 =   2.794357,   2.831231      
# span 16 =  -0.000632,   0.000396      
# span 17 =    34.2630,    34.4088      
# span 18 =    34.2615,    34.4079      
# span 19 =     6.6647,     7.7535      
# span 20 =    27.5391,    27.6557      
# span 21 =    27.5378,    27.6549      
# span 22 =    34.2634,    34.4086      
# span 23 =    27.5394,    27.6555      
# span 24 =    1445.50,    1452.16      
# span 25 =    1445.50,    1452.16      
# span 26 =    -0.7980,    -0.5232      
# span 27 =  1027.5583,  1029.5086      
# span 28 =    34.4284,    34.5754      
# span 29 = 0.0000e+00, 0.0000e+00      
# interval = decibars: 1                
# start_time = Nov 10 2023 02:01:52 [NMEA time, header]
# bad_flag = -9.990e-29
*END*
[from data line 97]
       7058 314.088033  -62.13752  -58.44000      0.898    1446.21    100.000     99.017    -0.6273    -0.6259     0.0014    -0.6303    -0.6289     0.0014   2.801095   2.801035  -0.000061    34.2802    34.2779     7.6274    27.5551    27.5531    34.2788    27.5539    1446.89    1446.89    -0.6302  1028.0374    34.4450 0.0000e+00
       7087 314.088047  -62.13754  -58.43998      0.844    1446.21    101.000    100.007    -0.6305    -0.6298     0.0008    -0.6336    -0.6328     0.0008   2.800831   2.800789  -0.000042    34.2788    34.2774     7.6235    27.5541    27.5529    34.2782    27.5536    1446.89    1446.89    -0.6335  1028.0419    34.4445 0.0000e+00
       7114 314.088060  -62.13754  -58.43998      0.857    1446.21    102.000    100.996    -0.6318    -0.6308     0.0010    -0.6348    -0.6339     0.0010   2.800774   2.800770  -0.000005    34.2789    34.2777     7.6203    27.5542    27.5532    34.2782    27.5536    1446.90    1446.90    -0.6348  1028.0467    34.4445 0.0000e+00
       7140 314.088072  -62.13754  -58.43996      0.909    1446.21    103.000    101.986    -0.6319    -0.6313     0.0006    -0.6350    -0.6344     0.0006   2.800791   2.800769  -0.000015    34.2784    34.2775     7.6113    27.5538    27.5531    34.2780    27.5535    1446.92    1446.92    -0.6349  1028.0514    34.4443 0.0000e+00
       7166 314.088085  -62.13754  -58.43995      0.926    1446.21    104.000    102.976    -0.6325    -0.6315     0.0010    -0.6356    -0.6346     0.0010   2.800811   2.800812  -0.000002    34.2788    34.2776     7.6029    27.5541    27.5531    34.2783    27.5537    1446.93    1446.93    -0.6355  1028.0564    34.4446 0.0000e+00
       7193 314.088098  -62.13755  -58.43994      0.894    1446.21    105.000    103.966    -0.6318    -0.6315     0.0004    -0.6350    -0.6346     0.0004   2.800908   2.800867  -0.000041    34.2785    34.2776     7.6038    27.5539    27.5531    34.2782    27.5536    1446.95    1446.95    -0.6349  1028.0611    34.4445 0.0000e+00
       7221 314.088112  -62.13756  -58.43994      0.864    1446.21    106.000    104.956    -0.6324    -0.6316     0.0008    -0.6356    -0.6347     0.0008   2.800930   2.800918  -0.000007    34.2790    34.2779     7.6125    27.5543    27.5534    34.2786    27.5540    1446.96    1446.97    -0.6355  1028.0662    34.4449 0.0000e+00
       7248 314.088125  -62.13756  -58.43993      0.876    1446.21    107.000    105.946    -0.6348    -0.6340     0.0008    -0.6380    -0.6372     0.0008   2.800812   2.800800  -0.000019    34.2795    34.2784     7.6122    27.5548    27.5538    34.2791    27.5545    1446.97    1446.97    -0.6379  1028.0715    34.4454 0.0000e+00
       7275 314.088137  -62.13756  -58.43992      0.904    1446.21    108.000    106.936    -0.6350    -0.6343     0.0007    -0.6383    -0.6376     0.0007   2.800819   2.800807  -0.000011    34.2792    34.2782     7.6093    27.5545    27.5537    34.2789    27.5543    1446.98    1446.99    -0.6382  1028.0761    34.4452 0.0000e+00
       7303 314.088151  -62.13756  -58.43990      0.872    1446.21    109.000    107.926    -0.6367    -0.6356     0.0011    -0.6400    -0.6389     0.0011   2.800757   2.800760  -0.000004    34.2797    34.2784     7.6092    27.5551    27.5540    34.2793    27.5547    1446.99    1447.00    -0.6399  1028.0813    34.4456 0.0000e+00
       7333 314.088165  -62.13757  -58.43989      0.811    1446.21    110.000    108.916    -0.6389    -0.6379     0.0011    -0.6422    -0.6412     0.0011   2.800671   2.800661 3.8156e-07    34.2804    34.2792     7.6060    27.5557    27.5547    34.2800    27.5554    1447.00    1447.00    -0.6421  1028.0868    34.4464 0.0000e+00
       7361 314.088179  -62.13758  -58.43988      0.824    1446.21    111.000    109.906    -0.6407    -0.6398     0.0008    -0.6440    -0.6432     0.0008   2.800603   2.800581  -0.000027    34.2808    34.2795     7.6001    27.5561    27.5551    34.2804    27.5558    1447.01    1447.01    -0.6439  1028.0920    34.4468 0.0000e+00
       7388 314.088192  -62.13758  -58.43987      0.884    1446.21    112.000    110.896    -0.6407    -0.6394     0.0013    -0.6441    -0.6427     0.0013   2.800644   2.800653   0.000012    34.2807    34.2793     7.5996    27.5560    27.5549    34.2805    27.5559    1447.02    1447.03    -0.6440  1028.0968    34.4469 0.0000e+00
       7413 314.088204  -62.13758  -58.43986      0.946    1446.21    113.000    111.885    -0.6417    -0.6406     0.0011    -0.6451    -0.6440     0.0011   2.800625   2.800623  -0.000007    34.2810    34.2797     7.5891    27.5563    27.5552    34.2807    27.5561    1447.04    1447.04    -0.6450  1028.1019    34.4471 0.0000e+00
       7439 314.088217  -62.13758  -58.43986      0.932    1446.21    114.000    112.875    -0.6451    -0.6426     0.0025    -0.6485    -0.6461     0.0025   2.800449   2.800526   0.000075    34.2821    34.2803     7.5848    27.5574    27.5558    34.2816    27.5569    1447.04    1447.05    -0.6484  1028.1075    34.4480 0.0000e+00
       7470 314.088232  -62.13760  -58.43984      0.810    1446.21    115.000    113.865    -0.6478    -0.6461     0.0016    -0.6512    -0.6496     0.0016   2.800305   2.800345   0.000037    34.2823    34.2810     7.5919    27.5577    27.5565    34.2820    27.5574    1447.04    1447.05    -0.6511  1028.1128    34.4484 0.0000e+00
       7500 314.088246  -62.13760  -58.43984      0.785    1446.21    116.000    114.855    -0.6494    -0.6477     0.0017    -0.6529    -0.6512     0.0017   2.800241   2.800273   0.000035    34.2829    34.2815     7.5992    27.5582    27.5569    34.2824    27.5578    1447.05    1447.06    -0.6528  1028.1179    34.4488 0.0000e+00
       7526 314.088259  -62.13760  -58.43982      0.876    1446.22    117.000    115.845    -0.6515    -0.6503     0.0012    -0.6550    -0.6538     0.0012   2.800136   2.800134 -8.902e-07    34.2831    34.2817     7.6020    27.5584    27.5573    34.2827    27.5581    1447.06    1447.06    -0.6549  1028.1230    34.4491 0.0000e+00
       7551 314.088270  -62.13760  -58.43982      0.954 -9.990e-29    118.000    116.834    -0.6523    -0.6509     0.0013    -0.6558    -0.6545     0.0013   2.800099   2.800130   0.000027    34.2829    34.2818     7.5963    27.5583    27.5573    34.2825    27.5580    1447.07    1447.07    -0.6557  1028.1277    34.4489 0.0000e+00
       7576 314.088282  -62.13761  -58.43981      0.970 -9.990e-29    119.000    117.824    -0.6547    -0.6535     0.0011    -0.6583    -0.6571     0.0011   2.799986   2.799992   0.000012    34.2835    34.2824     7.5887    27.5589    27.5579    34.2831    27.5586    1447.08    1447.08    -0.6582  1028.1331    34.4496 0.0000e+00
       7603 314.088295  -62.13762  -58.43980      0.924 -9.990e-29    120.000    118.814    -0.6553    -0.6546     0.0007    -0.6589    -0.6582     0.0007   2.799984   2.799948  -0.000036    34.2835    34.2822     7.5913    27.5590    27.5579    34.2832    27.5587    1447.09    1447.09    -0.6588  1028.1380    34.4497 0.0000e+00
       7632 314.088310  -62.13762  -58.43979      0.841    1446.54    121.000    119.804    -0.6561    -0.6552     0.0009    -0.6598    -0.6588     0.0009   2.799951   2.799949  -0.000002    34.2834    34.2823     7.5835    27.5589    27.5580    34.2830    27.5586    1447.10    1447.10    -0.6596  1028.1427    34.4495 0.0000e+00
       7660 314.088323  -62.13762  -58.43978      0.835    1446.55    122.000    120.794    -0.6611    -0.6585     0.0026    -0.6647    -0.6622     0.0026   2.799645   2.799742   0.000097    34.2846    34.2830     7.5799    27.5601    27.5587    34.2838    27.5595    1447.10    1447.11    -0.6647  1028.1484    34.4504 0.0000e+00
       7686 314.088336  -62.13762  -58.43976      0.901    1446.55    123.000    121.784    -0.6635    -0.6639    -0.0004    -0.6672    -0.6676    -0.0004   2.799504   2.799399  -0.000091    34.2846    34.2838     7.5786    27.5602    27.5595    34.2841    27.5598    1447.10    1447.10    -0.6671  1028.1535    34.4506 0.0000e+00
       7712 314.088348  -62.13764  -58.43976      0.925    1446.55    124.000    122.774    -0.6644    -0.6645    -0.0001    -0.6681    -0.6682    -0.0001   2.799491   2.799412  -0.000085    34.2847    34.2837     7.5777    27.5603    27.5595    34.2843    27.5600    1447.11    1447.11    -0.6680  1028.1585    34.4509 0.0000e+00
       7740 314.088362  -62.13764  -58.43976      0.882    1446.55    125.000    123.763    -0.6692    -0.6686     0.0005    -0.6729    -0.6723     0.0005   2.799134   2.799065  -0.000061    34.2854    34.2840     7.5748    27.5611    27.5599    34.2843    27.5602    1447.11    1447.11    -0.6728  1028.1635    34.4508 0.0000e+00
       7768 314.088375  -62.13764  -58.43974      0.854    1446.55    126.000    124.753    -0.6749    -0.6747     0.0002    -0.6786    -0.6784     0.0002   2.798740   2.798670  -0.000073    34.2854    34.2842     7.5810    27.5613    27.5604    34.2848    27.5608    1447.10    1447.10    -0.6786  1028.1690    34.4514 0.0000e+00
       7794 314.088388  -62.13764  -58.43974      0.891    1446.55    127.000    125.743    -0.6753    -0.6741     0.0011    -0.6791    -0.6779     0.0011   2.798715   2.798743   0.000014    34.2849    34.2838     7.5754    27.5609    27.5600    34.2843    27.5604    1447.11    1447.12    -0.6790  1028.1734    34.4509 0.0000e+00
       7818 314.088399  -62.13764  -58.43973      0.952    1446.55    128.000    126.732    -0.6770    -0.6745     0.0025    -0.6808    -0.6784     0.0025   2.798615   2.798738   0.000118    34.2851    34.2839     7.5718    27.5612    27.5601    34.2843    27.5605    1447.12    1447.13    -0.6807  1028.1782    34.4509 0.0000e+00
       7842 314.088411  -62.13764  -58.43972      1.001    1446.55    129.000    127.723    -0.6804    -0.6789     0.0016    -0.6843    -0.6827     0.0016   2.798380   2.798441   0.000057    34.2852    34.2842     7.5720    27.5614    27.5605    34.2844    27.5607    1447.12    1447.13    -0.6842  1028.1798    34.4468 0.0000e+00
       7865 314.088422 -9.990e-29  -58.43971      1.030    1446.55    130.000    128.712    -0.6858    -0.6848     0.0009    -0.6896    -0.6887     0.0009   2.798149   2.798105  -0.000029    34.2873    34.2859     7.5738    27.5634    27.5621    34.2867    27.5628    1447.11    1447.12    -0.6896  1028.1861    34.4484 0.0000e+00
       7888 314.088433 -9.990e-29  -58.43970      1.028    1446.55    131.000    129.702    -0.6863    -0.6856     0.0007    -0.6902    -0.6895     0.0007   2.798168   2.798139  -0.000027    34.2874    34.2863     7.5710    27.5634    27.5625    34.2869    27.5630    1447.13    1447.13    -0.6901  1028.1911    34.4486 0.0000e+00
       7915 314.088446 -9.990e-29  -58.43969      0.965    1446.55    132.000    130.692    -0.6849    -0.6840     0.0009    -0.6889    -0.6880     0.0009   2.798332   2.798360   0.000021    34.2874    34.2866     7.5653    27.5634    27.5627    34.2870    27.5630    1447.15    1447.15    -0.6888  1028.1959    34.4487 0.0000e+00
       7944 314.088460  -62.13766  -58.43968      0.845    1446.55    133.000    131.682    -0.6827    -0.6821     0.0006    -0.6867    -0.6860     0.0006   2.798609   2.798606   0.000002    34.2876    34.2869     7.5665    27.5635    27.5629    34.2876    27.5634    1447.18    1447.18    -0.6866  1028.2045    34.4536 0.0000e+00
       7974 314.088475  -62.13768  -58.43968      0.801    1446.55    134.000    132.671    -0.6826    -0.6817     0.0009    -0.6866    -0.6857     0.0009   2.798679   2.798693   0.000010    34.2881    34.2873     7.5661    27.5638    27.5631    34.2878    27.5636    1447.19    1447.20    -0.6865  1028.2100    34.4544 0.0000e+00
       8003 314.088489  -62.13768  -58.43966      0.816    1446.55    135.000    133.661    -0.6830    -0.6823     0.0008    -0.6870    -0.6863     0.0008   2.798706   2.798685  -0.000022    34.2881    34.2870     7.5654    27.5639    27.5629    34.2880    27.5638    1447.21    1447.21    -0.6869  1028.2150    34.4547 0.0000e+00
       8031 314.088502  -62.13768  -58.43965      0.840    1446.55    136.000    134.651    -0.6839    -0.6830     0.0009    -0.6880    -0.6870     0.0009   2.798785   2.798765  -0.000010    34.2896    34.2885     7.5599    27.5651    27.5641    34.2895    27.5650    1447.22    1447.23    -0.6879  1028.2210    34.4561 0.0000e+00
       8059 314.088515  -62.13768  -58.43964      0.865    1446.55    137.000    135.641    -0.6875    -0.6864     0.0011    -0.6916    -0.6905     0.0011   2.798657   2.798664 5.5968e-07    34.2920    34.2907     7.5657    27.5672    27.5661    34.2912    27.5666    1447.22    1447.23    -0.6915  1028.2274    34.4580 0.0000e+00
       8085 314.088528  -62.13769  -58.43964      0.899    1446.55    138.000    136.631    -0.6960    -0.6936     0.0024    -0.7001    -0.6977     0.0024   2.798198   2.798245   0.000040    34.2949    34.2927     7.5680    27.5699    27.5681    34.2940    27.5692    1447.21    1447.22    -0.7000  1028.2348    34.4607 0.0000e+00
       8109 314.088540  -62.13770  -58.43963      0.950    1446.55    139.000    137.620    -0.7029    -0.7018     0.0012    -0.7071    -0.7059     0.0012   2.797717   2.797726   0.000013    34.2959    34.2948     7.5640    27.5710    27.5701    34.2947    27.5701    1447.19    1447.20    -0.7069  1028.2405    34.4615 0.0000e+00
       8133 314.088551  -62.13770  -58.43962      1.000    1446.55    140.000    138.610    -0.7069    -0.7062     0.0007    -0.7111    -0.7103     0.0007   2.797469   2.797462  -0.000007    34.2961    34.2953     7.5570    27.5714    27.5706    34.2953    27.5707    1447.19    1447.19    -0.7110  1028.2459    34.4620 0.0000e+00
       8158 314.088563  -62.13770  -58.43961      0.988    1446.55    141.000    139.599    -0.7077    -0.7069     0.0008    -0.7119    -0.7111     0.0008   2.797439   2.797445   0.000008    34.2958    34.2950     7.5458    27.5712    27.5704    34.2952    27.5706    1447.20    1447.20    -0.7118  1028.2506    34.4620 0.0000e+00
       8185 314.088576  -62.13770  -58.43960      0.932    1446.55    142.000    140.589    -0.7083    -0.7073     0.0010    -0.7125    -0.7115     0.0010   2.797455   2.797453 -7.474e-07    34.2960    34.2949     7.5340    27.5714    27.5704    34.2954    27.5709    1447.21    1447.22    -0.7124  1028.2557    34.4622 0.0000e+00
       8214 314.088591  -62.13772  -58.43960      0.838    1446.55    143.000    141.579    -0.7083    -0.7076     0.0006    -0.7126    -0.7119     0.0006   2.797486   2.797481  -0.000006    34.2958    34.2949     7.5267    27.5711    27.5704    34.2953    27.5707    1447.23    1447.23    -0.7125  1028.2603    34.4621 0.0000e+00
       8245 314.088605  -62.13772  -58.43958      0.784    1446.55    144.000    142.569    -0.7092    -0.7083     0.0009    -0.7135    -0.7126     0.0009   2.797470   2.797464  -0.000004    34.2960    34.2949     7.5188    27.5714    27.5705    34.2955    27.5709    1447.24    1447.25    -0.7134  1028.2653    34.4622 0.0000e+00
       8272 314.088618  -62.13772  -58.43957      0.845    1446.55    145.000    143.559    -0.7125    -0.7114     0.0011    -0.7168    -0.7157     0.0011   2.797290   2.797295   0.000001    34.2967    34.2955     7.5165    27.5721    27.5711    34.2961    27.5716    1447.25    1447.25    -0.7167  1028.2707    34.4629 0.0000e+00
       8296 314.088630  -62.13772  -58.43956      0.938    1446.55    146.000    144.548    -0.7142    -0.7133     0.0010    -0.7185    -0.7176     0.0010   2.797200   2.797200 1.6897e-07    34.2968    34.2957     7.5160    27.5722    27.5713    34.2962    27.5718    1447.25    1447.26    -0.7184  1028.2757    34.4631 0.0000e+00
       8320 314.088642  -62.13772  -58.43956      0.992    1446.55    147.000    145.538    -0.7183    -0.7164     0.0019    -0.7227    -0.7208     0.0019   2.796963   2.797007   0.000041    34.2980    34.2964     7.5277    27.5734    27.5720    34.2971    27.5726    1447.25    1447.26    -0.7226  1028.2814    34.4639 0.0000e+00
