Pos-Processados/pos_process42/Dados/doperantar42_038.cnv
* Sea-Bird SBE 9 Data File:
* FileName = C:\Users\Hidrografia\Desktop\OPXLII\Brutos\OP42038.hdr
* Software Version Seasave V 7.26.7.107
* Temperature SN = 6502
* Conductivity SN = 4998
* Number of Bytes Per Scan = 37
* Number of Voltage Words = 4
* Number of Scans Averaged by the Deck Unit = 1
* NMEA Latitude = 62 08.57 S
* NMEA Longitude = 058 26.33 W
* NMEA UTC (Time) = Nov 09 2023 13:11:55
* NMEA baud rate = 4800
** H41
** NPOALTEMAXIMIANO
** NUMERO DA ESTACAO (XXX) 038
** LAT (XX XX.XX S/N) 62 08.14 S
** LONG (XXX XX.XX W/E) 058 26.57 W
** DATAHORA (dd/mm/aaaa hh:mm Z) 09/11/2023 1305Z
** PROFUNDIDADE (m) 400
** OPERADOR 1T ZAMITH
# nquan = 30
# nvalues = 346                         
# units = specified
# name 0 = scan: Scan Count
# name 1 = timeJ: Julian Days
# name 2 = latitude: Latitude [deg]
# name 3 = longitude: Longitude [deg]
# name 4 = dz/dtM: Descent Rate [m/s]
# name 5 = avgsvCM: Average Sound Velocity [Chen-Millero, m/s]
# name 6 = prDM: Pressure, Digiquartz [db]
# name 7 = depSM: Depth [salt water, m]
# name 8 = t090C: Temperature [ITS-90, deg C]
# name 9 = t190C: Temperature, 2 [ITS-90, deg C]
# name 10 = T2-T190C: Temperature Difference, 2 - 1 [ITS-90, deg C]
# name 11 = potemp090C: Potential Temperature [ITS-90, deg C]
# name 12 = potemp190C: Potential Temperature, 2 [ITS-90, deg C]
# name 13 = potemp90Cdiff: Potential Temperature, Diff, 2 - 1 [ITS-90, deg C]
# name 14 = c0S/m: Conductivity [S/m]
# name 15 = c1S/m: Conductivity, 2 [S/m]
# name 16 = C2-C1S/m: Conductivity Difference, 2 - 1 [S/m]
# name 17 = sal00: Salinity, Practical [PSU]
# name 18 = sal11: Salinity, Practical, 2 [PSU]
# name 19 = sbeox0ML/L: Oxygen, SBE 43 [ml/l]
# name 20 = sigma-é00: Density [sigma-theta, kg/m^3]
# name 21 = sigma-é11: Density, 2 [sigma-theta, kg/m^3]
# name 22 = sal00: Salinity, Practical [PSU]
# name 23 = sigma-é00: Density [sigma-theta, kg/m^3]
# name 24 = svCM: Sound Velocity [Chen-Millero, m/s]
# name 25 = svCM1: Sound Velocity, 2 [Chen-Millero, m/s]
# name 26 = gsw_ptA0: potential temperature [ITS-90, deg C]
# name 27 = gsw_densityA0: density, TEOS-10 [density, kg/m^3]
# name 28 = gsw_saA0: Absolute Salinity [g/kg]
# name 29 = flag:
# span 0 =       3086,      12920       
# span 1 = 313.551430, 313.556172       
# span 2 =  -62.14522,  -62.14341       
# span 3 =  -58.43813,  -58.43570       
# span 4 =     -0.165,      1.195       
# span 5 =       0.00,    1450.09       
# span 6 =      4.000,    349.000       
# span 7 =      3.951,    345.349       
# span 8 =    -0.8212,    -0.5256       
# span 9 =    -0.8203,    -0.5275       
# span 10 =    -0.0036,     0.0063      
# span 11 =    -0.8259,    -0.5372      
# span 12 =    -0.8250,    -0.5391      
# span 13 =    -0.0035,     0.0063      
# span 14 =   2.789924,   2.830019      
# span 15 =   2.789918,   2.829575      
# span 16 =  -0.000402,   0.000312      
# span 17 =    34.2804,    34.3999      
# span 18 =    34.2791,    34.3966      
# span 19 =     6.7200,     7.7359      
# span 20 =    27.5518,    27.6478      
# span 21 =    27.5507,    27.6452      
# span 22 =    34.2806,    34.4005      
# span 23 =    27.5520,    27.6483      
# span 24 =    1445.69,    1451.58      
# span 25 =    1445.70,    1451.57      
# span 26 =    -0.8258,    -0.5370      
# span 27 =  1027.5762,  1029.3167      
# span 28 =    34.4431,    34.5677      
# span 29 = 0.0000e+00, 0.0000e+00      
# interval = decibars: 1                
# start_time = Nov 09 2023 13:11:55 [NMEA time, header]
# bad_flag = -9.990e-29
*END*
       3086 313.551430  -62.14341  -58.43813     -0.165       0.00      4.000      3.951    -0.5515    -0.5506     0.0009    -0.5516    -0.5507     0.0009   2.803192   2.803166  -0.000014    34.2804    34.2791     7.6487    27.5518    27.5507    34.2807    27.5520    1445.69    1445.70    -0.5516  1027.5762    34.4468 0.0000e+00
       3694 313.551723  -62.14353  -58.43801      0.253       0.00      5.000      4.964    -0.5532    -0.5524     0.0008    -0.5533    -0.5526     0.0008   2.803151   2.803135  -0.000013    34.2814    34.2804     7.6589    27.5527    27.5518    34.2814    27.5527    1445.70    1445.70    -0.5533  1027.5805    34.4461 0.0000e+00
       3699 313.551726  -62.14352  -58.43801      0.592       0.00      6.000      5.943    -0.5535    -0.5525     0.0009    -0.5537    -0.5527     0.0009   2.803151   2.803175   0.000016    34.2812    34.2803     7.6678    27.5525    27.5518    34.2812    27.5525    1445.71    1445.72    -0.5537  1027.5857    34.4465 0.0000e+00
       3736 313.551744  -62.14352  -58.43800      0.656       0.11      7.000      6.933    -0.5537    -0.5525     0.0012    -0.5539    -0.5527     0.0012   2.803196   2.803209   0.000013    34.2813    34.2802     7.6647    27.5526    27.5517    34.2813    27.5526    1445.73    1445.73    -0.5539  1027.5906    34.4467 0.0000e+00
       3780 313.551764  -62.14354  -58.43798      0.553      -0.00      8.000      7.923    -0.5540    -0.5529     0.0011    -0.5542    -0.5532     0.0011   2.803227   2.803225  -0.000003    34.2815    34.2803     7.6724    27.5528    27.5517    34.2815    27.5528    1445.74    1445.75    -0.5542  1027.5956    34.4469 0.0000e+00
       3818 313.551783  -62.14354  -58.43798      0.607 4.4157e-42      9.000      8.913    -0.5537    -0.5528     0.0009    -0.5540    -0.5531     0.0009   2.803309   2.803291  -0.000010    34.2815    34.2804     7.6731    27.5528    27.5518    34.2816    27.5529    1445.76    1445.76    -0.5540  1027.6005    34.4470 0.0000e+00
       3854 313.551800  -62.14354  -58.43796      0.676 4.9422e-16     10.000      9.904    -0.5534    -0.5525     0.0009    -0.5537    -0.5528     0.0009   2.803337   2.803367   0.000020    34.2812    34.2804     7.6715    27.5525    27.5518    34.2811    27.5524    1445.78    1445.78    -0.5537  1027.6021    34.4431 0.0000e+00
       3887 313.551816 -9.990e-29  -58.43796      0.711       0.07     11.000     10.894    -0.5535    -0.5525     0.0009    -0.5538    -0.5529     0.0009   2.803444   2.803409  -0.000031    34.2819    34.2804     7.6879    27.5530    27.5518    34.2820    27.5532    1445.79    1445.80    -0.5538  1027.6073    34.4436 0.0000e+00
       3918 313.551831 -9.990e-29  -58.43794      0.751      -0.00     12.000     11.885    -0.5508    -0.5493     0.0015    -0.5512    -0.5496     0.0015   2.803682   2.803747   0.000060    34.2813    34.2804     7.6888    27.5525    27.5517    34.2815    27.5527    1445.82    1445.83    -0.5512  1027.6116    34.4432 0.0000e+00
       3949 313.551846  -62.14357  -58.43794      0.776 4.6879e-46     13.000     12.875    -0.5544    -0.5527     0.0017    -0.5548    -0.5531     0.0017   2.803421   2.803499   0.000088    34.2819    34.2812     7.6886    27.5531    27.5525    34.2814    27.5528    1445.82    1445.83    -0.5548  1027.6189    34.4461 0.0000e+00
       3979 313.551861  -62.14358  -58.43794      0.800 9.8797e-24     14.000     13.865    -0.5590    -0.5588     0.0002    -0.5594    -0.5592     0.0002   2.803147   2.803071  -0.000088    34.2826    34.2811     7.6951    27.5539    27.5527    34.2823    27.5537    1445.82    1445.82    -0.5594  1027.6251    34.4476 0.0000e+00
       4010 313.551876  -62.14358  -58.43793      0.782       0.19     15.000     14.856    -0.5615    -0.5600     0.0015    -0.5620    -0.5605     0.0015   2.802983   2.802983 -5.980e-07    34.2828    34.2811     7.6876    27.5541    27.5527    34.2824    27.5538    1445.82    1445.83    -0.5619  1027.6301    34.4477 0.0000e+00
       4042 313.551891  -62.14358  -58.43792      0.747       0.00     16.000     15.846    -0.5603    -0.5598     0.0005    -0.5608    -0.5603     0.0005   2.803103   2.803057  -0.000034    34.2818    34.2808     7.6838    27.5533    27.5525    34.2820    27.5535    1445.84    1445.84    -0.5608  1027.6345    34.4473 0.0000e+00
       4073 313.551906  -62.14358  -58.43791      0.760 1.6174e-54     17.000     16.836    -0.5562    -0.5553     0.0010    -0.5568    -0.5558     0.0010   2.803431   2.803469   0.000029    34.2814    34.2807     7.6877    27.5528    27.5522    34.2812    27.5526    1445.88    1445.88    -0.5567  1027.6384    34.4465 0.0000e+00
       4102 313.551920  -62.14359  -58.43790      0.820 5.9814e-33     18.000     17.826    -0.5614    -0.5606     0.0009    -0.5620    -0.5611     0.0009   2.803131   2.803086  -0.000041    34.2827    34.2811     7.6899    27.5541    27.5528    34.2824    27.5539    1445.87    1445.87    -0.5619  1027.6444    34.4477 0.0000e+00
       4131 313.551934  -62.14360  -58.43790      0.841 2.2290e-11     19.000     18.817    -0.5636    -0.5624     0.0012    -0.5641    -0.5630     0.0012   2.802975   2.802977   0.000001    34.2824    34.2811     7.6924    27.5539    27.5528    34.2821    27.5537    1445.88    1445.88    -0.5641  1027.6490    34.4473 0.0000e+00
       4160 313.551948  -62.14360  -58.43788      0.819     652.85     20.000     19.807    -0.5637    -0.5632     0.0005    -0.5643    -0.5638     0.0005   2.802998   2.802968  -0.000028    34.2821    34.2811     7.7037    27.5537    27.5528    34.2820    27.5536    1445.89    1445.89    -0.5643  1027.6537    34.4472 0.0000e+00
       4189 313.551962  -62.14362  -58.43788      0.823    1450.09     21.000     20.797    -0.5608    -0.5604     0.0004    -0.5614    -0.5610     0.0004   2.803306   2.803240  -0.000070    34.2821    34.2807     7.7086    27.5536    27.5524    34.2822    27.5537    1445.92    1445.92    -0.5614  1027.6585    34.4474 0.0000e+00
       4218 313.551976  -62.14362  -58.43787      0.830    1445.89     22.000     21.788    -0.5614    -0.5606     0.0008    -0.5621    -0.5613     0.0008   2.803237   2.803247   0.000011    34.2815    34.2808     7.7030    27.5531    27.5525    34.2813    27.5530    1445.94    1445.94    -0.5620  1027.6626    34.4466 0.0000e+00
       4248 313.551990  -62.14362  -58.43786      0.807    1445.89     23.000     22.778    -0.5617    -0.5611     0.0006    -0.5624    -0.5618     0.0006   2.803340   2.803271  -0.000069    34.2824    34.2807     7.6940    27.5538    27.5525    34.2824    27.5539    1445.95    1445.95    -0.5624  1027.6683    34.4476 0.0000e+00
       4276 313.552004  -62.14364  -58.43786      0.824    1445.89     24.000     23.768    -0.5611    -0.5613    -0.0001    -0.5618    -0.5620    -0.0001   2.803367   2.803311  -0.000051    34.2816    34.2810     7.6907    27.5532    27.5527    34.2815    27.5531    1445.97    1445.97    -0.5618  1027.6724    34.4468 0.0000e+00
       4302 313.552016  -62.14364  -58.43784      0.906    1445.89     25.000     24.759    -0.5615    -0.5612     0.0004    -0.5623    -0.5619     0.0004   2.803458   2.803355  -0.000097    34.2825    34.2808     7.6945    27.5540    27.5526    34.2826    27.5540    1445.99    1445.98    -0.5622  1027.6781    34.4479 0.0000e+00
       4327 313.552029  -62.14364  -58.43784      0.941    1445.89     26.000     25.749    -0.5613    -0.5601     0.0012    -0.5621    -0.5609     0.0012   2.803444   2.803499   0.000036    34.2816    34.2807     7.6986    27.5532    27.5524    34.2815    27.5532    1446.00    1446.00    -0.5621  1027.6820    34.4468 0.0000e+00
       4354 313.552041  -62.14364  -58.43784      0.938    1445.89     27.000     26.739    -0.5610    -0.5602     0.0008    -0.5618    -0.5610     0.0008   2.803526   2.803524   0.000006    34.2816    34.2808     7.6976    27.5532    27.5525    34.2817    27.5533    1446.02    1446.02    -0.5618  1027.6869    34.4470 0.0000e+00
       4383 313.552055  -62.14365  -58.43782      0.860    1445.89     28.000     27.730    -0.5608    -0.5600     0.0008    -0.5616    -0.5608     0.0008   2.803650   2.803590  -0.000059    34.2824    34.2807     7.6933    27.5538    27.5524    34.2825    27.5539    1446.04    1446.04    -0.5616  1027.6923    34.4478 0.0000e+00
       4414 313.552070  -62.14366  -58.43782      0.766    1445.89     29.000     28.720    -0.5608    -0.5600     0.0008    -0.5616    -0.5608     0.0008   2.803659   2.803644  -0.000019    34.2820    34.2808     7.7048    27.5535    27.5525    34.2820    27.5535    1446.05    1446.06    -0.5616  1027.6967    34.4473 0.0000e+00
       4444 313.552085  -62.14366  -58.43781      0.781    1445.89     30.000     29.710    -0.5610    -0.5600     0.0010    -0.5619    -0.5609     0.0010   2.803644   2.803684   0.000035    34.2814    34.2807     7.7062    27.5530    27.5525    34.2815    27.5531    1446.07    1446.07    -0.5619  1027.7015    34.4473 0.0000e+00
       4471 313.552098  -62.14366 -9.990e-29      0.857    1445.89     31.000     30.700    -0.5644    -0.5636     0.0008    -0.5653    -0.5645     0.0008   2.803459   2.803428  -0.000021    34.2825    34.2813     7.7029    27.5541    27.5530    34.2822    27.5538    1446.07    1446.07    -0.5653  1027.7072    34.4483 0.0000e+00
       4497 313.552110  -62.14368 -9.990e-29      0.915    1445.89     32.000     31.691    -0.5661    -0.5653     0.0008    -0.5670    -0.5663     0.0008   2.803363   2.803335  -0.000033    34.2823    34.2810     7.6975    27.5540    27.5529    34.2821    27.5538    1446.08    1446.08    -0.5670  1027.7120    34.4482 0.0000e+00
       4524 313.552123  -62.14368 -9.990e-29      0.927    1445.89     33.000     32.681    -0.5658    -0.5649     0.0010    -0.5668    -0.5659     0.0010   2.803393   2.803420   0.000025    34.2817    34.2810     7.6918    27.5535    27.5528    34.2816    27.5534    1446.09    1446.10    -0.5668  1027.7165    34.4478 0.0000e+00
       4552 313.552137  -62.14368  -58.43778      0.854    1445.89     34.000     33.671    -0.5671    -0.5666     0.0005    -0.5681    -0.5676     0.0005   2.803409   2.803323  -0.000083    34.2828    34.2811     7.6960    27.5544    27.5530    34.2827    27.5543    1446.11    1446.10    -0.5681  1027.7215    34.4481 0.0000e+00
       4582 313.552151  -62.14369  -58.43777      0.808    1445.89     35.000     34.661    -0.5662    -0.5653     0.0008    -0.5672    -0.5664     0.0008   2.803439   2.803470   0.000031    34.2815    34.2809     7.7045    27.5533    27.5529    34.2814    27.5533    1446.12    1446.13    -0.5672  1027.7252    34.4468 0.0000e+00
       4611 313.552165  -62.14370  -58.43776      0.816    1445.89     36.000     35.652    -0.5665    -0.5658     0.0007    -0.5676    -0.5668     0.0007   2.803536   2.803488  -0.000042    34.2824    34.2810     7.7085    27.5541    27.5529    34.2824    27.5541    1446.14    1446.14    -0.5675  1027.7309    34.4478 0.0000e+00
       4637 313.552178  -62.14370  -58.43776      0.883    1445.89     37.000     36.642    -0.5648    -0.5640     0.0008    -0.5659    -0.5651     0.0008   2.803738   2.803685  -0.000056    34.2825    34.2809     7.7035    27.5541    27.5528    34.2826    27.5542    1446.16    1446.16    -0.5659  1027.7357    34.4480 0.0000e+00
       4662 313.552190  -62.14370  -58.43776      0.957    1445.89     38.000     37.632    -0.5649    -0.5640     0.0009    -0.5660    -0.5651     0.0009   2.803771   2.803725  -0.000048    34.2826    34.2810     7.7008    27.5542    27.5528    34.2825    27.5541    1446.18    1446.18    -0.5660  1027.7404    34.4479 0.0000e+00
       4688 313.552202  -62.14372  -58.43774      0.951    1445.89     39.000     38.622    -0.5665    -0.5654     0.0011    -0.5677    -0.5666     0.0011   2.803635   2.803667   0.000024    34.2822    34.2812     7.6949    27.5539    27.5531    34.2820    27.5537    1446.19    1446.19    -0.5676  1027.7449    34.4474 0.0000e+00
       4716 313.552216  -62.14372  -58.43774      0.873    1445.89     40.000     39.612    -0.5660    -0.5649     0.0011    -0.5672    -0.5661     0.0011   2.803711   2.803751   0.000035    34.2817    34.2809     7.7011    27.5535    27.5528    34.2818    27.5535    1446.21    1446.21    -0.5672  1027.7495    34.4472 0.0000e+00
       4745 313.552230  -62.14372  -58.43773      0.835    1445.89     41.000     40.603    -0.5676    -0.5660     0.0016    -0.5688    -0.5673     0.0016   2.803700   2.803707   0.000024    34.2827    34.2813     7.7117    27.5544    27.5532    34.2828    27.5545    1446.22    1446.22    -0.5688  1027.7552    34.4483 0.0000e+00
       4771 313.552243  -62.14372  -58.43772      0.879    1445.89     42.000     41.593    -0.5664    -0.5647     0.0016    -0.5676    -0.5660     0.0016   2.803817   2.803856   0.000030    34.2826    34.2811     7.7281    27.5542    27.5530    34.2824    27.5541    1446.24    1446.24    -0.5676  1027.7596    34.4478 0.0000e+00
       4797 313.552255  -62.14373  -58.43772      0.931    1445.89     43.000     42.583    -0.5686    -0.5676     0.0010    -0.5699    -0.5689     0.0010   2.803707   2.803667  -0.000035    34.2830    34.2814     7.7323    27.5546    27.5533    34.2828    27.5545    1446.25    1446.25    -0.5699  1027.7648    34.4483 0.0000e+00
       4822 313.552267  -62.14374  -58.43771      0.939    1445.89     44.000     43.573    -0.5699    -0.5692     0.0007    -0.5712    -0.5705     0.0007   2.803619   2.803577  -0.000044    34.2826    34.2812     7.7261    27.5544    27.5532    34.2824    27.5543    1446.25    1446.25    -0.5712  1027.7693    34.4479 0.0000e+00
       4849 313.552280  -62.14374  -58.43770      0.908    1445.89     45.000     44.563    -0.5708    -0.5696     0.0012    -0.5721    -0.5709     0.0012   2.803525   2.803576   0.000051    34.2817    34.2811     7.7191    27.5538    27.5532    34.2816    27.5536    1446.26    1446.27    -0.5721  1027.7735    34.4471 0.0000e+00
       4877 313.552293  -62.14374  -58.43770      0.881    1445.89     46.000     45.554    -0.5705    -0.5699     0.0006    -0.5719    -0.5713     0.0006   2.803647   2.803617  -0.000022    34.2821    34.2812     7.7155    27.5541    27.5533    34.2823    27.5542    1446.28    1446.29    -0.5718  1027.7788    34.4478 0.0000e+00
       4902 313.552306  -62.14374  -58.43770      0.904    1445.89     47.000     46.544    -0.5686    -0.5682     0.0004    -0.5701    -0.5696     0.0004   2.803861   2.803778  -0.000080    34.2824    34.2808     7.7086    27.5542    27.5529    34.2824    27.5542    1446.31    1446.31    -0.5700  1027.7837    34.4480 0.0000e+00
       4927 313.552318  -62.14376  -58.43768      0.957    1445.89     48.000     47.534    -0.5688    -0.5678     0.0010    -0.5702    -0.5692     0.0010   2.803906   2.803876  -0.000037    34.2826    34.2810     7.7163    27.5544    27.5530    34.2826    27.5544    1446.32    1446.33    -0.5702  1027.7886    34.4481 0.0000e+00
       4951 313.552329  -62.14376  -58.43768      0.986    1445.89     49.000     48.524    -0.5679    -0.5669     0.0011    -0.5694    -0.5683     0.0011   2.803996   2.803989  -0.000025    34.2825    34.2809     7.7267    27.5543    27.5529    34.2822    27.5540    1446.34    1446.35    -0.5693  1027.7931    34.4478 0.0000e+00
       4977 313.552342  -62.14376  -58.43768      0.953    1445.89     50.000     49.514    -0.5852    -0.5789     0.0063    -0.5867    -0.5804     0.0063   2.802669   2.802939   0.000280    34.2852    34.2818     7.7359    27.5571    27.5542    34.2833    27.5557    1446.28    1446.31    -0.5867  1027.7995    34.4489 0.0000e+00
       5004 313.552355  -62.14376  -58.43766      0.908    1445.89     51.000     50.504    -0.5923    -0.5907     0.0015    -0.5938    -0.5922     0.0015   2.802039   2.802055   0.000006    34.2828    34.2811     7.7337    27.5556    27.5541    34.2821    27.5550    1446.26    1446.27    -0.5938  1027.8037    34.4477 0.0000e+00
