Pos-Processados/pos_process42/Dados/doperantar42_038.cnv
* Sea-Bird SBE 9 Data File:
* FileName = C:\Users\Hidrografia\Desktop\OPXLII\Brutos\OP42038.hdr
* Software Version Seasave V 7.26.7.107
* Temperature SN = 6502
* Conductivity SN = 4998
* Number of Bytes Per Scan = 37
* Number of Voltage Words = 4
* Number of Scans Averaged by the Deck Unit = 1
* NMEA Latitude = 62 08.57 S
* NMEA Longitude = 058 26.33 W
* NMEA UTC (Time) = Nov 09 2023 13:11:55
* NMEA baud rate = 4800
** H41
** NPOALTEMAXIMIANO
** NUMERO DA ESTACAO (XXX) 038
** LAT (XX XX.XX S/N) 62 08.14 S
** LONG (XXX XX.XX W/E) 058 26.57 W
** DATAHORA (dd/mm/aaaa hh:mm Z) 09/11/2023 1305Z
** PROFUNDIDADE (m) 400
** OPERADOR 1T ZAMITH
# nquan = 30
# nvalues = 346                         
# units = specified
# name 0 = scan: Scan Count
# name 1 = timeJ: Julian Days
# name 2 = latitude: Latitude [deg]
# name 3 = longitude: Longitude [deg]
# name 4 = dz/dtM: Descent Rate [m/s]
# name 5 = avgsvCM: Average Sound Velocity [Chen-Millero, m/s]
# name 6 = prDM: Pressure, Digiquartz [db]
# name 7 = depSM: Depth [salt water, m]
# name 8 = t090C: Temperature [ITS-90, deg C]
# name 9 = t190C: Temperature, 2 [ITS-90, deg C]
# name 10 = T2-T190C: Temperature Difference, 2 - 1 [ITS-90, deg C]
# name 11 = potemp090C: Potential Temperature [ITS-90, deg C]
# name 12 = potemp190C: Potential Temperature, 2 [ITS-90, deg C]
# name 13 = potemp90Cdiff: Potential Temperature, Diff, 2 - 1 [ITS-90, deg C]
# name 14 = c0S/m: Conductivity [S/m]
# name 15 = c1S/m: Conductivity, 2 [S/m]
# name 16 = C2-C1S/m: Conductivity Difference, 2 - 1 [S/m]
# name 17 = sal00: Salinity, Practical [PSU]
# name 18 = sal11: Salinity, Practical, 2 [PSU]
# name 19 = sbeox0ML/L: Oxygen, SBE 43 [ml/l]
# name 20 = sigma-é00: Density [sigma-theta, kg/m^3]
# name 21 = sigma-é11: Density, 2 [sigma-theta, kg/m^3]
# name 22 = sal00: Salinity, Practical [PSU]
# name 23 = sigma-é00: Density [sigma-theta, kg/m^3]
# name 24 = svCM: Sound Velocity [Chen-Millero, m/s]
# name 25 = svCM1: Sound Velocity, 2 [Chen-Millero, m/s]
# name 26 = gsw_ptA0: potential temperature [ITS-90, deg C]
# name 27 = gsw_densityA0: density, TEOS-10 [density, kg/m^3]
# name 28 = gsw_saA0: Absolute Salinity [g/kg]
# name 29 = flag:
# span 0 =       3086,      12920       
# span 1 = 313.551430, 313.556172       
# span 2 =  -62.14522,  -62.14341       
# span 3 =  -58.43813,  -58.43570       
# span 4 =     -0.165,      1.195       
# span 5 =       0.00,    1450.09       
# span 6 =      4.000,    349.000       
# span 7 =      3.951,    345.349       
# span 8 =    -0.8212,    -0.5256       
# span 9 =    -0.8203,    -0.5275       
# span 10 =    -0.0036,     0.0063      
# span 11 =    -0.8259,    -0.5372      
# span 12 =    -0.8250,    -0.5391      
# span 13 =    -0.0035,     0.0063      
# span 14 =   2.789924,   2.830019      
# span 15 =   2.789918,   2.829575      
# span 16 =  -0.000402,   0.000312      
# span 17 =    34.2804,    34.3999      
# span 18 =    34.2791,    34.3966      
# span 19 =     6.7200,     7.7359      
# span 20 =    27.5518,    27.6478      
# span 21 =    27.5507,    27.6452      
# span 22 =    34.2806,    34.4005      
# span 23 =    27.5520,    27.6483      
# span 24 =    1445.69,    1451.58      
# span 25 =    1445.70,    1451.57      
# span 26 =    -0.8258,    -0.5370      
# span 27 =  1027.5762,  1029.3167      
# span 28 =    34.4431,    34.5677      
# span 29 = 0.0000e+00, 0.0000e+00      
# interval = decibars: 1                
# start_time = Nov 09 2023 13:11:55 [NMEA time, header]
# bad_flag = -9.990e-29
*END*
[from data line 49]
       5054 313.552379  -62.14378 -9.990e-29      0.962    1445.89     53.000     52.485    -0.5857    -0.5846     0.0011    -0.5873    -0.5862     0.0011   2.802607   2.802626   0.000009    34.2817    34.2806     7.7327    27.5544    27.5534    34.2811    27.5539    1446.32    1446.33    -0.5873  1027.8129    34.4477 0.0000e+00
       5077 313.552390  -62.14378 -9.990e-29      1.003    1445.89     54.000     53.475    -0.5895    -0.5884     0.0011    -0.5911    -0.5900     0.0011   2.802338   2.802348   0.000002    34.2821    34.2809     7.7337    27.5549    27.5539    34.2812    27.5541    1446.32    1446.33    -0.5911  1027.8179    34.4477 0.0000e+00
       5102 313.552402  -62.14379 -9.990e-29      1.006    1445.89     55.000     54.465    -0.6001    -0.5942     0.0060    -0.6017    -0.5958     0.0060   2.801553   2.801908   0.000312    34.2832    34.2807     7.7340    27.5563    27.5539    34.2820    27.5552    1446.29    1446.32    -0.6017  1027.8239    34.4486 0.0000e+00
       5128 313.552414  -62.14380 -9.990e-29      0.954    1445.89     56.000     55.455    -0.6029    -0.5987     0.0042    -0.6046    -0.6004     0.0042   2.801374   2.801542   0.000207    34.2830    34.2810     7.7338    27.5562    27.5544    34.2822    27.5555    1446.29    1446.31    -0.6045  1027.8289    34.4488 0.0000e+00
       5155 313.552428  -62.14380  -58.43762      0.889    1445.89     57.000     56.445    -0.6045    -0.6036     0.0010    -0.6063    -0.6053     0.0010   2.801211   2.801207 9.4692e-07    34.2818    34.2807     7.7229    27.5553    27.5544    34.2812    27.5548    1446.30    1446.30    -0.6062  1027.8326    34.4473 0.0000e+00
       5180 313.552440  -62.14380  -58.43762      0.908    1445.89     58.000     57.435    -0.6040    -0.6031     0.0010    -0.6058    -0.6048     0.0010   2.801290   2.801287  -0.000004    34.2816    34.2804     7.7117    27.5551    27.5541    34.2810    27.5546    1446.32    1446.32    -0.6057  1027.8368    34.4466 0.0000e+00
       5204 313.552451  -62.14381  -58.43762      0.979    1445.89     59.000     58.425    -0.6036    -0.6025     0.0011    -0.6054    -0.6043     0.0011   2.801376   2.801374   0.000001    34.2815    34.2803     7.6988    27.5550    27.5540    34.2811    27.5547    1446.34    1446.34    -0.6053  1027.8417    34.4468 0.0000e+00
       5227 313.552463  -62.14382  -58.43762      1.023    1445.89     60.000     59.416    -0.6018    -0.6009     0.0008    -0.6035    -0.6027     0.0008   2.801539   2.801541   0.000007    34.2807    34.2799     7.6789    27.5543    27.5536    34.2806    27.5542    1446.36    1446.36    -0.6035  1027.8460    34.4462 0.0000e+00
       5251 313.552474  -62.14382  -58.43761      1.025    1445.89     61.000     60.406    -0.6021    -0.6014     0.0008    -0.6040    -0.6032     0.0008   2.801576   2.801564  -0.000011    34.2812    34.2801     7.6490    27.5547    27.5538    34.2809    27.5545    1446.38    1446.38    -0.6040  1027.8510    34.4465 0.0000e+00
       5276 313.552486  -62.14382  -58.43760      0.999    1445.89     62.000     61.396    -0.6018    -0.6011     0.0007    -0.6037    -0.6029     0.0007   2.801665   2.801645  -0.000019    34.2812    34.2802     7.6314    27.5547    27.5538    34.2811    27.5546    1446.40    1446.40    -0.6036  1027.8560    34.4467 0.0000e+00
       5300 313.552498  -62.14382  -58.43760      0.975    1445.89     63.000     62.386    -0.6016    -0.6008     0.0008    -0.6035    -0.6027     0.0008   2.801736   2.801722  -0.000015    34.2814    34.2802     7.6302    27.5548    27.5539    34.2812    27.5547    1446.41    1446.41    -0.6034  1027.8608    34.4469 0.0000e+00
       5324 313.552509  -62.14383  -58.43759      0.985    1445.89     64.000     63.376    -0.6010    -0.6002     0.0008    -0.6029    -0.6021     0.0008   2.801827   2.801813  -0.000012    34.2814    34.2803     7.6332    27.5548    27.5539    34.2812    27.5546    1446.43    1446.44    -0.6029  1027.8656    34.4469 0.0000e+00
       5348 313.552521  -62.14384  -58.43758      1.004    1445.89     65.000     64.366    -0.6044    -0.6031     0.0013    -0.6063    -0.6051     0.0013   2.801644   2.801662   0.000009    34.2822    34.2809     7.6306    27.5556    27.5545    34.2819    27.5554    1446.43    1446.44    -0.6063  1027.8683    34.4441 0.0000e+00
       5372 313.552532 -9.990e-29  -58.43757      1.013    1445.89     66.000     65.357    -0.6064    -0.6047     0.0017    -0.6084    -0.6067     0.0017   2.801583   2.801599   0.000022    34.2833    34.2816     7.6279    27.5566    27.5552    34.2827    27.5561    1446.44    1446.45    -0.6083  1027.8734    34.4444 0.0000e+00
       5396 313.552544 -9.990e-29  -58.43756      0.997    1445.89     67.000     66.346    -0.6092    -0.6087     0.0004    -0.6112    -0.6107     0.0004   2.801424   2.801398  -0.000007    34.2832    34.2826     7.6208    27.5566    27.5561    34.2831    27.5565    1446.44    1446.44    -0.6111  1027.8786    34.4447 0.0000e+00
       5420 313.552555 -9.990e-29  -58.43756      0.998    1445.89     68.000     67.337    -0.6100    -0.6094     0.0005    -0.6120    -0.6115     0.0005   2.801412   2.801344  -0.000067    34.2838    34.2823     7.6261    27.5572    27.5559    34.2832    27.5567    1446.46    1446.46    -0.6120  1027.8835    34.4449 0.0000e+00
       5442 313.552566  -62.14386  -58.43756      1.032    1445.89     69.000     68.326    -0.6143    -0.6136     0.0007    -0.6164    -0.6157     0.0007   2.801127   2.801057  -0.000057    34.2846    34.2831     7.6321    27.5580    27.5567    34.2836    27.5572    1446.45    1446.46    -0.6163  1027.8910    34.4479 0.0000e+00
       5465 313.552577  -62.14386  -58.43755      1.063    1445.89     70.000     69.317    -0.6185    -0.6207    -0.0022    -0.6206    -0.6228    -0.0022   2.800701   2.800541  -0.000180    34.2834    34.2835     7.6273    27.5572    27.5574    34.2820    27.5561    1446.45    1446.44    -0.6205  1027.8959    34.4478 0.0000e+00
       5487 313.552588  -62.14386  -58.43754      1.076    1445.89     71.000     70.307    -0.6293    -0.6320    -0.0027    -0.6314    -0.6341    -0.0027   2.800014   2.799705  -0.000288    34.2851    34.2843     7.6123    27.5591    27.5586    34.2844    27.5585    1446.42    1446.40    -0.6314  1027.9030    34.4501 0.0000e+00
       5510 313.552599  -62.14386  -58.43754      1.076    1445.89     72.000     71.296    -0.6294    -0.6276     0.0018    -0.6315    -0.6297     0.0018   2.800015   2.800061   0.000024    34.2847    34.2829     7.6025    27.5588    27.5572    34.2839    27.5581    1446.43    1446.44    -0.6315  1027.9074    34.4497 0.0000e+00
       5533 313.552610  -62.14386  -58.43754      1.058    1445.89     73.000     72.287    -0.6263    -0.6264    -0.0000    -0.6285    -0.6286    -0.0000   2.800216   2.800169  -0.000039    34.2828    34.2823     7.6021    27.5571    27.5567    34.2825    27.5568    1446.46    1446.46    -0.6284  1027.9109    34.4483 0.0000e+00
       5556 313.552621  -62.14388  -58.43754      1.028    1445.89     74.000     73.277    -0.6272    -0.6269     0.0004    -0.6294    -0.6291     0.0004   2.800201   2.800190  -0.000028    34.2832    34.2824     7.5936    27.5574    27.5567    34.2827    27.5570    1446.47    1446.47    -0.6294  1027.9159    34.4485 0.0000e+00
       5580 313.552633  -62.14388  -58.43752      1.012    1445.89     75.000     74.267    -0.6272    -0.6254     0.0018    -0.6294    -0.6276     0.0018   2.800255   2.800320   0.000071    34.2832    34.2821     7.5924    27.5574    27.5565    34.2827    27.5571    1446.49    1446.50    -0.6294  1027.9207    34.4485 0.0000e+00
       5603 313.552644  -62.14388  -58.43752      1.035    1446.06     76.000     75.257    -0.6306    -0.6299     0.0007    -0.6328    -0.6321     0.0007   2.800079   2.800031  -0.000051    34.2843    34.2828     7.5998    27.5585    27.5572    34.2836    27.5579    1446.49    1446.49    -0.6328  1027.9264    34.4495 0.0000e+00
       5626 313.552655  -62.14388  -58.43752      1.048    1446.19     77.000     76.247    -0.6322    -0.6314     0.0008    -0.6345    -0.6337     0.0008   2.799979   2.799971  -0.000010    34.2839    34.2829     7.5974    27.5582    27.5574    34.2835    27.5579    1446.50    1446.50    -0.6344  1027.9312    34.4493 0.0000e+00
       5649 313.552666  -62.14390  -58.43750      1.035    1446.19     78.000     77.237    -0.6333    -0.6322     0.0011    -0.6356    -0.6345     0.0011   2.799942   2.799947   0.000008    34.2841    34.2829     7.5989    27.5584    27.5574    34.2836    27.5580    1446.51    1446.51    -0.6356  1027.9361    34.4495 0.0000e+00
       5673 313.552678  -62.14390  -58.43750      1.011    1446.19     79.000     78.227    -0.6344    -0.6336     0.0008    -0.6367    -0.6359     0.0008   2.799895   2.799888  -0.000009    34.2841    34.2830     7.5950    27.5585    27.5576    34.2836    27.5580    1446.52    1446.52    -0.6367  1027.9409    34.4494 0.0000e+00
       5697 313.552689  -62.14390  -58.43750      1.004    1446.19     80.000     79.217    -0.6351    -0.6337     0.0014    -0.6374    -0.6360     0.0014   2.799864   2.799902   0.000026    34.2840    34.2828     7.5975    27.5585    27.5574    34.2833    27.5579    1446.53    1446.54    -0.6374  1027.9455    34.4492 0.0000e+00
       5719 313.552700  -62.14390  -58.43748      1.032    1446.19     81.000     80.207    -0.6516    -0.6476     0.0040    -0.6540    -0.6500     0.0040   2.798701   2.798840   0.000133    34.2884    34.2856     7.5948    27.5627    27.5603    34.2857    27.5605    1446.48    1446.49    -0.6539  1027.9530    34.4517 0.0000e+00
       5741 313.552710  -62.14390  -58.43748      1.077    1446.19     82.000     81.197    -0.6646    -0.6635     0.0011    -0.6670    -0.6660     0.0011   2.797691   2.797737   0.000053    34.2878    34.2873     7.5956    27.5628    27.5623    34.2862    27.5615    1446.43    1446.44    -0.6670  1027.9588    34.4522 0.0000e+00
       5763 313.552721  -62.14390  -58.43748      1.109    1446.19     83.000     82.187    -0.6675    -0.6665     0.0010    -0.6700    -0.6690     0.0010   2.797522   2.797539   0.000025    34.2879    34.2871     7.5935    27.5630    27.5623    34.2866    27.5619    1446.44    1446.44    -0.6699  1027.9641    34.4526 0.0000e+00
       5784 313.552731  -62.14391  -58.43748      1.121    1446.19     84.000     83.177    -0.6680    -0.6664     0.0016    -0.6705    -0.6688     0.0016   2.797501   2.797588   0.000065    34.2876    34.2867     7.5817    27.5628    27.5619    34.2863    27.5617    1446.45    1446.46    -0.6704  1027.9686    34.4523 0.0000e+00
       5807 313.552742  -62.14392  -58.43747      1.081    1446.19     85.000     84.167    -0.6758    -0.6761    -0.0003    -0.6783    -0.6786    -0.0003   2.796997   2.796892  -0.000073    34.2887    34.2880     7.5706    27.5640    27.5635    34.2877    27.5631    1446.43    1446.43    -0.6782  1027.9749    34.4537 0.0000e+00
       5832 313.552754  -62.14392  -58.43746      1.016    1446.19     86.000     85.157    -0.6698    -0.6699    -0.0001    -0.6723    -0.6725    -0.0001   2.797471   2.797380  -0.000103    34.2877    34.2864     7.5652    27.5629    27.5619    34.2867    27.5621    1446.47    1446.47    -0.6723  1027.9786    34.4527 0.0000e+00
       5856 313.552766  -62.14392  -58.43746      0.985    1446.19     87.000     86.147    -0.6740    -0.6738     0.0001    -0.6765    -0.6764     0.0001   2.797185   2.797128  -0.000047    34.2878    34.2870     7.5628    27.5632    27.5625    34.2869    27.5624    1446.47    1446.47    -0.6765  1027.9838    34.4529 0.0000e+00
       5879 313.552777  -62.14393  -58.43745      1.010    1446.19     88.000     87.137    -0.6767    -0.6759     0.0008    -0.6793    -0.6785     0.0008   2.796996   2.797008   0.000010    34.2880    34.2873     7.5557    27.5635    27.5628    34.2868    27.5625    1446.47    1446.48    -0.6792  1027.9886    34.4529 0.0000e+00
       5901 313.552787  -62.14394  -58.43744      1.060    1446.19     89.000     88.127    -0.6835    -0.6831     0.0004    -0.6861    -0.6858     0.0004   2.796605   2.796552  -0.000052    34.2897    34.2886     7.5515    27.5651    27.5643    34.2886    27.5642    1446.46    1446.46    -0.6860  1027.9952    34.4547 0.0000e+00
       5922 313.552798  -62.14394  -58.43744      1.102    1446.19     90.000     89.117    -0.6862    -0.6861     0.0002    -0.6889    -0.6887     0.0002   2.796408   2.796347  -0.000057    34.2899    34.2890     7.5493    27.5654    27.5646    34.2884    27.5642    1446.46    1446.46    -0.6888  1028.0000    34.4545 0.0000e+00
       5944 313.552808  -62.14394  -58.43744      1.108    1446.19     91.000     90.107    -0.6929    -0.6923     0.0006    -0.6955    -0.6950     0.0006   2.795951   2.795926  -0.000028    34.2904    34.2893     7.5471    27.5660    27.5652    34.2892    27.5651    1446.45    1446.45    -0.6955  1028.0063    34.4561 0.0000e+00
       5968 313.552820  -62.14395 -9.990e-29      1.053    1446.19     92.000     91.097    -0.6986    -0.6973     0.0012    -0.7013    -0.7000     0.0012   2.795518   2.795525   0.000004    34.2910    34.2896     7.5514    27.5668    27.5656    34.2892    27.5653    1446.44    1446.44    -0.7012  1028.0116    34.4564 0.0000e+00
       5994 313.552832  -62.14396 -9.990e-29      0.969    1446.19     93.000     92.087    -0.7033    -0.7027     0.0006    -0.7060    -0.7054     0.0006   2.795123   2.795129   0.000012    34.2897    34.2892     7.5497    27.5659    27.5656    34.2885    27.5650    1446.43    1446.44    -0.7059  1028.0161    34.4558 0.0000e+00
       6018 313.552844  -62.14396 -9.990e-29      0.951    1446.19     94.000     93.077    -0.6985    -0.6981     0.0004    -0.7013    -0.7008     0.0004   2.795500   2.795561   0.000034    34.2879    34.2879     7.5434    27.5643    27.5643    34.2876    27.5640    1446.47    1446.47    -0.7012  1028.0199    34.4548 0.0000e+00
       6040 313.552855  -62.14396  -58.43741      1.022    1446.19     95.000     94.067    -0.6956    -0.6929     0.0027    -0.6984    -0.6957     0.0027   2.795843   2.796034   0.000207    34.2885    34.2883     7.5400    27.5647    27.5644    34.2884    27.5646    1446.50    1446.51    -0.6983  1028.0247    34.4550 0.0000e+00
       6061 313.552865  -62.14396  -58.43740      1.113    1446.19     96.000     95.057    -0.6941    -0.6933     0.0007    -0.6969    -0.6962     0.0007   2.796015   2.796048   0.000029    34.2888    34.2883     7.5362    27.5648    27.5644    34.2883    27.5645    1446.52    1446.53    -0.6968  1028.0290    34.4545 0.0000e+00
       6081 313.552874  -62.14398  -58.43740      1.172    1446.19     97.000     96.047    -0.6996    -0.6976     0.0020    -0.7025    -0.7005     0.0020   2.795643   2.795743   0.000094    34.2902    34.2892     7.5314    27.5662    27.5653    34.2890    27.5652    1446.52    1446.53    -0.7024  1028.0346    34.4552 0.0000e+00
       6103 313.552885  -62.14398  -58.43740      1.165    1446.19     98.000     97.036    -0.7078    -0.7039     0.0039    -0.7107    -0.7067     0.0039   2.795105   2.795271   0.000156    34.2913    34.2889     7.5285    27.5674    27.5654    34.2903    27.5666    1446.50    1446.51    -0.7106  1028.0408    34.4566 0.0000e+00
       6127 313.552897  -62.14398  -58.43738      1.054    1446.19     99.000     98.027    -0.7050    -0.7054    -0.0003    -0.7079    -0.7083    -0.0003   2.795221   2.795176  -0.000009    34.2885    34.2888     7.5304    27.5651    27.5653    34.2881    27.5648    1446.52    1446.52    -0.7078  1028.0438    34.4544 0.0000e+00
