Pos-Processados/pos_process42/Dados/doperantar42_017.cnv
* Sea-Bird SBE 9 Data File:
* FileName = C:\Users\Hidrografia\Desktop\OPXLII\Brutos\OP42017.hdr
* Software Version Seasave V 7.26.7.107
* Temperature SN = 6502
* Conductivity SN = 4998
* Number of Bytes Per Scan = 37
* Number of Voltage Words = 4
* Number of Scans Averaged by the Deck Unit = 1
* NMEA Latitude = 62 11.60 S
* NMEA Longitude = 058 03.21 W
* NMEA UTC (Time) = Nov 07 2023 10:12:31
* NMEA baud rate = 4800
** H41
** NPOALTEMAXIMIANO
** NUMERO DA ESTACAO (XXX) 017
** LAT (XX XX.XX S/N) 62 11.58 S
** LONG (XXX XX.XX W/E) 058 03.19 W
** DATAHORA (dd/mm/aaaa hh:mm Z) 07/11/2023 1011Z
** PROFUNDIDADE (m) 523
** OPERADOR CT FABIREZA
# nquan = 30
# nvalues = 523                         
# units = specified
# name 0 = scan: Scan Count
# name 1 = timeJ: Julian Days
# name 2 = latitude: Latitude [deg]
# name 3 = longitude: Longitude [deg]
# name 4 = dz/dtM: Descent Rate [m/s]
# name 5 = avgsvCM: Average Sound Velocity [Chen-Millero, m/s]
# name 6 = prDM: Pressure, Digiquartz [db]
# name 7 = depSM: Depth [salt water, m]
# name 8 = t090C: Temperature [ITS-90, deg C]
# name 9 = t190C: Temperature, 2 [ITS-90, deg C]
# name 10 = T2-T190C: Temperature Difference, 2 - 1 [ITS-90, deg C]
# name 11 = potemp090C: Potential Temperature [ITS-90, deg C]
# name 12 = potemp190C: Potential Temperature, 2 [ITS-90, deg C]
# name 13 = potemp90Cdiff: Potential Temperature, Diff, 2 - 1 [ITS-90, deg C]
# name 14 = c0S/m: Conductivity [S/m]
# name 15 = c1S/m: Conductivity, 2 [S/m]
# name 16 = C2-C1S/m: Conductivity Difference, 2 - 1 [S/m]
# name 17 = sal00: Salinity, Practical [PSU]
# name 18 = sal11: Salinity, Practical, 2 [PSU]
# name 19 = sbeox0ML/L: Oxygen, SBE 43 [ml/l]
# name 20 = sigma-é00: Density [sigma-theta, kg/m^3]
# name 21 = sigma-é11: Density, 2 [sigma-theta, kg/m^3]
# name 22 = sal00: Salinity, Practical [PSU]
# name 23 = sigma-é00: Density [sigma-theta, kg/m^3]
# name 24 = svCM: Sound Velocity [Chen-Millero, m/s]
# name 25 = svCM1: Sound Velocity, 2 [Chen-Millero, m/s]
# name 26 = gsw_ptA0: potential temperature [ITS-90, deg C]
# name 27 = gsw_densityA0: density, TEOS-10 [density, kg/m^3]
# name 28 = gsw_saA0: Absolute Salinity [g/kg]
# name 29 = flag:
# span 0 =       2751,      19262       
# span 1 = 311.426685, 311.434647       
# span 2 =  -62.19711,  -62.19390       
# span 3 =  -58.05337,  -58.05208       
# span 4 =      0.007,      1.085       
# span 5 =       0.00,    1449.99       
# span 6 =      3.000,    525.000       
# span 7 =      2.983,    519.299       
# span 8 =    -0.6752,    -0.1261       
# span 9 =    -0.6746,    -0.1259       
# span 10 =    -0.0110,     0.0391      
# span 11 =    -0.6759,    -0.1418      
# span 12 =    -0.6753,    -0.1416      
# span 13 =    -0.0109,     0.0389      
# span 14 =   2.793730,   2.870394      
# span 15 =   2.793716,   2.870321      
# span 16 =  -0.000903,   0.002474      
# span 17 =    34.2666,    34.4689      
# span 18 =    34.2657,    34.4655      
# span 19 =     6.0937,     7.6606      
# span 20 =    27.5442,    27.6998      
# span 21 =    27.5435,    27.6964      
# span 22 =    34.2667,    34.4649      
# span 23 =    27.5444,    27.6970      
# span 24 =    1445.24,    1454.74      
# span 25 =    1445.24,    1454.75      
# span 26 =    -0.6759,    -0.1416      
# span 27 =  1027.5622,  1030.1999      
# span 28 =    34.4303,    34.6328      
# span 29 = 0.0000e+00, 0.0000e+00      
# interval = decibars: 1                
# start_time = Nov 07 2023 10:12:31 [NMEA time, header]
# bad_flag = -9.990e-29
*END*
       2751 311.426685  -62.19390  -58.05337      0.129       0.00      3.000      2.983    -0.6408    -0.6398     0.0010    -0.6409    -0.6399     0.0010   2.794663   2.794688   0.000024    34.2673    34.2665     7.6426    27.5450    27.5444    34.2674    27.5451    1445.24    1445.24    -0.6409  1027.5622    34.4303 0.0000e+00
       2874 311.426744  -62.19392  -58.05336      0.305       0.00      4.000      3.964    -0.6403    -0.6389     0.0013    -0.6404    -0.6390     0.0013   2.794746   2.794783   0.000038    34.2673    34.2663     7.6445    27.5450    27.5441    34.2673    27.5450    1445.26    1445.26    -0.6404  1027.5688    34.4326 0.0000e+00
       2975 311.426793  -62.19395  -58.05336      0.198       0.00      5.000      4.954    -0.6397    -0.6391     0.0006    -0.6398    -0.6393     0.0006   2.794829   2.794813  -0.000012    34.2670    34.2662     7.6510    27.5448    27.5441    34.2672    27.5449    1445.27    1445.28    -0.6398  1027.5735    34.4326 0.0000e+00
       3038 311.426823  -62.19396  -58.05336      0.493       0.00      6.000      5.942    -0.6390    -0.6378     0.0013    -0.6392    -0.6379     0.0013   2.794925   2.794962   0.000034    34.2670    34.2660     7.6525    27.5447    27.5439    34.2671    27.5448    1445.29    1445.30    -0.6392  1027.5782    34.4325 0.0000e+00
       3097 311.426852  -62.19396  -58.05335      0.402       0.00      7.000      6.932    -0.6382    -0.6386    -0.0004    -0.6384    -0.6388    -0.0004   2.795039   2.794953  -0.000079    34.2669    34.2662     7.6532    27.5446    27.5441    34.2670    27.5447    1445.32    1445.31    -0.6384  1027.5829    34.4325 0.0000e+00
       3156 311.426881  -62.19398  -58.05334      0.404       0.00      8.000      7.923    -0.6353    -0.6348     0.0005    -0.6355    -0.6350     0.0005   2.795306   2.795293  -0.000018    34.2666    34.2657     7.6515    27.5442    27.5435    34.2667    27.5444    1445.34    1445.35    -0.6355  1027.5873    34.4321 0.0000e+00
       3216 311.426909  -62.19399  -58.05334      0.407       0.00      9.000      8.913    -0.6346    -0.6337     0.0008    -0.6348    -0.6340     0.0008   2.795418   2.795422   0.000004    34.2666    34.2657     7.6573    27.5443    27.5435    34.2668    27.5444    1445.36    1445.37    -0.6348  1027.5916    34.4315 0.0000e+00
       3268 311.426934  -62.19400  -58.05334      0.461 6.9240e-16     10.000      9.904    -0.6397    -0.6382     0.0015    -0.6400    -0.6385     0.0015   2.795115   2.795114  -0.000002    34.2682    34.2665     7.6582    27.5458    27.5443    34.2679    27.5455    1445.36    1445.36    -0.6400  1027.5981    34.4334 0.0000e+00
       3317 311.426958  -62.19400  -58.05334      0.490       0.09     11.000     10.894    -0.6449    -0.6429     0.0020    -0.6452    -0.6433     0.0020   2.794723   2.794792   0.000066    34.2683    34.2669     7.6552    27.5460    27.5449    34.2679    27.5457    1445.35    1445.35    -0.6452  1027.6031    34.4333 0.0000e+00
       3377 311.426987  -62.19402  -58.05332      0.387      -0.00     12.000     11.884    -0.6479    -0.6469     0.0010    -0.6483    -0.6472     0.0010   2.794530   2.794538   0.000007    34.2684    34.2673     7.6486    27.5462    27.5453    34.2681    27.5460    1445.35    1445.36    -0.6482  1027.6081    34.4335 0.0000e+00
       3428 311.427011  -62.19404  -58.05332      0.484       0.06     13.000     12.874    -0.6474    -0.6468     0.0007    -0.6478    -0.6471     0.0007   2.794608   2.794600  -0.000005    34.2680    34.2672     7.6470    27.5459    27.5452    34.2680    27.5459    1445.37    1445.37    -0.6479  1027.6128    34.4333 0.0000e+00
       3465 311.427029  -62.19404  -58.05332      0.621       0.00     14.000     13.866    -0.6463    -0.6454     0.0009    -0.6467    -0.6458     0.0009   2.794722   2.794731   0.000010    34.2676    34.2667     7.6445    27.5455    27.5448    34.2675    27.5455    1445.39    1445.39    -0.6467  1027.6172    34.4329 0.0000e+00
       3508 311.427050  -62.19404  -58.05332      0.567 2.2204e-37     15.000     14.853    -0.6473    -0.6462     0.0010    -0.6477    -0.6467     0.0010   2.794728   2.794723  -0.000004    34.2683    34.2671     7.6556    27.5462    27.5451    34.2682    27.5460    1445.40    1445.41    -0.6477  1027.6225    34.4335 0.0000e+00
       3563 311.427077  -62.19406  -58.05332      0.425       0.11     16.000     15.847    -0.6485    -0.6477     0.0008    -0.6490    -0.6481     0.0008   2.794679   2.794674  -0.000007    34.2684    34.2673     7.6606    27.5463    27.5454    34.2682    27.5462    1445.41    1445.42    -0.6489  1027.6274    34.4336 0.0000e+00
       3608 311.427098  -62.19406  -58.05332      0.527      -0.00     17.000     16.836    -0.6488    -0.6479     0.0009    -0.6493    -0.6484     0.0009   2.794705   2.794708   0.000001    34.2685    34.2674     7.6529    27.5463    27.5455    34.2683    27.5462    1445.43    1445.43    -0.6493  1027.6322    34.4336 0.0000e+00
       3640 311.427113  -62.19408  -58.05332      0.733 6.1089e-45     18.000     17.826    -0.6517    -0.6509     0.0008    -0.6522    -0.6514     0.0008   2.794599   2.794588  -0.000006    34.2697    34.2688     7.6524    27.5475    27.5467    34.2695    27.5473    1445.43    1445.44    -0.6522  1027.6381    34.4348 0.0000e+00
       3680 311.427133  -62.19408  -58.05332      0.607 5.3005e-13     19.000     18.817    -0.6561    -0.6547     0.0014    -0.6566    -0.6552     0.0014   2.794437   2.794437  -0.000001    34.2720    34.2704     7.6482    27.5495    27.5482    34.2717    27.5493    1445.43    1445.44    -0.6566  1027.6448    34.4370 0.0000e+00
       3719 311.427152  -62.19408  -58.05332      0.605     645.23     20.000     19.807    -0.6553    -0.6534     0.0019    -0.6559    -0.6540     0.0019   2.794511   2.794572   0.000058    34.2714    34.2700     7.6412    27.5490    27.5478    34.2712    27.5488    1445.45    1445.46    -0.6559  1027.6491    34.4365 0.0000e+00
       3751 311.427167  -62.19410  -58.05332      0.715    1444.74     21.000     20.798    -0.6649    -0.6635     0.0014    -0.6655    -0.6641     0.0014   2.794192   2.794174  -0.000013    34.2780    34.2763     7.6281    27.5548    27.5533    34.2772    27.5541    1445.43    1445.44    -0.6655  1027.6592    34.4425 0.0000e+00
       3784 311.427183  -62.19410  -58.05330      0.747    1445.46     22.000     21.788    -0.6712    -0.6709     0.0003    -0.6718    -0.6715     0.0003   2.793864   2.793827  -0.000029    34.2799    34.2791     7.6288    27.5566    27.5559    34.2793    27.5561    1445.42    1445.42    -0.6718  1027.6660    34.4446 0.0000e+00
       3820 311.427200  -62.19410  -58.05330      0.682    1445.46     23.000     22.778    -0.6740    -0.6734     0.0006    -0.6746    -0.6740     0.0006   2.793763   2.793753  -0.000017    34.2811    34.2801     7.6141    27.5576    27.5568    34.2804    27.5571    1445.42    1445.43    -0.6746  1027.6718    34.4458 0.0000e+00
       3858 311.427219  -62.19411  -58.05330      0.623    1445.46     24.000     23.768    -0.6752    -0.6746     0.0006    -0.6759    -0.6753     0.0006   2.793730   2.793716  -0.000012    34.2812    34.2803     7.5920    27.5578    27.5571    34.2808    27.5575    1445.44    1445.44    -0.6759  1027.6770    34.4461 0.0000e+00
       3897 311.427237  -62.19412  -58.05330      0.627    1445.46     25.000     24.758    -0.6751    -0.6742     0.0009    -0.6758    -0.6749     0.0009   2.793860   2.793846  -0.000018    34.2819    34.2807     7.5792    27.5584    27.5573    34.2817    27.5582    1445.45    1445.46    -0.6758  1027.6825    34.4471 0.0000e+00
       3933 311.427255  -62.19412  -58.05330      0.658    1445.46     26.000     25.749    -0.6632    -0.6667    -0.0035    -0.6640    -0.6675    -0.0035   2.795319   2.795005  -0.000311    34.2860    34.2857     7.5690    27.5611    27.5611    34.2874    27.5623    1445.53    1445.52    -0.6639  1027.6914    34.4528 0.0000e+00
       3965 311.427270  -62.19414  -58.05330      0.720    1445.46     27.000     26.739    -0.6579    -0.6549     0.0030    -0.6586    -0.6557     0.0030   2.796122   2.796516   0.000379    34.2912    34.2930     7.5731    27.5652    27.5664    34.2915    27.5654    1445.58    1445.60    -0.6587  1027.6993    34.4570 0.0000e+00
       3996 311.427285  -62.19414  -58.05330      0.777    1445.46     28.000     27.729    -0.6617    -0.6597     0.0019    -0.6625    -0.6605     0.0019   2.795771   2.795823   0.000058    34.2906    34.2892     7.5641    27.5648    27.5636    34.2905    27.5648    1445.58    1445.58    -0.6625  1027.7035    34.4560 0.0000e+00
       4026 311.427300  -62.19414  -58.05330      0.783    1445.46     29.000     28.720    -0.6575    -0.6555     0.0020    -0.6584    -0.6564     0.0020   2.796317   2.796501   0.000202    34.2919    34.2923     7.5267    27.5657    27.5660    34.2926    27.5662    1445.61    1445.63    -0.6583  1027.7100    34.4584 0.0000e+00
       4059 311.427316  -62.19414 -9.990e-29      0.736    1445.46     30.000     29.710    -0.6576    -0.6570     0.0006    -0.6585    -0.6579     0.0006   2.796538   2.796511  -0.000031    34.2949    34.2937     7.5081    27.5681    27.5672    34.2950    27.5683    1445.63    1445.63    -0.6585  1027.7170    34.4612 0.0000e+00
       4087 311.427329  -62.19416 -9.990e-29      0.812    1445.46     31.000     30.700    -0.6538    -0.6518     0.0019    -0.6547    -0.6527     0.0019   2.797020   2.797089   0.000059    34.2959    34.2945     7.5070    27.5688    27.5676    34.2966    27.5693    1445.67    1445.68    -0.6547  1027.7229    34.4627 0.0000e+00
       4117 311.427344  -62.19416  -58.05328      0.852    1445.46     32.000     31.690    -0.6513    -0.6512     0.0000    -0.6522    -0.6521     0.0000   2.797280   2.797168  -0.000105    34.2961    34.2946     7.5039    27.5688    27.5677    34.2966    27.5692    1445.70    1445.70    -0.6522  1027.7274    34.4625 0.0000e+00
       4151 311.427360  -62.19416  -58.05328      0.707    1445.46     33.000     32.681    -0.6516    -0.6498     0.0018    -0.6525    -0.6508     0.0018   2.797331   2.797382   0.000046    34.2968    34.2954     7.4917    27.5694    27.5682    34.2970    27.5696    1445.71    1445.72    -0.6525  1027.7322    34.4626 0.0000e+00
       4185 311.427377  -62.19418  -58.05328      0.690    1445.46     34.000     33.671    -0.6508    -0.6496     0.0012    -0.6518    -0.6505     0.0012   2.797490   2.797450  -0.000026    34.2973    34.2955     7.4859    27.5698    27.5683    34.2977    27.5701    1445.74    1445.74    -0.6518  1027.7375    34.4633 0.0000e+00
       4218 311.427393  -62.19418  -58.05328      0.733    1445.46     35.000     34.661    -0.6475    -0.6471     0.0005    -0.6486    -0.6481     0.0005   2.797786   2.797749  -0.000049    34.2968    34.2956     7.4795    27.5693    27.5683    34.2973    27.5697    1445.77    1445.77    -0.6485  1027.7419    34.4629 0.0000e+00
       4257 311.427411  -62.19419  -58.05328      0.627    1445.46     36.000     35.651    -0.6372    -0.6368     0.0004    -0.6383    -0.6378     0.0004   2.798710   2.798737   0.000025    34.2962    34.2960     7.4728    27.5683    27.5682    34.2974    27.5693    1445.83    1445.83    -0.6382  1027.7463    34.4631 0.0000e+00
       4296 311.427430  -62.19420  -58.05327      0.612    1445.46     37.000     36.642    -0.6328    -0.6303     0.0025    -0.6339    -0.6313     0.0025   2.799193   2.799325   0.000144    34.2976    34.2967     7.4747    27.5692    27.5684    34.2983    27.5699    1445.87    1445.88    -0.6339  1027.7516    34.4640 0.0000e+00
       4328 311.427445  -62.19420  -58.05326      0.726    1445.46     38.000     37.632    -0.6246    -0.6236     0.0010    -0.6257    -0.6247     0.0010   2.799981   2.800009   0.000017    34.2978    34.2969     7.4694    27.5691    27.5683    34.2991    27.5701    1445.92    1445.93    -0.6257  1027.7566    34.4647 0.0000e+00
       4359 311.427461  -62.19421  -58.05326      0.770    1445.46     39.000     38.622    -0.6251    -0.6253    -0.0002    -0.6263    -0.6264    -0.0002   2.800030   2.799861  -0.000144    34.2993    34.2976     7.4697    27.5703    27.5689    34.2997    27.5707    1445.94    1445.93    -0.6262  1027.7620    34.4654 0.0000e+00
       4394 311.427477  -62.19422  -58.05326      0.702    1445.46     40.000     39.612    -0.6282    -0.6265     0.0017    -0.6294    -0.6276     0.0017   2.799766   2.799829   0.000044    34.2988    34.2974     7.4721    27.5700    27.5689    34.2990    27.5702    1445.94    1445.95    -0.6293  1027.7664    34.4647 0.0000e+00
       4430 311.427495  -62.19422  -58.05326      0.657    1445.46     41.000     40.602    -0.6240    -0.6238     0.0002    -0.6253    -0.6250     0.0002   2.800156   2.800094  -0.000064    34.2981    34.2970     7.4595    27.5694    27.5684    34.2990    27.5700    1445.97    1445.97    -0.6252  1027.7686    34.4617 0.0000e+00
       4461 311.427509 -9.990e-29  -58.05326      0.750    1445.46     42.000     41.592    -0.6208    -0.6191     0.0016    -0.6220    -0.6204     0.0016   2.800447   2.800543   0.000110    34.2979    34.2975     7.4542    27.5690    27.5686    34.2985    27.5695    1446.01    1446.01    -0.6220  1027.7720    34.4603 0.0000e+00
       4487 311.427522 -9.990e-29  -58.05326      0.866    1445.46     43.000     42.583    -0.6234    -0.6226     0.0009    -0.6247    -0.6238     0.0009   2.800270   2.800293   0.000017    34.2983    34.2976     7.4584    27.5695    27.5688    34.2986    27.5697    1446.01    1446.01    -0.6247  1027.7770    34.4603 0.0000e+00
       4514 311.427535  -62.19424  -58.05326      0.902    1445.46     44.000     43.573    -0.6231    -0.6228     0.0003    -0.6244    -0.6241     0.0003   2.800326   2.800299  -0.000017    34.2980    34.2974     7.4608    27.5692    27.5687    34.2983    27.5695    1446.03    1446.03    -0.6244  1027.7824    34.4611 0.0000e+00
       4549 311.427552  -62.19424  -58.05325      0.733    1445.46     45.000     44.563    -0.6247    -0.6272    -0.0025    -0.6261    -0.6285    -0.0025   2.800290   2.799960  -0.000327    34.2989    34.2973     7.4647    27.5700    27.5688    34.2991    27.5701    1446.04    1446.02    -0.6260  1027.7902    34.4648 0.0000e+00
       4586 311.427570  -62.19424  -58.05324      0.632    1445.46     46.000     45.553    -0.6145    -0.6130     0.0015    -0.6158    -0.6144     0.0015   2.801206   2.801316   0.000092    34.2983    34.2979     7.4658    27.5691    27.5686    34.2992    27.5698    1446.10    1446.11    -0.6158  1027.7946    34.4649 0.0000e+00
       4617 311.427585  -62.19426  -58.05324      0.757    1445.46     47.000     46.544    -0.6098    -0.6106    -0.0008    -0.6112    -0.6120    -0.0008   2.801829   2.801672  -0.000141    34.3003    34.2993     7.4606    27.5705    27.5697    34.3016    27.5716    1446.14    1446.14    -0.6112  1027.8012    34.4674 0.0000e+00
       4645 311.427598  -62.19426  -58.05324      0.827    1445.46     48.000     47.534    -0.6077    -0.6068     0.0009    -0.6092    -0.6083     0.0009   2.802061   2.802042  -0.000020    34.3012    34.2999     7.4578    27.5711    27.5701    34.3018    27.5716    1446.17    1446.17    -0.6091  1027.8061    34.4676 0.0000e+00
       4673 311.427612  -62.19427  -58.05324      0.856    1445.46     49.000     48.524    -0.6081    -0.6072     0.0009    -0.6096    -0.6087     0.0009   2.802081   2.802078  -0.000008    34.3016    34.3004     7.4496    27.5714    27.5704    34.3019    27.5717    1446.18    1446.19    -0.6095  1027.8110    34.4677 0.0000e+00
       4698 311.427624  -62.19428  -58.05324      0.906    1445.46     50.000     49.514    -0.6086    -0.6075     0.0011    -0.6101    -0.6090     0.0011   2.802111   2.802115   0.000005    34.3018    34.3007     7.4430    27.5717    27.5707    34.3023    27.5720    1446.20    1446.20    -0.6101  1027.8161    34.4681 0.0000e+00
