Pos-Processados/pos_process42/Dados/doperantar42_017.cnv
* Sea-Bird SBE 9 Data File:
* FileName = C:\Users\Hidrografia\Desktop\OPXLII\Brutos\OP42017.hdr
* Software Version Seasave V 7.26.7.107
* Temperature SN = 6502
* Conductivity SN = 4998
* Number of Bytes Per Scan = 37
* Number of Voltage Words = 4
* Number of Scans Averaged by the Deck Unit = 1
* NMEA Latitude = 62 11.60 S
* NMEA Longitude = 058 03.21 W
* NMEA UTC (Time) = Nov 07 2023 10:12:31
* NMEA baud rate = 4800
** H41
** NPOALTEMAXIMIANO
** NUMERO DA ESTACAO (XXX) 017
** LAT (XX XX.XX S/N) 62 11.58 S
** LONG (XXX XX.XX W/E) 058 03.19 W
** DATAHORA (dd/mm/aaaa hh:mm Z) 07/11/2023 1011Z
** PROFUNDIDADE (m) 523
** OPERADOR CT FABIREZA
# nquan = 30
# nvalues = 523                         
# units = specified
# name 0 = scan: Scan Count
# name 1 = timeJ: Julian Days
# name 2 = latitude: Latitude [deg]
# name 3 = longitude: Longitude [deg]
# name 4 = dz/dtM: Descent Rate [m/s]
# name 5 = avgsvCM: Average Sound Velocity [Chen-Millero, m/s]
# name 6 = prDM: Pressure, Digiquartz [db]
# name 7 = depSM: Depth [salt water, m]
# name 8 = t090C: Temperature [ITS-90, deg C]
# name 9 = t190C: Temperature, 2 [ITS-90, deg C]
# name 10 = T2-T190C: Temperature Difference, 2 - 1 [ITS-90, deg C]
# name 11 = potemp090C: Potential Temperature [ITS-90, deg C]
# name 12 = potemp190C: Potential Temperature, 2 [ITS-90, deg C]
# name 13 = potemp90Cdiff: Potential Temperature, Diff, 2 - 1 [ITS-90, deg C]
# name 14 = c0S/m: Conductivity [S/m]
# name 15 = c1S/m: Conductivity, 2 [S/m]
# name 16 = C2-C1S/m: Conductivity Difference, 2 - 1 [S/m]
# name 17 = sal00: Salinity, Practical [PSU]
# name 18 = sal11: Salinity, Practical, 2 [PSU]
# name 19 = sbeox0ML/L: Oxygen, SBE 43 [ml/l]
# name 20 = sigma-é00: Density [sigma-theta, kg/m^3]
# name 21 = sigma-é11: Density, 2 [sigma-theta, kg/m^3]
# name 22 = sal00: Salinity, Practical [PSU]
# name 23 = sigma-é00: Density [sigma-theta, kg/m^3]
# name 24 = svCM: Sound Velocity [Chen-Millero, m/s]
# name 25 = svCM1: Sound Velocity, 2 [Chen-Millero, m/s]
# name 26 = gsw_ptA0: potential temperature [ITS-90, deg C]
# name 27 = gsw_densityA0: density, TEOS-10 [density, kg/m^3]
# name 28 = gsw_saA0: Absolute Salinity [g/kg]
# name 29 = flag:
# span 0 =       2751,      19262       
# span 1 = 311.426685, 311.434647       
# span 2 =  -62.19711,  -62.19390       
# span 3 =  -58.05337,  -58.05208       
# span 4 =      0.007,      1.085       
# span 5 =       0.00,    1449.99       
# span 6 =      3.000,    525.000       
# span 7 =      2.983,    519.299       
# span 8 =    -0.6752,    -0.1261       
# span 9 =    -0.6746,    -0.1259       
# span 10 =    -0.0110,     0.0391      
# span 11 =    -0.6759,    -0.1418      
# span 12 =    -0.6753,    -0.1416      
# span 13 =    -0.0109,     0.0389      
# span 14 =   2.793730,   2.870394      
# span 15 =   2.793716,   2.870321      
# span 16 =  -0.000903,   0.002474      
# span 17 =    34.2666,    34.4689      
# span 18 =    34.2657,    34.4655      
# span 19 =     6.0937,     7.6606      
# span 20 =    27.5442,    27.6998      
# span 21 =    27.5435,    27.6964      
# span 22 =    34.2667,    34.4649      
# span 23 =    27.5444,    27.6970      
# span 24 =    1445.24,    1454.74      
# span 25 =    1445.24,    1454.75      
# span 26 =    -0.6759,    -0.1416      
# span 27 =  1027.5622,  1030.1999      
# span 28 =    34.4303,    34.6328      
# span 29 = 0.0000e+00, 0.0000e+00      
# interval = decibars: 1                
# start_time = Nov 07 2023 10:12:31 [NMEA time, header]
# bad_flag = -9.990e-29
*END*
[from data line 291]
      11630 311.430967  -62.19562  -58.05277      0.914    1447.59    294.000    290.971    -0.6061    -0.6053     0.0008    -0.6155    -0.6147     0.0008   2.817602   2.817587  -0.000019    34.3578    34.3567     7.0607    27.6172    27.6163    34.3581    27.6174    1450.25    1450.26    -0.6153  1029.0226    34.5214 0.0000e+00
      11660 311.430981 -9.990e-29  -58.05276      0.818    1447.59    295.000    291.960    -0.6064    -0.6056     0.0008    -0.6159    -0.6150     0.0008   2.817661   2.817630  -0.000025    34.3584    34.3571     7.0692    27.6177    27.6166    34.3586    27.6179    1450.27    1450.27    -0.6157  1029.0268    34.5206 0.0000e+00
      11688 311.430995 -9.990e-29  -58.05276      0.818    1447.59    296.000    292.949    -0.6086    -0.6074     0.0012    -0.6181    -0.6169     0.0012   2.817485   2.817498   0.000009    34.3585    34.3572     7.0679    27.6179    27.6168    34.3582    27.6177    1450.28    1450.28    -0.6179  1029.0313    34.5202 0.0000e+00
      11713 311.431007  -62.19564  -58.05276      0.908    1447.59    297.000    293.938    -0.6124    -0.6113     0.0011    -0.6219    -0.6208     0.0011   2.817214   2.817239   0.000021    34.3583    34.3573     7.0789    27.6178    27.6170    34.3582    27.6178    1450.27    1450.28    -0.6217  1029.0370    34.5212 0.0000e+00
      11738 311.431019  -62.19564  -58.05276      0.968    1447.59    298.000    294.927    -0.6126    -0.6118     0.0008    -0.6222    -0.6214     0.0008   2.817271   2.817275   0.000007    34.3586    34.3578     7.0684    27.6182    27.6174    34.3586    27.6181    1450.29    1450.29    -0.6220  1029.0461    34.5265 0.0000e+00
      11766 311.431033  -62.19564  -58.05276      0.902    1447.59    299.000    295.916    -0.6125    -0.6117     0.0007    -0.6221    -0.6213     0.0007   2.817329   2.817307  -0.000023    34.3586    34.3575     7.0752    27.6182    27.6172    34.3586    27.6181    1450.31    1450.31    -0.6219  1029.0508    34.5265 0.0000e+00
      11798 311.431048  -62.19565  -58.05276      0.768    1447.59    300.000    296.905    -0.6125    -0.6116     0.0008    -0.6221    -0.6213     0.0008   2.817377   2.817372  -0.000005    34.3587    34.3576     7.0642    27.6182    27.6173    34.3586    27.6182    1450.32    1450.32    -0.6219  1029.0556    34.5266 0.0000e+00
      11830 311.431063  -62.19566  -58.05276      0.743    1447.59    301.000    297.894    -0.6122    -0.6115     0.0007    -0.6219    -0.6212     0.0007   2.817441   2.817420  -0.000018    34.3585    34.3575     7.0591    27.6181    27.6172    34.3586    27.6181    1450.34    1450.34    -0.6217  1029.0604    34.5266 0.0000e+00
      11857 311.431076  -62.19566  -58.05276      0.846    1447.59    302.000    298.882    -0.6120    -0.6111     0.0009    -0.6217    -0.6208     0.0009   2.817498   2.817503   0.000006    34.3585    34.3576     7.0595    27.6180    27.6173    34.3585    27.6180    1450.36    1450.36    -0.6215  1029.0650    34.5264 0.0000e+00
      11881 311.431088  -62.19566  -58.05276      0.957    1447.59    303.000    299.872    -0.6111    -0.6105     0.0005    -0.6208    -0.6203     0.0005   2.817640   2.817620  -0.000025    34.3586    34.3577     7.0625    27.6181    27.6173    34.3588    27.6183    1450.38    1450.38    -0.6206  1029.0700    34.5267 0.0000e+00
      11904 311.431099  -62.19567  -58.05275      1.009    1447.59    304.000    300.861    -0.6104    -0.6097     0.0007    -0.6202    -0.6195     0.0007   2.817759   2.817755  -0.000005    34.3589    34.3580     7.0596    27.6183    27.6176    34.3591    27.6184    1450.40    1450.40    -0.6200  1029.0749    34.5270 0.0000e+00
      11930 311.431112  -62.19568  -58.05274      0.972    1447.59    305.000    301.850    -0.6107    -0.6098     0.0009    -0.6205    -0.6196     0.0009   2.817782   2.817789   0.000008    34.3591    34.3581     7.0665    27.6184    27.6176    34.3591    27.6184    1450.41    1450.41    -0.6203  1029.0797    34.5270 0.0000e+00
      11958 311.431125  -62.19568  -58.05274      0.873    1447.59    306.000    302.839    -0.6110    -0.6104     0.0006    -0.6208    -0.6202     0.0006   2.817809   2.817782  -0.000023    34.3590    34.3580     7.0606    27.6184    27.6176    34.3591    27.6185    1450.43    1450.43    -0.6206  1029.0845    34.5271 0.0000e+00
      11986 311.431139  -62.19568  -58.05274      0.849    1447.59    307.000    303.827    -0.6105    -0.6099     0.0007    -0.6204    -0.6198     0.0007   2.817888   2.817876  -0.000016    34.3590    34.3580     7.0484    27.6184    27.6176    34.3591    27.6184    1450.45    1450.45    -0.6202  1029.0892    34.5270 0.0000e+00
      12014 311.431152  -62.19570  -58.05274      0.860    1447.59    308.000    304.817    -0.6103    -0.6097     0.0006    -0.6202    -0.6196     0.0006   2.817960   2.817932  -0.000027    34.3591    34.3580     7.0449    27.6185    27.6176    34.3592    27.6185    1450.46    1450.46    -0.6200  1029.0940    34.5271 0.0000e+00
      12043 311.431166  -62.19570  -58.05274      0.835    1447.59    309.000    305.806    -0.6100    -0.6094     0.0006    -0.6200    -0.6193     0.0006   2.818024   2.818010  -0.000014    34.3590    34.3581     7.0559    27.6184    27.6176    34.3591    27.6184    1450.48    1450.48    -0.6198  1029.0987    34.5270 0.0000e+00
      12071 311.431180  -62.19570  -58.05274      0.839    1447.59    310.000    306.794    -0.6101    -0.6092     0.0009    -0.6201    -0.6192     0.0009   2.818062   2.818076   0.000013    34.3591    34.3582     7.0458    27.6184    27.6177    34.3591    27.6185    1450.50    1450.50    -0.6199  1029.1035    34.5271 0.0000e+00
      12098 311.431192  -62.19570  -58.05274      0.896    1447.59    311.000    307.783    -0.6092    -0.6085     0.0008    -0.6192    -0.6185     0.0007   2.818204   2.818201  -0.000002    34.3592    34.3583     7.0494    27.6185    27.6178    34.3594    27.6186    1450.52    1450.52    -0.6190  1029.1084    34.5273 0.0000e+00
      12123 311.431204  -62.19570  -58.05274      0.945    1447.59    312.000    308.772    -0.6091    -0.6085     0.0007    -0.6192    -0.6185     0.0007   2.818261   2.818240  -0.000019    34.3593    34.3583     7.0410    27.6186    27.6177    34.3594    27.6187    1450.53    1450.54    -0.6190  1029.1142    34.5287 0.0000e+00
      12148 311.431217  -62.19572 -9.990e-29      0.956    1447.59    313.000    309.761    -0.6094    -0.6088     0.0006    -0.6195    -0.6189     0.0006   2.818275   2.818253  -0.000023    34.3594    34.3583     7.0470    27.6186    27.6178    34.3594    27.6187    1450.55    1450.55    -0.6193  1029.1198    34.5297 0.0000e+00
      12175 311.431230  -62.19572 -9.990e-29      0.903    1447.59    314.000    310.750    -0.6099    -0.6092     0.0006    -0.6200    -0.6194     0.0006   2.818272   2.818244  -0.000027    34.3592    34.3581     7.0414    27.6185    27.6176    34.3592    27.6185    1450.56    1450.57    -0.6198  1029.1245    34.5296 0.0000e+00
      12204 311.431244  -62.19572 -9.990e-29      0.847    1447.59    315.000    311.739    -0.6094    -0.6088     0.0007    -0.6196    -0.6190     0.0007   2.818352   2.818326  -0.000028    34.3591    34.3580     7.0523    27.6184    27.6175    34.3592    27.6185    1450.58    1450.58    -0.6194  1029.1292    34.5296 0.0000e+00
      12232 311.431257  -62.19574  -58.05272      0.844    1447.59    316.000    312.728    -0.6083    -0.6075     0.0008    -0.6185    -0.6177     0.0008   2.818492   2.818499   0.000006    34.3591    34.3582     7.0444    27.6183    27.6177    34.3592    27.6185    1450.60    1450.61    -0.6183  1029.1322    34.5275 0.0000e+00
      12262 311.431272  -62.19574  -58.05272      0.821    1447.59    317.000    313.717    -0.6062    -0.6071    -0.0008    -0.6165    -0.6174    -0.0008   2.818761   2.818611  -0.000145    34.3595    34.3585     7.0592    27.6186    27.6178    34.3599    27.6189    1450.63    1450.63    -0.6163  1029.1372    34.5278 0.0000e+00
      12294 311.431287  -62.19574  -58.05272      0.770    1447.59    318.000    314.705    -0.6047    -0.6035     0.0013    -0.6150    -0.6138     0.0013   2.819000   2.819019   0.000019    34.3605    34.3593     7.0514    27.6194    27.6184    34.3608    27.6196    1450.65    1450.66    -0.6148  1029.1426    34.5288 0.0000e+00
      12324 311.431301  -62.19574  -58.05272      0.783    1447.59    319.000    315.694    -0.6042    -0.6033     0.0009    -0.6145    -0.6137     0.0009   2.819091   2.819080  -0.000012    34.3607    34.3595     7.0448    27.6195    27.6185    34.3608    27.6196    1450.67    1450.68    -0.6143  1029.1473    34.5288 0.0000e+00
      12351 311.431315  -62.19576  -58.05272      0.843    1447.69    320.000    316.683    -0.6036    -0.6029     0.0007    -0.6140    -0.6133     0.0007   2.819206   2.819180  -0.000018    34.3606    34.3596     7.0312    27.6195    27.6185    34.3611    27.6198    1450.69    1450.69    -0.6138  1029.1522    34.5290 0.0000e+00
      12379 311.431328  -62.19576  -58.05271      0.876    1448.04    321.000    317.672    -0.6013    -0.6003     0.0010    -0.6118    -0.6107     0.0010   2.819467   2.819482   0.000003    34.3611    34.3601     7.0312    27.6197    27.6188    34.3614    27.6199    1450.72    1450.72    -0.6115  1029.1571    34.5293 0.0000e+00
      12405 311.431341  -62.19576  -58.05270      0.890    1448.04    322.000    318.661    -0.6017    -0.6009     0.0008    -0.6121    -0.6113     0.0008   2.819484   2.819482  -0.000001    34.3612    34.3603     7.0266    27.6198    27.6190    34.3614    27.6200    1450.73    1450.74    -0.6119  1029.1619    34.5294 0.0000e+00
      12434 311.431355  -62.19577  -58.05270      0.864    1448.04    323.000    319.650    -0.6032    -0.6015     0.0017    -0.6137    -0.6120     0.0017   2.819411   2.819462   0.000052    34.3616    34.3603     7.0275    27.6202    27.6191    34.3615    27.6202    1450.74    1450.75    -0.6135  1029.1669    34.5295 0.0000e+00
      12467 311.431371  -62.19578  -58.05270      0.750    1448.04    324.000    320.638    -0.6035    -0.6029     0.0007    -0.6140    -0.6134     0.0007   2.819396   2.819373  -0.000022    34.3609    34.3599     7.0226    27.6197    27.6188    34.3611    27.6198    1450.76    1450.76    -0.6138  1029.1713    34.5290 0.0000e+00
      12499 311.431386  -62.19578  -58.05270      0.731    1448.04    325.000    321.628    -0.6029    -0.6025     0.0004    -0.6134    -0.6130     0.0004   2.819499   2.819451  -0.000047    34.3610    34.3599     7.0166    27.6197    27.6188    34.3611    27.6198    1450.78    1450.78    -0.6132  1029.1760    34.5291 0.0000e+00
      12527 311.431400  -62.19578  -58.05270      0.819    1448.04    326.000    322.616    -0.6026    -0.6016     0.0010    -0.6132    -0.6122     0.0010   2.819581   2.819583  -0.000010    34.3614    34.3600     7.0264    27.6200    27.6189    34.3614    27.6200    1450.80    1450.80    -0.6130  1029.1775    34.5250 0.0000e+00
      12553 311.431412 -9.990e-29  -58.05270      0.909    1448.04    327.000    323.605    -0.6026    -0.6010     0.0016    -0.6133    -0.6117     0.0016   2.819630   2.819679   0.000052    34.3613    34.3602     7.0291    27.6200    27.6190    34.3614    27.6200    1450.81    1450.82    -0.6130  1029.1810    34.5235 0.0000e+00
      12580 311.431425 -9.990e-29  -58.05270      0.906    1448.04    328.000    324.594    -0.6037    -0.6032     0.0005    -0.6144    -0.6139     0.0005   2.819556   2.819514  -0.000038    34.3610    34.3599     7.0242    27.6197    27.6188    34.3610    27.6198    1450.82    1450.83    -0.6141  1029.1855    34.5231 0.0000e+00
      12613 311.431441  -62.19580  -58.05270      0.778    1448.04    329.000    325.583    -0.6018    -0.6013     0.0005    -0.6125    -0.6120     0.0005   2.819762   2.819742  -0.000018    34.3609    34.3600     7.0208    27.6196    27.6189    34.3611    27.6197    1450.85    1450.85    -0.6123  1029.1913    34.5245 0.0000e+00
      12646 311.431457  -62.19581  -58.05270      0.708    1448.04    330.000    326.572    -0.5989    -0.5976     0.0013    -0.6096    -0.6083     0.0013   2.820115   2.820175   0.000058    34.3610    34.3603     7.0273    27.6195    27.6189    34.3619    27.6202    1450.88    1450.89    -0.6094  1029.2002    34.5299 0.0000e+00
      12675 311.431471  -62.19582  -58.05270      0.784    1448.04    331.000    327.560    -0.5885    -0.5884     0.0002    -0.5994    -0.5992     0.0002   2.821159   2.821111  -0.000046    34.3627    34.3619     7.0257    27.6204    27.6198    34.3636    27.6212    1450.95    1450.95    -0.5992  1029.2057    34.5316 0.0000e+00
      12701 311.431484  -62.19582  -58.05268      0.886    1448.04    332.000    328.550    -0.5879    -0.5871     0.0008    -0.5987    -0.5979     0.0008   2.821314   2.821295  -0.000018    34.3637    34.3626     7.0201    27.6212    27.6203    34.3643    27.6217    1450.97    1450.97    -0.5985  1029.2110    34.5323 0.0000e+00
      12725 311.431495  -62.19582  -58.05268      0.973    1448.04    333.000    329.538    -0.5864    -0.5857     0.0006    -0.5972    -0.5966     0.0006   2.821495   2.821468  -0.000025    34.3639    34.3629     7.0160    27.6213    27.6205    34.3644    27.6218    1450.99    1450.99    -0.5970  1029.2158    34.5324 0.0000e+00
      12749 311.431506  -62.19582  -58.05268      1.022    1448.04    334.000    330.527    -0.5836    -0.5836     0.0000    -0.5946    -0.5946     0.0000   2.821812   2.821727  -0.000084    34.3642    34.3631     6.9857    27.6215    27.6205    34.3650    27.6221    1451.02    1451.02    -0.5943  1029.2209    34.5330 0.0000e+00
      12776 311.431519  -62.19584  -58.05268      0.945    1448.04    335.000    331.516    -0.5827    -0.5820     0.0007    -0.5937    -0.5930     0.0007   2.821934   2.821901  -0.000038    34.3645    34.3632     6.9810    27.6217    27.6206    34.3650    27.6220    1451.04    1451.04    -0.5934  1029.2255    34.5329 0.0000e+00
      12806 311.431534  -62.19584  -58.05268      0.812    1448.04    336.000    332.505    -0.5795    -0.5792     0.0003    -0.5905    -0.5903     0.0003   2.822292   2.822250  -0.000042    34.3646    34.3638     6.9768    27.6217    27.6210    34.3656    27.6224    1451.07    1451.07    -0.5903  1029.2306    34.5336 0.0000e+00
      12835 311.431548  -62.19585  -58.05268      0.798    1448.04    337.000    333.493    -0.5619    -0.5615     0.0004    -0.5730    -0.5726     0.0004   2.824040   2.824083   0.000035    34.3652    34.3652     6.9746    27.6213    27.6213    34.3686    27.6240    1451.18    1451.18    -0.5728  1029.2368    34.5366 0.0000e+00
      12864 311.431562  -62.19586  -58.05268      0.848    1448.04    338.000    334.482    -0.5451    -0.5439     0.0011    -0.5562    -0.5551     0.0011   2.825688   2.825691   0.000006    34.3693    34.3681     6.9656    27.6239    27.6229    34.3710    27.6253    1451.27    1451.28    -0.5561  1029.2426    34.5390 0.0000e+00
      12894 311.431576  -62.19586  -58.05268      0.817    1448.04    339.000    335.471    -0.5426    -0.5426     0.0000    -0.5539    -0.5538     0.0000   2.826096   2.825955  -0.000125    34.3716    34.3699     6.9617    27.6257    27.6243    34.3731    27.6269    1451.30    1451.30    -0.5536  1029.2489    34.5412 0.0000e+00
      12926 311.431592  -62.19586  -58.05268      0.758    1448.04    340.000    336.460    -0.5399    -0.5396     0.0003    -0.5512    -0.5508     0.0003   2.826459   2.826402  -0.000071    34.3732    34.3719     6.9182    27.6268    27.6257    34.3743    27.6277    1451.33    1451.33    -0.5510  1029.2557    34.5439 0.0000e+00
