Pos-Processados/process_op42/Processamento_split/up/uoperantar42_013.cnv
* Sea-Bird SBE 9 Data File:
* FileName = C:\Users\Hidrografia\Desktop\OPXLII\Brutos\OP42013.hdr
* Software Version Seasave V 7.26.7.107
* Temperature SN = 6502
* Conductivity SN = 4998
* Number of Bytes Per Scan = 31
* Number of Voltage Words = 2
* Number of Scans Averaged by the Deck Unit = 1
* NMEA Latitude = 46 24.51 S
* NMEA Longitude = 055 54.95 W
* NMEA UTC (Time) = Oct 19 2023 23:00:40
* NMEA baud rate = 4800
** H41
** NPOALTEMAXIMIANO
** NUMERO DA ESTACAO (XXX) 013
** LAT (XX XX.XX S/N) 46 24.500 S
** LONG (XXX XX.XX W/E) 055 54.972 W
** DATAHORA (dd/mm/aaaa hh:mm Z) 19/10/2023 2300Z
** PROFUNDIDADE (m) 5329
** OPERADOR CT FABIREZA
# nquan = 30
# nvalues = 1008                        
# units = specified
# name 0 = scan: Scan Count
# name 1 = timeJ: Julian Days
# name 2 = latitude: Latitude [deg]
# name 3 = longitude: Longitude [deg]
# name 4 = dz/dtM: Descent Rate [m/s]
# name 5 = avgsvCM: Average Sound Velocity [Chen-Millero, m/s]
# name 6 = prDM: Pressure, Digiquartz [db]
# name 7 = depSM: Depth [salt water, m]
# name 8 = t090C: Temperature [ITS-90, deg C]
# name 9 = t190C: Temperature, 2 [ITS-90, deg C]
# name 10 = T2-T190C: Temperature Difference, 2 - 1 [ITS-90, deg C]
# name 11 = potemp090C: Potential Temperature [ITS-90, deg C]
# name 12 = potemp190C: Potential Temperature, 2 [ITS-90, deg C]
# name 13 = potemp90Cdiff: Potential Temperature, Diff, 2 - 1 [ITS-90, deg C]
# name 14 = c0S/m: Conductivity [S/m]
# name 15 = c1S/m: Conductivity, 2 [S/m]
# name 16 = C2-C1S/m: Conductivity Difference, 2 - 1 [S/m]
# name 17 = sal00: Salinity, Practical [PSU]
# name 18 = sal11: Salinity, Practical, 2 [PSU]
# name 19 = sbeox0ML/L: Oxygen, SBE 43 [ml/l]
# name 20 = sigma-é00: Density [sigma-theta, kg/m^3]
# name 21 = sigma-é11: Density, 2 [sigma-theta, kg/m^3]
# name 22 = sal00: Salinity, Practical [PSU]
# name 23 = sigma-é00: Density [sigma-theta, kg/m^3]
# name 24 = svCM: Sound Velocity [Chen-Millero, m/s]
# name 25 = svCM1: Sound Velocity, 2 [Chen-Millero, m/s]
# name 26 = gsw_ptA0: potential temperature [ITS-90, deg C]
# name 27 = gsw_densityA0: density, TEOS-10 [density, kg/m^3]
# name 28 = gsw_saA0: Absolute Salinity [g/kg]
# name 29 = flag:
# span 0 =      31611,      66305       
# span 1 = 292.974040, 292.990771       
# span 2 =  -46.42171,  -46.41468       
# span 3 =  -55.91323,  -55.91078       
# span 4 =     -1.566,     -0.165       
# span 5 =    1468.76,    1468.76       
# span 6 =      4.000,   1011.000       
# span 7 =      4.075,   1000.226       
# span 8 =     2.3875,     5.9232       
# span 9 =     2.3886,     5.9217       
# span 10 =    -0.0109,     0.0386      
# span 11 =     2.3235,     5.9228      
# span 12 =     2.3246,     5.9211      
# span 13 =    -0.0109,     0.0385      
# span 14 =   3.078985,   3.340590      
# span 15 =   3.078953,   3.340564      
# span 16 =  -0.001474,   0.003332      
# span 17 =    33.9843,    34.5846      
# span 18 =    33.9849,    34.5838      
# span 19 =     3.7715,     8.1200      
# span 20 =    26.7651,    27.6126      
# span 21 =    26.7641,    27.6119      
# span 22 =    33.9896,    34.5846      
# span 23 =    26.7652,    27.6126      
# span 24 =    1463.07,    1475.85      
# span 25 =    1463.07,    1475.86      
# span 26 =     2.3234,     5.9228      
# span 27 =  1026.7848,  1032.3114      
# span 28 =    34.1505,    34.7522      
# span 29 = 0.0000e+00, 0.0000e+00      
# interval = decibars: 1                
# start_time = Oct 19 2023 23:00:40 [NMEA time, header]
# bad_flag = -9.990e-29
*END*
[from data line 97]
      34512 292.975439  -46.41527  -55.91308     -0.215    1468.76    914.000    904.454     2.4718     2.4715    -0.0003     2.4141     2.4138    -0.0003   3.123767   3.123709  -0.000069    34.5490    34.5485     3.8019    27.5766    27.5762    34.5492    27.5767    1474.56    1474.56     2.4140  1031.8287    34.7163 0.0000e+00
      34535 292.975450  -46.41528  -55.91308     -0.728    1468.76    913.000    903.483     2.4709     2.4711     0.0002     2.4133     2.4135     0.0002   3.123665   3.123608  -0.000043    34.5492    34.5485     3.8019    27.5768    27.5762    34.5494    27.5770    1474.54    1474.54     2.4132  1031.8244    34.7165 0.0000e+00
      34553 292.975459  -46.41528  -55.91308     -1.099    1468.76    912.000    902.496     2.4743     2.4738    -0.0004     2.4167     2.4163    -0.0004   3.123802   3.123740  -0.000070    34.5478    34.5474     3.8027    27.5753    27.5751    34.5480    27.5755    1474.54    1474.54     2.4166  1031.8183    34.7151 0.0000e+00
      34571 292.975468  -46.41528  -55.91308     -1.301    1468.76    911.000    901.508     2.4748     2.4758     0.0009     2.4173     2.4183     0.0009   3.123769   3.123775   0.000005    34.5474    34.5464     3.8085    27.5750    27.5742    34.5475    27.5751    1474.52    1474.53     2.4172  1031.8132    34.7146 0.0000e+00
      34593 292.975478  -46.41528  -55.91308     -1.252    1468.76    910.000    900.521     2.4747     2.4755     0.0008     2.4173     2.4181     0.0008   3.123710   3.123726   0.000013    34.5473    34.5466     3.8097    27.5749    27.5743    34.5474    27.5750    1474.51    1474.51     2.4172  1031.8085    34.7145 0.0000e+00
      34633 292.975498  -46.41530  -55.91307     -0.676    1468.76    909.000    899.534     2.4760     2.4758    -0.0002     2.4186     2.4184    -0.0002   3.123763   3.123715  -0.000046    34.5471    34.5467     3.8096    27.5746    27.5744    34.5473    27.5748    1474.50    1474.50     2.4185  1031.8037    34.7144 0.0000e+00
      34678 292.975519  -46.41530  -55.91307     -0.494    1468.76    908.000    898.546     2.4769     2.4779     0.0010     2.4196     2.4206     0.0009   3.123773   3.123794   0.000018    34.5469    34.5461     3.8059    27.5744    27.5737    34.5469    27.5744    1474.48    1474.49     2.4195  1031.7987    34.7140 0.0000e+00
      34700 292.975530  -46.41531  -55.91308     -0.832    1468.76    907.000    897.558     2.4770     2.4779     0.0010     2.4197     2.4207     0.0010   3.123706   3.123718   0.000011    34.5464    34.5455     3.8058    27.5741    27.5732    34.5466    27.5742    1474.47    1474.47     2.4197  1031.7938    34.7137 0.0000e+00
      34719 292.975539  -46.41532  -55.91308     -1.130    1468.76    906.000    896.571     2.4775     2.4784     0.0009     2.4203     2.4212     0.0009   3.123680   3.123705   0.000023    34.5462    34.5455     3.8096    27.5738    27.5731    34.5463    27.5739    1474.45    1474.45     2.4202  1031.7889    34.7133 0.0000e+00
      34738 292.975548  -46.41532  -55.91308     -1.238    1468.76    905.000    895.584     2.4791     2.4791    -0.0000     2.4219     2.4220    -0.0000   3.123732   3.123703  -0.000020    34.5455    34.5453     3.8114    27.5731    27.5729    34.5457    27.5733    1474.44    1474.44     2.4219  1031.7837    34.7128 0.0000e+00
      34779 292.975568  -46.41533  -55.91306     -0.733    1468.76    904.000    894.598     2.4808     2.4802    -0.0006     2.4237     2.4232    -0.0006   3.123759   3.123723  -0.000035    34.5446    34.5447     3.8105    27.5722    27.5724    34.5448    27.5724    1474.43    1474.43     2.4237  1031.7781    34.7118 0.0000e+00
      34839 292.975597  -46.41534  -55.91306     -0.330    1468.76    903.000    893.608     2.4823     2.4835     0.0012     2.4253     2.4265     0.0012   3.123771   3.123800   0.000023    34.5437    34.5427     3.8131    27.5714    27.5705    34.5438    27.5715    1474.42    1474.42     2.4252  1031.7726    34.7108 0.0000e+00
      34861 292.975608  -46.41534  -55.91306     -0.780    1468.76    902.000    892.621     2.4818     2.4827     0.0008     2.4249     2.4257     0.0008   3.123704   3.123708   0.000007    34.5439    34.5431     3.8131    27.5716    27.5709    34.5441    27.5717    1474.40    1474.40     2.4248  1031.7682    34.7111 0.0000e+00
      34881 292.975617  -46.41534  -55.91306     -1.094    1468.76    901.000    891.634     2.4825     2.4832     0.0008     2.4256     2.4264     0.0007   3.123655   3.123659   0.000006    34.5431    34.5424     3.8132    27.5709    27.5702    34.5433    27.5710    1474.39    1474.39     2.4255  1031.7629    34.7103 0.0000e+00
      34903 292.975628  -46.41536  -55.91306     -1.159    1468.76    900.000    890.646     2.4823     2.4830     0.0007     2.4255     2.4262     0.0007   3.123578   3.123614   0.000032    34.5430    34.5427     3.8137    27.5708    27.5705    34.5430    27.5708    1474.37    1474.37     2.4255  1031.7581    34.7100 0.0000e+00
      34950 292.975651  -46.41536  -55.91306     -0.541    1468.76    899.000    889.659     2.4821     2.4830     0.0009     2.4254     2.4262     0.0009   3.123486   3.123535   0.000047    34.5426    34.5423     3.8118    27.5705    27.5701    34.5426    27.5705    1474.35    1474.35     2.4253  1031.7532    34.7096 0.0000e+00
      34994 292.975672  -46.41537  -55.91306     -0.531    1468.76    898.000    888.671     2.4822     2.4831     0.0009     2.4255     2.4264     0.0009   3.123425   3.123445   0.000022    34.5423    34.5416     3.8142    27.5702    27.5696    34.5423    27.5703    1474.34    1474.34     2.4255  1031.7483    34.7093 0.0000e+00
      35020 292.975684  -46.41538  -55.91306     -0.836    1468.76    897.000    887.684     2.4817     2.4825     0.0007     2.4252     2.4259     0.0007   3.123285   3.123293   0.000007    34.5417    34.5410     3.8131    27.5698    27.5691    34.5416    27.5697    1474.32    1474.32     2.4251  1031.7432    34.7086 0.0000e+00
      35043 292.975695  -46.41538  -55.91306     -0.968    1468.76    896.000    886.696     2.4811     2.4824     0.0012     2.4246     2.4258     0.0012   3.123116   3.123222   0.000095    34.5410    34.5408     3.8152    27.5692    27.5690    34.5408    27.5691    1474.30    1474.30     2.4245  1031.7380    34.7077 0.0000e+00
      35067 292.975707  -46.41538  -55.91306     -1.024    1468.76    895.000    885.709     2.4803     2.4815     0.0012     2.4238     2.4251     0.0012   3.122950   3.123043   0.000096    34.5402    34.5401     3.8145    27.5687    27.5685    34.5402    27.5687    1474.27    1474.28     2.4238  1031.7330    34.7071 0.0000e+00
      35124 292.975734  -46.41540  -55.91306     -0.345    1468.76    894.000    884.718     2.4794     2.4808     0.0014     2.4231     2.4244     0.0014   3.122787   3.122873   0.000085    34.5397    34.5393     3.8190    27.5684    27.5679    34.5396    27.5683    1474.25    1474.26     2.4230  1031.7280    34.7066 0.0000e+00
      35158 292.975751  -46.41540  -55.91306     -0.619    1468.76    893.000    883.734     2.4797     2.4807     0.0010     2.4234     2.4244     0.0010   3.122748   3.122789   0.000036    34.5395    34.5389     3.8160    27.5682    27.5676    34.5394    27.5681    1474.24    1474.24     2.4233  1031.7232    34.7063 0.0000e+00
      35177 292.975760  -46.41540  -55.91306     -1.020    1468.76    892.000    882.746     2.4793     2.4804     0.0011     2.4231     2.4242     0.0011   3.122608   3.122679   0.000077    34.5387    34.5384     3.8183    27.5676    27.5672    34.5386    27.5675    1474.22    1474.22     2.4230  1031.7180    34.7055 0.0000e+00
      35196 292.975769  -46.41540  -55.91306     -1.237    1468.76    891.000    881.759     2.4795     2.4804     0.0008     2.4234     2.4242     0.0008   3.122568   3.122585   0.000023    34.5384    34.5378     3.8158    27.5673    27.5667    34.5384    27.5673    1474.20    1474.20     2.4233  1031.7132    34.7053 0.0000e+00
      35222 292.975782  -46.41542  -55.91305     -1.093    1468.76    890.000    880.773     2.4800     2.4803     0.0003     2.4239     2.4242     0.0003   3.122566   3.122563 -4.777e-07    34.5384    34.5380     3.8155    27.5672    27.5669    34.5384    27.5672    1474.19    1474.19     2.4239  1031.7085    34.7053 0.0000e+00
      35277 292.975808  -46.41544  -55.91304     -0.297    1468.76    889.000    879.780     2.4810     2.4815     0.0005     2.4249     2.4254     0.0005   3.122596   3.122591  -0.000003    34.5382    34.5376     3.8134    27.5670    27.5665    34.5383    27.5671    1474.18    1474.18     2.4249  1031.7037    34.7052 0.0000e+00
      35306 292.975822  -46.41544  -55.91304     -0.677    1468.76    888.000    878.796     2.4808     2.4818     0.0009     2.4249     2.4259     0.0009   3.122528   3.122542   0.000009    34.5382    34.5373     3.8155    27.5670    27.5662    34.5381    27.5669    1474.16    1474.16     2.4248  1031.6990    34.7050 0.0000e+00
      35325 292.975832  -46.41544  -55.91304     -1.025    1468.76    887.000    877.808     2.4809     2.4817     0.0008     2.4250     2.4258     0.0008   3.122482   3.122499   0.000021    34.5380    34.5374     3.8172    27.5669    27.5663    34.5380    27.5669    1474.14    1474.14     2.4250  1031.6943    34.7049 0.0000e+00
      35345 292.975841  -46.41544  -55.91304     -1.209    1468.76    886.000    876.821     2.4809     2.4815     0.0006     2.4252     2.4257     0.0006   3.122443   3.122446 -7.047e-07    34.5381    34.5375     3.8182    27.5669    27.5664    34.5380    27.5668    1474.13    1474.13     2.4251  1031.6897    34.7049 0.0000e+00
      35371 292.975854  -46.41544  -55.91304     -1.068    1468.76    885.000    875.836     2.4817     2.4819     0.0002     2.4259     2.4261     0.0002   3.122428   3.122429   0.000002    34.5376    34.5374     3.8188    27.5664    27.5662    34.5376    27.5664    1474.11    1474.11     2.4259  1031.6835    34.7031 0.0000e+00
      35424 292.975879 -9.990e-29  -55.91304     -0.427    1468.76    884.000    874.844     2.4826     2.4829     0.0004     2.4269     2.4273     0.0004   3.122350   3.122375   0.000025    34.5362    34.5361     3.8150    27.5652    27.5651    34.5362    27.5652    1474.10    1474.10     2.4269  1031.6758    34.6993 0.0000e+00
      35470 292.975901  -46.41546  -55.91304     -0.512    1468.76    883.000    873.858     2.4827     2.4836     0.0008     2.4271     2.4280     0.0008   3.122299   3.122320   0.000022    34.5360    34.5353     3.8180    27.5650    27.5644    34.5359    27.5650    1474.08    1474.08     2.4271  1031.6717    34.7000 0.0000e+00
      35496 292.975914  -46.41547  -55.91304     -0.804    1468.76    882.000    872.871     2.4839     2.4845     0.0006     2.4284     2.4290     0.0005   3.122243   3.122249   0.000007    34.5345    34.5340     3.8147    27.5637    27.5633    34.5345    27.5637    1474.07    1474.07     2.4283  1031.6681    34.7014 0.0000e+00
      35520 292.975925  -46.41548  -55.91304     -0.969    1468.76    881.000    871.883     2.4848     2.4853     0.0004     2.4294     2.4298     0.0004   3.122197   3.122211   0.000012    34.5334    34.5331     3.8174    27.5628    27.5625    34.5335    27.5629    1474.05    1474.05     2.4293  1031.6626    34.7003 0.0000e+00
      35545 292.975938  -46.41548  -55.91304     -0.985    1468.76    880.000    870.896     2.4849     2.4856     0.0008     2.4295     2.4302     0.0007   3.122174   3.122180   0.000005    34.5336    34.5329     3.8276    27.5630    27.5623    34.5337    27.5630    1474.04    1474.04     2.4294  1031.6581    34.7005 0.0000e+00
      35572 292.975951  -46.41550  -55.91304     -0.905    1468.76    879.000    869.908     2.4856     2.4860     0.0004     2.4303     2.4307     0.0004   3.122159   3.122165   0.000005    34.5332    34.5328     3.8290    27.5625    27.5622    34.5333    27.5626    1474.02    1474.02     2.4302  1031.6531    34.7001 0.0000e+00
      35596 292.975962  -46.41550  -55.91304     -0.932    1468.76    878.000    868.920     2.4859     2.4867     0.0008     2.4307     2.4314     0.0008   3.122126   3.122140   0.000015    34.5330    34.5323     3.8263    27.5623    27.5618    34.5330    27.5624    1474.01    1474.01     2.4306  1031.6482    34.6999 0.0000e+00
      35618 292.975973  -46.41550  -55.91304     -1.045    1468.76    877.000    867.933     2.4862     2.4869     0.0007     2.4311     2.4317     0.0006   3.122094   3.122112   0.000019    34.5327    34.5323     3.8208    27.5621    27.5617    34.5328    27.5622    1473.99    1474.00     2.4310  1031.6434    34.6997 0.0000e+00
      35641 292.975984  -46.41550  -55.91304     -1.097    1468.76    876.000    866.945     2.4866     2.4875     0.0009     2.4315     2.4323     0.0009   3.122089   3.122099   0.000011    34.5329    34.5320     3.8235    27.5622    27.5615    34.5330    27.5623    1473.98    1473.98     2.4314  1031.6389    34.6998 0.0000e+00
      35672 292.975999  -46.41550  -55.91304     -0.861    1468.76    875.000    865.958     2.4868     2.4870     0.0001     2.4318     2.4319     0.0001   3.122061   3.122034  -0.000025    34.5328    34.5323     3.8258    27.5621    27.5617    34.5328    27.5621    1473.96    1473.96     2.4317  1031.6330    34.6982 0.0000e+00
      35710 292.976017 -9.990e-29  -55.91304     -0.608    1468.76    874.000    864.970     2.4876     2.4880     0.0004     2.4326     2.4330     0.0004   3.122050   3.122041  -0.000010    34.5324    34.5318     3.8267    27.5617    27.5612    34.5324    27.5617    1473.95    1473.95     2.4326  1031.6262    34.6955 0.0000e+00
      35738 292.976030 -9.990e-29  -55.91304     -0.773    1468.76    873.000    863.982     2.4880     2.4893     0.0013     2.4331     2.4344     0.0013   3.122046   3.122075   0.000025    34.5324    34.5313     3.8271    27.5616    27.5607    34.5325    27.5617    1473.93    1473.94     2.4330  1031.6216    34.6956 0.0000e+00
      35760 292.976041 -9.990e-29  -55.91304     -0.986    1468.76    872.000    862.995     2.4893     2.4913     0.0020     2.4344     2.4364     0.0020   3.122073   3.122157   0.000075    34.5318    34.5306     3.8265    27.5611    27.5600    34.5320    27.5612    1473.92    1473.93     2.4344  1031.6165    34.6952 0.0000e+00
      35784 292.976053  -46.41554  -55.91304     -1.052    1468.76    871.000    862.007     2.4941     2.4936    -0.0005     2.4393     2.4388    -0.0005   3.122341   3.122266  -0.000056    34.5302    34.5301     3.8228    27.5594    27.5593    34.5307    27.5598    1473.92    1473.92     2.4392  1031.6125    34.6966 0.0000e+00
      35822 292.976071  -46.41554  -55.91304     -0.690    1468.76    870.000    861.020     2.4961     2.4942    -0.0019     2.4414     2.4395    -0.0019   3.122421   3.122276  -0.000136    34.5297    34.5300     3.8226    27.5588    27.5592    34.5300    27.5590    1473.92    1473.91     2.4413  1031.6078    34.6968 0.0000e+00
      35863 292.976091  -46.41556  -55.91304     -0.551    1468.76    869.000    860.032     2.4984     2.4977    -0.0008     2.4437     2.4430    -0.0008   3.122517   3.122438  -0.000091    34.5290    34.5287     3.8234    27.5580    27.5579    34.5292    27.5582    1473.91    1473.91     2.4437  1031.6023    34.6960 0.0000e+00
      35887 292.976103  -46.41556  -55.91304     -0.831    1468.76    868.000    859.044     2.4993     2.4999     0.0006     2.4447     2.4452     0.0006   3.122520   3.122521  -0.000002    34.5286    34.5280     3.8310    27.5577    27.5571    34.5289    27.5579    1473.90    1473.90     2.4446  1031.5974    34.6956 0.0000e+00
      35908 292.976112  -46.41556  -55.91302     -1.054    1468.76    867.000    858.057     2.4999     2.5003     0.0004     2.4454     2.4457     0.0004   3.122506   3.122500  -0.000012    34.5283    34.5278     3.8324    27.5574    27.5569    34.5285    27.5576    1473.88    1473.88     2.4453  1031.5924    34.6953 0.0000e+00
