Pos-Processados/process_op42/Processamento_split/up/uoperantar42_007.cnv
* Sea-Bird SBE 9 Data File:
* FileName = C:\Users\Hidrografia\Desktop\OPXLII\Brutos\OP42006.hdr
* Software Version Seasave V 7.26.7.107
* Temperature SN = 6502
* Conductivity SN = 4998
* Number of Bytes Per Scan = 31
* Number of Voltage Words = 2
* Number of Scans Averaged by the Deck Unit = 1
* NMEA Latitude = 41 49.29 S
* NMEA Longitude = 054 31.41 W
* NMEA UTC (Time) = Oct 18 2023 00:54:10
* NMEA baud rate = 4800
** H41
** NPOALTEMAXIMIANO
** NUMERO DA ESTACAO (XXX) 006
** LAT (XX XX.XX S/N) 41 49.31 S
** LONG (XXX XX.XX W/E) 054 31.42 W
** DATAHORA (dd/mm/aaaa hh:mm Z) 17/10/2023 0025Z
** PROFUNDIDADE (m) 5071
** OPERADOR CT FILIPE LOPES
# nquan = 30
# nvalues = 1012                        
# units = specified
# name 0 = scan: Scan Count
# name 1 = timeJ: Julian Days
# name 2 = latitude: Latitude [deg]
# name 3 = longitude: Longitude [deg]
# name 4 = dz/dtM: Descent Rate [m/s]
# name 5 = avgsvCM: Average Sound Velocity [Chen-Millero, m/s]
# name 6 = prDM: Pressure, Digiquartz [db]
# name 7 = depSM: Depth [salt water, m]
# name 8 = t090C: Temperature [ITS-90, deg C]
# name 9 = t190C: Temperature, 2 [ITS-90, deg C]
# name 10 = T2-T190C: Temperature Difference, 2 - 1 [ITS-90, deg C]
# name 11 = potemp090C: Potential Temperature [ITS-90, deg C]
# name 12 = potemp190C: Potential Temperature, 2 [ITS-90, deg C]
# name 13 = potemp90Cdiff: Potential Temperature, Diff, 2 - 1 [ITS-90, deg C]
# name 14 = c0S/m: Conductivity [S/m]
# name 15 = c1S/m: Conductivity, 2 [S/m]
# name 16 = C2-C1S/m: Conductivity Difference, 2 - 1 [S/m]
# name 17 = sal00: Salinity, Practical [PSU]
# name 18 = sal11: Salinity, Practical, 2 [PSU]
# name 19 = sbeox0ML/L: Oxygen, SBE 43 [ml/l]
# name 20 = sigma-é00: Density [sigma-theta, kg/m^3]
# name 21 = sigma-é11: Density, 2 [sigma-theta, kg/m^3]
# name 22 = sal00: Salinity, Practical [PSU]
# name 23 = sigma-é00: Density [sigma-theta, kg/m^3]
# name 24 = svCM: Sound Velocity [Chen-Millero, m/s]
# name 25 = svCM1: Sound Velocity, 2 [Chen-Millero, m/s]
# name 26 = gsw_ptA0: potential temperature [ITS-90, deg C]
# name 27 = gsw_densityA0: density, TEOS-10 [density, kg/m^3]
# name 28 = gsw_saA0: Absolute Salinity [g/kg]
# name 29 = flag:
# span 0 =      33792,      65275       
# span 1 = 291.053912, 291.069095       
# span 2 =  -41.81611,  -41.81190       
# span 3 =  -54.52037,  -54.51750       
# span 4 =     -1.512,     -0.218       
# span 5 =    1482.44,    1482.44       
# span 6 =      4.000,   1015.000       
# span 7 =      3.978,   1004.575       
# span 8 =     3.0782,    13.7247       
# span 9 =     3.0800,    13.7272       
# span 10 =    -0.5423,     0.5292      
# span 11 =     3.0123,    13.7226      
# span 12 =     3.0141,    13.7240      
# span 13 =    -0.5412,     0.5282      
# span 14 =   3.155786,   4.206754      
# span 15 =   3.155946,   4.207083      
# span 16 =  -0.052698,   0.056733      
# span 17 =    34.1332,    35.3569      
# span 18 =    34.1337,    35.3575      
# span 19 =     4.6802,     6.4447      
# span 20 =    26.5102,    27.3261      
# span 21 =    26.5122,    27.3257      
# span 22 =    34.1332,    35.3598      
# span 23 =    26.5205,    27.3261      
# span 24 =    1475.74,    1503.67      
# span 25 =    1475.75,    1503.66      
# span 26 =     3.0121,    13.7226      
# span 27 =  1026.5459,  1032.0254      
# span 28 =    34.2955,    35.5268      
# span 29 = 0.0000e+00, 0.0000e+00      
# interval = decibars: 1                
# start_time = Oct 18 2023 00:54:10 [NMEA time, header]
# bad_flag = -9.990e-29
*END*
[from data line 436]
      45106 291.059368  -41.81452  -54.51938     -0.965    1482.44    579.000    573.666     4.3733     4.3800     0.0068     4.3299     4.3367     0.0068   3.244684   3.245026   0.000571    34.1699    34.1696     5.9935    27.0913    27.0903    34.1741    27.0946    1476.61    1476.63     4.3298  1029.7699    34.3371 0.0000e+00
      45135 291.059382  -41.81452  -54.51938     -0.847    1482.44    578.000    572.677     4.3951     4.3731    -0.0219     4.3517     4.3299    -0.0218   3.246596   3.244384  -0.002027    34.1708    34.1698     5.9771    27.0897    27.0912    34.1745    27.0926    1476.68    1476.59     4.3516  1029.7630    34.3374 0.0000e+00
      45160 291.059394  -41.81451  -54.51938     -0.887    1482.44    577.000    571.688     4.4034     4.3930    -0.0104     4.3601     4.3498    -0.0103   3.247418   3.246598  -0.001073    34.1729    34.1710     5.9732    27.0904    27.0901    34.1760    27.0929    1476.70    1476.66     4.3600  1029.7586    34.3390 0.0000e+00
      45181 291.059404  -41.81450  -54.51938     -1.045    1482.44    576.000    570.698     4.4218     4.4331     0.0113     4.3785     4.3898     0.0113   3.249404   3.250140   0.000729    34.1756    34.1723     5.9633    27.0906    27.0868    34.1808    27.0947    1476.77    1476.81     4.3783  1029.7555    34.3438 0.0000e+00
      45200 291.059413  -41.81450  -54.51938     -1.183    1482.44    575.000    569.709     4.4406     4.4517     0.0111     4.3973     4.4083     0.0110   3.250997   3.251864   0.000832    34.1764    34.1746     5.9515    27.0892    27.0867    34.1806    27.0925    1476.83    1476.87     4.3971  1029.7484    34.3435 0.0000e+00
      45221 291.059423  -41.81450  -54.51938     -1.207    1482.44    574.000    568.719     4.4525     4.4582     0.0057     4.4092     4.4149     0.0057   3.252073   3.252456   0.000404    34.1778    34.1766     5.9429    27.0890    27.0875    34.1813    27.0919    1476.86    1476.88     4.4091  1029.7430    34.3443 0.0000e+00
      45246 291.059435  -41.81450  -54.51936     -1.050    1482.44    573.000    567.730     4.4549     4.4563     0.0014     4.4117     4.4131     0.0014   3.252244   3.252240   0.000059    34.1786    34.1779     5.9351    27.0894    27.0887    34.1814    27.0916    1476.85    1476.86     4.4116  1029.7381    34.3443 0.0000e+00
      45276 291.059450  -41.81450  -54.51936     -0.843    1482.44    572.000    566.740     4.4638     4.4474    -0.0164     4.4206     4.4043    -0.0163   3.253008   3.251342  -0.001623    34.1786    34.1766     5.9113    27.0885    27.0886    34.1817    27.0909    1476.88    1476.80     4.4205  1029.7327    34.3446 0.0000e+00
      45301 291.059462  -41.81449  -54.51936     -0.880    1482.44    571.000    565.751     4.4688     4.4674    -0.0013     4.4257     4.4243    -0.0013   3.253464   3.253200  -0.000316    34.1799    34.1775     5.9053    27.0889    27.0872    34.1823    27.0909    1476.88    1476.87     4.4255  1029.7280    34.3453 0.0000e+00
      45325 291.059473  -41.81448  -54.51936     -0.984    1482.44    570.000    564.761     4.4706     4.4750     0.0044     4.4275     4.4319     0.0044   3.253616   3.253896   0.000247    34.1804    34.1788     5.9032    27.0892    27.0874    34.1828    27.0910    1476.87    1476.89     4.4274  1029.7235    34.3457 0.0000e+00
      45351 291.059486  -41.81448  -54.51936     -0.971    1482.44    569.000    563.772     4.4723     4.4775     0.0052     4.4293     4.4344     0.0052   3.253677   3.254073   0.000388    34.1805    34.1797     5.9001    27.0891    27.0879    34.1822    27.0904    1476.86    1476.88     4.4292  1029.7183    34.3452 0.0000e+00
      45382 291.059501  -41.81448  -54.51936     -0.812    1482.44    568.000    562.782     4.4754     4.4729    -0.0025     4.4325     4.4300    -0.0025   3.253990   3.253611  -0.000314    34.1811    34.1800     5.8957    27.0892    27.0886    34.1832    27.0908    1476.86    1476.85     4.4324  1029.7141    34.3462 0.0000e+00
      45411 291.059515  -41.81448  -54.51936     -0.795    1482.44    567.000    561.793     4.4823     4.4813    -0.0009     4.4394     4.4384    -0.0009   3.254531   3.254375  -0.000204    34.1815    34.1800     5.8855    27.0887    27.0877    34.1829    27.0899    1476.87    1476.86     4.4393  1029.7084    34.3459 0.0000e+00
      45433 291.059525  -41.81446  -54.51936     -0.944    1482.44    566.000    560.804     4.4831     4.4844     0.0013     4.4404     4.4416     0.0013   3.254609   3.254668   0.000023    34.1816    34.1805     5.8898    27.0887    27.0877    34.1835    27.0902    1476.86    1476.86     4.4403  1029.7041    34.3464 0.0000e+00
      45452 291.059535  -41.81446  -54.51935     -1.132    1482.44    565.000    559.814     4.4918     4.4980     0.0063     4.4490     4.4553     0.0062   3.255435   3.255936   0.000393    34.1827    34.1808     5.8951    27.0886    27.0865    34.1847    27.0903    1476.88    1476.90     4.4489  1029.6995    34.3477 0.0000e+00
      45471 291.059544  -41.81446  -54.51934     -1.255    1482.44    564.000    558.824     4.4969     4.5142     0.0173     4.4542     4.4715     0.0173   3.256053   3.257501   0.001405    34.1837    34.1822     5.8950    27.0889    27.0858    34.1872    27.0916    1476.89    1476.96     4.4541  1029.6962    34.3501 0.0000e+00
      45490 291.059553  -41.81446  -54.51934     -1.271    1482.44    563.000    557.835     4.5093     4.5385     0.0292     4.4666     4.4957     0.0291   3.256890   3.259699   0.002626    34.1834    34.1840     5.8947    27.0873    27.0846    34.1847    27.0883    1476.92    1477.04     4.4665  1029.6881    34.3476 0.0000e+00
      45515 291.059565  -41.81446  -54.51934     -1.103    1482.44    562.000    556.846     4.5152     4.5267     0.0115     4.4726     4.4840     0.0115   3.257574   3.258509   0.001267    34.1833    34.1862     5.8945    27.0866    27.0876    34.1871    27.0896    1476.93    1476.98     4.4724  1029.6847    34.3501 0.0000e+00
      45546 291.059580  -41.81446  -54.51934     -0.813    1482.44    561.000    555.856     4.5673     4.5126    -0.0546     4.5245     4.4701    -0.0544   3.262836   3.257503  -0.005076    34.1897    34.1868     5.8802    27.0860    27.0896    34.1953    27.0905    1477.14    1476.91     4.5244  1029.6802    34.3583 0.0000e+00
      45574 291.059593  -41.81445  -54.51934     -0.805    1482.44    560.000    554.867     4.5961     4.5733    -0.0228     4.5533     4.5305    -0.0227   3.265740   3.263275  -0.002715    34.1952    34.1871     5.8717    27.0872    27.0833    34.1999    27.0910    1477.25    1477.15     4.5532  1029.6757    34.3630 0.0000e+00
      45596 291.059604  -41.81444  -54.51934     -0.971    1482.44    559.000    553.877     4.6288     4.6563     0.0275     4.5859     4.6133     0.0274   3.269115   3.271633   0.002212    34.1973    34.1947     5.8608    27.0853    27.0802    34.2061    27.0923    1477.37    1477.49     4.5858  1029.6719    34.3691 0.0000e+00
      45618 291.059615  -41.81444  -54.51934     -1.087    1482.44    558.000    552.888     4.6682     4.6847     0.0166     4.6252     4.6417     0.0165   3.272169   3.274030   0.001580    34.1980    34.1993     5.8337    27.0816    27.0808    34.2016    27.0844    1477.51    1477.59     4.6251  1029.6590    34.3646 0.0000e+00
      45643 291.059627  -41.81444  -54.51934     -1.042    1482.44    557.000    551.898     4.6466     4.7068     0.0602     4.6037     4.6637     0.0599   3.270605   3.276055   0.005395    34.2016    34.2024     5.8148    27.0868    27.0808    34.2062    27.0904    1477.41    1477.66     4.6036  1029.6603    34.3688 0.0000e+00
      45674 291.059641  -41.81443 -9.990e-29     -0.837    1482.44    556.000    550.908     4.6996     4.6805    -0.0191     4.6567     4.6377    -0.0190   3.275788   3.273330  -0.001937    34.2050    34.2022     5.7604    27.0837    27.0835    34.2123    27.0895    1477.62    1477.53     4.6566  1029.6539    34.3749 0.0000e+00
      45708 291.059658  -41.81442 -9.990e-29     -0.684    1482.44    555.000    549.919     4.7239     4.7021    -0.0219     4.6810     4.6592    -0.0218   3.277823   3.275695  -0.002389    34.2069    34.2017     5.7396    27.0825    27.0807    34.2115    27.0861    1477.71    1477.61     4.6808  1029.6457    34.3740 0.0000e+00
      45733 291.059670  -41.81442  -54.51932     -0.827    1482.44    554.000    548.930     4.7318     4.7343     0.0025     4.6888     4.6914     0.0025   3.278738   3.278961  -0.000016    34.2095    34.2067     5.7269    27.0837    27.0812    34.2146    27.0877    1477.73    1477.73     4.6887  1029.6427    34.3773 0.0000e+00
      45751 291.059679  -41.81442  -54.51932     -1.074    1482.44    553.000    547.940     4.7586     4.7738     0.0152     4.7156     4.7308     0.0152   3.281713   3.282509   0.001005    34.2131    34.2091     5.7036    27.0835    27.0786    34.2220    27.0906    1477.83    1477.88     4.7154  1029.6409    34.3851 0.0000e+00
      45768 291.059687  -41.81442  -54.51932     -1.295    1482.44    552.000    546.950     4.7848     4.7944     0.0096     4.7418     4.7513     0.0096   3.283877   3.284591   0.000584    34.2146    34.2115     5.6841    27.0818    27.0782    34.2208    27.0867    1477.92    1477.95     4.7416  1029.6320    34.3838 0.0000e+00
      45786 291.059696  -41.81442  -54.51932     -1.401    1482.44    551.000    545.961     4.7954     4.8093     0.0139     4.7525     4.7663     0.0138   3.284869   3.286005   0.001106    34.2161    34.2147     5.6796    27.0818    27.0791    34.2218    27.0863    1477.95    1478.00     4.7523  1029.6269    34.3849 0.0000e+00
      45807 291.059706  -41.81442  -54.51932     -1.308    1482.44    550.000    544.971     4.8065     4.8139     0.0074     4.7635     4.7709     0.0074   3.285719   3.286350   0.000662    34.2165    34.2165     5.6774    27.0808    27.0800    34.2208    27.0843    1477.97    1478.00     4.7634  1029.6201    34.3839 0.0000e+00
      45841 291.059722  -41.81441  -54.51932     -0.806    1482.44    549.000    543.982     4.8120     4.7947    -0.0173     4.7691     4.7519    -0.0172   3.285826   3.284391  -0.001286    34.2130    34.2158     5.6645    27.0775    27.0817    34.2169    27.0805    1477.97    1477.91     4.7690  1029.6115    34.3796 0.0000e+00
      45874 291.059738  -41.81440 -9.990e-29     -0.663    1482.44    548.000    542.992     4.8118     4.7967    -0.0151     4.7690     4.7540    -0.0151   3.285928   3.284784  -0.001219    34.2152    34.2166     5.6518    27.0792    27.0820    34.2187    27.0820    1477.96    1477.90     4.7689  1029.6082    34.3813 0.0000e+00
      45897 291.059749  -41.81440 -9.990e-29     -0.899    1482.44    547.000    542.003     4.8205     4.8212     0.0007     4.7778     4.7784     0.0007   3.287041   3.286932  -0.000118    34.2201    34.2180     5.6444    27.0821    27.0804    34.2232    27.0846    1477.99    1477.99     4.7776  1029.6061    34.3858 0.0000e+00
      45918 291.059759  -41.81440 -9.990e-29     -1.089    1482.44    546.000    541.013     4.8220     4.8236     0.0016     4.7794     4.7809     0.0016   3.287110   3.287159   0.000005    34.2204    34.2188     5.6384    27.0822    27.0808    34.2230    27.0842    1477.97    1477.98     4.7792  1029.6011    34.3855 0.0000e+00
      45940 291.059770  -41.81440  -54.51930     -1.120    1482.44    545.000    540.023     4.8256     4.8393     0.0137     4.7830     4.7966     0.0136   3.287509   3.288643   0.001067    34.2212    34.2196     5.6421    27.0825    27.0796    34.2245    27.0850    1477.98    1478.03     4.7829  1029.5975    34.3874 0.0000e+00
      45965 291.059782  -41.81438  -54.51930     -1.027    1482.44    544.000    539.034     4.8413     4.8461     0.0048     4.7987     4.8035     0.0047   3.289023   3.289273   0.000286    34.2229    34.2212     5.6382    27.0819    27.0801    34.2264    27.0847    1478.02    1478.04     4.7986  1029.5926    34.3894 0.0000e+00
      45990 291.059794  -41.81438  -54.51930     -0.960    1482.44    543.000    538.044     4.8549     4.8453    -0.0096     4.8123     4.8028    -0.0095   3.290366   3.289187  -0.001083    34.2249    34.2221     5.6326    27.0820    27.0809    34.2285    27.0849    1478.07    1478.02     4.8122  1029.5879    34.3915 0.0000e+00
      46015 291.059806  -41.81438  -54.51930     -0.969    1482.44    542.000    537.055     4.8617     4.8696     0.0079     4.8191     4.8270     0.0079   3.290943   3.291542   0.000434    34.2257    34.2226     5.6313    27.0819    27.0786    34.2287    27.0843    1478.08    1478.11     4.8190  1029.5827    34.3917 0.0000e+00
      46040 291.059818  -41.81438  -54.51930     -0.959    1482.44    541.000    536.065     4.8728     4.8839     0.0111     4.8303     4.8414     0.0110   3.291919   3.292826   0.000895    34.2262    34.2252     5.6184    27.0811    27.0790    34.2291    27.0833    1478.11    1478.15     4.8302  1029.5770    34.3921 0.0000e+00
      46065 291.059830  -41.81438  -54.51930     -0.945    1482.44    540.000    535.076     4.8773     4.8855     0.0081     4.8349     4.8430     0.0081   3.292286   3.292923   0.000645    34.2266    34.2257     5.6070    27.0808    27.0792    34.2292    27.0829    1478.11    1478.14     4.8348  1029.5719    34.3922 0.0000e+00
      46092 291.059843  -41.81438  -54.51930     -0.923    1482.44    539.000    534.086     4.8828     4.8871     0.0044     4.8404     4.8448     0.0043   3.292687   3.293068   0.000355    34.2267    34.2263     5.6002    27.0803    27.0795    34.2287    27.0819    1478.12    1478.13     4.8403  1029.5662    34.3918 0.0000e+00
      46119 291.059856  -41.81436  -54.51930     -0.889    1482.44    538.000    533.096     4.8860     4.8915     0.0055     4.8437     4.8491     0.0055   3.293070   3.293429   0.000401    34.2277    34.2268     5.6043    27.0807    27.0794    34.2304    27.0828    1478.11    1478.13     4.8436  1029.5625    34.3934 0.0000e+00
      46143 291.059868  -41.81436  -54.51930     -0.941    1482.44    537.000    532.107     4.8944     4.8945     0.0001     4.8521     4.8522     0.0001   3.293714   3.293590  -0.000063    34.2279    34.2271     5.6071    27.0799    27.0793    34.2297    27.0814    1478.13    1478.13     4.8520  1029.5564    34.3927 0.0000e+00
      46164 291.059878  -41.81436  -54.51930     -1.055    1482.44    536.000    531.117     4.8918     4.8768    -0.0150     4.8497     4.8347    -0.0150   3.293198   3.291410  -0.001583    34.2265    34.2236     5.6054    27.0791    27.0785    34.2269    27.0794    1478.10    1478.03     4.8496  1029.5499    34.3899 0.0000e+00
      46182 291.059887  -41.81434  -54.51928     -1.193    1482.44    535.000    530.128     4.8747     4.8669    -0.0078     4.8328     4.8250    -0.0078   3.291127   3.290235  -0.001072    34.2220    34.2177     5.6080    27.0775    27.0749    34.2210    27.0766    1478.01    1477.97     4.8326  1029.5428    34.3840 0.0000e+00
      46200 291.059895  -41.81434  -54.51928     -1.307    1482.44    534.000    529.138     4.8713     4.8756     0.0043     4.8294     4.8336     0.0043   3.290855   3.291034   0.000114    34.2214    34.2183     5.6015    27.0773    27.0744    34.2219    27.0777    1477.98    1477.99     4.8293  1029.5393    34.3849 0.0000e+00
      46218 291.059904  -41.81434  -54.51928     -1.335    1482.44    533.000    528.148     4.8715     4.8747     0.0032     4.8296     4.8329     0.0032   3.290713   3.290783   0.000117    34.2199    34.2179     5.6036    27.0761    27.0742    34.2206    27.0767    1477.96    1477.97     4.8295  1029.5337    34.3836 0.0000e+00
