Pos-Processados/process_op42/Processamento_split/up/uoperantar42_042.cnv
* Sea-Bird SBE 9 Data File:
* FileName = C:\Users\Hidrografia\Desktop\OPXLII\Brutos\OP42042.hdr
* Software Version Seasave V 7.26.7.107
* Temperature SN = 6502
* Conductivity SN = 4998
* Number of Bytes Per Scan = 37
* Number of Voltage Words = 4
* Number of Scans Averaged by the Deck Unit = 1
* NMEA Latitude = 62 08.39 S
* NMEA Longitude = 058 26.43 W
* NMEA UTC (Time) = Nov 09 2023 17:06:28
* NMEA baud rate = 4800
** H41
** NPOALTEMAXIMIANO
** NUMERO DA ESTACAO (XXX) 042
** LAT (XX XX.XX S/N) 62 08.441S
** LONG (XXX XX.XX W/E) 058 26.341 W
** DATAHORA (dd/mm/aaaa hh:mm Z) 09/11/2023 1705Z
** PROFUNDIDADE (m) 425
** OPERADOR CT FILIPE LOPES
# nquan = 30
# nvalues = 372                         
# units = specified
# name 0 = scan: Scan Count
# name 1 = timeJ: Julian Days
# name 2 = latitude: Latitude [deg]
# name 3 = longitude: Longitude [deg]
# name 4 = dz/dtM: Descent Rate [m/s]
# name 5 = avgsvCM: Average Sound Velocity [Chen-Millero, m/s]
# name 6 = prDM: Pressure, Digiquartz [db]
# name 7 = depSM: Depth [salt water, m]
# name 8 = t090C: Temperature [ITS-90, deg C]
# name 9 = t190C: Temperature, 2 [ITS-90, deg C]
# name 10 = T2-T190C: Temperature Difference, 2 - 1 [ITS-90, deg C]
# name 11 = potemp090C: Potential Temperature [ITS-90, deg C]
# name 12 = potemp190C: Potential Temperature, 2 [ITS-90, deg C]
# name 13 = potemp90Cdiff: Potential Temperature, Diff, 2 - 1 [ITS-90, deg C]
# name 14 = c0S/m: Conductivity [S/m]
# name 15 = c1S/m: Conductivity, 2 [S/m]
# name 16 = C2-C1S/m: Conductivity Difference, 2 - 1 [S/m]
# name 17 = sal00: Salinity, Practical [PSU]
# name 18 = sal11: Salinity, Practical, 2 [PSU]
# name 19 = sbeox0ML/L: Oxygen, SBE 43 [ml/l]
# name 20 = sigma-é00: Density [sigma-theta, kg/m^3]
# name 21 = sigma-é11: Density, 2 [sigma-theta, kg/m^3]
# name 22 = sal00: Salinity, Practical [PSU]
# name 23 = sigma-é00: Density [sigma-theta, kg/m^3]
# name 24 = svCM: Sound Velocity [Chen-Millero, m/s]
# name 25 = svCM1: Sound Velocity, 2 [Chen-Millero, m/s]
# name 26 = gsw_ptA0: potential temperature [ITS-90, deg C]
# name 27 = gsw_densityA0: density, TEOS-10 [density, kg/m^3]
# name 28 = gsw_saA0: Absolute Salinity [g/kg]
# name 29 = flag:
# span 0 =      16234,      26946       
# span 1 = 313.720653, 313.725818       
# span 2 =  -62.14547,  -62.14316       
# span 3 =  -58.43860,  -58.43537       
# span 4 =     -1.066,     -0.285       
# span 5 =    1448.26,    1448.26       
# span 6 =      1.000,    372.000       
# span 7 =      1.018,    368.099       
# span 8 =    -0.8121,    -0.4218       
# span 9 =    -0.8107,    -0.4201       
# span 10 =    -0.0175,     0.0199      
# span 11 =    -0.8180,    -0.4342      
# span 12 =    -0.8166,    -0.4324      
# span 13 =    -0.0174,     0.0198      
# span 14 =   2.792270,   2.840680      
# span 15 =   2.792274,   2.840311      
# span 16 =  -0.001658,   0.001786      
# span 17 =    34.2732,    34.4232      
# span 18 =    34.2720,    34.4217      
# span 19 =     6.5122,     7.6488      
# span 20 =    27.5445,    27.6633      
# span 21 =    27.5435,    27.6621      
# span 22 =    34.2736,    34.4238      
# span 23 =    27.5448,    27.6640      
# span 24 =    1445.78,    1452.40      
# span 25 =    1445.79,    1452.33      
# span 26 =    -0.8179,    -0.4340      
# span 27 =  1027.5540,  1029.4404      
# span 28 =    34.4372,    34.5924      
# span 29 = 0.0000e+00, 0.0000e+00      
# interval = decibars: 1                
# start_time = Nov 09 2023 17:06:28 [NMEA time, header]
# bad_flag = -9.990e-29
*END*
[from data line 194]
      21620 313.723250  -62.14434  -58.43724     -0.721    1448.26    178.000    176.216    -0.7814    -0.7822    -0.0007    -0.7867    -0.7874    -0.0007   2.793357   2.793215  -0.000140    34.3001    34.2990     7.4748    27.5777    27.5769    34.3008    27.5783    1447.47    1447.46    -0.7865  1028.4355    34.4678 0.0000e+00
      21655 313.723267  -62.14436  -58.43724     -0.680    1448.26    177.000    175.227    -0.7754    -0.7758    -0.0003    -0.7807    -0.7810    -0.0003   2.793786   2.793680  -0.000107    34.2995    34.2984     7.4814    27.5770    27.5761    34.3004    27.5777    1447.48    1447.47    -0.7805  1028.4301    34.4674 0.0000e+00
      21689 313.723283  -62.14436  -58.43722     -0.705    1448.26    176.000    174.237    -0.7674    -0.7674     0.0000    -0.7726    -0.7726     0.0000   2.794354   2.794269  -0.000078    34.2986    34.2975     7.4894    27.5759    27.5751    34.2996    27.5767    1447.50    1447.50    -0.7725  1028.4244    34.4667 0.0000e+00
      21721 313.723299  -62.14436  -58.43722     -0.735    1448.26    175.000    173.248    -0.7645    -0.7633     0.0011    -0.7696    -0.7685     0.0011   2.794535   2.794556   0.000012    34.2985    34.2974     7.4811    27.5757    27.5748    34.2993    27.5764    1447.49    1447.50    -0.7695  1028.4192    34.4663 0.0000e+00
      21752 313.723314  -62.14436  -58.43722     -0.769    1448.26    174.000    172.258    -0.7615    -0.7609     0.0006    -0.7666    -0.7660     0.0006   2.794749   2.794695  -0.000057    34.2987    34.2972     7.4841    27.5758    27.5746    34.2994    27.5763    1447.49    1447.49    -0.7665  1028.4144    34.4664 0.0000e+00
      21783 313.723329  -62.14438  -58.43720     -0.786    1448.26    173.000    171.268    -0.7603    -0.7597     0.0007    -0.7655    -0.7648     0.0007   2.794785   2.794737  -0.000045    34.2986    34.2972     7.4858    27.5757    27.5745    34.2992    27.5761    1447.48    1447.48    -0.7653  1028.4094    34.4662 0.0000e+00
      21817 313.723345  -62.14438  -58.43719     -0.712    1448.26    172.000    170.279    -0.7596    -0.7586     0.0011    -0.7647    -0.7637     0.0011   2.794786   2.794784  -0.000010    34.2986    34.2972     7.4893    27.5756    27.5745    34.2991    27.5760    1447.47    1447.47    -0.7646  1028.4044    34.4661 0.0000e+00
      21847 313.723359  -62.14438  -58.43718     -0.765    1448.26    171.000    169.289    -0.7569    -0.7567     0.0002    -0.7619    -0.7617     0.0002   2.794983   2.794881  -0.000083    34.2983    34.2970     7.4825    27.5753    27.5741    34.2992    27.5760    1447.46    1447.46    -0.7618  1028.3996    34.4662 0.0000e+00
      21877 313.723374  -62.14440  -58.43717     -0.827    1448.26    170.000    168.300    -0.7497    -0.7535    -0.0038    -0.7548    -0.7586    -0.0038   2.795455   2.795067  -0.000360    34.2971    34.2965     7.4883    27.5740    27.5737    34.2981    27.5748    1447.48    1447.46    -0.7546  1028.3937    34.4651 0.0000e+00
      21909 313.723389  -62.14440  -58.43715     -0.739    1448.26    169.000    167.310    -0.7488    -0.7479     0.0009    -0.7538    -0.7529     0.0009   2.795455   2.795446  -0.000041    34.2973    34.2956     7.4981    27.5741    27.5727    34.2977    27.5744    1447.47    1447.47    -0.7537  1028.3885    34.4647 0.0000e+00
      21939 313.723404  -62.14440  -58.43714     -0.800    1448.26    168.000    166.320    -0.7443    -0.7443     0.0000    -0.7493    -0.7493     0.0000   2.795751   2.795644  -0.000106    34.2963    34.2949     7.4922    27.5731    27.5720    34.2972    27.5738    1447.47    1447.47    -0.7492  1028.3831    34.4642 0.0000e+00
      21970 313.723419  -62.14442  -58.43714     -0.776    1448.26    167.000    165.331    -0.7424    -0.7419     0.0004    -0.7473    -0.7469     0.0004   2.795834   2.795776  -0.000063    34.2961    34.2948     7.4890    27.5729    27.5718    34.2967    27.5733    1447.47    1447.47    -0.7472  1028.3778    34.4637 0.0000e+00
      22004 313.723435  -62.14442  -58.43712     -0.716    1448.26    166.000    164.341    -0.7428    -0.7421     0.0006    -0.7477    -0.7470     0.0006   2.795731   2.795694  -0.000038    34.2960    34.2948     7.4855    27.5728    27.5718    34.2964    27.5731    1447.45    1447.45    -0.7476  1028.3728    34.4634 0.0000e+00
      22036 313.723450  -62.14442  -58.43712     -0.729    1448.26    165.000    163.352    -0.7434    -0.7426     0.0008    -0.7483    -0.7475     0.0008   2.795594   2.795574  -0.000027    34.2957    34.2944     7.4898    27.5726    27.5715    34.2959    27.5728    1447.43    1447.43    -0.7482  1028.3677    34.4629 0.0000e+00
      22062 313.723463  -62.14442  -58.43710     -0.860    1448.26    164.000    162.362    -0.7444    -0.7432     0.0012    -0.7493    -0.7481     0.0012   2.795439   2.795458   0.000018    34.2954    34.2943     7.4949    27.5724    27.5714    34.2955    27.5725    1447.40    1447.41    -0.7491  1028.3626    34.4625 0.0000e+00
      22089 313.723476  -62.14444  -58.43710     -0.913    1448.26    163.000    161.372    -0.7442    -0.7436     0.0007    -0.7491    -0.7484     0.0007   2.795409   2.795373  -0.000034    34.2953    34.2941     7.4987    27.5723    27.5713    34.2955    27.5725    1447.39    1447.39    -0.7489  1028.3579    34.4625 0.0000e+00
      22118 313.723490  -62.14444  -58.43708     -0.849    1448.26    162.000    160.383    -0.7442    -0.7434     0.0008    -0.7489    -0.7482     0.0008   2.795366   2.795337  -0.000027    34.2953    34.2940     7.4977    27.5723    27.5712    34.2955    27.5725    1447.37    1447.37    -0.7489  1028.3530    34.4625 0.0000e+00
      22148 313.723504  -62.14444  -58.43708     -0.808    1448.26    161.000    159.393    -0.7431    -0.7426     0.0005    -0.7478    -0.7473     0.0005   2.795403   2.795346  -0.000056    34.2952    34.2939     7.4990    27.5721    27.5710    34.2954    27.5723    1447.36    1447.36    -0.7477  1028.3481    34.4623 0.0000e+00
      22176 313.723518  -62.14445  -58.43707     -0.832    1448.26    160.000    158.404    -0.7424    -0.7419     0.0005    -0.7471    -0.7467     0.0005   2.795401   2.795348  -0.000057    34.2951    34.2937     7.5023    27.5720    27.5709    34.2952    27.5721    1447.35    1447.35    -0.7470  1028.3432    34.4621 0.0000e+00
      22201 313.723530  -62.14446  -58.43706     -0.903    1448.26    159.000    157.414    -0.7414    -0.7411     0.0002    -0.7461    -0.7458     0.0002   2.795422   2.795356  -0.000061    34.2947    34.2936     7.5049    27.5717    27.5708    34.2950    27.5719    1447.34    1447.34    -0.7460  1028.3382    34.4619 0.0000e+00
      22227 313.723543  -62.14446  -58.43704     -0.938    1448.26    158.000    156.424    -0.7381    -0.7387    -0.0006    -0.7428    -0.7434    -0.0006   2.795665   2.795509  -0.000137    34.2944    34.2932     7.5040    27.5713    27.5704    34.2952    27.5719    1447.34    1447.33    -0.7427  1028.3334    34.4621 0.0000e+00
      22256 313.723556  -62.14446  -58.43704     -0.874    1448.26    157.000    155.435    -0.7321    -0.7341    -0.0020    -0.7368    -0.7388    -0.0020   2.796083   2.795839  -0.000239    34.2941    34.2931     7.4955    27.5708    27.5700    34.2947    27.5713    1447.35    1447.34    -0.7366  1028.3279    34.4616 0.0000e+00
      22285 313.723570  -62.14448  -58.43704     -0.824    1448.26    156.000    154.445    -0.7302    -0.7301     0.0001    -0.7348    -0.7347     0.0001   2.796206   2.796133  -0.000089    34.2943    34.2929     7.5001    27.5709    27.5698    34.2948    27.5713    1447.34    1447.34    -0.7347  1028.3231    34.4617 0.0000e+00
      22311 313.723583  -62.14448  -58.43702     -0.877    1448.26    155.000    153.455    -0.7306    -0.7298     0.0008    -0.7352    -0.7344     0.0008   2.796108   2.796081  -0.000028    34.2942    34.2930     7.4999    27.5709    27.5698    34.2944    27.5710    1447.32    1447.32    -0.7351  1028.3181    34.4613 0.0000e+00
      22336 313.723595  -62.14448  -58.43701     -0.929    1448.26    154.000    152.466    -0.7293    -0.7299    -0.0006    -0.7339    -0.7345    -0.0006   2.796177   2.796035  -0.000124    34.2939    34.2929     7.4972    27.5706    27.5698    34.2946    27.5711    1447.31    1447.31    -0.7338  1028.3134    34.4615 0.0000e+00
      22362 313.723608  -62.14449  -58.43700     -0.950    1448.26    153.000    151.476    -0.7218    -0.7239    -0.0022    -0.7263    -0.7285    -0.0022   2.796741   2.796459  -0.000286    34.2934    34.2921     7.4943    27.5698    27.5688    34.2943    27.5705    1447.33    1447.32    -0.7262  1028.3080    34.4612 0.0000e+00
      22388 313.723620  -62.14450  -58.43699     -0.943    1448.26    152.000    150.486    -0.7223    -0.7223     0.0001    -0.7268    -0.7268     0.0001   2.796557   2.796496  -0.000076    34.2929    34.2918     7.4928    27.5694    27.5685    34.2930    27.5695    1447.31    1447.31    -0.7267  1028.3022    34.4599 0.0000e+00
      22417 313.723634  -62.14450  -58.43698     -0.863    1448.26    151.000    149.496    -0.7245    -0.7233     0.0011    -0.7289    -0.7278     0.0011   2.796279   2.796319   0.000039    34.2921    34.2914     7.4953    27.5689    27.5683    34.2923    27.5691    1447.28    1447.29    -0.7289  1028.2970    34.4592 0.0000e+00
      22449 313.723649  -62.14450  -58.43698     -0.761    1448.26    150.000    148.507    -0.7243    -0.7231     0.0012    -0.7288    -0.7276     0.0012   2.796245   2.796242  -0.000008    34.2920    34.2906     7.4914    27.5688    27.5676    34.2923    27.5690    1447.27    1447.27    -0.7286  1028.2922    34.4591 0.0000e+00
      22479 313.723664  -62.14452  -58.43696     -0.778    1448.26    149.000    147.517    -0.7250    -0.7234     0.0016    -0.7294    -0.7278     0.0016   2.796109   2.796152   0.000038    34.2918    34.2906     7.4995    27.5687    27.5676    34.2918    27.5687    1447.25    1447.25    -0.7293  1028.2870    34.4587 0.0000e+00
      22508 313.723678  -62.14452  -58.43696     -0.817    1448.26    148.000    146.527    -0.7273    -0.7255     0.0018    -0.7317    -0.7299     0.0018   2.795835   2.795906   0.000064    34.2917    34.2904     7.5031    27.5686    27.5676    34.2914    27.5684    1447.22    1447.23    -0.7316  1028.2820    34.4582 0.0000e+00
      22536 313.723692  -62.14452  -58.43695     -0.835    1448.26    147.000    145.538    -0.7316    -0.7292     0.0024    -0.7360    -0.7336     0.0024   2.795429   2.795534   0.000096    34.2918    34.2904     7.5072    27.5689    27.5677    34.2914    27.5686    1447.18    1447.19    -0.7358  1028.2774    34.4582 0.0000e+00
      22566 313.723706  -62.14452  -58.43694     -0.835    1448.26    146.000    144.548    -0.7341    -0.7322     0.0019    -0.7384    -0.7365     0.0019   2.795144   2.795228   0.000088    34.2913    34.2903     7.5088    27.5686    27.5677    34.2910    27.5684    1447.15    1447.16    -0.7383  1028.2724    34.4578 0.0000e+00
      22597 313.723721  -62.14454  -58.43693     -0.778    1448.26    145.000    143.558    -0.7360    -0.7349     0.0011    -0.7403    -0.7392     0.0011   2.794940   2.794940   0.000002    34.2914    34.2902     7.5153    27.5687    27.5677    34.2910    27.5685    1447.13    1447.13    -0.7402  1028.2678    34.4578 0.0000e+00
      22626 313.723735  -62.14454  -58.43692     -0.786    1448.26    144.000    142.569    -0.7381    -0.7369     0.0012    -0.7424    -0.7412     0.0012   2.794683   2.794698   0.000015    34.2909    34.2898     7.5240    27.5684    27.5675    34.2905    27.5682    1447.10    1447.11    -0.7422  1028.2627    34.4573 0.0000e+00
      22651 313.723747  -62.14455  -58.43691     -0.902    1448.26    143.000    141.579    -0.7375    -0.7369     0.0006    -0.7418    -0.7411     0.0006   2.794664   2.794637  -0.000025    34.2905    34.2894     7.5120    27.5681    27.5672    34.2903    27.5679    1447.09    1447.09    -0.7416  1028.2576    34.4570 0.0000e+00
      22675 313.723759  -62.14456  -58.43689     -0.991    1448.26    142.000    140.589    -0.7372    -0.7367     0.0005    -0.7414    -0.7409     0.0005   2.794644   2.794606  -0.000036    34.2903    34.2893     7.5171    27.5679    27.5671    34.2902    27.5678    1447.07    1447.07    -0.7413  1028.2528    34.4570 0.0000e+00
      22702 313.723772  -62.14456  -58.43688     -0.934    1448.26    141.000    139.600    -0.7367    -0.7361     0.0006    -0.7409    -0.7403     0.0006   2.794650   2.794601  -0.000048    34.2905    34.2892     7.5208    27.5680    27.5670    34.2904    27.5680    1447.06    1447.06    -0.7408  1028.2463    34.4548 0.0000e+00
      22733 313.723787 -9.990e-29  -58.43688     -0.805    1448.26    140.000    138.610    -0.7359    -0.7355     0.0004    -0.7400    -0.7396     0.0004   2.794653   2.794603  -0.000050    34.2901    34.2890     7.5321    27.5677    27.5668    34.2901    27.5677    1447.05    1447.05    -0.7399  1028.2390    34.4518 0.0000e+00
      22763 313.723801 -9.990e-29  -58.43686     -0.792    1448.26    139.000    137.620    -0.7351    -0.7346     0.0005    -0.7392    -0.7387     0.0005   2.794692   2.794635  -0.000054    34.2903    34.2890     7.5324    27.5678    27.5668    34.2903    27.5678    1447.04    1447.04    -0.7391  1028.2344    34.4520 0.0000e+00
      22793 313.723815  -62.14458  -58.43685     -0.809    1448.26    138.000    136.631    -0.7347    -0.7340     0.0007    -0.7388    -0.7381     0.0007   2.794653   2.794630  -0.000025    34.2901    34.2889     7.5265    27.5676    27.5667    34.2900    27.5676    1447.02    1447.02    -0.7387  1028.2299    34.4524 0.0000e+00
      22822 313.723830  -62.14458  -58.43684     -0.811    1448.26    137.000    135.640    -0.7344    -0.7339     0.0005    -0.7384    -0.7380     0.0005   2.794642   2.794585  -0.000053    34.2901    34.2888     7.5318    27.5676    27.5665    34.2901    27.5676    1447.01    1447.01    -0.7383  1028.2287    34.4568 0.0000e+00
      22852 313.723844  -62.14460  -58.43682     -0.807    1448.26    136.000    134.651    -0.7334    -0.7327     0.0007    -0.7374    -0.7367     0.0007   2.794666   2.794627  -0.000042    34.2898    34.2884     7.5252    27.5674    27.5662    34.2899    27.5674    1447.00    1446.99    -0.7373  1028.2237    34.4566 0.0000e+00
      22883 313.723859  -62.14460  -58.43682     -0.777    1448.26    135.000    133.661    -0.7320    -0.7313     0.0007    -0.7360    -0.7353     0.0007   2.794732   2.794694  -0.000034    34.2897    34.2885     7.5226    27.5672    27.5662    34.2899    27.5673    1446.99    1446.98    -0.7359  1028.2188    34.4565 0.0000e+00
      22913 313.723874  -62.14460  -58.43681     -0.786    1448.26    134.000    132.671    -0.7311    -0.7309     0.0002    -0.7351    -0.7349     0.0002   2.794752   2.794678  -0.000072    34.2896    34.2884     7.5296    27.5671    27.5661    34.2897    27.5672    1446.97    1446.97    -0.7350  1028.2106    34.4523 0.0000e+00
      22942 313.723888 -9.990e-29  -58.43680     -0.822    1448.26    133.000    131.681    -0.7303    -0.7298     0.0005    -0.7342    -0.7337     0.0005   2.794780   2.794725  -0.000056    34.2896    34.2883     7.5280    27.5670    27.5659    34.2897    27.5672    1446.96    1446.96    -0.7341  1028.2050    34.4514 0.0000e+00
      22971 313.723901 -9.990e-29  -58.43678     -0.839    1448.26    132.000    130.692    -0.7284    -0.7283     0.0001    -0.7323    -0.7322     0.0001   2.794877   2.794798  -0.000079    34.2894    34.2883     7.5258    27.5668    27.5659    34.2896    27.5669    1446.95    1446.95    -0.7322  1028.2000    34.4513 0.0000e+00
