Pos-Processados/process_op42/Processamento_split/up/uoperantar42_025.cnv
* Sea-Bird SBE 9 Data File:
* FileName = C:\Users\Hidrografia\Desktop\OPXLII\Brutos\OP42025.hdr
* Software Version Seasave V 7.26.7.107
* Temperature SN = 6502
* Conductivity SN = 4998
* Number of Bytes Per Scan = 37
* Number of Voltage Words = 4
* Number of Scans Averaged by the Deck Unit = 1
* NMEA Latitude = 62 11.31 S
* NMEA Longitude = 058 02.91 W
* NMEA UTC (Time) = Nov 08 2023 13:45:45
* NMEA baud rate = 4800
** H41
** NPOALTEMAXIMIANO
** NUMERO DA ESTACAO (XXX) 025
** LAT (XX XX.XX S/N) 62  11.331 S
** LONG (XXX XX.XX W/E) 058  02.993 W
** DATAHORA (dd/mm/aaaa hh:mm Z) 08/11/2023 1345Z
** PROFUNDIDADE (m) 484
** OPERADOR CT FABIREZA
# nquan = 30
# nvalues = 437                         
# units = specified
# name 0 = scan: Scan Count
# name 1 = timeJ: Julian Days
# name 2 = latitude: Latitude [deg]
# name 3 = longitude: Longitude [deg]
# name 4 = dz/dtM: Descent Rate [m/s]
# name 5 = avgsvCM: Average Sound Velocity [Chen-Millero, m/s]
# name 6 = prDM: Pressure, Digiquartz [db]
# name 7 = depSM: Depth [salt water, m]
# name 8 = t090C: Temperature [ITS-90, deg C]
# name 9 = t190C: Temperature, 2 [ITS-90, deg C]
# name 10 = T2-T190C: Temperature Difference, 2 - 1 [ITS-90, deg C]
# name 11 = potemp090C: Potential Temperature [ITS-90, deg C]
# name 12 = potemp190C: Potential Temperature, 2 [ITS-90, deg C]
# name 13 = potemp90Cdiff: Potential Temperature, Diff, 2 - 1 [ITS-90, deg C]
# name 14 = c0S/m: Conductivity [S/m]
# name 15 = c1S/m: Conductivity, 2 [S/m]
# name 16 = C2-C1S/m: Conductivity Difference, 2 - 1 [S/m]
# name 17 = sal00: Salinity, Practical [PSU]
# name 18 = sal11: Salinity, Practical, 2 [PSU]
# name 19 = sbeox0ML/L: Oxygen, SBE 43 [ml/l]
# name 20 = sigma-é00: Density [sigma-theta, kg/m^3]
# name 21 = sigma-é11: Density, 2 [sigma-theta, kg/m^3]
# name 22 = sal00: Salinity, Practical [PSU]
# name 23 = sigma-é00: Density [sigma-theta, kg/m^3]
# name 24 = svCM: Sound Velocity [Chen-Millero, m/s]
# name 25 = svCM1: Sound Velocity, 2 [Chen-Millero, m/s]
# name 26 = gsw_ptA0: potential temperature [ITS-90, deg C]
# name 27 = gsw_densityA0: density, TEOS-10 [density, kg/m^3]
# name 28 = gsw_saA0: Absolute Salinity [g/kg]
# name 29 = flag:
# span 0 =      18155,      35543       
# span 1 = 312.582192, 312.590578       
# span 2 =  -62.18712,  -62.18610       
# span 3 =  -58.03867,  -58.02922       
# span 4 =     -1.404,     -0.188       
# span 5 =    1449.47,    1449.47       
# span 6 =      3.000,    439.000       
# span 7 =      3.004,    434.316       
# span 8 =    -0.8645,    -0.0107       
# span 9 =    -0.8532,    -0.0118       
# span 10 =    -0.0196,     0.0404      
# span 11 =    -0.8725,    -0.0253      
# span 12 =    -0.8613,    -0.0263      
# span 13 =    -0.0195,     0.0403      
# span 14 =   2.792453,   2.881453      
# span 15 =   2.793364,   2.881075      
# span 16 =  -0.001831,   0.003645      
# span 17 =    34.2976,    34.4866      
# span 18 =    34.2962,    34.4851      
# span 19 =     5.8685,     7.5282      
# span 20 =    27.5676,    27.6974      
# span 21 =    27.5664,    27.6962      
# span 22 =    34.2978,    34.4890      
# span 23 =    27.5677,    27.6993      
# span 24 =    1445.49,    1455.11      
# span 25 =    1445.50,    1455.08      
# span 26 =    -0.8722,    -0.0251      
# span 27 =  1027.5867,  1029.7869      
# span 28 =    34.4612,    34.6578      
# span 29 = 0.0000e+00, 0.0000e+00      
# interval = decibars: 1                
# start_time = Nov 08 2023 13:45:45 [NMEA time, header]
# bad_flag = -9.990e-29
*END*
      18155 312.582192  -62.18712  -58.03867     -0.244    1449.47    439.000    434.316    -0.1353    -0.1356    -0.0002    -0.1519    -0.1521    -0.0002   2.873234   2.873078  -0.000160    34.4834    34.4815     5.9482    27.6970    27.6955    34.4827    27.6964    1454.98    1454.97    -0.1516  1029.7869    34.6515 0.0000e+00
      18589 312.582401  -62.18709  -58.03843     -0.508    1449.47    438.000    433.313    -0.1053    -0.1092    -0.0039    -0.1219    -0.1258    -0.0039   2.875950   2.875437  -0.000439    34.4855    34.4840     5.9024    27.6972    27.6962    34.4856    27.6973    1455.11    1455.08    -0.1217  1029.7825    34.6544 0.0000e+00
      18700 312.582455  -62.18708  -58.03838     -0.407    1449.47    437.000    432.345    -0.1150    -0.1150     0.0001    -0.1315    -0.1315     0.0001   2.874916   2.874839  -0.000077    34.4843    34.4833     5.9416    27.6968    27.6959    34.4834    27.6960    1455.04    1455.04    -0.1314  1029.7766    34.6522 0.0000e+00
      18764 312.582486  -62.18708  -58.03835     -0.528    1449.47    436.000    431.361    -0.1238    -0.1225     0.0013    -0.1403    -0.1390     0.0013   2.874139   2.874131   0.000009    34.4837    34.4823     5.9357    27.6966    27.6955    34.4836    27.6966    1454.98    1454.99    -0.1401  1029.7727    34.6524 0.0000e+00
      18790 312.582498  -62.18708  -58.03833     -0.835    1449.47    435.000    430.372    -0.1162    -0.1199    -0.0037    -0.1326    -0.1363    -0.0037   2.874795   2.874310  -0.000456    34.4837    34.4818     5.9356    27.6963    27.6950    34.4843    27.6967    1455.00    1454.98    -0.1324  1029.7680    34.6531 0.0000e+00
      18814 312.582510  -62.18708  -58.03831     -0.940    1449.47    434.000    429.384    -0.1025    -0.1023     0.0002    -0.1189    -0.1187     0.0002   2.875914   2.875836  -0.000120    34.4834    34.4816     5.9348    27.6954    27.6939    34.4843    27.6961    1455.05    1455.05    -0.1187  1029.7624    34.6531 0.0000e+00
      18835 312.582520  -62.18708  -58.03829     -1.045    1449.47    433.000    428.395    -0.1035    -0.1032     0.0002    -0.1199    -0.1197     0.0002   2.875663   2.875639  -0.000010    34.4830    34.4826     5.9523    27.6951    27.6948    34.4827    27.6948    1455.03    1455.03    -0.1197  1029.7564    34.6515 0.0000e+00
      18854 312.582529  -62.18708  -58.03828     -1.186    1449.47    432.000    427.407    -0.1072    -0.1084    -0.0012    -0.1235    -0.1248    -0.0012   2.875337   2.875151  -0.000185    34.4835    34.4824     5.9580    27.6956    27.6949    34.4832    27.6954    1454.99    1454.99    -0.1233  1029.7523    34.6519 0.0000e+00
      18873 312.582539  -62.18708  -58.03826     -1.268    1449.47    431.000    426.419    -0.1119    -0.1162    -0.0044    -0.1282    -0.1325    -0.0044   2.874862   2.874395  -0.000438    34.4833    34.4823     5.9548    27.6957    27.6952    34.4827    27.6952    1454.96    1454.93    -0.1280  1029.7475    34.6515 0.0000e+00
      18898 312.582551  -62.18708  -58.03825     -1.099    1449.47    430.000    425.431    -0.1159    -0.1167    -0.0008    -0.1321    -0.1329    -0.0008   2.874500   2.874343  -0.000198    34.4836    34.4819     5.9443    27.6962    27.6948    34.4830    27.6957    1454.92    1454.92    -0.1319  1029.7433    34.6518 0.0000e+00
      18939 312.582570  -62.18708  -58.03824     -0.616    1449.47    429.000    424.442    -0.1212    -0.1150     0.0062    -0.1374    -0.1312     0.0062   2.873951   2.874436   0.000460    34.4831    34.4822     5.9401    27.6960    27.6950    34.4823    27.6954    1454.88    1454.91    -0.1372  1029.7383    34.6510 0.0000e+00
      18976 312.582588 -9.990e-29  -58.03822     -0.622    1449.47    428.000    423.454    -0.1285    -0.1257     0.0027    -0.1446    -0.1418     0.0027   2.873196   2.873374   0.000219    34.4818    34.4817     5.9419    27.6954    27.6951    34.4811    27.6948    1454.83    1454.84    -0.1444  1029.7281    34.6436 0.0000e+00
      19005 312.582602 -9.990e-29  -58.03821     -0.778    1449.47    427.000    422.465    -0.1280    -0.1305    -0.0025    -0.1441    -0.1466    -0.0025   2.873176   2.872911  -0.000259    34.4815    34.4808     5.9619    27.6951    27.6946    34.4809    27.6946    1454.81    1454.80    -0.1439  1029.7232    34.6435 0.0000e+00
      19030 312.582614 -9.990e-29  -58.03820     -0.898    1449.47    426.000    421.477    -0.1319    -0.1318     0.0001    -0.1480    -0.1478     0.0001   2.872767   2.872737  -0.000039    34.4812    34.4805     5.9616    27.6950    27.6945    34.4805    27.6944    1454.78    1454.78    -0.1477  1029.7184    34.6430 0.0000e+00
      19050 312.582624  -62.18706  -58.03819     -1.053    1449.47    425.000    420.489    -0.1304    -0.1294     0.0010    -0.1464    -0.1454     0.0010   2.873064   2.873082  -0.000072    34.4821    34.4801     5.9589    27.6957    27.6940    34.4833    27.6967    1454.77    1454.78    -0.1462  1029.7161    34.6463 0.0000e+00
      19069 312.582633  -62.18706  -58.03818     -1.208    1449.47    424.000    419.500    -0.0976    -0.0644     0.0333    -0.1137    -0.0805     0.0331   2.876066   2.878850   0.002531    34.4828    34.4789     5.9621    27.6946    27.6898    34.4868    27.6978    1454.91    1455.07    -0.1135  1029.7168    34.6556 0.0000e+00
      19091 312.582644  -62.18706  -58.03816     -1.207    1449.47    423.000    418.512    -0.0690    -0.0731    -0.0041    -0.0851    -0.0892    -0.0041   2.878262   2.877831  -0.000125    34.4821    34.4851     5.9577    27.6926    27.6952    34.4843    27.6944    1455.02    1455.00    -0.0849  1029.7082    34.6531 0.0000e+00
      19126 312.582661  -62.18706  -58.03813     -0.786    1449.47    422.000    417.523    -0.0786    -0.0820    -0.0034    -0.0946    -0.0980    -0.0034   2.877402   2.877129  -0.000418    34.4842    34.4825     5.9663    27.6947    27.6935    34.4843    27.6948    1454.96    1454.95    -0.0944  1029.7041    34.6531 0.0000e+00
      19167 312.582680  -62.18706  -58.03809     -0.529    1449.47    421.000    416.535    -0.0920    -0.0748     0.0172    -0.1079    -0.0908     0.0171   2.876574   2.877724   0.001327    34.4866    34.4849     5.9280    27.6974    27.6951    34.4890    27.6993    1454.89    1454.97    -0.1077  1029.7040    34.6578 0.0000e+00
      19189 312.582691  -62.18706  -58.03808     -0.858    1449.47    420.000    415.547    -0.0845    -0.0823     0.0022    -0.1005    -0.0983     0.0021   2.876632   2.876836   0.000176    34.4840    34.4839     5.9190    27.6949    27.6947    34.4820    27.6932    1454.90    1454.91    -0.1003  1029.6931    34.6507 0.0000e+00
      19208 312.582700  -62.18706  -58.03808     -1.128    1449.47    419.000    414.559    -0.1006    -0.0890     0.0116    -0.1165    -0.1049     0.0116   2.875538   2.876406   0.000790    34.4851    34.4825     5.9116    27.6966    27.6939    34.4862    27.6975    1454.82    1454.87    -0.1163  1029.6929    34.6550 0.0000e+00
      19228 312.582710  -62.18706  -58.03806     -1.227    1449.47    418.000    413.570    -0.0813    -0.0751     0.0062    -0.0971    -0.0910     0.0061   2.877243   2.877554   0.000358    34.4854    34.4831     5.9075    27.6958    27.6937    34.4876    27.6976    1454.89    1454.92    -0.0969  1029.6880    34.6564 0.0000e+00
      19265 312.582727  -62.18706  -58.03806     -0.804    1449.47    417.000    412.584    -0.0738    -0.0715     0.0024    -0.0897    -0.0873     0.0024   2.877607   2.877795   0.000145    34.4847    34.4840     5.9242    27.6949    27.6942    34.4847    27.6949    1454.90    1454.92    -0.0895  1029.6805    34.6535 0.0000e+00
      19329 312.582758  -62.18706  -58.03803     -0.307    1449.47    416.000    411.590    -0.0921    -0.0816     0.0105    -0.1078    -0.0973     0.0105   2.876082   2.876829   0.000816    34.4846    34.4836     5.9172    27.6958    27.6944    34.4855    27.6965    1454.81    1454.85    -0.1076  1029.6776    34.6543 0.0000e+00
      19363 312.582775  -62.18706  -58.03801     -0.637    1449.47    415.000    410.605    -0.0814    -0.0781     0.0033    -0.0971    -0.0939     0.0033   2.876756   2.876998   0.000241    34.4837    34.4833     5.9139    27.6945    27.6940    34.4831    27.6939    1454.83    1454.85    -0.0969  1029.6702    34.6518 0.0000e+00
      19387 312.582787  -62.18706  -58.03799     -0.872    1449.47    414.000    409.617    -0.0868    -0.0830     0.0038    -0.1025    -0.0987     0.0038   2.876259   2.876537   0.000285    34.4834    34.4829     5.9234    27.6945    27.6939    34.4831    27.6943    1454.79    1454.81    -0.1023  1029.6659    34.6519 0.0000e+00
      19407 312.582796  -62.18705  -58.03798     -1.067    1449.47    413.000    408.628    -0.0870    -0.0847     0.0023    -0.1026    -0.1003     0.0023   2.876262   2.876376   0.000116    34.4836    34.4825     5.9174    27.6947    27.6937    34.4840    27.6950    1454.78    1454.79    -0.1024  1029.6618    34.6528 0.0000e+00
      19424 312.582804  -62.18704  -58.03798     -1.272    1449.47    412.000    407.640    -0.0833    -0.0809     0.0024    -0.0989    -0.0965     0.0024   2.876549   2.876632   0.000114    34.4838    34.4826     5.9278    27.6946    27.6936    34.4843    27.6950    1454.78    1454.79    -0.0987  1029.6571    34.6530 0.0000e+00
      19441 312.582812  -62.18704  -58.03796     -1.388    1449.47    411.000    406.651    -0.0818    -0.0812     0.0006    -0.0974    -0.0968     0.0006   2.876608   2.876593  -0.000020    34.4838    34.4829     5.9300    27.6946    27.6938    34.4840    27.6947    1454.77    1454.77    -0.0972  1029.6520    34.6527 0.0000e+00
      19463 312.582823  -62.18704  -58.03795     -1.272    1449.47    410.000    405.662    -0.0826    -0.0807     0.0019    -0.0981    -0.0962     0.0019   2.876512   2.876585   0.000080    34.4841    34.4831     5.9245    27.6948    27.6939    34.4842    27.6949    1454.75    1454.76    -0.0979  1029.6475    34.6529 0.0000e+00
      19509 312.582845  -62.18704  -58.03791     -0.546    1449.47    409.000    404.675    -0.0844    -0.0828     0.0016    -0.0999    -0.0983     0.0016   2.876321   2.876357   0.000051    34.4842    34.4831     5.9303    27.6950    27.6940    34.4843    27.6951    1454.73    1454.73    -0.0997  1029.6430    34.6530 0.0000e+00
      19550 312.582865  -62.18704  -58.03789     -0.535    1449.47    408.000    403.686    -0.0822    -0.0819     0.0003    -0.0977    -0.0974     0.0003   2.876452   2.876403  -0.000058    34.4839    34.4828     5.9219    27.6947    27.6938    34.4842    27.6949    1454.72    1454.72    -0.0975  1029.6380    34.6529 0.0000e+00
      19570 312.582875  -62.18704  -58.03788     -0.903    1449.47    407.000    402.697    -0.0755    -0.0738     0.0017    -0.0909    -0.0892     0.0017   2.876989   2.877088   0.000055    34.4841    34.4829     5.9254    27.6944    27.6934    34.4843    27.6946    1454.73    1454.74    -0.0907  1029.6330    34.6530 0.0000e+00
      19589 312.582884  -62.18704  -58.03788     -1.176    1449.47    406.000    401.709    -0.0835    -0.0747     0.0088    -0.0988    -0.0901     0.0088   2.876202   2.876925   0.000676    34.4840    34.4831     5.9209    27.6948    27.6936    34.4835    27.6944    1454.68    1454.72    -0.0987  1029.6281    34.6522 0.0000e+00
      19608 312.582893  -62.18704  -58.03788     -1.283    1449.47    405.000    400.720    -0.0825    -0.0754     0.0071    -0.0979    -0.0907     0.0071   2.876336   2.876793   0.000529    34.4843    34.4833     5.9266    27.6950    27.6938    34.4848    27.6954    1454.67    1454.70    -0.0976  1029.6243    34.6535 0.0000e+00
      19630 312.582904  -62.18704  -58.03787     -1.190    1449.47    404.000    399.732    -0.0858    -0.0803     0.0055    -0.1011    -0.0956     0.0054   2.875935   2.876363   0.000378    34.4842    34.4831     5.9235    27.6951    27.6939    34.4837    27.6947    1454.63    1454.66    -0.1009  1029.6190    34.6525 0.0000e+00
      19664 312.582920  -62.18704  -58.03786     -0.806    1449.47    403.000    398.743    -0.0847    -0.0800     0.0047    -0.1000    -0.0953     0.0047   2.876058   2.876353   0.000335    34.4844    34.4835     5.9201    27.6952    27.6942    34.4848    27.6955    1454.63    1454.65    -0.0998  1029.6150    34.6535 0.0000e+00
      19698 312.582936  -62.18704  -58.03783     -0.668    1449.47    402.000    397.755    -0.0784    -0.0771     0.0013    -0.0936    -0.0923     0.0013   2.876514   2.876547   0.000006    34.4845    34.4831     5.9370    27.6949    27.6938    34.4842    27.6947    1454.64    1454.64    -0.0934  1029.6094    34.6530 0.0000e+00
      19725 312.582949  -62.18704  -58.03780     -0.828    1449.47    401.000    396.766    -0.0948    -0.1020    -0.0072    -0.1099    -0.1170    -0.0072   2.874835   2.874164  -0.000573    34.4830    34.4835     5.9357    27.6946    27.6953    34.4810    27.6930    1454.54    1454.51    -0.1097  1029.6032    34.6497 0.0000e+00
      19751 312.582962  -62.18704  -58.03777     -0.912    1449.47    400.000    395.778    -0.1106    -0.1128    -0.0021    -0.1256    -0.1278    -0.0021   2.873505   2.873217  -0.000304    34.4829    34.4814     5.9398    27.6953    27.6941    34.4818    27.6944    1454.45    1454.44    -0.1254  1029.6001    34.6505 0.0000e+00
      19773 312.582973  -62.18704  -58.03776     -0.994    1449.47    399.000    394.790    -0.1034    -0.1090    -0.0056    -0.1184    -0.1240    -0.0056   2.874196   2.873529  -0.000609    34.4827    34.4810     5.9185    27.6947    27.6937    34.4835    27.6954    1454.47    1454.44    -0.1182  1029.5962    34.6522 0.0000e+00
      19792 312.582982  -62.18704  -58.03775     -1.143    1449.47    398.000    393.801    -0.0967    -0.0998    -0.0031    -0.1117    -0.1148    -0.0031   2.874625   2.874288  -0.000385    34.4825    34.4809     5.9246    27.6942    27.6931    34.4822    27.6940    1454.48    1454.47    -0.1115  1029.5900    34.6509 0.0000e+00
      19811 312.582991  -62.18704  -58.03774     -1.258    1449.47    397.000    392.813    -0.0969    -0.0958     0.0012    -0.1119    -0.1108     0.0012   2.874538   2.874568   0.000015    34.4822    34.4811     5.9422    27.6940    27.6931    34.4819    27.6938    1454.47    1454.47    -0.1117  1029.5851    34.6506 0.0000e+00
      19833 312.583002  -62.18704  -58.03774     -1.190    1449.47    396.000    391.824    -0.0967    -0.0957     0.0011    -0.1116    -0.1106     0.0011   2.874518   2.874546   0.000029    34.4823    34.4815     5.9419    27.6941    27.6934    34.4820    27.6939    1454.45    1454.46    -0.1114  1029.5804    34.6507 0.0000e+00
      19865 312.583017  -62.18704  -58.03773     -0.851    1449.47    395.000    390.836    -0.0970    -0.0965     0.0006    -0.1119    -0.1113     0.0006   2.874463   2.874448  -0.000016    34.4824    34.4815     5.9455    27.6941    27.6934    34.4822    27.6940    1454.43    1454.44    -0.1117  1029.5759    34.6509 0.0000e+00
      19903 312.583035  -62.18704  -58.03770     -0.632    1449.47    394.000    389.847    -0.0960    -0.0959     0.0001    -0.1108    -0.1108     0.0001   2.874539   2.874455  -0.000083    34.4826    34.4814     5.9424    27.6943    27.6933    34.4826    27.6943    1454.42    1454.42    -0.1106  1029.5714    34.6514 0.0000e+00
      19934 312.583050  -62.18703  -58.03768     -0.716    1449.47    393.000    388.858    -0.0937    -0.0932     0.0005    -0.1085    -0.1080     0.0005   2.874667   2.874616  -0.000053    34.4826    34.4813     5.9470    27.6941    27.6931    34.4824    27.6940    1454.42    1454.42    -0.1083  1029.5663    34.6511 0.0000e+00
      19960 312.583063  -62.18702  -58.03767     -0.869    1449.47    392.000    387.870    -0.0968    -0.0949     0.0019    -0.1116    -0.1097     0.0019   2.874319   2.874423   0.000095    34.4822    34.4813     5.9474    27.6940    27.6931    34.4819    27.6937    1454.39    1454.39    -0.1114  1029.5614    34.6506 0.0000e+00
