Pos-Processados/process_op42/Processamento_split/up/uoperantar42_027.cnv
* Sea-Bird SBE 9 Data File:
* FileName = C:\Users\Hidrografia\Desktop\OPXLII\Brutos\OP42027.hdr
* Software Version Seasave V 7.26.7.107
* Temperature SN = 6502
* Conductivity SN = 4998
* Number of Bytes Per Scan = 37
* Number of Voltage Words = 4
* Number of Scans Averaged by the Deck Unit = 1
* NMEA Latitude = 62 16.55 S
* NMEA Longitude = 058 26.39 W
* NMEA UTC (Time) = Nov 08 2023 19:38:30
* NMEA baud rate = 4800
** H41
** NPOALTEMAXIMIANO
** NUMERO DA ESTACAO (XXX) 027
** LAT (XX XX.XX S/N) 62  16.401 S
** LONG (XXX XX.XX W/E) 058  26.553 W
** DATAHORA (dd/mm/aaaa hh:mm Z) 08/11/2023 1937Z
** PROFUNDIDADE (m) 159
** OPERADOR CT FILIPE LOPES
# nquan = 30
# nvalues = 188                         
# units = specified
# name 0 = scan: Scan Count
# name 1 = timeJ: Julian Days
# name 2 = latitude: Latitude [deg]
# name 3 = longitude: Longitude [deg]
# name 4 = dz/dtM: Descent Rate [m/s]
# name 5 = avgsvCM: Average Sound Velocity [Chen-Millero, m/s]
# name 6 = prDM: Pressure, Digiquartz [db]
# name 7 = depSM: Depth [salt water, m]
# name 8 = t090C: Temperature [ITS-90, deg C]
# name 9 = t190C: Temperature, 2 [ITS-90, deg C]
# name 10 = T2-T190C: Temperature Difference, 2 - 1 [ITS-90, deg C]
# name 11 = potemp090C: Potential Temperature [ITS-90, deg C]
# name 12 = potemp190C: Potential Temperature, 2 [ITS-90, deg C]
# name 13 = potemp90Cdiff: Potential Temperature, Diff, 2 - 1 [ITS-90, deg C]
# name 14 = c0S/m: Conductivity [S/m]
# name 15 = c1S/m: Conductivity, 2 [S/m]
# name 16 = C2-C1S/m: Conductivity Difference, 2 - 1 [S/m]
# name 17 = sal00: Salinity, Practical [PSU]
# name 18 = sal11: Salinity, Practical, 2 [PSU]
# name 19 = sbeox0ML/L: Oxygen, SBE 43 [ml/l]
# name 20 = sigma-é00: Density [sigma-theta, kg/m^3]
# name 21 = sigma-é11: Density, 2 [sigma-theta, kg/m^3]
# name 22 = sal00: Salinity, Practical [PSU]
# name 23 = sigma-é00: Density [sigma-theta, kg/m^3]
# name 24 = svCM: Sound Velocity [Chen-Millero, m/s]
# name 25 = svCM1: Sound Velocity, 2 [Chen-Millero, m/s]
# name 26 = gsw_ptA0: potential temperature [ITS-90, deg C]
# name 27 = gsw_densityA0: density, TEOS-10 [density, kg/m^3]
# name 28 = gsw_saA0: Absolute Salinity [g/kg]
# name 29 = flag:
# span 0 =      12964,      21947       
# span 1 = 312.824654, 312.828986       
# span 2 =  -62.27984,  -62.27822       
# span 3 =  -58.43587,  -58.43352       
# span 4 =     -1.155,     -0.207       
# span 5 =    1447.02,    1447.02       
# span 6 =      3.000,    190.000       
# span 7 =      2.986,    188.092       
# span 8 =    -0.6903,    -0.4884       
# span 9 =    -0.6893,    -0.4872       
# span 10 =    -0.0118,     0.0121      
# span 11 =    -0.6930,    -0.4885      
# span 12 =    -0.6921,    -0.4874      
# span 13 =    -0.0118,     0.0121      
# span 14 =   2.799041,   2.817251      
# span 15 =   2.799019,   2.817237      
# span 16 =  -0.001008,   0.001037      
# span 17 =    34.2945,    34.3577      
# span 18 =    34.2922,    34.3565      
# span 19 =     7.1256,     7.4916      
# span 20 =    27.5607,    27.6147      
# span 21 =    27.5589,    27.6136      
# span 22 =    34.2954,    34.3577      
# span 23 =    27.5612,    27.6146      
# span 24 =    1445.98,    1448.80      
# span 25 =    1445.99,    1448.80      
# span 26 =    -0.6929,    -0.4885      
# span 27 =  1027.5801,  1028.5272      
# span 28 =    34.4571,    34.5251      
# span 29 = 0.0000e+00, 0.0000e+00      
# interval = decibars: 1                
# start_time = Nov 08 2023 19:38:30 [NMEA time, header]
# bad_flag = -9.990e-29
*END*
[from data line 49]
      14971 312.825622  -62.27857  -58.43526     -1.031    1447.02    141.000    139.598    -0.6068    -0.6062     0.0006    -0.6111    -0.6105     0.0006   2.809740   2.809691  -0.000037    34.3469    34.3457     7.2491    27.6082    27.6072    34.3468    27.6081    1447.74    1447.74    -0.6110  1028.2845    34.5101 0.0000e+00
      14992 312.825632 -9.990e-29  -58.43525     -1.155    1447.02    140.000    138.608    -0.6062    -0.6058     0.0004    -0.6104    -0.6101     0.0004   2.809741   2.809696  -0.000044    34.3469    34.3459     7.2397    27.6082    27.6073    34.3467    27.6080    1447.73    1447.73    -0.6104  1028.2786    34.5087 0.0000e+00
      15015 312.825643 -9.990e-29  -58.43524     -1.115    1447.02    139.000    137.619    -0.6063    -0.6058     0.0005    -0.6105    -0.6100     0.0005   2.809686   2.809655  -0.000034    34.3469    34.3459     7.2326    27.6082    27.6073    34.3467    27.6080    1447.71    1447.71    -0.6105  1028.2738    34.5087 0.0000e+00
      15049 312.825660  -62.27860  -58.43524     -0.793    1447.02    138.000    136.629    -0.6059    -0.6056     0.0002    -0.6101    -0.6098     0.0002   2.809676   2.809626  -0.000043    34.3468    34.3459     7.2436    27.6081    27.6074    34.3468    27.6081    1447.70    1447.70    -0.6100  1028.2693    34.5090 0.0000e+00
      15089 312.825679  -62.27860  -58.43523     -0.601    1447.02    137.000    135.639    -0.6052    -0.6047     0.0005    -0.6094    -0.6089     0.0005   2.809689   2.809650  -0.000042    34.3469    34.3458     7.2378    27.6081    27.6072    34.3468    27.6081    1447.69    1447.69    -0.6093  1028.2684    34.5139 0.0000e+00
      15122 312.825695  -62.27860  -58.43522     -0.676    1447.02    136.000    134.649    -0.6054    -0.6044     0.0010    -0.6096    -0.6086     0.0010   2.809607   2.809614   0.000006    34.3467    34.3457     7.2367    27.6079    27.6071    34.3465    27.6078    1447.67    1447.67    -0.6095  1028.2634    34.5136 0.0000e+00
      15146 312.825707  -62.27860  -58.43520     -0.878    1447.02    135.000    133.659    -0.6057    -0.6048     0.0009    -0.6098    -0.6089     0.0009   2.809547   2.809533  -0.000007    34.3467    34.3456     7.2303    27.6079    27.6070    34.3466    27.6079    1447.65    1447.65    -0.6097  1028.2587    34.5136 0.0000e+00
      15170 312.825718  -62.27862  -58.43520     -1.008    1447.02    134.000    132.670    -0.6057    -0.6050     0.0007    -0.6098    -0.6091     0.0007   2.809497   2.809469  -0.000025    34.3467    34.3455     7.2218    27.6080    27.6070    34.3466    27.6079    1447.63    1447.64    -0.6097  1028.2539    34.5136 0.0000e+00
      15198 312.825731  -62.27862  -58.43518     -0.936    1447.02    133.000    131.680    -0.6054    -0.6047     0.0007    -0.6095    -0.6087     0.0007   2.809494   2.809463  -0.000031    34.3469    34.3456     7.2361    27.6081    27.6071    34.3468    27.6081    1447.62    1447.62    -0.6094  1028.2493    34.5138 0.0000e+00
      15231 312.825747  -62.27862  -58.43518     -0.750    1447.02    132.000    130.690    -0.6058    -0.6046     0.0011    -0.6098    -0.6087     0.0011   2.809384   2.809414   0.000025    34.3466    34.3456     7.2280    27.6079    27.6070    34.3464    27.6077    1447.60    1447.61    -0.6097  1028.2441    34.5134 0.0000e+00
      15263 312.825763  -62.27862  -58.43516     -0.719    1447.02    131.000    129.701    -0.6064    -0.6054     0.0010    -0.6104    -0.6094     0.0010   2.809293   2.809281  -0.000004    34.3465    34.3454     7.2334    27.6078    27.6069    34.3465    27.6078    1447.58    1447.58    -0.6103  1028.2395    34.5134 0.0000e+00
      15288 312.825775  -62.27862  -58.43516     -0.873    1447.02    130.000    128.711    -0.6061    -0.6055     0.0006    -0.6100    -0.6094     0.0006   2.809264   2.809235  -0.000035    34.3465    34.3453     7.2251    27.6078    27.6069    34.3464    27.6077    1447.57    1447.57    -0.6100  1028.2346    34.5133 0.0000e+00
      15309 312.825785  -62.27864  -58.43516     -1.034    1447.02    129.000    127.721    -0.6071    -0.6058     0.0012    -0.6110    -0.6098     0.0012   2.809107   2.809146   0.000043    34.3462    34.3454     7.2139    27.6076    27.6069    34.3460    27.6075    1447.55    1447.55    -0.6110  1028.2296    34.5130 0.0000e+00
      15330 312.825795  -62.27864  -58.43515     -1.117    1447.02    128.000    126.731    -0.6076    -0.6066     0.0011    -0.6116    -0.6105     0.0011   2.809015   2.809034   0.000010    34.3463    34.3452     7.2268    27.6077    27.6068    34.3460    27.6075    1447.53    1447.53    -0.6114  1028.2248    34.5130 0.0000e+00
      15351 312.825806  -62.27864  -58.43514     -1.147    1447.02    127.000    125.741    -0.6088    -0.6074     0.0014    -0.6127    -0.6113     0.0014   2.808851   2.808901   0.000049    34.3461    34.3451     7.2269    27.6076    27.6067    34.3458    27.6073    1447.51    1447.51    -0.6126  1028.2199    34.5127 0.0000e+00
      15375 312.825817  -62.27864  -58.43513     -1.081    1447.02    126.000    124.752    -0.6107    -0.6088     0.0018    -0.6145    -0.6127     0.0018   2.808621   2.808724   0.000102    34.3457    34.3450     7.2164    27.6074    27.6067    34.3454    27.6071    1447.48    1447.49    -0.6144  1028.2149    34.5123 0.0000e+00
      15402 312.825830  -62.27865  -58.43512     -0.930    1447.02    125.000    123.762    -0.6118    -0.6104     0.0014    -0.6156    -0.6142     0.0014   2.808486   2.808533   0.000042    34.3458    34.3448     7.2345    27.6075    27.6066    34.3455    27.6072    1447.46    1447.46    -0.6155  1028.2102    34.5124 0.0000e+00
      15428 312.825842  -62.27866  -58.43510     -0.892    1447.02    124.000    122.772    -0.6122    -0.6111     0.0011    -0.6159    -0.6149     0.0011   2.808388   2.808408   0.000024    34.3454    34.3445     7.2355    27.6072    27.6064    34.3452    27.6070    1447.44    1447.44    -0.6159  1028.2052    34.5121 0.0000e+00
      15451 312.825853  -62.27866  -58.43510     -0.997    1447.02    123.000    121.783    -0.6130    -0.6111     0.0020    -0.6168    -0.6148     0.0020   2.808245   2.808351   0.000106    34.3452    34.3444     7.2272    27.6070    27.6063    34.3449    27.6068    1447.42    1447.43    -0.6167  1028.2002    34.5117 0.0000e+00
      15474 312.825865  -62.27867  -58.43510     -1.056    1447.02    122.000    120.793    -0.6136    -0.6124     0.0011    -0.6173    -0.6161     0.0011   2.808160   2.808175   0.000012    34.3452    34.3441     7.2363    27.6071    27.6062    34.3449    27.6069    1447.40    1447.40    -0.6172  1028.1955    34.5118 0.0000e+00
      15498 312.825876  -62.27868  -58.43509     -1.011    1447.02    121.000    119.802    -0.6164    -0.6130     0.0034    -0.6201    -0.6166     0.0034   2.807821   2.808077   0.000230    34.3449    34.3441     7.2381    27.6070    27.6062    34.3442    27.6063    1447.37    1447.39    -0.6200  1028.1902    34.5110 0.0000e+00
      15523 312.825888  -62.27868  -58.43508     -0.976    1447.02    120.000    118.813    -0.6198    -0.6163     0.0036    -0.6234    -0.6199     0.0036   2.807468   2.807711   0.000251    34.3444    34.3437     7.2249    27.6066    27.6060    34.3439    27.6063    1447.34    1447.35    -0.6234  1028.1854    34.5108 0.0000e+00
      15548 312.825900  -62.27868  -58.43508     -0.967    1447.02    119.000    117.823    -0.6220    -0.6192     0.0027    -0.6256    -0.6229     0.0027   2.807190   2.807360   0.000176    34.3439    34.3431     7.2325    27.6064    27.6057    34.3432    27.6059    1447.31    1447.32    -0.6255  1028.1802    34.5101 0.0000e+00
      15574 312.825913  -62.27868  -58.43506     -0.930    1447.02    118.000    116.833    -0.6243    -0.6217     0.0026    -0.6279    -0.6253     0.0026   2.806890   2.807085   0.000183    34.3432    34.3427     7.2447    27.6059    27.6054    34.3424    27.6053    1447.28    1447.29    -0.6278  1028.1749    34.5093 0.0000e+00
      15598 312.825925  -62.27870  -58.43506     -0.948    1447.02    117.000    115.843    -0.6298    -0.6247     0.0050    -0.6333    -0.6283     0.0050   2.806229   2.806716   0.000425    34.3420    34.3420     7.2383    27.6051    27.6050    34.3403    27.6038    1447.24    1447.26    -0.6332  1028.1687    34.5071 0.0000e+00
      15621 312.825936  -62.27870  -58.43504     -1.021    1447.02    116.000    114.853    -0.6389    -0.6303     0.0086    -0.6424    -0.6338     0.0086   2.805380   2.806116   0.000760    34.3407    34.3412     7.2401    27.6045    27.6046    34.3398    27.6038    1447.18    1447.22    -0.6423  1028.1639    34.5066 0.0000e+00
      15647 312.825948  -62.27870  -58.43504     -0.991    1447.02    115.000    113.864    -0.6460    -0.6339     0.0121    -0.6494    -0.6373     0.0121   2.804654   2.805748   0.001037    34.3403    34.3405     7.2520    27.6045    27.6042    34.3387    27.6032    1447.13    1447.18    -0.6494  1028.1585    34.5055 0.0000e+00
      15675 312.825962  -62.27870  -58.43504     -0.857    1447.02    114.000    112.874    -0.6479    -0.6466     0.0013    -0.6513    -0.6500     0.0013   2.804349   2.804424   0.000132    34.3389    34.3392     7.2411    27.6034    27.6037    34.3374    27.6022    1447.10    1447.11    -0.6512  1028.1528    34.5041 0.0000e+00
      15701 312.825974  -62.27872  -58.43502     -0.898    1447.02    113.000    111.884    -0.6571    -0.6545     0.0026    -0.6605    -0.6579     0.0026   2.803418   2.803598   0.000181    34.3374    34.3370     7.2376    27.6027    27.6022    34.3359    27.6014    1447.04    1447.05    -0.6604  1028.1472    34.5026 0.0000e+00
      15726 312.825986  -62.27872  -58.43502     -0.964    1447.02    112.000    110.894    -0.6641    -0.6581     0.0060    -0.6674    -0.6615     0.0060   2.802646   2.803182   0.000520    34.3358    34.3361     7.2355    27.6016    27.6016    34.3340    27.6001    1446.99    1447.01    -0.6673  1028.1412    34.5007 0.0000e+00
      15751 312.825998  -62.27872  -58.43500     -0.972    1447.02    111.000    109.904    -0.6688    -0.6634     0.0054    -0.6721    -0.6667     0.0054   2.802171   2.802621   0.000441    34.3349    34.3348     7.2130    27.6011    27.6008    34.3335    27.6000    1446.95    1446.97    -0.6720  1028.1363    34.5002 0.0000e+00
      15777 312.826011  -62.27873  -58.43500     -0.933    1447.02    110.000    108.915    -0.6693    -0.6670     0.0023    -0.6726    -0.6703     0.0023   2.802079   2.802218   0.000172    34.3345    34.3341     7.2028    27.6008    27.6004    34.3335    27.6000    1446.93    1446.94    -0.6725  1028.1315    34.5002 0.0000e+00
      15806 312.826025  -62.27874  -58.43499     -0.858    1447.02    109.000    107.925    -0.6722    -0.6698     0.0024    -0.6755    -0.6730     0.0024   2.801771   2.801888   0.000130    34.3344    34.3334     7.2017    27.6008    27.5999    34.3333    27.5999    1446.90    1446.91    -0.6754  1028.1267    34.4999 0.0000e+00
      15841 312.826042  -62.27874  -58.43498     -0.712    1447.02    108.000    106.935    -0.6726    -0.6708     0.0017    -0.6758    -0.6740     0.0017   2.801671   2.801791   0.000114    34.3339    34.3334     7.1885    27.6004    27.6000    34.3330    27.5997    1446.88    1446.89    -0.6757  1028.1216    34.4996 0.0000e+00
      15877 312.826059  -62.27874  -58.43497     -0.661    1447.02    107.000    105.945    -0.6742    -0.6731     0.0011    -0.6774    -0.6763     0.0011   2.801448   2.801462   0.000023    34.3331    34.3322     7.1932    27.5999    27.5991    34.3324    27.5993    1446.86    1446.86    -0.6773  1028.1164    34.4990 0.0000e+00
      15906 312.826073  -62.27875  -58.43496     -0.776    1447.02    106.000    104.955    -0.6743    -0.6736     0.0007    -0.6774    -0.6767     0.0007   2.801343   2.801346   0.000007    34.3324    34.3316     7.1890    27.5993    27.5986    34.3317    27.5987    1446.84    1446.84    -0.6774  1028.1111    34.4983 0.0000e+00
      15929 312.826084  -62.27876  -58.43495     -0.929    1447.02    105.000    103.965    -0.6743    -0.6739     0.0004    -0.6774    -0.6770     0.0004   2.801307   2.801244  -0.000047    34.3322    34.3311     7.1823    27.5992    27.5983    34.3319    27.5989    1446.82    1446.82    -0.6773  1028.1065    34.4985 0.0000e+00
      15951 312.826095  -62.27876  -58.43494     -1.050    1447.02    104.000    102.975    -0.6738    -0.6734     0.0005    -0.6769    -0.6764     0.0005   2.801296   2.801254  -0.000047    34.3323    34.3311     7.1878    27.5992    27.5983    34.3317    27.5988    1446.81    1446.81    -0.6768  1028.1016    34.4984 0.0000e+00
      15972 312.826105  -62.27876  -58.43493     -1.120    1447.02    103.000    101.985    -0.6747    -0.6735     0.0012    -0.6777    -0.6765     0.0012   2.801185   2.801202   0.000015    34.3324    34.3312     7.1968    27.5993    27.5983    34.3318    27.5989    1446.79    1446.79    -0.6777  1028.0969    34.4984 0.0000e+00
      15995 312.826116  -62.27877  -58.43492     -1.119    1447.02    102.000    100.995    -0.6763    -0.6746     0.0017    -0.6793    -0.6776     0.0017   2.800976   2.801067   0.000085    34.3321    34.3313     7.1914    27.5991    27.5984    34.3315    27.5986    1446.77    1446.77    -0.6792  1028.0919    34.4980 0.0000e+00
      16023 312.826129  -62.27878  -58.43491     -0.944    1447.02    101.000    100.005    -0.6789    -0.6743     0.0046    -0.6819    -0.6773     0.0046   2.800689   2.801039   0.000343    34.3318    34.3312     7.1890    27.5990    27.5983    34.3312    27.5986    1446.73    1446.76    -0.6818  1028.0870    34.4978 0.0000e+00
      16056 312.826145  -62.27878  -58.43490     -0.738    1447.02    100.000     99.016    -0.6796    -0.6787     0.0009    -0.6826    -0.6817     0.0009   2.800568   2.800569   0.000015    34.3315    34.3306     7.1867    27.5988    27.5981    34.3310    27.5984    1446.72    1446.72    -0.6825  1028.0820    34.4975 0.0000e+00
      16087 312.826160  -62.27878  -58.43490     -0.751    1447.02     99.000     98.025    -0.6847    -0.6818     0.0029    -0.6876    -0.6847     0.0029   2.799995   2.800206   0.000193    34.3308    34.3301     7.1719    27.5984    27.5977    34.3296    27.5975    1446.67    1446.69    -0.6875  1028.0764    34.4961 0.0000e+00
      16116 312.826174  -62.27879  -58.43489     -0.813    1447.02     98.000     97.035    -0.6857    -0.6843     0.0014    -0.6886    -0.6872     0.0014   2.799860   2.799916   0.000077    34.3297    34.3292     7.1645    27.5976    27.5972    34.3296    27.5975    1446.65    1446.66    -0.6885  1028.0716    34.4961 0.0000e+00
      16146 312.826189  -62.27880  -58.43488     -0.806    1447.02     97.000     96.046    -0.6821    -0.6818     0.0002    -0.6849    -0.6847     0.0002   2.800135   2.800065  -0.000068    34.3299    34.3287     7.1752    27.5976    27.5966    34.3298    27.5975    1446.65    1446.65    -0.6849  1028.0668    34.4962 0.0000e+00
      16174 312.826202  -62.27880  -58.43486     -0.838    1447.02     96.000     95.056    -0.6827    -0.6815     0.0012    -0.6855    -0.6843     0.0012   2.800006   2.800027   0.000014    34.3298    34.3287     7.1748    27.5976    27.5966    34.3293    27.5972    1446.63    1446.64    -0.6855  1028.0617    34.4958 0.0000e+00
      16200 312.826215  -62.27880  -58.43486     -0.894    1447.02     95.000     94.066    -0.6876    -0.6840     0.0036    -0.6904    -0.6868     0.0036   2.799491   2.799749   0.000243    34.3293    34.3286     7.1793    27.5974    27.5966    34.3286    27.5968    1446.59    1446.61    -0.6903  1028.0565    34.4950 0.0000e+00
