Pos-Processados/process_op42/Processamento_split/up/uoperantar42_030.cnv
* Sea-Bird SBE 9 Data File:
* FileName = C:\Users\Hidrografia\Desktop\OPXLII\Brutos\OP42030.hdr
* Software Version Seasave V 7.26.7.107
* Temperature SN = 6502
* Conductivity SN = 4998
* Number of Bytes Per Scan = 37
* Number of Voltage Words = 4
* Number of Scans Averaged by the Deck Unit = 1
* NMEA Latitude = 62 08.10 S
* NMEA Longitude = 058 26.40 W
* NMEA UTC (Time) = Nov 09 2023 05:10:08
* NMEA baud rate = 4800
** H41
** NPOALTEMAXIMIANO
** NUMERO DA ESTACAO (XXX) 030
** LAT (XX XX.XX S/N) 62 08.9 S
** LONG (XXX XX.XX W/E) 058 29.443 W
** DATAHORA (dd/mm/aaaa hh:mm Z) 09/11/2023 0509Z
** PROFUNDIDADE (m) 424
** OPERADOR CT FILIPE LOPES
# nquan = 30
# nvalues = 391                         
# units = specified
# name 0 = scan: Scan Count
# name 1 = timeJ: Julian Days
# name 2 = latitude: Latitude [deg]
# name 3 = longitude: Longitude [deg]
# name 4 = dz/dtM: Descent Rate [m/s]
# name 5 = avgsvCM: Average Sound Velocity [Chen-Millero, m/s]
# name 6 = prDM: Pressure, Digiquartz [db]
# name 7 = depSM: Depth [salt water, m]
# name 8 = t090C: Temperature [ITS-90, deg C]
# name 9 = t190C: Temperature, 2 [ITS-90, deg C]
# name 10 = T2-T190C: Temperature Difference, 2 - 1 [ITS-90, deg C]
# name 11 = potemp090C: Potential Temperature [ITS-90, deg C]
# name 12 = potemp190C: Potential Temperature, 2 [ITS-90, deg C]
# name 13 = potemp90Cdiff: Potential Temperature, Diff, 2 - 1 [ITS-90, deg C]
# name 14 = c0S/m: Conductivity [S/m]
# name 15 = c1S/m: Conductivity, 2 [S/m]
# name 16 = C2-C1S/m: Conductivity Difference, 2 - 1 [S/m]
# name 17 = sal00: Salinity, Practical [PSU]
# name 18 = sal11: Salinity, Practical, 2 [PSU]
# name 19 = sbeox0ML/L: Oxygen, SBE 43 [ml/l]
# name 20 = sigma-é00: Density [sigma-theta, kg/m^3]
# name 21 = sigma-é11: Density, 2 [sigma-theta, kg/m^3]
# name 22 = sal00: Salinity, Practical [PSU]
# name 23 = sigma-é00: Density [sigma-theta, kg/m^3]
# name 24 = svCM: Sound Velocity [Chen-Millero, m/s]
# name 25 = svCM1: Sound Velocity, 2 [Chen-Millero, m/s]
# name 26 = gsw_ptA0: potential temperature [ITS-90, deg C]
# name 27 = gsw_densityA0: density, TEOS-10 [density, kg/m^3]
# name 28 = gsw_saA0: Absolute Salinity [g/kg]
# name 29 = flag:
# span 0 =      16139,      27352       
# span 1 = 313.223153, 313.228560       
# span 2 =  -62.13883,  -62.13722       
# span 3 =  -58.43676,  -58.43458       
# span 4 =     -1.103,     -0.193       
# span 5 =    1448.44,    1448.44       
# span 6 =      2.000,    392.000       
# span 7 =      2.024,    387.866       
# span 8 =    -0.8000,    -0.5642       
# span 9 =    -0.7989,    -0.5635       
# span 10 =    -0.0142,     0.0191      
# span 11 =    -0.8057,    -0.5646      
# span 12 =    -0.8046,    -0.5640      
# span 13 =    -0.0141,     0.0191      
# span 14 =   2.792620,   2.822555      
# span 15 =   2.792630,   2.822443      
# span 16 =  -0.001137,   0.001780      
# span 17 =    34.2804,    34.3905      
# span 18 =    34.2791,    34.3889      
# span 19 =     6.7919,     7.6299      
# span 20 =    27.5538,    27.6448      
# span 21 =    27.5525,    27.6435      
# span 22 =    34.2807,    34.3905      
# span 23 =    27.5538,    27.6448      
# span 24 =    1445.58,    1451.79      
# span 25 =    1445.57,    1451.79      
# span 26 =    -0.8055,    -0.5646      
# span 27 =  1027.5681,  1029.5180      
# span 28 =    34.4423,    34.5581      
# span 29 = 0.0000e+00, 0.0000e+00      
# interval = decibars: 1                
# start_time = Nov 09 2023 05:10:08 [NMEA time, header]
# bad_flag = -9.990e-29
*END*
[from data line 146]
      20618 313.225313  -62.13784  -58.43586     -0.796    1448.44    246.000    243.495    -0.7466    -0.7462     0.0005    -0.7541    -0.7536     0.0005   2.800516   2.800513 2.5519e-07    34.3164    34.3158     7.3453    27.5895    27.5891    34.3163    27.5895    1448.76    1448.76    -0.7539  1028.7721    34.4850 0.0000e+00
      20646 313.225326  -62.13784 -9.990e-29     -0.845    1448.44    245.000    242.505    -0.7467    -0.7461     0.0007    -0.7542    -0.7535     0.0007   2.800455   2.800450  -0.000003    34.3163    34.3154     7.3426    27.5894    27.5888    34.3162    27.5894    1448.74    1448.74    -0.7540  1028.7681    34.4860 0.0000e+00
      20672 313.225339  -62.13786 -9.990e-29     -0.889    1448.44    244.000    241.516    -0.7469    -0.7460     0.0008    -0.7543    -0.7534     0.0008   2.800355   2.800385   0.000025    34.3157    34.3151     7.3535    27.5891    27.5885    34.3156    27.5889    1448.72    1448.73    -0.7541  1028.7629    34.4854 0.0000e+00
      20699 313.225352  -62.13786  -58.43582     -0.912    1448.44    243.000    240.527    -0.7470    -0.7461     0.0008    -0.7543    -0.7535     0.0008   2.800281   2.800307   0.000030    34.3154    34.3148     7.3461    27.5888    27.5883    34.3153    27.5887    1448.70    1448.71    -0.7542  1028.7576    34.4848 0.0000e+00
      20725 313.225365  -62.13786  -58.43582     -0.913    1448.44    242.000    239.538    -0.7470    -0.7461     0.0008    -0.7543    -0.7535     0.0008   2.800226   2.800230   0.000003    34.3153    34.3144     7.3516    27.5887    27.5879    34.3152    27.5886    1448.69    1448.69    -0.7542  1028.7511    34.4826 0.0000e+00
      20754 313.225379  -62.13786  -58.43582     -0.856    1448.44    241.000    238.549    -0.7464    -0.7459     0.0005    -0.7537    -0.7533     0.0005   2.800205   2.800185  -0.000017    34.3148    34.3141     7.3568    27.5883    27.5877    34.3148    27.5883    1448.68    1448.68    -0.7535  1028.7460    34.4822 0.0000e+00
      20784 313.225393  -62.13786  -58.43582     -0.801    1448.44    240.000    237.559    -0.7461    -0.7454     0.0007    -0.7534    -0.7527     0.0007   2.800183   2.800146  -0.000034    34.3149    34.3136     7.3655    27.5883    27.5873    34.3149    27.5883    1448.66    1448.66    -0.7532  1028.7412    34.4823 0.0000e+00
      20812 313.225407  -62.13786  -58.43582     -0.829    1448.44    239.000    236.570    -0.7468    -0.7459     0.0010    -0.7541    -0.7531     0.0010   2.800001   2.800021   0.000015    34.3140    34.3132     7.3673    27.5877    27.5869    34.3138    27.5875    1448.64    1448.64    -0.7539  1028.7326    34.4775 0.0000e+00
      20839 313.225420 -9.990e-29  -58.43582     -0.885    1448.44    238.000    235.581    -0.7482    -0.7467     0.0016    -0.7554    -0.7539     0.0016   2.799794   2.799873   0.000077    34.3134    34.3127     7.3616    27.5872    27.5866    34.3132    27.5870    1448.61    1448.62    -0.7552  1028.7259    34.4750 0.0000e+00
      20865 313.225432 -9.990e-29  -58.43580     -0.908    1448.44    237.000    234.592    -0.7488    -0.7478     0.0010    -0.7560    -0.7550     0.0010   2.799705   2.799698  -0.000007    34.3134    34.3122     7.3573    27.5872    27.5862    34.3133    27.5871    1448.60    1448.60    -0.7558  1028.7213    34.4751 0.0000e+00
      20892 313.225445 -9.990e-29  -58.43580     -0.899    1448.44    236.000    233.602    -0.7486    -0.7479     0.0007    -0.7557    -0.7551     0.0007   2.799667   2.799637  -0.000020    34.3132    34.3122     7.3664    27.5870    27.5862    34.3132    27.5870    1448.58    1448.58    -0.7556  1028.7164    34.4750 0.0000e+00
      20918 313.225458 -9.990e-29  -58.43580     -0.912    1448.44    235.000    232.613    -0.7493    -0.7480     0.0013    -0.7564    -0.7551     0.0013   2.799517   2.799572   0.000046    34.3128    34.3120     7.3790    27.5868    27.5861    34.3125    27.5865    1448.56    1448.56    -0.7562  1028.7111    34.4743 0.0000e+00
      20943 313.225470 -9.990e-29  -58.43579     -0.955    1448.44    234.000    231.624    -0.7508    -0.7492     0.0016    -0.7579    -0.7563     0.0016   2.799319   2.799408   0.000086    34.3124    34.3118     7.3763    27.5865    27.5859    34.3121    27.5863    1448.54    1448.54    -0.7577  1028.7062    34.4739 0.0000e+00
      20967 313.225481 -9.990e-29  -58.43578     -0.983    1448.44    233.000    230.635    -0.7534    -0.7523     0.0012    -0.7605    -0.7593     0.0012   2.798998   2.799041   0.000040    34.3120    34.3112     7.3773    27.5863    27.5856    34.3114    27.5858    1448.51    1448.51    -0.7603  1028.7009    34.4732 0.0000e+00
      20992 313.225493 -9.990e-29  -58.43578     -0.978    1448.44    232.000    229.645    -0.7557    -0.7535     0.0022    -0.7627    -0.7605     0.0022   2.798785   2.798889   0.000105    34.3120    34.3109     7.3711    27.5864    27.5854    34.3117    27.5862    1448.48    1448.49    -0.7625  1028.6965    34.4735 0.0000e+00
      21018 313.225506  -62.13790  -58.43578     -0.943    1448.44    231.000    228.656    -0.7558    -0.7530     0.0028    -0.7627    -0.7600     0.0027   2.798691   2.798884   0.000162    34.3117    34.3108     7.3775    27.5861    27.5853    34.3111    27.5857    1448.46    1448.48    -0.7626  1028.6952    34.4778 0.0000e+00
      21045 313.225519  -62.13790  -58.43578     -0.894    1448.44    230.000    227.666    -0.7641    -0.7572     0.0069    -0.7710    -0.7642     0.0068   2.797871   2.798437   0.000531    34.3115    34.3109     7.3896    27.5863    27.5855    34.3101    27.5852    1448.41    1448.44    -0.7709  1028.6906    34.4775 0.0000e+00
      21072 313.225532  -62.13790  -58.43578     -0.887    1448.44    229.000    226.677    -0.7741    -0.7647     0.0094    -0.7810    -0.7716     0.0094   2.796885   2.797662   0.000788    34.3099    34.3098     7.3855    27.5854    27.5850    34.3088    27.5845    1448.34    1448.39    -0.7808  1028.6852    34.4761 0.0000e+00
      21098 313.225544  -62.13790  -58.43576     -0.916    1448.44    228.000    225.688    -0.7752    -0.7707     0.0045    -0.7820    -0.7775     0.0045   2.796717   2.797071   0.000353    34.3093    34.3090     7.3817    27.5850    27.5845    34.3083    27.5842    1448.32    1448.34    -0.7819  1028.6801    34.4756 0.0000e+00
      21122 313.225556  -62.13790  -58.43576     -0.951    1448.44    227.000    224.699    -0.7772    -0.7728     0.0044    -0.7840    -0.7796     0.0044   2.796470   2.796812   0.000352    34.3086    34.3084     7.3928    27.5845    27.5841    34.3079    27.5839    1448.29    1448.31    -0.7838  1028.6751    34.4752 0.0000e+00
      21148 313.225568  -62.13790  -58.43576     -0.964    1448.44    226.000    223.709    -0.7777    -0.7756     0.0022    -0.7845    -0.7823     0.0022   2.796340   2.796507   0.000163    34.3081    34.3079     7.4041    27.5841    27.5838    34.3073    27.5835    1448.27    1448.28    -0.7843  1028.6699    34.4746 0.0000e+00
      21173 313.225581  -62.13792  -58.43576     -0.941    1448.44    225.000    222.720    -0.7791    -0.7766     0.0024    -0.7858    -0.7834     0.0024   2.796176   2.796326   0.000164    34.3078    34.3073     7.4189    27.5839    27.5834    34.3073    27.5835    1448.25    1448.26    -0.7857  1028.6651    34.4745 0.0000e+00
      21200 313.225594  -62.13792  -58.43574     -0.903    1448.44    224.000    221.731    -0.7794    -0.7781     0.0014    -0.7861    -0.7848     0.0014   2.796075   2.796133   0.000063    34.3075    34.3069     7.4098    27.5837    27.5831    34.3069    27.5832    1448.23    1448.24    -0.7859  1028.6601    34.4742 0.0000e+00
      21227 313.225607  -62.13792  -58.43574     -0.901    1448.44    223.000    220.741    -0.7800    -0.7789     0.0011    -0.7866    -0.7856     0.0011   2.795970   2.796009   0.000047    34.3072    34.3066     7.4165    27.5835    27.5829    34.3067    27.5831    1448.21    1448.22    -0.7865  1028.6552    34.4740 0.0000e+00
      21253 313.225619  -62.13792  -58.43574     -0.918    1448.44    222.000    219.752    -0.7801    -0.7790     0.0011    -0.7868    -0.7856     0.0011   2.795913   2.795952   0.000040    34.3072    34.3064     7.4151    27.5834    27.5828    34.3067    27.5831    1448.20    1448.20    -0.7866  1028.6504    34.4740 0.0000e+00
      21277 313.225631  -62.13792  -58.43574     -0.952    1448.44    221.000    218.763    -0.7806    -0.7795     0.0011    -0.7872    -0.7861     0.0011   2.795808   2.795848   0.000039    34.3070    34.3062     7.4287    27.5833    27.5827    34.3065    27.5829    1448.18    1448.18    -0.7870  1028.6455    34.4737 0.0000e+00
      21302 313.225643  -62.13793  -58.43573     -0.968    1448.44    220.000    217.774    -0.7812    -0.7799     0.0013    -0.7878    -0.7864     0.0013   2.795718   2.795760   0.000045    34.3069    34.3060     7.4372    27.5833    27.5825    34.3066    27.5830    1448.16    1448.16    -0.7876  1028.6408    34.4738 0.0000e+00
      21328 313.225655  -62.13794  -58.43572     -0.953    1448.44    219.000    216.784    -0.7813    -0.7801     0.0011    -0.7878    -0.7867     0.0011   2.795662   2.795692   0.000034    34.3068    34.3059     7.4273    27.5832    27.5824    34.3065    27.5830    1448.14    1448.14    -0.7877  1028.6360    34.4738 0.0000e+00
      21354 313.225668  -62.13794  -58.43572     -0.915    1448.44    218.000    215.794    -0.7819    -0.7802     0.0017    -0.7884    -0.7867     0.0017   2.795569   2.795633   0.000063    34.3069    34.3058     7.4237    27.5833    27.5824    34.3066    27.5830    1448.12    1448.13    -0.7882  1028.6313    34.4738 0.0000e+00
      21381 313.225681  -62.13794  -58.43572     -0.896    1448.44    217.000    214.805    -0.7826    -0.7810     0.0015    -0.7890    -0.7875     0.0015   2.795450   2.795516   0.000066    34.3066    34.3058     7.4288    27.5831    27.5823    34.3063    27.5829    1448.10    1448.11    -0.7889  1028.6263    34.4736 0.0000e+00
      21407 313.225694  -62.13794  -58.43572     -0.912    1448.44    216.000    213.816    -0.7829    -0.7818     0.0012    -0.7894    -0.7882     0.0012   2.795374   2.795397   0.000030    34.3065    34.3057     7.4272    27.5831    27.5823    34.3063    27.5829    1448.08    1448.09    -0.7892  1028.6225    34.4747 0.0000e+00
      21433 313.225706  -62.13794 -9.990e-29     -0.936    1448.44    215.000    212.827    -0.7823    -0.7817     0.0007    -0.7887    -0.7881     0.0007   2.795391   2.795361  -0.000029    34.3066    34.3055     7.4444    27.5831    27.5822    34.3065    27.5830    1448.07    1448.07    -0.7886  1028.6188    34.4761 0.0000e+00
      21459 313.225718  -62.13794 -9.990e-29     -0.933    1448.44    214.000    211.837    -0.7848    -0.7820     0.0028    -0.7911    -0.7883     0.0028   2.795117   2.795276   0.000155    34.3065    34.3055     7.4368    27.5831    27.5822    34.3062    27.5828    1448.04    1448.05    -0.7910  1028.6139    34.4757 0.0000e+00
      21486 313.225731  -62.13796 -9.990e-29     -0.900    1448.44    213.000    210.848    -0.7835    -0.7828     0.0007    -0.7899    -0.7891     0.0007   2.795200   2.795176  -0.000018    34.3065    34.3055     7.4274    27.5831    27.5822    34.3065    27.5830    1448.03    1448.03    -0.7897  1028.6093    34.4761 0.0000e+00
      21513 313.225744  -62.13796  -58.43570     -0.883    1448.44    212.000    209.858    -0.7832    -0.7823     0.0009    -0.7896    -0.7886     0.0009   2.795146   2.795165   0.000017    34.3063    34.3055     7.4239    27.5829    27.5821    34.3061    27.5827    1448.02    1448.02    -0.7894  1028.6028    34.4740 0.0000e+00
      21538 313.225757  -62.13796  -58.43570     -0.929    1448.44    211.000    208.869    -0.7837    -0.7826     0.0011    -0.7900    -0.7889     0.0011   2.795085   2.795083  -0.000001    34.3066    34.3053     7.4238    27.5831    27.5821    34.3064    27.5830    1448.00    1448.00    -0.7898  1028.5978    34.4736 0.0000e+00
      21562 313.225768  -62.13796  -58.43570     -0.982    1448.44    210.000    207.880    -0.7843    -0.7833     0.0010    -0.7906    -0.7895     0.0010   2.794957   2.794981   0.000025    34.3062    34.3054     7.4299    27.5829    27.5822    34.3060    27.5826    1447.98    1447.98    -0.7904  1028.5927    34.4732 0.0000e+00
      21585 313.225779  -62.13796  -58.43570     -1.007    1448.44    209.000    206.890    -0.7858    -0.7840     0.0018    -0.7920    -0.7901     0.0018   2.794770   2.794883   0.000098    34.3061    34.3053     7.4337    27.5828    27.5821    34.3057    27.5825    1447.96    1447.96    -0.7918  1028.5879    34.4731 0.0000e+00
      21611 313.225792  -62.13798  -58.43568     -0.971    1448.44    208.000    205.901    -0.7876    -0.7854     0.0022    -0.7937    -0.7915     0.0022   2.794590   2.794708   0.000120    34.3062    34.3053     7.4360    27.5829    27.5821    34.3059    27.5827    1447.93    1447.94    -0.7936  1028.5839    34.4739 0.0000e+00
      21641 313.225806  -62.13798  -58.43568     -0.850    1448.44    207.000    204.911    -0.7877    -0.7840     0.0036    -0.7938    -0.7901     0.0036   2.794547   2.794788   0.000231    34.3062    34.3052     7.4319    27.5830    27.5820    34.3061    27.5828    1447.92    1447.93    -0.7937  1028.5786    34.4732 0.0000e+00
      21673 313.225822  -62.13798  -58.43568     -0.760    1448.44    206.000    203.922    -0.7881    -0.7865     0.0016    -0.7942    -0.7926     0.0016   2.794433   2.794510   0.000089    34.3058    34.3053     7.4312    27.5827    27.5821    34.3056    27.5825    1447.90    1447.90    -0.7940  1028.5735    34.4728 0.0000e+00
      21701 313.225835  -62.13798  -58.43568     -0.799    1448.44    205.000    202.932    -0.7885    -0.7872     0.0013    -0.7945    -0.7932     0.0013   2.794366   2.794395   0.000032    34.3059    34.3049     7.4359    27.5828    27.5819    34.3057    27.5826    1447.88    1447.88    -0.7944  1028.5677    34.4715 0.0000e+00
      21726 313.225847 -9.990e-29  -58.43568     -0.917    1448.44    204.000    201.943    -0.7885    -0.7876     0.0009    -0.7946    -0.7936     0.0009   2.794288   2.794301   0.000013    34.3056    34.3047     7.4469    27.5825    27.5817    34.3054    27.5823    1447.86    1447.86    -0.7944  1028.5594    34.4672 0.0000e+00
      21749 313.225858 -9.990e-29  -58.43566     -1.014    1448.44    203.000    200.954    -0.7895    -0.7887     0.0008    -0.7955    -0.7947     0.0008   2.794164   2.794168   0.000007    34.3057    34.3049     7.4412    27.5826    27.5819    34.3054    27.5824    1447.84    1447.84    -0.7954  1028.5548    34.4672 0.0000e+00
      21773 313.225870 -9.990e-29  -58.43566     -1.031    1448.44    202.000    199.964    -0.7902    -0.7891     0.0011    -0.7962    -0.7951     0.0011   2.794073   2.794086   0.000019    34.3058    34.3048     7.4414    27.5827    27.5819    34.3056    27.5826    1447.82    1447.83    -0.7960  1028.5502    34.4674 0.0000e+00
      21799 313.225882  -62.13800  -58.43566     -0.965    1448.44    201.000    198.975    -0.7904    -0.7892     0.0011    -0.7963    -0.7952     0.0011   2.794005   2.794039   0.000033    34.3056    34.3048     7.4366    27.5826    27.5819    34.3055    27.5825    1447.80    1447.81    -0.7962  1028.5459    34.4681 0.0000e+00
      21826 313.225896  -62.13800  -58.43566     -0.884    1448.44    200.000    197.985    -0.7918    -0.7898     0.0019    -0.7977    -0.7958     0.0019   2.793824   2.793929   0.000093    34.3056    34.3047     7.4332    27.5826    27.5818    34.3052    27.5823    1447.78    1447.79    -0.7975  1028.5447    34.4724 0.0000e+00
