Pos-Processados/process_op42/Processamento_split/up/uoperantar42_026.cnv
* Sea-Bird SBE 9 Data File:
* FileName = C:\Users\Hidrografia\Desktop\OPXLII\Brutos\OP42026.hdr
* Software Version Seasave V 7.26.7.107
* Temperature SN = 6502
* Conductivity SN = 4998
* Number of Bytes Per Scan = 37
* Number of Voltage Words = 4
* Number of Scans Averaged by the Deck Unit = 1
* NMEA Latitude = 62 13.40 S
* NMEA Longitude = 058 12.50 W
* NMEA UTC (Time) = Nov 08 2023 16:16:15
* NMEA baud rate = 4800
** H41
** NPOALTEMAXIMIANO
** NUMERO DA ESTACAO (XXX) 026
** LAT (XX XX.XX S/N) 62  13.401 S
** LONG (XXX XX.XX W/E) 058  12.553 W
** DATAHORA (dd/mm/aaaa hh:mm Z) 08/11/2023 1615Z
** PROFUNDIDADE (m) 390
** OPERADOR 1T ZAMITH
# nquan = 30
# nvalues = 358                         
# units = specified
# name 0 = scan: Scan Count
# name 1 = timeJ: Julian Days
# name 2 = latitude: Latitude [deg]
# name 3 = longitude: Longitude [deg]
# name 4 = dz/dtM: Descent Rate [m/s]
# name 5 = avgsvCM: Average Sound Velocity [Chen-Millero, m/s]
# name 6 = prDM: Pressure, Digiquartz [db]
# name 7 = depSM: Depth [salt water, m]
# name 8 = t090C: Temperature [ITS-90, deg C]
# name 9 = t190C: Temperature, 2 [ITS-90, deg C]
# name 10 = T2-T190C: Temperature Difference, 2 - 1 [ITS-90, deg C]
# name 11 = potemp090C: Potential Temperature [ITS-90, deg C]
# name 12 = potemp190C: Potential Temperature, 2 [ITS-90, deg C]
# name 13 = potemp90Cdiff: Potential Temperature, Diff, 2 - 1 [ITS-90, deg C]
# name 14 = c0S/m: Conductivity [S/m]
# name 15 = c1S/m: Conductivity, 2 [S/m]
# name 16 = C2-C1S/m: Conductivity Difference, 2 - 1 [S/m]
# name 17 = sal00: Salinity, Practical [PSU]
# name 18 = sal11: Salinity, Practical, 2 [PSU]
# name 19 = sbeox0ML/L: Oxygen, SBE 43 [ml/l]
# name 20 = sigma-é00: Density [sigma-theta, kg/m^3]
# name 21 = sigma-é11: Density, 2 [sigma-theta, kg/m^3]
# name 22 = sal00: Salinity, Practical [PSU]
# name 23 = sigma-é00: Density [sigma-theta, kg/m^3]
# name 24 = svCM: Sound Velocity [Chen-Millero, m/s]
# name 25 = svCM1: Sound Velocity, 2 [Chen-Millero, m/s]
# name 26 = gsw_ptA0: potential temperature [ITS-90, deg C]
# name 27 = gsw_densityA0: density, TEOS-10 [density, kg/m^3]
# name 28 = gsw_saA0: Absolute Salinity [g/kg]
# name 29 = flag:
# span 0 =      14726,      29833       
# span 1 = 312.685053, 312.692338       
# span 2 =  -62.22512,  -62.22438       
# span 3 =  -58.20132,  -58.19243       
# span 4 =     -1.350,     -0.166       
# span 5 =    1448.69,    1448.69       
# span 6 =      8.000,    365.000       
# span 7 =      7.927,    361.170       
# span 8 =    -0.9187,    -0.4847       
# span 9 =    -0.9162,    -0.4840       
# span 10 =    -0.0123,     0.0772      
# span 11 =    -0.9194,    -0.4961      
# span 12 =    -0.9168,    -0.4959      
# span 13 =    -0.0123,     0.0771      
# span 14 =   2.773009,   2.832027      
# span 15 =   2.773127,   2.831954      
# span 16 =  -0.001125,   0.006599      
# span 17 =    34.2757,    34.3730      
# span 18 =    34.2750,    34.3720      
# span 19 =     6.8518,     7.7605      
# span 20 =    27.5623,    27.6243      
# span 21 =    27.5613,    27.6235      
# span 22 =    34.2742,    34.3733      
# span 23 =    27.5586,    27.6245      
# span 24 =    1444.16,    1451.95      
# span 25 =    1444.16,    1451.96      
# span 26 =    -0.9194,    -0.4960      
# span 27 =  1027.6060,  1029.3664      
# span 28 =    34.4397,    34.5410      
# span 29 = 0.0000e+00, 0.0000e+00      
# interval = decibars: 1                
# start_time = Nov 08 2023 16:16:15 [NMEA time, header]
# bad_flag = -9.990e-29
*END*
[from data line 97]
      17252 312.686271  -62.22454  -58.19986     -1.094    1448.69    268.000    265.255    -0.5515    -0.5495     0.0020    -0.5602    -0.5582     0.0020   2.820848   2.820954   0.000104    34.3563    34.3555     7.0651    27.6135    27.6128    34.3558    27.6131    1450.08    1450.09    -0.5600  1028.8977    34.5236 0.0000e+00
      17281 312.686285  -62.22454  -58.19985     -0.897    1448.69    267.000    264.266    -0.5507    -0.5468     0.0039    -0.5594    -0.5555     0.0039   2.820858   2.821179   0.000314    34.3561    34.3559     7.0633    27.6134    27.6131    34.3557    27.6130    1450.07    1450.09    -0.5592  1028.8928    34.5235 0.0000e+00
      17313 312.686300  -62.22454  -58.19982     -0.736    1448.69    266.000    263.276    -0.5515    -0.5494     0.0020    -0.5601    -0.5581     0.0020   2.820723   2.820843   0.000133    34.3559    34.3554     7.0650    27.6132    27.6127    34.3554    27.6128    1450.05    1450.06    -0.5599  1028.8879    34.5231 0.0000e+00
      17339 312.686313  -62.22454  -58.19982     -0.832    1448.69    265.000    262.287    -0.5520    -0.5510     0.0011    -0.5606    -0.5595     0.0011   2.820616   2.820622   0.000012    34.3555    34.3544     7.0746    27.6129    27.6120    34.3551    27.6126    1450.03    1450.03    -0.5604  1028.8829    34.5229 0.0000e+00
      17359 312.686322  -62.22454  -58.19980     -1.048    1448.69    264.000    261.299    -0.5521    -0.5514     0.0007    -0.5606    -0.5599     0.0007   2.820544   2.820529  -0.000011    34.3552    34.3543     7.0620    27.6127    27.6119    34.3548    27.6124    1450.01    1450.01    -0.5604  1028.8780    34.5226 0.0000e+00
      17377 312.686331  -62.22454  -58.19980     -1.236    1448.69    263.000    260.310    -0.5517    -0.5501     0.0016    -0.5602    -0.5586     0.0016   2.820535   2.820560   0.000027    34.3551    34.3537     7.0567    27.6126    27.6114    34.3549    27.6124    1450.00    1450.00    -0.5600  1028.8733    34.5227 0.0000e+00
      17396 312.686340  -62.22455  -58.19979     -1.304    1448.69    262.000    259.320    -0.5510    -0.5496     0.0014    -0.5595    -0.5580     0.0014   2.820529   2.820556   0.000024    34.3549    34.3536     7.0549    27.6124    27.6113    34.3547    27.6122    1449.98    1449.99    -0.5593  1028.8682    34.5224 0.0000e+00
      17419 312.686351  -62.22456  -58.19977     -1.184    1448.69    261.000    258.331    -0.5490    -0.5483     0.0007    -0.5575    -0.5567     0.0007   2.820617   2.820589  -0.000011    34.3542    34.3532     7.0752    27.6118    27.6109    34.3542    27.6117    1449.98    1449.98    -0.5573  1028.8630    34.5219 0.0000e+00
      17448 312.686365  -62.22456  -58.19975     -0.899    1448.69    260.000    257.342    -0.5474    -0.5493    -0.0019    -0.5558    -0.5577    -0.0019   2.820679   2.820502  -0.000169    34.3538    34.3537     7.0675    27.6113    27.6113    34.3538    27.6113    1449.97    1449.96    -0.5556  1028.8578    34.5215 0.0000e+00
      17480 312.686381  -62.22456  -58.19974     -0.739    1448.69    259.000    256.352    -0.5464    -0.5459     0.0005    -0.5548    -0.5543     0.0005   2.820706   2.820665  -0.000043    34.3537    34.3525     7.0442    27.6112    27.6102    34.3536    27.6112    1449.96    1449.96    -0.5546  1028.8529    34.5214 0.0000e+00
      17505 312.686393  -62.22456  -58.19972     -0.861    1448.69    258.000    255.363    -0.5466    -0.5459     0.0007    -0.5549    -0.5542     0.0007   2.820634   2.820617  -0.000016    34.3536    34.3526     7.0420    27.6111    27.6103    34.3535    27.6110    1449.94    1449.94    -0.5548  1028.8480    34.5212 0.0000e+00
      17526 312.686403  -62.22456  -58.19970     -1.049    1448.69    257.000    254.374    -0.5467    -0.5458     0.0009    -0.5550    -0.5541     0.0009   2.820570   2.820580   0.000007    34.3535    34.3525     7.0318    27.6111    27.6102    34.3534    27.6110    1449.92    1449.92    -0.5548  1028.8432    34.5211 0.0000e+00
      17546 312.686413  -62.22456  -58.19970     -1.160    1448.69    256.000    253.386    -0.5470    -0.5465     0.0005    -0.5552    -0.5548     0.0005   2.820539   2.820494  -0.000040    34.3540    34.3528     7.0128    27.6115    27.6105    34.3539    27.6114    1449.90    1449.90    -0.5551  1028.8389    34.5216 0.0000e+00
      17570 312.686424  -62.22456  -58.19968     -1.104    1448.69    255.000    252.396    -0.5464    -0.5462     0.0002    -0.5546    -0.5544     0.0002   2.820559   2.820488  -0.000065    34.3540    34.3529     7.0047    27.6115    27.6106    34.3541    27.6115    1449.89    1449.89    -0.5544  1028.8342    34.5218 0.0000e+00
      17598 312.686437  -62.22456  -58.19966     -0.913    1448.69    254.000    251.407    -0.5446    -0.5449    -0.0004    -0.5527    -0.5531    -0.0004   2.820620   2.820523  -0.000097    34.3534    34.3525     7.0179    27.6109    27.6102    34.3535    27.6109    1449.88    1449.88    -0.5526  1028.8288    34.5212 0.0000e+00
      17624 312.686450  -62.22456  -58.19964     -0.869    1448.69    253.000    250.418    -0.5446    -0.5440     0.0005    -0.5527    -0.5522     0.0005   2.820568   2.820539  -0.000034    34.3534    34.3524     7.0189    27.6109    27.6100    34.3534    27.6108    1449.87    1449.87    -0.5526  1028.8240    34.5211 0.0000e+00
      17646 312.686461  -62.22456  -58.19962     -0.984    1448.69    252.000    249.428    -0.5461    -0.5449     0.0012    -0.5542    -0.5530     0.0012   2.820422   2.820436   0.000009    34.3539    34.3527     7.0061    27.6114    27.6104    34.3537    27.6112    1449.84    1449.85    -0.5540  1028.8196    34.5214 0.0000e+00
      17667 312.686471  -62.22456  -58.19962     -1.113    1448.69    251.000    248.439    -0.5458    -0.5445     0.0013    -0.5539    -0.5526     0.0013   2.820420   2.820415  -0.000001    34.3539    34.3525     7.0068    27.6114    27.6101    34.3540    27.6114    1449.83    1449.83    -0.5537  1028.8150    34.5217 0.0000e+00
      17687 312.686481  -62.22456  -58.19961     -1.175    1448.69    250.000    247.450    -0.5445    -0.5433     0.0012    -0.5526    -0.5514     0.0012   2.820449   2.820436  -0.000010    34.3534    34.3520     7.0141    27.6109    27.6096    34.3535    27.6110    1449.82    1449.82    -0.5524  1028.8099    34.5212 0.0000e+00
      17709 312.686491  -62.22456  -58.19960     -1.142    1448.69    249.000    246.461    -0.5433    -0.5429     0.0004    -0.5513    -0.5509     0.0004   2.820475   2.820427  -0.000049    34.3530    34.3520     7.0130    27.6105    27.6096    34.3531    27.6106    1449.81    1449.81    -0.5512  1028.8047    34.5208 0.0000e+00
      17737 312.686505  -62.22456  -58.19959     -0.957    1448.69    248.000    245.472    -0.5426    -0.5436    -0.0010    -0.5506    -0.5516    -0.0010   2.820479   2.820345  -0.000123    34.3529    34.3524     7.0036    27.6104    27.6100    34.3530    27.6105    1449.79    1449.79    -0.5504  1028.7998    34.5207 0.0000e+00
      17769 312.686520  -62.22456  -58.19956     -0.770    1448.69    247.000    244.483    -0.5407    -0.5414    -0.0006    -0.5487    -0.5494    -0.0007   2.820543   2.820439  -0.000109    34.3522    34.3515     7.0033    27.6097    27.6091    34.3524    27.6099    1449.78    1449.78    -0.5485  1028.7944    34.5200 0.0000e+00
      17796 312.686533  -62.22456  -58.19956     -0.822    1448.69    246.000    243.493    -0.5403    -0.5400     0.0003    -0.5482    -0.5479     0.0003   2.820513   2.820468  -0.000044    34.3519    34.3510     6.9977    27.6095    27.6087    34.3521    27.6096    1449.77    1449.77    -0.5481  1028.7894    34.5197 0.0000e+00
      17819 312.686544  -62.22458  -58.19954     -0.972    1448.69    245.000    242.504    -0.5392    -0.5379     0.0012    -0.5471    -0.5458     0.0012   2.820539   2.820538  -0.000011    34.3516    34.3501     6.9760    27.6092    27.6079    34.3518    27.6093    1449.76    1449.76    -0.5469  1028.7843    34.5194 0.0000e+00
      17840 312.686554  -62.22458  -58.19952     -1.088    1448.69    244.000    241.515    -0.5381    -0.5367     0.0014    -0.5459    -0.5445     0.0014   2.820562   2.820562   0.000003    34.3512    34.3496     6.9611    27.6088    27.6075    34.3514    27.6090    1449.75    1449.75    -0.5458  1028.7792    34.5191 0.0000e+00
      17860 312.686564  -62.22458  -58.19950     -1.156    1448.69    243.000    240.526    -0.5369    -0.5365     0.0004    -0.5447    -0.5444     0.0004   2.820604   2.820550  -0.000053    34.3511    34.3500     6.9608    27.6086    27.6077    34.3513    27.6088    1449.74    1449.73    -0.5446  1028.7743    34.5190 0.0000e+00
      17882 312.686575  -62.22458  -58.19948     -1.146    1448.69    242.000    239.536    -0.5364    -0.5364    -0.0000    -0.5442    -0.5442    -0.0000   2.820601   2.820517  -0.000080    34.3511    34.3501     6.9643    27.6086    27.6078    34.3513    27.6088    1449.72    1449.72    -0.5440  1028.7695    34.5189 0.0000e+00
      17910 312.686588  -62.22458  -58.19948     -0.955    1448.69    241.000    238.547    -0.5370    -0.5366     0.0004    -0.5447    -0.5444     0.0004   2.820512   2.820461  -0.000055    34.3513    34.3501     6.9450    27.6088    27.6079    34.3514    27.6089    1449.70    1449.70    -0.5446  1028.7648    34.5190 0.0000e+00
      17944 312.686605  -62.22458  -58.19947     -0.710    1448.69    240.000    237.558    -0.5369    -0.5362     0.0008    -0.5446    -0.5439     0.0008   2.820479   2.820450  -0.000031    34.3513    34.3501     6.9310    27.6089    27.6078    34.3515    27.6090    1449.69    1449.69    -0.5445  1028.7601    34.5191 0.0000e+00
      17972 312.686618  -62.22458  -58.19945     -0.773    1448.69    239.000    236.569    -0.5364    -0.5355     0.0009    -0.5441    -0.5432     0.0009   2.820464   2.820450  -0.000016    34.3512    34.3500     6.9355    27.6087    27.6077    34.3512    27.6088    1449.67    1449.68    -0.5439  1028.7552    34.5189 0.0000e+00
      17993 312.686628  -62.22458  -58.19943     -0.988    1448.69    238.000    235.579    -0.5350    -0.5345     0.0006    -0.5427    -0.5421     0.0006   2.820542   2.820498  -0.000041    34.3511    34.3499     6.9308    27.6086    27.6076    34.3514    27.6088    1449.66    1449.67    -0.5425  1028.7505    34.5190 0.0000e+00
      18013 312.686638  -62.22458  -58.19942     -1.162    1448.69    237.000    234.590    -0.5331    -0.5324     0.0007    -0.5407    -0.5400     0.0007   2.820675   2.820636  -0.000042    34.3512    34.3498     6.9208    27.6086    27.6074    34.3516    27.6089    1449.66    1449.66    -0.5406  1028.7458    34.5192 0.0000e+00
      18033 312.686647  -62.22458  -58.19940     -1.213    1448.69    236.000    233.601    -0.5315    -0.5306     0.0009    -0.5391    -0.5382     0.0009   2.820725   2.820731  -0.000006    34.3510    34.3498     6.9160    27.6083    27.6074    34.3511    27.6084    1449.65    1449.65    -0.5390  1028.7405    34.5187 0.0000e+00
      18059 312.686660  -62.22458  -58.19940     -1.054    1448.69    235.000    232.611    -0.5306    -0.5302     0.0003    -0.5381    -0.5378     0.0003   2.820780   2.820711  -0.000057    34.3511    34.3500     6.9209    27.6084    27.6075    34.3514    27.6086    1449.64    1449.64    -0.5380  1028.7359    34.5190 0.0000e+00
      18099 312.686679  -62.22458  -58.19938     -0.628    1448.69    234.000    231.622    -0.5271    -0.5306    -0.0035    -0.5346    -0.5381    -0.0035   2.821024   2.820645  -0.000364    34.3509    34.3499     6.9132    27.6080    27.6074    34.3513    27.6084    1449.63    1449.62    -0.5345  1028.7309    34.5189 0.0000e+00
      18135 312.686697  -62.22458  -58.19935     -0.609    1448.69    233.000    230.633    -0.5230    -0.5249    -0.0019    -0.5305    -0.5324    -0.0019   2.821367   2.821085  -0.000283    34.3512    34.3496     6.9014    27.6081    27.6069    34.3519    27.6087    1449.64    1449.63    -0.5304  1028.7264    34.5195 0.0000e+00
      18157 312.686707  -62.22458  -58.19934     -0.891    1448.69    232.000    229.644    -0.5168    -0.5153     0.0015    -0.5243    -0.5228     0.0015   2.821906   2.821932  -0.000012    34.3515    34.3496     6.8984    27.6081    27.6065    34.3528    27.6091    1449.65    1449.66    -0.5242  1028.7220    34.5204 0.0000e+00
      18175 312.686716  -62.22460  -58.19932     -1.158    1448.69    231.000    228.654    -0.5162    -0.5134     0.0028    -0.5236    -0.5208     0.0028   2.821772   2.821901   0.000147    34.3511    34.3499     6.9015    27.6077    27.6066    34.3509    27.6075    1449.63    1449.65    -0.5235  1028.7157    34.5185 0.0000e+00
      18192 312.686724  -62.22460  -58.19930     -1.332    1448.69    230.000    227.665    -0.5216    -0.5243    -0.0026    -0.5290    -0.5317    -0.0026   2.821236   2.820922  -0.000290    34.3508    34.3499     6.8979    27.6077    27.6072    34.3504    27.6074    1449.59    1449.58    -0.5289  1028.7109    34.5180 0.0000e+00
      18211 312.686733  -62.22460  -58.19930     -1.350    1448.69    229.000    226.676    -0.5256    -0.5272    -0.0015    -0.5330    -0.5345    -0.0015   2.820873   2.820644  -0.000229    34.3508    34.3494     6.8918    27.6079    27.6068    34.3507    27.6079    1449.56    1449.55    -0.5328  1028.7065    34.5183 0.0000e+00
      18236 312.686745  -62.22460  -58.19929     -1.122    1448.69    228.000    225.686    -0.5255    -0.5243     0.0013    -0.5329    -0.5316     0.0013   2.820855   2.820875  -0.000006    34.3509    34.3494     6.8860    27.6080    27.6067    34.3510    27.6080    1449.54    1449.55    -0.5327  1028.7019    34.5185 0.0000e+00
      18272 312.686762  -62.22460  -58.19928     -0.724    1448.69    227.000    224.697    -0.5264    -0.5239     0.0025    -0.5337    -0.5312     0.0025   2.820732   2.820862   0.000124    34.3509    34.3497     6.8934    27.6080    27.6069    34.3509    27.6080    1449.52    1449.53    -0.5335  1028.6972    34.5184 0.0000e+00
      18307 312.686780  -62.22460  -58.19925     -0.641    1448.69    226.000    223.708    -0.5232    -0.5223     0.0009    -0.5305    -0.5296     0.0009   2.820966   2.820939  -0.000020    34.3507    34.3494     6.8835    27.6077    27.6067    34.3510    27.6080    1449.52    1449.53    -0.5303  1028.6924    34.5186 0.0000e+00
      18333 312.686792  -62.22460  -58.19924     -0.831    1448.69    225.000    222.719    -0.5247    -0.5246     0.0001    -0.5319    -0.5318     0.0001   2.820743   2.820638  -0.000095    34.3506    34.3492     6.8836    27.6077    27.6066    34.3503    27.6075    1449.50    1449.50    -0.5318  1028.6871    34.5179 0.0000e+00
      18355 312.686803  -62.22460  -58.19923     -1.016    1448.69    224.000    221.729    -0.5276    -0.5276    -0.0001    -0.5348    -0.5348    -0.0001   2.820411   2.820331  -0.000094    34.3501    34.3489     6.8909    27.6074    27.6065    34.3498    27.6071    1449.47    1449.47    -0.5346  1028.6820    34.5173 0.0000e+00
      18376 312.686813  -62.22460  -58.19921     -1.116    1448.69    223.000    220.740    -0.5292    -0.5280     0.0012    -0.5364    -0.5351     0.0012   2.820224   2.820260   0.000030    34.3499    34.3489     6.8981    27.6073    27.6065    34.3497    27.6071    1449.44    1449.45    -0.5362  1028.6773    34.5172 0.0000e+00
      18399 312.686824  -62.22460  -58.19919     -1.105    1448.69    222.000    219.750    -0.5292    -0.5286     0.0006    -0.5364    -0.5357     0.0006   2.820196   2.820156  -0.000034    34.3501    34.3489     6.8855    27.6074    27.6065    34.3500    27.6074    1449.43    1449.43    -0.5362  1028.6728    34.5175 0.0000e+00
      18424 312.686836  -62.22460  -58.19918     -1.003    1448.69    221.000    218.761    -0.5293    -0.5283     0.0011    -0.5364    -0.5354     0.0011   2.820148   2.820157   0.000004    34.3501    34.3490     6.8745    27.6075    27.6066    34.3500    27.6074    1449.41    1449.41    -0.5363  1028.6681    34.5176 0.0000e+00
