Pos-Processados/process_op42/Processamento_split/up/uoperantar42_007.cnv
* Sea-Bird SBE 9 Data File:
* FileName = C:\Users\Hidrografia\Desktop\OPXLII\Brutos\OP42006.hdr
* Software Version Seasave V 7.26.7.107
* Temperature SN = 6502
* Conductivity SN = 4998
* Number of Bytes Per Scan = 31
* Number of Voltage Words = 2
* Number of Scans Averaged by the Deck Unit = 1
* NMEA Latitude = 41 49.29 S
* NMEA Longitude = 054 31.41 W
* NMEA UTC (Time) = Oct 18 2023 00:54:10
* NMEA baud rate = 4800
** H41
** NPOALTEMAXIMIANO
** NUMERO DA ESTACAO (XXX) 006
** LAT (XX XX.XX S/N) 41 49.31 S
** LONG (XXX XX.XX W/E) 054 31.42 W
** DATAHORA (dd/mm/aaaa hh:mm Z) 17/10/2023 0025Z
** PROFUNDIDADE (m) 5071
** OPERADOR CT FILIPE LOPES
# nquan = 30
# nvalues = 1012                        
# units = specified
# name 0 = scan: Scan Count
# name 1 = timeJ: Julian Days
# name 2 = latitude: Latitude [deg]
# name 3 = longitude: Longitude [deg]
# name 4 = dz/dtM: Descent Rate [m/s]
# name 5 = avgsvCM: Average Sound Velocity [Chen-Millero, m/s]
# name 6 = prDM: Pressure, Digiquartz [db]
# name 7 = depSM: Depth [salt water, m]
# name 8 = t090C: Temperature [ITS-90, deg C]
# name 9 = t190C: Temperature, 2 [ITS-90, deg C]
# name 10 = T2-T190C: Temperature Difference, 2 - 1 [ITS-90, deg C]
# name 11 = potemp090C: Potential Temperature [ITS-90, deg C]
# name 12 = potemp190C: Potential Temperature, 2 [ITS-90, deg C]
# name 13 = potemp90Cdiff: Potential Temperature, Diff, 2 - 1 [ITS-90, deg C]
# name 14 = c0S/m: Conductivity [S/m]
# name 15 = c1S/m: Conductivity, 2 [S/m]
# name 16 = C2-C1S/m: Conductivity Difference, 2 - 1 [S/m]
# name 17 = sal00: Salinity, Practical [PSU]
# name 18 = sal11: Salinity, Practical, 2 [PSU]
# name 19 = sbeox0ML/L: Oxygen, SBE 43 [ml/l]
# name 20 = sigma-é00: Density [sigma-theta, kg/m^3]
# name 21 = sigma-é11: Density, 2 [sigma-theta, kg/m^3]
# name 22 = sal00: Salinity, Practical [PSU]
# name 23 = sigma-é00: Density [sigma-theta, kg/m^3]
# name 24 = svCM: Sound Velocity [Chen-Millero, m/s]
# name 25 = svCM1: Sound Velocity, 2 [Chen-Millero, m/s]
# name 26 = gsw_ptA0: potential temperature [ITS-90, deg C]
# name 27 = gsw_densityA0: density, TEOS-10 [density, kg/m^3]
# name 28 = gsw_saA0: Absolute Salinity [g/kg]
# name 29 = flag:
# span 0 =      33792,      65275       
# span 1 = 291.053912, 291.069095       
# span 2 =  -41.81611,  -41.81190       
# span 3 =  -54.52037,  -54.51750       
# span 4 =     -1.512,     -0.218       
# span 5 =    1482.44,    1482.44       
# span 6 =      4.000,   1015.000       
# span 7 =      3.978,   1004.575       
# span 8 =     3.0782,    13.7247       
# span 9 =     3.0800,    13.7272       
# span 10 =    -0.5423,     0.5292      
# span 11 =     3.0123,    13.7226      
# span 12 =     3.0141,    13.7240      
# span 13 =    -0.5412,     0.5282      
# span 14 =   3.155786,   4.206754      
# span 15 =   3.155946,   4.207083      
# span 16 =  -0.052698,   0.056733      
# span 17 =    34.1332,    35.3569      
# span 18 =    34.1337,    35.3575      
# span 19 =     4.6802,     6.4447      
# span 20 =    26.5102,    27.3261      
# span 21 =    26.5122,    27.3257      
# span 22 =    34.1332,    35.3598      
# span 23 =    26.5205,    27.3261      
# span 24 =    1475.74,    1503.67      
# span 25 =    1475.75,    1503.66      
# span 26 =     3.0121,    13.7226      
# span 27 =  1026.5459,  1032.0254      
# span 28 =    34.2955,    35.5268      
# span 29 = 0.0000e+00, 0.0000e+00      
# interval = decibars: 1                
# start_time = Oct 18 2023 00:54:10 [NMEA time, header]
# bad_flag = -9.990e-29
*END*
[from data line 194]
      38838 291.056345  -41.81540  -54.52000     -0.952    1482.44    821.000    812.965     3.4189     3.4211     0.0022     3.3620     3.3642     0.0022   3.174743   3.174814   0.000070    34.2132    34.2117     5.3424    27.2233    27.2220    34.2132    27.2234    1476.65    1476.65     3.3619  1031.0273    34.3775 0.0000e+00
      38873 291.056362  -41.81540  -54.52000     -0.689    1482.44    820.000    811.977     3.4206     3.4212     0.0006     3.3638     3.3644     0.0006   3.174717   3.174757   0.000039    34.2115    34.2114     5.3467    27.2219    27.2217    34.2117    27.2220    1476.64    1476.64     3.3636  1031.0213    34.3759 0.0000e+00
      38904 291.056377  -41.81540  -54.52000     -0.730    1482.44    819.000    810.989     3.4215     3.4214    -0.0001     3.3647     3.3647    -0.0001   3.174647   3.174677   0.000037    34.2103    34.2109     5.3536    27.2208    27.2213    34.2104    27.2209    1476.62    1476.62     3.3646  1031.0155    34.3746 0.0000e+00
      38927 291.056388  -41.81539  -54.52000     -0.919    1482.44    818.000    810.000     3.4203     3.4208     0.0005     3.3636     3.3641     0.0005   3.174377   3.174395   0.000019    34.2092    34.2089     5.3540    27.2200    27.2197    34.2089    27.2198    1476.60    1476.60     3.3635  1031.0099    34.3732 0.0000e+00
      38948 291.056398  -41.81538  -54.52000     -1.069    1482.44    817.000    809.012     3.4184     3.4189     0.0005     3.3619     3.3624     0.0005   3.174118   3.174123   0.000007    34.2085    34.2080     5.3568    27.2196    27.2192    34.2083    27.2195    1476.57    1476.57     3.3617  1031.0050    34.3725 0.0000e+00
      38968 291.056408  -41.81538  -54.52000     -1.180    1482.44    816.000    808.024     3.4175     3.4176     0.0001     3.3610     3.3611     0.0001   3.173976   3.173916  -0.000051    34.2082    34.2075     5.3638    27.2195    27.2189    34.2080    27.2194    1476.55    1476.55     3.3609  1031.0004    34.3723 0.0000e+00
      38988 291.056417  -41.81538  -54.52000     -1.201    1482.44    815.000    807.035     3.4163     3.4169     0.0006     3.3599     3.3605     0.0006   3.173786   3.173800   0.000001    34.2077    34.2071     5.3666    27.2192    27.2187    34.2076    27.2191    1476.53    1476.53     3.3598  1030.9955    34.3718 0.0000e+00
      39011 291.056429  -41.81538  -54.52000     -1.116    1482.44    814.000    806.047     3.4166     3.4186     0.0020     3.3603     3.3623     0.0019   3.173762   3.173883   0.000110    34.2075    34.2067     5.3778    27.2190    27.2182    34.2074    27.2190    1476.51    1476.52     3.3602  1030.9908    34.3717 0.0000e+00
      39040 291.056442  -41.81538  -54.52000     -0.918    1482.44    813.000    805.059     3.4177     3.4211     0.0035     3.3614     3.3649     0.0034   3.173807   3.174043   0.000233    34.2072    34.2064     5.3885    27.2187    27.2177    34.2074    27.2188    1476.50    1476.52     3.3613  1030.9860    34.3716 0.0000e+00
      39073 291.056458  -41.81538  -54.52000     -0.735    1482.44    812.000    804.070     3.4229     3.4235     0.0006     3.3667     3.3672     0.0006   3.174142   3.174196   0.000065    34.2061    34.2063     5.3897    27.2173    27.2174    34.2065    27.2176    1476.51    1476.51     3.3666  1030.9801    34.3707 0.0000e+00
      39101 291.056472  -41.81536  -54.51998     -0.789    1482.44    811.000    803.082     3.4277     3.4312     0.0035     3.3715     3.3750     0.0034   3.174576   3.174819   0.000220    34.2065    34.2055     5.3927    27.2171    27.2160    34.2071    27.2177    1476.51    1476.53     3.3714  1030.9755    34.3714 0.0000e+00
      39125 291.056483  -41.81536  -54.51998     -0.942    1482.44    810.000    802.094     3.4384     3.4379    -0.0005     3.3822     3.3818    -0.0005   3.175562   3.175344  -0.000133    34.2065    34.2054     5.3892    27.2161    27.2153    34.2083    27.2175    1476.54    1476.54     3.3821  1030.9705    34.3725 0.0000e+00
      39147 291.056494  -41.81536  -54.51998     -1.045    1482.44    809.000    801.106     3.4480     3.4534     0.0054     3.3918     3.3972     0.0054   3.176194   3.176717   0.000389    34.2055    34.2045     5.3896    27.2144    27.2131    34.2063    27.2151    1476.56    1476.59     3.3917  1030.9633    34.3705 0.0000e+00
      39170 291.056505  -41.81536  -54.51998     -1.068    1482.44    808.000    800.117     3.4515     3.4603     0.0088     3.3954     3.4041     0.0088   3.176547   3.177287   0.000719    34.2064    34.2058     5.3973    27.2148    27.2135    34.2074    27.2156    1476.56    1476.60     3.3953  1030.9591    34.3717 0.0000e+00
      39194 291.056517  -41.81536  -54.51998     -1.022    1482.44    807.000    799.129     3.4542     3.4628     0.0086     3.3982     3.4067     0.0086   3.176751   3.177507   0.000749    34.2064    34.2063     5.4036    27.2145    27.2136    34.2075    27.2154    1476.56    1476.60     3.3980  1030.9543    34.3717 0.0000e+00
      39219 291.056529  -41.81536  -54.51998     -0.974    1482.44    806.000    798.141     3.4615     3.4668     0.0053     3.4055     3.4107     0.0053   3.177473   3.177861   0.000392    34.2077    34.2068     5.4067    27.2148    27.2137    34.2091    27.2160    1476.57    1476.60     3.4054  1030.9501    34.3733 0.0000e+00
      39247 291.056542  -41.81534  -54.51998     -0.911    1482.44    805.000    797.152     3.4665     3.4706     0.0040     3.4106     3.4146     0.0040   3.177881   3.178142   0.000289    34.2080    34.2072     5.4057    27.2146    27.2136    34.2092    27.2156    1476.58    1476.60     3.4104  1030.9450    34.3734 0.0000e+00
      39282 291.056559  -41.81534  -54.51998     -0.728    1482.44    804.000    796.164     3.4698     3.4715     0.0017     3.4139     3.4155     0.0017   3.178094   3.178189   0.000107    34.2078    34.2074     5.4074    27.2142    27.2136    34.2088    27.2150    1476.58    1476.58     3.4138  1030.9397    34.3730 0.0000e+00
      39319 291.056577  -41.81534  -54.51998     -0.613    1482.44    803.000    795.176     3.4740     3.4738    -0.0002     3.4181     3.4179    -0.0002   3.178391   3.178350  -0.000048    34.2079    34.2075     5.4114    27.2138    27.2135    34.2085    27.2143    1476.58    1476.58     3.4180  1030.9344    34.3727 0.0000e+00
      39342 291.056588  -41.81534  -54.51998     -0.848    1482.44    802.000    794.187     3.4732     3.4738     0.0006     3.4175     3.4181     0.0006   3.178350   3.178299  -0.000011    34.2085    34.2077     5.4050    27.2143    27.2136    34.2093    27.2150    1476.56    1476.56     3.4173  1030.9305    34.3735 0.0000e+00
      39360 291.056597  -41.81534  -54.51996     -1.128    1482.44    801.000    793.199     3.4752     3.4739    -0.0013     3.4195     3.4182    -0.0013   3.178451   3.178287  -0.000177    34.2084    34.2076     5.4070    27.2141    27.2136    34.2090    27.2146    1476.55    1476.54     3.4193  1030.9254    34.3732 0.0000e+00
      39377 291.056605  -41.81533  -54.51996     -1.316    1482.44    800.000    792.210     3.4762     3.4777     0.0015     3.4205     3.4220     0.0015   3.178501   3.178575   0.000049    34.2084    34.2074     5.4093    27.2140    27.2130    34.2091    27.2145    1476.54    1476.54     3.4204  1030.9208    34.3733 0.0000e+00
      39395 291.056614  -41.81532  -54.51996     -1.378    1482.44    799.000    791.222     3.4780     3.4825     0.0045     3.4224     3.4269     0.0045   3.178659   3.178973   0.000316    34.2087    34.2077     5.4054    27.2140    27.2128    34.2096    27.2148    1476.53    1476.55     3.4223  1030.9164    34.3738 0.0000e+00
      39417 291.056624  -41.81532  -54.51996     -1.235    1482.44    798.000    790.234     3.4815     3.4822     0.0007     3.4259     3.4266     0.0007   3.178886   3.178904   0.000021    34.2086    34.2081     5.4049    27.2136    27.2132    34.2092    27.2141    1476.53    1476.53     3.4258  1030.9110    34.3734 0.0000e+00
      39448 291.056639  -41.81532  -54.51994     -0.879    1482.44    797.000    789.245     3.4867     3.4848    -0.0019     3.4312     3.4293    -0.0019   3.179315   3.179094  -0.000224    34.2082    34.2075     5.4088    27.2128    27.2124    34.2094    27.2138    1476.53    1476.53     3.4311  1030.9060    34.3736 0.0000e+00
      39478 291.056654  -41.81532  -54.51994     -0.748    1482.44    796.000    788.257     3.4902     3.4895    -0.0007     3.4348     3.4341    -0.0007   3.179538   3.179442  -0.000054    34.2086    34.2086     5.4117    27.2128    27.2129    34.2089    27.2130    1476.53    1476.53     3.4346  1030.9006    34.3731 0.0000e+00
      39501 291.056665  -41.81532  -54.51994     -0.928    1482.44    795.000    787.269     3.4809     3.4802    -0.0006     3.4256     3.4249    -0.0006   3.178360   3.178397  -0.000005    34.2059    34.2065     5.4067    27.2115    27.2121    34.2051    27.2108    1476.47    1476.47     3.4255  1030.8940    34.3692 0.0000e+00
      39525 291.056676  -41.81532  -54.51994     -1.021    1482.44    794.000    786.280     3.4785     3.4814     0.0029     3.4233     3.4262     0.0028   3.178105   3.178346   0.000263    34.2047    34.2049     5.4045    27.2108    27.2107    34.2050    27.2110    1476.44    1476.45     3.4232  1030.8897    34.3692 0.0000e+00
      39554 291.056690  -41.81532  -54.51994     -0.896    1482.44    793.000    785.292     3.4785     3.4773    -0.0011     3.4233     3.4222    -0.0011   3.178027   3.177800  -0.000191    34.2045    34.2034     5.4117    27.2106    27.2098    34.2047    27.2107    1476.43    1476.42     3.4232  1030.8848    34.3688 0.0000e+00
      39594 291.056710  -41.81530  -54.51994     -0.615    1482.44    792.000    784.303     3.4756     3.4752    -0.0004     3.4206     3.4201    -0.0004   3.177715   3.177527  -0.000208    34.2047    34.2027     5.4329    27.2111    27.2095    34.2044    27.2108    1476.40    1476.39     3.4205  1030.8803    34.3685 0.0000e+00
      39629 291.056726  -41.81530  -54.51994     -0.664    1482.44    791.000    783.315     3.4719     3.4742     0.0023     3.4170     3.4193     0.0023   3.177173   3.177379   0.000196    34.2025    34.2025     5.4384    27.2096    27.2094    34.2023    27.2095    1476.36    1476.37     3.4169  1030.8745    34.3664 0.0000e+00
      39655 291.056739  -41.81530  -54.51994     -0.815    1482.44    790.000    782.326     3.4757     3.4783     0.0026     3.4208     3.4234     0.0026   3.177511   3.177681   0.000137    34.2023    34.2013     5.4437    27.2091    27.2080    34.2029    27.2096    1476.36    1476.37     3.4207  1030.8699    34.3670 0.0000e+00
      39677 291.056750  -41.81530  -54.51994     -0.999    1482.44    789.000    781.338     3.4867     3.4895     0.0028     3.4318     3.4346     0.0028   3.178633   3.178761   0.000178    34.2030    34.2022     5.4460    27.2085    27.2076    34.2054    27.2105    1476.40    1476.41     3.4317  1030.8660    34.3695 0.0000e+00
      39696 291.056759  -41.81528  -54.51992     -1.164    1482.44    788.000    780.350     3.5079     3.5097     0.0018     3.4530     3.4547     0.0018   3.180590   3.180632  -0.000018    34.2047    34.2026     5.4443    27.2079    27.2061    34.2071    27.2098    1476.47    1476.48     3.4528  1030.8603    34.3712 0.0000e+00
      39715 291.056768  -41.81528  -54.51992     -1.261    1482.44    787.000    779.362     3.5194     3.5227     0.0032     3.4645     3.4677     0.0032   3.181617   3.181758   0.000174    34.2057    34.2044     5.4470    27.2076    27.2063    34.2078    27.2093    1476.50    1476.52     3.4644  1030.8549    34.3720 0.0000e+00
      39737 291.056778  -41.81528  -54.51992     -1.208    1482.44    786.000    778.373     3.5278     3.5327     0.0049     3.4729     3.4777     0.0048   3.182319   3.182681   0.000311    34.2064    34.2051     5.4532    27.2074    27.2058    34.2080    27.2087    1476.52    1476.54     3.4728  1030.8495    34.3721 0.0000e+00
      39771 291.056795  -41.81528  -54.51992     -0.798    1482.44    785.000    777.385     3.5257     3.5271     0.0014     3.4708     3.4722     0.0014   3.181901   3.182068   0.000185    34.2049    34.2056     5.4486    27.2063    27.2068    34.2058    27.2071    1476.50    1476.50     3.4707  1030.8434    34.3699 0.0000e+00
      39813 291.056815  -41.81528  -54.51992     -0.551    1482.44    784.000    776.396     3.5294     3.5313     0.0019     3.4746     3.4765     0.0019   3.182122   3.182337   0.000246    34.2040    34.2049     5.4288    27.2053    27.2059    34.2051    27.2061    1476.49    1476.50     3.4745  1030.8378    34.3691 0.0000e+00
      39841 291.056829  -41.81527  -54.51992     -0.756    1482.44    783.000    775.408     3.5260     3.5264     0.0004     3.4713     3.4717     0.0004   3.181674   3.181748   0.000025    34.2044    34.2043     5.4296    27.2059    27.2058    34.2038    27.2054    1476.46    1476.46     3.4712  1030.8326    34.3678 0.0000e+00
      39870 291.056843  -41.81526  -54.51992     -0.853    1482.44    782.000    774.419     3.5103     3.5206     0.0102     3.4558     3.4660     0.0102   3.179960   3.181155   0.001115    34.2008    34.2034     5.4296    27.2045    27.2057    34.2002    27.2040    1476.37    1476.42     3.4557  1030.8269    34.3642 0.0000e+00
      39914 291.056864  -41.81526  -54.51992     -0.540    1482.44    781.000    773.431     3.4981     3.5170     0.0189     3.4437     3.4625     0.0188   3.178796   3.180677   0.001903    34.2006    34.2036     5.4352    27.2055    27.2061    34.1996    27.2047    1476.30    1476.39     3.4436  1030.8233    34.3636 0.0000e+00
      39944 291.056878  -41.81526  -54.51990     -0.691    1482.44    780.000    772.442     3.4929     3.4956     0.0028     3.4386     3.4414     0.0028   3.178222   3.178379   0.000204    34.1984    34.1980     5.4567    27.2043    27.2037    34.1987    27.2045    1476.26    1476.28     3.4385  1030.8186    34.3627 0.0000e+00
      39964 291.056888  -41.81526  -54.51990     -0.982    1482.44    779.000    771.454     3.4857     3.4920     0.0063     3.4316     3.4379     0.0063   3.177020   3.177815   0.000761    34.1954    34.1978     5.4695    27.2026    27.2039    34.1923    27.2001    1476.21    1476.24     3.4315  1030.8098    34.3563 0.0000e+00
      39983 291.056897  -41.81525  -54.51990     -1.196    1482.44    778.000    770.465     3.4728     3.4748     0.0021     3.4188     3.4209     0.0020   3.175861   3.176073   0.000256    34.1940    34.1949     5.4767    27.2026    27.2032    34.1925    27.2015    1476.14    1476.15     3.4187  1030.8068    34.3565 0.0000e+00
      40001 291.056906  -41.81524  -54.51990     -1.304    1482.44    777.000    769.477     3.4730     3.4765     0.0034     3.4192     3.4226     0.0034   3.175918   3.176202   0.000277    34.1937    34.1934     5.4838    27.2024    27.2018    34.1934    27.2022    1476.12    1476.14     3.4190  1030.8029    34.3574 0.0000e+00
      40021 291.056916  -41.81524  -54.51990     -1.269    1482.44    776.000    768.488     3.4799     3.4863     0.0064     3.4261     3.4325     0.0064   3.176597   3.177061   0.000451    34.1947    34.1934     5.4910    27.2025    27.2009    34.1948    27.2026    1476.14    1476.16     3.4260  1030.7986    34.3588 0.0000e+00
      40050 291.056929  -41.81524  -54.51989     -0.983    1482.44    775.000    767.500     3.4833     3.4891     0.0058     3.4295     3.4353     0.0058   3.176814   3.177281   0.000482    34.1948    34.1945     5.5124    27.2023    27.2015    34.1944    27.2020    1476.14    1476.16     3.4294  1030.7933    34.3584 0.0000e+00
