Pos-Processados/process_op42/Processamento_split/up/uoperantar42_009.cnv
* Sea-Bird SBE 9 Data File:
* FileName = C:\Users\Hidrografia\Desktop\OPXLII\Brutos\OP42009.hdr
* Software Version Seasave V 7.26.7.107
* Temperature SN = 6502
* Conductivity SN = 4998
* Number of Bytes Per Scan = 31
* Number of Voltage Words = 2
* Number of Scans Averaged by the Deck Unit = 1
* NMEA Latitude = 43 19.24 S
* NMEA Longitude = 055 32.42 W
* NMEA UTC (Time) = Oct 18 2023 16:32:08
* NMEA baud rate = 4800
** H41
** NPOALTEMAXIMIANO
** NUMERO DA ESTACAO (XXX) 009
** LAT (XX XX.XX S/N) 43 19.058 S
** LONG (XXX XX.XX W/E) 055 32.32 W
** DATAHORA (dd/mm/aaaa hh:mm Z) 18/10/2023 1631Z
** PROFUNDIDADE (m) 5145
** OPERADOR CT FABIREZA
# nquan = 30
# nvalues = 1010                        
# units = specified
# name 0 = scan: Scan Count
# name 1 = timeJ: Julian Days
# name 2 = latitude: Latitude [deg]
# name 3 = longitude: Longitude [deg]
# name 4 = dz/dtM: Descent Rate [m/s]
# name 5 = avgsvCM: Average Sound Velocity [Chen-Millero, m/s]
# name 6 = prDM: Pressure, Digiquartz [db]
# name 7 = depSM: Depth [salt water, m]
# name 8 = t090C: Temperature [ITS-90, deg C]
# name 9 = t190C: Temperature, 2 [ITS-90, deg C]
# name 10 = T2-T190C: Temperature Difference, 2 - 1 [ITS-90, deg C]
# name 11 = potemp090C: Potential Temperature [ITS-90, deg C]
# name 12 = potemp190C: Potential Temperature, 2 [ITS-90, deg C]
# name 13 = potemp90Cdiff: Potential Temperature, Diff, 2 - 1 [ITS-90, deg C]
# name 14 = c0S/m: Conductivity [S/m]
# name 15 = c1S/m: Conductivity, 2 [S/m]
# name 16 = C2-C1S/m: Conductivity Difference, 2 - 1 [S/m]
# name 17 = sal00: Salinity, Practical [PSU]
# name 18 = sal11: Salinity, Practical, 2 [PSU]
# name 19 = sbeox0ML/L: Oxygen, SBE 43 [ml/l]
# name 20 = sigma-é00: Density [sigma-theta, kg/m^3]
# name 21 = sigma-é11: Density, 2 [sigma-theta, kg/m^3]
# name 22 = sal00: Salinity, Practical [PSU]
# name 23 = sigma-é00: Density [sigma-theta, kg/m^3]
# name 24 = svCM: Sound Velocity [Chen-Millero, m/s]
# name 25 = svCM1: Sound Velocity, 2 [Chen-Millero, m/s]
# name 26 = gsw_ptA0: potential temperature [ITS-90, deg C]
# name 27 = gsw_densityA0: density, TEOS-10 [density, kg/m^3]
# name 28 = gsw_saA0: Absolute Salinity [g/kg]
# name 29 = flag:
# span 0 =      32809,      68815       
# span 1 = 291.704803, 291.722167       
# span 2 =  -43.32958,  -43.32694       
# span 3 =  -55.54540,  -55.54260       
# span 4 =     -1.384,     -0.134       
# span 5 =    1481.75,    1481.75       
# span 6 =      2.000,   1011.000       
# span 7 =      1.993,   1000.512       
# span 8 =     3.1014,    13.1660       
# span 9 =     3.1013,    13.1630       
# span 10 =    -0.1181,     0.1207      
# span 11 =     3.0322,    13.1655      
# span 12 =     3.0321,    13.1625      
# span 13 =    -0.1179,     0.1205      
# span 14 =   3.156009,   4.134666      
# span 15 =   3.155840,   4.134469      
# span 16 =  -0.012196,   0.011498      
# span 17 =    34.1311,    35.2349      
# span 18 =    34.1298,    35.2346      
# span 19 =     4.5662,     6.1453      
# span 20 =    26.5205,    27.3456      
# span 21 =    26.5217,    27.3452      
# span 22 =    34.1317,    35.2362      
# span 23 =    26.5215,    27.3456      
# span 24 =    1474.89,    1501.04      
# span 25 =    1474.90,    1501.03      
# span 26 =     3.0320,    13.1655      
# span 27 =  1026.5351,  1032.0280      
# span 28 =    34.2951,    35.4026      
# span 29 = 0.0000e+00, 0.0000e+00      
# interval = decibars: 1                
# start_time = Oct 18 2023 16:32:08 [NMEA time, header]
# bad_flag = -9.990e-29
*END*
[from data line 629]
      50299 291.713238  -43.32888  -55.54514     -0.729    1481.75    382.000    378.608     5.7913     5.7943     0.0031     5.7590     5.7621     0.0031   3.369031   3.369271   0.000191    34.2522    34.2512     5.6753    26.9918    26.9907    34.2549    26.9940    1479.24    1479.25     5.7589  1028.7494    34.4177 0.0000e+00
      50327 291.713251  -43.32888  -55.54514     -0.788    1481.75    381.000    377.618     5.8020     5.8029     0.0009     5.7697     5.7706     0.0009   3.370147   3.370068  -0.000026    34.2540    34.2527     5.6643    26.9919    26.9909    34.2572    26.9945    1479.27    1479.27     5.7697  1028.7452    34.4200 0.0000e+00
      50348 291.713262  -43.32889  -55.54514     -0.983    1481.75    380.000    376.627     5.8100     5.8151     0.0051     5.7778     5.7829     0.0051   3.371007   3.371273   0.000243    34.2558    34.2533     5.6608    26.9923    26.9898    34.2593    26.9951    1479.29    1479.31     5.7777  1028.7412    34.4221 0.0000e+00
      50368 291.713271  -43.32890  -55.54514     -1.147    1481.75    379.000    375.637     5.8220     5.8254     0.0034     5.7899     5.7932     0.0034   3.371991   3.372200   0.000167    34.2564    34.2548     5.6558    26.9913    26.9897    34.2587    26.9932    1479.32    1479.33     5.7898  1028.7346    34.4216 0.0000e+00
      50389 291.713281  -43.32890  -55.54516     -1.182    1481.75    378.000    374.647     5.8231     5.8279     0.0048     5.7911     5.7958     0.0048   3.371998   3.372382   0.000373    34.2562    34.2555     5.6546    26.9910    26.9899    34.2582    26.9926    1479.30    1479.32     5.7910  1028.7294    34.4210 0.0000e+00
      50416 291.713295  -43.32890  -55.54516     -1.007    1481.75    377.000    373.657     5.8231     5.8275     0.0043     5.7912     5.7955     0.0043   3.371786   3.372271   0.000431    34.2554    34.2559     5.6512    26.9904    26.9903    34.2563    26.9911    1479.29    1479.30     5.7911  1028.7233    34.4191 0.0000e+00
      50455 291.713313  -43.32890  -55.54516     -0.636    1481.75    376.000    372.666     5.7991     5.8027     0.0036     5.7673     5.7709     0.0035   3.369379   3.369427   0.000151    34.2532    34.2513     5.6456    26.9916    26.9896    34.2539    26.9922    1479.17    1479.18     5.7672  1028.7201    34.4167 0.0000e+00
      50485 291.713327  -43.32892  -55.54516     -0.715    1481.75    375.000    371.676     5.8004     5.8045     0.0041     5.7687     5.7728     0.0041   3.369212   3.369583   0.000278    34.2519    34.2509     5.6472    26.9904    26.9891    34.2512    26.9899    1479.16    1479.17     5.7686  1028.7132    34.4140 0.0000e+00
      50508 291.713339  -43.32892  -55.54516     -0.938    1481.75    374.000    370.686     5.7923     5.7927     0.0004     5.7607     5.7611     0.0004   3.368345   3.368278   0.000008    34.2500    34.2498     5.6744    26.9899    26.9897    34.2501    26.9900    1479.11    1479.11     5.7606  1028.7088    34.4129 0.0000e+00
      50532 291.713350  -43.32892  -55.54516     -1.018    1481.75    373.000    369.696     5.7898     5.7870    -0.0027     5.7583     5.7555    -0.0027   3.368118   3.367656  -0.000403    34.2502    34.2484     5.6917    26.9903    26.9893    34.2506    26.9907    1479.08    1479.07     5.7582  1028.7049    34.4134 0.0000e+00
      50564 291.713366  -43.32890  -55.54516     -0.837    1481.75    372.000    368.705     5.7833     5.7838     0.0005     5.7519     5.7524     0.0005   3.367152   3.367185  -0.000015    34.2483    34.2476     5.7056    26.9896    26.9890    34.2468    26.9884    1479.03    1479.03     5.7518  1028.6982    34.4095 0.0000e+00
      50602 291.713384  -43.32890  -55.54516     -0.616    1481.75    371.000    367.715     5.7586     5.7599     0.0013     5.7274     5.7287     0.0013   3.364641   3.364572  -0.000043    34.2450    34.2432     5.7219    26.9901    26.9885    34.2438    26.9891    1478.91    1478.92     5.7273  1028.6945    34.4065 0.0000e+00
      50632 291.713398  -43.32890  -55.54516     -0.743    1481.75    370.000    366.725     5.7518     5.7479    -0.0039     5.7207     5.7168    -0.0039   3.363665   3.363216  -0.000460    34.2428    34.2415     5.7114    26.9891    26.9886    34.2402    26.9871    1478.87    1478.85     5.7206  1028.6880    34.4029 0.0000e+00
      50656 291.713410  -43.32890  -55.54516     -0.927    1481.75    369.000    365.734     5.7336     5.7258    -0.0078     5.7026     5.6949    -0.0078   3.361597   3.360804  -0.000669    34.2373    34.2377     5.7323    26.9871    26.9883    34.2357    26.9857    1478.77    1478.74     5.7026  1028.6822    34.3983 0.0000e+00
      50680 291.713422  -43.32892  -55.54518     -0.994    1481.75    368.000    364.744     5.7230     5.7152    -0.0078     5.6921     5.6844    -0.0077   3.360447   3.359659  -0.000832    34.2368    34.2352     5.7536    26.9879    26.9876    34.2339    26.9857    1478.71    1478.68     5.6920  1028.6777    34.3966 0.0000e+00
      50707 291.713435  -43.32892  -55.54518     -0.935    1481.75    367.000    363.754     5.7084     5.7074    -0.0011     5.6777     5.6766    -0.0011   3.358947   3.358753  -0.000230    34.2347    34.2331     5.7755    26.9880    26.9869    34.2322    26.9861    1478.63    1478.63     5.6776  1028.6736    34.3949 0.0000e+00
      50737 291.713449  -43.32892  -55.54518     -0.827    1481.75    366.000    362.764     5.7073     5.7051    -0.0022     5.6766     5.6744    -0.0022   3.358776   3.358510  -0.000288    34.2327    34.2317     5.7958    26.9866    26.9861    34.2319    26.9860    1478.61    1478.60     5.6766  1028.6690    34.3946 0.0000e+00
      50767 291.713464  -43.32892  -55.54518     -0.792    1481.75    365.000    361.773     5.7360     5.7590     0.0230     5.7053     5.7283     0.0230   3.361844   3.363973   0.002197    34.2341    34.2357     5.8152    26.9842    26.9826    34.2381    26.9873    1478.72    1478.81     5.7052  1028.6655    34.4008 0.0000e+00
      50797 291.713478  -43.32892  -55.54518     -0.812    1481.75    364.000    360.783     5.7805     5.7842     0.0037     5.7498     5.7535     0.0037   3.366204   3.366486   0.000213    34.2401    34.2388     5.8253    26.9834    26.9819    34.2429    26.9856    1478.89    1478.90     5.7497  1028.6588    34.4056 0.0000e+00
      50827 291.713492  -43.32892  -55.54518     -0.806    1481.75    363.000    359.793     5.8065     5.8080     0.0016     5.7758     5.7774     0.0016   3.368613   3.368690   0.000062    34.2421    34.2412     5.8218    26.9818    26.9809    34.2443    26.9836    1478.97    1478.98     5.7757  1028.6519    34.4070 0.0000e+00
      50859 291.713508  -43.32892  -55.54518     -0.752    1481.75    362.000    358.802     5.8139     5.8139     0.0000     5.7833     5.7833     0.0000   3.369338   3.369246  -0.000084    34.2438    34.2429     5.7974    26.9822    26.9815    34.2455    26.9836    1478.99    1478.99     5.7832  1028.6473    34.4082 0.0000e+00
      50890 291.713523  -43.32892  -55.54518     -0.748    1481.75    361.000    357.812     5.8091     5.8108     0.0017     5.7786     5.7803     0.0017   3.368719   3.368824   0.000107    34.2433    34.2427     5.7763    26.9824    26.9817    34.2439    26.9829    1478.95    1478.96     5.7785  1028.6420    34.4066 0.0000e+00
      50918 291.713536  -43.32894  -55.54518     -0.841    1481.75    360.000    356.822     5.8111     5.8118     0.0007     5.7807     5.7814     0.0007   3.368941   3.368914  -0.000040    34.2433    34.2422     5.7666    26.9822    26.9812    34.2448    26.9833    1478.94    1478.95     5.7807  1028.6379    34.4075 0.0000e+00
      50943 291.713549  -43.32894  -55.54520     -0.920    1481.75    359.000    355.832     5.8068     5.7991    -0.0077     5.7766     5.7688    -0.0077   3.368058   3.367207  -0.000746    34.2404    34.2398     5.7729    26.9804    26.9808    34.2397    26.9798    1478.90    1478.87     5.7764  1028.6298    34.4023 0.0000e+00
      50971 291.713562  -43.32894  -55.54520     -0.899    1481.75    358.000    354.841     5.7873     5.7741    -0.0132     5.7571     5.7440    -0.0131   3.365763   3.364287  -0.001476    34.2365    34.2331     5.7802    26.9796    26.9786    34.2340    26.9777    1478.80    1478.75     5.7570  1028.6234    34.3966 0.0000e+00
      51003 291.713577  -43.32894  -55.54520     -0.772    1481.75    357.000    353.851     5.7020     5.6934    -0.0086     5.6722     5.6636    -0.0086   3.356576   3.355311  -0.000952    34.2232    34.2211     5.7937    26.9796    26.9790    34.2168    26.9746    1478.42    1478.38     5.6721  1028.6165    34.3794 0.0000e+00
      51033 291.713592  -43.32894  -55.54520     -0.766    1481.75    356.000    352.861     5.6315     5.6136    -0.0179     5.6019     5.5841    -0.0178   3.349502   3.346866  -0.002938    34.2205    34.2052     5.8093    26.9860    26.9761    34.2086    26.9766    1478.11    1478.03     5.6018  1028.6146    34.3711 0.0000e+00
      51057 291.713603  -43.32894  -55.54520     -0.911    1481.75    355.000    351.870     5.5773     5.5747    -0.0025     5.5480     5.5454    -0.0025   3.342341   3.342742   0.000298    34.1935    34.1995     5.8674    26.9712    26.9762    34.1827    26.9627    1477.85    1477.84     5.5479  1028.5966    34.3451 0.0000e+00
      51079 291.713614  -43.32894  -55.54520     -1.045    1481.75    354.000    350.880     5.5331     5.5192    -0.0138     5.5040     5.4902    -0.0138   3.338067   3.336929  -0.001145    34.1887    34.1897     5.9327    26.9728    26.9752    34.1795    26.9655    1477.65    1477.59     5.5039  1028.5951    34.3418 0.0000e+00
      51104 291.713626  -43.32894  -55.54520     -1.020    1481.75    353.000    349.890     5.5053     5.5009    -0.0044     5.4763     5.4719    -0.0044   3.335427   3.334997  -0.000436    34.1850    34.1845     5.9884    26.9731    26.9733    34.1781    26.9677    1477.52    1477.50     5.4763  1028.5931    34.3405 0.0000e+00
      51138 291.713642  -43.32894  -55.54521     -0.778    1481.75    352.000    348.899     5.4797     5.4783    -0.0013     5.4509     5.4496    -0.0013   3.332709   3.332527  -0.000191    34.1803    34.1795     6.0617    26.9725    26.9720    34.1737    26.9672    1477.39    1477.39     5.4508  1028.5882    34.3360 0.0000e+00
      51176 291.713661  -43.32894  -55.54522     -0.618    1481.75    351.000    347.909     5.4770     5.4789     0.0019     5.4483     5.4502     0.0019   3.332352   3.332537   0.000164    34.1767    34.1767     6.1114    26.9700    26.9697    34.1728    26.9669    1477.36    1477.37     5.4482  1028.5833    34.3351 0.0000e+00
      51204 291.713674  -43.32894  -55.54522     -0.759    1481.75    350.000    346.918     5.4862     5.4957     0.0096     5.4575     5.4671     0.0096   3.333455   3.334304   0.000730    34.1791    34.1777     6.1246    26.9708    26.9685    34.1766    26.9688    1477.39    1477.43     5.4575  1028.5805    34.3389 0.0000e+00
      51227 291.713686  -43.32894  -55.54522     -0.953    1481.75    349.000    345.928     5.5061     5.5197     0.0136     5.4774     5.4911     0.0136   3.335568   3.336668   0.001064    34.1809    34.1791     6.1316    26.9697    26.9667    34.1809    26.9698    1477.46    1477.51     5.4774  1028.5768    34.3433 0.0000e+00
      51249 291.713696  -43.32896  -55.54522     -1.072    1481.75    348.000    344.938     5.5308     5.5419     0.0111     5.5022     5.5133     0.0111   3.337781   3.338709   0.000950    34.1815    34.1810     6.1216    26.9673    26.9656    34.1815    26.9673    1477.54    1477.59     5.5021  1028.5695    34.3439 0.0000e+00
      51274 291.713708  -43.32896  -55.54522     -1.038    1481.75    347.000    343.948     5.5437     5.5483     0.0046     5.5152     5.5198     0.0046   3.338924   3.339301   0.000415    34.1820    34.1820     6.1119    26.9661    26.9656    34.1820    26.9661    1477.58    1477.60     5.5151  1028.5636    34.3443 0.0000e+00
      51377 291.713758  -43.32897  -55.54523     -0.680    1481.75    346.000    342.945     5.5643     5.5641    -0.0001     5.5358     5.5356    -0.0002   3.341044   3.340950  -0.000099    34.1846    34.1836     6.0870    26.9656    26.9649    34.1857    26.9665    1477.65    1477.65     5.5357  1028.5593    34.3481 0.0000e+00
      51474 291.713804  -43.32898  -55.54524     -0.539    1481.75    345.000    341.969     5.5956     5.6002     0.0046     5.5671     5.5717     0.0046   3.344305   3.344688   0.000321    34.1879    34.1869     6.0756    26.9645    26.9631    34.1915    26.9673    1477.77    1477.78     5.5670  1028.5552    34.3539 0.0000e+00
      51524 291.713829  -43.32897  -55.54524     -0.455    1481.75    344.000    340.974     5.6844     5.7094     0.0250     5.6557     5.6806     0.0249   3.352782   3.355608   0.002619    34.1934    34.1978     6.0662    26.9580    26.9584    34.1982    26.9619    1478.11    1478.22     5.6556  1028.5444    34.3607 0.0000e+00
      51555 291.713844  -43.32898  -55.54524     -0.701    1481.75    343.000    339.986     5.6550     5.6740     0.0190     5.6265     5.6454     0.0189   3.349688   3.351854   0.002397    34.1918    34.1997     6.0573    26.9603    26.9643    34.1934    26.9616    1477.97    1478.06     5.6264  1028.5399    34.3558 0.0000e+00
      51582 291.713857  -43.32898  -55.54524     -0.871    1481.75    342.000    338.996     5.7282     5.7394     0.0112     5.6995     5.7107     0.0112   3.358281   3.358545   0.000265    34.2088    34.2004     6.0143    26.9648    26.9568    34.2172    26.9715    1478.28    1478.32     5.6995  1028.5445    34.3797 0.0000e+00
      51611 291.713871  -43.32898  -55.54524     -0.850    1481.75    341.000    338.005     5.7757     5.7650    -0.0107     5.7471     5.7364    -0.0107   3.361879   3.360971  -0.000837    34.2041    34.2055     6.0097    26.9553    26.9577    34.2103    26.9602    1478.45    1478.40     5.7470  1028.5282    34.3728 0.0000e+00
      51650 291.713890  -43.32898  -55.54524     -0.635    1481.75    340.000    337.015     5.7790     5.7768    -0.0021     5.7504     5.7483    -0.0021   3.362108   3.361614  -0.000431    34.2076    34.2049     5.9902    26.9577    26.9558    34.2101    26.9596    1478.44    1478.43     5.7503  1028.5231    34.3726 0.0000e+00
      51688 291.713908  -43.32898  -55.54525     -0.615    1481.75    339.000    336.024     5.7621     5.7630     0.0009     5.7337     5.7346     0.0009   3.360240   3.360088  -0.000231    34.2049    34.2014     5.9531    26.9576    26.9547    34.2066    26.9589    1478.35    1478.36     5.7336  1028.5179    34.3690 0.0000e+00
      51721 291.713924  -43.32899  -55.54526     -0.722    1481.75    338.000    335.034     5.7577     5.7586     0.0009     5.7294     5.7302     0.0009   3.359474   3.359483   0.000026    34.2014    34.2009     5.9572    26.9554    26.9548    34.2028    26.9565    1478.32    1478.32     5.7293  1028.5109    34.3653 0.0000e+00
      51755 291.713940  -43.32900  -55.54526     -0.721    1481.75    337.000    334.043     5.7530     5.7541     0.0011     5.7247     5.7258     0.0011   3.358882   3.358872  -0.000004    34.2003    34.1991     5.9883    26.9550    26.9540    34.2014    26.9559    1478.28    1478.28     5.7247  1028.5058    34.3638 0.0000e+00
      51791 291.713958  -43.32900  -55.54526     -0.662    1481.75    336.000    333.053     5.7526     5.7542     0.0016     5.7245     5.7260     0.0016   3.358724   3.358801   0.000073    34.1995    34.1987     6.0021    26.9544    26.9536    34.2005    26.9552    1478.26    1478.27     5.7244  1028.5006    34.3629 0.0000e+00
