Pos-Processados/process_op42/Processamento_split/up/uoperantar42_003.cnv
* Sea-Bird SBE 9 Data File:
* FileName = C:\Users\Hidrografia\Desktop\OPXLII\Brutos\OP42003.hdr
* Software Version Seasave V 7.26.7.107
* Temperature SN = 6502
* Conductivity SN = 4998
* Number of Bytes Per Scan = 37
* Number of Voltage Words = 4
* Number of Scans Averaged by the Deck Unit = 1
* NMEA Latitude = 38 28.81 S
* NMEA Longitude = 052 09.38 W
* NMEA UTC (Time) = Oct 16 2023 14:11:02
* NMEA baud rate = 4800
** H41
** NPOALTEMAXIMIANO
** NUMERO DA ESTACAO (XXX) 003
** LAT (XX XX.XX S/N) 38 28,767 S
** LONG (XXX XX.XX W/E) 052 09,375 W
** DATAHORA (dd/mm/aaaa hh:mm Z) 16/10/2023 1410 Z
** PROFUNDIDADE (m) 4597
** OPERADOR CHEOPE
# nquan = 30
# nvalues = 1011                        
# units = specified
# name 0 = scan: Scan Count
# name 1 = timeJ: Julian Days
# name 2 = latitude: Latitude [deg]
# name 3 = longitude: Longitude [deg]
# name 4 = dz/dtM: Descent Rate [m/s]
# name 5 = avgsvCM: Average Sound Velocity [Chen-Millero, m/s]
# name 6 = prDM: Pressure, Digiquartz [db]
# name 7 = depSM: Depth [salt water, m]
# name 8 = t090C: Temperature [ITS-90, deg C]
# name 9 = t190C: Temperature, 2 [ITS-90, deg C]
# name 10 = T2-T190C: Temperature Difference, 2 - 1 [ITS-90, deg C]
# name 11 = potemp090C: Potential Temperature [ITS-90, deg C]
# name 12 = potemp190C: Potential Temperature, 2 [ITS-90, deg C]
# name 13 = potemp90Cdiff: Potential Temperature, Diff, 2 - 1 [ITS-90, deg C]
# name 14 = c0S/m: Conductivity [S/m]
# name 15 = c1S/m: Conductivity, 2 [S/m]
# name 16 = C2-C1S/m: Conductivity Difference, 2 - 1 [S/m]
# name 17 = sal00: Salinity, Practical [PSU]
# name 18 = sal11: Salinity, Practical, 2 [PSU]
# name 19 = sbeox0ML/L: Oxygen, SBE 43 [ml/l]
# name 20 = sigma-é00: Density [sigma-theta, kg/m^3]
# name 21 = sigma-é11: Density, 2 [sigma-theta, kg/m^3]
# name 22 = sal00: Salinity, Practical [PSU]
# name 23 = sigma-é00: Density [sigma-theta, kg/m^3]
# name 24 = svCM: Sound Velocity [Chen-Millero, m/s]
# name 25 = svCM1: Sound Velocity, 2 [Chen-Millero, m/s]
# name 26 = gsw_ptA0: potential temperature [ITS-90, deg C]
# name 27 = gsw_densityA0: density, TEOS-10 [density, kg/m^3]
# name 28 = gsw_saA0: Absolute Salinity [g/kg]
# name 29 = flag:
# span 0 =      33929,      71521       
# span 1 = 289.607357, 289.625486       
# span 2 =  -38.50253,  -38.49062       
# span 3 =  -52.15740,  -52.15710       
# span 4 =     -1.689,     -0.120       
# span 5 =    1503.29,    1503.29       
# span 6 =      1.000,   1011.000       
# span 7 =      1.017,   1000.961       
# span 8 =     4.3336,    18.7030       
# span 9 =     4.3347,    18.7037       
# span 10 =    -0.0442,     0.1234      
# span 11 =     4.2550,    18.7020      
# span 12 =     4.2561,    18.7036      
# span 13 =    -0.0441,     0.1229      
# span 14 =   3.266233,   4.809770      
# span 15 =   3.266362,   4.809920      
# span 16 =  -0.008748,   0.011435      
# span 17 =    34.2385,    36.2844      
# span 18 =    34.2381,    36.2855      
# span 19 =     4.4407,     5.2398      
# span 20 =    25.9351,    27.1787      
# span 21 =    25.8771,    27.1784      
# span 22 =    34.2381,    36.2855      
# span 23 =    25.9460,    27.1792      
# span 24 =    1483.26,    1520.88      
# span 25 =    1483.25,    1520.89      
# span 26 =     4.2548,    18.7020      
# span 27 =  1025.9544,  1031.8270      
# span 28 =    34.4001,    36.4569      
# span 29 = 0.0000e+00, 0.0000e+00      
# interval = decibars: 1                
# start_time = Oct 16 2023 14:11:02 [NMEA time, header]
# bad_flag = -9.990e-29
*END*
[from data line 677]
      54684 289.617367  -38.49707  -52.15738     -1.111    1503.29    334.000    331.223    16.1587    16.1591     0.0004    16.1049    16.1053     0.0004   4.518940   4.519270   0.000368    35.8676    35.8705     5.0934    26.3911    26.3932    35.8717    26.3942    1516.83    1516.83    16.1049  1027.8558    36.0413 0.0000e+00
      54744 289.617395  -38.49708  -52.15737     -0.272    1503.29    333.000    330.218    16.1976    16.1981     0.0006    16.1439    16.1444     0.0006   4.523881   4.524108   0.000181    35.8797    35.8808     5.1054    26.3913    26.3920    35.8810    26.3923    1516.94    1516.94    16.1439  1027.8494    36.0507 0.0000e+00
      54775 289.617410  -38.49711  -52.15736     -0.665    1503.29    332.000    329.237    16.1831    16.1882     0.0051    16.1296    16.1347     0.0051   4.522196   4.522875   0.000746    35.8773    35.8793     5.1052    26.3928    26.3932    35.8794    26.3944    1516.87    1516.89    16.1297  1027.8472    36.0491 0.0000e+00
      54801 289.617423  -38.49712  -52.15737     -0.895    1503.29    331.000    328.246    16.1887    16.1879    -0.0007    16.1354    16.1346    -0.0007   4.522821   4.522781   0.000021    35.8787    35.8795     5.1165    26.3925    26.3934    35.8803    26.3938    1516.88    1516.88    16.1354  1027.8422    36.0500 0.0000e+00
      54844 289.617443  -38.49713  -52.15738     -0.608    1503.29    330.000    327.256    16.2017    16.1996    -0.0021    16.1485    16.1464    -0.0020   4.524528   4.524331  -0.000218    35.8823    35.8822     5.1139    26.3923    26.3926    35.8842    26.3938    1516.91    1516.90    16.1485  1027.8377    36.0539 0.0000e+00
      54893 289.617467  -38.49714 -9.990e-29     -0.483    1503.29    329.000    326.258    16.2055    16.2064     0.0009    16.1524    16.1533     0.0009   4.524950   4.525101   0.000151    35.8839    35.8844     5.1135    26.3925    26.3928    35.8849    26.3934    1516.90    1516.91    16.1524  1027.8329    36.0546 0.0000e+00
      54925 289.617483  -38.49715 -9.990e-29     -0.706    1503.29    328.000    325.273    16.2066    16.2082     0.0016    16.1537    16.1553     0.0016   4.525049   4.525343   0.000306    35.8841    35.8854     5.1158    26.3925    26.3930    35.8852    26.3933    1516.89    1516.89    16.1537  1027.8285    36.0548 0.0000e+00
      54957 289.617498  -38.49716  -52.15736     -0.753    1503.29    327.000    324.282    16.2117    16.2123     0.0007    16.1589    16.1596     0.0007   4.525710   4.525870   0.000165    35.8856    35.8865     5.1223    26.3924    26.3929    35.8869    26.3934    1516.89    1516.89    16.1589  1027.8242    36.0566 0.0000e+00
      54995 289.617517  -38.49717  -52.15738     -0.654    1503.29    326.000    323.291    16.2199    16.2204     0.0004    16.1673    16.1677     0.0004   4.526846   4.526931   0.000086    35.8883    35.8887     5.1146    26.3925    26.3927    35.8900    26.3938    1516.90    1516.90    16.1673  1027.8202    36.0597 0.0000e+00
      55036 289.617536  -38.49719  -52.15738     -0.577    1503.29    325.000    322.300    16.2354    16.2357     0.0003    16.1829    16.1832     0.0003   4.528780   4.528856   0.000073    35.8919    35.8923     5.1199    26.3917    26.3919    35.8936    26.3930    1516.94    1516.94    16.1829  1027.8150    36.0633 0.0000e+00
      55068 289.617552  -38.49720  -52.15738     -0.697    1503.29    324.000    321.309    16.2412    16.2392    -0.0020    16.1888    16.1869    -0.0019   4.529230   4.529203  -0.000042    35.8925    35.8938     5.1201    26.3907    26.3922    35.8928    26.3910    1516.94    1516.93    16.1889  1027.8086    36.0625 0.0000e+00
      55091 289.617563  -38.49721  -52.15738     -0.911    1503.29    323.000    320.318    16.2383    16.2395     0.0012    16.1862    16.1874     0.0012   4.529142   4.529301   0.000160    35.8933    35.8936     5.1199    26.3920    26.3920    35.8950    26.3933    1516.91    1516.92    16.1862  1027.8066    36.0647 0.0000e+00
      55113 289.617573  -38.49722  -52.15738     -1.073    1503.29    322.000    319.327    16.2448    16.2500     0.0052    16.1928    16.1980     0.0052   4.529832   4.530638   0.000674    35.8947    35.8960     5.1322    26.3915    26.3913    35.8957    26.3923    1516.92    1516.94    16.1928  1027.8012    36.0654 0.0000e+00
      55135 289.617584  -38.49722  -52.15738     -1.115    1503.29    321.000    318.336    16.2547    16.2613     0.0066    16.2028    16.2094     0.0066   4.531237   4.532035   0.000900    35.8971    35.8992     5.1299    26.3911    26.3911    35.8997    26.3931    1516.94    1516.96    16.2028  1027.7975    36.0694 0.0000e+00
      55161 289.617597  -38.49723  -52.15738     -0.997    1503.29    320.000    317.346    16.2709    16.2718     0.0009    16.2192    16.2201     0.0009   4.533158   4.533400   0.000247    35.9005    35.9018     5.1302    26.3899    26.3907    35.9025    26.3914    1516.97    1516.98    16.2192  1027.7914    36.0723 0.0000e+00
      55202 289.617616  -38.49724  -52.15739     -0.625    1503.29    319.000    316.355    16.2759    16.2768     0.0009    16.2243    16.2252     0.0009   4.533751   4.533907   0.000162    35.9026    35.9031     5.1290    26.3903    26.3905    35.9037    26.3912    1516.97    1516.98    16.2243  1027.7868    36.0735 0.0000e+00
      55243 289.617636  -38.49725  -52.15738     -0.531    1503.29    318.000    315.364    16.2783    16.2793     0.0010    16.2268    16.2279     0.0010   4.534019   4.534284   0.000228    35.9034    35.9045     5.1217    26.3903    26.3909    35.9043    26.3910    1516.96    1516.97    16.2269  1027.7823    36.0741 0.0000e+00
      55265 289.617647  -38.49726  -52.15738     -0.857    1503.29    317.000    314.373    16.2787    16.2858     0.0072    16.2274    16.2345     0.0072   4.534210   4.535095   0.000866    35.9044    35.9056     5.1184    26.3910    26.3902    35.9061    26.3923    1516.95    1516.97    16.2274  1027.7792    36.0758 0.0000e+00
      55285 289.617656  -38.49727  -52.15738     -1.122    1503.29    316.000    313.382    16.2878    16.2945     0.0067    16.2366    16.2433     0.0067   4.535343   4.536148   0.000819    35.9069    35.9081     5.1203    26.3907    26.3901    35.9083    26.3918    1516.97    1516.99    16.2367  1027.7743    36.0781 0.0000e+00
      55307 289.617667  -38.49728  -52.15738     -1.162    1503.29    315.000    312.391    16.2910    16.2938     0.0029    16.2400    16.2429     0.0029   4.535652   4.536023   0.000404    35.9072    35.9083     5.1400    26.3902    26.3903    35.9086    26.3912    1516.96    1516.97    16.2400  1027.7694    36.0783 0.0000e+00
      55349 289.617687  -38.49729  -52.15738     -0.616    1503.29    314.000    311.400    16.3064    16.3070     0.0006    16.2555    16.2561     0.0006   4.537621   4.537754   0.000127    35.9110    35.9116     5.1431    26.3895    26.3898    35.9126    26.3907    1516.99    1516.99    16.2555  1027.7644    36.0824 0.0000e+00
      55388 289.617706  -38.49730  -52.15738     -0.578    1503.29    313.000    310.409    16.3072    16.3076     0.0004    16.2565    16.2570     0.0004   4.537599   4.537730   0.000114    35.9114    35.9121     5.1410    26.3896    26.3900    35.9120    26.3900    1516.98    1516.98    16.2566  1027.7594    36.0818 0.0000e+00
      55414 289.617718  -38.49732  -52.15738     -0.844    1503.29    312.000    309.418    16.3066    16.3088     0.0022    16.2561    16.2583     0.0022   4.537544   4.537888   0.000361    35.9116    35.9129     5.1380    26.3899    26.3903    35.9125    26.3905    1516.96    1516.97    16.2561  1027.7555    36.0822 0.0000e+00
      55439 289.617731  -38.49732  -52.15738     -0.954    1503.29    311.000    308.427    16.3084    16.3093     0.0009    16.2580    16.2589     0.0009   4.537771   4.537932   0.000169    35.9124    35.9131     5.1319    26.3900    26.3904    35.9133    26.3906    1516.95    1516.95    16.2581  1027.7513    36.0830 0.0000e+00
      55467 289.617744  -38.49734  -52.15738     -0.891    1503.29    310.000    307.436    16.3122    16.3126     0.0004    16.2620    16.2624     0.0004   4.538214   4.538319   0.000106    35.9134    35.9140     5.1372    26.3898    26.3902    35.9142    26.3904    1516.95    1516.95    16.2620  1027.7467    36.0840 0.0000e+00
      55494 289.617757  -38.49734  -52.15738     -0.870    1503.29    309.000    306.445    16.3139    16.3138    -0.0000    16.2638    16.2638    -0.0000   4.538372   4.538431   0.000062    35.9139    35.9144     5.1375    26.3898    26.3902    35.9145    26.3902    1516.94    1516.93    16.2638  1027.7422    36.0843 0.0000e+00
      55527 289.617773  -38.49735  -52.15738     -0.789    1503.29    308.000    305.454    16.3246    16.3217    -0.0029    16.2747    16.2718    -0.0029   4.539790   4.539492  -0.000281    35.9161    35.9162     5.1329    26.3889    26.3897    35.9177    26.3902    1516.95    1516.95    16.2748  1027.7377    36.0875 0.0000e+00
      55572 289.617795  -38.49736  -52.15738     -0.490    1503.29    307.000    304.463    16.3378    16.3388     0.0010    16.2880    16.2890     0.0010   4.541344   4.541520   0.000172    35.9194    35.9200     5.1255    26.3884    26.3887    35.9201    26.3889    1516.98    1516.99    16.2880  1027.7320    36.0899 0.0000e+00
      55601 289.617808  -38.49737  -52.15738     -0.731    1503.29    306.000    303.472    16.3321    16.3340     0.0020    16.2825    16.2844     0.0020   4.540595   4.540949   0.000323    35.9183    35.9194     5.1470    26.3888    26.3892    35.9190    26.3894    1516.95    1516.95    16.2825  1027.7282    36.0888 0.0000e+00
      55624 289.617820  -38.49738  -52.15738     -0.964    1503.29    305.000    302.481    16.3356    16.3392     0.0036    16.2862    16.2898     0.0036   4.541089   4.541540   0.000465    35.9198    35.9206     5.1539    26.3891    26.3889    35.9206    26.3897    1516.94    1516.95    16.2862  1027.7241    36.0904 0.0000e+00
      55650 289.617832  -38.49738  -52.15738     -0.988    1503.29    304.000    301.490    16.3398    16.3391    -0.0007    16.2905    16.2898    -0.0007   4.541525   4.541519   0.000010    35.9202    35.9209     5.1413    26.3884    26.3891    35.9210    26.3891    1516.94    1516.94    16.2906  1027.7190    36.0908 0.0000e+00
      55689 289.617851 -9.990e-29  -52.15738     -0.632    1503.29    303.000    300.499    16.3424    16.3432     0.0008    16.2932    16.2940     0.0008   4.541726   4.541926   0.000184    35.9205    35.9215     5.1406    26.3881    26.3886    35.9209    26.3884    1516.93    1516.93    16.2932  1027.7140    36.0907 0.0000e+00
      55722 289.617867 -9.990e-29  -52.15738     -0.665    1503.29    302.000    299.508    16.3407    16.3418     0.0011    16.2917    16.2928     0.0011   4.541496   4.541698   0.000202    35.9204    35.9212     5.1340    26.3883    26.3887    35.9208    26.3886    1516.91    1516.91    16.2917  1027.7099    36.0906 0.0000e+00
      55745 289.617878  -38.49742  -52.15738     -0.924    1503.29    301.000    298.517    16.3404    16.3413     0.0009    16.2916    16.2925     0.0009   4.541396   4.541594   0.000198    35.9203    35.9212     5.1316    26.3882    26.3887    35.9205    26.3884    1516.89    1516.89    16.2917  1027.7054    36.0903 0.0000e+00
      55767 289.617889  -38.49742  -52.15738     -1.061    1503.29    300.000    297.526    16.3403    16.3412     0.0009    16.2917    16.2926     0.0009   4.541337   4.541553   0.000216    35.9202    35.9213     5.1367    26.3882    26.3888    35.9205    26.3884    1516.87    1516.88    16.2917  1027.7010    36.0903 0.0000e+00
      55800 289.617904  -38.49744  -52.15738     -0.839    1503.29    299.000    296.535    16.3401    16.3412     0.0011    16.2917    16.2928     0.0011   4.541188   4.541421   0.000235    35.9196    35.9208     5.1319    26.3877    26.3883    35.9197    26.3878    1516.85    1516.86    16.2917  1027.6961    36.0895 0.0000e+00
      55833 289.617921  -38.49745  -52.15738     -0.680    1503.29    298.000    295.544    16.3377    16.3393     0.0016    16.2894    16.2910     0.0016   4.540767   4.541070   0.000286    35.9186    35.9197     5.1327    26.3874    26.3880    35.9186    26.3874    1516.83    1516.84    16.2894  1027.6914    36.0884 0.0000e+00
      55858 289.617932  -38.49746  -52.15738     -0.865    1503.29    297.000    294.552    16.3365    16.3372     0.0007    16.2883    16.2890     0.0007   4.540565   4.540713   0.000172    35.9183    35.9192     5.1306    26.3875    26.3881    35.9183    26.3875    1516.81    1516.81    16.2884  1027.6871    36.0881 0.0000e+00
      55879 289.617943  -38.49746  -52.15738     -1.041    1503.29    296.000    293.561    16.3361    16.3362     0.0001    16.2881    16.2882     0.0001   4.540489   4.540555   0.000069    35.9183    35.9189     5.1344    26.3876    26.3879    35.9184    26.3875    1516.79    1516.79    16.2882  1027.6828    36.0881 0.0000e+00
      55901 289.617953  -38.49746  -52.15738     -1.127    1503.29    295.000    292.571    16.3352    16.3357     0.0005    16.2874    16.2879     0.0005   4.540319   4.540442   0.000124    35.9181    35.9187     5.1306    26.3875    26.3879    35.9181    26.3875    1516.77    1516.77    16.2874  1027.6784    36.0879 0.0000e+00
      55932 289.617968  -38.49748  -52.15738     -0.891    1503.29    294.000    291.582    16.3321    16.3330     0.0009    16.2845    16.2854     0.0009   4.539733   4.539929   0.000194    35.9164    35.9173     5.1291    26.3869    26.3874    35.9160    26.3866    1516.74    1516.75    16.2845  1027.6732    36.0858 0.0000e+00
      55984 289.617993  -38.49749  -52.15738     -0.390    1503.29    293.000    290.588    16.3294    16.3307     0.0012    16.2820    16.2832     0.0012   4.539310   4.539541   0.000229    35.9152    35.9161     5.1294    26.3865    26.3869    35.9151    26.3865    1516.72    1516.72    16.2820  1027.6687    36.0848 0.0000e+00
      56012 289.618007  -38.49750  -52.15738     -0.679    1503.29    292.000    289.597    16.3301    16.3309     0.0007    16.2828    16.2836     0.0007   4.539389   4.539545   0.000162    35.9156    35.9164     5.1203    26.3867    26.3871    35.9155    26.3866    1516.70    1516.71    16.2828  1027.6645    36.0853 0.0000e+00
      56031 289.618016  -38.49750  -52.15738     -1.031    1503.29    291.000    288.606    16.3297    16.3309     0.0012    16.2825    16.2837     0.0011   4.539286   4.539534   0.000230    35.9155    35.9165     5.1145    26.3867    26.3872    35.9154    26.3866    1516.69    1516.69    16.2826  1027.6602    36.0852 0.0000e+00
      56050 289.618025  -38.49751  -52.15738     -1.237    1503.29    290.000    287.615    16.3299    16.3327     0.0028    16.2829    16.2858     0.0028   4.539272   4.539712   0.000419    35.9156    35.9167     5.1248    26.3866    26.3869    35.9155    26.3866    1516.67    1516.68    16.2829  1027.6558    36.0853 0.0000e+00
      56073 289.618036  -38.49752  -52.15739     -1.186    1503.29    289.000    286.624    16.3326    16.3333     0.0008    16.2857    16.2865     0.0008   4.539595   4.539745   0.000196    35.9159    35.9169     5.1254    26.3862    26.3868    35.9164    26.3866    1516.66    1516.66    16.2858  1027.6515    36.0861 0.0000e+00
      56100 289.618049  -38.49753  -52.15739     -0.936    1503.29    288.000    285.633    16.3400    16.3398    -0.0002    16.2933    16.2931    -0.0002   4.540497   4.540532   0.000042    35.9174    35.9180     5.1251    26.3857    26.3861    35.9181    26.3862    1516.67    1516.67    16.2933  1027.6466    36.0879 0.0000e+00
      56132 289.618065  -38.49754  -52.15738     -0.789    1503.29    287.000    284.642    16.3473    16.3478     0.0005    16.3008    16.3013     0.0005   4.541385   4.541549   0.000165    35.9189    35.9199     5.1216    26.3851    26.3857    35.9197    26.3857    1516.68    1516.68    16.3008  1027.6417    36.0895 0.0000e+00
