Pos-Processados/process_op42/Processamento_split/up/uoperantar42_038.cnv
* Sea-Bird SBE 9 Data File:
* FileName = C:\Users\Hidrografia\Desktop\OPXLII\Brutos\OP42038.hdr
* Software Version Seasave V 7.26.7.107
* Temperature SN = 6502
* Conductivity SN = 4998
* Number of Bytes Per Scan = 37
* Number of Voltage Words = 4
* Number of Scans Averaged by the Deck Unit = 1
* NMEA Latitude = 62 08.57 S
* NMEA Longitude = 058 26.33 W
* NMEA UTC (Time) = Nov 09 2023 13:11:55
* NMEA baud rate = 4800
** H41
** NPOALTEMAXIMIANO
** NUMERO DA ESTACAO (XXX) 038
** LAT (XX XX.XX S/N) 62 08.14 S
** LONG (XXX XX.XX W/E) 058 26.57 W
** DATAHORA (dd/mm/aaaa hh:mm Z) 09/11/2023 1305Z
** PROFUNDIDADE (m) 400
** OPERADOR 1T ZAMITH
# nquan = 30
# nvalues = 345                         
# units = specified
# name 0 = scan: Scan Count
# name 1 = timeJ: Julian Days
# name 2 = latitude: Latitude [deg]
# name 3 = longitude: Longitude [deg]
# name 4 = dz/dtM: Descent Rate [m/s]
# name 5 = avgsvCM: Average Sound Velocity [Chen-Millero, m/s]
# name 6 = prDM: Pressure, Digiquartz [db]
# name 7 = depSM: Depth [salt water, m]
# name 8 = t090C: Temperature [ITS-90, deg C]
# name 9 = t190C: Temperature, 2 [ITS-90, deg C]
# name 10 = T2-T190C: Temperature Difference, 2 - 1 [ITS-90, deg C]
# name 11 = potemp090C: Potential Temperature [ITS-90, deg C]
# name 12 = potemp190C: Potential Temperature, 2 [ITS-90, deg C]
# name 13 = potemp90Cdiff: Potential Temperature, Diff, 2 - 1 [ITS-90, deg C]
# name 14 = c0S/m: Conductivity [S/m]
# name 15 = c1S/m: Conductivity, 2 [S/m]
# name 16 = C2-C1S/m: Conductivity Difference, 2 - 1 [S/m]
# name 17 = sal00: Salinity, Practical [PSU]
# name 18 = sal11: Salinity, Practical, 2 [PSU]
# name 19 = sbeox0ML/L: Oxygen, SBE 43 [ml/l]
# name 20 = sigma-é00: Density [sigma-theta, kg/m^3]
# name 21 = sigma-é11: Density, 2 [sigma-theta, kg/m^3]
# name 22 = sal00: Salinity, Practical [PSU]
# name 23 = sigma-é00: Density [sigma-theta, kg/m^3]
# name 24 = svCM: Sound Velocity [Chen-Millero, m/s]
# name 25 = svCM1: Sound Velocity, 2 [Chen-Millero, m/s]
# name 26 = gsw_ptA0: potential temperature [ITS-90, deg C]
# name 27 = gsw_densityA0: density, TEOS-10 [density, kg/m^3]
# name 28 = gsw_saA0: Absolute Salinity [g/kg]
# name 29 = flag:
# span 0 =      13262,      22359       
# span 1 = 313.556337, 313.560724       
# span 2 =  -62.14691,  -62.14527       
# span 3 =  -58.43562,  -58.43374       
# span 4 =     -1.323,     -0.304       
# span 5 =    1448.17,    1448.17       
# span 6 =      4.000,    348.000       
# span 7 =      3.970,    344.359       
# span 8 =    -0.8266,    -0.5173       
# span 9 =    -0.8258,    -0.5183       
# span 10 =    -0.0095,     0.0072      
# span 11 =    -0.8317,    -0.5289      
# span 12 =    -0.8308,    -0.5298      
# span 13 =    -0.0095,     0.0071      
# span 14 =   2.789942,   2.830524      
# span 15 =   2.789907,   2.830322      
# span 16 =  -0.000880,   0.000633      
# span 17 =    34.2804,    34.4003      
# span 18 =    34.2786,    34.3991      
# span 19 =     6.6977,     7.6501      
# span 20 =    27.5523,    27.6478      
# span 21 =    27.5513,    27.6469      
# span 22 =    34.2809,    34.4005      
# span 23 =    27.5524,    27.6481      
# span 24 =    1445.68,    1451.57      
# span 25 =    1445.68,    1451.58      
# span 26 =    -0.8315,    -0.5286      
# span 27 =  1027.5749,  1029.3121      
# span 28 =    34.4433,    34.5686      
# span 29 = 0.0000e+00, 0.0000e+00      
# interval = decibars: 1                
# start_time = Nov 09 2023 13:11:55 [NMEA time, header]
# bad_flag = -9.990e-29
*END*
[from data line 49]
      14485 313.556927  -62.14548  -58.43536     -1.301    1448.17    299.000    295.917    -0.5970    -0.5963     0.0006    -0.6066    -0.6060     0.0006   2.819856   2.819799  -0.000034    34.3741    34.3729     6.9099    27.6300    27.6290    34.3751    27.6308    1450.40    1450.40    -0.6065  1029.0632    34.5430 0.0000e+00
      14505 313.556937  -62.14548  -58.43534     -1.225    1448.17    298.000    294.928    -0.5928    -0.5946    -0.0018    -0.6024    -0.6042    -0.0018   2.820182   2.819920  -0.000260    34.3746    34.3731     6.9175    27.6302    27.6291    34.3753    27.6308    1450.40    1450.39    -0.6022  1029.0585    34.5433 0.0000e+00
      14528 313.556948  -62.14548  -58.43534     -1.113    1448.17    297.000    293.940    -0.5925    -0.5924     0.0001    -0.6021    -0.6020     0.0001   2.820141   2.820056  -0.000091    34.3746    34.3732     6.9157    27.6302    27.6291    34.3751    27.6306    1450.39    1450.39    -0.6019  1029.0535    34.5430 0.0000e+00
      14552 313.556959  -62.14550  -58.43534     -1.029    1448.17    296.000    292.950    -0.5920    -0.5920     0.0001    -0.6016    -0.6015     0.0001   2.820114   2.820052  -0.000064    34.3743    34.3734     6.9041    27.6300    27.6292    34.3748    27.6303    1450.37    1450.37    -0.6014  1029.0485    34.5427 0.0000e+00
      14574 313.556970  -62.14550  -58.43534     -1.054    1448.17    295.000    291.961    -0.5922    -0.5915     0.0006    -0.6017    -0.6010     0.0006   2.820081   2.820045  -0.000038    34.3747    34.3734     6.9053    27.6303    27.6292    34.3751    27.6306    1450.36    1450.36    -0.6015  1029.0440    34.5430 0.0000e+00
      14594 313.556980  -62.14550  -58.43532     -1.136    1448.17    294.000    290.972    -0.5920    -0.5911     0.0009    -0.6015    -0.6006     0.0009   2.820067   2.820060  -0.000010    34.3750    34.3738     6.8958    27.6305    27.6295    34.3753    27.6308    1450.34    1450.35    -0.6013  1029.0394    34.5433 0.0000e+00
      14613 313.556989  -62.14550  -58.43532     -1.197    1448.17    293.000    289.983    -0.5923    -0.5918     0.0004    -0.6017    -0.6013     0.0004   2.820016   2.819956  -0.000049    34.3752    34.3740     6.8985    27.6307    27.6297    34.3755    27.6310    1450.33    1450.33    -0.6015  1029.0348    34.5435 0.0000e+00
      14633 313.556998  -62.14551  -58.43532     -1.222    1448.17    292.000    288.994    -0.5914    -0.5916    -0.0002    -0.6008    -0.6010    -0.0002   2.820114   2.819948  -0.000163    34.3760    34.3741     6.9041    27.6314    27.6297    34.3765    27.6317    1450.32    1450.31    -0.6006  1029.0308    34.5444 0.0000e+00
      14653 313.557008  -62.14552  -58.43532     -1.215    1448.17    291.000    288.005    -0.5909    -0.5909    -0.0001    -0.6003    -0.6003    -0.0001   2.820137   2.819986  -0.000158    34.3766    34.3745     6.8924    27.6317    27.6301    34.3768    27.6320    1450.30    1450.30    -0.6001  1029.0263    34.5448 0.0000e+00
      14674 313.557018  -62.14552  -58.43532     -1.177    1448.17    290.000    287.016    -0.5916    -0.5904     0.0011    -0.6009    -0.5998     0.0011   2.820011   2.820021   0.000004    34.3764    34.3751     6.8959    27.6316    27.6306    34.3765    27.6317    1450.28    1450.28    -0.6008  1029.0213    34.5445 0.0000e+00
      14696 313.557029  -62.14552  -58.43530     -1.130    1448.17    289.000    286.027    -0.5920    -0.5908     0.0012    -0.6014    -0.6001     0.0012   2.819917   2.819943   0.000026    34.3763    34.3753     6.8942    27.6315    27.6307    34.3764    27.6316    1450.26    1450.27    -0.6011  1029.0165    34.5443 0.0000e+00
      14717 313.557039  -62.14552  -58.43530     -1.110    1448.17    288.000    285.038    -0.5918    -0.5912     0.0007    -0.6011    -0.6005     0.0007   2.819885   2.819873  -0.000014    34.3762    34.3753     6.8904    27.6315    27.6307    34.3764    27.6316    1450.25    1450.25    -0.6009  1029.0116    34.5443 0.0000e+00
      14738 313.557049  -62.14552  -58.43530     -1.125    1448.17    287.000    284.049    -0.5925    -0.5913     0.0012    -0.6017    -0.6006     0.0012   2.819742   2.819803   0.000029    34.3762    34.3752     6.9027    27.6314    27.6307    34.3758    27.6312    1450.23    1450.23    -0.6016  1029.0044    34.5412 0.0000e+00
      14759 313.557059 -9.990e-29  -58.43530     -1.155    1448.17    286.000    283.060    -0.5986    -0.5923     0.0063    -0.6078    -0.6015     0.0063   2.819100   2.819659   0.000541    34.3752    34.3753     6.8922    27.6310    27.6307    34.3747    27.6305    1450.18    1450.21    -0.6076  1028.9964    34.5367 0.0000e+00
      14779 313.557069 -9.990e-29  -58.43529     -1.167    1448.17    285.000    282.071    -0.6025    -0.5978     0.0046    -0.6116    -0.6070     0.0046   2.818649   2.819054   0.000395    34.3744    34.3745     6.9004    27.6305    27.6303    34.3736    27.6298    1450.15    1450.17    -0.6114  1028.9910    34.5357 0.0000e+00
      14801 313.557079 -9.990e-29  -58.43528     -1.147    1448.17    284.000    281.082    -0.6052    -0.6004     0.0047    -0.6143    -0.6096     0.0047   2.818392   2.818768   0.000382    34.3742    34.3740     6.9011    27.6304    27.6300    34.3738    27.6301    1450.12    1450.14    -0.6141  1028.9866    34.5359 0.0000e+00
      14823 313.557090 -9.990e-29  -58.43528     -1.110    1448.17    283.000    280.093    -0.6075    -0.6022     0.0053    -0.6166    -0.6112     0.0053   2.818115   2.818563   0.000419    34.3741    34.3737     6.8949    27.6304    27.6299    34.3733    27.6298    1450.09    1450.11    -0.6164  1028.9816    34.5354 0.0000e+00
      14845 313.557101  -62.14554  -58.43528     -1.083    1448.17    282.000    279.104    -0.6107    -0.6067     0.0040    -0.6198    -0.6158     0.0040   2.817788   2.818074   0.000303    34.3737    34.3733     6.9011    27.6303    27.6298    34.3732    27.6299    1450.06    1450.07    -0.6195  1028.9818    34.5414 0.0000e+00
      14867 313.557111  -62.14554 -9.990e-29     -1.091    1448.17    281.000    278.115    -0.6109    -0.6087     0.0022    -0.6199    -0.6177     0.0022   2.817705   2.817832   0.000144    34.3733    34.3728     6.8996    27.6300    27.6294    34.3729    27.6296    1450.04    1450.05    -0.6197  1028.9785    34.5432 0.0000e+00
      14887 313.557121  -62.14554 -9.990e-29     -1.132    1448.17    280.000    277.125    -0.6108    -0.6102     0.0007    -0.6198    -0.6191     0.0007   2.817657   2.817631  -0.000012    34.3731    34.3721     6.9152    27.6298    27.6290    34.3728    27.6295    1450.02    1450.02    -0.6196  1028.9737    34.5431 0.0000e+00
      14906 313.557130  -62.14556 -9.990e-29     -1.197    1448.17    279.000    276.136    -0.6099    -0.6096     0.0003    -0.6188    -0.6185     0.0003   2.817678   2.817615  -0.000056    34.3729    34.3717     6.9256    27.6295    27.6286    34.3726    27.6294    1450.01    1450.01    -0.6187  1028.9687    34.5430 0.0000e+00
      14926 313.557140  -62.14556 -9.990e-29     -1.242    1448.17    278.000    275.147    -0.6099    -0.6089     0.0010    -0.6187    -0.6178     0.0010   2.817607   2.817604  -0.000005    34.3725    34.3713     6.9152    27.6293    27.6283    34.3722    27.6290    1449.99    1450.00    -0.6186  1028.9636    34.5425 0.0000e+00
      14945 313.557149  -62.14556  -58.43525     -1.255    1448.17    277.000    274.159    -0.6107    -0.6100     0.0008    -0.6196    -0.6188     0.0008   2.817461   2.817465   0.000010    34.3723    34.3715     6.9233    27.6291    27.6285    34.3718    27.6287    1449.97    1449.98    -0.6194  1028.9571    34.5403 0.0000e+00
      14965 313.557159  -62.14556  -58.43524     -1.230    1448.17    276.000    273.170    -0.6122    -0.6106     0.0016    -0.6210    -0.6194     0.0016   2.817290   2.817363   0.000063    34.3723    34.3713     6.9265    27.6291    27.6283    34.3718    27.6288    1449.95    1449.96    -0.6208  1028.9519    34.5396 0.0000e+00
      14987 313.557169  -62.14556  -58.43524     -1.160    1448.17    275.000    272.181    -0.6140    -0.6126     0.0014    -0.6228    -0.6214     0.0014   2.817095   2.817130   0.000032    34.3722    34.3711     6.9140    27.6292    27.6282    34.3718    27.6289    1449.92    1449.93    -0.6226  1028.9473    34.5396 0.0000e+00
      15013 313.557182  -62.14558  -58.43524     -0.982    1448.17    274.000    271.191    -0.6147    -0.6117     0.0030    -0.6235    -0.6204     0.0030   2.816981   2.817166   0.000190    34.3720    34.3712     6.9328    27.6291    27.6282    34.3717    27.6288    1449.91    1449.92    -0.6233  1028.9425    34.5396 0.0000e+00
      15039 313.557194  -62.14558  -58.43524     -0.916    1448.17    273.000    270.202    -0.6160    -0.6144     0.0016    -0.6247    -0.6231     0.0016   2.816787   2.816874   0.000079    34.3718    34.3710     6.9254    27.6289    27.6282    34.3712    27.6284    1449.88    1449.89    -0.6245  1028.9383    34.5402 0.0000e+00
      15065 313.557207  -62.14558 -9.990e-29     -0.918    1448.17    272.000    269.213    -0.6168    -0.6155     0.0013    -0.6254    -0.6241     0.0013   2.816671   2.816712   0.000052    34.3714    34.3706     6.9330    27.6286    27.6280    34.3711    27.6284    1449.86    1449.87    -0.6253  1028.9345    34.5414 0.0000e+00
      15089 313.557219  -62.14558 -9.990e-29     -0.959    1448.17    271.000    268.223    -0.6171    -0.6157     0.0013    -0.6257    -0.6244     0.0013   2.816595   2.816639   0.000047    34.3713    34.3704     6.9342    27.6286    27.6278    34.3710    27.6284    1449.84    1449.85    -0.6255  1028.9297    34.5413 0.0000e+00
      15113 313.557230  -62.14559 -9.990e-29     -1.012    1448.17    270.000    267.235    -0.6173    -0.6164     0.0009    -0.6259    -0.6250     0.0009   2.816538   2.816522  -0.000013    34.3714    34.3702     6.9346    27.6287    27.6277    34.3711    27.6284    1449.83    1449.83    -0.6257  1028.9250    34.5414 0.0000e+00
      15135 313.557241  -62.14560  -58.43520     -1.045    1448.17    269.000    266.246    -0.6170    -0.6165     0.0005    -0.6256    -0.6251     0.0005   2.816506   2.816468  -0.000032    34.3712    34.3701     6.9501    27.6284    27.6276    34.3710    27.6283    1449.81    1449.81    -0.6254  1028.9195    34.5405 0.0000e+00
      15158 313.557251  -62.14560  -58.43520     -1.068    1448.17    268.000    265.256    -0.6167    -0.6161     0.0006    -0.6252    -0.6247     0.0006   2.816463   2.816439  -0.000023    34.3708    34.3699     6.9436    27.6282    27.6274    34.3706    27.6280    1449.80    1449.80    -0.6250  1028.9131    34.5385 0.0000e+00
      15180 313.557262  -62.14560  -58.43520     -1.077    1448.17    267.000    264.267    -0.6163    -0.6158     0.0005    -0.6248    -0.6244     0.0005   2.816433   2.816404  -0.000027    34.3707    34.3697     6.9468    27.6280    27.6272    34.3705    27.6279    1449.78    1449.78    -0.6246  1028.9082    34.5383 0.0000e+00
      15203 313.557273  -62.14560  -58.43520     -1.065    1448.17    266.000    263.278    -0.6164    -0.6157     0.0007    -0.6249    -0.6241     0.0007   2.816373   2.816365  -0.000009    34.3705    34.3695     6.9459    27.6279    27.6271    34.3703    27.6277    1449.77    1449.77    -0.6247  1028.9033    34.5381 0.0000e+00
      15227 313.557285  -62.14560  -58.43520     -1.026    1448.17    265.000    262.290    -0.6165    -0.6157     0.0008    -0.6249    -0.6242     0.0008   2.816329   2.816306  -0.000017    34.3706    34.3695     6.9448    27.6279    27.6270    34.3705    27.6279    1449.75    1449.75    -0.6247  1028.8987    34.5382 0.0000e+00
      15252 313.557297 -9.990e-29  -58.43518     -0.982    1448.17    264.000    261.300    -0.6164    -0.6157     0.0007    -0.6248    -0.6241     0.0007   2.816277   2.816267  -0.000013    34.3705    34.3694     6.9457    27.6278    27.6270    34.3703    27.6277    1449.73    1449.73    -0.6246  1028.8893    34.5325 0.0000e+00
      15277 313.557309 -9.990e-29  -58.43518     -0.959    1448.17    263.000    260.310    -0.6164    -0.6157     0.0006    -0.6247    -0.6241     0.0006   2.816234   2.816215  -0.000016    34.3703    34.3693     6.9356    27.6277    27.6269    34.3702    27.6277    1449.72    1449.72    -0.6246  1028.8844    34.5323 0.0000e+00
      15300 313.557320 -9.990e-29  -58.43518     -0.982    1448.17    262.000    259.322    -0.6157    -0.6155     0.0002    -0.6240    -0.6238     0.0002   2.816193   2.816169  -0.000020    34.3696    34.3691     6.9466    27.6271    27.6267    34.3695    27.6271    1449.70    1449.70    -0.6238  1028.8790    34.5316 0.0000e+00
      15323 313.557331 -9.990e-29  -58.43516     -1.037    1448.17    261.000    258.333    -0.6154    -0.6150     0.0004    -0.6237    -0.6233     0.0004   2.816143   2.816123  -0.000021    34.3692    34.3685     6.9474    27.6268    27.6262    34.3691    27.6267    1449.69    1449.69    -0.6235  1028.8739    34.5312 0.0000e+00
      15345 313.557342  -62.14564  -58.43516     -1.084    1448.17    260.000    257.343    -0.6150    -0.6146     0.0004    -0.6233    -0.6228     0.0004   2.816092   2.816083  -0.000009    34.3687    34.3681     6.9364    27.6263    27.6259    34.3687    27.6263    1449.67    1449.67    -0.6231  1028.8721    34.5349 0.0000e+00
      15367 313.557353  -62.14564  -58.43516     -1.081    1448.17    259.000    256.354    -0.6149    -0.6143     0.0006    -0.6231    -0.6225     0.0006   2.816007   2.816016   0.000005    34.3682    34.3675     6.9447    27.6259    27.6254    34.3680    27.6258    1449.65    1449.66    -0.6230  1028.8680    34.5358 0.0000e+00
      15391 313.557364  -62.14564  -58.43516     -1.033    1448.17    258.000    255.365    -0.6152    -0.6143     0.0008    -0.6234    -0.6225     0.0008   2.815847   2.815902   0.000053    34.3669    34.3667     6.9535    27.6249    27.6247    34.3668    27.6248    1449.64    1449.64    -0.6232  1028.8623    34.5345 0.0000e+00
      15417 313.557377  -62.14564  -58.43514     -0.954    1448.17    257.000    254.376    -0.6154    -0.6147     0.0008    -0.6236    -0.6228     0.0008   2.815747   2.815760   0.000016    34.3664    34.3657     6.9572    27.6245    27.6239    34.3663    27.6245    1449.62    1449.62    -0.6234  1028.8572    34.5341 0.0000e+00
      15444 313.557389  -62.14564  -58.43514     -0.911    1448.17    256.000    253.386    -0.6154    -0.6147     0.0008    -0.6236    -0.6228     0.0008   2.815689   2.815702   0.000015    34.3662    34.3656     6.9575    27.6244    27.6238    34.3661    27.6243    1449.60    1449.60    -0.6233  1028.8522    34.5338 0.0000e+00
      15468 313.557401  -62.14564  -58.43514     -0.951    1448.17    255.000    252.398    -0.6154    -0.6146     0.0008    -0.6235    -0.6227     0.0008   2.815639   2.815617  -0.000022    34.3661    34.3649     6.9512    27.6243    27.6233    34.3660    27.6242    1449.58    1449.59    -0.6233  1028.8474    34.5337 0.0000e+00
      15489 313.557411  -62.14566  -58.43512     -1.054    1448.17    254.000    251.408    -0.6153    -0.6146     0.0007    -0.6234    -0.6227     0.0007   2.815592   2.815569  -0.000025    34.3660    34.3649     6.9725    27.6242    27.6233    34.3659    27.6241    1449.57    1449.57    -0.6232  1028.8425    34.5336 0.0000e+00
      15511 313.557422  -62.14566  -58.43512     -1.119    1448.17    253.000    250.419    -0.6161    -0.6150     0.0010    -0.6241    -0.6230     0.0010   2.815451   2.815474   0.000018    34.3656    34.3647     6.9709    27.6239    27.6231    34.3655    27.6238    1449.55    1449.55    -0.6239  1028.8375    34.5332 0.0000e+00
