Pos-Processados/process_op42/Processamento_split/up/uoperantar42_022.cnv
* Sea-Bird SBE 9 Data File:
* FileName = C:\Users\Hidrografia\Desktop\OPXLII\Brutos\OP42022.hdr
* Software Version Seasave V 7.26.7.107
* Temperature SN = 6502
* Conductivity SN = 4998
* Number of Bytes Per Scan = 37
* Number of Voltage Words = 4
* Number of Scans Averaged by the Deck Unit = 1
* NMEA Latitude = 62 18.70 S
* NMEA Longitude = 058 31.66 W
* NMEA UTC (Time) = Nov 07 2023 22:53:42
* NMEA baud rate = 4800
** H41
** NPOALTEMAXIMIANO
** NUMERO DA ESTACAO (XXX) 022
** LAT (XX XX.XX S/N) 62 18.60 S
** LONG (XXX XX.XX W/E) 058 32.03 W
** DATAHORA (dd/mm/aaaa hh:mm Z) 07/11/2023 2251Z
** PROFUNDIDADE (m) 434
** OPERADOR 1T ZAMITH
# nquan = 30
# nvalues = 424                         
# units = specified
# name 0 = scan: Scan Count
# name 1 = timeJ: Julian Days
# name 2 = latitude: Latitude [deg]
# name 3 = longitude: Longitude [deg]
# name 4 = dz/dtM: Descent Rate [m/s]
# name 5 = avgsvCM: Average Sound Velocity [Chen-Millero, m/s]
# name 6 = prDM: Pressure, Digiquartz [db]
# name 7 = depSM: Depth [salt water, m]
# name 8 = t090C: Temperature [ITS-90, deg C]
# name 9 = t190C: Temperature, 2 [ITS-90, deg C]
# name 10 = T2-T190C: Temperature Difference, 2 - 1 [ITS-90, deg C]
# name 11 = potemp090C: Potential Temperature [ITS-90, deg C]
# name 12 = potemp190C: Potential Temperature, 2 [ITS-90, deg C]
# name 13 = potemp90Cdiff: Potential Temperature, Diff, 2 - 1 [ITS-90, deg C]
# name 14 = c0S/m: Conductivity [S/m]
# name 15 = c1S/m: Conductivity, 2 [S/m]
# name 16 = C2-C1S/m: Conductivity Difference, 2 - 1 [S/m]
# name 17 = sal00: Salinity, Practical [PSU]
# name 18 = sal11: Salinity, Practical, 2 [PSU]
# name 19 = sbeox0ML/L: Oxygen, SBE 43 [ml/l]
# name 20 = sigma-é00: Density [sigma-theta, kg/m^3]
# name 21 = sigma-é11: Density, 2 [sigma-theta, kg/m^3]
# name 22 = sal00: Salinity, Practical [PSU]
# name 23 = sigma-é00: Density [sigma-theta, kg/m^3]
# name 24 = svCM: Sound Velocity [Chen-Millero, m/s]
# name 25 = svCM1: Sound Velocity, 2 [Chen-Millero, m/s]
# name 26 = gsw_ptA0: potential temperature [ITS-90, deg C]
# name 27 = gsw_densityA0: density, TEOS-10 [density, kg/m^3]
# name 28 = gsw_saA0: Absolute Salinity [g/kg]
# name 29 = flag:
# span 0 =      19367,      35162       
# span 1 = 311.963298, 311.970915       
# span 2 =  -62.31458,  -62.31353       
# span 3 =  -58.51448,  -58.50270       
# span 4 =     -1.249,     -0.106       
# span 5 =    1450.34,    1450.34       
# span 6 =      5.000,    428.000       
# span 7 =      4.989,    423.449       
# span 8 =    -0.8557,     0.1717       
# span 9 =    -0.8555,     0.1718       
# span 10 =    -0.1579,     0.0373      
# span 11 =    -0.8593,     0.1563      
# span 12 =    -0.8591,     0.1564      
# span 13 =    -0.1573,     0.0373      
# span 14 =   2.785416,   2.898706      
# span 15 =   2.785382,   2.898503      
# span 16 =  -0.013119,   0.003322      
# span 17 =    34.2849,    34.5038      
# span 18 =    34.2837,    34.5009      
# span 19 =     5.6385,     7.6719      
# span 20 =    27.5602,    27.7256      
# span 21 =    27.5592,    27.7246      
# span 22 =    34.2848,    34.5086      
# span 23 =    27.5596,    27.7260      
# span 24 =    1445.11,    1455.60      
# span 25 =    1445.11,    1455.59      
# span 26 =    -0.8592,     0.1564      
# span 27 =  1027.5898,  1029.7708      
# span 28 =    34.4469,    34.6774      
# span 29 = 0.0000e+00, 0.0000e+00      
# interval = decibars: 1                
# start_time = Nov 07 2023 22:53:42 [NMEA time, header]
# bad_flag = -9.990e-29
*END*
[from data line 387]
      30861 311.968841  -62.31430  -58.50617     -0.593    1450.34     41.000     40.600    -0.6273    -0.6268     0.0005    -0.6285    -0.6280     0.0005   2.798963   2.798936  -0.000025    34.2868    34.2859     7.5876    27.5603    27.5595    34.2866    27.5601    1445.94    1445.94    -0.6285  1027.7610    34.4521 0.0000e+00
      30897 311.968858  -62.31430  -58.50614     -0.665    1450.34     40.000     39.614    -0.6279    -0.6270     0.0009    -0.6291    -0.6282     0.0009   2.798910   2.798886  -0.000023    34.2871    34.2858     7.5859    27.5605    27.5595    34.2871    27.5606    1445.92    1445.93    -0.6290  1027.7567    34.4526 0.0000e+00
      30931 311.968874  -62.31430  -58.50613     -0.706    1450.34     39.000     38.620    -0.6277    -0.6272     0.0005    -0.6289    -0.6284     0.0005   2.798856   2.798809  -0.000037    34.2870    34.2859     7.5899    27.5605    27.5596    34.2868    27.5603    1445.91    1445.91    -0.6288  1027.7516    34.4523 0.0000e+00
      30967 311.968892  -62.31430  -58.50610     -0.668    1450.34     38.000     37.632    -0.6304    -0.6298     0.0005    -0.6315    -0.6309     0.0005   2.798577   2.798537  -0.000040    34.2871    34.2860     7.5904    27.5607    27.5597    34.2867    27.5603    1445.88    1445.88    -0.6315  1027.7468    34.4522 0.0000e+00
      30998 311.968907  -62.31430  -58.50607     -0.730    1450.34     37.000     36.641    -0.6373    -0.6361     0.0012    -0.6384    -0.6372     0.0012   2.797914   2.797928   0.000004    34.2870    34.2857     7.5804    27.5609    27.5598    34.2862    27.5603    1445.83    1445.83    -0.6384  1027.7420    34.4517 0.0000e+00
      31022 311.968918  -62.31430  -58.50605     -0.895    1450.34     36.000     35.651    -0.6365    -0.6370    -0.0006    -0.6376    -0.6381    -0.0006   2.797961   2.797799  -0.000143    34.2866    34.2852     7.5891    27.5605    27.5594    34.2865    27.5605    1445.82    1445.81    -0.6375  1027.7374    34.4520 0.0000e+00
      31045 311.968930  -62.31430  -58.50603     -1.012    1450.34     35.000     34.661    -0.6353    -0.6348     0.0004    -0.6363    -0.6359     0.0004   2.797980   2.797933  -0.000071    34.2865    34.2851     7.5968    27.5604    27.5592    34.2861    27.5600    1445.81    1445.81    -0.6363  1027.7322    34.4515 0.0000e+00
      31074 311.968943  -62.31430  -58.50601     -0.931    1450.34     34.000     33.670    -0.6372    -0.6353     0.0019    -0.6382    -0.6363     0.0019   2.797789   2.797853   0.000067    34.2865    34.2853     7.5996    27.5605    27.5594    34.2862    27.5603    1445.78    1445.79    -0.6382  1027.7276    34.4517 0.0000e+00
      31117 311.968964  -62.31431  -58.50598     -0.594    1450.34     33.000     32.680    -0.6429    -0.6390     0.0039    -0.6439    -0.6400     0.0039   2.797180   2.797487   0.000293    34.2859    34.2854     7.6083    27.5602    27.5597    34.2851    27.5596    1445.74    1445.76    -0.6438  1027.7221    34.4505 0.0000e+00
      31175 311.968992  -62.31432  -58.50593     -0.395    1450.34     32.000     31.690    -0.6520    -0.6484     0.0036    -0.6530    -0.6493     0.0036   2.796367   2.796605   0.000241    34.2860    34.2851     7.6216    27.5607    27.5598    34.2851    27.5600    1445.68    1445.70    -0.6529  1027.7178    34.4506 0.0000e+00
      31222 311.969015  -62.31432  -58.50589     -0.502    1450.34     31.000     30.701    -0.6563    -0.6540     0.0023    -0.6572    -0.6549     0.0023   2.795962   2.796094   0.000131    34.2856    34.2848     7.6237    27.5606    27.5598    34.2851    27.5601    1445.64    1445.65    -0.6572  1027.7131    34.4505 0.0000e+00
      31273 311.969040  -62.31432  -58.50586     -0.452    1450.34     30.000     29.709    -0.6565    -0.6551     0.0014    -0.6574    -0.6560     0.0014   2.795905   2.795941   0.000051    34.2856    34.2847     7.6446    27.5606    27.5598    34.2852    27.5603    1445.63    1445.63    -0.6574  1027.7084    34.4506 0.0000e+00
      31308 311.969056  -62.31432  -58.50583     -0.660    1450.34     29.000     28.719    -0.6551    -0.6547     0.0004    -0.6559    -0.6556     0.0004   2.795983   2.795935  -0.000045    34.2855    34.2845     7.6524    27.5604    27.5596    34.2852    27.5602    1445.62    1445.62    -0.6559  1027.7030    34.4499 0.0000e+00
      31353 311.969078 -9.990e-29  -58.50580     -0.548    1450.34     28.000     27.729    -0.6543    -0.6542     0.0001    -0.6552    -0.6551     0.0001   2.795998   2.795934  -0.000062    34.2855    34.2845     7.6543    27.5604    27.5596    34.2852    27.5602    1445.60    1445.60    -0.6551  1027.6958    34.4469 0.0000e+00
      31404 311.969103  -62.31434  -58.50576     -0.461    1450.34     27.000     26.739    -0.6552    -0.6541     0.0011    -0.6560    -0.6549     0.0011   2.795890   2.795887  -0.000006    34.2856    34.2843     7.6447    27.5605    27.5594    34.2853    27.5603    1445.58    1445.59    -0.6560  1027.6915    34.4475 0.0000e+00
      31444 311.969122  -62.31434  -58.50572     -0.601    1450.34     26.000     25.749    -0.6572    -0.6561     0.0011    -0.6579    -0.6569     0.0011   2.795678   2.795680   0.000006    34.2856    34.2845     7.6373    27.5606    27.5596    34.2854    27.5604    1445.56    1445.56    -0.6579  1027.6894    34.4506 0.0000e+00
      31490 311.969144  -62.31434  -58.50568     -0.523    1450.34     25.000     24.758    -0.6567    -0.6557     0.0010    -0.6574    -0.6564     0.0010   2.795651   2.795670   0.000017    34.2853    34.2844     7.6417    27.5603    27.5596    34.2851    27.5601    1445.54    1445.55    -0.6574  1027.6843    34.4504 0.0000e+00
      31533 311.969165  -62.31434  -58.50565     -0.546    1450.34     24.000     23.768    -0.6584    -0.6577     0.0006    -0.6590    -0.6585     0.0006   2.795473   2.795450  -0.000023    34.2854    34.2844     7.6493    27.5605    27.5597    34.2852    27.5603    1445.52    1445.52    -0.6591  1027.6797    34.4505 0.0000e+00
      31571 311.969183  -62.31434  -58.50562     -0.631    1450.34     23.000     22.778    -0.6591    -0.6583     0.0008    -0.6598    -0.6590     0.0008   2.795372   2.795352  -0.000016    34.2854    34.2843     7.6616    27.5605    27.5596    34.2853    27.5604    1445.50    1445.50    -0.6597  1027.6750    34.4506 0.0000e+00
      31610 311.969202  -62.31434  -58.50558     -0.620    1450.34     22.000     21.794    -0.6591    -0.6583     0.0009    -0.6598    -0.6589     0.0009   2.795319   2.795310  -0.000013    34.2854    34.2843     7.6508    27.5605    27.5596    34.2852    27.5603    1445.48    1445.49    -0.6597  1027.6702    34.4505 0.0000e+00
      34166 311.970435  -62.31452  -58.50353     -0.429    1450.34     21.000     20.792    -0.6769    -0.6756     0.0012    -0.6775    -0.6762     0.0012   2.793777   2.793795   0.000015    34.2852    34.2840     7.6590    27.5611    27.5601    34.2851    27.5611    1445.39    1445.39    -0.6775  1027.6661    34.4504 0.0000e+00
      34483 311.970587  -62.31454  -58.50327     -0.465    1450.34     20.000     19.807    -0.6789    -0.6780     0.0009    -0.6794    -0.6785     0.0009   2.793544   2.793541  -0.000002    34.2849    34.2839     7.6620    27.5610    27.5601    34.2849    27.5609    1445.36    1445.36    -0.6794  1027.6612    34.4501 0.0000e+00
      34515 311.970603  -62.31454  -58.50324     -0.598    1450.34     19.000     18.819    -0.6789    -0.6782     0.0007    -0.6794    -0.6788     0.0007   2.793499   2.793474  -0.000022    34.2850    34.2839     7.6664    27.5610    27.5601    34.2849    27.5610    1445.34    1445.34    -0.6794  1027.6564    34.4502 0.0000e+00
      34557 311.970623  -62.31454  -58.50321     -0.570    1450.34     18.000     17.823    -0.6795    -0.6790     0.0005    -0.6801    -0.6795     0.0005   2.793390   2.793372  -0.000019    34.2849    34.2840     7.6546    27.5610    27.5602    34.2848    27.5609    1445.32    1445.32    -0.6800  1027.6516    34.4501 0.0000e+00
      34595 311.970642  -62.31454  -58.50318     -0.622    1450.34     17.000     16.836    -0.6797    -0.6791     0.0005    -0.6801    -0.6796     0.0005   2.793351   2.793314  -0.000034    34.2851    34.2840     7.6719    27.5611    27.5602    34.2850    27.5611    1445.31    1445.31    -0.6802  1027.6470    34.4503 0.0000e+00
      34637 311.970662  -62.31455  -58.50314     -0.578    1450.34     16.000     15.846    -0.6796    -0.6789     0.0007    -0.6801    -0.6794     0.0007   2.793300   2.793282  -0.000021    34.2850    34.2839     7.6650    27.5611    27.5602    34.2849    27.5610    1445.29    1445.29    -0.6801  1027.6422    34.4503 0.0000e+00
      34684 311.970684  -62.31456  -58.50310     -0.503    1450.34     15.000     14.855    -0.6802    -0.6792     0.0011    -0.6807    -0.6796     0.0011   2.793208   2.793213   0.000003    34.2851    34.2839     7.6561    27.5611    27.5601    34.2850    27.5611    1445.27    1445.28    -0.6806  1027.6375    34.4504 0.0000e+00
      34726 311.970705  -62.31456  -58.50307     -0.565    1450.34     14.000     13.867    -0.6803    -0.6792     0.0010    -0.6807    -0.6796     0.0010   2.793153   2.793161   0.000003    34.2851    34.2839     7.6680    27.5611    27.5602    34.2849    27.5610    1445.26    1445.26    -0.6807  1027.6326    34.4503 0.0000e+00
      34795 311.970738  -62.31456  -58.50301     -0.308    1450.34     13.000     12.871    -0.6814    -0.6799     0.0016    -0.6818    -0.6802     0.0016   2.793023   2.793059   0.000037    34.2852    34.2839     7.6654    27.5613    27.5601    34.2851    27.5612    1445.23    1445.24    -0.6818  1027.6281    34.4505 0.0000e+00
      34848 311.970763  -62.31456  -58.50297     -0.480    1450.34     12.000     11.884    -0.6807    -0.6793     0.0014    -0.6810    -0.6797     0.0014   2.793025   2.793046   0.000020    34.2850    34.2837     7.6591    27.5611    27.5600    34.2850    27.5611    1445.22    1445.23    -0.6810  1027.6231    34.4504 0.0000e+00
      34877 311.970777  -62.31456  -58.50294     -0.738    1450.34     11.000     10.894    -0.6808    -0.6802     0.0005    -0.6811    -0.6805     0.0005   2.792970   2.792928  -0.000045    34.2850    34.2838     7.6701    27.5611    27.5601    34.2849    27.5610    1445.20    1445.21    -0.6811  1027.6183    34.4503 0.0000e+00
      34908 311.970793  -62.31456  -58.50291     -0.796    1450.34     10.000      9.904    -0.6822    -0.6803     0.0019    -0.6824    -0.6806     0.0019   2.792821   2.792881   0.000060    34.2852    34.2839     7.6622    27.5613    27.5602    34.2851    27.5612    1445.18    1445.19    -0.6825  1027.6137    34.4505 0.0000e+00
      34957 311.970816  -62.31457  -58.50288     -0.493    1450.34      9.000      8.914    -0.6811    -0.6812    -0.0002    -0.6813    -0.6815    -0.0002   2.792864   2.792763  -0.000095    34.2850    34.2839     7.6510    27.5611    27.5602    34.2850    27.5611    1445.17    1445.17    -0.6813  1027.6089    34.4505 0.0000e+00
      35005 311.970839  -62.31458  -58.50284     -0.499    1450.34      8.000      7.923    -0.6812    -0.6801     0.0010    -0.6814    -0.6803     0.0010   2.792824   2.792805  -0.000023    34.2853    34.2838     7.6634    27.5613    27.5601    34.2852    27.5613    1445.15    1445.16    -0.6813  1027.6042    34.4507 0.0000e+00
      35041 311.970856  -62.31458  -58.50282     -0.652    1450.34      7.000      6.933    -0.6804    -0.6796     0.0008    -0.6806    -0.6798     0.0008   2.792836   2.792810  -0.000023    34.2851    34.2839     7.6681    27.5612    27.5602    34.2852    27.5612    1445.14    1445.14    -0.6806  1027.5994    34.4506 0.0000e+00
      35096 311.970883  -62.31458  -58.50276     -0.425    1450.34      6.000      5.943    -0.6789    -0.6787     0.0003    -0.6791    -0.6788     0.0003   2.792915   2.792843  -0.000073    34.2852    34.2838     7.6561    27.5612    27.5600    34.2852    27.5612    1445.13    1445.13    -0.6791  1027.5945    34.4506 0.0000e+00
      35162 311.970915  -62.31458  -58.50270     -0.349    1450.34      5.000      4.989    -0.6788    -0.6782     0.0006    -0.6790    -0.6783     0.0006   2.792882   2.792851  -0.000016    34.2850    34.2840     7.6584    27.5610    27.5602    34.2852    27.5612    1445.11    1445.11    -0.6790  1027.5898    34.4507 0.0000e+00
