Pos-Processados/process_op42/Processamento_split/up/uoperantar42_023.cnv
* Sea-Bird SBE 9 Data File:
* FileName = C:\Users\Hidrografia\Desktop\OPXLII\Brutos\OP42023.hdr
* Software Version Seasave V 7.26.7.107
* Temperature SN = 6502
* Conductivity SN = 4998
* Number of Bytes Per Scan = 37
* Number of Voltage Words = 4
* Number of Scans Averaged by the Deck Unit = 1
* NMEA Latitude = 62 09.26 S
* NMEA Longitude = 058 24.38 W
* NMEA UTC (Time) = Nov 08 2023 09:02:28
* NMEA baud rate = 4800
** H41
** NPOALTEMAXIMIANO
** NUMERO DA ESTACAO (XXX) 023
** LAT (XX XX.XX S/N) 62 09.60 S
** LONG (XXX XX.XX W/E) 058 24.03 W
** DATAHORA (dd/mm/aaaa hh:mm Z) 08/11/2023 0901Z
** PROFUNDIDADE (m) 462
** OPERADOR CT FILIPE LOPES
# nquan = 30
# nvalues = 429                         
# units = specified
# name 0 = scan: Scan Count
# name 1 = timeJ: Julian Days
# name 2 = latitude: Latitude [deg]
# name 3 = longitude: Longitude [deg]
# name 4 = dz/dtM: Descent Rate [m/s]
# name 5 = avgsvCM: Average Sound Velocity [Chen-Millero, m/s]
# name 6 = prDM: Pressure, Digiquartz [db]
# name 7 = depSM: Depth [salt water, m]
# name 8 = t090C: Temperature [ITS-90, deg C]
# name 9 = t190C: Temperature, 2 [ITS-90, deg C]
# name 10 = T2-T190C: Temperature Difference, 2 - 1 [ITS-90, deg C]
# name 11 = potemp090C: Potential Temperature [ITS-90, deg C]
# name 12 = potemp190C: Potential Temperature, 2 [ITS-90, deg C]
# name 13 = potemp90Cdiff: Potential Temperature, Diff, 2 - 1 [ITS-90, deg C]
# name 14 = c0S/m: Conductivity [S/m]
# name 15 = c1S/m: Conductivity, 2 [S/m]
# name 16 = C2-C1S/m: Conductivity Difference, 2 - 1 [S/m]
# name 17 = sal00: Salinity, Practical [PSU]
# name 18 = sal11: Salinity, Practical, 2 [PSU]
# name 19 = sbeox0ML/L: Oxygen, SBE 43 [ml/l]
# name 20 = sigma-é00: Density [sigma-theta, kg/m^3]
# name 21 = sigma-é11: Density, 2 [sigma-theta, kg/m^3]
# name 22 = sal00: Salinity, Practical [PSU]
# name 23 = sigma-é00: Density [sigma-theta, kg/m^3]
# name 24 = svCM: Sound Velocity [Chen-Millero, m/s]
# name 25 = svCM1: Sound Velocity, 2 [Chen-Millero, m/s]
# name 26 = gsw_ptA0: potential temperature [ITS-90, deg C]
# name 27 = gsw_densityA0: density, TEOS-10 [density, kg/m^3]
# name 28 = gsw_saA0: Absolute Salinity [g/kg]
# name 29 = flag:
# span 0 =      20839,      33294       
# span 1 = 312.386762, 312.392769       
# span 2 =  -62.15478,  -62.15450       
# span 3 =  -58.39898,  -58.39391       
# span 4 =     -1.055,     -0.190       
# span 5 =    1448.49,    1448.49       
# span 6 =      2.000,    430.000       
# span 7 =      1.983,    425.431       
# span 8 =    -0.8457,    -0.5123       
# span 9 =    -0.8448,    -0.5117       
# span 10 =    -0.0078,     0.0112      
# span 11 =    -0.8519,    -0.5264      
# span 12 =    -0.8509,    -0.5258      
# span 13 =    -0.0078,     0.0111      
# span 14 =   2.789048,   2.834793      
# span 15 =   2.789015,   2.834816      
# span 16 =  -0.000744,   0.001089      
# span 17 =    34.2875,    34.4205      
# span 18 =    34.2863,    34.4198      
# span 19 =     6.5660,     7.5750      
# span 20 =    27.5619,    27.6656      
# span 21 =    27.5606,    27.6650      
# span 22 =    34.2898,    34.4204      
# span 23 =    27.5626,    27.6655      
# span 24 =    1445.42,    1452.85      
# span 25 =    1445.43,    1452.84      
# span 26 =    -0.8517,    -0.5262      
# span 27 =  1027.5773,  1029.7192      
# span 28 =    34.4556,    34.5889      
# span 29 = 0.0000e+00, 0.0000e+00      
# interval = decibars: 1                
# start_time = Nov 08 2023 09:02:28 [NMEA time, header]
# bad_flag = -9.990e-29
*END*
[from data line 49]
      22722 312.387670  -62.15476  -58.39826     -0.835    1448.49    381.000    376.997    -0.6011    -0.5964     0.0046    -0.6137    -0.6090     0.0046   2.824312   2.824680   0.000370    34.3906    34.3903     6.7495    27.6437    27.6433    34.3898    27.6431    1451.74    1451.76    -0.6134  1029.4651    34.5580 0.0000e+00
      22749 312.387683  -62.15476  -58.39825     -0.870    1448.49    380.000    376.008    -0.6016    -0.5981     0.0035    -0.6142    -0.6106     0.0035   2.824177   2.824462   0.000278    34.3900    34.3898     6.7683    27.6432    27.6429    34.3892    27.6426    1451.72    1451.74    -0.6139  1029.4599    34.5574 0.0000e+00
      22775 312.387696  -62.15476  -58.39824     -0.915    1448.49    379.000    375.020    -0.6038    -0.6007     0.0031    -0.6163    -0.6132     0.0031   2.823857   2.824132   0.000249    34.3892    34.3890     6.7792    27.6426    27.6423    34.3880    27.6417    1451.69    1451.71    -0.6160  1029.4543    34.5561 0.0000e+00
      22801 312.387708  -62.15476  -58.39823     -0.930    1448.49    378.000    374.031    -0.6100    -0.6044     0.0056    -0.6224    -0.6169     0.0056   2.823232   2.823717   0.000481    34.3883    34.3885     6.7851    27.6422    27.6421    34.3872    27.6413    1451.65    1451.67    -0.6222  1029.4493    34.5554 0.0000e+00
      22829 312.387722  -62.15476  -58.39822     -0.880    1448.49    377.000    373.042    -0.6133    -0.6078     0.0055    -0.6257    -0.6202     0.0055   2.822890   2.823361   0.000458    34.3879    34.3878     6.7955    27.6420    27.6417    34.3870    27.6412    1451.61    1451.64    -0.6255  1029.4445    34.5551 0.0000e+00
      22860 312.387737  -62.15476  -58.39820     -0.807    1448.49    376.000    372.053    -0.6187    -0.6144     0.0043    -0.6311    -0.6267     0.0043   2.822350   2.822669   0.000353    34.3874    34.3873     6.7885    27.6418    27.6415    34.3864    27.6411    1451.57    1451.59    -0.6308  1029.4396    34.5546 0.0000e+00
      22891 312.387752  -62.15476  -58.39819     -0.772    1448.49    375.000    371.065    -0.6193    -0.6176     0.0016    -0.6316    -0.6299     0.0016   2.822239   2.822352   0.000109    34.3870    34.3866     6.8114    27.6415    27.6411    34.3862    27.6409    1451.55    1451.56    -0.6313  1029.4347    34.5543 0.0000e+00
      22918 312.387765  -62.15476  -58.39818     -0.836    1448.49    374.000    370.076    -0.6211    -0.6182     0.0028    -0.6334    -0.6305     0.0028   2.822001   2.822206   0.000208    34.3864    34.3860     6.8103    27.6411    27.6407    34.3857    27.6405    1451.53    1451.54    -0.6331  1029.4296    34.5538 0.0000e+00
      22947 312.387779  -62.15476  -58.39818     -0.858    1448.49    373.000    369.087    -0.6217    -0.6189     0.0028    -0.6340    -0.6312     0.0028   2.821929   2.822110   0.000179    34.3866    34.3858     6.8191    27.6413    27.6405    34.3860    27.6409    1451.51    1451.52    -0.6337  1029.4252    34.5542 0.0000e+00
      22982 312.387795  -62.15476  -58.39816     -0.717    1448.49    372.000    368.099    -0.6217    -0.6141     0.0076    -0.6339    -0.6263     0.0076   2.821894   2.822512   0.000594    34.3866    34.3860     6.8274    27.6413    27.6405    34.3861    27.6409    1451.49    1451.53    -0.6336  1029.4205    34.5542 0.0000e+00
      23017 312.387813  -62.15476  -58.39815     -0.667    1448.49    371.000    367.111    -0.6219    -0.6186     0.0033    -0.6341    -0.6308     0.0033   2.821805   2.822047   0.000270    34.3863    34.3862     6.8254    27.6411    27.6409    34.3858    27.6407    1451.47    1451.49    -0.6338  1029.4155    34.5539 0.0000e+00
      23047 312.387827  -62.15476  -58.39814     -0.762    1448.49    370.000    366.122    -0.6225    -0.6214     0.0011    -0.6346    -0.6335     0.0011   2.821705   2.821726   0.000033    34.3860    34.3852     6.8200    27.6409    27.6402    34.3857    27.6406    1451.46    1451.46    -0.6344  1029.4107    34.5538 0.0000e+00
      23074 312.387840  -62.15476  -58.39812     -0.864    1448.49    369.000    365.133    -0.6224    -0.6218     0.0006    -0.6345    -0.6339     0.0006   2.821677   2.821662  -0.000008    34.3860    34.3853     6.8162    27.6409    27.6402    34.3858    27.6407    1451.44    1451.44    -0.6342  1029.4060    34.5539 0.0000e+00
      23101 312.387853  -62.15476  -58.39811     -0.902    1448.49    368.000    364.145    -0.6219    -0.6216     0.0003    -0.6339    -0.6336     0.0003   2.821682   2.821634  -0.000039    34.3861    34.3852     6.8256    27.6409    27.6402    34.3859    27.6408    1451.43    1451.43    -0.6337  1029.4013    34.5540 0.0000e+00
      23129 312.387867  -62.15476  -58.39810     -0.870    1448.49    367.000    363.156    -0.6213    -0.6212     0.0001    -0.6333    -0.6332     0.0001   2.821709   2.821630  -0.000061    34.3863    34.3853     6.8153    27.6410    27.6402    34.3862    27.6410    1451.41    1451.41    -0.6331  1029.3968    34.5543 0.0000e+00
      23157 312.387880  -62.15476  -58.39809     -0.847    1448.49    366.000    362.167    -0.6181    -0.6196    -0.0016    -0.6300    -0.6316    -0.0016   2.821976   2.821739  -0.000232    34.3866    34.3853     6.8085    27.6411    27.6401    34.3867    27.6413    1451.41    1451.40    -0.6298  1029.3923    34.5548 0.0000e+00
      23185 312.387894  -62.15476  -58.39808     -0.860    1448.49    365.000    361.179    -0.6180    -0.6177     0.0004    -0.6300    -0.6296     0.0004   2.821918   2.821880  -0.000044    34.3867    34.3857     6.8161    27.6412    27.6404    34.3865    27.6411    1451.40    1451.40    -0.6297  1029.3874    34.5546 0.0000e+00
      23214 312.387908  -62.15476  -58.39806     -0.832    1448.49    364.000    360.190    -0.6192    -0.6186     0.0007    -0.6312    -0.6305     0.0007   2.821774   2.821748  -0.000025    34.3868    34.3857     6.8107    27.6413    27.6404    34.3866    27.6412    1451.37    1451.38    -0.6309  1029.3827    34.5547 0.0000e+00
      23245 312.387922  -62.15476  -58.39806     -0.801    1448.49    363.000    359.201    -0.6218    -0.6197     0.0021    -0.6336    -0.6316     0.0021   2.821516   2.821625   0.000101    34.3869    34.3859     6.8211    27.6416    27.6407    34.3866    27.6413    1451.34    1451.35    -0.6334  1029.3781    34.5547 0.0000e+00
      23277 312.387938  -62.15476  -58.39805     -0.750    1448.49    362.000    358.213    -0.6240    -0.6221     0.0018    -0.6358    -0.6340     0.0018   2.821308   2.821391   0.000086    34.3872    34.3863     6.8179    27.6419    27.6411    34.3869    27.6416    1451.32    1451.33    -0.6356  1029.3737    34.5550 0.0000e+00
      23306 312.387952  -62.15476  -58.39804     -0.792    1448.49    361.000    357.224    -0.6241    -0.6226     0.0015    -0.6359    -0.6344     0.0015   2.821243   2.821307   0.000068    34.3869    34.3861     6.8147    27.6416    27.6410    34.3867    27.6415    1451.30    1451.31    -0.6356  1029.3688    34.5548 0.0000e+00
      23336 312.387966  -62.15476  -58.39802     -0.816    1448.49    360.000    356.235    -0.6235    -0.6228     0.0007    -0.6353    -0.6345     0.0007   2.821266   2.821253  -0.000009    34.3871    34.3862     6.8141    27.6418    27.6410    34.3870    27.6417    1451.29    1451.29    -0.6350  1029.3643    34.5551 0.0000e+00
      23365 312.387980  -62.15476  -58.39801     -0.817    1448.49    359.000    355.247    -0.6215    -0.6224    -0.0008    -0.6333    -0.6341    -0.0008   2.821419   2.821254  -0.000152    34.3874    34.3862     6.8101    27.6419    27.6410    34.3874    27.6420    1451.28    1451.28    -0.6330  1029.3598    34.5555 0.0000e+00
      23392 312.387994  -62.15477  -58.39800     -0.855    1448.49    358.000    354.258    -0.6211    -0.6217    -0.0005    -0.6328    -0.6334    -0.0005   2.821395   2.821269  -0.000128    34.3874    34.3863     6.8254    27.6419    27.6410    34.3873    27.6418    1451.27    1451.26    -0.6326  1029.3549    34.5554 0.0000e+00
      23417 312.388006  -62.15477  -58.39799     -0.926    1448.49    357.000    353.269    -0.6213    -0.6210     0.0003    -0.6330    -0.6327     0.0003   2.821326   2.821291  -0.000040    34.3872    34.3864     6.8196    27.6418    27.6411    34.3872    27.6418    1451.25    1451.25    -0.6327  1029.3501    34.5553 0.0000e+00
      23442 312.388017  -62.15476  -58.39798     -0.973    1448.49    356.000    352.280    -0.6211    -0.6206     0.0005    -0.6327    -0.6323     0.0005   2.821317   2.821275  -0.000043    34.3875    34.3863     6.8122    27.6419    27.6410    34.3874    27.6419    1451.24    1451.24    -0.6325  1029.3455    34.5555 0.0000e+00
      23468 312.388030  -62.15476  -58.39797     -0.957    1448.49    355.000    351.292    -0.6210    -0.6204     0.0005    -0.6325    -0.6320     0.0005   2.821287   2.821265  -0.000018    34.3874    34.3866     6.8203    27.6419    27.6412    34.3874    27.6419    1451.22    1451.22    -0.6323  1029.3407    34.5555 0.0000e+00
      23495 312.388043  -62.15476  -58.39796     -0.899    1448.49    354.000    350.303    -0.6210    -0.6203     0.0007    -0.6325    -0.6318     0.0007   2.821240   2.821231  -0.000017    34.3875    34.3866     6.8044    27.6420    27.6412    34.3874    27.6419    1451.20    1451.21    -0.6323  1029.3360    34.5555 0.0000e+00
      23526 312.388058  -62.15478  -58.39794     -0.810    1448.49    353.000    349.314    -0.6225    -0.6206     0.0019    -0.6340    -0.6322     0.0019   2.821047   2.821145   0.000096    34.3874    34.3865     6.8088    27.6419    27.6412    34.3872    27.6418    1451.18    1451.19    -0.6338  1029.3311    34.5553 0.0000e+00
      23556 312.388072  -62.15478  -58.39794     -0.782    1448.49    352.000    348.326    -0.6230    -0.6217     0.0012    -0.6344    -0.6332     0.0012   2.820961   2.821002   0.000046    34.3872    34.3864     6.8204    27.6418    27.6411    34.3871    27.6418    1451.16    1451.17    -0.6342  1029.3263    34.5552 0.0000e+00
      23584 312.388086  -62.15478  -58.39793     -0.838    1448.49    351.000    347.337    -0.6228    -0.6217     0.0011    -0.6342    -0.6331     0.0011   2.820901   2.820953   0.000043    34.3869    34.3862     6.8124    27.6416    27.6410    34.3867    27.6414    1451.14    1451.15    -0.6340  1029.3213    34.5548 0.0000e+00
      23610 312.388098  -62.15478  -58.39792     -0.899    1448.49    350.000    346.348    -0.6238    -0.6222     0.0016    -0.6352    -0.6336     0.0016   2.820763   2.820841   0.000077    34.3868    34.3861     6.8242    27.6415    27.6409    34.3866    27.6414    1451.12    1451.13    -0.6350  1029.3165    34.5547 0.0000e+00
      23637 312.388112  -62.15478  -58.39791     -0.893    1448.49    349.000    345.360    -0.6238    -0.6231     0.0007    -0.6351    -0.6345     0.0007   2.820728   2.820707  -0.000009    34.3867    34.3858     6.8216    27.6415    27.6407    34.3868    27.6415    1451.11    1451.11    -0.6349  1029.3118    34.5548 0.0000e+00
      23668 312.388126  -62.15478  -58.39790     -0.815    1448.49    348.000    344.371    -0.6229    -0.6225     0.0004    -0.6342    -0.6338     0.0004   2.820767   2.820725  -0.000044    34.3869    34.3859     6.8133    27.6415    27.6408    34.3868    27.6415    1451.10    1451.10    -0.6340  1029.3071    34.5549 0.0000e+00
      23696 312.388140  -62.15478  -58.39788     -0.813    1448.49    347.000    343.382    -0.6229    -0.6222     0.0007    -0.6341    -0.6335     0.0007   2.820752   2.820710  -0.000040    34.3873    34.3860     6.8235    27.6419    27.6408    34.3872    27.6418    1451.08    1451.08    -0.6339  1029.3027    34.5553 0.0000e+00
      23722 312.388153  -62.15478  -58.39788     -0.890    1448.49    346.000    342.393    -0.6238    -0.6227     0.0011    -0.6351    -0.6340     0.0011   2.820585   2.820625   0.000024    34.3871    34.3861     6.8131    27.6418    27.6409    34.3867    27.6414    1451.06    1451.06    -0.6348  1029.2975    34.5548 0.0000e+00
      23748 312.388165  -62.15478  -58.39786     -0.941    1448.49    345.000    341.405    -0.6258    -0.6247     0.0011    -0.6370    -0.6359     0.0011   2.820391   2.820411   0.000038    34.3871    34.3863     6.8175    27.6418    27.6412    34.3870    27.6417    1451.03    1451.04    -0.6368  1029.2931    34.5550 0.0000e+00
      23774 312.388178  -62.15478  -58.39785     -0.924    1448.49    344.000    340.416    -0.6282    -0.6259     0.0023    -0.6394    -0.6371     0.0023   2.820123   2.820278   0.000131    34.3872    34.3863     6.8301    27.6421    27.6412    34.3867    27.6416    1451.00    1451.01    -0.6392  1029.2883    34.5548 0.0000e+00
      23804 312.388192  -62.15478  -58.39784     -0.841    1448.49    343.000    339.427    -0.6302    -0.6274     0.0028    -0.6413    -0.6385     0.0028   2.819957   2.820120   0.000160    34.3875    34.3865     6.8067    27.6423    27.6414    34.3873    27.6422    1450.98    1450.99    -0.6411  1029.2841    34.5553 0.0000e+00
      23834 312.388207  -62.15478  -58.39783     -0.794    1448.49    342.000    338.438    -0.6319    -0.6291     0.0028    -0.6430    -0.6402     0.0028   2.819749   2.819900   0.000157    34.3875    34.3864     6.8127    27.6424    27.6414    34.3870    27.6421    1450.96    1450.97    -0.6428  1029.2792    34.5551 0.0000e+00
      23862 312.388220  -62.15478  -58.39782     -0.828    1448.49    341.000    337.450    -0.6333    -0.6312     0.0021    -0.6444    -0.6423     0.0021   2.819521   2.819666   0.000126    34.3868    34.3861     6.8267    27.6419    27.6413    34.3862    27.6414    1450.93    1450.94    -0.6441  1029.2739    34.5542 0.0000e+00
      23890 312.388233  -62.15478  -58.39782     -0.875    1448.49    340.000    336.461    -0.6376    -0.6341     0.0035    -0.6486    -0.6452     0.0034   2.819047   2.819314   0.000277    34.3857    34.3856     6.8159    27.6412    27.6410    34.3852    27.6408    1450.89    1450.91    -0.6484  1029.2686    34.5533 0.0000e+00
      23917 312.388246  -62.15478  -58.39780     -0.879    1448.49    339.000    335.472    -0.6379    -0.6363     0.0016    -0.6489    -0.6472     0.0016   2.819004   2.819069   0.000075    34.3859    34.3851     6.8304    27.6414    27.6407    34.3857    27.6412    1450.88    1450.88    -0.6486  1029.2642    34.5537 0.0000e+00
      23945 312.388260  -62.15478  -58.39779     -0.865    1448.49    338.000    334.483    -0.6373    -0.6364     0.0009    -0.6482    -0.6473     0.0009   2.819029   2.819019  -0.000002    34.3860    34.3849     6.8313    27.6414    27.6405    34.3858    27.6413    1450.86    1450.87    -0.6480  1029.2595    34.5539 0.0000e+00
      23972 312.388273  -62.15478  -58.39778     -0.871    1448.49    337.000    333.495    -0.6355    -0.6358    -0.0003    -0.6465    -0.6467    -0.0003   2.819136   2.819034  -0.000102    34.3861    34.3851     6.8284    27.6415    27.6406    34.3860    27.6413    1450.86    1450.85    -0.6462  1029.2548    34.5540 0.0000e+00
      23997 312.388285  -62.15478  -58.39777     -0.925    1448.49    336.000    332.506    -0.6355    -0.6355    -0.0001    -0.6463    -0.6464    -0.0001   2.819078   2.819008  -0.000070    34.3859    34.3850     6.8385    27.6413    27.6406    34.3857    27.6411    1450.84    1450.84    -0.6461  1029.2498    34.5537 0.0000e+00
      24022 312.388297  -62.15478  -58.39775     -0.972    1448.49    335.000    331.517    -0.6369    -0.6359     0.0010    -0.6477    -0.6468     0.0010   2.818871   2.818920   0.000051    34.3855    34.3850     6.8399    27.6410    27.6406    34.3851    27.6407    1450.82    1450.82    -0.6475  1029.2447    34.5532 0.0000e+00
