Pos-Processados/process_op42/Processamento_split/up/uoperantar42_001.cnv
* Sea-Bird SBE 9 Data File:
* FileName = C:\Users\Hidrografia\Desktop\OPXLII\Brutos\OP42001.hdr
* Software Version Seasave V 7.26.7.107
* Temperature SN = 6502
* Conductivity SN = 4998
* Number of Bytes Per Scan = 37
* Number of Voltage Words = 4
* Number of Scans Averaged by the Deck Unit = 1
* NMEA Latitude = 37 22.97 S
* NMEA Longitude = 051 25.37 W
* NMEA UTC (Time) = Oct 16 2023 02:33:28
* NMEA baud rate = 4800
** H41
** NPOALTEMAXIMIANO
** NUMERO DA ESTACAO (XXX) 001
** LAT (XX XX.XX S/N) 37 21.653 S
** LONG (XXX XX.XX W/E) 51 23.878 W
** DATAHORA (dd/mm/aaaa hh:mm Z) 16/10/2023 0155
** PROFUNDIDADE (m) 4344
** OPERADOR CT FILIPE LOPES
# nquan = 30
# nvalues = 1004                        
# units = specified
# name 0 = scan: Scan Count
# name 1 = timeJ: Julian Days
# name 2 = latitude: Latitude [deg]
# name 3 = longitude: Longitude [deg]
# name 4 = dz/dtM: Descent Rate [m/s]
# name 5 = avgsvCM: Average Sound Velocity [Chen-Millero, m/s]
# name 6 = prDM: Pressure, Digiquartz [db]
# name 7 = depSM: Depth [salt water, m]
# name 8 = t090C: Temperature [ITS-90, deg C]
# name 9 = t190C: Temperature, 2 [ITS-90, deg C]
# name 10 = T2-T190C: Temperature Difference, 2 - 1 [ITS-90, deg C]
# name 11 = potemp090C: Potential Temperature [ITS-90, deg C]
# name 12 = potemp190C: Potential Temperature, 2 [ITS-90, deg C]
# name 13 = potemp90Cdiff: Potential Temperature, Diff, 2 - 1 [ITS-90, deg C]
# name 14 = c0S/m: Conductivity [S/m]
# name 15 = c1S/m: Conductivity, 2 [S/m]
# name 16 = C2-C1S/m: Conductivity Difference, 2 - 1 [S/m]
# name 17 = sal00: Salinity, Practical [PSU]
# name 18 = sal11: Salinity, Practical, 2 [PSU]
# name 19 = sbeox0ML/L: Oxygen, SBE 43 [ml/l]
# name 20 = sigma-é00: Density [sigma-theta, kg/m^3]
# name 21 = sigma-é11: Density, 2 [sigma-theta, kg/m^3]
# name 22 = sal00: Salinity, Practical [PSU]
# name 23 = sigma-é00: Density [sigma-theta, kg/m^3]
# name 24 = svCM: Sound Velocity [Chen-Millero, m/s]
# name 25 = svCM1: Sound Velocity, 2 [Chen-Millero, m/s]
# name 26 = gsw_ptA0: potential temperature [ITS-90, deg C]
# name 27 = gsw_densityA0: density, TEOS-10 [density, kg/m^3]
# name 28 = gsw_saA0: Absolute Salinity [g/kg]
# name 29 = flag:
# span 0 =      39583,      80372       
# span 1 = 289.125663, 289.145334       
# span 2 =  -37.40116,  -37.39420       
# span 3 =  -51.45054,  -51.43364       
# span 4 =     -1.516,     -0.163       
# span 5 =    1502.20,    1502.93       
# span 6 =      8.000,   1011.000       
# span 7 =      7.939,   1001.058       
# span 8 =     4.3601,    18.7246       
# span 9 =     4.3614,    18.7272       
# span 10 =    -0.1012,     0.0422      
# span 11 =     4.2813,    18.7193      
# span 12 =     4.2826,    18.7219      
# span 13 =    -0.1009,     0.0419      
# span 14 =   3.264498,   4.824947      
# span 15 =   3.264484,   4.825168      
# span 16 =  -0.013409,   0.003628      
# span 17 =    34.1992,    36.3441      
# span 18 =    34.1988,    36.3452      
# span 19 =     4.4813,     5.6263      
# span 20 =    26.0504,    27.1229      
# span 21 =    26.0512,    27.1223      
# span 22 =    34.2000,    36.3457      
# span 23 =    26.0504,    27.1229      
# span 24 =    1483.63,    1521.06      
# span 25 =    1483.61,    1521.06      
# span 26 =     4.2810,    18.7193      
# span 27 =  1026.0910,  1031.7707      
# span 28 =    34.3644,    36.5173      
# span 29 = 0.0000e+00, 0.0000e+00      
# interval = decibars: 1                
# start_time = Oct 16 2023 02:33:28 [NMEA time, header]
# bad_flag = -9.990e-29
*END*
[from data line 774]
      64322 289.137593  -37.39836  -51.44370     -0.647    1502.20    237.000    235.107    16.4121    16.4241     0.0120    16.3736    16.3856     0.0120   4.544456   4.546252   0.001815    35.9097    35.9149     5.1356    26.3609    26.3622    35.9084    26.3599    1516.03    1516.08    16.3736  1027.3982    36.0780 0.0000e+00
      64401 289.137631  -37.39837  -51.44372     -0.169    1502.20    236.000    234.101    16.4044    16.4047     0.0003    16.3661    16.3664     0.0003   4.543337   4.543375   0.000051    35.9056    35.9058     5.1168    26.3596    26.3597    35.9058    26.3597    1515.99    1515.99    16.3662  1027.3936    36.0754 0.0000e+00
      64422 289.137641  -37.39838  -51.44374     -0.723    1502.20    235.000    233.121    16.4204    16.4227     0.0023    16.3823    16.3846     0.0023   4.545502   4.545789   0.000293    35.9099    35.9104     5.1142    26.3591    26.3590    35.9110    26.3599    1516.03    1516.04    16.3823  1027.3894    36.0806 0.0000e+00
      64442 289.137651  -37.39838  -51.44376     -1.068    1502.20    234.000    232.130    16.4326    16.4343     0.0018    16.3945    16.3963     0.0018   4.546985   4.547161   0.000213    35.9125    35.9128     5.1029    26.3582    26.3581    35.9136    26.3591    1516.05    1516.06    16.3946  1027.3841    36.0833 0.0000e+00
      64466 289.137662  -37.39838  -51.44377     -1.102    1502.20    233.000    231.139    16.4355    16.4338    -0.0016    16.3976    16.3960    -0.0016   4.547095   4.546958  -0.000113    35.9124    35.9129     5.1146    26.3574    26.3582    35.9123    26.3573    1516.04    1516.04    16.3977  1027.3781    36.0820 0.0000e+00
      64507 289.137682  -37.39840  -51.44378     -0.624    1502.20    232.000    230.147    16.4273    16.4249    -0.0024    16.3896    16.3872    -0.0024   4.545786   4.545538  -0.000199    35.9093    35.9097     5.1302    26.3569    26.3578    35.9085    26.3563    1516.00    1515.99    16.3896  1027.3727    36.0781 0.0000e+00
      64548 289.137702  -37.39840  -51.44380     -0.560    1502.20    231.000    229.156    16.4031    16.4066     0.0035    16.3656    16.3691     0.0035   4.541771   4.542568   0.000635    35.8976    35.9001     5.1100    26.3535    26.3546    35.8951    26.3516    1515.89    1515.91    16.3656  1027.3638    36.0647 0.0000e+00
      64580 289.137718  -37.39840  -51.44380     -0.730    1502.20    230.000    228.165    16.3810    16.3899     0.0089    16.3437    16.3526     0.0089   4.538654   4.540102   0.001393    35.8895    35.8938     5.0915    26.3524    26.3536    35.8878    26.3511    1515.80    1515.83    16.3437  1027.3590    36.0573 0.0000e+00
      64640 289.137746  -37.39842  -51.44383     -0.348    1502.20    229.000    227.169    16.3507    16.3670     0.0162    16.3137    16.3299     0.0162   4.534243   4.536481   0.002384    35.8779    35.8845     5.0386    26.3505    26.3518    35.8762    26.3492    1515.68    1515.73    16.3137  1027.3529    36.0457 0.0000e+00
      64677 289.137764  -37.39843  -51.44384     -0.585    1502.20    228.000    226.181    16.3473    16.3432    -0.0042    16.3105    16.3063    -0.0042   4.532914   4.532628  -0.000274    35.8718    35.8731     5.0112    26.3465    26.3485    35.8679    26.3435    1515.64    1515.63    16.3105  1027.3429    36.0373 0.0000e+00
      64697 289.137774  -37.39844  -51.44385     -0.981    1502.20    227.000    225.190    16.3319    16.3328     0.0008    16.2953    16.2961     0.0008   4.530829   4.531127   0.000278    35.8661    35.8678     4.9945    26.3456    26.3468    35.8636    26.3438    1515.57    1515.58    16.2953  1027.3389    36.0330 0.0000e+00
      64721 289.137786  -37.39844  -51.44387     -1.075    1502.20    226.000    224.200    16.3212    16.3282     0.0069    16.2847    16.2916     0.0069   4.529190   4.530451   0.001193    35.8612    35.8655     4.9987    26.3444    26.3461    35.8591    26.3428    1515.52    1515.54    16.2847  1027.3336    36.0285 0.0000e+00
      64769 289.137809  -37.39846  -51.44388     -0.493    1502.20    225.000    223.206    16.3089    16.3233     0.0144    16.2725    16.2869     0.0144   4.527245   4.529462   0.002218    35.8558    35.8626     4.9733    26.3431    26.3449    35.8533    26.3411    1515.46    1515.51    16.2726  1027.3277    36.0227 0.0000e+00
      64807 289.137827  -37.39846  -51.44390     -0.582    1502.20    224.000    222.215    16.2934    16.2953     0.0019    16.2573    16.2591     0.0019   4.524530   4.524935   0.000477    35.8456    35.8482     4.9613    26.3388    26.3403    35.8435    26.3371    1515.38    1515.39    16.2573  1027.3194    36.0128 0.0000e+00
      64831 289.137838  -37.39846  -51.44390     -0.910    1502.20    223.000    221.224    16.2886    16.2899     0.0013    16.2526    16.2539     0.0013   4.523723   4.524049   0.000336    35.8429    35.8447     4.9413    26.3377    26.3388    35.8410    26.3364    1515.35    1515.35    16.2527  1027.3142    36.0104 0.0000e+00
      64863 289.137854  -37.39848  -51.44392     -0.841    1502.20    222.000    220.233    16.2875    16.2918     0.0043    16.2517    16.2560     0.0043   4.523559   4.524317   0.000748    35.8422    35.8450     4.9262    26.3375    26.3386    35.8410    26.3365    1515.33    1515.34    16.2517  1027.3101    36.0103 0.0000e+00
      64919 289.137881  -37.39848  -51.44394     -0.324    1502.20    221.000    219.240    16.2859    16.2877     0.0017    16.2503    16.2520     0.0017   4.523276   4.523573   0.000337    35.8412    35.8427     4.9103    26.3371    26.3378    35.8403    26.3363    1515.30    1515.31    16.2503  1027.3055    36.0096 0.0000e+00
      64950 289.137896  -37.39848  -51.44396     -0.664    1502.20    220.000    218.249    16.2856    16.2864     0.0008    16.2501    16.2509     0.0008   4.523149   4.523342   0.000202    35.8407    35.8417     4.9023    26.3366    26.3373    35.8398    26.3360    1515.29    1515.29    16.2501  1027.3008    36.0091 0.0000e+00
      64975 289.137908  -37.39848  -51.44396     -0.928    1502.20    219.000    217.258    16.2852    16.2862     0.0010    16.2499    16.2508     0.0010   4.523051   4.523269   0.000230    35.8404    35.8416     4.9031    26.3365    26.3372    35.8397    26.3360    1515.27    1515.27    16.2499  1027.2965    36.0090 0.0000e+00
      65009 289.137924  -37.39849  -51.44398     -0.782    1502.20    218.000    216.268    16.2840    16.2862     0.0022    16.2488    16.2510     0.0022   4.522835   4.523245   0.000398    35.8400    35.8416     4.9147    26.3365    26.3372    35.8393    26.3359    1515.25    1515.26    16.2488  1027.2920    36.0086 0.0000e+00
      65054 289.137946  -37.39850  -51.44400     -0.492    1502.20    217.000    215.271    16.2797    16.2812     0.0015    16.2447    16.2461     0.0015   4.522056   4.522346   0.000314    35.8378    35.8393     4.9021    26.3357    26.3365    35.8367    26.3348    1515.21    1515.22    16.2447  1027.2866    36.0059 0.0000e+00
      65081 289.137959  -37.39851  -51.44401     -0.755    1502.20    216.000    214.283    16.2704    16.2717     0.0013    16.2356    16.2369     0.0013   4.520618   4.520870   0.000295    35.8337    35.8352     4.9095    26.3347    26.3355    35.8326    26.3338    1515.17    1515.17    16.2356  1027.2813    36.0019 0.0000e+00
      65109 289.137973  -37.39852  -51.44403     -0.891    1502.20    215.000    213.292    16.2621    16.2660     0.0040    16.2274    16.2314     0.0039   4.519310   4.520092   0.000692    35.8303    35.8328     4.8984    26.3339    26.3350    35.8289    26.3328    1515.12    1515.14    16.2274  1027.2760    35.9981 0.0000e+00
      65163 289.137998  -37.39852  -51.44405     -0.407    1502.20    214.000    212.300    16.2513    16.2603     0.0089    16.2169    16.2258     0.0089   4.517686   4.519006   0.001379    35.8255    35.8298     4.8802    26.3327    26.3339    35.8245    26.3319    1515.06    1515.10    16.2169  1027.2708    35.9937 0.0000e+00
      65201 289.138017  -37.39854  -51.44406     -0.579    1502.20    213.000    211.309    16.2525    16.2534     0.0010    16.2182    16.2191     0.0010   4.517527   4.517729   0.000190    35.8230    35.8238     4.8565    26.3305    26.3309    35.8225    26.3301    1515.05    1515.05    16.2182  1027.2646    35.9917 0.0000e+00
      65225 289.138029  -37.39854  -51.44407     -0.901    1502.20    212.000    210.317    16.2596    16.2593    -0.0002    16.2254    16.2252    -0.0002   4.518332   4.518333   0.000059    35.8234    35.8242     4.8568    26.3291    26.3297    35.8236    26.3293    1515.06    1515.05    16.2254  1027.2594    35.9928 0.0000e+00
      65254 289.138042  -37.39854  -51.44408     -0.912    1502.20    211.000    209.326    16.2666    16.2593    -0.0073    16.2326    16.2253    -0.0073   4.519071   4.518326  -0.000699    35.8243    35.8246     4.8607    26.3281    26.3301    35.8243    26.3281    1515.06    1515.04    16.2326  1027.2538    35.9935 0.0000e+00
      65291 289.138060  -37.39854  -51.44410     -0.649    1502.20    210.000    208.334    16.2718    16.2670    -0.0048    16.2380    16.2332    -0.0048   4.519725   4.519205  -0.000519    35.8247    35.8244     4.8631    26.3272    26.3281    35.8258    26.3280    1515.06    1515.05    16.2380  1027.2494    35.9950 0.0000e+00
      65321 289.138075  -37.39856  -51.44411     -0.736    1502.20    209.000    207.342    16.2942    16.2921    -0.0020    16.2604    16.2584    -0.0020   4.522049   4.521871  -0.000178    35.8253    35.8255     4.8468    26.3224    26.3231    35.8267    26.3235    1515.11    1515.11    16.2605  1027.2404    35.9960 0.0000e+00
      65348 289.138088  -37.39856  -51.44413     -0.881    1502.20    208.000    206.355    16.3021    16.2992    -0.0029    16.2686    16.2657    -0.0029   4.522794   4.522541  -0.000245    35.8259    35.8263     4.8405    26.3210    26.3220    35.8266    26.3215    1515.12    1515.11    16.2686  1027.2341    35.9958 0.0000e+00
      65390 289.138108  -37.39856  -51.44415     -0.617    1502.20    207.000    205.360    16.3059    16.2954    -0.0104    16.2725    16.2621    -0.0104   4.522930   4.522072  -0.000834    35.8242    35.8262     4.8348    26.3188    26.3227    35.8248    26.3193    1515.12    1515.09    16.2725  1027.2274    35.9941 0.0000e+00
      65439 289.138132  -37.39856  -51.44417     -0.468    1502.20    206.000    204.366    16.3023    16.3026     0.0003    16.2691    16.2694     0.0003   4.522010   4.522105   0.000042    35.8208    35.8209     4.8228    26.3169    26.3169    35.8202    26.3165    1515.08    1515.08    16.2691  1027.2208    35.9901 0.0000e+00
      65474 289.138148 -9.990e-29  -51.44418     -0.671    1502.20    205.000    203.373    16.2949    16.2956     0.0007    16.2619    16.2626     0.0007   4.520868   4.521040   0.000171    35.8170    35.8179     4.8016    26.3157    26.3162    35.8171    26.3158    1515.04    1515.04    16.2619  1027.2161    35.9873 0.0000e+00
      65513 289.138168 -9.990e-29  -51.44420     -0.621    1502.20    204.000    202.384    16.2970    16.2984     0.0014    16.2641    16.2655     0.0014   4.520965   4.521247   0.000267    35.8164    35.8175     4.7951    26.3147    26.3153    35.8165    26.3148    1515.03    1515.03    16.2641  1027.2107    35.9867 0.0000e+00
      65548 289.138184  -37.39860  -51.44422     -0.640    1502.20    203.000    201.393    16.2985    16.3006     0.0021    16.2658    16.2678     0.0021   4.520883   4.521138   0.000257    35.8146    35.8150     4.7914    26.3129    26.3128    35.8148    26.3131    1515.02    1515.02    16.2658  1027.2039    35.9840 0.0000e+00
      65573 289.138197  -37.39860  -51.44422     -0.856    1502.20    202.000    200.401    16.3045    16.3034    -0.0010    16.2719    16.2708    -0.0010   4.521387   4.521310  -0.000040    35.8136    35.8142     4.7999    26.3107    26.3114    35.8144    26.3113    1515.02    1515.01    16.2719  1027.1978    35.9835 0.0000e+00
      65597 289.138208  -37.39860  -51.44422     -0.992    1502.20    201.000    199.410    16.3170    16.3095    -0.0074    16.2845    16.2771    -0.0074   4.522940   4.521984  -0.000854    35.8155    35.8146     4.7907    26.3093    26.3103    35.8173    26.3107    1515.04    1515.02    16.2845  1027.1927    35.9865 0.0000e+00
      65628 289.138223  -37.39861  -51.44425     -0.857    1502.20    200.000    198.418    16.3399    16.3143    -0.0256    16.3076    16.2820    -0.0256   4.525721   4.522629  -0.003034    35.8195    35.8156     4.7910    26.3070    26.3099    35.8218    26.3088    1515.10    1515.02    16.3076  1027.1863    35.9910 0.0000e+00
      65672 289.138244  -37.39862  -51.44427     -0.537    1502.20    199.000    197.426    16.3713    16.3707    -0.0006    16.3391    16.3385    -0.0006   4.529459   4.529454  -0.000063    35.8241    35.8241     4.7875    26.3032    26.3033    35.8271    26.3055    1515.18    1515.18    16.3392  1027.1786    35.9963 0.0000e+00
      65708 289.138261  -37.39862  -51.44428     -0.645    1502.20    198.000    196.434    16.3926    16.3892    -0.0033    16.3605    16.3572    -0.0033   4.532195   4.531734  -0.000485    35.8301    35.8288     4.7797    26.3028    26.3026    35.8327    26.3048    1515.24    1515.23    16.3605  1027.1734    36.0019 0.0000e+00
      65741 289.138277  -37.39863  -51.44429     -0.731    1502.20    197.000    195.445    16.4070    16.3996    -0.0073    16.3751    16.3677    -0.0073   4.533861   4.532876  -0.000886    35.8325    35.8313     4.7891    26.3013    26.3020    35.8349    26.3031    1515.27    1515.24    16.3751  1027.1673    36.0042 0.0000e+00
      65800 289.138306  -37.39864  -51.44432     -0.354    1502.20    196.000    194.450    16.4301    16.4226    -0.0075    16.3983    16.3908    -0.0075   4.536266   4.535651  -0.000704    35.8339    35.8344     4.8117    26.2969    26.2990    35.8359    26.2984    1515.32    1515.30    16.3983  1027.1582    36.0051 0.0000e+00
      65835 289.138323  -37.39864  -51.44434     -0.608    1502.20    195.000    193.460    16.4311    16.4295    -0.0015    16.3994    16.3979    -0.0015   4.536416   4.536291  -0.000145    35.8350    35.8351     4.8161    26.2975    26.2979    35.8367    26.2988    1515.31    1515.31    16.3994  1027.1542    36.0060 0.0000e+00
      65856 289.138333  -37.39866  -51.44434     -0.954    1502.20    194.000    192.469    16.4325    16.4320    -0.0005    16.4010    16.4005    -0.0005   4.536364   4.536390   0.000011    35.8341    35.8347     4.8028    26.2964    26.2970    35.8354    26.2974    1515.30    1515.29    16.4010  1027.1484    36.0046 0.0000e+00
      65879 289.138344  -37.39866  -51.44435     -1.093    1502.20    193.000    191.476    16.4329    16.4330     0.0001    16.4016    16.4017     0.0001   4.536360   4.536431   0.000067    35.8342    35.8347     4.7958    26.2963    26.2967    35.8354    26.2973    1515.28    1515.28    16.4016  1027.1440    36.0046 0.0000e+00
      65910 289.138359  -37.39866  -51.44436     -0.885    1502.20    192.000    190.485    16.4356    16.4320    -0.0036    16.4044    16.4008    -0.0036   4.536664   4.536334  -0.000311    35.8346    35.8351     4.7941    26.2960    26.2972    35.8360    26.2971    1515.27    1515.26    16.4044  1027.1395    36.0053 0.0000e+00
      65953 289.138379  -37.39866  -51.44437     -0.552    1502.20    191.000    189.493    16.4684    16.4678    -0.0006    16.4374    16.4368    -0.0006   4.541161   4.540787  -0.000320    35.8423    35.8400     4.7982    26.2942    26.2925    35.8468    26.2976    1515.37    1515.36    16.4374  1027.1355    36.0161 0.0000e+00
