Pos-Processados/process_op42/Processamento_split/up/uoperantar42_005.cnv
* Sea-Bird SBE 9 Data File:
* FileName = C:\Users\Hidrografia\Desktop\OPXLII\Brutos\OP42005.hdr
* Software Version Seasave V 7.26.7.107
* Temperature SN = 6502
* Conductivity SN = 4998
* Number of Bytes Per Scan = 31
* Number of Voltage Words = 2
* Number of Scans Averaged by the Deck Unit = 1
* NMEA Latitude = 39 18.87 S
* NMEA Longitude = 053 09.31 W
* NMEA UTC (Time) = Oct 17 2023 00:39:31
* NMEA baud rate = 4800
** H41
** NPOALTEMAXIMIANO
** NUMERO DA ESTACAO (XXX) 005
** LAT (XX XX.XX S/N) 39 19.919 S
** LONG (XXX XX.XX W/E) 053 09.46 W
** DATAHORA (dd/mm/aaaa hh:mm Z) 17/10/2023 0025Z
** PROFUNDIDADE (m) 4727
** OPERADOR ZAMITH
# nquan = 30
# nvalues = 1005                        
# units = specified
# name 0 = scan: Scan Count
# name 1 = timeJ: Julian Days
# name 2 = latitude: Latitude [deg]
# name 3 = longitude: Longitude [deg]
# name 4 = dz/dtM: Descent Rate [m/s]
# name 5 = avgsvCM: Average Sound Velocity [Chen-Millero, m/s]
# name 6 = prDM: Pressure, Digiquartz [db]
# name 7 = depSM: Depth [salt water, m]
# name 8 = t090C: Temperature [ITS-90, deg C]
# name 9 = t190C: Temperature, 2 [ITS-90, deg C]
# name 10 = T2-T190C: Temperature Difference, 2 - 1 [ITS-90, deg C]
# name 11 = potemp090C: Potential Temperature [ITS-90, deg C]
# name 12 = potemp190C: Potential Temperature, 2 [ITS-90, deg C]
# name 13 = potemp90Cdiff: Potential Temperature, Diff, 2 - 1 [ITS-90, deg C]
# name 14 = c0S/m: Conductivity [S/m]
# name 15 = c1S/m: Conductivity, 2 [S/m]
# name 16 = C2-C1S/m: Conductivity Difference, 2 - 1 [S/m]
# name 17 = sal00: Salinity, Practical [PSU]
# name 18 = sal11: Salinity, Practical, 2 [PSU]
# name 19 = sbeox0ML/L: Oxygen, SBE 43 [ml/l]
# name 20 = sigma-é00: Density [sigma-theta, kg/m^3]
# name 21 = sigma-é11: Density, 2 [sigma-theta, kg/m^3]
# name 22 = sal00: Salinity, Practical [PSU]
# name 23 = sigma-é00: Density [sigma-theta, kg/m^3]
# name 24 = svCM: Sound Velocity [Chen-Millero, m/s]
# name 25 = svCM1: Sound Velocity, 2 [Chen-Millero, m/s]
# name 26 = gsw_ptA0: potential temperature [ITS-90, deg C]
# name 27 = gsw_densityA0: density, TEOS-10 [density, kg/m^3]
# name 28 = gsw_saA0: Absolute Salinity [g/kg]
# name 29 = flag:
# span 0 =      32415,      68185       
# span 1 = 290.043074, 290.060324       
# span 2 =  -39.31285,  -39.31084       
# span 3 =  -53.15054,  -53.14778       
# span 4 =     -1.712,     -0.023       
# span 5 =    1471.91,    1471.91       
# span 6 =      0.000,   1004.000       
# span 7 =      0.040,    993.965       
# span 8 =     2.6975,     9.4599       
# span 9 =     2.6979,     9.4666       
# span 10 =    -0.1422,     0.0797      
# span 11 =     2.6329,     9.4594      
# span 12 =     2.6337,     9.4661      
# span 13 =    -0.1422,     0.0797      
# span 14 =   3.090347,   3.658214      
# span 15 =   3.090342,   3.658536      
# span 16 =  -0.011993,   0.006644      
# span 17 =    33.9580,    34.5402      
# span 18 =    33.9536,    34.5399      
# span 19 =     3.9113,     6.7820      
# span 20 =    26.2282,    27.5508      
# span 21 =    26.2236,    27.5505      
# span 22 =    33.9628,    34.5402      
# span 23 =    26.2336,    27.5508      
# span 24 =    1465.55,    1486.70      
# span 25 =    1465.56,    1486.72      
# span 26 =     2.6328,     9.4594      
# span 27 =  1026.2469,  1032.2089      
# span 28 =    34.1231,    34.7060      
# span 29 = 0.0000e+00, 0.0000e+00      
# interval = decibars: 1                
# start_time = Oct 17 2023 00:39:31 [NMEA time, header]
# bad_flag = -9.990e-29
*END*
[from data line 387]
      43344 290.048344  -39.31212  -53.14902     -0.994    1471.91    617.000    611.400     2.8630     2.8640     0.0010     2.8239     2.8249     0.0010   3.125429   3.125506   0.000078    34.3107    34.3106     4.6218    27.3506    27.3504    34.3106    27.3506    1471.04    1471.04     2.8238  1030.2237    34.4737 0.0000e+00
      43368 290.048356  -39.31212  -53.14902     -1.028    1471.91    616.000    610.410     2.8630     2.8640     0.0010     2.8239     2.8249     0.0010   3.125446   3.125437  -0.000011    34.3116    34.3104     4.6239    27.3513    27.3503    34.3114    27.3512    1471.02    1471.02     2.8239  1030.2197    34.4745 0.0000e+00
      43395 290.048369  -39.31212  -53.14902     -0.948    1471.91    615.000    609.421     2.8629     2.8639     0.0010     2.8239     2.8249     0.0010   3.125236   3.125318   0.000087    34.3096    34.3095     4.6304    27.3497    27.3496    34.3095    27.3497    1471.00    1471.01     2.8238  1030.2135    34.4726 0.0000e+00
      43426 290.048384  -39.31210  -53.14902     -0.800    1471.91    614.000    608.431     2.8628     2.8639     0.0011     2.8239     2.8250     0.0011   3.125130   3.125190   0.000059    34.3089    34.3085     4.6278    27.3492    27.3488    34.3088    27.3491    1470.98    1470.99     2.8238  1030.2084    34.4719 0.0000e+00
      43462 290.048402  -39.31210  -53.14901     -0.671    1471.91    613.000    607.442     2.8630     2.8641     0.0011     2.8241     2.8252     0.0011   3.125031   3.125074   0.000041    34.3081    34.3074     4.6319    27.3485    27.3478    34.3079    27.3484    1470.97    1470.97     2.8241  1030.2030    34.4710 0.0000e+00
      43493 290.048416  -39.31212  -53.14900     -0.719    1471.91    612.000    606.452     2.8636     2.8641     0.0005     2.8247     2.8253     0.0005   3.124933   3.125021   0.000092    34.3067    34.3072     4.6371    27.3473    27.3477    34.3067    27.3474    1470.95    1470.95     2.8247  1030.1974    34.4698 0.0000e+00
      43516 290.048427  -39.31210  -53.14900     -0.918    1471.91    611.000    605.463     2.8634     2.8645     0.0012     2.8247     2.8258     0.0012   3.124896   3.124995   0.000089    34.3070    34.3069     4.6405    27.3476    27.3475    34.3070    27.3476    1470.93    1470.94     2.8246  1030.1930    34.4700 0.0000e+00
      43535 290.048437  -39.31210  -53.14900     -1.122    1471.91    610.000    604.473     2.8645     2.8680     0.0035     2.8258     2.8293     0.0034   3.124957   3.125016   0.000055    34.3070    34.3040     4.6472    27.3475    27.3448    34.3071    27.3476    1470.92    1470.93     2.8258  1030.1883    34.4701 0.0000e+00
      43553 290.048445  -39.31210  -53.14900     -1.274    1471.91    609.000    603.484     2.8667     2.8695     0.0028     2.8281     2.8308     0.0028   3.124909   3.125014   0.000109    34.3045    34.3029     4.6484    27.3453    27.3438    34.3047    27.3455    1470.91    1470.92     2.8280  1030.1816    34.4677 0.0000e+00
      43571 290.048454  -39.31210  -53.14900     -1.332    1471.91    608.000    602.494     2.8683     2.8704     0.0021     2.8298     2.8319     0.0021   3.124928   3.124982   0.000044    34.3037    34.3020     4.6498    27.3445    27.3430    34.3037    27.3445    1470.90    1470.91     2.8297  1030.1760    34.4667 0.0000e+00
      43593 290.048465  -39.31210  -53.14900     -1.229    1471.91    607.000    601.505     2.8693     2.8705     0.0012     2.8308     2.8321     0.0012   3.124872   3.124926   0.000055    34.3024    34.3018     4.6489    27.3434    27.3428    34.3025    27.3435    1470.89    1470.89     2.8308  1030.1703    34.4655 0.0000e+00
      43626 290.048481  -39.31210  -53.14898     -0.836    1471.91    606.000    600.515     2.8708     2.8717     0.0009     2.8324     2.8333     0.0009   3.124868   3.124898   0.000038    34.3012    34.3007     4.6578    27.3423    27.3418    34.3015    27.3425    1470.88    1470.88     2.8323  1030.1647    34.4645 0.0000e+00
      43669 290.048501  -39.31210  -53.14898     -0.537    1471.91    605.000    599.526     2.8725     2.8734     0.0009     2.8341     2.8351     0.0009   3.124892   3.124922   0.000024    34.3004    34.2997     4.6796    27.3415    27.3409    34.3005    27.3415    1470.87    1470.87     2.8341  1030.1591    34.4635 0.0000e+00
      43701 290.048517  -39.31210  -53.14898     -0.703    1471.91    604.000    598.536     2.8720     2.8728     0.0008     2.8337     2.8345     0.0008   3.124811   3.124848   0.000035    34.3005    34.3000     4.6924    27.3416    27.3412    34.3006    27.3417    1470.85    1470.85     2.8336  1030.1546    34.4636 0.0000e+00
      43729 290.048530  -39.31210  -53.14898     -0.844    1471.91    603.000    597.547     2.8728     2.8744     0.0016     2.8345     2.8361     0.0016   3.124801   3.124854   0.000053    34.3000    34.2990     4.6853    27.3411    27.3402    34.3001    27.3412    1470.83    1470.84     2.8345  1030.1495    34.4631 0.0000e+00
      43758 290.048544  -39.31210  -53.14898     -0.839    1471.91    602.000    596.557     2.8758     2.8756    -0.0001     2.8376     2.8374    -0.0001   3.124917   3.124891  -0.000020    34.2987    34.2985     4.6931    27.3398    27.3397    34.2989    27.3400    1470.83    1470.83     2.8376  1030.1436    34.4619 0.0000e+00
      43783 290.048556  -39.31210  -53.14896     -0.875    1471.91    601.000    595.568     2.8773     2.8774     0.0001     2.8392     2.8393     0.0001   3.124942   3.124935  -0.000007    34.2980    34.2978     4.6900    27.3391    27.3390    34.2982    27.3393    1470.82    1470.82     2.8391  1030.1382    34.4611 0.0000e+00
      43805 290.048567  -39.31210 -9.990e-29     -1.017    1471.91    600.000    594.578     2.8769     2.8775     0.0006     2.8389     2.8394     0.0006   3.124862   3.124893   0.000032    34.2979    34.2977     4.6913    27.3391    27.3389    34.2981    27.3392    1470.80    1470.80     2.8388  1030.1335    34.4610 0.0000e+00
      43824 290.048576  -39.31208 -9.990e-29     -1.158    1471.91    599.000    593.589     2.8771     2.8788     0.0017     2.8392     2.8409     0.0017   3.124805   3.124873   0.000071    34.2976    34.2966     4.6950    27.3388    27.3379    34.2977    27.3389    1470.78    1470.79     2.8391  1030.1285    34.4606 0.0000e+00
      43845 290.048586  -39.31208 -9.990e-29     -1.201    1471.91    598.000    592.599     2.8773     2.8789     0.0015     2.8394     2.8409     0.0015   3.124762   3.124781   0.000015    34.2975    34.2961     4.7000    27.3387    27.3374    34.2975    27.3387    1470.77    1470.77     2.8394  1030.1237    34.4604 0.0000e+00
      43867 290.048596  -39.31208 -9.990e-29     -1.153    1471.91    597.000    591.610     2.8785     2.8796     0.0011     2.8407     2.8418     0.0011   3.124740   3.124760   0.000015    34.2964    34.2954     4.7016    27.3377    27.3369    34.2965    27.3378    1470.76    1470.76     2.8406  1030.1182    34.4594 0.0000e+00
      43891 290.048608  -39.31208  -53.14894     -1.054    1471.91    596.000    590.620     2.8802     2.8809     0.0007     2.8424     2.8431     0.0007   3.124766   3.124787   0.000025    34.2953    34.2949     4.7061    27.3367    27.3363    34.2955    27.3369    1470.74    1470.75     2.8424  1030.1121    34.4579 0.0000e+00
      43920 290.048622 -9.990e-29  -53.14894     -0.885    1471.91    595.000    589.631     2.8817     2.8824     0.0007     2.8439     2.8447     0.0007   3.124813   3.124825   0.000019    34.2949    34.2943     4.7166    27.3362    27.3357    34.2951    27.3364    1470.73    1470.74     2.8439  1030.1069    34.4572 0.0000e+00
      43960 290.048641 -9.990e-29  -53.14894     -0.642    1471.91    594.000    588.646     2.8840     2.8849     0.0009     2.8464     2.8472     0.0009   3.124754   3.124787   0.000030    34.2923    34.2918     4.7234    27.3340    27.3334    34.2925    27.3341    1470.72    1470.73     2.8463  1030.0998    34.4545 0.0000e+00
      44023 290.048672 -9.990e-29  -53.14894     -0.307    1471.91    593.000    587.647     2.8839     2.8851     0.0013     2.8463     2.8475     0.0013   3.124481   3.124528   0.000045    34.2897    34.2889     4.7363    27.3319    27.3312    34.2898    27.3320    1470.70    1470.71     2.8462  1030.0931    34.4519 0.0000e+00
      44052 290.048686 -9.990e-29  -53.14894     -0.661    1471.91    592.000    586.662     2.8834     2.8842     0.0008     2.8459     2.8467     0.0008   3.124520   3.124533   0.000021    34.2911    34.2905     4.7488    27.3330    27.3325    34.2914    27.3332    1470.69    1470.69     2.8458  1030.0898    34.4534 0.0000e+00
      44070 290.048694 -9.990e-29  -53.14892     -1.034    1471.91    591.000    585.672     2.8830     2.8842     0.0012     2.8455     2.8467     0.0012   3.124426   3.124386  -0.000038    34.2913    34.2896     4.7531    27.3332    27.3317    34.2911    27.3331    1470.67    1470.67     2.8455  1030.0850    34.4532 0.0000e+00
      44085 290.048702 -9.990e-29  -53.14892     -1.315    1471.91    590.000    584.683     2.8834     2.8846     0.0012     2.8460     2.8472     0.0012   3.124297   3.124351   0.000043    34.2897    34.2890     4.7570    27.3319    27.3312    34.2897    27.3319    1470.65    1470.66     2.8460  1030.0805    34.4534 0.0000e+00
      44101 290.048710 -9.990e-29 -9.990e-29     -1.484    1471.91    589.000    583.693     2.8838     2.8855     0.0017     2.8465     2.8482     0.0017   3.124270   3.124352   0.000079    34.2894    34.2886     4.7605    27.3316    27.3308    34.2895    27.3317    1470.64    1470.64     2.8464  1030.0769    34.4548 0.0000e+00
      44119 290.048718 -9.990e-29 -9.990e-29     -1.464    1471.91    588.000    582.704     2.8842     2.8854     0.0012     2.8469     2.8482     0.0012   3.124239   3.124275   0.000039    34.2892    34.2884     4.7542    27.3314    27.3306    34.2892    27.3314    1470.62    1470.63     2.8469  1030.0721    34.4546 0.0000e+00
      44153 290.048735 -9.990e-29 -9.990e-29     -0.904    1471.91    587.000    581.714     2.8829     2.8841     0.0011     2.8458     2.8469     0.0011   3.124043   3.124080   0.000036    34.2888    34.2880     4.7491    27.3312    27.3305    34.2887    27.3311    1470.60    1470.60     2.8457  1030.0672    34.4541 0.0000e+00
      44201 290.048758  -39.31204  -53.14890     -0.418    1471.91    586.000    580.724     2.8828     2.8840     0.0012     2.8457     2.8468     0.0012   3.123971   3.123998   0.000024    34.2885    34.2875     4.7616    27.3310    27.3301    34.2885    27.3310    1470.58    1470.59     2.8456  1030.0606    34.4515 0.0000e+00
      44225 290.048769  -39.31204  -53.14890     -0.791    1471.91    585.000    579.735     2.8827     2.8836     0.0008     2.8457     2.8465     0.0008   3.123915   3.123949   0.000041    34.2884    34.2880     4.7600    27.3309    27.3305    34.2884    27.3309    1470.56    1470.57     2.8457  1030.0557    34.4513 0.0000e+00
      44246 290.048779  -39.31204  -53.14890     -1.060    1471.91    584.000    578.745     2.8827     2.8835     0.0008     2.8457     2.8465     0.0008   3.123850   3.123886   0.000030    34.2883    34.2878     4.7581    27.3308    27.3304    34.2882    27.3307    1470.55    1470.55     2.8457  1030.0510    34.4511 0.0000e+00
      44271 290.048791  -39.31204  -53.14890     -1.067    1471.91    583.000    577.755     2.8826     2.8835     0.0009     2.8457     2.8466     0.0009   3.123792   3.123833   0.000039    34.2882    34.2877     4.7609    27.3307    27.3302    34.2881    27.3307    1470.53    1470.54     2.8457  1030.0463    34.4510 0.0000e+00
      44317 290.048813  -39.31204  -53.14889     -0.518    1471.91    582.000    576.769     2.8839     2.8848     0.0009     2.8471     2.8480     0.0009   3.123873   3.123855  -0.000009    34.2880    34.2869     4.7598    27.3304    27.3295    34.2883    27.3306    1470.52    1470.52     2.8470  1030.0416    34.4511 0.0000e+00
      44355 290.048832  -39.31204  -53.14888     -0.583    1471.91    581.000    575.768     2.8841     2.8852     0.0012     2.8473     2.8484     0.0012   3.123779   3.123822   0.000038    34.2878    34.2871     4.7641    27.3303    27.3296    34.2875    27.3300    1470.50    1470.51     2.8472  1030.0364    34.4504 0.0000e+00
      44380 290.048844  -39.31204  -53.14888     -0.863    1471.91    580.000    574.787     2.8825     2.8828     0.0003     2.8458     2.8461     0.0003   3.123627   3.123563  -0.000046    34.2879    34.2869     4.7685    27.3305    27.3297    34.2878    27.3304    1470.48    1470.48     2.8458  1030.0321    34.4507 0.0000e+00
      44401 290.048854  -39.31204  -53.14888     -1.049    1471.91    579.000    573.797     2.8810     2.8813     0.0003     2.8444     2.8447     0.0003   3.123300   3.123326   0.000006    34.2866    34.2863     4.7690    27.3295    27.3293    34.2860    27.3290    1470.46    1470.46     2.8444  1030.0262    34.4488 0.0000e+00
      44423 290.048865  -39.31204  -53.14888     -1.115    1471.91    578.000    572.807     2.8792     2.8802     0.0010     2.8427     2.8436     0.0010   3.123058   3.123073   0.000021    34.2857    34.2849     4.7702    27.3290    27.3283    34.2855    27.3288    1470.43    1470.43     2.8426  1030.0213    34.4483 0.0000e+00
      44445 290.048875  -39.31204  -53.14888     -1.092    1471.91    577.000    571.818     2.8798     2.8813     0.0015     2.8433     2.8448     0.0015   3.123005   3.123092   0.000085    34.2846    34.2841     4.7680    27.3281    27.3275    34.2847    27.3282    1470.42    1470.42     2.8433  1030.0161    34.4476 0.0000e+00
      44466 290.048885  -39.31204  -53.14888     -1.106    1471.91    576.000    570.828     2.8849     2.8873     0.0024     2.8485     2.8509     0.0024   3.123408   3.123539   0.000116    34.2842    34.2831     4.7732    27.3273    27.3262    34.2848    27.3277    1470.42    1470.43     2.8484  1030.0109    34.4476 0.0000e+00
      44484 290.048894  -39.31204  -53.14888     -1.203    1471.91    575.000    569.838     2.8874     2.8944     0.0070     2.8510     2.8580     0.0069   3.123591   3.124138   0.000516    34.2844    34.2833     4.7796    27.3272    27.3257    34.2849    27.3276    1470.42    1470.45     2.8510  1030.0061    34.4477 0.0000e+00
      44502 290.048903  -39.31202 -9.990e-29     -1.311    1471.91    574.000    568.849     2.8922     2.8981     0.0060     2.8558     2.8618     0.0060   3.123962   3.124419   0.000436    34.2844    34.2834     4.7794    27.3268    27.3254    34.2849    27.3271    1470.42    1470.45     2.8558  1030.0009    34.4476 0.0000e+00
      44522 290.048912  -39.31202 -9.990e-29     -1.304    1471.91    573.000    567.859     2.8958     2.9001     0.0044     2.8595     2.8638     0.0044   3.124286   3.124557   0.000299    34.2846    34.2837     4.7825    27.3266    27.3255    34.2855    27.3273    1470.42    1470.44     2.8595  1029.9964    34.4483 0.0000e+00
      44575 290.048938  -39.31202  -53.14886     -0.529    1471.91    572.000    566.873     2.9011     2.9019     0.0008     2.8648     2.8656     0.0008   3.124555   3.124579   0.000027    34.2834    34.2828     4.7879    27.3251    27.3247    34.2838    27.3255    1470.42    1470.43     2.8648  1029.9899    34.4465 0.0000e+00
      44632 290.048966  -39.31202  -53.14884     -0.447    1471.91    571.000    565.880     2.8995     2.9007     0.0011     2.8634     2.8645     0.0011   3.124302   3.124338   0.000051    34.2826    34.2821     4.7918    27.3247    27.3242    34.2828    27.3249    1470.40    1470.40     2.8633  1029.9847    34.4456 0.0000e+00
      44652 290.048975  -39.31202  -53.14884     -0.914    1471.91    570.000    564.890     2.8987     2.8986    -0.0000     2.8626     2.8626    -0.0000   3.124133   3.124060  -0.000065    34.2823    34.2815     4.7968    27.3245    27.3239    34.2822    27.3244    1470.38    1470.38     2.8626  1029.9796    34.4450 0.0000e+00
