Pos-Processados/process_op42/Processamento_split/up/uoperantar42_003.cnv
* Sea-Bird SBE 9 Data File:
* FileName = C:\Users\Hidrografia\Desktop\OPXLII\Brutos\OP42003.hdr
* Software Version Seasave V 7.26.7.107
* Temperature SN = 6502
* Conductivity SN = 4998
* Number of Bytes Per Scan = 37
* Number of Voltage Words = 4
* Number of Scans Averaged by the Deck Unit = 1
* NMEA Latitude = 38 28.81 S
* NMEA Longitude = 052 09.38 W
* NMEA UTC (Time) = Oct 16 2023 14:11:02
* NMEA baud rate = 4800
** H41
** NPOALTEMAXIMIANO
** NUMERO DA ESTACAO (XXX) 003
** LAT (XX XX.XX S/N) 38 28,767 S
** LONG (XXX XX.XX W/E) 052 09,375 W
** DATAHORA (dd/mm/aaaa hh:mm Z) 16/10/2023 1410 Z
** PROFUNDIDADE (m) 4597
** OPERADOR CHEOPE
# nquan = 30
# nvalues = 1011                        
# units = specified
# name 0 = scan: Scan Count
# name 1 = timeJ: Julian Days
# name 2 = latitude: Latitude [deg]
# name 3 = longitude: Longitude [deg]
# name 4 = dz/dtM: Descent Rate [m/s]
# name 5 = avgsvCM: Average Sound Velocity [Chen-Millero, m/s]
# name 6 = prDM: Pressure, Digiquartz [db]
# name 7 = depSM: Depth [salt water, m]
# name 8 = t090C: Temperature [ITS-90, deg C]
# name 9 = t190C: Temperature, 2 [ITS-90, deg C]
# name 10 = T2-T190C: Temperature Difference, 2 - 1 [ITS-90, deg C]
# name 11 = potemp090C: Potential Temperature [ITS-90, deg C]
# name 12 = potemp190C: Potential Temperature, 2 [ITS-90, deg C]
# name 13 = potemp90Cdiff: Potential Temperature, Diff, 2 - 1 [ITS-90, deg C]
# name 14 = c0S/m: Conductivity [S/m]
# name 15 = c1S/m: Conductivity, 2 [S/m]
# name 16 = C2-C1S/m: Conductivity Difference, 2 - 1 [S/m]
# name 17 = sal00: Salinity, Practical [PSU]
# name 18 = sal11: Salinity, Practical, 2 [PSU]
# name 19 = sbeox0ML/L: Oxygen, SBE 43 [ml/l]
# name 20 = sigma-é00: Density [sigma-theta, kg/m^3]
# name 21 = sigma-é11: Density, 2 [sigma-theta, kg/m^3]
# name 22 = sal00: Salinity, Practical [PSU]
# name 23 = sigma-é00: Density [sigma-theta, kg/m^3]
# name 24 = svCM: Sound Velocity [Chen-Millero, m/s]
# name 25 = svCM1: Sound Velocity, 2 [Chen-Millero, m/s]
# name 26 = gsw_ptA0: potential temperature [ITS-90, deg C]
# name 27 = gsw_densityA0: density, TEOS-10 [density, kg/m^3]
# name 28 = gsw_saA0: Absolute Salinity [g/kg]
# name 29 = flag:
# span 0 =      33929,      71521       
# span 1 = 289.607357, 289.625486       
# span 2 =  -38.50253,  -38.49062       
# span 3 =  -52.15740,  -52.15710       
# span 4 =     -1.689,     -0.120       
# span 5 =    1503.29,    1503.29       
# span 6 =      1.000,   1011.000       
# span 7 =      1.017,   1000.961       
# span 8 =     4.3336,    18.7030       
# span 9 =     4.3347,    18.7037       
# span 10 =    -0.0442,     0.1234      
# span 11 =     4.2550,    18.7020      
# span 12 =     4.2561,    18.7036      
# span 13 =    -0.0441,     0.1229      
# span 14 =   3.266233,   4.809770      
# span 15 =   3.266362,   4.809920      
# span 16 =  -0.008748,   0.011435      
# span 17 =    34.2385,    36.2844      
# span 18 =    34.2381,    36.2855      
# span 19 =     4.4407,     5.2398      
# span 20 =    25.9351,    27.1787      
# span 21 =    25.8771,    27.1784      
# span 22 =    34.2381,    36.2855      
# span 23 =    25.9460,    27.1792      
# span 24 =    1483.26,    1520.88      
# span 25 =    1483.25,    1520.89      
# span 26 =     4.2548,    18.7020      
# span 27 =  1025.9544,  1031.8270      
# span 28 =    34.4001,    36.4569      
# span 29 = 0.0000e+00, 0.0000e+00      
# interval = decibars: 1                
# start_time = Oct 16 2023 14:11:02 [NMEA time, header]
# bad_flag = -9.990e-29
*END*
[from data line 436]
      46656 289.613495  -38.49474  -52.15722     -0.817    1503.29    575.000    569.881     9.8848     9.8932     0.0084     9.8175     9.8258     0.0083   3.803017   3.803600   0.000646    34.7832    34.7818     4.4753    26.8137    26.8112    34.7884    26.8178    1498.64    1498.67     9.8174  1029.3980    34.9534 0.0000e+00
      46676 289.613504  -38.49476  -52.15722     -1.081    1503.29    574.000    568.891     9.8945     9.9032     0.0086     9.8273     9.8358     0.0086   3.803912   3.804670   0.000689    34.7841    34.7829     4.4717    26.8127    26.8104    34.7887    26.8163    1498.66    1498.69     9.8272  1029.3920    34.9537 0.0000e+00
      46695 289.613514  -38.49476  -52.15722     -1.212    1503.29    573.000    567.901     9.9048     9.9177     0.0128     9.8377     9.8505     0.0128   3.804994   3.806242   0.001100    34.7859    34.7848     4.4739    26.8124    26.8094    34.7903    26.8158    1498.68    1498.73     9.8376  1029.3869    34.9553 0.0000e+00
      46729 289.613530  -38.49477  -52.15722     -0.883    1503.29    572.000    566.914     9.9634     9.9653     0.0020     9.8961     9.8980     0.0020   3.811319   3.811365   0.000109    34.7914    34.7906     4.4749    26.8068    26.8058    34.7991    26.8128    1498.89    1498.89     9.8960  1029.3787    34.9641 0.0000e+00
      46790 289.613559  -38.49479  -52.15722     -0.293    1503.29    571.000    565.914    10.0231    10.0258     0.0027     9.9556     9.9583     0.0027   3.817422   3.817687   0.000240    34.7999    34.7997     4.4703    26.8033    26.8027    34.8045    26.8069    1499.09    1499.10     9.9556  1029.3676    34.9695 0.0000e+00
      46819 289.613573  -38.49480  -52.15722     -0.690    1503.29    570.000    564.932    10.0118    10.0345     0.0228     9.9445     9.9672     0.0227   3.816113   3.818774   0.002463    34.7983    34.8015     4.4621    26.8039    26.8026    34.8024    26.8071    1499.03    1499.12     9.9444  1029.3635    34.9674 0.0000e+00
      46846 289.613586  -38.49482  -52.15722     -0.892    1503.29    569.000    563.942    10.0551    10.0510    -0.0041     9.9878     9.9836    -0.0041   3.821152   3.820223  -0.000562    34.8051    34.8034     4.4661    26.8019    26.8012    34.8126    26.8077    1499.18    1499.16     9.9877  1029.3591    34.9777 0.0000e+00
      46886 289.613606  -38.49482  -52.15722     -0.621    1503.29    568.000    562.952    10.1117    10.1047    -0.0070    10.0443    10.0373    -0.0070   3.827075   3.826370  -0.000842    34.8118    34.8100     4.4626    26.7975    26.7972    34.8190    26.8031    1499.38    1499.35    10.0442  1029.3493    34.9841 0.0000e+00
      46918 289.613621  -38.49484  -52.15722     -0.675    1503.29    567.000    561.962    10.1363    10.1306    -0.0057    10.0689    10.0632    -0.0057   3.829115   3.828866  -0.000462    34.8126    34.8134     4.4584    26.7939    26.7954    34.8166    26.7970    1499.45    1499.43    10.0688  1029.3385    34.9818 0.0000e+00
      46945 289.613634  -38.49484  -52.15722     -0.877    1503.29    566.000    560.973    10.1530    10.1544     0.0014    10.0856    10.0870     0.0014   3.831552   3.831287 1.6920e-07    34.8180    34.8167     4.4527    26.7951    26.7939    34.8258    26.8013    1499.50    1499.50    10.0856  1029.3381    34.9910 0.0000e+00
      47006 289.613664  -38.49485  -52.15722     -0.349    1503.29    565.000    559.981    10.2465    10.2429    -0.0036    10.1789    10.1753    -0.0036   3.841233   3.840897  -0.000425    34.8289    34.8280     4.4632    26.7876    26.7875    34.8350    26.7923    1499.83    1499.82    10.1788  1029.3236    35.0001 0.0000e+00
      47052 289.613686  -38.49486  -52.15722     -0.564    1503.29    564.000    558.990    10.2207    10.2306     0.0099    10.1533    10.1631     0.0099   3.838186   3.839406   0.001164    34.8268    34.8292     4.4547    26.7904    26.7905    34.8292    26.7923    1499.72    1499.75    10.1532  1029.3195    34.9944 0.0000e+00
      47076 289.613698  -38.49487 -9.990e-29     -0.865    1503.29    563.000    558.004    10.2301    10.2394     0.0092    10.1628    10.1720     0.0092   3.839409   3.840365   0.000942    34.8296    34.8303     4.4468    26.7910    26.7899    34.8330    26.7936    1499.74    1499.77    10.1627  1029.3162    34.9983 0.0000e+00
      47115 289.613716  -38.49490 -9.990e-29     -0.687    1503.29    562.000    557.018    10.2612    10.2583    -0.0029    10.1939    10.1910    -0.0028   3.842715   3.842420  -0.000275    34.8325    34.8324     4.4510    26.7878    26.7883    34.8372    26.7915    1499.84    1499.83    10.1938  1029.3093    35.0025 0.0000e+00
      47150 289.613733  -38.49490  -52.15724     -0.587    1503.29    561.000    556.014    10.2725    10.2712    -0.0013    10.2052    10.2039    -0.0013   3.843788   3.843584  -0.000190    34.8356    34.8349     4.4652    26.7883    26.7880    34.8378    26.7900    1499.86    1499.86    10.2051  1029.3031    35.0030 0.0000e+00
      47169 289.613742  -38.49491  -52.15723     -0.952    1503.29    560.000    555.034    10.2748    10.2853     0.0105    10.2076    10.2181     0.0105   3.844292   3.845265   0.000820    34.8371    34.8354     4.4577    26.7891    26.7859    34.8411    26.7922    1499.86    1499.89    10.2076  1029.3008    35.0063 0.0000e+00
      47186 289.613751  -38.49492  -52.15722     -1.257    1503.29    559.000    554.044    10.2800    10.2945     0.0146    10.2129    10.2274     0.0145   3.844749   3.846076   0.001312    34.8379    34.8372     4.4539    26.7887    26.7857    34.8412    26.7913    1499.86    1499.91    10.2129  1029.2954    35.0064 0.0000e+00
      47204 289.613759  -38.49492  -52.15722     -1.389    1503.29    558.000    553.055    10.2927    10.3001     0.0075    10.2257    10.2331     0.0074   3.846084   3.846627   0.000559    34.8398    34.8383     4.4570    26.7880    26.7855    34.8430    26.7906    1499.89    1499.92    10.2256  1029.2901    35.0082 0.0000e+00
      47238 289.613775  -38.49493  -52.15722     -0.927    1503.29    557.000    552.066    10.3185    10.3189     0.0003    10.2515    10.2519     0.0003   3.848802   3.848757  -0.000024    34.8415    34.8409     4.4530    26.7848    26.7843    34.8463    26.7886    1499.97    1499.97    10.2515  1029.2833    35.0115 0.0000e+00
      47302 289.613806  -38.49494  -52.15722     -0.306    1503.29    556.000    551.074    10.3887    10.3914     0.0027    10.3216    10.3242     0.0026   3.856253   3.856437   0.000235    34.8501    34.8499     4.4544    26.7794    26.7788    34.8549    26.7832    1500.21    1500.22    10.3215  1029.2726    35.0202 0.0000e+00
      47342 289.613826  -38.49496  -52.15722     -0.579    1503.29    555.000    550.085    10.4031    10.4012    -0.0019    10.3360    10.3342    -0.0018   3.857627   3.857407  -0.000226    34.8518    34.8512     4.4666    26.7782    26.7781    34.8556    26.7811    1500.25    1500.24    10.3360  1029.2660    35.0208 0.0000e+00
      47376 289.613842  -38.49498  -52.15722     -0.668    1503.29    554.000    549.095    10.4124    10.4085    -0.0038    10.3454    10.3416    -0.0038   3.858605   3.858058  -0.000536    34.8541    34.8524     4.4602    26.7784    26.7777    34.8570    26.7806    1500.27    1500.25    10.3453  1029.2609    35.0222 0.0000e+00
      47401 289.613854  -38.49498  -52.15722     -0.848    1503.29    553.000    548.105    10.4125    10.4093    -0.0031    10.3456    10.3425    -0.0031   3.858573   3.858168  -0.000428    34.8546    34.8533     4.4604    26.7787    26.7782    34.8570    26.7806    1500.25    1500.24    10.3455  1029.2564    35.0223 0.0000e+00
      47420 289.613863  -38.49498  -52.15724     -1.079    1503.29    552.000    547.116    10.4143    10.4246     0.0103    10.3476    10.3578     0.0103   3.858935   3.860050   0.000766    34.8560    34.8539     4.4648    26.7795    26.7761    34.8594    26.7821    1500.24    1500.28    10.3475  1029.2535    35.0246 0.0000e+00
      47440 289.613873  -38.49499  -52.15724     -1.214    1503.29    551.000    546.126    10.4308    10.4534     0.0225    10.3642    10.3866     0.0224   3.860632   3.862647   0.002139    34.8576    34.8577     4.4602    26.7778    26.7740    34.8611    26.7806    1500.29    1500.37    10.3641  1029.2473    35.0264 0.0000e+00
      47481 289.613893  -38.49501  -52.15724     -0.734    1503.29    550.000    545.136    10.4816    10.4834     0.0018    10.4149    10.4166     0.0018   3.865956   3.866131   0.000222    34.8616    34.8621     4.4551    26.7720    26.7721    34.8668    26.7761    1500.46    1500.47    10.4148  1029.2378    35.0321 0.0000e+00
      47542 289.613922  -38.49502  -52.15722     -0.314    1503.29    549.000    544.146    10.5157    10.5149    -0.0007    10.4489    10.4482    -0.0007   3.869395   3.869455  -0.000044    34.8671    34.8674     4.4520    26.7704    26.7707    34.8694    26.7722    1500.57    1500.57    10.4488  1029.2290    35.0347 0.0000e+00
      47564 289.613933  -38.49502  -52.15722     -0.797    1503.29    548.000    543.156    10.5138    10.5324     0.0186    10.4471    10.4657     0.0185   3.869717   3.871328   0.001606    34.8700    34.8684     4.4538    26.7729    26.7684    34.8749    26.7767    1500.55    1500.62    10.4471  1029.2292    35.0402 0.0000e+00
      47583 289.613942  -38.49503  -52.15722     -1.102    1503.29    547.000    542.166    10.5330    10.5429     0.0100    10.4664    10.4763     0.0099   3.871642   3.872442   0.000830    34.8721    34.8710     4.4533    26.7712    26.7686    34.8764    26.7746    1500.60    1500.64    10.4663  1029.2223    35.0417 0.0000e+00
      47604 289.613952  -38.49504  -52.15723     -1.214    1503.29    546.000    541.176    10.5484    10.5520     0.0035    10.4819    10.4854     0.0035   3.873091   3.873353   0.000371    34.8724    34.8728     4.4587    26.7687    26.7684    34.8767    26.7720    1500.64    1500.65    10.4818  1029.2152    35.0420 0.0000e+00
      47636 289.613968  -38.49505  -52.15724     -0.885    1503.29    545.000    540.188    10.5773    10.5724    -0.0049    10.5108    10.5059    -0.0049   3.876230   3.875631  -0.000599    34.8766    34.8753     4.4636    26.7669    26.7667    34.8811    26.7704    1500.73    1500.71    10.5107  1029.2088    35.0465 0.0000e+00
      47688 289.613992  -38.49508  -52.15724     -0.408    1503.29    544.000    539.194    10.6012    10.6018     0.0006    10.5347    10.5353     0.0006   3.878799   3.878705  -0.000079    34.8813    34.8799     4.4606    26.7664    26.7652    34.8847    26.7690    1500.81    1500.81    10.5346  1029.2026    35.0500 0.0000e+00
      47718 289.614007  -38.49508  -52.15724     -0.670    1503.29    543.000    538.207    10.6021    10.6035     0.0014    10.5358    10.5371     0.0013   3.878640   3.878855   0.000176    34.8802    34.8807     4.4527    26.7653    26.7655    34.8826    26.7672    1500.79    1500.80    10.5357  1029.1963    35.0480 0.0000e+00
      47739 289.614017  -38.49508  -52.15724     -0.980    1503.29    542.000    537.217    10.6068    10.6164     0.0096    10.5406    10.5501     0.0096   3.879303   3.880295   0.000889    34.8822    34.8820     4.4533    26.7661    26.7642    34.8852    26.7684    1500.79    1500.83    10.5405  1029.1931    35.0506 0.0000e+00
      47759 289.614027  -38.49510  -52.15724     -1.174    1503.29    541.000    536.227    10.6203    10.6352     0.0148    10.5542    10.5689     0.0148   3.880769   3.882261   0.001388    34.8841    34.8840     4.4583    26.7651    26.7624    34.8875    26.7678    1500.83    1500.88    10.5541  1029.1878    35.0529 0.0000e+00
      47787 289.614040  -38.49510  -52.15724     -1.003    1503.29    540.000    535.237    10.7031    10.7006    -0.0025    10.6367    10.6342    -0.0025   3.890565   3.890139  -0.000361    34.8933    34.8920     4.4516    26.7576    26.7570    34.9075    26.7686    1501.13    1501.12    10.6366  1029.1833    35.0729 0.0000e+00
      47828 289.614060  -38.49511  -52.15724     -0.561    1503.29    539.000    534.247    10.8659    10.8616    -0.0043    10.7990    10.7947    -0.0043   3.907166   3.906406  -0.000500    34.9116    34.9107     4.4407    26.7429    26.7430    34.9192    26.7489    1501.70    1501.68    10.7989  1029.1573    35.0848 0.0000e+00
      47861 289.614076  -38.49512  -52.15724     -0.688    1503.29    538.000    533.258    10.8410    10.8443     0.0033    10.7743    10.7776     0.0033   3.904169   3.905123   0.000553    34.9088    34.9112     4.4527    26.7452    26.7464    34.9134    26.7487    1501.59    1501.61    10.7743  1029.1530    35.0789 0.0000e+00
      47897 289.614093  -38.49513  -52.15724     -0.708    1503.29    537.000    532.268    10.8761    10.8793     0.0033    10.8094    10.8126     0.0032   3.908508   3.908757   0.000305    34.9159    34.9159     4.4594    26.7445    26.7439    34.9239    26.7506    1501.71    1501.72    10.8093  1029.1500    35.0894 0.0000e+00
      47942 289.614115  -38.49514  -52.15724     -0.474    1503.29    536.000    531.276    10.9314    10.9314    -0.0000    10.8646    10.8646    -0.0000   3.914367   3.914133  -0.000149    34.9245    34.9231     4.4536    26.7413    26.7401    34.9302    26.7457    1501.89    1501.89    10.8645  1029.1400    35.0958 0.0000e+00
      47969 289.614128  -38.49515  -52.15724     -0.749    1503.29    535.000    530.288    10.9029    10.9051     0.0022    10.8364    10.8386     0.0022   3.911193   3.911447   0.000097    34.9227    34.9216     4.4492    26.7449    26.7436    34.9260    26.7474    1501.77    1501.78    10.8363  1029.1377    35.0915 0.0000e+00
      47990 289.614138  -38.49516  -52.15724     -1.025    1503.29    534.000    529.298    10.9209    10.9376     0.0167    10.8544    10.8710     0.0166   3.913467   3.914916   0.001216    34.9266    34.9229     4.4506    26.7447    26.7388    34.9321    26.7490    1501.83    1501.88    10.8544  1029.1345    35.0976 0.0000e+00
      48013 289.614149  -38.49517  -52.15724     -1.108    1503.29    533.000    528.308    10.9457    10.9698     0.0241    10.8792    10.9033     0.0240   3.915908   3.918308   0.002399    34.9266    34.9277     4.4599    26.7403    26.7367    34.9333    26.7455    1501.90    1501.98    10.8792  1029.1263    35.0989 0.0000e+00
      48043 289.614164  -38.49518  -52.15724     -0.900    1503.29    532.000    527.318    11.0328    11.0267    -0.0062    10.9662    10.9601    -0.0061   3.925689   3.924780  -0.000726    34.9367    34.9353     4.4563    26.7324    26.7324    34.9485    26.7416    1502.21    1502.18    10.9661  1029.1170    35.1142 0.0000e+00
      48080 289.614182  -38.49520  -52.15724     -0.657    1503.29    531.000    526.328    11.1254    11.1180    -0.0073    11.0585    11.0512    -0.0073   3.935494   3.934682  -0.000872    34.9489    34.9472     4.4602    26.7252    26.7251    34.9587    26.7328    1502.52    1502.50    11.0584  1029.1027    35.1244 0.0000e+00
      48113 289.614198  -38.49520  -52.15724     -0.680    1503.29    530.000    525.338    11.1503    11.1324    -0.0179    11.0835    11.0656    -0.0179   3.937302   3.935749  -0.001527    34.9491    34.9509     4.4606    26.7207    26.7254    34.9535    26.7242    1502.59    1502.53    11.0834  1029.0894    35.1192 0.0000e+00
      48139 289.614210  -38.49520  -52.15724     -0.854    1503.29    529.000    524.348    11.1463    11.1576     0.0113    11.0795    11.0908     0.0113   3.937677   3.938738   0.001324    34.9523    34.9547     4.4680    26.7240    26.7238    34.9615    26.7311    1502.57    1502.61    11.0795  1029.0920    35.1272 0.0000e+00
