Pos-Processados/process_op42/Processamento_split/up/uoperantar42_037.cnv
* Sea-Bird SBE 9 Data File:
* FileName = C:\Users\Hidrografia\Desktop\OPXLII\Brutos\OP42037.hdr
* Software Version Seasave V 7.26.7.107
* Temperature SN = 6502
* Conductivity SN = 4998
* Number of Bytes Per Scan = 37
* Number of Voltage Words = 4
* Number of Scans Averaged by the Deck Unit = 1
* NMEA Latitude = 62 08.60 S
* NMEA Longitude = 058 26.37 W
* NMEA UTC (Time) = Nov 09 2023 12:08:15
* NMEA baud rate = 4800
** H41
** NPOALTEMAXIMIANO
** NUMERO DA ESTACAO (XXX) 037
** LAT (XX XX.XX S/N) 62 08.14 S
** LONG (XXX XX.XX W/E) 058 26.57 W
** DATAHORA (dd/mm/aaaa hh:mm Z) 09/11/2023 1205Z
** PROFUNDIDADE (m) 400
** OPERADOR 1T ZAMITH
# nquan = 30
# nvalues = 331                         
# units = specified
# name 0 = scan: Scan Count
# name 1 = timeJ: Julian Days
# name 2 = latitude: Latitude [deg]
# name 3 = longitude: Longitude [deg]
# name 4 = dz/dtM: Descent Rate [m/s]
# name 5 = avgsvCM: Average Sound Velocity [Chen-Millero, m/s]
# name 6 = prDM: Pressure, Digiquartz [db]
# name 7 = depSM: Depth [salt water, m]
# name 8 = t090C: Temperature [ITS-90, deg C]
# name 9 = t190C: Temperature, 2 [ITS-90, deg C]
# name 10 = T2-T190C: Temperature Difference, 2 - 1 [ITS-90, deg C]
# name 11 = potemp090C: Potential Temperature [ITS-90, deg C]
# name 12 = potemp190C: Potential Temperature, 2 [ITS-90, deg C]
# name 13 = potemp90Cdiff: Potential Temperature, Diff, 2 - 1 [ITS-90, deg C]
# name 14 = c0S/m: Conductivity [S/m]
# name 15 = c1S/m: Conductivity, 2 [S/m]
# name 16 = C2-C1S/m: Conductivity Difference, 2 - 1 [S/m]
# name 17 = sal00: Salinity, Practical [PSU]
# name 18 = sal11: Salinity, Practical, 2 [PSU]
# name 19 = sbeox0ML/L: Oxygen, SBE 43 [ml/l]
# name 20 = sigma-é00: Density [sigma-theta, kg/m^3]
# name 21 = sigma-é11: Density, 2 [sigma-theta, kg/m^3]
# name 22 = sal00: Salinity, Practical [PSU]
# name 23 = sigma-é00: Density [sigma-theta, kg/m^3]
# name 24 = svCM: Sound Velocity [Chen-Millero, m/s]
# name 25 = svCM1: Sound Velocity, 2 [Chen-Millero, m/s]
# name 26 = gsw_ptA0: potential temperature [ITS-90, deg C]
# name 27 = gsw_densityA0: density, TEOS-10 [density, kg/m^3]
# name 28 = gsw_saA0: Absolute Salinity [g/kg]
# name 29 = flag:
# span 0 =      13940,      22910       
# span 1 = 313.512451, 313.516777       
# span 2 =  -62.14786,  -62.14600       
# span 3 =  -58.43492,  -58.43322       
# span 4 =     -1.322,     -0.358       
# span 5 =    1447.84,    1447.84       
# span 6 =      4.000,    334.000       
# span 7 =      4.007,    330.522       
# span 8 =    -0.8284,    -0.5493       
# span 9 =    -0.8271,    -0.5489       
# span 10 =    -0.0092,     0.0118      
# span 11 =    -0.8337,    -0.5496      
# span 12 =    -0.8323,    -0.5492      
# span 13 =    -0.0092,     0.0118      
# span 14 =   2.790017,   2.824949      
# span 15 =   2.789995,   2.824914      
# span 16 =  -0.000887,   0.001077      
# span 17 =    34.2824,    34.3927      
# span 18 =    34.2810,    34.3918      
# span 19 =     6.7715,     7.6549      
# span 20 =    27.5535,    27.6440      
# span 21 =    27.5529,    27.6432      
# span 22 =    34.2825,    34.3925      
# span 23 =    27.5534,    27.6439      
# span 24 =    1445.69,    1451.12      
# span 25 =    1445.70,    1451.12      
# span 26 =    -0.8336,    -0.5496      
# span 27 =  1027.5772,  1029.2425      
# span 28 =    34.4452,    34.5622      
# span 29 = 0.0000e+00, 0.0000e+00      
# interval = decibars: 1                
# start_time = Nov 09 2023 12:08:15 [NMEA time, header]
# bad_flag = -9.990e-29
*END*
[from data line 49]
      15076 313.512999  -62.14624  -58.43468     -0.787    1447.84    285.000    282.071    -0.6109    -0.6102     0.0007    -0.6200    -0.6193     0.0007   2.817605   2.817596  -0.000009    34.3691    34.3682     6.9343    27.6266    27.6258    34.3691    27.6265    1450.10    1450.10    -0.6198  1028.9925    34.5369 0.0000e+00
      15100 313.513011  -62.14626  -58.43466     -0.892    1447.84    284.000    281.082    -0.6105    -0.6100     0.0006    -0.6196    -0.6191     0.0006   2.817549   2.817530  -0.000015    34.3685    34.3677     6.9427    27.6260    27.6253    34.3685    27.6261    1450.08    1450.09    -0.6194  1028.9873    34.5364 0.0000e+00
      15120 313.513020  -62.14626  -58.43466     -1.081    1447.84    283.000    280.093    -0.6103    -0.6097     0.0007    -0.6194    -0.6187     0.0007   2.817516   2.817482  -0.000034    34.3685    34.3672     6.9365    27.6260    27.6250    34.3685    27.6260    1450.07    1450.07    -0.6192  1028.9825    34.5363 0.0000e+00
      15138 313.513029  -62.14626  -58.43466     -1.232    1447.84    282.000    279.104    -0.6101    -0.6093     0.0007    -0.6191    -0.6183     0.0007   2.817487   2.817465  -0.000022    34.3684    34.3672     6.9459    27.6259    27.6249    34.3684    27.6259    1450.05    1450.05    -0.6189  1028.9776    34.5362 0.0000e+00
      15158 313.513039  -62.14626  -58.43466     -1.269    1447.84    281.000    278.115    -0.6102    -0.6095     0.0007    -0.6191    -0.6185     0.0007   2.817420   2.817403  -0.000018    34.3682    34.3672     6.9466    27.6258    27.6250    34.3682    27.6258    1450.04    1450.04    -0.6190  1028.9727    34.5360 0.0000e+00
      15182 313.513050  -62.14627  -58.43466     -1.122    1447.84    280.000    277.126    -0.6106    -0.6096     0.0010    -0.6196    -0.6186     0.0010   2.817333   2.817357   0.000021    34.3682    34.3674     6.9426    27.6258    27.6251    34.3682    27.6258    1450.02    1450.02    -0.6194  1028.9679    34.5360 0.0000e+00
      15210 313.513064  -62.14628  -58.43465     -0.919    1447.84    279.000    276.137    -0.6106    -0.6100     0.0006    -0.6195    -0.6189     0.0006   2.817299   2.817271  -0.000022    34.3683    34.3673     6.9525    27.6259    27.6250    34.3683    27.6258    1450.00    1450.00    -0.6193  1028.9633    34.5361 0.0000e+00
      15236 313.513076  -62.14628  -58.43464     -0.876    1447.84    278.000    275.148    -0.6104    -0.6098     0.0007    -0.6193    -0.6187     0.0007   2.817246   2.817227  -0.000021    34.3680    34.3670     6.9575    27.6257    27.6248    34.3680    27.6256    1449.99    1449.99    -0.6191  1028.9583    34.5358 0.0000e+00
      15259 313.513087  -62.14628  -58.43464     -0.974    1447.84    277.000    274.158    -0.6100    -0.6096     0.0005    -0.6189    -0.6185     0.0005   2.817238   2.817199  -0.000042    34.3680    34.3669     6.9544    27.6256    27.6247    34.3681    27.6257    1449.97    1449.97    -0.6187  1028.9535    34.5359 0.0000e+00
      15280 313.513098  -62.14628  -58.43463     -1.083    1447.84    276.000    273.169    -0.6090    -0.6088     0.0003    -0.6178    -0.6176     0.0003   2.817352   2.817249  -0.000083    34.3687    34.3673     6.9638    27.6262    27.6250    34.3690    27.6264    1449.96    1449.96    -0.6176  1028.9495    34.5369 0.0000e+00
      15301 313.513108  -62.14628  -58.43462     -1.132    1447.84    275.000    272.180    -0.6078    -0.6082    -0.0004    -0.6166    -0.6170    -0.0004   2.817421   2.817270  -0.000153    34.3691    34.3675     6.9697    27.6264    27.6252    34.3692    27.6265    1449.95    1449.95    -0.6164  1028.9448    34.5370 0.0000e+00
      15325 313.513119  -62.14630  -58.43462     -1.091    1447.84    274.000    271.191    -0.6075    -0.6070     0.0005    -0.6163    -0.6158     0.0005   2.817388   2.817359  -0.000037    34.3690    34.3680     6.9593    27.6263    27.6254    34.3691    27.6264    1449.94    1449.94    -0.6161  1028.9399    34.5369 0.0000e+00
      15350 313.513131  -62.14630  -58.43462     -0.991    1447.84    273.000    270.202    -0.6082    -0.6070     0.0011    -0.6169    -0.6157     0.0011   2.817278   2.817306   0.000020    34.3690    34.3680     6.9592    27.6263    27.6254    34.3689    27.6262    1449.92    1449.92    -0.6167  1028.9351    34.5367 0.0000e+00
      15374 313.513143  -62.14631  -58.43461     -0.964    1447.84    272.000    269.212    -0.6092    -0.6076     0.0015    -0.6179    -0.6163     0.0015   2.817111   2.817184   0.000070    34.3685    34.3677     6.9439    27.6260    27.6253    34.3684    27.6259    1449.89    1449.90    -0.6177  1028.9300    34.5362 0.0000e+00
      15397 313.513154  -62.14632  -58.43460     -1.004    1447.84    271.000    268.223    -0.6097    -0.6082     0.0016    -0.6183    -0.6168     0.0016   2.816981   2.817079   0.000095    34.3680    34.3675     6.9451    27.6256    27.6251    34.3679    27.6255    1449.87    1449.88    -0.6182  1028.9248    34.5357 0.0000e+00
      15421 313.513165  -62.14632  -58.43460     -1.034    1447.84    270.000    267.235    -0.6102    -0.6091     0.0011    -0.6188    -0.6177     0.0011   2.816882   2.816921   0.000045    34.3678    34.3671     6.9358    27.6254    27.6248    34.3677    27.6254    1449.86    1449.86    -0.6186  1028.9199    34.5355 0.0000e+00
      15443 313.513176  -62.14632  -58.43460     -1.043    1447.84    269.000    266.246    -0.6106    -0.6094     0.0012    -0.6192    -0.6180     0.0012   2.816796   2.816836   0.000039    34.3677    34.3669     6.9481    27.6254    27.6247    34.3676    27.6253    1449.84    1449.84    -0.6190  1028.9151    34.5354 0.0000e+00
      15467 313.513188  -62.14632  -58.43458     -1.041    1447.84    268.000    265.257    -0.6109    -0.6100     0.0009    -0.6194    -0.6185     0.0009   2.816694   2.816717   0.000022    34.3674    34.3666     6.9513    27.6251    27.6245    34.3672    27.6250    1449.82    1449.82    -0.6193  1028.9100    34.5350 0.0000e+00
      15491 313.513199  -62.14634  -58.43458     -1.011    1447.84    267.000    264.267    -0.6109    -0.6102     0.0007    -0.6194    -0.6187     0.0007   2.816602   2.816621   0.000024    34.3667    34.3661     6.9695    27.6246    27.6241    34.3666    27.6245    1449.80    1449.80    -0.6192  1028.9048    34.5343 0.0000e+00
      15516 313.513212  -62.14634  -58.43458     -0.959    1447.84    266.000    263.278    -0.6107    -0.6100     0.0007    -0.6191    -0.6185     0.0007   2.816548   2.816550   0.000002    34.3663    34.3656     6.9690    27.6242    27.6236    34.3662    27.6242    1449.79    1449.79    -0.6190  1028.8997    34.5340 0.0000e+00
      15542 313.513224  -62.14634  -58.43458     -0.947    1447.84    265.000    262.289    -0.6105    -0.6098     0.0007    -0.6189    -0.6182     0.0006   2.816482   2.816471  -0.000013    34.3658    34.3649     6.9656    27.6238    27.6231    34.3657    27.6238    1449.77    1449.77    -0.6188  1028.8945    34.5335 0.0000e+00
      15565 313.513235  -62.14634  -58.43458     -0.983    1447.84    264.000    261.300    -0.6106    -0.6098     0.0008    -0.6190    -0.6182     0.0008   2.816410   2.816418   0.000011    34.3655    34.3647     6.9575    27.6236    27.6230    34.3655    27.6235    1449.75    1449.76    -0.6188  1028.8896    34.5332 0.0000e+00
      15588 313.513246  -62.14636  -58.43456     -1.037    1447.84    263.000    260.311    -0.6108    -0.6100     0.0008    -0.6192    -0.6183     0.0008   2.816329   2.816336   0.000006    34.3653    34.3644     6.9768    27.6234    27.6227    34.3652    27.6234    1449.74    1449.74    -0.6190  1028.8846    34.5330 0.0000e+00
      15609 313.513256  -62.14636  -58.43456     -1.088    1447.84    262.000    259.322    -0.6108    -0.6100     0.0007    -0.6191    -0.6183     0.0007   2.816263   2.816263  -0.000010    34.3652    34.3641     6.9799    27.6233    27.6225    34.3650    27.6232    1449.72    1449.72    -0.6190  1028.8796    34.5327 0.0000e+00
      15631 313.513267  -62.14636  -58.43456     -1.124    1447.84    261.000    258.332    -0.6129    -0.6110     0.0019    -0.6212    -0.6193     0.0019   2.815992   2.816106   0.000109    34.3646    34.3639     6.9759    27.6229    27.6223    34.3643    27.6227    1449.69    1449.70    -0.6210  1028.8744    34.5320 0.0000e+00
      15654 313.513278  -62.14636  -58.43454     -1.084    1447.84    260.000    257.343    -0.6139    -0.6120     0.0018    -0.6221    -0.6203     0.0018   2.815844   2.815944   0.000102    34.3642    34.3635     6.9775    27.6227    27.6221    34.3640    27.6225    1449.67    1449.68    -0.6220  1028.8695    34.5318 0.0000e+00
      15681 313.513291  -62.14638  -58.43454     -0.947    1447.84    259.000    256.354    -0.6142    -0.6127     0.0015    -0.6224    -0.6209     0.0015   2.815760   2.815830   0.000070    34.3641    34.3633     6.9744    27.6226    27.6219    34.3639    27.6224    1449.65    1449.66    -0.6222  1028.8647    34.5316 0.0000e+00
      15707 313.513304  -62.14638  -58.43454     -0.888    1447.84    258.000    255.365    -0.6158    -0.6136     0.0022    -0.6240    -0.6218     0.0022   2.815524   2.815679   0.000141    34.3636    34.3630     6.9845    27.6222    27.6216    34.3631    27.6219    1449.63    1449.64    -0.6238  1028.8594    34.5309 0.0000e+00
      15730 313.513315  -62.14638  -58.43454     -0.972    1447.84    257.000    254.376    -0.6238    -0.6174     0.0064    -0.6320    -0.6256     0.0064   2.814507   2.815171   0.000623    34.3610    34.3621     6.9921    27.6205    27.6211    34.3591    27.6190    1449.57    1449.60    -0.6318  1028.8518    34.5268 0.0000e+00
      15752 313.513325  -62.14638  -58.43452     -1.069    1447.84    256.000    253.387    -0.6301    -0.6276     0.0026    -0.6382    -0.6357     0.0025   2.813882   2.814075   0.000202    34.3597    34.3595     6.9982    27.6197    27.6195    34.3585    27.6187    1449.52    1449.53    -0.6381  1028.8468    34.5262 0.0000e+00
      15773 313.513335  -62.14640  -58.43452     -1.119    1447.84    255.000    252.398    -0.6379    -0.6330     0.0049    -0.6460    -0.6410     0.0049   2.812997   2.813467   0.000454    34.3574    34.3579     6.9904    27.6182    27.6184    34.3559    27.6170    1449.47    1449.49    -0.6458  1028.8404    34.5236 0.0000e+00
      15797 313.513347  -62.14640  -58.43452     -1.079    1447.84    254.000    251.408    -0.6411    -0.6371     0.0040    -0.6491    -0.6450     0.0040   2.812658   2.812995   0.000352    34.3564    34.3566     7.0028    27.6175    27.6175    34.3556    27.6168    1449.43    1449.45    -0.6489  1028.8355    34.5232 0.0000e+00
      15825 313.513360  -62.14640  -58.43452     -0.921    1447.84    253.000    250.419    -0.6420    -0.6397     0.0023    -0.6499    -0.6477     0.0023   2.812534   2.812661   0.000166    34.3561    34.3558     7.0158    27.6173    27.6170    34.3555    27.6169    1449.41    1449.42    -0.6498  1028.8308    34.5232 0.0000e+00
      15854 313.513374  -62.14640  -58.43451     -0.817    1447.84    252.000    249.430    -0.6434    -0.6433     0.0001    -0.6513    -0.6512     0.0001   2.812238   2.812236  -0.000037    34.3551    34.3545     7.0411    27.6166    27.6161    34.3538    27.6155    1449.39    1449.39    -0.6511  1028.8247    34.5214 0.0000e+00
      15880 313.513387  -62.14641  -58.43450     -0.866    1447.84    251.000    248.441    -0.6467    -0.6441     0.0027    -0.6546    -0.6520     0.0026   2.811900   2.812081   0.000189    34.3543    34.3539     7.0495    27.6161    27.6156    34.3536    27.6155    1449.36    1449.37    -0.6544  1028.8199    34.5213 0.0000e+00
      15902 313.513398  -62.14642  -58.43450     -0.995    1447.84    250.000    247.451    -0.6470    -0.6457     0.0013    -0.6549    -0.6536     0.0013   2.811794   2.811860   0.000080    34.3537    34.3533     7.0605    27.6156    27.6152    34.3531    27.6151    1449.34    1449.34    -0.6547  1028.8148    34.5208 0.0000e+00
      15923 313.513408  -62.14642  -58.43450     -1.113    1447.84    249.000    246.462    -0.6470    -0.6463     0.0008    -0.6548    -0.6541     0.0008   2.811729   2.811751   0.000025    34.3535    34.3530     7.0680    27.6154    27.6149    34.3529    27.6149    1449.32    1449.33    -0.6546  1028.8098    34.5205 0.0000e+00
      15944 313.513418  -62.14642  -58.43448     -1.156    1447.84    248.000    245.473    -0.6480    -0.6467     0.0014    -0.6558    -0.6544     0.0013   2.811605   2.811647   0.000043    34.3536    34.3527     7.0693    27.6156    27.6148    34.3530    27.6150    1449.30    1449.30    -0.6556  1028.8052    34.5206 0.0000e+00
      15965 313.513428  -62.14644  -58.43448     -1.152    1447.84    247.000    244.484    -0.6518    -0.6497     0.0021    -0.6595    -0.6574     0.0021   2.811108   2.811286   0.000145    34.3527    34.3523     7.0788    27.6150    27.6146    34.3511    27.6137    1449.26    1449.27    -0.6594  1028.7991    34.5188 0.0000e+00
      15988 313.513439  -62.14644  -58.43448     -1.103    1447.84    246.000    243.495    -0.6597    -0.6543     0.0053    -0.6673    -0.6620     0.0053   2.810323   2.810808   0.000445    34.3516    34.3515     7.0769    27.6144    27.6141    34.3501    27.6132    1449.21    1449.23    -0.6672  1028.7939    34.5177 0.0000e+00
      16015 313.513452  -62.14644  -58.43448     -0.966    1447.84    245.000    242.505    -0.6734    -0.6627     0.0106    -0.6810    -0.6704     0.0106   2.809006   2.809990   0.000980    34.3502    34.3514     7.0856    27.6139    27.6144    34.3485    27.6125    1449.13    1449.18    -0.6808  1028.7885    34.5161 0.0000e+00
      16043 313.513466  -62.14644  -58.43448     -0.844    1447.84    244.000    241.516    -0.6837    -0.6814     0.0023    -0.6913    -0.6890     0.0023   2.807880   2.808116   0.000214    34.3486    34.3489     7.0832    27.6130    27.6132    34.3456    27.6106    1449.06    1449.07    -0.6911  1028.7820    34.5132 0.0000e+00
      16070 313.513478  -62.14646  -58.43446     -0.871    1447.84    243.000    240.527    -0.7002    -0.6884     0.0118    -0.7076    -0.6959     0.0118   2.806270   2.807362   0.001077    34.3452    34.3463     7.0938    27.6109    27.6114    34.3431    27.6093    1448.96    1449.02    -0.7075  1028.7760    34.5107 0.0000e+00
      16093 313.513490  -62.14646  -58.43446     -0.972    1447.84    242.000    239.537    -0.7030    -0.6965     0.0065    -0.7104    -0.7039     0.0065   2.805890   2.806479   0.000614    34.3439    34.3448     7.0983    27.6100    27.6105    34.3418    27.6083    1448.93    1448.96    -0.7103  1028.7704    34.5094 0.0000e+00
      16115 313.513500  -62.14646  -58.43446     -1.054    1447.84    241.000    238.549    -0.7066    -0.7019     0.0047    -0.7140    -0.7093     0.0047   2.805521   2.805898   0.000409    34.3433    34.3435     7.1170    27.6096    27.6096    34.3415    27.6083    1448.90    1448.92    -0.7138  1028.7658    34.5094 0.0000e+00
      16138 313.513511  -62.14646  -58.43444     -1.078    1447.84    240.000    237.559    -0.7080    -0.7060     0.0020    -0.7154    -0.7134     0.0020   2.805346   2.805467   0.000122    34.3428    34.3422     7.1387    27.6094    27.6088    34.3414    27.6082    1448.87    1448.88    -0.7152  1028.7607    34.5089 0.0000e+00
      16164 313.513524  -62.14647  -58.43444     -0.978    1447.84    239.000    236.570    -0.7101    -0.7074     0.0027    -0.7174    -0.7147     0.0027   2.805080   2.805295   0.000218    34.3422    34.3421     7.1526    27.6089    27.6087    34.3408    27.6078    1448.85    1448.86    -0.7173  1028.7555    34.5083 0.0000e+00
