Pos-Processados/process_op42/Processamento_split/up/uoperantar42_009.cnv
* Sea-Bird SBE 9 Data File:
* FileName = C:\Users\Hidrografia\Desktop\OPXLII\Brutos\OP42009.hdr
* Software Version Seasave V 7.26.7.107
* Temperature SN = 6502
* Conductivity SN = 4998
* Number of Bytes Per Scan = 31
* Number of Voltage Words = 2
* Number of Scans Averaged by the Deck Unit = 1
* NMEA Latitude = 43 19.24 S
* NMEA Longitude = 055 32.42 W
* NMEA UTC (Time) = Oct 18 2023 16:32:08
* NMEA baud rate = 4800
** H41
** NPOALTEMAXIMIANO
** NUMERO DA ESTACAO (XXX) 009
** LAT (XX XX.XX S/N) 43 19.058 S
** LONG (XXX XX.XX W/E) 055 32.32 W
** DATAHORA (dd/mm/aaaa hh:mm Z) 18/10/2023 1631Z
** PROFUNDIDADE (m) 5145
** OPERADOR CT FABIREZA
# nquan = 30
# nvalues = 1010                        
# units = specified
# name 0 = scan: Scan Count
# name 1 = timeJ: Julian Days
# name 2 = latitude: Latitude [deg]
# name 3 = longitude: Longitude [deg]
# name 4 = dz/dtM: Descent Rate [m/s]
# name 5 = avgsvCM: Average Sound Velocity [Chen-Millero, m/s]
# name 6 = prDM: Pressure, Digiquartz [db]
# name 7 = depSM: Depth [salt water, m]
# name 8 = t090C: Temperature [ITS-90, deg C]
# name 9 = t190C: Temperature, 2 [ITS-90, deg C]
# name 10 = T2-T190C: Temperature Difference, 2 - 1 [ITS-90, deg C]
# name 11 = potemp090C: Potential Temperature [ITS-90, deg C]
# name 12 = potemp190C: Potential Temperature, 2 [ITS-90, deg C]
# name 13 = potemp90Cdiff: Potential Temperature, Diff, 2 - 1 [ITS-90, deg C]
# name 14 = c0S/m: Conductivity [S/m]
# name 15 = c1S/m: Conductivity, 2 [S/m]
# name 16 = C2-C1S/m: Conductivity Difference, 2 - 1 [S/m]
# name 17 = sal00: Salinity, Practical [PSU]
# name 18 = sal11: Salinity, Practical, 2 [PSU]
# name 19 = sbeox0ML/L: Oxygen, SBE 43 [ml/l]
# name 20 = sigma-é00: Density [sigma-theta, kg/m^3]
# name 21 = sigma-é11: Density, 2 [sigma-theta, kg/m^3]
# name 22 = sal00: Salinity, Practical [PSU]
# name 23 = sigma-é00: Density [sigma-theta, kg/m^3]
# name 24 = svCM: Sound Velocity [Chen-Millero, m/s]
# name 25 = svCM1: Sound Velocity, 2 [Chen-Millero, m/s]
# name 26 = gsw_ptA0: potential temperature [ITS-90, deg C]
# name 27 = gsw_densityA0: density, TEOS-10 [density, kg/m^3]
# name 28 = gsw_saA0: Absolute Salinity [g/kg]
# name 29 = flag:
# span 0 =      32809,      68815       
# span 1 = 291.704803, 291.722167       
# span 2 =  -43.32958,  -43.32694       
# span 3 =  -55.54540,  -55.54260       
# span 4 =     -1.384,     -0.134       
# span 5 =    1481.75,    1481.75       
# span 6 =      2.000,   1011.000       
# span 7 =      1.993,   1000.512       
# span 8 =     3.1014,    13.1660       
# span 9 =     3.1013,    13.1630       
# span 10 =    -0.1181,     0.1207      
# span 11 =     3.0322,    13.1655      
# span 12 =     3.0321,    13.1625      
# span 13 =    -0.1179,     0.1205      
# span 14 =   3.156009,   4.134666      
# span 15 =   3.155840,   4.134469      
# span 16 =  -0.012196,   0.011498      
# span 17 =    34.1311,    35.2349      
# span 18 =    34.1298,    35.2346      
# span 19 =     4.5662,     6.1453      
# span 20 =    26.5205,    27.3456      
# span 21 =    26.5217,    27.3452      
# span 22 =    34.1317,    35.2362      
# span 23 =    26.5215,    27.3456      
# span 24 =    1474.89,    1501.04      
# span 25 =    1474.90,    1501.03      
# span 26 =     3.0320,    13.1655      
# span 27 =  1026.5351,  1032.0280      
# span 28 =    34.2951,    35.4026      
# span 29 = 0.0000e+00, 0.0000e+00      
# interval = decibars: 1                
# start_time = Oct 18 2023 16:32:08 [NMEA time, header]
# bad_flag = -9.990e-29
*END*
[from data line 677]
      51855 291.713988  -43.32900  -55.54526     -0.776    1481.75    334.000    331.072     5.7551     5.7558     0.0008     5.7271     5.7279     0.0008   3.358853   3.358885   0.000033    34.1997    34.1993     6.0094    26.9543    26.9539    34.2005    26.9549    1478.24    1478.24     5.7270  1028.4909    34.3627 0.0000e+00
      51881 291.714001 -9.990e-29  -55.54526     -0.867    1481.75    333.000    330.082     5.7550     5.7562     0.0012     5.7271     5.7283     0.0012   3.358801   3.358864   0.000063    34.1999    34.1994     6.0164    26.9544    26.9539    34.2005    26.9549    1478.22    1478.22     5.7270  1028.4859    34.3621 0.0000e+00
      51905 291.714012 -9.990e-29  -55.54526     -0.961    1481.75    332.000    329.092     5.7551     5.7563     0.0013     5.7272     5.7285     0.0013   3.358766   3.358834   0.000073    34.2000    34.1995     6.0253    26.9544    26.9539    34.2005    26.9549    1478.20    1478.21     5.7272  1028.4813    34.3621 0.0000e+00
      51928 291.714023 -9.990e-29  -55.54526     -1.023    1481.75    331.000    328.101     5.7552     5.7563     0.0011     5.7275     5.7286     0.0011   3.358748   3.358781   0.000034    34.2002    34.1994     6.0272    26.9546    26.9539    34.2007    26.9550    1478.19    1478.19     5.7274  1028.4768    34.3623 0.0000e+00
      51953 291.714035  -43.32902  -55.54526     -1.007    1481.75    330.000    327.111     5.7560     5.7576     0.0015     5.7284     5.7299     0.0015   3.358796   3.358866   0.000069    34.2003    34.1995     6.0213    26.9546    26.9538    34.2009    26.9551    1478.17    1478.18     5.7283  1028.4723    34.3625 0.0000e+00
      51980 291.714049  -43.32902  -55.54526     -0.910    1481.75    329.000    326.120     5.7661     5.7662     0.0001     5.7385     5.7387     0.0001   3.359828   3.359781  -0.000021    34.2002    34.1999     6.0172    26.9533    26.9530    34.2028    26.9553    1478.20    1478.20     5.7384  1028.4685    34.3652 0.0000e+00
      52014 291.714065  -43.32902  -55.54526     -0.749    1481.75    328.000    325.130     5.8530     5.8701     0.0171     5.8252     5.8423     0.0171   3.368318   3.370262   0.001879    34.2009    34.2048     6.0079    26.9431    26.9440    34.2115    26.9515    1478.54    1478.62     5.8251  1028.4593    34.3739 0.0000e+00
      52050 291.714082  -43.32902  -55.54526     -0.668    1481.75    327.000    324.139     5.9809     5.9615    -0.0194     5.9529     5.9335    -0.0194   3.380659   3.378958  -0.001379    34.2113    34.2154     6.0029    26.9353    26.9410    34.2219    26.9437    1479.05    1478.97     5.9529  1028.4460    34.3844 0.0000e+00
      52084 291.714099  -43.32902  -55.54526     -0.692    1481.75    326.000    323.149     6.0228     6.0023    -0.0205     5.9948     5.9744    -0.0204   3.384709   3.383100  -0.001812    34.2186    34.2189     5.9797    26.9358    26.9386    34.2257    26.9415    1479.20    1479.13     5.9947  1028.4389    34.3882 0.0000e+00
      52117 291.714114  -43.32902  -55.54526     -0.722    1481.75    325.000    322.158     6.0436     6.0407    -0.0028     6.0156     6.0128    -0.0028   3.386892   3.386590  -0.000201    34.2226    34.2232     5.9335    26.9364    26.9372    34.2298    26.9421    1479.28    1479.26     6.0156  1028.4347    34.3923 0.0000e+00
      52144 291.714127  -43.32902  -55.54528     -0.826    1481.75    324.000    321.168     6.0583     6.0544    -0.0038     6.0303     6.0265    -0.0038   3.388413   3.387997  -0.000519    34.2271    34.2251     5.9148    26.9380    26.9370    34.2326    26.9424    1479.32    1479.31     6.0303  1028.4303    34.3951 0.0000e+00
      52166 291.714138  -43.32902  -55.54528     -0.986    1481.75    323.000    320.177     6.0657     6.0657     0.0001     6.0378     6.0379     0.0001   3.389223   3.389010  -0.000179    34.2293    34.2273     5.9129    26.9389    26.9372    34.2347    26.9431    1479.34    1479.33     6.0378  1028.4264    34.3973 0.0000e+00
      52185 291.714148  -43.32902  -55.54528     -1.135    1481.75    322.000    319.187     6.0726     6.0738     0.0012     6.0448     6.0460     0.0012   3.389916   3.389895  -0.000107    34.2308    34.2285     5.9084    26.9392    26.9371    34.2360    26.9433    1479.35    1479.35     6.0448  1028.4219    34.3985 0.0000e+00
      52206 291.714158  -43.32902  -55.54528     -1.187    1481.75    321.000    318.196     6.0823     6.0898     0.0075     6.0546     6.0621     0.0075   3.390953   3.391425   0.000484    34.2326    34.2305     5.9003    26.9393    26.9367    34.2384    26.9439    1479.37    1479.40     6.0545  1028.4179    34.4009 0.0000e+00
      52238 291.714173  -43.32902  -55.54528     -0.892    1481.75    320.000    317.210     6.2313     6.2135    -0.0178     6.2033     6.1856    -0.0177   3.406801   3.404989  -0.001735    34.2441    34.2426     5.8729    26.9294    26.9305    34.2663    26.9468    1479.98    1479.91     6.2032  1028.4151    34.4290 0.0000e+00
      52296 291.714201  -43.32903  -55.54528     -0.333    1481.75    319.000    316.210     6.5056     6.5361     0.0305     6.4770     6.5074     0.0304   3.433873   3.437129   0.003033    34.2831    34.2863     5.8383    26.9246    26.9231    34.2933    26.9326    1481.08    1481.21     6.4769  1028.3942    34.4561 0.0000e+00
      52326 291.714215  -43.32904  -55.54528     -0.669    1481.75    318.000    315.225     6.4488     6.4423    -0.0065     6.4204     6.4139    -0.0065   3.427835   3.427298  -0.000269    34.2767    34.2803     5.7243    26.9270    26.9306    34.2836    26.9324    1480.83    1480.80     6.4204  1028.3898    34.4463 0.0000e+00
      52349 291.714226  -43.32904  -55.54528     -0.956    1481.75    317.000    314.234     6.5050     6.5497     0.0446     6.4766     6.5212     0.0445   3.435878   3.439325   0.003253    34.2932    34.2847     5.6316    26.9326    26.9199    34.3171    26.9514    1481.08    1481.24     6.4766  1028.4038    34.4800 0.0000e+00
      52371 291.714237  -43.32904  -55.54529     -1.072    1481.75    316.000    313.244     6.6068     6.6367     0.0299     6.5783     6.6081     0.0299   3.445286   3.447511   0.002133    34.3056    34.2993     5.6215    26.9288    26.9199    34.3199    26.9402    1481.46    1481.57     6.5782  1028.3872    34.4828 0.0000e+00
      52395 291.714249  -43.32904  -55.54530     -1.033    1481.75    315.000    312.253     6.6381     6.6572     0.0190     6.6096     6.6286     0.0190   3.447888   3.449598   0.001695    34.3056    34.3053     5.6510    26.9247    26.9219    34.3179    26.9344    1481.57    1481.64     6.6095  1028.3767    34.4808 0.0000e+00
      52423 291.714262  -43.32904  -55.54530     -0.909    1481.75    314.000    311.262     6.6751     6.6899     0.0148     6.6465     6.6613     0.0147   3.451843   3.452957   0.001299    34.3114    34.3110     5.6222    26.9243    26.9220    34.3252    26.9352    1481.70    1481.76     6.6465  1028.3726    34.4881 0.0000e+00
      52451 291.714276  -43.32904  -55.54530     -0.853    1481.75    313.000    310.272     6.7314     6.7273    -0.0041     6.7028     6.6987    -0.0041   3.457715   3.456914  -0.000795    34.3214    34.3167     5.5716    26.9246    26.9215    34.3342    26.9348    1481.92    1481.90     6.7027  1028.3672    34.4972 0.0000e+00
      52478 291.714289  -43.32904  -55.54530     -0.880    1481.75    312.000    309.281     6.7561     6.7581     0.0020     6.7275     6.7295     0.0019   3.460066   3.459990  -0.000078    34.3260    34.3232     5.5562    26.9250    26.9225    34.3360    26.9329    1482.00    1482.01     6.7275  1028.3606    34.4990 0.0000e+00
      52506 291.714302  -43.32905  -55.54530     -0.868    1481.75    311.000    308.291     6.7649     6.7645    -0.0004     6.7364     6.7360    -0.0004   3.460886   3.460598  -0.000269    34.3282    34.3256     5.5435    26.9255    26.9235    34.3368    26.9323    1482.02    1482.01     6.7363  1028.3554    34.4998 0.0000e+00
      52534 291.714316  -43.32906  -55.54530     -0.859    1481.75    310.000    307.301     6.7694     6.7706     0.0012     6.7410     6.7422     0.0012   3.461241   3.461128  -0.000108    34.3297    34.3274     5.5330    26.9261    26.9241    34.3367    26.9316    1482.02    1482.02     6.7409  1028.3501    34.4997 0.0000e+00
      52559 291.714328  -43.32906  -55.54530     -0.898    1481.75    309.000    306.310     6.7721     6.7723     0.0002     6.7438     6.7440     0.0002   3.461408   3.461246  -0.000138    34.3302    34.3284     5.5245    26.9260    26.9247    34.3363    26.9309    1482.01    1482.01     6.7437  1028.3448    34.4993 0.0000e+00
      52581 291.714338  -43.32906  -55.54530     -1.011    1481.75    308.000    305.319     6.7841     6.7889     0.0047     6.7559     6.7606     0.0047   3.463448   3.463263  -0.000225    34.3361    34.3290     5.5216    26.9291    26.9228    34.3473    26.9379    1482.06    1482.07     6.7558  1028.3472    34.5103 0.0000e+00
      52602 291.714349  -43.32906  -55.54530     -1.123    1481.75    307.000    304.329     6.8836     6.8676    -0.0160     6.8552     6.8393    -0.0159   3.474135   3.471424  -0.002680    34.3502    34.3366     5.5047    26.9267    26.9182    34.3662    26.9393    1482.45    1482.37     6.8552  1028.3433    34.5293 0.0000e+00
      52629 291.714362  -43.32906  -55.54530     -1.006    1481.75    306.000    303.338     6.9825     6.9860     0.0035     6.9539     6.9574     0.0035   3.484300   3.483281  -0.000881    34.3624    34.3493     5.5065    26.9228    26.9120    34.3797    26.9365    1482.84    1482.83     6.9539  1028.3352    34.5429 0.0000e+00
      52675 291.714384  -43.32906  -55.54530     -0.508    1481.75    305.000    302.348     7.1558     7.1575     0.0017     7.1270     7.1287     0.0017   3.501046   3.501132   0.000008    34.3760    34.3744     5.4872    26.9096    26.9081    34.3911    26.9215    1483.51    1483.51     7.1269  1028.3140    34.5538 0.0000e+00
      52711 291.714401 -9.990e-29  -55.54530     -0.612    1481.75    304.000    301.357     7.1466     7.1465    -0.0000     7.1178     7.1178    -0.0001   3.499828   3.499666   0.000060    34.3781    34.3788     5.4719    26.9125    26.9131    34.3875    26.9199    1483.45    1483.45     7.1177  1028.3078    34.5500 0.0000e+00
      52735 291.714412 -9.990e-29  -55.54530     -0.900    1481.75    303.000    300.367     7.1733     7.1611    -0.0122     7.1446     7.1324    -0.0121   3.502760   3.501495  -0.001698    34.3846    34.3781     5.4508    26.9139    26.9105    34.3935    26.9209    1483.54    1483.49     7.1445  1028.3040    34.5560 0.0000e+00
      52757 291.714423  -43.32908  -55.54532     -1.055    1481.75    302.000    299.376     7.1776     7.2082     0.0306     7.1490     7.1795     0.0305   3.503476   3.506035   0.002645    34.3861    34.3846     5.4513    26.9145    26.9090    34.3974    26.9234    1483.55    1483.67     7.1489  1028.3021    34.5601 0.0000e+00
      52786 291.714437  -43.32908  -55.54532     -0.924    1481.75    301.000    298.385     7.2190     7.2165    -0.0025     7.1903     7.1879    -0.0025   3.507392   3.506935  -0.000403    34.3905    34.3886     5.4551    26.9122    26.9110    34.3996    26.9193    1483.70    1483.68     7.1903  1028.2936    34.5628 0.0000e+00
      52823 291.714455  -43.32908  -55.54532     -0.647    1481.75    300.000    297.395     7.2573     7.2542    -0.0031     7.2287     7.2256    -0.0031   3.511331   3.510822  -0.000537    34.3960    34.3932     5.4558    26.9111    26.9094    34.4049    26.9181    1483.83    1483.82     7.2286  1028.2876    34.5682 0.0000e+00
      52852 291.714469  -43.32908  -55.54532     -0.753    1481.75    299.000    296.404     7.2648     7.2749     0.0100     7.2363     7.2463     0.0100   3.512348   3.512957   0.000775    34.3994    34.3978     5.4484    26.9127    26.9101    34.4090    26.9203    1483.85    1483.89     7.2362  1028.2852    34.5723 0.0000e+00
      52878 291.714481  -43.32908  -55.54532     -0.906    1481.75    298.000    295.413     7.3142     7.3066    -0.0077     7.2857     7.2780    -0.0076   3.517468   3.516281  -0.001312    34.4074    34.4007     5.4384    26.9120    26.9079    34.4163    26.9190    1484.03    1484.00     7.2856  1028.2790    34.5796 0.0000e+00
      52902 291.714493  -43.32908  -55.54532     -0.966    1481.75    297.000    294.423     7.3469     7.3570     0.0101     7.3184     7.3284     0.0101   3.520684   3.521415   0.000578    34.4108    34.4071     5.4421    26.9101    26.9058    34.4193    26.9168    1484.15    1484.18     7.3183  1028.2720    34.5826 0.0000e+00
      52928 291.714506  -43.32908  -55.54532     -0.959    1481.75    296.000    293.432     7.3861     7.4026     0.0165     7.3575     7.3740     0.0165   3.525080   3.526120   0.001170    34.4170    34.4134     5.4429    26.9095    26.9042    34.4288    26.9187    1484.29    1484.35     7.3575  1028.2691    34.5921 0.0000e+00
      52954 291.714518  -43.32908  -55.54532     -0.938    1481.75    295.000    292.442     7.4336     7.4364     0.0028     7.4050     7.4078     0.0028   3.530167   3.529541  -0.000498    34.4258    34.4176     5.4373    26.9096    26.9027    34.4374    26.9187    1484.47    1484.47     7.4050  1028.2642    34.6008 0.0000e+00
      52983 291.714532  -43.32908  -55.54532     -0.852    1481.75    294.000    291.451     7.5242     7.5216    -0.0025     7.4955     7.4930    -0.0025   3.539196   3.538661  -0.000613    34.4332    34.4290     5.4308    26.9024    26.8996    34.4460    26.9125    1484.81    1484.80     7.4955  1028.2529    34.6094 0.0000e+00
      53020 291.714550  -43.32908  -55.54532     -0.671    1481.75    293.000    290.460     7.6082     7.6264     0.0182     7.5795     7.5977     0.0182   3.548131   3.549992   0.001745    34.4444    34.4453     5.4369    26.8992    26.8972    34.4600    26.9115    1485.13    1485.21     7.5794  1028.2467    34.6235 0.0000e+00
      53051 291.714565  -43.32910  -55.54532     -0.713    1481.75    292.000    289.470     7.6841     7.6898     0.0057     7.6553     7.6610     0.0057   3.555832   3.556292   0.000466    34.4575    34.4568     5.4335    26.8985    26.8971    34.4687    26.9073    1485.42    1485.44     7.6552  1028.2375    34.6322 0.0000e+00
      53073 291.714576  -43.32910  -55.54533     -0.937    1481.75    291.000    288.479     7.7233     7.7310     0.0077     7.6945     7.7022     0.0076   3.560550   3.560599   0.000102    34.4671    34.4606     5.4244    26.9003    26.8941    34.4812    26.9115    1485.57    1485.59     7.6944  1028.2367    34.6447 0.0000e+00
      53093 291.714586  -43.32910 -9.990e-29     -1.117    1481.75    290.000    287.489     7.7542     7.7623     0.0080     7.7254     7.7335     0.0080   3.563358   3.563704   0.000472    34.4698    34.4669     5.4103    26.8979    26.8945    34.4815    26.9071    1485.67    1485.69     7.7254  1028.2276    34.6448 0.0000e+00
      53117 291.714597  -43.32910 -9.990e-29     -1.115    1481.75    289.000    286.498     7.7645     7.7711     0.0066     7.7358     7.7425     0.0066   3.564506   3.564664   0.000193    34.4744    34.4699     5.4212    26.9000    26.8956    34.4841    26.9077    1485.69    1485.71     7.7358  1028.2236    34.6475 0.0000e+00
      53151 291.714613  -43.32910  -55.54534     -0.802    1481.75    288.000    285.507     7.7983     7.7970    -0.0013     7.7696     7.7683    -0.0013   3.567841   3.567495  -0.000366    34.4777    34.4751     5.4234    26.8977    26.8958    34.4872    26.9051    1485.81    1485.80     7.7696  1028.2163    34.6506 0.0000e+00
      53194 291.714634  -43.32910  -55.54534     -0.521    1481.75    287.000    284.517     7.8298     7.8329     0.0031     7.8012     7.8043     0.0031   3.571026   3.571131   0.000147    34.4827    34.4812     5.4115    26.8970    26.8954    34.4908    26.9034    1485.92    1485.93     7.8011  1028.2099    34.6544 0.0000e+00
