Pos-Processados/process_op42/Processamento_split/up/uoperantar42_043.cnv
* Sea-Bird SBE 9 Data File:
* FileName = C:\Users\Hidrografia\Desktop\OPXLII\Brutos\OP42043.hdr
* Software Version Seasave V 7.26.7.107
* Temperature SN = 6502
* Conductivity SN = 4998
* Number of Bytes Per Scan = 37
* Number of Voltage Words = 4
* Number of Scans Averaged by the Deck Unit = 1
* NMEA Latitude = 62 08.44 S
* NMEA Longitude = 058 25.74 W
* NMEA UTC (Time) = Nov 09 2023 18:18:47
* NMEA baud rate = 4800
** H41
** NPOALTEMAXIMIANO
** NUMERO DA ESTACAO (XXX) 043
** LAT (XX XX.XX S/N) 62 08.430 S
** LONG (XXX XX.XX W/E) 058 26.773 W
** DATAHORA (dd/mm/aaaa hh:mm Z) 09/11/2023 1818Z
** PROFUNDIDADE (m) 400
** OPERADOR CT FABIREZA
# nquan = 30
# nvalues = 386                         
# units = specified
# name 0 = scan: Scan Count
# name 1 = timeJ: Julian Days
# name 2 = latitude: Latitude [deg]
# name 3 = longitude: Longitude [deg]
# name 4 = dz/dtM: Descent Rate [m/s]
# name 5 = avgsvCM: Average Sound Velocity [Chen-Millero, m/s]
# name 6 = prDM: Pressure, Digiquartz [db]
# name 7 = depSM: Depth [salt water, m]
# name 8 = t090C: Temperature [ITS-90, deg C]
# name 9 = t190C: Temperature, 2 [ITS-90, deg C]
# name 10 = T2-T190C: Temperature Difference, 2 - 1 [ITS-90, deg C]
# name 11 = potemp090C: Potential Temperature [ITS-90, deg C]
# name 12 = potemp190C: Potential Temperature, 2 [ITS-90, deg C]
# name 13 = potemp90Cdiff: Potential Temperature, Diff, 2 - 1 [ITS-90, deg C]
# name 14 = c0S/m: Conductivity [S/m]
# name 15 = c1S/m: Conductivity, 2 [S/m]
# name 16 = C2-C1S/m: Conductivity Difference, 2 - 1 [S/m]
# name 17 = sal00: Salinity, Practical [PSU]
# name 18 = sal11: Salinity, Practical, 2 [PSU]
# name 19 = sbeox0ML/L: Oxygen, SBE 43 [ml/l]
# name 20 = sigma-é00: Density [sigma-theta, kg/m^3]
# name 21 = sigma-é11: Density, 2 [sigma-theta, kg/m^3]
# name 22 = sal00: Salinity, Practical [PSU]
# name 23 = sigma-é00: Density [sigma-theta, kg/m^3]
# name 24 = svCM: Sound Velocity [Chen-Millero, m/s]
# name 25 = svCM1: Sound Velocity, 2 [Chen-Millero, m/s]
# name 26 = gsw_ptA0: potential temperature [ITS-90, deg C]
# name 27 = gsw_densityA0: density, TEOS-10 [density, kg/m^3]
# name 28 = gsw_saA0: Absolute Salinity [g/kg]
# name 29 = flag:
# span 0 =      14847,      27057       
# span 1 = 313.770203, 313.776092       
# span 2 =  -62.14504,  -62.14383       
# span 3 =  -58.42255,  -58.41482       
# span 4 =     -1.162,     -0.087       
# span 5 =    1448.44,    1448.44       
# span 6 =      2.000,    387.000       
# span 7 =      2.101,    382.929       
# span 8 =    -0.8189,    -0.5044       
# span 9 =    -0.8177,    -0.5037       
# span 10 =    -0.0058,     0.0118      
# span 11 =    -0.8260,    -0.5046      
# span 12 =    -0.8247,    -0.5039      
# span 13 =    -0.0058,     0.0118      
# span 14 =   2.792574,   2.824352      
# span 15 =   2.792569,   2.824334      
# span 16 =  -0.000584,   0.000980      
# span 17 =    34.2779,    34.3942      
# span 18 =    34.2767,    34.3931      
# span 19 =     6.7838,     7.6729      
# span 20 =    27.5486,    27.6469      
# span 21 =    27.5476,    27.6459      
# span 22 =    34.2784,    34.3942      
# span 23 =    27.5487,    27.6468      
# span 24 =    1445.87,    1451.81      
# span 25 =    1445.86,    1451.82      
# span 26 =    -0.8258,    -0.5046      
# span 27 =  1027.5638,  1029.4975      
# span 28 =    34.4402,    34.5624      
# span 29 = 0.0000e+00, 0.0000e+00      
# interval = decibars: 1                
# start_time = Nov 09 2023 18:18:47 [NMEA time, header]
# bad_flag = -9.990e-29
*END*
[from data line 146]
      18884 313.772150  -62.14425  -58.41995     -0.930    1448.44    241.000    238.549    -0.8133    -0.8108     0.0025    -0.8205    -0.8180     0.0025   2.794528   2.794687   0.000163    34.3149    34.3143     7.3882    27.5911    27.5905    34.3140    27.5903    1448.36    1448.37    -0.8203  1028.7486    34.4814 0.0000e+00
      18912 313.772164  -62.14426  -58.41993     -0.853    1448.44    240.000    237.559    -0.8157    -0.8142     0.0015    -0.8228    -0.8214     0.0015   2.794267   2.794344   0.000084    34.3147    34.3142     7.4026    27.5910    27.5905    34.3138    27.5903    1448.33    1448.34    -0.8227  1028.7438    34.4812 0.0000e+00
      18940 313.772177  -62.14426  -58.41992     -0.857    1448.44    239.000    236.570    -0.8188    -0.8164     0.0023    -0.8259    -0.8236     0.0023   2.793906   2.794065   0.000164    34.3138    34.3133     7.4081    27.5904    27.5899    34.3130    27.5898    1448.30    1448.31    -0.8257  1028.7385    34.4804 0.0000e+00
      18967 313.772190  -62.14426  -58.41990     -0.896    1448.44    238.000    235.581    -0.8189    -0.8176     0.0013    -0.8260    -0.8247     0.0013   2.793839   2.793880   0.000049    34.3134    34.3126     7.4098    27.5901    27.5894    34.3129    27.5896    1448.28    1448.29    -0.8258  1028.7336    34.4802 0.0000e+00
      18997 313.772205  -62.14426  -58.41987     -0.824    1448.44    237.000    234.591    -0.8186    -0.8177     0.0009    -0.8256    -0.8247     0.0009   2.793815   2.793819   0.000006    34.3133    34.3123     7.4095    27.5900    27.5892    34.3128    27.5896    1448.27    1448.27    -0.8255  1028.7288    34.4802 0.0000e+00
      19026 313.772219  -62.14426  -58.41985     -0.796    1448.44    236.000    233.602    -0.8178    -0.8171     0.0006    -0.8248    -0.8242     0.0006   2.793839   2.793806  -0.000022    34.3130    34.3120     7.4185    27.5897    27.5888    34.3128    27.5895    1448.26    1448.26    -0.8246  1028.7240    34.4802 0.0000e+00
      19052 313.772231  -62.14426  -58.41984     -0.885    1448.44    235.000    232.613    -0.8148    -0.8155    -0.0007    -0.8218    -0.8225    -0.0007   2.794022   2.793889  -0.000125    34.3125    34.3117     7.4198    27.5892    27.5885    34.3125    27.5892    1448.25    1448.25    -0.8216  1028.7188    34.4799 0.0000e+00
      19080 313.772245  -62.14426  -58.41983     -0.908    1448.44    234.000    231.624    -0.8126    -0.8130    -0.0004    -0.8196    -0.8200    -0.0004   2.794128   2.794025  -0.000103    34.3122    34.3113     7.4234    27.5889    27.5881    34.3121    27.5888    1448.25    1448.24    -0.8194  1028.7136    34.4794 0.0000e+00
      19111 313.772260  -62.14426  -58.41980     -0.795    1448.44    233.000    230.634    -0.8135    -0.8129     0.0005    -0.8204    -0.8199     0.0005   2.793984   2.793959  -0.000027    34.3120    34.3110     7.4330    27.5887    27.5879    34.3117    27.5885    1448.22    1448.23    -0.8202  1028.7086    34.4790 0.0000e+00
      19138 313.772273  -62.14428  -58.41980     -0.816    1448.44    232.000    229.645    -0.8143    -0.8134     0.0009    -0.8212    -0.8203     0.0009   2.793816   2.793822   0.000006    34.3112    34.3102     7.4277    27.5881    27.5873    34.3110    27.5880    1448.20    1448.21    -0.8210  1028.7033    34.4784 0.0000e+00
      19162 313.772284  -62.14428  -58.41978     -0.962    1448.44    231.000    228.656    -0.8147    -0.8137     0.0009    -0.8215    -0.8206     0.0009   2.793712   2.793726   0.000017    34.3108    34.3100     7.4286    27.5878    27.5871    34.3106    27.5876    1448.19    1448.19    -0.8214  1028.6982    34.4779 0.0000e+00
      19188 313.772297  -62.14428  -58.41975     -0.954    1448.44    230.000    227.666    -0.8148    -0.8139     0.0009    -0.8216    -0.8207     0.0009   2.793654   2.793659 8.3184e-07    34.3108    34.3098     7.4248    27.5878    27.5869    34.3106    27.5876    1448.17    1448.17    -0.8214  1028.6934    34.4779 0.0000e+00
      19216 313.772311  -62.14428  -58.41974     -0.863    1448.44    229.000    226.677    -0.8146    -0.8139     0.0007    -0.8214    -0.8207     0.0007   2.793589   2.793583  -0.000002    34.3102    34.3094     7.4287    27.5873    27.5866    34.3101    27.5872    1448.15    1448.15    -0.8212  1028.6882    34.4774 0.0000e+00
      19242 313.772323  -62.14428  -58.41973     -0.891    1448.44    228.000    225.688    -0.8143    -0.8138     0.0006    -0.8211    -0.8205     0.0006   2.793551   2.793533  -0.000017    34.3100    34.3091     7.4315    27.5872    27.5864    34.3099    27.5871    1448.14    1448.14    -0.8209  1028.6833    34.4772 0.0000e+00
      19268 313.772336  -62.14428  -58.41971     -0.926    1448.44    227.000    224.698    -0.8141    -0.8134     0.0006    -0.8208    -0.8202     0.0006   2.793524   2.793501  -0.000023    34.3099    34.3089     7.4353    27.5871    27.5862    34.3099    27.5870    1448.12    1448.12    -0.8207  1028.6785    34.4772 0.0000e+00
      19297 313.772349  -62.14428  -58.41969     -0.876    1448.44    226.000    223.709    -0.8139    -0.8132     0.0006    -0.8206    -0.8199     0.0006   2.793503   2.793480  -0.000021    34.3100    34.3090     7.4348    27.5871    27.5863    34.3100    27.5871    1448.11    1448.11    -0.8204  1028.6738    34.4773 0.0000e+00
      19328 313.772364  -62.14428  -58.41968     -0.790    1448.44    225.000    222.720    -0.8140    -0.8132     0.0007    -0.8206    -0.8199     0.0007   2.793456   2.793440  -0.000017    34.3101    34.3091     7.4286    27.5872    27.5863    34.3100    27.5872    1448.09    1448.09    -0.8205  1028.6690    34.4773 0.0000e+00
      19357 313.772379  -62.14430  -58.41965     -0.795    1448.44    224.000    221.731    -0.8141    -0.8132     0.0008    -0.8207    -0.8199     0.0008   2.793375   2.793373 3.0952e-08    34.3097    34.3088     7.4360    27.5869    27.5861    34.3097    27.5869    1448.07    1448.08    -0.8205  1028.6640    34.4770 0.0000e+00
      19387 313.772393  -62.14430  -58.41963     -0.807    1448.44    223.000    220.741    -0.8141    -0.8133     0.0008    -0.8207    -0.8199     0.0008   2.793340   2.793320  -0.000019    34.3099    34.3088     7.4317    27.5870    27.5861    34.3098    27.5870    1448.06    1448.06    -0.8205  1028.6593    34.4771 0.0000e+00
      19417 313.772408  -62.14430  -58.41962     -0.798    1448.44    222.000    219.752    -0.8137    -0.8129     0.0007    -0.8202    -0.8195     0.0007   2.793318   2.793298  -0.000023    34.3097    34.3086     7.4323    27.5869    27.5860    34.3097    27.5869    1448.04    1448.04    -0.8201  1028.6544    34.4770 0.0000e+00
      19446 313.772421  -62.14430  -58.41960     -0.834    1448.44    221.000    218.762    -0.8137    -0.8129     0.0007    -0.8202    -0.8195     0.0007   2.793268   2.793255  -0.000012    34.3097    34.3087     7.4343    27.5869    27.5860    34.3097    27.5868    1448.03    1448.03    -0.8201  1028.6496    34.4769 0.0000e+00
      19477 313.772436  -62.14430  -58.41958     -0.798    1448.44    220.000    217.773    -0.8139    -0.8130     0.0009    -0.8204    -0.8195     0.0009   2.793197   2.793200   0.000002    34.3096    34.3087     7.4366    27.5868    27.5860    34.3096    27.5868    1448.01    1448.01    -0.8203  1028.6448    34.4769 0.0000e+00
      19509 313.772452  -62.14430  -58.41957     -0.734    1448.44    219.000    216.784    -0.8136    -0.8129     0.0007    -0.8201    -0.8194     0.0007   2.793182   2.793158  -0.000018    34.3096    34.3085     7.4444    27.5868    27.5859    34.3096    27.5868    1447.99    1448.00    -0.8199  1028.6401    34.4769 0.0000e+00
      19537 313.772465  -62.14430  -58.41955     -0.819    1448.44    218.000    215.794    -0.8130    -0.8124     0.0005    -0.8194    -0.8189     0.0005   2.793188   2.793154  -0.000038    34.3096    34.3085     7.4377    27.5868    27.5859    34.3096    27.5868    1447.98    1447.98    -0.8193  1028.6352    34.4769 0.0000e+00
      19563 313.772478  -62.14432  -58.41952     -0.906    1448.44    217.000    214.805    -0.8130    -0.8123     0.0007    -0.8194    -0.8187     0.0007   2.793137   2.793121  -0.000016    34.3096    34.3086     7.4367    27.5867    27.5859    34.3096    27.5867    1447.96    1447.97    -0.8193  1028.6304    34.4768 0.0000e+00
      19590 313.772491  -62.14432  -58.41952     -0.898    1448.44    216.000    213.816    -0.8130    -0.8122     0.0008    -0.8194    -0.8186     0.0008   2.793088   2.793074  -0.000015    34.3096    34.3085     7.4406    27.5867    27.5858    34.3096    27.5867    1447.95    1447.95    -0.8192  1028.6256    34.4768 0.0000e+00
      19615 313.772503  -62.14432  -58.41950     -0.924    1448.44    215.000    212.826    -0.8130    -0.8123     0.0006    -0.8193    -0.8186     0.0006   2.793049   2.793017  -0.000029    34.3095    34.3084     7.4424    27.5867    27.5858    34.3096    27.5867    1447.93    1447.93    -0.8192  1028.6209    34.4768 0.0000e+00
      19642 313.772516  -62.14432  -58.41948     -0.930    1448.44    214.000    211.837    -0.8128    -0.8122     0.0006    -0.8191    -0.8185     0.0006   2.793006   2.792977  -0.000030    34.3094    34.3083     7.4423    27.5866    27.5857    34.3094    27.5866    1447.92    1447.92    -0.8190  1028.6160    34.4767 0.0000e+00
      19670 313.772530  -62.14432  -58.41945     -0.868    1448.44    213.000    210.848    -0.8128    -0.8120     0.0007    -0.8191    -0.8183     0.0007   2.792960   2.792940  -0.000020    34.3094    34.3083     7.4493    27.5866    27.5857    34.3094    27.5866    1447.90    1447.90    -0.8189  1028.6112    34.4766 0.0000e+00
      19700 313.772544  -62.14432  -58.41943     -0.809    1448.44    212.000    209.858    -0.8128    -0.8120     0.0008    -0.8190    -0.8182     0.0008   2.792909   2.792893  -0.000017    34.3093    34.3082     7.4451    27.5865    27.5856    34.3093    27.5865    1447.88    1447.89    -0.8189  1028.6063    34.4766 0.0000e+00
      19729 313.772558  -62.14432  -58.41942     -0.823    1448.44    211.000    208.869    -0.8128    -0.8119     0.0008    -0.8190    -0.8182     0.0008   2.792858   2.792852  -0.000008    34.3092    34.3082     7.4479    27.5864    27.5856    34.3092    27.5864    1447.87    1447.87    -0.8189  1028.6015    34.4764 0.0000e+00
      19758 313.772572  -62.14432  -58.41940     -0.827    1448.44    210.000    207.879    -0.8128    -0.8120     0.0008    -0.8190    -0.8182     0.0008   2.792808   2.792791  -0.000016    34.3092    34.3081     7.4421    27.5864    27.5855    34.3092    27.5864    1447.85    1447.85    -0.8188  1028.5967    34.4764 0.0000e+00
      19791 313.772588  -62.14432  -58.41938     -0.747    1448.44    209.000    206.890    -0.8125    -0.8118     0.0007    -0.8186    -0.8179     0.0007   2.792753   2.792735  -0.000019    34.3087    34.3077     7.4442    27.5860    27.5851    34.3087    27.5860    1447.84    1447.84    -0.8185  1028.5915    34.4759 0.0000e+00
      19827 313.772605  -62.14433  -58.41937     -0.680    1448.44    208.000    205.900    -0.8122    -0.8115     0.0007    -0.8184    -0.8176     0.0007   2.792704   2.792680  -0.000023    34.3084    34.3073     7.4491    27.5857    27.5848    34.3084    27.5857    1447.82    1447.82    -0.8182  1028.5864    34.4756 0.0000e+00
      19864 313.772623  -62.14434  -58.41935     -0.641    1448.44    207.000    204.911    -0.8120    -0.8113     0.0007    -0.8181    -0.8174     0.0007   2.792642   2.792623  -0.000021    34.3079    34.3068     7.4574    27.5853    27.5844    34.3079    27.5853    1447.80    1447.81    -0.8179  1028.5813    34.4751 0.0000e+00
      19894 313.772637  -62.14434  -58.41933     -0.754    1448.44    206.000    203.922    -0.8115    -0.8108     0.0008    -0.8176    -0.8169     0.0008   2.792625   2.792599  -0.000026    34.3078    34.3066     7.4593    27.5852    27.5842    34.3077    27.5852    1447.79    1447.79    -0.8174  1028.5763    34.4749 0.0000e+00
      19924 313.772652  -62.14434  -58.41930     -0.814    1448.44    205.000    202.932    -0.8110    -0.8105     0.0005    -0.8171    -0.8166     0.0005   2.792607   2.792569  -0.000037    34.3075    34.3064     7.4568    27.5850    27.5841    34.3076    27.5850    1447.77    1447.78    -0.8169  1028.5714    34.4748 0.0000e+00
      19959 313.772669  -62.14434  -58.41927     -0.714    1448.44    204.000    201.943    -0.8108    -0.8097     0.0011    -0.8168    -0.8157     0.0011   2.792574   2.792579   0.000002    34.3074    34.3062     7.4595    27.5849    27.5838    34.3074    27.5849    1447.76    1447.76    -0.8166  1028.5665    34.4746 0.0000e+00
      19996 313.772686  -62.14434  -58.41926     -0.649    1448.44    203.000    200.954    -0.8093    -0.8086     0.0007    -0.8153    -0.8146     0.0007   2.792615   2.792589  -0.000024    34.3068    34.3057     7.4530    27.5844    27.5834    34.3069    27.5844    1447.75    1447.75    -0.8151  1028.5613    34.4741 0.0000e+00
      20030 313.772703  -62.14435  -58.41923     -0.681    1448.44    202.000    199.964    -0.8085    -0.8078     0.0007    -0.8145    -0.8137     0.0007   2.792622   2.792582  -0.000036    34.3066    34.3053     7.4507    27.5841    27.5830    34.3067    27.5842    1447.74    1447.74    -0.8143  1028.5562    34.4739 0.0000e+00
      20063 313.772719  -62.14436  -58.41921     -0.731    1448.44    201.000    198.975    -0.8052    -0.8052     0.0000    -0.8112    -0.8112     0.0000   2.792779   2.792702  -0.000074    34.3054    34.3044     7.4542    27.5830    27.5822    34.3058    27.5833    1447.73    1447.73    -0.8110  1028.5505    34.4729 0.0000e+00
      20098 313.772736  -62.14436  -58.41918     -0.701    1448.44    200.000    197.985    -0.8018    -0.8022    -0.0004    -0.8077    -0.8081    -0.0004   2.792916   2.792822  -0.000091    34.3040    34.3033     7.4569    27.5818    27.5812    34.3043    27.5820    1447.73    1447.73    -0.8075  1028.5445    34.4715 0.0000e+00
      20143 313.772758  -62.14436  -58.41917     -0.534    1448.44    199.000    196.996    -0.7986    -0.7995    -0.0008    -0.8045    -0.8053    -0.0008   2.793077   2.792956  -0.000117    34.3031    34.3025     7.4756    27.5809    27.5804    34.3035    27.5812    1447.73    1447.73    -0.8043  1028.5389    34.4707 0.0000e+00
      20189 313.772780  -62.14436  -58.41914     -0.517    1448.44    198.000    196.006    -0.7964    -0.7961     0.0002    -0.8022    -0.8019     0.0002   2.793192   2.793124  -0.000070    34.3028    34.3016     7.4729    27.5805    27.5795    34.3031    27.5808    1447.72    1447.72    -0.8021  1028.5337    34.4703 0.0000e+00
      20225 313.772797  -62.14436  -58.41911     -0.647    1448.44    197.000    195.017    -0.7951    -0.7946     0.0005    -0.8009    -0.8004     0.0005   2.793237   2.793189  -0.000050    34.3026    34.3014     7.4764    27.5803    27.5793    34.3029    27.5806    1447.71    1447.72    -0.8008  1028.5286    34.4700 0.0000e+00
      20253 313.772810  -62.14436  -58.41909     -0.805    1448.44    196.000    194.027    -0.7947    -0.7941     0.0006    -0.8005    -0.7999     0.0006   2.793210   2.793175  -0.000031    34.3024    34.3012     7.4797    27.5801    27.5792    34.3027    27.5804    1447.70    1447.70    -0.8003  1028.5237    34.4698 0.0000e+00
      20281 313.772824  -62.14437  -58.41907     -0.878    1448.44    195.000    193.038    -0.7916    -0.7923    -0.0007    -0.7973    -0.7981    -0.0007   2.793422   2.793259  -0.000155    34.3021    34.3008     7.4734    27.5798    27.5788    34.3027    27.5802    1447.69    1447.69    -0.7972  1028.5187    34.4698 0.0000e+00
