Pos-Processados/process_op42/Processamento_split/up/uoperantar42_029.cnv
* Sea-Bird SBE 9 Data File:
* FileName = C:\Users\Hidrografia\Desktop\OPXLII\Brutos\OP42029.hdr
* Software Version Seasave V 7.26.7.107
* Temperature SN = 6502
* Conductivity SN = 4998
* Number of Bytes Per Scan = 37
* Number of Voltage Words = 4
* Number of Scans Averaged by the Deck Unit = 1
* NMEA Latitude = 62 08.30 S
* NMEA Longitude = 058 26.22 W
* NMEA UTC (Time) = Nov 09 2023 04:08:28
* NMEA baud rate = 4800
** H41
** NPOALTEMAXIMIANO
** NUMERO DA ESTACAO (XXX) 029
** LAT (XX XX.XX S/N) 62 08.530 S
** LONG (XXX XX.XX W/E) 058 26.937 W
** DATAHORA (dd/mm/aaaa hh:mm Z) 09/11/2023 0407Z
** PROFUNDIDADE (m) 424
** OPERADOR CT FILIPE LOPES
# nquan = 30
# nvalues = 362                         
# units = specified
# name 0 = scan: Scan Count
# name 1 = timeJ: Julian Days
# name 2 = latitude: Latitude [deg]
# name 3 = longitude: Longitude [deg]
# name 4 = dz/dtM: Descent Rate [m/s]
# name 5 = avgsvCM: Average Sound Velocity [Chen-Millero, m/s]
# name 6 = prDM: Pressure, Digiquartz [db]
# name 7 = depSM: Depth [salt water, m]
# name 8 = t090C: Temperature [ITS-90, deg C]
# name 9 = t190C: Temperature, 2 [ITS-90, deg C]
# name 10 = T2-T190C: Temperature Difference, 2 - 1 [ITS-90, deg C]
# name 11 = potemp090C: Potential Temperature [ITS-90, deg C]
# name 12 = potemp190C: Potential Temperature, 2 [ITS-90, deg C]
# name 13 = potemp90Cdiff: Potential Temperature, Diff, 2 - 1 [ITS-90, deg C]
# name 14 = c0S/m: Conductivity [S/m]
# name 15 = c1S/m: Conductivity, 2 [S/m]
# name 16 = C2-C1S/m: Conductivity Difference, 2 - 1 [S/m]
# name 17 = sal00: Salinity, Practical [PSU]
# name 18 = sal11: Salinity, Practical, 2 [PSU]
# name 19 = sbeox0ML/L: Oxygen, SBE 43 [ml/l]
# name 20 = sigma-é00: Density [sigma-theta, kg/m^3]
# name 21 = sigma-é11: Density, 2 [sigma-theta, kg/m^3]
# name 22 = sal00: Salinity, Practical [PSU]
# name 23 = sigma-é00: Density [sigma-theta, kg/m^3]
# name 24 = svCM: Sound Velocity [Chen-Millero, m/s]
# name 25 = svCM1: Sound Velocity, 2 [Chen-Millero, m/s]
# name 26 = gsw_ptA0: potential temperature [ITS-90, deg C]
# name 27 = gsw_densityA0: density, TEOS-10 [density, kg/m^3]
# name 28 = gsw_saA0: Absolute Salinity [g/kg]
# name 29 = flag:
# span 0 =      17506,      29840       
# span 1 = 313.180988, 313.186936       
# span 2 =  -62.13942,  -62.13902       
# span 3 =  -58.42881,  -58.42258       
# span 4 =     -1.153,     -0.136       
# span 5 =    1447.91,    1447.91       
# span 6 =      2.000,    363.000       
# span 7 =      1.991,    359.201       
# span 8 =    -0.8223,    -0.5985       
# span 9 =    -0.8215,    -0.5983       
# span 10 =    -0.0035,     0.0082      
# span 11 =    -0.8273,    -0.5986      
# span 12 =    -0.8265,    -0.5983      
# span 13 =    -0.0035,     0.0082      
# span 14 =   2.789963,   2.818809      
# span 15 =   2.789950,   2.818780      
# span 16 =  -0.000331,   0.000790      
# span 17 =    34.2794,    34.3876      
# span 18 =    34.2783,    34.3866      
# span 19 =     6.8246,     7.6152      
# span 20 =    27.5530,    27.6435      
# span 21 =    27.5522,    27.6427      
# span 22 =    34.2795,    34.3876      
# span 23 =    27.5531,    27.6436      
# span 24 =    1445.43,    1451.19      
# span 25 =    1445.43,    1451.19      
# span 26 =    -0.8272,    -0.5986      
# span 27 =  1027.5672,  1029.3804      
# span 28 =    34.4448,    34.5557      
# span 29 = 0.0000e+00, 0.0000e+00      
# interval = decibars: 1                
# start_time = Nov 09 2023 04:08:28 [NMEA time, header]
# bad_flag = -9.990e-29
*END*
[from data line 291]
      26844 313.185491  -62.13932  -58.42411     -0.659    1447.91     72.000     71.297    -0.6165    -0.6167    -0.0003    -0.6186    -0.6189    -0.0003   2.800834   2.800740  -0.000096    34.2802    34.2793     7.5739    27.5545    27.5538    34.2803    27.5546    1446.49    1446.49    -0.6186  1027.9039    34.4460 0.0000e+00
      26877 313.185508  -62.13932  -58.42410     -0.702    1447.91     71.000     70.307    -0.6167    -0.6159     0.0008    -0.6188    -0.6180     0.0008   2.800786   2.800758  -0.000024    34.2805    34.2792     7.5725    27.5548    27.5537    34.2806    27.5548    1446.47    1446.47    -0.6188  1027.8993    34.4463 0.0000e+00
      26910 313.185523  -62.13932  -58.42408     -0.733    1447.91     70.000     69.317    -0.6163    -0.6153     0.0010    -0.6184    -0.6174     0.0010   2.800765   2.800757  -0.000010    34.2804    34.2791     7.5804    27.5547    27.5536    34.2804    27.5547    1446.46    1446.46    -0.6183  1027.8944    34.4461 0.0000e+00
      26943 313.185539  -62.13932  -58.42406     -0.731    1447.91     69.000     68.327    -0.6161    -0.6152     0.0009    -0.6181    -0.6172     0.0009   2.800731   2.800727  -0.000007    34.2803    34.2792     7.5905    27.5546    27.5537    34.2803    27.5546    1446.44    1446.44    -0.6181  1027.8895    34.4461 0.0000e+00
      26976 313.185555  -62.13932  -58.42405     -0.723    1447.91     68.000     67.337    -0.6159    -0.6151     0.0008    -0.6179    -0.6171     0.0008   2.800699   2.800680  -0.000016    34.2802    34.2791     7.5916    27.5545    27.5536    34.2803    27.5546    1446.43    1446.43    -0.6179  1027.8847    34.4460 0.0000e+00
      27009 313.185571  -62.13932  -58.42404     -0.725    1447.91     67.000     66.346    -0.6156    -0.6148     0.0008    -0.6176    -0.6168     0.0008   2.800674   2.800644  -0.000032    34.2802    34.2789     7.5932    27.5545    27.5534    34.2803    27.5546    1446.41    1446.41    -0.6176  1027.8799    34.4460 0.0000e+00
      27042 313.185587  -62.13932  -58.42401     -0.734    1447.91     66.000     65.356    -0.6144    -0.6141     0.0003    -0.6163    -0.6161     0.0003   2.800728   2.800666  -0.000070    34.2801    34.2789     7.5858    27.5544    27.5534    34.2802    27.5544    1446.40    1446.40    -0.6163  1027.8750    34.4459 0.0000e+00
      27074 313.185602  -62.13932  -58.42400     -0.743    1447.91     65.000     64.366    -0.6128    -0.6117     0.0011    -0.6147    -0.6136     0.0011   2.800822   2.800809  -0.000006    34.2800    34.2787     7.5962    27.5542    27.5531    34.2803    27.5544    1446.39    1446.39    -0.6147  1027.8702    34.4460 0.0000e+00
      27106 313.185618  -62.13932  -58.42398     -0.741    1447.91     64.000     63.376    -0.6114    -0.6104     0.0009    -0.6133    -0.6123     0.0009   2.800881   2.800867  -0.000009    34.2799    34.2787     7.6009    27.5540    27.5530    34.2801    27.5542    1446.38    1446.38    -0.6132  1027.8652    34.4458 0.0000e+00
      27138 313.185633  -62.13932  -58.42396     -0.757    1447.91     63.000     62.386    -0.6105    -0.6097     0.0008    -0.6124    -0.6116     0.0008   2.800898   2.800878  -0.000023    34.2799    34.2787     7.5950    27.5540    27.5530    34.2799    27.5541    1446.37    1446.37    -0.6123  1027.8602    34.4456 0.0000e+00
      27169 313.185648  -62.13932  -58.42395     -0.769    1447.91     62.000     61.396    -0.6111    -0.6104     0.0007    -0.6129    -0.6122     0.0007   2.800810   2.800770  -0.000046    34.2801    34.2787     7.5843    27.5542    27.5530    34.2801    27.5542    1446.35    1446.35    -0.6129  1027.8556    34.4457 0.0000e+00
      27199 313.185663  -62.13932  -58.42394     -0.793    1447.91     61.000     60.406    -0.6115    -0.6107     0.0008    -0.6133    -0.6125     0.0008   2.800724   2.800705  -0.000018    34.2800    34.2788     7.5903    27.5541    27.5531    34.2800    27.5541    1446.33    1446.33    -0.6133  1027.8507    34.4457 0.0000e+00
      27230 313.185677  -62.13932  -58.42392     -0.790    1447.91     60.000     59.416    -0.6123    -0.6114     0.0009    -0.6141    -0.6132     0.0009   2.800629   2.800600  -0.000026    34.2803    34.2789     7.5886    27.5544    27.5532    34.2802    27.5544    1446.31    1446.31    -0.6140  1027.8462    34.4459 0.0000e+00
      27262 313.185693  -62.13933  -58.42391     -0.756    1447.91     59.000     58.426    -0.6124    -0.6116     0.0007    -0.6141    -0.6134     0.0007   2.800558   2.800539  -0.000020    34.2800    34.2789     7.5768    27.5542    27.5533    34.2800    27.5542    1446.30    1446.30    -0.6141  1027.8412    34.4456 0.0000e+00
      27296 313.185710  -62.13934  -58.42388     -0.708    1447.91     58.000     57.436    -0.6124    -0.6116     0.0008    -0.6141    -0.6133     0.0008   2.800520   2.800492  -0.000021    34.2801    34.2789     7.5749    27.5542    27.5532    34.2801    27.5543    1446.28    1446.28    -0.6141  1027.8365    34.4457 0.0000e+00
      27330 313.185726  -62.13934  -58.42387     -0.696    1447.91     57.000     56.445    -0.6116    -0.6112     0.0003    -0.6133    -0.6129     0.0003   2.800539   2.800478  -0.000060    34.2800    34.2788     7.5844    27.5541    27.5532    34.2800    27.5542    1446.27    1446.27    -0.6132  1027.8316    34.4457 0.0000e+00
      27362 313.185741  -62.13934  -58.42385     -0.748    1447.91     56.000     55.455    -0.6113    -0.6105     0.0007    -0.6129    -0.6122     0.0007   2.800509   2.800484  -0.000027    34.2799    34.2787     7.5898    27.5541    27.5531    34.2799    27.5541    1446.25    1446.25    -0.6129  1027.8267    34.4456 0.0000e+00
      27391 313.185755  -62.13934  -58.42384     -0.810    1447.91     55.000     54.465    -0.6120    -0.6110     0.0010    -0.6136    -0.6127     0.0010   2.800411   2.800397  -0.000016    34.2801    34.2788     7.5813    27.5543    27.5531    34.2801    27.5542    1446.23    1446.24    -0.6136  1027.8221    34.4457 0.0000e+00
      27419 313.185769  -62.13934  -58.42382     -0.839    1447.91     54.000     53.475    -0.6127    -0.6116     0.0011    -0.6143    -0.6132     0.0011   2.800303   2.800309   0.000006    34.2801    34.2789     7.5843    27.5542    27.5532    34.2800    27.5542    1446.21    1446.22    -0.6143  1027.8173    34.4456 0.0000e+00
      27449 313.185783  -62.13934  -58.42380     -0.824    1447.91     53.000     52.485    -0.6130    -0.6123     0.0007    -0.6146    -0.6139     0.0007   2.800241   2.800215  -0.000024    34.2802    34.2790     7.5896    27.5543    27.5534    34.2801    27.5543    1446.19    1446.20    -0.6145  1027.8126    34.4457 0.0000e+00
      27480 313.185798  -62.13934  -58.42379     -0.779    1447.91     52.000     51.495    -0.6132    -0.6122     0.0010    -0.6147    -0.6137     0.0010   2.800181   2.800167  -0.000022    34.2803    34.2789     7.5920    27.5544    27.5533    34.2801    27.5543    1446.18    1446.18    -0.6147  1027.8078    34.4457 0.0000e+00
      27513 313.185814  -62.13934  -58.42378     -0.739    1447.91     51.000     50.505    -0.6136    -0.6127     0.0010    -0.6152    -0.6142     0.0010   2.800107   2.800085  -0.000021    34.2804    34.2790     7.5930    27.5545    27.5534    34.2803    27.5545    1446.16    1446.16    -0.6151  1027.8032    34.4459 0.0000e+00
      27546 313.185830  -62.13934  -58.42376     -0.718    1447.91     50.000     49.515    -0.6140    -0.6131     0.0009    -0.6155    -0.6145     0.0009   2.800025   2.800017  -0.000007    34.2803    34.2791     7.5952    27.5545    27.5535    34.2802    27.5544    1446.14    1446.15    -0.6154  1027.7983    34.4458 0.0000e+00
      27580 313.185846  -62.13934  -58.42374     -0.714    1447.91     49.000     48.524    -0.6140    -0.6131     0.0008    -0.6154    -0.6146     0.0008   2.799994   2.799966  -0.000025    34.2804    34.2791     7.5942    27.5545    27.5535    34.2804    27.5545    1446.13    1446.13    -0.6154  1027.7937    34.4459 0.0000e+00
      27613 313.185862  -62.13934  -58.42372     -0.722    1447.91     48.000     47.534    -0.6139    -0.6131     0.0008    -0.6153    -0.6145     0.0008   2.799951   2.799931  -0.000030    34.2805    34.2792     7.5939    27.5547    27.5535    34.2804    27.5545    1446.11    1446.11    -0.6153  1027.7889    34.4459 0.0000e+00
      27645 313.185878  -62.13934  -58.42371     -0.737    1447.91     47.000     46.544    -0.6139    -0.6132     0.0007    -0.6153    -0.6146     0.0007   2.799908   2.799871  -0.000028    34.2804    34.2792     7.5982    27.5545    27.5535    34.2804    27.5546    1446.09    1446.10    -0.6153  1027.7842    34.4460 0.0000e+00
      27676 313.185893  -62.13934  -58.42370     -0.770    1447.91     46.000     45.554    -0.6140    -0.6133     0.0008    -0.6154    -0.6146     0.0008   2.799838   2.799820  -0.000020    34.2803    34.2791     7.6029    27.5545    27.5535    34.2802    27.5544    1446.08    1446.08    -0.6153  1027.7792    34.4457 0.0000e+00
      27707 313.185907  -62.13934  -58.42368     -0.791    1447.91     45.000     44.563    -0.6136    -0.6130     0.0006    -0.6150    -0.6144     0.0006   2.799840   2.799794  -0.000044    34.2804    34.2791     7.5958    27.5546    27.5535    34.2804    27.5545    1446.06    1446.06    -0.6149  1027.7745    34.4458 0.0000e+00
      27738 313.185922  -62.13934  -58.42366     -0.780    1447.91     44.000     43.573    -0.6130    -0.6123     0.0007    -0.6144    -0.6136     0.0007   2.799834   2.799804  -0.000027    34.2802    34.2790     7.5862    27.5544    27.5534    34.2803    27.5544    1446.05    1446.05    -0.6143  1027.7696    34.4458 0.0000e+00
      27772 313.185939  -62.13934  -58.42364     -0.719    1447.91     43.000     42.583    -0.6130    -0.6120     0.0010    -0.6143    -0.6133     0.0010   2.799803   2.799790  -0.000018    34.2805    34.2791     7.5944    27.5546    27.5534    34.2804    27.5545    1446.03    1446.04    -0.6142  1027.7649    34.4459 0.0000e+00
      27808 313.185956  -62.13935  -58.42362     -0.670    1447.91     42.000     41.593    -0.6133    -0.6125     0.0008    -0.6145    -0.6137     0.0008   2.799725   2.799699  -0.000026    34.2803    34.2791     7.5903    27.5545    27.5534    34.2803    27.5544    1446.02    1446.02    -0.6145  1027.7600    34.4458 0.0000e+00
      27843 313.185973  -62.13936  -58.42361     -0.674    1447.91     41.000     40.603    -0.6126    -0.6118     0.0008    -0.6138    -0.6130     0.0008   2.799731   2.799710  -0.000021    34.2803    34.2791     7.5901    27.5544    27.5534    34.2803    27.5544    1446.00    1446.01    -0.6138  1027.7552    34.4457 0.0000e+00
      27875 313.185989  -62.13936  -58.42360     -0.729    1447.91     40.000     39.612    -0.6131    -0.6122     0.0009    -0.6143    -0.6134     0.0009   2.799651   2.799635  -0.000017    34.2804    34.2791     7.5946    27.5545    27.5534    34.2803    27.5545    1445.98    1445.99    -0.6143  1027.7505    34.4458 0.0000e+00
      27906 313.186003  -62.13936  -58.42357     -0.779    1447.91     39.000     38.622    -0.6128    -0.6121     0.0006    -0.6139    -0.6133     0.0006   2.799640   2.799589  -0.000043    34.2803    34.2790     7.5913    27.5544    27.5534    34.2804    27.5545    1445.97    1445.97    -0.6139  1027.7457    34.4458 0.0000e+00
      27935 313.186018  -62.13936  -58.42356     -0.805    1447.91     38.000     37.632    -0.6123    -0.6114     0.0008    -0.6134    -0.6126     0.0008   2.799616   2.799593  -0.000027    34.2802    34.2789     7.5957    27.5543    27.5532    34.2802    27.5543    1445.96    1445.96    -0.6134  1027.7407    34.4456 0.0000e+00
      27965 313.186032  -62.13936  -58.42354     -0.818    1447.91     37.000     36.642    -0.6121    -0.6111     0.0010    -0.6133    -0.6122     0.0010   2.799589   2.799569  -0.000021    34.2803    34.2789     7.6020    27.5544    27.5532    34.2803    27.5544    1445.94    1445.94    -0.6132  1027.7360    34.4457 0.0000e+00
      27995 313.186046  -62.13936  -58.42354     -0.802    1447.91     36.000     35.651    -0.6121    -0.6112     0.0008    -0.6131    -0.6123     0.0008   2.799549   2.799516  -0.000032    34.2803    34.2789     7.5845    27.5544    27.5532    34.2803    27.5544    1445.92    1445.93    -0.6131  1027.7312    34.4457 0.0000e+00
      28028 313.186062  -62.13936  -58.42351     -0.742    1447.91     35.000     34.661    -0.6123    -0.6114     0.0008    -0.6133    -0.6124     0.0008   2.799484   2.799461  -0.000024    34.2803    34.2790     7.5790    27.5544    27.5533    34.2803    27.5544    1445.91    1445.91    -0.6133  1027.7264    34.4457 0.0000e+00
      28062 313.186079  -62.13936  -58.42350     -0.702    1447.91     34.000     33.671    -0.6128    -0.6118     0.0010    -0.6138    -0.6128     0.0010   2.799407   2.799378  -0.000024    34.2805    34.2790     7.5946    27.5545    27.5533    34.2804    27.5545    1445.89    1445.89    -0.6138  1027.7218    34.4458 0.0000e+00
      28097 313.186096  -62.13936  -58.42347     -0.689    1447.91     33.000     32.681    -0.6121    -0.6115     0.0007    -0.6131    -0.6124     0.0007   2.799395   2.799362  -0.000033    34.2801    34.2789     7.5952    27.5542    27.5532    34.2801    27.5542    1445.87    1445.88    -0.6130  1027.7167    34.4455 0.0000e+00
      28130 313.186112  -62.13936  -58.42346     -0.712    1447.91     32.000     31.691    -0.6114    -0.6107     0.0008    -0.6123    -0.6116     0.0008   2.799415   2.799386  -0.000029    34.2802    34.2789     7.5966    27.5542    27.5532    34.2802    27.5543    1445.86    1445.86    -0.6123  1027.7119    34.4455 0.0000e+00
      28163 313.186127  -62.13936  -58.42344     -0.739    1447.91     31.000     30.700    -0.6113    -0.6106     0.0007    -0.6122    -0.6115     0.0007   2.799378   2.799341  -0.000040    34.2803    34.2790     7.5869    27.5544    27.5532    34.2803    27.5543    1445.85    1445.85    -0.6122  1027.7072    34.4456 0.0000e+00
      28193 313.186142  -62.13936  -58.42343     -0.765    1447.91     30.000     29.710    -0.6116    -0.6107     0.0009    -0.6125    -0.6116     0.0009   2.799308   2.799286  -0.000023    34.2803    34.2790     7.5955    27.5543    27.5532    34.2803    27.5543    1445.83    1445.83    -0.6125  1027.7024    34.4456 0.0000e+00
      28222 313.186156  -62.13936  -58.42341     -0.822    1447.91     29.000     28.720    -0.6115    -0.6107     0.0008    -0.6123    -0.6115     0.0008   2.799268   2.799241  -0.000029    34.2802    34.2789     7.6065    27.5542    27.5532    34.2802    27.5542    1445.81    1445.82    -0.6123  1027.6975    34.4455 0.0000e+00
      28250 313.186170  -62.13936  -58.42340     -0.850    1447.91     28.000     27.729    -0.6111    -0.6102     0.0009    -0.6119    -0.6110     0.0009   2.799250   2.799232  -0.000023    34.2802    34.2788     7.5981    27.5542    27.5531    34.2802    27.5542    1445.80    1445.80    -0.6119  1027.6927    34.4454 0.0000e+00
      28279 313.186183  -62.13936  -58.42338     -0.850    1447.91     27.000     26.739    -0.6105    -0.6096     0.0009    -0.6113    -0.6104     0.0009   2.799262   2.799238  -0.000020    34.2801    34.2788     7.5851    27.5541    27.5531    34.2802    27.5542    1445.79    1445.79    -0.6113  1027.6879    34.4455 0.0000e+00
      28311 313.186199  -62.13937  -58.42337     -0.774    1447.91     26.000     25.749    -0.6096    -0.6090     0.0006    -0.6103    -0.6097     0.0006   2.799288   2.799238  -0.000047    34.2800    34.2787     7.5806    27.5541    27.5530    34.2802    27.5542    1445.77    1445.77    -0.6103  1027.6830    34.4454 0.0000e+00
