Pos-Processados/process_op42/Processamento_split/up/uoperantar42_027.cnv
* Sea-Bird SBE 9 Data File:
* FileName = C:\Users\Hidrografia\Desktop\OPXLII\Brutos\OP42027.hdr
* Software Version Seasave V 7.26.7.107
* Temperature SN = 6502
* Conductivity SN = 4998
* Number of Bytes Per Scan = 37
* Number of Voltage Words = 4
* Number of Scans Averaged by the Deck Unit = 1
* NMEA Latitude = 62 16.55 S
* NMEA Longitude = 058 26.39 W
* NMEA UTC (Time) = Nov 08 2023 19:38:30
* NMEA baud rate = 4800
** H41
** NPOALTEMAXIMIANO
** NUMERO DA ESTACAO (XXX) 027
** LAT (XX XX.XX S/N) 62  16.401 S
** LONG (XXX XX.XX W/E) 058  26.553 W
** DATAHORA (dd/mm/aaaa hh:mm Z) 08/11/2023 1937Z
** PROFUNDIDADE (m) 159
** OPERADOR CT FILIPE LOPES
# nquan = 30
# nvalues = 188                         
# units = specified
# name 0 = scan: Scan Count
# name 1 = timeJ: Julian Days
# name 2 = latitude: Latitude [deg]
# name 3 = longitude: Longitude [deg]
# name 4 = dz/dtM: Descent Rate [m/s]
# name 5 = avgsvCM: Average Sound Velocity [Chen-Millero, m/s]
# name 6 = prDM: Pressure, Digiquartz [db]
# name 7 = depSM: Depth [salt water, m]
# name 8 = t090C: Temperature [ITS-90, deg C]
# name 9 = t190C: Temperature, 2 [ITS-90, deg C]
# name 10 = T2-T190C: Temperature Difference, 2 - 1 [ITS-90, deg C]
# name 11 = potemp090C: Potential Temperature [ITS-90, deg C]
# name 12 = potemp190C: Potential Temperature, 2 [ITS-90, deg C]
# name 13 = potemp90Cdiff: Potential Temperature, Diff, 2 - 1 [ITS-90, deg C]
# name 14 = c0S/m: Conductivity [S/m]
# name 15 = c1S/m: Conductivity, 2 [S/m]
# name 16 = C2-C1S/m: Conductivity Difference, 2 - 1 [S/m]
# name 17 = sal00: Salinity, Practical [PSU]
# name 18 = sal11: Salinity, Practical, 2 [PSU]
# name 19 = sbeox0ML/L: Oxygen, SBE 43 [ml/l]
# name 20 = sigma-é00: Density [sigma-theta, kg/m^3]
# name 21 = sigma-é11: Density, 2 [sigma-theta, kg/m^3]
# name 22 = sal00: Salinity, Practical [PSU]
# name 23 = sigma-é00: Density [sigma-theta, kg/m^3]
# name 24 = svCM: Sound Velocity [Chen-Millero, m/s]
# name 25 = svCM1: Sound Velocity, 2 [Chen-Millero, m/s]
# name 26 = gsw_ptA0: potential temperature [ITS-90, deg C]
# name 27 = gsw_densityA0: density, TEOS-10 [density, kg/m^3]
# name 28 = gsw_saA0: Absolute Salinity [g/kg]
# name 29 = flag:
# span 0 =      12964,      21947       
# span 1 = 312.824654, 312.828986       
# span 2 =  -62.27984,  -62.27822       
# span 3 =  -58.43587,  -58.43352       
# span 4 =     -1.155,     -0.207       
# span 5 =    1447.02,    1447.02       
# span 6 =      3.000,    190.000       
# span 7 =      2.986,    188.092       
# span 8 =    -0.6903,    -0.4884       
# span 9 =    -0.6893,    -0.4872       
# span 10 =    -0.0118,     0.0121      
# span 11 =    -0.6930,    -0.4885      
# span 12 =    -0.6921,    -0.4874      
# span 13 =    -0.0118,     0.0121      
# span 14 =   2.799041,   2.817251      
# span 15 =   2.799019,   2.817237      
# span 16 =  -0.001008,   0.001037      
# span 17 =    34.2945,    34.3577      
# span 18 =    34.2922,    34.3565      
# span 19 =     7.1256,     7.4916      
# span 20 =    27.5607,    27.6147      
# span 21 =    27.5589,    27.6136      
# span 22 =    34.2954,    34.3577      
# span 23 =    27.5612,    27.6146      
# span 24 =    1445.98,    1448.80      
# span 25 =    1445.99,    1448.80      
# span 26 =    -0.6929,    -0.4885      
# span 27 =  1027.5801,  1028.5272      
# span 28 =    34.4571,    34.5251      
# span 29 = 0.0000e+00, 0.0000e+00      
# interval = decibars: 1                
# start_time = Nov 08 2023 19:38:30 [NMEA time, header]
# bad_flag = -9.990e-29
*END*
[from data line 97]
      16264 312.826245  -62.27882  -58.43483     -0.701    1447.02     93.000     92.086    -0.6885    -0.6865     0.0020    -0.6913    -0.6893     0.0020   2.799310   2.799437   0.000134    34.3290    34.3285     7.1851    27.5971    27.5967    34.3285    27.5967    1446.56    1446.56    -0.6912  1028.0468    34.4949 0.0000e+00
      16291 312.826259  -62.27882  -58.43482     -0.788    1447.02     92.000     91.096    -0.6903    -0.6893     0.0009    -0.6930    -0.6921     0.0009   2.799105   2.799108   0.000011    34.3286    34.3277     7.1835    27.5969    27.5962    34.3283    27.5966    1446.53    1446.54    -0.6929  1028.0420    34.4947 0.0000e+00
      16314 312.826270  -62.27883  -58.43481     -0.968    1447.02     91.000     90.106    -0.6900    -0.6891     0.0009    -0.6927    -0.6918     0.0009   2.799055   2.799052 6.5871e-07    34.3281    34.3271     7.1937    27.5965    27.5956    34.3279    27.5963    1446.52    1446.52    -0.6926  1028.0368    34.4942 0.0000e+00
      16339 312.826282  -62.27884  -58.43480     -1.000    1447.02     90.000     89.116    -0.6893    -0.6888     0.0006    -0.6920    -0.6914     0.0006   2.799043   2.799021  -0.000014    34.3277    34.3269     7.1833    27.5961    27.5954    34.3276    27.5960    1446.50    1446.50    -0.6919  1028.0318    34.4939 0.0000e+00
      16369 312.826296  -62.27884  -58.43480     -0.864    1447.02     89.000     88.126    -0.6872    -0.6874    -0.0002    -0.6899    -0.6900    -0.0002   2.799097   2.799047  -0.000046    34.3266    34.3263     7.1809    27.5951    27.5949    34.3265    27.5951    1446.50    1446.49    -0.6898  1028.0261    34.4928 0.0000e+00
      16401 312.826312  -62.27884  -58.43479     -0.764    1447.02     88.000     87.136    -0.6853    -0.6851     0.0002    -0.6879    -0.6877     0.0002   2.799146   2.799100  -0.000043    34.3256    34.3247     7.1843    27.5943    27.5935    34.3256    27.5943    1446.49    1446.49    -0.6878  1028.0204    34.4919 0.0000e+00
      16434 312.826327  -62.27885  -58.43478     -0.729    1447.02     87.000     86.146    -0.6844    -0.6839     0.0005    -0.6870    -0.6864     0.0005   2.799138   2.799109  -0.000030    34.3252    34.3242     7.1691    27.5939    27.5931    34.3252    27.5939    1446.47    1446.48    -0.6869  1028.0152    34.4915 0.0000e+00
      16463 312.826341  -62.27886  -58.43476     -0.788    1447.02     86.000     85.156    -0.6845    -0.6840     0.0005    -0.6870    -0.6866     0.0005   2.799041   2.799019  -0.000017    34.3246    34.3238     7.1673    27.5934    27.5928    34.3245    27.5934    1446.46    1446.46    -0.6870  1028.0087    34.4893 0.0000e+00
      16488 312.826354 -9.990e-29  -58.43476     -0.894    1447.02     85.000     84.166    -0.6810    -0.6826    -0.0016    -0.6835    -0.6852    -0.0016   2.799251   2.799048  -0.000180    34.3236    34.3231     7.1803    27.5924    27.5921    34.3240    27.5928    1446.45    1446.45    -0.6834  1028.0011    34.4860 0.0000e+00
      16515 312.826367 -9.990e-29  -58.43474     -0.917    1447.02     84.000     83.176    -0.6778    -0.6796    -0.0018    -0.6802    -0.6820    -0.0018   2.799413   2.799220  -0.000202    34.3229    34.3223     7.1801    27.5918    27.5913    34.3232    27.5920    1446.45    1446.44    -0.6802  1027.9954    34.4850 0.0000e+00
      16544 312.826381 -9.990e-29  -58.43474     -0.843    1447.02     83.000     82.186    -0.6739    -0.6716     0.0023    -0.6763    -0.6740     0.0023   2.799733   2.799787   0.000038    34.3230    34.3209     7.1655    27.5917    27.5898    34.3237    27.5923    1446.46    1446.47    -0.6763  1027.9909    34.4856 0.0000e+00
      16574 312.826395  -62.27888  -58.43473     -0.812    1447.02     82.000     81.196    -0.6672    -0.6667     0.0004    -0.6696    -0.6692     0.0004   2.800183   2.800135  -0.000039    34.3223    34.3212     7.1639    27.5908    27.5899    34.3228    27.5912    1446.47    1446.47    -0.6696  1027.9877    34.4879 0.0000e+00
      16603 312.826409  -62.27888  -58.43472     -0.818    1447.02     81.000     80.206    -0.6685    -0.6677     0.0008    -0.6709    -0.6701     0.0008   2.800007   2.799991  -0.000023    34.3224    34.3212     7.1556    27.5910    27.5899    34.3226    27.5911    1446.45    1446.45    -0.6708  1027.9836    34.4887 0.0000e+00
      16633 312.826424  -62.27888  -58.43470     -0.799    1447.02     80.000     79.216    -0.6699    -0.6688     0.0011    -0.6723    -0.6712     0.0011   2.799843   2.799845   0.000006    34.3224    34.3212     7.1450    27.5910    27.5900    34.3226    27.5912    1446.42    1446.43    -0.6722  1027.9789    34.4887 0.0000e+00
      16661 312.826437  -62.27890  -58.43470     -0.834    1447.02     79.000     78.226    -0.6660    -0.6670    -0.0010    -0.6683    -0.6693    -0.0010   2.800175   2.799979  -0.000172    34.3221    34.3209     7.1369    27.5906    27.5896    34.3233    27.5915    1446.43    1446.42    -0.6683  1027.9745    34.4894 0.0000e+00
      16688 312.826450  -62.27890  -58.43468     -0.885    1447.02     78.000     77.236    -0.6554    -0.6589    -0.0035    -0.6577    -0.6612    -0.0035   2.800995   2.800610  -0.000382    34.3219    34.3208     7.1472    27.5900    27.5892    34.3229    27.5908    1446.46    1446.44    -0.6576  1027.9689    34.4890 0.0000e+00
      16715 312.826463  -62.27890  -58.43467     -0.895    1447.02     77.000     76.246    -0.6511    -0.6524    -0.0013    -0.6534    -0.6547    -0.0013   2.801291   2.801100  -0.000195    34.3218    34.3206     7.1419    27.5897    27.5888    34.3226    27.5904    1446.47    1446.46    -0.6533  1027.9637    34.4887 0.0000e+00
      16745 312.826478  -62.27890  -58.43466     -0.837    1447.02     76.000     75.256    -0.6522    -0.6519     0.0002    -0.6545    -0.6542     0.0002   2.801128   2.801073  -0.000056    34.3220    34.3209     7.1346    27.5899    27.5890    34.3223    27.5902    1446.44    1446.44    -0.6544  1027.9587    34.4884 0.0000e+00
      16780 312.826495  -62.27891  -58.43466     -0.697    1447.02     75.000     74.266    -0.6551    -0.6534     0.0017    -0.6573    -0.6556     0.0017   2.800851   2.800906   0.000042    34.3223    34.3209     7.1373    27.5903    27.5891    34.3225    27.5904    1446.41    1446.42    -0.6573  1027.9512    34.4849 0.0000e+00
      16814 312.826511 -9.990e-29  -58.43465     -0.679    1447.02     74.000     73.276    -0.6600    -0.6570     0.0030    -0.6622    -0.6592     0.0030   2.800312   2.800497   0.000164    34.3219    34.3207     7.1256    27.5901    27.5891    34.3214    27.5897    1446.37    1446.38    -0.6621  1027.9453    34.4832 0.0000e+00
      16841 312.826524 -9.990e-29  -58.43464     -0.839    1447.02     73.000     72.286    -0.6658    -0.6622     0.0036    -0.6680    -0.6644     0.0036   2.799701   2.799962   0.000266    34.3208    34.3203     7.1281    27.5895    27.5890    34.3204    27.5892    1446.33    1446.34    -0.6679  1027.9400    34.4822 0.0000e+00
      16866 312.826536  -62.27894  -58.43463     -0.948    1447.02     72.000     71.296    -0.6660    -0.6654     0.0006    -0.6681    -0.6675     0.0006   2.799688   2.799642  -0.000029    34.3209    34.3198     7.1452    27.5896    27.5887    34.3210    27.5897    1446.31    1446.31    -0.6681  1027.9373    34.4848 0.0000e+00
      16894 312.826550  -62.27894  -58.43460     -0.898    1447.02     71.000     70.306    -0.6654    -0.6642     0.0012    -0.6675    -0.6663     0.0012   2.799687   2.799685 -9.536e-07    34.3211    34.3197     7.1431    27.5897    27.5886    34.3209    27.5896    1446.30    1446.30    -0.6674  1027.9342    34.4869 0.0000e+00
      16927 312.826565  -62.27894  -58.43460     -0.749    1447.02     70.000     69.316    -0.6698    -0.6676     0.0023    -0.6719    -0.6696     0.0023   2.799206   2.799346   0.000127    34.3207    34.3199     7.1475    27.5896    27.5888    34.3200    27.5891    1446.26    1446.27    -0.6718  1027.9289    34.4860 0.0000e+00
      16959 312.826581  -62.27894  -58.43460     -0.745    1447.02     69.000     68.326    -0.6638    -0.6655    -0.0017    -0.6658    -0.6675    -0.0017   2.799630   2.799393  -0.000200    34.3187    34.3179     7.1496    27.5877    27.5872    34.3196    27.5884    1446.27    1446.26    -0.6658  1027.9226    34.4844 0.0000e+00
      16992 312.826597 -9.990e-29  -58.43458     -0.729    1447.02     68.000     67.336    -0.6554    -0.6562    -0.0008    -0.6574    -0.6582    -0.0008   2.800135   2.800009  -0.000153    34.3175    34.3163     7.1503    27.5864    27.5855    34.3175    27.5864    1446.29    1446.29    -0.6574  1027.9133    34.4793 0.0000e+00
      17022 312.826611 -9.990e-29  -58.43456     -0.759    1447.02     67.000     66.346    -0.6588    -0.6565     0.0023    -0.6608    -0.6585     0.0023   2.799902   2.799958   0.000068    34.3182    34.3164     7.1487    27.5871    27.5856    34.3188    27.5876    1446.26    1446.27    -0.6607  1027.9098    34.4807 0.0000e+00
      17050 312.826625 -9.990e-29  -58.43456     -0.863    1447.02     66.000     65.356    -0.6489    -0.6495    -0.0005    -0.6509    -0.6514    -0.0005   2.800560   2.800421  -0.000147    34.3166    34.3152     7.1619    27.5854    27.5843    34.3171    27.5858    1446.29    1446.28    -0.6508  1027.9032    34.4790 0.0000e+00
      17089 312.826644  -62.27896  -58.43455     -0.649    1447.02     65.000     64.365    -0.6484    -0.6509    -0.0025    -0.6503    -0.6528    -0.0025   2.800567   2.800284  -0.000259    34.3166    34.3161     7.1705    27.5854    27.5850    34.3172    27.5858    1446.28    1446.26    -0.6503  1027.9016    34.4830 0.0000e+00
      17129 312.826663  -62.27897  -58.43454     -0.561    1447.02     64.000     63.375    -0.6425    -0.6424     0.0002    -0.6444    -0.6443     0.0002   2.800977   2.800892  -0.000108    34.3161    34.3145     7.1799    27.5847    27.5834    34.3167    27.5852    1446.29    1446.28    -0.6444  1027.8963    34.4827 0.0000e+00
      17152 312.826674  -62.27898  -58.43453     -0.863    1447.02     63.000     62.385    -0.6412    -0.6408     0.0004    -0.6431    -0.6427     0.0004   2.801046   2.800971  -0.000074    34.3162    34.3148     7.1944    27.5847    27.5835    34.3168    27.5852    1446.27    1446.27    -0.6430  1027.8915    34.4827 0.0000e+00
      17174 312.826685  -62.27898  -58.43452     -1.058    1447.02     62.000     61.395    -0.6391    -0.6389     0.0002    -0.6409    -0.6407     0.0002   2.801149   2.801078  -0.000072    34.3159    34.3146     7.1950    27.5844    27.5834    34.3164    27.5848    1446.27    1446.27    -0.6409  1027.8863    34.4823 0.0000e+00
      17201 312.826698  -62.27898  -58.43451     -0.981    1447.02     61.000     60.405    -0.6392    -0.6395    -0.0003    -0.6410    -0.6413    -0.0003   2.801100   2.800978  -0.000118    34.3162    34.3150     7.1761    27.5846    27.5837    34.3165    27.5849    1446.25    1446.25    -0.6410  1027.8816    34.4824 0.0000e+00
      17239 312.826716  -62.27899  -58.43450     -0.672    1447.02     60.000     59.417    -0.6390    -0.6383     0.0007    -0.6407    -0.6401     0.0007   2.801054   2.801043  -0.000027    34.3160    34.3149     7.1843    27.5845    27.5835    34.3162    27.5847    1446.24    1446.24    -0.6407  1027.8766    34.4821 0.0000e+00
      17286 312.826739  -62.27900  -58.43448     -0.491    1447.02     59.000     58.423    -0.6391    -0.6391     0.0001    -0.6409    -0.6408     0.0001   2.800936   2.800861  -0.000051    34.3149    34.3142     7.2004    27.5836    27.5830    34.3154    27.5840    1446.22    1446.22    -0.6408  1027.8711    34.4813 0.0000e+00
      17316 312.826753  -62.27900  -58.43447     -0.708    1447.02     58.000     57.435    -0.6328    -0.6336    -0.0008    -0.6345    -0.6353    -0.0008   2.801307   2.801171  -0.000143    34.3133    34.3123     7.1862    27.5820    27.5812    34.3139    27.5825    1446.23    1446.22    -0.6345  1027.8648    34.4797 0.0000e+00
      17339 312.826764  -62.27901  -58.43446     -0.948    1447.02     57.000     56.445    -0.6315    -0.6321    -0.0006    -0.6332    -0.6338    -0.0006   2.801367   2.801224  -0.000144    34.3134    34.3122     7.2003    27.5820    27.5811    34.3138    27.5824    1446.22    1446.22    -0.6331  1027.8599    34.4797 0.0000e+00
      17361 312.826775  -62.27902  -58.43446     -1.063    1447.02     56.000     55.455    -0.6298    -0.6302    -0.0004    -0.6315    -0.6319    -0.0004   2.801462   2.801328  -0.000138    34.3133    34.3119     7.2108    27.5819    27.5808    34.3138    27.5823    1446.21    1446.21    -0.6314  1027.8550    34.4797 0.0000e+00
      17389 312.826788  -62.27902  -58.43445     -0.958    1447.02     55.000     54.464    -0.6262    -0.6303    -0.0040    -0.6279    -0.6319    -0.0040   2.801656   2.801304  -0.000354    34.3124    34.3122     7.2104    27.5810    27.5810    34.3130    27.5815    1446.21    1446.19    -0.6278  1027.8494    34.4788 0.0000e+00
      17422 312.826804  -62.27902  -58.43444     -0.756    1447.02     54.000     53.474    -0.6172    -0.6184    -0.0012    -0.6188    -0.6200    -0.0012   2.802408   2.802142  -0.000243    34.3119    34.3100     7.2017    27.5803    27.5787    34.3135    27.5815    1446.24    1446.23    -0.6188  1027.8446    34.4793 0.0000e+00
      17455 312.826820  -62.27902  -58.43442     -0.720    1447.02     53.000     52.489    -0.6070    -0.6092    -0.0022    -0.6086    -0.6107    -0.0022   2.803106   2.802833  -0.000283    34.3110    34.3097     7.2068    27.5790    27.5781    34.3120    27.5798    1446.27    1446.26    -0.6085  1027.8381    34.4778 0.0000e+00
      17493 312.826839  -62.27903  -58.43442     -0.638    1447.02     52.000     51.490    -0.6056    -0.6067    -0.0012    -0.6071    -0.6082    -0.0012   2.803170   2.802983  -0.000174    34.3110    34.3100     7.2170    27.5790    27.5782    34.3119    27.5797    1446.26    1446.25    -0.6071  1027.8332    34.4776 0.0000e+00
      17529 312.826856  -62.27904  -58.43442     -0.651    1447.02     51.000     50.504    -0.6029    -0.6029     0.0000    -0.6044    -0.6044     0.0000   2.803298   2.803215  -0.000100    34.3104    34.3091     7.1965    27.5784    27.5773    34.3112    27.5790    1446.25    1446.25    -0.6044  1027.8277    34.4770 0.0000e+00
      17562 312.826872  -62.27905  -58.43441     -0.726    1447.02     50.000     49.514    -0.6016    -0.6012     0.0005    -0.6031    -0.6027     0.0005   2.803342   2.803272  -0.000072    34.3104    34.3089     7.1937    27.5783    27.5770    34.3110    27.5788    1446.24    1446.24    -0.6031  1027.8227    34.4767 0.0000e+00
      17591 312.826886  -62.27906  -58.43438     -0.777    1447.02     49.000     48.524    -0.5982    -0.5982    -0.0001    -0.5996    -0.5997    -0.0001   2.803490   2.803369  -0.000110    34.3086    34.3072     7.2072    27.5767    27.5756    34.3096    27.5775    1446.24    1446.23    -0.5996  1027.8167    34.4754 0.0000e+00
      17615 312.826897  -62.27906  -58.43438     -0.933    1447.02     48.000     47.533    -0.5845    -0.5923    -0.0078    -0.5859    -0.5937    -0.0078   2.804238   2.803657  -0.000547    34.3032    34.3046     7.2046    27.5717    27.5732    34.3049    27.5731    1446.28    1446.25    -0.5859  1027.8074    34.4706 0.0000e+00
      17638 312.826908  -62.27906  -58.43438     -1.040    1447.02     47.000     46.543    -0.5769    -0.5821    -0.0053    -0.5783    -0.5835    -0.0053   2.804619   2.804174  -0.000439    34.3006    34.3007     7.2061    27.5693    27.5696    34.3020    27.5704    1446.30    1446.27    -0.5783  1027.7999    34.4676 0.0000e+00
      17668 312.826923  -62.27908  -58.43437     -0.893    1447.02     46.000     45.553    -0.5781    -0.5809    -0.0027    -0.5795    -0.5823    -0.0027   2.804480   2.804184  -0.000282    34.3013    34.3006     7.2404    27.5699    27.5695    34.3022    27.5706    1446.27    1446.26    -0.5795  1027.7953    34.4678 0.0000e+00
