Pos-Processados/process_op42/Processamento_split/up/uoperantar42_034.cnv
* Sea-Bird SBE 9 Data File:
* FileName = C:\Users\Hidrografia\Desktop\OPXLII\Brutos\OP42034.hdr
* Software Version Seasave V 7.26.7.107
* Temperature SN = 6502
* Conductivity SN = 4998
* Number of Bytes Per Scan = 37
* Number of Voltage Words = 4
* Number of Scans Averaged by the Deck Unit = 1
* NMEA Latitude = 62 08.19 S
* NMEA Longitude = 058 26.42 W
* NMEA UTC (Time) = Nov 09 2023 09:05:42
* NMEA baud rate = 4800
** H41
** NPOALTEMAXIMIANO
** NUMERO DA ESTACAO (XXX) 034
** LAT (XX XX.XX S/N) 62 08.17 S
** LONG (XXX XX.XX W/E) 058 26.44 W
** DATAHORA (dd/mm/aaaa hh:mm Z) 09/11/2023 0905Z
** PROFUNDIDADE (m) 424
** OPERADOR CT FABIREZA
# nquan = 30
# nvalues = 397                         
# units = specified
# name 0 = scan: Scan Count
# name 1 = timeJ: Julian Days
# name 2 = latitude: Latitude [deg]
# name 3 = longitude: Longitude [deg]
# name 4 = dz/dtM: Descent Rate [m/s]
# name 5 = avgsvCM: Average Sound Velocity [Chen-Millero, m/s]
# name 6 = prDM: Pressure, Digiquartz [db]
# name 7 = depSM: Depth [salt water, m]
# name 8 = t090C: Temperature [ITS-90, deg C]
# name 9 = t190C: Temperature, 2 [ITS-90, deg C]
# name 10 = T2-T190C: Temperature Difference, 2 - 1 [ITS-90, deg C]
# name 11 = potemp090C: Potential Temperature [ITS-90, deg C]
# name 12 = potemp190C: Potential Temperature, 2 [ITS-90, deg C]
# name 13 = potemp90Cdiff: Potential Temperature, Diff, 2 - 1 [ITS-90, deg C]
# name 14 = c0S/m: Conductivity [S/m]
# name 15 = c1S/m: Conductivity, 2 [S/m]
# name 16 = C2-C1S/m: Conductivity Difference, 2 - 1 [S/m]
# name 17 = sal00: Salinity, Practical [PSU]
# name 18 = sal11: Salinity, Practical, 2 [PSU]
# name 19 = sbeox0ML/L: Oxygen, SBE 43 [ml/l]
# name 20 = sigma-é00: Density [sigma-theta, kg/m^3]
# name 21 = sigma-é11: Density, 2 [sigma-theta, kg/m^3]
# name 22 = sal00: Salinity, Practical [PSU]
# name 23 = sigma-é00: Density [sigma-theta, kg/m^3]
# name 24 = svCM: Sound Velocity [Chen-Millero, m/s]
# name 25 = svCM1: Sound Velocity, 2 [Chen-Millero, m/s]
# name 26 = gsw_ptA0: potential temperature [ITS-90, deg C]
# name 27 = gsw_densityA0: density, TEOS-10 [density, kg/m^3]
# name 28 = gsw_saA0: Absolute Salinity [g/kg]
# name 29 = flag:
# span 0 =      13554,      25108       
# span 1 = 313.385494, 313.391066       
# span 2 =  -62.14077,  -62.13857       
# span 3 =  -58.44044,  -58.43977       
# span 4 =     -1.221,     -0.119       
# span 5 =    1448.35,    1448.35       
# span 6 =      1.000,    397.000       
# span 7 =      0.994,    392.822       
# span 8 =    -0.7801,    -0.5476       
# span 9 =    -0.7793,    -0.5471       
# span 10 =    -0.0256,     0.0175      
# span 11 =    -0.7877,    -0.5486      
# span 12 =    -0.7870,    -0.5480      
# span 13 =    -0.0256,     0.0175      
# span 14 =   2.792793,   2.823262      
# span 15 =   2.792685,   2.823096      
# span 16 =  -0.002146,   0.001769      
# span 17 =    34.2760,    34.3910      
# span 18 =    34.2748,    34.3900      
# span 19 =     6.8084,     7.6553      
# span 20 =    27.5525,    27.6452      
# span 21 =    27.5513,    27.6444      
# span 22 =    34.2779,    34.3910      
# span 23 =    27.5536,    27.6452      
# span 24 =    1445.65,    1451.87      
# span 25 =    1445.66,    1451.87      
# span 26 =    -0.7875,    -0.5486      
# span 27 =  1027.5625,  1029.5417      
# span 28 =    34.4409,    34.5585      
# span 29 = 0.0000e+00, 0.0000e+00      
# interval = decibars: 1                
# start_time = Nov 09 2023 09:05:42 [NMEA time, header]
# bad_flag = -9.990e-29
*END*
[from data line 146]
      17463 313.387380  -62.13928  -58.44038     -0.930    1448.35    251.000    248.441    -0.7708    -0.7778    -0.0070    -0.7784    -0.7853    -0.0070   2.799084   2.798475  -0.000575    34.3209    34.3210     7.3376    27.5942    27.5946    34.3212    27.5945    1448.73    1448.70    -0.7782  1028.8001    34.4887 0.0000e+00
      17495 313.387395  -62.13928  -58.44038     -0.762    1448.35    250.000    247.451    -0.7650    -0.7677    -0.0027    -0.7726    -0.7753    -0.0027   2.799530   2.799213  -0.000317    34.3207    34.3195     7.3432    27.5938    27.5930    34.3214    27.5944    1448.74    1448.73    -0.7724  1028.7951    34.4888 0.0000e+00
      17521 313.387407  -62.13928  -58.44038     -0.834    1448.35    249.000    246.463    -0.7593    -0.7622    -0.0029    -0.7668    -0.7697    -0.0029   2.799912   2.799622  -0.000295    34.3197    34.3189     7.3454    27.5928    27.5923    34.3206    27.5935    1448.75    1448.74    -0.7667  1028.7894    34.4881 0.0000e+00
      17544 313.387419  -62.13929  -58.44038     -0.986    1448.35    248.000    245.473    -0.7520    -0.7486     0.0034    -0.7595    -0.7562     0.0034   2.800427   2.800604   0.000150    34.3190    34.3172     7.3412    27.5920    27.5903    34.3199    27.5927    1448.77    1448.78    -0.7594  1028.7838    34.4874 0.0000e+00
      17568 313.387430  -62.13930  -58.44038     -1.037    1448.35    247.000    244.484    -0.7475    -0.7440     0.0035    -0.7551    -0.7515     0.0035   2.800715   2.800890   0.000166    34.3188    34.3170     7.3413    27.5915    27.5900    34.3194    27.5920    1448.77    1448.79    -0.7548  1028.7783    34.4868 0.0000e+00
      17598 313.387445  -62.13930  -58.44038     -0.874    1448.35    246.000    243.495    -0.7466    -0.7499    -0.0033    -0.7540    -0.7574    -0.0033   2.800723   2.800415  -0.000277    34.3184    34.3184     7.3529    27.5912    27.5913    34.3190    27.5917    1448.76    1448.75    -0.7539  1028.7732    34.4864 0.0000e+00
      17634 313.387462  -62.13930  -58.44038     -0.659    1448.35    245.000    242.505    -0.7451    -0.7495    -0.0044    -0.7525    -0.7569    -0.0044   2.800751   2.800401  -0.000365    34.3179    34.3180     7.3399    27.5908    27.5910    34.3183    27.5910    1448.75    1448.73    -0.7524  1028.7678    34.4857 0.0000e+00
      17663 313.387476  -62.13931  -58.44038     -0.768    1448.35    244.000    241.516    -0.7482    -0.7460     0.0022    -0.7556    -0.7534     0.0022   2.800208   2.800403   0.000169    34.3154    34.3151     7.3461    27.5888    27.5885    34.3151    27.5886    1448.72    1448.72    -0.7554  1028.7606    34.4825 0.0000e+00
      17685 313.387486  -62.13932  -58.44038     -0.966    1448.35    243.000    240.527    -0.7505    -0.7508    -0.0003    -0.7579    -0.7582    -0.0003   2.799917   2.799760  -0.000135    34.3147    34.3132     7.3571    27.5883    27.5872    34.3144    27.5881    1448.69    1448.68    -0.7577  1028.7554    34.4818 0.0000e+00
      17704 313.387496  -62.13932  -58.44037     -1.146    1448.35    242.000    239.538    -0.7536    -0.7533     0.0003    -0.7609    -0.7607     0.0003   2.799520   2.799436  -0.000080    34.3132    34.3118     7.3578    27.5873    27.5861    34.3132    27.5872    1448.65    1448.65    -0.7608  1028.7497    34.4806 0.0000e+00
      17724 313.387505  -62.13932  -58.44036     -1.221    1448.35    241.000    238.549    -0.7543    -0.7539     0.0004    -0.7616    -0.7612     0.0004   2.799399   2.799309  -0.000088    34.3130    34.3114     7.3539    27.5872    27.5858    34.3129    27.5871    1448.63    1448.63    -0.7614  1028.7449    34.4803 0.0000e+00
      17747 313.387517  -62.13934  -58.44036     -1.125    1448.35    240.000    237.559    -0.7547    -0.7537     0.0011    -0.7620    -0.7609     0.0011   2.799312   2.799328   0.000001    34.3127    34.3116     7.3588    27.5870    27.5860    34.3128    27.5870    1448.62    1448.62    -0.7618  1028.7400    34.4802 0.0000e+00
      17776 313.387530  -62.13934  -58.44036     -0.910    1448.35    239.000    236.570    -0.7552    -0.7527     0.0025    -0.7625    -0.7600     0.0025   2.799181   2.799371   0.000176    34.3125    34.3121     7.3821    27.5868    27.5863    34.3122    27.5866    1448.60    1448.61    -0.7623  1028.7348    34.4796 0.0000e+00
      17804 313.387544  -62.13935  -58.44036     -0.825    1448.35    238.000    235.581    -0.7562    -0.7549     0.0014    -0.7634    -0.7620     0.0014   2.798976   2.799045   0.000078    34.3114    34.3108     7.3930    27.5859    27.5854    34.3112    27.5858    1448.57    1448.58    -0.7632  1028.7293    34.4786 0.0000e+00
      17829 313.387556  -62.13936  -58.44036     -0.916    1448.35    237.000    234.592    -0.7564    -0.7554     0.0010    -0.7636    -0.7626     0.0010   2.798881   2.798924   0.000044    34.3109    34.3104     7.3926    27.5855    27.5851    34.3108    27.5854    1448.56    1448.56    -0.7634  1028.7241    34.4781 0.0000e+00
      17851 313.387567  -62.13936  -58.44036     -1.030    1448.35    236.000    233.602    -0.7569    -0.7559     0.0009    -0.7640    -0.7631     0.0009   2.798806   2.798791  -0.000015    34.3110    34.3098     7.3831    27.5857    27.5846    34.3109    27.5855    1448.54    1448.54    -0.7638  1028.7195    34.4782 0.0000e+00
      17874 313.387577  -62.13936  -58.44035     -1.072    1448.35    235.000    232.613    -0.7569    -0.7561     0.0008    -0.7640    -0.7632     0.0008   2.798752   2.798741  -0.000007    34.3109    34.3098     7.3977    27.5855    27.5846    34.3108    27.5855    1448.52    1448.53    -0.7638  1028.7164    34.4804 0.0000e+00
      17898 313.387589  -62.13937 -9.990e-29     -1.029    1448.35    234.000    231.624    -0.7567    -0.7561     0.0007    -0.7638    -0.7632     0.0007   2.798716   2.798696  -0.000022    34.3109    34.3098     7.3961    27.5855    27.5847    34.3108    27.5854    1448.51    1448.51    -0.7636  1028.7117    34.4805 0.0000e+00
      17926 313.387603  -62.13938 -9.990e-29     -0.914    1448.35    233.000    230.635    -0.7573    -0.7561     0.0012    -0.7643    -0.7631     0.0012   2.798572   2.798646   0.000065    34.3102    34.3098     7.3951    27.5850    27.5846    34.3100    27.5848    1448.49    1448.49    -0.7642  1028.7064    34.4797 0.0000e+00
      17955 313.387617  -62.13938  -58.44034     -0.821    1448.35    232.000    229.645    -0.7578    -0.7571     0.0007    -0.7648    -0.7641     0.0007   2.798481   2.798443  -0.000031    34.3101    34.3088     7.4050    27.5849    27.5839    34.3100    27.5848    1448.47    1448.47    -0.7646  1028.7013    34.4793 0.0000e+00
      17982 313.387630  -62.13938  -58.44034     -0.856    1448.35    231.000    228.656    -0.7583    -0.7572     0.0010    -0.7652    -0.7642     0.0010   2.798326   2.798348   0.000018    34.3092    34.3083     7.4150    27.5842    27.5834    34.3090    27.5841    1448.45    1448.45    -0.7651  1028.6942    34.4763 0.0000e+00
      18007 313.387642  -62.13938  -58.44034     -0.933    1448.35    230.000    227.666    -0.7585    -0.7575     0.0011    -0.7655    -0.7644     0.0011   2.798196   2.798248   0.000056    34.3084    34.3079     7.4077    27.5835    27.5832    34.3082    27.5834    1448.43    1448.43    -0.7653  1028.6888    34.4755 0.0000e+00
      18030 313.387653  -62.13938  -58.44034     -1.006    1448.35    229.000    226.677    -0.7585    -0.7578     0.0008    -0.7654    -0.7647     0.0008   2.798148   2.798125  -0.000021    34.3083    34.3071     7.4070    27.5835    27.5825    34.3082    27.5834    1448.41    1448.41    -0.7652  1028.6840    34.4755 0.0000e+00
      18054 313.387664  -62.13940  -58.44034     -1.025    1448.35    228.000    225.688    -0.7582    -0.7578     0.0005    -0.7651    -0.7646     0.0005   2.798095   2.798079  -0.000015    34.3078    34.3070     7.4148    27.5831    27.5824    34.3077    27.5830    1448.40    1448.40    -0.7649  1028.6788    34.4750 0.0000e+00
      18081 313.387677  -62.13940  -58.44034     -0.942    1448.35    227.000    224.698    -0.7581    -0.7575     0.0007    -0.7650    -0.7643     0.0007   2.798053   2.798059   0.000002    34.3078    34.3070     7.4330    27.5830    27.5824    34.3077    27.5830    1448.38    1448.38    -0.7648  1028.6740    34.4750 0.0000e+00
      18109 313.387691  -62.13941  -58.44034     -0.857    1448.35    226.000    223.710    -0.7581    -0.7574     0.0007    -0.7649    -0.7642     0.0007   2.798005   2.797996  -0.000006    34.3076    34.3067     7.4299    27.5829    27.5822    34.3076    27.5829    1448.37    1448.37    -0.7647  1028.6691    34.4749 0.0000e+00
      18136 313.387704  -62.13942  -58.44034     -0.866    1448.35    225.000    222.720    -0.7576    -0.7572     0.0004    -0.7644    -0.7639     0.0004   2.797972   2.797944  -0.000027    34.3072    34.3064     7.4282    27.5826    27.5819    34.3072    27.5826    1448.35    1448.35    -0.7642  1028.6640    34.4745 0.0000e+00
      18159 313.387715  -62.13942  -58.44034     -0.966    1448.35    224.000    221.731    -0.7574    -0.7567     0.0007    -0.7641    -0.7634     0.0007   2.797939   2.797914  -0.000026    34.3071    34.3060     7.4347    27.5825    27.5816    34.3071    27.5825    1448.34    1448.34    -0.7640  1028.6591    34.4744 0.0000e+00
      18180 313.387725  -62.13942  -58.44034     -1.079    1448.35    223.000    220.741    -0.7580    -0.7573     0.0008    -0.7647    -0.7640     0.0008   2.797805   2.797800 7.8940e-07    34.3069    34.3060     7.4408    27.5823    27.5816    34.3066    27.5821    1448.32    1448.32    -0.7645  1028.6540    34.4739 0.0000e+00
      18202 313.387736  -62.13944  -58.44032     -1.113    1448.35    222.000    219.752    -0.7603    -0.7592     0.0011    -0.7669    -0.7658     0.0011   2.797569   2.797592   0.000010    34.3069    34.3057     7.4312    27.5824    27.5814    34.3066    27.5822    1448.29    1448.29    -0.7668  1028.6494    34.4739 0.0000e+00
      18228 313.387748  -62.13944  -58.44032     -1.015    1448.35    221.000    218.762    -0.7615    -0.7584     0.0031    -0.7682    -0.7651     0.0031   2.797413   2.797631   0.000201    34.3068    34.3059     7.4302    27.5824    27.5816    34.3066    27.5822    1448.27    1448.28    -0.7680  1028.6446    34.4738 0.0000e+00
      18259 313.387763  -62.13944  -58.44032     -0.817    1448.35    220.000    217.773    -0.7614    -0.7580     0.0035    -0.7680    -0.7646     0.0035   2.797373   2.797614   0.000250    34.3067    34.3061     7.4425    27.5823    27.5817    34.3065    27.5822    1448.25    1448.27    -0.7679  1028.6387    34.4724 0.0000e+00
      18290 313.387778 -9.990e-29 -9.990e-29     -0.744    1448.35    219.000    216.784    -0.7621    -0.7610     0.0011    -0.7687    -0.7676     0.0011   2.797254   2.797271   0.000017    34.3065    34.3055     7.4418    27.5822    27.5814    34.3063    27.5820    1448.23    1448.23    -0.7685  1028.6317    34.4696 0.0000e+00
      18316 313.387791 -9.990e-29 -9.990e-29     -0.848    1448.35    218.000    215.794    -0.7626    -0.7614     0.0011    -0.7691    -0.7679     0.0011   2.797151   2.797172   0.000021    34.3062    34.3052     7.4362    27.5819    27.5811    34.3061    27.5818    1448.21    1448.22    -0.7690  1028.6268    34.4694 0.0000e+00
      18339 313.387802 -9.990e-29 -9.990e-29     -0.994    1448.35    217.000    214.805    -0.7632    -0.7620     0.0013    -0.7697    -0.7685     0.0013   2.797052   2.797067   0.000017    34.3063    34.3051     7.4362    27.5821    27.5811    34.3060    27.5819    1448.19    1448.20    -0.7695  1028.6220    34.4693 0.0000e+00
      18360 313.387812  -62.13946  -58.44032     -1.088    1448.35    216.000    213.816    -0.7637    -0.7629     0.0008    -0.7702    -0.7694     0.0008   2.796952   2.796938  -0.000014    34.3061    34.3050     7.4490    27.5819    27.5810    34.3059    27.5817    1448.17    1448.18    -0.7700  1028.6183    34.4706 0.0000e+00
      18383 313.387823  -62.13946  -58.44032     -1.099    1448.35    215.000    212.826    -0.7638    -0.7629     0.0008    -0.7702    -0.7694     0.0008   2.796918   2.796904  -0.000011    34.3062    34.3051     7.4550    27.5820    27.5811    34.3061    27.5819    1448.16    1448.16    -0.7701  1028.6157    34.4733 0.0000e+00
      18407 313.387835  -62.13947  -58.44032     -1.032    1448.35    214.000    211.837    -0.7636    -0.7629     0.0006    -0.7700    -0.7693     0.0006   2.796886   2.796850  -0.000032    34.3061    34.3050     7.4427    27.5820    27.5810    34.3060    27.5818    1448.14    1448.14    -0.7698  1028.6109    34.4733 0.0000e+00
      18433 313.387847  -62.13948  -58.44032     -0.953    1448.35    213.000    210.848    -0.7634    -0.7627     0.0007    -0.7698    -0.7691     0.0007   2.796842   2.796829  -0.000015    34.3060    34.3051     7.4344    27.5818    27.5810    34.3059    27.5817    1448.13    1448.13    -0.7696  1028.6059    34.4731 0.0000e+00
      18459 313.387860  -62.13948  -58.44032     -0.920    1448.35    212.000    209.858    -0.7633    -0.7627     0.0007    -0.7697    -0.7691     0.0007   2.796804   2.796781  -0.000023    34.3060    34.3050     7.4287    27.5818    27.5810    34.3059    27.5817    1448.11    1448.11    -0.7695  1028.6012    34.4731 0.0000e+00
      18485 313.387872  -62.13948  -58.44032     -0.926    1448.35    211.000    208.869    -0.7634    -0.7627     0.0008    -0.7697    -0.7690     0.0008   2.796746   2.796741  -0.000007    34.3060    34.3050     7.4432    27.5818    27.5809    34.3058    27.5816    1448.09    1448.10    -0.7696  1028.5963    34.4730 0.0000e+00
      18511 313.387885  -62.13950  -58.44032     -0.929    1448.35    210.000    207.879    -0.7637    -0.7627     0.0010    -0.7700    -0.7690     0.0010   2.796688   2.796686  -0.000002    34.3061    34.3050     7.4362    27.5819    27.5809    34.3059    27.5818    1448.08    1448.08    -0.7698  1028.5917    34.4732 0.0000e+00
      18538 313.387898  -62.13950  -58.44032     -0.896    1448.35    209.000    206.890    -0.7647    -0.7631     0.0016    -0.7709    -0.7694     0.0016   2.796528   2.796592   0.000059    34.3058    34.3049     7.4392    27.5817    27.5809    34.3055    27.5815    1448.06    1448.06    -0.7708  1028.5866    34.4727 0.0000e+00
      18564 313.387910  -62.13950  -58.44030     -0.913    1448.35    208.000    205.901    -0.7659    -0.7646     0.0013    -0.7721    -0.7708     0.0013   2.796387   2.796418   0.000034    34.3058    34.3048     7.4388    27.5817    27.5809    34.3056    27.5816    1448.03    1448.04    -0.7719  1028.5797    34.4700 0.0000e+00
      18588 313.387922 -9.990e-29  -58.44030     -0.949    1448.35    207.000    204.911    -0.7666    -0.7654     0.0011    -0.7727    -0.7716     0.0011   2.796275   2.796271   0.000003    34.3057    34.3044     7.4495    27.5817    27.5806    34.3055    27.5815    1448.01    1448.02    -0.7726  1028.5728    34.4673 0.0000e+00
      18612 313.387934 -9.990e-29  -58.44030     -0.998    1448.35    206.000    203.922    -0.7668    -0.7659     0.0009    -0.7730    -0.7721     0.0009   2.796199   2.796180  -0.000023    34.3055    34.3042     7.4478    27.5816    27.5805    34.3054    27.5814    1448.00    1448.00    -0.7728  1028.5679    34.4671 0.0000e+00
      18635 313.387945 -9.990e-29  -58.44030     -1.032    1448.35    205.000    202.932    -0.7668    -0.7659     0.0009    -0.7729    -0.7720     0.0009   2.796146   2.796152   0.000007    34.3054    34.3045     7.4381    27.5815    27.5807    34.3052    27.5813    1447.98    1447.98    -0.7728  1028.5630    34.4670 0.0000e+00
