Pos-Processados/process_op42/Processamento_split/up/uoperantar42_047.cnv
* Sea-Bird SBE 9 Data File:
* FileName = C:\Users\Hidrografia\Desktop\OPXLII\Brutos\OP42047.hdr
* Software Version Seasave V 7.26.7.107
* Temperature SN = 6502
* Conductivity SN = 4998
* Number of Bytes Per Scan = 37
* Number of Voltage Words = 4
* Number of Scans Averaged by the Deck Unit = 1
* NMEA Latitude = 62 08.18 S
* NMEA Longitude = 058 26.60 W
* NMEA UTC (Time) = Nov 09 2023 22:04:48
* NMEA baud rate = 4800
** H41
** NPOALTEMAXIMIANO
** NUMERO DA ESTACAO (XXX) 047
** LAT (XX XX.XX S/N) 62 08. S
** LONG (XXX XX.XX W/E) 058 26. W
** DATAHORA (dd/mm/aaaa hh:mm Z) 09/11/2023 2205Z
** PROFUNDIDADE (m) 424
** OPERADOR 1T ZAMITH
# nquan = 30
# nvalues = 379                         
# units = specified
# name 0 = scan: Scan Count
# name 1 = timeJ: Julian Days
# name 2 = latitude: Latitude [deg]
# name 3 = longitude: Longitude [deg]
# name 4 = dz/dtM: Descent Rate [m/s]
# name 5 = avgsvCM: Average Sound Velocity [Chen-Millero, m/s]
# name 6 = prDM: Pressure, Digiquartz [db]
# name 7 = depSM: Depth [salt water, m]
# name 8 = t090C: Temperature [ITS-90, deg C]
# name 9 = t190C: Temperature, 2 [ITS-90, deg C]
# name 10 = T2-T190C: Temperature Difference, 2 - 1 [ITS-90, deg C]
# name 11 = potemp090C: Potential Temperature [ITS-90, deg C]
# name 12 = potemp190C: Potential Temperature, 2 [ITS-90, deg C]
# name 13 = potemp90Cdiff: Potential Temperature, Diff, 2 - 1 [ITS-90, deg C]
# name 14 = c0S/m: Conductivity [S/m]
# name 15 = c1S/m: Conductivity, 2 [S/m]
# name 16 = C2-C1S/m: Conductivity Difference, 2 - 1 [S/m]
# name 17 = sal00: Salinity, Practical [PSU]
# name 18 = sal11: Salinity, Practical, 2 [PSU]
# name 19 = sbeox0ML/L: Oxygen, SBE 43 [ml/l]
# name 20 = sigma-é00: Density [sigma-theta, kg/m^3]
# name 21 = sigma-é11: Density, 2 [sigma-theta, kg/m^3]
# name 22 = sal00: Salinity, Practical [PSU]
# name 23 = sigma-é00: Density [sigma-theta, kg/m^3]
# name 24 = svCM: Sound Velocity [Chen-Millero, m/s]
# name 25 = svCM1: Sound Velocity, 2 [Chen-Millero, m/s]
# name 26 = gsw_ptA0: potential temperature [ITS-90, deg C]
# name 27 = gsw_densityA0: density, TEOS-10 [density, kg/m^3]
# name 28 = gsw_saA0: Absolute Salinity [g/kg]
# name 29 = flag:
# span 0 =      14237,      24003       
# span 1 = 313.926865, 313.931575       
# span 2 =  -62.14044,  -62.13876       
# span 3 =  -58.43986,  -58.43722       
# span 4 =     -1.256,      0.378       
# span 5 =    1448.33,    1448.33       
# span 6 =      3.000,    381.000       
# span 7 =      3.000,    376.987       
# span 8 =    -0.7922,    -0.4916       
# span 9 =    -0.7908,    -0.4910       
# span 10 =    -0.0120,     0.0152      
# span 11 =    -0.7988,    -0.5045      
# span 12 =    -0.7974,    -0.5039      
# span 13 =    -0.0120,     0.0152      
# span 14 =   2.793571,   2.834605      
# span 15 =   2.793967,   2.834570      
# span 16 =  -0.001084,   0.001372      
# span 17 =    34.2755,    34.4043      
# span 18 =    34.2721,    34.4032      
# span 19 =     6.6583,     7.6351      
# span 20 =    27.5475,    27.6499      
# span 21 =    27.5438,    27.6490      
# span 22 =    34.2765,    34.4042      
# span 23 =    27.5480,    27.6498      
# span 24 =    1445.68,    1452.27      
# span 25 =    1445.68,    1452.27      
# span 26 =    -0.7986,    -0.5043      
# span 27 =  1027.5681,  1029.4702      
# span 28 =    34.4389,    34.5721      
# span 29 = 0.0000e+00, 0.0000e+00      
# interval = decibars: 1                
# start_time = Nov 09 2023 22:04:48 [NMEA time, header]
# bad_flag = -9.990e-29
*END*
[from data line 339]
      22403 313.930803 -9.990e-29  -58.43764     -0.848    1448.33     42.000     41.593    -0.5704    -0.5698     0.0007    -0.5717    -0.5710     0.0007   2.803214   2.803171  -0.000034    34.2788    34.2775     7.6142    27.5514    27.5503    34.2789    27.5514    1446.21    1446.21    -0.5716  1027.7538    34.4405 0.0000e+00
      22430 313.930816 -9.990e-29  -58.43764     -0.864    1448.33     41.000     40.603    -0.5686    -0.5688    -0.0002    -0.5699    -0.5701    -0.0002   2.803334   2.803209  -0.000122    34.2789    34.2775     7.6232    27.5514    27.5502    34.2790    27.5515    1446.21    1446.20    -0.5698  1027.7491    34.4407 0.0000e+00
      22455 313.930829  -62.14016  -58.43762     -0.929    1448.33     40.000     39.613    -0.5670    -0.5674    -0.0003    -0.5682    -0.5686    -0.0003   2.803419   2.803301  -0.000117    34.2788    34.2776     7.6295    27.5512    27.5503    34.2789    27.5513    1446.20    1446.19    -0.5682  1027.7477    34.4449 0.0000e+00
      22480 313.930840  -62.14016  -58.43762     -0.967    1448.33     39.000     38.622    -0.5674    -0.5667     0.0007    -0.5686    -0.5679     0.0007   2.803395   2.803310  -0.000090    34.2797    34.2777     7.6284    27.5520    27.5504    34.2797    27.5520    1446.18    1446.18    -0.5685  1027.7431    34.4451 0.0000e+00
      22505 313.930853  -62.14016  -58.43762     -0.959    1448.33     38.000     37.632    -0.5659    -0.5655     0.0005    -0.5671    -0.5666     0.0005   2.803413   2.803389  -0.000029    34.2787    34.2779     7.6165    27.5511    27.5504    34.2789    27.5512    1446.17    1446.17    -0.5670  1027.7376    34.4443 0.0000e+00
      22530 313.930865  -62.14016  -58.43762     -0.950    1448.33     37.000     36.642    -0.5645    -0.5640     0.0005    -0.5656    -0.5651     0.0005   2.803570   2.803489  -0.000068    34.2796    34.2782     7.6153    27.5517    27.5506    34.2800    27.5521    1446.16    1446.16    -0.5656  1027.7336    34.4454 0.0000e+00
      22556 313.930877 -9.990e-29  -58.43761     -0.932    1448.33     36.000     35.652    -0.5632    -0.5628     0.0003    -0.5642    -0.5639     0.0003   2.803668   2.803549  -0.000122    34.2803    34.2783     7.6066    27.5523    27.5506    34.2804    27.5524    1446.15    1446.15    -0.5642  1027.7261    34.4420 0.0000e+00
      22582 313.930890 -9.990e-29  -58.43760     -0.928    1448.33     35.000     34.661    -0.5627    -0.5625     0.0002    -0.5638    -0.5635     0.0002   2.803616   2.803538  -0.000080    34.2798    34.2784     7.6084    27.5518    27.5507    34.2798    27.5518    1446.14    1446.14    -0.5637  1027.7208    34.4415 0.0000e+00
      22606 313.930901 -9.990e-29  -58.43759     -0.962    1448.33     34.000     33.671    -0.5626    -0.5621     0.0005    -0.5636    -0.5631     0.0005   2.803544   2.803533  -0.000016    34.2793    34.2785     7.6102    27.5514    27.5507    34.2794    27.5515    1446.12    1446.12    -0.5636  1027.7156    34.4410 0.0000e+00
      22630 313.930913  -62.14018  -58.43758     -0.996    1448.33     33.000     32.681    -0.5627    -0.5620     0.0007    -0.5637    -0.5630     0.0007   2.803554   2.803489  -0.000056    34.2800    34.2784     7.6232    27.5520    27.5507    34.2802    27.5522    1446.11    1446.11    -0.5637  1027.7117    34.4420 0.0000e+00
      22656 313.930925  -62.14019  -58.43758     -0.965    1448.33     32.000     31.691    -0.5619    -0.5616     0.0004    -0.5629    -0.5625     0.0004   2.803588   2.803479  -0.000115    34.2804    34.2784     7.6277    27.5522    27.5506    34.2804    27.5523    1446.09    1446.09    -0.5628  1027.7098    34.4457 0.0000e+00
      22683 313.930938  -62.14020  -58.43758     -0.906    1448.33     31.000     30.700    -0.5611    -0.5603     0.0007    -0.5620    -0.5613     0.0007   2.803526   2.803531   0.000001    34.2791    34.2783     7.6193    27.5512    27.5505    34.2793    27.5513    1446.08    1446.08    -0.5620  1027.7041    34.4446 0.0000e+00
      22712 313.930952  -62.14020  -58.43756     -0.848    1448.33     30.000     29.710    -0.5600    -0.5598     0.0002    -0.5609    -0.5607     0.0002   2.803592   2.803538  -0.000049    34.2793    34.2784     7.6206    27.5513    27.5506    34.2796    27.5515    1446.07    1446.07    -0.5609  1027.6995    34.4449 0.0000e+00
      22740 313.930966  -62.14020  -58.43756     -0.831    1448.33     29.000     28.720    -0.5599    -0.5591     0.0007    -0.5608    -0.5600     0.0007   2.803639   2.803544  -0.000096    34.2806    34.2785     7.6183    27.5523    27.5506    34.2807    27.5524    1446.06    1446.06    -0.5607  1027.6956    34.4459 0.0000e+00
      22766 313.930979  -62.14020  -58.43755     -0.890    1448.33     28.000     27.729    -0.5603    -0.5594     0.0009    -0.5612    -0.5602     0.0009   2.803516   2.803481  -0.000043    34.2802    34.2786     7.6121    27.5520    27.5507    34.2801    27.5519    1446.04    1446.04    -0.5611  1027.6903    34.4454 0.0000e+00
      22790 313.930990  -62.14021  -58.43754     -0.978    1448.33     27.000     26.739    -0.5608    -0.5597     0.0011    -0.5616    -0.5605     0.0011   2.803402   2.803422   0.000019    34.2798    34.2788     7.6128    27.5517    27.5508    34.2798    27.5517    1446.02    1446.02    -0.5616  1027.6853    34.4450 0.0000e+00
      22812 313.931001  -62.14022  -58.43754     -1.045    1448.33     26.000     25.749    -0.5617    -0.5605     0.0012    -0.5624    -0.5612     0.0012   2.803355   2.803323  -0.000029    34.2807    34.2790     7.6250    27.5525    27.5511    34.2807    27.5525    1446.00    1446.00    -0.5624  1027.6813    34.4460 0.0000e+00
      22836 313.931012  -62.14022  -58.43754     -1.040    1448.33     25.000     24.759    -0.5622    -0.5610     0.0012    -0.5629    -0.5618     0.0012   2.803206   2.803236   0.000022    34.2801    34.2790     7.6185    27.5520    27.5511    34.2800    27.5519    1445.98    1445.98    -0.5629  1027.6760    34.4452 0.0000e+00
      22862 313.931025  -62.14022  -58.43752     -0.975    1448.33     24.000     23.768    -0.5627    -0.5615     0.0012    -0.5635    -0.5622     0.0012   2.803166   2.803141  -0.000021    34.2807    34.2791     7.6175    27.5526    27.5511    34.2806    27.5525    1445.96    1445.96    -0.5634  1027.6717    34.4459 0.0000e+00
      22888 313.931037  -62.14023  -58.43752     -0.908    1448.33     23.000     22.778    -0.5636    -0.5623     0.0014    -0.5643    -0.5629     0.0014   2.803008   2.803033   0.000023    34.2803    34.2790     7.6155    27.5522    27.5511    34.2801    27.5521    1445.94    1445.94    -0.5643  1027.6666    34.4454 0.0000e+00
      22914 313.931050  -62.14024  -58.43751     -0.915    1448.33     22.000     21.788    -0.5651    -0.5633     0.0018    -0.5658    -0.5640     0.0018   2.802830   2.802894   0.000060    34.2804    34.2791     7.6165    27.5524    27.5513    34.2801    27.5521    1445.92    1445.92    -0.5658  1027.6618    34.4453 0.0000e+00
      22940 313.931062  -62.14024  -58.43750     -0.927    1448.33     21.000     20.798    -0.5648    -0.5640     0.0008    -0.5655    -0.5646     0.0008   2.802822   2.802786  -0.000032    34.2803    34.2789     7.6226    27.5523    27.5511    34.2802    27.5522    1445.90    1445.90    -0.5654  1027.6571    34.4454 0.0000e+00
      22966 313.931075  -62.14024  -58.43750     -0.918    1448.33     20.000     19.807    -0.5640    -0.5632     0.0008    -0.5646    -0.5637     0.0008   2.802858   2.802809  -0.000050    34.2804    34.2788     7.6232    27.5524    27.5510    34.2804    27.5524    1445.89    1445.89    -0.5646  1027.6524    34.4456 0.0000e+00
      22993 313.931088  -62.14024  -58.43750     -0.909    1448.33     19.000     18.817    -0.5636    -0.5630     0.0007    -0.5642    -0.5635     0.0007   2.802839   2.802779  -0.000054    34.2804    34.2789     7.6282    27.5523    27.5511    34.2804    27.5523    1445.88    1445.87    -0.5642  1027.6476    34.4456 0.0000e+00
      23020 313.931101  -62.14026  -58.43748     -0.899    1448.33     18.000     17.827    -0.5632    -0.5627     0.0005    -0.5638    -0.5633     0.0005   2.802807   2.802755  -0.000050    34.2801    34.2788     7.6244    27.5520    27.5510    34.2801    27.5520    1445.86    1445.86    -0.5637  1027.6426    34.4453 0.0000e+00
      23045 313.931113  -62.14026  -58.43748     -0.909    1448.33     17.000     16.836    -0.5626    -0.5623     0.0004    -0.5631    -0.5628     0.0004   2.802794   2.802739  -0.000052    34.2798    34.2787     7.6227    27.5518    27.5509    34.2798    27.5518    1445.85    1445.85    -0.5631  1027.6376    34.4451 0.0000e+00
      23069 313.931125  -62.14026  -58.43748     -0.985    1448.33     16.000     15.846    -0.5614    -0.5614     0.0000    -0.5619    -0.5619     0.0000   2.802834   2.802738  -0.000095    34.2797    34.2783     7.6180    27.5516    27.5505    34.2797    27.5516    1445.84    1445.83    -0.5619  1027.6326    34.4449 0.0000e+00
      23092 313.931136  -62.14026  -58.43746     -1.032    1448.33     15.000     14.856    -0.5620    -0.5612     0.0008    -0.5624    -0.5616     0.0008   2.802755   2.802723  -0.000045    34.2800    34.2785     7.6182    27.5519    27.5506    34.2798    27.5518    1445.82    1445.82    -0.5624  1027.6280    34.4451 0.0000e+00
      23116 313.931147  -62.14028  -58.43746     -1.026    1448.33     14.000     13.865    -0.5630    -0.5616     0.0014    -0.5635    -0.5621     0.0014   2.802630   2.802641   0.000013    34.2801    34.2786     7.6246    27.5520    27.5508    34.2800    27.5519    1445.80    1445.80    -0.5634  1027.6234    34.4453 0.0000e+00
      23140 313.931159  -62.14028  -58.43746     -0.993    1448.33     13.000     12.875    -0.5633    -0.5623     0.0011    -0.5637    -0.5627     0.0011   2.802555   2.802556   0.000003    34.2800    34.2787     7.6249    27.5519    27.5509    34.2799    27.5519    1445.78    1445.78    -0.5637  1027.6184    34.4450 0.0000e+00
      23165 313.931171  -62.14028 -9.990e-29     -0.967    1448.33     12.000     11.885    -0.5634    -0.5623     0.0011    -0.5637    -0.5627     0.0011   2.802501   2.802498  -0.000006    34.2800    34.2786     7.6238    27.5519    27.5508    34.2799    27.5519    1445.76    1445.76    -0.5637  1027.6133    34.4446 0.0000e+00
      23192 313.931184  -62.14028 -9.990e-29     -0.921    1448.33     11.000     10.894    -0.5635    -0.5626     0.0010    -0.5639    -0.5629     0.0010   2.802455   2.802428  -0.000027    34.2801    34.2787     7.6351    27.5521    27.5508    34.2800    27.5520    1445.75    1445.75    -0.5638  1027.6085    34.4446 0.0000e+00
      23219 313.931197  -62.14028 -9.990e-29     -0.894    1448.33     10.000      9.904    -0.5636    -0.5627     0.0009    -0.5639    -0.5630     0.0009   2.802386   2.802363  -0.000020    34.2799    34.2786     7.6267    27.5519    27.5508    34.2798    27.5518    1445.73    1445.73    -0.5639  1027.6035    34.4443 0.0000e+00
      23246 313.931210  -62.14028  -58.43743     -0.891    1448.33      9.000      8.913    -0.5636    -0.5628     0.0008    -0.5639    -0.5631     0.0008   2.802347   2.802304  -0.000039    34.2799    34.2785     7.6221    27.5519    27.5507    34.2799    27.5519    1445.71    1445.71    -0.5639  1027.5973    34.4426 0.0000e+00
      23273 313.931223 -9.990e-29  -58.43742     -0.890    1448.33      8.000      7.923    -0.5637    -0.5630     0.0007    -0.5639    -0.5633     0.0007   2.802271   2.802234  -0.000038    34.2796    34.2784     7.6250    27.5517    27.5507    34.2796    27.5516    1445.69    1445.70    -0.5639  1027.5914    34.4412 0.0000e+00
      23303 313.931238 -9.990e-29  -58.43742     -0.836    1448.33      7.000      6.932    -0.5615    -0.5621    -0.0005    -0.5617    -0.5623    -0.0005   2.802323   2.802235  -0.000078    34.2784    34.2779     7.6212    27.5506    27.5502    34.2785    27.5507    1445.69    1445.69    -0.5617  1027.5857    34.4401 0.0000e+00
      23349 313.931260 -9.990e-29  -58.43740     -0.523    1448.33      6.000      5.943    -0.5592    -0.5583     0.0009    -0.5594    -0.5585     0.0009   2.802485   2.802440  -0.000052    34.2784    34.2767     7.6160    27.5505    27.5491    34.2787    27.5507    1445.68    1445.68    -0.5594  1027.5809    34.4403 0.0000e+00
      23395 313.931282 -9.990e-29  -58.43738     -0.522    1448.33      5.000      4.951    -0.5544    -0.5553    -0.0010    -0.5545    -0.5555    -0.0010   2.802747   2.802588  -0.000151    34.2769    34.2760     7.6330    27.5491    27.5484    34.2773    27.5494    1445.69    1445.68    -0.5545  1027.5748    34.4389 0.0000e+00
      23480 313.931323  -62.14034  -58.43737     -0.374    1448.33      4.000      3.968    -0.5522    -0.5519     0.0003    -0.5523    -0.5520     0.0003   2.802836   2.802792  -0.000050    34.2764    34.2755     7.6275    27.5486    27.5478    34.2766    27.5488    1445.68    1445.68    -0.5523  1027.5712    34.4405 0.0000e+00
      24003 313.931575  -62.14044  -58.43722      0.378    1448.33      3.000      3.000    -0.5401    -0.5249     0.0152    -0.5403    -0.5250     0.0152   2.803791   2.804727   0.001027    34.2755    34.2721     7.6118    27.5475    27.5438    34.2765    27.5480    1445.73    1445.78    -0.5402  1027.5681    34.4432 0.0000e+00
