Pos-Processados/process_op42/Processamento_split/up/uoperantar42_048.cnv
* Sea-Bird SBE 9 Data File:
* FileName = C:\Users\Hidrografia\Desktop\OPXLII\Brutos\OP42048.hdr
* Software Version Seasave V 7.26.7.107
* Temperature SN = 6502
* Conductivity SN = 4998
* Number of Bytes Per Scan = 37
* Number of Voltage Words = 4
* Number of Scans Averaged by the Deck Unit = 1
* NMEA Latitude = 62 08.23 S
* NMEA Longitude = 058 26.45 W
* NMEA UTC (Time) = Nov 09 2023 23:05:39
* NMEA baud rate = 4800
** H41
** NPOALTEMAXIMIANO
** NUMERO DA ESTACAO (XXX) 048
** LAT (XX XX.XX S/N) 62 08. S
** LONG (XXX XX.XX W/E) 058 26. W
** DATAHORA (dd/mm/aaaa hh:mm Z) 09/11/2023 2305Z
** PROFUNDIDADE (m) 424
** OPERADOR 1T ZAMITH
# nquan = 30
# nvalues = 366                         
# units = specified
# name 0 = scan: Scan Count
# name 1 = timeJ: Julian Days
# name 2 = latitude: Latitude [deg]
# name 3 = longitude: Longitude [deg]
# name 4 = dz/dtM: Descent Rate [m/s]
# name 5 = avgsvCM: Average Sound Velocity [Chen-Millero, m/s]
# name 6 = prDM: Pressure, Digiquartz [db]
# name 7 = depSM: Depth [salt water, m]
# name 8 = t090C: Temperature [ITS-90, deg C]
# name 9 = t190C: Temperature, 2 [ITS-90, deg C]
# name 10 = T2-T190C: Temperature Difference, 2 - 1 [ITS-90, deg C]
# name 11 = potemp090C: Potential Temperature [ITS-90, deg C]
# name 12 = potemp190C: Potential Temperature, 2 [ITS-90, deg C]
# name 13 = potemp90Cdiff: Potential Temperature, Diff, 2 - 1 [ITS-90, deg C]
# name 14 = c0S/m: Conductivity [S/m]
# name 15 = c1S/m: Conductivity, 2 [S/m]
# name 16 = C2-C1S/m: Conductivity Difference, 2 - 1 [S/m]
# name 17 = sal00: Salinity, Practical [PSU]
# name 18 = sal11: Salinity, Practical, 2 [PSU]
# name 19 = sbeox0ML/L: Oxygen, SBE 43 [ml/l]
# name 20 = sigma-é00: Density [sigma-theta, kg/m^3]
# name 21 = sigma-é11: Density, 2 [sigma-theta, kg/m^3]
# name 22 = sal00: Salinity, Practical [PSU]
# name 23 = sigma-é00: Density [sigma-theta, kg/m^3]
# name 24 = svCM: Sound Velocity [Chen-Millero, m/s]
# name 25 = svCM1: Sound Velocity, 2 [Chen-Millero, m/s]
# name 26 = gsw_ptA0: potential temperature [ITS-90, deg C]
# name 27 = gsw_densityA0: density, TEOS-10 [density, kg/m^3]
# name 28 = gsw_saA0: Absolute Salinity [g/kg]
# name 29 = flag:
# span 0 =      12423,      22019       
# span 1 = 313.968247, 313.972875       
# span 2 =  -62.14162,  -62.13968       
# span 3 =  -58.43758,  -58.43594       
# span 4 =     -1.113,     -0.227       
# span 5 =    1448.19,    1448.19       
# span 6 =      5.000,    370.000       
# span 7 =      4.960,    366.122       
# span 8 =    -0.7851,    -0.5272       
# span 9 =    -0.7840,    -0.5293       
# span 10 =    -0.0118,     0.0114      
# span 11 =    -0.7908,    -0.5394      
# span 12 =    -0.7896,    -0.5414      
# span 13 =    -0.0118,     0.0114      
# span 14 =   2.793461,   2.830375      
# span 15 =   2.793413,   2.830037      
# span 16 =  -0.001098,   0.000990      
# span 17 =    34.2755,    34.3979      
# span 18 =    34.2747,    34.3969      
# span 19 =     6.7382,     7.6708      
# span 20 =    27.5490,    27.6473      
# span 21 =    27.5478,    27.6463      
# span 22 =    34.2761,    34.3980      
# span 23 =    27.5490,    27.6472      
# span 24 =    1445.62,    1451.82      
# span 25 =    1445.63,    1451.82      
# span 26 =    -0.7906,    -0.5392      
# span 27 =  1027.5769,  1029.4159      
# span 28 =    34.4377,    34.5662      
# span 29 = 0.0000e+00, 0.0000e+00      
# interval = decibars: 1                
# start_time = Nov 09 2023 23:05:39 [NMEA time, header]
# bad_flag = -9.990e-29
*END*
[from data line 242]
      18853 313.971348  -62.14096 -9.990e-29     -0.892    1448.19    128.000    126.733    -0.7012    -0.7028    -0.0016    -0.7050    -0.7066    -0.0016   2.796559   2.796351  -0.000206    34.2837    34.2827     7.5860    27.5610    27.5603    34.2839    27.5612    1447.01    1447.00    -0.7049  1028.1802    34.4519 0.0000e+00
      18880 313.971361  -62.14096 -9.990e-29     -0.888    1448.19    127.000    125.743    -0.6999    -0.7014    -0.0016    -0.7036    -0.7052    -0.0016   2.796600   2.796412  -0.000203    34.2836    34.2827     7.5759    27.5609    27.5602    34.2836    27.5609    1447.00    1446.99    -0.7036  1028.1751    34.4516 0.0000e+00
      18908 313.971375  -62.14096  -58.43644     -0.859    1448.19    126.000    124.753    -0.7026    -0.7021     0.0005    -0.7063    -0.7058     0.0005   2.796405   2.796332  -0.000059    34.2845    34.2831     7.5763    27.5618    27.5606    34.2847    27.5619    1446.97    1446.97    -0.7062  1028.1689    34.4497 0.0000e+00
      18936 313.971388 -9.990e-29  -58.43643     -0.857    1448.19    125.000    123.763    -0.6985    -0.7007    -0.0021    -0.7022    -0.7044    -0.0021   2.796634   2.796396  -0.000239    34.2835    34.2827     7.5887    27.5608    27.5602    34.2838    27.5610    1446.97    1446.96    -0.7021  1028.1605    34.4454 0.0000e+00
      18964 313.971402 -9.990e-29  -58.43642     -0.866    1448.19    124.000    122.773    -0.6911    -0.6924    -0.0013    -0.6948    -0.6961    -0.0013   2.797196   2.796974  -0.000206    34.2825    34.2812     7.5840    27.5597    27.5586    34.2836    27.5606    1446.99    1446.98    -0.6947  1028.1553    34.4453 0.0000e+00
      18992 313.971415 -9.990e-29  -58.43642     -0.863    1448.19    123.000    121.784    -0.6859    -0.6882    -0.0023    -0.6895    -0.6918    -0.0023   2.797540   2.797252  -0.000286    34.2822    34.2809     7.5849    27.5592    27.5582    34.2829    27.5598    1446.99    1446.98    -0.6895  1028.1497    34.4445 0.0000e+00
      19018 313.971428  -62.14100  -58.43642     -0.883    1448.19    122.000    120.794    -0.6818    -0.6834    -0.0016    -0.6854    -0.6870    -0.0016   2.797778   2.797554  -0.000233    34.2816    34.2802     7.5856    27.5585    27.5575    34.2821    27.5590    1447.00    1446.99    -0.6853  1028.1475    34.4481 0.0000e+00
      19045 313.971441  -62.14100  -58.43642     -0.903    1448.19    121.000    119.804    -0.6813    -0.6812     0.0000    -0.6849    -0.6848     0.0000   2.797792   2.797682  -0.000110    34.2817    34.2801     7.5883    27.5586    27.5573    34.2823    27.5591    1446.98    1446.98    -0.6848  1028.1433    34.4488 0.0000e+00
      19074 313.971455  -62.14100  -58.43641     -0.848    1448.19    120.000    118.814    -0.6788    -0.6792    -0.0004    -0.6824    -0.6828    -0.0004   2.797922   2.797797  -0.000130    34.2814    34.2800     7.5942    27.5582    27.5572    34.2819    27.5586    1446.98    1446.97    -0.6823  1028.1381    34.4484 0.0000e+00
      19101 313.971468  -62.14101  -58.43640     -0.860    1448.19    119.000    117.824    -0.6777    -0.6780    -0.0003    -0.6812    -0.6815    -0.0003   2.797954   2.797835  -0.000121    34.2812    34.2800     7.6074    27.5580    27.5571    34.2816    27.5584    1446.97    1446.96    -0.6811  1028.1330    34.4481 0.0000e+00
      19125 313.971480  -62.14102  -58.43640     -0.950    1448.19    118.000    116.834    -0.6778    -0.6772     0.0006    -0.6813    -0.6807     0.0006   2.797892   2.797848  -0.000048    34.2812    34.2799     7.6047    27.5581    27.5570    34.2816    27.5583    1446.95    1446.95    -0.6812  1028.1282    34.4481 0.0000e+00
      19149 313.971491  -62.14102  -58.43640     -0.986    1448.19    117.000    115.845    -0.6774    -0.6767     0.0007    -0.6809    -0.6802     0.0007   2.797881   2.797832  -0.000052    34.2814    34.2798     7.5991    27.5581    27.5569    34.2817    27.5584    1446.94    1446.94    -0.6808  1028.1235    34.4481 0.0000e+00
      19173 313.971503  -62.14103  -58.43640     -1.016    1448.19    116.000    114.855    -0.6767    -0.6763     0.0004    -0.6801    -0.6797     0.0004   2.797875   2.797812  -0.000068    34.2810    34.2797     7.6050    27.5578    27.5567    34.2813    27.5581    1446.92    1446.92    -0.6800  1028.1184    34.4477 0.0000e+00
      19197 313.971514  -62.14104  -58.43640     -1.017    1448.19    115.000    113.865    -0.6756    -0.6755     0.0002    -0.6790    -0.6789     0.0002   2.797910   2.797825  -0.000084    34.2808    34.2795     7.6081    27.5576    27.5565    34.2812    27.5579    1446.91    1446.91    -0.6789  1028.1135    34.4477 0.0000e+00
      19222 313.971526  -62.14104 -9.990e-29     -0.976    1448.19    114.000    112.875    -0.6740    -0.6742    -0.0002    -0.6774    -0.6776    -0.0002   2.797992   2.797875  -0.000113    34.2807    34.2795     7.5985    27.5575    27.5565    34.2811    27.5578    1446.90    1446.90    -0.6773  1028.1095    34.4488 0.0000e+00
      19247 313.971539  -62.14104 -9.990e-29     -0.943    1448.19    113.000    111.885    -0.6732    -0.6728     0.0004    -0.6766    -0.6761     0.0004   2.797990   2.797935  -0.000062    34.2805    34.2792     7.6013    27.5573    27.5562    34.2808    27.5575    1446.89    1446.89    -0.6765  1028.1044    34.4484 0.0000e+00
      19272 313.971551  -62.14105 -9.990e-29     -0.953    1448.19    112.000    110.896    -0.6721    -0.6717     0.0004    -0.6754    -0.6750     0.0004   2.798018   2.797972  -0.000062    34.2804    34.2791     7.6118    27.5571    27.5561    34.2805    27.5572    1446.88    1446.88    -0.6753  1028.0993    34.4481 0.0000e+00
      19297 313.971563  -62.14106  -58.43638     -0.962    1448.19    111.000    109.905    -0.6747    -0.6729     0.0018    -0.6780    -0.6762     0.0018   2.797779   2.797825   0.000058    34.2806    34.2794     7.6070    27.5574    27.5564    34.2809    27.5576    1446.85    1446.86    -0.6779  1028.0949    34.4484 0.0000e+00
      19322 313.971575  -62.14106  -58.43638     -0.964    1448.19    110.000    108.915    -0.6715    -0.6724    -0.0010    -0.6747    -0.6757    -0.0010   2.798018   2.797820  -0.000176    34.2805    34.2792     7.5961    27.5572    27.5562    34.2811    27.5576    1446.85    1446.84    -0.6747  1028.0892    34.4474 0.0000e+00
      19346 313.971586  -62.14106  -58.43638     -0.980    1448.19    109.000    107.926    -0.6679    -0.6694    -0.0016    -0.6711    -0.6727    -0.0016   2.798216   2.798005  -0.000227    34.2800    34.2787     7.6029    27.5566    27.5557    34.2803    27.5569    1446.85    1446.84    -0.6711  1028.0836    34.4466 0.0000e+00
      19372 313.971599  -62.14108  -58.43636     -0.960    1448.19    108.000    106.936    -0.6719    -0.6700     0.0020    -0.6751    -0.6732     0.0020   2.797846   2.797906   0.000051    34.2806    34.2791     7.6091    27.5573    27.5559    34.2805    27.5572    1446.81    1446.82    -0.6750  1028.0792    34.4468 0.0000e+00
      19399 313.971612  -62.14108  -58.43636     -0.893    1448.19    107.000    105.946    -0.6717    -0.6708     0.0008    -0.6748    -0.6740     0.0008   2.797811   2.797797  -0.000020    34.2803    34.2791     7.6019    27.5571    27.5561    34.2804    27.5571    1446.80    1446.80    -0.6748  1028.0743    34.4467 0.0000e+00
      19425 313.971624  -62.14108  -58.43636     -0.906    1448.19    106.000    104.956    -0.6731    -0.6718     0.0013    -0.6762    -0.6750     0.0013   2.797660   2.797673   0.000014    34.2805    34.2792     7.6052    27.5573    27.5562    34.2806    27.5573    1446.78    1446.78    -0.6762  1028.0697    34.4469 0.0000e+00
      19450 313.971636  -62.14108  -58.43636     -0.951    1448.19    105.000    103.966    -0.6723    -0.6720     0.0003    -0.6754    -0.6751     0.0003   2.797675   2.797609  -0.000064    34.2804    34.2792     7.6218    27.5571    27.5562    34.2805    27.5572    1446.77    1446.76    -0.6753  1028.0648    34.4468 0.0000e+00
      19475 313.971648  -62.14110  -58.43634     -0.961    1448.19    104.000    102.976    -0.6722    -0.6711     0.0012    -0.6753    -0.6741     0.0012   2.797636   2.797625  -0.000014    34.2805    34.2789     7.6153    27.5572    27.5559    34.2805    27.5572    1446.75    1446.75    -0.6752  1028.0600    34.4468 0.0000e+00
      19499 313.971660  -62.14110  -58.43634     -0.986    1448.19    103.000    101.986    -0.6716    -0.6715     0.0001    -0.6747    -0.6746     0.0001   2.797673   2.797550  -0.000091    34.2804    34.2791     7.6092    27.5571    27.5560    34.2809    27.5575    1446.73    1446.73    -0.6746  1028.0556    34.4473 0.0000e+00
      19523 313.971672  -62.14110 -9.990e-29     -1.008    1448.19    102.000    100.996    -0.6638    -0.6678    -0.0040    -0.6669    -0.6709    -0.0040   2.798231   2.797800  -0.000417    34.2796    34.2785     7.6142    27.5562    27.5554    34.2802    27.5566    1446.75    1446.73    -0.6668  1028.0507    34.4476 0.0000e+00
      19550 313.971685  -62.14111 -9.990e-29     -0.922    1448.19    101.000    100.006    -0.6482    -0.6562    -0.0080    -0.6512    -0.6592    -0.0080   2.799486   2.798709  -0.000774    34.2780    34.2766     7.6194    27.5542    27.5534    34.2801    27.5558    1446.81    1446.77    -0.6511  1028.0450    34.4474 0.0000e+00
      19578 313.971698  -62.14112 -9.990e-29     -0.854    1448.19    100.000     99.016    -0.6299    -0.6374    -0.0075    -0.6329    -0.6404    -0.0075   2.800854   2.800174  -0.000630    34.2755    34.2754     7.6140    27.5513    27.5516    34.2784    27.5537    1446.88    1446.84    -0.6328  1028.0381    34.4457 0.0000e+00
      19604 313.971711  -62.14112  -58.43632     -0.894    1448.19     99.000     98.027    -0.6148    -0.6266    -0.0118    -0.6178    -0.6296    -0.0118   2.802128   2.800998  -0.001098    34.2770    34.2755     7.6129    27.5519    27.5512    34.2792    27.5537    1446.93    1446.87    -0.6177  1028.0329    34.4461 0.0000e+00
      19631 313.971723  -62.14112  -58.43632     -0.921    1448.19     98.000     97.037    -0.6155    -0.6142     0.0013    -0.6185    -0.6172     0.0013   2.801939   2.801958  -0.000071    34.2776    34.2751     7.6269    27.5524    27.5504    34.2781    27.5528    1446.91    1446.92    -0.6184  1028.0267    34.4442 0.0000e+00
      19656 313.971736  -62.14113  -58.43632     -0.933    1448.19     97.000     96.047    -0.6205    -0.6192     0.0012    -0.6234    -0.6221     0.0012   2.801542   2.801517  -0.000009    34.2778    34.2763     7.6210    27.5528    27.5515    34.2789    27.5537    1446.87    1446.88    -0.6233  1028.0228    34.4451 0.0000e+00
      19680 313.971747  -62.14114  -58.43632     -0.980    1448.19     96.000     95.057    -0.6159    -0.6166    -0.0007    -0.6188    -0.6195    -0.0007   2.801885   2.801699  -0.000183    34.2775    34.2758     7.6087    27.5524    27.5510    34.2790    27.5535    1446.88    1446.87    -0.6187  1028.0178    34.4451 0.0000e+00
      19704 313.971759  -62.14114  -58.43632     -1.001    1448.19     95.000     94.067    -0.6104    -0.6129    -0.0025    -0.6133    -0.6158    -0.0025   2.802320   2.801956  -0.000360    34.2777    34.2756     7.6149    27.5523    27.5507    34.2793    27.5535    1446.89    1446.87    -0.6132  1028.0130    34.4454 0.0000e+00
      19728 313.971770  -62.14114  -58.43631     -0.999    1448.19     94.000     93.077    -0.6032    -0.6064    -0.0033    -0.6060    -0.6092    -0.0033   2.802858   2.802432  -0.000416    34.2774    34.2754     7.6374    27.5517    27.5503    34.2789    27.5529    1446.91    1446.89    -0.6060  1028.0076    34.4450 0.0000e+00
      19752 313.971782  -62.14115  -58.43630     -1.001    1448.19     93.000     92.087    -0.6004    -0.6022    -0.0019    -0.6032    -0.6050    -0.0018   2.802988   2.802734  -0.000278    34.2772    34.2755     7.6373    27.5514    27.5502    34.2782    27.5522    1446.90    1446.89    -0.6031  1028.0021    34.4443 0.0000e+00
      19776 313.971794  -62.14116  -58.43630     -0.993    1448.19     92.000     91.097    -0.6012    -0.6009     0.0004    -0.6039    -0.6036     0.0004   2.802922   2.802816  -0.000107    34.2777    34.2759     7.6343    27.5519    27.5504    34.2787    27.5527    1446.88    1446.88    -0.6039  1027.9978    34.4448 0.0000e+00
      19802 313.971806  -62.14116  -58.43630     -0.965    1448.19     91.000     90.107    -0.5988    -0.5994    -0.0007    -0.6015    -0.6022    -0.0007   2.803065   2.802892  -0.000174    34.2776    34.2760     7.6466    27.5517    27.5504    34.2785    27.5525    1446.88    1446.87    -0.6015  1027.9927    34.4446 0.0000e+00
      19828 313.971819  -62.14118  -58.43630     -0.924    1448.19     90.000     89.117    -0.5970    -0.5972    -0.0002    -0.5997    -0.6000    -0.0002   2.803133   2.803024  -0.000119    34.2773    34.2759     7.6446    27.5514    27.5503    34.2781    27.5520    1446.87    1446.87    -0.5997  1027.9875    34.4442 0.0000e+00
      19855 313.971832  -62.14118  -58.43630     -0.891    1448.19     89.000     88.127    -0.5986    -0.5974     0.0012    -0.6012    -0.6001     0.0012   2.802968   2.802955  -0.000024    34.2779    34.2762     7.6297    27.5519    27.5505    34.2783    27.5522    1446.84    1446.85    -0.6012  1027.9829    34.4443 0.0000e+00
      19881 313.971844  -62.14118  -58.43628     -0.904    1448.19     88.000     87.137    -0.6018    -0.5994     0.0024    -0.6045    -0.6020     0.0024   2.802621   2.802740   0.000088    34.2780    34.2764     7.6176    27.5521    27.5508    34.2779    27.5521    1446.81    1446.82    -0.6044  1027.9780    34.4439 0.0000e+00
      19905 313.971856  -62.14118  -58.43628     -0.960    1448.19     87.000     86.147    -0.6068    -0.6025     0.0043    -0.6094    -0.6051     0.0043   2.802196   2.802433   0.000242    34.2783    34.2767     7.6449    27.5526    27.5512    34.2785    27.5527    1446.77    1446.79    -0.6094  1027.9739    34.4444 0.0000e+00
      19928 313.971867  -62.14118  -58.43628     -1.014    1448.19     86.000     85.157    -0.6038    -0.6042    -0.0004    -0.6064    -0.6068    -0.0004   2.802436   2.802256  -0.000152    34.2783    34.2766     7.6470    27.5524    27.5511    34.2789    27.5529    1446.77    1446.77    -0.6063  1027.9692    34.4449 0.0000e+00
      19950 313.971878  -62.14120  -58.43628     -1.062    1448.19     85.000     84.167    -0.5993    -0.6010    -0.0018    -0.6018    -0.6036    -0.0018   2.802729   2.802472  -0.000260    34.2778    34.2762     7.6344    27.5518    27.5507    34.2783    27.5523    1446.78    1446.77    -0.6018  1027.9638    34.4443 0.0000e+00
      19973 313.971888  -62.14120  -58.43628     -1.085    1448.19     84.000     83.177    -0.5992    -0.5999    -0.0007    -0.6017    -0.6025    -0.0007   2.802685   2.802508  -0.000166    34.2779    34.2765     7.6211    27.5520    27.5508    34.2783    27.5523    1446.76    1446.75    -0.6017  1027.9590    34.4442 0.0000e+00
      19996 313.971899  -62.14120  -58.43626     -1.066    1448.19     83.000     82.187    -0.5989    -0.5988     0.0001    -0.6014    -0.6013     0.0001   2.802644   2.802548  -0.000115    34.2779    34.2763     7.6267    27.5519    27.5506    34.2780    27.5520    1446.74    1446.74    -0.6013  1027.9539    34.4439 0.0000e+00
      20020 313.971911  -62.14120  -58.43626     -1.013    1448.19     82.000     81.197    -0.5983    -0.5986    -0.0003    -0.6007    -0.6010    -0.0003   2.802694   2.802542  -0.000138    34.2780    34.2765     7.6348    27.5520    27.5508    34.2786    27.5524    1446.73    1446.73    -0.6007  1027.9496    34.4445 0.0000e+00
      20045 313.971923  -62.14122  -58.43626     -0.971    1448.19     81.000     80.207    -0.5952    -0.5958    -0.0005    -0.5977    -0.5982    -0.0005   2.802873   2.802720  -0.000151    34.2777    34.2763     7.6265    27.5516    27.5505    34.2782    27.5520    1446.73    1446.72    -0.5976  1027.9443    34.4441 0.0000e+00
