Pos-Processados/process_op42/Processamento_split/up/uoperantar42_051.cnv
* Sea-Bird SBE 9 Data File:
* FileName = C:\Users\Hidrografia\Desktop\OPXLII\Brutos\OP42051.hdr
* Software Version Seasave V 7.26.7.107
* Temperature SN = 6502
* Conductivity SN = 4998
* Number of Bytes Per Scan = 37
* Number of Voltage Words = 4
* Number of Scans Averaged by the Deck Unit = 1
* NMEA Latitude = 62 08.18 S
* NMEA Longitude = 058 26.57 W
* NMEA UTC (Time) = Nov 10 2023 02:01:52
* NMEA baud rate = 4800
** H41
** NPOALTEMAXIMIANO
** NUMERO DA ESTACAO (XXX) 51
** LAT (XX XX.XX S/N) 62 08.171 S
** LONG (XXX XX.XX W/E) 058 26.68 W
** DATAHORA (dd/mm/aaaa hh:mm Z) 10/11/2023 0205Z
** PROFUNDIDADE (m) 424
** OPERADOR CT FILIPE LOPES
# nquan = 30
# nvalues = 386                         
# units = specified
# name 0 = scan: Scan Count
# name 1 = timeJ: Julian Days
# name 2 = latitude: Latitude [deg]
# name 3 = longitude: Longitude [deg]
# name 4 = dz/dtM: Descent Rate [m/s]
# name 5 = avgsvCM: Average Sound Velocity [Chen-Millero, m/s]
# name 6 = prDM: Pressure, Digiquartz [db]
# name 7 = depSM: Depth [salt water, m]
# name 8 = t090C: Temperature [ITS-90, deg C]
# name 9 = t190C: Temperature, 2 [ITS-90, deg C]
# name 10 = T2-T190C: Temperature Difference, 2 - 1 [ITS-90, deg C]
# name 11 = potemp090C: Potential Temperature [ITS-90, deg C]
# name 12 = potemp190C: Potential Temperature, 2 [ITS-90, deg C]
# name 13 = potemp90Cdiff: Potential Temperature, Diff, 2 - 1 [ITS-90, deg C]
# name 14 = c0S/m: Conductivity [S/m]
# name 15 = c1S/m: Conductivity, 2 [S/m]
# name 16 = C2-C1S/m: Conductivity Difference, 2 - 1 [S/m]
# name 17 = sal00: Salinity, Practical [PSU]
# name 18 = sal11: Salinity, Practical, 2 [PSU]
# name 19 = sbeox0ML/L: Oxygen, SBE 43 [ml/l]
# name 20 = sigma-é00: Density [sigma-theta, kg/m^3]
# name 21 = sigma-é11: Density, 2 [sigma-theta, kg/m^3]
# name 22 = sal00: Salinity, Practical [PSU]
# name 23 = sigma-é00: Density [sigma-theta, kg/m^3]
# name 24 = svCM: Sound Velocity [Chen-Millero, m/s]
# name 25 = svCM1: Sound Velocity, 2 [Chen-Millero, m/s]
# name 26 = gsw_ptA0: potential temperature [ITS-90, deg C]
# name 27 = gsw_densityA0: density, TEOS-10 [density, kg/m^3]
# name 28 = gsw_saA0: Absolute Salinity [g/kg]
# name 29 = flag:
# span 0 =      17822,      29794       
# span 1 = 314.093224, 314.098997       
# span 2 =  -62.14128,  -62.13938       
# span 3 =  -58.43609,  -58.43110       
# span 4 =     -1.020,     -0.004       
# span 5 =    1448.41,    1448.41       
# span 6 =      2.000,    387.000       
# span 7 =      1.990,    382.925       
# span 8 =    -0.8053,    -0.5221       
# span 9 =    -0.8043,    -0.5211       
# span 10 =    -0.0084,     0.0096      
# span 11 =    -0.8106,    -0.5339      
# span 12 =    -0.8096,    -0.5330      
# span 13 =    -0.0084,     0.0096      
# span 14 =   2.792010,   2.832667      
# span 15 =   2.791972,   2.832501      
# span 16 =  -0.000817,   0.000982      
# span 17 =    34.2659,    34.4163      
# span 18 =    34.2644,    34.4142      
# span 19 =     6.6048,     7.6697      
# span 20 =    27.5410,    27.6613      
# span 21 =    27.5397,    27.6596      
# span 22 =    34.2659,    34.4163      
# span 23 =    27.5410,    27.6613      
# span 24 =    1445.57,    1452.21      
# span 25 =    1445.56,    1452.20      
# span 26 =    -0.8105,    -0.5337      
# span 27 =  1027.5555,  1029.5109      
# span 28 =    34.4289,    34.5847      
# span 29 = 0.0000e+00, 0.0000e+00      
# interval = decibars: 1                
# start_time = Nov 10 2023 02:01:52 [NMEA time, header]
# bad_flag = -9.990e-29
*END*
[from data line 242]
      24823 314.096600  -62.14056  -58.43324     -0.923    1448.41    145.000    143.558    -0.6837    -0.6840    -0.0003    -0.6881    -0.6883    -0.0003   2.799492   2.799364  -0.000143    34.2922    34.2906     7.5350    27.5672    27.5659    34.2932    27.5681    1447.38    1447.37    -0.6879  1028.2671    34.4600 0.0000e+00
      24852 314.096614  -62.14058  -58.43322     -0.853    1448.41    144.000    142.569    -0.6836    -0.6838    -0.0002    -0.6879    -0.6881    -0.0002   2.799454   2.799322  -0.000132    34.2924    34.2908     7.5407    27.5673    27.5661    34.2932    27.5680    1447.36    1447.36    -0.6878  1028.2623    34.4600 0.0000e+00
      24886 314.096630  -62.14058  -58.43321     -0.742    1448.41    143.000    141.579    -0.6818    -0.6820    -0.0002    -0.6861    -0.6863    -0.0002   2.799551   2.799433  -0.000124    34.2923    34.2908     7.5461    27.5672    27.5660    34.2932    27.5679    1447.35    1447.35    -0.6860  1028.2574    34.4599 0.0000e+00
      24922 314.096648  -62.14058  -58.43320     -0.661    1448.41    142.000    140.589    -0.6799    -0.6795     0.0004    -0.6841    -0.6838     0.0004   2.799667   2.799562  -0.000102    34.2923    34.2905     7.5448    27.5671    27.5657    34.2931    27.5678    1447.35    1447.34    -0.6840  1028.2525    34.4599 0.0000e+00
      24953 314.096663  -62.14059  -58.43318     -0.736    1448.41    141.000    139.599    -0.6760    -0.6761    -0.0001    -0.6803    -0.6803    -0.0001   2.799900   2.799790  -0.000117    34.2916    34.2902     7.5454    27.5664    27.5653    34.2925    27.5671    1447.35    1447.34    -0.6801  1028.2470    34.4593 0.0000e+00
      24981 314.096676  -62.14060  -58.43317     -0.835    1448.41    140.000    138.610    -0.6735    -0.6736    -0.0000    -0.6777    -0.6778    -0.0000   2.800017   2.799900  -0.000120    34.2912    34.2896     7.5490    27.5660    27.5646    34.2919    27.5665    1447.34    1447.34    -0.6776  1028.2416    34.4586 0.0000e+00
      25009 314.096690  -62.14060  -58.43316     -0.869    1448.41    139.000    137.620    -0.6722    -0.6722    -0.0000    -0.6763    -0.6764    -0.0000   2.800057   2.799957  -0.000113    34.2909    34.2894     7.5450    27.5657    27.5644    34.2915    27.5662    1447.33    1447.33    -0.6763  1028.2364    34.4582 0.0000e+00
      25037 314.096703  -62.14060  -58.43314     -0.850    1448.41    138.000    136.630    -0.6715    -0.6705     0.0009    -0.6756    -0.6746     0.0009   2.800045   2.800012  -0.000036    34.2906    34.2891     7.5482    27.5654    27.5641    34.2912    27.5658    1447.32    1447.32    -0.6755  1028.2313    34.4579 0.0000e+00
      25068 314.096718  -62.14060  -58.43313     -0.803    1448.41    137.000    135.641    -0.6700    -0.6697     0.0003    -0.6741    -0.6738     0.0003   2.799990   2.799953  -0.000041    34.2891    34.2881     7.5554    27.5641    27.5633    34.2894    27.5644    1447.30    1447.31    -0.6740  1028.2251    34.4561 0.0000e+00
      25099 314.096733  -62.14061  -58.43312     -0.766    1448.41    136.000    134.651    -0.6737    -0.6721     0.0016    -0.6778    -0.6762     0.0016   2.799529   2.799569   0.000035    34.2881    34.2868     7.5637    27.5634    27.5623    34.2879    27.5633    1447.27    1447.27    -0.6777  1028.2193    34.4546 0.0000e+00
      25132 314.096749  -62.14062  -58.43310     -0.736    1448.41    135.000    133.661    -0.6794    -0.6776     0.0018    -0.6835    -0.6816     0.0018   2.798928   2.798969   0.000036    34.2871    34.2855     7.5636    27.5629    27.5615    34.2870    27.5628    1447.22    1447.23    -0.6834  1028.2140    34.4536 0.0000e+00
      25166 314.096766  -62.14062  -58.43309     -0.710    1448.41    134.000    132.671    -0.6833    -0.6825     0.0009    -0.6873    -0.6865     0.0009   2.798379   2.798352  -0.000015    34.2852    34.2839     7.5652    27.5615    27.5605    34.2846    27.5610    1447.19    1447.19    -0.6872  1028.2074    34.4512 0.0000e+00
      25199 314.096782  -62.14062  -58.43308     -0.723    1448.41    133.000    131.681    -0.6862    -0.6854     0.0007    -0.6901    -0.6894     0.0007   2.797966   2.797941  -0.000032    34.2831    34.2818     7.5681    27.5599    27.5589    34.2828    27.5597    1447.16    1447.16    -0.6901  1028.2013    34.4494 0.0000e+00
      25231 314.096797  -62.14062  -58.43306     -0.746    1448.41    132.000    130.692    -0.6868    -0.6860     0.0008    -0.6908    -0.6900     0.0008   2.797841   2.797821  -0.000019    34.2827    34.2815     7.5714    27.5597    27.5587    34.2825    27.5595    1447.14    1447.14    -0.6906  1028.1964    34.4491 0.0000e+00
      25261 314.096811  -62.14064  -58.43305     -0.786    1448.41    131.000    129.702    -0.6867    -0.6860     0.0007    -0.6906    -0.6899     0.0007   2.797788   2.797739  -0.000047    34.2824    34.2809     7.5782    27.5594    27.5582    34.2823    27.5593    1447.12    1447.12    -0.6905  1028.1914    34.4489 0.0000e+00
      25291 314.096826  -62.14064  -58.43304     -0.806    1448.41    130.000    128.712    -0.6848    -0.6850    -0.0002    -0.6886    -0.6888    -0.0002   2.797896   2.797790  -0.000108    34.2821    34.2808     7.5974    27.5590    27.5580    34.2822    27.5591    1447.11    1447.11    -0.6886  1028.1864    34.4488 0.0000e+00
      25320 314.096840  -62.14064  -58.43303     -0.813    1448.41    129.000    127.722    -0.6774    -0.6792    -0.0018    -0.6812    -0.6830    -0.0018   2.798434   2.798199  -0.000235    34.2811    34.2799     7.5853    27.5579    27.5571    34.2816    27.5584    1447.13    1447.12    -0.6811  1028.1809    34.4482 0.0000e+00
      25353 314.096856  -62.14064  -58.43302     -0.763    1448.41    128.000    126.732    -0.6672    -0.6678    -0.0006    -0.6710    -0.6716    -0.0006   2.799188   2.799051  -0.000136    34.2798    34.2785     7.5869    27.5564    27.5555    34.2809    27.5574    1447.16    1447.16    -0.6709  1028.1750    34.4475 0.0000e+00
      25387 314.096872  -62.14065  -58.43300     -0.706    1448.41    127.000    125.743    -0.6648    -0.6635     0.0014    -0.6686    -0.6673     0.0014   2.799336   2.799326 -9.032e-07    34.2803    34.2788     7.5950    27.5568    27.5555    34.2808    27.5572    1447.16    1447.16    -0.6685  1028.1701    34.4474 0.0000e+00
      25421 314.096888  -62.14066  -58.43298     -0.701    1448.41    126.000    124.753    -0.6627    -0.6621     0.0005    -0.6664    -0.6659     0.0005   2.799456   2.799410  -0.000053    34.2801    34.2787     7.5901    27.5565    27.5554    34.2806    27.5569    1447.15    1447.15    -0.6664  1028.1650    34.4472 0.0000e+00
      25453 314.096904  -62.14066  -58.43297     -0.738    1448.41    125.000    123.763    -0.6594    -0.6587     0.0007    -0.6631    -0.6625     0.0007   2.799714   2.799638  -0.000070    34.2801    34.2785     7.5926    27.5564    27.5550    34.2810    27.5571    1447.15    1447.15    -0.6631  1028.1604    34.4476 0.0000e+00
      25486 314.096920  -62.14066  -58.43296     -0.740    1448.41    124.000    122.773    -0.6506    -0.6542    -0.0035    -0.6544    -0.6579    -0.0035   2.800303   2.799952  -0.000327    34.2787    34.2782     7.5921    27.5549    27.5546    34.2797    27.5557    1447.17    1447.15    -0.6542  1028.1541    34.4462 0.0000e+00
      25522 314.096937  -62.14066  -58.43294     -0.673    1448.41    123.000    121.783    -0.6468    -0.6492    -0.0024    -0.6505    -0.6529    -0.0024   2.800553   2.800300  -0.000261    34.2785    34.2776     7.5897    27.5545    27.5539    34.2794    27.5552    1447.17    1447.16    -0.6504  1028.1489    34.4459 0.0000e+00
      25554 314.096953  -62.14068  -58.43294     -0.722    1448.41    122.000    120.794    -0.6428    -0.6432    -0.0004    -0.6464    -0.6469    -0.0004   2.800878   2.800734  -0.000141    34.2789    34.2774     7.5956    27.5546    27.5535    34.2797    27.5554    1447.18    1447.17    -0.6464  1028.1442    34.4462 0.0000e+00
      25584 314.096967  -62.14068  -58.43293     -0.803    1448.41    121.000    119.804    -0.6391    -0.6397    -0.0007    -0.6427    -0.6434    -0.0007   2.801115   2.800969  -0.000158    34.2787    34.2773     7.5998    27.5543    27.5533    34.2793    27.5549    1447.18    1447.17    -0.6426  1028.1389    34.4458 0.0000e+00
      25614 314.096981  -62.14068  -58.43292     -0.801    1448.41    120.000    118.814    -0.6356    -0.6361    -0.0005    -0.6393    -0.6397    -0.0005   2.801348   2.801194  -0.000153    34.2783    34.2768     7.5960    27.5539    27.5527    34.2793    27.5547    1447.18    1447.17    -0.6391  1028.1339    34.4457 0.0000e+00
      25647 314.096998  -62.14068  -58.43290     -0.736    1448.41    119.000    117.824    -0.6342    -0.6332     0.0010    -0.6378    -0.6368     0.0010   2.801400   2.801380  -0.000024    34.2783    34.2768     7.5908    27.5538    27.5526    34.2789    27.5543    1447.17    1447.17    -0.6377  1028.1288    34.4454 0.0000e+00
      25686 314.097016  -62.14068  -58.43288     -0.628    1448.41    118.000    116.834    -0.6327    -0.6329    -0.0002    -0.6363    -0.6365    -0.0002   2.801468   2.801348  -0.000119    34.2782    34.2768     7.6105    27.5537    27.5526    34.2788    27.5542    1447.16    1447.15    -0.6362  1028.1238    34.4453 0.0000e+00
      25720 314.097033  -62.14070  -58.43287     -0.677    1448.41    117.000    115.845    -0.6305    -0.6306    -0.0001    -0.6341    -0.6341    -0.0000   2.801609   2.801479  -0.000125    34.2782    34.2766     7.6045    27.5536    27.5522    34.2788    27.5541    1447.15    1447.15    -0.6339  1028.1190    34.4453 0.0000e+00
      25750 314.097047  -62.14070  -58.43286     -0.778    1448.41    116.000    114.855    -0.6256    -0.6274    -0.0018    -0.6291    -0.6309    -0.0018   2.801952   2.801689  -0.000261    34.2776    34.2762     7.6073    27.5529    27.5518    34.2785    27.5536    1447.16    1447.15    -0.6290  1028.1137    34.4449 0.0000e+00
      25781 314.097062  -62.14070  -58.43284     -0.780    1448.41    115.000    113.865    -0.6247    -0.6236     0.0011    -0.6282    -0.6270     0.0011   2.801944   2.801928  -0.000030    34.2776    34.2760     7.6088    27.5529    27.5515    34.2780    27.5532    1447.15    1447.15    -0.6281  1028.1084    34.4444 0.0000e+00
      25814 314.097078  -62.14070  -58.43283     -0.745    1448.41    114.000    112.875    -0.6239    -0.6224     0.0015    -0.6274    -0.6258     0.0015   2.801988   2.801991   0.000007    34.2777    34.2761     7.6101    27.5529    27.5515    34.2783    27.5534    1447.13    1447.14    -0.6273  1028.1039    34.4447 0.0000e+00
      25847 314.097094  -62.14070  -58.43282     -0.728    1448.41    113.000    111.885    -0.6199    -0.6199    -0.0001    -0.6233    -0.6233    -0.0001   2.802245   2.802140  -0.000106    34.2772    34.2758     7.6154    27.5523    27.5512    34.2778    27.5528    1447.13    1447.13    -0.6232  1028.0951    34.4399 0.0000e+00
      25879 314.097109 -9.990e-29  -58.43280     -0.738    1448.41    112.000    110.895    -0.6153    -0.6158    -0.0005    -0.6187    -0.6192    -0.0005   2.802594   2.802435  -0.000160    34.2772    34.2756     7.6127    27.5521    27.5508    34.2780    27.5527    1447.14    1447.14    -0.6186  1028.0898    34.4396 0.0000e+00
      25909 314.097124 -9.990e-29  -58.43279     -0.778    1448.41    111.000    109.906    -0.6138    -0.6123     0.0015    -0.6171    -0.6157     0.0015   2.802677   2.802675  -0.000005    34.2774    34.2757     7.6156    27.5522    27.5508    34.2780    27.5527    1447.13    1447.13    -0.6171  1028.0850    34.4396 0.0000e+00
      25943 314.097140  -62.14072  -58.43278     -0.743    1448.41    110.000    108.916    -0.6137    -0.6130     0.0008    -0.6171    -0.6163     0.0008   2.802632   2.802580  -0.000056    34.2776    34.2760     7.6125    27.5524    27.5510    34.2779    27.5526    1447.11    1447.12    -0.6170  1028.0831    34.4432 0.0000e+00
      25978 314.097157  -62.14072  -58.43276     -0.674    1448.41    109.000    107.926    -0.6139    -0.6132     0.0006    -0.6172    -0.6165     0.0006   2.802567   2.802506  -0.000059    34.2775    34.2760     7.6090    27.5523    27.5510    34.2778    27.5526    1447.10    1447.10    -0.6171  1028.0791    34.4442 0.0000e+00
      26012 314.097174  -62.14074  -58.43275     -0.706    1448.41    108.000    106.936    -0.6139    -0.6135     0.0004    -0.6171    -0.6167     0.0004   2.802509   2.802435  -0.000074    34.2774    34.2760     7.6150    27.5522    27.5510    34.2777    27.5524    1447.08    1447.08    -0.6171  1028.0742    34.4440 0.0000e+00
      26045 314.097189  -62.14074  -58.43274     -0.725    1448.41    107.000    105.946    -0.6137    -0.6132     0.0005    -0.6169    -0.6164     0.0005   2.802477   2.802413  -0.000069    34.2775    34.2760     7.6054    27.5523    27.5510    34.2776    27.5524    1447.07    1447.06    -0.6168  1028.0694    34.4440 0.0000e+00
      26077 314.097205  -62.14074  -58.43273     -0.745    1448.41    106.000    104.956    -0.6137    -0.6128     0.0009    -0.6169    -0.6160     0.0009   2.802432   2.802400  -0.000033    34.2775    34.2760     7.6084    27.5523    27.5510    34.2777    27.5524    1447.05    1447.05    -0.6168  1028.0646    34.4440 0.0000e+00
      26109 314.097220  -62.14074  -58.43272     -0.758    1448.41    105.000    103.966    -0.6134    -0.6129     0.0005    -0.6166    -0.6161     0.0005   2.802392   2.802338  -0.000053    34.2773    34.2760     7.6045    27.5521    27.5510    34.2774    27.5522    1447.03    1447.03    -0.6165  1028.0596    34.4437 0.0000e+00
      26140 314.097235  -62.14076  -58.43270     -0.758    1448.41    104.000    102.976    -0.6095    -0.6111    -0.0016    -0.6126    -0.6142    -0.0016   2.802646   2.802430  -0.000217    34.2766    34.2755     7.6158    27.5513    27.5505    34.2770    27.5517    1447.04    1447.03    -0.6126  1028.0543    34.4433 0.0000e+00
      26172 314.097250  -62.14076  -58.43269     -0.759    1448.41    103.000    101.986    -0.6027    -0.6030    -0.0003    -0.6058    -0.6061    -0.0003   2.803238   2.803081  -0.000140    34.2768    34.2753     7.6272    27.5512    27.5500    34.2779    27.5521    1447.05    1447.05    -0.6057  1028.0499    34.4442 0.0000e+00
      26201 314.097265  -62.14076  -58.43268     -0.804    1448.41    102.000    100.996    -0.5985    -0.5983     0.0001    -0.6015    -0.6014     0.0001   2.803476   2.803423  -0.000065    34.2763    34.2754     7.6276    27.5507    27.5499    34.2770    27.5512    1447.05    1447.05    -0.6015  1028.0441    34.4432 0.0000e+00
      26230 314.097279  -62.14076  -58.43267     -0.835    1448.41    101.000    100.006    -0.5984    -0.5972     0.0012    -0.6015    -0.6003     0.0012   2.803494   2.803473  -0.000023    34.2775    34.2758     7.6226    27.5516    27.5502    34.2778    27.5519    1447.04    1447.04    -0.6014  1028.0400    34.4441 0.0000e+00
      26262 314.097294  -62.14076  -58.43266     -0.770    1448.41    100.000     99.022    -0.5982    -0.5973     0.0009    -0.6012    -0.6003     0.0009   2.803445   2.803433  -0.000017    34.2770    34.2758     7.6190    27.5512    27.5502    34.2775    27.5516    1447.02    1447.03    -0.6011  1028.0350    34.4437 0.0000e+00
      26294 314.097310  -62.14078  -58.43264     -0.742    1448.41     99.000     98.022    -0.5960    -0.5956     0.0003    -0.5990    -0.5986     0.0003   2.803607   2.803513  -0.000086    34.2773    34.2758     7.6130    27.5513    27.5501    34.2778    27.5517    1447.02    1447.02    -0.5989  1028.0303    34.4440 0.0000e+00
      26327 314.097326  -62.14078  -58.43263     -0.726    1448.41     98.000     97.037    -0.5935    -0.5923     0.0012    -0.5965    -0.5953     0.0012   2.803774   2.803764  -0.000028    34.2775    34.2757     7.6225    27.5514    27.5499    34.2779    27.5517    1447.01    1447.02    -0.5964  1028.0244    34.4427 0.0000e+00
