Pos-Processados/process_op42/Processamento_split/up/uoperantar42_028.cnv
* Sea-Bird SBE 9 Data File:
* FileName = C:\Users\Hidrografia\Desktop\OPXLII\Brutos\OP42028.hdr
* Software Version Seasave V 7.26.7.107
* Temperature SN = 6502
* Conductivity SN = 4998
* Number of Bytes Per Scan = 37
* Number of Voltage Words = 4
* Number of Scans Averaged by the Deck Unit = 1
* NMEA Latitude = 62 18.54 S
* NMEA Longitude = 058 32.92 W
* NMEA UTC (Time) = Nov 08 2023 22:59:21
* NMEA baud rate = 4800
** H41
** NPOALTEMAXIMIANO
** NUMERO DA ESTACAO (XXX) 028
** LAT (XX XX.XX S/N) 62 18.530 S
** LONG (XXX XX.XX W/E) 058 32.937 W
** DATAHORA (dd/mm/aaaa hh:mm Z) 08/11/2023 2258Z
** PROFUNDIDADE (m) 339
** OPERADOR CT FABIREZA
# nquan = 30
# nvalues = 374                         
# units = specified
# name 0 = scan: Scan Count
# name 1 = timeJ: Julian Days
# name 2 = latitude: Latitude [deg]
# name 3 = longitude: Longitude [deg]
# name 4 = dz/dtM: Descent Rate [m/s]
# name 5 = avgsvCM: Average Sound Velocity [Chen-Millero, m/s]
# name 6 = prDM: Pressure, Digiquartz [db]
# name 7 = depSM: Depth [salt water, m]
# name 8 = t090C: Temperature [ITS-90, deg C]
# name 9 = t190C: Temperature, 2 [ITS-90, deg C]
# name 10 = T2-T190C: Temperature Difference, 2 - 1 [ITS-90, deg C]
# name 11 = potemp090C: Potential Temperature [ITS-90, deg C]
# name 12 = potemp190C: Potential Temperature, 2 [ITS-90, deg C]
# name 13 = potemp90Cdiff: Potential Temperature, Diff, 2 - 1 [ITS-90, deg C]
# name 14 = c0S/m: Conductivity [S/m]
# name 15 = c1S/m: Conductivity, 2 [S/m]
# name 16 = C2-C1S/m: Conductivity Difference, 2 - 1 [S/m]
# name 17 = sal00: Salinity, Practical [PSU]
# name 18 = sal11: Salinity, Practical, 2 [PSU]
# name 19 = sbeox0ML/L: Oxygen, SBE 43 [ml/l]
# name 20 = sigma-é00: Density [sigma-theta, kg/m^3]
# name 21 = sigma-é11: Density, 2 [sigma-theta, kg/m^3]
# name 22 = sal00: Salinity, Practical [PSU]
# name 23 = sigma-é00: Density [sigma-theta, kg/m^3]
# name 24 = svCM: Sound Velocity [Chen-Millero, m/s]
# name 25 = svCM1: Sound Velocity, 2 [Chen-Millero, m/s]
# name 26 = gsw_ptA0: potential temperature [ITS-90, deg C]
# name 27 = gsw_densityA0: density, TEOS-10 [density, kg/m^3]
# name 28 = gsw_saA0: Absolute Salinity [g/kg]
# name 29 = flag:
# span 0 =      16118,      31078       
# span 1 = 312.965654, 312.972869       
# span 2 =  -62.31664,  -62.31305       
# span 3 =  -58.54598,  -58.54422       
# span 4 =     -1.196,     -0.127       
# span 5 =    1448.73,    1448.73       
# span 6 =      1.000,    374.000       
# span 7 =      1.101,    370.071       
# span 8 =    -0.6392,    -0.0546       
# span 9 =    -0.6377,    -0.0356       
# span 10 =    -0.0062,     0.0505      
# span 11 =    -0.6430,    -0.0687      
# span 12 =    -0.6415,    -0.0498      
# span 13 =    -0.0062,     0.0504      
# span 14 =   2.803185,   2.875263      
# span 15 =   2.803173,   2.876869      
# span 16 =  -0.000524,   0.005327      
# span 17 =    34.2960,    34.4586      
# span 18 =    34.2951,    34.4585      
# span 19 =     6.0227,     7.4737      
# span 20 =    27.5648,    27.6727      
# span 21 =    27.5641,    27.6717      
# span 22 =    34.2957,    34.4576      
# span 23 =    27.5645,    27.6720      
# span 24 =    1445.61,    1454.25      
# span 25 =    1445.61,    1454.34      
# span 26 =    -0.6429,    -0.0685      
# span 27 =  1027.5751,  1029.4535      
# span 28 =    34.4585,    34.6255      
# span 29 = 0.0000e+00, 0.0000e+00      
# interval = decibars: 1                
# start_time = Nov 08 2023 22:59:21 [NMEA time, header]
# bad_flag = -9.990e-29
*END*
[from data line 49]
      18128 312.966624  -62.31360  -58.54566     -0.865    1448.73    325.000    321.625    -0.5492    -0.5363     0.0129    -0.5599    -0.5471     0.0128   2.823881   2.825115   0.001312    34.3616    34.3646     6.9514    27.6178    27.6197    34.3593    27.6160    1451.03    1451.09    -0.5597  1029.1716    34.5273 0.0000e+00
      18153 312.966636  -62.31360  -58.54566     -0.939    1448.73    324.000    320.636    -0.5502    -0.5453     0.0050    -0.5609    -0.5559     0.0049   2.823763   2.824207   0.000457    34.3611    34.3616     6.9763    27.6175    27.6177    34.3594    27.6161    1451.01    1451.03    -0.5606  1029.1670    34.5274 0.0000e+00
      18178 312.966648  -62.31362  -58.54566     -0.953    1448.73    323.000    319.647    -0.5517    -0.5482     0.0035    -0.5623    -0.5588     0.0035   2.823579   2.823859   0.000296    34.3608    34.3608     7.0141    27.6173    27.6172    34.3593    27.6161    1450.98    1451.00    -0.5621  1029.1622    34.5272 0.0000e+00
      18204 312.966660  -62.31362  -58.54564     -0.938    1448.73    322.000    318.658    -0.5525    -0.5502     0.0023    -0.5631    -0.5608     0.0023   2.823415   2.823611   0.000200    34.3600    34.3601     7.0591    27.6167    27.6167    34.3586    27.6156    1450.96    1450.97    -0.5629  1029.1584    34.5284 0.0000e+00
      18227 312.966671  -62.31362 -9.990e-29     -0.981    1448.73    321.000    317.669    -0.5537    -0.5517     0.0020    -0.5642    -0.5623     0.0019   2.823214   2.823367   0.000163    34.3591    34.3591     7.0834    27.6160    27.6159    34.3578    27.6150    1450.94    1450.95    -0.5640  1029.1536    34.5282 0.0000e+00
      18248 312.966682  -62.31364 -9.990e-29     -1.073    1448.73    320.000    316.681    -0.5547    -0.5535     0.0012    -0.5652    -0.5640     0.0012   2.823036   2.823130   0.000101    34.3585    34.3585     7.0812    27.6155    27.6155    34.3572    27.6145    1450.92    1450.92    -0.5650  1029.1484    34.5276 0.0000e+00
      18269 312.966692  -62.31364 -9.990e-29     -1.140    1448.73    319.000    315.691    -0.5567    -0.5543     0.0024    -0.5672    -0.5648     0.0024   2.822789   2.822990   0.000202    34.3580    34.3579     7.0793    27.6153    27.6151    34.3568    27.6142    1450.89    1450.90    -0.5670  1029.1434    34.5271 0.0000e+00
      18292 312.966703  -62.31364  -58.54562     -1.107    1448.73    318.000    314.703    -0.5600    -0.5561     0.0039    -0.5704    -0.5665     0.0039   2.822447   2.822775   0.000320    34.3577    34.3576     7.0879    27.6152    27.6149    34.3565    27.6142    1450.86    1450.88    -0.5702  1029.1381    34.5262 0.0000e+00
      18316 312.966714  -62.31366  -58.54562     -1.020    1448.73    317.000    313.714    -0.5616    -0.5585     0.0031    -0.5720    -0.5688     0.0031   2.822246   2.822487   0.000262    34.3572    34.3572     7.0983    27.6148    27.6147    34.3562    27.6140    1450.83    1450.85    -0.5718  1029.1317    34.5241 0.0000e+00
      18339 312.966726  -62.31366  -58.54562     -1.009    1448.73    316.000    312.725    -0.5623    -0.5609     0.0014    -0.5727    -0.5713     0.0014   2.822107   2.822207   0.000099    34.3568    34.3565     7.1016    27.6145    27.6142    34.3558    27.6137    1450.81    1450.82    -0.5724  1029.1267    34.5237 0.0000e+00
      18363 312.966737  -62.31366  -58.54562     -1.035    1448.73    315.000    311.736    -0.5654    -0.5632     0.0022    -0.5757    -0.5735     0.0022   2.821732   2.821914   0.000176    34.3561    34.3560     7.1140    27.6141    27.6139    34.3548    27.6130    1450.78    1450.79    -0.5755  1029.1213    34.5227 0.0000e+00
      18391 312.966751  -62.31368  -58.54562     -0.925    1448.73    314.000    310.748    -0.5696    -0.5639     0.0057    -0.5798    -0.5741     0.0057   2.821324   2.821816   0.000482    34.3554    34.3554     7.1239    27.6137    27.6135    34.3547    27.6131    1450.75    1450.77    -0.5796  1029.1167    34.5226 0.0000e+00
      18427 312.966768  -62.31368  -58.54561     -0.675    1448.73    313.000    309.758    -0.5697    -0.5652     0.0044    -0.5799    -0.5755     0.0044   2.821196   2.821610   0.000424    34.3547    34.3554     7.1244    27.6131    27.6135    34.3537    27.6123    1450.73    1450.75    -0.5797  1029.1111    34.5216 0.0000e+00
      18456 312.966782  -62.31369  -58.54560     -0.749    1448.73    312.000    308.769    -0.5727    -0.5706     0.0021    -0.5829    -0.5808     0.0021   2.820877   2.821030   0.000154    34.3543    34.3540     7.1343    27.6129    27.6126    34.3534    27.6122    1450.70    1450.71    -0.5827  1029.1063    34.5213 0.0000e+00
      18481 312.966794  -62.31370  -58.54560     -0.912    1448.73    311.000    307.780    -0.5734    -0.5721     0.0014    -0.5836    -0.5823     0.0014   2.820758   2.820829   0.000093    34.3539    34.3536     7.1527    27.6127    27.6124    34.3533    27.6121    1450.68    1450.68    -0.5833  1029.1015    34.5212 0.0000e+00
      18505 312.966805  -62.31370  -58.54560     -1.002    1448.73    310.000    306.792    -0.5741    -0.5729     0.0012    -0.5842    -0.5830     0.0012   2.820660   2.820705   0.000049    34.3539    34.3532     7.1484    27.6127    27.6121    34.3533    27.6122    1450.66    1450.66    -0.5840  1029.0968    34.5212 0.0000e+00
      18527 312.966816  -62.31371  -58.54559     -1.050    1448.73    309.000    305.802    -0.5744    -0.5732     0.0012    -0.5844    -0.5833     0.0012   2.820591   2.820637   0.000053    34.3538    34.3532     7.1377    27.6126    27.6120    34.3533    27.6122    1450.64    1450.65    -0.5843  1029.0921    34.5212 0.0000e+00
      18550 312.966827  -62.31372  -58.54558     -1.071    1448.73    308.000    304.814    -0.5743    -0.5734     0.0010    -0.5844    -0.5834     0.0010   2.820538   2.820571   0.000035    34.3537    34.3530     7.1350    27.6125    27.6119    34.3532    27.6121    1450.62    1450.63    -0.5841  1029.0872    34.5211 0.0000e+00
      18574 312.966839  -62.31372  -58.54558     -1.027    1448.73    307.000    303.825    -0.5749    -0.5737     0.0011    -0.5849    -0.5837     0.0011   2.820456   2.820490   0.000042    34.3537    34.3529     7.1532    27.6125    27.6119    34.3532    27.6122    1450.60    1450.61    -0.5847  1029.0825    34.5211 0.0000e+00
      18598 312.966851  -62.31373  -58.54558     -0.980    1448.73    306.000    302.836    -0.5749    -0.5738     0.0011    -0.5848    -0.5837     0.0011   2.820409   2.820426   0.000017    34.3537    34.3527     7.1497    27.6125    27.6117    34.3533    27.6122    1450.59    1450.59    -0.5846  1029.0778    34.5212 0.0000e+00
      18623 312.966862  -62.31374  -58.54558     -0.976    1448.73    305.000    301.846    -0.5757    -0.5747     0.0011    -0.5856    -0.5846     0.0011   2.820259   2.820296   0.000044    34.3531    34.3525     7.1472    27.6121    27.6116    34.3528    27.6118    1450.57    1450.57    -0.5854  1029.0727    34.5207 0.0000e+00
      18647 312.966874  -62.31374  -58.54557     -0.985    1448.73    304.000    300.858    -0.5759    -0.5749     0.0010    -0.5857    -0.5848     0.0010   2.820207   2.820230   0.000027    34.3532    34.3524     7.1439    27.6122    27.6115    34.3529    27.6119    1450.55    1450.55    -0.5856  1029.0680    34.5207 0.0000e+00
      18673 312.966887  -62.31375  -58.54556     -0.958    1448.73    303.000    299.869    -0.5751    -0.5747     0.0004    -0.5849    -0.5845     0.0004   2.820247   2.820212  -0.000028    34.3533    34.3524     7.1585    27.6122    27.6115    34.3531    27.6121    1450.54    1450.54    -0.5847  1029.0634    34.5210 0.0000e+00
      18702 312.966901  -62.31376  -58.54556     -0.859    1448.73    302.000    298.880    -0.5741    -0.5738     0.0003    -0.5839    -0.5836     0.0003   2.820313   2.820266  -0.000046    34.3536    34.3526     7.1551    27.6125    27.6116    34.3535    27.6124    1450.53    1450.53    -0.5837  1029.0589    34.5214 0.0000e+00
      18731 312.966915  -62.31376  -58.54556     -0.810    1448.73    301.000    297.891    -0.5752    -0.5740     0.0012    -0.5850    -0.5838     0.0012   2.820121   2.820178   0.000055    34.3532    34.3526     7.1466    27.6122    27.6116    34.3528    27.6118    1450.51    1450.51    -0.5848  1029.0537    34.5207 0.0000e+00
      18756 312.966927  -62.31378  -58.54556     -0.901    1448.73    300.000    296.903    -0.5774    -0.5760     0.0014    -0.5871    -0.5857     0.0014   2.819837   2.819921   0.000085    34.3524    34.3519     7.1482    27.6116    27.6112    34.3521    27.6113    1450.48    1450.48    -0.5869  1029.0484    34.5199 0.0000e+00
      18780 312.966938  -62.31378  -58.54556     -0.994    1448.73    299.000    295.913    -0.5778    -0.5768     0.0009    -0.5875    -0.5865     0.0009   2.819760   2.819780   0.000022    34.3523    34.3515     7.1545    27.6115    27.6108    34.3520    27.6113    1450.46    1450.46    -0.5873  1029.0437    34.5199 0.0000e+00
      18807 312.966951  -62.31378  -58.54554     -0.944    1448.73    298.000    294.924    -0.5777    -0.5762     0.0016    -0.5874    -0.5858     0.0016   2.819738   2.819811   0.000072    34.3525    34.3517     7.1492    27.6117    27.6110    34.3523    27.6116    1450.44    1450.45    -0.5872  1029.0391    34.5202 0.0000e+00
      18838 312.966966  -62.31379  -58.54554     -0.798    1448.73    297.000    293.935    -0.5784    -0.5771     0.0013    -0.5880    -0.5867     0.0013   2.819603   2.819678   0.000069    34.3522    34.3517     7.1496    27.6115    27.6110    34.3518    27.6111    1450.42    1450.43    -0.5877  1029.0340    34.5197 0.0000e+00
      18862 312.966978  -62.31380  -58.54553     -0.871    1448.73    296.000    292.946    -0.5807    -0.5778     0.0029    -0.5903    -0.5874     0.0029   2.819265   2.819517   0.000243    34.3511    34.3511     7.1620    27.6107    27.6105    34.3506    27.6102    1450.39    1450.41    -0.5901  1029.0284    34.5184 0.0000e+00
      18884 312.966989  -62.31380  -58.54552     -1.031    1448.73    295.000    291.957    -0.5823    -0.5809     0.0015    -0.5919    -0.5904     0.0015   2.819063   2.819138   0.000088    34.3507    34.3502     7.1665    27.6104    27.6099    34.3502    27.6101    1450.37    1450.38    -0.5916  1029.0234    34.5181 0.0000e+00
      18907 312.966999  -62.31381  -58.54552     -1.079    1448.73    294.000    290.968    -0.5834    -0.5820     0.0015    -0.5930    -0.5915     0.0015   2.818905   2.818970   0.000060    34.3504    34.3495     7.1485    27.6102    27.6095    34.3500    27.6099    1450.35    1450.35    -0.5927  1029.0186    34.5179 0.0000e+00
      18929 312.967010  -62.31382  -58.54552     -1.081    1448.73    293.000    289.979    -0.5848    -0.5828     0.0020    -0.5942    -0.5922     0.0020   2.818715   2.818841   0.000113    34.3502    34.3494     7.1476    27.6101    27.6094    34.3496    27.6096    1450.32    1450.33    -0.5941  1029.0135    34.5174 0.0000e+00
      18949 312.967020  -62.31382  -58.54552     -1.138    1448.73    292.000    288.991    -0.5868    -0.5849     0.0019    -0.5962    -0.5943     0.0019   2.818438   2.818553   0.000130    34.3494    34.3491     7.1585    27.6096    27.6092    34.3487    27.6090    1450.30    1450.31    -0.5960  1029.0082    34.5165 0.0000e+00
      18969 312.967029  -62.31382  -58.54552     -1.196    1448.73    291.000    288.002    -0.5897    -0.5883     0.0014    -0.5990    -0.5977     0.0014   2.818112   2.818167   0.000058    34.3488    34.3480     7.1773    27.6092    27.6085    34.3482    27.6087    1450.27    1450.27    -0.5989  1029.0031    34.5160 0.0000e+00
      18992 312.967040  -62.31384  -58.54550     -1.135    1448.73    290.000    287.013    -0.5903    -0.5878     0.0025    -0.5996    -0.5971     0.0025   2.818016   2.818201   0.000158    34.3487    34.3479     7.1852    27.6091    27.6084    34.3482    27.6088    1450.25    1450.26    -0.5994  1028.9984    34.5160 0.0000e+00
      19021 312.967054  -62.31384  -58.54550     -0.898    1448.73    289.000    286.024    -0.5908    -0.5871     0.0037    -0.6001    -0.5964     0.0037   2.817906   2.818191   0.000300    34.3484    34.3482     7.1869    27.6089    27.6086    34.3480    27.6086    1450.23    1450.25    -0.5999  1028.9935    34.5158 0.0000e+00
      19052 312.967069  -62.31385  -58.54550     -0.778    1448.73    288.000    285.035    -0.5916    -0.5904     0.0012    -0.6009    -0.5997     0.0012   2.817739   2.817794   0.000056    34.3477    34.3471     7.1919    27.6084    27.6078    34.3472    27.6080    1450.21    1450.21    -0.6007  1028.9882    34.5150 0.0000e+00
      19080 312.967083  -62.31386  -58.54550     -0.819    1448.73    287.000    284.046    -0.5927    -0.5914     0.0013    -0.6019    -0.6007     0.0012   2.817530   2.817600   0.000072    34.3467    34.3462     7.2142    27.6076    27.6072    34.3463    27.6073    1450.19    1450.19    -0.6017  1028.9827    34.5141 0.0000e+00
      19110 312.967097  -62.31386  -58.54550     -0.829    1448.73    286.000    283.057    -0.5939    -0.5921     0.0017    -0.6031    -0.6013     0.0017   2.817333   2.817446   0.000114    34.3460    34.3455     7.2093    27.6071    27.6067    34.3455    27.6067    1450.16    1450.17    -0.6029  1028.9774    34.5133 0.0000e+00
      19137 312.967110  -62.31386  -58.54550     -0.848    1448.73    285.000    282.068    -0.5957    -0.5951     0.0006    -0.6049    -0.6042     0.0006   2.817025   2.817022  -0.000008    34.3448    34.3439     7.2053    27.6062    27.6055    34.3441    27.6056    1450.14    1450.14    -0.6047  1028.9716    34.5119 0.0000e+00
      19161 312.967122  -62.31388  -58.54548     -0.943    1448.73    284.000    281.078    -0.5987    -0.5958     0.0030    -0.6078    -0.6049     0.0030   2.816616   2.816884   0.000265    34.3432    34.3433     7.2092    27.6050    27.6050    34.3426    27.6046    1450.10    1450.12    -0.6076  1028.9658    34.5103 0.0000e+00
      19184 312.967133  -62.31388  -58.54548     -1.025    1448.73    283.000    280.089    -0.6005    -0.5982     0.0023    -0.6096    -0.6073     0.0023   2.816346   2.816544   0.000195    34.3424    34.3424     7.2246    27.6045    27.6044    34.3416    27.6038    1450.08    1450.09    -0.6094  1028.9603    34.5094 0.0000e+00
      19208 312.967145  -62.31388  -58.54547     -1.026    1448.73    282.000    279.100    -0.6023    -0.6002     0.0021    -0.6114    -0.6093     0.0021   2.816124   2.816262   0.000150    34.3417    34.3413     7.2271    27.6039    27.6036    34.3413    27.6037    1450.05    1450.06    -0.6112  1028.9572    34.5113 0.0000e+00
      19232 312.967156  -62.31390 -9.990e-29     -0.992    1448.73    281.000    278.111    -0.6036    -0.6016     0.0020    -0.6126    -0.6106     0.0020   2.815882   2.816035   0.000155    34.3408    34.3406     7.2285    27.6033    27.6031    34.3401    27.6027    1450.03    1450.04    -0.6124  1028.9516    34.5102 0.0000e+00
      19255 312.967167  -62.31390 -9.990e-29     -1.012    1448.73    280.000    277.122    -0.6054    -0.6034     0.0020    -0.6143    -0.6123     0.0020   2.815616   2.815791   0.000155    34.3398    34.3396     7.2379    27.6026    27.6023    34.3391    27.6020    1450.00    1450.01    -0.6142  1028.9462    34.5092 0.0000e+00
      19276 312.967177  -62.31390 -9.990e-29     -1.082    1448.73    279.000    276.133    -0.6075    -0.6052     0.0024    -0.6165    -0.6141     0.0024   2.815352   2.815522   0.000189    34.3392    34.3391     7.2550    27.6022    27.6020    34.3386    27.6017    1449.98    1449.99    -0.6162  1028.9411    34.5087 0.0000e+00
