Pos-Processados/process_op42/Processamento_split/up/uoperantar42_018.cnv
* Sea-Bird SBE 9 Data File:
* FileName = C:\Users\Hidrografia\Desktop\OPXLII\Brutos\OP42018.hdr
* Software Version Seasave V 7.26.7.107
* Temperature SN = 6502
* Conductivity SN = 4998
* Number of Bytes Per Scan = 37
* Number of Voltage Words = 4
* Number of Scans Averaged by the Deck Unit = 1
* NMEA Latitude = 62 13.46 S
* NMEA Longitude = 058 12.64 W
* NMEA UTC (Time) = Nov 07 2023 12:56:51
* NMEA baud rate = 4800
** H41
** NPOALTEMAXIMIANO
** NUMERO DA ESTACAO (XXX) 018
** LAT (XX XX.XX S/N) 62 13.46 S
** LONG (XXX XX.XX W/E) 058 12.12 W
** DATAHORA (dd/mm/aaaa hh:mm Z) 07/11/2023 1245Z
** PROFUNDIDADE (m) 523
** OPERADOR 1T ZAMITH
# nquan = 30
# nvalues = 359                         
# units = specified
# name 0 = scan: Scan Count
# name 1 = timeJ: Julian Days
# name 2 = latitude: Latitude [deg]
# name 3 = longitude: Longitude [deg]
# name 4 = dz/dtM: Descent Rate [m/s]
# name 5 = avgsvCM: Average Sound Velocity [Chen-Millero, m/s]
# name 6 = prDM: Pressure, Digiquartz [db]
# name 7 = depSM: Depth [salt water, m]
# name 8 = t090C: Temperature [ITS-90, deg C]
# name 9 = t190C: Temperature, 2 [ITS-90, deg C]
# name 10 = T2-T190C: Temperature Difference, 2 - 1 [ITS-90, deg C]
# name 11 = potemp090C: Potential Temperature [ITS-90, deg C]
# name 12 = potemp190C: Potential Temperature, 2 [ITS-90, deg C]
# name 13 = potemp90Cdiff: Potential Temperature, Diff, 2 - 1 [ITS-90, deg C]
# name 14 = c0S/m: Conductivity [S/m]
# name 15 = c1S/m: Conductivity, 2 [S/m]
# name 16 = C2-C1S/m: Conductivity Difference, 2 - 1 [S/m]
# name 17 = sal00: Salinity, Practical [PSU]
# name 18 = sal11: Salinity, Practical, 2 [PSU]
# name 19 = sbeox0ML/L: Oxygen, SBE 43 [ml/l]
# name 20 = sigma-é00: Density [sigma-theta, kg/m^3]
# name 21 = sigma-é11: Density, 2 [sigma-theta, kg/m^3]
# name 22 = sal00: Salinity, Practical [PSU]
# name 23 = sigma-é00: Density [sigma-theta, kg/m^3]
# name 24 = svCM: Sound Velocity [Chen-Millero, m/s]
# name 25 = svCM1: Sound Velocity, 2 [Chen-Millero, m/s]
# name 26 = gsw_ptA0: potential temperature [ITS-90, deg C]
# name 27 = gsw_densityA0: density, TEOS-10 [density, kg/m^3]
# name 28 = gsw_saA0: Absolute Salinity [g/kg]
# name 29 = flag:
# span 0 =      14289,      34318       
# span 1 = 311.546369, 311.556029       
# span 2 =  -62.22870,  -62.22643       
# span 3 =  -58.20867,  -58.20496       
# span 4 =     -1.069,     -0.146       
# span 5 =    1448.15,    1448.15       
# span 6 =      2.000,    360.000       
# span 7 =      2.030,    356.233       
# span 8 =    -0.7448,    -0.5463       
# span 9 =    -0.7440,    -0.5455       
# span 10 =    -0.0163,     0.0109      
# span 11 =    -0.7494,    -0.5465      
# span 12 =    -0.7486,    -0.5456      
# span 13 =    -0.0162,     0.0109      
# span 14 =   2.796872,   2.811593      
# span 15 =   2.796859,   2.811572      
# span 16 =  -0.001567,   0.001008      
# span 17 =    34.2994,    34.3589      
# span 18 =    34.2983,    34.3579      
# span 19 =     7.0328,     7.5340      
# span 20 =    27.5672,    27.6228      
# span 21 =    27.5663,    27.6219      
# span 22 =    34.2998,    34.3589      
# span 23 =    27.5676,    27.6228      
# span 24 =    1445.68,    1450.83      
# span 25 =    1445.68,    1450.83      
# span 26 =    -0.7492,    -0.5465      
# span 27 =  1027.5821,  1029.3466      
# span 28 =    34.4625,    34.5269      
# span 29 = 0.0000e+00, 0.0000e+00      
# interval = decibars: 1                
# start_time = Nov 07 2023 12:56:51 [NMEA time, header]
# bad_flag = -9.990e-29
*END*
[from data line 194]
      20164 311.549203  -62.22714  -58.20738     -0.785    1448.15    166.000    164.340    -0.7102    -0.7058     0.0043    -0.7152    -0.7108     0.0043   2.800521   2.800813   0.000273    34.3248    34.3236     7.2829    27.5947    27.5936    34.3242    27.5943    1447.64    1447.66    -0.7151  1028.3940    34.4917 0.0000e+00
      20201 311.549220  -62.22715  -58.20738     -0.666    1448.15    165.000    163.351    -0.7146    -0.7125     0.0021    -0.7196    -0.7174     0.0021   2.800087   2.800189   0.000115    34.3243    34.3235     7.2825    27.5946    27.5938    34.3240    27.5943    1447.60    1447.61    -0.7194  1028.3890    34.4911 0.0000e+00
      20234 311.549237  -62.22716  -58.20738     -0.685    1448.15    164.000    162.361    -0.7143    -0.7125     0.0018    -0.7192    -0.7174     0.0018   2.800047   2.800133   0.000069    34.3241    34.3231     7.2835    27.5944    27.5934    34.3237    27.5940    1447.58    1447.59    -0.7191  1028.3840    34.4909 0.0000e+00
      20262 311.549250  -62.22716  -58.20738     -0.814    1448.15    163.000    161.371    -0.7181    -0.7138     0.0042    -0.7229    -0.7187     0.0042   2.799656   2.799952   0.000297    34.3238    34.3230     7.2948    27.5943    27.5934    34.3233    27.5939    1447.55    1447.57    -0.7228  1028.3753    34.4857 0.0000e+00
      20291 311.549264 -9.990e-29  -58.20736     -0.853    1448.15    162.000    160.382    -0.7188    -0.7174     0.0014    -0.7237    -0.7223     0.0014   2.799580   2.799618   0.000052    34.3241    34.3231     7.2866    27.5945    27.5937    34.3238    27.5943    1447.53    1447.54    -0.7235  1028.3705    34.4856 0.0000e+00
      20328 311.549282 -9.990e-29  -58.20736     -0.694    1448.15    161.000    159.392    -0.7201    -0.7175     0.0025    -0.7249    -0.7224     0.0025   2.799420   2.799557   0.000122    34.3241    34.3229     7.2951    27.5946    27.5935    34.3237    27.5942    1447.51    1447.52    -0.7248  1028.3657    34.4855 0.0000e+00
      20367 311.549300  -62.22718  -58.20734     -0.604    1448.15    160.000    158.403    -0.7252    -0.7216     0.0036    -0.7299    -0.7264     0.0036   2.798850   2.799119   0.000262    34.3233    34.3228     7.2825    27.5942    27.5936    34.3223    27.5934    1447.47    1447.48    -0.7298  1028.3640    34.4891 0.0000e+00
      20398 311.549315  -62.22718  -58.20734     -0.726    1448.15    159.000    157.413    -0.7317    -0.7256     0.0060    -0.7364    -0.7304     0.0060   2.798240   2.798695   0.000466    34.3228    34.3223     7.2881    27.5940    27.5934    34.3221    27.5934    1447.42    1447.45    -0.7363  1028.3596    34.4892 0.0000e+00
      20425 311.549329  -62.22718  -58.20734     -0.856    1448.15    158.000    156.423    -0.7352    -0.7336     0.0016    -0.7399    -0.7383     0.0016   2.797862   2.797953   0.000091    34.3225    34.3220     7.3121    27.5940    27.5935    34.3216    27.5932    1447.38    1447.39    -0.7398  1028.3547    34.4887 0.0000e+00
      20455 311.549343  -62.22718  -58.20734     -0.842    1448.15    157.000    155.433    -0.7391    -0.7365     0.0026    -0.7437    -0.7411     0.0026   2.797492   2.797659   0.000163    34.3225    34.3217     7.3151    27.5941    27.5933    34.3216    27.5933    1447.35    1447.36    -0.7436  1028.3500    34.4887 0.0000e+00
      20491 311.549360  -62.22718  -58.20732     -0.683    1448.15    156.000    154.445    -0.7430    -0.7393     0.0037    -0.7476    -0.7439     0.0037   2.797152   2.797373   0.000220    34.3228    34.3216     7.3250    27.5945    27.5934    34.3221    27.5939    1447.32    1447.33    -0.7475  1028.3458    34.4892 0.0000e+00
      20525 311.549377  -62.22720  -58.20730     -0.674    1448.15    155.000    153.451    -0.7445    -0.7426     0.0019    -0.7491    -0.7472     0.0019   2.796933   2.797023   0.000093    34.3222    34.3212     7.3318    27.5941    27.5932    34.3214    27.5935    1447.29    1447.30    -0.7490  1028.3406    34.4885 0.0000e+00
      20554 311.549391  -62.22720  -58.20730     -0.788    1448.15    154.000    152.465    -0.7448    -0.7440     0.0008    -0.7494    -0.7486     0.0008   2.796872   2.796859   0.000009    34.3219    34.3211     7.3269    27.5939    27.5932    34.3216    27.5936    1447.27    1447.28    -0.7492  1028.3369    34.4898 0.0000e+00
      20584 311.549405  -62.22720 -9.990e-29     -0.823    1448.15    153.000    151.475    -0.7420    -0.7418     0.0002    -0.7466    -0.7464     0.0002   2.797097   2.797016  -0.000079    34.3223    34.3209     7.3218    27.5940    27.5930    34.3221    27.5939    1447.27    1447.27    -0.7464  1028.3329    34.4910 0.0000e+00
      20619 311.549422  -62.22720 -9.990e-29     -0.708    1448.15    152.000    150.485    -0.7363    -0.7390    -0.0026    -0.7408    -0.7435    -0.0026   2.797609   2.797221  -0.000345    34.3227    34.3210     7.3294    27.5941    27.5929    34.3231    27.5945    1447.28    1447.27    -0.7407  1028.3287    34.4920 0.0000e+00
      20657 311.549441  -62.22721  -58.20728     -0.630    1448.15    151.000    149.495    -0.7157    -0.7257    -0.0100    -0.7202    -0.7302    -0.0099   2.799383   2.798392  -0.000934    34.3222    34.3209     7.3262    27.5928    27.5922    34.3244    27.5946    1447.37    1447.32    -0.7201  1028.3230    34.4921 0.0000e+00
      20690 311.549456  -62.22722  -58.20728     -0.708    1448.15    150.000    148.506    -0.6959    -0.7121    -0.0163    -0.7004    -0.7166    -0.0162   2.801136   2.799582  -0.001567    34.3239    34.3212     7.3233    27.5934    27.5919    34.3262    27.5952    1447.45    1447.37    -0.7003  1028.3182    34.4932 0.0000e+00
      20717 311.549470  -62.22722  -58.20728     -0.830    1448.15    149.000    147.516    -0.6837    -0.6837     0.0000    -0.6882    -0.6882     0.0000   2.802103   2.801919  -0.000200    34.3241    34.3214     7.3220    27.5931    27.5908    34.3261    27.5947    1447.49    1447.48    -0.6881  1028.3128    34.4932 0.0000e+00
      20745 311.549483  -62.22722  -58.20726     -0.880    1448.15    148.000    146.526    -0.6753    -0.6761    -0.0008    -0.6797    -0.6805    -0.0008   2.802721   2.802538  -0.000210    34.3239    34.3220     7.3050    27.5925    27.5910    34.3255    27.5938    1447.51    1447.50    -0.6796  1028.3071    34.4925 0.0000e+00
      20775 311.549497  -62.22722  -58.20726     -0.825    1448.15    147.000    145.537    -0.6756    -0.6744     0.0011    -0.6800    -0.6789     0.0011   2.802611   2.802601  -0.000024    34.3238    34.3222     7.2876    27.5925    27.5911    34.3249    27.5934    1447.49    1447.49    -0.6799  1028.3019    34.4920 0.0000e+00
      20805 311.549512  -62.22723  -58.20725     -0.791    1448.15    146.000    144.547    -0.6749    -0.6743     0.0006    -0.6793    -0.6787     0.0006   2.802619   2.802552  -0.000067    34.3238    34.3222     7.2727    27.5924    27.5912    34.3249    27.5933    1447.48    1447.48    -0.6792  1028.2971    34.4919 0.0000e+00
      20834 311.549526  -62.22724  -58.20724     -0.818    1448.15    145.000    143.557    -0.6729    -0.6726     0.0003    -0.6772    -0.6769     0.0003   2.802745   2.802651  -0.000103    34.3239    34.3222     7.2755    27.5924    27.5910    34.3249    27.5932    1447.47    1447.47    -0.6772  1028.2922    34.4919 0.0000e+00
      20864 311.549540  -62.22724  -58.20724     -0.804    1448.15    144.000    142.568    -0.6724    -0.6717     0.0007    -0.6767    -0.6761     0.0007   2.802721   2.802674  -0.000049    34.3238    34.3224     7.2728    27.5923    27.5912    34.3246    27.5930    1447.46    1447.46    -0.6766  1028.2872    34.4917 0.0000e+00
      20895 311.549555  -62.22724  -58.20723     -0.783    1448.15    143.000    141.578    -0.6724    -0.6715     0.0009    -0.6767    -0.6758     0.0009   2.802659   2.802639  -0.000028    34.3239    34.3225     7.2708    27.5924    27.5912    34.3244    27.5928    1447.44    1447.44    -0.6766  1028.2822    34.4914 0.0000e+00
      20926 311.549570  -62.22724  -58.20722     -0.783    1448.15    142.000    140.588    -0.6738    -0.6722     0.0016    -0.6780    -0.6765     0.0016   2.802488   2.802523   0.000029    34.3239    34.3226     7.2698    27.5925    27.5913    34.3243    27.5928    1447.42    1447.42    -0.6780  1028.2774    34.4913 0.0000e+00
      20957 311.549585  -62.22724  -58.20722     -0.763    1448.15    141.000    139.598    -0.6742    -0.6732     0.0010    -0.6784    -0.6774     0.0010   2.802395   2.802386  -0.000012    34.3238    34.3225     7.2703    27.5924    27.5913    34.3242    27.5927    1447.40    1447.40    -0.6783  1028.2725    34.4911 0.0000e+00
      20986 311.549599  -62.22726  -58.20722     -0.808    1448.15    140.000    138.609    -0.6755    -0.6742     0.0013    -0.6797    -0.6784     0.0013   2.802202   2.802229   0.000016    34.3235    34.3222     7.2647    27.5922    27.5911    34.3236    27.5923    1447.37    1447.38    -0.6796  1028.2674    34.4906 0.0000e+00
      21011 311.549611  -62.22726  -58.20720     -0.897    1448.15    139.000    137.619    -0.6774    -0.6761     0.0014    -0.6816    -0.6802     0.0014   2.801934   2.801987   0.000046    34.3230    34.3221     7.2618    27.5919    27.5911    34.3228    27.5917    1447.35    1447.35    -0.6815  1028.2620    34.4898 0.0000e+00
      21037 311.549624  -62.22726  -58.20720     -0.946    1448.15    138.000    136.629    -0.6830    -0.6820     0.0010    -0.6872    -0.6862     0.0010   2.801364   2.801358  -0.000006    34.3226    34.3213     7.2684    27.5918    27.5907    34.3221    27.5914    1447.31    1447.31    -0.6870  1028.2569    34.4890 0.0000e+00
      21065 311.549637  -62.22726  -58.20720     -0.896    1448.15    137.000    135.640    -0.6847    -0.6838     0.0009    -0.6888    -0.6879     0.0009   2.801154   2.801157   0.000017    34.3217    34.3209     7.2650    27.5911    27.5904    34.3217    27.5912    1447.28    1447.28    -0.6887  1028.2519    34.4887 0.0000e+00
      21097 311.549653  -62.22726  -58.20719     -0.764    1448.15    136.000    134.650    -0.6814    -0.6808     0.0006    -0.6855    -0.6849     0.0006   2.801334   2.801313  -0.000022    34.3210    34.3200     7.2686    27.5904    27.5896    34.3211    27.5905    1447.28    1447.28    -0.6854  1028.2465    34.4880 0.0000e+00
      21129 311.549668  -62.22728  -58.20718     -0.736    1448.15    135.000    133.660    -0.6803    -0.6799     0.0004    -0.6844    -0.6840     0.0004   2.801345   2.801294  -0.000051    34.3206    34.3195     7.2843    27.5900    27.5891    34.3206    27.5900    1447.27    1447.27    -0.6842  1028.2412    34.4875 0.0000e+00
      21156 311.549681  -62.22728  -58.20718     -0.846    1448.15    134.000    132.671    -0.6793    -0.6794    -0.0002    -0.6833    -0.6834    -0.0002   2.801389   2.801277  -0.000105    34.3205    34.3192     7.3005    27.5899    27.5889    34.3206    27.5900    1447.26    1447.25    -0.6832  1028.2365    34.4875 0.0000e+00
      21181 311.549693  -62.22728  -58.20717     -0.942    1448.15    133.000    131.681    -0.6782    -0.6781     0.0001    -0.6822    -0.6821     0.0001   2.801451   2.801364  -0.000085    34.3207    34.3194     7.2985    27.5900    27.5890    34.3209    27.5902    1447.25    1447.24    -0.6821  1028.2318    34.4878 0.0000e+00
      21211 311.549708  -62.22728  -58.20716     -0.852    1448.15    132.000    130.691    -0.6785    -0.6771     0.0014    -0.6825    -0.6811     0.0014   2.801380   2.801405   0.000014    34.3209    34.3196     7.3055    27.5903    27.5891    34.3209    27.5902    1447.23    1447.23    -0.6824  1028.2270    34.4878 0.0000e+00
      21246 311.549725  -62.22728  -58.20716     -0.681    1448.15    131.000    129.701    -0.6793    -0.6782     0.0011    -0.6832    -0.6821     0.0011   2.801268   2.801262  -0.000002    34.3209    34.3196     7.2969    27.5902    27.5891    34.3209    27.5902    1447.21    1447.21    -0.6831  1028.2226    34.4882 0.0000e+00
      21275 311.549739  -62.22730 -9.990e-29     -0.771    1448.15    130.000    128.711    -0.6800    -0.6787     0.0014    -0.6839    -0.6825     0.0014   2.801128   2.801154   0.000025    34.3205    34.3193     7.2875    27.5900    27.5889    34.3204    27.5899    1447.19    1447.19    -0.6838  1028.2183    34.4887 0.0000e+00
      21299 311.549750  -62.22730 -9.990e-29     -0.933    1448.15    129.000    127.722    -0.6805    -0.6795     0.0011    -0.6844    -0.6834     0.0010   2.801046   2.801061   0.000014    34.3206    34.3196     7.2869    27.5900    27.5892    34.3205    27.5900    1447.17    1447.17    -0.6843  1028.2136    34.4888 0.0000e+00
      21323 311.549762  -62.22730 -9.990e-29     -1.015    1448.15    128.000    126.732    -0.6823    -0.6809     0.0014    -0.6862    -0.6848     0.0014   2.800843   2.800860   0.000024    34.3207    34.3195     7.3057    27.5902    27.5892    34.3204    27.5900    1447.14    1447.15    -0.6860  1028.2088    34.4886 0.0000e+00
      21350 311.549775  -62.22730  -58.20714     -0.933    1448.15    127.000    125.742    -0.6838    -0.6825     0.0013    -0.6876    -0.6862     0.0013   2.800655   2.800691   0.000023    34.3205    34.3193     7.3128    27.5901    27.5891    34.3202    27.5898    1447.12    1447.13    -0.6875  1028.2034    34.4877 0.0000e+00
      21383 311.549791  -62.22730  -58.20714     -0.762    1448.15    126.000    124.752    -0.6854    -0.6835     0.0018    -0.6891    -0.6873     0.0018   2.800485   2.800547   0.000068    34.3205    34.3193     7.3068    27.5901    27.5891    34.3203    27.5900    1447.10    1447.10    -0.6891  1028.1982    34.4871 0.0000e+00
      21414 311.549805  -62.22732  -58.20712     -0.753    1448.15    125.000    123.762    -0.6861    -0.6852     0.0009    -0.6898    -0.6889     0.0009   2.800356   2.800347  -0.000011    34.3202    34.3190     7.3107    27.5900    27.5890    34.3200    27.5898    1447.08    1447.08    -0.6897  1028.1932    34.4868 0.0000e+00
      21441 311.549819  -62.22732  -58.20712     -0.847    1448.15    124.000    122.772    -0.6872    -0.6852     0.0021    -0.6909    -0.6889     0.0021   2.800195   2.800293   0.000091    34.3200    34.3189     7.3174    27.5899    27.5889    34.3197    27.5896    1447.05    1447.06    -0.6908  1028.1883    34.4865 0.0000e+00
      21471 311.549833  -62.22732  -58.20711     -0.832    1448.15    123.000    121.783    -0.6882    -0.6864     0.0019    -0.6919    -0.6900     0.0019   2.800056   2.800133   0.000077    34.3199    34.3188     7.3130    27.5898    27.5889    34.3196    27.5895    1447.03    1447.04    -0.6918  1028.1834    34.4864 0.0000e+00
      21505 311.549849  -62.22732  -58.20710     -0.720    1448.15    122.000    120.793    -0.6888    -0.6879     0.0010    -0.6925    -0.6915     0.0010   2.799944   2.799937  -0.000001    34.3196    34.3184     7.3155    27.5896    27.5886    34.3194    27.5894    1447.01    1447.02    -0.6923  1028.1784    34.4861 0.0000e+00
      21533 311.549863  -62.22732  -58.20710     -0.785    1448.15    121.000    119.803    -0.6887    -0.6880     0.0007    -0.6923    -0.6916     0.0007   2.799896   2.799870  -0.000027    34.3194    34.3182     7.3222    27.5894    27.5884    34.3192    27.5893    1447.00    1447.00    -0.6922  1028.1735    34.4860 0.0000e+00
      21558 311.549875  -62.22732  -58.20710     -0.916    1448.15    120.000    118.813    -0.6892    -0.6881     0.0011    -0.6927    -0.6916     0.0011   2.799767   2.799795   0.000027    34.3189    34.3180     7.3200    27.5890    27.5883    34.3186    27.5888    1446.98    1446.98    -0.6927  1028.1690    34.4863 0.0000e+00
