Pos-Processados/process_op42/Processamento_split/up/uoperantar42_044.cnv
* Sea-Bird SBE 9 Data File:
* FileName = C:\Users\Hidrografia\Desktop\OPXLII\Brutos\OP42044.hdr
* Software Version Seasave V 7.26.7.107
* Temperature SN = 6502
* Conductivity SN = 4998
* Number of Bytes Per Scan = 37
* Number of Voltage Words = 4
* Number of Scans Averaged by the Deck Unit = 1
* NMEA Latitude = 62 08.87 S
* NMEA Longitude = 058 26.12 W
* NMEA UTC (Time) = Nov 09 2023 19:07:43
* NMEA baud rate = 4800
** H41
** NPOALTEMAXIMIANO
** NUMERO DA ESTACAO (XXX) 044
** LAT (XX XX.XX S/N) 62 08.851 S
** LONG (XXX XX.XX W/E) 058 26.159 W
** DATAHORA (dd/mm/aaaa hh:mm Z) 09/11/2023 1907Z
** PROFUNDIDADE (m) 375
** OPERADOR CT FABIREZA
# nquan = 30
# nvalues = 365                         
# units = specified
# name 0 = scan: Scan Count
# name 1 = timeJ: Julian Days
# name 2 = latitude: Latitude [deg]
# name 3 = longitude: Longitude [deg]
# name 4 = dz/dtM: Descent Rate [m/s]
# name 5 = avgsvCM: Average Sound Velocity [Chen-Millero, m/s]
# name 6 = prDM: Pressure, Digiquartz [db]
# name 7 = depSM: Depth [salt water, m]
# name 8 = t090C: Temperature [ITS-90, deg C]
# name 9 = t190C: Temperature, 2 [ITS-90, deg C]
# name 10 = T2-T190C: Temperature Difference, 2 - 1 [ITS-90, deg C]
# name 11 = potemp090C: Potential Temperature [ITS-90, deg C]
# name 12 = potemp190C: Potential Temperature, 2 [ITS-90, deg C]
# name 13 = potemp90Cdiff: Potential Temperature, Diff, 2 - 1 [ITS-90, deg C]
# name 14 = c0S/m: Conductivity [S/m]
# name 15 = c1S/m: Conductivity, 2 [S/m]
# name 16 = C2-C1S/m: Conductivity Difference, 2 - 1 [S/m]
# name 17 = sal00: Salinity, Practical [PSU]
# name 18 = sal11: Salinity, Practical, 2 [PSU]
# name 19 = sbeox0ML/L: Oxygen, SBE 43 [ml/l]
# name 20 = sigma-é00: Density [sigma-theta, kg/m^3]
# name 21 = sigma-é11: Density, 2 [sigma-theta, kg/m^3]
# name 22 = sal00: Salinity, Practical [PSU]
# name 23 = sigma-é00: Density [sigma-theta, kg/m^3]
# name 24 = svCM: Sound Velocity [Chen-Millero, m/s]
# name 25 = svCM1: Sound Velocity, 2 [Chen-Millero, m/s]
# name 26 = gsw_ptA0: potential temperature [ITS-90, deg C]
# name 27 = gsw_densityA0: density, TEOS-10 [density, kg/m^3]
# name 28 = gsw_saA0: Absolute Salinity [g/kg]
# name 29 = flag:
# span 0 =      13822,      26317       
# span 1 = 313.803691, 313.809716       
# span 2 =  -62.15508,  -62.15170       
# span 3 =  -58.43105,  -58.42833       
# span 4 =     -1.160,     -0.078       
# span 5 =    1448.19,    1448.19       
# span 6 =      3.000,    367.000       
# span 7 =      2.986,    363.155       
# span 8 =    -0.8036,    -0.4617       
# span 9 =    -0.8027,    -0.4611       
# span 10 =    -0.0053,     0.0081      
# span 11 =    -0.8107,    -0.4619      
# span 12 =    -0.8098,    -0.4613      
# span 13 =    -0.0053,     0.0080      
# span 14 =   2.794792,   2.817846      
# span 15 =   2.794770,   2.817786      
# span 16 =  -0.000503,   0.000660      
# span 17 =    34.2821,    34.3564      
# span 18 =    34.2806,    34.3553      
# span 19 =     7.0715,     7.6398      
# span 20 =    27.5501,    27.6178      
# span 21 =    27.5490,    27.6168      
# span 22 =    34.2832,    34.3564      
# span 23 =    27.5502,    27.6178      
# span 24 =    1446.08,    1451.28      
# span 25 =    1446.08,    1451.28      
# span 26 =    -0.8105,    -0.4619      
# span 27 =  1027.5692,  1029.3738      
# span 28 =    34.4485,    34.5243      
# span 29 = 0.0000e+00, 0.0000e+00      
# interval = decibars: 1                
# start_time = Nov 09 2023 19:07:43 [NMEA time, header]
# bad_flag = -9.990e-29
*END*
[from data line 146]
      18439 313.805917  -62.15294  -58.42982     -0.835    1448.19    221.000    218.762    -0.7703    -0.7708    -0.0004    -0.7769    -0.7774    -0.0004   2.796432   2.796301  -0.000116    34.3025    34.3015     7.4744    27.5793    27.5785    34.3033    27.5799    1448.22    1448.22    -0.7768  1028.6424    34.4705 0.0000e+00
      18465 313.805930  -62.15296  -58.42982     -0.896    1448.19    220.000    217.773    -0.7643    -0.7672    -0.0029    -0.7709    -0.7738    -0.0029   2.796855   2.796542  -0.000298    34.3017    34.3009     7.4670    27.5784    27.5779    34.3028    27.5792    1448.23    1448.22    -0.7707  1028.6369    34.4700 0.0000e+00
      18491 313.805943  -62.15296  -58.42981     -0.937    1448.19    219.000    216.784    -0.7612    -0.7626    -0.0013    -0.7678    -0.7691    -0.0013   2.797043   2.796825  -0.000220    34.3019    34.3004     7.4637    27.5784    27.5773    34.3024    27.5788    1448.23    1448.22    -0.7676  1028.6317    34.4697 0.0000e+00
      18531 313.805961  -62.15296  -58.42980     -0.629    1448.19    218.000    215.794    -0.7606    -0.7625    -0.0019    -0.7672    -0.7691    -0.0019   2.797048   2.796810  -0.000244    34.3018    34.3006     7.4729    27.5783    27.5774    34.3024    27.5788    1448.22    1448.21    -0.7670  1028.6269    34.4697 0.0000e+00
      18567 313.805979  -62.15298  -58.42980     -0.641    1448.19    217.000    214.805    -0.7557    -0.7560    -0.0003    -0.7622    -0.7626    -0.0003   2.797380   2.797245  -0.000132    34.3012    34.2998     7.4683    27.5776    27.5765    34.3020    27.5782    1448.22    1448.22    -0.7621  1028.6215    34.4692 0.0000e+00
      18599 313.805994  -62.15298  -58.42979     -0.732    1448.19    216.000    213.816    -0.7540    -0.7535     0.0006    -0.7605    -0.7600     0.0006   2.797459   2.797411  -0.000053    34.3012    34.2999     7.4774    27.5776    27.5764    34.3017    27.5780    1448.21    1448.21    -0.7603  1028.6165    34.4690 0.0000e+00
      18625 313.806007  -62.15299  -58.42978     -0.864    1448.19    215.000    212.826    -0.7528    -0.7525     0.0003    -0.7592    -0.7589     0.0003   2.797494   2.797437  -0.000061    34.3009    34.2997     7.4843    27.5773    27.5763    34.3014    27.5777    1448.20    1448.20    -0.7591  1028.6114    34.4686 0.0000e+00
      18651 313.806019  -62.15300  -58.42978     -0.934    1448.19    214.000    211.837    -0.7522    -0.7518     0.0005    -0.7587    -0.7582     0.0005   2.797500   2.797442  -0.000057    34.3010    34.2997     7.4814    27.5773    27.5762    34.3015    27.5777    1448.19    1448.19    -0.7585  1028.6067    34.4687 0.0000e+00
      18677 313.806032  -62.15300  -58.42976     -0.908    1448.19    213.000    210.847    -0.7517    -0.7513     0.0004    -0.7581    -0.7577     0.0004   2.797513   2.797428  -0.000079    34.3011    34.2996     7.4779    27.5774    27.5761    34.3017    27.5778    1448.18    1448.17    -0.7579  1028.6020    34.4689 0.0000e+00
      18704 313.806045  -62.15302  -58.42976     -0.900    1448.19    212.000    209.858    -0.7451    -0.7485    -0.0034    -0.7515    -0.7549    -0.0034   2.797957   2.797607  -0.000338    34.2999    34.2992     7.4795    27.5761    27.5757    34.3008    27.5769    1448.19    1448.17    -0.7513  1028.5962    34.4680 0.0000e+00
      18733 313.806059  -62.15302  -58.42975     -0.864    1448.19    211.000    208.869    -0.7374    -0.7395    -0.0021    -0.7437    -0.7458    -0.0021   2.798533   2.798261  -0.000269    34.2993    34.2980     7.4734    27.5753    27.5743    34.3004    27.5762    1448.21    1448.20    -0.7436  1028.5878    34.4640 0.0000e+00
      18763 313.806074 -9.990e-29  -58.42974     -0.783    1448.19    210.000    207.879    -0.7326    -0.7338    -0.0013    -0.7389    -0.7401    -0.0013   2.798865   2.798659  -0.000197    34.2990    34.2978     7.4779    27.5749    27.5739    34.3001    27.5758    1448.21    1448.21    -0.7388  1028.5811    34.4618 0.0000e+00
      18790 313.806087 -9.990e-29  -58.42973     -0.843    1448.19    209.000    206.890    -0.7257    -0.7286    -0.0028    -0.7320    -0.7349    -0.0028   2.799378   2.799034  -0.000345    34.2988    34.2974     7.4747    27.5744    27.5734    34.2999    27.5753    1448.23    1448.21    -0.7319  1028.5758    34.4616 0.0000e+00
      18816 313.806099  -62.15304  -58.42972     -0.926    1448.19    208.000    205.901    -0.7225    -0.7244    -0.0020    -0.7288    -0.7307    -0.0020   2.799564   2.799309  -0.000246    34.2983    34.2972     7.4717    27.5739    27.5731    34.2993    27.5747    1448.23    1448.22    -0.7286  1028.5713    34.4621 0.0000e+00
      18852 313.806117  -62.15306 -9.990e-29     -0.720    1448.19    207.000    204.911    -0.7223    -0.7260    -0.0037    -0.7285    -0.7322    -0.0037   2.799529   2.799160  -0.000382    34.2986    34.2977     7.4712    27.5741    27.5735    34.2993    27.5747    1448.21    1448.20    -0.7284  1028.5718    34.4687 0.0000e+00
      18891 313.806135  -62.15306 -9.990e-29     -0.615    1448.19    206.000    203.922    -0.7208    -0.7204     0.0005    -0.7270    -0.7266     0.0005   2.799611   2.799531  -0.000081    34.2986    34.2970     7.4771    27.5741    27.5727    34.2993    27.5746    1448.20    1448.20    -0.7269  1028.5671    34.4688 0.0000e+00
      18930 313.806154  -62.15308  -58.42970     -0.616    1448.19    205.000    202.932    -0.7187    -0.7189    -0.0002    -0.7249    -0.7251    -0.0002   2.799721   2.799602  -0.000121    34.2985    34.2971     7.4744    27.5739    27.5727    34.2990    27.5743    1448.20    1448.20    -0.7247  1028.5608    34.4672 0.0000e+00
      18967 313.806172  -62.15308  -58.42970     -0.622    1448.19    204.000    201.943    -0.7174    -0.7169     0.0005    -0.7236    -0.7231     0.0005   2.799790   2.799731  -0.000071    34.2985    34.2970     7.4787    27.5738    27.5726    34.2991    27.5743    1448.19    1448.19    -0.7234  1028.5553    34.4663 0.0000e+00
      18996 313.806186  -62.15310  -58.42968     -0.797    1448.19    203.000    200.953    -0.7149    -0.7145     0.0004    -0.7210    -0.7206     0.0004   2.799941   2.799871  -0.000070    34.2983    34.2969     7.4795    27.5736    27.5724    34.2989    27.5740    1448.18    1448.18    -0.7209  1028.5502    34.4660 0.0000e+00
      19028 313.806201  -62.15310  -58.42968     -0.773    1448.19    202.000    199.964    -0.7142    -0.7145    -0.0004    -0.7203    -0.7206    -0.0004   2.799948   2.799805  -0.000137    34.2984    34.2969     7.4860    27.5736    27.5724    34.2988    27.5739    1448.17    1448.17    -0.7201  1028.5453    34.4659 0.0000e+00
      19059 313.806216  -62.15312  -58.42966     -0.745    1448.19    201.000    198.975    -0.7121    -0.7122    -0.0000    -0.7182    -0.7183    -0.0000   2.800022   2.799936  -0.000100    34.2977    34.2964     7.4664    27.5730    27.5719    34.2981    27.5733    1448.16    1448.16    -0.7180  1028.5399    34.4652 0.0000e+00
      19085 313.806229  -62.15312  -58.42966     -0.876    1448.19    200.000    197.985    -0.7117    -0.7111     0.0005    -0.7177    -0.7172     0.0005   2.799981   2.799934  -0.000051    34.2973    34.2960     7.4635    27.5726    27.5716    34.2977    27.5729    1448.15    1448.15    -0.7176  1028.5348    34.4648 0.0000e+00
      19113 313.806242  -62.15312  -58.42964     -0.902    1448.19    199.000    196.996    -0.7118    -0.7111     0.0007    -0.7178    -0.7171     0.0007   2.799924   2.799893  -0.000033    34.2973    34.2961     7.4691    27.5726    27.5716    34.2976    27.5728    1448.13    1448.13    -0.7177  1028.5298    34.4646 0.0000e+00
      19154 313.806262 -9.990e-29  -58.42964     -0.613    1448.19    198.000    196.007    -0.7119    -0.7114     0.0006    -0.7179    -0.7174     0.0006   2.799854   2.799827  -0.000031    34.2972    34.2962     7.4869    27.5726    27.5717    34.2974    27.5727    1448.11    1448.11    -0.7177  1028.5207    34.4591 0.0000e+00
      19203 313.806286 -9.990e-29  -58.42964     -0.485    1448.19    197.000    195.017    -0.7121    -0.7113     0.0008    -0.7180    -0.7172     0.0008   2.799797   2.799763  -0.000036    34.2973    34.2959     7.4816    27.5726    27.5714    34.2975    27.5727    1448.10    1448.10    -0.7179  1028.5159    34.4592 0.0000e+00
      19246 313.806306  -62.15316  -58.42962     -0.559    1448.19    196.000    194.027    -0.7122    -0.7115     0.0007    -0.7181    -0.7174     0.0007   2.799745   2.799708  -0.000035    34.2973    34.2961     7.4827    27.5727    27.5716    34.2975    27.5728    1448.08    1448.08    -0.7180  1028.5154    34.4644 0.0000e+00
      19282 313.806324  -62.15316  -58.42962     -0.641    1448.19    195.000    193.038    -0.7122    -0.7114     0.0008    -0.7180    -0.7173     0.0008   2.799702   2.799667  -0.000035    34.2974    34.2960     7.4755    27.5727    27.5715    34.2975    27.5728    1448.06    1448.06    -0.7179  1028.5108    34.4646 0.0000e+00
      19310 313.806337  -62.15318  -58.42960     -0.804    1448.19    194.000    192.048    -0.7120    -0.7114     0.0006    -0.7178    -0.7172     0.0006   2.799659   2.799630  -0.000037    34.2973    34.2961     7.4730    27.5726    27.5716    34.2973    27.5727    1448.05    1448.05    -0.7177  1028.5059    34.4644 0.0000e+00
      19345 313.806354  -62.15318  -58.42960     -0.732    1448.19    193.000    191.059    -0.7123    -0.7114     0.0009    -0.7181    -0.7172     0.0009   2.799566   2.799564 -7.653e-07    34.2970    34.2960     7.4776    27.5723    27.5715    34.2970    27.5724    1448.03    1448.03    -0.7180  1028.5008    34.4641 0.0000e+00
      19377 313.806370  -62.15320  -58.42958     -0.694    1448.19    192.000    190.069    -0.7123    -0.7114     0.0009    -0.7181    -0.7172     0.0009   2.799464   2.799436  -0.000026    34.2963    34.2949     7.4749    27.5718    27.5707    34.2963    27.5718    1448.01    1448.01    -0.7180  1028.4955    34.4634 0.0000e+00
      19403 313.806382  -62.15320  -58.42958     -0.882    1448.19    191.000    189.080    -0.7118    -0.7109     0.0009    -0.7176    -0.7167     0.0009   2.799433   2.799406  -0.000026    34.2959    34.2945     7.4774    27.5714    27.5703    34.2960    27.5715    1448.00    1448.00    -0.7174  1028.4904    34.4630 0.0000e+00
      19427 313.806394  -62.15320  -58.42958     -0.966    1448.19    190.000    188.090    -0.7113    -0.7107     0.0005    -0.7170    -0.7164     0.0005   2.799425   2.799377  -0.000052    34.2958    34.2945     7.4843    27.5714    27.5703    34.2958    27.5714    1447.98    1447.98    -0.7169  1028.4855    34.4629 0.0000e+00
      19452 313.806406  -62.15322  -58.42956     -0.979    1448.19    189.000    187.101    -0.7110    -0.7105     0.0005    -0.7167    -0.7162     0.0005   2.799411   2.799354  -0.000053    34.2959    34.2946     7.4786    27.5714    27.5703    34.2960    27.5715    1447.97    1447.97    -0.7166  1028.4809    34.4631 0.0000e+00
      19482 313.806420  -62.15322  -58.42956     -0.854    1448.19    188.000    186.111    -0.7110    -0.7103     0.0006    -0.7166    -0.7160     0.0006   2.799363   2.799324  -0.000038    34.2958    34.2946     7.4900    27.5714    27.5703    34.2959    27.5714    1447.95    1447.95    -0.7165  1028.4760    34.4630 0.0000e+00
      19516 313.806436  -62.15324  -58.42956     -0.715    1448.19    187.000    185.122    -0.7116    -0.7108     0.0008    -0.7172    -0.7164     0.0008   2.799252   2.799229  -0.000034    34.2960    34.2946     7.4881    27.5715    27.5704    34.2957    27.5713    1447.93    1447.93    -0.7171  1028.4713    34.4630 0.0000e+00
      19548 313.806452  -62.15324 -9.990e-29     -0.737    1448.19    186.000    184.132    -0.7151    -0.7136     0.0015    -0.7206    -0.7191     0.0015   2.798878   2.798928   0.000053    34.2955    34.2945     7.4879    27.5712    27.5704    34.2952    27.5710    1447.90    1447.91    -0.7205  1028.4678    34.4644 0.0000e+00
      19585 313.806470  -62.15324 -9.990e-29     -0.678    1448.19    185.000    183.143    -0.7165    -0.7153     0.0012    -0.7221    -0.7209     0.0012   2.798690   2.798724   0.000031    34.2952    34.2942     7.4850    27.5711    27.5702    34.2949    27.5709    1447.88    1447.88    -0.7219  1028.4629    34.4642 0.0000e+00
      19625 313.806489  -62.15326  -58.42952     -0.597    1448.19    184.000    182.153    -0.7177    -0.7167     0.0010    -0.7232    -0.7222     0.0010   2.798526   2.798527 -4.620e-07    34.2949    34.2938     7.4856    27.5709    27.5699    34.2946    27.5707    1447.85    1447.86    -0.7231  1028.4572    34.4629 0.0000e+00
      19658 313.806505  -62.15326  -58.42952     -0.662    1448.19    183.000    181.164    -0.7198    -0.7183     0.0015    -0.7253    -0.7238     0.0015   2.798235   2.798289   0.000051    34.2942    34.2932     7.4879    27.5704    27.5695    34.2938    27.5700    1447.83    1447.83    -0.7252  1028.4508    34.4608 0.0000e+00
      19689 313.806520  -62.15328  -58.42952     -0.807    1448.19    182.000    180.174    -0.7219    -0.7203     0.0016    -0.7273    -0.7258     0.0016   2.798002   2.798047   0.000051    34.2938    34.2928     7.4952    27.5702    27.5692    34.2936    27.5700    1447.80    1447.81    -0.7272  1028.4460    34.4606 0.0000e+00
      19718 313.806534  -62.15328  -58.42950     -0.792    1448.19    181.000    179.185    -0.7221    -0.7208     0.0013    -0.7275    -0.7262     0.0013   2.797915   2.797949   0.000031    34.2936    34.2925     7.5021    27.5700    27.5691    34.2932    27.5697    1447.78    1447.79    -0.7274  1028.4410    34.4603 0.0000e+00
      19744 313.806546  -62.15329  -58.42950     -0.896    1448.19    180.000    178.195    -0.7233    -0.7226     0.0007    -0.7287    -0.7280     0.0007   2.797763   2.797724  -0.000029    34.2934    34.2923     7.5006    27.5699    27.5689    34.2931    27.5697    1447.76    1447.76    -0.7286  1028.4362    34.4602 0.0000e+00
      19772 313.806560  -62.15330  -58.42949     -0.881    1448.19    179.000    177.205    -0.7227    -0.7221     0.0007    -0.7281    -0.7274     0.0007   2.797780   2.797742  -0.000044    34.2936    34.2922     7.5018    27.5700    27.5689    34.2934    27.5699    1447.75    1447.75    -0.7279  1028.4316    34.4604 0.0000e+00
      19806 313.806576  -62.15330  -58.42948     -0.737    1448.19    178.000    176.216    -0.7230    -0.7221     0.0008    -0.7283    -0.7274     0.0008   2.797719   2.797702  -0.000017    34.2936    34.2924     7.5113    27.5701    27.5690    34.2934    27.5699    1447.73    1447.73    -0.7282  1028.4268    34.4605 0.0000e+00
      19838 313.806592  -62.15332  -58.42948     -0.729    1448.19    177.000    175.227    -0.7239    -0.7227     0.0012    -0.7292    -0.7280     0.0012   2.797588   2.797609   0.000019    34.2936    34.2925     7.5059    27.5701    27.5691    34.2934    27.5699    1447.71    1447.71    -0.7291  1028.4221    34.4604 0.0000e+00
      19869 313.806607  -62.15332  -58.42947     -0.774    1448.19    176.000    174.237    -0.7252    -0.7241     0.0012    -0.7305    -0.7293     0.0012   2.797406   2.797419   0.000020    34.2932    34.2922     7.5115    27.5698    27.5689    34.2930    27.5696    1447.69    1447.69    -0.7303  1028.4170    34.4600 0.0000e+00
      19901 313.806622  -62.15334  -58.42946     -0.748    1448.19    175.000    173.248    -0.7254    -0.7248     0.0007    -0.7306    -0.7300     0.0007   2.797333   2.797306  -0.000025    34.2930    34.2919     7.5048    27.5696    27.5687    34.2928    27.5695    1447.67    1447.67    -0.7305  1028.4121    34.4598 0.0000e+00
