Pos-Processados/process_op42/Processamento_split/up/uoperantar42_003.cnv
* Sea-Bird SBE 9 Data File:
* FileName = C:\Users\Hidrografia\Desktop\OPXLII\Brutos\OP42003.hdr
* Software Version Seasave V 7.26.7.107
* Temperature SN = 6502
* Conductivity SN = 4998
* Number of Bytes Per Scan = 37
* Number of Voltage Words = 4
* Number of Scans Averaged by the Deck Unit = 1
* NMEA Latitude = 38 28.81 S
* NMEA Longitude = 052 09.38 W
* NMEA UTC (Time) = Oct 16 2023 14:11:02
* NMEA baud rate = 4800
** H41
** NPOALTEMAXIMIANO
** NUMERO DA ESTACAO (XXX) 003
** LAT (XX XX.XX S/N) 38 28,767 S
** LONG (XXX XX.XX W/E) 052 09,375 W
** DATAHORA (dd/mm/aaaa hh:mm Z) 16/10/2023 1410 Z
** PROFUNDIDADE (m) 4597
** OPERADOR CHEOPE
# nquan = 30
# nvalues = 1011                        
# units = specified
# name 0 = scan: Scan Count
# name 1 = timeJ: Julian Days
# name 2 = latitude: Latitude [deg]
# name 3 = longitude: Longitude [deg]
# name 4 = dz/dtM: Descent Rate [m/s]
# name 5 = avgsvCM: Average Sound Velocity [Chen-Millero, m/s]
# name 6 = prDM: Pressure, Digiquartz [db]
# name 7 = depSM: Depth [salt water, m]
# name 8 = t090C: Temperature [ITS-90, deg C]
# name 9 = t190C: Temperature, 2 [ITS-90, deg C]
# name 10 = T2-T190C: Temperature Difference, 2 - 1 [ITS-90, deg C]
# name 11 = potemp090C: Potential Temperature [ITS-90, deg C]
# name 12 = potemp190C: Potential Temperature, 2 [ITS-90, deg C]
# name 13 = potemp90Cdiff: Potential Temperature, Diff, 2 - 1 [ITS-90, deg C]
# name 14 = c0S/m: Conductivity [S/m]
# name 15 = c1S/m: Conductivity, 2 [S/m]
# name 16 = C2-C1S/m: Conductivity Difference, 2 - 1 [S/m]
# name 17 = sal00: Salinity, Practical [PSU]
# name 18 = sal11: Salinity, Practical, 2 [PSU]
# name 19 = sbeox0ML/L: Oxygen, SBE 43 [ml/l]
# name 20 = sigma-é00: Density [sigma-theta, kg/m^3]
# name 21 = sigma-é11: Density, 2 [sigma-theta, kg/m^3]
# name 22 = sal00: Salinity, Practical [PSU]
# name 23 = sigma-é00: Density [sigma-theta, kg/m^3]
# name 24 = svCM: Sound Velocity [Chen-Millero, m/s]
# name 25 = svCM1: Sound Velocity, 2 [Chen-Millero, m/s]
# name 26 = gsw_ptA0: potential temperature [ITS-90, deg C]
# name 27 = gsw_densityA0: density, TEOS-10 [density, kg/m^3]
# name 28 = gsw_saA0: Absolute Salinity [g/kg]
# name 29 = flag:
# span 0 =      33929,      71521       
# span 1 = 289.607357, 289.625486       
# span 2 =  -38.50253,  -38.49062       
# span 3 =  -52.15740,  -52.15710       
# span 4 =     -1.689,     -0.120       
# span 5 =    1503.29,    1503.29       
# span 6 =      1.000,   1011.000       
# span 7 =      1.017,   1000.961       
# span 8 =     4.3336,    18.7030       
# span 9 =     4.3347,    18.7037       
# span 10 =    -0.0442,     0.1234      
# span 11 =     4.2550,    18.7020      
# span 12 =     4.2561,    18.7036      
# span 13 =    -0.0441,     0.1229      
# span 14 =   3.266233,   4.809770      
# span 15 =   3.266362,   4.809920      
# span 16 =  -0.008748,   0.011435      
# span 17 =    34.2385,    36.2844      
# span 18 =    34.2381,    36.2855      
# span 19 =     4.4407,     5.2398      
# span 20 =    25.9351,    27.1787      
# span 21 =    25.8771,    27.1784      
# span 22 =    34.2381,    36.2855      
# span 23 =    25.9460,    27.1792      
# span 24 =    1483.26,    1520.88      
# span 25 =    1483.25,    1520.89      
# span 26 =     4.2548,    18.7020      
# span 27 =  1025.9544,  1031.8270      
# span 28 =    34.4001,    36.4569      
# span 29 = 0.0000e+00, 0.0000e+00      
# interval = decibars: 1                
# start_time = Oct 16 2023 14:11:02 [NMEA time, header]
# bad_flag = -9.990e-29
*END*
[from data line 291]
      42570 289.611524  -38.49337  -52.15730     -1.314    1503.29    720.000    713.343     6.8532     6.8562     0.0030     6.7846     6.7876     0.0030   3.494979   3.495171   0.000186    34.4261    34.4251     4.9373    26.9961    26.9950    34.4266    26.9966    1489.22    1489.23     6.7845  1030.2723    34.5903 0.0000e+00
      42612 289.611544  -38.49339  -52.15730     -0.691    1503.29    719.000    712.358     6.8600     6.8610     0.0011     6.7915     6.7925     0.0010   3.495593   3.495615   0.000032    34.4262    34.4255     4.9350    26.9953    26.9946    34.4271    26.9960    1489.23    1489.23     6.7913  1030.2671    34.5908 0.0000e+00
      42659 289.611567  -38.49340  -52.15728     -0.421    1503.29    718.000    711.363     6.8647     6.8650     0.0004     6.7963     6.7966     0.0004   3.495951   3.495924  -0.000016    34.4265    34.4259     4.9382    26.9949    26.9944    34.4268    26.9951    1489.23    1489.23     6.7961  1030.2616    34.5905 0.0000e+00
      42677 289.611576  -38.49340  -52.15728     -0.871    1503.29    717.000    710.374     6.8644     6.8647     0.0003     6.7961     6.7964     0.0003   3.495998   3.495926  -0.000085    34.4270    34.4258     4.9404    26.9953    26.9943    34.4281    26.9962    1489.22    1489.21     6.7959  1030.2581    34.5918 0.0000e+00
      42692 289.611583  -38.49342  -52.15728     -1.247    1503.29    716.000    709.385     6.8672     6.8700     0.0028     6.7990     6.8018     0.0027   3.496205   3.496371   0.000165    34.4272    34.4263     4.9443    26.9950    26.9939    34.4280    26.9957    1489.21    1489.22     6.7988  1030.2531    34.5916 0.0000e+00
      42706 289.611590  -38.49342  -52.15728     -1.519    1503.29    715.000    708.396     6.8696     6.8708     0.0012     6.8015     6.8027     0.0012   3.496365   3.496412   0.000058    34.4272    34.4266     4.9474    26.9947    26.9941    34.4278    26.9952    1489.20    1489.21     6.8013  1030.2481    34.5915 0.0000e+00
      42721 289.611597  -38.49342  -52.15728     -1.665    1503.29    714.000    707.407     6.8703     6.8717     0.0014     6.8023     6.8037     0.0014   3.496390   3.496466   0.000064    34.4274    34.4267     4.9462    26.9948    26.9940    34.4279    26.9952    1489.19    1489.19     6.8021  1030.2435    34.5916 0.0000e+00
      42757 289.611615  -38.49343  -52.15728     -0.976    1503.29    713.000    706.427     6.8735     6.8745     0.0010     6.8055     6.8065     0.0010   3.496687   3.496716   0.000034    34.4278    34.4272     4.9478    26.9946    26.9940    34.4285    26.9952    1489.18    1489.19     6.8054  1030.2389    34.5921 0.0000e+00
      42813 289.611641  -38.49346  -52.15728     -0.292    1503.29    712.000    705.428     6.8794     6.8796     0.0002     6.8115     6.8118     0.0002   3.497192   3.497151  -0.000013    34.4281    34.4278     4.9526    26.9941    26.9938    34.4285    26.9944    1489.19    1489.19     6.8114  1030.2336    34.5922 0.0000e+00
      42832 289.611651  -38.49346  -52.15728     -0.868    1503.29    711.000    704.440     6.8784     6.8783    -0.0002     6.8106     6.8105    -0.0002   3.497151   3.497065  -0.000111    34.4286    34.4276     4.9451    26.9946    26.9938    34.4296    26.9954    1489.17    1489.17     6.8105  1030.2300    34.5933 0.0000e+00
      42848 289.611659  -38.49346  -52.15728     -1.226    1503.29    710.000    703.450     6.8824     6.8845     0.0021     6.8147     6.8168     0.0021   3.497484   3.497610   0.000111    34.4290    34.4281     4.9449    26.9943    26.9934    34.4297    26.9949    1489.17    1489.18     6.8146  1030.2250    34.5934 0.0000e+00
      42864 289.611666  -38.49348  -52.15728     -1.420    1503.29    709.000    702.462     6.8841     6.8861     0.0020     6.8164     6.8184     0.0020   3.497581   3.497724   0.000144    34.4289    34.4285     4.9433    26.9941    26.9934    34.4296    26.9946    1489.16    1489.17     6.8163  1030.2201    34.5933 0.0000e+00
      42881 289.611674  -38.49348  -52.15728     -1.483    1503.29    708.000    701.472     6.8861     6.8876     0.0015     6.8186     6.8201     0.0015   3.497763   3.497842   0.000082    34.4295    34.4288     4.9422    26.9942    26.9935    34.4301    26.9947    1489.15    1489.16     6.8184  1030.2156    34.5937 0.0000e+00
      42908 289.611687  -38.49349  -52.15728     -1.139    1503.29    707.000    700.484     6.8887     6.8891     0.0003     6.8213     6.8216     0.0003   3.497978   3.497951  -0.000019    34.4296    34.4290     4.9462    26.9939    26.9934    34.4303    26.9945    1489.15    1489.15     6.8211  1030.2109    34.5940 0.0000e+00
      42953 289.611709  -38.49350  -52.15728     -0.487    1503.29    706.000    699.494     6.8956     6.8967     0.0011     6.8282     6.8293     0.0011   3.498672   3.498656  -0.000009    34.4306    34.4294     4.9463    26.9938    26.9927    34.4316    26.9945    1489.16    1489.16     6.8280  1030.2063    34.5952 0.0000e+00
      42982 289.611723  -38.49352  -52.15728     -0.688    1503.29    705.000    698.505     6.8981     6.8970    -0.0010     6.8308     6.8298    -0.0010   3.498762   3.498663  -0.000104    34.4301    34.4300     4.9390    26.9930    26.9931    34.4306    26.9934    1489.15    1489.15     6.8306  1030.2006    34.5942 0.0000e+00
      43002 289.611733  -38.49352  -52.15728     -0.994    1503.29    704.000    697.516     6.9001     6.9020     0.0019     6.8329     6.8348     0.0019   3.499025   3.499150   0.000098    34.4311    34.4302     4.9375    26.9935    26.9926    34.4319    26.9942    1489.14    1489.15     6.8327  1030.1968    34.5956 0.0000e+00
      43019 289.611741  -38.49352  -52.15728     -1.234    1503.29    703.000    696.527     6.9026     6.9055     0.0029     6.8355     6.8384     0.0029   3.499250   3.499444   0.000179    34.4315    34.4306     4.9367    26.9935    26.9924    34.4323    26.9942    1489.14    1489.15     6.8353  1030.1923    34.5960 0.0000e+00
      43037 289.611750  -38.49352  -52.15728     -1.358    1503.29    702.000    695.538     6.9058     6.9084     0.0026     6.8388     6.8413     0.0026   3.499566   3.499716   0.000152    34.4321    34.4312     4.9340    26.9935    26.9925    34.4331    26.9943    1489.13    1489.14     6.8386  1030.1878    34.5967 0.0000e+00
      43063 289.611762  -38.49355  -52.15728     -1.146    1503.29    701.000    694.549     6.9108     6.9109     0.0001     6.8438     6.8439     0.0001   3.500004   3.499937  -0.000051    34.4324    34.4317     4.9332    26.9931    26.9925    34.4334    26.9939    1489.14    1489.14     6.8437  1030.1828    34.5970 0.0000e+00
      43104 289.611782  -38.49356  -52.15728     -0.562    1503.29    700.000    693.559     6.9213     6.9207    -0.0005     6.8543     6.8538    -0.0005   3.501017   3.500888  -0.000114    34.4332    34.4325     4.9340    26.9923    26.9918    34.4345    26.9933    1489.16    1489.16     6.8542  1030.1776    34.5982 0.0000e+00
      43135 289.611797  -38.49356  -52.15728     -0.685    1503.29    699.000    692.570     6.9251     6.9235    -0.0015     6.8582     6.8567    -0.0015   3.501255   3.501134  -0.000148    34.4331    34.4330     4.9387    26.9916    26.9918    34.4338    26.9922    1489.16    1489.15     6.8580  1030.1719    34.5975 0.0000e+00
      43158 289.611808  -38.49358  -52.15728     -0.957    1503.29    698.000    691.581     6.9267     6.9290     0.0024     6.8599     6.8622     0.0024   3.501467   3.501624   0.000132    34.4343    34.4334     4.9390    26.9923    26.9913    34.4351    26.9930    1489.15    1489.16     6.8598  1030.1681    34.5987 0.0000e+00
      43180 289.611819  -38.49358  -52.15728     -1.069    1503.29    697.000    690.592     6.9288     6.9314     0.0026     6.8622     6.8647     0.0026   3.501639   3.501832   0.000204    34.4342    34.4339     4.9356    26.9920    26.9914    34.4353    26.9928    1489.14    1489.15     6.8620  1030.1634    34.5989 0.0000e+00
      43207 289.611832  -38.49360  -52.15726     -0.960    1503.29    696.000    689.603     6.9534     6.9474    -0.0060     6.8867     6.8807    -0.0060   3.504235   3.503522  -0.000643    34.4361    34.4350     4.9308    26.9901    26.9901    34.4397    26.9930    1489.23    1489.20     6.8865  1030.1586    34.6034 0.0000e+00
      43241 289.611848  -38.49360  -52.15727     -0.759    1503.29    695.000    688.614     6.9756     6.9700    -0.0056     6.9089     6.9033    -0.0056   3.506370   3.505787  -0.000597    34.4388    34.4378     4.9300    26.9892    26.9893    34.4415    26.9913    1489.30    1489.28     6.9087  1030.1521    34.6052 0.0000e+00
      43268 289.611861  -38.49362  -52.15728     -0.722    1503.29    694.000    687.625     6.9821     6.9811    -0.0010     6.9155     6.9145    -0.0009   3.506699   3.506683  -0.000060    34.4384    34.4387     4.9221    26.9880    26.9884    34.4391    26.9885    1489.31    1489.30     6.9153  1030.1447    34.6027 0.0000e+00
      43286 289.611870  -38.49362  -52.15728     -1.056    1503.29    693.000    686.636     6.9881     6.9939     0.0059     6.9215     6.9273     0.0058   3.507776   3.508151   0.000266    34.4419    34.4389     4.9182    26.9899    26.9868    34.4454    26.9927    1489.32    1489.34     6.9213  1030.1442    34.6091 0.0000e+00
      43302 289.611877  -38.49362  -52.15728     -1.339    1503.29    692.000    685.647     7.0012     7.0085     0.0073     6.9346     6.9419     0.0073   3.508930   3.509407   0.000541    34.4424    34.4411     4.9108    26.9886    26.9865    34.4454    26.9909    1489.36    1489.38     6.9345  1030.1377    34.6091 0.0000e+00
      43317 289.611885  -38.49364  -52.15728     -1.505    1503.29    691.000    684.657     7.0080     7.0168     0.0088     6.9415     6.9502     0.0087   3.509625   3.510332   0.000653    34.4436    34.4421     4.9077    26.9886    26.9861    34.4467    26.9910    1489.37    1489.40     6.9414  1030.1332    34.6104 0.0000e+00
      43335 289.611893  -38.49364  -52.15727     -1.511    1503.29    690.000    683.668     7.0133     7.0267     0.0134     6.9469     6.9603     0.0133   3.510073   3.511230   0.001117    34.4447    34.4436     4.9121    26.9886    26.9859    34.4468    26.9903    1489.37    1489.42     6.9468  1030.1279    34.6105 0.0000e+00
      43361 289.611906  -38.49365  -52.15726     -1.148    1503.29    689.000    682.679     7.0324     7.0350     0.0026     6.9660     6.9686     0.0026   3.512116   3.512155   0.000097    34.4466    34.4451     4.9093    26.9875    26.9860    34.4506    26.9907    1489.43    1489.44     6.9659  1030.1228    34.6135 0.0000e+00
      43398 289.611924 -9.990e-29  -52.15726     -0.669    1503.29    688.000    681.690     7.0583     7.0583     0.0000     6.9918     6.9919     0.0000   3.514549   3.514433  -0.000105    34.4490    34.4478     4.9034    26.9858    26.9849    34.4520    26.9882    1489.52    1489.52     6.9917  1030.1153    34.6148 0.0000e+00
      43431 289.611940 -9.990e-29  -52.15727     -0.653    1503.29    687.000    680.700     7.0644     7.0625    -0.0018     6.9980     6.9962    -0.0018   3.514874   3.514755  -0.000146    34.4486    34.4489     4.8836    26.9847    26.9851    34.4499    26.9857    1489.52    1489.52     6.9979  1030.1082    34.6127 0.0000e+00
      43455 289.611951  -38.49367  -52.15728     -0.920    1503.29    686.000    679.711     7.0604     7.0655     0.0051     6.9942     6.9992     0.0050   3.514758   3.515129   0.000363    34.4502    34.4491     4.8592    26.9864    26.9849    34.4531    26.9887    1489.50    1489.51     6.9940  1030.1074    34.6166 0.0000e+00
      43478 289.611962  -38.49368  -52.15727     -1.033    1503.29    685.000    678.722     7.0675     7.0737     0.0062     7.0013     7.0075     0.0062   3.515297   3.515880   0.000548    34.4505    34.4503     4.8541    26.9857    26.9847    34.4524    26.9872    1489.50    1489.53     7.0011  1030.1013    34.6161 0.0000e+00
      43516 289.611981  -38.49370  -52.15726     -0.711    1503.29    684.000    677.734     7.0884     7.0890     0.0006     7.0222     7.0228     0.0006   3.517429   3.517388  -0.000019    34.4524    34.4516     4.8651    26.9843    26.9836    34.4554    26.9867    1489.57    1489.57     7.0220  1030.0959    34.6191 0.0000e+00
      43554 289.611999  -38.49371  -52.15726     -0.553    1503.29    683.000    676.744     7.0990     7.0946    -0.0044     7.0328     7.0285    -0.0044   3.518248   3.517778  -0.000464    34.4533    34.4526     4.8617    26.9835    26.9836    34.4543    26.9844    1489.60    1489.58     7.0327  1030.0889    34.6180 0.0000e+00
      43573 289.612008  -38.49372  -52.15726     -0.904    1503.29    682.000    675.754     7.0927     7.1017     0.0090     7.0267     7.0356     0.0089   3.518022   3.518621   0.000560    34.4553    34.4525     4.8550    26.9860    26.9825    34.4585    26.9885    1489.56    1489.59     7.0265  1030.0887    34.6222 0.0000e+00
      43589 289.612016  -38.49372  -52.15726     -1.248    1503.29    681.000    674.765     7.1051     7.1151     0.0099     7.0392     7.0490     0.0099   3.518961   3.519822   0.000797    34.4549    34.4537     4.8497    26.9839    26.9816    34.4569    26.9855    1489.59    1489.63     7.0390  1030.0810    34.6206 0.0000e+00
      43607 289.612024  -38.49372  -52.15728     -1.414    1503.29    680.000    673.776     7.1107     7.1199     0.0092     7.0448     7.0539     0.0091   3.519535   3.520247   0.000734    34.4558    34.4547     4.8493    26.9839    26.9818    34.4581    26.9857    1489.60    1489.63     7.0446  1030.0765    34.6218 0.0000e+00
      43639 289.612040  -38.49374  -52.15727     -0.952    1503.29    679.000    672.789     7.1386     7.1382    -0.0004     7.0726     7.0722    -0.0004   3.522185   3.522219   0.000063    34.4554    34.4565     4.8484    26.9797    26.9806    34.4598    26.9832    1489.69    1489.69     7.0725  1030.0691    34.6235 0.0000e+00
      43688 289.612063  -38.49376  -52.15726     -0.409    1503.29    678.000    671.794     7.1823     7.1822    -0.0000     7.1162     7.1161    -0.0000   3.526267   3.526279   0.000021    34.4601    34.4604     4.8291    26.9774    26.9776    34.4614    26.9783    1489.84    1489.85     7.1160  1030.0590    34.6251 0.0000e+00
      43712 289.612075  -38.49376  -52.15726     -0.800    1503.29    677.000    670.808     7.1706     7.1651    -0.0055     7.1047     7.0992    -0.0055   3.525468   3.524872  -0.000610    34.4613    34.4601     4.8247    26.9799    26.9797    34.4647    26.9826    1489.79    1489.77     7.1045  1030.0589    34.6285 0.0000e+00
      43731 289.612084  -38.49376  -52.15726     -1.084    1503.29    676.000    669.819     7.1808     7.1873     0.0065     7.1149     7.1214     0.0064   3.526211   3.526850   0.000553    34.4612    34.4607     4.8120    26.9784    26.9771    34.4631    26.9799    1489.81    1489.84     7.1148  1030.0516    34.6269 0.0000e+00
      43750 289.612093  -38.49378  -52.15726     -1.238    1503.29    675.000    668.829     7.1808     7.1935     0.0127     7.1150     7.1277     0.0127   3.526400   3.527458   0.001051    34.4624    34.4612     4.8101    26.9793    26.9766    34.4657    26.9819    1489.79    1489.84     7.1149  1030.0490    34.6294 0.0000e+00
      43772 289.612104  -38.49378  -52.15726     -1.197    1503.29    674.000    667.840     7.1988     7.2014     0.0027     7.1330     7.1357     0.0027   3.527906   3.528144   0.000282    34.4615    34.4620     4.8159    26.9761    26.9761    34.4647    26.9786    1489.85    1489.86     7.1329  1030.0410    34.6284 0.0000e+00
