Pos-Processados/process_op42/Processamento_split/up/uoperantar42_011.cnv
* Sea-Bird SBE 9 Data File:
* FileName = C:\Users\Hidrografia\Desktop\OPXLII\Brutos\OP42011.hdr
* Software Version Seasave V 7.26.7.107
* Temperature SN = 6502
* Conductivity SN = 4998
* Number of Bytes Per Scan = 31
* Number of Voltage Words = 2
* Number of Scans Averaged by the Deck Unit = 1
* NMEA Latitude = 45 08.67 S
* NMEA Longitude = 055 57.85 W
* NMEA UTC (Time) = Oct 19 2023 08:19:59
* NMEA baud rate = 4800
** H41
** NPOALTEMAXIMIANO
** NUMERO DA ESTACAO (XXX) 011
** LAT (XX XX.XX S/N) 45 5.419 S
** LONG (XXX XX.XX W/E) 055 57.980 W
** DATAHORA (dd/mm/aaaa hh:mm Z) 19/10/2023 0819Z
** PROFUNDIDADE (m) 5475
** OPERADOR CT FILIPE LOPES
# nquan = 30
# nvalues = 1013                        
# units = specified
# name 0 = scan: Scan Count
# name 1 = timeJ: Julian Days
# name 2 = latitude: Latitude [deg]
# name 3 = longitude: Longitude [deg]
# name 4 = dz/dtM: Descent Rate [m/s]
# name 5 = avgsvCM: Average Sound Velocity [Chen-Millero, m/s]
# name 6 = prDM: Pressure, Digiquartz [db]
# name 7 = depSM: Depth [salt water, m]
# name 8 = t090C: Temperature [ITS-90, deg C]
# name 9 = t190C: Temperature, 2 [ITS-90, deg C]
# name 10 = T2-T190C: Temperature Difference, 2 - 1 [ITS-90, deg C]
# name 11 = potemp090C: Potential Temperature [ITS-90, deg C]
# name 12 = potemp190C: Potential Temperature, 2 [ITS-90, deg C]
# name 13 = potemp90Cdiff: Potential Temperature, Diff, 2 - 1 [ITS-90, deg C]
# name 14 = c0S/m: Conductivity [S/m]
# name 15 = c1S/m: Conductivity, 2 [S/m]
# name 16 = C2-C1S/m: Conductivity Difference, 2 - 1 [S/m]
# name 17 = sal00: Salinity, Practical [PSU]
# name 18 = sal11: Salinity, Practical, 2 [PSU]
# name 19 = sbeox0ML/L: Oxygen, SBE 43 [ml/l]
# name 20 = sigma-é00: Density [sigma-theta, kg/m^3]
# name 21 = sigma-é11: Density, 2 [sigma-theta, kg/m^3]
# name 22 = sal00: Salinity, Practical [PSU]
# name 23 = sigma-é00: Density [sigma-theta, kg/m^3]
# name 24 = svCM: Sound Velocity [Chen-Millero, m/s]
# name 25 = svCM1: Sound Velocity, 2 [Chen-Millero, m/s]
# name 26 = gsw_ptA0: potential temperature [ITS-90, deg C]
# name 27 = gsw_densityA0: density, TEOS-10 [density, kg/m^3]
# name 28 = gsw_saA0: Absolute Salinity [g/kg]
# name 29 = flag:
# span 0 =      32686,      64842       
# span 1 = 292.362973, 292.378481       
# span 2 =  -45.15070,  -45.14777       
# span 3 =  -55.95854,  -55.95214       
# span 4 =     -1.502,     -0.121       
# span 5 =    1474.96,    1474.96       
# span 6 =      2.000,   1014.000       
# span 7 =      1.992,   1003.303       
# span 8 =     2.7717,    12.3772       
# span 9 =     2.7723,    12.3793       
# span 10 =    -0.9215,     0.3450      
# span 11 =     2.7047,    12.3715      
# span 12 =     2.7053,    12.3736      
# span 13 =    -0.9211,     0.3449      
# span 14 =   3.125101,   4.051111      
# span 15 =   3.125082,   4.050918      
# span 16 =  -0.094903,   0.038685      
# span 17 =    34.1125,    35.1181      
# span 18 =    34.1102,    35.1137      
# span 19 =     4.0879,     6.5033      
# span 20 =    26.5238,    27.4697      
# span 21 =    26.5237,    27.4693      
# span 22 =    34.1119,    35.1254      
# span 23 =    26.5201,    27.4697      
# span 24 =    1471.40,    1498.97      
# span 25 =    1471.39,    1498.97      
# span 26 =     2.7046,    12.3715      
# span 27 =  1026.5365,  1032.1742      
# span 28 =    34.2731,    35.2914      
# span 29 = 0.0000e+00, 0.0000e+00      
# interval = decibars: 1                
# start_time = Oct 19 2023 08:19:59 [NMEA time, header]
# bad_flag = -9.990e-29
*END*
[from data line 484]
      45539 292.369171  -45.14892  -55.95610     -0.868    1474.96    530.000    525.018     3.6189     3.6202     0.0014     3.5825     3.5839     0.0014   3.177555   3.177563   0.000096    34.1898    34.1894     5.4924    27.1834    27.1831    34.1893    27.1831    1472.67    1472.67     3.5824  1029.6440    34.3526 0.0000e+00
      45562 292.369183  -45.14894  -55.95610     -0.974    1474.96    529.000    524.029     3.6145     3.6100    -0.0045     3.5782     3.5738    -0.0044   3.176999   3.176494  -0.000528    34.1886    34.1869     5.4981    27.1830    27.1821    34.1878    27.1823    1472.63    1472.61     3.5781  1029.6387    34.3510 0.0000e+00
      45584 292.369193  -45.14894  -55.95610     -1.050    1474.96    528.000    523.040     3.6094     3.6099     0.0005     3.5732     3.5737     0.0005   3.176490   3.176409  -0.000071    34.1877    34.1863     5.5052    27.1827    27.1816    34.1876    27.1826    1472.59    1472.59     3.5732  1029.6344    34.3508 0.0000e+00
      45606 292.369204  -45.14894  -55.95608     -1.107    1474.96    527.000    522.050     3.6092     3.6096     0.0004     3.5731     3.5736     0.0004   3.176357   3.176324  -0.000055    34.1871    34.1860     5.5150    27.1822    27.1813    34.1867    27.1819    1472.57    1472.57     3.5731  1029.6291    34.3499 0.0000e+00
      45626 292.369214  -45.14894  -55.95608     -1.147    1474.96    526.000    521.061     3.6107     3.6139     0.0033     3.5747     3.5779     0.0033   3.176506   3.176756   0.000170    34.1871    34.1858     5.5295    27.1821    27.1807    34.1875    27.1824    1472.56    1472.57     3.5746  1029.6249    34.3507 0.0000e+00
      45650 292.369225  -45.14894  -55.95608     -1.102    1474.96    525.000    520.071     3.6207     3.6365     0.0158     3.5847     3.6004     0.0157   3.177417   3.178723   0.001293    34.1873    34.1862     5.5445    27.1813    27.1789    34.1884    27.1822    1472.59    1472.66     3.5846  1029.6200    34.3517 0.0000e+00
      45679 292.369239  -45.14894  -55.95608     -0.889    1474.96    524.000    519.082     3.6363     3.6314    -0.0050     3.6004     3.5954    -0.0049   3.178883   3.178310  -0.000357    34.1872    34.1882     5.5605    27.1797    27.1809    34.1901    27.1820    1472.64    1472.62     3.6003  1029.6149    34.3533 0.0000e+00
      45712 292.369255  -45.14894  -55.95607     -0.733    1474.96    523.000    518.093     3.6686     3.6378    -0.0308     3.6326     3.6019    -0.0307   3.181693   3.179020  -0.002709    34.1884    34.1882     5.5606    27.1775    27.1803    34.1904    27.1790    1472.76    1472.63     3.6325  1029.6069    34.3536 0.0000e+00
      45739 292.369268  -45.14894  -55.95606     -0.822    1474.96    522.000    517.103     3.6722     3.6736     0.0014     3.6362     3.6376     0.0014   3.182048   3.182131  -0.000049    34.1901    34.1880     5.5640    27.1784    27.1766    34.1914    27.1795    1472.76    1472.77     3.6361  1029.6028    34.3547 0.0000e+00
      45763 292.369279  -45.14894  -55.95606     -0.956    1474.96    521.000    516.114     3.6780     3.6814     0.0034     3.6421     3.6455     0.0034   3.182582   3.182757   0.000146    34.1905    34.1887     5.5411    27.1782    27.1765    34.1922    27.1796    1472.77    1472.78     3.6420  1029.5981    34.3555 0.0000e+00
      45789 292.369292 -9.990e-29  -55.95606     -0.949    1474.96    520.000    515.125     3.6790     3.6921     0.0131     3.6432     3.6562     0.0130   3.182604   3.183685   0.001030    34.1905    34.1892     5.5271    27.1781    27.1757    34.1919    27.1792    1472.76    1472.81     3.6431  1029.5918    34.3535 0.0000e+00
      45819 292.369307 -9.990e-29  -55.95606     -0.827    1474.96    519.000    514.135     3.6888     3.6892     0.0004     3.6530     3.6534     0.0004   3.183551   3.183376  -0.000062    34.1911    34.1900     5.5187    27.1776    27.1767    34.1936    27.1796    1472.78    1472.78     3.6529  1029.5874    34.3551 0.0000e+00
      45845 292.369319 -9.990e-29  -55.95604     -0.856    1474.96    518.000    513.146     3.7030     3.6952    -0.0078     3.6672     3.6594    -0.0078   3.184761   3.183942  -0.000822    34.1917    34.1900     5.5149    27.1767    27.1761    34.1937    27.1783    1472.83    1472.79     3.6671  1029.5813    34.3553 0.0000e+00
      45865 292.369329 -9.990e-29  -55.95604     -1.035    1474.96    517.000    512.157     3.7126     3.7220     0.0094     3.6768     3.6861     0.0093   3.185756   3.186441   0.000551    34.1927    34.1894     5.5246    27.1765    27.1730    34.1960    27.1792    1472.85    1472.89     3.6767  1029.5775    34.3576 0.0000e+00
      45884 292.369338  -45.14896  -55.95604     -1.200    1474.96    516.000    511.167     3.7262     3.7348     0.0085     3.6905     3.6990     0.0085   3.186915   3.187435   0.000558    34.1935    34.1913     5.5298    27.1758    27.1732    34.1961    27.1779    1472.90    1472.93     3.6904  1029.5726    34.3593 0.0000e+00
      45904 292.369347  -45.14896  -55.95603     -1.254    1474.96    515.000    510.178     3.7321     3.7373     0.0052     3.6964     3.7016     0.0052   3.187370   3.187743   0.000354    34.1933    34.1921     5.5274    27.1751    27.1736    34.1959    27.1771    1472.90    1472.93     3.6963  1029.5672    34.3591 0.0000e+00
      45926 292.369358  -45.14896  -55.95602     -1.177    1474.96    514.000    509.188     3.7369     3.7416     0.0047     3.7012     3.7059     0.0046   3.187697   3.187997   0.000275    34.1938    34.1922     5.5203    27.1750    27.1732    34.1954    27.1762    1472.91    1472.93     3.7012  1029.5616    34.3586 0.0000e+00
      45953 292.369371  -45.14896  -55.95602     -0.959    1474.96    513.000    508.199     3.7367     3.7333    -0.0035     3.7011     3.6977    -0.0035   3.187761   3.187164  -0.000478    34.1948    34.1928     5.5119    27.1758    27.1745    34.1968    27.1774    1472.89    1472.87     3.7010  1029.5582    34.3600 0.0000e+00
      45986 292.369387  -45.14897  -55.95602     -0.764    1474.96    512.000    507.209     3.7450     3.7344    -0.0105     3.7095     3.6990    -0.0105   3.188369   3.187303  -0.001101    34.1943    34.1922     5.4991    27.1745    27.1739    34.1959    27.1759    1472.91    1472.86     3.7094  1029.5519    34.3591 0.0000e+00
      46017 292.369402  -45.14898  -55.95600     -0.738    1474.96    511.000    506.220     3.7484     3.7491     0.0006     3.7129     3.7136     0.0006   3.188631   3.188559  -0.000094    34.1946    34.1929     5.4952    27.1745    27.1730    34.1960    27.1756    1472.91    1472.91     3.7128  1029.5470    34.3592 0.0000e+00
      46044 292.369415  -45.14898  -55.95600     -0.840    1474.96    510.000    505.231     3.7499     3.7524     0.0025     3.7145     3.7170     0.0025   3.188699   3.188823   0.000110    34.1946    34.1933     5.4983    27.1743    27.1731    34.1958    27.1752    1472.90    1472.91     3.7144  1029.5420    34.3590 0.0000e+00
      46068 292.369426  -45.14898  -55.95600     -0.964    1474.96    509.000    504.241     3.7502     3.7533     0.0031     3.7149     3.7179     0.0031   3.188701   3.188859   0.000156    34.1947    34.1934     5.4910    27.1744    27.1730    34.1960    27.1754    1472.88    1472.89     3.7148  1029.5375    34.3592 0.0000e+00
      46092 292.369438  -45.14898  -55.95600     -1.016    1474.96    508.000    503.252     3.7525     3.7545     0.0019     3.7173     3.7192     0.0019   3.188821   3.188881   0.000057    34.1946    34.1933     5.4893    27.1741    27.1728    34.1956    27.1748    1472.87    1472.88     3.7172  1029.5323    34.3587 0.0000e+00
      46116 292.369450  -45.14898  -55.95598     -0.987    1474.96    507.000    502.262     3.7516     3.7526     0.0010     3.7164     3.7174     0.0010   3.188634   3.188580  -0.000038    34.1943    34.1927     5.4935    27.1739    27.1725    34.1949    27.1743    1472.85    1472.86     3.7163  1029.5272    34.3580 0.0000e+00
      46142 292.369462  -45.14898  -55.95598     -0.940    1474.96    506.000    501.273     3.7492     3.7490    -0.0002     3.7140     3.7139    -0.0002   3.188177   3.188118  -0.000076    34.1923    34.1916     5.4964    27.1725    27.1720    34.1925    27.1726    1472.82    1472.82     3.7140  1029.5210    34.3556 0.0000e+00
      46167 292.369474  -45.14898  -55.95598     -0.948    1474.96    505.000    500.283     3.7459     3.7449    -0.0011     3.7109     3.7098    -0.0011   3.187791   3.187534  -0.000227    34.1916    34.1900     5.5027    27.1723    27.1711    34.1918    27.1724    1472.79    1472.79     3.7108  1029.5162    34.3549 0.0000e+00
      46191 292.369486  -45.14898  -55.95597     -0.994    1474.96    504.000    499.294     3.7437     3.7423    -0.0015     3.7088     3.7073    -0.0015   3.187482   3.187153  -0.000332    34.1908    34.1884     5.5067    27.1719    27.1701    34.1909    27.1719    1472.77    1472.76     3.7087  1029.5111    34.3540 0.0000e+00
      46215 292.369498  -45.14899  -55.95596     -0.994    1474.96    503.000    498.304     3.7424     3.7416    -0.0007     3.7075     3.7068    -0.0007   3.187225   3.186977  -0.000250    34.1898    34.1876     5.5145    27.1712    27.1695    34.1898    27.1712    1472.74    1472.74     3.7074  1029.5058    34.3529 0.0000e+00
      46240 292.369510  -45.14900  -55.95596     -0.963    1474.96    502.000    497.315     3.7404     3.7406     0.0002     3.7056     3.7058     0.0002   3.186884   3.186778  -0.000109    34.1884    34.1870     5.5267    27.1703    27.1691    34.1883    27.1702    1472.72    1472.71     3.7055  1029.5002    34.3514 0.0000e+00
      46264 292.369521  -45.14900  -55.95596     -0.994    1474.96    501.000    496.326     3.7395     3.7395     0.0001     3.7048     3.7048     0.0001   3.186712   3.186567  -0.000147    34.1879    34.1860     5.5342    27.1699    27.1684    34.1878    27.1698    1472.69    1472.69     3.7047  1029.4952    34.3509 0.0000e+00
      46287 292.369532  -45.14900  -55.95595     -1.027    1474.96    500.000    495.336     3.7385     3.7388     0.0004     3.7038     3.7042     0.0004   3.186530   3.186392  -0.000142    34.1872    34.1852     5.5438    27.1695    27.1678    34.1872    27.1694    1472.67    1472.67     3.7038  1029.4902    34.3503 0.0000e+00
      46314 292.369545  -45.14900  -55.95594     -0.957    1474.96    499.000    494.346     3.7379     3.7389     0.0010     3.7033     3.7043     0.0010   3.186372   3.186306  -0.000073    34.1865    34.1845     5.5564    27.1689    27.1673    34.1864    27.1689    1472.65    1472.66     3.7033  1029.4851    34.3495 0.0000e+00
      46344 292.369560  -45.14900  -55.95594     -0.812    1474.96    498.000    493.357     3.7378     3.7389     0.0011     3.7033     3.7044     0.0011   3.186254   3.186330   0.000066    34.1857    34.1853     5.5678    27.1683    27.1679    34.1856    27.1683    1472.64    1472.64     3.7033  1029.4798    34.3487 0.0000e+00
      46373 292.369574  -45.14900  -55.95594     -0.804    1474.96    497.000    492.368     3.7379     3.7389     0.0011     3.7035     3.7045     0.0011   3.186167   3.186197   0.000034    34.1851    34.1844     5.5789    27.1678    27.1671    34.1850    27.1678    1472.62    1472.62     3.7034  1029.4747    34.3481 0.0000e+00
      46402 292.369587  -45.14900 -9.990e-29     -0.845    1474.96    496.000    491.378     3.7379     3.7388     0.0010     3.7035     3.7045     0.0010   3.186071   3.186073   0.000002    34.1845    34.1835     5.5810    27.1674    27.1665    34.1844    27.1673    1472.60    1472.60     3.7035  1029.4697    34.3475 0.0000e+00
      46431 292.369601  -45.14900 -9.990e-29     -0.835    1474.96    495.000    490.389     3.7377     3.7387     0.0009     3.7035     3.7044     0.0009   3.185979   3.185982  -0.000004    34.1841    34.1830     5.5842    27.1670    27.1661    34.1840    27.1670    1472.58    1472.59     3.7034  1029.4647    34.3471 0.0000e+00
      46457 292.369614  -45.14900 -9.990e-29     -0.870    1474.96    494.000    489.399     3.7378     3.7389     0.0011     3.7036     3.7047     0.0011   3.185897   3.185938   0.000047    34.1835    34.1829     5.5887    27.1666    27.1660    34.1835    27.1665    1472.57    1472.57     3.7035  1029.4597    34.3466 0.0000e+00
      46479 292.369625  -45.14901  -55.95591     -0.995    1474.96    493.000    488.410     3.7381     3.7395     0.0015     3.7039     3.7054     0.0014   3.185844   3.185842  -0.000008    34.1832    34.1816     5.5969    27.1662    27.1648    34.1831    27.1662    1472.55    1472.55     3.7039  1029.4547    34.3462 0.0000e+00
      46498 292.369634  -45.14902  -55.95590     -1.140    1474.96    492.000    487.420     3.7392     3.7416     0.0023     3.7052     3.7075     0.0023   3.185820   3.185895   0.000056    34.1820    34.1803     5.5976    27.1652    27.1636    34.1821    27.1653    1472.54    1472.55     3.7051  1029.4492    34.3452 0.0000e+00
      46518 292.369644  -45.14902  -55.95590     -1.221    1474.96    491.000    486.430     3.7415     3.7454     0.0038     3.7075     3.7114     0.0038   3.185894   3.186074   0.000167    34.1810    34.1790     5.5955    27.1642    27.1622    34.1812    27.1643    1472.53    1472.54     3.7074  1029.4435    34.3442 0.0000e+00
      46541 292.369655  -45.14902  -55.95590     -1.150    1474.96    490.000    485.441     3.7422     3.7463     0.0041     3.7083     3.7124     0.0041   3.185894   3.186083   0.000179    34.1808    34.1787     5.6022    27.1640    27.1619    34.1809    27.1640    1472.52    1472.53     3.7082  1029.4386    34.3439 0.0000e+00
      46568 292.369668  -45.14902  -55.95590     -0.950    1474.96    489.000    484.451     3.7425     3.7446     0.0021     3.7087     3.7108     0.0021   3.185903   3.185948   0.000072    34.1810    34.1796     5.6142    27.1641    27.1628    34.1812    27.1643    1472.50    1472.51     3.7086  1029.4342    34.3443 0.0000e+00
      46598 292.369682  -45.14902  -55.95589     -0.815    1474.96    488.000    483.462     3.7463     3.7430    -0.0033     3.7125     3.7093    -0.0032   3.186101   3.185857  -0.000233    34.1798    34.1804     5.6246    27.1627    27.1636    34.1802    27.1631    1472.50    1472.48     3.7124  1029.4284    34.3432 0.0000e+00
      46629 292.369697  -45.14903  -55.95588     -0.789    1474.96    487.000    482.476     3.7504     3.7496    -0.0008     3.7166     3.7158    -0.0008   3.186355   3.186226  -0.000146    34.1792    34.1783     5.6276    27.1618    27.1612    34.1795    27.1621    1472.50    1472.49     3.7166  1029.4227    34.3425 0.0000e+00
      46665 292.369714  -45.14904  -55.95588     -0.685    1474.96    486.000    481.484     3.7522     3.7561     0.0039     3.7185     3.7224     0.0038   3.186467   3.186718   0.000244    34.1790    34.1779     5.6424    27.1615    27.1602    34.1795    27.1619    1472.49    1472.51     3.7185  1029.4179    34.3425 0.0000e+00
      46697 292.369730  -45.14904  -55.95587     -0.710    1474.96    485.000    480.485     3.7572     3.7586     0.0014     3.7236     3.7250     0.0014   3.186886   3.186899   0.000019    34.1791    34.1779     5.6518    27.1611    27.1600    34.1797    27.1616    1472.50    1472.50     3.7235  1029.4129    34.3427 0.0000e+00
      46720 292.369741  -45.14904  -55.95586     -0.896    1474.96    484.000    479.504     3.7603     3.7628     0.0025     3.7267     3.7293     0.0025   3.187069   3.187243   0.000153    34.1783    34.1775     5.6569    27.1602    27.1592    34.1792    27.1609    1472.49    1472.50     3.7267  1029.4075    34.3422 0.0000e+00
