Pos-Processados/process_op42/Processamento_split/up/uoperantar42_013.cnv
* Sea-Bird SBE 9 Data File:
* FileName = C:\Users\Hidrografia\Desktop\OPXLII\Brutos\OP42013.hdr
* Software Version Seasave V 7.26.7.107
* Temperature SN = 6502
* Conductivity SN = 4998
* Number of Bytes Per Scan = 31
* Number of Voltage Words = 2
* Number of Scans Averaged by the Deck Unit = 1
* NMEA Latitude = 46 24.51 S
* NMEA Longitude = 055 54.95 W
* NMEA UTC (Time) = Oct 19 2023 23:00:40
* NMEA baud rate = 4800
** H41
** NPOALTEMAXIMIANO
** NUMERO DA ESTACAO (XXX) 013
** LAT (XX XX.XX S/N) 46 24.500 S
** LONG (XXX XX.XX W/E) 055 54.972 W
** DATAHORA (dd/mm/aaaa hh:mm Z) 19/10/2023 2300Z
** PROFUNDIDADE (m) 5329
** OPERADOR CT FABIREZA
# nquan = 30
# nvalues = 1008                        
# units = specified
# name 0 = scan: Scan Count
# name 1 = timeJ: Julian Days
# name 2 = latitude: Latitude [deg]
# name 3 = longitude: Longitude [deg]
# name 4 = dz/dtM: Descent Rate [m/s]
# name 5 = avgsvCM: Average Sound Velocity [Chen-Millero, m/s]
# name 6 = prDM: Pressure, Digiquartz [db]
# name 7 = depSM: Depth [salt water, m]
# name 8 = t090C: Temperature [ITS-90, deg C]
# name 9 = t190C: Temperature, 2 [ITS-90, deg C]
# name 10 = T2-T190C: Temperature Difference, 2 - 1 [ITS-90, deg C]
# name 11 = potemp090C: Potential Temperature [ITS-90, deg C]
# name 12 = potemp190C: Potential Temperature, 2 [ITS-90, deg C]
# name 13 = potemp90Cdiff: Potential Temperature, Diff, 2 - 1 [ITS-90, deg C]
# name 14 = c0S/m: Conductivity [S/m]
# name 15 = c1S/m: Conductivity, 2 [S/m]
# name 16 = C2-C1S/m: Conductivity Difference, 2 - 1 [S/m]
# name 17 = sal00: Salinity, Practical [PSU]
# name 18 = sal11: Salinity, Practical, 2 [PSU]
# name 19 = sbeox0ML/L: Oxygen, SBE 43 [ml/l]
# name 20 = sigma-é00: Density [sigma-theta, kg/m^3]
# name 21 = sigma-é11: Density, 2 [sigma-theta, kg/m^3]
# name 22 = sal00: Salinity, Practical [PSU]
# name 23 = sigma-é00: Density [sigma-theta, kg/m^3]
# name 24 = svCM: Sound Velocity [Chen-Millero, m/s]
# name 25 = svCM1: Sound Velocity, 2 [Chen-Millero, m/s]
# name 26 = gsw_ptA0: potential temperature [ITS-90, deg C]
# name 27 = gsw_densityA0: density, TEOS-10 [density, kg/m^3]
# name 28 = gsw_saA0: Absolute Salinity [g/kg]
# name 29 = flag:
# span 0 =      31611,      66305       
# span 1 = 292.974040, 292.990771       
# span 2 =  -46.42171,  -46.41468       
# span 3 =  -55.91323,  -55.91078       
# span 4 =     -1.566,     -0.165       
# span 5 =    1468.76,    1468.76       
# span 6 =      4.000,   1011.000       
# span 7 =      4.075,   1000.226       
# span 8 =     2.3875,     5.9232       
# span 9 =     2.3886,     5.9217       
# span 10 =    -0.0109,     0.0386      
# span 11 =     2.3235,     5.9228      
# span 12 =     2.3246,     5.9211      
# span 13 =    -0.0109,     0.0385      
# span 14 =   3.078985,   3.340590      
# span 15 =   3.078953,   3.340564      
# span 16 =  -0.001474,   0.003332      
# span 17 =    33.9843,    34.5846      
# span 18 =    33.9849,    34.5838      
# span 19 =     3.7715,     8.1200      
# span 20 =    26.7651,    27.6126      
# span 21 =    26.7641,    27.6119      
# span 22 =    33.9896,    34.5846      
# span 23 =    26.7652,    27.6126      
# span 24 =    1463.07,    1475.85      
# span 25 =    1463.07,    1475.86      
# span 26 =     2.3234,     5.9228      
# span 27 =  1026.7848,  1032.3114      
# span 28 =    34.1505,    34.7522      
# span 29 = 0.0000e+00, 0.0000e+00      
# interval = decibars: 1                
# start_time = Oct 19 2023 23:00:40 [NMEA time, header]
# bad_flag = -9.990e-29
*END*
      31611 292.974040  -46.41468  -55.91323     -0.445    1468.76   1011.000   1000.226     2.3883     2.3890     0.0007     2.3243     2.3250     0.0007   3.123529   3.123543   0.000014    34.5843    34.5838     3.7806    27.6124    27.6119    34.5844    27.6124    1475.85    1475.86     2.3242  1032.3114    34.7504 0.0000e+00
      31940 292.974199  -46.41476  -55.91320     -0.347    1468.76   1010.000    999.237     2.3875     2.3886     0.0011     2.3235     2.3246     0.0011   3.123430   3.123465   0.000036    34.5846    34.5838     3.7784    27.6126    27.6119    34.5846    27.6126    1475.83    1475.84     2.3234  1032.3050    34.7481 0.0000e+00
      32000 292.974228  -46.41476  -55.91320     -0.442    1468.76   1009.000    998.251     2.3879     2.3888     0.0009     2.3240     2.3249     0.0009   3.123400   3.123435   0.000036    34.5843    34.5838     3.7784    27.6123    27.6118    34.5843    27.6123    1475.82    1475.82     2.3239  1032.3036    34.7522 0.0000e+00
      32030 292.974242  -46.41478  -55.91320     -0.702    1468.76   1008.000    997.267     2.3880     2.3889     0.0010     2.3242     2.3251     0.0010   3.123376   3.123394   0.000019    34.5845    34.5837     3.7830    27.6125    27.6117    34.5844    27.6124    1475.80    1475.80     2.3241  1032.2989    34.7521 0.0000e+00
      32056 292.974255  -46.41478  -55.91319     -0.887    1468.76   1007.000    996.280     2.3888     2.3895     0.0007     2.3251     2.3258     0.0007   3.123390   3.123393   0.000003    34.5842    34.5835     3.7809    27.6122    27.6116    34.5842    27.6122    1475.79    1475.79     2.3250  1032.2941    34.7519 0.0000e+00
      32106 292.974279  -46.41480  -55.91318     -0.493    1468.76   1006.000    995.294     2.3887     2.3894     0.0007     2.3251     2.3257     0.0006   3.123325   3.123346   0.000026    34.5840    34.5836     3.7818    27.6120    27.6116    34.5840    27.6120    1475.77    1475.77     2.3250  1032.2893    34.7517 0.0000e+00
      32151 292.974301  -46.41481  -55.91318     -0.518    1468.76   1005.000    994.306     2.3886     2.3894     0.0008     2.3250     2.3258     0.0008   3.123276   3.123295   0.000019    34.5842    34.5835     3.7811    27.6121    27.6115    34.5841    27.6121    1475.75    1475.76     2.3249  1032.2848    34.7518 0.0000e+00
      32173 292.974311  -46.41482  -55.91318     -0.880    1468.76   1004.000    993.319     2.3889     2.3898     0.0009     2.3254     2.3263     0.0009   3.123241   3.123261   0.000018    34.5839    34.5832     3.7715    27.6119    27.6113    34.5839    27.6119    1475.74    1475.74     2.3253  1032.2800    34.7515 0.0000e+00
      32192 292.974321  -46.41482  -55.91318     -1.121    1468.76   1003.000    992.332     2.3889     2.3900     0.0011     2.3254     2.3265     0.0011   3.123175   3.123211   0.000030    34.5837    34.5830     3.7795    27.6118    27.6110    34.5836    27.6117    1475.72    1475.73     2.3254  1032.2751    34.7513 0.0000e+00
      32213 292.974331  -46.41482  -55.91318     -1.207    1468.76   1002.000    991.345     2.3889     2.3899     0.0010     2.3256     2.3265     0.0010   3.123128   3.123159   0.000037    34.5835    34.5829     3.7830    27.6116    27.6110    34.5835    27.6116    1475.71    1475.71     2.3255  1032.2705    34.7512 0.0000e+00
      32240 292.974343  -46.41482  -55.91318     -1.041    1468.76   1001.000    990.358     2.3889     2.3897     0.0008     2.3256     2.3264     0.0008   3.123077   3.123119   0.000042    34.5835    34.5832     3.7813    27.6116    27.6112    34.5835    27.6116    1475.69    1475.69     2.3255  1032.2658    34.7511 0.0000e+00
      32285 292.974366  -46.41482  -55.91318     -0.486    1468.76   1000.000    989.371     2.3888     2.3897     0.0008     2.3256     2.3264     0.0008   3.123044   3.123071   0.000027    34.5837    34.5831     3.7819    27.6117    27.6112    34.5836    27.6117    1475.67    1475.68     2.3256  1032.2614    34.7513 0.0000e+00
      32318 292.974381  -46.41482  -55.91318     -0.660    1468.76    999.000    988.383     2.3889     2.3898     0.0009     2.3257     2.3266     0.0009   3.122983   3.123018   0.000039    34.5834    34.5829     3.7798    27.6115    27.6110    34.5834    27.6115    1475.66    1475.66     2.3256  1032.2566    34.7510 0.0000e+00
      32340 292.974392  -46.41482  -55.91318     -0.932    1468.76    998.000    987.397     2.3891     2.3901     0.0010     2.3260     2.3270     0.0010   3.122932   3.122969   0.000031    34.5831    34.5825     3.7811    27.6112    27.6106    34.5831    27.6112    1475.64    1475.64     2.3259  1032.2517    34.7507 0.0000e+00
      32359 292.974401  -46.41484  -55.91318     -1.152    1468.76    997.000    986.410     2.3899     2.3907     0.0008     2.3268     2.3277     0.0008   3.122922   3.122956   0.000034    34.5826    34.5821     3.7858    27.6107    27.6103    34.5826    27.6108    1475.62    1475.63     2.3268  1032.2466    34.7503 0.0000e+00
      32380 292.974411  -46.41484  -55.91316     -1.198    1468.76    996.000    985.423     2.3911     2.3920     0.0010     2.3281     2.3291     0.0010   3.122944   3.122986   0.000042    34.5821    34.5816     3.7771    27.6102    27.6097    34.5821    27.6103    1475.61    1475.62     2.3280  1032.2415    34.7498 0.0000e+00
      32411 292.974426  -46.41486  -55.91316     -0.910    1468.76    995.000    984.436     2.3913     2.3918     0.0004     2.3284     2.3289     0.0004   3.122931   3.122930 1.2776e-07    34.5822    34.5817     3.7813    27.6103    27.6099    34.5822    27.6103    1475.60    1475.60     2.3284  1032.2370    34.7499 0.0000e+00
      32446 292.974443  -46.41486  -55.91316     -0.621    1468.76    994.000    983.448     2.3912     2.3918     0.0006     2.3284     2.3290     0.0006   3.122873   3.122889   0.000012    34.5821    34.5816     3.7819    27.6102    27.6098    34.5822    27.6103    1475.58    1475.58     2.3283  1032.2323    34.7498 0.0000e+00
      32466 292.974453  -46.41486  -55.91316     -0.890    1468.76    993.000    982.461     2.3935     2.3947     0.0011     2.3307     2.3319     0.0011   3.122981   3.123009   0.000030    34.5814    34.5805     3.7792    27.6095    27.6087    34.5816    27.6096    1475.57    1475.58     2.3306  1032.2270    34.7492 0.0000e+00
      32481 292.974460  -46.41486  -55.91316     -1.227    1468.76    992.000    981.474     2.3957     2.3963     0.0007     2.3330     2.3336     0.0006   3.123070   3.123052  -0.000021    34.5806    34.5797     3.7782    27.6086    27.6078    34.5809    27.6088    1475.57    1475.57     2.3329  1032.2216    34.7485 0.0000e+00
      32497 292.974468  -46.41488  -55.91316     -1.480    1468.76    991.000    980.487     2.3973     2.3995     0.0021     2.3347     2.3368     0.0021   3.123126   3.123237   0.000091    34.5800    34.5788     3.7774    27.6080    27.6069    34.5803    27.6082    1475.56    1475.56     2.3346  1032.2163    34.7479 0.0000e+00
      32513 292.974475  -46.41488  -55.91316     -1.548    1468.76    990.000    979.501     2.3991     2.4015     0.0024     2.3365     2.3389     0.0024   3.123219   3.123335   0.000119    34.5797    34.5786     3.7797    27.6076    27.6065    34.5800    27.6079    1475.55    1475.55     2.3365  1032.2113    34.7476 0.0000e+00
      32542 292.974489  -46.41488  -55.91316     -1.105    1468.76    989.000    978.516     2.4003     2.4004     0.0001     2.3378     2.3379     0.0001   3.123238   3.123218  -0.000016    34.5794    34.5791     3.7764    27.6072    27.6070    34.5795    27.6074    1475.54    1475.53     2.3377  1032.2062    34.7471 0.0000e+00
      32594 292.974514  -46.41488  -55.91316     -0.303    1468.76    988.000    977.523     2.4017     2.3986    -0.0031     2.3392     2.3361    -0.0031   3.123270   3.123065  -0.000195    34.5786    34.5796     3.7828    27.6066    27.6076    34.5790    27.6068    1475.52    1475.51     2.3392  1032.2010    34.7465 0.0000e+00
      32617 292.974525  -46.41488  -55.91316     -0.774    1468.76    987.000    976.539     2.4024     2.4031     0.0008     2.3400     2.3407     0.0008   3.123277   3.123290   0.000017    34.5786    34.5780     3.7833    27.6065    27.6059    34.5789    27.6067    1475.51    1475.51     2.3399  1032.1962    34.7464 0.0000e+00
      32636 292.974535  -46.41489  -55.91316     -1.086    1468.76    986.000    975.552     2.4062     2.4047    -0.0015     2.3439     2.3424    -0.0015   3.123454   3.123329  -0.000123    34.5770    34.5771     3.7831    27.6048    27.6050    34.5775    27.6052    1475.51    1475.50     2.3438  1032.1901    34.7450 0.0000e+00
      32657 292.974545  -46.41490  -55.91316     -1.202    1468.76    985.000    974.565     2.4078     2.4084     0.0006     2.3455     2.3461     0.0006   3.123494   3.123480  -0.000020    34.5764    34.5756     3.7813    27.6042    27.6035    34.5768    27.6045    1475.50    1475.50     2.3454  1032.1847    34.7443 0.0000e+00
      32683 292.974557  -46.41490  -55.91316     -1.039    1468.76    984.000    973.578     2.4083     2.4077    -0.0006     2.3461     2.3455    -0.0006   3.123470   3.123397  -0.000063    34.5762    34.5760     3.7854    27.6040    27.6039    34.5765    27.6042    1475.48    1475.48     2.3460  1032.1799    34.7440 0.0000e+00
      32713 292.974572  -46.41491  -55.91316     -0.801    1468.76    983.000    972.591     2.4083     2.4075    -0.0009     2.3462     2.3453    -0.0009   3.123427   3.123360  -0.000066    34.5761    34.5762     3.7803    27.6039    27.6041    34.5764    27.6042    1475.47    1475.46     2.3461  1032.1752    34.7440 0.0000e+00
      32737 292.974583  -46.41492  -55.91316     -0.881    1468.76    982.000    971.604     2.4115     2.4110    -0.0005     2.3494     2.3489    -0.0005   3.123601   3.123540  -0.000076    34.5754    34.5751     3.7817    27.6031    27.6029    34.5757    27.6033    1475.46    1475.46     2.3493  1032.1697    34.7432 0.0000e+00
      32756 292.974593  -46.41492  -55.91316     -1.091    1468.76    981.000    970.617     2.4128     2.4155     0.0028     2.3507     2.3534     0.0027   3.123667   3.123777   0.000108    34.5750    34.5734     3.7810    27.6027    27.6011    34.5757    27.6032    1475.45    1475.46     2.3507  1032.1649    34.7432 0.0000e+00
      32775 292.974602  -46.41492  -55.91316     -1.244    1468.76    980.000    969.629     2.4165     2.4171     0.0006     2.3545     2.3551     0.0006   3.123806   3.123799  -0.000005    34.5735    34.5728     3.7825    27.6012    27.6006    34.5739    27.6015    1475.45    1475.45     2.3544  1032.1585    34.7414 0.0000e+00
      32795 292.974611  -46.41492  -55.91316     -1.252    1468.76    979.000    968.642     2.4172     2.4184     0.0012     2.3552     2.3564     0.0012   3.123789   3.123840   0.000047    34.5731    34.5724     3.7810    27.6008    27.6001    34.5735    27.6011    1475.44    1475.44     2.3552  1032.1535    34.7410 0.0000e+00
      32820 292.974623  -46.41494  -55.91316     -1.086    1468.76    978.000    967.655     2.4175     2.4171    -0.0004     2.3556     2.3552    -0.0004   3.123764   3.123718  -0.000041    34.5732    34.5731     3.7867    27.6008    27.6008    34.5734    27.6010    1475.42    1475.42     2.3555  1032.1488    34.7409 0.0000e+00
      32850 292.974638  -46.41494  -55.91315     -0.828    1468.76    977.000    966.668     2.4174     2.4165    -0.0010     2.3557     2.3547    -0.0010   3.123725   3.123653  -0.000071    34.5731    34.5733     3.7819    27.6008    27.6010    34.5735    27.6011    1475.40    1475.40     2.3555  1032.1443    34.7410 0.0000e+00
      32878 292.974651  -46.41494  -55.91314     -0.823    1468.76    976.000    965.681     2.4194     2.4199     0.0005     2.3577     2.3582     0.0005   3.123811   3.123804  -0.000013    34.5727    34.5720     3.7783    27.6003    27.5996    34.5730    27.6005    1475.39    1475.40     2.3576  1032.1390    34.7404 0.0000e+00
      32902 292.974663  -46.41494  -55.91314     -0.941    1468.76    975.000    964.694     2.4196     2.4211     0.0015     2.3579     2.3594     0.0015   3.123792   3.123843   0.000048    34.5728    34.5718     3.7814    27.6003    27.5994    34.5731    27.6006    1475.38    1475.38     2.3578  1032.1345    34.7406 0.0000e+00
      32926 292.974674  -46.41495  -55.91314     -1.006    1468.76    974.000    963.707     2.4206     2.4213     0.0008     2.3589     2.3597     0.0008   3.123804   3.123824   0.000023    34.5725    34.5719     3.7790    27.6000    27.5994    34.5727    27.6002    1475.37    1475.37     2.3589  1032.1295    34.7402 0.0000e+00
      32952 292.974687  -46.41496  -55.91315     -0.967    1468.76    973.000    962.720     2.4205     2.4213     0.0008     2.3589     2.3597     0.0008   3.123753   3.123779   0.000023    34.5726    34.5720     3.7807    27.6000    27.5995    34.5727    27.6002    1475.35    1475.35     2.3589  1032.1249    34.7402 0.0000e+00
      32982 292.974701  -46.41496  -55.91314     -0.843    1468.76    972.000    961.732     2.4207     2.4210     0.0003     2.3592     2.3595     0.0003   3.123735   3.123711  -0.000019    34.5726    34.5721     3.7856    27.6000    27.5996    34.5728    27.6002    1475.33    1475.33     2.3592  1032.1203    34.7402 0.0000e+00
      33012 292.974716  -46.41497  -55.91314     -0.780    1468.76    971.000    960.745     2.4225     2.4212    -0.0014     2.3611     2.3598    -0.0014   3.123823   3.123679  -0.000126    34.5721    34.5720     3.7851    27.5995    27.5995    34.5725    27.5998    1475.32    1475.32     2.3610  1032.1152    34.7399 0.0000e+00
      33041 292.974730  -46.41498  -55.91314     -0.822    1468.76    970.000    959.758     2.4249     2.4221    -0.0028     2.3635     2.3607    -0.0028   3.123972   3.123726  -0.000253    34.5720    34.5719     3.7853    27.5992    27.5993    34.5723    27.5994    1475.32    1475.30     2.3635  1032.1102    34.7397 0.0000e+00
      33069 292.974743  -46.41498  -55.91314     -0.857    1468.76    969.000    958.771     2.4256     2.4257     0.0001     2.3643     2.3644     0.0001   3.123953   3.123920  -0.000043    34.5717    34.5711     3.7804    27.5989    27.5984    34.5718    27.5990    1475.30    1475.30     2.3642  1032.1052    34.7393 0.0000e+00
      33098 292.974757  -46.41498  -55.91314     -0.828    1468.76    968.000    957.784     2.4250     2.4265     0.0015     2.3638     2.3653     0.0015   3.123807   3.123908   0.000090    34.5711    34.5707     3.7844    27.5985    27.5980    34.5712    27.5985    1475.28    1475.29     2.3637  1032.1001    34.7386 0.0000e+00
      33122 292.974769  -46.41500  -55.91314     -0.900    1468.76    967.000    956.797     2.4241     2.4257     0.0016     2.3630     2.3645     0.0015   3.123650   3.123765   0.000114    34.5707    34.5704     3.7865    27.5982    27.5979    34.5707    27.5982    1475.26    1475.27     2.3629  1032.0952    34.7381 0.0000e+00
      33142 292.974779  -46.41500  -55.91314     -1.075    1468.76    966.000    955.810     2.4238     2.4242     0.0003     2.3628     2.3631     0.0003   3.123560   3.123513  -0.000037    34.5706    34.5698     3.7843    27.5982    27.5975    34.5705    27.5981    1475.24    1475.24     2.3627  1032.0905    34.7379 0.0000e+00
      33161 292.974788  -46.41500  -55.91314     -1.222    1468.76    965.000    954.822     2.4226     2.4236     0.0009     2.3616     2.3626     0.0009   3.123377   3.123399   0.000015    34.5701    34.5693     3.7852    27.5978    27.5971    34.5700    27.5978    1475.22    1475.23     2.3616  1032.0857    34.7375 0.0000e+00
      33182 292.974798  -46.41500  -55.91314     -1.218    1468.76    964.000    953.835     2.4225     2.4235     0.0011     2.3615     2.3626     0.0011   3.123300   3.123336   0.000037    34.5698    34.5691     3.7808    27.5976    27.5970    34.5698    27.5976    1475.20    1475.21     2.3615  1032.0809    34.7372 0.0000e+00
