Pos-Processados/process_op42/Processamento_split/up/uoperantar42_024.cnv
* Sea-Bird SBE 9 Data File:
* FileName = C:\Users\Hidrografia\Desktop\OPXLII\Brutos\OP42024.hdr
* Software Version Seasave V 7.26.7.107
* Temperature SN = 6502
* Conductivity SN = 4998
* Number of Bytes Per Scan = 37
* Number of Voltage Words = 4
* Number of Scans Averaged by the Deck Unit = 1
* NMEA Latitude = 62 12.92 S
* NMEA Longitude = 058 19.80 W
* NMEA UTC (Time) = Nov 08 2023 11:02:46
* NMEA baud rate = 4800
** H41
** NPOALTEMAXIMIANO
** NUMERO DA ESTACAO (XXX) 024
** LAT (XX XX.XX S/N) 62 12.60 S
** LONG (XXX XX.XX W/E) 058 20.03 W
** DATAHORA (dd/mm/aaaa hh:mm Z) 08/11/2023 1056Z
** PROFUNDIDADE (m) 482
** OPERADOR CT FILIPE LOPES
# nquan = 30
# nvalues = 414                         
# units = specified
# name 0 = scan: Scan Count
# name 1 = timeJ: Julian Days
# name 2 = latitude: Latitude [deg]
# name 3 = longitude: Longitude [deg]
# name 4 = dz/dtM: Descent Rate [m/s]
# name 5 = avgsvCM: Average Sound Velocity [Chen-Millero, m/s]
# name 6 = prDM: Pressure, Digiquartz [db]
# name 7 = depSM: Depth [salt water, m]
# name 8 = t090C: Temperature [ITS-90, deg C]
# name 9 = t190C: Temperature, 2 [ITS-90, deg C]
# name 10 = T2-T190C: Temperature Difference, 2 - 1 [ITS-90, deg C]
# name 11 = potemp090C: Potential Temperature [ITS-90, deg C]
# name 12 = potemp190C: Potential Temperature, 2 [ITS-90, deg C]
# name 13 = potemp90Cdiff: Potential Temperature, Diff, 2 - 1 [ITS-90, deg C]
# name 14 = c0S/m: Conductivity [S/m]
# name 15 = c1S/m: Conductivity, 2 [S/m]
# name 16 = C2-C1S/m: Conductivity Difference, 2 - 1 [S/m]
# name 17 = sal00: Salinity, Practical [PSU]
# name 18 = sal11: Salinity, Practical, 2 [PSU]
# name 19 = sbeox0ML/L: Oxygen, SBE 43 [ml/l]
# name 20 = sigma-é00: Density [sigma-theta, kg/m^3]
# name 21 = sigma-é11: Density, 2 [sigma-theta, kg/m^3]
# name 22 = sal00: Salinity, Practical [PSU]
# name 23 = sigma-é00: Density [sigma-theta, kg/m^3]
# name 24 = svCM: Sound Velocity [Chen-Millero, m/s]
# name 25 = svCM1: Sound Velocity, 2 [Chen-Millero, m/s]
# name 26 = gsw_ptA0: potential temperature [ITS-90, deg C]
# name 27 = gsw_densityA0: density, TEOS-10 [density, kg/m^3]
# name 28 = gsw_saA0: Absolute Salinity [g/kg]
# name 29 = flag:
# span 0 =      16875,      32356       
# span 1 = 312.468392, 312.475858       
# span 2 =  -62.21294,  -62.21082       
# span 3 =  -58.32361,  -58.31820       
# span 4 =     -1.476,     -0.139       
# span 5 =    1448.57,    1448.57       
# span 6 =      3.000,    416.000       
# span 7 =      2.972,    411.581       
# span 8 =    -0.8436,    -0.4352       
# span 9 =    -0.8428,    -0.4371       
# span 10 =    -0.0097,     0.0142      
# span 11 =    -0.8528,    -0.4497      
# span 12 =    -0.8519,    -0.4516      
# span 13 =    -0.0097,     0.0141      
# span 14 =   2.793522,   2.843785      
# span 15 =   2.793642,   2.843607      
# span 16 =  -0.000962,   0.001392      
# span 17 =    34.2955,    34.4437      
# span 18 =    34.2940,    34.4429      
# span 19 =     6.3353,     7.5371      
# span 20 =    27.5664,    27.6793      
# span 21 =    27.5653,    27.6787      
# span 22 =    34.2955,    34.4423      
# span 23 =    27.5663,    27.6782      
# span 24 =    1445.47,    1453.16      
# span 25 =    1445.47,    1453.15      
# span 26 =    -0.8525,    -0.4495      
# span 27 =  1027.5845,  1029.6632      
# span 28 =    34.4574,    34.6099      
# span 29 = 0.0000e+00, 0.0000e+00      
# interval = decibars: 1                
# start_time = Nov 08 2023 11:02:46 [NMEA time, header]
# bad_flag = -9.990e-29
*END*
      16875 312.468392  -62.21294  -58.32361     -0.559    1448.57    416.000    411.581    -0.4352    -0.4371    -0.0019    -0.4497    -0.4516    -0.0019   2.843785   2.843607  -0.000220    34.4437    34.4429     6.3353    27.6793    27.6787    34.4423    27.6782    1453.16    1453.15    -0.4495  1029.6632    34.6099 0.0000e+00
      17371 312.468631  -62.21285  -58.32343     -0.517    1448.57    415.000    410.603    -0.4706    -0.4612     0.0094    -0.4849    -0.4756     0.0094   2.840437   2.841264   0.000793    34.4394    34.4394     6.3742    27.6774    27.6770    34.4381    27.6764    1452.97    1453.01    -0.4847  1029.6541    34.6020 0.0000e+00
      17468 312.468678  -62.21282  -58.32340     -0.346    1448.57    414.000    409.614    -0.4872    -0.4842     0.0031    -0.5015    -0.4984     0.0031   2.838922   2.839102   0.000219    34.4387    34.4382     6.4124    27.6776    27.6770    34.4372    27.6764    1452.88    1452.89    -0.5012  1029.6488    34.5999 0.0000e+00
      17495 312.468691  -62.21282  -58.32339     -0.753    1448.57    413.000    408.627    -0.4824    -0.4803     0.0021    -0.4967    -0.4945     0.0021   2.839307   2.839393   0.000089    34.4382    34.4369     6.4106    27.6769    27.6758    34.4376    27.6765    1452.88    1452.89    -0.4964  1029.6485    34.6059 0.0000e+00
      17548 312.468716  -62.21282  -58.32336     -0.466    1448.57    412.000    407.639    -0.4956    -0.4833     0.0124    -0.5098    -0.4974     0.0123   2.837927   2.839064   0.001099    34.4367    34.4375     6.4206    27.6764    27.6764    34.4346    27.6746    1452.80    1452.86    -0.5095  1029.6423    34.6030 0.0000e+00
      17597 312.468740  -62.21282  -58.32336     -0.485    1448.57    411.000    406.651    -0.5176    -0.5179    -0.0003    -0.5316    -0.5320    -0.0003   2.835844   2.835783 1.1215e-07    34.4331    34.4335     6.4259    27.6744    27.6748    34.4321    27.6736    1452.68    1452.67    -0.5314  1029.6368    34.6006 0.0000e+00
      17618 312.468750  -62.21282  -58.32336     -0.876    1448.57    410.000    405.662    -0.5282    -0.5278     0.0004    -0.5421    -0.5417     0.0004   2.834560   2.834642   0.000107    34.4309    34.4319     6.4239    27.6731    27.6739    34.4275    27.6703    1452.61    1452.61    -0.5419  1029.6289    34.5959 0.0000e+00
      17638 312.468760  -62.21281  -58.32335     -1.141    1448.57    409.000    404.673    -0.5408    -0.5449    -0.0041    -0.5547    -0.5588    -0.0041   2.833367   2.832921  -0.000242    34.4296    34.4310     6.4463    27.6726    27.6739    34.4264    27.6700    1452.53    1452.51    -0.5544  1029.6241    34.5948 0.0000e+00
      17675 312.468778  -62.21280  -58.32333     -0.813    1448.57    408.000    403.686    -0.5539    -0.5554    -0.0014    -0.5677    -0.5691    -0.0014   2.832328   2.832171  -0.000226    34.4307    34.4293     6.4743    27.6741    27.6730    34.4278    27.6718    1452.45    1452.45    -0.5674  1029.6212    34.5963 0.0000e+00
      17754 312.468816  -62.21278  -58.32330     -0.190    1448.57    407.000    402.694    -0.5787    -0.5735     0.0052    -0.5924    -0.5872     0.0052   2.829755   2.830219   0.000521    34.4241    34.4252     6.5338    27.6698    27.6705    34.4220    27.6681    1452.31    1452.34    -0.5921  1029.6132    34.5904 0.0000e+00
      17777 312.468827  -62.21278  -58.32330     -0.731    1448.57    406.000    401.708    -0.5801    -0.5773     0.0028    -0.5937    -0.5909     0.0028   2.829330   2.829713   0.000400    34.4225    34.4247     6.5231    27.6686    27.6702    34.4184    27.6653    1452.29    1452.30    -0.5934  1029.6056    34.5868 0.0000e+00
      17801 312.468839  -62.21278  -58.32329     -0.987    1448.57    405.000    400.720    -0.5956    -0.5938     0.0018    -0.6091    -0.6073     0.0018   2.827838   2.828042   0.000195    34.4193    34.4199     6.5341    27.6667    27.6671    34.4165    27.6645    1452.19    1452.20    -0.6089  1029.6003    34.5849 0.0000e+00
      17835 312.468855  -62.21278  -58.32328     -0.787    1448.57    404.000    399.732    -0.5990    -0.5916     0.0074    -0.6125    -0.6051     0.0073   2.827474   2.828269   0.000761    34.4181    34.4200     6.5567    27.6659    27.6671    34.4161    27.6642    1452.16    1452.20    -0.6122  1029.5954    34.5845 0.0000e+00
      17891 312.468882  -62.21276  -58.32324     -0.386    1448.57    403.000    398.741    -0.6202    -0.6060     0.0142    -0.6335    -0.6194     0.0141   2.825360   2.826752   0.001392    34.4151    34.4177     6.5965    27.6643    27.6659    34.4122    27.6621    1452.04    1452.11    -0.6333  1029.5887    34.5806 0.0000e+00
      17936 312.468904  -62.21276  -58.32324     -0.540    1448.57    402.000    397.756    -0.6253    -0.6203     0.0051    -0.6386    -0.6336     0.0051   2.824800   2.825265   0.000469    34.4131    34.4136     6.6120    27.6629    27.6632    34.4112    27.6614    1452.00    1452.02    -0.6384  1029.5834    34.5795 0.0000e+00
      17983 312.468927  -62.21276  -58.32324     -0.497    1448.57    401.000    396.764    -0.6278    -0.6229     0.0049    -0.6410    -0.6362     0.0049   2.824394   2.824950   0.000551    34.4111    34.4131     6.6381    27.6615    27.6628    34.4091    27.6598    1451.97    1451.99    -0.6408  1029.5771    34.5774 0.0000e+00
      18018 312.468943  -62.21275  -58.32323     -0.648    1448.57    400.000    395.777    -0.6403    -0.6365     0.0038    -0.6535    -0.6497     0.0038   2.823211   2.823575   0.000369    34.4099    34.4105     6.6435    27.6610    27.6614    34.4079    27.6594    1451.89    1451.91    -0.6532  1029.5721    34.5763 0.0000e+00
      18047 312.468957  -62.21274  -58.32321     -0.810    1448.57    399.000    394.791    -0.6451    -0.6424     0.0027    -0.6582    -0.6555     0.0027   2.822746   2.822958   0.000246    34.4091    34.4093     6.6564    27.6605    27.6606    34.4077    27.6594    1451.85    1451.87    -0.6579  1029.5675    34.5760 0.0000e+00
      18103 312.468984  -62.21274  -58.32319     -0.402    1448.57    398.000    393.800    -0.6500    -0.6463     0.0036    -0.6630    -0.6594     0.0036   2.822162   2.822469   0.000308    34.4078    34.4079     6.6805    27.6597    27.6596    34.4060    27.6583    1451.81    1451.83    -0.6628  1029.5616    34.5743 0.0000e+00
      18143 312.469004  -62.21273  -58.32318     -0.562    1448.57    397.000    392.802    -0.6568    -0.6553     0.0016    -0.6698    -0.6682     0.0016   2.821358   2.821504   0.000137    34.4052    34.4052     6.6814    27.6579    27.6579    34.4036    27.6566    1451.76    1451.77    -0.6696  1029.5553    34.5719 0.0000e+00
      18164 312.469014  -62.21272  -58.32317     -0.949    1448.57    396.000    391.823    -0.6629    -0.6621     0.0007    -0.6758    -0.6751     0.0007   2.820673   2.820724   0.000064    34.4034    34.4034     6.6845    27.6567    27.6568    34.4018    27.6554    1451.71    1451.72    -0.6756  1029.5494    34.5700 0.0000e+00
      18189 312.469026  -62.21272  -58.32316     -1.043    1448.57    395.000    390.846    -0.6648    -0.6642     0.0006    -0.6777    -0.6771     0.0006   2.820507   2.820492  -0.000002    34.4035    34.4027     6.6893    27.6569    27.6562    34.4023    27.6559    1451.69    1451.69    -0.6774  1029.5414    34.5659 0.0000e+00
      18262 312.469061 -9.990e-29  -58.32314     -0.139    1448.57    394.000    389.838    -0.6657    -0.6641     0.0016    -0.6785    -0.6769     0.0016   2.820386   2.820477   0.000091    34.4032    34.4026     6.7323    27.6567    27.6562    34.4023    27.6560    1451.67    1451.67    -0.6783  1029.5355    34.5644 0.0000e+00
      18290 312.469074  -62.21270  -58.32314     -0.662    1448.57    393.000    388.858    -0.6664    -0.6655     0.0009    -0.6792    -0.6783     0.0009   2.820226   2.820252   0.000034    34.4023    34.4017     6.7381    27.6560    27.6555    34.4016    27.6554    1451.65    1451.65    -0.6790  1029.5353    34.5700 0.0000e+00
      18307 312.469083  -62.21270  -58.32314     -1.073    1448.57    392.000    387.869    -0.6678    -0.6671     0.0006    -0.6805    -0.6799     0.0006   2.820051   2.820062   0.000015    34.4022    34.4017     6.7437    27.6560    27.6555    34.4014    27.6553    1451.62    1451.63    -0.6803  1029.5304    34.5697 0.0000e+00
      18324 312.469091  -62.21270  -58.32314     -1.348    1448.57    391.000    386.881    -0.6686    -0.6688    -0.0002    -0.6813    -0.6815    -0.0002   2.819929   2.819817  -0.000080    34.4020    34.4012     6.7403    27.6558    27.6552    34.4012    27.6552    1451.60    1451.60    -0.6811  1029.5256    34.5695 0.0000e+00
      18342 312.469100  -62.21270  -58.32312     -1.392    1448.57    390.000    385.892    -0.6707    -0.6755    -0.0048    -0.6834    -0.6882    -0.0047   2.819557   2.819017  -0.000543    34.4010    34.3991     6.7297    27.6551    27.6538    34.3993    27.6537    1451.57    1451.55    -0.6832  1029.5194    34.5676 0.0000e+00
      18366 312.469111  -62.21270  -58.32310     -1.180    1448.57    389.000    384.903    -0.6808    -0.6738     0.0070    -0.6935    -0.6865     0.0070   2.818386   2.819205   0.000706    34.3973    34.3989     6.7339    27.6526    27.6535    34.3956    27.6511    1451.51    1451.54    -0.6932  1029.5122    34.5638 0.0000e+00
      18395 312.469125  -62.21268  -58.32308     -0.875    1448.57    388.000    383.915    -0.6929    -0.6810     0.0119    -0.7054    -0.6936     0.0119   2.817030   2.818225   0.001264    34.3934    34.3969     6.7441    27.6498    27.6522    34.3916    27.6484    1451.43    1451.49    -0.7052  1029.5049    34.5598 0.0000e+00
      18424 312.469139  -62.21268  -58.32308     -0.796    1448.57    387.000    382.926    -0.7013    -0.6981     0.0032    -0.7137    -0.7106     0.0032   2.815934   2.816276   0.000284    34.3897    34.3899     6.7536    27.6472    27.6473    34.3869    27.6450    1451.37    1451.38    -0.7135  1029.4968    34.5551 0.0000e+00
      18449 312.469151  -62.21268  -58.32307     -0.911    1448.57    386.000    381.938    -0.7123    -0.7030     0.0093    -0.7247    -0.7155     0.0093   2.814701   2.815654   0.000998    34.3854    34.3883     6.7788    27.6442    27.6462    34.3834    27.6426    1451.29    1451.34    -0.7244  1029.4898    34.5515 0.0000e+00
      18472 312.469162  -62.21268  -58.32306     -1.020    1448.57    385.000    380.949    -0.7145    -0.7140     0.0005    -0.7269    -0.7264     0.0005   2.814415   2.814447   0.000029    34.3845    34.3843     6.7948    27.6436    27.6434    34.3827    27.6421    1451.26    1451.27    -0.7266  1029.4846    34.5508 0.0000e+00
      18499 312.469175  -62.21268  -58.32306     -0.944    1448.57    384.000    379.961    -0.7172    -0.7090     0.0082    -0.7295    -0.7214     0.0082   2.814087   2.814985   0.000831    34.3831    34.3850     6.8199    27.6426    27.6438    34.3819    27.6416    1451.23    1451.28    -0.7292  1029.4794    34.5500 0.0000e+00
      18528 312.469190  -62.21267  -58.32306     -0.834    1448.57    383.000    378.972    -0.7174    -0.7150     0.0024    -0.7296    -0.7273     0.0024   2.813982   2.814142   0.000233    34.3824    34.3829     6.8509    27.6420    27.6423    34.3813    27.6411    1451.22    1451.23    -0.7294  1029.4741    34.5494 0.0000e+00
      18560 312.469205  -62.21266  -58.32304     -0.778    1448.57    382.000    377.983    -0.7204    -0.7185     0.0019    -0.7326    -0.7307     0.0019   2.813590   2.813734   0.000148    34.3812    34.3810     6.8766    27.6412    27.6409    34.3800    27.6402    1451.18    1451.19    -0.7324  1029.4685    34.5482 0.0000e+00
      18608 312.469228 -9.990e-29  -58.32301     -0.511    1448.57    381.000    376.995    -0.7207    -0.7165     0.0042    -0.7329    -0.7288     0.0042   2.813526   2.813918   0.000393    34.3809    34.3815     6.8910    27.6409    27.6412    34.3802    27.6403    1451.17    1451.19    -0.7327  1029.4591    34.5422 0.0000e+00
      18657 312.469251 -9.990e-29  -58.32300     -0.491    1448.57    380.000    376.006    -0.7215    -0.7210     0.0005    -0.7337    -0.7332     0.0005   2.813272   2.813317   0.000053    34.3789    34.3790     6.8890    27.6393    27.6394    34.3782    27.6388    1451.14    1451.15    -0.7334  1029.4528    34.5403 0.0000e+00
      18688 312.469266  -62.21264  -58.32300     -0.699    1448.57    379.000    375.018    -0.7223    -0.7209     0.0014    -0.7344    -0.7330     0.0014   2.813093   2.813212   0.000126    34.3778    34.3780     6.8914    27.6385    27.6386    34.3773    27.6380    1451.12    1451.13    -0.7341  1029.4511    34.5441 0.0000e+00
      18719 312.469281  -62.21264  -58.32299     -0.790    1448.57    378.000    374.029    -0.7228    -0.7214     0.0014    -0.7349    -0.7335     0.0014   2.812992   2.813078   0.000091    34.3776    34.3773     6.8996    27.6384    27.6380    34.3771    27.6380    1451.10    1451.11    -0.7346  1029.4474    34.5453 0.0000e+00
      18746 312.469295  -62.21264  -58.32298     -0.855    1448.57    377.000    373.049    -0.7233    -0.7219     0.0014    -0.7354    -0.7340     0.0014   2.812920   2.812982   0.000066    34.3777    34.3770     6.9142    27.6385    27.6378    34.3773    27.6381    1451.09    1451.09    -0.7351  1029.4428    34.5455 0.0000e+00
      18859 312.469349  -62.21264  -58.32294     -0.278    1448.57    376.000    372.039    -0.7250    -0.7241     0.0009    -0.7370    -0.7361     0.0009   2.812665   2.812673   0.000012    34.3767    34.3759     6.9063    27.6377    27.6370    34.3764    27.6374    1451.06    1451.06    -0.7367  1029.4328    34.5388 0.0000e+00
      18894 312.469366  -62.21262  -58.32292     -0.716    1448.57    375.000    371.063    -0.7255    -0.7247     0.0009    -0.7375    -0.7367     0.0009   2.812539   2.812550   0.000015    34.3762    34.3755     6.9061    27.6373    27.6367    34.3759    27.6371    1451.04    1451.04    -0.7372  1029.4322    34.5440 0.0000e+00
      18933 312.469385  -62.21262  -58.32291     -0.649    1448.57    374.000    370.075    -0.7256    -0.7245     0.0010    -0.7375    -0.7365     0.0010   2.812499   2.812536   0.000032    34.3762    34.3755     6.9157    27.6374    27.6367    34.3760    27.6372    1451.02    1451.03    -0.7373  1029.4276    34.5441 0.0000e+00
      18978 312.469406  -62.21260  -58.32289     -0.540    1448.57    373.000    369.086    -0.7286    -0.7263     0.0024    -0.7405    -0.7381     0.0024   2.812087   2.812286   0.000199    34.3750    34.3750     6.9274    27.6365    27.6364    34.3745    27.6361    1450.99    1451.00    -0.7402  1029.4218    34.5426 0.0000e+00
      19019 312.469426  -62.21260  -58.32287     -0.566    1448.57    372.000    368.098    -0.7324    -0.7314     0.0010    -0.7443    -0.7432     0.0010   2.811591   2.811652   0.000044    34.3737    34.3731     6.9309    27.6356    27.6351    34.3728    27.6348    1450.96    1450.96    -0.7440  1029.4158    34.5409 0.0000e+00
      19055 312.469443  -62.21260  -58.32286     -0.673    1448.57    371.000    367.109    -0.7411    -0.7378     0.0033    -0.7529    -0.7496     0.0033   2.810674   2.810915   0.000269    34.3715    34.3714     6.9339    27.6341    27.6339    34.3708    27.6336    1450.90    1450.91    -0.7526  1029.4100    34.5389 0.0000e+00
      19088 312.469459  -62.21258  -58.32286     -0.708    1448.57    370.000    366.120    -0.7416    -0.7407     0.0009    -0.7533    -0.7525     0.0009   2.810561   2.810576   0.000007    34.3711    34.3702     6.9334    27.6339    27.6331    34.3705    27.6334    1450.88    1450.88    -0.7531  1029.4050    34.5386 0.0000e+00
      19126 312.469478  -62.21258  -58.32285     -0.658    1448.57    369.000    365.132    -0.7418    -0.7401     0.0017    -0.7535    -0.7518     0.0017   2.810491   2.810598   0.000091    34.3707    34.3700     6.9566    27.6336    27.6329    34.3703    27.6332    1450.86    1450.87    -0.7532  1029.4001    34.5384 0.0000e+00
