Pos-Processados/process_op42/Processamento_split/up/uoperantar42_015.cnv
* Sea-Bird SBE 9 Data File:
* FileName = C:\Users\Hidrografia\Desktop\OPXLII\Brutos\OP42015.hdr
* Software Version Seasave V 7.26.7.107
* Temperature SN = 6502
* Conductivity SN = 4998
* Number of Bytes Per Scan = 31
* Number of Voltage Words = 2
* Number of Scans Averaged by the Deck Unit = 1
* NMEA Latitude = 46 45.52 S
* NMEA Longitude = 057 57.77 W
* NMEA UTC (Time) = Oct 20 2023 19:17:13
* NMEA baud rate = 4800
** H41
** NPOALTEMAXIMIANO
** NUMERO DA ESTACAO (XXX) 015
** LAT (XX XX.XX S/N) 46 45.93 S
** LONG (XXX XX.XX W/E) 057 54.24 W
** DATAHORA (dd/mm/aaaa hh:mm Z) 20/10/2023 1916Z
** PROFUNDIDADE (m) 3525
** OPERADOR CT FABIREZA
# nquan = 30
# nvalues = 1006                        
# units = specified
# name 0 = scan: Scan Count
# name 1 = timeJ: Julian Days
# name 2 = latitude: Latitude [deg]
# name 3 = longitude: Longitude [deg]
# name 4 = dz/dtM: Descent Rate [m/s]
# name 5 = avgsvCM: Average Sound Velocity [Chen-Millero, m/s]
# name 6 = prDM: Pressure, Digiquartz [db]
# name 7 = depSM: Depth [salt water, m]
# name 8 = t090C: Temperature [ITS-90, deg C]
# name 9 = t190C: Temperature, 2 [ITS-90, deg C]
# name 10 = T2-T190C: Temperature Difference, 2 - 1 [ITS-90, deg C]
# name 11 = potemp090C: Potential Temperature [ITS-90, deg C]
# name 12 = potemp190C: Potential Temperature, 2 [ITS-90, deg C]
# name 13 = potemp90Cdiff: Potential Temperature, Diff, 2 - 1 [ITS-90, deg C]
# name 14 = c0S/m: Conductivity [S/m]
# name 15 = c1S/m: Conductivity, 2 [S/m]
# name 16 = C2-C1S/m: Conductivity Difference, 2 - 1 [S/m]
# name 17 = sal00: Salinity, Practical [PSU]
# name 18 = sal11: Salinity, Practical, 2 [PSU]
# name 19 = sbeox0ML/L: Oxygen, SBE 43 [ml/l]
# name 20 = sigma-é00: Density [sigma-theta, kg/m^3]
# name 21 = sigma-é11: Density, 2 [sigma-theta, kg/m^3]
# name 22 = sal00: Salinity, Practical [PSU]
# name 23 = sigma-é00: Density [sigma-theta, kg/m^3]
# name 24 = svCM: Sound Velocity [Chen-Millero, m/s]
# name 25 = svCM1: Sound Velocity, 2 [Chen-Millero, m/s]
# name 26 = gsw_ptA0: potential temperature [ITS-90, deg C]
# name 27 = gsw_densityA0: density, TEOS-10 [density, kg/m^3]
# name 28 = gsw_saA0: Absolute Salinity [g/kg]
# name 29 = flag:
# span 0 =      30612,      64876       
# span 1 = 293.818385, 293.834909       
# span 2 =  -46.77136,  -46.76440       
# span 3 =  -57.96606,  -57.96417       
# span 4 =     -1.604,     -0.033       
# span 5 =    1470.12,    1470.12       
# span 6 =      6.000,   1011.000       
# span 7 =      5.969,   1000.194       
# span 8 =     1.7352,     7.2192       
# span 9 =     1.7360,     7.2153       
# span 10 =    -0.0329,     0.0902      
# span 11 =     1.7208,     7.2181      
# span 12 =     1.7215,     7.2142      
# span 13 =    -0.0329,     0.0901      
# span 14 =   2.987740,   3.467015      
# span 15 =   2.987724,   3.466612      
# span 16 =  -0.003358,   0.007335      
# span 17 =    33.9561,    34.5747      
# span 18 =    33.9543,    34.5742      
# span 19 =     3.8329,     7.2810      
# span 20 =    26.6781,    27.5914      
# span 21 =    26.6786,    27.5909      
# span 22 =    33.9614,    34.5747      
# span 23 =    26.6792,    27.5914      
# span 24 =    1460.00,    1478.57      
# span 25 =    1460.00,    1478.56      
# span 26 =     1.7209,     7.2181      
# span 27 =  1026.7094,  1032.2874      
# span 28 =    34.1224,    34.7425      
# span 29 = 0.0000e+00, 0.0000e+00      
# interval = decibars: 1                
# start_time = Oct 20 2023 19:17:13 [NMEA time, header]
# bad_flag = -9.990e-29
*END*
[from data line 387]
      41622 293.823694  -46.76662  -57.96476     -0.962    1470.12    624.000    617.903     2.7354     2.7360     0.0007     2.6963     2.6969     0.0007   3.121584   3.121592   0.000011    34.3955    34.3949     4.2330    27.4296    27.4291    34.3957    27.4298    1470.71    1470.72     2.6962  1030.3380    34.5605 0.0000e+00
      41646 293.823706  -46.76662  -57.96476     -1.018    1470.12    623.000    616.914     2.7360     2.7363     0.0003     2.6970     2.6973     0.0003   3.121566   3.121554  -0.000015    34.3952    34.3946     4.2385    27.4293    27.4288    34.3953    27.4294    1470.70    1470.70     2.6969  1030.3330    34.5601 0.0000e+00
      41674 293.823720  -46.76663  -57.96476     -0.910    1470.12    622.000    615.925     2.7375     2.7366    -0.0009     2.6985     2.6976    -0.0009   3.121527   3.121504  -0.000020    34.3937    34.3944     4.2484    27.4280    27.4286    34.3939    27.4281    1470.69    1470.68     2.6985  1030.3271    34.5587 0.0000e+00
      41713 293.823739  -46.76664  -57.96476     -0.633    1470.12    621.000    614.937     2.7378     2.7380     0.0002     2.6989     2.6991     0.0002   3.121470   3.121481   0.000011    34.3931    34.3931     4.2509    27.4275    27.4274    34.3934    27.4277    1470.67    1470.67     2.6989  1030.3220    34.5581 0.0000e+00
      41747 293.823755  -46.76664  -57.96476     -0.660    1470.12    620.000    613.948     2.7389     2.7397     0.0008     2.7000     2.7008     0.0008   3.121422   3.121446   0.000021    34.3921    34.3914     4.2532    27.4265    27.4260    34.3922    27.4266    1470.66    1470.66     2.7000  1030.3163    34.5569 0.0000e+00
      41769 293.823765  -46.76664  -57.96476     -0.907    1470.12    619.000    612.959     2.7390     2.7399     0.0009     2.7002     2.7011     0.0009   3.121361   3.121373   0.000013    34.3916    34.3909     4.2512    27.4262    27.4255    34.3918    27.4263    1470.64    1470.64     2.7002  1030.3114    34.5566 0.0000e+00
      41790 293.823776  -46.76664  -57.96476     -1.100    1470.12    618.000    611.970     2.7394     2.7401     0.0007     2.7008     2.7014     0.0007   3.121308   3.121320   0.000011    34.3911    34.3905     4.2527    27.4257    27.4252    34.3913    27.4258    1470.63    1470.63     2.7007  1030.3062    34.5560 0.0000e+00
      41816 293.823788  -46.76666  -57.96476     -1.039    1470.12    617.000    610.981     2.7395     2.7400     0.0004     2.7009     2.7014     0.0004   3.121269   3.121279   0.000004    34.3911    34.3907     4.2586    27.4257    27.4253    34.3912    27.4258    1470.61    1470.61     2.7009  1030.3015    34.5559 0.0000e+00
      41859 293.823809  -46.76666  -57.96476     -0.557    1470.12    616.000    609.993     2.7408     2.7409     0.0001     2.7022     2.7023     0.0001   3.121298   3.121278  -0.000017    34.3906    34.3903     4.2654    27.4252    27.4249    34.3908    27.4253    1470.60    1470.60     2.7022  1030.2965    34.5555 0.0000e+00
      41891 293.823824  -46.76666  -57.96478     -0.653    1470.12    615.000    609.004     2.7418     2.7429     0.0010     2.7033     2.7044     0.0010   3.121326   3.121348   0.000018    34.3903    34.3894     4.2655    27.4248    27.4240    34.3905    27.4250    1470.59    1470.59     2.7033  1030.2915    34.5552 0.0000e+00
      41913 293.823835  -46.76668  -57.96478     -0.953    1470.12    614.000    608.016     2.7438     2.7452     0.0014     2.7053     2.7067     0.0014   3.121438   3.121479   0.000039    34.3901    34.3890     4.2714    27.4245    27.4236    34.3904    27.4247    1470.58    1470.58     2.7053  1030.2866    34.5551 0.0000e+00
      41935 293.823845  -46.76668  -57.96478     -1.103    1470.12    613.000    607.026     2.7472     2.7464    -0.0008     2.7088     2.7080    -0.0008   3.121726   3.121543  -0.000147    34.3900    34.3891     4.2760    27.4241    27.4235    34.3907    27.4247    1470.58    1470.57     2.7088  1030.2819    34.5554 0.0000e+00
      41961 293.823858  -46.76668  -57.96478     -1.008    1470.12    612.000    606.038     2.7519     2.7460    -0.0059     2.7135     2.7077    -0.0058   3.122073   3.121485  -0.000553    34.3900    34.3895     4.2690    27.4237    27.4238    34.3905    27.4241    1470.58    1470.56     2.7135  1030.2766    34.5552 0.0000e+00
      41996 293.823875  -46.76668  -57.96478     -0.706    1470.12    611.000    605.049     2.7556     2.7515    -0.0041     2.7173     2.7133    -0.0041   3.122395   3.121968  -0.000451    34.3903    34.3891     4.2736    27.4236    27.4230    34.3910    27.4242    1470.58    1470.56     2.7173  1030.2719    34.5557 0.0000e+00
      42027 293.823890  -46.76670  -57.96478     -0.742    1470.12    610.000    604.060     2.7622     2.7620    -0.0002     2.7239     2.7237    -0.0002   3.122956   3.122843  -0.000112    34.3904    34.3893     4.2726    27.4231    27.4223    34.3914    27.4239    1470.59    1470.59     2.7239  1030.2669    34.5561 0.0000e+00
      42054 293.823903  -46.76670  -57.96478     -0.863    1470.12    609.000    603.071     2.7660     2.7648    -0.0012     2.7278     2.7266    -0.0011   3.123247   3.123060  -0.000189    34.3909    34.3898     4.2758    27.4232    27.4224    34.3915    27.4237    1470.59    1470.59     2.7277  1030.2619    34.5562 0.0000e+00
      42087 293.823919  -46.76670  -57.96478     -0.783    1470.12    608.000    602.082     2.7662     2.7644    -0.0018     2.7280     2.7263    -0.0017   3.123195   3.122980  -0.000212    34.3907    34.3900     4.2754    27.4230    27.4226    34.3912    27.4234    1470.58    1470.57     2.7280  1030.2570    34.5559 0.0000e+00
      42120 293.823935  -46.76671  -57.96478     -0.688    1470.12    607.000    601.093     2.7683     2.7684     0.0001     2.7302     2.7303     0.0001   3.123427   3.123321  -0.000122    34.3915    34.3899     4.2697    27.4235    27.4222    34.3923    27.4241    1470.57    1470.57     2.7302  1030.2530    34.5569 0.0000e+00
      42145 293.823947  -46.76672  -57.96478     -0.850    1470.12    606.000    600.105     2.7721     2.7719    -0.0002     2.7340     2.7339    -0.0002   3.123675   3.123580  -0.000087    34.3911    34.3902     4.2685    27.4228    27.4221    34.3918    27.4234    1470.57    1470.57     2.7340  1030.2477    34.5565 0.0000e+00
      42165 293.823956  -46.76672  -57.96478     -1.073    1470.12    605.000    599.116     2.7737     2.7750     0.0013     2.7358     2.7371     0.0013   3.123776   3.123813   0.000004    34.3914    34.3900     4.2668    27.4229    27.4217    34.3918    27.4232    1470.56    1470.57     2.7357  1030.2429    34.5565 0.0000e+00
      42183 293.823965  -46.76672  -57.96478     -1.228    1470.12    604.000    598.127     2.7757     2.7777     0.0021     2.7378     2.7398     0.0020   3.123928   3.123985   0.000074    34.3913    34.3900     4.2668    27.4226    27.4214    34.3922    27.4233    1470.55    1470.56     2.7377  1030.2383    34.5568 0.0000e+00
      42203 293.823975  -46.76672  -57.96478     -1.250    1470.12    603.000    597.138     2.7775     2.7768    -0.0007     2.7397     2.7390    -0.0007   3.123985   3.123857  -0.000115    34.3910    34.3903     4.2643    27.4222    27.4217    34.3914    27.4226    1470.54    1470.54     2.7396  1030.2329    34.5561 0.0000e+00
      42233 293.823989  -46.76674  -57.96480     -0.953    1470.12    602.000    596.149     2.7796     2.7771    -0.0025     2.7418     2.7393    -0.0025   3.124114   3.123868  -0.000244    34.3907    34.3904     4.2662    27.4218    27.4218    34.3913    27.4223    1470.54    1470.52     2.7417  1030.2280    34.5560 0.0000e+00
      42276 293.824010  -46.76674  -57.96480     -0.544    1470.12    601.000    595.160     2.7832     2.7830    -0.0002     2.7455     2.7453    -0.0002   3.124272   3.124228  -0.000052    34.3895    34.3891     4.2750    27.4205    27.4202    34.3899    27.4209    1470.54    1470.53     2.7454  1030.2218    34.5546 0.0000e+00
      42308 293.824025  -46.76675  -57.96480     -0.688    1470.12    600.000    594.172     2.7830     2.7837     0.0007     2.7454     2.7460     0.0007   3.124093   3.124146   0.000041    34.3883    34.3881     4.2701    27.4196    27.4194    34.3885    27.4197    1470.51    1470.52     2.7453  1030.2161    34.5531 0.0000e+00
      42333 293.824038  -46.76676  -57.96480     -0.876    1470.12    599.000    593.183     2.7827     2.7834     0.0007     2.7451     2.7458     0.0007   3.123931   3.124017   0.000087    34.3871    34.3875     4.2773    27.4186    27.4189    34.3874    27.4189    1470.50    1470.50     2.7450  1030.2106    34.5520 0.0000e+00
      42357 293.824049  -46.76676  -57.96480     -0.975    1470.12    598.000    592.194     2.7818     2.7831     0.0013     2.7443     2.7456     0.0013   3.123770   3.123881   0.000103    34.3869    34.3868     4.2818    27.4185    27.4183    34.3869    27.4186    1470.47    1470.48     2.7442  1030.2057    34.5515 0.0000e+00
      42382 293.824061  -46.76676  -57.96480     -0.993    1470.12    597.000    591.205     2.7806     2.7819     0.0013     2.7432     2.7445     0.0013   3.123578   3.123651   0.000068    34.3864    34.3859     4.2881    27.4182    27.4177    34.3864    27.4182    1470.45    1470.46     2.7431  1030.2007    34.5510 0.0000e+00
      42409 293.824074  -46.76676  -57.96480     -0.934    1470.12    596.000    590.216     2.7790     2.7808     0.0018     2.7416     2.7434     0.0018   3.123338   3.123467   0.000118    34.3859    34.3854     4.2858    27.4180    27.4174    34.3857    27.4178    1470.43    1470.43     2.7415  1030.1957    34.5503 0.0000e+00
      42435 293.824086  -46.76678  -57.96480     -0.905    1470.12    595.000    589.227     2.7765     2.7784     0.0019     2.7392     2.7411     0.0019   3.123008   3.123156   0.000147    34.3851    34.3848     4.2887    27.4176    27.4171    34.3849    27.4174    1470.40    1470.41     2.7391  1030.1907    34.5495 0.0000e+00
      42460 293.824099  -46.76678  -57.96480     -0.942    1470.12    594.000    588.238     2.7745     2.7767     0.0023     2.7372     2.7395     0.0023   3.122756   3.122913   0.000163    34.3847    34.3843     4.2938    27.4174    27.4169    34.3845    27.4173    1470.37    1470.38     2.7372  1030.1860    34.5491 0.0000e+00
      42485 293.824111  -46.76678  -57.96480     -0.970    1470.12    593.000    587.250     2.7731     2.7750     0.0019     2.7359     2.7378     0.0019   3.122489   3.122691   0.000147    34.3840    34.3837     4.2959    27.4169    27.4166    34.3832    27.4163    1470.35    1470.36     2.7359  1030.1805    34.5478 0.0000e+00
      42512 293.824124  -46.76678  -57.96480     -0.908    1470.12    592.000    586.261     2.7614     2.7727     0.0113     2.7244     2.7356     0.0112   3.121143   3.122351   0.001164    34.3815    34.3837     4.3023    27.4160    27.4168    34.3798    27.4146    1470.28    1470.33     2.7243  1030.1743    34.5443 0.0000e+00
      42542 293.824138  -46.76680  -57.96480     -0.815    1470.12    591.000    585.272     2.7430     2.7501     0.0070     2.7062     2.7131     0.0070   3.119164   3.119830   0.000693    34.3777    34.3787     4.3073    27.4146    27.4147    34.3757    27.4130    1470.18    1470.21     2.7061  1030.1683    34.5402 0.0000e+00
      42573 293.824153  -46.76680  -57.96480     -0.787    1470.12    590.000    584.283     2.7357     2.7382     0.0025     2.6989     2.7014     0.0025   3.118333   3.118445   0.000135    34.3753    34.3743     4.3101    27.4132    27.4122    34.3739    27.4121    1470.13    1470.14     2.6989  1030.1632    34.5386 0.0000e+00
      42604 293.824168  -46.76680 -9.990e-29     -0.776    1470.12    589.000    583.294     2.7336     2.7357     0.0021     2.6969     2.6989     0.0021   3.117870   3.118101   0.000207    34.3722    34.3726     4.3212    27.4110    27.4111    34.3711    27.4100    1470.10    1470.11     2.6969  1030.1568    34.5362 0.0000e+00
      42632 293.824182  -46.76680 -9.990e-29     -0.811    1470.12    588.000    582.305     2.7327     2.7347     0.0020     2.6961     2.6981     0.0020   3.117562   3.117767   0.000232    34.3696    34.3703     4.3420    27.4089    27.4093    34.3688    27.4083    1470.07    1470.08     2.6960  1030.1505    34.5339 0.0000e+00
      42655 293.824192  -46.76682 -9.990e-29     -0.960    1470.12    587.000    581.316     2.7342     2.7353     0.0011     2.6976     2.6987     0.0010   3.117605   3.117706   0.000109    34.3688    34.3690     4.3544    27.4082    27.4082    34.3682    27.4077    1470.06    1470.07     2.6976  1030.1453    34.5333 0.0000e+00
      42676 293.824203  -46.76682  -57.96482     -1.092    1470.12    586.000    580.327     2.7352     2.7357     0.0005     2.6987     2.6992     0.0005   3.117653   3.117701   0.000056    34.3688    34.3690     4.3686    27.4081    27.4082    34.3683    27.4077    1470.05    1470.05     2.6987  1030.1404    34.5332 0.0000e+00
      42700 293.824214  -46.76682  -57.96482     -1.073    1470.12    585.000    579.338     2.7355     2.7359     0.0004     2.6991     2.6995     0.0004   3.117633   3.117687   0.000056    34.3688    34.3690     4.3711    27.4080    27.4082    34.3683    27.4076    1470.04    1470.04     2.6990  1030.1354    34.5327 0.0000e+00
      42728 293.824228  -46.76684  -57.96480     -0.900    1470.12    584.000    578.352     2.7358     2.7364     0.0006     2.6994     2.7000     0.0006   3.117604   3.117654   0.000058    34.3685    34.3686     4.3768    27.4078    27.4078    34.3682    27.4075    1470.02    1470.02     2.6994  1030.1306    34.5326 0.0000e+00
      42756 293.824241  -46.76684  -57.96480     -0.840    1470.12    583.000    577.357     2.7365     2.7374     0.0008     2.7002     2.7011     0.0008   3.117607   3.117624   0.000018    34.3683    34.3676     4.3818    27.4075    27.4069    34.3679    27.4072    1470.01    1470.01     2.7002  1030.1257    34.5324 0.0000e+00
      42783 293.824254  -46.76684  -57.96480     -0.882    1470.12    582.000    576.372     2.7371     2.7378     0.0008     2.7008     2.7016     0.0007   3.117596   3.117616   0.000022    34.3681    34.3675     4.3820    27.4073    27.4068    34.3678    27.4071    1469.99    1470.00     2.7008  1030.1212    34.5327 0.0000e+00
      42809 293.824267  -46.76684 -9.990e-29     -0.906    1470.12    581.000    575.382     2.7373     2.7379     0.0006     2.7011     2.7017     0.0006   3.117554   3.117574   0.000019    34.3678    34.3674     4.3787    27.4071    27.4067    34.3676    27.4069    1469.98    1469.98     2.7011  1030.1166    34.5326 0.0000e+00
      42837 293.824280  -46.76685 -9.990e-29     -0.888    1470.12    580.000    574.394     2.7373     2.7381     0.0008     2.7011     2.7020     0.0008   3.117477   3.117516   0.000040    34.3674    34.3670     4.3798    27.4068    27.4063    34.3672    27.4066    1469.96    1469.96     2.7011  1030.1116    34.5323 0.0000e+00
      42868 293.824295  -46.76686  -57.96482     -0.798    1470.12    579.000    573.404     2.7370     2.7379     0.0009     2.7010     2.7019     0.0009   3.117409   3.117450   0.000043    34.3673    34.3669     4.3810    27.4067    27.4062    34.3672    27.4066    1469.94    1469.95     2.7009  1030.1069    34.5321 0.0000e+00
      42900 293.824311  -46.76686  -57.96482     -0.746    1470.12    578.000    572.416     2.7369     2.7379     0.0009     2.7009     2.7019     0.0009   3.117339   3.117372   0.000032    34.3672    34.3665     4.3743    27.4065    27.4060    34.3670    27.4064    1469.93    1469.93     2.7009  1030.1017    34.5314 0.0000e+00
      42926 293.824323  -46.76686  -57.96482     -0.849    1470.12    577.000    571.427     2.7366     2.7378     0.0011     2.7008     2.7019     0.0011   3.117200   3.117281   0.000068    34.3665    34.3661     4.3744    27.4060    27.4056    34.3661    27.4057    1469.91    1469.91     2.7007  1030.0964    34.5305 0.0000e+00
