Pos-Processados/process_op42/Processamento_split/up/uoperantar42_011.cnv
* Sea-Bird SBE 9 Data File:
* FileName = C:\Users\Hidrografia\Desktop\OPXLII\Brutos\OP42011.hdr
* Software Version Seasave V 7.26.7.107
* Temperature SN = 6502
* Conductivity SN = 4998
* Number of Bytes Per Scan = 31
* Number of Voltage Words = 2
* Number of Scans Averaged by the Deck Unit = 1
* NMEA Latitude = 45 08.67 S
* NMEA Longitude = 055 57.85 W
* NMEA UTC (Time) = Oct 19 2023 08:19:59
* NMEA baud rate = 4800
** H41
** NPOALTEMAXIMIANO
** NUMERO DA ESTACAO (XXX) 011
** LAT (XX XX.XX S/N) 45 5.419 S
** LONG (XXX XX.XX W/E) 055 57.980 W
** DATAHORA (dd/mm/aaaa hh:mm Z) 19/10/2023 0819Z
** PROFUNDIDADE (m) 5475
** OPERADOR CT FILIPE LOPES
# nquan = 30
# nvalues = 1013                        
# units = specified
# name 0 = scan: Scan Count
# name 1 = timeJ: Julian Days
# name 2 = latitude: Latitude [deg]
# name 3 = longitude: Longitude [deg]
# name 4 = dz/dtM: Descent Rate [m/s]
# name 5 = avgsvCM: Average Sound Velocity [Chen-Millero, m/s]
# name 6 = prDM: Pressure, Digiquartz [db]
# name 7 = depSM: Depth [salt water, m]
# name 8 = t090C: Temperature [ITS-90, deg C]
# name 9 = t190C: Temperature, 2 [ITS-90, deg C]
# name 10 = T2-T190C: Temperature Difference, 2 - 1 [ITS-90, deg C]
# name 11 = potemp090C: Potential Temperature [ITS-90, deg C]
# name 12 = potemp190C: Potential Temperature, 2 [ITS-90, deg C]
# name 13 = potemp90Cdiff: Potential Temperature, Diff, 2 - 1 [ITS-90, deg C]
# name 14 = c0S/m: Conductivity [S/m]
# name 15 = c1S/m: Conductivity, 2 [S/m]
# name 16 = C2-C1S/m: Conductivity Difference, 2 - 1 [S/m]
# name 17 = sal00: Salinity, Practical [PSU]
# name 18 = sal11: Salinity, Practical, 2 [PSU]
# name 19 = sbeox0ML/L: Oxygen, SBE 43 [ml/l]
# name 20 = sigma-é00: Density [sigma-theta, kg/m^3]
# name 21 = sigma-é11: Density, 2 [sigma-theta, kg/m^3]
# name 22 = sal00: Salinity, Practical [PSU]
# name 23 = sigma-é00: Density [sigma-theta, kg/m^3]
# name 24 = svCM: Sound Velocity [Chen-Millero, m/s]
# name 25 = svCM1: Sound Velocity, 2 [Chen-Millero, m/s]
# name 26 = gsw_ptA0: potential temperature [ITS-90, deg C]
# name 27 = gsw_densityA0: density, TEOS-10 [density, kg/m^3]
# name 28 = gsw_saA0: Absolute Salinity [g/kg]
# name 29 = flag:
# span 0 =      32686,      64842       
# span 1 = 292.362973, 292.378481       
# span 2 =  -45.15070,  -45.14777       
# span 3 =  -55.95854,  -55.95214       
# span 4 =     -1.502,     -0.121       
# span 5 =    1474.96,    1474.96       
# span 6 =      2.000,   1014.000       
# span 7 =      1.992,   1003.303       
# span 8 =     2.7717,    12.3772       
# span 9 =     2.7723,    12.3793       
# span 10 =    -0.9215,     0.3450      
# span 11 =     2.7047,    12.3715      
# span 12 =     2.7053,    12.3736      
# span 13 =    -0.9211,     0.3449      
# span 14 =   3.125101,   4.051111      
# span 15 =   3.125082,   4.050918      
# span 16 =  -0.094903,   0.038685      
# span 17 =    34.1125,    35.1181      
# span 18 =    34.1102,    35.1137      
# span 19 =     4.0879,     6.5033      
# span 20 =    26.5238,    27.4697      
# span 21 =    26.5237,    27.4693      
# span 22 =    34.1119,    35.1254      
# span 23 =    26.5201,    27.4697      
# span 24 =    1471.40,    1498.97      
# span 25 =    1471.39,    1498.97      
# span 26 =     2.7046,    12.3715      
# span 27 =  1026.5365,  1032.1742      
# span 28 =    34.2731,    35.2914      
# span 29 = 0.0000e+00, 0.0000e+00      
# interval = decibars: 1                
# start_time = Oct 19 2023 08:19:59 [NMEA time, header]
# bad_flag = -9.990e-29
*END*
[from data line 967]
      58053 292.375207  -45.15010  -55.95351     -0.737    1474.96     47.000     46.612    12.2324    12.2427     0.0103    12.2262    12.2365     0.0103   4.033674   4.034407   0.000933    35.0845    35.0839     5.8169    26.6112    26.6087    35.0904    26.6158    1498.50    1498.53    12.2262  1026.8289    35.2562 0.0000e+00
      58089 292.375224  -45.15010  -55.95350     -0.702    1474.96     46.000     45.622    12.2762    12.2563    -0.0199    12.2701    12.2502    -0.0199   4.038536   4.035826  -0.002603    35.0915    35.0849     5.8188    26.6081    26.6068    35.0969    26.6123    1498.64    1498.56    12.2701  1026.8210    35.2627 0.0000e+00
      58139 292.375248  -45.15010  -55.95348     -0.422    1474.96     45.000     44.627    12.3003    12.2498    -0.0505    12.2944    12.2439    -0.0505   4.041642   4.035160  -0.006136    35.0984    35.0863     5.8223    26.6088    26.6091    35.1048    26.6137    1498.72    1498.53    12.2944  1026.8179    35.2707 0.0000e+00
      58170 292.375263  -45.15010  -55.95348     -0.700    1474.96     44.000     43.638    12.3434    12.3239    -0.0195    12.3376    12.3181    -0.0195   4.046478   4.044488  -0.002487    35.1068    35.1010     5.8272    26.6069    26.6062    35.1118    26.6107    1498.85    1498.78    12.3376  1026.8104    35.2776 0.0000e+00
      58199 292.375277  -45.15010  -55.95348     -0.829    1474.96     43.000     42.646    12.3772    12.3793     0.0021    12.3715    12.3736     0.0021   4.051111   4.050918  -0.000395    35.1181    35.1123     5.8292    26.6090    26.6041    35.1254    26.6147    1498.97    1498.97    12.3715  1026.8099    35.2914 0.0000e+00
      59553 292.375930  -45.15023  -55.95321     -0.500    1474.96     42.000     41.655    12.3693    12.3757     0.0064    12.3638    12.3702     0.0064   4.048553   4.049860   0.001261    35.1075    35.1137     5.8400    26.6023    26.6059    35.1085    26.6031    1498.90    1498.93    12.3638  1026.7938    35.2743 0.0000e+00
      63737 292.377948  -45.15060  -55.95237     -0.230    1474.96     41.000     40.661    12.2291    12.2915     0.0624    12.2237    12.2861     0.0624   4.027752   4.036063   0.008568    35.0439    35.0686     5.9027    26.5802    26.5872    35.0386    26.5760    1498.33    1498.57    12.2237  1026.7627    35.2044 0.0000e+00
      63555 292.377860 -9.990e-29 -9.990e-29     -0.456    1474.96     40.000     39.671    12.1676    12.1462    -0.0214    12.1623    12.1409    -0.0214   4.017178   4.015073  -0.002313    35.0093    35.0069     5.9740    26.5651    26.5674    34.9938    26.5531    1498.05    1497.97    12.1623  1026.7354    35.1594 0.0000e+00
      63603 292.377883  -45.15060  -55.95238     -0.496    1474.96     39.000     38.681    12.0816    12.0724    -0.0092    12.0765    12.0674    -0.0091   4.007271   4.005631  -0.001474    34.9820    34.9762     6.0148    26.5604    26.5577    34.9783    26.5576    1497.72    1497.68    12.0765  1026.7352    35.1436 0.0000e+00
      63684 292.377922  -45.15060  -55.95237     -0.244    1474.96     38.000     37.685    12.1356    12.1098    -0.0258    12.1307    12.1049    -0.0258   4.014236   4.010694  -0.003711    35.0004    34.9885     6.0947    26.5644    26.5601    34.9960    26.5609    1497.91    1497.81    12.1307  1026.7340    35.1613 0.0000e+00
      63728 292.377943  -45.15060  -55.95236     -0.538    1474.96     37.000     36.696    12.0539    12.0859     0.0320    12.0491    12.0811     0.0320   4.002333   4.006968   0.004568    34.9621    34.9766     6.0286    26.5503    26.5554    34.9571    26.5464    1497.57    1497.70    12.0491  1026.7151    35.1222 0.0000e+00
      63770 292.377963  -45.15060  -55.95236     -0.588    1474.96     36.000     35.704    12.0450    12.0478     0.0029    12.0403    12.0431     0.0029   4.000120   4.000439   0.000376    34.9481    34.9491     6.0469    26.5411    26.5413    34.9443    26.5381    1497.51    1497.52    12.0403  1026.7024    35.1094 0.0000e+00
      63810 292.377983  -45.15061  -55.95234     -0.593    1474.96     35.000     34.713    12.0480    12.0496     0.0016    12.0435    12.0450     0.0016   4.000034   4.000206   0.000180    34.9432    34.9435     6.1026    26.5367    26.5366    34.9411    26.5350    1497.50    1497.50    12.0435  1026.6948    35.1061 0.0000e+00
      63845 292.378000  -45.15062  -55.95234     -0.663    1474.96     34.000     33.721    12.0504    12.0511     0.0006    12.0460    12.0467     0.0006   4.000088   4.000269   0.000186    34.9415    34.9427     6.1188    26.5349    26.5357    34.9397    26.5335    1497.49    1497.49    12.0460  1026.6888    35.1047 0.0000e+00
      63877 292.378015  -45.15062  -55.95234     -0.728    1474.96     33.000     32.729    12.0498    12.0505     0.0007    12.0455    12.0462     0.0007   3.999817   3.999885   0.000099    34.9397    34.9400     6.1277    26.5336    26.5337    34.9381    26.5324    1497.47    1497.47    12.0455  1026.6833    35.1032 0.0000e+00
      63910 292.378031  -45.15062 -9.990e-29     -0.753    1474.96     32.000     31.737    12.0469    12.0472     0.0003    12.0427    12.0430     0.0003   3.999332   3.999295  -0.000037    34.9384    34.9378     6.1327    26.5331    26.5326    34.9366    26.5317    1497.44    1497.44    12.0427  1026.6781    35.1016 0.0000e+00
      63944 292.378047  -45.15062 -9.990e-29     -0.705    1474.96     31.000     30.746    12.0441    12.0429    -0.0012    12.0401    12.0389    -0.0012   3.998727   3.998470  -0.000253    34.9349    34.9335     6.1370    26.5309    26.5301    34.9337    26.5300    1497.41    1497.40    12.0401  1026.6720    35.0988 0.0000e+00
      63977 292.378063  -45.15062  -55.95230     -0.718    1474.96     30.000     29.754    12.0426    12.0444     0.0018    12.0387    12.0405     0.0018   3.998351   3.998644   0.000268    34.9330    34.9340     6.1543    26.5297    26.5301    34.9319    26.5289    1497.39    1497.39    12.0387  1026.6664    35.0970 0.0000e+00
      64008 292.378078  -45.15062  -55.95230     -0.764    1474.96     29.000     28.762    12.0431    12.0454     0.0023    12.0393    12.0416     0.0023   3.998278   3.998686   0.000411    34.9319    34.9338     6.1502    26.5287    26.5297    34.9311    26.5281    1497.37    1497.38    12.0393  1026.6611    35.0961 0.0000e+00
      64038 292.378093  -45.15064  -55.95230     -0.798    1474.96     28.000     27.770    12.0432    12.0432    -0.0001    12.0396    12.0395    -0.0001   3.998153   3.998216   0.000081    34.9310    34.9319     6.1222    26.5279    26.5286    34.9302    26.5273    1497.35    1497.35    12.0396  1026.6559    35.0952 0.0000e+00
      64068 292.378107  -45.15064  -55.95228     -0.791    1474.96     27.000     26.779    12.0430    12.0434     0.0003    12.0396    12.0399     0.0003   3.998010   3.998171   0.000154    34.9301    34.9313     6.1194    26.5273    26.5281    34.9295    26.5268    1497.33    1497.34    12.0395  1026.6509    35.0945 0.0000e+00
      64099 292.378122  -45.15064 -9.990e-29     -0.770    1474.96     26.000     25.787    12.0411    12.0443     0.0032    12.0377    12.0410     0.0032   3.997629   3.998154   0.000496    34.9289    34.9307     6.1434    26.5267    26.5275    34.9280    26.5260    1497.31    1497.32    12.0377  1026.6457    35.0930 0.0000e+00
      64127 292.378135  -45.15064 -9.990e-29     -0.834    1474.96     25.000     24.795    12.0352    12.0409     0.0057    12.0320    12.0377     0.0057   3.996097   3.997566   0.000824    34.9261    34.9289     6.1594    26.5256    26.5266    34.9190    26.5201    1497.26    1497.29    12.0320  1026.6353    35.0840 0.0000e+00
      64150 292.378147  -45.15064 -9.990e-29     -0.952    1474.96     24.000     23.804    12.0330    12.0338     0.0009    12.0299    12.0307     0.0009   3.996380   3.996541   0.000195    34.9254    34.9265     6.1644    26.5254    26.5261    34.9243    26.5246    1497.24    1497.25    12.0298  1026.6354    35.0893 0.0000e+00
      64174 292.378158  -45.15064  -55.95226     -1.025    1474.96     23.000     22.812    12.0308    12.0327     0.0019    12.0278    12.0297     0.0019   3.996130   3.996352   0.000275    34.9247    34.9257     6.1451    26.5253    26.5257    34.9243    26.5250    1497.22    1497.23    12.0279  1026.6313    35.0893 0.0000e+00
      64200 292.378171  -45.15064  -55.95226     -0.955    1474.96     22.000     21.820    12.0294    12.0280    -0.0014    12.0266    12.0252    -0.0014   3.995869   3.995762  -0.000134    34.9244    34.9244     6.1360    26.5253    26.5256    34.9235    26.5246    1497.20    1497.19    12.0266  1026.6264    35.0885 0.0000e+00
      64229 292.378185  -45.15064  -55.95226     -0.859    1474.96     21.000     20.828    12.0275    12.0338     0.0063    12.0248    12.0311     0.0063   3.995624   3.996437   0.000729    34.9241    34.9253     6.1411    26.5254    26.5252    34.9234    26.5249    1497.17    1497.20    12.0248  1026.6222    35.0883 0.0000e+00
      64256 292.378198  -45.15066  -55.95226     -0.853    1474.96     20.000     19.836    12.0246    12.0294     0.0048    12.0220    12.0268     0.0048   3.995182   3.995741   0.000630    34.9229    34.9245     6.1167    26.5250    26.5254    34.9222    26.5245    1497.15    1497.16    12.0220  1026.6174    35.0872 0.0000e+00
      64280 292.378209  -45.15066  -55.95224     -0.952    1474.96     19.000     18.845    12.0234    12.0238     0.0004    12.0209    12.0213     0.0004   3.994937   3.994997   0.000131    34.9219    34.9228     6.1205    26.5244    26.5251    34.9214    26.5241    1497.13    1497.13    12.0209  1026.6125    35.0864 0.0000e+00
      64303 292.378220  -45.15066  -55.95224     -1.040    1474.96     18.000     17.853    12.0220    12.0179    -0.0041    12.0197    12.0156    -0.0041   3.994736   3.994205  -0.000495    34.9220    34.9210     6.1551    26.5247    26.5248    34.9212    26.5241    1497.10    1497.09    12.0197  1026.6081    35.0861 0.0000e+00
      64330 292.378234  -45.15066  -55.95224     -0.943    1474.96     17.000     16.861    12.0195    12.0184    -0.0011    12.0173    12.0162    -0.0011   3.994348   3.994360  -0.000101    34.9210    34.9210     6.1568    26.5245    26.5247    34.9202    26.5238    1497.08    1497.08    12.0173  1026.6033    35.0851 0.0000e+00
      64360 292.378248  -45.15066  -55.95223     -0.811    1474.96     16.000     15.869    12.0059    12.0207     0.0148    12.0038    12.0186     0.0148   3.992629   3.994387   0.001700    34.9186    34.9213     6.1519    26.5252    26.5245    34.9166    26.5236    1497.01    1497.06    12.0038  1026.5987    35.0815 0.0000e+00
      64387 292.378261  -45.15066  -55.95221     -0.857    1474.96     15.000     14.878    11.9988    12.0059     0.0071    11.9969    12.0040     0.0071   3.991778   3.992605   0.000873    34.9164    34.9183     6.1573    26.5248    26.5249    34.9154    26.5240    1496.97    1496.99    11.9969  1026.5946    35.0804 0.0000e+00
      64412 292.378273  -45.15066 -9.990e-29     -0.933    1474.96     14.000     13.886    11.9948    11.9981     0.0034    11.9929    11.9963     0.0034   3.991344   3.991645   0.000398    34.9159    34.9166     6.1666    26.5252    26.5251    34.9154    26.5247    1496.94    1496.95    11.9929  1026.5910    35.0804 0.0000e+00
      64439 292.378286  -45.15066 -9.990e-29     -0.917    1474.96     13.000     12.894    11.9968    11.9925    -0.0044    11.9952    11.9908    -0.0044   3.991491   3.990970  -0.000519    34.9162    34.9152     6.1627    26.5249    26.5250    34.9153    26.5243    1496.93    1496.91    11.9952  1026.5860    35.0803 0.0000e+00
      64466 292.378299  -45.15066  -55.95220     -0.898    1474.96     12.000     11.902    11.9930    11.9920    -0.0009    11.9914    11.9905    -0.0009   3.991013   3.990860  -0.000175    34.9157    34.9149     6.1522    26.5253    26.5248    34.9147    26.5245    1496.90    1496.89    11.9914  1026.5818    35.0798 0.0000e+00
      64491 292.378311 -9.990e-29  -55.95220     -0.925    1474.96     11.000     10.910    11.9896    11.9924     0.0028    11.9882    11.9910     0.0028   3.990554   3.990866   0.000290    34.9146    34.9148     6.1657    26.5250    26.5246    34.9138    26.5244    1496.87    1496.88    11.9882  1026.5775    35.0791 0.0000e+00
      64515 292.378323 -9.990e-29  -55.95220     -0.978    1474.96     10.000      9.919    11.9896    11.9915     0.0019    11.9883    11.9902     0.0019   3.990548   3.990727   0.000198    34.9146    34.9148     6.1608    26.5250    26.5248    34.9142    26.5247    1496.85    1496.86    11.9883  1026.5733    35.0796 0.0000e+00
      64545 292.378337 -9.990e-29  -55.95220     -0.879    1474.96      9.000      8.927    11.9904    11.9920     0.0016    11.9893    11.9908     0.0016   3.990578   3.990772   0.000182    34.9147    34.9150     6.1592    26.5249    26.5248    34.9142    26.5245    1496.84    1496.84    11.9893  1026.5688    35.0797 0.0000e+00
      64583 292.378355  -45.15068  -55.95219     -0.652    1474.96      8.000      7.935    11.9886    11.9916     0.0030    11.9876    11.9906     0.0030   3.990350   3.990695   0.000344    34.9145    34.9151     6.1627    26.5251    26.5250    34.9141    26.5247    1496.82    1496.83    11.9876  1026.5643    35.0792 0.0000e+00
      64621 292.378374  -45.15068  -55.95218     -0.612    1474.96      7.000      6.943    11.9902    11.9912     0.0010    11.9893    11.9903     0.0010   3.990463   3.990581   0.000134    34.9143    34.9147     6.1611    26.5246    26.5247    34.9141    26.5245    1496.81    1496.81    11.9893  1026.5594    35.0791 0.0000e+00
      64653 292.378389  -45.15068  -55.95218     -0.727    1474.96      6.000      5.951    11.9896    11.9904     0.0008    11.9888    11.9896     0.0008   3.990334   3.990432   0.000090    34.9142    34.9144     6.1698    26.5247    26.5246    34.9139    26.5244    1496.79    1496.79    11.9888  1026.5548    35.0788 0.0000e+00
      64681 292.378403  -45.15068  -55.95217     -0.831    1474.96      5.000      4.959    11.9901    11.9926     0.0025    11.9894    11.9919     0.0025   3.990329   3.990603   0.000270    34.9140    34.9143     6.1579    26.5243    26.5241    34.9138    26.5242    1496.77    1496.78    11.9894  1026.5502    35.0787 0.0000e+00
      64713 292.378418  -45.15070  -55.95216     -0.775    1474.96      4.000      3.967    11.9910    11.9926     0.0015    11.9905    11.9921     0.0015   3.990369   3.990544   0.000180    34.9139    34.9142     6.1464    26.5240    26.5240    34.9137    26.5239    1496.76    1496.76    11.9905  1026.5454    35.0787 0.0000e+00
      64751 292.378437  -45.15070  -55.95216     -0.660    1474.96      3.000      2.980    11.9908    11.9925     0.0016    11.9904    11.9921     0.0016   3.990326   3.990505   0.000180    34.9141    34.9143     6.1550    26.5242    26.5241    34.9140    26.5241    1496.74    1496.75    11.9904  1026.5412    35.0789 0.0000e+00
      64842 292.378481  -45.15070  -55.95214     -0.121    1474.96      2.000      1.992    11.9927    11.9934     0.0007    11.9925    11.9932     0.0007   3.990485   3.990558   0.000074    34.9141    34.9142     6.1575    26.5238    26.5237    34.9142    26.5239    1496.73    1496.74    11.9925  1026.5365    35.0791 0.0000e+00
