Pos-Processados/process_op42/Processamento_split/up/uoperantar42_025.cnv
* Sea-Bird SBE 9 Data File:
* FileName = C:\Users\Hidrografia\Desktop\OPXLII\Brutos\OP42025.hdr
* Software Version Seasave V 7.26.7.107
* Temperature SN = 6502
* Conductivity SN = 4998
* Number of Bytes Per Scan = 37
* Number of Voltage Words = 4
* Number of Scans Averaged by the Deck Unit = 1
* NMEA Latitude = 62 11.31 S
* NMEA Longitude = 058 02.91 W
* NMEA UTC (Time) = Nov 08 2023 13:45:45
* NMEA baud rate = 4800
** H41
** NPOALTEMAXIMIANO
** NUMERO DA ESTACAO (XXX) 025
** LAT (XX XX.XX S/N) 62  11.331 S
** LONG (XXX XX.XX W/E) 058  02.993 W
** DATAHORA (dd/mm/aaaa hh:mm Z) 08/11/2023 1345Z
** PROFUNDIDADE (m) 484
** OPERADOR CT FABIREZA
# nquan = 30
# nvalues = 437                         
# units = specified
# name 0 = scan: Scan Count
# name 1 = timeJ: Julian Days
# name 2 = latitude: Latitude [deg]
# name 3 = longitude: Longitude [deg]
# name 4 = dz/dtM: Descent Rate [m/s]
# name 5 = avgsvCM: Average Sound Velocity [Chen-Millero, m/s]
# name 6 = prDM: Pressure, Digiquartz [db]
# name 7 = depSM: Depth [salt water, m]
# name 8 = t090C: Temperature [ITS-90, deg C]
# name 9 = t190C: Temperature, 2 [ITS-90, deg C]
# name 10 = T2-T190C: Temperature Difference, 2 - 1 [ITS-90, deg C]
# name 11 = potemp090C: Potential Temperature [ITS-90, deg C]
# name 12 = potemp190C: Potential Temperature, 2 [ITS-90, deg C]
# name 13 = potemp90Cdiff: Potential Temperature, Diff, 2 - 1 [ITS-90, deg C]
# name 14 = c0S/m: Conductivity [S/m]
# name 15 = c1S/m: Conductivity, 2 [S/m]
# name 16 = C2-C1S/m: Conductivity Difference, 2 - 1 [S/m]
# name 17 = sal00: Salinity, Practical [PSU]
# name 18 = sal11: Salinity, Practical, 2 [PSU]
# name 19 = sbeox0ML/L: Oxygen, SBE 43 [ml/l]
# name 20 = sigma-é00: Density [sigma-theta, kg/m^3]
# name 21 = sigma-é11: Density, 2 [sigma-theta, kg/m^3]
# name 22 = sal00: Salinity, Practical [PSU]
# name 23 = sigma-é00: Density [sigma-theta, kg/m^3]
# name 24 = svCM: Sound Velocity [Chen-Millero, m/s]
# name 25 = svCM1: Sound Velocity, 2 [Chen-Millero, m/s]
# name 26 = gsw_ptA0: potential temperature [ITS-90, deg C]
# name 27 = gsw_densityA0: density, TEOS-10 [density, kg/m^3]
# name 28 = gsw_saA0: Absolute Salinity [g/kg]
# name 29 = flag:
# span 0 =      18155,      35543       
# span 1 = 312.582192, 312.590578       
# span 2 =  -62.18712,  -62.18610       
# span 3 =  -58.03867,  -58.02922       
# span 4 =     -1.404,     -0.188       
# span 5 =    1449.47,    1449.47       
# span 6 =      3.000,    439.000       
# span 7 =      3.004,    434.316       
# span 8 =    -0.8645,    -0.0107       
# span 9 =    -0.8532,    -0.0118       
# span 10 =    -0.0196,     0.0404      
# span 11 =    -0.8725,    -0.0253      
# span 12 =    -0.8613,    -0.0263      
# span 13 =    -0.0195,     0.0403      
# span 14 =   2.792453,   2.881453      
# span 15 =   2.793364,   2.881075      
# span 16 =  -0.001831,   0.003645      
# span 17 =    34.2976,    34.4866      
# span 18 =    34.2962,    34.4851      
# span 19 =     5.8685,     7.5282      
# span 20 =    27.5676,    27.6974      
# span 21 =    27.5664,    27.6962      
# span 22 =    34.2978,    34.4890      
# span 23 =    27.5677,    27.6993      
# span 24 =    1445.49,    1455.11      
# span 25 =    1445.50,    1455.08      
# span 26 =    -0.8722,    -0.0251      
# span 27 =  1027.5867,  1029.7869      
# span 28 =    34.4612,    34.6578      
# span 29 = 0.0000e+00, 0.0000e+00      
# interval = decibars: 1                
# start_time = Nov 08 2023 13:45:45 [NMEA time, header]
# bad_flag = -9.990e-29
*END*
[from data line 339]
      28908 312.587378  -62.18658  -58.03278     -0.675    1449.47    100.000     99.016    -0.6122    -0.6114     0.0008    -0.6153    -0.6144     0.0008   2.803864   2.803788  -0.000072    34.2991    34.2972     7.4863    27.5697    27.5681    34.2991    27.5697    1446.99    1446.99    -0.6152  1028.0532    34.4655 0.0000e+00
      28933 312.587390  -62.18658  -58.03276     -0.874    1449.47     99.000     98.026    -0.6118    -0.6111     0.0007    -0.6148    -0.6141     0.0007   2.803834   2.803767  -0.000070    34.2989    34.2972     7.4867    27.5695    27.5681    34.2988    27.5694    1446.97    1446.97    -0.6147  1028.0481    34.4652 0.0000e+00
      28960 312.587403  -62.18658  -58.03275     -0.925    1449.47     98.000     97.036    -0.6124    -0.6113     0.0010    -0.6153    -0.6143     0.0010   2.803741   2.803711  -0.000032    34.2989    34.2973     7.4917    27.5695    27.5681    34.2988    27.5694    1446.95    1446.96    -0.6153  1028.0434    34.4652 0.0000e+00
      29006 312.587425  -62.18658  -58.03273     -0.547    1449.47     97.000     96.046    -0.6127    -0.6117     0.0011    -0.6157    -0.6146     0.0011   2.803611   2.803639   0.000028    34.2982    34.2974     7.4848    27.5689    27.5682    34.2981    27.5689    1446.93    1446.94    -0.6156  1028.0380    34.4645 0.0000e+00
      29054 312.587448  -62.18657  -58.03271     -0.489    1449.47     96.000     95.056    -0.6128    -0.6120     0.0009    -0.6157    -0.6149     0.0009   2.803608   2.803553  -0.000055    34.2988    34.2971     7.4841    27.5694    27.5680    34.2987    27.5694    1446.92    1446.92    -0.6156  1028.0337    34.4651 0.0000e+00
      29086 312.587464  -62.18656  -58.03270     -0.714    1449.47     95.000     94.066    -0.6129    -0.6122     0.0007    -0.6157    -0.6150     0.0007   2.803518   2.803498  -0.000021    34.2983    34.2972     7.4871    27.5691    27.5682    34.2982    27.5690    1446.90    1446.90    -0.6157  1028.0285    34.4646 0.0000e+00
      29124 312.587482  -62.18656  -58.03267     -0.648    1449.47     94.000     93.077    -0.6129    -0.6122     0.0007    -0.6158    -0.6150     0.0007   2.803501   2.803459  -0.000039    34.2987    34.2973     7.4884    27.5694    27.5682    34.2987    27.5694    1446.89    1446.89    -0.6157  1028.0241    34.4650 0.0000e+00
      29160 312.587500  -62.18656  -58.03265     -0.643    1449.47     93.000     92.087    -0.6132    -0.6123     0.0009    -0.6160    -0.6151     0.0009   2.803396   2.803394  -0.000005    34.2983    34.2972     7.5025    27.5690    27.5681    34.2981    27.5689    1446.87    1446.87    -0.6159  1028.0189    34.4645 0.0000e+00
      29189 312.587513  -62.18656  -58.03262     -0.797    1449.47     92.000     91.097    -0.6131    -0.6122     0.0009    -0.6159    -0.6150     0.0009   2.803388   2.803350  -0.000034    34.2985    34.2971     7.5081    27.5693    27.5681    34.2985    27.5693    1446.85    1446.86    -0.6158  1028.0144    34.4648 0.0000e+00
      29217 312.587527  -62.18656  -58.03260     -0.855    1449.47     91.000     90.107    -0.6133    -0.6124     0.0009    -0.6160    -0.6151     0.0009   2.803310   2.803299  -0.000011    34.2984    34.2972     7.5106    27.5692    27.5682    34.2983    27.5691    1446.84    1446.84    -0.6160  1028.0095    34.4646 0.0000e+00
      29266 312.587551  -62.18656  -58.03258     -0.517    1449.47     90.000     89.117    -0.6133    -0.6125     0.0009    -0.6160    -0.6152     0.0009   2.803262   2.803249  -0.000013    34.2984    34.2972     7.5027    27.5691    27.5682    34.2983    27.5691    1446.82    1446.82    -0.6159  1028.0047    34.4646 0.0000e+00
      29325 312.587579  -62.18655  -58.03256     -0.376    1449.47     89.000     88.126    -0.6132    -0.6124     0.0008    -0.6159    -0.6151     0.0008   2.803227   2.803191  -0.000036    34.2984    34.2970     7.4955    27.5691    27.5679    34.2983    27.5691    1446.80    1446.80    -0.6158  1027.9999    34.4646 0.0000e+00
      29348 312.587590  -62.18654  -58.03255     -0.793    1449.47     88.000     87.137    -0.6126    -0.6119     0.0007    -0.6153    -0.6146     0.0007   2.803241   2.803191  -0.000050    34.2985    34.2971     7.4996    27.5692    27.5680    34.2985    27.5692    1446.79    1446.79    -0.6152  1027.9952    34.4647 0.0000e+00
      29370 312.587601  -62.18654  -58.03253     -1.031    1449.47     87.000     86.147    -0.6125    -0.6117     0.0008    -0.6151    -0.6143     0.0008   2.803204   2.803169  -0.000033    34.2985    34.2972     7.4959    27.5692    27.5681    34.2985    27.5692    1446.77    1446.78    -0.6150  1027.9904    34.4647 0.0000e+00
      29395 312.587613  -62.18654  -58.03251     -1.043    1449.47     86.000     85.157    -0.6124    -0.6118     0.0005    -0.6149    -0.6144     0.0005   2.803186   2.803115  -0.000070    34.2987    34.2972     7.4971    27.5694    27.5681    34.2987    27.5694    1446.76    1446.76    -0.6149  1027.9858    34.4649 0.0000e+00
      29444 312.587636  -62.18654  -58.03249     -0.529    1449.47     85.000     84.169    -0.6124    -0.6117     0.0007    -0.6149    -0.6143     0.0007   2.803130   2.803095  -0.000036    34.2986    34.2973     7.5011    27.5693    27.5682    34.2986    27.5693    1446.74    1446.74    -0.6149  1027.9809    34.4648 0.0000e+00
      29503 312.587665  -62.18654  -58.03246     -0.390    1449.47     84.000     83.173    -0.6123    -0.6114     0.0009    -0.6148    -0.6139     0.0009   2.803076   2.803068  -0.000010    34.2985    34.2973     7.5026    27.5691    27.5682    34.2984    27.5691    1446.73    1446.73    -0.6148  1027.9759    34.4645 0.0000e+00
      29529 312.587677  -62.18652  -58.03246     -0.765    1449.47     83.000     82.187    -0.6124    -0.6117     0.0007    -0.6149    -0.6142     0.0007   2.803027   2.802990  -0.000040    34.2986    34.2972     7.4984    27.5693    27.5681    34.2985    27.5692    1446.71    1446.71    -0.6148  1027.9712    34.4647 0.0000e+00
      29554 312.587689  -62.18652  -58.03243     -0.945    1449.47     82.000     81.197    -0.6125    -0.6118     0.0007    -0.6149    -0.6142     0.0007   2.802984   2.802945  -0.000035    34.2986    34.2973     7.4958    27.5692    27.5682    34.2986    27.5692    1446.69    1446.69    -0.6149  1027.9665    34.4647 0.0000e+00
      29590 312.587707  -62.18652  -58.03240     -0.740    1449.47     81.000     80.207    -0.6121    -0.6117     0.0004    -0.6146    -0.6141     0.0004   2.802961   2.802910  -0.000050    34.2985    34.2973     7.4875    27.5692    27.5682    34.2985    27.5692    1446.68    1446.68    -0.6145  1027.9616    34.4646 0.0000e+00
      29635 312.587729  -62.18652  -58.03239     -0.510    1449.47     80.000     79.217    -0.6120    -0.6113     0.0007    -0.6144    -0.6137     0.0007   2.802927   2.802894  -0.000035    34.2986    34.2973     7.4874    27.5692    27.5682    34.2985    27.5692    1446.66    1446.67    -0.6143  1027.9569    34.4646 0.0000e+00
      29670 312.587745  -62.18652  -58.03238     -0.658    1449.47     79.000     78.227    -0.6123    -0.6116     0.0007    -0.6147    -0.6140     0.0007   2.802867   2.802826  -0.000037    34.2987    34.2974     7.4881    27.5693    27.5682    34.2987    27.5693    1446.65    1446.65    -0.6146  1027.9522    34.4648 0.0000e+00
      29705 312.587763  -62.18652  -58.03236     -0.693    1449.47     78.000     77.237    -0.6116    -0.6111     0.0005    -0.6139    -0.6134     0.0005   2.802899   2.802839  -0.000056    34.2989    34.2975     7.4908    27.5694    27.5683    34.2989    27.5695    1446.63    1446.63    -0.6139  1027.9476    34.4650 0.0000e+00
      29744 312.587781  -62.18652  -58.03234     -0.598    1449.47     77.000     76.247    -0.6109    -0.6110    -0.0001    -0.6132    -0.6133    -0.0001   2.802923   2.802807  -0.000116    34.2990    34.2975     7.4856    27.5695    27.5683    34.2991    27.5696    1446.62    1446.62    -0.6132  1027.9429    34.4651 0.0000e+00
      29772 312.587795  -62.18650  -58.03232     -0.761    1449.47     76.000     75.257    -0.6101    -0.6099     0.0002    -0.6124    -0.6122     0.0002   2.802935   2.802851  -0.000088    34.2990    34.2976     7.4860    27.5695    27.5683    34.2990    27.5695    1446.61    1446.61    -0.6123  1027.9380    34.4650 0.0000e+00
      29794 312.587805  -62.18650  -58.03232     -0.988    1449.47     75.000     74.267    -0.6096    -0.6091     0.0005    -0.6118    -0.6114     0.0005   2.802973   2.802879  -0.000091    34.2993    34.2975     7.4894    27.5697    27.5683    34.2994    27.5698    1446.60    1446.59    -0.6118  1027.9335    34.4655 0.0000e+00
      29818 312.587817  -62.18650  -58.03230     -1.069    1449.47     74.000     73.277    -0.6092    -0.6086     0.0007    -0.6114    -0.6108     0.0007   2.802931   2.802888  -0.000044    34.2991    34.2977     7.4872    27.5695    27.5684    34.2992    27.5696    1446.58    1446.58    -0.6114  1027.9285    34.4652 0.0000e+00
      29857 312.587835  -62.18650  -58.03226     -0.688    1449.47     73.000     72.286    -0.6097    -0.6088     0.0010    -0.6119    -0.6109     0.0010   2.802847   2.802836  -0.000017    34.2993    34.2980     7.4864    27.5697    27.5686    34.2992    27.5696    1446.56    1446.56    -0.6118  1027.9238    34.4652 0.0000e+00
      29902 312.587857  -62.18650  -58.03224     -0.479    1449.47     72.000     71.297    -0.6106    -0.6093     0.0012    -0.6127    -0.6115     0.0012   2.802708   2.802717   0.000010    34.2990    34.2977     7.4830    27.5695    27.5684    34.2989    27.5694    1446.54    1446.54    -0.6127  1027.9188    34.4649 0.0000e+00
      29927 312.587869  -62.18650  -58.03224     -0.802    1449.47     71.000     70.306    -0.6118    -0.6107     0.0011    -0.6139    -0.6128     0.0011   2.802514   2.802520   0.000008    34.2984    34.2973     7.4924    27.5691    27.5681    34.2983    27.5689    1446.52    1446.52    -0.6139  1027.9135    34.4643 0.0000e+00
      29948 312.587880  -62.18649  -58.03223     -1.037    1449.47     70.000     69.316    -0.6122    -0.6112     0.0010    -0.6143    -0.6133     0.0010   2.802454   2.802444  -0.000017    34.2987    34.2973     7.4907    27.5693    27.5682    34.2986    27.5692    1446.50    1446.50    -0.6142  1027.9090    34.4645 0.0000e+00
      29976 312.587893  -62.18648  -58.03221     -0.963    1449.47     69.000     68.326    -0.6124    -0.6113     0.0012    -0.6145    -0.6133     0.0012   2.802392   2.802399   0.000008    34.2987    34.2974     7.4993    27.5693    27.5683    34.2986    27.5692    1446.48    1446.49    -0.6144  1027.9043    34.4646 0.0000e+00
      30018 312.587913  -62.18648  -58.03219     -0.565    1449.47     68.000     67.336    -0.6130    -0.6117     0.0013    -0.6150    -0.6138     0.0013   2.802285   2.802311   0.000029    34.2985    34.2974     7.5040    27.5692    27.5683    34.2984    27.5691    1446.46    1446.47    -0.6150  1027.8993    34.4644 0.0000e+00
      30051 312.587929  -62.18648  -58.03218     -0.674    1449.47     67.000     66.346    -0.6128    -0.6118     0.0010    -0.6148    -0.6138     0.0010   2.802248   2.802235  -0.000020    34.2985    34.2971     7.4977    27.5691    27.5680    34.2983    27.5690    1446.45    1446.45    -0.6148  1027.8945    34.4643 0.0000e+00
      30078 312.587942  -62.18648  -58.03216     -0.860    1449.47     66.000     65.356    -0.6126    -0.6117     0.0009    -0.6145    -0.6137     0.0009   2.802235   2.802210  -0.000021    34.2985    34.2973     7.4929    27.5692    27.5682    34.2985    27.5692    1446.43    1446.44    -0.6145  1027.8898    34.4645 0.0000e+00
      30109 312.587957  -62.18648  -58.03215     -0.804    1449.47     65.000     64.366    -0.6131    -0.6119     0.0012    -0.6150    -0.6138     0.0012   2.802142   2.802151   0.000007    34.2985    34.2973     7.4894    27.5692    27.5681    34.2984    27.5691    1446.42    1446.42    -0.6150  1027.8850    34.4643 0.0000e+00
      30146 312.587975  -62.18648  -58.03213     -0.661    1449.47     64.000     63.376    -0.6134    -0.6126     0.0009    -0.6154    -0.6145     0.0009   2.802051   2.802030  -0.000020    34.2984    34.2971     7.5026    27.5691    27.5680    34.2982    27.5690    1446.40    1446.40    -0.6153  1027.8801    34.4642 0.0000e+00
      30180 312.587991  -62.18648  -58.03210     -0.688    1449.47     63.000     62.386    -0.6138    -0.6128     0.0009    -0.6157    -0.6147     0.0009   2.801978   2.801959  -0.000020    34.2984    34.2971     7.5021    27.5691    27.5680    34.2983    27.5690    1446.38    1446.38    -0.6156  1027.8753    34.4642 0.0000e+00
      30210 312.588006  -62.18648  -58.03209     -0.771    1449.47     62.000     61.396    -0.6138    -0.6130     0.0007    -0.6156    -0.6149     0.0007   2.801933   2.801895  -0.000032    34.2983    34.2970     7.4979    27.5690    27.5680    34.2982    27.5690    1446.36    1446.36    -0.6156  1027.8705    34.4641 0.0000e+00
      30237 312.588019  -62.18648  -58.03208     -0.861    1449.47     61.000     60.406    -0.6136    -0.6128     0.0008    -0.6154    -0.6146     0.0008   2.801881   2.801865  -0.000021    34.2981    34.2970     7.5013    27.5689    27.5679    34.2980    27.5688    1446.35    1446.35    -0.6154  1027.8655    34.4639 0.0000e+00
      30263 312.588031  -62.18647  -58.03207     -0.923    1449.47     60.000     59.416    -0.6133    -0.6127     0.0006    -0.6151    -0.6145     0.0006   2.801876   2.801828  -0.000042    34.2982    34.2969     7.4994    27.5689    27.5679    34.2982    27.5690    1446.33    1446.33    -0.6150  1027.8609    34.4641 0.0000e+00
      30289 312.588044  -62.18646  -58.03205     -0.917    1449.47     59.000     58.425    -0.6127    -0.6122     0.0005    -0.6145    -0.6140     0.0005   2.801873   2.801828  -0.000042    34.2981    34.2970     7.4998    27.5689    27.5679    34.2981    27.5689    1446.32    1446.32    -0.6144  1027.8560    34.4640 0.0000e+00
      30322 312.588060  -62.18646  -58.03202     -0.778    1449.47     58.000     57.435    -0.6129    -0.6123     0.0007    -0.6147    -0.6140     0.0007   2.801810   2.801776  -0.000037    34.2982    34.2970     7.5054    27.5690    27.5679    34.2982    27.5689    1446.30    1446.30    -0.6146  1027.8512    34.4640 0.0000e+00
      30366 312.588081  -62.18646  -58.03200     -0.566    1449.47     57.000     56.445    -0.6131    -0.6124     0.0008    -0.6148    -0.6141     0.0008   2.801753   2.801727  -0.000027    34.2982    34.2970     7.5056    27.5690    27.5680    34.2982    27.5690    1446.28    1446.29    -0.6148  1027.8465    34.4641 0.0000e+00
      30410 312.588102  -62.18646  -58.03199     -0.524    1449.47     56.000     55.455    -0.6127    -0.6122     0.0006    -0.6144    -0.6138     0.0006   2.801734   2.801690  -0.000048    34.2982    34.2969     7.5011    27.5689    27.5679    34.2981    27.5689    1446.27    1446.27    -0.6143  1027.8416    34.4640 0.0000e+00
      30441 312.588117  -62.18646  -58.03198     -0.714    1449.47     55.000     54.465    -0.6124    -0.6118     0.0006    -0.6141    -0.6135     0.0006   2.801714   2.801666  -0.000042    34.2981    34.2968     7.4997    27.5688    27.5678    34.2982    27.5689    1446.25    1446.26    -0.6140  1027.8368    34.4640 0.0000e+00
      30466 312.588129  -62.18646  -58.03196     -0.896    1449.47     54.000     53.475    -0.6126    -0.6118     0.0007    -0.6142    -0.6134     0.0007   2.801633   2.801614  -0.000018    34.2979    34.2968     7.5005    27.5687    27.5677    34.2978    27.5686    1446.24    1446.24    -0.6142  1027.8318    34.4636 0.0000e+00
