Pos-Processados/process_op42/Processamento_split/up/uoperantar42_009.cnv
* Sea-Bird SBE 9 Data File:
* FileName = C:\Users\Hidrografia\Desktop\OPXLII\Brutos\OP42009.hdr
* Software Version Seasave V 7.26.7.107
* Temperature SN = 6502
* Conductivity SN = 4998
* Number of Bytes Per Scan = 31
* Number of Voltage Words = 2
* Number of Scans Averaged by the Deck Unit = 1
* NMEA Latitude = 43 19.24 S
* NMEA Longitude = 055 32.42 W
* NMEA UTC (Time) = Oct 18 2023 16:32:08
* NMEA baud rate = 4800
** H41
** NPOALTEMAXIMIANO
** NUMERO DA ESTACAO (XXX) 009
** LAT (XX XX.XX S/N) 43 19.058 S
** LONG (XXX XX.XX W/E) 055 32.32 W
** DATAHORA (dd/mm/aaaa hh:mm Z) 18/10/2023 1631Z
** PROFUNDIDADE (m) 5145
** OPERADOR CT FABIREZA
# nquan = 30
# nvalues = 1010                        
# units = specified
# name 0 = scan: Scan Count
# name 1 = timeJ: Julian Days
# name 2 = latitude: Latitude [deg]
# name 3 = longitude: Longitude [deg]
# name 4 = dz/dtM: Descent Rate [m/s]
# name 5 = avgsvCM: Average Sound Velocity [Chen-Millero, m/s]
# name 6 = prDM: Pressure, Digiquartz [db]
# name 7 = depSM: Depth [salt water, m]
# name 8 = t090C: Temperature [ITS-90, deg C]
# name 9 = t190C: Temperature, 2 [ITS-90, deg C]
# name 10 = T2-T190C: Temperature Difference, 2 - 1 [ITS-90, deg C]
# name 11 = potemp090C: Potential Temperature [ITS-90, deg C]
# name 12 = potemp190C: Potential Temperature, 2 [ITS-90, deg C]
# name 13 = potemp90Cdiff: Potential Temperature, Diff, 2 - 1 [ITS-90, deg C]
# name 14 = c0S/m: Conductivity [S/m]
# name 15 = c1S/m: Conductivity, 2 [S/m]
# name 16 = C2-C1S/m: Conductivity Difference, 2 - 1 [S/m]
# name 17 = sal00: Salinity, Practical [PSU]
# name 18 = sal11: Salinity, Practical, 2 [PSU]
# name 19 = sbeox0ML/L: Oxygen, SBE 43 [ml/l]
# name 20 = sigma-é00: Density [sigma-theta, kg/m^3]
# name 21 = sigma-é11: Density, 2 [sigma-theta, kg/m^3]
# name 22 = sal00: Salinity, Practical [PSU]
# name 23 = sigma-é00: Density [sigma-theta, kg/m^3]
# name 24 = svCM: Sound Velocity [Chen-Millero, m/s]
# name 25 = svCM1: Sound Velocity, 2 [Chen-Millero, m/s]
# name 26 = gsw_ptA0: potential temperature [ITS-90, deg C]
# name 27 = gsw_densityA0: density, TEOS-10 [density, kg/m^3]
# name 28 = gsw_saA0: Absolute Salinity [g/kg]
# name 29 = flag:
# span 0 =      32809,      68815       
# span 1 = 291.704803, 291.722167       
# span 2 =  -43.32958,  -43.32694       
# span 3 =  -55.54540,  -55.54260       
# span 4 =     -1.384,     -0.134       
# span 5 =    1481.75,    1481.75       
# span 6 =      2.000,   1011.000       
# span 7 =      1.993,   1000.512       
# span 8 =     3.1014,    13.1660       
# span 9 =     3.1013,    13.1630       
# span 10 =    -0.1181,     0.1207      
# span 11 =     3.0322,    13.1655      
# span 12 =     3.0321,    13.1625      
# span 13 =    -0.1179,     0.1205      
# span 14 =   3.156009,   4.134666      
# span 15 =   3.155840,   4.134469      
# span 16 =  -0.012196,   0.011498      
# span 17 =    34.1311,    35.2349      
# span 18 =    34.1298,    35.2346      
# span 19 =     4.5662,     6.1453      
# span 20 =    26.5205,    27.3456      
# span 21 =    26.5217,    27.3452      
# span 22 =    34.1317,    35.2362      
# span 23 =    26.5215,    27.3456      
# span 24 =    1474.89,    1501.04      
# span 25 =    1474.90,    1501.03      
# span 26 =     3.0320,    13.1655      
# span 27 =  1026.5351,  1032.0280      
# span 28 =    34.2951,    35.4026      
# span 29 = 0.0000e+00, 0.0000e+00      
# interval = decibars: 1                
# start_time = Oct 18 2023 16:32:08 [NMEA time, header]
# bad_flag = -9.990e-29
*END*
[from data line 194]
      38071 291.707341  -43.32778  -55.54328     -1.048    1481.75    817.000    808.899     3.4377     3.4404     0.0027     3.3810     3.3837     0.0027   3.177545   3.177702   0.000118    34.2292    34.2277     5.1794    27.2343    27.2329    34.2291    27.2343    1476.68    1476.69     3.3808  1031.0196    34.3939 0.0000e+00
      38094 291.707352  -43.32778  -55.54328     -1.066    1481.75    816.000    807.912     3.4415     3.4491     0.0076     3.3848     3.3924     0.0075   3.177872   3.178429   0.000537    34.2290    34.2275     5.1771    27.2338    27.2319    34.2295    27.2342    1476.68    1476.71     3.3847  1031.0149    34.3943 0.0000e+00
      38118 291.707363  -43.32780  -55.54330     -1.040    1481.75    815.000    806.923     3.4444     3.4504     0.0060     3.3878     3.3937     0.0060   3.178005   3.178467   0.000456    34.2284    34.2275     5.1850    27.2330    27.2318    34.2286    27.2333    1476.68    1476.70     3.3877  1031.0093    34.3934 0.0000e+00
      38143 291.707376  -43.32780  -55.54330     -0.972    1481.75    814.000    805.935     3.4496     3.4515     0.0019     3.3930     3.3949     0.0019   3.178397   3.178507   0.000130    34.2278    34.2273     5.1935    27.2321    27.2315    34.2284    27.2326    1476.68    1476.69     3.3929  1031.0039    34.3932 0.0000e+00
      38169 291.707388  -43.32780  -55.54330     -0.925    1481.75    813.000    804.947     3.4539     3.4557     0.0018     3.3974     3.3992     0.0018   3.178630   3.178716   0.000088    34.2267    34.2258     5.2006    27.2308    27.2299    34.2272    27.2312    1476.68    1476.69     3.3972  1030.9979    34.3920 0.0000e+00
      38194 291.707400  -43.32782  -55.54330     -0.940    1481.75    812.000    803.959     3.4563     3.4623     0.0059     3.3999     3.4058     0.0059   3.178786   3.179200   0.000380    34.2263    34.2247     5.2029    27.2303    27.2284    34.2270    27.2308    1476.68    1476.70     3.3997  1030.9928    34.3918 0.0000e+00
      38217 291.707411  -43.32782  -55.54330     -1.001    1481.75    811.000    802.971     3.4620     3.4682     0.0062     3.4056     3.4117     0.0061   3.179202   3.179613   0.000420    34.2256    34.2242     5.2043    27.2291    27.2274    34.2266    27.2299    1476.68    1476.71     3.4055  1030.9872    34.3914 0.0000e+00
      38238 291.707421  -43.32782  -55.54332     -1.091    1481.75    810.000    801.983     3.4642     3.4696     0.0054     3.4079     3.4132     0.0053   3.179243   3.179656   0.000397    34.2250    34.2242     5.2085    27.2285    27.2272    34.2253    27.2286    1476.67    1476.70     3.4078  1030.9813    34.3900 0.0000e+00
      38262 291.707433  -43.32782  -55.54332     -1.067    1481.75    809.000    800.994     3.4633     3.4685     0.0052     3.4070     3.4121     0.0052   3.179165   3.179523   0.000359    34.2254    34.2243     5.2157    27.2289    27.2275    34.2259    27.2292    1476.65    1476.67     3.4069  1030.9773    34.3906 0.0000e+00
      38288 291.707446  -43.32782  -55.54332     -0.948    1481.75    808.000    800.006     3.4656     3.4666     0.0009     3.4094     3.4103     0.0009   3.179294   3.179328   0.000072    34.2249    34.2248     5.2179    27.2282    27.2280    34.2255    27.2286    1476.65    1476.65     3.4093  1030.9721    34.3902 0.0000e+00
      38322 291.707462  -43.32782  -55.54334     -0.773    1481.75    807.000    799.019     3.4671     3.4661    -0.0010     3.4109     3.4099    -0.0010   3.179320   3.179256  -0.000060    34.2244    34.2248     5.2183    27.2276    27.2280    34.2248    27.2280    1476.64    1476.63     3.4108  1030.9668    34.3895 0.0000e+00
      38366 291.707483  -43.32784  -55.54334     -0.486    1481.75    806.000    798.030     3.4570     3.4598     0.0027     3.4010     3.4038     0.0027   3.178200   3.178379   0.000201    34.2232    34.2228     5.2219    27.2277    27.2270    34.2224    27.2270    1476.57    1476.58     3.4009  1030.9615    34.3871 0.0000e+00
      38396 291.707498  -43.32784  -55.54334     -0.750    1481.75    805.000    797.042     3.4523     3.4538     0.0016     3.3964     3.3979     0.0016   3.177615   3.177699   0.000075    34.2221    34.2213     5.2196    27.2272    27.2265    34.2209    27.2263    1476.53    1476.54     3.3962  1030.9562    34.3856 0.0000e+00
      38421 291.707510  -43.32784  -55.54335     -0.908    1481.75    804.000    796.053     3.4460     3.4462     0.0003     3.3902     3.3904     0.0003   3.177080   3.176826  -0.000245    34.2211    34.2179     5.2255    27.2270    27.2244    34.2216    27.2274    1476.49    1476.49     3.3901  1030.9529    34.3863 0.0000e+00
      38444 291.707521  -43.32785  -55.54336     -1.007    1481.75    803.000    795.065     3.4500     3.4514     0.0014     3.3943     3.3956     0.0014   3.177118   3.177096  -0.000062    34.2193    34.2171     5.2455    27.2252    27.2233    34.2184    27.2244    1476.49    1476.49     3.3942  1030.9453    34.3831 0.0000e+00
      38470 291.707533  -43.32786  -55.54336     -0.982    1481.75    802.000    794.077     3.4442     3.4459     0.0017     3.3886     3.3903     0.0017   3.176440   3.176539   0.000124    34.2173    34.2170     5.2564    27.2242    27.2237    34.2168    27.2238    1476.45    1476.45     3.3885  1030.9398    34.3810 0.0000e+00
      38499 291.707547  -43.32786 -9.990e-29     -0.858    1481.75    801.000    793.088     3.4343     3.4396     0.0053     3.3788     3.3841     0.0053   3.175189   3.175819   0.000555    34.2149    34.2160     5.2664    27.2231    27.2235    34.2128    27.2215    1476.38    1476.41     3.3787  1030.9330    34.3768 0.0000e+00
      38527 291.707561  -43.32786 -9.990e-29     -0.822    1481.75    800.000    792.100     3.4149     3.4256     0.0107     3.3596     3.3702     0.0106   3.172899   3.174116   0.001296    34.2087    34.2129     5.2857    27.2200    27.2224    34.2062    27.2180    1476.27    1476.32     3.3595  1030.9254    34.3702 0.0000e+00
      38552 291.707573  -43.32788 -9.990e-29     -0.916    1481.75    799.000    791.112     3.4007     3.3988    -0.0018     3.3456     3.3438    -0.0018   3.171563   3.171467  -0.000151    34.2081    34.2082     5.3029    27.2209    27.2211    34.2055    27.2188    1476.20    1476.19     3.3455  1030.9219    34.3695 0.0000e+00
      38573 291.707583  -43.32788  -55.54338     -1.055    1481.75    798.000    790.124     3.3979     3.4096     0.0117     3.3429     3.3545     0.0117   3.171463   3.172545   0.000902    34.2083    34.2069     5.3217    27.2213    27.2191    34.2078    27.2209    1476.17    1476.22     3.3428  1030.9199    34.3723 0.0000e+00
      38594 291.707593  -43.32788  -55.54338     -1.132    1481.75    797.000    789.136     3.4068     3.4374     0.0306     3.3519     3.3823     0.0304   3.172301   3.175042   0.002594    34.2087    34.2078     5.3530    27.2208    27.2171    34.2090    27.2210    1476.19    1476.33     3.3517  1030.9152    34.3736 0.0000e+00
      38621 291.707606  -43.32788  -55.54338     -1.002    1481.75    796.000    788.147     3.4177     3.4425     0.0247     3.3628     3.3873     0.0246   3.173338   3.175394   0.002206    34.2096    34.2101     5.3891    27.2204    27.2185    34.2105    27.2212    1476.23    1476.33     3.3626  1030.9106    34.3751 0.0000e+00
      38660 291.707625  -43.32788  -55.54340     -0.627    1481.75    795.000    787.158     3.4612     3.4466    -0.0147     3.4061     3.3915    -0.0146   3.177068   3.175906  -0.001119    34.2079    34.2099     5.4016    27.2150    27.2179    34.2102    27.2168    1476.39    1476.33     3.4059  1030.9007    34.3748 0.0000e+00
      38693 291.707641  -43.32788  -55.54340     -0.665    1481.75    794.000    786.171     3.4660     3.4660     0.0000     3.4109     3.4109     0.0000   3.177658   3.177559  -0.000097    34.2123    34.2112     5.3887    27.2181    27.2171    34.2128    27.2184    1476.40    1476.40     3.4107  1030.8976    34.3774 0.0000e+00
      38717 291.707653  -43.32788  -55.54340     -0.900    1481.75    793.000    785.183     3.4585     3.4538    -0.0047     3.4035     3.3988    -0.0046   3.176712   3.176248  -0.000447    34.2103    34.2098     5.3639    27.2171    27.2172    34.2098    27.2168    1476.35    1476.33     3.4033  1030.8916    34.3744 0.0000e+00
      38741 291.707664  -43.32789  -55.54341     -1.022    1481.75    792.000    784.194     3.4516     3.4429    -0.0087     3.3967     3.3880    -0.0087   3.175954   3.175124  -0.000806    34.2090    34.2085     5.3436    27.2167    27.2171    34.2085    27.2163    1476.30    1476.26     3.3966  1030.8867    34.3731 0.0000e+00
      38766 291.707676  -43.32790  -55.54342     -0.995    1481.75    791.000    783.206     3.4388     3.4304    -0.0084     3.3841     3.3757    -0.0084   3.174704   3.173743  -0.000874    34.2081    34.2064     5.3326    27.2172    27.2166    34.2074    27.2167    1476.23    1476.19     3.3839  1030.8827    34.3720 0.0000e+00
      38794 291.707689  -43.32790  -55.54342     -0.890    1481.75    790.000    782.218     3.4245     3.4310     0.0065     3.3699     3.3764     0.0064   3.173101   3.173820   0.000518    34.2062    34.2056     5.3430    27.2170    27.2159    34.2037    27.2151    1476.15    1476.18     3.3698  1030.8768    34.3682 0.0000e+00
      38821 291.707702  -43.32792  -55.54342     -0.853    1481.75    789.000    781.230     3.4078     3.4204     0.0127     3.3534     3.3659     0.0126   3.171500   3.172410   0.001151    34.2035    34.2040     5.3614    27.2164    27.2157    34.2025    27.2157    1476.06    1476.11     3.3533  1030.8732    34.3671 0.0000e+00
      38844 291.707714  -43.32792  -55.54344     -0.970    1481.75    788.000    780.241     3.4035     3.3901    -0.0134     3.3492     3.3359    -0.0133   3.170532   3.169353  -0.001238    34.1994    34.1986     5.3806    27.2136    27.2143    34.1959    27.2108    1476.01    1475.96     3.3491  1030.8639    34.3604 0.0000e+00
      38867 291.707725  -43.32792  -55.54344     -1.039    1481.75    787.000    779.253     3.3855     3.3805    -0.0050     3.3314     3.3264    -0.0050   3.168785   3.168269  -0.000496    34.1964    34.1958     5.4136    27.2129    27.2129    34.1943    27.2112    1475.92    1475.90     3.3313  1030.8598    34.3584 0.0000e+00
      38894 291.707738  -43.32792 -9.990e-29     -0.964    1481.75    786.000    778.265     3.3779     3.3745    -0.0033     3.3239     3.3206    -0.0033   3.168037   3.167577  -0.000431    34.1956    34.1939     5.4418    27.2129    27.2119    34.1939    27.2116    1475.87    1475.85     3.3238  1030.8555    34.3578 0.0000e+00
      38926 291.707753  -43.32792 -9.990e-29     -0.785    1481.75    785.000    777.276     3.3665     3.3737     0.0073     3.3127     3.3199     0.0072   3.166814   3.167456   0.000529    34.1944    34.1931     5.4814    27.2131    27.2114    34.1917    27.2109    1475.80    1475.83     3.3125  1030.8505    34.3555 0.0000e+00
      38955 291.707767  -43.32792  -55.54346     -0.764    1481.75    784.000    776.288     3.3606     3.3640     0.0035     3.3069     3.3103     0.0034   3.166027   3.166300   0.000357    34.1910    34.1916     5.5131    27.2109    27.2111    34.1890    27.2093    1475.76    1475.77     3.3068  1030.8442    34.3525 0.0000e+00
      38979 291.707779 -9.990e-29  -55.54346     -0.922    1481.75    783.000    775.300     3.3499     3.3491    -0.0009     3.2964     3.2955    -0.0009   3.164833   3.164780  -0.000074    34.1886    34.1886     5.5309    27.2100    27.2101    34.1863    27.2081    1475.69    1475.69     3.2963  1030.8371    34.3478 0.0000e+00
      39002 291.707790 -9.990e-29  -55.54346     -1.036    1481.75    782.000    774.312     3.3504     3.3500    -0.0004     3.2969     3.2965    -0.0004   3.164932   3.164828  -0.000119    34.1888    34.1878     5.5437    27.2101    27.2093    34.1875    27.2091    1475.68    1475.68     3.2968  1030.8334    34.3491 0.0000e+00
      39025 291.707801 -9.990e-29  -55.54347     -1.051    1481.75    781.000    773.323     3.3522     3.3602     0.0079     3.2988     3.3067     0.0079   3.165115   3.165901   0.000607    34.1891    34.1880     5.5524    27.2101    27.2085    34.1883    27.2095    1475.67    1475.71     3.2987  1030.8293    34.3498 0.0000e+00
      39052 291.707814  -43.32794  -55.54348     -0.954    1481.75    780.000    772.335     3.3596     3.3685     0.0089     3.3062     3.3150     0.0088   3.166033   3.166554   0.000743    34.1904    34.1900     5.5734    27.2105    27.2094    34.1921    27.2119    1475.69    1475.72     3.3061  1030.8270    34.3539 0.0000e+00
      39079 291.707827  -43.32794  -55.54348     -0.869    1481.75    779.000    771.347     3.4000     3.3972    -0.0028     3.3464     3.3437    -0.0027   3.169443   3.169745  -0.000172    34.1900    34.1908     5.5736    27.2064    27.2073    34.1912    27.2073    1475.85    1475.84     3.3463  1030.8191    34.3557 0.0000e+00
      39103 291.707838  -43.32796  -55.54348     -0.947    1481.75    778.000    770.358     3.4413     3.5124     0.0710     3.3875     3.4582     0.0706   3.174950   3.180918   0.005999    34.2011    34.1985     5.5686    27.2113    27.2025    34.2145    27.2220    1476.03    1476.33     3.3874  1030.8281    34.3790 0.0000e+00
      39124 291.707849  -43.32796  -55.54349     -1.073    1481.75    777.000    769.370     3.5417     3.5909     0.0493     3.4873     3.5363     0.0490   3.183964   3.188552   0.004191    34.2100    34.2085     5.5528    27.2088    27.2029    34.2178    27.2150    1476.45    1476.66     3.4872  1030.8145    34.3823 0.0000e+00
      39146 291.707859  -43.32796  -55.54350     -1.114    1481.75    776.000    768.382     3.5949     3.6512     0.0563     3.5404     3.5963     0.0560   3.189026   3.194325   0.005282    34.2128    34.2170     5.5417    27.2060    27.2038    34.2231    27.2141    1476.66    1476.90     3.5402  1030.8079    34.3877 0.0000e+00
      39175 291.707873  -43.32796  -55.54350     -0.946    1481.75    775.000    767.393     3.6199     3.6423     0.0223     3.5653     3.5875     0.0222   3.191196   3.193409   0.002602    34.2150    34.2227     5.4819    27.2053    27.2092    34.2234    27.2119    1476.75    1476.85     3.5652  1030.8006    34.3879 0.0000e+00
      39215 291.707893  -43.32796  -55.54351     -0.567    1481.75    774.000    766.405     3.7141     3.7075    -0.0067     3.6590     3.6524    -0.0066   3.199930   3.200044   0.000014    34.2199    34.2270     5.3444    27.2000    27.2063    34.2296    27.2077    1477.14    1477.12     3.6588  1030.7898    34.3942 0.0000e+00
      39245 291.707907  -43.32797  -55.54352     -0.729    1481.75    773.000    765.416     3.7147     3.7140    -0.0007     3.6596     3.6589    -0.0007   3.200609   3.200408  -0.000231    34.2320    34.2301     5.2925    27.2096    27.2081    34.2375    27.2139    1477.14    1477.13     3.6595  1030.7914    34.4022 0.0000e+00
      39271 291.707920  -43.32798  -55.54352     -0.887    1481.75    772.000    764.428     3.7144     3.7254     0.0110     3.6594     3.6703     0.0109   3.200552   3.201402   0.000906    34.2320    34.2313     5.2506    27.2096    27.2079    34.2377    27.2141    1477.12    1477.16     3.6593  1030.7852    34.4001 0.0000e+00
      39296 291.707932 -9.990e-29  -55.54352     -0.960    1481.75    771.000    763.440     3.7124     3.7255     0.0130     3.6575     3.6705     0.0130   3.199977   3.201350   0.001304    34.2299    34.2318     5.2081    27.2081    27.2083    34.2335    27.2109    1477.09    1477.15     3.6574  1030.7771    34.3952 0.0000e+00
