Pos-Processados/process_op42/Processamento_split/up/uoperantar42_023.cnv
* Sea-Bird SBE 9 Data File:
* FileName = C:\Users\Hidrografia\Desktop\OPXLII\Brutos\OP42023.hdr
* Software Version Seasave V 7.26.7.107
* Temperature SN = 6502
* Conductivity SN = 4998
* Number of Bytes Per Scan = 37
* Number of Voltage Words = 4
* Number of Scans Averaged by the Deck Unit = 1
* NMEA Latitude = 62 09.26 S
* NMEA Longitude = 058 24.38 W
* NMEA UTC (Time) = Nov 08 2023 09:02:28
* NMEA baud rate = 4800
** H41
** NPOALTEMAXIMIANO
** NUMERO DA ESTACAO (XXX) 023
** LAT (XX XX.XX S/N) 62 09.60 S
** LONG (XXX XX.XX W/E) 058 24.03 W
** DATAHORA (dd/mm/aaaa hh:mm Z) 08/11/2023 0901Z
** PROFUNDIDADE (m) 462
** OPERADOR CT FILIPE LOPES
# nquan = 30
# nvalues = 429                         
# units = specified
# name 0 = scan: Scan Count
# name 1 = timeJ: Julian Days
# name 2 = latitude: Latitude [deg]
# name 3 = longitude: Longitude [deg]
# name 4 = dz/dtM: Descent Rate [m/s]
# name 5 = avgsvCM: Average Sound Velocity [Chen-Millero, m/s]
# name 6 = prDM: Pressure, Digiquartz [db]
# name 7 = depSM: Depth [salt water, m]
# name 8 = t090C: Temperature [ITS-90, deg C]
# name 9 = t190C: Temperature, 2 [ITS-90, deg C]
# name 10 = T2-T190C: Temperature Difference, 2 - 1 [ITS-90, deg C]
# name 11 = potemp090C: Potential Temperature [ITS-90, deg C]
# name 12 = potemp190C: Potential Temperature, 2 [ITS-90, deg C]
# name 13 = potemp90Cdiff: Potential Temperature, Diff, 2 - 1 [ITS-90, deg C]
# name 14 = c0S/m: Conductivity [S/m]
# name 15 = c1S/m: Conductivity, 2 [S/m]
# name 16 = C2-C1S/m: Conductivity Difference, 2 - 1 [S/m]
# name 17 = sal00: Salinity, Practical [PSU]
# name 18 = sal11: Salinity, Practical, 2 [PSU]
# name 19 = sbeox0ML/L: Oxygen, SBE 43 [ml/l]
# name 20 = sigma-é00: Density [sigma-theta, kg/m^3]
# name 21 = sigma-é11: Density, 2 [sigma-theta, kg/m^3]
# name 22 = sal00: Salinity, Practical [PSU]
# name 23 = sigma-é00: Density [sigma-theta, kg/m^3]
# name 24 = svCM: Sound Velocity [Chen-Millero, m/s]
# name 25 = svCM1: Sound Velocity, 2 [Chen-Millero, m/s]
# name 26 = gsw_ptA0: potential temperature [ITS-90, deg C]
# name 27 = gsw_densityA0: density, TEOS-10 [density, kg/m^3]
# name 28 = gsw_saA0: Absolute Salinity [g/kg]
# name 29 = flag:
# span 0 =      20839,      33294       
# span 1 = 312.386762, 312.392769       
# span 2 =  -62.15478,  -62.15450       
# span 3 =  -58.39898,  -58.39391       
# span 4 =     -1.055,     -0.190       
# span 5 =    1448.49,    1448.49       
# span 6 =      2.000,    430.000       
# span 7 =      1.983,    425.431       
# span 8 =    -0.8457,    -0.5123       
# span 9 =    -0.8448,    -0.5117       
# span 10 =    -0.0078,     0.0112      
# span 11 =    -0.8519,    -0.5264      
# span 12 =    -0.8509,    -0.5258      
# span 13 =    -0.0078,     0.0111      
# span 14 =   2.789048,   2.834793      
# span 15 =   2.789015,   2.834816      
# span 16 =  -0.000744,   0.001089      
# span 17 =    34.2875,    34.4205      
# span 18 =    34.2863,    34.4198      
# span 19 =     6.5660,     7.5750      
# span 20 =    27.5619,    27.6656      
# span 21 =    27.5606,    27.6650      
# span 22 =    34.2898,    34.4204      
# span 23 =    27.5626,    27.6655      
# span 24 =    1445.42,    1452.85      
# span 25 =    1445.43,    1452.84      
# span 26 =    -0.8517,    -0.5262      
# span 27 =  1027.5773,  1029.7192      
# span 28 =    34.4556,    34.5889      
# span 29 = 0.0000e+00, 0.0000e+00      
# interval = decibars: 1                
# start_time = Nov 08 2023 09:02:28 [NMEA time, header]
# bad_flag = -9.990e-29
*END*
[from data line 146]
      25384 312.388954  -62.15476  -58.39718     -0.831    1448.49    284.000    281.081    -0.7425    -0.7333     0.0092    -0.7513    -0.7420     0.0092   2.804799   2.805752   0.000899    34.3479    34.3495     7.0962    27.6150    27.6159    34.3462    27.6136    1449.44    1449.48    -0.7511  1028.9761    34.5139 0.0000e+00
      25408 312.388966  -62.15476  -58.39717     -0.924    1448.49    283.000    280.093    -0.7496    -0.7384     0.0112    -0.7583    -0.7472     0.0111   2.804075   2.805155   0.001089    34.3460    34.3481     7.0896    27.6138    27.6149    34.3451    27.6130    1449.38    1449.44    -0.7581  1028.9708    34.5128 0.0000e+00
      25431 312.388977  -62.15476  -58.39715     -1.017    1448.49    282.000    279.104    -0.7536    -0.7490     0.0046    -0.7622    -0.7577     0.0046   2.803588   2.803977   0.000449    34.3450    34.3459     7.1031    27.6131    27.6137    34.3436    27.6119    1449.35    1449.37    -0.7621  1028.9651    34.5113 0.0000e+00
      25460 312.388991  -62.15476  -58.39714     -0.920    1448.49    281.000    278.115    -0.7579    -0.7538     0.0041    -0.7665    -0.7625     0.0040   2.803167   2.803512   0.000265    34.3449    34.3439     7.1153    27.6132    27.6122    34.3434    27.6120    1449.31    1449.33    -0.7663  1028.9604    34.5111 0.0000e+00
      25489 312.389005  -62.15476  -58.39713     -0.835    1448.49    280.000    277.126    -0.7611    -0.7575     0.0036    -0.7697    -0.7661     0.0036   2.802657   2.802996   0.000398    34.3411    34.3424     7.1266    27.6102    27.6111    34.3407    27.6099    1449.28    1449.29    -0.7695  1028.9536    34.5084 0.0000e+00
      25523 312.389021  -62.15476  -58.39712     -0.721    1448.49    279.000    276.136    -0.7577    -0.7550     0.0028    -0.7663    -0.7635     0.0027   2.802750   2.803153   0.000389    34.3401    34.3422     7.1456    27.6092    27.6109    34.3388    27.6082    1449.27    1449.29    -0.7661  1028.9471    34.5065 0.0000e+00
      25552 312.389035  -62.15476  -58.39710     -0.766    1448.49    278.000    275.147    -0.7642    -0.7628     0.0014    -0.7727    -0.7713     0.0014   2.802024   2.802088   0.000093    34.3377    34.3373     7.1748    27.6076    27.6072    34.3369    27.6070    1449.22    1449.23    -0.7725  1028.9412    34.5046 0.0000e+00
      25577 312.389047  -62.15476  -58.39709     -0.915    1448.49    277.000    274.158    -0.7645    -0.7634     0.0011    -0.7730    -0.7719     0.0011   2.801898   2.801961   0.000051    34.3373    34.3367     7.1776    27.6073    27.6067    34.3362    27.6064    1449.21    1449.21    -0.7728  1028.9358    34.5039 0.0000e+00
      25603 312.389059  -62.15476  -58.39708     -0.952    1448.49    276.000    273.169    -0.7672    -0.7652     0.0020    -0.7757    -0.7736     0.0020   2.801518   2.801685   0.000170    34.3356    34.3356     7.1889    27.6060    27.6059    34.3348    27.6053    1449.17    1449.18    -0.7754  1028.9300    34.5024 0.0000e+00
      25630 312.389073  -62.15476  -58.39707     -0.905    1448.49    275.000    272.180    -0.7685    -0.7666     0.0019    -0.7769    -0.7749     0.0019   2.801341   2.801480   0.000152    34.3350    34.3348     7.2071    27.6056    27.6054    34.3344    27.6051    1449.15    1449.16    -0.7767  1028.9251    34.5021 0.0000e+00
      25660 312.389087  -62.15476  -58.39706     -0.810    1448.49    274.000    271.191    -0.7683    -0.7653     0.0031    -0.7767    -0.7737     0.0031   2.801285   2.801594   0.000296    34.3347    34.3353     7.2209    27.6054    27.6057    34.3341    27.6049    1449.14    1449.15    -0.7765  1028.9200    34.5018 0.0000e+00
      25690 312.389102  -62.15476  -58.39704     -0.786    1448.49    273.000    270.201    -0.7699    -0.7683     0.0016    -0.7782    -0.7766     0.0016   2.801026   2.801142   0.000125    34.3336    34.3335     7.2213    27.6045    27.6043    34.3330    27.6040    1449.11    1449.12    -0.7780  1028.9144    34.5006 0.0000e+00
      25716 312.389114  -62.15476  -58.39704     -0.882    1448.49    272.000    269.213    -0.7709    -0.7681     0.0028    -0.7792    -0.7764     0.0027   2.800861   2.801104   0.000237    34.3331    34.3332     7.2297    27.6042    27.6041    34.3325    27.6037    1449.09    1449.10    -0.7790  1028.9093    34.5002 0.0000e+00
      25743 312.389127  -62.15476  -58.39702     -0.909    1448.49    271.000    268.223    -0.7747    -0.7713     0.0033    -0.7829    -0.7796     0.0033   2.800403   2.800683   0.000280    34.3322    34.3322     7.2519    27.6035    27.6034    34.3312    27.6028    1449.05    1449.07    -0.7827  1028.9037    34.4988 0.0000e+00
      25769 312.389140  -62.15476  -58.39701     -0.908    1448.49    270.000    267.234    -0.7770    -0.7739     0.0032    -0.7852    -0.7821     0.0031   2.800148   2.800383   0.000229    34.3316    34.3311     7.2548    27.6032    27.6027    34.3310    27.6027    1449.02    1449.04    -0.7850  1028.8989    34.4987 0.0000e+00
      25795 312.389152  -62.15476  -58.39700     -0.916    1448.49    269.000    266.245    -0.7801    -0.7765     0.0036    -0.7883    -0.7847     0.0036   2.799751   2.800039   0.000302    34.3306    34.3306     7.2445    27.6025    27.6023    34.3298    27.6018    1448.99    1449.01    -0.7881  1028.8933    34.4974 0.0000e+00
      25821 312.389165  -62.15476  -58.39699     -0.917    1448.49    268.000    265.256    -0.7811    -0.7788     0.0024    -0.7893    -0.7869     0.0024   2.799591   2.799764   0.000163    34.3301    34.3296     7.2450    27.6021    27.6016    34.3294    27.6015    1448.97    1448.98    -0.7890  1028.8883    34.4970 0.0000e+00
      25847 312.389177  -62.15476  -58.39698     -0.930    1448.49    267.000    264.267    -0.7829    -0.7804     0.0025    -0.7910    -0.7885     0.0025   2.799312   2.799529   0.000220    34.3290    34.3290     7.2657    27.6012    27.6012    34.3283    27.6007    1448.94    1448.96    -0.7908  1028.8827    34.4959 0.0000e+00
      25873 312.389190  -62.15476  -58.39697     -0.928    1448.49    266.000    263.278    -0.7836    -0.7820     0.0016    -0.7917    -0.7901     0.0016   2.799212   2.799298   0.000096    34.3289    34.3283     7.2729    27.6012    27.6007    34.3283    27.6008    1448.93    1448.93    -0.7915  1028.8780    34.4959 0.0000e+00
      25899 312.389202  -62.15476  -58.39694     -0.922    1448.49    265.000    262.289    -0.7850    -0.7830     0.0020    -0.7930    -0.7911     0.0020   2.799001   2.799135   0.000132    34.3282    34.3278     7.2754    27.6008    27.6003    34.3276    27.6003    1448.90    1448.91    -0.7928  1028.8727    34.4952 0.0000e+00
      25924 312.389214  -62.15476  -58.39694     -0.933    1448.49    264.000    261.300    -0.7859    -0.7840     0.0020    -0.7939    -0.7919     0.0020   2.798844   2.798993   0.000149    34.3277    34.3275     7.2770    27.6004    27.6001    34.3272    27.6000    1448.88    1448.89    -0.7937  1028.8676    34.4948 0.0000e+00
      25948 312.389226  -62.15476  -58.39692     -0.987    1448.49    263.000    260.311    -0.7866    -0.7850     0.0016    -0.7945    -0.7929     0.0016   2.798733   2.798815   0.000090    34.3275    34.3269     7.2893    27.6003    27.5997    34.3270    27.5999    1448.86    1448.87    -0.7944  1028.8628    34.4946 0.0000e+00
      25972 312.389237  -62.15476  -58.39692     -1.011    1448.49    262.000    259.321    -0.7872    -0.7859     0.0012    -0.7951    -0.7938     0.0012   2.798626   2.798674   0.000053    34.3272    34.3266     7.2976    27.6001    27.5995    34.3269    27.5997    1448.84    1448.85    -0.7949  1028.8579    34.4944 0.0000e+00
      25996 312.389249  -62.15476  -58.39692     -1.009    1448.49    261.000    258.332    -0.7877    -0.7864     0.0014    -0.7956    -0.7942     0.0014   2.798522   2.798573   0.000049    34.3272    34.3263     7.2878    27.6000    27.5992    34.3267    27.5996    1448.82    1448.83    -0.7954  1028.8530    34.4943 0.0000e+00
      26021 312.389261  -62.15476  -58.39690     -0.965    1448.49    260.000    257.343    -0.7890    -0.7871     0.0019    -0.7969    -0.7950     0.0019   2.798340   2.798457   0.000116    34.3268    34.3262     7.2879    27.5998    27.5992    34.3264    27.5994    1448.80    1448.81    -0.7967  1028.8480    34.4939 0.0000e+00
      26049 312.389275  -62.15476  -58.39690     -0.890    1448.49    259.000    256.354    -0.7905    -0.7886     0.0019    -0.7983    -0.7965     0.0019   2.798157   2.798278   0.000114    34.3266    34.3260     7.2968    27.5996    27.5991    34.3262    27.5993    1448.78    1448.78    -0.7981  1028.8432    34.4937 0.0000e+00
      26079 312.389289  -62.15476  -58.39687     -0.821    1448.49    258.000    255.364    -0.7921    -0.7895     0.0026    -0.7999    -0.7973     0.0026   2.797927   2.798113   0.000186    34.3262    34.3257     7.3085    27.5994    27.5989    34.3255    27.5988    1448.75    1448.76    -0.7997  1028.8380    34.4930 0.0000e+00
      26106 312.389302  -62.15476  -58.39686     -0.859    1448.49    257.000    254.376    -0.7961    -0.7928     0.0034    -0.8039    -0.8005     0.0034   2.797464   2.797736   0.000266    34.3251    34.3248     7.3026    27.5987    27.5983    34.3244    27.5981    1448.72    1448.73    -0.8037  1028.8325    34.4920 0.0000e+00
      26130 312.389314  -62.15476  -58.39685     -0.943    1448.49    256.000    253.387    -0.7994    -0.7945     0.0049    -0.8071    -0.8022     0.0049   2.797077   2.797504   0.000423    34.3243    34.3244     7.2953    27.5982    27.5981    34.3235    27.5975    1448.68    1448.71    -0.8069  1028.8272    34.4910 0.0000e+00
      26154 312.389325  -62.15476  -58.39684     -0.999    1448.49    255.000    252.397    -0.8013    -0.7976     0.0038    -0.8090    -0.8052     0.0037   2.796837   2.797169   0.000320    34.3238    34.3239     7.3017    27.5979    27.5978    34.3230    27.5972    1448.66    1448.67    -0.8088  1028.8221    34.4905 0.0000e+00
      26179 312.389337  -62.15476  -58.39683     -0.977    1448.49    254.000    251.408    -0.8036    -0.8001     0.0035    -0.8112    -0.8077     0.0035   2.796600   2.796861   0.000263    34.3236    34.3233     7.3207    27.5978    27.5973    34.3230    27.5972    1448.63    1448.64    -0.8110  1028.8174    34.4905 0.0000e+00
      26204 312.389349  -62.15476  -58.39682     -0.970    1448.49    253.000    250.419    -0.8062    -0.8029     0.0033    -0.8138    -0.8105     0.0033   2.796321   2.796550   0.000233    34.3234    34.3229     7.3231    27.5977    27.5971    34.3228    27.5972    1448.60    1448.61    -0.8136  1028.8127    34.4904 0.0000e+00
      26232 312.389363  -62.15476  -58.39681     -0.892    1448.49    252.000    249.430    -0.8073    -0.8034     0.0039    -0.8148    -0.8110     0.0039   2.796170   2.796455   0.000286    34.3232    34.3227     7.3246    27.5976    27.5970    34.3226    27.5971    1448.58    1448.60    -0.8147  1028.8078    34.4902 0.0000e+00
      26261 312.389377  -62.15476  -58.39680     -0.840    1448.49    251.000    248.441    -0.8078    -0.8062     0.0016    -0.8153    -0.8138     0.0016   2.796066   2.796133   0.000080    34.3228    34.3221     7.3267    27.5973    27.5967    34.3224    27.5970    1448.56    1448.57    -0.8151  1028.8028    34.4899 0.0000e+00
      26290 312.389391  -62.15476  -58.39678     -0.827    1448.49    250.000    247.451    -0.8085    -0.8072     0.0013    -0.8160    -0.8147     0.0013   2.795956   2.796002   0.000044    34.3228    34.3219     7.3343    27.5973    27.5965    34.3223    27.5969    1448.54    1448.55    -0.8158  1028.7980    34.4898 0.0000e+00
      26318 312.389405  -62.15476  -58.39677     -0.830    1448.49    249.000    246.462    -0.8097    -0.8078     0.0019    -0.8172    -0.8152     0.0019   2.795798   2.795891   0.000097    34.3226    34.3218     7.3397    27.5972    27.5964    34.3222    27.5968    1448.52    1448.53    -0.8170  1028.7932    34.4897 0.0000e+00
      26346 312.389418  -62.15476  -58.39676     -0.867    1448.49    248.000    245.473    -0.8108    -0.8094     0.0014    -0.8183    -0.8168     0.0014   2.795640   2.795700   0.000053    34.3225    34.3216     7.3366    27.5971    27.5963    34.3219    27.5967    1448.50    1448.50    -0.8180  1028.7883    34.4894 0.0000e+00
      26371 312.389430  -62.15476  -58.39675     -0.908    1448.49    247.000    244.484    -0.8132    -0.8108     0.0025    -0.8206    -0.8182     0.0025   2.795367   2.795525   0.000162    34.3221    34.3215     7.3411    27.5969    27.5963    34.3216    27.5965    1448.47    1448.48    -0.8204  1028.7834    34.4890 0.0000e+00
      26396 312.389442  -62.15476  -58.39674     -0.957    1448.49    246.000    243.494    -0.8144    -0.8116     0.0028    -0.8218    -0.8190     0.0028   2.795209   2.795409   0.000179    34.3221    34.3213     7.3497    27.5969    27.5962    34.3214    27.5964    1448.45    1448.46    -0.8216  1028.7785    34.4889 0.0000e+00
      26420 312.389454  -62.15476  -58.39673     -0.989    1448.49    245.000    242.506    -0.8167    -0.8133     0.0034    -0.8240    -0.8206     0.0034   2.794978   2.795198   0.000242    34.3219    34.3213     7.3576    27.5969    27.5962    34.3215    27.5965    1448.42    1448.43    -0.8238  1028.7739    34.4889 0.0000e+00
      26445 312.389466  -62.15476  -58.39672     -0.974    1448.49    244.000    241.516    -0.8179    -0.8159     0.0020    -0.8251    -0.8232     0.0020   2.794807   2.794926   0.000109    34.3218    34.3210     7.3444    27.5968    27.5961    34.3211    27.5963    1448.40    1448.40    -0.8250  1028.7689    34.4886 0.0000e+00
      26472 312.389479  -62.15476  -58.39671     -0.924    1448.49    243.000    240.527    -0.8199    -0.8181     0.0018    -0.8272    -0.8253     0.0018   2.794588   2.794696   0.000119    34.3215    34.3210     7.3517    27.5967    27.5962    34.3211    27.5964    1448.37    1448.38    -0.8270  1028.7642    34.4885 0.0000e+00
      26500 312.389492  -62.15476  -58.39670     -0.873    1448.49    242.000    239.538    -0.8205    -0.8190     0.0015    -0.8277    -0.8262     0.0015   2.794486   2.794553   0.000074    34.3214    34.3206     7.3478    27.5966    27.5960    34.3210    27.5963    1448.35    1448.36    -0.8275  1028.7594    34.4884 0.0000e+00
      26527 312.389505  -62.15476  -58.39668     -0.874    1448.49    241.000    238.548    -0.8211    -0.8199     0.0013    -0.8283    -0.8271     0.0013   2.794380   2.794424   0.000042    34.3213    34.3204     7.3574    27.5966    27.5958    34.3209    27.5963    1448.33    1448.34    -0.8281  1028.7545    34.4883 0.0000e+00
      26553 312.389518  -62.15474  -58.39666     -0.895    1448.49    240.000    237.559    -0.8216    -0.8199     0.0017    -0.8288    -0.8270     0.0017   2.794288   2.794366   0.000082    34.3211    34.3203     7.3520    27.5965    27.5957    34.3208    27.5962    1448.31    1448.32    -0.8286  1028.7497    34.4882 0.0000e+00
      26579 312.389530  -62.15474  -58.39666     -0.923    1448.49    239.000    236.570    -0.8218    -0.8209     0.0009    -0.8289    -0.8280     0.0009   2.794234   2.794242   0.000013    34.3211    34.3203     7.3456    27.5965    27.5958    34.3208    27.5962    1448.30    1448.30    -0.8287  1028.7450    34.4883 0.0000e+00
      26603 312.389542  -62.15474  -58.39664     -0.964    1448.49    238.000    235.581    -0.8231    -0.8213     0.0018    -0.8302    -0.8284     0.0018   2.794044   2.794139   0.000086    34.3209    34.3201     7.3538    27.5963    27.5956    34.3204    27.5959    1448.27    1448.28    -0.8300  1028.7399    34.4878 0.0000e+00
