Pos-Processados/process_op42/Processamento_split/up/uoperantar42_035.cnv
* Sea-Bird SBE 9 Data File:
* FileName = C:\Users\Hidrografia\Desktop\OPXLII\Brutos\OP42035.hdr
* Software Version Seasave V 7.26.7.107
* Temperature SN = 6502
* Conductivity SN = 4998
* Number of Bytes Per Scan = 37
* Number of Voltage Words = 4
* Number of Scans Averaged by the Deck Unit = 1
* NMEA Latitude = 62 08.15 S
* NMEA Longitude = 058 26.56 W
* NMEA UTC (Time) = Nov 09 2023 10:06:19
* NMEA baud rate = 4800
** H41
** NPOALTEMAXIMIANO
** NUMERO DA ESTACAO (XXX) 035
** LAT (XX XX.XX S/N) 62 08.14 S
** LONG (XXX XX.XX W/E) 058 26.57 W
** DATAHORA (dd/mm/aaaa hh:mm Z) 09/11/2023 1005Z
** PROFUNDIDADE (m) 424
** OPERADOR CT FABIREZA
# nquan = 30
# nvalues = 396                         
# units = specified
# name 0 = scan: Scan Count
# name 1 = timeJ: Julian Days
# name 2 = latitude: Latitude [deg]
# name 3 = longitude: Longitude [deg]
# name 4 = dz/dtM: Descent Rate [m/s]
# name 5 = avgsvCM: Average Sound Velocity [Chen-Millero, m/s]
# name 6 = prDM: Pressure, Digiquartz [db]
# name 7 = depSM: Depth [salt water, m]
# name 8 = t090C: Temperature [ITS-90, deg C]
# name 9 = t190C: Temperature, 2 [ITS-90, deg C]
# name 10 = T2-T190C: Temperature Difference, 2 - 1 [ITS-90, deg C]
# name 11 = potemp090C: Potential Temperature [ITS-90, deg C]
# name 12 = potemp190C: Potential Temperature, 2 [ITS-90, deg C]
# name 13 = potemp90Cdiff: Potential Temperature, Diff, 2 - 1 [ITS-90, deg C]
# name 14 = c0S/m: Conductivity [S/m]
# name 15 = c1S/m: Conductivity, 2 [S/m]
# name 16 = C2-C1S/m: Conductivity Difference, 2 - 1 [S/m]
# name 17 = sal00: Salinity, Practical [PSU]
# name 18 = sal11: Salinity, Practical, 2 [PSU]
# name 19 = sbeox0ML/L: Oxygen, SBE 43 [ml/l]
# name 20 = sigma-é00: Density [sigma-theta, kg/m^3]
# name 21 = sigma-é11: Density, 2 [sigma-theta, kg/m^3]
# name 22 = sal00: Salinity, Practical [PSU]
# name 23 = sigma-é00: Density [sigma-theta, kg/m^3]
# name 24 = svCM: Sound Velocity [Chen-Millero, m/s]
# name 25 = svCM1: Sound Velocity, 2 [Chen-Millero, m/s]
# name 26 = gsw_ptA0: potential temperature [ITS-90, deg C]
# name 27 = gsw_densityA0: density, TEOS-10 [density, kg/m^3]
# name 28 = gsw_saA0: Absolute Salinity [g/kg]
# name 29 = flag:
# span 0 =      14623,      25779       
# span 1 = 313.428105, 313.433485       
# span 2 =  -62.14015,  -62.13830       
# span 3 =  -58.44210,  -58.44064       
# span 4 =     -1.204,     -0.119       
# span 5 =    1448.29,    1448.29       
# span 6 =      2.000,    397.000       
# span 7 =      1.982,    392.814       
# span 8 =    -0.7849,    -0.5498       
# span 9 =    -0.7839,    -0.5490       
# span 10 =    -0.0113,     0.0156      
# span 11 =    -0.7905,    -0.5500      
# span 12 =    -0.7895,    -0.5492      
# span 13 =    -0.0113,     0.0156      
# span 14 =   2.793609,   2.823153      
# span 15 =   2.793581,   2.823182      
# span 16 =  -0.000959,   0.001362      
# span 17 =    34.2788,    34.3918      
# span 18 =    34.2773,    34.3910      
# span 19 =     6.7875,     7.6586      
# span 20 =    27.5531,    27.6458      
# span 21 =    27.5517,    27.6450      
# span 22 =    34.2793,    34.3917      
# span 23 =    27.5534,    27.6456      
# span 24 =    1445.66,    1451.89      
# span 25 =    1445.66,    1451.90      
# span 26 =    -0.7903,    -0.5500      
# span 27 =  1027.5664,  1029.5438      
# span 28 =    34.4413,    34.5602      
# span 29 = 0.0000e+00, 0.0000e+00      
# interval = decibars: 1                
# start_time = Nov 09 2023 10:06:19 [NMEA time, header]
# bad_flag = -9.990e-29
*END*
[from data line 194]
      19738 313.430571  -62.13916  -58.44144     -0.813    1448.29    203.000    200.953    -0.7758    -0.7744     0.0014    -0.7818    -0.7804     0.0014   2.795390   2.795442   0.000056    34.3068    34.3059     7.4297    27.5829    27.5822    34.3065    27.5827    1447.91    1447.91    -0.7817  1028.5593    34.4736 0.0000e+00
      19766 313.430585  -62.13916  -58.44143     -0.817    1448.29    202.000    199.964    -0.7769    -0.7756     0.0012    -0.7829    -0.7817     0.0012   2.795211   2.795259   0.000044    34.3063    34.3055     7.4419    27.5826    27.5819    34.3059    27.5822    1447.88    1447.89    -0.7827  1028.5558    34.4752 0.0000e+00
      19791 313.430597  -62.13917 -9.990e-29     -0.909    1448.29    201.000    198.975    -0.7782    -0.7767     0.0015    -0.7842    -0.7827     0.0015   2.794992   2.795082   0.000083    34.3056    34.3050     7.4501    27.5821    27.5815    34.3050    27.5816    1447.86    1447.87    -0.7840  1028.5505    34.4745 0.0000e+00
      19814 313.430608  -62.13918 -9.990e-29     -1.003    1448.29    200.000    197.985    -0.7805    -0.7782     0.0023    -0.7865    -0.7841     0.0023   2.794730   2.794868   0.000142    34.3052    34.3045     7.4602    27.5818    27.5812    34.3047    27.5815    1447.83    1447.84    -0.7863  1028.5456    34.4742 0.0000e+00
      19837 313.430619  -62.13918 -9.990e-29     -1.037    1448.29    199.000    196.996    -0.7816    -0.7800     0.0017    -0.7875    -0.7859     0.0017   2.794534   2.794636   0.000102    34.3045    34.3039     7.4573    27.5813    27.5808    34.3040    27.5809    1447.81    1447.82    -0.7874  1028.5403    34.4734 0.0000e+00
      19862 313.430631  -62.13918 -9.990e-29     -1.007    1448.29    198.000    196.006    -0.7818    -0.7806     0.0012    -0.7877    -0.7865     0.0012   2.794474   2.794513   0.000046    34.3043    34.3035     7.4516    27.5811    27.5805    34.3040    27.5809    1447.79    1447.80    -0.7875  1028.5355    34.4734 0.0000e+00
      19889 313.430644  -62.13918 -9.990e-29     -0.922    1448.29    197.000    195.017    -0.7816    -0.7805     0.0010    -0.7874    -0.7864     0.0010   2.794430   2.794461   0.000034    34.3039    34.3033     7.4519    27.5809    27.5803    34.3037    27.5807    1447.78    1447.78    -0.7873  1028.5305    34.4731 0.0000e+00
      19915 313.430657  -62.13919 -9.990e-29     -0.895    1448.29    196.000    194.027    -0.7815    -0.7806     0.0008    -0.7873    -0.7864     0.0008   2.794376   2.794370  -0.000006    34.3037    34.3027     7.4518    27.5807    27.5798    34.3035    27.5805    1447.76    1447.76    -0.7872  1028.5255    34.4729 0.0000e+00
      19939 313.430668  -62.13920 -9.990e-29     -0.961    1448.29    195.000    193.038    -0.7820    -0.7809     0.0011    -0.7878    -0.7867     0.0011   2.794235   2.794288   0.000051    34.3032    34.3026     7.4723    27.5803    27.5797    34.3028    27.5800    1447.74    1447.75    -0.7876  1028.5202    34.4722 0.0000e+00
      19962 313.430680  -62.13920  -58.44140     -1.019    1448.29    194.000    192.048    -0.7833    -0.7818     0.0015    -0.7890    -0.7875     0.0015   2.794069   2.794148   0.000073    34.3030    34.3022     7.4657    27.5801    27.5795    34.3027    27.5799    1447.72    1447.73    -0.7889  1028.5139    34.4702 0.0000e+00
      19986 313.430691  -62.13920  -58.44140     -1.025    1448.29    193.000    191.059    -0.7839    -0.7825     0.0014    -0.7896    -0.7882     0.0014   2.793975   2.794020   0.000054    34.3028    34.3020     7.4589    27.5801    27.5793    34.3026    27.5799    1447.70    1447.71    -0.7895  1028.5088    34.4698 0.0000e+00
      20012 313.430704  -62.13920  -58.44139     -0.965    1448.29    192.000    190.070    -0.7841    -0.7828     0.0013    -0.7898    -0.7885     0.0013   2.793892   2.793939   0.000043    34.3026    34.3018     7.4728    27.5799    27.5791    34.3024    27.5797    1447.68    1447.69    -0.7896  1028.5038    34.4695 0.0000e+00
      20041 313.430718  -62.13920  -58.44138     -0.848    1448.29    191.000    189.080    -0.7842    -0.7824     0.0018    -0.7898    -0.7880     0.0018   2.793837   2.793940   0.000106    34.3025    34.3020     7.4780    27.5798    27.5793    34.3023    27.5796    1447.67    1447.67    -0.7897  1028.4990    34.4694 0.0000e+00
      20067 313.430730  -62.13922  -58.44138     -0.873    1448.29    190.000    188.091    -0.7847    -0.7837     0.0010    -0.7904    -0.7893     0.0010   2.793693   2.793722   0.000031    34.3019    34.3012     7.4839    27.5793    27.5787    34.3017    27.5791    1447.65    1447.65    -0.7902  1028.4937    34.4688 0.0000e+00
      20090 313.430741  -62.13922  -58.44138     -0.989    1448.29    189.000    187.101    -0.7849    -0.7839     0.0011    -0.7905    -0.7895     0.0011   2.793609   2.793619   0.000013    34.3015    34.3005     7.4691    27.5790    27.5782    34.3013    27.5789    1447.63    1447.63    -0.7903  1028.4887    34.4684 0.0000e+00
      20112 313.430752  -62.13922  -58.44138     -1.075    1448.29    188.000    186.111    -0.7840    -0.7835     0.0005    -0.7895    -0.7890     0.0005   2.793631   2.793581  -0.000044    34.3013    34.3001     7.4717    27.5788    27.5778    34.3012    27.5787    1447.62    1447.62    -0.7894  1028.4838    34.4683 0.0000e+00
      20134 313.430762  -62.13922  -58.44137     -1.103    1448.29    187.000    185.122    -0.7826    -0.7828    -0.0002    -0.7882    -0.7883    -0.0002   2.793672   2.793583  -0.000080    34.3007    34.2998     7.4773    27.5783    27.5776    34.3008    27.5784    1447.61    1447.60    -0.7880  1028.4786    34.4679 0.0000e+00
      20157 313.430774  -62.13922  -58.44136     -1.061    1448.29    186.000    184.133    -0.7810    -0.7813    -0.0003    -0.7865    -0.7868    -0.0003   2.793726   2.793637  -0.000082    34.3003    34.2995     7.4833    27.5779    27.5773    34.3004    27.5779    1447.60    1447.60    -0.7864  1028.4707    34.4641 0.0000e+00
      20182 313.430786 -9.990e-29  -58.44136     -0.990    1448.29    185.000    183.143    -0.7787    -0.7797    -0.0010    -0.7842    -0.7852    -0.0010   2.793822   2.793690  -0.000125    34.2995    34.2989     7.4933    27.5771    27.5767    34.2997    27.5773    1447.59    1447.59    -0.7840  1028.4637    34.4614 0.0000e+00
      20207 313.430798 -9.990e-29  -58.44136     -0.953    1448.29    184.000    182.153    -0.7763    -0.7774    -0.0012    -0.7817    -0.7829    -0.0012   2.793922   2.793780  -0.000141    34.2986    34.2980     7.4847    27.5763    27.5759    34.2988    27.5765    1447.58    1447.58    -0.7816  1028.4581    34.4606 0.0000e+00
      20232 313.430810 -9.990e-29  -58.44135     -0.968    1448.29    183.000    181.164    -0.7741    -0.7761    -0.0020    -0.7795    -0.7815    -0.0020   2.794029   2.793823  -0.000187    34.2980    34.2978     7.4898    27.5758    27.5756    34.2984    27.5761    1447.58    1447.57    -0.7794  1028.4529    34.4602 0.0000e+00
      20258 313.430822  -62.13924  -58.44134     -0.957    1448.29    182.000    180.174    -0.7716    -0.7741    -0.0025    -0.7769    -0.7795    -0.0025   2.794132   2.793904  -0.000226    34.2973    34.2970     7.4869    27.5750    27.5750    34.2976    27.5753    1447.57    1447.56    -0.7768  1028.4499    34.4626 0.0000e+00
      20283 313.430834  -62.13926  -58.44134     -0.932    1448.29    181.000    179.185    -0.7700    -0.7717    -0.0017    -0.7753    -0.7770    -0.0016   2.794198   2.794021  -0.000178    34.2970    34.2964     7.4968    27.5747    27.5744    34.2973    27.5750    1447.56    1447.55    -0.7752  1028.4465    34.4643 0.0000e+00
      20310 313.430847  -62.13926  -58.44134     -0.915    1448.29    180.000    178.195    -0.7692    -0.7697    -0.0005    -0.7745    -0.7751    -0.0005   2.794208   2.794094  -0.000112    34.2969    34.2960     7.4934    27.5746    27.5739    34.2971    27.5748    1447.55    1447.55    -0.7744  1028.4416    34.4642 0.0000e+00
      20338 313.430861  -62.13926  -58.44134     -0.867    1448.29    179.000    177.206    -0.7684    -0.7704    -0.0020    -0.7737    -0.7757    -0.0020   2.794205   2.794003  -0.000197    34.2965    34.2961     7.4882    27.5743    27.5740    34.2968    27.5745    1447.54    1447.53    -0.7736  1028.4365    34.4639 0.0000e+00
      20367 313.430875  -62.13926  -58.44133     -0.834    1448.29    178.000    176.216    -0.7650    -0.7658    -0.0007    -0.7703    -0.7710    -0.0007   2.794399   2.794269  -0.000138    34.2958    34.2947     7.4852    27.5736    27.5727    34.2962    27.5739    1447.54    1447.53    -0.7701  1028.4311    34.4633 0.0000e+00
      20396 313.430889  -62.13927  -58.44132     -0.817    1448.29    177.000    175.227    -0.7615    -0.7621    -0.0006    -0.7667    -0.7673    -0.0006   2.794649   2.794505  -0.000130    34.2954    34.2943     7.4911    27.5731    27.5722    34.2962    27.5738    1447.54    1447.53    -0.7666  1028.4261    34.4633 0.0000e+00
      20423 313.430902  -62.13928  -58.44132     -0.866    1448.29    176.000    174.237    -0.7555    -0.7583    -0.0029    -0.7607    -0.7635    -0.0029   2.795030   2.794745  -0.000289    34.2945    34.2939     7.5024    27.5721    27.5717    34.2951    27.5726    1447.55    1447.53    -0.7606  1028.4202    34.4622 0.0000e+00
      20448 313.430914  -62.13928  -58.44132     -0.943    1448.29    175.000    173.248    -0.7547    -0.7556    -0.0009    -0.7599    -0.7608    -0.0009   2.795067   2.794902  -0.000168    34.2949    34.2936     7.4993    27.5724    27.5714    34.2954    27.5728    1447.53    1447.53    -0.7598  1028.4156    34.4625 0.0000e+00
      20475 313.430927  -62.13928  -58.44132     -0.930    1448.29    174.000    172.258    -0.7531    -0.7534    -0.0003    -0.7582    -0.7586    -0.0003   2.795152   2.795017  -0.000127    34.2948    34.2935     7.5018    27.5723    27.5712    34.2954    27.5727    1447.53    1447.52    -0.7581  1028.4107    34.4624 0.0000e+00
      20504 313.430941  -62.13928  -58.44132     -0.839    1448.29    173.000    171.268    -0.7530    -0.7524     0.0007    -0.7581    -0.7575     0.0007   2.795089   2.795071  -0.000037    34.2947    34.2935     7.5010    27.5722    27.5711    34.2950    27.5724    1447.51    1447.51    -0.7580  1028.4056    34.4620 0.0000e+00
      20533 313.430955  -62.13930  -58.44131     -0.810    1448.29    172.000    170.279    -0.7512    -0.7506     0.0006    -0.7563    -0.7557     0.0006   2.795187   2.795153  -0.000038    34.2945    34.2933     7.5121    27.5719    27.5709    34.2950    27.5723    1447.50    1447.50    -0.7562  1028.4007    34.4620 0.0000e+00
      20558 313.430967  -62.13930  -58.44130     -0.907    1448.29    171.000    169.289    -0.7488    -0.7498    -0.0010    -0.7539    -0.7548    -0.0010   2.795286   2.795155  -0.000124    34.2936    34.2930     7.5175    27.5711    27.5707    34.2941    27.5715    1447.50    1447.49    -0.7537  1028.3952    34.4611 0.0000e+00
      20579 313.430977  -62.13930  -58.44130     -1.037    1448.29    170.000    168.300    -0.7463    -0.7457     0.0006    -0.7514    -0.7508     0.0006   2.795394   2.795352  -0.000057    34.2929    34.2915     7.5093    27.5704    27.5692    34.2934    27.5709    1447.49    1447.49    -0.7512  1028.3897    34.4604 0.0000e+00
      20601 313.430988  -62.13932  -58.44130     -1.110    1448.29    169.000    167.310    -0.7438    -0.7437     0.0001    -0.7488    -0.7487     0.0001   2.795519   2.795436  -0.000076    34.2921    34.2910     7.5029    27.5697    27.5688    34.2928    27.5703    1447.49    1447.48    -0.7487  1028.3843    34.4598 0.0000e+00
      20626 313.431000  -62.13932  -58.44128     -1.047    1448.29    168.000    166.320    -0.7421    -0.7428    -0.0007    -0.7471    -0.7478    -0.0007   2.795583   2.795436  -0.000132    34.2920    34.2910     7.5105    27.5695    27.5688    34.2924    27.5699    1447.48    1447.47    -0.7470  1028.3791    34.4594 0.0000e+00
      20657 313.431014  -62.13932  -58.44128     -0.837    1448.29    167.000    165.331    -0.7429    -0.7447    -0.0017    -0.7479    -0.7496    -0.0017   2.795486   2.795290  -0.000205    34.2923    34.2915     7.5203    27.5698    27.5692    34.2927    27.5701    1447.46    1447.45    -0.7477  1028.3746    34.4596 0.0000e+00
      20690 313.431031  -62.13932  -58.44128     -0.703    1448.29    166.000    164.341    -0.7410    -0.7406     0.0003    -0.7459    -0.7456     0.0003   2.795569   2.795511  -0.000054    34.2918    34.2906     7.5093    27.5693    27.5684    34.2922    27.5696    1447.45    1447.45    -0.7458  1028.3693    34.4591 0.0000e+00
      20718 313.431044  -62.13934  -58.44128     -0.802    1448.29    165.000    163.352    -0.7388    -0.7397    -0.0009    -0.7437    -0.7446    -0.0009   2.795699   2.795544  -0.000163    34.2916    34.2905     7.5067    27.5691    27.5682    34.2921    27.5694    1447.44    1447.44    -0.7436  1028.3644    34.4590 0.0000e+00
      20742 313.431056  -62.13934  -58.44128     -0.940    1448.29    164.000    162.362    -0.7379    -0.7381    -0.0002    -0.7428    -0.7430    -0.0002   2.795706   2.795607  -0.000098    34.2915    34.2904     7.5042    27.5689    27.5680    34.2918    27.5692    1447.43    1447.43    -0.7427  1028.3593    34.4587 0.0000e+00
      20767 313.431068  -62.13934  -58.44128     -0.998    1448.29    163.000    161.372    -0.7378    -0.7374     0.0004    -0.7426    -0.7422     0.0004   2.795675   2.795617  -0.000062    34.2916    34.2903     7.5128    27.5690    27.5679    34.2918    27.5692    1447.41    1447.41    -0.7425  1028.3545    34.4588 0.0000e+00
      20795 313.431081  -62.13934  -58.44126     -0.911    1448.29    162.000    160.383    -0.7381    -0.7380     0.0001    -0.7429    -0.7428     0.0001   2.795582   2.795529  -0.000048    34.2914    34.2905     7.5260    27.5689    27.5682    34.2916    27.5690    1447.40    1447.40    -0.7428  1028.3496    34.4585 0.0000e+00
      20826 313.431096  -62.13935  -58.44126     -0.782    1448.29    161.000    159.393    -0.7386    -0.7384     0.0002    -0.7434    -0.7432     0.0002   2.795497   2.795436  -0.000071    34.2915    34.2903     7.5203    27.5690    27.5680    34.2916    27.5691    1447.38    1447.38    -0.7433  1028.3449    34.4585 0.0000e+00
      20855 313.431110  -62.13936  -58.44126     -0.796    1448.29    160.000    158.404    -0.7391    -0.7382     0.0010    -0.7439    -0.7429     0.0010   2.795395   2.795394  -0.000003    34.2914    34.2902     7.5112    27.5689    27.5679    34.2914    27.5690    1447.36    1447.36    -0.7437  1028.3400    34.4583 0.0000e+00
      20881 313.431123  -62.13936  -58.44126     -0.882    1448.29    159.000    157.414    -0.7392    -0.7382     0.0010    -0.7439    -0.7429     0.0010   2.795334   2.795336 -5.349e-07    34.2912    34.2901     7.5076    27.5687    27.5678    34.2913    27.5688    1447.34    1447.35    -0.7438  1028.3351    34.4582 0.0000e+00
      20906 313.431135  -62.13936  -58.44124     -0.951    1448.29    158.000    156.424    -0.7386    -0.7385     0.0001    -0.7432    -0.7431     0.0001   2.795342   2.795258  -0.000072    34.2910    34.2899     7.5095    27.5686    27.5677    34.2913    27.5688    1447.33    1447.33    -0.7432  1028.3303    34.4582 0.0000e+00
      20932 313.431147  -62.13938  -58.44124     -0.941    1448.29    157.000    155.435    -0.7367    -0.7369    -0.0002    -0.7413    -0.7416    -0.0002   2.795449   2.795345  -0.000107    34.2911    34.2899     7.5316    27.5686    27.5676    34.2912    27.5687    1447.32    1447.32    -0.7412  1028.3253    34.4581 0.0000e+00
