Pos-Processados/process_op42/Processamento_split/up/uoperantar42_028.cnv
* Sea-Bird SBE 9 Data File:
* FileName = C:\Users\Hidrografia\Desktop\OPXLII\Brutos\OP42028.hdr
* Software Version Seasave V 7.26.7.107
* Temperature SN = 6502
* Conductivity SN = 4998
* Number of Bytes Per Scan = 37
* Number of Voltage Words = 4
* Number of Scans Averaged by the Deck Unit = 1
* NMEA Latitude = 62 18.54 S
* NMEA Longitude = 058 32.92 W
* NMEA UTC (Time) = Nov 08 2023 22:59:21
* NMEA baud rate = 4800
** H41
** NPOALTEMAXIMIANO
** NUMERO DA ESTACAO (XXX) 028
** LAT (XX XX.XX S/N) 62 18.530 S
** LONG (XXX XX.XX W/E) 058 32.937 W
** DATAHORA (dd/mm/aaaa hh:mm Z) 08/11/2023 2258Z
** PROFUNDIDADE (m) 339
** OPERADOR CT FABIREZA
# nquan = 30
# nvalues = 374                         
# units = specified
# name 0 = scan: Scan Count
# name 1 = timeJ: Julian Days
# name 2 = latitude: Latitude [deg]
# name 3 = longitude: Longitude [deg]
# name 4 = dz/dtM: Descent Rate [m/s]
# name 5 = avgsvCM: Average Sound Velocity [Chen-Millero, m/s]
# name 6 = prDM: Pressure, Digiquartz [db]
# name 7 = depSM: Depth [salt water, m]
# name 8 = t090C: Temperature [ITS-90, deg C]
# name 9 = t190C: Temperature, 2 [ITS-90, deg C]
# name 10 = T2-T190C: Temperature Difference, 2 - 1 [ITS-90, deg C]
# name 11 = potemp090C: Potential Temperature [ITS-90, deg C]
# name 12 = potemp190C: Potential Temperature, 2 [ITS-90, deg C]
# name 13 = potemp90Cdiff: Potential Temperature, Diff, 2 - 1 [ITS-90, deg C]
# name 14 = c0S/m: Conductivity [S/m]
# name 15 = c1S/m: Conductivity, 2 [S/m]
# name 16 = C2-C1S/m: Conductivity Difference, 2 - 1 [S/m]
# name 17 = sal00: Salinity, Practical [PSU]
# name 18 = sal11: Salinity, Practical, 2 [PSU]
# name 19 = sbeox0ML/L: Oxygen, SBE 43 [ml/l]
# name 20 = sigma-é00: Density [sigma-theta, kg/m^3]
# name 21 = sigma-é11: Density, 2 [sigma-theta, kg/m^3]
# name 22 = sal00: Salinity, Practical [PSU]
# name 23 = sigma-é00: Density [sigma-theta, kg/m^3]
# name 24 = svCM: Sound Velocity [Chen-Millero, m/s]
# name 25 = svCM1: Sound Velocity, 2 [Chen-Millero, m/s]
# name 26 = gsw_ptA0: potential temperature [ITS-90, deg C]
# name 27 = gsw_densityA0: density, TEOS-10 [density, kg/m^3]
# name 28 = gsw_saA0: Absolute Salinity [g/kg]
# name 29 = flag:
# span 0 =      16118,      31078       
# span 1 = 312.965654, 312.972869       
# span 2 =  -62.31664,  -62.31305       
# span 3 =  -58.54598,  -58.54422       
# span 4 =     -1.196,     -0.127       
# span 5 =    1448.73,    1448.73       
# span 6 =      1.000,    374.000       
# span 7 =      1.101,    370.071       
# span 8 =    -0.6392,    -0.0546       
# span 9 =    -0.6377,    -0.0356       
# span 10 =    -0.0062,     0.0505      
# span 11 =    -0.6430,    -0.0687      
# span 12 =    -0.6415,    -0.0498      
# span 13 =    -0.0062,     0.0504      
# span 14 =   2.803185,   2.875263      
# span 15 =   2.803173,   2.876869      
# span 16 =  -0.000524,   0.005327      
# span 17 =    34.2960,    34.4586      
# span 18 =    34.2951,    34.4585      
# span 19 =     6.0227,     7.4737      
# span 20 =    27.5648,    27.6727      
# span 21 =    27.5641,    27.6717      
# span 22 =    34.2957,    34.4576      
# span 23 =    27.5645,    27.6720      
# span 24 =    1445.61,    1454.25      
# span 25 =    1445.61,    1454.34      
# span 26 =    -0.6429,    -0.0685      
# span 27 =  1027.5751,  1029.4535      
# span 28 =    34.4585,    34.6255      
# span 29 = 0.0000e+00, 0.0000e+00      
# interval = decibars: 1                
# start_time = Nov 08 2023 22:59:21 [NMEA time, header]
# bad_flag = -9.990e-29
*END*
[from data line 97]
      19320 312.967199  -62.31392  -58.54545     -1.105    1448.73    277.000    274.154    -0.6136    -0.6103     0.0033    -0.6224    -0.6192     0.0032   2.814616   2.814887   0.000276    34.3375    34.3375     7.2644    27.6011    27.6009    34.3368    27.6005    1449.91    1449.93    -0.6222  1028.9285    34.5045 0.0000e+00
      19346 312.967211  -62.31394  -58.54544     -0.983    1448.73    276.000    273.166    -0.6139    -0.6123     0.0016    -0.6227    -0.6211     0.0016   2.814559   2.814640   0.000087    34.3373    34.3367     7.2599    27.6009    27.6003    34.3369    27.6006    1449.90    1449.90    -0.6225  1028.9239    34.5046 0.0000e+00
      19377 312.967226  -62.31394  -58.54544     -0.812    1448.73    275.000    272.177    -0.6141    -0.6128     0.0013    -0.6229    -0.6216     0.0013   2.814468   2.814518   0.000051    34.3372    34.3364     7.2686    27.6008    27.6001    34.3366    27.6004    1449.88    1449.88    -0.6227  1028.9189    34.5043 0.0000e+00
      19409 312.967242  -62.31394  -58.54544     -0.738    1448.73    274.000    271.188    -0.6159    -0.6146     0.0013    -0.6246    -0.6233     0.0013   2.814216   2.814288   0.000073    34.3364    34.3359     7.2819    27.6003    27.5998    34.3359    27.5998    1449.85    1449.86    -0.6244  1028.9136    34.5036 0.0000e+00
      19435 312.967254  -62.31395  -58.54543     -0.855    1448.73    273.000    270.198    -0.6181    -0.6164     0.0017    -0.6268    -0.6251     0.0017   2.813922   2.814029   0.000103    34.3356    34.3351     7.2774    27.5998    27.5992    34.3350    27.5993    1449.82    1449.83    -0.6266  1028.9083    34.5027 0.0000e+00
      19458 312.967265  -62.31396  -58.54542     -0.990    1448.73    272.000    269.209    -0.6175    -0.6174     0.0001    -0.6261    -0.6260     0.0001   2.813976   2.813883  -0.000078    34.3359    34.3347     7.2699    27.5999    27.5990    34.3356    27.5997    1449.81    1449.81    -0.6260  1028.9040    34.5033 0.0000e+00
      19481 312.967276  -62.31396  -58.54542     -1.048    1448.73    271.000    268.220    -0.6180    -0.6169     0.0011    -0.6266    -0.6255     0.0011   2.813864   2.813881   0.000011    34.3358    34.3347     7.2733    27.5999    27.5989    34.3353    27.5995    1449.79    1449.80    -0.6264  1028.8990    34.5030 0.0000e+00
      19505 312.967288  -62.31397  -58.54542     -1.006    1448.73    270.000    267.232    -0.6192    -0.6176     0.0016    -0.6278    -0.6262     0.0016   2.813703   2.813773   0.000070    34.3355    34.3346     7.2853    27.5997    27.5989    34.3351    27.5993    1449.77    1449.78    -0.6276  1028.8941    34.5028 0.0000e+00
      19529 312.967299  -62.31398  -58.54542     -0.996    1448.73    269.000    266.242    -0.6201    -0.6189     0.0011    -0.6286    -0.6275     0.0011   2.813571   2.813588   0.000021    34.3353    34.3343     7.2940    27.5995    27.5987    34.3349    27.5992    1449.75    1449.75    -0.6284  1028.8893    34.5026 0.0000e+00
      19551 312.967310  -62.31398  -58.54541     -1.063    1448.73    268.000    265.253    -0.6210    -0.6199     0.0011    -0.6295    -0.6284     0.0011   2.813448   2.813458   0.000012    34.3353    34.3343     7.2854    27.5996    27.5987    34.3349    27.5993    1449.73    1449.73    -0.6293  1028.8846    34.5026 0.0000e+00
      19575 312.967322  -62.31399  -58.54540     -1.045    1448.73    267.000    264.264    -0.6220    -0.6204     0.0016    -0.6305    -0.6289     0.0016   2.813324   2.813395   0.000061    34.3353    34.3343     7.2772    27.5996    27.5988    34.3350    27.5994    1449.71    1449.71    -0.6303  1028.8799    34.5026 0.0000e+00
      19602 312.967335  -62.31400  -58.54540     -0.923    1448.73    266.000    263.275    -0.6219    -0.6198     0.0021    -0.6303    -0.6283     0.0021   2.813276   2.813389   0.000123    34.3351    34.3344     7.2738    27.5995    27.5988    34.3348    27.5993    1449.69    1449.70    -0.6301  1028.8750    34.5025 0.0000e+00
      19627 312.967347  -62.31400  -58.54540     -0.914    1448.73    265.000    262.286    -0.6223    -0.6212     0.0011    -0.6307    -0.6296     0.0011   2.813197   2.813220   0.000026    34.3352    34.3342     7.2868    27.5995    27.5987    34.3349    27.5993    1449.67    1449.68    -0.6305  1028.8703    34.5025 0.0000e+00
      19654 312.967360  -62.31401  -58.54539     -0.938    1448.73    264.000    261.297    -0.6225    -0.6214     0.0011    -0.6309    -0.6298     0.0011   2.813151   2.813161   0.000008    34.3354    34.3342     7.2855    27.5997    27.5987    34.3351    27.5995    1449.66    1449.66    -0.6307  1028.8657    34.5028 0.0000e+00
      19686 312.967375  -62.31402  -58.54538     -0.791    1448.73    263.000    260.307    -0.6225    -0.6210     0.0014    -0.6308    -0.6293     0.0014   2.813122   2.813154   0.000034    34.3354    34.3342     7.2812    27.5997    27.5987    34.3352    27.5996    1449.64    1449.65    -0.6306  1028.8611    34.5029 0.0000e+00
      19719 312.967391  -62.31403  -58.54537     -0.722    1448.73    262.000    259.319    -0.6222    -0.6214     0.0008    -0.6305    -0.6297     0.0008   2.813099   2.813078  -0.000017    34.3354    34.3342     7.2871    27.5997    27.5987    34.3352    27.5996    1449.62    1449.63    -0.6303  1028.8563    34.5028 0.0000e+00
      19751 312.967407  -62.31404  -58.54536     -0.741    1448.73    261.000    258.329    -0.6217    -0.6212     0.0005    -0.6300    -0.6295     0.0005   2.813078   2.813060  -0.000018    34.3351    34.3343     7.2882    27.5995    27.5988    34.3350    27.5994    1449.61    1449.61    -0.6298  1028.8514    34.5027 0.0000e+00
      19786 312.967423  -62.31404  -58.54536     -0.696    1448.73    260.000    257.340    -0.6212    -0.6202     0.0010    -0.6294    -0.6284     0.0010   2.813087   2.813096   0.000011    34.3352    34.3342     7.2795    27.5995    27.5986    34.3352    27.5995    1449.60    1449.60    -0.6292  1028.8467    34.5028 0.0000e+00
      19816 312.967438  -62.31406  -58.54536     -0.755    1448.73    259.000    256.351    -0.6218    -0.6207     0.0010    -0.6300    -0.6289     0.0010   2.812980   2.812991   0.000008    34.3352    34.3342     7.2750    27.5996    27.5986    34.3350    27.5994    1449.58    1449.58    -0.6298  1028.8418    34.5026 0.0000e+00
      19840 312.967450  -62.31406  -58.54535     -0.893    1448.73    258.000    255.362    -0.6231    -0.6218     0.0013    -0.6313    -0.6299     0.0013   2.812823   2.812867   0.000040    34.3352    34.3342     7.2892    27.5996    27.5987    34.3350    27.5994    1449.56    1449.56    -0.6311  1028.8371    34.5026 0.0000e+00
      19862 312.967460  -62.31407  -58.54534     -1.042    1448.73    257.000    254.372    -0.6236    -0.6223     0.0013    -0.6317    -0.6304     0.0013   2.812740   2.812782   0.000039    34.3353    34.3343     7.2958    27.5997    27.5988    34.3350    27.5995    1449.54    1449.54    -0.6315  1028.8324    34.5026 0.0000e+00
      19887 312.967472  -62.31408  -58.54534     -1.053    1448.73    256.000    253.384    -0.6245    -0.6231     0.0014    -0.6326    -0.6312     0.0014   2.812616   2.812657   0.000042    34.3352    34.3342     7.2844    27.5997    27.5988    34.3351    27.5995    1449.52    1449.52    -0.6325  1028.8277    34.5027 0.0000e+00
      19918 312.967487  -62.31408  -58.54534     -0.838    1448.73    255.000    252.394    -0.6244    -0.6230     0.0014    -0.6325    -0.6310     0.0014   2.812583   2.812622   0.000039    34.3352    34.3341     7.2726    27.5997    27.5987    34.3351    27.5996    1449.50    1449.51    -0.6323  1028.8230    34.5027 0.0000e+00
      19951 312.967503  -62.31410  -58.54534     -0.707    1448.73    254.000    251.405    -0.6247    -0.6236     0.0012    -0.6328    -0.6316     0.0012   2.812494   2.812514   0.000024    34.3350    34.3340     7.2777    27.5995    27.5987    34.3349    27.5994    1449.48    1449.49    -0.6326  1028.8180    34.5025 0.0000e+00
      19984 312.967519  -62.31410  -58.54532     -0.733    1448.73    253.000    250.416    -0.6259    -0.6240     0.0019    -0.6339    -0.6320     0.0019   2.812315   2.812435   0.000107    34.3347    34.3340     7.2825    27.5993    27.5986    34.3344    27.5991    1449.46    1449.47    -0.6337  1028.8125    34.5015 0.0000e+00
      20017 312.967535  -62.31412  -58.54532     -0.731    1448.73    252.000    249.427    -0.6280    -0.6263     0.0018    -0.6359    -0.6342     0.0018   2.812093   2.812160   0.000074    34.3347    34.3337     7.2823    27.5994    27.5985    34.3344    27.5991    1449.43    1449.44    -0.6358  1028.8067    34.5000 0.0000e+00
      20045 312.967548  -62.31412  -58.54530     -0.799    1448.73    251.000    248.438    -0.6295    -0.6280     0.0015    -0.6374    -0.6359     0.0015   2.811872   2.811928   0.000056    34.3340    34.3331     7.2755    27.5989    27.5981    34.3337    27.5986    1449.41    1449.42    -0.6372  1028.8030    34.5012 0.0000e+00
      20071 312.967561  -62.31412  -58.54530     -0.900    1448.73    250.000    247.448    -0.6299    -0.6288     0.0011    -0.6378    -0.6367     0.0011   2.811779   2.811803   0.000029    34.3338    34.3329     7.2775    27.5987    27.5980    34.3335    27.5985    1449.39    1449.40    -0.6376  1028.7981    34.5011 0.0000e+00
      20102 312.967575  -62.31413  -58.54530     -0.841    1448.73    249.000    246.459    -0.6298    -0.6286     0.0013    -0.6377    -0.6364     0.0013   2.811764   2.811794   0.000026    34.3340    34.3330     7.2915    27.5989    27.5980    34.3339    27.5988    1449.38    1449.38    -0.6375  1028.7936    34.5014 0.0000e+00
      20135 312.967592  -62.31414  -58.54530     -0.713    1448.73    248.000    245.470    -0.6299    -0.6289     0.0010    -0.6377    -0.6367     0.0010   2.811690   2.811701   0.000014    34.3338    34.3329     7.2935    27.5987    27.5979    34.3336    27.5986    1449.36    1449.36    -0.6375  1028.7886    34.5011 0.0000e+00
      20163 312.967605  -62.31414  -58.54528     -0.797    1448.73    247.000    244.481    -0.6300    -0.6294     0.0006    -0.6378    -0.6371     0.0006   2.811644   2.811605  -0.000034    34.3338    34.3326     7.2855    27.5987    27.5977    34.3337    27.5986    1449.34    1449.34    -0.6376  1028.7839    34.5012 0.0000e+00
      20189 312.967618  -62.31416  -58.54528     -0.910    1448.73    246.000    243.491    -0.6300    -0.6294     0.0007    -0.6378    -0.6371     0.0006   2.811587   2.811574  -0.000012    34.3337    34.3328     7.2830    27.5987    27.5979    34.3335    27.5985    1449.33    1449.33    -0.6376  1028.7791    34.5011 0.0000e+00
      20218 312.967632  -62.31416  -58.54528     -0.875    1448.73    245.000    242.503    -0.6304    -0.6292     0.0012    -0.6381    -0.6369     0.0012   2.811513   2.811542   0.000027    34.3337    34.3327     7.2849    27.5986    27.5978    34.3336    27.5986    1449.31    1449.31    -0.6379  1028.7744    34.5011 0.0000e+00
      20248 312.967646  -62.31418  -58.54528     -0.787    1448.73    244.000    241.513    -0.6304    -0.6295     0.0008    -0.6380    -0.6372     0.0008   2.811475   2.811460  -0.000011    34.3337    34.3327     7.2867    27.5987    27.5978    34.3337    27.5987    1449.29    1449.29    -0.6379  1028.7697    34.5012 0.0000e+00
      20281 312.967662  -62.31418  -58.54527     -0.765    1448.73    243.000    240.524    -0.6303    -0.6296     0.0007    -0.6379    -0.6373     0.0007   2.811447   2.811415  -0.000029    34.3338    34.3327     7.2721    27.5988    27.5978    34.3338    27.5988    1449.28    1449.28    -0.6378  1028.7650    34.5014 0.0000e+00
      20311 312.967676  -62.31420  -58.54526     -0.756    1448.73    242.000    239.535    -0.6298    -0.6294     0.0004    -0.6374    -0.6370     0.0004   2.811455   2.811395  -0.000055    34.3340    34.3328     7.2680    27.5989    27.5979    34.3340    27.5989    1449.26    1449.26    -0.6372  1028.7604    34.5015 0.0000e+00
      20338 312.967689  -62.31420  -58.54526     -0.874    1448.73    241.000    238.546    -0.6296    -0.6290     0.0006    -0.6371    -0.6366     0.0006   2.811430   2.811392  -0.000045    34.3341    34.3328     7.2695    27.5989    27.5979    34.3340    27.5988    1449.25    1449.25    -0.6370  1028.7556    34.5015 0.0000e+00
      20366 312.967703  -62.31420  -58.54526     -0.875    1448.73    240.000    237.556    -0.6296    -0.6287     0.0008    -0.6371    -0.6362     0.0008   2.811379   2.811370  -0.000010    34.3339    34.3328     7.2856    27.5988    27.5979    34.3339    27.5988    1449.23    1449.23    -0.6370  1028.7507    34.5014 0.0000e+00
      20397 312.967718  -62.31420  -58.54526     -0.802    1448.73    239.000    236.567    -0.6294    -0.6286     0.0008    -0.6369    -0.6361     0.0008   2.811365   2.811341  -0.000023    34.3341    34.3329     7.2863    27.5990    27.5979    34.3341    27.5989    1449.22    1449.22    -0.6367  1028.7461    34.5016 0.0000e+00
      20431 312.967734  -62.31422  -58.54526     -0.705    1448.73    238.000    235.578    -0.6283    -0.6279     0.0004    -0.6358    -0.6353     0.0004   2.811435   2.811376  -0.000060    34.3343    34.3330     7.2797    27.5991    27.5980    34.3344    27.5992    1449.21    1449.20    -0.6356  1028.7416    34.5019 0.0000e+00
      20468 312.967752  -62.31422  -58.54524     -0.657    1448.73    237.000    234.588    -0.6265    -0.6256     0.0008    -0.6339    -0.6331     0.0008   2.811584   2.811554  -0.000027    34.3348    34.3335     7.2686    27.5993    27.5983    34.3350    27.5995    1449.20    1449.20    -0.6338  1028.7371    34.5025 0.0000e+00
      20499 312.967767  -62.31424  -58.54524     -0.731    1448.73    236.000    233.599    -0.6266    -0.6257     0.0009    -0.6340    -0.6331     0.0009   2.811490   2.811501   0.000006    34.3347    34.3337     7.2669    27.5993    27.5985    34.3345    27.5992    1449.18    1449.18    -0.6339  1028.7320    34.5020 0.0000e+00
      20528 312.967781  -62.31424  -58.54524     -0.818    1448.73    235.000    232.610    -0.6287    -0.6274     0.0013    -0.6360    -0.6347     0.0013   2.811253   2.811298   0.000047    34.3343    34.3334     7.2799    27.5990    27.5983    34.3342    27.5990    1449.15    1449.16    -0.6359  1028.7271    34.5017 0.0000e+00
      20557 312.967795  -62.31425  -58.54523     -0.819    1448.73    234.000    231.621    -0.6283    -0.6275     0.0009    -0.6357    -0.6348     0.0009   2.811262   2.811239  -0.000025    34.3347    34.3333     7.2760    27.5994    27.5982    34.3346    27.5993    1449.14    1449.14    -0.6355  1028.7226    34.5021 0.0000e+00
      20586 312.967809  -62.31426  -58.54522     -0.834    1448.73    233.000    230.631    -0.6292    -0.6280     0.0012    -0.6365    -0.6353     0.0012   2.811105   2.811143   0.000035    34.3343    34.3333     7.2853    27.5991    27.5982    34.3341    27.5989    1449.12    1449.12    -0.6363  1028.7175    34.5016 0.0000e+00
      20616 312.967824  -62.31426  -58.54522     -0.818    1448.73    232.000    229.642    -0.6302    -0.6290     0.0012    -0.6375    -0.6362     0.0012   2.810979   2.810999   0.000022    34.3342    34.3331     7.2799    27.5990    27.5981    34.3341    27.5990    1449.10    1449.10    -0.6373  1028.7128    34.5016 0.0000e+00
      20645 312.967838  -62.31428  -58.54522     -0.799    1448.73    231.000    228.653    -0.6303    -0.6294     0.0009    -0.6375    -0.6366     0.0009   2.810921   2.810920 8.8350e-08    34.3341    34.3331     7.2896    27.5990    27.5981    34.3340    27.5989    1449.08    1449.08    -0.6374  1028.7080    34.5015 0.0000e+00
      20672 312.967851  -62.31428  -58.54520     -0.873    1448.73    230.000    227.663    -0.6302    -0.6294     0.0007    -0.6374    -0.6366     0.0007   2.810898   2.810870  -0.000022    34.3342    34.3331     7.2772    27.5990    27.5981    34.3342    27.5991    1449.06    1449.07    -0.6372  1028.7033    34.5017 0.0000e+00
