Pos-Processados/process_op42/Processamento_split/up/uoperantar42_041.cnv
* Sea-Bird SBE 9 Data File:
* FileName = C:\Users\Hidrografia\Desktop\OPXLII\Brutos\OP42041.hdr
* Software Version Seasave V 7.26.7.107
* Temperature SN = 6502
* Conductivity SN = 4998
* Number of Bytes Per Scan = 37
* Number of Voltage Words = 4
* Number of Scans Averaged by the Deck Unit = 1
* NMEA Latitude = 62 08.45 S
* NMEA Longitude = 058 26.32 W
* NMEA UTC (Time) = Nov 09 2023 16:23:52
* NMEA baud rate = 4800
** H41
** NPOALTEMAXIMIANO
** NUMERO DA ESTACAO (XXX) 041
** LAT (XX XX.XX S/N) 62 08.441S
** LONG (XXX XX.XX W/E) 058 26.341 W
** DATAHORA (dd/mm/aaaa hh:mm Z) 09/11/2023 1623Z
** PROFUNDIDADE (m) 425
** OPERADOR CT FILIPE LOPES
# nquan = 30
# nvalues = 367                         
# units = specified
# name 0 = scan: Scan Count
# name 1 = timeJ: Julian Days
# name 2 = latitude: Latitude [deg]
# name 3 = longitude: Longitude [deg]
# name 4 = dz/dtM: Descent Rate [m/s]
# name 5 = avgsvCM: Average Sound Velocity [Chen-Millero, m/s]
# name 6 = prDM: Pressure, Digiquartz [db]
# name 7 = depSM: Depth [salt water, m]
# name 8 = t090C: Temperature [ITS-90, deg C]
# name 9 = t190C: Temperature, 2 [ITS-90, deg C]
# name 10 = T2-T190C: Temperature Difference, 2 - 1 [ITS-90, deg C]
# name 11 = potemp090C: Potential Temperature [ITS-90, deg C]
# name 12 = potemp190C: Potential Temperature, 2 [ITS-90, deg C]
# name 13 = potemp90Cdiff: Potential Temperature, Diff, 2 - 1 [ITS-90, deg C]
# name 14 = c0S/m: Conductivity [S/m]
# name 15 = c1S/m: Conductivity, 2 [S/m]
# name 16 = C2-C1S/m: Conductivity Difference, 2 - 1 [S/m]
# name 17 = sal00: Salinity, Practical [PSU]
# name 18 = sal11: Salinity, Practical, 2 [PSU]
# name 19 = sbeox0ML/L: Oxygen, SBE 43 [ml/l]
# name 20 = sigma-é00: Density [sigma-theta, kg/m^3]
# name 21 = sigma-é11: Density, 2 [sigma-theta, kg/m^3]
# name 22 = sal00: Salinity, Practical [PSU]
# name 23 = sigma-é00: Density [sigma-theta, kg/m^3]
# name 24 = svCM: Sound Velocity [Chen-Millero, m/s]
# name 25 = svCM1: Sound Velocity, 2 [Chen-Millero, m/s]
# name 26 = gsw_ptA0: potential temperature [ITS-90, deg C]
# name 27 = gsw_densityA0: density, TEOS-10 [density, kg/m^3]
# name 28 = gsw_saA0: Absolute Salinity [g/kg]
# name 29 = flag:
# span 0 =      13661,      23847       
# span 1 = 313.689828, 313.694741       
# span 2 =  -62.14527,  -62.14318       
# span 3 =  -58.43796,  -58.43670       
# span 4 =     -1.169,     -0.245       
# span 5 =    1448.31,    1448.31       
# span 6 =      3.000,    369.000       
# span 7 =      2.979,    365.133       
# span 8 =    -0.8102,    -0.5262       
# span 9 =    -0.8090,    -0.5253       
# span 10 =    -0.0085,     0.0107      
# span 11 =    -0.8156,    -0.5266      
# span 12 =    -0.8143,    -0.5256      
# span 13 =    -0.0085,     0.0107      
# span 14 =   2.791431,   2.829964      
# span 15 =   2.791402,   2.829862      
# span 16 =  -0.000826,   0.000999      
# span 17 =    34.2752,    34.3973      
# span 18 =    34.2736,    34.3965      
# span 19 =     6.7251,     7.6539      
# span 20 =    27.5464,    27.6461      
# span 21 =    27.5453,    27.6455      
# span 22 =    34.2758,    34.3971      
# span 23 =    27.5469,    27.6460      
# span 24 =    1445.77,    1451.85      
# span 25 =    1445.77,    1451.87      
# span 26 =    -0.8154,    -0.5266      
# span 27 =  1027.5660,  1029.4101      
# span 28 =    34.4407,    34.5652      
# span 29 = 0.0000e+00, 0.0000e+00      
# interval = decibars: 1                
# start_time = Nov 09 2023 16:23:52 [NMEA time, header]
# bad_flag = -9.990e-29
*END*
[from data line 242]
      20326 313.693042  -62.14447  -58.43740     -0.924    1448.31    127.000    125.743    -0.7364    -0.7349     0.0015    -0.7401    -0.7386     0.0015   2.794101   2.794128   0.000032    34.2915    34.2902     7.5134    27.5688    27.5677    34.2912    27.5686    1446.83    1446.84    -0.7400  1028.1818    34.4579 0.0000e+00
      20352 313.693055  -62.14448  -58.43740     -0.899    1448.31    126.000    124.753    -0.7374    -0.7361     0.0013    -0.7411    -0.7398     0.0013   2.793957   2.793995   0.000037    34.2913    34.2903     7.5245    27.5687    27.5678    34.2910    27.5685    1446.81    1446.82    -0.7410  1028.1769    34.4576 0.0000e+00
      20379 313.693068  -62.14448  -58.43740     -0.904    1448.31    125.000    123.763    -0.7376    -0.7365     0.0011    -0.7413    -0.7402     0.0011   2.793891   2.793894   0.000009    34.2911    34.2901     7.5137    27.5686    27.5677    34.2910    27.5685    1446.80    1446.80    -0.7412  1028.1721    34.4576 0.0000e+00
      20403 313.693080  -62.14448  -58.43738     -0.948    1448.31    124.000    122.773    -0.7377    -0.7367     0.0009    -0.7413    -0.7404     0.0009   2.793826   2.793815  -0.000012    34.2910    34.2898     7.5169    27.5685    27.5675    34.2908    27.5683    1446.78    1446.78    -0.7412  1028.1672    34.4574 0.0000e+00
      20428 313.693092  -62.14448  -58.43738     -0.968    1448.31    123.000    121.783    -0.7382    -0.7372     0.0009    -0.7418    -0.7408     0.0009   2.793752   2.793731  -0.000017    34.2911    34.2899     7.5281    27.5686    27.5676    34.2910    27.5685    1446.76    1446.76    -0.7417  1028.1625    34.4576 0.0000e+00
      20456 313.693105  -62.14450  -58.43738     -0.913    1448.31    122.000    120.794    -0.7386    -0.7374     0.0012    -0.7422    -0.7409     0.0012   2.793673   2.793682   0.000008    34.2912    34.2899     7.5300    27.5687    27.5676    34.2910    27.5685    1446.74    1446.75    -0.7421  1028.1578    34.4576 0.0000e+00
      20485 313.693119  -62.14450  -58.43738     -0.827    1448.31    121.000    119.804    -0.7390    -0.7379     0.0011    -0.7425    -0.7414     0.0011   2.793590   2.793589 -2.889e-07    34.2912    34.2899     7.5342    27.5687    27.5676    34.2909    27.5685    1446.72    1446.73    -0.7424  1028.1529    34.4575 0.0000e+00
      20512 313.693132  -62.14450  -58.43737     -0.855    1448.31    120.000    118.814    -0.7394    -0.7385     0.0010    -0.7430    -0.7420     0.0010   2.793490   2.793487  -0.000003    34.2909    34.2898     7.5343    27.5685    27.5675    34.2908    27.5684    1446.71    1446.71    -0.7428  1028.1480    34.4573 0.0000e+00
      20536 313.693144  -62.14451  -58.43736     -0.961    1448.31    119.000    117.824    -0.7394    -0.7386     0.0008    -0.7428    -0.7420     0.0008   2.793436   2.793418  -0.000015    34.2907    34.2896     7.5247    27.5683    27.5674    34.2906    27.5682    1446.69    1446.69    -0.7428  1028.1431    34.4571 0.0000e+00
      20560 313.693155  -62.14452  -58.43736     -1.012    1448.31    118.000    116.835    -0.7388    -0.7384     0.0005    -0.7423    -0.7418     0.0005   2.793439   2.793390  -0.000044    34.2907    34.2895     7.5215    27.5682    27.5673    34.2906    27.5682    1446.68    1446.68    -0.7422  1028.1383    34.4571 0.0000e+00
      20586 313.693168  -62.14452  -58.43736     -0.946    1448.31    117.000    115.845    -0.7379    -0.7379     0.0000    -0.7413    -0.7413     0.0000   2.793461   2.793380  -0.000078    34.2905    34.2894     7.5283    27.5681    27.5672    34.2905    27.5680    1446.67    1446.66    -0.7412  1028.1334    34.4570 0.0000e+00
      20617 313.693183  -62.14452  -58.43736     -0.816    1448.31    116.000    114.855    -0.7372    -0.7359     0.0013    -0.7406    -0.7393     0.0013   2.793489   2.793489 7.0022e-07    34.2905    34.2890     7.5347    27.5681    27.5668    34.2907    27.5682    1446.65    1446.66    -0.7405  1028.1287    34.4572 0.0000e+00
      20647 313.693197  -62.14452  -58.43734     -0.781    1448.31    115.000    113.865    -0.7316    -0.7309     0.0007    -0.7350    -0.7343     0.0007   2.793899   2.793844  -0.000052    34.2899    34.2884     7.5378    27.5673    27.5661    34.2905    27.5678    1446.66    1446.66    -0.7349  1028.1236    34.4571 0.0000e+00
      20675 313.693211  -62.14452 -9.990e-29     -0.830    1448.31    114.000    112.875    -0.7186    -0.7263    -0.0076    -0.7220    -0.7296    -0.0076   2.794926   2.794176  -0.000701    34.2888    34.2880     7.5303    27.5658    27.5656    34.2903    27.5671    1446.71    1446.67    -0.7219  1028.1190    34.4580 0.0000e+00
      20701 313.693223  -62.14454 -9.990e-29     -0.904    1448.31    113.000    111.885    -0.7059    -0.7144    -0.0085    -0.7092    -0.7177    -0.0085   2.795943   2.795093  -0.000826    34.2883    34.2868     7.5352    27.5649    27.5641    34.2902    27.5665    1446.75    1446.71    -0.7091  1028.1135    34.4579 0.0000e+00
      20725 313.693235  -62.14455 -9.990e-29     -0.965    1448.31    112.000    110.895    -0.6988    -0.7033    -0.0045    -0.7021    -0.7066    -0.0045   2.796441   2.795944  -0.000492    34.2880    34.2865     7.5379    27.5644    27.5634    34.2895    27.5656    1446.76    1446.74    -0.7020  1028.1078    34.4571 0.0000e+00
      20751 313.693247  -62.14456  -58.43732     -0.964    1448.31    111.000    109.905    -0.6897    -0.6952    -0.0055    -0.6930    -0.6985    -0.0055   2.797154   2.796569  -0.000571    34.2878    34.2863     7.5365    27.5639    27.5629    34.2895    27.5652    1446.79    1446.76    -0.6929  1028.1024    34.4569 0.0000e+00
      20777 313.693260  -62.14456  -58.43732     -0.924    1448.31    110.000    108.916    -0.6834    -0.6910    -0.0076    -0.6866    -0.6942    -0.0076   2.797649   2.796899  -0.000747    34.2879    34.2864     7.5346    27.5636    27.5627    34.2896    27.5650    1446.80    1446.77    -0.6866  1028.0966    34.4560 0.0000e+00
      20803 313.693273  -62.14456  -58.43732     -0.915    1448.31    109.000    107.926    -0.6792    -0.6814    -0.0022    -0.6825    -0.6847    -0.0022   2.797920   2.797634  -0.000308    34.2879    34.2861     7.5408    27.5635    27.5622    34.2892    27.5645    1446.81    1446.80    -0.6824  1028.0913    34.4556 0.0000e+00
      20830 313.693285  -62.14456  -58.43732     -0.917    1448.31    108.000    106.936    -0.6766    -0.6783    -0.0017    -0.6798    -0.6815    -0.0017   2.798106   2.797842  -0.000251    34.2880    34.2866     7.5444    27.5635    27.5624    34.2893    27.5645    1446.80    1446.79    -0.6797  1028.0865    34.4556 0.0000e+00
      20859 313.693300  -62.14458  -58.43731     -0.840    1448.31    107.000    105.946    -0.6751    -0.6770    -0.0020    -0.6782    -0.6802    -0.0020   2.798173   2.797923  -0.000278    34.2882    34.2867     7.5466    27.5636    27.5624    34.2891    27.5643    1446.79    1446.78    -0.6782  1028.0817    34.4558 0.0000e+00
      20889 313.693314  -62.14458  -58.43730     -0.804    1448.31    106.000    104.956    -0.6718    -0.6723    -0.0006    -0.6749    -0.6755    -0.0006   2.798423   2.798253  -0.000166    34.2881    34.2866     7.5488    27.5634    27.5622    34.2894    27.5644    1446.79    1446.79    -0.6749  1028.0768    34.4557 0.0000e+00
      20918 313.693328  -62.14458  -58.43730     -0.824    1448.31    105.000    103.966    -0.6680    -0.6718    -0.0039    -0.6711    -0.6749    -0.0039   2.798676   2.798251  -0.000404    34.2879    34.2868     7.5479    27.5630    27.5623    34.2891    27.5640    1446.79    1446.78    -0.6710  1028.0716    34.4554 0.0000e+00
      20947 313.693342  -62.14458  -58.43730     -0.823    1448.31    104.000    102.976    -0.6640    -0.6668    -0.0029    -0.6671    -0.6699    -0.0029   2.798894   2.798589  -0.000323    34.2873    34.2862     7.5295    27.5623    27.5616    34.2881    27.5630    1446.80    1446.78    -0.6670  1028.0658    34.4544 0.0000e+00
      20975 313.693356  -62.14459  -58.43730     -0.838    1448.31    103.000    101.986    -0.6606    -0.6630    -0.0024    -0.6637    -0.6661    -0.0024   2.799081   2.798802  -0.000283    34.2863    34.2852     7.5415    27.5614    27.5607    34.2875    27.5623    1446.79    1446.78    -0.6636  1028.0603    34.4538 0.0000e+00
      21002 313.693368  -62.14460  -58.43730     -0.889    1448.31    102.000    100.996    -0.6575    -0.6581    -0.0006    -0.6605    -0.6611    -0.0006   2.799168   2.799057  -0.000120    34.2849    34.2840     7.5446    27.5602    27.5595    34.2857    27.5608    1446.79    1446.79    -0.6605  1028.0540    34.4520 0.0000e+00
      21028 313.693381  -62.14460  -58.43728     -0.899    1448.31    101.000    100.007    -0.6579    -0.6574     0.0005    -0.6609    -0.6604     0.0005   2.799064   2.799021  -0.000055    34.2849    34.2835     7.5406    27.5601    27.5590    34.2854    27.5605    1446.77    1446.77    -0.6608  1028.0489    34.4516 0.0000e+00
      21056 313.693394  -62.14460  -58.43728     -0.886    1448.31    100.000     99.017    -0.6594    -0.6580     0.0013    -0.6624    -0.6610     0.0013   2.798855   2.798890   0.000024    34.2845    34.2832     7.5537    27.5598    27.5588    34.2849    27.5602    1446.75    1446.75    -0.6623  1028.0438    34.4511 0.0000e+00
      21082 313.693407  -62.14462  -58.43728     -0.897    1448.31     99.000     98.026    -0.6597    -0.6587     0.0010    -0.6626    -0.6616     0.0010   2.798779   2.798758  -0.000024    34.2844    34.2829     7.5621    27.5598    27.5586    34.2848    27.5602    1446.73    1446.73    -0.6626  1028.0390    34.4511 0.0000e+00
      21109 313.693420  -62.14462  -58.43726     -0.905    1448.31     98.000     97.037    -0.6589    -0.6587     0.0002    -0.6618    -0.6617     0.0002   2.798787   2.798703  -0.000080    34.2841    34.2828     7.5681    27.5595    27.5585    34.2847    27.5600    1446.72    1446.72    -0.6617  1028.0340    34.4509 0.0000e+00
      21135 313.693433  -62.14463  -58.43726     -0.898    1448.31     97.000     96.047    -0.6542    -0.6549    -0.0007    -0.6571    -0.6578    -0.0007   2.799110   2.798947  -0.000169    34.2835    34.2821     7.5683    27.5589    27.5577    34.2843    27.5595    1446.72    1446.72    -0.6570  1028.0287    34.4505 0.0000e+00
      21162 313.693446  -62.14464  -58.43726     -0.909    1448.31     96.000     95.057    -0.6504    -0.6515    -0.0011    -0.6533    -0.6544    -0.0011   2.799381   2.799172  -0.000196    34.2833    34.2820     7.5717    27.5586    27.5575    34.2842    27.5593    1446.72    1446.72    -0.6532  1028.0237    34.4504 0.0000e+00
      21189 313.693459  -62.14464  -58.43725     -0.903    1448.31     95.000     94.067    -0.6463    -0.6477    -0.0014    -0.6491    -0.6505    -0.0014   2.799643   2.799427  -0.000224    34.2831    34.2816     7.5809    27.5582    27.5570    34.2838    27.5587    1446.73    1446.72    -0.6491  1028.0183    34.4499 0.0000e+00
      21219 313.693473  -62.14464  -58.43724     -0.836    1448.31     94.000     93.077    -0.6452    -0.6464    -0.0013    -0.6480    -0.6492    -0.0013   2.799683   2.799475  -0.000199    34.2831    34.2819     7.5843    27.5582    27.5572    34.2836    27.5586    1446.71    1446.71    -0.6479  1028.0134    34.4498 0.0000e+00
      21252 313.693489  -62.14465  -58.43724     -0.729    1448.31     93.000     92.087    -0.6445    -0.6466    -0.0021    -0.6473    -0.6494    -0.0021   2.799686   2.799443  -0.000251    34.2830    34.2820     7.5842    27.5580    27.5574    34.2835    27.5585    1446.70    1446.69    -0.6472  1028.0085    34.4497 0.0000e+00
      21285 313.693505  -62.14466  -58.43724     -0.716    1448.31     92.000     91.097    -0.6422    -0.6424    -0.0003    -0.6449    -0.6452    -0.0003   2.799857   2.799712  -0.000129    34.2830    34.2816     7.5907    27.5579    27.5568    34.2838    27.5586    1446.70    1446.69    -0.6449  1028.0038    34.4499 0.0000e+00
      21313 313.693518  -62.14466  -58.43724     -0.816    1448.31     91.000     90.107    -0.6346    -0.6374    -0.0028    -0.6373    -0.6401    -0.0028   2.800420   2.800083  -0.000326    34.2824    34.2812     7.5901    27.5571    27.5563    34.2835    27.5580    1446.72    1446.70    -0.6372  1027.9984    34.4495 0.0000e+00
      21338 313.693530  -62.14468  -58.43722     -0.927    1448.31     90.000     89.117    -0.6295    -0.6319    -0.0024    -0.6322    -0.6346    -0.0024   2.800810   2.800477  -0.000341    34.2825    34.2807     7.5857    27.5570    27.5556    34.2836    27.5579    1446.73    1446.71    -0.6321  1027.9934    34.4496 0.0000e+00
      21362 313.693542  -62.14468  -58.43722     -0.979    1448.31     89.000     88.127    -0.6241    -0.6272    -0.0031    -0.6268    -0.6298    -0.0031   2.801191   2.800815  -0.000371    34.2820    34.2804     7.5817    27.5564    27.5552    34.2832    27.5573    1446.73    1446.72    -0.6267  1027.9881    34.4493 0.0000e+00
      21388 313.693555  -62.14468  -58.43722     -0.941    1448.31     88.000     87.137    -0.6202    -0.6208    -0.0006    -0.6228    -0.6234    -0.0006   2.801426   2.801250  -0.000193    34.2816    34.2797     7.5778    27.5558    27.5543    34.2826    27.5566    1446.73    1446.73    -0.6228  1027.9826    34.4486 0.0000e+00
      21416 313.693568  -62.14470  -58.43720     -0.891    1448.31     87.000     86.147    -0.6161    -0.6165    -0.0004    -0.6187    -0.6192    -0.0004   2.801693   2.801541  -0.000154    34.2812    34.2796     7.5752    27.5554    27.5541    34.2822    27.5562    1446.74    1446.73    -0.6187  1027.9773    34.4482 0.0000e+00
      21442 313.693581  -62.14470  -58.43720     -0.894    1448.31     86.000     85.157    -0.6139    -0.6165    -0.0026    -0.6165    -0.6191    -0.0026   2.801829   2.801483  -0.000332    34.2813    34.2798     7.5914    27.5554    27.5542    34.2821    27.5560    1446.73    1446.71    -0.6164  1027.9724    34.4481 0.0000e+00
      21467 313.693593  -62.14470  -58.43720     -0.937    1448.31     85.000     84.167    -0.6143    -0.6146    -0.0003    -0.6169    -0.6171    -0.0003   2.801724   2.801622  -0.000125    34.2813    34.2799     7.5914    27.5553    27.5542    34.2818    27.5557    1446.71    1446.71    -0.6168  1027.9673    34.4477 0.0000e+00
      21494 313.693606  -62.14472  -58.43718     -0.927    1448.31     84.000     83.177    -0.6154    -0.6151     0.0002    -0.6179    -0.6176     0.0002   2.801609   2.801529  -0.000077    34.2816    34.2803     7.5975    27.5556    27.5546    34.2821    27.5560    1446.69    1446.69    -0.6178  1027.9628    34.4480 0.0000e+00
      21524 313.693620  -62.14472  -58.43718     -0.824    1448.31     83.000     82.187    -0.6152    -0.6157    -0.0005    -0.6177    -0.6182    -0.0005   2.801566   2.801421  -0.000153    34.2816    34.2801     7.6008    27.5556    27.5544    34.2820    27.5559    1446.68    1446.67    -0.6176  1027.9579    34.4479 0.0000e+00
      21554 313.693635  -62.14472  -58.43718     -0.787    1448.31     82.000     81.197    -0.6140    -0.6137     0.0002    -0.6164    -0.6162     0.0002   2.801635   2.801537  -0.000092    34.2815    34.2799     7.5962    27.5555    27.5542    34.2821    27.5559    1446.66    1446.66    -0.6164  1027.9531    34.4480 0.0000e+00
      21581 313.693648  -62.14474  -58.43716     -0.850    1448.31     81.000     80.207    -0.6114    -0.6120    -0.0006    -0.6139    -0.6144    -0.0006   2.801777   2.801626  -0.000155    34.2812    34.2798     7.5996    27.5552    27.5540    34.2817    27.5556    1446.66    1446.66    -0.6138  1027.9480    34.4476 0.0000e+00
      21608 313.693661  -62.14474  -58.43716     -0.896    1448.31     80.000     79.217    -0.6089    -0.6097    -0.0008    -0.6113    -0.6121    -0.0008   2.801941   2.801753  -0.000179    34.2810    34.2796     7.5973    27.5549    27.5538    34.2817    27.5554    1446.65    1446.65    -0.6112  1027.9430    34.4475 0.0000e+00
