Pos-Processados/process_op42/Processamento_split/up/uoperantar42_001.cnv
* Sea-Bird SBE 9 Data File:
* FileName = C:\Users\Hidrografia\Desktop\OPXLII\Brutos\OP42001.hdr
* Software Version Seasave V 7.26.7.107
* Temperature SN = 6502
* Conductivity SN = 4998
* Number of Bytes Per Scan = 37
* Number of Voltage Words = 4
* Number of Scans Averaged by the Deck Unit = 1
* NMEA Latitude = 37 22.97 S
* NMEA Longitude = 051 25.37 W
* NMEA UTC (Time) = Oct 16 2023 02:33:28
* NMEA baud rate = 4800
** H41
** NPOALTEMAXIMIANO
** NUMERO DA ESTACAO (XXX) 001
** LAT (XX XX.XX S/N) 37 21.653 S
** LONG (XXX XX.XX W/E) 51 23.878 W
** DATAHORA (dd/mm/aaaa hh:mm Z) 16/10/2023 0155
** PROFUNDIDADE (m) 4344
** OPERADOR CT FILIPE LOPES
# nquan = 30
# nvalues = 1004                        
# units = specified
# name 0 = scan: Scan Count
# name 1 = timeJ: Julian Days
# name 2 = latitude: Latitude [deg]
# name 3 = longitude: Longitude [deg]
# name 4 = dz/dtM: Descent Rate [m/s]
# name 5 = avgsvCM: Average Sound Velocity [Chen-Millero, m/s]
# name 6 = prDM: Pressure, Digiquartz [db]
# name 7 = depSM: Depth [salt water, m]
# name 8 = t090C: Temperature [ITS-90, deg C]
# name 9 = t190C: Temperature, 2 [ITS-90, deg C]
# name 10 = T2-T190C: Temperature Difference, 2 - 1 [ITS-90, deg C]
# name 11 = potemp090C: Potential Temperature [ITS-90, deg C]
# name 12 = potemp190C: Potential Temperature, 2 [ITS-90, deg C]
# name 13 = potemp90Cdiff: Potential Temperature, Diff, 2 - 1 [ITS-90, deg C]
# name 14 = c0S/m: Conductivity [S/m]
# name 15 = c1S/m: Conductivity, 2 [S/m]
# name 16 = C2-C1S/m: Conductivity Difference, 2 - 1 [S/m]
# name 17 = sal00: Salinity, Practical [PSU]
# name 18 = sal11: Salinity, Practical, 2 [PSU]
# name 19 = sbeox0ML/L: Oxygen, SBE 43 [ml/l]
# name 20 = sigma-é00: Density [sigma-theta, kg/m^3]
# name 21 = sigma-é11: Density, 2 [sigma-theta, kg/m^3]
# name 22 = sal00: Salinity, Practical [PSU]
# name 23 = sigma-é00: Density [sigma-theta, kg/m^3]
# name 24 = svCM: Sound Velocity [Chen-Millero, m/s]
# name 25 = svCM1: Sound Velocity, 2 [Chen-Millero, m/s]
# name 26 = gsw_ptA0: potential temperature [ITS-90, deg C]
# name 27 = gsw_densityA0: density, TEOS-10 [density, kg/m^3]
# name 28 = gsw_saA0: Absolute Salinity [g/kg]
# name 29 = flag:
# span 0 =      39583,      80372       
# span 1 = 289.125663, 289.145334       
# span 2 =  -37.40116,  -37.39420       
# span 3 =  -51.45054,  -51.43364       
# span 4 =     -1.516,     -0.163       
# span 5 =    1502.20,    1502.93       
# span 6 =      8.000,   1011.000       
# span 7 =      7.939,   1001.058       
# span 8 =     4.3601,    18.7246       
# span 9 =     4.3614,    18.7272       
# span 10 =    -0.1012,     0.0422      
# span 11 =     4.2813,    18.7193      
# span 12 =     4.2826,    18.7219      
# span 13 =    -0.1009,     0.0419      
# span 14 =   3.264498,   4.824947      
# span 15 =   3.264484,   4.825168      
# span 16 =  -0.013409,   0.003628      
# span 17 =    34.1992,    36.3441      
# span 18 =    34.1988,    36.3452      
# span 19 =     4.4813,     5.6263      
# span 20 =    26.0504,    27.1229      
# span 21 =    26.0512,    27.1223      
# span 22 =    34.2000,    36.3457      
# span 23 =    26.0504,    27.1229      
# span 24 =    1483.63,    1521.06      
# span 25 =    1483.61,    1521.06      
# span 26 =     4.2810,    18.7193      
# span 27 =  1026.0910,  1031.7707      
# span 28 =    34.3644,    36.5173      
# span 29 = 0.0000e+00, 0.0000e+00      
# interval = decibars: 1                
# start_time = Oct 16 2023 02:33:28 [NMEA time, header]
# bad_flag = -9.990e-29
*END*
[from data line 629]
      59121 289.135085  -37.39746  -51.44157     -0.515    1502.20    382.000    378.810    14.2142    14.2152     0.0010    14.1579    14.1588     0.0010   4.281284   4.281182  -0.000176    35.4567    35.4541     4.7537    26.5067    26.5045    35.4605    26.5097    1511.03    1511.03    14.1579  1028.1942    35.6282 0.0000e+00
      59167 289.135107  -37.39748  -51.44158     -0.512    1502.20    381.000    377.826    14.2516    14.2541     0.0025    14.1953    14.1978     0.0025   4.286076   4.286132   0.000032    35.4661    35.4641     4.7664    26.5060    26.5039    35.4711    26.5098    1511.15    1511.15    14.1953  1028.1897    35.6388 0.0000e+00
      59204 289.135125  -37.39748  -51.44160     -0.637    1502.20    380.000    376.824    14.2864    14.2811    -0.0053    14.2302    14.2249    -0.0053   4.290266   4.289352  -0.000897    35.4740    35.4705     4.7885    26.5046    26.5031    35.4784    26.5081    1511.25    1511.23    14.2302  1028.1833    35.6462 0.0000e+00
      59233 289.135139  -37.39748  -51.44161     -0.775    1502.20    379.000    375.840    14.3015    14.2895    -0.0120    14.2454    14.2335    -0.0119   4.291903   4.290312  -0.001502    35.4761    35.4732     4.8013    26.5031    26.5033    35.4802    26.5062    1511.29    1511.24    14.2454  1028.1777    35.6489 0.0000e+00
      59263 289.135154 -9.990e-29  -51.44164     -0.811    1502.20    378.000    374.849    14.3454    14.3262    -0.0192    14.2893    14.2701    -0.0192   4.297461   4.294842  -0.002472    35.4835    35.4782     4.8028    26.4994    26.4994    35.4918    26.5057    1511.42    1511.35    14.2893  1028.1734    35.6617 0.0000e+00
      59296 289.135169 -9.990e-29  -51.44164     -0.743    1502.20    377.000    373.858    14.4213    14.4061    -0.0152    14.3652    14.3500    -0.0151   4.306064   4.304347  -0.001818    35.4950    35.4921     4.7974    26.4920    26.4930    35.5022    26.4975    1511.66    1511.61    14.3652  1028.1603    35.6722 0.0000e+00
      59331 289.135186  -37.39750  -51.44165     -0.693    1502.20    376.000    372.867    14.4609    14.4491    -0.0118    14.4048    14.3930    -0.0118   4.311016   4.309587  -0.001438    35.5052    35.5028     4.8203    26.4914    26.4920    35.5121    26.4967    1511.79    1511.74    14.4048  1028.1541    35.6813 0.0000e+00
      59368 289.135204  -37.39750  -51.44166     -0.668    1502.20    375.000    371.878    14.4668    14.4516    -0.0153    14.4109    14.3956    -0.0152   4.311768   4.309356  -0.002200    35.5096    35.5033     4.8381    26.4934    26.4918    35.5140    26.4968    1511.79    1511.73    14.4109  1028.1489    35.6820 0.0000e+00
      59419 289.135229  -37.39752  -51.44168     -0.462    1502.20    374.000    370.888    14.4617    14.4369    -0.0248    14.4059    14.3812    -0.0248   4.310365   4.307834  -0.002635    35.5041    35.5025     4.8486    26.4902    26.4943    35.5061    26.4918    1511.75    1511.67    14.4060  1028.1395    35.6740 0.0000e+00
      59471 289.135254  -37.39752  -51.44171     -0.453    1502.20    373.000    369.891    14.4480    14.4477    -0.0004    14.3924    14.3921    -0.0004   4.308320   4.308416  -0.000013    35.4984    35.4986     4.8125    26.4887    26.4890    35.5002    26.4901    1511.68    1511.68    14.3924  1028.1336    35.6681 0.0000e+00
      59501 289.135268  -37.39754  -51.44172     -0.716    1502.20    372.000    368.904    14.4631    14.4583    -0.0048    14.4076    14.4028    -0.0048   4.310120   4.309184  -0.000919    35.5003    35.4962     4.7654    26.4870    26.4849    35.5034    26.4893    1511.72    1511.70    14.4076  1028.1283    35.6713 0.0000e+00
      59527 289.135281  -37.39754  -51.44174     -0.890    1502.20    371.000    367.913    14.4702    14.4683    -0.0019    14.4149    14.4130    -0.0019   4.310576   4.310443  -0.000244    35.5003    35.4997     4.7494    26.4853    26.4853    35.5015    26.4863    1511.72    1511.71    14.4149  1028.1208    35.6694 0.0000e+00
      59556 289.135295  -37.39754  -51.44175     -0.860    1502.20    370.000    366.923    14.4601    14.4619     0.0018    14.4049    14.4067     0.0018   4.309050   4.309463   0.000425    35.4966    35.4989     4.7457    26.4847    26.4860    35.4971    26.4850    1511.67    1511.67    14.4050  1028.1153    35.6649 0.0000e+00
      59592 289.135312  -37.39755  -51.44176     -0.693    1502.20    369.000    365.932    14.4331    14.4384     0.0053    14.3782    14.3834     0.0052   4.305249   4.306047   0.000670    35.4891    35.4905     4.7471    26.4846    26.4845    35.4871    26.4831    1511.55    1511.57    14.3782  1028.1092    35.6549 0.0000e+00
      59625 289.135328  -37.39756  -51.44178     -0.712    1502.20    368.000    364.941    14.4133    14.4260     0.0127    14.3585    14.3712     0.0126   4.302513   4.304250   0.001598    35.4817    35.4849     4.7221    26.4831    26.4829    35.4804    26.4822    1511.46    1511.51    14.3585  1028.1040    35.6482 0.0000e+00
      59671 289.135350  -37.39756  -51.44179     -0.541    1502.20    367.000    363.951    14.3941    14.4199     0.0258    14.3395    14.3653     0.0258   4.299803   4.303483   0.003550    35.4751    35.4842     4.6799    26.4821    26.4836    35.4734    26.4808    1511.38    1511.47    14.3395  1028.0984    35.6411 0.0000e+00
      59728 289.135377  -37.39757  -51.44181     -0.391    1502.20    366.000    362.957    14.3695    14.3788     0.0093    14.3152    14.3244     0.0093   4.296440   4.297601   0.001402    35.4662    35.4707     4.6493    26.4805    26.4819    35.4652    26.4796    1511.27    1511.30    14.3152  1028.0931    35.6328 0.0000e+00
      59756 289.135391  -37.39758  -51.44183     -0.730    1502.20    365.000    361.969    14.3639    14.3659     0.0020    14.3097    14.3117     0.0020   4.295508   4.295849   0.000335    35.4643    35.4655     4.6427    26.4801    26.4807    35.4621    26.4785    1511.23    1511.24    14.3097  1028.0876    35.6298 0.0000e+00
      59785 289.135405  -37.39758  -51.44184     -0.858    1502.20    364.000    360.978    14.3570    14.3593     0.0023    14.3030    14.3052     0.0023   4.294608   4.294961   0.000362    35.4614    35.4627     4.6561    26.4793    26.4799    35.4605    26.4787    1511.19    1511.20    14.3030  1028.0834    35.6281 0.0000e+00
      59816 289.135420  -37.39758  -51.44186     -0.788    1502.20    363.000    359.987    14.3734    14.3742     0.0008    14.3195    14.3203     0.0008   4.296672   4.296658   0.000073    35.4637    35.4636     4.6513    26.4776    26.4774    35.4649    26.4785    1511.23    1511.24    14.3195  1028.0788    35.6326 0.0000e+00
      59854 289.135438  -37.39759  -51.44187     -0.667    1502.20    362.000    358.997    14.3936    14.3864    -0.0072    14.3398    14.3326    -0.0072   4.298695   4.297953  -0.000684    35.4652    35.4655     4.6314    26.4744    26.4762    35.4656    26.4747    1511.28    1511.26    14.3398  1028.0704    35.6333 0.0000e+00
      59907 289.135464  -37.39760  -51.44188     -0.405    1502.20    361.000    358.004    14.4046    14.3950    -0.0097    14.3509    14.3413    -0.0096   4.300209   4.299085  -0.001146    35.4685    35.4668     4.6366    26.4746    26.4753    35.4699    26.4757    1511.31    1511.27    14.3509  1028.0669    35.6376 0.0000e+00
      59940 289.135480  -37.39760  -51.44190     -0.647    1502.20    360.000    357.015    14.4259    14.4235    -0.0024    14.3724    14.3700    -0.0024   4.302894   4.302394  -0.000405    35.4729    35.4714     4.6397    26.4734    26.4727    35.4756    26.4754    1511.37    1511.36    14.3724  1028.0622    35.6433 0.0000e+00
      59964 289.135491  -37.39760  -51.44190     -0.917    1502.20    359.000    356.024    14.4463    14.4372    -0.0092    14.3928    14.3837    -0.0091   4.305354   4.304094  -0.001240    35.4773    35.4743     4.6271    26.4724    26.4720    35.4801    26.4745    1511.42    1511.39    14.3928  1028.0567    35.6478 0.0000e+00
      59991 289.135505  -37.39761  -51.44192     -0.946    1502.20    358.000    355.033    14.4715    14.4444    -0.0271    14.4181    14.3911    -0.0270   4.308147   4.304794  -0.003100    35.4804    35.4765     4.6313    26.4693    26.4721    35.4832    26.4715    1511.49    1511.39    14.4181  1028.0491    35.6510 0.0000e+00
      60034 289.135525  -37.39762  -51.44194     -0.578    1502.20    357.000    354.042    14.4932    14.4620    -0.0312    14.4399    14.4087    -0.0311   4.311011   4.307239  -0.003939    35.4871    35.4793     4.6459    26.4698    26.4704    35.4903    26.4722    1511.55    1511.44    14.4399  1028.0454    35.6580 0.0000e+00
      60077 289.135546  -37.39762  -51.44196     -0.546    1502.20    356.000    353.051    14.5453    14.5340    -0.0113    14.4920    14.4807    -0.0113   4.317578   4.315914  -0.001493    35.4986    35.4952     4.6483    26.4674    26.4672    35.5035    26.4712    1511.71    1511.67    14.4920  1028.0396    35.6714 0.0000e+00
      60113 289.135563  -37.39764  -51.44198     -0.662    1502.20    355.000    352.061    14.5565    14.5451    -0.0113    14.5033    14.4920    -0.0113   4.318552   4.317239  -0.001326    35.5005    35.4986     4.6539    26.4664    26.4674    35.5027    26.4682    1511.73    1511.69    14.5033  1028.0321    35.6706 0.0000e+00
      60170 289.135591  -37.39764  -51.44200     -0.374    1502.20    354.000    351.068    14.5521    14.5475    -0.0046    14.4991    14.4945    -0.0046   4.317824   4.317443  -0.000487    35.4989    35.4986     4.6855    26.4661    26.4669    35.5004    26.4673    1511.70    1511.69    14.4991  1028.0269    35.6683 0.0000e+00
      60202 289.135606  -37.39764  -51.44200     -0.642    1502.20    353.000    350.078    14.5621    14.5644     0.0022    14.5092    14.5115     0.0022   4.318840   4.319067   0.000170    35.4986    35.4982     4.6768    26.4637    26.4629    35.5010    26.4656    1511.71    1511.72    14.5093  1028.0207    35.6688 0.0000e+00
      60224 289.135617  -37.39766  -51.44202     -0.970    1502.20    352.000    349.088    14.5752    14.5724    -0.0028    14.5224    14.5196    -0.0028   4.320348   4.319848  -0.000426    35.5002    35.4988     4.6643    26.4621    26.4616    35.5034    26.4646    1511.74    1511.73    14.5224  1028.0152    35.6712 0.0000e+00
      60249 289.135629 -9.990e-29  -51.44202     -1.034    1502.20    351.000    348.097    14.5902    14.5800    -0.0102    14.5376    14.5274    -0.0102   4.321882   4.320619  -0.001190    35.5018    35.5002     4.6447    26.4601    26.4610    35.5042    26.4619    1511.78    1511.74    14.5376  1028.0095    35.6738 0.0000e+00
      60306 289.135656 -9.990e-29  -51.44205     -0.375    1502.20    350.000    347.104    14.6017    14.5900    -0.0116    14.5491    14.5375    -0.0116   4.323223   4.321959  -0.001329    35.5041    35.5025     4.6385    26.4593    26.4606    35.5065    26.4611    1511.80    1511.76    14.5492  1028.0044    35.6763 0.0000e+00
      60350 289.135678  -37.39768  -51.44207     -0.551    1502.20    349.000    346.115    14.6262    14.6245    -0.0016    14.5737    14.5721    -0.0016   4.326315   4.326070  -0.000277    35.5104    35.5094     4.6224    26.4589    26.4584    35.5129    26.4608    1511.87    1511.86    14.5737  1027.9980    35.6808 0.0000e+00
      60380 289.135692  -37.39768  -51.44208     -0.784    1502.20    348.000    345.124    14.6327    14.6293    -0.0034    14.5804    14.5771    -0.0034   4.327015   4.326599  -0.000423    35.5120    35.5112     4.6299    26.4587    26.4588    35.5138    26.4600    1511.87    1511.86    14.5805  1027.9928    35.6817 0.0000e+00
      60419 289.135711  -37.39768  -51.44210     -0.648    1502.20    347.000    344.133    14.6324    14.6289    -0.0036    14.5803    14.5767    -0.0036   4.327107   4.326526  -0.000590    35.5130    35.5109     4.6665    26.4594    26.4586    35.5153    26.4612    1511.86    1511.84    14.5803  1027.9896    35.6832 0.0000e+00
      60455 289.135728  -37.39769  -51.44211     -0.643    1502.20    346.000    343.142    14.6786    14.6725    -0.0061    14.6264    14.6204    -0.0061   4.333043   4.332023  -0.000976    35.5235    35.5201     4.6555    26.4575    26.4562    35.5282    26.4611    1512.00    1511.98    14.6265  1027.9848    35.6961 0.0000e+00
      60489 289.135744  -37.39770  -51.44214     -0.716    1502.20    345.000    342.155    14.7033    14.6968    -0.0064    14.6512    14.6448    -0.0064   4.335703   4.334942  -0.000816    35.5273    35.5257     4.6561    26.4551    26.4552    35.5305    26.4575    1512.07    1512.05    14.6513  1027.9767    35.6984 0.0000e+00
      60529 289.135764  -37.39770  -51.44215     -0.609    1502.20    344.000    341.157    14.7183    14.7257     0.0074    14.6664    14.6738     0.0074   4.337649   4.338537   0.000712    35.5316    35.5314     4.6795    26.4551    26.4534    35.5350    26.4577    1512.10    1512.13    14.6664  1027.9724    35.7030 0.0000e+00
      60568 289.135783  -37.39771  -51.44216     -0.600    1502.20    343.000    340.169    14.7857    14.7822    -0.0036    14.7338    14.7303    -0.0035   4.346269   4.345467  -0.000621    35.5464    35.5439     4.6691    26.4518    26.4507    35.5530    26.4569    1512.32    1512.31    14.7338  1027.9667    35.7210 0.0000e+00
      60609 289.135803  -37.39772  -51.44218     -0.593    1502.20    342.000    339.178    14.8078    14.7969    -0.0109    14.7560    14.7451    -0.0109   4.348496   4.347180  -0.001321    35.5500    35.5478     4.6888    26.4497    26.4504    35.5537    26.4526    1512.38    1512.34    14.7560  1027.9579    35.7218 0.0000e+00
      60653 289.135824  -37.39772  -51.44220     -0.532    1502.20    341.000    338.188    14.8085    14.8163     0.0078    14.7569    14.7647     0.0078   4.348688   4.349530   0.000833    35.5520    35.5525     4.6946    26.4511    26.4498    35.5552    26.4535    1512.37    1512.39    14.7569  1027.9545    35.7232 0.0000e+00
      60683 289.135838  -37.39772  -51.44220     -0.718    1502.20    340.000    337.197    14.8253    14.8219    -0.0034    14.7737    14.7704    -0.0034   4.350729   4.350343  -0.000434    35.5561    35.5552     4.6986    26.4506    26.4506    35.5590    26.4528    1512.41    1512.39    14.7738  1027.9492    35.7271 0.0000e+00
      60708 289.135850  -37.39774  -51.44222     -0.926    1502.20    339.000    336.205    14.8574    14.8399    -0.0174    14.8059    14.7885    -0.0174   4.354884   4.352580  -0.002146    35.5620    35.5583     4.6952    26.4481    26.4490    35.5682    26.4529    1512.50    1512.44    14.8059  1027.9447    35.7363 0.0000e+00
      60745 289.135868  -37.39774  -51.44224     -0.714    1502.20    338.000    335.214    14.8703    14.8456    -0.0246    14.8189    14.7943    -0.0246   4.356252   4.353038  -0.003020    35.5661    35.5609     4.6913    26.4484    26.4498    35.5693    26.4509    1512.53    1512.44    14.8190  1027.9383    35.7375 0.0000e+00
      60797 289.135893  -37.39774  -51.44226     -0.396    1502.20    337.000    334.223    14.9209    14.9003    -0.0206    14.8696    14.8490    -0.0206   4.362751   4.360349  -0.002757    35.5768    35.5704     4.6959    26.4455    26.4451    35.5830    26.4504    1512.69    1512.62    14.8696  1027.9330    35.7512 0.0000e+00
      60823 289.135906  -37.39776  -51.44226     -0.767    1502.20    336.000    333.233    14.9721    14.9669    -0.0052    14.9208    14.9157    -0.0052   4.368846   4.368017  -0.000739    35.5859    35.5839     4.6967    26.4413    26.4409    35.5925    26.4464    1512.84    1512.82    14.9208  1027.9244    35.7608 0.0000e+00
