Pos-Processados/process_op42/Processamento_split/up/uoperantar42_042.cnv
* Sea-Bird SBE 9 Data File:
* FileName = C:\Users\Hidrografia\Desktop\OPXLII\Brutos\OP42042.hdr
* Software Version Seasave V 7.26.7.107
* Temperature SN = 6502
* Conductivity SN = 4998
* Number of Bytes Per Scan = 37
* Number of Voltage Words = 4
* Number of Scans Averaged by the Deck Unit = 1
* NMEA Latitude = 62 08.39 S
* NMEA Longitude = 058 26.43 W
* NMEA UTC (Time) = Nov 09 2023 17:06:28
* NMEA baud rate = 4800
** H41
** NPOALTEMAXIMIANO
** NUMERO DA ESTACAO (XXX) 042
** LAT (XX XX.XX S/N) 62 08.441S
** LONG (XXX XX.XX W/E) 058 26.341 W
** DATAHORA (dd/mm/aaaa hh:mm Z) 09/11/2023 1705Z
** PROFUNDIDADE (m) 425
** OPERADOR CT FILIPE LOPES
# nquan = 30
# nvalues = 372                         
# units = specified
# name 0 = scan: Scan Count
# name 1 = timeJ: Julian Days
# name 2 = latitude: Latitude [deg]
# name 3 = longitude: Longitude [deg]
# name 4 = dz/dtM: Descent Rate [m/s]
# name 5 = avgsvCM: Average Sound Velocity [Chen-Millero, m/s]
# name 6 = prDM: Pressure, Digiquartz [db]
# name 7 = depSM: Depth [salt water, m]
# name 8 = t090C: Temperature [ITS-90, deg C]
# name 9 = t190C: Temperature, 2 [ITS-90, deg C]
# name 10 = T2-T190C: Temperature Difference, 2 - 1 [ITS-90, deg C]
# name 11 = potemp090C: Potential Temperature [ITS-90, deg C]
# name 12 = potemp190C: Potential Temperature, 2 [ITS-90, deg C]
# name 13 = potemp90Cdiff: Potential Temperature, Diff, 2 - 1 [ITS-90, deg C]
# name 14 = c0S/m: Conductivity [S/m]
# name 15 = c1S/m: Conductivity, 2 [S/m]
# name 16 = C2-C1S/m: Conductivity Difference, 2 - 1 [S/m]
# name 17 = sal00: Salinity, Practical [PSU]
# name 18 = sal11: Salinity, Practical, 2 [PSU]
# name 19 = sbeox0ML/L: Oxygen, SBE 43 [ml/l]
# name 20 = sigma-é00: Density [sigma-theta, kg/m^3]
# name 21 = sigma-é11: Density, 2 [sigma-theta, kg/m^3]
# name 22 = sal00: Salinity, Practical [PSU]
# name 23 = sigma-é00: Density [sigma-theta, kg/m^3]
# name 24 = svCM: Sound Velocity [Chen-Millero, m/s]
# name 25 = svCM1: Sound Velocity, 2 [Chen-Millero, m/s]
# name 26 = gsw_ptA0: potential temperature [ITS-90, deg C]
# name 27 = gsw_densityA0: density, TEOS-10 [density, kg/m^3]
# name 28 = gsw_saA0: Absolute Salinity [g/kg]
# name 29 = flag:
# span 0 =      16234,      26946       
# span 1 = 313.720653, 313.725818       
# span 2 =  -62.14547,  -62.14316       
# span 3 =  -58.43860,  -58.43537       
# span 4 =     -1.066,     -0.285       
# span 5 =    1448.26,    1448.26       
# span 6 =      1.000,    372.000       
# span 7 =      1.018,    368.099       
# span 8 =    -0.8121,    -0.4218       
# span 9 =    -0.8107,    -0.4201       
# span 10 =    -0.0175,     0.0199      
# span 11 =    -0.8180,    -0.4342      
# span 12 =    -0.8166,    -0.4324      
# span 13 =    -0.0174,     0.0198      
# span 14 =   2.792270,   2.840680      
# span 15 =   2.792274,   2.840311      
# span 16 =  -0.001658,   0.001786      
# span 17 =    34.2732,    34.4232      
# span 18 =    34.2720,    34.4217      
# span 19 =     6.5122,     7.6488      
# span 20 =    27.5445,    27.6633      
# span 21 =    27.5435,    27.6621      
# span 22 =    34.2736,    34.4238      
# span 23 =    27.5448,    27.6640      
# span 24 =    1445.78,    1452.40      
# span 25 =    1445.79,    1452.33      
# span 26 =    -0.8179,    -0.4340      
# span 27 =  1027.5540,  1029.4404      
# span 28 =    34.4372,    34.5924      
# span 29 = 0.0000e+00, 0.0000e+00      
# interval = decibars: 1                
# start_time = Nov 09 2023 17:06:28 [NMEA time, header]
# bad_flag = -9.990e-29
*END*
[from data line 146]
      20222 313.722576  -62.14406  -58.43762     -1.034    1448.26    226.000    223.709    -0.7643    -0.7606     0.0037    -0.7711    -0.7674     0.0037   2.797979   2.798248   0.000272    34.3146    34.3141     7.3822    27.5888    27.5883    34.3142    27.5885    1448.35    1448.36    -0.7709  1028.6748    34.4816 0.0000e+00
      20248 313.722588  -62.14406  -58.43761     -0.941    1448.26    225.000    222.720    -0.7666    -0.7639     0.0027    -0.7734    -0.7706     0.0027   2.797720   2.797879   0.000154    34.3144    34.3134     7.3753    27.5888    27.5878    34.3140    27.5884    1448.32    1448.33    -0.7732  1028.6700    34.4813 0.0000e+00
      20278 313.722603  -62.14407  -58.43760     -0.838    1448.26    224.000    221.730    -0.7674    -0.7656     0.0019    -0.7742    -0.7723     0.0019   2.797587   2.797670   0.000085    34.3142    34.3132     7.3764    27.5886    27.5877    34.3138    27.5883    1448.30    1448.31    -0.7740  1028.6650    34.4811 0.0000e+00
      20308 313.722617  -62.14408  -58.43760     -0.789    1448.26    223.000    220.741    -0.7695    -0.7676     0.0019    -0.7762    -0.7743     0.0019   2.797333   2.797412   0.000077    34.3137    34.3126     7.3865    27.5883    27.5874    34.3132    27.5880    1448.27    1448.28    -0.7760  1028.6599    34.4806 0.0000e+00
      20333 313.722629  -62.14408  -58.43758     -0.881    1448.26    222.000    219.752    -0.7718    -0.7696     0.0022    -0.7785    -0.7762     0.0022   2.797054   2.797186   0.000138    34.3132    34.3125     7.3933    27.5880    27.5874    34.3128    27.5877    1448.24    1448.25    -0.7783  1028.6549    34.4801 0.0000e+00
      20356 313.722640  -62.14408  -58.43758     -1.007    1448.26    221.000    218.763    -0.7715    -0.7706     0.0009    -0.7781    -0.7772     0.0009   2.797039   2.797043   0.000007    34.3131    34.3122     7.3997    27.5879    27.5871    34.3128    27.5877    1448.23    1448.23    -0.7780  1028.6502    34.4801 0.0000e+00
      20380 313.722652  -62.14410  -58.43758     -1.036    1448.26    220.000    217.773    -0.7721    -0.7710     0.0012    -0.7787    -0.7776     0.0012   2.796940   2.796966   0.000018    34.3132    34.3121     7.4005    27.5880    27.5871    34.3128    27.5877    1448.21    1448.21    -0.7785  1028.6454    34.4801 0.0000e+00
      20409 313.722666  -62.14410  -58.43758     -0.896    1448.26    219.000    216.784    -0.7743    -0.7708     0.0036    -0.7809    -0.7774     0.0036   2.796727   2.796939   0.000215    34.3134    34.3123     7.4066    27.5882    27.5872    34.3130    27.5880    1448.18    1448.20    -0.7807  1028.6409    34.4803 0.0000e+00
      20440 313.722681  -62.14410  -58.43756     -0.770    1448.26    218.000    215.794    -0.7735    -0.7730     0.0005    -0.7800    -0.7795     0.0005   2.796733   2.796689  -0.000040    34.3130    34.3119     7.4184    27.5879    27.5870    34.3128    27.5878    1448.17    1448.17    -0.7799  1028.6359    34.4801 0.0000e+00
      20467 313.722694  -62.14411  -58.43756     -0.832    1448.26    217.000    214.805    -0.7739    -0.7726     0.0013    -0.7804    -0.7791     0.0013   2.796601   2.796673   0.000042    34.3126    34.3118     7.4089    27.5876    27.5869    34.3120    27.5871    1448.15    1448.16    -0.7802  1028.6305    34.4793 0.0000e+00
      20490 313.722705  -62.14412  -58.43755     -0.967    1448.26    216.000    213.816    -0.7774    -0.7729     0.0045    -0.7838    -0.7794     0.0045   2.796300   2.796574   0.000280    34.3128    34.3115     7.4172    27.5879    27.5867    34.3126    27.5877    1448.12    1448.14    -0.7837  1028.6264    34.4799 0.0000e+00
      20512 313.722716  -62.14412  -58.43754     -1.058    1448.26    215.000    212.827    -0.7804    -0.7762     0.0042    -0.7868    -0.7826     0.0042   2.795904   2.796240   0.000318    34.3122    34.3117     7.4108    27.5875    27.5869    34.3112    27.5867    1448.09    1448.11    -0.7866  1028.6206    34.4785 0.0000e+00
      20537 313.722728  -62.14413  -58.43754     -1.035    1448.26    214.000    211.837    -0.7829    -0.7797     0.0032    -0.7892    -0.7860     0.0032   2.795700   2.795898   0.000211    34.3123    34.3115     7.4032    27.5877    27.5869    34.3119    27.5874    1448.06    1448.07    -0.7891  1028.6165    34.4791 0.0000e+00
      20565 313.722741  -62.14414  -58.43754     -0.899    1448.26    213.000    210.847    -0.7828    -0.7794     0.0035    -0.7891    -0.7857     0.0035   2.795660   2.795904   0.000243    34.3122    34.3116     7.4047    27.5877    27.5870    34.3119    27.5874    1448.04    1448.06    -0.7890  1028.6118    34.4792 0.0000e+00
      20595 313.722756  -62.14414  -58.43752     -0.795    1448.26    212.000    209.858    -0.7830    -0.7818     0.0012    -0.7893    -0.7881     0.0012   2.795580   2.795624   0.000043    34.3121    34.3113     7.4042    27.5876    27.5869    34.3117    27.5872    1448.03    1448.03    -0.7892  1028.6072    34.4794 0.0000e+00
      20625 313.722770  -62.14414 -9.990e-29     -0.804    1448.26    211.000    208.869    -0.7872    -0.7846     0.0027    -0.7935    -0.7909     0.0026   2.795133   2.795305   0.000162    34.3118    34.3110     7.4122    27.5875    27.5867    34.3110    27.5869    1447.99    1448.00    -0.7933  1028.6036    34.4807 0.0000e+00
      20653 313.722783  -62.14414 -9.990e-29     -0.844    1448.26    210.000    207.879    -0.7916    -0.7880     0.0036    -0.7978    -0.7942     0.0036   2.794722   2.794944   0.000236    34.3117    34.3107     7.4196    27.5875    27.5866    34.3111    27.5871    1447.95    1447.97    -0.7977  1028.5990    34.4806 0.0000e+00
      20678 313.722796  -62.14415 -9.990e-29     -0.911    1448.26    209.000    206.890    -0.7894    -0.7889     0.0005    -0.7956    -0.7951     0.0005   2.794891   2.794838  -0.000036    34.3115    34.3104     7.4132    27.5873    27.5865    34.3114    27.5873    1447.95    1447.95    -0.7954  1028.5945    34.4810 0.0000e+00
      20704 313.722808  -62.14416  -58.43750     -0.935    1448.26    208.000    205.901    -0.7891    -0.7874     0.0017    -0.7953    -0.7936     0.0017   2.794848   2.794920   0.000061    34.3116    34.3105     7.4259    27.5874    27.5864    34.3111    27.5870    1447.93    1447.94    -0.7951  1028.5884    34.4794 0.0000e+00
      20736 313.722824  -62.14416  -58.43750     -0.803    1448.26    207.000    204.911    -0.7896    -0.7883     0.0013    -0.7957    -0.7945     0.0013   2.794758   2.794790   0.000034    34.3115    34.3105     7.4206    27.5873    27.5865    34.3111    27.5870    1447.92    1447.92    -0.7956  1028.5828    34.4783 0.0000e+00
      20767 313.722838  -62.14416  -58.43748     -0.753    1448.26    206.000    203.922    -0.7924    -0.7914     0.0009    -0.7985    -0.7976     0.0009   2.794465   2.794464   0.000007    34.3113    34.3104     7.4286    27.5873    27.5865    34.3109    27.5870    1447.88    1447.89    -0.7983  1028.5780    34.4781 0.0000e+00
      20792 313.722851  -62.14418  -58.43748     -0.879    1448.26    205.000    202.932    -0.7969    -0.7934     0.0035    -0.8029    -0.7995     0.0035   2.793900   2.794227   0.000278    34.3103    34.3102     7.4309    27.5867    27.5864    34.3090    27.5856    1447.84    1447.86    -0.8028  1028.5718    34.4762 0.0000e+00
      20817 313.722863  -62.14418  -58.43746     -0.972    1448.26    204.000    201.943    -0.8050    -0.7969     0.0081    -0.8110    -0.8029     0.0081   2.793162   2.793868   0.000685    34.3097    34.3098     7.4283    27.5865    27.5863    34.3088    27.5858    1447.79    1447.83    -0.8109  1028.5673    34.4760 0.0000e+00
      20842 313.722875  -62.14418  -58.43746     -0.956    1448.26    203.000    200.953    -0.8098    -0.8042     0.0057    -0.8158    -0.8102     0.0057   2.792637   2.793098   0.000502    34.3088    34.3092     7.4263    27.5860    27.5861    34.3078    27.5852    1447.75    1447.77    -0.8156  1028.5620    34.4750 0.0000e+00
      20869 313.722888  -62.14420  -58.43746     -0.900    1448.26    202.000    199.964    -0.8116    -0.8103     0.0013    -0.8175    -0.8163     0.0013   2.792399   2.792468   0.000071    34.3081    34.3076     7.4267    27.5855    27.5850    34.3072    27.5848    1447.72    1447.73    -0.8174  1028.5568    34.4744 0.0000e+00
      20898 313.722902  -62.14420  -58.43746     -0.868    1448.26    201.000    198.974    -0.8121    -0.8102     0.0019    -0.8180    -0.8161     0.0019   2.792306   2.792418   0.000115    34.3077    34.3071     7.4351    27.5852    27.5846    34.3071    27.5847    1447.71    1447.71    -0.8179  1028.5520    34.4743 0.0000e+00
      20931 313.722918  -62.14420  -58.43745     -0.756    1448.26    200.000    197.985    -0.8113    -0.8107     0.0006    -0.8172    -0.8166     0.0006   2.792319   2.792310  -0.000002    34.3075    34.3068     7.4427    27.5850    27.5843    34.3070    27.5846    1447.69    1447.69    -0.8170  1028.5471    34.4742 0.0000e+00
      20963 313.722933  -62.14420  -58.43744     -0.720    1448.26    199.000    196.996    -0.8111    -0.8102     0.0009    -0.8169    -0.8160     0.0009   2.792270   2.792274   0.000013    34.3070    34.3062     7.4604    27.5846    27.5839    34.3067    27.5843    1447.68    1447.68    -0.8168  1028.5420    34.4739 0.0000e+00
      20990 313.722946  -62.14422  -58.43743     -0.848    1448.26    198.000    196.006    -0.8093    -0.8094    -0.0001    -0.8152    -0.8153    -0.0001   2.792359   2.792281  -0.000072    34.3068    34.3059     7.4614    27.5843    27.5836    34.3066    27.5841    1447.67    1447.67    -0.8150  1028.5371    34.4737 0.0000e+00
      21017 313.722959  -62.14422 -9.990e-29     -0.890    1448.26    197.000    195.017    -0.8078    -0.8077     0.0002    -0.8136    -0.8134     0.0002   2.792435   2.792366  -0.000064    34.3065    34.3055     7.4654    27.5840    27.5832    34.3064    27.5839    1447.66    1447.66    -0.8134  1028.5339    34.4758 0.0000e+00
      21046 313.722973  -62.14422 -9.990e-29     -0.839    1448.26    196.000    194.027    -0.8066    -0.8067    -0.0000    -0.8124    -0.8124 -1.917e-07   2.792474   2.792401  -0.000071    34.3064    34.3055     7.4643    27.5839    27.5831    34.3063    27.5838    1447.65    1447.65    -0.8122  1028.5290    34.4757 0.0000e+00
      21073 313.722986  -62.14423 -9.990e-29     -0.857    1448.26    195.000    193.038    -0.8063    -0.8059     0.0003    -0.8120    -0.8116     0.0003   2.792460   2.792417  -0.000040    34.3064    34.3055     7.4590    27.5839    27.5831    34.3063    27.5838    1447.63    1447.63    -0.8119  1028.5242    34.4757 0.0000e+00
      21099 313.722999  -62.14424  -58.43740     -0.916    1448.26    194.000    192.048    -0.8057    -0.8053     0.0004    -0.8114    -0.8110     0.0004   2.792458   2.792423  -0.000033    34.3063    34.3054     7.4605    27.5837    27.5830    34.3062    27.5837    1447.62    1447.62    -0.8112  1028.5187    34.4749 0.0000e+00
      21123 313.723010  -62.14424  -58.43738     -0.962    1448.26    193.000    191.059    -0.8055    -0.8049     0.0006    -0.8111    -0.8106     0.0006   2.792430   2.792398  -0.000031    34.3063    34.3052     7.4610    27.5837    27.5828    34.3062    27.5837    1447.60    1447.60    -0.8110  1028.5127    34.4733 0.0000e+00
      21147 313.723022  -62.14424  -58.43738     -0.993    1448.26    192.000    190.070    -0.8052    -0.8046     0.0006    -0.8108    -0.8102     0.0006   2.792420   2.792372  -0.000046    34.3064    34.3051     7.4658    27.5838    27.5827    34.3064    27.5838    1447.59    1447.59    -0.8107  1028.5081    34.4735 0.0000e+00
      21172 313.723034  -62.14426  -58.43738     -0.999    1448.26    191.000    189.080    -0.8051    -0.8044     0.0006    -0.8107    -0.8100     0.0006   2.792374   2.792345  -0.000026    34.3063    34.3051     7.4613    27.5837    27.5828    34.3063    27.5837    1447.57    1447.58    -0.8106  1028.5032    34.4734 0.0000e+00
      21199 313.723047  -62.14426  -58.43736     -0.921    1448.26    190.000    188.090    -0.8043    -0.8039     0.0004    -0.8099    -0.8095     0.0004   2.792387   2.792336  -0.000051    34.3062    34.3050     7.4586    27.5836    27.5826    34.3062    27.5836    1447.56    1447.56    -0.8097  1028.4983    34.4733 0.0000e+00
      21230 313.723062  -62.14426  -58.43736     -0.800    1448.26    189.000    187.101    -0.8034    -0.8032     0.0002    -0.8090    -0.8088     0.0002   2.792394   2.792338  -0.000050    34.3058    34.3049     7.4535    27.5833    27.5825    34.3059    27.5833    1447.55    1447.55    -0.8088  1028.4933    34.4730 0.0000e+00
      21261 313.723077  -62.14427  -58.43735     -0.770    1448.26    188.000    186.112    -0.8013    -0.8018    -0.0005    -0.8068    -0.8073    -0.0005   2.792520   2.792405  -0.000109    34.3055    34.3046     7.4511    27.5829    27.5822    34.3058    27.5831    1447.54    1447.54    -0.8067  1028.4883    34.4729 0.0000e+00
      21292 313.723092  -62.14428  -58.43734     -0.784    1448.26    187.000    185.122    -0.7980    -0.7985    -0.0004    -0.8035    -0.8040    -0.0004   2.792730   2.792609  -0.000117    34.3053    34.3042     7.4532    27.5826    27.5817    34.3056    27.5828    1447.54    1447.54    -0.8034  1028.4832    34.4727 0.0000e+00
      21335 313.723112  -62.14428  -58.43733     -0.579    1448.26    186.000    184.132    -0.7968    -0.7984    -0.0016    -0.8023    -0.8039    -0.0016   2.792765   2.792548  -0.000207    34.3051    34.3041     7.4631    27.5824    27.5817    34.3053    27.5825    1447.53    1447.52    -0.8021  1028.4781    34.4724 0.0000e+00
      21383 313.723136  -62.14429  -58.43732     -0.493    1448.26    185.000    183.146    -0.7940    -0.7945    -0.0004    -0.7995    -0.7999    -0.0004   2.792895   2.792800  -0.000105    34.3042    34.3033     7.4700    27.5816    27.5809    34.3045    27.5818    1447.53    1447.52    -0.7993  1028.4726    34.4716 0.0000e+00
      21425 313.723156  -62.14430  -58.43730     -0.574    1448.26    184.000    182.150    -0.7934    -0.7931     0.0002    -0.7988    -0.7985     0.0002   2.792864   2.792811  -0.000053    34.3037    34.3028     7.4845    27.5811    27.5804    34.3039    27.5813    1447.51    1447.51    -0.7987  1028.4673    34.4710 0.0000e+00
      21458 313.723172  -62.14430  -58.43730     -0.680    1448.26    183.000    181.164    -0.7928    -0.7926     0.0002    -0.7982    -0.7980     0.0002   2.792851   2.792790  -0.000063    34.3036    34.3025     7.4692    27.5810    27.5801    34.3038    27.5812    1447.50    1447.50    -0.7981  1028.4624    34.4709 0.0000e+00
      21487 313.723186  -62.14432  -58.43730     -0.812    1448.26    182.000    180.174    -0.7918    -0.7916     0.0002    -0.7972    -0.7969     0.0002   2.792874   2.792815  -0.000060    34.3033    34.3023     7.4672    27.5808    27.5799    34.3035    27.5809    1447.49    1447.49    -0.7970  1028.4573    34.4706 0.0000e+00
      21519 313.723201  -62.14432  -58.43728     -0.774    1448.26    181.000    179.185    -0.7918    -0.7912     0.0007    -0.7972    -0.7965     0.0007   2.792807   2.792786  -0.000026    34.3032    34.3021     7.4746    27.5806    27.5797    34.3032    27.5807    1447.47    1447.47    -0.7970  1028.4524    34.4703 0.0000e+00
      21553 313.723218  -62.14432  -58.43727     -0.702    1448.26    180.000    178.195    -0.7914    -0.7910     0.0004    -0.7967    -0.7963     0.0004   2.792768   2.792735  -0.000032    34.3027    34.3018     7.4726    27.5802    27.5795    34.3028    27.5803    1447.45    1447.46    -0.7965  1028.4472    34.4699 0.0000e+00
