Pos-Processados/process_op42/Processamento_split/up/uoperantar42_017.cnv
* Sea-Bird SBE 9 Data File:
* FileName = C:\Users\Hidrografia\Desktop\OPXLII\Brutos\OP42017.hdr
* Software Version Seasave V 7.26.7.107
* Temperature SN = 6502
* Conductivity SN = 4998
* Number of Bytes Per Scan = 37
* Number of Voltage Words = 4
* Number of Scans Averaged by the Deck Unit = 1
* NMEA Latitude = 62 11.60 S
* NMEA Longitude = 058 03.21 W
* NMEA UTC (Time) = Nov 07 2023 10:12:31
* NMEA baud rate = 4800
** H41
** NPOALTEMAXIMIANO
** NUMERO DA ESTACAO (XXX) 017
** LAT (XX XX.XX S/N) 62 11.58 S
** LONG (XXX XX.XX W/E) 058 03.19 W
** DATAHORA (dd/mm/aaaa hh:mm Z) 07/11/2023 1011Z
** PROFUNDIDADE (m) 523
** OPERADOR CT FABIREZA
# nquan = 30
# nvalues = 523                         
# units = specified
# name 0 = scan: Scan Count
# name 1 = timeJ: Julian Days
# name 2 = latitude: Latitude [deg]
# name 3 = longitude: Longitude [deg]
# name 4 = dz/dtM: Descent Rate [m/s]
# name 5 = avgsvCM: Average Sound Velocity [Chen-Millero, m/s]
# name 6 = prDM: Pressure, Digiquartz [db]
# name 7 = depSM: Depth [salt water, m]
# name 8 = t090C: Temperature [ITS-90, deg C]
# name 9 = t190C: Temperature, 2 [ITS-90, deg C]
# name 10 = T2-T190C: Temperature Difference, 2 - 1 [ITS-90, deg C]
# name 11 = potemp090C: Potential Temperature [ITS-90, deg C]
# name 12 = potemp190C: Potential Temperature, 2 [ITS-90, deg C]
# name 13 = potemp90Cdiff: Potential Temperature, Diff, 2 - 1 [ITS-90, deg C]
# name 14 = c0S/m: Conductivity [S/m]
# name 15 = c1S/m: Conductivity, 2 [S/m]
# name 16 = C2-C1S/m: Conductivity Difference, 2 - 1 [S/m]
# name 17 = sal00: Salinity, Practical [PSU]
# name 18 = sal11: Salinity, Practical, 2 [PSU]
# name 19 = sbeox0ML/L: Oxygen, SBE 43 [ml/l]
# name 20 = sigma-é00: Density [sigma-theta, kg/m^3]
# name 21 = sigma-é11: Density, 2 [sigma-theta, kg/m^3]
# name 22 = sal00: Salinity, Practical [PSU]
# name 23 = sigma-é00: Density [sigma-theta, kg/m^3]
# name 24 = svCM: Sound Velocity [Chen-Millero, m/s]
# name 25 = svCM1: Sound Velocity, 2 [Chen-Millero, m/s]
# name 26 = gsw_ptA0: potential temperature [ITS-90, deg C]
# name 27 = gsw_densityA0: density, TEOS-10 [density, kg/m^3]
# name 28 = gsw_saA0: Absolute Salinity [g/kg]
# name 29 = flag:
# span 0 =      19508,      41257       
# span 1 = 311.434766, 311.445255       
# span 2 =  -62.20165,  -62.19719       
# span 3 =  -58.05205,  -58.04837       
# span 4 =     -1.104,     -0.185       
# span 5 =    1449.99,    1449.99       
# span 6 =      2.000,    524.000       
# span 7 =      1.998,    518.309       
# span 8 =    -0.6551,    -0.1324       
# span 9 =    -0.6540,    -0.1322       
# span 10 =    -0.0251,     0.0184      
# span 11 =    -0.6615,    -0.1483      
# span 12 =    -0.6604,    -0.1481      
# span 13 =    -0.0250,     0.0184      
# span 14 =   2.795169,   2.871334      
# span 15 =   2.795119,   2.871246      
# span 16 =  -0.002222,   0.001750      
# span 17 =    34.2663,    34.4622      
# span 18 =    34.2652,    34.4605      
# span 19 =     6.0167,     7.6296      
# span 20 =    27.5441,    27.6966      
# span 21 =    27.5433,    27.6960      
# span 22 =    34.2664,    34.4664      
# span 23 =    27.5441,    27.6966      
# span 24 =    1445.25,    1454.70      
# span 25 =    1445.25,    1454.70      
# span 26 =    -0.6614,    -0.1481      
# span 27 =  1027.5571,  1030.1932      
# span 28 =    34.4291,    34.6347      
# span 29 = 0.0000e+00, 0.0000e+00      
# interval = decibars: 1                
# start_time = Nov 07 2023 10:12:31 [NMEA time, header]
# bad_flag = -9.990e-29
*END*
[from data line 97]
      22578 311.436247 -9.990e-29  -58.05162     -0.806    1449.99    427.000    422.465    -0.1698    -0.1859    -0.0161    -0.1857    -0.2017    -0.0160   2.868369   2.866736  -0.001616    34.4610    34.4576     6.1480    27.6806    27.6786    34.4641    27.6831    1454.60    1454.52    -0.1855  1029.7124    34.6266 0.0000e+00
      22605 311.436260 -9.990e-29  -58.05162     -0.868    1449.99    426.000    421.477    -0.1564    -0.1682    -0.0118    -0.1723    -0.1841    -0.0118   2.869629   2.868319  -0.001297    34.4622    34.4583     6.1219    27.6809    27.6783    34.4664    27.6843    1454.65    1454.59    -0.1721  1029.7086    34.6289 0.0000e+00
      22634 311.436273  -62.19788  -58.05162     -0.866    1449.99    425.000    420.488    -0.1410    -0.1460    -0.0049    -0.1570    -0.1619    -0.0049   2.870788   2.870173  -0.000636    34.4620    34.4591     6.0930    27.6800    27.6779    34.4651    27.6825    1454.70    1454.67    -0.1567  1029.7063    34.6331 0.0000e+00
      22668 311.436290  -62.19788  -58.05160     -0.729    1449.99    424.000    419.500    -0.1362    -0.1404    -0.0042    -0.1521    -0.1563    -0.0042   2.871107   2.870616  -0.000483    34.4619    34.4602     6.0675    27.6796    27.6785    34.4644    27.6817    1454.70    1454.68    -0.1519  1029.7013    34.6331 0.0000e+00
      22705 311.436308  -62.19789  -58.05160     -0.652    1449.99    423.000    418.512    -0.1324    -0.1322     0.0002    -0.1483    -0.1481     0.0002   2.871334   2.871246  -0.000118    34.4619    34.4601     6.0426    27.6794    27.6780    34.4638    27.6810    1454.70    1454.70    -0.1481  1029.6958    34.6325 0.0000e+00
      22739 311.436324  -62.19790  -58.05160     -0.692    1449.99    422.000    417.523    -0.1342    -0.1332     0.0010    -0.1500    -0.1491     0.0010   2.871089   2.871080  -0.000025    34.4619    34.4605     6.0281    27.6795    27.6784    34.4632    27.6805    1454.68    1454.68    -0.1498  1029.6907    34.6318 0.0000e+00
      22768 311.436338  -62.19790  -58.05160     -0.775    1449.99    421.000    416.535    -0.1359    -0.1352     0.0008    -0.1517    -0.1509     0.0008   2.870886   2.870859  -0.000040    34.4619    34.4605     6.0225    27.6796    27.6785    34.4630    27.6805    1454.65    1454.66    -0.1515  1029.6859    34.6317 0.0000e+00
      22796 311.436352  -62.19791  -58.05160     -0.848    1449.99    420.000    415.547    -0.1367    -0.1359     0.0008    -0.1525    -0.1517     0.0008   2.870699   2.870678  -0.000031    34.4612    34.4599     6.0212    27.6791    27.6780    34.4620    27.6798    1454.63    1454.64    -0.1522  1029.6805    34.6307 0.0000e+00
      22824 311.436365  -62.19792  -58.05159     -0.872    1449.99    419.000    414.558    -0.1384    -0.1369     0.0014    -0.1540    -0.1526     0.0014   2.870443   2.870493   0.000041    34.4604    34.4594     6.0167    27.6786    27.6776    34.4611    27.6791    1454.61    1454.61    -0.1539  1029.6751    34.6297 0.0000e+00
      22854 311.436380  -62.19792  -58.05158     -0.824    1449.99    418.000    413.570    -0.1404    -0.1389     0.0016    -0.1561    -0.1545     0.0016   2.870146   2.870220   0.000063    34.4597    34.4588     6.0380    27.6781    27.6772    34.4601    27.6783    1454.58    1454.59    -0.1559  1029.6696    34.6287 0.0000e+00
      22883 311.436394  -62.19792  -58.05158     -0.796    1449.99    417.000    412.581    -0.1419    -0.1407     0.0013    -0.1575    -0.1563     0.0013   2.869888   2.869899   0.000012    34.4586    34.4574     6.0459    27.6773    27.6762    34.4589    27.6775    1454.56    1454.56    -0.1573  1029.6641    34.6276 0.0000e+00
      22911 311.436407  -62.19794  -58.05158     -0.864    1449.99    416.000    411.593    -0.1423    -0.1414     0.0009    -0.1578    -0.1570     0.0009   2.869738   2.869740  -0.000001    34.4576    34.4566     6.0568    27.6765    27.6756    34.4579    27.6767    1454.54    1454.54    -0.1576  1029.6588    34.6269 0.0000e+00
      22943 311.436422  -62.19794 -9.990e-29     -0.788    1449.99    415.000    410.604    -0.1426    -0.1417     0.0008    -0.1581    -0.1573     0.0008   2.869636   2.869651   0.000011    34.4573    34.4565     6.0679    27.6762    27.6755    34.4575    27.6764    1454.52    1454.52    -0.1579  1029.6555    34.6286 0.0000e+00
      22975 311.436438  -62.19794 -9.990e-29     -0.728    1449.99    414.000    409.616    -0.1422    -0.1416     0.0007    -0.1577    -0.1570     0.0007   2.869518   2.869502  -0.000016    34.4559    34.4550     6.0804    27.6751    27.6743    34.4561    27.6752    1454.50    1454.50    -0.1575  1029.6496    34.6272 0.0000e+00
      23008 311.436454  -62.19796  -58.05156     -0.745    1449.99    413.000    408.628    -0.1414    -0.1409     0.0005    -0.1568    -0.1563     0.0005   2.869515   2.869461  -0.000050    34.4554    34.4542     6.0874    27.6747    27.6736    34.4557    27.6749    1454.49    1454.49    -0.1566  1029.6443    34.6265 0.0000e+00
      23045 311.436472  -62.19796  -58.05156     -0.656    1449.99    412.000    407.639    -0.1380    -0.1388    -0.0009    -0.1534    -0.1542    -0.0009   2.869727   2.869577  -0.000151    34.4549    34.4538     6.0900    27.6740    27.6732    34.4553    27.6744    1454.49    1454.48    -0.1532  1029.6373    34.6239 0.0000e+00
      23080 311.436489  -62.19797  -58.05155     -0.651    1449.99    411.000    406.651    -0.1355    -0.1349     0.0006    -0.1509    -0.1502     0.0006   2.869843   2.869820  -0.000032    34.4544    34.4533     6.0796    27.6735    27.6726    34.4547    27.6737    1454.48    1454.48    -0.1507  1029.6319    34.6233 0.0000e+00
      23106 311.436501  -62.19798  -58.05154     -0.850    1449.99    410.000    405.662    -0.1366    -0.1365     0.0000    -0.1519    -0.1519     0.0000   2.869647   2.869573  -0.000066    34.4538    34.4529     6.0891    27.6731    27.6724    34.4538    27.6731    1454.46    1454.46    -0.1517  1029.6266    34.6225 0.0000e+00
      23130 311.436513  -62.19798  -58.05154     -0.971    1449.99    409.000    404.674    -0.1385    -0.1384     0.0001    -0.1537    -0.1536     0.0001   2.869408   2.869349  -0.000067    34.4534    34.4524     6.0934    27.6729    27.6720    34.4534    27.6729    1454.43    1454.43    -0.1536  1029.6216    34.6220 0.0000e+00
      23158 311.436526  -62.19799  -58.05154     -0.914    1449.99    408.000    403.685    -0.1413    -0.1395     0.0017    -0.1565    -0.1548     0.0017   2.869073   2.869165   0.000078    34.4531    34.4521     6.0906    27.6727    27.6719    34.4527    27.6725    1454.40    1454.41    -0.1563  1029.6165    34.6213 0.0000e+00
      23190 311.436542  -62.19800  -58.05154     -0.762    1449.99    407.000    402.697    -0.1463    -0.1409     0.0053    -0.1614    -0.1561     0.0053   2.868447   2.868946   0.000478    34.4513    34.4516     6.0962    27.6715    27.6715    34.4506    27.6710    1454.36    1454.39    -0.1612  1029.6104    34.6192 0.0000e+00
      23222 311.436557  -62.19800  -58.05154     -0.758    1449.99    406.000    401.709    -0.1499    -0.1477     0.0023    -0.1650    -0.1628     0.0022   2.867903   2.868069   0.000188    34.4482    34.4482     6.1022    27.6693    27.6691    34.4481    27.6692    1454.32    1454.33    -0.1648  1029.6049    34.6180 0.0000e+00
      23255 311.436573  -62.19800 -9.990e-29     -0.734    1449.99    405.000    400.720    -0.1378    -0.1407    -0.0030    -0.1529    -0.1558    -0.0029   2.868758   2.868463  -0.000289    34.4457    34.4452     6.1147    27.6666    27.6663    34.4464    27.6672    1454.36    1454.35    -0.1527  1029.5990    34.6175 0.0000e+00
      23285 311.436588  -62.19800 -9.990e-29     -0.767    1449.99    404.000    399.732    -0.1488    -0.1405     0.0083    -0.1638    -0.1555     0.0082   2.867406   2.868194   0.000729    34.4433    34.4437     6.1285    27.6652    27.6651    34.4414    27.6637    1454.29    1454.33    -0.1636  1029.5909    34.6124 0.0000e+00
      23314 311.436602  -62.19802  -58.05152     -0.824    1449.99    403.000    398.743    -0.1647    -0.1589     0.0058    -0.1796    -0.1739     0.0057   2.865923   2.866413   0.000525    34.4418    34.4423     6.1315    27.6648    27.6649    34.4402    27.6635    1454.20    1454.22    -0.1794  1029.5857    34.6106 0.0000e+00
      23343 311.436616  -62.19802  -58.05152     -0.830    1449.99    402.000    397.755    -0.1797    -0.1757     0.0040    -0.1945    -0.1905     0.0040   2.864427   2.864751   0.000312    34.4405    34.4401     6.1480    27.6644    27.6640    34.4378    27.6623    1454.11    1454.13    -0.1943  1029.5785    34.6063 0.0000e+00
      23371 311.436629  -62.19803  -58.05151     -0.848    1449.99    401.000    396.766    -0.2073    -0.1980     0.0093    -0.2220    -0.2127     0.0093   2.861485   2.862495   0.000944    34.4354    34.4374     6.1714    27.6617    27.6629    34.4304    27.6577    1453.95    1454.00    -0.2218  1029.5695    34.5989 0.0000e+00
      23397 311.436642  -62.19804  -58.05150     -0.893    1449.99    400.000    395.778    -0.2455    -0.2295     0.0160    -0.2600    -0.2440     0.0160   2.857914   2.859547   0.001450    34.4339    34.4352     6.1917    27.6624    27.6626    34.4265    27.6564    1453.76    1453.83    -0.2598  1029.5639    34.5949 0.0000e+00
      23424 311.436655  -62.19804  -58.05150     -0.899    1449.99    399.000    394.789    -0.3006    -0.2821     0.0184    -0.3149    -0.2965     0.0184   2.852929   2.854635   0.001750    34.4295    34.4321     6.2122    27.6615    27.6626    34.4227    27.6560    1453.48    1453.57    -0.3147  1029.5607    34.5926 0.0000e+00
      23453 311.436669  -62.19806 -9.990e-29     -0.848    1449.99    398.000    393.801    -0.3272    -0.3140     0.0133    -0.3414    -0.3282     0.0132   2.850529   2.851710   0.001265    34.4267    34.4286     6.2390    27.6605    27.6614    34.4214    27.6561    1453.34    1453.40    -0.3412  1029.5573    34.5922 0.0000e+00
      23487 311.436685  -62.19806 -9.990e-29     -0.745    1449.99    397.000    392.812    -0.3398    -0.3364     0.0035    -0.3539    -0.3504     0.0035   2.849320   2.849619   0.000296    34.4249    34.4249     6.3003    27.6596    27.6594    34.4200    27.6557    1453.26    1453.28    -0.3537  1029.5523    34.5909 0.0000e+00
      23520 311.436701  -62.19806  -58.05148     -0.702    1449.99    396.000    391.824    -0.3599    -0.3525     0.0074    -0.3739    -0.3665     0.0074   2.847350   2.847956   0.000593    34.4227    34.4223     6.3564    27.6588    27.6581    34.4170    27.6541    1453.15    1453.18    -0.3737  1029.5453    34.5867 0.0000e+00
      23552 311.436716  -62.19806  -58.05148     -0.751    1449.99    395.000    390.835    -0.3831    -0.3768     0.0064    -0.3970    -0.3907     0.0063   2.845047   2.845665   0.000609    34.4188    34.4198     6.3778    27.6567    27.6572    34.4130    27.6520    1453.02    1453.05    -0.3968  1029.5377    34.5814 0.0000e+00
      23580 311.436730  -62.19808  -58.05148     -0.815    1449.99    394.000    389.847    -0.4063    -0.3995     0.0068    -0.4200    -0.4133     0.0068   2.842964   2.843494   0.000621    34.4173    34.4180     6.3974    27.6566    27.6568    34.4119    27.6522    1452.89    1452.92    -0.4198  1029.5335    34.5803 0.0000e+00
      23609 311.436744  -62.19808  -58.05148     -0.838    1449.99    393.000    388.858    -0.4242    -0.4218     0.0024    -0.4378    -0.4355     0.0023   2.841299   2.841559   0.000226    34.4157    34.4160     6.4183    27.6561    27.6563    34.4105    27.6519    1452.79    1452.80    -0.4376  1029.5286    34.5788 0.0000e+00
      23640 311.436759  -62.19808  -58.05148     -0.806    1449.99    392.000    387.870    -0.4348    -0.4310     0.0038    -0.4484    -0.4446     0.0038   2.840373   2.840676   0.000323    34.4148    34.4149     6.4475    27.6558    27.6557    34.4107    27.6525    1452.72    1452.74    -0.4482  1029.5247    34.5791 0.0000e+00
      23671 311.436774  -62.19810  -58.05146     -0.765    1449.99    391.000    386.881    -0.4400    -0.4377     0.0023    -0.4535    -0.4512     0.0023   2.839872   2.840021   0.000154    34.4141    34.4136     6.4781    27.6555    27.6550    34.4104    27.6526    1452.68    1452.69    -0.4533  1029.5200    34.5788 0.0000e+00
      23705 311.436790  -62.19810  -58.05146     -0.722    1449.99    390.000    385.893    -0.4451    -0.4431     0.0021    -0.4586    -0.4565     0.0021   2.839374   2.839482   0.000124    34.4132    34.4126     6.5003    27.6550    27.6544    34.4102    27.6526    1452.64    1452.65    -0.4583  1029.5154    34.5785 0.0000e+00
      23734 311.436804  -62.19811  -58.05145     -0.777    1449.99    389.000    384.904    -0.4452    -0.4441     0.0011    -0.4586    -0.4575     0.0011   2.839316   2.839371   0.000081    34.4121    34.4120     6.4998    27.6542    27.6540    34.4100    27.6525    1452.63    1452.63    -0.4584  1029.5079    34.5751 0.0000e+00
      23762 311.436817 -9.990e-29 -9.990e-29     -0.862    1449.99    388.000    383.915    -0.4361    -0.4384    -0.0023    -0.4496    -0.4518    -0.0023   2.840136   2.839863  -0.000259    34.4125    34.4116     6.5068    27.6540    27.6534    34.4114    27.6532    1452.65    1452.64    -0.4493  1029.5036    34.5763 0.0000e+00
      23794 311.436833 -9.990e-29 -9.990e-29     -0.781    1449.99    387.000    382.927    -0.4262    -0.4286    -0.0024    -0.4396    -0.4420    -0.0024   2.840893   2.840689  -0.000207    34.4119    34.4118     6.5160    27.6531    27.6531    34.4109    27.6523    1452.68    1452.67    -0.4394  1029.4979    34.5758 0.0000e+00
      23838 311.436854  -62.19812  -58.05144     -0.544    1449.99    386.000    381.938    -0.4339    -0.4289     0.0050    -0.4472    -0.4423     0.0050   2.840285   2.840624   0.000330    34.4133    34.4121     6.5065    27.6546    27.6534    34.4121    27.6536    1452.63    1452.65    -0.4470  1029.4969    34.5800 0.0000e+00
      23877 311.436873  -62.19814  -58.05144     -0.594    1449.99    385.000    380.950    -0.4336    -0.4311     0.0025    -0.4469    -0.4444     0.0025   2.840198   2.840365   0.000170    34.4123    34.4117     6.4944    27.6537    27.6532    34.4111    27.6528    1452.62    1452.63    -0.4466  1029.4917    34.5795 0.0000e+00
      23908 311.436888  -62.19814  -58.05142     -0.747    1449.99    384.000    379.961    -0.4424    -0.4438    -0.0014    -0.4556    -0.4571    -0.0014   2.839263   2.839132  -0.000111    34.4113    34.4114     6.4981    27.6533    27.6535    34.4092    27.6517    1452.56    1452.55    -0.4554  1029.4860    34.5775 0.0000e+00
      23937 311.436902  -62.19816  -58.05142     -0.814    1449.99    383.000    378.973    -0.4587    -0.4515     0.0071    -0.4718    -0.4647     0.0071   2.837872   2.838375   0.000504    34.4118    34.4105     6.4903    27.6545    27.6532    34.4095    27.6527    1452.46    1452.50    -0.4716  1029.4824    34.5778 0.0000e+00
      23966 311.436916  -62.19816  -58.05142     -0.844    1449.99    382.000    377.984    -0.4734    -0.4709     0.0025    -0.4864    -0.4840     0.0025   2.836366   2.836630   0.000245    34.4094    34.4098     6.5062    27.6532    27.6534    34.4066    27.6510    1452.38    1452.39    -0.4862  1029.4762    34.5749 0.0000e+00
      23996 311.436930  -62.19816  -58.05142     -0.809    1449.99    381.000    376.996    -0.4823    -0.4795     0.0028    -0.4953    -0.4925     0.0028   2.835497   2.835769   0.000274    34.4078    34.4082     6.5190    27.6523    27.6525    34.4056    27.6506    1452.32    1452.33    -0.4950  1029.4711    34.5739 0.0000e+00
      24025 311.436945  -62.19816  -58.05142     -0.821    1449.99    380.000    376.007    -0.4829    -0.4824     0.0006    -0.4959    -0.4953     0.0006   2.835335   2.835350   0.000033    34.4062    34.4060     6.5351    27.6510    27.6509    34.4048    27.6499    1452.30    1452.30    -0.4956  1029.4658    34.5731 0.0000e+00
