Pos-Processados/process_op42/Processamento_split/up/uoperantar42_026.cnv
* Sea-Bird SBE 9 Data File:
* FileName = C:\Users\Hidrografia\Desktop\OPXLII\Brutos\OP42026.hdr
* Software Version Seasave V 7.26.7.107
* Temperature SN = 6502
* Conductivity SN = 4998
* Number of Bytes Per Scan = 37
* Number of Voltage Words = 4
* Number of Scans Averaged by the Deck Unit = 1
* NMEA Latitude = 62 13.40 S
* NMEA Longitude = 058 12.50 W
* NMEA UTC (Time) = Nov 08 2023 16:16:15
* NMEA baud rate = 4800
** H41
** NPOALTEMAXIMIANO
** NUMERO DA ESTACAO (XXX) 026
** LAT (XX XX.XX S/N) 62  13.401 S
** LONG (XXX XX.XX W/E) 058  12.553 W
** DATAHORA (dd/mm/aaaa hh:mm Z) 08/11/2023 1615Z
** PROFUNDIDADE (m) 390
** OPERADOR 1T ZAMITH
# nquan = 30
# nvalues = 358                         
# units = specified
# name 0 = scan: Scan Count
# name 1 = timeJ: Julian Days
# name 2 = latitude: Latitude [deg]
# name 3 = longitude: Longitude [deg]
# name 4 = dz/dtM: Descent Rate [m/s]
# name 5 = avgsvCM: Average Sound Velocity [Chen-Millero, m/s]
# name 6 = prDM: Pressure, Digiquartz [db]
# name 7 = depSM: Depth [salt water, m]
# name 8 = t090C: Temperature [ITS-90, deg C]
# name 9 = t190C: Temperature, 2 [ITS-90, deg C]
# name 10 = T2-T190C: Temperature Difference, 2 - 1 [ITS-90, deg C]
# name 11 = potemp090C: Potential Temperature [ITS-90, deg C]
# name 12 = potemp190C: Potential Temperature, 2 [ITS-90, deg C]
# name 13 = potemp90Cdiff: Potential Temperature, Diff, 2 - 1 [ITS-90, deg C]
# name 14 = c0S/m: Conductivity [S/m]
# name 15 = c1S/m: Conductivity, 2 [S/m]
# name 16 = C2-C1S/m: Conductivity Difference, 2 - 1 [S/m]
# name 17 = sal00: Salinity, Practical [PSU]
# name 18 = sal11: Salinity, Practical, 2 [PSU]
# name 19 = sbeox0ML/L: Oxygen, SBE 43 [ml/l]
# name 20 = sigma-é00: Density [sigma-theta, kg/m^3]
# name 21 = sigma-é11: Density, 2 [sigma-theta, kg/m^3]
# name 22 = sal00: Salinity, Practical [PSU]
# name 23 = sigma-é00: Density [sigma-theta, kg/m^3]
# name 24 = svCM: Sound Velocity [Chen-Millero, m/s]
# name 25 = svCM1: Sound Velocity, 2 [Chen-Millero, m/s]
# name 26 = gsw_ptA0: potential temperature [ITS-90, deg C]
# name 27 = gsw_densityA0: density, TEOS-10 [density, kg/m^3]
# name 28 = gsw_saA0: Absolute Salinity [g/kg]
# name 29 = flag:
# span 0 =      14726,      29833       
# span 1 = 312.685053, 312.692338       
# span 2 =  -62.22512,  -62.22438       
# span 3 =  -58.20132,  -58.19243       
# span 4 =     -1.350,     -0.166       
# span 5 =    1448.69,    1448.69       
# span 6 =      8.000,    365.000       
# span 7 =      7.927,    361.170       
# span 8 =    -0.9187,    -0.4847       
# span 9 =    -0.9162,    -0.4840       
# span 10 =    -0.0123,     0.0772      
# span 11 =    -0.9194,    -0.4961      
# span 12 =    -0.9168,    -0.4959      
# span 13 =    -0.0123,     0.0771      
# span 14 =   2.773009,   2.832027      
# span 15 =   2.773127,   2.831954      
# span 16 =  -0.001125,   0.006599      
# span 17 =    34.2757,    34.3730      
# span 18 =    34.2750,    34.3720      
# span 19 =     6.8518,     7.7605      
# span 20 =    27.5623,    27.6243      
# span 21 =    27.5613,    27.6235      
# span 22 =    34.2742,    34.3733      
# span 23 =    27.5586,    27.6245      
# span 24 =    1444.16,    1451.95      
# span 25 =    1444.16,    1451.96      
# span 26 =    -0.9194,    -0.4960      
# span 27 =  1027.6060,  1029.3664      
# span 28 =    34.4397,    34.5410      
# span 29 = 0.0000e+00, 0.0000e+00      
# interval = decibars: 1                
# start_time = Nov 08 2023 16:16:15 [NMEA time, header]
# bad_flag = -9.990e-29
*END*
      14726 312.685053  -62.22438  -58.20132     -0.253    1448.69    365.000    361.170    -0.4984    -0.4987    -0.0003    -0.5107    -0.5110    -0.0003   2.830802   2.830694  -0.000105    34.3708    34.3697     6.8734    27.6231    27.6222    34.3705    27.6229    1451.93    1451.93    -0.5105  1029.3664    34.5368 0.0000e+00
      14980 312.685175 -9.990e-29  -58.20119     -0.488    1448.69    364.000    360.188    -0.4907    -0.4909    -0.0001    -0.5030    -0.5032    -0.0001   2.831500   2.831415  -0.000090    34.3721    34.3711     6.8631    27.6238    27.6229    34.3719    27.6236    1451.95    1451.95    -0.5028  1029.3588    34.5337 0.0000e+00
      14994 312.685182 -9.990e-29  -58.20117     -0.829    1448.69    363.000    359.200    -0.4883    -0.4868     0.0015    -0.5005    -0.4991     0.0015   2.831759   2.831783   0.000015    34.3727    34.3712     6.8518    27.6242    27.6229    34.3731    27.6245    1451.95    1451.96    -0.5003  1029.3551    34.5352 0.0000e+00
      15018 312.685193  -62.22440  -58.20116     -1.010    1448.69    362.000    358.211    -0.4847    -0.4846     0.0001    -0.4970    -0.4969     0.0001   2.832027   2.831932  -0.000084    34.3730    34.3718     6.8562    27.6243    27.6233    34.3733    27.6245    1451.95    1451.95    -0.4967  1029.3519    34.5375 0.0000e+00
      15042 312.685205  -62.22440  -58.20115     -1.004    1448.69    361.000    357.222    -0.4847    -0.4840     0.0007    -0.4969    -0.4962     0.0007   2.831950   2.831954  -0.000007    34.3729    34.3720     6.8562    27.6242    27.6234    34.3729    27.6241    1451.93    1451.94    -0.4967  1029.3500    34.5410 0.0000e+00
      15068 312.685218  -62.22440  -58.20113     -0.954    1448.69    360.000    356.233    -0.4857    -0.4853     0.0004    -0.4978    -0.4975     0.0004   2.831821   2.831790  -0.000033    34.3729    34.3720     6.8607    27.6242    27.6235    34.3729    27.6242    1451.91    1451.91    -0.4976  1029.3453    34.5409 0.0000e+00
      15098 312.685232  -62.22440  -58.20112     -0.841    1448.69    359.000    355.249    -0.4869    -0.4857     0.0012    -0.4990    -0.4978     0.0012   2.831674   2.831703   0.000025    34.3730    34.3719     6.8571    27.6243    27.6234    34.3729    27.6243    1451.89    1451.90    -0.4988  1029.3406    34.5410 0.0000e+00
      15130 312.685247  -62.22440  -58.20110     -0.754    1448.69    358.000    354.251    -0.4882    -0.4868     0.0014    -0.5003    -0.4989     0.0014   2.831481   2.831547   0.000061    34.3726    34.3718     6.8572    27.6241    27.6234    34.3724    27.6239    1451.87    1451.87    -0.5001  1029.3355    34.5404 0.0000e+00
      15158 312.685261  -62.22440  -58.20107     -0.817    1448.69    357.000    353.267    -0.4905    -0.4885     0.0021    -0.5026    -0.5005     0.0021   2.831187   2.831323   0.000139    34.3720    34.3714     6.8540    27.6237    27.6231    34.3717    27.6234    1451.84    1451.85    -0.5023  1029.3303    34.5397 0.0000e+00
      15183 312.685273  -62.22441  -58.20106     -0.921    1448.69    356.000    352.279    -0.4909    -0.4909    -0.0001    -0.5029    -0.5030    -0.0001   2.831110   2.831028  -0.000078    34.3719    34.3709     6.8609    27.6236    27.6228    34.3717    27.6235    1451.82    1451.82    -0.5027  1029.3256    34.5397 0.0000e+00
      15207 312.685284  -62.22442  -58.20105     -0.984    1448.69    355.000    351.290    -0.4922    -0.4934    -0.0013    -0.5041    -0.5054    -0.0013   2.830928   2.830718  -0.000200    34.3717    34.3705     6.8692    27.6235    27.6226    34.3713    27.6232    1451.80    1451.79    -0.5039  1029.3206    34.5393 0.0000e+00
      15231 312.685296  -62.22442  -58.20103     -1.002    1448.69    354.000    350.301    -0.4957    -0.4949     0.0007    -0.5076    -0.5069     0.0007   2.830554   2.830541  -0.000022    34.3712    34.3700     6.8619    27.6233    27.6223    34.3708    27.6230    1451.77    1451.77    -0.5074  1029.3157    34.5389 0.0000e+00
      15256 312.685308  -62.22442  -58.20102     -0.987    1448.69    353.000    349.313    -0.4946    -0.4952    -0.0006    -0.5065    -0.5071    -0.0006   2.830624   2.830475  -0.000143    34.3713    34.3700     6.8703    27.6233    27.6223    34.3712    27.6232    1451.75    1451.75    -0.5063  1029.3112    34.5392 0.0000e+00
      15283 312.685321  -62.22442  -58.20101     -0.911    1448.69    352.000    348.324    -0.4943    -0.4946    -0.0002    -0.5062    -0.5064    -0.0002   2.830608   2.830504  -0.000103    34.3713    34.3702     6.8705    27.6233    27.6224    34.3712    27.6232    1451.74    1451.74    -0.5059  1029.3064    34.5393 0.0000e+00
      15309 312.685334  -62.22442  -58.20099     -0.885    1448.69    351.000    347.335    -0.4939    -0.4940    -0.0000    -0.5057    -0.5058    -0.0000   2.830593   2.830511  -0.000087    34.3713    34.3702     6.8767    27.6233    27.6223    34.3712    27.6232    1451.73    1451.72    -0.5055  1029.3016    34.5392 0.0000e+00
      15332 312.685345  -62.22442  -58.20098     -0.980    1448.69    350.000    346.346    -0.4939    -0.4934     0.0005    -0.5057    -0.5052     0.0005   2.830551   2.830508  -0.000046    34.3713    34.3701     6.8798    27.6233    27.6223    34.3712    27.6231    1451.71    1451.71    -0.5054  1029.2969    34.5392 0.0000e+00
      15353 312.685355  -62.22442  -58.20097     -1.097    1448.69    349.000    345.358    -0.4945    -0.4945    -0.0000    -0.5062    -0.5063    -0.0000   2.830449   2.830350  -0.000095    34.3714    34.3701     6.8762    27.6233    27.6224    34.3711    27.6231    1451.69    1451.69    -0.5060  1029.2921    34.5392 0.0000e+00
      15374 312.685365  -62.22442  -58.20096     -1.142    1448.69    348.000    344.369    -0.4954    -0.4942     0.0012    -0.5071    -0.5059     0.0012   2.830323   2.830347   0.000011    34.3712    34.3700     6.8843    27.6232    27.6222    34.3710    27.6231    1451.67    1451.67    -0.5069  1029.2873    34.5390 0.0000e+00
      15399 312.685377  -62.22442  -58.20095     -1.057    1448.69    347.000    343.380    -0.4955    -0.4941     0.0014    -0.5071    -0.5057     0.0014   2.830311   2.830317   0.000010    34.3716    34.3701     6.8737    27.6236    27.6223    34.3715    27.6235    1451.65    1451.66    -0.5069  1029.2830    34.5396 0.0000e+00
      15427 312.685391  -62.22442  -58.20093     -0.884    1448.69    346.000    342.391    -0.4948    -0.4941     0.0006    -0.5064    -0.5057     0.0006   2.830300   2.830280  -0.000028    34.3714    34.3703     6.8749    27.6233    27.6224    34.3712    27.6232    1451.64    1451.64    -0.5062  1029.2779    34.5392 0.0000e+00
      15455 312.685404  -62.22442  -58.20091     -0.834    1448.69    345.000    341.403    -0.4975    -0.4960     0.0015    -0.5091    -0.5076     0.0015   2.829972   2.830047   0.000073    34.3710    34.3703     6.8851    27.6232    27.6225    34.3705    27.6228    1451.61    1451.62    -0.5089  1029.2728    34.5386 0.0000e+00
      15482 312.685417  -62.22444  -58.20088     -0.888    1448.69    344.000    340.414    -0.4995    -0.4960     0.0035    -0.5110    -0.5075     0.0035   2.829754   2.830009   0.000242    34.3706    34.3699     6.8742    27.6230    27.6222    34.3704    27.6228    1451.58    1451.60    -0.5108  1029.2681    34.5384 0.0000e+00
      15507 312.685429  -62.22444  -58.20088     -0.930    1448.69    343.000    339.425    -0.4982    -0.4956     0.0026    -0.5097    -0.5072     0.0026   2.829830   2.829991   0.000154    34.3708    34.3700     6.8851    27.6231    27.6223    34.3706    27.6229    1451.57    1451.59    -0.5095  1029.2634    34.5386 0.0000e+00
      15531 312.685441  -62.22444  -58.20086     -0.975    1448.69    342.000    338.436    -0.5004    -0.4968     0.0036    -0.5118    -0.5083     0.0036   2.829513   2.829828   0.000293    34.3701    34.3700     6.8798    27.6226    27.6223    34.3694    27.6220    1451.55    1451.56    -0.5116  1029.2579    34.5374 0.0000e+00
      15552 312.685451  -62.22444  -58.20085     -1.060    1448.69    341.000    337.448    -0.5032    -0.5000     0.0032    -0.5147    -0.5114     0.0032   2.829250   2.829463   0.000242    34.3700    34.3697     6.8765    27.6227    27.6222    34.3698    27.6224    1451.52    1451.53    -0.5144  1029.2535    34.5378 0.0000e+00
      15572 312.685461  -62.22444  -58.20084     -1.151    1448.69    340.000    336.459    -0.5034    -0.5038    -0.0003    -0.5148    -0.5152    -0.0003   2.829174   2.829059  -0.000092    34.3699    34.3691     6.8907    27.6225    27.6219    34.3695    27.6223    1451.50    1451.50    -0.5146  1029.2486    34.5376 0.0000e+00
      15591 312.685470  -62.22444  -58.20083     -1.220    1448.69    339.000    335.470    -0.5051    -0.5053    -0.0002    -0.5164    -0.5166    -0.0002   2.828958   2.828873  -0.000097    34.3696    34.3686     6.8851    27.6224    27.6216    34.3691    27.6219    1451.47    1451.47    -0.5162  1029.2436    34.5371 0.0000e+00
      15611 312.685479  -62.22444  -58.20082     -1.235    1448.69    338.000    334.481    -0.5062    -0.5068    -0.0006    -0.5175    -0.5181    -0.0006   2.828826   2.828668  -0.000139    34.3696    34.3684     6.8881    27.6225    27.6215    34.3692    27.6221    1451.45    1451.45    -0.5173  1029.2390    34.5373 0.0000e+00
      15634 312.685490  -62.22444  -58.20080     -1.157    1448.69    337.000    333.492    -0.5071    -0.5077    -0.0007    -0.5183    -0.5190    -0.0007   2.828749   2.828557  -0.000175    34.3699    34.3683     6.8998    27.6227    27.6214    34.3697    27.6226    1451.43    1451.43    -0.5181  1029.2347    34.5377 0.0000e+00
      15662 312.685504  -62.22444  -58.20079     -0.931    1448.69    336.000    332.504    -0.5050    -0.5062    -0.0013    -0.5162    -0.5174    -0.0013   2.828846   2.828666  -0.000188    34.3695    34.3684     6.8922    27.6223    27.6214    34.3693    27.6221    1451.43    1451.42    -0.5160  1029.2295    34.5373 0.0000e+00
      15695 312.685520  -62.22444  -58.20077     -0.721    1448.69    335.000    331.515    -0.5043    -0.5030     0.0013    -0.5155    -0.5142     0.0013   2.828887   2.828909   0.000019    34.3696    34.3684     6.9038    27.6224    27.6213    34.3697    27.6224    1451.41    1451.42    -0.5153  1029.2251    34.5378 0.0000e+00
      15722 312.685533  -62.22444  -58.20074     -0.820    1448.69    334.000    330.526    -0.4995    -0.5007    -0.0011    -0.5107    -0.5119    -0.0011   2.829229   2.829036  -0.000170    34.3691    34.3681     6.9082    27.6217    27.6210    34.3695    27.6220    1451.42    1451.41    -0.5105  1029.2199    34.5375 0.0000e+00
      15742 312.685543  -62.22445  -58.20073     -1.023    1448.69    333.000    329.537    -0.4946    -0.4928     0.0018    -0.5057    -0.5039     0.0018   2.829654   2.829730   0.000038    34.3695    34.3679     6.9005    27.6218    27.6204    34.3702    27.6224    1451.43    1451.43    -0.5055  1029.2154    34.5382 0.0000e+00
      15761 312.685552  -62.22446  -58.20072     -1.188    1448.69    332.000    328.549    -0.4907    -0.4894     0.0014    -0.5018    -0.5005     0.0014   2.829904   2.829932   0.000038    34.3695    34.3685     6.9081    27.6216    27.6207    34.3698    27.6219    1451.43    1451.43    -0.5016  1029.2101    34.5378 0.0000e+00
      15780 312.685561  -62.22446  -58.20072     -1.265    1448.69    331.000    327.560    -0.4906    -0.4906     0.0000    -0.5017    -0.5016     0.0000   2.829880   2.829793  -0.000083    34.3697    34.3686     6.9113    27.6218    27.6209    34.3700    27.6220    1451.41    1451.41    -0.5015  1029.2055    34.5380 0.0000e+00
      15800 312.685570  -62.22446  -58.20070     -1.265    1448.69    330.000    326.571    -0.4910    -0.4903     0.0007    -0.5021    -0.5014     0.0007   2.829804   2.829786  -0.000023    34.3698    34.3687     6.9062    27.6219    27.6210    34.3700    27.6221    1451.39    1451.40    -0.5018  1029.2008    34.5380 0.0000e+00
      15822 312.685581  -62.22446  -58.20070     -1.174    1448.69    329.000    325.582    -0.4910    -0.4906     0.0004    -0.5020    -0.5016     0.0004   2.829759   2.829699  -0.000051    34.3698    34.3687     6.9209    27.6219    27.6209    34.3700    27.6220    1451.38    1451.38    -0.5018  1029.1960    34.5380 0.0000e+00
      15847 312.685593  -62.22446  -58.20068     -1.015    1448.69    328.000    324.594    -0.4920    -0.4912     0.0008    -0.5030    -0.5022     0.0008   2.829593   2.829588  -0.000017    34.3696    34.3684     6.9252    27.6217    27.6208    34.3695    27.6217    1451.36    1451.36    -0.5028  1029.1909    34.5375 0.0000e+00
      15875 312.685606  -62.22446  -58.20068     -0.888    1448.69    327.000    323.604    -0.4921    -0.4910     0.0012    -0.5031    -0.5019     0.0011   2.829466   2.829527   0.000061    34.3685    34.3680     6.9160    27.6209    27.6204    34.3686    27.6209    1451.34    1451.34    -0.5028  1029.1854    34.5366 0.0000e+00
      15901 312.685619  -62.22446  -58.20065     -0.886    1448.69    326.000    322.616    -0.4915    -0.4909     0.0006    -0.5024    -0.5018     0.0006   2.829451   2.829447   0.000005    34.3680    34.3675     6.9171    27.6205    27.6200    34.3683    27.6207    1451.32    1451.33    -0.5022  1029.1804    34.5363 0.0000e+00
      15926 312.685631  -62.22446  -58.20064     -0.945    1448.69    325.000    321.626    -0.4899    -0.4897     0.0001    -0.5007    -0.5006     0.0001   2.829552   2.829472  -0.000086    34.3681    34.3668     6.9098    27.6205    27.6194    34.3684    27.6207    1451.32    1451.31    -0.5006  1029.1756    34.5364 0.0000e+00
      15949 312.685642  -62.22446  -58.20064     -1.011    1448.69    324.000    320.638    -0.4903    -0.4883     0.0020    -0.5011    -0.4992     0.0019   2.829399   2.829507   0.000084    34.3677    34.3667     6.9198    27.6202    27.6192    34.3674    27.6199    1451.30    1451.30    -0.5009  1029.1701    34.5354 0.0000e+00
      15970 312.685653  -62.22446  -58.20062     -1.065    1448.69    323.000    319.649    -0.4946    -0.4926     0.0019    -0.5054    -0.5034     0.0019   2.828976   2.829069   0.000104    34.3674    34.3666     6.9378    27.6201    27.6194    34.3672    27.6199    1451.26    1451.27    -0.5052  1029.1654    34.5352 0.0000e+00
      15991 312.685663  -62.22446  -58.20060     -1.121    1448.69    322.000    318.661    -0.4958    -0.4932     0.0027    -0.5066    -0.5039     0.0027   2.828831   2.828994   0.000159    34.3675    34.3666     6.9365    27.6202    27.6193    34.3673    27.6200    1451.24    1451.25    -0.5064  1029.1608    34.5352 0.0000e+00
      16011 312.685672  -62.22448  -58.20058     -1.165    1448.69    321.000    317.671    -0.4969    -0.4956     0.0013    -0.5076    -0.5063     0.0013   2.828694   2.828733   0.000048    34.3675    34.3668     6.9372    27.6203    27.6196    34.3673    27.6201    1451.22    1451.22    -0.5074  1029.1561    34.5352 0.0000e+00
      16032 312.685682  -62.22448  -58.20056     -1.169    1448.69    320.000    316.683    -0.4981    -0.4970     0.0011    -0.5087    -0.5077     0.0011   2.828590   2.828595   0.000004    34.3680    34.3668     6.9485    27.6207    27.6197    34.3678    27.6205    1451.19    1451.20    -0.5086  1029.1519    34.5358 0.0000e+00
      16054 312.685693  -62.22448  -58.20055     -1.134    1448.69    319.000    315.694    -0.4988    -0.4977     0.0010    -0.5094    -0.5083     0.0010   2.828500   2.828500   0.000006    34.3681    34.3670     6.9512    27.6208    27.6199    34.3679    27.6207    1451.17    1451.18    -0.5092  1029.1473    34.5359 0.0000e+00
      16077 312.685704  -62.22448  -58.20054     -1.090    1448.69    318.000    314.705    -0.4982    -0.4976     0.0006    -0.5088    -0.5082     0.0006   2.828489   2.828449  -0.000034    34.3679    34.3667     6.9500    27.6206    27.6197    34.3678    27.6206    1451.16    1451.16    -0.5086  1029.1424    34.5358 0.0000e+00
