Pos-Processados/process_op42/Processamento_split/up/uoperantar42_042.cnv
* Sea-Bird SBE 9 Data File:
* FileName = C:\Users\Hidrografia\Desktop\OPXLII\Brutos\OP42042.hdr
* Software Version Seasave V 7.26.7.107
* Temperature SN = 6502
* Conductivity SN = 4998
* Number of Bytes Per Scan = 37
* Number of Voltage Words = 4
* Number of Scans Averaged by the Deck Unit = 1
* NMEA Latitude = 62 08.39 S
* NMEA Longitude = 058 26.43 W
* NMEA UTC (Time) = Nov 09 2023 17:06:28
* NMEA baud rate = 4800
** H41
** NPOALTEMAXIMIANO
** NUMERO DA ESTACAO (XXX) 042
** LAT (XX XX.XX S/N) 62 08.441S
** LONG (XXX XX.XX W/E) 058 26.341 W
** DATAHORA (dd/mm/aaaa hh:mm Z) 09/11/2023 1705Z
** PROFUNDIDADE (m) 425
** OPERADOR CT FILIPE LOPES
# nquan = 30
# nvalues = 372                         
# units = specified
# name 0 = scan: Scan Count
# name 1 = timeJ: Julian Days
# name 2 = latitude: Latitude [deg]
# name 3 = longitude: Longitude [deg]
# name 4 = dz/dtM: Descent Rate [m/s]
# name 5 = avgsvCM: Average Sound Velocity [Chen-Millero, m/s]
# name 6 = prDM: Pressure, Digiquartz [db]
# name 7 = depSM: Depth [salt water, m]
# name 8 = t090C: Temperature [ITS-90, deg C]
# name 9 = t190C: Temperature, 2 [ITS-90, deg C]
# name 10 = T2-T190C: Temperature Difference, 2 - 1 [ITS-90, deg C]
# name 11 = potemp090C: Potential Temperature [ITS-90, deg C]
# name 12 = potemp190C: Potential Temperature, 2 [ITS-90, deg C]
# name 13 = potemp90Cdiff: Potential Temperature, Diff, 2 - 1 [ITS-90, deg C]
# name 14 = c0S/m: Conductivity [S/m]
# name 15 = c1S/m: Conductivity, 2 [S/m]
# name 16 = C2-C1S/m: Conductivity Difference, 2 - 1 [S/m]
# name 17 = sal00: Salinity, Practical [PSU]
# name 18 = sal11: Salinity, Practical, 2 [PSU]
# name 19 = sbeox0ML/L: Oxygen, SBE 43 [ml/l]
# name 20 = sigma-é00: Density [sigma-theta, kg/m^3]
# name 21 = sigma-é11: Density, 2 [sigma-theta, kg/m^3]
# name 22 = sal00: Salinity, Practical [PSU]
# name 23 = sigma-é00: Density [sigma-theta, kg/m^3]
# name 24 = svCM: Sound Velocity [Chen-Millero, m/s]
# name 25 = svCM1: Sound Velocity, 2 [Chen-Millero, m/s]
# name 26 = gsw_ptA0: potential temperature [ITS-90, deg C]
# name 27 = gsw_densityA0: density, TEOS-10 [density, kg/m^3]
# name 28 = gsw_saA0: Absolute Salinity [g/kg]
# name 29 = flag:
# span 0 =      16234,      26946       
# span 1 = 313.720653, 313.725818       
# span 2 =  -62.14547,  -62.14316       
# span 3 =  -58.43860,  -58.43537       
# span 4 =     -1.066,     -0.285       
# span 5 =    1448.26,    1448.26       
# span 6 =      1.000,    372.000       
# span 7 =      1.018,    368.099       
# span 8 =    -0.8121,    -0.4218       
# span 9 =    -0.8107,    -0.4201       
# span 10 =    -0.0175,     0.0199      
# span 11 =    -0.8180,    -0.4342      
# span 12 =    -0.8166,    -0.4324      
# span 13 =    -0.0174,     0.0198      
# span 14 =   2.792270,   2.840680      
# span 15 =   2.792274,   2.840311      
# span 16 =  -0.001658,   0.001786      
# span 17 =    34.2732,    34.4232      
# span 18 =    34.2720,    34.4217      
# span 19 =     6.5122,     7.6488      
# span 20 =    27.5445,    27.6633      
# span 21 =    27.5435,    27.6621      
# span 22 =    34.2736,    34.4238      
# span 23 =    27.5448,    27.6640      
# span 24 =    1445.78,    1452.40      
# span 25 =    1445.79,    1452.33      
# span 26 =    -0.8179,    -0.4340      
# span 27 =  1027.5540,  1029.4404      
# span 28 =    34.4372,    34.5924      
# span 29 = 0.0000e+00, 0.0000e+00      
# interval = decibars: 1                
# start_time = Nov 09 2023 17:06:28 [NMEA time, header]
# bad_flag = -9.990e-29
*END*
      16234 313.720653  -62.14316  -58.43860     -0.289    1448.26    372.000    368.099    -0.4546    -0.4612    -0.0066    -0.4674    -0.4739    -0.0066   2.838781   2.838010  -0.000719    34.4230    34.4208     6.5276    27.6633    27.6619    34.4238    27.6640    1452.32    1452.29    -0.4671  1029.4404    34.5908 0.0000e+00
      16312 313.720690  -62.14316  -58.43859     -0.285    1448.26    371.000    367.110    -0.4344    -0.4519    -0.0175    -0.4472    -0.4646    -0.0174   2.840415   2.838776  -0.001658    34.4226    34.4201     6.5392    27.6621    27.6609    34.4234    27.6628    1452.40    1452.31    -0.4470  1029.4358    34.5924 0.0000e+00
      16353 313.720710  -62.14318  -58.43858     -0.576    1448.26    370.000    366.122    -0.4461    -0.4488    -0.0027    -0.4588    -0.4615    -0.0027   2.839335   2.838995  -0.000359    34.4228    34.4211     6.5357    27.6628    27.6615    34.4228    27.6628    1452.33    1452.31    -0.4586  1029.4306    34.5911 0.0000e+00
      16387 313.720726  -62.14318  -58.43858     -0.695    1448.26    369.000    365.134    -0.4444    -0.4425     0.0019    -0.4571    -0.4551     0.0019   2.839378   2.839510   0.000098    34.4223    34.4214     6.5122    27.6623    27.6615    34.4220    27.6621    1452.32    1452.33    -0.4568  1029.4252    34.5903 0.0000e+00
      16419 313.720742  -62.14318  -58.43856     -0.734    1448.26    368.000    364.145    -0.4462    -0.4490    -0.0028    -0.4588    -0.4616    -0.0028   2.839295   2.838914  -0.000374    34.4232    34.4214     6.5156    27.6631    27.6618    34.4235    27.6634    1452.30    1452.28    -0.4586  1029.4217    34.5918 0.0000e+00
      16452 313.720758  -62.14320  -58.43856     -0.743    1448.26    367.000    363.156    -0.4472    -0.4472     0.0000    -0.4598    -0.4597     0.0000   2.839116   2.839001  -0.000124    34.4231    34.4214     6.5279    27.6631    27.6617    34.4229    27.6629    1452.28    1452.27    -0.4596  1029.4165    34.5912 0.0000e+00
      16488 313.720775  -62.14320  -58.43855     -0.666    1448.26    366.000    362.168    -0.4566    -0.4512     0.0054    -0.4691    -0.4637     0.0054   2.838166   2.838610   0.000416    34.4222    34.4217     6.5212    27.6628    27.6621    34.4214    27.6621    1452.21    1452.24    -0.4689  1029.4111    34.5897 0.0000e+00
      16520 313.720790  -62.14322  -58.43854     -0.727    1448.26    365.000    361.179    -0.4592    -0.4582     0.0010    -0.4717    -0.4706     0.0010   2.837870   2.837915   0.000012    34.4217    34.4207     6.5226    27.6625    27.6616    34.4210    27.6619    1452.18    1452.19    -0.4714  1029.4062    34.5892 0.0000e+00
      16551 313.720805  -62.14322  -58.43854     -0.783    1448.26    364.000    360.191    -0.4604    -0.4592     0.0011    -0.4728    -0.4717     0.0011   2.837714   2.837747   0.000051    34.4209    34.4203     6.5192    27.6619    27.6613    34.4208    27.6618    1452.16    1452.17    -0.4726  1029.4014    34.5891 0.0000e+00
      16584 313.720821  -62.14322  -58.43854     -0.717    1448.26    363.000    359.202    -0.4552    -0.4541     0.0010    -0.4676    -0.4665     0.0010   2.838054   2.838112   0.000017    34.4201    34.4192     6.5275    27.6610    27.6602    34.4201    27.6610    1452.17    1452.17    -0.4674  1029.3957    34.5883 0.0000e+00
      16614 313.720836  -62.14322  -58.43854     -0.772    1448.26    362.000    358.213    -0.4530    -0.4487     0.0043    -0.4653    -0.4611     0.0043   2.838388   2.838531   0.000243    34.4209    34.4193     6.5479    27.6615    27.6600    34.4227    27.6630    1452.16    1452.18    -0.4651  1029.3930    34.5910 0.0000e+00
      16642 313.720849  -62.14324  -58.43852     -0.846    1448.26    361.000    357.224    -0.4218    -0.4350    -0.0132    -0.4342    -0.4474    -0.0132   2.840680   2.839538  -0.001140    34.4175    34.4172     6.5401    27.6574    27.6578    34.4187    27.6583    1452.29    1452.23    -0.4340  1029.3832    34.5869 0.0000e+00
      16670 313.720863  -62.14324  -58.43852     -0.865    1448.26    360.000    356.236    -0.4221    -0.4336    -0.0115    -0.4345    -0.4459    -0.0115   2.840414   2.839587  -0.000863    34.4152    34.4167     6.5429    27.6556    27.6573    34.4161    27.6563    1452.27    1452.22    -0.4343  1029.3764    34.5844 0.0000e+00
      16696 313.720875  -62.14324  -58.43851     -0.895    1448.26    359.000    355.256    -0.4277    -0.4201     0.0076    -0.4401    -0.4324     0.0076   2.839505   2.840311   0.000698    34.4122    34.4130     6.5466    27.6534    27.6536    34.4109    27.6523    1452.22    1452.26    -0.4398  1029.3678    34.5791 0.0000e+00
      16723 313.720888  -62.14325  -58.43850     -0.911    1448.26    358.000    354.251    -0.4500    -0.4301     0.0199    -0.4622    -0.4424     0.0198   2.837473   2.839231   0.001786    34.4101    34.4116     6.5558    27.6526    27.6529    34.4095    27.6522    1452.10    1452.19    -0.4620  1029.3632    34.5777 0.0000e+00
      16751 313.720902  -62.14326  -58.43850     -0.862    1448.26    357.000    353.270    -0.4560    -0.4520     0.0040    -0.4682    -0.4642     0.0040   2.836617   2.837047   0.000343    34.4076    34.4077     6.5453    27.6510    27.6508    34.4054    27.6492    1452.05    1452.07    -0.4680  1029.3555    34.5736 0.0000e+00
      16777 313.720914  -62.14326  -58.43849     -0.887    1448.26    356.000    352.281    -0.4698    -0.4542     0.0156    -0.4818    -0.4663     0.0156   2.835229   2.836734   0.001391    34.4055    34.4065     6.5662    27.6498    27.6499    34.4030    27.6478    1451.96    1452.04    -0.4817  1029.3496    34.5712 0.0000e+00
      16803 313.720927  -62.14326  -58.43848     -0.923    1448.26    355.000    351.292    -0.4931    -0.4766     0.0165    -0.5051    -0.4886     0.0165   2.833126   2.834584   0.001499    34.4037    34.4051     6.5997    27.6494    27.6499    34.4018    27.6479    1451.84    1451.91    -0.5048  1029.3452    34.5699 0.0000e+00
      16830 313.720940  -62.14328  -58.43848     -0.897    1448.26    354.000    350.303    -0.4993    -0.4871     0.0122    -0.5112    -0.4990     0.0122   2.832469   2.833521   0.001116    34.4023    34.4035     6.6157    27.6486    27.6490    34.4006    27.6472    1451.79    1451.85    -0.5110  1029.3398    34.5687 0.0000e+00
      16858 313.720954  -62.14328  -58.43848     -0.874    1448.26    353.000    349.315    -0.5016    -0.4971     0.0045    -0.5134    -0.5090     0.0045   2.832226   2.832556   0.000344    34.4021    34.4016     6.6343    27.6485    27.6479    34.4005    27.6472    1451.76    1451.78    -0.5132  1029.3351    34.5686 0.0000e+00
      16888 313.720968  -62.14329  -58.43846     -0.816    1448.26    352.000    348.326    -0.5077    -0.5023     0.0053    -0.5195    -0.5142     0.0053   2.831591   2.832048   0.000471    34.4012    34.4015     6.6580    27.6481    27.6481    34.3995    27.6467    1451.72    1451.74    -0.5193  1029.3299    34.5676 0.0000e+00
      16916 313.720981  -62.14331  -58.43846     -0.832    1448.26    351.000    347.337    -0.5094    -0.5079     0.0015    -0.5211    -0.5197     0.0015   2.831339   2.831414   0.000093    34.4001    34.3996     6.6801    27.6472    27.6468    34.3986    27.6461    1451.69    1451.70    -0.5209  1029.3199    34.5610 0.0000e+00
      16940 313.720993 -9.990e-29  -58.43845     -0.936    1448.26    350.000    346.349    -0.5134    -0.5104     0.0030    -0.5252    -0.5222     0.0030   2.830822   2.831094   0.000256    34.3988    34.3988     6.6943    27.6464    27.6463    34.3969    27.6449    1451.65    1451.67    -0.5249  1029.3139    34.5591 0.0000e+00
      16965 313.721005 -9.990e-29  -58.43844     -0.984    1448.26    349.000    345.360    -0.5197    -0.5159     0.0038    -0.5314    -0.5276     0.0038   2.830238   2.830531   0.000304    34.3982    34.3980     6.6941    27.6462    27.6458    34.3968    27.6450    1451.61    1451.62    -0.5312  1029.3094    34.5590 0.0000e+00
      16991 313.721018  -62.14332  -58.43844     -0.945    1448.26    348.000    344.371    -0.5232    -0.5185     0.0047    -0.5348    -0.5301     0.0047   2.829907   2.830249   0.000348    34.3983    34.3976     6.6922    27.6464    27.6456    34.3968    27.6452    1451.57    1451.60    -0.5346  1029.3051    34.5593 0.0000e+00
      17017 313.721030  -62.14332  -58.43843     -0.920    1448.26    347.000    343.382    -0.5263    -0.5219     0.0044    -0.5379    -0.5335     0.0044   2.829503   2.829886   0.000351    34.3973    34.3970     6.7069    27.6458    27.6453    34.3956    27.6444    1451.54    1451.56    -0.5377  1029.3040    34.5636 0.0000e+00
      17042 313.721042  -62.14332  -58.43842     -0.948    1448.26    346.000    342.394    -0.5336    -0.5253     0.0083    -0.5452    -0.5369     0.0083   2.828734   2.829476   0.000743    34.3958    34.3964     6.7171    27.6449    27.6450    34.3941    27.6435    1451.49    1451.53    -0.5449  1029.2985    34.5622 0.0000e+00
      17067 313.721054  -62.14332  -58.43842     -0.951    1448.26    345.000    341.405    -0.5394    -0.5305     0.0089    -0.5509    -0.5420     0.0089   2.828110   2.828935   0.000827    34.3946    34.3956     6.7105    27.6441    27.6446    34.3929    27.6428    1451.44    1451.49    -0.5507  1029.2931    34.5610 0.0000e+00
      17095 313.721068  -62.14334  -58.43840     -0.900    1448.26    344.000    340.416    -0.5413    -0.5361     0.0052    -0.5527    -0.5475     0.0052   2.827891   2.828359   0.000460    34.3938    34.3941     6.7166    27.6436    27.6436    34.3927    27.6427    1451.42    1451.44    -0.5525  1029.2883    34.5608 0.0000e+00
      17123 313.721081  -62.14334  -58.43840     -0.867    1448.26    343.000    339.428    -0.5409    -0.5384     0.0024    -0.5523    -0.5498     0.0024   2.827860   2.828024   0.000197    34.3935    34.3934     6.7390    27.6433    27.6431    34.3924    27.6424    1451.40    1451.41    -0.5521  1029.2833    34.5605 0.0000e+00
      17151 313.721095  -62.14335  -58.43839     -0.861    1448.26    342.000    338.439    -0.5431    -0.5409     0.0022    -0.5545    -0.5523     0.0022   2.827553   2.827711   0.000171    34.3925    34.3923     6.7454    27.6426    27.6423    34.3915    27.6418    1451.38    1451.39    -0.5542  1029.2779    34.5595 0.0000e+00
      17178 313.721108  -62.14336  -58.43838     -0.867    1448.26    341.000    337.450    -0.5448    -0.5427     0.0021    -0.5561    -0.5540     0.0021   2.827306   2.827450   0.000155    34.3916    34.3913     6.7439    27.6419    27.6416    34.3906    27.6411    1451.35    1451.36    -0.5559  1029.2726    34.5587 0.0000e+00
      17202 313.721119  -62.14336  -58.43838     -0.941    1448.26    340.000    336.461    -0.5440    -0.5434     0.0005    -0.5553    -0.5547     0.0005   2.827327   2.827322   0.000014    34.3911    34.3907     6.7492    27.6415    27.6411    34.3906    27.6411    1451.34    1451.34    -0.5551  1029.2678    34.5587 0.0000e+00
      17227 313.721131  -62.14336  -58.43838     -0.976    1448.26    339.000    335.472    -0.5413    -0.5422    -0.0009    -0.5525    -0.5534    -0.0009   2.827414   2.827323  -0.000081    34.3898    34.3897     6.7594    27.6403    27.6403    34.3893    27.6399    1451.33    1451.33    -0.5523  1029.2618    34.5573 0.0000e+00
      17255 313.721145  -62.14337  -58.43837     -0.891    1448.26    338.000    334.484    -0.5402    -0.5400     0.0003    -0.5514    -0.5512     0.0003   2.827429   2.827478   0.000047    34.3893    34.3896     6.7676    27.6399    27.6401    34.3890    27.6396    1451.32    1451.32    -0.5512  1029.2567    34.5570 0.0000e+00
      17282 313.721158  -62.14338  -58.43836     -0.877    1448.26    337.000    333.495    -0.5402    -0.5391     0.0010    -0.5513    -0.5503     0.0010   2.827393   2.827414   0.000032    34.3893    34.3886     6.7693    27.6399    27.6392    34.3890    27.6396    1451.30    1451.31    -0.5512  1029.2520    34.5571 0.0000e+00
      17306 313.721170  -62.14338  -58.43836     -0.945    1448.26    336.000    332.506    -0.5385    -0.5386     0.0000    -0.5497    -0.5497     0.0000   2.827449   2.827387  -0.000054    34.3887    34.3880     6.7750    27.6393    27.6387    34.3885    27.6391    1451.30    1451.30    -0.5494  1029.2468    34.5565 0.0000e+00
      17331 313.721182  -62.14340  -58.43834     -0.966    1448.26    335.000    331.517    -0.5401    -0.5386     0.0015    -0.5512    -0.5497     0.0015   2.827194   2.827276   0.000082    34.3879    34.3873     6.7790    27.6388    27.6382    34.3874    27.6383    1451.27    1451.28    -0.5510  1029.2412    34.5555 0.0000e+00
      17355 313.721193  -62.14340  -58.43834     -0.980    1448.26    334.000    330.528    -0.5426    -0.5398     0.0027    -0.5536    -0.5509     0.0027   2.826859   2.827116   0.000200    34.3874    34.3870     6.7848    27.6385    27.6380    34.3864    27.6376    1451.24    1451.25    -0.5534  1029.2358    34.5544 0.0000e+00
      17379 313.721205  -62.14340  -58.43832     -1.009    1448.26    333.000    329.540    -0.5484    -0.5439     0.0045    -0.5594    -0.5549     0.0045   2.826277   2.826638   0.000399    34.3863    34.3865     6.7787    27.6378    27.6378    34.3857    27.6373    1451.20    1451.22    -0.5592  1029.2308    34.5538 0.0000e+00
      17404 313.721217  -62.14340  -58.43832     -0.999    1448.26    332.000    328.550    -0.5534    -0.5492     0.0042    -0.5644    -0.5602     0.0042   2.825647   2.826047   0.000379    34.3850    34.3853     6.7779    27.6370    27.6371    34.3836    27.6358    1451.15    1451.17    -0.5642  1029.2247    34.5516 0.0000e+00
      17434 313.721231  -62.14342  -58.43832     -0.857    1448.26    331.000    327.562    -0.5576    -0.5520     0.0056    -0.5685    -0.5629     0.0056   2.825261   2.825763   0.000479    34.3843    34.3844     6.7845    27.6366    27.6364    34.3837    27.6361    1451.12    1451.15    -0.5683  1029.2202    34.5517 0.0000e+00
      17464 313.721245  -62.14342  -58.43831     -0.781    1448.26    330.000    326.573    -0.5645    -0.5624     0.0021    -0.5754    -0.5732     0.0021   2.824454   2.824595   0.000176    34.3827    34.3827     6.8069    27.6356    27.6355    34.3813    27.6345    1451.07    1451.08    -0.5751  1029.2139    34.5493 0.0000e+00
      17490 313.721258  -62.14343  -58.43830     -0.859    1448.26    329.000    325.584    -0.5660    -0.5628     0.0032    -0.5768    -0.5736     0.0032   2.824247   2.824519   0.000264    34.3814    34.3814     6.8173    27.6346    27.6344    34.3808    27.6341    1451.04    1451.06    -0.5766  1029.2088    34.5488 0.0000e+00
      17517 313.721271  -62.14344  -58.43830     -0.915    1448.26    328.000    324.595    -0.5665    -0.5648     0.0017    -0.5773    -0.5756     0.0017   2.824122   2.824230   0.000122    34.3811    34.3808     6.8179    27.6344    27.6341    34.3804    27.6338    1451.02    1451.03    -0.5771  1029.2037    34.5484 0.0000e+00
      17545 313.721285  -62.14344  -58.43830     -0.859    1448.26    327.000    323.606    -0.5734    -0.5647     0.0087    -0.5841    -0.5755     0.0087   2.823374   2.824184   0.000762    34.3802    34.3806     6.8229    27.6340    27.6339    34.3787    27.6327    1450.97    1451.01    -0.5839  1029.1980    34.5467 0.0000e+00
      17573 313.721298  -62.14344  -58.43828     -0.855    1448.26    326.000    322.618    -0.5788    -0.5760     0.0027    -0.5895    -0.5867     0.0027   2.822839   2.823061   0.000242    34.3793    34.3795     6.8513    27.6335    27.6335    34.3782    27.6326    1450.93    1450.94    -0.5892  1029.1932    34.5462 0.0000e+00
      17598 313.721310  -62.14346  -58.43828     -0.923    1448.26    325.000    321.629    -0.5836    -0.5780     0.0056    -0.5943    -0.5886     0.0056   2.822265   2.822754   0.000485    34.3781    34.3782     6.8557    27.6327    27.6326    34.3766    27.6315    1450.89    1450.92    -0.5940  1029.1874    34.5446 0.0000e+00
