Pos-Processados/process_op42/Processamento_split/up/uoperantar42_029.cnv
* Sea-Bird SBE 9 Data File:
* FileName = C:\Users\Hidrografia\Desktop\OPXLII\Brutos\OP42029.hdr
* Software Version Seasave V 7.26.7.107
* Temperature SN = 6502
* Conductivity SN = 4998
* Number of Bytes Per Scan = 37
* Number of Voltage Words = 4
* Number of Scans Averaged by the Deck Unit = 1
* NMEA Latitude = 62 08.30 S
* NMEA Longitude = 058 26.22 W
* NMEA UTC (Time) = Nov 09 2023 04:08:28
* NMEA baud rate = 4800
** H41
** NPOALTEMAXIMIANO
** NUMERO DA ESTACAO (XXX) 029
** LAT (XX XX.XX S/N) 62 08.530 S
** LONG (XXX XX.XX W/E) 058 26.937 W
** DATAHORA (dd/mm/aaaa hh:mm Z) 09/11/2023 0407Z
** PROFUNDIDADE (m) 424
** OPERADOR CT FILIPE LOPES
# nquan = 30
# nvalues = 362                         
# units = specified
# name 0 = scan: Scan Count
# name 1 = timeJ: Julian Days
# name 2 = latitude: Latitude [deg]
# name 3 = longitude: Longitude [deg]
# name 4 = dz/dtM: Descent Rate [m/s]
# name 5 = avgsvCM: Average Sound Velocity [Chen-Millero, m/s]
# name 6 = prDM: Pressure, Digiquartz [db]
# name 7 = depSM: Depth [salt water, m]
# name 8 = t090C: Temperature [ITS-90, deg C]
# name 9 = t190C: Temperature, 2 [ITS-90, deg C]
# name 10 = T2-T190C: Temperature Difference, 2 - 1 [ITS-90, deg C]
# name 11 = potemp090C: Potential Temperature [ITS-90, deg C]
# name 12 = potemp190C: Potential Temperature, 2 [ITS-90, deg C]
# name 13 = potemp90Cdiff: Potential Temperature, Diff, 2 - 1 [ITS-90, deg C]
# name 14 = c0S/m: Conductivity [S/m]
# name 15 = c1S/m: Conductivity, 2 [S/m]
# name 16 = C2-C1S/m: Conductivity Difference, 2 - 1 [S/m]
# name 17 = sal00: Salinity, Practical [PSU]
# name 18 = sal11: Salinity, Practical, 2 [PSU]
# name 19 = sbeox0ML/L: Oxygen, SBE 43 [ml/l]
# name 20 = sigma-é00: Density [sigma-theta, kg/m^3]
# name 21 = sigma-é11: Density, 2 [sigma-theta, kg/m^3]
# name 22 = sal00: Salinity, Practical [PSU]
# name 23 = sigma-é00: Density [sigma-theta, kg/m^3]
# name 24 = svCM: Sound Velocity [Chen-Millero, m/s]
# name 25 = svCM1: Sound Velocity, 2 [Chen-Millero, m/s]
# name 26 = gsw_ptA0: potential temperature [ITS-90, deg C]
# name 27 = gsw_densityA0: density, TEOS-10 [density, kg/m^3]
# name 28 = gsw_saA0: Absolute Salinity [g/kg]
# name 29 = flag:
# span 0 =      17506,      29840       
# span 1 = 313.180988, 313.186936       
# span 2 =  -62.13942,  -62.13902       
# span 3 =  -58.42881,  -58.42258       
# span 4 =     -1.153,     -0.136       
# span 5 =    1447.91,    1447.91       
# span 6 =      2.000,    363.000       
# span 7 =      1.991,    359.201       
# span 8 =    -0.8223,    -0.5985       
# span 9 =    -0.8215,    -0.5983       
# span 10 =    -0.0035,     0.0082      
# span 11 =    -0.8273,    -0.5986      
# span 12 =    -0.8265,    -0.5983      
# span 13 =    -0.0035,     0.0082      
# span 14 =   2.789963,   2.818809      
# span 15 =   2.789950,   2.818780      
# span 16 =  -0.000331,   0.000790      
# span 17 =    34.2794,    34.3876      
# span 18 =    34.2783,    34.3866      
# span 19 =     6.8246,     7.6152      
# span 20 =    27.5530,    27.6435      
# span 21 =    27.5522,    27.6427      
# span 22 =    34.2795,    34.3876      
# span 23 =    27.5531,    27.6436      
# span 24 =    1445.43,    1451.19      
# span 25 =    1445.43,    1451.19      
# span 26 =    -0.8272,    -0.5986      
# span 27 =  1027.5672,  1029.3804      
# span 28 =    34.4448,    34.5557      
# span 29 = 0.0000e+00, 0.0000e+00      
# interval = decibars: 1                
# start_time = Nov 09 2023 04:08:28 [NMEA time, header]
# bad_flag = -9.990e-29
*END*
[from data line 146]
      22281 313.183291  -62.13914  -58.42640     -0.807    1447.91    217.000    214.805    -0.7974    -0.7963     0.0011    -0.8038    -0.8027     0.0011   2.794504   2.794528   0.000022    34.3104    34.3095     7.4207    27.5868    27.5860    34.3103    27.5867    1448.04    1448.04    -0.8037  1028.6303    34.4776 0.0000e+00
      22311 313.183305  -62.13914  -58.42638     -0.807    1447.91    216.000    213.816    -0.7979    -0.7969     0.0010    -0.8043    -0.8033     0.0010   2.794411   2.794419   0.000004    34.3104    34.3093     7.4186    27.5868    27.5859    34.3102    27.5867    1448.02    1448.02    -0.8041  1028.6255    34.4775 0.0000e+00
      22340 313.183319  -62.13914  -58.42637     -0.820    1447.91    215.000    212.826    -0.7991    -0.7976     0.0015    -0.8055    -0.8040     0.0015   2.794233   2.794289   0.000057    34.3101    34.3091     7.4101    27.5865    27.5857    34.3098    27.5864    1448.00    1448.00    -0.8053  1028.6204    34.4771 0.0000e+00
      22369 313.183333  -62.13914  -58.42635     -0.830    1447.91    214.000    211.837    -0.7990    -0.7984     0.0007    -0.8054    -0.8047     0.0007   2.794185   2.794163  -0.000017    34.3097    34.3087     7.4014    27.5863    27.5855    34.3098    27.5863    1447.98    1447.98    -0.8052  1028.6156    34.4770 0.0000e+00
      22398 313.183347  -62.13914  -58.42634     -0.833    1447.91    213.000    210.848    -0.7983    -0.7978     0.0005    -0.8046    -0.8041     0.0005   2.794216   2.794176  -0.000037    34.3100    34.3089     7.4035    27.5864    27.5855    34.3099    27.5864    1447.97    1447.97    -0.8044  1028.6109    34.4771 0.0000e+00
      22427 313.183361  -62.13916  -58.42632     -0.823    1447.91    212.000    209.858    -0.7994    -0.7981     0.0012    -0.8057    -0.8044     0.0012   2.794053   2.794094   0.000030    34.3099    34.3089     7.4117    27.5864    27.5856    34.3096    27.5862    1447.95    1447.95    -0.8055  1028.6059    34.4768 0.0000e+00
      22456 313.183375  -62.13916  -58.42631     -0.824    1447.91    211.000    208.869    -0.8013    -0.7996     0.0017    -0.8076    -0.8059     0.0017   2.793805   2.793899   0.000097    34.3092    34.3086     7.4236    27.5859    27.5854    34.3090    27.5858    1447.92    1447.93    -0.8074  1028.6007    34.4762 0.0000e+00
      22485 313.183389  -62.13916  -58.42629     -0.821    1447.91    210.000    207.879    -0.8017    -0.8005     0.0013    -0.8080    -0.8067     0.0013   2.793711   2.793755   0.000046    34.3091    34.3082     7.4235    27.5859    27.5851    34.3089    27.5857    1447.90    1447.91    -0.8078  1028.5959    34.4761 0.0000e+00
      22514 313.183403  -62.13916  -58.42628     -0.826    1447.91    209.000    206.890    -0.8023    -0.8013     0.0010    -0.8085    -0.8074     0.0010   2.793609   2.793621   0.000015    34.3089    34.3079     7.4169    27.5858    27.5849    34.3087    27.5856    1447.88    1447.89    -0.8083  1028.5910    34.4760 0.0000e+00
      22543 313.183417  -62.13916  -58.42626     -0.825    1447.91    208.000    205.901    -0.8026    -0.8015     0.0010    -0.8087    -0.8077     0.0010   2.793542   2.793559   0.000017    34.3089    34.3080     7.4170    27.5858    27.5849    34.3087    27.5856    1447.87    1447.87    -0.8086  1028.5863    34.4759 0.0000e+00
      22573 313.183432  -62.13916  -58.42625     -0.828    1447.91    207.000    204.911    -0.8041    -0.8027     0.0014    -0.8102    -0.8088     0.0014   2.793347   2.793394   0.000049    34.3087    34.3078     7.4190    27.5857    27.5849    34.3085    27.5855    1447.84    1447.85    -0.8101  1028.5814    34.4757 0.0000e+00
      22602 313.183446  -62.13916  -58.42623     -0.814    1447.91    206.000    203.922    -0.8053    -0.8041     0.0012    -0.8114    -0.8101     0.0012   2.793199   2.793224   0.000021    34.3087    34.3076     7.4255    27.5857    27.5848    34.3084    27.5855    1447.82    1447.82    -0.8112  1028.5766    34.4756 0.0000e+00
      22631 313.183460  -62.13916  -58.42622     -0.820    1447.91    205.000    202.932    -0.8061    -0.8050     0.0011    -0.8121    -0.8111     0.0011   2.793077   2.793082   0.000011    34.3085    34.3074     7.4320    27.5855    27.5847    34.3083    27.5854    1447.80    1447.80    -0.8120  1028.5718    34.4755 0.0000e+00
      22661 313.183474  -62.13916  -58.42620     -0.823    1447.91    204.000    201.943    -0.8056    -0.8049     0.0007    -0.8116    -0.8109     0.0007   2.793067   2.793053  -0.000014    34.3084    34.3074     7.4277    27.5854    27.5846    34.3082    27.5853    1447.79    1447.79    -0.8115  1028.5669    34.4754 0.0000e+00
      22691 313.183489  -62.13916  -58.42618     -0.791    1447.91    203.000    200.954    -0.8061    -0.8050     0.0010    -0.8120    -0.8110     0.0010   2.792991   2.792998   0.000009    34.3085    34.3075     7.4269    27.5856    27.5847    34.3083    27.5854    1447.77    1447.77    -0.8119  1028.5622    34.4755 0.0000e+00
      22723 313.183504  -62.13916  -58.42617     -0.768    1447.91    202.000    199.964    -0.8062    -0.8053     0.0009    -0.8121    -0.8113     0.0009   2.792935   2.792925  -0.000011    34.3084    34.3073     7.4305    27.5855    27.5846    34.3083    27.5854    1447.75    1447.75    -0.8120  1028.5574    34.4755 0.0000e+00
      22754 313.183519  -62.13916  -58.42616     -0.758    1447.91    201.000    198.975    -0.8064    -0.8053     0.0011    -0.8124    -0.8112     0.0011   2.792862   2.792874   0.000010    34.3084    34.3073     7.4351    27.5855    27.5845    34.3082    27.5854    1447.73    1447.74    -0.8122  1028.5526    34.4754 0.0000e+00
      22785 313.183534  -62.13916  -58.42614     -0.781    1447.91    200.000    197.985    -0.8072    -0.8061     0.0011    -0.8131    -0.8120     0.0011   2.792745   2.792766   0.000022    34.3083    34.3073     7.4362    27.5855    27.5846    34.3081    27.5853    1447.71    1447.72    -0.8129  1028.5478    34.4753 0.0000e+00
      22813 313.183548  -62.13916  -58.42611     -0.822    1447.91    199.000    196.996    -0.8078    -0.8066     0.0011    -0.8136    -0.8125     0.0011   2.792637   2.792663   0.000023    34.3081    34.3072     7.4495    27.5853    27.5845    34.3079    27.5852    1447.69    1447.70    -0.8135  1028.5429    34.4751 0.0000e+00
      22842 313.183561  -62.13916  -58.42610     -0.848    1447.91    198.000    196.006    -0.8092    -0.8078     0.0014    -0.8150    -0.8136     0.0014   2.792454   2.792496   0.000044    34.3079    34.3070     7.4436    27.5852    27.5844    34.3077    27.5850    1447.67    1447.68    -0.8149  1028.5380    34.4749 0.0000e+00
      22871 313.183575  -62.13916  -58.42609     -0.839    1447.91    197.000    195.017    -0.8093    -0.8082     0.0010    -0.8150    -0.8140     0.0010   2.792404   2.792420   0.000019    34.3078    34.3069     7.4364    27.5851    27.5844    34.3077    27.5850    1447.65    1447.66    -0.8149  1028.5332    34.4749 0.0000e+00
      22902 313.183590  -62.13916  -58.42608     -0.788    1447.91    196.000    194.028    -0.8079    -0.8078     0.0001    -0.8137    -0.8136     0.0001   2.792487   2.792416  -0.000075    34.3080    34.3069     7.4357    27.5852    27.5843    34.3080    27.5852    1447.64    1447.64    -0.8135  1028.5286    34.4751 0.0000e+00
      22934 313.183606  -62.13916  -58.42606     -0.738    1447.91    195.000    193.038    -0.8064    -0.8053     0.0010    -0.8121    -0.8111     0.0010   2.792600   2.792596   0.000006    34.3082    34.3071     7.4414    27.5853    27.5844    34.3083    27.5854    1447.64    1447.64    -0.8120  1028.5240    34.4755 0.0000e+00
      22966 313.183621  -62.13916  -58.42605     -0.749    1447.91    194.000    192.048    -0.8059    -0.8053     0.0006    -0.8116    -0.8110     0.0006   2.792591   2.792549  -0.000048    34.3084    34.3070     7.4372    27.5855    27.5843    34.3083    27.5854    1447.62    1447.62    -0.8115  1028.5192    34.4754 0.0000e+00
      22996 313.183636  -62.13916  -58.42602     -0.794    1447.91    193.000    191.059    -0.8072    -0.8058     0.0014    -0.8128    -0.8115     0.0014   2.792419   2.792467   0.000041    34.3082    34.3072     7.4374    27.5853    27.5845    34.3080    27.5852    1447.60    1447.60    -0.8127  1028.5142    34.4751 0.0000e+00
      23024 313.183649  -62.13916  -58.42602     -0.829    1447.91    192.000    190.070    -0.8095    -0.8077     0.0018    -0.8152    -0.8133     0.0018   2.792142   2.792219   0.000068    34.3080    34.3069     7.4369    27.5853    27.5843    34.3075    27.5849    1447.57    1447.58    -0.8150  1028.5054    34.4699 0.0000e+00
      23053 313.183663 -9.990e-29  -58.42599     -0.838    1447.91    191.000    189.080    -0.8112    -0.8096     0.0016    -0.8168    -0.8152     0.0016   2.791929   2.792000   0.000083    34.3074    34.3066     7.4283    27.5848    27.5841    34.3072    27.5847    1447.55    1447.55    -0.8167  1028.4999    34.4690 0.0000e+00
      23082 313.183677 -9.990e-29  -58.42598     -0.825    1447.91    190.000    188.091    -0.8117    -0.8103     0.0013    -0.8172    -0.8159     0.0013   2.791835   2.791878   0.000036    34.3074    34.3064     7.4341    27.5849    27.5840    34.3071    27.5846    1447.53    1447.53    -0.8171  1028.4950    34.4688 0.0000e+00
      23111 313.183691  -62.13918  -58.42597     -0.831    1447.91    189.000    187.101    -0.8135    -0.8117     0.0018    -0.8190    -0.8172     0.0018   2.791604   2.791694   0.000086    34.3071    34.3061     7.4354    27.5847    27.5839    34.3067    27.5844    1447.50    1447.51    -0.8189  1028.4918    34.4706 0.0000e+00
      23139 313.183705  -62.13918  -58.42594     -0.843    1447.91    188.000    186.111    -0.8160    -0.8140     0.0020    -0.8215    -0.8195     0.0020   2.791314   2.791424   0.000113    34.3065    34.3058     7.4463    27.5844    27.5837    34.3062    27.5841    1447.47    1447.48    -0.8214  1028.4893    34.4733 0.0000e+00
      23168 313.183719  -62.13918  -58.42594     -0.845    1447.91    187.000    185.122    -0.8165    -0.8154     0.0011    -0.8219    -0.8208     0.0011   2.791246   2.791249   0.000010    34.3065    34.3055     7.4427    27.5844    27.5834    34.3064    27.5842    1447.45    1447.46    -0.8218  1028.4847    34.4735 0.0000e+00
      23198 313.183733  -62.13918  -58.42592     -0.824    1447.91    186.000    184.133    -0.8158    -0.8152     0.0006    -0.8212    -0.8207     0.0006   2.791244   2.791216  -0.000032    34.3065    34.3054     7.4452    27.5843    27.5834    34.3062    27.5841    1447.44    1447.44    -0.8211  1028.4798    34.4733 0.0000e+00
      23230 313.183748  -62.13918  -58.42591     -0.763    1447.91    185.000    183.143    -0.8179    -0.8160     0.0018    -0.8233    -0.8214     0.0018   2.790995   2.791081   0.000074    34.3063    34.3052     7.4605    27.5842    27.5833    34.3058    27.5838    1447.42    1447.42    -0.8231  1028.4748    34.4729 0.0000e+00
      23264 313.183765  -62.13918  -58.42590     -0.709    1447.91    184.000    182.154    -0.8209    -0.8182     0.0027    -0.8263    -0.8236     0.0027   2.790680   2.790829   0.000154    34.3060    34.3050     7.4517    27.5841    27.5832    34.3056    27.5838    1447.38    1447.40    -0.8261  1028.4699    34.4727 0.0000e+00
      23297 313.183781  -62.13918  -58.42588     -0.719    1447.91    183.000    181.164    -0.8216    -0.8203     0.0013    -0.8269    -0.8256     0.0013   2.790567   2.790600   0.000034    34.3058    34.3048     7.4492    27.5840    27.5831    34.3055    27.5837    1447.37    1447.37    -0.8268  1028.4651    34.4726 0.0000e+00
      23327 313.183795  -62.13918  -58.42587     -0.783    1447.91    182.000    180.174    -0.8217    -0.8208     0.0008    -0.8270    -0.8261     0.0008   2.790507   2.790500  -0.000002    34.3055    34.3045     7.4531    27.5837    27.5829    34.3054    27.5836    1447.35    1447.35    -0.8269  1028.4602    34.4724 0.0000e+00
      23355 313.183809  -62.13918  -58.42584     -0.831    1447.91    181.000    179.185    -0.8219    -0.8210     0.0009    -0.8272    -0.8263     0.0009   2.790421   2.790416  -0.000004    34.3054    34.3043     7.4569    27.5837    27.5828    34.3051    27.5835    1447.33    1447.33    -0.8271  1028.4553    34.4722 0.0000e+00
      23383 313.183822  -62.13918  -58.42584     -0.865    1447.91    180.000    178.195    -0.8219    -0.8212     0.0008    -0.8272    -0.8264     0.0008   2.790373   2.790367  -0.000003    34.3053    34.3043     7.4514    27.5835    27.5828    34.3051    27.5834    1447.31    1447.32    -0.8270  1028.4505    34.4722 0.0000e+00
      23411 313.183836  -62.13918  -58.42582     -0.849    1447.91    179.000    177.206    -0.8218    -0.8210     0.0008    -0.8270    -0.8262     0.0008   2.790346   2.790322  -0.000023    34.3053    34.3041     7.4623    27.5836    27.5826    34.3052    27.5835    1447.30    1447.30    -0.8269  1028.4458    34.4723 0.0000e+00
      23441 313.183850  -62.13918  -58.42580     -0.818    1447.91    178.000    176.216    -0.8217    -0.8209     0.0007    -0.8268    -0.8261     0.0007   2.790306   2.790287  -0.000018    34.3052    34.3041     7.4654    27.5835    27.5826    34.3051    27.5834    1447.28    1447.28    -0.8267  1028.4409    34.4722 0.0000e+00
      23471 313.183865  -62.13918  -58.42579     -0.798    1447.91    177.000    175.227    -0.8214    -0.8208     0.0006    -0.8266    -0.8259     0.0006   2.790267   2.790243  -0.000021    34.3050    34.3040     7.4552    27.5833    27.5825    34.3049    27.5832    1447.27    1447.27    -0.8264  1028.4360    34.4720 0.0000e+00
      23502 313.183880  -62.13918  -58.42578     -0.785    1447.91    176.000    174.237    -0.8213    -0.8205     0.0008    -0.8264    -0.8256     0.0008   2.790226   2.790202  -0.000023    34.3050    34.3037     7.4565    27.5833    27.5823    34.3049    27.5832    1447.25    1447.25    -0.8263  1028.4312    34.4719 0.0000e+00
      23532 313.183894  -62.13918  -58.42576     -0.782    1447.91    175.000    173.247    -0.8216    -0.8207     0.0010    -0.8267    -0.8258     0.0010   2.790148   2.790148 -8.003e-07    34.3049    34.3038     7.4673    27.5833    27.5823    34.3048    27.5831    1447.23    1447.24    -0.8266  1028.4263    34.4719 0.0000e+00
      23563 313.183909  -62.13919  -58.42575     -0.784    1447.91    174.000    172.258    -0.8220    -0.8211     0.0009    -0.8271    -0.8261     0.0009   2.790079   2.790071  -0.000005    34.3050    34.3039     7.4670    27.5833    27.5824    34.3049    27.5833    1447.22    1447.22    -0.8269  1028.4216    34.4720 0.0000e+00
      23593 313.183924  -62.13920  -58.42573     -0.791    1447.91    173.000    171.268    -0.8222    -0.8213     0.0009    -0.8272    -0.8263     0.0009   2.790025   2.790018  -0.000009    34.3051    34.3040     7.4633    27.5834    27.5825    34.3050    27.5833    1447.20    1447.20    -0.8271  1028.4169    34.4720 0.0000e+00
      23623 313.183938  -62.13920  -58.42572     -0.798    1447.91    172.000    170.279    -0.8223    -0.8215     0.0008    -0.8273    -0.8265     0.0008   2.789963   2.789950  -0.000012    34.3050    34.3040     7.4655    27.5834    27.5825    34.3049    27.5833    1447.18    1447.18    -0.8272  1028.4121    34.4720 0.0000e+00
      23654 313.183953  -62.13920  -58.42570     -0.784    1447.91    171.000    169.289    -0.8208    -0.8206     0.0002    -0.8257    -0.8255     0.0002   2.790030   2.789975  -0.000054    34.3046    34.3036     7.4659    27.5830    27.5822    34.3047    27.5830    1447.17    1447.17    -0.8256  1028.4071    34.4717 0.0000e+00
