Pos-Processados/process_op42/Processamento_split/up/uoperantar42_053.cnv
* Sea-Bird SBE 9 Data File:
* FileName = C:\Users\Hidrografia\Desktop\OPXLII\Brutos\OP42053.hdr
* Software Version Seasave V 7.26.7.107
* Temperature SN = 6502
* Conductivity SN = 4998
* Number of Bytes Per Scan = 37
* Number of Voltage Words = 4
* Number of Scans Averaged by the Deck Unit = 1
* NMEA Latitude = 62 18.18 S
* NMEA Longitude = 058 13.23 W
* NMEA UTC (Time) = Nov 17 2023 02:11:25
* NMEA baud rate = 4800
** H41
** NPOALTEMAXIMIANO
** NUMERO DA ESTACAO (XXX) 053
** LAT (XX XX.XX S/N) 62 18.18 S
** LONG (XXX XX.XX W/E) 058 13.43 W
** DATAHORA (dd/mm/aaaa hh:mm Z) 17/11/2023 0204Z
** PROFUNDIDADE (m) 1485 m
** OPERADOR CT FILIPE LOPES
# nquan = 30
# nvalues = 1377                        
# units = specified
# name 0 = scan: Scan Count
# name 1 = timeJ: Julian Days
# name 2 = latitude: Latitude [deg]
# name 3 = longitude: Longitude [deg]
# name 4 = dz/dtM: Descent Rate [m/s]
# name 5 = avgsvCM: Average Sound Velocity [Chen-Millero, m/s]
# name 6 = prDM: Pressure, Digiquartz [db]
# name 7 = depSM: Depth [salt water, m]
# name 8 = t090C: Temperature [ITS-90, deg C]
# name 9 = t190C: Temperature, 2 [ITS-90, deg C]
# name 10 = T2-T190C: Temperature Difference, 2 - 1 [ITS-90, deg C]
# name 11 = potemp090C: Potential Temperature [ITS-90, deg C]
# name 12 = potemp190C: Potential Temperature, 2 [ITS-90, deg C]
# name 13 = potemp90Cdiff: Potential Temperature, Diff, 2 - 1 [ITS-90, deg C]
# name 14 = c0S/m: Conductivity [S/m]
# name 15 = c1S/m: Conductivity, 2 [S/m]
# name 16 = C2-C1S/m: Conductivity Difference, 2 - 1 [S/m]
# name 17 = sal00: Salinity, Practical [PSU]
# name 18 = sal11: Salinity, Practical, 2 [PSU]
# name 19 = sbeox0ML/L: Oxygen, SBE 43 [ml/l]
# name 20 = sigma-é00: Density [sigma-theta, kg/m^3]
# name 21 = sigma-é11: Density, 2 [sigma-theta, kg/m^3]
# name 22 = sal00: Salinity, Practical [PSU]
# name 23 = sigma-é00: Density [sigma-theta, kg/m^3]
# name 24 = svCM: Sound Velocity [Chen-Millero, m/s]
# name 25 = svCM1: Sound Velocity, 2 [Chen-Millero, m/s]
# name 26 = gsw_ptA0: potential temperature [ITS-90, deg C]
# name 27 = gsw_densityA0: density, TEOS-10 [density, kg/m^3]
# name 28 = gsw_saA0: Absolute Salinity [g/kg]
# name 29 = flag:
# span 0 =      37259,      69847       
# span 1 = 321.109230, 321.124945       
# span 2 =  -62.30464,  -62.30314       
# span 3 =  -58.21194,  -58.21132       
# span 4 =     -1.306,     -0.315       
# span 5 =    1457.04,    1457.04       
# span 6 =      2.000,   1378.000       
# span 7 =      1.985,   1360.262       
# span 8 =    -1.3466,     0.6212       
# span 9 =    -1.3457,     0.6223       
# span 10 =    -0.0265,     0.0543      
# span 11 =    -1.3909,     0.5946      
# span 12 =    -1.3900,     0.5957      
# span 13 =    -0.0265,     0.0539      
# span 14 =   2.797170,   2.950904      
# span 15 =   2.797164,   2.950888      
# span 16 =  -0.002105,   0.004159      
# span 17 =    34.2582,    34.5710      
# span 18 =    34.2554,    34.5693      
# span 19 =     5.1440,     7.8587      
# span 20 =    27.5245,    27.7777      
# span 21 =    27.5230,    27.7769      
# span 22 =    34.2589,    34.5724      
# span 23 =    27.5245,    27.7777      
# span 24 =    1446.72,    1464.93      
# span 25 =    1446.76,    1464.93      
# span 26 =    -1.3898,     0.5947      
# span 27 =  1027.5392,  1034.3121      
# span 28 =    34.4244,    34.7419      
# span 29 = 0.0000e+00, 0.0000e+00      
# interval = decibars: 1                
# start_time = Nov 17 2023 02:11:25 [NMEA time, header]
# bad_flag = -9.990e-29
*END*
[from data line 1016]
      61308 321.120827  -62.30442  -58.21160     -0.935    1457.04    362.000    358.208     0.0608     0.0612     0.0004     0.0468     0.0472     0.0004   2.884259   2.884256 7.5193e-07    34.4563    34.4558     5.9345    27.6648    27.6645    34.4543    27.6632    1454.58    1454.58     0.0470  1029.3872    34.6227 0.0000e+00
      61331 321.120838  -62.30442  -58.21160     -1.011    1457.04    361.000    357.220     0.0581     0.0575    -0.0006     0.0442     0.0436    -0.0006   2.883907   2.883855  -0.000069    34.4553    34.4550     5.9351    27.6642    27.6640    34.4532    27.6625    1454.55    1454.55     0.0444  1029.3818    34.6216 0.0000e+00
      61355 321.120850  -62.30442  -58.21160     -1.036    1457.04    360.000    356.231     0.0528     0.0504    -0.0024     0.0389     0.0366    -0.0024   2.883245   2.883053  -0.000130    34.4533    34.4543     5.9427    27.6629    27.6637    34.4510    27.6610    1454.51    1454.50     0.0391  1029.3756    34.6194 0.0000e+00
      61381 321.120862  -62.30442  -58.21160     -0.969    1457.04    359.000    355.242     0.0288     0.0312     0.0024     0.0150     0.0174     0.0024   2.880669   2.880966   0.000326    34.4486    34.4502     5.9526    27.6603    27.6615    34.4445    27.6570    1454.37    1454.39     0.0152  1029.3672    34.6129 0.0000e+00
      61409 321.120876  -62.30442  -58.21160     -0.873    1457.04    358.000    354.254     0.0130     0.0040    -0.0091    -0.0006    -0.0097    -0.0090   2.879053   2.878240  -0.000822    34.4454    34.4447     5.9614    27.6585    27.6585    34.4414    27.6553    1454.28    1454.24    -0.0004  1029.3610    34.6098 0.0000e+00
      61437 321.120889  -62.30442  -58.21160     -0.852    1457.04    357.000    353.265    -0.0035    -0.0150    -0.0115    -0.0170    -0.0285    -0.0115   2.877579   2.876476  -0.001054    34.4441    34.4431     5.9772    27.6584    27.6582    34.4410    27.6559    1454.19    1454.13    -0.0169  1029.3570    34.6094 0.0000e+00
      61463 321.120902  -62.30443  -58.21160     -0.894    1457.04    356.000    352.276    -0.0116    -0.0230    -0.0114    -0.0251    -0.0364    -0.0113   2.876769   2.875647  -0.001147    34.4439    34.4415     6.0050    27.6586    27.6573    34.4400    27.6555    1454.13    1454.08    -0.0249  1029.3520    34.6084 0.0000e+00
      61487 321.120914  -62.30444  -58.21160     -0.959    1457.04    355.000    351.288    -0.0225    -0.0235    -0.0010    -0.0359    -0.0369    -0.0010   2.875687   2.875558  -0.000199    34.4412    34.4397     6.0325    27.6570    27.6559    34.4385    27.6548    1454.07    1454.06    -0.0357  1029.3467    34.6069 0.0000e+00
      61511 321.120925  -62.30444  -58.21159     -0.990    1457.04    354.000    350.299    -0.0144    -0.0140     0.0004    -0.0278    -0.0275     0.0004   2.876659   2.876500  -0.000150    34.4437    34.4413     6.0516    27.6586    27.6566    34.4430    27.6580    1454.09    1454.09    -0.0276  1029.3450    34.6114 0.0000e+00
      61536 321.120937  -62.30444  -58.21158     -0.996    1457.04    353.000    349.311    -0.0094    -0.0080     0.0014    -0.0228    -0.0214     0.0014   2.877124   2.877182   0.000034    34.4453    34.4442     6.0634    27.6597    27.6587    34.4440    27.6586    1454.10    1454.11    -0.0226  1029.3409    34.6125 0.0000e+00
      61560 321.120948  -62.30444  -58.21158     -0.998    1457.04    352.000    348.322    -0.0086    -0.0079     0.0007    -0.0219    -0.0213     0.0007   2.877110   2.877115   0.000005    34.4448    34.4441     6.0724    27.6592    27.6586    34.4435    27.6582    1454.09    1454.09    -0.0218  1029.3357    34.6119 0.0000e+00
      61583 321.120960  -62.30444  -58.21158     -1.011    1457.04    351.000    347.334    -0.0094    -0.0098    -0.0004    -0.0227    -0.0231    -0.0004   2.876930   2.876838  -0.000095    34.4442    34.4433     6.0761    27.6587    27.6580    34.4427    27.6575    1454.07    1454.06    -0.0225  1029.3303    34.6111 0.0000e+00
      61606 321.120971  -62.30444  -58.21158     -1.036    1457.04    350.000    346.344    -0.0125    -0.0126    -0.0001    -0.0258    -0.0259    -0.0001   2.876492   2.876399  -0.000097    34.4425    34.4414     6.0675    27.6575    27.6566    34.4410    27.6563    1454.03    1454.03    -0.0256  1029.3244    34.6094 0.0000e+00
      61629 321.120982  -62.30444  -58.21158     -1.045    1457.04    349.000    345.356    -0.0153    -0.0161    -0.0008    -0.0285    -0.0293    -0.0008   2.876052   2.875915  -0.000143    34.4403    34.4393     6.0557    27.6559    27.6551    34.4389    27.6548    1454.00    1454.00    -0.0283  1029.3190    34.6083 0.0000e+00
      61654 321.120994  -62.30444 -9.990e-29     -1.003    1457.04    348.000    344.367    -0.0172    -0.0179    -0.0006    -0.0304    -0.0310    -0.0006   2.875755   2.875634  -0.000123    34.4388    34.4379     6.0531    27.6548    27.6541    34.4377    27.6539    1453.97    1453.97    -0.0302  1029.3145    34.6085 0.0000e+00
      61681 321.121007  -62.30444 -9.990e-29     -0.912    1457.04    347.000    343.378    -0.0167    -0.0159     0.0008    -0.0298    -0.0290     0.0008   2.875700   2.875713   0.000006    34.4377    34.4368     6.0600    27.6539    27.6531    34.4370    27.6533    1453.96    1453.96    -0.0297  1029.3093    34.6079 0.0000e+00
      61709 321.121021  -62.30444 -9.990e-29     -0.858    1457.04    346.000    342.389    -0.0146    -0.0133     0.0013    -0.0277    -0.0264     0.0013   2.875824   2.875854   0.000024    34.4373    34.4362     6.0736    27.6534    27.6525    34.4369    27.6531    1453.95    1453.96    -0.0275  1029.3042    34.6077 0.0000e+00
      61736 321.121034  -62.30444  -58.21156     -0.879    1457.04    345.000    341.401    -0.0128    -0.0122     0.0006    -0.0259    -0.0252     0.0006   2.875912   2.875889  -0.000023    34.4371    34.4360     6.0884    27.6531    27.6523    34.4367    27.6528    1453.94    1453.95    -0.0257  1029.2979    34.6058 0.0000e+00
      61763 321.121046  -62.30444  -58.21156     -0.898    1457.04    344.000    340.412    -0.0125    -0.0114     0.0011    -0.0255    -0.0244     0.0011   2.875888   2.875920   0.000024    34.4369    34.4360     6.0930    27.6530    27.6522    34.4365    27.6527    1453.93    1453.93    -0.0253  1029.2924    34.6049 0.0000e+00
      61789 321.121059  -62.30446  -58.21156     -0.905    1457.04    343.000    339.423    -0.0119    -0.0116     0.0004    -0.0249    -0.0246     0.0004   2.875881   2.875849  -0.000032    34.4368    34.4360     6.0925    27.6529    27.6522    34.4364    27.6526    1453.91    1453.91    -0.0247  1029.2875    34.6048 0.0000e+00
      61815 321.121071  -62.30446  -58.21156     -0.919    1457.04    342.000    338.435    -0.0116    -0.0109     0.0007    -0.0245    -0.0238     0.0007   2.875822   2.875821  -0.000005    34.4362    34.4353     6.0960    27.6523    27.6516    34.4359    27.6521    1453.90    1453.90    -0.0244  1029.2824    34.6043 0.0000e+00
      61840 321.121084  -62.30446  -58.21156     -0.952    1457.04    341.000    337.445    -0.0115    -0.0108     0.0007    -0.0243    -0.0237     0.0007   2.875794   2.875785  -0.000008    34.4361    34.4353     6.0972    27.6523    27.6516    34.4359    27.6522    1453.88    1453.89    -0.0242  1029.2777    34.6043 0.0000e+00
      61864 321.121095  -62.30446  -58.21156     -0.975    1457.04    340.000    336.457    -0.0114    -0.0104     0.0010    -0.0242    -0.0232     0.0010   2.875748   2.875766   0.000008    34.4361    34.4351     6.0959    27.6522    27.6514    34.4358    27.6520    1453.87    1453.87    -0.0241  1029.2728    34.6042 0.0000e+00
      61888 321.121107  -62.30446  -58.21155     -1.005    1457.04    339.000    335.468    -0.0117    -0.0105     0.0013    -0.0245    -0.0233     0.0013   2.875663   2.875705   0.000047    34.4359    34.4351     6.0912    27.6521    27.6514    34.4357    27.6520    1453.85    1453.85    -0.0243  1029.2680    34.6040 0.0000e+00
      61911 321.121118  -62.30446  -58.21154     -1.029    1457.04    338.000    334.480    -0.0116    -0.0100     0.0016    -0.0243    -0.0227     0.0016   2.875615   2.875686   0.000066    34.4356    34.4347     6.0948    27.6519    27.6511    34.4355    27.6518    1453.83    1453.84    -0.0242  1029.2631    34.6038 0.0000e+00
      61933 321.121129  -62.30446  -58.21154     -1.049    1457.04    337.000    333.491    -0.0106    -0.0095     0.0011    -0.0233    -0.0222     0.0011   2.875658   2.875674   0.000016    34.4357    34.4347     6.0946    27.6519    27.6510    34.4356    27.6518    1453.82    1453.83    -0.0232  1029.2584    34.6039 0.0000e+00
      61955 321.121139  -62.30446  -58.21154     -1.074    1457.04    336.000    332.502    -0.0105    -0.0096     0.0009    -0.0232    -0.0222     0.0009   2.875627   2.875630   0.000003    34.4357    34.4347     6.0969    27.6519    27.6510    34.4356    27.6518    1453.81    1453.81    -0.0230  1029.2537    34.6040 0.0000e+00
      61978 321.121150  -62.30446  -58.21154     -1.078    1457.04    335.000    331.513    -0.0103    -0.0094     0.0010    -0.0230    -0.0220     0.0010   2.875583   2.875594   0.000011    34.4356    34.4346     6.1024    27.6518    27.6510    34.4355    27.6517    1453.79    1453.79    -0.0228  1029.2488    34.6038 0.0000e+00
      62003 321.121162  -62.30446  -58.21154     -1.018    1457.04    334.000    330.524    -0.0107    -0.0100     0.0007    -0.0232    -0.0226     0.0007   2.875499   2.875499   0.000002    34.4355    34.4347     6.1032    27.6517    27.6510    34.4353    27.6516    1453.77    1453.77    -0.0231  1029.2440    34.6037 0.0000e+00
      62031 321.121176  -62.30446  -58.21154     -0.895    1457.04    333.000    329.536    -0.0110    -0.0101     0.0009    -0.0235    -0.0227     0.0009   2.875449   2.875444  -0.000010    34.4357    34.4346     6.0997    27.6519    27.6510    34.4356    27.6518    1453.75    1453.76    -0.0234  1029.2395    34.6040 0.0000e+00
      62061 321.121190  -62.30446  -58.21154     -0.796    1457.04    332.000    328.547    -0.0110    -0.0101     0.0008    -0.0234    -0.0226     0.0008   2.875417   2.875399  -0.000016    34.4358    34.4347     6.0954    27.6520    27.6510    34.4357    27.6519    1453.74    1453.74    -0.0233  1029.2349    34.6041 0.0000e+00
      62089 321.121204  -62.30447  -58.21154     -0.828    1457.04    331.000    327.558    -0.0108    -0.0098     0.0009    -0.0232    -0.0223     0.0009   2.875364   2.875368   0.000002    34.4355    34.4345     6.1036    27.6517    27.6509    34.4354    27.6517    1453.72    1453.73    -0.0231  1029.2299    34.6038 0.0000e+00
      62114 321.121216  -62.30448  -58.21154     -0.924    1457.04    330.000    326.569    -0.0106    -0.0096     0.0009    -0.0230    -0.0221     0.0009   2.875338   2.875342   0.000005    34.4355    34.4346     6.1059    27.6517    27.6509    34.4355    27.6517    1453.71    1453.71    -0.0229  1029.2251    34.6038 0.0000e+00
      62137 321.121227  -62.30448  -58.21152     -1.010    1457.04    329.000    325.580    -0.0104    -0.0096     0.0008    -0.0228    -0.0220     0.0008   2.875322   2.875291  -0.000032    34.4358    34.4344     6.1080    27.6520    27.6508    34.4357    27.6519    1453.69    1453.69    -0.0226  1029.2206    34.6040 0.0000e+00
      62159 321.121237  -62.30448  -58.21152     -1.063    1457.04    328.000    324.591    -0.0103    -0.0095     0.0008    -0.0227    -0.0219     0.0008   2.875262   2.875264   0.000001    34.4354    34.4346     6.1019    27.6516    27.6509    34.4353    27.6516    1453.68    1453.68    -0.0225  1029.2156    34.6037 0.0000e+00
      62182 321.121248  -62.30448  -58.21152     -1.072    1457.04    327.000    323.603    -0.0104    -0.0096     0.0008    -0.0227    -0.0219     0.0008   2.875219   2.875216  -0.000002    34.4355    34.4346     6.0978    27.6517    27.6510    34.4355    27.6517    1453.66    1453.66    -0.0225  1029.2109    34.6038 0.0000e+00
      62205 321.121260  -62.30448  -58.21152     -1.049    1457.04    326.000    322.614    -0.0103    -0.0095     0.0008    -0.0226    -0.0218     0.0008   2.875197   2.875177  -0.000018    34.4357    34.4346     6.1051    27.6519    27.6509    34.4357    27.6518    1453.64    1453.65    -0.0224  1029.2063    34.6040 0.0000e+00
      62229 321.121271  -62.30448  -58.21152     -1.007    1457.04    325.000    321.625    -0.0104    -0.0098     0.0007    -0.0227    -0.0220     0.0007   2.875133   2.875113  -0.000021    34.4357    34.4346     6.1005    27.6519    27.6510    34.4356    27.6518    1453.63    1453.63    -0.0225  1029.2016    34.6040 0.0000e+00
      62255 321.121284  -62.30448  -58.21152     -0.958    1457.04    324.000    320.636    -0.0105    -0.0096     0.0010    -0.0227    -0.0218     0.0010   2.875075   2.875081   0.000003    34.4356    34.4346     6.1043    27.6518    27.6509    34.4355    27.6517    1453.61    1453.61    -0.0225  1029.1968    34.6039 0.0000e+00
      62281 321.121296  -62.30448  -58.21152     -0.929    1457.04    323.000    319.647    -0.0097    -0.0084     0.0014    -0.0219    -0.0206     0.0014   2.875117   2.875121   0.000007    34.4357    34.4343     6.1004    27.6519    27.6506    34.4358    27.6519    1453.60    1453.60    -0.0217  1029.1922    34.6042 0.0000e+00
      62307 321.121309  -62.30448  -58.21152     -0.917    1457.04    322.000    318.658    -0.0095    -0.0087     0.0008    -0.0216    -0.0208     0.0008   2.875064   2.875055  -0.000010    34.4355    34.4345     6.0956    27.6517    27.6508    34.4354    27.6516    1453.58    1453.58    -0.0215  1029.1872    34.6038 0.0000e+00
      62332 321.121321  -62.30448  -58.21152     -0.935    1457.04    321.000    317.670    -0.0099    -0.0092     0.0007    -0.0219    -0.0212     0.0007   2.874994   2.874965  -0.000027    34.4355    34.4344     6.0967    27.6517    27.6507    34.4355    27.6517    1453.56    1453.57    -0.0218  1029.1825    34.6038 0.0000e+00
      62356 321.121332  -62.30448  -58.21152     -0.984    1457.04    320.000    316.680    -0.0103    -0.0095     0.0008    -0.0223    -0.0215     0.0008   2.874894   2.874879  -0.000020    34.4355    34.4343     6.1101    27.6517    27.6507    34.4353    27.6515    1453.54    1453.55    -0.0222  1029.1776    34.6036 0.0000e+00
      62379 321.121343  -62.30448  -58.21150     -1.033    1457.04    319.000    315.692    -0.0109    -0.0100     0.0008    -0.0228    -0.0220     0.0008   2.874783   2.874775  -0.000004    34.4351    34.4341     6.1085    27.6514    27.6506    34.4350    27.6513    1453.53    1453.53    -0.0227  1029.1727    34.6034 0.0000e+00
      62402 321.121355  -62.30448  -58.21150     -1.049    1457.04    318.000    314.703    -0.0116    -0.0110     0.0005    -0.0235    -0.0230     0.0005   2.874652   2.874627  -0.000023    34.4349    34.4340     6.1133    27.6513    27.6505    34.4347    27.6511    1453.51    1453.51    -0.0234  1029.1678    34.6031 0.0000e+00
      62426 321.121366  -62.30448  -58.21150     -1.023    1457.04    317.000    313.714    -0.0122    -0.0118     0.0004    -0.0241    -0.0237     0.0004   2.874529   2.874484  -0.000046    34.4346    34.4335     6.1129    27.6510    27.6501    34.4344    27.6509    1453.49    1453.49    -0.0240  1029.1628    34.6027 0.0000e+00
      62450 321.121378  -62.30448  -58.21150     -0.987    1457.04    316.000    312.725    -0.0128    -0.0124     0.0005    -0.0247    -0.0242     0.0005   2.874422   2.874390  -0.000028    34.4344    34.4336     6.1057    27.6509    27.6502    34.4343    27.6508    1453.47    1453.47    -0.0245  1029.1580    34.6026 0.0000e+00
