Pos-Processados/process_op42/Processamento_split/up/uoperantar42_008.cnv
* Sea-Bird SBE 9 Data File:
* FileName = C:\Users\Hidrografia\Desktop\OPXLII\Brutos\OP42008.hdr
* Software Version Seasave V 7.26.7.107
* Temperature SN = 6502
* Conductivity SN = 4998
* Number of Bytes Per Scan = 31
* Number of Voltage Words = 2
* Number of Scans Averaged by the Deck Unit = 1
* NMEA Latitude = 42 37.54 S
* NMEA Longitude = 054 58.51 W
* NMEA UTC (Time) = Oct 18 2023 09:23:08
* NMEA baud rate = 4800
** H41
** NPOALTEMAXIMIANO
** NUMERO DA ESTACAO (XXX) 008
** LAT (XX XX.XX S/N) 42 37.540 S
** LONG (XXX XX.XX W/E) 054 58.30 W
** DATAHORA (dd/mm/aaaa hh:mm Z) 18/10/2023 09:00 Z
** PROFUNDIDADE (m) 5142
** OPERADOR ZAMITH
# nquan = 30
# nvalues = 1006                        
# units = specified
# name 0 = scan: Scan Count
# name 1 = timeJ: Julian Days
# name 2 = latitude: Latitude [deg]
# name 3 = longitude: Longitude [deg]
# name 4 = dz/dtM: Descent Rate [m/s]
# name 5 = avgsvCM: Average Sound Velocity [Chen-Millero, m/s]
# name 6 = prDM: Pressure, Digiquartz [db]
# name 7 = depSM: Depth [salt water, m]
# name 8 = t090C: Temperature [ITS-90, deg C]
# name 9 = t190C: Temperature, 2 [ITS-90, deg C]
# name 10 = T2-T190C: Temperature Difference, 2 - 1 [ITS-90, deg C]
# name 11 = potemp090C: Potential Temperature [ITS-90, deg C]
# name 12 = potemp190C: Potential Temperature, 2 [ITS-90, deg C]
# name 13 = potemp90Cdiff: Potential Temperature, Diff, 2 - 1 [ITS-90, deg C]
# name 14 = c0S/m: Conductivity [S/m]
# name 15 = c1S/m: Conductivity, 2 [S/m]
# name 16 = C2-C1S/m: Conductivity Difference, 2 - 1 [S/m]
# name 17 = sal00: Salinity, Practical [PSU]
# name 18 = sal11: Salinity, Practical, 2 [PSU]
# name 19 = sbeox0ML/L: Oxygen, SBE 43 [ml/l]
# name 20 = sigma-é00: Density [sigma-theta, kg/m^3]
# name 21 = sigma-é11: Density, 2 [sigma-theta, kg/m^3]
# name 22 = sal00: Salinity, Practical [PSU]
# name 23 = sigma-é00: Density [sigma-theta, kg/m^3]
# name 24 = svCM: Sound Velocity [Chen-Millero, m/s]
# name 25 = svCM1: Sound Velocity, 2 [Chen-Millero, m/s]
# name 26 = gsw_ptA0: potential temperature [ITS-90, deg C]
# name 27 = gsw_densityA0: density, TEOS-10 [density, kg/m^3]
# name 28 = gsw_saA0: Absolute Salinity [g/kg]
# name 29 = flag:
# span 0 =      33387,      70448       
# span 1 = 291.407166, 291.425038       
# span 2 =  -42.62422,  -42.62208       
# span 3 =  -54.96313,  -54.95579       
# span 4 =     -1.531,     -0.165       
# span 5 =    1484.86,    1484.86       
# span 6 =      4.000,   1009.000       
# span 7 =      3.971,    998.603       
# span 8 =     3.3463,    12.4596       
# span 9 =     3.3471,    12.4591       
# span 10 =    -0.2512,     0.1928      
# span 11 =     3.2793,    12.4591      
# span 12 =     3.2801,    12.4584      
# span 13 =    -0.2511,     0.1925      
# span 14 =   3.175228,   4.066966      
# span 15 =   3.175266,   4.066981      
# span 16 =  -0.028220,   0.021693      
# span 17 =    34.1542,    35.2183      
# span 18 =    34.1540,    35.2187      
# span 19 =     4.8537,     6.2688      
# span 20 =    26.6682,    27.2783      
# span 21 =    26.6699,    27.2779      
# span 22 =    34.1519,    35.2187      
# span 23 =    26.6699,    27.2782      
# span 24 =    1478.19,    1499.38      
# span 25 =    1478.19,    1499.38      
# span 26 =     3.2792,    12.4591      
# span 27 =  1026.6914,  1031.9441      
# span 28 =    34.3158,    35.3850      
# span 29 = 0.0000e+00, 0.0000e+00      
# interval = decibars: 1                
# start_time = Oct 18 2023 09:23:08 [NMEA time, header]
# bad_flag = -9.990e-29
*END*
[from data line 436]
      48272 291.414344  -42.62308  -54.96012     -1.340    1484.86    573.000    567.687     4.9812     4.9845     0.0033     4.9356     4.9389     0.0033   3.299148   3.299306   0.000168    34.1843    34.1829     5.9600    27.0359    27.0344    34.1854    27.0368    1479.02    1479.03     4.9355  1029.6758    34.3486 0.0000e+00
      48298 291.414356  -42.62308  -54.96013     -1.111    1484.86    572.000    566.698     4.9832     4.9810    -0.0022     4.9377     4.9355    -0.0022   3.299247   3.298945  -0.000272    34.1842    34.1833     5.9666    27.0356    27.0351    34.1850    27.0362    1479.01    1479.00     4.9376  1029.6706    34.3481 0.0000e+00
      48341 291.414377  -42.62308  -54.96014     -0.559    1484.86    571.000    565.709     4.9848     4.9830    -0.0018     4.9394     4.9376    -0.0018   3.299354   3.299138  -0.000232    34.1843    34.1835     5.9631    27.0355    27.0350    34.1851    27.0361    1479.00    1478.99     4.9393  1029.6659    34.3483 0.0000e+00
      48384 291.414398  -42.62310  -54.96014     -0.561    1484.86    570.000    564.719     4.9882     4.9891     0.0010     4.9428     4.9438     0.0010   3.299555   3.299577   0.000016    34.1840    34.1831     5.9518    27.0348    27.0340    34.1845    27.0353    1479.00    1479.00     4.9427  1029.6604    34.3477 0.0000e+00
      48421 291.414416  -42.62310  -54.96014     -0.630    1484.86    569.000    563.730     4.9879     4.9887     0.0008     4.9426     4.9435     0.0008   3.299460   3.299482   0.000016    34.1837    34.1831     5.9610    27.0346    27.0340    34.1842    27.0350    1478.98    1478.98     4.9425  1029.6556    34.3473 0.0000e+00
      48451 291.414430  -42.62310  -54.96014     -0.743    1484.86    568.000    562.741     4.9878     4.9892     0.0013     4.9427     4.9440     0.0013   3.299359   3.299466   0.000085    34.1835    34.1831     5.9611    27.0345    27.0340    34.1836    27.0346    1478.96    1478.97     4.9425  1029.6506    34.3467 0.0000e+00
      48475 291.414441  -42.62311  -54.96014     -0.924    1484.86    567.000    561.751     4.9843     4.9867     0.0024     4.9392     4.9416     0.0024   3.298935   3.299131   0.000208    34.1828    34.1827     5.9640    27.0343    27.0340    34.1828    27.0343    1478.93    1478.94     4.9391  1029.6458    34.3460 0.0000e+00
      48496 291.414452  -42.62312  -54.96014     -1.076    1484.86    566.000    560.762     4.9847     4.9856     0.0009     4.9397     4.9406     0.0009   3.298964   3.298978   0.000018    34.1827    34.1820     5.9671    27.0342    27.0335    34.1832    27.0346    1478.92    1478.92     4.9396  1029.6415    34.3463 0.0000e+00
      48517 291.414462  -42.62312  -54.96014     -1.144    1484.86    565.000    559.772     4.9900     4.9946     0.0045     4.9451     4.9496     0.0045   3.299445   3.299802   0.000347    34.1825    34.1819     5.9652    27.0334    27.0324    34.1838    27.0344    1478.92    1478.94     4.9449  1029.6367    34.3469 0.0000e+00
      48541 291.414473  -42.62313  -54.96014     -1.073    1484.86    564.000    558.783     5.0018     4.9953    -0.0065     4.9569     4.9504    -0.0065   3.300431   3.299727  -0.000581    34.1825    34.1825     5.9694    27.0320    27.0328    34.1837    27.0330    1478.95    1478.93     4.9568  1029.6305    34.3468 0.0000e+00
      48573 291.414489  -42.62314  -54.96014     -0.815    1484.86    563.000    557.794     5.0071     4.9917    -0.0154     4.9622     4.9469    -0.0153   3.300822   3.299439  -0.001390    34.1827    34.1824     5.9708    27.0316    27.0331    34.1833    27.0321    1478.96    1478.90     4.9621  1029.6249    34.3464 0.0000e+00
      48608 291.414506  -42.62314  -54.96014     -0.676    1484.86    562.000    556.804     5.0103     5.0085    -0.0018     4.9655     4.9638    -0.0018   3.301141   3.300925  -0.000260    34.1830    34.1818     5.9632    27.0314    27.0307    34.1842    27.0324    1478.96    1478.95     4.9654  1029.6206    34.3473 0.0000e+00
      48636 291.414519  -42.62314  -54.96014     -0.782    1484.86    561.000    555.815     5.0188     5.0180    -0.0008     4.9741     4.9733    -0.0008   3.301890   3.301735  -0.000167    34.1833    34.1823     5.9584    27.0308    27.0300    34.1846    27.0318    1478.98    1478.97     4.9740  1029.6141    34.3463 0.0000e+00
      48661 291.414531 -9.990e-29  -54.96014     -0.916    1484.86    560.000    554.826     5.0238     5.0279     0.0041     4.9792     4.9832     0.0040   3.302229   3.302587   0.000290    34.1830    34.1822     5.9614    27.0299    27.0288    34.1839    27.0306    1478.98    1479.00     4.9790  1029.6083    34.3454 0.0000e+00
      48686 291.414543 -9.990e-29  -54.96014     -0.977    1484.86    559.000    553.836     5.0316     5.0360     0.0044     4.9870     4.9914     0.0044   3.302942   3.303279   0.000398    34.1826    34.1827     5.9580    27.0287    27.0282    34.1847    27.0303    1479.00    1479.01     4.9869  1029.6033    34.3462 0.0000e+00
      48711 291.414555 -9.990e-29  -54.96014     -0.970    1484.86    558.000    552.846     5.0427     5.0405    -0.0021     4.9981     4.9959    -0.0021   3.303861   3.303621  -0.000247    34.1832    34.1825     5.9560    27.0279    27.0276    34.1845    27.0289    1479.03    1479.01     4.9980  1029.5971    34.3460 0.0000e+00
      48740 291.414569 -9.990e-29  -54.96014     -0.885    1484.86    557.000    551.857     5.0494     5.0355    -0.0139     5.0049     4.9910    -0.0138   3.304473   3.303150  -0.001275    34.1834    34.1829     5.9568    27.0272    27.0284    34.1851    27.0286    1479.04    1478.98     5.0047  1029.5922    34.3466 0.0000e+00
      48776 291.414587 -9.990e-29  -54.96014     -0.686    1484.86    556.000    550.868     5.0579     5.0432    -0.0147     5.0134     4.9988    -0.0146   3.305096   3.303712  -0.001345    34.1824    34.1819     5.9552    27.0255    27.0268    34.1841    27.0269    1479.05    1478.99     5.0133  1029.5857    34.3456 0.0000e+00
      48812 291.414604 -9.990e-29  -54.96014     -0.629    1484.86    555.000    549.878     5.0754     5.0724    -0.0030     5.0309     5.0279    -0.0030   3.306839   3.306531  -0.000361    34.1843    34.1832     5.9585    27.0250    27.0245    34.1868    27.0270    1479.11    1479.10     5.0308  1029.5811    34.3484 0.0000e+00
      48836 291.414616  -42.62318  -54.96014     -0.860    1484.86    554.000    548.889     5.0809     5.0848     0.0039     5.0364     5.0403     0.0039   3.307339   3.307611   0.000222    34.1859    34.1844     5.9615    27.0256    27.0240    34.1875    27.0269    1479.12    1479.13     5.0363  1029.5775    34.3506 0.0000e+00
      48857 291.414626  -42.62319  -54.96013     -1.074    1484.86    553.000    547.899     5.0879     5.0883     0.0004     5.0436     5.0439     0.0004   3.307964   3.307851  -0.000101    34.1860    34.1844     5.9613    27.0249    27.0236    34.1879    27.0264    1479.13    1479.13     5.0434  1029.5724    34.3510 0.0000e+00
      48880 291.414637  -42.62320  -54.96012     -1.110    1484.86    552.000    546.910     5.0955     5.0928    -0.0027     5.0512     5.0485    -0.0027   3.308557   3.308177  -0.000310    34.1857    34.1848     5.9561    27.0237    27.0234    34.1876    27.0252    1479.15    1479.13     5.0511  1029.5665    34.3506 0.0000e+00
      48906 291.414650  -42.62320  -54.96012     -0.968    1484.86    551.000    545.920     5.1010     5.0909    -0.0101     5.0567     5.0466    -0.0101   3.308984   3.308085  -0.000944    34.1856    34.1851     5.9586    27.0231    27.0238    34.1874    27.0244    1479.15    1479.11     5.0566  1029.5611    34.3504 0.0000e+00
      48933 291.414662  -42.62320  -54.96012     -0.892    1484.86    550.000    544.931     5.1073     5.1055    -0.0018     5.0631     5.0613    -0.0018   3.309531   3.309259  -0.000275    34.1859    34.1846     5.9644    27.0226    27.0217    34.1877    27.0240    1479.16    1479.15     5.0630  1029.5560    34.3508 0.0000e+00
      48958 291.414674  -42.62320  -54.96012     -0.933    1484.86    549.000    543.941     5.1119     5.1094    -0.0026     5.0678     5.0653    -0.0026   3.309948   3.309627  -0.000350    34.1867    34.1853     5.9644    27.0226    27.0218    34.1883    27.0239    1479.16    1479.15     5.0677  1029.5512    34.3513 0.0000e+00
      48983 291.414687  -42.62321  -54.96012     -0.954    1484.86    548.000    542.952     5.1131     5.1139     0.0007     5.0691     5.0698     0.0007   3.310016   3.309992  -0.000026    34.1869    34.1859     5.9704    27.0227    27.0218    34.1883    27.0238    1479.15    1479.15     5.0690  1029.5465    34.3514 0.0000e+00
      49008 291.414699  -42.62322  -54.96012     -0.959    1484.86    547.000    541.963     5.1194     5.1170    -0.0024     5.0754     5.0730    -0.0024   3.310630   3.310253  -0.000341    34.1878    34.1863     5.9746    27.0226    27.0217    34.1895    27.0240    1479.16    1479.15     5.0753  1029.5420    34.3526 0.0000e+00
      49033 291.414711  -42.62322  -54.96012     -0.967    1484.86    546.000    540.973     5.1245     5.1197    -0.0048     5.0806     5.0758    -0.0048   3.311069   3.310523  -0.000551    34.1883    34.1869     5.9794    27.0224    27.0219    34.1898    27.0236    1479.17    1479.15     5.0805  1029.5370    34.3529 0.0000e+00
      49060 291.414724  -42.62322  -54.96012     -0.915    1484.86    545.000    539.983     5.1278     5.1230    -0.0048     5.0840     5.0792    -0.0048   3.311350   3.310742  -0.000577    34.1889    34.1872     5.9781    27.0225    27.0217    34.1902    27.0235    1479.16    1479.14     5.0838  1029.5323    34.3532 0.0000e+00
      49093 291.414739  -42.62322  -54.96012     -0.784    1484.86    544.000    538.994     5.1301     5.1195    -0.0105     5.0863     5.0758    -0.0105   3.311463   3.310340  -0.001075    34.1887    34.1871     5.9751    27.0221    27.0220    34.1897    27.0229    1479.15    1479.11     5.0862  1029.5270    34.3527 0.0000e+00
      49128 291.414756  -42.62323  -54.96012     -0.668    1484.86    543.000    538.004     5.1357     5.1304    -0.0054     5.0920     5.0866    -0.0053   3.312002   3.311454  -0.000626    34.1891    34.1875     5.9738    27.0218    27.0211    34.1906    27.0229    1479.16    1479.14     5.0919  1029.5225    34.3537 0.0000e+00
      49155 291.414769  -42.62324  -54.96012     -0.793    1484.86    542.000    537.015     5.1371     5.1371     0.0000     5.0935     5.0935     0.0000   3.311939   3.311963   0.000010    34.1892    34.1884     5.9781    27.0210    27.0210    34.1890    27.0215    1479.15    1479.15     5.0933  1029.5164    34.3520 0.0000e+00
      49176 291.414780  -42.62324  -54.96010     -1.010    1484.86    541.000    536.025     5.1365     5.1388     0.0022     5.0930     5.0952     0.0022   3.311919   3.312023   0.000108    34.1888    34.1877     5.9712    27.0214    27.0203    34.1899    27.0222    1479.13    1479.14     5.0928  1029.5126    34.3529 0.0000e+00
      49196 291.414789  -42.62324  -54.96010     -1.159    1484.86    540.000    535.036     5.1388     5.1398     0.0010     5.0954     5.0963     0.0010   3.312034   3.312025  -0.000007    34.1884    34.1873     5.9718    27.0208    27.0198    34.1893    27.0215    1479.12    1479.13     5.0952  1029.5073    34.3523 0.0000e+00
      49218 291.414800  -42.62325  -54.96010     -1.174    1484.86    539.000    534.046     5.1443     5.1414    -0.0029     5.1008     5.0980    -0.0028   3.312495   3.312137  -0.000317    34.1881    34.1874     5.9748    27.0199    27.0197    34.1896    27.0211    1479.13    1479.12     5.1007  1029.5022    34.3526 0.0000e+00
      49244 291.414812  -42.62326  -54.96010     -0.991    1484.86    538.000    533.057     5.1525     5.1414    -0.0112     5.1092     5.0980    -0.0111   3.313197   3.312077  -0.001087    34.1886    34.1875     5.9870    27.0194    27.0198    34.1897    27.0202    1479.15    1479.10     5.1090  1029.4967    34.3527 0.0000e+00
      49272 291.414826  -42.62326  -54.96010     -0.867    1484.86    537.000    532.067     5.1554     5.1511    -0.0043     5.1121     5.1078    -0.0043   3.313329   3.312949  -0.000436    34.1879    34.1872     6.0027    27.0184    27.0184    34.1888    27.0192    1479.14    1479.12     5.1120  1029.4910    34.3518 0.0000e+00
      49297 291.414838  -42.62326  -54.96010     -0.922    1484.86    536.000    531.078     5.1570     5.1564    -0.0005     5.1137     5.1132    -0.0005   3.313389   3.313313  -0.000098    34.1875    34.1869     6.0089    27.0180    27.0175    34.1884    27.0187    1479.13    1479.13     5.1136  1029.4859    34.3514 0.0000e+00
      49322 291.414850  -42.62326  -54.96008     -0.958    1484.86    535.000    530.088     5.1585     5.1599     0.0014     5.1154     5.1168     0.0014   3.313477   3.313541   0.000056    34.1875    34.1867     6.0133    27.0178    27.0169    34.1883    27.0184    1479.12    1479.13     5.1152  1029.4810    34.3513 0.0000e+00
      49350 291.414864  -42.62328  -54.96008     -0.886    1484.86    534.000    529.099     5.1637     5.1621    -0.0016     5.1207     5.1191    -0.0016   3.313972   3.313723  -0.000237    34.1877    34.1867     6.0116    27.0173    27.0167    34.1892    27.0185    1479.13    1479.12     5.1205  1029.4764    34.3522 0.0000e+00
      49378 291.414877  -42.62328  -54.96008     -0.844    1484.86    533.000    528.109     5.1734     5.1699    -0.0036     5.1304     5.1268    -0.0036   3.314840   3.314376  -0.000410    34.1882    34.1872     6.0162    27.0166    27.0162    34.1898    27.0178    1479.15    1479.13     5.1303  1029.4711    34.3527 0.0000e+00
      49403 291.414889  -42.62328  -54.96008     -0.922    1484.86    532.000    527.119     5.1806     5.1785    -0.0021     5.1376     5.1355    -0.0021   3.315477   3.315362  -0.000266    34.1887    34.1878     6.0136    27.0162    27.0157    34.1902    27.0173    1479.16    1479.16     5.1375  1029.4659    34.3532 0.0000e+00
      49425 291.414900  -42.62328  -54.96008     -1.036    1484.86    531.000    526.130     5.2018     5.1961    -0.0057     5.1588     5.1531    -0.0057   3.317823   3.316940  -0.000842    34.1928    34.1890     6.0109    27.0170    27.0146    34.1961    27.0195    1479.24    1479.21     5.1587  1029.4632    34.3591 0.0000e+00
      49447 291.414910  -42.62328  -54.96008     -1.095    1484.86    530.000    525.141     5.2178     5.2109    -0.0069     5.1748     5.1679    -0.0069   3.319241   3.318285  -0.000771    34.1926    34.1908     6.0115    27.0148    27.0142    34.1965    27.0180    1479.29    1479.26     5.1747  1029.4569    34.3596 0.0000e+00
      49473 291.414923  -42.62330  -54.96008     -1.008    1484.86    529.000    524.151     5.2285     5.2008    -0.0276     5.1855     5.1580    -0.0275   3.320138   3.317262  -0.002673    34.1941    34.1916     6.0088    27.0148    27.0161    34.1964    27.0167    1479.32    1479.20     5.1854  1029.4509    34.3594 0.0000e+00
      49503 291.414938  -42.62330  -54.96007     -0.797    1484.86    528.000    523.161     5.2548     5.2301    -0.0247     5.2118     5.1872    -0.0246   3.322582   3.320202  -0.002597    34.1947    34.1901     5.9846    27.0122    27.0114    34.1981    27.0149    1479.41    1479.31     5.2117  1029.4442    34.3611 0.0000e+00
      49529 291.414950  -42.62330  -54.96006     -0.848    1484.86    527.000    522.172     5.2589     5.2626     0.0037     5.2160     5.2197     0.0037   3.322929   3.323213   0.000179    34.1959    34.1942     5.9723    27.0128    27.0109    34.1984    27.0147    1479.41    1479.42     5.2159  1029.4393    34.3614 0.0000e+00
