Pos-Processados/process_op42/Processamento_split/up/uoperantar42_012.cnv
* Sea-Bird SBE 9 Data File:
* FileName = C:\Users\Hidrografia\Desktop\OPXLII\Brutos\OP42012.hdr
* Software Version Seasave V 7.26.7.107
* Temperature SN = 6502
* Conductivity SN = 4998
* Number of Bytes Per Scan = 31
* Number of Voltage Words = 2
* Number of Scans Averaged by the Deck Unit = 1
* NMEA Latitude = 45 45.00 S
* NMEA Longitude = 055 01.26 W
* NMEA UTC (Time) = Oct 19 2023 15:31:14
* NMEA baud rate = 4800
** H41
** NPOALTEMAXIMIANO
** NUMERO DA ESTACAO (XXX) 012
** LAT (XX XX.XX S/N) 45 44.898 S
** LONG (XXX XX.XX W/E) 055 00.940 W
** DATAHORA (dd/mm/aaaa hh:mm Z) 19/10/2023 15:24 Z
** PROFUNDIDADE (m) 5690
** OPERADOR 1T ZAMITH
# nquan = 30
# nvalues = 1007                        
# units = specified
# name 0 = scan: Scan Count
# name 1 = timeJ: Julian Days
# name 2 = latitude: Latitude [deg]
# name 3 = longitude: Longitude [deg]
# name 4 = dz/dtM: Descent Rate [m/s]
# name 5 = avgsvCM: Average Sound Velocity [Chen-Millero, m/s]
# name 6 = prDM: Pressure, Digiquartz [db]
# name 7 = depSM: Depth [salt water, m]
# name 8 = t090C: Temperature [ITS-90, deg C]
# name 9 = t190C: Temperature, 2 [ITS-90, deg C]
# name 10 = T2-T190C: Temperature Difference, 2 - 1 [ITS-90, deg C]
# name 11 = potemp090C: Potential Temperature [ITS-90, deg C]
# name 12 = potemp190C: Potential Temperature, 2 [ITS-90, deg C]
# name 13 = potemp90Cdiff: Potential Temperature, Diff, 2 - 1 [ITS-90, deg C]
# name 14 = c0S/m: Conductivity [S/m]
# name 15 = c1S/m: Conductivity, 2 [S/m]
# name 16 = C2-C1S/m: Conductivity Difference, 2 - 1 [S/m]
# name 17 = sal00: Salinity, Practical [PSU]
# name 18 = sal11: Salinity, Practical, 2 [PSU]
# name 19 = sbeox0ML/L: Oxygen, SBE 43 [ml/l]
# name 20 = sigma-é00: Density [sigma-theta, kg/m^3]
# name 21 = sigma-é11: Density, 2 [sigma-theta, kg/m^3]
# name 22 = sal00: Salinity, Practical [PSU]
# name 23 = sigma-é00: Density [sigma-theta, kg/m^3]
# name 24 = svCM: Sound Velocity [Chen-Millero, m/s]
# name 25 = svCM1: Sound Velocity, 2 [Chen-Millero, m/s]
# name 26 = gsw_ptA0: potential temperature [ITS-90, deg C]
# name 27 = gsw_densityA0: density, TEOS-10 [density, kg/m^3]
# name 28 = gsw_saA0: Absolute Salinity [g/kg]
# name 29 = flag:
# span 0 =      29335,      63010       
# span 1 = 292.660836, 292.677076       
# span 2 =  -45.76244,  -45.75587       
# span 3 =  -55.02235,  -55.02077       
# span 4 =     -1.303,     -0.249       
# span 5 =    1472.17,    1472.17       
# span 6 =      5.000,   1011.000       
# span 7 =      4.972,   1000.282       
# span 8 =     2.6465,     8.3582       
# span 9 =     2.6478,     8.3598       
# span 10 =    -0.2307,     0.2100      
# span 11 =     2.5828,     8.3577      
# span 12 =     2.5841,     8.3593      
# span 13 =    -0.2306,     0.2099      
# span 14 =   3.132121,   3.571820      
# span 15 =   3.132163,   3.571789      
# span 16 =  -0.019619,   0.017965      
# span 17 =    34.0473,    34.5092      
# span 18 =    34.0470,    34.5084      
# span 19 =     3.8938,     7.0308      
# span 20 =    26.5251,    27.5297      
# span 21 =    26.5235,    27.5289      
# span 22 =    34.0501,    34.5092      
# span 23 =    26.5266,    27.5296      
# span 24 =    1469.26,    1482.81      
# span 25 =    1469.26,    1482.82      
# span 26 =     2.5827,     8.3577      
# span 27 =  1026.5515,  1032.2225      
# span 28 =    34.2111,    34.6763      
# span 29 = 0.0000e+00, 0.0000e+00      
# interval = decibars: 1                
# start_time = Oct 19 2023 15:31:14 [NMEA time, header]
# bad_flag = -9.990e-29
*END*
[from data line 291]
      36927 292.664498  -45.75739  -55.02098     -1.077    1472.17    720.000    712.867     2.9835     2.9833    -0.0002     2.9365     2.9363    -0.0002   3.143519   3.143375  -0.000141    34.3479    34.3464     4.4780    27.3703    27.3691    34.3479    27.3703    1473.30    1473.30     2.9364  1030.7178    34.5129 0.0000e+00
      36950 292.664509  -45.75740  -55.02098     -1.065    1472.17    719.000    711.879     2.9782     2.9825     0.0043     2.9313     2.9356     0.0043   3.142858   3.143250   0.000348    34.3468    34.3464     4.4867    27.3698    27.3692    34.3461    27.3693    1473.26    1473.28     2.9312  1030.7123    34.5110 0.0000e+00
      36975 292.664521  -45.75740  -55.02098     -1.011    1472.17    718.000    710.890     2.9719     2.9778     0.0058     2.9252     2.9310     0.0058   3.142145   3.142700   0.000558    34.3452    34.3457     4.4874    27.3691    27.3690    34.3446    27.3687    1473.21    1473.24     2.9251  1030.7072    34.5095 0.0000e+00
      36999 292.664532  -45.75740  -55.02098     -0.985    1472.17    717.000    709.902     2.9680     2.9709     0.0029     2.9213     2.9242     0.0029   3.141688   3.141924   0.000263    34.3444    34.3445     4.4906    27.3688    27.3687    34.3437    27.3683    1473.18    1473.19     2.9212  1030.7023    34.5086 0.0000e+00
      37022 292.664543  -45.75741  -55.02098     -1.014    1472.17    716.000    708.914     2.9648     2.9660     0.0013     2.9182     2.9194     0.0013   3.141321   3.141364   0.000047    34.3437    34.3430     4.4915    27.3686    27.3679    34.3433    27.3682    1473.15    1473.15     2.9181  1030.6977    34.5081 0.0000e+00
      37045 292.664554  -45.75742  -55.02098     -1.049    1472.17    715.000    707.925     2.9643     2.9666     0.0023     2.9177     2.9200     0.0023   3.141150   3.141216   0.000069    34.3426    34.3410     4.4928    27.3677    27.3663    34.3423    27.3675    1473.13    1473.13     2.9176  1030.6923    34.5071 0.0000e+00
      37071 292.664567  -45.75742  -55.02098     -0.990    1472.17    714.000    706.937     2.9656     2.9663     0.0007     2.9191     2.9198     0.0007   3.141118   3.141142   0.000032    34.3412    34.3408     4.4999    27.3665    27.3661    34.3410    27.3663    1473.12    1473.12     2.9191  1030.6865    34.5058 0.0000e+00
      37105 292.664584  -45.75742  -55.02098     -0.747    1472.17    713.000    705.948     2.9663     2.9669     0.0005     2.9199     2.9205     0.0005   3.141065   3.141130   0.000065    34.3402    34.3405     4.5031    27.3657    27.3658    34.3401    27.3655    1473.10    1473.10     2.9198  1030.6811    34.5049 0.0000e+00
      37142 292.664601  -45.75743  -55.02098     -0.630    1472.17    712.000    704.960     2.9675     2.9682     0.0007     2.9212     2.9218     0.0007   3.141071   3.141106   0.000048    34.3395    34.3394     4.5171    27.3650    27.3648    34.3394    27.3649    1473.09    1473.09     2.9211  1030.6758    34.5043 0.0000e+00
      37167 292.664613  -45.75744  -55.02098     -0.832    1472.17    711.000    703.971     2.9684     2.9705     0.0021     2.9221     2.9242     0.0021   3.141111   3.141173   0.000052    34.3395    34.3379     4.5250    27.3648    27.3634    34.3395    27.3649    1473.07    1473.08     2.9220  1030.6712    34.5044 0.0000e+00
      37186 292.664623  -45.75744  -55.02098     -1.065    1472.17    710.000    702.983     2.9714     2.9749     0.0035     2.9252     2.9287     0.0035   3.141293   3.141437   0.000114    34.3389    34.3365     4.5225    27.3641    27.3619    34.3391    27.3643    1473.07    1473.08     2.9251  1030.6659    34.5039 0.0000e+00
      37205 292.664632  -45.75744  -55.02098     -1.220    1472.17    709.000    701.995     2.9755     2.9818     0.0063     2.9293     2.9356     0.0063   3.141539   3.141875   0.000341    34.3375    34.3350     4.5252    27.3626    27.3600    34.3383    27.3632    1473.07    1473.09     2.9292  1030.6602    34.5031 0.0000e+00
      37225 292.664641  -45.75746  -55.02098     -1.256    1472.17    708.000    701.006     2.9835     2.9839     0.0005     2.9373     2.9378     0.0005   3.142073   3.141987  -0.000045    34.3361    34.3351     4.5236    27.3608    27.3600    34.3368    27.3613    1473.09    1473.09     2.9373  1030.6535    34.5016 0.0000e+00
      37249 292.664653  -45.75746  -55.02098     -1.124    1472.17    707.000    700.018     2.9895     2.9827    -0.0068     2.9434     2.9366    -0.0067   3.142465   3.141865  -0.000514    34.3347    34.3357     4.5258    27.3591    27.3605    34.3357    27.3599    1473.10    1473.07     2.9433  1030.6474    34.5005 0.0000e+00
      37277 292.664666  -45.75746  -55.02098     -0.905    1472.17    706.000    699.029     2.9962     2.9863    -0.0099     2.9501     2.9403    -0.0099   3.142963   3.142161  -0.000847    34.3344    34.3346     4.5348    27.3583    27.3593    34.3352    27.3589    1473.11    1473.07     2.9501  1030.6416    34.4999 0.0000e+00
      37303 292.664679  -45.75746  -55.02098     -0.884    1472.17    705.000    698.041     2.9972     2.9973     0.0001     2.9512     2.9513     0.0001   3.142965   3.142904  -0.000069    34.3340    34.3331     4.5394    27.3579    27.3571    34.3347    27.3584    1473.09    1473.09     2.9511  1030.6365    34.4994 0.0000e+00
      37328 292.664691  -45.75746  -55.02098     -0.944    1472.17    704.000    697.052     2.9972     2.9980     0.0009     2.9512     2.9521     0.0009   3.142911   3.142886  -0.000033    34.3342    34.3329     4.5441    27.3580    27.3569    34.3346    27.3583    1473.08    1473.08     2.9512  1030.6318    34.4994 0.0000e+00
      37354 292.664703  -45.75746  -55.02100     -0.944    1472.17    703.000    696.064     2.9969     2.9976     0.0008     2.9510     2.9518     0.0008   3.142800   3.142796  -0.000013    34.3338    34.3328     4.5547    27.3577    27.3569    34.3341    27.3580    1473.06    1473.06     2.9509  1030.6268    34.4989 0.0000e+00
      37380 292.664716  -45.75748  -55.02098     -0.920    1472.17    702.000    695.075     2.9955     2.9971     0.0016     2.9497     2.9513     0.0016   3.142605   3.142682   0.000072    34.3336    34.3328     4.5590    27.3576    27.3569    34.3337    27.3578    1473.04    1473.04     2.9496  1030.6203    34.4963 0.0000e+00
      37405 292.664728 -9.990e-29  -55.02099     -0.934    1472.17    701.000    694.087     2.9952     2.9964     0.0012     2.9495     2.9506     0.0012   3.142518   3.142543   0.000026    34.3332    34.3323     4.5578    27.3574    27.3565    34.3335    27.3576    1473.02    1473.02     2.9494  1030.6153    34.4957 0.0000e+00
      37431 292.664740 -9.990e-29  -55.02100     -0.946    1472.17    700.000    693.098     2.9971     2.9981     0.0010     2.9514     2.9524     0.0010   3.142588   3.142577  -0.000011    34.3326    34.3313     4.5506    27.3567    27.3556    34.3329    27.3569    1473.01    1473.01     2.9514  1030.6100    34.4951 0.0000e+00
      37457 292.664753 -9.990e-29  -55.02100     -0.918    1472.17    699.000    692.110     2.9984     2.9995     0.0011     2.9528     2.9539     0.0011   3.142581   3.142594   0.000014    34.3317    34.3306     4.5488    27.3559    27.3549    34.3320    27.3561    1473.00    1473.00     2.9527  1030.6045    34.4942 0.0000e+00
      37483 292.664766  -45.75750  -55.02100     -0.906    1472.17    698.000    691.121     3.0001     3.0004     0.0003     2.9545     2.9548     0.0003   3.142634   3.142596  -0.000030    34.3310    34.3304     4.5532    27.3552    27.3546    34.3313    27.3554    1472.99    1472.99     2.9545  1030.6012    34.4961 0.0000e+00
      37508 292.664778  -45.75750  -55.02100     -0.954    1472.17    697.000    690.132     3.0015     3.0007    -0.0008     2.9561     2.9552    -0.0008   3.142745   3.142644  -0.000113    34.3313    34.3308     4.5605    27.3552    27.3549    34.3317    27.3556    1472.98    1472.97     2.9560  1030.5967    34.4964 0.0000e+00
      37532 292.664789  -45.75751  -55.02100     -0.994    1472.17    696.000    689.145     3.0052     3.0036    -0.0016     2.9598     2.9582    -0.0016   3.143011   3.142787  -0.000196    34.3309    34.3302     4.5660    27.3546    27.3542    34.3315    27.3551    1472.98    1472.97     2.9597  1030.5915    34.4963 0.0000e+00
      37556 292.664801  -45.75752  -55.02100     -0.997    1472.17    695.000    688.156     3.0079     3.0083     0.0005     2.9625     2.9630     0.0005   3.143153   3.143119  -0.000055    34.3306    34.3294     4.5597    27.3541    27.3531    34.3310    27.3544    1472.97    1472.97     2.9624  1030.5862    34.4957 0.0000e+00
      37580 292.664812  -45.75752  -55.02100     -0.991    1472.17    694.000    687.167     3.0122     3.0117    -0.0005     2.9669     2.9664    -0.0005   3.143512   3.143343  -0.000139    34.3301    34.3290     4.5664    27.3533    27.3525    34.3313    27.3542    1472.97    1472.97     2.9668  1030.5813    34.4959 0.0000e+00
      37604 292.664824  -45.75752  -55.02100     -1.001    1472.17    693.000    686.179     3.0208     3.0202    -0.0006     2.9755     2.9749    -0.0006   3.144187   3.144044  -0.000166    34.3297    34.3283     4.5709    27.3523    27.3512    34.3309    27.3532    1472.99    1472.99     2.9754  1030.5755    34.4956 0.0000e+00
      37629 292.664836  -45.75753  -55.02100     -0.987    1472.17    692.000    685.190     3.0284     3.0286     0.0003     2.9831     2.9834     0.0003   3.144727   3.144677  -0.000040    34.3287    34.3279     4.5756    27.3508    27.3501    34.3300    27.3517    1473.01    1473.01     2.9831  1030.5693    34.4946 0.0000e+00
      37662 292.664852  -45.75754  -55.02100     -0.806    1472.17    691.000    684.202     3.0373     3.0276    -0.0097     2.9921     2.9824    -0.0096   3.145332   3.144515  -0.000769    34.3271    34.3280     4.5746    27.3486    27.3503    34.3283    27.3496    1473.03    1472.99     2.9920  1030.5624    34.4930 0.0000e+00
      37700 292.664870  -45.75754  -55.02100     -0.617    1472.17    690.000    683.214     3.0418     3.0332    -0.0086     2.9966     2.9881    -0.0086   3.145641   3.144901  -0.000763    34.3269    34.3268     4.5769    27.3481    27.3487    34.3278    27.3488    1473.03    1472.99     2.9966  1030.5569    34.4925 0.0000e+00
      37729 292.664884  -45.75754  -55.02100     -0.756    1472.17    689.000    682.225     3.0412     3.0422     0.0010     2.9961     2.9971     0.0010   3.145510   3.145536   0.000001    34.3269    34.3259     4.5767    27.3481    27.3472    34.3274    27.3485    1473.01    1473.01     2.9961  1030.5520    34.4920 0.0000e+00
      37754 292.664896  -45.75754  -55.02100     -0.916    1472.17    688.000    681.236     3.0402     3.0431     0.0030     2.9951     2.9981     0.0029   3.145391   3.145549   0.000139    34.3270    34.3255     4.5858    27.3482    27.3468    34.3276    27.3488    1472.99    1473.00     2.9951  1030.5476    34.4923 0.0000e+00
      37777 292.664908  -45.75756  -55.02100     -0.990    1472.17    687.000    680.248     3.0444     3.0465     0.0022     2.9994     3.0015     0.0022   3.145684   3.145725   0.000050    34.3262    34.3246     4.5910    27.3473    27.3457    34.3273    27.3481    1472.99    1473.00     2.9993  1030.5423    34.4919 0.0000e+00
      37801 292.664919  -45.75756  -55.02100     -1.015    1472.17    686.000    679.259     3.0496     3.0486    -0.0011     3.0047     3.0036    -0.0011   3.145888   3.145784  -0.000107    34.3240    34.3238     4.5957    27.3450    27.3450    34.3247    27.3456    1472.99    1472.99     3.0046  1030.5350    34.4893 0.0000e+00
      37824 292.664930  -45.75757  -55.02100     -1.030    1472.17    685.000    678.271     3.0517     3.0517     0.0000     3.0068     3.0068     0.0000   3.145966   3.145915  -0.000053    34.3232    34.3225     4.5909    27.3442    27.3437    34.3240    27.3448    1472.98    1472.98     3.0067  1030.5297    34.4886 0.0000e+00
      37847 292.664941  -45.75758  -55.02100     -1.052    1472.17    684.000    677.282     3.0532     3.0545     0.0013     3.0084     3.0097     0.0013   3.145981   3.146000   0.000011    34.3225    34.3213     4.5966    27.3435    27.3424    34.3231    27.3440    1472.97    1472.98     3.0083  1030.5242    34.4877 0.0000e+00
      37871 292.664953  -45.75758  -55.02100     -1.037    1472.17    683.000    676.293     3.0532     3.0541     0.0010     3.0084     3.0094     0.0010   3.145862   3.145905   0.000034    34.3219    34.3212     4.6072    27.3430    27.3424    34.3222    27.3433    1472.95    1472.96     3.0084  1030.5188    34.4868 0.0000e+00
      37898 292.664966  -45.75758  -55.02100     -0.927    1472.17    682.000    675.305     3.0529     3.0530     0.0001     3.0082     3.0083     0.0001   3.145687   3.145715   0.000034    34.3205    34.3209     4.6114    27.3419    27.3422    34.3210    27.3423    1472.93    1472.94     3.0081  1030.5132    34.4855 0.0000e+00
      37931 292.664982  -45.75758  -55.02101     -0.763    1472.17    681.000    674.316     3.0552     3.0529    -0.0023     3.0106     3.0083    -0.0023   3.145774   3.145655  -0.000115    34.3195    34.3205     4.6157    27.3409    27.3419    34.3201    27.3413    1472.93    1472.92     3.0105  1030.5077    34.4846 0.0000e+00
      37966 292.664998  -45.75759  -55.02102     -0.688    1472.17    680.000    673.328     3.0592     3.0584    -0.0008     3.0147     3.0139    -0.0008   3.145986   3.145889  -0.000101    34.3184    34.3180     4.6192    27.3397    27.3394    34.3190    27.3401    1472.93    1472.92     3.0146  1030.5017    34.4835 0.0000e+00
      37996 292.665013  -45.75760  -55.02102     -0.753    1472.17    679.000    672.339     3.0592     3.0599     0.0007     3.0147     3.0154     0.0007   3.145908   3.145897  -0.000009    34.3183    34.3174     4.6245    27.3395    27.3388    34.3186    27.3398    1472.91    1472.91     3.0146  1030.4968    34.4831 0.0000e+00
      38023 292.665026  -45.75760  -55.02102     -0.850    1472.17    678.000    671.350     3.0597     3.0598     0.0001     3.0153     3.0154     0.0001   3.145891   3.145859  -0.000045    34.3180    34.3173     4.6331    27.3393    27.3387    34.3183    27.3395    1472.90    1472.89     3.0152  1030.4919    34.4829 0.0000e+00
      38049 292.665038  -45.75762  -55.02102     -0.923    1472.17    677.000    670.362     3.0596     3.0613     0.0017     3.0153     3.0170     0.0017   3.145826   3.145877   0.000046    34.3178    34.3166     4.6360    27.3392    27.3380    34.3181    27.3394    1472.88    1472.88     3.0152  1030.4872    34.4827 0.0000e+00
      38073 292.665050  -45.75762  -55.02102     -0.972    1472.17    676.000    669.374     3.0601     3.0613     0.0012     3.0158     3.0170     0.0012   3.145814   3.145822   0.000008    34.3177    34.3166     4.6360    27.3390    27.3379    34.3180    27.3392    1472.86    1472.87     3.0157  1030.4824    34.4826 0.0000e+00
      38097 292.665062  -45.75762  -55.02102     -0.988    1472.17    675.000    668.385     3.0603     3.0613     0.0011     3.0161     3.0171     0.0010   3.145765   3.145779   0.000011    34.3176    34.3166     4.6398    27.3389    27.3380    34.3178    27.3390    1472.85    1472.85     3.0160  1030.4776    34.4823 0.0000e+00
      38123 292.665074  -45.75762  -55.02102     -0.959    1472.17    674.000    667.396     3.0602     3.0614     0.0012     3.0161     3.0172     0.0012   3.145709   3.145726   0.000014    34.3175    34.3165     4.6433    27.3388    27.3379    34.3177    27.3389    1472.83    1472.83     3.0160  1030.4729    34.4822 0.0000e+00
