Pos-Processados/process_op42/Processamento_split/up/uoperantar42_038.cnv
* Sea-Bird SBE 9 Data File:
* FileName = C:\Users\Hidrografia\Desktop\OPXLII\Brutos\OP42038.hdr
* Software Version Seasave V 7.26.7.107
* Temperature SN = 6502
* Conductivity SN = 4998
* Number of Bytes Per Scan = 37
* Number of Voltage Words = 4
* Number of Scans Averaged by the Deck Unit = 1
* NMEA Latitude = 62 08.57 S
* NMEA Longitude = 058 26.33 W
* NMEA UTC (Time) = Nov 09 2023 13:11:55
* NMEA baud rate = 4800
** H41
** NPOALTEMAXIMIANO
** NUMERO DA ESTACAO (XXX) 038
** LAT (XX XX.XX S/N) 62 08.14 S
** LONG (XXX XX.XX W/E) 058 26.57 W
** DATAHORA (dd/mm/aaaa hh:mm Z) 09/11/2023 1305Z
** PROFUNDIDADE (m) 400
** OPERADOR 1T ZAMITH
# nquan = 30
# nvalues = 345                         
# units = specified
# name 0 = scan: Scan Count
# name 1 = timeJ: Julian Days
# name 2 = latitude: Latitude [deg]
# name 3 = longitude: Longitude [deg]
# name 4 = dz/dtM: Descent Rate [m/s]
# name 5 = avgsvCM: Average Sound Velocity [Chen-Millero, m/s]
# name 6 = prDM: Pressure, Digiquartz [db]
# name 7 = depSM: Depth [salt water, m]
# name 8 = t090C: Temperature [ITS-90, deg C]
# name 9 = t190C: Temperature, 2 [ITS-90, deg C]
# name 10 = T2-T190C: Temperature Difference, 2 - 1 [ITS-90, deg C]
# name 11 = potemp090C: Potential Temperature [ITS-90, deg C]
# name 12 = potemp190C: Potential Temperature, 2 [ITS-90, deg C]
# name 13 = potemp90Cdiff: Potential Temperature, Diff, 2 - 1 [ITS-90, deg C]
# name 14 = c0S/m: Conductivity [S/m]
# name 15 = c1S/m: Conductivity, 2 [S/m]
# name 16 = C2-C1S/m: Conductivity Difference, 2 - 1 [S/m]
# name 17 = sal00: Salinity, Practical [PSU]
# name 18 = sal11: Salinity, Practical, 2 [PSU]
# name 19 = sbeox0ML/L: Oxygen, SBE 43 [ml/l]
# name 20 = sigma-é00: Density [sigma-theta, kg/m^3]
# name 21 = sigma-é11: Density, 2 [sigma-theta, kg/m^3]
# name 22 = sal00: Salinity, Practical [PSU]
# name 23 = sigma-é00: Density [sigma-theta, kg/m^3]
# name 24 = svCM: Sound Velocity [Chen-Millero, m/s]
# name 25 = svCM1: Sound Velocity, 2 [Chen-Millero, m/s]
# name 26 = gsw_ptA0: potential temperature [ITS-90, deg C]
# name 27 = gsw_densityA0: density, TEOS-10 [density, kg/m^3]
# name 28 = gsw_saA0: Absolute Salinity [g/kg]
# name 29 = flag:
# span 0 =      13262,      22359       
# span 1 = 313.556337, 313.560724       
# span 2 =  -62.14691,  -62.14527       
# span 3 =  -58.43562,  -58.43374       
# span 4 =     -1.323,     -0.304       
# span 5 =    1448.17,    1448.17       
# span 6 =      4.000,    348.000       
# span 7 =      3.970,    344.359       
# span 8 =    -0.8266,    -0.5173       
# span 9 =    -0.8258,    -0.5183       
# span 10 =    -0.0095,     0.0072      
# span 11 =    -0.8317,    -0.5289      
# span 12 =    -0.8308,    -0.5298      
# span 13 =    -0.0095,     0.0071      
# span 14 =   2.789942,   2.830524      
# span 15 =   2.789907,   2.830322      
# span 16 =  -0.000880,   0.000633      
# span 17 =    34.2804,    34.4003      
# span 18 =    34.2786,    34.3991      
# span 19 =     6.6977,     7.6501      
# span 20 =    27.5523,    27.6478      
# span 21 =    27.5513,    27.6469      
# span 22 =    34.2809,    34.4005      
# span 23 =    27.5524,    27.6481      
# span 24 =    1445.68,    1451.57      
# span 25 =    1445.68,    1451.58      
# span 26 =    -0.8315,    -0.5286      
# span 27 =  1027.5749,  1029.3121      
# span 28 =    34.4433,    34.5686      
# span 29 = 0.0000e+00, 0.0000e+00      
# interval = decibars: 1                
# start_time = Nov 09 2023 13:11:55 [NMEA time, header]
# bad_flag = -9.990e-29
*END*
[from data line 146]
      17169 313.558221  -62.14596  -58.43476     -0.987    1448.17    202.000    199.964    -0.7762    -0.7719     0.0042    -0.7822    -0.7780     0.0042   2.796146   2.796506   0.000342    34.3189    34.3187     7.3475    27.5927    27.5924    34.3178    27.5919    1447.90    1447.92    -0.7821  1028.5636    34.4850 0.0000e+00
      17195 313.558234  -62.14596  -58.43476     -0.947    1448.17    201.000    198.975    -0.7789    -0.7777     0.0012    -0.7849    -0.7837     0.0012   2.795866   2.795894   0.000041    34.3184    34.3176     7.3434    27.5925    27.5918    34.3177    27.5919    1447.87    1447.88    -0.7847  1028.5589    34.4849 0.0000e+00
      17224 313.558248  -62.14596  -58.43474     -0.867    1448.17    200.000    197.985    -0.7832    -0.7792     0.0040    -0.7891    -0.7852     0.0040   2.795369   2.795690   0.000308    34.3174    34.3171     7.3671    27.5919    27.5914    34.3164    27.5910    1447.84    1447.85    -0.7890  1028.5534    34.4837 0.0000e+00
      17253 313.558262  -62.14597  -58.43474     -0.812    1448.17    199.000    196.996    -0.7849    -0.7828     0.0021    -0.7908    -0.7887     0.0021   2.795141   2.795282   0.000155    34.3167    34.3164     7.3767    27.5913    27.5910    34.3159    27.5907    1447.81    1447.82    -0.7906  1028.5482    34.4831 0.0000e+00
      17280 313.558275  -62.14598  -58.43474     -0.865    1448.17    198.000    196.006    -0.7882    -0.7844     0.0038    -0.7941    -0.7903     0.0038   2.794764   2.795054   0.000278    34.3161    34.3156     7.3744    27.5910    27.5904    34.3151    27.5902    1447.78    1447.80    -0.7939  1028.5430    34.4823 0.0000e+00
      17303 313.558286  -62.14598  -58.43473     -0.958    1448.17    197.000    195.017    -0.7904    -0.7873     0.0031    -0.7962    -0.7931     0.0031   2.794512   2.794727   0.000209    34.3157    34.3150     7.3889    27.5908    27.5901    34.3148    27.5901    1447.75    1447.77    -0.7961  1028.5381    34.4820 0.0000e+00
      17326 313.558297  -62.14598  -58.43472     -1.032    1448.17    196.000    194.027    -0.7932    -0.7902     0.0030    -0.7990    -0.7960     0.0030   2.794200   2.794415   0.000223    34.3153    34.3149     7.3867    27.5905    27.5901    34.3145    27.5899    1447.72    1447.74    -0.7989  1028.5331    34.4816 0.0000e+00
      17350 313.558309  -62.14599  -58.43472     -1.037    1448.17    195.000    193.038    -0.7949    -0.7929     0.0021    -0.8007    -0.7986     0.0021   2.793998   2.794112   0.000127    34.3150    34.3144     7.3805    27.5904    27.5898    34.3143    27.5898    1447.70    1447.71    -0.8005  1028.5283    34.4815 0.0000e+00
      17377 313.558322  -62.14600  -58.43472     -0.934    1448.17    194.000    192.048    -0.7959    -0.7936     0.0024    -0.8017    -0.7993     0.0023   2.793848   2.794012   0.000163    34.3147    34.3142     7.3912    27.5901    27.5897    34.3140    27.5896    1447.67    1447.69    -0.8015  1028.5233    34.4812 0.0000e+00
      17408 313.558337  -62.14600  -58.43470     -0.807    1448.17    193.000    191.059    -0.7967    -0.7954     0.0013    -0.8024    -0.8011     0.0013   2.793728   2.793793   0.000074    34.3144    34.3139     7.4002    27.5899    27.5895    34.3139    27.5896    1447.66    1447.66    -0.8023  1028.5185    34.4811 0.0000e+00
      17436 313.558350  -62.14600  -58.43470     -0.813    1448.17    192.000    190.069    -0.7970    -0.7958     0.0012    -0.8027    -0.8015     0.0012   2.793637   2.793676   0.000037    34.3141    34.3133     7.3945    27.5898    27.5890    34.3136    27.5893    1447.64    1447.64    -0.8025  1028.5119    34.4788 0.0000e+00
      17462 313.558363 -9.990e-29  -58.43470     -0.895    1448.17    191.000    189.080    -0.7985    -0.7964     0.0021    -0.8041    -0.8020     0.0021   2.793424   2.793562   0.000126    34.3138    34.3130     7.4059    27.5895    27.5888    34.3130    27.5889    1447.61    1447.62    -0.8040  1028.5040    34.4748 0.0000e+00
      17486 313.558374 -9.990e-29  -58.43469     -0.980    1448.17    190.000    188.090    -0.8008    -0.7991     0.0017    -0.8064    -0.8047     0.0017   2.793189   2.793264   0.000087    34.3137    34.3129     7.4089    27.5895    27.5888    34.3131    27.5890    1447.59    1447.59    -0.8062  1028.4994    34.4749 0.0000e+00
      17510 313.558386 -9.990e-29  -58.43468     -0.995    1448.17    189.000    187.101    -0.8034    -0.8007     0.0027    -0.8090    -0.8063     0.0027   2.792894   2.793058   0.000158    34.3134    34.3125     7.3973    27.5895    27.5886    34.3127    27.5888    1447.56    1447.57    -0.8088  1028.4944    34.4745 0.0000e+00
      17538 313.558399  -62.14602  -58.43468     -0.909    1448.17    188.000    186.111    -0.8062    -0.8032     0.0030    -0.8117    -0.8087     0.0030   2.792635   2.792807   0.000184    34.3134    34.3125     7.4095    27.5895    27.5887    34.3129    27.5891    1447.53    1447.54    -0.8116  1028.4919    34.4771 0.0000e+00
      17566 313.558413  -62.14603  -58.43468     -0.844    1448.17    187.000    185.122    -0.8094    -0.8072     0.0022    -0.8149    -0.8126     0.0022   2.792279   2.792393   0.000108    34.3133    34.3122     7.4204    27.5895    27.5886    34.3123    27.5888    1447.50    1447.50    -0.8147  1028.4892    34.4795 0.0000e+00
      17592 313.558425  -62.14604  -58.43467     -0.895    1448.17    186.000    184.132    -0.8103    -0.8088     0.0015    -0.8157    -0.8142     0.0015   2.792131   2.792203   0.000072    34.3126    34.3118     7.4112    27.5890    27.5883    34.3120    27.5885    1447.48    1447.48    -0.8156  1028.4841    34.4791 0.0000e+00
      17616 313.558437  -62.14604  -58.43466     -0.975    1448.17    185.000    183.143    -0.8119    -0.8099     0.0021    -0.8174    -0.8153     0.0021   2.791904   2.792039   0.000110    34.3124    34.3115     7.4128    27.5889    27.5881    34.3114    27.5881    1447.45    1447.46    -0.8172  1028.4790    34.4785 0.0000e+00
      17641 313.558449  -62.14604  -58.43466     -0.975    1448.17    184.000    182.153    -0.8178    -0.8141     0.0037    -0.8232    -0.8195     0.0037   2.791372   2.791631   0.000257    34.3123    34.3116     7.4248    27.5891    27.5884    34.3115    27.5884    1447.41    1447.42    -0.8230  1028.4745    34.4786 0.0000e+00
      17669 313.558463  -62.14604  -58.43466     -0.897    1448.17    183.000    181.164    -0.8201    -0.8166     0.0035    -0.8254    -0.8219     0.0035   2.791136   2.791361   0.000232    34.3122    34.3114     7.4236    27.5891    27.5883    34.3115    27.5885    1447.38    1447.39    -0.8253  1028.4699    34.4786 0.0000e+00
      17696 313.558476  -62.14606  -58.43466     -0.863    1448.17    182.000    180.174    -0.8213    -0.8192     0.0021    -0.8266    -0.8245     0.0021   2.790961   2.791079   0.000124    34.3119    34.3112     7.4239    27.5889    27.5882    34.3111    27.5882    1447.36    1447.37    -0.8265  1028.4648    34.4782 0.0000e+00
      17722 313.558488  -62.14606  -58.43464     -0.915    1448.17    181.000    179.185    -0.8239    -0.8211     0.0027    -0.8291    -0.8264     0.0027   2.790658   2.790855   0.000193    34.3112    34.3107     7.4255    27.5885    27.5879    34.3105    27.5879    1447.33    1447.34    -0.8290  1028.4597    34.4777 0.0000e+00
      17745 313.558499  -62.14606  -58.43464     -0.982    1448.17    180.000    178.195    -0.8251    -0.8231     0.0020    -0.8303    -0.8283     0.0020   2.790498   2.790620   0.000130    34.3110    34.3105     7.4319    27.5883    27.5878    34.3104    27.5878    1447.31    1447.32    -0.8302  1028.4549    34.4775 0.0000e+00
      17769 313.558511  -62.14606  -58.43464     -1.009    1448.17    179.000    177.206    -0.8257    -0.8240     0.0017    -0.8309    -0.8292     0.0017   2.790411   2.790484   0.000077    34.3110    34.3102     7.4290    27.5884    27.5876    34.3104    27.5879    1447.29    1447.29    -0.8308  1028.4502    34.4775 0.0000e+00
      17796 313.558524  -62.14608  -58.43462     -0.951    1448.17    178.000    176.216    -0.8260    -0.8246     0.0014    -0.8312    -0.8298     0.0014   2.790333   2.790392   0.000063    34.3109    34.3101     7.4344    27.5883    27.5876    34.3104    27.5879    1447.27    1447.28    -0.8310  1028.4454    34.4775 0.0000e+00
      17824 313.558537  -62.14608  -58.43462     -0.868    1448.17    177.000    175.226    -0.8259    -0.8251     0.0008    -0.8311    -0.8303     0.0008   2.790287   2.790283   0.000003    34.3107    34.3098     7.4365    27.5881    27.5873    34.3103    27.5878    1447.25    1447.26    -0.8309  1028.4405    34.4774 0.0000e+00
      17850 313.558550  -62.14608  -58.43462     -0.890    1448.17    176.000    174.237    -0.8263    -0.8254     0.0010    -0.8314    -0.8305     0.0009   2.790198   2.790202   0.000005    34.3105    34.3096     7.4318    27.5880    27.5872    34.3102    27.5877    1447.24    1447.24    -0.8313  1028.4357    34.4773 0.0000e+00
      17875 313.558562  -62.14609  -58.43462     -0.951    1448.17    175.000    173.248    -0.8265    -0.8256     0.0009    -0.8316    -0.8307     0.0009   2.790135   2.790153   0.000018    34.3105    34.3097     7.4363    27.5880    27.5873    34.3101    27.5877    1447.22    1447.22    -0.8314  1028.4309    34.4772 0.0000e+00
      17899 313.558573  -62.14610  -58.43461     -0.981    1448.17    174.000    172.258    -0.8266    -0.8257     0.0009    -0.8317    -0.8308     0.0009   2.790080   2.790089   0.000013    34.3104    34.3096     7.4521    27.5879    27.5872    34.3102    27.5877    1447.20    1447.20    -0.8315  1028.4261    34.4772 0.0000e+00
      17923 313.558585  -62.14610  -58.43460     -0.996    1448.17    173.000    171.268    -0.8266    -0.8258     0.0008    -0.8316    -0.8308     0.0008   2.790016   2.790017   0.000005    34.3101    34.3093     7.4438    27.5876    27.5870    34.3098    27.5874    1447.18    1447.19    -0.8315  1028.4211    34.4769 0.0000e+00
      17947 313.558597  -62.14610  -58.43460     -0.997    1448.17    172.000    170.279    -0.8264    -0.8257     0.0007    -0.8314    -0.8307     0.0007   2.789967   2.789968   0.000003    34.3098    34.3091     7.4375    27.5874    27.5868    34.3096    27.5872    1447.17    1447.17    -0.8312  1028.4160    34.4766 0.0000e+00
      17972 313.558609  -62.14610  -58.43459     -0.987    1448.17    171.000    169.289    -0.8258    -0.8254     0.0004    -0.8307    -0.8303     0.0004   2.789946   2.789923  -0.000021    34.3094    34.3086     7.4385    27.5870    27.5864    34.3092    27.5869    1447.16    1447.16    -0.8306  1028.4110    34.4763 0.0000e+00
      17997 313.558621  -62.14611  -58.43458     -0.958    1448.17    170.000    168.300    -0.8250    -0.8245     0.0005    -0.8299    -0.8294     0.0005   2.789942   2.789907  -0.000026    34.3089    34.3080     7.4522    27.5866    27.5858    34.3089    27.5866    1447.14    1447.14    -0.8298  1028.4059    34.4760 0.0000e+00
      18022 313.558633  -62.14612  -58.43458     -0.955    1448.17    169.000    167.310    -0.8227    -0.8231    -0.0004    -0.8276    -0.8280    -0.0004   2.790059   2.789953  -0.000095    34.3083    34.3075     7.4527    27.5860    27.5854    34.3085    27.5862    1447.14    1447.13    -0.8275  1028.4006    34.4755 0.0000e+00
      18046 313.558644  -62.14612  -58.43458     -0.976    1448.17    168.000    166.321    -0.8149    -0.8199    -0.0050    -0.8198    -0.8248    -0.0050   2.790644   2.790146  -0.000441    34.3070    34.3067     7.4444    27.5846    27.5846    34.3082    27.5857    1447.16    1447.13    -0.8197  1028.3953    34.4753 0.0000e+00
      18070 313.558656  -62.14612  -58.43458     -1.002    1448.17    167.000    165.331    -0.8045    -0.8117    -0.0072    -0.8094    -0.8166    -0.0072   2.791290   2.790704  -0.000613    34.3050    34.3049     7.4445    27.5826    27.5828    34.3057    27.5832    1447.19    1447.15    -0.8092  1028.3880    34.4728 0.0000e+00
      18094 313.558667  -62.14612  -58.43457     -1.006    1448.17    166.000    164.342    -0.8012    -0.8042    -0.0030    -0.8061    -0.8091    -0.0030   2.791513   2.791188  -0.000304    34.3048    34.3040     7.4560    27.5823    27.5818    34.3057    27.5830    1447.18    1447.17    -0.8059  1028.3831    34.4727 0.0000e+00
      18119 313.558679  -62.14613  -58.43456     -0.985    1448.17    165.000    163.352    -0.7969    -0.8005    -0.0036    -0.8017    -0.8054    -0.0036   2.791820   2.791444  -0.000379    34.3047    34.3036     7.4535    27.5820    27.5813    34.3056    27.5828    1447.19    1447.17    -0.8016  1028.3780    34.4726 0.0000e+00
      18145 313.558692  -62.14614  -58.43456     -0.943    1448.17    164.000    162.362    -0.7932    -0.7971    -0.0039    -0.7980    -0.8018    -0.0039   2.792065   2.791683  -0.000381    34.3043    34.3036     7.4516    27.5816    27.5812    34.3052    27.5823    1447.19    1447.17    -0.7979  1028.3727    34.4722 0.0000e+00
      18170 313.558704  -62.14614  -58.43456     -0.931    1448.17    163.000    161.372    -0.7889    -0.7906    -0.0018    -0.7937    -0.7954    -0.0018   2.792373   2.792119  -0.000245    34.3041    34.3028     7.4691    27.5813    27.5802    34.3052    27.5821    1447.19    1447.18    -0.7935  1028.3677    34.4722 0.0000e+00
      18194 313.558716  -62.14614  -58.43454     -0.975    1448.17    162.000    160.383    -0.7858    -0.7874    -0.0016    -0.7906    -0.7921    -0.0016   2.792574   2.792355  -0.000229    34.3042    34.3029     7.4666    27.5812    27.5802    34.3051    27.5819    1447.19    1447.18    -0.7904  1028.3627    34.4720 0.0000e+00
      18216 313.558726  -62.14615  -58.43454     -1.046    1448.17    161.000    159.393    -0.7837    -0.7853    -0.0015    -0.7885    -0.7900    -0.0015   2.792673   2.792480  -0.000198    34.3038    34.3029     7.4570    27.5808    27.5801    34.3046    27.5815    1447.18    1447.18    -0.7883  1028.3575    34.4716 0.0000e+00
      18237 313.558736  -62.14616  -58.43454     -1.110    1448.17    160.000    158.403    -0.7830    -0.7835    -0.0005    -0.7877    -0.7882    -0.0005   2.792705   2.792567  -0.000136    34.3041    34.3028     7.4589    27.5810    27.5800    34.3048    27.5816    1447.17    1447.17    -0.7876  1028.3528    34.4718 0.0000e+00
      18259 313.558747  -62.14616  -58.43454     -1.125    1448.17    159.000    157.414    -0.7809    -0.7814    -0.0005    -0.7856    -0.7861    -0.0005   2.792827   2.792693  -0.000139    34.3040    34.3027     7.4699    27.5808    27.5798    34.3047    27.5814    1447.16    1447.16    -0.7854  1028.3479    34.4717 0.0000e+00
      18283 313.558759  -62.14616  -58.43453     -1.048    1448.17    158.000    156.424    -0.7795    -0.7813    -0.0019    -0.7841    -0.7859    -0.0019   2.792883   2.792630  -0.000233    34.3038    34.3028     7.4709    27.5806    27.5799    34.3044    27.5811    1447.16    1447.14    -0.7840  1028.3428    34.4714 0.0000e+00
      18310 313.558772  -62.14616  -58.43452     -0.916    1448.17    157.000    155.435    -0.7765    -0.7813    -0.0047    -0.7811    -0.7859    -0.0047   2.793048   2.792596  -0.000440    34.3032    34.3026     7.4525    27.5800    27.5797    34.3040    27.5806    1447.15    1447.13    -0.7810  1028.3375    34.4709 0.0000e+00
      18337 313.558785  -62.14617  -58.43452     -0.874    1448.17    156.000    154.445    -0.7746    -0.7764    -0.0018    -0.7792    -0.7809    -0.0018   2.793169   2.792945  -0.000248    34.3035    34.3022     7.4532    27.5801    27.5791    34.3040    27.5806    1447.15    1447.14    -0.7790  1028.3310    34.4689 0.0000e+00
