Pos-Processados/process_op42/Processamento_split/up/uoperantar42_039.cnv
* Sea-Bird SBE 9 Data File:
* FileName = C:\Users\Hidrografia\Desktop\OPXLII\Brutos\OP42039.hdr
* Software Version Seasave V 7.26.7.107
* Temperature SN = 6502
* Conductivity SN = 4998
* Number of Bytes Per Scan = 37
* Number of Voltage Words = 4
* Number of Scans Averaged by the Deck Unit = 1
* NMEA Latitude = 62 08.51 S
* NMEA Longitude = 058 26.65 W
* NMEA UTC (Time) = Nov 09 2023 14:12:29
* NMEA baud rate = 4800
** H41
** NPOALTEMAXIMIANO
** NUMERO DA ESTACAO (XXX) 039
** LAT (XX XX.XX S/N) 62 08.14 S
** LONG (XXX XX.XX W/E) 058 26.57 W
** DATAHORA (dd/mm/aaaa hh:mm Z) 09/11/2023 1405Z
** PROFUNDIDADE (m) 410
** OPERADOR 1T ZAMITH
# nquan = 30
# nvalues = 359                         
# units = specified
# name 0 = scan: Scan Count
# name 1 = timeJ: Julian Days
# name 2 = latitude: Latitude [deg]
# name 3 = longitude: Longitude [deg]
# name 4 = dz/dtM: Descent Rate [m/s]
# name 5 = avgsvCM: Average Sound Velocity [Chen-Millero, m/s]
# name 6 = prDM: Pressure, Digiquartz [db]
# name 7 = depSM: Depth [salt water, m]
# name 8 = t090C: Temperature [ITS-90, deg C]
# name 9 = t190C: Temperature, 2 [ITS-90, deg C]
# name 10 = T2-T190C: Temperature Difference, 2 - 1 [ITS-90, deg C]
# name 11 = potemp090C: Potential Temperature [ITS-90, deg C]
# name 12 = potemp190C: Potential Temperature, 2 [ITS-90, deg C]
# name 13 = potemp90Cdiff: Potential Temperature, Diff, 2 - 1 [ITS-90, deg C]
# name 14 = c0S/m: Conductivity [S/m]
# name 15 = c1S/m: Conductivity, 2 [S/m]
# name 16 = C2-C1S/m: Conductivity Difference, 2 - 1 [S/m]
# name 17 = sal00: Salinity, Practical [PSU]
# name 18 = sal11: Salinity, Practical, 2 [PSU]
# name 19 = sbeox0ML/L: Oxygen, SBE 43 [ml/l]
# name 20 = sigma-é00: Density [sigma-theta, kg/m^3]
# name 21 = sigma-é11: Density, 2 [sigma-theta, kg/m^3]
# name 22 = sal00: Salinity, Practical [PSU]
# name 23 = sigma-é00: Density [sigma-theta, kg/m^3]
# name 24 = svCM: Sound Velocity [Chen-Millero, m/s]
# name 25 = svCM1: Sound Velocity, 2 [Chen-Millero, m/s]
# name 26 = gsw_ptA0: potential temperature [ITS-90, deg C]
# name 27 = gsw_densityA0: density, TEOS-10 [density, kg/m^3]
# name 28 = gsw_saA0: Absolute Salinity [g/kg]
# name 29 = flag:
# span 0 =      13399,      21703       
# span 1 = 313.598464, 313.602468       
# span 2 =  -62.14486,  -62.14376       
# span 3 =  -58.44254,  -58.44086       
# span 4 =     -1.238,     -0.526       
# span 5 =    1448.33,    1448.34       
# span 6 =      4.000,    362.000       
# span 7 =      4.023,    358.213       
# span 8 =    -0.8195,    -0.4022       
# span 9 =    -0.8189,    -0.4008       
# span 10 =    -0.0233,     0.0123      
# span 11 =    -0.8237,    -0.4146      
# span 12 =    -0.8231,    -0.4132      
# span 13 =    -0.0233,     0.0122      
# span 14 =   2.789281,   2.841631      
# span 15 =   2.789258,   2.841662      
# span 16 =  -0.002063,   0.001122      
# span 17 =    34.2771,    34.4113      
# span 18 =    34.2765,    34.4100      
# span 19 =     6.5537,     7.6435      
# span 20 =    27.5490,    27.6514      
# span 21 =    27.5486,    27.6504      
# span 22 =    34.2776,    34.4114      
# span 23 =    27.5494,    27.6515      
# span 24 =    1445.69,    1452.35      
# span 25 =    1445.68,    1452.35      
# span 26 =    -0.8236,    -0.4144      
# span 27 =  1027.5731,  1029.3801      
# span 28 =    34.4402,    34.5795      
# span 29 = 0.0000e+00, 0.0000e+00      
# interval = decibars: 1                
# start_time = Nov 09 2023 14:12:29 [NMEA time, header]
# bad_flag = -9.990e-29
*END*
      13399 313.598464  -62.14376  -58.44254     -0.607    1448.34    362.000    358.213    -0.4130    -0.4114     0.0016    -0.4255    -0.4239     0.0016   2.840777   2.840841   0.000040    34.4099    34.4086     6.5745    27.6508    27.6497    34.4096    27.6505    1452.33    1452.34    -0.4253  1029.3801    34.5778 0.0000e+00
      13416 313.598472  -62.14377  -58.44254     -0.889    1448.33    361.000    357.225    -0.4069    -0.4059     0.0010    -0.4193    -0.4184     0.0010   2.841345   2.841290  -0.000057    34.4104    34.4086     6.5670    27.6509    27.6494    34.4108    27.6513    1452.35    1452.35    -0.4192  1029.3760    34.5790 0.0000e+00
      13437 313.598482  -62.14378  -58.44254     -1.068    1448.33    360.000    356.236    -0.4057    -0.4037     0.0020    -0.4181    -0.4161     0.0020   2.841357   2.841471   0.000084    34.4101    34.4090     6.5783    27.6507    27.6497    34.4102    27.6507    1452.33    1452.34    -0.4179  1029.3707    34.5784 0.0000e+00
      13458 313.598492  -62.14378  -58.44254     -1.141    1448.33    359.000    355.247    -0.4043    -0.4014     0.0029    -0.4167    -0.4138     0.0029   2.841469   2.841660   0.000190    34.4104    34.4097     6.5683    27.6508    27.6501    34.4108    27.6511    1452.33    1452.34    -0.4165  1029.3663    34.5790 0.0000e+00
      13481 313.598503  -62.14378  -58.44254     -1.101    1448.33    358.000    354.258    -0.4022    -0.4008     0.0014    -0.4146    -0.4132     0.0013   2.841631   2.841662   0.000036    34.4111    34.4100     6.5829    27.6513    27.6503    34.4112    27.6513    1452.32    1452.32    -0.4144  1029.3618    34.5793 0.0000e+00
      13508 313.598516  -62.14378  -58.44254     -0.937    1448.33    357.000    353.270    -0.4024    -0.4044    -0.0019    -0.4148    -0.4167    -0.0019   2.841579   2.841285  -0.000273    34.4112    34.4098     6.5720    27.6514    27.6503    34.4114    27.6515    1452.30    1452.29    -0.4145  1029.3572    34.5795 0.0000e+00
      13537 313.598530  -62.14378  -58.44253     -0.819    1448.33    356.000    352.281    -0.4025    -0.4029    -0.0004    -0.4148    -0.4152    -0.0004   2.841518   2.841400  -0.000143    34.4113    34.4099     6.5683    27.6514    27.6503    34.4112    27.6514    1452.29    1452.28    -0.4146  1029.3523    34.5794 0.0000e+00
      13561 313.598541  -62.14378  -58.44252     -0.928    1448.33    355.000    351.292    -0.4052    -0.4062    -0.0010    -0.4175    -0.4185    -0.0010   2.841131   2.840942  -0.000138    34.4105    34.4098     6.5554    27.6510    27.6504    34.4097    27.6503    1452.25    1452.25    -0.4173  1029.3466    34.5779 0.0000e+00
      13581 313.598551  -62.14379  -58.44252     -1.091    1448.33    354.000    350.303    -0.4139    -0.4202    -0.0062    -0.4261    -0.4324    -0.0062   2.840248   2.839604  -0.000631    34.4098    34.4084     6.5537    27.6508    27.6499    34.4083    27.6496    1452.20    1452.17    -0.4259  1029.3412    34.5765 0.0000e+00
      13600 313.598561  -62.14380  -58.44252     -1.196    1448.33    353.000    349.315    -0.4259    -0.4351    -0.0092    -0.4380    -0.4472    -0.0092   2.839048   2.838145  -0.000883    34.4088    34.4074     6.5661    27.6505    27.6498    34.4063    27.6485    1452.12    1452.08    -0.4378  1029.3355    34.5745 0.0000e+00
      13621 313.598571  -62.14380  -58.44252     -1.200    1448.33    352.000    348.326    -0.4434    -0.4435    -0.0001    -0.4554    -0.4555    -0.0001   2.837361   2.837410  -0.000093    34.4073    34.4062     6.5749    27.6501    27.6492    34.4042    27.6475    1452.02    1452.02    -0.4552  1029.3300    34.5723 0.0000e+00
      13645 313.598582  -62.14380  -58.44252     -1.095    1448.33    351.000    347.337    -0.4572    -0.4549     0.0023    -0.4692    -0.4668     0.0023   2.836234   2.836314   0.000190    34.4066    34.4065     6.5803    27.6501    27.6499    34.4053    27.6491    1451.94    1451.95    -0.4689  1029.3270    34.5735 0.0000e+00
      13670 313.598594  -62.14380  -58.44252     -0.967    1448.33    350.000    346.348    -0.4700    -0.4651     0.0050    -0.4819    -0.4770     0.0049   2.834876   2.835343   0.000364    34.4065    34.4058     6.5885    27.6507    27.6498    34.4022    27.6472    1451.86    1451.89    -0.4817  1029.3205    34.5703 0.0000e+00
      13693 313.598605  -62.14380  -58.44252     -0.987    1448.33    349.000    345.360    -0.4947    -0.4824     0.0123    -0.5065    -0.4942     0.0122   2.832556   2.833646   0.001038    34.4034    34.4034     6.6071    27.6492    27.6487    34.3996    27.6462    1451.73    1451.79    -0.5062  1029.3150    34.5677 0.0000e+00
      13715 313.598616  -62.14380  -58.44252     -1.069    1448.33    348.000    344.371    -0.5064    -0.5105    -0.0040    -0.5181    -0.5222    -0.0040   2.831339   2.831025  -0.000204    34.4013    34.4031     6.6344    27.6481    27.6497    34.3971    27.6447    1451.65    1451.63    -0.5179  1029.3089    34.5652 0.0000e+00
      13736 313.598626  -62.14382  -58.44252     -1.115    1448.33    347.000    343.382    -0.5138    -0.5190    -0.0053    -0.5254    -0.5306    -0.0052   2.830825   2.830324  -0.000493    34.4014    34.4007     6.6385    27.6485    27.6482    34.3991    27.6467    1451.60    1451.58    -0.5252  1029.3062    34.5672 0.0000e+00
      13759 313.598637  -62.14382  -58.44252     -1.098    1448.33    346.000    342.394    -0.5090    -0.5130    -0.0040    -0.5206    -0.5246    -0.0040   2.831254   2.830778  -0.000452    34.4014    34.3999     6.6521    27.6483    27.6472    34.4001    27.6473    1451.61    1451.59    -0.5204  1029.3020    34.5683 0.0000e+00
      13783 313.598649  -62.14382  -58.44252     -1.022    1448.33    345.000    341.405    -0.5037    -0.5052    -0.0016    -0.5153    -0.5168    -0.0016   2.831645   2.831452  -0.000225    34.4012    34.3999     6.6766    27.6478    27.6469    34.3999    27.6469    1451.62    1451.61    -0.5151  1029.2968    34.5680 0.0000e+00
      13808 313.598661  -62.14382  -58.44252     -0.958    1448.33    344.000    340.416    -0.4982    -0.5020    -0.0038    -0.5097    -0.5135    -0.0038   2.832112   2.831692  -0.000381    34.4012    34.4004     6.6983    27.6476    27.6472    34.4006    27.6471    1451.63    1451.61    -0.5095  1029.2923    34.5687 0.0000e+00
      13831 313.598672  -62.14382  -58.44252     -0.996    1448.33    343.000    339.427    -0.4995    -0.4990     0.0004    -0.5110    -0.5105     0.0005   2.831788   2.831872   0.000009    34.4006    34.4002     6.7077    27.6472    27.6468    34.3983    27.6453    1451.61    1451.61    -0.5108  1029.2869    34.5679 0.0000e+00
      13853 313.598683  -62.14382 -9.990e-29     -1.066    1448.33    342.000    338.439    -0.5102    -0.5086     0.0016    -0.5217    -0.5201     0.0016   2.830826   2.830893   0.000149    34.3999    34.4001     6.6975    27.6471    27.6472    34.3982    27.6457    1451.54    1451.55    -0.5215  1029.2835    34.5688 0.0000e+00
      13875 313.598693  -62.14382 -9.990e-29     -1.114    1448.33    341.000    337.450    -0.5156    -0.5201    -0.0045    -0.5270    -0.5315    -0.0045   2.830301   2.829875  -0.000408    34.3995    34.3992     6.6970    27.6471    27.6470    34.3979    27.6457    1451.50    1451.48    -0.5268  1029.2788    34.5685 0.0000e+00
      13897 313.598704  -62.14384 -9.990e-29     -1.100    1448.33    340.000    336.461    -0.5248    -0.5230     0.0019    -0.5362    -0.5343     0.0019   2.829419   2.829601   0.000082    34.3994    34.3983     6.6873    27.6474    27.6464    34.3970    27.6455    1451.44    1451.45    -0.5360  1029.2739    34.5677 0.0000e+00
      13921 313.598715  -62.14384  -58.44250     -1.029    1448.33    339.000    335.473    -0.5295    -0.5222     0.0072    -0.5408    -0.5335     0.0072   2.828998   2.829606   0.000576    34.3991    34.3986     6.6754    27.6473    27.6466    34.3973    27.6458    1451.40    1451.43    -0.5406  1029.2685    34.5665 0.0000e+00
      13945 313.598727 -9.990e-29  -58.44250     -0.988    1448.33    338.000    334.483    -0.5309    -0.5281     0.0029    -0.5422    -0.5393     0.0029   2.828843   2.829014   0.000226    34.3985    34.3982     6.6883    27.6469    27.6466    34.3974    27.6460    1451.38    1451.39    -0.5419  1029.2583    34.5596 0.0000e+00
      13968 313.598738 -9.990e-29  -58.44250     -1.018    1448.33    337.000    333.495    -0.5308    -0.5299     0.0009    -0.5420    -0.5411     0.0009   2.828743   2.828803   0.000038    34.3980    34.3975     6.6934    27.6465    27.6461    34.3965    27.6453    1451.36    1451.36    -0.5418  1029.2528    34.5587 0.0000e+00
      13990 313.598748 -9.990e-29  -58.44250     -1.080    1448.33    336.000    332.506    -0.5357    -0.5350     0.0007    -0.5469    -0.5462     0.0007   2.828266   2.828290   0.000029    34.3977    34.3974     6.7089    27.6465    27.6462    34.3963    27.6453    1451.32    1451.32    -0.5467  1029.2482    34.5585 0.0000e+00
      14011 313.598759 -9.990e-29  -58.44250     -1.116    1448.33    335.000    331.517    -0.5377    -0.5365     0.0012    -0.5488    -0.5476     0.0012   2.828063   2.828127   0.000052    34.3978    34.3971     6.7186    27.6466    27.6460    34.3964    27.6455    1451.29    1451.30    -0.5486  1029.2436    34.5586 0.0000e+00
      14034 313.598770  -62.14386  -58.44250     -1.102    1448.33    334.000    330.528    -0.5405    -0.5365     0.0040    -0.5516    -0.5476     0.0040   2.827783   2.828083   0.000285    34.3977    34.3969     6.7139    27.6466    27.6459    34.3964    27.6456    1451.26    1451.28    -0.5514  1029.2423    34.5626 0.0000e+00
      14058 313.598781  -62.14386  -58.44250     -1.030    1448.33    333.000    329.539    -0.5422    -0.5389     0.0032    -0.5532    -0.5500     0.0032   2.827575   2.827809   0.000244    34.3972    34.3968     6.7149    27.6463    27.6458    34.3961    27.6455    1451.24    1451.25    -0.5530  1029.2389    34.5642 0.0000e+00
      14082 313.598793  -62.14386  -58.44250     -0.978    1448.33    332.000    328.551    -0.5422    -0.5411     0.0012    -0.5532    -0.5520     0.0012   2.827525   2.827566   0.000052    34.3969    34.3963     6.7164    27.6461    27.6456    34.3961    27.6455    1451.22    1451.23    -0.5530  1029.2341    34.5642 0.0000e+00
      14105 313.598804  -62.14386  -58.44250     -1.017    1448.33    331.000    327.562    -0.5422    -0.5411     0.0011    -0.5532    -0.5520     0.0011   2.827470   2.827507   0.000034    34.3968    34.3959     6.7251    27.6460    27.6453    34.3960    27.6453    1451.21    1451.21    -0.5529  1029.2292    34.5640 0.0000e+00
      14126 313.598814  -62.14386  -58.44249     -1.083    1448.33    330.000    326.573    -0.5424    -0.5419     0.0005    -0.5533    -0.5528     0.0005   2.827401   2.827365  -0.000023    34.3965    34.3957     6.7293    27.6458    27.6451    34.3958    27.6453    1451.19    1451.19    -0.5531  1029.2244    34.5639 0.0000e+00
      14148 313.598825  -62.14386  -58.44248     -1.124    1448.33    329.000    325.584    -0.5441    -0.5428     0.0013    -0.5550    -0.5537     0.0013   2.827173   2.827246   0.000059    34.3962    34.3955     6.7160    27.6457    27.6450    34.3954    27.6449    1451.16    1451.17    -0.5548  1029.2194    34.5635 0.0000e+00
      14170 313.598835  -62.14388  -58.44248     -1.111    1448.33    328.000    324.595    -0.5454    -0.5431     0.0023    -0.5562    -0.5539     0.0023   2.827042   2.827184   0.000140    34.3962    34.3955     6.7268    27.6457    27.6450    34.3956    27.6452    1451.14    1451.15    -0.5560  1029.2149    34.5637 0.0000e+00
      14195 313.598847  -62.14388  -58.44248     -1.023    1448.33    327.000    323.606    -0.5456    -0.5434     0.0022    -0.5564    -0.5542     0.0022   2.826988   2.827127   0.000135    34.3963    34.3956     6.7404    27.6458    27.6451    34.3957    27.6453    1451.13    1451.13    -0.5562  1029.2102    34.5638 0.0000e+00
      14220 313.598860  -62.14388  -58.44248     -0.939    1448.33    326.000    322.618    -0.5460    -0.5444     0.0016    -0.5567    -0.5552     0.0016   2.826913   2.826978   0.000071    34.3963    34.3955     6.7328    27.6458    27.6450    34.3958    27.6454    1451.11    1451.11    -0.5565  1029.2055    34.5639 0.0000e+00
      14245 313.598871  -62.14388  -58.44248     -0.959    1448.33    325.000    321.629    -0.5459    -0.5448     0.0011    -0.5567    -0.5555     0.0011   2.826841   2.826890   0.000050    34.3958    34.3952     6.7367    27.6454    27.6448    34.3954    27.6450    1451.09    1451.09    -0.5564  1029.2005    34.5635 0.0000e+00
      14267 313.598882  -62.14388  -58.44248     -1.037    1448.33    324.000    320.640    -0.5456    -0.5447     0.0009    -0.5563    -0.5554     0.0009   2.826801   2.826826   0.000024    34.3955    34.3948     6.7261    27.6451    27.6445    34.3951    27.6448    1451.08    1451.08    -0.5561  1029.1954    34.5631 0.0000e+00
      14288 313.598892  -62.14388  -58.44248     -1.101    1448.33    323.000    319.651    -0.5453    -0.5440     0.0013    -0.5560    -0.5547     0.0013   2.826763   2.826792   0.000035    34.3951    34.3941     6.7342    27.6448    27.6439    34.3949    27.6446    1451.06    1451.06    -0.5558  1029.1905    34.5629 0.0000e+00
      14309 313.598903  -62.14390  -58.44248     -1.125    1448.33    322.000    318.662    -0.5446    -0.5440     0.0006    -0.5552    -0.5547     0.0006   2.826729   2.826727 5.0916e-08    34.3945    34.3939     6.7428    27.6443    27.6437    34.3942    27.6440    1451.05    1451.05    -0.5550  1029.1852    34.5623 0.0000e+00
      14332 313.598913  -62.14390  -58.44248     -1.100    1448.33    321.000    317.673    -0.5470    -0.5463     0.0007    -0.5576    -0.5569     0.0007   2.826333   2.826378   0.000040    34.3930    34.3928     6.7322    27.6432    27.6429    34.3922    27.6425    1451.02    1451.02    -0.5574  1029.1790    34.5603 0.0000e+00
      14355 313.598925  -62.14390  -58.44248     -1.055    1448.33    320.000    316.684    -0.5511    -0.5486     0.0025    -0.5616    -0.5592     0.0024   2.825860   2.826048   0.000185    34.3918    34.3915     6.7407    27.6424    27.6420    34.3910    27.6417    1450.98    1450.99    -0.5614  1029.1735    34.5591 0.0000e+00
      14378 313.598936  -62.14390  -58.44248     -1.035    1448.33    319.000    315.696    -0.5520    -0.5506     0.0014    -0.5625    -0.5611     0.0014   2.825703   2.825792   0.000083    34.3911    34.3906     6.7407    27.6419    27.6414    34.3906    27.6414    1450.96    1450.96    -0.5623  1029.1685    34.5587 0.0000e+00
      14401 313.598947  -62.14390  -58.44248     -1.046    1448.33    318.000    314.707    -0.5557    -0.5515     0.0043    -0.5662    -0.5619     0.0042   2.825230   2.825614   0.000365    34.3901    34.3902     6.7430    27.6412    27.6411    34.3891    27.6404    1450.92    1450.94    -0.5660  1029.1627    34.5571 0.0000e+00
      14423 313.598957  -62.14390  -58.44248     -1.067    1448.33    317.000    313.718    -0.5585    -0.5565     0.0020    -0.5689    -0.5669     0.0020   2.824955   2.825097   0.000138    34.3899    34.3895     6.7663    27.6412    27.6407    34.3892    27.6405    1450.89    1450.90    -0.5687  1029.1586    34.5578 0.0000e+00
      14446 313.598969  -62.14390 -9.990e-29     -1.058    1448.33    316.000    312.729    -0.5625    -0.5588     0.0037    -0.5728    -0.5692     0.0037   2.824559   2.824824   0.000266    34.3897    34.3891     6.7729    27.6412    27.6405    34.3889    27.6405    1450.86    1450.87    -0.5727  1029.1554    34.5595 0.0000e+00
      14471 313.598980  -62.14391 -9.990e-29     -1.004    1448.33    315.000    311.740    -0.5661    -0.5610     0.0050    -0.5764    -0.5714     0.0050   2.824141   2.824541   0.000388    34.3891    34.3886     6.7881    27.6408    27.6402    34.3880    27.6400    1450.82    1450.85    -0.5762  1029.1501    34.5585 0.0000e+00
