Pos-Processados/process_op42/Processamento_split/up/uoperantar42_051.cnv
* Sea-Bird SBE 9 Data File:
* FileName = C:\Users\Hidrografia\Desktop\OPXLII\Brutos\OP42051.hdr
* Software Version Seasave V 7.26.7.107
* Temperature SN = 6502
* Conductivity SN = 4998
* Number of Bytes Per Scan = 37
* Number of Voltage Words = 4
* Number of Scans Averaged by the Deck Unit = 1
* NMEA Latitude = 62 08.18 S
* NMEA Longitude = 058 26.57 W
* NMEA UTC (Time) = Nov 10 2023 02:01:52
* NMEA baud rate = 4800
** H41
** NPOALTEMAXIMIANO
** NUMERO DA ESTACAO (XXX) 51
** LAT (XX XX.XX S/N) 62 08.171 S
** LONG (XXX XX.XX W/E) 058 26.68 W
** DATAHORA (dd/mm/aaaa hh:mm Z) 10/11/2023 0205Z
** PROFUNDIDADE (m) 424
** OPERADOR CT FILIPE LOPES
# nquan = 30
# nvalues = 386                         
# units = specified
# name 0 = scan: Scan Count
# name 1 = timeJ: Julian Days
# name 2 = latitude: Latitude [deg]
# name 3 = longitude: Longitude [deg]
# name 4 = dz/dtM: Descent Rate [m/s]
# name 5 = avgsvCM: Average Sound Velocity [Chen-Millero, m/s]
# name 6 = prDM: Pressure, Digiquartz [db]
# name 7 = depSM: Depth [salt water, m]
# name 8 = t090C: Temperature [ITS-90, deg C]
# name 9 = t190C: Temperature, 2 [ITS-90, deg C]
# name 10 = T2-T190C: Temperature Difference, 2 - 1 [ITS-90, deg C]
# name 11 = potemp090C: Potential Temperature [ITS-90, deg C]
# name 12 = potemp190C: Potential Temperature, 2 [ITS-90, deg C]
# name 13 = potemp90Cdiff: Potential Temperature, Diff, 2 - 1 [ITS-90, deg C]
# name 14 = c0S/m: Conductivity [S/m]
# name 15 = c1S/m: Conductivity, 2 [S/m]
# name 16 = C2-C1S/m: Conductivity Difference, 2 - 1 [S/m]
# name 17 = sal00: Salinity, Practical [PSU]
# name 18 = sal11: Salinity, Practical, 2 [PSU]
# name 19 = sbeox0ML/L: Oxygen, SBE 43 [ml/l]
# name 20 = sigma-é00: Density [sigma-theta, kg/m^3]
# name 21 = sigma-é11: Density, 2 [sigma-theta, kg/m^3]
# name 22 = sal00: Salinity, Practical [PSU]
# name 23 = sigma-é00: Density [sigma-theta, kg/m^3]
# name 24 = svCM: Sound Velocity [Chen-Millero, m/s]
# name 25 = svCM1: Sound Velocity, 2 [Chen-Millero, m/s]
# name 26 = gsw_ptA0: potential temperature [ITS-90, deg C]
# name 27 = gsw_densityA0: density, TEOS-10 [density, kg/m^3]
# name 28 = gsw_saA0: Absolute Salinity [g/kg]
# name 29 = flag:
# span 0 =      17822,      29794       
# span 1 = 314.093224, 314.098997       
# span 2 =  -62.14128,  -62.13938       
# span 3 =  -58.43609,  -58.43110       
# span 4 =     -1.020,     -0.004       
# span 5 =    1448.41,    1448.41       
# span 6 =      2.000,    387.000       
# span 7 =      1.990,    382.925       
# span 8 =    -0.8053,    -0.5221       
# span 9 =    -0.8043,    -0.5211       
# span 10 =    -0.0084,     0.0096      
# span 11 =    -0.8106,    -0.5339      
# span 12 =    -0.8096,    -0.5330      
# span 13 =    -0.0084,     0.0096      
# span 14 =   2.792010,   2.832667      
# span 15 =   2.791972,   2.832501      
# span 16 =  -0.000817,   0.000982      
# span 17 =    34.2659,    34.4163      
# span 18 =    34.2644,    34.4142      
# span 19 =     6.6048,     7.6697      
# span 20 =    27.5410,    27.6613      
# span 21 =    27.5397,    27.6596      
# span 22 =    34.2659,    34.4163      
# span 23 =    27.5410,    27.6613      
# span 24 =    1445.57,    1452.21      
# span 25 =    1445.56,    1452.20      
# span 26 =    -0.8105,    -0.5337      
# span 27 =  1027.5555,  1029.5109      
# span 28 =    34.4289,    34.5847      
# span 29 = 0.0000e+00, 0.0000e+00      
# interval = decibars: 1                
# start_time = Nov 10 2023 02:01:52 [NMEA time, header]
# bad_flag = -9.990e-29
*END*
[from data line 339]
      27843 314.098056  -62.14098  -58.43197     -0.741    1448.41     48.000     47.534    -0.5722    -0.5715     0.0007    -0.5736    -0.5729     0.0007   2.803265   2.803243  -0.000027    34.2778    34.2767     7.6334    27.5506    27.5497    34.2778    27.5506    1446.30    1446.30    -0.5736  1027.7849    34.4433 0.0000e+00
      27879 314.098074  -62.14100  -58.43195     -0.678    1448.41     47.000     46.544    -0.5718    -0.5709     0.0009    -0.5732    -0.5723     0.0009   2.803330   2.803251  -0.000081    34.2788    34.2768     7.6345    27.5515    27.5497    34.2788    27.5514    1446.29    1446.29    -0.5732  1027.7809    34.4443 0.0000e+00
      27914 314.098091  -62.14100  -58.43194     -0.669    1448.41     46.000     45.554    -0.5712    -0.5705     0.0006    -0.5725    -0.5719     0.0006   2.803285   2.803236  -0.000042    34.2780    34.2767     7.6410    27.5508    27.5497    34.2781    27.5509    1446.28    1446.27    -0.5725  1027.7756    34.4436 0.0000e+00
      27950 314.098108  -62.14100  -58.43193     -0.676    1448.41     45.000     44.563    -0.5712    -0.5702     0.0009    -0.5725    -0.5716     0.0009   2.803192   2.803187  -0.000010    34.2776    34.2764     7.6376    27.5504    27.5494    34.2775    27.5503    1446.26    1446.26    -0.5725  1027.7702    34.4430 0.0000e+00
      27982 314.098123  -62.14101  -58.43191     -0.728    1448.41     44.000     43.573    -0.5715    -0.5705     0.0009    -0.5728    -0.5719     0.0009   2.803096   2.803058  -0.000042    34.2773    34.2757     7.6297    27.5502    27.5489    34.2772    27.5501    1446.24    1446.24    -0.5728  1027.7652    34.4427 0.0000e+00
      28011 314.098138  -62.14102  -58.43190     -0.806    1448.41     43.000     42.583    -0.5717    -0.5709     0.0008    -0.5729    -0.5722     0.0008   2.802989   2.802949  -0.000037    34.2766    34.2752     7.6331    27.5497    27.5485    34.2766    27.5496    1446.22    1446.22    -0.5729  1027.7599    34.4420 0.0000e+00
      28041 314.098152  -62.14102  -58.43188     -0.815    1448.41     42.000     41.593    -0.5721    -0.5712     0.0009    -0.5733    -0.5724     0.0009   2.802895   2.802860  -0.000034    34.2764    34.2750     7.6333    27.5495    27.5483    34.2764    27.5495    1446.20    1446.21    -0.5733  1027.7550    34.4419 0.0000e+00
      28075 314.098168  -62.14102  -58.43187     -0.732    1448.41     41.000     40.603    -0.5723    -0.5714     0.0010    -0.5736    -0.5726     0.0010   2.802803   2.802782  -0.000025    34.2762    34.2748     7.6303    27.5494    27.5482    34.2761    27.5492    1446.19    1446.19    -0.5735  1027.7500    34.4415 0.0000e+00
      28111 314.098186  -62.14102  -58.43186     -0.664    1448.41     40.000     39.612    -0.5732    -0.5721     0.0011    -0.5744    -0.5733     0.0010   2.802555   2.802573   0.000022    34.2744    34.2735     7.6409    27.5479    27.5472    34.2743    27.5478    1446.16    1446.17    -0.5744  1027.7438    34.4397 0.0000e+00
      28147 314.098203  -62.14102  -58.43184     -0.659    1448.41     39.000     38.622    -0.5737    -0.5726     0.0011    -0.5748    -0.5738     0.0011   2.802399   2.802417   0.000012    34.2735    34.2725     7.6461    27.5472    27.5464    34.2734    27.5471    1446.14    1446.15    -0.5748  1027.7355    34.4354 0.0000e+00
      28179 314.098218 -9.990e-29  -58.43182     -0.737    1448.41     38.000     37.632    -0.5737    -0.5729     0.0008    -0.5749    -0.5740     0.0008   2.802314   2.802294  -0.000015    34.2730    34.2718     7.6507    27.5468    27.5458    34.2729    27.5467    1446.13    1446.13    -0.5748  1027.7301    34.4345 0.0000e+00
      28208 314.098233 -9.990e-29  -58.43180     -0.797    1448.41     37.000     36.642    -0.5737    -0.5729     0.0008    -0.5748    -0.5740     0.0008   2.802207   2.802195  -0.000008    34.2722    34.2712     7.6483    27.5462    27.5453    34.2721    27.5461    1446.11    1446.11    -0.5748  1027.7246    34.4337 0.0000e+00
      28240 314.098248  -62.14104  -58.43179     -0.778    1448.41     36.000     35.651    -0.5738    -0.5729     0.0008    -0.5748    -0.5740     0.0008   2.802169   2.802106  -0.000061    34.2722    34.2705     7.6336    27.5461    27.5447    34.2722    27.5462    1446.09    1446.09    -0.5748  1027.7220    34.4364 0.0000e+00
      28272 314.098263  -62.14105  -58.43178     -0.750    1448.41     35.000     34.661    -0.5740    -0.5730     0.0009    -0.5750    -0.5741     0.0009   2.802086   2.802058  -0.000037    34.2722    34.2706     7.6344    27.5462    27.5449    34.2720    27.5460    1446.07    1446.08    -0.5750  1027.7180    34.4373 0.0000e+00
      28302 314.098278  -62.14106  -58.43176     -0.782    1448.41     34.000     33.671    -0.5742    -0.5733     0.0009    -0.5752    -0.5744     0.0009   2.801985   2.801943  -0.000034    34.2715    34.2700     7.6397    27.5456    27.5444    34.2715    27.5456    1446.05    1446.06    -0.5752  1027.7128    34.4368 0.0000e+00
      28332 314.098293  -62.14106  -58.43174     -0.793    1448.41     33.000     32.681    -0.5742    -0.5733     0.0008    -0.5751    -0.5743     0.0008   2.801944   2.801913  -0.000027    34.2716    34.2702     7.6482    27.5457    27.5445    34.2715    27.5456    1446.04    1446.04    -0.5752  1027.7080    34.4368 0.0000e+00
      28363 314.098307  -62.14106  -58.43173     -0.785    1448.41     32.000     31.690    -0.5742    -0.5734     0.0009    -0.5752    -0.5743     0.0009   2.801869   2.801830  -0.000042    34.2713    34.2697     7.6451    27.5454    27.5441    34.2712    27.5453    1446.02    1446.03    -0.5751  1027.7029    34.4365 0.0000e+00
      28396 314.098323  -62.14106  -58.43172     -0.745    1448.41     31.000     30.700    -0.5741    -0.5734     0.0008    -0.5751    -0.5743     0.0008   2.801848   2.801795  -0.000051    34.2715    34.2699     7.6448    27.5456    27.5443    34.2714    27.5455    1446.01    1446.01    -0.5750  1027.6984    34.4367 0.0000e+00
      28431 314.098340  -62.14108  -58.43170     -0.688    1448.41     30.000     29.710    -0.5743    -0.5735     0.0008    -0.5752    -0.5744     0.0008   2.801736   2.801693  -0.000040    34.2708    34.2693     7.6427    27.5450    27.5438    34.2707    27.5450    1445.99    1445.99    -0.5752  1027.6930    34.4360 0.0000e+00
      28465 314.098356  -62.14108  -58.43169     -0.700    1448.41     29.000     28.720    -0.5743    -0.5735     0.0008    -0.5752    -0.5743     0.0008   2.801673   2.801635  -0.000041    34.2706    34.2691     7.6505    27.5449    27.5436    34.2705    27.5448    1445.97    1445.98    -0.5751  1027.6880    34.4357 0.0000e+00
      28497 314.098372  -62.14108  -58.43168     -0.750    1448.41     28.000     27.730    -0.5741    -0.5734     0.0007    -0.5750    -0.5742     0.0007   2.801606   2.801578  -0.000031    34.2701    34.2689     7.6365    27.5445    27.5434    34.2700    27.5444    1445.96    1445.96    -0.5749  1027.6828    34.4352 0.0000e+00
      28528 314.098387  -62.14109  -58.43166     -0.765    1448.41     27.000     26.739    -0.5741    -0.5733     0.0008    -0.5749    -0.5741     0.0008   2.801539   2.801509  -0.000030    34.2697    34.2685     7.6368    27.5442    27.5431    34.2697    27.5441    1445.94    1445.94    -0.5749  1027.6778    34.4349 0.0000e+00
      28559 314.098402  -62.14110  -58.43165     -0.771    1448.41     26.000     25.749    -0.5739    -0.5732     0.0007    -0.5746    -0.5740     0.0007   2.801459   2.801444  -0.000015    34.2690    34.2680     7.6417    27.5436    27.5428    34.2690    27.5436    1445.92    1445.93    -0.5746  1027.6724    34.4342 0.0000e+00
      28590 314.098417  -62.14110  -58.43162     -0.783    1448.41     25.000     24.759    -0.5740    -0.5731     0.0008    -0.5747    -0.5739     0.0008   2.801438   2.801406  -0.000028    34.2694    34.2681     7.6496    27.5439    27.5428    34.2694    27.5439    1445.91    1445.91    -0.5747  1027.6680    34.4346 0.0000e+00
      28621 314.098432  -62.14110  -58.43161     -0.761    1448.41     24.000     23.768    -0.5740    -0.5731     0.0008    -0.5747    -0.5738     0.0008   2.801395   2.801360  -0.000035    34.2695    34.2681     7.6401    27.5439    27.5428    34.2695    27.5439    1445.89    1445.90    -0.5747  1027.6632    34.4346 0.0000e+00
      28658 314.098449  -62.14110  -58.43160     -0.682    1448.41     23.000     22.778    -0.5741    -0.5732     0.0009    -0.5748    -0.5739     0.0009   2.801359   2.801319  -0.000038    34.2697    34.2682     7.6497    27.5442    27.5429    34.2697    27.5442    1445.88    1445.88    -0.5748  1027.6586    34.4349 0.0000e+00
      28695 314.098468  -62.14112  -58.43158     -0.631    1448.41     22.000     21.788    -0.5740    -0.5732     0.0007    -0.5746    -0.5739     0.0007   2.801290   2.801263  -0.000031    34.2694    34.2681     7.6482    27.5439    27.5428    34.2693    27.5438    1445.86    1445.86    -0.5746  1027.6535    34.4345 0.0000e+00
      28729 314.098484  -62.14112  -58.43157     -0.702    1448.41     21.000     20.797    -0.5738    -0.5730     0.0007    -0.5744    -0.5736     0.0007   2.801228   2.801195  -0.000029    34.2689    34.2676     7.6378    27.5434    27.5424    34.2689    27.5435    1445.84    1445.85    -0.5744  1027.6474    34.4328 0.0000e+00
      28760 314.098499 -9.990e-29  -58.43156     -0.766    1448.41     20.000     19.807    -0.5739    -0.5731     0.0008    -0.5745    -0.5737     0.0008   2.801170   2.801141  -0.000034    34.2689    34.2676     7.6391    27.5435    27.5424    34.2688    27.5434    1445.83    1445.83    -0.5745  1027.6406    34.4304 0.0000e+00
      28791 314.098513 -9.990e-29  -58.43154     -0.777    1448.41     19.000     18.817    -0.5739    -0.5730     0.0008    -0.5744    -0.5736     0.0008   2.801122   2.801079  -0.000036    34.2687    34.2673     7.6496    27.5433    27.5422    34.2688    27.5434    1445.81    1445.81    -0.5744  1027.6358    34.4304 0.0000e+00
      28822 314.098528  -62.14114  -58.43153     -0.773    1448.41     18.000     17.826    -0.5739    -0.5731     0.0008    -0.5744    -0.5736     0.0008   2.801044   2.801021  -0.000032    34.2685    34.2672     7.6583    27.5431    27.5420    34.2684    27.5431    1445.79    1445.80    -0.5744  1027.6310    34.4303 0.0000e+00
      28852 314.098543  -62.14114  -58.43150     -0.785    1448.41     17.000     16.836    -0.5736    -0.5729     0.0007    -0.5742    -0.5734     0.0007   2.800994   2.800949  -0.000039    34.2680    34.2667     7.6627    27.5428    27.5417    34.2681    27.5428    1445.78    1445.78    -0.5741  1027.6286    34.4333 0.0000e+00
      28882 314.098558  -62.14114  -58.43150     -0.794    1448.41     16.000     15.846    -0.5734    -0.5726     0.0008    -0.5739    -0.5730     0.0008   2.800943   2.800909  -0.000036    34.2677    34.2663     7.6525    27.5425    27.5413    34.2676    27.5424    1445.76    1445.77    -0.5738  1027.6235    34.4329 0.0000e+00
      28912 314.098572  -62.14114  -58.43148     -0.796    1448.41     15.000     14.856    -0.5732    -0.5724     0.0008    -0.5736    -0.5728     0.0008   2.800911   2.800873  -0.000038    34.2677    34.2663     7.6573    27.5424    27.5413    34.2676    27.5424    1445.75    1445.75    -0.5736  1027.6186    34.4328 0.0000e+00
      28942 314.098587  -62.14114  -58.43147     -0.802    1448.41     14.000     13.865    -0.5732    -0.5724     0.0008    -0.5736    -0.5729     0.0008   2.800852   2.800825  -0.000026    34.2675    34.2663     7.6574    27.5423    27.5413    34.2675    27.5423    1445.73    1445.73    -0.5736  1027.6115    34.4299 0.0000e+00
      28973 314.098602 -9.990e-29  -58.43144     -0.775    1448.41     13.000     12.875    -0.5731    -0.5722     0.0009    -0.5735    -0.5726     0.0009   2.800802   2.800775  -0.000028    34.2673    34.2660     7.6506    27.5422    27.5410    34.2673    27.5421    1445.72    1445.72    -0.5735  1027.6059    34.4289 0.0000e+00
      29004 314.098617 -9.990e-29  -58.43143     -0.772    1448.41     12.000     11.885    -0.5729    -0.5721     0.0008    -0.5732    -0.5724     0.0008   2.800772   2.800729  -0.000047    34.2674    34.2658     7.6541    27.5422    27.5409    34.2673    27.5421    1445.70    1445.70    -0.5732  1027.6011    34.4289 0.0000e+00
      29034 314.098631  -62.14118  -58.43142     -0.798    1448.41     11.000     10.894    -0.5728    -0.5720     0.0008    -0.5731    -0.5723     0.0008   2.800730   2.800692  -0.000034    34.2672    34.2659     7.6598    27.5421    27.5409    34.2673    27.5421    1445.68    1445.69    -0.5731  1027.5978    34.4308 0.0000e+00
      29065 314.098646  -62.14118  -58.43141     -0.795    1448.41     10.000      9.904    -0.5727    -0.5720     0.0008    -0.5730    -0.5722     0.0008   2.800665   2.800630  -0.000033    34.2669    34.2656     7.6697    27.5418    27.5407    34.2669    27.5418    1445.67    1445.67    -0.5730  1027.5942    34.4322 0.0000e+00
      29098 314.098662  -62.14118  -58.43139     -0.751    1448.41      9.000      8.913    -0.5727    -0.5720     0.0007    -0.5730    -0.5722     0.0007   2.800581   2.800566  -0.000016    34.2664    34.2653     7.6613    27.5414    27.5405    34.2664    27.5414    1445.65    1445.65    -0.5730  1027.5890    34.4317 0.0000e+00
      29149 314.098686  -62.14118  -58.43137     -0.461    1448.41      8.000      7.923    -0.5729    -0.5721     0.0008    -0.5731    -0.5723     0.0008   2.800483   2.800480  -0.000003    34.2659    34.2649     7.6467    27.5410    27.5402    34.2659    27.5410    1445.63    1445.64    -0.5731  1027.5838    34.4312 0.0000e+00
      29201 314.098711  -62.14119  -58.43135     -0.473    1448.41      7.000      6.933    -0.5730    -0.5722     0.0009    -0.5732    -0.5724     0.0009   2.800440   2.800388  -0.000053    34.2661    34.2644     7.6534    27.5411    27.5397    34.2661    27.5412    1445.62    1445.62    -0.5732  1027.5792    34.4314 0.0000e+00
      29246 314.098733  -62.14120  -58.43133     -0.534    1448.41      6.000      5.944    -0.5731    -0.5722     0.0008    -0.5732    -0.5724     0.0008   2.800379   2.800354  -0.000026    34.2659    34.2647     7.6521    27.5410    27.5400    34.2659    27.5410    1445.60    1445.60    -0.5733  1027.5743    34.4312 0.0000e+00
      29304 314.098761  -62.14120  -58.43130     -0.405    1448.41      5.000      4.950    -0.5731    -0.5723     0.0008    -0.5732    -0.5725     0.0008   2.800360   2.800321  -0.000041    34.2663    34.2649     7.6402    27.5414    27.5402    34.2663    27.5413    1445.58    1445.59    -0.5732  1027.5698    34.4316 0.0000e+00
      29364 314.098790  -62.14122  -58.43127     -0.399    1448.41      4.000      3.965    -0.5728    -0.5721     0.0007    -0.5729    -0.5722     0.0007   2.800372   2.800335  -0.000034    34.2667    34.2654     7.6483    27.5416    27.5406    34.2668    27.5417    1445.57    1445.57    -0.5729  1027.5654    34.4321 0.0000e+00
      29483 314.098847  -62.14124  -58.43122     -0.166    1448.41      3.000      2.971    -0.5702    -0.5704    -0.0001    -0.5703    -0.5705    -0.0001   2.800560   2.800461  -0.000103    34.2670    34.2658     7.6556    27.5417    27.5407    34.2670    27.5418    1445.57    1445.56    -0.5703  1027.5607    34.4323 0.0000e+00
      29794 314.098997  -62.14128  -58.43110     -0.004    1448.41      2.000      1.990    -0.5574    -0.5568     0.0006    -0.5575    -0.5569     0.0006   2.801611   2.801566  -0.000026    34.2671    34.2661     7.6481    27.5413    27.5404    34.2673    27.5415    1445.61    1445.61    -0.5575  1027.5555    34.4326 0.0000e+00
