Pos-Processados/process_op42/Processamento_split/up/uoperantar42_053.cnv
* Sea-Bird SBE 9 Data File:
* FileName = C:\Users\Hidrografia\Desktop\OPXLII\Brutos\OP42053.hdr
* Software Version Seasave V 7.26.7.107
* Temperature SN = 6502
* Conductivity SN = 4998
* Number of Bytes Per Scan = 37
* Number of Voltage Words = 4
* Number of Scans Averaged by the Deck Unit = 1
* NMEA Latitude = 62 18.18 S
* NMEA Longitude = 058 13.23 W
* NMEA UTC (Time) = Nov 17 2023 02:11:25
* NMEA baud rate = 4800
** H41
** NPOALTEMAXIMIANO
** NUMERO DA ESTACAO (XXX) 053
** LAT (XX XX.XX S/N) 62 18.18 S
** LONG (XXX XX.XX W/E) 058 13.43 W
** DATAHORA (dd/mm/aaaa hh:mm Z) 17/11/2023 0204Z
** PROFUNDIDADE (m) 1485 m
** OPERADOR CT FILIPE LOPES
# nquan = 30
# nvalues = 1377                        
# units = specified
# name 0 = scan: Scan Count
# name 1 = timeJ: Julian Days
# name 2 = latitude: Latitude [deg]
# name 3 = longitude: Longitude [deg]
# name 4 = dz/dtM: Descent Rate [m/s]
# name 5 = avgsvCM: Average Sound Velocity [Chen-Millero, m/s]
# name 6 = prDM: Pressure, Digiquartz [db]
# name 7 = depSM: Depth [salt water, m]
# name 8 = t090C: Temperature [ITS-90, deg C]
# name 9 = t190C: Temperature, 2 [ITS-90, deg C]
# name 10 = T2-T190C: Temperature Difference, 2 - 1 [ITS-90, deg C]
# name 11 = potemp090C: Potential Temperature [ITS-90, deg C]
# name 12 = potemp190C: Potential Temperature, 2 [ITS-90, deg C]
# name 13 = potemp90Cdiff: Potential Temperature, Diff, 2 - 1 [ITS-90, deg C]
# name 14 = c0S/m: Conductivity [S/m]
# name 15 = c1S/m: Conductivity, 2 [S/m]
# name 16 = C2-C1S/m: Conductivity Difference, 2 - 1 [S/m]
# name 17 = sal00: Salinity, Practical [PSU]
# name 18 = sal11: Salinity, Practical, 2 [PSU]
# name 19 = sbeox0ML/L: Oxygen, SBE 43 [ml/l]
# name 20 = sigma-é00: Density [sigma-theta, kg/m^3]
# name 21 = sigma-é11: Density, 2 [sigma-theta, kg/m^3]
# name 22 = sal00: Salinity, Practical [PSU]
# name 23 = sigma-é00: Density [sigma-theta, kg/m^3]
# name 24 = svCM: Sound Velocity [Chen-Millero, m/s]
# name 25 = svCM1: Sound Velocity, 2 [Chen-Millero, m/s]
# name 26 = gsw_ptA0: potential temperature [ITS-90, deg C]
# name 27 = gsw_densityA0: density, TEOS-10 [density, kg/m^3]
# name 28 = gsw_saA0: Absolute Salinity [g/kg]
# name 29 = flag:
# span 0 =      37259,      69847       
# span 1 = 321.109230, 321.124945       
# span 2 =  -62.30464,  -62.30314       
# span 3 =  -58.21194,  -58.21132       
# span 4 =     -1.306,     -0.315       
# span 5 =    1457.04,    1457.04       
# span 6 =      2.000,   1378.000       
# span 7 =      1.985,   1360.262       
# span 8 =    -1.3466,     0.6212       
# span 9 =    -1.3457,     0.6223       
# span 10 =    -0.0265,     0.0543      
# span 11 =    -1.3909,     0.5946      
# span 12 =    -1.3900,     0.5957      
# span 13 =    -0.0265,     0.0539      
# span 14 =   2.797170,   2.950904      
# span 15 =   2.797164,   2.950888      
# span 16 =  -0.002105,   0.004159      
# span 17 =    34.2582,    34.5710      
# span 18 =    34.2554,    34.5693      
# span 19 =     5.1440,     7.8587      
# span 20 =    27.5245,    27.7777      
# span 21 =    27.5230,    27.7769      
# span 22 =    34.2589,    34.5724      
# span 23 =    27.5245,    27.7777      
# span 24 =    1446.72,    1464.93      
# span 25 =    1446.76,    1464.93      
# span 26 =    -1.3898,     0.5947      
# span 27 =  1027.5392,  1034.3121      
# span 28 =    34.4244,    34.7419      
# span 29 = 0.0000e+00, 0.0000e+00      
# interval = decibars: 1                
# start_time = Nov 17 2023 02:11:25 [NMEA time, header]
# bad_flag = -9.990e-29
*END*
[from data line 97]
      39794 321.110452  -62.30330  -58.21172     -1.067    1457.04   1281.000   1264.801    -1.3417    -1.3410     0.0007    -1.3871    -1.3864     0.0007   2.810970   2.810938  -0.000031    34.5181    34.5169     6.6498    27.7768    27.7758    34.5180    27.7767    1463.27    1463.27    -1.3861  1033.8572    34.6881 0.0000e+00
      39815 321.110462  -62.30330  -58.21172     -1.125    1457.04   1280.000   1263.816    -1.3419    -1.3410     0.0009    -1.3872    -1.3864     0.0009   2.810921   2.810899  -0.000024    34.5182    34.5169     6.6616    27.7769    27.7758    34.5181    27.7768    1463.25    1463.25    -1.3862  1033.8525    34.6882 0.0000e+00
      39836 321.110472  -62.30330  -58.21172     -1.150    1457.04   1279.000   1262.832    -1.3418    -1.3409     0.0009    -1.3871    -1.3862     0.0009   2.810884   2.810881  -0.000003    34.5182    34.5171     6.6554    27.7769    27.7759    34.5181    27.7767    1463.24    1463.24    -1.3861  1033.8479    34.6882 0.0000e+00
      39857 321.110482  -62.30330  -58.21172     -1.132    1457.04   1278.000   1261.848    -1.3416    -1.3405     0.0011    -1.3868    -1.3857     0.0011   2.810881   2.810875  -0.000008    34.5184    34.5170     6.6578    27.7770    27.7759    34.5183    27.7769    1463.22    1463.22    -1.3858  1033.8434    34.6884 0.0000e+00
      39881 321.110494  -62.30330  -58.21172     -1.061    1457.04   1277.000   1260.863    -1.3415    -1.3408     0.0006    -1.3867    -1.3861     0.0006   2.810837   2.810811  -0.000026    34.5183    34.5173     6.6560    27.7770    27.7761    34.5182    27.7768    1463.20    1463.21    -1.3857  1033.8386    34.6883 0.0000e+00
      39907 321.110506  -62.30330  -58.21172     -0.972    1457.04   1276.000   1259.879    -1.3419    -1.3413     0.0006    -1.3871    -1.3865     0.0006   2.810758   2.810732  -0.000021    34.5183    34.5174     6.6580    27.7770    27.7762    34.5182    27.7769    1463.19    1463.19    -1.3861  1033.8340    34.6884 0.0000e+00
      39932 321.110519  -62.30330  -58.21172     -0.929    1457.04   1275.000   1258.894    -1.3424    -1.3418     0.0005    -1.3875    -1.3869     0.0005   2.810691   2.810651  -0.000041    34.5185    34.5174     6.6632    27.7771    27.7762    34.5184    27.7770    1463.17    1463.17    -1.3865  1033.8295    34.6885 0.0000e+00
      39958 321.110531  -62.30330  -58.21172     -0.928    1457.04   1274.000   1257.910    -1.3428    -1.3422     0.0006    -1.3879    -1.3873     0.0006   2.810606   2.810578  -0.000026    34.5184    34.5173     6.6507    27.7770    27.7762    34.5183    27.7769    1463.15    1463.15    -1.3868  1033.8247    34.6884 0.0000e+00
      39984 321.110544  -62.30330  -58.21172     -0.926    1457.04   1273.000   1256.926    -1.3430    -1.3424     0.0007    -1.3880    -1.3874     0.0007   2.810547   2.810530  -0.000019    34.5184    34.5175     6.6651    27.7771    27.7763    34.5183    27.7770    1463.13    1463.13    -1.3870  1033.8201    34.6884 0.0000e+00
      40010 321.110556  -62.30332  -58.21172     -0.919    1457.04   1272.000   1255.941    -1.3433    -1.3424     0.0009    -1.3883    -1.3873     0.0009   2.810485   2.810474  -0.000009    34.5184    34.5173     6.6426    27.7771    27.7761    34.5184    27.7770    1463.11    1463.11    -1.3872  1033.8155    34.6885 0.0000e+00
      40034 321.110568  -62.30332  -58.21172     -0.958    1457.04   1271.000   1254.957    -1.3434    -1.3426     0.0008    -1.3883    -1.3875     0.0008   2.810436   2.810417  -0.000019    34.5184    34.5173     6.6529    27.7771    27.7762    34.5184    27.7770    1463.10    1463.10    -1.3873  1033.8108    34.6885 0.0000e+00
      40057 321.110579  -62.30332  -58.21172     -1.029    1457.04   1270.000   1253.972    -1.3433    -1.3426     0.0007    -1.3882    -1.3875     0.0007   2.810408   2.810380  -0.000033    34.5186    34.5174     6.6615    27.7773    27.7762    34.5185    27.7772    1463.08    1463.08    -1.3872  1033.8063    34.6887 0.0000e+00
      40078 321.110589  -62.30332  -58.21171     -1.104    1457.04   1269.000   1252.988    -1.3434    -1.3426     0.0008    -1.3882    -1.3874     0.0008   2.810355   2.810335  -0.000016    34.5185    34.5174     6.6520    27.7771    27.7762    34.5184    27.7771    1463.06    1463.06    -1.3872  1033.8015    34.6886 0.0000e+00
      40098 321.110599  -62.30332  -58.21170     -1.157    1457.04   1268.000   1252.004    -1.3434    -1.3427     0.0007    -1.3882    -1.3875     0.0007   2.810317   2.810290  -0.000029    34.5186    34.5175     6.6645    27.7772    27.7763    34.5185    27.7772    1463.05    1463.05    -1.3872  1033.7969    34.6887 0.0000e+00
      40118 321.110608  -62.30332  -58.21170     -1.179    1457.04   1267.000   1251.019    -1.3434    -1.3425     0.0009    -1.3881    -1.3872     0.0009   2.810271   2.810251  -0.000022    34.5186    34.5173     6.6582    27.7772    27.7761    34.5185    27.7771    1463.03    1463.03    -1.3871  1033.7922    34.6886 0.0000e+00
      40140 321.110619  -62.30332  -58.21170     -1.158    1457.04   1266.000   1250.035    -1.3434    -1.3426     0.0008    -1.3880    -1.3873     0.0008   2.810235   2.810210  -0.000022    34.5185    34.5174     6.6458    27.7772    27.7762    34.5185    27.7772    1463.01    1463.01    -1.3871  1033.7875    34.6887 0.0000e+00
      40163 321.110630  -62.30332  -58.21170     -1.085    1457.04   1265.000   1249.050    -1.3434    -1.3426     0.0008    -1.3880    -1.3872     0.0008   2.810191   2.810179  -0.000015    34.5186    34.5175     6.6603    27.7772    27.7763    34.5185    27.7771    1463.00    1463.00    -1.3870  1033.7828    34.6886 0.0000e+00
      40189 321.110642  -62.30332  -58.21170     -0.978    1457.04   1264.000   1248.066    -1.3433    -1.3426     0.0008    -1.3879    -1.3872     0.0008   2.810146   2.810120  -0.000027    34.5185    34.5173     6.6527    27.7771    27.7761    34.5184    27.7771    1462.98    1462.98    -1.3869  1033.7781    34.6886 0.0000e+00
      40216 321.110655  -62.30332  -58.21170     -0.899    1457.04   1263.000   1247.082    -1.3434    -1.3428     0.0006    -1.3879    -1.3874     0.0006   2.810102   2.810064  -0.000036    34.5185    34.5174     6.6587    27.7771    27.7762    34.5185    27.7771    1462.96    1462.96    -1.3869  1033.7735    34.6886 0.0000e+00
      40244 321.110669  -62.30332  -58.21170     -0.868    1457.04   1262.000   1246.097    -1.3436    -1.3428     0.0008    -1.3880    -1.3873     0.0007   2.810040   2.810019  -0.000021    34.5185    34.5174     6.6521    27.7771    27.7762    34.5184    27.7771    1462.94    1462.95    -1.3871  1033.7688    34.6886 0.0000e+00
      40270 321.110682  -62.30332  -58.21170     -0.884    1457.04   1261.000   1245.113    -1.3438    -1.3431     0.0007    -1.3882    -1.3875     0.0007   2.809969   2.809952  -0.000015    34.5183    34.5173     6.6559    27.7770    27.7762    34.5183    27.7770    1462.93    1462.93    -1.3872  1033.7640    34.6884 0.0000e+00
      40295 321.110693  -62.30332  -58.21170     -0.943    1457.04   1260.000   1244.128    -1.3447    -1.3441     0.0006    -1.3891    -1.3885     0.0006   2.809846   2.809813  -0.000034    34.5184    34.5172     6.6629    27.7771    27.7761    34.5182    27.7769    1462.91    1462.91    -1.3881  1033.7593    34.6883 0.0000e+00
      40317 321.110704  -62.30332  -58.21170     -1.021    1457.04   1259.000   1243.144    -1.3454    -1.3446     0.0008    -1.3897    -1.3889     0.0008   2.809746   2.809722  -0.000025    34.5184    34.5172     6.6585    27.7771    27.7761    34.5182    27.7769    1462.89    1462.89    -1.3887  1033.7547    34.6883 0.0000e+00
      40339 321.110715  -62.30332  -58.21170     -1.081    1457.04   1258.000   1242.159    -1.3460    -1.3457     0.0003    -1.3903    -1.3900     0.0003   2.809625   2.809565  -0.000058    34.5181    34.5169     6.6707    27.7769    27.7760    34.5179    27.7767    1462.87    1462.87    -1.3893  1033.7498    34.6880 0.0000e+00
      40361 321.110725  -62.30333  -58.21170     -1.107    1457.04   1257.000   1241.175    -1.3466    -1.3456     0.0011    -1.3909    -1.3898     0.0011   2.809523   2.809535   0.000006    34.5179    34.5168     6.6505    27.7767    27.7758    34.5178    27.7766    1462.85    1462.85    -1.3898  1033.7451    34.6879 0.0000e+00
      40383 321.110736  -62.30334  -58.21170     -1.108    1457.04   1256.000   1240.191    -1.3458    -1.3441     0.0017    -1.3900    -1.3883     0.0017   2.809546   2.809592   0.000043    34.5176    34.5163     6.6510    27.7765    27.7754    34.5177    27.7765    1462.83    1462.84    -1.3890  1033.7403    34.6878 0.0000e+00
      40405 321.110746  -62.30334  -58.21170     -1.088    1457.04   1255.000   1239.206    -1.3440    -1.3428     0.0012    -1.3882    -1.3869     0.0012   2.809628   2.809655   0.000027    34.5173    34.5163     6.6661    27.7762    27.7753    34.5174    27.7762    1462.83    1462.83    -1.3872  1033.7352    34.6875 0.0000e+00
      40428 321.110758  -62.30334  -58.21170     -1.062    1457.04   1254.000   1238.221    -1.3442    -1.3431     0.0011    -1.3883    -1.3872     0.0011   2.809565   2.809578   0.000017    34.5173    34.5163     6.6573    27.7762    27.7753    34.5173    27.7762    1462.81    1462.81    -1.3873  1033.7305    34.6874 0.0000e+00
      40452 321.110769  -62.30334  -58.21170     -1.029    1457.04   1253.000   1237.237    -1.3437    -1.3428     0.0009    -1.3878    -1.3868     0.0009   2.809567   2.809571   0.000002    34.5173    34.5163     6.6713    27.7761    27.7753    34.5173    27.7762    1462.79    1462.80    -1.3868  1033.7258    34.6875 0.0000e+00
      40477 321.110781  -62.30334  -58.21170     -0.981    1457.04   1252.000   1236.253    -1.3430    -1.3422     0.0007    -1.3870    -1.3862     0.0007   2.809585   2.809568  -0.000015    34.5172    34.5162     6.6621    27.7761    27.7752    34.5173    27.7761    1462.78    1462.78    -1.3860  1033.7210    34.6874 0.0000e+00
      40502 321.110793  -62.30334  -58.21170     -0.940    1457.04   1251.000   1235.268    -1.3417    -1.3400     0.0017    -1.3857    -1.3840     0.0017   2.809655   2.809696   0.000035    34.5172    34.5158     6.6581    27.7761    27.7748    34.5174    27.7762    1462.77    1462.78    -1.3847  1033.7163    34.6875 0.0000e+00
      40527 321.110806  -62.30334  -58.21170     -0.945    1457.04   1250.000   1234.284    -1.3410    -1.3404     0.0006    -1.3849    -1.3844     0.0006   2.809645   2.809615  -0.000021    34.5169    34.5160     6.6641    27.7758    27.7750    34.5170    27.7758    1462.76    1462.76    -1.3839  1033.7113    34.6871 0.0000e+00
      40551 321.110817  -62.30334  -58.21170     -0.984    1457.04   1249.000   1233.299    -1.3404    -1.3404    -0.0000    -1.3843    -1.3843    -0.0000   2.809659   2.809581  -0.000081    34.5170    34.5159     6.6638    27.7758    27.7749    34.5171    27.7759    1462.74    1462.74    -1.3833  1033.7067    34.6872 0.0000e+00
      40574 321.110828  -62.30334  -58.21170     -1.019    1457.04   1248.000   1232.314    -1.3390    -1.3375     0.0016    -1.3829    -1.3814     0.0016   2.809741   2.809769   0.000017    34.5169    34.5154     6.6702    27.7757    27.7744    34.5172    27.7759    1462.73    1462.74    -1.3819  1033.7020    34.6874 0.0000e+00
      40598 321.110840  -62.30334  -58.21170     -1.026    1457.04   1247.000   1231.330    -1.3363    -1.3351     0.0012    -1.3802    -1.3790     0.0012   2.809925   2.809893  -0.000009    34.5168    34.5153     6.6543    27.7755    27.7743    34.5173    27.7759    1462.73    1462.73    -1.3792  1033.6971    34.6874 0.0000e+00
      40622 321.110851  -62.30335  -58.21170     -1.010    1457.04   1246.000   1230.346    -1.3348    -1.3341     0.0007    -1.3786    -1.3779     0.0007   2.809976   2.809949  -0.000043    34.5166    34.5152     6.6600    27.7753    27.7741    34.5168    27.7754    1462.72    1462.72    -1.3776  1033.6919    34.6869 0.0000e+00
      40646 321.110863  -62.30336  -58.21170     -1.005    1457.04   1245.000   1229.361    -1.3347    -1.3330     0.0016    -1.3784    -1.3768     0.0016   2.809948   2.809973   0.000026    34.5166    34.5151     6.6690    27.7753    27.7740    34.5168    27.7755    1462.70    1462.71    -1.3775  1033.6873    34.6869 0.0000e+00
      40670 321.110874  -62.30336  -58.21170     -1.007    1457.04   1244.000   1228.377    -1.3344    -1.3334     0.0011    -1.3781    -1.3771     0.0011   2.809911   2.809906 -8.211e-07    34.5165    34.5152     6.6534    27.7751    27.7741    34.5166    27.7753    1462.69    1462.69    -1.3771  1033.6824    34.6867 0.0000e+00
      40693 321.110885  -62.30336  -58.21170     -1.021    1457.04   1243.000   1227.392    -1.3348    -1.3335     0.0013    -1.3785    -1.3772     0.0013   2.809831   2.809861   0.000024    34.5165    34.5154     6.6579    27.7752    27.7742    34.5166    27.7753    1462.67    1462.67    -1.3775  1033.6778    34.6867 0.0000e+00
      40717 321.110897  -62.30336  -58.21170     -1.017    1457.04   1242.000   1226.407    -1.3348    -1.3336     0.0012    -1.3785    -1.3772     0.0012   2.809802   2.809814   0.000014    34.5166    34.5154     6.6536    27.7753    27.7743    34.5168    27.7754    1462.65    1462.66    -1.3775  1033.6732    34.6869 0.0000e+00
      40741 321.110908  -62.30336  -58.21170     -1.005    1457.04   1241.000   1225.423    -1.3344    -1.3337     0.0008    -1.3781    -1.3773     0.0008   2.809776   2.809753  -0.000020    34.5165    34.5154     6.6477    27.7752    27.7743    34.5166    27.7752    1462.64    1462.64    -1.3770  1033.6684    34.6867 0.0000e+00
      40764 321.110920  -62.30336  -58.21170     -1.008    1457.04   1240.000   1224.439    -1.3346    -1.3339     0.0007    -1.3782    -1.3774     0.0007   2.809707   2.809702  -0.000006    34.5164    34.5154     6.6565    27.7751    27.7743    34.5164    27.7751    1462.62    1462.62    -1.3772  1033.6636    34.6865 0.0000e+00
      40788 321.110931  -62.30336  -58.21168     -1.023    1457.04   1239.000   1223.454    -1.3343    -1.3332     0.0011    -1.3778    -1.3767     0.0011   2.809710   2.809718   0.000006    34.5165    34.5154     6.6510    27.7752    27.7742    34.5166    27.7753    1462.60    1462.61    -1.3768  1033.6590    34.6867 0.0000e+00
      40811 321.110942  -62.30336  -58.21168     -1.037    1457.04   1238.000   1222.469    -1.3341    -1.3330     0.0011    -1.3775    -1.3764     0.0011   2.809681   2.809681   0.000002    34.5165    34.5153     6.6536    27.7752    27.7741    34.5166    27.7752    1462.59    1462.59    -1.3766  1033.6543    34.6867 0.0000e+00
      40834 321.110953  -62.30336  -58.21168     -1.037    1457.04   1237.000   1221.484    -1.3348    -1.3338     0.0010    -1.3782    -1.3772     0.0010   2.809563   2.809567   0.000003    34.5164    34.5154     6.6491    27.7751    27.7742    34.5164    27.7751    1462.57    1462.57    -1.3772  1033.6495    34.6865 0.0000e+00
      40858 321.110965  -62.30336  -58.21168     -1.018    1457.04   1236.000   1220.500    -1.3354    -1.3346     0.0007    -1.3787    -1.3780     0.0007   2.809479   2.809463  -0.000015    34.5165    34.5155     6.6585    27.7752    27.7744    34.5165    27.7752    1462.55    1462.55    -1.3778  1033.6450    34.6866 0.0000e+00
      40883 321.110977  -62.30336  -58.21170     -0.975    1457.04   1235.000   1219.516    -1.3355    -1.3347     0.0008    -1.3788    -1.3780     0.0008   2.809427   2.809426  -0.000002    34.5166    34.5156     6.6654    27.7752    27.7744    34.5165    27.7752    1462.53    1462.53    -1.3778  1033.6403    34.6866 0.0000e+00
      40909 321.110990  -62.30337  -58.21170     -0.928    1457.04   1234.000   1218.531    -1.3353    -1.3339     0.0013    -1.3785    -1.3772     0.0013   2.809422   2.809429   0.000006    34.5167    34.5153     6.6563    27.7753    27.7741    34.5167    27.7754    1462.52    1462.52    -1.3776  1033.6358    34.6868 0.0000e+00
