Pos-Processados/process_op42/Processamento_split/up/uoperantar42_049.cnv
* Sea-Bird SBE 9 Data File:
* FileName = C:\Users\Hidrografia\Desktop\OPXLII\Brutos\OP42049.hdr
* Software Version Seasave V 7.26.7.107
* Temperature SN = 6502
* Conductivity SN = 4998
* Number of Bytes Per Scan = 37
* Number of Voltage Words = 4
* Number of Scans Averaged by the Deck Unit = 1
* NMEA Latitude = 62 08.21 S
* NMEA Longitude = 058 26.69 W
* NMEA UTC (Time) = Nov 10 2023 00:06:10
* NMEA baud rate = 4800
** H41
** NPOALTEMAXIMIANO
** NUMERO DA ESTACAO (XXX) 049
** LAT (XX XX.XX S/N) 62 08. S
** LONG (XXX XX.XX W/E) 058 26. W
** DATAHORA (dd/mm/aaaa hh:mm Z) 10/11/2023 0005Z
** PROFUNDIDADE (m) 424
** OPERADOR CT FILIPE LOPES
# nquan = 30
# nvalues = 383                         
# units = specified
# name 0 = scan: Scan Count
# name 1 = timeJ: Julian Days
# name 2 = latitude: Latitude [deg]
# name 3 = longitude: Longitude [deg]
# name 4 = dz/dtM: Descent Rate [m/s]
# name 5 = avgsvCM: Average Sound Velocity [Chen-Millero, m/s]
# name 6 = prDM: Pressure, Digiquartz [db]
# name 7 = depSM: Depth [salt water, m]
# name 8 = t090C: Temperature [ITS-90, deg C]
# name 9 = t190C: Temperature, 2 [ITS-90, deg C]
# name 10 = T2-T190C: Temperature Difference, 2 - 1 [ITS-90, deg C]
# name 11 = potemp090C: Potential Temperature [ITS-90, deg C]
# name 12 = potemp190C: Potential Temperature, 2 [ITS-90, deg C]
# name 13 = potemp90Cdiff: Potential Temperature, Diff, 2 - 1 [ITS-90, deg C]
# name 14 = c0S/m: Conductivity [S/m]
# name 15 = c1S/m: Conductivity, 2 [S/m]
# name 16 = C2-C1S/m: Conductivity Difference, 2 - 1 [S/m]
# name 17 = sal00: Salinity, Practical [PSU]
# name 18 = sal11: Salinity, Practical, 2 [PSU]
# name 19 = sbeox0ML/L: Oxygen, SBE 43 [ml/l]
# name 20 = sigma-é00: Density [sigma-theta, kg/m^3]
# name 21 = sigma-é11: Density, 2 [sigma-theta, kg/m^3]
# name 22 = sal00: Salinity, Practical [PSU]
# name 23 = sigma-é00: Density [sigma-theta, kg/m^3]
# name 24 = svCM: Sound Velocity [Chen-Millero, m/s]
# name 25 = svCM1: Sound Velocity, 2 [Chen-Millero, m/s]
# name 26 = gsw_ptA0: potential temperature [ITS-90, deg C]
# name 27 = gsw_densityA0: density, TEOS-10 [density, kg/m^3]
# name 28 = gsw_saA0: Absolute Salinity [g/kg]
# name 29 = flag:
# span 0 =      19031,      30652       
# span 1 = 314.013459, 314.019064       
# span 2 =  -62.14438,  -62.14168       
# span 3 =  -58.44450,  -58.44394       
# span 4 =     -0.982,     -0.271       
# span 5 =    1448.33,    1448.33       
# span 6 =      3.000,    385.000       
# span 7 =      2.981,    380.952       
# span 8 =    -0.7994,    -0.5071       
# span 9 =    -0.7985,    -0.5063       
# span 10 =    -0.0077,     0.0161      
# span 11 =    -0.8059,    -0.5188      
# span 12 =    -0.8050,    -0.5180      
# span 13 =    -0.0077,     0.0161      
# span 14 =   2.794208,   2.831899      
# span 15 =   2.794184,   2.831848      
# span 16 =  -0.000769,   0.001625      
# span 17 =    34.2679,    34.3928      
# span 18 =    34.2667,    34.3918      
# span 19 =     6.7489,     7.6170      
# span 20 =    27.5435,    27.6416      
# span 21 =    27.5425,    27.6407      
# span 22 =    34.2677,    34.3929      
# span 23 =    27.5434,    27.6417      
# span 24 =    1445.46,    1452.21      
# span 25 =    1445.46,    1452.21      
# span 26 =    -0.8058,    -0.5186      
# span 27 =  1027.5621,  1029.4814      
# span 28 =    34.4305,    34.5610      
# span 29 = 0.0000e+00, 0.0000e+00      
# interval = decibars: 1                
# start_time = Nov 10 2023 00:06:10 [NMEA time, header]
# bad_flag = -9.990e-29
*END*
[from data line 97]
      21973 314.014878  -62.14238  -58.44440     -0.874    1448.33    288.000    285.038    -0.6860    -0.6840     0.0020    -0.6951    -0.6931     0.0020   2.809333   2.809478   0.000140    34.3414    34.3410     7.1800    27.6074    27.6069    34.3409    27.6069    1449.76    1449.77    -0.6948  1028.9880    34.5086 0.0000e+00
      21998 314.014891  -62.14239  -58.44440     -0.919    1448.33    287.000    284.049    -0.6865    -0.6850     0.0014    -0.6955    -0.6941     0.0014   2.809234   2.809301   0.000074    34.3411    34.3405     7.1755    27.6072    27.6066    34.3406    27.6068    1449.74    1449.75    -0.6953  1028.9831    34.5084 0.0000e+00
      22024 314.014903  -62.14240  -58.44440     -0.940    1448.33    286.000    283.060    -0.6875    -0.6861     0.0014    -0.6965    -0.6950     0.0014   2.809054   2.809136   0.000081    34.3406    34.3400     7.1802    27.6067    27.6062    34.3400    27.6063    1449.72    1449.72    -0.6963  1028.9778    34.5078 0.0000e+00
      22052 314.014916  -62.14240  -58.44439     -0.899    1448.33    285.000    282.071    -0.6895    -0.6879     0.0016    -0.6985    -0.6969     0.0016   2.808789   2.808886   0.000091    34.3400    34.3394     7.1858    27.6064    27.6058    34.3394    27.6058    1449.69    1449.70    -0.6982  1028.9726    34.5071 0.0000e+00
      22081 314.014930  -62.14241  -58.44438     -0.835    1448.33    284.000    281.082    -0.6905    -0.6890     0.0016    -0.6994    -0.6979     0.0016   2.808633   2.808709   0.000096    34.3392    34.3387     7.1867    27.6058    27.6053    34.3390    27.6056    1449.67    1449.68    -0.6992  1028.9677    34.5067 0.0000e+00
      22109 314.014944  -62.14242  -58.44438     -0.836    1448.33    283.000    280.093    -0.6885    -0.6886    -0.0001    -0.6974    -0.6974    -0.0001   2.808747   2.808675  -0.000078    34.3392    34.3382     7.1939    27.6057    27.6049    34.3389    27.6054    1449.66    1449.66    -0.6972  1028.9627    34.5066 0.0000e+00
      22136 314.014957  -62.14242  -58.44438     -0.874    1448.33    282.000    279.104    -0.6911    -0.6894     0.0016    -0.6999    -0.6983     0.0016   2.808418   2.808519   0.000097    34.3385    34.3380     7.1953    27.6052    27.6047    34.3380    27.6048    1449.63    1449.64    -0.6997  1028.9573    34.5057 0.0000e+00
      22163 314.014970  -62.14242  -58.44438     -0.893    1448.33    281.000    278.115    -0.6929    -0.6911     0.0018    -0.7017    -0.6999     0.0018   2.808164   2.808276   0.000101    34.3378    34.3372     7.1980    27.6048    27.6042    34.3372    27.6043    1449.61    1449.61    -0.7015  1028.9521    34.5049 0.0000e+00
      22190 314.014983  -62.14244  -58.44438     -0.887    1448.33    280.000    277.126    -0.6967    -0.6941     0.0026    -0.7054    -0.7028     0.0026   2.807749   2.807932   0.000185    34.3372    34.3368     7.1973    27.6044    27.6039    34.3365    27.6038    1449.57    1449.58    -0.7052  1028.9469    34.5042 0.0000e+00
      22218 314.014997  -62.14244  -58.44438     -0.870    1448.33    279.000    276.136    -0.7007    -0.6977     0.0030    -0.7094    -0.7064     0.0030   2.807313   2.807534   0.000211    34.3367    34.3361     7.2145    27.6042    27.6035    34.3358    27.6034    1449.54    1449.55    -0.7092  1028.9417    34.5035 0.0000e+00
      22247 314.015010  -62.14245  -58.44438     -0.845    1448.33    278.000    275.147    -0.7053    -0.7022     0.0031    -0.7139    -0.7108     0.0031   2.806809   2.807042   0.000240    34.3355    34.3352     7.2155    27.6033    27.6030    34.3348    27.6028    1449.50    1449.51    -0.7137  1028.9364    34.5024 0.0000e+00
      22275 314.015024  -62.14246  -58.44438     -0.840    1448.33    277.000    274.159    -0.7082    -0.7065     0.0017    -0.7168    -0.7151     0.0017   2.806485   2.806565   0.000083    34.3352    34.3343     7.2176    27.6032    27.6025    34.3343    27.6025    1449.47    1449.47    -0.7166  1028.9314    34.5020 0.0000e+00
      22303 314.015037  -62.14246  -58.44438     -0.866    1448.33    276.000    273.170    -0.7105    -0.7090     0.0015    -0.7191    -0.7176     0.0015   2.806191   2.806278   0.000076    34.3346    34.3338     7.2159    27.6028    27.6022    34.3336    27.6020    1449.44    1449.44    -0.7189  1028.9262    34.5013 0.0000e+00
      22331 314.015051  -62.14248  -58.44438     -0.866    1448.33    275.000    272.180    -0.7140    -0.7119     0.0020    -0.7225    -0.7204     0.0020   2.805829   2.805939   0.000122    34.3338    34.3332     7.2221    27.6024    27.6018    34.3332    27.6019    1449.41    1449.41    -0.7223  1028.9213    34.5009 0.0000e+00
      22359 314.015065  -62.14248  -58.44438     -0.846    1448.33    274.000    271.191    -0.7148    -0.7133     0.0015    -0.7233    -0.7218     0.0015   2.805690   2.805747   0.000050    34.3337    34.3327     7.2495    27.6023    27.6014    34.3329    27.6016    1449.38    1449.39    -0.7231  1028.9163    34.5005 0.0000e+00
      22386 314.015078  -62.14249  -58.44438     -0.874    1448.33    273.000    270.202    -0.7165    -0.7149     0.0015    -0.7249    -0.7234     0.0015   2.805455   2.805529   0.000077    34.3329    34.3322     7.2446    27.6018    27.6011    34.3322    27.6012    1449.36    1449.37    -0.7247  1028.9111    34.4999 0.0000e+00
      22411 314.015090  -62.14250  -58.44438     -0.920    1448.33    272.000    269.213    -0.7184    -0.7162     0.0022    -0.7269    -0.7247     0.0022   2.805187   2.805351   0.000158    34.3323    34.3319     7.2444    27.6013    27.6009    34.3315    27.6006    1449.33    1449.34    -0.7266  1028.9058    34.4991 0.0000e+00
      22438 314.015103  -62.14250  -58.44438     -0.928    1448.33    271.000    268.224    -0.7207    -0.7192     0.0016    -0.7291    -0.7275     0.0016   2.804906   2.804994   0.000099    34.3315    34.3310     7.2457    27.6007    27.6003    34.3309    27.6003    1449.31    1449.31    -0.7289  1028.9007    34.4985 0.0000e+00
      22464 314.015115  -62.14250  -58.44438     -0.904    1448.33    270.000    267.235    -0.7215    -0.7203     0.0011    -0.7298    -0.7287     0.0011   2.804799   2.804831   0.000035    34.3314    34.3306     7.2549    27.6007    27.6000    34.3309    27.6003    1449.28    1449.29    -0.7296  1028.8960    34.4985 0.0000e+00
      22492 314.015129  -62.14252  -58.44438     -0.873    1448.33    269.000    266.246    -0.7217    -0.7207     0.0010    -0.7300    -0.7290     0.0010   2.804738   2.804747   0.000008    34.3315    34.3304     7.2707    27.6008    27.5999    34.3310    27.6004    1449.27    1449.27    -0.7298  1028.8913    34.4986 0.0000e+00
      22521 314.015143  -62.14252  -58.44438     -0.836    1448.33    268.000    265.257    -0.7226    -0.7217     0.0010    -0.7309    -0.7299     0.0010   2.804611   2.804605  -0.000004    34.3314    34.3302     7.2710    27.6007    27.5997    34.3309    27.6004    1449.25    1449.25    -0.7307  1028.8865    34.4985 0.0000e+00
      22550 314.015157  -62.14253  -58.44438     -0.824    1448.33    267.000    264.267    -0.7246    -0.7229     0.0017    -0.7329    -0.7312     0.0017   2.804385   2.804432   0.000041    34.3313    34.3299     7.2735    27.6008    27.5996    34.3307    27.6003    1449.22    1449.23    -0.7327  1028.8817    34.4983 0.0000e+00
      22577 314.015170  -62.14254  -58.44438     -0.871    1448.33    266.000    263.278    -0.7268    -0.7249     0.0019    -0.7350    -0.7331     0.0019   2.804082   2.804188   0.000104    34.3303    34.3296     7.2713    27.6001    27.5994    34.3297    27.5996    1449.19    1449.20    -0.7348  1028.8762    34.4973 0.0000e+00
      22603 314.015182  -62.14254  -58.44438     -0.920    1448.33    265.000    262.289    -0.7283    -0.7262     0.0020    -0.7364    -0.7344     0.0020   2.803871   2.804007   0.000130    34.3297    34.3292     7.2744    27.5997    27.5991    34.3291    27.5991    1449.17    1449.18    -0.7362  1028.8711    34.4967 0.0000e+00
      22629 314.015195  -62.14255  -58.44438     -0.930    1448.33    264.000    261.300    -0.7321    -0.7296     0.0024    -0.7402    -0.7377     0.0024   2.803495   2.803618   0.000128    34.3297    34.3287     7.2809    27.5998    27.5989    34.3290    27.5992    1449.13    1449.15    -0.7400  1028.8664    34.4966 0.0000e+00
      22656 314.015208  -62.14256  -58.44438     -0.890    1448.33    263.000    260.311    -0.7336    -0.7327     0.0009    -0.7416    -0.7407     0.0009   2.803250   2.803271   0.000028    34.3286    34.3279     7.2842    27.5989    27.5983    34.3280    27.5984    1449.11    1449.11    -0.7415  1028.8609    34.4956 0.0000e+00
      22685 314.015222  -62.14256  -58.44438     -0.844    1448.33    262.000    259.322    -0.7353    -0.7338     0.0015    -0.7434    -0.7419     0.0015   2.803052   2.803110   0.000049    34.3286    34.3276     7.2837    27.5990    27.5981    34.3279    27.5985    1449.09    1449.09    -0.7432  1028.8556    34.4947 0.0000e+00
      22713 314.015236 -9.990e-29  -58.44438     -0.834    1448.33    261.000    258.333    -0.7380    -0.7362     0.0019    -0.7460    -0.7442     0.0019   2.802732   2.802829   0.000094    34.3280    34.3271     7.2880    27.5986    27.5978    34.3273    27.5980    1449.06    1449.06    -0.7458  1028.8464    34.4891 0.0000e+00
      22740 314.015248 -9.990e-29  -58.44438     -0.884    1448.33    260.000    257.344    -0.7398    -0.7379     0.0019    -0.7478    -0.7459     0.0019   2.802477   2.802599   0.000125    34.3270    34.3266     7.2914    27.5979    27.5975    34.3264    27.5974    1449.03    1449.04    -0.7476  1028.8410    34.4883 0.0000e+00
      22767 314.015261 -9.990e-29  -58.44438     -0.903    1448.33    259.000    256.354    -0.7417    -0.7399     0.0018    -0.7496    -0.7478     0.0018   2.802258   2.802358   0.000104    34.3267    34.3261     7.3027    27.5978    27.5972    34.3262    27.5974    1449.01    1449.01    -0.7494  1028.8362    34.4881 0.0000e+00
      22796 314.015275  -62.14260  -58.44438     -0.852    1448.33    258.000    255.365    -0.7422    -0.7409     0.0013    -0.7501    -0.7488     0.0013   2.802183   2.802206   0.000023    34.3269    34.3258     7.2978    27.5979    27.5970    34.3264    27.5975    1448.99    1448.99    -0.7499  1028.8338    34.4910 0.0000e+00
      22827 314.015290  -62.14260  -58.44438     -0.792    1448.33    257.000    254.376    -0.7433    -0.7423     0.0010    -0.7511    -0.7502     0.0010   2.802039   2.802032   0.000002    34.3267    34.3256     7.3068    27.5978    27.5969    34.3263    27.5975    1448.96    1448.97    -0.7510  1028.8314    34.4939 0.0000e+00
      22856 314.015304  -62.14260  -58.44438     -0.800    1448.33    256.000    253.387    -0.7451    -0.7437     0.0015    -0.7530    -0.7515     0.0015   2.801759   2.801840   0.000069    34.3259    34.3251     7.3079    27.5972    27.5965    34.3253    27.5967    1448.94    1448.95    -0.7527  1028.8259    34.4928 0.0000e+00
      22882 314.015317  -62.14262  -58.44438     -0.873    1448.33    255.000    252.398    -0.7475    -0.7462     0.0013    -0.7552    -0.7540     0.0013   2.801470   2.801531   0.000063    34.3253    34.3247     7.3112    27.5968    27.5962    34.3246    27.5963    1448.91    1448.92    -0.7551  1028.8207    34.4921 0.0000e+00
      22909 314.015330  -62.14262  -58.44438     -0.910    1448.33    254.000    251.408    -0.7501    -0.7483     0.0018    -0.7578    -0.7560     0.0017   2.801177   2.801281   0.000105    34.3247    34.3242     7.3260    27.5965    27.5960    34.3242    27.5960    1448.88    1448.89    -0.7576  1028.8157    34.4917 0.0000e+00
      22936 314.015343  -62.14263  -58.44438     -0.894    1448.33    253.000    250.419    -0.7510    -0.7494     0.0015    -0.7587    -0.7572     0.0015   2.801061   2.801117   0.000062    34.3247    34.3238     7.3194    27.5965    27.5957    34.3242    27.5961    1448.86    1448.87    -0.7585  1028.8110    34.4918 0.0000e+00
      22965 314.015357  -62.14264  -58.44438     -0.850    1448.33    252.000    249.430    -0.7518    -0.7503     0.0015    -0.7594    -0.7579     0.0015   2.800946   2.800983   0.000040    34.3246    34.3235     7.3257    27.5965    27.5955    34.3242    27.5961    1448.84    1448.85    -0.7593  1028.8063    34.4917 0.0000e+00
      22996 314.015372  -62.14264  -58.44438     -0.791    1448.33    251.000    248.441    -0.7541    -0.7522     0.0019    -0.7617    -0.7598     0.0019   2.800646   2.800743   0.000091    34.3241    34.3232     7.3313    27.5961    27.5953    34.3234    27.5955    1448.81    1448.82    -0.7615  1028.7988    34.4882 0.0000e+00
      23026 314.015386 -9.990e-29  -58.44438     -0.793    1448.33    250.000    247.452    -0.7567    -0.7545     0.0023    -0.7643    -0.7620     0.0023   2.800316   2.800471   0.000150    34.3232    34.3226     7.3321    27.5955    27.5949    34.3225    27.5950    1448.78    1448.79    -0.7641  1028.7912    34.4844 0.0000e+00
      23056 314.015401 -9.990e-29  -58.44438     -0.804    1448.33    249.000    246.462    -0.7599    -0.7576     0.0023    -0.7674    -0.7652     0.0023   2.799960   2.800101   0.000145    34.3226    34.3219     7.3450    27.5951    27.5945    34.3219    27.5946    1448.75    1448.76    -0.7673  1028.7860    34.4838 0.0000e+00
      23085 314.015415  -62.14266  -58.44438     -0.801    1448.33    248.000    245.473    -0.7617    -0.7597     0.0021    -0.7693    -0.7672     0.0021   2.799721   2.799850   0.000128    34.3220    34.3214     7.3409    27.5948    27.5942    34.3214    27.5943    1448.73    1448.73    -0.7690  1028.7818    34.4844 0.0000e+00
      23114 314.015429  -62.14268 -9.990e-29     -0.826    1448.33    247.000    244.484    -0.7638    -0.7620     0.0018    -0.7713    -0.7695     0.0018   2.799465   2.799560   0.000090    34.3216    34.3208     7.3486    27.5946    27.5938    34.3209    27.5940    1448.70    1448.71    -0.7711  1028.7823    34.4907 0.0000e+00
      23143 314.015443  -62.14268 -9.990e-29     -0.834    1448.33    246.000    243.495    -0.7654    -0.7636     0.0017    -0.7728    -0.7711     0.0017   2.799273   2.799348   0.000078    34.3212    34.3203     7.3497    27.5942    27.5934    34.3207    27.5938    1448.68    1448.68    -0.7726  1028.7775    34.4906 0.0000e+00
      23171 314.015456  -62.14268 -9.990e-29     -0.833    1448.33    245.000    242.506    -0.7665    -0.7650     0.0015    -0.7739    -0.7724     0.0015   2.799086   2.799153   0.000074    34.3206    34.3199     7.3551    27.5938    27.5932    34.3201    27.5934    1448.65    1448.66    -0.7737  1028.7723    34.4900 0.0000e+00
      23198 314.015469  -62.14270  -58.44436     -0.881    1448.33    244.000    241.516    -0.7674    -0.7663     0.0010    -0.7748    -0.7737     0.0010   2.798939   2.798957   0.000020    34.3202    34.3193     7.3615    27.5936    27.5928    34.3197    27.5931    1448.63    1448.64    -0.7746  1028.7662    34.4883 0.0000e+00
      23225 314.015482  -62.14270  -58.44436     -0.911    1448.33    243.000    240.527    -0.7680    -0.7669     0.0011    -0.7753    -0.7743     0.0011   2.798841   2.798857   0.000016    34.3201    34.3191     7.3684    27.5935    27.5926    34.3197    27.5931    1448.61    1448.62    -0.7752  1028.7605    34.4872 0.0000e+00
      23254 314.015496  -62.14270  -58.44436     -0.857    1448.33    242.000    239.538    -0.7682    -0.7666     0.0016    -0.7755    -0.7739     0.0016   2.798783   2.798847   0.000062    34.3201    34.3191     7.3708    27.5935    27.5926    34.3197    27.5932    1448.60    1448.60    -0.7753  1028.7558    34.4872 0.0000e+00
      23285 314.015511  -62.14272  -58.44436     -0.785    1448.33    241.000    238.548    -0.7682    -0.7674     0.0007    -0.7754    -0.7747     0.0007   2.798729   2.798712  -0.000014    34.3199    34.3189     7.3708    27.5933    27.5924    34.3196    27.5930    1448.58    1448.58    -0.7753  1028.7509    34.4870 0.0000e+00
