Pos-Processados/process_op42/Processamento_split/up/uoperantar42_016.cnv
* Sea-Bird SBE 9 Data File:
* FileName = C:\Users\Hidrografia\Desktop\OPXLII\Brutos\OP42016.hdr
* Software Version Seasave V 7.26.7.107
* Temperature SN = 6502
* Conductivity SN = 4998
* Number of Bytes Per Scan = 31
* Number of Voltage Words = 2
* Number of Scans Averaged by the Deck Unit = 1
* NMEA Latitude = 47 17.16 S
* NMEA Longitude = 059 17.59 W
* NMEA UTC (Time) = Oct 21 2023 04:54:38
* NMEA baud rate = 4800
** H41
** NPOALTEMAXIMIANO
** NUMERO DA ESTACAO (XXX) 016
** LAT (XX XX.XX S/N) 47 17.23 S
** LONG (XXX XX.XX W/E) 059 17.82 W
** DATAHORA (dd/mm/aaaa hh:mm Z) 21/10/2023 0454Z
** PROFUNDIDADE (m) 1301
** OPERADOR CT FABIREZA
# nquan = 30
# nvalues = 1010                        
# units = specified
# name 0 = scan: Scan Count
# name 1 = timeJ: Julian Days
# name 2 = latitude: Latitude [deg]
# name 3 = longitude: Longitude [deg]
# name 4 = dz/dtM: Descent Rate [m/s]
# name 5 = avgsvCM: Average Sound Velocity [Chen-Millero, m/s]
# name 6 = prDM: Pressure, Digiquartz [db]
# name 7 = depSM: Depth [salt water, m]
# name 8 = t090C: Temperature [ITS-90, deg C]
# name 9 = t190C: Temperature, 2 [ITS-90, deg C]
# name 10 = T2-T190C: Temperature Difference, 2 - 1 [ITS-90, deg C]
# name 11 = potemp090C: Potential Temperature [ITS-90, deg C]
# name 12 = potemp190C: Potential Temperature, 2 [ITS-90, deg C]
# name 13 = potemp90Cdiff: Potential Temperature, Diff, 2 - 1 [ITS-90, deg C]
# name 14 = c0S/m: Conductivity [S/m]
# name 15 = c1S/m: Conductivity, 2 [S/m]
# name 16 = C2-C1S/m: Conductivity Difference, 2 - 1 [S/m]
# name 17 = sal00: Salinity, Practical [PSU]
# name 18 = sal11: Salinity, Practical, 2 [PSU]
# name 19 = sbeox0ML/L: Oxygen, SBE 43 [ml/l]
# name 20 = sigma-é00: Density [sigma-theta, kg/m^3]
# name 21 = sigma-é11: Density, 2 [sigma-theta, kg/m^3]
# name 22 = sal00: Salinity, Practical [PSU]
# name 23 = sigma-é00: Density [sigma-theta, kg/m^3]
# name 24 = svCM: Sound Velocity [Chen-Millero, m/s]
# name 25 = svCM1: Sound Velocity, 2 [Chen-Millero, m/s]
# name 26 = gsw_ptA0: potential temperature [ITS-90, deg C]
# name 27 = gsw_densityA0: density, TEOS-10 [density, kg/m^3]
# name 28 = gsw_saA0: Absolute Salinity [g/kg]
# name 29 = flag:
# span 0 =      31521,      65192       
# span 1 = 294.219807, 294.236045       
# span 2 =  -47.28607,  -47.28420       
# span 3 =  -59.30431,  -59.29656       
# span 4 =     -1.522,     -0.152       
# span 5 =    1472.95,    1472.95       
# span 6 =      2.000,   1011.000       
# span 7 =      2.000,   1000.141       
# span 8 =     2.6961,     6.2271       
# span 9 =     2.6972,     6.2263       
# span 10 =    -0.0345,     0.0544      
# span 11 =     2.6299,     6.2268      
# span 12 =     2.6311,     6.2258      
# span 13 =    -0.0345,     0.0544      
# span 14 =   3.134724,   3.370521      
# span 15 =   3.134736,   3.370743      
# span 16 =  -0.003096,   0.004906      
# span 17 =    34.0117,    34.3929      
# span 18 =    34.0200,    34.3924      
# span 19 =     4.3024,     7.2307      
# span 20 =    26.7497,    27.4333      
# span 21 =    26.7497,    27.4328      
# span 22 =    34.0228,    34.3929      
# span 23 =    26.7517,    27.4333      
# span 24 =    1469.45,    1476.94      
# span 25 =    1469.47,    1476.94      
# span 26 =     2.6298,     6.2268      
# span 27 =  1026.7629,  1032.1269      
# span 28 =    34.1835,    34.5599      
# span 29 = 0.0000e+00, 0.0000e+00      
# interval = decibars: 1                
# start_time = Oct 21 2023 04:54:38 [NMEA time, header]
# bad_flag = -9.990e-29
*END*
[from data line 194]
      37134 294.222514  -47.28568  -59.29794     -0.491    1472.95    817.000    808.604     3.0205     3.0222     0.0017     2.9664     2.9681     0.0017   3.144137   3.144201   0.000065    34.2650    34.2641     5.0047    27.3014    27.3005    34.2653    27.3016    1474.95    1474.96     2.9663  1031.0962    34.4307 0.0000e+00
      37164 294.222528  -47.28568  -59.29794     -0.716    1472.95    816.000    807.617     3.0209     3.0216     0.0007     2.9669     2.9676     0.0007   3.144111   3.144112   0.000007    34.2649    34.2643     5.0037    27.3013    27.3007    34.2652    27.3015    1474.93    1474.94     2.9668  1031.0914    34.4305 0.0000e+00
      37186 294.222539  -47.28568  -59.29794     -0.942    1472.95    815.000    806.629     3.0219     3.0219    -0.0000     2.9680     2.9680    -0.0000   3.144121   3.144101  -0.000021    34.2644    34.2642     5.0083    27.3008    27.3006    34.2647    27.3010    1474.92    1474.92     2.9679  1031.0863    34.4300 0.0000e+00
      37206 294.222549  -47.28568  -59.29794     -1.123    1472.95    814.000    805.641     3.0240     3.0245     0.0004     2.9701     2.9706     0.0004   3.144203   3.144180  -0.000019    34.2636    34.2629     5.0177    27.3000    27.2994    34.2640    27.3002    1474.92    1474.92     2.9700  1031.0809    34.4294 0.0000e+00
      37225 294.222558  -47.28566  -59.29796     -1.218    1472.95    813.000    804.653     3.0256     3.0258     0.0002     2.9718     2.9719     0.0002   3.144242   3.144209  -0.000034    34.2631    34.2625     5.0143    27.2993    27.2988    34.2633    27.2996    1474.90    1474.90     2.9717  1031.0756    34.4287 0.0000e+00
      37247 294.222568  -47.28566  -59.29796     -1.182    1472.95    812.000    803.666     3.0259     3.0266     0.0007     2.9722     2.9728     0.0007   3.144209   3.144217   0.000004    34.2629    34.2622     5.0207    27.2992    27.2986    34.2631    27.2993    1474.89    1474.89     2.9721  1031.0708    34.4284 0.0000e+00
      37274 294.222581  -47.28566  -59.29796     -0.991    1472.95    811.000    802.678     3.0260     3.0272     0.0012     2.9723     2.9734     0.0012   3.144172   3.144191   0.000019    34.2629    34.2619     5.0218    27.2992    27.2983    34.2631    27.2993    1474.87    1474.88     2.9722  1031.0662    34.4284 0.0000e+00
      37304 294.222596  -47.28566  -59.29796     -0.800    1472.95    810.000    801.690     3.0273     3.0284     0.0012     2.9737     2.9748     0.0012   3.144157   3.144182   0.000025    34.2618    34.2609     5.0232    27.2982    27.2974    34.2621    27.2984    1474.86    1474.86     2.9736  1031.0606    34.4274 0.0000e+00
      37333 294.222610  -47.28566  -59.29798     -0.809    1472.95    809.000    800.702     3.0288     3.0294     0.0006     2.9752     2.9758     0.0006   3.144109   3.144135   0.000026    34.2603    34.2600     5.0279    27.2968    27.2965    34.2604    27.2969    1474.85    1474.85     2.9751  1031.0545    34.4257 0.0000e+00
      37363 294.222624  -47.28566  -59.29799     -0.831    1472.95    808.000    799.714     3.0300     3.0300     0.0000     2.9765     2.9766     0.0000   3.144075   3.144077   0.000005    34.2591    34.2591     5.0264    27.2957    27.2958    34.2593    27.2959    1474.84    1474.84     2.9764  1031.0488    34.4245 0.0000e+00
      37395 294.222640  -47.28566  -59.29800     -0.748    1472.95    807.000    798.726     3.0344     3.0358     0.0015     2.9809     2.9824     0.0014   3.144246   3.144332   0.000080    34.2567    34.2562     5.0407    27.2935    27.2929    34.2573    27.2939    1474.84    1474.84     2.9808  1031.0422    34.4226 0.0000e+00
      37425 294.222654  -47.28566  -59.29800     -0.764    1472.95    806.000    797.738     3.0406     3.0416     0.0010     2.9871     2.9882     0.0010   3.144594   3.144602   0.000013    34.2549    34.2540     5.0551    27.2915    27.2906    34.2555    27.2919    1474.84    1474.85     2.9871  1031.0354    34.4207 0.0000e+00
      37447 294.222665  -47.28566  -59.29800     -0.946    1472.95    805.000    796.751     3.0431     3.0419    -0.0011     2.9897     2.9886    -0.0011   3.144739   3.144603  -0.000129    34.2544    34.2540     5.0609    27.2908    27.2906    34.2551    27.2914    1474.84    1474.83     2.9896  1031.0303    34.4204 0.0000e+00
      37467 294.222675  -47.28566  -59.29800     -1.122    1472.95    804.000    795.763     3.0469     3.0459    -0.0010     2.9937     2.9926    -0.0010   3.144948   3.144826  -0.000127    34.2534    34.2530     5.0618    27.2897    27.2894    34.2541    27.2902    1474.84    1474.83     2.9935  1031.0244    34.4193 0.0000e+00
      37487 294.222684  -47.28565  -59.29801     -1.199    1472.95    803.000    794.775     3.0479     3.0484     0.0005     2.9946     2.9951     0.0005   3.144978   3.144950  -0.000021    34.2534    34.2526     5.0727    27.2896    27.2889    34.2540    27.2900    1474.82    1474.82     2.9945  1031.0196    34.4192 0.0000e+00
      37513 294.222697  -47.28564  -59.29802     -1.061    1472.95    802.000    793.787     3.0491     3.0497     0.0006     2.9959     2.9965     0.0006   3.145005   3.145006  -0.000005    34.2531    34.2525     5.0849    27.2892    27.2887    34.2536    27.2896    1474.81    1474.81     2.9958  1031.0145    34.4188 0.0000e+00
      37546 294.222712  -47.28564  -59.29802     -0.770    1472.95    801.000    792.799     3.0504     3.0516     0.0013     2.9973     2.9985     0.0013   3.145049   3.145079   0.000030    34.2528    34.2518     5.0975    27.2888    27.2880    34.2533    27.2892    1474.80    1474.80     2.9972  1031.0095    34.4185 0.0000e+00
      37577 294.222728  -47.28564  -59.29804     -0.739    1472.95    800.000    791.811     3.0517     3.0531     0.0014     2.9987     3.0001     0.0014   3.145065   3.145107   0.000036    34.2522    34.2512     5.0966    27.2883    27.2873    34.2526    27.2885    1474.79    1474.79     2.9986  1031.0042    34.4178 0.0000e+00
      37603 294.222740  -47.28564  -59.29804     -0.856    1472.95    799.000    790.823     3.0536     3.0533    -0.0003     3.0006     3.0003    -0.0003   3.145102   3.145067  -0.000021    34.2510    34.2511     5.1011    27.2872    27.2872    34.2516    27.2876    1474.78    1474.78     3.0005  1030.9986    34.4168 0.0000e+00
      37627 294.222752  -47.28564  -59.29805     -0.971    1472.95    798.000    789.836     3.0554     3.0550    -0.0005     3.0025     3.0020    -0.0005   3.145166   3.145102  -0.000067    34.2505    34.2502     5.1011    27.2866    27.2863    34.2509    27.2869    1474.77    1474.77     3.0024  1030.9933    34.4161 0.0000e+00
      37649 294.222762  -47.28564  -59.29806     -1.064    1472.95    797.000    788.848     3.0575     3.0578     0.0003     3.0046     3.0050     0.0003   3.145217   3.145206  -0.000006    34.2494    34.2490     5.1052    27.2855    27.2851    34.2499    27.2859    1474.76    1474.76     3.0045  1030.9876    34.4151 0.0000e+00
      37673 294.222774  -47.28564  -59.29806     -1.049    1472.95    796.000    787.860     3.0585     3.0581    -0.0005     3.0057     3.0053    -0.0005   3.145240   3.145178  -0.000061    34.2492    34.2490     5.1061    27.2852    27.2851    34.2496    27.2855    1474.75    1474.75     3.0056  1030.9827    34.4148 0.0000e+00
      37700 294.222787  -47.28564  -59.29806     -0.927    1472.95    795.000    786.872     3.0600     3.0607     0.0007     3.0073     3.0080     0.0007   3.145279   3.145282  -0.000005    34.2486    34.2478     5.1126    27.2846    27.2839    34.2491    27.2850    1474.74    1474.74     3.0072  1030.9774    34.4142 0.0000e+00
      37728 294.222800  -47.28564  -59.29807     -0.847    1472.95    794.000    785.884     3.0616     3.0637     0.0021     3.0090     3.0111     0.0021   3.145322   3.145393   0.000066    34.2479    34.2466     5.1166    27.2839    27.2826    34.2484    27.2842    1474.73    1474.73     3.0089  1030.9721    34.4135 0.0000e+00
      37753 294.222812  -47.28562  -59.29808     -0.913    1472.95    793.000    784.896     3.0649     3.0651     0.0002     3.0123     3.0125     0.0002   3.145463   3.145414  -0.000039    34.2466    34.2459     5.1203    27.2825    27.2820    34.2472    27.2830    1474.72    1474.72     3.0122  1030.9662    34.4123 0.0000e+00
      37775 294.222823  -47.28562  -59.29808     -1.027    1472.95    792.000    783.908     3.0688     3.0671    -0.0016     3.0162     3.0146    -0.0016   3.145662   3.145504  -0.000146    34.2453    34.2453     5.1303    27.2812    27.2813    34.2460    27.2817    1474.72    1474.71     3.0161  1030.9602    34.4111 0.0000e+00
      37796 294.222833  -47.28562  -59.29809     -1.108    1472.95    791.000    782.920     3.0724     3.0693    -0.0030     3.0199     3.0169    -0.0030   3.145803   3.145582  -0.000210    34.2438    34.2444     5.1304    27.2796    27.2804    34.2444    27.2801    1474.72    1474.70     3.0198  1030.9539    34.4095 0.0000e+00
      37820 294.222845  -47.28562  -59.29810     -1.070    1472.95    790.000    781.932     3.0752     3.0736    -0.0016     3.0228     3.0212    -0.0016   3.145932   3.145794  -0.000138    34.2428    34.2429     5.1333    27.2786    27.2787    34.2435    27.2791    1474.71    1474.70     3.0227  1030.9483    34.4086 0.0000e+00
      37852 294.222860  -47.28562  -59.29810     -0.831    1472.95    789.000    780.945     3.0771     3.0794     0.0023     3.0247     3.0270     0.0023   3.145995   3.146112   0.000095    34.2423    34.2410     5.1487    27.2780    27.2768    34.2428    27.2784    1474.70    1474.71     3.0246  1030.9430    34.4079 0.0000e+00
      37885 294.222876  -47.28562  -59.29811     -0.692    1472.95    788.000    779.956     3.0804     3.0824     0.0019     3.0281     3.0300     0.0019   3.146168   3.146241   0.000079    34.2413    34.2402     5.1671    27.2768    27.2758    34.2419    27.2774    1474.70    1474.70     3.0280  1030.9372    34.4070 0.0000e+00
      37912 294.222889  -47.28562  -59.29812     -0.835    1472.95    787.000    778.969     3.0831     3.0830    -0.0001     3.0308     3.0307    -0.0001   3.146306   3.146240  -0.000063    34.2407    34.2401     5.1730    27.2762    27.2756    34.2413    27.2767    1474.69    1474.69     3.0307  1030.9319    34.4064 0.0000e+00
      37935 294.222900  -47.28562  -59.29813     -0.978    1472.95    786.000    777.981     3.0851     3.0859     0.0008     3.0329     3.0337     0.0008   3.146373   3.146374  -0.000004    34.2400    34.2391     5.1697    27.2754    27.2746    34.2405    27.2758    1474.68    1474.69     3.0328  1030.9264    34.4055 0.0000e+00
      37957 294.222911  -47.28562  -59.29814     -1.065    1472.95    785.000    776.993     3.0863     3.0868     0.0005     3.0342     3.0346     0.0005   3.146413   3.146375  -0.000028    34.2397    34.2389     5.1757    27.2750    27.2744    34.2403    27.2755    1474.67    1474.67     3.0341  1030.9214    34.4053 0.0000e+00
      37981 294.222923  -47.28562  -59.29814     -1.029    1472.95    784.000    776.005     3.0872     3.0876     0.0005     3.0351     3.0356     0.0005   3.146411   3.146394  -0.000021    34.2394    34.2387     5.1817    27.2747    27.2741    34.2399    27.2751    1474.66    1474.66     3.0350  1030.9164    34.4049 0.0000e+00
      38010 294.222936  -47.28562  -59.29814     -0.902    1472.95    783.000    775.017     3.0883     3.0888     0.0005     3.0363     3.0368     0.0005   3.146436   3.146424  -0.000017    34.2390    34.2383     5.1838    27.2743    27.2737    34.2395    27.2747    1474.65    1474.65     3.0362  1030.9113    34.4045 0.0000e+00
      38040 294.222951  -47.28562  -59.29814     -0.794    1472.95    782.000    774.029     3.0896     3.0910     0.0014     3.0376     3.0390     0.0014   3.146481   3.146509   0.000033    34.2387    34.2376     5.1999    27.2739    27.2729    34.2392    27.2743    1474.64    1474.64     3.0375  1030.9064    34.4042 0.0000e+00
      38065 294.222963  -47.28560  -59.29816     -0.864    1472.95    781.000    773.041     3.0943     3.0935    -0.0008     3.0424     3.0416    -0.0008   3.146765   3.146625  -0.000127    34.2375    34.2368     5.1986    27.2725    27.2721    34.2382    27.2731    1474.64    1474.63     3.0423  1030.9005    34.4032 0.0000e+00
      38087 294.222974  -47.28560  -59.29816     -1.026    1472.95    780.000    772.053     3.0984     3.0978    -0.0006     3.0465     3.0459    -0.0006   3.146962   3.146868  -0.000109    34.2361    34.2355     5.2013    27.2710    27.2706    34.2368    27.2716    1474.64    1474.63     3.0465  1030.8942    34.4018 0.0000e+00
      38107 294.222983  -47.28560  -59.29816     -1.152    1472.95    779.000    771.065     3.1009     3.1019     0.0010     3.0491     3.0501     0.0010   3.147055   3.147069   0.000010    34.2352    34.2344     5.1969    27.2701    27.2693    34.2358    27.2706    1474.63    1474.63     3.0490  1030.8886    34.4008 0.0000e+00
      38130 294.222994  -47.28560  -59.29817     -1.129    1472.95    778.000    770.077     3.1022     3.1029     0.0007     3.0505     3.0512     0.0007   3.147106   3.147083  -0.000027    34.2350    34.2340     5.2018    27.2698    27.2689    34.2356    27.2703    1474.62    1474.62     3.0504  1030.8836    34.4006 0.0000e+00
      38166 294.223012  -47.28560  -59.29818     -0.747    1472.95    777.000    769.089     3.1029     3.1052     0.0023     3.0513     3.0535     0.0022   3.147044   3.147155   0.000107    34.2341    34.2330     5.2125    27.2690    27.2679    34.2346    27.2694    1474.60    1474.61     3.0512  1030.8782    34.3995 0.0000e+00
      38202 294.223029  -47.28560  -59.29818     -0.606    1472.95    776.000    768.101     3.1054     3.1069     0.0014     3.0538     3.0553     0.0014   3.147125   3.147174   0.000050    34.2330    34.2321     5.2216    27.2679    27.2670    34.2335    27.2683    1474.60    1474.60     3.0537  1030.8727    34.3988 0.0000e+00
      38226 294.223041  -47.28560 -9.990e-29     -0.865    1472.95    775.000    767.113     3.1043     3.1052     0.0009     3.0528     3.0537     0.0009   3.147017   3.147036   0.000032    34.2335    34.2330     5.2241    27.2684    27.2679    34.2339    27.2687    1474.58    1474.58     3.0527  1030.8686    34.3993 0.0000e+00
      38248 294.223051  -47.28560 -9.990e-29     -1.045    1472.95    774.000    766.125     3.1059     3.1076     0.0017     3.0544     3.0561     0.0017   3.147028   3.147087   0.000045    34.2325    34.2313     5.2334    27.2674    27.2663    34.2329    27.2677    1474.56    1474.57     3.0543  1030.8631    34.3983 0.0000e+00
      38272 294.223063  -47.28560 -9.990e-29     -1.065    1472.95    773.000    765.137     3.1079     3.1092     0.0013     3.0565     3.0578     0.0013   3.147073   3.147096   0.000023    34.2315    34.2304     5.2332    27.2664    27.2654    34.2318    27.2667    1474.56    1474.56     3.0564  1030.8574    34.3973 0.0000e+00
      38299 294.223076  -47.28560  -59.29822     -0.927    1472.95    772.000    764.149     3.1082     3.1092     0.0011     3.0568     3.0579     0.0011   3.147025   3.147053   0.000028    34.2312    34.2304     5.2358    27.2662    27.2654    34.2315    27.2664    1474.54    1474.54     3.0567  1030.8522    34.3966 0.0000e+00
      38324 294.223088  -47.28560  -59.29822     -0.891    1472.95    771.000    763.161     3.1084     3.1097     0.0014     3.0571     3.0585     0.0014   3.146982   3.147026   0.000044    34.2310    34.2301     5.2455    27.2660    27.2652    34.2312    27.2662    1474.52    1474.53     3.0571  1030.8472    34.3961 0.0000e+00
