Pos-Processados/process_op42/Processamento_split/up/uoperantar42_016.cnv
* Sea-Bird SBE 9 Data File:
* FileName = C:\Users\Hidrografia\Desktop\OPXLII\Brutos\OP42016.hdr
* Software Version Seasave V 7.26.7.107
* Temperature SN = 6502
* Conductivity SN = 4998
* Number of Bytes Per Scan = 31
* Number of Voltage Words = 2
* Number of Scans Averaged by the Deck Unit = 1
* NMEA Latitude = 47 17.16 S
* NMEA Longitude = 059 17.59 W
* NMEA UTC (Time) = Oct 21 2023 04:54:38
* NMEA baud rate = 4800
** H41
** NPOALTEMAXIMIANO
** NUMERO DA ESTACAO (XXX) 016
** LAT (XX XX.XX S/N) 47 17.23 S
** LONG (XXX XX.XX W/E) 059 17.82 W
** DATAHORA (dd/mm/aaaa hh:mm Z) 21/10/2023 0454Z
** PROFUNDIDADE (m) 1301
** OPERADOR CT FABIREZA
# nquan = 30
# nvalues = 1010                        
# units = specified
# name 0 = scan: Scan Count
# name 1 = timeJ: Julian Days
# name 2 = latitude: Latitude [deg]
# name 3 = longitude: Longitude [deg]
# name 4 = dz/dtM: Descent Rate [m/s]
# name 5 = avgsvCM: Average Sound Velocity [Chen-Millero, m/s]
# name 6 = prDM: Pressure, Digiquartz [db]
# name 7 = depSM: Depth [salt water, m]
# name 8 = t090C: Temperature [ITS-90, deg C]
# name 9 = t190C: Temperature, 2 [ITS-90, deg C]
# name 10 = T2-T190C: Temperature Difference, 2 - 1 [ITS-90, deg C]
# name 11 = potemp090C: Potential Temperature [ITS-90, deg C]
# name 12 = potemp190C: Potential Temperature, 2 [ITS-90, deg C]
# name 13 = potemp90Cdiff: Potential Temperature, Diff, 2 - 1 [ITS-90, deg C]
# name 14 = c0S/m: Conductivity [S/m]
# name 15 = c1S/m: Conductivity, 2 [S/m]
# name 16 = C2-C1S/m: Conductivity Difference, 2 - 1 [S/m]
# name 17 = sal00: Salinity, Practical [PSU]
# name 18 = sal11: Salinity, Practical, 2 [PSU]
# name 19 = sbeox0ML/L: Oxygen, SBE 43 [ml/l]
# name 20 = sigma-é00: Density [sigma-theta, kg/m^3]
# name 21 = sigma-é11: Density, 2 [sigma-theta, kg/m^3]
# name 22 = sal00: Salinity, Practical [PSU]
# name 23 = sigma-é00: Density [sigma-theta, kg/m^3]
# name 24 = svCM: Sound Velocity [Chen-Millero, m/s]
# name 25 = svCM1: Sound Velocity, 2 [Chen-Millero, m/s]
# name 26 = gsw_ptA0: potential temperature [ITS-90, deg C]
# name 27 = gsw_densityA0: density, TEOS-10 [density, kg/m^3]
# name 28 = gsw_saA0: Absolute Salinity [g/kg]
# name 29 = flag:
# span 0 =      31521,      65192       
# span 1 = 294.219807, 294.236045       
# span 2 =  -47.28607,  -47.28420       
# span 3 =  -59.30431,  -59.29656       
# span 4 =     -1.522,     -0.152       
# span 5 =    1472.95,    1472.95       
# span 6 =      2.000,   1011.000       
# span 7 =      2.000,   1000.141       
# span 8 =     2.6961,     6.2271       
# span 9 =     2.6972,     6.2263       
# span 10 =    -0.0345,     0.0544      
# span 11 =     2.6299,     6.2268      
# span 12 =     2.6311,     6.2258      
# span 13 =    -0.0345,     0.0544      
# span 14 =   3.134724,   3.370521      
# span 15 =   3.134736,   3.370743      
# span 16 =  -0.003096,   0.004906      
# span 17 =    34.0117,    34.3929      
# span 18 =    34.0200,    34.3924      
# span 19 =     4.3024,     7.2307      
# span 20 =    26.7497,    27.4333      
# span 21 =    26.7497,    27.4328      
# span 22 =    34.0228,    34.3929      
# span 23 =    26.7517,    27.4333      
# span 24 =    1469.45,    1476.94      
# span 25 =    1469.47,    1476.94      
# span 26 =     2.6298,     6.2268      
# span 27 =  1026.7629,  1032.1269      
# span 28 =    34.1835,    34.5599      
# span 29 = 0.0000e+00, 0.0000e+00      
# interval = decibars: 1                
# start_time = Oct 21 2023 04:54:38 [NMEA time, header]
# bad_flag = -9.990e-29
*END*
[from data line 49]
      33145 294.220590  -47.28596  -59.29696     -0.886    1472.95    962.000    951.785     2.7636     2.7641     0.0005     2.7006     2.7011     0.0004   3.136255   3.136255  -0.000006    34.3654    34.3649     4.4473    27.4052    27.4047    34.3655    27.4052    1476.38    1476.38     2.7005  1031.8721    34.5321 0.0000e+00
      33171 294.220603  -47.28596  -59.29696     -0.939    1472.95    961.000    950.797     2.7636     2.7655     0.0019     2.7006     2.7025     0.0019   3.136198   3.136247   0.000050    34.3653    34.3639     4.4453    27.4051    27.4038    34.3654    27.4052    1476.36    1476.37     2.7005  1031.8675    34.5320 0.0000e+00
      33197 294.220615  -47.28596  -59.29698     -0.921    1472.95    960.000    949.810     2.7644     2.7656     0.0012     2.7015     2.7027     0.0012   3.136165   3.136202   0.000036    34.3646    34.3637     4.4553    27.4044    27.4036    34.3646    27.4045    1476.35    1476.35     2.7014  1031.8622    34.5312 0.0000e+00
      33226 294.220630  -47.28596  -59.29698     -0.851    1472.95    959.000    948.823     2.7660     2.7660     0.0000     2.7032     2.7032     0.0000   3.136136   3.136150   0.000016    34.3630    34.3631     4.4511    27.4030    27.4032    34.3631    27.4031    1476.33    1476.33     2.7031  1031.8562    34.5297 0.0000e+00
      33256 294.220644  -47.28595  -59.29698     -0.801    1472.95    958.000    947.836     2.7671     2.7666    -0.0005     2.7044     2.7038    -0.0005   3.136086   3.136103   0.000020    34.3617    34.3625     4.4474    27.4019    27.4026    34.3618    27.4020    1476.32    1476.32     2.7043  1031.8505    34.5284 0.0000e+00
      33282 294.220656  -47.28594  -59.29698     -0.866    1472.95    957.000    946.849     2.7677     2.7673    -0.0004     2.7050     2.7046    -0.0004   3.136032   3.136050   0.000020    34.3610    34.3616     4.4573    27.4013    27.4018    34.3611    27.4013    1476.31    1476.30     2.7049  1031.8452    34.5277 0.0000e+00
      33303 294.220667  -47.28594  -59.29699     -1.017    1472.95    956.000    945.862     2.7675     2.7689     0.0013     2.7049     2.7063     0.0013   3.135987   3.136016   0.000023    34.3612    34.3600     4.4608    27.4014    27.4004    34.3612    27.4015    1476.29    1476.29     2.7048  1031.8407    34.5278 0.0000e+00
      33323 294.220676  -47.28594  -59.29700     -1.151    1472.95    955.000    944.875     2.7676     2.7691     0.0015     2.7051     2.7065     0.0015   3.135937   3.135981   0.000041    34.3609    34.3599     4.4651    27.4012    27.4003    34.3610    27.4013    1476.27    1476.28     2.7050  1031.8360    34.5276 0.0000e+00
      33344 294.220686  -47.28594  -59.29700     -1.196    1472.95    954.000    943.888     2.7678     2.7689     0.0011     2.7053     2.7064     0.0011   3.135892   3.135917   0.000023    34.3608    34.3599     4.4724    27.4011    27.4003    34.3609    27.4011    1476.26    1476.26     2.7052  1031.8312    34.5274 0.0000e+00
      33368 294.220698  -47.28596  -59.29702     -1.095    1472.95    953.000    942.901     2.7679     2.7686     0.0006     2.7056     2.7062     0.0006   3.135851   3.135871   0.000023    34.3606    34.3602     4.4733    27.4009    27.4006    34.3607    27.4010    1476.24    1476.24     2.7054  1031.8265    34.5272 0.0000e+00
      33399 294.220713  -47.28596  -59.29702     -0.818    1472.95    952.000    941.913     2.7680     2.7684     0.0003     2.7057     2.7060     0.0003   3.135798   3.135820   0.000023    34.3604    34.3604     4.4729    27.4008    27.4007    34.3605    27.4008    1476.22    1476.23     2.7056  1031.8217    34.5270 0.0000e+00
      33429 294.220727  -47.28595  -59.29703     -0.760    1472.95    951.000    940.926     2.7686     2.7692     0.0006     2.7063     2.7069     0.0006   3.135769   3.135789   0.000020    34.3600    34.3596     4.4744    27.4004    27.4000    34.3601    27.4004    1476.21    1476.21     2.7062  1031.8167    34.5266 0.0000e+00
      33450 294.220737  -47.28594  -59.29704     -0.956    1472.95    950.000    939.939     2.7688     2.7699     0.0011     2.7066     2.7077     0.0011   3.135744   3.135771   0.000028    34.3600    34.3592     4.4724    27.4003    27.3996    34.3600    27.4004    1476.19    1476.20     2.7065  1031.8121    34.5266 0.0000e+00
      33470 294.220747  -47.28594  -59.29704     -1.150    1472.95    949.000    938.952     2.7692     2.7702     0.0011     2.7071     2.7082     0.0011   3.135689   3.135729   0.000036    34.3595    34.3588     4.4730    27.3999    27.3992    34.3595    27.3999    1476.18    1476.18     2.7070  1031.8069    34.5260 0.0000e+00
      33492 294.220758  -47.28594  -59.29704     -1.159    1472.95    948.000    937.965     2.7697     2.7707     0.0010     2.7077     2.7086     0.0010   3.135658   3.135694   0.000037    34.3590    34.3585     4.4770    27.3995    27.3989    34.3591    27.3995    1476.16    1476.17     2.7076  1031.8020    34.5256 0.0000e+00
      33529 294.220776  -47.28594  -59.29706     -0.757    1472.95    947.000    936.978     2.7699     2.7704     0.0005     2.7079     2.7084     0.0005   3.135615   3.135646   0.000032    34.3588    34.3587     4.4786    27.3993    27.3992    34.3589    27.3993    1476.15    1476.15     2.7078  1031.7972    34.5254 0.0000e+00
      33581 294.220801  -47.28594  -59.29706     -0.427    1472.95    946.000    935.990     2.7720     2.7718    -0.0002     2.7101     2.7099    -0.0002   3.135645   3.135646 -1.442e-07    34.3574    34.3577     4.4774    27.3980    27.3982    34.3575    27.3980    1476.14    1476.14     2.7100  1031.7913    34.5240 0.0000e+00
      33613 294.220816  -47.28594  -59.29706     -0.660    1472.95    945.000    935.003     2.7716     2.7723     0.0006     2.7098     2.7104     0.0006   3.135542   3.135556   0.000024    34.3573    34.3569     4.4791    27.3979    27.3975    34.3572    27.3978    1476.12    1476.12     2.7097  1031.7865    34.5237 0.0000e+00
      33635 294.220826  -47.28594  -59.29708     -0.954    1472.95    944.000    934.016     2.7708     2.7703    -0.0005     2.7090     2.7085    -0.0005   3.135257   3.135071  -0.000176    34.3556    34.3540     4.4844    27.3966    27.3954    34.3552    27.3963    1476.10    1476.09     2.7089  1031.7804    34.5217 0.0000e+00
      33655 294.220836  -47.28594  -59.29708     -1.148    1472.95    943.000    933.029     2.7688     2.7683    -0.0005     2.7071     2.7067    -0.0005   3.134950   3.134736  -0.000214    34.3542    34.3522     4.4903    27.3957    27.3941    34.3541    27.3956    1476.07    1476.07     2.7070  1031.7751    34.5205 0.0000e+00
      33678 294.220847  -47.28594  -59.29708     -1.125    1472.95    942.000    932.041     2.7687     2.7691     0.0004     2.7072     2.7075     0.0004   3.134839   3.134870   0.000007    34.3533    34.3530     4.4929    27.3949    27.3946    34.3533    27.3949    1476.05    1476.05     2.7070  1031.7699    34.5198 0.0000e+00
      33707 294.220861  -47.28594  -59.29710     -0.887    1472.95    941.000    931.054     2.7724     2.7704    -0.0020     2.7108     2.7089    -0.0020   3.135071   3.135013  -0.000031    34.3525    34.3542     4.4997    27.3939    27.3955    34.3528    27.3942    1476.05    1476.04     2.7108  1031.7645    34.5193 0.0000e+00
      33734 294.220874  -47.28594  -59.29710     -0.838    1472.95    940.000    930.067     2.7763     2.7749    -0.0014     2.7148     2.7134    -0.0014   3.135291   3.135160  -0.000129    34.3515    34.3514     4.5106    27.3928    27.3928    34.3518    27.3931    1476.05    1476.04     2.7147  1031.7587    34.5183 0.0000e+00
      33754 294.220884  -47.28594  -59.29710     -1.028    1472.95    939.000    929.080     2.7793     2.7826     0.0033     2.7178     2.7212     0.0033   3.135495   3.135635   0.000098    34.3512    34.3489     4.5139    27.3924    27.3902    34.3516    27.3927    1476.05    1476.06     2.7178  1031.7536    34.5181 0.0000e+00
      33774 294.220894  -47.28594  -59.29712     -1.171    1472.95    938.000    928.092     2.7830     2.7867     0.0037     2.7216     2.7253     0.0037   3.135661   3.135809   0.000147    34.3498    34.3477     4.5187    27.3908    27.3888    34.3502    27.3912    1476.04    1476.05     2.7215  1031.7475    34.5167 0.0000e+00
      33799 294.220905  -47.28594  -59.29712     -1.088    1472.95    937.000    927.106     2.7847     2.7872     0.0025     2.7234     2.7259     0.0025   3.135689   3.135796   0.000108    34.3489    34.3476     4.5289    27.3900    27.3887    34.3493    27.3903    1476.03    1476.04     2.7233  1031.7419    34.5157 0.0000e+00
      33835 294.220923  -47.28593  -59.29714     -0.737    1472.95    936.000    926.118     2.7871     2.7854    -0.0017     2.7258     2.7242    -0.0017   3.135721   3.135645  -0.000055    34.3472    34.3484     4.5331    27.3885    27.3895    34.3477    27.3888    1476.02    1476.02     2.7257  1031.7358    34.5141 0.0000e+00
      33876 294.220943  -47.28592  -59.29714     -0.570    1472.95    935.000    925.131     2.7899     2.7879    -0.0020     2.7287     2.7266    -0.0020   3.135851   3.135729  -0.000129    34.3464    34.3470     4.5401    27.3876    27.3882    34.3468    27.3879    1476.02    1476.01     2.7286  1031.7302    34.5132 0.0000e+00
      33914 294.220961  -47.28592  -59.29714     -0.623    1472.95    934.000    924.144     2.7904     2.7911     0.0006     2.7293     2.7299     0.0006   3.135847   3.135848  -0.000004    34.3465    34.3457     4.5415    27.3876    27.3869    34.3468    27.3878    1476.00    1476.01     2.7292  1031.7255    34.5132 0.0000e+00
      33944 294.220976  -47.28592  -59.29716     -0.742    1472.95    933.000    923.156     2.7909     2.7919     0.0010     2.7298     2.7308     0.0010   3.135794   3.135783  -0.000010    34.3458    34.3447     4.5471    27.3870    27.3860    34.3461    27.3872    1475.99    1475.99     2.7297  1031.7203    34.5125 0.0000e+00
      33968 294.220987  -47.28592  -59.29716     -0.917    1472.95    932.000    922.169     2.7916     2.7934     0.0018     2.7306     2.7324     0.0018   3.135732   3.135763   0.000020    34.3450    34.3433     4.5443    27.3862    27.3847    34.3452    27.3864    1475.97    1475.98     2.7305  1031.7149    34.5116 0.0000e+00
      33991 294.220998  -47.28592  -59.29716     -1.035    1472.95    931.000    921.182     2.7938     2.7957     0.0019     2.7329     2.7348     0.0019   3.135749   3.135787   0.000041    34.3432    34.3417     4.5529    27.3846    27.3832    34.3435    27.3849    1475.97    1475.97     2.7328  1031.7087    34.5099 0.0000e+00
      34016 294.221010  -47.28592  -59.29718     -1.014    1472.95    930.000    920.195     2.7949     2.7960     0.0011     2.7340     2.7351     0.0011   3.135746   3.135776   0.000029    34.3426    34.3418     4.5537    27.3840    27.3833    34.3429    27.3843    1475.95    1475.96     2.7339  1031.7035    34.5092 0.0000e+00
      34043 294.221024  -47.28592  -59.29718     -0.895    1472.95    929.000    919.207     2.7964     2.7949    -0.0014     2.7356     2.7341    -0.0014   3.135761   3.135690  -0.000063    34.3417    34.3424     4.5610    27.3831    27.3839    34.3420    27.3834    1475.94    1475.94     2.7355  1031.6980    34.5084 0.0000e+00
      34069 294.221036  -47.28592  -59.29718     -0.898    1472.95    928.000    918.220     2.7984     2.7983    -0.0001     2.7376     2.7376    -0.0001   3.135809   3.135789  -0.000028    34.3406    34.3404     4.5618    27.3821    27.3819    34.3410    27.3824    1475.93    1475.93     2.7376  1031.6924    34.5073 0.0000e+00
      34091 294.221046  -47.28592  -59.29720     -1.013    1472.95    927.000    917.233     2.7997     2.8030     0.0033     2.7390     2.7423     0.0033   3.135867   3.136049   0.000158    34.3404    34.3388     4.5661    27.3818    27.3803    34.3408    27.3822    1475.92    1475.93     2.7389  1031.6875    34.5072 0.0000e+00
      34114 294.221057  -47.28592  -59.29720     -1.078    1472.95    926.000    916.246     2.8030     2.8062     0.0032     2.7424     2.7455     0.0032   3.136037   3.136199   0.000162    34.3395    34.3381     4.5664    27.3808    27.3794    34.3399    27.3812    1475.92    1475.93     2.7423  1031.6818    34.5063 0.0000e+00
      34141 294.221071  -47.28591  -59.29721     -0.947    1472.95    925.000    915.259     2.8043     2.8052     0.0009     2.7438     2.7446     0.0008   3.136013   3.136055   0.000052    34.3384    34.3381     4.5737    27.3798    27.3795    34.3387    27.3801    1475.90    1475.91     2.7436  1031.6761    34.5051 0.0000e+00
      34180 294.221089  -47.28590  -59.29722     -0.659    1472.95    924.000    914.271     2.8056     2.8042    -0.0014     2.7451     2.7437    -0.0014   3.135844   3.135874   0.000030    34.3359    34.3377     4.5800    27.3777    27.3793    34.3359    27.3777    1475.89    1475.89     2.7450  1031.6691    34.5022 0.0000e+00
      34219 294.221108  -47.28590  -59.29722     -0.598    1472.95    923.000    913.284     2.8025     2.8049     0.0024     2.7421     2.7445     0.0024   3.135436   3.135597   0.000157    34.3346    34.3340     4.5882    27.3769    27.3763    34.3347    27.3770    1475.86    1475.87     2.7420  1031.6639    34.5010 0.0000e+00
      34248 294.221122  -47.28590  -59.29723     -0.762    1472.95    922.000    912.296     2.8020     2.8022     0.0002     2.7416     2.7419     0.0002   3.135280   3.135230  -0.000041    34.3341    34.3333     4.5987    27.3766    27.3759    34.3339    27.3764    1475.84    1475.84     2.7415  1031.6588    34.5002 0.0000e+00
      34274 294.221135  -47.28590  -59.29724     -0.897    1472.95    921.000    911.309     2.7998     2.8007     0.0009     2.7395     2.7404     0.0009   3.134996   3.135014   0.000019    34.3333    34.3326     4.6140    27.3761    27.3755    34.3333    27.3761    1475.81    1475.81     2.7394  1031.6539    34.4996 0.0000e+00
      34300 294.221147  -47.28590  -59.29724     -0.903    1472.95    920.000    910.322     2.8000     2.8009     0.0009     2.7398     2.7407     0.0008   3.135000   3.134999 5.8235e-07    34.3335    34.3326     4.6175    27.3763    27.3755    34.3336    27.3763    1475.80    1475.80     2.7397  1031.6496    34.5000 0.0000e+00
      34324 294.221159  -47.28590 -9.990e-29     -0.950    1472.95    919.000    909.334     2.8014     2.8018     0.0004     2.7413     2.7417     0.0004   3.135030   3.135068   0.000033    34.3330    34.3330     4.6174    27.3757    27.3757    34.3330    27.3758    1475.79    1475.79     2.7412  1031.6444    34.4994 0.0000e+00
      34344 294.221168  -47.28590 -9.990e-29     -1.084    1472.95    918.000    908.347     2.8033     2.8062     0.0029     2.7433     2.7462     0.0029   3.135086   3.135275   0.000155    34.3319    34.3307     4.6168    27.3746    27.3735    34.3322    27.3749    1475.78    1475.79     2.7432  1031.6389    34.4986 0.0000e+00
      34362 294.221177  -47.28590 -9.990e-29     -1.231    1472.95    917.000    907.360     2.8060     2.8148     0.0089     2.7460     2.7548     0.0088   3.135276   3.135931   0.000613    34.3315    34.3296     4.6222    27.3742    27.3718    34.3322    27.3747    1475.77    1475.81     2.7459  1031.6341    34.4986 0.0000e+00
      34382 294.221187  -47.28590 -9.990e-29     -1.269    1472.95    916.000    906.373     2.8112     2.8209     0.0097     2.7512     2.7609     0.0097   3.135674   3.136410   0.000725    34.3314    34.3299     4.6285    27.3736    27.3715    34.3321    27.3741    1475.78    1475.82     2.7511  1031.6287    34.4985 0.0000e+00
