Pos-Processados/process_op42/Processamento_split/up/uoperantar42_012.cnv
* Sea-Bird SBE 9 Data File:
* FileName = C:\Users\Hidrografia\Desktop\OPXLII\Brutos\OP42012.hdr
* Software Version Seasave V 7.26.7.107
* Temperature SN = 6502
* Conductivity SN = 4998
* Number of Bytes Per Scan = 31
* Number of Voltage Words = 2
* Number of Scans Averaged by the Deck Unit = 1
* NMEA Latitude = 45 45.00 S
* NMEA Longitude = 055 01.26 W
* NMEA UTC (Time) = Oct 19 2023 15:31:14
* NMEA baud rate = 4800
** H41
** NPOALTEMAXIMIANO
** NUMERO DA ESTACAO (XXX) 012
** LAT (XX XX.XX S/N) 45 44.898 S
** LONG (XXX XX.XX W/E) 055 00.940 W
** DATAHORA (dd/mm/aaaa hh:mm Z) 19/10/2023 15:24 Z
** PROFUNDIDADE (m) 5690
** OPERADOR 1T ZAMITH
# nquan = 30
# nvalues = 1007                        
# units = specified
# name 0 = scan: Scan Count
# name 1 = timeJ: Julian Days
# name 2 = latitude: Latitude [deg]
# name 3 = longitude: Longitude [deg]
# name 4 = dz/dtM: Descent Rate [m/s]
# name 5 = avgsvCM: Average Sound Velocity [Chen-Millero, m/s]
# name 6 = prDM: Pressure, Digiquartz [db]
# name 7 = depSM: Depth [salt water, m]
# name 8 = t090C: Temperature [ITS-90, deg C]
# name 9 = t190C: Temperature, 2 [ITS-90, deg C]
# name 10 = T2-T190C: Temperature Difference, 2 - 1 [ITS-90, deg C]
# name 11 = potemp090C: Potential Temperature [ITS-90, deg C]
# name 12 = potemp190C: Potential Temperature, 2 [ITS-90, deg C]
# name 13 = potemp90Cdiff: Potential Temperature, Diff, 2 - 1 [ITS-90, deg C]
# name 14 = c0S/m: Conductivity [S/m]
# name 15 = c1S/m: Conductivity, 2 [S/m]
# name 16 = C2-C1S/m: Conductivity Difference, 2 - 1 [S/m]
# name 17 = sal00: Salinity, Practical [PSU]
# name 18 = sal11: Salinity, Practical, 2 [PSU]
# name 19 = sbeox0ML/L: Oxygen, SBE 43 [ml/l]
# name 20 = sigma-é00: Density [sigma-theta, kg/m^3]
# name 21 = sigma-é11: Density, 2 [sigma-theta, kg/m^3]
# name 22 = sal00: Salinity, Practical [PSU]
# name 23 = sigma-é00: Density [sigma-theta, kg/m^3]
# name 24 = svCM: Sound Velocity [Chen-Millero, m/s]
# name 25 = svCM1: Sound Velocity, 2 [Chen-Millero, m/s]
# name 26 = gsw_ptA0: potential temperature [ITS-90, deg C]
# name 27 = gsw_densityA0: density, TEOS-10 [density, kg/m^3]
# name 28 = gsw_saA0: Absolute Salinity [g/kg]
# name 29 = flag:
# span 0 =      29335,      63010       
# span 1 = 292.660836, 292.677076       
# span 2 =  -45.76244,  -45.75587       
# span 3 =  -55.02235,  -55.02077       
# span 4 =     -1.303,     -0.249       
# span 5 =    1472.17,    1472.17       
# span 6 =      5.000,   1011.000       
# span 7 =      4.972,   1000.282       
# span 8 =     2.6465,     8.3582       
# span 9 =     2.6478,     8.3598       
# span 10 =    -0.2307,     0.2100      
# span 11 =     2.5828,     8.3577      
# span 12 =     2.5841,     8.3593      
# span 13 =    -0.2306,     0.2099      
# span 14 =   3.132121,   3.571820      
# span 15 =   3.132163,   3.571789      
# span 16 =  -0.019619,   0.017965      
# span 17 =    34.0473,    34.5092      
# span 18 =    34.0470,    34.5084      
# span 19 =     3.8938,     7.0308      
# span 20 =    26.5251,    27.5297      
# span 21 =    26.5235,    27.5289      
# span 22 =    34.0501,    34.5092      
# span 23 =    26.5266,    27.5296      
# span 24 =    1469.26,    1482.81      
# span 25 =    1469.26,    1482.82      
# span 26 =     2.5827,     8.3577      
# span 27 =  1026.5515,  1032.2225      
# span 28 =    34.2111,    34.6763      
# span 29 = 0.0000e+00, 0.0000e+00      
# interval = decibars: 1                
# start_time = Oct 19 2023 15:31:14 [NMEA time, header]
# bad_flag = -9.990e-29
*END*
[from data line 677]
      47338 292.669518  -45.75944  -55.02138     -0.813    1472.17    334.000    330.998     3.6896     3.6889    -0.0007     3.6670     3.6663    -0.0007   3.170463   3.170319  -0.000156    34.1334    34.1323     6.0969    27.1303    27.1295    34.1343    27.1310    1469.67    1469.67     3.6670  1028.6848    34.2965 0.0000e+00
      47367 292.669532  -45.75946  -55.02138     -0.838    1472.17    333.000    330.008     3.6881     3.6899     0.0018     3.6656     3.6675     0.0018   3.170265   3.170350   0.000067    34.1336    34.1324     6.1015    27.1305    27.1294    34.1341    27.1309    1469.65    1469.66     3.6656  1028.6801    34.2962 0.0000e+00
      47395 292.669546  -45.75946  -55.02138     -0.846    1472.17    332.000    329.018     3.6846     3.6883     0.0038     3.6622     3.6659     0.0038   3.169826   3.170132   0.000281    34.1329    34.1323     6.1067    27.1303    27.1295    34.1330    27.1304    1469.62    1469.63     3.6622  1028.6750    34.2951 0.0000e+00
      47423 292.669559  -45.75947  -55.02138     -0.846    1472.17    331.000    328.028     3.6816     3.6852     0.0035     3.6593     3.6629     0.0035   3.169475   3.169756   0.000281    34.1324    34.1320     6.1070    27.1302    27.1296    34.1324    27.1303    1469.59    1469.60     3.6593  1028.6702    34.2945 0.0000e+00
      47453 292.669574  -45.75948  -55.02138     -0.826    1472.17    330.000    327.037     3.6800     3.6816     0.0016     3.6578     3.6594     0.0016   3.169248   3.169309   0.000071    34.1317    34.1309     6.1015    27.1298    27.1290    34.1320    27.1301    1469.56    1469.57     3.6577  1028.6654    34.2941 0.0000e+00
      47485 292.669589  -45.75948  -55.02138     -0.758    1472.17    329.000    326.047     3.6814     3.6814     0.0000     3.6592     3.6592     0.0000   3.169307   3.169245  -0.000061    34.1315    34.1307     6.1123    27.1295    27.1289    34.1318    27.1298    1469.55    1469.55     3.6592  1028.6604    34.2939 0.0000e+00
      47517 292.669605  -45.75948  -55.02138     -0.733    1472.17    328.000    325.057     3.6841     3.6837    -0.0003     3.6620     3.6616    -0.0003   3.169519   3.169385  -0.000124    34.1316    34.1305     6.1127    27.1293    27.1285    34.1320    27.1297    1469.55    1469.55     3.6619  1028.6557    34.2941 0.0000e+00
      47544 292.669618  -45.75949  -55.02138     -0.829    1472.17    327.000    324.066     3.6851     3.6845    -0.0006     3.6631     3.6625    -0.0006   3.169544   3.169411  -0.000152    34.1316    34.1304     6.1192    27.1292    27.1284    34.1317    27.1293    1469.53    1469.53     3.6630  1028.6507    34.2938 0.0000e+00
      47568 292.669629  -45.75950  -55.02138     -0.968    1472.17    326.000    323.076     3.6857     3.6872     0.0015     3.6637     3.6652     0.0015   3.169592   3.169602   0.000011    34.1318    34.1304     6.1237    27.1294    27.1280    34.1323    27.1297    1469.52    1469.53     3.6637  1028.6464    34.2944 0.0000e+00
      47590 292.669640  -45.75950  -55.02138     -1.047    1472.17    325.000    322.086     3.6866     3.6878     0.0012     3.6647     3.6659     0.0012   3.169571   3.169578   0.000015    34.1313    34.1303     6.1252    27.1288    27.1279    34.1316    27.1291    1469.51    1469.51     3.6646  1028.6411    34.2937 0.0000e+00
      47616 292.669652  -45.75951  -55.02138     -1.001    1472.17    324.000    321.095     3.6914     3.6868    -0.0046     3.6696     3.6650    -0.0046   3.169910   3.169467  -0.000405    34.1305    34.1305     6.1268    27.1277    27.1282    34.1311    27.1282    1469.51    1469.49     3.6695  1028.6356    34.2932 0.0000e+00
      47648 292.669668  -45.75952  -55.02138     -0.796    1472.17    323.000    320.108     3.6981     3.6885    -0.0096     3.6763     3.6667    -0.0095   3.170465   3.169604  -0.000837    34.1303    34.1303     6.1226    27.1269    27.1278    34.1314    27.1277    1469.52    1469.48     3.6762  1028.6304    34.2934 0.0000e+00
      47683 292.669684  -45.75952  -55.02138     -0.688    1472.17    322.000    319.112     3.7055     3.7049    -0.0005     3.6837     3.6832    -0.0005   3.171019   3.170914  -0.000116    34.1299    34.1291     6.1296    27.1259    27.1252    34.1307    27.1265    1469.54    1469.54     3.6837  1028.6240    34.2921 0.0000e+00
      47712 292.669699 -9.990e-29  -55.02138     -0.772    1472.17    321.000    318.125     3.7060     3.7069     0.0009     3.6843     3.6853     0.0009   3.171021   3.171070  -0.000018    34.1306    34.1294     6.1356    27.1263    27.1253    34.1308    27.1264    1469.52    1469.53     3.6843  1028.6192    34.2920 0.0000e+00
      47738 292.669711 -9.990e-29  -55.02138     -0.882    1472.17    320.000    317.135     3.7104     3.7165     0.0061     3.6888     3.6949     0.0061   3.171534   3.171871   0.000359    34.1313    34.1292     6.1327    27.1264    27.1241    34.1328    27.1276    1469.53    1469.55     3.6887  1028.6157    34.2941 0.0000e+00
      47764 292.669724  -45.75954  -55.02138     -0.932    1472.17    319.000    316.144     3.7220     3.7208    -0.0012     3.7005     3.6992    -0.0012   3.172497   3.172213  -0.000249    34.1312    34.1295     6.1293    27.1252    27.1240    34.1327    27.1264    1469.56    1469.55     3.7004  1028.6099    34.2941 0.0000e+00
      47788 292.669735  -45.75954  -55.02138     -0.958    1472.17    318.000    315.154     3.7290     3.7274    -0.0015     3.7074     3.7059    -0.0015   3.172986   3.172766  -0.000241    34.1306    34.1293     6.1321    27.1240    27.1232    34.1318    27.1250    1469.57    1469.56     3.7074  1028.6043    34.2939 0.0000e+00
      47810 292.669746  -45.75954  -55.02138     -1.041    1472.17    317.000    314.164     3.7302     3.7308     0.0005     3.7088     3.7093     0.0005   3.173031   3.172984  -0.000062    34.1305    34.1293     6.1307    27.1239    27.1228    34.1316    27.1247    1469.56    1469.56     3.7087  1028.5993    34.2936 0.0000e+00
      47832 292.669756  -45.75955  -55.02138     -1.101    1472.17    316.000    313.173     3.7345     3.7355     0.0011     3.7131     3.7142     0.0011   3.173383   3.173371  -0.000020    34.1307    34.1293     6.1358    27.1235    27.1223    34.1319    27.1245    1469.56    1469.57     3.7130  1028.5945    34.2939 0.0000e+00
      47856 292.669768  -45.75956  -55.02138     -1.053    1472.17    315.000    312.183     3.7395     3.7388    -0.0007     3.7182     3.7175    -0.0007   3.173761   3.173570  -0.000154    34.1304    34.1293     6.1409    27.1228    27.1220    34.1316    27.1238    1469.57    1469.56     3.7181  1028.5891    34.2937 0.0000e+00
      47882 292.669781  -45.75956  -55.02140     -0.945    1472.17    314.000    311.193     3.7443     3.7384    -0.0059     3.7230     3.7172    -0.0058   3.174136   3.173552  -0.000574    34.1302    34.1295     6.1433    27.1222    27.1222    34.1317    27.1233    1469.57    1469.55     3.7230  1028.5840    34.2937 0.0000e+00
      47906 292.669792  -45.75956  -55.02140     -0.960    1472.17    313.000    310.202     3.7489     3.7482    -0.0007     3.7277     3.7270    -0.0007   3.174382   3.174263  -0.000146    34.1297    34.1287     6.1389    27.1213    27.1206    34.1303    27.1218    1469.57    1469.57     3.7276  1028.5778    34.2924 0.0000e+00
      47927 292.669802  -45.75957  -55.02140     -1.068    1472.17    312.000    309.212     3.7473     3.7528     0.0055     3.7262     3.7317     0.0055   3.174309   3.174619   0.000258    34.1306    34.1279     6.1432    27.1221    27.1195    34.1316    27.1230    1469.55    1469.57     3.7261  1028.5743    34.2936 0.0000e+00
      47949 292.669813  -45.75958  -55.02140     -1.124    1472.17    311.000    308.222     3.7512     3.7549     0.0037     3.7301     3.7338     0.0037   3.174523   3.174688   0.000189    34.1296    34.1280     6.1457    27.1210    27.1194    34.1307    27.1219    1469.55    1469.56     3.7301  1028.5685    34.2927 0.0000e+00
      47976 292.669826  -45.75958  -55.02140     -0.982    1472.17    310.000    307.232     3.7567     3.7538    -0.0030     3.7357     3.7328    -0.0029   3.174887   3.174538  -0.000328    34.1289    34.1280     6.1384    27.1199    27.1195    34.1298    27.1206    1469.55    1469.54     3.7356  1028.5626    34.2918 0.0000e+00
      48009 292.669842  -45.75958  -55.02140     -0.739    1472.17    309.000    306.241     3.7573     3.7516    -0.0057     3.7363     3.7307    -0.0057   3.174933   3.174403  -0.000525    34.1293    34.1290     6.1481    27.1201    27.1204    34.1302    27.1209    1469.54    1469.52     3.7363  1028.5582    34.2922 0.0000e+00
      48038 292.669856  -45.75959  -55.02140     -0.767    1472.17    308.000    305.251     3.7608     3.7610     0.0002     3.7399     3.7401     0.0002   3.175127   3.175048  -0.000092    34.1288    34.1274     6.1587    27.1194    27.1183    34.1294    27.1199    1469.54    1469.54     3.7399  1028.5526    34.2914 0.0000e+00
      48062 292.669867  -45.75960  -55.02140     -0.935    1472.17    307.000    304.260     3.7635     3.7669     0.0034     3.7427     3.7461     0.0034   3.175408   3.175549   0.000136    34.1292    34.1273     6.1611    27.1194    27.1176    34.1305    27.1204    1469.54    1469.55     3.7426  1028.5484    34.2925 0.0000e+00
      48083 292.669877  -45.75960  -55.02140     -1.082    1472.17    306.000    303.270     3.7696     3.7771     0.0075     3.7488     3.7563     0.0075   3.175882   3.176463   0.000486    34.1290    34.1270     6.1618    27.1187    27.1163    34.1303    27.1197    1469.54    1469.57     3.7488  1028.5430    34.2923 0.0000e+00
      48104 292.669888  -45.75960  -55.02140     -1.120    1472.17    305.000    302.280     3.7802     3.7849     0.0047     3.7595     3.7642     0.0047   3.176831   3.177048   0.000281    34.1289    34.1273     6.1628    27.1175    27.1158    34.1311    27.1193    1469.57    1469.59     3.7594  1028.5379    34.2931 0.0000e+00
      48125 292.669898  -45.75962  -55.02140     -1.123    1472.17    304.000    301.289     3.7888     3.7873    -0.0015     3.7681     3.7667    -0.0015   3.177462   3.177210  -0.000218    34.1286    34.1275     6.1749    27.1164    27.1157    34.1301    27.1176    1469.59    1469.59     3.7681  1028.5315    34.2921 0.0000e+00
      48145 292.669907  -45.75962  -55.02140     -1.163    1472.17    303.000    300.299     3.7932     3.7920    -0.0012     3.7726     3.7714    -0.0012   3.177740   3.177492  -0.000233    34.1281    34.1266     6.1757    27.1156    27.1145    34.1294    27.1166    1469.59    1469.58     3.7725  1028.5259    34.2914 0.0000e+00
      48165 292.669917  -45.75962  -55.02140     -1.207    1472.17    302.000    299.309     3.7959     3.7959    -0.0000     3.7754     3.7754    -0.0000   3.177827   3.177762  -0.000103    34.1270    34.1258     6.1722    27.1144    27.1135    34.1281    27.1153    1469.59    1469.59     3.7753  1028.5199    34.2901 0.0000e+00
      48186 292.669927  -45.75962  -55.02140     -1.194    1472.17    301.000    298.318     3.7961     3.7976     0.0015     3.7756     3.7771     0.0015   3.177787   3.177845   0.000043    34.1272    34.1261     6.1780    27.1145    27.1135    34.1280    27.1152    1469.57    1469.58     3.7755  1028.5152    34.2900 0.0000e+00
      48211 292.669939  -45.75962  -55.02140     -1.048    1472.17    300.000    297.328     3.7971     3.7989     0.0018     3.7766     3.7785     0.0018   3.177954   3.177921  -0.000020    34.1283    34.1262     6.1835    27.1154    27.1135    34.1295    27.1163    1469.56    1469.57     3.7766  1028.5116    34.2915 0.0000e+00
      48244 292.669955  -45.75962  -55.02140     -0.769    1472.17    299.000    296.338     3.8044     3.7964    -0.0080     3.7841     3.7761    -0.0080   3.178523   3.177659  -0.000813    34.1279    34.1266     6.1961    27.1143    27.1140    34.1292    27.1153    1469.57    1469.54     3.7840  1028.5059    34.2911 0.0000e+00
      48277 292.669971  -45.75964  -55.02140     -0.727    1472.17    298.000    295.347     3.8086     3.8075    -0.0011     3.7883     3.7872    -0.0011   3.178743   3.178582  -0.000202    34.1271    34.1258     6.1993    27.1132    27.1123    34.1280    27.1139    1469.57    1469.57     3.7882  1028.5000    34.2901 0.0000e+00
      48304 292.669984  -45.75964 -9.990e-29     -0.808    1472.17    297.000    294.357     3.8094     3.8096     0.0002     3.7892     3.7893     0.0002   3.178809   3.178699  -0.000112    34.1275    34.1260     6.2012    27.1135    27.1122    34.1284    27.1142    1469.56    1469.56     3.7891  1028.4957    34.2907 0.0000e+00
      48327 292.669995  -45.75965 -9.990e-29     -0.978    1472.17    296.000    293.366     3.8108     3.8122     0.0014     3.7907     3.7921     0.0014   3.178850   3.178889   0.000025    34.1272    34.1260     6.1988    27.1131    27.1120    34.1280    27.1137    1469.55    1469.56     3.7906  1028.4905    34.2902 0.0000e+00
      48352 292.670007  -45.75966 -9.990e-29     -1.011    1472.17    295.000    292.376     3.8119     3.8128     0.0009     3.7918     3.7927     0.0009   3.178908   3.178857  -0.000035    34.1274    34.1260     6.2042    27.1131    27.1119    34.1281    27.1136    1469.54    1469.54     3.7918  1028.4859    34.2903 0.0000e+00
      48383 292.670022  -45.75966  -55.02142     -0.819    1472.17    294.000    291.386     3.8138     3.8103    -0.0035     3.7937     3.7903    -0.0035   3.179003   3.178639  -0.000348    34.1270    34.1265     6.2090    27.1126    27.1125    34.1278    27.1132    1469.53    1469.51     3.7937  1028.4806    34.2897 0.0000e+00
      48412 292.670036  -45.75966  -55.02142     -0.793    1472.17    293.000    290.395     3.8184     3.8148    -0.0037     3.7985     3.7948    -0.0036   3.179359   3.178958  -0.000408    34.1268    34.1258     6.2127    27.1120    27.1115    34.1277    27.1127    1469.53    1469.52     3.7984  1028.4754    34.2896 0.0000e+00
      48435 292.670047  -45.75968  -55.02142     -0.943    1472.17    292.000    289.405     3.8222     3.8256     0.0033     3.8023     3.8056     0.0033   3.179661   3.179895   0.000152    34.1268    34.1251     6.2077    27.1116    27.1099    34.1279    27.1125    1469.53    1469.55     3.8022  1028.4705    34.2898 0.0000e+00
      48459 292.670059  -45.75968  -55.02142     -1.024    1472.17    291.000    288.414     3.8287     3.8364     0.0077     3.8089     3.8166     0.0077   3.180148   3.180724   0.000562    34.1263    34.1250     6.2056    27.1106    27.1087    34.1274    27.1114    1469.54    1469.57     3.8088  1028.4648    34.2893 0.0000e+00
      48488 292.670073  -45.75968  -55.02142     -0.906    1472.17    290.000    287.424     3.8375     3.8326    -0.0049     3.8177     3.8128    -0.0049   3.180911   3.180310  -0.000487    34.1263    34.1256     6.2129    27.1097    27.1096    34.1279    27.1109    1469.56    1469.54     3.8177  1028.4595    34.2898 0.0000e+00
      48521 292.670089  -45.75968  -55.02142     -0.723    1472.17    289.000    286.434     3.8402     3.8314    -0.0089     3.8205     3.8116    -0.0088   3.181107   3.180216  -0.000897    34.1267    34.1253     6.2132    27.1097    27.1094    34.1279    27.1106    1469.56    1469.52     3.8204  1028.4546    34.2898 0.0000e+00
      48552 292.670104  -45.75969  -55.02142     -0.749    1472.17    288.000    285.443     3.8550     3.8475    -0.0075     3.8353     3.8278    -0.0075   3.182491   3.181585  -0.000845    34.1273    34.1251     6.2154    27.1087    27.1076    34.1295    27.1104    1469.61    1469.57     3.8352  1028.4497    34.2914 0.0000e+00
      48583 292.670119  -45.75970  -55.02142     -0.791    1472.17    287.000    284.453     3.8717     3.8652    -0.0065     3.8520     3.8456    -0.0065   3.183885   3.183242  -0.000678    34.1268    34.1254     6.2240    27.1066    27.1061    34.1292    27.1085    1469.66    1469.63     3.8520  1028.4430    34.2911 0.0000e+00
