Pos-Processados/process_op42/Processamento_split/up/uoperantar42_042.cnv
* Sea-Bird SBE 9 Data File:
* FileName = C:\Users\Hidrografia\Desktop\OPXLII\Brutos\OP42042.hdr
* Software Version Seasave V 7.26.7.107
* Temperature SN = 6502
* Conductivity SN = 4998
* Number of Bytes Per Scan = 37
* Number of Voltage Words = 4
* Number of Scans Averaged by the Deck Unit = 1
* NMEA Latitude = 62 08.39 S
* NMEA Longitude = 058 26.43 W
* NMEA UTC (Time) = Nov 09 2023 17:06:28
* NMEA baud rate = 4800
** H41
** NPOALTEMAXIMIANO
** NUMERO DA ESTACAO (XXX) 042
** LAT (XX XX.XX S/N) 62 08.441S
** LONG (XXX XX.XX W/E) 058 26.341 W
** DATAHORA (dd/mm/aaaa hh:mm Z) 09/11/2023 1705Z
** PROFUNDIDADE (m) 425
** OPERADOR CT FILIPE LOPES
# nquan = 30
# nvalues = 372                         
# units = specified
# name 0 = scan: Scan Count
# name 1 = timeJ: Julian Days
# name 2 = latitude: Latitude [deg]
# name 3 = longitude: Longitude [deg]
# name 4 = dz/dtM: Descent Rate [m/s]
# name 5 = avgsvCM: Average Sound Velocity [Chen-Millero, m/s]
# name 6 = prDM: Pressure, Digiquartz [db]
# name 7 = depSM: Depth [salt water, m]
# name 8 = t090C: Temperature [ITS-90, deg C]
# name 9 = t190C: Temperature, 2 [ITS-90, deg C]
# name 10 = T2-T190C: Temperature Difference, 2 - 1 [ITS-90, deg C]
# name 11 = potemp090C: Potential Temperature [ITS-90, deg C]
# name 12 = potemp190C: Potential Temperature, 2 [ITS-90, deg C]
# name 13 = potemp90Cdiff: Potential Temperature, Diff, 2 - 1 [ITS-90, deg C]
# name 14 = c0S/m: Conductivity [S/m]
# name 15 = c1S/m: Conductivity, 2 [S/m]
# name 16 = C2-C1S/m: Conductivity Difference, 2 - 1 [S/m]
# name 17 = sal00: Salinity, Practical [PSU]
# name 18 = sal11: Salinity, Practical, 2 [PSU]
# name 19 = sbeox0ML/L: Oxygen, SBE 43 [ml/l]
# name 20 = sigma-é00: Density [sigma-theta, kg/m^3]
# name 21 = sigma-é11: Density, 2 [sigma-theta, kg/m^3]
# name 22 = sal00: Salinity, Practical [PSU]
# name 23 = sigma-é00: Density [sigma-theta, kg/m^3]
# name 24 = svCM: Sound Velocity [Chen-Millero, m/s]
# name 25 = svCM1: Sound Velocity, 2 [Chen-Millero, m/s]
# name 26 = gsw_ptA0: potential temperature [ITS-90, deg C]
# name 27 = gsw_densityA0: density, TEOS-10 [density, kg/m^3]
# name 28 = gsw_saA0: Absolute Salinity [g/kg]
# name 29 = flag:
# span 0 =      16234,      26946       
# span 1 = 313.720653, 313.725818       
# span 2 =  -62.14547,  -62.14316       
# span 3 =  -58.43860,  -58.43537       
# span 4 =     -1.066,     -0.285       
# span 5 =    1448.26,    1448.26       
# span 6 =      1.000,    372.000       
# span 7 =      1.018,    368.099       
# span 8 =    -0.8121,    -0.4218       
# span 9 =    -0.8107,    -0.4201       
# span 10 =    -0.0175,     0.0199      
# span 11 =    -0.8180,    -0.4342      
# span 12 =    -0.8166,    -0.4324      
# span 13 =    -0.0174,     0.0198      
# span 14 =   2.792270,   2.840680      
# span 15 =   2.792274,   2.840311      
# span 16 =  -0.001658,   0.001786      
# span 17 =    34.2732,    34.4232      
# span 18 =    34.2720,    34.4217      
# span 19 =     6.5122,     7.6488      
# span 20 =    27.5445,    27.6633      
# span 21 =    27.5435,    27.6621      
# span 22 =    34.2736,    34.4238      
# span 23 =    27.5448,    27.6640      
# span 24 =    1445.78,    1452.40      
# span 25 =    1445.79,    1452.33      
# span 26 =    -0.8179,    -0.4340      
# span 27 =  1027.5540,  1029.4404      
# span 28 =    34.4372,    34.5924      
# span 29 = 0.0000e+00, 0.0000e+00      
# interval = decibars: 1                
# start_time = Nov 09 2023 17:06:28 [NMEA time, header]
# bad_flag = -9.990e-29
*END*
[from data line 97]
      18878 313.721928  -62.14376  -58.43797     -0.803    1448.26    275.000    272.180    -0.7062    -0.7052     0.0011    -0.7148    -0.7137     0.0011   2.806735   2.806762   0.000040    34.3371    34.3365     7.1899    27.6047    27.6041    34.3367    27.6044    1449.45    1449.45    -0.7146  1028.9237    34.5044 0.0000e+00
      18907 313.721942  -62.14376  -58.43796     -0.810    1448.26    274.000    271.192    -0.7085    -0.7072     0.0013    -0.7170    -0.7157     0.0013   2.806466   2.806508   0.000036    34.3368    34.3358     7.1983    27.6046    27.6037    34.3363    27.6041    1449.42    1449.42    -0.7168  1028.9187    34.5039 0.0000e+00
      18935 313.721955  -62.14377  -58.43796     -0.856    1448.26    273.000    270.202    -0.7107    -0.7083     0.0024    -0.7192    -0.7167     0.0024   2.806194   2.806351   0.000160    34.3363    34.3357     7.2076    27.6042    27.6036    34.3357    27.6037    1449.39    1449.40    -0.7190  1028.9136    34.5033 0.0000e+00
      18964 313.721969  -62.14378  -58.43796     -0.839    1448.26    272.000    269.213    -0.7133    -0.7112     0.0020    -0.7217    -0.7197     0.0020   2.805909   2.806024   0.000112    34.3359    34.3351     7.2197    27.6040    27.6033    34.3354    27.6036    1449.36    1449.37    -0.7215  1028.9087    34.5030 0.0000e+00
      18995 313.721984  -62.14378  -58.43794     -0.787    1448.26    271.000    268.224    -0.7142    -0.7131     0.0011    -0.7225    -0.7215     0.0011   2.805807   2.805805   0.000011    34.3361    34.3350     7.2191    27.6042    27.6033    34.3356    27.6038    1449.34    1449.35    -0.7224  1028.9042    34.5032 0.0000e+00
      19023 313.721997  -62.14379  -58.43794     -0.825    1448.26    270.000    267.235    -0.7153    -0.7138     0.0015    -0.7237    -0.7222     0.0015   2.805634   2.805683   0.000047    34.3356    34.3346     7.2191    27.6039    27.6030    34.3352    27.6035    1449.32    1449.33    -0.7235  1028.8991    34.5028 0.0000e+00
      19047 313.722009  -62.14380  -58.43793     -0.936    1448.26    269.000    266.246    -0.7150    -0.7142     0.0009    -0.7234    -0.7225     0.0009   2.805604   2.805613   0.000015    34.3354    34.3346     7.2259    27.6037    27.6030    34.3351    27.6034    1449.31    1449.31    -0.7231  1028.8943    34.5027 0.0000e+00
      19072 313.722021  -62.14380  -58.43792     -0.977    1448.26    268.000    265.257    -0.7153    -0.7144     0.0009    -0.7236    -0.7227     0.0008   2.805549   2.805545  -0.000005    34.3355    34.3345     7.2237    27.6038    27.6029    34.3352    27.6035    1449.29    1449.29    -0.7234  1028.8896    34.5028 0.0000e+00
      19099 313.722034  -62.14381  -58.43791     -0.919    1448.26    267.000    264.267    -0.7156    -0.7146     0.0009    -0.7238    -0.7228     0.0009   2.805464   2.805476   0.000012    34.3354    34.3344     7.2246    27.6037    27.6029    34.3350    27.6034    1449.27    1449.27    -0.7236  1028.8847    34.5026 0.0000e+00
      19128 313.722048  -62.14382  -58.43790     -0.848    1448.26    266.000    263.278    -0.7165    -0.7154     0.0011    -0.7247    -0.7236     0.0011   2.805318   2.805350   0.000034    34.3350    34.3343     7.2229    27.6034    27.6028    34.3347    27.6032    1449.25    1449.25    -0.7245  1028.8797    34.5023 0.0000e+00
      19157 313.722062  -62.14382  -58.43788     -0.824    1448.26    265.000    262.289    -0.7169    -0.7157     0.0012    -0.7251    -0.7239     0.0012   2.805234   2.805264   0.000030    34.3349    34.3340     7.2406    27.6034    27.6026    34.3347    27.6032    1449.23    1449.24    -0.7249  1028.8750    34.5023 0.0000e+00
      19184 313.722075  -62.14382  -58.43788     -0.855    1448.26    264.000    261.300    -0.7173    -0.7163     0.0011    -0.7255    -0.7244     0.0010   2.805163   2.805158  -0.000003    34.3350    34.3338     7.2287    27.6035    27.6025    34.3348    27.6033    1449.21    1449.22    -0.7253  1028.8703    34.5024 0.0000e+00
      19210 313.722088  -62.14384  -58.43788     -0.918    1448.26    263.000    260.310    -0.7182    -0.7169     0.0013    -0.7264    -0.7250     0.0013   2.805010   2.805054   0.000042    34.3347    34.3338     7.2292    27.6032    27.6024    34.3343    27.6030    1449.19    1449.20    -0.7261  1028.8619    34.4978 0.0000e+00
      19238 313.722101 -9.990e-29  -58.43787     -0.895    1448.26    262.000    259.322    -0.7222    -0.7184     0.0038    -0.7303    -0.7264     0.0038   2.804527   2.804855   0.000282    34.3339    34.3335     7.2272    27.6028    27.6022    34.3329    27.6020    1449.15    1449.17    -0.7301  1028.8550    34.4948 0.0000e+00
      19269 313.722116 -9.990e-29  -58.43786     -0.781    1448.26    261.000    258.333    -0.7285    -0.7246     0.0040    -0.7366    -0.7326     0.0040   2.803851   2.804154   0.000330    34.3323    34.3323     7.2295    27.6018    27.6015    34.3316    27.6012    1449.11    1449.12    -0.7363  1028.8494    34.4935 0.0000e+00
      19299 313.722131  -62.14386  -58.43786     -0.788    1448.26    260.000    257.343    -0.7325    -0.7299     0.0027    -0.7405    -0.7378     0.0027   2.803306   2.803523   0.000200    34.3306    34.3302     7.2298    27.6005    27.6001    34.3294    27.5995    1449.07    1449.08    -0.7403  1028.8446    34.4931 0.0000e+00
      19327 313.722144  -62.14386  -58.43784     -0.840    1448.26    259.000    256.354    -0.7372    -0.7339     0.0033    -0.7451    -0.7418     0.0033   2.802849   2.803072   0.000253    34.3293    34.3290     7.2661    27.5997    27.5993    34.3291    27.5995    1449.03    1449.05    -0.7449  1028.8429    34.4966 0.0000e+00
      19354 313.722157  -62.14386  -58.43784     -0.871    1448.26    258.000    255.365    -0.7310    -0.7311    -0.0001    -0.7389    -0.7390    -0.0001   2.803472   2.803322  -0.000131    34.3309    34.3293     7.2673    27.6007    27.5994    34.3311    27.6008    1449.04    1449.04    -0.7387  1028.8394    34.4987 0.0000e+00
      19378 313.722169  -62.14388  -58.43784     -0.944    1448.26    257.000    254.375    -0.7299    -0.7297     0.0002    -0.7378    -0.7376     0.0002   2.803495   2.803424  -0.000094    34.3312    34.3298     7.2677    27.6009    27.5997    34.3308    27.6006    1449.03    1449.03    -0.7376  1028.8344    34.4984 0.0000e+00
      19404 313.722181  -62.14388  -58.43782     -0.973    1448.26    256.000    253.387    -0.7315    -0.7291     0.0023    -0.7393    -0.7370     0.0023   2.803299   2.803438   0.000143    34.3309    34.3302     7.2763    27.6007    27.6000    34.3305    27.6004    1449.01    1449.02    -0.7392  1028.8295    34.4981 0.0000e+00
      19431 313.722194  -62.14389  -58.43782     -0.902    1448.26    255.000    252.397    -0.7337    -0.7312     0.0025    -0.7415    -0.7390     0.0025   2.802991   2.803184   0.000172    34.3303    34.3298     7.2714    27.6003    27.5998    34.3295    27.5997    1448.98    1448.99    -0.7413  1028.8240    34.4971 0.0000e+00
      19459 313.722208  -62.14390  -58.43781     -0.859    1448.26    254.000    251.408    -0.7425    -0.7364     0.0062    -0.7503    -0.7441     0.0062   2.801947   2.802534   0.000575    34.3274    34.3281     7.2645    27.5983    27.5987    34.3261    27.5972    1448.92    1448.95    -0.7501  1028.8169    34.4936 0.0000e+00
      19484 313.722220  -62.14390  -58.43780     -0.915    1448.26    253.000    250.419    -0.7476    -0.7421     0.0054    -0.7553    -0.7499     0.0054   2.801309   2.801828   0.000527    34.3250    34.3260     7.2636    27.5966    27.5972    34.3237    27.5956    1448.88    1448.90    -0.7551  1028.8105    34.4912 0.0000e+00
      19509 313.722232  -62.14390  -58.43780     -0.963    1448.26    252.000    249.430    -0.7526    -0.7472     0.0054    -0.7603    -0.7549     0.0053   2.800689   2.801246   0.000521    34.3231    34.3240     7.2653    27.5953    27.5958    34.3217    27.5941    1448.83    1448.86    -0.7601  1028.8043    34.4892 0.0000e+00
      19536 313.722245  -62.14391  -58.43779     -0.923    1448.26    251.000    248.441    -0.7587    -0.7532     0.0056    -0.7664    -0.7608     0.0056   2.800026   2.800542   0.000503    34.3214    34.3219     7.2860    27.5941    27.5943    34.3203    27.5932    1448.79    1448.81    -0.7662  1028.7987    34.4878 0.0000e+00
      19567 313.722260  -62.14392  -58.43778     -0.815    1448.26    250.000    247.451    -0.7629    -0.7550     0.0080    -0.7705    -0.7626     0.0079   2.799542   2.800301   0.000765    34.3203    34.3216     7.3048    27.5934    27.5942    34.3191    27.5925    1448.75    1448.79    -0.7703  1028.7932    34.4866 0.0000e+00
      19597 313.722274  -62.14392  -58.43778     -0.772    1448.26    249.000    246.462    -0.7643    -0.7618     0.0026    -0.7719    -0.7693     0.0026   2.799277   2.799500   0.000242    34.3187    34.3191     7.3241    27.5922    27.5924    34.3178    27.5914    1448.72    1448.74    -0.7717  1028.7874    34.4852 0.0000e+00
      19624 313.722287  -62.14393  -58.43777     -0.857    1448.26    248.000    245.473    -0.7659    -0.7630     0.0029    -0.7734    -0.7705     0.0029   2.799021   2.799279   0.000272    34.3174    34.3178     7.3442    27.5912    27.5914    34.3167    27.5906    1448.70    1448.71    -0.7732  1028.7819    34.4841 0.0000e+00
      19649 313.722299  -62.14394  -58.43776     -0.930    1448.26    247.000    244.484    -0.7666    -0.7649     0.0018    -0.7741    -0.7723     0.0018   2.798876   2.799009   0.000139    34.3169    34.3168     7.3512    27.5908    27.5906    34.3161    27.5902    1448.68    1448.69    -0.7739  1028.7767    34.4836 0.0000e+00
      19675 313.722312  -62.14394  -58.43776     -0.943    1448.26    246.000    243.495    -0.7669    -0.7658     0.0011    -0.7743    -0.7732     0.0011   2.798806   2.798819   0.000025    34.3167    34.3158     7.3577    27.5906    27.5898    34.3161    27.5902    1448.66    1448.67    -0.7742  1028.7719    34.4836 0.0000e+00
      19701 313.722324  -62.14395  -58.43775     -0.922    1448.26    245.000    242.506    -0.7667    -0.7659     0.0009    -0.7741    -0.7733     0.0009   2.798762   2.798761   0.000005    34.3164    34.3155     7.3715    27.5904    27.5897    34.3160    27.5901    1448.65    1448.65    -0.7739  1028.7652    34.4811 0.0000e+00
      19727 313.722337 -9.990e-29  -58.43774     -0.922    1448.26    244.000    241.516    -0.7664    -0.7657     0.0007    -0.7738    -0.7731     0.0007   2.798754   2.798728  -0.000017    34.3164    34.3154     7.3893    27.5904    27.5896    34.3161    27.5901    1448.63    1448.63    -0.7736  1028.7578    34.4779 0.0000e+00
      19752 313.722349 -9.990e-29  -58.43773     -0.940    1448.26    243.000    240.527    -0.7664    -0.7656     0.0007    -0.7737    -0.7730     0.0007   2.798705   2.798695  -0.000005    34.3163    34.3154     7.3880    27.5903    27.5896    34.3160    27.5901    1448.61    1448.62    -0.7736  1028.7530    34.4778 0.0000e+00
      19777 313.722361 -9.990e-29  -58.43772     -0.950    1448.26    242.000    239.538    -0.7664    -0.7655     0.0008    -0.7737    -0.7728     0.0008   2.798669   2.798645  -0.000019    34.3164    34.3152     7.3861    27.5904    27.5893    34.3161    27.5902    1448.60    1448.60    -0.7735  1028.7483    34.4779 0.0000e+00
      19805 313.722374  -62.14398  -58.43772     -0.912    1448.26    241.000    238.549    -0.7663    -0.7654     0.0009    -0.7736    -0.7727     0.0009   2.798634   2.798616  -0.000015    34.3165    34.3153     7.3843    27.5904    27.5894    34.3162    27.5902    1448.58    1448.58    -0.7734  1028.7460    34.4811 0.0000e+00
      19835 313.722389  -62.14398  -58.43771     -0.816    1448.26    240.000    237.559    -0.7663    -0.7654     0.0008    -0.7735    -0.7727     0.0008   2.798587   2.798574  -0.000009    34.3163    34.3153     7.3783    27.5903    27.5894    34.3161    27.5901    1448.57    1448.57    -0.7734  1028.7432    34.4835 0.0000e+00
      19867 313.722404  -62.14398  -58.43770     -0.758    1448.26    239.000    236.570    -0.7663    -0.7654     0.0008    -0.7735    -0.7726     0.0008   2.798549   2.798527  -0.000017    34.3164    34.3152     7.3749    27.5904    27.5894    34.3162    27.5902    1448.55    1448.55    -0.7733  1028.7385    34.4836 0.0000e+00
      19897 313.722419  -62.14399  -58.43770     -0.783    1448.26    238.000    235.581    -0.7662    -0.7654     0.0007    -0.7733    -0.7726     0.0007   2.798502   2.798480  -0.000021    34.3162    34.3151     7.3718    27.5902    27.5893    34.3161    27.5901    1448.53    1448.54    -0.7732  1028.7337    34.4835 0.0000e+00
      19925 313.722432  -62.14400  -58.43770     -0.839    1448.26    237.000    234.591    -0.7654    -0.7647     0.0007    -0.7725    -0.7718     0.0007   2.798510   2.798494  -0.000012    34.3160    34.3150     7.3775    27.5900    27.5892    34.3159    27.5899    1448.52    1448.52    -0.7724  1028.7287    34.4833 0.0000e+00
      19952 313.722445  -62.14400  -58.43768     -0.882    1448.26    236.000    233.602    -0.7648    -0.7642     0.0006    -0.7719    -0.7713     0.0006   2.798511   2.798483  -0.000024    34.3159    34.3149     7.3882    27.5899    27.5891    34.3159    27.5899    1448.51    1448.51    -0.7717  1028.7239    34.4833 0.0000e+00
      19977 313.722457  -62.14400  -58.43768     -0.928    1448.26    235.000    232.613    -0.7630    -0.7630     0.0001    -0.7701    -0.7701     0.0001   2.798625   2.798530  -0.000090    34.3159    34.3146     7.3853    27.5898    27.5888    34.3160    27.5899    1448.50    1448.50    -0.7699  1028.7192    34.4834 0.0000e+00
      20002 313.722470  -62.14402  -58.43768     -0.951    1448.26    234.000    231.624    -0.7607    -0.7609    -0.0001    -0.7678    -0.7679    -0.0001   2.798759   2.798665  -0.000093    34.3157    34.3145     7.3798    27.5896    27.5887    34.3159    27.5897    1448.49    1448.49    -0.7676  1028.7141    34.4832 0.0000e+00
      20029 313.722483  -62.14402  -58.43766     -0.919    1448.26    233.000    230.634    -0.7582    -0.7591    -0.0009    -0.7652    -0.7661    -0.0009   2.798911   2.798760  -0.000144    34.3153    34.3144     7.3818    27.5892    27.5885    34.3156    27.5894    1448.49    1448.48    -0.7651  1028.7090    34.4830 0.0000e+00
      20056 313.722496  -62.14402  -58.43766     -0.882    1448.26    232.000    229.645    -0.7571    -0.7571     0.0001    -0.7641    -0.7641     0.0001   2.798963   2.798881  -0.000084    34.3156    34.3144     7.3821    27.5893    27.5884    34.3158    27.5895    1448.48    1448.48    -0.7639  1028.7043    34.4831 0.0000e+00
      20086 313.722510  -62.14403  -58.43765     -0.842    1448.26    231.000    228.656    -0.7567    -0.7564     0.0003    -0.7637    -0.7634     0.0003   2.798949   2.798886  -0.000064    34.3156    34.3144     7.3781    27.5894    27.5884    34.3157    27.5894    1448.46    1448.46    -0.7635  1028.6995    34.4831 0.0000e+00
      20121 313.722527  -62.14404  -58.43764     -0.709    1448.26    230.000    227.666    -0.7570    -0.7564     0.0006    -0.7640    -0.7633     0.0006   2.798873   2.798845  -0.000037    34.3156    34.3144     7.3749    27.5893    27.5884    34.3156    27.5894    1448.45    1448.45    -0.7638  1028.6947    34.4830 0.0000e+00
      20151 313.722542  -62.14405  -58.43763     -0.729    1448.26    229.000    226.677    -0.7578    -0.7565     0.0013    -0.7647    -0.7634     0.0013   2.798746   2.798777   0.000033    34.3155    34.3145     7.3765    27.5893    27.5884    34.3154    27.5892    1448.43    1448.43    -0.7645  1028.6898    34.4828 0.0000e+00
      20175 313.722553  -62.14406  -58.43762     -0.916    1448.26    228.000    225.688    -0.7590    -0.7577     0.0014    -0.7659    -0.7645     0.0014   2.798569   2.798623   0.000048    34.3152    34.3143     7.3887    27.5891    27.5883    34.3150    27.5890    1448.40    1448.41    -0.7657  1028.6847    34.4824 0.0000e+00
