Pos-Processados/process_op42/Processamento_split/up/uoperantar42_019.cnv
* Sea-Bird SBE 9 Data File:
* FileName = C:\Users\Hidrografia\Desktop\OPXLII\Brutos\OP42019.hdr
* Software Version Seasave V 7.26.7.107
* Temperature SN = 6502
* Conductivity SN = 4998
* Number of Bytes Per Scan = 37
* Number of Voltage Words = 4
* Number of Scans Averaged by the Deck Unit = 1
* NMEA Latitude = 62 12.74 S
* NMEA Longitude = 058 20.49 W
* NMEA UTC (Time) = Nov 07 2023 15:27:40
* NMEA baud rate = 4800
** H41
** NPOALTEMAXIMIANO
** NUMERO DA ESTACAO (XXX) 019
** LAT (XX XX.XX S/N) 62 12.46 S
** LONG (XXX XX.XX W/E) 058 20.12 W
** DATAHORA (dd/mm/aaaa hh:mm Z) 07/11/2023 1518Z
** PROFUNDIDADE (m) 490
** OPERADOR CT FILIPE LOPES
# nquan = 30
# nvalues = 456                         
# units = specified
# name 0 = scan: Scan Count
# name 1 = timeJ: Julian Days
# name 2 = latitude: Latitude [deg]
# name 3 = longitude: Longitude [deg]
# name 4 = dz/dtM: Descent Rate [m/s]
# name 5 = avgsvCM: Average Sound Velocity [Chen-Millero, m/s]
# name 6 = prDM: Pressure, Digiquartz [db]
# name 7 = depSM: Depth [salt water, m]
# name 8 = t090C: Temperature [ITS-90, deg C]
# name 9 = t190C: Temperature, 2 [ITS-90, deg C]
# name 10 = T2-T190C: Temperature Difference, 2 - 1 [ITS-90, deg C]
# name 11 = potemp090C: Potential Temperature [ITS-90, deg C]
# name 12 = potemp190C: Potential Temperature, 2 [ITS-90, deg C]
# name 13 = potemp90Cdiff: Potential Temperature, Diff, 2 - 1 [ITS-90, deg C]
# name 14 = c0S/m: Conductivity [S/m]
# name 15 = c1S/m: Conductivity, 2 [S/m]
# name 16 = C2-C1S/m: Conductivity Difference, 2 - 1 [S/m]
# name 17 = sal00: Salinity, Practical [PSU]
# name 18 = sal11: Salinity, Practical, 2 [PSU]
# name 19 = sbeox0ML/L: Oxygen, SBE 43 [ml/l]
# name 20 = sigma-é00: Density [sigma-theta, kg/m^3]
# name 21 = sigma-é11: Density, 2 [sigma-theta, kg/m^3]
# name 22 = sal00: Salinity, Practical [PSU]
# name 23 = sigma-é00: Density [sigma-theta, kg/m^3]
# name 24 = svCM: Sound Velocity [Chen-Millero, m/s]
# name 25 = svCM1: Sound Velocity, 2 [Chen-Millero, m/s]
# name 26 = gsw_ptA0: potential temperature [ITS-90, deg C]
# name 27 = gsw_densityA0: density, TEOS-10 [density, kg/m^3]
# name 28 = gsw_saA0: Absolute Salinity [g/kg]
# name 29 = flag:
# span 0 =      21380,      37952       
# span 1 = 311.654523, 311.662515       
# span 2 =  -62.21821,  -62.21560       
# span 3 =  -58.33778,  -58.33464       
# span 4 =     -1.107,     -0.120       
# span 5 =    1448.92,    1448.92       
# span 6 =      2.000,    457.000       
# span 7 =      1.985,    452.113       
# span 8 =    -0.8828,    -0.2579       
# span 9 =    -0.8805,    -0.2603       
# span 10 =    -0.0267,     0.0342      
# span 11 =    -0.8906,    -0.2734      
# span 12 =    -0.8882,    -0.2757      
# span 13 =    -0.0266,     0.0341      
# span 14 =   2.790066,   2.860404      
# span 15 =   2.790065,   2.860049      
# span 16 =  -0.002371,   0.002889      
# span 17 =    34.2956,    34.4644      
# span 18 =    34.2948,    34.4633      
# span 19 =     6.1705,     7.5568      
# span 20 =    27.5640,    27.6924      
# span 21 =    27.5631,    27.6914      
# span 22 =    34.2968,    34.4639      
# span 23 =    27.5643,    27.6920      
# span 24 =    1445.71,    1454.33      
# span 25 =    1445.71,    1454.33      
# span 26 =    -0.8904,    -0.2731      
# span 27 =  1027.5781,  1029.8669      
# span 28 =    34.4595,    34.6328      
# span 29 = 0.0000e+00, 0.0000e+00      
# interval = decibars: 1                
# start_time = Nov 07 2023 15:27:40 [NMEA time, header]
# bad_flag = -9.990e-29
*END*
[from data line 291]
      30519 311.658931  -62.21704  -58.33622     -0.493    1448.92    166.000    164.340    -0.6371    -0.6363     0.0008    -0.6421    -0.6414     0.0008   2.805763   2.805739  -0.000026    34.3121    34.3109     7.3600    27.5814    27.5803    34.3121    27.5814    1447.96    1447.96    -0.6421  1028.3805    34.4792 0.0000e+00
      30557 311.658949  -62.21704  -58.33620     -0.616    1448.92    165.000    163.351    -0.6370    -0.6361     0.0009    -0.6420    -0.6412     0.0009   2.805714   2.805692  -0.000021    34.3120    34.3107     7.3574    27.5813    27.5802    34.3120    27.5813    1447.95    1447.95    -0.6419  1028.3756    34.4790 0.0000e+00
      30594 311.658967  -62.21704  -58.33620     -0.662    1448.92    164.000    162.361    -0.6370    -0.6363     0.0007    -0.6420    -0.6413     0.0007   2.805667   2.805631  -0.000036    34.3120    34.3107     7.3573    27.5813    27.5802    34.3120    27.5813    1447.93    1447.93    -0.6419  1028.3708    34.4790 0.0000e+00
      30647 311.658992  -62.21706  -58.33619     -0.446    1448.92    163.000    161.371    -0.6368    -0.6361     0.0006    -0.6417    -0.6411     0.0006   2.805637   2.805601  -0.000037    34.3119    34.3107     7.3661    27.5812    27.5802    34.3119    27.5812    1447.91    1447.91    -0.6417  1028.3659    34.4789 0.0000e+00
      30698 311.659017  -62.21706  -58.33618     -0.476    1448.92    162.000    160.382    -0.6368    -0.6360     0.0008    -0.6418    -0.6409     0.0008   2.805577   2.805552  -0.000027    34.3118    34.3105     7.3659    27.5811    27.5800    34.3118    27.5811    1447.90    1447.90    -0.6416  1028.3611    34.4788 0.0000e+00
      30740 311.659037  -62.21707  -58.33618     -0.568    1448.92    161.000    159.394    -0.6368    -0.6360     0.0008    -0.6417    -0.6409     0.0008   2.805540   2.805507  -0.000033    34.3118    34.3105     7.3672    27.5811    27.5800    34.3118    27.5811    1447.88    1447.88    -0.6416  1028.3564    34.4789 0.0000e+00
      30799 311.659065  -62.21708  -58.33618     -0.396    1448.92    160.000    158.403    -0.6366    -0.6359     0.0006    -0.6415    -0.6408     0.0006   2.805514   2.805477  -0.000036    34.3118    34.3106     7.3602    27.5811    27.5801    34.3119    27.5811    1447.87    1447.87    -0.6414  1028.3516    34.4789 0.0000e+00
      30859 311.659094  -62.21708  -58.33616     -0.415    1448.92    159.000    157.413    -0.6364    -0.6359     0.0006    -0.6413    -0.6407     0.0006   2.805487   2.805434  -0.000052    34.3119    34.3106     7.3645    27.5812    27.5801    34.3119    27.5812    1447.85    1447.85    -0.6411  1028.3468    34.4790 0.0000e+00
      30920 311.659124  -62.21710  -58.33616     -0.380    1448.92    158.000    156.425    -0.6359    -0.6356     0.0003    -0.6408    -0.6404     0.0003   2.805474   2.805418  -0.000057    34.3118    34.3107     7.3571    27.5811    27.5801    34.3118    27.5811    1447.84    1447.84    -0.6406  1028.3431    34.4803 0.0000e+00
      30976 311.659151  -62.21710 -9.990e-29     -0.445    1448.92    157.000    155.433    -0.6359    -0.6351     0.0007    -0.6407    -0.6399     0.0007   2.805436   2.805395  -0.000040    34.3118    34.3105     7.3598    27.5811    27.5800    34.3119    27.5811    1447.82    1447.82    -0.6406  1028.3387    34.4808 0.0000e+00
      31036 311.659179  -62.21711  -58.33612     -0.390    1448.92    156.000    154.446    -0.6361    -0.6352     0.0009    -0.6409    -0.6400     0.0009   2.805337   2.805344   0.000005    34.3115    34.3105     7.3653    27.5808    27.5800    34.3114    27.5808    1447.80    1447.81    -0.6408  1028.3323    34.4787 0.0000e+00
      31138 311.659229  -62.21712  -58.33612     -0.206    1448.92    155.000    153.451    -0.6364    -0.6355     0.0009    -0.6411    -0.6402     0.0009   2.805227   2.805226  -0.000003    34.3109    34.3099     7.3622    27.5804    27.5795    34.3109    27.5803    1447.78    1447.79    -0.6410  1028.3269    34.4779 0.0000e+00
      31199 311.659258  -62.21714  -58.33610     -0.432    1448.92    154.000    152.468    -0.6366    -0.6354     0.0011    -0.6413    -0.6401     0.0011   2.805171   2.805186   0.000014    34.3110    34.3099     7.3728    27.5804    27.5795    34.3109    27.5804    1447.77    1447.77    -0.6412  1028.3211    34.4766 0.0000e+00
      31238 311.659277 -9.990e-29 -9.990e-29     -0.583    1448.92    153.000    151.471    -0.6365    -0.6356     0.0010    -0.6412    -0.6402     0.0010   2.805133   2.805129  -0.000003    34.3110    34.3099     7.3698    27.5804    27.5795    34.3110    27.5804    1447.75    1447.76    -0.6411  1028.3143    34.4741 0.0000e+00
      31274 311.659294 -9.990e-29 -9.990e-29     -0.679    1448.92    152.000    150.485    -0.6366    -0.6359     0.0007    -0.6412    -0.6405     0.0007   2.805088   2.805042  -0.000041    34.3110    34.3097     7.3793    27.5805    27.5793    34.3110    27.5804    1447.73    1447.74    -0.6411  1028.3095    34.4741 0.0000e+00
      31307 311.659311  -62.21716  -58.33608     -0.693    1448.92    151.000    149.496    -0.6367    -0.6359     0.0008    -0.6413    -0.6405     0.0008   2.804994   2.804979  -0.000019    34.3106    34.3095     7.3716    27.5801    27.5792    34.3105    27.5801    1447.72    1447.72    -0.6412  1028.3062    34.4759 0.0000e+00
      31334 311.659323  -62.21716  -58.33608     -0.825    1448.92    150.000    148.506    -0.6367    -0.6358     0.0009    -0.6412    -0.6404     0.0009   2.804953   2.804929  -0.000026    34.3107    34.3093     7.3646    27.5801    27.5790    34.3106    27.5801    1447.70    1447.70    -0.6412  1028.3028    34.4776 0.0000e+00
      31357 311.659334  -62.21716  -58.33608     -0.977    1448.92    149.000    147.516    -0.6363    -0.6358     0.0005    -0.6409    -0.6403     0.0005   2.804953   2.804890  -0.000060    34.3108    34.3094     7.3745    27.5802    27.5791    34.3108    27.5803    1447.69    1447.69    -0.6407  1028.2982    34.4777 0.0000e+00
      31381 311.659346  -62.21716  -58.33608     -1.041    1448.92    148.000    146.526    -0.6364    -0.6357     0.0007    -0.6409    -0.6402     0.0007   2.804886   2.804855  -0.000027    34.3106    34.3094     7.3815    27.5801    27.5791    34.3106    27.5801    1447.67    1447.67    -0.6408  1028.2932    34.4776 0.0000e+00
      31412 311.659361  -62.21716  -58.33608     -0.852    1448.92    147.000    145.537    -0.6365    -0.6358     0.0007    -0.6410    -0.6403     0.0007   2.804850   2.804817  -0.000035    34.3108    34.3096     7.3725    27.5803    27.5793    34.3108    27.5803    1447.65    1447.65    -0.6409  1028.2886    34.4777 0.0000e+00
      31455 311.659382  -62.21718  -58.33606     -0.543    1448.92    146.000    144.547    -0.6364    -0.6357     0.0008    -0.6409    -0.6401     0.0008   2.804804   2.804774  -0.000029    34.3108    34.3095     7.3781    27.5802    27.5792    34.3107    27.5802    1447.64    1447.64    -0.6407  1028.2838    34.4777 0.0000e+00
      31490 311.659399  -62.21718  -58.33606     -0.651    1448.92    145.000    143.558    -0.6365    -0.6357     0.0008    -0.6409    -0.6401     0.0008   2.804739   2.804723  -0.000020    34.3107    34.3095     7.3639    27.5801    27.5792    34.3105    27.5801    1447.62    1447.62    -0.6408  1028.2789    34.4775 0.0000e+00
      31521 311.659414  -62.21718  -58.33604     -0.775    1448.92    144.000    142.568    -0.6366    -0.6358     0.0008    -0.6410    -0.6402     0.0008   2.804705   2.804676  -0.000030    34.3109    34.3095     7.3650    27.5804    27.5792    34.3109    27.5803    1447.61    1447.61    -0.6409  1028.2743    34.4778 0.0000e+00
      31559 311.659432  -62.21718  -58.33604     -0.665    1448.92    143.000    141.581    -0.6367    -0.6359     0.0008    -0.6410    -0.6402     0.0008   2.804636   2.804621  -0.000012    34.3106    34.3095     7.3648    27.5801    27.5792    34.3106    27.5801    1447.59    1447.59    -0.6409  1028.2693    34.4775 0.0000e+00
      31609 311.659456  -62.21719  -58.33604     -0.461    1448.92    142.000    140.586    -0.6369    -0.6360     0.0010    -0.6413    -0.6403     0.0010   2.804542   2.804559   0.000016    34.3103    34.3094     7.3629    27.5799    27.5791    34.3103    27.5798    1447.57    1447.57    -0.6411  1028.2643    34.4772 0.0000e+00
      31645 311.659474  -62.21720  -58.33602     -0.623    1448.92    141.000    139.599    -0.6370    -0.6361     0.0009    -0.6413    -0.6403     0.0009   2.804506   2.804468  -0.000039    34.3105    34.3090     7.3733    27.5801    27.5788    34.3104    27.5800    1447.55    1447.56    -0.6412  1028.2596    34.4773 0.0000e+00
      31675 311.659488  -62.21720  -58.33602     -0.784    1448.92    140.000    138.609    -0.6374    -0.6366     0.0008    -0.6417    -0.6409     0.0008   2.804352   2.804359   0.000007    34.3095    34.3087     7.3645    27.5793    27.5786    34.3095    27.5792    1447.53    1447.54    -0.6416  1028.2541    34.4764 0.0000e+00
      31709 311.659504  -62.21720  -58.33602     -0.749    1448.92    139.000    137.619    -0.6375    -0.6367     0.0008    -0.6417    -0.6409     0.0008   2.804347   2.804317  -0.000028    34.3102    34.3088     7.3791    27.5798    27.5787    34.3102    27.5798    1447.52    1447.52    -0.6416  1028.2499    34.4770 0.0000e+00
      31753 311.659526  -62.21721  -58.33602     -0.539    1448.92    138.000    136.630    -0.6381    -0.6367     0.0015    -0.6423    -0.6409     0.0015   2.804199   2.804274   0.000067    34.3096    34.3089     7.3699    27.5794    27.5787    34.3095    27.5792    1447.50    1447.50    -0.6422  1028.2446    34.4763 0.0000e+00
      31793 311.659545  -62.21722  -58.33601     -0.589    1448.92    137.000    135.640    -0.6386    -0.6376     0.0010    -0.6427    -0.6417     0.0010   2.804072   2.804086   0.000020    34.3089    34.3081     7.3840    27.5788    27.5781    34.3088    27.5787    1447.48    1447.48    -0.6426  1028.2393    34.4757 0.0000e+00
      31823 311.659559  -62.21722  -58.33600     -0.745    1448.92    136.000    134.650    -0.6389    -0.6380     0.0010    -0.6430    -0.6421     0.0010   2.803985   2.803998   0.000013    34.3088    34.3079     7.3770    27.5788    27.5780    34.3087    27.5786    1447.46    1447.46    -0.6429  1028.2344    34.4755 0.0000e+00
      31852 311.659573  -62.21722  -58.33600     -0.831    1448.92    135.000    133.660    -0.6396    -0.6387     0.0009    -0.6437    -0.6428     0.0009   2.803855   2.803873   0.000020    34.3084    34.3077     7.3720    27.5785    27.5778    34.3083    27.5784    1447.44    1447.44    -0.6436  1028.2294    34.4751 0.0000e+00
      31884 311.659589  -62.21724  -58.33599     -0.783    1448.92    134.000    132.670    -0.6399    -0.6389     0.0010    -0.6439    -0.6429     0.0010   2.803796   2.803816   0.000014    34.3086    34.3076     7.3833    27.5786    27.5778    34.3085    27.5785    1447.42    1447.43    -0.6439  1028.2247    34.4753 0.0000e+00
      31923 311.659607  -62.21724  -58.33598     -0.622    1448.92    133.000    131.681    -0.6404    -0.6388     0.0015    -0.6444    -0.6428     0.0015   2.803730   2.803763   0.000039    34.3088    34.3076     7.3764    27.5788    27.5778    34.3088    27.5788    1447.41    1447.41    -0.6443  1028.2202    34.4756 0.0000e+00
      31959 311.659625  -62.21724  -58.33598     -0.643    1448.92    132.000    130.691    -0.6411    -0.6401     0.0010    -0.6451    -0.6441     0.0010   2.803570   2.803562  -0.000010    34.3082    34.3069     7.3833    27.5783    27.5773    34.3080    27.5782    1447.38    1447.39    -0.6450  1028.2148    34.4748 0.0000e+00
      31988 311.659639  -62.21725  -58.33597     -0.786    1448.92    131.000    129.701    -0.6415    -0.6403     0.0012    -0.6455    -0.6443     0.0012   2.803443   2.803500   0.000048    34.3076    34.3069     7.3811    27.5779    27.5773    34.3074    27.5777    1447.36    1447.37    -0.6454  1028.2096    34.4742 0.0000e+00
      32016 311.659652  -62.21726  -58.33596     -0.865    1448.92    130.000    128.711    -0.6427    -0.6416     0.0012    -0.6467    -0.6455     0.0012   2.803301   2.803296   0.000006    34.3077    34.3065     7.3843    27.5780    27.5769    34.3075    27.5778    1447.34    1447.35    -0.6465  1028.2049    34.4742 0.0000e+00
      32050 311.659668  -62.21726  -58.33596     -0.757    1448.92    129.000    127.722    -0.6429    -0.6421     0.0008    -0.6468    -0.6460     0.0008   2.803226   2.803214  -0.000013    34.3074    34.3063     7.3935    27.5778    27.5768    34.3073    27.5777    1447.33    1447.33    -0.6467  1028.2000    34.4740 0.0000e+00
      32094 311.659690  -62.21726  -58.33596     -0.539    1448.92    128.000    126.732    -0.6437    -0.6421     0.0016    -0.6476    -0.6460     0.0016   2.803071   2.803158   0.000084    34.3070    34.3063     7.3787    27.5774    27.5768    34.3067    27.5772    1447.31    1447.31    -0.6475  1028.1948    34.4734 0.0000e+00
      32137 311.659710  -62.21727  -58.33595     -0.555    1448.92    127.000    125.742    -0.6439    -0.6429     0.0010    -0.6478    -0.6468     0.0010   2.802986   2.802988 4.6444e-07    34.3066    34.3055     7.3914    27.5772    27.5762    34.3065    27.5770    1447.29    1447.29    -0.6477  1028.1898    34.4732 0.0000e+00
      32171 311.659727  -62.21728  -58.33594     -0.678    1448.92    126.000    124.752    -0.6441    -0.6432     0.0009    -0.6479    -0.6470     0.0009   2.802925   2.802913  -0.000006    34.3065    34.3054     7.3862    27.5771    27.5762    34.3064    27.5770    1447.27    1447.27    -0.6478  1028.1850    34.4731 0.0000e+00
      32201 311.659742  -62.21728  -58.33594     -0.770    1448.92    125.000    123.762    -0.6443    -0.6435     0.0008    -0.6480    -0.6473     0.0008   2.802846   2.802822  -0.000019    34.3063    34.3051     7.3958    27.5769    27.5759    34.3062    27.5768    1447.25    1447.25    -0.6480  1028.1804    34.4734 0.0000e+00
      32229 311.659755  -62.21728 -9.990e-29     -0.842    1448.92    124.000    122.773    -0.6445    -0.6437     0.0008    -0.6483    -0.6474     0.0008   2.802772   2.802753  -0.000019    34.3062    34.3050     7.4019    27.5768    27.5758    34.3061    27.5767    1447.24    1447.24    -0.6481  1028.1762    34.4741 0.0000e+00
      32260 311.659770  -62.21728 -9.990e-29     -0.809    1448.92    123.000    121.783    -0.6446    -0.6438     0.0008    -0.6483    -0.6475     0.0008   2.802717   2.802707  -0.000011    34.3062    34.3051     7.3931    27.5768    27.5759    34.3060    27.5767    1447.22    1447.22    -0.6482  1028.1714    34.4741 0.0000e+00
      32295 311.659787  -62.21729  -58.33592     -0.710    1448.92    122.000    120.793    -0.6446    -0.6438     0.0008    -0.6482    -0.6474     0.0008   2.802684   2.802668  -0.000013    34.3062    34.3051     7.4058    27.5768    27.5759    34.3062    27.5768    1447.20    1447.21    -0.6482  1028.1665    34.4738 0.0000e+00
      32334 311.659805  -62.21730  -58.33592     -0.616    1448.92    121.000    119.803    -0.6444    -0.6437     0.0008    -0.6481    -0.6473     0.0008   2.802654   2.802617  -0.000037    34.3063    34.3049     7.3967    27.5769    27.5758    34.3063    27.5769    1447.19    1447.19    -0.6480  1028.1609    34.4729 0.0000e+00
      32372 311.659824  -62.21730  -58.33590     -0.628    1448.92    120.000    118.813    -0.6444    -0.6436     0.0008    -0.6480    -0.6472     0.0008   2.802590   2.802568  -0.000021    34.3060    34.3048     7.3884    27.5767    27.5757    34.3060    27.5767    1447.17    1447.17    -0.6479  1028.1559    34.4726 0.0000e+00
