Pos-Processados/process_op42/Processamento_split/up/uoperantar42_048.cnv
* Sea-Bird SBE 9 Data File:
* FileName = C:\Users\Hidrografia\Desktop\OPXLII\Brutos\OP42048.hdr
* Software Version Seasave V 7.26.7.107
* Temperature SN = 6502
* Conductivity SN = 4998
* Number of Bytes Per Scan = 37
* Number of Voltage Words = 4
* Number of Scans Averaged by the Deck Unit = 1
* NMEA Latitude = 62 08.23 S
* NMEA Longitude = 058 26.45 W
* NMEA UTC (Time) = Nov 09 2023 23:05:39
* NMEA baud rate = 4800
** H41
** NPOALTEMAXIMIANO
** NUMERO DA ESTACAO (XXX) 048
** LAT (XX XX.XX S/N) 62 08. S
** LONG (XXX XX.XX W/E) 058 26. W
** DATAHORA (dd/mm/aaaa hh:mm Z) 09/11/2023 2305Z
** PROFUNDIDADE (m) 424
** OPERADOR 1T ZAMITH
# nquan = 30
# nvalues = 366                         
# units = specified
# name 0 = scan: Scan Count
# name 1 = timeJ: Julian Days
# name 2 = latitude: Latitude [deg]
# name 3 = longitude: Longitude [deg]
# name 4 = dz/dtM: Descent Rate [m/s]
# name 5 = avgsvCM: Average Sound Velocity [Chen-Millero, m/s]
# name 6 = prDM: Pressure, Digiquartz [db]
# name 7 = depSM: Depth [salt water, m]
# name 8 = t090C: Temperature [ITS-90, deg C]
# name 9 = t190C: Temperature, 2 [ITS-90, deg C]
# name 10 = T2-T190C: Temperature Difference, 2 - 1 [ITS-90, deg C]
# name 11 = potemp090C: Potential Temperature [ITS-90, deg C]
# name 12 = potemp190C: Potential Temperature, 2 [ITS-90, deg C]
# name 13 = potemp90Cdiff: Potential Temperature, Diff, 2 - 1 [ITS-90, deg C]
# name 14 = c0S/m: Conductivity [S/m]
# name 15 = c1S/m: Conductivity, 2 [S/m]
# name 16 = C2-C1S/m: Conductivity Difference, 2 - 1 [S/m]
# name 17 = sal00: Salinity, Practical [PSU]
# name 18 = sal11: Salinity, Practical, 2 [PSU]
# name 19 = sbeox0ML/L: Oxygen, SBE 43 [ml/l]
# name 20 = sigma-é00: Density [sigma-theta, kg/m^3]
# name 21 = sigma-é11: Density, 2 [sigma-theta, kg/m^3]
# name 22 = sal00: Salinity, Practical [PSU]
# name 23 = sigma-é00: Density [sigma-theta, kg/m^3]
# name 24 = svCM: Sound Velocity [Chen-Millero, m/s]
# name 25 = svCM1: Sound Velocity, 2 [Chen-Millero, m/s]
# name 26 = gsw_ptA0: potential temperature [ITS-90, deg C]
# name 27 = gsw_densityA0: density, TEOS-10 [density, kg/m^3]
# name 28 = gsw_saA0: Absolute Salinity [g/kg]
# name 29 = flag:
# span 0 =      12423,      22019       
# span 1 = 313.968247, 313.972875       
# span 2 =  -62.14162,  -62.13968       
# span 3 =  -58.43758,  -58.43594       
# span 4 =     -1.113,     -0.227       
# span 5 =    1448.19,    1448.19       
# span 6 =      5.000,    370.000       
# span 7 =      4.960,    366.122       
# span 8 =    -0.7851,    -0.5272       
# span 9 =    -0.7840,    -0.5293       
# span 10 =    -0.0118,     0.0114      
# span 11 =    -0.7908,    -0.5394      
# span 12 =    -0.7896,    -0.5414      
# span 13 =    -0.0118,     0.0114      
# span 14 =   2.793461,   2.830375      
# span 15 =   2.793413,   2.830037      
# span 16 =  -0.001098,   0.000990      
# span 17 =    34.2755,    34.3979      
# span 18 =    34.2747,    34.3969      
# span 19 =     6.7382,     7.6708      
# span 20 =    27.5490,    27.6473      
# span 21 =    27.5478,    27.6463      
# span 22 =    34.2761,    34.3980      
# span 23 =    27.5490,    27.6472      
# span 24 =    1445.62,    1451.82      
# span 25 =    1445.63,    1451.82      
# span 26 =    -0.7906,    -0.5392      
# span 27 =  1027.5769,  1029.4159      
# span 28 =    34.4377,    34.5662      
# span 29 = 0.0000e+00, 0.0000e+00      
# interval = decibars: 1                
# start_time = Nov 09 2023 23:05:39 [NMEA time, header]
# bad_flag = -9.990e-29
*END*
[from data line 339]
      21301 313.972529  -62.14148  -58.43606     -0.977    1448.19     31.000     30.700    -0.5690    -0.5684     0.0006    -0.5699    -0.5693     0.0006   2.802885   2.802830  -0.000062    34.2796    34.2781     7.6493    27.5520    27.5507    34.2796    27.5519    1446.04    1446.04    -0.5699  1027.7047    34.4449 0.0000e+00
      21325 313.972540  -62.14148  -58.43606     -0.992    1448.19     30.000     29.710    -0.5691    -0.5683     0.0008    -0.5700    -0.5692     0.0008   2.802831   2.802789  -0.000040    34.2796    34.2781     7.6551    27.5519    27.5507    34.2796    27.5519    1446.03    1446.03    -0.5700  1027.7000    34.4449 0.0000e+00
      21349 313.972552  -62.14149  -58.43605     -0.999    1448.19     29.000     28.720    -0.5689    -0.5682     0.0007    -0.5698    -0.5691     0.0007   2.802780   2.802736  -0.000041    34.2793    34.2780     7.6433    27.5517    27.5506    34.2794    27.5517    1446.01    1446.01    -0.5698  1027.6949    34.4447 0.0000e+00
      21374 313.972564  -62.14150  -58.43604     -0.977    1448.19     28.000     27.730    -0.5689    -0.5681     0.0008    -0.5697    -0.5690     0.0008   2.802733   2.802698  -0.000034    34.2793    34.2779     7.6451    27.5517    27.5506    34.2793    27.5517    1445.99    1446.00    -0.5697  1027.6901    34.4446 0.0000e+00
      21398 313.972576  -62.14150  -58.43604     -0.978    1448.19     27.000     26.739    -0.5690    -0.5681     0.0009    -0.5698    -0.5689     0.0009   2.802681   2.802646  -0.000036    34.2794    34.2779     7.6554    27.5518    27.5505    34.2793    27.5517    1445.98    1445.98    -0.5698  1027.6852    34.4444 0.0000e+00
      21421 313.972587 -9.990e-29  -58.43604     -1.016    1448.19     26.000     25.749    -0.5697    -0.5684     0.0013    -0.5705    -0.5692     0.0013   2.802578   2.802575  -0.000013    34.2796    34.2780     7.6592    27.5519    27.5506    34.2794    27.5518    1445.96    1445.96    -0.5705  1027.6776    34.4409 0.0000e+00
      21443 313.972598 -9.990e-29  -58.43604     -1.059    1448.19     25.000     24.759    -0.5700    -0.5689     0.0010    -0.5707    -0.5697     0.0010   2.802517   2.802501  -0.000015    34.2795    34.2781     7.6708    27.5519    27.5507    34.2795    27.5519    1445.94    1445.94    -0.5707  1027.6730    34.4411 0.0000e+00
      21466 313.972609 -9.990e-29  -58.43602     -1.059    1448.19     24.000     23.768    -0.5704    -0.5693     0.0012    -0.5711    -0.5700     0.0012   2.802440   2.802426  -0.000014    34.2797    34.2782     7.6600    27.5520    27.5507    34.2795    27.5519    1445.92    1445.93    -0.5711  1027.6683    34.4412 0.0000e+00
      21491 313.972621 -9.990e-29  -58.43602     -1.010    1448.19     23.000     22.778    -0.5711    -0.5699     0.0012    -0.5718    -0.5706     0.0012   2.802346   2.802333  -0.000009    34.2797    34.2782     7.6414    27.5521    27.5509    34.2797    27.5521    1445.90    1445.91    -0.5718  1027.6636    34.4413 0.0000e+00
      21517 313.972633  -62.14152  -58.43602     -0.948    1448.19     22.000     21.788    -0.5708    -0.5700     0.0007    -0.5714    -0.5707     0.0007   2.802302   2.802277  -0.000025    34.2794    34.2782     7.6327    27.5518    27.5508    34.2793    27.5518    1445.89    1445.89    -0.5714  1027.6612    34.4442 0.0000e+00
      21542 313.972645  -62.14153 -9.990e-29     -0.933    1448.19     21.000     20.798    -0.5710    -0.5700     0.0009    -0.5716    -0.5707     0.0009   2.802199   2.802198  -0.000003    34.2789    34.2778     7.6292    27.5514    27.5505    34.2788    27.5514    1445.87    1445.87    -0.5716  1027.6566    34.4444 0.0000e+00
      21567 313.972657  -62.14154 -9.990e-29     -0.965    1448.19     20.000     19.807    -0.5713    -0.5703     0.0010    -0.5719    -0.5709     0.0010   2.802083   2.802104   0.000015    34.2784    34.2775     7.6387    27.5510    27.5502    34.2782    27.5509    1445.85    1445.86    -0.5719  1027.6513    34.4438 0.0000e+00
      21590 313.972668  -62.14154 -9.990e-29     -1.003    1448.19     19.000     18.817    -0.5718    -0.5707     0.0011    -0.5724    -0.5713     0.0011   2.802006   2.801997  -0.000003    34.2784    34.2771     7.6385    27.5511    27.5500    34.2784    27.5511    1445.83    1445.84    -0.5724  1027.6466    34.4439 0.0000e+00
      21613 313.972679  -62.14154  -58.43600     -1.033    1448.19     18.000     17.826    -0.5721    -0.5709     0.0012    -0.5727    -0.5715     0.0012   2.801978   2.801943  -0.000030    34.2791    34.2773     7.6244    27.5516    27.5502    34.2790    27.5516    1445.82    1445.82    -0.5726  1027.6422    34.4443 0.0000e+00
      21637 313.972691  -62.14155  -58.43600     -1.041    1448.19     17.000     16.836    -0.5722    -0.5713     0.0010    -0.5727    -0.5718     0.0010   2.801888   2.801892  -0.000002    34.2787    34.2776     7.6265    27.5513    27.5504    34.2785    27.5512    1445.80    1445.80    -0.5727  1027.6369    34.4437 0.0000e+00
      21664 313.972704  -62.14156  -58.43600     -0.937    1448.19     16.000     15.846    -0.5719    -0.5711     0.0008    -0.5724    -0.5716     0.0008   2.801846   2.801821  -0.000021    34.2782    34.2771     7.6280    27.5510    27.5500    34.2782    27.5509    1445.78    1445.79    -0.5724  1027.6319    34.4435 0.0000e+00
      21694 313.972718  -62.14156  -58.43600     -0.819    1448.19     15.000     14.855    -0.5712    -0.5707     0.0004    -0.5716    -0.5712     0.0004   2.801829   2.801778  -0.000046    34.2777    34.2766     7.6243    27.5505    27.5496    34.2778    27.5505    1445.77    1445.77    -0.5716  1027.6268    34.4430 0.0000e+00
      21723 313.972733  -62.14156 -9.990e-29     -0.801    1448.19     14.000     13.865    -0.5703    -0.5704    -0.0001    -0.5707    -0.5708    -0.0001   2.801833   2.801756  -0.000076    34.2775    34.2766     7.6335    27.5502    27.5495    34.2775    27.5502    1445.76    1445.76    -0.5707  1027.6214    34.4424 0.0000e+00
      21752 313.972747  -62.14158 -9.990e-29     -0.828    1448.19     13.000     12.875    -0.5705    -0.5699     0.0006    -0.5709    -0.5702     0.0006   2.801762   2.801733  -0.000035    34.2775    34.2762     7.6269    27.5502    27.5493    34.2774    27.5502    1445.74    1445.74    -0.5709  1027.6165    34.4422 0.0000e+00
      21783 313.972761  -62.14158 -9.990e-29     -0.799    1448.19     12.000     11.884    -0.5704    -0.5697     0.0007    -0.5707    -0.5701     0.0007   2.801747   2.801704  -0.000042    34.2776    34.2763     7.6247    27.5503    27.5492    34.2776    27.5504    1445.73    1445.73    -0.5707  1027.6118    34.4423 0.0000e+00
      21815 313.972777  -62.14158  -58.43598     -0.752    1448.19     11.000     10.894    -0.5695    -0.5694     0.0001    -0.5698    -0.5697     0.0001   2.801778   2.801685  -0.000087    34.2776    34.2762     7.6211    27.5503    27.5492    34.2776    27.5503    1445.71    1445.71    -0.5698  1027.6073    34.4427 0.0000e+00
      21851 313.972794  -62.14160  -58.43598     -0.685    1448.19     10.000      9.904    -0.5677    -0.5681    -0.0003    -0.5680    -0.5684    -0.0003   2.801846   2.801728  -0.000116    34.2771    34.2759     7.6359    27.5498    27.5489    34.2772    27.5499    1445.71    1445.70    -0.5680  1027.6023    34.4426 0.0000e+00
      21883 313.972810  -62.14160  -58.43598     -0.722    1448.19      9.000      8.913    -0.5670    -0.5672    -0.0001    -0.5672    -0.5674    -0.0001   2.801843   2.801752  -0.000092    34.2768    34.2758     7.6247    27.5496    27.5487    34.2769    27.5496    1445.69    1445.69    -0.5672  1027.5972    34.4423 0.0000e+00
      21914 313.972825  -62.14160  -58.43597     -0.771    1448.19      8.000      7.923    -0.5666    -0.5662     0.0004    -0.5669    -0.5664     0.0004   2.801785   2.801746  -0.000039    34.2763    34.2753     7.6320    27.5491    27.5483    34.2764    27.5491    1445.68    1445.68    -0.5668  1027.5899    34.4392 0.0000e+00
      21946 313.972840 -9.990e-29  -58.43596     -0.767    1448.19      7.000      6.933    -0.5666    -0.5657     0.0008    -0.5668    -0.5659     0.0008   2.801729   2.801694  -0.000037    34.2762    34.2747     7.6303    27.5490    27.5478    34.2762    27.5490    1445.66    1445.66    -0.5668  1027.5841    34.4378 0.0000e+00
      21978 313.972855 -9.990e-29  -58.43596     -0.742    1448.19      6.000      5.942    -0.5670    -0.5659     0.0011    -0.5671    -0.5661     0.0011   2.801646   2.801631  -0.000016    34.2761    34.2747     7.6413    27.5490    27.5478    34.2761    27.5490    1445.64    1445.65    -0.5672  1027.5792    34.4377 0.0000e+00
      22019 313.972875  -62.14162  -58.43594     -0.619    1448.19      5.000      4.960    -0.5674    -0.5664     0.0010    -0.5675    -0.5666     0.0010   2.801594   2.801583  -0.000012    34.2765    34.2752     7.6499    27.5493    27.5482    34.2765    27.5493    1445.62    1445.63    -0.5675  1027.5769    34.4408 0.0000e+00
