Pos-Processados/process_op42/Processamento_split/up/uoperantar42_049.cnv
* Sea-Bird SBE 9 Data File:
* FileName = C:\Users\Hidrografia\Desktop\OPXLII\Brutos\OP42049.hdr
* Software Version Seasave V 7.26.7.107
* Temperature SN = 6502
* Conductivity SN = 4998
* Number of Bytes Per Scan = 37
* Number of Voltage Words = 4
* Number of Scans Averaged by the Deck Unit = 1
* NMEA Latitude = 62 08.21 S
* NMEA Longitude = 058 26.69 W
* NMEA UTC (Time) = Nov 10 2023 00:06:10
* NMEA baud rate = 4800
** H41
** NPOALTEMAXIMIANO
** NUMERO DA ESTACAO (XXX) 049
** LAT (XX XX.XX S/N) 62 08. S
** LONG (XXX XX.XX W/E) 058 26. W
** DATAHORA (dd/mm/aaaa hh:mm Z) 10/11/2023 0005Z
** PROFUNDIDADE (m) 424
** OPERADOR CT FILIPE LOPES
# nquan = 30
# nvalues = 383                         
# units = specified
# name 0 = scan: Scan Count
# name 1 = timeJ: Julian Days
# name 2 = latitude: Latitude [deg]
# name 3 = longitude: Longitude [deg]
# name 4 = dz/dtM: Descent Rate [m/s]
# name 5 = avgsvCM: Average Sound Velocity [Chen-Millero, m/s]
# name 6 = prDM: Pressure, Digiquartz [db]
# name 7 = depSM: Depth [salt water, m]
# name 8 = t090C: Temperature [ITS-90, deg C]
# name 9 = t190C: Temperature, 2 [ITS-90, deg C]
# name 10 = T2-T190C: Temperature Difference, 2 - 1 [ITS-90, deg C]
# name 11 = potemp090C: Potential Temperature [ITS-90, deg C]
# name 12 = potemp190C: Potential Temperature, 2 [ITS-90, deg C]
# name 13 = potemp90Cdiff: Potential Temperature, Diff, 2 - 1 [ITS-90, deg C]
# name 14 = c0S/m: Conductivity [S/m]
# name 15 = c1S/m: Conductivity, 2 [S/m]
# name 16 = C2-C1S/m: Conductivity Difference, 2 - 1 [S/m]
# name 17 = sal00: Salinity, Practical [PSU]
# name 18 = sal11: Salinity, Practical, 2 [PSU]
# name 19 = sbeox0ML/L: Oxygen, SBE 43 [ml/l]
# name 20 = sigma-é00: Density [sigma-theta, kg/m^3]
# name 21 = sigma-é11: Density, 2 [sigma-theta, kg/m^3]
# name 22 = sal00: Salinity, Practical [PSU]
# name 23 = sigma-é00: Density [sigma-theta, kg/m^3]
# name 24 = svCM: Sound Velocity [Chen-Millero, m/s]
# name 25 = svCM1: Sound Velocity, 2 [Chen-Millero, m/s]
# name 26 = gsw_ptA0: potential temperature [ITS-90, deg C]
# name 27 = gsw_densityA0: density, TEOS-10 [density, kg/m^3]
# name 28 = gsw_saA0: Absolute Salinity [g/kg]
# name 29 = flag:
# span 0 =      19031,      30652       
# span 1 = 314.013459, 314.019064       
# span 2 =  -62.14438,  -62.14168       
# span 3 =  -58.44450,  -58.44394       
# span 4 =     -0.982,     -0.271       
# span 5 =    1448.33,    1448.33       
# span 6 =      3.000,    385.000       
# span 7 =      2.981,    380.952       
# span 8 =    -0.7994,    -0.5071       
# span 9 =    -0.7985,    -0.5063       
# span 10 =    -0.0077,     0.0161      
# span 11 =    -0.8059,    -0.5188      
# span 12 =    -0.8050,    -0.5180      
# span 13 =    -0.0077,     0.0161      
# span 14 =   2.794208,   2.831899      
# span 15 =   2.794184,   2.831848      
# span 16 =  -0.000769,   0.001625      
# span 17 =    34.2679,    34.3928      
# span 18 =    34.2667,    34.3918      
# span 19 =     6.7489,     7.6170      
# span 20 =    27.5435,    27.6416      
# span 21 =    27.5425,    27.6407      
# span 22 =    34.2677,    34.3929      
# span 23 =    27.5434,    27.6417      
# span 24 =    1445.46,    1452.21      
# span 25 =    1445.46,    1452.21      
# span 26 =    -0.8058,    -0.5186      
# span 27 =  1027.5621,  1029.4814      
# span 28 =    34.4305,    34.5610      
# span 29 = 0.0000e+00, 0.0000e+00      
# interval = decibars: 1                
# start_time = Nov 10 2023 00:06:10 [NMEA time, header]
# bad_flag = -9.990e-29
*END*
      19031 314.013459  -62.14168  -58.44450     -0.271    1448.33    385.000    380.952    -0.5155    -0.5151     0.0004    -0.5285    -0.5281     0.0004   2.831899   2.831848  -0.000054    34.3925    34.3913     6.7585    27.6414    27.6405    34.3925    27.6415    1452.21    1452.21    -0.5283  1029.4814    34.5607 0.0000e+00
      19101 314.013493  -62.14170  -58.44450     -0.352    1448.33    384.000    379.962    -0.5156    -0.5148     0.0008    -0.5286    -0.5278     0.0008   2.831844   2.831819  -0.000023    34.3925    34.3912     6.7669    27.6414    27.6404    34.3925    27.6414    1452.19    1452.19    -0.5283  1029.4767    34.5606 0.0000e+00
      19162 314.013523  -62.14171  -58.44450     -0.383    1448.33    383.000    378.974    -0.5150    -0.5144     0.0006    -0.5279    -0.5274     0.0006   2.831845   2.831804  -0.000041    34.3924    34.3912     6.7654    27.6413    27.6404    34.3924    27.6414    1452.18    1452.18    -0.5277  1029.4718    34.5606 0.0000e+00
      19221 314.013551  -62.14172  -58.44450     -0.417    1448.33    382.000    377.987    -0.5146    -0.5138     0.0007    -0.5275    -0.5267     0.0007   2.831833   2.831813  -0.000020    34.3924    34.3912     6.7587    27.6413    27.6404    34.3924    27.6413    1452.16    1452.17    -0.5273  1029.4670    34.5605 0.0000e+00
      19273 314.013577  -62.14174  -58.44450     -0.461    1448.33    381.000    376.996    -0.5145    -0.5136     0.0009    -0.5274    -0.5265     0.0009   2.831816   2.831798  -0.000019    34.3927    34.3914     6.7656    27.6416    27.6405    34.3927    27.6416    1452.15    1452.15    -0.5271  1029.4625    34.5609 0.0000e+00
      19324 314.013601  -62.14174  -58.44450     -0.472    1448.33    380.000    376.010    -0.5143    -0.5136     0.0008    -0.5272    -0.5264     0.0008   2.831793   2.831774  -0.000019    34.3928    34.3916     6.7688    27.6416    27.6407    34.3928    27.6416    1452.13    1452.13    -0.5269  1029.4578    34.5609 0.0000e+00
      19373 314.013624  -62.14176  -58.44450     -0.485    1448.33    379.000    375.017    -0.5140    -0.5133     0.0007    -0.5268    -0.5261     0.0007   2.831781   2.831760  -0.000020    34.3928    34.3918     6.7601    27.6416    27.6407    34.3929    27.6417    1452.12    1452.12    -0.5266  1029.4531    34.5610 0.0000e+00
      19407 314.013641  -62.14176  -58.44450     -0.666    1448.33    378.000    374.031    -0.5134    -0.5127     0.0006    -0.5261    -0.5255     0.0006   2.831743   2.831726  -0.000017    34.3922    34.3913     6.7639    27.6411    27.6403    34.3923    27.6411    1452.10    1452.10    -0.5259  1029.4479    34.5604 0.0000e+00
      19438 314.013656  -62.14177  -58.44450     -0.765    1448.33    377.000    373.043    -0.5133    -0.5125     0.0008    -0.5260    -0.5252     0.0008   2.831680   2.831679  -0.000003    34.3920    34.3910     6.7489    27.6409    27.6401    34.3919    27.6409    1452.09    1452.09    -0.5258  1029.4429    34.5601 0.0000e+00
      19470 314.013672  -62.14178  -58.44450     -0.759    1448.33    376.000    372.054    -0.5136    -0.5128     0.0009    -0.5263    -0.5255     0.0009   2.831600   2.831614   0.000016    34.3918    34.3911     6.7572    27.6408    27.6402    34.3918    27.6408    1452.07    1452.07    -0.5261  1029.4380    34.5599 0.0000e+00
      19506 314.013689  -62.14178  -58.44450     -0.688    1448.33    375.000    371.066    -0.5137    -0.5130     0.0008    -0.5264    -0.5256     0.0008   2.831539   2.831563   0.000024    34.3918    34.3912     6.7596    27.6408    27.6403    34.3917    27.6407    1452.05    1452.06    -0.5261  1029.4332    34.5599 0.0000e+00
      19540 314.013705  -62.14180  -58.44448     -0.692    1448.33    374.000    370.077    -0.5135    -0.5126     0.0009    -0.5261    -0.5253     0.0009   2.831536   2.831520  -0.000019    34.3920    34.3908     6.7609    27.6410    27.6399    34.3920    27.6409    1452.04    1452.04    -0.5259  1029.4287    34.5601 0.0000e+00
      19569 314.013719  -62.14180  -58.44448     -0.775    1448.33    373.000    369.088    -0.5130    -0.5124     0.0006    -0.5256    -0.5250     0.0006   2.831473   2.831487   0.000015    34.3912    34.3907     6.7703    27.6403    27.6399    34.3912    27.6402    1452.02    1452.02    -0.5253  1029.4232    34.5593 0.0000e+00
      19598 314.013733  -62.14180  -58.44448     -0.845    1448.33    372.000    368.100    -0.5129    -0.5123     0.0006    -0.5255    -0.5249     0.0006   2.831426   2.831424 9.7544e-07    34.3911    34.3904     6.7641    27.6402    27.6396    34.3911    27.6402    1452.01    1452.01    -0.5252  1029.4185    34.5593 0.0000e+00
      19627 314.013747  -62.14181  -58.44448     -0.837    1448.33    371.000    367.111    -0.5132    -0.5123     0.0008    -0.5257    -0.5248     0.0008   2.831397   2.831370  -0.000029    34.3917    34.3903     6.7682    27.6406    27.6395    34.3916    27.6406    1451.99    1451.99    -0.5255  1029.4141    34.5597 0.0000e+00
      19659 314.013762  -62.14182  -58.44448     -0.771    1448.33    370.000    366.122    -0.5135    -0.5126     0.0009    -0.5259    -0.5251     0.0009   2.831346   2.831326  -0.000020    34.3919    34.3906     6.7602    27.6409    27.6398    34.3919    27.6408    1451.97    1451.97    -0.5257  1029.4096    34.5600 0.0000e+00
      19692 314.013779  -62.14183  -58.44448     -0.715    1448.33    369.000    365.134    -0.5134    -0.5126     0.0008    -0.5258    -0.5251     0.0008   2.831335   2.831301  -0.000034    34.3923    34.3910     6.7546    27.6411    27.6400    34.3923    27.6411    1451.96    1451.96    -0.5256  1029.4051    34.5604 0.0000e+00
      19723 314.013793  -62.14184  -58.44448     -0.762    1448.33    368.000    364.145    -0.5133    -0.5125     0.0008    -0.5257    -0.5249     0.0008   2.831312   2.831311  -0.000002    34.3925    34.3915     6.7693    27.6413    27.6405    34.3924    27.6413    1451.94    1451.94    -0.5255  1029.4005    34.5605 0.0000e+00
      19753 314.013808  -62.14184  -58.44448     -0.805    1448.33    367.000    363.156    -0.5128    -0.5124     0.0004    -0.5252    -0.5248     0.0004   2.831297   2.831267  -0.000026    34.3923    34.3915     6.7656    27.6411    27.6404    34.3923    27.6411    1451.93    1451.93    -0.5249  1029.3957    34.5604 0.0000e+00
      19783 314.013822  -62.14184  -58.44448     -0.797    1448.33    366.000    362.168    -0.5125    -0.5120     0.0004    -0.5248    -0.5244     0.0004   2.831275   2.831245  -0.000034    34.3922    34.3913     6.7662    27.6411    27.6403    34.3922    27.6410    1451.91    1451.91    -0.5246  1029.3908    34.5603 0.0000e+00
      19811 314.013836  -62.14184  -58.44448     -0.824    1448.33    365.000    361.179    -0.5129    -0.5119     0.0010    -0.5252    -0.5242     0.0010   2.831167   2.831185   0.000018    34.3919    34.3910     6.7699    27.6408    27.6401    34.3919    27.6408    1451.89    1451.90    -0.5250  1029.3858    34.5600 0.0000e+00
      19841 314.013850  -62.14186  -58.44448     -0.819    1448.33    364.000    360.190    -0.5134    -0.5123     0.0011    -0.5256    -0.5246     0.0011   2.831087   2.831107   0.000022    34.3920    34.3910     6.7530    27.6409    27.6401    34.3919    27.6409    1451.87    1451.88    -0.5254  1029.3811    34.5600 0.0000e+00
      19870 314.013864  -62.14186  -58.44447     -0.823    1448.33    363.000    359.202    -0.5130    -0.5126     0.0004    -0.5252    -0.5248     0.0004   2.831071   2.831024  -0.000042    34.3919    34.3908     6.7584    27.6408    27.6399    34.3919    27.6408    1451.86    1451.86    -0.5250  1029.3763    34.5600 0.0000e+00
      19898 314.013878  -62.14187  -58.44446     -0.849    1448.33    362.000    358.213    -0.5126    -0.5122     0.0005    -0.5248    -0.5244     0.0005   2.831047   2.831012  -0.000033    34.3917    34.3908     6.7575    27.6406    27.6399    34.3917    27.6406    1451.85    1451.85    -0.5245  1029.3688    34.5565 0.0000e+00
      19928 314.013892 -9.990e-29  -58.44446     -0.826    1448.33    361.000    357.224    -0.5116    -0.5116    -0.0000    -0.5237    -0.5238    -0.0000   2.831059   2.831007  -0.000055    34.3914    34.3906     6.7581    27.6403    27.6397    34.3914    27.6403    1451.83    1451.83    -0.5235  1029.3616    34.5535 0.0000e+00
      19959 314.013907 -9.990e-29  -58.44446     -0.773    1448.33    360.000    356.236    -0.5114    -0.5107     0.0007    -0.5235    -0.5228     0.0007   2.831016   2.831001  -0.000013    34.3911    34.3902     6.7682    27.6401    27.6393    34.3911    27.6401    1451.82    1451.82    -0.5233  1029.3566    34.5533 0.0000e+00
      19989 314.013921  -62.14190  -58.44446     -0.791    1448.33    359.000    355.247    -0.5114    -0.5108     0.0007    -0.5235    -0.5228     0.0007   2.830972   2.830947  -0.000026    34.3912    34.3901     6.7657    27.6402    27.6392    34.3912    27.6401    1451.80    1451.80    -0.5232  1029.3531    34.5548 0.0000e+00
      20017 314.013935  -62.14190  -58.44446     -0.830    1448.33    358.000    354.258    -0.5103    -0.5103     0.0000    -0.5224    -0.5223     0.0000   2.830998   2.830938  -0.000055    34.3908    34.3900     6.7602    27.6398    27.6391    34.3909    27.6399    1451.79    1451.79    -0.5221  1029.3516    34.5590 0.0000e+00
      20046 314.013949  -62.14190  -58.44446     -0.845    1448.33    357.000    353.270    -0.5092    -0.5092    -0.0001    -0.5212    -0.5213    -0.0001   2.831020   2.830953  -0.000069    34.3904    34.3896     6.7708    27.6394    27.6388    34.3905    27.6395    1451.78    1451.78    -0.5210  1029.3465    34.5586 0.0000e+00
      20072 314.013962  -62.14192  -58.44446     -0.878    1448.33    356.000    352.281    -0.5086    -0.5081     0.0004    -0.5205    -0.5201     0.0004   2.831015   2.830963  -0.000051    34.3903    34.3891     6.7661    27.6393    27.6383    34.3904    27.6393    1451.76    1451.77    -0.5203  1029.3416    34.5584 0.0000e+00
      20101 314.013975  -62.14192  -58.44446     -0.873    1448.33    355.000    351.292    -0.5085    -0.5079     0.0006    -0.5205    -0.5198     0.0006   2.831021   2.830959  -0.000059    34.3909    34.3894     6.7625    27.6398    27.6385    34.3910    27.6399    1451.75    1451.75    -0.5202  1029.3374    34.5591 0.0000e+00
      20130 314.013990  -62.14192  -58.44446     -0.815    1448.33    354.000    350.304    -0.5074    -0.5075    -0.0001    -0.5193    -0.5194    -0.0001   2.831158   2.831014  -0.000143    34.3920    34.3902     6.7732    27.6406    27.6392    34.3922    27.6408    1451.74    1451.74    -0.5191  1029.3335    34.5603 0.0000e+00
      20162 314.014005  -62.14193  -58.44446     -0.774    1448.33    353.000    349.315    -0.5078    -0.5073     0.0005    -0.5197    -0.5192     0.0005   2.831048   2.831001  -0.000050    34.3918    34.3906     6.7733    27.6405    27.6395    34.3918    27.6405    1451.72    1451.72    -0.5194  1029.3284    34.5598 0.0000e+00
      20194 314.014021  -62.14194  -58.44446     -0.737    1448.33    352.000    348.326    -0.5074    -0.5069     0.0004    -0.5192    -0.5187     0.0004   2.831032   2.830967  -0.000066    34.3916    34.3902     6.7638    27.6403    27.6391    34.3917    27.6404    1451.71    1451.70    -0.5190  1029.3236    34.5598 0.0000e+00
      20224 314.014035  -62.14195  -58.44446     -0.791    1448.33    351.000    347.337    -0.5071    -0.5065     0.0006    -0.5188    -0.5183     0.0006   2.831000   2.830967  -0.000035    34.3914    34.3904     6.7741    27.6402    27.6393    34.3915    27.6402    1451.69    1451.69    -0.5187  1029.3187    34.5596 0.0000e+00
      20252 314.014048  -62.14196  -58.44446     -0.846    1448.33    350.000    346.349    -0.5071    -0.5063     0.0008    -0.5189    -0.5180     0.0008   2.830955   2.830960 9.4766e-07    34.3916    34.3906     6.7617    27.6402    27.6394    34.3915    27.6402    1451.68    1451.68    -0.5186  1029.3140    34.5596 0.0000e+00
      20280 314.014062  -62.14196  -58.44446     -0.850    1448.33    349.000    345.360    -0.5078    -0.5067     0.0011    -0.5195    -0.5184     0.0011   2.830764   2.830841   0.000071    34.3905    34.3902     6.7614    27.6394    27.6391    34.3903    27.6393    1451.65    1451.66    -0.5193  1029.3083    34.5584 0.0000e+00
      20308 314.014076  -62.14196  -58.44446     -0.853    1448.33    348.000    344.371    -0.5087    -0.5075     0.0012    -0.5204    -0.5192     0.0012   2.830591   2.830634   0.000048    34.3898    34.3890     6.7795    27.6388    27.6382    34.3897    27.6388    1451.63    1451.64    -0.5202  1029.3031    34.5578 0.0000e+00
      20337 314.014089  -62.14198  -58.44446     -0.850    1448.33    347.000    343.382    -0.5084    -0.5076     0.0008    -0.5201    -0.5193     0.0008   2.830544   2.830545   0.000002    34.3893    34.3885     6.7685    27.6385    27.6378    34.3893    27.6385    1451.62    1451.62    -0.5198  1029.2980    34.5574 0.0000e+00
      20366 314.014103  -62.14198  -58.44446     -0.827    1448.33    346.000    342.394    -0.5089    -0.5075     0.0014    -0.5205    -0.5191     0.0014   2.830456   2.830496   0.000038    34.3893    34.3883     6.7637    27.6385    27.6376    34.3892    27.6384    1451.60    1451.60    -0.5203  1029.2932    34.5573 0.0000e+00
      20394 314.014117  -62.14199  -58.44446     -0.837    1448.33    345.000    341.405    -0.5169    -0.5113     0.0056    -0.5284    -0.5228     0.0056   2.829474   2.830046   0.000515    34.3872    34.3878     6.7751    27.6372    27.6374    34.3857    27.6360    1451.54    1451.57    -0.5282  1029.2861    34.5538 0.0000e+00
      20424 314.014131  -62.14200  -58.44446     -0.825    1448.33    344.000    340.416    -0.5252    -0.5188     0.0064    -0.5367    -0.5303     0.0064   2.828672   2.829239   0.000583    34.3857    34.3863     6.7765    27.6363    27.6365    34.3850    27.6358    1451.48    1451.51    -0.5365  1029.2812    34.5531 0.0000e+00
      20454 314.014146  -62.14200  -58.44444     -0.796    1448.33    343.000    339.428    -0.5266    -0.5249     0.0018    -0.5381    -0.5363     0.0018   2.828434   2.828542   0.000133    34.3845    34.3843     6.7794    27.6354    27.6351    34.3840    27.6350    1451.46    1451.47    -0.5378  1029.2758    34.5521 0.0000e+00
      20484 314.014160  -62.14200  -58.44444     -0.797    1448.33    342.000    338.439    -0.5275    -0.5261     0.0013    -0.5389    -0.5375     0.0013   2.828286   2.828361   0.000071    34.3843    34.3837     6.8033    27.6353    27.6347    34.3836    27.6347    1451.44    1451.44    -0.5387  1029.2707    34.5516 0.0000e+00
      20511 314.014174  -62.14202  -58.44444     -0.849    1448.33    341.000    337.450    -0.5297    -0.5280     0.0018    -0.5411    -0.5393     0.0018   2.828009   2.828120   0.000110    34.3837    34.3831     6.8242    27.6349    27.6343    34.3831    27.6344    1451.41    1451.42    -0.5408  1029.2656    34.5511 0.0000e+00
      20539 314.014187  -62.14202  -58.44444     -0.889    1448.33    340.000    336.461    -0.5307    -0.5296     0.0011    -0.5420    -0.5409     0.0011   2.827869   2.827901   0.000037    34.3833    34.3825     6.8280    27.6346    27.6339    34.3829    27.6342    1451.39    1451.39    -0.5418  1029.2608    34.5509 0.0000e+00
      20568 314.014201  -62.14203  -58.44444     -0.835    1448.33    339.000    335.472    -0.5305    -0.5296     0.0009    -0.5418    -0.5409     0.0009   2.827846   2.827847   0.000008    34.3832    34.3823     6.8272    27.6345    27.6337    34.3830    27.6343    1451.37    1451.38    -0.5416  1029.2561    34.5510 0.0000e+00
      20598 314.014215  -62.14204  -58.44444     -0.795    1448.33    338.000    334.484    -0.5294    -0.5288     0.0006    -0.5407    -0.5401     0.0006   2.827912   2.827882  -0.000026    34.3834    34.3824     6.8461    27.6347    27.6338    34.3832    27.6345    1451.36    1451.37    -0.5404  1029.2515    34.5512 0.0000e+00
