Pos-Processados/process_op42/Processamento_split/up/uoperantar42_012.cnv
* Sea-Bird SBE 9 Data File:
* FileName = C:\Users\Hidrografia\Desktop\OPXLII\Brutos\OP42012.hdr
* Software Version Seasave V 7.26.7.107
* Temperature SN = 6502
* Conductivity SN = 4998
* Number of Bytes Per Scan = 31
* Number of Voltage Words = 2
* Number of Scans Averaged by the Deck Unit = 1
* NMEA Latitude = 45 45.00 S
* NMEA Longitude = 055 01.26 W
* NMEA UTC (Time) = Oct 19 2023 15:31:14
* NMEA baud rate = 4800
** H41
** NPOALTEMAXIMIANO
** NUMERO DA ESTACAO (XXX) 012
** LAT (XX XX.XX S/N) 45 44.898 S
** LONG (XXX XX.XX W/E) 055 00.940 W
** DATAHORA (dd/mm/aaaa hh:mm Z) 19/10/2023 15:24 Z
** PROFUNDIDADE (m) 5690
** OPERADOR 1T ZAMITH
# nquan = 30
# nvalues = 1007                        
# units = specified
# name 0 = scan: Scan Count
# name 1 = timeJ: Julian Days
# name 2 = latitude: Latitude [deg]
# name 3 = longitude: Longitude [deg]
# name 4 = dz/dtM: Descent Rate [m/s]
# name 5 = avgsvCM: Average Sound Velocity [Chen-Millero, m/s]
# name 6 = prDM: Pressure, Digiquartz [db]
# name 7 = depSM: Depth [salt water, m]
# name 8 = t090C: Temperature [ITS-90, deg C]
# name 9 = t190C: Temperature, 2 [ITS-90, deg C]
# name 10 = T2-T190C: Temperature Difference, 2 - 1 [ITS-90, deg C]
# name 11 = potemp090C: Potential Temperature [ITS-90, deg C]
# name 12 = potemp190C: Potential Temperature, 2 [ITS-90, deg C]
# name 13 = potemp90Cdiff: Potential Temperature, Diff, 2 - 1 [ITS-90, deg C]
# name 14 = c0S/m: Conductivity [S/m]
# name 15 = c1S/m: Conductivity, 2 [S/m]
# name 16 = C2-C1S/m: Conductivity Difference, 2 - 1 [S/m]
# name 17 = sal00: Salinity, Practical [PSU]
# name 18 = sal11: Salinity, Practical, 2 [PSU]
# name 19 = sbeox0ML/L: Oxygen, SBE 43 [ml/l]
# name 20 = sigma-é00: Density [sigma-theta, kg/m^3]
# name 21 = sigma-é11: Density, 2 [sigma-theta, kg/m^3]
# name 22 = sal00: Salinity, Practical [PSU]
# name 23 = sigma-é00: Density [sigma-theta, kg/m^3]
# name 24 = svCM: Sound Velocity [Chen-Millero, m/s]
# name 25 = svCM1: Sound Velocity, 2 [Chen-Millero, m/s]
# name 26 = gsw_ptA0: potential temperature [ITS-90, deg C]
# name 27 = gsw_densityA0: density, TEOS-10 [density, kg/m^3]
# name 28 = gsw_saA0: Absolute Salinity [g/kg]
# name 29 = flag:
# span 0 =      29335,      63010       
# span 1 = 292.660836, 292.677076       
# span 2 =  -45.76244,  -45.75587       
# span 3 =  -55.02235,  -55.02077       
# span 4 =     -1.303,     -0.249       
# span 5 =    1472.17,    1472.17       
# span 6 =      5.000,   1011.000       
# span 7 =      4.972,   1000.282       
# span 8 =     2.6465,     8.3582       
# span 9 =     2.6478,     8.3598       
# span 10 =    -0.2307,     0.2100      
# span 11 =     2.5828,     8.3577      
# span 12 =     2.5841,     8.3593      
# span 13 =    -0.2306,     0.2099      
# span 14 =   3.132121,   3.571820      
# span 15 =   3.132163,   3.571789      
# span 16 =  -0.019619,   0.017965      
# span 17 =    34.0473,    34.5092      
# span 18 =    34.0470,    34.5084      
# span 19 =     3.8938,     7.0308      
# span 20 =    26.5251,    27.5297      
# span 21 =    26.5235,    27.5289      
# span 22 =    34.0501,    34.5092      
# span 23 =    26.5266,    27.5296      
# span 24 =    1469.26,    1482.81      
# span 25 =    1469.26,    1482.82      
# span 26 =     2.5827,     8.3577      
# span 27 =  1026.5515,  1032.2225      
# span 28 =    34.2111,    34.6763      
# span 29 = 0.0000e+00, 0.0000e+00      
# interval = decibars: 1                
# start_time = Oct 19 2023 15:31:14 [NMEA time, header]
# bad_flag = -9.990e-29
*END*
[from data line 194]
      34478 292.663316  -45.75690  -55.02092     -1.063    1472.17    817.000    808.718     2.7711     2.7721     0.0009     2.7185     2.7194     0.0009   3.133015   3.133049   0.000041    34.3943    34.3938     4.2310    27.4267    27.4262    34.3943    27.4267    1474.05    1474.05     2.7184  1031.2256    34.5599 0.0000e+00
      34500 292.663327  -45.75690  -55.02092     -1.073    1472.17    816.000    807.731     2.7721     2.7733     0.0012     2.7195     2.7207     0.0012   3.133033   3.133026  -0.000009    34.3939    34.3925     4.2306    27.4263    27.4251    34.3939    27.4263    1474.04    1474.04     2.7194  1031.2206    34.5596 0.0000e+00
      34523 292.663338  -45.75690  -55.02092     -1.069    1472.17    815.000    806.742     2.7737     2.7765     0.0029     2.7211     2.7240     0.0028   3.133046   3.133185   0.000117    34.3929    34.3913     4.2362    27.4254    27.4238    34.3930    27.4254    1474.03    1474.04     2.7211  1031.2151    34.5586 0.0000e+00
      34547 292.663350  -45.75692  -55.02090     -1.036    1472.17    814.000    805.754     2.7771     2.7772     0.0001     2.7246     2.7247     0.0001   3.133248   3.133191  -0.000040    34.3919    34.3914     4.2435    27.4243    27.4239    34.3923    27.4246    1474.02    1474.02     2.7245  1031.2096    34.5579 0.0000e+00
      34574 292.663363  -45.75692  -55.02092     -0.940    1472.17    813.000    804.766     2.7805     2.7791    -0.0014     2.7281     2.7267    -0.0014   3.133413   3.133277  -0.000125    34.3909    34.3908     4.2451    27.4231    27.4232    34.3912    27.4234    1474.02    1474.01     2.7280  1031.2037    34.5568 0.0000e+00
      34607 292.663379  -45.75692  -55.02092     -0.749    1472.17    812.000    803.779     2.7826     2.7798    -0.0028     2.7302     2.7274    -0.0027   3.133509   3.133310  -0.000195    34.3905    34.3910     4.2501    27.4226    27.4233    34.3908    27.4229    1474.01    1474.00     2.7301  1031.1985    34.5564 0.0000e+00
      34637 292.663393  -45.75692  -55.02092     -0.749    1472.17    811.000    802.791     2.7838     2.7839     0.0001     2.7314     2.7315     0.0001   3.133556   3.133507  -0.000052    34.3903    34.3895     4.2561    27.4224    27.4218    34.3906    27.4226    1474.00    1474.00     2.7314  1031.1936    34.5562 0.0000e+00
      34660 292.663404  -45.75694  -55.02092     -0.926    1472.17    810.000    801.803     2.7845     2.7860     0.0015     2.7322     2.7338     0.0015   3.133579   3.133619   0.000030    34.3903    34.3891     4.2593    27.4223    27.4212    34.3906    27.4226    1473.99    1473.99     2.7322  1031.1889    34.5562 0.0000e+00
      34682 292.663415  -45.75694  -55.02092     -1.071    1472.17    809.000    800.815     2.7858     2.7871     0.0013     2.7336     2.7349     0.0013   3.133608   3.133613   0.000004    34.3900    34.3886     4.2651    27.4220    27.4207    34.3901    27.4221    1473.98    1473.98     2.7335  1031.1838    34.5557 0.0000e+00
      34704 292.663425  -45.75694  -55.02092     -1.110    1472.17    808.000    799.826     2.7844     2.7860     0.0016     2.7323     2.7339     0.0016   3.133421   3.133466   0.000038    34.3898    34.3886     4.2698    27.4219    27.4208    34.3899    27.4220    1473.95    1473.96     2.7322  1031.1792    34.5555 0.0000e+00
      34726 292.663436  -45.75694  -55.02092     -1.081    1472.17    807.000    798.839     2.7850     2.7853     0.0003     2.7330     2.7332     0.0003   3.133328   3.133385   0.000050    34.3886    34.3889     4.2660    27.4209    27.4211    34.3886    27.4209    1473.94    1473.94     2.7329  1031.1734    34.5542 0.0000e+00
      34750 292.663447  -45.75695  -55.02092     -1.050    1472.17    806.000    797.851     2.7853     2.7862     0.0009     2.7333     2.7342     0.0009   3.133203   3.133200 2.4141e-07    34.3873    34.3863     4.2624    27.4198    27.4190    34.3873    27.4198    1473.92    1473.92     2.7332  1031.1678    34.5529 0.0000e+00
      34773 292.663459  -45.75696  -55.02092     -1.046    1472.17    805.000    796.863     2.7845     2.7856     0.0011     2.7326     2.7337     0.0011   3.132917   3.132980   0.000055    34.3854    34.3848     4.2615    27.4183    27.4178    34.3852    27.4182    1473.90    1473.90     2.7325  1031.1616    34.5507 0.0000e+00
      34797 292.663470  -45.75696  -55.02092     -1.012    1472.17    804.000    795.875     2.7831     2.7841     0.0009     2.7313     2.7323     0.0009   3.132663   3.132674   0.000010    34.3842    34.3833     4.2688    27.4175    27.4167    34.3841    27.4174    1473.87    1473.88     2.7312  1031.1562    34.5496 0.0000e+00
      34825 292.663484  -45.75696  -55.02092     -0.898    1472.17    803.000    794.887     2.7820     2.7834     0.0014     2.7302     2.7317     0.0014   3.132417   3.132527   0.000104    34.3829    34.3827     4.2767    27.4166    27.4163    34.3829    27.4165    1473.85    1473.86     2.7302  1031.1508    34.5484 0.0000e+00
      34854 292.663498  -45.75698  -55.02092     -0.824    1472.17    802.000    793.899     2.7813     2.7828     0.0015     2.7297     2.7312     0.0015   3.132239   3.132372   0.000137    34.3821    34.3821     4.2886    27.4159    27.4159    34.3819    27.4158    1473.83    1473.84     2.7296  1031.1455    34.5474 0.0000e+00
      34881 292.663511  -45.75698  -55.02092     -0.873    1472.17    801.000    792.911     2.7815     2.7824     0.0009     2.7299     2.7308     0.0009   3.132173   3.132191   0.000021    34.3815    34.3808     4.2970    27.4155    27.4148    34.3815    27.4155    1473.81    1473.82     2.7298  1031.1405    34.5470 0.0000e+00
      34905 292.663522  -45.75698  -55.02092     -0.963    1472.17    800.000    791.923     2.7818     2.7830     0.0012     2.7303     2.7315     0.0012   3.132121   3.132163   0.000037    34.3810    34.3801     4.2973    27.4151    27.4143    34.3810    27.4151    1473.80    1473.80     2.7302  1031.1355    34.5465 0.0000e+00
      34929 292.663534  -45.75698  -55.02092     -0.996    1472.17    799.000    790.935     2.7831     2.7852     0.0021     2.7316     2.7337     0.0021   3.132174   3.132238   0.000063    34.3807    34.3793     4.3057    27.4147    27.4134    34.3808    27.4148    1473.79    1473.79     2.7316  1031.1306    34.5463 0.0000e+00
      34953 292.663546  -45.75700  -55.02092     -0.989    1472.17    798.000    789.947     2.7872     2.7868    -0.0003     2.7357     2.7354    -0.0003   3.132438   3.132295  -0.000108    34.3797    34.3787     4.3012    27.4135    27.4128    34.3803    27.4140    1473.79    1473.78     2.7357  1031.1251    34.5457 0.0000e+00
      34977 292.663557  -45.75700  -55.02092     -1.007    1472.17    797.000    788.959     2.7937     2.7915    -0.0022     2.7423     2.7401    -0.0022   3.132878   3.132687  -0.000213    34.3786    34.3784     4.3071    27.4121    27.4121    34.3792    27.4126    1473.80    1473.79     2.7423  1031.1171    34.5424 0.0000e+00
      35001 292.663568 -9.990e-29  -55.02092     -1.018    1472.17    796.000    787.971     2.7978     2.7979     0.0002     2.7464     2.7466     0.0002   3.133184   3.133123  -0.000061    34.3785    34.3775     4.3074    27.4116    27.4108    34.3791    27.4121    1473.80    1473.80     2.7464  1031.1114    34.5416 0.0000e+00
      35027 292.663581 -9.990e-29  -55.02092     -0.952    1472.17    795.000    786.983     2.7996     2.7999     0.0003     2.7484     2.7487     0.0003   3.133300   3.133245  -0.000041    34.3785    34.3777     4.3080    27.4115    27.4108    34.3791    27.4119    1473.79    1473.79     2.7483  1031.1065    34.5415 0.0000e+00
      35055 292.663595 -9.990e-29  -55.02092     -0.853    1472.17    794.000    785.995     2.8033     2.8022    -0.0011     2.7521     2.7510    -0.0011   3.133596   3.133422  -0.000179    34.3787    34.3776     4.3157    27.4113    27.4106    34.3793    27.4118    1473.79    1473.78     2.7520  1031.1017    34.5418 0.0000e+00
      35081 292.663607  -45.75702  -55.02093     -0.886    1472.17    793.000    785.007     2.8057     2.8052    -0.0005     2.7546     2.7540    -0.0005   3.133746   3.133622  -0.000125    34.3786    34.3776     4.3117    27.4110    27.4102    34.3791    27.4114    1473.78    1473.78     2.7545  1031.0990    34.5445 0.0000e+00
      35103 292.663618  -45.75702 -9.990e-29     -1.009    1472.17    792.000    784.019     2.8060     2.8067     0.0007     2.7549     2.7556     0.0007   3.133693   3.133684  -0.000035    34.3785    34.3774     4.3130    27.4109    27.4099    34.3787    27.4111    1473.77    1473.77     2.7548  1031.0942    34.5443 0.0000e+00
      35124 292.663628  -45.75702 -9.990e-29     -1.102    1472.17    791.000    783.031     2.8042     2.8075     0.0033     2.7532     2.7564     0.0033   3.133484   3.133613   0.000127    34.3785    34.3765     4.3178    27.4110    27.4092    34.3786    27.4111    1473.74    1473.75     2.7531  1031.0897    34.5442 0.0000e+00
      35147 292.663639  -45.75704 -9.990e-29     -1.102    1472.17    790.000    782.042     2.8043     2.8056     0.0013     2.7534     2.7547     0.0013   3.133313   3.133317  -0.000001    34.3769    34.3755     4.3172    27.4097    27.4085    34.3769    27.4098    1473.72    1473.73     2.7533  1031.0837    34.5425 0.0000e+00
      35174 292.663652  -45.75704  -55.02094     -0.974    1472.17    789.000    781.054     2.8023     2.8046     0.0023     2.7514     2.7537     0.0023   3.132899   3.133134   0.000229    34.3747    34.3750     4.3169    27.4082    27.4082    34.3746    27.4081    1473.70    1473.71     2.7513  1031.0774    34.5401 0.0000e+00
      35202 292.663665  -45.75704  -55.02094     -0.854    1472.17    788.000    780.066     2.8015     2.8031     0.0016     2.7508     2.7524     0.0016   3.132658   3.132908   0.000251    34.3729    34.3743     4.3149    27.4068    27.4078    34.3729    27.4068    1473.67    1473.68     2.7507  1031.0715    34.5383 0.0000e+00
      35227 292.663678  -45.75704  -55.02094     -0.908    1472.17    787.000    779.078     2.8014     2.8026     0.0012     2.7507     2.7519     0.0012   3.132549   3.132586   0.000055    34.3723    34.3717     4.3183    27.4063    27.4057    34.3723    27.4063    1473.66    1473.66     2.7506  1031.0664    34.5377 0.0000e+00
      35250 292.663689  -45.75705  -55.02094     -1.011    1472.17    786.000    778.090     2.8009     2.8032     0.0023     2.7503     2.7526     0.0023   3.132399   3.132454   0.000042    34.3716    34.3697     4.3323    27.4058    27.4040    34.3715    27.4057    1473.64    1473.64     2.7502  1031.0612    34.5369 0.0000e+00
      35274 292.663700  -45.75706  -55.02094     -1.016    1472.17    785.000    777.102     2.8039     2.8043     0.0004     2.7533     2.7537     0.0004   3.132574   3.132506  -0.000058    34.3707    34.3695     4.3434    27.4048    27.4038    34.3710    27.4051    1473.63    1473.63     2.7532  1031.0559    34.5364 0.0000e+00
      35303 292.663714  -45.75706  -55.02094     -0.887    1472.17    784.000    776.114     2.8086     2.8060    -0.0026     2.7581     2.7555    -0.0026   3.132887   3.132638  -0.000227    34.3697    34.3697     4.3483    27.4036    27.4038    34.3703    27.4041    1473.63    1473.62     2.7580  1031.0502    34.5357 0.0000e+00
      35331 292.663728  -45.75706  -55.02094     -0.829    1472.17    783.000    775.126     2.8156     2.8128    -0.0029     2.7651     2.7623    -0.0029   3.133417   3.133102  -0.000309    34.3692    34.3685     4.3520    27.4025    27.4022    34.3699    27.4031    1473.65    1473.64     2.7650  1031.0445    34.5352 0.0000e+00
      35356 292.663740  -45.75708  -55.02094     -0.912    1472.17    782.000    774.138     2.8182     2.8179    -0.0004     2.7678     2.7675    -0.0004   3.133552   3.133463  -0.000123    34.3688    34.3677     4.3568    27.4020    27.4012    34.3693    27.4024    1473.64    1473.64     2.7677  1031.0391    34.5346 0.0000e+00
      35377 292.663750  -45.75708  -55.02094     -1.043    1472.17    781.000    773.150     2.8190     2.8259     0.0069     2.7686     2.7755     0.0068   3.133565   3.134062   0.000441    34.3686    34.3667     4.3626    27.4018    27.3996    34.3692    27.4022    1473.63    1473.66     2.7686  1031.0343    34.5345 0.0000e+00
      35399 292.663760  -45.75708  -55.02094     -1.116    1472.17    780.000    772.162     2.8258     2.8312     0.0053     2.7755     2.7808     0.0053   3.134122   3.134461   0.000351    34.3681    34.3667     4.3643    27.4008    27.3992    34.3692    27.4017    1473.64    1473.66     2.7754  1031.0290    34.5346 0.0000e+00
      35421 292.663771  -45.75708  -55.02094     -1.098    1472.17    779.000    771.174     2.8362     2.8277    -0.0085     2.7859     2.7774    -0.0085   3.135036   3.134131  -0.000758    34.3677    34.3675     4.3647    27.3995    27.4002    34.3698    27.4012    1473.67    1473.63     2.7858  1031.0237    34.5352 0.0000e+00
      35448 292.663784  -45.75709  -55.02094     -0.973    1472.17    778.000    770.186     2.8468     2.8341    -0.0127     2.7964     2.7838    -0.0126   3.135778   3.134702  -0.001104    34.3671    34.3671     4.3672    27.3981    27.3992    34.3682    27.3990    1473.70    1473.64     2.7964  1031.0167    34.5335 0.0000e+00
      35475 292.663797  -45.75710  -55.02094     -0.877    1472.17    777.000    769.197     2.8461     2.8460    -0.0001     2.7959     2.7958    -0.0001   3.135591   3.135595  -0.000046    34.3666    34.3662     4.3651    27.3978    27.3974    34.3671    27.3982    1473.68    1473.68     2.7958  1031.0113    34.5324 0.0000e+00
      35501 292.663810  -45.75710  -55.02094     -0.905    1472.17    776.000    768.209     2.8439     2.8450     0.0011     2.7937     2.7948     0.0011   3.135342   3.135352   0.000015    34.3664    34.3655     4.3667    27.3978    27.3969    34.3670    27.3983    1473.65    1473.65     2.7936  1031.0068    34.5323 0.0000e+00
      35526 292.663822  -45.75710  -55.02094     -0.946    1472.17    775.000    767.221     2.8419     2.8415    -0.0004     2.7918     2.7914    -0.0004   3.135052   3.134921  -0.000130    34.3659    34.3647     4.3716    27.3976    27.3967    34.3661    27.3977    1473.62    1473.62     2.7918  1031.0017    34.5314 0.0000e+00
      35554 292.663836  -45.75712  -55.02094     -0.894    1472.17    774.000    766.233     2.8361     2.8393     0.0031     2.7862     2.7893     0.0031   3.134411   3.134655   0.000221    34.3650    34.3644     4.3728    27.3974    27.3966    34.3650    27.3973    1473.58    1473.59     2.7861  1030.9968    34.5303 0.0000e+00
      35586 292.663851 -9.990e-29  -55.02094     -0.768    1472.17    773.000    765.245     2.8292     2.8354     0.0061     2.7794     2.7855     0.0061   3.133537   3.134172   0.000598    34.3631    34.3639     4.3688    27.3964    27.3965    34.3622    27.3957    1473.53    1473.56     2.7793  1030.9884    34.5245 0.0000e+00
      35614 292.663864 -9.990e-29  -55.02094     -0.798    1472.17    772.000    764.257     2.8246     2.8268     0.0022     2.7749     2.7770     0.0022   3.133057   3.133195   0.000174    34.3618    34.3615     4.3737    27.3958    27.3954    34.3618    27.3958    1473.49    1473.50     2.7748  1030.9840    34.5241 0.0000e+00
      35637 292.663875 -9.990e-29  -55.02094     -0.962    1472.17    771.000    763.269     2.8266     2.8290     0.0024     2.7769     2.7792     0.0024   3.133209   3.133308   0.000083    34.3620    34.3605     4.3745    27.3957    27.3943    34.3621    27.3958    1473.49    1473.50     2.7768  1030.9794    34.5244 0.0000e+00
