Pos-Processados/process_op42/Processamento_split/up/uoperantar42_046.cnv
* Sea-Bird SBE 9 Data File:
* FileName = C:\Users\Hidrografia\Desktop\OPXLII\Brutos\OP42046.hdr
* Software Version Seasave V 7.26.7.107
* Temperature SN = 6502
* Conductivity SN = 4998
* Number of Bytes Per Scan = 37
* Number of Voltage Words = 4
* Number of Scans Averaged by the Deck Unit = 1
* NMEA Latitude = 62 08.52 S
* NMEA Longitude = 058 26.59 W
* NMEA UTC (Time) = Nov 09 2023 21:09:08
* NMEA baud rate = 4800
** H41
** NPOALTEMAXIMIANO
** NUMERO DA ESTACAO (XXX) 046
** LAT (XX XX.XX S/N) 62 08. S
** LONG (XXX XX.XX W/E) 058 26. W
** DATAHORA (dd/mm/aaaa hh:mm Z) 09/11/2023 2105Z
** PROFUNDIDADE (m)
** OPERADOR 1T ZAMITH
# nquan = 30
# nvalues = 357                         
# units = specified
# name 0 = scan: Scan Count
# name 1 = timeJ: Julian Days
# name 2 = latitude: Latitude [deg]
# name 3 = longitude: Longitude [deg]
# name 4 = dz/dtM: Descent Rate [m/s]
# name 5 = avgsvCM: Average Sound Velocity [Chen-Millero, m/s]
# name 6 = prDM: Pressure, Digiquartz [db]
# name 7 = depSM: Depth [salt water, m]
# name 8 = t090C: Temperature [ITS-90, deg C]
# name 9 = t190C: Temperature, 2 [ITS-90, deg C]
# name 10 = T2-T190C: Temperature Difference, 2 - 1 [ITS-90, deg C]
# name 11 = potemp090C: Potential Temperature [ITS-90, deg C]
# name 12 = potemp190C: Potential Temperature, 2 [ITS-90, deg C]
# name 13 = potemp90Cdiff: Potential Temperature, Diff, 2 - 1 [ITS-90, deg C]
# name 14 = c0S/m: Conductivity [S/m]
# name 15 = c1S/m: Conductivity, 2 [S/m]
# name 16 = C2-C1S/m: Conductivity Difference, 2 - 1 [S/m]
# name 17 = sal00: Salinity, Practical [PSU]
# name 18 = sal11: Salinity, Practical, 2 [PSU]
# name 19 = sbeox0ML/L: Oxygen, SBE 43 [ml/l]
# name 20 = sigma-é00: Density [sigma-theta, kg/m^3]
# name 21 = sigma-é11: Density, 2 [sigma-theta, kg/m^3]
# name 22 = sal00: Salinity, Practical [PSU]
# name 23 = sigma-é00: Density [sigma-theta, kg/m^3]
# name 24 = svCM: Sound Velocity [Chen-Millero, m/s]
# name 25 = svCM1: Sound Velocity, 2 [Chen-Millero, m/s]
# name 26 = gsw_ptA0: potential temperature [ITS-90, deg C]
# name 27 = gsw_densityA0: density, TEOS-10 [density, kg/m^3]
# name 28 = gsw_saA0: Absolute Salinity [g/kg]
# name 29 = flag:
# span 0 =      13286,      22895       
# span 1 = 313.887749, 313.892383       
# span 2 =  -62.14572,  -62.14461       
# span 3 =  -58.44466,  -58.44133       
# span 4 =     -1.169,     -0.227       
# span 5 =    1448.01,    1448.01       
# span 6 =      5.000,    361.000       
# span 7 =      4.960,    357.222       
# span 8 =    -0.8139,    -0.5022       
# span 9 =    -0.8129,    -0.5048       
# span 10 =    -0.0115,     0.0153      
# span 11 =    -0.8211,    -0.5144      
# span 12 =    -0.8201,    -0.5170      
# span 13 =    -0.0115,     0.0152      
# span 14 =   2.792994,   2.831788      
# span 15 =   2.792974,   2.831484      
# span 16 =  -0.000930,   0.001450      
# span 17 =    34.2828,    34.3913      
# span 18 =    34.2814,    34.3899      
# span 19 =     6.7459,     7.6132      
# span 20 =    27.5556,    27.6399      
# span 21 =    27.5546,    27.6389      
# span 22 =    34.2839,    34.3905      
# span 23 =    27.5561,    27.6392      
# span 24 =    1445.72,    1451.88      
# span 25 =    1445.72,    1451.86      
# span 26 =    -0.8209,    -0.5141      
# span 27 =  1027.5853,  1029.3651      
# span 28 =    34.4461,    34.5586      
# span 29 = 0.0000e+00, 0.0000e+00      
# interval = decibars: 1                
# start_time = Nov 09 2023 21:09:08 [NMEA time, header]
# bad_flag = -9.990e-29
*END*
      13286 313.887749  -62.14461  -58.44466     -0.260    1448.01    361.000    357.222    -0.5022    -0.5048    -0.0026    -0.5144    -0.5170    -0.0026   2.831788   2.831484  -0.000324    34.3913    34.3899     6.7459    27.6399    27.6389    34.3905    27.6392    1451.88    1451.86    -0.5141  1029.3651    34.5586 0.0000e+00
      13335 313.887773  -62.14462  -58.44466     -0.489    1448.01    360.000    356.236    -0.5204    -0.5192     0.0012    -0.5325    -0.5313     0.0012   2.830066   2.830119   0.000041    34.3892    34.3884     6.7490    27.6389    27.6383    34.3886    27.6384    1451.77    1451.78    -0.5322  1029.3598    34.5567 0.0000e+00
      13374 313.887792  -62.14462  -58.44466     -0.602    1448.01    359.000    355.247    -0.5189    -0.5181     0.0008    -0.5310    -0.5302     0.0008   2.830172   2.830171  -0.000005    34.3894    34.3884     6.7510    27.6390    27.6382    34.3890    27.6387    1451.76    1451.76    -0.5307  1029.3553    34.5570 0.0000e+00
      13413 313.887811  -62.14464  -58.44466     -0.616    1448.01    358.000    354.258    -0.5203    -0.5191     0.0011    -0.5323    -0.5312     0.0011   2.830007   2.830042   0.000023    34.3893    34.3883     6.7755    27.6390    27.6382    34.3889    27.6387    1451.74    1451.74    -0.5321  1029.3506    34.5570 0.0000e+00
      13450 313.887828  -62.14464  -58.44466     -0.645    1448.01    357.000    353.270    -0.5211    -0.5197     0.0014    -0.5331    -0.5317     0.0014   2.829881   2.829933   0.000052    34.3891    34.3883     6.7787    27.6389    27.6382    34.3887    27.6386    1451.72    1451.73    -0.5328  1029.3457    34.5568 0.0000e+00
      13485 313.887845  -62.14464  -58.44466     -0.683    1448.01    356.000    352.281    -0.5229    -0.5219     0.0009    -0.5348    -0.5339     0.0009   2.829662   2.829674   0.000008    34.3888    34.3878     6.7785    27.6387    27.6379    34.3884    27.6384    1451.70    1451.70    -0.5346  1029.3408    34.5564 0.0000e+00
      13522 313.887863  -62.14466  -58.44466     -0.660    1448.01    355.000    351.292    -0.5230    -0.5225     0.0005    -0.5349    -0.5344     0.0005   2.829613   2.829587  -0.000031    34.3888    34.3878     6.7742    27.6387    27.6379    34.3885    27.6385    1451.68    1451.68    -0.5347  1029.3362    34.5566 0.0000e+00
      13557 313.887880  -62.14466  -58.44465     -0.675    1448.01    354.000    350.303    -0.5229    -0.5224     0.0005    -0.5348    -0.5343     0.0005   2.829546   2.829531  -0.000015    34.3883    34.3876     6.7839    27.6383    27.6377    34.3881    27.6381    1451.66    1451.66    -0.5345  1029.3311    34.5561 0.0000e+00
      13593 313.887897  -62.14468  -58.44464     -0.679    1448.01    353.000    349.315    -0.5204    -0.5217    -0.0012    -0.5322    -0.5335    -0.0012   2.829726   2.829557  -0.000157    34.3882    34.3874     6.7844    27.6381    27.6376    34.3883    27.6382    1451.66    1451.65    -0.5320  1029.3263    34.5563 0.0000e+00
      13628 313.887914  -62.14468  -58.44464     -0.649    1448.01    352.000    348.326    -0.5162    -0.5194    -0.0032    -0.5280    -0.5312    -0.0032   2.830024   2.829712  -0.000313    34.3878    34.3873     6.7840    27.6377    27.6374    34.3881    27.6379    1451.66    1451.64    -0.5278  1029.3212    34.5561 0.0000e+00
      13657 313.887928  -62.14468  -58.44464     -0.794    1448.01    351.000    347.337    -0.5146    -0.5161    -0.0015    -0.5263    -0.5279    -0.0015   2.830117   2.829922  -0.000190    34.3879    34.3872     6.7905    27.6377    27.6371    34.3881    27.6378    1451.65    1451.64    -0.5261  1029.3164    34.5562 0.0000e+00
      13687 313.887943  -62.14468  -58.44464     -0.808    1448.01    350.000    346.349    -0.5142    -0.5138     0.0004    -0.5259    -0.5255     0.0004   2.830106   2.830058  -0.000058    34.3881    34.3869     6.7883    27.6377    27.6367    34.3881    27.6378    1451.64    1451.64    -0.5257  1029.3116    34.5562 0.0000e+00
      13715 313.887956  -62.14470  -58.44464     -0.844    1448.01    349.000    345.360    -0.5145    -0.5139     0.0005    -0.5261    -0.5256     0.0005   2.830016   2.829994  -0.000027    34.3878    34.3869     6.7860    27.6376    27.6368    34.3878    27.6376    1451.62    1451.62    -0.5260  1029.3067    34.5559 0.0000e+00
      13740 313.887968  -62.14470  -58.44464     -0.915    1448.01    348.000    344.371    -0.5152    -0.5139     0.0014    -0.5269    -0.5256     0.0014   2.829887   2.829955   0.000049    34.3878    34.3870     6.7822    27.6376    27.6368    34.3876    27.6374    1451.60    1451.61    -0.5266  1029.3018    34.5557 0.0000e+00
      13765 313.887980  -62.14470  -58.44464     -0.957    1448.01    347.000    343.382    -0.5182    -0.5181     0.0001    -0.5298    -0.5297     0.0001   2.829519   2.829505  -0.000024    34.3874    34.3869     6.7924    27.6374    27.6370    34.3866    27.6367    1451.57    1451.57    -0.5296  1029.2964    34.5547 0.0000e+00
      13791 313.887993  -62.14471  -58.44464     -0.952    1448.01    346.000    342.394    -0.5274    -0.5211     0.0063    -0.5389    -0.5326     0.0063   2.828619   2.829170   0.000492    34.3866    34.3861     6.7854    27.6371    27.6364    34.3855    27.6362    1451.51    1451.54    -0.5387  1029.2912    34.5535 0.0000e+00
      13817 313.888005  -62.14472  -58.44463     -0.922    1448.01    345.000    341.405    -0.5323    -0.5258     0.0065    -0.5438    -0.5373     0.0065   2.828022   2.828647   0.000606    34.3848    34.3856     6.7827    27.6359    27.6362    34.3837    27.6350    1451.46    1451.50    -0.5436  1029.2853    34.5517 0.0000e+00
      13842 313.888018  -62.14472  -58.44462     -0.926    1448.01    344.000    340.416    -0.5400    -0.5335     0.0065    -0.5514    -0.5450     0.0065   2.827209   2.827801   0.000614    34.3831    34.3840     6.7838    27.6348    27.6353    34.3821    27.6341    1451.41    1451.44    -0.5512  1029.2797    34.5501 0.0000e+00
      13867 313.888030  -62.14472  -58.44462     -0.952    1448.01    343.000    339.427    -0.5456    -0.5400     0.0055    -0.5569    -0.5514     0.0055   2.826565   2.827026   0.000490    34.3817    34.3820     6.7950    27.6340    27.6340    34.3803    27.6329    1451.37    1451.39    -0.5567  1029.2739    34.5484 0.0000e+00
      13892 313.888042  -62.14473  -58.44462     -0.961    1448.01    342.000    338.439    -0.5492    -0.5480     0.0012    -0.5605    -0.5594     0.0012   2.826153   2.826197   0.000048    34.3805    34.3798     6.8051    27.6332    27.6326    34.3795    27.6324    1451.33    1451.34    -0.5603  1029.2686    34.5475 0.0000e+00
      13918 313.888054  -62.14474  -58.44462     -0.939    1448.01    341.000    337.449    -0.5541    -0.5474     0.0067    -0.5654    -0.5587     0.0067   2.825580   2.826214   0.000568    34.3795    34.3796     6.8228    27.6326    27.6323    34.3780    27.6313    1451.29    1451.32    -0.5652  1029.2629    34.5460 0.0000e+00
      13945 313.888067  -62.14474  -58.44462     -0.906    1448.01    340.000    336.461    -0.5614    -0.5544     0.0070    -0.5727    -0.5656     0.0070   2.824820   2.825415   0.000597    34.3787    34.3788     6.8357    27.6323    27.6320    34.3767    27.6306    1451.24    1451.27    -0.5724  1029.2575    34.5447 0.0000e+00
      13971 313.888079  -62.14474  -58.44462     -0.912    1448.01    339.000    335.472    -0.5744    -0.5607     0.0137    -0.5856    -0.5719     0.0137   2.823406   2.824771   0.001306    34.3750    34.3770     6.8593    27.6298    27.6309    34.3730    27.6282    1451.16    1451.22    -0.5853  1029.2505    34.5410 0.0000e+00
      13994 313.888091  -62.14476  -58.44462     -0.993    1448.01    338.000    334.483    -0.5778    -0.5732     0.0046    -0.5889    -0.5843     0.0046   2.823098   2.823410   0.000407    34.3746    34.3748     6.8699    27.6296    27.6297    34.3733    27.6286    1451.12    1451.14    -0.5887  1029.2462    34.5412 0.0000e+00
      14016 313.888102  -62.14476  -58.44461     -1.047    1448.01    337.000    333.495    -0.5802    -0.5801     0.0001    -0.5912    -0.5911     0.0001   2.822775   2.822725  -0.000043    34.3736    34.3730     6.8731    27.6290    27.6284    34.3722    27.6278    1451.10    1451.10    -0.5910  1029.2407    34.5402 0.0000e+00
      14040 313.888113  -62.14476  -58.44460     -1.043    1448.01    336.000    332.506    -0.5821    -0.5807     0.0013    -0.5931    -0.5918     0.0013   2.822567   2.822622   0.000049    34.3735    34.3726     6.8851    27.6289    27.6282    34.3722    27.6279    1451.07    1451.07    -0.5929  1029.2360    34.5402 0.0000e+00
      14065 313.888125  -62.14476  -58.44460     -0.983    1448.01    335.000    331.517    -0.5830    -0.5811     0.0019    -0.5940    -0.5921     0.0019   2.822446   2.822551   0.000118    34.3731    34.3726     6.9032    27.6287    27.6281    34.3722    27.6279    1451.05    1451.06    -0.5937  1029.2313    34.5401 0.0000e+00
      14092 313.888138  -62.14476  -58.44460     -0.907    1448.01    334.000    330.528    -0.5829    -0.5819     0.0010    -0.5938    -0.5928     0.0010   2.822382   2.822406   0.000035    34.3727    34.3720     6.9194    27.6283    27.6277    34.3719    27.6276    1451.03    1451.04    -0.5936  1029.2263    34.5398 0.0000e+00
      14119 313.888151  -62.14478  -58.44460     -0.896    1448.01    333.000    329.539    -0.5819    -0.5819     0.0001    -0.5929    -0.5928     0.0000   2.822416   2.822353  -0.000050    34.3724    34.3716     6.9355    27.6280    27.6274    34.3718    27.6276    1451.02    1451.02    -0.5926  1029.2215    34.5398 0.0000e+00
      14143 313.888163  -62.14478  -58.44460     -0.948    1448.01    332.000    328.550    -0.5815    -0.5811     0.0004    -0.5924    -0.5920     0.0004   2.822396   2.822361  -0.000026    34.3721    34.3713     6.9311    27.6278    27.6271    34.3716    27.6274    1451.01    1451.01    -0.5921  1029.2165    34.5396 0.0000e+00
      14166 313.888174  -62.14478  -58.44460     -1.008    1448.01    331.000    327.562    -0.5803    -0.5798     0.0005    -0.5912    -0.5906     0.0005   2.822460   2.822426  -0.000034    34.3722    34.3712     6.9344    27.6278    27.6270    34.3718    27.6274    1451.00    1451.00    -0.5909  1029.2118    34.5397 0.0000e+00
      14190 313.888185  -62.14478  -58.44458     -1.032    1448.01    330.000    326.573    -0.5813    -0.5802     0.0011    -0.5921    -0.5910     0.0011   2.822237   2.822323   0.000077    34.3714    34.3712     6.9348    27.6272    27.6270    34.3705    27.6265    1450.97    1450.98    -0.5919  1029.2061    34.5385 0.0000e+00
      14214 313.888197  -62.14480  -58.44458     -1.022    1448.01    329.000    325.584    -0.5851    -0.5815     0.0036    -0.5958    -0.5922     0.0036   2.821825   2.822158   0.000326    34.3705    34.3707     6.9428    27.6266    27.6267    34.3699    27.6261    1450.94    1450.96    -0.5956  1029.2011    34.5378 0.0000e+00
      14238 313.888209  -62.14480  -58.44458     -0.986    1448.01    328.000    324.595    -0.5864    -0.5839     0.0025    -0.5971    -0.5946     0.0025   2.821568   2.821794   0.000221    34.3692    34.3694     6.9333    27.6256    27.6257    34.3685    27.6250    1450.92    1450.93    -0.5969  1029.1952    34.5364 0.0000e+00
      14263 313.888221  -62.14480 -9.990e-29     -0.965    1448.01    327.000    323.607    -0.5889    -0.5858     0.0030    -0.5995    -0.5965     0.0030   2.821217   2.821496   0.000275    34.3680    34.3683     6.9401    27.6248    27.6249    34.3672    27.6241    1450.88    1450.90    -0.5993  1029.1917    34.5377 0.0000e+00
      14286 313.888232  -62.14480 -9.990e-29     -0.997    1448.01    326.000    322.618    -0.5902    -0.5880     0.0022    -0.6008    -0.5986     0.0022   2.821059   2.821198   0.000161    34.3677    34.3673     6.9421    27.6245    27.6242    34.3671    27.6241    1450.86    1450.87    -0.6006  1029.1869    34.5376 0.0000e+00
      14309 313.888243  -62.14482 -9.990e-29     -1.037    1448.01    325.000    321.629    -0.5911    -0.5903     0.0008    -0.6017    -0.6008     0.0008   2.820895   2.820920   0.000026    34.3671    34.3665     6.9520    27.6241    27.6236    34.3665    27.6237    1450.84    1450.84    -0.6015  1029.1817    34.5370 0.0000e+00
      14333 313.888254  -62.14482 -9.990e-29     -1.037    1448.01    324.000    320.640    -0.5923    -0.5912     0.0011    -0.6028    -0.6018     0.0011   2.820727   2.820781   0.000051    34.3669    34.3664     6.9579    27.6240    27.6235    34.3663    27.6235    1450.82    1450.82    -0.6026  1029.1768    34.5367 0.0000e+00
      14357 313.888266  -62.14482  -58.44456     -1.001    1448.01    323.000    319.651    -0.5941    -0.5921     0.0019    -0.6046    -0.6026     0.0019   2.820549   2.820645   0.000101    34.3670    34.3662     6.9700    27.6242    27.6234    34.3665    27.6238    1450.79    1450.80    -0.6044  1029.1708    34.5350 0.0000e+00
      14383 313.888278  -62.14482  -58.44456     -0.959    1448.01    322.000    318.662    -0.5951    -0.5928     0.0023    -0.6056    -0.6033     0.0023   2.820381   2.820541   0.000149    34.3667    34.3661     6.9665    27.6240    27.6234    34.3660    27.6234    1450.77    1450.78    -0.6054  1029.1652    34.5340 0.0000e+00
      14408 313.888290  -62.14484  -58.44456     -0.955    1448.01    321.000    317.673    -0.5984    -0.5948     0.0035    -0.6088    -0.6052     0.0035   2.820005   2.820277   0.000279    34.3659    34.3657     6.9792    27.6235    27.6231    34.3653    27.6229    1450.74    1450.76    -0.6086  1029.1600    34.5332 0.0000e+00
      14431 313.888302  -62.14484  -58.44456     -0.983    1448.01    320.000    316.685    -0.5994    -0.5971     0.0023    -0.6098    -0.6075     0.0023   2.819875   2.820033   0.000144    34.3660    34.3653     6.9726    27.6236    27.6229    34.3653    27.6230    1450.72    1450.73    -0.6096  1029.1554    34.5333 0.0000e+00
      14455 313.888313  -62.14484  -58.44456     -1.010    1448.01    319.000    315.695    -0.6052    -0.5988     0.0063    -0.6155    -0.6092     0.0063   2.819257   2.819807   0.000507    34.3656    34.3652     6.9741    27.6235    27.6229    34.3641    27.6223    1450.67    1450.70    -0.6153  1029.1500    34.5321 0.0000e+00
      14480 313.888325  -62.14484  -58.44456     -0.994    1448.01    318.000    314.707    -0.6173    -0.6065     0.0108    -0.6276    -0.6168     0.0108   2.818098   2.819054   0.000956    34.3645    34.3650     6.9857    27.6231    27.6231    34.3629    27.6218    1450.60    1450.65    -0.6274  1029.1449    34.5308 0.0000e+00
      14504 313.888337  -62.14486  -58.44454     -0.970    1448.01    317.000    313.718    -0.6224    -0.6130     0.0094    -0.6327    -0.6233     0.0094   2.817531   2.818407   0.000826    34.3634    34.3639     6.9910    27.6225    27.6225    34.3617    27.6211    1450.56    1450.60    -0.6324  1029.1394    34.5296 0.0000e+00
      14528 313.888348  -62.14486  -58.44454     -1.003    1448.01    316.000    312.729    -0.6282    -0.6234     0.0049    -0.6384    -0.6335     0.0049   2.816994   2.817350   0.000424    34.3629    34.3631     6.9987    27.6224    27.6223    34.3616    27.6213    1450.51    1450.54    -0.6382  1029.1349    34.5295 0.0000e+00
      14550 313.888359  -62.14486  -58.44454     -1.060    1448.01    315.000    311.740    -0.6307    -0.6293     0.0013    -0.6408    -0.6394     0.0013   2.816737   2.816825   0.000075    34.3626    34.3621     7.0008    27.6222    27.6217    34.3615    27.6213    1450.49    1450.49    -0.6406  1029.1302    34.5294 0.0000e+00
      14572 313.888370  -62.14486  -58.44454     -1.074    1448.01    314.000    310.751    -0.6337    -0.6301     0.0036    -0.6438    -0.6402     0.0036   2.816406   2.816658   0.000263    34.3624    34.3620     7.0108    27.6222    27.6216    34.3611    27.6211    1450.46    1450.47    -0.6436  1029.1253    34.5290 0.0000e+00
