Pos-Processados/process_op42/Processamento_split/up/uoperantar42_044.cnv
* Sea-Bird SBE 9 Data File:
* FileName = C:\Users\Hidrografia\Desktop\OPXLII\Brutos\OP42044.hdr
* Software Version Seasave V 7.26.7.107
* Temperature SN = 6502
* Conductivity SN = 4998
* Number of Bytes Per Scan = 37
* Number of Voltage Words = 4
* Number of Scans Averaged by the Deck Unit = 1
* NMEA Latitude = 62 08.87 S
* NMEA Longitude = 058 26.12 W
* NMEA UTC (Time) = Nov 09 2023 19:07:43
* NMEA baud rate = 4800
** H41
** NPOALTEMAXIMIANO
** NUMERO DA ESTACAO (XXX) 044
** LAT (XX XX.XX S/N) 62 08.851 S
** LONG (XXX XX.XX W/E) 058 26.159 W
** DATAHORA (dd/mm/aaaa hh:mm Z) 09/11/2023 1907Z
** PROFUNDIDADE (m) 375
** OPERADOR CT FABIREZA
# nquan = 30
# nvalues = 365                         
# units = specified
# name 0 = scan: Scan Count
# name 1 = timeJ: Julian Days
# name 2 = latitude: Latitude [deg]
# name 3 = longitude: Longitude [deg]
# name 4 = dz/dtM: Descent Rate [m/s]
# name 5 = avgsvCM: Average Sound Velocity [Chen-Millero, m/s]
# name 6 = prDM: Pressure, Digiquartz [db]
# name 7 = depSM: Depth [salt water, m]
# name 8 = t090C: Temperature [ITS-90, deg C]
# name 9 = t190C: Temperature, 2 [ITS-90, deg C]
# name 10 = T2-T190C: Temperature Difference, 2 - 1 [ITS-90, deg C]
# name 11 = potemp090C: Potential Temperature [ITS-90, deg C]
# name 12 = potemp190C: Potential Temperature, 2 [ITS-90, deg C]
# name 13 = potemp90Cdiff: Potential Temperature, Diff, 2 - 1 [ITS-90, deg C]
# name 14 = c0S/m: Conductivity [S/m]
# name 15 = c1S/m: Conductivity, 2 [S/m]
# name 16 = C2-C1S/m: Conductivity Difference, 2 - 1 [S/m]
# name 17 = sal00: Salinity, Practical [PSU]
# name 18 = sal11: Salinity, Practical, 2 [PSU]
# name 19 = sbeox0ML/L: Oxygen, SBE 43 [ml/l]
# name 20 = sigma-é00: Density [sigma-theta, kg/m^3]
# name 21 = sigma-é11: Density, 2 [sigma-theta, kg/m^3]
# name 22 = sal00: Salinity, Practical [PSU]
# name 23 = sigma-é00: Density [sigma-theta, kg/m^3]
# name 24 = svCM: Sound Velocity [Chen-Millero, m/s]
# name 25 = svCM1: Sound Velocity, 2 [Chen-Millero, m/s]
# name 26 = gsw_ptA0: potential temperature [ITS-90, deg C]
# name 27 = gsw_densityA0: density, TEOS-10 [density, kg/m^3]
# name 28 = gsw_saA0: Absolute Salinity [g/kg]
# name 29 = flag:
# span 0 =      13822,      26317       
# span 1 = 313.803691, 313.809716       
# span 2 =  -62.15508,  -62.15170       
# span 3 =  -58.43105,  -58.42833       
# span 4 =     -1.160,     -0.078       
# span 5 =    1448.19,    1448.19       
# span 6 =      3.000,    367.000       
# span 7 =      2.986,    363.155       
# span 8 =    -0.8036,    -0.4617       
# span 9 =    -0.8027,    -0.4611       
# span 10 =    -0.0053,     0.0081      
# span 11 =    -0.8107,    -0.4619      
# span 12 =    -0.8098,    -0.4613      
# span 13 =    -0.0053,     0.0080      
# span 14 =   2.794792,   2.817846      
# span 15 =   2.794770,   2.817786      
# span 16 =  -0.000503,   0.000660      
# span 17 =    34.2821,    34.3564      
# span 18 =    34.2806,    34.3553      
# span 19 =     7.0715,     7.6398      
# span 20 =    27.5501,    27.6178      
# span 21 =    27.5490,    27.6168      
# span 22 =    34.2832,    34.3564      
# span 23 =    27.5502,    27.6178      
# span 24 =    1446.08,    1451.28      
# span 25 =    1446.08,    1451.28      
# span 26 =    -0.8105,    -0.4619      
# span 27 =  1027.5692,  1029.3738      
# span 28 =    34.4485,    34.5243      
# span 29 = 0.0000e+00, 0.0000e+00      
# interval = decibars: 1                
# start_time = Nov 09 2023 19:07:43 [NMEA time, header]
# bad_flag = -9.990e-29
*END*
[from data line 194]
      19963 313.806652  -62.15335  -58.42945     -0.772    1448.19    173.000    171.268    -0.7255    -0.7246     0.0009    -0.7307    -0.7297     0.0009   2.797184   2.797159  -0.000023    34.2923    34.2909     7.5150    27.5691    27.5680    34.2922    27.5690    1447.64    1447.64    -0.7305  1028.4020    34.4591 0.0000e+00
      19995 313.806668  -62.15336  -58.42944     -0.743    1448.19    172.000    170.279    -0.7256    -0.7247     0.0009    -0.7307    -0.7298     0.0009   2.797119   2.797094  -0.000024    34.2921    34.2908     7.5094    27.5689    27.5678    34.2920    27.5688    1447.62    1447.62    -0.7306  1028.3971    34.4590 0.0000e+00
      20025 313.806682  -62.15336  -58.42944     -0.789    1448.19    171.000    169.289    -0.7258    -0.7249     0.0009    -0.7309    -0.7300     0.0009   2.797040   2.797027  -0.000016    34.2919    34.2907     7.5076    27.5688    27.5677    34.2917    27.5687    1447.60    1447.60    -0.7308  1028.3922    34.4587 0.0000e+00
      20054 313.806696  -62.15338  -58.42942     -0.819    1448.19    170.000    168.299    -0.7259    -0.7250     0.0008    -0.7309    -0.7301     0.0008   2.796986   2.796964  -0.000022    34.2919    34.2906     7.5100    27.5688    27.5677    34.2918    27.5687    1447.58    1447.59    -0.7308  1028.3874    34.4587 0.0000e+00
      20085 313.806711  -62.15338  -58.42942     -0.791    1448.19    169.000    167.310    -0.7260    -0.7251     0.0009    -0.7310    -0.7302     0.0009   2.796941   2.796911  -0.000029    34.2919    34.2906     7.5199    27.5688    27.5677    34.2919    27.5688    1447.57    1447.57    -0.7309  1028.3827    34.4588 0.0000e+00
      20115 313.806726  -62.15340  -58.42940     -0.787    1448.19    168.000    166.320    -0.7259    -0.7251     0.0008    -0.7309    -0.7301     0.0008   2.796896   2.796868  -0.000027    34.2918    34.2906     7.5257    27.5687    27.5677    34.2918    27.5687    1447.55    1447.55    -0.7308  1028.3779    34.4587 0.0000e+00
      20146 313.806740  -62.15340  -58.42940     -0.789    1448.19    167.000    165.331    -0.7258    -0.7251     0.0007    -0.7307    -0.7300     0.0007   2.796864   2.796831  -0.000031    34.2919    34.2907     7.5161    27.5687    27.5677    34.2918    27.5687    1447.54    1447.54    -0.7306  1028.3731    34.4588 0.0000e+00
      20178 313.806756  -62.15341  -58.42940     -0.756    1448.19    166.000    164.341    -0.7252    -0.7247     0.0005    -0.7301    -0.7296     0.0005   2.796842   2.796805  -0.000033    34.2915    34.2904     7.5178    27.5684    27.5675    34.2915    27.5684    1447.52    1447.52    -0.7300  1028.3681    34.4585 0.0000e+00
      20208 313.806771  -62.15342  -58.42940     -0.775    1448.19    165.000    163.352    -0.7238    -0.7232     0.0005    -0.7287    -0.7281     0.0005   2.796925   2.796864  -0.000057    34.2914    34.2900     7.5246    27.5683    27.5672    34.2916    27.5684    1447.51    1447.51    -0.7286  1028.3633    34.4585 0.0000e+00
      20240 313.806786  -62.15342  -58.42938     -0.778    1448.19    164.000    162.362    -0.7201    -0.7206    -0.0005    -0.7250    -0.7255    -0.0005   2.797152   2.797019  -0.000128    34.2909    34.2897     7.5220    27.5677    27.5668    34.2912    27.5679    1447.51    1447.51    -0.7249  1028.3580    34.4581 0.0000e+00
      20275 313.806803  -62.15344  -58.42938     -0.690    1448.19    163.000    161.372    -0.7188    -0.7176     0.0012    -0.7236    -0.7224     0.0012   2.797212   2.797211  -0.000009    34.2909    34.2894     7.5262    27.5676    27.5664    34.2911    27.5678    1447.50    1447.51    -0.7235  1028.3530    34.4580 0.0000e+00
      20311 313.806820  -62.15344  -58.42938     -0.667    1448.19    162.000    160.383    -0.7188    -0.7170     0.0018    -0.7237    -0.7218     0.0018   2.797168   2.797208   0.000035    34.2912    34.2896     7.5207    27.5679    27.5665    34.2912    27.5679    1447.49    1447.49    -0.7235  1028.3484    34.4581 0.0000e+00
      20343 313.806836  -62.15345  -58.42936     -0.730    1448.19    161.000    159.393    -0.7225    -0.7202     0.0023    -0.7273    -0.7250     0.0023   2.796829   2.796910   0.000079    34.2916    34.2901     7.5394    27.5684    27.5670    34.2914    27.5682    1447.45    1447.46    -0.7272  1028.3439    34.4583 0.0000e+00
      20379 313.806853  -62.15346  -58.42936     -0.679    1448.19    160.000    158.403    -0.7243    -0.7233     0.0010    -0.7291    -0.7280     0.0010   2.796621   2.796635   0.000017    34.2914    34.2904     7.5250    27.5683    27.5675    34.2912    27.5681    1447.43    1447.43    -0.7289  1028.3391    34.4581 0.0000e+00
      20412 313.806869  -62.15347  -58.42934     -0.714    1448.19    159.000    157.414    -0.7218    -0.7228    -0.0010    -0.7265    -0.7275    -0.0010   2.796808   2.796626  -0.000155    34.2910    34.2900     7.5255    27.5678    27.5671    34.2915    27.5683    1447.42    1447.42    -0.7264  1028.3344    34.4584 0.0000e+00
      20442 313.806883  -62.15348  -58.42934     -0.783    1448.19    158.000    156.424    -0.7105    -0.7143    -0.0038    -0.7152    -0.7191    -0.0038   2.797670   2.797257  -0.000414    34.2900    34.2888     7.5268    27.5666    27.5658    34.2910    27.5674    1447.46    1447.44    -0.7151  1028.3287    34.4579 0.0000e+00
      20475 313.806899  -62.15348  -58.42934     -0.741    1448.19    157.000    155.434    -0.7065    -0.7061     0.0003    -0.7111    -0.7108     0.0003   2.797910   2.797859  -0.000058    34.2898    34.2886     7.5268    27.5662    27.5653    34.2902    27.5666    1447.46    1447.46    -0.7111  1028.3231    34.4571 0.0000e+00
      20511 313.806917  -62.15350  -58.42932     -0.679    1448.19    156.000    154.445    -0.7058    -0.7048     0.0010    -0.7105    -0.7094     0.0010   2.797938   2.797916  -0.000033    34.2903    34.2887     7.5250    27.5666    27.5653    34.2905    27.5668    1447.45    1447.45    -0.7103  1028.3185    34.4574 0.0000e+00
      20548 313.806934  -62.15350  -58.42932     -0.651    1448.19    155.000    153.455    -0.7093    -0.7078     0.0015    -0.7139    -0.7125     0.0015   2.797610   2.797627   0.000020    34.2906    34.2893     7.5369    27.5670    27.5659    34.2906    27.5670    1447.42    1447.42    -0.7138  1028.3140    34.4575 0.0000e+00
      20584 313.806952  -62.15351  -58.42931     -0.663    1448.19    154.000    152.466    -0.7129    -0.7124     0.0005    -0.7175    -0.7169     0.0005   2.797270   2.797224  -0.000049    34.2909    34.2897     7.5363    27.5675    27.5664    34.2907    27.5673    1447.38    1447.38    -0.7174  1028.3095    34.4576 0.0000e+00
      20619 313.806969  -62.15352  -58.42930     -0.680    1448.19    153.000    151.476    -0.7147    -0.7136     0.0011    -0.7193    -0.7182     0.0011   2.797061   2.797057 -6.089e-07    34.2907    34.2894     7.5318    27.5673    27.5662    34.2906    27.5672    1447.36    1447.36    -0.7191  1028.3047    34.4574 0.0000e+00
      20653 313.806985  -62.15353  -58.42930     -0.711    1448.19    152.000    150.486    -0.7107    -0.7096     0.0010    -0.7152    -0.7142     0.0010   2.797347   2.797347   0.000010    34.2898    34.2888     7.5334    27.5664    27.5655    34.2905    27.5670    1447.36    1447.36    -0.7151  1028.2996    34.4573 0.0000e+00
      20687 313.807002  -62.15354  -58.42930     -0.695    1448.19    151.000    149.496    -0.7027    -0.7030    -0.0002    -0.7072    -0.7075    -0.0002   2.797932   2.797848  -0.000087    34.2894    34.2885     7.5346    27.5658    27.5650    34.2900    27.5662    1447.38    1447.38    -0.7071  1028.2941    34.4568 0.0000e+00
      20720 313.807017  -62.15354  -58.42928     -0.727    1448.19    150.000    148.507    -0.6973    -0.6971     0.0003    -0.7018    -0.7015     0.0003   2.798364   2.798294  -0.000074    34.2897    34.2884     7.5403    27.5658    27.5647    34.2903    27.5663    1447.39    1447.39    -0.7017  1028.2893    34.4572 0.0000e+00
      20755 313.807034  -62.15356  -58.42928     -0.697    1448.19    149.000    147.517    -0.6949    -0.6945     0.0004    -0.6994    -0.6990     0.0004   2.798517   2.798461  -0.000057    34.2899    34.2886     7.5293    27.5658    27.5648    34.2903    27.5662    1447.39    1447.39    -0.6993  1028.2844    34.4571 0.0000e+00
      20790 313.807051  -62.15356  -58.42926     -0.680    1448.19    148.000    146.527    -0.6935    -0.6931     0.0004    -0.6979    -0.6975     0.0004   2.798598   2.798531  -0.000069    34.2900    34.2886     7.5350    27.5658    27.5647    34.2904    27.5662    1447.38    1447.37    -0.6978  1028.2796    34.4572 0.0000e+00
      20823 313.807067  -62.15358  -58.42926     -0.728    1448.19    147.000    145.538    -0.6945    -0.6931     0.0014    -0.6989    -0.6975     0.0014   2.798463   2.798484   0.000011    34.2903    34.2889     7.5409    27.5662    27.5649    34.2903    27.5662    1447.35    1447.36    -0.6988  1028.2748    34.4572 0.0000e+00
      20859 313.807085  -62.15358  -58.42926     -0.673    1448.19    146.000    144.548    -0.6971    -0.6953     0.0018    -0.7015    -0.6996     0.0018   2.798231   2.798271   0.000045    34.2906    34.2891     7.5466    27.5665    27.5652    34.2908    27.5666    1447.33    1447.33    -0.7014  1028.2705    34.4576 0.0000e+00
      20897 313.807103  -62.15360  -58.42924     -0.629    1448.19    145.000    143.558    -0.6981    -0.6972     0.0009    -0.7025    -0.7016     0.0009   2.798103   2.798078  -0.000022    34.2908    34.2895     7.5428    27.5667    27.5656    34.2908    27.5667    1447.31    1447.31    -0.7023  1028.2658    34.4576 0.0000e+00
      20936 313.807121  -62.15360  -58.42924     -0.627    1448.19    144.000    142.568    -0.6981    -0.6976     0.0005    -0.7024    -0.7019     0.0005   2.798065   2.798010  -0.000053    34.2908    34.2895     7.5293    27.5667    27.5656    34.2909    27.5668    1447.29    1447.29    -0.7023  1028.2611    34.4577 0.0000e+00
      20974 313.807140  -62.15362  -58.42923     -0.616    1448.19    143.000    141.579    -0.6970    -0.6965     0.0006    -0.7013    -0.7008     0.0006   2.798106   2.798057  -0.000052    34.2907    34.2894     7.5323    27.5666    27.5655    34.2908    27.5667    1447.28    1447.28    -0.7012  1028.2562    34.4576 0.0000e+00
      21004 313.807154  -62.15362  -58.42922     -0.759    1448.19    142.000    140.589    -0.6938    -0.6936     0.0001    -0.6981    -0.6979     0.0001   2.798341   2.798241  -0.000091    34.2906    34.2892     7.5383    27.5663    27.5652    34.2910    27.5667    1447.28    1447.28    -0.6979  1028.2514    34.4577 0.0000e+00
      21035 313.807169  -62.15364  -58.42922     -0.794    1448.19    141.000    139.599    -0.6908    -0.6905     0.0004    -0.6950    -0.6947     0.0004   2.798530   2.798458  -0.000076    34.2904    34.2890     7.5388    27.5660    27.5649    34.2908    27.5664    1447.28    1447.28    -0.6949  1028.2434    34.4539 0.0000e+00
      21070 313.807186 -9.990e-29  -58.42921     -0.695    1448.19    140.000    138.610    -0.6883    -0.6882     0.0000    -0.6924    -0.6924     0.0000   2.798672   2.798593  -0.000076    34.2900    34.2890     7.5405    27.5656    27.5648    34.2904    27.5660    1447.27    1447.27    -0.6924  1028.2370    34.4521 0.0000e+00
      21108 313.807204 -9.990e-29  -58.42920     -0.643    1448.19    139.000    137.620    -0.6875    -0.6867     0.0008    -0.6917    -0.6908     0.0008   2.798696   2.798663  -0.000031    34.2902    34.2889     7.5287    27.5658    27.5646    34.2905    27.5660    1447.26    1447.26    -0.6916  1028.2323    34.4522 0.0000e+00
      21148 313.807224  -62.15366  -58.42920     -0.592    1448.19    138.000    136.630    -0.6877    -0.6867     0.0010    -0.6918    -0.6909     0.0010   2.798632   2.798625  -0.000008    34.2903    34.2891     7.5372    27.5659    27.5648    34.2905    27.5660    1447.24    1447.24    -0.6917  1028.2316    34.4573 0.0000e+00
      21183 313.807240  -62.15367  -58.42919     -0.659    1448.19    137.000    135.640    -0.6871    -0.6868     0.0003    -0.6911    -0.6909     0.0003   2.798647   2.798566  -0.000073    34.2903    34.2890     7.5445    27.5658    27.5648    34.2905    27.5660    1447.23    1447.23    -0.6911  1028.2268    34.4573 0.0000e+00
      21211 313.807254  -62.15368  -58.42918     -0.818    1448.19    136.000    134.651    -0.6849    -0.6848     0.0001    -0.6890    -0.6889     0.0001   2.798778   2.798684  -0.000099    34.2902    34.2888     7.5380    27.5656    27.5645    34.2905    27.5659    1447.22    1447.22    -0.6889  1028.2219    34.4572 0.0000e+00
      21241 313.807268  -62.15368  -58.42918     -0.833    1448.19    135.000    133.661    -0.6839    -0.6835     0.0004    -0.6879    -0.6875     0.0004   2.798808   2.798751  -0.000058    34.2901    34.2889     7.5347    27.5656    27.5645    34.2903    27.5657    1447.21    1447.21    -0.6878  1028.2169    34.4570 0.0000e+00
      21272 313.807284  -62.15370  -58.42918     -0.760    1448.19    134.000    132.671    -0.6815    -0.6813     0.0003    -0.6855    -0.6853     0.0003   2.798953   2.798871  -0.000081    34.2900    34.2886     7.5377    27.5653    27.5642    34.2903    27.5656    1447.20    1447.20    -0.6854  1028.2120    34.4570 0.0000e+00
      21302 313.807298  -62.15370  -58.42916     -0.790    1448.19    133.000    131.681    -0.6821    -0.6813     0.0008    -0.6860    -0.6852     0.0008   2.798872   2.798831  -0.000034    34.2901    34.2887     7.5414    27.5654    27.5643    34.2904    27.5657    1447.18    1447.19    -0.6860  1028.2073    34.4571 0.0000e+00
      21335 313.807314  -62.15370  -58.42916     -0.761    1448.19    132.000    130.692    -0.6789    -0.6793    -0.0004    -0.6829    -0.6833    -0.0004   2.799067   2.798933  -0.000123    34.2898    34.2885     7.5404    27.5651    27.5641    34.2901    27.5653    1447.18    1447.18    -0.6828  1028.2022    34.4568 0.0000e+00
      21369 313.807330  -62.15372  -58.42916     -0.690    1448.19    131.000    129.702    -0.6788    -0.6791    -0.0002    -0.6828    -0.6830    -0.0002   2.799025   2.798928  -0.000120    34.2900    34.2887     7.5508    27.5652    27.5641    34.2901    27.5653    1447.17    1447.16    -0.6826  1028.1973    34.4567 0.0000e+00
      21399 313.807345  -62.15372  -58.42914     -0.783    1448.19    130.000    128.712    -0.6804    -0.6788     0.0017    -0.6843    -0.6827     0.0017   2.798857   2.798893   0.000046    34.2900    34.2887     7.5547    27.5653    27.5642    34.2902    27.5655    1447.14    1447.15    -0.6842  1028.1927    34.4569 0.0000e+00
      21428 313.807359  -62.15373  -58.42914     -0.821    1448.19    129.000    127.722    -0.6766    -0.6774    -0.0008    -0.6804    -0.6812    -0.0008   2.799138   2.798968  -0.000166    34.2898    34.2885     7.5425    27.5650    27.5640    34.2902    27.5653    1447.15    1447.14    -0.6804  1028.1878    34.4569 0.0000e+00
      21459 313.807374  -62.15374  -58.42914     -0.780    1448.19    128.000    126.733    -0.6759    -0.6748     0.0011    -0.6797    -0.6786     0.0011   2.799134   2.799120  -0.000016    34.2898    34.2883     7.5412    27.5649    27.5637    34.2900    27.5651    1447.13    1447.14    -0.6796  1028.1828    34.4567 0.0000e+00
      21488 313.807388  -62.15374  -58.42914     -0.812    1448.19    127.000    125.743    -0.6737    -0.6734     0.0003    -0.6774    -0.6772     0.0003   2.799270   2.799192  -0.000079    34.2897    34.2883     7.5476    27.5647    27.5636    34.2900    27.5650    1447.13    1447.13    -0.6774  1028.1779    34.4566 0.0000e+00
