Pos-Processados/process_op42/Processamento_split/up/uoperantar42_054.cnv
* Sea-Bird SBE 9 Data File:
* FileName = C:\Users\Hidrografia\Desktop\OPXLII\Brutos\OP42054.hdr
* Software Version Seasave V 7.26.7.107
* Temperature SN = 6502
* Conductivity SN = 4998
* Number of Bytes Per Scan = 37
* Number of Voltage Words = 4
* Number of Scans Averaged by the Deck Unit = 1
* NMEA Latitude = 62 18.63 S
* NMEA Longitude = 058 16.10 W
* NMEA UTC (Time) = Nov 17 2023 03:29:41
* NMEA baud rate = 4800
** H41
** NPOALTEMAXIMIANO
** NUMERO DA ESTACAO (XXX) 054
** LAT (XX XX.XX S/N) 62 18.649 S
** LONG (XXX XX.XX W/E) 058 16.1 W
** DATAHORA (dd/mm/aaaa hh:mm Z) 17/11/2023 0328Z
** PROFUNDIDADE (m) 1520 m
** OPERADOR CT FILIPE LOPES
# nquan = 30
# nvalues = 1433                        
# units = specified
# name 0 = scan: Scan Count
# name 1 = timeJ: Julian Days
# name 2 = latitude: Latitude [deg]
# name 3 = longitude: Longitude [deg]
# name 4 = dz/dtM: Descent Rate [m/s]
# name 5 = avgsvCM: Average Sound Velocity [Chen-Millero, m/s]
# name 6 = prDM: Pressure, Digiquartz [db]
# name 7 = depSM: Depth [salt water, m]
# name 8 = t090C: Temperature [ITS-90, deg C]
# name 9 = t190C: Temperature, 2 [ITS-90, deg C]
# name 10 = T2-T190C: Temperature Difference, 2 - 1 [ITS-90, deg C]
# name 11 = potemp090C: Potential Temperature [ITS-90, deg C]
# name 12 = potemp190C: Potential Temperature, 2 [ITS-90, deg C]
# name 13 = potemp90Cdiff: Potential Temperature, Diff, 2 - 1 [ITS-90, deg C]
# name 14 = c0S/m: Conductivity [S/m]
# name 15 = c1S/m: Conductivity, 2 [S/m]
# name 16 = C2-C1S/m: Conductivity Difference, 2 - 1 [S/m]
# name 17 = sal00: Salinity, Practical [PSU]
# name 18 = sal11: Salinity, Practical, 2 [PSU]
# name 19 = sbeox0ML/L: Oxygen, SBE 43 [ml/l]
# name 20 = sigma-é00: Density [sigma-theta, kg/m^3]
# name 21 = sigma-é11: Density, 2 [sigma-theta, kg/m^3]
# name 22 = sal00: Salinity, Practical [PSU]
# name 23 = sigma-é00: Density [sigma-theta, kg/m^3]
# name 24 = svCM: Sound Velocity [Chen-Millero, m/s]
# name 25 = svCM1: Sound Velocity, 2 [Chen-Millero, m/s]
# name 26 = gsw_ptA0: potential temperature [ITS-90, deg C]
# name 27 = gsw_densityA0: density, TEOS-10 [density, kg/m^3]
# name 28 = gsw_saA0: Absolute Salinity [g/kg]
# name 29 = flag:
# span 0 =      36678,      70863       
# span 1 = 321.163301, 321.179787       
# span 2 =  -62.30992,  -62.30930       
# span 3 =  -58.26481,  -58.25813       
# span 4 =     -1.346,     -0.519       
# span 5 =    1457.48,    1457.48       
# span 6 =      2.000,   1434.000       
# span 7 =      1.986,   1415.352       
# span 8 =    -1.3430,     0.6377       
# span 9 =    -1.3424,     0.6391       
# span 10 =    -0.0466,     0.0466      
# span 11 =    -1.3958,     0.6126      
# span 12 =    -1.3951,     0.6139      
# span 13 =    -0.0464,     0.0464      
# span 14 =   2.800594,   2.950958      
# span 15 =   2.800635,   2.951016      
# span 16 =  -0.004361,   0.003425      
# span 17 =    34.2577,    34.5703      
# span 18 =    34.2555,    34.5681      
# span 19 =     5.1277,     7.8598      
# span 20 =    27.5249,    27.7863      
# span 21 =    27.5227,    27.7853      
# span 22 =    34.2604,    34.5724      
# span 23 =    27.5264,    27.7862      
# span 24 =    1446.23,    1465.84      
# span 25 =    1446.22,    1465.84      
# span 26 =    -1.3947,     0.6128      
# span 27 =  1027.5406,  1034.5816      
# span 28 =    34.4258,    34.7424      
# span 29 = 0.0000e+00, 0.0000e+00      
# interval = decibars: 1                
# start_time = Nov 17 2023 03:29:41 [NMEA time, header]
# bad_flag = -9.990e-29
*END*
[from data line 1402]
      70084 321.179411  -62.30932 -9.990e-29     -0.897    1457.48     32.000     31.690    -0.4813    -0.4811     0.0002    -0.4823    -0.4821     0.0002   2.809376   2.809310  -0.000068    34.2671    34.2660     7.7380    27.5379    27.5370    34.2672    27.5380    1446.45    1446.45    -0.4823  1027.6961    34.4332 0.0000e+00
      70110 321.179424  -62.30932  -58.25828     -0.889    1457.48     31.000     30.700    -0.4812    -0.4806     0.0006    -0.4821    -0.4815     0.0006   2.809351   2.809298  -0.000052    34.2672    34.2658     7.7342    27.5380    27.5368    34.2673    27.5381    1446.44    1446.44    -0.4821  1027.6911    34.4330 0.0000e+00
      70137 321.179437  -62.30932  -58.25828     -0.906    1457.48     30.000     29.710    -0.4805    -0.4800     0.0005    -0.4814    -0.4809     0.0005   2.809349   2.809292  -0.000061    34.2670    34.2656     7.7398    27.5378    27.5367    34.2671    27.5379    1446.42    1446.42    -0.4814  1027.6859    34.4325 0.0000e+00
      70163 321.179449  -62.30932  -58.25828     -0.918    1457.48     29.000     28.720    -0.4801    -0.4793     0.0008    -0.4810    -0.4802     0.0008   2.809346   2.809305  -0.000038    34.2670    34.2656     7.7524    27.5378    27.5366    34.2672    27.5379    1446.41    1446.41    -0.4810  1027.6811    34.4326 0.0000e+00
      70189 321.179462  -62.30932  -58.25828     -0.927    1457.48     28.000     27.729    -0.4792    -0.4784     0.0008    -0.4800    -0.4793     0.0008   2.809363   2.809321  -0.000041    34.2670    34.2656     7.7525    27.5377    27.5365    34.2670    27.5378    1446.40    1446.40    -0.4800  1027.6762    34.4324 0.0000e+00
      70214 321.179474  -62.30932  -58.25827     -0.938    1457.48     27.000     26.739    -0.4792    -0.4787     0.0004    -0.4800    -0.4795     0.0004   2.809325   2.809258  -0.000067    34.2671    34.2656     7.7469    27.5378    27.5366    34.2671    27.5378    1446.38    1446.38    -0.4800  1027.6714    34.4325 0.0000e+00
      70239 321.179486  -62.30932  -58.25826     -0.947    1457.48     26.000     25.749    -0.4792    -0.4789     0.0003    -0.4800    -0.4797     0.0003   2.809268   2.809200  -0.000067    34.2669    34.2657     7.7514    27.5376    27.5367    34.2670    27.5377    1446.36    1446.36    -0.4800  1027.6666    34.4323 0.0000e+00
      70264 321.179498  -62.30932  -58.25826     -0.960    1457.48     25.000     24.758    -0.4781    -0.4775     0.0006    -0.4788    -0.4783     0.0006   2.809319   2.809262  -0.000059    34.2669    34.2655     7.7525    27.5376    27.5364    34.2670    27.5377    1446.35    1446.35    -0.4788  1027.6617    34.4323 0.0000e+00
      70289 321.179510  -62.30932  -58.25825     -0.958    1457.48     24.000     23.768    -0.4773    -0.4767     0.0006    -0.4780    -0.4775     0.0006   2.809329   2.809270  -0.000056    34.2668    34.2654     7.7542    27.5375    27.5364    34.2670    27.5376    1446.34    1446.34    -0.4780  1027.6569    34.4323 0.0000e+00
      70315 321.179523  -62.30932  -58.25824     -0.942    1457.48     23.000     22.778    -0.4771    -0.4767     0.0004    -0.4778    -0.4774     0.0004   2.809285   2.809227  -0.000059    34.2667    34.2654     7.7488    27.5374    27.5364    34.2668    27.5375    1446.32    1446.32    -0.4778  1027.6519    34.4321 0.0000e+00
      70341 321.179535  -62.30932  -58.25824     -0.929    1457.48     22.000     21.787    -0.4772    -0.4767     0.0004    -0.4778    -0.4774     0.0004   2.809247   2.809176  -0.000069    34.2668    34.2654     7.7457    27.5375    27.5363    34.2669    27.5376    1446.31    1446.31    -0.4778  1027.6472    34.4322 0.0000e+00
      70367 321.179548  -62.30932  -58.25824     -0.920    1457.48     21.000     20.797    -0.4762    -0.4762     0.0001    -0.4769    -0.4768     0.0001   2.809273   2.809165  -0.000101    34.2667    34.2652     7.7562    27.5373    27.5361    34.2668    27.5375    1446.29    1446.30    -0.4768  1027.6423    34.4321 0.0000e+00
      70393 321.179560  -62.30932  -58.25823     -0.918    1457.48     20.000     19.807    -0.4753    -0.4757    -0.0004    -0.4759    -0.4763    -0.0004   2.809277   2.809160  -0.000121    34.2664    34.2652     7.7587    27.5370    27.5361    34.2664    27.5371    1446.28    1446.28    -0.4759  1027.6372    34.4317 0.0000e+00
      70419 321.179573  -62.30932  -58.25822     -0.926    1457.48     19.000     18.816    -0.4750    -0.4753    -0.0004    -0.4755    -0.4759    -0.0004   2.809256   2.809145  -0.000101    34.2661    34.2652     7.7620    27.5368    27.5361    34.2664    27.5371    1446.27    1446.27    -0.4756  1027.6324    34.4317 0.0000e+00
      70444 321.179585  -62.30932  -58.25822     -0.941    1457.48     18.000     17.826    -0.4728    -0.4732    -0.0004    -0.4734    -0.4738    -0.0004   2.809372   2.809259  -0.000119    34.2660    34.2648     7.7577    27.5366    27.5357    34.2662    27.5368    1446.26    1446.26    -0.4733  1027.6273    34.4315 0.0000e+00
      70469 321.179597  -62.30932  -58.25822     -0.956    1457.48     17.000     16.836    -0.4720    -0.4717     0.0003    -0.4725    -0.4722     0.0003   2.809365   2.809300  -0.000068    34.2656    34.2644     7.7612    27.5363    27.5353    34.2658    27.5364    1446.25    1446.25    -0.4725  1027.6221    34.4311 0.0000e+00
      70494 321.179609  -62.30932  -58.25820     -0.956    1457.48     16.000     15.846    -0.4717    -0.4718    -0.0001    -0.4722    -0.4723    -0.0001   2.809343   2.809252  -0.000088    34.2656    34.2646     7.7559    27.5363    27.5354    34.2658    27.5364    1446.23    1446.23    -0.4722  1027.6174    34.4311 0.0000e+00
      70520 321.179621  -62.30930  -58.25820     -0.956    1457.48     15.000     14.855    -0.4699    -0.4707    -0.0009    -0.4703    -0.4712    -0.0009   2.809473   2.809293  -0.000165    34.2655    34.2643     7.7654    27.5361    27.5352    34.2660    27.5365    1446.23    1446.22    -0.4703  1027.6127    34.4314 0.0000e+00
      70545 321.179633  -62.30930  -58.25820     -0.950    1457.48     14.000     13.865    -0.4646    -0.4662    -0.0016    -0.4650    -0.4666    -0.0016   2.809859   2.809609  -0.000242    34.2651    34.2637     7.7706    27.5355    27.5344    34.2659    27.5361    1446.23    1446.23    -0.4650  1027.6076    34.4312 0.0000e+00
      70570 321.179646  -62.30930  -58.25820     -0.955    1457.48     13.000     12.875    -0.4593    -0.4612    -0.0019    -0.4597    -0.4616    -0.0019   2.810219   2.809949  -0.000250    34.2645    34.2634     7.7757    27.5348    27.5339    34.2653    27.5355    1446.24    1446.23    -0.4597  1027.6021    34.4307 0.0000e+00
      70595 321.179658  -62.30930  -58.25818     -0.960    1457.48     12.000     11.884    -0.4543    -0.4524     0.0019    -0.4547    -0.4528     0.0019   2.810526   2.810618  -0.000005    34.2640    34.2618     7.7735    27.5342    27.5322    34.2645    27.5346    1446.25    1446.26    -0.4547  1027.5965    34.4299 0.0000e+00
      70620 321.179670  -62.30930  -58.25818     -0.956    1457.48     11.000     10.894    -0.4493    -0.4437     0.0057    -0.4496    -0.4440     0.0057   2.810973   2.811205   0.000273    34.2638    34.2611     7.7760    27.5338    27.5313    34.2655    27.5351    1446.26    1446.28    -0.4496  1027.5923    34.4309 0.0000e+00
      70645 321.179682  -62.30930  -58.25818     -0.952    1457.48     10.000      9.904    -0.4342    -0.4411    -0.0069    -0.4346    -0.4414    -0.0069   2.811986   2.811391  -0.000557    34.2610    34.2612     7.7799    27.5308    27.5313    34.2627    27.5322    1446.31    1446.27    -0.4345  1027.5845    34.4281 0.0000e+00
      70670 321.179694  -62.30930  -58.25817     -0.965    1457.48      9.000      8.913    -0.4278    -0.4259     0.0019    -0.4280    -0.4262     0.0019   2.812555   2.812556  -0.000022    34.2614    34.2590     7.7971    27.5308    27.5288    34.2636    27.5326    1446.32    1446.33    -0.4281  1027.5802    34.4290 0.0000e+00
      70694 321.179705  -62.30930  -58.25816     -0.979    1457.48      8.000      7.923    -0.4065    -0.4056     0.0009    -0.4068    -0.4059     0.0009   2.814336   2.814148  -0.000142    34.2600    34.2571     7.8028    27.5287    27.5263    34.2641    27.5321    1446.40    1446.41    -0.4067  1027.5749    34.4295 0.0000e+00
      70719 321.179717  -62.30930  -58.25816     -0.986    1457.48      7.000      6.933    -0.3869    -0.3802     0.0067    -0.3871    -0.3804     0.0067   2.815744   2.816235   0.000324    34.2595    34.2562     7.8103    27.5274    27.5245    34.2615    27.5290    1446.48    1446.51    -0.3871  1027.5670    34.4269 0.0000e+00
      70743 321.179729  -62.30930  -58.25816     -0.979    1457.48      6.000      5.942    -0.3628    -0.3547     0.0082    -0.3630    -0.3549     0.0082   2.817807   2.818231   0.000522    34.2577    34.2555     7.8255    27.5249    27.5227    34.2626    27.5288    1446.57    1446.61    -0.3630  1027.5620    34.4280 0.0000e+00
      70769 321.179741  -62.30930  -58.25815     -0.955    1457.48      5.000      4.952    -0.3540    -0.3510     0.0029    -0.3541    -0.3512     0.0029   2.818465   2.818566   0.000082    34.2589    34.2567     7.8446    27.5254    27.5234    34.2620    27.5279    1446.60    1446.61    -0.3541  1027.5563    34.4274 0.0000e+00
      70794 321.179754  -62.30930  -58.25814     -0.947    1457.48      4.000      3.961    -0.3462    -0.3482    -0.0020    -0.3463    -0.3483    -0.0020   2.819000   2.818717  -0.000269    34.2587    34.2573     7.8555    27.5249    27.5238    34.2611    27.5268    1446.62    1446.60    -0.3463  1027.5504    34.4264 0.0000e+00
      70820 321.179766  -62.30930  -58.25814     -0.945    1457.48      3.000      2.971    -0.3479    -0.3485    -0.0006    -0.3479    -0.3486    -0.0006   2.818773   2.818634  -0.000145    34.2588    34.2575     7.8598    27.5250    27.5240    34.2605    27.5264    1446.59    1446.59    -0.3480  1027.5452    34.4259 0.0000e+00
      70863 321.179787  -62.30930  -58.25813     -0.644    1457.48      2.000      1.986    -0.3533    -0.3565    -0.0032    -0.3534    -0.3566    -0.0032   2.818259   2.817922  -0.000323    34.2590    34.2583     7.8568    27.5255    27.5250    34.2604    27.5266    1446.55    1446.53    -0.3534  1027.5406    34.4258 0.0000e+00
