Pos-Processados/process_op42/Processamento_split/up/uoperantar42_043.cnv
* Sea-Bird SBE 9 Data File:
* FileName = C:\Users\Hidrografia\Desktop\OPXLII\Brutos\OP42043.hdr
* Software Version Seasave V 7.26.7.107
* Temperature SN = 6502
* Conductivity SN = 4998
* Number of Bytes Per Scan = 37
* Number of Voltage Words = 4
* Number of Scans Averaged by the Deck Unit = 1
* NMEA Latitude = 62 08.44 S
* NMEA Longitude = 058 25.74 W
* NMEA UTC (Time) = Nov 09 2023 18:18:47
* NMEA baud rate = 4800
** H41
** NPOALTEMAXIMIANO
** NUMERO DA ESTACAO (XXX) 043
** LAT (XX XX.XX S/N) 62 08.430 S
** LONG (XXX XX.XX W/E) 058 26.773 W
** DATAHORA (dd/mm/aaaa hh:mm Z) 09/11/2023 1818Z
** PROFUNDIDADE (m) 400
** OPERADOR CT FABIREZA
# nquan = 30
# nvalues = 386                         
# units = specified
# name 0 = scan: Scan Count
# name 1 = timeJ: Julian Days
# name 2 = latitude: Latitude [deg]
# name 3 = longitude: Longitude [deg]
# name 4 = dz/dtM: Descent Rate [m/s]
# name 5 = avgsvCM: Average Sound Velocity [Chen-Millero, m/s]
# name 6 = prDM: Pressure, Digiquartz [db]
# name 7 = depSM: Depth [salt water, m]
# name 8 = t090C: Temperature [ITS-90, deg C]
# name 9 = t190C: Temperature, 2 [ITS-90, deg C]
# name 10 = T2-T190C: Temperature Difference, 2 - 1 [ITS-90, deg C]
# name 11 = potemp090C: Potential Temperature [ITS-90, deg C]
# name 12 = potemp190C: Potential Temperature, 2 [ITS-90, deg C]
# name 13 = potemp90Cdiff: Potential Temperature, Diff, 2 - 1 [ITS-90, deg C]
# name 14 = c0S/m: Conductivity [S/m]
# name 15 = c1S/m: Conductivity, 2 [S/m]
# name 16 = C2-C1S/m: Conductivity Difference, 2 - 1 [S/m]
# name 17 = sal00: Salinity, Practical [PSU]
# name 18 = sal11: Salinity, Practical, 2 [PSU]
# name 19 = sbeox0ML/L: Oxygen, SBE 43 [ml/l]
# name 20 = sigma-é00: Density [sigma-theta, kg/m^3]
# name 21 = sigma-é11: Density, 2 [sigma-theta, kg/m^3]
# name 22 = sal00: Salinity, Practical [PSU]
# name 23 = sigma-é00: Density [sigma-theta, kg/m^3]
# name 24 = svCM: Sound Velocity [Chen-Millero, m/s]
# name 25 = svCM1: Sound Velocity, 2 [Chen-Millero, m/s]
# name 26 = gsw_ptA0: potential temperature [ITS-90, deg C]
# name 27 = gsw_densityA0: density, TEOS-10 [density, kg/m^3]
# name 28 = gsw_saA0: Absolute Salinity [g/kg]
# name 29 = flag:
# span 0 =      14847,      27057       
# span 1 = 313.770203, 313.776092       
# span 2 =  -62.14504,  -62.14383       
# span 3 =  -58.42255,  -58.41482       
# span 4 =     -1.162,     -0.087       
# span 5 =    1448.44,    1448.44       
# span 6 =      2.000,    387.000       
# span 7 =      2.101,    382.929       
# span 8 =    -0.8189,    -0.5044       
# span 9 =    -0.8177,    -0.5037       
# span 10 =    -0.0058,     0.0118      
# span 11 =    -0.8260,    -0.5046      
# span 12 =    -0.8247,    -0.5039      
# span 13 =    -0.0058,     0.0118      
# span 14 =   2.792574,   2.824352      
# span 15 =   2.792569,   2.824334      
# span 16 =  -0.000584,   0.000980      
# span 17 =    34.2779,    34.3942      
# span 18 =    34.2767,    34.3931      
# span 19 =     6.7838,     7.6729      
# span 20 =    27.5486,    27.6469      
# span 21 =    27.5476,    27.6459      
# span 22 =    34.2784,    34.3942      
# span 23 =    27.5487,    27.6468      
# span 24 =    1445.87,    1451.81      
# span 25 =    1445.86,    1451.82      
# span 26 =    -0.8258,    -0.5046      
# span 27 =  1027.5638,  1029.4975      
# span 28 =    34.4402,    34.5624      
# span 29 = 0.0000e+00, 0.0000e+00      
# interval = decibars: 1                
# start_time = Nov 09 2023 18:18:47 [NMEA time, header]
# bad_flag = -9.990e-29
*END*
[from data line 339]
      25120 313.775157  -62.14482  -58.41615     -0.562    1448.44     48.000     47.534    -0.5330    -0.5326     0.0003    -0.5345    -0.5341     0.0003   2.806809   2.806742  -0.000070    34.2807    34.2794     7.6534    27.5513    27.5502    34.2812    27.5516    1446.49    1446.49    -0.5344  1027.7859    34.4468 0.0000e+00
      25151 313.775173  -62.14482  -58.41613     -0.712    1448.44     47.000     46.544    -0.5320    -0.5314     0.0006    -0.5334    -0.5328     0.0006   2.806834   2.806794  -0.000049    34.2808    34.2795     7.6439    27.5513    27.5502    34.2810    27.5514    1446.48    1446.48    -0.5334  1027.7808    34.4465 0.0000e+00
      25182 313.775187  -62.14482  -58.41612     -0.799    1448.44     46.000     45.554    -0.5347    -0.5325     0.0022    -0.5361    -0.5339     0.0022   2.806578   2.806649   0.000064    34.2812    34.2796     7.6543    27.5518    27.5504    34.2812    27.5517    1446.45    1446.46    -0.5361  1027.7763    34.4467 0.0000e+00
      25218 313.775205  -62.14482  -58.41609     -0.678    1448.44     45.000     44.563    -0.5360    -0.5345     0.0015    -0.5373    -0.5359     0.0015   2.806442   2.806438   0.000002    34.2813    34.2797     7.6494    27.5519    27.5505    34.2815    27.5520    1446.43    1446.43    -0.5373  1027.7718    34.4470 0.0000e+00
      25254 313.775222  -62.14484  -58.41606     -0.661    1448.44     44.000     43.573    -0.5276    -0.5299    -0.0023    -0.5289    -0.5312    -0.0023   2.807108   2.806779  -0.000310    34.2804    34.2788     7.6424    27.5507    27.5496    34.2815    27.5517    1446.45    1446.44    -0.5289  1027.7667    34.4470 0.0000e+00
      25288 313.775239  -62.14484  -58.41605     -0.705    1448.44     43.000     42.583    -0.5241    -0.5235     0.0006    -0.5254    -0.5248     0.0006   2.807269   2.807218  -0.000067    34.2804    34.2788     7.6363    27.5506    27.5493    34.2804    27.5506    1446.45    1446.45    -0.5254  1027.7608    34.4459 0.0000e+00
      25325 313.775257  -62.14484  -58.41602     -0.635    1448.44     42.000     41.593    -0.5302    -0.5286     0.0016    -0.5315    -0.5299     0.0016   2.806745   2.806775   0.000029    34.2809    34.2796     7.6444    27.5513    27.5501    34.2808    27.5512    1446.40    1446.41    -0.5314  1027.7567    34.4463 0.0000e+00
      25356 313.775271  -62.14484  -58.41600     -0.746    1448.44     41.000     40.603    -0.5308    -0.5303     0.0005    -0.5320    -0.5316     0.0004   2.806700   2.806596  -0.000066    34.2809    34.2795     7.6496    27.5513    27.5502    34.2815    27.5518    1446.39    1446.39    -0.5320  1027.7525    34.4470 0.0000e+00
      25386 313.775286  -62.14484  -58.41597     -0.800    1448.44     40.000     39.612    -0.5184    -0.5221    -0.0037    -0.5196    -0.5233    -0.0037   2.807616   2.807211  -0.000416    34.2797    34.2783     7.6518    27.5498    27.5488    34.2804    27.5504    1446.43    1446.41    -0.5196  1027.7456    34.4451 0.0000e+00
      25421 313.775303 -9.990e-29  -58.41594     -0.699    1448.44     39.000     38.622    -0.5156    -0.5153     0.0002    -0.5167    -0.5165     0.0002   2.807768   2.807707  -0.000073    34.2792    34.2780     7.6516    27.5492    27.5483    34.2799    27.5498    1446.42    1446.42    -0.5167  1027.7378    34.4415 0.0000e+00
      25455 313.775319 -9.990e-29  -58.41593     -0.707    1448.44     38.000     37.632    -0.5114    -0.5111     0.0003    -0.5125    -0.5122     0.0003   2.808094   2.808001  -0.000092    34.2796    34.2780     7.6503    27.5494    27.5481    34.2802    27.5499    1446.43    1446.42    -0.5125  1027.7331    34.4418 0.0000e+00
      25488 313.775335  -62.14486  -58.41591     -0.722    1448.44     37.000     36.642    -0.5114    -0.5110     0.0004    -0.5125    -0.5121     0.0004   2.808047   2.807970  -0.000070    34.2797    34.2783     7.6593    27.5495    27.5483    34.2802    27.5499    1446.41    1446.41    -0.5125  1027.7292    34.4429 0.0000e+00
      25527 313.775354  -62.14486  -58.41587     -0.640    1448.44     36.000     35.652    -0.5129    -0.5113     0.0016    -0.5140    -0.5124     0.0016   2.807868   2.807896   0.000022    34.2801    34.2785     7.6519    27.5498    27.5485    34.2802    27.5499    1446.39    1446.39    -0.5140  1027.7265    34.4455 0.0000e+00
      25573 313.775376  -62.14488  -58.41585     -0.523    1448.44     35.000     34.662    -0.5168    -0.5157     0.0011    -0.5179    -0.5168     0.0011   2.807510   2.807504  -0.000009    34.2804    34.2790     7.6412    27.5502    27.5491    34.2803    27.5502    1446.35    1446.35    -0.5178  1027.7221    34.4457 0.0000e+00
      25622 313.775400  -62.14488  -58.41581     -0.479    1448.44     34.000     33.669    -0.5183    -0.5176     0.0008    -0.5194    -0.5186     0.0008   2.807342   2.807296  -0.000044    34.2804    34.2790     7.6577    27.5503    27.5491    34.2804    27.5504    1446.33    1446.33    -0.5193  1027.7175    34.4458 0.0000e+00
      25657 313.775416  -62.14488  -58.41580     -0.661    1448.44     33.000     32.681    -0.5174    -0.5168     0.0006    -0.5184    -0.5178     0.0006   2.807361   2.807314  -0.000045    34.2801    34.2789     7.6588    27.5501    27.5490    34.2802    27.5501    1446.32    1446.32    -0.5184  1027.7124    34.4456 0.0000e+00
      25693 313.775434  -62.14488  -58.41577     -0.668    1448.44     32.000     31.691    -0.5165    -0.5162     0.0003    -0.5174    -0.5172     0.0003   2.807394   2.807316  -0.000076    34.2802    34.2788     7.6507    27.5501    27.5490    34.2803    27.5501    1446.31    1446.30    -0.5174  1027.7077    34.4456 0.0000e+00
      25730 313.775452  -62.14488  -58.41575     -0.635    1448.44     31.000     30.700    -0.5118    -0.5124    -0.0006    -0.5128    -0.5134    -0.0006   2.807743   2.807574  -0.000158    34.2797    34.2783     7.6453    27.5495    27.5483    34.2803    27.5500    1446.31    1446.30    -0.5127  1027.7027    34.4457 0.0000e+00
      25761 313.775467  -62.14488  -58.41572     -0.759    1448.44     30.000     29.715    -0.5077    -0.5078    -0.0002    -0.5086    -0.5087    -0.0002   2.808000   2.807897  -0.000115    34.2794    34.2781     7.6567    27.5491    27.5480    34.2797    27.5493    1446.31    1446.31    -0.5086  1027.6972    34.4450 0.0000e+00
      25793 313.775482  -62.14489  -58.41569     -0.758    1448.44     29.000     28.716    -0.5094    -0.5084     0.0010    -0.5103    -0.5092     0.0010   2.807827   2.807802  -0.000024    34.2798    34.2783     7.6636    27.5495    27.5482    34.2799    27.5496    1446.29    1446.29    -0.5103  1027.6927    34.4452 0.0000e+00
      25832 313.775501  -62.14490  -58.41566     -0.636    1448.44     28.000     27.729    -0.5088    -0.5084     0.0004    -0.5096    -0.5092     0.0004   2.807832   2.807767  -0.000066    34.2797    34.2783     7.6592    27.5493    27.5482    34.2799    27.5495    1446.27    1446.28    -0.5096  1027.6878    34.4452 0.0000e+00
      25870 313.775519  -62.14490  -58.41565     -0.622    1448.44     27.000     26.739    -0.5093    -0.5085     0.0008    -0.5101    -0.5093     0.0008   2.807731   2.807696  -0.000030    34.2798    34.2785     7.6540    27.5495    27.5484    34.2798    27.5494    1446.26    1446.26    -0.5101  1027.6830    34.4451 0.0000e+00
      25907 313.775537  -62.14490  -58.41562     -0.649    1448.44     26.000     25.749    -0.5169    -0.5150     0.0019    -0.5177    -0.5158     0.0019   2.807103   2.807137   0.000027    34.2811    34.2793     7.6650    27.5508    27.5493    34.2805    27.5504    1446.21    1446.21    -0.5177  1027.6791    34.4458 0.0000e+00
      25943 313.775554  -62.14490  -58.41559     -0.661    1448.44     25.000     24.759    -0.5238    -0.5222     0.0016    -0.5245    -0.5230     0.0016   2.806467   2.806504   0.000022    34.2814    34.2799     7.6623    27.5514    27.5501    34.2804    27.5506    1446.16    1446.16    -0.5245  1027.6745    34.4456 0.0000e+00
      25977 313.775571  -62.14492  -58.41556     -0.701    1448.44     24.000     23.768    -0.5307    -0.5287     0.0019    -0.5314    -0.5294     0.0019   2.805860   2.805930   0.000068    34.2814    34.2801     7.6583    27.5517    27.5506    34.2806    27.5510    1446.11    1446.12    -0.5314  1027.6702    34.4459 0.0000e+00
      26011 313.775587  -62.14492  -58.41555     -0.701    1448.44     23.000     22.778    -0.5342    -0.5325     0.0017    -0.5349    -0.5332     0.0017   2.805558   2.805575   0.000021    34.2819    34.2803     7.6598    27.5523    27.5509    34.2811    27.5516    1446.08    1446.08    -0.5349  1027.6661    34.4464 0.0000e+00
      26042 313.775602  -62.14492  -58.41553     -0.756    1448.44     22.000     21.788    -0.5355    -0.5343     0.0012    -0.5362    -0.5350     0.0012   2.805386   2.805387   0.000009    34.2813    34.2800     7.6664    27.5518    27.5507    34.2810    27.5516    1446.05    1446.06    -0.5362  1027.6612    34.4462 0.0000e+00
      26074 313.775618  -62.14492  -58.41550     -0.770    1448.44     21.000     20.797    -0.5275    -0.5295    -0.0020    -0.5282    -0.5302    -0.0020   2.805973   2.805729  -0.000236    34.2802    34.2793     7.6558    27.5506    27.5499    34.2805    27.5508    1446.08    1446.07    -0.5281  1027.6556    34.4457 0.0000e+00
      26109 313.775635  -62.14492  -58.41547     -0.685    1448.44     20.000     19.807    -0.5232    -0.5218     0.0014    -0.5238    -0.5224     0.0014   2.806308   2.806279  -0.000015    34.2802    34.2784     7.6549    27.5503    27.5488    34.2807    27.5508    1446.08    1446.08    -0.5238  1027.6484    34.4429 0.0000e+00
      26141 313.775650 -9.990e-29  -58.41546     -0.725    1448.44     19.000     18.817    -0.5119    -0.5144    -0.0025    -0.5124    -0.5150    -0.0025   2.807152   2.806862  -0.000309    34.2793    34.2780     7.6563    27.5492    27.5482    34.2798    27.5496    1446.11    1446.10    -0.5124  1027.6420    34.4415 0.0000e+00
      26172 313.775665 -9.990e-29  -58.41543     -0.781    1448.44     18.000     17.827    -0.5161    -0.5135     0.0025    -0.5166    -0.5141     0.0025   2.806768   2.806869   0.000088    34.2803    34.2786     7.6662    27.5501    27.5486    34.2800    27.5499    1446.08    1446.09    -0.5166  1027.6375    34.4417 0.0000e+00
      26205 313.775681  -62.14494  -58.41541     -0.733    1448.44     17.000     16.836    -0.5197    -0.5182     0.0014    -0.5202    -0.5187     0.0014   2.806432   2.806452   0.000022    34.2803    34.2789     7.6698    27.5503    27.5491    34.2802    27.5502    1446.05    1446.05    -0.5202  1027.6352    34.4446 0.0000e+00
      26238 313.775697  -62.14494  -58.41538     -0.735    1448.44     16.000     15.846    -0.5189    -0.5186     0.0004    -0.5194    -0.5190     0.0004   2.806474   2.806387  -0.000070    34.2803    34.2789     7.6689    27.5502    27.5491    34.2806    27.5505    1446.03    1446.03    -0.5194  1027.6314    34.4458 0.0000e+00
      26272 313.775713  -62.14495  -58.41535     -0.710    1448.44     15.000     14.856    -0.5157    -0.5153     0.0004    -0.5162    -0.5158     0.0004   2.806677   2.806604  -0.000078    34.2800    34.2786     7.6587    27.5499    27.5487    34.2803    27.5501    1446.03    1446.03    -0.5161  1027.6263    34.4456 0.0000e+00
      26305 313.775729  -62.14496  -58.41534     -0.716    1448.44     14.000     13.864    -0.5103    -0.5103     0.0000    -0.5107    -0.5107     0.0000   2.807064   2.806967  -0.000100    34.2795    34.2781     7.6611    27.5492    27.5481    34.2800    27.5497    1446.04    1446.04    -0.5107  1027.6210    34.4453 0.0000e+00
      26335 313.775744  -62.14496  -58.41532     -0.778    1448.44     13.000     12.875    -0.5078    -0.5079    -0.0001    -0.5082    -0.5082    -0.0001   2.807237   2.807115  -0.000114    34.2796    34.2781     7.6678    27.5492    27.5480    34.2801    27.5496    1446.04    1446.03    -0.5082  1027.6162    34.4454 0.0000e+00
      26366 313.775759  -62.14496  -58.41529     -0.780    1448.44     12.000     11.884    -0.5048    -0.5045     0.0003    -0.5052    -0.5049     0.0003   2.807416   2.807331  -0.000095    34.2794    34.2778     7.6729    27.5489    27.5476    34.2798    27.5492    1446.03    1446.03    -0.5052  1027.6111    34.4451 0.0000e+00
      26399 313.775774  -62.14496  -58.41527     -0.746    1448.44     11.000     10.894    -0.5054    -0.5042     0.0012    -0.5057    -0.5045     0.0012   2.807315   2.807299  -0.000017    34.2795    34.2779     7.6532    27.5490    27.5477    34.2797    27.5491    1446.02    1446.02    -0.5057  1027.6063    34.4450 0.0000e+00
      26438 313.775793  -62.14498  -58.41525     -0.635    1448.44     10.000      9.908    -0.5064    -0.5051     0.0012    -0.5067    -0.5054     0.0012   2.807201   2.807181  -0.000020    34.2797    34.2780     7.6572    27.5492    27.5478    34.2799    27.5493    1446.00    1446.00    -0.5067  1027.6017    34.4452 0.0000e+00
      26495 313.775821  -62.14498  -58.41521     -0.405    1448.44      9.000      8.909    -0.5066    -0.5056     0.0010    -0.5068    -0.5058     0.0010   2.807135   2.807107  -0.000028    34.2797    34.2782     7.6590    27.5492    27.5480    34.2798    27.5493    1445.98    1445.98    -0.5069  1027.5969    34.4452 0.0000e+00
      26577 313.775860  -62.14498  -58.41516     -0.261    1448.44      8.000      7.927    -0.5058    -0.5052     0.0006    -0.5061    -0.5055     0.0006   2.807152   2.807088  -0.000063    34.2797    34.2782     7.6531    27.5492    27.5479    34.2798    27.5493    1445.97    1445.97    -0.5060  1027.5920    34.4452 0.0000e+00
      26708 313.775924  -62.14500  -58.41507     -0.199    1448.44      7.000      6.926    -0.5055    -0.5047     0.0008    -0.5057    -0.5049     0.0008   2.807112   2.807071  -0.000042    34.2795    34.2781     7.6296    27.5490    27.5478    34.2795    27.5490    1445.95    1445.95    -0.5057  1027.5870    34.4449 0.0000e+00
      26777 313.775957  -62.14501  -58.41501     -0.299    1448.44      6.000      5.944    -0.5053    -0.5047     0.0006    -0.5055    -0.5049     0.0006   2.807085   2.807030  -0.000056    34.2795    34.2781     7.6382    27.5490    27.5478    34.2796    27.5491    1445.93    1445.94    -0.5055  1027.5822    34.4449 0.0000e+00
      26869 313.776001  -62.14502  -58.41495     -0.228    1448.44      5.000      4.957    -0.5044    -0.5037     0.0007    -0.5046    -0.5039     0.0007   2.807110   2.807074  -0.000038    34.2795    34.2782     7.6413    27.5489    27.5479    34.2795    27.5490    1445.92    1445.92    -0.5046  1027.5774    34.4449 0.0000e+00
      26937 313.776034  -62.14503  -58.41491     -0.401    1448.44      4.000      3.962    -0.5055    -0.5052     0.0003    -0.5056    -0.5053     0.0003   2.806943   2.806884  -0.000059    34.2793    34.2781     7.6548    27.5488    27.5478    34.2791    27.5487    1445.90    1445.90    -0.5056  1027.5723    34.4445 0.0000e+00
      27008 313.776068  -62.14504  -58.41486     -0.364    1448.44      3.000      2.978    -0.5073    -0.5069     0.0004    -0.5074    -0.5070     0.0004   2.806733   2.806670  -0.000063    34.2791    34.2778     7.6476    27.5487    27.5476    34.2790    27.5487    1445.88    1445.88    -0.5074  1027.5675    34.4443 0.0000e+00
      27057 313.776092  -62.14504  -58.41482     -0.921    1448.44      2.000      2.101    -0.5075    -0.5074     0.0001    -0.5076    -0.5074     0.0001   2.806766   2.806633  -0.000044    34.2789    34.2782     7.6680    27.5486    27.5480    34.2803    27.5498    1445.87    1445.86    -0.5076  1027.5638    34.4457 0.0000e+00
