Pos-Processados/process_op42/Processamento_split/up/uoperantar42_005.cnv
* Sea-Bird SBE 9 Data File:
* FileName = C:\Users\Hidrografia\Desktop\OPXLII\Brutos\OP42005.hdr
* Software Version Seasave V 7.26.7.107
* Temperature SN = 6502
* Conductivity SN = 4998
* Number of Bytes Per Scan = 31
* Number of Voltage Words = 2
* Number of Scans Averaged by the Deck Unit = 1
* NMEA Latitude = 39 18.87 S
* NMEA Longitude = 053 09.31 W
* NMEA UTC (Time) = Oct 17 2023 00:39:31
* NMEA baud rate = 4800
** H41
** NPOALTEMAXIMIANO
** NUMERO DA ESTACAO (XXX) 005
** LAT (XX XX.XX S/N) 39 19.919 S
** LONG (XXX XX.XX W/E) 053 09.46 W
** DATAHORA (dd/mm/aaaa hh:mm Z) 17/10/2023 0025Z
** PROFUNDIDADE (m) 4727
** OPERADOR ZAMITH
# nquan = 30
# nvalues = 1005                        
# units = specified
# name 0 = scan: Scan Count
# name 1 = timeJ: Julian Days
# name 2 = latitude: Latitude [deg]
# name 3 = longitude: Longitude [deg]
# name 4 = dz/dtM: Descent Rate [m/s]
# name 5 = avgsvCM: Average Sound Velocity [Chen-Millero, m/s]
# name 6 = prDM: Pressure, Digiquartz [db]
# name 7 = depSM: Depth [salt water, m]
# name 8 = t090C: Temperature [ITS-90, deg C]
# name 9 = t190C: Temperature, 2 [ITS-90, deg C]
# name 10 = T2-T190C: Temperature Difference, 2 - 1 [ITS-90, deg C]
# name 11 = potemp090C: Potential Temperature [ITS-90, deg C]
# name 12 = potemp190C: Potential Temperature, 2 [ITS-90, deg C]
# name 13 = potemp90Cdiff: Potential Temperature, Diff, 2 - 1 [ITS-90, deg C]
# name 14 = c0S/m: Conductivity [S/m]
# name 15 = c1S/m: Conductivity, 2 [S/m]
# name 16 = C2-C1S/m: Conductivity Difference, 2 - 1 [S/m]
# name 17 = sal00: Salinity, Practical [PSU]
# name 18 = sal11: Salinity, Practical, 2 [PSU]
# name 19 = sbeox0ML/L: Oxygen, SBE 43 [ml/l]
# name 20 = sigma-é00: Density [sigma-theta, kg/m^3]
# name 21 = sigma-é11: Density, 2 [sigma-theta, kg/m^3]
# name 22 = sal00: Salinity, Practical [PSU]
# name 23 = sigma-é00: Density [sigma-theta, kg/m^3]
# name 24 = svCM: Sound Velocity [Chen-Millero, m/s]
# name 25 = svCM1: Sound Velocity, 2 [Chen-Millero, m/s]
# name 26 = gsw_ptA0: potential temperature [ITS-90, deg C]
# name 27 = gsw_densityA0: density, TEOS-10 [density, kg/m^3]
# name 28 = gsw_saA0: Absolute Salinity [g/kg]
# name 29 = flag:
# span 0 =      32415,      68185       
# span 1 = 290.043074, 290.060324       
# span 2 =  -39.31285,  -39.31084       
# span 3 =  -53.15054,  -53.14778       
# span 4 =     -1.712,     -0.023       
# span 5 =    1471.91,    1471.91       
# span 6 =      0.000,   1004.000       
# span 7 =      0.040,    993.965       
# span 8 =     2.6975,     9.4599       
# span 9 =     2.6979,     9.4666       
# span 10 =    -0.1422,     0.0797      
# span 11 =     2.6329,     9.4594      
# span 12 =     2.6337,     9.4661      
# span 13 =    -0.1422,     0.0797      
# span 14 =   3.090347,   3.658214      
# span 15 =   3.090342,   3.658536      
# span 16 =  -0.011993,   0.006644      
# span 17 =    33.9580,    34.5402      
# span 18 =    33.9536,    34.5399      
# span 19 =     3.9113,     6.7820      
# span 20 =    26.2282,    27.5508      
# span 21 =    26.2236,    27.5505      
# span 22 =    33.9628,    34.5402      
# span 23 =    26.2336,    27.5508      
# span 24 =    1465.55,    1486.70      
# span 25 =    1465.56,    1486.72      
# span 26 =     2.6328,     9.4594      
# span 27 =  1026.2469,  1032.2089      
# span 28 =    34.1231,    34.7060      
# span 29 = 0.0000e+00, 0.0000e+00      
# interval = decibars: 1                
# start_time = Oct 17 2023 00:39:31 [NMEA time, header]
# bad_flag = -9.990e-29
*END*
[from data line 339]
      41933 290.047664  -39.31222  -53.14922     -1.377    1471.91    665.000    658.888     2.8420     2.8432     0.0012     2.7997     2.8009     0.0012   3.128045   3.128092   0.000050    34.3392    34.3385     4.4698    27.3755    27.3749    34.3392    27.3755    1471.77    1471.78     2.7996  1030.4708    34.5025 0.0000e+00
      41970 290.047682  -39.31222  -53.14921     -0.749    1471.91    664.000    657.899     2.8431     2.8442     0.0010     2.8008     2.8019     0.0010   3.128013   3.128047   0.000036    34.3381    34.3374     4.4723    27.3746    27.3739    34.3381    27.3746    1471.76    1471.77     2.8008  1030.4652    34.5015 0.0000e+00
      42007 290.047700  -39.31222  -53.14920     -0.611    1471.91    663.000    656.910     2.8435     2.8445     0.0010     2.8012     2.8022     0.0010   3.127992   3.128021   0.000023    34.3381    34.3373     4.4760    27.3745    27.3738    34.3380    27.3745    1471.75    1471.75     2.8012  1030.4605    34.5014 0.0000e+00
      42031 290.047711  -39.31222  -53.14920     -0.850    1471.91    662.000    655.921     2.8434     2.8444     0.0010     2.8012     2.8022     0.0010   3.127930   3.127973   0.000043    34.3379    34.3373     4.4761    27.3744    27.3738    34.3379    27.3744    1471.73    1471.73     2.8012  1030.4558    34.5013 0.0000e+00
      42052 290.047721  -39.31220  -53.14920     -1.062    1471.91    661.000    654.932     2.8435     2.8447     0.0012     2.8014     2.8026     0.0012   3.127901   3.127944   0.000043    34.3380    34.3372     4.4832    27.3744    27.3737    34.3380    27.3744    1471.71    1471.72     2.8013  1030.4512    34.5014 0.0000e+00
      42071 290.047731  -39.31220  -53.14920     -1.189    1471.91    660.000    653.942     2.8438     2.8454     0.0016     2.8017     2.8034     0.0016   3.127871   3.127948   0.000077    34.3378    34.3370     4.4863    27.3742    27.3735    34.3378    27.3743    1471.70    1471.70     2.8017  1030.4464    34.5012 0.0000e+00
      42096 290.047742  -39.31220  -53.14920     -1.113    1471.91    659.000    652.953     2.8451     2.8455     0.0004     2.8032     2.8035     0.0004   3.127866   3.127905   0.000042    34.3368    34.3369     4.4904    27.3733    27.3734    34.3369    27.3734    1471.69    1471.69     2.8031  1030.4409    34.5002 0.0000e+00
      42134 290.047761  -39.31220  -53.14918     -0.698    1471.91    658.000    651.967     2.8468     2.8479     0.0011     2.8049     2.8060     0.0010   3.127926   3.127961   0.000036    34.3362    34.3355     4.4824    27.3727    27.3721    34.3364    27.3728    1471.68    1471.68     2.8048  1030.4357    34.4997 0.0000e+00
      42192 290.047789  -39.31220  -53.14918     -0.365    1471.91    657.000    650.970     2.8484     2.8496     0.0012     2.8065     2.8078     0.0012   3.127984   3.128018   0.000031    34.3359    34.3349     4.4845    27.3723    27.3714    34.3359    27.3723    1471.67    1471.67     2.8065  1030.4305    34.4993 0.0000e+00
      42224 290.047804  -39.31220  -53.14918     -0.649    1471.91    656.000    649.985     2.8480     2.8487     0.0008     2.8062     2.8069     0.0008   3.127895   3.127929   0.000038    34.3358    34.3355     4.4905    27.3723    27.3719    34.3358    27.3723    1471.65    1471.65     2.8061  1030.4258    34.4992 0.0000e+00
      42243 290.047814  -39.31220  -53.14918     -0.985    1471.91    655.000    648.996     2.8477     2.8490     0.0013     2.8060     2.8073     0.0013   3.127867   3.127909   0.000039    34.3363    34.3353     4.4978    27.3726    27.3717    34.3363    27.3727    1471.63    1471.63     2.8059  1030.4217    34.4997 0.0000e+00
      42260 290.047822  -39.31220  -53.14918     -1.237    1471.91    654.000    648.007     2.8486     2.8521     0.0035     2.8069     2.8104     0.0035   3.127866   3.128074   0.000188    34.3357    34.3343     4.4963    27.3721    27.3706    34.3359    27.3722    1471.62    1471.63     2.8069  1030.4166    34.4992 0.0000e+00
      42277 290.047830  -39.31220  -53.14918     -1.395    1471.91    653.000    647.017     2.8504     2.8539     0.0036     2.8088     2.8123     0.0036   3.127949   3.128122   0.000180    34.3353    34.3337     4.4961    27.3717    27.3700    34.3355    27.3718    1471.61    1471.62     2.8087  1030.4115    34.4989 0.0000e+00
      42295 290.047839  -39.31220  -53.14918     -1.401    1471.91    652.000    646.028     2.8530     2.8549     0.0019     2.8115     2.8134     0.0019   3.128054   3.128138   0.000084    34.3343    34.3333     4.4917    27.3706    27.3696    34.3345    27.3708    1471.60    1471.61     2.8114  1030.4058    34.4978 0.0000e+00
      42325 290.047853  -39.31219  -53.14916     -1.024    1471.91    651.000    645.039     2.8553     2.8562     0.0009     2.8138     2.8147     0.0009   3.128112   3.128146   0.000037    34.3331    34.3326     4.4959    27.3694    27.3689    34.3333    27.3696    1471.59    1471.60     2.8138  1030.4000    34.4967 0.0000e+00
      42375 290.047877  -39.31218  -53.14916     -0.408    1471.91    650.000    644.049     2.8570     2.8582     0.0012     2.8156     2.8168     0.0012   3.128019   3.128068   0.000045    34.3309    34.3301     4.5009    27.3675    27.3668    34.3310    27.3676    1471.58    1471.59     2.8155  1030.3933    34.4943 0.0000e+00
      42411 290.047894  -39.31218  -53.14914     -0.630    1471.91    649.000    643.060     2.8562     2.8571     0.0009     2.8149     2.8158     0.0009   3.127902   3.127931   0.000040    34.3307    34.3302     4.5079    27.3674    27.3669    34.3309    27.3675    1471.56    1471.56     2.8148  1030.3887    34.4942 0.0000e+00
      42439 290.047908  -39.31218  -53.14914     -0.816    1471.91    648.000    642.070     2.8560     2.8570     0.0010     2.8147     2.8157     0.0010   3.127815   3.127818  -0.000002    34.3306    34.3295     4.5182    27.3674    27.3664    34.3306    27.3673    1471.54    1471.55     2.8147  1030.3838    34.4939 0.0000e+00
      42471 290.047924  -39.31218  -53.14914     -0.788    1471.91    647.000    641.081     2.8558     2.8569     0.0011     2.8147     2.8157     0.0011   3.127658   3.127710   0.000052    34.3294    34.3288     4.5212    27.3664    27.3659    34.3294    27.3664    1471.52    1471.53     2.8146  1030.3782    34.4926 0.0000e+00
      42508 290.047941  -39.31218 -9.990e-29     -0.646    1471.91    646.000    640.092     2.8561     2.8573     0.0012     2.8150     2.8161     0.0012   3.127554   3.127593   0.000044    34.3283    34.3276     4.5255    27.3655    27.3648    34.3283    27.3655    1471.51    1471.51     2.8149  1030.3727    34.4915 0.0000e+00
      42535 290.047954  -39.31218 -9.990e-29     -0.786    1471.91    645.000    639.103     2.8560     2.8570     0.0010     2.8149     2.8160     0.0010   3.127508   3.127542   0.000032    34.3285    34.3278     4.5263    27.3656    27.3650    34.3285    27.3656    1471.49    1471.49     2.8149  1030.3682    34.4916 0.0000e+00
      42556 290.047965  -39.31218 -9.990e-29     -1.006    1471.91    644.000    638.114     2.8560     2.8571     0.0011     2.8150     2.8161     0.0011   3.127457   3.127446  -0.000010    34.3283    34.3271     4.5320    27.3655    27.3644    34.3283    27.3655    1471.47    1471.48     2.8150  1030.3635    34.4915 0.0000e+00
      42579 290.047976  -39.31218  -53.14912     -1.089    1471.91    643.000    637.124     2.8565     2.8574     0.0009     2.8156     2.8165     0.0009   3.127351   3.127392   0.000042    34.3270    34.3266     4.5312    27.3644    27.3640    34.3271    27.3644    1471.46    1471.46     2.8155  1030.3578    34.4903 0.0000e+00
      42617 290.047994  -39.31217  -53.14912     -0.739    1471.91    642.000    636.136     2.8598     2.8604     0.0006     2.8189     2.8195     0.0006   3.127491   3.127512   0.000023    34.3256    34.3252     4.5332    27.3629    27.3626    34.3258    27.3632    1471.46    1471.46     2.8189  1030.3519    34.4891 0.0000e+00
      42670 290.048020  -39.31216  -53.14912     -0.404    1471.91    641.000    635.143     2.8630     2.8641     0.0011     2.8222     2.8233     0.0011   3.127636   3.127679   0.000042    34.3246    34.3239     4.5396    27.3619    27.3613    34.3247    27.3620    1471.45    1471.45     2.8221  1030.3460    34.4879 0.0000e+00
      42703 290.048035  -39.31216  -53.14912     -0.660    1471.91    640.000    634.156     2.8619     2.8627     0.0008     2.8212     2.8219     0.0008   3.127505   3.127534   0.000025    34.3248    34.3243     4.5506    27.3621    27.3617    34.3248    27.3621    1471.43    1471.43     2.8211  1030.3416    34.4880 0.0000e+00
      42728 290.048047  -39.31216  -53.14910     -0.897    1471.91    639.000    633.167     2.8617     2.8632     0.0014     2.8211     2.8225     0.0014   3.127458   3.127513   0.000055    34.3249    34.3241     4.5513    27.3622    27.3614    34.3250    27.3623    1471.41    1471.42     2.8210  1030.3371    34.4882 0.0000e+00
      42754 290.048060  -39.31218  -53.14910     -0.956    1471.91    638.000    632.177     2.8623     2.8634     0.0011     2.8217     2.8228     0.0011   3.127429   3.127469   0.000043    34.3245    34.3238     4.5534    27.3618    27.3612    34.3246    27.3619    1471.40    1471.40     2.8216  1030.3321    34.4878 0.0000e+00
      42787 290.048076  -39.31216  -53.14910     -0.764    1471.91    637.000    631.188     2.8627     2.8638     0.0011     2.8221     2.8232     0.0011   3.127335   3.127373   0.000037    34.3235    34.3228     4.5568    27.3610    27.3603    34.3235    27.3610    1471.38    1471.39     2.8221  1030.3266    34.4868 0.0000e+00
      42817 290.048090  -39.31216  -53.14910     -0.742    1471.91    636.000    630.199     2.8629     2.8637     0.0008     2.8224     2.8232     0.0008   3.127285   3.127323   0.000042    34.3232    34.3228     4.5565    27.3607    27.3604    34.3233    27.3608    1471.37    1471.37     2.8224  1030.3217    34.4865 0.0000e+00
      42842 290.048102  -39.31216  -53.14908     -0.910    1471.91    635.000    629.209     2.8631     2.8640     0.0009     2.8227     2.8236     0.0009   3.127214   3.127240   0.000027    34.3227    34.3221     4.5558    27.3603    27.3597    34.3227    27.3603    1471.35    1471.35     2.8226  1030.3167    34.4859 0.0000e+00
      42866 290.048114  -39.31216  -53.14908     -0.987    1471.91    634.000    628.220     2.8628     2.8638     0.0010     2.8224     2.8235     0.0010   3.127073   3.127100   0.000023    34.3219    34.3211     4.5542    27.3597    27.3590    34.3218    27.3597    1471.33    1471.33     2.8224  1030.3114    34.4850 0.0000e+00
      42900 290.048130  -39.31216  -53.14908     -0.783    1471.91    633.000    627.231     2.8622     2.8634     0.0012     2.8220     2.8231     0.0012   3.126707   3.126806   0.000101    34.3187    34.3187     4.5616    27.3572    27.3571    34.3185    27.3571    1471.31    1471.31     2.8219  1030.3042    34.4817 0.0000e+00
      42943 290.048151  -39.31216  -53.14908     -0.544    1471.91    632.000    626.241     2.8623     2.8636     0.0013     2.8221     2.8234     0.0013   3.126484   3.126549   0.000060    34.3162    34.3156     4.5730    27.3552    27.3546    34.3162    27.3552    1471.29    1471.29     2.8221  1030.2977    34.4794 0.0000e+00
      42974 290.048166  -39.31214  -53.14908     -0.689    1471.91    631.000    625.252     2.8624     2.8633     0.0009     2.8223     2.8232     0.0009   3.126479   3.126570   0.000099    34.3166    34.3168     4.5872    27.3555    27.3556    34.3166    27.3555    1471.27    1471.28     2.8222  1030.2934    34.4798 0.0000e+00
      42996 290.048177  -39.31214 -9.990e-29     -0.942    1471.91    630.000    624.263     2.8624     2.8633     0.0009     2.8223     2.8233     0.0009   3.126454   3.126441  -0.000011    34.3169    34.3158     4.5916    27.3557    27.3547    34.3168    27.3557    1471.26    1471.26     2.8223  1030.2888    34.4799 0.0000e+00
      43015 290.048186  -39.31214 -9.990e-29     -1.146    1471.91    629.000    623.273     2.8624     2.8635     0.0011     2.8225     2.8235     0.0011   3.126372   3.126376 -2.934e-07    34.3164    34.3153     4.5983    27.3553    27.3543    34.3163    27.3553    1471.24    1471.24     2.8224  1030.2838    34.4794 0.0000e+00
      43036 290.048196  -39.31214 -9.990e-29     -1.217    1471.91    628.000    622.283     2.8625     2.8636     0.0012     2.8226     2.8237     0.0011   3.126311   3.126313   0.000004    34.3161    34.3149     4.5989    27.3550    27.3540    34.3161    27.3550    1471.22    1471.23     2.8225  1030.2790    34.4792 0.0000e+00
      43064 290.048209  -39.31214 -9.990e-29     -0.996    1471.91    627.000    621.294     2.8629     2.8638     0.0010     2.8230     2.8240     0.0010   3.126247   3.126243  -0.000004    34.3155    34.3144     4.5987    27.3545    27.3536    34.3154    27.3545    1471.21    1471.21     2.8230  1030.2738    34.4785 0.0000e+00
      43101 290.048227  -39.31214  -53.14906     -0.658    1471.91    626.000    620.305     2.8632     2.8643     0.0011     2.8234     2.8245     0.0011   3.126176   3.126161  -0.000015    34.3148    34.3134     4.5979    27.3539    27.3527    34.3148    27.3539    1471.19    1471.19     2.8233  1030.2687    34.4779 0.0000e+00
      43135 290.048244  -39.31214  -53.14906     -0.664    1471.91    625.000    619.315     2.8632     2.8641     0.0009     2.8235     2.8244     0.0009   3.126116   3.126111  -0.000002    34.3146    34.3136     4.6014    27.3538    27.3529    34.3146    27.3538    1471.17    1471.18     2.8234  1030.2639    34.4777 0.0000e+00
      43159 290.048255  -39.31214  -53.14904     -0.879    1471.91    624.000    618.326     2.8631     2.8641     0.0010     2.8235     2.8245     0.0010   3.126061   3.126027  -0.000036    34.3146    34.3131     4.6088    27.3538    27.3525    34.3145    27.3537    1471.16    1471.16     2.8234  1030.2592    34.4777 0.0000e+00
      43180 290.048266  -39.31214  -53.14904     -1.061    1471.91    623.000    617.337     2.8631     2.8641     0.0011     2.8235     2.8246     0.0011   3.125957   3.125947  -0.000013    34.3139    34.3126     4.6131    27.3532    27.3521    34.3138    27.3532    1471.14    1471.14     2.8235  1030.2538    34.4767 0.0000e+00
      43204 290.048277 -9.990e-29  -53.14904     -1.066    1471.91    622.000    616.347     2.8631     2.8640     0.0010     2.8236     2.8246     0.0010   3.125812   3.125895   0.000080    34.3127    34.3126     4.6116    27.3522    27.3521    34.3126    27.3522    1471.12    1471.13     2.8235  1030.2476    34.4747 0.0000e+00
      43233 290.048291 -9.990e-29  -53.14904     -0.903    1471.91    621.000    615.357     2.8632     2.8643     0.0011     2.8238     2.8249     0.0011   3.125717   3.125777   0.000064    34.3118    34.3114     4.6132    27.3515    27.3511    34.3118    27.3515    1471.10    1471.11     2.8237  1030.2424    34.4739 0.0000e+00
      43265 290.048306 -9.990e-29  -53.14904     -0.768    1471.91    620.000    614.369     2.8632     2.8644     0.0011     2.8239     2.8250     0.0011   3.125667   3.125696   0.000024    34.3118    34.3109     4.6134    27.3515    27.3507    34.3117    27.3515    1471.09    1471.09     2.8238  1030.2377    34.4738 0.0000e+00
      43295 290.048321  -39.31212  -53.14903     -0.757    1471.91    619.000    613.376     2.8632     2.8643     0.0011     2.8239     2.8250     0.0011   3.125561   3.125632   0.000078    34.3110    34.3108     4.6259    27.3509    27.3506    34.3110    27.3509    1471.07    1471.07     2.8238  1030.2332    34.4740 0.0000e+00
