Pos-Processados/process_op42/Processamento_split/up/uoperantar42_049.cnv
* Sea-Bird SBE 9 Data File:
* FileName = C:\Users\Hidrografia\Desktop\OPXLII\Brutos\OP42049.hdr
* Software Version Seasave V 7.26.7.107
* Temperature SN = 6502
* Conductivity SN = 4998
* Number of Bytes Per Scan = 37
* Number of Voltage Words = 4
* Number of Scans Averaged by the Deck Unit = 1
* NMEA Latitude = 62 08.21 S
* NMEA Longitude = 058 26.69 W
* NMEA UTC (Time) = Nov 10 2023 00:06:10
* NMEA baud rate = 4800
** H41
** NPOALTEMAXIMIANO
** NUMERO DA ESTACAO (XXX) 049
** LAT (XX XX.XX S/N) 62 08. S
** LONG (XXX XX.XX W/E) 058 26. W
** DATAHORA (dd/mm/aaaa hh:mm Z) 10/11/2023 0005Z
** PROFUNDIDADE (m) 424
** OPERADOR CT FILIPE LOPES
# nquan = 30
# nvalues = 383                         
# units = specified
# name 0 = scan: Scan Count
# name 1 = timeJ: Julian Days
# name 2 = latitude: Latitude [deg]
# name 3 = longitude: Longitude [deg]
# name 4 = dz/dtM: Descent Rate [m/s]
# name 5 = avgsvCM: Average Sound Velocity [Chen-Millero, m/s]
# name 6 = prDM: Pressure, Digiquartz [db]
# name 7 = depSM: Depth [salt water, m]
# name 8 = t090C: Temperature [ITS-90, deg C]
# name 9 = t190C: Temperature, 2 [ITS-90, deg C]
# name 10 = T2-T190C: Temperature Difference, 2 - 1 [ITS-90, deg C]
# name 11 = potemp090C: Potential Temperature [ITS-90, deg C]
# name 12 = potemp190C: Potential Temperature, 2 [ITS-90, deg C]
# name 13 = potemp90Cdiff: Potential Temperature, Diff, 2 - 1 [ITS-90, deg C]
# name 14 = c0S/m: Conductivity [S/m]
# name 15 = c1S/m: Conductivity, 2 [S/m]
# name 16 = C2-C1S/m: Conductivity Difference, 2 - 1 [S/m]
# name 17 = sal00: Salinity, Practical [PSU]
# name 18 = sal11: Salinity, Practical, 2 [PSU]
# name 19 = sbeox0ML/L: Oxygen, SBE 43 [ml/l]
# name 20 = sigma-é00: Density [sigma-theta, kg/m^3]
# name 21 = sigma-é11: Density, 2 [sigma-theta, kg/m^3]
# name 22 = sal00: Salinity, Practical [PSU]
# name 23 = sigma-é00: Density [sigma-theta, kg/m^3]
# name 24 = svCM: Sound Velocity [Chen-Millero, m/s]
# name 25 = svCM1: Sound Velocity, 2 [Chen-Millero, m/s]
# name 26 = gsw_ptA0: potential temperature [ITS-90, deg C]
# name 27 = gsw_densityA0: density, TEOS-10 [density, kg/m^3]
# name 28 = gsw_saA0: Absolute Salinity [g/kg]
# name 29 = flag:
# span 0 =      19031,      30652       
# span 1 = 314.013459, 314.019064       
# span 2 =  -62.14438,  -62.14168       
# span 3 =  -58.44450,  -58.44394       
# span 4 =     -0.982,     -0.271       
# span 5 =    1448.33,    1448.33       
# span 6 =      3.000,    385.000       
# span 7 =      2.981,    380.952       
# span 8 =    -0.7994,    -0.5071       
# span 9 =    -0.7985,    -0.5063       
# span 10 =    -0.0077,     0.0161      
# span 11 =    -0.8059,    -0.5188      
# span 12 =    -0.8050,    -0.5180      
# span 13 =    -0.0077,     0.0161      
# span 14 =   2.794208,   2.831899      
# span 15 =   2.794184,   2.831848      
# span 16 =  -0.000769,   0.001625      
# span 17 =    34.2679,    34.3928      
# span 18 =    34.2667,    34.3918      
# span 19 =     6.7489,     7.6170      
# span 20 =    27.5435,    27.6416      
# span 21 =    27.5425,    27.6407      
# span 22 =    34.2677,    34.3929      
# span 23 =    27.5434,    27.6417      
# span 24 =    1445.46,    1452.21      
# span 25 =    1445.46,    1452.21      
# span 26 =    -0.8058,    -0.5186      
# span 27 =  1027.5621,  1029.4814      
# span 28 =    34.4305,    34.5610      
# span 29 = 0.0000e+00, 0.0000e+00      
# interval = decibars: 1                
# start_time = Nov 10 2023 00:06:10 [NMEA time, header]
# bad_flag = -9.990e-29
*END*
[from data line 339]
      29296 314.018410  -62.14402  -58.44408     -0.638    1448.33     46.000     45.554    -0.5962    -0.5975    -0.0012    -0.5976    -0.5988    -0.0012   2.801470   2.801274  -0.000196    34.2815    34.2802     7.6105    27.5547    27.5537    34.2821    27.5551    1446.16    1446.16    -0.5975  1027.7802    34.4480 0.0000e+00
      29328 314.018425  -62.14402  -58.44408     -0.719    1448.33     45.000     44.563    -0.5949    -0.5943     0.0005    -0.5962    -0.5956     0.0005   2.801553   2.801489  -0.000066    34.2818    34.2803     7.6077    27.5549    27.5536    34.2822    27.5552    1446.15    1446.15    -0.5962  1027.7751    34.4477 0.0000e+00
      29357 314.018440  -62.14404  -58.44408     -0.808    1448.33     44.000     43.573    -0.5945    -0.5938     0.0007    -0.5958    -0.5951     0.0007   2.801558   2.801498  -0.000068    34.2821    34.2805     7.6099    27.5551    27.5537    34.2825    27.5554    1446.14    1446.14    -0.5958  1027.7705    34.4480 0.0000e+00
      29387 314.018454  -62.14404  -58.44408     -0.816    1448.33     43.000     42.583    -0.5931    -0.5927     0.0005    -0.5944    -0.5939     0.0005   2.801621   2.801548  -0.000075    34.2821    34.2806     7.6069    27.5550    27.5538    34.2824    27.5553    1446.13    1446.13    -0.5944  1027.7656    34.4479 0.0000e+00
      29420 314.018470  -62.14405  -58.44408     -0.756    1448.33     42.000     41.593    -0.5931    -0.5924     0.0007    -0.5944    -0.5937     0.0007   2.801569   2.801521  -0.000054    34.2822    34.2806     7.6131    27.5551    27.5538    34.2823    27.5552    1446.11    1446.11    -0.5943  1027.7608    34.4478 0.0000e+00
      29455 314.018487  -62.14406  -58.44408     -0.683    1448.33     41.000     40.603    -0.5948    -0.5932     0.0016    -0.5960    -0.5944     0.0016   2.801399   2.801411   0.000009    34.2826    34.2808     7.6153    27.5554    27.5540    34.2826    27.5555    1446.09    1446.09    -0.5960  1027.7562    34.4480 0.0000e+00
      29492 314.018504  -62.14407  -58.44406     -0.657    1448.33     40.000     39.613    -0.5974    -0.5957     0.0016    -0.5986    -0.5969     0.0016   2.801115   2.801142   0.000029    34.2823    34.2809     7.6113    27.5554    27.5542    34.2823    27.5554    1446.06    1446.07    -0.5986  1027.7502    34.4464 0.0000e+00
      29526 314.018521 -9.990e-29  -58.44406     -0.686    1448.33     39.000     38.622    -0.5987    -0.5973     0.0013    -0.5998    -0.5985     0.0013   2.800969   2.800967  -0.000007    34.2824    34.2808     7.6050    27.5555    27.5542    34.2824    27.5555    1446.04    1446.04    -0.5998  1027.7436    34.4440 0.0000e+00
      29559 314.018537 -9.990e-29  -58.44406     -0.735    1448.33     38.000     37.632    -0.5919    -0.5946    -0.0027    -0.5930    -0.5957    -0.0027   2.801492   2.801146  -0.000320    34.2817    34.2805     7.6111    27.5546    27.5538    34.2824    27.5552    1446.05    1446.04    -0.5930  1027.7385    34.4440 0.0000e+00
      29591 314.018552  -62.14410  -58.44406     -0.734    1448.33     37.000     36.642    -0.5897    -0.5913    -0.0016    -0.5908    -0.5924    -0.0016   2.801611   2.801370  -0.000252    34.2819    34.2804     7.6133    27.5547    27.5535    34.2822    27.5549    1446.05    1446.04    -0.5908  1027.7346    34.4452 0.0000e+00
      29624 314.018568  -62.14410  -58.44406     -0.735    1448.33     36.000     35.651    -0.5879    -0.5877     0.0003    -0.5890    -0.5887     0.0003   2.801728   2.801616  -0.000104    34.2820    34.2802     7.6102    27.5547    27.5533    34.2824    27.5550    1446.04    1446.04    -0.5890  1027.7318    34.4477 0.0000e+00
      29654 314.018582  -62.14411  -58.44405     -0.771    1448.33     35.000     34.661    -0.5874    -0.5874     0.0001    -0.5885    -0.5884     0.0001   2.801695   2.801598  -0.000094    34.2817    34.2803     7.6087    27.5544    27.5533    34.2820    27.5547    1446.03    1446.02    -0.5884  1027.7267    34.4473 0.0000e+00
      29678 314.018594  -62.14412  -58.44404     -0.913    1448.33     34.000     33.671    -0.5856    -0.5862    -0.0007    -0.5866    -0.5873    -0.0007   2.801805   2.801643  -0.000173    34.2818    34.2802     7.6059    27.5544    27.5532    34.2820    27.5546    1446.02    1446.01    -0.5866  1027.7218    34.4473 0.0000e+00
      29703 314.018606  -62.14413  -58.44404     -0.982    1448.33     33.000     32.681    -0.5842    -0.5841     0.0001    -0.5852    -0.5850     0.0001   2.801828   2.801728  -0.000085    34.2808    34.2795     7.6079    27.5536    27.5525    34.2813    27.5540    1446.01    1446.01    -0.5851  1027.7164    34.4466 0.0000e+00
      29728 314.018619  -62.14414  -58.44404     -0.952    1448.33     32.000     31.691    -0.5831    -0.5836    -0.0005    -0.5840    -0.5845    -0.0005   2.801860   2.801719  -0.000152    34.2810    34.2795     7.6151    27.5536    27.5525    34.2811    27.5538    1446.00    1445.99    -0.5840  1027.7114    34.4464 0.0000e+00
      29757 314.018632  -62.14414  -58.44404     -0.882    1448.33     31.000     30.700    -0.5825    -0.5825    -0.0001    -0.5834    -0.5834    -0.0001   2.801819   2.801726  -0.000095    34.2803    34.2791     7.6092    27.5531    27.5521    34.2805    27.5532    1445.98    1445.98    -0.5834  1027.7060    34.4458 0.0000e+00
      29791 314.018649  -62.14416  -58.44404     -0.738    1448.33     30.000     29.710    -0.5828    -0.5829    -0.0001    -0.5837    -0.5838    -0.0001   2.801725   2.801651  -0.000068    34.2800    34.2792     7.6071    27.5528    27.5522    34.2802    27.5530    1445.96    1445.96    -0.5837  1027.7011    34.4455 0.0000e+00
      29826 314.018665  -62.14416  -58.44403     -0.676    1448.33     29.000     28.720    -0.5821    -0.5816     0.0004    -0.5830    -0.5825     0.0004   2.801723   2.801649  -0.000076    34.2798    34.2783     7.6090    27.5527    27.5514    34.2800    27.5528    1445.95    1445.95    -0.5829  1027.6961    34.4453 0.0000e+00
      29857 314.018681  -62.14416  -58.44402     -0.743    1448.33     28.000     27.729    -0.5821    -0.5812     0.0009    -0.5829    -0.5821     0.0009   2.801690   2.801642  -0.000054    34.2801    34.2784     7.6112    27.5529    27.5515    34.2801    27.5529    1445.94    1445.94    -0.5829  1027.6914    34.4454 0.0000e+00
      29886 314.018695  -62.14418  -58.44402     -0.816    1448.33     27.000     26.739    -0.5815    -0.5810     0.0005    -0.5823    -0.5818     0.0005   2.801689   2.801616  -0.000070    34.2800    34.2784     7.5960    27.5528    27.5515    34.2802    27.5529    1445.92    1445.92    -0.5823  1027.6866    34.4454 0.0000e+00
      29914 314.018708  -62.14418  -58.44402     -0.850    1448.33     26.000     25.749    -0.5802    -0.5799     0.0003    -0.5810    -0.5807     0.0003   2.801812   2.801683  -0.000129    34.2806    34.2786     7.6075    27.5533    27.5516    34.2809    27.5535    1445.91    1445.91    -0.5809  1027.6823    34.4462 0.0000e+00
      29944 314.018723  -62.14419  -58.44402     -0.816    1448.33     25.000     24.759    -0.5800    -0.5793     0.0007    -0.5807    -0.5801     0.0007   2.801810   2.801736  -0.000073    34.2811    34.2794     7.6060    27.5536    27.5522    34.2813    27.5538    1445.90    1445.90    -0.5807  1027.6778    34.4465 0.0000e+00
      29977 314.018738  -62.14420  -58.44402     -0.752    1448.33     24.000     23.769    -0.5792    -0.5788     0.0004    -0.5799    -0.5795     0.0004   2.801837   2.801748  -0.000094    34.2812    34.2795     7.6068    27.5536    27.5522    34.2814    27.5538    1445.88    1445.88    -0.5799  1027.6730    34.4466 0.0000e+00
      30007 314.018753  -62.14420  -58.44402     -0.762    1448.33     23.000     22.778    -0.5796    -0.5784     0.0012    -0.5803    -0.5791     0.0012   2.801755   2.801740  -0.000013    34.2813    34.2797     7.6029    27.5537    27.5524    34.2813    27.5538    1445.87    1445.87    -0.5803  1027.6683    34.4466 0.0000e+00
      30035 314.018766  -62.14422  -58.44402     -0.836    1448.33     22.000     21.788    -0.5803    -0.5790     0.0013    -0.5809    -0.5796     0.0013   2.801620   2.801641   0.000011    34.2810    34.2797     7.6120    27.5536    27.5524    34.2809    27.5534    1445.85    1445.85    -0.5809  1027.6631    34.4461 0.0000e+00
      30061 314.018779  -62.14422  -58.44400     -0.900    1448.33     21.000     20.797    -0.5816    -0.5800     0.0015    -0.5822    -0.5807     0.0015   2.801453   2.801483   0.000026    34.2809    34.2795     7.6123    27.5535    27.5524    34.2808    27.5534    1445.82    1445.83    -0.5822  1027.6583    34.4460 0.0000e+00
      30086 314.018791  -62.14423  -58.44400     -0.947    1448.33     20.000     19.807    -0.5822    -0.5809     0.0013    -0.5827    -0.5815     0.0013   2.801369   2.801363  -0.000009    34.2810    34.2794     7.6109    27.5536    27.5523    34.2809    27.5535    1445.80    1445.81    -0.5828  1027.6536    34.4461 0.0000e+00
      30114 314.018804  -62.14424  -58.44400     -0.913    1448.33     19.000     18.817    -0.5836    -0.5818     0.0017    -0.5841    -0.5824     0.0017   2.801192   2.801235   0.000047    34.2808    34.2795     7.6062    27.5535    27.5523    34.2807    27.5534    1445.78    1445.79    -0.5841  1027.6488    34.4459 0.0000e+00
      30145 314.018820  -62.14424  -58.44400     -0.788    1448.33     18.000     17.827    -0.5830    -0.5816     0.0014    -0.5836    -0.5822     0.0014   2.801197   2.801196  -0.000007    34.2809    34.2793     7.6059    27.5536    27.5522    34.2808    27.5535    1445.77    1445.77    -0.5835  1027.6440    34.4460 0.0000e+00
      30177 314.018835  -62.14426  -58.44400     -0.738    1448.33     17.000     16.836    -0.5837    -0.5826     0.0011    -0.5842    -0.5831     0.0011   2.801029   2.801036   0.000010    34.2801    34.2790     7.5954    27.5530    27.5520    34.2800    27.5528    1445.75    1445.75    -0.5842  1027.6386    34.4452 0.0000e+00
      30207 314.018849  -62.14426  -58.44400     -0.794    1448.33     16.000     15.846    -0.5846    -0.5831     0.0015    -0.5851    -0.5836     0.0015   2.800658   2.800830   0.000161    34.2771    34.2776     7.6085    27.5506    27.5509    34.2766    27.5501    1445.72    1445.73    -0.5851  1027.6311    34.4417 0.0000e+00
      30233 314.018862  -62.14426 -9.990e-29     -0.873    1448.33     15.000     14.855    -0.5854    -0.5844     0.0010    -0.5858    -0.5849     0.0010   2.800398   2.800411   0.000027    34.2747    34.2739     7.6078    27.5486    27.5480    34.2746    27.5486    1445.70    1445.70    -0.5858  1027.6246    34.4396 0.0000e+00
      30260 314.018875  -62.14427 -9.990e-29     -0.900    1448.33     14.000     13.865    -0.5858    -0.5849     0.0010    -0.5862    -0.5853     0.0010   2.800299   2.800278  -0.000017    34.2744    34.2731     7.6055    27.5484    27.5473    34.2743    27.5484    1445.68    1445.68    -0.5862  1027.6196    34.4392 0.0000e+00
      30291 314.018890  -62.14428  -58.44398     -0.825    1448.33     13.000     12.875    -0.5855    -0.5846     0.0009    -0.5859    -0.5850     0.0009   2.800301   2.800324   0.000019    34.2749    34.2740     7.6023    27.5488    27.5481    34.2747    27.5486    1445.67    1445.67    -0.5859  1027.6151    34.4396 0.0000e+00
      30321 314.018904  -62.14428  -58.44398     -0.774    1448.33     12.000     11.885    -0.5860    -0.5852     0.0008    -0.5864    -0.5855     0.0008   2.800189   2.800136  -0.000054    34.2745    34.2728     7.6118    27.5485    27.5471    34.2743    27.5484    1445.65    1445.65    -0.5864  1027.6103    34.4396 0.0000e+00
      30348 314.018917  -62.14430  -58.44398     -0.856    1448.33     11.000     10.894    -0.5863    -0.5852     0.0011    -0.5867    -0.5855     0.0011   2.800058   2.800084   0.000006    34.2739    34.2728     7.6167    27.5481    27.5471    34.2735    27.5478    1445.63    1445.63    -0.5866  1027.6049    34.4389 0.0000e+00
      30372 314.018929  -62.14431  -58.44398     -0.948    1448.33     10.000      9.904    -0.5897    -0.5873     0.0024    -0.5900    -0.5876     0.0024   2.799599   2.799763   0.000167    34.2723    34.2719     7.6160    27.5469    27.5465    34.2718    27.5465    1445.59    1445.61    -0.5900  1027.5989    34.4371 0.0000e+00
      30400 314.018942  -62.14432  -58.44397     -0.912    1448.33      9.000      8.913    -0.5907    -0.5901     0.0006    -0.5909    -0.5904     0.0006   2.799465   2.799383  -0.000074    34.2720    34.2703     7.6102    27.5467    27.5453    34.2717    27.5465    1445.57    1445.58    -0.5910  1027.5922    34.4347 0.0000e+00
      30436 314.018960 -9.990e-29  -58.44396     -0.710    1448.33      8.000      7.923    -0.5921    -0.5907     0.0014    -0.5923    -0.5909     0.0014   2.799185   2.799263   0.000081    34.2704    34.2698     7.6077    27.5454    27.5450    34.2701    27.5452    1445.55    1445.56    -0.5923  1027.5851    34.4317 0.0000e+00
      30482 314.018982  -62.14434  -58.44396     -0.509    1448.33      7.000      6.933    -0.5937    -0.5930     0.0007    -0.5939    -0.5932     0.0007   2.798878   2.798847  -0.000027    34.2689    34.2677     7.6083    27.5443    27.5433    34.2685    27.5440    1445.52    1445.53    -0.5939  1027.5794    34.4305 0.0000e+00
      30519 314.019000  -62.14434  -58.44396     -0.629    1448.33      6.000      5.942    -0.5945    -0.5937     0.0008    -0.5947    -0.5939     0.0008   2.798706   2.798682  -0.000021    34.2679    34.2667     7.6077    27.5435    27.5425    34.2677    27.5434    1445.50    1445.51    -0.5947  1027.5767    34.4330 0.0000e+00
      30557 314.019018  -62.14434  -58.44396     -0.657    1448.33      5.000      4.952    -0.5941    -0.5937     0.0004    -0.5943    -0.5938     0.0004   2.798703   2.798653  -0.000050    34.2680    34.2668     7.6154    27.5436    27.5426    34.2678    27.5435    1445.49    1445.49    -0.5943  1027.5719    34.4331 0.0000e+00
      30597 314.019037  -62.14436  -58.44396     -0.584    1448.33      4.000      3.962    -0.5940    -0.5933     0.0007    -0.5941    -0.5934     0.0007   2.798687   2.798644  -0.000041    34.2682    34.2668     7.6064    27.5437    27.5426    34.2681    27.5436    1445.47    1445.47    -0.5941  1027.5671    34.4331 0.0000e+00
      30652 314.019064  -62.14438  -58.44394     -0.429    1448.33      3.000      2.981    -0.5932    -0.5929     0.0002    -0.5932    -0.5930     0.0002   2.798733   2.798640  -0.000098    34.2685    34.2669     7.6040    27.5439    27.5427    34.2684    27.5439    1445.46    1445.46    -0.5933  1027.5621    34.4329 0.0000e+00
