Pos-Processados/process_op42/Processamento_split/up/uoperantar42_032.cnv
* Sea-Bird SBE 9 Data File:
* FileName = C:\Users\Hidrografia\Desktop\OPXLII\Brutos\OP42032.hdr
* Software Version Seasave V 7.26.7.107
* Temperature SN = 6502
* Conductivity SN = 4998
* Number of Bytes Per Scan = 37
* Number of Voltage Words = 4
* Number of Scans Averaged by the Deck Unit = 1
* NMEA Latitude = 62 08.42 S
* NMEA Longitude = 058 26.62 W
* NMEA UTC (Time) = Nov 09 2023 07:09:23
* NMEA baud rate = 4800
** H41
** NPOALTEMAXIMIANO
** NUMERO DA ESTACAO (XXX) 032
** LAT (XX XX.XX S/N) 62 08.4 S
** LONG (XXX XX.XX W/E) 058 26.6 W
** DATAHORA (dd/mm/aaaa hh:mm Z) 09/11/2023 0708Z
** PROFUNDIDADE (m) 425
** OPERADOR CT FABIREZA
# nquan = 30
# nvalues = 387                         
# units = specified
# name 0 = scan: Scan Count
# name 1 = timeJ: Julian Days
# name 2 = latitude: Latitude [deg]
# name 3 = longitude: Longitude [deg]
# name 4 = dz/dtM: Descent Rate [m/s]
# name 5 = avgsvCM: Average Sound Velocity [Chen-Millero, m/s]
# name 6 = prDM: Pressure, Digiquartz [db]
# name 7 = depSM: Depth [salt water, m]
# name 8 = t090C: Temperature [ITS-90, deg C]
# name 9 = t190C: Temperature, 2 [ITS-90, deg C]
# name 10 = T2-T190C: Temperature Difference, 2 - 1 [ITS-90, deg C]
# name 11 = potemp090C: Potential Temperature [ITS-90, deg C]
# name 12 = potemp190C: Potential Temperature, 2 [ITS-90, deg C]
# name 13 = potemp90Cdiff: Potential Temperature, Diff, 2 - 1 [ITS-90, deg C]
# name 14 = c0S/m: Conductivity [S/m]
# name 15 = c1S/m: Conductivity, 2 [S/m]
# name 16 = C2-C1S/m: Conductivity Difference, 2 - 1 [S/m]
# name 17 = sal00: Salinity, Practical [PSU]
# name 18 = sal11: Salinity, Practical, 2 [PSU]
# name 19 = sbeox0ML/L: Oxygen, SBE 43 [ml/l]
# name 20 = sigma-é00: Density [sigma-theta, kg/m^3]
# name 21 = sigma-é11: Density, 2 [sigma-theta, kg/m^3]
# name 22 = sal00: Salinity, Practical [PSU]
# name 23 = sigma-é00: Density [sigma-theta, kg/m^3]
# name 24 = svCM: Sound Velocity [Chen-Millero, m/s]
# name 25 = svCM1: Sound Velocity, 2 [Chen-Millero, m/s]
# name 26 = gsw_ptA0: potential temperature [ITS-90, deg C]
# name 27 = gsw_densityA0: density, TEOS-10 [density, kg/m^3]
# name 28 = gsw_saA0: Absolute Salinity [g/kg]
# name 29 = flag:
# span 0 =      15955,      26939       
# span 1 = 313.305877, 313.311174       
# span 2 =  -62.14520,  -62.14329       
# span 3 =  -58.44201,  -58.44076       
# span 4 =     -1.137,     -0.257       
# span 5 =    1448.31,    1448.31       
# span 6 =      1.000,    387.000       
# span 7 =      0.999,    382.921       
# span 8 =    -0.8345,    -0.5538       
# span 9 =    -0.8336,    -0.5538       
# span 10 =    -0.0105,     0.0221      
# span 11 =    -0.8423,    -0.5576      
# span 12 =    -0.8414,    -0.5568      
# span 13 =    -0.0105,     0.0220      
# span 14 =   2.792831,   2.827139      
# span 15 =   2.792806,   2.827136      
# span 16 =  -0.001011,   0.002255      
# span 17 =    34.2846,    34.4127      
# span 18 =    34.2832,    34.4118      
# span 19 =     6.6532,     7.6365      
# span 20 =    27.5555,    27.6612      
# span 21 =    27.5548,    27.6604      
# span 22 =    34.2846,    34.4127      
# span 23 =    27.5555,    27.6612      
# span 24 =    1445.61,    1451.91      
# span 25 =    1445.61,    1451.91      
# span 26 =    -0.8421,    -0.5576      
# span 27 =  1027.5653,  1029.5118      
# span 28 =    34.4468,    34.5813      
# span 29 = 0.0000e+00, 0.0000e+00      
# interval = decibars: 1                
# start_time = Nov 09 2023 07:09:23 [NMEA time, header]
# bad_flag = -9.990e-29
*END*
[from data line 49]
      17586 313.306663  -62.14358 -9.990e-29     -0.939    1448.31    338.000    334.484    -0.5840    -0.5831     0.0009    -0.5951    -0.5941     0.0009   2.822469   2.822486   0.000005    34.3721    34.3712     6.9170    27.6279    27.6271    34.3718    27.6276    1451.09    1451.10    -0.5948  1029.2473    34.5423 0.0000e+00
      17617 313.306678  -62.14358  -58.44180     -0.786    1448.31    337.000    333.494    -0.5849    -0.5834     0.0015    -0.5960    -0.5944     0.0015   2.822347   2.822410   0.000077    34.3719    34.3713     6.9105    27.6278    27.6272    34.3718    27.6277    1451.07    1451.08    -0.5957  1029.2409    34.5401 0.0000e+00
      17648 313.306693  -62.14358  -58.44180     -0.751    1448.31    336.000    332.506    -0.5881    -0.5861     0.0020    -0.5991    -0.5971     0.0020   2.821944   2.822084   0.000114    34.3712    34.3705     6.9222    27.6273    27.6267    34.3706    27.6268    1451.04    1451.05    -0.5989  1029.2350    34.5385 0.0000e+00
      17674 313.306706  -62.14358  -58.44180     -0.868    1448.31    335.000    331.517    -0.5886    -0.5866     0.0021    -0.5996    -0.5975     0.0021   2.821843   2.821951   0.000122    34.3707    34.3699     6.9097    27.6269    27.6262    34.3705    27.6268    1451.02    1451.03    -0.5993  1029.2303    34.5384 0.0000e+00
      17698 313.306717  -62.14360  -58.44180     -0.988    1448.31    334.000    330.528    -0.5880    -0.5868     0.0012    -0.5989    -0.5977     0.0012   2.821867   2.821904   0.000039    34.3708    34.3700     6.9191    27.6270    27.6263    34.3707    27.6269    1451.01    1451.01    -0.5987  1029.2256    34.5386 0.0000e+00
      17723 313.306729  -62.14360  -58.44180     -0.983    1448.31    333.000    329.540    -0.5875    -0.5869     0.0007    -0.5984    -0.5977     0.0007   2.821885   2.821857  -0.000022    34.3711    34.3700     6.9205    27.6273    27.6263    34.3710    27.6272    1450.99    1451.00    -0.5982  1029.2211    34.5390 0.0000e+00
      17754 313.306745  -62.14360  -58.44180     -0.817    1448.31    332.000    328.550    -0.5881    -0.5870     0.0011    -0.5989    -0.5979     0.0011   2.821777   2.821805   0.000026    34.3710    34.3701     6.9294    27.6272    27.6264    34.3708    27.6270    1450.98    1450.98    -0.5987  1029.2162    34.5387 0.0000e+00
      17786 313.306760  -62.14360  -58.44179     -0.729    1448.31    331.000    327.562    -0.5930    -0.5896     0.0034    -0.6038    -0.6004     0.0034   2.821192   2.821478   0.000266    34.3700    34.3697     6.9261    27.6265    27.6262    34.3690    27.6258    1450.93    1450.95    -0.6036  1029.2103    34.5370 0.0000e+00
      17811 313.306772  -62.14362  -58.44178     -0.867    1448.31    330.000    326.573    -0.5965    -0.5923     0.0042    -0.6072    -0.6030     0.0042   2.820802   2.821117   0.000327    34.3690    34.3686     6.9205    27.6259    27.6254    34.3684    27.6254    1450.90    1450.92    -0.6070  1029.2068    34.5383 0.0000e+00
      17833 313.306782  -62.14362 -9.990e-29     -1.027    1448.31    329.000    325.584    -0.5987    -0.5996    -0.0008    -0.6095    -0.6103    -0.0008   2.820545   2.820337  -0.000167    34.3687    34.3674     6.9292    27.6258    27.6247    34.3681    27.6253    1450.87    1450.87    -0.6092  1029.2024    34.5386 0.0000e+00
      17855 313.306793  -62.14362 -9.990e-29     -1.111    1448.31    328.000    324.595    -0.6014    -0.6016    -0.0002    -0.6121    -0.6123    -0.0002   2.820159   2.820099  -0.000100    34.3675    34.3663     6.9244    27.6249    27.6240    34.3666    27.6242    1450.84    1450.84    -0.6119  1029.1966    34.5370 0.0000e+00
      17879 313.306805  -62.14362 -9.990e-29     -1.060    1448.31    327.000    323.606    -0.6051    -0.6014     0.0037    -0.6157    -0.6121     0.0037   2.819771   2.820095   0.000284    34.3668    34.3665     6.9325    27.6245    27.6241    34.3661    27.6239    1450.81    1450.82    -0.6155  1029.1916    34.5365 0.0000e+00
      17909 313.306819  -62.14362  -58.44176     -0.866    1448.31    326.000    322.617    -0.6114    -0.5994     0.0119    -0.6219    -0.6100     0.0119   2.819064   2.820207   0.001149    34.3654    34.3673     6.9497    27.6236    27.6247    34.3643    27.6227    1450.76    1450.82    -0.6217  1029.1815    34.5295 0.0000e+00
      17938 313.306833 -9.990e-29  -58.44176     -0.788    1448.31    325.000    321.629    -0.6167    -0.6141     0.0026    -0.6272    -0.6246     0.0026   2.818361   2.818607   0.000226    34.3630    34.3631     6.9587    27.6219    27.6219    34.3614    27.6206    1450.71    1450.73    -0.6270  1029.1722    34.5234 0.0000e+00
      17962 313.306845 -9.990e-29  -58.44176     -0.902    1448.31    324.000    320.640    -0.6250    -0.6204     0.0046    -0.6354    -0.6309     0.0046   2.817351   2.817751   0.000453    34.3596    34.3605     6.9699    27.6195    27.6200    34.3579    27.6181    1450.65    1450.68    -0.6352  1029.1651    34.5199 0.0000e+00
      17983 313.306855 -9.990e-29  -58.44176     -1.055    1448.31    323.000    319.651    -0.6284    -0.6337    -0.0053    -0.6388    -0.6441    -0.0053   2.816942   2.816243  -0.000626    34.3584    34.3560     6.9670    27.6187    27.6170    34.3569    27.6175    1450.62    1450.59    -0.6386  1029.1597    34.5189 0.0000e+00
      18005 313.306865 -9.990e-29  -58.44176     -1.137    1448.31    322.000    318.662    -0.6389    -0.6448    -0.0059    -0.6493    -0.6552    -0.0059   2.815504   2.814993  -0.000559    34.3532    34.3524     6.9822    27.6149    27.6145    34.3500    27.6124    1450.54    1450.52    -0.6491  1029.1500    34.5120 0.0000e+00
      18028 313.306877  -62.14366  -58.44176     -1.079    1448.31    321.000    317.674    -0.6573    -0.6491     0.0082    -0.6676    -0.6594     0.0082   2.813614   2.814586   0.000839    34.3489    34.3509     7.0024    27.6122    27.6135    34.3460    27.6099    1450.44    1450.48    -0.6674  1029.1469    34.5128 0.0000e+00
      18058 313.306891  -62.14366  -58.44176     -0.872    1448.31    320.000    316.684    -0.6598    -0.6378     0.0221    -0.6700    -0.6480     0.0220   2.813407   2.815739   0.002255    34.3480    34.3533     7.0158    27.6116    27.6150    34.3467    27.6105    1450.41    1450.52    -0.6698  1029.1436    34.5145 0.0000e+00
      18090 313.306906  -62.14366  -58.44174     -0.754    1448.31    319.000    315.696    -0.6651    -0.6632     0.0019    -0.6752    -0.6733     0.0019   2.812647   2.812953   0.000425    34.3456    34.3491     7.0643    27.6099    27.6126    34.3430    27.6078    1450.36    1450.38    -0.6750  1029.1361    34.5108 0.0000e+00
      18116 313.306919  -62.14366  -58.44174     -0.845    1448.31    318.000    314.707    -0.6767    -0.6690     0.0076    -0.6867    -0.6791     0.0076   2.811444   2.812211   0.000751    34.3424    34.3439     7.1030    27.6078    27.6087    34.3404    27.6062    1450.29    1450.33    -0.6865  1029.1299    34.5082 0.0000e+00
      18140 313.306930  -62.14366  -58.44174     -0.963    1448.31    317.000    313.718    -0.6814    -0.6788     0.0027    -0.6914    -0.6888     0.0026   2.810861   2.811114   0.000305    34.3410    34.3421     7.1224    27.6069    27.6076    34.3386    27.6049    1450.25    1450.26    -0.6912  1029.1239    34.5064 0.0000e+00
      18164 313.306942  -62.14367  -58.44174     -1.002    1448.31    316.000    312.729    -0.6878    -0.6859     0.0019    -0.6978    -0.6959     0.0019   2.810209   2.810341   0.000146    34.3395    34.3393     7.1442    27.6059    27.6057    34.3376    27.6044    1450.20    1450.21    -0.6976  1029.1187    34.5054 0.0000e+00
      18189 313.306954  -62.14368  -58.44174     -0.979    1448.31    315.000    311.740    -0.6910    -0.6880     0.0030    -0.7010    -0.6980     0.0030   2.809836   2.810110   0.000257    34.3388    34.3388     7.1469    27.6054    27.6054    34.3369    27.6039    1450.17    1450.18    -0.7007  1029.1136    34.5047 0.0000e+00
      18215 313.306967  -62.14368  -58.44173     -0.941    1448.31    314.000    310.751    -0.6944    -0.6901     0.0043    -0.7043    -0.7000     0.0043   2.809496   2.809871   0.000388    34.3382    34.3385     7.1696    27.6051    27.6052    34.3367    27.6039    1450.14    1450.16    -0.7041  1029.1088    34.5045 0.0000e+00
      18239 313.306978  -62.14368  -58.44172     -0.955    1448.31    313.000    309.762    -0.6951    -0.6931     0.0020    -0.7050    -0.7030     0.0020   2.809344   2.809493   0.000165    34.3373    34.3373     7.1871    27.6045    27.6044    34.3361    27.6035    1450.12    1450.13    -0.7048  1029.1036    34.5039 0.0000e+00
      18263 313.306990  -62.14369  -58.44172     -1.000    1448.31    312.000    308.773    -0.6964    -0.6942     0.0023    -0.7063    -0.7040     0.0023   2.809169   2.809328   0.000155    34.3371    34.3366     7.1851    27.6043    27.6038    34.3358    27.6033    1450.09    1450.10    -0.7060  1029.0987    34.5036 0.0000e+00
      18287 313.307001  -62.14370  -58.44172     -1.010    1448.31    311.000    307.785    -0.6980    -0.6961     0.0019    -0.7078    -0.7059     0.0019   2.808947   2.809086   0.000143    34.3364    34.3362     7.2020    27.6038    27.6036    34.3352    27.6028    1450.07    1450.08    -0.7076  1029.0935    34.5030 0.0000e+00
      18317 313.307016  -62.14370  -58.44172     -0.885    1448.31    310.000    306.795    -0.7012    -0.6935     0.0077    -0.7110    -0.7032     0.0077   2.808630   2.809311   0.000661    34.3361    34.3363     7.1986    27.6038    27.6036    34.3352    27.6030    1450.04    1450.08    -0.7107  1029.0889    34.5030 0.0000e+00
      18350 313.307032  -62.14370  -58.44172     -0.727    1448.31    309.000    305.806    -0.7011    -0.6964     0.0048    -0.7109    -0.7061     0.0048   2.808574   2.808987   0.000433    34.3359    34.3363     7.1957    27.6036    27.6037    34.3350    27.6028    1450.02    1450.04    -0.7106  1029.0840    34.5027 0.0000e+00
      18382 313.307047  -62.14371  -58.44171     -0.733    1448.31    308.000    304.818    -0.7032    -0.7016     0.0016    -0.7129    -0.7113     0.0016   2.808314   2.808402   0.000094    34.3352    34.3347     7.2178    27.6031    27.6026    34.3344    27.6024    1450.00    1450.00    -0.7126  1029.0789    34.5022 0.0000e+00
      18412 313.307062  -62.14372  -58.44170     -0.786    1448.31    307.000    303.829    -0.7041    -0.7026     0.0014    -0.7137    -0.7123     0.0014   2.808185   2.808246   0.000065    34.3350    34.3342     7.2029    27.6029    27.6022    34.3343    27.6024    1449.98    1449.98    -0.7135  1029.0718    34.4993 0.0000e+00
      18441 313.307076 -9.990e-29 -9.990e-29     -0.825    1448.31    306.000    302.839    -0.7053    -0.7033     0.0020    -0.7149    -0.7129     0.0020   2.807988   2.808133   0.000137    34.3345    34.3341     7.2193    27.6026    27.6022    34.3336    27.6019    1449.95    1449.96    -0.7147  1029.0659    34.4977 0.0000e+00
      18470 313.307090 -9.990e-29 -9.990e-29     -0.834    1448.31    305.000    301.851    -0.7101    -0.7069     0.0032    -0.7197    -0.7165     0.0032   2.807455   2.807719   0.000258    34.3335    34.3334     7.2078    27.6020    27.6018    34.3325    27.6012    1449.91    1449.93    -0.7194  1029.0605    34.4965 0.0000e+00
      18499 313.307104  -62.14374  -58.44168     -0.821    1448.31    304.000    300.862    -0.7144    -0.7105     0.0039    -0.7239    -0.7200     0.0039   2.807022   2.807310   0.000308    34.3330    34.3327     7.2224    27.6018    27.6014    34.3321    27.6010    1449.87    1449.89    -0.7237  1029.0565    34.4972 0.0000e+00
      18527 313.307117  -62.14374  -58.44168     -0.850    1448.31    303.000    299.873    -0.7183    -0.7162     0.0021    -0.7278    -0.7257     0.0021   2.806547   2.806700   0.000136    34.3320    34.3314     7.2221    27.6011    27.6005    34.3307    27.6001    1449.84    1449.85    -0.7275  1029.0529    34.4985 0.0000e+00
      18553 313.307130  -62.14374  -58.44168     -0.893    1448.31    302.000    298.884    -0.7240    -0.7184     0.0055    -0.7334    -0.7278     0.0055   2.805988   2.806427   0.000439    34.3313    34.3310     7.2314    27.6008    27.6003    34.3302    27.5999    1449.79    1449.82    -0.7332  1029.0480    34.4980 0.0000e+00
      18578 313.307142  -62.14374  -58.44168     -0.942    1448.31    301.000    297.895    -0.7269    -0.7239     0.0030    -0.7363    -0.7333     0.0030   2.805647   2.805889   0.000243    34.3306    34.3305     7.2493    27.6004    27.6001    34.3296    27.5995    1449.76    1449.78    -0.7361  1029.0429    34.4973 0.0000e+00
      18604 313.307154  -62.14374  -58.44168     -0.949    1448.31    300.000    296.906    -0.7296    -0.7263     0.0032    -0.7389    -0.7357     0.0032   2.805395   2.805608   0.000216    34.3308    34.3300     7.2438    27.6006    27.5999    34.3298    27.5998    1449.74    1449.75    -0.7387  1029.0384    34.4975 0.0000e+00
      18631 313.307167  -62.14376  -58.44168     -0.897    1448.31    299.000    295.917    -0.7313    -0.7292     0.0021    -0.7406    -0.7385     0.0021   2.805201   2.805295   0.000117    34.3304    34.3296     7.2476    27.6003    27.5997    34.3297    27.5998    1449.71    1449.72    -0.7404  1029.0337    34.4974 0.0000e+00
      18659 313.307181  -62.14376  -58.44166     -0.860    1448.31    298.000    294.928    -0.7347    -0.7314     0.0032    -0.7439    -0.7407     0.0032   2.804801   2.805041   0.000222    34.3301    34.3294     7.2682    27.6003    27.5996    34.3288    27.5992    1449.68    1449.69    -0.7437  1029.0283    34.4965 0.0000e+00
      18687 313.307194  -62.14376  -58.44166     -0.841    1448.31    297.000    293.939    -0.7427    -0.7394     0.0033    -0.7519    -0.7486     0.0033   2.803980   2.804242   0.000275    34.3286    34.3286     7.2602    27.5994    27.5992    34.3273    27.5983    1449.62    1449.64    -0.7517  1029.0229    34.4950 0.0000e+00
      18713 313.307207  -62.14376  -58.44166     -0.905    1448.31    296.000    292.951    -0.7442    -0.7422     0.0020    -0.7533    -0.7514     0.0020   2.803841   2.803944   0.000111    34.3285    34.3278     7.2612    27.5994    27.5987    34.3278    27.5987    1449.60    1449.60    -0.7531  1029.0202    34.4975 0.0000e+00
      18737 313.307218  -62.14377 -9.990e-29     -0.976    1448.31    295.000    291.961    -0.7443    -0.7431     0.0012    -0.7534    -0.7522     0.0012   2.803747   2.803791   0.000041    34.3282    34.3273     7.2704    27.5991    27.5983    34.3273    27.5983    1449.58    1449.59    -0.7532  1029.0153    34.4974 0.0000e+00
      18760 313.307229  -62.14378 -9.990e-29     -1.017    1448.31    294.000    290.972    -0.7487    -0.7438     0.0049    -0.7578    -0.7528     0.0049   2.803246   2.803682   0.000396    34.3275    34.3273     7.2696    27.5987    27.5983    34.3261    27.5976    1449.54    1449.57    -0.7576  1029.0098    34.4962 0.0000e+00
      18783 313.307241  -62.14378 -9.990e-29     -1.047    1448.31    293.000    289.983    -0.7526    -0.7477     0.0049    -0.7617    -0.7568     0.0049   2.802899   2.803248   0.000377    34.3274    34.3269     7.2806    27.5988    27.5982    34.3265    27.5980    1449.51    1449.53    -0.7614  1029.0056    34.4966 0.0000e+00
      18807 313.307252  -62.14378  -58.44164     -1.023    1448.31    292.000    288.994    -0.7515    -0.7508     0.0006    -0.7605    -0.7598     0.0006   2.802946   2.802953   0.000027    34.3269    34.3265     7.2956    27.5983    27.5980    34.3264    27.5980    1449.50    1449.50    -0.7603  1028.9995    34.4951 0.0000e+00
