Pos-Processados/process_op42/Processamento_split/up/uoperantar42_050.cnv
* Sea-Bird SBE 9 Data File:
* FileName = C:\Users\Hidrografia\Desktop\OPXLII\Brutos\OP42050.hdr
* Software Version Seasave V 7.26.7.107
* Temperature SN = 6502
* Conductivity SN = 4998
* Number of Bytes Per Scan = 37
* Number of Voltage Words = 4
* Number of Scans Averaged by the Deck Unit = 1
* NMEA Latitude = 62 08.29 S
* NMEA Longitude = 058 26.27 W
* NMEA UTC (Time) = Nov 10 2023 01:03:24
* NMEA baud rate = 4800
** H41
** NPOALTEMAXIMIANO
** NUMERO DA ESTACAO (XXX) 50
** LAT (XX XX.XX S/N) 62 08. S
** LONG (XXX XX.XX W/E) 058 26. W
** DATAHORA (dd/mm/aaaa hh:mm Z) 10/11/2023 0105Z
** PROFUNDIDADE (m) 424
** OPERADOR CT FILIPE LOPES
# nquan = 30
# nvalues = 363                         
# units = specified
# name 0 = scan: Scan Count
# name 1 = timeJ: Julian Days
# name 2 = latitude: Latitude [deg]
# name 3 = longitude: Longitude [deg]
# name 4 = dz/dtM: Descent Rate [m/s]
# name 5 = avgsvCM: Average Sound Velocity [Chen-Millero, m/s]
# name 6 = prDM: Pressure, Digiquartz [db]
# name 7 = depSM: Depth [salt water, m]
# name 8 = t090C: Temperature [ITS-90, deg C]
# name 9 = t190C: Temperature, 2 [ITS-90, deg C]
# name 10 = T2-T190C: Temperature Difference, 2 - 1 [ITS-90, deg C]
# name 11 = potemp090C: Potential Temperature [ITS-90, deg C]
# name 12 = potemp190C: Potential Temperature, 2 [ITS-90, deg C]
# name 13 = potemp90Cdiff: Potential Temperature, Diff, 2 - 1 [ITS-90, deg C]
# name 14 = c0S/m: Conductivity [S/m]
# name 15 = c1S/m: Conductivity, 2 [S/m]
# name 16 = C2-C1S/m: Conductivity Difference, 2 - 1 [S/m]
# name 17 = sal00: Salinity, Practical [PSU]
# name 18 = sal11: Salinity, Practical, 2 [PSU]
# name 19 = sbeox0ML/L: Oxygen, SBE 43 [ml/l]
# name 20 = sigma-é00: Density [sigma-theta, kg/m^3]
# name 21 = sigma-é11: Density, 2 [sigma-theta, kg/m^3]
# name 22 = sal00: Salinity, Practical [PSU]
# name 23 = sigma-é00: Density [sigma-theta, kg/m^3]
# name 24 = svCM: Sound Velocity [Chen-Millero, m/s]
# name 25 = svCM1: Sound Velocity, 2 [Chen-Millero, m/s]
# name 26 = gsw_ptA0: potential temperature [ITS-90, deg C]
# name 27 = gsw_densityA0: density, TEOS-10 [density, kg/m^3]
# name 28 = gsw_saA0: Absolute Salinity [g/kg]
# name 29 = flag:
# span 0 =      17698,      29041       
# span 1 = 314.052562, 314.058032       
# span 2 =  -62.14173,  -62.14058       
# span 3 =  -58.42855,  -58.42253       
# span 4 =     -1.024,     -0.076       
# span 5 =    1448.13,    1448.13       
# span 6 =      3.000,    365.000       
# span 7 =      2.976,    361.179       
# span 8 =    -0.8138,    -0.5096       
# span 9 =    -0.8129,    -0.5093       
# span 10 =    -0.0094,     0.0209      
# span 11 =    -0.8197,    -0.5219      
# span 12 =    -0.8188,    -0.5215      
# span 13 =    -0.0094,     0.0209      
# span 14 =   2.791844,   2.833309      
# span 15 =   2.791812,   2.833229      
# span 16 =  -0.000842,   0.001934      
# span 17 =    34.2730,    34.4180      
# span 18 =    34.2722,    34.4171      
# span 19 =     6.5940,     7.6631      
# span 20 =    27.5463,    27.6619      
# span 21 =    27.5456,    27.6610      
# span 22 =    34.2731,    34.4180      
# span 23 =    27.5464,    27.6618      
# span 24 =    1445.60,    1451.94      
# span 25 =    1445.60,    1451.94      
# span 26 =    -0.8195,    -0.5216      
# span 27 =  1027.5629,  1029.4067      
# span 28 =    34.4355,    34.5863      
# span 29 = 0.0000e+00, 0.0000e+00      
# interval = decibars: 1                
# start_time = Nov 10 2023 01:03:24 [NMEA time, header]
# bad_flag = -9.990e-29
*END*
[from data line 49]
      19150 314.053262  -62.14072  -58.42775     -0.840    1448.13    316.000    312.729    -0.6562    -0.6519     0.0044    -0.6663    -0.6619     0.0044   2.813698   2.814091   0.000386    34.3511    34.3513     7.0842    27.6139    27.6139    34.3489    27.6122    1450.37    1450.39    -0.6661  1029.1262    34.5168 0.0000e+00
      19179 314.053276  -62.14072  -58.42774     -0.828    1448.13    315.000    311.740    -0.6635    -0.6576     0.0059    -0.6735    -0.6676     0.0059   2.812906   2.813441   0.000521    34.3486    34.3489     7.0797    27.6122    27.6123    34.3470    27.6110    1450.31    1450.34    -0.6733  1029.1184    34.5124 0.0000e+00
      19206 314.053289 -9.990e-29  -58.42772     -0.863    1448.13    314.000    310.751    -0.6681    -0.6621     0.0061    -0.6781    -0.6720     0.0061   2.812233   2.812897   0.000636    34.3461    34.3478     7.0921    27.6105    27.6116    34.3438    27.6086    1450.27    1450.30    -0.6779  1029.1085    34.5057 0.0000e+00
      19230 314.053301 -9.990e-29  -58.42770     -0.962    1448.13    313.000    309.762    -0.6796    -0.6688     0.0108    -0.6895    -0.6787     0.0107   2.811059   2.812087   0.001026    34.3441    34.3458     7.1180    27.6093    27.6102    34.3416    27.6073    1450.20    1450.25    -0.6893  1029.1025    34.5035 0.0000e+00
      19256 314.053313 -9.990e-29  -58.42770     -0.968    1448.13    312.000    308.773    -0.6906    -0.6800     0.0105    -0.7004    -0.6899     0.0105   2.810016   2.811004   0.000933    34.3426    34.3433     7.1160    27.6086    27.6087    34.3406    27.6069    1450.13    1450.18    -0.7002  1029.0975    34.5025 0.0000e+00
      19286 314.053328  -62.14074  -58.42767     -0.821    1448.13    311.000    307.784    -0.6962    -0.6752     0.0209    -0.7060    -0.6851     0.0209   2.809500   2.811421   0.001934    34.3423    34.3446     7.1343    27.6085    27.6095    34.3406    27.6072    1450.09    1450.19    -0.7058  1029.0962    34.5064 0.0000e+00
      19317 314.053343  -62.14074  -58.42766     -0.764    1448.13    310.000    306.798    -0.6956    -0.6920     0.0036    -0.7054    -0.7018     0.0035   2.809398   2.809772   0.000410    34.3407    34.3422     7.1675    27.6072    27.6083    34.3392    27.6060    1450.07    1450.09    -0.7051  1029.0918    34.5070 0.0000e+00
      19349 314.053358  -62.14074  -58.42764     -0.771    1448.13    309.000    305.804    -0.6979    -0.6964     0.0014    -0.7076    -0.7062     0.0014   2.809130   2.809208   0.000089    34.3401    34.3397     7.1883    27.6068    27.6064    34.3388    27.6058    1450.04    1450.05    -0.7074  1029.0869    34.5066 0.0000e+00
      19379 314.053373  -62.14074  -58.42764     -0.775    1448.13    308.000    304.818    -0.7027    -0.6992     0.0036    -0.7124    -0.7088     0.0036   2.808586   2.808884   0.000301    34.3391    34.3391     7.2105    27.6063    27.6061    34.3376    27.6050    1450.00    1450.02    -0.7122  1029.0814    34.5053 0.0000e+00
      19410 314.053388  -62.14074  -58.42761     -0.788    1448.13    307.000    303.829    -0.7071    -0.7049     0.0022    -0.7167    -0.7145     0.0022   2.808172   2.808298   0.000140    34.3388    34.3382     7.1991    27.6062    27.6056    34.3375    27.6051    1449.96    1449.97    -0.7165  1029.0768    34.5053 0.0000e+00
      19438 314.053402  -62.14074  -58.42759     -0.814    1448.13    306.000    302.840    -0.7131    -0.7111     0.0019    -0.7227    -0.7207     0.0019   2.807470   2.807582   0.000118    34.3373    34.3367     7.1973    27.6052    27.6046    34.3354    27.6037    1449.92    1449.93    -0.7224  1029.0707    34.5032 0.0000e+00
      19468 314.053416  -62.14076  -58.42758     -0.840    1448.13    305.000    301.851    -0.7239    -0.7165     0.0074    -0.7334    -0.7260     0.0074   2.806352   2.807031   0.000645    34.3349    34.3353     7.2107    27.6037    27.6037    34.3332    27.6023    1449.85    1449.88    -0.7332  1029.0647    34.5009 0.0000e+00
      19498 314.053430  -62.14076  -58.42756     -0.771    1448.13    304.000    300.862    -0.7256    -0.7225     0.0031    -0.7351    -0.7320     0.0031   2.806159   2.806365   0.000257    34.3342    34.3341     7.2059    27.6032    27.6030    34.3331    27.6023    1449.82    1449.84    -0.7349  1029.0600    34.5009 0.0000e+00
      19527 314.053444  -62.14076  -58.42755     -0.827    1448.13    303.000    299.873    -0.7360    -0.7269     0.0092    -0.7455    -0.7363     0.0092   2.804901   2.805815   0.000861    34.3318    34.3330     7.2309    27.6017    27.6023    34.3286    27.5991    1449.75    1449.80    -0.7452  1029.0521    34.4963 0.0000e+00
      19558 314.053459  -62.14076  -58.42753     -0.802    1448.13    302.000    298.884    -0.7504    -0.7422     0.0082    -0.7597    -0.7516     0.0082   2.803567   2.804307   0.000703    34.3292    34.3294     7.2505    27.6002    27.6000    34.3275    27.5988    1449.67    1449.71    -0.7595  1029.0472    34.4952 0.0000e+00
      19594 314.053477  -62.14076  -58.42752     -0.671    1448.13    301.000    297.895    -0.7491    -0.7388     0.0103    -0.7584    -0.7482     0.0102   2.803482   2.804503   0.001094    34.3272    34.3304     7.2657    27.5985    27.6006    34.3255    27.5971    1449.65    1449.70    -0.7582  1029.0407    34.4932 0.0000e+00
      19623 314.053491  -62.14076  -58.42749     -0.763    1448.13    300.000    296.906    -0.7602    -0.7573     0.0029    -0.7695    -0.7666     0.0029   2.802341   2.802613   0.000254    34.3251    34.3253     7.3040    27.5973    27.5973    34.3233    27.5958    1449.58    1449.60    -0.7692  1029.0348    34.4910 0.0000e+00
      19649 314.053503  -62.14076  -58.42748     -0.904    1448.13    299.000    295.917    -0.7626    -0.7609     0.0017    -0.7718    -0.7701     0.0017   2.802082   2.802190   0.000127    34.3245    34.3243     7.3086    27.5969    27.5967    34.3231    27.5957    1449.56    1449.56    -0.7716  1029.0300    34.4908 0.0000e+00
      19675 314.053516  -62.14076  -58.42747     -0.918    1448.13    298.000    294.928    -0.7635    -0.7617     0.0018    -0.7726    -0.7709     0.0018   2.801984   2.802077   0.000104    34.3244    34.3238     7.3103    27.5968    27.5962    34.3233    27.5960    1449.53    1449.54    -0.7724  1029.0241    34.4894 0.0000e+00
      19703 314.053529  -62.14078  -58.42746     -0.868    1448.13    297.000    293.939    -0.7641    -0.7621     0.0019    -0.7732    -0.7713     0.0019   2.801886   2.801996   0.000116    34.3245    34.3239     7.3367    27.5970    27.5964    34.3233    27.5959    1449.52    1449.52    -0.7730  1029.0190    34.4889 0.0000e+00
      19732 314.053543  -62.14078  -58.42744     -0.855    1448.13    296.000    292.951    -0.7660    -0.7642     0.0018    -0.7751    -0.7733     0.0018   2.801662   2.801765   0.000110    34.3241    34.3235     7.3405    27.5967    27.5961    34.3231    27.5959    1449.49    1449.50    -0.7749  1029.0159    34.4908 0.0000e+00
      19760 314.053556  -62.14078  -58.42742     -0.847    1448.13    295.000    291.961    -0.7672    -0.7655     0.0017    -0.7763    -0.7746     0.0017   2.801522   2.801588   0.000082    34.3239    34.3231     7.3312    27.5966    27.5958    34.3232    27.5960    1449.47    1449.48    -0.7760  1029.0112    34.4909 0.0000e+00
      19786 314.053569  -62.14078  -58.42742     -0.892    1448.13    294.000    290.972    -0.7652    -0.7656    -0.0003    -0.7743    -0.7746    -0.0003   2.801615   2.801535  -0.000065    34.3233    34.3228     7.3390    27.5960    27.5956    34.3228    27.5956    1449.46    1449.46    -0.7740  1029.0061    34.4905 0.0000e+00
      19812 314.053582  -62.14078  -58.42740     -0.933    1448.13    293.000    289.983    -0.7659    -0.7648     0.0011    -0.7749    -0.7738     0.0011   2.801515   2.801547   0.000026    34.3235    34.3226     7.3456    27.5962    27.5954    34.3229    27.5957    1449.44    1449.44    -0.7747  1029.0014    34.4905 0.0000e+00
      19841 314.053596  -62.14078  -58.42738     -0.863    1448.13    292.000    288.994    -0.7658    -0.7645     0.0013    -0.7747    -0.7735     0.0013   2.801489   2.801536   0.000058    34.3233    34.3227     7.3380    27.5961    27.5955    34.3229    27.5957    1449.43    1449.43    -0.7745  1028.9967    34.4906 0.0000e+00
      19871 314.053610  -62.14078  -58.42737     -0.787    1448.13    291.000    288.005    -0.7645    -0.7642     0.0003    -0.7735    -0.7732     0.0003   2.801544   2.801508  -0.000028    34.3231    34.3224     7.3526    27.5958    27.5952    34.3229    27.5956    1449.41    1449.42    -0.7732  1028.9918    34.4906 0.0000e+00
      19897 314.053623  -62.14078  -58.42735     -0.867    1448.13    290.000    287.017    -0.7642    -0.7636     0.0006    -0.7731    -0.7725     0.0006   2.801516   2.801511  -0.000009    34.3232    34.3224     7.3438    27.5959    27.5952    34.3228    27.5955    1449.40    1449.40    -0.7729  1028.9869    34.4904 0.0000e+00
      19927 314.053637  -62.14080  -58.42734     -0.858    1448.13    289.000    286.027    -0.7655    -0.7638     0.0017    -0.7743    -0.7727     0.0017   2.801385   2.801441   0.000057    34.3234    34.3222     7.3391    27.5960    27.5951    34.3230    27.5958    1449.38    1449.38    -0.7741  1028.9824    34.4907 0.0000e+00
      19957 314.053652  -62.14080  -58.42731     -0.791    1448.13    288.000    285.039    -0.7657    -0.7647     0.0010    -0.7746    -0.7735     0.0010   2.801299   2.801313   0.000018    34.3231    34.3222     7.3452    27.5959    27.5951    34.3227    27.5955    1449.36    1449.36    -0.7743  1028.9774    34.4904 0.0000e+00
      19986 314.053666  -62.14080  -58.42730     -0.818    1448.13    287.000    284.050    -0.7661    -0.7651     0.0009    -0.7748    -0.7739     0.0009   2.801228   2.801233   0.000009    34.3230    34.3220     7.3371    27.5958    27.5950    34.3228    27.5956    1449.34    1449.35    -0.7747  1028.9727    34.4905 0.0000e+00
      20019 314.053682  -62.14080  -58.42728     -0.748    1448.13    286.000    283.061    -0.7662    -0.7651     0.0010    -0.7749    -0.7739     0.0010   2.801184   2.801193   0.000007    34.3232    34.3221     7.3345    27.5959    27.5950    34.3229    27.5957    1449.33    1449.33    -0.7747  1028.9681    34.4906 0.0000e+00
      20050 314.053696  -62.14080  -58.42726     -0.750    1448.13    285.000    282.072    -0.7657    -0.7651     0.0006    -0.7744    -0.7738     0.0006   2.801169   2.801150  -0.000011    34.3228    34.3220     7.3459    27.5956    27.5950    34.3228    27.5956    1449.31    1449.31    -0.7742  1028.9632    34.4904 0.0000e+00
      20076 314.053709  -62.14080  -58.42726     -0.876    1448.13    284.000    281.082    -0.7643    -0.7640     0.0003    -0.7730    -0.7727     0.0003   2.801234   2.801175  -0.000053    34.3227    34.3217     7.3408    27.5955    27.5946    34.3227    27.5955    1449.30    1449.30    -0.7728  1028.9583    34.4904 0.0000e+00
      20100 314.053721  -62.14080  -58.42724     -0.952    1448.13    283.000    280.093    -0.7639    -0.7633     0.0007    -0.7726    -0.7719     0.0007   2.801214   2.801194  -0.000027    34.3228    34.3217     7.3398    27.5955    27.5946    34.3226    27.5954    1449.29    1449.29    -0.7724  1028.9534    34.4903 0.0000e+00
      20124 314.053732  -62.14080  -58.42722     -0.990    1448.13    282.000    279.104    -0.7646    -0.7634     0.0012    -0.7732    -0.7720     0.0012   2.801114   2.801137   0.000018    34.3229    34.3217     7.3392    27.5956    27.5946    34.3227    27.5954    1449.27    1449.27    -0.7730  1028.9487    34.4903 0.0000e+00
      20147 314.053743  -62.14080  -58.42722     -1.024    1448.13    281.000    278.115    -0.7648    -0.7637     0.0011    -0.7733    -0.7723     0.0011   2.801057   2.801064   0.000013    34.3227    34.3217     7.3553    27.5955    27.5946    34.3227    27.5955    1449.25    1449.26    -0.7732  1028.9440    34.4903 0.0000e+00
      20172 314.053755  -62.14082  -58.42720     -1.002    1448.13    280.000    277.126    -0.7651    -0.7639     0.0012    -0.7736    -0.7725     0.0012   2.801002   2.800997  -0.000003    34.3230    34.3216     7.3486    27.5957    27.5946    34.3229    27.5956    1449.23    1449.24    -0.7734  1028.9394    34.4905 0.0000e+00
      20199 314.053768  -62.14082  -58.42717     -0.917    1448.13    279.000    276.137    -0.7659    -0.7648     0.0012    -0.7745    -0.7733     0.0012   2.800876   2.800893   0.000016    34.3230    34.3218     7.3415    27.5957    27.5948    34.3228    27.5956    1449.21    1449.22    -0.7742  1028.9346    34.4904 0.0000e+00
      20227 314.053782  -62.14082  -58.42716     -0.868    1448.13    278.000    275.148    -0.7663    -0.7653     0.0010    -0.7748    -0.7738     0.0010   2.800788   2.800797   0.000009    34.3228    34.3218     7.3440    27.5956    27.5948    34.3227    27.5955    1449.19    1449.20    -0.7746  1028.9298    34.4903 0.0000e+00
      20251 314.053793  -62.14082  -58.42715     -0.933    1448.13    277.000    274.159    -0.7667    -0.7657     0.0010    -0.7751    -0.7741     0.0010   2.800709   2.800703  -0.000002    34.3227    34.3215     7.3475    27.5955    27.5946    34.3226    27.5955    1449.18    1449.18    -0.7749  1028.9249    34.4902 0.0000e+00
      20276 314.053806  -62.14082  -58.42714     -0.978    1448.13    276.000    273.169    -0.7668    -0.7658     0.0010    -0.7752    -0.7742     0.0010   2.800650   2.800663   0.000008    34.3227    34.3217     7.3392    27.5956    27.5947    34.3225    27.5954    1449.16    1449.16    -0.7750  1028.9201    34.4902 0.0000e+00
      20303 314.053818  -62.14082  -58.42713     -0.916    1448.13    275.000    272.180    -0.7671    -0.7658     0.0012    -0.7755    -0.7742     0.0012   2.800598   2.800601   0.000006    34.3229    34.3216     7.3454    27.5957    27.5946    34.3228    27.5956    1449.14    1449.15    -0.7753  1028.9156    34.4904 0.0000e+00
      20329 314.053831  -62.14082  -58.42711     -0.912    1448.13    274.000    271.191    -0.7677    -0.7665     0.0012    -0.7760    -0.7749     0.0012   2.800489   2.800511   0.000019    34.3228    34.3217     7.3582    27.5956    27.5947    34.3226    27.5955    1449.12    1449.13    -0.7758  1028.9107    34.4902 0.0000e+00
      20355 314.053844  -62.14082  -58.42710     -0.920    1448.13    273.000    270.202    -0.7674    -0.7665     0.0008    -0.7757    -0.7749     0.0008   2.800477   2.800463  -0.000012    34.3227    34.3216     7.3520    27.5956    27.5947    34.3227    27.5956    1449.11    1449.11    -0.7755  1028.9060    34.4903 0.0000e+00
      20383 314.053857  -62.14084  -58.42708     -0.884    1448.13    272.000    269.213    -0.7650    -0.7653    -0.0003    -0.7733    -0.7736    -0.0003   2.800627   2.800515  -0.000103    34.3225    34.3214     7.3400    27.5953    27.5945    34.3227    27.5955    1449.10    1449.10    -0.7731  1028.9011    34.4903 0.0000e+00
      20410 314.053870  -62.14084  -58.42706     -0.868    1448.13    271.000    268.224    -0.7637    -0.7638    -0.0001    -0.7720    -0.7721    -0.0001   2.800677   2.800583  -0.000096    34.3224    34.3213     7.3513    27.5952    27.5943    34.3225    27.5952    1449.09    1449.09    -0.7718  1028.8961    34.4900 0.0000e+00
      20439 314.053884  -62.14084  -58.42705     -0.856    1448.13    270.000    267.235    -0.7643    -0.7633     0.0009    -0.7725    -0.7716     0.0009   2.800578   2.800580  -0.000001    34.3225    34.3214     7.3481    27.5952    27.5943    34.3224    27.5952    1449.07    1449.08    -0.7723  1028.8913    34.4900 0.0000e+00
