Pos-Processados/process_op42/Processamento_split/up/uoperantar42_043.cnv
* Sea-Bird SBE 9 Data File:
* FileName = C:\Users\Hidrografia\Desktop\OPXLII\Brutos\OP42043.hdr
* Software Version Seasave V 7.26.7.107
* Temperature SN = 6502
* Conductivity SN = 4998
* Number of Bytes Per Scan = 37
* Number of Voltage Words = 4
* Number of Scans Averaged by the Deck Unit = 1
* NMEA Latitude = 62 08.44 S
* NMEA Longitude = 058 25.74 W
* NMEA UTC (Time) = Nov 09 2023 18:18:47
* NMEA baud rate = 4800
** H41
** NPOALTEMAXIMIANO
** NUMERO DA ESTACAO (XXX) 043
** LAT (XX XX.XX S/N) 62 08.430 S
** LONG (XXX XX.XX W/E) 058 26.773 W
** DATAHORA (dd/mm/aaaa hh:mm Z) 09/11/2023 1818Z
** PROFUNDIDADE (m) 400
** OPERADOR CT FABIREZA
# nquan = 30
# nvalues = 386                         
# units = specified
# name 0 = scan: Scan Count
# name 1 = timeJ: Julian Days
# name 2 = latitude: Latitude [deg]
# name 3 = longitude: Longitude [deg]
# name 4 = dz/dtM: Descent Rate [m/s]
# name 5 = avgsvCM: Average Sound Velocity [Chen-Millero, m/s]
# name 6 = prDM: Pressure, Digiquartz [db]
# name 7 = depSM: Depth [salt water, m]
# name 8 = t090C: Temperature [ITS-90, deg C]
# name 9 = t190C: Temperature, 2 [ITS-90, deg C]
# name 10 = T2-T190C: Temperature Difference, 2 - 1 [ITS-90, deg C]
# name 11 = potemp090C: Potential Temperature [ITS-90, deg C]
# name 12 = potemp190C: Potential Temperature, 2 [ITS-90, deg C]
# name 13 = potemp90Cdiff: Potential Temperature, Diff, 2 - 1 [ITS-90, deg C]
# name 14 = c0S/m: Conductivity [S/m]
# name 15 = c1S/m: Conductivity, 2 [S/m]
# name 16 = C2-C1S/m: Conductivity Difference, 2 - 1 [S/m]
# name 17 = sal00: Salinity, Practical [PSU]
# name 18 = sal11: Salinity, Practical, 2 [PSU]
# name 19 = sbeox0ML/L: Oxygen, SBE 43 [ml/l]
# name 20 = sigma-é00: Density [sigma-theta, kg/m^3]
# name 21 = sigma-é11: Density, 2 [sigma-theta, kg/m^3]
# name 22 = sal00: Salinity, Practical [PSU]
# name 23 = sigma-é00: Density [sigma-theta, kg/m^3]
# name 24 = svCM: Sound Velocity [Chen-Millero, m/s]
# name 25 = svCM1: Sound Velocity, 2 [Chen-Millero, m/s]
# name 26 = gsw_ptA0: potential temperature [ITS-90, deg C]
# name 27 = gsw_densityA0: density, TEOS-10 [density, kg/m^3]
# name 28 = gsw_saA0: Absolute Salinity [g/kg]
# name 29 = flag:
# span 0 =      14847,      27057       
# span 1 = 313.770203, 313.776092       
# span 2 =  -62.14504,  -62.14383       
# span 3 =  -58.42255,  -58.41482       
# span 4 =     -1.162,     -0.087       
# span 5 =    1448.44,    1448.44       
# span 6 =      2.000,    387.000       
# span 7 =      2.101,    382.929       
# span 8 =    -0.8189,    -0.5044       
# span 9 =    -0.8177,    -0.5037       
# span 10 =    -0.0058,     0.0118      
# span 11 =    -0.8260,    -0.5046      
# span 12 =    -0.8247,    -0.5039      
# span 13 =    -0.0058,     0.0118      
# span 14 =   2.792574,   2.824352      
# span 15 =   2.792569,   2.824334      
# span 16 =  -0.000584,   0.000980      
# span 17 =    34.2779,    34.3942      
# span 18 =    34.2767,    34.3931      
# span 19 =     6.7838,     7.6729      
# span 20 =    27.5486,    27.6469      
# span 21 =    27.5476,    27.6459      
# span 22 =    34.2784,    34.3942      
# span 23 =    27.5487,    27.6468      
# span 24 =    1445.87,    1451.81      
# span 25 =    1445.86,    1451.82      
# span 26 =    -0.8258,    -0.5046      
# span 27 =  1027.5638,  1029.4975      
# span 28 =    34.4402,    34.5624      
# span 29 = 0.0000e+00, 0.0000e+00      
# interval = decibars: 1                
# start_time = Nov 09 2023 18:18:47 [NMEA time, header]
# bad_flag = -9.990e-29
*END*
[from data line 242]
      21845 313.773578  -62.14450  -58.41814     -0.850    1448.44    145.000    143.558    -0.6043    -0.6038     0.0005    -0.6087    -0.6082     0.0005   2.805466   2.805406  -0.000057    34.2834    34.2821     7.5908    27.5567    27.5556    34.2839    27.5571    1447.74    1447.74    -0.6086  1028.2557    34.4506 0.0000e+00
      21877 313.773594  -62.14450  -58.41812     -0.769    1448.44    144.000    142.569    -0.6039    -0.6033     0.0006    -0.6083    -0.6077     0.0006   2.805443   2.805386  -0.000062    34.2834    34.2820     7.5961    27.5567    27.5555    34.2837    27.5569    1447.72    1447.72    -0.6082  1028.2508    34.4505 0.0000e+00
      21910 313.773610  -62.14450  -58.41811     -0.728    1448.44    143.000    141.579    -0.6031    -0.6023     0.0008    -0.6074    -0.6067     0.0008   2.805450   2.805405  -0.000044    34.2832    34.2817     7.5754    27.5565    27.5552    34.2835    27.5567    1447.71    1447.71    -0.6074  1028.2458    34.4502 0.0000e+00
      21945 313.773626  -62.14450  -58.41808     -0.692    1448.44    142.000    140.589    -0.6018    -0.6011     0.0007    -0.6061    -0.6054     0.0007   2.805495   2.805446  -0.000048    34.2829    34.2815     7.5729    27.5562    27.5550    34.2833    27.5565    1447.70    1447.70    -0.6060  1028.2407    34.4500 0.0000e+00
      21976 313.773641  -62.14450  -58.41807     -0.740    1448.44    141.000    139.599    -0.6008    -0.6002     0.0005    -0.6051    -0.6045     0.0005   2.805543   2.805465  -0.000076    34.2830    34.2815     7.5795    27.5562    27.5550    34.2834    27.5565    1447.69    1447.69    -0.6050  1028.2360    34.4501 0.0000e+00
      22002 313.773654  -62.14450  -58.41805     -0.870    1448.44    140.000    138.610    -0.5992    -0.5992     0.0000    -0.6035    -0.6035     0.0000   2.805624   2.805496  -0.000128    34.2831    34.2813     7.5838    27.5562    27.5548    34.2834    27.5564    1447.68    1447.67    -0.6034  1028.2311    34.4501 0.0000e+00
      22028 313.773666  -62.14450  -58.41803     -0.934    1448.44    139.000    137.620    -0.5992    -0.5987     0.0006    -0.6035    -0.6029     0.0006   2.805549   2.805499  -0.000053    34.2828    34.2814     7.5815    27.5560    27.5548    34.2829    27.5561    1447.66    1447.66    -0.6034  1028.2260    34.4496 0.0000e+00
      22057 313.773681  -62.14451  -58.41801     -0.852    1448.44    138.000    136.630    -0.5998    -0.5991     0.0007    -0.6041    -0.6034     0.0007   2.805445   2.805403  -0.000044    34.2828    34.2814     7.5896    27.5560    27.5548    34.2829    27.5561    1447.64    1447.64    -0.6039  1028.2212    34.4496 0.0000e+00
      22089 313.773696  -62.14452  -58.41800     -0.762    1448.44    137.000    135.641    -0.6011    -0.5999     0.0011    -0.6053    -0.6041     0.0011   2.805293   2.805276  -0.000019    34.2828    34.2812     7.5936    27.5560    27.5547    34.2828    27.5561    1447.62    1447.62    -0.6052  1028.2165    34.4495 0.0000e+00
      22118 313.773710  -62.14452  -58.41797     -0.805    1448.44    136.000    134.651    -0.6015    -0.6005     0.0010    -0.6057    -0.6046     0.0010   2.805185   2.805171  -0.000015    34.2825    34.2811     7.5935    27.5558    27.5547    34.2825    27.5558    1447.60    1447.60    -0.6056  1028.2114    34.4491 0.0000e+00
      22146 313.773723  -62.14452  -58.41795     -0.855    1448.44    135.000    133.661    -0.6020    -0.6010     0.0011    -0.6062    -0.6051     0.0011   2.805069   2.805075 6.4775e-07    34.2822    34.2810     7.5873    27.5557    27.5546    34.2822    27.5556    1447.58    1447.58    -0.6060  1028.2064    34.4488 0.0000e+00
      22177 313.773738  -62.14452  -58.41794     -0.802    1448.44    134.000    132.672    -0.6036    -0.6022     0.0015    -0.6077    -0.6062     0.0015   2.804894   2.804915   0.000024    34.2823    34.2810     7.5879    27.5558    27.5546    34.2822    27.5556    1447.56    1447.56    -0.6076  1028.2017    34.4488 0.0000e+00
      22212 313.773755  -62.14452  -58.41791     -0.684    1448.44    133.000    131.681    -0.6057    -0.6049     0.0008    -0.6098    -0.6090     0.0008   2.804661   2.804615  -0.000049    34.2823    34.2807     7.5828    27.5559    27.5545    34.2820    27.5556    1447.53    1447.53    -0.6097  1028.1969    34.4487 0.0000e+00
      22245 313.773771  -62.14453  -58.41789     -0.716    1448.44    132.000    130.692    -0.6081    -0.6071     0.0011    -0.6121    -0.6111     0.0011   2.804350   2.804366   0.000016    34.2814    34.2804     7.5921    27.5553    27.5544    34.2812    27.5550    1447.50    1447.51    -0.6120  1028.1915    34.4478 0.0000e+00
      22277 313.773787  -62.14454  -58.41788     -0.747    1448.44    131.000    129.702    -0.6090    -0.6080     0.0010    -0.6130    -0.6120     0.0010   2.804256   2.804232  -0.000021    34.2818    34.2803     7.5917    27.5556    27.5543    34.2816    27.5554    1447.48    1447.49    -0.6129  1028.1871    34.4482 0.0000e+00
      22311 313.773803  -62.14454  -58.41786     -0.708    1448.44    130.000    128.712    -0.6094    -0.6086     0.0008    -0.6134    -0.6125     0.0008   2.804181   2.804132  -0.000053    34.2818    34.2802     7.5865    27.5556    27.5543    34.2816    27.5554    1447.46    1447.47    -0.6133  1028.1824    34.4482 0.0000e+00
      22338 313.773816  -62.14454  -58.41785     -0.810    1448.44    129.000    127.722    -0.6094    -0.6087     0.0007    -0.6133    -0.6126     0.0007   2.804110   2.804079  -0.000029    34.2813    34.2802     7.5934    27.5552    27.5542    34.2812    27.5551    1447.45    1447.45    -0.6132  1028.1773    34.4478 0.0000e+00
      22363 313.773828  -62.14454  -58.41783     -0.939    1448.44    128.000    126.733    -0.6094    -0.6087     0.0007    -0.6132    -0.6125     0.0007   2.804071   2.804038  -0.000033    34.2814    34.2801     7.6027    27.5553    27.5542    34.2813    27.5552    1447.43    1447.43    -0.6132  1028.1726    34.4479 0.0000e+00
      22391 313.773841  -62.14454  -58.41781     -0.919    1448.44    127.000    125.743    -0.6096    -0.6087     0.0009    -0.6135    -0.6125     0.0009   2.803984   2.803981  -0.000002    34.2811    34.2801     7.6043    27.5551    27.5542    34.2810    27.5549    1447.41    1447.42    -0.6134  1028.1676    34.4475 0.0000e+00
      22422 313.773857  -62.14454  -58.41778     -0.785    1448.44    126.000    124.753    -0.6095    -0.6087     0.0008    -0.6133    -0.6126     0.0008   2.803964   2.803935  -0.000029    34.2813    34.2800     7.5892    27.5551    27.5541    34.2812    27.5551    1447.40    1447.40    -0.6132  1028.1629    34.4478 0.0000e+00
      22453 313.773871  -62.14456  -58.41777     -0.772    1448.44    125.000    123.763    -0.6090    -0.6085     0.0006    -0.6128    -0.6123     0.0006   2.803942   2.803913  -0.000027    34.2811    34.2801     7.5898    27.5550    27.5542    34.2810    27.5549    1447.38    1447.39    -0.6127  1028.1580    34.4475 0.0000e+00
      22486 313.773887  -62.14456  -58.41775     -0.747    1448.44    124.000    122.773    -0.6085    -0.6080     0.0005    -0.6122    -0.6118     0.0005   2.803947   2.803912  -0.000033    34.2811    34.2801     7.5939    27.5549    27.5541    34.2811    27.5550    1447.37    1447.37    -0.6122  1028.1532    34.4476 0.0000e+00
      22518 313.773903  -62.14456  -58.41772     -0.721    1448.44    123.000    121.783    -0.6075    -0.6069     0.0006    -0.6112    -0.6107     0.0006   2.803996   2.803955  -0.000043    34.2813    34.2801     7.5930    27.5551    27.5541    34.2813    27.5551    1447.36    1447.36    -0.6112  1028.1486    34.4478 0.0000e+00
      22546 313.773916  -62.14456  -58.41772     -0.824    1448.44    122.000    120.794    -0.6088    -0.6074     0.0013    -0.6125    -0.6112     0.0013   2.803813   2.803860   0.000040    34.2812    34.2802     7.5953    27.5551    27.5542    34.2809    27.5548    1447.34    1447.34    -0.6124  1028.1435    34.4474 0.0000e+00
      22574 313.773930  -62.14456  -58.41769     -0.865    1448.44    121.000    119.804    -0.6119    -0.6102     0.0017    -0.6156    -0.6139     0.0017   2.803501   2.803560   0.000060    34.2811    34.2800     7.6053    27.5552    27.5542    34.2808    27.5549    1447.31    1447.31    -0.6155  1028.1388    34.4473 0.0000e+00
      22603 313.773944  -62.14456  -58.41768     -0.853    1448.44    120.000    118.814    -0.6131    -0.6115     0.0016    -0.6168    -0.6151     0.0016   2.803322   2.803385   0.000055    34.2808    34.2796     7.6055    27.5549    27.5539    34.2804    27.5546    1447.28    1447.29    -0.6167  1028.1338    34.4469 0.0000e+00
      22634 313.773959  -62.14457  -58.41767     -0.789    1448.44    119.000    117.824    -0.6147    -0.6132     0.0015    -0.6183    -0.6168     0.0015   2.803148   2.803160   0.000016    34.2807    34.2792     7.6050    27.5549    27.5537    34.2804    27.5547    1447.26    1447.26    -0.6182  1028.1291    34.4469 0.0000e+00
      22664 313.773973  -62.14458  -58.41764     -0.769    1448.44    118.000    116.835    -0.6149    -0.6138     0.0011    -0.6184    -0.6174     0.0011   2.803049   2.803054   0.000007    34.2801    34.2790     7.5983    27.5544    27.5535    34.2799    27.5543    1447.24    1447.24    -0.6184  1028.1239    34.4464 0.0000e+00
      22692 313.773987  -62.14458  -58.41762     -0.833    1448.44    117.000    115.844    -0.6155    -0.6144     0.0011    -0.6190    -0.6179     0.0011   2.802912   2.802943   0.000030    34.2796    34.2788     7.6033    27.5541    27.5534    34.2794    27.5539    1447.22    1447.23    -0.6189  1028.1187    34.4458 0.0000e+00
      22722 313.774001  -62.14458  -58.41761     -0.839    1448.44    116.000    114.855    -0.6169    -0.6158     0.0010    -0.6204    -0.6193     0.0010   2.802773   2.802760  -0.000012    34.2799    34.2786     7.6113    27.5544    27.5532    34.2797    27.5542    1447.20    1447.20    -0.6203  1028.1142    34.4461 0.0000e+00
      22755 313.774017  -62.14458  -58.41759     -0.744    1448.44    115.000    113.865    -0.6177    -0.6164     0.0012    -0.6211    -0.6199     0.0012   2.802658   2.802664   0.000007    34.2799    34.2786     7.6026    27.5544    27.5533    34.2797    27.5542    1447.18    1447.18    -0.6211  1028.1095    34.4461 0.0000e+00
      22788 313.774033  -62.14458  -58.41756     -0.727    1448.44    114.000    112.875    -0.6183    -0.6172     0.0011    -0.6218    -0.6207     0.0011   2.802535   2.802542   0.000005    34.2797    34.2784     7.6055    27.5542    27.5532    34.2794    27.5540    1447.16    1447.16    -0.6217  1028.1045    34.4458 0.0000e+00
      22822 313.774050  -62.14459  -58.41755     -0.698    1448.44    113.000    111.885    -0.6186    -0.6177     0.0009    -0.6220    -0.6211     0.0009   2.802465   2.802449  -0.000010    34.2795    34.2783     7.6116    27.5541    27.5531    34.2794    27.5540    1447.14    1447.14    -0.6219  1028.0997    34.4458 0.0000e+00
      22855 313.774065  -62.14460  -58.41752     -0.715    1448.44    112.000    110.896    -0.6188    -0.6179     0.0009    -0.6221    -0.6213     0.0009   2.802406   2.802382  -0.000029    34.2796    34.2782     7.6135    27.5542    27.5530    34.2793    27.5540    1447.12    1447.13    -0.6221  1028.0949    34.4457 0.0000e+00
      22884 313.774079  -62.14460  -58.41750     -0.811    1448.44    111.000    109.905    -0.6192    -0.6182     0.0010    -0.6226    -0.6216     0.0010   2.802301   2.802303   0.000002    34.2793    34.2782     7.6007    27.5540    27.5530    34.2791    27.5538    1447.11    1447.11    -0.6225  1028.0899    34.4455 0.0000e+00
      22912 313.774093  -62.14460  -58.41749     -0.860    1448.44    110.000    108.916    -0.6198    -0.6188     0.0010    -0.6232    -0.6222     0.0010   2.802214   2.802198  -0.000012    34.2794    34.2781     7.6024    27.5541    27.5530    34.2792    27.5540    1447.09    1447.09    -0.6231  1028.0853    34.4456 0.0000e+00
      22943 313.774108  -62.14460  -58.41747     -0.791    1448.44    109.000    107.926    -0.6199    -0.6190     0.0008    -0.6231    -0.6223     0.0008   2.802148   2.802121  -0.000028    34.2791    34.2778     7.6125    27.5538    27.5528    34.2790    27.5537    1447.07    1447.07    -0.6231  1028.0803    34.4453 0.0000e+00
      22975 313.774123  -62.14460  -58.41744     -0.750    1448.44    108.000    106.936    -0.6197    -0.6189     0.0008    -0.6229    -0.6222     0.0008   2.802102   2.802057  -0.000043    34.2789    34.2774     7.6116    27.5537    27.5525    34.2788    27.5536    1447.05    1447.06    -0.6229  1028.0753    34.4451 0.0000e+00
      23004 313.774137  -62.14460  -58.41743     -0.801    1448.44    107.000    105.946    -0.6191    -0.6185     0.0006    -0.6223    -0.6218     0.0006   2.802082   2.802041  -0.000039    34.2785    34.2773     7.6075    27.5533    27.5523    34.2785    27.5533    1447.04    1447.04    -0.6222  1028.0674    34.4413 0.0000e+00
      23039 313.774154 -9.990e-29  -58.41741     -0.725    1448.44    106.000    104.956    -0.6181    -0.6177     0.0003    -0.6212    -0.6209     0.0003   2.802129   2.802059  -0.000070    34.2785    34.2772     7.6139    27.5533    27.5522    34.2785    27.5533    1447.03    1447.03    -0.6212  1028.0617    34.4402 0.0000e+00
      23078 313.774173 -9.990e-29  -58.41739     -0.608    1448.44    105.000    103.966    -0.6171    -0.6163     0.0007    -0.6202    -0.6195     0.0007   2.802170   2.802117  -0.000050    34.2785    34.2770     7.6062    27.5532    27.5520    34.2786    27.5533    1447.02    1447.02    -0.6202  1028.0569    34.4402 0.0000e+00
      23109 313.774188  -62.14462  -58.41737     -0.720    1448.44    104.000    102.976    -0.6154    -0.6149     0.0005    -0.6185    -0.6180     0.0005   2.802273   2.802199  -0.000075    34.2785    34.2769     7.6049    27.5532    27.5519    34.2787    27.5533    1447.01    1447.01    -0.6185  1028.0558    34.4448 0.0000e+00
      23137 313.774202  -62.14462  -58.41735     -0.835    1448.44    103.000    101.986    -0.6134    -0.6132     0.0002    -0.6165    -0.6163     0.0002   2.802373   2.802296  -0.000077    34.2782    34.2769     7.6137    27.5529    27.5518    34.2784    27.5530    1447.00    1447.00    -0.6164  1028.0508    34.4447 0.0000e+00
      23166 313.774215  -62.14462  -58.41732     -0.855    1448.44    102.000    100.996    -0.6118    -0.6116     0.0002    -0.6148    -0.6147     0.0002   2.802487   2.802395  -0.000090    34.2783    34.2769     7.6154    27.5529    27.5517    34.2787    27.5531    1446.99    1446.99    -0.6148  1028.0462    34.4450 0.0000e+00
      23196 313.774230  -62.14462  -58.41730     -0.818    1448.44    101.000    100.006    -0.6029    -0.6062    -0.0033    -0.6059    -0.6093    -0.0033   2.803250   2.802831  -0.000415    34.2785    34.2767     7.6185    27.5526    27.5513    34.2796    27.5535    1447.02    1447.00    -0.6059  1028.0399    34.4436 0.0000e+00
      23226 313.774245 -9.990e-29  -58.41729     -0.785    1448.44    100.000     99.016    -0.5921    -0.5950    -0.0030    -0.5951    -0.5981    -0.0030   2.804084   2.803713  -0.000338    34.2779    34.2768     7.6220    27.5517    27.5509    34.2792    27.5527    1447.05    1447.04    -0.5951  1028.0324    34.4409 0.0000e+00
      23259 313.774260 -9.990e-29  -58.41726     -0.746    1448.44     99.000     98.027    -0.5869    -0.5905    -0.0036    -0.5899    -0.5935    -0.0036   2.804492   2.804075  -0.000419    34.2784    34.2769     7.6156    27.5518    27.5507    34.2794    27.5527    1447.06    1447.04    -0.5898  1028.0276    34.4411 0.0000e+00
      23292 313.774276  -62.14464  -58.41724     -0.728    1448.44     98.000     97.037    -0.5850    -0.5854    -0.0004    -0.5880    -0.5884    -0.0004   2.804646   2.804476  -0.000178    34.2792    34.2773     7.6090    27.5524    27.5509    34.2800    27.5530    1447.06    1447.05    -0.5879  1028.0245    34.4433 0.0000e+00
