Pos-Processados/process_op42/Processamento_split/up/uoperantar42_030.cnv
* Sea-Bird SBE 9 Data File:
* FileName = C:\Users\Hidrografia\Desktop\OPXLII\Brutos\OP42030.hdr
* Software Version Seasave V 7.26.7.107
* Temperature SN = 6502
* Conductivity SN = 4998
* Number of Bytes Per Scan = 37
* Number of Voltage Words = 4
* Number of Scans Averaged by the Deck Unit = 1
* NMEA Latitude = 62 08.10 S
* NMEA Longitude = 058 26.40 W
* NMEA UTC (Time) = Nov 09 2023 05:10:08
* NMEA baud rate = 4800
** H41
** NPOALTEMAXIMIANO
** NUMERO DA ESTACAO (XXX) 030
** LAT (XX XX.XX S/N) 62 08.9 S
** LONG (XXX XX.XX W/E) 058 29.443 W
** DATAHORA (dd/mm/aaaa hh:mm Z) 09/11/2023 0509Z
** PROFUNDIDADE (m) 424
** OPERADOR CT FILIPE LOPES
# nquan = 30
# nvalues = 391                         
# units = specified
# name 0 = scan: Scan Count
# name 1 = timeJ: Julian Days
# name 2 = latitude: Latitude [deg]
# name 3 = longitude: Longitude [deg]
# name 4 = dz/dtM: Descent Rate [m/s]
# name 5 = avgsvCM: Average Sound Velocity [Chen-Millero, m/s]
# name 6 = prDM: Pressure, Digiquartz [db]
# name 7 = depSM: Depth [salt water, m]
# name 8 = t090C: Temperature [ITS-90, deg C]
# name 9 = t190C: Temperature, 2 [ITS-90, deg C]
# name 10 = T2-T190C: Temperature Difference, 2 - 1 [ITS-90, deg C]
# name 11 = potemp090C: Potential Temperature [ITS-90, deg C]
# name 12 = potemp190C: Potential Temperature, 2 [ITS-90, deg C]
# name 13 = potemp90Cdiff: Potential Temperature, Diff, 2 - 1 [ITS-90, deg C]
# name 14 = c0S/m: Conductivity [S/m]
# name 15 = c1S/m: Conductivity, 2 [S/m]
# name 16 = C2-C1S/m: Conductivity Difference, 2 - 1 [S/m]
# name 17 = sal00: Salinity, Practical [PSU]
# name 18 = sal11: Salinity, Practical, 2 [PSU]
# name 19 = sbeox0ML/L: Oxygen, SBE 43 [ml/l]
# name 20 = sigma-é00: Density [sigma-theta, kg/m^3]
# name 21 = sigma-é11: Density, 2 [sigma-theta, kg/m^3]
# name 22 = sal00: Salinity, Practical [PSU]
# name 23 = sigma-é00: Density [sigma-theta, kg/m^3]
# name 24 = svCM: Sound Velocity [Chen-Millero, m/s]
# name 25 = svCM1: Sound Velocity, 2 [Chen-Millero, m/s]
# name 26 = gsw_ptA0: potential temperature [ITS-90, deg C]
# name 27 = gsw_densityA0: density, TEOS-10 [density, kg/m^3]
# name 28 = gsw_saA0: Absolute Salinity [g/kg]
# name 29 = flag:
# span 0 =      16139,      27352       
# span 1 = 313.223153, 313.228560       
# span 2 =  -62.13883,  -62.13722       
# span 3 =  -58.43676,  -58.43458       
# span 4 =     -1.103,     -0.193       
# span 5 =    1448.44,    1448.44       
# span 6 =      2.000,    392.000       
# span 7 =      2.024,    387.866       
# span 8 =    -0.8000,    -0.5642       
# span 9 =    -0.7989,    -0.5635       
# span 10 =    -0.0142,     0.0191      
# span 11 =    -0.8057,    -0.5646      
# span 12 =    -0.8046,    -0.5640      
# span 13 =    -0.0141,     0.0191      
# span 14 =   2.792620,   2.822555      
# span 15 =   2.792630,   2.822443      
# span 16 =  -0.001137,   0.001780      
# span 17 =    34.2804,    34.3905      
# span 18 =    34.2791,    34.3889      
# span 19 =     6.7919,     7.6299      
# span 20 =    27.5538,    27.6448      
# span 21 =    27.5525,    27.6435      
# span 22 =    34.2807,    34.3905      
# span 23 =    27.5538,    27.6448      
# span 24 =    1445.58,    1451.79      
# span 25 =    1445.57,    1451.79      
# span 26 =    -0.8055,    -0.5646      
# span 27 =  1027.5681,  1029.5180      
# span 28 =    34.4423,    34.5581      
# span 29 = 0.0000e+00, 0.0000e+00      
# interval = decibars: 1                
# start_time = Nov 09 2023 05:10:08 [NMEA time, header]
# bad_flag = -9.990e-29
*END*
[from data line 194]
      21879 313.225921  -62.13800  -58.43564     -0.922    1448.44    198.000    196.006    -0.7958    -0.7946     0.0012    -0.8017    -0.8005     0.0012   2.793283   2.793328   0.000052    34.3042    34.3035     7.4480    27.5816    27.5811    34.3037    27.5813    1447.73    1447.73    -0.8015  1028.5341    34.4709 0.0000e+00
      21905 313.225933  -62.13801  -58.43564     -0.940    1448.44    197.000    195.017    -0.7976    -0.7965     0.0011    -0.8034    -0.8023     0.0010   2.793075   2.793089   0.000012    34.3039    34.3029     7.4389    27.5815    27.5806    34.3036    27.5812    1447.70    1447.71    -0.8033  1028.5293    34.4707 0.0000e+00
      21934 313.225947  -62.13802  -58.43564     -0.867    1448.44    196.000    194.027    -0.7988    -0.7958     0.0030    -0.8046    -0.8016     0.0030   2.792943   2.793131   0.000175    34.3041    34.3030     7.4353    27.5817    27.5807    34.3038    27.5814    1447.68    1447.69    -0.8044  1028.5247    34.4709 0.0000e+00
      21965 313.225962  -62.13802  -58.43564     -0.779    1448.44    195.000    193.038    -0.7987    -0.7962     0.0025    -0.8044    -0.8019     0.0025   2.792916   2.793046   0.000143    34.3041    34.3032     7.4486    27.5817    27.5809    34.3039    27.5815    1447.66    1447.67    -0.8043  1028.5201    34.4710 0.0000e+00
      21993 313.225976  -62.13802  -58.43562     -0.810    1448.44    194.000    192.048    -0.7991    -0.7979     0.0012    -0.8048    -0.8036     0.0012   2.792801   2.792837   0.000035    34.3038    34.3029     7.4604    27.5814    27.5807    34.3034    27.5812    1447.65    1447.65    -0.8047  1028.5149    34.4705 0.0000e+00
      22018 313.225988  -62.13802  -58.43562     -0.916    1448.44    193.000    191.059    -0.8000    -0.7989     0.0011    -0.8057    -0.8046     0.0011   2.792620   2.792630   0.000017    34.3029    34.3019     7.4650    27.5807    27.5799    34.3026    27.5805    1447.63    1447.63    -0.8055  1028.5095    34.4697 0.0000e+00
      22042 313.226000  -62.13802  -58.43562     -0.993    1448.44    192.000    190.069    -0.7967    -0.7926     0.0041    -0.8023    -0.7983     0.0041   2.792848   2.793006   0.000148    34.3022    34.2995     7.4688    27.5800    27.5777    34.3025    27.5803    1447.62    1447.64    -0.8022  1028.5046    34.4697 0.0000e+00
      22067 313.226012  -62.13804  -58.43562     -0.981    1448.44    191.000    189.080    -0.7833    -0.7863    -0.0030    -0.7889    -0.7919    -0.0030   2.793768   2.793437  -0.000295    34.2993    34.2987     7.4634    27.5771    27.5768    34.3003    27.5780    1447.67    1447.65    -0.7888  1028.4974    34.4674 0.0000e+00
      22097 313.226026  -62.13804  -58.43562     -0.850    1448.44    190.000    188.091    -0.7788    -0.7883    -0.0094    -0.7844    -0.7939    -0.0094   2.794018   2.793285  -0.000686    34.2987    34.3001     7.4576    27.5765    27.5781    34.2993    27.5770    1447.67    1447.63    -0.7843  1028.4915    34.4664 0.0000e+00
      22128 313.226041  -62.13804  -58.43561     -0.762    1448.44    189.000    187.101    -0.7760    -0.7803    -0.0043    -0.7815    -0.7858    -0.0043   2.794168   2.793784  -0.000412    34.2982    34.2975     7.4628    27.5760    27.5756    34.2987    27.5764    1447.67    1447.65    -0.7814  1028.4862    34.4658 0.0000e+00
      22155 313.226054  -62.13804  -58.43560     -0.834    1448.44    188.000    186.112    -0.7743    -0.7755    -0.0012    -0.7798    -0.7810    -0.0012   2.794265   2.794091  -0.000185    34.2982    34.2971     7.4588    27.5759    27.5750    34.2987    27.5763    1447.66    1447.65    -0.7797  1028.4813    34.4658 0.0000e+00
      22178 313.226065  -62.13804  -58.43558     -0.971    1448.44    187.000    185.122    -0.7733    -0.7740    -0.0006    -0.7789    -0.7795    -0.0006   2.794289   2.794159  -0.000127    34.2982    34.2972     7.4650    27.5759    27.5751    34.2986    27.5762    1447.65    1447.64    -0.7787  1028.4764    34.4657 0.0000e+00
      22201 313.226076  -62.13806  -58.43558     -1.050    1448.44    186.000    184.132    -0.7731    -0.7723     0.0008    -0.7786    -0.7778     0.0008   2.794266   2.794231  -0.000043    34.2983    34.2968     7.4728    27.5759    27.5747    34.2987    27.5762    1447.63    1447.63    -0.7785  1028.4720    34.4662 0.0000e+00
      22226 313.226088  -62.13806 -9.990e-29     -1.011    1448.44    185.000    183.143    -0.7732    -0.7728     0.0004    -0.7787    -0.7783     0.0004   2.794206   2.794150  -0.000049    34.2983    34.2972     7.4700    27.5760    27.5750    34.2986    27.5762    1447.61    1447.62    -0.7785  1028.4686    34.4678 0.0000e+00
      22254 313.226102  -62.13806 -9.990e-29     -0.903    1448.44    184.000    182.153    -0.7730    -0.7738    -0.0008    -0.7784    -0.7792    -0.0008   2.794172   2.794048  -0.000132    34.2982    34.2973     7.4712    27.5758    27.5751    34.2985    27.5761    1447.60    1447.59    -0.7783  1028.4637    34.4677 0.0000e+00
      22282 313.226115  -62.13806 -9.990e-29     -0.854    1448.44    183.000    181.164    -0.7727    -0.7722     0.0005    -0.7781    -0.7777     0.0005   2.794144   2.794103  -0.000046    34.2982    34.2971     7.4762    27.5758    27.5749    34.2984    27.5760    1447.58    1447.59    -0.7780  1028.4588    34.4676 0.0000e+00
      22307 313.226128  -62.13806  -58.43556     -0.898    1448.44    182.000    180.174    -0.7724    -0.7718     0.0007    -0.7778    -0.7771     0.0007   2.794125   2.794085  -0.000045    34.2983    34.2969     7.4772    27.5759    27.5747    34.2984    27.5760    1447.57    1447.57    -0.7776  1028.4532    34.4666 0.0000e+00
      22331 313.226139  -62.13806  -58.43556     -0.972    1448.44    181.000    179.185    -0.7722    -0.7715     0.0006    -0.7775    -0.7768     0.0006   2.794100   2.794063  -0.000039    34.2982    34.2970     7.4720    27.5758    27.5748    34.2984    27.5760    1447.56    1447.56    -0.7774  1028.4476    34.4655 0.0000e+00
      22356 313.226151  -62.13806  -58.43556     -0.996    1448.44    180.000    178.195    -0.7717    -0.7712     0.0005    -0.7770    -0.7765     0.0005   2.794083   2.794046  -0.000041    34.2981    34.2970     7.4824    27.5757    27.5748    34.2983    27.5759    1447.54    1447.54    -0.7769  1028.4426    34.4654 0.0000e+00
      22384 313.226165  -62.13808  -58.43556     -0.904    1448.44    179.000    177.206    -0.7713    -0.7714    -0.0001    -0.7766    -0.7767    -0.0001   2.794070   2.793988  -0.000079    34.2981    34.2972     7.4745    27.5757    27.5749    34.2983    27.5758    1447.53    1447.52    -0.7764  1028.4378    34.4653 0.0000e+00
      22416 313.226180  -62.13808  -58.43556     -0.770    1448.44    178.000    176.216    -0.7710    -0.7710    -0.0000    -0.7762    -0.7763    -0.0000   2.794047   2.793966  -0.000086    34.2981    34.2970     7.4696    27.5756    27.5748    34.2982    27.5758    1447.51    1447.51    -0.7761  1028.4330    34.4653 0.0000e+00
      22445 313.226194  -62.13808  -58.43554     -0.794    1448.44    177.000    175.227    -0.7709    -0.7700     0.0008    -0.7761    -0.7753     0.0008   2.794002   2.793985  -0.000021    34.2980    34.2968     7.4659    27.5756    27.5746    34.2981    27.5757    1447.50    1447.50    -0.7760  1028.4281    34.4651 0.0000e+00
      22469 313.226206  -62.13808  -58.43554     -0.916    1448.44    176.000    174.237    -0.7710    -0.7701     0.0008    -0.7762    -0.7753     0.0008   2.793949   2.793927  -0.000021    34.2981    34.2968     7.4694    27.5756    27.5746    34.2982    27.5757    1447.48    1447.48    -0.7761  1028.4234    34.4652 0.0000e+00
      22491 313.226216  -62.13810  -58.43554     -1.044    1448.44    175.000    173.247    -0.7707    -0.7699     0.0008    -0.7758    -0.7751     0.0008   2.793931   2.793907  -0.000026    34.2981    34.2968     7.4668    27.5756    27.5746    34.2982    27.5757    1447.46    1447.47    -0.7757  1028.4186    34.4652 0.0000e+00
      22513 313.226227  -62.13810  -58.43553     -1.103    1448.44    174.000    172.258    -0.7704    -0.7698     0.0006    -0.7755    -0.7749     0.0006   2.793907   2.793869  -0.000039    34.2981    34.2968     7.4857    27.5756    27.5746    34.2981    27.5757    1447.45    1447.45    -0.7754  1028.4138    34.4652 0.0000e+00
      22537 313.226238  -62.13810  -58.43552     -1.043    1448.44    173.000    171.268    -0.7700    -0.7694     0.0005    -0.7751    -0.7746     0.0005   2.793883   2.793849  -0.000036    34.2979    34.2969     7.4883    27.5755    27.5746    34.2979    27.5755    1447.43    1447.44    -0.7750  1028.4088    34.4649 0.0000e+00
      22563 313.226251  -62.13810  -58.43552     -0.934    1448.44    172.000    170.279    -0.7694    -0.7694     0.0001    -0.7745    -0.7744     0.0001   2.793907   2.793822  -0.000082    34.2981    34.2969     7.4759    27.5756    27.5746    34.2982    27.5757    1447.42    1447.42    -0.7743  1028.4042    34.4652 0.0000e+00
      22591 313.226264  -62.13810  -58.43552     -0.882    1448.44    171.000    169.289    -0.7686    -0.7685     0.0001    -0.7736    -0.7735     0.0001   2.793905   2.793838  -0.000068    34.2978    34.2968     7.4733    27.5753    27.5745    34.2979    27.5754    1447.41    1447.41    -0.7735  1028.3992    34.4649 0.0000e+00
      22618 313.226277  -62.13810  -58.43552     -0.880    1448.44    170.000    168.300    -0.7687    -0.7680     0.0006    -0.7737    -0.7730     0.0006   2.793862   2.793820  -0.000045    34.2980    34.2967     7.4698    27.5755    27.5744    34.2981    27.5756    1447.39    1447.39    -0.7736  1028.3945    34.4651 0.0000e+00
      22645 313.226290  -62.13812  -58.43551     -0.896    1448.44    169.000    167.310    -0.7690    -0.7682     0.0008    -0.7739    -0.7732     0.0008   2.793793   2.793769  -0.000024    34.2980    34.2968     7.4722    27.5755    27.5745    34.2981    27.5755    1447.37    1447.38    -0.7738  1028.3897    34.4651 0.0000e+00
      22672 313.226303  -62.13812  -58.43550     -0.892    1448.44    168.000    166.320    -0.7697    -0.7685     0.0012    -0.7746    -0.7734     0.0012   2.793682   2.793699   0.000012    34.2981    34.2969     7.4691    27.5756    27.5746    34.2980    27.5755    1447.35    1447.36    -0.7745  1028.3850    34.4650 0.0000e+00
      22697 313.226316  -62.13812  -58.43550     -0.911    1448.44    167.000    165.331    -0.7703    -0.7692     0.0011    -0.7752    -0.7741     0.0011   2.793588   2.793598   0.000014    34.2981    34.2970     7.4805    27.5756    27.5747    34.2981    27.5756    1447.34    1447.34    -0.7751  1028.3802    34.4651 0.0000e+00
      22721 313.226327  -62.13812  -58.43550     -0.979    1448.44    166.000    164.341    -0.7701    -0.7693     0.0007    -0.7749    -0.7742     0.0007   2.793556   2.793546  -0.000012    34.2979    34.2970     7.4824    27.5755    27.5747    34.2979    27.5755    1447.32    1447.32    -0.7748  1028.3753    34.4649 0.0000e+00
      22744 313.226338  -62.13812  -58.43549     -1.037    1448.44    165.000    163.352    -0.7697    -0.7689     0.0008    -0.7745    -0.7737     0.0008   2.793547   2.793526  -0.000020    34.2980    34.2968     7.4743    27.5755    27.5745    34.2980    27.5755    1447.31    1447.31    -0.7744  1028.3706    34.4649 0.0000e+00
      22767 313.226349  -62.13813  -58.43548     -1.039    1448.44    164.000    162.362    -0.7690    -0.7688     0.0002    -0.7738    -0.7737     0.0002   2.793554   2.793488  -0.000062    34.2979    34.2969     7.4748    27.5754    27.5746    34.2979    27.5755    1447.29    1447.29    -0.7737  1028.3657    34.4649 0.0000e+00
      22794 313.226362  -62.13814  -58.43548     -0.959    1448.44    163.000    161.372    -0.7680    -0.7687    -0.0007    -0.7728    -0.7734    -0.0007   2.793587   2.793459  -0.000123    34.2978    34.2969     7.4778    27.5753    27.5746    34.2979    27.5753    1447.28    1447.28    -0.7727  1028.3609    34.4649 0.0000e+00
      22824 313.226377  -62.13814 -9.990e-29     -0.817    1448.44    162.000    160.383    -0.7678    -0.7686    -0.0007    -0.7726    -0.7733    -0.0007   2.793551   2.793423  -0.000131    34.2978    34.2968     7.4671    27.5753    27.5745    34.2978    27.5753    1447.27    1447.26    -0.7724  1028.3576    34.4667 0.0000e+00
      22855 313.226392  -62.13814 -9.990e-29     -0.772    1448.44    161.000    159.393    -0.7679    -0.7679    -0.0000    -0.7726    -0.7726    -0.0000   2.793500   2.793422  -0.000076    34.2978    34.2968     7.4698    27.5753    27.5745    34.2978    27.5753    1447.25    1447.25    -0.7725  1028.3528    34.4667 0.0000e+00
      22882 313.226405  -62.13814 -9.990e-29     -0.814    1448.44    160.000    158.404    -0.7671    -0.7665     0.0006    -0.7718    -0.7712     0.0006   2.793528   2.793477  -0.000054    34.2978    34.2964     7.4833    27.5753    27.5741    34.2979    27.5754    1447.24    1447.24    -0.7717  1028.3481    34.4668 0.0000e+00
      22906 313.226416  -62.13814  -58.43546     -0.978    1448.44    159.000    157.414    -0.7669    -0.7660     0.0009    -0.7716    -0.7706     0.0009   2.793496   2.793469  -0.000032    34.2978    34.2963     7.4900    27.5753    27.5740    34.2979    27.5753    1447.22    1447.22    -0.7714  1028.3426    34.4660 0.0000e+00
      22928 313.226427  -62.13814  -58.43546     -1.060    1448.44    158.000    156.424    -0.7668    -0.7659     0.0009    -0.7714    -0.7705     0.0009   2.793451   2.793430  -0.000021    34.2977    34.2964     7.4834    27.5751    27.5740    34.2977    27.5752    1447.20    1447.21    -0.7713  1028.3368    34.4646 0.0000e+00
      22953 313.226439  -62.13816  -58.43546     -1.030    1448.44    157.000    155.435    -0.7667    -0.7661     0.0006    -0.7713    -0.7707     0.0006   2.793421   2.793379  -0.000042    34.2978    34.2966     7.4749    27.5753    27.5742    34.2978    27.5752    1447.19    1447.19    -0.7712  1028.3321    34.4647 0.0000e+00
      22984 313.226454  -62.13816  -58.43546     -0.813    1448.44    156.000    154.445    -0.7663    -0.7662     0.0001    -0.7708    -0.7708     0.0001   2.793395   2.793328  -0.000066    34.2976    34.2967     7.4727    27.5751    27.5743    34.2977    27.5751    1447.18    1447.17    -0.7708  1028.3271    34.4646 0.0000e+00
      23017 313.226470  -62.13816  -58.43545     -0.714    1448.44    155.000    153.455    -0.7660    -0.7655     0.0005    -0.7706    -0.7701     0.0005   2.793369   2.793333  -0.000039    34.2976    34.2965     7.4762    27.5751    27.5741    34.2977    27.5751    1447.16    1447.16    -0.7704  1028.3223    34.4646 0.0000e+00
      23044 313.226483  -62.13816  -58.43544     -0.822    1448.44    154.000    152.466    -0.7651    -0.7646     0.0005    -0.7697    -0.7691     0.0005   2.793376   2.793335  -0.000040    34.2972    34.2962     7.4788    27.5747    27.5738    34.2973    27.5748    1447.15    1447.15    -0.7695  1028.3173    34.4642 0.0000e+00
      23068 313.226495  -62.13816  -58.43544     -0.959    1448.44    153.000    151.476    -0.7651    -0.7643     0.0009    -0.7696    -0.7688     0.0009   2.793334   2.793316  -0.000020    34.2974    34.2962     7.4840    27.5749    27.5738    34.2974    27.5748    1447.13    1447.13    -0.7695  1028.3125    34.4643 0.0000e+00
      23092 313.226506  -62.13818  -58.43544     -1.020    1448.44    152.000    150.486    -0.7654    -0.7646     0.0008    -0.7699    -0.7690     0.0008   2.793268   2.793249  -0.000025    34.2975    34.2962     7.4863    27.5749    27.5738    34.2974    27.5749    1447.11    1447.12    -0.7697  1028.3078    34.4643 0.0000e+00
