Pos-Processados/process_op42/Processamento_split/up/uoperantar42_012.cnv
* Sea-Bird SBE 9 Data File:
* FileName = C:\Users\Hidrografia\Desktop\OPXLII\Brutos\OP42012.hdr
* Software Version Seasave V 7.26.7.107
* Temperature SN = 6502
* Conductivity SN = 4998
* Number of Bytes Per Scan = 31
* Number of Voltage Words = 2
* Number of Scans Averaged by the Deck Unit = 1
* NMEA Latitude = 45 45.00 S
* NMEA Longitude = 055 01.26 W
* NMEA UTC (Time) = Oct 19 2023 15:31:14
* NMEA baud rate = 4800
** H41
** NPOALTEMAXIMIANO
** NUMERO DA ESTACAO (XXX) 012
** LAT (XX XX.XX S/N) 45 44.898 S
** LONG (XXX XX.XX W/E) 055 00.940 W
** DATAHORA (dd/mm/aaaa hh:mm Z) 19/10/2023 15:24 Z
** PROFUNDIDADE (m) 5690
** OPERADOR 1T ZAMITH
# nquan = 30
# nvalues = 1007                        
# units = specified
# name 0 = scan: Scan Count
# name 1 = timeJ: Julian Days
# name 2 = latitude: Latitude [deg]
# name 3 = longitude: Longitude [deg]
# name 4 = dz/dtM: Descent Rate [m/s]
# name 5 = avgsvCM: Average Sound Velocity [Chen-Millero, m/s]
# name 6 = prDM: Pressure, Digiquartz [db]
# name 7 = depSM: Depth [salt water, m]
# name 8 = t090C: Temperature [ITS-90, deg C]
# name 9 = t190C: Temperature, 2 [ITS-90, deg C]
# name 10 = T2-T190C: Temperature Difference, 2 - 1 [ITS-90, deg C]
# name 11 = potemp090C: Potential Temperature [ITS-90, deg C]
# name 12 = potemp190C: Potential Temperature, 2 [ITS-90, deg C]
# name 13 = potemp90Cdiff: Potential Temperature, Diff, 2 - 1 [ITS-90, deg C]
# name 14 = c0S/m: Conductivity [S/m]
# name 15 = c1S/m: Conductivity, 2 [S/m]
# name 16 = C2-C1S/m: Conductivity Difference, 2 - 1 [S/m]
# name 17 = sal00: Salinity, Practical [PSU]
# name 18 = sal11: Salinity, Practical, 2 [PSU]
# name 19 = sbeox0ML/L: Oxygen, SBE 43 [ml/l]
# name 20 = sigma-é00: Density [sigma-theta, kg/m^3]
# name 21 = sigma-é11: Density, 2 [sigma-theta, kg/m^3]
# name 22 = sal00: Salinity, Practical [PSU]
# name 23 = sigma-é00: Density [sigma-theta, kg/m^3]
# name 24 = svCM: Sound Velocity [Chen-Millero, m/s]
# name 25 = svCM1: Sound Velocity, 2 [Chen-Millero, m/s]
# name 26 = gsw_ptA0: potential temperature [ITS-90, deg C]
# name 27 = gsw_densityA0: density, TEOS-10 [density, kg/m^3]
# name 28 = gsw_saA0: Absolute Salinity [g/kg]
# name 29 = flag:
# span 0 =      29335,      63010       
# span 1 = 292.660836, 292.677076       
# span 2 =  -45.76244,  -45.75587       
# span 3 =  -55.02235,  -55.02077       
# span 4 =     -1.303,     -0.249       
# span 5 =    1472.17,    1472.17       
# span 6 =      5.000,   1011.000       
# span 7 =      4.972,   1000.282       
# span 8 =     2.6465,     8.3582       
# span 9 =     2.6478,     8.3598       
# span 10 =    -0.2307,     0.2100      
# span 11 =     2.5828,     8.3577      
# span 12 =     2.5841,     8.3593      
# span 13 =    -0.2306,     0.2099      
# span 14 =   3.132121,   3.571820      
# span 15 =   3.132163,   3.571789      
# span 16 =  -0.019619,   0.017965      
# span 17 =    34.0473,    34.5092      
# span 18 =    34.0470,    34.5084      
# span 19 =     3.8938,     7.0308      
# span 20 =    26.5251,    27.5297      
# span 21 =    26.5235,    27.5289      
# span 22 =    34.0501,    34.5092      
# span 23 =    26.5266,    27.5296      
# span 24 =    1469.26,    1482.81      
# span 25 =    1469.26,    1482.82      
# span 26 =     2.5827,     8.3577      
# span 27 =  1026.5515,  1032.2225      
# span 28 =    34.2111,    34.6763      
# span 29 = 0.0000e+00, 0.0000e+00      
# interval = decibars: 1                
# start_time = Oct 19 2023 15:31:14 [NMEA time, header]
# bad_flag = -9.990e-29
*END*
[from data line 339]
      38173 292.665098  -45.75764  -55.02102     -0.965    1472.17    672.000    665.419     3.0600     3.0611     0.0011     3.0160     3.0171     0.0011   3.145561   3.145593   0.000028    34.3171    34.3163     4.6336    27.3385    27.3377    34.3172    27.3385    1472.80    1472.80     3.0159  1030.4633    34.4817 0.0000e+00
      38196 292.665109  -45.75764  -55.02102     -1.018    1472.17    671.000    664.430     3.0606     3.0610     0.0004     3.0167     3.0171     0.0004   3.145518   3.145530   0.000019    34.3164    34.3162     4.6380    27.3378    27.3377    34.3165    27.3380    1472.78    1472.78     3.0166  1030.4581    34.4810 0.0000e+00
      38221 292.665122  -45.75764  -55.02102     -0.997    1472.17    670.000    663.442     3.0618     3.0616    -0.0002     3.0179     3.0178    -0.0002   3.145556   3.145501  -0.000050    34.3161    34.3157     4.6479    27.3375    27.3372    34.3163    27.3376    1472.77    1472.77     3.0179  1030.4531    34.4808 0.0000e+00
      38254 292.665137  -45.75765  -55.02102     -0.795    1472.17    669.000    662.454     3.0634     3.0616    -0.0018     3.0196     3.0178    -0.0018   3.145622   3.145460  -0.000155    34.3157    34.3157     4.6506    27.3371    27.3372    34.3159    27.3372    1472.76    1472.75     3.0195  1030.4480    34.4804 0.0000e+00
      38292 292.665156  -45.75766  -55.02102     -0.624    1472.17    668.000    661.465     3.0644     3.0642    -0.0002     3.0206     3.0204    -0.0002   3.145664   3.145587  -0.000081    34.3157    34.3150     4.6489    27.3370    27.3364    34.3159    27.3371    1472.75    1472.74     3.0206  1030.4433    34.4804 0.0000e+00
      38324 292.665171  -45.75766  -55.02102     -0.714    1472.17    667.000    660.476     3.0647     3.0656     0.0009     3.0211     3.0219     0.0009   3.145624   3.145640   0.000004    34.3155    34.3146     4.6524    27.3367    27.3360    34.3156    27.3368    1472.73    1472.73     3.0210  1030.4384    34.4801 0.0000e+00
      38349 292.665183  -45.75767  -55.02102     -0.871    1472.17    666.000    659.487     3.0657     3.0670     0.0013     3.0221     3.0235     0.0013   3.145695   3.145706   0.000018    34.3157    34.3145     4.6511    27.3368    27.3357    34.3160    27.3370    1472.72    1472.72     3.0220  1030.4340    34.4804 0.0000e+00
      38373 292.665195  -45.75768  -55.02102     -0.985    1472.17    665.000    658.499     3.0666     3.0678     0.0012     3.0231     3.0243     0.0012   3.145701   3.145720   0.000016    34.3154    34.3143     4.6523    27.3364    27.3355    34.3156    27.3366    1472.71    1472.71     3.0230  1030.4289    34.4800 0.0000e+00
      38396 292.665206  -45.75768  -55.02102     -1.037    1472.17    664.000    657.510     3.0677     3.0689     0.0012     3.0243     3.0255     0.0012   3.145703   3.145721   0.000012    34.3148    34.3137     4.6580    27.3359    27.3349    34.3150    27.3360    1472.69    1472.70     3.0242  1030.4237    34.4794 0.0000e+00
      38419 292.665217  -45.75769  -55.02102     -1.051    1472.17    663.000    656.521     3.0692     3.0705     0.0014     3.0258     3.0271     0.0014   3.145730   3.145758   0.000023    34.3141    34.3129     4.6546    27.3352    27.3341    34.3143    27.3353    1472.68    1472.69     3.0257  1030.4184    34.4787 0.0000e+00
      38442 292.665228  -45.75770  -55.02102     -1.032    1472.17    662.000    655.533     3.0709     3.0725     0.0016     3.0276     3.0291     0.0015   3.145817   3.145836   0.000018    34.3137    34.3123     4.6558    27.3347    27.3334    34.3140    27.3350    1472.67    1472.68     3.0275  1030.4133    34.4784 0.0000e+00
      38469 292.665241  -45.75770  -55.02102     -0.959    1472.17    661.000    654.544     3.0734     3.0736     0.0002     3.0301     3.0303     0.0002   3.145982   3.145887  -0.000078    34.3135    34.3124     4.6562    27.3344    27.3334    34.3140    27.3347    1472.67    1472.67     3.0300  1030.4076    34.4774 0.0000e+00
      38500 292.665256 -9.990e-29  -55.02102     -0.800    1472.17    660.000    653.556     3.0765     3.0727    -0.0038     3.0332     3.0295    -0.0038   3.146173   3.145822  -0.000338    34.3131    34.3130     4.6618    27.3337    27.3339    34.3135    27.3341    1472.66    1472.65     3.0332  1030.4013    34.4757 0.0000e+00
      38531 292.665271 -9.990e-29  -55.02102     -0.761    1472.17    659.000    652.567     3.0816     3.0807    -0.0009     3.0384     3.0375    -0.0009   3.146496   3.146366  -0.000144    34.3121    34.3113     4.6638    27.3324    27.3319    34.3126    27.3328    1472.67    1472.66     3.0383  1030.3954    34.4747 0.0000e+00
      38556 292.665283 -9.990e-29  -55.02104     -0.880    1472.17    658.000    651.578     3.0815     3.0820     0.0005     3.0384     3.0389     0.0005   3.146323   3.146318  -0.000009    34.3109    34.3102     4.6682    27.3315    27.3309    34.3111    27.3316    1472.65    1472.65     3.0383  1030.3896    34.4732 0.0000e+00
      38581 292.665295 -9.990e-29  -55.02104     -0.963    1472.17    657.000    650.590     3.0821     3.0826     0.0005     3.0390     3.0396     0.0005   3.146249   3.146227  -0.000026    34.3099    34.3090     4.6673    27.3306    27.3298    34.3101    27.3308    1472.63    1472.63     3.0390  1030.3841    34.4723 0.0000e+00
      38610 292.665309 -9.990e-29  -55.02104     -0.891    1472.17    656.000    649.601     3.0829     3.0829    -0.0000     3.0400     3.0400    -0.0000   3.146177   3.146189   0.000009    34.3087    34.3088     4.6722    27.3296    27.3297    34.3089    27.3298    1472.62    1472.62     3.0399  1030.3784    34.4710 0.0000e+00
      38641 292.665324 -9.990e-29  -55.02104     -0.770    1472.17    655.000    648.612     3.0837     3.0822    -0.0015     3.0408     3.0393    -0.0015   3.145996   3.146023   0.000033    34.3063    34.3083     4.6819    27.3276    27.3293    34.3064    27.3277    1472.60    1472.60     3.0407  1030.3718    34.4686 0.0000e+00
      38668 292.665337  -45.75774  -55.02104     -0.829    1472.17    654.000    647.623     3.0840     3.0849     0.0010     3.0411     3.0421     0.0009   3.145886   3.145910   0.000019    34.3051    34.3044     4.6867    27.3266    27.3259    34.3053    27.3268    1472.59    1472.59     3.0411  1030.3670    34.4683 0.0000e+00
      38693 292.665349  -45.75774  -55.02104     -0.927    1472.17    653.000    646.635     3.0845     3.0858     0.0013     3.0417     3.0430     0.0013   3.145860   3.145890   0.000030    34.3048    34.3037     4.6932    27.3263    27.3254    34.3050    27.3265    1472.57    1472.58     3.0416  1030.3631    34.4693 0.0000e+00
      38722 292.665363  -45.75775  -55.02104     -0.883    1472.17    652.000    645.646     3.0858     3.0864     0.0006     3.0431     3.0436     0.0006   3.145902   3.145858  -0.000033    34.3044    34.3033     4.7068    27.3258    27.3250    34.3047    27.3261    1472.56    1472.56     3.0430  1030.3581    34.4690 0.0000e+00
      38758 292.665381  -45.75776  -55.02104     -0.686    1472.17    651.000    644.657     3.0883     3.0849    -0.0034     3.0457     3.0423    -0.0034   3.146039   3.145829  -0.000201    34.3038    34.3050     4.7165    27.3251    27.3264    34.3042    27.3255    1472.55    1472.54     3.0456  1030.3528    34.4685 0.0000e+00
      38792 292.665397  -45.75776  -55.02104     -0.692    1472.17    650.000    643.671     3.0954     3.0935    -0.0019     3.0528     3.0509    -0.0019   3.146630   3.146349  -0.000264    34.3034    34.3022     4.7175    27.3242    27.3234    34.3043    27.3249    1472.57    1472.56     3.0527  1030.3475    34.4686 0.0000e+00
      38827 292.665414  -45.75776  -55.02104     -0.706    1472.17    649.000    642.678     3.1030     3.1009    -0.0021     3.0604     3.0583    -0.0021   3.147184   3.146959  -0.000243    34.3028    34.3021     4.7181    27.3230    27.3226    34.3036    27.3237    1472.58    1472.57     3.0603  1030.3415    34.4679 0.0000e+00
      38861 292.665430  -45.75778  -55.02104     -0.681    1472.17    648.000    641.691     3.1083     3.1071    -0.0012     3.0658     3.0646    -0.0012   3.147567   3.147402  -0.000162    34.3024    34.3017     4.7184    27.3222    27.3218    34.3031    27.3228    1472.59    1472.58     3.0657  1030.3359    34.4674 0.0000e+00
      38889 292.665444  -45.75778  -55.02104     -0.803    1472.17    647.000    640.703     3.1107     3.1069    -0.0039     3.0683     3.0644    -0.0039   3.147718   3.147328  -0.000363    34.3020    34.3018     4.7247    27.3217    27.3218    34.3029    27.3224    1472.58    1472.56     3.0682  1030.3308    34.4672 0.0000e+00
      38911 292.665454  -45.75778  -55.02104     -0.974    1472.17    646.000    639.713     3.1135     3.1119    -0.0016     3.0710     3.0695    -0.0016   3.147827   3.147693  -0.000165    34.3012    34.3009     4.7261    27.3207    27.3207    34.3019    27.3213    1472.58    1472.57     3.0710  1030.3251    34.4662 0.0000e+00
      38931 292.665464  -45.75778  -55.02104     -1.132    1472.17    645.000    638.724     3.1148     3.1159     0.0011     3.0725     3.0736     0.0011   3.147925   3.147915  -0.000017    34.3015    34.3001     4.7322    27.3209    27.3197    34.3022    27.3214    1472.57    1472.57     3.0724  1030.3206    34.4665 0.0000e+00
      38951 292.665474  -45.75778  -55.02104     -1.176    1472.17    644.000    637.736     3.1160     3.1170     0.0010     3.0737     3.0747     0.0010   3.147927   3.147929  -0.000002    34.3011    34.3000     4.7352    27.3204    27.3195    34.3015    27.3208    1472.55    1472.56     3.0736  1030.3153    34.4658 0.0000e+00
      38972 292.665484  -45.75779  -55.02104     -1.161    1472.17    643.000    636.747     3.1150     3.1153     0.0003     3.0728     3.0731     0.0003   3.147703   3.147668  -0.000056    34.3002    34.2992     4.7309    27.3198    27.3190    34.3004    27.3199    1472.53    1472.53     3.0727  1030.3099    34.4646 0.0000e+00
      38995 292.665495  -45.75780  -55.02104     -1.114    1472.17    642.000    635.758     3.1135     3.1147     0.0012     3.0714     3.0725     0.0012   3.147429   3.147508   0.000082    34.2990    34.2987     4.7287    27.3190    27.3186    34.2992    27.3191    1472.51    1472.51     3.0713  1030.3044    34.4634 0.0000e+00
      39019 292.665506  -45.75780  -55.02104     -1.035    1472.17    641.000    634.770     3.1138     3.1143     0.0005     3.0717     3.0722     0.0005   3.147297   3.147331   0.000036    34.2975    34.2974     4.7369    27.3177    27.3176    34.2978    27.3179    1472.49    1472.49     3.0717  1030.2987    34.4620 0.0000e+00
      39045 292.665519  -45.75781  -55.02104     -0.959    1472.17    640.000    633.781     3.1164     3.1157    -0.0007     3.0744     3.0737    -0.0007   3.147377   3.147313  -0.000064    34.2961    34.2961     4.7420    27.3164    27.3164    34.2965    27.3167    1472.48    1472.48     3.0743  1030.2928    34.4607 0.0000e+00
      39069 292.665531  -45.75782  -55.02104     -0.948    1472.17    639.000    632.792     3.1181     3.1185     0.0003     3.0762     3.0765     0.0003   3.147458   3.147422  -0.000041    34.2958    34.2949     4.7442    27.3160    27.3152    34.2962    27.3163    1472.47    1472.47     3.0761  1030.2877    34.4604 0.0000e+00
      39094 292.665543  -45.75782  -55.02104     -0.976    1472.17    638.000    631.803     3.1195     3.1206     0.0011     3.0776     3.0787     0.0011   3.147486   3.147496   0.000008    34.2953    34.2943     4.7531    27.3155    27.3145    34.2956    27.3157    1472.46    1472.47     3.0775  1030.2825    34.4599 0.0000e+00
      39121 292.665555  -45.75782  -55.02104     -0.931    1472.17    637.000    630.815     3.1204     3.1205     0.0001     3.0786     3.0787     0.0001   3.147512   3.147466  -0.000044    34.2952    34.2945     4.7632    27.3153    27.3147    34.2956    27.3156    1472.45    1472.45     3.0785  1030.2777    34.4598 0.0000e+00
      39150 292.665570  -45.75784  -55.02104     -0.840    1472.17    636.000    629.826     3.1218     3.1204    -0.0014     3.0800     3.0787    -0.0014   3.147571   3.147439  -0.000128    34.2949    34.2948     4.7680    27.3149    27.3149    34.2953    27.3152    1472.44    1472.43     3.0800  1030.2727    34.4595 0.0000e+00
      39178 292.665583  -45.75784  -55.02104     -0.836    1472.17    635.000    628.837     3.1231     3.1237     0.0006     3.0814     3.0820     0.0006   3.147631   3.147600  -0.000034    34.2948    34.2938     4.7736    27.3147    27.3139    34.2952    27.3150    1472.43    1472.43     3.0813  1030.2666    34.4577 0.0000e+00
      39202 292.665595 -9.990e-29  -55.02104     -0.929    1472.17    634.000    627.848     3.1239     3.1245     0.0005     3.0823     3.0828     0.0005   3.147635   3.147618  -0.000023    34.2946    34.2937     4.7735    27.3144    27.3137    34.2949    27.3147    1472.41    1472.41     3.0822  1030.2612    34.4569 0.0000e+00
      39223 292.665605 -9.990e-29  -55.02104     -1.064    1472.17    633.000    626.860     3.1238     3.1257     0.0019     3.0823     3.0841     0.0019   3.147587   3.147654   0.000063    34.2947    34.2935     4.7732    27.3146    27.3134    34.2949    27.3147    1472.40    1472.40     3.0822  1030.2567    34.4570 0.0000e+00
      39241 292.665614 -9.990e-29  -55.02104     -1.191    1472.17    632.000    625.871     3.1241     3.1254     0.0013     3.0826     3.0840     0.0013   3.147564   3.147593   0.000029    34.2947    34.2936     4.7776    27.3145    27.3135    34.2949    27.3147    1472.38    1472.39     3.0825  1030.2520    34.4570 0.0000e+00
      39260 292.665623 -9.990e-29  -55.02104     -1.279    1472.17    631.000    624.882     3.1248     3.1262     0.0014     3.0834     3.0848     0.0014   3.147569   3.147589   0.000017    34.2945    34.2933     4.7799    27.3143    27.3132    34.2947    27.3145    1472.37    1472.37     3.0833  1030.2472    34.4568 0.0000e+00
      39280 292.665632  -45.75786  -55.02104     -1.259    1472.17    630.000    623.893     3.1254     3.1263     0.0009     3.0841     3.0849     0.0009   3.147549   3.147554   0.000007    34.2942    34.2933     4.7773    27.3140    27.3132    34.2944    27.3141    1472.35    1472.36     3.0840  1030.2437    34.4584 0.0000e+00
      39308 292.665646  -45.75786  -55.02105     -0.991    1472.17    629.000    622.904     3.1261     3.1261 1.2869e-07     3.0848     3.0848 1.2869e-07   3.147511   3.147478  -0.000030    34.2936    34.2932     4.7759    27.3134    27.3131    34.2938    27.3136    1472.34    1472.34     3.0847  1030.2387    34.4579 0.0000e+00
      39342 292.665662  -45.75788  -55.02106     -0.700    1472.17    628.000    621.916     3.1264     3.1267     0.0003     3.0852     3.0855     0.0003   3.147478   3.147459  -0.000026    34.2934    34.2927     4.7823    27.3132    27.3127    34.2935    27.3133    1472.32    1472.33     3.0851  1030.2338    34.4576 0.0000e+00
      39370 292.665675  -45.75788  -55.02104     -0.805    1472.17    627.000    620.927     3.1267     3.1277     0.0010     3.0855     3.0865     0.0010   3.147436   3.147444   0.000009    34.2932    34.2922     4.7772    27.3130    27.3122    34.2933    27.3131    1472.31    1472.31     3.0855  1030.2289    34.4574 0.0000e+00
      39394 292.665687  -45.75788  -55.02104     -0.959    1472.17    626.000    619.938     3.1266     3.1276     0.0009     3.0856     3.0865     0.0009   3.147370   3.147376   0.000006    34.2929    34.2920     4.7798    27.3128    27.3120    34.2930    27.3129    1472.29    1472.29     3.0855  1030.2241    34.4572 0.0000e+00
