Pos-Processados/process_op42/Processamento_split/up/uoperantar42_016.cnv
* Sea-Bird SBE 9 Data File:
* FileName = C:\Users\Hidrografia\Desktop\OPXLII\Brutos\OP42016.hdr
* Software Version Seasave V 7.26.7.107
* Temperature SN = 6502
* Conductivity SN = 4998
* Number of Bytes Per Scan = 31
* Number of Voltage Words = 2
* Number of Scans Averaged by the Deck Unit = 1
* NMEA Latitude = 47 17.16 S
* NMEA Longitude = 059 17.59 W
* NMEA UTC (Time) = Oct 21 2023 04:54:38
* NMEA baud rate = 4800
** H41
** NPOALTEMAXIMIANO
** NUMERO DA ESTACAO (XXX) 016
** LAT (XX XX.XX S/N) 47 17.23 S
** LONG (XXX XX.XX W/E) 059 17.82 W
** DATAHORA (dd/mm/aaaa hh:mm Z) 21/10/2023 0454Z
** PROFUNDIDADE (m) 1301
** OPERADOR CT FABIREZA
# nquan = 30
# nvalues = 1010                        
# units = specified
# name 0 = scan: Scan Count
# name 1 = timeJ: Julian Days
# name 2 = latitude: Latitude [deg]
# name 3 = longitude: Longitude [deg]
# name 4 = dz/dtM: Descent Rate [m/s]
# name 5 = avgsvCM: Average Sound Velocity [Chen-Millero, m/s]
# name 6 = prDM: Pressure, Digiquartz [db]
# name 7 = depSM: Depth [salt water, m]
# name 8 = t090C: Temperature [ITS-90, deg C]
# name 9 = t190C: Temperature, 2 [ITS-90, deg C]
# name 10 = T2-T190C: Temperature Difference, 2 - 1 [ITS-90, deg C]
# name 11 = potemp090C: Potential Temperature [ITS-90, deg C]
# name 12 = potemp190C: Potential Temperature, 2 [ITS-90, deg C]
# name 13 = potemp90Cdiff: Potential Temperature, Diff, 2 - 1 [ITS-90, deg C]
# name 14 = c0S/m: Conductivity [S/m]
# name 15 = c1S/m: Conductivity, 2 [S/m]
# name 16 = C2-C1S/m: Conductivity Difference, 2 - 1 [S/m]
# name 17 = sal00: Salinity, Practical [PSU]
# name 18 = sal11: Salinity, Practical, 2 [PSU]
# name 19 = sbeox0ML/L: Oxygen, SBE 43 [ml/l]
# name 20 = sigma-é00: Density [sigma-theta, kg/m^3]
# name 21 = sigma-é11: Density, 2 [sigma-theta, kg/m^3]
# name 22 = sal00: Salinity, Practical [PSU]
# name 23 = sigma-é00: Density [sigma-theta, kg/m^3]
# name 24 = svCM: Sound Velocity [Chen-Millero, m/s]
# name 25 = svCM1: Sound Velocity, 2 [Chen-Millero, m/s]
# name 26 = gsw_ptA0: potential temperature [ITS-90, deg C]
# name 27 = gsw_densityA0: density, TEOS-10 [density, kg/m^3]
# name 28 = gsw_saA0: Absolute Salinity [g/kg]
# name 29 = flag:
# span 0 =      31521,      65192       
# span 1 = 294.219807, 294.236045       
# span 2 =  -47.28607,  -47.28420       
# span 3 =  -59.30431,  -59.29656       
# span 4 =     -1.522,     -0.152       
# span 5 =    1472.95,    1472.95       
# span 6 =      2.000,   1011.000       
# span 7 =      2.000,   1000.141       
# span 8 =     2.6961,     6.2271       
# span 9 =     2.6972,     6.2263       
# span 10 =    -0.0345,     0.0544      
# span 11 =     2.6299,     6.2268      
# span 12 =     2.6311,     6.2258      
# span 13 =    -0.0345,     0.0544      
# span 14 =   3.134724,   3.370521      
# span 15 =   3.134736,   3.370743      
# span 16 =  -0.003096,   0.004906      
# span 17 =    34.0117,    34.3929      
# span 18 =    34.0200,    34.3924      
# span 19 =     4.3024,     7.2307      
# span 20 =    26.7497,    27.4333      
# span 21 =    26.7497,    27.4328      
# span 22 =    34.0228,    34.3929      
# span 23 =    26.7517,    27.4333      
# span 24 =    1469.45,    1476.94      
# span 25 =    1469.47,    1476.94      
# span 26 =     2.6298,     6.2268      
# span 27 =  1026.7629,  1032.1269      
# span 28 =    34.1835,    34.5599      
# span 29 = 0.0000e+00, 0.0000e+00      
# interval = decibars: 1                
# start_time = Oct 21 2023 04:54:38 [NMEA time, header]
# bad_flag = -9.990e-29
*END*
[from data line 97]
      34451 294.221220  -47.28588  -59.29729     -0.551    1472.95    914.000    904.398     2.8411     2.8331    -0.0080     2.7811     2.7731    -0.0080   3.138200   3.137481  -0.000758    34.3304    34.3297     4.6341    27.3702    27.3703    34.3321    27.3715    1475.87    1475.84     2.7810  1031.6161    34.4983 0.0000e+00
      34481 294.221235  -47.28588  -59.29730     -0.711    1472.95    913.000    903.410     2.8411     2.8405    -0.0006     2.7811     2.7805    -0.0006   3.138065   3.138016  -0.000108    34.3305    34.3298     4.6262    27.3702    27.3698    34.3310    27.3707    1475.85    1475.85     2.7810  1031.6107    34.4973 0.0000e+00
      34503 294.221245  -47.28588  -59.29730     -0.965    1472.95    912.000    902.423     2.8466     2.8561     0.0095     2.7866     2.7961     0.0095   3.138537   3.139121   0.000567    34.3295    34.3263     4.6220    27.3690    27.3656    34.3315    27.3706    1475.86    1475.90     2.7866  1031.6058    34.4977 0.0000e+00
      34525 294.221256  -47.28588  -59.29730     -1.096    1472.95    911.000    901.436     2.8565     2.8624     0.0060     2.7965     2.8025     0.0059   3.139159   3.139585   0.000415    34.3277    34.3265     4.6178    27.3666    27.3651    34.3291    27.3678    1475.89    1475.91     2.7965  1031.5982    34.4953 0.0000e+00
      34550 294.221268  -47.28588  -59.29731     -1.029    1472.95    910.000    900.448     2.8590     2.8634     0.0044     2.7991     2.8035     0.0044   3.139279   3.139604   0.000348    34.3271    34.3267     4.6186    27.3660    27.3652    34.3284    27.3670    1475.88    1475.90     2.7990  1031.5928    34.4946 0.0000e+00
      34590 294.221287  -47.28588  -59.29732     -0.625    1472.95    909.000    899.461     2.8737     2.8728    -0.0009     2.8138     2.8130    -0.0009   3.140345   3.140338   0.000020    34.3242    34.3253     4.6287    27.3623    27.3633    34.3263    27.3640    1475.92    1475.92     2.8137  1031.5848    34.4925 0.0000e+00
      34626 294.221305  -47.28588  -59.29732     -0.637    1472.95    908.000    898.474     2.8797     2.8773    -0.0025     2.8199     2.8175    -0.0024   3.140852   3.140614  -0.000244    34.3257    34.3253     4.6360    27.3630    27.3629    34.3266    27.3637    1475.93    1475.92     2.8198  1031.5798    34.4928 0.0000e+00
      34656 294.221319  -47.28588  -59.29733     -0.783    1472.95    907.000    897.487     2.8789     2.8831     0.0042     2.8191     2.8233     0.0042   3.140768   3.141022   0.000219    34.3258    34.3240     4.6415    27.3631    27.3613    34.3270    27.3641    1475.91    1475.93     2.8190  1031.5756    34.4932 0.0000e+00
      34683 294.221332  -47.28588  -59.29734     -0.870    1472.95    906.000    896.499     2.8841     2.8893     0.0052     2.8243     2.8295     0.0052   3.141066   3.141390   0.000319    34.3245    34.3228     4.6417    27.3616    27.3598    34.3257    27.3625    1475.92    1475.94     2.8242  1031.5693    34.4918 0.0000e+00
      34713 294.221347  -47.28588  -59.29734     -0.820    1472.95    905.000    895.511     2.8890     2.8871    -0.0019     2.8293     2.8274    -0.0018   3.141341   3.141182  -0.000118    34.3231    34.3236     4.6425    27.3600    27.3606    34.3243    27.3610    1475.92    1475.91     2.8292  1031.5631    34.4905 0.0000e+00
      34744 294.221362  -47.28586  -59.29736     -0.762    1472.95    904.000    894.525     2.8971     2.8884    -0.0088     2.8374     2.8287    -0.0087   3.141820   3.141240  -0.000572    34.3207    34.3231     4.6442    27.3574    27.3601    34.3220    27.3585    1475.93    1475.90     2.8373  1031.5558    34.4882 0.0000e+00
      34770 294.221374  -47.28586  -59.29736     -0.867    1472.95    903.000    893.537     2.8973     2.9004     0.0031     2.8377     2.8408     0.0031   3.141764   3.141925   0.000095    34.3211    34.3190     4.6487    27.3577    27.3558    34.3217    27.3582    1475.92    1475.93     2.8376  1031.5509    34.4878 0.0000e+00
      34794 294.221385  -47.28586  -59.29736     -0.991    1472.95    902.000    892.550     2.9003     2.9073     0.0070     2.8407     2.8477     0.0070   3.141931   3.142293   0.000364    34.3199    34.3169     4.6533    27.3565    27.3535    34.3211    27.3575    1475.91    1475.94     2.8406  1031.5455    34.4873 0.0000e+00
      34825 294.221400  -47.28586 -9.990e-29     -0.852    1472.95    901.000    891.562     2.9047     2.9073     0.0026     2.8452     2.8478     0.0025   3.142134   3.142254   0.000145    34.3183    34.3173     4.6621    27.3548    27.3538    34.3194    27.3557    1475.91    1475.92     2.8451  1031.5391    34.4857 0.0000e+00
      34867 294.221421  -47.28586 -9.990e-29     -0.557    1472.95    900.000    890.575     2.9120     2.9106    -0.0014     2.8525     2.8511    -0.0014   3.142564   3.142464  -0.000107    34.3165    34.3167     4.6679    27.3527    27.3530    34.3174    27.3534    1475.93    1475.92     2.8524  1031.5322    34.4837 0.0000e+00
      34900 294.221437  -47.28586  -59.29740     -0.669    1472.95    899.000    889.587     2.9110     2.9111     0.0002     2.8516     2.8517     0.0002   3.142444   3.142415  -0.000025    34.3170    34.3165     4.6763    27.3532    27.3528    34.3176    27.3537    1475.91    1475.91     2.8515  1031.5277    34.4837 0.0000e+00
      34924 294.221448  -47.28586  -59.29740     -0.898    1472.95    898.000    888.600     2.9117     2.9119     0.0002     2.8523     2.8526     0.0002   3.142440   3.142398  -0.000047    34.3167    34.3159     4.6799    27.3529    27.3522    34.3173    27.3534    1475.89    1475.89     2.8522  1031.5228    34.4834 0.0000e+00
      34945 294.221458  -47.28586  -59.29740     -1.061    1472.95    897.000    887.612     2.9115     2.9135     0.0020     2.8522     2.8542     0.0020   3.142351   3.142434   0.000072    34.3165    34.3153     4.6825    27.3528    27.3516    34.3169    27.3531    1475.87    1475.88     2.8521  1031.5179    34.4830 0.0000e+00
      34967 294.221469  -47.28586  -59.29741     -1.110    1472.95    896.000    886.625     2.9111     2.9136     0.0025     2.8519     2.8544     0.0025   3.142297   3.142387   0.000090    34.3168    34.3153     4.6865    27.3530    27.3516    34.3172    27.3534    1475.85    1475.86     2.8518  1031.5136    34.4833 0.0000e+00
      34990 294.221480  -47.28586  -59.29742     -1.075    1472.95    895.000    885.638     2.9112     2.9138     0.0026     2.8520     2.8546     0.0026   3.142245   3.142357   0.000105    34.3167    34.3152     4.6849    27.3529    27.3515    34.3171    27.3532    1475.84    1475.85     2.8519  1031.5088    34.4831 0.0000e+00
      35015 294.221492  -47.28586  -59.29742     -0.983    1472.95    894.000    884.650     2.9130     2.9138     0.0008     2.8540     2.8547     0.0008   3.142293   3.142309   0.000022    34.3158    34.3153     4.6923    27.3520    27.3515    34.3162    27.3524    1475.83    1475.83     2.8539  1031.5033    34.4823 0.0000e+00
      35040 294.221504  -47.28586  -59.29743     -0.965    1472.95    893.000    883.663     2.9133     2.9144     0.0012     2.8543     2.8555     0.0012   3.142260   3.142299   0.000039    34.3157    34.3149     4.6975    27.3519    27.3512    34.3161    27.3522    1475.81    1475.82     2.8542  1031.4986    34.4821 0.0000e+00
      35064 294.221516  -47.28585  -59.29744     -0.991    1472.95    892.000    882.675     2.9136     2.9147     0.0011     2.8547     2.8558     0.0011   3.142230   3.142271   0.000041    34.3156    34.3149     4.6968    27.3518    27.3511    34.3159    27.3520    1475.80    1475.80     2.8546  1031.4938    34.4819 0.0000e+00
      35091 294.221529  -47.28584  -59.29744     -0.933    1472.95    891.000    881.688     2.9137     2.9147     0.0010     2.8549     2.8558     0.0010   3.142187   3.142223   0.000035    34.3155    34.3149     4.6975    27.3517    27.3512    34.3158    27.3519    1475.78    1475.79     2.8548  1031.4891    34.4818 0.0000e+00
      35121 294.221543  -47.28584  -59.29746     -0.818    1472.95    890.000    880.701     2.9140     2.9149     0.0009     2.8552     2.8561     0.0009   3.142151   3.142178   0.000027    34.3153    34.3147     4.7017    27.3516    27.3509    34.3156    27.3517    1475.77    1475.77     2.8551  1031.4843    34.4816 0.0000e+00
      35148 294.221556  -47.28584  -59.29746     -0.836    1472.95    889.000    879.713     2.9141     2.9151     0.0010     2.8554     2.8564     0.0010   3.142110   3.142139   0.000029    34.3153    34.3146     4.6963    27.3515    27.3509    34.3155    27.3517    1475.75    1475.75     2.8553  1031.4796    34.4815 0.0000e+00
      35173 294.221568  -47.28584  -59.29746     -0.946    1472.95    888.000    878.725     2.9143     2.9156     0.0013     2.8557     2.8570     0.0013   3.142069   3.142106   0.000037    34.3152    34.3142     4.6999    27.3514    27.3505    34.3153    27.3515    1475.74    1475.74     2.8556  1031.4748    34.4813 0.0000e+00
      35197 294.221580  -47.28584  -59.29746     -0.997    1472.95    887.000    877.738     2.9143     2.9157     0.0014     2.8558     2.8572     0.0014   3.142017   3.142045   0.000030    34.3150    34.3139     4.7032    27.3512    27.3502    34.3151    27.3513    1475.72    1475.72     2.8557  1031.4702    34.4813 0.0000e+00
      35223 294.221592  -47.28584 -9.990e-29     -0.951    1472.95    886.000    876.751     2.9146     2.9161     0.0015     2.8561     2.8576     0.0015   3.141961   3.142013   0.000052    34.3146    34.3136     4.7004    27.3509    27.3500    34.3147    27.3510    1475.70    1475.71     2.8560  1031.4653    34.4809 0.0000e+00
      35251 294.221606  -47.28584 -9.990e-29     -0.876    1472.95    885.000    875.763     2.9152     2.9158     0.0005     2.8568     2.8574     0.0005   3.141939   3.141962   0.000026    34.3141    34.3139     4.7038    27.3505    27.3502    34.3143    27.3506    1475.69    1475.69     2.8567  1031.4603    34.4805 0.0000e+00
      35278 294.221619  -47.28584 -9.990e-29     -0.879    1472.95    884.000    874.775     2.9155     2.9164     0.0009     2.8571     2.8580     0.0009   3.141906   3.141935   0.000025    34.3141    34.3134     4.7061    27.3503    27.3498    34.3141    27.3504    1475.67    1475.67     2.8571  1031.4555    34.4803 0.0000e+00
      35303 294.221631  -47.28584  -59.29750     -0.927    1472.95    883.000    873.788     2.9160     2.9177     0.0017     2.8577     2.8594     0.0017   3.141891   3.141946   0.000054    34.3138    34.3127     4.7073    27.3501    27.3490    34.3139    27.3502    1475.66    1475.66     2.8576  1031.4506    34.4800 0.0000e+00
      35328 294.221643  -47.28584  -59.29750     -0.955    1472.95    882.000    872.801     2.9164     2.9188     0.0024     2.8582     2.8606     0.0024   3.141865   3.141953   0.000084    34.3136    34.3121     4.6997    27.3499    27.3485    34.3137    27.3500    1475.64    1475.65     2.8581  1031.4457    34.4797 0.0000e+00
      35353 294.221655  -47.28583  -59.29750     -0.963    1472.95    881.000    871.813     2.9175     2.9198     0.0023     2.8594     2.8617     0.0023   3.141877   3.141950   0.000068    34.3131    34.3115     4.7022    27.3494    27.3479    34.3132    27.3495    1475.63    1475.64     2.8593  1031.4406    34.4792 0.0000e+00
      35378 294.221667  -47.28582  -59.29752     -0.970    1472.95    880.000    870.826     2.9188     2.9216     0.0028     2.8607     2.8635     0.0028   3.141853   3.141982   0.000127    34.3119    34.3105     4.7119    27.3483    27.3470    34.3121    27.3485    1475.62    1475.63     2.8606  1031.4349    34.4780 0.0000e+00
      35407 294.221681  -47.28582  -59.29752     -0.873    1472.95    879.000    869.838     2.9201     2.9227     0.0026     2.8621     2.8646     0.0025   3.141879   3.141983   0.000105    34.3113    34.3099     4.7194    27.3477    27.3464    34.3115    27.3479    1475.61    1475.62     2.8620  1031.4298    34.4775 0.0000e+00
      35447 294.221700  -47.28582  -59.29752     -0.610    1472.95    878.000    868.851     2.9227     2.9225    -0.0002     2.8648     2.8645    -0.0002   3.141946   3.141924  -0.000014    34.3099    34.3099     4.7245    27.3464    27.3464    34.3101    27.3465    1475.60    1475.60     2.8647  1031.4237    34.4760 0.0000e+00
      35480 294.221716  -47.28582  -59.29754     -0.675    1472.95    877.000    867.863     2.9229     2.9244     0.0016     2.8650     2.8666     0.0016   3.141895   3.141952   0.000049    34.3097    34.3086     4.7231    27.3462    27.3452    34.3099    27.3463    1475.58    1475.59     2.8649  1031.4189    34.4758 0.0000e+00
      35504 294.221728  -47.28582  -59.29754     -0.882    1472.95    876.000    866.876     2.9241     2.9258     0.0017     2.8663     2.8680     0.0017   3.141906   3.141954   0.000057    34.3089    34.3078     4.7290    27.3455    27.3444    34.3092    27.3457    1475.57    1475.58     2.8662  1031.4136    34.4751 0.0000e+00
      35527 294.221739  -47.28582  -59.29754     -1.023    1472.95    875.000    865.888     2.9257     2.9270     0.0013     2.8680     2.8693     0.0013   3.141917   3.141954   0.000031    34.3080    34.3070     4.7305    27.3446    27.3436    34.3082    27.3447    1475.56    1475.56     2.8678  1031.4081    34.4741 0.0000e+00
      35549 294.221749  -47.28582  -59.29756     -1.087    1472.95    874.000    864.901     2.9258     2.9281     0.0023     2.8681     2.8704     0.0023   3.141863   3.141938   0.000071    34.3078    34.3062     4.7325    27.3444    27.3429    34.3080    27.3445    1475.54    1475.55     2.8680  1031.4033    34.4739 0.0000e+00
      35571 294.221760  -47.28582  -59.29756     -1.082    1472.95    873.000    863.913     2.9260     2.9287     0.0027     2.8684     2.8711     0.0027   3.141843   3.141915   0.000071    34.3079    34.3058     4.7348    27.3444    27.3426    34.3080    27.3445    1475.53    1475.54     2.8683  1031.3987    34.4739 0.0000e+00
      35597 294.221773  -47.28582  -59.29756     -0.991    1472.95    872.000    862.926     2.9269     2.9287     0.0018     2.8694     2.8712     0.0018   3.141807   3.141873   0.000065    34.3070    34.3059     4.7450    27.3437    27.3426    34.3072    27.3438    1475.51    1475.52     2.8693  1031.3916    34.4710 0.0000e+00
      35621 294.221784 -9.990e-29  -59.29758     -0.949    1472.95    871.000    861.938     2.9277     2.9301     0.0023     2.8702     2.8726     0.0023   3.141781   3.141863   0.000083    34.3063    34.3048     4.7490    27.3430    27.3416    34.3065    27.3431    1475.50    1475.51     2.8701  1031.3848    34.4682 0.0000e+00
      35642 294.221794 -9.990e-29  -59.29758     -1.071    1472.95    870.000    860.951     2.9300     2.9322     0.0022     2.8726     2.8748     0.0022   3.141830   3.141891   0.000062    34.3050    34.3034     4.7478    27.3417    27.3403    34.3052    27.3419    1475.49    1475.50     2.8725  1031.3789    34.4670 0.0000e+00
      35666 294.221806 -9.990e-29  -59.29758     -1.065    1472.95    869.000    859.963     2.9314     2.9327     0.0013     2.8740     2.8753     0.0013   3.141829   3.141869   0.000039    34.3041    34.3031     4.7470    27.3409    27.3400    34.3043    27.3410    1475.48    1475.49     2.8739  1031.3735    34.4660 0.0000e+00
      35705 294.221825  -47.28580  -59.29760     -0.677    1472.95    868.000    858.975     2.9327     2.9334     0.0006     2.8754     2.8761     0.0006   3.141844   3.141846   0.000005    34.3033    34.3027     4.7550    27.3401    27.3396    34.3036    27.3403    1475.47    1475.47     2.8753  1031.3703    34.4681 0.0000e+00
      35749 294.221846  -47.28580  -59.29760     -0.513    1472.95    867.000    857.988     2.9356     2.9370     0.0014     2.8784     2.8798     0.0014   3.141866   3.141917   0.000048    34.3011    34.3002     4.7729    27.3381    27.3372    34.3013    27.3383    1475.46    1475.47     2.8783  1031.3647    34.4672 0.0000e+00
