Pos-Processados/process_op42/Processamento_split/up/uoperantar42_047.cnv
* Sea-Bird SBE 9 Data File:
* FileName = C:\Users\Hidrografia\Desktop\OPXLII\Brutos\OP42047.hdr
* Software Version Seasave V 7.26.7.107
* Temperature SN = 6502
* Conductivity SN = 4998
* Number of Bytes Per Scan = 37
* Number of Voltage Words = 4
* Number of Scans Averaged by the Deck Unit = 1
* NMEA Latitude = 62 08.18 S
* NMEA Longitude = 058 26.60 W
* NMEA UTC (Time) = Nov 09 2023 22:04:48
* NMEA baud rate = 4800
** H41
** NPOALTEMAXIMIANO
** NUMERO DA ESTACAO (XXX) 047
** LAT (XX XX.XX S/N) 62 08. S
** LONG (XXX XX.XX W/E) 058 26. W
** DATAHORA (dd/mm/aaaa hh:mm Z) 09/11/2023 2205Z
** PROFUNDIDADE (m) 424
** OPERADOR 1T ZAMITH
# nquan = 30
# nvalues = 379                         
# units = specified
# name 0 = scan: Scan Count
# name 1 = timeJ: Julian Days
# name 2 = latitude: Latitude [deg]
# name 3 = longitude: Longitude [deg]
# name 4 = dz/dtM: Descent Rate [m/s]
# name 5 = avgsvCM: Average Sound Velocity [Chen-Millero, m/s]
# name 6 = prDM: Pressure, Digiquartz [db]
# name 7 = depSM: Depth [salt water, m]
# name 8 = t090C: Temperature [ITS-90, deg C]
# name 9 = t190C: Temperature, 2 [ITS-90, deg C]
# name 10 = T2-T190C: Temperature Difference, 2 - 1 [ITS-90, deg C]
# name 11 = potemp090C: Potential Temperature [ITS-90, deg C]
# name 12 = potemp190C: Potential Temperature, 2 [ITS-90, deg C]
# name 13 = potemp90Cdiff: Potential Temperature, Diff, 2 - 1 [ITS-90, deg C]
# name 14 = c0S/m: Conductivity [S/m]
# name 15 = c1S/m: Conductivity, 2 [S/m]
# name 16 = C2-C1S/m: Conductivity Difference, 2 - 1 [S/m]
# name 17 = sal00: Salinity, Practical [PSU]
# name 18 = sal11: Salinity, Practical, 2 [PSU]
# name 19 = sbeox0ML/L: Oxygen, SBE 43 [ml/l]
# name 20 = sigma-é00: Density [sigma-theta, kg/m^3]
# name 21 = sigma-é11: Density, 2 [sigma-theta, kg/m^3]
# name 22 = sal00: Salinity, Practical [PSU]
# name 23 = sigma-é00: Density [sigma-theta, kg/m^3]
# name 24 = svCM: Sound Velocity [Chen-Millero, m/s]
# name 25 = svCM1: Sound Velocity, 2 [Chen-Millero, m/s]
# name 26 = gsw_ptA0: potential temperature [ITS-90, deg C]
# name 27 = gsw_densityA0: density, TEOS-10 [density, kg/m^3]
# name 28 = gsw_saA0: Absolute Salinity [g/kg]
# name 29 = flag:
# span 0 =      14237,      24003       
# span 1 = 313.926865, 313.931575       
# span 2 =  -62.14044,  -62.13876       
# span 3 =  -58.43986,  -58.43722       
# span 4 =     -1.256,      0.378       
# span 5 =    1448.33,    1448.33       
# span 6 =      3.000,    381.000       
# span 7 =      3.000,    376.987       
# span 8 =    -0.7922,    -0.4916       
# span 9 =    -0.7908,    -0.4910       
# span 10 =    -0.0120,     0.0152      
# span 11 =    -0.7988,    -0.5045      
# span 12 =    -0.7974,    -0.5039      
# span 13 =    -0.0120,     0.0152      
# span 14 =   2.793571,   2.834605      
# span 15 =   2.793967,   2.834570      
# span 16 =  -0.001084,   0.001372      
# span 17 =    34.2755,    34.4043      
# span 18 =    34.2721,    34.4032      
# span 19 =     6.6583,     7.6351      
# span 20 =    27.5475,    27.6499      
# span 21 =    27.5438,    27.6490      
# span 22 =    34.2765,    34.4042      
# span 23 =    27.5480,    27.6498      
# span 24 =    1445.68,    1452.27      
# span 25 =    1445.68,    1452.27      
# span 26 =    -0.7986,    -0.5043      
# span 27 =  1027.5681,  1029.4702      
# span 28 =    34.4389,    34.5721      
# span 29 = 0.0000e+00, 0.0000e+00      
# interval = decibars: 1                
# start_time = Nov 09 2023 22:04:48 [NMEA time, header]
# bad_flag = -9.990e-29
*END*
[from data line 146]
      17533 313.928455  -62.13930  -58.43894     -1.110    1448.33    235.000    232.613    -0.7366    -0.7361     0.0005    -0.7437    -0.7432     0.0005   2.801538   2.801526  -0.000017    34.3255    34.3247     7.3026    27.5966    27.5958    34.3254    27.5964    1448.64    1448.64    -0.7436  1028.7254    34.4928 0.0000e+00
      17556 313.928466  -62.13930  -58.43894     -1.065    1448.33    234.000    231.624    -0.7377    -0.7359     0.0019    -0.7449    -0.7430     0.0019   2.801338   2.801473   0.000108    34.3252    34.3246     7.2973    27.5963    27.5958    34.3247    27.5959    1448.61    1448.62    -0.7447  1028.7201    34.4921 0.0000e+00
      17580 313.928478  -62.13930  -58.43892     -1.016    1448.33    233.000    230.635    -0.7503    -0.7433     0.0070    -0.7574    -0.7504     0.0070   2.800001   2.800664   0.000595    34.3238    34.3239     7.3058    27.5957    27.5955    34.3215    27.5938    1448.53    1448.57    -0.7572  1028.7134    34.4889 0.0000e+00
      17603 313.928489  -62.13932  -58.43892     -1.017    1448.33    232.000    229.645    -0.7639    -0.7524     0.0115    -0.7709    -0.7594     0.0115   2.798769   2.799779   0.000992    34.3222    34.3225     7.3086    27.5950    27.5948    34.3208    27.5939    1448.45    1448.51    -0.7707  1028.7088    34.4882 0.0000e+00
      17625 313.928499  -62.13932  -58.43892     -1.060    1448.33    231.000    228.656    -0.7729    -0.7579     0.0150    -0.7798    -0.7649     0.0150   2.797771   2.799154   0.001372    34.3205    34.3221     7.3046    27.5940    27.5946    34.3181    27.5920    1448.39    1448.46    -0.7796  1028.7022    34.4855 0.0000e+00
      17647 313.928510  -62.13932  -58.43890     -1.099    1448.33    230.000    227.667    -0.7789    -0.7717     0.0072    -0.7858    -0.7786     0.0072   2.797183   2.797844   0.000688    34.3191    34.3203     7.3202    27.5931    27.5937    34.3176    27.5918    1448.35    1448.38    -0.7856  1028.6973    34.4850 0.0000e+00
      17669 313.928520  -62.13932  -58.43890     -1.110    1448.33    229.000    226.677    -0.7830    -0.7775     0.0055    -0.7899    -0.7844     0.0055   2.796727   2.797228   0.000485    34.3183    34.3186     7.3291    27.5926    27.5926    34.3167    27.5913    1448.31    1448.34    -0.7897  1028.6921    34.4841 0.0000e+00
      17690 313.928531  -62.13932  -58.43890     -1.098    1448.33    228.000    225.688    -0.7853    -0.7804     0.0049    -0.7921    -0.7872     0.0049   2.796426   2.796849   0.000459    34.3173    34.3180     7.3403    27.5919    27.5922    34.3159    27.5907    1448.28    1448.30    -0.7920  1028.6867    34.4832 0.0000e+00
      17713 313.928542  -62.13934  -58.43888     -1.085    1448.33    227.000    224.699    -0.7865    -0.7856     0.0010    -0.7933    -0.7924     0.0010   2.796271   2.796310   0.000041    34.3168    34.3163     7.3722    27.5915    27.5911    34.3158    27.5907    1448.26    1448.26    -0.7931  1028.6819    34.4831 0.0000e+00
      17735 313.928552  -62.13934  -58.43888     -1.074    1448.33    226.000    223.709    -0.7868    -0.7855     0.0013    -0.7936    -0.7922     0.0013   2.796192   2.796252   0.000074    34.3166    34.3161     7.3863    27.5914    27.5909    34.3157    27.5906    1448.24    1448.25    -0.7934  1028.6770    34.4830 0.0000e+00
      17757 313.928563  -62.13934  -58.43888     -1.085    1448.33    225.000    222.720    -0.7877    -0.7862     0.0015    -0.7945    -0.7930     0.0015   2.796038   2.796120   0.000086    34.3162    34.3157     7.3807    27.5911    27.5906    34.3152    27.5903    1448.22    1448.23    -0.7943  1028.6720    34.4826 0.0000e+00
      17777 313.928573  -62.13934  -58.43887     -1.138    1448.33    224.000    221.731    -0.7882    -0.7871     0.0011    -0.7949    -0.7938     0.0011   2.795907   2.795944   0.000045    34.3155    34.3149     7.3915    27.5905    27.5900    34.3145    27.5898    1448.20    1448.21    -0.7947  1028.6667    34.4819 0.0000e+00
      17798 313.928583  -62.13934  -58.43886     -1.172    1448.33    223.000    220.741    -0.7892    -0.7880     0.0012    -0.7958    -0.7946     0.0012   2.795758   2.795800   0.000049    34.3151    34.3144     7.4016    27.5902    27.5896    34.3143    27.5896    1448.18    1448.18    -0.7957  1028.6618    34.4816 0.0000e+00
      17820 313.928593  -62.13934  -58.43886     -1.128    1448.33    222.000    219.752    -0.7903    -0.7880     0.0023    -0.7969    -0.7946     0.0023   2.795588   2.795748   0.000135    34.3148    34.3140     7.3943    27.5900    27.5893    34.3139    27.5893    1448.16    1448.17    -0.7968  1028.6567    34.4812 0.0000e+00
      17844 313.928605  -62.13936  -58.43886     -1.033    1448.33    221.000    218.763    -0.7920    -0.7864     0.0056    -0.7986    -0.7930     0.0056   2.795367   2.795824   0.000468    34.3143    34.3143     7.3967    27.5897    27.5895    34.3135    27.5891    1448.13    1448.16    -0.7984  1028.6492    34.4777 0.0000e+00
      17870 313.928617 -9.990e-29  -58.43885     -0.966    1448.33    220.000    217.773    -0.7922    -0.7908     0.0014    -0.7988    -0.7974     0.0014   2.795314   2.795381   0.000075    34.3141    34.3135     7.4046    27.5896    27.5890    34.3136    27.5892    1448.12    1448.12    -0.7986  1028.6426    34.4754 0.0000e+00
      17894 313.928629 -9.990e-29  -58.43884     -0.957    1448.33    219.000    216.784    -0.7900    -0.7908    -0.0008    -0.7965    -0.7973    -0.0008   2.795404   2.795288  -0.000085    34.3130    34.3129     7.4014    27.5886    27.5885    34.3129    27.5885    1448.11    1448.10    -0.7963  1028.6371    34.4747 0.0000e+00
      17917 313.928640 -9.990e-29  -58.43884     -1.014    1448.33    218.000    215.794    -0.7835    -0.7885    -0.0049    -0.7900    -0.7949    -0.0049   2.795919   2.795426  -0.000462    34.3126    34.3119     7.4053    27.5880    27.5877    34.3132    27.5884    1448.12    1448.10    -0.7898  1028.6323    34.4750 0.0000e+00
      17937 313.928650  -62.13938  -58.43882     -1.112    1448.33    217.000    214.805    -0.7760    -0.7779    -0.0019    -0.7825    -0.7844    -0.0019   2.796528   2.796203  -0.000288    34.3125    34.3107     7.4100    27.5876    27.5862    34.3135    27.5884    1448.14    1448.13    -0.7823  1028.6283    34.4764 0.0000e+00
      17956 313.928659  -62.13938  -58.43882     -1.207    1448.33    216.000    213.816    -0.7667    -0.7707    -0.0040    -0.7732    -0.7772    -0.0040   2.797271   2.796792  -0.000448    34.3119    34.3104     7.4064    27.5867    27.5856    34.3136    27.5881    1448.17    1448.15    -0.7730  1028.6266    34.4809 0.0000e+00
      17975 313.928668  -62.13938  -58.43882     -1.256    1448.33    215.000    212.826    -0.7578    -0.7660    -0.0082    -0.7643    -0.7724    -0.0081   2.797883   2.797111  -0.000732    34.3113    34.3107     7.4050    27.5859    27.5857    34.3124    27.5868    1448.19    1448.15    -0.7641  1028.6205    34.4797 0.0000e+00
      17995 313.928678  -62.13938  -58.43881     -1.235    1448.33    214.000    211.837    -0.7525    -0.7583    -0.0058    -0.7589    -0.7647    -0.0058   2.798207   2.797703  -0.000577    34.3105    34.3093     7.4144    27.5850    27.5843    34.3113    27.5857    1448.20    1448.18    -0.7588  1028.6146    34.4786 0.0000e+00
      18017 313.928688  -62.13938  -58.43880     -1.146    1448.33    213.000    210.848    -0.7510    -0.7510    -0.0001    -0.7574    -0.7574    -0.0001   2.798248   2.798132  -0.000115    34.3101    34.3086     7.4169    27.5846    27.5834    34.3108    27.5852    1448.19    1448.19    -0.7572  1028.6093    34.4780 0.0000e+00
      18042 313.928700  -62.13938  -58.43880     -1.038    1448.33    212.000    209.858    -0.7516    -0.7511     0.0005    -0.7579    -0.7575     0.0005   2.798106   2.798076  -0.000043    34.3097    34.3086     7.4017    27.5843    27.5834    34.3102    27.5847    1448.17    1448.17    -0.7578  1028.6041    34.4774 0.0000e+00
      18067 313.928712  -62.13939  -58.43880     -0.966    1448.33    211.000    208.869    -0.7527    -0.7518     0.0009    -0.7590    -0.7581     0.0009   2.797929   2.797959   0.000013    34.3094    34.3085     7.4071    27.5841    27.5833    34.3097    27.5843    1448.15    1448.15    -0.7589  1028.5989    34.4769 0.0000e+00
      18091 313.928724  -62.13940  -58.43879     -0.967    1448.33    210.000    207.879    -0.7550    -0.7524     0.0027    -0.7613    -0.7587     0.0027   2.797643   2.797828   0.000169    34.3091    34.3083     7.4179    27.5840    27.5832    34.3091    27.5839    1448.12    1448.13    -0.7611  1028.5938    34.4763 0.0000e+00
      18114 313.928735  -62.13940  -58.43878     -1.012    1448.33    209.000    206.890    -0.7594    -0.7555     0.0039    -0.7657    -0.7618     0.0039   2.797143   2.797446   0.000296    34.3081    34.3077     7.4161    27.5834    27.5829    34.3079    27.5832    1448.08    1448.10    -0.7655  1028.5883    34.4751 0.0000e+00
      18135 313.928745  -62.13940  -58.43878     -1.082    1448.33    208.000    205.901    -0.7635    -0.7603     0.0032    -0.7698    -0.7666     0.0032   2.796667   2.796923   0.000246    34.3073    34.3070     7.4149    27.5829    27.5825    34.3068    27.5824    1448.05    1448.06    -0.7696  1028.5828    34.4740 0.0000e+00
      18156 313.928755  -62.13940  -58.43878     -1.126    1448.33    207.000    204.911    -0.7662    -0.7623     0.0039    -0.7724    -0.7685     0.0039   2.796400   2.796683   0.000274    34.3071    34.3064     7.4275    27.5828    27.5820    34.3068    27.5825    1448.02    1448.03    -0.7722  1028.5781    34.4740 0.0000e+00
      18178 313.928766  -62.13940  -58.43876     -1.138    1448.33    206.000    203.922    -0.7676    -0.7659     0.0016    -0.7737    -0.7720     0.0016   2.796226   2.796282   0.000070    34.3068    34.3059     7.4294    27.5826    27.5818    34.3066    27.5824    1447.99    1448.00    -0.7736  1028.5733    34.4738 0.0000e+00
      18199 313.928776  -62.13942  -58.43876     -1.128    1448.33    205.000    202.932    -0.7680    -0.7669     0.0010    -0.7741    -0.7730     0.0010   2.796125   2.796137   0.000012    34.3065    34.3055     7.4249    27.5824    27.5815    34.3063    27.5822    1447.98    1447.98    -0.7739  1028.5683    34.4735 0.0000e+00
      18221 313.928787  -62.13942  -58.43876     -1.102    1448.33    204.000    201.943    -0.7694    -0.7673     0.0021    -0.7755    -0.7734     0.0021   2.795928   2.796051   0.000115    34.3062    34.3054     7.4390    27.5822    27.5814    34.3059    27.5819    1447.95    1447.96    -0.7753  1028.5632    34.4730 0.0000e+00
      18244 313.928798  -62.13942  -58.43874     -1.070    1448.33    203.000    200.953    -0.7700    -0.7684     0.0016    -0.7761    -0.7745     0.0016   2.795826   2.795877   0.000054    34.3062    34.3051     7.4437    27.5822    27.5813    34.3058    27.5819    1447.93    1447.94    -0.7759  1028.5584    34.4730 0.0000e+00
      18267 313.928809  -62.13942  -58.43874     -1.050    1448.33    202.000    199.964    -0.7714    -0.7698     0.0016    -0.7774    -0.7758     0.0016   2.795634   2.795716   0.000068    34.3058    34.3048     7.4370    27.5819    27.5811    34.3054    27.5816    1447.91    1447.92    -0.7773  1028.5534    34.4726 0.0000e+00
      18289 313.928819  -62.13944  -58.43874     -1.069    1448.33    201.000    198.975    -0.7729    -0.7711     0.0018    -0.7788    -0.7770     0.0018   2.795440   2.795539   0.000109    34.3054    34.3048     7.4494    27.5817    27.5811    34.3050    27.5814    1447.89    1447.89    -0.7786  1028.5484    34.4722 0.0000e+00
      18311 313.928830  -62.13944  -58.43873     -1.095    1448.33    200.000    197.985    -0.7737    -0.7721     0.0017    -0.7797    -0.7780     0.0017   2.795325   2.795400   0.000072    34.3054    34.3044     7.4512    27.5817    27.5809    34.3051    27.5815    1447.86    1447.87    -0.7795  1028.5437    34.4722 0.0000e+00
      18336 313.928842  -62.13944  -58.43872     -1.024    1448.33    199.000    196.996    -0.7745    -0.7722     0.0022    -0.7804    -0.7781     0.0022   2.795200   2.795332   0.000126    34.3052    34.3044     7.4521    27.5816    27.5809    34.3049    27.5813    1447.85    1447.85    -0.7803  1028.5378    34.4707 0.0000e+00
      18363 313.928855 -9.990e-29  -58.43872     -0.924    1448.33    198.000    196.006    -0.7755    -0.7740     0.0014    -0.7814    -0.7799     0.0014   2.795075   2.795115   0.000046    34.3052    34.3042     7.4661    27.5817    27.5808    34.3049    27.5814    1447.82    1447.83    -0.7812  1028.5298    34.4667 0.0000e+00
      18390 313.928868 -9.990e-29  -58.43870     -0.875    1448.33    197.000    195.017    -0.7772    -0.7753     0.0018    -0.7830    -0.7812     0.0018   2.794845   2.794939   0.000092    34.3047    34.3039     7.4552    27.5813    27.5806    34.3043    27.5810    1447.80    1447.81    -0.7829  1028.5246    34.4661 0.0000e+00
      18416 313.928881 -9.990e-29  -58.43870     -0.910    1448.33    196.000    194.027    -0.7775    -0.7762     0.0014    -0.7834    -0.7820     0.0014   2.794764   2.794803   0.000044    34.3046    34.3036     7.4465    27.5812    27.5804    34.3043    27.5810    1447.78    1447.79    -0.7832  1028.5198    34.4661 0.0000e+00
      18440 313.928892  -62.13946  -58.43870     -0.963    1448.33    195.000    193.038    -0.7783    -0.7769     0.0014    -0.7840    -0.7826     0.0014   2.794636   2.794700   0.000057    34.3044    34.3035     7.4606    27.5810    27.5803    34.3040    27.5808    1447.76    1447.77    -0.7839  1028.5165    34.4678 0.0000e+00
      18463 313.928903  -62.13946  -58.43868     -1.014    1448.33    194.000    192.048    -0.7793    -0.7774     0.0019    -0.7850    -0.7832     0.0019   2.794492   2.794598   0.000106    34.3042    34.3035     7.4720    27.5810    27.5803    34.3038    27.5807    1447.74    1447.75    -0.7849  1028.5143    34.4709 0.0000e+00
      18486 313.928914  -62.13946  -58.43868     -1.041    1448.33    193.000    191.059    -0.7798    -0.7786     0.0013    -0.7856    -0.7843     0.0013   2.794386   2.794430   0.000048    34.3039    34.3031     7.4715    27.5808    27.5801    34.3036    27.5805    1447.72    1447.73    -0.7854  1028.5094    34.4707 0.0000e+00
      18509 313.928926  -62.13946  -58.43868     -1.045    1448.33    192.000    190.069    -0.7804    -0.7791     0.0014    -0.7861    -0.7847     0.0014   2.794276   2.794324   0.000051    34.3037    34.3029     7.4672    27.5806    27.5799    34.3034    27.5804    1447.70    1447.71    -0.7859  1028.5045    34.4705 0.0000e+00
      18532 313.928937  -62.13946  -58.43866     -1.036    1448.33    191.000    189.080    -0.7806    -0.7795     0.0012    -0.7863    -0.7851     0.0012   2.794136   2.794214   0.000077    34.3027    34.3024     7.4773    27.5798    27.5795    34.3024    27.5795    1447.68    1447.69    -0.7861  1028.4989    34.4695 0.0000e+00
      18556 313.928948  -62.13948  -58.43866     -1.023    1448.33    190.000    188.091    -0.7809    -0.7797     0.0012    -0.7865    -0.7853     0.0012   2.794027   2.794103   0.000081    34.3020    34.3018     7.4717    27.5793    27.5790    34.3018    27.5791    1447.66    1447.67    -0.7864  1028.4937    34.4689 0.0000e+00
      18580 313.928960  -62.13948  -58.43866     -1.004    1448.33    189.000    187.101    -0.7803    -0.7797     0.0006    -0.7859    -0.7853     0.0006   2.794000   2.793995  -0.000001    34.3015    34.3008     7.4701    27.5788    27.5782    34.3013    27.5787    1447.65    1447.65    -0.7857  1028.4885    34.4684 0.0000e+00
