Pos-Processados/process_op42/Processamento_split/up/uoperantar42_033.cnv
* Sea-Bird SBE 9 Data File:
* FileName = C:\Users\Hidrografia\Desktop\OPXLII\Brutos\OP42033.hdr
* Software Version Seasave V 7.26.7.107
* Temperature SN = 6502
* Conductivity SN = 4998
* Number of Bytes Per Scan = 37
* Number of Voltage Words = 4
* Number of Scans Averaged by the Deck Unit = 1
* NMEA Latitude = 62 08.12 S
* NMEA Longitude = 058 26.48 W
* NMEA UTC (Time) = Nov 09 2023 08:06:12
* NMEA baud rate = 4800
** H41
** NPOALTEMAXIMIANO
** NUMERO DA ESTACAO (XXX) 033
** LAT (XX XX.XX S/N) 62 08.10 S
** LONG (XXX XX.XX W/E) 058 26.50 W
** DATAHORA (dd/mm/aaaa hh:mm Z) 09/11/2023 0805Z
** PROFUNDIDADE (m) 423
** OPERADOR CT FABIREZA
# nquan = 30
# nvalues = 397                         
# units = specified
# name 0 = scan: Scan Count
# name 1 = timeJ: Julian Days
# name 2 = latitude: Latitude [deg]
# name 3 = longitude: Longitude [deg]
# name 4 = dz/dtM: Descent Rate [m/s]
# name 5 = avgsvCM: Average Sound Velocity [Chen-Millero, m/s]
# name 6 = prDM: Pressure, Digiquartz [db]
# name 7 = depSM: Depth [salt water, m]
# name 8 = t090C: Temperature [ITS-90, deg C]
# name 9 = t190C: Temperature, 2 [ITS-90, deg C]
# name 10 = T2-T190C: Temperature Difference, 2 - 1 [ITS-90, deg C]
# name 11 = potemp090C: Potential Temperature [ITS-90, deg C]
# name 12 = potemp190C: Potential Temperature, 2 [ITS-90, deg C]
# name 13 = potemp90Cdiff: Potential Temperature, Diff, 2 - 1 [ITS-90, deg C]
# name 14 = c0S/m: Conductivity [S/m]
# name 15 = c1S/m: Conductivity, 2 [S/m]
# name 16 = C2-C1S/m: Conductivity Difference, 2 - 1 [S/m]
# name 17 = sal00: Salinity, Practical [PSU]
# name 18 = sal11: Salinity, Practical, 2 [PSU]
# name 19 = sbeox0ML/L: Oxygen, SBE 43 [ml/l]
# name 20 = sigma-é00: Density [sigma-theta, kg/m^3]
# name 21 = sigma-é11: Density, 2 [sigma-theta, kg/m^3]
# name 22 = sal00: Salinity, Practical [PSU]
# name 23 = sigma-é00: Density [sigma-theta, kg/m^3]
# name 24 = svCM: Sound Velocity [Chen-Millero, m/s]
# name 25 = svCM1: Sound Velocity, 2 [Chen-Millero, m/s]
# name 26 = gsw_ptA0: potential temperature [ITS-90, deg C]
# name 27 = gsw_densityA0: density, TEOS-10 [density, kg/m^3]
# name 28 = gsw_saA0: Absolute Salinity [g/kg]
# name 29 = flag:
# span 0 =      14090,      25413       
# span 1 = 313.344433, 313.349894       
# span 2 =  -62.13977,  -62.13788       
# span 3 =  -58.43908,  -58.43634       
# span 4 =     -1.248,     -0.056       
# span 5 =    1448.30,    1448.30       
# span 6 =      1.000,    397.000       
# span 7 =      0.996,    392.814       
# span 8 =    -0.8062,    -0.5444       
# span 9 =    -0.8044,    -0.5431       
# span 10 =    -0.0251,     0.0112      
# span 11 =    -0.8138,    -0.5447      
# span 12 =    -0.8120,    -0.5434      
# span 13 =    -0.0251,     0.0112      
# span 14 =   2.790855,   2.823758      
# span 15 =   2.790819,   2.823756      
# span 16 =  -0.002347,   0.000963      
# span 17 =    34.2760,    34.3889      
# span 18 =    34.2734,    34.3881      
# span 19 =     6.8142,     7.6579      
# span 20 =    27.5521,    27.6436      
# span 21 =    27.5504,    27.6430      
# span 22 =    34.2764,    34.3888      
# span 23 =    27.5534,    27.6436      
# span 24 =    1445.67,    1451.86      
# span 25 =    1445.67,    1451.86      
# span 26 =    -0.8136,    -0.5447      
# span 27 =  1027.5634,  1029.5412      
# span 28 =    34.4417,    34.5592      
# span 29 = 0.0000e+00, 0.0000e+00      
# interval = decibars: 1                
# start_time = Nov 09 2023 08:06:12 [NMEA time, header]
# bad_flag = -9.990e-29
*END*
      14090 313.344433  -62.13788  -58.43908     -0.492    1448.30    397.000    392.814    -0.6317    -0.6310     0.0007    -0.6448    -0.6441     0.0007   2.822375   2.822367  -0.000006    34.3889    34.3879     6.8142    27.6436    27.6428    34.3888    27.6436    1451.86    1451.86    -0.6445  1029.5412    34.5560 0.0000e+00
      14116 313.344446  -62.13790  -58.43906     -0.696    1448.30    396.000    391.826    -0.6317    -0.6310     0.0007    -0.6448    -0.6440     0.0007   2.822321   2.822303  -0.000017    34.3887    34.3876     6.8166    27.6435    27.6426    34.3887    27.6435    1451.84    1451.84    -0.6445  1029.5371    34.5569 0.0000e+00
      14152 313.344463  -62.13790  -58.43906     -0.674    1448.30    395.000    390.837    -0.6315    -0.6311     0.0005    -0.6445    -0.6441     0.0005   2.822302   2.822287  -0.000013    34.3888    34.3881     6.8160    27.6436    27.6430    34.3888    27.6436    1451.83    1451.83    -0.6443  1029.5325    34.5570 0.0000e+00
      14185 313.344479  -62.13790  -58.43906     -0.701    1448.30    394.000    389.848    -0.6312    -0.6308     0.0004    -0.6441    -0.6438     0.0004   2.822289   2.822250  -0.000038    34.3888    34.3879     6.8219    27.6435    27.6427    34.3888    27.6436    1451.81    1451.81    -0.6439  1029.5277    34.5570 0.0000e+00
      14214 313.344493  -62.13790  -58.43904     -0.823    1448.30    393.000    388.860    -0.6308    -0.6300     0.0007    -0.6437    -0.6430     0.0007   2.822273   2.822258  -0.000017    34.3888    34.3878     6.8230    27.6435    27.6427    34.3888    27.6435    1451.80    1451.80    -0.6435  1029.5229    34.5569 0.0000e+00
      14247 313.344509  -62.13792  -58.43904     -0.730    1448.30    392.000    387.871    -0.6307    -0.6299     0.0009    -0.6436    -0.6428     0.0008   2.822232   2.822226  -0.000004    34.3888    34.3877     6.8290    27.6435    27.6426    34.3888    27.6435    1451.78    1451.78    -0.6433  1029.5182    34.5570 0.0000e+00
      14278 313.344524  -62.13792  -58.43904     -0.756    1448.30    391.000    386.883    -0.6307    -0.6299     0.0008    -0.6436    -0.6427     0.0008   2.822186   2.822181  -0.000006    34.3888    34.3878     6.8323    27.6435    27.6426    34.3887    27.6434    1451.76    1451.77    -0.6433  1029.5134    34.5569 0.0000e+00
      14307 313.344538  -62.13792  -58.43902     -0.799    1448.30    390.000    385.894    -0.6305    -0.6299     0.0006    -0.6433    -0.6427     0.0006   2.822133   2.822131   0.000003    34.3884    34.3877     6.8300    27.6432    27.6426    34.3884    27.6432    1451.75    1451.75    -0.6431  1029.5084    34.5566 0.0000e+00
      14331 313.344550  -62.13794  -58.43902     -0.921    1448.30    389.000    384.906    -0.6303    -0.6297     0.0006    -0.6431    -0.6425     0.0006   2.822116   2.822091  -0.000025    34.3885    34.3875     6.8244    27.6433    27.6424    34.3885    27.6433    1451.73    1451.74    -0.6428  1029.5037    34.5567 0.0000e+00
      14354 313.344560  -62.13794  -58.43902     -1.039    1448.30    388.000    383.917    -0.6300    -0.6295     0.0005    -0.6428    -0.6422     0.0005   2.822081   2.822055  -0.000027    34.3884    34.3875     6.8263    27.6432    27.6424    34.3884    27.6431    1451.72    1451.72    -0.6425  1029.4988    34.5566 0.0000e+00
      14375 313.344571  -62.13794  -58.43902     -1.097    1448.30    387.000    382.929    -0.6301    -0.6295     0.0006    -0.6429    -0.6422     0.0006   2.822023   2.822006  -0.000014    34.3883    34.3874     6.8356    27.6431    27.6423    34.3883    27.6431    1451.70    1451.70    -0.6426  1029.4956    34.5584 0.0000e+00
      14399 313.344582  -62.13794 -9.990e-29     -1.070    1448.30    386.000    381.940    -0.6303    -0.6296     0.0006    -0.6430    -0.6423     0.0006   2.821964   2.821956  -0.000010    34.3884    34.3875     6.8315    27.6431    27.6424    34.3883    27.6431    1451.68    1451.69    -0.6427  1029.4913    34.5590 0.0000e+00
      14431 313.344598  -62.13794 -9.990e-29     -0.836    1448.30    385.000    380.952    -0.6305    -0.6297     0.0008    -0.6431    -0.6423     0.0008   2.821916   2.821916 -6.503e-07    34.3885    34.3876     6.8291    27.6433    27.6425    34.3885    27.6433    1451.67    1451.67    -0.6429  1029.4867    34.5592 0.0000e+00
      14468 313.344615  -62.13796  -58.43898     -0.642    1448.30    384.000    379.963    -0.6308    -0.6299     0.0009    -0.6434    -0.6425     0.0009   2.821826   2.821834   0.000008    34.3884    34.3874     6.8297    27.6432    27.6424    34.3883    27.6431    1451.65    1451.65    -0.6432  1029.4809    34.5579 0.0000e+00
      14496 313.344629  -62.13796  -58.43898     -0.760    1448.30    383.000    378.975    -0.6301    -0.6297     0.0004    -0.6427    -0.6423     0.0004   2.821828   2.821769  -0.000054    34.3880    34.3868     6.8265    27.6428    27.6419    34.3881    27.6429    1451.63    1451.63    -0.6424  1029.4748    34.5562 0.0000e+00
      14521 313.344641  -62.13796  -58.43898     -0.924    1448.30    382.000    377.986    -0.6285    -0.6278     0.0006    -0.6410    -0.6404     0.0006   2.821853   2.821821  -0.000031    34.3872    34.3860     6.8315    27.6421    27.6412    34.3872    27.6421    1451.62    1451.63    -0.6408  1029.4692    34.5553 0.0000e+00
      14545 313.344653  -62.13796  -58.43896     -0.978    1448.30    381.000    376.997    -0.6289    -0.6296    -0.0007    -0.6414    -0.6422    -0.0007   2.821718   2.821592  -0.000135    34.3867    34.3857     6.8311    27.6417    27.6410    34.3865    27.6416    1451.61    1451.60    -0.6412  1029.4640    34.5546 0.0000e+00
      14570 313.344665  -62.13798  -58.43896     -0.999    1448.30    380.000    376.009    -0.6322    -0.6306     0.0016    -0.6447    -0.6431     0.0016   2.821377   2.821447   0.000067    34.3866    34.3856     6.8319    27.6417    27.6409    34.3863    27.6415    1451.57    1451.58    -0.6444  1029.4592    34.5544 0.0000e+00
      14595 313.344677  -62.13798  -58.43896     -0.968    1448.30    379.000    375.020    -0.6323    -0.6311     0.0012    -0.6447    -0.6435     0.0012   2.821308   2.821361   0.000053    34.3860    34.3854     6.8352    27.6413    27.6408    34.3860    27.6413    1451.56    1451.56    -0.6445  1029.4542    34.5541 0.0000e+00
      14621 313.344689  -62.13798  -58.43894     -0.937    1448.30    378.000    374.031    -0.6320    -0.6309     0.0010    -0.6443    -0.6433     0.0010   2.821290   2.821297   0.000014    34.3860    34.3851     6.8412    27.6413    27.6405    34.3860    27.6413    1451.54    1451.54    -0.6441  1029.4495    34.5541 0.0000e+00
      14646 313.344701  -62.13798  -58.43894     -0.945    1448.30    377.000    373.043    -0.6289    -0.6304    -0.0015    -0.6413    -0.6428    -0.0015   2.821506   2.821300  -0.000182    34.3855    34.3848     6.8394    27.6408    27.6402    34.3860    27.6411    1451.54    1451.53    -0.6410  1029.4446    34.5541 0.0000e+00
      14670 313.344713  -62.13798  -58.43894     -0.971    1448.30    376.000    372.054    -0.6244    -0.6257    -0.0012    -0.6368    -0.6380    -0.0012   2.821808   2.821650  -0.000173    34.3853    34.3844     6.8434    27.6404    27.6397    34.3856    27.6407    1451.54    1451.54    -0.6365  1029.4393    34.5537 0.0000e+00
      14694 313.344725  -62.13800  -58.43894     -0.997    1448.30    375.000    371.066    -0.6228    -0.6226     0.0001    -0.6351    -0.6349     0.0001   2.821935   2.821853  -0.000081    34.3858    34.3845     6.8424    27.6407    27.6397    34.3861    27.6409    1451.54    1451.53    -0.6348  1029.4348    34.5542 0.0000e+00
      14717 313.344736  -62.13800  -58.43894     -1.012    1448.30    374.000    370.077    -0.6210    -0.6219    -0.0008    -0.6333    -0.6341    -0.0008   2.822033   2.821882  -0.000141    34.3856    34.3847     6.8490    27.6405    27.6397    34.3861    27.6408    1451.53    1451.52    -0.6330  1029.4299    34.5542 0.0000e+00
      14742 313.344748  -62.13800  -58.43892     -1.009    1448.30    373.000    369.088    -0.6177    -0.6187    -0.0010    -0.6299    -0.6310    -0.0010   2.822279   2.822104  -0.000176    34.3856    34.3845     6.8463    27.6404    27.6395    34.3862    27.6408    1451.53    1451.52    -0.6297  1029.4251    34.5543 0.0000e+00
      14767 313.344760  -62.13800  -58.43892     -0.971    1448.30    372.000    368.100    -0.6159    -0.6169    -0.0010    -0.6281    -0.6291    -0.0010   2.822380   2.822217  -0.000162    34.3856    34.3846     6.8483    27.6403    27.6395    34.3861    27.6406    1451.52    1451.51    -0.6279  1029.4201    34.5542 0.0000e+00
      14793 313.344772  -62.13800  -58.43892     -0.931    1448.30    371.000    367.111    -0.6141    -0.6142    -0.0001    -0.6263    -0.6264    -0.0001   2.822490   2.822392  -0.000100    34.3857    34.3845     6.8429    27.6403    27.6393    34.3861    27.6406    1451.51    1451.51    -0.6260  1029.4153    34.5542 0.0000e+00
      14820 313.344785  -62.13802  -58.43891     -0.901    1448.30    370.000    366.123    -0.6130    -0.6133    -0.0003    -0.6251    -0.6254    -0.0003   2.822529   2.822426  -0.000101    34.3856    34.3846     6.8348    27.6401    27.6393    34.3860    27.6404    1451.50    1451.50    -0.6249  1029.4104    34.5541 0.0000e+00
      14846 313.344798  -62.13802  -58.43890     -0.888    1448.30    369.000    365.134    -0.6115    -0.6119    -0.0005    -0.6236    -0.6240    -0.0005   2.822624   2.822492  -0.000122    34.3856    34.3845     6.8382    27.6401    27.6392    34.3862    27.6405    1451.49    1451.49    -0.6234  1029.4057    34.5543 0.0000e+00
      14869 313.344809  -62.13802  -58.43890     -0.980    1448.30    368.000    364.145    -0.6085    -0.6101    -0.0017    -0.6206    -0.6222    -0.0017   2.822818   2.822603  -0.000215    34.3853    34.3843     6.8316    27.6397    27.6390    34.3860    27.6403    1451.49    1451.48    -0.6203  1029.4007    34.5541 0.0000e+00
      14892 313.344820  -62.13802  -58.43890     -1.060    1448.30    367.000    363.157    -0.6031    -0.6023     0.0008    -0.6152    -0.6144     0.0008   2.823097   2.823026  -0.000082    34.3837    34.3817     6.8310    27.6381    27.6365    34.3843    27.6386    1451.50    1451.50    -0.6149  1029.3942    34.5524 0.0000e+00
      14915 313.344831  -62.13802  -58.43888     -1.041    1448.30    366.000    362.168    -0.6017    -0.6011     0.0006    -0.6137    -0.6131     0.0006   2.822958   2.822979  -0.000002    34.3813    34.3806     6.8378    27.6361    27.6355    34.3814    27.6362    1451.48    1451.48    -0.6135  1029.3871    34.5495 0.0000e+00
      14940 313.344843  -62.13804  -58.43888     -0.998    1448.30    365.000    361.179    -0.6025    -0.6018     0.0007    -0.6145    -0.6138     0.0007   2.822610   2.822731   0.000134    34.3780    34.3790     6.8397    27.6335    27.6342    34.3783    27.6338    1451.46    1451.46    -0.6143  1029.3799    34.5464 0.0000e+00
      14964 313.344855  -62.13804  -58.43888     -0.996    1448.30    364.000    360.191    -0.6007    -0.6014    -0.0007    -0.6126    -0.6133    -0.0007   2.822593   2.822657   0.000062    34.3762    34.3778     6.8411    27.6320    27.6333    34.3766    27.6323    1451.45    1451.44    -0.6124  1029.3736    34.5446 0.0000e+00
      14988 313.344866  -62.13804  -58.43886     -0.991    1448.30    363.000    359.202    -0.6001    -0.5992     0.0009    -0.6120    -0.6111     0.0009   2.822589   2.822660   0.000062    34.3761    34.3759     6.8506    27.6319    27.6317    34.3765    27.6322    1451.43    1451.44    -0.6118  1029.3688    34.5445 0.0000e+00
      15012 313.344878  -62.13804  -58.43886     -0.995    1448.30    362.000    358.213    -0.5976    -0.5978    -0.0002    -0.6095    -0.6097    -0.0002   2.822762   2.822650  -0.000078    34.3758    34.3750     6.8682    27.6315    27.6309    34.3766    27.6321    1451.43    1451.43    -0.6093  1029.3640    34.5446 0.0000e+00
      15034 313.344889  -62.13806  -58.43886     -1.034    1448.30    361.000    357.225    -0.5939    -0.5965    -0.0026    -0.6058    -0.6084    -0.0026   2.822975   2.822716  -0.000262    34.3753    34.3748     6.8759    27.6309    27.6306    34.3759    27.6314    1451.43    1451.42    -0.6055  1029.3585    34.5439 0.0000e+00
      15056 313.344899  -62.13806  -58.43884     -1.082    1448.30    360.000    356.236    -0.5924    -0.5929    -0.0006    -0.6042    -0.6048    -0.0006   2.823055   2.822929  -0.000134    34.3753    34.3741     6.8921    27.6308    27.6299    34.3758    27.6313    1451.42    1451.41    -0.6040  1029.3536    34.5439 0.0000e+00
      15079 313.344910  -62.13806  -58.43884     -1.092    1448.30    359.000    355.247    -0.5904    -0.5907    -0.0003    -0.6022    -0.6025    -0.0003   2.823167   2.823054  -0.000109    34.3751    34.3740     6.8881    27.6306    27.6297    34.3757    27.6311    1451.41    1451.41    -0.6020  1029.3444    34.5384 0.0000e+00
      15104 313.344922 -9.990e-29  -58.43884     -1.008    1448.30    358.000    354.258    -0.5890    -0.5907    -0.0016    -0.6008    -0.6024    -0.0016   2.823210   2.822990  -0.000198    34.3750    34.3741     6.8923    27.6304    27.6298    34.3753    27.6308    1451.40    1451.39    -0.6006  1029.3387    34.5374 0.0000e+00
      15134 313.344937 -9.990e-29  -58.43884     -0.851    1448.30    357.000    353.270    -0.5876    -0.5923    -0.0047    -0.5994    -0.6041    -0.0047   2.823306   2.822871  -0.000432    34.3750    34.3745     6.8890    27.6305    27.6303    34.3756    27.6309    1451.39    1451.37    -0.5991  1029.3341    34.5377 0.0000e+00
      15163 313.344951  -62.13808  -58.43884     -0.796    1448.30    356.000    352.281    -0.5859    -0.5875    -0.0016    -0.5976    -0.5992    -0.0016   2.823412   2.823205  -0.000216    34.3751    34.3741     6.8943    27.6304    27.6297    34.3757    27.6309    1451.38    1451.38    -0.5974  1029.3304    34.5391 0.0000e+00
      15187 313.344962  -62.13808  -58.43883     -0.911    1448.30    355.000    351.292    -0.5832    -0.5843    -0.0011    -0.5949    -0.5960    -0.0011   2.823622   2.823429  -0.000200    34.3754    34.3739     6.8880    27.6305    27.6294    34.3761    27.6311    1451.38    1451.37    -0.5947  1029.3296    34.5442 0.0000e+00
      15207 313.344972  -62.13808  -58.43882     -1.083    1448.30    354.000    350.304    -0.5822    -0.5807     0.0016    -0.5939    -0.5923     0.0016   2.823651   2.823694   0.000026    34.3755    34.3741     6.8962    27.6306    27.6294    34.3760    27.6310    1451.37    1451.37    -0.5936  1029.3246    34.5440 0.0000e+00
      15225 313.344981  -62.13808  -58.43882     -1.218    1448.30    353.000    349.315    -0.5807    -0.5796     0.0011    -0.5923    -0.5913     0.0011   2.823758   2.823756  -0.000006    34.3759    34.3746     6.8921    27.6308    27.6297    34.3763    27.6312    1451.36    1451.36    -0.5921  1029.3201    34.5443 0.0000e+00
      15245 313.344990  -62.13808  -58.43880     -1.248    1448.30    352.000    348.326    -0.5806    -0.5796     0.0010    -0.5922    -0.5911     0.0010   2.823734   2.823723  -0.000017    34.3761    34.3747     6.8822    27.6310    27.6298    34.3765    27.6313    1451.34    1451.35    -0.5920  1029.3154    34.5445 0.0000e+00
      15268 313.345002  -62.13808  -58.43880     -1.146    1448.30    351.000    347.338    -0.5805    -0.5798     0.0006    -0.5920    -0.5914     0.0006   2.823682   2.823671  -0.000016    34.3760    34.3750     6.8834    27.6309    27.6301    34.3763    27.6311    1451.33    1451.33    -0.5918  1029.3083    34.5416 0.0000e+00
      15296 313.345015 -9.990e-29  -58.43880     -0.935    1448.30    350.000    346.349    -0.5811    -0.5807     0.0004    -0.5926    -0.5923     0.0004   2.823588   2.823528  -0.000054    34.3761    34.3749     6.8736    27.6310    27.6301    34.3763    27.6312    1451.31    1451.31    -0.5924  1029.3012    34.5385 0.0000e+00
