Pos-Processados/process_op42/Processamento_split/up/uoperantar42_002.cnv
* Sea-Bird SBE 9 Data File:
* FileName = C:\Users\Hidrografia\Desktop\OPXLII\Brutos\OP42002.hdr
* Software Version Seasave V 7.26.7.107
* Temperature SN = 6502
* Conductivity SN = 4998
* Number of Bytes Per Scan = 37
* Number of Voltage Words = 4
* Number of Scans Averaged by the Deck Unit = 1
* NMEA Latitude = 37 53.44 S
* NMEA Longitude = 051 46.15 W
* NMEA UTC (Time) = Oct 16 2023 08:29:02
* NMEA baud rate = 4800
** H41
** NPOALTEMAXIMIANO
** NUMERO DA ESTACAO (XXX) 002
** LAT (XX XX.XX S/N) 37 53.431 S
** LONG (XXX XX.XX W/E) 51 48.140 W
** DATAHORA (dd/mm/aaaa hh:mm Z) 16/10/2023 0828Z
** PROFUNDIDADE (m) 4384
** OPERADOR CT FILIPE LOPES
# nquan = 30
# nvalues = 1010                        
# units = specified
# name 0 = scan: Scan Count
# name 1 = timeJ: Julian Days
# name 2 = latitude: Latitude [deg]
# name 3 = longitude: Longitude [deg]
# name 4 = dz/dtM: Descent Rate [m/s]
# name 5 = avgsvCM: Average Sound Velocity [Chen-Millero, m/s]
# name 6 = prDM: Pressure, Digiquartz [db]
# name 7 = depSM: Depth [salt water, m]
# name 8 = t090C: Temperature [ITS-90, deg C]
# name 9 = t190C: Temperature, 2 [ITS-90, deg C]
# name 10 = T2-T190C: Temperature Difference, 2 - 1 [ITS-90, deg C]
# name 11 = potemp090C: Potential Temperature [ITS-90, deg C]
# name 12 = potemp190C: Potential Temperature, 2 [ITS-90, deg C]
# name 13 = potemp90Cdiff: Potential Temperature, Diff, 2 - 1 [ITS-90, deg C]
# name 14 = c0S/m: Conductivity [S/m]
# name 15 = c1S/m: Conductivity, 2 [S/m]
# name 16 = C2-C1S/m: Conductivity Difference, 2 - 1 [S/m]
# name 17 = sal00: Salinity, Practical [PSU]
# name 18 = sal11: Salinity, Practical, 2 [PSU]
# name 19 = sbeox0ML/L: Oxygen, SBE 43 [ml/l]
# name 20 = sigma-é00: Density [sigma-theta, kg/m^3]
# name 21 = sigma-é11: Density, 2 [sigma-theta, kg/m^3]
# name 22 = sal00: Salinity, Practical [PSU]
# name 23 = sigma-é00: Density [sigma-theta, kg/m^3]
# name 24 = svCM: Sound Velocity [Chen-Millero, m/s]
# name 25 = svCM1: Sound Velocity, 2 [Chen-Millero, m/s]
# name 26 = gsw_ptA0: potential temperature [ITS-90, deg C]
# name 27 = gsw_densityA0: density, TEOS-10 [density, kg/m^3]
# name 28 = gsw_saA0: Absolute Salinity [g/kg]
# name 29 = flag:
# span 0 =      38567,      72823       
# span 1 = 289.372094, 289.388614       
# span 2 =  -37.90592,  -37.89816       
# span 3 =  -51.78457,  -51.77798       
# span 4 =     -1.691,     -0.188       
# span 5 =    1502.92,    1502.92       
# span 6 =      1.000,   1010.000       
# span 7 =      1.002,   1000.010       
# span 8 =     4.6606,    18.1565       
# span 9 =     4.6620,    18.1579       
# span 10 =    -0.1296,     0.0709      
# span 11 =     4.5795,    18.1532      
# span 12 =     4.5810,    18.1546      
# span 13 =    -0.1294,     0.0705      
# span 14 =   3.291275,   4.749448      
# span 15 =   3.291400,   4.749751      
# span 16 =  -0.018331,   0.007334      
# span 17 =    34.1260,    36.2153      
# span 18 =    34.1256,    36.2172      
# span 19 =     4.4826,     6.2401      
# span 20 =    26.0947,    27.0924      
# span 21 =    26.1342,    27.0922      
# span 22 =    34.1265,    36.2155      
# span 23 =    26.1250,    27.0927      
# span 24 =    1482.68,    1518.43      
# span 25 =    1482.68,    1518.44      
# span 26 =     4.5793,    18.1532      
# span 27 =  1026.1334,  1031.7291      
# span 28 =    34.2889,    36.3870      
# span 29 = 0.0000e+00, 0.0000e+00      
# interval = decibars: 1                
# start_time = Oct 16 2023 08:29:02 [NMEA time, header]
# bad_flag = -9.990e-29
*END*
[from data line 967]
      69899 289.387204  -37.90522  -51.78390     -0.385    1502.92     43.000     42.663    18.1466    18.1475     0.0010    18.1391    18.1400     0.0010   4.748374   4.748710   0.000333    36.2122    36.2142     5.2493    26.1662    26.1675    36.2122    26.1662    1518.31    1518.31    18.1391  1026.3569    36.3831 0.0000e+00
      70456 289.387473  -37.90536 -9.990e-29     -0.441    1502.92     42.000     41.684    18.1533    18.1538     0.0004    18.1461    18.1465     0.0004   4.749261   4.749498   0.000233    36.2142    36.2158     5.2421    26.1660    26.1672    36.2142    26.1660    1518.31    1518.31    18.1461  1026.3523    36.3851 0.0000e+00
      70617 289.387550  -37.90540  -51.78417     -0.195    1502.92     41.000     40.684    18.1547    18.1556     0.0009    18.1476    18.1485     0.0009   4.749379   4.749674   0.000294    36.2144    36.2161     5.2386    26.1658    26.1668    36.2144    26.1658    1518.30    1518.31    18.1476  1026.3478    36.3853 0.0000e+00
      70657 289.387570  -37.90541  -51.78418     -0.566    1502.92     40.000     39.697    18.1543    18.1552     0.0010    18.1473    18.1483     0.0010   4.749302   4.749626   0.000320    36.2145    36.2164     5.2321    26.1659    26.1671    36.2145    26.1659    1518.28    1518.29    18.1473  1026.3436    36.3854 0.0000e+00
      70709 289.387594  -37.90542  -51.78418     -0.468    1502.92     39.000     38.705    18.1555    18.1564     0.0009    18.1487    18.1497     0.0009   4.749448   4.749751   0.000306    36.2149    36.2167     5.2311    26.1659    26.1671    36.2150    26.1660    1518.27    1518.27    18.1487  1026.3393    36.3859 0.0000e+00
      70767 289.387622  -37.90543  -51.78419     -0.415    1502.92     38.000     37.713    18.1530    18.1534     0.0004    18.1464    18.1468     0.0004   4.748997   4.749184   0.000197    36.2140    36.2153     5.2320    26.1658    26.1667    36.2138    26.1656    1518.25    1518.25    18.1464  1026.3346    36.3847 0.0000e+00
      70832 289.387654  -37.90545 -9.990e-29     -0.358    1502.92     37.000     36.720    18.1502    18.1495    -0.0007    18.1438    18.1431    -0.0007   4.748484   4.748558   0.000087    36.2126    36.2139     5.2382    26.1654    26.1665    36.2123    26.1651    1518.22    1518.22    18.1438  1026.3297    36.3831 0.0000e+00
      70885 289.387679  -37.90546  -51.78422     -0.465    1502.92     36.000     35.728    18.1493    18.1517     0.0024    18.1431    18.1455     0.0024   4.748465   4.748900   0.000415    36.2130    36.2144     5.2546    26.1658    26.1663    36.2132    26.1660    1518.20    1518.21    18.1431  1026.3263    36.3841 0.0000e+00
      70917 289.387695  -37.90547  -51.78422     -0.678    1502.92     35.000     34.735    18.1514    18.1539     0.0026    18.1453    18.1478     0.0026   4.748635   4.749172   0.000524    36.2133    36.2155     5.2433    26.1656    26.1666    36.2132    26.1655    1518.19    1518.20    18.1454  1026.3214    36.3841 0.0000e+00
      70944 289.387708  -37.90548  -51.78423     -0.864    1502.92     34.000     33.743    18.1527    18.1535     0.0008    18.1468    18.1476     0.0008   4.748803   4.749073   0.000270    36.2138    36.2154     5.2547    26.1655    26.1665    36.2139    26.1656    1518.18    1518.18    18.1468  1026.3172    36.3848 0.0000e+00
      70978 289.387724  -37.90548  -51.78424     -0.764    1502.92     33.000     32.752    18.1512    18.1520     0.0009    18.1454    18.1463     0.0008   4.748477   4.748757   0.000281    36.2131    36.2147     5.2389    26.1653    26.1664    36.2129    26.1652    1518.15    1518.16    18.1454  1026.3125    36.3839 0.0000e+00
      71022 289.387745 -9.990e-29  -51.78424     -0.538    1502.92     32.000     31.758    18.1501    18.1511     0.0009    18.1446    18.1455     0.0009   4.748281   4.748585   0.000304    36.2126    36.2143     5.2521    26.1651    26.1663    36.2125    26.1651    1518.14    1518.14    18.1446  1026.3081    36.3836 0.0000e+00
      71062 289.387765  -37.90550  -51.78424     -0.588    1502.92     31.000     30.766    18.1506    18.1526     0.0021    18.1452    18.1472     0.0020   4.748311   4.748795   0.000484    36.2126    36.2149     5.2433    26.1650    26.1663    36.2127    26.1651    1518.12    1518.13    18.1452  1026.3038    36.3838 0.0000e+00
      71098 289.387782  -37.90550  -51.78424     -0.660    1502.92     30.000     29.774    18.1514    18.1525     0.0010    18.1462    18.1473     0.0010   4.748393   4.748686   0.000296    36.2131    36.2147     5.2511    26.1651    26.1661    36.2131    26.1651    1518.11    1518.11    18.1462  1026.2994    36.3840 0.0000e+00
      71133 289.387799  -37.90552  -51.78426     -0.690    1502.92     29.000     28.781    18.1513    18.1527     0.0014    18.1463    18.1476     0.0014   4.748330   4.748639   0.000302    36.2130    36.2144     5.2365    26.1651    26.1660    36.2130    26.1651    1518.09    1518.10    18.1463  1026.2950    36.3839 0.0000e+00
      71166 289.387815  -37.90552  -51.78426     -0.716    1502.92     28.000     27.789    18.1520    18.1534     0.0014    18.1471    18.1486     0.0014   4.748401   4.748803   0.000402    36.2133    36.2155     5.2195    26.1651    26.1664    36.2134    26.1651    1518.07    1518.08    18.1472  1026.2907    36.3843 0.0000e+00
      71194 289.387829  -37.90554  -51.78426     -0.802    1502.92     27.000     26.796    18.1520    18.1528     0.0009    18.1473    18.1481     0.0009   4.748365   4.748662   0.000301    36.2135    36.2153     5.2412    26.1652    26.1664    36.2135    26.1652    1518.06    1518.06    18.1473  1026.2864    36.3844 0.0000e+00
      71220 289.387841  -37.90554  -51.78428     -0.906    1502.92     26.000     25.804    18.1520    18.1527     0.0008    18.1475    18.1482     0.0008   4.748364   4.748634   0.000282    36.2138    36.2155     5.2451    26.1654    26.1665    36.2139    26.1654    1518.04    1518.05    18.1475  1026.2823    36.3848 0.0000e+00
      71244 289.387853  -37.90555  -51.78428     -0.969    1502.92     25.000     24.812    18.1526    18.1530     0.0004    18.1483    18.1487     0.0004   4.748503   4.748709   0.000207    36.2148    36.2162     5.2417    26.1659    26.1669    36.2149    26.1660    1518.03    1518.03    18.1483  1026.2786    36.3858 0.0000e+00
      71279 289.387869  -37.90556  -51.78429     -0.782    1502.92     24.000     23.820    18.1527    18.1538     0.0010    18.1486    18.1496     0.0010   4.748517   4.748840   0.000318    36.2153    36.2171     5.2378    26.1662    26.1674    36.2153    26.1662    1518.01    1518.02    18.1486  1026.2745    36.3862 0.0000e+00
      71333 289.387896  -37.90557  -51.78430     -0.362    1502.92     23.000     22.824    18.1533    18.1542     0.0009    18.1493    18.1502     0.0009   4.748524   4.748842   0.000322    36.2152    36.2172     5.2406    26.1660    26.1672    36.2152    26.1660    1518.00    1518.00    18.1493  1026.2699    36.3862 0.0000e+00
      71363 289.387910  -37.90558  -51.78430     -0.680    1502.92     22.000     21.834    18.1526    18.1535     0.0009    18.1487    18.1497     0.0009   4.748364   4.748703   0.000340    36.2149    36.2170     5.2329    26.1659    26.1673    36.2149    26.1659    1517.98    1517.98    18.1487  1026.2654    36.3859 0.0000e+00
      71387 289.387921  -37.90558  -51.78430     -0.941    1502.92     21.000     20.842    18.1522    18.1530     0.0008    18.1486    18.1494     0.0008   4.748299   4.748595   0.000297    36.2151    36.2170     5.2406    26.1661    26.1674    36.2150    26.1660    1517.96    1517.97    18.1486  1026.2613    36.3860 0.0000e+00
      71419 289.387937  -37.90558  -51.78430     -0.831    1502.92     20.000     19.854    18.1508    18.1519     0.0012    18.1473    18.1484     0.0012   4.748108   4.748443   0.000330    36.2151    36.2169     5.2466    26.1664    26.1675    36.2151    26.1664    1517.94    1517.94    18.1473  1026.2573    36.3860 0.0000e+00
      71472 289.387962  -37.90560  -51.78432     -0.389    1502.92     19.000     18.849    18.1565    18.1579     0.0013    18.1532    18.1546     0.0013   4.748688   4.749051   0.000366    36.2153    36.2172     5.2363    26.1650    26.1662    36.2153    26.1651    1517.94    1517.95    18.1532  1026.2516    36.3863 0.0000e+00
      71501 289.387977  -37.90560  -51.78432     -0.710    1502.92     18.000     17.865    18.1526    18.1563     0.0036    18.1495    18.1531     0.0036   4.748256   4.748860   0.000590    36.2152    36.2170     5.2362    26.1659    26.1664    36.2155    26.1661    1517.91    1517.93    18.1495  1026.2483    36.3864 0.0000e+00
      71525 289.387988  -37.90562  -51.78432     -0.942    1502.92     17.000     16.872    18.1542    18.1560     0.0018    18.1512    18.1530     0.0018   4.748260   4.748712   0.000448    36.2150    36.2172     5.2383    26.1653    26.1666    36.2145    26.1649    1517.90    1517.91    18.1513  1026.2428    36.3855 0.0000e+00
      71551 289.388000  -37.90562  -51.78434     -0.979    1502.92     16.000     15.880    18.1506    18.1510     0.0004    18.1478    18.1482     0.0004   4.747846   4.748093   0.000263    36.2147    36.2166     5.2534    26.1660    26.1674    36.2146    26.1659    1517.87    1517.88    18.1478  1026.2394    36.3855 0.0000e+00
      71590 289.388020  -37.90564  -51.78434     -0.658    1502.92     15.000     14.887    18.1486    18.1493     0.0006    18.1460    18.1467     0.0006   4.747567   4.747885   0.000325    36.2145    36.2166     5.2359    26.1662    26.1677    36.2143    26.1661    1517.85    1517.85    18.1460  1026.2352    36.3852 0.0000e+00
      71641 289.388044  -37.90564 -9.990e-29     -0.458    1502.92     14.000     13.895    18.1483    18.1491     0.0008    18.1459    18.1467     0.0008   4.747519   4.747820   0.000299    36.2147    36.2165     5.2367    26.1664    26.1677    36.2146    26.1663    1517.83    1517.84    18.1459  1026.2311    36.3855 0.0000e+00
      71679 289.388062  -37.90564  -51.78436     -0.614    1502.92     13.000     12.902    18.1484    18.1514     0.0029    18.1462    18.1491     0.0029   4.747499   4.748054   0.000540    36.2147    36.2167     5.2412    26.1664    26.1672    36.2146    26.1663    1517.82    1517.83    18.1462  1026.2268    36.3856 0.0000e+00
      71714 289.388079  -37.90565  -51.78436     -0.687    1502.92     12.000     11.910    18.1498    18.1516     0.0018    18.1477    18.1495     0.0018   4.747620   4.748037   0.000410    36.2148    36.2168     5.2269    26.1661    26.1671    36.2148    26.1661    1517.80    1517.81    18.1477  1026.2223    36.3858 0.0000e+00
      71752 289.388097  -37.90566  -51.78436     -0.631    1502.92     11.000     10.917    18.1520    18.1543     0.0023    18.1501    18.1524     0.0023   4.747847   4.748313   0.000484    36.2151    36.2172     5.2420    26.1657    26.1668    36.2152    26.1658    1517.79    1517.80    18.1501  1026.2176    36.3862 0.0000e+00
      71788 289.388115  -37.90567 -9.990e-29     -0.665    1502.92     10.000      9.925    18.1519    18.1516    -0.0004    18.1502    18.1498    -0.0004   4.747763   4.747945   0.000187    36.2150    36.2170     5.2462    26.1657    26.1672    36.2150    26.1656    1517.78    1517.78    18.1502  1026.2130    36.3859 0.0000e+00
      71831 289.388135  -37.90568 -9.990e-29     -0.576    1502.92      9.000      8.935    18.1496    18.1497     0.0001    18.1480    18.1481     0.0001   4.747482   4.747689   0.000214    36.2151    36.2169     5.2432    26.1662    26.1675    36.2150    26.1662    1517.75    1517.76    18.1480  1026.2093    36.3860 0.0000e+00
      71883 289.388161  -37.90570  -51.78438     -0.444    1502.92      8.000      7.937    18.1454    18.1455     0.0001    18.1440    18.1441     0.0001   4.746925   4.747161   0.000232    36.2146    36.2165     5.2500    26.1669    26.1683    36.2144    26.1667    1517.72    1517.73    18.1440  1026.2055    36.3853 0.0000e+00
      71929 289.388183  -37.90571  -51.78439     -0.515    1502.92      7.000      6.950    18.1451    18.1456     0.0005    18.1439    18.1444     0.0005   4.746870   4.747112   0.000239    36.2146    36.2164     5.2432    26.1669    26.1681    36.2146    26.1669    1517.71    1517.71    18.1438  1026.2013    36.3855 0.0000e+00
      71990 289.388212  -37.90572  -51.78442     -0.374    1502.92      6.000      5.955    18.1458    18.1461     0.0003    18.1448    18.1450     0.0003   4.746889   4.747132   0.000233    36.2144    36.2163     5.2440    26.1665    26.1679    36.2144    26.1665    1517.69    1517.70    18.1448  1026.1967    36.3854 0.0000e+00
      72057 289.388245  -37.90574  -51.78442     -0.324    1502.92      5.000      4.965    18.1460    18.1467     0.0007    18.1452    18.1459     0.0007   4.746883   4.747182   0.000293    36.2146    36.2165     5.2355    26.1666    26.1678    36.2146    26.1665    1517.68    1517.68    18.1452  1026.1923    36.3856 0.0000e+00
      72171 289.388300  -37.90575  -51.78444     -0.201    1502.92      4.000      3.970    18.1469    18.1475     0.0006    18.1462    18.1468     0.0006   4.746953   4.747238   0.000285    36.2148    36.2167     5.2417    26.1665    26.1677    36.2148    26.1665    1517.66    1517.67    18.1462  1026.1885    36.3866 0.0000e+00
      72284 289.388354  -37.90581  -51.78446     -0.268    1502.92      3.000      2.970    18.1475    18.1483     0.0008    18.1470    18.1478     0.0008   4.746998   4.747309   0.000309    36.2150    36.2169     5.2086    26.1664    26.1677    36.2150    26.1664    1517.65    1517.65    18.1470  1026.1843    36.3870 0.0000e+00
      72416 289.388418  -37.90583  -51.78449     -0.433    1502.92      2.000      1.984    18.1485    18.1493     0.0008    18.1481    18.1490     0.0008   4.747082   4.747295   0.000251    36.2153    36.2169     5.2089    26.1663    26.1672    36.2153    26.1663    1517.63    1517.64    18.1481  1026.1792    36.3863 0.0000e+00
      72823 289.388614  -37.90592  -51.78457     -0.372    1502.92      1.000      1.002    18.1488    18.1499     0.0011    18.1487    18.1497     0.0011   4.740788   4.742860   0.006171    36.1220    36.1738     5.2374    26.0947    26.1342    36.1615    26.1250    1517.56    1517.58    18.1486  1026.1334    36.3322 0.0000e+00
