Pos-Processados/process_op42/Processamento_split/up/uoperantar42_044.cnv
* Sea-Bird SBE 9 Data File:
* FileName = C:\Users\Hidrografia\Desktop\OPXLII\Brutos\OP42044.hdr
* Software Version Seasave V 7.26.7.107
* Temperature SN = 6502
* Conductivity SN = 4998
* Number of Bytes Per Scan = 37
* Number of Voltage Words = 4
* Number of Scans Averaged by the Deck Unit = 1
* NMEA Latitude = 62 08.87 S
* NMEA Longitude = 058 26.12 W
* NMEA UTC (Time) = Nov 09 2023 19:07:43
* NMEA baud rate = 4800
** H41
** NPOALTEMAXIMIANO
** NUMERO DA ESTACAO (XXX) 044
** LAT (XX XX.XX S/N) 62 08.851 S
** LONG (XXX XX.XX W/E) 058 26.159 W
** DATAHORA (dd/mm/aaaa hh:mm Z) 09/11/2023 1907Z
** PROFUNDIDADE (m) 375
** OPERADOR CT FABIREZA
# nquan = 30
# nvalues = 365                         
# units = specified
# name 0 = scan: Scan Count
# name 1 = timeJ: Julian Days
# name 2 = latitude: Latitude [deg]
# name 3 = longitude: Longitude [deg]
# name 4 = dz/dtM: Descent Rate [m/s]
# name 5 = avgsvCM: Average Sound Velocity [Chen-Millero, m/s]
# name 6 = prDM: Pressure, Digiquartz [db]
# name 7 = depSM: Depth [salt water, m]
# name 8 = t090C: Temperature [ITS-90, deg C]
# name 9 = t190C: Temperature, 2 [ITS-90, deg C]
# name 10 = T2-T190C: Temperature Difference, 2 - 1 [ITS-90, deg C]
# name 11 = potemp090C: Potential Temperature [ITS-90, deg C]
# name 12 = potemp190C: Potential Temperature, 2 [ITS-90, deg C]
# name 13 = potemp90Cdiff: Potential Temperature, Diff, 2 - 1 [ITS-90, deg C]
# name 14 = c0S/m: Conductivity [S/m]
# name 15 = c1S/m: Conductivity, 2 [S/m]
# name 16 = C2-C1S/m: Conductivity Difference, 2 - 1 [S/m]
# name 17 = sal00: Salinity, Practical [PSU]
# name 18 = sal11: Salinity, Practical, 2 [PSU]
# name 19 = sbeox0ML/L: Oxygen, SBE 43 [ml/l]
# name 20 = sigma-é00: Density [sigma-theta, kg/m^3]
# name 21 = sigma-é11: Density, 2 [sigma-theta, kg/m^3]
# name 22 = sal00: Salinity, Practical [PSU]
# name 23 = sigma-é00: Density [sigma-theta, kg/m^3]
# name 24 = svCM: Sound Velocity [Chen-Millero, m/s]
# name 25 = svCM1: Sound Velocity, 2 [Chen-Millero, m/s]
# name 26 = gsw_ptA0: potential temperature [ITS-90, deg C]
# name 27 = gsw_densityA0: density, TEOS-10 [density, kg/m^3]
# name 28 = gsw_saA0: Absolute Salinity [g/kg]
# name 29 = flag:
# span 0 =      13822,      26317       
# span 1 = 313.803691, 313.809716       
# span 2 =  -62.15508,  -62.15170       
# span 3 =  -58.43105,  -58.42833       
# span 4 =     -1.160,     -0.078       
# span 5 =    1448.19,    1448.19       
# span 6 =      3.000,    367.000       
# span 7 =      2.986,    363.155       
# span 8 =    -0.8036,    -0.4617       
# span 9 =    -0.8027,    -0.4611       
# span 10 =    -0.0053,     0.0081      
# span 11 =    -0.8107,    -0.4619      
# span 12 =    -0.8098,    -0.4613      
# span 13 =    -0.0053,     0.0080      
# span 14 =   2.794792,   2.817846      
# span 15 =   2.794770,   2.817786      
# span 16 =  -0.000503,   0.000660      
# span 17 =    34.2821,    34.3564      
# span 18 =    34.2806,    34.3553      
# span 19 =     7.0715,     7.6398      
# span 20 =    27.5501,    27.6178      
# span 21 =    27.5490,    27.6168      
# span 22 =    34.2832,    34.3564      
# span 23 =    27.5502,    27.6178      
# span 24 =    1446.08,    1451.28      
# span 25 =    1446.08,    1451.28      
# span 26 =    -0.8105,    -0.4619      
# span 27 =  1027.5692,  1029.3738      
# span 28 =    34.4485,    34.5243      
# span 29 = 0.0000e+00, 0.0000e+00      
# interval = decibars: 1                
# start_time = Nov 09 2023 19:07:43 [NMEA time, header]
# bad_flag = -9.990e-29
*END*
[from data line 339]
      24760 313.808966  -62.15463  -58.42858     -0.652    1448.19     28.000     27.729    -0.5188    -0.5208    -0.0020    -0.5197    -0.5217    -0.0020   2.807272   2.807090  -0.000216    34.2822    34.2816     7.6230    27.5519    27.5514    34.2838    27.5531    1446.23    1446.22    -0.5196  1027.6914    34.4491 0.0000e+00
      24790 313.808980  -62.15464  -58.42857     -0.767    1448.19     27.000     26.739    -0.5012    -0.5041    -0.0030    -0.5020    -0.5050    -0.0030   2.808830   2.808393  -0.000373    34.2830    34.2813     7.6180    27.5517    27.5504    34.2854    27.5536    1446.30    1446.29    -0.5020  1027.6871    34.4507 0.0000e+00
      24820 313.808995  -62.15464  -58.42856     -0.812    1448.19     26.000     25.749    -0.4879    -0.4922    -0.0043    -0.4887    -0.4930    -0.0043   2.809820   2.809335  -0.000503    34.2825    34.2806     7.6318    27.5506    27.5493    34.2843    27.5521    1446.35    1446.32    -0.4887  1027.6808    34.4496 0.0000e+00
      24856 313.809012  -62.15465  -58.42856     -0.686    1448.19     25.000     24.759    -0.4845    -0.4841     0.0004    -0.4853    -0.4848     0.0004   2.809980   2.809943  -0.000066    34.2821    34.2807     7.6387    27.5502    27.5491    34.2832    27.5511    1446.34    1446.34    -0.4852  1027.6750    34.4485 0.0000e+00
      24890 313.809028  -62.15466  -58.42856     -0.694    1448.19     24.000     23.768    -0.4887    -0.4860     0.0027    -0.4894    -0.4867     0.0027   2.809634   2.809757   0.000103    34.2833    34.2817     7.6350    27.5514    27.5499    34.2839    27.5518    1446.31    1446.32    -0.4894  1027.6710    34.4491 0.0000e+00
      24921 313.809043  -62.15468  -58.42856     -0.770    1448.19     23.000     22.778    -0.4894    -0.4884     0.0010    -0.4901    -0.4891     0.0010   2.809574   2.809520  -0.000040    34.2836    34.2820     7.6314    27.5516    27.5502    34.2845    27.5524    1446.29    1446.29    -0.4901  1027.6667    34.4498 0.0000e+00
      24951 313.809058  -62.15468  -58.42855     -0.778    1448.19     22.000     21.788    -0.4825    -0.4832    -0.0008    -0.4832    -0.4839    -0.0008   2.810141   2.809890  -0.000214    34.2833    34.2812     7.6217    27.5510    27.5494    34.2850    27.5524    1446.31    1446.30    -0.4832  1027.6620    34.4502 0.0000e+00
      24981 313.809072  -62.15468  -58.42854     -0.812    1448.19     21.000     20.797    -0.4767    -0.4765     0.0002    -0.4773    -0.4771     0.0002   2.810472   2.810389  -0.000123    34.2830    34.2811     7.6175    27.5505    27.5490    34.2835    27.5509    1446.32    1446.31    -0.4773  1027.6557    34.4487 0.0000e+00
      25013 313.809087  -62.15470  -58.42854     -0.770    1448.19     20.000     19.807    -0.4800    -0.4793     0.0007    -0.4806    -0.4799     0.0007   2.810180   2.810114  -0.000066    34.2834    34.2817     7.6319    27.5510    27.5496    34.2839    27.5514    1446.29    1446.29    -0.4806  1027.6514    34.4491 0.0000e+00
      25046 313.809104  -62.15470  -58.42854     -0.711    1448.19     19.000     18.817    -0.4824    -0.4816     0.0008    -0.4830    -0.4822     0.0008   2.809924   2.809879  -0.000052    34.2836    34.2820     7.6211    27.5513    27.5500    34.2838    27.5515    1446.26    1446.26    -0.4830  1027.6467    34.4491 0.0000e+00
      25077 313.809119  -62.15471  -58.42853     -0.759    1448.19     18.000     17.827    -0.4818    -0.4819    -0.0000    -0.4823    -0.4824    -0.0000   2.809921   2.809816  -0.000105    34.2832    34.2818     7.6303    27.5509    27.5499    34.2837    27.5514    1446.24    1446.24    -0.4823  1027.6418    34.4490 0.0000e+00
      25107 313.809133  -62.15472  -58.42852     -0.797    1448.19     17.000     16.836    -0.4808    -0.4791     0.0017    -0.4813    -0.4797     0.0017   2.809957   2.809981   0.000023    34.2832    34.2817     7.6364    27.5509    27.5496    34.2837    27.5513    1446.23    1446.24    -0.4813  1027.6370    34.4490 0.0000e+00
      25137 313.809147  -62.15474  -58.42852     -0.806    1448.19     16.000     15.846    -0.4755    -0.4760    -0.0004    -0.4760    -0.4765    -0.0004   2.810344   2.810194  -0.000147    34.2828    34.2814     7.6340    27.5504    27.5492    34.2836    27.5510    1446.24    1446.24    -0.4760  1027.6319    34.4489 0.0000e+00
      25166 313.809161  -62.15474  -58.42852     -0.820    1448.19     15.000     14.856    -0.4772    -0.4746     0.0026    -0.4776    -0.4751     0.0026   2.810152   2.810248   0.000085    34.2835    34.2817     7.6398    27.5509    27.5494    34.2835    27.5510    1446.22    1446.23    -0.4777  1027.6271    34.4488 0.0000e+00
      25197 313.809176  -62.15475  -58.42851     -0.791    1448.19     14.000     13.865    -0.4783    -0.4769     0.0014    -0.4787    -0.4773     0.0014   2.810061   2.810046  -0.000014    34.2837    34.2819     7.6388    27.5512    27.5497    34.2841    27.5515    1446.20    1446.20    -0.4787  1027.6229    34.4494 0.0000e+00
      25227 313.809191  -62.15476  -58.42850     -0.791    1448.19     13.000     12.875    -0.4770    -0.4754     0.0015    -0.4774    -0.4758     0.0015   2.810099   2.810089  -0.000007    34.2835    34.2817     7.6287    27.5510    27.5495    34.2837    27.5512    1446.19    1446.19    -0.4774  1027.6177    34.4491 0.0000e+00
      25257 313.809205  -62.15477  -58.42850     -0.807    1448.19     12.000     11.885    -0.4783    -0.4770     0.0013    -0.4786    -0.4773     0.0013   2.809934   2.809932  -0.000009    34.2836    34.2820     7.6352    27.5511    27.5497    34.2836    27.5511    1446.16    1446.17    -0.4787  1027.6130    34.4490 0.0000e+00
      25314 313.809233  -62.15478  -58.42848     -0.427    1448.19     11.000     10.897    -0.4716    -0.4721    -0.0005    -0.4719    -0.4724    -0.0005   2.810458   2.810289  -0.000161    34.2832    34.2816     7.6362    27.5505    27.5492    34.2837    27.5509    1446.18    1446.17    -0.4719  1027.6080    34.4491 0.0000e+00
      25497 313.809321  -62.15483  -58.42846     -0.180    1448.19     10.000      9.906    -0.4675    -0.4669     0.0007    -0.4679    -0.4672     0.0007   2.810753   2.810682  -0.000069    34.2835    34.2818     7.6343    27.5505    27.5491    34.2837    27.5507    1446.18    1446.18    -0.4678  1027.6030    34.4491 0.0000e+00
      25725 313.809431  -62.15491  -58.42842     -0.234    1448.19      9.000      8.911    -0.4644    -0.4641     0.0003    -0.4647    -0.4644     0.0003   2.810945   2.810870  -0.000077    34.2833    34.2820     7.6245    27.5502    27.5491    34.2834    27.5503    1446.18    1446.18    -0.4647  1027.5978    34.4488 0.0000e+00
      25826 313.809480  -62.15493  -58.42840     -0.225    1448.19      8.000      7.924    -0.4655    -0.4642     0.0013    -0.4658    -0.4645     0.0013   2.810815   2.810821   0.000004    34.2835    34.2820     7.6305    27.5504    27.5492    34.2835    27.5504    1446.16    1446.16    -0.4657  1027.5932    34.4489 0.0000e+00
      25914 313.809522  -62.15496  -58.42839     -0.288    1448.19      7.000      6.935    -0.4641    -0.4630     0.0011    -0.4643    -0.4633     0.0011   2.810899   2.810876  -0.000022    34.2836    34.2821     7.6310    27.5504    27.5492    34.2837    27.5505    1446.15    1446.15    -0.4643  1027.5885    34.4491 0.0000e+00
      26015 313.809571  -62.15499  -58.42837     -0.250    1448.19      6.000      5.942    -0.4617    -0.4611     0.0006    -0.4619    -0.4613     0.0006   2.811034   2.810992  -0.000047    34.2834    34.2821     7.6353    27.5501    27.5491    34.2834    27.5502    1446.14    1446.14    -0.4619  1027.5833    34.4488 0.0000e+00
      26110 313.809616  -62.15502  -58.42836     -0.222    1448.19      5.000      4.952    -0.4624    -0.4614     0.0010    -0.4625    -0.4615     0.0010   2.810941   2.810927  -0.000015    34.2835    34.2822     7.6327    27.5503    27.5492    34.2835    27.5503    1446.12    1446.13    -0.4625  1027.5787    34.4489 0.0000e+00
      26217 313.809668  -62.15504  -58.42834     -0.212    1448.19      4.000      3.962    -0.4632    -0.4624     0.0008    -0.4634    -0.4626     0.0008   2.810820   2.810786  -0.000035    34.2836    34.2822     7.6350    27.5504    27.5492    34.2835    27.5503    1446.10    1446.10    -0.4633  1027.5739    34.4489 0.0000e+00
      26317 313.809716  -62.15508  -58.42833     -0.317    1448.19      3.000      2.986    -0.4641    -0.4636     0.0006    -0.4642    -0.4637     0.0006   2.810707   2.810658  -0.000046    34.2836    34.2823     7.6392    27.5504    27.5494    34.2836    27.5504    1446.08    1446.08    -0.4642  1027.5692    34.4490 0.0000e+00
