Pos-Processados/process_op42/Processamento_split/up/uoperantar42_048.cnv
* Sea-Bird SBE 9 Data File:
* FileName = C:\Users\Hidrografia\Desktop\OPXLII\Brutos\OP42048.hdr
* Software Version Seasave V 7.26.7.107
* Temperature SN = 6502
* Conductivity SN = 4998
* Number of Bytes Per Scan = 37
* Number of Voltage Words = 4
* Number of Scans Averaged by the Deck Unit = 1
* NMEA Latitude = 62 08.23 S
* NMEA Longitude = 058 26.45 W
* NMEA UTC (Time) = Nov 09 2023 23:05:39
* NMEA baud rate = 4800
** H41
** NPOALTEMAXIMIANO
** NUMERO DA ESTACAO (XXX) 048
** LAT (XX XX.XX S/N) 62 08. S
** LONG (XXX XX.XX W/E) 058 26. W
** DATAHORA (dd/mm/aaaa hh:mm Z) 09/11/2023 2305Z
** PROFUNDIDADE (m) 424
** OPERADOR 1T ZAMITH
# nquan = 30
# nvalues = 366                         
# units = specified
# name 0 = scan: Scan Count
# name 1 = timeJ: Julian Days
# name 2 = latitude: Latitude [deg]
# name 3 = longitude: Longitude [deg]
# name 4 = dz/dtM: Descent Rate [m/s]
# name 5 = avgsvCM: Average Sound Velocity [Chen-Millero, m/s]
# name 6 = prDM: Pressure, Digiquartz [db]
# name 7 = depSM: Depth [salt water, m]
# name 8 = t090C: Temperature [ITS-90, deg C]
# name 9 = t190C: Temperature, 2 [ITS-90, deg C]
# name 10 = T2-T190C: Temperature Difference, 2 - 1 [ITS-90, deg C]
# name 11 = potemp090C: Potential Temperature [ITS-90, deg C]
# name 12 = potemp190C: Potential Temperature, 2 [ITS-90, deg C]
# name 13 = potemp90Cdiff: Potential Temperature, Diff, 2 - 1 [ITS-90, deg C]
# name 14 = c0S/m: Conductivity [S/m]
# name 15 = c1S/m: Conductivity, 2 [S/m]
# name 16 = C2-C1S/m: Conductivity Difference, 2 - 1 [S/m]
# name 17 = sal00: Salinity, Practical [PSU]
# name 18 = sal11: Salinity, Practical, 2 [PSU]
# name 19 = sbeox0ML/L: Oxygen, SBE 43 [ml/l]
# name 20 = sigma-é00: Density [sigma-theta, kg/m^3]
# name 21 = sigma-é11: Density, 2 [sigma-theta, kg/m^3]
# name 22 = sal00: Salinity, Practical [PSU]
# name 23 = sigma-é00: Density [sigma-theta, kg/m^3]
# name 24 = svCM: Sound Velocity [Chen-Millero, m/s]
# name 25 = svCM1: Sound Velocity, 2 [Chen-Millero, m/s]
# name 26 = gsw_ptA0: potential temperature [ITS-90, deg C]
# name 27 = gsw_densityA0: density, TEOS-10 [density, kg/m^3]
# name 28 = gsw_saA0: Absolute Salinity [g/kg]
# name 29 = flag:
# span 0 =      12423,      22019       
# span 1 = 313.968247, 313.972875       
# span 2 =  -62.14162,  -62.13968       
# span 3 =  -58.43758,  -58.43594       
# span 4 =     -1.113,     -0.227       
# span 5 =    1448.19,    1448.19       
# span 6 =      5.000,    370.000       
# span 7 =      4.960,    366.122       
# span 8 =    -0.7851,    -0.5272       
# span 9 =    -0.7840,    -0.5293       
# span 10 =    -0.0118,     0.0114      
# span 11 =    -0.7908,    -0.5394      
# span 12 =    -0.7896,    -0.5414      
# span 13 =    -0.0118,     0.0114      
# span 14 =   2.793461,   2.830375      
# span 15 =   2.793413,   2.830037      
# span 16 =  -0.001098,   0.000990      
# span 17 =    34.2755,    34.3979      
# span 18 =    34.2747,    34.3969      
# span 19 =     6.7382,     7.6708      
# span 20 =    27.5490,    27.6473      
# span 21 =    27.5478,    27.6463      
# span 22 =    34.2761,    34.3980      
# span 23 =    27.5490,    27.6472      
# span 24 =    1445.62,    1451.82      
# span 25 =    1445.63,    1451.82      
# span 26 =    -0.7906,    -0.5392      
# span 27 =  1027.5769,  1029.4159      
# span 28 =    34.4377,    34.5662      
# span 29 = 0.0000e+00, 0.0000e+00      
# interval = decibars: 1                
# start_time = Nov 09 2023 23:05:39 [NMEA time, header]
# bad_flag = -9.990e-29
*END*
[from data line 194]
      17548 313.970719  -62.14068  -58.43664     -0.951    1448.19    176.000    174.237    -0.7604    -0.7593     0.0011    -0.7656    -0.7645     0.0011   2.794952   2.794956   0.000003    34.2994    34.2982     7.5057    27.5763    27.5752    34.2997    27.5765    1447.53    1447.53    -0.7655  1028.4241    34.4668 0.0000e+00
      17572 313.970731  -62.14068  -58.43664     -0.976    1448.19    175.000    173.248    -0.7604    -0.7598     0.0007    -0.7656    -0.7649     0.0007   2.794916   2.794885  -0.000029    34.2996    34.2984     7.5042    27.5764    27.5754    34.2999    27.5767    1447.51    1447.51    -0.7655  1028.4195    34.4669 0.0000e+00
      17598 313.970743  -62.14070  -58.43664     -0.957    1448.19    174.000    172.258    -0.7567    -0.7587    -0.0020    -0.7619    -0.7639    -0.0020   2.795221   2.794924  -0.000276    34.2997    34.2982     7.5097    27.5764    27.5752    34.3004    27.5769    1447.52    1447.50    -0.7617  1028.4150    34.4674 0.0000e+00
      17625 313.970756  -62.14070  -58.43664     -0.915    1448.19    173.000    171.268    -0.7504    -0.7542    -0.0038    -0.7555    -0.7593    -0.0038   2.795674   2.795272  -0.000406    34.2990    34.2979     7.4952    27.5756    27.5748    34.3000    27.5763    1447.53    1447.51    -0.7554  1028.4095    34.4670 0.0000e+00
      17653 313.970769  -62.14070  -58.43663     -0.872    1448.19    172.000    170.279    -0.7440    -0.7427     0.0013    -0.7491    -0.7478     0.0013   2.796196   2.796176  -0.000017    34.2991    34.2975     7.4951    27.5754    27.5740    34.3004    27.5764    1447.54    1447.55    -0.7490  1028.4048    34.4674 0.0000e+00
      17680 313.970783  -62.14071  -58.43662     -0.853    1448.19    171.000    169.289    -0.7383    -0.7402    -0.0019    -0.7434    -0.7453    -0.0019   2.796611   2.796341  -0.000257    34.2991    34.2978     7.5043    27.5751    27.5741    34.3002    27.5760    1447.55    1447.54    -0.7433  1028.3996    34.4672 0.0000e+00
      17707 313.970796  -62.14072  -58.43662     -0.894    1448.19    170.000    168.300    -0.7333    -0.7362    -0.0029    -0.7384    -0.7412    -0.0029   2.796948   2.796623  -0.000323    34.2986    34.2975     7.4908    27.5745    27.5737    34.2997    27.5754    1447.56    1447.55    -0.7382  1028.3941    34.4667 0.0000e+00
      17733 313.970808  -62.14072  -58.43662     -0.927    1448.19    169.000    167.310    -0.7302    -0.7314    -0.0012    -0.7353    -0.7364    -0.0012   2.797142   2.796940  -0.000211    34.2985    34.2970     7.5018    27.5743    27.5731    34.2994    27.5750    1447.56    1447.55    -0.7351  1028.3890    34.4664 0.0000e+00
      17759 313.970821  -62.14072  -58.43662     -0.912    1448.19    168.000    166.321    -0.7283    -0.7292    -0.0009    -0.7333    -0.7342    -0.0009   2.797249   2.797070  -0.000177    34.2984    34.2971     7.5030    27.5742    27.5731    34.2993    27.5748    1447.55    1447.54    -0.7332  1028.3840    34.4663 0.0000e+00
      17786 313.970834  -62.14074  -58.43660     -0.906    1448.19    167.000    165.331    -0.7269    -0.7268     0.0001    -0.7319    -0.7318     0.0001   2.797283   2.797196  -0.000088    34.2982    34.2968     7.4881    27.5739    27.5728    34.2988    27.5744    1447.54    1447.54    -0.7318  1028.3788    34.4658 0.0000e+00
      17812 313.970846  -62.14074  -58.43660     -0.905    1448.19    166.000    164.341    -0.7264    -0.7267    -0.0003    -0.7313    -0.7316    -0.0003   2.797285   2.797169  -0.000120    34.2983    34.2970     7.4869    27.5740    27.5730    34.2988    27.5744    1447.53    1447.52    -0.7312  1028.3740    34.4658 0.0000e+00
      17838 313.970859  -62.14074  -58.43660     -0.915    1448.19    165.000    163.351    -0.7260    -0.7256     0.0003    -0.7309    -0.7306     0.0003   2.797269   2.797199  -0.000073    34.2982    34.2969     7.4822    27.5739    27.5728    34.2988    27.5743    1447.51    1447.51    -0.7308  1028.3692    34.4657 0.0000e+00
      17865 313.970872  -62.14074  -58.43660     -0.901    1448.19    164.000    162.362    -0.7248    -0.7246     0.0002    -0.7297    -0.7295     0.0002   2.797304   2.797226  -0.000073    34.2980    34.2968     7.4875    27.5736    27.5727    34.2985    27.5741    1447.50    1447.50    -0.7296  1028.3641    34.4655 0.0000e+00
      17893 313.970885  -62.14076  -58.43659     -0.871    1448.19    163.000    161.373    -0.7242    -0.7237     0.0004    -0.7290    -0.7286     0.0004   2.797312   2.797242  -0.000074    34.2981    34.2966     7.4958    27.5737    27.5725    34.2985    27.5741    1447.49    1447.49    -0.7289  1028.3593    34.4655 0.0000e+00
      17920 313.970898  -62.14076  -58.43658     -0.879    1448.19    162.000    160.383    -0.7234    -0.7231     0.0003    -0.7282    -0.7280     0.0003   2.797302   2.797241  -0.000062    34.2978    34.2966     7.4952    27.5734    27.5725    34.2981    27.5737    1447.47    1447.47    -0.7281  1028.3542    34.4651 0.0000e+00
      17946 313.970911  -62.14077  -58.43658     -0.915    1448.19    161.000    159.393    -0.7233    -0.7227     0.0007    -0.7281    -0.7274     0.0007   2.797269   2.797226  -0.000050    34.2980    34.2966     7.5035    27.5736    27.5724    34.2983    27.5738    1447.46    1447.46    -0.7280  1028.3495    34.4652 0.0000e+00
      17972 313.970924  -62.14078  -58.43658     -0.919    1448.19    160.000    158.404    -0.7234    -0.7226     0.0008    -0.7281    -0.7273     0.0008   2.797221   2.797179  -0.000041    34.2980    34.2966     7.5020    27.5736    27.5724    34.2983    27.5738    1447.44    1447.44    -0.7280  1028.3447    34.4652 0.0000e+00
      17999 313.970937  -62.14078  -58.43658     -0.896    1448.19    159.000    157.414    -0.7217    -0.7218    -0.0001    -0.7264    -0.7266    -0.0001   2.797322   2.797192  -0.000096    34.2975    34.2964     7.4970    27.5732    27.5722    34.2984    27.5738    1447.43    1447.43    -0.7263  1028.3402    34.4656 0.0000e+00
      18028 313.970950  -62.14078 -9.990e-29     -0.859    1448.19    158.000    156.424    -0.7121    -0.7135    -0.0013    -0.7169    -0.7182    -0.0013   2.797921   2.797787  -0.000156    34.2952    34.2946     7.5070    27.5709    27.5704    34.2962    27.5717    1447.46    1447.45    -0.7167  1028.3346    34.4651 0.0000e+00
      18056 313.970964  -62.14078 -9.990e-29     -0.843    1448.19    157.000    155.435    -0.7017    -0.7034    -0.0017    -0.7064    -0.7081    -0.0017   2.798668   2.798455  -0.000209    34.2939    34.2930     7.4934    27.5693    27.5687    34.2951    27.5703    1447.49    1447.48    -0.7063  1028.3283    34.4639 0.0000e+00
      18083 313.970977  -62.14080 -9.990e-29     -0.867    1448.19    156.000    154.445    -0.6964    -0.6992    -0.0027    -0.7011    -0.7038    -0.0027   2.799022   2.798713  -0.000307    34.2935    34.2924     7.5024    27.5688    27.5681    34.2945    27.5697    1447.50    1447.48    -0.7010  1028.3229    34.4633 0.0000e+00
      18110 313.970990  -62.14080  -58.43656     -0.898    1448.19    155.000    153.455    -0.6949    -0.6950    -0.0001    -0.6995    -0.6996    -0.0001   2.799063   2.798959  -0.000114    34.2931    34.2918     7.5137    27.5685    27.5674    34.2939    27.5691    1447.49    1447.49    -0.6994  1028.3167    34.4617 0.0000e+00
      18136 313.971002  -62.14081  -58.43655     -0.920    1448.19    154.000    152.466    -0.6939    -0.6936     0.0002    -0.6985    -0.6983     0.0002   2.799095   2.799012  -0.000084    34.2931    34.2917     7.5073    27.5684    27.5673    34.2939    27.5690    1447.48    1447.47    -0.6984  1028.3111    34.4607 0.0000e+00
      18162 313.971015  -62.14082  -58.43654     -0.922    1448.19    153.000    151.476    -0.6934    -0.6928     0.0005    -0.6979    -0.6974     0.0005   2.799079   2.799017  -0.000062    34.2930    34.2916     7.5290    27.5683    27.5671    34.2937    27.5688    1447.46    1447.46    -0.6979  1028.3061    34.4605 0.0000e+00
      18189 313.971028  -62.14082  -58.43654     -0.900    1448.19    152.000    150.486    -0.6926    -0.6924     0.0001    -0.6972    -0.6970     0.0001   2.799084   2.799001  -0.000083    34.2929    34.2916     7.5337    27.5682    27.5671    34.2935    27.5686    1447.45    1447.45    -0.6970  1028.3012    34.4603 0.0000e+00
      18216 313.971041  -62.14082  -58.43654     -0.885    1448.19    151.000    149.497    -0.6919    -0.6916     0.0003    -0.6964    -0.6962     0.0003   2.799087   2.799009  -0.000080    34.2929    34.2915     7.5332    27.5681    27.5670    34.2934    27.5685    1447.44    1447.44    -0.6963  1028.2963    34.4602 0.0000e+00
      18243 313.971054  -62.14084  -58.43654     -0.878    1448.19    150.000    148.507    -0.6918    -0.6913     0.0005    -0.6963    -0.6958     0.0005   2.799044   2.798983  -0.000062    34.2929    34.2914     7.5393    27.5681    27.5669    34.2933    27.5684    1447.42    1447.42    -0.6962  1028.2914    34.4601 0.0000e+00
      18272 313.971068  -62.14084  -58.43654     -0.851    1448.19    149.000    147.517    -0.6916    -0.6910     0.0006    -0.6960    -0.6954     0.0006   2.799014   2.798958  -0.000061    34.2929    34.2914     7.5275    27.5681    27.5669    34.2932    27.5684    1447.41    1447.41    -0.6959  1028.2865    34.4600 0.0000e+00
      18299 313.971081  -62.14084  -58.43652     -0.870    1448.19    148.000    146.527    -0.6917    -0.6910     0.0008    -0.6962    -0.6954     0.0008   2.798950   2.798913  -0.000039    34.2929    34.2915     7.5369    27.5681    27.5670    34.2932    27.5683    1447.39    1447.39    -0.6960  1028.2818    34.4600 0.0000e+00
      18325 313.971094  -62.14085  -58.43652     -0.905    1448.19    147.000    145.538    -0.6916    -0.6909     0.0008    -0.6960    -0.6953     0.0008   2.798921   2.798874  -0.000049    34.2931    34.2916     7.5369    27.5683    27.5670    34.2932    27.5684    1447.37    1447.37    -0.6959  1028.2770    34.4601 0.0000e+00
      18353 313.971107  -62.14086  -58.43652     -0.889    1448.19    146.000    144.548    -0.6911    -0.6906     0.0005    -0.6955    -0.6950     0.0005   2.798902   2.798846  -0.000053    34.2927    34.2915     7.5328    27.5680    27.5669    34.2930    27.5682    1447.36    1447.36    -0.6954  1028.2720    34.4598 0.0000e+00
      18379 313.971120  -62.14086  -58.43651     -0.890    1448.19    145.000    143.558    -0.6892    -0.6893    -0.0001    -0.6936    -0.6936    -0.0001   2.798994   2.798899  -0.000096    34.2924    34.2912     7.5414    27.5676    27.5666    34.2928    27.5679    1447.35    1447.35    -0.6934  1028.2670    34.4596 0.0000e+00
      18405 313.971132  -62.14086  -58.43650     -0.916    1448.19    144.000    142.569    -0.6852    -0.6865    -0.0013    -0.6895    -0.6908    -0.0013   2.799265   2.799047  -0.000206    34.2918    34.2906     7.5383    27.5670    27.5660    34.2925    27.5675    1447.35    1447.35    -0.6894  1028.2617    34.4592 0.0000e+00
      18431 313.971145  -62.14087  -58.43650     -0.924    1448.19    143.000    141.579    -0.6840    -0.6837     0.0003    -0.6883    -0.6880     0.0003   2.799287   2.799209  -0.000090    34.2918    34.2903     7.5278    27.5669    27.5656    34.2920    27.5671    1447.34    1447.34    -0.6882  1028.2566    34.4588 0.0000e+00
      18459 313.971158  -62.14088  -58.43650     -0.890    1448.19    142.000    140.589    -0.6833    -0.6833     0.0001    -0.6876    -0.6875     0.0001   2.799317   2.799212  -0.000099    34.2918    34.2904     7.5487    27.5669    27.5657    34.2923    27.5673    1447.33    1447.33    -0.6875  1028.2519    34.4591 0.0000e+00
      18488 313.971172  -62.14088  -58.43650     -0.834    1448.19    141.000    139.599    -0.6810    -0.6810     0.0000    -0.6853    -0.6853     0.0000   2.799408   2.799327  -0.000087    34.2913    34.2901     7.5481    27.5663    27.5654    34.2916    27.5666    1447.32    1447.32    -0.6851  1028.2464    34.4583 0.0000e+00
      18519 313.971187  -62.14088  -58.43649     -0.800    1448.19    140.000    138.610    -0.6813    -0.6803     0.0010    -0.6855    -0.6845     0.0010   2.799327   2.799311  -0.000022    34.2912    34.2897     7.5435    27.5663    27.5651    34.2914    27.5664    1447.30    1447.31    -0.6854  1028.2382    34.4540 0.0000e+00
      18548 313.971201 -9.990e-29  -58.43648     -0.793    1448.19    139.000    137.620    -0.6877    -0.6832     0.0045    -0.6919    -0.6874     0.0045   2.798676   2.798975   0.000244    34.2914    34.2895     7.5562    27.5667    27.5650    34.2905    27.5660    1447.26    1447.28    -0.6918  1028.2323    34.4522 0.0000e+00
      18575 313.971214 -9.990e-29  -58.43648     -0.854    1448.19    138.000    136.630    -0.7000    -0.6886     0.0114    -0.7041    -0.6927     0.0114   2.797457   2.798399   0.000903    34.2901    34.2894     7.5510    27.5662    27.5651    34.2885    27.5649    1447.18    1447.23    -0.7040  1028.2265    34.4502 0.0000e+00
      18602 313.971227  -62.14090  -58.43648     -0.913    1448.19    137.000    135.640    -0.7129    -0.7080     0.0049    -0.7170    -0.7121     0.0049   2.796233   2.796579   0.000386    34.2888    34.2885     7.5549    27.5657    27.5652    34.2873    27.5644    1447.10    1447.12    -0.7169  1028.2223    34.4501 0.0000e+00
      18628 313.971240  -62.14092  -58.43648     -0.912    1448.19    136.000    134.651    -0.7157    -0.7130     0.0027    -0.7197    -0.7171     0.0026   2.795938   2.796098   0.000161    34.2879    34.2871     7.5652    27.5650    27.5643    34.2870    27.5644    1447.07    1447.08    -0.7196  1028.2205    34.4537 0.0000e+00
      18655 313.971253  -62.14092  -58.43648     -0.898    1448.19    135.000    133.661    -0.7162    -0.7143     0.0020    -0.7202    -0.7182     0.0020   2.795806   2.795912   0.000120    34.2871    34.2864     7.5519    27.5644    27.5638    34.2865    27.5639    1447.05    1447.06    -0.7201  1028.2153    34.4531 0.0000e+00
      18683 313.971267  -62.14092  -58.43646     -0.863    1448.19    134.000    132.671    -0.7144    -0.7138     0.0006    -0.7184    -0.7178     0.0006   2.795903   2.795859  -0.000036    34.2869    34.2857     7.5578    27.5642    27.5632    34.2863    27.5638    1447.05    1447.05    -0.7183  1028.2103    34.4530 0.0000e+00
      18712 313.971280  -62.14092  -58.43646     -0.834    1448.19    133.000    131.682    -0.7141    -0.7137     0.0004    -0.7181    -0.7176     0.0004   2.795836   2.795790  -0.000041    34.2862    34.2851     7.5592    27.5636    27.5627    34.2857    27.5632    1447.03    1447.03    -0.7179  1028.2025    34.4493 0.0000e+00
      18740 313.971294 -9.990e-29  -58.43646     -0.847    1448.19    132.000    130.692    -0.7132    -0.7129     0.0003    -0.7171    -0.7168     0.0003   2.795876   2.795809  -0.000058    34.2860    34.2850     7.5602    27.5634    27.5626    34.2859    27.5633    1447.02    1447.02    -0.7170  1028.1963    34.4475 0.0000e+00
      18769 313.971308 -9.990e-29  -58.43646     -0.834    1448.19    131.000    129.702    -0.7106    -0.7102     0.0004    -0.7144    -0.7141     0.0004   2.796010   2.795963  -0.000051    34.2854    34.2843     7.5771    27.5628    27.5619    34.2853    27.5627    1447.01    1447.01    -0.7144  1028.1909    34.4469 0.0000e+00
      18798 313.971322  -62.14095  -58.43646     -0.824    1448.19    130.000    128.712    -0.7077    -0.7080    -0.0003    -0.7116    -0.7119    -0.0003   2.796162   2.796058  -0.000095    34.2847    34.2837     7.5671    27.5621    27.5614    34.2848    27.5622    1447.01    1447.01    -0.7115  1028.1863    34.4473 0.0000e+00
