Pos-Processados/process_op42/Processamento_split/up/uoperantar42_031.cnv
* Sea-Bird SBE 9 Data File:
* FileName = C:\Users\Hidrografia\Desktop\OPXLII\Brutos\OP42031.hdr
* Software Version Seasave V 7.26.7.107
* Temperature SN = 6502
* Conductivity SN = 4998
* Number of Bytes Per Scan = 37
* Number of Voltage Words = 4
* Number of Scans Averaged by the Deck Unit = 1
* NMEA Latitude = 62 08.51 S
* NMEA Longitude = 058 26.69 W
* NMEA UTC (Time) = Nov 09 2023 06:07:33
* NMEA baud rate = 4800
** H41
** NPOALTEMAXIMIANO
** NUMERO DA ESTACAO (XXX) 031
** LAT (XX XX.XX S/N) 62 08.5 S
** LONG (XXX XX.XX W/E) 058 26.7 W
** DATAHORA (dd/mm/aaaa hh:mm Z) 09/11/2023 0606Z
** PROFUNDIDADE (m) 410
** OPERADOR CT FILIPE LOPES
# nquan = 30
# nvalues = 369                         
# units = specified
# name 0 = scan: Scan Count
# name 1 = timeJ: Julian Days
# name 2 = latitude: Latitude [deg]
# name 3 = longitude: Longitude [deg]
# name 4 = dz/dtM: Descent Rate [m/s]
# name 5 = avgsvCM: Average Sound Velocity [Chen-Millero, m/s]
# name 6 = prDM: Pressure, Digiquartz [db]
# name 7 = depSM: Depth [salt water, m]
# name 8 = t090C: Temperature [ITS-90, deg C]
# name 9 = t190C: Temperature, 2 [ITS-90, deg C]
# name 10 = T2-T190C: Temperature Difference, 2 - 1 [ITS-90, deg C]
# name 11 = potemp090C: Potential Temperature [ITS-90, deg C]
# name 12 = potemp190C: Potential Temperature, 2 [ITS-90, deg C]
# name 13 = potemp90Cdiff: Potential Temperature, Diff, 2 - 1 [ITS-90, deg C]
# name 14 = c0S/m: Conductivity [S/m]
# name 15 = c1S/m: Conductivity, 2 [S/m]
# name 16 = C2-C1S/m: Conductivity Difference, 2 - 1 [S/m]
# name 17 = sal00: Salinity, Practical [PSU]
# name 18 = sal11: Salinity, Practical, 2 [PSU]
# name 19 = sbeox0ML/L: Oxygen, SBE 43 [ml/l]
# name 20 = sigma-é00: Density [sigma-theta, kg/m^3]
# name 21 = sigma-é11: Density, 2 [sigma-theta, kg/m^3]
# name 22 = sal00: Salinity, Practical [PSU]
# name 23 = sigma-é00: Density [sigma-theta, kg/m^3]
# name 24 = svCM: Sound Velocity [Chen-Millero, m/s]
# name 25 = svCM1: Sound Velocity, 2 [Chen-Millero, m/s]
# name 26 = gsw_ptA0: potential temperature [ITS-90, deg C]
# name 27 = gsw_densityA0: density, TEOS-10 [density, kg/m^3]
# name 28 = gsw_saA0: Absolute Salinity [g/kg]
# name 29 = flag:
# span 0 =      17930,      29481       
# span 1 = 313.263889, 313.269460       
# span 2 =  -62.14393,  -62.14376       
# span 3 =  -58.43991,  -58.43559       
# span 4 =     -0.984,      0.305       
# span 5 =    1448.14,    1448.14       
# span 6 =      3.000,    371.000       
# span 7 =      2.972,    367.108       
# span 8 =    -0.8312,    -0.5432       
# span 9 =    -0.8298,    -0.5425       
# span 10 =    -0.0134,     0.0096      
# span 11 =    -0.8383,    -0.5452      
# span 12 =    -0.8369,    -0.5445      
# span 13 =    -0.0134,     0.0096      
# span 14 =   2.792248,   2.824940      
# span 15 =   2.792227,   2.824993      
# span 16 =  -0.001104,   0.001010      
# span 17 =    34.2835,    34.3919      
# span 18 =    34.2825,    34.3915      
# span 19 =     6.7736,     7.6516      
# span 20 =    27.5545,    27.6442      
# span 21 =    27.5535,    27.6439      
# span 22 =    34.2836,    34.3918      
# span 23 =    27.5544,    27.6441      
# span 24 =    1445.68,    1451.63      
# span 25 =    1445.69,    1451.63      
# span 26 =    -0.8381,    -0.5452      
# span 27 =  1027.5737,  1029.4185      
# span 28 =    34.4461,    34.5599      
# span 29 = 0.0000e+00, 0.0000e+00      
# interval = decibars: 1                
# start_time = Nov 09 2023 06:07:33 [NMEA time, header]
# bad_flag = -9.990e-29
*END*
[from data line 194]
      24253 313.266939  -62.14382  -58.43738     -0.796    1448.14    177.000    175.226    -0.7674    -0.7666     0.0007    -0.7726    -0.7719     0.0007   2.794195   2.794164  -0.000025    34.2965    34.2953     7.5015    27.5742    27.5732    34.2968    27.5744    1447.51    1447.51    -0.7725  1028.4269    34.4638 0.0000e+00
      24281 313.266952  -62.14382  -58.43738     -0.858    1448.14    176.000    174.237    -0.7669    -0.7667     0.0002    -0.7721    -0.7719     0.0002   2.794180   2.794112  -0.000068    34.2965    34.2953     7.4956    27.5742    27.5732    34.2967    27.5744    1447.49    1447.49    -0.7720  1028.4220    34.4637 0.0000e+00
      24308 313.266965  -62.14382  -58.43737     -0.885    1448.14    175.000    173.248    -0.7668    -0.7662     0.0006    -0.7720    -0.7714     0.0006   2.794145   2.794107  -0.000039    34.2965    34.2953     7.4955    27.5742    27.5732    34.2967    27.5743    1447.48    1447.48    -0.7718  1028.4172    34.4637 0.0000e+00
      24335 313.266978  -62.14382  -58.43736     -0.885    1448.14    174.000    172.258    -0.7668    -0.7661     0.0007    -0.7719    -0.7712     0.0007   2.794100   2.794066  -0.000036    34.2966    34.2953     7.5101    27.5743    27.5732    34.2967    27.5743    1447.46    1447.47    -0.7718  1028.4124    34.4637 0.0000e+00
      24363 313.266992  -62.14382  -58.43734     -0.869    1448.14    173.000    171.269    -0.7669    -0.7661     0.0007    -0.7720    -0.7713     0.0007   2.794053   2.794019  -0.000034    34.2966    34.2953     7.5121    27.5743    27.5732    34.2968    27.5744    1447.45    1447.45    -0.7719  1028.4077    34.4638 0.0000e+00
      24392 313.267006  -62.14382  -58.43734     -0.839    1448.14    172.000    170.279    -0.7667    -0.7660     0.0007    -0.7718    -0.7711     0.0007   2.794020   2.793992  -0.000031    34.2967    34.2955     7.5014    27.5744    27.5733    34.2967    27.5744    1447.43    1447.43    -0.7717  1028.4029    34.4637 0.0000e+00
      24421 313.267019  -62.14382  -58.43732     -0.831    1448.14    171.000    169.289    -0.7665    -0.7657     0.0008    -0.7716    -0.7707     0.0008   2.794000   2.793977  -0.000023    34.2967    34.2955     7.4987    27.5743    27.5733    34.2968    27.5745    1447.42    1447.42    -0.7714  1028.3982    34.4638 0.0000e+00
      24449 313.267033  -62.14382  -58.43731     -0.838    1448.14    170.000    168.300    -0.7663    -0.7655     0.0008    -0.7713    -0.7705     0.0008   2.793969   2.793948  -0.000024    34.2968    34.2956     7.5043    27.5744    27.5734    34.2968    27.5744    1447.40    1447.40    -0.7712  1028.3934    34.4638 0.0000e+00
      24478 313.267047  -62.14382  -58.43730     -0.834    1448.14    169.000    167.310    -0.7660    -0.7654     0.0006    -0.7710    -0.7704     0.0006   2.793933   2.793902  -0.000027    34.2965    34.2954     7.5126    27.5742    27.5732    34.2966    27.5743    1447.39    1447.39    -0.7709  1028.3885    34.4636 0.0000e+00
      24506 313.267061  -62.14382  -58.43730     -0.851    1448.14    168.000    166.321    -0.7647    -0.7650    -0.0003    -0.7697    -0.7700    -0.0003   2.794001   2.793886  -0.000105    34.2965    34.2954     7.5154    27.5741    27.5732    34.2967    27.5743    1447.37    1447.37    -0.7695  1028.3837    34.4637 0.0000e+00
      24534 313.267074  -62.14382  -58.43728     -0.851    1448.14    167.000    165.331    -0.7624    -0.7632    -0.0008    -0.7673    -0.7682    -0.0008   2.794128   2.793984  -0.000145    34.2961    34.2951     7.5048    27.5737    27.5729    34.2964    27.5739    1447.37    1447.36    -0.7672  1028.3785    34.4633 0.0000e+00
      24563 313.267088  -62.14382  -58.43728     -0.846    1448.14    166.000    164.341    -0.7615    -0.7610     0.0006    -0.7664    -0.7659     0.0006   2.794147   2.794113  -0.000039    34.2960    34.2949     7.5052    27.5736    27.5726    34.2963    27.5738    1447.36    1447.36    -0.7663  1028.3736    34.4632 0.0000e+00
      24592 313.267102  -62.14382  -58.43727     -0.835    1448.14    165.000    163.352    -0.7587    -0.7592    -0.0005    -0.7636    -0.7641    -0.0005   2.794317   2.794188  -0.000117    34.2956    34.2946     7.5096    27.5731    27.5723    34.2960    27.5735    1447.35    1447.35    -0.7634  1028.3685    34.4630 0.0000e+00
      24621 313.267116  -62.14382  -58.43726     -0.811    1448.14    164.000    162.362    -0.7573    -0.7581    -0.0008    -0.7621    -0.7630    -0.0008   2.794358   2.794222  -0.000140    34.2953    34.2943     7.4988    27.5728    27.5721    34.2956    27.5730    1447.34    1447.34    -0.7620  1028.3633    34.4625 0.0000e+00
      24649 313.267130  -62.14382  -58.43725     -0.845    1448.14    163.000    161.373    -0.7561    -0.7562    -0.0001    -0.7609    -0.7610    -0.0001   2.794393   2.794316  -0.000079    34.2951    34.2940     7.5071    27.5726    27.5718    34.2953    27.5728    1447.33    1447.33    -0.7608  1028.3582    34.4622 0.0000e+00
      24676 313.267143  -62.14382  -58.43724     -0.892    1448.14    162.000    160.383    -0.7554    -0.7554     0.0001    -0.7602    -0.7601     0.0001   2.794395   2.794313  -0.000081    34.2950    34.2938     7.5171    27.5725    27.5715    34.2952    27.5727    1447.32    1447.32    -0.7601  1028.3533    34.4621 0.0000e+00
      24702 313.267155  -62.14382  -58.43722     -0.905    1448.14    161.000    159.393    -0.7544    -0.7544    -0.0000    -0.7591    -0.7591    -0.0000   2.794423   2.794342  -0.000080    34.2946    34.2936     7.5068    27.5722    27.5713    34.2950    27.5724    1447.31    1447.31    -0.7590  1028.3483    34.4619 0.0000e+00
      24728 313.267168  -62.14382  -58.43722     -0.917    1448.14    160.000    158.403    -0.7530    -0.7529     0.0001    -0.7577    -0.7576     0.0001   2.794455   2.794382  -0.000072    34.2942    34.2931     7.5009    27.5718    27.5709    34.2945    27.5720    1447.30    1447.30    -0.7576  1028.3431    34.4614 0.0000e+00
      24756 313.267181  -62.14382  -58.43721     -0.889    1448.14    159.000    157.414    -0.7513    -0.7518    -0.0004    -0.7560    -0.7565    -0.0004   2.794535   2.794413  -0.000115    34.2939    34.2929     7.5020    27.5715    27.5706    34.2943    27.5717    1447.29    1447.29    -0.7559  1028.3381    34.4612 0.0000e+00
      24787 313.267196  -62.14382  -58.43720     -0.796    1448.14    158.000    156.424    -0.7490    -0.7527    -0.0037    -0.7537    -0.7574    -0.0037   2.794635   2.794322  -0.000312    34.2933    34.2932     7.5021    27.5708    27.5710    34.2936    27.5711    1447.28    1447.27    -0.7536  1028.3326    34.4605 0.0000e+00
      24816 313.267210  -62.14382  -58.43719     -0.809    1448.14    157.000    155.434    -0.7475    -0.7476    -0.0001    -0.7522    -0.7523    -0.0001   2.794684   2.794595  -0.000090    34.2930    34.2919     7.5105    27.5705    27.5696    34.2932    27.5707    1447.27    1447.27    -0.7520  1028.3274    34.4601 0.0000e+00
      24844 313.267224  -62.14382  -58.43718     -0.838    1448.14    156.000    154.445    -0.7473    -0.7473     0.0000    -0.7519    -0.7519     0.0000   2.794664   2.794589  -0.000079    34.2930    34.2919     7.5214    27.5706    27.5696    34.2933    27.5708    1447.26    1447.26    -0.7518  1028.3228    34.4602 0.0000e+00
      24873 313.267237  -62.14382  -58.43718     -0.848    1448.14    155.000    153.455    -0.7460    -0.7461    -0.0002    -0.7505    -0.7507    -0.0002   2.794694   2.794619  -0.000078    34.2925    34.2917     7.5196    27.5701    27.5694    34.2928    27.5703    1447.25    1447.25    -0.7504  1028.3175    34.4597 0.0000e+00
      24901 313.267251  -62.14382  -58.43716     -0.844    1448.14    154.000    152.465    -0.7456    -0.7451     0.0005    -0.7502    -0.7496     0.0005   2.794669   2.794622  -0.000052    34.2925    34.2912     7.5159    27.5701    27.5690    34.2927    27.5702    1447.23    1447.23    -0.7500  1028.3126    34.4596 0.0000e+00
      24929 313.267265  -62.14382  -58.43715     -0.847    1448.14    153.000    151.476    -0.7453    -0.7447     0.0006    -0.7499    -0.7492     0.0006   2.794625   2.794589  -0.000040    34.2923    34.2910     7.5109    27.5699    27.5688    34.2924    27.5700    1447.22    1447.22    -0.7497  1028.3076    34.4592 0.0000e+00
      24957 313.267278  -62.14382  -58.43714     -0.852    1448.14    152.000    150.486    -0.7453    -0.7447     0.0005    -0.7498    -0.7492     0.0005   2.794576   2.794544  -0.000035    34.2921    34.2910     7.5080    27.5697    27.5688    34.2923    27.5698    1447.20    1447.20    -0.7497  1028.3027    34.4591 0.0000e+00
      24985 313.267292  -62.14382  -58.43714     -0.861    1448.14    151.000    149.496    -0.7450    -0.7444     0.0006    -0.7494    -0.7489     0.0006   2.794533   2.794499  -0.000034    34.2919    34.2908     7.5221    27.5696    27.5686    34.2920    27.5697    1447.18    1447.19    -0.7493  1028.2977    34.4589 0.0000e+00
      25014 313.267306  -62.14382  -58.43712     -0.840    1448.14    150.000    148.507    -0.7449    -0.7442     0.0007    -0.7493    -0.7486     0.0007   2.794489   2.794463  -0.000027    34.2918    34.2906     7.5292    27.5694    27.5685    34.2919    27.5695    1447.17    1447.17    -0.7492  1028.2928    34.4587 0.0000e+00
      25044 313.267320  -62.14382  -58.43712     -0.813    1448.14    149.000    147.517    -0.7445    -0.7439     0.0006    -0.7489    -0.7483     0.0006   2.794458   2.794437  -0.000021    34.2915    34.2906     7.5195    27.5692    27.5684    34.2916    27.5693    1447.15    1447.16    -0.7488  1028.2878    34.4584 0.0000e+00
      25073 313.267334  -62.14382  -58.43711     -0.811    1448.14    148.000    146.528    -0.7441    -0.7436     0.0005    -0.7485    -0.7480     0.0005   2.794449   2.794405  -0.000048    34.2917    34.2905     7.5120    27.5693    27.5683    34.2917    27.5694    1447.14    1447.14    -0.7484  1028.2831    34.4586 0.0000e+00
      25103 313.267349  -62.14382  -58.43710     -0.805    1448.14    147.000    145.538    -0.7436    -0.7432     0.0005    -0.7480    -0.7475     0.0005   2.794448   2.794400  -0.000047    34.2916    34.2905     7.5173    27.5693    27.5683    34.2918    27.5694    1447.13    1447.13    -0.7478  1028.2783    34.4586 0.0000e+00
      25133 313.267363  -62.14382  -58.43708     -0.814    1448.14    146.000    144.548    -0.7425    -0.7422     0.0003    -0.7468    -0.7465     0.0003   2.794481   2.794418  -0.000063    34.2914    34.2903     7.5218    27.5690    27.5681    34.2916    27.5692    1447.12    1447.12    -0.7467  1028.2733    34.4584 0.0000e+00
      25162 313.267377  -62.14382  -58.43708     -0.817    1448.14    145.000    143.559    -0.7418    -0.7415     0.0004    -0.7461    -0.7457     0.0004   2.794455   2.794416  -0.000039    34.2909    34.2900     7.5296    27.5686    27.5679    34.2910    27.5687    1447.10    1447.10    -0.7460  1028.2680    34.4578 0.0000e+00
      25191 313.267391  -62.14382  -58.43706     -0.818    1448.14    144.000    142.569    -0.7406    -0.7407    -0.0001    -0.7448    -0.7449    -0.0001   2.794514   2.794412  -0.000090    34.2908    34.2896     7.5403    27.5684    27.5675    34.2911    27.5687    1447.09    1447.09    -0.7447  1028.2632    34.4578 0.0000e+00
      25221 313.267406  -62.14382  -58.43706     -0.811    1448.14    143.000    141.579    -0.7377    -0.7379    -0.0002    -0.7419    -0.7421    -0.0002   2.794670   2.794587  -0.000091    34.2903    34.2892     7.5237    27.5679    27.5671    34.2905    27.5681    1447.09    1447.09    -0.7418  1028.2578    34.4573 0.0000e+00
      25251 313.267420  -62.14382  -58.43704     -0.804    1448.14    142.000    140.589    -0.7368    -0.7368    -0.0001    -0.7410    -0.7410    -0.0001   2.794687   2.794607  -0.000084    34.2901    34.2891     7.5270    27.5678    27.5669    34.2903    27.5679    1447.08    1447.08    -0.7409  1028.2529    34.4571 0.0000e+00
      25280 313.267434  -62.14382  -58.43704     -0.816    1448.14    141.000    139.600    -0.7364    -0.7358     0.0006    -0.7406    -0.7399     0.0006   2.794655   2.794626  -0.000025    34.2899    34.2889     7.5253    27.5675    27.5667    34.2901    27.5677    1447.06    1447.06    -0.7405  1028.2479    34.4569 0.0000e+00
      25308 313.267447  -62.14382  -58.43702     -0.856    1448.14    140.000    138.610    -0.7364    -0.7358     0.0006    -0.7405    -0.7399     0.0006   2.794605   2.794569  -0.000037    34.2899    34.2887     7.5246    27.5676    27.5666    34.2900    27.5677    1447.04    1447.05    -0.7404  1028.2430    34.4568 0.0000e+00
      25338 313.267462  -62.14382  -58.43702     -0.816    1448.14    139.000    137.620    -0.7363    -0.7361     0.0002    -0.7404    -0.7402     0.0002   2.794555   2.794500  -0.000054    34.2897    34.2888     7.5357    27.5674    27.5666    34.2899    27.5675    1447.03    1447.03    -0.7403  1028.2381    34.4566 0.0000e+00
      25369 313.267477  -62.14382  -58.43701     -0.776    1448.14    138.000    136.630    -0.7361    -0.7356     0.0005    -0.7401    -0.7396     0.0005   2.794526   2.794490  -0.000037    34.2897    34.2886     7.5409    27.5673    27.5665    34.2898    27.5675    1447.01    1447.01    -0.7401  1028.2333    34.4565 0.0000e+00
      25400 313.267492  -62.14382  -58.43700     -0.771    1448.14    137.000    135.641    -0.7351    -0.7347     0.0004    -0.7391    -0.7387     0.0004   2.794549   2.794499  -0.000053    34.2895    34.2884     7.5334    27.5672    27.5662    34.2896    27.5673    1447.00    1447.00    -0.7390  1028.2283    34.4563 0.0000e+00
      25428 313.267506  -62.14382  -58.43698     -0.818    1448.14    136.000    134.651    -0.7345    -0.7341     0.0004    -0.7385    -0.7381     0.0004   2.794544   2.794496  -0.000045    34.2893    34.2883     7.5273    27.5670    27.5661    34.2895    27.5672    1446.99    1446.99    -0.7384  1028.2234    34.4562 0.0000e+00
      25455 313.267518  -62.14382  -58.43698     -0.880    1448.14    135.000    133.661    -0.7316    -0.7326    -0.0010    -0.7356    -0.7366    -0.0010   2.794795   2.794561  -0.000197    34.2895    34.2880     7.5217    27.5670    27.5658    34.2902    27.5676    1446.98    1446.98    -0.7355  1028.2191    34.4569 0.0000e+00
      25481 313.267531  -62.14382  -58.43697     -0.926    1448.14    134.000    132.671    -0.7223    -0.7286    -0.0063    -0.7263    -0.7326    -0.0063   2.795557   2.794891  -0.000643    34.2890    34.2875     7.5204    27.5663    27.5653    34.2906    27.5676    1447.01    1446.98    -0.7262  1028.2142    34.4573 0.0000e+00
      25508 313.267544  -62.14382  -58.43696     -0.905    1448.14    133.000    131.681    -0.7078    -0.7099    -0.0021    -0.7118    -0.7139    -0.0021   2.796587   2.796274  -0.000325    34.2876    34.2856     7.5223    27.5645    27.5629    34.2888    27.5654    1447.06    1447.05    -0.7117  1028.2072    34.4554 0.0000e+00
      25539 313.267559  -62.14382  -58.43696     -0.799    1448.14    132.000    130.692    -0.7047    -0.7070    -0.0023    -0.7086    -0.7109    -0.0023   2.796745   2.796507  -0.000255    34.2870    34.2862     7.5331    27.5639    27.5633    34.2879    27.5646    1447.06    1447.05    -0.7085  1028.2016    34.4546 0.0000e+00
      25569 313.267573  -62.14382  -58.43694     -0.796    1448.14    131.000    129.702    -0.7006    -0.7012    -0.0006    -0.7045    -0.7051    -0.0006   2.797078   2.796932  -0.000138    34.2873    34.2861     7.5406    27.5640    27.5630    34.2885    27.5649    1447.06    1447.06    -0.7044  1028.1970    34.4551 0.0000e+00
