Pos-Processados/process_op42/Processamento_split/up/uoperantar42_019.cnv
* Sea-Bird SBE 9 Data File:
* FileName = C:\Users\Hidrografia\Desktop\OPXLII\Brutos\OP42019.hdr
* Software Version Seasave V 7.26.7.107
* Temperature SN = 6502
* Conductivity SN = 4998
* Number of Bytes Per Scan = 37
* Number of Voltage Words = 4
* Number of Scans Averaged by the Deck Unit = 1
* NMEA Latitude = 62 12.74 S
* NMEA Longitude = 058 20.49 W
* NMEA UTC (Time) = Nov 07 2023 15:27:40
* NMEA baud rate = 4800
** H41
** NPOALTEMAXIMIANO
** NUMERO DA ESTACAO (XXX) 019
** LAT (XX XX.XX S/N) 62 12.46 S
** LONG (XXX XX.XX W/E) 058 20.12 W
** DATAHORA (dd/mm/aaaa hh:mm Z) 07/11/2023 1518Z
** PROFUNDIDADE (m) 490
** OPERADOR CT FILIPE LOPES
# nquan = 30
# nvalues = 456                         
# units = specified
# name 0 = scan: Scan Count
# name 1 = timeJ: Julian Days
# name 2 = latitude: Latitude [deg]
# name 3 = longitude: Longitude [deg]
# name 4 = dz/dtM: Descent Rate [m/s]
# name 5 = avgsvCM: Average Sound Velocity [Chen-Millero, m/s]
# name 6 = prDM: Pressure, Digiquartz [db]
# name 7 = depSM: Depth [salt water, m]
# name 8 = t090C: Temperature [ITS-90, deg C]
# name 9 = t190C: Temperature, 2 [ITS-90, deg C]
# name 10 = T2-T190C: Temperature Difference, 2 - 1 [ITS-90, deg C]
# name 11 = potemp090C: Potential Temperature [ITS-90, deg C]
# name 12 = potemp190C: Potential Temperature, 2 [ITS-90, deg C]
# name 13 = potemp90Cdiff: Potential Temperature, Diff, 2 - 1 [ITS-90, deg C]
# name 14 = c0S/m: Conductivity [S/m]
# name 15 = c1S/m: Conductivity, 2 [S/m]
# name 16 = C2-C1S/m: Conductivity Difference, 2 - 1 [S/m]
# name 17 = sal00: Salinity, Practical [PSU]
# name 18 = sal11: Salinity, Practical, 2 [PSU]
# name 19 = sbeox0ML/L: Oxygen, SBE 43 [ml/l]
# name 20 = sigma-é00: Density [sigma-theta, kg/m^3]
# name 21 = sigma-é11: Density, 2 [sigma-theta, kg/m^3]
# name 22 = sal00: Salinity, Practical [PSU]
# name 23 = sigma-é00: Density [sigma-theta, kg/m^3]
# name 24 = svCM: Sound Velocity [Chen-Millero, m/s]
# name 25 = svCM1: Sound Velocity, 2 [Chen-Millero, m/s]
# name 26 = gsw_ptA0: potential temperature [ITS-90, deg C]
# name 27 = gsw_densityA0: density, TEOS-10 [density, kg/m^3]
# name 28 = gsw_saA0: Absolute Salinity [g/kg]
# name 29 = flag:
# span 0 =      21380,      37952       
# span 1 = 311.654523, 311.662515       
# span 2 =  -62.21821,  -62.21560       
# span 3 =  -58.33778,  -58.33464       
# span 4 =     -1.107,     -0.120       
# span 5 =    1448.92,    1448.92       
# span 6 =      2.000,    457.000       
# span 7 =      1.985,    452.113       
# span 8 =    -0.8828,    -0.2579       
# span 9 =    -0.8805,    -0.2603       
# span 10 =    -0.0267,     0.0342      
# span 11 =    -0.8906,    -0.2734      
# span 12 =    -0.8882,    -0.2757      
# span 13 =    -0.0266,     0.0341      
# span 14 =   2.790066,   2.860404      
# span 15 =   2.790065,   2.860049      
# span 16 =  -0.002371,   0.002889      
# span 17 =    34.2956,    34.4644      
# span 18 =    34.2948,    34.4633      
# span 19 =     6.1705,     7.5568      
# span 20 =    27.5640,    27.6924      
# span 21 =    27.5631,    27.6914      
# span 22 =    34.2968,    34.4639      
# span 23 =    27.5643,    27.6920      
# span 24 =    1445.71,    1454.33      
# span 25 =    1445.71,    1454.33      
# span 26 =    -0.8904,    -0.2731      
# span 27 =  1027.5781,  1029.8669      
# span 28 =    34.4595,    34.6328      
# span 29 = 0.0000e+00, 0.0000e+00      
# interval = decibars: 1                
# start_time = Nov 07 2023 15:27:40 [NMEA time, header]
# bad_flag = -9.990e-29
*END*
[from data line 339]
      32448 311.659860  -62.21732  -58.33589     -0.612    1448.92    118.000    116.834    -0.6438    -0.6431     0.0007    -0.6474    -0.6467     0.0007   2.802522   2.802513  -0.000009    34.3057    34.3047     7.3998    27.5764    27.5756    34.3056    27.5764    1447.14    1447.14    -0.6473  1028.1461    34.4723 0.0000e+00
      32487 311.659880  -62.21732  -58.33588     -0.595    1448.92    117.000    115.844    -0.6439    -0.6431     0.0008    -0.6474    -0.6466     0.0008   2.802468   2.802452  -0.000017    34.3057    34.3045     7.3961    27.5764    27.5754    34.3056    27.5763    1447.12    1447.13    -0.6473  1028.1412    34.4722 0.0000e+00
      32520 311.659896  -62.21732  -58.33588     -0.700    1448.92    116.000    114.854    -0.6438    -0.6430     0.0008    -0.6473    -0.6465     0.0008   2.802400   2.802356  -0.000041    34.3052    34.3038     7.3983    27.5760    27.5748    34.3052    27.5760    1447.11    1447.11    -0.6472  1028.1361    34.4718 0.0000e+00
      32551 311.659910  -62.21734  -58.33586     -0.772    1448.92    115.000    113.864    -0.6440    -0.6432     0.0008    -0.6475    -0.6467     0.0008   2.802339   2.802291  -0.000049    34.3053    34.3037     7.3948    27.5761    27.5748    34.3052    27.5760    1447.09    1447.09    -0.6474  1028.1314    34.4718 0.0000e+00
      32583 311.659926  -62.21734  -58.33586     -0.767    1448.92    114.000    112.874    -0.6441    -0.6433     0.0008    -0.6475    -0.6467     0.0008   2.802267   2.802244  -0.000022    34.3050    34.3038     7.3872    27.5758    27.5748    34.3049    27.5758    1447.07    1447.08    -0.6474  1028.1264    34.4715 0.0000e+00
      32621 311.659944  -62.21734  -58.33586     -0.657    1448.92    113.000    111.885    -0.6441    -0.6433     0.0009    -0.6475    -0.6467     0.0009   2.802223   2.802211  -0.000011    34.3050    34.3039     7.4078    27.5759    27.5749    34.3050    27.5758    1447.06    1447.06    -0.6474  1028.1216    34.4716 0.0000e+00
      32662 311.659964  -62.21735  -58.33585     -0.579    1448.92    112.000    110.895    -0.6445    -0.6435     0.0010    -0.6479    -0.6468     0.0010   2.802143   2.802133  -0.000009    34.3050    34.3038     7.4000    27.5759    27.5748    34.3050    27.5758    1447.04    1447.04    -0.6478  1028.1168    34.4715 0.0000e+00
      32697 311.659981  -62.21736  -58.33584     -0.666    1448.92    111.000    109.905    -0.6445    -0.6437     0.0008    -0.6478    -0.6470     0.0008   2.802074   2.802055  -0.000021    34.3048    34.3035     7.4126    27.5757    27.5747    34.3047    27.5756    1447.02    1447.02    -0.6478  1028.1118    34.4712 0.0000e+00
      32730 311.659997  -62.21736  -58.33584     -0.718    1448.92    110.000    108.915    -0.6449    -0.6440     0.0009    -0.6482    -0.6473     0.0009   2.801998   2.801979  -0.000018    34.3047    34.3034     7.4099    27.5757    27.5746    34.3047    27.5756    1447.00    1447.01    -0.6481  1028.1071    34.4712 0.0000e+00
      32765 311.660013  -62.21736  -58.33584     -0.702    1448.92    109.000    107.925    -0.6450    -0.6442     0.0008    -0.6482    -0.6474     0.0008   2.801935   2.801916  -0.000021    34.3046    34.3034     7.4136    27.5756    27.5746    34.3046    27.5755    1446.99    1446.99    -0.6482  1028.1022    34.4711 0.0000e+00
      32800 311.660030  -62.21736  -58.33583     -0.679    1448.92    108.000    106.935    -0.6452    -0.6445     0.0007    -0.6485    -0.6477     0.0007   2.801849   2.801827  -0.000021    34.3044    34.3033     7.4139    27.5754    27.5745    34.3043    27.5753    1446.97    1446.97    -0.6484  1028.0972    34.4708 0.0000e+00
      32832 311.660046  -62.21737  -58.33582     -0.721    1448.92    107.000    105.945    -0.6461    -0.6453     0.0007    -0.6493    -0.6485     0.0007   2.801693   2.801682  -0.000011    34.3040    34.3030     7.4111    27.5751    27.5743    34.3038    27.5749    1446.95    1446.95    -0.6492  1028.0920    34.4703 0.0000e+00
      32866 311.660062  -62.21738  -58.33582     -0.730    1448.92    106.000    104.956    -0.6474    -0.6473     0.0001    -0.6505    -0.6504     0.0001   2.801506   2.801398  -0.000101    34.3035    34.3020     7.4157    27.5748    27.5735    34.3033    27.5746    1446.93    1446.92    -0.6505  1028.0869    34.4698 0.0000e+00
      32902 311.660080  -62.21738  -58.33580     -0.665    1448.92    105.000    103.965    -0.6485    -0.6487    -0.0002    -0.6517    -0.6519    -0.0002   2.801327   2.801181  -0.000142    34.3030    34.3014     7.4079    27.5744    27.5731    34.3029    27.5743    1446.90    1446.90    -0.6516  1028.0818    34.4693 0.0000e+00
      32936 311.660096  -62.21740  -58.33580     -0.694    1448.92    104.000    102.976    -0.6495    -0.6493     0.0003    -0.6526    -0.6524     0.0003   2.801146   2.801070  -0.000082    34.3025    34.3011     7.4200    27.5740    27.5729    34.3022    27.5738    1446.88    1446.88    -0.6525  1028.0765    34.4686 0.0000e+00
      32965 311.660110  -62.21740  -58.33579     -0.794    1448.92    103.000    101.986    -0.6506    -0.6497     0.0009    -0.6537    -0.6528     0.0009   2.800947   2.800956   0.000007    34.3015    34.3006     7.4180    27.5733    27.5725    34.3013    27.5731    1446.86    1446.86    -0.6536  1028.0711    34.4677 0.0000e+00
      32993 311.660124  -62.21740  -58.33578     -0.846    1448.92    102.000    100.996    -0.6510    -0.6502     0.0008    -0.6540    -0.6532     0.0008   2.800876   2.800856  -0.000023    34.3016    34.3004     7.4132    27.5734    27.5724    34.3014    27.5732    1446.84    1446.84    -0.6540  1028.0664    34.4678 0.0000e+00
      33030 311.660141  -62.21740  -58.33578     -0.696    1448.92    101.000    100.006    -0.6511    -0.6500     0.0012    -0.6541    -0.6530     0.0012   2.800821   2.800839   0.000017    34.3016    34.3005     7.4270    27.5733    27.5724    34.3015    27.5733    1446.83    1446.83    -0.6540  1028.0617    34.4679 0.0000e+00
      33069 311.660160  -62.21741  -58.33578     -0.593    1448.92    100.000     99.016    -0.6513    -0.6501     0.0012    -0.6543    -0.6531     0.0012   2.800743   2.800773   0.000029    34.3014    34.3004     7.4287    27.5732    27.5724    34.3013    27.5731    1446.81    1446.81    -0.6542  1028.0567    34.4677 0.0000e+00
      33099 311.660175  -62.21742  -58.33578     -0.742    1448.92     99.000     98.026    -0.6510    -0.6502     0.0009    -0.6540    -0.6531     0.0009   2.800692   2.800683  -0.000009    34.3010    34.2998     7.4330    27.5729    27.5719    34.3009    27.5728    1446.79    1446.79    -0.6539  1028.0516    34.4672 0.0000e+00
      33126 311.660188  -62.21742  -58.33576     -0.873    1448.92     98.000     97.036    -0.6506    -0.6502     0.0004    -0.6535    -0.6531     0.0004   2.800689   2.800644  -0.000044    34.3010    34.2999     7.4350    27.5728    27.5720    34.3009    27.5728    1446.78    1446.78    -0.6534  1028.0468    34.4673 0.0000e+00
      33158 311.660203  -62.21742  -58.33576     -0.805    1448.92     97.000     96.046    -0.6500    -0.6491     0.0009    -0.6529    -0.6520     0.0009   2.800692   2.800660  -0.000031    34.3009    34.2995     7.4258    27.5728    27.5716    34.3009    27.5728    1446.77    1446.77    -0.6528  1028.0420    34.4672 0.0000e+00
      33195 311.660221  -62.21742  -58.33576     -0.651    1448.92     96.000     95.056    -0.6484    -0.6490    -0.0006    -0.6513    -0.6519    -0.0006   2.800747   2.800637  -0.000105    34.3004    34.2997     7.4292    27.5723    27.5717    34.3005    27.5723    1446.76    1446.75    -0.6512  1028.0359    34.4658 0.0000e+00
      33228 311.660237 -9.990e-29  -58.33576     -0.699    1448.92     95.000     94.066    -0.6478    -0.6470     0.0008    -0.6506    -0.6498     0.0008   2.800733   2.800713  -0.000023    34.3002    34.2990     7.4236    27.5721    27.5711    34.3002    27.5721    1446.74    1446.74    -0.6506  1028.0280    34.4618 0.0000e+00
      33255 311.660250 -9.990e-29  -58.33574     -0.824    1448.92     94.000     93.076    -0.6483    -0.6473     0.0010    -0.6511    -0.6501     0.0010   2.800639   2.800627  -0.000014    34.3001    34.2989     7.4392    27.5721    27.5710    34.3001    27.5720    1446.72    1446.73    -0.6510  1028.0232    34.4618 0.0000e+00
      33283 311.660264 -9.990e-29  -58.33574     -0.867    1448.92     93.000     92.086    -0.6474    -0.6467     0.0007    -0.6502    -0.6495     0.0007   2.800685   2.800635  -0.000048    34.3001    34.2987     7.4415    27.5720    27.5708    34.3004    27.5722    1446.71    1446.71    -0.6501  1028.0186    34.4621 0.0000e+00
      33315 311.660279  -62.21744  -58.33574     -0.785    1448.92     92.000     91.097    -0.6444    -0.6427     0.0017    -0.6472    -0.6454     0.0017   2.800849   2.800885   0.000038    34.2996    34.2981     7.4366    27.5715    27.5702    34.2998    27.5716    1446.71    1446.72    -0.6471  1028.0169    34.4661 0.0000e+00
      33351 311.660296  -62.21745 -9.990e-29     -0.680    1448.92     91.000     90.107    -0.6405    -0.6401     0.0004    -0.6432    -0.6428     0.0004   2.801130   2.801065  -0.000066    34.2993    34.2979     7.4505    27.5710    27.5699    34.2997    27.5714    1446.71    1446.71    -0.6431  1028.0127    34.4670 0.0000e+00
      33390 311.660315  -62.21746  -58.33572     -0.622    1448.92     90.000     89.117    -0.6379    -0.6373     0.0006    -0.6406    -0.6400     0.0006   2.801244   2.801207  -0.000041    34.2988    34.2975     7.4521    27.5705    27.5695    34.2990    27.5707    1446.70    1446.71    -0.6405  1028.0070    34.4661 0.0000e+00
      33431 311.660335  -62.21746  -58.33572     -0.592    1448.92     89.000     88.127    -0.6375    -0.6369     0.0006    -0.6402    -0.6395     0.0006   2.801245   2.801197  -0.000043    34.2989    34.2975     7.4473    27.5706    27.5695    34.2991    27.5708    1446.69    1446.69    -0.6401  1028.0016    34.4653 0.0000e+00
      33467 311.660352  -62.21747  -58.33570     -0.640    1448.92     88.000     87.137    -0.6347    -0.6339     0.0008    -0.6373    -0.6365     0.0008   2.801429   2.801384  -0.000044    34.2986    34.2971     7.4555    27.5702    27.5690    34.2991    27.5706    1446.69    1446.69    -0.6373  1027.9966    34.4652 0.0000e+00
      33499 311.660368  -62.21748  -58.33570     -0.733    1448.92     87.000     86.147    -0.6325    -0.6319     0.0007    -0.6351    -0.6345     0.0007   2.801560   2.801512  -0.000051    34.2987    34.2972     7.4667    27.5702    27.5690    34.2990    27.5704    1446.68    1446.68    -0.6350  1027.9920    34.4655 0.0000e+00
      33531 311.660383  -62.21748 -9.990e-29     -0.762    1448.92     86.000     85.157    -0.6317    -0.6309     0.0008    -0.6343    -0.6335     0.0008   2.801558   2.801542  -0.000021    34.2985    34.2972     7.4622    27.5700    27.5690    34.2987    27.5702    1446.67    1446.67    -0.6342  1027.9875    34.4659 0.0000e+00
      33563 311.660398  -62.21748 -9.990e-29     -0.755    1448.92     85.000     84.167    -0.6299    -0.6283     0.0016    -0.6325    -0.6309     0.0016   2.801676   2.801696   0.000017    34.2984    34.2968     7.4679    27.5699    27.5685    34.2988    27.5702    1446.66    1446.67    -0.6324  1027.9827    34.4660 0.0000e+00
      33595 311.660414  -62.21750  -58.33568     -0.752    1448.92     84.000     83.177    -0.6283    -0.6265     0.0018    -0.6308    -0.6290     0.0018   2.801742   2.801787   0.000048    34.2982    34.2968     7.4634    27.5696    27.5684    34.2985    27.5699    1446.65    1446.66    -0.6308  1027.9774    34.4655 0.0000e+00
      33631 311.660431  -62.21750  -58.33568     -0.688    1448.92     83.000     82.187    -0.6264    -0.6261     0.0003    -0.6289    -0.6286     0.0003   2.801844   2.801772  -0.000059    34.2980    34.2969     7.4513    27.5694    27.5685    34.2984    27.5697    1446.64    1446.64    -0.6288  1027.9717    34.4644 0.0000e+00
      33677 311.660453  -62.21750  -58.33566     -0.520    1448.92     82.000     81.196    -0.6235    -0.6270    -0.0035    -0.6260    -0.6294    -0.0035   2.802034   2.801679  -0.000351    34.2978    34.2970     7.4565    27.5691    27.5686    34.2983    27.5695    1446.64    1446.62    -0.6259  1027.9667    34.4643 0.0000e+00
      33717 311.660473  -62.21750  -58.33566     -0.580    1448.92     81.000     80.207    -0.6226    -0.6231    -0.0006    -0.6250    -0.6256    -0.0006   2.802046   2.801915  -0.000139    34.2980    34.2968     7.4588    27.5692    27.5683    34.2980    27.5692    1446.63    1446.63    -0.6250  1027.9587    34.4603 0.0000e+00
      33747 311.660487 -9.990e-29  -58.33566     -0.757    1448.92     80.000     79.217    -0.6224    -0.6219     0.0005    -0.6248    -0.6243     0.0005   2.802058   2.801981  -0.000082    34.2981    34.2964     7.4666    27.5693    27.5679    34.2986    27.5697    1446.61    1446.61    -0.6247  1027.9539    34.4603 0.0000e+00
      33773 311.660500 -9.990e-29  -58.33564     -0.872    1448.92     79.000     78.227    -0.6191    -0.6181     0.0010    -0.6215    -0.6205     0.0010   2.802261   2.802231  -0.000038    34.2980    34.2963     7.4694    27.5690    27.5677    34.2982    27.5692    1446.61    1446.62    -0.6214  1027.9486    34.4599 0.0000e+00
      33802 311.660514  -62.21752  -58.33564     -0.870    1448.92     78.000     77.237    -0.6196    -0.6181     0.0015    -0.6220    -0.6205     0.0015   2.802175   2.802188   0.000010    34.2980    34.2965     7.4813    27.5691    27.5678    34.2982    27.5693    1446.59    1446.60    -0.6219  1027.9453    34.4617 0.0000e+00
      33834 311.660529  -62.21752  -58.33564     -0.769    1448.92     77.000     76.247    -0.6195    -0.6184     0.0010    -0.6218    -0.6207     0.0010   2.802136   2.802125  -0.000017    34.2980    34.2966     7.4821    27.5691    27.5679    34.2982    27.5692    1446.58    1446.58    -0.6217  1027.9425    34.4641 0.0000e+00
      33869 311.660546  -62.21754  -58.33562     -0.695    1448.92     76.000     75.256    -0.6184    -0.6181     0.0003    -0.6207    -0.6204     0.0003   2.802190   2.802101  -0.000083    34.2980    34.2966     7.4853    27.5691    27.5679    34.2983    27.5693    1446.57    1446.57    -0.6206  1027.9377    34.4643 0.0000e+00
      33904 311.660563  -62.21754  -58.33562     -0.692    1448.92     75.000     74.266    -0.6173    -0.6168     0.0005    -0.6196    -0.6191     0.0005   2.802235   2.802167  -0.000068    34.2981    34.2966     7.4848    27.5690    27.5678    34.2983    27.5692    1446.56    1446.56    -0.6195  1027.9329    34.4643 0.0000e+00
      33941 311.660580  -62.21754  -58.33560     -0.657    1448.92     74.000     73.276    -0.6164    -0.6158     0.0005    -0.6186    -0.6180     0.0005   2.802247   2.802203  -0.000042    34.2978    34.2966     7.4839    27.5688    27.5678    34.2980    27.5689    1446.54    1446.54    -0.6185  1027.9278    34.4639 0.0000e+00
      33975 311.660597  -62.21755  -58.33560     -0.674    1448.92     73.000     72.286    -0.6156    -0.6152     0.0005    -0.6178    -0.6174     0.0005   2.802270   2.802220  -0.000054    34.2979    34.2966     7.4880    27.5689    27.5678    34.2981    27.5690    1446.53    1446.53    -0.6177  1027.9231    34.4640 0.0000e+00
      34005 311.660611  -62.21756  -58.33560     -0.771    1448.92     72.000     71.297    -0.6147    -0.6138     0.0009    -0.6169    -0.6160     0.0009   2.802285   2.802271  -0.000013    34.2977    34.2965     7.4755    27.5686    27.5676    34.2979    27.5688    1446.52    1446.52    -0.6168  1027.9164    34.4617 0.0000e+00
