Pos-Processados/process_op42/Processamento_split/up/uoperantar42_046.cnv
* Sea-Bird SBE 9 Data File:
* FileName = C:\Users\Hidrografia\Desktop\OPXLII\Brutos\OP42046.hdr
* Software Version Seasave V 7.26.7.107
* Temperature SN = 6502
* Conductivity SN = 4998
* Number of Bytes Per Scan = 37
* Number of Voltage Words = 4
* Number of Scans Averaged by the Deck Unit = 1
* NMEA Latitude = 62 08.52 S
* NMEA Longitude = 058 26.59 W
* NMEA UTC (Time) = Nov 09 2023 21:09:08
* NMEA baud rate = 4800
** H41
** NPOALTEMAXIMIANO
** NUMERO DA ESTACAO (XXX) 046
** LAT (XX XX.XX S/N) 62 08. S
** LONG (XXX XX.XX W/E) 058 26. W
** DATAHORA (dd/mm/aaaa hh:mm Z) 09/11/2023 2105Z
** PROFUNDIDADE (m)
** OPERADOR 1T ZAMITH
# nquan = 30
# nvalues = 357                         
# units = specified
# name 0 = scan: Scan Count
# name 1 = timeJ: Julian Days
# name 2 = latitude: Latitude [deg]
# name 3 = longitude: Longitude [deg]
# name 4 = dz/dtM: Descent Rate [m/s]
# name 5 = avgsvCM: Average Sound Velocity [Chen-Millero, m/s]
# name 6 = prDM: Pressure, Digiquartz [db]
# name 7 = depSM: Depth [salt water, m]
# name 8 = t090C: Temperature [ITS-90, deg C]
# name 9 = t190C: Temperature, 2 [ITS-90, deg C]
# name 10 = T2-T190C: Temperature Difference, 2 - 1 [ITS-90, deg C]
# name 11 = potemp090C: Potential Temperature [ITS-90, deg C]
# name 12 = potemp190C: Potential Temperature, 2 [ITS-90, deg C]
# name 13 = potemp90Cdiff: Potential Temperature, Diff, 2 - 1 [ITS-90, deg C]
# name 14 = c0S/m: Conductivity [S/m]
# name 15 = c1S/m: Conductivity, 2 [S/m]
# name 16 = C2-C1S/m: Conductivity Difference, 2 - 1 [S/m]
# name 17 = sal00: Salinity, Practical [PSU]
# name 18 = sal11: Salinity, Practical, 2 [PSU]
# name 19 = sbeox0ML/L: Oxygen, SBE 43 [ml/l]
# name 20 = sigma-é00: Density [sigma-theta, kg/m^3]
# name 21 = sigma-é11: Density, 2 [sigma-theta, kg/m^3]
# name 22 = sal00: Salinity, Practical [PSU]
# name 23 = sigma-é00: Density [sigma-theta, kg/m^3]
# name 24 = svCM: Sound Velocity [Chen-Millero, m/s]
# name 25 = svCM1: Sound Velocity, 2 [Chen-Millero, m/s]
# name 26 = gsw_ptA0: potential temperature [ITS-90, deg C]
# name 27 = gsw_densityA0: density, TEOS-10 [density, kg/m^3]
# name 28 = gsw_saA0: Absolute Salinity [g/kg]
# name 29 = flag:
# span 0 =      13286,      22895       
# span 1 = 313.887749, 313.892383       
# span 2 =  -62.14572,  -62.14461       
# span 3 =  -58.44466,  -58.44133       
# span 4 =     -1.169,     -0.227       
# span 5 =    1448.01,    1448.01       
# span 6 =      5.000,    361.000       
# span 7 =      4.960,    357.222       
# span 8 =    -0.8139,    -0.5022       
# span 9 =    -0.8129,    -0.5048       
# span 10 =    -0.0115,     0.0153      
# span 11 =    -0.8211,    -0.5144      
# span 12 =    -0.8201,    -0.5170      
# span 13 =    -0.0115,     0.0152      
# span 14 =   2.792994,   2.831788      
# span 15 =   2.792974,   2.831484      
# span 16 =  -0.000930,   0.001450      
# span 17 =    34.2828,    34.3913      
# span 18 =    34.2814,    34.3899      
# span 19 =     6.7459,     7.6132      
# span 20 =    27.5556,    27.6399      
# span 21 =    27.5546,    27.6389      
# span 22 =    34.2839,    34.3905      
# span 23 =    27.5561,    27.6392      
# span 24 =    1445.72,    1451.88      
# span 25 =    1445.72,    1451.86      
# span 26 =    -0.8209,    -0.5141      
# span 27 =  1027.5853,  1029.3651      
# span 28 =    34.4461,    34.5586      
# span 29 = 0.0000e+00, 0.0000e+00      
# interval = decibars: 1                
# start_time = Nov 09 2023 21:09:08 [NMEA time, header]
# bad_flag = -9.990e-29
*END*
[from data line 194]
      18558 313.890292  -62.14542  -58.44330     -0.884    1448.01    167.000    165.331    -0.7706    -0.7696     0.0011    -0.7755    -0.7745     0.0011   2.793748   2.793764   0.000002    34.3007    34.2995     7.4892    27.5777    27.5767    34.3006    27.5777    1447.34    1447.34    -0.7754  1028.3823    34.4676 0.0000e+00
      18582 313.890304  -62.14542  -58.44328     -0.939    1448.01    166.000    164.341    -0.7724    -0.7703     0.0021    -0.7773    -0.7752     0.0021   2.793559   2.793650   0.000092    34.3007    34.2996     7.4841    27.5779    27.5769    34.3007    27.5778    1447.31    1447.32    -0.7772  1028.3777    34.4677 0.0000e+00
      18607 313.890315  -62.14542  -58.44326     -0.979    1448.01    165.000    163.352    -0.7730    -0.7712     0.0018    -0.7778    -0.7761     0.0018   2.793481   2.793540   0.000059    34.3009    34.2997     7.4771    27.5780    27.5770    34.3009    27.5780    1447.29    1447.30    -0.7777  1028.3731    34.4679 0.0000e+00
      18633 313.890328  -62.14542  -58.44326     -0.950    1448.01    164.000    162.362    -0.7733    -0.7722     0.0011    -0.7781    -0.7770     0.0011   2.793405   2.793416   0.000010    34.3009    34.2998     7.4778    27.5780    27.5771    34.3008    27.5779    1447.28    1447.28    -0.7780  1028.3682    34.4678 0.0000e+00
      18660 313.890341  -62.14542  -58.44324     -0.889    1448.01    163.000    161.372    -0.7740    -0.7727     0.0013    -0.7788    -0.7775     0.0013   2.793292   2.793309   0.000015    34.3008    34.2996     7.4970    27.5780    27.5769    34.3007    27.5779    1447.26    1447.26    -0.7787  1028.3634    34.4677 0.0000e+00
      18687 313.890354  -62.14542  -58.44323     -0.884    1448.01    162.000    160.383    -0.7742    -0.7730     0.0012    -0.7790    -0.7778     0.0012   2.793200   2.793239   0.000038    34.3005    34.2996     7.4941    27.5777    27.5770    34.3003    27.5776    1447.24    1447.24    -0.7788  1028.3583    34.4673 0.0000e+00
      18712 313.890366  -62.14543  -58.44321     -0.935    1448.01    161.000    159.393    -0.7734    -0.7735    -0.0001    -0.7781    -0.7782    -0.0001   2.793223   2.793140  -0.000070    34.3002    34.2993     7.4902    27.5774    27.5768    34.3003    27.5775    1447.23    1447.22    -0.7780  1028.3535    34.4673 0.0000e+00
      18736 313.890378  -62.14544  -58.44320     -0.985    1448.01    160.000    158.403    -0.7720    -0.7724    -0.0004    -0.7767    -0.7771    -0.0004   2.793261   2.793163  -0.000098    34.2998    34.2990     7.4847    27.5771    27.5764    34.2999    27.5772    1447.21    1447.21    -0.7766  1028.3484    34.4669 0.0000e+00
      18760 313.890389  -62.14544  -58.44319     -0.994    1448.01    159.000    157.414    -0.7703    -0.7701     0.0002    -0.7749    -0.7748     0.0002   2.793320   2.793260  -0.000062    34.2992    34.2982     7.4937    27.5765    27.5757    34.2994    27.5766    1447.21    1447.21    -0.7748  1028.3430    34.4663 0.0000e+00
      18786 313.890402  -62.14544  -58.44318     -0.960    1448.01    158.000    156.424    -0.7692    -0.7693    -0.0001    -0.7738    -0.7740    -0.0001   2.793368   2.793278  -0.000086    34.2992    34.2982     7.4910    27.5765    27.5757    34.2994    27.5766    1447.20    1447.19    -0.7737  1028.3382    34.4663 0.0000e+00
      18813 313.890415  -62.14544  -58.44317     -0.896    1448.01    157.000    155.435    -0.7687    -0.7685     0.0002    -0.7733    -0.7731     0.0002   2.793340   2.793286  -0.000056    34.2990    34.2980     7.4866    27.5763    27.5755    34.2991    27.5763    1447.18    1447.18    -0.7732  1028.3332    34.4660 0.0000e+00
      18841 313.890428  -62.14544  -58.44316     -0.862    1448.01    156.000    154.445    -0.7686    -0.7680     0.0005    -0.7732    -0.7726     0.0005   2.793308   2.793267  -0.000040    34.2990    34.2979     7.4889    27.5762    27.5753    34.2991    27.5764    1447.17    1447.17    -0.7731  1028.3284    34.4660 0.0000e+00
      18870 313.890442  -62.14544  -58.44314     -0.854    1448.01    155.000    153.455    -0.7675    -0.7675    -0.0001    -0.7720    -0.7721    -0.0001   2.793355   2.793264  -0.000086    34.2989    34.2979     7.4996    27.5762    27.5753    34.2991    27.5763    1447.15    1447.15    -0.7719  1028.3236    34.4660 0.0000e+00
      18903 313.890458  -62.14544  -58.44313     -0.716    1448.01    154.000    152.465    -0.7663    -0.7674    -0.0012    -0.7708    -0.7719    -0.0012   2.793399   2.793231  -0.000169    34.2988    34.2978     7.4884    27.5760    27.5753    34.2990    27.5762    1447.14    1447.14    -0.7707  1028.3186    34.4659 0.0000e+00
      18928 313.890470  -62.14544  -58.44311     -0.869    1448.01    153.000    151.476    -0.7660    -0.7659     0.0001    -0.7705    -0.7704     0.0001   2.793375   2.793294  -0.000074    34.2987    34.2977     7.4862    27.5759    27.5751    34.2989    27.5761    1447.13    1447.13    -0.7704  1028.3138    34.4658 0.0000e+00
      18954 313.890483  -62.14545  -58.44310     -0.934    1448.01    152.000    150.486    -0.7632    -0.7626     0.0006    -0.7677    -0.7671     0.0006   2.793527   2.793476  -0.000059    34.2981    34.2966     7.4969    27.5753    27.5741    34.2985    27.5756    1447.13    1447.13    -0.7676  1028.3085    34.4654 0.0000e+00
      18980 313.890495  -62.14546  -58.44309     -0.930    1448.01    151.000    149.496    -0.7614    -0.7608     0.0006    -0.7658    -0.7652     0.0006   2.793585   2.793541  -0.000041    34.2975    34.2962     7.5143    27.5748    27.5737    34.2978    27.5750    1447.12    1447.12    -0.7657  1028.3031    34.4646 0.0000e+00
      19004 313.890507  -62.14546  -58.44308     -0.976    1448.01    150.000    148.507    -0.7590    -0.7602    -0.0012    -0.7634    -0.7646    -0.0012   2.793694   2.793548  -0.000136    34.2966    34.2962     7.4967    27.5740    27.5736    34.2971    27.5743    1447.11    1447.10    -0.7633  1028.2977    34.4640 0.0000e+00
      19028 313.890518  -62.14546  -58.44307     -0.994    1448.01    149.000    147.517    -0.7561    -0.7567    -0.0006    -0.7605    -0.7611    -0.0006   2.793798   2.793697  -0.000104    34.2955    34.2948     7.4908    27.5729    27.5724    34.2959    27.5732    1447.10    1447.10    -0.7604  1028.2917    34.4627 0.0000e+00
      19052 313.890530  -62.14546  -58.44306     -0.998    1448.01    148.000    146.527    -0.7545    -0.7555    -0.0009    -0.7589    -0.7598    -0.0009   2.793815   2.793707  -0.000106    34.2946    34.2943     7.4932    27.5721    27.5719    34.2949    27.5724    1447.10    1447.09    -0.7587  1028.2861    34.4618 0.0000e+00
      19075 313.890541  -62.14546  -58.44305     -1.027    1448.01    147.000    145.538    -0.7540    -0.7543    -0.0002    -0.7584    -0.7586    -0.0002   2.793793   2.793725  -0.000075    34.2945    34.2937     7.5115    27.5720    27.5714    34.2947    27.5722    1447.08    1447.08    -0.7582  1028.2812    34.4616 0.0000e+00
      19098 313.890552  -62.14546  -58.44303     -1.050    1448.01    146.000    144.548    -0.7538    -0.7532     0.0006    -0.7581    -0.7575     0.0006   2.793769   2.793724  -0.000047    34.2946    34.2932     7.5153    27.5721    27.5710    34.2948    27.5722    1447.07    1447.07    -0.7580  1028.2764    34.4616 0.0000e+00
      19121 313.890563  -62.14546  -58.44302     -1.039    1448.01    145.000    143.558    -0.7534    -0.7530     0.0004    -0.7577    -0.7573     0.0004   2.793741   2.793690  -0.000051    34.2943    34.2932     7.5102    27.5718    27.5709    34.2945    27.5720    1447.05    1447.05    -0.7576  1028.2714    34.4614 0.0000e+00
      19145 313.890575  -62.14546  -58.44301     -1.015    1448.01    144.000    142.568    -0.7530    -0.7525     0.0005    -0.7572    -0.7567     0.0005   2.793702   2.793668  -0.000035    34.2939    34.2929     7.5128    27.5715    27.5707    34.2941    27.5717    1447.04    1447.04    -0.7571  1028.2663    34.4609 0.0000e+00
      19169 313.890586  -62.14546  -58.44300     -1.003    1448.01    143.000    141.579    -0.7502    -0.7510    -0.0008    -0.7544    -0.7552    -0.0008   2.793826   2.793700  -0.000117    34.2928    34.2921     7.5219    27.5705    27.5700    34.2933    27.5709    1447.03    1447.03    -0.7543  1028.2606    34.4600 0.0000e+00
      19193 313.890598  -62.14546  -58.44299     -0.985    1448.01    142.000    140.589    -0.7474    -0.7493    -0.0019    -0.7515    -0.7535    -0.0019   2.793960   2.793761  -0.000197    34.2920    34.2915     7.5281    27.5697    27.5694    34.2925    27.5701    1447.03    1447.02    -0.7515  1028.2551    34.4593 0.0000e+00
      19218 313.890610  -62.14547  -58.44298     -0.981    1448.01    141.000    139.599    -0.7455    -0.7462    -0.0007    -0.7496    -0.7503    -0.0007   2.794047   2.793902  -0.000145    34.2917    34.2906     7.5195    27.5694    27.5685    34.2921    27.5697    1447.02    1447.01    -0.7495  1028.2500    34.4589 0.0000e+00
      19242 313.890621  -62.14548  -58.44297     -0.999    1448.01    140.000    138.610    -0.7442    -0.7453    -0.0012    -0.7483    -0.7494    -0.0012   2.794081   2.793924  -0.000155    34.2914    34.2906     7.5246    27.5691    27.5685    34.2917    27.5693    1447.01    1447.00    -0.7482  1028.2448    34.4584 0.0000e+00
      19266 313.890633  -62.14548  -58.44296     -0.996    1448.01    139.000    137.620    -0.7439    -0.7439    -0.0000    -0.7480    -0.7480    -0.0000   2.794056   2.793972  -0.000093    34.2914    34.2903     7.5221    27.5691    27.5682    34.2917    27.5693    1447.00    1446.99    -0.7479  1028.2400    34.4585 0.0000e+00
      19290 313.890645  -62.14548  -58.44295     -0.992    1448.01    138.000    136.630    -0.7437    -0.7432     0.0005    -0.7477    -0.7472     0.0006   2.794016   2.793975  -0.000042    34.2912    34.2900     7.5424    27.5689    27.5679    34.2915    27.5692    1446.98    1446.98    -0.7476  1028.2350    34.4583 0.0000e+00
      19313 313.890656  -62.14548  -58.44294     -1.006    1448.01    137.000    135.640    -0.7428    -0.7427     0.0001    -0.7468    -0.7467     0.0001   2.794045   2.793965  -0.000079    34.2912    34.2900     7.5385    27.5689    27.5679    34.2915    27.5691    1446.97    1446.97    -0.7467  1028.2302    34.4582 0.0000e+00
      19337 313.890667  -62.14548  -58.44293     -1.018    1448.01    136.000    134.651    -0.7413    -0.7415    -0.0001    -0.7453    -0.7455    -0.0001   2.794092   2.794002  -0.000086    34.2908    34.2898     7.5332    27.5685    27.5677    34.2912    27.5688    1446.96    1446.96    -0.7452  1028.2250    34.4579 0.0000e+00
      19360 313.890679  -62.14548  -58.44292     -1.030    1448.01    135.000    133.661    -0.7405    -0.7409    -0.0004    -0.7445    -0.7448    -0.0004   2.794102   2.794004  -0.000104    34.2907    34.2898     7.5293    27.5684    27.5676    34.2910    27.5686    1446.95    1446.94    -0.7444  1028.2201    34.4577 0.0000e+00
      19382 313.890689  -62.14548  -58.44291     -1.067    1448.01    134.000    132.671    -0.7402    -0.7401     0.0001    -0.7442    -0.7441     0.0001   2.794090   2.794016  -0.000076    34.2909    34.2897     7.5340    27.5685    27.5676    34.2911    27.5687    1446.93    1446.93    -0.7440  1028.2154    34.4578 0.0000e+00
      19403 313.890699  -62.14548  -58.44290     -1.112    1448.01    133.000    131.681    -0.7385    -0.7386    -0.0001    -0.7424    -0.7425    -0.0001   2.794177   2.794076  -0.000100    34.2906    34.2893     7.5362    27.5682    27.5672    34.2910    27.5685    1446.92    1446.92    -0.7423  1028.2104    34.4576 0.0000e+00
      19424 313.890709  -62.14548  -58.44288     -1.135    1448.01    132.000    130.692    -0.7379    -0.7379    -0.0000    -0.7417    -0.7418    -0.0000   2.794182   2.794083  -0.000094    34.2906    34.2894     7.5378    27.5682    27.5672    34.2909    27.5684    1446.91    1446.91    -0.7417  1028.2055    34.4576 0.0000e+00
      19446 313.890720  -62.14548  -58.44286     -1.123    1448.01    131.000    129.702    -0.7373    -0.7379    -0.0006    -0.7411    -0.7417    -0.0006   2.794181   2.794040  -0.000139    34.2905    34.2894     7.5316    27.5681    27.5672    34.2908    27.5683    1446.89    1446.89    -0.7410  1028.2007    34.4575 0.0000e+00
      19469 313.890731  -62.14550  -58.44286     -1.088    1448.01    130.000    128.712    -0.7369    -0.7368     0.0001    -0.7407    -0.7406     0.0001   2.794148   2.794070  -0.000085    34.2904    34.2891     7.5297    27.5679    27.5669    34.2905    27.5681    1446.88    1446.88    -0.7406  1028.1956    34.4572 0.0000e+00
      19493 313.890743  -62.14550  -58.44284     -1.023    1448.01    129.000    127.722    -0.7366    -0.7363     0.0003    -0.7404    -0.7401     0.0003   2.794113   2.794056  -0.000059    34.2903    34.2891     7.5299    27.5679    27.5669    34.2904    27.5680    1446.87    1446.86    -0.7403  1028.1907    34.4571 0.0000e+00
      19519 313.890755  -62.14550  -58.44284     -0.949    1448.01    128.000    126.732    -0.7365    -0.7361     0.0004    -0.7402    -0.7398     0.0004   2.794076   2.794031  -0.000047    34.2902    34.2891     7.5336    27.5678    27.5669    34.2903    27.5679    1446.85    1446.85    -0.7401  1028.1859    34.4570 0.0000e+00
      19545 313.890768  -62.14550  -58.44282     -0.913    1448.01    127.000    125.743    -0.7362    -0.7358     0.0004    -0.7399    -0.7395     0.0004   2.794050   2.794009  -0.000044    34.2902    34.2891     7.5250    27.5677    27.5668    34.2903    27.5679    1446.84    1446.84    -0.7398  1028.1810    34.4569 0.0000e+00
      19571 313.890780  -62.14550  -58.44282     -0.914    1448.01    126.000    124.753    -0.7357    -0.7356     0.0001    -0.7394    -0.7393     0.0001   2.794033   2.793972  -0.000058    34.2900    34.2891     7.5274    27.5676    27.5668    34.2901    27.5677    1446.82    1446.82    -0.7393  1028.1761    34.4567 0.0000e+00
      19596 313.890792  -62.14550  -58.44282     -0.943    1448.01    125.000    123.763    -0.7360    -0.7355     0.0005    -0.7396    -0.7391     0.0005   2.793967   2.793932  -0.000038    34.2901    34.2890     7.5322    27.5677    27.5668    34.2902    27.5677    1446.80    1446.80    -0.7396  1028.1713    34.4568 0.0000e+00
      19620 313.890804  -62.14550  -58.44280     -0.986    1448.01    124.000    122.773    -0.7359    -0.7353     0.0005    -0.7395    -0.7389     0.0005   2.793942   2.793898  -0.000043    34.2902    34.2890     7.5287    27.5678    27.5668    34.2903    27.5679    1446.79    1446.79    -0.7394  1028.1667    34.4569 0.0000e+00
      19644 313.890815  -62.14550  -58.44280     -1.014    1448.01    123.000    121.783    -0.7322    -0.7339    -0.0017    -0.7358    -0.7375    -0.0017   2.794197   2.793951  -0.000234    34.2897    34.2885     7.5373    27.5672    27.5663    34.2902    27.5676    1446.79    1446.78    -0.7357  1028.1616    34.4568 0.0000e+00
      19667 313.890827  -62.14550  -58.44278     -1.021    1448.01    122.000    120.794    -0.7298    -0.7319    -0.0021    -0.7334    -0.7355    -0.0021   2.794349   2.794066  -0.000263    34.2897    34.2885     7.5240    27.5671    27.5662    34.2903    27.5675    1446.78    1446.77    -0.7333  1028.1567    34.4568 0.0000e+00
      19691 313.890838  -62.14550  -58.44278     -1.015    1448.01    121.000    119.804    -0.7263    -0.7278    -0.0014    -0.7299    -0.7313    -0.0014   2.794550   2.794354  -0.000208    34.2892    34.2880     7.5157    27.5666    27.5656    34.2896    27.5669    1446.78    1446.78    -0.7298  1028.1513    34.4561 0.0000e+00
