Pos-Processados/process_op42/Processamento_split/up/uoperantar42_001.cnv
* Sea-Bird SBE 9 Data File:
* FileName = C:\Users\Hidrografia\Desktop\OPXLII\Brutos\OP42001.hdr
* Software Version Seasave V 7.26.7.107
* Temperature SN = 6502
* Conductivity SN = 4998
* Number of Bytes Per Scan = 37
* Number of Voltage Words = 4
* Number of Scans Averaged by the Deck Unit = 1
* NMEA Latitude = 37 22.97 S
* NMEA Longitude = 051 25.37 W
* NMEA UTC (Time) = Oct 16 2023 02:33:28
* NMEA baud rate = 4800
** H41
** NPOALTEMAXIMIANO
** NUMERO DA ESTACAO (XXX) 001
** LAT (XX XX.XX S/N) 37 21.653 S
** LONG (XXX XX.XX W/E) 51 23.878 W
** DATAHORA (dd/mm/aaaa hh:mm Z) 16/10/2023 0155
** PROFUNDIDADE (m) 4344
** OPERADOR CT FILIPE LOPES
# nquan = 30
# nvalues = 1004                        
# units = specified
# name 0 = scan: Scan Count
# name 1 = timeJ: Julian Days
# name 2 = latitude: Latitude [deg]
# name 3 = longitude: Longitude [deg]
# name 4 = dz/dtM: Descent Rate [m/s]
# name 5 = avgsvCM: Average Sound Velocity [Chen-Millero, m/s]
# name 6 = prDM: Pressure, Digiquartz [db]
# name 7 = depSM: Depth [salt water, m]
# name 8 = t090C: Temperature [ITS-90, deg C]
# name 9 = t190C: Temperature, 2 [ITS-90, deg C]
# name 10 = T2-T190C: Temperature Difference, 2 - 1 [ITS-90, deg C]
# name 11 = potemp090C: Potential Temperature [ITS-90, deg C]
# name 12 = potemp190C: Potential Temperature, 2 [ITS-90, deg C]
# name 13 = potemp90Cdiff: Potential Temperature, Diff, 2 - 1 [ITS-90, deg C]
# name 14 = c0S/m: Conductivity [S/m]
# name 15 = c1S/m: Conductivity, 2 [S/m]
# name 16 = C2-C1S/m: Conductivity Difference, 2 - 1 [S/m]
# name 17 = sal00: Salinity, Practical [PSU]
# name 18 = sal11: Salinity, Practical, 2 [PSU]
# name 19 = sbeox0ML/L: Oxygen, SBE 43 [ml/l]
# name 20 = sigma-é00: Density [sigma-theta, kg/m^3]
# name 21 = sigma-é11: Density, 2 [sigma-theta, kg/m^3]
# name 22 = sal00: Salinity, Practical [PSU]
# name 23 = sigma-é00: Density [sigma-theta, kg/m^3]
# name 24 = svCM: Sound Velocity [Chen-Millero, m/s]
# name 25 = svCM1: Sound Velocity, 2 [Chen-Millero, m/s]
# name 26 = gsw_ptA0: potential temperature [ITS-90, deg C]
# name 27 = gsw_densityA0: density, TEOS-10 [density, kg/m^3]
# name 28 = gsw_saA0: Absolute Salinity [g/kg]
# name 29 = flag:
# span 0 =      39583,      80372       
# span 1 = 289.125663, 289.145334       
# span 2 =  -37.40116,  -37.39420       
# span 3 =  -51.45054,  -51.43364       
# span 4 =     -1.516,     -0.163       
# span 5 =    1502.20,    1502.93       
# span 6 =      8.000,   1011.000       
# span 7 =      7.939,   1001.058       
# span 8 =     4.3601,    18.7246       
# span 9 =     4.3614,    18.7272       
# span 10 =    -0.1012,     0.0422      
# span 11 =     4.2813,    18.7193      
# span 12 =     4.2826,    18.7219      
# span 13 =    -0.1009,     0.0419      
# span 14 =   3.264498,   4.824947      
# span 15 =   3.264484,   4.825168      
# span 16 =  -0.013409,   0.003628      
# span 17 =    34.1992,    36.3441      
# span 18 =    34.1988,    36.3452      
# span 19 =     4.4813,     5.6263      
# span 20 =    26.0504,    27.1229      
# span 21 =    26.0512,    27.1223      
# span 22 =    34.2000,    36.3457      
# span 23 =    26.0504,    27.1229      
# span 24 =    1483.63,    1521.06      
# span 25 =    1483.61,    1521.06      
# span 26 =     4.2810,    18.7193      
# span 27 =  1026.0910,  1031.7707      
# span 28 =    34.3644,    36.5173      
# span 29 = 0.0000e+00, 0.0000e+00      
# interval = decibars: 1                
# start_time = Oct 16 2023 02:33:28 [NMEA time, header]
# bad_flag = -9.990e-29
*END*
[from data line 194]
      44797 289.128177  -37.39514  -51.43570     -1.164    1502.20    817.000    809.336     5.5644     5.5626    -0.0018     5.4942     5.4924    -0.0018   3.368137   3.367852  -0.000296    34.2581    34.2566     5.5178    27.0288    27.0278    34.2598    27.0302    1485.51    1485.50     5.4940  1030.7695    34.4228 0.0000e+00
      44819 289.128188  -37.39514  -51.43570     -1.135    1502.20    816.000    808.347     5.5660     5.5665     0.0005     5.4959     5.4964     0.0005   3.367990   3.367993   0.000013    34.2565    34.2562     5.5180    27.0274    27.0270    34.2569    27.0277    1485.49    1485.49     5.4957  1030.7625    34.4200 0.0000e+00
      44840 289.128198  -37.39514  -51.43572     -1.116    1502.20    815.000    807.359     5.5588     5.5512    -0.0076     5.4889     5.4813    -0.0075   3.366932   3.366127  -0.000791    34.2537    34.2524     5.5305    27.0260    27.0260    34.2527    27.0252    1485.44    1485.41     5.4887  1030.7556    34.4157 0.0000e+00
      44862 289.128208  -37.39516  -51.43572     -1.109    1502.20    814.000    806.370     5.5350     5.5413     0.0062     5.4654     5.4716     0.0062   3.364346   3.365016   0.000571    34.2499    34.2501     5.5380    27.0259    27.0252    34.2480    27.0243    1485.32    1485.35     5.4652  1030.7507    34.4110 0.0000e+00
      44886 289.128220  -37.39516  -51.43574     -1.046    1502.20    813.000    805.381     5.5243     5.5315     0.0073     5.4547     5.4619     0.0072   3.363235   3.363983   0.000728    34.2476    34.2485     5.5422    27.0254    27.0252    34.2468    27.0247    1485.26    1485.29     5.4545  1030.7467    34.4097 0.0000e+00
      44915 289.128234  -37.39518  -51.43574     -0.889    1502.20    812.000    804.394     5.5201     5.5247     0.0046     5.4507     5.4552     0.0045   3.362700   3.363148   0.000461    34.2461    34.2467     5.5613    27.0246    27.0245    34.2454    27.0241    1485.23    1485.25     5.4505  1030.7416    34.4084 0.0000e+00
      44949 289.128250  -37.39518  -51.43577     -0.730    1502.20    811.000    803.402     5.5193     5.5207     0.0014     5.4500     5.4514     0.0014   3.362521   3.362585   0.000073    34.2452    34.2446     5.5915    27.0240    27.0233    34.2447    27.0236    1485.21    1485.21     5.4498  1030.7366    34.4076 0.0000e+00
      44979 289.128265  -37.39518  -51.43578     -0.761    1502.20    810.000    802.415     5.5184     5.5194     0.0010     5.4492     5.4502     0.0010   3.362345   3.362364   0.000023    34.2444    34.2437     5.6069    27.0235    27.0227    34.2440    27.0231    1485.19    1485.19     5.4490  1030.7317    34.4070 0.0000e+00
      45003 289.128276  -37.39518  -51.43580     -0.910    1502.20    809.000    801.426     5.5185     5.5194     0.0010     5.4493     5.4503     0.0010   3.362302   3.362330   0.000030    34.2443    34.2437     5.6143    27.0233    27.0227    34.2440    27.0231    1485.17    1485.17     5.4491  1030.7271    34.4069 0.0000e+00
      45025 289.128287  -37.39518  -51.43580     -1.046    1502.20    808.000    800.438     5.5182     5.5192     0.0010     5.4491     5.4501     0.0010   3.362216   3.362248   0.000029    34.2442    34.2435     5.6142    27.0233    27.0226    34.2438    27.0230    1485.15    1485.16     5.4489  1030.7224    34.4068 0.0000e+00
      45049 289.128299  -37.39519  -51.43580     -1.048    1502.20    807.000    799.449     5.5181     5.5190     0.0009     5.4492     5.4500     0.0009   3.362175   3.362177   0.000005    34.2441    34.2433     5.6122    27.0232    27.0225    34.2439    27.0230    1485.14    1485.14     5.4490  1030.7179    34.4068 0.0000e+00
      45075 289.128311  -37.39520  -51.43582     -0.933    1502.20    806.000    798.460     5.5191     5.5194     0.0003     5.4502     5.4505     0.0003   3.362187   3.362158  -0.000025    34.2437    34.2431     5.6122    27.0228    27.0222    34.2436    27.0226    1485.12    1485.12     5.4500  1030.7130    34.4065 0.0000e+00
      45099 289.128323  -37.39520  -51.43582     -0.943    1502.20    805.000    797.471     5.5205     5.5213     0.0008     5.4517     5.4525     0.0007   3.362268   3.362251  -0.000021    34.2435    34.2425     5.6146    27.0224    27.0215    34.2435    27.0224    1485.11    1485.11     5.4515  1030.7082    34.4064 0.0000e+00
      45118 289.128332  -37.39520  -51.43582     -1.100    1502.20    804.000    796.482     5.5223     5.5237     0.0014     5.4536     5.4550     0.0014   3.362338   3.362387   0.000046    34.2430    34.2421     5.6157    27.0218    27.0209    34.2430    27.0218    1485.10    1485.11     5.4534  1030.7030    34.4059 0.0000e+00
      45139 289.128342  -37.39520  -51.43583     -1.206    1502.20    803.000    795.494     5.5230     5.5241     0.0010     5.4544     5.4554     0.0010   3.362357   3.362372   0.000019    34.2429    34.2421     5.6150    27.0216    27.0209    34.2429    27.0216    1485.09    1485.09     5.4542  1030.6983    34.4059 0.0000e+00
      45171 289.128358  -37.39521  -51.43585     -0.883    1502.20    802.000    794.508     5.5252     5.5243    -0.0009     5.4566     5.4558    -0.0009   3.362497   3.362360  -0.000126    34.2426    34.2421     5.6164    27.0211    27.0208    34.2428    27.0213    1485.08    1485.07     5.4565  1030.6934    34.4057 0.0000e+00
      45220 289.128381  -37.39522  -51.43588     -0.417    1502.20    801.000    793.509     5.5296     5.5293    -0.0003     5.4612     5.4608    -0.0003   3.362859   3.362729  -0.000122    34.2425    34.2414     5.6225    27.0205    27.0197    34.2429    27.0208    1485.08    1485.08     5.4609  1030.6883    34.4058 0.0000e+00
      45245 289.128393  -37.39522  -51.43588     -0.773    1502.20    800.000    792.528     5.5361     5.5373     0.0013     5.4676     5.4689     0.0013   3.363455   3.363477  -0.000028    34.2428    34.2412     5.6221    27.0200    27.0185    34.2436    27.0206    1485.09    1485.09     5.4675  1030.6834    34.4065 0.0000e+00
      45266 289.128403  -37.39522  -51.43590     -1.048    1502.20    799.000    791.539     5.5449     5.5462     0.0013     5.4766     5.4778     0.0013   3.364311   3.364201  -0.000041    34.2434    34.2417     5.6192    27.0194    27.0179    34.2449    27.0205    1485.11    1485.11     5.4763  1030.6786    34.4078 0.0000e+00
      45290 289.128415  -37.39524  -51.43590     -1.082    1502.20    798.000    790.550     5.5556     5.5463    -0.0093     5.4873     5.4780    -0.0093   3.365254   3.364175  -0.000987    34.2438    34.2420     5.6218    27.0184    27.0181    34.2452    27.0195    1485.14    1485.10     5.4871  1030.6728    34.4081 0.0000e+00
      45321 289.128430  -37.39524  -51.43590     -0.828    1502.20    797.000    789.561     5.5636     5.5516    -0.0120     5.4953     5.4834    -0.0119   3.365926   3.364703  -0.001266    34.2438    34.2416     5.6263    27.0174    27.0171    34.2452    27.0185    1485.16    1485.10     5.4951  1030.6672    34.4081 0.0000e+00
      45347 289.128442  -37.39524  -51.43592     -0.828    1502.20    796.000    788.572     5.5725     5.5716    -0.0009     5.5043     5.5034    -0.0009   3.366726   3.366505  -0.000253    34.2444    34.2424     5.6245    27.0168    27.0154    34.2457    27.0179    1485.18    1485.17     5.5041  1030.6618    34.4087 0.0000e+00
      45367 289.128452  -37.39524  -51.43592     -1.054    1502.20    795.000    787.584     5.5761     5.5769     0.0007     5.5079     5.5086     0.0007   3.366980   3.366982  -0.000018    34.2443    34.2434     5.6257    27.0163    27.0155    34.2455    27.0172    1485.17    1485.17     5.5077  1030.6565    34.4084 0.0000e+00
      45387 289.128462  -37.39524  -51.43594     -1.189    1502.20    794.000    786.595     5.5782     5.5783     0.0001     5.5100     5.5101     0.0001   3.367174   3.367027  -0.000084    34.2445    34.2435     5.6258    27.0162    27.0154    34.2461    27.0175    1485.17    1485.16     5.5098  1030.6522    34.4090 0.0000e+00
      45427 289.128481  -37.39526  -51.43596     -0.717    1502.20    793.000    785.605     5.6040     5.5884    -0.0155     5.5358     5.5203    -0.0154   3.369695   3.368087  -0.001580    34.2464    34.2442     5.6242    27.0146    27.0147    34.2491    27.0167    1485.26    1485.19     5.5356  1030.6464    34.4120 0.0000e+00
      45478 289.128506  -37.39526  -51.43597     -0.419    1502.20    792.000    784.616     5.6337     5.6348     0.0010     5.5654     5.5665     0.0010   3.372789   3.372674  -0.000130    34.2506    34.2481     5.6245    27.0143    27.0122    34.2545    27.0174    1485.37    1485.37     5.5652  1030.6419    34.4174 0.0000e+00
      45502 289.128517  -37.39527  -51.43598     -0.824    1502.20    791.000    783.628     5.6581     5.6592     0.0011     5.5897     5.5909     0.0011   3.375187   3.374961  -0.000202    34.2539    34.2504     5.6138    27.0139    27.0111    34.2574    27.0167    1485.45    1485.45     5.5896  1030.6362    34.4204 0.0000e+00
      45524 289.128528  -37.39528  -51.43599     -1.043    1502.20    790.000    782.640     5.6693     5.6671    -0.0022     5.6009     5.5987    -0.0022   3.376158   3.375726  -0.000423    34.2545    34.2519     5.6081    27.0130    27.0113    34.2576    27.0155    1485.48    1485.47     5.6008  1030.6303    34.4206 0.0000e+00
      45552 289.128541  -37.39528  -51.43601     -0.967    1502.20    789.000    781.651     5.6834     5.6715    -0.0118     5.6150     5.6033    -0.0117   3.377453   3.376046  -0.001304    34.2552    34.2524     5.6024    27.0119    27.0111    34.2585    27.0145    1485.52    1485.47     5.6149  1030.6244    34.4215 0.0000e+00
      45584 289.128557  -37.39528  -51.43602     -0.742    1502.20    788.000    780.667     5.6971     5.6881    -0.0089     5.6288     5.6199    -0.0089   3.378785   3.377758  -0.001147    34.2572    34.2533     5.5935    27.0118    27.0098    34.2602    27.0142    1485.56    1485.52     5.6286  1030.6193    34.4231 0.0000e+00
      45610 289.128569  -37.39528  -51.43602     -0.831    1502.20    787.000    779.666     5.7084     5.7057    -0.0026     5.6401     5.6375    -0.0026   3.379862   3.379450  -0.000420    34.2584    34.2563     5.5869    27.0114    27.0100    34.2614    27.0138    1485.59    1485.58     5.6399  1030.6141    34.4244 0.0000e+00
      45633 289.128580  -37.39528  -51.43604     -0.995    1502.20    786.000    778.684     5.7167     5.7186     0.0019     5.6485     5.6504     0.0019   3.380663   3.380733   0.000025    34.2594    34.2578     5.5824    27.0112    27.0096    34.2625    27.0136    1485.61    1485.62     5.6483  1030.6104    34.4269 0.0000e+00
      45660 289.128593 -9.990e-29  -51.43605     -0.964    1502.20    785.000    777.696     5.7264     5.7195    -0.0069     5.6582     5.6513    -0.0069   3.381537   3.380692  -0.000768    34.2604    34.2587     5.5842    27.0108    27.0103    34.2631    27.0129    1485.63    1485.60     5.6580  1030.6061    34.4290 0.0000e+00
      45696 289.128611 -9.990e-29  -51.43606     -0.696    1502.20    784.000    776.707     5.7318     5.7230    -0.0088     5.6636     5.6549    -0.0087   3.382107   3.381085  -0.001070    34.2623    34.2591     5.5721    27.0116    27.0101    34.2645    27.0134    1485.64    1485.60     5.6634  1030.6021    34.4306 0.0000e+00
      45728 289.128626 -9.990e-29  -51.43608     -0.703    1502.20    783.000    775.718     5.7357     5.7363     0.0007     5.6676     5.6683     0.0007   3.382449   3.382378  -0.000091    34.2631    34.2614     5.5660    27.0117    27.0103    34.2650    27.0132    1485.64    1485.64     5.6674  1030.5973    34.4310 0.0000e+00
      45755 289.128639 -9.990e-29  -51.43608     -0.847    1502.20    782.000    774.729     5.7382     5.7388     0.0006     5.6702     5.6708     0.0005   3.382678   3.382601  -0.000087    34.2636    34.2621     5.5634    27.0118    27.0106    34.2655    27.0133    1485.63    1485.63     5.6700  1030.5928    34.4315 0.0000e+00
      45782 289.128652 -9.990e-29  -51.43610     -0.907    1502.20    781.000    773.740     5.7439     5.7420    -0.0019     5.6759     5.6741    -0.0018   3.383224   3.382900  -0.000311    34.2645    34.2629     5.5514    27.0118    27.0108    34.2664    27.0133    1485.64    1485.63     5.6757  1030.5882    34.4325 0.0000e+00
      45810 289.128665 -9.990e-29  -51.43611     -0.878    1502.20    780.000    772.751     5.7513     5.7460    -0.0053     5.6834     5.6781    -0.0053   3.383979   3.383310  -0.000656    34.2657    34.2637     5.5555    27.0119    27.0109    34.2679    27.0136    1485.66    1485.63     5.6832  1030.5838    34.4340 0.0000e+00
      45837 289.128679  -37.39532  -51.43612     -0.869    1502.20    779.000    771.762     5.7629     5.7598    -0.0032     5.6950     5.6919    -0.0031   3.385301   3.384708  -0.000560    34.2686    34.2655     5.5577    27.0128    27.0107    34.2716    27.0151    1485.69    1485.67     5.6948  1030.5790    34.4358 0.0000e+00
      45863 289.128691  -37.39533  -51.43613     -0.897    1502.20    778.000    770.774     5.7886     5.7818    -0.0068     5.7207     5.7139    -0.0068   3.387924   3.387101  -0.000867    34.2714    34.2685     5.5570    27.0118    27.0103    34.2757    27.0152    1485.78    1485.75     5.7205  1030.5731    34.4387 0.0000e+00
      45891 289.128705  -37.39534  -51.43614     -0.885    1502.20    777.000    769.785     5.8192     5.8074    -0.0118     5.7512     5.7394    -0.0118   3.391030   3.389531  -0.001309    34.2753    34.2724     5.5468    27.0111    27.0103    34.2803    27.0150    1485.89    1485.84     5.7510  1030.5678    34.4433 0.0000e+00
      45923 289.128720  -37.39534  -51.43615     -0.780    1502.20    776.000    768.796     5.8797     5.8302    -0.0494     5.8113     5.7623    -0.0491   3.396854   3.391643  -0.004931    34.2782    34.2725     5.5233    27.0059    27.0075    34.2854    27.0116    1486.13    1485.92     5.8112  1030.5587    34.4484 0.0000e+00
      45961 289.128738  -37.39534  -51.43616     -0.642    1502.20    775.000    767.807     5.9428     5.9273    -0.0155     5.8742     5.8588    -0.0154   3.403898   3.401968  -0.002197    34.2924    34.2833     5.4874    27.0093    27.0041    34.3014    27.0164    1486.38    1486.31     5.8740  1030.5577    34.4645 0.0000e+00
      45992 289.128754  -37.39536  -51.43618     -0.715    1502.20    774.000    766.818     5.9789     5.9599    -0.0190     5.9102     5.8913    -0.0189   3.407788   3.405196  -0.002364    34.3022    34.2948     5.4627    27.0125    27.0091    34.3091    27.0180    1486.52    1486.43     5.9100  1030.5540    34.4723 0.0000e+00
      46018 289.128766  -37.39536  -51.43618     -0.873    1502.20    773.000    765.829     6.0082     5.9597    -0.0485     5.9394     5.8912    -0.0482   3.410715   3.405267  -0.005132    34.3039    34.2952     5.4274    27.0103    27.0094    34.3129    27.0173    1486.62    1486.41     5.9392  1030.5482    34.4761 0.0000e+00
      46042 289.128777  -37.39536  -51.43620     -0.977    1502.20    772.000    764.840     6.0561     6.0148    -0.0414     5.9871     5.9460    -0.0411   3.415490   3.411089  -0.004606    34.3103    34.3003     5.3866    27.0093    27.0066    34.3186    27.0159    1486.81    1486.63     5.9869  1030.5433    34.4844 0.0000e+00
      46069 289.128791 -9.990e-29  -51.43621     -0.940    1502.20    771.000    763.851     6.0916     6.0624    -0.0292     6.0225     5.9935    -0.0290   3.419114   3.415739  -0.003448    34.3158    34.3066     5.3631    27.0092    27.0056    34.3240    27.0156    1486.94    1486.81     6.0223  1030.5382    34.4903 0.0000e+00
