Pos-Processados/process_op42/Processamento_split/up/uoperantar42_030.cnv
* Sea-Bird SBE 9 Data File:
* FileName = C:\Users\Hidrografia\Desktop\OPXLII\Brutos\OP42030.hdr
* Software Version Seasave V 7.26.7.107
* Temperature SN = 6502
* Conductivity SN = 4998
* Number of Bytes Per Scan = 37
* Number of Voltage Words = 4
* Number of Scans Averaged by the Deck Unit = 1
* NMEA Latitude = 62 08.10 S
* NMEA Longitude = 058 26.40 W
* NMEA UTC (Time) = Nov 09 2023 05:10:08
* NMEA baud rate = 4800
** H41
** NPOALTEMAXIMIANO
** NUMERO DA ESTACAO (XXX) 030
** LAT (XX XX.XX S/N) 62 08.9 S
** LONG (XXX XX.XX W/E) 058 29.443 W
** DATAHORA (dd/mm/aaaa hh:mm Z) 09/11/2023 0509Z
** PROFUNDIDADE (m) 424
** OPERADOR CT FILIPE LOPES
# nquan = 30
# nvalues = 391                         
# units = specified
# name 0 = scan: Scan Count
# name 1 = timeJ: Julian Days
# name 2 = latitude: Latitude [deg]
# name 3 = longitude: Longitude [deg]
# name 4 = dz/dtM: Descent Rate [m/s]
# name 5 = avgsvCM: Average Sound Velocity [Chen-Millero, m/s]
# name 6 = prDM: Pressure, Digiquartz [db]
# name 7 = depSM: Depth [salt water, m]
# name 8 = t090C: Temperature [ITS-90, deg C]
# name 9 = t190C: Temperature, 2 [ITS-90, deg C]
# name 10 = T2-T190C: Temperature Difference, 2 - 1 [ITS-90, deg C]
# name 11 = potemp090C: Potential Temperature [ITS-90, deg C]
# name 12 = potemp190C: Potential Temperature, 2 [ITS-90, deg C]
# name 13 = potemp90Cdiff: Potential Temperature, Diff, 2 - 1 [ITS-90, deg C]
# name 14 = c0S/m: Conductivity [S/m]
# name 15 = c1S/m: Conductivity, 2 [S/m]
# name 16 = C2-C1S/m: Conductivity Difference, 2 - 1 [S/m]
# name 17 = sal00: Salinity, Practical [PSU]
# name 18 = sal11: Salinity, Practical, 2 [PSU]
# name 19 = sbeox0ML/L: Oxygen, SBE 43 [ml/l]
# name 20 = sigma-é00: Density [sigma-theta, kg/m^3]
# name 21 = sigma-é11: Density, 2 [sigma-theta, kg/m^3]
# name 22 = sal00: Salinity, Practical [PSU]
# name 23 = sigma-é00: Density [sigma-theta, kg/m^3]
# name 24 = svCM: Sound Velocity [Chen-Millero, m/s]
# name 25 = svCM1: Sound Velocity, 2 [Chen-Millero, m/s]
# name 26 = gsw_ptA0: potential temperature [ITS-90, deg C]
# name 27 = gsw_densityA0: density, TEOS-10 [density, kg/m^3]
# name 28 = gsw_saA0: Absolute Salinity [g/kg]
# name 29 = flag:
# span 0 =      16139,      27352       
# span 1 = 313.223153, 313.228560       
# span 2 =  -62.13883,  -62.13722       
# span 3 =  -58.43676,  -58.43458       
# span 4 =     -1.103,     -0.193       
# span 5 =    1448.44,    1448.44       
# span 6 =      2.000,    392.000       
# span 7 =      2.024,    387.866       
# span 8 =    -0.8000,    -0.5642       
# span 9 =    -0.7989,    -0.5635       
# span 10 =    -0.0142,     0.0191      
# span 11 =    -0.8057,    -0.5646      
# span 12 =    -0.8046,    -0.5640      
# span 13 =    -0.0141,     0.0191      
# span 14 =   2.792620,   2.822555      
# span 15 =   2.792630,   2.822443      
# span 16 =  -0.001137,   0.001780      
# span 17 =    34.2804,    34.3905      
# span 18 =    34.2791,    34.3889      
# span 19 =     6.7919,     7.6299      
# span 20 =    27.5538,    27.6448      
# span 21 =    27.5525,    27.6435      
# span 22 =    34.2807,    34.3905      
# span 23 =    27.5538,    27.6448      
# span 24 =    1445.58,    1451.79      
# span 25 =    1445.57,    1451.79      
# span 26 =    -0.8055,    -0.5646      
# span 27 =  1027.5681,  1029.5180      
# span 28 =    34.4423,    34.5581      
# span 29 = 0.0000e+00, 0.0000e+00      
# interval = decibars: 1                
# start_time = Nov 09 2023 05:10:08 [NMEA time, header]
# bad_flag = -9.990e-29
*END*
      16139 313.223153  -62.13722  -58.43676     -0.193    1448.44    392.000    387.866    -0.6284    -0.6284     0.0000    -0.6413    -0.6413     0.0000   2.822555   2.822443  -0.000116    34.3905    34.3889     6.8008    27.6448    27.6435    34.3905    27.6448    1451.79    1451.79    -0.6410  1029.5180    34.5570 0.0000e+00
      16209 313.223187  -62.13722  -58.43675     -0.371    1448.44    391.000    386.885    -0.6310    -0.6304     0.0006    -0.6438    -0.6433     0.0006   2.822250   2.822215  -0.000032    34.3899    34.3888     6.7957    27.6444    27.6435    34.3899    27.6444    1451.76    1451.77    -0.6436  1029.5143    34.5581 0.0000e+00
      16277 313.223220  -62.13724  -58.43673     -0.358    1448.44    390.000    385.891    -0.6302    -0.6292     0.0010    -0.6431    -0.6420     0.0010   2.822258   2.822269   0.000004    34.3899    34.3887     6.8035    27.6444    27.6434    34.3898    27.6443    1451.75    1451.76    -0.6428  1029.5094    34.5580 0.0000e+00
      16324 313.223242  -62.13724  -58.43672     -0.509    1448.44    389.000    384.906    -0.6308    -0.6301     0.0007    -0.6436    -0.6429     0.0007   2.822149   2.822141  -0.000008    34.3896    34.3887     6.8061    27.6442    27.6435    34.3896    27.6441    1451.73    1451.73    -0.6433  1029.5004    34.5526 0.0000e+00
      16397 313.223278  -62.13726  -58.43671     -0.290    1448.44    388.000    383.916    -0.6316    -0.6303     0.0013    -0.6444    -0.6430     0.0013   2.822032   2.822078   0.000046    34.3896    34.3887     6.7965    27.6442    27.6434    34.3895    27.6441    1451.71    1451.72    -0.6441  1029.4967    34.5538 0.0000e+00
      16455 313.223306  -62.13726  -58.43670     -0.470    1448.44    387.000    382.929    -0.6328    -0.6322     0.0006    -0.6455    -0.6449     0.0006   2.821866   2.821841  -0.000025    34.3893    34.3883     6.7919    27.6440    27.6432    34.3892    27.6439    1451.69    1451.69    -0.6452  1029.4949    34.5574 0.0000e+00
      16491 313.223323  -62.13726  -58.43669     -0.659    1448.44    386.000    381.940    -0.6328    -0.6319     0.0008    -0.6454    -0.6446     0.0008   2.821817   2.821821   0.000003    34.3892    34.3883     6.8039    27.6439    27.6432    34.3891    27.6439    1451.67    1451.68    -0.6452  1029.4900    34.5573 0.0000e+00
      16530 313.223342  -62.13728  -58.43668     -0.620    1448.44    385.000    380.951    -0.6330    -0.6322     0.0008    -0.6457    -0.6449     0.0008   2.821752   2.821747  -0.000005    34.3892    34.3883     6.8016    27.6440    27.6431    34.3892    27.6439    1451.66    1451.66    -0.6454  1029.4853    34.5573 0.0000e+00
      16571 313.223362  -62.13728  -58.43666     -0.582    1448.44    384.000    379.963    -0.6331    -0.6323     0.0008    -0.6458    -0.6449     0.0008   2.821687   2.821696   0.000008    34.3892    34.3883     6.8082    27.6439    27.6432    34.3890    27.6438    1451.64    1451.64    -0.6455  1029.4805    34.5572 0.0000e+00
      16612 313.223381  -62.13728  -58.43666     -0.595    1448.44    383.000    378.974    -0.6333    -0.6325     0.0008    -0.6459    -0.6450     0.0008   2.821630   2.821640   0.000010    34.3891    34.3883     6.8066    27.6439    27.6432    34.3891    27.6438    1451.62    1451.62    -0.6456  1029.4758    34.5572 0.0000e+00
      16662 313.223405  -62.13729  -58.43665     -0.480    1448.44    382.000    377.986    -0.6332    -0.6325     0.0007    -0.6458    -0.6450     0.0007   2.821610   2.821593  -0.000017    34.3893    34.3883     6.8088    27.6440    27.6432    34.3893    27.6440    1451.61    1451.61    -0.6455  1029.4712    34.5574 0.0000e+00
      16713 313.223430  -62.13730  -58.43664     -0.464    1448.44    381.000    376.997    -0.6325    -0.6319     0.0006    -0.6450    -0.6444     0.0006   2.821635   2.821601  -0.000034    34.3894    34.3883     6.8044    27.6441    27.6431    34.3894    27.6440    1451.59    1451.60    -0.6447  1029.4665    34.5575 0.0000e+00
      16749 313.223447  -62.13730  -58.43664     -0.644    1448.44    380.000    376.009    -0.6332    -0.6324     0.0008    -0.6457    -0.6449     0.0008   2.821486   2.821496   0.000011    34.3890    34.3882     6.8024    27.6438    27.6431    34.3889    27.6437    1451.57    1451.57    -0.6454  1029.4614    34.5570 0.0000e+00
      16784 313.223464  -62.13732  -58.43662     -0.697    1448.44    379.000    375.020    -0.6354    -0.6345     0.0009    -0.6478    -0.6469     0.0009   2.821243   2.821241  -0.000003    34.3888    34.3878     6.8090    27.6437    27.6428    34.3886    27.6435    1451.55    1451.55    -0.6475  1029.4565    34.5568 0.0000e+00
      16821 313.223482  -62.13732  -58.43662     -0.654    1448.44    378.000    374.031    -0.6356    -0.6349     0.0006    -0.6480    -0.6473     0.0006   2.821194   2.821168  -0.000023    34.3888    34.3878     6.8169    27.6437    27.6429    34.3888    27.6437    1451.53    1451.53    -0.6477  1029.4519    34.5570 0.0000e+00
      16858 313.223500  -62.13732  -58.43661     -0.637    1448.44    377.000    373.043    -0.6356    -0.6343     0.0013    -0.6480    -0.6466     0.0013   2.821120   2.821190   0.000064    34.3886    34.3880     6.8128    27.6436    27.6430    34.3884    27.6434    1451.51    1451.52    -0.6477  1029.4469    34.5566 0.0000e+00
      16893 313.223517  -62.13732  -58.43660     -0.676    1448.44    376.000    372.054    -0.6377    -0.6359     0.0019    -0.6500    -0.6482     0.0019   2.820864   2.820975   0.000106    34.3883    34.3876     6.8201    27.6434    27.6427    34.3880    27.6432    1451.49    1451.49    -0.6498  1029.4414    34.5555 0.0000e+00
      16930 313.223535 -9.990e-29  -58.43660     -0.652    1448.44    375.000    371.066    -0.6398    -0.6379     0.0019    -0.6521    -0.6501     0.0019   2.820631   2.820726   0.000094    34.3881    34.3872     6.8143    27.6433    27.6425    34.3878    27.6431    1451.46    1451.47    -0.6518  1029.4323    34.5500 0.0000e+00
      16967 313.223552 -9.990e-29  -58.43659     -0.653    1448.44    374.000    370.077    -0.6416    -0.6391     0.0024    -0.6538    -0.6513     0.0024   2.820389   2.820539   0.000144    34.3876    34.3868     6.8143    27.6429    27.6422    34.3872    27.6426    1451.43    1451.44    -0.6535  1029.4272    34.5493 0.0000e+00
      17000 313.223568  -62.13734  -58.43658     -0.712    1448.44    373.000    369.088    -0.6425    -0.6409     0.0016    -0.6546    -0.6531     0.0016   2.820246   2.820319   0.000078    34.3870    34.3863     6.8256    27.6426    27.6419    34.3869    27.6424    1451.41    1451.42    -0.6544  1029.4234    34.5505 0.0000e+00
      17030 313.223583  -62.13735  -58.43657     -0.777    1448.44    372.000    368.100    -0.6428    -0.6417     0.0011    -0.6549    -0.6538     0.0011   2.820161   2.820183   0.000026    34.3869    34.3860     6.8230    27.6425    27.6417    34.3867    27.6423    1451.39    1451.40    -0.6547  1029.4221    34.5548 0.0000e+00
      17060 313.223597  -62.13736  -58.43656     -0.800    1448.44    371.000    367.111    -0.6429    -0.6424     0.0005    -0.6550    -0.6545     0.0005   2.820032   2.820040   0.000008    34.3860    34.3855     6.8242    27.6417    27.6413    34.3857    27.6415    1451.37    1451.38    -0.6548  1029.4166    34.5538 0.0000e+00
      17090 313.223612  -62.13736  -58.43656     -0.811    1448.44    370.000    366.122    -0.6420    -0.6417     0.0003    -0.6540    -0.6537     0.0003   2.820009   2.819997  -0.000007    34.3850    34.3846     6.8335    27.6409    27.6405    34.3849    27.6408    1451.36    1451.36    -0.6538  1029.4111    34.5530 0.0000e+00
      17127 313.223629  -62.13736  -58.43656     -0.677    1448.44    369.000    365.134    -0.6398    -0.6410    -0.0012    -0.6519    -0.6530    -0.0012   2.820129   2.820056  -0.000068    34.3847    34.3851     6.8365    27.6405    27.6409    34.3847    27.6406    1451.36    1451.35    -0.6516  1029.4061    34.5528 0.0000e+00
      17164 313.223647  -62.13736  -58.43654     -0.634    1448.44    368.000    364.145    -0.6377    -0.6371     0.0006    -0.6497    -0.6491     0.0006   2.820254   2.820237  -0.000018    34.3844    34.3835     6.8398    27.6402    27.6394    34.3846    27.6404    1451.35    1451.35    -0.6495  1029.4011    34.5527 0.0000e+00
      17196 313.223662  -62.13738  -58.43654     -0.731    1448.44    367.000    363.156    -0.6343    -0.6340     0.0003    -0.6462    -0.6460     0.0003   2.820495   2.820412  -0.000070    34.3842    34.3829     6.8415    27.6399    27.6389    34.3846    27.6402    1451.35    1451.35    -0.6460  1029.3957    34.5520 0.0000e+00
      17225 313.223677 -9.990e-29  -58.43654     -0.809    1448.44    366.000    362.168    -0.6303    -0.6310    -0.0006    -0.6423    -0.6430    -0.0006   2.820733   2.820621  -0.000130    34.3837    34.3827     6.8418    27.6393    27.6385    34.3839    27.6395    1451.35    1451.34    -0.6420  1029.3860    34.5461 0.0000e+00
      17257 313.223692 -9.990e-29  -58.43653     -0.782    1448.44    365.000    361.179    -0.6310    -0.6301     0.0009    -0.6429    -0.6420     0.0010   2.820653   2.820638   0.000003    34.3840    34.3829     6.8397    27.6396    27.6387    34.3842    27.6398    1451.33    1451.33    -0.6427  1029.3815    34.5464 0.0000e+00
      17292 313.223709  -62.13740  -58.43652     -0.682    1448.44    364.000    360.191    -0.6300    -0.6325    -0.0025    -0.6419    -0.6444    -0.0025   2.820669   2.820425  -0.000255    34.3837    34.3831     6.8348    27.6394    27.6390    34.3839    27.6395    1451.32    1451.31    -0.6416  1029.3765    34.5462 0.0000e+00
      17324 313.223724  -62.13740  -58.43651     -0.727    1448.44    363.000    359.202    -0.6288    -0.6287     0.0001    -0.6406    -0.6405     0.0001   2.820717   2.820643  -0.000067    34.3835    34.3825     6.8327    27.6391    27.6383    34.3838    27.6393    1451.31    1451.31    -0.6404  1029.3763    34.5519 0.0000e+00
      17352 313.223738  -62.13740  -58.43650     -0.820    1448.44    362.000    358.213    -0.6283    -0.6282     0.0001    -0.6401    -0.6400     0.0001   2.820651   2.820590  -0.000058    34.3828    34.3819     6.8461    27.6385    27.6378    34.3829    27.6386    1451.29    1451.29    -0.6399  1029.3708    34.5509 0.0000e+00
      17380 313.223751  -62.13740  -58.43650     -0.863    1448.44    361.000    357.224    -0.6285    -0.6295    -0.0010    -0.6402    -0.6413    -0.0010   2.820614   2.820410  -0.000183    34.3828    34.3815     6.8390    27.6386    27.6375    34.3832    27.6389    1451.28    1451.27    -0.6400  1029.3663    34.5513 0.0000e+00
      17411 313.223766  -62.13740  -58.43648     -0.810    1448.44    360.000    356.236    -0.6207    -0.6267    -0.0060    -0.6324    -0.6384    -0.0060   2.821139   2.820605  -0.000519    34.3814    34.3812     6.8446    27.6371    27.6372    34.3821    27.6376    1451.29    1451.27    -0.6322  1029.3602    34.5501 0.0000e+00
      17445 313.223783  -62.13740  -58.43648     -0.714    1448.44    359.000    355.247    -0.6186    -0.6205    -0.0019    -0.6303    -0.6322    -0.0019   2.821219   2.820990  -0.000242    34.3809    34.3798     6.8431    27.6366    27.6357    34.3814    27.6369    1451.29    1451.28    -0.6301  1029.3547    34.5494 0.0000e+00
      17477 313.223798  -62.13742  -58.43648     -0.725    1448.44    358.000    354.259    -0.6151    -0.6160    -0.0009    -0.6268    -0.6277    -0.0009   2.821361   2.821245  -0.000124    34.3797    34.3790     6.8582    27.6354    27.6349    34.3800    27.6357    1451.28    1451.28    -0.6266  1029.3487    34.5480 0.0000e+00
      17506 313.223812  -62.13742  -58.43648     -0.816    1448.44    357.000    353.270    -0.6156    -0.6152     0.0004    -0.6272    -0.6269     0.0004   2.821275   2.821246  -0.000042    34.3796    34.3786     6.8496    27.6353    27.6346    34.3800    27.6356    1451.27    1451.27    -0.6270  1029.3439    34.5480 0.0000e+00
      17535 313.223826  -62.13742  -58.43647     -0.837    1448.44    356.000    352.281    -0.6151    -0.6141     0.0009    -0.6267    -0.6258     0.0009   2.821240   2.821213  -0.000027    34.3793    34.3779     6.8584    27.6351    27.6339    34.3795    27.6353    1451.25    1451.25    -0.6265  1029.3388    34.5476 0.0000e+00
      17564 313.223840  -62.13742  -58.43646     -0.811    1448.44    355.000    351.292    -0.6155    -0.6145     0.0010    -0.6271    -0.6261     0.0010   2.821119   2.821148   0.000018    34.3789    34.3779     6.8572    27.6348    27.6340    34.3790    27.6349    1451.23    1451.24    -0.6269  1029.3336    34.5470 0.0000e+00
      17595 313.223855  -62.13742  -58.43646     -0.792    1448.44    354.000    350.304    -0.6163    -0.6150     0.0013    -0.6279    -0.6266     0.0013   2.820952   2.821012   0.000060    34.3782    34.3775     6.8540    27.6342    27.6337    34.3783    27.6343    1451.21    1451.22    -0.6276  1029.3283    34.5463 0.0000e+00
      17625 313.223869  -62.13744  -58.43644     -0.798    1448.44    353.000    349.315    -0.6167    -0.6154     0.0014    -0.6282    -0.6269     0.0013   2.820852   2.820923   0.000063    34.3780    34.3773     6.8639    27.6341    27.6334    34.3780    27.6341    1451.19    1451.20    -0.6280  1029.3234    34.5460 0.0000e+00
      17653 313.223883  -62.13744  -58.43644     -0.836    1448.44    352.000    348.326    -0.6199    -0.6168     0.0031    -0.6313    -0.6283     0.0031   2.820465   2.820706   0.000222    34.3774    34.3769     6.8602    27.6338    27.6332    34.3769    27.6334    1451.16    1451.18    -0.6311  1029.3180    34.5449 0.0000e+00
      17680 313.223896  -62.13744  -58.43643     -0.870    1448.44    351.000    347.338    -0.6227    -0.6193     0.0034    -0.6341    -0.6307     0.0034   2.820157   2.820392   0.000237    34.3768    34.3762     6.8674    27.6334    27.6327    34.3766    27.6332    1451.13    1451.15    -0.6339  1029.3131    34.5446 0.0000e+00
      17708 313.223909  -62.13744  -58.43642     -0.875    1448.44    350.000    346.349    -0.6231    -0.6207     0.0024    -0.6345    -0.6321     0.0024   2.820038   2.820215   0.000179    34.3763    34.3759     6.8678    27.6330    27.6326    34.3761    27.6329    1451.11    1451.12    -0.6343  1029.3080    34.5441 0.0000e+00
      17736 313.223923  -62.13745  -58.43642     -0.854    1448.44    349.000    345.360    -0.6223    -0.6216     0.0007    -0.6337    -0.6330     0.0007   2.820023   2.820036   0.000020    34.3756    34.3751     6.8777    27.6324    27.6320    34.3756    27.6324    1451.10    1451.10    -0.6334  1029.3027    34.5436 0.0000e+00
      17765 313.223937  -62.13746  -58.43642     -0.835    1448.44    348.000    344.371    -0.6202    -0.6206    -0.0004    -0.6315    -0.6319    -0.0004   2.820121   2.820041  -0.000066    34.3749    34.3745     6.8833    27.6317    27.6314    34.3751    27.6319    1451.09    1451.09    -0.6313  1029.2975    34.5431 0.0000e+00
      17795 313.223951  -62.13746  -58.43642     -0.809    1448.44    347.000    343.383    -0.6174    -0.6190    -0.0015    -0.6287    -0.6303    -0.0015   2.820222   2.820081  -0.000141    34.3738    34.3737     6.8913    27.6307    27.6307    34.3739    27.6308    1451.09    1451.08    -0.6285  1029.2916    34.5419 0.0000e+00
      17822 313.223965  -62.13746  -58.43640     -0.849    1448.44    346.000    342.394    -0.6161    -0.6163    -0.0002    -0.6274    -0.6276    -0.0002   2.820291   2.820193  -0.000099    34.3738    34.3727     6.9059    27.6307    27.6298    34.3740    27.6308    1451.07    1451.07    -0.6271  1029.2869    34.5420 0.0000e+00
      17850 313.223978  -62.13747  -58.43640     -0.880    1448.44    345.000    341.405    -0.6137    -0.6143    -0.0006    -0.6250    -0.6255    -0.0006   2.820376   2.820276  -0.000097    34.3728    34.3722     6.8993    27.6298    27.6293    34.3730    27.6299    1451.07    1451.07    -0.6247  1029.2812    34.5410 0.0000e+00
