Pos-Processados/process_op42/Processamento_split/up/uoperantar42_024.cnv
* Sea-Bird SBE 9 Data File:
* FileName = C:\Users\Hidrografia\Desktop\OPXLII\Brutos\OP42024.hdr
* Software Version Seasave V 7.26.7.107
* Temperature SN = 6502
* Conductivity SN = 4998
* Number of Bytes Per Scan = 37
* Number of Voltage Words = 4
* Number of Scans Averaged by the Deck Unit = 1
* NMEA Latitude = 62 12.92 S
* NMEA Longitude = 058 19.80 W
* NMEA UTC (Time) = Nov 08 2023 11:02:46
* NMEA baud rate = 4800
** H41
** NPOALTEMAXIMIANO
** NUMERO DA ESTACAO (XXX) 024
** LAT (XX XX.XX S/N) 62 12.60 S
** LONG (XXX XX.XX W/E) 058 20.03 W
** DATAHORA (dd/mm/aaaa hh:mm Z) 08/11/2023 1056Z
** PROFUNDIDADE (m) 482
** OPERADOR CT FILIPE LOPES
# nquan = 30
# nvalues = 414                         
# units = specified
# name 0 = scan: Scan Count
# name 1 = timeJ: Julian Days
# name 2 = latitude: Latitude [deg]
# name 3 = longitude: Longitude [deg]
# name 4 = dz/dtM: Descent Rate [m/s]
# name 5 = avgsvCM: Average Sound Velocity [Chen-Millero, m/s]
# name 6 = prDM: Pressure, Digiquartz [db]
# name 7 = depSM: Depth [salt water, m]
# name 8 = t090C: Temperature [ITS-90, deg C]
# name 9 = t190C: Temperature, 2 [ITS-90, deg C]
# name 10 = T2-T190C: Temperature Difference, 2 - 1 [ITS-90, deg C]
# name 11 = potemp090C: Potential Temperature [ITS-90, deg C]
# name 12 = potemp190C: Potential Temperature, 2 [ITS-90, deg C]
# name 13 = potemp90Cdiff: Potential Temperature, Diff, 2 - 1 [ITS-90, deg C]
# name 14 = c0S/m: Conductivity [S/m]
# name 15 = c1S/m: Conductivity, 2 [S/m]
# name 16 = C2-C1S/m: Conductivity Difference, 2 - 1 [S/m]
# name 17 = sal00: Salinity, Practical [PSU]
# name 18 = sal11: Salinity, Practical, 2 [PSU]
# name 19 = sbeox0ML/L: Oxygen, SBE 43 [ml/l]
# name 20 = sigma-é00: Density [sigma-theta, kg/m^3]
# name 21 = sigma-é11: Density, 2 [sigma-theta, kg/m^3]
# name 22 = sal00: Salinity, Practical [PSU]
# name 23 = sigma-é00: Density [sigma-theta, kg/m^3]
# name 24 = svCM: Sound Velocity [Chen-Millero, m/s]
# name 25 = svCM1: Sound Velocity, 2 [Chen-Millero, m/s]
# name 26 = gsw_ptA0: potential temperature [ITS-90, deg C]
# name 27 = gsw_densityA0: density, TEOS-10 [density, kg/m^3]
# name 28 = gsw_saA0: Absolute Salinity [g/kg]
# name 29 = flag:
# span 0 =      16875,      32356       
# span 1 = 312.468392, 312.475858       
# span 2 =  -62.21294,  -62.21082       
# span 3 =  -58.32361,  -58.31820       
# span 4 =     -1.476,     -0.139       
# span 5 =    1448.57,    1448.57       
# span 6 =      3.000,    416.000       
# span 7 =      2.972,    411.581       
# span 8 =    -0.8436,    -0.4352       
# span 9 =    -0.8428,    -0.4371       
# span 10 =    -0.0097,     0.0142      
# span 11 =    -0.8528,    -0.4497      
# span 12 =    -0.8519,    -0.4516      
# span 13 =    -0.0097,     0.0141      
# span 14 =   2.793522,   2.843785      
# span 15 =   2.793642,   2.843607      
# span 16 =  -0.000962,   0.001392      
# span 17 =    34.2955,    34.4437      
# span 18 =    34.2940,    34.4429      
# span 19 =     6.3353,     7.5371      
# span 20 =    27.5664,    27.6793      
# span 21 =    27.5653,    27.6787      
# span 22 =    34.2955,    34.4423      
# span 23 =    27.5663,    27.6782      
# span 24 =    1445.47,    1453.16      
# span 25 =    1445.47,    1453.15      
# span 26 =    -0.8525,    -0.4495      
# span 27 =  1027.5845,  1029.6632      
# span 28 =    34.4574,    34.6099      
# span 29 = 0.0000e+00, 0.0000e+00      
# interval = decibars: 1                
# start_time = Nov 08 2023 11:02:46 [NMEA time, header]
# bad_flag = -9.990e-29
*END*
[from data line 146]
      22459 312.471085  -62.21214 -9.990e-29     -0.703    1448.57    270.000    267.234    -0.8379    -0.8329     0.0050    -0.8459    -0.8410     0.0050   2.793813   2.794210   0.000408    34.3151    34.3150     7.3831    27.5923    27.5920    34.3144    27.5917    1448.72    1448.74    -0.8458  1028.8904    34.4843 0.0000e+00
      22488 312.471099  -62.21214  -58.32168     -0.826    1448.57    269.000    266.245    -0.8408    -0.8374     0.0033    -0.8488    -0.8455     0.0033   2.793522   2.793770   0.000255    34.3148    34.3145     7.3852    27.5921    27.5918    34.3143    27.5917    1448.69    1448.70    -0.8486  1028.8842    34.4824 0.0000e+00
      22530 312.471119  -62.21213  -58.32167     -0.612    1448.57    268.000    265.255    -0.8395    -0.8377     0.0018    -0.8475    -0.8457     0.0018   2.793593   2.793714   0.000126    34.3147    34.3144     7.4000    27.5920    27.5917    34.3144    27.5918    1448.68    1448.68    -0.8473  1028.8791    34.4820 0.0000e+00
      22591 312.471149  -62.21212  -58.32165     -0.366    1448.57    267.000    264.266    -0.8373    -0.8372     0.0001    -0.8453    -0.8452     0.0001   2.793710   2.793642  -0.000060    34.3143    34.3133     7.4201    27.5916    27.5908    34.3142    27.5915    1448.67    1448.67    -0.8451  1028.8708    34.4778 0.0000e+00
      22630 312.471168 -9.990e-29  -58.32164     -0.562    1448.57    266.000    263.277    -0.8338    -0.8338    -0.0000    -0.8417    -0.8417    -0.0000   2.793990   2.793881  -0.000103    34.3142    34.3128     7.4121    27.5914    27.5902    34.3145    27.5916    1448.67    1448.67    -0.8415  1028.8647    34.4763 0.0000e+00
      22652 312.471178 -9.990e-29  -58.32164     -0.901    1448.57    265.000    262.287    -0.8276    -0.8295    -0.0019    -0.8355    -0.8374    -0.0019   2.794483   2.794201  -0.000276    34.3141    34.3125     7.4047    27.5911    27.5898    34.3149    27.5917    1448.69    1448.67    -0.8353  1028.8599    34.4767 0.0000e+00
      22672 312.471188  -62.21210  -58.32163     -1.126    1448.57    264.000    261.299    -0.8240    -0.8239     0.0002    -0.8319    -0.8318     0.0002   2.794679   2.794611  -0.000072    34.3136    34.3125     7.4010    27.5905    27.5896    34.3140    27.5909    1448.68    1448.68    -0.8317  1028.8552    34.4769 0.0000e+00
      22699 312.471201  -62.21210  -58.32162     -1.020    1448.57    263.000    260.310    -0.8246    -0.8247    -0.0002    -0.8324    -0.8326    -0.0002   2.794600   2.794490  -0.000109    34.3142    34.3129     7.4207    27.5910    27.5899    34.3142    27.5910    1448.66    1448.66    -0.8322  1028.8542    34.4816 0.0000e+00
      22741 312.471221  -62.21210  -58.32160     -0.600    1448.57    262.000    259.320    -0.8214    -0.8235    -0.0021    -0.8292    -0.8313    -0.0021   2.794897   2.794582  -0.000308    34.3144    34.3126     7.4071    27.5911    27.5897    34.3152    27.5917    1448.66    1448.65    -0.8290  1028.8502    34.4828 0.0000e+00
      22783 312.471242  -62.21210  -58.32158     -0.562    1448.57    261.000    258.331    -0.8000    -0.8055    -0.0054    -0.8079    -0.8133    -0.0054   2.796676   2.796068  -0.000562    34.3135    34.3120     7.4042    27.5894    27.5885    34.3157    27.5912    1448.75    1448.72    -0.8077  1028.8448    34.4832 0.0000e+00
      22822 312.471260  -62.21210  -58.32158     -0.610    1448.57    260.000    257.342    -0.7843    -0.7898    -0.0055    -0.7922    -0.7976    -0.0054   2.797928   2.797382  -0.000554    34.3139    34.3126     7.4044    27.5892    27.5883    34.3154    27.5904    1448.81    1448.78    -0.7920  1028.8390    34.4830 0.0000e+00
      22849 312.471273  -62.21209  -58.32158     -0.779    1448.57    259.000    256.353    -0.7796    -0.7825    -0.0029    -0.7874    -0.7903    -0.0029   2.798333   2.797969  -0.000374    34.3146    34.3128     7.3858    27.5895    27.5881    34.3161    27.5908    1448.81    1448.80    -0.7872  1028.8346    34.4837 0.0000e+00
      22872 312.471284  -62.21208  -58.32157     -0.972    1448.57    258.000    255.364    -0.7749    -0.7731     0.0019    -0.7827    -0.7809     0.0019   2.798691   2.798735   0.000020    34.3147    34.3128     7.3914    27.5894    27.5878    34.3163    27.5907    1448.82    1448.83    -0.7825  1028.8297    34.4838 0.0000e+00
      22899 312.471297  -62.21208  -58.32155     -0.965    1448.57    257.000    254.377    -0.7706    -0.7734    -0.0028    -0.7784    -0.7812    -0.0028   2.799003   2.798636  -0.000356    34.3150    34.3134     7.3795    27.5894    27.5883    34.3162    27.5904    1448.82    1448.81    -0.7782  1028.8246    34.4837 0.0000e+00
      22942 312.471318  -62.21208  -58.32153     -0.562    1448.57    256.000    253.383    -0.7627    -0.7724    -0.0097    -0.7705    -0.7802    -0.0097   2.799693   2.798713  -0.000962    34.3153    34.3133     7.3747    27.5894    27.5881    34.3173    27.5909    1448.85    1448.80    -0.7703  1028.8203    34.4848 0.0000e+00
      22971 312.471332  -62.21208  -58.32152     -0.687    1448.57    255.000    252.396    -0.7477    -0.7482    -0.0006    -0.7554    -0.7560    -0.0006   2.800977   2.800785  -0.000271    34.3151    34.3121     7.3571    27.5886    27.5862    34.3181    27.5910    1448.90    1448.90    -0.7553  1028.8155    34.4857 0.0000e+00
      22991 312.471342  -62.21208  -58.32152     -1.009    1448.57    254.000    251.407    -0.7267    -0.7248     0.0019    -0.7345    -0.7326     0.0019   2.802712   2.802621  -0.000065    34.3147    34.3117     7.3559    27.5874    27.5849    34.3184    27.5904    1448.98    1448.99    -0.7343  1028.8099    34.4860 0.0000e+00
      23010 312.471351  -62.21207  -58.32151     -1.224    1448.57    253.000    250.418    -0.7192    -0.7177     0.0015    -0.7270    -0.7254     0.0015   2.803144   2.803116  -0.000032    34.3142    34.3121     7.3606    27.5866    27.5849    34.3163    27.5884    1449.00    1449.01    -0.7268  1028.8031    34.4838 0.0000e+00
      23034 312.471363  -62.21206  -58.32150     -1.139    1448.57    252.000    249.432    -0.7186    -0.7177     0.0008    -0.7263    -0.7254     0.0008   2.803134   2.803068  -0.000063    34.3144    34.3126     7.3525    27.5868    27.5853    34.3161    27.5882    1448.99    1448.99    -0.7261  1028.7981    34.4836 0.0000e+00
      23092 312.471390  -62.21206  -58.32148     -0.376    1448.57    251.000    248.438    -0.7164    -0.7179    -0.0015    -0.7241    -0.7256    -0.0015   2.803256   2.803032  -0.000224    34.3145    34.3132     7.3429    27.5868    27.5858    34.3159    27.5879    1448.98    1448.97    -0.7239  1028.7945    34.4851 0.0000e+00
      23138 312.471413  -62.21206 -9.990e-29     -0.536    1448.57    250.000    247.450    -0.7154    -0.7153     0.0002    -0.7231    -0.7229     0.0002   2.803294   2.803202  -0.000093    34.3148    34.3133     7.3448    27.5870    27.5858    34.3160    27.5879    1448.97    1448.97    -0.7229  1028.7902    34.4859 0.0000e+00
      23172 312.471429  -62.21204  -58.32146     -0.698    1448.57    249.000    246.461    -0.7145    -0.7147    -0.0002    -0.7221    -0.7223    -0.0002   2.803284   2.803191  -0.000103    34.3146    34.3135     7.3314    27.5868    27.5859    34.3154    27.5874    1448.95    1448.95    -0.7220  1028.7834    34.4834 0.0000e+00
      23198 312.471442 -9.990e-29  -58.32145     -0.817    1448.57    248.000    245.471    -0.7151    -0.7147     0.0004    -0.7227    -0.7223     0.0004   2.803160   2.803136  -0.000034    34.3144    34.3135     7.3443    27.5866    27.5859    34.3150    27.5871    1448.94    1448.94    -0.7225  1028.7734    34.4767 0.0000e+00
      23219 312.471452 -9.990e-29  -58.32144     -1.016    1448.57    247.000    244.483    -0.7171    -0.7172    -0.0001    -0.7247    -0.7248    -0.0001   2.802754   2.802714  -0.000031    34.3128    34.3125     7.3376    27.5855    27.5852    34.3124    27.5851    1448.91    1448.90    -0.7245  1028.7667    34.4742 0.0000e+00
      23238 312.471461 -9.990e-29  -58.32144     -1.188    1448.57    246.000    243.493    -0.7265    -0.7286    -0.0021    -0.7340    -0.7361    -0.0021   2.801869   2.801579  -0.000268    34.3122    34.3110     7.3401    27.5853    27.5844    34.3117    27.5849    1448.84    1448.83    -0.7338  1028.7618    34.4735 0.0000e+00
      23261 312.471472 -9.990e-29  -58.32142     -1.149    1448.57    245.000    242.504    -0.7313    -0.7298     0.0014    -0.7387    -0.7373     0.0014   2.801445   2.801476  -0.000004    34.3121    34.3103     7.3444    27.5854    27.5840    34.3120    27.5854    1448.81    1448.81    -0.7386  1028.7575    34.4738 0.0000e+00
      23294 312.471488  -62.21202  -58.32140     -0.803    1448.57    244.000    241.515    -0.7301    -0.7239     0.0062    -0.7376    -0.7313     0.0062   2.801473   2.801986   0.000479    34.3119    34.3113     7.3421    27.5853    27.5845    34.3117    27.5851    1448.80    1448.82    -0.7374  1028.7566    34.4786 0.0000e+00
      23330 312.471505  -62.21202  -58.32139     -0.656    1448.57    243.000    240.526    -0.7369    -0.7336     0.0032    -0.7443    -0.7410     0.0032   2.800738   2.800964   0.000231    34.3107    34.3102     7.3657    27.5846    27.5840    34.3100    27.5840    1448.75    1448.76    -0.7441  1028.7512    34.4774 0.0000e+00
      23367 312.471523  -62.21202  -58.32138     -0.674    1448.57    242.000    239.538    -0.7460    -0.7398     0.0062    -0.7534    -0.7471     0.0062   2.799845   2.800352   0.000480    34.3097    34.3091     7.3700    27.5842    27.5834    34.3089    27.5835    1448.68    1448.71    -0.7532  1028.7452    34.4753 0.0000e+00
      23407 312.471542 -9.990e-29  -58.32138     -0.581    1448.57    241.000    238.545    -0.7483    -0.7414     0.0069    -0.7556    -0.7487     0.0069   2.799513   2.800082   0.000586    34.3087    34.3087     7.3805    27.5834    27.5832    34.3077    27.5826    1448.66    1448.69    -0.7554  1028.7356    34.4693 0.0000e+00
      23437 312.471557 -9.990e-29  -58.32137     -0.741    1448.57    240.000    237.558    -0.7541    -0.7532     0.0010    -0.7614    -0.7604     0.0010   2.798885   2.798953   0.000093    34.3069    34.3071     7.3924    27.5822    27.5823    34.3064    27.5817    1448.61    1448.61    -0.7612  1028.7303    34.4681 0.0000e+00
      23464 312.471570 -9.990e-29  -58.32136     -0.876    1448.57    239.000    236.568    -0.7532    -0.7529     0.0003    -0.7605    -0.7602     0.0003   2.798828   2.798817  -0.000016    34.3058    34.3052     7.4005    27.5813    27.5808    34.3052    27.5808    1448.60    1448.60    -0.7603  1028.7245    34.4670 0.0000e+00
      23492 312.471583 -9.990e-29  -58.32135     -0.877    1448.57    238.000    235.580    -0.7555    -0.7531     0.0023    -0.7627    -0.7603     0.0023   2.798595   2.798725   0.000127    34.3058    34.3049     7.4004    27.5814    27.5805    34.3052    27.5809    1448.57    1448.58    -0.7625  1028.7199    34.4670 0.0000e+00
      23520 312.471597 -9.990e-29  -58.32134     -0.847    1448.57    237.000    234.590    -0.7578    -0.7556     0.0021    -0.7649    -0.7628     0.0021   2.798344   2.798449   0.000106    34.3057    34.3048     7.4181    27.5814    27.5805    34.3050    27.5808    1448.54    1448.55    -0.7648  1028.7151    34.4668 0.0000e+00
      23546 312.471609 -9.990e-29  -58.32134     -0.896    1448.57    236.000    233.601    -0.7592    -0.7574     0.0018    -0.7663    -0.7645     0.0018   2.798170   2.798245   0.000091    34.3053    34.3045     7.4214    27.5811    27.5804    34.3049    27.5808    1448.52    1448.53    -0.7661  1028.7103    34.4667 0.0000e+00
      23572 312.471622  -62.21198  -58.32132     -0.918    1448.57    235.000    232.612    -0.7595    -0.7583     0.0012    -0.7666    -0.7653     0.0012   2.798092   2.798129   0.000035    34.3054    34.3045     7.4276    27.5812    27.5804    34.3048    27.5807    1448.50    1448.51    -0.7664  1028.7065    34.4678 0.0000e+00
      23599 312.471635  -62.21198  -58.32132     -0.892    1448.57    234.000    231.622    -0.7612    -0.7598     0.0015    -0.7683    -0.7668     0.0015   2.797921   2.797952   0.000037    34.3055    34.3043     7.4263    27.5813    27.5803    34.3050    27.5810    1448.48    1448.48    -0.7681  1028.7055    34.4724 0.0000e+00
      23624 312.471647  -62.21198  -58.32130     -0.924    1448.57    233.000    230.633    -0.7614    -0.7605     0.0009    -0.7684    -0.7676     0.0009   2.797866   2.797850  -0.000010    34.3055    34.3043     7.4228    27.5813    27.5804    34.3052    27.5811    1448.46    1448.46    -0.7683  1028.7008    34.4725 0.0000e+00
      23647 312.471658  -62.21198  -58.32130     -1.011    1448.57    232.000    229.643    -0.7601    -0.7603    -0.0002    -0.7671    -0.7672    -0.0002   2.797913   2.797822  -0.000083    34.3051    34.3042     7.4372    27.5810    27.5803    34.3049    27.5808    1448.45    1448.45    -0.7669  1028.6958    34.4723 0.0000e+00
      23673 312.471670  -62.21198  -58.32128     -0.999    1448.57    231.000    228.655    -0.7595    -0.7591     0.0004    -0.7665    -0.7661     0.0004   2.797916   2.797866  -0.000050    34.3051    34.3040     7.4339    27.5810    27.5800    34.3049    27.5808    1448.44    1448.44    -0.7663  1028.6909    34.4722 0.0000e+00
      23715 312.471691  -62.21197  -58.32127     -0.601    1448.57    230.000    227.665    -0.7590    -0.7591    -0.0001    -0.7659    -0.7660    -0.0001   2.797906   2.797837  -0.000068    34.3049    34.3041     7.4363    27.5808    27.5801    34.3048    27.5807    1448.42    1448.42    -0.7657  1028.6860    34.4721 0.0000e+00
      23760 312.471713  -62.21196  -58.32126     -0.497    1448.57    229.000    226.676    -0.7584    -0.7577     0.0007    -0.7653    -0.7646     0.0007   2.797914   2.797882  -0.000034    34.3049    34.3037     7.4343    27.5808    27.5798    34.3049    27.5807    1448.41    1448.41    -0.7651  1028.6813    34.4723 0.0000e+00
      23785 312.471725  -62.21196  -58.32126     -0.804    1448.57    228.000    225.687    -0.7567    -0.7563     0.0003    -0.7636    -0.7632     0.0003   2.798025   2.797947  -0.000075    34.3050    34.3036     7.4370    27.5807    27.5796    34.3051    27.5808    1448.40    1448.40    -0.7634  1028.6766    34.4724 0.0000e+00
      23804 312.471734  -62.21196  -58.32126     -1.062    1448.57    227.000    224.697    -0.7576    -0.7563     0.0013    -0.7645    -0.7631     0.0013   2.797834   2.797897   0.000040    34.3047    34.3037     7.4353    27.5805    27.5797    34.3042    27.5801    1448.38    1448.38    -0.7643  1028.6711    34.4715 0.0000e+00
      23822 312.471742  -62.21196  -58.32126     -1.259    1448.57    226.000    223.708    -0.7598    -0.7583     0.0015    -0.7666    -0.7651     0.0015   2.797665   2.797693   0.000063    34.3049    34.3040     7.4368    27.5808    27.5800    34.3049    27.5808    1448.35    1448.36    -0.7664  1028.6671    34.4723 0.0000e+00
      23842 312.471752  -62.21196  -58.32124     -1.310    1448.57    225.000    222.719    -0.7598    -0.7599    -0.0000    -0.7666    -0.7666    -0.0000   2.797621   2.797537  -0.000095    34.3051    34.3039     7.4416    27.5809    27.5799    34.3050    27.5808    1448.34    1448.34    -0.7664  1028.6624    34.4723 0.0000e+00
      23870 312.471765  -62.21195  -58.32123     -1.020    1448.57    224.000    221.729    -0.7554    -0.7567    -0.0013    -0.7622    -0.7634    -0.0013   2.797918   2.797751  -0.000154    34.3044    34.3037     7.4407    27.5802    27.5797    34.3046    27.5804    1448.34    1448.34    -0.7620  1028.6571    34.4719 0.0000e+00
