Pos-Processados/process_op42/Processamento_split/up/uoperantar42_002.cnv
* Sea-Bird SBE 9 Data File:
* FileName = C:\Users\Hidrografia\Desktop\OPXLII\Brutos\OP42002.hdr
* Software Version Seasave V 7.26.7.107
* Temperature SN = 6502
* Conductivity SN = 4998
* Number of Bytes Per Scan = 37
* Number of Voltage Words = 4
* Number of Scans Averaged by the Deck Unit = 1
* NMEA Latitude = 37 53.44 S
* NMEA Longitude = 051 46.15 W
* NMEA UTC (Time) = Oct 16 2023 08:29:02
* NMEA baud rate = 4800
** H41
** NPOALTEMAXIMIANO
** NUMERO DA ESTACAO (XXX) 002
** LAT (XX XX.XX S/N) 37 53.431 S
** LONG (XXX XX.XX W/E) 51 48.140 W
** DATAHORA (dd/mm/aaaa hh:mm Z) 16/10/2023 0828Z
** PROFUNDIDADE (m) 4384
** OPERADOR CT FILIPE LOPES
# nquan = 30
# nvalues = 1010                        
# units = specified
# name 0 = scan: Scan Count
# name 1 = timeJ: Julian Days
# name 2 = latitude: Latitude [deg]
# name 3 = longitude: Longitude [deg]
# name 4 = dz/dtM: Descent Rate [m/s]
# name 5 = avgsvCM: Average Sound Velocity [Chen-Millero, m/s]
# name 6 = prDM: Pressure, Digiquartz [db]
# name 7 = depSM: Depth [salt water, m]
# name 8 = t090C: Temperature [ITS-90, deg C]
# name 9 = t190C: Temperature, 2 [ITS-90, deg C]
# name 10 = T2-T190C: Temperature Difference, 2 - 1 [ITS-90, deg C]
# name 11 = potemp090C: Potential Temperature [ITS-90, deg C]
# name 12 = potemp190C: Potential Temperature, 2 [ITS-90, deg C]
# name 13 = potemp90Cdiff: Potential Temperature, Diff, 2 - 1 [ITS-90, deg C]
# name 14 = c0S/m: Conductivity [S/m]
# name 15 = c1S/m: Conductivity, 2 [S/m]
# name 16 = C2-C1S/m: Conductivity Difference, 2 - 1 [S/m]
# name 17 = sal00: Salinity, Practical [PSU]
# name 18 = sal11: Salinity, Practical, 2 [PSU]
# name 19 = sbeox0ML/L: Oxygen, SBE 43 [ml/l]
# name 20 = sigma-é00: Density [sigma-theta, kg/m^3]
# name 21 = sigma-é11: Density, 2 [sigma-theta, kg/m^3]
# name 22 = sal00: Salinity, Practical [PSU]
# name 23 = sigma-é00: Density [sigma-theta, kg/m^3]
# name 24 = svCM: Sound Velocity [Chen-Millero, m/s]
# name 25 = svCM1: Sound Velocity, 2 [Chen-Millero, m/s]
# name 26 = gsw_ptA0: potential temperature [ITS-90, deg C]
# name 27 = gsw_densityA0: density, TEOS-10 [density, kg/m^3]
# name 28 = gsw_saA0: Absolute Salinity [g/kg]
# name 29 = flag:
# span 0 =      38567,      72823       
# span 1 = 289.372094, 289.388614       
# span 2 =  -37.90592,  -37.89816       
# span 3 =  -51.78457,  -51.77798       
# span 4 =     -1.691,     -0.188       
# span 5 =    1502.92,    1502.92       
# span 6 =      1.000,   1010.000       
# span 7 =      1.002,   1000.010       
# span 8 =     4.6606,    18.1565       
# span 9 =     4.6620,    18.1579       
# span 10 =    -0.1296,     0.0709      
# span 11 =     4.5795,    18.1532      
# span 12 =     4.5810,    18.1546      
# span 13 =    -0.1294,     0.0705      
# span 14 =   3.291275,   4.749448      
# span 15 =   3.291400,   4.749751      
# span 16 =  -0.018331,   0.007334      
# span 17 =    34.1260,    36.2153      
# span 18 =    34.1256,    36.2172      
# span 19 =     4.4826,     6.2401      
# span 20 =    26.0947,    27.0924      
# span 21 =    26.1342,    27.0922      
# span 22 =    34.1265,    36.2155      
# span 23 =    26.1250,    27.0927      
# span 24 =    1482.68,    1518.43      
# span 25 =    1482.68,    1518.44      
# span 26 =     4.5793,    18.1532      
# span 27 =  1026.1334,  1031.7291      
# span 28 =    34.2889,    36.3870      
# span 29 = 0.0000e+00, 0.0000e+00      
# interval = decibars: 1                
# start_time = Oct 16 2023 08:29:02 [NMEA time, header]
# bad_flag = -9.990e-29
*END*
[from data line 774]
      59676 289.382274  -37.90262  -51.78241     -0.941    1502.92    236.000    234.102    16.4182    16.4196     0.0014    16.3799    16.3813     0.0014   4.548835   4.549154   0.000312    35.9419    35.9434     5.2053    26.3842    26.3851    35.9421    26.3844    1516.07    1516.08    16.3799  1027.4182    36.1118 0.0000e+00
      59693 289.382282  -37.90262 -9.990e-29     -1.228    1502.92    235.000    233.111    16.4185    16.4208     0.0023    16.3804    16.3827     0.0023   4.548827   4.549277   0.000411    35.9420    35.9435     5.2140    26.3842    26.3848    35.9422    26.3843    1516.06    1516.07    16.3804  1027.4137    36.1119 0.0000e+00
      59710 289.382290  -37.90263 -9.990e-29     -1.396    1502.92    234.000    232.120    16.4211    16.4238     0.0026    16.3831    16.3858     0.0026   4.549161   4.549538   0.000403    35.9426    35.9438     5.2194    26.3840    26.3843    35.9432    26.3845    1516.05    1516.06    16.3831  1027.4095    36.1129 0.0000e+00
      59737 289.382303  -37.90265 -9.990e-29     -1.128    1502.92    233.000    231.134    16.4226    16.4235     0.0009    16.3847    16.3857     0.0009   4.549134   4.549377   0.000249    35.9419    35.9433     5.2222    26.3831    26.3840    35.9420    26.3832    1516.04    1516.04    16.3847  1027.4039    36.1118 0.0000e+00
      59786 289.382327  -37.90266  -51.78242     -0.394    1502.92    232.000    230.129    16.4175    16.4187     0.0012    16.3798    16.3810     0.0012   4.548222   4.548547   0.000312    35.9391    35.9407     5.2362    26.3821    26.3830    35.9389    26.3820    1516.00    1516.01    16.3798  1027.3984    36.1087 0.0000e+00
      59811 289.382339  -37.90266  -51.78244     -0.716    1502.92    231.000    229.145    16.4172    16.4193     0.0021    16.3797    16.3818     0.0021   4.548169   4.548651   0.000477    35.9394    35.9418     5.2195    26.3824    26.3837    35.9391    26.3821    1515.98    1515.99    16.3797  1027.3942    36.1089 0.0000e+00
      59828 289.382347  -37.90267  -51.78244     -1.076    1502.92    230.000    228.154    16.4121    16.4130     0.0009    16.3747    16.3757     0.0009   4.547346   4.547636   0.000325    35.9374    35.9395     5.2106    26.3820    26.3834    35.9368    26.3815    1515.95    1515.95    16.3748  1027.3892    36.1066 0.0000e+00
      59845 289.382355  -37.90268  -51.78244     -1.355    1502.92    229.000    227.162    16.4105    16.4097    -0.0008    16.3733    16.3725    -0.0008   4.547128   4.547109   0.000030    35.9370    35.9380     5.2042    26.3820    26.3830    35.9367    26.3818    1515.93    1515.93    16.3733  1027.3851    36.1065 0.0000e+00
      59863 289.382364  -37.90268  -51.78244     -1.437    1502.92    228.000    226.171    16.4073    16.4065    -0.0008    16.3703    16.3695    -0.0008   4.546502   4.546624   0.000077    35.9352    35.9366     5.2053    26.3813    26.3826    35.9344    26.3807    1515.90    1515.90    16.3703  1027.3800    36.1045 0.0000e+00
      59892 289.382378 -9.990e-29  -51.78244     -1.024    1502.92    227.000    225.180    16.4022    16.4029     0.0007    16.3654    16.3660     0.0007   4.545705   4.545933   0.000224    35.9332    35.9346     5.2012    26.3810    26.3819    35.9323    26.3803    1515.86    1515.87    16.3654  1027.3759    36.1033 0.0000e+00
      59931 289.382397 -9.990e-29  -51.78244     -0.587    1502.92    226.000    224.188    16.3946    16.3968     0.0022    16.3579    16.3601     0.0022   4.544533   4.544950   0.000422    35.9295    35.9312     5.1818    26.3798    26.3807    35.9292    26.3796    1515.82    1515.83    16.3580  1027.3709    36.1001 0.0000e+00
      59956 289.382409 -9.990e-29  -51.78244     -0.792    1502.92    225.000    223.197    16.3956    16.3983     0.0027    16.3591    16.3618     0.0027   4.544642   4.545155   0.000506    35.9301    35.9322     5.1864    26.3801    26.3810    35.9296    26.3797    1515.81    1515.82    16.3592  1027.3666    36.1005 0.0000e+00
      59975 289.382418  -37.90270  -51.78244     -1.065    1502.92    224.000    222.206    16.3942    16.3950     0.0008    16.3579    16.3586     0.0008   4.544253   4.544540   0.000300    35.9283    35.9303     5.1761    26.3790    26.3803    35.9278    26.3786    1515.79    1515.79    16.3579  1027.3604    36.0977 0.0000e+00
      59995 289.382428  -37.90270  -51.78245     -1.235    1502.92    223.000    221.213    16.3964    16.3964     0.0001    16.3602    16.3603     0.0001   4.544465   4.544600   0.000131    35.9283    35.9294     5.1740    26.3784    26.3792    35.9282    26.3783    1515.77    1515.78    16.3602  1027.3556    36.0979 0.0000e+00
      60039 289.382449  -37.90272  -51.78246     -0.657    1502.92    222.000    220.226    16.4035    16.4050     0.0015    16.3675    16.3690     0.0015   4.544990   4.545316   0.000316    35.9268    35.9283     5.1630    26.3756    26.3764    35.9268    26.3755    1515.78    1515.78    16.3675  1027.3485    36.0965 0.0000e+00
      60091 289.382474  -37.90274  -51.78247     -0.407    1502.92    221.000    219.231    16.4022    16.4034     0.0011    16.3664    16.3675     0.0011   4.544584   4.544851   0.000275    35.9248    35.9262     5.1316    26.3742    26.3751    35.9248    26.3742    1515.76    1515.76    16.3664  1027.3428    36.0945 0.0000e+00
      60111 289.382484  -37.90274  -51.78248     -0.847    1502.92    220.000    218.239    16.4023    16.4029     0.0005    16.3667    16.3672     0.0005   4.544425   4.544700   0.000276    35.9245    35.9265     5.1425    26.3739    26.3754    35.9236    26.3733    1515.74    1515.74    16.3667  1027.3375    36.0933 0.0000e+00
      60126 289.382491  -37.90276  -51.78248     -1.209    1502.92    219.000    217.248    16.3961    16.3985     0.0024    16.3605    16.3630     0.0024   4.543213   4.543784   0.000544    35.9206    35.9233     5.1551    26.3724    26.3739    35.9189    26.3711    1515.70    1515.71    16.3606  1027.3310    36.0886 0.0000e+00
      60139 289.382497  -37.90276  -51.78248     -1.502    1502.92    218.000    216.256    16.3879    16.3890     0.0011    16.3525    16.3536     0.0011   4.541867   4.542322   0.000441    35.9165    35.9195     5.1534    26.3711    26.3731    35.9148    26.3698    1515.65    1515.66    16.3526  1027.3254    36.0844 0.0000e+00
      60154 289.382504  -37.90276  -51.78248     -1.673    1502.92    217.000    215.265    16.3817    16.3844     0.0026    16.3465    16.3492     0.0026   4.541016   4.541591   0.000572    35.9144    35.9171     5.1502    26.3708    26.3723    35.9132    26.3699    1515.61    1515.63    16.3466  1027.3212    36.0828 0.0000e+00
      60173 289.382514  -37.90276  -51.78248     -1.539    1502.92    216.000    214.274    16.3790    16.3815     0.0025    16.3440    16.3465     0.0025   4.540653   4.541165   0.000523    35.9133    35.9156     5.1503    26.3706    26.3719    35.9128    26.3703    1515.59    1515.60    16.3440  1027.3172    36.0825 0.0000e+00
      60215 289.382534  -37.90278  -51.78250     -0.671    1502.92    215.000    213.282    16.3817    16.3828     0.0011    16.3469    16.3480     0.0010   4.540937   4.541216   0.000283    35.9135    35.9151     5.1343    26.3701    26.3711    35.9132    26.3699    1515.58    1515.59    16.3469  1027.3125    36.0829 0.0000e+00
      60260 289.382555  -37.90278  -51.78248     -0.514    1502.92    214.000    212.291    16.3820    16.3833     0.0013    16.3473    16.3486     0.0013   4.540922   4.541223   0.000299    35.9136    35.9150     5.1284    26.3701    26.3709    35.9133    26.3699    1515.56    1515.57    16.3473  1027.3081    36.0830 0.0000e+00
      60287 289.382568  -37.90278  -51.78249     -0.793    1502.92    213.000    211.299    16.3820    16.3833     0.0012    16.3475    16.3487     0.0012   4.540900   4.541197   0.000296    35.9136    35.9152     5.1353    26.3701    26.3709    35.9134    26.3699    1515.55    1515.55    16.3475  1027.3038    36.0831 0.0000e+00
      60312 289.382581  -37.90278  -51.78250     -0.934    1502.92    212.000    210.308    16.3784    16.3749    -0.0035    16.3441    16.3406    -0.0035   4.540220   4.539820  -0.000307    35.9121    35.9125     5.1439    26.3697    26.3708    35.9111    26.3689    1515.52    1515.51    16.3441  1027.2984    36.0807 0.0000e+00
      60341 289.382595  -37.90280  -51.78250     -0.868    1502.92    211.000    209.316    16.3624    16.3576    -0.0049    16.3283    16.3234    -0.0049   4.537922   4.537494  -0.000459    35.9074    35.9077     5.1480    26.3698    26.3711    35.9055    26.3683    1515.45    1515.43    16.3283  1027.2935    36.0751 0.0000e+00
      60371 289.382609  -37.90280  -51.78252     -0.798    1502.92    210.000    208.324    16.3516    16.3499    -0.0017    16.3176    16.3159    -0.0017   4.536523   4.536392  -0.000122    35.9044    35.9048     5.1428    26.3700    26.3707    35.9032    26.3690    1515.40    1515.39    16.3176  1027.2899    36.0728 0.0000e+00
      60396 289.382621  -37.90282 -9.990e-29     -0.873    1502.92    209.000    207.333    16.3465    16.3477     0.0011    16.3127    16.3138     0.0011   4.535722   4.536111   0.000330    35.9023    35.9042     5.1322    26.3695    26.3707    35.9010    26.3685    1515.36    1515.37    16.3127  1027.2850    36.0706 0.0000e+00
      60416 289.382631  -37.90282 -9.990e-29     -1.061    1502.92    208.000    206.342    16.3431    16.3441     0.0011    16.3094    16.3104     0.0011   4.535282   4.535587   0.000318    35.9016    35.9035     5.1198    26.3697    26.3709    35.9007    26.3690    1515.33    1515.34    16.3094  1027.2812    36.0702 0.0000e+00
      60433 289.382639  -37.90284 -9.990e-29     -1.248    1502.92    207.000    205.350    16.3431    16.3438     0.0007    16.3096    16.3103     0.0007   4.535281   4.535519   0.000236    35.9017    35.9032     5.1140    26.3698    26.3707    35.9010    26.3692    1515.32    1515.32    16.3096  1027.2771    36.0705 0.0000e+00
      60449 289.382647  -37.90284 -9.990e-29     -1.390    1502.92    206.000    204.358    16.3406    16.3431     0.0025    16.3073    16.3098     0.0025   4.534814   4.535374   0.000522    35.9007    35.9031     5.1164    26.3695    26.3708    35.8994    26.3686    1515.29    1515.30    16.3074  1027.2720    36.0690 0.0000e+00
      60468 289.382656  -37.90284  -51.78254     -1.395    1502.92    205.000    203.367    16.3372    16.3405     0.0033    16.3040    16.3074     0.0033   4.534187   4.534991   0.000745    35.8990    35.9026     5.1174    26.3689    26.3709    35.8974    26.3677    1515.26    1515.28    16.3040  1027.2669    36.0670 0.0000e+00
      60496 289.382669  -37.90284  -51.78254     -1.061    1502.92    204.000    202.379    16.3213    16.3224     0.0011    16.2884    16.2895     0.0011   4.532058   4.532174   0.000248    35.8957    35.8969     5.1142    26.3701    26.3708    35.8932    26.3681    1515.19    1515.19    16.2884  1027.2631    36.0627 0.0000e+00
      60553 289.382697  -37.90284  -51.78254     -0.391    1502.92    203.000    201.383    16.2590    16.2617     0.0027    16.2263    16.2290     0.0027   4.522276   4.523368   0.000972    35.8686    35.8748     5.1023    26.3637    26.3678    35.8628    26.3592    1514.95    1514.97    16.2263  1027.2501    36.0322 0.0000e+00
      60600 289.382719  -37.90285  -51.78254     -0.493    1502.92    202.000    200.392    16.1981    16.2014     0.0034    16.1656    16.1690     0.0033   4.513516   4.513862   0.000714    35.8431    35.8464     5.0522    26.3582    26.3599    35.8401    26.3558    1514.72    1514.73    16.1656  1027.2426    36.0094 0.0000e+00
      60619 289.382729  -37.90286  -51.78255     -0.898    1502.92    201.000    199.401    16.1900    16.1733    -0.0167    16.1578    16.1411    -0.0167   4.512549   4.509918  -0.002636    35.8448    35.8363     5.0236    26.3612    26.3586    35.8391    26.3569    1514.68    1514.62    16.1578  1027.2393    36.0085 0.0000e+00
      60633 289.382735  -37.90286  -51.78256     -1.250    1502.92    200.000    198.409    16.1645    16.1582    -0.0063    16.1324    16.1261    -0.0063   4.507237   4.507472  -0.000273    35.8276    35.8308     5.0093    26.3539    26.3579    35.8152    26.3444    1514.56    1514.55    16.1325  1027.2226    35.9844 0.0000e+00
      60647 289.382742  -37.90288  -51.78256     -1.535    1502.92    199.000    197.417    16.1081    16.1283     0.0201    16.0763    16.0964     0.0201   4.499523   4.503497   0.003560    35.8073    35.8209     5.0024    26.3513    26.3571    35.7976    26.3438    1514.35    1514.43    16.0763  1027.2179    35.9667 0.0000e+00
      60663 289.382750  -37.90289  -51.78257     -1.658    1502.92    198.000    196.426    16.0836    16.0990     0.0154    16.0520    16.0674     0.0153   4.496608   4.499037   0.002725    35.8001    35.8105     4.9873    26.3513    26.3558    35.7941    26.3467    1514.25    1514.31    16.0520  1027.2165    35.9632 0.0000e+00
      60699 289.382767  -37.90290  -51.78258     -0.939    1502.92    197.000    195.434    16.0757    16.0728    -0.0029    16.0442    16.0413    -0.0029   4.495783   4.495362  -0.000355    35.7993    35.7988     4.9207    26.3525    26.3528    35.7943    26.3486    1514.21    1514.20    16.0442  1027.2141    35.9634 0.0000e+00
      60754 289.382794  -37.90290  -51.78258     -0.353    1502.92    196.000    194.443    16.0503    16.0480    -0.0022    16.0190    16.0167    -0.0022   4.492090   4.491948  -0.000117    35.7878    35.7888     4.8785    26.3495    26.3507    35.7847    26.3471    1514.10    1514.10    16.0190  1027.2082    35.9537 0.0000e+00
      60775 289.382804  -37.90290  -51.78258     -0.818    1502.92    195.000    193.451    16.0481    16.0474    -0.0008    16.0170    16.0163    -0.0008   4.491501   4.491694   0.000151    35.7861    35.7881     4.8749    26.3486    26.3503    35.7817    26.3452    1514.08    1514.08    16.0170  1027.2021    35.9507 0.0000e+00
      60792 289.382812  -37.90292  -51.78258     -1.158    1502.92    194.000    192.460    16.0400    16.0401     0.0001    16.0090    16.0092     0.0001   4.490414   4.490578   0.000169    35.7830    35.7843     4.8652    26.3481    26.3491    35.7797    26.3456    1514.03    1514.03    16.0091  1027.1980    35.9487 0.0000e+00
      60812 289.382822  -37.90292  -51.78258     -1.303    1502.92    193.000    191.468    16.0439    16.0504     0.0065    16.0131    16.0196     0.0065   4.490906   4.491755   0.000786    35.7831    35.7842     4.8634    26.3472    26.3466    35.7810    26.3456    1514.03    1514.05    16.0131  1027.1937    35.9501 0.0000e+00
      60874 289.382852  -37.90294  -51.78259     -0.298    1502.92    192.000    190.476    16.1035    16.1145     0.0110    16.0728    16.0838     0.0110   4.497473   4.499059   0.001489    35.7856    35.7890     4.8389    26.3354    26.3355    35.7863    26.3359    1514.20    1514.24    16.0728  1027.1794    35.9553 0.0000e+00
      60908 289.382868  -37.90294 -9.990e-29     -0.618    1502.92    191.000    189.485    16.1291    16.1392     0.0101    16.0985    16.1086     0.0101   4.500846   4.501968   0.000979    35.7917    35.7914     4.8325    26.3341    26.3315    35.7937    26.3357    1514.27    1514.31    16.0985  1027.1747    35.9627 0.0000e+00
      60924 289.382876  -37.90294 -9.990e-29     -1.106    1502.92    190.000    188.493    16.1570    16.1786     0.0216    16.1266    16.1481     0.0216   4.505369   4.507232   0.002021    35.7995    35.7981     4.8256    26.3337    26.3276    35.8093    26.3412    1514.36    1514.42    16.1266  1027.1757    35.9784 0.0000e+00
