Pos-Processados/process_op42/Processamento_split/up/uoperantar42_027.cnv
* Sea-Bird SBE 9 Data File:
* FileName = C:\Users\Hidrografia\Desktop\OPXLII\Brutos\OP42027.hdr
* Software Version Seasave V 7.26.7.107
* Temperature SN = 6502
* Conductivity SN = 4998
* Number of Bytes Per Scan = 37
* Number of Voltage Words = 4
* Number of Scans Averaged by the Deck Unit = 1
* NMEA Latitude = 62 16.55 S
* NMEA Longitude = 058 26.39 W
* NMEA UTC (Time) = Nov 08 2023 19:38:30
* NMEA baud rate = 4800
** H41
** NPOALTEMAXIMIANO
** NUMERO DA ESTACAO (XXX) 027
** LAT (XX XX.XX S/N) 62  16.401 S
** LONG (XXX XX.XX W/E) 058  26.553 W
** DATAHORA (dd/mm/aaaa hh:mm Z) 08/11/2023 1937Z
** PROFUNDIDADE (m) 159
** OPERADOR CT FILIPE LOPES
# nquan = 30
# nvalues = 188                         
# units = specified
# name 0 = scan: Scan Count
# name 1 = timeJ: Julian Days
# name 2 = latitude: Latitude [deg]
# name 3 = longitude: Longitude [deg]
# name 4 = dz/dtM: Descent Rate [m/s]
# name 5 = avgsvCM: Average Sound Velocity [Chen-Millero, m/s]
# name 6 = prDM: Pressure, Digiquartz [db]
# name 7 = depSM: Depth [salt water, m]
# name 8 = t090C: Temperature [ITS-90, deg C]
# name 9 = t190C: Temperature, 2 [ITS-90, deg C]
# name 10 = T2-T190C: Temperature Difference, 2 - 1 [ITS-90, deg C]
# name 11 = potemp090C: Potential Temperature [ITS-90, deg C]
# name 12 = potemp190C: Potential Temperature, 2 [ITS-90, deg C]
# name 13 = potemp90Cdiff: Potential Temperature, Diff, 2 - 1 [ITS-90, deg C]
# name 14 = c0S/m: Conductivity [S/m]
# name 15 = c1S/m: Conductivity, 2 [S/m]
# name 16 = C2-C1S/m: Conductivity Difference, 2 - 1 [S/m]
# name 17 = sal00: Salinity, Practical [PSU]
# name 18 = sal11: Salinity, Practical, 2 [PSU]
# name 19 = sbeox0ML/L: Oxygen, SBE 43 [ml/l]
# name 20 = sigma-é00: Density [sigma-theta, kg/m^3]
# name 21 = sigma-é11: Density, 2 [sigma-theta, kg/m^3]
# name 22 = sal00: Salinity, Practical [PSU]
# name 23 = sigma-é00: Density [sigma-theta, kg/m^3]
# name 24 = svCM: Sound Velocity [Chen-Millero, m/s]
# name 25 = svCM1: Sound Velocity, 2 [Chen-Millero, m/s]
# name 26 = gsw_ptA0: potential temperature [ITS-90, deg C]
# name 27 = gsw_densityA0: density, TEOS-10 [density, kg/m^3]
# name 28 = gsw_saA0: Absolute Salinity [g/kg]
# name 29 = flag:
# span 0 =      12964,      21947       
# span 1 = 312.824654, 312.828986       
# span 2 =  -62.27984,  -62.27822       
# span 3 =  -58.43587,  -58.43352       
# span 4 =     -1.155,     -0.207       
# span 5 =    1447.02,    1447.02       
# span 6 =      3.000,    190.000       
# span 7 =      2.986,    188.092       
# span 8 =    -0.6903,    -0.4884       
# span 9 =    -0.6893,    -0.4872       
# span 10 =    -0.0118,     0.0121      
# span 11 =    -0.6930,    -0.4885      
# span 12 =    -0.6921,    -0.4874      
# span 13 =    -0.0118,     0.0121      
# span 14 =   2.799041,   2.817251      
# span 15 =   2.799019,   2.817237      
# span 16 =  -0.001008,   0.001037      
# span 17 =    34.2945,    34.3577      
# span 18 =    34.2922,    34.3565      
# span 19 =     7.1256,     7.4916      
# span 20 =    27.5607,    27.6147      
# span 21 =    27.5589,    27.6136      
# span 22 =    34.2954,    34.3577      
# span 23 =    27.5612,    27.6146      
# span 24 =    1445.98,    1448.80      
# span 25 =    1445.99,    1448.80      
# span 26 =    -0.6929,    -0.4885      
# span 27 =  1027.5801,  1028.5272      
# span 28 =    34.4571,    34.5251      
# span 29 = 0.0000e+00, 0.0000e+00      
# interval = decibars: 1                
# start_time = Nov 08 2023 19:38:30 [NMEA time, header]
# bad_flag = -9.990e-29
*END*
      12964 312.824654  -62.27822  -58.43587     -0.236    1447.02    190.000    188.092    -0.5554    -0.5547     0.0007    -0.5614    -0.5607     0.0007   2.817074   2.817044  -0.000029    34.3572    34.3560     7.1678    27.6143    27.6134    34.3572    27.6144    1448.80    1448.80    -0.5613  1028.5272    34.5245 0.0000e+00
      13366 312.824848  -62.27830  -58.43576     -0.207    1447.02    189.000    187.095    -0.5531    -0.5523     0.0008    -0.5591    -0.5583     0.0008   2.817251   2.817237  -0.000020    34.3577    34.3565     7.1684    27.6147    27.6136    34.3577    27.6146    1448.79    1448.79    -0.5590  1028.5228    34.5251 0.0000e+00
      13405 312.824867  -62.27830  -58.43574     -0.390    1447.02    188.000    186.110    -0.5540    -0.5530     0.0010    -0.5599    -0.5589     0.0010   2.817107   2.817122   0.000016    34.3573    34.3564     7.1645    27.6144    27.6136    34.3573    27.6144    1448.77    1448.77    -0.5598  1028.5178    34.5247 0.0000e+00
      13451 312.824889  -62.27832  -58.43574     -0.514    1447.02    187.000    185.120    -0.5549    -0.5535     0.0014    -0.5608    -0.5594     0.0014   2.816975   2.817027   0.000048    34.3573    34.3563     7.1651    27.6144    27.6136    34.3571    27.6143    1448.75    1448.75    -0.5607  1028.5129    34.5245 0.0000e+00
      13487 312.824907  -62.27832  -58.43572     -0.652    1447.02    186.000    184.130    -0.5561    -0.5550     0.0011    -0.5620    -0.5609     0.0011   2.816820   2.816838   0.000020    34.3572    34.3562     7.1618    27.6144    27.6135    34.3571    27.6143    1448.73    1448.73    -0.5619  1028.5082    34.5245 0.0000e+00
      13551 312.824937  -62.27833  -58.43570     -0.363    1447.02    185.000    183.143    -0.5573    -0.5557     0.0016    -0.5632    -0.5616     0.0016   2.816641   2.816723   0.000082    34.3569    34.3561     7.1733    27.6142    27.6135    34.3566    27.6140    1448.70    1448.71    -0.5630  1028.5031    34.5240 0.0000e+00
      13621 312.824971  -62.27834  -58.43569     -0.406    1447.02    184.000    182.151    -0.5600    -0.5575     0.0025    -0.5658    -0.5633     0.0025   2.816336   2.816485   0.000141    34.3563    34.3553     7.1805    27.6138    27.6129    34.3562    27.6137    1448.67    1448.68    -0.5657  1028.4981    34.5236 0.0000e+00
      13654 312.824987  -62.27834  -58.43566     -0.688    1447.02    183.000    181.162    -0.5620    -0.5617     0.0003    -0.5678    -0.5675     0.0003   2.816098   2.816020  -0.000057    34.3559    34.3548     7.1830    27.6136    27.6126    34.3558    27.6135    1448.65    1448.65    -0.5676  1028.4926    34.5224 0.0000e+00
      13694 312.825006 -9.990e-29  -58.43566     -0.630    1447.02    182.000    180.172    -0.5578    -0.5601    -0.0022    -0.5635    -0.5658    -0.0022   2.816443   2.816153  -0.000284    34.3563    34.3550     7.1962    27.6137    27.6128    34.3563    27.6137    1448.65    1448.64    -0.5634  1028.4845    34.5185 0.0000e+00
      13752 312.825034  -62.27836  -58.43566     -0.382    1447.02    181.000    179.183    -0.5550    -0.5564    -0.0014    -0.5608    -0.5621    -0.0014   2.816680   2.816454  -0.000223    34.3568    34.3554     7.1939    27.6140    27.6129    34.3570    27.6142    1448.65    1448.64    -0.5606  1028.4808    34.5201 0.0000e+00
      13796 312.825055  -62.27837  -58.43564     -0.543    1447.02    180.000    178.193    -0.5555    -0.5547     0.0007    -0.5612    -0.5604     0.0007   2.816597   2.816579  -0.000025    34.3571    34.3559     7.1796    27.6142    27.6132    34.3570    27.6142    1448.63    1448.63    -0.5610  1028.4796    34.5245 0.0000e+00
      13830 312.825072  -62.27838  -58.43562     -0.689    1447.02    179.000    177.204    -0.5562    -0.5553     0.0009    -0.5618    -0.5609     0.0009   2.816483   2.816486  -0.000006    34.3570    34.3560     7.1789    27.6142    27.6133    34.3569    27.6141    1448.61    1448.61    -0.5617  1028.4747    34.5242 0.0000e+00
      13864 312.825088  -62.27838  -58.43561     -0.713    1447.02    178.000    176.214    -0.5571    -0.5562     0.0009    -0.5627    -0.5618     0.0009   2.816379   2.816366  -0.000011    34.3572    34.3560     7.1879    27.6144    27.6134    34.3571    27.6143    1448.59    1448.59    -0.5626  1028.4701    34.5245 0.0000e+00
      13911 312.825111  -62.27838  -58.43560     -0.525    1447.02    177.000    175.225    -0.5585    -0.5561     0.0024    -0.5641    -0.5617     0.0024   2.816152   2.816324   0.000155    34.3566    34.3559     7.1904    27.6140    27.6133    34.3563    27.6137    1448.57    1448.58    -0.5640  1028.4648    34.5237 0.0000e+00
      13960 312.825135  -62.27840  -58.43558     -0.469    1447.02    176.000    174.235    -0.5632    -0.5604     0.0028    -0.5687    -0.5659     0.0028   2.815657   2.815843   0.000200    34.3559    34.3554     7.1851    27.6136    27.6131    34.3555    27.6133    1448.53    1448.54    -0.5686  1028.4596    34.5229 0.0000e+00
      13990 312.825149  -62.27840  -58.43558     -0.712    1447.02    175.000    173.246    -0.5698    -0.5667     0.0031    -0.5753    -0.5722     0.0031   2.814869   2.815118   0.000246    34.3542    34.3540     7.1873    27.6125    27.6122    34.3531    27.6116    1448.48    1448.49    -0.5752  1028.4532    34.5204 0.0000e+00
      14014 312.825161  -62.27840  -58.43556     -0.933    1447.02    174.000    172.256    -0.5737    -0.5740    -0.0003    -0.5791    -0.5794    -0.0003   2.814536   2.814410  -0.000108    34.3541    34.3530     7.1836    27.6126    27.6117    34.3536    27.6122    1448.44    1448.44    -0.5790  1028.4490    34.5209 0.0000e+00
      14038 312.825172  -62.27842  -58.43556     -1.005    1447.02    173.000    171.267    -0.5732    -0.5730     0.0003    -0.5787    -0.5784     0.0003   2.814540   2.814464  -0.000078    34.3542    34.3528     7.1887    27.6126    27.6115    34.3538    27.6123    1448.43    1448.43    -0.5785  1028.4444    34.5211 0.0000e+00
      14062 312.825184  -62.27842  -58.43556     -0.991    1447.02    172.000    170.277    -0.5731    -0.5724     0.0006    -0.5784    -0.5778     0.0006   2.814503   2.814473  -0.000030    34.3540    34.3529     7.2016    27.6125    27.6116    34.3537    27.6122    1448.41    1448.42    -0.5784  1028.4395    34.5210 0.0000e+00
      14087 312.825196  -62.27842  -58.43554     -0.991    1447.02    171.000    169.288    -0.5732    -0.5722     0.0010    -0.5786    -0.5776     0.0010   2.814442   2.814447   0.000004    34.3540    34.3529     7.1965    27.6125    27.6116    34.3537    27.6122    1448.40    1448.40    -0.5784  1028.4348    34.5210 0.0000e+00
      14115 312.825209  -62.27842  -58.43554     -0.915    1447.02    170.000    168.298    -0.5734    -0.5725     0.0009    -0.5787    -0.5778     0.0009   2.814378   2.814374  -0.000010    34.3540    34.3529     7.2172    27.6125    27.6115    34.3536    27.6122    1448.38    1448.38    -0.5786  1028.4299    34.5209 0.0000e+00
      14148 312.825225  -62.27844  -58.43552     -0.759    1447.02    169.000    167.308    -0.5744    -0.5724     0.0020    -0.5797    -0.5777     0.0020   2.814244   2.814347   0.000096    34.3538    34.3529     7.2164    27.6124    27.6116    34.3535    27.6122    1448.36    1448.37    -0.5796  1028.4251    34.5208 0.0000e+00
      14187 312.825244  -62.27844  -58.43552     -0.613    1447.02    168.000    166.319    -0.5751    -0.5728     0.0023    -0.5804    -0.5781     0.0023   2.814093   2.814253   0.000161    34.3533    34.3528     7.2234    27.6120    27.6115    34.3530    27.6118    1448.34    1448.35    -0.5802  1028.4200    34.5203 0.0000e+00
      14222 312.825261  -62.27844  -58.43550     -0.668    1447.02    167.000    165.329    -0.5785    -0.5769     0.0015    -0.5837    -0.5821     0.0015   2.813727   2.813798   0.000073    34.3529    34.3522     7.2122    27.6119    27.6112    34.3524    27.6115    1448.30    1448.31    -0.5836  1028.4149    34.5197 0.0000e+00
      14251 312.825275  -62.27845  -58.43549     -0.794    1447.02    166.000    164.340    -0.5813    -0.5792     0.0022    -0.5865    -0.5843     0.0022   2.813372   2.813537   0.000157    34.3521    34.3518     7.2127    27.6114    27.6110    34.3515    27.6108    1448.27    1448.29    -0.5864  1028.4095    34.5188 0.0000e+00
      14279 312.825289  -62.27846  -58.43548     -0.834    1447.02    165.000    163.350    -0.5825    -0.5812     0.0013    -0.5876    -0.5863     0.0013   2.813262   2.813296   0.000043    34.3522    34.3513     7.2095    27.6115    27.6107    34.3519    27.6112    1448.26    1448.26    -0.5875  1028.4051    34.5192 0.0000e+00
      14311 312.825304  -62.27846  -58.43548     -0.797    1447.02    164.000    162.360    -0.5826    -0.5815     0.0011    -0.5877    -0.5866     0.0011   2.813199   2.813219   0.000027    34.3521    34.3513     7.2222    27.6114    27.6107    34.3518    27.6112    1448.24    1448.24    -0.5876  1028.4003    34.5191 0.0000e+00
      14341 312.825318  -62.27846  -58.43547     -0.767    1447.02    163.000    161.371    -0.5820    -0.5814     0.0006    -0.5870    -0.5865     0.0006   2.813228   2.813182  -0.000041    34.3523    34.3511     7.2169    27.6115    27.6105    34.3521    27.6114    1448.22    1448.23    -0.5870  1028.3958    34.5194 0.0000e+00
      14367 312.825331  -62.27846  -58.43546     -0.867    1447.02    162.000    160.381    -0.5803    -0.5802     0.0000    -0.5853    -0.5853     0.0000   2.813332   2.813255  -0.000074    34.3523    34.3512     7.2292    27.6114    27.6105    34.3523    27.6114    1448.22    1448.22    -0.5852  1028.3910    34.5195 0.0000e+00
      14392 312.825343  -62.27847  -58.43545     -0.946    1447.02    161.000    159.391    -0.5804    -0.5797     0.0006    -0.5853    -0.5847     0.0006   2.813282   2.813272  -0.000024    34.3525    34.3515     7.2243    27.6116    27.6107    34.3523    27.6114    1448.20    1448.20    -0.5853  1028.3862    34.5195 0.0000e+00
      14422 312.825358  -62.27848  -58.43544     -0.855    1447.02    160.000    158.402    -0.5825    -0.5799     0.0026    -0.5875    -0.5849     0.0026   2.813044   2.813202   0.000153    34.3524    34.3514     7.2307    27.6116    27.6107    34.3521    27.6114    1448.17    1448.18    -0.5874  1028.3814    34.5193 0.0000e+00
      14460 312.825376  -62.27848  -58.43542     -0.662    1447.02    159.000    157.412    -0.5834    -0.5808     0.0026    -0.5883    -0.5857     0.0026   2.812892   2.813063   0.000171    34.3519    34.3513     7.2224    27.6113    27.6106    34.3516    27.6110    1448.15    1448.16    -0.5882  1028.3763    34.5189 0.0000e+00
      14496 312.825393  -62.27850  -58.43542     -0.628    1447.02    158.000    156.422    -0.5860    -0.5846     0.0014    -0.5909    -0.5895     0.0014   2.812591   2.812644   0.000057    34.3515    34.3507     7.2234    27.6111    27.6104    34.3511    27.6107    1448.12    1448.13    -0.5908  1028.3713    34.5184 0.0000e+00
      14523 312.825406  -62.27850  -58.43540     -0.819    1447.02    157.000    155.433    -0.5876    -0.5863     0.0013    -0.5925    -0.5912     0.0013   2.812371   2.812417   0.000048    34.3511    34.3503     7.2143    27.6108    27.6101    34.3506    27.6104    1448.10    1448.10    -0.5924  1028.3662    34.5179 0.0000e+00
      14547 312.825418  -62.27850  -58.43540     -0.965    1447.02    156.000    154.443    -0.5886    -0.5875     0.0011    -0.5935    -0.5923     0.0011   2.812233   2.812255   0.000020    34.3509    34.3499     7.2220    27.6107    27.6098    34.3506    27.6104    1448.08    1448.08    -0.5933  1028.3614    34.5178 0.0000e+00
      14573 312.825430  -62.27850  -58.43538     -0.959    1447.02    155.000    153.454    -0.5897    -0.5879     0.0018    -0.5945    -0.5927     0.0018   2.812091   2.812173   0.000075    34.3509    34.3499     7.2297    27.6107    27.6099    34.3505    27.6104    1448.06    1448.06    -0.5944  1028.3566    34.5177 0.0000e+00
      14601 312.825444  -62.27850  -58.43538     -0.873    1447.02    154.000    152.464    -0.5924    -0.5903     0.0021    -0.5972    -0.5951     0.0021   2.811765   2.811889   0.000124    34.3503    34.3496     7.2184    27.6103    27.6097    34.3498    27.6099    1448.03    1448.03    -0.5971  1028.3514    34.5170 0.0000e+00
      14631 312.825458  -62.27851  -58.43538     -0.821    1447.02    153.000    151.474    -0.5940    -0.5923     0.0017    -0.5988    -0.5971     0.0017   2.811568   2.811637   0.000075    34.3500    34.3492     7.2306    27.6102    27.6094    34.3496    27.6098    1448.00    1448.01    -0.5986  1028.3466    34.5168 0.0000e+00
      14661 312.825473  -62.27852  -58.43536     -0.786    1447.02    152.000    150.484    -0.5963    -0.5946     0.0017    -0.6010    -0.5993     0.0017   2.811293   2.811375   0.000085    34.3495    34.3488     7.2215    27.6099    27.6092    34.3490    27.6095    1447.97    1447.98    -0.6009  1028.3414    34.5162 0.0000e+00
      14688 312.825486  -62.27852  -58.43536     -0.846    1447.02    151.000    149.495    -0.5973    -0.5961     0.0012    -0.6019    -0.6008     0.0012   2.811136   2.811174   0.000037    34.3491    34.3483     7.2394    27.6096    27.6089    34.3487    27.6092    1447.95    1447.96    -0.6018  1028.3364    34.5158 0.0000e+00
      14714 312.825498  -62.27852  -58.43534     -0.913    1447.02    150.000    148.505    -0.5975    -0.5969     0.0007    -0.6022    -0.6015     0.0007   2.811082   2.811051  -0.000023    34.3491    34.3481     7.2410    27.6096    27.6087    34.3488    27.6094    1447.94    1447.94    -0.6020  1028.3318    34.5160 0.0000e+00
      14742 312.825512  -62.27854  -58.43534     -0.881    1447.02    149.000    147.516    -0.5998    -0.5977     0.0021    -0.6044    -0.6022     0.0021   2.810789   2.810916   0.000115    34.3488    34.3479     7.2222    27.6094    27.6087    34.3480    27.6088    1447.91    1447.92    -0.6043  1028.3264    34.5152 0.0000e+00
      14767 312.825524  -62.27854  -58.43532     -0.909    1447.02    148.000    146.526    -0.6039    -0.6007     0.0032    -0.6084    -0.6052     0.0032   2.810336   2.810584   0.000227    34.3480    34.3475     7.2323    27.6090    27.6084    34.3472    27.6083    1447.87    1447.89    -0.6083  1028.3212    34.5143 0.0000e+00
      14791 312.825535  -62.27854  -58.43532     -0.992    1447.02    147.000    145.536    -0.6056    -0.6031     0.0025    -0.6101    -0.6076     0.0025   2.810136   2.810273   0.000158    34.3475    34.3469     7.2186    27.6086    27.6080    34.3471    27.6083    1447.85    1447.86    -0.6100  1028.3164    34.5142 0.0000e+00
      14817 312.825548  -62.27854  -58.43531     -0.970    1447.02    146.000    144.547    -0.6058    -0.6042     0.0017    -0.6103    -0.6086     0.0017   2.810071   2.810152   0.000065    34.3475    34.3465     7.2239    27.6087    27.6078    34.3471    27.6083    1447.83    1447.84    -0.6102  1028.3116    34.5142 0.0000e+00
      14848 312.825563  -62.27855  -58.43530     -0.814    1447.02    145.000    143.558    -0.6057    -0.6000     0.0057    -0.6102    -0.6045     0.0057   2.810031   2.810505   0.000460    34.3474    34.3471     7.2315    27.6085    27.6081    34.3470    27.6083    1447.81    1447.84    -0.6101  1028.3068    34.5141 0.0000e+00
      14889 312.825582  -62.27856  -58.43529     -0.596    1447.02    144.000    142.567    -0.6068    -0.6041     0.0027    -0.6112    -0.6085     0.0027   2.809869   2.810057   0.000198    34.3471    34.3467     7.2395    27.6083    27.6079    34.3467    27.6080    1447.79    1447.80    -0.6111  1028.3018    34.5138 0.0000e+00
      14925 312.825600  -62.27856  -58.43528     -0.632    1447.02    143.000    141.578    -0.6072    -0.6067     0.0005    -0.6116    -0.6111     0.0005   2.809783   2.809734  -0.000038    34.3469    34.3458     7.2390    27.6082    27.6073    34.3466    27.6080    1447.77    1447.77    -0.6115  1028.2970    34.5137 0.0000e+00
