Pos-Processados/process_op42/Processamento_split/up/uoperantar42_013.cnv
* Sea-Bird SBE 9 Data File:
* FileName = C:\Users\Hidrografia\Desktop\OPXLII\Brutos\OP42013.hdr
* Software Version Seasave V 7.26.7.107
* Temperature SN = 6502
* Conductivity SN = 4998
* Number of Bytes Per Scan = 31
* Number of Voltage Words = 2
* Number of Scans Averaged by the Deck Unit = 1
* NMEA Latitude = 46 24.51 S
* NMEA Longitude = 055 54.95 W
* NMEA UTC (Time) = Oct 19 2023 23:00:40
* NMEA baud rate = 4800
** H41
** NPOALTEMAXIMIANO
** NUMERO DA ESTACAO (XXX) 013
** LAT (XX XX.XX S/N) 46 24.500 S
** LONG (XXX XX.XX W/E) 055 54.972 W
** DATAHORA (dd/mm/aaaa hh:mm Z) 19/10/2023 2300Z
** PROFUNDIDADE (m) 5329
** OPERADOR CT FABIREZA
# nquan = 30
# nvalues = 1008                        
# units = specified
# name 0 = scan: Scan Count
# name 1 = timeJ: Julian Days
# name 2 = latitude: Latitude [deg]
# name 3 = longitude: Longitude [deg]
# name 4 = dz/dtM: Descent Rate [m/s]
# name 5 = avgsvCM: Average Sound Velocity [Chen-Millero, m/s]
# name 6 = prDM: Pressure, Digiquartz [db]
# name 7 = depSM: Depth [salt water, m]
# name 8 = t090C: Temperature [ITS-90, deg C]
# name 9 = t190C: Temperature, 2 [ITS-90, deg C]
# name 10 = T2-T190C: Temperature Difference, 2 - 1 [ITS-90, deg C]
# name 11 = potemp090C: Potential Temperature [ITS-90, deg C]
# name 12 = potemp190C: Potential Temperature, 2 [ITS-90, deg C]
# name 13 = potemp90Cdiff: Potential Temperature, Diff, 2 - 1 [ITS-90, deg C]
# name 14 = c0S/m: Conductivity [S/m]
# name 15 = c1S/m: Conductivity, 2 [S/m]
# name 16 = C2-C1S/m: Conductivity Difference, 2 - 1 [S/m]
# name 17 = sal00: Salinity, Practical [PSU]
# name 18 = sal11: Salinity, Practical, 2 [PSU]
# name 19 = sbeox0ML/L: Oxygen, SBE 43 [ml/l]
# name 20 = sigma-é00: Density [sigma-theta, kg/m^3]
# name 21 = sigma-é11: Density, 2 [sigma-theta, kg/m^3]
# name 22 = sal00: Salinity, Practical [PSU]
# name 23 = sigma-é00: Density [sigma-theta, kg/m^3]
# name 24 = svCM: Sound Velocity [Chen-Millero, m/s]
# name 25 = svCM1: Sound Velocity, 2 [Chen-Millero, m/s]
# name 26 = gsw_ptA0: potential temperature [ITS-90, deg C]
# name 27 = gsw_densityA0: density, TEOS-10 [density, kg/m^3]
# name 28 = gsw_saA0: Absolute Salinity [g/kg]
# name 29 = flag:
# span 0 =      31611,      66305       
# span 1 = 292.974040, 292.990771       
# span 2 =  -46.42171,  -46.41468       
# span 3 =  -55.91323,  -55.91078       
# span 4 =     -1.566,     -0.165       
# span 5 =    1468.76,    1468.76       
# span 6 =      4.000,   1011.000       
# span 7 =      4.075,   1000.226       
# span 8 =     2.3875,     5.9232       
# span 9 =     2.3886,     5.9217       
# span 10 =    -0.0109,     0.0386      
# span 11 =     2.3235,     5.9228      
# span 12 =     2.3246,     5.9211      
# span 13 =    -0.0109,     0.0385      
# span 14 =   3.078985,   3.340590      
# span 15 =   3.078953,   3.340564      
# span 16 =  -0.001474,   0.003332      
# span 17 =    33.9843,    34.5846      
# span 18 =    33.9849,    34.5838      
# span 19 =     3.7715,     8.1200      
# span 20 =    26.7651,    27.6126      
# span 21 =    26.7641,    27.6119      
# span 22 =    33.9896,    34.5846      
# span 23 =    26.7652,    27.6126      
# span 24 =    1463.07,    1475.85      
# span 25 =    1463.07,    1475.86      
# span 26 =     2.3234,     5.9228      
# span 27 =  1026.7848,  1032.3114      
# span 28 =    34.1505,    34.7522      
# span 29 = 0.0000e+00, 0.0000e+00      
# interval = decibars: 1                
# start_time = Oct 19 2023 23:00:40 [NMEA time, header]
# bad_flag = -9.990e-29
*END*
[from data line 242]
      38538 292.977381  -46.41608  -55.91292     -1.345    1468.76    769.000    761.249     2.5788     2.5804     0.0016     2.5305     2.5322     0.0016   3.120805   3.120849   0.000035    34.4755    34.4742     3.9593    27.5079    27.5067    34.4756    27.5080    1472.53    1472.54     2.5305  1031.0892    34.6416 0.0000e+00
      38598 292.977410  -46.41610  -55.91292     -0.281    1468.76    768.000    760.256     2.5820     2.5833     0.0013     2.5338     2.5351     0.0013   3.120871   3.120898   0.000031    34.4733    34.4722     3.9702    27.5058    27.5049    34.4735    27.5060    1472.53    1472.53     2.5338  1031.0826    34.6395 0.0000e+00
      38631 292.977426  -46.41610  -55.91291     -0.653    1468.76    767.000    759.270     2.5820     2.5824     0.0004     2.5339     2.5343     0.0004   3.120831   3.120819  -0.000008    34.4734    34.4729     3.9686    27.5059    27.5055    34.4735    27.5060    1472.51    1472.51     2.5339  1031.0780    34.6395 0.0000e+00
      38649 292.977434  -46.41610  -55.91290     -1.075    1468.76    766.000    758.282     2.5823     2.5831     0.0008     2.5343     2.5351     0.0008   3.120788   3.120799   0.000011    34.4731    34.4724     3.9724    27.5056    27.5050    34.4732    27.5057    1472.50    1472.50     2.5342  1031.0730    34.6392 0.0000e+00
      38666 292.977443  -46.41610  -55.91290     -1.311    1468.76    765.000    757.294     2.5831     2.5834     0.0003     2.5351     2.5354     0.0003   3.120776   3.120766  -0.000006    34.4726    34.4722     3.9726    27.5052    27.5048    34.4728    27.5053    1472.48    1472.48     2.5351  1031.0680    34.6387 0.0000e+00
      38685 292.977452  -46.41611  -55.91290     -1.358    1468.76    764.000    756.305     2.5832     2.5840     0.0008     2.5353     2.5361     0.0008   3.120733   3.120737   0.000004    34.4726    34.4718     3.9699    27.5051    27.5044    34.4727    27.5052    1472.47    1472.47     2.5352  1031.0633    34.6386 0.0000e+00
      38717 292.977467  -46.41612  -55.91290     -0.916    1468.76    763.000    755.317     2.5840     2.5851     0.0011     2.5362     2.5373     0.0011   3.120707   3.120720   0.000011    34.4719    34.4708     3.9763    27.5045    27.5036    34.4721    27.5046    1472.45    1472.45     2.5361  1031.0581    34.6380 0.0000e+00
      38755 292.977486  -46.41613  -55.91290     -0.588    1468.76    762.000    754.329     2.5863     2.5877     0.0014     2.5385     2.5399     0.0014   3.120718   3.120744   0.000024    34.4701    34.4689     3.9815    27.5029    27.5018    34.4703    27.5030    1472.44    1472.45     2.5385  1031.0518    34.6362 0.0000e+00
      38782 292.977498  -46.41614  -55.91290     -0.799    1468.76    761.000    753.341     2.5858     2.5860     0.0001     2.5381     2.5383     0.0001   3.120666   3.120650  -0.000013    34.4705    34.4702     3.9833    27.5033    27.5030    34.4706    27.5033    1472.42    1472.43     2.5381  1031.0475    34.6365 0.0000e+00
      38802 292.977508  -46.41614  -55.91290     -1.026    1468.76    760.000    752.353     2.5867     2.5868     0.0001     2.5391     2.5392     0.0001   3.120644   3.120640 -7.193e-07    34.4698    34.4697     3.9786    27.5026    27.5025    34.4700    27.5027    1472.41    1472.41     2.5390  1031.0423    34.6359 0.0000e+00
      38821 292.977517  -46.41614  -55.91290     -1.204    1468.76    759.000    751.365     2.5872     2.5877     0.0006     2.5396     2.5402     0.0006   3.120610   3.120622   0.000016    34.4694    34.4690     3.9874    27.5023    27.5019    34.4696    27.5024    1472.40    1472.40     2.5396  1031.0373    34.6355 0.0000e+00
      38854 292.977533  -46.41614  -55.91290     -0.902    1468.76    758.000    750.378     2.5903     2.5910     0.0007     2.5428     2.5434     0.0007   3.120640   3.120651   0.000012    34.4669    34.4663     3.9886    27.5000    27.4994    34.4672    27.5002    1472.39    1472.39     2.5427  1031.0304    34.6331 0.0000e+00
      38904 292.977557  -46.41615  -55.91290     -0.370    1468.76    757.000    749.383     2.5931     2.5942     0.0011     2.5456     2.5467     0.0011   3.120653   3.120663   0.000013    34.4647    34.4637     3.9911    27.4980    27.4971    34.4649    27.4981    1472.38    1472.39     2.5456  1031.0237    34.6308 0.0000e+00
      38927 292.977568  -46.41616  -55.91290     -0.799    1468.76    756.000    748.401     2.5921     2.5917    -0.0005     2.5448     2.5443    -0.0005   3.120565   3.120566   0.000004    34.4652    34.4658     3.9965    27.4984    27.4989    34.4653    27.4985    1472.36    1472.36     2.5447  1031.0195    34.6312 0.0000e+00
      38945 292.977577  -46.41616  -55.91289     -1.111    1468.76    755.000    747.413     2.5925     2.5924    -0.0002     2.5452     2.5451    -0.0002   3.120530   3.120541   0.000009    34.4649    34.4652     4.0039    27.4981    27.4984    34.4650    27.4982    1472.35    1472.35     2.5452  1031.0146    34.6309 0.0000e+00
      38963 292.977586  -46.41616  -55.91288     -1.306    1468.76    754.000    746.424     2.5925     2.5935     0.0010     2.5453     2.5463     0.0010   3.120480   3.120503   0.000019    34.4648    34.4640     4.0030    27.4981    27.4974    34.4650    27.4982    1472.33    1472.34     2.5452  1031.0099    34.6308 0.0000e+00
      38990 292.977599  -46.41618  -55.91288     -1.076    1468.76    753.000    745.438     2.5932     2.5941     0.0009     2.5461     2.5469     0.0009   3.120449   3.120462   0.000014    34.4641    34.4634     4.0059    27.4975    27.4968    34.4643    27.4976    1472.32    1472.32     2.5460  1031.0047    34.6302 0.0000e+00
      39032 292.977619  -46.41618  -55.91288     -0.506    1468.76    752.000    744.444     2.5961     2.5972     0.0011     2.5490     2.5501     0.0011   3.120465   3.120485   0.000017    34.4619    34.4609     4.0039    27.4954    27.4945    34.4620    27.4955    1472.31    1472.31     2.5489  1030.9980    34.6278 0.0000e+00
      39056 292.977631  -46.41618  -55.91288     -0.812    1468.76    751.000    743.459     2.5954     2.5955     0.0001     2.5484     2.5484     0.0001   3.120398   3.120402   0.000009    34.4623    34.4624     4.0071    27.4959    27.4959    34.4624    27.4959    1472.29    1472.29     2.5483  1030.9937    34.6282 0.0000e+00
      39079 292.977642  -46.41618  -55.91288     -1.015    1468.76    750.000    742.471     2.5957     2.5962     0.0005     2.5487     2.5492     0.0005   3.120312   3.120343   0.000024    34.4617    34.4614     4.0044    27.4953    27.4950    34.4617    27.4953    1472.27    1472.28     2.5487  1030.9870    34.6256 0.0000e+00
      39109 292.977656 -9.990e-29  -55.91288     -0.893    1468.76    749.000    741.483     2.5956     2.5965     0.0009     2.5487     2.5496     0.0009   3.120125   3.120166   0.000042    34.4600    34.4596     4.0127    27.4939    27.4935    34.4600    27.4939    1472.26    1472.26     2.5486  1030.9802    34.6228 0.0000e+00
      39145 292.977673 -9.990e-29  -55.91288     -0.656    1468.76    748.000    740.495     2.5956     2.5967     0.0011     2.5487     2.5498     0.0011   3.119988   3.119999   0.000013    34.4588    34.4578     4.0168    27.4930    27.4921    34.4589    27.4930    1472.24    1472.24     2.5487  1030.9747    34.6217 0.0000e+00
      39170 292.977686 -9.990e-29  -55.91288     -0.831    1468.76    747.000    739.507     2.5954     2.5965     0.0011     2.5486     2.5498     0.0011   3.119959   3.119974   0.000011    34.4593    34.4582     4.0146    27.4934    27.4924    34.4592    27.4933    1472.22    1472.22     2.5486  1030.9704    34.6221 0.0000e+00
      39193 292.977697 -9.990e-29  -55.91288     -1.001    1468.76    746.000    738.519     2.5957     2.5964     0.0007     2.5490     2.5497     0.0007   3.119902   3.119919   0.000019    34.4587    34.4583     4.0208    27.4929    27.4925    34.4588    27.4930    1472.21    1472.21     2.5489  1030.9654    34.6216 0.0000e+00
      39222 292.977711 -9.990e-29  -55.91288     -0.926    1468.76    745.000    737.530     2.5960     2.5968     0.0008     2.5493     2.5501     0.0008   3.119893   3.119900   0.000007    34.4588    34.4580     4.0265    27.4929    27.4922    34.4589    27.4930    1472.19    1472.19     2.5493  1030.9608    34.6217 0.0000e+00
      39258 292.977728 -9.990e-29  -55.91286     -0.661    1468.76    744.000    736.542     2.5963     2.5974     0.0011     2.5497     2.5508     0.0011   3.119836   3.119851   0.000015    34.4584    34.4575     4.0272    27.4926    27.4917    34.4584    27.4926    1472.17    1472.18     2.5497  1030.9558    34.6212 0.0000e+00
      39286 292.977742  -46.41622  -55.91286     -0.783    1468.76    743.000    735.554     2.5959     2.5969     0.0010     2.5494     2.5504     0.0010   3.119757   3.119764   0.000003    34.4584    34.4574     4.0261    27.4926    27.4917    34.4584    27.4926    1472.16    1472.16     2.5493  1030.9532    34.6238 0.0000e+00
      39310 292.977753  -46.41623  -55.91286     -0.950    1468.76    742.000    734.566     2.5956     2.5965     0.0010     2.5491     2.5501     0.0010   3.119640   3.119676   0.000033    34.4580    34.4573     4.0279    27.4923    27.4917    34.4578    27.4922    1472.14    1472.14     2.5491  1030.9484    34.6236 0.0000e+00
      39336 292.977766  -46.41624  -55.91286     -0.975    1468.76    741.000    733.578     2.5954     2.5964     0.0009     2.5490     2.5500     0.0009   3.119532   3.119585   0.000055    34.4573    34.4569     4.0328    27.4918    27.4914    34.4572    27.4917    1472.12    1472.12     2.5490  1030.9433    34.6229 0.0000e+00
      39367 292.977781  -46.41624  -55.91286     -0.803    1468.76    740.000    732.589     2.5958     2.5969     0.0011     2.5495     2.5505     0.0011   3.119361   3.119395   0.000036    34.4553    34.4546     4.0289    27.4901    27.4895    34.4553    27.4901    1472.10    1472.11     2.5494  1030.9367    34.6204 0.0000e+00
      39397 292.977795 -9.990e-29  -55.91286     -0.774    1468.76    739.000    731.601     2.5960     2.5972     0.0012     2.5497     2.5510     0.0012   3.119284   3.119292   0.000005    34.4547    34.4535     4.0278    27.4896    27.4885    34.4547    27.4896    1472.08    1472.09     2.5497  1030.9297    34.6174 0.0000e+00
      39426 292.977809 -9.990e-29  -55.91286     -0.821    1468.76    738.000    730.613     2.5962     2.5973     0.0012     2.5500     2.5512     0.0012   3.119218   3.119223   0.000007    34.4542    34.4530     4.0374    27.4892    27.4882    34.4542    27.4892    1472.07    1472.07     2.5500  1030.9247    34.6170 0.0000e+00
      39452 292.977822 -9.990e-29  -55.91286     -0.888    1468.76    737.000    729.624     2.5963     2.5974     0.0011     2.5502     2.5513     0.0011   3.119121   3.119137   0.000013    34.4535    34.4524     4.0396    27.4886    27.4877    34.4534    27.4885    1472.05    1472.06     2.5502  1030.9194    34.6162 0.0000e+00
      39478 292.977834  -46.41626  -55.91286     -0.919    1468.76    736.000    728.636     2.5964     2.5976     0.0012     2.5503     2.5515     0.0012   3.119026   3.119013  -0.000013    34.4528    34.4513     4.0466    27.4880    27.4867    34.4527    27.4879    1472.04    1472.04     2.5503  1030.9155    34.6171 0.0000e+00
      39511 292.977850  -46.41628  -55.91286     -0.787    1468.76    735.000    727.648     2.5971     2.5982     0.0012     2.5511     2.5523     0.0012   3.118854   3.118870   0.000015    34.4504    34.4493     4.0486    27.4861    27.4851    34.4504    27.4860    1472.02    1472.02     2.5511  1030.9099    34.6160 0.0000e+00
      39551 292.977870  -46.41628  -55.91286     -0.581    1468.76    734.000    726.660     2.5974     2.5986     0.0012     2.5516     2.5527     0.0012   3.118778   3.118791   0.000013    34.4495    34.4484     4.0563    27.4853    27.4843    34.4496    27.4853    1472.00    1472.01     2.5515  1030.9047    34.6152 0.0000e+00
      39581 292.977884  -46.41628  -55.91286     -0.740    1468.76    733.000    725.671     2.5972     2.5983     0.0011     2.5514     2.5525     0.0011   3.118733   3.118746   0.000014    34.4498    34.4487     4.0577    27.4855    27.4846    34.4498    27.4855    1471.98    1471.99     2.5513  1030.9002    34.6154 0.0000e+00
      39606 292.977896  -46.41630  -55.91284     -0.910    1468.76    732.000    724.683     2.5971     2.5981     0.0010     2.5514     2.5524     0.0010   3.118674   3.118692   0.000016    34.4497    34.4488     4.0644    27.4855    27.4847    34.4497    27.4855    1471.97    1471.97     2.5513  1030.8955    34.6153 0.0000e+00
      39632 292.977909  -46.41630  -55.91284     -0.942    1468.76    731.000    723.695     2.5972     2.5982     0.0010     2.5515     2.5526     0.0010   3.118595   3.118626   0.000030    34.4492    34.4485     4.0671    27.4851    27.4844    34.4492    27.4850    1471.95    1471.96     2.5515  1030.8905    34.6148 0.0000e+00
      39665 292.977924  -46.41630  -55.91284     -0.772    1468.76    730.000    722.707     2.5976     2.5986     0.0011     2.5520     2.5530     0.0011   3.118512   3.118542   0.000032    34.4483    34.4475     4.0591    27.4843    27.4836    34.4483    27.4843    1471.94    1471.94     2.5519  1030.8851    34.6139 0.0000e+00
      39699 292.977941  -46.41630  -55.91284     -0.694    1468.76    729.000    721.718     2.5978     2.5989     0.0011     2.5523     2.5534     0.0011   3.118442   3.118457   0.000016    34.4477    34.4468     4.0657    27.4838    27.4830    34.4477    27.4838    1471.92    1471.92     2.5522  1030.8800    34.6133 0.0000e+00
      39727 292.977954  -46.41632  -55.91284     -0.803    1468.76    728.000    720.730     2.5976     2.5986     0.0011     2.5521     2.5532     0.0011   3.118344   3.118335  -0.000005    34.4475    34.4463     4.0663    27.4836    27.4826    34.4473    27.4835    1471.90    1471.90     2.5520  1030.8751    34.6129 0.0000e+00
      39750 292.977965  -46.41632  -55.91284     -0.966    1468.76    727.000    719.742     2.5962     2.5972     0.0010     2.5508     2.5518     0.0010   3.118052   3.118066   0.000008    34.4461    34.4451     4.0708    27.4826    27.4817    34.4457    27.4823    1471.88    1471.88     2.5508  1030.8694    34.6113 0.0000e+00
      39777 292.977978  -46.41632  -55.91284     -0.965    1468.76    726.000    718.754     2.5948     2.5958     0.0010     2.5495     2.5505     0.0010   3.117791   3.117826   0.000038    34.4448    34.4441     4.0718    27.4817    27.4811    34.4446    27.4815    1471.85    1471.86     2.5494  1030.8628    34.6087 0.0000e+00
      39817 292.977997 -9.990e-29  -55.91284     -0.603    1468.76    725.000    717.765     2.5939     2.5951     0.0012     2.5487     2.5498     0.0012   3.117536   3.117579   0.000040    34.4431    34.4424     4.0784    27.4804    27.4797    34.4430    27.4803    1471.83    1471.83     2.5486  1030.8558    34.6056 0.0000e+00
      39847 292.978012 -9.990e-29  -55.91284     -0.706    1468.76    724.000    716.776     2.5941     2.5951     0.0010     2.5489     2.5499     0.0010   3.117551   3.117552   0.000003    34.4435    34.4425     4.0786    27.4807    27.4798    34.4434    27.4807    1471.82    1471.82     2.5489  1030.8516    34.6062 0.0000e+00
      39872 292.978024 -9.990e-29  -55.91284     -0.918    1468.76    723.000    715.789     2.5940     2.5950     0.0010     2.5489     2.5499     0.0010   3.117493   3.117513   0.000019    34.4435    34.4427     4.0824    27.4808    27.4800    34.4434    27.4807    1471.80    1471.80     2.5488  1030.8470    34.6062 0.0000e+00
      39898 292.978037 -9.990e-29  -55.91284     -0.939    1468.76    722.000    714.801     2.5936     2.5946     0.0010     2.5486     2.5496     0.0010   3.117384   3.117415   0.000030    34.4431    34.4424     4.0888    27.4804    27.4798    34.4430    27.4803    1471.78    1471.78     2.5485  1030.8421    34.6057 0.0000e+00
