Pos-Processados/process_op42/Processamento_split/up/uoperantar42_051.cnv
* Sea-Bird SBE 9 Data File:
* FileName = C:\Users\Hidrografia\Desktop\OPXLII\Brutos\OP42051.hdr
* Software Version Seasave V 7.26.7.107
* Temperature SN = 6502
* Conductivity SN = 4998
* Number of Bytes Per Scan = 37
* Number of Voltage Words = 4
* Number of Scans Averaged by the Deck Unit = 1
* NMEA Latitude = 62 08.18 S
* NMEA Longitude = 058 26.57 W
* NMEA UTC (Time) = Nov 10 2023 02:01:52
* NMEA baud rate = 4800
** H41
** NPOALTEMAXIMIANO
** NUMERO DA ESTACAO (XXX) 51
** LAT (XX XX.XX S/N) 62 08.171 S
** LONG (XXX XX.XX W/E) 058 26.68 W
** DATAHORA (dd/mm/aaaa hh:mm Z) 10/11/2023 0205Z
** PROFUNDIDADE (m) 424
** OPERADOR CT FILIPE LOPES
# nquan = 30
# nvalues = 386                         
# units = specified
# name 0 = scan: Scan Count
# name 1 = timeJ: Julian Days
# name 2 = latitude: Latitude [deg]
# name 3 = longitude: Longitude [deg]
# name 4 = dz/dtM: Descent Rate [m/s]
# name 5 = avgsvCM: Average Sound Velocity [Chen-Millero, m/s]
# name 6 = prDM: Pressure, Digiquartz [db]
# name 7 = depSM: Depth [salt water, m]
# name 8 = t090C: Temperature [ITS-90, deg C]
# name 9 = t190C: Temperature, 2 [ITS-90, deg C]
# name 10 = T2-T190C: Temperature Difference, 2 - 1 [ITS-90, deg C]
# name 11 = potemp090C: Potential Temperature [ITS-90, deg C]
# name 12 = potemp190C: Potential Temperature, 2 [ITS-90, deg C]
# name 13 = potemp90Cdiff: Potential Temperature, Diff, 2 - 1 [ITS-90, deg C]
# name 14 = c0S/m: Conductivity [S/m]
# name 15 = c1S/m: Conductivity, 2 [S/m]
# name 16 = C2-C1S/m: Conductivity Difference, 2 - 1 [S/m]
# name 17 = sal00: Salinity, Practical [PSU]
# name 18 = sal11: Salinity, Practical, 2 [PSU]
# name 19 = sbeox0ML/L: Oxygen, SBE 43 [ml/l]
# name 20 = sigma-é00: Density [sigma-theta, kg/m^3]
# name 21 = sigma-é11: Density, 2 [sigma-theta, kg/m^3]
# name 22 = sal00: Salinity, Practical [PSU]
# name 23 = sigma-é00: Density [sigma-theta, kg/m^3]
# name 24 = svCM: Sound Velocity [Chen-Millero, m/s]
# name 25 = svCM1: Sound Velocity, 2 [Chen-Millero, m/s]
# name 26 = gsw_ptA0: potential temperature [ITS-90, deg C]
# name 27 = gsw_densityA0: density, TEOS-10 [density, kg/m^3]
# name 28 = gsw_saA0: Absolute Salinity [g/kg]
# name 29 = flag:
# span 0 =      17822,      29794       
# span 1 = 314.093224, 314.098997       
# span 2 =  -62.14128,  -62.13938       
# span 3 =  -58.43609,  -58.43110       
# span 4 =     -1.020,     -0.004       
# span 5 =    1448.41,    1448.41       
# span 6 =      2.000,    387.000       
# span 7 =      1.990,    382.925       
# span 8 =    -0.8053,    -0.5221       
# span 9 =    -0.8043,    -0.5211       
# span 10 =    -0.0084,     0.0096      
# span 11 =    -0.8106,    -0.5339      
# span 12 =    -0.8096,    -0.5330      
# span 13 =    -0.0084,     0.0096      
# span 14 =   2.792010,   2.832667      
# span 15 =   2.791972,   2.832501      
# span 16 =  -0.000817,   0.000982      
# span 17 =    34.2659,    34.4163      
# span 18 =    34.2644,    34.4142      
# span 19 =     6.6048,     7.6697      
# span 20 =    27.5410,    27.6613      
# span 21 =    27.5397,    27.6596      
# span 22 =    34.2659,    34.4163      
# span 23 =    27.5410,    27.6613      
# span 24 =    1445.57,    1452.21      
# span 25 =    1445.56,    1452.20      
# span 26 =    -0.8105,    -0.5337      
# span 27 =  1027.5555,  1029.5109      
# span 28 =    34.4289,    34.5847      
# span 29 = 0.0000e+00, 0.0000e+00      
# interval = decibars: 1                
# start_time = Nov 10 2023 02:01:52 [NMEA time, header]
# bad_flag = -9.990e-29
*END*
[from data line 146]
      22118 314.095295  -62.14012  -58.43440     -0.812    1448.41    241.000    238.548    -0.7582    -0.7573     0.0009    -0.7654    -0.7645     0.0009   2.799647   2.799634  -0.000018    34.3209    34.3196     7.3526    27.5937    27.5926    34.3206    27.5935    1448.63    1448.63    -0.7652  1028.7513    34.4881 0.0000e+00
      22145 314.095309  -62.14012  -58.43439     -0.847    1448.41    240.000    237.559    -0.7593    -0.7580     0.0013    -0.7666    -0.7653     0.0013   2.799469   2.799510   0.000039    34.3204    34.3194     7.3543    27.5933    27.5925    34.3201    27.5931    1448.60    1448.61    -0.7664  1028.7420    34.4824 0.0000e+00
      22171 314.095321 -9.990e-29  -58.43437     -0.900    1448.41    239.000    236.570    -0.7605    -0.7587     0.0018    -0.7677    -0.7660     0.0018   2.799308   2.799388   0.000074    34.3202    34.3192     7.3693    27.5933    27.5924    34.3199    27.5930    1448.58    1448.59    -0.7675  1028.7368    34.4818 0.0000e+00
      22199 314.095335 -9.990e-29  -58.43436     -0.902    1448.41    238.000    235.581    -0.7612    -0.7596     0.0016    -0.7684    -0.7668     0.0016   2.799187   2.799252   0.000067    34.3200    34.3190     7.3655    27.5931    27.5923    34.3197    27.5929    1448.56    1448.57    -0.7682  1028.7319    34.4816 0.0000e+00
      22229 314.095349  -62.14014  -58.43434     -0.818    1448.41    237.000    234.592    -0.7617    -0.7604     0.0013    -0.7689    -0.7676     0.0013   2.799113   2.799134   0.000025    34.3201    34.3190     7.3606    27.5932    27.5922    34.3199    27.5930    1448.54    1448.55    -0.7687  1028.7289    34.4838 0.0000e+00
      22261 314.095364  -62.14014  -58.43434     -0.756    1448.41    236.000    233.602    -0.7636    -0.7613     0.0023    -0.7707    -0.7684     0.0023   2.798853   2.798994   0.000119    34.3198    34.3188     7.3579    27.5930    27.5921    34.3192    27.5925    1448.52    1448.53    -0.7705  1028.7264    34.4865 0.0000e+00
      22291 314.095379  -62.14014  -58.43433     -0.789    1448.41    235.000    232.613    -0.7682    -0.7650     0.0033    -0.7753    -0.7721     0.0033   2.798334   2.798576   0.000230    34.3187    34.3181     7.3595    27.5924    27.5917    34.3180    27.5918    1448.48    1448.49    -0.7751  1028.7210    34.4854 0.0000e+00
      22318 314.095392  -62.14014  -58.43432     -0.848    1448.41    234.000    231.624    -0.7724    -0.7677     0.0048    -0.7795    -0.7747     0.0047   2.797893   2.798254   0.000376    34.3180    34.3176     7.3643    27.5919    27.5915    34.3174    27.5915    1448.44    1448.46    -0.7793  1028.7160    34.4848 0.0000e+00
      22345 314.095405  -62.14015  -58.43431     -0.887    1448.41    233.000    230.635    -0.7730    -0.7716     0.0014    -0.7800    -0.7786     0.0013   2.797796   2.797838   0.000052    34.3178    34.3170     7.3671    27.5918    27.5911    34.3173    27.5914    1448.42    1448.43    -0.7798  1028.7111    34.4847 0.0000e+00
      22373 314.095419  -62.14016  -58.43428     -0.879    1448.41    232.000    229.645    -0.7750    -0.7732     0.0018    -0.7820    -0.7802     0.0018   2.797558   2.797643   0.000084    34.3176    34.3167     7.3727    27.5917    27.5909    34.3171    27.5913    1448.40    1448.40    -0.7818  1028.7062    34.4844 0.0000e+00
      22403 314.095433  -62.14016  -58.43428     -0.821    1448.41    231.000    228.656    -0.7765    -0.7749     0.0016    -0.7834    -0.7818     0.0016   2.797396   2.797437   0.000043    34.3176    34.3164     7.3857    27.5918    27.5907    34.3172    27.5914    1448.37    1448.38    -0.7833  1028.7016    34.4845 0.0000e+00
      22433 314.095447  -62.14017  -58.43426     -0.791    1448.41    230.000    227.667    -0.7757    -0.7752     0.0005    -0.7826    -0.7821     0.0005   2.797397   2.797361  -0.000026    34.3171    34.3162     7.3895    27.5913    27.5905    34.3169    27.5912    1448.36    1448.36    -0.7824  1028.6966    34.4843 0.0000e+00
      22461 314.095461  -62.14018  -58.43425     -0.824    1448.41    229.000    226.677    -0.7742    -0.7741     0.0002    -0.7811    -0.7809     0.0002   2.797460   2.797391  -0.000066    34.3168    34.3157     7.3959    27.5911    27.5901    34.3167    27.5909    1448.35    1448.35    -0.7809  1028.6916    34.4841 0.0000e+00
      22489 314.095475  -62.14018  -58.43424     -0.856    1448.41    228.000    225.688    -0.7732    -0.7729     0.0002    -0.7800    -0.7798     0.0002   2.797507   2.797435  -0.000070    34.3168    34.3157     7.4024    27.5910    27.5900    34.3167    27.5909    1448.34    1448.34    -0.7799  1028.6868    34.4841 0.0000e+00
      22519 314.095489  -62.14018  -58.43422     -0.832    1448.41    227.000    224.699    -0.7720    -0.7717     0.0004    -0.7789    -0.7785     0.0004   2.797524   2.797473  -0.000046    34.3163    34.3153     7.3908    27.5905    27.5897    34.3163    27.5905    1448.33    1448.33    -0.7787  1028.6816    34.4836 0.0000e+00
      22547 314.095503  -62.14020  -58.43422     -0.820    1448.41    226.000    223.709    -0.7719    -0.7713     0.0006    -0.7787    -0.7781     0.0006   2.797495   2.797454  -0.000042    34.3164    34.3152     7.3955    27.5906    27.5896    34.3164    27.5906    1448.31    1448.31    -0.7785  1028.6769    34.4837 0.0000e+00
      22574 314.095516  -62.14020  -58.43420     -0.877    1448.41    225.000    222.720    -0.7713    -0.7710     0.0003    -0.7781    -0.7777     0.0003   2.797473   2.797439  -0.000035    34.3161    34.3153     7.3876    27.5903    27.5896    34.3160    27.5903    1448.30    1448.30    -0.7779  1028.6718    34.4833 0.0000e+00
      22602 314.095529  -62.14020  -58.43419     -0.862    1448.41    224.000    221.730    -0.7712    -0.7706     0.0006    -0.7779    -0.7773     0.0006   2.797428   2.797404  -0.000023    34.3159    34.3149     7.3881    27.5902    27.5893    34.3158    27.5901    1448.28    1448.28    -0.7777  1028.6669    34.4832 0.0000e+00
      22629 314.095542  -62.14020  -58.43418     -0.887    1448.41    223.000    220.741    -0.7714    -0.7705     0.0009    -0.7781    -0.7772     0.0009   2.797374   2.797356  -0.000016    34.3161    34.3149     7.4019    27.5903    27.5893    34.3160    27.5903    1448.27    1448.27    -0.7779  1028.6623    34.4834 0.0000e+00
      22657 314.095555  -62.14020  -58.43417     -0.885    1448.41    222.000    219.752    -0.7719    -0.7709     0.0010    -0.7785    -0.7775     0.0010   2.797301   2.797290  -0.000012    34.3163    34.3150     7.3991    27.5905    27.5894    34.3162    27.5904    1448.25    1448.25    -0.7784  1028.6576    34.4835 0.0000e+00
      22685 314.095569  -62.14022  -58.43416     -0.853    1448.41    221.000    218.763    -0.7718    -0.7709     0.0009    -0.7784    -0.7775     0.0009   2.797264   2.797229  -0.000030    34.3161    34.3148     7.4000    27.5904    27.5893    34.3162    27.5904    1448.23    1448.23    -0.7782  1028.6528    34.4835 0.0000e+00
      22712 314.095582  -62.14022  -58.43414     -0.865    1448.41    220.000    217.773    -0.7716    -0.7708     0.0008    -0.7782    -0.7774     0.0008   2.797206   2.797195  -0.000011    34.3159    34.3148     7.3968    27.5901    27.5892    34.3158    27.5901    1448.22    1448.22    -0.7780  1028.6478    34.4831 0.0000e+00
      22738 314.095595  -62.14022  -58.43414     -0.913    1448.41    219.000    216.784    -0.7722    -0.7710     0.0012    -0.7787    -0.7775     0.0012   2.797133   2.797134 -5.801e-07    34.3162    34.3148     7.3902    27.5904    27.5893    34.3161    27.5903    1448.20    1448.20    -0.7786  1028.6432    34.4834 0.0000e+00
      22764 314.095607  -62.14022  -58.43412     -0.923    1448.41    218.000    215.795    -0.7731    -0.7719     0.0012    -0.7796    -0.7784     0.0012   2.797008   2.797012   0.000003    34.3162    34.3149     7.3993    27.5905    27.5894    34.3160    27.5903    1448.18    1448.18    -0.7795  1028.6385    34.4833 0.0000e+00
      22790 314.095620  -62.14024  -58.43411     -0.913    1448.41    217.000    214.805    -0.7734    -0.7724     0.0010    -0.7799    -0.7789     0.0010   2.796947   2.796934  -0.000006    34.3162    34.3149     7.4091    27.5905    27.5894    34.3162    27.5905    1448.16    1448.16    -0.7797  1028.6338    34.4835 0.0000e+00
      22818 314.095633  -62.14024  -58.43410     -0.886    1448.41    216.000    213.816    -0.7746    -0.7726     0.0019    -0.7811    -0.7791     0.0019   2.796763   2.796860   0.000082    34.3162    34.3151     7.4008    27.5905    27.5895    34.3157    27.5901    1448.14    1448.14    -0.7809  1028.6287    34.4830 0.0000e+00
      22849 314.095648  -62.14024  -58.43409     -0.799    1448.41    215.000    212.826    -0.7804    -0.7773     0.0031    -0.7868    -0.7837     0.0031   2.796197   2.796397   0.000186    34.3159    34.3149     7.3932    27.5905    27.5896    34.3152    27.5900    1448.09    1448.11    -0.7866  1028.6239    34.4825 0.0000e+00
      22879 314.095663  -62.14024  -58.43408     -0.784    1448.41    214.000    211.837    -0.7843    -0.7808     0.0034    -0.7906    -0.7872     0.0034   2.795768   2.796016   0.000241    34.3150    34.3144     7.3941    27.5900    27.5893    34.3144    27.5895    1448.06    1448.07    -0.7905  1028.6186    34.4817 0.0000e+00
      22908 314.095677  -62.14026  -58.43406     -0.828    1448.41    213.000    210.848    -0.7866    -0.7837     0.0029    -0.7929    -0.7900     0.0029   2.795512   2.795696   0.000195    34.3148    34.3141     7.3948    27.5898    27.5892    34.3142    27.5894    1448.03    1448.04    -0.7928  1028.6138    34.4815 0.0000e+00
      22937 314.095691  -62.14026  -58.43405     -0.829    1448.41    212.000    209.858    -0.7882    -0.7867     0.0015    -0.7945    -0.7930     0.0015   2.795336   2.795373   0.000045    34.3147    34.3137     7.4018    27.5899    27.5890    34.3143    27.5895    1448.00    1448.01    -0.7943  1028.6091    34.4815 0.0000e+00
      22966 314.095704  -62.14026  -58.43404     -0.828    1448.41    211.000    208.869    -0.7887    -0.7875     0.0012    -0.7950    -0.7938     0.0012   2.795254   2.795266   0.000013    34.3147    34.3135     7.4238    27.5899    27.5888    34.3143    27.5896    1447.99    1447.99    -0.7948  1028.6044    34.4816 0.0000e+00
      22993 314.095718  -62.14026  -58.43403     -0.864    1448.41    210.000    207.879    -0.7886    -0.7876     0.0010    -0.7948    -0.7939     0.0010   2.795195   2.795198   0.000003    34.3144    34.3134     7.4120    27.5896    27.5888    34.3141    27.5894    1447.97    1447.97    -0.7947  1028.5994    34.4813 0.0000e+00
      23021 314.095731  -62.14028  -58.43402     -0.877    1448.41    209.000    206.890    -0.7890    -0.7880     0.0010    -0.7953    -0.7942     0.0010   2.795117   2.795124   0.000009    34.3144    34.3134     7.4126    27.5897    27.5888    34.3141    27.5894    1447.95    1447.96    -0.7951  1028.5947    34.4814 0.0000e+00
      23049 314.095745  -62.14028  -58.43400     -0.858    1448.41    208.000    205.901    -0.7894    -0.7884     0.0010    -0.7956    -0.7946     0.0010   2.795052   2.795050   0.000002    34.3145    34.3134     7.4114    27.5898    27.5888    34.3143    27.5896    1447.93    1447.94    -0.7954  1028.5901    34.4815 0.0000e+00
      23079 314.095759  -62.14028  -58.43399     -0.820    1448.41    207.000    204.911    -0.7896    -0.7888     0.0008    -0.7958    -0.7950     0.0008   2.794978   2.794968  -0.000007    34.3144    34.3133     7.4034    27.5897    27.5888    34.3141    27.5894    1447.92    1447.92    -0.7956  1028.5852    34.4814 0.0000e+00
      23110 314.095774  -62.14028  -58.43398     -0.778    1448.41    206.000    203.922    -0.7898    -0.7890     0.0009    -0.7960    -0.7951     0.0009   2.794915   2.794903  -0.000008    34.3143    34.3132     7.4096    27.5896    27.5887    34.3141    27.5894    1447.90    1447.90    -0.7958  1028.5804    34.4813 0.0000e+00
      23140 314.095788  -62.14030  -58.43396     -0.784    1448.41    205.000    202.932    -0.7905    -0.7895     0.0010    -0.7966    -0.7956     0.0010   2.794799   2.794806   0.000006    34.3142    34.3132     7.4212    27.5895    27.5887    34.3139    27.5893    1447.88    1447.88    -0.7964  1028.5755    34.4811 0.0000e+00
      23167 314.095802  -62.14030  -58.43396     -0.845    1448.41    204.000    201.943    -0.7914    -0.7902     0.0012    -0.7975    -0.7962     0.0012   2.794668   2.794700   0.000027    34.3142    34.3131     7.4157    27.5895    27.5886    34.3138    27.5893    1447.86    1447.86    -0.7973  1028.5707    34.4810 0.0000e+00
      23194 314.095814  -62.14030  -58.43394     -0.896    1448.41    203.000    200.954    -0.7928    -0.7910     0.0017    -0.7988    -0.7970     0.0017   2.794500   2.794570   0.000065    34.3140    34.3129     7.4126    27.5895    27.5885    34.3137    27.5892    1447.84    1447.84    -0.7986  1028.5659    34.4809 0.0000e+00
      23220 314.095827  -62.14030  -58.43392     -0.907    1448.41    202.000    199.964    -0.7939    -0.7923     0.0016    -0.7998    -0.7983     0.0015   2.794327   2.794397   0.000071    34.3135    34.3127     7.4196    27.5891    27.5884    34.3132    27.5889    1447.82    1447.82    -0.7997  1028.5608    34.4804 0.0000e+00
      23247 314.095840 -9.990e-29  -58.43392     -0.902    1448.41    201.000    198.975    -0.7952    -0.7941     0.0011    -0.8011    -0.8001     0.0011   2.794138   2.794177   0.000033    34.3133    34.3125     7.4247    27.5890    27.5883    34.3128    27.5886    1447.79    1447.80    -0.8010  1028.5514    34.4746 0.0000e+00
      23275 314.095854 -9.990e-29  -58.43391     -0.871    1448.41    200.000    197.985    -0.7984    -0.7967     0.0017    -0.8043    -0.8026     0.0017   2.793803   2.793874   0.000077    34.3129    34.3120     7.4221    27.5888    27.5880    34.3125    27.5884    1447.76    1447.77    -0.8041  1028.5465    34.4743 0.0000e+00
      23307 314.095869 -9.990e-29  -58.43390     -0.786    1448.41    199.000    196.996    -0.7982    -0.7976     0.0005    -0.8040    -0.8035     0.0005   2.793782   2.793735  -0.000042    34.3128    34.3116     7.4261    27.5888    27.5878    34.3125    27.5885    1447.74    1447.75    -0.8039  1028.5418    34.4743 0.0000e+00
      23336 314.095883  -62.14032  -58.43388     -0.791    1448.41    198.000    196.006    -0.7992    -0.7982     0.0009    -0.8050    -0.8041     0.0009   2.793641   2.793636  -0.000005    34.3127    34.3116     7.4375    27.5887    27.5877    34.3124    27.5885    1447.72    1447.73    -0.8049  1028.5396    34.4774 0.0000e+00
      23364 314.095897  -62.14032  -58.43388     -0.845    1448.41    197.000    195.017    -0.7996    -0.7987     0.0010    -0.8055    -0.8045     0.0010   2.793538   2.793543  -0.000002    34.3126    34.3114     7.4381    27.5886    27.5876    34.3122    27.5882    1447.70    1447.71    -0.8053  1028.5363    34.4793 0.0000e+00
      23391 314.095910  -62.14034  -58.43386     -0.877    1448.41    196.000    194.027    -0.8017    -0.8003     0.0014    -0.8075    -0.8061     0.0014   2.793300   2.793340   0.000049    34.3123    34.3113     7.4341    27.5884    27.5876    34.3119    27.5882    1447.68    1447.68    -0.8073  1028.5315    34.4791 0.0000e+00
      23418 314.095923  -62.14034  -58.43385     -0.886    1448.41    195.000    193.038    -0.8025    -0.8013     0.0012    -0.8082    -0.8071     0.0012   2.793170   2.793188   0.000016    34.3120    34.3108     7.4378    27.5882    27.5872    34.3116    27.5880    1447.66    1447.66    -0.8081  1028.5265    34.4788 0.0000e+00
