Pos-Processados/process_op42/Processamento_split/up/uoperantar42_005.cnv
* Sea-Bird SBE 9 Data File:
* FileName = C:\Users\Hidrografia\Desktop\OPXLII\Brutos\OP42005.hdr
* Software Version Seasave V 7.26.7.107
* Temperature SN = 6502
* Conductivity SN = 4998
* Number of Bytes Per Scan = 31
* Number of Voltage Words = 2
* Number of Scans Averaged by the Deck Unit = 1
* NMEA Latitude = 39 18.87 S
* NMEA Longitude = 053 09.31 W
* NMEA UTC (Time) = Oct 17 2023 00:39:31
* NMEA baud rate = 4800
** H41
** NPOALTEMAXIMIANO
** NUMERO DA ESTACAO (XXX) 005
** LAT (XX XX.XX S/N) 39 19.919 S
** LONG (XXX XX.XX W/E) 053 09.46 W
** DATAHORA (dd/mm/aaaa hh:mm Z) 17/10/2023 0025Z
** PROFUNDIDADE (m) 4727
** OPERADOR ZAMITH
# nquan = 30
# nvalues = 1005                        
# units = specified
# name 0 = scan: Scan Count
# name 1 = timeJ: Julian Days
# name 2 = latitude: Latitude [deg]
# name 3 = longitude: Longitude [deg]
# name 4 = dz/dtM: Descent Rate [m/s]
# name 5 = avgsvCM: Average Sound Velocity [Chen-Millero, m/s]
# name 6 = prDM: Pressure, Digiquartz [db]
# name 7 = depSM: Depth [salt water, m]
# name 8 = t090C: Temperature [ITS-90, deg C]
# name 9 = t190C: Temperature, 2 [ITS-90, deg C]
# name 10 = T2-T190C: Temperature Difference, 2 - 1 [ITS-90, deg C]
# name 11 = potemp090C: Potential Temperature [ITS-90, deg C]
# name 12 = potemp190C: Potential Temperature, 2 [ITS-90, deg C]
# name 13 = potemp90Cdiff: Potential Temperature, Diff, 2 - 1 [ITS-90, deg C]
# name 14 = c0S/m: Conductivity [S/m]
# name 15 = c1S/m: Conductivity, 2 [S/m]
# name 16 = C2-C1S/m: Conductivity Difference, 2 - 1 [S/m]
# name 17 = sal00: Salinity, Practical [PSU]
# name 18 = sal11: Salinity, Practical, 2 [PSU]
# name 19 = sbeox0ML/L: Oxygen, SBE 43 [ml/l]
# name 20 = sigma-é00: Density [sigma-theta, kg/m^3]
# name 21 = sigma-é11: Density, 2 [sigma-theta, kg/m^3]
# name 22 = sal00: Salinity, Practical [PSU]
# name 23 = sigma-é00: Density [sigma-theta, kg/m^3]
# name 24 = svCM: Sound Velocity [Chen-Millero, m/s]
# name 25 = svCM1: Sound Velocity, 2 [Chen-Millero, m/s]
# name 26 = gsw_ptA0: potential temperature [ITS-90, deg C]
# name 27 = gsw_densityA0: density, TEOS-10 [density, kg/m^3]
# name 28 = gsw_saA0: Absolute Salinity [g/kg]
# name 29 = flag:
# span 0 =      32415,      68185       
# span 1 = 290.043074, 290.060324       
# span 2 =  -39.31285,  -39.31084       
# span 3 =  -53.15054,  -53.14778       
# span 4 =     -1.712,     -0.023       
# span 5 =    1471.91,    1471.91       
# span 6 =      0.000,   1004.000       
# span 7 =      0.040,    993.965       
# span 8 =     2.6975,     9.4599       
# span 9 =     2.6979,     9.4666       
# span 10 =    -0.1422,     0.0797      
# span 11 =     2.6329,     9.4594      
# span 12 =     2.6337,     9.4661      
# span 13 =    -0.1422,     0.0797      
# span 14 =   3.090347,   3.658214      
# span 15 =   3.090342,   3.658536      
# span 16 =  -0.011993,   0.006644      
# span 17 =    33.9580,    34.5402      
# span 18 =    33.9536,    34.5399      
# span 19 =     3.9113,     6.7820      
# span 20 =    26.2282,    27.5508      
# span 21 =    26.2236,    27.5505      
# span 22 =    33.9628,    34.5402      
# span 23 =    26.2336,    27.5508      
# span 24 =    1465.55,    1486.70      
# span 25 =    1465.56,    1486.72      
# span 26 =     2.6328,     9.4594      
# span 27 =  1026.2469,  1032.2089      
# span 28 =    34.1231,    34.7060      
# span 29 = 0.0000e+00, 0.0000e+00      
# interval = decibars: 1                
# start_time = Oct 17 2023 00:39:31 [NMEA time, header]
# bad_flag = -9.990e-29
*END*
[from data line 726]
      53413 290.053200  -39.31162  -53.14806     -0.889    1471.91    278.000    275.702     2.9559     2.9583     0.0024     2.9389     2.9413     0.0024   3.098500   3.098604   0.000098    34.0669    34.0656     6.4074    27.1457    27.1445    34.0674    27.1461    1465.55    1465.56     2.9389  1028.4455    34.2285 0.0000e+00
      53429 290.053208  -39.31162  -53.14808     -1.218    1471.91    277.000    274.710     2.9609     2.9676     0.0067     2.9440     2.9507     0.0067   3.098944   3.099361   0.000364    34.0669    34.0643     6.4115    27.1452    27.1425    34.0680    27.1461    1465.56    1465.58     2.9440  1028.4408    34.2292 0.0000e+00
      53445 290.053216  -39.31161  -53.14808     -1.440    1471.91    276.000    273.720     2.9707     2.9789     0.0082     2.9538     2.9620     0.0082   3.099744   3.100300   0.000512    34.0665    34.0640     6.4133    27.1440    27.1413    34.0680    27.1452    1465.58    1465.62     2.9538  1028.4352    34.2291 0.0000e+00
      53464 290.053225  -39.31160  -53.14808     -1.426    1471.91    275.000    272.728     2.9784     2.9839     0.0054     2.9616     2.9670     0.0054   3.100327   3.100638   0.000360    34.0660    34.0646     6.4152    27.1429    27.1413    34.0675    27.1441    1465.60    1465.62     2.9615  1028.4294    34.2286 0.0000e+00
      53513 290.053248  -39.31160  -53.14808     -0.627    1471.91    274.000    271.740     2.9948     2.9964     0.0016     2.9780     2.9796     0.0016   3.101680   3.101732   0.000054    34.0657    34.0647     6.4127    27.1412    27.1403    34.0672    27.1424    1465.65    1465.66     2.9780  1028.4228    34.2282 0.0000e+00
      53577 290.053279  -39.31160  -53.14806     -0.403    1471.91    273.000    270.738     2.9987     3.0002     0.0015     2.9820     2.9835     0.0015   3.101916   3.101988   0.000075    34.0658    34.0652     6.4177    27.1410    27.1403    34.0665    27.1415    1465.65    1465.66     2.9820  1028.4172    34.2275 0.0000e+00
      53601 290.053291  -39.31160  -53.14806     -0.817    1471.91    272.000    269.755     2.9995     3.0003     0.0007     2.9829     2.9836     0.0007   3.101982   3.101975  -0.000007    34.0661    34.0653     6.4181    27.1411    27.1404    34.0670    27.1418    1465.64    1465.64     2.9828  1028.4129    34.2281 0.0000e+00
      53623 290.053302  -39.31160  -53.14808     -1.038    1471.91    271.000    268.764     3.0009     3.0022     0.0013     2.9843     2.9856     0.0013   3.102070   3.102093   0.000040    34.0662    34.0653     6.4170    27.1410    27.1402    34.0671    27.1418    1465.63    1465.63     2.9843  1028.4082    34.2282 0.0000e+00
      53649 290.053314  -39.31160  -53.14808     -1.024    1471.91    270.000    267.773     3.0031     3.0028    -0.0003     2.9865     2.9863    -0.0003   3.102115   3.102079  -0.000041    34.0655    34.0652     6.4139    27.1403    27.1401    34.0659    27.1406    1465.62    1465.62     2.9865  1028.4024    34.2270 0.0000e+00
      53683 290.053330  -39.31161  -53.14808     -0.755    1471.91    269.000    266.782     3.0043     3.0055     0.0012     2.9878     2.9890     0.0012   3.102100   3.102131   0.000032    34.0641    34.0632     6.4125    27.1391    27.1382    34.0650    27.1398    1465.61    1465.61     2.9878  1028.3969    34.2261 0.0000e+00
      53720 290.053348  -39.31162  -53.14808     -0.650    1471.91    268.000    265.791     3.0132     3.0136     0.0005     2.9967     2.9972     0.0005   3.102813   3.102776  -0.000030    34.0639    34.0630     6.4113    27.1381    27.1373    34.0649    27.1389    1465.63    1465.63     2.9967  1028.3913    34.2260 0.0000e+00
      53756 290.053366  -39.31161  -53.14808     -0.654    1471.91    267.000    264.800     3.0183     3.0184     0.0001     3.0019     3.0020     0.0001   3.103204   3.103133  -0.000068    34.0639    34.0630     6.4228    27.1376    27.1369    34.0647    27.1383    1465.64    1465.63     3.0019  1028.3860    34.2258 0.0000e+00
      53787 290.053380  -39.31160  -53.14808     -0.746    1471.91    266.000    263.808     3.0217     3.0192    -0.0025     3.0053     3.0029    -0.0025   3.103485   3.103166  -0.000264    34.0639    34.0633     6.4341    27.1373    27.1371    34.0651    27.1383    1465.63    1465.62     3.0053  1028.3813    34.2262 0.0000e+00
      53815 290.053394  -39.31160  -53.14808     -0.834    1471.91    265.000    262.818     3.0340     3.0221    -0.0118     3.0177     3.0059    -0.0118   3.104603   3.103480  -0.001093    34.0642    34.0634     6.4359    27.1364    27.1369    34.0663    27.1381    1465.67    1465.62     3.0177  1028.3764    34.2274 0.0000e+00
      53841 290.053407  -39.31160  -53.14808     -0.891    1471.91    264.000    261.826     3.0474     3.0382    -0.0091     3.0311     3.0220    -0.0091   3.105737   3.104875  -0.000865    34.0643    34.0635     6.4351    27.1353    27.1355    34.0665    27.1371    1465.71    1465.67     3.0311  1028.3706    34.2276 0.0000e+00
      53870 290.053421  -39.31160  -53.14808     -0.867    1471.91    263.000    260.835     3.0684     3.0634    -0.0049     3.0521     3.0472    -0.0049   3.107681   3.107188  -0.000512    34.0654    34.0643     6.4328    27.1343    27.1339    34.0685    27.1368    1465.79    1465.77     3.0521  1028.3655    34.2296 0.0000e+00
      53910 290.053440  -39.31160  -53.14808     -0.631    1471.91    262.000    259.844     3.0907     3.0917     0.0010     3.0745     3.0754     0.0010   3.109600   3.109593  -0.000017    34.0664    34.0652     6.4280    27.1331    27.1320    34.0688    27.1350    1465.87    1465.87     3.0744  1028.3589    34.2300 0.0000e+00
      53948 290.053458  -39.31160  -53.14808     -0.601    1471.91    261.000    258.853     3.0959     3.0931    -0.0028     3.0797     3.0769    -0.0028   3.109957   3.109639  -0.000278    34.0664    34.0659     6.4271    27.1326    27.1325    34.0682    27.1340    1465.87    1465.86     3.0797  1028.3532    34.2293 0.0000e+00
      53978 290.053473  -39.31160  -53.14808     -0.757    1471.91    260.000    257.862     3.0974     3.0931    -0.0043     3.0813     3.0769    -0.0043   3.109983   3.109643  -0.000350    34.0661    34.0664     6.4146    27.1322    27.1328    34.0675    27.1333    1465.86    1465.84     3.0813  1028.3478    34.2286 0.0000e+00
      54005 290.053486  -39.31160  -53.14808     -0.874    1471.91    259.000    256.870     3.0999     3.0952    -0.0048     3.0839     3.0791    -0.0048   3.110298   3.109743  -0.000474    34.0666    34.0659     6.4133    27.1323    27.1322    34.0692    27.1344    1465.86    1465.84     3.0838  1028.3443    34.2303 0.0000e+00
      54034 290.053500  -39.31160  -53.14808     -0.845    1471.91    258.000    255.879     3.1370     3.1306    -0.0064     3.1209     3.1146    -0.0064   3.113711   3.113120  -0.000676    34.0676    34.0661     6.4089    27.1297    27.1291    34.0721    27.1333    1466.00    1465.98     3.1209  1028.3383    34.2332 0.0000e+00
      54065 290.053514  -39.31160  -53.14808     -0.796    1471.91    257.000    254.888     3.1592     3.1532    -0.0061     3.1432     3.1371    -0.0061   3.115481   3.114897  -0.000522    34.0671    34.0672     6.4154    27.1273    27.1280    34.0706    27.1301    1466.08    1466.05     3.1431  1028.3303    34.2318 0.0000e+00
      54097 290.053530  -39.31160  -53.14808     -0.765    1471.91    256.000    253.897     3.2019     3.1948    -0.0071     3.1858     3.1787    -0.0071   3.119689   3.119094  -0.000621    34.0700    34.0699     6.3939    27.1257    27.1263    34.0772    27.1315    1466.26    1466.22     3.1858  1028.3267    34.2384 0.0000e+00
      54138 290.053550  -39.31160  -53.14808     -0.609    1471.91    255.000    252.909     3.2586     3.2602     0.0016     3.2424     3.2441     0.0016   3.124850   3.124929   0.000054    34.0748    34.0737     6.3943    27.1243    27.1233    34.0806    27.1289    1466.48    1466.49     3.2424  1028.3190    34.2417 0.0000e+00
      54184 290.053572  -39.31160  -53.14808     -0.492    1471.91    254.000    251.909     3.2683     3.2668    -0.0015     3.2522     3.2507    -0.0015   3.125477   3.125195  -0.000223    34.0758    34.0747     6.3803    27.1242    27.1235    34.0785    27.1263    1466.51    1466.50     3.2522  1028.3117    34.2396 0.0000e+00
      54211 290.053585  -39.31160  -53.14808     -0.746    1471.91    253.000    250.923     3.2511     3.2411    -0.0100     3.2351     3.2251    -0.0100   3.123677   3.123020  -0.000825    34.0743    34.0749     6.3575    27.1246    27.1260    34.0753    27.1254    1466.41    1466.37     3.2351  1028.3063    34.2365 0.0000e+00
      54231 290.053595  -39.31160  -53.14808     -1.014    1471.91    252.000    249.932     3.2499     3.2590     0.0091     3.2340     3.2430     0.0091   3.124178   3.124526   0.000423    34.0790    34.0746     6.3545    27.1285    27.1241    34.0832    27.1317    1466.40    1466.43     3.2339  1028.3080    34.2443 0.0000e+00
      54250 290.053604  -39.31160  -53.14808     -1.197    1471.91    251.000    248.941     3.2640     3.2668     0.0028     3.2481     3.2509     0.0028   3.125017   3.125117   0.000100    34.0764    34.0746     6.3561    27.1250    27.1233    34.0790    27.1271    1466.44    1466.45     3.2481  1028.2986    34.2402 0.0000e+00
      54272 290.053614  -39.31160  -53.14808     -1.213    1471.91    250.000    247.950     3.2673     3.2683     0.0011     3.2514     3.2525     0.0011   3.125132   3.125130  -0.000018    34.0756    34.0743     6.3673    27.1241    27.1229    34.0775    27.1256    1466.44    1466.44     3.2514  1028.2924    34.2387 0.0000e+00
      54307 290.053631  -39.31160  -53.14809     -0.812    1471.91    249.000    246.961     3.2580     3.2600     0.0020     3.2422     3.2442     0.0020   3.123923   3.124002   0.000077    34.0722    34.0710     6.3703    27.1222    27.1211    34.0732    27.1231    1466.37    1466.38     3.2422  1028.2853    34.2344 0.0000e+00
      54365 290.053660  -39.31160  -53.14808     -0.344    1471.91    248.000    245.961     3.2568     3.2582     0.0013     3.2412     3.2425     0.0013   3.123706   3.123702  -0.000009    34.0711    34.0697     6.3826    27.1215    27.1202    34.0724    27.1224    1466.35    1466.36     3.2411  1028.2800    34.2335 0.0000e+00
      54398 290.053675  -39.31160  -53.14808     -0.649    1471.91    247.000    244.976     3.2588     3.2599     0.0011     3.2432     3.2443     0.0011   3.123845   3.123849   0.000011    34.0716    34.0705     6.3962    27.1216    27.1207    34.0725    27.1224    1466.34    1466.35     3.2432  1028.2753    34.2336 0.0000e+00
      54422 290.053687  -39.31160  -53.14808     -0.913    1471.91    246.000    243.985     3.2591     3.2605     0.0013     3.2436     3.2450     0.0013   3.123807   3.123853   0.000030    34.0715    34.0705     6.3977    27.1216    27.1206    34.0722    27.1221    1466.33    1466.33     3.2435  1028.2704    34.2334 0.0000e+00
      54446 290.053699  -39.31160  -53.14808     -1.002    1471.91    245.000    242.994     3.2632     3.2627    -0.0006     3.2477     3.2472    -0.0006   3.124140   3.123984  -0.000126    34.0712    34.0703     6.3969    27.1210    27.1202    34.0725    27.1220    1466.33    1466.33     3.2477  1028.2656    34.2336 0.0000e+00
      54476 290.053713  -39.31160  -53.14808     -0.872    1471.91    244.000    242.003     3.2821     3.2794    -0.0027     3.2666     3.2639    -0.0026   3.125867   3.125612  -0.000283    34.0711    34.0705     6.3978    27.1191    27.1188    34.0741    27.1215    1466.40    1466.38     3.2666  1028.2603    34.2352 0.0000e+00
      54515 290.053731  -39.31160  -53.14808     -0.641    1471.91    243.000    241.012     3.3235     3.3198    -0.0037     3.3081     3.3043    -0.0037   3.129734   3.129221  -0.000458    34.0739    34.0723     6.3950    27.1174    27.1165    34.0777    27.1205    1466.56    1466.54     3.3080  1028.2544    34.2389 0.0000e+00
      54548 290.053747  -39.31160  -53.14808     -0.673    1471.91    242.000    240.020     3.3330     3.3261    -0.0069     3.3176     3.3107    -0.0069   3.130157   3.129558  -0.000590    34.0721    34.0722     6.3937    27.1151    27.1158    34.0735    27.1162    1466.58    1466.55     3.3175  1028.2453    34.2346 0.0000e+00
      54571 290.053759  -39.31160  -53.14808     -0.896    1471.91    241.000    239.029     3.3285     3.3261    -0.0023     3.3131     3.3108    -0.0023   3.129838   3.129611  -0.000280    34.0731    34.0722     6.3902    27.1163    27.1158    34.0749    27.1178    1466.54    1466.53     3.3131  1028.2423    34.2360 0.0000e+00
      54593 290.053769  -39.31158  -53.14808     -1.065    1471.91    240.000    238.038     3.3326     3.3330     0.0005     3.3172     3.3177     0.0005   3.130194   3.130127  -0.000055    34.0735    34.0723     6.3812    27.1162    27.1153    34.0754    27.1178    1466.55    1466.55     3.3173  1028.2376    34.2365 0.0000e+00
      54618 290.053781  -39.31158  -53.14808     -1.036    1471.91    239.000    237.047     3.3362     3.3366     0.0004     3.3210     3.3214     0.0004   3.130335   3.130299  -0.000044    34.0723    34.0713     6.3813    27.1149    27.1141    34.0738    27.1161    1466.54    1466.54     3.3209  1028.2314    34.2350 0.0000e+00
      54657 290.053800  -39.31158  -53.14808     -0.680    1471.91    238.000    236.060     3.3403     3.3412     0.0009     3.3251     3.3260     0.0009   3.130532   3.130511  -0.000030    34.0711    34.0698     6.3771    27.1136    27.1125    34.0725    27.1147    1466.54    1466.54     3.3251  1028.2252    34.2336 0.0000e+00
      54705 290.053823  -39.31158  -53.14808     -0.472    1471.91    237.000    235.058     3.3435     3.3445     0.0010     3.3284     3.3293     0.0010   3.130727   3.130716  -0.000009    34.0709    34.0698     6.3863    27.1131    27.1121    34.0720    27.1140    1466.54    1466.54     3.3284  1028.2198    34.2331 0.0000e+00
      54736 290.053838  -39.31158  -53.14808     -0.699    1471.91    236.000    234.073     3.3430     3.3431     0.0001     3.3279     3.3280     0.0001   3.130631   3.130581  -0.000063    34.0712    34.0704     6.3992    27.1134    27.1127    34.0719    27.1139    1466.52    1466.52     3.3279  1028.2152    34.2330 0.0000e+00
      54762 290.053851  -39.31158  -53.14808     -0.879    1471.91    235.000    233.081     3.3427     3.3439     0.0012     3.3277     3.3289     0.0012   3.130620   3.130592  -0.000006    34.0716    34.0703     6.4034    27.1137    27.1126    34.0726    27.1145    1466.50    1466.51     3.3277  1028.2111    34.2337 0.0000e+00
      54788 290.053863  -39.31158  -53.14808     -0.929    1471.91    234.000    232.090     3.3477     3.3463    -0.0014     3.3327     3.3313    -0.0014   3.130917   3.130744  -0.000176    34.0706    34.0699     6.4037    27.1124    27.1121    34.0715    27.1132    1466.51    1466.50     3.3327  1028.2051    34.2327 0.0000e+00
      54817 290.053877  -39.31158  -53.14808     -0.871    1471.91    233.000    231.099     3.3512     3.3513     0.0001     3.3363     3.3364     0.0001   3.130995   3.130985  -0.000039    34.0689    34.0683     6.4072    27.1107    27.1103    34.0693    27.1111    1466.50    1466.50     3.3363  1028.1983    34.2304 0.0000e+00
      54851 290.053894  -39.31158  -53.14808     -0.729    1471.91    232.000    230.108     3.3521     3.3529     0.0007     3.3373     3.3381     0.0007   3.130834   3.130900   0.000043    34.0658    34.0662     6.4026    27.1082    27.1085    34.0669    27.1091    1466.49    1466.49     3.3373  1028.1917    34.2280 0.0000e+00
