Pos-Processados/process_op42/Processamento_split/up/uoperantar42_001.cnv
* Sea-Bird SBE 9 Data File:
* FileName = C:\Users\Hidrografia\Desktop\OPXLII\Brutos\OP42001.hdr
* Software Version Seasave V 7.26.7.107
* Temperature SN = 6502
* Conductivity SN = 4998
* Number of Bytes Per Scan = 37
* Number of Voltage Words = 4
* Number of Scans Averaged by the Deck Unit = 1
* NMEA Latitude = 37 22.97 S
* NMEA Longitude = 051 25.37 W
* NMEA UTC (Time) = Oct 16 2023 02:33:28
* NMEA baud rate = 4800
** H41
** NPOALTEMAXIMIANO
** NUMERO DA ESTACAO (XXX) 001
** LAT (XX XX.XX S/N) 37 21.653 S
** LONG (XXX XX.XX W/E) 51 23.878 W
** DATAHORA (dd/mm/aaaa hh:mm Z) 16/10/2023 0155
** PROFUNDIDADE (m) 4344
** OPERADOR CT FILIPE LOPES
# nquan = 30
# nvalues = 1004                        
# units = specified
# name 0 = scan: Scan Count
# name 1 = timeJ: Julian Days
# name 2 = latitude: Latitude [deg]
# name 3 = longitude: Longitude [deg]
# name 4 = dz/dtM: Descent Rate [m/s]
# name 5 = avgsvCM: Average Sound Velocity [Chen-Millero, m/s]
# name 6 = prDM: Pressure, Digiquartz [db]
# name 7 = depSM: Depth [salt water, m]
# name 8 = t090C: Temperature [ITS-90, deg C]
# name 9 = t190C: Temperature, 2 [ITS-90, deg C]
# name 10 = T2-T190C: Temperature Difference, 2 - 1 [ITS-90, deg C]
# name 11 = potemp090C: Potential Temperature [ITS-90, deg C]
# name 12 = potemp190C: Potential Temperature, 2 [ITS-90, deg C]
# name 13 = potemp90Cdiff: Potential Temperature, Diff, 2 - 1 [ITS-90, deg C]
# name 14 = c0S/m: Conductivity [S/m]
# name 15 = c1S/m: Conductivity, 2 [S/m]
# name 16 = C2-C1S/m: Conductivity Difference, 2 - 1 [S/m]
# name 17 = sal00: Salinity, Practical [PSU]
# name 18 = sal11: Salinity, Practical, 2 [PSU]
# name 19 = sbeox0ML/L: Oxygen, SBE 43 [ml/l]
# name 20 = sigma-é00: Density [sigma-theta, kg/m^3]
# name 21 = sigma-é11: Density, 2 [sigma-theta, kg/m^3]
# name 22 = sal00: Salinity, Practical [PSU]
# name 23 = sigma-é00: Density [sigma-theta, kg/m^3]
# name 24 = svCM: Sound Velocity [Chen-Millero, m/s]
# name 25 = svCM1: Sound Velocity, 2 [Chen-Millero, m/s]
# name 26 = gsw_ptA0: potential temperature [ITS-90, deg C]
# name 27 = gsw_densityA0: density, TEOS-10 [density, kg/m^3]
# name 28 = gsw_saA0: Absolute Salinity [g/kg]
# name 29 = flag:
# span 0 =      39583,      80372       
# span 1 = 289.125663, 289.145334       
# span 2 =  -37.40116,  -37.39420       
# span 3 =  -51.45054,  -51.43364       
# span 4 =     -1.516,     -0.163       
# span 5 =    1502.20,    1502.93       
# span 6 =      8.000,   1011.000       
# span 7 =      7.939,   1001.058       
# span 8 =     4.3601,    18.7246       
# span 9 =     4.3614,    18.7272       
# span 10 =    -0.1012,     0.0422      
# span 11 =     4.2813,    18.7193      
# span 12 =     4.2826,    18.7219      
# span 13 =    -0.1009,     0.0419      
# span 14 =   3.264498,   4.824947      
# span 15 =   3.264484,   4.825168      
# span 16 =  -0.013409,   0.003628      
# span 17 =    34.1992,    36.3441      
# span 18 =    34.1988,    36.3452      
# span 19 =     4.4813,     5.6263      
# span 20 =    26.0504,    27.1229      
# span 21 =    26.0512,    27.1223      
# span 22 =    34.2000,    36.3457      
# span 23 =    26.0504,    27.1229      
# span 24 =    1483.63,    1521.06      
# span 25 =    1483.61,    1521.06      
# span 26 =     4.2810,    18.7193      
# span 27 =  1026.0910,  1031.7707      
# span 28 =    34.3644,    36.5173      
# span 29 = 0.0000e+00, 0.0000e+00      
# interval = decibars: 1                
# start_time = Oct 16 2023 02:33:28 [NMEA time, header]
# bad_flag = -9.990e-29
*END*
[from data line 97]
      42489 289.127064  -37.39474  -51.43482     -0.937    1502.20    914.000    905.216     5.0139     5.0145     0.0007     4.9386     4.9393     0.0007   3.320936   3.320900  -0.000054    34.2319    34.2306     5.5248    27.0733    27.0722    34.2331    27.0743    1484.85    1484.85     4.9384  1031.2659    34.3964 0.0000e+00
      42509 289.127074  -37.39474  -51.43482     -1.125    1502.20    913.000    904.228     5.0161     5.0194     0.0033     4.9409     4.9442     0.0033   3.321092   3.321305   0.000166    34.2320    34.2305     5.5308    27.0731    27.0716    34.2332    27.0741    1484.84    1484.85     4.9407  1031.2611    34.3965 0.0000e+00
      42527 289.127082  -37.39474  -51.43483     -1.250    1502.20    912.000    903.240     5.0193     5.0224     0.0031     4.9441     4.9472     0.0031   3.321381   3.321530   0.000154    34.2323    34.2309     5.5275    27.0730    27.0715    34.2337    27.0741    1484.84    1484.85     4.9439  1031.2568    34.3973 0.0000e+00
      42546 289.127091 -9.990e-29  -51.43484     -1.294    1502.20    911.000    902.251     5.0238     5.0254     0.0016     4.9487     4.9503     0.0016   3.321740   3.321756   0.000034    34.2323    34.2310     5.5282    27.0724    27.0712    34.2337    27.0736    1484.84    1484.84     4.9485  1031.2534    34.3997 0.0000e+00
      42566 289.127101 -9.990e-29  -51.43484     -1.245    1502.20    910.000    901.263     5.0294     5.0275    -0.0019     4.9544     4.9525    -0.0019   3.322223   3.321913  -0.000285    34.2326    34.2312     5.5341    27.0720    27.0712    34.2341    27.0732    1484.85    1484.84     4.9542  1031.2484    34.4000 0.0000e+00
      42588 289.127112 -9.990e-29  -51.43484     -1.142    1502.20    909.000    900.275     5.0339     5.0325    -0.0014     4.9590     4.9576    -0.0014   3.322594   3.322355  -0.000248    34.2328    34.2314     5.5347    27.0717    27.0707    34.2342    27.0728    1484.85    1484.84     4.9587  1031.2433    34.4001 0.0000e+00
      42611 289.127123 -9.990e-29  -51.43486     -1.072    1502.20    908.000    899.287     5.0374     5.0356    -0.0018     4.9625     4.9607    -0.0018   3.322829   3.322572  -0.000256    34.2327    34.2316     5.5334    27.0712    27.0706    34.2339    27.0721    1484.84    1484.84     4.9623  1031.2380    34.3998 0.0000e+00
      42633 289.127133 -9.990e-29  -51.43486     -1.070    1502.20    907.000    898.298     5.0390     5.0384    -0.0006     4.9642     4.9636    -0.0006   3.322957   3.322813  -0.000167    34.2331    34.2318     5.5286    27.0714    27.0704    34.2342    27.0722    1484.84    1484.83     4.9640  1031.2335    34.4001 0.0000e+00
      42653 289.127143 -9.990e-29  -51.43488     -1.125    1502.20    906.000    897.310     5.0390     5.0403     0.0013     4.9643     4.9655     0.0013   3.322895   3.322927   0.000023    34.2331    34.2320     5.5341    27.0713    27.0703    34.2340    27.0720    1484.82    1484.82     4.9640  1031.2288    34.3999 0.0000e+00
      42673 289.127153 -9.990e-29  -51.43488     -1.196    1502.20    905.000    896.322     5.0394     5.0425     0.0031     4.9647     4.9678     0.0031   3.322933   3.323093   0.000172    34.2334    34.2322     5.5365    27.0715    27.0702    34.2345    27.0724    1484.80    1484.82     4.9645  1031.2246    34.4004 0.0000e+00
      42693 289.127162 -9.990e-29  -51.43489     -1.218    1502.20    904.000    895.334     5.0436     5.0431    -0.0004     4.9690     4.9686    -0.0004   3.323298   3.323123  -0.000156    34.2337    34.2324     5.5296    27.0713    27.0703    34.2349    27.0722    1484.80    1484.80     4.9688  1031.2198    34.4008 0.0000e+00
      42717 289.127174 -9.990e-29  -51.43490     -1.117    1502.20    903.000    894.345     5.0495     5.0460    -0.0035     4.9750     4.9715    -0.0035   3.323809   3.323338  -0.000431    34.2339    34.2325     5.5320    27.0707    27.0700    34.2352    27.0717    1484.81    1484.80     4.9748  1031.2146    34.4011 0.0000e+00
      42746 289.127188  -37.39478  -51.43491     -0.883    1502.20    902.000    893.357     5.0556     5.0454    -0.0102     4.9811     4.9709    -0.0102   3.324293   3.323263  -0.001038    34.2340    34.2325     5.5344    27.0701    27.0701    34.2350    27.0709    1484.82    1484.78     4.9809  1031.2074    34.3987 0.0000e+00
      42772 289.127200  -37.39480  -51.43492     -0.842    1502.20    901.000    892.369     5.0580     5.0594     0.0013     4.9836     4.9850     0.0013   3.324487   3.324541  -0.000016    34.2341    34.2326     5.5371    27.0699    27.0685    34.2353    27.0708    1484.81    1484.82     4.9834  1031.2024    34.3985 0.0000e+00
      42791 289.127210  -37.39480  -51.43493     -1.037    1502.20    900.000    891.381     5.0636     5.0702     0.0067     4.9892     4.9958     0.0066   3.325036   3.325443   0.000412    34.2347    34.2326     5.5340    27.0697    27.0673    34.2364    27.0711    1484.82    1484.85     4.9890  1031.1980    34.3997 0.0000e+00
      42809 289.127218  -37.39480  -51.43494     -1.246    1502.20    899.000    890.392     5.0743     5.0798     0.0055     5.0000     5.0054     0.0055   3.325903   3.326342   0.000353    34.2346    34.2331     5.5220    27.0684    27.0666    34.2359    27.0694    1484.85    1484.87     4.9997  1031.1915    34.3991 0.0000e+00
      42826 289.127227  -37.39480  -51.43494     -1.357    1502.20    898.000    889.404     5.0763     5.0807     0.0044     5.0020     5.0064     0.0044   3.326060   3.326332   0.000350    34.2342    34.2337     5.5245    27.0678    27.0669    34.2362    27.0694    1484.84    1484.86     5.0018  1031.1869    34.3994 0.0000e+00
      42845 289.127236  -37.39480  -51.43496     -1.345    1502.20    897.000    888.415     5.0865     5.0790    -0.0076     5.0123     5.0048    -0.0075   3.327081   3.326117  -0.000801    34.2352    34.2337     5.5209    27.0675    27.0672    34.2379    27.0697    1484.87    1484.83     5.0120  1031.1824    34.4012 0.0000e+00
      42869 289.127247  -37.39480  -51.43496     -1.156    1502.20    896.000    887.427     5.0995     5.0873    -0.0123     5.0253     5.0131    -0.0122   3.328106   3.326941  -0.001237    34.2350    34.2333     5.5195    27.0658    27.0659    34.2369    27.0674    1484.90    1484.85     5.0250  1031.1752    34.4002 0.0000e+00
      42895 289.127260  -37.39482  -51.43498     -0.949    1502.20    895.000    886.439     5.1055     5.1045    -0.0010     5.0313     5.0303    -0.0010   3.328613   3.328409  -0.000219    34.2356    34.2341     5.5343    27.0656    27.0646    34.2371    27.0668    1484.91    1484.91     5.0311  1031.1700    34.4004 0.0000e+00
      42918 289.127271  -37.39482  -51.43498     -0.969    1502.20    894.000    885.450     5.1089     5.1112     0.0023     5.0348     5.0371     0.0023   3.328948   3.329079   0.000040    34.2361    34.2342     5.5352    27.0656    27.0638    34.2380    27.0671    1484.91    1484.92     5.0345  1031.1657    34.4012 0.0000e+00
      42940 289.127281  -37.39482  -51.43498     -1.074    1502.20    893.000    884.462     5.1245     5.1338     0.0093     5.0503     5.0595     0.0092   3.330364   3.331047   0.000683    34.2357    34.2341     5.5385    27.0635    27.0612    34.2388    27.0660    1484.96    1484.99     5.0501  1031.1597    34.4021 0.0000e+00
      42964 289.127293  -37.39482  -51.43500     -1.063    1502.20    892.000    883.474     5.1385     5.1342    -0.0043     5.0643     5.0600    -0.0043   3.331606   3.331028  -0.000447    34.2364    34.2357     5.5438    27.0625    27.0624    34.2393    27.0648    1485.00    1484.98     5.0641  1031.1536    34.4026 0.0000e+00
      42990 289.127306  -37.39484  -51.43500     -0.932    1502.20    891.000    882.486     5.1476     5.1426    -0.0050     5.0735     5.0685    -0.0050   3.332373   3.331862  -0.000580    34.2371    34.2356     5.5430    27.0620    27.0613    34.2393    27.0637    1485.02    1485.00     5.0733  1031.1478    34.4025 0.0000e+00
      43014 289.127317  -37.39484  -51.43502     -0.933    1502.20    890.000    881.497     5.1516     5.1507    -0.0008     5.0775     5.0767    -0.0008   3.332693   3.332505  -0.000198    34.2375    34.2361     5.5410    27.0618    27.0608    34.2394    27.0633    1485.02    1485.01     5.0773  1031.1428    34.4027 0.0000e+00
      43035 289.127327  -37.39484  -51.43502     -1.061    1502.20    889.000    880.509     5.1532     5.1526    -0.0006     5.0792     5.0786    -0.0006   3.332766   3.332595  -0.000155    34.2376    34.2365     5.5439    27.0617    27.0608    34.2391    27.0629    1485.01    1485.00     5.0790  1031.1378    34.4024 0.0000e+00
      43056 289.127337  -37.39484  -51.43503     -1.162    1502.20    888.000    879.521     5.1534     5.1548     0.0014     5.0794     5.0809     0.0014   3.332725   3.332781   0.000037    34.2375    34.2365     5.5423    27.0615    27.0606    34.2389    27.0627    1484.99    1485.00     5.0793  1031.1331    34.4022 0.0000e+00
      43078 289.127348  -37.39485  -51.43504     -1.148    1502.20    887.000    878.532     5.1570     5.1531    -0.0039     5.0831     5.0792    -0.0039   3.333024   3.332573  -0.000411    34.2376    34.2369     5.5436    27.0612    27.0611    34.2392    27.0625    1484.99    1484.97     5.0829  1031.1282    34.4024 0.0000e+00
      43101 289.127359  -37.39486  -51.43505     -1.050    1502.20    886.000    877.544     5.1598     5.1592    -0.0006     5.0860     5.0854    -0.0006   3.333201   3.333046  -0.000175    34.2374    34.2360     5.5370    27.0608    27.0597    34.2388    27.0619    1484.99    1484.98     5.0858  1031.1230    34.4021 0.0000e+00
      43124 289.127370  -37.39486  -51.43506     -1.033    1502.20    885.000    876.555     5.1624     5.1625     0.0001     5.0887     5.0888     0.0001   3.333319   3.333254  -0.000085    34.2368    34.2357     5.5395    27.0599    27.0591    34.2380    27.0609    1484.98    1484.98     5.0885  1031.1175    34.4012 0.0000e+00
      43144 289.127380  -37.39486  -51.43507     -1.107    1502.20    884.000    875.567     5.1642     5.1651     0.0009     5.0906     5.0915     0.0009   3.333394   3.333377  -0.000026    34.2365    34.2353     5.5478    27.0595    27.0584    34.2375    27.0603    1484.97    1484.97     5.0904  1031.1123    34.4007 0.0000e+00
      43165 289.127390  -37.39486  -51.43508     -1.171    1502.20    883.000    874.579     5.1651     5.1663     0.0011     5.0916     5.0927     0.0011   3.333427   3.333414  -0.000015    34.2364    34.2351     5.5385    27.0593    27.0581    34.2374    27.0601    1484.96    1484.96     5.0914  1031.1075    34.4006 0.0000e+00
      43189 289.127402  -37.39487  -51.43508     -1.089    1502.20    882.000    873.590     5.1658     5.1667     0.0009     5.0923     5.0932     0.0009   3.333387   3.333401   0.000008    34.2360    34.2352     5.5356    27.0589    27.0581    34.2368    27.0595    1484.94    1484.94     5.0921  1031.1024    34.4000 0.0000e+00
      43218 289.127415  -37.39488  -51.43509     -0.876    1502.20    881.000    872.602     5.1672     5.1668    -0.0004     5.0939     5.0934    -0.0004   3.333449   3.333353  -0.000093    34.2357    34.2351     5.5429    27.0585    27.0581    34.2366    27.0592    1484.93    1484.93     5.0936  1031.0974    34.3997 0.0000e+00
      43243 289.127428  -37.39488  -51.43510     -0.872    1502.20    880.000    871.613     5.1678     5.1684     0.0006     5.0945     5.0951     0.0006   3.333429   3.333402  -0.000036    34.2356    34.2346     5.5465    27.0583    27.0575    34.2362    27.0588    1484.92    1484.92     5.0943  1031.0925    34.3994 0.0000e+00
      43264 289.127438  -37.39488  -51.43511     -1.026    1502.20    879.000    870.625     5.1680     5.1695     0.0015     5.0948     5.0963     0.0015   3.333403   3.333448   0.000042    34.2356    34.2346     5.5521    27.0583    27.0573    34.2362    27.0588    1484.90    1484.91     5.0946  1031.0879    34.3994 0.0000e+00
      43284 289.127447  -37.39488  -51.43512     -1.172    1502.20    878.000    869.637     5.1692     5.1704     0.0012     5.0960     5.0972     0.0012   3.333437   3.333471   0.000040    34.2353    34.2345     5.5566    27.0579    27.0571    34.2359    27.0584    1484.89    1484.89     5.0958  1031.0830    34.3991 0.0000e+00
      43304 289.127457  -37.39488  -51.43512     -1.210    1502.20    877.000    868.649     5.1701     5.1704     0.0002     5.0971     5.0973     0.0002   3.333484   3.333434  -0.000048    34.2354    34.2346     5.5604    27.0578    27.0572    34.2360    27.0583    1484.87    1484.88     5.0969  1031.0784    34.3991 0.0000e+00
      43330 289.127470  -37.39490  -51.43514     -1.057    1502.20    876.000    867.660     5.1712     5.1706    -0.0005     5.0982     5.0977    -0.0005   3.333520   3.333404  -0.000114    34.2353    34.2345     5.5616    27.0576    27.0571    34.2358    27.0581    1484.86    1484.86     5.0980  1031.0735    34.3990 0.0000e+00
      43365 289.127487  -37.39490  -51.43515     -0.699    1502.20    875.000    866.672     5.1724     5.1720    -0.0003     5.0995     5.0992    -0.0003   3.333577   3.333470  -0.000111    34.2353    34.2344     5.5617    27.0575    27.0568    34.2357    27.0578    1484.85    1484.85     5.0993  1031.0688    34.3989 0.0000e+00
      43393 289.127500  -37.39490  -51.43516     -0.754    1502.20    874.000    865.683     5.1726     5.1736     0.0010     5.0998     5.1008     0.0010   3.333540   3.333536  -0.000010    34.2352    34.2342     5.5537    27.0574    27.0564    34.2356    27.0577    1484.83    1484.84     5.0996  1031.0641    34.3987 0.0000e+00
      43412 289.127509  -37.39491  -51.43516     -1.027    1502.20    873.000    864.695     5.1727     5.1745     0.0018     5.1000     5.1018     0.0018   3.333502   3.333550   0.000041    34.2352    34.2338     5.5500    27.0573    27.0561    34.2355    27.0576    1484.82    1484.83     5.0998  1031.0594    34.3987 0.0000e+00
      43430 289.127518  -37.39492  -51.43516     -1.254    1502.20    872.000    863.706     5.1738     5.1747     0.0010     5.1012     5.1021     0.0010   3.333509   3.333515   0.000008    34.2346    34.2338     5.5570    27.0568    27.0560    34.2350    27.0571    1484.81    1484.81     5.1009  1031.0544    34.3982 0.0000e+00
      43448 289.127527  -37.39492  -51.43518     -1.331    1502.20    871.000    862.718     5.1737     5.1747     0.0010     5.1012     5.1022     0.0010   3.333429   3.333465   0.000024    34.2345    34.2338     5.5629    27.0567    27.0560    34.2346    27.0567    1484.79    1484.79     5.1010  1031.0495    34.3978 0.0000e+00
      43471 289.127538  -37.39492  -51.43520     -1.189    1502.20    870.000    861.729     5.1721     5.1737     0.0016     5.0997     5.1013     0.0016   3.333174   3.333301   0.000115    34.2339    34.2336     5.5646    27.0563    27.0559    34.2338    27.0563    1484.76    1484.77     5.0995  1031.0445    34.3970 0.0000e+00
      43498 289.127551  -37.39492  -51.43520     -0.946    1502.20    869.000    860.741     5.1676     5.1706     0.0029     5.0953     5.0982     0.0029   3.332537   3.332844   0.000306    34.2321    34.2327     5.5722    27.0555    27.0556    34.2316    27.0550    1484.73    1484.74     5.0951  1031.0388    34.3947 0.0000e+00
      43521 289.127562  -37.39492  -51.43522     -0.956    1502.20    868.000    859.753     5.1627     5.1623    -0.0003     5.0905     5.0902    -0.0003   3.331899   3.331786  -0.000059    34.2308    34.2305     5.5768    27.0550    27.0547    34.2299    27.0542    1484.69    1484.69     5.0903  1031.0336    34.3930 0.0000e+00
      43544 289.127573  -37.39492  -51.43522     -1.058    1502.20    867.000    858.764     5.1547     5.1539    -0.0009     5.0827     5.0818    -0.0008   3.330996   3.330833  -0.000189    34.2288    34.2275     5.5796    27.0543    27.0534    34.2281    27.0537    1484.64    1484.63     5.0825  1031.0307    34.3937 0.0000e+00
