Pos-Processados/process_op42/Processamento_split/up/uoperantar42_041.cnv
* Sea-Bird SBE 9 Data File:
* FileName = C:\Users\Hidrografia\Desktop\OPXLII\Brutos\OP42041.hdr
* Software Version Seasave V 7.26.7.107
* Temperature SN = 6502
* Conductivity SN = 4998
* Number of Bytes Per Scan = 37
* Number of Voltage Words = 4
* Number of Scans Averaged by the Deck Unit = 1
* NMEA Latitude = 62 08.45 S
* NMEA Longitude = 058 26.32 W
* NMEA UTC (Time) = Nov 09 2023 16:23:52
* NMEA baud rate = 4800
** H41
** NPOALTEMAXIMIANO
** NUMERO DA ESTACAO (XXX) 041
** LAT (XX XX.XX S/N) 62 08.441S
** LONG (XXX XX.XX W/E) 058 26.341 W
** DATAHORA (dd/mm/aaaa hh:mm Z) 09/11/2023 1623Z
** PROFUNDIDADE (m) 425
** OPERADOR CT FILIPE LOPES
# nquan = 30
# nvalues = 367                         
# units = specified
# name 0 = scan: Scan Count
# name 1 = timeJ: Julian Days
# name 2 = latitude: Latitude [deg]
# name 3 = longitude: Longitude [deg]
# name 4 = dz/dtM: Descent Rate [m/s]
# name 5 = avgsvCM: Average Sound Velocity [Chen-Millero, m/s]
# name 6 = prDM: Pressure, Digiquartz [db]
# name 7 = depSM: Depth [salt water, m]
# name 8 = t090C: Temperature [ITS-90, deg C]
# name 9 = t190C: Temperature, 2 [ITS-90, deg C]
# name 10 = T2-T190C: Temperature Difference, 2 - 1 [ITS-90, deg C]
# name 11 = potemp090C: Potential Temperature [ITS-90, deg C]
# name 12 = potemp190C: Potential Temperature, 2 [ITS-90, deg C]
# name 13 = potemp90Cdiff: Potential Temperature, Diff, 2 - 1 [ITS-90, deg C]
# name 14 = c0S/m: Conductivity [S/m]
# name 15 = c1S/m: Conductivity, 2 [S/m]
# name 16 = C2-C1S/m: Conductivity Difference, 2 - 1 [S/m]
# name 17 = sal00: Salinity, Practical [PSU]
# name 18 = sal11: Salinity, Practical, 2 [PSU]
# name 19 = sbeox0ML/L: Oxygen, SBE 43 [ml/l]
# name 20 = sigma-é00: Density [sigma-theta, kg/m^3]
# name 21 = sigma-é11: Density, 2 [sigma-theta, kg/m^3]
# name 22 = sal00: Salinity, Practical [PSU]
# name 23 = sigma-é00: Density [sigma-theta, kg/m^3]
# name 24 = svCM: Sound Velocity [Chen-Millero, m/s]
# name 25 = svCM1: Sound Velocity, 2 [Chen-Millero, m/s]
# name 26 = gsw_ptA0: potential temperature [ITS-90, deg C]
# name 27 = gsw_densityA0: density, TEOS-10 [density, kg/m^3]
# name 28 = gsw_saA0: Absolute Salinity [g/kg]
# name 29 = flag:
# span 0 =      13661,      23847       
# span 1 = 313.689828, 313.694741       
# span 2 =  -62.14527,  -62.14318       
# span 3 =  -58.43796,  -58.43670       
# span 4 =     -1.169,     -0.245       
# span 5 =    1448.31,    1448.31       
# span 6 =      3.000,    369.000       
# span 7 =      2.979,    365.133       
# span 8 =    -0.8102,    -0.5262       
# span 9 =    -0.8090,    -0.5253       
# span 10 =    -0.0085,     0.0107      
# span 11 =    -0.8156,    -0.5266      
# span 12 =    -0.8143,    -0.5256      
# span 13 =    -0.0085,     0.0107      
# span 14 =   2.791431,   2.829964      
# span 15 =   2.791402,   2.829862      
# span 16 =  -0.000826,   0.000999      
# span 17 =    34.2752,    34.3973      
# span 18 =    34.2736,    34.3965      
# span 19 =     6.7251,     7.6539      
# span 20 =    27.5464,    27.6461      
# span 21 =    27.5453,    27.6455      
# span 22 =    34.2758,    34.3971      
# span 23 =    27.5469,    27.6460      
# span 24 =    1445.77,    1451.85      
# span 25 =    1445.77,    1451.87      
# span 26 =    -0.8154,    -0.5266      
# span 27 =  1027.5660,  1029.4101      
# span 28 =    34.4407,    34.5652      
# span 29 = 0.0000e+00, 0.0000e+00      
# interval = decibars: 1                
# start_time = Nov 09 2023 16:23:52 [NMEA time, header]
# bad_flag = -9.990e-29
*END*
[from data line 97]
      16524 313.691209  -62.14366  -58.43784     -0.910    1448.31    272.000    269.213    -0.7019    -0.7008     0.0011    -0.7104    -0.7092     0.0011   2.807042   2.807069   0.000026    34.3382    34.3373     7.2061    27.6054    27.6046    34.3378    27.6051    1449.42    1449.42    -0.7102  1028.9101    34.5054 0.0000e+00
      16551 313.691222  -62.14366  -58.43784     -0.904    1448.31    271.000    268.224    -0.7023    -0.7010     0.0014    -0.7107    -0.7094     0.0014   2.806971   2.807011   0.000045    34.3382    34.3373     7.2003    27.6054    27.6046    34.3379    27.6052    1449.40    1449.41    -0.7105  1028.9054    34.5055 0.0000e+00
      16579 313.691236  -62.14366  -58.43784     -0.873    1448.31    270.000    267.235    -0.7030    -0.7020     0.0010    -0.7113    -0.7104     0.0010   2.806862   2.806870   0.000013    34.3382    34.3373     7.1953    27.6054    27.6047    34.3377    27.6051    1449.38    1449.38    -0.7112  1028.9006    34.5054 0.0000e+00
      16607 313.691249  -62.14366  -58.43784     -0.866    1448.31    269.000    266.245    -0.7066    -0.7035     0.0031    -0.7149    -0.7119     0.0031   2.806489   2.806692   0.000185    34.3381    34.3372     7.1940    27.6056    27.6046    34.3375    27.6050    1449.35    1449.36    -0.7147  1028.8958    34.5051 0.0000e+00
      16634 313.691262  -62.14366  -58.43784     -0.884    1448.31    268.000    265.257    -0.7091    -0.7062     0.0029    -0.7174    -0.7145     0.0029   2.806238   2.806399   0.000169    34.3380    34.3371     7.1974    27.6056    27.6047    34.3375    27.6051    1449.32    1449.33    -0.7172  1028.8911    34.5051 0.0000e+00
      16660 313.691275  -62.14368  -58.43784     -0.897    1448.31    267.000    264.267    -0.7099    -0.7074     0.0025    -0.7182    -0.7157     0.0025   2.806105   2.806248   0.000134    34.3379    34.3368     7.1965    27.6055    27.6045    34.3373    27.6050    1449.30    1449.31    -0.7180  1028.8863    34.5049 0.0000e+00
      16687 313.691288  -62.14368  -58.43784     -0.891    1448.31    266.000    263.278    -0.7127    -0.7107     0.0020    -0.7209    -0.7189     0.0020   2.805797   2.805918   0.000130    34.3374    34.3369     7.2148    27.6052    27.6047    34.3369    27.6048    1449.27    1449.28    -0.7207  1028.8813    34.5045 0.0000e+00
      16714 313.691301  -62.14368  -58.43782     -0.886    1448.31    265.000    262.289    -0.7139    -0.7118     0.0021    -0.7221    -0.7200     0.0021   2.805681   2.805760   0.000092    34.3376    34.3365     7.2143    27.6054    27.6044    34.3372    27.6051    1449.25    1449.26    -0.7219  1028.8769    34.5049 0.0000e+00
      16741 313.691313  -62.14368  -58.43782     -0.905    1448.31    264.000    261.300    -0.7132    -0.7122     0.0009    -0.7213    -0.7204     0.0009   2.805650   2.805678   0.000024    34.3371    34.3364     7.2100    27.6050    27.6044    34.3366    27.6046    1449.23    1449.24    -0.7212  1028.8716    34.5043 0.0000e+00
      16766 313.691326  -62.14369  -58.43782     -0.931    1448.31    263.000    260.311    -0.7163    -0.7137     0.0026    -0.7244    -0.7218     0.0026   2.805315   2.805487   0.000166    34.3370    34.3362     7.2148    27.6050    27.6043    34.3363    27.6044    1449.20    1449.21    -0.7242  1028.8667    34.5039 0.0000e+00
      16790 313.691337  -62.14370  -58.43782     -0.977    1448.31    262.000    259.322    -0.7178    -0.7152     0.0026    -0.7259    -0.7233     0.0026   2.805142   2.805308   0.000160    34.3367    34.3359     7.2174    27.6048    27.6041    34.3363    27.6045    1449.18    1449.19    -0.7257  1028.8620    34.5039 0.0000e+00
      16815 313.691349  -62.14370  -58.43782     -0.981    1448.31    261.000    258.332    -0.7185    -0.7166     0.0019    -0.7265    -0.7246     0.0019   2.805051   2.805136   0.000094    34.3368    34.3359     7.2152    27.6050    27.6041    34.3364    27.6046    1449.16    1449.17    -0.7264  1028.8574    34.5040 0.0000e+00
      16843 313.691363  -62.14371  -58.43782     -0.877    1448.31    260.000    257.343    -0.7190    -0.7158     0.0032    -0.7270    -0.7238     0.0032   2.804964   2.805147   0.000184    34.3367    34.3356     7.2242    27.6049    27.6039    34.3364    27.6047    1449.14    1449.15    -0.7268  1028.8527    34.5040 0.0000e+00
      16872 313.691377  -62.14372  -58.43782     -0.842    1448.31    259.000    256.355    -0.7202    -0.7182     0.0020    -0.7281    -0.7262     0.0019   2.804782   2.804903   0.000119    34.3364    34.3358     7.2240    27.6047    27.6041    34.3359    27.6043    1449.12    1449.13    -0.7280  1028.8446    34.4999 0.0000e+00
      16901 313.691391 -9.990e-29 -9.990e-29     -0.825    1448.31    258.000    255.365    -0.7207    -0.7194     0.0012    -0.7286    -0.7273     0.0012   2.804714   2.804732   0.000027    34.3364    34.3354     7.2214    27.6048    27.6039    34.3362    27.6045    1449.10    1449.11    -0.7284  1028.8399    34.4999 0.0000e+00
      16923 313.691401 -9.990e-29 -9.990e-29     -0.913    1448.31    257.000    254.376    -0.7209    -0.7199     0.0010    -0.7288    -0.7278     0.0010   2.804636   2.804636   0.000001    34.3363    34.3351     7.2321    27.6046    27.6037    34.3360    27.6044    1449.08    1449.09    -0.7286  1028.8350    34.4997 0.0000e+00
      16942 313.691411 -9.990e-29 -9.990e-29     -1.162    1448.31    256.000    253.387    -0.7208    -0.7200     0.0008    -0.7287    -0.7279     0.0008   2.804596   2.804581  -0.000007    34.3362    34.3352     7.2304    27.6045    27.6037    34.3360    27.6043    1449.07    1449.07    -0.7285  1028.8302    34.4996 0.0000e+00
      16968 313.691423  -62.14374  -58.43780     -1.090    1448.31    255.000    252.398    -0.7209    -0.7205     0.0004    -0.7287    -0.7284     0.0004   2.804548   2.804503  -0.000046    34.3363    34.3352     7.2338    27.6046    27.6038    34.3360    27.6044    1449.05    1449.05    -0.7286  1028.8279    34.5028 0.0000e+00
      16996 313.691437  -62.14374  -58.43780     -0.854    1448.31    254.000    251.408    -0.7224    -0.7213     0.0012    -0.7302    -0.7291     0.0012   2.804356   2.804377   0.000028    34.3361    34.3352     7.2255    27.6045    27.6037    34.3358    27.6043    1449.03    1449.03    -0.7300  1028.8237    34.5034 0.0000e+00
      17026 313.691451  -62.14374  -58.43780     -0.818    1448.31    253.000    250.419    -0.7227    -0.7221     0.0005    -0.7304    -0.7299     0.0005   2.804298   2.804265  -0.000035    34.3362    34.3351     7.2318    27.6046    27.6037    34.3359    27.6044    1449.01    1449.01    -0.7303  1028.8190    34.5035 0.0000e+00
      17061 313.691468  -62.14374  -58.43780     -0.714    1448.31    252.000    249.430    -0.7231    -0.7223     0.0008    -0.7308    -0.7300     0.0008   2.804205   2.804208   0.000006    34.3359    34.3351     7.2285    27.6044    27.6037    34.3358    27.6043    1448.99    1448.99    -0.7307  1028.8142    34.5033 0.0000e+00
      17094 313.691484  -62.14376  -58.43778     -0.696    1448.31    251.000    248.441    -0.7234    -0.7224     0.0010    -0.7311    -0.7301     0.0010   2.804127   2.804136   0.000008    34.3358    34.3348     7.2257    27.6043    27.6035    34.3356    27.6042    1448.97    1448.98    -0.7309  1028.8093    34.5032 0.0000e+00
      17120 313.691497  -62.14376  -58.43778     -0.842    1448.31    250.000    247.451    -0.7224    -0.7221     0.0002    -0.7300    -0.7298     0.0002   2.804160   2.804112  -0.000043    34.3355    34.3347     7.2232    27.6040    27.6034    34.3355    27.6041    1448.96    1448.96    -0.7299  1028.8044    34.5031 0.0000e+00
      17145 313.691508  -62.14376  -58.43778     -0.968    1448.31    249.000    246.463    -0.7212    -0.7210     0.0003    -0.7289    -0.7286     0.0003   2.804178   2.804144  -0.000034    34.3353    34.3345     7.2227    27.6038    27.6032    34.3351    27.6037    1448.95    1448.95    -0.7287  1028.7992    34.5027 0.0000e+00
      17169 313.691520  -62.14378  -58.43778     -0.985    1448.31    248.000    245.474    -0.7228    -0.7212     0.0016    -0.7304    -0.7288     0.0016   2.804005   2.804082   0.000067    34.3355    34.3346     7.2381    27.6040    27.6032    34.3352    27.6038    1448.93    1448.93    -0.7302  1028.7906    34.4977 0.0000e+00
      17196 313.691533 -9.990e-29  -58.43778     -0.939    1448.31    247.000    244.484    -0.7244    -0.7228     0.0016    -0.7320    -0.7304     0.0016   2.803840   2.803902   0.000067    34.3356    34.3346     7.2381    27.6042    27.6034    34.3354    27.6040    1448.90    1448.91    -0.7318  1028.7856    34.4973 0.0000e+00
      17224 313.691547 -9.990e-29  -58.43777     -0.867    1448.31    246.000    243.495    -0.7252    -0.7237     0.0016    -0.7328    -0.7312     0.0016   2.803727   2.803779   0.000054    34.3356    34.3346     7.2406    27.6043    27.6033    34.3354    27.6041    1448.88    1448.89    -0.7326  1028.7808    34.4973 0.0000e+00
      17254 313.691561  -62.14380  -58.43776     -0.818    1448.31    245.000    242.506    -0.7257    -0.7249     0.0008    -0.7332    -0.7324     0.0008   2.803639   2.803615  -0.000022    34.3355    34.3343     7.2385    27.6042    27.6032    34.3353    27.6040    1448.86    1448.87    -0.7330  1028.7774    34.4989 0.0000e+00
      17284 313.691575  -62.14380  -58.43776     -0.800    1448.31    244.000    241.516    -0.7274    -0.7261     0.0013    -0.7348    -0.7335     0.0013   2.803428   2.803469   0.000034    34.3354    34.3343     7.2355    27.6041    27.6032    34.3350    27.6038    1448.84    1448.84    -0.7347  1028.7756    34.5025 0.0000e+00
      17315 313.691591  -62.14380  -58.43776     -0.774    1448.31    243.000    240.527    -0.7293    -0.7272     0.0021    -0.7367    -0.7346     0.0021   2.803202   2.803309   0.000106    34.3350    34.3341     7.2322    27.6040    27.6031    34.3347    27.6037    1448.81    1448.82    -0.7365  1028.7707    34.5023 0.0000e+00
      17346 313.691605  -62.14380  -58.43776     -0.780    1448.31    242.000    239.538    -0.7308    -0.7291     0.0016    -0.7381    -0.7365     0.0016   2.803004   2.803076   0.000066    34.3348    34.3338     7.2344    27.6038    27.6029    34.3343    27.6034    1448.79    1448.80    -0.7380  1028.7657    34.5019 0.0000e+00
      17376 313.691620  -62.14381  -58.43776     -0.796    1448.31    241.000    238.548    -0.7330    -0.7311     0.0019    -0.7403    -0.7385     0.0019   2.802749   2.802839   0.000096    34.3344    34.3336     7.2365    27.6036    27.6029    34.3340    27.6033    1448.76    1448.77    -0.7402  1028.7608    34.5015 0.0000e+00
      17403 313.691633  -62.14382  -58.43776     -0.839    1448.31    240.000    237.559    -0.7349    -0.7327     0.0022    -0.7422    -0.7400     0.0022   2.802499   2.802633   0.000135    34.3339    34.3332     7.2418    27.6033    27.6026    34.3334    27.6029    1448.74    1448.75    -0.7420  1028.7557    34.5009 0.0000e+00
      17428 313.691645  -62.14382  -58.43776     -0.926    1448.31    239.000    236.570    -0.7353    -0.7343     0.0010    -0.7426    -0.7416     0.0010   2.802420   2.802433   0.000016    34.3337    34.3328     7.2424    27.6032    27.6023    34.3335    27.6029    1448.72    1448.72    -0.7424  1028.7509    34.5010 0.0000e+00
      17451 313.691656  -62.14382  -58.43774     -1.004    1448.31    238.000    235.581    -0.7359    -0.7348     0.0011    -0.7431    -0.7420     0.0011   2.802239   2.802306   0.000047    34.3330    34.3323     7.2531    27.6026    27.6020    34.3323    27.6020    1448.70    1448.70    -0.7430  1028.7452    34.4997 0.0000e+00
      17474 313.691667  -62.14384  -58.43774     -1.040    1448.31    237.000    234.592    -0.7420    -0.7375     0.0045    -0.7493    -0.7447     0.0045   2.801517   2.801924   0.000394    34.3312    34.3314     7.2577    27.6014    27.6014    34.3301    27.6005    1448.65    1448.67    -0.7491  1028.7390    34.4976 0.0000e+00
      17499 313.691679  -62.14384  -58.43774     -0.998    1448.31    236.000    233.602    -0.7454    -0.7403     0.0050    -0.7525    -0.7475     0.0050   2.801142   2.801598   0.000450    34.3300    34.3303     7.2521    27.6005    27.6006    34.3295    27.6001    1448.62    1448.64    -0.7524  1028.7339    34.4969 0.0000e+00
      17526 313.691692  -62.14384  -58.43774     -0.915    1448.31    235.000    232.613    -0.7466    -0.7439     0.0027    -0.7537    -0.7510     0.0027   2.800901   2.801129   0.000243    34.3290    34.3292     7.2644    27.5998    27.5998    34.3282    27.5991    1448.59    1448.61    -0.7536  1028.7282    34.4957 0.0000e+00
      17556 313.691707  -62.14384  -58.43774     -0.827    1448.31    234.000    231.624    -0.7480    -0.7469     0.0010    -0.7550    -0.7540     0.0010   2.800697   2.800697   0.000004    34.3281    34.3270     7.2821    27.5991    27.5982    34.3276    27.5987    1448.57    1448.57    -0.7549  1028.7212    34.4928 0.0000e+00
      17587 313.691722 -9.990e-29  -58.43774     -0.781    1448.31    233.000    230.634    -0.7482    -0.7471     0.0011    -0.7553    -0.7542     0.0011   2.800570   2.800615   0.000040    34.3273    34.3266     7.2893    27.5985    27.5978    34.3268    27.5980    1448.55    1448.56    -0.7551  1028.7131    34.4887 0.0000e+00
      17617 313.691736 -9.990e-29  -58.43774     -0.789    1448.31    232.000    229.645    -0.7501    -0.7481     0.0020    -0.7571    -0.7551     0.0020   2.800260   2.800410   0.000154    34.3259    34.3257     7.2846    27.5974    27.5972    34.3253    27.5969    1448.52    1448.53    -0.7569  1028.7072    34.4871 0.0000e+00
      17646 313.691750 -9.990e-29  -58.43772     -0.820    1448.31    231.000    228.656    -0.7520    -0.7503     0.0017    -0.7590    -0.7573     0.0017   2.799948   2.800066   0.000120    34.3244    34.3241     7.2888    27.5963    27.5960    34.3239    27.5959    1448.50    1448.50    -0.7588  1028.7014    34.4858 0.0000e+00
      17673 313.691763  -62.14386  -58.43772     -0.864    1448.31    230.000    227.666    -0.7532    -0.7519     0.0013    -0.7601    -0.7588     0.0013   2.799727   2.799801   0.000071    34.3234    34.3229     7.2962    27.5955    27.5950    34.3229    27.5951    1448.47    1448.48    -0.7600  1028.7004    34.4904 0.0000e+00
      17697 313.691775  -62.14388  -58.43772     -0.944    1448.31    229.000    226.677    -0.7534    -0.7523     0.0011    -0.7603    -0.7592     0.0011   2.799593   2.799675   0.000086    34.3223    34.3222     7.3100    27.5947    27.5945    34.3219    27.5943    1448.46    1448.46    -0.7601  1028.6948    34.4893 0.0000e+00
      17720 313.691786  -62.14388  -58.43772     -1.023    1448.31    228.000    225.687    -0.7540    -0.7528     0.0012    -0.7609    -0.7597     0.0012   2.799443   2.799531   0.000080    34.3218    34.3215     7.3196    27.5942    27.5940    34.3212    27.5937    1448.43    1448.44    -0.7607  1028.6895    34.4886 0.0000e+00
      17742 313.691796  -62.14388  -58.43772     -1.075    1448.31    227.000    224.699    -0.7576    -0.7545     0.0031    -0.7644    -0.7613     0.0031   2.799029   2.799278   0.000249    34.3210    34.3208     7.3247    27.5937    27.5935    34.3202    27.5931    1448.40    1448.42    -0.7643  1028.6841    34.4876 0.0000e+00
      17764 313.691807  -62.14390  -58.43772     -1.104    1448.31    226.000    223.709    -0.7627    -0.7594     0.0033    -0.7695    -0.7662     0.0033   2.798445   2.798732   0.000267    34.3199    34.3198     7.3284    27.5930    27.5929    34.3187    27.5921    1448.36    1448.37    -0.7693  1028.6797    34.4877 0.0000e+00
      17786 313.691818  -62.14390 -9.990e-29     -1.078    1448.31    225.000    222.720    -0.7667    -0.7644     0.0023    -0.7734    -0.7711     0.0023   2.798065   2.798205   0.000154    34.3196    34.3191     7.3473    27.5930    27.5925    34.3188    27.5923    1448.32    1448.33    -0.7733  1028.6757    34.4885 0.0000e+00
