Pos-Processados/process_op42/Processamento_split/up/uoperantar42_020.cnv
* Sea-Bird SBE 9 Data File:
* FileName = C:\Users\Hidrografia\Desktop\OPXLII\Brutos\OP42020.hdr
* Software Version Seasave V 7.26.7.107
* Temperature SN = 6502
* Conductivity SN = 4998
* Number of Bytes Per Scan = 37
* Number of Voltage Words = 4
* Number of Scans Averaged by the Deck Unit = 1
* NMEA Latitude = 62 08.28 S
* NMEA Longitude = 058 26.46 W
* NMEA UTC (Time) = Nov 07 2023 17:35:19
* NMEA baud rate = 4800
** H41
** NPOALTEMAXIMIANO
** NUMERO DA ESTACAO (XXX) 020
** LAT (XX XX.XX S/N) 62 08.46 S
** LONG (XXX XX.XX W/E) 058 26.12 W
** DATAHORA (dd/mm/aaaa hh:mm Z) 07/11/2023 1734Z
** PROFUNDIDADE (m) 423
** OPERADOR CT FILIPE LOPES
# nquan = 30
# nvalues = 372                         
# units = specified
# name 0 = scan: Scan Count
# name 1 = timeJ: Julian Days
# name 2 = latitude: Latitude [deg]
# name 3 = longitude: Longitude [deg]
# name 4 = dz/dtM: Descent Rate [m/s]
# name 5 = avgsvCM: Average Sound Velocity [Chen-Millero, m/s]
# name 6 = prDM: Pressure, Digiquartz [db]
# name 7 = depSM: Depth [salt water, m]
# name 8 = t090C: Temperature [ITS-90, deg C]
# name 9 = t190C: Temperature, 2 [ITS-90, deg C]
# name 10 = T2-T190C: Temperature Difference, 2 - 1 [ITS-90, deg C]
# name 11 = potemp090C: Potential Temperature [ITS-90, deg C]
# name 12 = potemp190C: Potential Temperature, 2 [ITS-90, deg C]
# name 13 = potemp90Cdiff: Potential Temperature, Diff, 2 - 1 [ITS-90, deg C]
# name 14 = c0S/m: Conductivity [S/m]
# name 15 = c1S/m: Conductivity, 2 [S/m]
# name 16 = C2-C1S/m: Conductivity Difference, 2 - 1 [S/m]
# name 17 = sal00: Salinity, Practical [PSU]
# name 18 = sal11: Salinity, Practical, 2 [PSU]
# name 19 = sbeox0ML/L: Oxygen, SBE 43 [ml/l]
# name 20 = sigma-é00: Density [sigma-theta, kg/m^3]
# name 21 = sigma-é11: Density, 2 [sigma-theta, kg/m^3]
# name 22 = sal00: Salinity, Practical [PSU]
# name 23 = sigma-é00: Density [sigma-theta, kg/m^3]
# name 24 = svCM: Sound Velocity [Chen-Millero, m/s]
# name 25 = svCM1: Sound Velocity, 2 [Chen-Millero, m/s]
# name 26 = gsw_ptA0: potential temperature [ITS-90, deg C]
# name 27 = gsw_densityA0: density, TEOS-10 [density, kg/m^3]
# name 28 = gsw_saA0: Absolute Salinity [g/kg]
# name 29 = flag:
# span 0 =      18612,      29750       
# span 1 = 311.741834, 311.747206       
# span 2 =  -62.14048,  -62.13966       
# span 3 =  -58.44190,  -58.44138       
# span 4 =     -1.150,     -0.181       
# span 5 =    1448.48,    1448.49       
# span 6 =      3.000,    374.000       
# span 7 =      2.979,    370.075       
# span 8 =    -0.8345,    -0.4628       
# span 9 =    -0.8341,    -0.4626       
# span 10 =    -0.0282,     0.0118      
# span 11 =    -0.8390,    -0.4709      
# span 12 =    -0.8386,    -0.4732      
# span 13 =    -0.0282,     0.0118      
# span 14 =   2.788274,   2.838221      
# span 15 =   2.788274,   2.838164      
# span 16 =  -0.002443,   0.000800      
# span 17 =    34.2770,    34.4251      
# span 18 =    34.2778,    34.4242      
# span 19 =     6.5095,     7.5906      
# span 20 =    27.5462,    27.6655      
# span 21 =    27.5471,    27.6647      
# span 22 =    34.2799,    34.4253      
# span 23 =    27.5482,    27.6656      
# span 24 =    1445.53,    1452.31      
# span 25 =    1445.52,    1452.31      
# span 26 =    -0.8388,    -0.4709      
# span 27 =  1027.5669,  1029.4527      
# span 28 =    34.4436,    34.5936      
# span 29 = 0.0000e+00, 0.0000e+00      
# interval = decibars: 1                
# start_time = Nov 07 2023 17:35:19 [NMEA time, header]
# bad_flag = -9.990e-29
*END*
[from data line 49]
      19995 311.742501  -62.13974  -58.44146     -0.973    1448.48    325.000    321.629    -0.4870    -0.4866     0.0004    -0.4979    -0.4975     0.0004   2.833351   2.833300  -0.000038    34.4163    34.4154     6.5722    27.6593    27.6585    34.4160    27.6591    1451.39    1451.39    -0.4977  1029.2138    34.5842 0.0000e+00
      20025 311.742516  -62.13974  -58.44146     -0.814    1448.48    324.000    320.640    -0.4900    -0.4898     0.0002    -0.5009    -0.5007     0.0002   2.832979   2.832938  -0.000065    34.4158    34.4147     6.5767    27.6590    27.6581    34.4151    27.6585    1451.36    1451.36    -0.5007  1029.2086    34.5833 0.0000e+00
      20057 311.742531  -62.13974  -58.44146     -0.741    1448.48    323.000    319.651    -0.4957    -0.4935     0.0022    -0.5065    -0.5043     0.0022   2.832303   2.832446   0.000142    34.4139    34.4133     6.5762    27.6577    27.6572    34.4131    27.6571    1451.32    1451.33    -0.5063  1029.2025    34.5812 0.0000e+00
      20085 311.742544  -62.13974  -58.44146     -0.824    1448.48    322.000    318.662    -0.4980    -0.4972     0.0009    -0.5088    -0.5079     0.0009   2.831993   2.831998   0.000031    34.4126    34.4120     6.5825    27.6569    27.6563    34.4122    27.6565    1451.29    1451.29    -0.5086  1029.1971    34.5803 0.0000e+00
      20109 311.742556  -62.13974  -58.44146     -0.947    1448.48    321.000    317.673    -0.4996    -0.5010    -0.0014    -0.5103    -0.5117    -0.0014   2.831775   2.831522  -0.000241    34.4124    34.4107     6.5900    27.6567    27.6554    34.4116    27.6561    1451.26    1451.26    -0.5101  1029.1920    34.5798 0.0000e+00
      20133 311.742567  -62.13974  -58.44146     -1.009    1448.48    320.000    316.685    -0.5041    -0.5054    -0.0013    -0.5147    -0.5160    -0.0013   2.831233   2.831047  -0.000197    34.4111    34.4100     6.5955    27.6559    27.6550    34.4100    27.6550    1451.22    1451.22    -0.5146  1029.1862    34.5782 0.0000e+00
      20158 311.742580  -62.13974  -58.44147     -0.969    1448.48    319.000    315.696    -0.5074    -0.5082    -0.0008    -0.5181    -0.5188    -0.0008   2.830849   2.830734  -0.000116    34.4102    34.4095     6.6002    27.6553    27.6547    34.4093    27.6546    1451.19    1451.19    -0.5178  1029.1810    34.5774 0.0000e+00
      20187 311.742594  -62.13974  -58.44148     -0.861    1448.48    318.000    314.707    -0.5117    -0.5101     0.0016    -0.5222    -0.5207     0.0016   2.830437   2.830493   0.000053    34.4099    34.4088     6.6141    27.6552    27.6543    34.4091    27.6546    1451.15    1451.16    -0.5221  1029.1764    34.5773 0.0000e+00
      20213 311.742606  -62.13974  -58.44148     -0.865    1448.48    317.000    313.718    -0.5138    -0.5139    -0.0000    -0.5244    -0.5244    -0.0000   2.830123   2.830073  -0.000060    34.4088    34.4081     6.6291    27.6545    27.6538    34.4080    27.6538    1451.13    1451.12    -0.5242  1029.1708    34.5761 0.0000e+00
      20235 311.742617  -62.13976  -58.44148     -1.009    1448.48    316.000    312.729    -0.5126    -0.5088     0.0039    -0.5232    -0.5193     0.0039   2.830272   2.830541   0.000258    34.4092    34.4083     6.6258    27.6547    27.6538    34.4093    27.6548    1451.12    1451.13    -0.5229  1029.1670    34.5774 0.0000e+00
      20260 311.742629  -62.13976  -58.44148     -1.045    1448.48    315.000    311.740    -0.5082    -0.5066     0.0017    -0.5187    -0.5170     0.0017   2.830627   2.830681   0.000062    34.4098    34.4088     6.6262    27.6550    27.6541    34.4096    27.6548    1451.12    1451.13    -0.5185  1029.1623    34.5777 0.0000e+00
      20284 311.742640  -62.13976  -58.44148     -0.973    1448.48    314.000    310.752    -0.5074    -0.5039     0.0035    -0.5179    -0.5143     0.0035   2.830671   2.830929   0.000230    34.4100    34.4091     6.6404    27.6551    27.6542    34.4099    27.6550    1451.11    1451.13    -0.5177  1029.1578    34.5780 0.0000e+00
      20310 311.742653  -62.13976  -58.44148     -0.949    1448.48    313.000    309.763    -0.5050    -0.5030     0.0021    -0.5154    -0.5134     0.0021   2.830864   2.830964   0.000117    34.4104    34.4096     6.6394    27.6553    27.6546    34.4104    27.6553    1451.11    1451.11    -0.5152  1029.1533    34.5785 0.0000e+00
      20340 311.742667  -62.13976  -58.44148     -0.850    1448.48    312.000    308.773    -0.5050    -0.5051    -0.0001    -0.5154    -0.5155    -0.0001   2.830793   2.830712  -0.000072    34.4102    34.4093     6.6413    27.6552    27.6545    34.4101    27.6551    1451.09    1451.09    -0.5152  1029.1483    34.5782 0.0000e+00
      20371 311.742683  -62.13976  -58.44148     -0.761    1448.48    311.000    307.784    -0.5085    -0.5066     0.0019    -0.5188    -0.5170     0.0018   2.830386   2.830511   0.000102    34.4098    34.4090     6.6311    27.6550    27.6543    34.4091    27.6544    1451.06    1451.06    -0.5186  1029.1440    34.5786 0.0000e+00
      20399 311.742696  -62.13976 -9.990e-29     -0.815    1448.48    310.000    306.796    -0.5108    -0.5083     0.0026    -0.5211    -0.5186     0.0026   2.830167   2.830333   0.000164    34.4095    34.4088     6.6246    27.6548    27.6542    34.4094    27.6548    1451.03    1451.04    -0.5209  1029.1405    34.5800 0.0000e+00
      20424 311.742708  -62.13976 -9.990e-29     -0.933    1448.48    309.000    305.807    -0.5087    -0.5073     0.0014    -0.5189    -0.5176     0.0014   2.830341   2.830375   0.000056    34.4100    34.4092     6.6210    27.6552    27.6545    34.4099    27.6551    1451.02    1451.03    -0.5188  1029.1361    34.5805 0.0000e+00
      20447 311.742719  -62.13976 -9.990e-29     -1.011    1448.48    308.000    304.817    -0.5098    -0.5102    -0.0004    -0.5200    -0.5204    -0.0004   2.830166   2.830068  -0.000098    34.4098    34.4090     6.6273    27.6551    27.6544    34.4094    27.6548    1451.00    1451.00    -0.5198  1029.1310    34.5801 0.0000e+00
      20473 311.742731  -62.13976  -58.44150     -0.979    1448.48    307.000    303.829    -0.5131    -0.5103     0.0028    -0.5232    -0.5205     0.0028   2.829786   2.830015   0.000208    34.4093    34.4089     6.6403    27.6548    27.6544    34.4087    27.6543    1450.97    1450.98    -0.5231  1029.1246    34.5778 0.0000e+00
      20501 311.742745  -62.13976  -58.44150     -0.870    1448.48    306.000    302.840    -0.5169    -0.5185    -0.0016    -0.5270    -0.5287    -0.0016   2.829346   2.829135  -0.000224    34.4088    34.4076     6.6332    27.6545    27.6537    34.4077    27.6537    1450.93    1450.92    -0.5268  1029.1185    34.5758 0.0000e+00
      20531 311.742759  -62.13976  -58.44150     -0.814    1448.48    305.000    301.851    -0.5267    -0.5267     0.0000    -0.5368    -0.5368     0.0000   2.828346   2.828194  -0.000090    34.4068    34.4056     6.6343    27.6534    27.6525    34.4060    27.6527    1450.87    1450.87    -0.5366  1029.1129    34.5741 0.0000e+00
      20556 311.742771  -62.13976  -58.44150     -0.886    1448.48    304.000    300.863    -0.5314    -0.5346    -0.0032    -0.5414    -0.5446    -0.0032   2.827730   2.827347  -0.000376    34.4052    34.4039     6.6444    27.6523    27.6514    34.4036    27.6510    1450.83    1450.81    -0.5412  1029.1065    34.5717 0.0000e+00
      20581 311.742783  -62.13976  -58.44150     -0.982    1448.48    303.000    299.873    -0.5398    -0.5401    -0.0003    -0.5498    -0.5501    -0.0003   2.826878   2.826799  -0.000096    34.4037    34.4028     6.6452    27.6515    27.6507    34.4023    27.6503    1450.77    1450.77    -0.5496  1029.0970    34.5652 0.0000e+00
      20608 311.742797 -9.990e-29  -58.44150     -0.904    1448.48    302.000    298.884    -0.5397    -0.5450    -0.0054    -0.5496    -0.5550    -0.0054   2.826895   2.826220  -0.000598    34.4036    34.4017     6.6522    27.6514    27.6500    34.4030    27.6509    1450.75    1450.73    -0.5494  1029.0922    34.5652 0.0000e+00
      20637 311.742810 -9.990e-29  -58.44150     -0.854    1448.48    301.000    297.895    -0.5456    -0.5476    -0.0019    -0.5555    -0.5575    -0.0019   2.826217   2.825977  -0.000314    34.4027    34.4007     6.6636    27.6509    27.6494    34.4013    27.6497    1450.71    1450.70    -0.5553  1029.0864    34.5635 0.0000e+00
      20668 311.742825  -62.13978  -58.44150     -0.791    1448.48    300.000    296.906    -0.5543    -0.5568    -0.0024    -0.5641    -0.5666    -0.0025   2.825255   2.824910  -0.000270    34.4011    34.4002     6.6877    27.6500    27.6494    34.3987    27.6481    1450.65    1450.63    -0.5639  1029.0820    34.5634 0.0000e+00
      20700 311.742841  -62.13978  -58.44151     -0.755    1448.48    299.000    295.917    -0.5768    -0.5900    -0.0132    -0.5865    -0.5997    -0.0132   2.822673   2.821339  -0.001291    34.3935    34.3911     6.6995    27.6448    27.6435    34.3901    27.6421    1450.52    1450.45    -0.5863  1029.0742    34.5581 0.0000e+00
      20732 311.742857  -62.13978  -58.44152     -0.734    1448.48    298.000    294.928    -0.5951    -0.5988    -0.0037    -0.6047    -0.6084    -0.0037   2.820716   2.820364  -0.000415    34.3882    34.3868     6.6982    27.6413    27.6404    34.3851    27.6388    1450.41    1450.39    -0.6045  1029.0665    34.5531 0.0000e+00
      20761 311.742870  -62.13978  -58.44152     -0.800    1448.48    297.000    293.939    -0.6062    -0.6088    -0.0025    -0.6158    -0.6184    -0.0025   2.819583   2.819233  -0.000386    34.3853    34.3830     6.7267    27.6395    27.6377    34.3831    27.6377    1450.33    1450.32    -0.6156  1029.0607    34.5511 0.0000e+00
      20786 311.742882  -62.13978  -58.44152     -0.919    1448.48    296.000    292.951    -0.6119    -0.6105     0.0014    -0.6214    -0.6200     0.0014   2.818890   2.818897   0.000051    34.3833    34.3823     6.7611    27.6381    27.6373    34.3808    27.6361    1450.29    1450.29    -0.6212  1029.0544    34.5488 0.0000e+00
      20810 311.742894  -62.13978  -58.44152     -0.981    1448.48    295.000    291.962    -0.6110    -0.6146    -0.0036    -0.6205    -0.6241    -0.0036   2.818978   2.818485  -0.000492    34.3830    34.3805     6.8035    27.6378    27.6359    34.3816    27.6367    1450.28    1450.26    -0.6203  1029.0502    34.5496 0.0000e+00
      20836 311.742907  -62.13978  -58.44152     -0.944    1448.48    294.000    290.972    -0.6114    -0.6140    -0.0027    -0.6208    -0.6235    -0.0027   2.818859   2.818522  -0.000358    34.3826    34.3809     6.8403    27.6375    27.6362    34.3810    27.6362    1450.26    1450.25    -0.6206  1029.0450    34.5489 0.0000e+00
      20865 311.742920  -62.13978  -58.44152     -0.868    1448.48    293.000    289.983    -0.6138    -0.6123     0.0015    -0.6232    -0.6217     0.0015   2.818592   2.818674   0.000078    34.3820    34.3814     6.8699    27.6372    27.6365    34.3808    27.6362    1450.23    1450.24    -0.6230  1029.0402    34.5488 0.0000e+00
      20894 311.742935  -62.13978  -58.44152     -0.818    1448.48    292.000    288.994    -0.6151    -0.6151    -0.0000    -0.6245    -0.6245    -0.0000   2.818382   2.818246  -0.000136    34.3817    34.3798     6.8722    27.6369    27.6354    34.3800    27.6356    1450.21    1450.21    -0.6243  1029.0349    34.5480 0.0000e+00
      20923 311.742949  -62.13978  -58.44152     -0.825    1448.48    291.000    288.005    -0.6289    -0.6400    -0.0110    -0.6382    -0.6492    -0.0110   2.816677   2.815360  -0.001222    34.3763    34.3723     6.8702    27.6332    27.6304    34.3734    27.6308    1450.12    1450.06    -0.6380  1029.0255    34.5413 0.0000e+00
      20953 311.742963  -62.13978  -58.44153     -0.817    1448.48    290.000    287.016    -0.6401    -0.6469    -0.0068    -0.6494    -0.6561    -0.0068   2.815400   2.814635  -0.000779    34.3717    34.3689     6.8753    27.6299    27.6279    34.3695    27.6281    1450.04    1450.01    -0.6492  1029.0182    34.5374 0.0000e+00
      20984 311.742978  -62.13978  -58.44154     -0.788    1448.48    289.000    286.027    -0.6486    -0.6548    -0.0061    -0.6578    -0.6639    -0.0061   2.814487   2.813712  -0.000790    34.3698    34.3661     6.8875    27.6287    27.6260    34.3674    27.6268    1449.99    1449.95    -0.6576  1029.0122    34.5353 0.0000e+00
      21015 311.742993  -62.13978  -58.44154     -0.772    1448.48    288.000    285.038    -0.6574    -0.6614    -0.0040    -0.6666    -0.6705    -0.0040   2.813399   2.812961  -0.000468    34.3657    34.3639     6.9155    27.6258    27.6245    34.3633    27.6239    1449.92    1449.90    -0.6663  1029.0046    34.5312 0.0000e+00
      21043 311.743007  -62.13978  -58.44154     -0.812    1448.48    287.000    284.049    -0.6631    -0.6635    -0.0004    -0.6722    -0.6726    -0.0004   2.812807   2.812683  -0.000126    34.3641    34.3629     6.9493    27.6248    27.6238    34.3624    27.6234    1449.88    1449.88    -0.6720  1028.9994    34.5302 0.0000e+00
      21071 311.743020  -62.13979  -58.44154     -0.865    1448.48    286.000    283.060    -0.6675    -0.6695    -0.0020    -0.6765    -0.6785    -0.0019   2.812215   2.812067  -0.000161    34.3625    34.3625     6.9766    27.6236    27.6237    34.3600    27.6216    1449.84    1449.83    -0.6763  1028.9929    34.5279 0.0000e+00
      21097 311.743033  -62.13980  -58.44154     -0.895    1448.48    285.000    282.071    -0.6804    -0.6819    -0.0015    -0.6893    -0.6908    -0.0015   2.810896   2.810733  -0.000148    34.3597    34.3594     6.9922    27.6219    27.6218    34.3574    27.6201    1449.76    1449.75    -0.6891  1028.9867    34.5252 0.0000e+00
      21124 311.743045  -62.13980  -58.44154     -0.901    1448.48    284.000    281.082    -0.6838    -0.6871    -0.0033    -0.6928    -0.6960    -0.0032   2.810606   2.810169  -0.000430    34.3599    34.3578     7.0021    27.6222    27.6206    34.3580    27.6207    1449.73    1449.71    -0.6925  1028.9827    34.5258 0.0000e+00
      21151 311.743058  -62.13980  -58.44154     -0.889    1448.48    283.000    280.093    -0.6914    -0.6925    -0.0011    -0.7003    -0.7013    -0.0011   2.809729   2.809610  -0.000154    34.3574    34.3565     7.0200    27.6205    27.6199    34.3554    27.6189    1449.67    1449.67    -0.7001  1028.9762    34.5232 0.0000e+00
      21177 311.743071  -62.13980  -58.44154     -0.917    1448.48    282.000    279.104    -0.6919    -0.6908     0.0011    -0.7008    -0.6996     0.0011   2.809704   2.809754   0.000038    34.3575    34.3568     7.0307    27.6206    27.6200    34.3563    27.6196    1449.66    1449.66    -0.7005  1028.9736    34.5259 0.0000e+00
      21204 311.743084  -62.13980 -9.990e-29     -0.902    1448.48    281.000    278.115    -0.6916    -0.6909     0.0007    -0.7004    -0.6997     0.0007   2.809686   2.809693   0.000010    34.3575    34.3568     7.0465    27.6206    27.6200    34.3563    27.6196    1449.64    1449.64    -0.7002  1028.9693    34.5265 0.0000e+00
      21229 311.743096  -62.13980 -9.990e-29     -0.919    1448.48    280.000    277.126    -0.6928    -0.6940    -0.0012    -0.7016    -0.7028    -0.0012   2.809522   2.809329  -0.000191    34.3573    34.3561     7.0611    27.6205    27.6196    34.3560    27.6195    1449.62    1449.61    -0.7014  1028.9644    34.5263 0.0000e+00
      21253 311.743108  -62.13980 -9.990e-29     -0.968    1448.48    279.000    276.137    -0.6949    -0.6974    -0.0025    -0.7036    -0.7061    -0.0025   2.809224   2.808920  -0.000295    34.3562    34.3551     7.0667    27.6197    27.6189    34.3549    27.6187    1449.59    1449.58    -0.7034  1028.9589    34.5252 0.0000e+00
