Pos-Processados/process_op42/Processamento_split/up/uoperantar42_034.cnv
* Sea-Bird SBE 9 Data File:
* FileName = C:\Users\Hidrografia\Desktop\OPXLII\Brutos\OP42034.hdr
* Software Version Seasave V 7.26.7.107
* Temperature SN = 6502
* Conductivity SN = 4998
* Number of Bytes Per Scan = 37
* Number of Voltage Words = 4
* Number of Scans Averaged by the Deck Unit = 1
* NMEA Latitude = 62 08.19 S
* NMEA Longitude = 058 26.42 W
* NMEA UTC (Time) = Nov 09 2023 09:05:42
* NMEA baud rate = 4800
** H41
** NPOALTEMAXIMIANO
** NUMERO DA ESTACAO (XXX) 034
** LAT (XX XX.XX S/N) 62 08.17 S
** LONG (XXX XX.XX W/E) 058 26.44 W
** DATAHORA (dd/mm/aaaa hh:mm Z) 09/11/2023 0905Z
** PROFUNDIDADE (m) 424
** OPERADOR CT FABIREZA
# nquan = 30
# nvalues = 397                         
# units = specified
# name 0 = scan: Scan Count
# name 1 = timeJ: Julian Days
# name 2 = latitude: Latitude [deg]
# name 3 = longitude: Longitude [deg]
# name 4 = dz/dtM: Descent Rate [m/s]
# name 5 = avgsvCM: Average Sound Velocity [Chen-Millero, m/s]
# name 6 = prDM: Pressure, Digiquartz [db]
# name 7 = depSM: Depth [salt water, m]
# name 8 = t090C: Temperature [ITS-90, deg C]
# name 9 = t190C: Temperature, 2 [ITS-90, deg C]
# name 10 = T2-T190C: Temperature Difference, 2 - 1 [ITS-90, deg C]
# name 11 = potemp090C: Potential Temperature [ITS-90, deg C]
# name 12 = potemp190C: Potential Temperature, 2 [ITS-90, deg C]
# name 13 = potemp90Cdiff: Potential Temperature, Diff, 2 - 1 [ITS-90, deg C]
# name 14 = c0S/m: Conductivity [S/m]
# name 15 = c1S/m: Conductivity, 2 [S/m]
# name 16 = C2-C1S/m: Conductivity Difference, 2 - 1 [S/m]
# name 17 = sal00: Salinity, Practical [PSU]
# name 18 = sal11: Salinity, Practical, 2 [PSU]
# name 19 = sbeox0ML/L: Oxygen, SBE 43 [ml/l]
# name 20 = sigma-é00: Density [sigma-theta, kg/m^3]
# name 21 = sigma-é11: Density, 2 [sigma-theta, kg/m^3]
# name 22 = sal00: Salinity, Practical [PSU]
# name 23 = sigma-é00: Density [sigma-theta, kg/m^3]
# name 24 = svCM: Sound Velocity [Chen-Millero, m/s]
# name 25 = svCM1: Sound Velocity, 2 [Chen-Millero, m/s]
# name 26 = gsw_ptA0: potential temperature [ITS-90, deg C]
# name 27 = gsw_densityA0: density, TEOS-10 [density, kg/m^3]
# name 28 = gsw_saA0: Absolute Salinity [g/kg]
# name 29 = flag:
# span 0 =      13554,      25108       
# span 1 = 313.385494, 313.391066       
# span 2 =  -62.14077,  -62.13857       
# span 3 =  -58.44044,  -58.43977       
# span 4 =     -1.221,     -0.119       
# span 5 =    1448.35,    1448.35       
# span 6 =      1.000,    397.000       
# span 7 =      0.994,    392.822       
# span 8 =    -0.7801,    -0.5476       
# span 9 =    -0.7793,    -0.5471       
# span 10 =    -0.0256,     0.0175      
# span 11 =    -0.7877,    -0.5486      
# span 12 =    -0.7870,    -0.5480      
# span 13 =    -0.0256,     0.0175      
# span 14 =   2.792793,   2.823262      
# span 15 =   2.792685,   2.823096      
# span 16 =  -0.002146,   0.001769      
# span 17 =    34.2760,    34.3910      
# span 18 =    34.2748,    34.3900      
# span 19 =     6.8084,     7.6553      
# span 20 =    27.5525,    27.6452      
# span 21 =    27.5513,    27.6444      
# span 22 =    34.2779,    34.3910      
# span 23 =    27.5536,    27.6452      
# span 24 =    1445.65,    1451.87      
# span 25 =    1445.66,    1451.87      
# span 26 =    -0.7875,    -0.5486      
# span 27 =  1027.5625,  1029.5417      
# span 28 =    34.4409,    34.5585      
# span 29 = 0.0000e+00, 0.0000e+00      
# interval = decibars: 1                
# start_time = Nov 09 2023 09:05:42 [NMEA time, header]
# bad_flag = -9.990e-29
*END*
[from data line 291]
      21277 313.389219  -62.14006  -58.44010     -0.798    1448.35    106.000    104.956    -0.6803    -0.6815    -0.0012    -0.6835    -0.6846    -0.0012   2.797638   2.797477  -0.000161    34.2882    34.2873     7.5240    27.5637    27.5631    34.2885    27.5640    1446.75    1446.75    -0.6834  1028.0772    34.4558 0.0000e+00
      21315 313.389237  -62.14007 -9.990e-29     -0.625    1448.35    105.000    103.966    -0.6784    -0.6805    -0.0021    -0.6815    -0.6836    -0.0021   2.797745   2.797514  -0.000232    34.2879    34.2872     7.5353    27.5635    27.5630    34.2884    27.5638    1446.75    1446.73    -0.6814  1028.0724    34.4558 0.0000e+00
      21349 313.389253  -62.14008 -9.990e-29     -0.683    1448.35    104.000    102.976    -0.6769    -0.6766     0.0003    -0.6799    -0.6797     0.0003   2.797805   2.797737  -0.000079    34.2877    34.2863     7.5445    27.5632    27.5621    34.2881    27.5635    1446.73    1446.73    -0.6799  1028.0672    34.4555 0.0000e+00
      21380 313.389268  -62.14008  -58.44008     -0.769    1448.35    103.000    101.986    -0.6756    -0.6749     0.0007    -0.6786    -0.6779     0.0007   2.797829   2.797792  -0.000042    34.2872    34.2859     7.5420    27.5628    27.5617    34.2875    27.5630    1446.72    1446.73    -0.6786  1028.0610    34.4538 0.0000e+00
      21412 313.389284  -62.14010  -58.44008     -0.752    1448.35    102.000    100.997    -0.6767    -0.6760     0.0007    -0.6797    -0.6790     0.0007   2.797682   2.797643  -0.000041    34.2873    34.2860     7.5442    27.5629    27.5618    34.2874    27.5630    1446.70    1446.71    -0.6796  1028.0562    34.4537 0.0000e+00
      21445 313.389300  -62.14010  -58.44008     -0.725    1448.35    101.000    100.007    -0.6789    -0.6797    -0.0007    -0.6819    -0.6826    -0.0007   2.797419   2.797228  -0.000157    34.2871    34.2858     7.5370    27.5628    27.5618    34.2870    27.5627    1446.68    1446.67    -0.6818  1028.0512    34.4533 0.0000e+00
      21474 313.389314  -62.14010  -58.44008     -0.796    1448.35    100.000     99.016    -0.6897    -0.6890     0.0007    -0.6926    -0.6920     0.0007   2.796198   2.796279  -0.000003    34.2852    34.2844     7.5501    27.5617    27.5610    34.2833    27.5602    1446.60    1446.61    -0.6926  1028.0440    34.4496 0.0000e+00
      21499 313.389326  -62.14011  -58.44007     -0.920    1448.35     99.000     98.027    -0.6992    -0.6951     0.0041    -0.7021    -0.6980     0.0041   2.795345   2.795642   0.000291    34.2842    34.2835     7.5632    27.5614    27.5606    34.2832    27.5605    1446.54    1446.56    -0.7020  1028.0395    34.4494 0.0000e+00
      21524 313.389338  -62.14012  -58.44006     -0.967    1448.35     98.000     97.037    -0.7052    -0.6991     0.0061    -0.7081    -0.7020     0.0061   2.794708   2.795203   0.000463    34.2834    34.2827     7.5639    27.5609    27.5601    34.2820    27.5598    1446.50    1446.53    -0.7080  1028.0340    34.4482 0.0000e+00
      21552 313.389351  -62.14012  -58.44006     -0.897    1448.35     97.000     96.047    -0.7196    -0.7021     0.0175    -0.7224    -0.7049     0.0175   2.793331   2.794960   0.001470    34.2825    34.2826     7.5550    27.5609    27.5601    34.2803    27.5590    1446.41    1446.50    -0.7224  1028.0285    34.4465 0.0000e+00
      21584 313.389367  -62.14012  -58.44006     -0.758    1448.35     96.000     95.057    -0.7232    -0.7112     0.0120    -0.7260    -0.7140     0.0120   2.792955   2.793990   0.001180    34.2806    34.2830     7.5617    27.5595    27.5608    34.2800    27.5589    1446.38    1446.43    -0.7259  1028.0236    34.4461 0.0000e+00
      21614 313.389381  -62.14013  -58.44006     -0.766    1448.35     95.000     94.067    -0.7231    -0.7234    -0.0003    -0.7259    -0.7262    -0.0003   2.792793   2.792685  -0.000057    34.2789    34.2785     7.5649    27.5580    27.5577    34.2783    27.5575    1446.36    1446.36    -0.7258  1028.0174    34.4444 0.0000e+00
      21639 313.389393  -62.14014  -58.44006     -0.902    1448.35     94.000     93.077    -0.7066    -0.7192    -0.0125    -0.7094    -0.7219    -0.0125   2.794187   2.792997  -0.001095    34.2774    34.2768     7.5718    27.5561    27.5562    34.2791    27.5575    1446.42    1446.36    -0.7093  1028.0125    34.4452 0.0000e+00
      21662 313.389404  -62.14014  -58.44006     -1.015    1448.35     93.000     92.087    -0.6848    -0.6957    -0.0108    -0.6876    -0.6984    -0.0108   2.796013   2.794953  -0.001022    34.2771    34.2755     7.5776    27.5549    27.5541    34.2797    27.5571    1446.51    1446.46    -0.6875  1028.0072    34.4458 0.0000e+00
      21686 313.389416  -62.14014  -58.44006     -1.024    1448.35     92.000     91.097    -0.6615    -0.6804    -0.0189    -0.6643    -0.6832    -0.0189   2.797893   2.796130  -0.001681    34.2766    34.2753     7.5801    27.5536    27.5534    34.2793    27.5557    1446.60    1446.51    -0.6642  1028.0010    34.4454 0.0000e+00
      21714 313.389430  -62.14014  -58.44006     -0.903    1448.35     91.000     90.107    -0.6477    -0.6732    -0.0256    -0.6504    -0.6759    -0.0256   2.798942   2.796767  -0.002146    34.2760    34.2760     7.5816    27.5525    27.5536    34.2783    27.5544    1446.65    1446.53    -0.6503  1027.9948    34.4444 0.0000e+00
      21746 313.389445  -62.14015  -58.44006     -0.774    1448.35     90.000     89.117    -0.6353    -0.6430    -0.0078    -0.6380    -0.6457    -0.0078   2.800117   2.799262  -0.000885    34.2779    34.2748     7.5905    27.5535    27.5513    34.2808    27.5558    1446.69    1446.65    -0.6379  1027.9914    34.4468 0.0000e+00
      21774 313.389459  -62.14016  -58.44004     -0.805    1448.35     89.000     88.127    -0.6170    -0.6289    -0.0120    -0.6196    -0.6316    -0.0120   2.801652   2.800418  -0.001185    34.2789    34.2764     7.5969    27.5535    27.5520    34.2814    27.5555    1446.76    1446.70    -0.6196  1027.9863    34.4474 0.0000e+00
      21800 313.389471  -62.14016  -58.44004     -0.895    1448.35     88.000     87.137    -0.6243    -0.6206     0.0037    -0.6269    -0.6233     0.0037   2.800830   2.801130   0.000120    34.2791    34.2766     7.6001    27.5540    27.5518    34.2792    27.5541    1446.71    1446.73    -0.6269  1027.9801    34.4452 0.0000e+00
      21823 313.389482  -62.14018  -58.44004     -0.990    1448.35     87.000     86.147    -0.6418    -0.6254     0.0163    -0.6444    -0.6280     0.0163   2.799217   2.800611   0.001307    34.2790    34.2781     7.6044    27.5546    27.5532    34.2779    27.5537    1446.61    1446.69    -0.6443  1027.9750    34.4438 0.0000e+00
      21848 313.389494  -62.14018  -58.44004     -1.002    1448.35     86.000     85.157    -0.6523    -0.6429     0.0094    -0.6548    -0.6454     0.0094   2.798458   2.799123   0.000725    34.2797    34.2789     7.5996    27.5557    27.5547    34.2801    27.5560    1446.55    1446.59    -0.6548  1027.9725    34.4461 0.0000e+00
      21876 313.389508  -62.14018  -58.44004     -0.895    1448.35     85.000     84.167    -0.6478    -0.6457     0.0021    -0.6503    -0.6482     0.0021   2.798795   2.798915   0.000088    34.2795    34.2782     7.5999    27.5553    27.5542    34.2802    27.5559    1446.55    1446.56    -0.6503  1027.9684    34.4472 0.0000e+00
      21907 313.389522  -62.14018 -9.990e-29     -0.799    1448.35     84.000     83.177    -0.6467    -0.6427     0.0040    -0.6491    -0.6452     0.0039   2.798797   2.799055   0.000236    34.2796    34.2783     7.6051    27.5554    27.5541    34.2796    27.5553    1446.54    1446.56    -0.6491  1027.9631    34.4466 0.0000e+00
      21937 313.389537  -62.14019 -9.990e-29     -0.791    1448.35     83.000     82.187    -0.6521    -0.6477     0.0043    -0.6545    -0.6502     0.0043   2.798291   2.798554   0.000278    34.2795    34.2784     7.6054    27.5555    27.5544    34.2795    27.5555    1446.50    1446.52    -0.6545  1027.9585    34.4465 0.0000e+00
      21964 313.389550  -62.14020  -58.44002     -0.844    1448.35     82.000     81.197    -0.6558    -0.6512     0.0046    -0.6583    -0.6536     0.0046   2.797883   2.798206   0.000311    34.2793    34.2782     7.6046    27.5555    27.5544    34.2788    27.5551    1446.46    1446.48    -0.6582  1027.9529    34.4453 0.0000e+00
      21991 313.389563  -62.14020  -58.44002     -0.887    1448.35     81.000     80.207    -0.6552    -0.6539     0.0013    -0.6576    -0.6563     0.0013   2.797916   2.797929   0.000034    34.2789    34.2780     7.6023    27.5552    27.5543    34.2792    27.5554    1446.45    1446.46    -0.6575  1027.9480    34.4451 0.0000e+00
      22018 313.389576  -62.14020  -58.44002     -0.902    1448.35     80.000     79.217    -0.6515    -0.6513     0.0003    -0.6539    -0.6536     0.0003   2.798137   2.798092  -0.000045    34.2784    34.2774     7.6041    27.5545    27.5538    34.2787    27.5548    1446.45    1446.45    -0.6538  1027.9425    34.4445 0.0000e+00
      22043 313.389588  -62.14020  -58.44002     -0.929    1448.35     79.000     78.227    -0.6485    -0.6488    -0.0003    -0.6509    -0.6512    -0.0003   2.798366   2.798229  -0.000125    34.2786    34.2773     7.6013    27.5546    27.5536    34.2790    27.5549    1446.45    1446.45    -0.6508  1027.9379    34.4448 0.0000e+00
      22067 313.389600  -62.14022  -58.44002     -0.981    1448.35     78.000     77.237    -0.6442    -0.6473    -0.0031    -0.6465    -0.6496    -0.0031   2.798735   2.798320  -0.000362    34.2786    34.2773     7.5991    27.5544    27.5535    34.2796    27.5553    1446.45    1446.44    -0.6464  1027.9312    34.4428 0.0000e+00
      22090 313.389611 -9.990e-29  -58.44002     -1.024    1448.35     77.000     76.247    -0.6348    -0.6418    -0.0070    -0.6371    -0.6441    -0.0070   2.799446   2.798757  -0.000704    34.2785    34.2769     7.6006    27.5539    27.5530    34.2792    27.5546    1446.48    1446.45    -0.6370  1027.9245    34.4409 0.0000e+00
      22115 313.389623 -9.990e-29  -58.44002     -1.002    1448.35     76.000     75.257    -0.6308    -0.6335    -0.0027    -0.6331    -0.6358    -0.0027   2.799782   2.799421  -0.000365    34.2789    34.2770     7.6018    27.5541    27.5527    34.2799    27.5549    1446.48    1446.47    -0.6330  1027.9200    34.4415 0.0000e+00
      22143 313.389636 -9.990e-29  -58.44002     -0.898    1448.35     75.000     74.267    -0.6258    -0.6271    -0.0013    -0.6280    -0.6293    -0.0013   2.800149   2.799911  -0.000230    34.2786    34.2770     7.5935    27.5536    27.5524    34.2797    27.5545    1446.49    1446.49    -0.6280  1027.9149    34.4413 0.0000e+00
      22173 313.389651  -62.14024  -58.44001     -0.807    1448.35     74.000     73.277    -0.6229    -0.6239    -0.0010    -0.6251    -0.6261    -0.0010   2.800323   2.800143  -0.000203    34.2790    34.2773     7.5978    27.5538    27.5526    34.2795    27.5542    1446.49    1446.48    -0.6251  1027.9125    34.4445 0.0000e+00
      22201 313.389664  -62.14024  -58.44000     -0.833    1448.35     73.000     72.287    -0.6270    -0.6244     0.0027    -0.6292    -0.6265     0.0027   2.799933   2.800066   0.000113    34.2794    34.2779     7.5967    27.5543    27.5530    34.2795    27.5544    1446.45    1446.46    -0.6291  1027.9085    34.4453 0.0000e+00
      22226 313.389676  -62.14024  -58.44000     -0.917    1448.35     72.000     71.297    -0.6339    -0.6263     0.0077    -0.6360    -0.6284     0.0077   2.799272   2.799825   0.000527    34.2792    34.2777     7.6085    27.5545    27.5529    34.2790    27.5543    1446.41    1446.44    -0.6360  1027.9036    34.4447 0.0000e+00
      22251 313.389688  -62.14026  -58.44000     -0.962    1448.35     71.000     70.307    -0.6341    -0.6315     0.0026    -0.6362    -0.6336     0.0026   2.799245   2.799353   0.000126    34.2793    34.2780     7.6127    27.5545    27.5534    34.2794    27.5547    1446.39    1446.40    -0.6361  1027.8992    34.4452 0.0000e+00
      22277 313.389701  -62.14026  -58.44000     -0.928    1448.35     70.000     69.317    -0.6315    -0.6316    -0.0001    -0.6336    -0.6337    -0.0001   2.799422   2.799298  -0.000101    34.2791    34.2778     7.6165    27.5543    27.5532    34.2795    27.5546    1446.38    1446.38    -0.6335  1027.8944    34.4453 0.0000e+00
      22306 313.389715  -62.14026  -58.44000     -0.862    1448.35     69.000     68.327    -0.6225    -0.6248    -0.0023    -0.6246    -0.6268    -0.0023   2.800194   2.799846  -0.000334    34.2792    34.2772     7.6076    27.5540    27.5525    34.2804    27.5549    1446.41    1446.40    -0.6245  1027.8899    34.4461 0.0000e+00
      22334 313.389728  -62.14027  -58.44000     -0.848    1448.35     68.000     67.337    -0.6179    -0.6196    -0.0017    -0.6199    -0.6216    -0.0017   2.800523   2.800275  -0.000236    34.2792    34.2780     7.6070    27.5538    27.5529    34.2802    27.5546    1446.42    1446.41    -0.6199  1027.8847    34.4459 0.0000e+00
      22360 313.389741  -62.14028  -58.43999     -0.897    1448.35     67.000     66.346    -0.6123    -0.6168    -0.0045    -0.6143    -0.6188    -0.0045   2.800967   2.800460  -0.000499    34.2797    34.2781     7.6049    27.5540    27.5528    34.2805    27.5546    1446.42    1446.40    -0.6143  1027.8799    34.4462 0.0000e+00
      22385 313.389753  -62.14028  -58.43998     -0.947    1448.35     66.000     65.356    -0.6107    -0.6115    -0.0008    -0.6126    -0.6134    -0.0008   2.801053   2.800877  -0.000195    34.2797    34.2780     7.6037    27.5539    27.5525    34.2804    27.5544    1446.42    1446.41    -0.6126  1027.8750    34.4461 0.0000e+00
      22410 313.389765  -62.14028  -58.43998     -0.959    1448.35     65.000     64.366    -0.6097    -0.6089     0.0008    -0.6117    -0.6109     0.0008   2.801065   2.801036  -0.000046    34.2797    34.2782     7.6121    27.5538    27.5525    34.2801    27.5542    1446.40    1446.41    -0.6116  1027.8699    34.4458 0.0000e+00
      22436 313.389778  -62.14028  -58.43998     -0.933    1448.35     64.000     63.376    -0.6103    -0.6096     0.0006    -0.6122    -0.6115     0.0006   2.800985   2.800938  -0.000051    34.2799    34.2785     7.6091    27.5540    27.5528    34.2802    27.5543    1446.39    1446.39    -0.6121  1027.8653    34.4459 0.0000e+00
      22463 313.389791  -62.14029  -58.43998     -0.894    1448.35     63.000     62.386    -0.6148    -0.6118     0.0030    -0.6167    -0.6137     0.0030   2.800512   2.800678   0.000145    34.2801    34.2786     7.6134    27.5544    27.5531    34.2797    27.5540    1446.35    1446.36    -0.6166  1027.8590    34.4438 0.0000e+00
      22490 313.389804 -9.990e-29 -9.990e-29     -0.879    1448.35     62.000     61.396    -0.6216    -0.6178     0.0038    -0.6235    -0.6196     0.0038   2.799907   2.800124   0.000227    34.2799    34.2787     7.6181    27.5545    27.5533    34.2798    27.5544    1446.30    1446.32    -0.6234  1027.8533    34.4423 0.0000e+00
      22518 313.389817 -9.990e-29 -9.990e-29     -0.884    1448.35     61.000     60.406    -0.6191    -0.6185     0.0006    -0.6209    -0.6203     0.0006   2.800057   2.800018  -0.000047    34.2795    34.2783     7.6085    27.5541    27.5530    34.2796    27.5541    1446.30    1446.30    -0.6209  1027.8482    34.4421 0.0000e+00
      22545 313.389830 -9.990e-29 -9.990e-29     -0.871    1448.35     60.000     59.416    -0.6183    -0.6182     0.0001    -0.6201    -0.6199     0.0001   2.800101   2.799992  -0.000089    34.2796    34.2782     7.6177    27.5541    27.5530    34.2799    27.5544    1446.28    1446.28    -0.6200  1027.8436    34.4424 0.0000e+00
