Pos-Processados/process_op42/Processamento_split/up/uoperantar42_053.cnv
* Sea-Bird SBE 9 Data File:
* FileName = C:\Users\Hidrografia\Desktop\OPXLII\Brutos\OP42053.hdr
* Software Version Seasave V 7.26.7.107
* Temperature SN = 6502
* Conductivity SN = 4998
* Number of Bytes Per Scan = 37
* Number of Voltage Words = 4
* Number of Scans Averaged by the Deck Unit = 1
* NMEA Latitude = 62 18.18 S
* NMEA Longitude = 058 13.23 W
* NMEA UTC (Time) = Nov 17 2023 02:11:25
* NMEA baud rate = 4800
** H41
** NPOALTEMAXIMIANO
** NUMERO DA ESTACAO (XXX) 053
** LAT (XX XX.XX S/N) 62 18.18 S
** LONG (XXX XX.XX W/E) 058 13.43 W
** DATAHORA (dd/mm/aaaa hh:mm Z) 17/11/2023 0204Z
** PROFUNDIDADE (m) 1485 m
** OPERADOR CT FILIPE LOPES
# nquan = 30
# nvalues = 1377                        
# units = specified
# name 0 = scan: Scan Count
# name 1 = timeJ: Julian Days
# name 2 = latitude: Latitude [deg]
# name 3 = longitude: Longitude [deg]
# name 4 = dz/dtM: Descent Rate [m/s]
# name 5 = avgsvCM: Average Sound Velocity [Chen-Millero, m/s]
# name 6 = prDM: Pressure, Digiquartz [db]
# name 7 = depSM: Depth [salt water, m]
# name 8 = t090C: Temperature [ITS-90, deg C]
# name 9 = t190C: Temperature, 2 [ITS-90, deg C]
# name 10 = T2-T190C: Temperature Difference, 2 - 1 [ITS-90, deg C]
# name 11 = potemp090C: Potential Temperature [ITS-90, deg C]
# name 12 = potemp190C: Potential Temperature, 2 [ITS-90, deg C]
# name 13 = potemp90Cdiff: Potential Temperature, Diff, 2 - 1 [ITS-90, deg C]
# name 14 = c0S/m: Conductivity [S/m]
# name 15 = c1S/m: Conductivity, 2 [S/m]
# name 16 = C2-C1S/m: Conductivity Difference, 2 - 1 [S/m]
# name 17 = sal00: Salinity, Practical [PSU]
# name 18 = sal11: Salinity, Practical, 2 [PSU]
# name 19 = sbeox0ML/L: Oxygen, SBE 43 [ml/l]
# name 20 = sigma-é00: Density [sigma-theta, kg/m^3]
# name 21 = sigma-é11: Density, 2 [sigma-theta, kg/m^3]
# name 22 = sal00: Salinity, Practical [PSU]
# name 23 = sigma-é00: Density [sigma-theta, kg/m^3]
# name 24 = svCM: Sound Velocity [Chen-Millero, m/s]
# name 25 = svCM1: Sound Velocity, 2 [Chen-Millero, m/s]
# name 26 = gsw_ptA0: potential temperature [ITS-90, deg C]
# name 27 = gsw_densityA0: density, TEOS-10 [density, kg/m^3]
# name 28 = gsw_saA0: Absolute Salinity [g/kg]
# name 29 = flag:
# span 0 =      37259,      69847       
# span 1 = 321.109230, 321.124945       
# span 2 =  -62.30464,  -62.30314       
# span 3 =  -58.21194,  -58.21132       
# span 4 =     -1.306,     -0.315       
# span 5 =    1457.04,    1457.04       
# span 6 =      2.000,   1378.000       
# span 7 =      1.985,   1360.262       
# span 8 =    -1.3466,     0.6212       
# span 9 =    -1.3457,     0.6223       
# span 10 =    -0.0265,     0.0543      
# span 11 =    -1.3909,     0.5946      
# span 12 =    -1.3900,     0.5957      
# span 13 =    -0.0265,     0.0539      
# span 14 =   2.797170,   2.950904      
# span 15 =   2.797164,   2.950888      
# span 16 =  -0.002105,   0.004159      
# span 17 =    34.2582,    34.5710      
# span 18 =    34.2554,    34.5693      
# span 19 =     5.1440,     7.8587      
# span 20 =    27.5245,    27.7777      
# span 21 =    27.5230,    27.7769      
# span 22 =    34.2589,    34.5724      
# span 23 =    27.5245,    27.7777      
# span 24 =    1446.72,    1464.93      
# span 25 =    1446.76,    1464.93      
# span 26 =    -1.3898,     0.5947      
# span 27 =  1027.5392,  1034.3121      
# span 28 =    34.4244,    34.7419      
# span 29 = 0.0000e+00, 0.0000e+00      
# interval = decibars: 1                
# start_time = Nov 17 2023 02:11:25 [NMEA time, header]
# bad_flag = -9.990e-29
*END*
[from data line 919]
      58888 321.119660  -62.30426  -58.21182     -0.991    1457.04    459.000    454.087     0.4984     0.4975    -0.0009     0.4785     0.4776    -0.0009   2.931842   2.931707  -0.000193    34.5335    34.5320     5.3341    27.7030    27.7018    34.5319    27.7016    1458.28    1458.27     0.4787  1029.8774    34.7010 0.0000e+00
      58910 321.119671  -62.30426  -58.21182     -1.052    1457.04    458.000    453.098     0.4937     0.4946     0.0009     0.4739     0.4748     0.0009   2.931347   2.931327  -0.000002    34.5322    34.5311     5.3380    27.7021    27.7013    34.5313    27.7014    1458.24    1458.24     0.4741  1029.8725    34.7004 0.0000e+00
      58931 321.119681  -62.30426  -58.21182     -1.114    1457.04    457.000    452.110     0.4917     0.4922     0.0005     0.4719     0.4724     0.0005   2.931057   2.931016  -0.000041    34.5313    34.5302     5.3381    27.7015    27.7006    34.5304    27.7008    1458.21    1458.21     0.4721  1029.8672    34.6995 0.0000e+00
      58953 321.119691  -62.30426  -58.21182     -1.136    1457.04    456.000    451.122     0.4903     0.4898    -0.0006     0.4706     0.4701    -0.0006   2.930838   2.930689  -0.000158    34.5307    34.5292     5.3381    27.7011    27.7000    34.5296    27.7002    1458.19    1458.18     0.4708  1029.8620    34.6987 0.0000e+00
      58976 321.119702  -62.30426  -58.21182     -1.086    1457.04    455.000    450.134     0.4861     0.4866     0.0006     0.4665     0.4670     0.0006   2.930290   2.930309 2.5841e-07    34.5289    34.5283     5.3448    27.7000    27.6995    34.5278    27.6990    1458.15    1458.15     0.4666  1029.8561    34.6968 0.0000e+00
      59003 321.119716  -62.30426  -58.21182     -0.940    1457.04    454.000    449.145     0.4850     0.4840    -0.0010     0.4654     0.4645    -0.0010   2.930149   2.929980  -0.000145    34.5284    34.5276     5.3592    27.6996    27.6990    34.5277    27.6991    1458.13    1458.12     0.4656  1029.8515    34.6968 0.0000e+00
      59033 321.119730  -62.30428  -58.21182     -0.815    1457.04    453.000    448.157     0.4806     0.4816     0.0009     0.4611     0.4621     0.0009   2.929609   2.929650   0.000032    34.5270    34.5264     5.3668    27.6987    27.6982    34.5261    27.6980    1458.09    1458.09     0.4613  1029.8458    34.6952 0.0000e+00
      59062 321.119744  -62.30428  -58.21182     -0.820    1457.04    452.000    447.169     0.4789     0.4795     0.0006     0.4594     0.4600     0.0006   2.929385   2.929360  -0.000021    34.5266    34.5256     5.3814    27.6985    27.6977    34.5258    27.6978    1458.07    1458.07     0.4596  1029.8409    34.6948 0.0000e+00
      59088 321.119756  -62.30428  -58.21182     -0.886    1457.04    451.000    446.181     0.4780     0.4771    -0.0009     0.4586     0.4577    -0.0009   2.929214   2.929058  -0.000177    34.5260    34.5247     5.3860    27.6981    27.6970    34.5251    27.6974    1458.04    1458.04     0.4587  1029.8358    34.6942 0.0000e+00
      59113 321.119768  -62.30428  -58.21182     -0.943    1457.04    450.000    445.193     0.4754     0.4766     0.0012     0.4560     0.4573     0.0012   2.928933   2.928951   0.000034    34.5255    34.5246     5.3879    27.6978    27.6970    34.5249    27.6973    1458.02    1458.02     0.4562  1029.8311    34.6939 0.0000e+00
      59137 321.119780  -62.30428  -58.21182     -0.989    1457.04    449.000    444.204     0.4746     0.4747     0.0001     0.4553     0.4554     0.0001   2.928812   2.928705  -0.000083    34.5253    34.5241     5.3845    27.6977    27.6967    34.5248    27.6973    1457.99    1457.99     0.4555  1029.8263    34.6938 0.0000e+00
      59160 321.119791  -62.30428  -58.21182     -1.024    1457.04    448.000    443.216     0.4733     0.4734     0.0001     0.4541     0.4542     0.0001   2.928593   2.928535  -0.000085    34.5249    34.5237     5.3965    27.6974    27.6964    34.5239    27.6967    1457.97    1457.97     0.4542  1029.8210    34.6930 0.0000e+00
      59182 321.119802  -62.30428  -58.21182     -1.060    1457.04    447.000    442.228     0.4718     0.4730     0.0012     0.4526     0.4538     0.0012   2.928413   2.928434   0.000026    34.5245    34.5235     5.4006    27.6972    27.6963    34.5239    27.6968    1457.95    1457.95     0.4527  1029.8164    34.6930 0.0000e+00
      59204 321.119812  -62.30428  -58.21181     -1.085    1457.04    446.000    441.240     0.4698     0.4694    -0.0004     0.4506     0.4503    -0.0004   2.928155   2.928037  -0.000114    34.5241    34.5230     5.3983    27.6970    27.6962    34.5233    27.6964    1457.92    1457.92     0.4508  1029.8114    34.6924 0.0000e+00
      59227 321.119824  -62.30428  -58.21180     -1.061    1457.04    445.000    440.251     0.4677     0.4678     0.0001     0.4487     0.4487     0.0001   2.927891   2.927843  -0.000058    34.5235    34.5227     5.3988    27.6967    27.6960    34.5228    27.6961    1457.90    1457.90     0.4488  1029.8064    34.6918 0.0000e+00
      59252 321.119835  -62.30428  -58.21180     -1.004    1457.04    444.000    439.263     0.4681     0.4687     0.0006     0.4491     0.4497     0.0006   2.927937   2.927890  -0.000042    34.5238    34.5226     5.4004    27.6969    27.6959    34.5236    27.6967    1457.88    1457.89     0.4492  1029.8023    34.6926 0.0000e+00
      59277 321.119848  -62.30428  -58.21180     -0.962    1457.04    443.000    438.275     0.4690     0.4691     0.0001     0.4500     0.4501     0.0001   2.927970   2.927879  -0.000085    34.5239    34.5227     5.4095    27.6969    27.6959    34.5235    27.6966    1457.87    1457.87     0.4502  1029.7975    34.6926 0.0000e+00
      59303 321.119860  -62.30428  -58.21180     -0.947    1457.04    442.000    437.287     0.4645     0.4657     0.0011     0.4456     0.4467     0.0011   2.927435   2.927478   0.000031    34.5232    34.5224     5.4086    27.6966    27.6958    34.5221    27.6957    1457.83    1457.84     0.4457  1029.7920    34.6912 0.0000e+00
      59328 321.119872  -62.30428  -58.21180     -0.939    1457.04    441.000    436.298     0.4626     0.4628     0.0002     0.4437     0.4439     0.0002   2.927243   2.927172  -0.000071    34.5228    34.5217     5.4101    27.6964    27.6955    34.5224    27.6960    1457.81    1457.81     0.4439  1029.7876    34.6914 0.0000e+00
      59355 321.119885  -62.30430  -58.21180     -0.912    1457.04    440.000    435.310     0.4629     0.4631     0.0002     0.4441     0.4442     0.0002   2.927239   2.927143  -0.000093    34.5230    34.5215     5.4075    27.6965    27.6953    34.5226    27.6962    1457.79    1457.79     0.4442  1029.7830    34.6916 0.0000e+00
      59383 321.119899  -62.30430  -58.21180     -0.879    1457.04    439.000    434.321     0.4601     0.4608     0.0007     0.4414     0.4421     0.0007   2.926863   2.926867  -0.000003    34.5222    34.5213     5.4084    27.6960    27.6953    34.5214    27.6954    1457.76    1457.76     0.4415  1029.7775    34.6904 0.0000e+00
      59410 321.119912  -62.30430  -58.21180     -0.867    1457.04    438.000    433.333     0.4570     0.4578     0.0009     0.4383     0.4391     0.0009   2.926534   2.926531 4.7777e-07    34.5218    34.5209     5.4059    27.6959    27.6951    34.5212    27.6954    1457.73    1457.73     0.4384  1029.7729    34.6902 0.0000e+00
      59434 321.119923  -62.30430  -58.21180     -0.935    1457.04    437.000    432.345     0.4549     0.4546    -0.0003     0.4363     0.4360    -0.0003   2.926282   2.926153  -0.000121    34.5214    34.5202     5.4052    27.6957    27.6947    34.5208    27.6952    1457.70    1457.70     0.4364  1029.7680    34.6898 0.0000e+00
      59456 321.119934  -62.30430  -58.21180     -1.037    1457.04    436.000    431.356     0.4527     0.4526    -0.0001     0.4341     0.4340    -0.0001   2.925997   2.925897  -0.000095    34.5210    34.5199     5.4073    27.6955    27.6946    34.5201    27.6948    1457.68    1457.68     0.4342  1029.7629    34.6891 0.0000e+00
      59478 321.119944  -62.30430  -58.21180     -1.102    1457.04    435.000    430.368     0.4481     0.4477    -0.0004     0.4295     0.4292    -0.0004   2.925410   2.925338  -0.000086    34.5193    34.5186     5.4134    27.6944    27.6939    34.5182    27.6934    1457.64    1457.63     0.4297  1029.7570    34.6871 0.0000e+00
      59502 321.119956  -62.30430  -58.21178     -1.064    1457.04    434.000    429.380     0.4457     0.4467     0.0010     0.4272     0.4282     0.0010   2.925176   2.925178   0.000006    34.5191    34.5180     5.4176    27.6943    27.6934    34.5184    27.6938    1457.61    1457.61     0.4273  1029.7526    34.6874 0.0000e+00
      59528 321.119969  -62.30430  -58.21178     -0.947    1457.04    433.000    428.392     0.4448     0.4465     0.0017     0.4264     0.4281     0.0017   2.925039   2.925122   0.000074    34.5187    34.5178     5.4241    27.6941    27.6933    34.5181    27.6936    1457.59    1457.60     0.4265  1029.7478    34.6871 0.0000e+00
      59553 321.119981  -62.30430  -58.21178     -0.922    1457.04    432.000    427.403     0.4447     0.4456     0.0009     0.4263     0.4273     0.0009   2.924975   2.924979   0.000004    34.5186    34.5176     5.4282    27.6940    27.6931    34.5180    27.6935    1457.57    1457.57     0.4265  1029.7430    34.6870 0.0000e+00
      59576 321.119992  -62.30430  -58.21178     -1.005    1457.04    431.000    426.415     0.4443     0.4452     0.0009     0.4260     0.4269     0.0009   2.924882   2.924883   0.000003    34.5182    34.5173     5.4340    27.6937    27.6929    34.5178    27.6934    1457.55    1457.55     0.4261  1029.7381    34.6868 0.0000e+00
      59598 321.120002  -62.30430  -58.21176     -1.070    1457.04    430.000    425.427     0.4452     0.4461     0.0009     0.4269     0.4278     0.0009   2.924931   2.924933   0.000003    34.5184    34.5174     5.4395    27.6938    27.6929    34.5181    27.6935    1457.54    1457.54     0.4270  1029.7335    34.6870 0.0000e+00
      59622 321.120014  -62.30430  -58.21176     -1.045    1457.04    429.000    424.438     0.4455     0.4464     0.0008     0.4273     0.4281     0.0008   2.924918   2.924909  -0.000008    34.5184    34.5174     5.4409    27.6938    27.6929    34.5181    27.6935    1457.53    1457.53     0.4274  1029.7288    34.6871 0.0000e+00
      59649 321.120027  -62.30430  -58.21176     -0.941    1457.04    428.000    423.450     0.4457     0.4464     0.0008     0.4275     0.4282     0.0008   2.924893   2.924878  -0.000016    34.5185    34.5174     5.4473    27.6938    27.6929    34.5182    27.6936    1457.51    1457.51     0.4276  1029.7242    34.6872 0.0000e+00
      59677 321.120040  -62.30430  -58.21177     -0.865    1457.04    427.000    422.462     0.4457     0.4465     0.0008     0.4276     0.4284     0.0008   2.924850   2.924841  -0.000009    34.5184    34.5174     5.4419    27.6938    27.6929    34.5182    27.6936    1457.49    1457.50     0.4277  1029.7195    34.6871 0.0000e+00
      59703 321.120053  -62.30431  -58.21178     -0.891    1457.04    426.000    421.473     0.4452     0.4464     0.0012     0.4271     0.4283     0.0012   2.924753   2.924770   0.000017    34.5183    34.5173     5.4398    27.6937    27.6928    34.5181    27.6935    1457.48    1457.48     0.4272  1029.7147    34.6871 0.0000e+00
      59727 321.120065  -62.30432  -58.21178     -0.960    1457.04    425.000    420.485     0.4448     0.4456     0.0007     0.4268     0.4275     0.0007   2.924669   2.924655  -0.000011    34.5182    34.5172     5.4449    27.6937    27.6928    34.5180    27.6935    1457.46    1457.46     0.4269  1029.7099    34.6869 0.0000e+00
      59750 321.120076  -62.30432  -58.21177     -1.020    1457.04    424.000    419.497     0.4443     0.4451     0.0008     0.4263     0.4271     0.0008   2.924535   2.924544  -0.000001    34.5180    34.5171     5.4415    27.6935    27.6927    34.5174    27.6930    1457.44    1457.44     0.4264  1029.7048    34.6863 0.0000e+00
      59773 321.120087  -62.30432  -58.21176     -1.040    1457.04    423.000    418.508     0.4398     0.4402     0.0004     0.4219     0.4223     0.0004   2.924042   2.924005  -0.000018    34.5171    34.5164     5.4394    27.6930    27.6925    34.5165    27.6926    1457.40    1457.40     0.4220  1029.6997    34.6855 0.0000e+00
      59799 321.120099  -62.30432  -58.21176     -0.988    1457.04    422.000    417.520     0.4375     0.4383     0.0008     0.4196     0.4204     0.0008   2.923795   2.923778  -0.000025    34.5170    34.5158     5.4370    27.6931    27.6921    34.5165    27.6927    1457.37    1457.38     0.4197  1029.6951    34.6855 0.0000e+00
      59826 321.120112  -62.30432  -58.21176     -0.901    1457.04    421.000    416.531     0.4366     0.4375     0.0009     0.4188     0.4197     0.0009   2.923648   2.923666   0.000013    34.5165    34.5157     5.4428    27.6928    27.6920    34.5161    27.6925    1457.35    1457.35     0.4189  1029.6902    34.6851 0.0000e+00
      59852 321.120125  -62.30432  -58.21176     -0.899    1457.04    420.000    415.543     0.4359     0.4371     0.0012     0.4181     0.4193     0.0012   2.923544   2.923551   0.000018    34.5165    34.5154     5.4521    27.6928    27.6919    34.5162    27.6925    1457.33    1457.34     0.4183  1029.6855    34.6851 0.0000e+00
      59875 321.120136  -62.30432  -58.21175     -0.983    1457.04    419.000    414.555     0.4347     0.4353     0.0006     0.4170     0.4176     0.0006   2.923362   2.923337  -0.000029    34.5162    34.5151     5.4514    27.6926    27.6917    34.5157    27.6922    1457.31    1457.31     0.4171  1029.6805    34.6846 0.0000e+00
      59896 321.120146  -62.30432  -58.21174     -1.072    1457.04    418.000    413.566     0.4342     0.4342    -0.0001     0.4165     0.4165    -0.0001   2.923259   2.923182  -0.000078    34.5159    34.5150     5.4527    27.6924    27.6917    34.5155    27.6921    1457.29    1457.29     0.4167  1029.6757    34.6844 0.0000e+00
      59918 321.120157  -62.30432  -58.21174     -1.108    1457.04    417.000    412.578     0.4332     0.4341     0.0009     0.4156     0.4165     0.0009   2.923121   2.923124   0.000003    34.5158    34.5148     5.4606    27.6924    27.6915    34.5154    27.6921    1457.27    1457.27     0.4157  1029.6710    34.6844 0.0000e+00
      59942 321.120168  -62.30432  -58.21174     -1.055    1457.04    416.000    411.590     0.4325     0.4333     0.0008     0.4149     0.4157     0.0008   2.923017   2.922998  -0.000020    34.5158    34.5147     5.4566    27.6924    27.6914    34.5155    27.6921    1457.25    1457.25     0.4150  1029.6664    34.6844 0.0000e+00
      59969 321.120181  -62.30432  -58.21174     -0.937    1457.04    415.000    410.601     0.4319     0.4328     0.0008     0.4144     0.4152     0.0008   2.922908   2.922909   0.000003    34.5156    34.5147     5.4529    27.6923    27.6915    34.5153    27.6920    1457.23    1457.23     0.4145  1029.6615    34.6842 0.0000e+00
      59996 321.120194  -62.30432  -58.21174     -0.882    1457.04    414.000    409.613     0.4316     0.4325     0.0009     0.4141     0.4150     0.0009   2.922818   2.922828   0.000008    34.5153    34.5144     5.4574    27.6921    27.6913    34.5150    27.6918    1457.21    1457.22     0.4142  1029.6567    34.6840 0.0000e+00
      60021 321.120206  -62.30432  -58.21174     -0.919    1457.04    413.000    408.624     0.4306     0.4317     0.0011     0.4132     0.4143     0.0011   2.922656   2.922689   0.000023    34.5151    34.5142     5.4574    27.6920    27.6912    34.5146    27.6915    1457.19    1457.20     0.4133  1029.6516    34.6835 0.0000e+00
