Pos-Processados/process_op42/Processamento_split/up/uoperantar42_002.cnv
* Sea-Bird SBE 9 Data File:
* FileName = C:\Users\Hidrografia\Desktop\OPXLII\Brutos\OP42002.hdr
* Software Version Seasave V 7.26.7.107
* Temperature SN = 6502
* Conductivity SN = 4998
* Number of Bytes Per Scan = 37
* Number of Voltage Words = 4
* Number of Scans Averaged by the Deck Unit = 1
* NMEA Latitude = 37 53.44 S
* NMEA Longitude = 051 46.15 W
* NMEA UTC (Time) = Oct 16 2023 08:29:02
* NMEA baud rate = 4800
** H41
** NPOALTEMAXIMIANO
** NUMERO DA ESTACAO (XXX) 002
** LAT (XX XX.XX S/N) 37 53.431 S
** LONG (XXX XX.XX W/E) 51 48.140 W
** DATAHORA (dd/mm/aaaa hh:mm Z) 16/10/2023 0828Z
** PROFUNDIDADE (m) 4384
** OPERADOR CT FILIPE LOPES
# nquan = 30
# nvalues = 1010                        
# units = specified
# name 0 = scan: Scan Count
# name 1 = timeJ: Julian Days
# name 2 = latitude: Latitude [deg]
# name 3 = longitude: Longitude [deg]
# name 4 = dz/dtM: Descent Rate [m/s]
# name 5 = avgsvCM: Average Sound Velocity [Chen-Millero, m/s]
# name 6 = prDM: Pressure, Digiquartz [db]
# name 7 = depSM: Depth [salt water, m]
# name 8 = t090C: Temperature [ITS-90, deg C]
# name 9 = t190C: Temperature, 2 [ITS-90, deg C]
# name 10 = T2-T190C: Temperature Difference, 2 - 1 [ITS-90, deg C]
# name 11 = potemp090C: Potential Temperature [ITS-90, deg C]
# name 12 = potemp190C: Potential Temperature, 2 [ITS-90, deg C]
# name 13 = potemp90Cdiff: Potential Temperature, Diff, 2 - 1 [ITS-90, deg C]
# name 14 = c0S/m: Conductivity [S/m]
# name 15 = c1S/m: Conductivity, 2 [S/m]
# name 16 = C2-C1S/m: Conductivity Difference, 2 - 1 [S/m]
# name 17 = sal00: Salinity, Practical [PSU]
# name 18 = sal11: Salinity, Practical, 2 [PSU]
# name 19 = sbeox0ML/L: Oxygen, SBE 43 [ml/l]
# name 20 = sigma-é00: Density [sigma-theta, kg/m^3]
# name 21 = sigma-é11: Density, 2 [sigma-theta, kg/m^3]
# name 22 = sal00: Salinity, Practical [PSU]
# name 23 = sigma-é00: Density [sigma-theta, kg/m^3]
# name 24 = svCM: Sound Velocity [Chen-Millero, m/s]
# name 25 = svCM1: Sound Velocity, 2 [Chen-Millero, m/s]
# name 26 = gsw_ptA0: potential temperature [ITS-90, deg C]
# name 27 = gsw_densityA0: density, TEOS-10 [density, kg/m^3]
# name 28 = gsw_saA0: Absolute Salinity [g/kg]
# name 29 = flag:
# span 0 =      38567,      72823       
# span 1 = 289.372094, 289.388614       
# span 2 =  -37.90592,  -37.89816       
# span 3 =  -51.78457,  -51.77798       
# span 4 =     -1.691,     -0.188       
# span 5 =    1502.92,    1502.92       
# span 6 =      1.000,   1010.000       
# span 7 =      1.002,   1000.010       
# span 8 =     4.6606,    18.1565       
# span 9 =     4.6620,    18.1579       
# span 10 =    -0.1296,     0.0709      
# span 11 =     4.5795,    18.1532      
# span 12 =     4.5810,    18.1546      
# span 13 =    -0.1294,     0.0705      
# span 14 =   3.291275,   4.749448      
# span 15 =   3.291400,   4.749751      
# span 16 =  -0.018331,   0.007334      
# span 17 =    34.1260,    36.2153      
# span 18 =    34.1256,    36.2172      
# span 19 =     4.4826,     6.2401      
# span 20 =    26.0947,    27.0924      
# span 21 =    26.1342,    27.0922      
# span 22 =    34.1265,    36.2155      
# span 23 =    26.1250,    27.0927      
# span 24 =    1482.68,    1518.43      
# span 25 =    1482.68,    1518.44      
# span 26 =     4.5793,    18.1532      
# span 27 =  1026.1334,  1031.7291      
# span 28 =    34.2889,    36.3870      
# span 29 = 0.0000e+00, 0.0000e+00      
# interval = decibars: 1                
# start_time = Oct 16 2023 08:29:02 [NMEA time, header]
# bad_flag = -9.990e-29
*END*
[from data line 146]
      43067 289.374264  -37.89904  -51.77892     -0.905    1502.92    864.000    855.761     4.8861     4.8860    -0.0000     4.8162     4.8162    -0.0000   3.299196   3.299191   0.000017    34.1384    34.1386     6.1374    27.0130    27.0132    34.1381    27.0128    1483.38    1483.38     4.8160  1030.9816    34.3021 0.0000e+00
      43090 289.374275 -9.990e-29  -51.77892     -0.949    1502.92    863.000    854.772     4.8889     4.8878    -0.0011     4.8191     4.8180    -0.0011   3.299324   3.299227  -0.000106    34.1379    34.1378     6.1405    27.0123    27.0123    34.1372    27.0117    1483.37    1483.37     4.8189  1030.9772    34.3028 0.0000e+00
      43107 289.374283 -9.990e-29  -51.77892     -1.155    1502.92    862.000    853.784     4.8887     4.8925     0.0037     4.8190     4.8228     0.0037   3.299297   3.299659   0.000286    34.1377    34.1372     6.1440    27.0121    27.0113    34.1375    27.0120    1483.35    1483.37     4.8188  1030.9729    34.3030 0.0000e+00
      43125 289.374292 -9.990e-29  -51.77893     -1.339    1502.92    861.000    852.795     4.8928     4.9015     0.0088     4.8231     4.8318     0.0087   3.299575   3.300409   0.000786    34.1373    34.1374     6.1467    27.0113    27.0104    34.1372    27.0112    1483.35    1483.39     4.8229  1030.9675    34.3026 0.0000e+00
      43144 289.374301 -9.990e-29  -51.77894     -1.330    1502.92    860.000    851.807     4.8954     4.9026     0.0072     4.8258     4.8330     0.0071   3.299951   3.300489   0.000573    34.1388    34.1381     6.1504    27.0122    27.0109    34.1393    27.0126    1483.35    1483.38     4.8256  1030.9643    34.3048 0.0000e+00
      43178 289.374318  -37.89906  -51.77894     -0.866    1502.92    859.000    850.818     4.9060     4.9020    -0.0040     4.8364     4.8325    -0.0040   3.300713   3.300409  -0.000288    34.1376    34.1383     6.1490    27.0101    27.0111    34.1378    27.0102    1483.37    1483.36     4.8362  1030.9555    34.3012 0.0000e+00
      43216 289.374336  -37.89908  -51.77896     -0.555    1502.92    858.000    849.830     4.9099     4.9115     0.0015     4.8404     4.8419     0.0015   3.301170   3.301341   0.000199    34.1380    34.1387     6.1431    27.0099    27.0104    34.1395    27.0112    1483.38    1483.38     4.8402  1030.9512    34.3021 0.0000e+00
      43237 289.374346  -37.89908  -51.77896     -0.881    1502.92    857.000    848.841     4.9240     4.9274     0.0034     4.8545     4.8579     0.0034   3.302851   3.302835  -0.000022    34.1421    34.1384     6.1407    27.0116    27.0083    34.1450    27.0140    1483.42    1483.43     4.8543  1030.9491    34.3077 0.0000e+00
      43255 289.374355  -37.89908  -51.77896     -1.177    1502.92    856.000    847.853     4.9404     4.9346    -0.0057     4.8708     4.8651    -0.0057   3.303858   3.303136  -0.000632    34.1399    34.1385     6.1376    27.0080    27.0075    34.1404    27.0085    1483.47    1483.44     4.8706  1030.9387    34.3031 0.0000e+00
      43274 289.374364  -37.89908  -51.77896     -1.310    1502.92    855.000    846.865     4.9358     4.9277    -0.0080     4.8664     4.8584    -0.0080   3.303316   3.302390  -0.000899    34.1390    34.1369     6.1341    27.0078    27.0070    34.1393    27.0081    1483.43    1483.40     4.8662  1030.9339    34.3020 0.0000e+00
      43298 289.374375  -37.89909  -51.77897     -1.171    1502.92    854.000    845.876     4.9294     4.9279    -0.0015     4.8601     4.8586    -0.0015   3.302573   3.302473  -0.000182    34.1380    34.1374     6.1298    27.0077    27.0074    34.1378    27.0076    1483.39    1483.38     4.8599  1030.9290    34.3004 0.0000e+00
      43333 289.374392  -37.89910  -51.77898     -0.704    1502.92    853.000    844.903     4.9197     4.9242     0.0046     4.8506     4.8551     0.0045   3.301470   3.301938   0.000488    34.1356    34.1366     6.1361    27.0069    27.0072    34.1355    27.0068    1483.33    1483.35     4.8504  1030.9239    34.2981 0.0000e+00
      43357 289.374404  -37.89910  -51.77898     -0.806    1502.92    852.000    843.869     4.9185     4.9202     0.0017     4.8495     4.8511     0.0017   3.301175   3.301370   0.000204    34.1343    34.1350     6.1424    27.0060    27.0063    34.1338    27.0056    1483.30    1483.31     4.8493  1030.9182    34.2964 0.0000e+00
      43376 289.374413  -37.89911  -51.77898     -1.091    1502.92    851.000    842.911     4.9143     4.9141    -0.0002     4.8454     4.8451    -0.0002   3.300662   3.300656  -0.000017    34.1333    34.1333     6.1532    27.0057    27.0057    34.1327    27.0052    1483.27    1483.27     4.8452  1030.9153    34.2979 0.0000e+00
      43395 289.374422 -9.990e-29  -51.77900     -1.247    1502.92    850.000    841.922     4.9127     4.9130     0.0002     4.8439     4.8441     0.0002   3.300499   3.300475  -0.000013    34.1330    34.1326     6.1640    27.0056    27.0052    34.1329    27.0055    1483.25    1483.25     4.8437  1030.9113    34.2983 0.0000e+00
      43419 289.374434 -9.990e-29  -51.77900     -1.148    1502.92    849.000    840.940     4.9126     4.9134     0.0008     4.8439     4.8446     0.0008   3.300418   3.300487   0.000053    34.1328    34.1326     6.1749    27.0055    27.0052    34.1326    27.0053    1483.23    1483.23     4.8436  1030.9066    34.2981 0.0000e+00
      43452 289.374450 -9.990e-29  -51.77902     -0.789    1502.92    848.000    839.940     4.9118     4.9142     0.0024     4.8431     4.8455     0.0024   3.300283   3.300539   0.000243    34.1325    34.1328     6.1834    27.0053    27.0053    34.1324    27.0052    1483.21    1483.22     4.8429  1030.9020    34.2978 0.0000e+00
      43481 289.374463 -9.990e-29  -51.77902     -0.761    1502.92    847.000    838.957     4.9113     4.9127     0.0014     4.8428     4.8442     0.0014   3.300125   3.300266   0.000165    34.1317    34.1321     6.1819    27.0047    27.0049    34.1315    27.0046    1483.19    1483.20     4.8426  1030.8968    34.2970 0.0000e+00
      43502 289.374474 -9.990e-29  -51.77902     -0.971    1502.92    846.000    837.968     4.9116     4.9126     0.0010     4.8431     4.8441     0.0010   3.300118   3.300196   0.000076    34.1317    34.1316     6.1837    27.0047    27.0044    34.1316    27.0046    1483.17    1483.18     4.8429  1030.8923    34.2971 0.0000e+00
      43524 289.374484 -9.990e-29  -51.77902     -1.106    1502.92    845.000    836.979     4.9117     4.9128     0.0010     4.8434     4.8444     0.0010   3.300053   3.300152   0.000106    34.1312    34.1314     6.1865    27.0042    27.0043    34.1312    27.0042    1483.16    1483.16     4.8432  1030.8874    34.2967 0.0000e+00
      43546 289.374495 -9.990e-29  -51.77902     -1.102    1502.92    844.000    835.991     4.9118     4.9127     0.0009     4.8435     4.8444     0.0009   3.300027   3.300106   0.000081    34.1314    34.1314     6.1940    27.0044    27.0043    34.1314    27.0044    1483.14    1483.14     4.8433  1030.8829    34.2968 0.0000e+00
      43569 289.374506  -37.89914  -51.77902     -1.076    1502.92    843.000    835.003     4.9119     4.9126     0.0007     4.8437     4.8444     0.0007   3.299989   3.300056   0.000065    34.1314    34.1315     6.1939    27.0043    27.0043    34.1313    27.0043    1483.13    1483.13     4.8435  1030.8772    34.2953 0.0000e+00
      43590 289.374516  -37.89914  -51.77904     -1.079    1502.92    842.000    834.014     4.9118     4.9125     0.0007     4.8437     4.8443     0.0007   3.299921   3.299967   0.000046    34.1313    34.1311     6.1934    27.0043    27.0041    34.1311    27.0041    1483.11    1483.11     4.8435  1030.8713    34.2937 0.0000e+00
      43610 289.374526  -37.89916  -51.77904     -1.139    1502.92    841.000    833.026     4.9114     4.9114     0.0000     4.8433     4.8434     0.0000   3.299800   3.299781  -0.000010    34.1309    34.1308     6.1914    27.0040    27.0039    34.1307    27.0038    1483.09    1483.09     4.8432  1030.8665    34.2932 0.0000e+00
      43630 289.374535  -37.89916  -51.77904     -1.210    1502.92    840.000    832.037     4.9104     4.9105     0.0001     4.8425     4.8426     0.0001   3.299674   3.299660  -0.000013    34.1307    34.1305     6.1956    27.0040    27.0038    34.1306    27.0039    1483.07    1483.07     4.8423  1030.8620    34.2932 0.0000e+00
      43650 289.374545  -37.89916  -51.77905     -1.228    1502.92    839.000    831.048     4.9100     4.9110     0.0009     4.8422     4.8431     0.0009   3.299571   3.299633   0.000051    34.1306    34.1302     6.1956    27.0039    27.0035    34.1304    27.0037    1483.05    1483.05     4.8420  1030.8573    34.2929 0.0000e+00
      43675 289.374557  -37.89916  -51.77906     -1.076    1502.92    838.000    830.060     4.9125     4.9111    -0.0013     4.8447     4.8434    -0.0013   3.299783   3.299627  -0.000124    34.1305    34.1305     6.1973    27.0035    27.0036    34.1308    27.0038    1483.05    1483.04     4.8445  1030.8528    34.2934 0.0000e+00
      43714 289.374576  -37.89918  -51.77907     -0.640    1502.92    837.000    829.071     4.9190     4.9138    -0.0052     4.8513     4.8461    -0.0051   3.300350   3.299858  -0.000482    34.1308    34.1305     6.2043    27.0030    27.0033    34.1312    27.0033    1483.05    1483.03     4.8511  1030.8476    34.2938 0.0000e+00
      43747 289.374592  -37.89918  -51.77908     -0.652    1502.92    836.000    828.083     4.9244     4.9230    -0.0014     4.8568     4.8553    -0.0014   3.300792   3.300641  -0.000180    34.1308    34.1302     6.1942    27.0024    27.0020    34.1313    27.0028    1483.06    1483.06     4.8565  1030.8424    34.2938 0.0000e+00
      43769 289.374603  -37.89918  -51.77908     -0.930    1502.92    835.000    827.094     4.9254     4.9292     0.0038     4.8578     4.8615     0.0038   3.300804   3.301134   0.000286    34.1305    34.1299     6.1909    27.0021    27.0012    34.1309    27.0024    1483.05    1483.06     4.8576  1030.8374    34.2935 0.0000e+00
      43789 289.374612  -37.89918  -51.77908     -1.141    1502.92    834.000    826.106     4.9292     4.9323     0.0031     4.8617     4.8647     0.0031   3.301122   3.301311   0.000209    34.1304    34.1297     6.1913    27.0016    27.0007    34.1312    27.0021    1483.05    1483.06     4.8615  1030.8326    34.2937 0.0000e+00
      43809 289.374622  -37.89920  -51.77908     -1.201    1502.92    833.000    825.117     4.9310     4.9321     0.0011     4.8636     4.8647     0.0011   3.301176   3.301246   0.000069    34.1301    34.1298     6.2010    27.0011    27.0007    34.1304    27.0013    1483.04    1483.04     4.8634  1030.8272    34.2930 0.0000e+00
      43831 289.374632  -37.89920  -51.77910     -1.155    1502.92    832.000    824.129     4.9307     4.9316     0.0009     4.8634     4.8642     0.0009   3.301080   3.301169   0.000083    34.1299    34.1299     6.1979    27.0009    27.0009    34.1301    27.0011    1483.02    1483.02     4.8632  1030.8224    34.2926 0.0000e+00
      43853 289.374643  -37.89920  -51.77910     -1.099    1502.92    831.000    823.140     4.9303     4.9313     0.0011     4.8630     4.8641     0.0011   3.300971   3.301077   0.000106    34.1296    34.1298     6.1935    27.0008    27.0008    34.1298    27.0009    1483.00    1483.00     4.8628  1030.8177    34.2923 0.0000e+00
      43873 289.374653  -37.89920  -51.77910     -1.118    1502.92    830.000    822.151     4.9297     4.9302     0.0005     4.8626     4.8631     0.0005   3.300827   3.300866   0.000048    34.1291    34.1292     6.2038    27.0004    27.0004    34.1292    27.0005    1482.98    1482.98     4.8624  1030.8127    34.2917 0.0000e+00
      43893 289.374662  -37.89921  -51.77911     -1.181    1502.92    829.000    821.163     4.9288     4.9288    -0.0000     4.8617     4.8617    -0.0000   3.300668   3.300624  -0.000045    34.1288    34.1284     6.2138    27.0003    26.9999    34.1288    27.0003    1482.96    1482.96     4.8615  1030.8080    34.2913 0.0000e+00
      43912 289.374672  -37.89922  -51.77912     -1.225    1502.92    828.000    820.174     4.9280     4.9287     0.0006     4.8611     4.8617     0.0006   3.300530   3.300566   0.000029    34.1284    34.1281     6.2172    27.0001    26.9998    34.1285    27.0001    1482.94    1482.94     4.8609  1030.8033    34.2910 0.0000e+00
      43933 289.374682  -37.89922  -51.77912     -1.215    1502.92    827.000    819.186     4.9280     4.9295     0.0015     4.8611     4.8626     0.0015   3.300487   3.300585   0.000100    34.1284    34.1279     6.2182    27.0000    26.9995    34.1286    27.0002    1482.92    1482.93     4.8609  1030.7987    34.2911 0.0000e+00
      43957 289.374693  -37.89922  -51.77912     -1.083    1502.92    826.000    818.197     4.9304     4.9312     0.0008     4.8636     4.8644     0.0008   3.300681   3.300709   0.000041    34.1283    34.1281     6.2120    26.9997    26.9994    34.1288    27.0000    1482.92    1482.92     4.8634  1030.7941    34.2913 0.0000e+00
      43991 289.374710  -37.89922 -9.990e-29     -0.775    1502.92    825.000    817.208     4.9346     4.9328    -0.0018     4.8678     4.8661    -0.0018   3.300998   3.300829  -0.000165    34.1283    34.1282     6.2187    26.9992    26.9993    34.1287    26.9995    1482.92    1482.91     4.8677  1030.7891    34.2915 0.0000e+00
      44028 289.374727  -37.89922 -9.990e-29     -0.633    1502.92    824.000    816.220     4.9373     4.9364    -0.0009     4.8706     4.8698    -0.0009   3.301200   3.301103  -0.000101    34.1282    34.1280     6.2219    26.9988    26.9987    34.1288    26.9992    1482.91    1482.91     4.8704  1030.7842    34.2915 0.0000e+00
      44054 289.374740  -37.89924 -9.990e-29     -0.807    1502.92    823.000    815.231     4.9389     4.9423     0.0034     4.8723     4.8756     0.0033   3.301271   3.301585   0.000274    34.1281    34.1278     6.2197    26.9985    26.9979    34.1284    26.9988    1482.90    1482.92     4.8721  1030.7792    34.2912 0.0000e+00
      44074 289.374750  -37.89924  -51.77914     -1.033    1502.92    822.000    814.243     4.9431     4.9458     0.0027     4.8765     4.8792     0.0027   3.301671   3.301822   0.000171    34.1284    34.1277     6.2152    26.9983    26.9974    34.1293    26.9990    1482.90    1482.91     4.8763  1030.7745    34.2918 0.0000e+00
      44093 289.374759  -37.89924  -51.77916     -1.192    1502.92    821.000    813.254     4.9462     4.9464     0.0002     4.8797     4.8799     0.0002   3.301807   3.301793  -0.000011    34.1279    34.1275     6.2152    26.9975    26.9972    34.1282    26.9977    1482.90    1482.90     4.8795  1030.7686    34.2906 0.0000e+00
      44112 289.374768  -37.89926  -51.77916     -1.277    1502.92    820.000    812.265     4.9451     4.9457     0.0006     4.8786     4.8793     0.0006   3.301662   3.301662   0.000004    34.1279    34.1273     6.2214    26.9976    26.9971    34.1281    26.9978    1482.88    1482.88     4.8785  1030.7642    34.2906 0.0000e+00
      44130 289.374777  -37.89926  -51.77917     -1.302    1502.92    819.000    811.277     4.9452     4.9456     0.0004     4.8789     4.8793     0.0004   3.301608   3.301620   0.000003    34.1277    34.1273     6.2267    26.9974    26.9971    34.1279    26.9976    1482.86    1482.86     4.8787  1030.7594    34.2904 0.0000e+00
      44148 289.374786  -37.89926  -51.77918     -1.302    1502.92    818.000    810.288     4.9451     4.9477     0.0026     4.8789     4.8815     0.0026   3.301553   3.301742   0.000177    34.1275    34.1269     6.2296    26.9973    26.9965    34.1278    26.9975    1482.84    1482.85     4.8787  1030.7548    34.2903 0.0000e+00
