Pos-Processados/process_op42/Processamento_split/up/uoperantar42_043.cnv
* Sea-Bird SBE 9 Data File:
* FileName = C:\Users\Hidrografia\Desktop\OPXLII\Brutos\OP42043.hdr
* Software Version Seasave V 7.26.7.107
* Temperature SN = 6502
* Conductivity SN = 4998
* Number of Bytes Per Scan = 37
* Number of Voltage Words = 4
* Number of Scans Averaged by the Deck Unit = 1
* NMEA Latitude = 62 08.44 S
* NMEA Longitude = 058 25.74 W
* NMEA UTC (Time) = Nov 09 2023 18:18:47
* NMEA baud rate = 4800
** H41
** NPOALTEMAXIMIANO
** NUMERO DA ESTACAO (XXX) 043
** LAT (XX XX.XX S/N) 62 08.430 S
** LONG (XXX XX.XX W/E) 058 26.773 W
** DATAHORA (dd/mm/aaaa hh:mm Z) 09/11/2023 1818Z
** PROFUNDIDADE (m) 400
** OPERADOR CT FABIREZA
# nquan = 30
# nvalues = 386                         
# units = specified
# name 0 = scan: Scan Count
# name 1 = timeJ: Julian Days
# name 2 = latitude: Latitude [deg]
# name 3 = longitude: Longitude [deg]
# name 4 = dz/dtM: Descent Rate [m/s]
# name 5 = avgsvCM: Average Sound Velocity [Chen-Millero, m/s]
# name 6 = prDM: Pressure, Digiquartz [db]
# name 7 = depSM: Depth [salt water, m]
# name 8 = t090C: Temperature [ITS-90, deg C]
# name 9 = t190C: Temperature, 2 [ITS-90, deg C]
# name 10 = T2-T190C: Temperature Difference, 2 - 1 [ITS-90, deg C]
# name 11 = potemp090C: Potential Temperature [ITS-90, deg C]
# name 12 = potemp190C: Potential Temperature, 2 [ITS-90, deg C]
# name 13 = potemp90Cdiff: Potential Temperature, Diff, 2 - 1 [ITS-90, deg C]
# name 14 = c0S/m: Conductivity [S/m]
# name 15 = c1S/m: Conductivity, 2 [S/m]
# name 16 = C2-C1S/m: Conductivity Difference, 2 - 1 [S/m]
# name 17 = sal00: Salinity, Practical [PSU]
# name 18 = sal11: Salinity, Practical, 2 [PSU]
# name 19 = sbeox0ML/L: Oxygen, SBE 43 [ml/l]
# name 20 = sigma-é00: Density [sigma-theta, kg/m^3]
# name 21 = sigma-é11: Density, 2 [sigma-theta, kg/m^3]
# name 22 = sal00: Salinity, Practical [PSU]
# name 23 = sigma-é00: Density [sigma-theta, kg/m^3]
# name 24 = svCM: Sound Velocity [Chen-Millero, m/s]
# name 25 = svCM1: Sound Velocity, 2 [Chen-Millero, m/s]
# name 26 = gsw_ptA0: potential temperature [ITS-90, deg C]
# name 27 = gsw_densityA0: density, TEOS-10 [density, kg/m^3]
# name 28 = gsw_saA0: Absolute Salinity [g/kg]
# name 29 = flag:
# span 0 =      14847,      27057       
# span 1 = 313.770203, 313.776092       
# span 2 =  -62.14504,  -62.14383       
# span 3 =  -58.42255,  -58.41482       
# span 4 =     -1.162,     -0.087       
# span 5 =    1448.44,    1448.44       
# span 6 =      2.000,    387.000       
# span 7 =      2.101,    382.929       
# span 8 =    -0.8189,    -0.5044       
# span 9 =    -0.8177,    -0.5037       
# span 10 =    -0.0058,     0.0118      
# span 11 =    -0.8260,    -0.5046      
# span 12 =    -0.8247,    -0.5039      
# span 13 =    -0.0058,     0.0118      
# span 14 =   2.792574,   2.824352      
# span 15 =   2.792569,   2.824334      
# span 16 =  -0.000584,   0.000980      
# span 17 =    34.2779,    34.3942      
# span 18 =    34.2767,    34.3931      
# span 19 =     6.7838,     7.6729      
# span 20 =    27.5486,    27.6469      
# span 21 =    27.5476,    27.6459      
# span 22 =    34.2784,    34.3942      
# span 23 =    27.5487,    27.6468      
# span 24 =    1445.87,    1451.81      
# span 25 =    1445.86,    1451.82      
# span 26 =    -0.8258,    -0.5046      
# span 27 =  1027.5638,  1029.4975      
# span 28 =    34.4402,    34.5624      
# span 29 = 0.0000e+00, 0.0000e+00      
# interval = decibars: 1                
# start_time = Nov 09 2023 18:18:47 [NMEA time, header]
# bad_flag = -9.990e-29
*END*
[from data line 97]
      17557 313.771510  -62.14413  -58.42080     -0.871    1448.44    290.000    287.017    -0.7205    -0.7194     0.0011    -0.7295    -0.7284     0.0011   2.806428   2.806450   0.000021    34.3400    34.3390     7.1924    27.6077    27.6068    34.3396    27.6073    1449.63    1449.63    -0.7293  1028.9982    34.5073 0.0000e+00
      17583 313.771523  -62.14414  -58.42079     -0.913    1448.44    289.000    286.027    -0.7211    -0.7201     0.0010    -0.7300    -0.7291     0.0010   2.806315   2.806325   0.000014    34.3397    34.3388     7.1886    27.6074    27.6067    34.3393    27.6071    1449.61    1449.61    -0.7299  1028.9933    34.5070 0.0000e+00
      17614 313.771538  -62.14414  -58.42077     -0.833    1448.44    288.000    285.038    -0.7219    -0.7199     0.0020    -0.7308    -0.7289     0.0020   2.806183   2.806309   0.000121    34.3394    34.3388     7.1929    27.6072    27.6066    34.3391    27.6069    1449.59    1449.60    -0.7306  1028.9884    34.5068 0.0000e+00
      17646 313.771554  -62.14414  -58.42074     -0.718    1448.44    287.000    284.049    -0.7228    -0.7218     0.0009    -0.7317    -0.7308     0.0009   2.806017   2.806032   0.000021    34.3389    34.3381     7.1992    27.6069    27.6062    34.3384    27.6065    1449.57    1449.57    -0.7315  1028.9831    34.5061 0.0000e+00
      17673 313.771567  -62.14414  -58.42074     -0.828    1448.44    286.000    283.060    -0.7241    -0.7228     0.0013    -0.7330    -0.7317     0.0013   2.805813   2.805864   0.000050    34.3383    34.3375     7.2061    27.6064    27.6057    34.3378    27.6061    1449.54    1449.55    -0.7328  1028.9779    34.5055 0.0000e+00
      17700 313.771580  -62.14414  -58.42071     -0.904    1448.44    285.000    282.071    -0.7269    -0.7251     0.0018    -0.7358    -0.7340     0.0018   2.805468   2.805584   0.000090    34.3377    34.3369     7.1970    27.6061    27.6054    34.3369    27.6054    1449.51    1449.52    -0.7355  1028.9726    34.5046 0.0000e+00
      17730 313.771594  -62.14414  -58.42069     -0.840    1448.44    284.000    281.082    -0.7320    -0.7283     0.0038    -0.7408    -0.7371     0.0038   2.804921   2.805193   0.000294    34.3368    34.3365     7.1924    27.6055    27.6051    34.3359    27.6048    1449.47    1449.49    -0.7406  1028.9673    34.5036 0.0000e+00
      17758 313.771607  -62.14414  -58.42067     -0.827    1448.44    283.000    280.093    -0.7363    -0.7344     0.0019    -0.7451    -0.7431     0.0019   2.804266   2.804441   0.000167    34.3337    34.3338     7.2073    27.6032    27.6032    34.3326    27.6023    1449.43    1449.44    -0.7449  1028.9601    34.5003 0.0000e+00
      17784 313.771620  -62.14414  -58.42066     -0.892    1448.44    282.000    279.104    -0.7410    -0.7383     0.0027    -0.7497    -0.7470     0.0027   2.803678   2.803944   0.000263    34.3315    34.3319     7.2154    27.6016    27.6019    34.3306    27.6009    1449.39    1449.40    -0.7495  1028.9539    34.4982 0.0000e+00
      17810 313.771633  -62.14416  -58.42064     -0.924    1448.44    281.000    278.115    -0.7456    -0.7426     0.0030    -0.7542    -0.7513     0.0030   2.803159   2.803391   0.000233    34.3305    34.3302     7.2319    27.6010    27.6007    34.3293    27.6001    1449.35    1449.36    -0.7540  1028.9484    34.4970 0.0000e+00
      17840 313.771647  -62.14416  -58.42062     -0.836    1448.44    280.000    277.125    -0.7486    -0.7466     0.0020    -0.7572    -0.7552     0.0020   2.802837   2.802943   0.000110    34.3299    34.3291     7.2443    27.6007    27.5999    34.3290    27.5999    1449.32    1449.33    -0.7570  1028.9435    34.4967 0.0000e+00
      17869 313.771661  -62.14416  -58.42059     -0.804    1448.44    279.000    276.137    -0.7530    -0.7511     0.0018    -0.7615    -0.7597     0.0018   2.802326   2.802447   0.000111    34.3288    34.3282     7.2581    27.5999    27.5993    34.3277    27.5990    1449.28    1449.29    -0.7613  1028.9379    34.4953 0.0000e+00
      17895 313.771673  -62.14416  -58.42058     -0.891    1448.44    278.000    275.147    -0.7522    -0.7516     0.0006    -0.7607    -0.7601     0.0006   2.802350   2.802332   0.000006    34.3283    34.3276     7.2699    27.5994    27.5989    34.3278    27.5991    1449.27    1449.27    -0.7605  1028.9332    34.4954 0.0000e+00
      17919 313.771685  -62.14416  -58.42057     -0.971    1448.44    277.000    274.158    -0.7532    -0.7522     0.0009    -0.7617    -0.7607     0.0009   2.802208   2.802217   0.000015    34.3282    34.3273     7.2743    27.5994    27.5987    34.3275    27.5989    1449.25    1449.25    -0.7615  1028.9283    34.4952 0.0000e+00
      17945 313.771697  -62.14416  -58.42055     -0.969    1448.44    276.000    273.169    -0.7519    -0.7517     0.0001    -0.7603    -0.7602     0.0002   2.802307   2.802230  -0.000076    34.3284    34.3272     7.2816    27.5995    27.5986    34.3280    27.5993    1449.24    1449.24    -0.7602  1028.9238    34.4957 0.0000e+00
      17975 313.771712  -62.14416  -58.42053     -0.848    1448.44    275.000    272.185    -0.7540    -0.7516     0.0024    -0.7624    -0.7600     0.0024   2.802067   2.802194   0.000120    34.3283    34.3273     7.2904    27.5996    27.5986    34.3278    27.5991    1449.21    1449.22    -0.7622  1028.9189    34.4954 0.0000e+00
      18006 313.771727  -62.14416  -58.42052     -0.760    1448.44    274.000    271.186    -0.7552    -0.7542     0.0010    -0.7636    -0.7626     0.0010   2.801887   2.801909   0.000023    34.3280    34.3272     7.3079    27.5993    27.5986    34.3274    27.5988    1449.19    1449.19    -0.7634  1028.9139    34.4950 0.0000e+00
      18032 313.771740  -62.14418  -58.42050     -0.852    1448.44    273.000    270.202    -0.7584    -0.7563     0.0020    -0.7667    -0.7646     0.0020   2.801543   2.801664   0.000120    34.3275    34.3268     7.2989    27.5991    27.5985    34.3269    27.5986    1449.16    1449.17    -0.7665  1028.9089    34.4945 0.0000e+00
      18056 313.771751  -62.14418  -58.42048     -0.960    1448.44    272.000    269.213    -0.7594    -0.7580     0.0014    -0.7677    -0.7663     0.0013   2.801414   2.801457   0.000048    34.3274    34.3265     7.2928    27.5990    27.5983    34.3269    27.5987    1449.14    1449.14    -0.7675  1028.9043    34.4945 0.0000e+00
      18081 313.771763  -62.14418  -58.42048     -0.982    1448.44    271.000    268.223    -0.7605    -0.7589     0.0016    -0.7688    -0.7672     0.0016   2.801271   2.801334   0.000067    34.3274    34.3265     7.2971    27.5991    27.5983    34.3269    27.5987    1449.11    1449.12    -0.7686  1028.8995    34.4945 0.0000e+00
      18107 313.771776  -62.14418  -58.42046     -0.944    1448.44    270.000    267.235    -0.7617    -0.7600     0.0017    -0.7699    -0.7682     0.0017   2.801113   2.801191   0.000077    34.3272    34.3262     7.3020    27.5990    27.5981    34.3267    27.5985    1449.09    1449.10    -0.7697  1028.8904    34.4890 0.0000e+00
      18132 313.771788 -9.990e-29  -58.42044     -0.944    1448.44    269.000    266.246    -0.7621    -0.7604     0.0017    -0.7703    -0.7687     0.0017   2.801022   2.801091   0.000069    34.3270    34.3260     7.3046    27.5989    27.5980    34.3265    27.5985    1449.07    1449.08    -0.7701  1028.8852    34.4884 0.0000e+00
      18158 313.771800 -9.990e-29  -58.42041     -0.939    1448.44    268.000    265.256    -0.7622    -0.7612     0.0010    -0.7703    -0.7693     0.0010   2.800967   2.800977   0.000009    34.3268    34.3258     7.3037    27.5987    27.5978    34.3265    27.5984    1449.06    1449.06    -0.7702  1028.8804    34.4884 0.0000e+00
      18185 313.771813  -62.14420  -58.42040     -0.907    1448.44    267.000    264.267    -0.7620    -0.7611     0.0008    -0.7701    -0.7693     0.0008   2.800940   2.800932 -7.264e-07    34.3267    34.3257     7.2981    27.5986    27.5978    34.3265    27.5984    1449.04    1449.04    -0.7699  1028.8759    34.4888 0.0000e+00
      18211 313.771826  -62.14420  -58.42039     -0.911    1448.44    266.000    263.278    -0.7615    -0.7608     0.0008    -0.7697    -0.7689     0.0008   2.800899   2.800896 -4.054e-07    34.3263    34.3254     7.3022    27.5983    27.5975    34.3261    27.5981    1449.03    1449.03    -0.7694  1028.8750    34.4936 0.0000e+00
      18236 313.771838  -62.14420  -58.42037     -0.943    1448.44    265.000    262.289    -0.7616    -0.7607     0.0008    -0.7697    -0.7688     0.0008   2.800825   2.800833   0.000008    34.3260    34.3252     7.3047    27.5980    27.5973    34.3257    27.5978    1449.01    1449.01    -0.7695  1028.8700    34.4933 0.0000e+00
      18261 313.771850  -62.14420  -58.42035     -0.947    1448.44    264.000    261.300    -0.7620    -0.7610     0.0010    -0.7700    -0.7691     0.0010   2.800719   2.800722 2.7562e-07    34.3257    34.3246     7.3029    27.5978    27.5968    34.3254    27.5976    1448.99    1448.99    -0.7699  1028.8650    34.4930 0.0000e+00
      18287 313.771863  -62.14420  -58.42034     -0.936    1448.44    263.000    260.311    -0.7622    -0.7613     0.0009    -0.7702    -0.7693     0.0009   2.800673   2.800662  -0.000007    34.3257    34.3246     7.2976    27.5978    27.5969    34.3256    27.5977    1448.97    1448.98    -0.7700  1028.8604    34.4931 0.0000e+00
      18314 313.771875  -62.14420  -58.42032     -0.916    1448.44    262.000    259.322    -0.7629    -0.7615     0.0014    -0.7709    -0.7695     0.0014   2.800530   2.800597   0.000053    34.3255    34.3246     7.3013    27.5976    27.5969    34.3251    27.5973    1448.95    1448.96    -0.7707  1028.8552    34.4926 0.0000e+00
      18344 313.771890  -62.14420  -58.42030     -0.831    1448.44    261.000    258.333    -0.7651    -0.7627     0.0025    -0.7731    -0.7706     0.0025   2.800266   2.800430   0.000160    34.3251    34.3244     7.3072    27.5974    27.5968    34.3247    27.5971    1448.93    1448.94    -0.7729  1028.8502    34.4922 0.0000e+00
      18375 313.771905  -62.14420  -58.42027     -0.764    1448.44    260.000    257.343    -0.7677    -0.7654     0.0023    -0.7756    -0.7733     0.0023   2.799965   2.800103   0.000144    34.3245    34.3238     7.3152    27.5970    27.5964    34.3241    27.5967    1448.90    1448.91    -0.7754  1028.8452    34.4917 0.0000e+00
      18401 313.771917  -62.14420  -58.42026     -0.868    1448.44    259.000    256.354    -0.7684    -0.7666     0.0018    -0.7762    -0.7744     0.0018   2.799814   2.799916   0.000101    34.3241    34.3234     7.3116    27.5967    27.5961    34.3235    27.5962    1448.88    1448.88    -0.7761  1028.8369    34.4872 0.0000e+00
      18424 313.771929 -9.990e-29  -58.42025     -0.984    1448.44    258.000    255.365    -0.7714    -0.7694     0.0021    -0.7793    -0.7772     0.0021   2.799487   2.799608   0.000116    34.3236    34.3229     7.3133    27.5965    27.5958    34.3231    27.5961    1448.85    1448.85    -0.7790  1028.8304    34.4850 0.0000e+00
      18452 313.771942 -9.990e-29  -58.42023     -0.940    1448.44    257.000    254.376    -0.7736    -0.7687     0.0048    -0.7814    -0.7765     0.0048   2.799213   2.799619   0.000378    34.3229    34.3225     7.3202    27.5960    27.5954    34.3225    27.5956    1448.82    1448.84    -0.7812  1028.8253    34.4843 0.0000e+00
      18481 313.771956 -9.990e-29  -58.42021     -0.822    1448.44    256.000    253.387    -0.7745    -0.7713     0.0032    -0.7823    -0.7791     0.0032   2.799019   2.799264   0.000268    34.3222    34.3222     7.3246    27.5954    27.5953    34.3215    27.5949    1448.79    1448.81    -0.7821  1028.8198    34.4834 0.0000e+00
      18509 313.771969  -62.14422  -58.42018     -0.847    1448.44    255.000    252.398    -0.7769    -0.7753     0.0015    -0.7846    -0.7831     0.0015   2.798724   2.798782   0.000062    34.3213    34.3204     7.3350    27.5948    27.5940    34.3208    27.5944    1448.77    1448.77    -0.7844  1028.8188    34.4879 0.0000e+00
      18537 313.771983  -62.14422  -58.42018     -0.858    1448.44    254.000    251.408    -0.7774    -0.7762     0.0013    -0.7851    -0.7839     0.0013   2.798605   2.798655   0.000055    34.3208    34.3201     7.3375    27.5944    27.5938    34.3204    27.5941    1448.75    1448.75    -0.7849  1028.8141    34.4879 0.0000e+00
      18567 313.771997  -62.14422  -58.42015     -0.820    1448.44    253.000    250.419    -0.7777    -0.7767     0.0010    -0.7853    -0.7844     0.0010   2.798536   2.798537   0.000007    34.3207    34.3197     7.3454    27.5944    27.5935    34.3204    27.5941    1448.73    1448.73    -0.7852  1028.8093    34.4879 0.0000e+00
      18595 313.772011  -62.14422  -58.42013     -0.834    1448.44    252.000    249.430    -0.7777    -0.7769     0.0009    -0.7853    -0.7845     0.0009   2.798473   2.798459  -0.000011    34.3205    34.3194     7.3414    27.5942    27.5932    34.3202    27.5939    1448.71    1448.72    -0.7851  1028.8043    34.4877 0.0000e+00
      18620 313.772023  -62.14423  -58.42012     -0.900    1448.44    251.000    248.441    -0.7783    -0.7772     0.0012    -0.7859    -0.7847     0.0012   2.798333   2.798377   0.000043    34.3200    34.3192     7.3362    27.5938    27.5931    34.3196    27.5935    1448.69    1448.70    -0.7857  1028.7991    34.4871 0.0000e+00
      18645 313.772035  -62.14424  -58.42011     -0.955    1448.44    250.000    247.451    -0.7812    -0.7784     0.0028    -0.7887    -0.7859     0.0028   2.797998   2.798192   0.000182    34.3197    34.3189     7.3378    27.5936    27.5930    34.3190    27.5931    1448.66    1448.68    -0.7885  1028.7940    34.4864 0.0000e+00
      18672 313.772048  -62.14424  -58.42009     -0.939    1448.44    249.000    246.462    -0.7860    -0.7830     0.0030    -0.7935    -0.7905     0.0030   2.797475   2.797688   0.000203    34.3190    34.3184     7.3515    27.5933    27.5927    34.3180    27.5925    1448.62    1448.64    -0.7933  1028.7887    34.4855 0.0000e+00
      18699 313.772061  -62.14424  -58.42006     -0.888    1448.44    248.000    245.473    -0.7923    -0.7894     0.0029    -0.7997    -0.7969     0.0028   2.796794   2.797002   0.000210    34.3175    34.3171     7.3593    27.5924    27.5919    34.3165    27.5915    1448.58    1448.59    -0.7996  1028.7830    34.4839 0.0000e+00
      18727 313.772075  -62.14424  -58.42004     -0.854    1448.44    247.000    244.484    -0.7954    -0.7927     0.0026    -0.8028    -0.8002     0.0026   2.796478   2.796636   0.000158    34.3170    34.3162     7.3690    27.5921    27.5913    34.3163    27.5915    1448.54    1448.56    -0.8026  1028.7782    34.4838 0.0000e+00
      18755 313.772088  -62.14424  -58.42004     -0.866    1448.44    246.000    243.495    -0.7961    -0.7945     0.0016    -0.8035    -0.8019     0.0016   2.796349   2.796401   0.000063    34.3166    34.3156     7.3643    27.5918    27.5909    34.3160    27.5913    1448.52    1448.53    -0.8033  1028.7733    34.4835 0.0000e+00
      18782 313.772101  -62.14424  -58.42001     -0.877    1448.44    245.000    242.505    -0.7972    -0.7959     0.0012    -0.8045    -0.8033     0.0012   2.796182   2.796224   0.000040    34.3164    34.3155     7.3779    27.5916    27.5908    34.3156    27.5910    1448.50    1448.51    -0.8044  1028.7682    34.4831 0.0000e+00
      18808 313.772114  -62.14424  -58.42000     -0.902    1448.44    244.000    241.516    -0.8016    -0.7988     0.0028    -0.8089    -0.8061     0.0028   2.795731   2.795914   0.000166    34.3161    34.3152     7.3952    27.5916    27.5907    34.3152    27.5908    1448.46    1448.48    -0.8087  1028.7633    34.4826 0.0000e+00
      18832 313.772125  -62.14424  -58.41999     -0.961    1448.44    243.000    240.527    -0.8052    -0.8005     0.0046    -0.8124    -0.8078     0.0046   2.795326   2.795698   0.000354    34.3154    34.3149     7.3908    27.5912    27.5906    34.3143    27.5903    1448.43    1448.45    -0.8123  1028.7580    34.4817 0.0000e+00
