Pos-Processados/process_op42/Processamento_split/up/uoperantar42_039.cnv
* Sea-Bird SBE 9 Data File:
* FileName = C:\Users\Hidrografia\Desktop\OPXLII\Brutos\OP42039.hdr
* Software Version Seasave V 7.26.7.107
* Temperature SN = 6502
* Conductivity SN = 4998
* Number of Bytes Per Scan = 37
* Number of Voltage Words = 4
* Number of Scans Averaged by the Deck Unit = 1
* NMEA Latitude = 62 08.51 S
* NMEA Longitude = 058 26.65 W
* NMEA UTC (Time) = Nov 09 2023 14:12:29
* NMEA baud rate = 4800
** H41
** NPOALTEMAXIMIANO
** NUMERO DA ESTACAO (XXX) 039
** LAT (XX XX.XX S/N) 62 08.14 S
** LONG (XXX XX.XX W/E) 058 26.57 W
** DATAHORA (dd/mm/aaaa hh:mm Z) 09/11/2023 1405Z
** PROFUNDIDADE (m) 410
** OPERADOR 1T ZAMITH
# nquan = 30
# nvalues = 359                         
# units = specified
# name 0 = scan: Scan Count
# name 1 = timeJ: Julian Days
# name 2 = latitude: Latitude [deg]
# name 3 = longitude: Longitude [deg]
# name 4 = dz/dtM: Descent Rate [m/s]
# name 5 = avgsvCM: Average Sound Velocity [Chen-Millero, m/s]
# name 6 = prDM: Pressure, Digiquartz [db]
# name 7 = depSM: Depth [salt water, m]
# name 8 = t090C: Temperature [ITS-90, deg C]
# name 9 = t190C: Temperature, 2 [ITS-90, deg C]
# name 10 = T2-T190C: Temperature Difference, 2 - 1 [ITS-90, deg C]
# name 11 = potemp090C: Potential Temperature [ITS-90, deg C]
# name 12 = potemp190C: Potential Temperature, 2 [ITS-90, deg C]
# name 13 = potemp90Cdiff: Potential Temperature, Diff, 2 - 1 [ITS-90, deg C]
# name 14 = c0S/m: Conductivity [S/m]
# name 15 = c1S/m: Conductivity, 2 [S/m]
# name 16 = C2-C1S/m: Conductivity Difference, 2 - 1 [S/m]
# name 17 = sal00: Salinity, Practical [PSU]
# name 18 = sal11: Salinity, Practical, 2 [PSU]
# name 19 = sbeox0ML/L: Oxygen, SBE 43 [ml/l]
# name 20 = sigma-é00: Density [sigma-theta, kg/m^3]
# name 21 = sigma-é11: Density, 2 [sigma-theta, kg/m^3]
# name 22 = sal00: Salinity, Practical [PSU]
# name 23 = sigma-é00: Density [sigma-theta, kg/m^3]
# name 24 = svCM: Sound Velocity [Chen-Millero, m/s]
# name 25 = svCM1: Sound Velocity, 2 [Chen-Millero, m/s]
# name 26 = gsw_ptA0: potential temperature [ITS-90, deg C]
# name 27 = gsw_densityA0: density, TEOS-10 [density, kg/m^3]
# name 28 = gsw_saA0: Absolute Salinity [g/kg]
# name 29 = flag:
# span 0 =      13399,      21703       
# span 1 = 313.598464, 313.602468       
# span 2 =  -62.14486,  -62.14376       
# span 3 =  -58.44254,  -58.44086       
# span 4 =     -1.238,     -0.526       
# span 5 =    1448.33,    1448.34       
# span 6 =      4.000,    362.000       
# span 7 =      4.023,    358.213       
# span 8 =    -0.8195,    -0.4022       
# span 9 =    -0.8189,    -0.4008       
# span 10 =    -0.0233,     0.0123      
# span 11 =    -0.8237,    -0.4146      
# span 12 =    -0.8231,    -0.4132      
# span 13 =    -0.0233,     0.0122      
# span 14 =   2.789281,   2.841631      
# span 15 =   2.789258,   2.841662      
# span 16 =  -0.002063,   0.001122      
# span 17 =    34.2771,    34.4113      
# span 18 =    34.2765,    34.4100      
# span 19 =     6.5537,     7.6435      
# span 20 =    27.5490,    27.6514      
# span 21 =    27.5486,    27.6504      
# span 22 =    34.2776,    34.4114      
# span 23 =    27.5494,    27.6515      
# span 24 =    1445.69,    1452.35      
# span 25 =    1445.68,    1452.35      
# span 26 =    -0.8236,    -0.4144      
# span 27 =  1027.5731,  1029.3801      
# span 28 =    34.4402,    34.5795      
# span 29 = 0.0000e+00, 0.0000e+00      
# interval = decibars: 1                
# start_time = Nov 09 2023 14:12:29 [NMEA time, header]
# bad_flag = -9.990e-29
*END*
[from data line 49]
      14520 313.599004  -62.14392  -58.44246     -0.973    1448.33    313.000    309.762    -0.5797    -0.5752     0.0045    -0.5899    -0.5855     0.0045   2.822825   2.823125   0.000328    34.3876    34.3870     6.7893    27.6402    27.6395    34.3869    27.6397    1450.73    1450.75    -0.5897  1029.1399    34.5567 0.0000e+00
      14543 313.599015 -9.990e-29  -58.44246     -1.029    1448.33    312.000    308.773    -0.5823    -0.5762     0.0060    -0.5924    -0.5864     0.0060   2.822403   2.822975   0.000543    34.3866    34.3870     6.8012    27.6395    27.6396    34.3848    27.6380    1450.69    1450.72    -0.5922  1029.1274    34.5469 0.0000e+00
      14565 313.599026 -9.990e-29  -58.44246     -1.077    1448.33    311.000    307.784    -0.5867    -0.5848     0.0019    -0.5968    -0.5949     0.0019   2.822041   2.822149   0.000137    34.3865    34.3862     6.8056    27.6396    27.6393    34.3855    27.6388    1450.66    1450.67    -0.5966  1029.1235    34.5477 0.0000e+00
      14587 313.599037 -9.990e-29  -58.44246     -1.079    1448.33    310.000    306.795    -0.5874    -0.5848     0.0026    -0.5975    -0.5949     0.0026   2.821928   2.822101   0.000164    34.3863    34.3856     6.8100    27.6395    27.6388    34.3854    27.6387    1450.64    1450.65    -0.5973  1029.1186    34.5475 0.0000e+00
      14611 313.599048 -9.990e-29  -58.44246     -1.032    1448.33    309.000    305.807    -0.5883    -0.5856     0.0026    -0.5983    -0.5957     0.0026   2.821796   2.821972   0.000185    34.3860    34.3856     6.8292    27.6393    27.6388    34.3852    27.6386    1450.62    1450.63    -0.5981  1029.1138    34.5474 0.0000e+00
      14635 313.599059  -62.14394  -58.44246     -1.009    1448.33    308.000    304.817    -0.5889    -0.5875     0.0014    -0.5989    -0.5975     0.0014   2.821690   2.821758   0.000081    34.3858    34.3853     6.8230    27.6391    27.6387    34.3851    27.6386    1450.60    1450.60    -0.5987  1029.1124    34.5515 0.0000e+00
      14657 313.599070  -62.14394  -58.44246     -1.048    1448.33    307.000    303.829    -0.5891    -0.5884     0.0007    -0.5991    -0.5984     0.0007   2.821606   2.821608   0.000011    34.3855    34.3848     6.8199    27.6389    27.6383    34.3848    27.6383    1450.58    1450.58    -0.5989  1029.1087    34.5528 0.0000e+00
      14678 313.599080  -62.14394  -58.44245     -1.098    1448.33    306.000    302.840    -0.5898    -0.5892     0.0007    -0.5998    -0.5991     0.0007   2.821482   2.821468 -1.144e-07    34.3852    34.3845     6.8386    27.6387    27.6381    34.3846    27.6382    1450.56    1450.56    -0.5995  1029.1038    34.5526 0.0000e+00
      14699 313.599091  -62.14394  -58.44244     -1.129    1448.33    305.000    301.851    -0.5913    -0.5901     0.0011    -0.6011    -0.6000     0.0011   2.821241   2.821309   0.000060    34.3844    34.3839     6.8408    27.6381    27.6376    34.3836    27.6374    1450.54    1450.54    -0.6010  1029.0983    34.5516 0.0000e+00
      14722 313.599101  -62.14394  -58.44244     -1.110    1448.33    304.000    300.862    -0.5917    -0.5906     0.0010    -0.6015    -0.6005     0.0010   2.821193   2.821208   0.000019    34.3845    34.3835     6.8319    27.6382    27.6374    34.3840    27.6378    1450.52    1450.52    -0.6013  1029.0940    34.5520 0.0000e+00
      14746 313.599113  -62.14396  -58.44244     -1.026    1448.33    303.000    299.873    -0.5915    -0.5899     0.0016    -0.6013    -0.5997     0.0016   2.821184   2.821253   0.000064    34.3847    34.3837     6.8388    27.6384    27.6375    34.3843    27.6381    1450.50    1450.51    -0.6011  1029.0894    34.5523 0.0000e+00
      14771 313.599125  -62.14396  -58.44244     -0.963    1448.33    302.000    298.884    -0.5919    -0.5903     0.0017    -0.6017    -0.6000     0.0017   2.821090   2.821164   0.000085    34.3846    34.3839     6.8391    27.6383    27.6376    34.3841    27.6379    1450.49    1450.49    -0.6015  1029.0846    34.5522 0.0000e+00
      14795 313.599137  -62.14396  -58.44244     -0.981    1448.33    301.000    297.895    -0.5917    -0.5910     0.0007    -0.6014    -0.6008     0.0007   2.821061   2.821051  -0.000006    34.3844    34.3835     6.8441    27.6381    27.6374    34.3841    27.6379    1450.47    1450.47    -0.6012  1029.0798    34.5521 0.0000e+00
      14818 313.599148  -62.14396  -58.44244     -1.034    1448.33    300.000    296.906    -0.5914    -0.5907     0.0007    -0.6011    -0.6004     0.0007   2.821024   2.821018  -0.000002    34.3842    34.3834     6.8561    27.6379    27.6372    34.3839    27.6377    1450.45    1450.46    -0.6009  1029.0748    34.5519 0.0000e+00
      14839 313.599158  -62.14396  -58.44244     -1.082    1448.33    299.000    295.917    -0.5914    -0.5907     0.0007    -0.6011    -0.6004     0.0007   2.820971   2.820972   0.000003    34.3841    34.3833     6.8437    27.6378    27.6372    34.3838    27.6376    1450.44    1450.44    -0.6009  1029.0700    34.5518 0.0000e+00
      14861 313.599169  -62.14396  -58.44244     -1.099    1448.33    298.000    294.928    -0.5915    -0.5907     0.0007    -0.6011    -0.6004     0.0007   2.820912   2.820921   0.000010    34.3839    34.3833     6.8419    27.6377    27.6372    34.3837    27.6375    1450.42    1450.42    -0.6009  1029.0651    34.5517 0.0000e+00
      14885 313.599180  -62.14398  -58.44244     -1.053    1448.33    297.000    293.939    -0.5915    -0.5907     0.0008    -0.6011    -0.6003     0.0008   2.820860   2.820861   0.000004    34.3838    34.3830     6.8447    27.6376    27.6370    34.3836    27.6375    1450.40    1450.41    -0.6009  1029.0603    34.5516 0.0000e+00
      14911 313.599193  -62.14398  -58.44242     -0.968    1448.33    296.000    292.950    -0.5911    -0.5904     0.0007    -0.6007    -0.6000     0.0007   2.820831   2.820835   0.000006    34.3836    34.3829     6.8395    27.6375    27.6368    34.3834    27.6373    1450.39    1450.39    -0.6005  1029.0554    34.5514 0.0000e+00
      14937 313.599205  -62.14398  -58.44242     -0.921    1448.33    295.000    291.961    -0.5905    -0.5903     0.0002    -0.6000    -0.5998     0.0002   2.820852   2.820783  -0.000061    34.3836    34.3826     6.8482    27.6374    27.6366    34.3835    27.6374    1450.38    1450.38    -0.5998  1029.0507    34.5515 0.0000e+00
      14961 313.599217  -62.14398  -58.44242     -0.946    1448.33    294.000    290.972    -0.5900    -0.5896     0.0004    -0.5995    -0.5991     0.0004   2.820851   2.820811  -0.000042    34.3837    34.3827     6.8497    27.6375    27.6366    34.3836    27.6374    1450.36    1450.37    -0.5993  1029.0460    34.5516 0.0000e+00
      14985 313.599228  -62.14398  -58.44242     -1.005    1448.33    293.000    289.983    -0.5895    -0.5890     0.0005    -0.5990    -0.5985     0.0005   2.820846   2.820812  -0.000034    34.3837    34.3827     6.8398    27.6374    27.6366    34.3836    27.6373    1450.35    1450.35    -0.5988  1029.0411    34.5515 0.0000e+00
      15007 313.599239  -62.14398  -58.44242     -1.056    1448.33    292.000    288.994    -0.5894    -0.5887     0.0006    -0.5988    -0.5982     0.0006   2.820779   2.820773  -0.000006    34.3833    34.3825     6.8458    27.6371    27.6364    34.3831    27.6370    1450.33    1450.33    -0.5986  1029.0360    34.5511 0.0000e+00
      15029 313.599250  -62.14400  -58.44242     -1.084    1448.33    291.000    288.006    -0.5897    -0.5889     0.0008    -0.5991    -0.5983     0.0008   2.820707   2.820711   0.000007    34.3833    34.3825     6.8451    27.6371    27.6364    34.3831    27.6370    1450.31    1450.32    -0.5989  1029.0313    34.5511 0.0000e+00
      15053 313.599261  -62.14400  -58.44242     -1.054    1448.33    290.000    287.017    -0.5894    -0.5889     0.0005    -0.5988    -0.5983     0.0005   2.820685   2.820660  -0.000024    34.3833    34.3823     6.8427    27.6371    27.6363    34.3832    27.6370    1450.30    1450.30    -0.5986  1029.0265    34.5511 0.0000e+00
      15078 313.599273  -62.14400  -58.44242     -0.969    1448.33    289.000    286.028    -0.5897    -0.5888     0.0009    -0.5990    -0.5981     0.0009   2.820619   2.820614  -0.000008    34.3833    34.3822     6.8528    27.6371    27.6362    34.3832    27.6370    1450.28    1450.29    -0.5988  1029.0218    34.5512 0.0000e+00
      15105 313.599286  -62.14400  -58.44240     -0.912    1448.33    288.000    285.039    -0.5902    -0.5891     0.0011    -0.5995    -0.5984     0.0011   2.820532   2.820551   0.000020    34.3833    34.3823     6.8406    27.6371    27.6363    34.3832    27.6370    1450.26    1450.27    -0.5993  1029.0170    34.5511 0.0000e+00
      15130 313.599298  -62.14400  -58.44240     -0.927    1448.33    287.000    284.049    -0.5908    -0.5895     0.0014    -0.6001    -0.5987     0.0014   2.820456   2.820483   0.000026    34.3836    34.3824     6.8383    27.6374    27.6364    34.3835    27.6373    1450.24    1450.25    -0.5999  1029.0126    34.5514 0.0000e+00
      15154 313.599310  -62.14400  -58.44240     -0.967    1448.33    286.000    283.060    -0.5913    -0.5898     0.0014    -0.6005    -0.5990     0.0014   2.820372   2.820406   0.000036    34.3836    34.3825     6.8521    27.6374    27.6365    34.3835    27.6373    1450.23    1450.23    -0.6003  1029.0078    34.5514 0.0000e+00
      15178 313.599322  -62.14402  -58.44240     -1.001    1448.33    285.000    282.071    -0.5918    -0.5911     0.0008    -0.6010    -0.6003     0.0008   2.820258   2.820261   0.000002    34.3834    34.3825     6.8420    27.6373    27.6365    34.3832    27.6371    1450.21    1450.21    -0.6008  1029.0029    34.5511 0.0000e+00
      15202 313.599333  -62.14402  -58.44240     -1.005    1448.33    284.000    281.082    -0.5924    -0.5912     0.0012    -0.6015    -0.6004     0.0012   2.820144   2.820205   0.000047    34.3832    34.3825     6.8450    27.6372    27.6365    34.3829    27.6369    1450.19    1450.19    -0.6014  1028.9979    34.5508 0.0000e+00
      15227 313.599345  -62.14402  -58.44240     -0.987    1448.33    283.000    280.093    -0.5941    -0.5924     0.0017    -0.6032    -0.6015     0.0017   2.819934   2.820015   0.000088    34.3829    34.3822     6.8560    27.6370    27.6363    34.3826    27.6367    1450.16    1450.17    -0.6030  1028.9930    34.5505 0.0000e+00
      15251 313.599357  -62.14402  -58.44240     -0.973    1448.33    282.000    279.104    -0.5946    -0.5935     0.0011    -0.6037    -0.6026     0.0011   2.819832   2.819847   0.000016    34.3827    34.3816     6.8433    27.6368    27.6359    34.3825    27.6367    1450.14    1450.15    -0.6035  1028.9881    34.5504 0.0000e+00
      15275 313.599368  -62.14402  -58.44240     -0.988    1448.33    281.000    278.115    -0.5950    -0.5940     0.0010    -0.6040    -0.6030     0.0010   2.819734   2.819750   0.000017    34.3824    34.3815     6.8418    27.6366    27.6358    34.3821    27.6364    1450.13    1450.13    -0.6038  1028.9831    34.5500 0.0000e+00
      15299 313.599380  -62.14404  -58.44240     -1.014    1448.33    280.000    277.125    -0.5956    -0.5948     0.0009    -0.6046    -0.6038     0.0009   2.819608   2.819616   0.000008    34.3820    34.3812     6.8568    27.6363    27.6356    34.3818    27.6362    1450.11    1450.11    -0.6044  1028.9782    34.5497 0.0000e+00
      15323 313.599391  -62.14404  -58.44240     -1.017    1448.33    279.000    276.137    -0.5956    -0.5947     0.0009    -0.6045    -0.6037     0.0009   2.819579   2.819580   0.000003    34.3821    34.3812     6.8502    27.6364    27.6356    34.3820    27.6363    1450.09    1450.09    -0.6044  1028.9724    34.5485 0.0000e+00
      15349 313.599404 -9.990e-29  -58.44238     -0.955    1448.33    278.000    275.147    -0.5989    -0.5958     0.0030    -0.6078    -0.6048     0.0030   2.819173   2.819410   0.000218    34.3816    34.3811     6.8523    27.6361    27.6356    34.3809    27.6355    1450.06    1450.07    -0.6076  1028.9634    34.5430 0.0000e+00
      15377 313.599417 -9.990e-29  -58.44238     -0.884    1448.33    277.000    274.158    -0.6070    -0.6020     0.0050    -0.6159    -0.6109     0.0050   2.818283   2.818738   0.000442    34.3797    34.3800     6.8703    27.6350    27.6349    34.3787    27.6341    1450.00    1450.02    -0.6157  1028.9573    34.5408 0.0000e+00
      15404 313.599430 -9.990e-29  -58.44238     -0.865    1448.33    276.000    273.169    -0.6086    -0.6053     0.0033    -0.6174    -0.6141     0.0033   2.818053   2.818339   0.000274    34.3787    34.3787     6.8516    27.6342    27.6340    34.3780    27.6337    1449.97    1449.99    -0.6172  1028.9521    34.5402 0.0000e+00
      15428 313.599442  -62.14406  -58.44238     -0.927    1448.33    275.000    272.180    -0.6093    -0.6066     0.0027    -0.6181    -0.6154     0.0026   2.817873   2.818073   0.000224    34.3775    34.3775     6.8622    27.6332    27.6331    34.3770    27.6328    1449.95    1449.97    -0.6179  1028.9486    34.5416 0.0000e+00
      15450 313.599453  -62.14406  -58.44238     -1.038    1448.33    274.000    271.191    -0.6091    -0.6087     0.0004    -0.6179    -0.6175     0.0004   2.817832   2.817758  -0.000060    34.3772    34.3760     6.8781    27.6330    27.6320    34.3768    27.6327    1449.94    1449.94    -0.6177  1028.9463    34.5447 0.0000e+00
      15471 313.599463  -62.14406  -58.44237     -1.127    1448.33    273.000    270.202    -0.6088    -0.6084     0.0005    -0.6176    -0.6171     0.0005   2.817760   2.817734  -0.000026    34.3765    34.3756     6.8769    27.6324    27.6317    34.3762    27.6322    1449.92    1449.92    -0.6174  1028.9410    34.5440 0.0000e+00
      15492 313.599473  -62.14406  -58.44236     -1.155    1448.33    272.000    269.213    -0.6079    -0.6070     0.0009    -0.6165    -0.6156     0.0009   2.817753   2.817745  -0.000007    34.3758    34.3747     6.8856    27.6318    27.6309    34.3756    27.6316    1449.91    1449.91    -0.6164  1028.9357    34.5434 0.0000e+00
      15515 313.599484  -62.14406  -58.44236     -1.098    1448.33    271.000    268.224    -0.6070    -0.6066     0.0004    -0.6157    -0.6153     0.0004   2.817704   2.817716   0.000012    34.3748    34.3745     6.9024    27.6310    27.6307    34.3746    27.6308    1449.90    1449.90    -0.6155  1028.9301    34.5424 0.0000e+00
      15542 313.599497  -62.14406  -58.44236     -0.950    1448.33    270.000    267.235    -0.6067    -0.6066     0.0001    -0.6153    -0.6152     0.0001   2.817613   2.817747   0.000129    34.3738    34.3754     6.8981    27.6302    27.6314    34.3736    27.6299    1449.88    1449.88    -0.6151  1028.9245    34.5414 0.0000e+00
      15572 313.599511  -62.14406  -58.44236     -0.821    1448.33    269.000    266.245    -0.6076    -0.6066     0.0010    -0.6162    -0.6152     0.0010   2.817360   2.817507   0.000145    34.3723    34.3731     6.9018    27.6289    27.6296    34.3718    27.6285    1449.86    1449.86    -0.6160  1028.9183    34.5396 0.0000e+00
      15600 313.599525  -62.14407  -58.44236     -0.830    1448.33    268.000    265.257    -0.6086    -0.6069     0.0017    -0.6172    -0.6155     0.0017   2.817043   2.817258   0.000217    34.3696    34.3706     6.9233    27.6268    27.6276    34.3693    27.6266    1449.83    1449.84    -0.6170  1028.9116    34.5371 0.0000e+00
      15625 313.599537  -62.14408  -58.44236     -0.920    1448.33    267.000    264.268    -0.6090    -0.6077     0.0013    -0.6175    -0.6162     0.0013   2.816920   2.817025   0.000114    34.3689    34.3691     6.9121    27.6263    27.6263    34.3687    27.6261    1449.81    1449.82    -0.6173  1028.9064    34.5365 0.0000e+00
