Pos-Processados/process_op42/Processamento_split/up/uoperantar42_014.cnv
* Sea-Bird SBE 9 Data File:
* FileName = C:\Users\Hidrografia\Desktop\OPXLII\Brutos\OP42014.hdr
* Software Version Seasave V 7.26.7.107
* Temperature SN = 6502
* Conductivity SN = 4998
* Number of Bytes Per Scan = 31
* Number of Voltage Words = 2
* Number of Scans Averaged by the Deck Unit = 1
* NMEA Latitude = 47 05.79 S
* NMEA Longitude = 056 32.90 W
* NMEA UTC (Time) = Oct 20 2023 10:58:48
* NMEA baud rate = 4800
** H41
** NPOALTEMAXIMIANO
** NUMERO DA ESTACAO (XXX) 014
** LAT (XX XX.XX S/N) 47 05.592 S
** LONG (XXX XX.XX W/E) 056 32.757 W
** DATAHORA (dd/mm/aaaa hh:mm Z) 20/10/2023 1058Z
** PROFUNDIDADE (m) 4459
** OPERADOR CT FABIREZA
# nquan = 30
# nvalues = 1002                        
# units = specified
# name 0 = scan: Scan Count
# name 1 = timeJ: Julian Days
# name 2 = latitude: Latitude [deg]
# name 3 = longitude: Longitude [deg]
# name 4 = dz/dtM: Descent Rate [m/s]
# name 5 = avgsvCM: Average Sound Velocity [Chen-Millero, m/s]
# name 6 = prDM: Pressure, Digiquartz [db]
# name 7 = depSM: Depth [salt water, m]
# name 8 = t090C: Temperature [ITS-90, deg C]
# name 9 = t190C: Temperature, 2 [ITS-90, deg C]
# name 10 = T2-T190C: Temperature Difference, 2 - 1 [ITS-90, deg C]
# name 11 = potemp090C: Potential Temperature [ITS-90, deg C]
# name 12 = potemp190C: Potential Temperature, 2 [ITS-90, deg C]
# name 13 = potemp90Cdiff: Potential Temperature, Diff, 2 - 1 [ITS-90, deg C]
# name 14 = c0S/m: Conductivity [S/m]
# name 15 = c1S/m: Conductivity, 2 [S/m]
# name 16 = C2-C1S/m: Conductivity Difference, 2 - 1 [S/m]
# name 17 = sal00: Salinity, Practical [PSU]
# name 18 = sal11: Salinity, Practical, 2 [PSU]
# name 19 = sbeox0ML/L: Oxygen, SBE 43 [ml/l]
# name 20 = sigma-é00: Density [sigma-theta, kg/m^3]
# name 21 = sigma-é11: Density, 2 [sigma-theta, kg/m^3]
# name 22 = sal00: Salinity, Practical [PSU]
# name 23 = sigma-é00: Density [sigma-theta, kg/m^3]
# name 24 = svCM: Sound Velocity [Chen-Millero, m/s]
# name 25 = svCM1: Sound Velocity, 2 [Chen-Millero, m/s]
# name 26 = gsw_ptA0: potential temperature [ITS-90, deg C]
# name 27 = gsw_densityA0: density, TEOS-10 [density, kg/m^3]
# name 28 = gsw_saA0: Absolute Salinity [g/kg]
# name 29 = flag:
# span 0 =      32080,      68986       
# span 1 = 293.472970, 293.490768       
# span 2 =  -47.10808,  -47.10246       
# span 3 =  -56.55282,  -56.55080       
# span 4 =     -1.656,     -0.124       
# span 5 =    1468.69,    1468.97       
# span 6 =     11.000,   1012.000       
# span 7 =     10.919,   1001.157       
# span 8 =     2.4432,     5.9678       
# span 9 =     2.4440,     5.9685       
# span 10 =    -0.0258,     0.0588      
# span 11 =     2.3788,     5.9669      
# span 12 =     2.3795,     5.9676      
# span 13 =    -0.0257,     0.0587      
# span 14 =   3.070972,   3.348113      
# span 15 =   3.070964,   3.348147      
# span 16 =  -0.002110,   0.004301      
# span 17 =    33.9914,    34.5841      
# span 18 =    33.9955,    34.5835      
# span 19 =     3.7940,     7.6101      
# span 20 =    26.7872,    27.6076      
# span 21 =    26.7859,    27.6071      
# span 22 =    34.0086,    34.5841      
# span 23 =    26.7883,    27.6076      
# span 24 =    1462.90,    1476.11      
# span 25 =    1462.90,    1476.11      
# span 26 =     2.3787,     5.9669      
# span 27 =  1026.8405,  1032.3105      
# span 28 =    34.1693,    34.7518      
# span 29 = 0.0000e+00, 0.0000e+00      
# interval = decibars: 1                
# start_time = Oct 20 2023 10:58:48 [NMEA time, header]
# bad_flag = -9.990e-29
*END*
[from data line 677]
      51632 293.482399  -47.10542  -56.55196     -0.141    1468.95    335.000    331.939     2.8371     2.8380     0.0009     2.8168     2.8176     0.0009   3.100483   3.100454  -0.000029    34.1863    34.1851     5.5880    27.2519    27.2508    34.1862    27.2518    1466.13    1466.13     2.8167  1028.8178    34.3486 0.0000e+00
      51655 293.482410  -47.10542  -56.55196     -0.715    1468.95    334.000    330.957     2.8405     2.8423     0.0018     2.8202     2.8220     0.0018   3.100754   3.100835   0.000081    34.1867    34.1857     5.6023    27.2519    27.2510    34.1865    27.2518    1466.13    1466.13     2.8202  1028.8131    34.3489 0.0000e+00
      51674 293.482419  -47.10542  -56.55196     -1.054    1468.95    333.000    329.967     2.8410     2.8417     0.0007     2.8208     2.8215     0.0007   3.100667   3.100651  -0.000003    34.1857    34.1848     5.6074    27.2510    27.2503    34.1855    27.2509    1466.11    1466.11     2.8207  1028.8075    34.3479 0.0000e+00
      51692 293.482428  -47.10542  -56.55196     -1.270    1468.95    332.000    328.977     2.8431     2.8435     0.0003     2.8230     2.8233     0.0003   3.100772   3.100736  -0.000039    34.1850    34.1841     5.6139    27.2503    27.2496    34.1850    27.2503    1466.11    1466.11     2.8229  1028.8023    34.3474 0.0000e+00
      51715 293.482439  -47.10543  -56.55196     -1.210    1468.95    331.000    327.987     2.8447     2.8456     0.0009     2.8246     2.8254     0.0009   3.100784   3.100793   0.000007    34.1841    34.1832     5.6228    27.2494    27.2487    34.1841    27.2494    1466.09    1466.10     2.8245  1028.7967    34.3465 0.0000e+00
      51758 293.482460  -47.10544  -56.55196     -0.599    1468.95    330.000    326.997     2.8456     2.8469     0.0013     2.8256     2.8268     0.0013   3.100679   3.100718   0.000038    34.1824    34.1815     5.6301    27.2480    27.2472    34.1823    27.2480    1466.08    1466.08     2.8255  1028.7906    34.3447 0.0000e+00
      51798 293.482479  -47.10544  -56.55196     -0.565    1468.95    329.000    326.006     2.8447     2.8457     0.0010     2.8247     2.8257     0.0010   3.100522   3.100521   0.000003    34.1820    34.1810     5.6354    27.2478    27.2469    34.1820    27.2477    1466.06    1466.06     2.8247  1028.7857    34.3443 0.0000e+00
      51824 293.482492  -47.10544  -56.55196     -0.833    1468.95    328.000    325.016     2.8438     2.8447     0.0009     2.8238     2.8247     0.0009   3.100379   3.100376  -0.000009    34.1819    34.1808     5.6411    27.2478    27.2468    34.1817    27.2476    1466.04    1466.04     2.8238  1028.7809    34.3441 0.0000e+00
      51846 293.482502  -47.10544  -56.55196     -1.015    1468.95    327.000    324.026     2.8433     2.8441     0.0009     2.8234     2.8243     0.0009   3.100285   3.100285 5.3748e-07    34.1818    34.1809     5.6434    27.2477    27.2469    34.1817    27.2476    1466.02    1466.02     2.8234  1028.7763    34.3440 0.0000e+00
      51868 293.482513  -47.10544  -56.55198     -1.085    1468.95    326.000    323.036     2.8436     2.8448     0.0012     2.8238     2.8251     0.0012   3.100227   3.100260   0.000032    34.1811    34.1802     5.6407    27.2471    27.2463    34.1811    27.2471    1466.00    1466.01     2.8238  1028.7711    34.3434 0.0000e+00
      51894 293.482526  -47.10544  -56.55198     -0.997    1468.95    325.000    322.046     2.8425     2.8431     0.0006     2.8228     2.8234     0.0006   3.099970   3.099957  -0.000016    34.1803    34.1794     5.6494    27.2465    27.2458    34.1797    27.2461    1465.98    1465.98     2.8228  1028.7655    34.3420 0.0000e+00
      51935 293.482545  -47.10546  -56.55197     -0.641    1468.95    324.000    321.056     2.8453     2.8467     0.0014     2.8256     2.8270     0.0014   3.100069   3.100088   0.000023    34.1781    34.1769     5.6549    27.2445    27.2435    34.1785    27.2449    1465.97    1465.98     2.8256  1028.7595    34.3408 0.0000e+00
      51979 293.482566  -47.10546  -56.55198     -0.502    1468.95    323.000    320.066     2.8545     2.8562     0.0017     2.8349     2.8366     0.0017   3.100803   3.100875   0.000051    34.1780    34.1768     5.6663    27.2436    27.2426    34.1782    27.2438    1466.00    1466.00     2.8349  1028.7538    34.3405 0.0000e+00
      52003 293.482578  -47.10547  -56.55198     -0.813    1468.95    322.000    319.076     2.8516     2.8530     0.0013     2.8321     2.8334     0.0013   3.100638   3.100620   0.000021    34.1790    34.1779     5.6774    27.2447    27.2437    34.1798    27.2454    1465.97    1465.97     2.8320  1028.7507    34.3421 0.0000e+00
      52022 293.482587  -47.10548  -56.55198     -1.077    1468.95    321.000    318.085     2.8620     2.8606    -0.0013     2.8424     2.8411    -0.0013   3.101531   3.101273  -0.000226    34.1787    34.1774     5.6843    27.2436    27.2426    34.1803    27.2448    1466.00    1465.99     2.8424  1028.7454    34.3426 0.0000e+00
      52042 293.482597  -47.10548  -56.55198     -1.217    1468.95    320.000    317.095     2.8732     2.8710    -0.0022     2.8537     2.8515    -0.0022   3.102539   3.102212  -0.000314    34.1791    34.1777     5.6827    27.2429    27.2419    34.1812    27.2445    1466.03    1466.02     2.8537  1028.7404    34.3435 0.0000e+00
      52069 293.482610  -47.10548  -56.55198     -1.048    1468.95    319.000    316.105     2.8882     2.8884     0.0002     2.8688     2.8690     0.0002   3.103798   3.103726  -0.000086    34.1795    34.1782     5.6752    27.2418    27.2408    34.1812    27.2432    1466.08    1466.08     2.8687  1028.7342    34.3435 0.0000e+00
      52115 293.482632  -47.10550  -56.55198     -0.508    1468.95    318.000    315.117     2.8981     2.8992     0.0011     2.8787     2.8798     0.0011   3.104557   3.104558  -0.000008    34.1794    34.1782     5.6634    27.2409    27.2399    34.1806    27.2418    1466.11    1466.11     2.8786  1028.7281    34.3429 0.0000e+00
      52151 293.482650  -47.10550  -56.55198     -0.607    1468.95    317.000    314.120     2.8963     2.8972     0.0009     2.8770     2.8778     0.0009   3.104334   3.104321  -0.000012    34.1796    34.1785     5.6483    27.2412    27.2403    34.1803    27.2417    1466.08    1466.08     2.8769  1028.7234    34.3426 0.0000e+00
      52176 293.482662  -47.10550  -56.55198     -0.866    1468.95    316.000    313.135     2.8950     2.8970     0.0020     2.8757     2.8777     0.0020   3.104174   3.104256   0.000066    34.1797    34.1784     5.6444    27.2414    27.2402    34.1803    27.2418    1466.06    1466.07     2.8757  1028.7192    34.3431 0.0000e+00
      52201 293.482673 -9.990e-29 -9.990e-29     -0.987    1468.95    315.000    312.144     2.8945     2.8960     0.0014     2.8753     2.8768     0.0014   3.104034   3.104065   0.000039    34.1791    34.1781     5.6498    27.2410    27.2400    34.1796    27.2413    1466.04    1466.04     2.8753  1028.7145    34.3430 0.0000e+00
      52233 293.482689 -9.990e-29 -9.990e-29     -0.826    1468.95    314.000    311.154     2.8935     2.8944     0.0009     2.8743     2.8752     0.0009   3.103762   3.103760  -0.000003    34.1777    34.1767     5.6581    27.2399    27.2390    34.1779    27.2401    1466.02    1466.02     2.8743  1028.7086    34.3413 0.0000e+00
      52269 293.482707  -47.10552  -56.55200     -0.632    1468.95    313.000    310.164     2.8917     2.8928     0.0011     2.8726     2.8737     0.0011   3.103482   3.103484   0.000002    34.1768    34.1756     5.6684    27.2393    27.2383    34.1770    27.2395    1465.99    1466.00     2.8726  1028.7032    34.3401 0.0000e+00
      52297 293.482720  -47.10552  -56.55200     -0.787    1468.95    312.000    309.174     2.8913     2.8914     0.0002     2.8722     2.8724     0.0002   3.103374   3.103295  -0.000074    34.1766    34.1755     5.6680    27.2392    27.2383    34.1767    27.2393    1465.97    1465.97     2.8722  1028.6977    34.3389 0.0000e+00
      52324 293.482733  -47.10552  -56.55200     -0.891    1468.95    311.000    308.184     2.8912     2.8920     0.0009     2.8722     2.8731     0.0009   3.103314   3.103310   0.000001    34.1762    34.1752     5.6757    27.2389    27.2381    34.1766    27.2392    1465.96    1465.96     2.8722  1028.6929    34.3388 0.0000e+00
      52359 293.482750  -47.10552  -56.55200     -0.736    1468.95    310.000    307.193     2.9029     2.9009    -0.0020     2.8840     2.8820    -0.0020   3.104365   3.104101  -0.000267    34.1763    34.1752     5.6805    27.2380    27.2372    34.1775    27.2389    1465.99    1465.98     2.8840  1028.6879    34.3397 0.0000e+00
      52391 293.482765  -47.10553  -56.55200     -0.697    1468.95    309.000    306.203     2.9068     2.9075     0.0007     2.8879     2.8886     0.0007   3.104569   3.104579   0.000012    34.1760    34.1754     5.6824    27.2374    27.2368    34.1764    27.2377    1465.99    1465.99     2.8879  1028.6820    34.3387 0.0000e+00
      52415 293.482777  -47.10554  -56.55200     -0.898    1468.95    308.000    305.213     2.9075     2.9082     0.0008     2.8887     2.8894     0.0008   3.104615   3.104587  -0.000026    34.1761    34.1750     5.6730    27.2374    27.2365    34.1768    27.2379    1465.98    1465.98     2.8887  1028.6776    34.3390 0.0000e+00
      52437 293.482788  -47.10554  -56.55200     -1.043    1468.95    307.000    304.223     2.9097     2.9109     0.0011     2.8910     2.8921     0.0011   3.104669   3.104681   0.000012    34.1750    34.1740     5.6741    27.2363    27.2353    34.1756    27.2368    1465.97    1465.97     2.8909  1028.6717    34.3378 0.0000e+00
      52468 293.482803  -47.10554  -56.55200     -0.882    1468.95    306.000    303.232     2.9115     2.9126     0.0011     2.8928     2.8939     0.0011   3.104628   3.104628 -6.684e-07    34.1733    34.1722     5.6797    27.2348    27.2338    34.1737    27.2351    1465.96    1465.96     2.8928  1028.6654    34.3360 0.0000e+00
      52510 293.482823  -47.10555  -56.55200     -0.548    1468.95    305.000    302.242     2.9121     2.9134     0.0012     2.8935     2.8947     0.0012   3.104485   3.104490   0.000002    34.1715    34.1702     5.6860    27.2333    27.2321    34.1719    27.2336    1465.94    1465.94     2.8935  1028.6592    34.3341 0.0000e+00
      52543 293.482839  -47.10556  -56.55200     -0.683    1468.95    304.000    301.252     2.9137     2.9152     0.0015     2.8952     2.8966     0.0015   3.104549   3.104577   0.000032    34.1712    34.1700     5.6984    27.2329    27.2318    34.1716    27.2332    1465.93    1465.94     2.8951  1028.6541    34.3338 0.0000e+00
      52571 293.482852  -47.10556  -56.55201     -0.832    1468.95    303.000    300.262     2.9140     2.9148     0.0008     2.8955     2.8963     0.0008   3.104456   3.104424  -0.000036    34.1705    34.1692     5.7162    27.2322    27.2312    34.1706    27.2324    1465.92    1465.92     2.8955  1028.6487    34.3328 0.0000e+00
      52604 293.482868  -47.10556  -56.55202     -0.772    1468.95    302.000    299.272     2.9131     2.9142     0.0011     2.8947     2.8958     0.0011   3.104206   3.104245   0.000037    34.1690    34.1682     5.7224    27.2311    27.2304    34.1691    27.2312    1465.89    1465.90     2.8947  1028.6429    34.3313 0.0000e+00
      52636 293.482883  -47.10556  -56.55200     -0.721    1468.95    301.000    298.282     2.9130     2.9138     0.0008     2.8946     2.8955     0.0008   3.104117   3.104113  -0.000002    34.1685    34.1676     5.7203    27.2308    27.2300    34.1687    27.2309    1465.87    1465.88     2.8946  1028.6379    34.3309 0.0000e+00
      52662 293.482896  -47.10558  -56.55200     -0.854    1468.95    300.000    297.291     2.9132     2.9145     0.0012     2.8950     2.8962     0.0012   3.104069   3.104088   0.000015    34.1683    34.1672     5.7256    27.2306    27.2296    34.1684    27.2306    1465.86    1465.86     2.8949  1028.6330    34.3306 0.0000e+00
      52688 293.482909  -47.10558  -56.55200     -0.933    1468.95    299.000    296.301     2.9137     2.9145     0.0008     2.8955     2.8962     0.0008   3.103944   3.103960   0.000018    34.1668    34.1662     5.7341    27.2293    27.2288    34.1669    27.2294    1465.84    1465.85     2.8954  1028.6271    34.3291 0.0000e+00
      52724 293.482926  -47.10559  -56.55201     -0.724    1468.95    298.000    295.311     2.9155     2.9164     0.0009     2.8972     2.8982     0.0009   3.103944   3.103950   0.000007    34.1653    34.1645     5.7363    27.2280    27.2272    34.1656    27.2282    1465.83    1465.84     2.8973  1028.6213    34.3278 0.0000e+00
      52759 293.482942  -47.10560  -56.55202     -0.648    1468.95    297.000    294.320     2.9196     2.9209     0.0012     2.9015     2.9027     0.0012   3.104217   3.104265   0.000038    34.1648    34.1639     5.7410    27.2272    27.2264    34.1651    27.2274    1465.83    1465.84     2.9014  1028.6158    34.3273 0.0000e+00
      52782 293.482954  -47.10560  -56.55202     -0.880    1468.95    296.000    293.330     2.9227     2.9241     0.0014     2.9046     2.9060     0.0014   3.104587   3.104581   0.000006    34.1657    34.1643     5.7505    27.2277    27.2264    34.1669    27.2286    1465.83    1465.84     2.9046  1028.6123    34.3291 0.0000e+00
      52804 293.482964  -47.10560  -56.55202     -1.066    1468.95    295.000    292.340     2.9288     2.9288    -0.0000     2.9108     2.9107    -0.0000   3.105042   3.104946  -0.000093    34.1657    34.1646     5.7539    27.2271    27.2262    34.1665    27.2277    1465.84    1465.84     2.9107  1028.6067    34.3286 0.0000e+00
      52831 293.482978  -47.10560  -56.55202     -0.991    1468.95    294.000    291.353     2.9316     2.9328     0.0012     2.9137     2.9149     0.0012   3.105203   3.105221   0.000019    34.1653    34.1643     5.7562    27.2265    27.2256    34.1660    27.2271    1465.84    1465.84     2.9136  1028.6013    34.3281 0.0000e+00
      52875 293.482999  -47.10562  -56.55202     -0.515    1468.95    293.000    290.354     2.9405     2.9418     0.0013     2.9225     2.9239     0.0013   3.105809   3.105842   0.000023    34.1637    34.1626     5.7449    27.2245    27.2234    34.1646    27.2251    1465.86    1465.86     2.9225  1028.5947    34.3267 0.0000e+00
      52909 293.483015  -47.10562  -56.55202     -0.667    1468.95    292.000    289.369     2.9426     2.9425    -0.0001     2.9247     2.9246    -0.0001   3.105903   3.105855  -0.000046    34.1633    34.1629     5.7515    27.2240    27.2236    34.1640    27.2245    1465.85    1465.85     2.9247  1028.5893    34.3261 0.0000e+00
      52932 293.483026  -47.10562  -56.55202     -0.879    1468.95    291.000    288.379     2.9434     2.9451     0.0017     2.9256     2.9273     0.0016   3.105961   3.106008   0.000054    34.1637    34.1626     5.7592    27.2241    27.2231    34.1644    27.2247    1465.84    1465.84     2.9256  1028.5849    34.3265 0.0000e+00
      52950 293.483035  -47.10562  -56.55202     -1.130    1468.95    290.000    287.388     2.9473     2.9489     0.0016     2.9296     2.9312     0.0016   3.106235   3.106287   0.000034    34.1634    34.1621     5.7575    27.2236    27.2224    34.1642    27.2242    1465.84    1465.84     2.9295  1028.5797    34.3263 0.0000e+00
      52966 293.483042  -47.10562  -56.55202     -1.351    1468.95    289.000    286.398     2.9486     2.9504     0.0018     2.9309     2.9327     0.0018   3.106274   3.106303   0.000048    34.1631    34.1617     5.7615    27.2232    27.2219    34.1638    27.2238    1465.83    1465.83     2.9309  1028.5746    34.3259 0.0000e+00
      52983 293.483051  -47.10562  -56.55203     -1.461    1468.95    288.000    285.408     2.9501     2.9513     0.0012     2.9324     2.9336     0.0012   3.106249   3.106252   0.000002    34.1620    34.1608     5.7671    27.2222    27.2211    34.1625    27.2226    1465.81    1465.82     2.9324  1028.5688    34.3246 0.0000e+00
