Pos-Processados/process_op42/Processamento_split/up/uoperantar42_014.cnv
* Sea-Bird SBE 9 Data File:
* FileName = C:\Users\Hidrografia\Desktop\OPXLII\Brutos\OP42014.hdr
* Software Version Seasave V 7.26.7.107
* Temperature SN = 6502
* Conductivity SN = 4998
* Number of Bytes Per Scan = 31
* Number of Voltage Words = 2
* Number of Scans Averaged by the Deck Unit = 1
* NMEA Latitude = 47 05.79 S
* NMEA Longitude = 056 32.90 W
* NMEA UTC (Time) = Oct 20 2023 10:58:48
* NMEA baud rate = 4800
** H41
** NPOALTEMAXIMIANO
** NUMERO DA ESTACAO (XXX) 014
** LAT (XX XX.XX S/N) 47 05.592 S
** LONG (XXX XX.XX W/E) 056 32.757 W
** DATAHORA (dd/mm/aaaa hh:mm Z) 20/10/2023 1058Z
** PROFUNDIDADE (m) 4459
** OPERADOR CT FABIREZA
# nquan = 30
# nvalues = 1002                        
# units = specified
# name 0 = scan: Scan Count
# name 1 = timeJ: Julian Days
# name 2 = latitude: Latitude [deg]
# name 3 = longitude: Longitude [deg]
# name 4 = dz/dtM: Descent Rate [m/s]
# name 5 = avgsvCM: Average Sound Velocity [Chen-Millero, m/s]
# name 6 = prDM: Pressure, Digiquartz [db]
# name 7 = depSM: Depth [salt water, m]
# name 8 = t090C: Temperature [ITS-90, deg C]
# name 9 = t190C: Temperature, 2 [ITS-90, deg C]
# name 10 = T2-T190C: Temperature Difference, 2 - 1 [ITS-90, deg C]
# name 11 = potemp090C: Potential Temperature [ITS-90, deg C]
# name 12 = potemp190C: Potential Temperature, 2 [ITS-90, deg C]
# name 13 = potemp90Cdiff: Potential Temperature, Diff, 2 - 1 [ITS-90, deg C]
# name 14 = c0S/m: Conductivity [S/m]
# name 15 = c1S/m: Conductivity, 2 [S/m]
# name 16 = C2-C1S/m: Conductivity Difference, 2 - 1 [S/m]
# name 17 = sal00: Salinity, Practical [PSU]
# name 18 = sal11: Salinity, Practical, 2 [PSU]
# name 19 = sbeox0ML/L: Oxygen, SBE 43 [ml/l]
# name 20 = sigma-é00: Density [sigma-theta, kg/m^3]
# name 21 = sigma-é11: Density, 2 [sigma-theta, kg/m^3]
# name 22 = sal00: Salinity, Practical [PSU]
# name 23 = sigma-é00: Density [sigma-theta, kg/m^3]
# name 24 = svCM: Sound Velocity [Chen-Millero, m/s]
# name 25 = svCM1: Sound Velocity, 2 [Chen-Millero, m/s]
# name 26 = gsw_ptA0: potential temperature [ITS-90, deg C]
# name 27 = gsw_densityA0: density, TEOS-10 [density, kg/m^3]
# name 28 = gsw_saA0: Absolute Salinity [g/kg]
# name 29 = flag:
# span 0 =      32080,      68986       
# span 1 = 293.472970, 293.490768       
# span 2 =  -47.10808,  -47.10246       
# span 3 =  -56.55282,  -56.55080       
# span 4 =     -1.656,     -0.124       
# span 5 =    1468.69,    1468.97       
# span 6 =     11.000,   1012.000       
# span 7 =     10.919,   1001.157       
# span 8 =     2.4432,     5.9678       
# span 9 =     2.4440,     5.9685       
# span 10 =    -0.0258,     0.0588      
# span 11 =     2.3788,     5.9669      
# span 12 =     2.3795,     5.9676      
# span 13 =    -0.0257,     0.0587      
# span 14 =   3.070972,   3.348113      
# span 15 =   3.070964,   3.348147      
# span 16 =  -0.002110,   0.004301      
# span 17 =    33.9914,    34.5841      
# span 18 =    33.9955,    34.5835      
# span 19 =     3.7940,     7.6101      
# span 20 =    26.7872,    27.6076      
# span 21 =    26.7859,    27.6071      
# span 22 =    34.0086,    34.5841      
# span 23 =    26.7883,    27.6076      
# span 24 =    1462.90,    1476.11      
# span 25 =    1462.90,    1476.11      
# span 26 =     2.3787,     5.9669      
# span 27 =  1026.8405,  1032.3105      
# span 28 =    34.1693,    34.7518      
# span 29 = 0.0000e+00, 0.0000e+00      
# interval = decibars: 1                
# start_time = Oct 20 2023 10:58:48 [NMEA time, header]
# bad_flag = -9.990e-29
*END*
      32080 293.472970 -9.990e-29 -9.990e-29     -0.241    1468.69   1012.000   1001.157     2.4448     2.4446    -0.0002     2.3802     2.3800    -0.0002   3.128438   3.128379  -0.000057    34.5836    34.5831     3.7984    27.6071    27.6067    34.5836    27.6071    1476.11    1476.11     2.3802  1032.3105    34.7514 0.0000e+00
      33117 293.473470  -47.10246  -56.55080     -0.489    1468.97   1011.000   1000.126     2.4432     2.4440     0.0007     2.3788     2.3795     0.0007   3.128301   3.128323   0.000018    34.5841    34.5835     3.7984    27.6076    27.6071    34.5841    27.6076    1476.09    1476.09     2.3787  1032.3064    34.7518 0.0000e+00
      33078 293.473452  -47.10246  -56.55082     -0.834    1468.95   1010.000    999.177     2.4436     2.4444     0.0007     2.3792     2.3800     0.0007   3.128287   3.128296   0.000013    34.5838    34.5833     3.8073    27.6074    27.6068    34.5840    27.6075    1476.08    1476.08     2.3792  1032.3017    34.7518 0.0000e+00
      33103 293.473463  -47.10246  -56.55082     -0.974    1468.95   1009.000    998.190     2.4448     2.4454     0.0006     2.3805     2.3811     0.0006   3.128335   3.128335  -0.000008    34.5837    34.5830     3.7999    27.6071    27.6065    34.5838    27.6072    1476.06    1476.07     2.3804  1032.2968    34.7516 0.0000e+00
      33143 293.473483  -47.10248  -56.55082     -0.702    1468.95   1008.000    997.203     2.4452     2.4458     0.0006     2.3810     2.3815     0.0006   3.128311   3.128323   0.000018    34.5836    34.5832     3.7996    27.6070    27.6066    34.5837    27.6071    1476.05    1476.05     2.3809  1032.2921    34.7514 0.0000e+00
      33219 293.473520  -47.10248 -9.990e-29     -0.261    1468.95   1007.000    996.213     2.4469     2.4468    -0.0001     2.3827     2.3826    -0.0001   3.128391   3.128356  -0.000040    34.5833    34.5829     3.8012    27.6066    27.6064    34.5834    27.6067    1476.04    1476.04     2.3826  1032.2870    34.7512 0.0000e+00
      33240 293.473529  -47.10249 -9.990e-29     -0.809    1468.95   1006.000    995.230     2.4470     2.4473     0.0003     2.3829     2.3832     0.0003   3.128354   3.128330  -0.000017    34.5832    34.5827     3.7983    27.6066    27.6061    34.5833    27.6066    1476.02    1476.02     2.3828  1032.2824    34.7511 0.0000e+00
      33260 293.473539  -47.10250 -9.990e-29     -1.113    1468.95   1005.000    994.243     2.4475     2.4482     0.0007     2.3834     2.3841     0.0007   3.128336   3.128343   0.000005    34.5830    34.5824     3.7991    27.6063    27.6058    34.5831    27.6064    1476.01    1476.01     2.3833  1032.2776    34.7509 0.0000e+00
      33282 293.473550  -47.10250  -56.55084     -1.136    1468.95   1004.000    993.260     2.4476     2.4482     0.0005     2.3837     2.3842     0.0005   3.128321   3.128310  -0.000007    34.5831    34.5825     3.8001    27.6064    27.6059    34.5833    27.6065    1475.99    1476.00     2.3836  1032.2731    34.7510 0.0000e+00
      33324 293.473570  -47.10251  -56.55084     -0.639    1468.95   1003.000    992.269     2.4486     2.4480    -0.0006     2.3847     2.3841    -0.0006   3.128367   3.128265  -0.000086    34.5831    34.5827     3.7940    27.6063    27.6061    34.5834    27.6065    1475.98    1475.98     2.3846  1032.2684    34.7511 0.0000e+00
      33370 293.473592  -47.10252  -56.55084     -0.499    1468.95   1002.000    991.282     2.4546     2.4511    -0.0036     2.3907     2.3872    -0.0035   3.128815   3.128482  -0.000336    34.5826    34.5823     3.8006    27.6054    27.6055    34.5829    27.6057    1475.99    1475.98     2.3906  1032.2628    34.7506 0.0000e+00
      33395 293.473604  -47.10252  -56.55084     -0.805    1468.95   1001.000    990.295     2.4560     2.4550    -0.0009     2.3921     2.3912    -0.0009   3.128934   3.128788  -0.000161    34.5827    34.5817     3.8003    27.6054    27.6047    34.5835    27.6060    1475.98    1475.98     2.3921  1032.2585    34.7512 0.0000e+00
      33416 293.473615  -47.10252  -56.55084     -1.039    1468.95   1000.000    989.308     2.4611     2.4620     0.0009     2.3973     2.3982     0.0009   3.129288   3.129287  -0.000018    34.5823    34.5812     3.8012    27.6046    27.6036    34.5828    27.6050    1475.99    1475.99     2.3972  1032.2528    34.7505 0.0000e+00
      33440 293.473626  -47.10252  -56.55086     -1.070    1468.95    999.000    988.321     2.4632     2.4643     0.0011     2.3995     2.4006     0.0011   3.129411   3.129428   0.000021    34.5822    34.5812     3.8034    27.6043    27.6035    34.5826    27.6047    1475.98    1475.98     2.3994  1032.2478    34.7503 0.0000e+00
      33506 293.473658  -47.10254  -56.55085     -0.346    1468.95    998.000    987.335     2.4657     2.4617    -0.0040     2.4020     2.3981    -0.0039   3.129546   3.129213  -0.000324    34.5816    34.5819     3.8051    27.6036    27.6042    34.5821    27.6041    1475.97    1475.95     2.4019  1032.2425    34.7498 0.0000e+00
      33558 293.473683  -47.10254  -56.55086     -0.532    1468.95    997.000    986.347     2.4710     2.4710     0.0000     2.4074     2.4073     0.0000   3.129917   3.129861  -0.000079    34.5813    34.5804     3.8030    27.6030    27.6022    34.5815    27.6032    1475.98    1475.97     2.4073  1032.2368    34.7492 0.0000e+00
      33580 293.473694  -47.10256  -56.55086     -0.903    1468.95    996.000    985.360     2.4713     2.4709    -0.0004     2.4077     2.4073    -0.0004   3.129965   3.129846  -0.000120    34.5817    34.5806     3.8055    27.6032    27.6024    34.5823    27.6037    1475.96    1475.96     2.4076  1032.2328    34.7500 0.0000e+00
      33616 293.473711  -47.10256  -56.55086     -0.751    1468.95    995.000    984.374     2.4728     2.4728     0.0001     2.4093     2.4093     0.0001   3.130005   3.129960  -0.000046    34.5814    34.5807     3.8065    27.6029    27.6024    34.5817    27.6032    1475.95    1475.95     2.4092  1032.2276    34.7494 0.0000e+00
      33682 293.473743  -47.10256  -56.55086     -0.238    1468.95    994.000    983.384     2.4746     2.4732    -0.0015     2.4112     2.4097    -0.0015   3.130097   3.129945  -0.000145    34.5810    34.5808     3.8059    27.6024    27.6024    34.5814    27.6028    1475.94    1475.94     2.4111  1032.2226    34.7491 0.0000e+00
      33705 293.473754  -47.10256  -56.55086     -0.735    1468.95    993.000    982.399     2.4757     2.4751    -0.0005     2.4123     2.4117    -0.0005   3.130140   3.130050  -0.000096    34.5811    34.5805     3.8077    27.6024    27.6020    34.5814    27.6026    1475.93    1475.93     2.4122  1032.2178    34.7490 0.0000e+00
      33725 293.473763  -47.10258  -56.55088     -1.062    1468.95    992.000    981.413     2.4782     2.4784     0.0002     2.4148     2.4151     0.0002   3.130339   3.130272  -0.000075    34.5811    34.5800     3.8083    27.6022    27.6013    34.5816    27.6026    1475.93    1475.92     2.4148  1032.2131    34.7493 0.0000e+00
      33748 293.473774  -47.10258  -56.55088     -1.142    1468.95    991.000    980.428     2.4805     2.4811     0.0006     2.4172     2.4178     0.0006   3.130430   3.130437   0.000006    34.5804    34.5799     3.8082    27.6015    27.6009    34.5808    27.6018    1475.92    1475.92     2.4171  1032.2076    34.7485 0.0000e+00
      33809 293.473804  -47.10259  -56.55088     -0.311    1468.95    990.000    979.435     2.4799     2.4784    -0.0015     2.4166     2.4152    -0.0015   3.130328   3.130200  -0.000121    34.5804    34.5805     3.8109    27.6015    27.6017    34.5808    27.6018    1475.90    1475.89     2.4166  1032.2031    34.7484 0.0000e+00
      33842 293.473820  -47.10260  -56.55088     -0.652    1468.95    989.000    978.451     2.4831     2.4812    -0.0020     2.4200     2.4180    -0.0020   3.130471   3.130332  -0.000154    34.5793    34.5795     3.8114    27.6003    27.6006    34.5796    27.6005    1475.89    1475.89     2.4199  1032.1971    34.7472 0.0000e+00
      33859 293.473828  -47.10260  -56.55088     -1.082    1468.95    988.000    977.464     2.4838     2.4841     0.0003     2.4207     2.4209     0.0002   3.130472   3.130446  -0.000022    34.5789    34.5784     3.8124    27.6000    27.5995    34.5794    27.6003    1475.88    1475.88     2.4206  1032.1923    34.7470 0.0000e+00
      33877 293.473837  -47.10260  -56.55088     -1.344    1468.95    987.000    976.477     2.4862     2.4868     0.0006     2.4231     2.4237     0.0006   3.130546   3.130534  -0.000028    34.5780    34.5770     3.8086    27.5990    27.5982    34.5783    27.5992    1475.87    1475.87     2.4231  1032.1847    34.7435 0.0000e+00
      33897 293.473846 -9.990e-29  -56.55088     -1.320    1468.95    986.000    975.492     2.4867     2.4875     0.0008     2.4237     2.4245     0.0008   3.130513   3.130528   0.000011    34.5776    34.5769     3.8066    27.5986    27.5980    34.5778    27.5988    1475.86    1475.86     2.4236  1032.1780    34.7410 0.0000e+00
      33948 293.473871 -9.990e-29  -56.55088     -0.487    1468.95    985.000    974.501     2.4865     2.4863    -0.0002     2.4236     2.4234    -0.0002   3.130455   3.130441  -0.000015    34.5776    34.5777     3.8100    27.5987    27.5987    34.5778    27.5988    1475.84    1475.84     2.4235  1032.1734    34.7409 0.0000e+00
      33991 293.473892  -47.10262  -56.55090     -0.556    1468.95    984.000    973.516     2.4881     2.4884     0.0003     2.4253     2.4256     0.0003   3.130463   3.130464   0.000001    34.5765    34.5762     3.8106    27.5977    27.5973    34.5768    27.5978    1475.83    1475.83     2.4252  1032.1714    34.7445 0.0000e+00
      34012 293.473902  -47.10262  -56.55090     -0.927    1468.95    983.000    972.529     2.4880     2.4886     0.0006     2.4252     2.4258     0.0006   3.130418   3.130420  -0.000001    34.5767    34.5760     3.8117    27.5978    27.5972    34.5768    27.5979    1475.81    1475.81     2.4251  1032.1668    34.7444 0.0000e+00
      34034 293.473912  -47.10264  -56.55090     -1.108    1468.95    982.000    971.542     2.4890     2.4897     0.0007     2.4263     2.4270     0.0007   3.130373   3.130388   0.000017    34.5755    34.5750     3.8050    27.5967    27.5963    34.5757    27.5969    1475.80    1475.80     2.4262  1032.1612    34.7433 0.0000e+00
      34060 293.473925  -47.10264  -56.55090     -1.032    1468.95    981.000    970.555     2.4891     2.4898     0.0007     2.4264     2.4271     0.0007   3.130314   3.130338   0.000022    34.5753    34.5749     3.8131    27.5966    27.5962    34.5755    27.5967    1475.78    1475.78     2.4264  1032.1564    34.7431 0.0000e+00
      34101 293.473945 -9.990e-29  -56.55090     -0.596    1468.95    980.000    969.568     2.4888     2.4894     0.0006     2.4262     2.4268     0.0006   3.130263   3.130288   0.000024    34.5756    34.5753     3.8134    27.5968    27.5965    34.5757    27.5969    1475.76    1475.77     2.4261  1032.1483    34.7386 0.0000e+00
      34140 293.473964 -9.990e-29  -56.55090     -0.599    1468.95    979.000    968.581     2.4891     2.4900     0.0009     2.4266     2.4275     0.0009   3.130192   3.130226   0.000032    34.5750    34.5744     3.8097    27.5963    27.5958    34.5750    27.5963    1475.75    1475.75     2.4265  1032.1433    34.7381 0.0000e+00
      34172 293.473979 -9.990e-29  -56.55090     -0.746    1468.95    978.000    967.594     2.4894     2.4904     0.0010     2.4270     2.4279     0.0010   3.130104   3.130114   0.000007    34.5742    34.5732     3.8105    27.5956    27.5948    34.5742    27.5956    1475.73    1475.73     2.4269  1032.1379    34.7372 0.0000e+00
      34201 293.473993 -9.990e-29  -56.55091     -0.794    1468.95    977.000    966.607     2.4897     2.4905     0.0008     2.4273     2.4281     0.0008   3.130019   3.130048   0.000030    34.5733    34.5728     3.8109    27.5949    27.5944    34.5734    27.5949    1475.72    1475.72     2.4272  1032.1327    34.7364 0.0000e+00
      34228 293.474006 -9.990e-29  -56.55092     -0.874    1468.95    976.000    965.620     2.4896     2.4904     0.0008     2.4273     2.4281     0.0008   3.129961   3.129995   0.000031    34.5732    34.5727     3.8125    27.5948    27.5944    34.5733    27.5948    1475.70    1475.70     2.4272  1032.1280    34.7363 0.0000e+00
      34251 293.474017 -9.990e-29  -56.55092     -0.948    1468.95    975.000    964.633     2.4897     2.4904     0.0007     2.4275     2.4282     0.0007   3.129902   3.129929   0.000031    34.5729    34.5725     3.8087    27.5945    27.5942    34.5729    27.5945    1475.68    1475.68     2.4274  1032.1231    34.7359 0.0000e+00
      34271 293.474027  -47.10268  -56.55092     -1.090    1468.95    974.000    963.646     2.4897     2.4907     0.0010     2.4275     2.4286     0.0010   3.129853   3.129863   0.000006    34.5730    34.5720     3.8113    27.5946    27.5937    34.5729    27.5946    1475.67    1475.67     2.4275  1032.1191    34.7367 0.0000e+00
      34287 293.474035  -47.10268  -56.55092     -1.271    1468.95    973.000    962.659     2.4898     2.4910     0.0012     2.4277     2.4289     0.0012   3.129794   3.129810   0.000020    34.5726    34.5715     3.8106    27.5943    27.5933    34.5726    27.5943    1475.65    1475.65     2.4276  1032.1172    34.7401 0.0000e+00
      34304 293.474043  -47.10268  -56.55092     -1.417    1468.95    972.000    961.672     2.4901     2.4911     0.0010     2.4281     2.4291     0.0010   3.129727   3.129757   0.000025    34.5720    34.5712     3.8075    27.5938    27.5931    34.5720    27.5938    1475.63    1475.64     2.4280  1032.1121    34.7395 0.0000e+00
      34321 293.474051  -47.10268  -56.55092     -1.459    1468.95    971.000    960.684     2.4901     2.4912     0.0011     2.4281     2.4293     0.0011   3.129681   3.129694   0.000014    34.5719    34.5709     3.8063    27.5937    27.5928    34.5719    27.5937    1475.62    1475.62     2.4281  1032.1074    34.7394 0.0000e+00
      34342 293.474061  -47.10268  -56.55092     -1.318    1468.95    970.000    959.697     2.4900     2.4909     0.0009     2.4281     2.4290     0.0009   3.129627   3.129653   0.000024    34.5719    34.5712     3.8093    27.5937    27.5931    34.5719    27.5937    1475.60    1475.60     2.4280  1032.1028    34.7395 0.0000e+00
      34375 293.474077  -47.10268  -56.55092     -0.816    1468.95    969.000    958.710     2.4902     2.4908     0.0005     2.4284     2.4290     0.0005   3.129562   3.129608   0.000049    34.5714    34.5714     3.8073    27.5932    27.5932    34.5714    27.5933    1475.58    1475.59     2.4283  1032.0978    34.7389 0.0000e+00
      34410 293.474094  -47.10270  -56.55093     -0.656    1468.95    968.000    957.723     2.4905     2.4912     0.0007     2.4288     2.4295     0.0007   3.129485   3.129525   0.000035    34.5708    34.5704     3.8035    27.5927    27.5924    34.5706    27.5926    1475.57    1475.57     2.4287  1032.0925    34.7381 0.0000e+00
      34434 293.474105  -47.10270  -56.55094     -0.872    1468.95    967.000    956.736     2.4918     2.4927     0.0009     2.4302     2.4311     0.0009   3.129361   3.129389   0.000031    34.5683    34.5677     3.8059    27.5907    27.5901    34.5683    27.5906    1475.55    1475.56     2.4301  1032.0859    34.7358 0.0000e+00
      34456 293.474116  -47.10270  -56.55094     -1.041    1468.95    966.000    955.749     2.4927     2.4935     0.0008     2.4311     2.4319     0.0008   3.129246   3.129285   0.000040    34.5664    34.5660     3.8007    27.5890    27.5887    34.5664    27.5891    1475.54    1475.54     2.4310  1032.0798    34.7339 0.0000e+00
      34479 293.474127  -47.10270  -56.55094     -1.079    1468.95    965.000    954.762     2.4927     2.4935     0.0008     2.4312     2.4320     0.0007   3.129184   3.129219   0.000036    34.5661    34.5658     3.8019    27.5888    27.5885    34.5662    27.5888    1475.52    1475.52     2.4311  1032.0749    34.7336 0.0000e+00
