Pos-Processados/process_op42/Processamento_split/up/uoperantar42_028.cnv
* Sea-Bird SBE 9 Data File:
* FileName = C:\Users\Hidrografia\Desktop\OPXLII\Brutos\OP42028.hdr
* Software Version Seasave V 7.26.7.107
* Temperature SN = 6502
* Conductivity SN = 4998
* Number of Bytes Per Scan = 37
* Number of Voltage Words = 4
* Number of Scans Averaged by the Deck Unit = 1
* NMEA Latitude = 62 18.54 S
* NMEA Longitude = 058 32.92 W
* NMEA UTC (Time) = Nov 08 2023 22:59:21
* NMEA baud rate = 4800
** H41
** NPOALTEMAXIMIANO
** NUMERO DA ESTACAO (XXX) 028
** LAT (XX XX.XX S/N) 62 18.530 S
** LONG (XXX XX.XX W/E) 058 32.937 W
** DATAHORA (dd/mm/aaaa hh:mm Z) 08/11/2023 2258Z
** PROFUNDIDADE (m) 339
** OPERADOR CT FABIREZA
# nquan = 30
# nvalues = 374                         
# units = specified
# name 0 = scan: Scan Count
# name 1 = timeJ: Julian Days
# name 2 = latitude: Latitude [deg]
# name 3 = longitude: Longitude [deg]
# name 4 = dz/dtM: Descent Rate [m/s]
# name 5 = avgsvCM: Average Sound Velocity [Chen-Millero, m/s]
# name 6 = prDM: Pressure, Digiquartz [db]
# name 7 = depSM: Depth [salt water, m]
# name 8 = t090C: Temperature [ITS-90, deg C]
# name 9 = t190C: Temperature, 2 [ITS-90, deg C]
# name 10 = T2-T190C: Temperature Difference, 2 - 1 [ITS-90, deg C]
# name 11 = potemp090C: Potential Temperature [ITS-90, deg C]
# name 12 = potemp190C: Potential Temperature, 2 [ITS-90, deg C]
# name 13 = potemp90Cdiff: Potential Temperature, Diff, 2 - 1 [ITS-90, deg C]
# name 14 = c0S/m: Conductivity [S/m]
# name 15 = c1S/m: Conductivity, 2 [S/m]
# name 16 = C2-C1S/m: Conductivity Difference, 2 - 1 [S/m]
# name 17 = sal00: Salinity, Practical [PSU]
# name 18 = sal11: Salinity, Practical, 2 [PSU]
# name 19 = sbeox0ML/L: Oxygen, SBE 43 [ml/l]
# name 20 = sigma-é00: Density [sigma-theta, kg/m^3]
# name 21 = sigma-é11: Density, 2 [sigma-theta, kg/m^3]
# name 22 = sal00: Salinity, Practical [PSU]
# name 23 = sigma-é00: Density [sigma-theta, kg/m^3]
# name 24 = svCM: Sound Velocity [Chen-Millero, m/s]
# name 25 = svCM1: Sound Velocity, 2 [Chen-Millero, m/s]
# name 26 = gsw_ptA0: potential temperature [ITS-90, deg C]
# name 27 = gsw_densityA0: density, TEOS-10 [density, kg/m^3]
# name 28 = gsw_saA0: Absolute Salinity [g/kg]
# name 29 = flag:
# span 0 =      16118,      31078       
# span 1 = 312.965654, 312.972869       
# span 2 =  -62.31664,  -62.31305       
# span 3 =  -58.54598,  -58.54422       
# span 4 =     -1.196,     -0.127       
# span 5 =    1448.73,    1448.73       
# span 6 =      1.000,    374.000       
# span 7 =      1.101,    370.071       
# span 8 =    -0.6392,    -0.0546       
# span 9 =    -0.6377,    -0.0356       
# span 10 =    -0.0062,     0.0505      
# span 11 =    -0.6430,    -0.0687      
# span 12 =    -0.6415,    -0.0498      
# span 13 =    -0.0062,     0.0504      
# span 14 =   2.803185,   2.875263      
# span 15 =   2.803173,   2.876869      
# span 16 =  -0.000524,   0.005327      
# span 17 =    34.2960,    34.4586      
# span 18 =    34.2951,    34.4585      
# span 19 =     6.0227,     7.4737      
# span 20 =    27.5648,    27.6727      
# span 21 =    27.5641,    27.6717      
# span 22 =    34.2957,    34.4576      
# span 23 =    27.5645,    27.6720      
# span 24 =    1445.61,    1454.25      
# span 25 =    1445.61,    1454.34      
# span 26 =    -0.6429,    -0.0685      
# span 27 =  1027.5751,  1029.4535      
# span 28 =    34.4585,    34.6255      
# span 29 = 0.0000e+00, 0.0000e+00      
# interval = decibars: 1                
# start_time = Nov 08 2023 22:59:21 [NMEA time, header]
# bad_flag = -9.990e-29
*END*
      16118 312.965654  -62.31305  -58.54598     -0.127    1448.73    374.000    370.071    -0.0546    -0.0356     0.0190    -0.0687    -0.0498     0.0189   2.875263   2.876869   0.001608    34.4586    34.4585     6.0227    27.6727    27.6717    34.4576    27.6720    1454.25    1454.34    -0.0685  1029.4535    34.6255 0.0000e+00
      16382 312.965782  -62.31312  -58.54595     -0.234    1448.73    373.000    369.079    -0.0740    -0.0708     0.0032    -0.0880    -0.0849     0.0031   2.873369   2.873605   0.000224    34.4559    34.4553     6.0689    27.6716    27.6709    34.4549    27.6708    1454.14    1454.16    -0.0878  1029.4483    34.6234 0.0000e+00
      16542 312.965859  -62.31316  -58.54592     -0.204    1448.73    372.000    368.093    -0.1100    -0.0956     0.0144    -0.1239    -0.1095     0.0144   2.869996   2.871337   0.001335    34.4527    34.4542     6.0835    27.6708    27.6713    34.4514    27.6697    1453.96    1454.03    -0.1237  1029.4430    34.6198 0.0000e+00
      16633 312.965903  -62.31319  -58.54591     -0.244    1448.73    371.000    367.110    -0.1157    -0.1159    -0.0002    -0.1295    -0.1297    -0.0002   2.869412   2.869434   0.000049    34.4513    34.4522     6.1140    27.6699    27.6707    34.4505    27.6693    1453.91    1453.91    -0.1293  1029.4379    34.6190 0.0000e+00
      16721 312.965945  -62.31320  -58.54589     -0.351    1448.73    370.000    366.115    -0.1228    -0.1214     0.0014    -0.1365    -0.1351     0.0014   2.868723   2.868894   0.000147    34.4512    34.4516     6.1314    27.6702    27.6705    34.4500    27.6693    1453.86    1453.87    -0.1363  1029.4332    34.6185 0.0000e+00
      16762 312.965965  -62.31322  -58.54588     -0.575    1448.73    369.000    365.129    -0.1447    -0.1473    -0.0026    -0.1583    -0.1609    -0.0026   2.866732   2.866452  -0.000196    34.4509    34.4512     6.1236    27.6711    27.6714    34.4488    27.6694    1453.74    1453.73    -0.1581  1029.4288    34.6172 0.0000e+00
      16799 312.965983  -62.31323  -58.54588     -0.635    1448.73    368.000    364.140    -0.1524    -0.1547    -0.0022    -0.1660    -0.1682    -0.0022   2.866023   2.865812  -0.000257    34.4504    34.4495     6.1330    27.6711    27.6705    34.4487    27.6697    1453.69    1453.68    -0.1658  1029.4245    34.6171 0.0000e+00
      16833 312.965999  -62.31324  -58.54588     -0.697    1448.73    367.000    363.152    -0.1571    -0.1562     0.0008    -0.1706    -0.1698     0.0008   2.865523   2.865570   0.000061    34.4495    34.4493     6.1408    27.6705    27.6704    34.4479    27.6693    1453.65    1453.66    -0.1704  1029.4194    34.6163 0.0000e+00
      16870 312.966017  -62.31325  -58.54587     -0.672    1448.73    366.000    362.163    -0.1665    -0.1643     0.0022    -0.1799    -0.1777     0.0022   2.864644   2.864768   0.000102    34.4489    34.4478     6.1630    27.6705    27.6696    34.4474    27.6693    1453.59    1453.60    -0.1797  1029.4148    34.6158 0.0000e+00
      16906 312.966034  -62.31326  -58.54586     -0.648    1448.73    365.000    361.174    -0.1754    -0.1748     0.0006    -0.1887    -0.1881     0.0006   2.863510   2.863655   0.000063    34.4466    34.4467     6.1703    27.6691    27.6692    34.4429    27.6661    1453.53    1453.53    -0.1885  1029.4070    34.6113 0.0000e+00
      16935 312.966048  -62.31327  -58.54586     -0.773    1448.73    364.000    360.186    -0.2230    -0.1971     0.0260    -0.2362    -0.2103     0.0259   2.858570   2.861264   0.002600    34.4375    34.4429     6.1940    27.6641    27.6672    34.4314    27.6592    1453.28    1453.41    -0.2360  1029.3960    34.5998 0.0000e+00
      16970 312.966065  -62.31328  -58.54586     -0.732    1448.73    363.000    359.199    -0.2397    -0.2154     0.0242    -0.2527    -0.2286     0.0242   2.857199   2.859655   0.002326    34.4358    34.4395     6.1990    27.6636    27.6653    34.4326    27.6609    1453.19    1453.30    -0.2525  1029.3932    34.6009 0.0000e+00
      17019 312.966089  -62.31328  -58.54585     -0.471    1448.73    362.000    358.207    -0.2692    -0.2187     0.0505    -0.2822    -0.2318     0.0504   2.853604   2.859005   0.005327    34.4245    34.4385     6.2993    27.6558    27.6647    34.4186    27.6511    1453.01    1453.27    -0.2819  1029.3789    34.5869 0.0000e+00
      17058 312.966108  -62.31330  -58.54584     -0.596    1448.73    361.000    357.220    -0.3209    -0.3003     0.0206    -0.3336    -0.3131     0.0205   2.848518   2.850743   0.002287    34.4166    34.4238     6.3445    27.6519    27.6568    34.4096    27.6463    1452.75    1452.85    -0.3334  1029.3700    34.5778 0.0000e+00
      17087 312.966122  -62.31330  -58.54583     -0.774    1448.73    360.000    356.231    -0.3482    -0.3361     0.0121    -0.3608    -0.3487     0.0121   2.845764   2.847096   0.001392    34.4098    34.4148     6.3832    27.6477    27.6512    34.4043    27.6432    1452.59    1452.66    -0.3606  1029.3626    34.5725 0.0000e+00
      17114 312.966135  -62.31332  -58.54582     -0.854    1448.73    359.000    355.242    -0.3637    -0.3496     0.0141    -0.3763    -0.3622     0.0141   2.844201   2.845695   0.001518    34.4073    34.4117     6.4389    27.6465    27.6493    34.4015    27.6417    1452.50    1452.57    -0.3761  1029.3565    34.5697 0.0000e+00
      17141 312.966148  -62.31332  -58.54582     -0.898    1448.73    358.000    354.254    -0.3771    -0.3600     0.0171    -0.3896    -0.3725     0.0170   2.842941   2.844641   0.001653    34.4052    34.4080     6.5249    27.6453    27.6468    34.4004    27.6414    1452.42    1452.51    -0.3893  1029.3517    34.5685 0.0000e+00
      17167 312.966160  -62.31332  -58.54582     -0.923    1448.73    357.000    353.265    -0.3937    -0.3801     0.0136    -0.4060    -0.3925     0.0135   2.841090   2.842489   0.001508    34.4002    34.4050     6.5829    27.6421    27.6453    34.3949    27.6378    1452.32    1452.39    -0.4058  1029.3435    34.5631 0.0000e+00
      17196 312.966174  -62.31334  -58.54582     -0.866    1448.73    356.000    352.276    -0.3998    -0.3917     0.0082    -0.4121    -0.4040     0.0081   2.840592   2.841412   0.000781    34.3993    34.4005     6.6206    27.6416    27.6422    34.3958    27.6388    1452.28    1452.32    -0.4119  1029.3398    34.5639 0.0000e+00
      17229 312.966190  -62.31334  -58.54582     -0.732    1448.73    355.000    351.288    -0.3982    -0.3757     0.0224    -0.4104    -0.3881     0.0224   2.840704   2.842690   0.002045    34.3994    34.4014     6.6766    27.6416    27.6422    34.3960    27.6389    1452.27    1452.37    -0.4102  1029.3351    34.5642 0.0000e+00
      17262 312.966206  -62.31336  -58.54580     -0.715    1448.73    354.000    350.299    -0.4167    -0.4111     0.0056    -0.4289    -0.4233     0.0056   2.838685   2.839309   0.000624    34.3945    34.3965     6.7064    27.6385    27.6399    34.3906    27.6353    1452.16    1452.19    -0.4287  1029.3271    34.5587 0.0000e+00
      17293 312.966221  -62.31336  -58.54580     -0.766    1448.73    353.000    349.310    -0.4278    -0.4183     0.0095    -0.4399    -0.4304     0.0095   2.837507   2.838463   0.000974    34.3920    34.3943     6.7131    27.6370    27.6384    34.3879    27.6337    1452.09    1452.13    -0.4397  1029.3208    34.5560 0.0000e+00
      17323 312.966235  -62.31337  -58.54580     -0.806    1448.73    352.000    348.322    -0.4388    -0.4301     0.0087    -0.4509    -0.4421     0.0087   2.836365   2.837272   0.000888    34.3891    34.3911     6.7230    27.6352    27.6364    34.3857    27.6324    1452.02    1452.06    -0.4506  1029.3149    34.5537 0.0000e+00
      17350 312.966249  -62.31338  -58.54580     -0.855    1448.73    351.000    347.333    -0.4463    -0.4418     0.0045    -0.4583    -0.4538     0.0045   2.835619   2.836035   0.000481    34.3876    34.3889     6.7357    27.6343    27.6352    34.3847    27.6320    1451.97    1451.99    -0.4580  1029.3098    34.5528 0.0000e+00
      17379 312.966262  -62.31340  -58.54578     -0.855    1448.73    350.000    346.344    -0.4483    -0.4448     0.0034    -0.4602    -0.4568     0.0034   2.835379   2.835664   0.000320    34.3868    34.3872     6.7749    27.6337    27.6339    34.3843    27.6317    1451.94    1451.96    -0.4600  1029.3049    34.5524 0.0000e+00
      17410 312.966277  -62.31340  -58.54578     -0.786    1448.73    349.000    345.355    -0.4495    -0.4477     0.0017    -0.4613    -0.4596     0.0017   2.835250   2.835394   0.000165    34.3864    34.3867     6.7826    27.6335    27.6336    34.3846    27.6320    1451.92    1451.92    -0.4611  1029.3004    34.5526 0.0000e+00
      17438 312.966291  -62.31341  -58.54578     -0.810    1448.73    348.000    344.367    -0.4505    -0.4492     0.0014    -0.4624    -0.4610     0.0014   2.835043   2.835173   0.000153    34.3854    34.3859     6.8029    27.6327    27.6331    34.3836    27.6312    1451.89    1451.90    -0.4621  1029.2949    34.5517 0.0000e+00
      17465 312.966304  -62.31342  -58.54577     -0.889    1448.73    347.000    343.378    -0.4521    -0.4505     0.0016    -0.4639    -0.4623     0.0016   2.834849   2.834967   0.000138    34.3849    34.3850     6.8191    27.6324    27.6324    34.3834    27.6312    1451.87    1451.88    -0.4637  1029.2901    34.5515 0.0000e+00
      17496 312.966319  -62.31342  -58.54576     -0.817    1448.73    346.000    342.389    -0.4514    -0.4484     0.0030    -0.4632    -0.4602     0.0030   2.834880   2.835143   0.000241    34.3850    34.3847     6.8116    27.6324    27.6321    34.3836    27.6313    1451.86    1451.87    -0.4630  1029.2855    34.5517 0.0000e+00
      17528 312.966335  -62.31344  -58.54576     -0.714    1448.73    345.000    341.400    -0.4547    -0.4513     0.0034    -0.4664    -0.4630     0.0034   2.834490   2.834811   0.000352    34.3841    34.3850     6.8211    27.6318    27.6324    34.3827    27.6307    1451.83    1451.84    -0.4662  1029.2802    34.5507 0.0000e+00
      17553 312.966347  -62.31344  -58.54576     -0.870    1448.73    344.000    340.412    -0.4581    -0.4561     0.0020    -0.4697    -0.4678     0.0020   2.834092   2.834262   0.000199    34.3832    34.3836     6.8177    27.6312    27.6315    34.3818    27.6301    1451.79    1451.80    -0.4695  1029.2749    34.5498 0.0000e+00
      17579 312.966359  -62.31344  -58.54576     -0.962    1448.73    343.000    339.423    -0.4615    -0.4603     0.0012    -0.4732    -0.4720     0.0012   2.833733   2.833809   0.000092    34.3826    34.3825     6.8042    27.6309    27.6308    34.3815    27.6301    1451.76    1451.76    -0.4729  1029.2701    34.5496 0.0000e+00
      17611 312.966375  -62.31346  -58.54575     -0.796    1448.73    342.000    338.434    -0.4627    -0.4568     0.0059    -0.4742    -0.4684     0.0059   2.833577   2.834144   0.000537    34.3823    34.3828     6.8217    27.6307    27.6309    34.3813    27.6299    1451.74    1451.77    -0.4741  1029.2653    34.5494 0.0000e+00
      17645 312.966391  -62.31346  -58.54574     -0.702    1448.73    341.000    337.445    -0.4652    -0.4602     0.0050    -0.4768    -0.4718     0.0050   2.833216   2.833693   0.000494    34.3813    34.3822     6.8285    27.6300    27.6306    34.3800    27.6290    1451.71    1451.73    -0.4765  1029.2596    34.5480 0.0000e+00
      17677 312.966406  -62.31348  -58.54574     -0.756    1448.73    340.000    336.457    -0.4729    -0.4672     0.0056    -0.4843    -0.4787     0.0056   2.832448   2.832968   0.000486    34.3805    34.3806     6.8434    27.6297    27.6295    34.3789    27.6284    1451.65    1451.68    -0.4841  1029.2544    34.5469 0.0000e+00
      17714 312.966424  -62.31348  -58.54574     -0.669    1448.73    339.000    335.468    -0.4813    -0.4693     0.0120    -0.4927    -0.4808     0.0120   2.831694   2.832704   0.000975    34.3800    34.3795     6.8502    27.6297    27.6288    34.3790    27.6289    1451.60    1451.65    -0.4925  1029.2520    34.5492 0.0000e+00
      17751 312.966442  -62.31350 -9.990e-29     -0.629    1448.73    338.000    334.479    -0.4812    -0.4758     0.0054    -0.4926    -0.4872     0.0054   2.831482   2.831974   0.000564    34.3778    34.3793     6.8438    27.6280    27.6289    34.3766    27.6269    1451.58    1451.60    -0.4924  1029.2455    34.5471 0.0000e+00
      17783 312.966458  -62.31350  -58.54572     -0.728    1448.73    337.000    333.491    -0.4877    -0.4865     0.0013    -0.4991    -0.4978     0.0013   2.830806   2.830889   0.000096    34.3766    34.3765     6.8762    27.6273    27.6271    34.3755    27.6264    1451.53    1451.54    -0.4988  1029.2401    34.5458 0.0000e+00
      17818 312.966474  -62.31352  -58.54572     -0.694    1448.73    336.000    332.502    -0.4874    -0.4865     0.0009    -0.4987    -0.4978     0.0009   2.830823   2.830851   0.000043    34.3766    34.3761     6.8816    27.6272    27.6268    34.3760    27.6267    1451.52    1451.52    -0.4985  1029.2338    34.5439 0.0000e+00
      17848 312.966489  -62.31352  -58.54570     -0.747    1448.73    335.000    331.513    -0.4865    -0.4870    -0.0004    -0.4978    -0.4982    -0.0004   2.830878   2.830759  -0.000094    34.3767    34.3759     6.8964    27.6273    27.6267    34.3763    27.6270    1451.50    1451.50    -0.4976  1029.2294    34.5444 0.0000e+00
      17875 312.966502  -62.31353  -58.54570     -0.883    1448.73    334.000    330.524    -0.4852    -0.4857    -0.0005    -0.4964    -0.4969    -0.0005   2.830953   2.830851  -0.000114    34.3770    34.3760     6.9114    27.6274    27.6267    34.3764    27.6270    1451.49    1451.49    -0.4962  1029.2246    34.5444 0.0000e+00
      17903 312.966515  -62.31354  -58.54570     -0.868    1448.73    333.000    329.535    -0.4867    -0.4850     0.0016    -0.4978    -0.4962     0.0016   2.830765   2.830860   0.000101    34.3767    34.3762     6.9078    27.6273    27.6268    34.3762    27.6269    1451.47    1451.48    -0.4977  1029.2198    34.5442 0.0000e+00
      17932 312.966529  -62.31354  -58.54568     -0.830    1448.73    332.000    328.546    -0.4872    -0.4861     0.0012    -0.4984    -0.4972     0.0012   2.830670   2.830708   0.000045    34.3766    34.3759     6.8959    27.6272    27.6266    34.3761    27.6269    1451.45    1451.46    -0.4981  1029.2150    34.5442 0.0000e+00
      17959 312.966542  -62.31356  -58.54568     -0.866    1448.73    331.000    327.558    -0.4884    -0.4869     0.0014    -0.4995    -0.4980     0.0014   2.830481   2.830580   0.000095    34.3760    34.3757     6.8986    27.6268    27.6265    34.3755    27.6264    1451.43    1451.44    -0.4993  1029.2098    34.5435 0.0000e+00
      17986 312.966555  -62.31356  -58.54568     -0.900    1448.73    330.000    326.569    -0.4901    -0.4883     0.0018    -0.5011    -0.4993     0.0018   2.830265   2.830382   0.000124    34.3756    34.3752     6.8885    27.6265    27.6261    34.3751    27.6261    1451.41    1451.41    -0.5009  1029.2048    34.5431 0.0000e+00
      18013 312.966568  -62.31357  -58.54567     -0.908    1448.73    329.000    325.580    -0.4905    -0.4893     0.0012    -0.5015    -0.5003     0.0012   2.830179   2.830232   0.000059    34.3754    34.3748     6.8918    27.6264    27.6259    34.3751    27.6261    1451.39    1451.39    -0.5013  1029.2001    34.5431 0.0000e+00
      18041 312.966582  -62.31358  -58.54567     -0.849    1448.73    328.000    324.591    -0.4941    -0.4904     0.0037    -0.5051    -0.5014     0.0037   2.829653   2.830055   0.000333    34.3743    34.3746     6.9071    27.6257    27.6258    34.3727    27.6244    1451.35    1451.37    -0.5049  1029.1936    34.5407 0.0000e+00
      18072 312.966597  -62.31358  -58.54567     -0.806    1448.73    327.000    323.602    -0.5166    -0.5036     0.0130    -0.5274    -0.5145     0.0129   2.827246   2.828585   0.001319    34.3697    34.3728     6.9119    27.6229    27.6248    34.3664    27.6203    1451.22    1451.29    -0.5272  1029.1850    34.5343 0.0000e+00
