Pos-Processados/process_op42/Processamento_split/up/uoperantar42_028.cnv
* Sea-Bird SBE 9 Data File:
* FileName = C:\Users\Hidrografia\Desktop\OPXLII\Brutos\OP42028.hdr
* Software Version Seasave V 7.26.7.107
* Temperature SN = 6502
* Conductivity SN = 4998
* Number of Bytes Per Scan = 37
* Number of Voltage Words = 4
* Number of Scans Averaged by the Deck Unit = 1
* NMEA Latitude = 62 18.54 S
* NMEA Longitude = 058 32.92 W
* NMEA UTC (Time) = Nov 08 2023 22:59:21
* NMEA baud rate = 4800
** H41
** NPOALTEMAXIMIANO
** NUMERO DA ESTACAO (XXX) 028
** LAT (XX XX.XX S/N) 62 18.530 S
** LONG (XXX XX.XX W/E) 058 32.937 W
** DATAHORA (dd/mm/aaaa hh:mm Z) 08/11/2023 2258Z
** PROFUNDIDADE (m) 339
** OPERADOR CT FABIREZA
# nquan = 30
# nvalues = 374                         
# units = specified
# name 0 = scan: Scan Count
# name 1 = timeJ: Julian Days
# name 2 = latitude: Latitude [deg]
# name 3 = longitude: Longitude [deg]
# name 4 = dz/dtM: Descent Rate [m/s]
# name 5 = avgsvCM: Average Sound Velocity [Chen-Millero, m/s]
# name 6 = prDM: Pressure, Digiquartz [db]
# name 7 = depSM: Depth [salt water, m]
# name 8 = t090C: Temperature [ITS-90, deg C]
# name 9 = t190C: Temperature, 2 [ITS-90, deg C]
# name 10 = T2-T190C: Temperature Difference, 2 - 1 [ITS-90, deg C]
# name 11 = potemp090C: Potential Temperature [ITS-90, deg C]
# name 12 = potemp190C: Potential Temperature, 2 [ITS-90, deg C]
# name 13 = potemp90Cdiff: Potential Temperature, Diff, 2 - 1 [ITS-90, deg C]
# name 14 = c0S/m: Conductivity [S/m]
# name 15 = c1S/m: Conductivity, 2 [S/m]
# name 16 = C2-C1S/m: Conductivity Difference, 2 - 1 [S/m]
# name 17 = sal00: Salinity, Practical [PSU]
# name 18 = sal11: Salinity, Practical, 2 [PSU]
# name 19 = sbeox0ML/L: Oxygen, SBE 43 [ml/l]
# name 20 = sigma-é00: Density [sigma-theta, kg/m^3]
# name 21 = sigma-é11: Density, 2 [sigma-theta, kg/m^3]
# name 22 = sal00: Salinity, Practical [PSU]
# name 23 = sigma-é00: Density [sigma-theta, kg/m^3]
# name 24 = svCM: Sound Velocity [Chen-Millero, m/s]
# name 25 = svCM1: Sound Velocity, 2 [Chen-Millero, m/s]
# name 26 = gsw_ptA0: potential temperature [ITS-90, deg C]
# name 27 = gsw_densityA0: density, TEOS-10 [density, kg/m^3]
# name 28 = gsw_saA0: Absolute Salinity [g/kg]
# name 29 = flag:
# span 0 =      16118,      31078       
# span 1 = 312.965654, 312.972869       
# span 2 =  -62.31664,  -62.31305       
# span 3 =  -58.54598,  -58.54422       
# span 4 =     -1.196,     -0.127       
# span 5 =    1448.73,    1448.73       
# span 6 =      1.000,    374.000       
# span 7 =      1.101,    370.071       
# span 8 =    -0.6392,    -0.0546       
# span 9 =    -0.6377,    -0.0356       
# span 10 =    -0.0062,     0.0505      
# span 11 =    -0.6430,    -0.0687      
# span 12 =    -0.6415,    -0.0498      
# span 13 =    -0.0062,     0.0504      
# span 14 =   2.803185,   2.875263      
# span 15 =   2.803173,   2.876869      
# span 16 =  -0.000524,   0.005327      
# span 17 =    34.2960,    34.4586      
# span 18 =    34.2951,    34.4585      
# span 19 =     6.0227,     7.4737      
# span 20 =    27.5648,    27.6727      
# span 21 =    27.5641,    27.6717      
# span 22 =    34.2957,    34.4576      
# span 23 =    27.5645,    27.6720      
# span 24 =    1445.61,    1454.25      
# span 25 =    1445.61,    1454.34      
# span 26 =    -0.6429,    -0.0685      
# span 27 =  1027.5751,  1029.4535      
# span 28 =    34.4585,    34.6255      
# span 29 = 0.0000e+00, 0.0000e+00      
# interval = decibars: 1                
# start_time = Nov 08 2023 22:59:21 [NMEA time, header]
# bad_flag = -9.990e-29
*END*
[from data line 242]
      23784 312.969351  -62.31498  -58.54482     -0.724    1448.73    132.000    130.690    -0.6280    -0.6267     0.0013    -0.6320    -0.6307     0.0013   2.805042   2.805092   0.000060    34.3136    34.3129     7.1822    27.5822    27.5815    34.3131    27.5817    1447.45    1447.46    -0.6319  1028.2183    34.4799 0.0000e+00
      23819 312.969368  -62.31498  -58.54482     -0.693    1448.73    131.000    129.700    -0.6298    -0.6284     0.0014    -0.6338    -0.6323     0.0014   2.804795   2.804861   0.000054    34.3131    34.3122     7.1939    27.5818    27.5810    34.3124    27.5812    1447.43    1447.43    -0.6337  1028.2130    34.4792 0.0000e+00
      23858 312.969387  -62.31499  -58.54482     -0.623    1448.73    130.000    128.711    -0.6314    -0.6299     0.0015    -0.6353    -0.6338     0.0015   2.804624   2.804668   0.000047    34.3130    34.3119     7.2019    27.5818    27.5808    34.3125    27.5814    1447.40    1447.41    -0.6352  1028.2084    34.4792 0.0000e+00
      23900 312.969408  -62.31500  -58.54480     -0.566    1448.73    129.000    127.720    -0.6322    -0.6314     0.0009    -0.6361    -0.6353     0.0009   2.804476   2.804467  -0.000006    34.3125    34.3114     7.2076    27.5814    27.5805    34.3121    27.5811    1447.38    1447.38    -0.6360  1028.2033    34.4788 0.0000e+00
      23938 312.969426  -62.31502  -58.54480     -0.629    1448.73    128.000    126.731    -0.6333    -0.6323     0.0009    -0.6372    -0.6362     0.0009   2.804330   2.804329  -0.000003    34.3124    34.3113     7.2104    27.5814    27.5804    34.3119    27.5810    1447.36    1447.36    -0.6371  1028.1985    34.4787 0.0000e+00
      23972 312.969442  -62.31502  -58.54480     -0.690    1448.73    127.000    125.741    -0.6356    -0.6340     0.0016    -0.6395    -0.6378     0.0016   2.804072   2.804139   0.000070    34.3121    34.3112     7.2168    27.5813    27.5805    34.3117    27.5809    1447.33    1447.34    -0.6394  1028.1936    34.4784 0.0000e+00
      24002 312.969457  -62.31502  -58.54479     -0.770    1448.73    126.000    124.751    -0.6374    -0.6362     0.0012    -0.6412    -0.6400     0.0012   2.803834   2.803882   0.000043    34.3116    34.3109     7.2170    27.5810    27.5803    34.3111    27.5805    1447.31    1447.31    -0.6411  1028.1858    34.4746 0.0000e+00
      24029 312.969469 -9.990e-29  -58.54478     -0.868    1448.73    125.000    123.762    -0.6392    -0.6377     0.0015    -0.6430    -0.6415     0.0015   2.803613   2.803686   0.000082    34.3111    34.3105     7.2051    27.5806    27.5801    34.3108    27.5803    1447.28    1447.29    -0.6429  1028.1795    34.4725 0.0000e+00
      24055 312.969482 -9.990e-29  -58.54478     -0.909    1448.73    124.000    122.772    -0.6357    -0.6366    -0.0009    -0.6395    -0.6404    -0.0009   2.803861   2.803699  -0.000141    34.3107    34.3097     7.2031    27.5801    27.5794    34.3108    27.5802    1447.28    1447.28    -0.6394  1028.1746    34.4726 0.0000e+00
      24084 312.969496  -62.31504  -58.54478     -0.860    1448.73    123.000    121.782    -0.6284    -0.6322    -0.0038    -0.6321    -0.6359    -0.0038   2.804391   2.803987  -0.000380    34.3097    34.3090     7.2092    27.5790    27.5786    34.3102    27.5794    1447.30    1447.28    -0.6320  1028.1696    34.4728 0.0000e+00
      24126 312.969516  -62.31505 -9.990e-29     -0.609    1448.73    122.000    120.792    -0.6233    -0.6292    -0.0059    -0.6270    -0.6329    -0.0059   2.804737   2.804184  -0.000524    34.3095    34.3091     7.2113    27.5786    27.5785    34.3098    27.5788    1447.31    1447.28    -0.6269  1028.1684    34.4775 0.0000e+00
      24182 312.969543  -62.31506  -58.54476     -0.397    1448.73    121.000    119.802    -0.6212    -0.6243    -0.0030    -0.6249    -0.6279    -0.0030   2.804877   2.804592  -0.000330    34.3098    34.3088     7.2202    27.5788    27.5781    34.3100    27.5789    1447.30    1447.29    -0.6248  1028.1638    34.4779 0.0000e+00
      24215 312.969559  -62.31506  -58.54476     -0.660    1448.73    120.000    118.813    -0.6230    -0.6215     0.0016    -0.6266    -0.6251     0.0016   2.804690   2.804710   0.000016    34.3101    34.3085     7.2214    27.5790    27.5777    34.3101    27.5791    1447.28    1447.28    -0.6266  1028.1582    34.4767 0.0000e+00
      24242 312.969572  -62.31508  -58.54476     -0.834    1448.73    119.000    117.823    -0.6233    -0.6224     0.0009    -0.6269    -0.6260     0.0009   2.804620   2.804594  -0.000026    34.3098    34.3085     7.2171    27.5789    27.5778    34.3100    27.5790    1447.26    1447.26    -0.6268  1028.1534    34.4767 0.0000e+00
      24266 312.969584  -62.31508  -58.54476     -0.949    1448.73    118.000    116.833    -0.6224    -0.6219     0.0005    -0.6260    -0.6255     0.0005   2.804651   2.804588  -0.000070    34.3099    34.3084     7.2212    27.5789    27.5777    34.3100    27.5790    1447.25    1447.25    -0.6259  1028.1486    34.4767 0.0000e+00
      24290 312.969595  -62.31508  -58.54476     -1.015    1448.73    117.000    115.847    -0.6218    -0.6212     0.0006    -0.6253    -0.6247     0.0006   2.804658   2.804610  -0.000043    34.3099    34.3086     7.2225    27.5788    27.5778    34.3101    27.5790    1447.23    1447.23    -0.6252  1028.1438    34.4767 0.0000e+00
      24317 312.969609  -62.31510  -58.54476     -0.939    1448.73    116.000    114.851    -0.6204    -0.6207    -0.0003    -0.6239    -0.6242    -0.0003   2.804739   2.804618  -0.000119    34.3100    34.3088     7.2146    27.5789    27.5779    34.3102    27.5790    1447.22    1447.22    -0.6238  1028.1391    34.4768 0.0000e+00
      24350 312.969624  -62.31510  -58.54474     -0.757    1448.73    115.000    113.863    -0.6193    -0.6190     0.0003    -0.6228    -0.6225     0.0003   2.804771   2.804705  -0.000072    34.3098    34.3085     7.2141    27.5787    27.5776    34.3101    27.5789    1447.21    1447.21    -0.6227  1028.1341    34.4767 0.0000e+00
      24381 312.969640  -62.31510  -58.54474     -0.739    1448.73    114.000    112.873    -0.6181    -0.6177     0.0004    -0.6215    -0.6211     0.0004   2.804830   2.804774  -0.000054    34.3098    34.3086     7.2212    27.5786    27.5776    34.3101    27.5788    1447.20    1447.20    -0.6215  1028.1293    34.4767 0.0000e+00
      24412 312.969654  -62.31511  -58.54474     -0.800    1448.73    113.000    111.884    -0.6168    -0.6166     0.0001    -0.6202    -0.6200     0.0001   2.804880   2.804807  -0.000069    34.3096    34.3085     7.2203    27.5784    27.5775    34.3098    27.5786    1447.19    1447.19    -0.6201  1028.1206    34.4719 0.0000e+00
      24449 312.969672 -9.990e-29  -58.54474     -0.669    1448.73    112.000    110.894    -0.6158    -0.6159    -0.0001    -0.6192    -0.6193    -0.0001   2.804912   2.804824  -0.000087    34.3096    34.3085     7.2195    27.5784    27.5775    34.3098    27.5785    1447.18    1447.18    -0.6191  1028.1156    34.4716 0.0000e+00
      24491 312.969692  -62.31512  -58.54474     -0.567    1448.73    111.000    109.903    -0.6135    -0.6133     0.0003    -0.6169    -0.6167     0.0003   2.805058   2.804995  -0.000071    34.3096    34.3084     7.2248    27.5783    27.5773    34.3098    27.5784    1447.17    1447.17    -0.6168  1028.1120    34.4732 0.0000e+00
      24527 312.969710  -62.31513  -58.54473     -0.642    1448.73    110.000    108.914    -0.6123    -0.6116     0.0007    -0.6156    -0.6149     0.0007   2.805130   2.805090  -0.000042    34.3098    34.3084     7.2219    27.5783    27.5772    34.3100    27.5785    1447.16    1447.17    -0.6155  1028.1098    34.4766 0.0000e+00
      24556 312.969724  -62.31514  -58.54472     -0.796    1448.73    109.000    107.924    -0.6117    -0.6110     0.0007    -0.6150    -0.6143     0.0007   2.805120   2.805090  -0.000031    34.3097    34.3084     7.2229    27.5782    27.5772    34.3098    27.5784    1447.15    1447.15    -0.6149  1028.1049    34.4764 0.0000e+00
      24586 312.969738  -62.31514  -58.54472     -0.811    1448.73    108.000    106.934    -0.6116    -0.6109     0.0007    -0.6148    -0.6141     0.0007   2.805084   2.805056  -0.000026    34.3097    34.3085     7.2267    27.5782    27.5772    34.3098    27.5784    1447.13    1447.14    -0.6148  1028.0995    34.4756 0.0000e+00
      24621 312.969755 -9.990e-29  -58.54470     -0.721    1448.73    107.000    105.945    -0.6113    -0.6105     0.0007    -0.6145    -0.6138     0.0007   2.805078   2.805035  -0.000047    34.3099    34.3084     7.2232    27.5784    27.5772    34.3100    27.5785    1447.12    1447.12    -0.6145  1028.0917    34.4719 0.0000e+00
      24663 312.969775 -9.990e-29  -58.54470     -0.572    1448.73    106.000    104.955    -0.6109    -0.6102     0.0007    -0.6141    -0.6134     0.0007   2.805051   2.805020  -0.000032    34.3097    34.3085     7.2197    27.5783    27.5772    34.3099    27.5783    1447.11    1447.11    -0.6140  1028.0867    34.4716 0.0000e+00
      24700 312.969793  -62.31518  -58.54470     -0.614    1448.73    105.000    103.965    -0.6104    -0.6097     0.0006    -0.6135    -0.6129     0.0006   2.805047   2.805004  -0.000041    34.3096    34.3084     7.2299    27.5781    27.5771    34.3098    27.5783    1447.09    1447.09    -0.6135  1028.0844    34.4748 0.0000e+00
      24728 312.969807  -62.31518 -9.990e-29     -0.802    1448.73    104.000    102.975    -0.6092    -0.6089     0.0003    -0.6123    -0.6120     0.0003   2.805100   2.805029  -0.000071    34.3096    34.3083     7.2208    27.5781    27.5769    34.3098    27.5782    1447.08    1447.08    -0.6123  1028.0816    34.4773 0.0000e+00
      24757 312.969820  -62.31518 -9.990e-29     -0.853    1448.73    103.000    101.985    -0.6087    -0.6080     0.0008    -0.6118    -0.6111     0.0008   2.805100   2.805053  -0.000046    34.3098    34.3083     7.2216    27.5782    27.5769    34.3099    27.5782    1447.07    1447.07    -0.6117  1028.0769    34.4774 0.0000e+00
      24793 312.969838  -62.31519  -58.54468     -0.700    1448.73    102.000    100.995    -0.6084    -0.6081     0.0003    -0.6115    -0.6112     0.0003   2.805074   2.805002  -0.000075    34.3097    34.3084     7.2282    27.5781    27.5770    34.3098    27.5782    1447.05    1447.05    -0.6114  1028.0717    34.4769 0.0000e+00
      24827 312.969855  -62.31520  -58.54468     -0.667    1448.73    101.000    100.005    -0.6077    -0.6071     0.0006    -0.6108    -0.6102     0.0006   2.805074   2.805031  -0.000040    34.3095    34.3083     7.2295    27.5779    27.5769    34.3097    27.5780    1447.04    1447.04    -0.6107  1028.0662    34.4761 0.0000e+00
      24859 312.969870  -62.31520  -58.54468     -0.757    1448.73    100.000     99.015    -0.6071    -0.6065     0.0006    -0.6102    -0.6096     0.0006   2.805074   2.805027  -0.000048    34.3095    34.3082     7.2246    27.5779    27.5768    34.3096    27.5779    1447.03    1447.03    -0.6101  1028.0614    34.4760 0.0000e+00
      24892 312.969886  -62.31520  -58.54468     -0.727    1448.73     99.000     98.025    -0.6069    -0.6063     0.0006    -0.6099    -0.6092     0.0006   2.805052   2.805011  -0.000036    34.3094    34.3082     7.2368    27.5778    27.5768    34.3096    27.5780    1447.01    1447.01    -0.6098  1028.0537    34.4725 0.0000e+00
      24922 312.969900 -9.990e-29  -58.54468     -0.766    1448.73     98.000     97.035    -0.6030    -0.6046    -0.0016    -0.6060    -0.6076    -0.0016   2.805246   2.805074  -0.000169    34.3082    34.3077     7.2303    27.5767    27.5763    34.3085    27.5769    1447.01    1447.00    -0.6059  1028.0470    34.4703 0.0000e+00
      24950 312.969914 -9.990e-29  -58.54468     -0.852    1448.73     97.000     96.045    -0.6029    -0.6025     0.0004    -0.6059    -0.6054     0.0004   2.805159   2.805127  -0.000033    34.3077    34.3068     7.2297    27.5762    27.5755    34.3078    27.5764    1446.99    1446.99    -0.6058  1028.0417    34.4696 0.0000e+00
      24983 312.969930  -62.31524  -58.54467     -0.775    1448.73     96.000     95.058    -0.5992    -0.6025    -0.0034    -0.6021    -0.6054    -0.0034   2.805337   2.805069  -0.000251    34.3062    34.3066     7.2397    27.5749    27.5753    34.3066    27.5752    1446.99    1446.98    -0.6020  1028.0363    34.4691 0.0000e+00
      25037 312.969956  -62.31524  -58.54466     -0.406    1448.73     95.000     94.064    -0.5940    -0.5974    -0.0033    -0.5969    -0.6003    -0.0033   2.805653   2.805364  -0.000281    34.3050    34.3050     7.2578    27.5737    27.5738    34.3057    27.5742    1447.00    1446.98    -0.5968  1028.0339    34.4723 0.0000e+00
      25078 312.969975  -62.31525  -58.54466     -0.582    1448.73     94.000     93.076    -0.5829    -0.5855    -0.0026    -0.5858    -0.5883    -0.0026   2.806378   2.806082  -0.000290    34.3024    34.3014     7.2652    27.5711    27.5703    34.3035    27.5719    1447.03    1447.02    -0.5857  1028.0265    34.4697 0.0000e+00
      25110 312.969991  -62.31526  -58.54466     -0.740    1448.73     93.000     92.086    -0.5789    -0.5783     0.0005    -0.5817    -0.5811     0.0005   2.806562   2.806501  -0.000080    34.3013    34.2996     7.2780    27.5700    27.5686    34.3019    27.5705    1447.03    1447.03    -0.5816  1028.0203    34.4682 0.0000e+00
      25136 312.970003  -62.31526  -58.54466     -0.837    1448.73     92.000     91.096    -0.5803    -0.5782     0.0021    -0.5831    -0.5810     0.0021   2.806401   2.806452   0.000036    34.3018    34.2999     7.3048    27.5704    27.5688    34.3021    27.5707    1447.01    1447.02    -0.5830  1028.0157    34.4683 0.0000e+00
      25160 312.970015  -62.31526  -58.54466     -0.970    1448.73     91.000     90.106    -0.5791    -0.5786     0.0005    -0.5818    -0.5813     0.0005   2.806452   2.806390  -0.000054    34.3013    34.3000     7.3279    27.5700    27.5689    34.3020    27.5705    1447.00    1447.00    -0.5818  1028.0107    34.4682 0.0000e+00
      25186 312.970028  -62.31528  -58.54466     -0.971    1448.73     90.000     89.116    -0.5752    -0.5772    -0.0019    -0.5780    -0.5799    -0.0019   2.806650   2.806430  -0.000211    34.3003    34.2996     7.3463    27.5690    27.5686    34.3009    27.5695    1447.00    1446.99    -0.5779  1028.0049    34.4671 0.0000e+00
      25223 312.970045  -62.31528  -58.54464     -0.702    1448.73     89.000     88.129    -0.5771    -0.5772    -0.0000    -0.5798    -0.5799    -0.0000   2.806484   2.806397  -0.000092    34.3011    34.2999     7.3616    27.5698    27.5688    34.3014    27.5700    1446.98    1446.97    -0.5797  1028.0006    34.4676 0.0000e+00
      25262 312.970064  -62.31530  -58.54464     -0.591    1448.73     88.000     87.132    -0.5759    -0.5753     0.0006    -0.5786    -0.5779     0.0006   2.806496   2.806468  -0.000039    34.3006    34.2993     7.3741    27.5693    27.5682    34.3008    27.5695    1446.96    1446.97    -0.5785  1027.9953    34.4670 0.0000e+00
      25292 312.970079  -62.31530  -58.54464     -0.739    1448.73     87.000     86.146    -0.5777    -0.5760     0.0017    -0.5803    -0.5786     0.0017   2.806345   2.806366   0.000017    34.3012    34.2995     7.3817    27.5699    27.5684    34.3014    27.5700    1446.94    1446.95    -0.5803  1027.9913    34.4679 0.0000e+00
      25319 312.970092  -62.31530 -9.990e-29     -0.876    1448.73     86.000     85.156    -0.5795    -0.5776     0.0019    -0.5821    -0.5802     0.0019   2.806166   2.806223   0.000054    34.3017    34.3002     7.3706    27.5704    27.5691    34.3017    27.5703    1446.92    1446.92    -0.5821  1027.9875    34.4689 0.0000e+00
      25346 312.970104  -62.31531 -9.990e-29     -0.910    1448.73     85.000     84.166    -0.5827    -0.5805     0.0022    -0.5853    -0.5831     0.0022   2.805908   2.805972   0.000050    34.3027    34.3009     7.3680    27.5713    27.5698    34.3024    27.5711    1446.89    1446.89    -0.5852  1027.9834    34.4696 0.0000e+00
