Pos-Processados/process_op42/Processamento_split/up/uoperantar42_018.cnv
* Sea-Bird SBE 9 Data File:
* FileName = C:\Users\Hidrografia\Desktop\OPXLII\Brutos\OP42018.hdr
* Software Version Seasave V 7.26.7.107
* Temperature SN = 6502
* Conductivity SN = 4998
* Number of Bytes Per Scan = 37
* Number of Voltage Words = 4
* Number of Scans Averaged by the Deck Unit = 1
* NMEA Latitude = 62 13.46 S
* NMEA Longitude = 058 12.64 W
* NMEA UTC (Time) = Nov 07 2023 12:56:51
* NMEA baud rate = 4800
** H41
** NPOALTEMAXIMIANO
** NUMERO DA ESTACAO (XXX) 018
** LAT (XX XX.XX S/N) 62 13.46 S
** LONG (XXX XX.XX W/E) 058 12.12 W
** DATAHORA (dd/mm/aaaa hh:mm Z) 07/11/2023 1245Z
** PROFUNDIDADE (m) 523
** OPERADOR 1T ZAMITH
# nquan = 30
# nvalues = 359                         
# units = specified
# name 0 = scan: Scan Count
# name 1 = timeJ: Julian Days
# name 2 = latitude: Latitude [deg]
# name 3 = longitude: Longitude [deg]
# name 4 = dz/dtM: Descent Rate [m/s]
# name 5 = avgsvCM: Average Sound Velocity [Chen-Millero, m/s]
# name 6 = prDM: Pressure, Digiquartz [db]
# name 7 = depSM: Depth [salt water, m]
# name 8 = t090C: Temperature [ITS-90, deg C]
# name 9 = t190C: Temperature, 2 [ITS-90, deg C]
# name 10 = T2-T190C: Temperature Difference, 2 - 1 [ITS-90, deg C]
# name 11 = potemp090C: Potential Temperature [ITS-90, deg C]
# name 12 = potemp190C: Potential Temperature, 2 [ITS-90, deg C]
# name 13 = potemp90Cdiff: Potential Temperature, Diff, 2 - 1 [ITS-90, deg C]
# name 14 = c0S/m: Conductivity [S/m]
# name 15 = c1S/m: Conductivity, 2 [S/m]
# name 16 = C2-C1S/m: Conductivity Difference, 2 - 1 [S/m]
# name 17 = sal00: Salinity, Practical [PSU]
# name 18 = sal11: Salinity, Practical, 2 [PSU]
# name 19 = sbeox0ML/L: Oxygen, SBE 43 [ml/l]
# name 20 = sigma-é00: Density [sigma-theta, kg/m^3]
# name 21 = sigma-é11: Density, 2 [sigma-theta, kg/m^3]
# name 22 = sal00: Salinity, Practical [PSU]
# name 23 = sigma-é00: Density [sigma-theta, kg/m^3]
# name 24 = svCM: Sound Velocity [Chen-Millero, m/s]
# name 25 = svCM1: Sound Velocity, 2 [Chen-Millero, m/s]
# name 26 = gsw_ptA0: potential temperature [ITS-90, deg C]
# name 27 = gsw_densityA0: density, TEOS-10 [density, kg/m^3]
# name 28 = gsw_saA0: Absolute Salinity [g/kg]
# name 29 = flag:
# span 0 =      14289,      34318       
# span 1 = 311.546369, 311.556029       
# span 2 =  -62.22870,  -62.22643       
# span 3 =  -58.20867,  -58.20496       
# span 4 =     -1.069,     -0.146       
# span 5 =    1448.15,    1448.15       
# span 6 =      2.000,    360.000       
# span 7 =      2.030,    356.233       
# span 8 =    -0.7448,    -0.5463       
# span 9 =    -0.7440,    -0.5455       
# span 10 =    -0.0163,     0.0109      
# span 11 =    -0.7494,    -0.5465      
# span 12 =    -0.7486,    -0.5456      
# span 13 =    -0.0162,     0.0109      
# span 14 =   2.796872,   2.811593      
# span 15 =   2.796859,   2.811572      
# span 16 =  -0.001567,   0.001008      
# span 17 =    34.2994,    34.3589      
# span 18 =    34.2983,    34.3579      
# span 19 =     7.0328,     7.5340      
# span 20 =    27.5672,    27.6228      
# span 21 =    27.5663,    27.6219      
# span 22 =    34.2998,    34.3589      
# span 23 =    27.5676,    27.6228      
# span 24 =    1445.68,    1450.83      
# span 25 =    1445.68,    1450.83      
# span 26 =    -0.7492,    -0.5465      
# span 27 =  1027.5821,  1029.3466      
# span 28 =    34.4625,    34.5269      
# span 29 = 0.0000e+00, 0.0000e+00      
# interval = decibars: 1                
# start_time = Nov 07 2023 12:56:51 [NMEA time, header]
# bad_flag = -9.990e-29
*END*
[from data line 242]
      21610 311.549900  -62.22734 -9.990e-29     -0.926    1448.15    118.000    116.834    -0.6898    -0.6888     0.0010    -0.6933    -0.6923     0.0010   2.799598   2.799615   0.000018    34.3185    34.3175     7.3143    27.5887    27.5879    34.3183    27.5886    1446.94    1446.95    -0.6932  1028.1595    34.4862 0.0000e+00
      21643 311.549916  -62.22734 -9.990e-29     -0.757    1448.15    117.000    115.844    -0.6903    -0.6891     0.0012    -0.6938    -0.6925     0.0012   2.799491   2.799530   0.000035    34.3182    34.3173     7.3188    27.5886    27.5878    34.3180    27.5884    1446.92    1446.93    -0.6937  1028.1535    34.4847 0.0000e+00
      21676 311.549932 -9.990e-29 -9.990e-29     -0.705    1448.15    116.000    114.854    -0.6914    -0.6900     0.0015    -0.6949    -0.6934     0.0015   2.799305   2.799363   0.000051    34.3178    34.3168     7.3253    27.5882    27.5873    34.3174    27.5879    1446.90    1446.91    -0.6948  1028.1452    34.4803 0.0000e+00
      21704 311.549946 -9.990e-29 -9.990e-29     -0.822    1448.15    115.000    113.864    -0.6935    -0.6914     0.0020    -0.6969    -0.6948     0.0020   2.799059   2.799177   0.000123    34.3173    34.3166     7.3296    27.5879    27.5873    34.3170    27.5877    1446.88    1446.88    -0.6968  1028.1403    34.4800 0.0000e+00
      21733 311.549959 -9.990e-29 -9.990e-29     -0.862    1448.15    114.000    112.874    -0.6945    -0.6934     0.0012    -0.6979    -0.6968     0.0012   2.798933   2.798943   0.000010    34.3175    34.3163     7.3304    27.5881    27.5871    34.3172    27.5878    1446.85    1446.86    -0.6978  1028.1356    34.4801 0.0000e+00
      21763 311.549974  -62.22736  -58.20705     -0.797    1448.15    113.000    111.885    -0.6966    -0.6953     0.0013    -0.7000    -0.6987     0.0013   2.798714   2.798738   0.000030    34.3175    34.3164     7.3297    27.5882    27.5873    34.3172    27.5879    1446.83    1446.83    -0.6999  1028.1336    34.4833 0.0000e+00
      21794 311.549989  -62.22736  -58.20704     -0.771    1448.15    112.000    110.894    -0.6976    -0.6962     0.0015    -0.7009    -0.6995     0.0015   2.798500   2.798584   0.000075    34.3165    34.3158     7.3389    27.5874    27.5868    34.3160    27.5870    1446.81    1446.81    -0.7008  1028.1283    34.4826 0.0000e+00
      21822 311.550002  -62.22736  -58.20704     -0.830    1448.15    111.000    109.905    -0.6986    -0.6971     0.0015    -0.7019    -0.7004     0.0015   2.798326   2.798390   0.000066    34.3158    34.3149     7.3348    27.5869    27.5862    34.3154    27.5866    1446.78    1446.79    -0.7018  1028.1231    34.4821 0.0000e+00
      21848 311.550015  -62.22736  -58.20704     -0.912    1448.15    110.000    108.915    -0.6992    -0.6982     0.0010    -0.7025    -0.7015     0.0010   2.798193   2.798197   0.000012    34.3152    34.3142     7.3312    27.5864    27.5856    34.3149    27.5862    1446.76    1446.77    -0.7024  1028.1179    34.4815 0.0000e+00
      21873 311.550027  -62.22736  -58.20702     -0.943    1448.15    109.000    107.925    -0.6993    -0.6986     0.0008    -0.7025    -0.7018     0.0008   2.798115   2.798110  -0.000004    34.3149    34.3139     7.3345    27.5862    27.5854    34.3146    27.5860    1446.75    1446.75    -0.7025  1028.1129    34.4812 0.0000e+00
      21905 311.550042  -62.22737  -58.20702     -0.823    1448.15    108.000    106.935    -0.7007    -0.6986     0.0022    -0.7039    -0.7018     0.0022   2.797951   2.798054   0.000094    34.3149    34.3138     7.3333    27.5863    27.5853    34.3146    27.5860    1446.72    1446.73    -0.7038  1028.1081    34.4812 0.0000e+00
      21940 311.550059  -62.22738  -58.20702     -0.686    1448.15    107.000    105.945    -0.7027    -0.7004     0.0023    -0.7058    -0.7036     0.0023   2.797745   2.797860   0.000120    34.3150    34.3140     7.3363    27.5864    27.5855    34.3146    27.5861    1446.70    1446.71    -0.7058  1028.1034    34.4812 0.0000e+00
      21971 311.550074  -62.22738  -58.20702     -0.731    1448.15    106.000    104.955    -0.7041    -0.7023     0.0018    -0.7073    -0.7054     0.0018   2.797585   2.797643   0.000058    34.3151    34.3137     7.3591    27.5865    27.5854    34.3148    27.5863    1446.68    1446.68    -0.7072  1028.0988    34.4813 0.0000e+00
      21999 311.550088  -62.22738  -58.20700     -0.828    1448.15    105.000    103.965    -0.7044    -0.7031     0.0013    -0.7075    -0.7062     0.0013   2.797524   2.797530   0.000012    34.3151    34.3138     7.3626    27.5866    27.5855    34.3149    27.5864    1446.66    1446.66    -0.7074  1028.0942    34.4814 0.0000e+00
      22028 311.550102  -62.22738  -58.20700     -0.856    1448.15    104.000    102.976    -0.7041    -0.7035     0.0006    -0.7072    -0.7066     0.0006   2.797510   2.797456  -0.000048    34.3150    34.3138     7.3616    27.5865    27.5855    34.3150    27.5864    1446.64    1446.64    -0.7071  1028.0894    34.4815 0.0000e+00
      22061 311.550118  -62.22738  -58.20700     -0.753    1448.15    103.000    101.985    -0.7003    -0.7012    -0.0010    -0.7033    -0.7043    -0.0010   2.797764   2.797596  -0.000153    34.3143    34.3134     7.3555    27.5858    27.5851    34.3147    27.5860    1446.64    1446.64    -0.7032  1028.0842    34.4812 0.0000e+00
      22096 311.550135  -62.22740  -58.20698     -0.670    1448.15    102.000    100.996    -0.6943    -0.6960    -0.0018    -0.6973    -0.6990    -0.0018   2.798182   2.797945  -0.000242    34.3138    34.3125     7.3521    27.5851    27.5841    34.3141    27.5854    1446.66    1446.65    -0.6972  1028.0787    34.4807 0.0000e+00
      22124 311.550148  -62.22740  -58.20698     -0.801    1448.15    101.000    100.006    -0.6917    -0.6917     0.0000    -0.6947    -0.6947     0.0000   2.798288   2.798213  -0.000080    34.3130    34.3119     7.3550    27.5844    27.5835    34.3133    27.5846    1446.65    1446.65    -0.6946  1028.0731    34.4798 0.0000e+00
      22147 311.550159  -62.22740  -58.20698     -0.962    1448.15    100.000     99.016    -0.6910    -0.6906     0.0004    -0.6939    -0.6935     0.0004   2.798303   2.798250  -0.000052    34.3130    34.3118     7.3558    27.5843    27.5833    34.3133    27.5845    1446.64    1446.64    -0.6939  1028.0685    34.4801 0.0000e+00
      22171 311.550171  -62.22740 -9.990e-29     -1.024    1448.15     99.000     98.026    -0.6902    -0.6896     0.0006    -0.6932    -0.6925     0.0006   2.798313   2.798279  -0.000031    34.3130    34.3118     7.3648    27.5843    27.5833    34.3132    27.5844    1446.63    1446.63    -0.6931  1028.0642    34.4806 0.0000e+00
      22202 311.550186  -62.22740 -9.990e-29     -0.851    1448.15     98.000     97.036    -0.6877    -0.6902    -0.0025    -0.6906    -0.6931    -0.0025   2.798492   2.798204  -0.000249    34.3127    34.3121     7.3641    27.5839    27.5835    34.3133    27.5844    1446.62    1446.61    -0.6905  1028.0594    34.4808 0.0000e+00
      22245 311.550207  -62.22740  -58.20696     -0.548    1448.15     97.000     96.046    -0.6785    -0.6827    -0.0041    -0.6814    -0.6855    -0.0041   2.799101   2.798745  -0.000376    34.3111    34.3108     7.3646    27.5823    27.5821    34.3117    27.5828    1446.65    1446.63    -0.6813  1028.0514    34.4773 0.0000e+00
      22281 311.550224 -9.990e-29  -58.20696     -0.637    1448.15     96.000     95.056    -0.6781    -0.6758     0.0022    -0.6809    -0.6786     0.0022   2.799111   2.799204   0.000076    34.3116    34.3101     7.3692    27.5826    27.5813    34.3120    27.5829    1446.63    1446.64    -0.6809  1028.0437    34.4737 0.0000e+00
      22307 311.550237 -9.990e-29  -58.20694     -0.832    1448.15     95.000     94.066    -0.6746    -0.6768    -0.0022    -0.6774    -0.6796    -0.0022   2.799383   2.799113  -0.000258    34.3115    34.3105     7.3690    27.5824    27.5817    34.3124    27.5831    1446.63    1446.62    -0.6773  1028.0391    34.4742 0.0000e+00
      22334 311.550249 -9.990e-29  -58.20694     -0.919    1448.15     94.000     93.076    -0.6680    -0.6700    -0.0020    -0.6708    -0.6728    -0.0020   2.799808   2.799556  -0.000242    34.3103    34.3093     7.3727    27.5812    27.5805    34.3112    27.5819    1446.65    1446.64    -0.6707  1028.0331    34.4730 0.0000e+00
      22365 311.550264  -62.22742  -58.20693     -0.803    1448.15     93.000     92.086    -0.6638    -0.6688    -0.0050    -0.6665    -0.6716    -0.0050   2.800082   2.799592  -0.000484    34.3099    34.3091     7.3796    27.5807    27.5802    34.3108    27.5813    1446.65    1446.62    -0.6665  1028.0311    34.4767 0.0000e+00
      22398 311.550280  -62.22742  -58.20692     -0.730    1448.15     92.000     91.096    -0.6609    -0.6604     0.0005    -0.6637    -0.6631     0.0005   2.800264   2.800180  -0.000099    34.3099    34.3080     7.3789    27.5806    27.5790    34.3106    27.5811    1446.65    1446.65    -0.6636  1028.0264    34.4770 0.0000e+00
      22425 311.550293  -62.22744  -58.20692     -0.827    1448.15     91.000     90.106    -0.6596    -0.6593     0.0003    -0.6623    -0.6620     0.0003   2.800298   2.800229  -0.000079    34.3096    34.3082     7.3701    27.5802    27.5790    34.3102    27.5807    1446.64    1446.64    -0.6622  1028.0212    34.4765 0.0000e+00
      22450 311.550305  -62.22744  -58.20692     -0.937    1448.15     90.000     89.116    -0.6593    -0.6586     0.0006    -0.6619    -0.6613     0.0006   2.800269   2.800226  -0.000043    34.3095    34.3082     7.3740    27.5801    27.5791    34.3100    27.5805    1446.62    1446.62    -0.6619  1028.0166    34.4768 0.0000e+00
      22476 311.550318  -62.22744 -9.990e-29     -0.947    1448.15     89.000     88.127    -0.6590    -0.6586     0.0005    -0.6617    -0.6612     0.0005   2.800248   2.800190  -0.000058    34.3097    34.3084     7.3810    27.5803    27.5792    34.3101    27.5806    1446.60    1446.60    -0.6616  1028.0123    34.4774 0.0000e+00
      22511 311.550335  -62.22744 -9.990e-29     -0.737    1448.15     88.000     87.137    -0.6587    -0.6588     0.0000    -0.6614    -0.6614     0.0000   2.800218   2.800132  -0.000087    34.3096    34.3085     7.3855    27.5802    27.5792    34.3100    27.5805    1446.59    1446.59    -0.6613  1028.0074    34.4773 0.0000e+00
      22553 311.550355  -62.22744  -58.20690     -0.558    1448.15     87.000     86.146    -0.6585    -0.6579     0.0005    -0.6611    -0.6605     0.0005   2.800191   2.800133  -0.000061    34.3096    34.3082     7.3825    27.5802    27.5790    34.3099    27.5804    1446.58    1446.58    -0.6610  1028.0021    34.4766 0.0000e+00
      22586 311.550371  -62.22745  -58.20690     -0.690    1448.15     86.000     85.156    -0.6578    -0.6576     0.0002    -0.6603    -0.6601     0.0002   2.800166   2.800103  -0.000062    34.3092    34.3081     7.3897    27.5798    27.5789    34.3094    27.5800    1446.56    1446.56    -0.6603  1027.9965    34.4756 0.0000e+00
      22611 311.550383  -62.22746  -58.20688     -0.881    1448.15     85.000     84.166    -0.6579    -0.6571     0.0007    -0.6604    -0.6596     0.0007   2.800107   2.800075  -0.000040    34.3092    34.3079     7.3916    27.5798    27.5787    34.3094    27.5799    1446.54    1446.55    -0.6603  1027.9917    34.4756 0.0000e+00
      22636 311.550395  -62.22746  -58.20688     -0.969    1448.15     84.000     83.176    -0.6576    -0.6567     0.0008    -0.6601    -0.6592     0.0008   2.800094   2.800055  -0.000041    34.3093    34.3078     7.3889    27.5799    27.5786    34.3095    27.5800    1446.53    1446.53    -0.6600  1027.9870    34.4756 0.0000e+00
      22665 311.550409  -62.22746  -58.20688     -0.876    1448.15     83.000     82.187    -0.6573    -0.6570     0.0003    -0.6597    -0.6595     0.0003   2.800064   2.799991  -0.000074    34.3092    34.3079     7.3932    27.5798    27.5787    34.3093    27.5799    1446.52    1446.51    -0.6597  1027.9788    34.4715 0.0000e+00
      22699 311.550425 -9.990e-29  -58.20686     -0.721    1448.15     82.000     81.197    -0.6579    -0.6568     0.0010    -0.6603    -0.6593     0.0010   2.799949   2.799941  -0.000008    34.3090    34.3077     7.3898    27.5796    27.5786    34.3091    27.5797    1446.50    1446.50    -0.6603  1027.9736    34.4709 0.0000e+00
      22731 311.550441 -9.990e-29  -58.20686     -0.717    1448.15     81.000     80.207    -0.6577    -0.6567     0.0009    -0.6600    -0.6591     0.0009   2.799926   2.799893  -0.000040    34.3091    34.3075     7.3860    27.5797    27.5784    34.3091    27.5798    1446.48    1446.48    -0.6600  1027.9688    34.4709 0.0000e+00
      22761 311.550455  -62.22748  -58.20686     -0.797    1448.15     80.000     79.217    -0.6559    -0.6557     0.0002    -0.6583    -0.6581     0.0002   2.800012   2.799927  -0.000074    34.3086    34.3074     7.3853    27.5792    27.5782    34.3090    27.5796    1446.47    1446.47    -0.6582  1027.9667    34.4743 0.0000e+00
      22790 311.550469  -62.22748  -58.20684     -0.830    1448.15     79.000     78.226    -0.6535    -0.6535    -0.0000    -0.6559    -0.6559    -0.0000   2.800147   2.800047  -0.000100    34.3084    34.3071     7.3782    27.5789    27.5779    34.3087    27.5792    1446.47    1446.46    -0.6558  1027.9622    34.4748 0.0000e+00
      22823 311.550485  -62.22748  -58.20684     -0.757    1448.15     78.000     77.237    -0.6518    -0.6509     0.0009    -0.6541    -0.6532     0.0009   2.800233   2.800193  -0.000044    34.3083    34.3067     7.3772    27.5788    27.5775    34.3085    27.5790    1446.46    1446.46    -0.6541  1027.9572    34.4746 0.0000e+00
      22856 311.550501  -62.22748  -58.20684     -0.716    1448.15     77.000     76.246    -0.6506    -0.6497     0.0009    -0.6529    -0.6520     0.0009   2.800279   2.800247  -0.000028    34.3081    34.3067     7.3873    27.5786    27.5774    34.3084    27.5788    1446.45    1446.45    -0.6528  1027.9528    34.4751 0.0000e+00
      22887 311.550516  -62.22748 -9.990e-29     -0.750    1448.15     76.000     75.257    -0.6496    -0.6490     0.0005    -0.6518    -0.6513     0.0005   2.800339   2.800265  -0.000069    34.3083    34.3068     7.3818    27.5787    27.5775    34.3087    27.5790    1446.44    1446.44    -0.6518  1027.9485    34.4758 0.0000e+00
      22915 311.550529  -62.22748 -9.990e-29     -0.834    1448.15     75.000     74.266    -0.6459    -0.6464    -0.0006    -0.6481    -0.6486    -0.0006   2.800576   2.800422  -0.000147    34.3078    34.3065     7.3878    27.5781    27.5771    34.3083    27.5785    1446.44    1446.43    -0.6481  1027.9432    34.4754 0.0000e+00
      22943 311.550543  -62.22749  -58.20682     -0.868    1448.15     74.000     73.276    -0.6419    -0.6432    -0.0013    -0.6441    -0.6454    -0.0013   2.800804   2.800614  -0.000189    34.3069    34.3059     7.3850    27.5773    27.5765    34.3075    27.5777    1446.44    1446.43    -0.6440  1027.9373    34.4743 0.0000e+00
      22975 311.550559  -62.22750  -58.20680     -0.776    1448.15     73.000     72.286    -0.6385    -0.6395    -0.0010    -0.6407    -0.6417    -0.0010   2.800999   2.800829  -0.000169    34.3063    34.3052     7.3921    27.5766    27.5758    34.3069    27.5771    1446.44    1446.43    -0.6406  1027.9313    34.4729 0.0000e+00
      23013 311.550577  -62.22750  -58.20680     -0.648    1448.15     72.000     71.296    -0.6363    -0.6358     0.0006    -0.6385    -0.6380     0.0006   2.801097   2.801033  -0.000068    34.3059    34.3044     7.3932    27.5762    27.5749    34.3064    27.5766    1446.43    1446.43    -0.6384  1027.9260    34.4724 0.0000e+00
      23051 311.550595  -62.22750  -58.20680     -0.628    1448.15     71.000     70.306    -0.6348    -0.6341     0.0008    -0.6369    -0.6362     0.0008   2.801154   2.801109  -0.000046    34.3056    34.3041     7.4003    27.5759    27.5747    34.3060    27.5762    1446.42    1446.42    -0.6369  1027.9208    34.4720 0.0000e+00
